#taxonomy	k__Bacteria;p__Bacteroidetes;c__Bacteroidia;o__Bacteroidales;f__Bacteroidaceae;g__Bacteroides;s__Bacteroides_vulgatus	k__Bacteria;p__Bacteroidetes;c__Bacteroidia;o__Bacteroidales;f__Bacteroidaceae;g__Bacteroides;s__Bacteroides_uniformis	k__Bacteria;p__Bacteroidetes;c__Bacteroidia;o__Bacteroidales;f__Rikenellaceae;g__Alistipes;s__Alistipes_putredinis	k__Bacteria;p__Bacteroidetes;c__Bacteroidia;o__Bacteroidales;f__Prevotellaceae;g__Prevotella;s__Prevotella_copri	k__Bacteria;p__Bacteroidetes;c__Bacteroidia;o__Bacteroidales;f__Bacteroidaceae;g__Bacteroides;s__Bacteroides_stercoris	k__Bacteria;p__Bacteroidetes;c__Bacteroidia;o__Bacteroidales;f__Bacteroidaceae;g__Bacteroides;s__Bacteroides_ovatus	k__Bacteria;p__Bacteroidetes;c__Bacteroidia;o__Bacteroidales;f__Rikenellaceae;g__Alistipes;s__Alistipes_shahii	k__Bacteria;p__Firmicutes;c__Clostridia;o__Clostridiales;f__Ruminococcaceae;g__Faecalibacterium;s__Faecalibacterium_prausnitzii	k__Bacteria;p__Bacteroidetes;c__Bacteroidia;o__Bacteroidales;f__Rikenellaceae;g__Alistipes;s__Alistipes_finegoldii	k__Bacteria;p__Bacteroidetes;c__Bacteroidia;o__Bacteroidales;f__Porphyromonadaceae;g__Parabacteroides;s__Parabacteroides_distasonis	k__Bacteria;p__Bacteroidetes;c__Bacteroidia;o__Bacteroidales;f__Bacteroidaceae;g__Bacteroides;s__Bacteroides_thetaiotaomicron	k__Bacteria;p__Bacteroidetes;c__Bacteroidia;o__Bacteroidales;f__Bacteroidaceae;g__Bacteroides;s__Bacteroides_coprocola	k__Bacteria;p__Bacteroidetes;c__Bacteroidia;o__Bacteroidales;f__Bacteroidaceae;g__Bacteroides;s__Bacteroides_cellulosilyticus	k__Bacteria;p__Bacteroidetes;c__Bacteroidia;o__Bacteroidales;f__Rikenellaceae;g__Alistipes;s__Alistipes_obesi	k__Bacteria;p__Firmicutes;c__Clostridia;o__Clostridiales;f__Lachnospiraceae;g__;s__[Eubacterium]_rectale	k__Bacteria;p__Bacteroidetes;c__Bacteroidia;o__Bacteroidales;f__Bacteroidaceae;g__Bacteroides;s__Bacteroides_plebeius	k__Bacteria;p__Bacteroidetes;c__Bacteroidia;o__Bacteroidales;f__Bacteroidaceae;g__Bacteroides;s__Bacteroides_fragilis	k__Bacteria;p__Proteobacteria;c__Betaproteobacteria;o__Burkholderiales;f__Sutterellaceae;g__Sutterella;s__Sutterella_wadsworthensis	k__Bacteria;p__Bacteroidetes;c__Bacteroidia;o__Bacteroidales;f__Porphyromonadaceae;g__Barnesiella;s__Barnesiella_intestinihominis	k__Bacteria;p__Bacteroidetes;c__Bacteroidia;o__Bacteroidales;f__Odoribacteraceae;g__Odoribacter;s__Odoribacter_splanchnicus	k__Bacteria;p__Bacteroidetes;c__Bacteroidia;o__Bacteroidales;f__Bacteroidaceae;g__Bacteroides;s__Bacteroides_salyersiae	k__Bacteria;p__Firmicutes;c__Clostridia;o__Clostridiales;f__Ruminococcaceae;g__Ruminiclostridium;s__[Eubacterium]_siraeum	k__Bacteria;p__Proteobacteria;c__Betaproteobacteria;o__Burkholderiales;f__Sutterellaceae;g__Parasutterella;s__Parasutterella_excrementihominis	k__Bacteria;p__Actinobacteria;c__Actinobacteria;o__Bifidobacteriales;f__Bifidobacteriaceae;g__Bifidobacterium;s__Bifidobacterium_adolescentis	k__Bacteria;p__Firmicutes;c__Clostridia;o__Clostridiales;f__Oscillospiraceae;g__Oscillibacter;s__Oscillibacter_sp._KLE_1745	k__Bacteria;p__Bacteroidetes;c__Bacteroidia;o__Bacteroidales;f__Bacteroidaceae;g__Bacteroides;s__Bacteroides_coprophilus	k__Bacteria;p__Firmicutes;c__Clostridia;o__Clostridiales;f__Lachnospiraceae;g__Roseburia;s__Roseburia_intestinalis	k__Bacteria;p__Firmicutes;c__Clostridia;o__Clostridiales;f__Lachnospiraceae;g__Roseburia;s__Roseburia_hominis	k__Bacteria;p__Bacteroidetes;c__Bacteroidia;o__Bacteroidales;f__Porphyromonadaceae;g__Parabacteroides;s__Parabacteroides_johnsonii	k__Bacteria;p__Actinobacteria;c__Actinobacteria;o__Bifidobacteriales;f__Bifidobacteriaceae;g__Bifidobacterium;s__Bifidobacterium_longum	k__Bacteria;p__Firmicutes;c__Clostridia;o__Clostridiales;f__;g__Flavonifractor;s__Flavonifractor_plautii	k__Bacteria;p__Firmicutes;c__Clostridia;o__Clostridiales;f__Clostridiaceae;g__Clostridium;s__Clostridium_phoceensis	k__Bacteria;p__Verrucomicrobia;c__Verrucomicrobiae;o__Verrucomicrobiales;f__Akkermansiaceae;g__Akkermansia;s__Akkermansia_muciniphila	k__Bacteria;p__Bacteroidetes;c__Bacteroidia;o__Bacteroidales;f__Prevotellaceae;g__Paraprevotella;s__Paraprevotella_xylaniphila	k__Bacteria;p__Firmicutes;c__Clostridia;o__Clostridiales;f__Ruminococcaceae;g__Ruminococcus;s__Ruminococcus_callidus	k__Bacteria;p__Bacteroidetes;c__Bacteroidia;o__Bacteroidales;f__Rikenellaceae;g__Alistipes;s__Alistipes_senegalensis	k__Bacteria;p__Firmicutes;c__Clostridia;o__Clostridiales;f__Lachnospiraceae;g__Blautia;s__Blautia_sp._KLE_1732	k__Bacteria;p__Bacteroidetes;c__Bacteroidia;o__Bacteroidales;f__Bacteroidaceae;g__Bacteroides;s__Bacteroides_oleiciplenus	k__Bacteria;p__Firmicutes;c__Clostridia;o__Clostridiales;f__Ruminococcaceae;g__Ruminococcus;s__Ruminococcus_bicirculans	k__Bacteria;p__Bacteroidetes;c__Bacteroidia;o__Bacteroidales;f__Bacteroidaceae;g__Bacteroides;s__Bacteroides_fluxus	k__Bacteria;p__Bacteroidetes;c__Bacteroidia;o__Bacteroidales;f__Prevotellaceae;g__Prevotella;s__Prevotella_stercorea	k__Bacteria;p__Firmicutes;c__Clostridia;o__Clostridiales;f__Lachnospiraceae;g__Dorea;s__Dorea_longicatena	k__Bacteria;p__Firmicutes;c__Clostridia;o__Clostridiales;f__Eubacteriaceae;g__Eubacterium;s__[Eubacterium]_eligens	k__Bacteria;p__Firmicutes;c__Clostridia;o__Clostridiales;f__Ruminococcaceae;g__;s__Ruminococcaceae_bacterium_D16	k__Bacteria;p__Firmicutes;c__Clostridia;o__Clostridiales;f__Lachnospiraceae;g__Coprococcus;s__Coprococcus_comes	k__Bacteria;p__Proteobacteria;c__Gammaproteobacteria;o__Enterobacterales;f__Enterobacteriaceae;g__Escherichia;s__Escherichia_coli	k__Bacteria;p__Firmicutes;c__Clostridia;o__Clostridiales;f__Ruminococcaceae;g__Anaerotruncus;s__Anaerotruncus_colihominis	k__Bacteria;p__Firmicutes;c__Clostridia;o__Clostridiales;f__Lachnospiraceae;g__Blautia;s__Blautia_obeum	k__Bacteria;p__Bacteroidetes;c__Bacteroidia;o__Bacteroidales;f__Odoribacteraceae;g__Odoribacter;s__Odoribacter_laneus	k__Bacteria;p__Firmicutes;c__Clostridia;o__Clostridiales;f__Ruminococcaceae;g__Ruminiclostridium;s__[Clostridium]_leptum	k__Bacteria;p__Bacteroidetes;c__Bacteroidia;o__Bacteroidales;f__Porphyromonadaceae;g__Parabacteroides;s__Parabacteroides_goldsteinii	k__Bacteria;p__Firmicutes;c__Clostridia;o__Clostridiales;f__Lachnospiraceae;g__Anaerostipes;s__Anaerostipes_hadrus	k__Bacteria;p__Firmicutes;c__Clostridia;o__Clostridiales;f__Ruminococcaceae;g__Ruminococcus;s__Ruminococcus_lactaris	k__Bacteria;p__Firmicutes;c__Clostridia;o__Clostridiales;f__Clostridiaceae;g__Clostridium;s__Clostridium_sp._L2-50	k__Bacteria;p__Firmicutes;c__Clostridia;o__Clostridiales;f__Clostridiaceae;g__Clostridium;s__Clostridium_sp._M62/1	k__Bacteria;p__Firmicutes;c__Clostridia;o__Clostridiales;f__;g__Intestinimonas;s__Intestinimonas_butyriciproducens	k__Bacteria;p__Actinobacteria;c__Actinobacteria;o__Bifidobacteriales;f__Bifidobacteriaceae;g__Bifidobacterium;s__Bifidobacterium_bifidum	k__Bacteria;p__Firmicutes;c__Negativicutes;o__Veillonellales;f__Veillonellaceae;g__Dialister;s__Dialister_invisus	k__Bacteria;p__Bacteroidetes;c__Bacteroidia;o__Bacteroidales;f__Bacteroidaceae;g__Bacteroides;s__Bacteroides_salanitronis
k__Bacteria;p__Bacteroidetes;c__Bacteroidia;o__Bacteroidales;f__Bacteroidaceae;g__Bacteroides;s__Bacteroides_vulgatus	1.0	0.0476991576705	-0.0169398529129	0.00174904956302	-0.0128548216975	0.0827534808194	-0.0497566951331	-0.0434614275861	-0.00026335512423	-0.00262662529099	0.0100345672312	0.0149975004299	-0.0549642654955	-0.00775708198577	-0.0185963267246	0.0171626312436	0.0372906825543	-0.0117803407642	0.00399789753034	0.00327705730347	0.0136619453845	-0.0457800914132	-0.0465828978239	0.0349770543158	0.0363397507341	-0.0465867858482	-0.049191521449	-0.0295268428355	0.00472899179456	0.0382686812525	0.00540299200117	-0.0192760086631	0.0620310963857	-0.01343639988	0.000745454232289	-0.025914355394	-0.0400811317379	0.00249167784046	-0.0270544414862	-0.00639927559053	-0.0420306659543	-0.0545152433884	0.00753620634183	-0.000677406040402	-0.0172360586218	0.0390190160712	-0.00676718348934	0.0147222351085	-0.0149130927801	0.0110118117898	-0.00214587654821	0.000361362005801	-0.0361010863319	0.022057619653	0.0210328650065	-0.0152886944603	-0.0144103365064	-0.00967631716391	-0.00637371295601
k__Bacteria;p__Bacteroidetes;c__Bacteroidia;o__Bacteroidales;f__Bacteroidaceae;g__Bacteroides;s__Bacteroides_uniformis	0.0476991576705	1.0	-0.0341720457606	0.00434439190204	0.0446215622459	0.00132824567781	-0.0617858446753	-0.00117991417577	-0.0185562086585	-0.0319696222404	-0.0160045490145	0.0308703567926	0.0391975635187	0.0266610833036	-0.0569945308578	0.00394669155686	0.0445166458475	0.0341525307069	0.0170823725749	0.00316376137535	-0.0170448124714	-0.00262456990106	-0.0245883325389	-0.0279102492763	-0.0330097582426	0.0152497494808	-0.0055006407607	0.0157176855578	0.0119926699808	-0.0102494685452	-0.0571385363791	0.0122314608103	-0.0356269360062	-0.014025547396	0.0224938472797	-0.0820037592473	-0.0403292707936	0.0461887662789	0.0266680580716	0.00487441916571	0.0403224170187	-0.0561626333182	0.00941530384868	-0.0195344342794	-0.00145399042674	-0.0166106003711	-0.0387381830454	-0.0286399799424	-0.0112642187945	-0.00627045308996	-0.0380071801833	-0.0289957541072	0.00936492765194	-0.0243281566746	0.0413802169282	-0.028189023068	0.0223516486414	-0.0205301328716	-0.0241709115292
k__Bacteria;p__Bacteroidetes;c__Bacteroidia;o__Bacteroidales;f__Rikenellaceae;g__Alistipes;s__Alistipes_putredinis	-0.0169398529129	-0.0341720457606	1.0	-0.00268571933986	0.0246471904179	0.00639646786019	-0.0567712442233	-0.0164280737609	-0.00276311895238	-0.0367383457702	0.0639987760013	0.021351814202	-0.0131662468681	-0.0415913701031	0.00405093204081	0.0176868453722	0.0364498481287	-0.044731210112	-0.0498733638945	0.0030995073997	0.00984662430574	0.0355533909485	0.019205022412	0.0139152346024	0.0223310074676	0.0187313380743	-0.0280349075667	-0.00677499174924	0.00971858488267	-0.0287323594145	0.0303006235013	-0.0286558857113	-0.0302281023866	-0.0434426379305	-0.0291354593474	-0.0295816016114	-0.0322972986982	-0.0589874115812	-0.0485681277064	-0.00103904374937	-0.0168685910463	-0.04075052925	-0.0236402863171	-0.018909238241	0.0152473280255	-0.0273371347372	0.0230013352258	0.0250411753055	0.0581682256444	-0.00405906081824	0.0498509870233	-0.0166570232369	0.018828259984	0.0313069198551	0.025844402775	0.00455112499248	-0.0367502030174	0.0111300589136	-0.0455916927758
k__Bacteria;p__Bacteroidetes;c__Bacteroidia;o__Bacteroidales;f__Prevotellaceae;g__Prevotella;s__Prevotella_copri	0.00174904956302	0.00434439190204	-0.00268571933986	1.0	-0.0116575468178	-0.0299505950226	-0.0248020344978	-0.0210894784892	-0.0162822752936	-0.0274918666074	-0.0181328771883	-0.0231933195823	0.0363893078336	-0.0687932494056	0.00822160884313	-0.00851329078357	0.0170564938252	-0.0274371016392	-0.00157670996733	-0.0480199315456	-0.00332808156941	0.0212906193964	-0.0353687254727	-0.0141061615566	0.0382843971926	0.0204251827569	-0.0239739571355	-0.0175908424472	-0.012535910173	-0.0674064410798	-0.0477071740643	-0.00973629127953	-0.0200328332281	-0.0232000686245	-0.0047629698606	0.00856357071947	-0.0193869067984	-0.0264009504832	-0.0175927736975	-0.0336013007571	0.0121623751737	0.0030448249614	-0.00755747310998	-0.0334679179727	-0.0311932284719	0.0280170275071	0.0437040744771	-0.00591643678586	0.0246223519071	-0.0147358871313	0.0315504892862	-0.0189366781813	0.0879316100486	-0.00251299942158	-0.0332009678555	-0.0562138139002	-0.0495465438773	-0.0544018094599	0.0379778241216
k__Bacteria;p__Bacteroidetes;c__Bacteroidia;o__Bacteroidales;f__Bacteroidaceae;g__Bacteroides;s__Bacteroides_stercoris	-0.0128548216975	0.0446215622459	0.0246471904179	-0.0116575468178	1.0	-0.0254640701084	0.0462509892272	-0.015366826599	0.0326936549613	0.0307408995547	-0.0301552425705	-0.0129116101833	-0.011930691781	-0.0498991464758	-0.00334859536362	0.0141721949385	0.00883223945335	-0.0805751569715	-0.00713489384414	-0.0149384289779	-0.00527111308991	0.00315833815415	0.0166982453426	-0.0255099362955	-0.0379857270199	-0.00450102977594	-0.0233371376053	-0.00286922924319	-0.0242210605617	-0.0128546719638	0.0100526078925	-0.0739913234578	-0.0176157177387	0.0532213653976	0.0107025745267	0.0271343478717	-0.00278017491934	-0.0160241371371	1.52078981703e-05	-0.00432057846485	0.0183119138607	-0.0269055204929	0.0171956395301	0.0362433073171	0.00831346182472	-0.00495074094149	-0.0312245325017	0.0121249316403	-0.0313426567695	-0.0148972706456	-0.0479646714679	0.0608624248035	-0.0231444848381	-0.0767888607853	-0.0481535229835	0.0173873556106	-0.0492988124879	-0.034410764208	-0.0475574990599
k__Bacteria;p__Bacteroidetes;c__Bacteroidia;o__Bacteroidales;f__Bacteroidaceae;g__Bacteroides;s__Bacteroides_ovatus	0.0827534808194	0.00132824567781	0.00639646786019	-0.0299505950226	-0.0254640701084	1.0	-0.00863201406049	-0.00308208867025	0.00504990335059	0.0100230024013	-0.00393064860938	-0.0266498032994	-0.0757663865303	-0.0730369511227	-0.00420893736623	-0.0489872752609	0.0109990903976	-0.0123909270986	-0.0167564256987	-0.0258301472306	-0.0478955978734	-0.00884252625943	-0.00218169314211	0.0142926580306	0.0358790140363	-0.0595564091856	-0.0180813466702	-0.016082183247	-0.020531041544	0.0592245155202	0.0101345270348	-0.0158174157069	-0.0163100845819	-0.00143912559838	-0.0112032248416	-0.0171651389801	-0.0294977115072	-0.036190871815	-0.0115082333896	0.0441081842753	0.0429432529727	-0.0446437303471	0.0197288073017	-0.0393089773374	-0.056674176138	0.0106229182782	-0.00778399792351	-0.0647007446118	-0.00674744414687	0.0223580554202	0.0169913301748	-0.0140139576767	0.0278604261025	0.0256659381478	0.038036889479	0.00965214306571	-0.0829735209093	0.064785717351	0.0468163059504
k__Bacteria;p__Bacteroidetes;c__Bacteroidia;o__Bacteroidales;f__Rikenellaceae;g__Alistipes;s__Alistipes_shahii	-0.0497566951331	-0.0617858446753	-0.0567712442233	-0.0248020344978	0.0462509892272	-0.00863201406049	1.0	0.0087947235768	-0.0237077592906	0.0412976687333	-0.0128073870682	0.00739523476013	-0.01535707233	-0.0302285654592	0.0222935241529	-0.0641182473874	0.00862726261841	-0.00160433486347	-0.0320007621795	-0.0435742798039	0.0560639879786	-0.049890187582	0.0396533984912	-0.0794197812878	-0.0887751497935	-0.0016174122005	0.0706264759773	-0.0392625444385	0.0225765057471	-0.0472775775267	-0.0439890941804	-0.0317986474057	0.0199216928107	0.0208923797127	0.0241398858853	0.0560930851705	-0.0286472839755	0.0115375364519	0.0383986800482	-0.0597955205911	-0.00556111761099	0.0262211125442	0.0603488915445	0.00895096174072	-0.0365061364835	-0.0109497663345	0.013614157077	0.037961023509	-0.0386289563694	-0.0320379428981	-0.010046958108	0.00211941485293	-0.00183221866321	-0.00331830423319	0.0105460278132	0.0244705694287	0.103745268747	0.00435227479932	-0.0239640870666
k__Bacteria;p__Firmicutes;c__Clostridia;o__Clostridiales;f__Ruminococcaceae;g__Faecalibacterium;s__Faecalibacterium_prausnitzii	-0.0434614275861	-0.00117991417577	-0.0164280737609	-0.0210894784892	-0.015366826599	-0.00308208867025	0.0087947235768	1.0	-0.0389668483128	-0.0378139202741	0.0125485362336	-0.00214748841018	-0.00859914895675	-0.0213596643775	0.00687778022663	0.00790570590414	0.00735225621167	-0.0239071117475	0.0104654893241	-0.0273630060199	0.0283603782843	0.0474954261428	0.0310176364063	0.0147361234201	-0.0413984892507	0.0250919958311	-0.0392745931309	-0.00718384961261	0.037549168628	-0.0154647717489	-0.026064429568	-0.0368620896585	-0.0257834001871	-0.00024234832438	-0.0183386040488	0.00431664646354	-0.0186295309274	-0.00178711824021	0.0212034123307	0.0451838727574	-0.0387699548145	0.00662135073824	-0.00167128196023	-0.00359415413037	-0.0217072909392	0.0362947902443	0.0301251475809	0.0350116758248	-0.0701642344929	-0.00384856982393	-0.0266750649829	-0.032045567371	-0.00112082840037	0.0434947884699	-0.0169447214213	0.029111991653	-0.0311125326943	0.00705571891905	-0.0161259348905
k__Bacteria;p__Bacteroidetes;c__Bacteroidia;o__Bacteroidales;f__Rikenellaceae;g__Alistipes;s__Alistipes_finegoldii	-0.00026335512423	-0.0185562086585	-0.00276311895238	-0.0162822752936	0.0326936549613	0.00504990335059	-0.0237077592906	-0.0389668483128	1.0	0.00582339734688	-0.0227102855363	0.0458296597084	0.00262959796634	-0.0186346463819	-0.0179849544596	0.015454563798	0.0579582222329	0.016845366476	-0.0417318564797	-0.0556278199475	-0.0460547081524	0.0173222493399	-0.00232699156731	-0.0523610821278	-0.0111383715733	-0.0237668412075	0.0261957229485	-0.0233712371672	-0.023418576959	-0.0538763622827	-0.0207543164934	0.0681176118894	0.00990130955986	-0.0558066996762	0.0671264559214	0.000872949696665	-0.0206044055593	-0.0340816382397	-0.0226009865313	-0.0340026713938	0.0325180102495	-0.0108309028682	-0.0258173768523	0.0277365278688	0.00849359977658	-0.00575922372901	-0.0455299578626	0.0454999322825	-0.0614338572206	-0.0121342067262	0.0067256301998	0.034076834678	0.0239312304717	-0.00584279519922	-0.0167121089583	-0.00928951370996	-0.00583741368644	0.00126791912412	-0.0389897025513
k__Bacteria;p__Bacteroidetes;c__Bacteroidia;o__Bacteroidales;f__Porphyromonadaceae;g__Parabacteroides;s__Parabacteroides_distasonis	-0.00262662529099	-0.0319696222404	-0.0367383457702	-0.0274918666074	0.0307408995547	0.0100230024013	0.0412976687333	-0.0378139202741	0.00582339734688	1.0	0.0447579054708	-0.0357721150498	-0.00985300079742	0.0122867351239	0.0567573672374	-0.0663076546716	-0.0716204156759	0.0587736869865	-0.0324013371071	0.000652975212203	0.0214558206947	-0.0382754479859	0.00110723269312	-0.05121334913	-0.0159769813243	-0.0705650277212	-0.0240592878076	-0.0334093177838	-0.0249934603951	-0.014497571961	-0.0202210894123	0.0258230637532	0.0125463311465	-0.0403838543818	0.00923096439118	0.019150584653	0.0682365402608	0.0144974713842	0.0456062932499	0.00389825765062	-0.00865412554089	0.0276223855578	-0.0188559616026	-0.00297584678028	0.028798180295	-0.0257513329886	0.00288952841451	-0.0110508546123	-0.0377676912366	0.0273953043006	-0.0382172503387	0.0212859433919	0.046080613309	-0.0674983538363	-0.0476584738689	0.00564994662856	0.011718956406	-0.077349083418	-0.0215067988148
k__Bacteria;p__Bacteroidetes;c__Bacteroidia;o__Bacteroidales;f__Bacteroidaceae;g__Bacteroides;s__Bacteroides_thetaiotaomicron	0.0100345672312	-0.0160045490145	0.0639987760013	-0.0181328771883	-0.0301552425705	-0.00393064860938	-0.0128073870682	0.0125485362336	-0.0227102855363	0.0447579054708	1.0	-0.0694910560615	0.0579118733065	-0.00495895775763	0.0605954632908	-0.0574807229833	-0.00292618343351	0.0111377340903	0.00544715403956	0.0082655444451	-0.0176183886981	0.03138258692	-0.0156391911134	-0.0175989174972	-0.000844977697988	-0.0450865756146	0.0162220430946	0.00145256665147	-0.0106817931568	0.0284382726631	0.0191361979644	-0.00269630230588	-0.0587067178235	-0.0718680332116	-0.00230270907143	-0.0472627083396	-0.014584097773	0.0594172854001	0.0259796857141	0.0210563220182	-0.0410008544139	0.0123966493133	-0.000221275280009	-0.0627993217451	0.0219103096345	-0.0100042511299	-0.012723262197	-0.0246138464988	0.00695994298567	-0.0296486572629	0.0519406602727	-0.0130484928356	-0.0143831733492	-0.00137814846372	-0.0271033800288	-0.00035812281179	-0.0210178739856	-0.0448408415211	0.0214061475128
k__Bacteria;p__Bacteroidetes;c__Bacteroidia;o__Bacteroidales;f__Bacteroidaceae;g__Bacteroides;s__Bacteroides_coprocola	0.0149975004299	0.0308703567926	0.021351814202	-0.0231933195823	-0.0129116101833	-0.0266498032994	0.00739523476013	-0.00214748841018	0.0458296597084	-0.0357721150498	-0.0694910560615	1.0	-0.0282896275376	0.00799126851873	-0.0523895065423	0.0010927330088	0.000305494320673	-0.0187082849276	0.0118766647596	0.00416348457727	0.00227123385523	-0.0130314315	0.0247567977726	0.0156664770909	0.00903503096211	0.0302983165653	0.0603472492136	0.0133804318161	-0.0165749185327	-0.0511079473608	-0.00226144290085	0.00594445841434	0.0204714583943	-0.0701470325949	0.0183633880251	-0.0521504207554	0.0264908246506	0.0228119593843	0.0266983846416	0.0162761081121	-0.0391673485767	-0.00580261896153	0.0257919059606	-0.0687997592321	-0.0537789020235	-0.00233597813368	-0.016636830811	0.0103872112635	0.0108967230013	0.000665339656987	-0.0504731572286	0.0230885638515	-0.00225663874546	0.0279474804838	0.00634938495104	-0.0249592918891	-0.00417556453305	0.0360635486404	-0.0217693916593
k__Bacteria;p__Bacteroidetes;c__Bacteroidia;o__Bacteroidales;f__Bacteroidaceae;g__Bacteroides;s__Bacteroides_cellulosilyticus	-0.0549642654955	0.0391975635187	-0.0131662468681	0.0363893078336	-0.011930691781	-0.0757663865303	-0.01535707233	-0.00859914895675	0.00262959796634	-0.00985300079742	0.0579118733065	-0.0282896275376	1.0	0.0453753482405	0.0549922184341	-0.0376522906386	-0.0354760441798	-0.0183523690664	0.0216010066322	0.0019424374346	-0.010636899179	0.00343510127198	-0.0414645600074	-0.0528056632285	0.00755810481747	-0.0363327083953	-0.0590050481792	-0.00380336445539	-0.00745167478244	-0.0149941732857	0.0445437215058	-0.0446720932456	0.0213891481448	0.0315528973314	0.000169249348929	-0.0398516083787	-0.0030991629262	-0.01539971947	-0.0291200705768	0.00802102141952	0.0195501072319	-0.0108148035549	0.0490598034488	0.0196296160836	-0.0457093297815	0.0493177852051	-0.0195450717955	-0.018833900612	-0.00484088483446	-0.018448744695	-0.0296382677403	-0.0668888679272	0.0281060571229	-0.000600157865305	0.0249652019507	-0.0297142465662	0.0427446538743	-0.0156720390853	-0.0293477298418
k__Bacteria;p__Bacteroidetes;c__Bacteroidia;o__Bacteroidales;f__Rikenellaceae;g__Alistipes;s__Alistipes_obesi	-0.00775708198577	0.0266610833036	-0.0415913701031	-0.0687932494056	-0.0498991464758	-0.0730369511227	-0.0302285654592	-0.0213596643775	-0.0186346463819	0.0122867351239	-0.00495895775763	0.00799126851873	0.0453753482405	1.0	-0.0498663317842	-0.0102552900367	-0.0128602361518	0.00693011689051	0.0301836965956	-0.0392929162064	-0.0685015467351	0.00734525622668	-0.066149526855	-0.013360339046	0.00454414684666	-0.0451227329543	0.0146933710263	0.0286674157616	0.0189444986507	0.037374560123	-0.0480095702987	-0.0384682779209	-0.0435152142705	-0.0225285442935	-0.0185861478405	-0.0562898359689	0.0443977594458	0.0202709590308	0.0137438251093	-0.0123264064038	0.0599387324425	-0.0313793717715	0.0319893794456	0.0589521133961	0.0379022161716	0.000357998471398	-0.00173208633126	0.00845511814832	-0.0653908119997	0.00115896695786	0.0664431723723	-0.00646661258214	0.025447533037	-0.0184925024063	-0.0574468981672	0.0511280131088	0.0348239731455	0.00936095105931	-0.0256698798499
k__Bacteria;p__Firmicutes;c__Clostridia;o__Clostridiales;f__Lachnospiraceae;g__;s__[Eubacterium]_rectale	-0.0185963267246	-0.0569945308578	0.00405093204081	0.00822160884313	-0.00334859536362	-0.00420893736623	0.0222935241529	0.00687778022663	-0.0179849544596	0.0567573672374	0.0605954632908	-0.0523895065423	0.0549922184341	-0.0498663317842	1.0	-0.0377433609295	-0.0371309689917	0.0443365455821	-0.0293707600274	-0.0150473610665	-0.00792580894253	0.0401679727463	-0.0137391686064	0.0529708350668	-0.051537708132	0.0153544095951	0.043229944367	0.00516148113791	-0.00833413410411	0.00886359784743	-0.00402129995014	-0.00110862648028	-0.0193631511115	-0.00958755726864	0.010013648415	0.0122797789747	0.0264373793754	-0.0496944751713	0.00201235748288	-0.0209487981827	0.0125442599705	-0.0750932184125	-0.0278741793666	-0.0140007892839	0.080964403341	-0.0661283103872	-0.0202550193684	0.0283891710352	-0.0194166335455	0.0079965721493	-0.0529334625915	-0.0189205953418	-0.02902241009	-0.0312326942353	-0.0821638367003	0.0361059463889	-0.0365018240582	0.00465310157497	-0.0157780343377
k__Bacteria;p__Bacteroidetes;c__Bacteroidia;o__Bacteroidales;f__Bacteroidaceae;g__Bacteroides;s__Bacteroides_plebeius	0.0171626312436	0.00394669155686	0.0176868453722	-0.00851329078357	0.0141721949385	-0.0489872752609	-0.0641182473874	0.00790570590414	0.015454563798	-0.0663076546716	-0.0574807229833	0.0010927330088	-0.0376522906386	-0.0102552900367	-0.0377433609295	1.0	-0.00811280808497	0.00645829209239	-0.0013963359976	0.0177562474911	-0.0135338148871	-0.0165026656949	-0.0131486443126	0.00488448846558	0.0157453488882	0.0016955947895	-0.0179379321385	0.0187944456202	0.0587886472948	0.0317886624278	-0.0485392474098	-0.0251020999023	-0.00664959736932	0.0303976563965	0.000131510330693	0.0327517559607	0.00784643706864	0.00380076749013	-0.0339931165368	-0.040495194957	-0.0344712825757	0.0225358599622	0.0288596991971	-0.0858663069826	-0.0385777492843	-0.0348803474243	0.00448385924623	-0.0418804064626	-0.0165427824132	0.0402458731244	-0.00801341503041	-0.0252923847827	0.00208774407314	-0.0174634793943	-0.0267468863241	-0.000434850238274	-0.0251929778376	-0.0155521154662	0.00304453707296
k__Bacteria;p__Bacteroidetes;c__Bacteroidia;o__Bacteroidales;f__Bacteroidaceae;g__Bacteroides;s__Bacteroides_fragilis	0.0372906825543	0.0445166458475	0.0364498481287	0.0170564938252	0.00883223945335	0.0109990903976	0.00862726261841	0.00735225621167	0.0579582222329	-0.0716204156759	-0.00292618343351	0.000305494320673	-0.0354760441798	-0.0128602361518	-0.0371309689917	-0.00811280808497	1.0	0.0136281550629	0.0160993394498	-0.000209930873983	0.0578710639922	-0.022611119854	0.04078595355	0.0129283536788	0.0223717004945	-0.0477576057633	0.0328294082225	-0.026347599488	-0.00164399623087	-0.029453292049	-0.00482555853932	0.0247269035282	0.0266852350265	-0.0399014076786	0.0200402615824	-0.0597675706212	-0.0146223551106	-0.00414252059961	-0.0432839385692	-0.0382426689782	0.00225459180381	0.0100091369076	-0.0324249984103	0.0258090126405	-0.0746672472665	0.00660420424824	-0.0440828239817	-0.0382639685193	0.00969814617296	0.000872506185035	0.000370139286581	-0.0114572616599	-0.04913480482	0.0178007703724	-0.0003016444616	-0.0118109017138	-0.0347015084296	0.0379685414086	0.0113294955843
k__Bacteria;p__Proteobacteria;c__Betaproteobacteria;o__Burkholderiales;f__Sutterellaceae;g__Sutterella;s__Sutterella_wadsworthensis	-0.0117803407642	0.0341525307069	-0.044731210112	-0.0274371016392	-0.0805751569715	-0.0123909270986	-0.00160433486347	-0.0239071117475	0.016845366476	0.0587736869865	0.0111377340903	-0.0187082849276	-0.0183523690664	0.00693011689051	0.0443365455821	0.00645829209239	0.0136281550629	1.0	0.0267844521474	0.0357838837698	-0.000501890617217	-0.0125446601242	0.000419573141477	-0.00215802166741	-0.012922553026	-0.0140033247819	-0.0193799592705	-0.0638738513501	0.022010497888	0.0380743768461	0.0317554222914	-0.0206542790429	0.000364739340342	-0.0204672016838	-0.0388528225313	-0.0477566169502	-0.00338201358251	-0.0602509943513	0.0181784476319	0.00950559260649	-0.0338893299125	-0.0156915475453	0.0073438917682	-0.0307859622066	0.00424084189349	-0.0182309401419	0.0221831080255	-0.00857878060905	0.0499151743368	-0.0369758415552	0.0207536874965	0.0050401364941	-0.0292025403211	0.00669643134669	0.00829266029332	-0.0633724030486	0.0337009267203	-0.0194860996305	-0.030832190255
k__Bacteria;p__Bacteroidetes;c__Bacteroidia;o__Bacteroidales;f__Porphyromonadaceae;g__Barnesiella;s__Barnesiella_intestinihominis	0.00399789753034	0.0170823725749	-0.0498733638945	-0.00157670996733	-0.00713489384414	-0.0167564256987	-0.0320007621795	0.0104654893241	-0.0417318564797	-0.0324013371071	0.00544715403956	0.0118766647596	0.0216010066322	0.0301836965956	-0.0293707600274	-0.0013963359976	0.0160993394498	0.0267844521474	1.0	-0.0192150358809	-0.0552103999542	-0.00465524529067	-0.0526581506921	0.0242775883387	0.0145169347683	0.00181707061552	-0.00549273842157	-0.0374175664179	0.0244617737717	-0.00152660619153	0.0199268279239	-0.0126944043208	-0.0339724196729	0.0185089620676	0.0221467460777	-0.0757531399985	-0.0177758236307	0.027107595129	-0.0110496007139	-0.0733057273381	-0.0427849846377	0.0115382949204	0.0406198405037	-0.0244723364289	0.0253709489731	0.0231180510407	-0.013379265645	0.020335507424	0.0299440397438	-0.0128766306411	-0.0833905150356	-0.0398571604832	-0.00851158320321	-0.032106350872	0.0337085468706	-0.00129046230325	0.006009359792	0.0272983248019	0.0331704649033
k__Bacteria;p__Bacteroidetes;c__Bacteroidia;o__Bacteroidales;f__Odoribacteraceae;g__Odoribacter;s__Odoribacter_splanchnicus	0.00327705730347	0.00316376137535	0.0030995073997	-0.0480199315456	-0.0149384289779	-0.0258301472306	-0.0435742798039	-0.0273630060199	-0.0556278199475	0.000652975212203	0.0082655444451	0.00416348457727	0.0019424374346	-0.0392929162064	-0.0150473610665	0.0177562474911	-0.000209930873984	0.0357838837698	-0.0192150358809	1.0	-0.0566641106168	-0.043050272039	-0.0168325327673	-0.0264867119899	0.00823090055151	-0.0156119512732	0.0353334860433	-0.0101613578114	0.033984754664	-0.0231467098766	0.00195697921665	0.0149309318997	-0.0473298631922	0.0415176610561	-0.02645339364	-0.0332756564679	-0.0194855795815	0.0236996368734	-0.0404159175562	-0.00581941234565	-0.030411542694	-0.0395717801445	0.0216706339392	0.00139137936436	-0.0590699794572	0.00688610434977	0.0065548829352	0.00266914196111	-0.00596877008662	-0.0388077442472	-0.0601840800644	-0.0196797581895	0.014668960399	0.0407255743849	-0.0150337219042	0.0351077609905	-0.012044106378	0.015816527752	-0.033023052099
k__Bacteria;p__Bacteroidetes;c__Bacteroidia;o__Bacteroidales;f__Bacteroidaceae;g__Bacteroides;s__Bacteroides_salyersiae	0.0136619453845	-0.0170448124714	0.00984662430574	-0.00332808156941	-0.00527111308991	-0.0478955978734	0.0560639879786	0.0283603782843	-0.0460547081524	0.0214558206947	-0.0176183886981	0.00227123385523	-0.010636899179	-0.0685015467351	-0.00792580894253	-0.0135338148871	0.0578710639922	-0.000501890617217	-0.0552103999542	-0.0566641106168	1.0	-0.0151829878747	0.0271022339866	0.0802704967859	0.0100283751717	0.0528845832097	-0.007219479263	0.00335444991833	-0.026487282858	-0.0779583163724	0.0341688763347	-0.0291391257938	0.0228362259219	0.051573922961	-0.0296258828988	0.0218077431678	-0.00864250243942	-0.0169013507689	0.0311365994251	-0.0266183381569	0.000306185888921	-0.017430551575	-0.0264229809631	0.000712123035591	-0.047762617094	0.0157156877812	0.0208999833646	0.017677188461	-0.0126624557137	0.000473956295621	0.0273570523891	-0.0363718351231	-0.0504461900301	0.0218583454049	-0.02137488119	0.00162899199368	0.0376456441542	-0.00391401500811	0.0040810209652
k__Bacteria;p__Firmicutes;c__Clostridia;o__Clostridiales;f__Ruminococcaceae;g__Ruminiclostridium;s__[Eubacterium]_siraeum	-0.0457800914132	-0.00262456990106	0.0355533909485	0.0212906193964	0.00315833815415	-0.00884252625943	-0.049890187582	0.0474954261428	0.0173222493399	-0.0382754479859	0.03138258692	-0.0130314315	0.00343510127198	0.00734525622668	0.0401679727463	-0.0165026656949	-0.022611119854	-0.0125446601242	-0.00465524529067	-0.043050272039	-0.0151829878747	1.0	0.00845225831207	-0.039178476283	-0.0231636308247	0.0492938174168	0.00541298459321	-0.00835470887075	-0.00329978729962	0.00374460391181	8.82779820468e-05	0.059206821306	-0.00239500539035	-0.000718942240585	-0.042921971555	-0.0337824150008	0.0257877550181	-0.00169258003439	-0.0305734149443	0.018213349361	-0.0201863097941	0.0362083097389	0.000161237047416	-0.00416016789741	0.0449171391985	-0.0426123098068	-0.0293605711264	0.0289564704537	-0.0206213247367	-0.0164666427824	0.0101027621347	0.0612726230618	-0.0237594234394	-0.0101641920467	-0.00278989803239	-0.00246164645531	0.0388649810675	0.0222369117325	-0.0385132963971
k__Bacteria;p__Proteobacteria;c__Betaproteobacteria;o__Burkholderiales;f__Sutterellaceae;g__Parasutterella;s__Parasutterella_excrementihominis	-0.0465828978239	-0.0245883325389	0.019205022412	-0.0353687254727	0.0166982453426	-0.00218169314211	0.0396533984912	0.0310176364063	-0.00232699156731	0.00110723269312	-0.0156391911134	0.0247567977726	-0.0414645600074	-0.066149526855	-0.0137391686064	-0.0131486443126	0.04078595355	0.000419573141478	-0.0526581506921	-0.0168325327673	0.0271022339866	0.00845225831207	1.0	-0.0679885242115	0.0271192587218	0.0207188114987	0.0218721423067	-0.00774186719114	-0.0375765974659	0.019731840813	-0.0232047877544	-0.0151681768841	-0.0042113333781	-0.0427275799969	0.0478625725039	-0.00976685652818	0.00407009704968	-0.0174516606789	-0.0380409571645	-0.00592972319961	-0.0113667982779	0.00452740317318	-0.0113453963579	0.00091049295797	-0.035263723683	0.0147067152861	-0.0262903045455	-0.0729264128516	0.0675866263445	-0.0175740922723	0.0814077082639	0.0645688999086	-0.0195728145465	0.0043510055138	0.00991978983639	0.0376880314382	-0.0241995987263	-0.0200468676289	-0.0271382136905
k__Bacteria;p__Actinobacteria;c__Actinobacteria;o__Bifidobacteriales;f__Bifidobacteriaceae;g__Bifidobacterium;s__Bifidobacterium_adolescentis	0.0349770543158	-0.0279102492763	0.0139152346024	-0.0141061615566	-0.0255099362955	0.0142926580306	-0.0794197812878	0.0147361234201	-0.0523610821278	-0.05121334913	-0.0175989174972	0.0156664770909	-0.0528056632285	-0.013360339046	0.0529708350668	0.00488448846558	0.0129283536788	-0.00215802166741	0.0242775883387	-0.0264867119899	0.0802704967859	-0.039178476283	-0.0679885242115	1.0	0.0108328107445	0.0144288399847	-0.0550200384363	0.0345128171203	0.0470675782449	0.0203116201593	-0.0263155139207	-0.0413495421949	0.0062698423639	0.00772543338301	-0.046955647354	0.0303350920822	-0.00454225777886	-0.0368980213463	0.0106168197339	-0.00472922925776	-0.0397981401518	-0.0421523167133	-0.0491696537232	0.00442982325651	0.0152510821663	0.00202749605816	-0.0226210108969	-0.0565868347667	-0.0290126189813	0.0158025442147	0.0325622453786	-0.0071671015996	-0.0874634356279	0.00254730803813	0.0399448324383	-0.00493609562403	-0.0180883912559	-0.0200006766631	0.0030413613058
k__Bacteria;p__Firmicutes;c__Clostridia;o__Clostridiales;f__Oscillospiraceae;g__Oscillibacter;s__Oscillibacter_sp._KLE_1745	0.0363397507341	-0.0330097582426	0.0223310074676	0.0382843971926	-0.0379857270199	0.0358790140363	-0.0887751497935	-0.0413984892507	-0.0111383715733	-0.0159769813243	-0.000844977697988	0.00903503096211	0.00755810481747	0.00454414684666	-0.051537708132	0.0157453488882	0.0223717004945	-0.012922553026	0.0145169347683	0.00823090055151	0.0100283751717	-0.0231636308247	0.0271192587218	0.0108328107445	1.0	-0.0146835299704	0.0207588724964	0.00977484555442	-0.033803466527	-0.0290356972359	-0.000151272476625	-0.0117505394066	-0.0405228204658	-0.00910621757407	-0.0126888161794	0.0456636309987	0.0230874522879	-0.0330960359684	-0.0182275307898	-0.0126117317491	0.0199971283385	0.00973373678646	-0.0135485926099	0.0125802955806	-0.0406397330659	0.0639376844878	-0.0149367022993	-0.02992083333	0.00368010414965	-0.00318324926152	-0.0171314462465	0.0430750936925	0.0152927400108	-0.0211353430916	-0.0400940354171	-0.0322062847105	-0.0585725979516	0.00560475164757	0.00715654831979
k__Bacteria;p__Bacteroidetes;c__Bacteroidia;o__Bacteroidales;f__Bacteroidaceae;g__Bacteroides;s__Bacteroides_coprophilus	-0.0465867858482	0.0152497494808	0.0187313380743	0.0204251827569	-0.00450102977594	-0.0595564091856	-0.0016174122005	0.0250919958311	-0.0237668412075	-0.0705650277212	-0.0450865756146	0.0302983165653	-0.0363327083953	-0.0451227329543	0.0153544095951	0.0016955947895	-0.0477576057633	-0.0140033247819	0.00181707061552	-0.0156119512732	0.0528845832097	0.0492938174168	0.0207188114987	0.0144288399847	-0.0146835299704	1.0	-0.0140533451907	0.0138224664946	-0.0293119428612	-0.0465215406725	0.0374005520007	-0.0469248343837	0.0100553295003	0.0510132272524	-0.0243058062825	-0.0158771048211	-0.0334587338441	-1.66965805926e-05	0.000294360963323	-0.0149317212737	-0.0493672830699	0.0513555977983	-0.04134658497	-0.0026514745658	0.0431737244997	-0.0105634078091	-0.00681834777374	0.0171463460177	0.0159580498858	-0.00584513173106	-0.0331399080866	0.00111203385883	-0.0366509935952	-0.00787505248563	-0.0301261849895	-0.00421145448057	-0.0173797474509	0.0259250464831	0.0216348745328
k__Bacteria;p__Firmicutes;c__Clostridia;o__Clostridiales;f__Lachnospiraceae;g__Roseburia;s__Roseburia_intestinalis	-0.049191521449	-0.0055006407607	-0.0280349075667	-0.0239739571355	-0.0233371376053	-0.0180813466702	0.0706264759773	-0.0392745931309	0.0261957229485	-0.0240592878076	0.0162220430946	0.0603472492136	-0.0590050481792	0.0146933710263	0.043229944367	-0.0179379321385	0.0328294082225	-0.0193799592705	-0.00549273842157	0.0353334860433	-0.007219479263	0.00541298459321	0.0218721423067	-0.0550200384363	0.0207588724964	-0.0140533451907	1.0	0.0195784037813	0.00779089293306	-0.0562905158344	-0.0122369978597	-0.0425667171751	-0.0230528317657	-0.0282216681473	-0.0639598432748	-0.00811872704223	0.0227214174844	0.055142663128	0.0254537069623	-0.000399670842611	0.00461796089322	-0.0188110777803	0.013221954212	-0.0040838658315	-0.0253048646328	-0.020513440357	-0.0125048592737	0.00584821865343	0.0127906930503	0.0443434716394	0.00404866955806	0.00348801389402	0.00938102462247	-0.0271002611823	0.0602588252337	0.0155299880551	-0.0445734682073	-0.0342094433104	-0.0373446663704
k__Bacteria;p__Firmicutes;c__Clostridia;o__Clostridiales;f__Lachnospiraceae;g__Roseburia;s__Roseburia_hominis	-0.0295268428355	0.0157176855578	-0.00677499174924	-0.0175908424472	-0.00286922924319	-0.016082183247	-0.0392625444385	-0.00718384961261	-0.0233712371672	-0.0334093177838	0.00145256665147	0.0133804318161	-0.00380336445539	0.0286674157616	0.00516148113791	0.0187944456202	-0.026347599488	-0.0638738513501	-0.0374175664179	-0.0101613578114	0.00335444991833	-0.00835470887075	-0.00774186719114	0.0345128171203	0.00977484555442	0.0138224664946	0.0195784037813	1.0	-0.0529517685215	-0.00128787637137	-0.00339665990671	-0.0265120327086	-0.0153670839673	-0.0533587174457	0.0301843943754	0.0554569751584	-0.00330910796671	-0.028145332729	0.035161004699	0.0319558582837	-0.00450313581599	0.0132641095759	-0.00499016482439	0.0467568967322	0.045985456288	-0.0420413185622	-0.03854003324	-0.0339882091864	0.0184703202579	0.0065574975505	0.0436838656374	0.0141379427824	0.00786809738861	-0.0617803717615	-0.0106206182868	-0.0528867170839	-0.050721361808	0.0220815704156	-0.0103039368722
k__Bacteria;p__Bacteroidetes;c__Bacteroidia;o__Bacteroidales;f__Porphyromonadaceae;g__Parabacteroides;s__Parabacteroides_johnsonii	0.00472899179456	0.0119926699808	0.00971858488267	-0.012535910173	-0.0242210605617	-0.020531041544	0.0225765057471	0.037549168628	-0.023418576959	-0.0249934603951	-0.0106817931568	-0.0165749185327	-0.00745167478244	0.0189444986507	-0.00833413410411	0.0587886472948	-0.00164399623087	0.022010497888	0.0244617737717	0.033984754664	-0.026487282858	-0.00329978729962	-0.0375765974659	0.0470675782449	-0.033803466527	-0.0293119428612	0.00779089293306	-0.0529517685215	1.0	0.0111435576778	-0.0241163016922	0.0578142966086	0.0133574742819	-0.0109889995236	-0.0515816437353	0.0205652046451	0.0180249429748	0.0137990963222	-0.0542587619878	-0.0211296444333	-0.0305464073962	-0.0462877660554	0.0220119350289	-0.0703552114967	0.0752488834463	-0.0714249267665	-0.0213448784099	0.00826464541321	-0.0620619439264	0.0305268965921	0.0101663089419	-0.0391005916269	0.00729261248342	-0.0104843589512	-0.0234126244993	0.0304968810226	-0.0062378666489	-0.0185683245214	0.0186988564822
k__Bacteria;p__Actinobacteria;c__Actinobacteria;o__Bifidobacteriales;f__Bifidobacteriaceae;g__Bifidobacterium;s__Bifidobacterium_longum	0.0382686812525	-0.0102494685452	-0.0287323594145	-0.0674064410798	-0.0128546719638	0.0592245155202	-0.0472775775267	-0.0154647717489	-0.0538763622827	-0.014497571961	0.0284382726631	-0.0511079473608	-0.0149941732857	0.037374560123	0.00886359784743	0.0317886624278	-0.029453292049	0.0380743768461	-0.00152660619153	-0.0231467098766	-0.0779583163724	0.00374460391181	0.019731840813	0.0203116201593	-0.0290356972359	-0.0465215406725	-0.0562905158344	-0.00128787637137	0.0111435576778	1.0	0.0364326653133	-0.0197972891538	-0.0646885392115	0.0483678791486	0.0367382608158	-0.00377902625459	-0.00375264564586	0.000318592420665	-0.0576160659699	0.0251133251311	-0.0183089662707	-0.0276868037184	0.0308150280603	-0.0233772549783	-0.0610905252862	-0.0359328864538	0.0362108009947	-0.0382833165353	-0.0195396560568	-0.0102743368117	0.020109773155	0.0290877855884	-0.00407145850829	-0.0052624285524	0.0231851354226	0.0898665750122	-0.0243857270923	0.0261828021559	0.059063302447
