#taxonomy	k__Bacteria;p__Bacteroidetes;c__Bacteroidia;o__Bacteroidales;f__Bacteroidaceae;g__Bacteroides;s__Bacteroides_vulgatus	k__Bacteria;p__Bacteroidetes;c__Bacteroidia;o__Bacteroidales;f__Bacteroidaceae;g__Bacteroides;s__Bacteroides_uniformis	k__Bacteria;p__Bacteroidetes;c__Bacteroidia;o__Bacteroidales;f__Rikenellaceae;g__Alistipes;s__Alistipes_putredinis	k__Bacteria;p__Bacteroidetes;c__Bacteroidia;o__Bacteroidales;f__Prevotellaceae;g__Prevotella;s__Prevotella_copri	k__Bacteria;p__Bacteroidetes;c__Bacteroidia;o__Bacteroidales;f__Bacteroidaceae;g__Bacteroides;s__Bacteroides_stercoris	k__Bacteria;p__Bacteroidetes;c__Bacteroidia;o__Bacteroidales;f__Bacteroidaceae;g__Bacteroides;s__Bacteroides_ovatus	k__Bacteria;p__Bacteroidetes;c__Bacteroidia;o__Bacteroidales;f__Rikenellaceae;g__Alistipes;s__Alistipes_shahii	k__Bacteria;p__Firmicutes;c__Clostridia;o__Clostridiales;f__Ruminococcaceae;g__Faecalibacterium;s__Faecalibacterium_prausnitzii	k__Bacteria;p__Bacteroidetes;c__Bacteroidia;o__Bacteroidales;f__Rikenellaceae;g__Alistipes;s__Alistipes_finegoldii	k__Bacteria;p__Bacteroidetes;c__Bacteroidia;o__Bacteroidales;f__Porphyromonadaceae;g__Parabacteroides;s__Parabacteroides_distasonis	k__Bacteria;p__Bacteroidetes;c__Bacteroidia;o__Bacteroidales;f__Bacteroidaceae;g__Bacteroides;s__Bacteroides_thetaiotaomicron	k__Bacteria;p__Bacteroidetes;c__Bacteroidia;o__Bacteroidales;f__Bacteroidaceae;g__Bacteroides;s__Bacteroides_coprocola	k__Bacteria;p__Bacteroidetes;c__Bacteroidia;o__Bacteroidales;f__Bacteroidaceae;g__Bacteroides;s__Bacteroides_cellulosilyticus	k__Bacteria;p__Bacteroidetes;c__Bacteroidia;o__Bacteroidales;f__Rikenellaceae;g__Alistipes;s__Alistipes_obesi	k__Bacteria;p__Firmicutes;c__Clostridia;o__Clostridiales;f__Lachnospiraceae;g__;s__[Eubacterium]_rectale	k__Bacteria;p__Bacteroidetes;c__Bacteroidia;o__Bacteroidales;f__Bacteroidaceae;g__Bacteroides;s__Bacteroides_plebeius	k__Bacteria;p__Bacteroidetes;c__Bacteroidia;o__Bacteroidales;f__Bacteroidaceae;g__Bacteroides;s__Bacteroides_fragilis	k__Bacteria;p__Proteobacteria;c__Betaproteobacteria;o__Burkholderiales;f__Sutterellaceae;g__Sutterella;s__Sutterella_wadsworthensis	k__Bacteria;p__Bacteroidetes;c__Bacteroidia;o__Bacteroidales;f__Porphyromonadaceae;g__Barnesiella;s__Barnesiella_intestinihominis	k__Bacteria;p__Bacteroidetes;c__Bacteroidia;o__Bacteroidales;f__Odoribacteraceae;g__Odoribacter;s__Odoribacter_splanchnicus	k__Bacteria;p__Bacteroidetes;c__Bacteroidia;o__Bacteroidales;f__Bacteroidaceae;g__Bacteroides;s__Bacteroides_salyersiae	k__Bacteria;p__Firmicutes;c__Clostridia;o__Clostridiales;f__Ruminococcaceae;g__Ruminiclostridium;s__[Eubacterium]_siraeum	k__Bacteria;p__Proteobacteria;c__Betaproteobacteria;o__Burkholderiales;f__Sutterellaceae;g__Parasutterella;s__Parasutterella_excrementihominis	k__Bacteria;p__Actinobacteria;c__Actinobacteria;o__Bifidobacteriales;f__Bifidobacteriaceae;g__Bifidobacterium;s__Bifidobacterium_adolescentis	k__Bacteria;p__Firmicutes;c__Clostridia;o__Clostridiales;f__Oscillospiraceae;g__Oscillibacter;s__Oscillibacter_sp._KLE_1745	k__Bacteria;p__Bacteroidetes;c__Bacteroidia;o__Bacteroidales;f__Bacteroidaceae;g__Bacteroides;s__Bacteroides_coprophilus	k__Bacteria;p__Firmicutes;c__Clostridia;o__Clostridiales;f__Lachnospiraceae;g__Roseburia;s__Roseburia_intestinalis	k__Bacteria;p__Firmicutes;c__Clostridia;o__Clostridiales;f__Lachnospiraceae;g__Roseburia;s__Roseburia_hominis	k__Bacteria;p__Bacteroidetes;c__Bacteroidia;o__Bacteroidales;f__Porphyromonadaceae;g__Parabacteroides;s__Parabacteroides_johnsonii	k__Bacteria;p__Actinobacteria;c__Actinobacteria;o__Bifidobacteriales;f__Bifidobacteriaceae;g__Bifidobacterium;s__Bifidobacterium_longum	k__Bacteria;p__Firmicutes;c__Clostridia;o__Clostridiales;f__;g__Flavonifractor;s__Flavonifractor_plautii	k__Bacteria;p__Firmicutes;c__Clostridia;o__Clostridiales;f__Clostridiaceae;g__Clostridium;s__Clostridium_phoceensis	k__Bacteria;p__Verrucomicrobia;c__Verrucomicrobiae;o__Verrucomicrobiales;f__Akkermansiaceae;g__Akkermansia;s__Akkermansia_muciniphila	k__Bacteria;p__Bacteroidetes;c__Bacteroidia;o__Bacteroidales;f__Prevotellaceae;g__Paraprevotella;s__Paraprevotella_xylaniphila	k__Bacteria;p__Firmicutes;c__Clostridia;o__Clostridiales;f__Ruminococcaceae;g__Ruminococcus;s__Ruminococcus_callidus	k__Bacteria;p__Bacteroidetes;c__Bacteroidia;o__Bacteroidales;f__Rikenellaceae;g__Alistipes;s__Alistipes_senegalensis	k__Bacteria;p__Firmicutes;c__Clostridia;o__Clostridiales;f__Lachnospiraceae;g__Blautia;s__Blautia_sp._KLE_1732	k__Bacteria;p__Bacteroidetes;c__Bacteroidia;o__Bacteroidales;f__Bacteroidaceae;g__Bacteroides;s__Bacteroides_oleiciplenus	k__Bacteria;p__Firmicutes;c__Clostridia;o__Clostridiales;f__Ruminococcaceae;g__Ruminococcus;s__Ruminococcus_bicirculans	k__Bacteria;p__Bacteroidetes;c__Bacteroidia;o__Bacteroidales;f__Bacteroidaceae;g__Bacteroides;s__Bacteroides_fluxus	k__Bacteria;p__Bacteroidetes;c__Bacteroidia;o__Bacteroidales;f__Prevotellaceae;g__Prevotella;s__Prevotella_stercorea	k__Bacteria;p__Firmicutes;c__Clostridia;o__Clostridiales;f__Lachnospiraceae;g__Dorea;s__Dorea_longicatena	k__Bacteria;p__Firmicutes;c__Clostridia;o__Clostridiales;f__Eubacteriaceae;g__Eubacterium;s__[Eubacterium]_eligens	k__Bacteria;p__Firmicutes;c__Clostridia;o__Clostridiales;f__Ruminococcaceae;g__;s__Ruminococcaceae_bacterium_D16	k__Bacteria;p__Firmicutes;c__Clostridia;o__Clostridiales;f__Lachnospiraceae;g__Coprococcus;s__Coprococcus_comes	k__Bacteria;p__Proteobacteria;c__Gammaproteobacteria;o__Enterobacterales;f__Enterobacteriaceae;g__Escherichia;s__Escherichia_coli	k__Bacteria;p__Firmicutes;c__Clostridia;o__Clostridiales;f__Ruminococcaceae;g__Anaerotruncus;s__Anaerotruncus_colihominis	k__Bacteria;p__Firmicutes;c__Clostridia;o__Clostridiales;f__Lachnospiraceae;g__Blautia;s__Blautia_obeum	k__Bacteria;p__Bacteroidetes;c__Bacteroidia;o__Bacteroidales;f__Odoribacteraceae;g__Odoribacter;s__Odoribacter_laneus	k__Bacteria;p__Firmicutes;c__Clostridia;o__Clostridiales;f__Ruminococcaceae;g__Ruminiclostridium;s__[Clostridium]_leptum	k__Bacteria;p__Bacteroidetes;c__Bacteroidia;o__Bacteroidales;f__Porphyromonadaceae;g__Parabacteroides;s__Parabacteroides_goldsteinii	k__Bacteria;p__Firmicutes;c__Clostridia;o__Clostridiales;f__Lachnospiraceae;g__Anaerostipes;s__Anaerostipes_hadrus	k__Bacteria;p__Firmicutes;c__Clostridia;o__Clostridiales;f__Ruminococcaceae;g__Ruminococcus;s__Ruminococcus_lactaris	k__Bacteria;p__Firmicutes;c__Clostridia;o__Clostridiales;f__Clostridiaceae;g__Clostridium;s__Clostridium_sp._L2-50	k__Bacteria;p__Firmicutes;c__Clostridia;o__Clostridiales;f__Clostridiaceae;g__Clostridium;s__Clostridium_sp._M62/1	k__Bacteria;p__Firmicutes;c__Clostridia;o__Clostridiales;f__;g__Intestinimonas;s__Intestinimonas_butyriciproducens	k__Bacteria;p__Actinobacteria;c__Actinobacteria;o__Bifidobacteriales;f__Bifidobacteriaceae;g__Bifidobacterium;s__Bifidobacterium_bifidum	k__Bacteria;p__Firmicutes;c__Negativicutes;o__Veillonellales;f__Veillonellaceae;g__Dialister;s__Dialister_invisus	k__Bacteria;p__Bacteroidetes;c__Bacteroidia;o__Bacteroidales;f__Bacteroidaceae;g__Bacteroides;s__Bacteroides_salanitronis
k__Bacteria;p__Bacteroidetes;c__Bacteroidia;o__Bacteroidales;f__Bacteroidaceae;g__Bacteroides;s__Bacteroides_vulgatus	1.0	-0.0244823058401	0.00979821497331	-0.00718931941399	-0.000153875235963	-0.0503658342355	-0.0231694980662	-0.0426865215069	0.0709902623447	-0.0123636083433	-0.0329820656365	-0.0635499550316	-0.00141600052493	0.015730347296	0.0198677099594	0.0341557249661	0.00384661449737	-0.00274657034294	0.00274548605862	-0.0388233339524	0.0109599974702	0.0264142799659	0.0262463503639	0.0230522689653	0.0593950389225	0.0112474613829	0.0438854520031	0.00244349138278	0.0181202372862	-0.0179751756366	-2.18423580088e-05	0.00122241377416	0.0128121092684	-0.0255662290537	0.0581587252203	-0.00696080037832	0.0455078764628	-0.0551990940353	-0.000159917551748	-0.035123021986	0.00520797488934	-0.0420754616342	0.00187997665627	0.00145912028195	-0.0107344183735	-0.015548412658	-0.0223613684549	-0.0784058097387	-0.0281666672927	-0.0262961076983	-0.00803759212545	-0.0103271063002	-0.012115487073	0.0399222085438	0.0194448462762	-0.021553217067	0.0157869909807	0.0357487156469	-0.0212878701983
k__Bacteria;p__Bacteroidetes;c__Bacteroidia;o__Bacteroidales;f__Bacteroidaceae;g__Bacteroides;s__Bacteroides_uniformis	-0.0244823058401	1.0	-0.0509028067904	-0.0458435308686	0.0266480763031	-0.0352283786305	-0.0279790315425	-0.00550032665631	-0.0227407973612	-0.0024012937653	0.00447968261989	-0.0489207812568	0.00702127276615	-0.03398430603	0.0390133670291	-0.021736765463	0.0265619301428	-0.0198515725204	-0.0161068627301	0.0343884639008	-0.0378936263578	0.055287668549	-0.00912311480508	0.00498698629853	0.00615380368806	0.00946812847003	0.0767206551232	-0.0104697424304	-0.0307102404787	0.0550773398986	-0.0191110400998	-0.0158038267712	-0.0332781223772	-0.0158101779409	-0.0576593078101	-0.00928909654251	-0.0151437406359	0.0115663472014	0.0309613814908	-0.0134650945978	-0.0440586636434	-0.00735373121981	-0.0524646680326	-0.0103552867022	0.0374466499818	-0.0171941861441	-0.0453660136977	0.0504990598065	-0.0160274209856	0.0822312405629	-0.0123551917946	-0.0058587714802	-0.031428721711	-0.0139768172236	0.0314475560228	0.0158320724368	-0.0114389904021	-0.014113486548	0.0502540898731
k__Bacteria;p__Bacteroidetes;c__Bacteroidia;o__Bacteroidales;f__Rikenellaceae;g__Alistipes;s__Alistipes_putredinis	0.00979821497331	-0.0509028067904	1.0	-0.0254013728134	-0.0243806943675	0.0280697212919	-0.0170255884426	-0.034896626455	0.0278626940647	-0.0687514981929	0.00740403088021	-0.061995679568	0.00949208372455	-0.0310721392692	-0.0261773083943	-0.0117157670781	0.00734740220172	-0.0390293004612	0.0326238513714	-0.0393287425555	0.0133696743245	-0.0261811149052	0.0298409135423	-0.00699084967452	-0.0140424979516	0.0140069552767	0.00287491619925	-0.00518691218436	0.0398901752163	-0.00210039883027	0.00412176484702	0.0432380033783	0.0665900254189	-0.00591836053981	0.010483938788	-0.00692172690122	0.000957264250578	-0.00546669136419	-0.0250115923671	-0.0707724873089	-0.0497031841026	-0.00393428533311	-0.0112977084174	-0.0368083221562	-0.0190668787414	0.0271727055194	-0.000299148604857	0.0258842716141	-0.0157746935088	-0.00840423254536	0.0520252459707	0.0155118646032	0.0240633866792	-0.0175157967765	-0.0205743372199	0.0475712678532	0.00657013148933	0.0284486527276	0.0302430449172
k__Bacteria;p__Bacteroidetes;c__Bacteroidia;o__Bacteroidales;f__Prevotellaceae;g__Prevotella;s__Prevotella_copri	-0.00718931941399	-0.0458435308686	-0.0254013728134	1.0	-0.0262550676491	-0.0984906127962	-0.0502915224337	0.0528473896139	-0.0369788405747	-0.0592193889345	0.00558727643624	-0.00808062449467	0.032434241635	0.00502403069764	-0.0188315964353	-0.0391146873039	0.0372097142806	0.0112312271164	-0.000209040633511	0.0340323617691	0.0163717790026	-0.0168782248362	-0.0285759877598	0.0110498014781	-0.00871906147855	-0.0222162029336	-0.00169974595498	-0.00667270941933	-0.0226479954969	0.0133316039686	0.00879183542246	0.0525424163366	-0.0242034228246	0.0252446021224	0.0558232036337	0.00831141426597	0.0576189106736	-0.00138569368245	0.0158177299829	-0.0288249112884	-0.0403626849973	0.0173145236443	0.00631041144387	0.0517024769863	0.018492555448	0.0346752332096	-0.0489815867719	-0.0268757737299	0.0095487806619	-0.0457257055433	-0.00606829239152	-0.0321158329897	-0.0756349194183	-0.0670616548381	-0.0102200659841	-0.048247590545	-0.00980037102289	-0.0218008956691	-0.00786009406627
k__Bacteria;p__Bacteroidetes;c__Bacteroidia;o__Bacteroidales;f__Bacteroidaceae;g__Bacteroides;s__Bacteroides_stercoris	-0.000153875235963	0.0266480763031	-0.0243806943675	-0.0262550676491	1.0	-0.0174436376828	0.0530386049551	0.0428648140023	-0.0361145252193	-0.0170651634558	-0.0323773352573	0.0588867303759	-0.0390602407803	0.00170758252269	-0.00255737440345	0.0091502484851	-0.0543829619027	-0.0257435297748	-0.00987602699383	0.0183998071586	0.00984662295731	-0.0163912262801	-0.0242108310518	0.024719084706	-0.0164586880644	-0.0827891751146	0.0272682471419	0.00605265660172	-0.0105021508443	-0.0390954047219	0.0267266557937	-0.0294162177012	0.00315476294634	0.000249877794364	-0.0305636363988	-0.00870153408969	-0.018177807112	-0.0348757962413	-0.0146275430564	0.0436876254691	-0.00524497046271	0.041222400023	0.00551205253938	-0.0201828309814	-0.00820998037747	-0.0172365305128	0.0292499797706	-0.00341063129253	0.00589037186558	0.00572651658643	-0.0526046487726	-0.00722969295207	-0.000258853658767	0.015718447425	0.024483592244	0.00605649975329	0.0349415033505	-0.0164019907401	-0.0233877719613
k__Bacteria;p__Bacteroidetes;c__Bacteroidia;o__Bacteroidales;f__Bacteroidaceae;g__Bacteroides;s__Bacteroides_ovatus	-0.0503658342355	-0.0352283786305	0.0280697212919	-0.0984906127962	-0.0174436376828	1.0	0.00633990929338	0.0380388114164	-0.00343419197475	-0.0267697158198	-0.00681345943828	-0.0362593086443	0.0223367107213	0.0319488768465	-0.0177110604796	0.024408346734	-0.0214669516141	-0.000731863956723	0.0344769953586	-0.019723930803	-0.00126066582289	0.0210629045542	-0.0342890214733	0.0308648525643	-0.0308580867089	0.0119686351903	0.0278465089753	-0.0121817100874	0.040751181167	-0.0265545425905	-0.0188767917136	0.00813279673521	-0.045497322147	-0.00484442369678	0.00191372576513	-0.023251687911	-0.00180562178554	0.0562865241874	-0.0784844663506	-0.0288752471985	-0.02523707383	0.0306529377664	-0.0369252082971	-0.0422473064925	0.0209765325601	0.0410228110495	-0.0254538742659	0.109138650933	0.00488878880432	0.00863701153507	0.0154047789327	-0.0312896503609	-0.0463528505274	0.00244910967481	-0.000653149474794	0.0417676264599	-0.00451481314264	0.00616990920836	-0.0414882313241
k__Bacteria;p__Bacteroidetes;c__Bacteroidia;o__Bacteroidales;f__Rikenellaceae;g__Alistipes;s__Alistipes_shahii	-0.0231694980662	-0.0279790315425	-0.0170255884426	-0.0502915224337	0.0530386049551	0.00633990929338	1.0	0.0426547769495	0.0126037905305	-0.0145814224933	-0.0228514062617	-0.035328663493	-0.0153859937125	-0.0342164668613	0.0257538065108	-0.0258351562959	-0.0390809748637	0.0194518943032	0.0330402504378	0.0243392598258	-0.0228260812843	0.0124210797513	0.0262903103915	-0.00937814719177	0.0366184166107	0.0138585521265	-0.0518538437529	-0.025055330845	0.019681004772	0.0524181201128	-0.0364823414048	-0.00667752469476	0.0371533295971	-0.0499087732419	-0.0289731924298	0.0408546602812	-0.0667234817739	-0.0113368171829	0.0495333431006	-0.0144112913308	0.00136447476302	0.0057411768052	0.036092863528	0.0311810973622	-0.0252294807483	-0.0591207966515	0.02373148154	-0.0604998714345	-0.0329996938342	-0.0449701023082	-0.00398095147708	-0.0184253836129	0.0196765000695	0.0149138361692	0.0147482942815	-0.00884002070672	-0.0185103537358	-0.0277162518129	-0.00197385541891
k__Bacteria;p__Firmicutes;c__Clostridia;o__Clostridiales;f__Ruminococcaceae;g__Faecalibacterium;s__Faecalibacterium_prausnitzii	-0.0426865215069	-0.00550032665631	-0.034896626455	0.0528473896139	0.0428648140023	0.0380388114164	0.0426547769495	1.0	0.00931007935225	0.00368683225943	0.00746487537703	-0.0136349120612	0.0444168512914	-0.0233830774192	0.00275888916242	-0.00917925605176	-0.0301017549698	-0.0366309184946	0.0426047308583	-0.0198701674283	0.0303828089764	-0.0233629465108	9.34911030668e-05	0.0228464996554	-0.0269792236336	0.0114876201942	-0.0503314377133	-0.0281983541664	-0.0163194998458	-0.0397656937148	-0.0535244767578	0.0516751457541	-0.0614135858877	-0.0159037082888	-0.0570286647403	-0.0299260425187	-0.0137672037904	0.0199855066613	-0.0257197233036	-0.0601761227118	-0.00424695642266	-0.0344344475751	-0.00641107502099	-0.00625357112477	0.0152755495135	-0.015014467846	-0.0165255823519	0.0288590985324	-0.036225093445	-0.0836727844363	-0.0243565181065	-0.0400503342094	0.0466907965375	-0.00408672873393	0.0319748229872	-0.0346428220712	-0.0204567383248	-0.0164983546755	0.0122753550445
k__Bacteria;p__Bacteroidetes;c__Bacteroidia;o__Bacteroidales;f__Rikenellaceae;g__Alistipes;s__Alistipes_finegoldii	0.0709902623447	-0.0227407973612	0.0278626940647	-0.0369788405747	-0.0361145252193	-0.00343419197475	0.0126037905305	0.00931007935225	1.0	0.0223403926133	0.00523888192872	0.0402171580754	-0.00833769792148	-0.0552659193214	0.0454813694206	-0.045121220425	-0.0214713358033	-0.00650830361471	0.025020900404	-0.0520677535562	-0.0287220035882	-0.00388872349492	-0.0344258541793	-0.0437261430418	-0.0359964714751	0.0288711554459	-0.0654092662665	-0.031932154199	-0.0129455093475	-0.0190545795732	0.0385068599548	0.0156004046572	0.00759035989264	-0.00746048646798	0.0120585429051	0.0131481471701	-0.0293368392199	0.0052400544833	0.0307376537583	-0.0115438662072	-0.0246487838022	-0.0265929434086	-0.00709459682187	-0.0506588671878	0.0308556612068	-0.0133633223873	0.0270793218204	0.000238224969623	0.0336540543757	-0.00179948974333	-0.0190739721995	-0.0422875306124	-0.0292877003565	0.00876395910286	-0.0155580884812	-0.0389643605355	0.000884544881821	0.0127153930873	0.0206173587436
k__Bacteria;p__Bacteroidetes;c__Bacteroidia;o__Bacteroidales;f__Porphyromonadaceae;g__Parabacteroides;s__Parabacteroides_distasonis	-0.0123636083433	-0.0024012937653	-0.0687514981929	-0.0592193889345	-0.0170651634558	-0.0267697158198	-0.0145814224933	0.00368683225943	0.0223403926133	1.0	-0.0634142132239	0.0123014316897	-0.013383246773	-0.00152216965461	-0.0659905865782	0.016426192408	-0.0362802437513	-0.0135308679639	-0.0188516580166	0.0138280705456	-0.0285453445404	-0.0253169484637	0.035216289519	0.00363795036306	-0.0200031476448	-0.0175339071943	-0.00719875899516	-0.0217339765662	-0.0518868367315	0.0684877228343	0.00554408734677	0.0536682949551	-0.0307120400548	-0.00976394230677	-0.0418854998167	0.0211797468088	-0.00946963442944	-0.038177441627	0.00869494509228	-0.0194955943536	0.0403394610474	0.0212464427565	-0.00426618095375	-0.0103981008926	0.0140913299347	-0.0155765681542	0.0278744060333	-0.0262340951711	-0.0199740170866	-0.00218363499745	0.0473438292163	0.00156075551125	-0.0166024111799	-0.0357327874493	-0.045488462531	-0.00507590608625	-0.0492182909416	-0.0120066137114	0.00592426262415
k__Bacteria;p__Bacteroidetes;c__Bacteroidia;o__Bacteroidales;f__Bacteroidaceae;g__Bacteroides;s__Bacteroides_thetaiotaomicron	-0.0329820656365	0.00447968261989	0.00740403088021	0.00558727643624	-0.0323773352573	-0.00681345943828	-0.0228514062617	0.00746487537703	0.00523888192872	-0.0634142132239	1.0	-0.00320794518784	0.051591401019	-0.0442478154759	0.00911181328174	-0.047252137824	0.0415669277369	-0.061900178335	-0.00155487243044	-0.0567262945662	-0.0536473736976	0.02901445763	-0.027616216473	-0.00673637903548	-0.000587416988878	0.0332475941178	0.0162041885842	-0.0170509790413	-0.0271872106842	-0.00416152992689	0.00824526342763	-0.034487679136	0.0360417259897	-0.0128760270033	0.0635080118284	0.021685373714	-0.0599239773588	-0.0290745882428	-0.0389503536302	-0.0685622550457	0.0117549808504	-0.0575006784322	-0.0595011706898	-0.0100788042432	-0.000735499308321	0.00567442843099	0.0124451303629	0.00750968040331	-0.0132364683617	0.0692502291206	-0.0212041753851	-0.0290239927696	-0.00435250537249	0.00688196685021	0.0236174898617	0.0174525474968	0.00918615116767	-0.0323748819875	-0.0493985676776
k__Bacteria;p__Bacteroidetes;c__Bacteroidia;o__Bacteroidales;f__Bacteroidaceae;g__Bacteroides;s__Bacteroides_coprocola	-0.0635499550316	-0.0489207812568	-0.061995679568	-0.00808062449467	0.0588867303759	-0.0362593086443	-0.035328663493	-0.0136349120612	0.0402171580754	0.0123014316897	-0.00320794518784	1.0	-0.00368021531461	-0.0480500021319	0.015514954833	0.0127937940764	-0.0296432127959	-0.0346504252221	-0.00320630834994	0.0195299626403	0.0381196902538	-0.0246842107091	-0.0132580756521	-0.00296055133381	0.0385862552994	0.00815044889711	-0.0163859209222	-0.0096304802726	0.0133633166725	-0.00333871885234	0.0238756906	0.028620019196	0.017148245229	0.0562720157505	0.0328852991049	-0.00482094028472	-0.018012078867	0.0217301849788	-0.00744368468556	0.0239863470432	0.00519824540663	-0.00728273639963	-0.0346599729932	0.0513371054657	-0.0605122025818	-0.0312542247415	0.0326138929598	-0.0642222963591	-0.0384472476962	0.0501997252077	-0.04657518194	-0.0228121687854	-0.00759227793525	0.00179464649447	-0.0150199184038	-0.0042953737503	-0.0452153120972	0.0503138849212	-0.0052747411519
k__Bacteria;p__Bacteroidetes;c__Bacteroidia;o__Bacteroidales;f__Bacteroidaceae;g__Bacteroides;s__Bacteroides_cellulosilyticus	-0.00141600052493	0.00702127276615	0.00949208372455	0.032434241635	-0.0390602407803	0.0223367107213	-0.0153859937125	0.0444168512914	-0.00833769792148	-0.013383246773	0.051591401019	-0.00368021531461	1.0	-0.0291111397346	-0.0438804134707	0.0473314123077	-0.000782674795119	-0.00379179603277	-0.0417047259419	0.0604646525669	0.00703982218116	0.0123708707418	-0.051894512714	0.0232227152109	-0.0435508448404	-0.0361139306925	0.0709938390966	-0.0149378541145	0.00781675063498	-0.0198684567352	-0.0186502875958	-0.01817565729	-0.00241735317049	0.0245938342974	0.030281926685	0.0150060507177	-0.0617368824208	-0.0492131767876	0.0215307179287	-0.0347526702605	-0.0082225857574	-0.0347881726858	-0.0441296291659	-0.0343628413204	0.0065476420738	0.0469473208168	-0.0376465978684	-0.0114789512816	0.0172801689301	-0.00863791367894	-0.0101355387166	-0.0238001408439	0.00102712835013	0.0117940972702	-0.0292126050391	-0.0325672905771	-0.0553473355108	0.00817485808525	-0.0276568471576
k__Bacteria;p__Bacteroidetes;c__Bacteroidia;o__Bacteroidales;f__Rikenellaceae;g__Alistipes;s__Alistipes_obesi	0.015730347296	-0.03398430603	-0.0310721392692	0.00502403069764	0.00170758252269	0.0319488768465	-0.0342164668613	-0.0233830774192	-0.0552659193214	-0.00152216965461	-0.0442478154759	-0.0480500021319	-0.0291111397346	1.0	-0.0690765257403	-0.019501644442	0.00384825022503	0.0122007908626	-0.0495596281653	-0.0575614704953	0.0230270453421	-0.0550609835797	0.060664762637	-0.035528322855	0.0597008894141	-0.0415981426453	-0.00692776862988	-0.0605635725975	-0.0237929061869	-0.0376226627003	0.025828236818	-0.0291504461393	-0.0166420360403	-0.0229794994486	-0.0330539125092	0.000601702472395	-0.000748249730229	-0.0253409268794	0.000847853296257	-0.000641575148773	-0.0148264754018	-0.029128778343	0.0658279222928	0.00296464746744	-0.0290141484989	-0.0180487931033	-0.0205124157148	0.0566770937281	0.0287530858454	0.00181150965025	0.0330328977619	-0.0131955870904	0.0175966554242	0.00386221093296	-0.00572664330252	0.0352425950917	0.0648429359067	-0.00642299197582	-0.0121745139343
k__Bacteria;p__Firmicutes;c__Clostridia;o__Clostridiales;f__Lachnospiraceae;g__;s__[Eubacterium]_rectale	0.0198677099594	0.0390133670291	-0.0261773083943	-0.0188315964353	-0.00255737440345	-0.0177110604796	0.0257538065108	0.00275888916242	0.0454813694206	-0.0659905865782	0.00911181328174	0.015514954833	-0.0438804134707	-0.0690765257403	1.0	-0.00396531353253	0.0253178253562	-0.0752837644421	0.0410876775949	0.0183827747084	0.0141131298993	-0.0653019424726	0.0106779981902	0.0125596996178	-0.0413218361016	0.00751916224606	0.0724735153384	-0.0238010211318	0.0482657632084	-0.0365302859637	-0.0091345657187	-0.0223401434483	-0.00634301744811	0.0309963996537	-0.0393252640647	0.0436895718903	0.0322621076977	0.0314843196796	0.0133307472306	-0.00104542537373	0.0484278577165	-0.0217033378074	0.0626803550207	-0.0318014734487	0.0131961902081	-0.0474845814813	-0.0433737274992	-0.0313951066286	-0.0467716524054	-0.00492345676054	-0.0466914475808	-0.059570766119	-0.0416178941227	0.0166267417036	-0.0307923301577	-0.0619784663124	0.0201069321339	-0.0251093937079	0.00170731128019
k__Bacteria;p__Bacteroidetes;c__Bacteroidia;o__Bacteroidales;f__Bacteroidaceae;g__Bacteroides;s__Bacteroides_plebeius	0.0341557249661	-0.021736765463	-0.0117157670781	-0.0391146873039	0.0091502484851	0.024408346734	-0.0258351562959	-0.00917925605176	-0.045121220425	0.016426192408	-0.047252137824	0.0127937940764	0.0473314123077	-0.019501644442	-0.00396531353253	1.0	-0.0159191488943	0.0129465700484	0.0154328563788	0.0842452632078	-0.00874893332236	-0.0108252987415	-0.0428813777533	0.0876711110828	-0.0164617463765	-0.0230219275539	-0.0130195979026	-0.00723575941049	-0.0343138215249	-0.0468712477388	-0.0387589348153	-0.035727563627	0.042341649283	-0.0628426058168	0.0383343064411	0.0136654120007	0.0263423888583	0.0122847005337	0.00999661566841	-0.0536312580338	-0.0215370531684	-0.0309256580277	-0.0350289444687	-0.0112884732159	-0.0510995576544	-0.0440980650731	-0.0124254759414	0.0407791183085	-0.00972521670529	0.0125377922463	0.00120403259712	0.028517490191	0.0298251741883	0.0014544237366	0.00730989601497	0.0193198726325	-0.0239120099543	0.0184707977856	0.0025382116123
k__Bacteria;p__Bacteroidetes;c__Bacteroidia;o__Bacteroidales;f__Bacteroidaceae;g__Bacteroides;s__Bacteroides_fragilis	0.00384661449737	0.0265619301428	0.00734740220172	0.0372097142806	-0.0543829619027	-0.0214669516141	-0.0390809748637	-0.0301017549698	-0.0214713358033	-0.0362802437513	0.0415669277369	-0.0296432127959	-0.000782674795119	0.00384825022503	0.0253178253562	-0.0159191488943	1.0	-0.0445005618516	-0.00691535498655	-0.039520961026	-0.0477224453041	0.0280847912523	-0.0181461597643	-0.0151788186123	-0.0273593064099	-0.0629983458455	-0.0436371418773	0.0355768289803	-0.03419219357	0.0385932487654	-0.030420262769	0.00130390243399	-0.0542965437001	-0.0031155166778	-0.0366865983311	-0.0149892137534	-0.00199376690142	0.0309485531426	0.00706601462094	0.00372454178645	-0.0198705424966	0.0119508009308	-0.0299040428531	-0.015604224146	-0.000988798409583	0.0347754359848	-0.0194447169436	0.0200946793842	-0.00441895653415	-0.0166708674286	-0.0751007230055	0.0289211539399	-0.020355805101	-0.043337217196	-0.0321379373163	0.00932971496415	-0.0448150529672	0.0130743361421	0.0111471530684
k__Bacteria;p__Proteobacteria;c__Betaproteobacteria;o__Burkholderiales;f__Sutterellaceae;g__Sutterella;s__Sutterella_wadsworthensis	-0.00274657034294	-0.0198515725204	-0.0390293004612	0.0112312271164	-0.0257435297748	-0.000731863956722	0.0194518943032	-0.0366309184946	-0.00650830361471	-0.0135308679639	-0.061900178335	-0.0346504252221	-0.00379179603277	0.0122007908626	-0.0752837644421	0.0129465700484	-0.0445005618516	1.0	0.0385002669764	-0.0456698738376	-0.0121134424919	0.017482223309	0.00183139078961	-0.0264676685917	-0.0566339853686	-0.069466124849	-0.00864313862616	0.0254577132507	-0.0106664650058	0.00854459287642	0.00643731804364	0.0755461954636	-0.027201042633	-0.0386372774547	-0.0214704386681	0.0559821769118	0.0169957210873	-0.00188653665809	0.0474058561907	-0.0106947684648	-0.00379765901345	0.0206691351202	-0.0354738107348	-0.0017955656704	0.0332173166019	0.0304355130947	0.0248920025796	-0.0260205684268	0.00869264945906	0.0466380427542	-0.00141448968017	0.0129180522423	-0.0275896152439	-0.0228566445223	-0.00860652152101	-0.00932584003313	-0.00731585868772	-0.00481902977882	0.0040310010697
k__Bacteria;p__Bacteroidetes;c__Bacteroidia;o__Bacteroidales;f__Porphyromonadaceae;g__Barnesiella;s__Barnesiella_intestinihominis	0.00274548605862	-0.0161068627301	0.0326238513714	-0.000209040633511	-0.00987602699383	0.0344769953586	0.0330402504378	0.0426047308583	0.025020900404	-0.0188516580166	-0.00155487243044	-0.00320630834994	-0.0417047259419	-0.0495596281653	0.0410876775949	0.0154328563788	-0.00691535498655	0.0385002669764	1.0	0.0152696108167	0.0135065951574	-0.00464897512469	0.0164343827505	0.0141754610093	-0.055271882294	0.0181617096909	-0.000363211567843	-0.0359958449603	0.0224553136734	-0.0310409868422	0.0130459093343	-0.0236238274642	0.0846088860866	-0.0131997231456	-0.0449028200933	-0.0325775948965	-0.0353899113419	-0.066501749624	-0.0603585603831	0.0119074129319	-0.0491400717719	-0.0276400793095	-0.0280871857989	-0.0406947858205	-0.0160843334442	-0.0344365719676	-0.0381498809723	-0.0163409872776	0.0159109899874	-0.00731882965328	-0.0419170071998	0.0435684994018	-0.00235225002644	0.0160537944098	0.00387870230909	-0.0231618639518	-0.0676050067152	-0.0583556308427	-0.00209271735265
k__Bacteria;p__Bacteroidetes;c__Bacteroidia;o__Bacteroidales;f__Odoribacteraceae;g__Odoribacter;s__Odoribacter_splanchnicus	-0.0388233339524	0.0343884639008	-0.0393287425555	0.0340323617691	0.0183998071586	-0.019723930803	0.0243392598258	-0.0198701674283	-0.0520677535562	0.0138280705456	-0.0567262945662	0.0195299626403	0.0604646525669	-0.0575614704953	0.0183827747084	0.0842452632078	-0.039520961026	-0.0456698738376	0.0152696108167	1.0	0.0159650191703	-0.0558711909339	-0.0443606006876	-0.00209327978972	0.00773692406396	-0.00260673109799	0.0373503684635	-0.0489546727781	-0.0533501744763	-0.0611195297867	-0.028464850469	0.0511941609282	-0.0147352962666	0.00913466887131	-0.0173362515375	0.0199388120854	-0.0466539573562	3.76804846752e-05	0.0245994178162	-0.0475987567708	0.00239122761679	-0.0199566743543	0.0330225952314	-0.0120249591269	-0.0263505679567	-0.0388678357149	0.0207803812377	0.0306564753633	-0.0398468732221	0.0520949404422	0.0334562430449	-0.00577895943466	-0.0225292367154	0.00809495502862	0.0501701927286	0.000280645064101	-0.0658801753305	-0.0012413608494	-0.0608441959302
k__Bacteria;p__Bacteroidetes;c__Bacteroidia;o__Bacteroidales;f__Bacteroidaceae;g__Bacteroides;s__Bacteroides_salyersiae	0.0109599974702	-0.0378936263578	0.0133696743245	0.0163717790026	0.00984662295731	-0.00126066582289	-0.0228260812843	0.0303828089764	-0.0287220035882	-0.0285453445404	-0.0536473736976	0.0381196902538	0.00703982218116	0.0230270453421	0.0141131298993	-0.00874893332236	-0.0477224453041	-0.0121134424919	0.0135065951574	0.0159650191703	1.0	0.0128874393156	0.00215873050085	-0.0154467032305	0.0122739030121	-0.0633833028921	0.0220793969466	0.0237431048669	0.036193202478	-0.0624549942909	-0.0279378296957	0.0368327690924	0.000926381411963	-0.00299323004606	-0.0206588485044	-0.0328856488969	-0.0210618352829	-0.0312010875032	-0.0263171882715	0.0205268670906	0.00250685523616	0.00184615137303	-0.0035611444677	-0.0324416029212	-0.0197101758725	-0.0101325228867	-0.0502454648984	0.012686181588	0.020620503855	0.0256154541409	0.0725596255567	-0.0662056723696	0.00720024807864	-0.050131604624	-0.01714615352	-0.0355845880207	-0.034567271351	-0.00804045236622	0.0222368268516
k__Bacteria;p__Firmicutes;c__Clostridia;o__Clostridiales;f__Ruminococcaceae;g__Ruminiclostridium;s__[Eubacterium]_siraeum	0.0264142799659	0.055287668549	-0.0261811149052	-0.0168782248362	-0.0163912262801	0.0210629045542	0.0124210797513	-0.0233629465108	-0.00388872349492	-0.0253169484637	0.02901445763	-0.0246842107091	0.0123708707418	-0.0550609835797	-0.0653019424726	-0.0108252987415	0.0280847912523	0.017482223309	-0.00464897512469	-0.0558711909339	0.0128874393156	1.0	-0.0485800939564	-0.0435667678232	-0.0136612869196	-0.0137313309064	0.0257995013009	-0.0280143455157	-0.00735396782279	-0.00227907740985	-0.0821333449729	-0.0571268192902	-0.00623617305894	-0.0136623366572	0.02407832001	-0.0259880119068	-0.0244701320144	0.0278187344877	-0.0293087895584	0.0797234887811	0.00411194528394	-0.0526411331404	-0.0115037466046	0.0155425956213	-0.0124108090874	0.00586890116861	0.0300368919893	0.01898099686	0.0385440763951	-0.0458052680021	-0.00157296014055	0.0218092975544	-0.0162427918985	0.00978095540508	0.0693589252603	-0.0300272474267	-0.0239074482678	-0.0015287168878	-0.0278556867118
k__Bacteria;p__Proteobacteria;c__Betaproteobacteria;o__Burkholderiales;f__Sutterellaceae;g__Parasutterella;s__Parasutterella_excrementihominis	0.0262463503639	-0.00912311480508	0.0298409135423	-0.0285759877598	-0.0242108310518	-0.0342890214733	0.0262903103915	9.34911030668e-05	-0.0344258541793	0.035216289519	-0.027616216473	-0.0132580756521	-0.051894512714	0.060664762637	0.0106779981902	-0.0428813777533	-0.0181461597643	0.00183139078961	0.0164343827505	-0.0443606006876	0.00215873050085	-0.0485800939564	1.0	-0.0498967603993	-0.0294611106167	-0.0491610830361	-0.00425534034176	-0.0117586632383	0.000499049769649	0.0416269204741	-0.013388956317	0.0145491408182	-0.0699077688685	-0.00577480151794	0.0520786722179	-0.0139662237451	0.00029394262226	0.00727815315285	-0.0746129372056	0.00616050199184	0.0170208955063	-0.0150056755588	-0.0828567091464	0.0538379835197	-0.0276235495877	-0.00337900075669	-0.0173955950742	-0.0132570353949	-0.00946105275006	-0.0296505141592	-0.0315561634869	-0.0167573176282	-0.00852615371459	0.0454256097066	0.0010537438837	0.0429990896558	-0.0472947251425	0.00646511452965	0.00572856208311
k__Bacteria;p__Actinobacteria;c__Actinobacteria;o__Bifidobacteriales;f__Bifidobacteriaceae;g__Bifidobacterium;s__Bifidobacterium_adolescentis	0.0230522689653	0.00498698629853	-0.00699084967452	0.0110498014781	0.024719084706	0.0308648525643	-0.00937814719177	0.0228464996554	-0.0437261430418	0.00363795036306	-0.00673637903548	-0.00296055133381	0.0232227152109	-0.035528322855	0.0125596996178	0.0876711110828	-0.0151788186123	-0.0264676685917	0.0141754610093	-0.00209327978972	-0.0154467032305	-0.0435667678232	-0.0498967603993	1.0	-0.0161495525304	-0.0772377694372	0.0212767936204	-0.0577320136584	0.0232282384782	-0.0232957033735	-0.0517939794146	-0.0137306902836	-0.044693692352	-0.0797333913161	-0.00522020971093	0.0196420195539	-0.0318856442566	0.0265436265745	-0.00210314798534	0.0700677667759	0.00704720344268	-0.0299900575248	0.028547421972	-0.0658106546988	0.0431464314435	0.0248636279365	-0.0429666859364	0.0381293087417	-0.00518007220332	-0.0300749566607	-0.0248746852138	0.00332029649614	-0.0304441717372	-0.0284407868323	-0.00208165625624	-0.0138761918551	0.000299359894693	0.0288044315644	-0.0254853616711
k__Bacteria;p__Firmicutes;c__Clostridia;o__Clostridiales;f__Oscillospiraceae;g__Oscillibacter;s__Oscillibacter_sp._KLE_1745	0.0593950389225	0.00615380368806	-0.0140424979516	-0.00871906147855	-0.0164586880644	-0.0308580867089	0.0366184166107	-0.0269792236336	-0.0359964714751	-0.0200031476448	-0.000587416988878	0.0385862552994	-0.0435508448404	0.0597008894141	-0.0413218361016	-0.0164617463765	-0.0273593064099	-0.0566339853686	-0.055271882294	0.00773692406396	0.0122739030121	-0.0136612869196	-0.0294611106167	-0.0161495525304	1.0	-0.011303507466	0.012721391161	0.0103914107978	-0.0366156449847	0.0357484394853	-0.0396081177015	-0.00138660270272	-0.0140029372571	0.0157470842155	-0.0321954084508	-0.0204256029851	0.0309606040153	-0.0415734836515	0.0355668302914	-0.089059631776	0.0333083408114	0.0100325449606	-0.0276116747061	0.0321759406596	-0.0519897491228	-0.00296811222442	0.0100726440561	0.0222123894226	0.0524878228688	0.0179694074838	0.0276995053842	-0.0410804809575	-0.0541273282633	0.0163885968579	-0.0735819931966	-0.0351219939313	0.0172102072913	0.0329036347659	0.0483825568234
k__Bacteria;p__Bacteroidetes;c__Bacteroidia;o__Bacteroidales;f__Bacteroidaceae;g__Bacteroides;s__Bacteroides_coprophilus	0.0112474613829	0.00946812847003	0.0140069552767	-0.0222162029336	-0.0827891751146	0.0119686351903	0.0138585521265	0.0114876201942	0.0288711554459	-0.0175339071943	0.0332475941178	0.00815044889711	-0.0361139306925	-0.0415981426453	0.00751916224606	-0.0230219275539	-0.0629983458455	-0.069466124849	0.0181617096909	-0.00260673109799	-0.0633833028921	-0.0137313309064	-0.0491610830361	-0.0772377694372	-0.011303507466	1.0	0.0473930309844	-0.00816578450702	-0.0177654667989	-0.0329105033487	-0.0111603625094	-0.0139197248435	0.0299660963535	-0.00873959032243	-0.0153390605083	0.0546243559906	-0.0178044334157	-0.0103908676969	0.00870668878635	-0.0240287536091	0.0325078514022	-0.0185297222485	0.0232198351398	0.00215282253185	-0.0398166633141	-0.0164823232422	-0.0181505929633	0.0292384706149	-0.0435883811941	-0.0265290784592	-0.00349136434541	-0.0432019192338	-0.0432916516931	0.0289790127159	-0.0332728808352	0.00087164648258	0.00605931219264	0.024775251472	-0.0112792942276
k__Bacteria;p__Firmicutes;c__Clostridia;o__Clostridiales;f__Lachnospiraceae;g__Roseburia;s__Roseburia_intestinalis	0.0438854520031	0.0767206551232	0.00287491619925	-0.00169974595498	0.0272682471419	0.0278465089753	-0.0518538437529	-0.0503314377133	-0.0654092662665	-0.00719875899516	0.0162041885842	-0.0163859209222	0.0709938390966	-0.00692776862988	0.0724735153384	-0.0130195979026	-0.0436371418773	-0.00864313862616	-0.000363211567843	0.0373503684635	0.0220793969466	0.0257995013009	-0.00425534034176	0.0212767936204	0.012721391161	0.0473930309844	1.0	-0.0088663768079	0.036425988993	0.0177868000549	-0.0237163878816	-0.0266780273001	-0.0125743571909	-0.0219030823273	0.00440634914003	0.0142657302051	-0.0233215817245	-0.0466640330047	-0.033479244226	-0.00480780143109	0.0116398577858	-0.0670666342459	-0.0585581407504	0.0273162699236	-0.0256196758058	-0.0422749080503	-0.0208656511588	-0.0274034576536	-0.0381847540758	-0.0110580340029	-0.0507487530584	-0.0389109251587	-0.0084299566543	-0.0234571900228	0.0257902029795	-0.0103235426787	-0.0155277546873	0.00495271112379	0.0257003605128
k__Bacteria;p__Firmicutes;c__Clostridia;o__Clostridiales;f__Lachnospiraceae;g__Roseburia;s__Roseburia_hominis	0.00244349138278	-0.0104697424304	-0.00518691218436	-0.00667270941933	0.00605265660172	-0.0121817100874	-0.025055330845	-0.0281983541664	-0.031932154199	-0.0217339765662	-0.0170509790413	-0.0096304802726	-0.0149378541145	-0.0605635725975	-0.0238010211318	-0.00723575941049	0.0355768289803	0.0254577132507	-0.0359958449603	-0.0489546727781	0.0237431048669	-0.0280143455157	-0.0117586632383	-0.0577320136584	0.0103914107978	-0.00816578450702	-0.0088663768079	1.0	-0.0100312383228	-0.00542518781204	0.0529997848523	-0.0094370949799	0.0548106869477	0.0203265805408	-0.0121679589535	-0.00300395498578	0.0218648344731	0.00238110575108	0.0254811676406	-0.0306568279265	-0.0419444333889	0.0197117419286	0.00500001792072	0.0248385229388	0.0671477984839	0.0038854874202	0.0237121232101	0.0198261437191	-0.0218544322823	-0.0460328630923	0.0296333225706	-0.0130693767464	0.0140129103962	-0.0364101507307	-0.0576255037077	0.0361419321637	-0.0603348640673	-0.00477661920997	-0.0460549065642
k__Bacteria;p__Bacteroidetes;c__Bacteroidia;o__Bacteroidales;f__Porphyromonadaceae;g__Parabacteroides;s__Parabacteroides_johnsonii	0.0181202372862	-0.0307102404787	0.0398901752163	-0.0226479954969	-0.0105021508443	0.040751181167	0.019681004772	-0.0163194998458	-0.0129455093475	-0.0518868367315	-0.0271872106842	0.0133633166725	0.00781675063498	-0.0237929061869	0.0482657632084	-0.0343138215249	-0.03419219357	-0.0106664650058	0.0224553136734	-0.0533501744763	0.036193202478	-0.00735396782279	0.000499049769649	0.0232282384782	-0.0366156449847	-0.0177654667989	0.036425988993	-0.0100312383228	1.0	-0.0183306600957	0.0399767842045	0.00149425054367	-0.0136593965333	-0.00712852786274	-0.00751576668475	-0.00424378980728	0.0203140271221	0.0189270937367	-0.0217996804038	-0.00348892312679	-0.00145334524193	0.021797801316	0.0314309687173	-0.0283837583522	-0.0190594597086	-0.0260465625345	-0.0460451435582	-0.00768952258817	0.0164866984714	0.0645633076681	-0.0160536204214	-0.0363074869111	-0.0142054550727	-0.022523292313	-0.0298188746752	0.0128943928517	0.016223555902	-0.0653729978641	-0.0070872577302
k__Bacteria;p__Actinobacteria;c__Actinobacteria;o__Bifidobacteriales;f__Bifidobacteriaceae;g__Bifidobacterium;s__Bifidobacterium_longum	-0.0179751756366	0.0550773398986	-0.00210039883027	0.0133316039686	-0.0390954047219	-0.0265545425905	0.0524181201128	-0.0397656937148	-0.0190545795732	0.0684877228343	-0.00416152992689	-0.00333871885234	-0.0198684567352	-0.0376226627003	-0.0365302859637	-0.0468712477388	0.0385932487654	0.00854459287642	-0.0310409868422	-0.0611195297867	-0.0624549942909	-0.00227907740985	0.0416269204741	-0.0232957033735	0.0357484394853	-0.0329105033487	0.0177868000549	-0.00542518781204	-0.0183306600957	1.0	0.0411653111251	-0.068769852839	0.000346255384509	-0.00603583948138	-0.00684059537678	-0.07151986573	0.0785728207315	0.0398023323304	0.0202051470912	-0.0823387735783	0.000595344786467	-0.0131143852526	-0.0247359485336	-0.0213838967309	-0.00385284945225	0.0354295552013	-0.035237709365	-0.0361258347469	0.0361756512006	-0.00108518920262	0.0663126539542	-0.0508979359715	-0.00062527717565	-0.0168117942715	0.0137027698375	-0.0192724254689	-0.0146097837078	0.0434342003984	-0.0375297903023
