#taxonomy	k__Bacteria;p__Bacteroidetes;c__Bacteroidia;o__Bacteroidales;f__Bacteroidaceae;g__Bacteroides;s__Bacteroides_vulgatus	k__Bacteria;p__Bacteroidetes;c__Bacteroidia;o__Bacteroidales;f__Bacteroidaceae;g__Bacteroides;s__Bacteroides_uniformis	k__Bacteria;p__Bacteroidetes;c__Bacteroidia;o__Bacteroidales;f__Rikenellaceae;g__Alistipes;s__Alistipes_putredinis	k__Bacteria;p__Bacteroidetes;c__Bacteroidia;o__Bacteroidales;f__Prevotellaceae;g__Prevotella;s__Prevotella_copri	k__Bacteria;p__Bacteroidetes;c__Bacteroidia;o__Bacteroidales;f__Bacteroidaceae;g__Bacteroides;s__Bacteroides_stercoris	k__Bacteria;p__Bacteroidetes;c__Bacteroidia;o__Bacteroidales;f__Bacteroidaceae;g__Bacteroides;s__Bacteroides_ovatus	k__Bacteria;p__Bacteroidetes;c__Bacteroidia;o__Bacteroidales;f__Rikenellaceae;g__Alistipes;s__Alistipes_shahii	k__Bacteria;p__Firmicutes;c__Clostridia;o__Clostridiales;f__Ruminococcaceae;g__Faecalibacterium;s__Faecalibacterium_prausnitzii	k__Bacteria;p__Bacteroidetes;c__Bacteroidia;o__Bacteroidales;f__Rikenellaceae;g__Alistipes;s__Alistipes_finegoldii	k__Bacteria;p__Bacteroidetes;c__Bacteroidia;o__Bacteroidales;f__Porphyromonadaceae;g__Parabacteroides;s__Parabacteroides_distasonis	k__Bacteria;p__Bacteroidetes;c__Bacteroidia;o__Bacteroidales;f__Bacteroidaceae;g__Bacteroides;s__Bacteroides_thetaiotaomicron	k__Bacteria;p__Bacteroidetes;c__Bacteroidia;o__Bacteroidales;f__Bacteroidaceae;g__Bacteroides;s__Bacteroides_coprocola	k__Bacteria;p__Bacteroidetes;c__Bacteroidia;o__Bacteroidales;f__Bacteroidaceae;g__Bacteroides;s__Bacteroides_cellulosilyticus	k__Bacteria;p__Bacteroidetes;c__Bacteroidia;o__Bacteroidales;f__Rikenellaceae;g__Alistipes;s__Alistipes_obesi	k__Bacteria;p__Firmicutes;c__Clostridia;o__Clostridiales;f__Lachnospiraceae;g__;s__[Eubacterium]_rectale	k__Bacteria;p__Bacteroidetes;c__Bacteroidia;o__Bacteroidales;f__Bacteroidaceae;g__Bacteroides;s__Bacteroides_plebeius	k__Bacteria;p__Bacteroidetes;c__Bacteroidia;o__Bacteroidales;f__Bacteroidaceae;g__Bacteroides;s__Bacteroides_fragilis	k__Bacteria;p__Proteobacteria;c__Betaproteobacteria;o__Burkholderiales;f__Sutterellaceae;g__Sutterella;s__Sutterella_wadsworthensis	k__Bacteria;p__Bacteroidetes;c__Bacteroidia;o__Bacteroidales;f__Porphyromonadaceae;g__Barnesiella;s__Barnesiella_intestinihominis	k__Bacteria;p__Bacteroidetes;c__Bacteroidia;o__Bacteroidales;f__Odoribacteraceae;g__Odoribacter;s__Odoribacter_splanchnicus	k__Bacteria;p__Bacteroidetes;c__Bacteroidia;o__Bacteroidales;f__Bacteroidaceae;g__Bacteroides;s__Bacteroides_salyersiae	k__Bacteria;p__Firmicutes;c__Clostridia;o__Clostridiales;f__Ruminococcaceae;g__Ruminiclostridium;s__[Eubacterium]_siraeum	k__Bacteria;p__Proteobacteria;c__Betaproteobacteria;o__Burkholderiales;f__Sutterellaceae;g__Parasutterella;s__Parasutterella_excrementihominis	k__Bacteria;p__Actinobacteria;c__Actinobacteria;o__Bifidobacteriales;f__Bifidobacteriaceae;g__Bifidobacterium;s__Bifidobacterium_adolescentis	k__Bacteria;p__Firmicutes;c__Clostridia;o__Clostridiales;f__Oscillospiraceae;g__Oscillibacter;s__Oscillibacter_sp._KLE_1745	k__Bacteria;p__Bacteroidetes;c__Bacteroidia;o__Bacteroidales;f__Bacteroidaceae;g__Bacteroides;s__Bacteroides_coprophilus	k__Bacteria;p__Firmicutes;c__Clostridia;o__Clostridiales;f__Lachnospiraceae;g__Roseburia;s__Roseburia_intestinalis	k__Bacteria;p__Firmicutes;c__Clostridia;o__Clostridiales;f__Lachnospiraceae;g__Roseburia;s__Roseburia_hominis	k__Bacteria;p__Bacteroidetes;c__Bacteroidia;o__Bacteroidales;f__Porphyromonadaceae;g__Parabacteroides;s__Parabacteroides_johnsonii	k__Bacteria;p__Actinobacteria;c__Actinobacteria;o__Bifidobacteriales;f__Bifidobacteriaceae;g__Bifidobacterium;s__Bifidobacterium_longum	k__Bacteria;p__Firmicutes;c__Clostridia;o__Clostridiales;f__;g__Flavonifractor;s__Flavonifractor_plautii	k__Bacteria;p__Firmicutes;c__Clostridia;o__Clostridiales;f__Clostridiaceae;g__Clostridium;s__Clostridium_phoceensis	k__Bacteria;p__Verrucomicrobia;c__Verrucomicrobiae;o__Verrucomicrobiales;f__Akkermansiaceae;g__Akkermansia;s__Akkermansia_muciniphila	k__Bacteria;p__Bacteroidetes;c__Bacteroidia;o__Bacteroidales;f__Prevotellaceae;g__Paraprevotella;s__Paraprevotella_xylaniphila	k__Bacteria;p__Firmicutes;c__Clostridia;o__Clostridiales;f__Ruminococcaceae;g__Ruminococcus;s__Ruminococcus_callidus	k__Bacteria;p__Bacteroidetes;c__Bacteroidia;o__Bacteroidales;f__Rikenellaceae;g__Alistipes;s__Alistipes_senegalensis	k__Bacteria;p__Firmicutes;c__Clostridia;o__Clostridiales;f__Lachnospiraceae;g__Blautia;s__Blautia_sp._KLE_1732	k__Bacteria;p__Bacteroidetes;c__Bacteroidia;o__Bacteroidales;f__Bacteroidaceae;g__Bacteroides;s__Bacteroides_oleiciplenus	k__Bacteria;p__Firmicutes;c__Clostridia;o__Clostridiales;f__Ruminococcaceae;g__Ruminococcus;s__Ruminococcus_bicirculans	k__Bacteria;p__Bacteroidetes;c__Bacteroidia;o__Bacteroidales;f__Bacteroidaceae;g__Bacteroides;s__Bacteroides_fluxus	k__Bacteria;p__Bacteroidetes;c__Bacteroidia;o__Bacteroidales;f__Prevotellaceae;g__Prevotella;s__Prevotella_stercorea	k__Bacteria;p__Firmicutes;c__Clostridia;o__Clostridiales;f__Lachnospiraceae;g__Dorea;s__Dorea_longicatena	k__Bacteria;p__Firmicutes;c__Clostridia;o__Clostridiales;f__Eubacteriaceae;g__Eubacterium;s__[Eubacterium]_eligens	k__Bacteria;p__Firmicutes;c__Clostridia;o__Clostridiales;f__Ruminococcaceae;g__;s__Ruminococcaceae_bacterium_D16	k__Bacteria;p__Firmicutes;c__Clostridia;o__Clostridiales;f__Lachnospiraceae;g__Coprococcus;s__Coprococcus_comes	k__Bacteria;p__Proteobacteria;c__Gammaproteobacteria;o__Enterobacterales;f__Enterobacteriaceae;g__Escherichia;s__Escherichia_coli	k__Bacteria;p__Firmicutes;c__Clostridia;o__Clostridiales;f__Ruminococcaceae;g__Anaerotruncus;s__Anaerotruncus_colihominis	k__Bacteria;p__Firmicutes;c__Clostridia;o__Clostridiales;f__Lachnospiraceae;g__Blautia;s__Blautia_obeum	k__Bacteria;p__Bacteroidetes;c__Bacteroidia;o__Bacteroidales;f__Odoribacteraceae;g__Odoribacter;s__Odoribacter_laneus	k__Bacteria;p__Firmicutes;c__Clostridia;o__Clostridiales;f__Ruminococcaceae;g__Ruminiclostridium;s__[Clostridium]_leptum	k__Bacteria;p__Bacteroidetes;c__Bacteroidia;o__Bacteroidales;f__Porphyromonadaceae;g__Parabacteroides;s__Parabacteroides_goldsteinii	k__Bacteria;p__Firmicutes;c__Clostridia;o__Clostridiales;f__Lachnospiraceae;g__Anaerostipes;s__Anaerostipes_hadrus	k__Bacteria;p__Firmicutes;c__Clostridia;o__Clostridiales;f__Ruminococcaceae;g__Ruminococcus;s__Ruminococcus_lactaris	k__Bacteria;p__Firmicutes;c__Clostridia;o__Clostridiales;f__Clostridiaceae;g__Clostridium;s__Clostridium_sp._L2-50	k__Bacteria;p__Firmicutes;c__Clostridia;o__Clostridiales;f__Clostridiaceae;g__Clostridium;s__Clostridium_sp._M62/1	k__Bacteria;p__Firmicutes;c__Clostridia;o__Clostridiales;f__;g__Intestinimonas;s__Intestinimonas_butyriciproducens	k__Bacteria;p__Actinobacteria;c__Actinobacteria;o__Bifidobacteriales;f__Bifidobacteriaceae;g__Bifidobacterium;s__Bifidobacterium_bifidum	k__Bacteria;p__Firmicutes;c__Negativicutes;o__Veillonellales;f__Veillonellaceae;g__Dialister;s__Dialister_invisus	k__Bacteria;p__Bacteroidetes;c__Bacteroidia;o__Bacteroidales;f__Bacteroidaceae;g__Bacteroides;s__Bacteroides_salanitronis
k__Bacteria;p__Bacteroidetes;c__Bacteroidia;o__Bacteroidales;f__Bacteroidaceae;g__Bacteroides;s__Bacteroides_vulgatus	1.0	0.033720697467	0.00232620835167	0.028467259177	-0.018627051003	-0.00117580207345	-0.0423415664825	0.0127394281237	-0.019217254259	-0.0391132815935	-0.00168707512129	-0.0384574328663	0.00190370447542	0.026886675967	-0.034595678989	0.00345563526067	0.00612196148685	0.00351276280308	-0.0340508018941	0.0264184543197	0.0605608106528	-0.0159090384126	-0.049309456596	0.0549527122644	-0.0267287588657	0.0249678128287	0.0343764432139	-0.00316130876232	0.0382048286559	-0.00631511125114	0.0290675481204	-0.0198442359398	-0.0172185549697	-0.0276489791182	-0.0250284766308	-0.0299433989853	-0.0215355547126	0.0397926987118	-0.0107721174976	-0.00360644761735	0.0146947508487	-0.00151861925432	0.00542474534044	-0.0523266337035	-0.0243110856276	-0.0176831691172	0.0307365483383	0.032086716857	0.00843454560843	-0.00221081003372	-0.0525865273168	0.0227978851723	-0.0215940802022	0.0301498418355	0.0580803638696	-0.031035936212	-0.0422042933438	0.0347376002281	-0.0214039387478
k__Bacteria;p__Bacteroidetes;c__Bacteroidia;o__Bacteroidales;f__Bacteroidaceae;g__Bacteroides;s__Bacteroides_uniformis	0.033720697467	1.0	0.0136780051236	0.0510912688049	0.0315891280275	0.0467508127492	-0.0317731704165	-0.0316060112377	0.0362268472039	0.0153773165251	0.00414097405529	-0.0145407489369	-0.0471955829233	-0.0150474313958	-0.027618627176	0.0326300229871	0.0376410873679	0.00769218868387	-0.0257684780775	-0.0313651753675	0.0120545378909	-0.00203095292143	-0.0344671747411	-0.0621651739649	-0.0631660949218	0.0225437120058	-0.0341412864479	-0.0589868540189	0.0557066887755	0.0032023507717	-0.0395478758383	-0.0440544792408	0.014666965762	-0.0608492677695	-0.0226200435153	0.000285799274364	0.0422281705041	0.0180805972194	-0.0647349420971	0.0729926702016	-0.0183730632054	0.00867815521136	0.0296982633139	-0.047978127018	-0.0316018800092	0.018354314316	-0.00909580250073	-0.0565603208898	0.0409508113857	-0.0342841420933	-0.0127872693456	0.067990629888	-0.0490093014536	-0.0387045419865	0.038563666047	-0.0304739731322	0.013566511272	-0.00456529771777	-0.0339453074518
k__Bacteria;p__Bacteroidetes;c__Bacteroidia;o__Bacteroidales;f__Rikenellaceae;g__Alistipes;s__Alistipes_putredinis	0.00232620835167	0.0136780051236	1.0	-0.0335070654693	0.0376019548591	-0.0386220478347	0.00392471022224	-0.0531138718417	-0.0106512542609	-0.0340377129048	-0.016255976757	-0.0307715121124	-0.00939389580887	-0.0325821019704	0.0171958461553	0.0484273181075	0.0119575675101	0.0137000646844	0.0217826697635	0.0330325326604	-0.0392538197896	0.0147178830842	0.013764653871	0.00415007233639	-0.00412430635938	-0.0593181032728	-0.0328042772878	-0.0241651315956	0.00713666750323	0.0129458063779	0.0200827638455	-0.0445920176117	-0.032870247646	0.0575158704686	-0.0156944535473	-0.0085523109746	-0.0158317788175	0.0210983385262	-0.0157850339271	-0.00393485648626	-0.0092423968531	-0.0218591091728	-0.00732604234687	0.000341455276258	0.01303620933	0.0104893831784	-0.0493285169057	-0.0273914043744	-0.0264749976829	-0.00237226727533	0.0355176785785	-0.00080443920103	0.0109734434234	-0.0137237553831	-0.0365975052498	0.0213587183001	0.0241408417272	0.00410776253638	-0.0725596566078
k__Bacteria;p__Bacteroidetes;c__Bacteroidia;o__Bacteroidales;f__Prevotellaceae;g__Prevotella;s__Prevotella_copri	0.028467259177	0.0510912688049	-0.0335070654693	1.0	0.0336407152672	-0.0213339572491	-0.0105108427755	-0.0373839776811	-0.0800808160395	-0.0197921809179	0.0437847381863	0.0429399128262	-0.0308451236968	-0.0155618161734	-0.00581240387087	-0.0233690422264	0.0566839924872	-0.0489842901681	0.0220210126549	-0.0266764507833	0.0256987622824	-0.0248200521355	0.0113258211297	-0.00146701112679	-0.0627906175804	-0.0513174215877	-0.018583747649	0.0201152210931	-0.0346246993153	-0.0228645736244	-0.0282770667964	-0.0585147819721	-0.0336864403185	-0.00956141091946	0.00653089046548	-0.0152793982795	-0.0580456604529	0.0332077799265	-0.0394510618357	-0.0287086995659	-0.0286734933495	0.036107246247	-0.0120032171623	0.046086153839	-0.028304026185	0.0183187071343	-0.040737023989	-0.09139130072	0.0322010523635	0.0311806848269	0.00535520972082	-0.00261306716304	-0.0114514021033	0.0299874269841	-0.0577366925358	0.0132313952238	0.0252804471024	0.0423474721603	0.0667951272672
k__Bacteria;p__Bacteroidetes;c__Bacteroidia;o__Bacteroidales;f__Bacteroidaceae;g__Bacteroides;s__Bacteroides_stercoris	-0.018627051003	0.0315891280275	0.0376019548591	0.0336407152672	1.0	0.00456826092186	-0.0222411384078	-0.0141970409528	-0.00336215397734	0.000822598295215	0.0515670678296	-0.0826430648168	-0.0612625915937	0.0183505637065	-0.0671192371256	-0.0398265404991	-0.0307805825921	0.00569369574262	-0.00586990753637	-0.0218412115311	-0.0964169590268	-0.0197262264621	-0.0441087471942	0.0242052767877	0.0284996796222	0.0355254691447	-0.00216526096722	0.0154956408877	-0.0102951604926	-0.0110248068061	-0.0239632583747	-0.0238750056958	0.0194154456467	-0.00388010099641	-0.010741655251	0.0350533092086	-0.00836394053443	-0.0143526530209	-0.0133801603147	0.0135222377898	0.0120515198199	-0.00796211870392	-0.00993526992262	0.0393704574201	-0.021080173288	0.0227048957634	-0.00550121262429	-0.0118864644665	-0.0399061746669	-0.0491884515629	-0.00693505697305	-0.0146228472024	0.00653304772659	0.0185206459417	0.00203030540252	0.0199777582346	0.0299372733661	-0.0114097024764	0.0556737022607
k__Bacteria;p__Bacteroidetes;c__Bacteroidia;o__Bacteroidales;f__Bacteroidaceae;g__Bacteroides;s__Bacteroides_ovatus	-0.00117580207345	0.0467508127492	-0.0386220478347	-0.0213339572491	0.00456826092186	1.0	0.0119667644856	-0.0351312945435	-0.0354024659389	-0.0524066907685	-0.0522119571895	-0.0577660534811	0.0139704060065	-0.0190878946998	-0.0246422741058	-0.0217291222942	-0.0591807206594	-0.0825779430048	0.00046881574314	0.00412950311032	-0.0225002917563	0.00153246190712	-0.0111079035116	0.0290169406557	-0.0114642132385	0.0321995512672	-0.020159353886	0.0222906061968	0.00496506984614	0.00259956235238	0.00610531445207	-0.0284043367363	0.0105760368938	0.0271062842702	-0.0166175476962	0.0368733887298	-0.0230566450634	0.0116702490749	0.0437847646976	-0.0358161263511	0.00417897919818	0.0647013007152	-0.0192686993368	-0.0378203598013	0.00928830703467	0.0149513075409	-0.00608388234321	-0.0252798518826	0.0281759283645	0.000106390926249	-0.0190978092239	0.00768835975964	0.0153396019644	0.0308560314315	-0.0648083821582	-0.012931580859	0.0445897666491	-0.0295171934981	0.00891565777859
k__Bacteria;p__Bacteroidetes;c__Bacteroidia;o__Bacteroidales;f__Rikenellaceae;g__Alistipes;s__Alistipes_shahii	-0.0423415664825	-0.0317731704165	0.00392471022224	-0.0105108427755	-0.0222411384078	0.0119667644856	1.0	-0.000811139600855	-0.0254119556712	-0.015381119292	0.0494454158621	-0.0786134948003	0.0369673606384	-0.0299509039648	0.0537760563744	0.0244398306673	-0.00406049080932	-0.0430815677348	0.00926387978584	0.00306737317017	-0.0646525447518	0.00584242341787	0.0420352334411	-0.0182632771258	0.0227249817243	0.0326641605099	-0.0533269002262	0.0261989407272	0.000285253431514	0.0150663145401	0.0121679553916	0.0227707963568	0.0609423977931	-0.0292380120453	-0.0057961611884	0.00212632730487	0.0170642344841	-0.0133846056012	0.0456267729329	-0.0402356967794	-0.049876650111	-0.0179788048632	-0.0849712150742	-0.00885026320477	0.0530423354366	0.0572252598747	-0.0298475582012	-0.0689592071188	-0.0495273006002	0.0223654252069	-0.0264141271979	0.0145080367101	0.0110798551042	-0.0302793594099	0.0134221024077	-0.000923327574812	-0.0267978723706	0.0742846553818	-0.00032623654289
k__Bacteria;p__Firmicutes;c__Clostridia;o__Clostridiales;f__Ruminococcaceae;g__Faecalibacterium;s__Faecalibacterium_prausnitzii	0.0127394281237	-0.0316060112377	-0.0531138718417	-0.0373839776811	-0.0141970409528	-0.0351312945435	-0.000811139600855	1.0	0.00157782662188	0.0265886399013	0.0128351623876	0.0268401642133	-0.0104045505068	0.0375603467639	0.0413117600133	-0.0292976015368	-0.0130952501168	0.00220162483769	-0.0327267617383	0.0163420210803	0.0439847709304	0.0163331213954	-0.0432490538075	-0.0203233434136	0.0242536632762	-0.00367154382441	-0.0562170226638	-0.0083441826927	0.0185492292052	-0.0198485757906	0.0243610956109	0.0117788152023	0.00791373531436	-0.0692035471922	-0.0181279685025	0.0160637358796	-0.0463624971103	-0.0624009742955	-0.0220872234981	-0.00264815256014	0.0517670200592	-0.0342480159431	0.00168964516714	-0.00709733543834	-0.00100450435702	0.0133243085215	-0.0488934901114	-0.0691777545271	-0.0219954532015	-0.00850242065402	-0.0354853846213	-0.00426132101563	0.00730380189086	0.0654506034989	-0.055548042184	0.0197052865071	-0.0302797268811	0.0712007795723	-0.0191504548102
k__Bacteria;p__Bacteroidetes;c__Bacteroidia;o__Bacteroidales;f__Rikenellaceae;g__Alistipes;s__Alistipes_finegoldii	-0.019217254259	0.0362268472039	-0.0106512542609	-0.0800808160395	-0.00336215397734	-0.0354024659389	-0.0254119556712	0.00157782662188	1.0	0.0456198414296	0.0854802581841	0.0188880965832	0.0171725676892	0.0426117475223	-0.00751197484921	0.0532351106449	0.00888310934105	0.00287127253383	0.019953114088	0.0288068434815	-0.00208310231458	-0.00432660656906	-0.0191484932631	-0.0185224207387	0.0525351750339	-0.00816906587336	-0.0323476171399	0.0168296122432	0.0189831896837	-0.0317526146445	4.89178403209e-07	-0.0451551365395	-0.0352783823591	-0.0170213913185	-0.0450621013481	0.0196422566423	-0.00343452295805	-0.00731817307091	-0.0110094144225	-0.0268137487264	-0.0931321550853	0.0108829792449	-0.000192644941899	-0.00408946918025	0.0335779148783	-0.00244635346555	-0.0345198848531	-0.037125208945	-0.0177274295285	0.0202003954877	0.0303013786987	0.00335192134641	0.00225621014693	-0.0347676249583	-0.00746098058658	-0.0406392057552	-0.0558375693019	-0.0393411520436	-0.0380926372609
k__Bacteria;p__Bacteroidetes;c__Bacteroidia;o__Bacteroidales;f__Porphyromonadaceae;g__Parabacteroides;s__Parabacteroides_distasonis	-0.0391132815935	0.0153773165251	-0.0340377129048	-0.0197921809179	0.000822598295215	-0.0524066907685	-0.015381119292	0.0265886399013	0.0456198414296	1.0	0.0288676279661	0.0336609018984	-0.0437539379561	0.00390230626167	0.0882623102945	0.0118504359548	0.00704689537045	0.00435964427155	-0.0133786535734	0.00820192430677	-0.0619714163913	0.0483203565355	0.02419206409	-0.0218987720046	-0.0375588843392	-0.0358345159986	0.0201484375214	-0.0234716508595	0.0111205419552	0.0168344669834	-0.0333823202533	-0.00230883116451	-0.00287871820742	-0.0212535518334	-0.0029936800421	-0.0485795642537	0.056843393979	-0.0347619632777	-0.0389491914815	-0.044807601794	-0.0648233858818	0.0237632788556	0.0499568275982	-0.070371770407	0.0154799596641	-0.0121937233955	-0.0158312929145	-0.029785692606	0.01849519543	-0.076724263718	0.00388310910501	0.0379098067732	9.70578358063e-05	0.0190383622738	-0.0311642599128	-0.0317454194657	0.0216921758914	0.0116924045042	0.031181344144
k__Bacteria;p__Bacteroidetes;c__Bacteroidia;o__Bacteroidales;f__Bacteroidaceae;g__Bacteroides;s__Bacteroides_thetaiotaomicron	-0.00168707512129	0.00414097405529	-0.016255976757	0.0437847381863	0.0515670678296	-0.0522119571895	0.0494454158621	0.0128351623876	0.0854802581841	0.0288676279661	1.0	-0.0061459759291	-0.066857251506	-0.0470102902983	0.0181684281287	-0.00550874058032	0.0481871628374	-0.00477729784979	0.00615527538407	-0.00202176968949	-0.0226564044987	-0.0164071055469	-0.0465509922578	-0.0173731266981	0.0528692742331	-0.0295083473554	-0.0343883010115	-0.0187660913646	0.0188785374402	0.027965490257	-0.0561871603603	-0.00963447204496	0.0094432367003	-0.00266467661403	-0.0125002160399	0.014466489843	-0.0579643521939	0.0332096629874	-0.0180709111922	-0.0664209702643	0.0251289096403	0.0668035894137	-0.0326141600063	0.00435275190734	0.0414412057979	-0.0212754364346	-0.0440671437001	-0.0240719370831	0.00607498915164	0.0157088782493	0.0512300502876	0.00955656493569	0.000743527289522	-0.0382440898601	-0.00517062279102	-0.0345097633808	0.0506768612538	-0.015218034502	-0.0159044275406
k__Bacteria;p__Bacteroidetes;c__Bacteroidia;o__Bacteroidales;f__Bacteroidaceae;g__Bacteroides;s__Bacteroides_coprocola	-0.0384574328663	-0.0145407489369	-0.0307715121124	0.0429399128262	-0.0826430648168	-0.0577660534811	-0.0786134948003	0.0268401642133	0.0188880965832	0.0336609018984	-0.0061459759291	1.0	-0.0200629062722	-0.00326292781938	-0.0106921885678	0.00767204945412	0.0269219075905	0.0261505957472	-0.017317036022	0.015383868016	-0.0317038362482	-0.0672346707614	0.00493705175984	0.0331859415121	0.0132290613142	0.0622560803084	-0.0221843797797	-0.00255826534305	-0.00644178239101	-0.0116674267606	0.0156970311854	-0.018238076622	-0.0218582975291	0.0149654980631	-0.0308980353343	-0.0730462016861	-0.0501355419793	0.0494360286939	-0.0217233296761	-0.0445235443013	-0.0623945879682	-0.0120081297869	-0.00912588408158	0.0171381106259	-0.0204801338455	0.0851038138362	0.0374843098257	-0.0203558382696	0.0460771003683	0.0147167545457	-0.0520477690766	-0.0325619870212	0.0028514180373	-0.0401432895449	0.0195538606666	-0.0242234404903	-0.0298943687946	0.0119003623506	0.00164967154155
k__Bacteria;p__Bacteroidetes;c__Bacteroidia;o__Bacteroidales;f__Bacteroidaceae;g__Bacteroides;s__Bacteroides_cellulosilyticus	0.00190370447542	-0.0471955829233	-0.00939389580887	-0.0308451236968	-0.0612625915937	0.0139704060065	0.0369673606384	-0.0104045505068	0.0171725676892	-0.0437539379561	-0.066857251506	-0.0200629062722	1.0	0.0180055263293	0.0304587379923	-0.0324741000943	0.0154022798994	-0.0187643780433	0.0206807054887	0.0100006771058	0.0310695287834	-0.0458340117499	-0.0458884008322	0.0104114257016	-0.0187522974893	-0.00694657228669	0.0532846572949	-0.00290893299891	-0.0332645261443	0.0441964785809	-0.0259324539869	0.0285958696239	0.0412897187871	-0.0244110802592	-0.0225328423702	-0.0196128276522	0.0302487625839	-0.0214538982766	0.021519455997	0.00481898208921	-0.0107139854023	-0.0385118049388	0.0124941957078	0.0496530696973	0.021783906355	-0.0136677935877	-0.0142610267693	0.0255528220696	-0.00278568146003	-0.0114214533089	0.00654212182299	-0.0351745347983	-0.0222833040221	-0.0660359193655	-0.00447623207125	-0.0189365797274	-0.0470375571228	-0.0464690257851	0.0226973310705
k__Bacteria;p__Bacteroidetes;c__Bacteroidia;o__Bacteroidales;f__Rikenellaceae;g__Alistipes;s__Alistipes_obesi	0.026886675967	-0.0150474313958	-0.0325821019704	-0.0155618161734	0.0183505637065	-0.0190878946998	-0.0299509039648	0.0375603467639	0.0426117475223	0.00390230626167	-0.0470102902983	-0.00326292781938	0.0180055263293	1.0	0.0193869299932	0.0308252770378	-0.0430738762444	-0.00229233518655	0.0622145459604	0.0329509818759	0.0222891360927	-0.0353336932644	-0.00715972721296	0.0203834842582	-0.0127478105183	-0.00472909233616	-0.0187774046732	-0.0584252347775	-0.0360972456061	-0.00301434809903	0.00305074142349	-0.105272471555	0.0291659924885	-0.0317946546053	-0.031056308298	0.0171297085087	-0.0192964778021	0.00390018611629	0.0563161401649	-0.0061349269513	-0.0322875026879	-0.0388035166191	0.0272776679273	0.0232307293486	-0.0173415361766	0.0122406326235	-0.00421897300322	-0.0198646718257	-0.0266948948698	-0.00210340471853	-0.0138697526773	-0.0290885460325	-0.0314797460977	0.0325191245959	-0.0129832279598	0.0409845812509	-0.0519289606905	-0.0372306979274	0.01438216104
k__Bacteria;p__Firmicutes;c__Clostridia;o__Clostridiales;f__Lachnospiraceae;g__;s__[Eubacterium]_rectale	-0.034595678989	-0.027618627176	0.0171958461553	-0.00581240387087	-0.0671192371256	-0.0246422741058	0.0537760563744	0.0413117600133	-0.00751197484921	0.0882623102945	0.0181684281287	-0.0106921885678	0.0304587379923	0.0193869299932	1.0	0.0405852867071	0.00305630243644	0.0265987564423	0.00511260013734	-0.0164980745469	0.0289805280747	0.00972161108605	-0.0272188712283	-0.0546167755179	-0.022905538101	-0.0306544597489	-0.0349927568455	-0.00960141883011	-0.0271426452547	-0.0292304421399	-0.0630424183865	0.0375654295775	-0.0174852575428	0.0193852080163	0.0194875883871	-0.0245967976787	0.0130787513354	-0.00705746367211	0.0234504121259	-0.0619048923825	-0.0202164833122	0.00175929338502	-0.0512922737653	0.0151816827111	-0.00726555572074	-0.0290653074801	-0.0128003112671	-0.00931485860433	-0.0421165949361	-0.0616745847484	0.0401591689606	-0.000543816347507	0.0307924366768	-0.0568329515552	-0.0407105511699	0.0257179268064	0.0207417361503	0.00384372002354	-0.0438524560293
k__Bacteria;p__Bacteroidetes;c__Bacteroidia;o__Bacteroidales;f__Bacteroidaceae;g__Bacteroides;s__Bacteroides_plebeius	0.00345563526067	0.0326300229871	0.0484273181075	-0.0233690422264	-0.0398265404991	-0.0217291222942	0.0244398306673	-0.0292976015368	0.0532351106449	0.0118504359548	-0.00550874058032	0.00767204945412	-0.0324741000943	0.0308252770378	0.0405852867071	1.0	-0.0441317786264	0.0191570579504	0.0215380268728	0.00889072950881	-0.0559498848613	-0.0454205239733	-0.0128032360377	-0.0082768944337	0.00201613090355	-0.00700965833355	0.00860161607874	-0.0303779810761	-0.0275391222971	-0.0314232148568	0.00475996559071	-0.0144587151421	0.0137554939441	0.0190516532078	0.00577186135778	-0.0227693164171	0.0299087620204	-0.0307648811113	-0.0284422569896	-0.0214687430107	-0.0261077504174	0.0345064413408	0.00207648266859	-0.0440196539732	-0.0160353010413	-0.0155468298491	-0.010305814954	-0.0548992493267	-0.0552858547296	-0.00827884756145	0.00825865366686	-0.0111562028506	-0.0201814453005	0.0492712678306	-0.0237738947215	0.0412176245632	-0.0229152410735	-0.00296760174778	-0.0320736445972
k__Bacteria;p__Bacteroidetes;c__Bacteroidia;o__Bacteroidales;f__Bacteroidaceae;g__Bacteroides;s__Bacteroides_fragilis	0.00612196148685	0.0376410873679	0.0119575675101	0.0566839924872	-0.0307805825921	-0.0591807206594	-0.00406049080932	-0.0130952501168	0.00888310934105	0.00704689537045	0.0481871628374	0.0269219075905	0.0154022798994	-0.0430738762444	0.00305630243644	-0.0441317786264	1.0	0.0128083469451	0.0472402307201	-0.0429534432937	0.00957296467527	-0.0810143653877	0.0149470108484	-0.00538538170599	-0.0252601807688	-0.0280206414969	0.00431285305058	-0.000626903881352	0.00602009535426	-0.0532687992818	-0.0262885861849	-0.0153216162091	-0.010799781834	-0.00861032504664	-0.0212979594217	0.00719250359915	0.00730757735944	-0.0126797481868	0.0287668134683	-0.00858840649012	-0.0166874033961	0.00412868198571	-0.0654206347471	0.00765258958282	-0.017465772646	-0.0111672024504	0.0396169598267	0.0102401155769	0.0382227462051	-0.0159618313166	-0.0138811181587	0.0146394993836	0.0151006148787	-0.0174654499789	-0.0608686718287	-0.048532279598	-0.000854145302061	-0.0583286605936	-0.0416511046261
k__Bacteria;p__Proteobacteria;c__Betaproteobacteria;o__Burkholderiales;f__Sutterellaceae;g__Sutterella;s__Sutterella_wadsworthensis	0.00351276280308	0.00769218868387	0.0137000646844	-0.0489842901681	0.00569369574262	-0.0825779430048	-0.0430815677348	0.00220162483769	0.00287127253383	0.00435964427155	-0.00477729784979	0.0261505957472	-0.0187643780433	-0.00229233518655	0.0265987564423	0.0191570579504	0.0128083469451	1.0	0.0118699897904	0.0297474924158	0.010145847853	-0.0592750321671	0.00833444241663	-0.0390214925672	-0.0197419944058	0.0144981715158	-0.0322121476893	-0.0168373503845	-0.0203668787983	-0.0296068012413	0.0501046868625	-0.0274257941762	-0.0208302215449	-0.000274015009927	-0.0731783838996	-0.0211023005112	0.00305103137617	-0.00595797138181	0.0100996565386	0.00930521460055	-0.0401526892163	-0.00410231429197	-0.0039311534656	-0.0296332751484	-0.058753705843	-0.0105415929175	0.0285809691133	-0.00546326430055	0.0196525379081	0.0266722218636	-0.0381413068463	-0.0567216976852	-0.0155123806507	0.00770326966061	0.0651080194266	-0.0393930803054	-0.0269582390025	0.00562859824144	-0.0496362304664
k__Bacteria;p__Bacteroidetes;c__Bacteroidia;o__Bacteroidales;f__Porphyromonadaceae;g__Barnesiella;s__Barnesiella_intestinihominis	-0.0340508018941	-0.0257684780775	0.0217826697635	0.0220210126549	-0.00586990753637	0.00046881574314	0.00926387978584	-0.0327267617383	0.019953114088	-0.0133786535734	0.00615527538407	-0.017317036022	0.0206807054887	0.0622145459604	0.00511260013734	0.0215380268728	0.0472402307201	0.0118699897904	1.0	-0.0557892842662	0.0192750841396	0.0438616267991	0.00319231059354	-0.0606806885656	-0.0587902350897	-0.0505059876408	0.0408830744028	0.0133303032362	-0.00861173807943	0.0481408066055	-0.0157154875493	0.0112866171585	-0.0717775408671	0.0103050439893	-0.0695123952681	-0.00589893767825	-0.0218979254498	-0.000862310947001	-0.0413901679476	-0.0338976280185	0.0197588499228	-0.0353782757674	0.042758789851	-0.0451069548077	0.084523359945	0.000867536696865	-0.0233792862927	-0.0205607762781	-0.0295985957982	-0.0152514730972	0.0188247483077	0.00547617303465	-0.0323496315453	0.0604662036431	0.00292155265659	0.0278995161858	-0.0197311450418	-0.0266737521852	-0.0792223143639
k__Bacteria;p__Bacteroidetes;c__Bacteroidia;o__Bacteroidales;f__Odoribacteraceae;g__Odoribacter;s__Odoribacter_splanchnicus	0.0264184543197	-0.0313651753675	0.0330325326604	-0.0266764507833	-0.0218412115311	0.00412950311032	0.00306737317017	0.0163420210803	0.0288068434815	0.00820192430677	-0.00202176968949	0.015383868016	0.0100006771058	0.0329509818759	-0.0164980745469	0.00889072950881	-0.0429534432937	0.0297474924158	-0.0557892842662	1.0	-0.0186879502667	-0.0338362989747	0.021139749396	-0.0259867197856	0.00566794204734	-0.0669736716349	-0.00220849131654	0.0238728829343	-0.0209472394945	-0.0107365971813	0.0313018232776	0.0561497401598	-0.00206625033136	-0.123161071943	-0.000417329576838	0.0044466671181	0.0315914854768	0.0602942574694	0.0156751735599	-0.044822969728	0.00312961569194	-0.0167333532761	0.00833979105022	-0.045332753913	-0.0723816036931	-0.0449076662985	-0.0200598820817	0.0270297109111	-0.0404887360141	-0.091621441001	-0.00543098799734	-0.0143905817269	-0.029500023091	0.00805696995491	0.00928808600139	-0.0332551649468	0.0057382300682	-0.00119921098831	0.0193705590182
k__Bacteria;p__Bacteroidetes;c__Bacteroidia;o__Bacteroidales;f__Bacteroidaceae;g__Bacteroides;s__Bacteroides_salyersiae	0.0605608106528	0.0120545378909	-0.0392538197896	0.0256987622824	-0.0964169590268	-0.0225002917563	-0.0646525447518	0.0439847709304	-0.00208310231458	-0.0619714163913	-0.0226564044987	-0.0317038362482	0.0310695287834	0.0222891360927	0.0289805280747	-0.0559498848613	0.00957296467527	0.010145847853	0.0192750841396	-0.0186879502667	1.0	-0.0719612081956	0.0403726831991	-0.0242212871279	0.00253686882964	-0.0112121636897	-0.00210577286673	-0.0160912000957	0.0446933935938	-0.00528747585548	-0.0175038693179	-0.0507124174367	-0.0078810086333	0.00959356903766	0.0401685943488	0.0207482406333	-0.0354005705946	0.0159758745011	-0.0866967157369	-0.0235500199452	0.0102045057502	0.000450504816564	-0.00654412242158	0.0142368982659	-0.0161767112229	0.0681535273668	0.0085360747149	-0.0325966964767	-0.00289834801712	-0.001909843267	-0.00685535018939	0.0211165682349	-0.0592316341776	-0.0056877224612	-0.027196634132	-0.00388118702427	-0.00518322403163	0.0320301095754	-0.0164216727475
k__Bacteria;p__Firmicutes;c__Clostridia;o__Clostridiales;f__Ruminococcaceae;g__Ruminiclostridium;s__[Eubacterium]_siraeum	-0.0159090384126	-0.00203095292143	0.0147178830842	-0.0248200521355	-0.0197262264621	0.00153246190712	0.00584242341787	0.0163331213954	-0.00432660656906	0.0483203565355	-0.0164071055469	-0.0672346707614	-0.0458340117499	-0.0353336932644	0.00972161108605	-0.0454205239733	-0.0810143653877	-0.0592750321671	0.0438616267991	-0.0338362989747	-0.0719612081956	1.0	-0.046160948113	-0.0198333266941	-0.0188363649883	-0.0493026342145	0.0190682540241	-0.000562398088792	-0.00389688099651	-0.0461382525024	0.058737101046	-0.0136492753105	0.0101416251868	0.00535910950045	-0.035774766258	0.0345853890751	-0.0367015285983	-0.00696811411546	-0.0141419552157	-0.0158982383134	-0.0235559303073	-0.0309683680751	0.00792149988796	0.0615432088582	-0.0313471697896	-0.0361201920406	0.070850075572	0.00828563863537	-0.0716009525533	0.0185295243549	-0.0397042630892	-0.0138343786784	0.00338368678837	0.0123455901732	0.00793872055996	-0.026563000331	-0.029924361119	0.00433249148008	0.0148392075413
k__Bacteria;p__Proteobacteria;c__Betaproteobacteria;o__Burkholderiales;f__Sutterellaceae;g__Parasutterella;s__Parasutterella_excrementihominis	-0.049309456596	-0.0344671747411	0.013764653871	0.0113258211297	-0.0441087471942	-0.0111079035116	0.0420352334411	-0.0432490538075	-0.0191484932631	0.02419206409	-0.0465509922578	0.00493705175984	-0.0458884008322	-0.00715972721296	-0.0272188712283	-0.0128032360377	0.0149470108484	0.00833444241663	0.00319231059354	0.021139749396	0.0403726831991	-0.046160948113	1.0	-0.0365523453483	0.00786827175877	-0.0200669152257	-0.00317979468168	0.0222295171152	-0.013729459187	-0.072250346549	-0.012420583943	0.0556669481869	-0.0749819330715	0.0358102386403	0.0244043200877	0.0114615935174	0.00177189294287	-0.0345900238139	-0.0181054780557	0.0090033052958	0.05168208468	0.0239637684116	-0.0326078897621	0.00492444711212	-0.0122037787905	-0.00365257864202	0.0017936357065	-0.0101713576228	0.000944672952153	0.0180153772398	0.0190739781585	0.0502218964149	0.0552405958575	-0.0389597702735	0.0088662377878	0.0187439052773	-0.0189492087504	0.0137782168386	-0.0154252211306
k__Bacteria;p__Actinobacteria;c__Actinobacteria;o__Bifidobacteriales;f__Bifidobacteriaceae;g__Bifidobacterium;s__Bifidobacterium_adolescentis	0.0549527122644	-0.0621651739649	0.00415007233639	-0.00146701112679	0.0242052767877	0.0290169406557	-0.0182632771258	-0.0203233434136	-0.0185224207387	-0.0218987720046	-0.0173731266981	0.0331859415121	0.0104114257016	0.0203834842582	-0.0546167755179	-0.0082768944337	-0.00538538170599	-0.0390214925672	-0.0606806885656	-0.0259867197856	-0.0242212871279	-0.0198333266941	-0.0365523453483	1.0	0.0395681180961	-0.0145069891119	0.0289176105226	-0.0245752281814	0.0104948786434	0.0209482933192	-0.0117884876314	-0.0094605750404	-0.0388400515266	0.0485897703251	0.0225704791403	0.0248706817506	0.0128491644058	-0.00735197019953	-0.0376840744452	-0.0270326432882	0.00881435872979	0.0320536065428	-0.0473584673156	-0.0388053260771	-0.046262215089	0.0353760277024	0.00537579339797	-0.00959184829289	0.0349974461458	0.0331867537556	-0.0530630746448	-0.0227153225499	-0.0209834721946	-0.0243050297583	-0.0396038662164	-0.075033746679	-0.0664672492355	0.0435615984169	-0.0296362452031
k__Bacteria;p__Firmicutes;c__Clostridia;o__Clostridiales;f__Oscillospiraceae;g__Oscillibacter;s__Oscillibacter_sp._KLE_1745	-0.0267287588657	-0.0631660949218	-0.00412430635938	-0.0627906175804	0.0284996796222	-0.0114642132385	0.0227249817243	0.0242536632762	0.0525351750339	-0.0375588843392	0.0528692742331	0.0132290613142	-0.0187522974893	-0.0127478105183	-0.022905538101	0.00201613090355	-0.0252601807688	-0.0197419944058	-0.0587902350897	0.00566794204734	0.00253686882964	-0.0188363649883	0.00786827175877	0.0395681180961	1.0	0.0279469619588	-0.0145624588573	0.00172959684359	-0.0528042897323	0.0459063424013	-0.0309224201832	0.0448568363714	0.00515243343157	-0.0236276672501	0.00101260938302	-0.0160930543228	-0.0174739486491	0.00514159531241	0.0615801252056	-0.0265378496699	-0.00739331133871	0.0546415010777	-0.0572258573619	-0.00195701998562	-0.0526316385944	-0.0728583165906	-0.0157296243914	-0.0975631548335	-0.0470866764981	-0.0495728863579	0.0326440157223	-0.039927396451	-0.0269722494283	0.00321491906176	0.0373544104546	0.0119143037954	0.0367904138999	0.0137157912045	-0.0249621743403
k__Bacteria;p__Bacteroidetes;c__Bacteroidia;o__Bacteroidales;f__Bacteroidaceae;g__Bacteroides;s__Bacteroides_coprophilus	0.0249678128287	0.0225437120058	-0.0593181032728	-0.0513174215877	0.0355254691447	0.0321995512672	0.0326641605099	-0.00367154382441	-0.00816906587336	-0.0358345159986	-0.0295083473554	0.0622560803084	-0.00694657228669	-0.00472909233616	-0.0306544597489	-0.00700965833355	-0.0280206414969	0.0144981715158	-0.0505059876408	-0.0669736716349	-0.0112121636897	-0.0493026342145	-0.0200669152257	-0.0145069891119	0.0279469619588	1.0	-0.0281500059891	0.0514533493576	0.0302158379675	-0.0884593001364	-0.0415670926284	-0.035355050512	0.000638244711152	-0.0406969895906	0.0094003669354	0.0278467625063	0.00784979417884	-0.0102527981215	0.0053971417599	0.045710551574	-0.00858154675348	0.0425906799754	-0.00604614036597	0.00433783592398	-0.0206651823371	-0.00423655782733	0.0393572258669	-0.0133589507424	-0.0197240837872	0.0132115455398	0.00309530078661	-0.0210433331542	0.0287993286015	-0.0153826924403	0.0370476178757	0.0382503190257	-0.0032596962189	-0.0537985614584	-0.0120773407844
k__Bacteria;p__Firmicutes;c__Clostridia;o__Clostridiales;f__Lachnospiraceae;g__Roseburia;s__Roseburia_intestinalis	0.0343764432139	-0.0341412864479	-0.0328042772878	-0.018583747649	-0.00216526096722	-0.020159353886	-0.0533269002262	-0.0562170226638	-0.0323476171399	0.0201484375214	-0.0343883010115	-0.0221843797797	0.0532846572949	-0.0187774046732	-0.0349927568455	0.00860161607874	0.00431285305058	-0.0322121476893	0.0408830744028	-0.00220849131654	-0.00210577286673	0.0190682540241	-0.00317979468168	0.0289176105226	-0.0145624588573	-0.0281500059891	1.0	-0.0493250630362	-0.013574765714	0.0202355323561	0.0204990769815	0.0212407930889	-0.0491490635393	-0.0451249524559	-0.0236031142052	-0.0223603326915	0.0179032045307	0.010909817061	-0.00986063712818	0.0077948236376	0.00538784916447	-0.054137907388	0.06485552669	-0.00900133984693	-0.0173703482219	-0.0797049806916	-0.0179703107174	0.0085185979874	-0.00112044047566	0.00901601891257	0.0120712072817	-0.00634391687076	-0.0571739960966	-0.0336371800075	-0.000638123927916	0.0144918143754	0.00284568793153	0.0139526330558	0.0483664688119
k__Bacteria;p__Firmicutes;c__Clostridia;o__Clostridiales;f__Lachnospiraceae;g__Roseburia;s__Roseburia_hominis	-0.00316130876232	-0.0589868540189	-0.0241651315956	0.0201152210931	0.0154956408877	0.0222906061968	0.0261989407272	-0.0083441826927	0.0168296122432	-0.0234716508595	-0.0187660913646	-0.00255826534305	-0.00290893299891	-0.0584252347775	-0.00960141883011	-0.0303779810761	-0.000626903881352	-0.0168373503845	0.0133303032362	0.0238728829343	-0.0160912000957	-0.000562398088792	0.0222295171152	-0.0245752281814	0.00172959684359	0.0514533493576	-0.0493250630362	1.0	-0.0715192071407	-0.0340250841475	0.0146119682527	0.000818647112851	-0.0253335591811	0.0485538651533	0.00100067684363	0.00537705740972	-0.0317232775841	-0.00436931152623	-0.0135895404982	0.0246746716891	0.0301549216752	0.0499655481174	0.00637859292442	0.0305015766956	-0.0589483162084	0.0148643101554	-0.0251916751044	-0.0109674216336	-0.0247927880452	0.0023952198008	0.0485161177346	-0.00543375203407	0.00708943169272	-0.0211063184354	-0.00104614275406	0.0131249849581	0.0792612601414	0.00947656390971	-0.00457330935274
k__Bacteria;p__Bacteroidetes;c__Bacteroidia;o__Bacteroidales;f__Porphyromonadaceae;g__Parabacteroides;s__Parabacteroides_johnsonii	0.0382048286559	0.0557066887755	0.00713666750323	-0.0346246993153	-0.0102951604926	0.00496506984614	0.000285253431514	0.0185492292052	0.0189831896837	0.0111205419552	0.0188785374402	-0.00644178239101	-0.0332645261443	-0.0360972456061	-0.0271426452547	-0.0275391222971	0.00602009535426	-0.0203668787983	-0.00861173807943	-0.0209472394945	0.0446933935938	-0.00389688099651	-0.013729459187	0.0104948786434	-0.0528042897323	0.0302158379675	-0.013574765714	-0.0715192071407	1.0	0.0206682851529	-0.0400129186281	0.0155356669429	0.0558401858807	0.0135195846899	-0.0522145212367	-0.0388251825007	0.0546067292157	0.0513556522484	-0.0254091833227	0.0412145251726	0.00707239006787	-0.0235591573193	-0.0298628022829	-0.0151412958843	-0.0392831488013	0.0118033759114	0.0278141173664	0.0102316883498	0.0138155310982	-0.0362554669941	-0.027355537272	0.0140901293261	0.00420990232561	-0.0316831908948	-0.0432876666847	0.00592769627284	-0.00918002948966	-0.0457334914919	-0.0472602577574
k__Bacteria;p__Actinobacteria;c__Actinobacteria;o__Bifidobacteriales;f__Bifidobacteriaceae;g__Bifidobacterium;s__Bifidobacterium_longum	-0.00631511125114	0.0032023507717	0.0129458063779	-0.0228645736244	-0.0110248068061	0.00259956235238	0.0150663145401	-0.0198485757906	-0.0317526146445	0.0168344669834	0.027965490257	-0.0116674267606	0.0441964785809	-0.00301434809903	-0.0292304421399	-0.0314232148568	-0.0532687992818	-0.0296068012413	0.0481408066055	-0.0107365971813	-0.00528747585548	-0.0461382525024	-0.072250346549	0.0209482933192	0.0459063424013	-0.0884593001364	0.0202355323561	-0.0340250841475	0.0206682851529	1.0	0.0183236410073	-0.0333241211014	-0.00845836354654	0.0116817967663	0.0290375203268	0.00462876740858	0.00343401530435	-0.0042487206123	0.0088554238729	0.0224556755585	-0.0370661038047	-0.0170780764053	-0.0271877102604	0.0114260553663	0.00508615057323	0.053603130396	0.033195296841	-0.0432175432694	-0.00139035824232	-0.0563431351068	-0.00138730011595	0.000225035374628	0.00438843476151	-0.0274194994337	0.0195261007344	-0.0827666201626	0.0193035637418	-0.0231686237141	-0.0259416681458
