#taxonomy	k__Bacteria;p__Bacteroidetes;c__Bacteroidia;o__Bacteroidales;f__Bacteroidaceae;g__Bacteroides;s__Bacteroides_vulgatus	k__Bacteria;p__Bacteroidetes;c__Bacteroidia;o__Bacteroidales;f__Bacteroidaceae;g__Bacteroides;s__Bacteroides_uniformis	k__Bacteria;p__Bacteroidetes;c__Bacteroidia;o__Bacteroidales;f__Rikenellaceae;g__Alistipes;s__Alistipes_putredinis	k__Bacteria;p__Bacteroidetes;c__Bacteroidia;o__Bacteroidales;f__Prevotellaceae;g__Prevotella;s__Prevotella_copri	k__Bacteria;p__Bacteroidetes;c__Bacteroidia;o__Bacteroidales;f__Bacteroidaceae;g__Bacteroides;s__Bacteroides_stercoris	k__Bacteria;p__Bacteroidetes;c__Bacteroidia;o__Bacteroidales;f__Bacteroidaceae;g__Bacteroides;s__Bacteroides_ovatus	k__Bacteria;p__Bacteroidetes;c__Bacteroidia;o__Bacteroidales;f__Rikenellaceae;g__Alistipes;s__Alistipes_shahii	k__Bacteria;p__Firmicutes;c__Clostridia;o__Clostridiales;f__Ruminococcaceae;g__Faecalibacterium;s__Faecalibacterium_prausnitzii	k__Bacteria;p__Bacteroidetes;c__Bacteroidia;o__Bacteroidales;f__Rikenellaceae;g__Alistipes;s__Alistipes_finegoldii	k__Bacteria;p__Bacteroidetes;c__Bacteroidia;o__Bacteroidales;f__Porphyromonadaceae;g__Parabacteroides;s__Parabacteroides_distasonis	k__Bacteria;p__Bacteroidetes;c__Bacteroidia;o__Bacteroidales;f__Bacteroidaceae;g__Bacteroides;s__Bacteroides_thetaiotaomicron	k__Bacteria;p__Bacteroidetes;c__Bacteroidia;o__Bacteroidales;f__Bacteroidaceae;g__Bacteroides;s__Bacteroides_coprocola	k__Bacteria;p__Bacteroidetes;c__Bacteroidia;o__Bacteroidales;f__Bacteroidaceae;g__Bacteroides;s__Bacteroides_cellulosilyticus	k__Bacteria;p__Bacteroidetes;c__Bacteroidia;o__Bacteroidales;f__Rikenellaceae;g__Alistipes;s__Alistipes_obesi	k__Bacteria;p__Firmicutes;c__Clostridia;o__Clostridiales;f__Lachnospiraceae;g__;s__[Eubacterium]_rectale	k__Bacteria;p__Bacteroidetes;c__Bacteroidia;o__Bacteroidales;f__Bacteroidaceae;g__Bacteroides;s__Bacteroides_plebeius	k__Bacteria;p__Bacteroidetes;c__Bacteroidia;o__Bacteroidales;f__Bacteroidaceae;g__Bacteroides;s__Bacteroides_fragilis	k__Bacteria;p__Proteobacteria;c__Betaproteobacteria;o__Burkholderiales;f__Sutterellaceae;g__Sutterella;s__Sutterella_wadsworthensis	k__Bacteria;p__Bacteroidetes;c__Bacteroidia;o__Bacteroidales;f__Porphyromonadaceae;g__Barnesiella;s__Barnesiella_intestinihominis	k__Bacteria;p__Bacteroidetes;c__Bacteroidia;o__Bacteroidales;f__Odoribacteraceae;g__Odoribacter;s__Odoribacter_splanchnicus	k__Bacteria;p__Bacteroidetes;c__Bacteroidia;o__Bacteroidales;f__Bacteroidaceae;g__Bacteroides;s__Bacteroides_salyersiae	k__Bacteria;p__Firmicutes;c__Clostridia;o__Clostridiales;f__Ruminococcaceae;g__Ruminiclostridium;s__[Eubacterium]_siraeum	k__Bacteria;p__Proteobacteria;c__Betaproteobacteria;o__Burkholderiales;f__Sutterellaceae;g__Parasutterella;s__Parasutterella_excrementihominis	k__Bacteria;p__Actinobacteria;c__Actinobacteria;o__Bifidobacteriales;f__Bifidobacteriaceae;g__Bifidobacterium;s__Bifidobacterium_adolescentis	k__Bacteria;p__Firmicutes;c__Clostridia;o__Clostridiales;f__Oscillospiraceae;g__Oscillibacter;s__Oscillibacter_sp._KLE_1745	k__Bacteria;p__Bacteroidetes;c__Bacteroidia;o__Bacteroidales;f__Bacteroidaceae;g__Bacteroides;s__Bacteroides_coprophilus	k__Bacteria;p__Firmicutes;c__Clostridia;o__Clostridiales;f__Lachnospiraceae;g__Roseburia;s__Roseburia_intestinalis	k__Bacteria;p__Firmicutes;c__Clostridia;o__Clostridiales;f__Lachnospiraceae;g__Roseburia;s__Roseburia_hominis	k__Bacteria;p__Bacteroidetes;c__Bacteroidia;o__Bacteroidales;f__Porphyromonadaceae;g__Parabacteroides;s__Parabacteroides_johnsonii	k__Bacteria;p__Actinobacteria;c__Actinobacteria;o__Bifidobacteriales;f__Bifidobacteriaceae;g__Bifidobacterium;s__Bifidobacterium_longum	k__Bacteria;p__Firmicutes;c__Clostridia;o__Clostridiales;f__;g__Flavonifractor;s__Flavonifractor_plautii	k__Bacteria;p__Firmicutes;c__Clostridia;o__Clostridiales;f__Clostridiaceae;g__Clostridium;s__Clostridium_phoceensis	k__Bacteria;p__Verrucomicrobia;c__Verrucomicrobiae;o__Verrucomicrobiales;f__Akkermansiaceae;g__Akkermansia;s__Akkermansia_muciniphila	k__Bacteria;p__Bacteroidetes;c__Bacteroidia;o__Bacteroidales;f__Prevotellaceae;g__Paraprevotella;s__Paraprevotella_xylaniphila	k__Bacteria;p__Firmicutes;c__Clostridia;o__Clostridiales;f__Ruminococcaceae;g__Ruminococcus;s__Ruminococcus_callidus	k__Bacteria;p__Bacteroidetes;c__Bacteroidia;o__Bacteroidales;f__Rikenellaceae;g__Alistipes;s__Alistipes_senegalensis	k__Bacteria;p__Firmicutes;c__Clostridia;o__Clostridiales;f__Lachnospiraceae;g__Blautia;s__Blautia_sp._KLE_1732	k__Bacteria;p__Bacteroidetes;c__Bacteroidia;o__Bacteroidales;f__Bacteroidaceae;g__Bacteroides;s__Bacteroides_oleiciplenus	k__Bacteria;p__Firmicutes;c__Clostridia;o__Clostridiales;f__Ruminococcaceae;g__Ruminococcus;s__Ruminococcus_bicirculans	k__Bacteria;p__Bacteroidetes;c__Bacteroidia;o__Bacteroidales;f__Bacteroidaceae;g__Bacteroides;s__Bacteroides_fluxus	k__Bacteria;p__Bacteroidetes;c__Bacteroidia;o__Bacteroidales;f__Prevotellaceae;g__Prevotella;s__Prevotella_stercorea	k__Bacteria;p__Firmicutes;c__Clostridia;o__Clostridiales;f__Lachnospiraceae;g__Dorea;s__Dorea_longicatena	k__Bacteria;p__Firmicutes;c__Clostridia;o__Clostridiales;f__Eubacteriaceae;g__Eubacterium;s__[Eubacterium]_eligens	k__Bacteria;p__Firmicutes;c__Clostridia;o__Clostridiales;f__Ruminococcaceae;g__;s__Ruminococcaceae_bacterium_D16	k__Bacteria;p__Firmicutes;c__Clostridia;o__Clostridiales;f__Lachnospiraceae;g__Coprococcus;s__Coprococcus_comes	k__Bacteria;p__Proteobacteria;c__Gammaproteobacteria;o__Enterobacterales;f__Enterobacteriaceae;g__Escherichia;s__Escherichia_coli	k__Bacteria;p__Firmicutes;c__Clostridia;o__Clostridiales;f__Ruminococcaceae;g__Anaerotruncus;s__Anaerotruncus_colihominis	k__Bacteria;p__Firmicutes;c__Clostridia;o__Clostridiales;f__Lachnospiraceae;g__Blautia;s__Blautia_obeum	k__Bacteria;p__Bacteroidetes;c__Bacteroidia;o__Bacteroidales;f__Odoribacteraceae;g__Odoribacter;s__Odoribacter_laneus	k__Bacteria;p__Firmicutes;c__Clostridia;o__Clostridiales;f__Ruminococcaceae;g__Ruminiclostridium;s__[Clostridium]_leptum	k__Bacteria;p__Bacteroidetes;c__Bacteroidia;o__Bacteroidales;f__Porphyromonadaceae;g__Parabacteroides;s__Parabacteroides_goldsteinii	k__Bacteria;p__Firmicutes;c__Clostridia;o__Clostridiales;f__Lachnospiraceae;g__Anaerostipes;s__Anaerostipes_hadrus	k__Bacteria;p__Firmicutes;c__Clostridia;o__Clostridiales;f__Ruminococcaceae;g__Ruminococcus;s__Ruminococcus_lactaris	k__Bacteria;p__Firmicutes;c__Clostridia;o__Clostridiales;f__Clostridiaceae;g__Clostridium;s__Clostridium_sp._L2-50	k__Bacteria;p__Firmicutes;c__Clostridia;o__Clostridiales;f__Clostridiaceae;g__Clostridium;s__Clostridium_sp._M62/1	k__Bacteria;p__Firmicutes;c__Clostridia;o__Clostridiales;f__;g__Intestinimonas;s__Intestinimonas_butyriciproducens	k__Bacteria;p__Actinobacteria;c__Actinobacteria;o__Bifidobacteriales;f__Bifidobacteriaceae;g__Bifidobacterium;s__Bifidobacterium_bifidum	k__Bacteria;p__Firmicutes;c__Negativicutes;o__Veillonellales;f__Veillonellaceae;g__Dialister;s__Dialister_invisus	k__Bacteria;p__Bacteroidetes;c__Bacteroidia;o__Bacteroidales;f__Bacteroidaceae;g__Bacteroides;s__Bacteroides_salanitronis
k__Bacteria;p__Bacteroidetes;c__Bacteroidia;o__Bacteroidales;f__Bacteroidaceae;g__Bacteroides;s__Bacteroides_vulgatus	1.0	-0.0737161917342	-0.0413561561888	0.0247053327295	-0.00219076779393	-0.0306519037539	-0.0377454988319	0.037619108885	0.0228192953918	0.00556056833319	-0.0372797202114	-0.024962360201	0.0178111090508	-0.0774846935677	0.0101386144151	0.0173221918448	-0.018339628857	0.019693387792	0.0447893932762	-0.0279957106244	-0.0075446902893	0.0393353447052	-0.0309875868874	-0.0208519456392	-0.0427114879867	0.0329237174678	0.0258515824909	-0.0195948135594	-0.0289601323419	0.0476160030172	-0.0118264039617	-0.00434822510245	-0.0262525873317	-0.0141572850404	-0.0668875753123	-0.0186161286206	0.00557639013315	-0.0722312240741	-0.043646258605	0.0151717801324	-0.0165812098017	0.00418933128189	-0.0374387178628	0.00697810381949	-0.00820419213529	0.0462148450061	-0.0734933754951	-0.0187485245817	0.00416872170632	0.0332237476314	0.00149110932248	-0.058407683193	0.0200963454364	-0.0360773082308	0.0478241707582	-0.0146424304087	-0.0360421668441	-0.0556766762326	0.0485173336429
k__Bacteria;p__Bacteroidetes;c__Bacteroidia;o__Bacteroidales;f__Bacteroidaceae;g__Bacteroides;s__Bacteroides_uniformis	-0.0737161917342	1.0	0.0268602648618	0.0347611266788	0.0236898745676	0.0273602372171	-0.0174521745178	-0.00531537773022	-0.0155244563365	-0.0273507928138	0.0409457053772	-0.0120440507213	0.0415065086698	0.0249412666978	-0.00170595230977	-0.0507069577344	0.00176397503257	0.022029701671	0.0266113007687	-0.0339810104139	0.0458694757973	0.0402269430895	0.00480282851503	0.0169625507474	-0.0155827405527	0.0400908617173	-0.0560908419274	0.0159221722886	-0.0546592296589	-0.0784346342711	-0.00829583161596	0.0224055898625	-0.0062863830051	-0.0524837414031	0.00508626310311	0.0205267070431	0.0141326948315	-0.036934703484	-0.0142614135878	-0.00461951753294	-0.0520839943964	-0.0124671983944	-0.0219737060031	-0.0093940989699	-0.0365077879793	-0.0465743329719	-0.0131343013692	0.00786880534525	0.00927405413486	-0.0499709638304	-0.029078717194	0.0331637053552	0.0136972002013	0.0374177510251	-0.0355790883815	-0.0114655782489	0.00728575581405	-0.0363436355028	-0.0229376857137
k__Bacteria;p__Bacteroidetes;c__Bacteroidia;o__Bacteroidales;f__Rikenellaceae;g__Alistipes;s__Alistipes_putredinis	-0.0413561561888	0.0268602648618	1.0	0.0270837762297	0.00368867358115	0.0251550613891	0.0378509537257	-0.0605944824976	-0.0194699555708	0.0562427350187	-0.0122934399069	-0.0362270191472	0.0427928758195	-0.00765077734508	0.0288333793457	-0.0407531277543	0.0236682280669	0.0377158097491	-0.0455413699945	-0.00347997051836	0.0108244500889	-0.0222641664566	-0.0335322738581	0.00181620795523	0.0213399266841	0.00648885310682	0.00172007118192	0.0144132407792	-0.000632020271952	-0.0457339166149	0.044046847504	-0.0158419439091	-0.0254593563784	-0.00623414711442	-0.0187781884457	-0.013963596895	0.0355652774982	0.00060656926852	-0.0309250326771	-0.0679215905206	-0.0442609583203	0.0163035557409	-0.0356331566894	-0.00900345199498	-0.0465495665172	0.0396090832023	-0.0206125603801	0.00423840643427	-0.0540106112108	-0.0873495492574	0.0217777350008	-0.0133602040329	0.0149728539778	-0.0215655326648	0.011208394597	0.00640459931966	0.0497847121289	-0.00219971369913	-0.0307419652785
k__Bacteria;p__Bacteroidetes;c__Bacteroidia;o__Bacteroidales;f__Prevotellaceae;g__Prevotella;s__Prevotella_copri	0.0247053327295	0.0347611266788	0.0270837762297	1.0	-0.0224402428763	-0.0189552006833	0.0314278908296	-0.00807043249549	-0.0112014504672	0.0131012547738	-0.0197450132407	-0.00748190061619	-0.0184435280322	0.0250109045691	0.0166198033743	-0.0250553952635	-0.0273693600966	-0.0414371112213	-0.0306199339791	-0.0833905940845	0.0179195283465	0.0561647706499	-0.0479750973443	0.0455767293007	-0.0398703141866	-0.0230665166596	-0.031046047198	-0.0228941216197	-0.052101857036	-0.00929945634105	-0.0203860363456	0.0480947206457	-0.0128761441864	-0.0359455105513	-0.0267803180883	0.00562943289296	0.0179011499781	-0.0535807441784	-0.0470393144875	-0.0274249978114	-0.0117528259773	0.00734476091091	0.00635362398581	-0.0162350523028	0.00372913294343	0.015198318018	0.0406205014691	-0.0460886509338	0.0584629800499	-0.039653559306	0.0228776557893	-0.0432701600617	-0.0127833130213	0.0420159200781	-0.0467554381878	-0.0177041842949	-0.0286128374595	0.0586081202398	-0.0177002582267
k__Bacteria;p__Bacteroidetes;c__Bacteroidia;o__Bacteroidales;f__Bacteroidaceae;g__Bacteroides;s__Bacteroides_stercoris	-0.00219076779393	0.0236898745676	0.00368867358115	-0.0224402428763	1.0	-0.0355354160571	-0.0259522887651	0.0122059445032	0.00083023627732	0.00278688821726	0.0538870023427	-0.0464473553746	-0.0368150305666	0.0181695637256	-0.0179165672985	0.0136760569055	-0.000673903793636	0.0219929688885	0.0413227294951	-0.016531492815	-0.013980412496	-0.0288071669359	-0.00716438584803	0.00803492600555	-0.037359524428	-0.024990074082	-0.0553625018916	-0.0250203961015	0.00620168430053	-0.070833260076	0.00906413860681	0.0431853119015	-0.00678197997473	0.0283061939011	0.00114038436707	0.0521073907203	-0.0238334292395	0.0362374135071	-0.0229201680707	0.0167376862308	-0.0410742689874	-0.0309733585553	-0.0147545732527	-0.00611275817006	0.0290085500729	0.0331657502386	0.00545668559898	-0.0497656121622	0.0378840810873	-0.000509880953357	-0.00485499037936	-0.0842641560588	0.0291635820511	0.0180943659081	-0.0152410604212	-0.013798193634	-0.0408353346847	0.030293629442	-0.0779299960159
k__Bacteria;p__Bacteroidetes;c__Bacteroidia;o__Bacteroidales;f__Bacteroidaceae;g__Bacteroides;s__Bacteroides_ovatus	-0.0306519037539	0.0273602372171	0.0251550613891	-0.0189552006833	-0.0355354160571	1.0	-0.00202248660492	0.0104491798935	-0.0404588698958	0.00615745424725	-0.0280048179469	0.0393890725671	-0.0219358697581	-0.0306750369501	0.0479709766058	-0.00462555796748	0.0178244604863	-0.0507447816698	-0.0180960857918	0.00274463698567	-0.00794917722582	-0.0216886624865	-0.0264719269813	-0.0350721030267	0.0153791470587	-0.0207224516525	-0.064475467344	0.00404130723085	-0.0221205935254	0.0139300435634	-0.0103365180605	0.012800489567	-0.0202980247992	-0.0536607981125	0.0595500539937	-0.016482084539	0.00593858668607	0.0198619481514	0.0215715940477	-0.00235040461921	-0.00344179365867	0.00632852333154	-0.0104056104865	0.00605071106796	0.0177297637233	-0.105069065478	0.0104437365247	0.00864631854409	0.0426284346536	-0.0362997417395	0.0220963085281	-0.0272420777804	-0.0407143259004	-0.024296134303	-0.0347228608052	0.0126700975418	-0.0193916471693	-0.0365761669095	0.00141954998511
k__Bacteria;p__Bacteroidetes;c__Bacteroidia;o__Bacteroidales;f__Rikenellaceae;g__Alistipes;s__Alistipes_shahii	-0.0377454988319	-0.0174521745178	0.0378509537257	0.0314278908296	-0.0259522887651	-0.00202248660492	1.0	-0.0287194436405	0.0383555982364	-0.0646167085134	0.0159032089407	0.0107135392222	-0.00318008011961	-0.0277585750578	-0.074440833793	0.0208414185689	0.0311960102081	0.0562439133211	-0.0534820146686	0.0119665598764	0.0382078526348	-0.0417663716711	-0.0232106703501	-0.022440583129	0.00188625697124	-0.0126602985142	-0.0114887480222	-0.0151759023613	0.0122154922667	-0.00791342374557	-0.0727934461916	-0.0557175433755	0.00497497371643	-0.0943583351831	0.0112547678763	0.0342588676729	-0.00757662629872	-0.0123863273024	-0.0306731599999	0.0395345028525	0.025612823609	0.0346746907686	0.0145464863173	0.0329378269059	-0.0188561357761	-0.0306799640439	-0.083751732174	-0.0640973529309	0.0191288118833	-0.00655855434616	0.00094267903275	0.000302561679184	0.0771560071725	0.0729176701768	-0.00695536735012	-0.0277098625571	0.0207896178051	-0.0270262745233	0.0720713844067
k__Bacteria;p__Firmicutes;c__Clostridia;o__Clostridiales;f__Ruminococcaceae;g__Faecalibacterium;s__Faecalibacterium_prausnitzii	0.037619108885	-0.00531537773022	-0.0605944824976	-0.00807043249549	0.0122059445032	0.0104491798935	-0.0287194436405	1.0	0.00204895861055	0.0207420002878	-0.0438940157649	0.00482909433541	-0.0402421591652	-0.00271194057137	0.0310319818822	0.0226775253418	0.0081878677219	0.0010303900029	0.0158565325313	-0.0231512127713	-0.0156754691846	0.0183507781002	-0.0191673462326	-0.0156094793679	-0.0206619910004	0.00805141995725	-0.045113233053	-0.00398053422012	-0.0782342288384	0.0156386278277	-0.02820548351	-0.0455793706982	0.0483234930948	-0.0168462542337	-0.0319641514109	-0.0745401688225	-0.0258939594203	-0.0508680602384	0.0925152324624	0.0228230169886	0.0352063378886	-0.0128573794273	-0.00376410499292	0.032592889445	0.000213328632849	-0.0144839420555	0.0328448721672	0.0429956279256	-0.0480000936298	0.0369425221408	-0.00247779020311	-0.00982848226198	0.0102323328088	0.0306993920796	-0.00494879744154	-0.0375866288115	-0.022138567021	0.000137792323533	0.0294233955514
k__Bacteria;p__Bacteroidetes;c__Bacteroidia;o__Bacteroidales;f__Rikenellaceae;g__Alistipes;s__Alistipes_finegoldii	0.0228192953918	-0.0155244563365	-0.0194699555708	-0.0112014504672	0.00083023627732	-0.0404588698958	0.0383555982364	0.00204895861055	1.0	-0.0483268487681	-0.0292388297632	-0.0044445502354	-0.00802329911061	-0.0385284159318	-0.0399540133449	0.0287881596768	0.0300466469468	-0.0572237856111	-0.0135442679562	-0.0347412887037	0.0244586517278	0.00904177849917	0.017268432916	-0.0509783604597	-0.0134576271923	0.0150303544848	0.0308372358826	0.00519679699934	-0.00863589210598	0.0280919930046	-0.0449576047103	0.0071759865036	0.0232641491548	-0.0630706911433	-0.0193030402379	0.02219850473	0.0266093099067	0.0351892425428	0.00180367094956	0.0178679087707	-0.0823435882605	-0.0106001642994	0.0280870725456	0.0300008201135	0.00438948282288	-0.041382275957	0.00177250482972	-0.0815526304228	-0.00450684714842	-0.00396546847054	-0.0362162694717	-0.0646115389239	0.00481961003862	0.0296493290394	-0.0246132032466	-0.00365761410107	-3.98711095613e-05	0.0757180204246	0.0171134538617
k__Bacteria;p__Bacteroidetes;c__Bacteroidia;o__Bacteroidales;f__Porphyromonadaceae;g__Parabacteroides;s__Parabacteroides_distasonis	0.00556056833319	-0.0273507928138	0.0562427350187	0.0131012547738	0.00278688821726	0.00615745424725	-0.0646167085134	0.0207420002878	-0.0483268487681	1.0	-0.0569084146202	0.0087917111955	-0.0125403663928	0.0566646054783	-0.00559772718231	0.0579782887112	-0.012219171511	-0.0623125344116	-0.00795684328142	-0.0157168694422	-0.0277767556123	0.00908911949502	-0.0528393350728	0.0185078040511	0.031081108049	-0.0270266249982	-0.0427012895477	0.0966703451197	0.0402918313172	-0.082060818038	0.000108808274951	0.0125394692143	0.00733807884964	0.0202930000232	0.000527065445228	-0.00926749751826	-0.00609829065493	-0.0312956969564	0.0278240459725	-0.0712014632647	-0.030315204115	-0.00919347621859	-0.029345802622	-0.0065297188743	0.00372303052538	-0.041806853431	0.0521818368086	0.0090063859359	-0.0364098484111	-0.0254819411905	0.000971249518268	-0.00561224786659	-0.0346175426204	0.050448904231	-0.0283947066333	-0.0376291002178	0.0250925820679	-0.0179856793809	0.0199806753247
k__Bacteria;p__Bacteroidetes;c__Bacteroidia;o__Bacteroidales;f__Bacteroidaceae;g__Bacteroides;s__Bacteroides_thetaiotaomicron	-0.0372797202114	0.0409457053772	-0.0122934399069	-0.0197450132407	0.0538870023427	-0.0280048179469	0.0159032089407	-0.0438940157649	-0.0292388297632	-0.0569084146202	1.0	-0.0382950430485	-0.0512771138424	0.0500814091552	0.0393966648312	0.0351913159311	-0.0138443179201	0.030420872331	0.00567491914364	0.030083992444	-0.0362545097448	0.0459544900156	-0.00940320985261	0.0521086703717	-0.0150533121697	-0.036268250007	0.0295905429444	-0.0239111212768	0.00632759310728	-0.016598479477	0.00410994580737	-0.0860289832815	-0.0574015456984	-0.00620672267233	-0.0198031029704	-0.0259105193013	-0.0073816413401	-0.0640874969247	-0.0679722387075	-0.0513282992398	0.0157771662131	-0.0294791928907	-0.0226738330762	-0.0344609588618	0.036348391409	0.0413081140181	0.0857655140198	0.0639352393633	0.00252779306815	0.050224491559	-0.0469737663963	-0.0340733272639	0.000421203784516	-0.00231205730506	-0.0447350853264	0.0319267916901	-0.0109750611156	-0.000432873358636	-0.00142831276074
k__Bacteria;p__Bacteroidetes;c__Bacteroidia;o__Bacteroidales;f__Bacteroidaceae;g__Bacteroides;s__Bacteroides_coprocola	-0.024962360201	-0.0120440507213	-0.0362270191472	-0.00748190061619	-0.0464473553746	0.0393890725671	0.0107135392222	0.00482909433541	-0.0044445502354	0.0087917111955	-0.0382950430485	1.0	0.00281271207648	0.0319418673437	-0.00253957500314	-0.00826314722658	0.016709144316	-0.0308279078004	0.01740759705	0.0221026402809	-0.0123402627468	-0.0826178249518	-0.000410317746434	-0.00917060752321	-0.0430629163741	0.0685805005225	-0.0666486210768	-0.0135707232372	0.0109234801254	0.0275252029437	0.00862195817788	-0.0566039855703	-0.0615744149564	-0.00447194880941	0.0218619075906	0.0545542470297	-0.0228356236709	-0.00970473683395	-0.0184936635107	-0.062640075263	-0.0604662571444	0.00233598893257	0.0102636199826	-0.00770603361123	0.0230985449857	0.0255024036854	-0.0352602596988	-0.0220274641914	-0.0121805263329	0.0310630975724	0.0698332351885	-0.0370322309051	0.00132447303729	0.0139943251231	-0.00261869549702	-0.0217838808089	-0.0339226577145	0.0179288897486	-0.0466204362864
k__Bacteria;p__Bacteroidetes;c__Bacteroidia;o__Bacteroidales;f__Bacteroidaceae;g__Bacteroides;s__Bacteroides_cellulosilyticus	0.0178111090508	0.0415065086698	0.0427928758195	-0.0184435280322	-0.0368150305666	-0.0219358697581	-0.00318008011961	-0.0402421591652	-0.00802329911061	-0.0125403663928	-0.0512771138424	0.00281271207648	1.0	0.0801359032511	-0.0410843268052	0.0180535255922	-0.0607652322514	-0.0324287675242	0.0405991308051	0.0411232511545	-0.0275867846833	0.0526237495544	-0.0560191100121	-0.0165752232711	0.00791985151744	-0.0236527210094	0.0503006465254	0.0243063935738	0.0304756720559	0.0105831600173	0.0293144008527	-0.023590908598	0.0241213981393	0.0444847089451	-0.00255688931818	-0.00618496362819	-0.0336746586111	-0.00286987125002	-0.00869616820549	0.0298242760001	0.0168063088499	0.041633217845	-0.0404554223431	-0.048876133281	0.000100927316837	-0.0145898467673	0.0296084953184	0.0114841310893	0.0274499067866	0.021783871089	-0.0790244867829	-0.013503559514	0.0326722062432	-0.0461960937718	0.00352748229758	0.0286680376746	0.00832640207355	0.0376895428455	0.022048633841
k__Bacteria;p__Bacteroidetes;c__Bacteroidia;o__Bacteroidales;f__Rikenellaceae;g__Alistipes;s__Alistipes_obesi	-0.0774846935677	0.0249412666978	-0.00765077734508	0.0250109045691	0.0181695637256	-0.0306750369501	-0.0277585750578	-0.00271194057137	-0.0385284159318	0.0566646054783	0.0500814091552	0.0319418673437	0.0801359032511	1.0	-0.0214371452336	-0.0658561368197	-0.0180332371961	0.00617642688173	0.0415660994061	-0.0284584153438	0.0119627317138	0.0281185337839	-0.0332380900319	-0.0214726870825	-0.00850843683531	0.0370478715356	0.0126839497901	-0.0571609773972	-0.100054896727	-0.0179709020648	-0.0526764068067	0.0377447215348	0.0200955941093	0.0374441156833	-0.010457955577	-0.0185948718634	-0.0359047224131	-0.0481932212477	0.0386047419794	-0.0277605506962	-0.0392419731585	-0.03728515526	-0.0067093655181	-0.0112937357509	0.0224621982385	0.000719235466775	-0.0518962998737	0.0251593643321	0.000169450555733	0.020807169466	-0.0447757594273	-0.000696151188073	-0.00855922265692	0.0332363302461	-0.0329332557974	-0.0502213995148	-0.0288294366505	-0.00580635873706	-0.0121371583937
k__Bacteria;p__Firmicutes;c__Clostridia;o__Clostridiales;f__Lachnospiraceae;g__;s__[Eubacterium]_rectale	0.0101386144151	-0.00170595230977	0.0288333793457	0.0166198033743	-0.0179165672985	0.0479709766058	-0.074440833793	0.0310319818822	-0.0399540133449	-0.00559772718231	0.0393966648312	-0.00253957500313	-0.0410843268052	-0.0214371452336	1.0	0.0238030314506	-0.00702917004945	0.047907287184	-0.0238019543392	-0.00493138791728	-0.0651083712532	0.0832107061198	-0.033388088882	-0.0406042337243	-0.0272737504381	-0.0400863077768	-0.0452886973233	0.0317856975183	-0.00507381210435	-0.0417198809712	0.00836244798213	-0.00364134000184	0.0355616416471	0.0164619778383	-0.00285873713235	0.00847040509915	-0.0201941644891	-0.0187847396236	-0.0556081917911	-0.0460313912136	0.0352056619416	-0.0450615491711	-0.0526891404327	0.0125509294881	0.0440482878564	0.0102353543685	-0.0126376219549	0.0261939912575	-0.0223758063031	0.039380530373	-0.0302143506239	-0.0349458090086	-0.0394337855678	-0.0113559440913	0.0222652059998	0.0505567831536	-0.00829677579667	0.0046777656372	0.0665208895649
k__Bacteria;p__Bacteroidetes;c__Bacteroidia;o__Bacteroidales;f__Bacteroidaceae;g__Bacteroides;s__Bacteroides_plebeius	0.0173221918448	-0.0507069577344	-0.0407531277543	-0.0250553952635	0.0136760569055	-0.00462555796748	0.0208414185689	0.0226775253418	0.0287881596768	0.0579782887112	0.0351913159311	-0.00826314722658	0.0180535255922	-0.0658561368197	0.0238030314506	1.0	0.00470504499576	-0.0538469786101	-0.053205007145	-0.00653699677109	-0.0582430484218	-0.0254782724236	-0.062526749829	-0.0125854994937	0.0600653194822	0.00345386024504	-0.00350042303911	-0.00465512447379	-0.0253513393809	-0.00855215212554	-0.0509240744703	-0.053629677059	0.0840304075057	-0.0256758938643	-0.0240275420032	-0.0288827487361	-0.0392861243856	0.0105083607807	-0.0235664296601	0.0214830063244	-0.0571071397085	-0.00548425879884	-0.0384686949929	0.0160870058136	-0.0197919403306	-0.0265302921145	0.0101963742306	0.00481040977877	0.0496716498647	0.0116879998818	0.0086611378937	8.44429983598e-05	-0.00300993155124	0.0282244702652	-0.0034036724259	0.0272495896568	-0.0152309572776	-0.0829623802616	-0.00502790919477
k__Bacteria;p__Bacteroidetes;c__Bacteroidia;o__Bacteroidales;f__Bacteroidaceae;g__Bacteroides;s__Bacteroides_fragilis	-0.018339628857	0.00176397503257	0.0236682280669	-0.0273693600966	-0.000673903793636	0.0178244604863	0.0311960102081	0.0081878677219	0.0300466469468	-0.012219171511	-0.0138443179201	0.016709144316	-0.0607652322514	-0.0180332371961	-0.00702917004945	0.00470504499576	1.0	0.0183159495932	-0.0109196175345	-0.00669826420717	-0.0214741694798	-0.0463259327681	0.0365656542841	-0.0673833437958	0.0245130295429	0.0297479606519	-0.0342952592047	-0.0151708575256	0.0516148406093	-0.00773620789753	-0.0139750972825	0.040413527388	0.00994438297475	-0.00590534019155	-0.0237112061101	0.0399759541307	0.034103292445	-0.0463228797419	-0.00473877661256	-0.0011339559296	-0.00938091776762	-0.00179263107431	-0.0017284880516	0.00493252427749	-0.0372892110895	0.0130683586246	-0.0437016822269	-0.0274107314364	-0.100004369827	-0.0308488741806	-0.00496289466154	0.0291689438455	-0.0416500818115	0.0230285998818	-0.0162556639419	-0.00947255377594	-0.0466353244562	-0.000890462650268	-0.0370590109601
k__Bacteria;p__Proteobacteria;c__Betaproteobacteria;o__Burkholderiales;f__Sutterellaceae;g__Sutterella;s__Sutterella_wadsworthensis	0.019693387792	0.022029701671	0.0377158097491	-0.0414371112213	0.0219929688885	-0.0507447816698	0.0562439133211	0.0010303900029	-0.0572237856111	-0.0623125344116	0.030420872331	-0.0308279078004	-0.0324287675242	0.00617642688173	0.047907287184	-0.0538469786101	0.0183159495932	1.0	0.0146485888343	-0.0515427378812	0.00639909390945	-0.0223096077728	-0.0250803667405	0.00812333743651	-0.051298395811	0.0404509165257	-0.0383135941895	0.0199573745163	-0.0100497326603	0.0223182572934	-0.0576163251273	0.0333915349535	-0.00896511555898	0.021269809925	0.013435909099	-0.0195380274409	0.0171930102582	-0.0271102396355	0.00742182257743	-0.000316783104494	0.00232788911665	-0.0683867040965	0.0357622066894	-0.00740691684476	0.0232475415006	-0.0836645610891	-0.0424124530648	-0.026111865743	-0.0338132713897	-0.0294081912377	-0.0302438901231	0.020188450692	0.00307960086975	-0.0675868642534	-0.0225558291806	0.0319451818503	0.0225313297293	0.0464726417876	0.0208137214374
k__Bacteria;p__Bacteroidetes;c__Bacteroidia;o__Bacteroidales;f__Porphyromonadaceae;g__Barnesiella;s__Barnesiella_intestinihominis	0.0447893932762	0.0266113007687	-0.0455413699945	-0.0306199339791	0.0413227294951	-0.0180960857918	-0.0534820146686	0.0158565325313	-0.0135442679562	-0.00795684328142	0.00567491914364	0.01740759705	0.0405991308051	0.0415660994061	-0.0238019543392	-0.053205007145	-0.0109196175345	0.0146485888343	1.0	-0.0287080418995	0.0100483824217	0.0175058283269	0.00100171242957	-0.0641319859913	0.00510546621188	-0.0238693479708	0.0218373398519	-0.017218717245	0.031572862736	-0.00373015154065	-0.0178299576335	0.0123666393667	-0.0226551915276	-0.00212374264821	0.00904026575383	-0.0175945665707	0.041044260278	-0.00799776257941	-0.0023493849578	0.0166516694387	-0.0597510212815	0.0475561059981	-0.00398655657242	-0.0475380485641	0.0545335645309	0.00710031282528	-0.0445364488931	0.00749571540892	-0.0433091689789	0.00134393678508	0.0342179265867	0.00183732548031	-0.00255226813064	-0.0326301202947	0.0237868336829	-0.0197750382969	-0.0314298329554	-0.0169387436738	-0.0299778667868
k__Bacteria;p__Bacteroidetes;c__Bacteroidia;o__Bacteroidales;f__Odoribacteraceae;g__Odoribacter;s__Odoribacter_splanchnicus	-0.0279957106244	-0.0339810104139	-0.00347997051836	-0.0833905940845	-0.016531492815	0.00274463698567	0.0119665598764	-0.0231512127713	-0.0347412887037	-0.0157168694422	0.030083992444	0.0221026402809	0.0411232511545	-0.0284584153438	-0.00493138791728	-0.00653699677109	-0.00669826420717	-0.0515427378812	-0.0287080418995	1.0	-0.011245553985	0.0169850352004	0.063662413498	-0.00401274607026	-0.0312745132209	0.00358130480466	0.00435043559192	0.0600066764767	-0.0409570275683	-0.0429276504862	-0.0103296286674	0.0212230564381	-0.0196593485601	-0.0523427007269	-0.0126561574412	0.025675097714	-0.038477384799	-0.00865568274934	0.0347254401673	-0.0298075369542	0.0143645667526	-0.0296452601937	0.0121876811907	-0.00879210638426	-0.0277322737953	-0.00579079429977	-0.00690033501273	-0.0036954935331	-0.0632978175345	-0.00356640002255	-0.0317310713897	0.0348080157683	0.00367260174529	-0.00900006319433	-0.0660938862648	-0.0323825976048	-0.0610087131011	0.00937192992682	0.0575912628891
k__Bacteria;p__Bacteroidetes;c__Bacteroidia;o__Bacteroidales;f__Bacteroidaceae;g__Bacteroides;s__Bacteroides_salyersiae	-0.0075446902893	0.0458694757973	0.0108244500889	0.0179195283465	-0.013980412496	-0.00794917722582	0.0382078526348	-0.0156754691846	0.0244586517278	-0.0277767556123	-0.0362545097448	-0.0123402627468	-0.0275867846833	0.0119627317138	-0.0651083712532	-0.0582430484218	-0.0214741694798	0.00639909390945	0.0100483824217	-0.011245553985	1.0	-0.0181606716909	0.0151113020524	-0.0145935739716	-0.00947912629755	0.00625276039701	0.00934319473701	-0.0164333706575	-0.0184148943909	-0.0237860925033	0.0330533041954	-0.00990304608805	-0.041521939952	-0.0124643906915	0.00365924012684	-0.0485708148164	0.0139321920512	0.0410193341248	-0.0215506959825	0.00222895155678	0.0331673498488	-0.0057297159121	0.0728161233882	-0.0624904010096	-0.023085999424	-0.0180082976709	-0.0304217468262	-0.0140911782356	0.00354731890895	-0.0300990031126	0.027757857135	0.0342232832211	-0.0167328980431	-0.0330077386969	0.0513836001671	-0.0313721063667	-0.006962826727	-0.0265651010965	-0.0298089534054
k__Bacteria;p__Firmicutes;c__Clostridia;o__Clostridiales;f__Ruminococcaceae;g__Ruminiclostridium;s__[Eubacterium]_siraeum	0.0393353447052	0.0402269430895	-0.0222641664566	0.0561647706499	-0.0288071669359	-0.0216886624865	-0.0417663716711	0.0183507781002	0.00904177849917	0.00908911949502	0.0459544900156	-0.0826178249518	0.0526237495544	0.0281185337839	0.0832107061198	-0.0254782724236	-0.0463259327681	-0.0223096077728	0.0175058283269	0.0169850352004	-0.0181606716909	1.0	-0.0283477593201	-0.0562856541716	-0.0144146208696	0.00664690701661	0.0414583224814	-0.0655638746808	0.0358402353636	0.00607934126482	0.0105204594765	-0.0400768293963	-0.0499794023055	-0.047669478055	0.00084764082921	0.029299656309	0.0303974862853	-0.0244455044957	-0.00994659738852	-8.11752951082e-05	-0.0190996508115	0.0220317632711	0.0296285552396	0.0154032829323	-0.0263391797948	-0.00246024124214	0.00190607731892	-0.00417150482711	0.0176185332571	-0.00219831207094	-0.0330511591712	-0.0306114248089	0.0179553127262	0.00915686614375	0.0223719366022	-0.000406487929476	-0.00684975733804	-0.0283112326371	-0.0136013343418
k__Bacteria;p__Proteobacteria;c__Betaproteobacteria;o__Burkholderiales;f__Sutterellaceae;g__Parasutterella;s__Parasutterella_excrementihominis	-0.0309875868874	0.00480282851503	-0.0335322738581	-0.0479750973443	-0.00716438584803	-0.0264719269813	-0.0232106703501	-0.0191673462326	0.017268432916	-0.0528393350728	-0.00940320985261	-0.000410317746434	-0.0560191100121	-0.0332380900319	-0.033388088882	-0.062526749829	0.0365656542841	-0.0250803667405	0.00100171242957	0.063662413498	0.0151113020524	-0.0283477593201	1.0	-0.0453411915627	-0.0233724680325	-0.013639005134	0.0126240687767	0.0240633278294	0.0113734069352	0.0543852522209	-0.0844763781775	0.0450465021492	0.0362575689414	-0.0154487456497	0.0498193046729	0.0240320313186	0.00578277926182	-0.0279308249257	-0.00977272126529	-0.0447275562007	-0.0292081026846	0.0371079298753	-0.0142194551854	0.0619567993891	-0.0700247892301	0.0143228682215	-0.0223041418079	0.0380596561901	-0.0596198890439	-0.0363710569289	0.0817489308636	-0.0434837145768	-0.0426392732552	0.013435004778	-0.0161744228313	-0.0230464453955	0.0909339242335	-0.0582677124094	0.0194584007762
k__Bacteria;p__Actinobacteria;c__Actinobacteria;o__Bifidobacteriales;f__Bifidobacteriaceae;g__Bifidobacterium;s__Bifidobacterium_adolescentis	-0.0208519456392	0.0169625507474	0.00181620795523	0.0455767293007	0.00803492600555	-0.0350721030267	-0.022440583129	-0.0156094793679	-0.0509783604597	0.0185078040511	0.0521086703717	-0.00917060752321	-0.0165752232711	-0.0214726870825	-0.0406042337243	-0.0125854994937	-0.0673833437958	0.00812333743651	-0.0641319859913	-0.00401274607026	-0.0145935739716	-0.0562856541716	-0.0453411915627	1.0	0.0138190866541	-0.0614371379991	-0.0262220349704	-0.00789018837573	0.0191972701977	-0.0312202684031	0.0506966483499	-0.0376372024193	-0.0181040754143	0.0135425115787	-0.0537865782703	-0.0289467357445	-0.035855183464	0.0166362629358	-0.00508069548785	0.0190610699134	-0.0184003666266	0.0270491593147	-0.0539540551247	-0.0186040665448	0.0198485850027	-0.0105266707457	-0.00323598280413	-0.0245338525121	0.0340963138691	-0.0205134622566	-0.0277156329483	0.0477586407965	0.0228191532282	-0.0774073595803	0.0017064056346	0.0232228448705	0.0540047432444	-0.0174792918225	0.0381229494378
k__Bacteria;p__Firmicutes;c__Clostridia;o__Clostridiales;f__Oscillospiraceae;g__Oscillibacter;s__Oscillibacter_sp._KLE_1745	-0.0427114879867	-0.0155827405527	0.0213399266841	-0.0398703141866	-0.037359524428	0.0153791470587	0.00188625697124	-0.0206619910004	-0.0134576271923	0.031081108049	-0.0150533121697	-0.0430629163741	0.00791985151744	-0.00850843683531	-0.0272737504381	0.0600653194822	0.0245130295429	-0.051298395811	0.00510546621188	-0.0312745132209	-0.00947912629755	-0.0144146208696	-0.0233724680325	0.0138190866541	1.0	-0.0301744520798	0.0128696797581	-0.00303382609976	-0.00119603070957	-0.00368554064675	-0.0112738712928	-0.000350716599456	-0.0199062729613	-0.050181120103	-0.0512629156794	0.0225154679276	-0.0615102387712	-0.0262879151059	-0.0211333431584	0.00166284724316	0.0111929293336	0.0632439323497	-0.0027371299358	0.0372727869024	0.0493903155902	0.0471937725096	0.0409749737737	-0.0233351592395	-0.00485151684981	-0.0291392821986	-0.0212443914126	0.0136816691745	0.0560826446294	-0.028204469897	0.00199056868064	-0.0423768291821	0.0085792686298	-0.0377560500679	0.0026360659048
k__Bacteria;p__Bacteroidetes;c__Bacteroidia;o__Bacteroidales;f__Bacteroidaceae;g__Bacteroides;s__Bacteroides_coprophilus	0.0329237174678	0.0400908617173	0.00648885310682	-0.0230665166596	-0.024990074082	-0.0207224516525	-0.0126602985142	0.00805141995725	0.0150303544848	-0.0270266249982	-0.036268250007	0.0685805005225	-0.0236527210094	0.0370478715356	-0.0400863077768	0.00345386024504	0.0297479606519	0.0404509165257	-0.0238693479708	0.00358130480466	0.00625276039701	0.00664690701661	-0.013639005134	-0.0614371379991	-0.0301744520798	1.0	0.0038864084649	-0.00759170268957	0.00873607041388	-0.0522871723893	-0.0226414350245	0.0228605126751	-0.0316159825703	-0.0277614243119	0.0179718376709	0.0211468151944	-0.0203316610954	-0.0169354176071	-0.0100305490576	-0.0253087901636	-0.0120491690781	-0.0592638043085	-0.0229884692091	-0.00943002397223	-0.00716297222381	0.0262272876898	-0.0364056029067	-0.0347156180269	0.0280705776662	0.0112825797291	0.00279098054924	-0.0367303715618	-0.0355582639558	0.0272130041689	0.014905456727	-0.0165435901619	0.0550603169631	-0.0310593125012	0.0111367653003
k__Bacteria;p__Firmicutes;c__Clostridia;o__Clostridiales;f__Lachnospiraceae;g__Roseburia;s__Roseburia_intestinalis	0.0258515824909	-0.0560908419274	0.00172007118192	-0.031046047198	-0.0553625018916	-0.064475467344	-0.0114887480222	-0.045113233053	0.0308372358826	-0.0427012895477	0.0295905429444	-0.0666486210768	0.0503006465254	0.0126839497901	-0.0452886973233	-0.00350042303911	-0.0342952592047	-0.0383135941895	0.0218373398519	0.00435043559192	0.00934319473701	0.0414583224814	0.0126240687767	-0.0262220349704	0.0128696797581	0.0038864084649	1.0	-0.0619615828011	0.0103457879779	-0.0370539891993	-0.0218521195905	0.0545462796293	-0.0565402854252	0.00473162276783	0.00289055608005	-0.0126614619575	0.0100761303798	0.0341139907394	0.0493995031939	-0.0169377141344	0.0101998263515	-0.0236367895469	-0.0630025542444	0.031059837522	0.0539834722952	0.00315307622278	-0.067010492912	-0.0140415162006	0.0231599396625	0.0504718611475	-0.0431096350921	0.0167788757468	-0.0598091417649	-0.0743409924654	-0.0122813791881	-0.00129661162715	-0.0253016487496	0.0309772965848	-0.0477506207661
k__Bacteria;p__Firmicutes;c__Clostridia;o__Clostridiales;f__Lachnospiraceae;g__Roseburia;s__Roseburia_hominis	-0.0195948135594	0.0159221722886	0.0144132407792	-0.0228941216197	-0.0250203961015	0.00404130723085	-0.0151759023613	-0.00398053422012	0.00519679699934	0.0966703451197	-0.0239111212768	-0.0135707232372	0.0243063935738	-0.0571609773972	0.0317856975183	-0.00465512447379	-0.0151708575256	0.0199573745163	-0.017218717245	0.0600066764767	-0.0164333706575	-0.0655638746808	0.0240633278294	-0.00789018837573	-0.00303382609976	-0.00759170268957	-0.0619615828011	1.0	-0.0144305419471	-0.0527280757256	0.0428991477629	0.0142635739221	0.00908456222767	-0.019514057705	-0.0465412240037	-0.0583781965893	0.0144592645936	0.035779115002	-0.04129126541	-0.0388500291306	0.0282631059144	0.0139497246976	0.0322773305112	-0.000318259550632	-0.0158733497542	-0.0513226509393	-0.000129447390061	0.00975586796111	0.0226728851423	-0.0396063690418	-0.011553495808	-0.00570127991171	0.00894748370574	-0.054611499025	0.0330555336083	-0.0233237693821	-0.0129462198943	-0.0304912764952	0.0116071272443
k__Bacteria;p__Bacteroidetes;c__Bacteroidia;o__Bacteroidales;f__Porphyromonadaceae;g__Parabacteroides;s__Parabacteroides_johnsonii	-0.0289601323419	-0.0546592296589	-0.000632020271952	-0.052101857036	0.00620168430053	-0.0221205935254	0.0122154922667	-0.0782342288384	-0.00863589210598	0.0402918313172	0.00632759310728	0.0109234801254	0.0304756720559	-0.100054896727	-0.00507381210435	-0.0253513393809	0.0516148406093	-0.0100497326603	0.031572862736	-0.0409570275683	-0.0184148943909	0.0358402353636	0.0113734069352	0.0191972701977	-0.00119603070957	0.00873607041388	0.0103457879779	-0.0144305419471	1.0	0.01756000549	-0.0588676319893	-0.105034803417	-0.0125658066078	0.00316377140953	-0.0494490931619	-0.0073792531419	-0.0305844354649	0.0251343013641	-0.0320159275326	-0.0102705616685	-0.0771505562115	-0.0240663506888	0.00148971725224	-0.0433652601044	-0.0448915281716	0.0668488557784	0.0215190244773	0.0208165916026	-0.0374353771296	0.0265977772781	-0.00103322986353	0.00941608198618	0.0316045449589	0.0391352817484	-0.00593843474768	-0.00327337060445	0.0368900931744	0.00386366548456	-0.0433682461261
k__Bacteria;p__Actinobacteria;c__Actinobacteria;o__Bifidobacteriales;f__Bifidobacteriaceae;g__Bifidobacterium;s__Bifidobacterium_longum	0.0476160030172	-0.0784346342711	-0.0457339166149	-0.00929945634105	-0.070833260076	0.0139300435634	-0.00791342374557	0.0156386278277	0.0280919930046	-0.082060818038	-0.016598479477	0.0275252029437	0.0105831600173	-0.0179709020648	-0.0417198809712	-0.00855215212554	-0.00773620789753	0.0223182572934	-0.00373015154065	-0.0429276504862	-0.0237860925033	0.00607934126482	0.0543852522209	-0.0312202684031	-0.00368554064675	-0.0522871723893	-0.0370539891993	-0.0527280757256	0.01756000549	1.0	-0.0325428857243	-0.0282543426492	-0.0485516461018	0.00415337975876	0.00772159605066	-0.0311023452898	-0.0200377695726	-0.0380619755116	-0.00632290349317	-0.0191180806632	0.0067733462634	0.0580516913728	0.0373442625987	0.0288795467305	-0.00914043284171	-0.0214171724495	-0.00885380566394	-0.0389777999244	-0.0395767941121	-0.023005906698	-0.0434404089287	0.0537626397184	-0.0055541822981	-0.0272832360628	-0.00358167590127	-0.026950007748	-0.0541546941162	0.0144956962518	0.00204479184781
