#taxonomy	k__Bacteria;p__Bacteroidetes;c__Bacteroidia;o__Bacteroidales;f__Bacteroidaceae;g__Bacteroides;s__Bacteroides_vulgatus	k__Bacteria;p__Bacteroidetes;c__Bacteroidia;o__Bacteroidales;f__Bacteroidaceae;g__Bacteroides;s__Bacteroides_uniformis	k__Bacteria;p__Bacteroidetes;c__Bacteroidia;o__Bacteroidales;f__Rikenellaceae;g__Alistipes;s__Alistipes_putredinis	k__Bacteria;p__Bacteroidetes;c__Bacteroidia;o__Bacteroidales;f__Prevotellaceae;g__Prevotella;s__Prevotella_copri	k__Bacteria;p__Bacteroidetes;c__Bacteroidia;o__Bacteroidales;f__Bacteroidaceae;g__Bacteroides;s__Bacteroides_stercoris	k__Bacteria;p__Bacteroidetes;c__Bacteroidia;o__Bacteroidales;f__Bacteroidaceae;g__Bacteroides;s__Bacteroides_ovatus	k__Bacteria;p__Bacteroidetes;c__Bacteroidia;o__Bacteroidales;f__Rikenellaceae;g__Alistipes;s__Alistipes_shahii	k__Bacteria;p__Firmicutes;c__Clostridia;o__Clostridiales;f__Ruminococcaceae;g__Faecalibacterium;s__Faecalibacterium_prausnitzii	k__Bacteria;p__Bacteroidetes;c__Bacteroidia;o__Bacteroidales;f__Rikenellaceae;g__Alistipes;s__Alistipes_finegoldii	k__Bacteria;p__Bacteroidetes;c__Bacteroidia;o__Bacteroidales;f__Porphyromonadaceae;g__Parabacteroides;s__Parabacteroides_distasonis	k__Bacteria;p__Bacteroidetes;c__Bacteroidia;o__Bacteroidales;f__Bacteroidaceae;g__Bacteroides;s__Bacteroides_thetaiotaomicron	k__Bacteria;p__Bacteroidetes;c__Bacteroidia;o__Bacteroidales;f__Bacteroidaceae;g__Bacteroides;s__Bacteroides_coprocola	k__Bacteria;p__Bacteroidetes;c__Bacteroidia;o__Bacteroidales;f__Bacteroidaceae;g__Bacteroides;s__Bacteroides_cellulosilyticus	k__Bacteria;p__Bacteroidetes;c__Bacteroidia;o__Bacteroidales;f__Rikenellaceae;g__Alistipes;s__Alistipes_obesi	k__Bacteria;p__Firmicutes;c__Clostridia;o__Clostridiales;f__Lachnospiraceae;g__;s__[Eubacterium]_rectale	k__Bacteria;p__Bacteroidetes;c__Bacteroidia;o__Bacteroidales;f__Bacteroidaceae;g__Bacteroides;s__Bacteroides_plebeius	k__Bacteria;p__Bacteroidetes;c__Bacteroidia;o__Bacteroidales;f__Bacteroidaceae;g__Bacteroides;s__Bacteroides_fragilis	k__Bacteria;p__Proteobacteria;c__Betaproteobacteria;o__Burkholderiales;f__Sutterellaceae;g__Sutterella;s__Sutterella_wadsworthensis	k__Bacteria;p__Bacteroidetes;c__Bacteroidia;o__Bacteroidales;f__Porphyromonadaceae;g__Barnesiella;s__Barnesiella_intestinihominis	k__Bacteria;p__Bacteroidetes;c__Bacteroidia;o__Bacteroidales;f__Odoribacteraceae;g__Odoribacter;s__Odoribacter_splanchnicus	k__Bacteria;p__Bacteroidetes;c__Bacteroidia;o__Bacteroidales;f__Bacteroidaceae;g__Bacteroides;s__Bacteroides_salyersiae	k__Bacteria;p__Firmicutes;c__Clostridia;o__Clostridiales;f__Ruminococcaceae;g__Ruminiclostridium;s__[Eubacterium]_siraeum	k__Bacteria;p__Proteobacteria;c__Betaproteobacteria;o__Burkholderiales;f__Sutterellaceae;g__Parasutterella;s__Parasutterella_excrementihominis	k__Bacteria;p__Actinobacteria;c__Actinobacteria;o__Bifidobacteriales;f__Bifidobacteriaceae;g__Bifidobacterium;s__Bifidobacterium_adolescentis	k__Bacteria;p__Firmicutes;c__Clostridia;o__Clostridiales;f__Oscillospiraceae;g__Oscillibacter;s__Oscillibacter_sp._KLE_1745	k__Bacteria;p__Bacteroidetes;c__Bacteroidia;o__Bacteroidales;f__Bacteroidaceae;g__Bacteroides;s__Bacteroides_coprophilus	k__Bacteria;p__Firmicutes;c__Clostridia;o__Clostridiales;f__Lachnospiraceae;g__Roseburia;s__Roseburia_intestinalis	k__Bacteria;p__Firmicutes;c__Clostridia;o__Clostridiales;f__Lachnospiraceae;g__Roseburia;s__Roseburia_hominis	k__Bacteria;p__Bacteroidetes;c__Bacteroidia;o__Bacteroidales;f__Porphyromonadaceae;g__Parabacteroides;s__Parabacteroides_johnsonii	k__Bacteria;p__Actinobacteria;c__Actinobacteria;o__Bifidobacteriales;f__Bifidobacteriaceae;g__Bifidobacterium;s__Bifidobacterium_longum	k__Bacteria;p__Firmicutes;c__Clostridia;o__Clostridiales;f__;g__Flavonifractor;s__Flavonifractor_plautii	k__Bacteria;p__Firmicutes;c__Clostridia;o__Clostridiales;f__Clostridiaceae;g__Clostridium;s__Clostridium_phoceensis	k__Bacteria;p__Verrucomicrobia;c__Verrucomicrobiae;o__Verrucomicrobiales;f__Akkermansiaceae;g__Akkermansia;s__Akkermansia_muciniphila	k__Bacteria;p__Bacteroidetes;c__Bacteroidia;o__Bacteroidales;f__Prevotellaceae;g__Paraprevotella;s__Paraprevotella_xylaniphila	k__Bacteria;p__Firmicutes;c__Clostridia;o__Clostridiales;f__Ruminococcaceae;g__Ruminococcus;s__Ruminococcus_callidus	k__Bacteria;p__Bacteroidetes;c__Bacteroidia;o__Bacteroidales;f__Rikenellaceae;g__Alistipes;s__Alistipes_senegalensis	k__Bacteria;p__Firmicutes;c__Clostridia;o__Clostridiales;f__Lachnospiraceae;g__Blautia;s__Blautia_sp._KLE_1732	k__Bacteria;p__Bacteroidetes;c__Bacteroidia;o__Bacteroidales;f__Bacteroidaceae;g__Bacteroides;s__Bacteroides_oleiciplenus	k__Bacteria;p__Firmicutes;c__Clostridia;o__Clostridiales;f__Ruminococcaceae;g__Ruminococcus;s__Ruminococcus_bicirculans	k__Bacteria;p__Bacteroidetes;c__Bacteroidia;o__Bacteroidales;f__Bacteroidaceae;g__Bacteroides;s__Bacteroides_fluxus	k__Bacteria;p__Bacteroidetes;c__Bacteroidia;o__Bacteroidales;f__Prevotellaceae;g__Prevotella;s__Prevotella_stercorea	k__Bacteria;p__Firmicutes;c__Clostridia;o__Clostridiales;f__Lachnospiraceae;g__Dorea;s__Dorea_longicatena	k__Bacteria;p__Firmicutes;c__Clostridia;o__Clostridiales;f__Eubacteriaceae;g__Eubacterium;s__[Eubacterium]_eligens	k__Bacteria;p__Firmicutes;c__Clostridia;o__Clostridiales;f__Ruminococcaceae;g__;s__Ruminococcaceae_bacterium_D16	k__Bacteria;p__Firmicutes;c__Clostridia;o__Clostridiales;f__Lachnospiraceae;g__Coprococcus;s__Coprococcus_comes	k__Bacteria;p__Proteobacteria;c__Gammaproteobacteria;o__Enterobacterales;f__Enterobacteriaceae;g__Escherichia;s__Escherichia_coli	k__Bacteria;p__Firmicutes;c__Clostridia;o__Clostridiales;f__Ruminococcaceae;g__Anaerotruncus;s__Anaerotruncus_colihominis	k__Bacteria;p__Firmicutes;c__Clostridia;o__Clostridiales;f__Lachnospiraceae;g__Blautia;s__Blautia_obeum	k__Bacteria;p__Bacteroidetes;c__Bacteroidia;o__Bacteroidales;f__Odoribacteraceae;g__Odoribacter;s__Odoribacter_laneus	k__Bacteria;p__Firmicutes;c__Clostridia;o__Clostridiales;f__Ruminococcaceae;g__Ruminiclostridium;s__[Clostridium]_leptum	k__Bacteria;p__Bacteroidetes;c__Bacteroidia;o__Bacteroidales;f__Porphyromonadaceae;g__Parabacteroides;s__Parabacteroides_goldsteinii	k__Bacteria;p__Firmicutes;c__Clostridia;o__Clostridiales;f__Lachnospiraceae;g__Anaerostipes;s__Anaerostipes_hadrus	k__Bacteria;p__Firmicutes;c__Clostridia;o__Clostridiales;f__Ruminococcaceae;g__Ruminococcus;s__Ruminococcus_lactaris	k__Bacteria;p__Firmicutes;c__Clostridia;o__Clostridiales;f__Clostridiaceae;g__Clostridium;s__Clostridium_sp._L2-50	k__Bacteria;p__Firmicutes;c__Clostridia;o__Clostridiales;f__Clostridiaceae;g__Clostridium;s__Clostridium_sp._M62/1	k__Bacteria;p__Firmicutes;c__Clostridia;o__Clostridiales;f__;g__Intestinimonas;s__Intestinimonas_butyriciproducens	k__Bacteria;p__Actinobacteria;c__Actinobacteria;o__Bifidobacteriales;f__Bifidobacteriaceae;g__Bifidobacterium;s__Bifidobacterium_bifidum	k__Bacteria;p__Firmicutes;c__Negativicutes;o__Veillonellales;f__Veillonellaceae;g__Dialister;s__Dialister_invisus	k__Bacteria;p__Bacteroidetes;c__Bacteroidia;o__Bacteroidales;f__Bacteroidaceae;g__Bacteroides;s__Bacteroides_salanitronis
k__Bacteria;p__Bacteroidetes;c__Bacteroidia;o__Bacteroidales;f__Bacteroidaceae;g__Bacteroides;s__Bacteroides_vulgatus	1.0	-0.0229031742711	-0.0108372044322	0.0152054345197	0.0365193178102	-0.0230858342466	-0.0331626600864	-0.00666730329914	0.0525870996205	0.0095495783657	-0.0243128655058	0.047416643214	0.0387601477352	0.018673197338	-0.00161700053073	-0.00691393431813	-0.00347171138011	0.00251214666009	-0.00854880588432	-0.0353669081022	-0.0362119289725	-0.0366773007985	-0.0204719366594	-0.0336261019369	-0.0177142273957	0.0478852076626	-0.0132511412439	0.0472051959801	-0.00556514030363	-0.0141384484859	-0.0375088031779	-0.00977786097723	0.00388928494094	-0.0390572604805	-0.0204356456317	-0.016253124381	0.0210708635175	-0.036662598379	-0.0434443276819	-0.0601576133727	-0.0124334695577	0.0104503366781	0.00708449620484	0.0171269740155	-0.00598454485188	0.062075841447	-0.0421076899413	-0.00979095843718	0.0119434321133	-0.0567647170685	-0.0305208838535	-0.00443190734164	0.00210283128266	0.0250468756572	0.0163187802708	0.00493653505483	-0.00415791771754	-0.0311324169388	-0.0715713346069
k__Bacteria;p__Bacteroidetes;c__Bacteroidia;o__Bacteroidales;f__Bacteroidaceae;g__Bacteroides;s__Bacteroides_uniformis	-0.0229031742711	1.0	-0.00395097643898	-0.0456116743209	-0.0465956898888	0.0120937984229	0.00765425647644	0.0350449816575	-0.0473366787178	-0.0208359512483	-0.085858460156	-0.0200536631861	-0.0295481861382	-0.00398334898615	-0.0477572812012	-0.0184582522681	0.00677979178429	0.0351778546005	0.0775955084864	0.0567893440039	0.00754871629352	0.00163860940266	-0.0543966242331	-0.0244977914407	-0.0756036246637	-0.0393560371363	-0.0624583104058	-0.0112613676295	-0.0360547503406	-0.00912875111616	0.0206754032508	-0.0524620635634	0.0228373925255	0.030808071629	0.0228506115875	-0.0215646810979	0.0240734193021	-0.0350664701729	-0.0173735512676	-0.0543082349554	0.0991291389575	-0.0020125685519	0.019890649913	-0.0123515010273	0.00432286452762	0.000962529615219	0.011821159493	-0.00354708360155	0.0169349353717	0.0731083848539	0.0395958315125	-0.0128062671261	-0.0542405386313	0.0260872818997	-0.0039494734447	0.0328885297827	0.000557818014888	0.00190422767674	0.0431195998792
k__Bacteria;p__Bacteroidetes;c__Bacteroidia;o__Bacteroidales;f__Rikenellaceae;g__Alistipes;s__Alistipes_putredinis	-0.0108372044322	-0.00395097643898	1.0	-0.0251053236304	0.0129620280135	0.0442961696894	0.0236063897381	-0.0426060422429	-0.00708139103949	-0.000432932194336	0.0294945959693	-0.0313974065676	0.0142767625834	-0.0327925287787	-0.0144293949517	0.00571158719662	-0.034713826678	-0.032864254507	0.0284887243171	-0.0371138960714	0.0234791379556	-0.0189696754566	-0.0288852927368	0.00385558381439	-0.0258744928531	0.0311885894893	-0.00488901000339	-0.0186309095713	-0.0500197418503	0.0538002714274	-0.0026460087843	0.0148902354052	-0.00331708016042	-0.0214133262935	0.00438575081689	-0.054371911209	-0.0326245817304	0.040351687169	-0.000856159679296	-0.017224900552	0.014580747096	0.00585350731277	-0.095876802343	0.00618843091805	0.0507225001138	-0.025462008967	0.010487137942	-0.00473394525083	0.00830104547859	0.0618999265357	0.000400500660471	0.0369560959499	-0.0281717901542	-0.0455558103819	-0.0534744150178	0.0100354845245	0.0626555557364	0.0230734500455	-0.00403469511209
k__Bacteria;p__Bacteroidetes;c__Bacteroidia;o__Bacteroidales;f__Prevotellaceae;g__Prevotella;s__Prevotella_copri	0.0152054345197	-0.0456116743209	-0.0251053236304	1.0	0.0778215702312	-0.0228986467561	0.0097505304607	0.0450058716496	0.0392859197103	-0.00065744268427	-0.015813440414	-0.00672824557423	0.0162840959964	-0.010568369164	-0.00550685560703	-0.0289160201764	0.0409681940202	-0.0428088920324	-0.00242110058423	0.0182261165407	0.0416550156095	-0.0459821974806	-0.0206112089394	-0.00840883963394	-0.00143580433569	-0.0564001229195	0.00335802337732	-0.0727593504286	0.0440025748881	0.0263148542215	-0.0428007161235	0.0102822605419	-0.049477074592	-0.0141943921695	0.0419689305954	-0.0555281953231	0.030251103682	-0.0375589474773	-0.0134884343353	0.0228882131427	0.0125077768403	-0.0305414933385	0.0105021834538	-0.0419743413178	0.0415488752132	0.0259067230265	0.0361331948298	-0.0918416360318	0.0372126686737	0.00623950519193	-0.0506864555301	-0.00420550387727	-0.0170778345119	0.00150865786041	-0.0558655857282	-0.0116145207369	0.0252885360338	-0.0198855950785	-0.0592673925058
k__Bacteria;p__Bacteroidetes;c__Bacteroidia;o__Bacteroidales;f__Bacteroidaceae;g__Bacteroides;s__Bacteroides_stercoris	0.0365193178102	-0.0465956898888	0.0129620280135	0.0778215702312	1.0	-0.0854943447669	0.00943489505197	0.0227089337714	-0.010524428896	-0.0276154248985	-0.0244678209159	-0.0229795078369	0.00321605223971	0.00811948356679	0.0211896842595	-0.00240373134756	-0.0443627540324	-0.0121845572592	-0.0046656398729	-0.0260354389933	-0.0148144480187	0.0235212181544	0.00986216021657	0.0567180518765	-0.0108285336474	0.0121951353323	-0.020588718775	0.0634122406974	-0.0188410637397	0.0654888048903	-0.017085303316	-0.0116737312526	-0.0115410928983	0.00459735272247	-0.0406240905444	-0.0396233326533	0.012632682482	-0.0320757402046	-0.0570815378196	-0.0217783241346	-0.0312253243415	0.0126588213854	0.0217113767411	0.00967265991209	-0.0279655490619	0.0105604849647	-0.0370590829715	-0.0622966777991	0.0442947572404	-0.0316506555513	0.0383195203163	-0.0149233349882	-0.0489915433527	-0.00877139311945	-0.0129130352841	-0.0394708191717	-0.0481272115462	-0.00591948077731	0.0347652589713
k__Bacteria;p__Bacteroidetes;c__Bacteroidia;o__Bacteroidales;f__Bacteroidaceae;g__Bacteroides;s__Bacteroides_ovatus	-0.0230858342466	0.0120937984229	0.0442961696894	-0.0228986467561	-0.0854943447669	1.0	0.0365545986183	-0.0208378940829	-0.0310136346928	0.0507914008337	-0.0500913648859	-0.016245925198	-0.0132051259679	-0.0780520144159	-0.0327946809855	-0.0639273120896	-0.0557996361681	0.00981437689519	0.0187729197122	-0.0006122821413	0.040858036525	-0.0053674583277	-0.045291270871	-0.0199197319928	0.0817642927356	-0.00180476248655	0.0523127028313	-0.0304619296608	-0.0185187256305	-0.00144678225607	0.00278952495611	-0.0453872048531	-0.0147995258121	-0.0498352279266	-0.0257158301297	-0.00826174315639	0.00908305384069	-0.0172420519305	-0.0572874793822	0.0159944341899	-0.00586690828707	0.0233517001925	0.0290554638078	-0.0500258415449	-0.0106101331272	0.0459779160662	-0.00517882297437	0.040855774596	-0.00906904180916	0.0118954971413	-0.00250644293157	0.0217085371301	-0.0368652380679	-0.0157643330583	0.0411457354893	0.0347860767028	0.0139639168016	0.0282397356081	-0.05333345411
k__Bacteria;p__Bacteroidetes;c__Bacteroidia;o__Bacteroidales;f__Rikenellaceae;g__Alistipes;s__Alistipes_shahii	-0.0331626600864	0.00765425647644	0.0236063897381	0.0097505304607	0.00943489505197	0.0365545986183	1.0	0.0274668025371	-0.0290914123051	-0.0702032489827	-0.0219287800689	-0.0131981522893	0.0168199961683	-0.0573847716734	-0.00322518572035	-0.00121468482987	-0.00378071018134	0.0477596107065	0.00305093380944	-0.0513485638561	-0.0302932655123	0.00908115703617	-0.016873529353	0.0265646674358	-0.0236329199411	0.00374455243763	-0.0315097250066	0.0754802059576	-0.0485160646669	0.00633422282186	0.0201394913786	-0.0177328867154	-0.0259323454848	0.00643009747541	-0.0461430044201	0.0224327874131	0.0320123653092	-0.0549108895787	0.0139185751764	-0.0397926138112	0.0208196075053	-0.0091190507283	0.0213544361853	0.0104234489448	-0.0184978839138	0.0136372572618	-0.00963415155459	-0.0394217079758	-0.0289835212623	0.0018221303018	-0.0679951990938	0.00873348235028	-0.0353374319117	-0.0170588111301	-0.000863094075636	-0.0470230111233	-0.0332171356023	-0.0196641672765	-0.012421004939
k__Bacteria;p__Firmicutes;c__Clostridia;o__Clostridiales;f__Ruminococcaceae;g__Faecalibacterium;s__Faecalibacterium_prausnitzii	-0.00666730329914	0.0350449816575	-0.0426060422429	0.0450058716496	0.0227089337714	-0.0208378940829	0.0274668025371	1.0	-0.0594840353659	5.24177689194e-06	-0.00202744646048	-0.0430440353442	-0.0256584796762	-0.0259609526352	0.0117447515957	-0.0307578209807	-0.00271077150289	0.0153117077827	-0.0119667507451	-0.013418835248	-0.0499691790464	-0.0516321708382	-0.0566381523022	-0.0208594708882	0.00846198525146	-0.0125099555892	0.044033875039	-0.0344273167927	0.00132463749515	-0.0606993361817	0.00273495102964	-0.0195361444587	-0.0310135294384	0.0116075505028	-0.0148900050414	0.00528860091964	0.0218028556202	0.0157293444098	-0.0155591175885	0.00735535336754	-0.0109466491438	-0.0205170436085	0.0694462012771	0.0472931738111	-0.023590400496	0.00943231875329	0.023778766139	-0.00331796104404	-0.0106016546346	-0.0400068109582	-0.00790408683259	-0.0226265632187	0.0393686759027	0.0363077951561	-0.03073816054	-0.0186829904634	0.033513329522	-0.0220634058688	-0.0177995792922
k__Bacteria;p__Bacteroidetes;c__Bacteroidia;o__Bacteroidales;f__Rikenellaceae;g__Alistipes;s__Alistipes_finegoldii	0.0525870996205	-0.0473366787178	-0.00708139103949	0.0392859197103	-0.010524428896	-0.0310136346928	-0.0290914123051	-0.0594840353659	1.0	-0.00994811956343	-0.00136598405869	-0.0688016353513	-0.0166861259262	0.0123260284426	0.0300340688342	0.0848874898885	0.0277616284415	-0.0247363559961	-0.0067997937426	-0.0188341973047	-0.0929011770492	-0.0088020470716	-0.0154745892249	0.00954342195048	0.0288423286676	0.00635878685093	-0.0464641763438	-0.0048722716521	-0.0516784975122	-0.0280756896887	0.0213932985078	0.0166791103384	0.0225878783193	0.0232363701432	0.0120486017943	0.0105033362573	-0.0080929567419	0.0249959731993	-0.0244346002628	0.0209561176857	-0.0259336124438	-0.0317840005595	-0.00538184149391	-0.06059266171	-0.0109953544078	0.00498164928337	-0.0465021287726	-0.0226951447103	-0.0343669362134	-0.0128351949274	0.0299375571345	-0.0117748284708	0.0288655719854	0.0185523410972	0.0100484715913	-0.0219567600626	-0.0268020528814	-0.033431300827	-0.00754605816234
k__Bacteria;p__Bacteroidetes;c__Bacteroidia;o__Bacteroidales;f__Porphyromonadaceae;g__Parabacteroides;s__Parabacteroides_distasonis	0.0095495783657	-0.0208359512483	-0.000432932194336	-0.00065744268427	-0.0276154248985	0.0507914008337	-0.0702032489827	5.24177689194e-06	-0.00994811956343	1.0	-0.0331974958374	0.00208444465885	-0.00256089930128	-0.0101259173372	-0.0137653962168	-0.0432104865644	-0.0443792397264	-0.0285009313218	-0.0293710119766	-0.0379409036627	-0.0349609457293	-0.00185935284289	0.0111612346797	0.0569248322679	0.0544226418114	-0.0105263536176	0.0305358800801	-0.0297846644484	0.00640539485185	0.0230528887993	-0.00810460337685	-0.0617419082283	-0.0205414316111	-0.0244843399053	-0.0700363968291	-0.0171888390365	-0.0242662242512	-0.0157854974513	-0.0152527681929	-0.0550259492813	0.00695948478229	0.0246939329897	0.00675625358191	0.0220202797866	-0.0347501507857	-0.0132935549058	-0.0179652976171	-0.0107315048879	0.0261970576413	0.0121498907822	-0.000323068087081	-0.0397312360951	-0.0157560390711	-0.0422985210603	-0.0390818248596	-0.0860237579981	-0.0655400081885	0.0478561750339	-0.00483081541952
k__Bacteria;p__Bacteroidetes;c__Bacteroidia;o__Bacteroidales;f__Bacteroidaceae;g__Bacteroides;s__Bacteroides_thetaiotaomicron	-0.0243128655058	-0.085858460156	0.0294945959693	-0.015813440414	-0.0244678209159	-0.0500913648859	-0.0219287800689	-0.00202744646048	-0.00136598405869	-0.0331974958374	1.0	-0.0248996012532	-0.0320831413061	-0.0122547321322	-0.00564111492452	0.0191760603155	0.00731640230557	0.0102559796974	0.00582232698816	0.0159605632484	0.0143348380162	-0.0237045902749	-0.0284410682728	0.00954618640932	-0.00725959771425	-0.0339952590662	-0.0607986148703	0.0481173921322	-0.0245421363449	-0.0297405644196	-0.0247040210311	0.000310365513194	-0.0257435748035	0.00911018430555	0.00271882168003	0.0368763375553	0.0126594825552	-0.0145507157083	0.012306356252	-0.00885278469725	0.0478671301605	-0.0214593206956	-0.0103192227952	0.00877557767496	-0.0115838419156	-0.0319850175567	0.00184178259605	-0.0200460133507	0.0181679944151	-0.0120894604243	0.0191991563933	-0.00225748663176	-0.0608982114185	-0.027865535929	0.0228347441125	-0.0638861317117	-0.0419975581917	0.016636769478	-0.0276063444128
k__Bacteria;p__Bacteroidetes;c__Bacteroidia;o__Bacteroidales;f__Bacteroidaceae;g__Bacteroides;s__Bacteroides_coprocola	0.047416643214	-0.0200536631861	-0.0313974065676	-0.00672824557423	-0.0229795078369	-0.016245925198	-0.0131981522893	-0.0430440353442	-0.0688016353513	0.00208444465885	-0.0248996012532	1.0	0.0181040848208	0.0505253398121	-0.0117609788829	0.0416615879721	-0.0282910973458	-0.0208691497228	-0.0305111747352	0.0157755711339	-0.0159242759377	0.0172113087424	-0.00294982292005	-0.0293816504162	-0.0214851072173	-0.0292262936555	-0.022277073782	-0.00867326357399	-0.0323885841453	0.0520068939674	-0.0624643371466	0.00352916260342	0.00833057007457	-0.0244388236731	-0.0252651524679	0.0245992481215	-0.0232544682975	-0.0072821356018	0.0472723400779	0.0393809070103	0.0596897763709	-0.0267499149738	-0.0459115756272	0.0384536205395	-0.0156595210975	-0.00883566149185	0.0392689299017	-0.0308182726776	-0.04116516145	-0.00311918886116	-0.04548994295	0.0110607128409	0.034350722409	0.00247865907282	-0.0405392287621	-0.0288861890817	0.0151343017052	0.00737446959152	-0.00714107143571
k__Bacteria;p__Bacteroidetes;c__Bacteroidia;o__Bacteroidales;f__Bacteroidaceae;g__Bacteroides;s__Bacteroides_cellulosilyticus	0.0387601477352	-0.0295481861382	0.0142767625834	0.0162840959964	0.00321605223971	-0.0132051259679	0.0168199961683	-0.0256584796762	-0.0166861259262	-0.00256089930128	-0.0320831413061	0.0181040848208	1.0	-0.0160939627613	-0.00198558635238	0.0584927150119	-0.0343063563356	-0.0339349941608	-0.0325262847587	-0.0117386477011	0.0194144917149	-0.0337355863964	-0.00920348593031	-0.032855596672	-0.00131368407845	-0.0438726152029	0.00468433351798	-0.00164565187393	0.0214228697431	0.0175676237648	-0.00590610395694	0.0135779456304	-0.0845042552785	-0.0348973284674	0.0153950618258	-0.0859271499349	0.0187209069882	-0.0213263506364	0.0072214458858	-0.0288545625833	-0.00362135920982	0.0243462199434	-0.0760174411503	-0.0121655250414	-0.0250302833683	-0.0367291439975	0.00831476134768	-0.0516158594206	0.043001584502	-0.0254917884382	-0.00335611138115	-0.0108376369767	-0.00658542332352	-0.0112431781171	0.0367785505325	0.0155453332708	-0.0247353940088	0.0393015109359	-0.00826070754654
k__Bacteria;p__Bacteroidetes;c__Bacteroidia;o__Bacteroidales;f__Rikenellaceae;g__Alistipes;s__Alistipes_obesi	0.018673197338	-0.00398334898615	-0.0327925287787	-0.010568369164	0.00811948356679	-0.0780520144159	-0.0573847716734	-0.0259609526352	0.0123260284426	-0.0101259173372	-0.0122547321322	0.0505253398121	-0.0160939627613	1.0	-0.0216965436212	-0.0347649581272	-0.0144299009182	0.00861970841468	0.024364475212	0.0147971052092	0.0172108822879	-0.0417456556207	0.0716530020932	-0.0514007666343	-0.02427361414	0.0128746603814	-0.0302284967525	-0.0432620225877	0.0240087916852	0.00349851259488	-0.0469585130606	0.0187341002888	0.0314584408463	0.00748888848796	-0.032614657121	-0.0204489528864	-0.0115136237473	-0.0110831954494	0.00781417273657	0.0250477969032	-0.053273090958	0.00731053044728	-0.0143697279524	-0.0678183497057	-0.0723801689905	-0.0228552765418	0.00449712169776	-9.29956016408e-05	-0.0228604563195	-0.0245817882006	-0.010359259872	-0.0273655490515	0.0175941923848	0.0331263965921	0.0648483307131	-0.0466528792143	0.0211633829298	-0.0359978898107	-0.0183457364245
k__Bacteria;p__Firmicutes;c__Clostridia;o__Clostridiales;f__Lachnospiraceae;g__;s__[Eubacterium]_rectale	-0.00161700053073	-0.0477572812012	-0.0144293949517	-0.00550685560703	0.0211896842595	-0.0327946809855	-0.00322518572035	0.0117447515957	0.0300340688342	-0.0137653962168	-0.00564111492452	-0.0117609788829	-0.00198558635238	-0.0216965436212	1.0	0.00300670167754	-0.0569208278686	-0.00161478817238	0.00912685789186	-0.0281910584884	-0.0365735386596	-0.00728688398441	-0.0600751853306	-0.0575614374809	0.0380262424019	-0.00355855793788	0.0131711947455	0.00709680456708	-0.0493111557733	-0.00831111540637	-0.0185129034643	-0.0570018388649	-0.0030699560038	-0.0134324656028	0.0318272431538	0.00344539324539	-0.00671279592727	-0.0150665997628	0.0198763236877	-0.0686685972022	-0.0423271923495	-0.0228278396349	-0.00433969827362	0.000575860420683	0.00737874165056	-0.0187786116124	0.0346588331127	-0.0143613707285	0.014308213939	0.0164570723363	0.0481863416841	-0.038148384656	0.0179635310782	0.0056699051862	-0.0511910631275	0.0157833372151	-0.020117537244	0.0629399620153	0.0221901003941
k__Bacteria;p__Bacteroidetes;c__Bacteroidia;o__Bacteroidales;f__Bacteroidaceae;g__Bacteroides;s__Bacteroides_plebeius	-0.00691393431813	-0.0184582522681	0.00571158719662	-0.0289160201764	-0.00240373134756	-0.0639273120896	-0.00121468482987	-0.0307578209807	0.0848874898885	-0.0432104865644	0.0191760603155	0.0416615879721	0.0584927150119	-0.0347649581272	0.00300670167754	1.0	0.0021947090905	-0.00656714932198	0.00199128237013	-0.0248667007532	-0.0214133101168	0.0181985993264	-0.0360054304457	-0.0218115221327	0.0301581950181	-0.025112125527	0.00301812757463	0.0403859103649	0.00105334309503	-0.0242075112884	0.0428748813443	-0.0104934528466	0.000348515433334	-0.0279310668158	-0.0134553760545	-0.0019810563756	-0.0177883282681	0.0600393752793	0.00809451663343	0.0387538400311	-0.0146434669159	-0.0164604995118	0.0309827596827	-0.0471325559406	0.0253173854812	0.0275083185438	-0.0405895928764	-0.00597855258759	-0.0061073162779	0.0122576294363	0.016040965757	-0.0485212083181	-0.0243975397261	0.0136318885407	-0.0777304533071	-0.0125421118369	0.00198643337391	0.00515001701886	0.0262793245902
k__Bacteria;p__Bacteroidetes;c__Bacteroidia;o__Bacteroidales;f__Bacteroidaceae;g__Bacteroides;s__Bacteroides_fragilis	-0.00347171138011	0.00677979178429	-0.034713826678	0.0409681940202	-0.0443627540324	-0.0557996361681	-0.00378071018134	-0.00271077150289	0.0277616284415	-0.0443792397264	0.00731640230557	-0.0282910973458	-0.0343063563356	-0.0144299009182	-0.0569208278686	0.0021947090905	1.0	0.00736486249139	-0.00276806103384	-0.0473728503469	-0.039041490493	0.0126620543613	-0.0192366319157	-0.0210269099681	0.0255224221464	0.0143394340838	0.0238772056251	0.0541255127548	-0.0192222051325	-0.019956155408	0.0199209386977	-0.0507606667078	0.0184664963186	-0.0334391383605	0.00597418540246	-0.0115821028297	-0.0240204509712	-0.0254417336881	-0.00833545740175	-0.0151278470879	-0.00164071616884	0.0409722612957	-0.0155433248294	-0.0242977754195	0.0366201815227	-0.0185778621079	0.0276955143413	0.0245424752571	0.0243695081387	0.00437159944428	0.0385474742153	0.0575617195831	-0.00450799597762	-0.0198929428239	-0.0112176578895	-0.027177032113	-0.00168965586389	-0.0327131355879	0.000512798874299
k__Bacteria;p__Proteobacteria;c__Betaproteobacteria;o__Burkholderiales;f__Sutterellaceae;g__Sutterella;s__Sutterella_wadsworthensis	0.00251214666009	0.0351778546005	-0.032864254507	-0.0428088920324	-0.0121845572592	0.00981437689519	0.0477596107065	0.0153117077827	-0.0247363559961	-0.0285009313218	0.0102559796974	-0.0208691497228	-0.0339349941608	0.00861970841468	-0.00161478817238	-0.00656714932198	0.00736486249139	1.0	-0.0101452612039	0.0176967877784	-0.0266003624773	-0.0181154872512	-0.0413508897378	0.040372166568	-0.0517362505793	0.0562573071546	-0.029913372868	-0.0444667677412	0.00488328114109	-0.0499480459355	-0.021354868381	-0.00126675447985	0.0145164673764	0.0240607417732	0.0315883319383	0.0239114824365	-0.0584112952936	-0.023690368385	-0.00741183653138	-0.0675194980427	-0.0148826369065	0.000745943298512	-0.0307170147267	-0.0417580386872	0.00548196034213	0.000400020572961	-0.0233202118349	0.0236706995396	-0.00541346789011	-0.0308324477819	-0.0138041023609	0.0195283646292	0.0297955469638	0.0232573751191	-0.0257283386172	-0.0108097218669	-0.00966967939145	0.000529894437745	-0.0780935041091
k__Bacteria;p__Bacteroidetes;c__Bacteroidia;o__Bacteroidales;f__Porphyromonadaceae;g__Barnesiella;s__Barnesiella_intestinihominis	-0.00854880588432	0.0775955084864	0.0284887243171	-0.00242110058423	-0.0046656398729	0.0187729197122	0.00305093380944	-0.0119667507451	-0.0067997937426	-0.0293710119766	0.00582232698816	-0.0305111747352	-0.0325262847587	0.024364475212	0.00912685789186	0.00199128237013	-0.00276806103384	-0.0101452612039	1.0	0.020799260515	0.0468328721355	-0.0200816960314	-0.0226347456997	0.0114505149702	-0.00362219250854	-0.0320489301407	-0.00455929189201	0.0769527360495	-0.00130724936601	-0.00462706228872	-0.0398975134367	0.00724250043565	-0.0191759856243	-0.026470529104	0.00110243300623	-0.00247270001099	-0.0210643411669	-0.0321140600637	0.0252907979321	-0.0562706010706	-0.0253656326031	0.0270551310979	-0.0312991191238	-0.0129057505886	0.0183866404028	-0.0177669880168	-0.00319281222612	0.0241990130532	-0.0378450125974	-0.0471410019447	-0.0414830848397	-0.00324433219505	-0.0237254459462	-0.0654056821478	0.0116242075726	-0.0640632280638	-0.00180272891889	-0.0065658739908	-0.0506794120947
k__Bacteria;p__Bacteroidetes;c__Bacteroidia;o__Bacteroidales;f__Odoribacteraceae;g__Odoribacter;s__Odoribacter_splanchnicus	-0.0353669081022	0.0567893440039	-0.0371138960714	0.0182261165407	-0.0260354389933	-0.0006122821413	-0.0513485638561	-0.013418835248	-0.0188341973047	-0.0379409036627	0.0159605632484	0.0157755711339	-0.0117386477011	0.0147971052092	-0.0281910584884	-0.0248667007532	-0.0473728503469	0.0176967877784	0.020799260515	1.0	0.0292107470542	-0.066567102214	-0.0338594506396	0.00555139020098	-0.0481101237497	-0.051921049094	-0.0554369204147	-0.0279553456487	-0.0195888206232	0.000579750632039	-0.037024052959	-0.0062682809662	-0.0595646332705	-0.00796021206032	0.00841045212494	0.000385877805912	0.0140821133446	0.0166507726045	0.0207837292448	-0.00144769333476	-0.0228605978621	0.0100295731302	0.00375213593076	0.00115437910138	-0.00566209800586	0.0185042648892	0.00255383328926	0.0490381501713	-0.00596861430736	0.0250820508051	-0.0179639940035	0.00825998711623	0.0110695771533	0.011595338375	-0.0367866172795	0.0581336832008	-0.0557795071362	0.0405264550304	-0.00142820906689
k__Bacteria;p__Bacteroidetes;c__Bacteroidia;o__Bacteroidales;f__Bacteroidaceae;g__Bacteroides;s__Bacteroides_salyersiae	-0.0362119289725	0.00754871629352	0.0234791379556	0.0416550156095	-0.0148144480187	0.040858036525	-0.0302932655123	-0.0499691790464	-0.0929011770492	-0.0349609457293	0.0143348380162	-0.0159242759377	0.0194144917149	0.0172108822879	-0.0365735386596	-0.0214133101168	-0.039041490493	-0.0266003624773	0.0468328721355	0.0292107470542	1.0	0.0315765081147	-0.0100847909653	-0.0505140760941	-0.0279355693677	-0.0620380203746	-0.0198394824169	0.00211860228456	0.0146850919688	0.00751146944936	-0.0245385078914	0.0164409547468	0.0205678995873	-0.018577464005	0.0252315745367	-0.0247408066483	-0.0308223150735	-0.00307136860235	-0.0176609806409	-0.0571008602369	-0.030073326467	-0.0524552286261	-0.00537199559274	0.0520337927084	0.0180299384557	0.00298577491075	0.00335378570144	0.0129109314775	0.0278355564842	-0.0222101469575	0.00598617891324	0.0366843605065	-0.0498974757385	0.013866729486	0.00650181833597	0.0168384744013	-0.025171738985	0.0333587750966	0.00928459752764
k__Bacteria;p__Firmicutes;c__Clostridia;o__Clostridiales;f__Ruminococcaceae;g__Ruminiclostridium;s__[Eubacterium]_siraeum	-0.0366773007985	0.00163860940266	-0.0189696754566	-0.0459821974806	0.0235212181544	-0.0053674583277	0.00908115703617	-0.0516321708382	-0.0088020470716	-0.00185935284289	-0.0237045902749	0.0172113087424	-0.0337355863964	-0.0417456556207	-0.00728688398441	0.0181985993264	0.0126620543613	-0.0181154872512	-0.0200816960314	-0.066567102214	0.0315765081147	1.0	-0.00637477055755	0.0304941471641	0.0405505586631	-0.00235169050517	-0.0166347123795	0.0417530563789	-0.0154832082205	-0.0207155023545	-0.0175407666428	-0.0191778565343	-0.0296703804789	-0.0159011125264	0.0272274551333	0.046778465377	-0.0623931397878	0.0237477138564	0.000265464638366	0.0277613346741	0.0497295239627	-0.0103708892133	-0.0114587545632	0.0131438922617	0.0209430990474	0.021229574263	-0.00484611457338	-0.0134985799	0.00330612461417	-0.0134584353931	0.00395943291678	0.00876942559886	-0.016552068887	-0.0397410979287	-0.00889546200558	0.0115624734849	0.00676515375982	0.0495476198475	0.0149048779173
k__Bacteria;p__Proteobacteria;c__Betaproteobacteria;o__Burkholderiales;f__Sutterellaceae;g__Parasutterella;s__Parasutterella_excrementihominis	-0.0204719366594	-0.0543966242331	-0.0288852927368	-0.0206112089394	0.00986216021657	-0.045291270871	-0.016873529353	-0.0566381523022	-0.0154745892249	0.0111612346797	-0.0284410682728	-0.00294982292005	-0.00920348593031	0.0716530020932	-0.0600751853306	-0.0360054304457	-0.0192366319157	-0.0413508897378	-0.0226347456997	-0.0338594506396	-0.0100847909653	-0.00637477055755	1.0	0.0111505517449	0.0124897609728	-0.0169043623963	-0.00836005765333	-0.0184959037114	0.0563694825687	0.0105954751669	-0.0254391991561	-0.0114804590191	-0.0310383121797	-0.00054239383747	-0.0920392392222	-0.0253371936669	-0.0513428086071	0.0326769979669	0.00293766519607	-0.0441372475534	-0.000865985677164	0.0140462632231	0.0676271729548	-0.0124751533025	-0.0181604789317	0.00555737853569	0.0278081092008	-0.0151434504058	-0.037435488069	0.0558103528263	-0.00502040379445	-0.00775464485116	0.00430227937364	-0.0857612460671	0.00907667233057	-0.0272239706001	-0.078630035356	-0.022180166923	0.00988954615145
k__Bacteria;p__Actinobacteria;c__Actinobacteria;o__Bifidobacteriales;f__Bifidobacteriaceae;g__Bifidobacterium;s__Bifidobacterium_adolescentis	-0.0336261019369	-0.0244977914407	0.00385558381439	-0.00840883963394	0.0567180518765	-0.0199197319928	0.0265646674358	-0.0208594708882	0.00954342195048	0.0569248322679	0.00954618640932	-0.0293816504162	-0.032855596672	-0.0514007666343	-0.0575614374809	-0.0218115221327	-0.0210269099681	0.040372166568	0.0114505149702	0.00555139020098	-0.0505140760941	0.0304941471641	0.0111505517449	1.0	-0.030868612688	-0.0356110015523	-0.00215907936165	0.0213470304324	-0.023283946891	-0.00486171506713	0.0227296086713	-0.0223623022647	-0.033236679721	0.0142697219953	-0.0325672712226	0.0111062743903	-0.0430277371156	-0.0180283906611	0.00912351685924	-0.0173131754892	-0.0117139595154	-0.0161406469006	0.0133586642892	0.00495231220715	-0.0214877365195	-0.023702770138	-0.00696185444009	-0.0465357377483	0.029388021164	-0.0147979548795	0.0168796843326	0.00135575843307	-0.02941262186	-0.0104922096204	-0.0633933687897	0.00608859569714	0.0269034575111	0.0809844499681	-0.000831004737011
k__Bacteria;p__Firmicutes;c__Clostridia;o__Clostridiales;f__Oscillospiraceae;g__Oscillibacter;s__Oscillibacter_sp._KLE_1745	-0.0177142273957	-0.0756036246637	-0.0258744928531	-0.00143580433569	-0.0108285336474	0.0817642927356	-0.0236329199411	0.00846198525146	0.0288423286676	0.0544226418114	-0.00725959771425	-0.0214851072173	-0.00131368407845	-0.02427361414	0.0380262424019	0.0301581950181	0.0255224221464	-0.0517362505793	-0.00362219250854	-0.0481101237497	-0.0279355693677	0.0405505586631	0.0124897609728	-0.030868612688	1.0	-0.0223077977799	0.0183428876665	-0.0104791049455	-0.00542463202474	-0.0615253439506	0.0514798729255	0.0522633460991	0.0156650370207	-0.0251440987598	-0.0215494668038	0.00101313059101	-0.00802745011442	-0.0373854886691	-0.0723041931062	0.00182219427496	0.000208090488717	-0.0258968368411	-0.0238117324286	0.0137491214433	0.0589046803287	0.0429738878271	-0.032264777794	0.0221778923174	-0.00368841810704	-0.00758733559445	-0.0348671833974	-0.0139905786272	-0.0179208827483	0.0100400953534	-0.00850544922665	-0.0133447749401	0.00325513174931	-0.0370447796089	-0.0340683844929
k__Bacteria;p__Bacteroidetes;c__Bacteroidia;o__Bacteroidales;f__Bacteroidaceae;g__Bacteroides;s__Bacteroides_coprophilus	0.0478852076626	-0.0393560371363	0.0311885894893	-0.0564001229195	0.0121951353323	-0.00180476248655	0.00374455243763	-0.0125099555892	0.00635878685093	-0.0105263536176	-0.0339952590662	-0.0292262936555	-0.0438726152029	0.0128746603814	-0.00355855793788	-0.025112125527	0.0143394340838	0.0562573071546	-0.0320489301407	-0.051921049094	-0.0620380203746	-0.00235169050517	-0.0169043623963	-0.0356110015523	-0.0223077977799	1.0	-0.00999779994899	0.0166496238953	0.011900625928	-0.0191635261757	-0.0177936985874	-0.028507737889	0.084444654871	0.042232971236	-0.0122374615366	-0.0344693331288	-0.00329982362757	0.0486433340892	-0.0340538180161	0.0123111325315	-0.0287544282984	-0.0133413856099	0.0213766084048	0.051549734165	0.0215354171679	-0.0256495687687	0.0430640494606	-0.0484606983334	0.0347227343347	0.00441749170317	0.0200476370372	-0.0272539643584	0.0165786111641	-0.0132016728089	0.00374763278171	0.106599797668	0.0299687045098	-0.049166581707	0.0277441202824
k__Bacteria;p__Firmicutes;c__Clostridia;o__Clostridiales;f__Lachnospiraceae;g__Roseburia;s__Roseburia_intestinalis	-0.0132511412439	-0.0624583104058	-0.00488901000339	0.00335802337732	-0.020588718775	0.0523127028313	-0.0315097250066	0.044033875039	-0.0464641763438	0.0305358800801	-0.0607986148703	-0.022277073782	0.00468433351798	-0.0302284967525	0.0131711947455	0.00301812757463	0.0238772056251	-0.029913372868	-0.00455929189201	-0.0554369204147	-0.0198394824169	-0.0166347123795	-0.00836005765333	-0.00215907936165	0.0183428876665	-0.00999779994899	1.0	0.01629369703	0.00862740338256	0.0529817020374	-0.000158041421096	-0.0306924635114	-0.00917769481516	0.00370739650863	0.0378769957085	-0.0256289990501	-0.0550543702612	-0.0357950169946	0.00955245595604	0.0120559304471	-0.0495103004091	-0.0319489770227	-0.00975574915076	0.00237367173672	0.00230145904564	-0.0163972035241	-0.00548825394159	0.000312392529047	-0.060296154372	-0.0494853814123	-0.0485026178714	-0.000346415874142	0.0108432510789	0.0307602734199	-0.00715596709934	-0.00811175478875	0.0471380761425	-0.00933667114083	-0.000111141550891
k__Bacteria;p__Firmicutes;c__Clostridia;o__Clostridiales;f__Lachnospiraceae;g__Roseburia;s__Roseburia_hominis	0.0472051959801	-0.0112613676295	-0.0186309095713	-0.0727593504286	0.0634122406974	-0.0304619296608	0.0754802059576	-0.0344273167927	-0.0048722716521	-0.0297846644484	0.0481173921322	-0.00867326357399	-0.00164565187393	-0.0432620225877	0.00709680456708	0.0403859103649	0.0541255127548	-0.0444667677412	0.0769527360495	-0.0279553456487	0.00211860228456	0.0417530563789	-0.0184959037114	0.0213470304324	-0.0104791049455	0.0166496238953	0.01629369703	1.0	-0.0143051525025	-0.040555514524	-0.0423605254285	-0.0467888055922	-0.0133125799139	-0.0211749730007	0.0158871487286	0.0114116422751	-0.0583547272489	-0.00644494890262	0.0579740198669	-0.0317350592252	0.0220857568743	-0.0353453877373	-0.045475187566	-0.0297826992917	-0.0123233753143	-0.0139034533169	0.0424612177942	0.00608437864775	-0.000233304640307	0.00776635488604	-0.0193488737336	-0.0557902282389	0.00896191287241	-0.00912017862493	-0.0660366317794	-0.0189230024871	0.0055604796668	-0.0074663722026	0.00581512884898
k__Bacteria;p__Bacteroidetes;c__Bacteroidia;o__Bacteroidales;f__Porphyromonadaceae;g__Parabacteroides;s__Parabacteroides_johnsonii	-0.00556514030363	-0.0360547503406	-0.0500197418503	0.0440025748881	-0.0188410637397	-0.0185187256305	-0.0485160646669	0.00132463749515	-0.0516784975122	0.00640539485185	-0.0245421363449	-0.0323885841453	0.0214228697431	0.0240087916852	-0.0493111557733	0.00105334309503	-0.0192222051325	0.00488328114109	-0.00130724936601	-0.0195888206232	0.0146850919688	-0.0154832082205	0.0563694825687	-0.023283946891	-0.00542463202474	0.011900625928	0.00862740338256	-0.0143051525025	1.0	0.000761566583166	-0.0500069168396	-0.0112967144389	-0.0403231077118	0.0444316499208	0.00415080116108	0.00302661178358	0.002493954906	-0.0155860576538	-0.0286320102811	-0.00115112008333	-0.0132489728262	-0.0383964269121	-0.00208066986082	0.0244881530451	0.00445134811569	0.0245133728728	0.0631519146812	-0.0548114054933	-0.0267838668815	0.032842004822	-0.00961900595248	-0.0545891314791	0.0370497533798	-0.00163198028369	-0.013721097211	0.0340388537807	-0.000849595753923	0.00541512671769	-0.037750861834
