#taxonomy	k__Bacteria;p__Bacteroidetes;c__Bacteroidia;o__Bacteroidales;f__Bacteroidaceae;g__Bacteroides;s__Bacteroides_vulgatus	k__Bacteria;p__Bacteroidetes;c__Bacteroidia;o__Bacteroidales;f__Bacteroidaceae;g__Bacteroides;s__Bacteroides_uniformis	k__Bacteria;p__Bacteroidetes;c__Bacteroidia;o__Bacteroidales;f__Rikenellaceae;g__Alistipes;s__Alistipes_putredinis	k__Bacteria;p__Bacteroidetes;c__Bacteroidia;o__Bacteroidales;f__Prevotellaceae;g__Prevotella;s__Prevotella_copri	k__Bacteria;p__Bacteroidetes;c__Bacteroidia;o__Bacteroidales;f__Bacteroidaceae;g__Bacteroides;s__Bacteroides_stercoris	k__Bacteria;p__Bacteroidetes;c__Bacteroidia;o__Bacteroidales;f__Bacteroidaceae;g__Bacteroides;s__Bacteroides_ovatus	k__Bacteria;p__Bacteroidetes;c__Bacteroidia;o__Bacteroidales;f__Rikenellaceae;g__Alistipes;s__Alistipes_shahii	k__Bacteria;p__Firmicutes;c__Clostridia;o__Clostridiales;f__Ruminococcaceae;g__Faecalibacterium;s__Faecalibacterium_prausnitzii	k__Bacteria;p__Bacteroidetes;c__Bacteroidia;o__Bacteroidales;f__Rikenellaceae;g__Alistipes;s__Alistipes_finegoldii	k__Bacteria;p__Bacteroidetes;c__Bacteroidia;o__Bacteroidales;f__Porphyromonadaceae;g__Parabacteroides;s__Parabacteroides_distasonis	k__Bacteria;p__Bacteroidetes;c__Bacteroidia;o__Bacteroidales;f__Bacteroidaceae;g__Bacteroides;s__Bacteroides_thetaiotaomicron	k__Bacteria;p__Bacteroidetes;c__Bacteroidia;o__Bacteroidales;f__Bacteroidaceae;g__Bacteroides;s__Bacteroides_coprocola	k__Bacteria;p__Bacteroidetes;c__Bacteroidia;o__Bacteroidales;f__Bacteroidaceae;g__Bacteroides;s__Bacteroides_cellulosilyticus	k__Bacteria;p__Bacteroidetes;c__Bacteroidia;o__Bacteroidales;f__Rikenellaceae;g__Alistipes;s__Alistipes_obesi	k__Bacteria;p__Firmicutes;c__Clostridia;o__Clostridiales;f__Lachnospiraceae;g__;s__[Eubacterium]_rectale	k__Bacteria;p__Bacteroidetes;c__Bacteroidia;o__Bacteroidales;f__Bacteroidaceae;g__Bacteroides;s__Bacteroides_plebeius	k__Bacteria;p__Bacteroidetes;c__Bacteroidia;o__Bacteroidales;f__Bacteroidaceae;g__Bacteroides;s__Bacteroides_fragilis	k__Bacteria;p__Proteobacteria;c__Betaproteobacteria;o__Burkholderiales;f__Sutterellaceae;g__Sutterella;s__Sutterella_wadsworthensis	k__Bacteria;p__Bacteroidetes;c__Bacteroidia;o__Bacteroidales;f__Porphyromonadaceae;g__Barnesiella;s__Barnesiella_intestinihominis	k__Bacteria;p__Bacteroidetes;c__Bacteroidia;o__Bacteroidales;f__Odoribacteraceae;g__Odoribacter;s__Odoribacter_splanchnicus	k__Bacteria;p__Bacteroidetes;c__Bacteroidia;o__Bacteroidales;f__Bacteroidaceae;g__Bacteroides;s__Bacteroides_salyersiae	k__Bacteria;p__Firmicutes;c__Clostridia;o__Clostridiales;f__Ruminococcaceae;g__Ruminiclostridium;s__[Eubacterium]_siraeum	k__Bacteria;p__Proteobacteria;c__Betaproteobacteria;o__Burkholderiales;f__Sutterellaceae;g__Parasutterella;s__Parasutterella_excrementihominis	k__Bacteria;p__Actinobacteria;c__Actinobacteria;o__Bifidobacteriales;f__Bifidobacteriaceae;g__Bifidobacterium;s__Bifidobacterium_adolescentis	k__Bacteria;p__Firmicutes;c__Clostridia;o__Clostridiales;f__Oscillospiraceae;g__Oscillibacter;s__Oscillibacter_sp._KLE_1745	k__Bacteria;p__Bacteroidetes;c__Bacteroidia;o__Bacteroidales;f__Bacteroidaceae;g__Bacteroides;s__Bacteroides_coprophilus	k__Bacteria;p__Firmicutes;c__Clostridia;o__Clostridiales;f__Lachnospiraceae;g__Roseburia;s__Roseburia_intestinalis	k__Bacteria;p__Firmicutes;c__Clostridia;o__Clostridiales;f__Lachnospiraceae;g__Roseburia;s__Roseburia_hominis	k__Bacteria;p__Bacteroidetes;c__Bacteroidia;o__Bacteroidales;f__Porphyromonadaceae;g__Parabacteroides;s__Parabacteroides_johnsonii	k__Bacteria;p__Actinobacteria;c__Actinobacteria;o__Bifidobacteriales;f__Bifidobacteriaceae;g__Bifidobacterium;s__Bifidobacterium_longum	k__Bacteria;p__Firmicutes;c__Clostridia;o__Clostridiales;f__;g__Flavonifractor;s__Flavonifractor_plautii	k__Bacteria;p__Firmicutes;c__Clostridia;o__Clostridiales;f__Clostridiaceae;g__Clostridium;s__Clostridium_phoceensis	k__Bacteria;p__Verrucomicrobia;c__Verrucomicrobiae;o__Verrucomicrobiales;f__Akkermansiaceae;g__Akkermansia;s__Akkermansia_muciniphila	k__Bacteria;p__Bacteroidetes;c__Bacteroidia;o__Bacteroidales;f__Prevotellaceae;g__Paraprevotella;s__Paraprevotella_xylaniphila	k__Bacteria;p__Firmicutes;c__Clostridia;o__Clostridiales;f__Ruminococcaceae;g__Ruminococcus;s__Ruminococcus_callidus	k__Bacteria;p__Bacteroidetes;c__Bacteroidia;o__Bacteroidales;f__Rikenellaceae;g__Alistipes;s__Alistipes_senegalensis	k__Bacteria;p__Firmicutes;c__Clostridia;o__Clostridiales;f__Lachnospiraceae;g__Blautia;s__Blautia_sp._KLE_1732	k__Bacteria;p__Bacteroidetes;c__Bacteroidia;o__Bacteroidales;f__Bacteroidaceae;g__Bacteroides;s__Bacteroides_oleiciplenus	k__Bacteria;p__Firmicutes;c__Clostridia;o__Clostridiales;f__Ruminococcaceae;g__Ruminococcus;s__Ruminococcus_bicirculans	k__Bacteria;p__Bacteroidetes;c__Bacteroidia;o__Bacteroidales;f__Bacteroidaceae;g__Bacteroides;s__Bacteroides_fluxus	k__Bacteria;p__Bacteroidetes;c__Bacteroidia;o__Bacteroidales;f__Prevotellaceae;g__Prevotella;s__Prevotella_stercorea	k__Bacteria;p__Firmicutes;c__Clostridia;o__Clostridiales;f__Lachnospiraceae;g__Dorea;s__Dorea_longicatena	k__Bacteria;p__Firmicutes;c__Clostridia;o__Clostridiales;f__Eubacteriaceae;g__Eubacterium;s__[Eubacterium]_eligens	k__Bacteria;p__Firmicutes;c__Clostridia;o__Clostridiales;f__Ruminococcaceae;g__;s__Ruminococcaceae_bacterium_D16	k__Bacteria;p__Firmicutes;c__Clostridia;o__Clostridiales;f__Lachnospiraceae;g__Coprococcus;s__Coprococcus_comes	k__Bacteria;p__Proteobacteria;c__Gammaproteobacteria;o__Enterobacterales;f__Enterobacteriaceae;g__Escherichia;s__Escherichia_coli	k__Bacteria;p__Firmicutes;c__Clostridia;o__Clostridiales;f__Ruminococcaceae;g__Anaerotruncus;s__Anaerotruncus_colihominis	k__Bacteria;p__Firmicutes;c__Clostridia;o__Clostridiales;f__Lachnospiraceae;g__Blautia;s__Blautia_obeum	k__Bacteria;p__Bacteroidetes;c__Bacteroidia;o__Bacteroidales;f__Odoribacteraceae;g__Odoribacter;s__Odoribacter_laneus	k__Bacteria;p__Firmicutes;c__Clostridia;o__Clostridiales;f__Ruminococcaceae;g__Ruminiclostridium;s__[Clostridium]_leptum	k__Bacteria;p__Bacteroidetes;c__Bacteroidia;o__Bacteroidales;f__Porphyromonadaceae;g__Parabacteroides;s__Parabacteroides_goldsteinii	k__Bacteria;p__Firmicutes;c__Clostridia;o__Clostridiales;f__Lachnospiraceae;g__Anaerostipes;s__Anaerostipes_hadrus	k__Bacteria;p__Firmicutes;c__Clostridia;o__Clostridiales;f__Ruminococcaceae;g__Ruminococcus;s__Ruminococcus_lactaris	k__Bacteria;p__Firmicutes;c__Clostridia;o__Clostridiales;f__Clostridiaceae;g__Clostridium;s__Clostridium_sp._L2-50	k__Bacteria;p__Firmicutes;c__Clostridia;o__Clostridiales;f__Clostridiaceae;g__Clostridium;s__Clostridium_sp._M62/1	k__Bacteria;p__Firmicutes;c__Clostridia;o__Clostridiales;f__;g__Intestinimonas;s__Intestinimonas_butyriciproducens	k__Bacteria;p__Actinobacteria;c__Actinobacteria;o__Bifidobacteriales;f__Bifidobacteriaceae;g__Bifidobacterium;s__Bifidobacterium_bifidum	k__Bacteria;p__Firmicutes;c__Negativicutes;o__Veillonellales;f__Veillonellaceae;g__Dialister;s__Dialister_invisus	k__Bacteria;p__Bacteroidetes;c__Bacteroidia;o__Bacteroidales;f__Bacteroidaceae;g__Bacteroides;s__Bacteroides_salanitronis
k__Bacteria;p__Bacteroidetes;c__Bacteroidia;o__Bacteroidales;f__Bacteroidaceae;g__Bacteroides;s__Bacteroides_vulgatus	1.0	-0.00906660045961	-0.00188485801584	0.0402699950372	-0.0321325209254	0.0241680573242	-0.01774160202	-0.0159442943362	0.0385826909748	-0.00625703951065	-0.0265131380477	0.0177463327795	0.0120850526984	-0.00270925609303	-0.00766021347133	0.0289012547469	0.0422943909309	0.0245537314997	-0.0125271588354	-0.107370054724	-0.0048719357114	-0.0189162294159	-0.0626220831908	-0.00710594410421	-0.0210165227329	-0.0600782469138	-0.0130940507597	-0.0080994800784	-0.0991450889754	-0.0454956415703	0.0360134176371	-0.0104529617334	-0.0351362916649	0.0346810042476	-0.0261950616935	0.0296335594167	-0.0180370032291	-0.0322598662685	-0.0252769566728	0.01808491928	-0.0134321386768	-0.0302939064139	-0.031787085213	-0.0142407750883	0.0174958313777	0.0545844253103	0.00361683913908	-0.0166596254993	-0.0285033007929	0.0304840834251	-0.0176425160054	0.0216328097836	0.0356220783263	-0.032340651414	0.0405915174111	0.000788044288183	-0.0519443303295	-0.0313274124601	-0.0121297161554
k__Bacteria;p__Bacteroidetes;c__Bacteroidia;o__Bacteroidales;f__Bacteroidaceae;g__Bacteroides;s__Bacteroides_uniformis	-0.00906660045961	1.0	-0.0405901487411	-0.0189184880047	-0.070970380124	-0.0181859172637	-0.0231386739093	-0.0358649968634	0.0237170870291	0.00579339123654	0.00517053585683	0.0323510880679	0.0294913722888	-0.00249605423264	0.0292000193179	-0.040973893303	-0.0227082255168	-0.0112961745327	-0.013977442251	-0.0395978897976	-0.0104820834804	-0.00127793386178	0.0179384840024	0.0160610228992	-0.0102070474026	-0.0268263837663	-0.0218619333472	-0.0425666191528	0.0272617941853	-0.0102545871594	0.00903566178708	0.00932670094285	-0.0172434835116	-0.0119156381176	-0.091134465255	-0.0100720413286	-0.0727638828035	-0.0288338437637	0.0162691021342	-0.000883206694829	0.0318195883013	0.00718930000785	0.0451225233983	-0.0326058018481	-0.00182662218573	-0.0438286263597	0.0271633027473	-0.0258365721899	-0.0211329445402	0.0122036781756	-0.0318776108859	-0.0418945308362	0.0182178986414	0.0479099293479	-0.00291490023633	0.00204427279088	-0.0220584939548	-0.0505273004337	-0.0614786307471
k__Bacteria;p__Bacteroidetes;c__Bacteroidia;o__Bacteroidales;f__Rikenellaceae;g__Alistipes;s__Alistipes_putredinis	-0.00188485801584	-0.0405901487411	1.0	-0.0804700576591	0.00142737330516	-0.042360488222	0.0168523556866	-0.00547447990947	-0.0138073335395	0.0680526324293	-0.0432395550884	0.0387957483774	0.00511839062762	-0.0123886742037	-0.0129844720241	-0.00931645936034	-0.00870665513899	-0.00313322720792	-0.00177822001706	-0.0325365085949	-0.0616965024006	0.0296160450537	-0.00233593085641	-0.0574475006665	-0.00193952566741	-0.00974564441845	-0.0484677816156	-0.0145575869078	0.0283728178717	-0.0681944765315	-0.00128061240942	0.0407123819788	0.0128709923708	-0.00152027276244	-0.0227535954983	0.00431492834098	0.0161382911722	0.00556886242306	0.0171263515727	0.0118945677877	-0.0109619228366	-0.0125036548155	0.025811876787	-0.0438411036063	0.023173839412	0.0285059278534	0.0253655803655	0.0203082809596	0.00635298038492	0.0275748758109	-0.0120850670958	-0.0131101352535	-0.0132801818688	0.0675311659112	0.0202972094209	-0.0598106038767	0.00137617339544	-0.0279294273765	0.0376087479151
k__Bacteria;p__Bacteroidetes;c__Bacteroidia;o__Bacteroidales;f__Prevotellaceae;g__Prevotella;s__Prevotella_copri	0.0402699950372	-0.0189184880047	-0.0804700576591	1.0	0.0510419242019	-0.0341677648252	0.0370119433815	-0.0284646732559	-0.0274388470211	0.0361072720033	0.0312900883324	-0.00994181126116	0.0158841669028	-0.04548616882	0.00167852944233	-0.000284487694278	0.0303695806902	-0.0584979907012	-0.0598405792245	-0.0444978903434	-0.034979777591	0.0389762538953	0.012702785563	0.0105840570735	-0.032271068964	0.0324013793689	0.0130385329711	-0.0343541981869	-0.02050553057	-0.0148925024613	-0.0427872186664	0.0753954782466	-0.0124691711798	0.0203244024537	0.00353598671104	0.0355307148486	-0.0216706106277	0.0276557397935	-0.0264279167911	0.0380051184087	-0.0126343697437	-0.00942988776804	-0.0983974476101	-0.059566928098	0.000574999532549	-0.0601536899492	-0.010080530337	-0.0371062485046	0.00131240794791	-0.0749098959422	0.0178858706746	0.00251179775819	0.0313194690636	0.0305228420934	0.0226223457444	-0.0162163469117	-0.0595252520416	0.0130418380812	-0.00127423782681
k__Bacteria;p__Bacteroidetes;c__Bacteroidia;o__Bacteroidales;f__Bacteroidaceae;g__Bacteroides;s__Bacteroides_stercoris	-0.0321325209254	-0.070970380124	0.00142737330516	0.0510419242019	1.0	-0.00977633421345	-0.0107042801818	-0.0299796910872	0.0501434323949	-0.0179999527627	0.00441783057526	0.015036971689	0.0210273620224	0.0289097811819	-0.0119538020657	0.00773096737697	-0.0324648279873	0.000159628901763	-0.0127276842069	-0.017153592374	0.0028669312163	-0.0312485952649	-0.00520968285422	0.0177286503975	-0.0281287438543	0.027207820252	-0.0240119854472	0.00831063571775	-0.0309632301152	-0.000106582324382	0.0445173986963	0.0659239263358	-0.00253069719126	-0.0116943951072	-0.0222815159705	-0.00338233256837	-0.00596740801413	-0.0264402261644	0.0256475847851	-0.00164247994524	-0.0211766008578	-0.00293822281324	0.0164331137178	0.031120032962	0.0209255125892	0.0430823597779	-0.035177197277	0.0139984036881	-0.00697524390245	-0.0648539996614	-0.0637287557336	-0.0305658271902	0.00442890968026	-0.00661778696684	-0.0142516239036	-0.0221234108822	-0.0556574405937	0.00293810579858	-0.0391718456116
k__Bacteria;p__Bacteroidetes;c__Bacteroidia;o__Bacteroidales;f__Bacteroidaceae;g__Bacteroides;s__Bacteroides_ovatus	0.0241680573242	-0.0181859172637	-0.042360488222	-0.0341677648252	-0.00977633421345	1.0	-0.0271455997717	-0.0176115198145	-0.0528845193707	0.0140545211806	-0.00700704684746	0.0479578140357	-0.0572426144708	-0.0315461593516	-0.0139688603076	-0.0185975068291	-0.0164876084972	-0.0110846931621	0.0050072624812	0.0682461520319	0.0172797246517	0.0443099524281	-0.061880576331	0.0248507262439	0.0218249341438	-0.0120806868043	0.0321614743355	-0.0172103058273	0.023537880879	-0.0345706029537	0.0538029691866	-0.00433942506244	0.00535050352801	-0.00333495114085	0.00654358669855	-0.0307511471939	0.00207298008324	0.074944093616	0.0784969766658	-0.0448106734178	6.89786474747e-05	-0.0119480343808	-0.0314257961615	-0.00130504322991	-0.0540369076058	0.0309876298865	-0.0265222038374	-0.000338160976411	-0.0137116104367	-0.0483325540943	0.00717708426024	-0.0293924912033	0.0409320559773	-0.0087905553947	-0.0273090794356	0.0682751148692	0.0112861743282	0.0125841886786	-0.0561522718988
k__Bacteria;p__Bacteroidetes;c__Bacteroidia;o__Bacteroidales;f__Rikenellaceae;g__Alistipes;s__Alistipes_shahii	-0.01774160202	-0.0231386739093	0.0168523556866	0.0370119433815	-0.0107042801818	-0.0271455997717	1.0	-0.0248230824246	-0.0307474487992	0.0358004766079	0.00614473803093	-0.0413781375202	-0.00784416435889	-0.0168116950285	-0.00483843068459	0.0341920692633	-0.0109128778479	0.0267336611175	0.0316365696099	-0.0534104852932	-0.0398355875426	-0.0157963122889	-0.0394576880882	0.0135461496021	0.00020098494677	0.0662668691237	0.01193885951	0.0687436673706	-0.0330852392388	0.0411394956225	-0.0403374195982	-0.00212704182165	-0.0751587688035	-0.00945211945597	-0.0243870008322	0.000482278182826	-0.0252393786551	-0.0439947981574	-0.0266236694431	0.00443199560504	0.028938322392	0.00226788515184	-0.00824390222266	0.00143283876027	-0.0180135919013	-0.024173834117	0.0313338047401	-0.00888620274304	-0.0346906715591	-0.0155360312159	0.0489272016076	0.0274166979601	-0.0441436784486	-0.0639955021256	-0.0156738012995	0.0251789458388	0.0154241946739	-0.0315084323806	-0.0457206533699
k__Bacteria;p__Firmicutes;c__Clostridia;o__Clostridiales;f__Ruminococcaceae;g__Faecalibacterium;s__Faecalibacterium_prausnitzii	-0.0159442943362	-0.0358649968634	-0.00547447990947	-0.0284646732559	-0.0299796910872	-0.0176115198145	-0.0248230824246	1.0	0.0110707228715	0.0427728610005	0.0151953217594	-0.0445407349413	0.0660833618561	-0.00701812476033	0.0193986348619	0.0208674499762	-0.0127327801507	-0.00726995802756	0.00928422546289	-0.026703473404	0.0189749497534	0.00317670888274	0.00961448382413	-0.0090417924212	0.0175673530306	0.00726095159359	0.016608140235	0.0416955621591	-0.00172174907564	-0.0288507648775	0.0276052732922	0.0157666909753	-0.0567731835935	-0.047295595013	-0.0441680795943	0.032883593833	0.00553048786591	-0.0283835019661	0.0174657017291	-0.0317137300032	-0.0247113703709	-0.0876036478003	-0.0754413316455	0.0277032380762	-0.00874751357243	-0.0294453214093	0.0271920464151	-0.0045999846199	0.000600981372308	-0.0153052922404	-0.0394332911272	-0.026604956684	-0.0529398071285	0.00599974187425	-0.00262599726573	0.038524055938	-0.0112037803562	-0.00922452057099	0.00538280529461
k__Bacteria;p__Bacteroidetes;c__Bacteroidia;o__Bacteroidales;f__Rikenellaceae;g__Alistipes;s__Alistipes_finegoldii	0.0385826909748	0.0237170870291	-0.0138073335395	-0.0274388470211	0.0501434323949	-0.0528845193707	-0.0307474487992	0.0110707228715	1.0	-0.0442173673006	0.0401219564049	-0.00157980819324	-0.0345707423765	0.015157180351	-0.0275493760581	-0.0955673660537	-0.0198049293138	0.0560543375698	-0.00100965255378	-0.00119094558827	-0.018104004985	-0.00854097669487	-0.043652220107	-0.0303498272625	-0.0122408184031	0.0207111747688	-0.0238986471955	0.0206558617718	0.0236037155812	-0.0360817138977	-0.0275802507397	0.00549362596241	-0.013543625095	-0.0586310048497	-0.026878477936	0.0329297488516	-0.0125259746908	0.00820837691858	0.0451686285351	-0.0168380497994	-0.00962168903408	0.00167957257815	-0.0307608571029	0.00528773222684	-0.0137537430277	0.0192927777688	-0.0128701350352	0.0343745612457	0.0084825774067	0.0275923180442	-0.0136005925292	-0.0362939497543	-0.0390190122966	-0.000293317482987	-0.0222858157566	0.012099485337	-0.0167282368922	-0.00311400709913	-0.00870187428521
k__Bacteria;p__Bacteroidetes;c__Bacteroidia;o__Bacteroidales;f__Porphyromonadaceae;g__Parabacteroides;s__Parabacteroides_distasonis	-0.00625703951065	0.00579339123654	0.0680526324293	0.0361072720033	-0.0179999527627	0.0140545211806	0.0358004766079	0.0427728610005	-0.0442173673006	1.0	-0.0172411112425	0.0482118598406	-0.059632903018	-0.0151699911621	-0.0104964722773	-0.0258390699307	-0.0231166132439	-0.067552676392	-0.00807734065786	-0.0189490783501	0.0115092090142	-0.0131330856652	0.0327518918801	-0.0123410308234	0.0236859432472	-0.0120023148072	0.0188930900893	0.00385699069832	0.0719476457214	-0.0237747393307	-0.030659131146	-0.00927033067566	-0.00488387436426	0.0423799234248	0.0160885755584	0.0487158318421	0.0180352778225	0.0115678149311	0.0432614800933	-0.0911851807925	0.0371629661497	0.0185833274913	0.0399889037708	-0.038960370394	0.000639821379129	-0.0399562250118	0.0639036526726	-0.0229181097356	0.00168840024106	0.0394206852718	0.00290074111485	0.000577262233445	-0.0181315018605	-0.0436923633282	0.0102686666667	-0.0124980786838	0.0489612411685	0.00311083302315	-0.035252161773
k__Bacteria;p__Bacteroidetes;c__Bacteroidia;o__Bacteroidales;f__Bacteroidaceae;g__Bacteroides;s__Bacteroides_thetaiotaomicron	-0.0265131380477	0.00517053585683	-0.0432395550884	0.0312900883324	0.00441783057526	-0.00700704684746	0.00614473803093	0.0151953217594	0.0401219564049	-0.0172411112425	1.0	-0.00956036910261	-0.0251446099559	-0.00950419240543	0.00112336900317	-0.0378585138873	-0.0125825393091	-0.0462316689495	-0.0142004993741	0.000259397187105	-0.000814946194912	-0.0213799083257	0.0211259591775	0.0223716531978	-0.0367970181066	0.00310471268607	0.0361386842902	-0.0161140717171	-0.000404188512686	-0.0455770107663	0.00624026344358	-0.0163944050246	0.06325882869	-0.00609830408615	-0.0318836694011	-0.0321511754842	0.00146712536044	0.0286171146349	-0.0183110666231	-0.0211485040307	-0.0303340396421	0.0305789568047	-0.0205328042103	0.0426864942831	0.0383358635912	0.020028771095	0.0166761367726	-0.03997468155	-0.00989709611323	-0.0501866205991	-0.0274646375082	-0.0297056359279	-0.0175404653159	-0.0286172107071	-0.0495129289784	0.0241723357183	0.0216691568155	0.0385077231094	-0.0815569638563
k__Bacteria;p__Bacteroidetes;c__Bacteroidia;o__Bacteroidales;f__Bacteroidaceae;g__Bacteroides;s__Bacteroides_coprocola	0.0177463327795	0.0323510880679	0.0387957483774	-0.00994181126116	0.015036971689	0.0479578140357	-0.0413781375202	-0.0445407349413	-0.00157980819324	0.0482118598406	-0.00956036910261	1.0	-0.00459676811342	-0.0866601873887	0.0314378070054	0.0216178868569	-0.0438303707672	0.00807860962805	-0.0159850067994	-0.00665556860416	-0.0489177217612	-0.0616522686256	-0.00338714087551	-0.0505442554482	-0.0364396439003	0.00331404108578	0.00634815013055	0.0254292258582	0.0216393921022	0.0065310538731	-0.0420315938301	0.0744994490807	0.0361194731455	-0.0721325438498	-0.045092076623	-0.0288539675752	-0.00982985557131	-0.00625737590668	-0.0231673418257	0.0167340604452	0.0243543162715	0.0497837950486	0.00303344381146	0.00825931254741	-0.0451087392788	0.0102096231305	-0.0231904334421	0.0194939245144	0.0385938652669	-0.0817836715317	0.0227375477561	-0.00760069166068	0.0499471897852	0.0213847204837	0.00402424098463	0.0182965783252	0.00678101831503	-0.0106145654583	0.0348968282798
k__Bacteria;p__Bacteroidetes;c__Bacteroidia;o__Bacteroidales;f__Bacteroidaceae;g__Bacteroides;s__Bacteroides_cellulosilyticus	0.0120850526984	0.0294913722888	0.00511839062762	0.0158841669028	0.0210273620224	-0.0572426144708	-0.00784416435889	0.0660833618561	-0.0345707423765	-0.059632903018	-0.0251446099559	-0.00459676811342	1.0	-0.0140665112036	-0.00302230246451	-0.00268867857541	-0.0288842522764	0.00766391849146	0.0212764456913	0.0379413271758	-0.0683580555935	0.0148715914145	-0.0555488509406	-0.0175913128942	-0.0104211521044	-0.0609589414021	-0.00680488782685	-0.031572627238	-0.0140173966622	-0.0183572398565	-0.00834105589061	-0.0411451301409	0.0816958030374	-0.0178062704629	0.0211716668259	-0.00537569582654	0.02676871471	-0.0727400541976	-0.0339042286166	0.039199151886	-0.0173878436635	0.00728187866657	-0.00656514005744	-0.0191443842209	-0.0444274296852	-0.0490298623718	0.0193133108314	0.0117978968336	-0.00441222178389	-0.0123989410064	0.0075254583632	-0.0483558796808	-0.0039058374334	0.00288436958986	0.00441855827237	-0.00500514281952	0.0368204077469	0.0372555957971	0.00165017597082
k__Bacteria;p__Bacteroidetes;c__Bacteroidia;o__Bacteroidales;f__Rikenellaceae;g__Alistipes;s__Alistipes_obesi	-0.00270925609303	-0.00249605423264	-0.0123886742037	-0.04548616882	0.0289097811819	-0.0315461593516	-0.0168116950285	-0.00701812476033	0.015157180351	-0.0151699911621	-0.00950419240543	-0.0866601873887	-0.0140665112036	1.0	-0.0201309528032	-0.0333162857834	0.00500437253591	0.0108172089914	0.0172126262844	0.0323157703608	-0.0456278658363	-0.0217400503215	-0.0583283766006	-0.015223727655	9.02341519823e-05	0.017204796874	0.0127551114635	0.000389587122357	-0.0473245857893	0.0519983799012	0.014265590488	-0.029903426094	-0.0273723710431	0.0134122630006	-0.0528066067916	-0.00937643372333	0.00383307331916	-0.0259818454787	-0.0328335418521	0.0494437485079	0.0349409917913	0.0111743885708	0.0166236849133	-0.0508213075806	-0.0181839985342	0.0332373256104	-0.0400060797702	-0.0421162566835	0.0334000421607	-0.0116326198611	-0.0533034905857	-0.0341161184589	0.0382581959436	-0.00940679880749	0.0498323286207	0.0516883968439	0.017408919011	0.0021212733349	-0.00444532537557
k__Bacteria;p__Firmicutes;c__Clostridia;o__Clostridiales;f__Lachnospiraceae;g__;s__[Eubacterium]_rectale	-0.00766021347133	0.0292000193179	-0.0129844720241	0.00167852944233	-0.0119538020657	-0.0139688603076	-0.00483843068459	0.0193986348619	-0.0275493760581	-0.0104964722773	0.00112336900317	0.0314378070054	-0.00302230246451	-0.0201309528032	1.0	-0.0532027013437	0.00142762359418	-0.0478364036881	0.0082120186185	0.0238740806647	-0.00966126474218	-0.0494533027016	-0.0254890790251	-0.0354508245051	0.0563445120181	-0.0163679828606	0.0258439574962	-0.0789956610717	0.0650666415588	0.0115404424435	-0.0232040939446	-0.0273128193062	0.0194407522462	-0.0255360569801	-0.0135837659585	-0.00697519089789	-0.041099973807	0.0319814867636	0.0179980948837	0.00460729502318	-0.00611116225169	-0.0183025600596	-0.0201498256776	0.0156463829943	-0.0258844561972	-0.0386159273447	-0.0330571161849	0.0204975189372	-0.0196502165086	-0.0328039957502	0.0018988178405	0.0499322100542	-0.0149502041925	0.0177258478766	0.0258785935175	0.00152427352867	0.0275787916499	-0.0119378984696	0.0536232269804
k__Bacteria;p__Bacteroidetes;c__Bacteroidia;o__Bacteroidales;f__Bacteroidaceae;g__Bacteroides;s__Bacteroides_plebeius	0.0289012547469	-0.040973893303	-0.00931645936034	-0.000284487694278	0.00773096737697	-0.0185975068291	0.0341920692633	0.0208674499762	-0.0955673660537	-0.0258390699307	-0.0378585138873	0.0216178868569	-0.00268867857541	-0.0333162857834	-0.0532027013437	1.0	0.0245167474286	0.033867683498	0.022726080823	-0.0261402233318	0.0633373667061	-0.00802303095512	-0.0124835573212	0.00698642383137	-0.0336891252531	-0.0338494398467	-0.0113198975622	-0.0275879747329	-0.0192543197141	-0.0249487746983	0.0163285980423	0.0081114059784	0.0644691450537	0.00605606003898	-0.0142283844273	0.00303536509752	-0.00262329226815	0.045716150523	-0.00531483372927	0.0599457819128	0.0367931394665	-0.0534549450677	0.0169127912226	0.0118184725287	0.00783602627204	-0.0175960000851	-0.0728132950398	-0.0265935675926	-0.00376561677387	-0.0227293804077	0.0720732674752	-0.0247597101271	-0.0243315139039	0.000940773923746	-0.00948870170057	-0.0543265365856	-0.0291070101891	-0.0383431020086	0.0149408967946
k__Bacteria;p__Bacteroidetes;c__Bacteroidia;o__Bacteroidales;f__Bacteroidaceae;g__Bacteroides;s__Bacteroides_fragilis	0.0422943909309	-0.0227082255168	-0.00870665513899	0.0303695806902	-0.0324648279873	-0.0164876084972	-0.0109128778479	-0.0127327801507	-0.0198049293138	-0.0231166132439	-0.0125825393091	-0.0438303707672	-0.0288842522764	0.00500437253591	0.00142762359418	0.0245167474286	1.0	-0.029541356296	0.0783691898781	-0.0143481161458	-0.0437569677293	-0.0475461292774	-0.0113315485733	-0.0199346975154	-3.44240072081e-05	0.0342206050925	0.0138270684761	-0.00617836834715	-0.042450053774	0.0282979982269	0.0251130856931	-0.0640080072316	-0.0271406303727	0.0234298939866	0.0365948268926	0.0170263026443	0.0281085200227	-0.0132673583412	0.0424731700075	0.0213206305758	0.000752278342676	-0.0130332926798	0.00882308351748	-0.020015008613	-0.0262071693848	0.0186391465441	0.0241570178259	0.0709514672435	-0.00625916247221	0.0409865438261	-0.00811110374011	0.0076504972339	0.00810776957738	-0.0133361756526	0.0409468024487	-0.0485382484801	-0.0202876211899	-0.026988975066	-0.0467919098174
k__Bacteria;p__Proteobacteria;c__Betaproteobacteria;o__Burkholderiales;f__Sutterellaceae;g__Sutterella;s__Sutterella_wadsworthensis	0.0245537314997	-0.0112961745327	-0.00313322720792	-0.0584979907012	0.000159628901763	-0.0110846931621	0.0267336611175	-0.00726995802756	0.0560543375698	-0.067552676392	-0.0462316689495	0.00807860962805	0.00766391849146	0.0108172089914	-0.0478364036881	0.033867683498	-0.029541356296	1.0	-0.0492667283376	0.0228073351623	-0.00929358668729	-0.0209832217238	-0.0371624042624	-0.00301102299713	-0.00129702204739	0.0119728395481	-0.00709860961418	0.00465644524676	0.0288080272052	0.0202049044769	-0.0446883723405	0.0192344130128	-0.01940773838	-0.0255850364385	0.0516395343438	0.0493173871802	-0.0345781182079	-0.0327053227523	-0.0592568109153	-0.00688368326801	0.0313991489097	-0.0159984557771	-0.00649098083069	-0.0346324819694	-0.0339312140253	-0.000189438516655	-0.038728865065	0.0514544522482	-0.0171432788319	0.0503758482834	-0.0542751215682	-0.0446952656464	-0.0404354474303	0.0243052028099	-0.0241365110231	-0.0205814721223	-0.0214914218947	-0.0223805634429	0.0132979154855
k__Bacteria;p__Bacteroidetes;c__Bacteroidia;o__Bacteroidales;f__Porphyromonadaceae;g__Barnesiella;s__Barnesiella_intestinihominis	-0.0125271588354	-0.013977442251	-0.00177822001706	-0.0598405792245	-0.0127276842069	0.0050072624812	0.0316365696099	0.00928422546289	-0.00100965255378	-0.00807734065786	-0.0142004993741	-0.0159850067994	0.0212764456913	0.0172126262844	0.0082120186185	0.022726080823	0.0783691898781	-0.0492667283376	1.0	0.0474075733234	0.000198315242002	0.0426237098074	-0.00920768725522	-0.0350289267807	-0.00599234592639	-0.0253908357138	-0.00710855690447	0.00917551428207	-0.0158191596907	0.00855255859322	-0.0380061210834	-0.0355861866078	-0.0232352596803	0.0120338381002	0.00236379706848	0.00968225900126	-0.0131666098451	-0.0346790211208	-0.0249016071973	0.00754418828855	-0.050537255908	-0.00114788521857	0.0519383301502	0.0358642339883	-0.0186153590657	-0.0234747431089	0.00527399979915	-0.0101875028422	0.0244540902604	-0.0435681125304	-0.0210871697556	-0.0379516869551	-0.0107079623369	0.0242299033183	0.0110917965594	-0.0466955901669	-0.0329309237861	-0.0138444129607	-0.00538116268094
k__Bacteria;p__Bacteroidetes;c__Bacteroidia;o__Bacteroidales;f__Odoribacteraceae;g__Odoribacter;s__Odoribacter_splanchnicus	-0.107370054724	-0.0395978897976	-0.0325365085949	-0.0444978903434	-0.017153592374	0.0682461520319	-0.0534104852932	-0.026703473404	-0.00119094558827	-0.0189490783501	0.000259397187105	-0.00665556860416	0.0379413271758	0.0323157703608	0.0238740806647	-0.0261402233318	-0.0143481161458	0.0228073351623	0.0474075733234	1.0	0.013881651706	0.0322356765323	0.0339326637315	0.0186671448618	0.0323639852461	0.0143700478174	-0.00357318414802	0.0187373243274	-0.0657662492394	-0.0664686613175	0.0313311816862	-0.00237078356266	0.00800923680983	-0.0927091283475	-0.00643309397365	-0.0073736203833	-0.00140440225147	-0.0604833573016	0.0724833735336	-0.0202583133953	-0.0365169929125	0.0176089615876	0.00935908432754	0.00656177994971	-1.71008662946e-05	-0.0258525505321	-0.0690830763427	-0.00658953511431	0.060992436562	0.0357078001468	-0.0314224218041	-0.0570342105603	0.0224386012799	-0.00540619882042	0.0411189143538	0.0590998330361	0.0239976529422	0.0177196579905	-0.0160156446064
k__Bacteria;p__Bacteroidetes;c__Bacteroidia;o__Bacteroidales;f__Bacteroidaceae;g__Bacteroides;s__Bacteroides_salyersiae	-0.0048719357114	-0.0104820834804	-0.0616965024006	-0.034979777591	0.0028669312163	0.0172797246517	-0.0398355875426	0.0189749497534	-0.018104004985	0.0115092090142	-0.000814946194912	-0.0489177217612	-0.0683580555935	-0.0456278658363	-0.00966126474218	0.0633373667061	-0.0437569677293	-0.00929358668729	0.000198315242002	0.013881651706	1.0	-0.0102045901383	-0.0126309745572	-0.0260912892258	-0.0247585551568	-0.00855708601558	0.00873911720045	-0.0470632396859	-0.0464683414999	-0.0053212427341	-6.2375836098e-05	-0.0180964211881	0.00112754562453	-0.0318905770536	-0.0288165076596	0.00214832960958	0.0215145114947	0.0256823786902	-0.00203467628362	0.00338107250893	-0.0253438503841	-0.0604267524313	-0.083903978054	0.0117631445496	-0.00623504400364	0.0409736758381	0.0142337296814	-0.0530576282742	-0.0290876168426	0.0261694083421	-0.00294302282516	0.0235925047115	0.0497382276637	0.00847476644482	-0.00302827222162	-0.0511983017249	-0.00632317638804	0.0216114755825	0.00228672912702
k__Bacteria;p__Firmicutes;c__Clostridia;o__Clostridiales;f__Ruminococcaceae;g__Ruminiclostridium;s__[Eubacterium]_siraeum	-0.0189162294159	-0.00127793386178	0.0296160450537	0.0389762538953	-0.0312485952649	0.0443099524281	-0.0157963122889	0.00317670888274	-0.00854097669487	-0.0131330856652	-0.0213799083257	-0.0616522686256	0.0148715914145	-0.0217400503215	-0.0494533027016	-0.00802303095512	-0.0475461292774	-0.0209832217238	0.0426237098074	0.0322356765323	-0.0102045901383	1.0	-0.0315968711435	-0.023542467475	0.0270864215771	-0.0428773601794	-0.00828268649935	0.00605576158964	-0.0392569287077	0.00508089590324	-0.00187186593991	-0.0618375014012	0.0118870014727	0.0437032004848	0.0458811129779	0.0154719203329	-0.0193348069046	-0.0450919163756	-0.0250299052901	-8.27451642878e-06	-0.0194915710342	-0.00319823400935	0.0014865859375	-0.0182390606961	-0.0201731968394	-0.00371253697704	0.00745441967463	-0.01107333249	-0.028844234298	0.0247556643921	-0.00115188801782	-0.0306120352555	-0.0113346505278	-0.0425405989021	0.0104564014043	-0.0280216940319	-0.0227955156609	-0.0446020567271	0.0842793031595
k__Bacteria;p__Proteobacteria;c__Betaproteobacteria;o__Burkholderiales;f__Sutterellaceae;g__Parasutterella;s__Parasutterella_excrementihominis	-0.0626220831908	0.0179384840024	-0.00233593085641	0.012702785563	-0.00520968285422	-0.061880576331	-0.0394576880882	0.00961448382413	-0.043652220107	0.0327518918801	0.0211259591775	-0.00338714087551	-0.0555488509406	-0.0583283766006	-0.0254890790251	-0.0124835573212	-0.0113315485733	-0.0371624042624	-0.00920768725522	0.0339326637315	-0.0126309745572	-0.0315968711435	1.0	-0.00770996928228	0.0618193795249	0.0573748175264	-0.00203864264971	0.0214646556976	0.0291668795667	-0.0276939186097	-0.0302274400242	-0.02054191793	0.0144007219065	0.0379917083156	-0.0230032632449	-0.00269679296524	0.0359121917789	0.0112623626833	-0.0110661867684	-0.0120437798515	-0.0379128835751	-0.0163530686458	0.0168977151194	-0.0399928522669	0.0220148996196	-0.0214972348354	-0.017233906058	-0.0180743928341	-0.0341183274682	0.0246763701828	-0.0173187604787	-0.0131347909147	0.0165081067173	-0.0256274263275	0.00766976772641	-0.0392958397008	-0.0197382375067	-0.0330141966283	0.0177615799441
k__Bacteria;p__Actinobacteria;c__Actinobacteria;o__Bifidobacteriales;f__Bifidobacteriaceae;g__Bifidobacterium;s__Bifidobacterium_adolescentis	-0.00710594410421	0.0160610228992	-0.0574475006665	0.0105840570735	0.0177286503975	0.0248507262439	0.0135461496021	-0.0090417924212	-0.0303498272625	-0.0123410308234	0.0223716531978	-0.0505442554482	-0.0175913128942	-0.015223727655	-0.0354508245051	0.00698642383137	-0.0199346975154	-0.00301102299713	-0.0350289267807	0.0186671448618	-0.0260912892258	-0.023542467475	-0.00770996928228	1.0	-0.0395279191037	-0.0278857444061	0.0414771365641	-0.058996038364	0.031524627601	-0.0091882150469	0.00276703331803	0.000537766992025	-0.0224685030944	-0.0374699214619	-0.0418872825238	-0.0232859322053	-0.0598825782365	0.0179398082921	-0.0162121851461	0.0354713961688	0.0747777910059	-0.00633814712827	-0.0230427693327	0.03385978904	0.0233417019697	0.0214624073244	-0.0183022334831	-0.0201901687812	0.0117515996608	0.0318877485845	0.0245810710673	0.00971136134978	-0.0206775393544	0.00882769527964	-0.04910119655	-0.0125192042611	0.0116750266391	0.00153547613593	0.0238584028957
k__Bacteria;p__Firmicutes;c__Clostridia;o__Clostridiales;f__Oscillospiraceae;g__Oscillibacter;s__Oscillibacter_sp._KLE_1745	-0.0210165227329	-0.0102070474026	-0.00193952566741	-0.032271068964	-0.0281287438543	0.0218249341438	0.00020098494677	0.0175673530306	-0.0122408184031	0.0236859432472	-0.0367970181066	-0.0364396439003	-0.0104211521044	9.02341519824e-05	0.0563445120181	-0.0336891252531	-3.44240072081e-05	-0.00129702204739	-0.00599234592639	0.0323639852461	-0.0247585551568	0.0270864215771	0.0618193795249	-0.0395279191037	1.0	0.0283475062444	-0.0462447302098	8.77183317039e-05	0.0262965363964	-0.032109894104	-0.0200053024991	-0.0115418822108	-0.0554507836499	0.00871585953212	-0.00823406170226	-0.000464655005398	-0.0109368604693	-0.0653964327583	-0.0258686866732	0.032276271483	0.0466643160551	0.0397632457266	0.085886467686	-0.00611652103062	-0.02425735719	0.00214790617458	-0.0175978864116	0.018389067468	-0.00196139073751	0.0546474231827	-0.0304112209982	0.0177343948891	-0.00863284918595	-0.0167909959844	-0.0180703415139	-0.0205634569464	-0.0230305753899	0.0229495182549	-0.0286213848066
k__Bacteria;p__Bacteroidetes;c__Bacteroidia;o__Bacteroidales;f__Bacteroidaceae;g__Bacteroides;s__Bacteroides_coprophilus	-0.0600782469138	-0.0268263837663	-0.00974564441845	0.0324013793689	0.027207820252	-0.0120806868043	0.0662668691237	0.00726095159359	0.0207111747688	-0.0120023148072	0.00310471268607	0.00331404108578	-0.0609589414021	0.017204796874	-0.0163679828606	-0.0338494398467	0.0342206050925	0.0119728395481	-0.0253908357138	0.0143700478174	-0.00855708601558	-0.0428773601794	0.0573748175264	-0.0278857444061	0.0283475062444	1.0	-0.00881114269895	-0.0249304190458	-0.0562861784315	0.00550114601078	0.0283683216729	-0.0366114839177	-0.0126801783536	-0.0437416063666	-0.0130635154828	0.00911878607252	-0.015752320037	0.0278063082298	0.00588967045769	-0.021091229151	-0.00954343995529	-0.0195126989465	-0.0519009209221	0.0087400945144	-0.0105179592855	-0.0465223868436	0.0172113892605	0.0194431240716	0.00243643407026	0.016554211407	-0.0185225160122	0.0189071126261	0.057449607112	-0.0361922849571	-0.05625553252	-0.0743674998217	0.0450168701125	0.0444768943586	-0.00500557117953
k__Bacteria;p__Firmicutes;c__Clostridia;o__Clostridiales;f__Lachnospiraceae;g__Roseburia;s__Roseburia_intestinalis	-0.0130940507597	-0.0218619333472	-0.0484677816156	0.0130385329711	-0.0240119854472	0.0321614743355	0.01193885951	0.016608140235	-0.0238986471955	0.0188930900893	0.0361386842902	0.00634815013055	-0.00680488782685	0.0127551114635	0.0258439574962	-0.0113198975622	0.0138270684761	-0.00709860961418	-0.00710855690447	-0.00357318414802	0.00873911720045	-0.00828268649935	-0.00203864264971	0.0414771365641	-0.0462447302098	-0.00881114269895	1.0	0.0206076375295	-0.0737009930713	0.0672339984194	-0.0420594940242	0.0277614156835	0.00574018806246	0.00617567332405	0.0857618664084	-0.0596307466074	-0.0922164063986	-0.0279293523703	-0.0316959728661	0.00717129281758	0.00859477252882	0.0129748220501	-0.0302832713998	-0.0313207578381	0.0477629308255	-0.00706151680619	-0.0620442042332	0.0173161809243	0.0660706833413	-0.0237206801556	-0.0116629355227	-0.0527189677573	-0.00950825253251	-0.0463357820222	-0.0315461522674	0.0107508610242	-0.069288408946	-0.0616419722712	0.0785130082254
k__Bacteria;p__Firmicutes;c__Clostridia;o__Clostridiales;f__Lachnospiraceae;g__Roseburia;s__Roseburia_hominis	-0.0080994800784	-0.0425666191528	-0.0145575869078	-0.0343541981869	0.00831063571775	-0.0172103058273	0.0687436673706	0.0416955621591	0.0206558617718	0.00385699069832	-0.0161140717171	0.0254292258582	-0.031572627238	0.000389587122357	-0.0789956610717	-0.0275879747329	-0.00617836834715	0.00465644524676	0.00917551428207	0.0187373243274	-0.0470632396859	0.00605576158964	0.0214646556976	-0.058996038364	8.77183317039e-05	-0.0249304190458	0.0206076375295	1.0	0.00301437626599	-0.0609722297355	-0.0217764479725	-0.0103879282423	-0.0344221894002	0.0267456278138	-0.0572461405872	0.00377827614182	0.0452896690912	0.0219783740353	0.00421102698658	-0.00851945475196	0.0338221852521	-0.0112661415021	-0.00876630352029	-0.0114091537177	0.00151023364095	-0.00704016752756	-0.00323224976128	0.0168863386338	0.0561683384537	-0.0513365592657	0.00329803432295	-0.00874983630126	-0.0466039125356	-0.0115185367026	0.0381710511172	-0.0294603340968	0.0048494225707	-0.0295025712757	0.0195622093236
k__Bacteria;p__Bacteroidetes;c__Bacteroidia;o__Bacteroidales;f__Porphyromonadaceae;g__Parabacteroides;s__Parabacteroides_johnsonii	-0.0991450889754	0.0272617941853	0.0283728178717	-0.02050553057	-0.0309632301152	0.023537880879	-0.0330852392388	-0.00172174907564	0.0236037155812	0.0719476457214	-0.000404188512685	0.0216393921022	-0.0140173966622	-0.0473245857893	0.0650666415588	-0.0192543197141	-0.042450053774	0.0288080272052	-0.0158191596907	-0.0657662492394	-0.0464683414999	-0.0392569287077	0.0291668795667	0.031524627601	0.0262965363964	-0.0562861784315	-0.0737009930713	0.00301437626599	1.0	-0.00318800002695	-0.0599054620797	-0.00564625067048	-0.053959557216	0.033719486102	0.00169257418401	-0.0231023598188	0.044387799166	0.0651210473172	0.0349958283209	0.0130251705374	0.00500651024588	-0.0529001327596	0.00411715693318	0.0233912429838	-0.0526097519163	-0.0168526345117	-0.0105742280651	0.00707345992729	-0.00723669327149	-0.0447209211316	-0.0598036140572	0.0694659107358	-0.041250259814	0.0101462578457	-0.0319138856757	0.00931401134135	-0.0393345507902	0.00474949681806	-0.0328270337222
