#taxonomy	k__Bacteria;p__Bacteroidetes;c__Bacteroidia;o__Bacteroidales;f__Bacteroidaceae;g__Bacteroides;s__Bacteroides_vulgatus	k__Bacteria;p__Bacteroidetes;c__Bacteroidia;o__Bacteroidales;f__Bacteroidaceae;g__Bacteroides;s__Bacteroides_uniformis	k__Bacteria;p__Bacteroidetes;c__Bacteroidia;o__Bacteroidales;f__Rikenellaceae;g__Alistipes;s__Alistipes_putredinis	k__Bacteria;p__Bacteroidetes;c__Bacteroidia;o__Bacteroidales;f__Prevotellaceae;g__Prevotella;s__Prevotella_copri	k__Bacteria;p__Bacteroidetes;c__Bacteroidia;o__Bacteroidales;f__Bacteroidaceae;g__Bacteroides;s__Bacteroides_stercoris	k__Bacteria;p__Bacteroidetes;c__Bacteroidia;o__Bacteroidales;f__Bacteroidaceae;g__Bacteroides;s__Bacteroides_ovatus	k__Bacteria;p__Bacteroidetes;c__Bacteroidia;o__Bacteroidales;f__Rikenellaceae;g__Alistipes;s__Alistipes_shahii	k__Bacteria;p__Firmicutes;c__Clostridia;o__Clostridiales;f__Ruminococcaceae;g__Faecalibacterium;s__Faecalibacterium_prausnitzii	k__Bacteria;p__Bacteroidetes;c__Bacteroidia;o__Bacteroidales;f__Rikenellaceae;g__Alistipes;s__Alistipes_finegoldii	k__Bacteria;p__Bacteroidetes;c__Bacteroidia;o__Bacteroidales;f__Porphyromonadaceae;g__Parabacteroides;s__Parabacteroides_distasonis	k__Bacteria;p__Bacteroidetes;c__Bacteroidia;o__Bacteroidales;f__Bacteroidaceae;g__Bacteroides;s__Bacteroides_thetaiotaomicron	k__Bacteria;p__Bacteroidetes;c__Bacteroidia;o__Bacteroidales;f__Bacteroidaceae;g__Bacteroides;s__Bacteroides_coprocola	k__Bacteria;p__Bacteroidetes;c__Bacteroidia;o__Bacteroidales;f__Bacteroidaceae;g__Bacteroides;s__Bacteroides_cellulosilyticus	k__Bacteria;p__Bacteroidetes;c__Bacteroidia;o__Bacteroidales;f__Rikenellaceae;g__Alistipes;s__Alistipes_obesi	k__Bacteria;p__Firmicutes;c__Clostridia;o__Clostridiales;f__Lachnospiraceae;g__;s__[Eubacterium]_rectale	k__Bacteria;p__Bacteroidetes;c__Bacteroidia;o__Bacteroidales;f__Bacteroidaceae;g__Bacteroides;s__Bacteroides_plebeius	k__Bacteria;p__Bacteroidetes;c__Bacteroidia;o__Bacteroidales;f__Bacteroidaceae;g__Bacteroides;s__Bacteroides_fragilis	k__Bacteria;p__Proteobacteria;c__Betaproteobacteria;o__Burkholderiales;f__Sutterellaceae;g__Sutterella;s__Sutterella_wadsworthensis	k__Bacteria;p__Bacteroidetes;c__Bacteroidia;o__Bacteroidales;f__Porphyromonadaceae;g__Barnesiella;s__Barnesiella_intestinihominis	k__Bacteria;p__Bacteroidetes;c__Bacteroidia;o__Bacteroidales;f__Odoribacteraceae;g__Odoribacter;s__Odoribacter_splanchnicus	k__Bacteria;p__Bacteroidetes;c__Bacteroidia;o__Bacteroidales;f__Bacteroidaceae;g__Bacteroides;s__Bacteroides_salyersiae	k__Bacteria;p__Firmicutes;c__Clostridia;o__Clostridiales;f__Ruminococcaceae;g__Ruminiclostridium;s__[Eubacterium]_siraeum	k__Bacteria;p__Proteobacteria;c__Betaproteobacteria;o__Burkholderiales;f__Sutterellaceae;g__Parasutterella;s__Parasutterella_excrementihominis	k__Bacteria;p__Actinobacteria;c__Actinobacteria;o__Bifidobacteriales;f__Bifidobacteriaceae;g__Bifidobacterium;s__Bifidobacterium_adolescentis	k__Bacteria;p__Firmicutes;c__Clostridia;o__Clostridiales;f__Oscillospiraceae;g__Oscillibacter;s__Oscillibacter_sp._KLE_1745	k__Bacteria;p__Bacteroidetes;c__Bacteroidia;o__Bacteroidales;f__Bacteroidaceae;g__Bacteroides;s__Bacteroides_coprophilus	k__Bacteria;p__Firmicutes;c__Clostridia;o__Clostridiales;f__Lachnospiraceae;g__Roseburia;s__Roseburia_intestinalis	k__Bacteria;p__Firmicutes;c__Clostridia;o__Clostridiales;f__Lachnospiraceae;g__Roseburia;s__Roseburia_hominis	k__Bacteria;p__Bacteroidetes;c__Bacteroidia;o__Bacteroidales;f__Porphyromonadaceae;g__Parabacteroides;s__Parabacteroides_johnsonii	k__Bacteria;p__Actinobacteria;c__Actinobacteria;o__Bifidobacteriales;f__Bifidobacteriaceae;g__Bifidobacterium;s__Bifidobacterium_longum	k__Bacteria;p__Firmicutes;c__Clostridia;o__Clostridiales;f__;g__Flavonifractor;s__Flavonifractor_plautii	k__Bacteria;p__Firmicutes;c__Clostridia;o__Clostridiales;f__Clostridiaceae;g__Clostridium;s__Clostridium_phoceensis	k__Bacteria;p__Verrucomicrobia;c__Verrucomicrobiae;o__Verrucomicrobiales;f__Akkermansiaceae;g__Akkermansia;s__Akkermansia_muciniphila	k__Bacteria;p__Bacteroidetes;c__Bacteroidia;o__Bacteroidales;f__Prevotellaceae;g__Paraprevotella;s__Paraprevotella_xylaniphila	k__Bacteria;p__Firmicutes;c__Clostridia;o__Clostridiales;f__Ruminococcaceae;g__Ruminococcus;s__Ruminococcus_callidus	k__Bacteria;p__Bacteroidetes;c__Bacteroidia;o__Bacteroidales;f__Rikenellaceae;g__Alistipes;s__Alistipes_senegalensis	k__Bacteria;p__Firmicutes;c__Clostridia;o__Clostridiales;f__Lachnospiraceae;g__Blautia;s__Blautia_sp._KLE_1732	k__Bacteria;p__Bacteroidetes;c__Bacteroidia;o__Bacteroidales;f__Bacteroidaceae;g__Bacteroides;s__Bacteroides_oleiciplenus	k__Bacteria;p__Firmicutes;c__Clostridia;o__Clostridiales;f__Ruminococcaceae;g__Ruminococcus;s__Ruminococcus_bicirculans	k__Bacteria;p__Bacteroidetes;c__Bacteroidia;o__Bacteroidales;f__Bacteroidaceae;g__Bacteroides;s__Bacteroides_fluxus	k__Bacteria;p__Bacteroidetes;c__Bacteroidia;o__Bacteroidales;f__Prevotellaceae;g__Prevotella;s__Prevotella_stercorea	k__Bacteria;p__Firmicutes;c__Clostridia;o__Clostridiales;f__Lachnospiraceae;g__Dorea;s__Dorea_longicatena	k__Bacteria;p__Firmicutes;c__Clostridia;o__Clostridiales;f__Eubacteriaceae;g__Eubacterium;s__[Eubacterium]_eligens	k__Bacteria;p__Firmicutes;c__Clostridia;o__Clostridiales;f__Ruminococcaceae;g__;s__Ruminococcaceae_bacterium_D16	k__Bacteria;p__Firmicutes;c__Clostridia;o__Clostridiales;f__Lachnospiraceae;g__Coprococcus;s__Coprococcus_comes	k__Bacteria;p__Proteobacteria;c__Gammaproteobacteria;o__Enterobacterales;f__Enterobacteriaceae;g__Escherichia;s__Escherichia_coli	k__Bacteria;p__Firmicutes;c__Clostridia;o__Clostridiales;f__Ruminococcaceae;g__Anaerotruncus;s__Anaerotruncus_colihominis	k__Bacteria;p__Firmicutes;c__Clostridia;o__Clostridiales;f__Lachnospiraceae;g__Blautia;s__Blautia_obeum	k__Bacteria;p__Bacteroidetes;c__Bacteroidia;o__Bacteroidales;f__Odoribacteraceae;g__Odoribacter;s__Odoribacter_laneus	k__Bacteria;p__Firmicutes;c__Clostridia;o__Clostridiales;f__Ruminococcaceae;g__Ruminiclostridium;s__[Clostridium]_leptum	k__Bacteria;p__Bacteroidetes;c__Bacteroidia;o__Bacteroidales;f__Porphyromonadaceae;g__Parabacteroides;s__Parabacteroides_goldsteinii	k__Bacteria;p__Firmicutes;c__Clostridia;o__Clostridiales;f__Lachnospiraceae;g__Anaerostipes;s__Anaerostipes_hadrus	k__Bacteria;p__Firmicutes;c__Clostridia;o__Clostridiales;f__Ruminococcaceae;g__Ruminococcus;s__Ruminococcus_lactaris	k__Bacteria;p__Firmicutes;c__Clostridia;o__Clostridiales;f__Clostridiaceae;g__Clostridium;s__Clostridium_sp._L2-50	k__Bacteria;p__Firmicutes;c__Clostridia;o__Clostridiales;f__Clostridiaceae;g__Clostridium;s__Clostridium_sp._M62/1	k__Bacteria;p__Firmicutes;c__Clostridia;o__Clostridiales;f__;g__Intestinimonas;s__Intestinimonas_butyriciproducens	k__Bacteria;p__Actinobacteria;c__Actinobacteria;o__Bifidobacteriales;f__Bifidobacteriaceae;g__Bifidobacterium;s__Bifidobacterium_bifidum	k__Bacteria;p__Firmicutes;c__Negativicutes;o__Veillonellales;f__Veillonellaceae;g__Dialister;s__Dialister_invisus	k__Bacteria;p__Bacteroidetes;c__Bacteroidia;o__Bacteroidales;f__Bacteroidaceae;g__Bacteroides;s__Bacteroides_salanitronis
k__Bacteria;p__Bacteroidetes;c__Bacteroidia;o__Bacteroidales;f__Bacteroidaceae;g__Bacteroides;s__Bacteroides_vulgatus	1.0	0.0153907122343	0.0331568574504	-0.0319619810192	-0.0129673632937	-0.0390505016998	0.0235923001121	-0.0504755217692	0.00328454049148	-0.02681887178	0.00915865994283	0.0221521415877	0.0197325356837	-0.00531206750479	-0.0254269492077	0.0408746281489	0.00122001657801	-0.0121476435631	0.00904583499502	0.0230170659926	-0.00892973361888	-0.0532874498584	-0.0056774040881	-0.00808840094012	-0.00850365428536	0.00270190991349	0.00651933239383	0.0418133169988	0.00973538410687	-0.0629209223376	-0.0392746872841	-0.03353598405	-0.0376354496084	0.0204904200429	0.0310794412944	0.0164914783408	0.00797763509575	0.0381702406087	0.0595961426359	-0.0307697328946	-0.0535000992749	-0.0113549643625	-0.0284377126983	0.00170383856927	-0.03670782335	-0.0527211285325	0.0091398323855	0.00262419232978	-0.00495499520199	-0.0129617504828	-0.0286220417435	-0.00290164911019	-0.0390912297268	-0.0215920735315	-0.0443120476204	-0.0470618042157	-0.0279929405374	0.000389841633124	-0.00918840098496
k__Bacteria;p__Bacteroidetes;c__Bacteroidia;o__Bacteroidales;f__Bacteroidaceae;g__Bacteroides;s__Bacteroides_uniformis	0.0153907122343	1.0	0.0162885851054	0.00107661430243	-0.0356055864083	0.0203743937517	-0.00505912421753	0.0202031670446	-0.00991235588105	0.018714763004	0.0262784569155	-0.0132104418741	0.0374966342753	0.0141864792674	0.00252613071731	0.0127895798622	0.0538759169337	0.0397760233144	-0.0359077752931	-0.027226845654	-0.0184921005702	-0.017713666955	-0.0490655163747	0.0281811869531	0.022894622071	-0.0633723839647	0.0213003903466	0.0129582869713	0.0195908737566	0.0460241812852	-0.0482299861151	-0.0380340646539	-0.0112527603168	-0.027885994755	-0.0339575653494	0.0734869675184	-0.0199532099831	-0.0655903216968	0.00240276369442	0.0451815708105	0.0296273964568	-0.0174170918344	0.0281596704531	-0.0538639231958	-0.0252057808919	-0.0570380919753	-0.0432434175719	-0.0116763167555	-0.0220194067692	-0.00927368780609	-0.00109465408377	0.0192151872748	-0.0659756830635	-0.0829078184741	3.95596161778e-05	-0.0205853557324	0.0175592489325	-0.0101672862783	0.00614161950311
k__Bacteria;p__Bacteroidetes;c__Bacteroidia;o__Bacteroidales;f__Rikenellaceae;g__Alistipes;s__Alistipes_putredinis	0.0331568574504	0.0162885851054	1.0	0.010358103383	-0.00698238681306	0.0156687440322	0.0480535714319	-0.0141887250272	-0.00364529590112	-0.04660090492	-0.079492426647	-0.0372385479177	-0.0127808743207	-0.0250901105897	-0.00824002055396	0.0874547793639	-0.0490864947468	0.0392945492872	-0.00126169725791	-0.0323645399158	-0.0330311038096	-0.0047965168903	-0.000452122529218	-0.0421093345521	-0.0150211928837	-0.0474687704778	0.0045665985716	0.0543338025425	0.0106027686851	0.00960823189355	-0.0115996085986	0.0396616790884	-0.0487941420346	-0.0011966604561	-0.023214506901	0.0415853012559	-0.0036937898474	-0.0399450591642	0.0712359462982	-0.0543508238566	-0.0329378086903	-0.0623296328433	-0.0167144587918	0.0250984545066	-0.03955824616	-0.00250697032142	-0.0592689704574	-0.0306469074871	0.0163244783003	-0.0116518020245	0.030966533247	0.00579395558935	-0.0408297937965	-0.0632325946765	0.0147571979654	-0.0203200322663	-0.0636521545365	0.0316813175798	0.000997544983615
k__Bacteria;p__Bacteroidetes;c__Bacteroidia;o__Bacteroidales;f__Prevotellaceae;g__Prevotella;s__Prevotella_copri	-0.0319619810192	0.00107661430243	0.010358103383	1.0	0.0161669044942	0.00594062842186	0.0184992800488	-0.0245413431764	0.0205951766426	-0.0473482812648	-0.0631001594229	0.0073612243848	0.00307240234816	0.00830971458006	-0.0101016619202	-0.0257529495996	-0.00534820163707	-0.0608957546554	0.0564734252471	0.0305094223415	-0.0416295697118	0.0232172093994	0.00521506773957	-0.0204642764307	-0.0100104881731	0.0133459284002	-0.0244813689338	0.0175748606271	0.0113372032085	0.0171612724522	-0.011971424984	0.0276557663227	-0.0108496539884	-0.000984852741579	0.0265947370861	-0.0602530952094	-0.00133411382056	-0.0698276500173	0.0148702367403	0.0423690617753	-0.0231062621395	-0.0381665365182	-0.00140552452079	0.0158534729158	0.0435204123725	-0.0380425123866	0.00140993373732	0.02890143018	-0.0108297884992	-0.0145436278624	-0.0111454780137	0.0303186446384	0.0485653092776	-0.049701453183	-0.043727657432	-0.00587496838018	-0.0210440303621	-0.0187139692331	-0.0690466081383
k__Bacteria;p__Bacteroidetes;c__Bacteroidia;o__Bacteroidales;f__Bacteroidaceae;g__Bacteroides;s__Bacteroides_stercoris	-0.0129673632937	-0.0356055864083	-0.00698238681306	0.0161669044942	1.0	-0.0186209406427	-0.00675833040563	-0.0114426266951	0.0193777132685	0.00675630105213	0.0261531520651	-0.0250356073917	0.000247274353621	0.0314867911923	0.0235024121685	0.00870321296199	-0.0649341735406	-0.0366996264422	-0.0131971891453	0.0445314656392	-0.0131330218897	-0.0294615010552	0.0437071539598	-0.00197518246615	0.00276913648488	-0.0567925985445	0.0314430298094	0.0237688514185	0.0636995585855	-0.0178529007435	0.0156866252625	0.00527628308641	-0.0497524109515	0.0371618715367	0.0336035197021	-0.067481397562	0.014999151754	0.0290175300915	-0.0930650558413	-0.0528503577048	0.0027689795303	-0.00534663189269	-0.0692824732184	-0.0303900471346	-0.00358569305897	-0.0238966255412	-0.0449957876931	-0.021282600082	0.000640016742554	-0.0157757162972	0.0364388278072	0.0200022158517	0.0188143565411	-0.00604171137016	0.0721401805052	-0.0297684865478	0.0330144286449	-0.0393206967768	0.0127403308169
k__Bacteria;p__Bacteroidetes;c__Bacteroidia;o__Bacteroidales;f__Bacteroidaceae;g__Bacteroides;s__Bacteroides_ovatus	-0.0390505016998	0.0203743937517	0.0156687440322	0.00594062842186	-0.0186209406427	1.0	0.0184542807937	0.0476877331884	-0.0300115835907	0.0259197726362	0.027506886497	-0.00034604360102	0.013876033359	-0.00533604592738	-0.0815664218072	0.00515331870182	-0.0474261222444	0.0306577027768	-0.0354325668297	0.0124999556183	-0.043604854998	0.0140449175922	-0.0142161614377	-0.0139865980932	-0.0300296408767	0.0190014424414	-0.0462889130327	0.0106259640768	-0.0493778351421	-0.0271457556615	0.0503176245202	-0.0514558590356	-0.0303980087541	-0.0121452522531	0.0387840813663	-0.0420822713701	-0.00605292254082	0.0325933147072	-0.0239258060946	-0.0152218744157	0.0011362874984	0.00364897829742	0.00775508958108	-0.0309113396737	0.0684229164979	0.0086048190412	0.00542149360571	-0.0283825622125	0.0101724956341	0.080550877875	-0.0297046283393	-0.042709967112	0.0228807029747	0.013245640325	-0.00919799459228	-0.0471967459647	-0.0231575043175	-0.0322061694617	0.0229152869814
k__Bacteria;p__Bacteroidetes;c__Bacteroidia;o__Bacteroidales;f__Rikenellaceae;g__Alistipes;s__Alistipes_shahii	0.0235923001121	-0.00505912421753	0.0480535714319	0.0184992800488	-0.00675833040563	0.0184542807937	1.0	-0.01139330456	0.00972021851446	-0.0318298898874	-0.024488044236	-0.0136027213459	-0.0682850140618	0.0148349504297	-0.0337934062732	-0.0135771895536	-0.0067086482207	-0.0358053758788	-0.0159481509999	-0.027179053968	0.0308719757123	0.0314081186799	0.0171063475775	0.0132653347563	-0.000318694043558	-0.0420092430511	0.00348500479204	-0.0159709466942	-0.0410907094866	0.00135098664819	0.0808119034333	0.017349578236	-0.0363306074321	-0.0232178065197	-0.0305039021766	0.0128062943273	0.0131177309802	0.00646253320926	-0.0276238083907	-0.0188614863947	0.00974554014156	-0.053216050745	0.0042396432086	-0.0312007649666	0.0295306715576	-0.0328811637249	-0.0619281640868	0.0154361699197	-0.0128543014566	-0.00730409601968	0.0069253713655	0.0273454740622	-0.028953207464	0.0151620977672	-0.0128045250655	-0.0344965118687	0.0393207441639	-0.0173294891184	0.0290444305196
k__Bacteria;p__Firmicutes;c__Clostridia;o__Clostridiales;f__Ruminococcaceae;g__Faecalibacterium;s__Faecalibacterium_prausnitzii	-0.0504755217692	0.0202031670446	-0.0141887250272	-0.0245413431764	-0.0114426266951	0.0476877331884	-0.01139330456	1.0	0.0387912679147	0.0377597512506	0.00170072577426	-0.0758881921734	0.0638722688888	0.003201490306	-0.00509142176466	0.0108821979204	-0.0295529862176	0.0104468541629	0.0336782038602	-0.0153661333214	0.0202809140784	-0.00780990025137	0.0681701190434	-0.0074635527673	0.00221627432688	-0.0343086082119	-0.000180027744936	-0.044746838224	0.0339381016183	0.0134277090537	-0.0269584246756	-0.0194674499049	-0.0246053142608	0.0641390518993	-0.0136511131242	0.00197243962456	0.015816248853	-0.0146738525148	-0.0438616953553	-0.0255118774973	-0.0414261152479	-0.050337758203	-0.000635554473778	0.00394728441502	-0.0159192683084	-0.00444392885707	-0.0216520158601	-0.0747864342783	0.0201776166448	0.0104068689229	-0.0269385359917	-0.0244881758447	-0.0252073686097	-0.0366641285332	-0.0258362420446	0.0101981148575	-0.0293431100711	-0.0153550357068	-0.0246438383739
k__Bacteria;p__Bacteroidetes;c__Bacteroidia;o__Bacteroidales;f__Rikenellaceae;g__Alistipes;s__Alistipes_finegoldii	0.00328454049148	-0.00991235588105	-0.00364529590112	0.0205951766426	0.0193777132685	-0.0300115835907	0.00972021851446	0.0387912679147	1.0	-0.0304213359146	-0.0626842948911	-0.0155676520094	0.0457822597759	0.0311566018732	-0.067805172472	0.00921558747828	-0.0591278444451	0.0470587045247	0.0434663181646	-0.00555483325761	-0.0860322994768	-0.0029109477002	-0.00232259176777	-0.00234437537106	0.0103520983242	0.0497987229879	0.0590434446622	-0.0180640278985	0.0251452651362	0.0101378727554	0.0074456951729	0.0028192796871	-0.00561779083982	-0.0451368009126	0.0409266669009	0.00685201642442	0.0280954846532	-0.00381957223404	0.0357030296923	-0.0433715800213	-0.00258431918528	-0.0246663478929	-0.0123002523057	0.0406575511343	-0.0547379899289	-0.0196790943963	0.00286443894075	-0.00266865947284	-0.0361226715882	-0.0308229941069	-0.0444196464241	-0.0380414039048	0.0256586881441	-0.00194189230629	-0.0573090943593	-0.0352068526502	-0.0512941372881	0.0137447511107	-0.0149124292822
k__Bacteria;p__Bacteroidetes;c__Bacteroidia;o__Bacteroidales;f__Porphyromonadaceae;g__Parabacteroides;s__Parabacteroides_distasonis	-0.02681887178	0.018714763004	-0.04660090492	-0.0473482812648	0.00675630105213	0.0259197726362	-0.0318298898874	0.0377597512506	-0.0304213359146	1.0	-0.0310679707212	-0.0509244871134	-0.0886713053781	0.0293947735283	0.00204062244474	0.00382503898313	-0.000821420512825	-0.0142020457558	-0.0254046581876	-0.0131942235626	0.0242955804892	0.00253320207333	-0.0221838138142	-0.0138088089905	0.00172349283227	0.0175205288651	0.0173498237084	-0.0271266891335	-0.0131564468238	-0.0319507079897	0.0355401695289	-0.0242699324896	0.000495132872523	0.0343142496007	-0.049817357303	-0.0794036652765	-0.0485683892512	-0.000589658422924	-0.0264848690496	-0.0117539248509	0.00999598298494	-0.0333627013384	0.0106648137997	0.0173301585415	0.0549562910195	-0.035416857476	0.0316738098483	0.0169115376159	-0.0160299485775	-0.0399713332633	-0.00868509288001	-0.019656887754	-0.029261723191	0.0253102677782	-0.031194130885	0.0388158247386	0.0367059122866	-0.000124345421449	0.0111098016027
k__Bacteria;p__Bacteroidetes;c__Bacteroidia;o__Bacteroidales;f__Bacteroidaceae;g__Bacteroides;s__Bacteroides_thetaiotaomicron	0.00915865994283	0.0262784569155	-0.079492426647	-0.0631001594229	0.0261531520651	0.027506886497	-0.024488044236	0.00170072577426	-0.0626842948911	-0.0310679707212	1.0	0.0014473709391	-0.0548273979497	0.0196978848981	0.00724468591128	0.00832966380323	-0.0507407945873	0.0359446527399	-0.0337119736683	-0.0712639097864	0.0628408221666	-0.0285469669347	-0.0470112492358	-0.0186775669899	0.0300267202996	-0.0308459190695	-0.00357614642694	-0.00705477480579	-0.0431218575423	-0.0394395234693	0.00266912808939	0.00685491723108	-0.00905039529819	0.0346845652608	-0.0117218449468	-0.023540030417	-0.018554206937	-0.00301902661823	0.00517665462542	-0.0155709175836	0.00754312049565	0.0251996302217	-0.0437656370094	-0.0315009163144	0.0114833310216	-0.00997562817663	-0.0114511776221	0.00163949808449	0.00666591776865	0.0209159596742	-0.0110732349388	0.0338218121374	0.0222516783144	0.0549631059011	0.033493286155	-0.0235290876547	-0.0417873345555	-0.00883083806249	-0.00597730734677
k__Bacteria;p__Bacteroidetes;c__Bacteroidia;o__Bacteroidales;f__Bacteroidaceae;g__Bacteroides;s__Bacteroides_coprocola	0.0221521415877	-0.0132104418741	-0.0372385479177	0.0073612243848	-0.0250356073917	-0.00034604360102	-0.0136027213459	-0.0758881921734	-0.0155676520094	-0.0509244871134	0.0014473709391	1.0	-0.00446660810131	0.0313119235933	-0.00410914853897	-0.0244376049225	0.0515099358186	0.0176251823249	0.0287061551025	-0.0326352596838	-0.0389362765624	0.0413784929597	0.0163441453061	-0.00764238470409	-0.0527304285929	0.034222582946	0.0239863551594	-0.0646337402211	-0.0303397947037	0.0355261871317	0.0338798019642	0.0244823614071	0.021969774411	-0.0235519631542	-0.0149393093866	-0.0105182442027	-0.00646371443781	0.0161660642181	-0.0364490097775	0.0826368496791	0.00887170433683	0.0365184491856	-0.0437912670333	-0.0331470615724	0.00771324613011	-0.0527281047204	-0.0262327666273	0.0251591423828	0.01988007431	-0.00376297978897	-0.0560574374416	-0.0236767630166	0.00553976339133	-0.0307508549814	-0.0710864251956	-0.069546258048	0.00518656617254	0.0277630984633	-0.0748858583489
k__Bacteria;p__Bacteroidetes;c__Bacteroidia;o__Bacteroidales;f__Bacteroidaceae;g__Bacteroides;s__Bacteroides_cellulosilyticus	0.0197325356837	0.0374966342753	-0.0127808743207	0.00307240234816	0.000247274353621	0.013876033359	-0.0682850140618	0.0638722688888	0.0457822597759	-0.0886713053781	-0.0548273979497	-0.00446660810131	1.0	0.0293057024815	0.0435260836178	0.028819832848	-0.117252359464	-0.0141994155284	0.00533540922237	-0.0254275366102	-0.0205830021475	-0.036435682215	-0.00015942623432	-0.022476513562	0.00175964105423	0.0145123832166	0.0156151214109	-0.034171694142	0.0455123791536	-0.0586990065178	0.00568513316588	-0.0220844633387	-0.00480197598384	-0.0243027937841	-0.0227908136206	0.034200899336	-0.0207746294578	-0.0169281503482	0.0347388412467	0.0711297926905	0.0637642104964	-0.00314437241576	-0.0128687862322	-0.00369312740895	0.0225230594435	-0.0453903523824	-0.0171143805815	-0.0186526057283	-0.0303798272111	-0.0338200824945	0.00833811927412	-0.0441219936146	-0.0492597690452	-0.032613193378	0.00469911756244	0.00746766612785	-0.0591960896664	0.000262927118411	-0.033631804449
k__Bacteria;p__Bacteroidetes;c__Bacteroidia;o__Bacteroidales;f__Rikenellaceae;g__Alistipes;s__Alistipes_obesi	-0.00531206750479	0.0141864792674	-0.0250901105897	0.00830971458006	0.0314867911923	-0.00533604592738	0.0148349504297	0.003201490306	0.0311566018732	0.0293947735283	0.0196978848981	0.0313119235933	0.0293057024815	1.0	-0.0226282123473	-0.0688988829841	0.00736919721752	-0.00522582029977	0.00501148938542	-0.0148788138119	-0.00393014324581	0.05199742672	0.0107607950016	0.00582445763534	0.0413433915314	-0.072056787672	0.00109705362829	0.0401152617983	0.0138882105901	-0.0177803019658	-0.0424663832912	0.014407284508	-0.0222310769696	0.00195958465741	-0.0318200045609	-0.0281297479061	0.0235604086274	0.00235611789116	-0.0642658832632	-0.0356698638752	-0.00229606684377	-0.025101062322	0.0215001015573	0.0371811682973	0.0377570466527	-0.011545590931	-0.014680314514	0.0197997720343	0.00621898761996	0.00581276861815	0.000628796844467	0.0517402991236	0.0210145914701	-0.0426674218737	0.0402050950716	-0.0304444875601	-0.0166312901793	-0.0111547339488	-0.00811570341829
k__Bacteria;p__Firmicutes;c__Clostridia;o__Clostridiales;f__Lachnospiraceae;g__;s__[Eubacterium]_rectale	-0.0254269492077	0.00252613071731	-0.00824002055396	-0.0101016619202	0.0235024121685	-0.0815664218072	-0.0337934062732	-0.00509142176466	-0.067805172472	0.00204062244474	0.00724468591128	-0.00410914853897	0.0435260836178	-0.0226282123473	1.0	-0.0184389844407	-0.0020332972169	-0.0343160172043	0.0371718072979	-0.0419695307509	-0.0477062835976	-0.0177663050589	-0.047575713645	0.0475083821423	-2.85253237279e-05	-0.0340269099727	0.0142365828249	-0.000988070941211	-0.00933496110281	0.0563947113784	-0.0456599521948	-0.0128021921212	-0.0457833221805	-0.0532998456801	0.0135346353587	0.014612589206	-0.0214342631709	-0.0273547663024	-0.0416897779053	-0.028725743332	0.0338991988582	-0.0171657951802	0.0425531870668	-0.0100512494866	0.0109399816389	0.0211331778489	-0.0283091757138	-0.04575872991	0.0114813077168	0.00205309226253	0.0362201485822	0.0527600463176	-0.0338743830514	-0.00721662049687	-0.0556555960236	0.00685259072782	0.0216450189479	-0.0437690813533	0.0344642146871
k__Bacteria;p__Bacteroidetes;c__Bacteroidia;o__Bacteroidales;f__Bacteroidaceae;g__Bacteroides;s__Bacteroides_plebeius	0.0408746281489	0.0127895798622	0.0874547793639	-0.0257529495996	0.00870321296199	0.00515331870182	-0.0135771895536	0.0108821979204	0.00921558747828	0.00382503898313	0.00832966380323	-0.0244376049225	0.028819832848	-0.0688988829841	-0.0184389844407	1.0	0.0108344106918	0.0243807358044	-0.0592378191553	-0.0375601758718	-0.0183126261243	-0.00259737786146	-0.00670226431596	-0.0113179173417	-0.0492003920148	-0.0127941872272	-0.0559125260661	-0.00742386770181	-0.0295782323166	0.0436953211693	-0.0523494218171	-0.016382463483	-0.0254401251059	0.0125930687677	-0.0123725149159	0.0380745400485	0.0289935082272	0.00218451495321	-0.0333901000237	-0.00702196817065	-0.0430734130774	0.046632477249	-0.0311968235045	-0.0208878738027	-0.055451712102	-0.0404429965801	-0.0971275818505	-0.03726011412	0.00171949133486	0.0385734638585	0.0239160592869	-0.0604914455109	-0.0350475562429	-0.00267743220215	0.0238762161457	-0.0169175384164	-0.0119097056026	-0.0234650653619	0.0218089755414
k__Bacteria;p__Bacteroidetes;c__Bacteroidia;o__Bacteroidales;f__Bacteroidaceae;g__Bacteroides;s__Bacteroides_fragilis	0.00122001657801	0.0538759169337	-0.0490864947468	-0.00534820163707	-0.0649341735406	-0.0474261222444	-0.0067086482207	-0.0295529862176	-0.0591278444451	-0.000821420512825	-0.0507407945873	0.0515099358186	-0.117252359464	0.00736919721752	-0.0020332972169	0.0108344106918	1.0	0.0352479207622	-0.0109967645982	0.0390858486667	-0.0385090030335	-0.0459910640832	-0.054372482147	-0.043119823424	-0.0645829969722	0.00902517513052	0.0277426634734	-0.0419098449899	0.10872256654	0.0589083768108	-0.0583862327293	0.0253596719903	-0.0523051015566	0.0266451980679	-0.0558061678057	0.0157298392612	0.0129664973988	-0.0120464525952	0.0163969465612	-0.00189034505008	-0.00941726282467	-0.0407561989367	-0.00472625774596	-0.0475459393706	-0.0300915480741	0.0318216763531	-0.0166562681653	-0.0284080651787	0.0195845207506	0.0113765091816	0.00800922149502	0.0136103442177	0.0110683415886	0.0232572233637	0.0271196345709	-0.0347961696372	0.0182041118515	0.066184697343	-0.0495497440868
k__Bacteria;p__Proteobacteria;c__Betaproteobacteria;o__Burkholderiales;f__Sutterellaceae;g__Sutterella;s__Sutterella_wadsworthensis	-0.0121476435631	0.0397760233144	0.0392945492872	-0.0608957546554	-0.0366996264422	0.0306577027768	-0.0358053758788	0.0104468541629	0.0470587045247	-0.0142020457558	0.0359446527399	0.0176251823249	-0.0141994155284	-0.00522582029977	-0.0343160172043	0.0243807358044	0.0352479207622	1.0	0.00230785795136	-0.0307059798476	-0.02532356897	0.0455985869227	-0.0356004341474	-0.0518406995965	-0.0256882415857	0.0122839704941	-0.0159163139595	0.0339164874236	-0.00410169680998	0.00700482915952	0.0169085615462	0.00918647545504	0.0550257691645	-0.03167019622	-0.0406486593319	5.55216260265e-05	0.020329970572	-0.00382809660405	0.0100995373788	-0.0121523289252	-0.014221280846	0.00551580235413	0.00464059979284	-0.0260794908932	0.067707996006	0.0353023900836	0.0101910802453	0.017894954644	0.0416081462201	-0.0276620635377	-0.0170236425579	0.00306900538859	-0.07131255446	-0.0309177501675	0.00552354378353	-0.0148671773505	-0.0527980467051	-0.0297222845527	0.0632592501291
k__Bacteria;p__Bacteroidetes;c__Bacteroidia;o__Bacteroidales;f__Porphyromonadaceae;g__Barnesiella;s__Barnesiella_intestinihominis	0.00904583499502	-0.0359077752931	-0.00126169725791	0.0564734252471	-0.0131971891453	-0.0354325668297	-0.0159481509999	0.0336782038602	0.0434663181646	-0.0254046581876	-0.0337119736683	0.0287061551025	0.00533540922237	0.00501148938542	0.0371718072979	-0.0592378191553	-0.0109967645982	0.00230785795136	1.0	0.0761507684006	-0.0252464000791	-0.0168604652767	-0.0377764753153	-0.0155981146079	0.00339927539407	-0.0117487281437	0.0147369080609	-0.0369815150246	-0.0144077962795	0.00366532300715	-0.0340709200438	-0.0234335730944	-0.0120416199646	0.0191056635223	0.00626305539507	0.0222356870349	-0.0291414211823	-0.0192784561115	0.0133352502869	-0.0179151697833	-0.00890754627903	0.0333673442916	-0.0790583012059	-0.0140591788557	-0.00240578019549	-0.0196271952245	0.0272260698537	-0.026750705641	0.00662075678552	-0.0418123407354	-0.0231239739407	-0.0190522539527	0.00931519766135	-0.0296052624099	-0.0198882839953	-0.0313940485548	0.030552191207	-0.0283288637479	0.0103538877894
k__Bacteria;p__Bacteroidetes;c__Bacteroidia;o__Bacteroidales;f__Odoribacteraceae;g__Odoribacter;s__Odoribacter_splanchnicus	0.0230170659926	-0.027226845654	-0.0323645399158	0.0305094223415	0.0445314656392	0.0124999556183	-0.027179053968	-0.0153661333214	-0.00555483325761	-0.0131942235626	-0.0712639097864	-0.0326352596838	-0.0254275366102	-0.0148788138119	-0.0419695307509	-0.0375601758718	0.0390858486667	-0.0307059798476	0.0761507684006	1.0	0.0140033252415	-0.0339526093943	-0.00782615846895	0.0126424371727	0.0254690590571	0.00681731389625	-0.00807277053389	0.00774275105288	-0.0270247781758	0.03066536248	0.0373680451451	-0.0706173160901	0.00444281219946	-0.0287367199875	0.00112941733044	-0.029430955577	-0.00245547769921	-0.0053412197718	-0.0932047972726	-0.00912278016195	-0.0653931435165	-0.00145553844006	0.0593720913396	-0.00811623253234	0.0206501331221	-0.0124802689743	-0.0117565933816	-0.0527338592136	0.0181976576614	-0.0120764448421	-0.0416219245432	-0.0470386075664	-0.0382228141103	0.0744305854612	-0.0197766558075	0.0131338167957	0.0510265895442	-0.0438483709946	-0.028576656578
k__Bacteria;p__Bacteroidetes;c__Bacteroidia;o__Bacteroidales;f__Bacteroidaceae;g__Bacteroides;s__Bacteroides_salyersiae	-0.00892973361888	-0.0184921005702	-0.0330311038096	-0.0416295697118	-0.0131330218897	-0.043604854998	0.0308719757123	0.0202809140784	-0.0860322994768	0.0242955804892	0.0628408221666	-0.0389362765624	-0.0205830021475	-0.00393014324581	-0.0477062835976	-0.0183126261243	-0.0385090030335	-0.02532356897	-0.0252464000791	0.0140033252415	1.0	-0.0343570185322	0.0211959621806	-0.0134311462931	0.0225049209981	0.0419399275516	0.0280410511667	0.00156470503014	0.012642443313	0.0127216258691	-0.0247523658269	-0.0979675395675	0.0214696651885	0.0138101280651	0.0136206985847	0.00809988404849	-0.0610640217755	-0.015867424377	-0.0104290293947	-0.0377393742764	-0.0485701734205	0.0487887244955	0.0257076247475	-0.0324052971464	-0.0431513355262	0.04639705357	-0.00357924176796	0.0382486180389	0.000566067896843	0.0218093908317	-0.0227661563314	-0.0120179088331	-0.0349263600692	0.0105801254212	0.0128466824169	0.0172109865907	0.0160595666754	0.00127501060244	0.00535442164096
k__Bacteria;p__Firmicutes;c__Clostridia;o__Clostridiales;f__Ruminococcaceae;g__Ruminiclostridium;s__[Eubacterium]_siraeum	-0.0532874498584	-0.017713666955	-0.0047965168903	0.0232172093994	-0.0294615010552	0.0140449175922	0.0314081186799	-0.00780990025137	-0.0029109477002	0.00253320207333	-0.0285469669347	0.0413784929597	-0.036435682215	0.05199742672	-0.0177663050589	-0.00259737786146	-0.0459910640832	0.0455985869227	-0.0168604652767	-0.0339526093943	-0.0343570185322	1.0	-0.118555030419	0.0147579110863	-0.00285755158756	-0.0595625769182	-0.0316242989269	-0.00656915977456	0.0289600986349	-0.0528233139443	-0.0954883585501	-0.0397811595243	0.0446191452934	-0.0364505913072	0.0614255941866	-0.018328031134	-0.0405647630723	0.0201678349279	0.00966603004474	0.0418064438892	-0.0203516096792	-0.00124179157394	-0.0174559930753	0.0444002513255	-0.0409017925299	0.0431481756687	-0.0231817184527	-0.00596816821274	-0.0496975340405	-0.0145705078734	-0.0458222097562	-0.034562432573	-0.0403212756633	-0.0379581010607	-0.00375394893098	-0.000351927951994	0.0100173999931	0.0281883444651	-0.00980419408068
k__Bacteria;p__Proteobacteria;c__Betaproteobacteria;o__Burkholderiales;f__Sutterellaceae;g__Parasutterella;s__Parasutterella_excrementihominis	-0.0056774040881	-0.0490655163747	-0.000452122529218	0.00521506773957	0.0437071539598	-0.0142161614377	0.0171063475775	0.0681701190434	-0.00232259176777	-0.0221838138142	-0.0470112492358	0.0163441453061	-0.00015942623432	0.0107607950016	-0.047575713645	-0.00670226431596	-0.054372482147	-0.0356004341474	-0.0377764753153	-0.00782615846895	0.0211959621806	-0.118555030419	1.0	-0.00777458404975	-0.0170330481034	-0.0348597177536	-0.0017645038307	-0.00129277213267	0.00122281005229	-0.0105527380271	-0.00223178001195	0.02671052707	-0.0341810224158	0.00874898599049	-0.0464360540024	0.0256569169333	-0.0105746959421	0.0400926637173	0.0222135646643	-0.00956003011945	0.0458970538657	-0.00648230434989	-0.0323058948482	0.0480119112408	0.0325836987855	0.037444055995	-0.0253586167129	-0.0212562225248	-0.0719723812479	-0.021117163212	0.004184197329	0.000826360141044	-0.0492284574244	0.00759755460498	-0.0153210055759	0.0221871681892	-0.00884194688686	0.0300359124501	0.0540690146108
k__Bacteria;p__Actinobacteria;c__Actinobacteria;o__Bifidobacteriales;f__Bifidobacteriaceae;g__Bifidobacterium;s__Bifidobacterium_adolescentis	-0.00808840094012	0.0281811869531	-0.0421093345521	-0.0204642764307	-0.00197518246615	-0.0139865980932	0.0132653347563	-0.0074635527673	-0.00234437537106	-0.0138088089905	-0.0186775669899	-0.00764238470409	-0.022476513562	0.00582445763534	0.0475083821423	-0.0113179173417	-0.043119823424	-0.0518406995965	-0.0155981146079	0.0126424371727	-0.0134311462931	0.0147579110863	-0.00777458404975	1.0	0.033637614895	0.00263322378638	-0.0157693278402	-0.0126094919862	-0.0559690203066	0.0258829463773	-0.00345649687146	-0.00979714836755	0.0696780536012	0.0274788297195	-8.18204666473e-05	0.0178465858225	-0.0407400600538	-0.0117842232154	-0.0289126412553	-0.010551172903	0.0378500723786	-0.0216175866486	-0.0340160990717	-0.0187155417155	-0.0384219095535	-0.00371786845315	-0.0120690845799	0.030050702306	-0.0175106283466	-0.0380085563419	-0.00269987096591	-0.0262664559769	0.00662319481977	-0.0532035788022	0.00849076821059	-0.0138652358169	0.0108193726472	0.0227663671685	-0.0492089605799
k__Bacteria;p__Firmicutes;c__Clostridia;o__Clostridiales;f__Oscillospiraceae;g__Oscillibacter;s__Oscillibacter_sp._KLE_1745	-0.00850365428536	0.022894622071	-0.0150211928837	-0.0100104881731	0.00276913648488	-0.0300296408767	-0.000318694043558	0.00221627432688	0.0103520983242	0.00172349283227	0.0300267202996	-0.0527304285929	0.00175964105423	0.0413433915314	-2.85253237278e-05	-0.0492003920148	-0.0645829969722	-0.0256882415857	0.00339927539407	0.0254690590571	0.0225049209981	-0.00285755158756	-0.0170330481034	0.033637614895	1.0	-0.0206468868719	-0.0624531763499	-0.0178152930326	-0.0223525913469	0.0182574363749	0.0060812706709	0.0099529503682	-0.00589891503188	-0.00507227338882	-0.0669450022802	0.0117007382086	0.0076316310714	-0.0151085607194	0.0146580815144	-0.039394999294	-0.0325746318185	-0.0170869152708	-0.00839537073082	-0.0382866073602	0.0164416077776	-0.0126848518394	-0.0263407982663	0.00692172962707	-0.00888042242072	0.0307355052575	0.00670973681801	-0.0354520177842	-0.0247002812694	-0.0295875464708	-0.0328331629682	-0.015049784806	0.0170035695852	-0.0387481282818	0.00360712600562
k__Bacteria;p__Bacteroidetes;c__Bacteroidia;o__Bacteroidales;f__Bacteroidaceae;g__Bacteroides;s__Bacteroides_coprophilus	0.00270190991349	-0.0633723839647	-0.0474687704778	0.0133459284002	-0.0567925985445	0.0190014424414	-0.0420092430511	-0.0343086082119	0.0497987229879	0.0175205288651	-0.0308459190695	0.034222582946	0.0145123832166	-0.072056787672	-0.0340269099727	-0.0127941872272	0.00902517513052	0.0122839704941	-0.0117487281437	0.00681731389625	0.0419399275516	-0.0595625769182	-0.0348597177536	0.00263322378638	-0.0206468868719	1.0	-0.0329871585229	-0.0400542887482	0.0476903673023	-0.00430629478507	0.0495003630829	0.00983564830119	0.0267126703039	-0.00159309398657	0.0432626151349	0.0367945872355	-0.0547559812414	-0.0135594953445	0.0167453753691	0.00139087373246	0.0177609268927	-0.0010516690389	-0.0217016251805	-0.00371895196988	-0.0487534084523	-0.0023548047592	-0.00314397194925	0.0140516932516	-0.0152422047991	-0.0268607844635	0.0123110790552	0.0292452434713	-0.0053244216681	-0.0380000936826	-0.0265663238932	-0.0495027771254	-0.0254858414086	-0.055007735992	-0.0413134771874
k__Bacteria;p__Firmicutes;c__Clostridia;o__Clostridiales;f__Lachnospiraceae;g__Roseburia;s__Roseburia_intestinalis	0.00651933239383	0.0213003903466	0.0045665985716	-0.0244813689338	0.0314430298094	-0.0462889130327	0.00348500479204	-0.000180027744936	0.0590434446622	0.0173498237084	-0.00357614642694	0.0239863551594	0.0156151214109	0.00109705362829	0.0142365828249	-0.0559125260661	0.0277426634734	-0.0159163139595	0.0147369080609	-0.00807277053389	0.0280410511667	-0.0316242989269	-0.0017645038307	-0.0157693278402	-0.0624531763499	-0.0329871585229	1.0	0.0335463593421	0.0474825600263	-0.022024363998	-0.0535854589045	0.00733579956879	0.0246086494415	-0.00597279096524	-0.0321769042452	-0.0349878271778	-0.049722253339	0.0266494891309	-0.0328138529437	-0.0113705388025	-0.0121841358755	-0.00746955640986	0.00498264578935	-0.0279298915902	-0.0624019537611	-0.023501183886	-0.00254974168681	-0.0572918098817	0.0178887511917	0.0188949475059	-0.0179459982851	-0.013679820722	-0.0170966668752	-0.0173014919707	-0.00219358840158	0.00383298924096	-0.0075967996388	-0.00799329668118	-0.0462694914458
k__Bacteria;p__Firmicutes;c__Clostridia;o__Clostridiales;f__Lachnospiraceae;g__Roseburia;s__Roseburia_hominis	0.0418133169988	0.0129582869713	0.0543338025425	0.0175748606271	0.0237688514185	0.0106259640768	-0.0159709466942	-0.044746838224	-0.0180640278985	-0.0271266891335	-0.00705477480579	-0.0646337402211	-0.034171694142	0.0401152617983	-0.000988070941211	-0.00742386770181	-0.0419098449899	0.0339164874236	-0.0369815150246	0.00774275105288	0.00156470503014	-0.00656915977456	-0.00129277213267	-0.0126094919862	-0.0178152930326	-0.0400542887482	0.0335463593421	1.0	0.0413499779626	-0.0307839556483	0.00245126039516	0.00934426421749	0.0144613276785	-0.0376567612767	0.031257904779	-0.00994305562674	-0.00817814258357	-0.0124037865748	-0.0284282637495	-0.0272575903434	-0.0377700169761	0.0162305798952	0.0110134575073	-0.00248200626137	-0.00934774024376	-0.082574842266	-0.0274175219568	-0.00617846719913	0.0188286563641	-0.0226269526525	-0.0811034896959	0.0494593224038	-0.015055558957	0.0385750510613	-0.0204065552834	-0.00523618284709	0.034701137314	-0.030080136116	0.0071889327857
k__Bacteria;p__Bacteroidetes;c__Bacteroidia;o__Bacteroidales;f__Porphyromonadaceae;g__Parabacteroides;s__Parabacteroides_johnsonii	0.00973538410687	0.0195908737566	0.0106027686851	0.0113372032085	0.0636995585855	-0.0493778351421	-0.0410907094866	0.0339381016183	0.0251452651362	-0.0131564468238	-0.0431218575423	-0.0303397947037	0.0455123791536	0.0138882105901	-0.00933496110281	-0.0295782323166	0.10872256654	-0.00410169680998	-0.0144077962795	-0.0270247781758	0.012642443313	0.0289600986349	0.00122281005229	-0.0559690203066	-0.0223525913469	0.0476903673023	0.0474825600263	0.0413499779626	1.0	0.00759283454766	-0.0369068183072	-0.00402184246248	0.0390119836649	0.0269372146957	0.0235499712289	0.0138661179967	-0.0114589230002	-0.019987857859	-0.0399608818728	-0.0170188424831	-0.0189237988751	0.00993361934449	-0.0531200049064	0.0210403936664	-0.0529075710745	-0.00445092280336	0.00503524321848	-0.0432705380544	-0.0311420934871	0.0263413130254	-0.0428469891459	0.000857503557114	-0.0134393582507	-0.00250794773468	-0.0259301839849	-0.0143282396749	-0.0102844887086	0.00488247615281	-0.0229905958626
k__Bacteria;p__Actinobacteria;c__Actinobacteria;o__Bifidobacteriales;f__Bifidobacteriaceae;g__Bifidobacterium;s__Bifidobacterium_longum	-0.0629209223376	0.0460241812852	0.00960823189355	0.0171612724522	-0.0178529007435	-0.0271457556615	0.00135098664819	0.0134277090537	0.0101378727554	-0.0319507079897	-0.0394395234693	0.0355261871317	-0.0586990065178	-0.0177803019658	0.0563947113784	0.0436953211693	0.0589083768108	0.00700482915952	0.00366532300715	0.03066536248	0.0127216258691	-0.0528233139443	-0.0105527380271	0.0258829463773	0.0182574363749	-0.00430629478507	-0.022024363998	-0.0307839556483	0.00759283454766	1.0	-0.00806026201186	-0.0440517563502	-0.00859834891103	-0.0394620481255	0.0577025821664	-0.00448050903067	0.0705772387747	-0.0221715813229	-0.00975563456197	-0.0521785729605	-0.0344011957136	-0.0257061808422	-0.0153104251989	0.0131534032296	0.0604831777433	0.0541350601894	0.0327066285766	-0.0102023881569	-0.00150563200974	-0.0204041744066	-0.0333437334002	-0.00504632687239	0.0427000943544	-0.0455859455801	-0.0134188871248	-0.0287191784964	0.0334764267942	-0.0236174502571	-0.0291075553887
