#taxonomy	k__Bacteria;p__Bacteroidetes;c__Bacteroidia;o__Bacteroidales;f__Bacteroidaceae;g__Bacteroides;s__Bacteroides_vulgatus	k__Bacteria;p__Bacteroidetes;c__Bacteroidia;o__Bacteroidales;f__Bacteroidaceae;g__Bacteroides;s__Bacteroides_uniformis	k__Bacteria;p__Bacteroidetes;c__Bacteroidia;o__Bacteroidales;f__Rikenellaceae;g__Alistipes;s__Alistipes_putredinis	k__Bacteria;p__Bacteroidetes;c__Bacteroidia;o__Bacteroidales;f__Prevotellaceae;g__Prevotella;s__Prevotella_copri	k__Bacteria;p__Bacteroidetes;c__Bacteroidia;o__Bacteroidales;f__Bacteroidaceae;g__Bacteroides;s__Bacteroides_stercoris	k__Bacteria;p__Bacteroidetes;c__Bacteroidia;o__Bacteroidales;f__Bacteroidaceae;g__Bacteroides;s__Bacteroides_ovatus	k__Bacteria;p__Bacteroidetes;c__Bacteroidia;o__Bacteroidales;f__Rikenellaceae;g__Alistipes;s__Alistipes_shahii	k__Bacteria;p__Firmicutes;c__Clostridia;o__Clostridiales;f__Ruminococcaceae;g__Faecalibacterium;s__Faecalibacterium_prausnitzii	k__Bacteria;p__Bacteroidetes;c__Bacteroidia;o__Bacteroidales;f__Rikenellaceae;g__Alistipes;s__Alistipes_finegoldii	k__Bacteria;p__Bacteroidetes;c__Bacteroidia;o__Bacteroidales;f__Porphyromonadaceae;g__Parabacteroides;s__Parabacteroides_distasonis	k__Bacteria;p__Bacteroidetes;c__Bacteroidia;o__Bacteroidales;f__Bacteroidaceae;g__Bacteroides;s__Bacteroides_thetaiotaomicron	k__Bacteria;p__Bacteroidetes;c__Bacteroidia;o__Bacteroidales;f__Bacteroidaceae;g__Bacteroides;s__Bacteroides_coprocola	k__Bacteria;p__Bacteroidetes;c__Bacteroidia;o__Bacteroidales;f__Bacteroidaceae;g__Bacteroides;s__Bacteroides_cellulosilyticus	k__Bacteria;p__Bacteroidetes;c__Bacteroidia;o__Bacteroidales;f__Rikenellaceae;g__Alistipes;s__Alistipes_obesi	k__Bacteria;p__Firmicutes;c__Clostridia;o__Clostridiales;f__Lachnospiraceae;g__;s__[Eubacterium]_rectale	k__Bacteria;p__Bacteroidetes;c__Bacteroidia;o__Bacteroidales;f__Bacteroidaceae;g__Bacteroides;s__Bacteroides_plebeius	k__Bacteria;p__Bacteroidetes;c__Bacteroidia;o__Bacteroidales;f__Bacteroidaceae;g__Bacteroides;s__Bacteroides_fragilis	k__Bacteria;p__Proteobacteria;c__Betaproteobacteria;o__Burkholderiales;f__Sutterellaceae;g__Sutterella;s__Sutterella_wadsworthensis	k__Bacteria;p__Bacteroidetes;c__Bacteroidia;o__Bacteroidales;f__Porphyromonadaceae;g__Barnesiella;s__Barnesiella_intestinihominis	k__Bacteria;p__Bacteroidetes;c__Bacteroidia;o__Bacteroidales;f__Odoribacteraceae;g__Odoribacter;s__Odoribacter_splanchnicus	k__Bacteria;p__Bacteroidetes;c__Bacteroidia;o__Bacteroidales;f__Bacteroidaceae;g__Bacteroides;s__Bacteroides_salyersiae	k__Bacteria;p__Firmicutes;c__Clostridia;o__Clostridiales;f__Ruminococcaceae;g__Ruminiclostridium;s__[Eubacterium]_siraeum	k__Bacteria;p__Proteobacteria;c__Betaproteobacteria;o__Burkholderiales;f__Sutterellaceae;g__Parasutterella;s__Parasutterella_excrementihominis	k__Bacteria;p__Actinobacteria;c__Actinobacteria;o__Bifidobacteriales;f__Bifidobacteriaceae;g__Bifidobacterium;s__Bifidobacterium_adolescentis	k__Bacteria;p__Firmicutes;c__Clostridia;o__Clostridiales;f__Oscillospiraceae;g__Oscillibacter;s__Oscillibacter_sp._KLE_1745	k__Bacteria;p__Bacteroidetes;c__Bacteroidia;o__Bacteroidales;f__Bacteroidaceae;g__Bacteroides;s__Bacteroides_coprophilus	k__Bacteria;p__Firmicutes;c__Clostridia;o__Clostridiales;f__Lachnospiraceae;g__Roseburia;s__Roseburia_intestinalis	k__Bacteria;p__Firmicutes;c__Clostridia;o__Clostridiales;f__Lachnospiraceae;g__Roseburia;s__Roseburia_hominis	k__Bacteria;p__Bacteroidetes;c__Bacteroidia;o__Bacteroidales;f__Porphyromonadaceae;g__Parabacteroides;s__Parabacteroides_johnsonii	k__Bacteria;p__Actinobacteria;c__Actinobacteria;o__Bifidobacteriales;f__Bifidobacteriaceae;g__Bifidobacterium;s__Bifidobacterium_longum	k__Bacteria;p__Firmicutes;c__Clostridia;o__Clostridiales;f__;g__Flavonifractor;s__Flavonifractor_plautii	k__Bacteria;p__Firmicutes;c__Clostridia;o__Clostridiales;f__Clostridiaceae;g__Clostridium;s__Clostridium_phoceensis	k__Bacteria;p__Verrucomicrobia;c__Verrucomicrobiae;o__Verrucomicrobiales;f__Akkermansiaceae;g__Akkermansia;s__Akkermansia_muciniphila	k__Bacteria;p__Bacteroidetes;c__Bacteroidia;o__Bacteroidales;f__Prevotellaceae;g__Paraprevotella;s__Paraprevotella_xylaniphila	k__Bacteria;p__Firmicutes;c__Clostridia;o__Clostridiales;f__Ruminococcaceae;g__Ruminococcus;s__Ruminococcus_callidus	k__Bacteria;p__Bacteroidetes;c__Bacteroidia;o__Bacteroidales;f__Rikenellaceae;g__Alistipes;s__Alistipes_senegalensis	k__Bacteria;p__Firmicutes;c__Clostridia;o__Clostridiales;f__Lachnospiraceae;g__Blautia;s__Blautia_sp._KLE_1732	k__Bacteria;p__Bacteroidetes;c__Bacteroidia;o__Bacteroidales;f__Bacteroidaceae;g__Bacteroides;s__Bacteroides_oleiciplenus	k__Bacteria;p__Firmicutes;c__Clostridia;o__Clostridiales;f__Ruminococcaceae;g__Ruminococcus;s__Ruminococcus_bicirculans	k__Bacteria;p__Bacteroidetes;c__Bacteroidia;o__Bacteroidales;f__Bacteroidaceae;g__Bacteroides;s__Bacteroides_fluxus	k__Bacteria;p__Bacteroidetes;c__Bacteroidia;o__Bacteroidales;f__Prevotellaceae;g__Prevotella;s__Prevotella_stercorea	k__Bacteria;p__Firmicutes;c__Clostridia;o__Clostridiales;f__Lachnospiraceae;g__Dorea;s__Dorea_longicatena	k__Bacteria;p__Firmicutes;c__Clostridia;o__Clostridiales;f__Eubacteriaceae;g__Eubacterium;s__[Eubacterium]_eligens	k__Bacteria;p__Firmicutes;c__Clostridia;o__Clostridiales;f__Ruminococcaceae;g__;s__Ruminococcaceae_bacterium_D16	k__Bacteria;p__Firmicutes;c__Clostridia;o__Clostridiales;f__Lachnospiraceae;g__Coprococcus;s__Coprococcus_comes	k__Bacteria;p__Proteobacteria;c__Gammaproteobacteria;o__Enterobacterales;f__Enterobacteriaceae;g__Escherichia;s__Escherichia_coli	k__Bacteria;p__Firmicutes;c__Clostridia;o__Clostridiales;f__Ruminococcaceae;g__Anaerotruncus;s__Anaerotruncus_colihominis	k__Bacteria;p__Firmicutes;c__Clostridia;o__Clostridiales;f__Lachnospiraceae;g__Blautia;s__Blautia_obeum	k__Bacteria;p__Bacteroidetes;c__Bacteroidia;o__Bacteroidales;f__Odoribacteraceae;g__Odoribacter;s__Odoribacter_laneus	k__Bacteria;p__Firmicutes;c__Clostridia;o__Clostridiales;f__Ruminococcaceae;g__Ruminiclostridium;s__[Clostridium]_leptum	k__Bacteria;p__Bacteroidetes;c__Bacteroidia;o__Bacteroidales;f__Porphyromonadaceae;g__Parabacteroides;s__Parabacteroides_goldsteinii	k__Bacteria;p__Firmicutes;c__Clostridia;o__Clostridiales;f__Lachnospiraceae;g__Anaerostipes;s__Anaerostipes_hadrus	k__Bacteria;p__Firmicutes;c__Clostridia;o__Clostridiales;f__Ruminococcaceae;g__Ruminococcus;s__Ruminococcus_lactaris	k__Bacteria;p__Firmicutes;c__Clostridia;o__Clostridiales;f__Clostridiaceae;g__Clostridium;s__Clostridium_sp._L2-50	k__Bacteria;p__Firmicutes;c__Clostridia;o__Clostridiales;f__Clostridiaceae;g__Clostridium;s__Clostridium_sp._M62/1	k__Bacteria;p__Firmicutes;c__Clostridia;o__Clostridiales;f__;g__Intestinimonas;s__Intestinimonas_butyriciproducens	k__Bacteria;p__Actinobacteria;c__Actinobacteria;o__Bifidobacteriales;f__Bifidobacteriaceae;g__Bifidobacterium;s__Bifidobacterium_bifidum	k__Bacteria;p__Firmicutes;c__Negativicutes;o__Veillonellales;f__Veillonellaceae;g__Dialister;s__Dialister_invisus	k__Bacteria;p__Bacteroidetes;c__Bacteroidia;o__Bacteroidales;f__Bacteroidaceae;g__Bacteroides;s__Bacteroides_salanitronis
k__Bacteria;p__Bacteroidetes;c__Bacteroidia;o__Bacteroidales;f__Bacteroidaceae;g__Bacteroides;s__Bacteroides_vulgatus	1.0	-0.00819928952197	-0.0262943014344	0.0122133893569	0.0710640471781	-0.0244518690702	-0.0337046351717	-0.0632681702047	-0.0139462133302	-0.0503833922164	-0.0253834064311	-0.02255626236	0.0226035327209	-0.00351442878395	-0.00405669602046	0.0139317974667	0.0188950246499	0.0392149910858	0.0511854079118	-0.0149920637931	0.00874928726916	-0.0456402586647	0.003044584914	0.0147245891163	-0.0302152052161	-0.00205473499058	0.0157585949336	0.0165133031146	0.0156745297939	0.0217928938356	0.0548976681686	-0.00751271197202	-0.0453119255281	0.0349827542619	-0.00268073647777	-0.0220118834523	-0.013039962692	-0.0691935188601	-0.00447114295724	-0.0240630439299	0.00702685668365	0.00532901269776	0.0187543621971	-0.043914329863	0.0297281618935	-0.0592134025642	-0.00725593225912	-0.0612391194493	0.014715099634	0.006777630396	0.0410314546805	-0.0403317177851	-0.0209565355177	-0.0624112110307	0.0570918933421	0.00758011858825	-0.0367529431246	-0.0264057611514	0.0174715310259
k__Bacteria;p__Bacteroidetes;c__Bacteroidia;o__Bacteroidales;f__Bacteroidaceae;g__Bacteroides;s__Bacteroides_uniformis	-0.00819928952197	1.0	0.00109868260871	0.0519997320069	-0.00670977177698	-0.00621105788119	-0.0151628298294	-0.01735295874	0.020253421727	-0.0403899891003	-0.0054296637405	0.0304996713004	-0.0430712183259	-0.0198481456454	-0.0338888175156	0.0244271597303	-0.00480558421044	0.00244643271576	0.00336523928687	-0.0695215417506	-0.0170579196863	-0.0391475729163	-0.0494334097222	-0.0529065619496	0.0343034876326	-0.0624011426845	0.00351965625399	-0.0345525624799	-0.016309093266	-0.00457021194637	-0.00269416310683	0.00876816668958	-0.0296825944247	-0.0199746884165	0.0190383149465	-0.0148967723761	-0.0458863637914	0.00957532542996	-0.0324565837398	-0.0297528922598	0.041148251918	0.045926849565	0.0127646503094	0.0233113915981	-0.0276323908432	0.031568581854	-0.00626158824907	0.00245029437765	0.0248749885157	-0.0379105169302	-0.0189519270839	-0.0780247519168	0.00915882311492	0.0415339331018	0.0371959268315	-0.0427021803914	0.0149915144191	-0.0114171215909	0.043467849807
k__Bacteria;p__Bacteroidetes;c__Bacteroidia;o__Bacteroidales;f__Rikenellaceae;g__Alistipes;s__Alistipes_putredinis	-0.0262943014344	0.00109868260871	1.0	-0.0486651509503	-0.035205157668	-0.000594368908298	0.0110668833501	-0.0168998427163	0.015241064818	0.012283699306	-0.0137448650735	-0.0409050573514	0.0201970200739	-0.0124592567773	-0.0401716128123	0.0244885277819	0.0329320387246	-0.0242326746514	0.0305765273938	0.0473131764785	-0.0338345916722	-0.0127999903136	-0.0454731907996	-0.00993603383834	0.00622475830418	-0.0429151566948	-0.0236157275685	0.0284482070278	-0.033425517654	-0.00673248555777	-0.0273213444629	-0.00610951492532	-0.00396973327523	-0.0140779850795	0.0355591999134	-0.00285012840905	0.025524735977	-0.0706441220944	0.0836773197549	-0.0147211687009	0.00344480141279	0.0261802483458	-0.017399712014	0.00235292352641	0.017766503464	0.0296314375218	-0.030883432582	-0.029832861936	0.00292536692833	-0.00292076490404	-0.0204500061322	-0.0151416396327	0.0135114442257	0.0497923748093	0.0658576959816	-0.0131340771101	0.000838527775968	-0.0491045883599	0.0578773042626
k__Bacteria;p__Bacteroidetes;c__Bacteroidia;o__Bacteroidales;f__Prevotellaceae;g__Prevotella;s__Prevotella_copri	0.0122133893569	0.0519997320069	-0.0486651509503	1.0	-0.0332155830236	-0.0439489599503	0.0390852046387	-0.00726115818241	0.0209874595653	0.0320707195232	0.0584120725907	0.0034811026774	0.0190365691029	-0.0151289472099	-0.0114511394077	-0.0050725897543	0.0106033400685	0.0131180891565	0.00965159564903	0.00735418933098	0.0358325053262	0.0410987469618	-0.0153340806845	-0.03965615047	0.0413952346397	0.00183346652574	-0.00256797969982	-0.0302542986504	-0.0131242046428	-0.000566349373139	-0.0353920577698	0.0327466253892	-0.0353493857349	-0.0335992159579	0.00331424412894	-0.0480743899701	-0.0538177250698	0.0257024669748	0.0035501510891	-0.0472497083691	0.0123291420964	0.0103909246158	-0.0247825593937	0.0287878416049	-0.0424155849884	-0.0394248986728	-0.0256594828709	0.0681229143695	0.0232626194566	0.0181522821885	0.0221996611389	-0.0422498722775	-0.048901885979	-0.0286629358308	-0.0159416996202	0.0288765327097	-0.000297718654186	-0.00021015539347	0.00194599794961
k__Bacteria;p__Bacteroidetes;c__Bacteroidia;o__Bacteroidales;f__Bacteroidaceae;g__Bacteroides;s__Bacteroides_stercoris	0.0710640471781	-0.00670977177698	-0.035205157668	-0.0332155830236	1.0	-0.0401008663165	-0.0216586232641	0.00374200117415	-0.0276452252558	-0.000410007099417	-0.0222859748331	-0.0406561324976	-0.0523528885323	0.00880404833898	0.0372539917687	-0.0869369894572	-0.0625881232827	0.0165242008533	-0.0193510642455	0.0118199040875	0.0212465949731	-0.00244605578895	0.0104804975678	-0.0230573280097	-0.0396530769036	0.022417797862	0.0425013446426	-0.0102095632885	0.000298604738346	-0.0477352133916	0.0252001547285	-0.017902112258	-0.041222919837	-0.0184926415224	0.0030930701423	-0.0111722480108	0.0135448106347	0.0385459358277	-0.0350068536048	0.0116258915618	-0.018212343927	0.0306730756597	-0.0603224469955	-0.0103507915061	-0.0554931494614	-0.0158008440713	0.0123013263383	-0.0515737248579	-0.00785718647398	-0.0306670911706	0.0275782261086	-0.0271703080842	0.0230352993827	0.0265080008245	0.0179759914715	-0.0325311925849	-0.0208645081842	0.0138063349727	-0.0201236760025
k__Bacteria;p__Bacteroidetes;c__Bacteroidia;o__Bacteroidales;f__Bacteroidaceae;g__Bacteroides;s__Bacteroides_ovatus	-0.0244518690702	-0.00621105788119	-0.000594368908298	-0.0439489599503	-0.0401008663165	1.0	-0.0132062974726	0.0309658820504	-0.0589520855411	0.00790338967203	0.000472770269743	0.00295404189011	-0.0799121950912	0.00391820513998	0.00710715810973	-0.045700094088	-0.0371123617561	-0.0162972827118	0.0568583080375	-0.0998396854976	-0.050675885537	-0.0356241465743	-0.0451797033648	0.0543508431841	0.0231027589827	0.0104096414364	-0.00972786145565	-0.0125632311417	0.0212839028868	0.0637255167607	-0.0333079297392	-0.0426806044788	-0.0444211539527	0.0710375574892	0.013194200894	-0.0233286946281	-0.0623917592553	-0.0267882964076	-0.0083244113367	0.0394693215632	-0.0211508370794	-0.0457315834773	-0.0204953688885	0.0122786364032	0.016632849036	-0.00517830164647	-0.00497075950481	-0.0476168969638	-0.0550161190381	-0.0483920122945	0.000396369187363	0.00212602313837	-0.067979291833	-0.020158567207	-0.0331209154099	-0.0268266136517	0.00803860728659	-0.0473475884112	-0.0102678019967
k__Bacteria;p__Bacteroidetes;c__Bacteroidia;o__Bacteroidales;f__Rikenellaceae;g__Alistipes;s__Alistipes_shahii	-0.0337046351717	-0.0151628298294	0.0110668833501	0.0390852046387	-0.0216586232641	-0.0132062974726	1.0	-0.0412418408917	-0.0424631129359	-0.00333393607083	-0.062466220111	-0.0167616912519	0.0118257287456	0.0184752564881	-0.0888085205715	-0.0354250451868	0.0106044146028	0.0116933014212	-0.00260469153237	-0.00808172432276	-0.0496621017072	-0.0207039683091	-0.0509299263005	-0.00707508479744	0.0359655952688	0.00191768687643	-0.0299811039877	0.0208664926481	0.00970284890928	-0.0214915499941	0.0234437718326	0.000359376834521	-0.0250344525422	0.0278018924933	0.0115888682979	-0.0466733590848	-0.0329524277182	0.0154933184409	-0.0547975206264	0.0349287885206	-0.0365070304006	0.0387232643456	0.0308441596121	-0.0630318373453	0.0236349645441	0.0458628283114	0.0631009811323	-0.0235697780164	-0.0308758408348	0.0416953959706	-0.00678782459902	-0.00412131971475	-0.0334347423265	0.0211387030111	-0.0313538357595	-0.0136755784955	-0.0158490117862	-0.0357336240995	0.0470665167365
k__Bacteria;p__Firmicutes;c__Clostridia;o__Clostridiales;f__Ruminococcaceae;g__Faecalibacterium;s__Faecalibacterium_prausnitzii	-0.0632681702047	-0.01735295874	-0.0168998427163	-0.00726115818241	0.00374200117415	0.0309658820504	-0.0412418408917	1.0	0.0537851547702	-0.0559401256927	-0.00653767920513	-0.0568201445709	0.0560253120273	-0.0805442736587	0.0572783032241	0.0225602536612	-0.030522122971	-0.0077306354322	0.0170541649867	-0.0229230592795	-0.0599868070959	-0.0169602087004	0.00952739176854	0.00282911365203	-0.00646678332089	0.0015129237576	0.0221781129201	-0.0477113241239	0.0454526421113	-0.0104710585032	-0.0107744220362	0.03032599734	-0.0195157216795	0.0356593475006	0.00499739555706	-0.0048860180077	-0.010402900803	-0.00290298211916	-0.0142044704525	0.0166327782717	0.0691959161278	0.019970910829	-0.030340045604	-0.0277181198254	0.0166414988575	-0.042315516354	0.0041609182804	-0.0268332942871	0.0835719380655	0.00968765265248	3.66246183594e-05	-0.0422921520801	0.0189434695903	0.00465137739164	-0.00957017299307	0.0260459474542	-0.0189685817804	-0.0594467666017	-0.0679445064167
k__Bacteria;p__Bacteroidetes;c__Bacteroidia;o__Bacteroidales;f__Rikenellaceae;g__Alistipes;s__Alistipes_finegoldii	-0.0139462133302	0.020253421727	0.015241064818	0.0209874595653	-0.0276452252558	-0.0589520855411	-0.0424631129359	0.0537851547702	1.0	0.0281703253489	-0.0585106418131	-0.00358181554315	-0.0844558238063	-0.00868348752229	-0.0380284242104	0.0230779182981	0.0071583638849	-0.0384411566856	-0.0478629714481	-0.0482542321447	-0.00577602563583	0.0363718112878	-0.0277820654521	0.0267721222781	-0.0177737117647	-0.0211571445902	-0.0174916884447	-0.0229793536612	0.0117160195175	0.0283545733886	0.0176935813655	0.0100233447611	0.0241674477942	0.0351282720355	0.0121650444688	-4.25182295537e-05	-0.00871869328753	0.0154357111574	-0.0596953316611	0.0246849260136	-0.0285070289367	-0.0177280029851	0.0338927183764	-0.0179063057549	-0.0263359898809	0.0230185310479	-0.03528233529	-0.0390957795606	-0.085428221581	-0.0212573992672	-0.0157063914933	0.0264114802943	0.00640093769525	-0.0307277197371	0.00984552057246	-0.00159436153157	0.0264246052621	-0.0386215251355	0.023024005686
k__Bacteria;p__Bacteroidetes;c__Bacteroidia;o__Bacteroidales;f__Porphyromonadaceae;g__Parabacteroides;s__Parabacteroides_distasonis	-0.0503833922164	-0.0403899891003	0.012283699306	0.0320707195232	-0.000410007099417	0.00790338967203	-0.00333393607083	-0.0559401256927	0.0281703253489	1.0	0.0156996214783	-0.0249868326691	0.0173815116671	0.00428469468945	-0.00817095747195	-0.0256501536404	-0.0547050463075	0.011450445667	0.0266290696413	0.00436125820907	-0.0203869901516	0.00578192213906	-0.0203084189638	-0.00741504539526	0.0478313448118	-0.0628421315635	-0.00953664423769	-0.0288289083249	0.000589185224415	-0.0138345807727	-0.0662242860342	-0.0426845811907	0.0434800923451	-0.00407070500417	0.00660279072966	-0.0176362542631	-0.00805395252633	0.0521208858852	0.0132509744195	0.0334886297918	0.0059080074771	0.0122564493206	-0.0403843671335	0.0113164913944	-0.0440019010334	-0.0423005023819	-0.0156567648868	-0.025897844469	0.0245222992839	0.0380111896152	-0.0372553544928	-0.0141051139392	-0.00984119585782	0.026036465963	-0.00730353120721	-0.00321261382565	0.0306335876243	-0.00463985083548	-0.00959729500535
k__Bacteria;p__Bacteroidetes;c__Bacteroidia;o__Bacteroidales;f__Bacteroidaceae;g__Bacteroides;s__Bacteroides_thetaiotaomicron	-0.0253834064311	-0.0054296637405	-0.0137448650735	0.0584120725907	-0.0222859748331	0.000472770269743	-0.062466220111	-0.00653767920513	-0.0585106418131	0.0156996214783	1.0	-0.0246774872292	0.0219337931435	-0.0666060544339	0.0303691826895	-0.0382370578834	-0.0167658560799	-0.00901474091953	0.0280659108368	-0.032194886893	0.023763172011	0.0471881622895	0.0873172995101	0.00401519995344	-0.00845747183577	-0.00493158065782	0.0474687821366	-0.00506631855092	-0.02368290865	0.0268656683261	-0.0420655771535	0.00509401910006	0.0146656447337	0.0287493188075	0.014886062072	-0.086947388438	-0.00986392317448	-0.0578685096306	0.0152576415852	-0.0170221988004	-0.00162724034998	-0.0149827517331	-0.0258251556031	-0.0187404398462	0.0624886564584	-0.0641189702859	-0.00380044398806	0.0708192032339	-0.00134391640219	-0.0472087313474	0.0434045970426	0.0727289468553	-0.0112284806728	-0.0388879892607	0.0173379098022	-0.0251968298291	0.0111156952975	-0.0614162337517	0.0248515530037
k__Bacteria;p__Bacteroidetes;c__Bacteroidia;o__Bacteroidales;f__Bacteroidaceae;g__Bacteroides;s__Bacteroides_coprocola	-0.02255626236	0.0304996713004	-0.0409050573514	0.0034811026774	-0.0406561324976	0.00295404189011	-0.0167616912519	-0.0568201445709	-0.00358181554315	-0.0249868326691	-0.0246774872292	1.0	-0.0153515988791	0.0297195591954	0.0293870531827	-0.0599711073352	-0.0443249807364	0.0346073586073	0.0166007092528	-0.000441140696074	0.015754169166	-0.00712570422593	-0.0178684371841	-0.0362810762804	0.00148464477093	-0.0566148750628	0.0243371266462	0.0515084758457	-0.0180377197404	-0.0108379253218	-0.0504730138091	0.012252969255	0.0388890346906	0.00791013000533	0.0152197317617	-0.0357906136031	0.0518339912589	0.0160230872951	-0.0788450413032	0.0129755003997	-0.0199056852665	0.0038993336318	-0.0181703306015	0.0270690180836	-0.01652044675	0.00480905375845	-0.0228880313824	0.0425751506129	-0.0124365290353	0.00217601513882	-0.0182817787272	-0.0227390545304	0.016122551601	0.0216167551299	0.0186444121276	0.0317974676183	0.0523557057156	-0.0346369588289	0.0431348523679
k__Bacteria;p__Bacteroidetes;c__Bacteroidia;o__Bacteroidales;f__Bacteroidaceae;g__Bacteroides;s__Bacteroides_cellulosilyticus	0.0226035327209	-0.0430712183259	0.0201970200739	0.0190365691029	-0.0523528885323	-0.0799121950912	0.0118257287456	0.0560253120273	-0.0844558238063	0.0173815116671	0.0219337931435	-0.0153515988791	1.0	-0.00250622567592	-0.041255937101	0.0304146121437	-0.041377718079	0.00436404659994	-0.00405559272641	0.037625229487	-0.0489981425589	-0.021898831326	-0.0518952581309	-0.0473844493049	0.0171610155156	0.0340718901855	-0.0433542263082	-0.0286590479574	-0.00384708726861	-0.0257958128035	-0.0155308846212	0.0105763624241	-0.0438536958275	-0.0636594470984	0.0229346525959	-0.0479626560506	-0.0303870532829	0.00379233771508	0.0534478428935	-0.0637089259271	-0.0378046361459	-0.00852852936986	0.0274273879126	-0.0245669647867	0.0281945055713	0.00144294224965	-0.0297127141943	-0.0054782652987	0.06839803507	0.0122955104089	0.00666980554654	-0.0219746670041	0.0371220011741	-0.0471962479938	0.0316339490445	0.0197263757687	-0.02534607584	0.0161893539523	-0.0379187763771
k__Bacteria;p__Bacteroidetes;c__Bacteroidia;o__Bacteroidales;f__Rikenellaceae;g__Alistipes;s__Alistipes_obesi	-0.00351442878395	-0.0198481456454	-0.0124592567773	-0.0151289472099	0.00880404833898	0.00391820513998	0.0184752564881	-0.0805442736587	-0.00868348752229	0.00428469468945	-0.0666060544339	0.0297195591954	-0.00250622567592	1.0	-0.0323657269088	-0.0213396721596	0.0199456758448	0.0183123760977	-0.0219402376322	0.0120671097153	-0.0214585516353	-0.00440730880863	0.0259127964235	0.0213452771721	0.0665708684088	0.00957481905665	-0.0204749726493	-0.0499268034384	-0.0065108633713	-0.00847263851633	-0.0187259463039	-0.0505911864648	0.0200297030124	-0.0135092797405	-0.0438627994893	-0.0114841605488	-0.013507596263	0.022240895896	0.0403717285486	0.0360649008453	0.0149566747269	6.31480294066e-05	-0.0177187867237	-0.0214512586685	0.0128428680684	-0.0261747702531	0.0420924621589	-0.00454183076616	-0.0333064613631	0.0568357467847	-0.00889533035965	-0.0216242399742	-0.0344876916109	0.0242681136189	-0.00102559436205	-0.019392299791	-0.00591537957977	-0.0518773490981	-0.0437240727654
k__Bacteria;p__Firmicutes;c__Clostridia;o__Clostridiales;f__Lachnospiraceae;g__;s__[Eubacterium]_rectale	-0.00405669602046	-0.0338888175156	-0.0401716128123	-0.0114511394077	0.0372539917687	0.00710715810974	-0.0888085205715	0.0572783032241	-0.0380284242104	-0.00817095747195	0.0303691826895	0.0293870531827	-0.041255937101	-0.0323657269088	1.0	-0.00392588786368	-0.0185170391973	0.0394196182048	-0.030551994638	0.022135453089	-0.00349407904533	-0.0344501224677	-0.000897000451	0.00575776804561	-0.0532630423734	-0.0505934581592	0.0528659231353	-0.0253852888584	0.0184539803389	-0.0607042651783	-0.0601325574285	0.0204393829741	-0.0244499496545	0.00308593889009	-0.014479552252	-0.0246060666557	0.0116588675334	-0.0195927200586	-0.00796045002631	0.00417792122263	-0.00498969344305	-0.00705446925315	0.0395078814191	0.0194898403875	0.0650067473571	-0.0276284833174	-0.0349954791909	0.0248899161451	0.0164756904287	0.059782752398	-0.00995754911952	-0.0383256807407	-0.0263385478379	-0.0015065264193	0.000811976053686	-0.0349872439589	-0.0387513657082	-0.00657786889139	0.0214047067126
k__Bacteria;p__Bacteroidetes;c__Bacteroidia;o__Bacteroidales;f__Bacteroidaceae;g__Bacteroides;s__Bacteroides_plebeius	0.0139317974667	0.0244271597303	0.0244885277819	-0.0050725897543	-0.0869369894572	-0.045700094088	-0.0354250451868	0.0225602536612	0.0230779182981	-0.0256501536404	-0.0382370578834	-0.0599711073352	0.0304146121437	-0.0213396721596	-0.00392588786368	1.0	-0.0140072905472	0.0202139525669	0.0158774838835	0.000842609637606	0.0537002339448	-0.0316343347648	0.00057435783709	0.0730196472889	0.00961280461167	0.0218480192312	0.0269678618539	0.017220064465	0.00954304075966	-0.036020996518	0.00773317184923	-0.117554721728	-0.0375622581025	0.0377224925379	0.0120365966435	0.0237621624018	-0.00266456445424	-0.0118900636001	0.0187705578799	-0.0404210061252	0.00594869170986	-0.0255450228264	-0.0102282659967	0.00482308371922	-0.017129857744	-0.0280181632735	-0.108995753105	-0.0522413206343	0.00203912431785	-0.0914062212486	-0.0662258346017	0.0607084209441	0.0215180055729	0.000225540766019	-0.0531851591435	-0.0346678963681	0.0690662460831	-0.000379997924321	0.0130963054757
k__Bacteria;p__Bacteroidetes;c__Bacteroidia;o__Bacteroidales;f__Bacteroidaceae;g__Bacteroides;s__Bacteroides_fragilis	0.0188950246499	-0.00480558421044	0.0329320387246	0.0106033400685	-0.0625881232827	-0.0371123617561	0.0106044146028	-0.030522122971	0.0071583638849	-0.0547050463075	-0.0167658560799	-0.0443249807364	-0.041377718079	0.0199456758448	-0.0185170391973	-0.0140072905472	1.0	-0.0369613825298	-0.00296123451468	0.0451765768063	-0.105117695679	0.00121690931822	0.0247220401602	0.0583301988989	-0.0223553161084	-0.0021096926543	0.0303301637552	-0.0404306732311	0.00577822948987	-0.00462441900467	-0.0398730176279	-0.03054597819	-0.0565957979635	0.0545396992067	0.0271691123766	-0.00183326058018	0.00657534762051	0.0274539035537	0.00746669435492	-0.0806493471327	-0.00144383377375	0.0180837051643	0.00226045763624	-0.00734104246521	-0.0430009193705	-0.0302937368593	0.0301605202105	0.0453206456558	-0.00787890031989	0.0261910495907	-0.0416937081927	-0.025798132086	-0.00715233286721	-0.0639129938995	0.00868439857238	0.0065126364539	0.0148325947195	0.0301029827929	-0.0220493776444
k__Bacteria;p__Proteobacteria;c__Betaproteobacteria;o__Burkholderiales;f__Sutterellaceae;g__Sutterella;s__Sutterella_wadsworthensis	0.0392149910858	0.00244643271576	-0.0242326746514	0.0131180891565	0.0165242008533	-0.0162972827118	0.0116933014212	-0.0077306354322	-0.0384411566856	0.011450445667	-0.00901474091953	0.0346073586073	0.00436404659994	0.0183123760977	0.0394196182048	0.0202139525669	-0.0369613825298	1.0	-0.0317116783109	0.0334312032292	-0.0453482833393	0.0346643511319	-0.0248673178831	0.0115697905804	0.0303830976274	0.0571362064232	0.00907584862117	0.00555954060188	-0.0104377015022	0.0258767238626	-0.0250159576895	0.00543252070955	0.0301605530057	-0.0366950867508	-0.0151999982684	0.0288868148034	-0.0155969071755	-0.0260331999337	0.0748507701542	-0.05013859823	-0.0501321054416	-0.0886789862104	-0.035565951012	-0.00933907108676	0.011834795927	0.0190396366883	0.0525221403679	0.0118106812906	0.00136579292595	-0.0284665300286	-0.0379880662737	0.0197489969683	-0.0428569953905	-0.00144606720844	-0.03863913699	0.0677451830258	-0.00997367563497	-0.012213893809	-0.0399097007799
k__Bacteria;p__Bacteroidetes;c__Bacteroidia;o__Bacteroidales;f__Porphyromonadaceae;g__Barnesiella;s__Barnesiella_intestinihominis	0.0511854079118	0.00336523928687	0.0305765273938	0.00965159564903	-0.0193510642455	0.0568583080375	-0.00260469153237	0.0170541649867	-0.0478629714481	0.0266290696413	0.0280659108368	0.0166007092528	-0.00405559272641	-0.0219402376322	-0.030551994638	0.0158774838835	-0.00296123451468	-0.0317116783109	1.0	-0.0411909156985	-0.0975617836261	-0.0350943408164	0.024786702804	0.0324070515495	-0.0159075938482	0.0149943486635	0.0419400371118	-0.015537555549	0.00824921523819	-0.0488886348735	0.0287657463438	-0.0151188274987	-0.0452759897483	0.0185161309246	0.00118850601816	0.0172665149617	-0.0425015624661	-0.000347649305328	-0.0216091781453	-0.00988751848001	0.0116538637798	-0.0200394789067	-0.0238196495847	0.0278635704578	-0.0208422516848	-0.028196934553	-0.0146555840647	0.034657035237	-0.01313719616	-0.0309977869608	-0.0317466608196	-0.0308552409878	0.0281676984672	0.0160089572265	-0.00561589750348	-0.0348151969917	-0.00135198454477	0.0340033037005	5.59470586928e-05
k__Bacteria;p__Bacteroidetes;c__Bacteroidia;o__Bacteroidales;f__Odoribacteraceae;g__Odoribacter;s__Odoribacter_splanchnicus	-0.0149920637931	-0.0695215417506	0.0473131764785	0.00735418933098	0.0118199040875	-0.0998396854976	-0.00808172432276	-0.0229230592795	-0.0482542321447	0.00436125820907	-0.032194886893	-0.000441140696074	0.037625229487	0.0120671097153	0.022135453089	0.000842609637606	0.0451765768063	0.0334312032292	-0.0411909156985	1.0	-0.00899253283134	-0.0140830155137	0.0473715920248	-0.0252393235286	-0.00684678075959	-0.0317980416721	0.0395455396271	-0.0331997634103	-0.074960812071	-0.0364467199331	0.00530822213254	-0.00154078663055	0.0266901042086	-0.0252078144142	0.0557385591852	0.00339631346231	-0.0418716210609	0.0158918907608	0.00108611858146	0.0313903969235	-0.0334915603751	-0.0277941689459	-0.0112547201773	-0.0187248241244	0.0156733578341	-0.00780719517815	-0.0253700610294	0.0406365368703	-0.041356487291	-0.0124977060467	0.0484838217932	-0.0153628806569	0.0283956051722	-0.0239805364231	0.0179795443618	0.00367653155345	0.012846380086	0.0637810844654	-0.000420241861221
k__Bacteria;p__Bacteroidetes;c__Bacteroidia;o__Bacteroidales;f__Bacteroidaceae;g__Bacteroides;s__Bacteroides_salyersiae	0.00874928726916	-0.0170579196863	-0.0338345916722	0.0358325053262	0.0212465949731	-0.050675885537	-0.0496621017072	-0.0599868070959	-0.00577602563583	-0.0203869901516	0.023763172011	0.015754169166	-0.0489981425589	-0.0214585516353	-0.00349407904533	0.0537002339448	-0.105117695679	-0.0453482833393	-0.0975617836261	-0.00899253283134	1.0	0.025824836788	-0.0217348396588	0.0126028178211	-0.0924346511894	0.0115650508634	-0.0366297332761	0.0117202881012	0.0319115762514	0.00227314383236	0.00213758525822	0.0522382573067	0.0402636263157	0.0013973941521	-0.0149069969064	0.00194668535212	0.021561900689	-0.0202304449821	0.0309094161217	0.00737196753539	0.0242582953598	0.00948178557434	0.0210166035129	-0.0420582990918	0.0076720124406	-0.0363787580233	-0.0393962704944	0.0424338412685	-0.0322461406392	-0.0169975732927	-0.0173254260188	0.0127724109808	0.0514187797607	-0.0168117758974	-0.0211689758201	-0.0219716044433	0.0170743337819	0.044045184162	0.0290853898234
k__Bacteria;p__Firmicutes;c__Clostridia;o__Clostridiales;f__Ruminococcaceae;g__Ruminiclostridium;s__[Eubacterium]_siraeum	-0.0456402586647	-0.0391475729163	-0.0127999903136	0.0410987469618	-0.00244605578895	-0.0356241465743	-0.0207039683091	-0.0169602087004	0.0363718112878	0.00578192213906	0.0471881622895	-0.00712570422593	-0.021898831326	-0.00440730880863	-0.0344501224677	-0.0316343347648	0.00121690931822	0.0346643511319	-0.0350943408164	-0.0140830155137	0.025824836788	1.0	0.018397506033	0.00934250600014	-0.0332184162755	0.0134210888616	-0.0471023489444	-0.0168792102176	-0.0661808464748	-0.0160831088385	0.00312402015149	0.000974998283632	-0.0523750108922	-0.0602844511126	-0.0335532482147	-0.0273723671455	0.0172556797876	-0.0652074232535	-0.0407735968712	-0.0182779306839	0.0725906293821	-0.0112063772032	0.0432786689745	0.0367244440602	0.0114313470779	-0.0219635443642	-0.013858350571	-0.039791367942	0.0234991985598	-0.00478248910082	-0.0500056457537	-0.0519538814923	-0.0393680729253	0.000215287446895	0.0282318156384	0.0376043535122	0.00267125000561	0.0614965227869	-0.0160206860729
k__Bacteria;p__Proteobacteria;c__Betaproteobacteria;o__Burkholderiales;f__Sutterellaceae;g__Parasutterella;s__Parasutterella_excrementihominis	0.003044584914	-0.0494334097222	-0.0454731907996	-0.0153340806845	0.0104804975678	-0.0451797033648	-0.0509299263005	0.00952739176854	-0.0277820654521	-0.0203084189638	0.0873172995101	-0.0178684371841	-0.0518952581309	0.0259127964235	-0.000897000451	0.00057435783709	0.0247220401602	-0.0248673178831	0.024786702804	0.0473715920248	-0.0217348396588	0.018397506033	1.0	-0.00558578228668	-0.0432374923884	0.0218363644462	-0.04345353548	-0.0550836761925	-0.0782139582024	-0.0382608183424	-0.00859946987935	0.014794069302	0.0349796497747	0.0346055223523	-0.0471054357918	-0.0288450948446	0.0264271178963	-0.0498784712172	-0.0569954396753	-0.037578047723	-0.0215849984825	0.00550819461379	-0.0389632854678	-0.00158549590436	0.018595537002	0.0586798574217	-0.0478269854094	0.00243324207965	0.0112407920666	0.07640184959	0.0263456144735	0.0237411329102	0.0266807729702	-0.0372559660993	-0.0261773867371	-0.011527348425	0.0422666306439	-0.0143428618436	-0.0307181685815
k__Bacteria;p__Actinobacteria;c__Actinobacteria;o__Bifidobacteriales;f__Bifidobacteriaceae;g__Bifidobacterium;s__Bifidobacterium_adolescentis	0.0147245891163	-0.0529065619496	-0.00993603383834	-0.03965615047	-0.0230573280097	0.0543508431841	-0.00707508479744	0.00282911365203	0.0267721222781	-0.00741504539526	0.00401519995344	-0.0362810762804	-0.0473844493049	0.0213452771721	0.00575776804561	0.0730196472889	0.0583301988989	0.0115697905804	0.0324070515495	-0.0252393235286	0.0126028178211	0.00934250600014	-0.00558578228668	1.0	0.00513573450792	0.00565909679622	-0.0226752829539	-0.00853132646369	-0.0038672232431	-0.0099272790064	-0.0193835019354	0.037771425806	0.0170175859808	-0.0619923722848	0.00499261078956	-0.0558692406063	-0.0204135789096	0.0159534434744	-0.017317484329	-0.0444320994071	0.0325397656646	-0.022111689238	0.00302031277418	-0.0543160400904	-0.0442396620222	0.0146464936671	-0.0436909780263	0.00314260272817	0.024041426902	-0.00818873427822	-0.00806528608235	-0.0275741030146	-0.0357140977086	-0.0228552187438	0.0150501118725	-0.0416502841428	0.00715569057161	-0.0146939614978	-0.00386748130072
k__Bacteria;p__Firmicutes;c__Clostridia;o__Clostridiales;f__Oscillospiraceae;g__Oscillibacter;s__Oscillibacter_sp._KLE_1745	-0.0302152052161	0.0343034876326	0.00622475830418	0.0413952346397	-0.0396530769036	0.0231027589827	0.0359655952688	-0.00646678332089	-0.0177737117647	0.0478313448118	-0.00845747183577	0.00148464477093	0.0171610155156	0.0665708684088	-0.0532630423734	0.00961280461167	-0.0223553161084	0.0303830976274	-0.0159075938482	-0.00684678075959	-0.0924346511894	-0.0332184162755	-0.0432374923884	0.00513573450792	1.0	-0.0193509940498	0.0373338360039	0.0164533008582	-0.0101519411974	-0.040283907679	-0.0345089119766	-0.049462618216	0.00811853490572	0.0174512089135	-0.0262417234211	-0.0230648536249	0.0102552293891	-0.0129179822885	-0.0032187134783	-0.00859476761528	-0.0116246803801	-0.0388259689982	-0.0128283444906	0.00949933299101	0.0070374428158	0.0149867454702	0.0035561349883	-0.054764949486	0.0311976014472	-0.0267829748889	0.00946346579399	0.0368657794127	-0.0255297233304	-0.00310080769016	0.0164762038726	-0.0518291492672	0.0658958500076	0.035358762261	0.0180736495824
k__Bacteria;p__Bacteroidetes;c__Bacteroidia;o__Bacteroidales;f__Bacteroidaceae;g__Bacteroides;s__Bacteroides_coprophilus	-0.00205473499058	-0.0624011426845	-0.0429151566948	0.00183346652574	0.022417797862	0.0104096414364	0.00191768687643	0.0015129237576	-0.0211571445902	-0.0628421315635	-0.00493158065782	-0.0566148750628	0.0340718901855	0.00957481905665	-0.0505934581592	0.0218480192312	-0.0021096926543	0.0571362064232	0.0149943486635	-0.0317980416721	0.0115650508634	0.0134210888616	0.0218363644462	0.00565909679622	-0.0193509940498	1.0	-0.00332739000165	-0.00902733735347	0.00864721445175	-0.0469100994957	-0.00612993493068	0.0136911874044	0.0466840797592	-0.0442850064229	-0.0120746231164	-0.0228105753777	0.0490105555254	-0.0294345002968	0.0438985690736	-0.0561336400337	0.0322552348828	-0.0661386059989	-0.0298556157519	0.0425211919329	0.0103768944761	-0.029247893875	0.0393834386901	0.000666882733781	-0.0653347225714	0.00410815107283	-0.0396441604522	0.0420030046005	-0.0293953077131	-0.0625531289325	-0.0447349985576	0.0585731607079	-0.0315881194118	0.0328785144392	-0.0393554806541
k__Bacteria;p__Firmicutes;c__Clostridia;o__Clostridiales;f__Lachnospiraceae;g__Roseburia;s__Roseburia_intestinalis	0.0157585949336	0.00351965625399	-0.0236157275685	-0.00256797969982	0.0425013446426	-0.00972786145565	-0.0299811039877	0.0221781129201	-0.0174916884447	-0.00953664423769	0.0474687821366	0.0243371266462	-0.0433542263082	-0.0204749726493	0.0528659231353	0.0269678618539	0.0303301637552	0.00907584862117	0.0419400371118	0.0395455396271	-0.0366297332761	-0.0471023489444	-0.04345353548	-0.0226752829539	0.0373338360039	-0.00332739000165	1.0	0.0250762535012	-0.0687374537028	0.0433861502656	-0.0517290199309	0.0237339257435	-0.0619448957943	0.0458587732282	-0.0399646005224	-0.0324795857935	0.0193234366486	0.051713880007	0.0270682982334	-0.0179021955026	-0.0265027802204	0.0266705379562	0.00655005869128	-0.0419035947906	-0.0174220805055	-0.00634078383297	0.0202590588434	0.0529338982657	-0.0364606974651	0.0187817065076	-0.015588625182	-0.0165946783496	-0.00404795629076	0.0303314823103	0.00041234950068	-0.063056509662	-0.0221766359612	-0.0115824565446	0.0169997353441
k__Bacteria;p__Firmicutes;c__Clostridia;o__Clostridiales;f__Lachnospiraceae;g__Roseburia;s__Roseburia_hominis	0.0165133031146	-0.0345525624799	0.0284482070278	-0.0302542986504	-0.0102095632885	-0.0125632311417	0.0208664926481	-0.0477113241239	-0.0229793536612	-0.0288289083249	-0.00506631855092	0.0515084758457	-0.0286590479574	-0.0499268034384	-0.0253852888584	0.017220064465	-0.0404306732311	0.00555954060188	-0.015537555549	-0.0331997634103	0.0117202881012	-0.0168792102176	-0.0550836761925	-0.00853132646369	0.0164533008582	-0.00902733735347	0.0250762535012	1.0	0.00657026715484	-0.0897243696096	0.0323210000586	0.0200874877833	0.0256715596793	0.00528218016868	0.00850481582661	0.0143345668819	-0.0309831919605	0.0120470978813	-0.0150098125759	0.0187803698759	-0.00180450576637	0.0110930242774	-0.0332542100245	-0.0207798521041	-0.00972912316573	-0.0232469337533	0.0402350551914	0.0174750827086	-0.0396329533449	-0.0316824883873	-0.00910567056528	0.0238669719864	0.0174205667257	-0.019680916237	-0.0181335571272	-0.0150666422843	-0.0129303913846	0.0177870603998	0.020687885762
k__Bacteria;p__Bacteroidetes;c__Bacteroidia;o__Bacteroidales;f__Porphyromonadaceae;g__Parabacteroides;s__Parabacteroides_johnsonii	0.0156745297939	-0.016309093266	-0.033425517654	-0.0131242046428	0.000298604738346	0.0212839028868	0.00970284890928	0.0454526421113	0.0117160195175	0.000589185224416	-0.02368290865	-0.0180377197404	-0.00384708726861	-0.0065108633713	0.0184539803389	0.00954304075966	0.00577822948987	-0.0104377015022	0.00824921523819	-0.074960812071	0.0319115762514	-0.0661808464748	-0.0782139582024	-0.0038672232431	-0.0101519411974	0.00864721445175	-0.0687374537028	0.00657026715484	1.0	0.0420000250861	-0.0374244579336	0.0907483610001	-0.00199986920421	-0.0363450914469	-0.0188298666856	0.0379275932922	0.00168033190192	-0.0118163919723	-0.0388160406568	0.00299583999369	-0.0196916399448	-0.00847579157535	-0.0160346832464	-0.0426040539029	0.0205361719735	0.00837114611781	0.000163295093179	-0.00284413584697	0.0283290232521	0.0057269008165	0.0434005075432	-0.00639707285671	-0.0468193014277	0.0290776810157	-0.0225230004448	-0.00800470755824	-0.0143623338997	-0.0475674737203	-0.0478530302978
k__Bacteria;p__Actinobacteria;c__Actinobacteria;o__Bifidobacteriales;f__Bifidobacteriaceae;g__Bifidobacterium;s__Bifidobacterium_longum	0.0217928938356	-0.00457021194637	-0.00673248555777	-0.000566349373139	-0.0477352133916	0.0637255167607	-0.0214915499941	-0.0104710585032	0.0283545733886	-0.0138345807727	0.0268656683261	-0.0108379253218	-0.0257958128035	-0.00847263851633	-0.0607042651783	-0.036020996518	-0.00462441900467	0.0258767238626	-0.0488886348735	-0.0364467199331	0.00227314383236	-0.0160831088385	-0.0382608183424	-0.0099272790064	-0.040283907679	-0.0469100994957	0.0433861502656	-0.0897243696096	0.0420000250861	1.0	-0.0687215104313	-0.0450113006843	-0.0237434806162	-0.00234525139249	0.000353324083276	0.000534942692286	-0.00558064551528	-0.0210924446226	0.029804595615	-0.0651439707542	0.0017404642348	-0.00800589622392	-0.0303185391053	-0.0138966243008	-0.0277327549329	0.0292547855578	0.00316050834656	0.0238153455207	0.000545408293617	-0.0569731536339	0.0494650535005	-0.0570734746963	0.0421231529805	-0.0224536119424	-0.0389078422945	-0.0347474364343	-0.0274484956306	0.044215122672	0.0356016910234
