#taxonomy	k__Bacteria;p__Bacteroidetes;c__Bacteroidia;o__Bacteroidales;f__Bacteroidaceae;g__Bacteroides;s__Bacteroides_vulgatus	k__Bacteria;p__Bacteroidetes;c__Bacteroidia;o__Bacteroidales;f__Bacteroidaceae;g__Bacteroides;s__Bacteroides_uniformis	k__Bacteria;p__Bacteroidetes;c__Bacteroidia;o__Bacteroidales;f__Rikenellaceae;g__Alistipes;s__Alistipes_putredinis	k__Bacteria;p__Bacteroidetes;c__Bacteroidia;o__Bacteroidales;f__Prevotellaceae;g__Prevotella;s__Prevotella_copri	k__Bacteria;p__Bacteroidetes;c__Bacteroidia;o__Bacteroidales;f__Bacteroidaceae;g__Bacteroides;s__Bacteroides_stercoris	k__Bacteria;p__Bacteroidetes;c__Bacteroidia;o__Bacteroidales;f__Bacteroidaceae;g__Bacteroides;s__Bacteroides_ovatus	k__Bacteria;p__Bacteroidetes;c__Bacteroidia;o__Bacteroidales;f__Rikenellaceae;g__Alistipes;s__Alistipes_shahii	k__Bacteria;p__Firmicutes;c__Clostridia;o__Clostridiales;f__Ruminococcaceae;g__Faecalibacterium;s__Faecalibacterium_prausnitzii	k__Bacteria;p__Bacteroidetes;c__Bacteroidia;o__Bacteroidales;f__Rikenellaceae;g__Alistipes;s__Alistipes_finegoldii	k__Bacteria;p__Bacteroidetes;c__Bacteroidia;o__Bacteroidales;f__Porphyromonadaceae;g__Parabacteroides;s__Parabacteroides_distasonis	k__Bacteria;p__Bacteroidetes;c__Bacteroidia;o__Bacteroidales;f__Bacteroidaceae;g__Bacteroides;s__Bacteroides_thetaiotaomicron	k__Bacteria;p__Bacteroidetes;c__Bacteroidia;o__Bacteroidales;f__Bacteroidaceae;g__Bacteroides;s__Bacteroides_coprocola	k__Bacteria;p__Bacteroidetes;c__Bacteroidia;o__Bacteroidales;f__Bacteroidaceae;g__Bacteroides;s__Bacteroides_cellulosilyticus	k__Bacteria;p__Bacteroidetes;c__Bacteroidia;o__Bacteroidales;f__Rikenellaceae;g__Alistipes;s__Alistipes_obesi	k__Bacteria;p__Firmicutes;c__Clostridia;o__Clostridiales;f__Lachnospiraceae;g__;s__[Eubacterium]_rectale	k__Bacteria;p__Bacteroidetes;c__Bacteroidia;o__Bacteroidales;f__Bacteroidaceae;g__Bacteroides;s__Bacteroides_plebeius	k__Bacteria;p__Bacteroidetes;c__Bacteroidia;o__Bacteroidales;f__Bacteroidaceae;g__Bacteroides;s__Bacteroides_fragilis	k__Bacteria;p__Proteobacteria;c__Betaproteobacteria;o__Burkholderiales;f__Sutterellaceae;g__Sutterella;s__Sutterella_wadsworthensis	k__Bacteria;p__Bacteroidetes;c__Bacteroidia;o__Bacteroidales;f__Porphyromonadaceae;g__Barnesiella;s__Barnesiella_intestinihominis	k__Bacteria;p__Bacteroidetes;c__Bacteroidia;o__Bacteroidales;f__Odoribacteraceae;g__Odoribacter;s__Odoribacter_splanchnicus	k__Bacteria;p__Bacteroidetes;c__Bacteroidia;o__Bacteroidales;f__Bacteroidaceae;g__Bacteroides;s__Bacteroides_salyersiae	k__Bacteria;p__Firmicutes;c__Clostridia;o__Clostridiales;f__Ruminococcaceae;g__Ruminiclostridium;s__[Eubacterium]_siraeum	k__Bacteria;p__Proteobacteria;c__Betaproteobacteria;o__Burkholderiales;f__Sutterellaceae;g__Parasutterella;s__Parasutterella_excrementihominis	k__Bacteria;p__Actinobacteria;c__Actinobacteria;o__Bifidobacteriales;f__Bifidobacteriaceae;g__Bifidobacterium;s__Bifidobacterium_adolescentis	k__Bacteria;p__Firmicutes;c__Clostridia;o__Clostridiales;f__Oscillospiraceae;g__Oscillibacter;s__Oscillibacter_sp._KLE_1745	k__Bacteria;p__Bacteroidetes;c__Bacteroidia;o__Bacteroidales;f__Bacteroidaceae;g__Bacteroides;s__Bacteroides_coprophilus	k__Bacteria;p__Firmicutes;c__Clostridia;o__Clostridiales;f__Lachnospiraceae;g__Roseburia;s__Roseburia_intestinalis	k__Bacteria;p__Firmicutes;c__Clostridia;o__Clostridiales;f__Lachnospiraceae;g__Roseburia;s__Roseburia_hominis	k__Bacteria;p__Bacteroidetes;c__Bacteroidia;o__Bacteroidales;f__Porphyromonadaceae;g__Parabacteroides;s__Parabacteroides_johnsonii	k__Bacteria;p__Actinobacteria;c__Actinobacteria;o__Bifidobacteriales;f__Bifidobacteriaceae;g__Bifidobacterium;s__Bifidobacterium_longum	k__Bacteria;p__Firmicutes;c__Clostridia;o__Clostridiales;f__;g__Flavonifractor;s__Flavonifractor_plautii	k__Bacteria;p__Firmicutes;c__Clostridia;o__Clostridiales;f__Clostridiaceae;g__Clostridium;s__Clostridium_phoceensis	k__Bacteria;p__Verrucomicrobia;c__Verrucomicrobiae;o__Verrucomicrobiales;f__Akkermansiaceae;g__Akkermansia;s__Akkermansia_muciniphila	k__Bacteria;p__Bacteroidetes;c__Bacteroidia;o__Bacteroidales;f__Prevotellaceae;g__Paraprevotella;s__Paraprevotella_xylaniphila	k__Bacteria;p__Firmicutes;c__Clostridia;o__Clostridiales;f__Ruminococcaceae;g__Ruminococcus;s__Ruminococcus_callidus	k__Bacteria;p__Bacteroidetes;c__Bacteroidia;o__Bacteroidales;f__Rikenellaceae;g__Alistipes;s__Alistipes_senegalensis	k__Bacteria;p__Firmicutes;c__Clostridia;o__Clostridiales;f__Lachnospiraceae;g__Blautia;s__Blautia_sp._KLE_1732	k__Bacteria;p__Bacteroidetes;c__Bacteroidia;o__Bacteroidales;f__Bacteroidaceae;g__Bacteroides;s__Bacteroides_oleiciplenus	k__Bacteria;p__Firmicutes;c__Clostridia;o__Clostridiales;f__Ruminococcaceae;g__Ruminococcus;s__Ruminococcus_bicirculans	k__Bacteria;p__Bacteroidetes;c__Bacteroidia;o__Bacteroidales;f__Bacteroidaceae;g__Bacteroides;s__Bacteroides_fluxus	k__Bacteria;p__Bacteroidetes;c__Bacteroidia;o__Bacteroidales;f__Prevotellaceae;g__Prevotella;s__Prevotella_stercorea	k__Bacteria;p__Firmicutes;c__Clostridia;o__Clostridiales;f__Lachnospiraceae;g__Dorea;s__Dorea_longicatena	k__Bacteria;p__Firmicutes;c__Clostridia;o__Clostridiales;f__Eubacteriaceae;g__Eubacterium;s__[Eubacterium]_eligens	k__Bacteria;p__Firmicutes;c__Clostridia;o__Clostridiales;f__Ruminococcaceae;g__;s__Ruminococcaceae_bacterium_D16	k__Bacteria;p__Firmicutes;c__Clostridia;o__Clostridiales;f__Lachnospiraceae;g__Coprococcus;s__Coprococcus_comes	k__Bacteria;p__Proteobacteria;c__Gammaproteobacteria;o__Enterobacterales;f__Enterobacteriaceae;g__Escherichia;s__Escherichia_coli	k__Bacteria;p__Firmicutes;c__Clostridia;o__Clostridiales;f__Ruminococcaceae;g__Anaerotruncus;s__Anaerotruncus_colihominis	k__Bacteria;p__Firmicutes;c__Clostridia;o__Clostridiales;f__Lachnospiraceae;g__Blautia;s__Blautia_obeum	k__Bacteria;p__Bacteroidetes;c__Bacteroidia;o__Bacteroidales;f__Odoribacteraceae;g__Odoribacter;s__Odoribacter_laneus	k__Bacteria;p__Firmicutes;c__Clostridia;o__Clostridiales;f__Ruminococcaceae;g__Ruminiclostridium;s__[Clostridium]_leptum	k__Bacteria;p__Bacteroidetes;c__Bacteroidia;o__Bacteroidales;f__Porphyromonadaceae;g__Parabacteroides;s__Parabacteroides_goldsteinii	k__Bacteria;p__Firmicutes;c__Clostridia;o__Clostridiales;f__Lachnospiraceae;g__Anaerostipes;s__Anaerostipes_hadrus	k__Bacteria;p__Firmicutes;c__Clostridia;o__Clostridiales;f__Ruminococcaceae;g__Ruminococcus;s__Ruminococcus_lactaris	k__Bacteria;p__Firmicutes;c__Clostridia;o__Clostridiales;f__Clostridiaceae;g__Clostridium;s__Clostridium_sp._L2-50	k__Bacteria;p__Firmicutes;c__Clostridia;o__Clostridiales;f__Clostridiaceae;g__Clostridium;s__Clostridium_sp._M62/1	k__Bacteria;p__Firmicutes;c__Clostridia;o__Clostridiales;f__;g__Intestinimonas;s__Intestinimonas_butyriciproducens	k__Bacteria;p__Actinobacteria;c__Actinobacteria;o__Bifidobacteriales;f__Bifidobacteriaceae;g__Bifidobacterium;s__Bifidobacterium_bifidum	k__Bacteria;p__Firmicutes;c__Negativicutes;o__Veillonellales;f__Veillonellaceae;g__Dialister;s__Dialister_invisus	k__Bacteria;p__Bacteroidetes;c__Bacteroidia;o__Bacteroidales;f__Bacteroidaceae;g__Bacteroides;s__Bacteroides_salanitronis
k__Bacteria;p__Bacteroidetes;c__Bacteroidia;o__Bacteroidales;f__Bacteroidaceae;g__Bacteroides;s__Bacteroides_vulgatus	1.0	0.0172408120328	-0.0343002326462	0.0418255464904	-0.0124032600695	-0.0450649025806	-0.0388629945568	0.0275513259678	0.00899520634477	0.00570682154424	0.0368565072834	0.0131234475726	-0.0188509111534	-0.0274356259302	-0.030655041648	-0.0755742543147	0.0186115773201	0.0058993214826	0.000612217057679	-0.0224457425623	0.0275753907743	-0.0163714470709	0.0113805648764	0.0098062762247	0.00629041515847	0.00296029129734	0.0393047475481	-0.0421844764878	0.0322961926671	0.0357982055383	-0.0384430239936	0.0197852459514	0.0333067906612	-0.0155175333196	-0.05293903824	-0.0039052250441	0.0121646286973	-0.00452116584453	-0.0515197628423	0.0264905476359	0.00517846990114	-0.106843526956	0.0318909067737	0.0434740770831	-0.0730214619193	0.00554379190933	0.023352755032	-0.00518908000932	0.00929558234996	-0.00578005995753	-0.0200351311496	-0.00767148865321	6.57671036985e-05	0.0108382525131	-0.0333518169048	-0.000233366502993	-0.0241663554114	-0.00236385056632	-0.0241704970789
k__Bacteria;p__Bacteroidetes;c__Bacteroidia;o__Bacteroidales;f__Bacteroidaceae;g__Bacteroides;s__Bacteroides_uniformis	0.0172408120328	1.0	0.0293901520448	-0.00493077529026	-0.0369636986354	-0.0833591324659	0.0309525703354	0.0427442243518	-0.04252832865	-0.00117947270585	-0.0515061772413	0.0197414659769	0.0267811748518	-0.00605942153786	-0.00527540374297	-0.000584960650406	0.0383532584937	0.0489093808987	-0.0298921836357	0.0255084752106	-0.0591303572773	-0.0510584638329	-0.0476551183781	0.0614307375634	-0.0260691174962	0.0324399034223	-0.0134033887428	0.00282639754565	0.0453231832217	-0.0136785527082	0.00683882026238	-0.00839086467959	-0.0417031053501	-0.0120318652966	0.0361421293641	-0.0546475370613	0.0415895726895	0.0145470417239	0.0426858485972	-0.0458245030702	0.0310844346454	0.000280546693426	-0.0142750856455	0.0312359837953	-0.0173915882494	0.0323591618437	0.00340714024733	-0.0111013058135	0.0205017323205	0.0164241357759	-0.0654882072694	0.00493367239207	-0.047761788262	0.0248885594448	-0.0619440767075	-0.0284136813922	0.0101675349478	-0.0386837981281	-0.00791216063945
k__Bacteria;p__Bacteroidetes;c__Bacteroidia;o__Bacteroidales;f__Rikenellaceae;g__Alistipes;s__Alistipes_putredinis	-0.0343002326462	0.0293901520448	1.0	0.0227662059277	0.0182099520811	0.0275227330073	0.0218668874965	0.00251065254014	-0.0230043032196	0.0338893118874	0.0114545020926	-0.00262907854023	0.00304414459686	0.0155719200889	0.0218704349987	0.0545117026384	-0.0475351258037	0.0161982457389	-0.00619483632916	-0.00636658834118	-0.0308357350855	-0.0369587332302	-0.00570723556984	0.00344987573177	-0.0492070756153	0.0276537281395	-0.0220984261668	-0.0423387449913	0.00569934037444	-0.0626427426934	0.0332433551208	-0.00241857944553	0.0129769514216	-0.0700985388372	-0.0479744811513	0.0380487164787	-0.00967305717727	-0.0237971306548	-0.0380686604216	0.0126026362389	-0.0163673332805	0.00111966597409	0.00149872501033	-0.0609347080557	0.0703711932195	-0.0638770593707	0.0426267486494	-0.0109791106155	0.0370042478254	-0.00287598568475	-0.0850916852404	-0.0235677910205	0.0618066417197	-0.00437458872559	-0.0204684761039	-0.0110035185787	-0.0811128137293	-0.0327891131353	0.0185310409476
k__Bacteria;p__Bacteroidetes;c__Bacteroidia;o__Bacteroidales;f__Prevotellaceae;g__Prevotella;s__Prevotella_copri	0.0418255464904	-0.00493077529026	0.0227662059277	1.0	-0.0556251143117	0.0112881334963	0.0287689230191	0.013818701506	-0.0025316622572	-0.00347367978608	-0.0789992040967	-0.0269345843151	-0.0295433188155	0.00968775346494	0.00420150899093	-0.00600143067589	-0.0500477892837	0.0298958397554	0.0150104205143	-0.0230744862918	0.0196729205916	0.00020663443706	-0.0531544025271	0.0273070405786	-0.0225723318769	0.0116595163679	0.0180370197672	-0.0204586892654	0.0199264143724	0.0242718728441	0.0335010301356	-0.015792538693	0.00174058773525	-0.0340687788741	0.0425483183213	-0.0217908698425	-0.017055551317	0.0144757333908	0.0323947082932	-0.0687806234024	-0.0419087444091	0.0251143291146	0.0238265552689	0.00608963354589	-0.0226509014029	0.0298716961291	0.00333906303651	-0.0412692142258	0.0225541417621	-0.0170054707142	0.00791707423033	-0.0533952389687	-0.0173324836902	-0.0156055273411	0.0158159868655	-0.018696512727	-0.0106679992577	0.0123440822216	-0.00819413164546
k__Bacteria;p__Bacteroidetes;c__Bacteroidia;o__Bacteroidales;f__Bacteroidaceae;g__Bacteroides;s__Bacteroides_stercoris	-0.0124032600695	-0.0369636986354	0.0182099520811	-0.0556251143117	1.0	0.0131867642977	0.0268061573985	-0.0248716020469	-0.0167306726269	0.0152398884927	-0.0327398041902	0.00891407075714	-0.038323168788	-0.0760351253358	-0.00271296956665	-0.060646545864	-0.0155416897664	0.0014352966375	0.0303645451795	0.0647532922519	-0.0271177355445	-0.0421161928792	0.0309688836694	0.000527210140309	-0.0106877541038	-0.0058507805224	-0.0495925488858	0.00146818009228	0.0152139444616	0.0118059958536	-0.0124905090889	0.0279645058881	-0.00267556948777	-0.0240619258382	0.0128524899098	-0.0148231579419	-0.021303851512	0.0295361091805	-0.000763695025228	0.0125853424827	-0.0152607164047	0.0240019304806	-0.0310324628687	-0.023283749577	0.0171290017898	0.0051882006927	-0.0177116275158	0.013510614802	-0.0128986711325	-0.063089693876	-0.0407569064799	0.00647685245722	-0.0576668706402	-0.0158770132724	-0.00960855800464	0.0304367709152	-0.063824120871	-0.0186348722852	-0.0203999873223
k__Bacteria;p__Bacteroidetes;c__Bacteroidia;o__Bacteroidales;f__Bacteroidaceae;g__Bacteroides;s__Bacteroides_ovatus	-0.0450649025806	-0.0833591324659	0.0275227330073	0.0112881334963	0.0131867642977	1.0	0.0288126077782	-0.0163072996782	-0.020306934068	-0.0269640000437	-0.0537026812069	-0.0483527404639	-0.00156858667567	-0.014303708146	-0.066620321731	-0.00444127160126	0.0262019626431	-0.0097673362701	-0.060129523522	0.0304706839282	-0.00240518466737	0.0381507017731	0.0026457818655	-0.00320070430329	-0.0102390532662	-0.0163894291218	-0.0326555472734	0.0315831451505	-0.0902850821376	-0.0225146243802	0.032915667582	-0.0202536134785	-0.0564412833317	0.0158259305303	-0.0527722225588	-0.0353638787235	-0.00979792994435	-0.0559275068243	-0.0378232361587	0.00147510885873	0.0080642862285	-0.0167951772835	0.0216970215992	-0.0520363476531	-0.000976911431669	0.0127420758516	0.00688779424757	0.0204313063109	-0.0364579510475	-0.0916311700726	0.0508510796617	-0.010738513928	-0.0312546843177	0.0176316044819	-0.0147308810027	0.00866395803211	-0.0272704513714	0.007033554983	-0.00110378121943
k__Bacteria;p__Bacteroidetes;c__Bacteroidia;o__Bacteroidales;f__Rikenellaceae;g__Alistipes;s__Alistipes_shahii	-0.0388629945568	0.0309525703354	0.0218668874965	0.0287689230191	0.0268061573985	0.0288126077782	1.0	0.0357669426942	-0.0240036015442	-0.0066103238964	-0.0601120752135	-0.0350112373391	-0.0186909665964	-0.0133060442957	0.0322809690334	-0.00271001291886	-0.0295595227022	-0.00241638436511	-0.0266605284798	-0.0259402005166	0.00888254961998	-0.0336810439022	0.0248792037523	-0.0775705360234	0.0449150326668	-0.0135394770245	-0.00690172223518	0.039179641309	0.0131285197961	-0.0375129231706	0.0231969515821	-0.0157798870878	-0.0347695447031	-0.0431236968271	-0.014518253536	0.0177865315833	-0.0394003626612	-0.025237981348	-0.0391509790937	-0.0124599658573	-0.00232744048589	-0.037649643348	-0.0513092650109	-0.0133614466559	-0.00234819454019	0.0227620050736	-0.0299392954484	-0.00372108183024	-0.01488944097	0.0302322364854	-0.00677957981116	0.0106738807127	0.0276118306923	0.00996909531778	-0.00904640307266	-0.0419321360318	-0.0531228918377	0.00890366001166	-0.00111469062212
k__Bacteria;p__Firmicutes;c__Clostridia;o__Clostridiales;f__Ruminococcaceae;g__Faecalibacterium;s__Faecalibacterium_prausnitzii	0.0275513259678	0.0427442243518	0.00251065254014	0.013818701506	-0.0248716020469	-0.0163072996782	0.0357669426942	1.0	-0.0201227808887	0.0158646507163	0.0233730481545	0.00663988848617	-0.0132265056481	-0.0232029678472	0.0365255787754	-0.0467246041652	-0.0229188393367	-0.0247676359688	-0.000708298983127	0.0108889155039	-0.0113023358281	-0.0214489958834	-0.00208317092279	0.0467068451632	0.0316516723811	0.0182818324472	-0.00556923326831	0.00284744118859	-0.00812137192188	0.0154997931418	-0.0576209057689	-0.0495908241683	-0.01843559443	-0.0214425390268	-0.0150494356512	0.0416961599891	-0.0478000766833	-0.00569602773413	0.0365866432324	-0.0386031175058	-0.0301109858807	0.0058950526469	0.0193402506972	-0.0596072779334	0.0162157721226	-0.00073272177542	-0.000687576741945	-0.0277287767251	-0.00821006096361	0.0219632374739	-0.0154151688188	-0.00942215353412	-0.0483297240155	-0.0130957831906	0.00933669147009	0.00101639770865	-0.0211751259913	-0.013194018645	-0.0342435682874
k__Bacteria;p__Bacteroidetes;c__Bacteroidia;o__Bacteroidales;f__Rikenellaceae;g__Alistipes;s__Alistipes_finegoldii	0.00899520634477	-0.04252832865	-0.0230043032196	-0.0025316622572	-0.0167306726269	-0.020306934068	-0.0240036015442	-0.0201227808887	1.0	-0.0310261733976	-0.00403714507645	-0.0153531852321	0.0559358028564	-0.0241881285434	0.0464331284077	0.0134756834244	0.0528720546825	-0.0314394850498	-0.060548256542	-0.00888502903036	0.0229853628451	-0.00366593287043	0.0124237889916	0.00431542563392	0.0252383889681	0.0467418693864	-0.0463487709925	-0.018696750375	-0.0148808118648	0.0132668040782	-0.00621862256412	-0.0455045698801	0.0365823590464	0.0223546281007	-0.0218916046281	0.0393343302687	-0.0165075154029	-0.0249683466267	-0.0403550682967	0.0109176257194	-0.000257494855918	-0.0419339209131	0.020386332702	-0.013370732799	-0.0450733825067	0.00172462628634	-0.0169783407127	0.00724187986154	-0.0161188532472	0.0293469204864	-0.0232070096744	-0.0273732816518	-0.0111242491516	-0.0337555837697	0.00387333270114	0.000506288827024	-0.0366221848244	0.0811695413265	0.0106774125619
k__Bacteria;p__Bacteroidetes;c__Bacteroidia;o__Bacteroidales;f__Porphyromonadaceae;g__Parabacteroides;s__Parabacteroides_distasonis	0.00570682154424	-0.00117947270585	0.0338893118874	-0.00347367978608	0.0152398884927	-0.0269640000437	-0.0066103238964	0.0158646507163	-0.0310261733976	1.0	0.089782063196	-0.0331340696364	-0.0289010078946	-0.00144416403289	-0.00286718584244	0.00409926454219	0.0283108934	-0.0562894043993	-0.0252210732271	-0.0411424807919	-0.0306687471065	-0.020268569098	-0.0532125368883	0.0128077709459	0.0240415247444	-0.00686921959439	-0.0295636508787	-0.00680612517517	-0.0138986019858	-0.0625070539864	0.0163649634291	-0.0641186723158	0.00180390307935	-0.0160651182718	-1.30313870579e-05	-0.0617156899732	-0.0389142828963	-0.0198754919568	-0.0532851022415	-0.0401269474568	-0.0173499073699	0.0370598354971	-0.0194903880308	0.0142441145915	0.00442534375079	0.00643869467164	-0.0280787544882	0.0189650108235	0.0167047902266	-0.00970710885048	-0.0279544305246	0.0624430378729	-0.00197514514938	0.0595383310073	-0.0125002883207	-0.0157565481546	-0.034137850889	-0.000850422540827	0.0351084252845
k__Bacteria;p__Bacteroidetes;c__Bacteroidia;o__Bacteroidales;f__Bacteroidaceae;g__Bacteroides;s__Bacteroides_thetaiotaomicron	0.0368565072834	-0.0515061772413	0.0114545020926	-0.0789992040967	-0.0327398041902	-0.0537026812069	-0.0601120752135	0.0233730481545	-0.00403714507645	0.089782063196	1.0	-0.00548069757342	-0.111706994168	-0.0104054270909	-3.68315401638e-05	-0.0726034749141	0.0184984780106	-0.0284052482559	0.0123891993506	-0.0723040107954	0.00136582079927	-0.00570514927607	-0.0490970424594	-0.0551365671128	-0.0520419051734	-0.0263722908272	0.013860665517	-0.0676968706282	-0.0168358029986	0.000881144303697	0.0191678203396	-0.00522415277067	0.041725287846	-0.0256955045007	-0.0123256842665	-0.0199939350652	0.0513169511556	0.0143789729958	0.00212503529305	-0.0210411849607	0.0439770642321	0.0530656573751	-0.00751866945034	-0.00916882195795	-0.0401942175024	-0.0215780396947	0.00432372234916	-0.00392910116309	-0.0149768787696	-0.0211882629199	0.0232110864368	-0.0114224447712	-0.0219292944825	0.0350342087618	-0.0412612316017	0.0235868165386	0.0242215634683	-0.0175492348618	0.0206167809714
k__Bacteria;p__Bacteroidetes;c__Bacteroidia;o__Bacteroidales;f__Bacteroidaceae;g__Bacteroides;s__Bacteroides_coprocola	0.0131234475726	0.0197414659769	-0.00262907854023	-0.0269345843151	0.00891407075714	-0.0483527404639	-0.0350112373391	0.00663988848617	-0.0153531852321	-0.0331340696364	-0.00548069757342	1.0	-0.0181687873008	-0.0643628181341	-0.0790192603323	0.0589727867247	-0.0412038094875	0.0188786021951	0.00888613912985	0.0216920255929	-0.0334380382186	-0.00462895418646	0.0269856429898	-0.0474534535944	-0.0156297945698	-0.0412842359689	-0.0079195867669	0.036917785551	0.0199324806161	0.0546204330396	0.00299065987703	0.000942573934905	-0.0101530269324	0.0163747605746	-0.0333082308858	-0.0253238852225	-0.00678573061155	0.0333092645747	-0.00235958229297	0.0181077784326	-0.0338277260797	0.00235050419183	-0.0265754551499	0.0204453972366	-0.00551720718745	0.0137138943966	0.00368797446536	-0.00370710504035	0.0496217811203	0.00120739048692	-0.023408436146	-0.00374112321306	-0.00956299460525	-0.048672748053	0.00161061868646	-0.0259790966292	0.0024979723351	-0.0121131256608	-0.0936308009421
k__Bacteria;p__Bacteroidetes;c__Bacteroidia;o__Bacteroidales;f__Bacteroidaceae;g__Bacteroides;s__Bacteroides_cellulosilyticus	-0.0188509111534	0.0267811748518	0.00304414459686	-0.0295433188155	-0.038323168788	-0.00156858667567	-0.0186909665964	-0.0132265056481	0.0559358028564	-0.0289010078946	-0.111706994168	-0.0181687873008	1.0	0.00261149570508	0.0584313910925	0.0431226354041	-0.0298295232312	0.00876384085489	-0.0327492263546	-0.00513625807165	0.0190709868354	-0.00352111844212	-0.0141820695764	0.0291620682946	-0.0107114582824	-0.0503394500874	-0.0121343027173	0.046181739205	0.052473164292	0.0333082900294	0.0249660354186	0.0138997806638	-0.0227883120371	0.0147284831524	-0.0153154882089	0.0340084340183	-0.0118929201196	-0.053962847839	-0.0202832915901	-0.0507581422474	0.0132891541904	-0.00206230299978	0.0414132940195	0.0200958977574	0.0225155191785	0.00958444701548	-0.0301978333484	-0.0488738514818	-0.023893864671	0.0106417193901	-0.0213285304404	0.023646446448	-0.0452128574385	-0.0411250381994	-0.0122841813494	-0.0136439259549	0.0350479794863	-0.0192196709327	-0.0413713091516
k__Bacteria;p__Bacteroidetes;c__Bacteroidia;o__Bacteroidales;f__Rikenellaceae;g__Alistipes;s__Alistipes_obesi	-0.0274356259302	-0.00605942153786	0.0155719200889	0.00968775346494	-0.0760351253358	-0.014303708146	-0.0133060442957	-0.0232029678472	-0.0241881285434	-0.00144416403289	-0.0104054270909	-0.0643628181341	0.00261149570508	1.0	-0.0227166294534	0.00631965977061	0.0720300922484	0.015600075325	0.0450343768618	-0.0409136989571	0.0134376499498	0.0101733950875	-0.0335723782459	-0.0197062552426	-0.00861774550334	0.0169424742685	-0.0470305786289	-0.0233554201542	0.0312261179965	-0.028135953895	0.0676919632157	0.0119652269918	-0.000977959369352	0.0272957966585	0.00562979246249	-0.0362903235576	-0.0226563150002	0.025888507219	-0.00130324754307	0.0346387398335	0.0148672955739	-0.0531414416846	0.0222996898713	-0.0302772092135	0.000460834910237	-0.0221792870103	-0.0644776428189	-0.00235901207203	-0.0486914202831	0.0197150811189	0.00184850551721	0.0510275705074	0.0256513658092	0.012486520258	-0.00145257031064	0.0251533928302	-0.0153588940765	-0.0267732376871	0.042695632367
k__Bacteria;p__Firmicutes;c__Clostridia;o__Clostridiales;f__Lachnospiraceae;g__;s__[Eubacterium]_rectale	-0.030655041648	-0.00527540374297	0.0218704349987	0.00420150899093	-0.00271296956665	-0.066620321731	0.0322809690334	0.0365255787754	0.0464331284077	-0.00286718584244	-3.68315401639e-05	-0.0790192603323	0.0584313910925	-0.0227166294534	1.0	-0.0269063575056	-0.0258102759443	0.0491378838931	-0.0211442193717	0.0266060772724	-0.0374977271202	-0.00589756459123	-0.00404783237589	0.0105118026527	0.0113049423219	-0.060303702642	-0.00753387819888	0.0253380110961	-0.0011612224825	-0.048650703662	-0.0145824380848	0.0323097195779	-0.0334348549262	-0.0246819491612	0.0113239076932	0.0197405316591	0.0233920119838	-0.00590869847487	-0.0195045353546	-0.0329064406498	-0.0411869095418	-0.0343107755305	-0.0643548984825	0.00148376119928	-0.00166119490174	0.0111932357499	0.0374576911901	0.0316091758485	-0.0611022300774	0.0098964263839	0.00213473917625	-0.0177830735901	-0.0113613024523	-0.0549302837766	0.0330278221384	0.0442581139223	-0.0305834772628	0.00548383651712	0.0589411193923
k__Bacteria;p__Bacteroidetes;c__Bacteroidia;o__Bacteroidales;f__Bacteroidaceae;g__Bacteroides;s__Bacteroides_plebeius	-0.0755742543147	-0.000584960650406	0.0545117026384	-0.00600143067589	-0.060646545864	-0.00444127160126	-0.00271001291886	-0.0467246041652	0.0134756834244	0.00409926454219	-0.0726034749141	0.0589727867247	0.0431226354041	0.00631965977061	-0.0269063575056	1.0	-0.0106785684737	-0.00651958445147	0.0127449657832	0.0187341198745	-0.0193872235901	-0.084405677588	0.00693792983784	-0.00587893336337	0.00575506557511	-0.00955763712708	-0.0535848527673	0.0200325204245	0.00488878924609	-0.0355761757652	-0.00126945442666	-0.00677683765304	-0.000672501735702	0.0238910629178	-0.00745359399793	-0.052595936955	-0.00819605420673	-0.0573234515307	-0.0364348607043	0.0185954266876	0.0153449676434	0.00600409273052	-0.0289519959445	-0.067200522873	0.0202887218782	0.00584125829722	0.0490009183156	-0.0344408567935	0.0183017692431	-0.0058295615741	-0.00607252214751	0.00182259242699	-0.0177047355347	-0.0161941642366	0.0426332626302	0.0102608974385	-0.0164030002842	0.0165404607295	0.0605929882972
k__Bacteria;p__Bacteroidetes;c__Bacteroidia;o__Bacteroidales;f__Bacteroidaceae;g__Bacteroides;s__Bacteroides_fragilis	0.0186115773201	0.0383532584937	-0.0475351258037	-0.0500477892837	-0.0155416897664	0.0262019626431	-0.0295595227022	-0.0229188393367	0.0528720546825	0.0283108934	0.0184984780106	-0.0412038094875	-0.0298295232312	0.0720300922484	-0.0258102759443	-0.0106785684737	1.0	-0.0246398257115	-0.0416385088021	0.0109097057461	-0.0297903966669	-0.00218899590813	-0.00286736887897	0.0305842081228	-0.00959368057311	-0.0525988781598	-0.0386958317822	-0.00794804150284	-0.0139343777459	0.0006036809314	0.0290517568887	-0.0328294359898	0.000826041323181	0.0245906988825	-0.0298291751358	-0.0350565796746	0.0358035245762	0.055149276055	0.00875507378224	-0.00440660773973	-0.0184547401515	-0.0221313567256	-0.0128771895373	-0.00817660595501	-0.0719074063553	-0.0548145360091	0.027037029089	-0.00522152452884	0.00543965482894	0.0377924943362	-0.0566169165205	0.0205197902795	-0.0013841947574	-0.0275858629815	-0.0157885743648	0.0158699791135	-0.00621407209149	0.0174280838485	-0.0408069686919
k__Bacteria;p__Proteobacteria;c__Betaproteobacteria;o__Burkholderiales;f__Sutterellaceae;g__Sutterella;s__Sutterella_wadsworthensis	0.0058993214826	0.0489093808987	0.0161982457389	0.0298958397554	0.0014352966375	-0.0097673362701	-0.00241638436511	-0.0247676359688	-0.0314394850498	-0.0562894043993	-0.0284052482559	0.0188786021951	0.00876384085489	0.015600075325	0.0491378838931	-0.00651958445147	-0.0246398257115	1.0	0.0520684445193	-0.0244713138497	-0.0313180401015	0.0231768308541	-0.0122010872981	0.0029955324014	-0.00256546368233	-0.0184741756151	-0.0505136766907	-0.0562174657098	0.00307091186414	-0.00268243480889	0.0171954535926	0.0266687036546	-0.00156445941493	0.0181502155327	-0.0475330287363	-0.0160361009095	-0.0718994693422	0.0226834248265	-0.0454292654063	-0.0334855782469	-0.0189786891683	-0.032909201082	0.0232099955433	-0.0428733148446	-0.0553655361861	-0.0217865672842	0.0321591344078	-0.0373600008182	-0.0203899729538	-0.0184792613499	-0.00688415293706	0.0408432861799	0.0416195128156	-0.0245734624263	-0.0366279781049	-0.0158756704043	0.0051629874759	0.0169278361123	-0.0204215973313
k__Bacteria;p__Bacteroidetes;c__Bacteroidia;o__Bacteroidales;f__Porphyromonadaceae;g__Barnesiella;s__Barnesiella_intestinihominis	0.000612217057679	-0.0298921836357	-0.00619483632916	0.0150104205143	0.0303645451795	-0.060129523522	-0.0266605284798	-0.000708298983127	-0.060548256542	-0.0252210732271	0.0123891993506	0.00888613912985	-0.0327492263546	0.0450343768618	-0.0211442193717	0.0127449657832	-0.0416385088021	0.0520684445193	1.0	0.0366462453717	-0.00919056619843	-0.0127305808869	-0.0434983836867	-0.0366129354165	0.00690874339223	-0.0549406468191	-0.00182159453082	0.102077192676	0.0425757361752	-0.0358240489216	-0.00622654380604	0.0594977765954	0.0351256499161	-0.0573993841754	0.019042168646	-0.0385593350673	-0.0137361106446	-0.0550399772745	0.00405504771901	-0.00291711120568	0.0351173395208	-0.0323632574755	-0.0226438073672	0.0658894757402	0.0356369961679	0.000271226786177	-0.0410689289269	-0.00659336102521	-0.00620942089963	-0.0138694372351	-0.0131241319698	-0.0499846743751	-0.0332305495497	0.0206896127863	-0.0730362588724	0.0215411740163	0.0286552557647	-0.0505260789123	0.0216972753423
k__Bacteria;p__Bacteroidetes;c__Bacteroidia;o__Bacteroidales;f__Odoribacteraceae;g__Odoribacter;s__Odoribacter_splanchnicus	-0.0224457425623	0.0255084752106	-0.00636658834118	-0.0230744862918	0.0647532922519	0.0304706839282	-0.0259402005166	0.0108889155039	-0.00888502903036	-0.0411424807919	-0.0723040107954	0.0216920255929	-0.00513625807165	-0.0409136989571	0.0266060772724	0.0187341198745	0.0109097057461	-0.0244713138497	0.0366462453717	1.0	0.0385600039744	-0.0232751969886	-0.0412751594535	-0.0433011706179	0.0106124059523	-0.0312767317596	0.00921095817313	-0.0150555147637	0.0257945029918	0.0672505706619	-0.021159052872	-0.0450937488575	0.0300489512004	0.0149949757746	-0.000295174839123	0.040592977683	-0.0205627336702	-0.0341183980698	0.0519638459426	-0.0147285814491	-0.0299666343595	-0.0162800080857	0.0492010886889	0.0348178305217	0.0220204796556	0.0208030913902	-0.0588154989363	-0.0279103663683	0.0534291333215	-0.0386710736913	0.00976050867822	0.00161050935927	-0.0518053399304	0.0151748657786	-0.0152550850466	0.0105755267228	-0.0491042222873	-0.0124128216489	-0.014843353205
k__Bacteria;p__Bacteroidetes;c__Bacteroidia;o__Bacteroidales;f__Bacteroidaceae;g__Bacteroides;s__Bacteroides_salyersiae	0.0275753907743	-0.0591303572773	-0.0308357350855	0.0196729205916	-0.0271177355445	-0.00240518466737	0.00888254961998	-0.0113023358281	0.0229853628451	-0.0306687471065	0.00136582079927	-0.0334380382186	0.0190709868354	0.0134376499498	-0.0374977271202	-0.0193872235901	-0.0297903966669	-0.0313180401015	-0.00919056619843	0.0385600039744	1.0	-0.0152755212834	-0.0690989810529	0.00521218000104	0.0134879023591	0.0366680710558	-0.000407591779766	0.00941256586295	-0.00494451641155	0.00396346240721	-0.0371536691741	-0.000647234112499	0.0127104556256	-0.00696387237244	-0.0411503267757	0.0102894963523	-0.0309444725803	0.0322186395898	-0.00100973184019	-0.0320027950688	-0.0545567065658	-0.0054606283293	0.0151522341962	-0.0102264176371	-0.0030769726005	-0.0410587395489	-0.0355156262844	0.0268859534623	0.0290242633838	0.070694998502	-0.015665772777	0.0416424539529	-0.0516996079289	-0.0357787830998	0.0201073517355	-0.00182198059593	0.0102737716118	-0.0140789772421	0.0314157708027
k__Bacteria;p__Firmicutes;c__Clostridia;o__Clostridiales;f__Ruminococcaceae;g__Ruminiclostridium;s__[Eubacterium]_siraeum	-0.0163714470709	-0.0510584638329	-0.0369587332302	0.00020663443706	-0.0421161928792	0.0381507017731	-0.0336810439022	-0.0214489958834	-0.00366593287043	-0.020268569098	-0.00570514927607	-0.00462895418646	-0.00352111844212	0.0101733950875	-0.00589756459123	-0.084405677588	-0.00218899590813	0.0231768308541	-0.0127305808869	-0.0232751969886	-0.0152755212834	1.0	-0.035494657953	-0.0372917953417	-0.012833818055	0.00513266937968	-0.0271949093973	-0.0446376278251	-0.0235316186553	-0.0654191742511	-0.0151218959206	-0.00401177647603	0.0347915386528	0.0200906924754	-0.0329250114266	-0.0576966543819	0.00372207140647	-0.00435703633258	-0.0307414041492	0.0219800990209	-0.0260606066818	0.010587739572	0.0274535559637	0.0503028959086	-0.0175141027111	0.0266572178796	-0.0183505539616	0.00737126941929	-0.0235025645885	-0.02095504316	0.0328742792058	-0.0267084946957	0.00223194349027	-0.0433787367737	-0.0126660429765	0.00758633042069	0.0280608452488	0.0518261883121	0.044356708041
k__Bacteria;p__Proteobacteria;c__Betaproteobacteria;o__Burkholderiales;f__Sutterellaceae;g__Parasutterella;s__Parasutterella_excrementihominis	0.0113805648764	-0.0476551183781	-0.00570723556984	-0.0531544025271	0.0309688836694	0.0026457818655	0.0248792037523	-0.00208317092279	0.0124237889916	-0.0532125368883	-0.0490970424594	0.0269856429898	-0.0141820695764	-0.0335723782459	-0.00404783237589	0.00693792983784	-0.00286736887897	-0.0122010872981	-0.0434983836867	-0.0412751594535	-0.0690989810529	-0.035494657953	1.0	-0.0233094441395	-0.00463080120002	-0.0367438868383	0.0188552620815	-0.0172168684654	0.0277473086782	-8.67154886025e-05	0.0169720545195	-0.0131626523421	0.0382767777254	0.0451724885844	-0.042774320155	-0.0127569922732	-0.00540211179993	-0.00573431153626	-0.00783082054671	-0.0129003515085	-0.0204178466597	0.00016625571335	0.0218624668148	-0.0293332242884	-0.00765060365234	0.0570549250713	-0.079057888481	0.0468223860558	0.0105359130591	0.0590998509622	-0.021284293356	-0.0403831516397	0.012295444581	-0.00622498717969	-0.0298128655272	0.0333863639601	-0.043273029662	0.0119013889817	-0.0300336990224
k__Bacteria;p__Actinobacteria;c__Actinobacteria;o__Bifidobacteriales;f__Bifidobacteriaceae;g__Bifidobacterium;s__Bifidobacterium_adolescentis	0.0098062762247	0.0614307375634	0.00344987573177	0.0273070405786	0.000527210140309	-0.00320070430329	-0.0775705360234	0.0467068451632	0.00431542563392	0.0128077709459	-0.0551365671128	-0.0474534535944	0.0291620682946	-0.0197062552426	0.0105118026527	-0.00587893336337	0.0305842081228	0.0029955324014	-0.0366129354165	-0.0433011706179	0.00521218000104	-0.0372917953417	-0.0233094441395	1.0	0.025156695448	0.0183092926689	0.0358121557446	0.0213095500357	-0.0184888502716	-0.000904242132362	0.0349241675242	-0.053955139128	-0.0117210823488	0.00686141345516	-0.0444292430465	0.00616378145711	-0.0489955624466	0.0113478478137	-0.00104542035866	-0.0190220275468	-0.0239800571885	0.0419847416294	0.00415241429331	0.0193584817281	0.0268338237962	0.037112029865	-0.073723855742	0.0140907328708	0.0536034732837	-0.00392940725553	0.0196755439088	-0.0262914434505	-0.00297913725682	-0.0156832787102	0.014090849407	0.0296228978951	0.0129820622517	-0.00806770101092	-0.0536978068353
k__Bacteria;p__Firmicutes;c__Clostridia;o__Clostridiales;f__Oscillospiraceae;g__Oscillibacter;s__Oscillibacter_sp._KLE_1745	0.00629041515847	-0.0260691174962	-0.0492070756153	-0.0225723318769	-0.0106877541038	-0.0102390532662	0.0449150326668	0.0316516723811	0.0252383889681	0.0240415247444	-0.0520419051734	-0.0156297945698	-0.0107114582824	-0.00861774550334	0.0113049423219	0.00575506557511	-0.00959368057311	-0.00256546368233	0.00690874339223	0.0106124059523	0.0134879023591	-0.012833818055	-0.00463080120002	0.025156695448	1.0	-0.00251022805007	0.00304307026002	0.0197772531805	-0.00262183278221	0.019468589029	-0.0333721805672	-0.0345948044524	-0.0334472573201	-0.0135563017146	-0.0511682493882	0.00605202339979	-0.0520504536065	-0.0208238526383	0.00391402126453	-0.0506312577711	0.000600179462431	-0.01305608369	-0.0407867840333	0.00922930284829	0.0112409698928	0.0464274806935	-0.00900592908431	0.0149082776065	-0.0234484758086	-0.0112548604697	-0.00343304728177	0.0419764538338	0.0188380416277	-0.00960645267551	8.64422460756e-05	0.00739314383675	-0.0354937236754	-0.00689830905465	-0.0370144877002
k__Bacteria;p__Bacteroidetes;c__Bacteroidia;o__Bacteroidales;f__Bacteroidaceae;g__Bacteroides;s__Bacteroides_coprophilus	0.00296029129734	0.0324399034223	0.0276537281395	0.0116595163679	-0.0058507805224	-0.0163894291218	-0.0135394770245	0.0182818324472	0.0467418693864	-0.00686921959439	-0.0263722908272	-0.0412842359689	-0.0503394500874	0.0169424742685	-0.060303702642	-0.00955763712708	-0.0525988781598	-0.0184741756151	-0.0549406468191	-0.0312767317596	0.0366680710558	0.00513266937968	-0.0367438868383	0.0183092926689	-0.00251022805007	1.0	-0.00965190631253	0.0128830340587	-0.0383589552103	0.00964618038321	-0.00613761984805	-0.0230125995005	-0.0179092990184	-0.0407773589729	0.0449540751486	0.0118319875257	-0.00369317408998	-0.0553488582363	0.0540680723003	0.0210262695875	0.00994729095054	0.00631037593693	0.00907800237759	-0.0146523827887	-0.0143143964	-0.0857850226482	0.0109761247672	-0.0295455123732	0.00672769978591	-0.0271595182839	-0.056413113872	0.037866730982	-0.0241794086416	0.0094854507362	0.0478338650479	-0.0446840145754	-0.0177944640095	-0.00131672503826	0.0180164570653
k__Bacteria;p__Firmicutes;c__Clostridia;o__Clostridiales;f__Lachnospiraceae;g__Roseburia;s__Roseburia_intestinalis	0.0393047475481	-0.0134033887428	-0.0220984261668	0.0180370197672	-0.0495925488858	-0.0326555472734	-0.00690172223518	-0.00556923326831	-0.0463487709925	-0.0295636508787	0.013860665517	-0.0079195867669	-0.0121343027173	-0.0470305786289	-0.00753387819888	-0.0535848527673	-0.0386958317822	-0.0505136766907	-0.00182159453082	0.00921095817313	-0.000407591779766	-0.0271949093973	0.0188552620815	0.0358121557446	0.00304307026002	-0.00965190631253	1.0	0.0145130949588	-0.0368604079111	-0.0115103488305	-0.0412576251381	-0.0337502709927	0.00733978637381	-0.0273543916447	-0.0131659125226	-0.0311087719691	-0.0222924460867	-0.0235131338757	0.0520405775338	-0.0211821339068	-0.033193314405	-0.0424581397799	-0.0263898112457	0.0266239874383	-0.0344499374322	-0.0035371928545	0.0219540246372	0.00964095301066	0.0122324025948	-0.031410142809	0.0223622714783	0.00317013366387	0.0290581471861	0.0252123208768	-0.0101139329993	-0.0118708647468	0.0279798878161	0.0195475028275	-0.000965882580608
k__Bacteria;p__Firmicutes;c__Clostridia;o__Clostridiales;f__Lachnospiraceae;g__Roseburia;s__Roseburia_hominis	-0.0421844764878	0.00282639754565	-0.0423387449913	-0.0204586892654	0.00146818009228	0.0315831451505	0.039179641309	0.00284744118859	-0.018696750375	-0.00680612517517	-0.0676968706282	0.036917785551	0.046181739205	-0.0233554201542	0.0253380110961	0.0200325204245	-0.00794804150284	-0.0562174657098	0.102077192676	-0.0150555147637	0.00941256586295	-0.0446376278251	-0.0172168684654	0.0213095500357	0.0197772531805	0.0128830340587	0.0145130949588	1.0	-0.0158865305671	-0.016776470972	-0.0660339208223	-0.0215249290058	-0.00654715181069	0.0244359852732	-0.0302907770454	-0.00628728520873	0.049922568064	-0.0553609391651	0.0181404450572	-0.0513590377814	-0.0089219234483	-0.000356568023178	0.0159244365855	-0.0302462128714	-0.0312484564383	-0.0155937484703	-0.00816719233717	0.0309480171164	-0.0423812032626	0.0318375079048	0.0105787498287	-0.025017145906	-0.00717432782896	0.0201539327111	-0.0286921538986	0.0125287320584	0.00408608513312	-0.00799364441133	-0.049537269191
k__Bacteria;p__Bacteroidetes;c__Bacteroidia;o__Bacteroidales;f__Porphyromonadaceae;g__Parabacteroides;s__Parabacteroides_johnsonii	0.0322961926671	0.0453231832217	0.00569934037444	0.0199264143724	0.0152139444616	-0.0902850821376	0.0131285197961	-0.00812137192188	-0.0148808118648	-0.0138986019858	-0.0168358029986	0.0199324806161	0.052473164292	0.0312261179965	-0.0011612224825	0.00488878924609	-0.0139343777459	0.00307091186414	0.0425757361752	0.0257945029918	-0.00494451641155	-0.0235316186553	0.0277473086782	-0.0184888502716	-0.00262183278221	-0.0383589552103	-0.0368604079111	-0.0158865305671	1.0	-0.043541340902	0.000293417237715	-0.00770871620425	-0.0312424214505	-0.0132607545422	0.00207934117861	0.0334792362013	0.0144438205607	-0.00155227827676	-0.022033807082	-0.0258593495385	-0.0117054122862	-0.0231984968947	-0.00408694908909	-0.00101653862778	-0.0323681900613	0.022797284728	-0.00646482927463	0.00919247326869	-0.00315365932543	-0.0191721151107	-0.0561236163538	-0.0468036928462	0.0150290970122	-0.0136688203324	-0.0655238434561	-0.0225242936924	0.0546165524358	-0.00700624106904	-0.0455996009668
