#taxonomy	k__Bacteria;p__Bacteroidetes;c__Bacteroidia;o__Bacteroidales;f__Bacteroidaceae;g__Bacteroides;s__Bacteroides_vulgatus	k__Bacteria;p__Bacteroidetes;c__Bacteroidia;o__Bacteroidales;f__Bacteroidaceae;g__Bacteroides;s__Bacteroides_uniformis	k__Bacteria;p__Bacteroidetes;c__Bacteroidia;o__Bacteroidales;f__Rikenellaceae;g__Alistipes;s__Alistipes_putredinis	k__Bacteria;p__Bacteroidetes;c__Bacteroidia;o__Bacteroidales;f__Prevotellaceae;g__Prevotella;s__Prevotella_copri	k__Bacteria;p__Bacteroidetes;c__Bacteroidia;o__Bacteroidales;f__Bacteroidaceae;g__Bacteroides;s__Bacteroides_stercoris	k__Bacteria;p__Bacteroidetes;c__Bacteroidia;o__Bacteroidales;f__Bacteroidaceae;g__Bacteroides;s__Bacteroides_ovatus	k__Bacteria;p__Bacteroidetes;c__Bacteroidia;o__Bacteroidales;f__Rikenellaceae;g__Alistipes;s__Alistipes_shahii	k__Bacteria;p__Firmicutes;c__Clostridia;o__Clostridiales;f__Ruminococcaceae;g__Faecalibacterium;s__Faecalibacterium_prausnitzii	k__Bacteria;p__Bacteroidetes;c__Bacteroidia;o__Bacteroidales;f__Rikenellaceae;g__Alistipes;s__Alistipes_finegoldii	k__Bacteria;p__Bacteroidetes;c__Bacteroidia;o__Bacteroidales;f__Porphyromonadaceae;g__Parabacteroides;s__Parabacteroides_distasonis	k__Bacteria;p__Bacteroidetes;c__Bacteroidia;o__Bacteroidales;f__Bacteroidaceae;g__Bacteroides;s__Bacteroides_thetaiotaomicron	k__Bacteria;p__Bacteroidetes;c__Bacteroidia;o__Bacteroidales;f__Bacteroidaceae;g__Bacteroides;s__Bacteroides_coprocola	k__Bacteria;p__Bacteroidetes;c__Bacteroidia;o__Bacteroidales;f__Bacteroidaceae;g__Bacteroides;s__Bacteroides_cellulosilyticus	k__Bacteria;p__Bacteroidetes;c__Bacteroidia;o__Bacteroidales;f__Rikenellaceae;g__Alistipes;s__Alistipes_obesi	k__Bacteria;p__Firmicutes;c__Clostridia;o__Clostridiales;f__Lachnospiraceae;g__;s__[Eubacterium]_rectale	k__Bacteria;p__Bacteroidetes;c__Bacteroidia;o__Bacteroidales;f__Bacteroidaceae;g__Bacteroides;s__Bacteroides_plebeius	k__Bacteria;p__Bacteroidetes;c__Bacteroidia;o__Bacteroidales;f__Bacteroidaceae;g__Bacteroides;s__Bacteroides_fragilis	k__Bacteria;p__Proteobacteria;c__Betaproteobacteria;o__Burkholderiales;f__Sutterellaceae;g__Sutterella;s__Sutterella_wadsworthensis	k__Bacteria;p__Bacteroidetes;c__Bacteroidia;o__Bacteroidales;f__Porphyromonadaceae;g__Barnesiella;s__Barnesiella_intestinihominis	k__Bacteria;p__Bacteroidetes;c__Bacteroidia;o__Bacteroidales;f__Odoribacteraceae;g__Odoribacter;s__Odoribacter_splanchnicus	k__Bacteria;p__Bacteroidetes;c__Bacteroidia;o__Bacteroidales;f__Bacteroidaceae;g__Bacteroides;s__Bacteroides_salyersiae	k__Bacteria;p__Firmicutes;c__Clostridia;o__Clostridiales;f__Ruminococcaceae;g__Ruminiclostridium;s__[Eubacterium]_siraeum	k__Bacteria;p__Proteobacteria;c__Betaproteobacteria;o__Burkholderiales;f__Sutterellaceae;g__Parasutterella;s__Parasutterella_excrementihominis	k__Bacteria;p__Actinobacteria;c__Actinobacteria;o__Bifidobacteriales;f__Bifidobacteriaceae;g__Bifidobacterium;s__Bifidobacterium_adolescentis	k__Bacteria;p__Firmicutes;c__Clostridia;o__Clostridiales;f__Oscillospiraceae;g__Oscillibacter;s__Oscillibacter_sp._KLE_1745	k__Bacteria;p__Bacteroidetes;c__Bacteroidia;o__Bacteroidales;f__Bacteroidaceae;g__Bacteroides;s__Bacteroides_coprophilus	k__Bacteria;p__Firmicutes;c__Clostridia;o__Clostridiales;f__Lachnospiraceae;g__Roseburia;s__Roseburia_intestinalis	k__Bacteria;p__Firmicutes;c__Clostridia;o__Clostridiales;f__Lachnospiraceae;g__Roseburia;s__Roseburia_hominis	k__Bacteria;p__Bacteroidetes;c__Bacteroidia;o__Bacteroidales;f__Porphyromonadaceae;g__Parabacteroides;s__Parabacteroides_johnsonii	k__Bacteria;p__Actinobacteria;c__Actinobacteria;o__Bifidobacteriales;f__Bifidobacteriaceae;g__Bifidobacterium;s__Bifidobacterium_longum	k__Bacteria;p__Firmicutes;c__Clostridia;o__Clostridiales;f__;g__Flavonifractor;s__Flavonifractor_plautii	k__Bacteria;p__Firmicutes;c__Clostridia;o__Clostridiales;f__Clostridiaceae;g__Clostridium;s__Clostridium_phoceensis	k__Bacteria;p__Verrucomicrobia;c__Verrucomicrobiae;o__Verrucomicrobiales;f__Akkermansiaceae;g__Akkermansia;s__Akkermansia_muciniphila	k__Bacteria;p__Bacteroidetes;c__Bacteroidia;o__Bacteroidales;f__Prevotellaceae;g__Paraprevotella;s__Paraprevotella_xylaniphila	k__Bacteria;p__Firmicutes;c__Clostridia;o__Clostridiales;f__Ruminococcaceae;g__Ruminococcus;s__Ruminococcus_callidus	k__Bacteria;p__Bacteroidetes;c__Bacteroidia;o__Bacteroidales;f__Rikenellaceae;g__Alistipes;s__Alistipes_senegalensis	k__Bacteria;p__Firmicutes;c__Clostridia;o__Clostridiales;f__Lachnospiraceae;g__Blautia;s__Blautia_sp._KLE_1732	k__Bacteria;p__Bacteroidetes;c__Bacteroidia;o__Bacteroidales;f__Bacteroidaceae;g__Bacteroides;s__Bacteroides_oleiciplenus	k__Bacteria;p__Firmicutes;c__Clostridia;o__Clostridiales;f__Ruminococcaceae;g__Ruminococcus;s__Ruminococcus_bicirculans	k__Bacteria;p__Bacteroidetes;c__Bacteroidia;o__Bacteroidales;f__Bacteroidaceae;g__Bacteroides;s__Bacteroides_fluxus	k__Bacteria;p__Bacteroidetes;c__Bacteroidia;o__Bacteroidales;f__Prevotellaceae;g__Prevotella;s__Prevotella_stercorea	k__Bacteria;p__Firmicutes;c__Clostridia;o__Clostridiales;f__Lachnospiraceae;g__Dorea;s__Dorea_longicatena	k__Bacteria;p__Firmicutes;c__Clostridia;o__Clostridiales;f__Eubacteriaceae;g__Eubacterium;s__[Eubacterium]_eligens	k__Bacteria;p__Firmicutes;c__Clostridia;o__Clostridiales;f__Ruminococcaceae;g__;s__Ruminococcaceae_bacterium_D16	k__Bacteria;p__Firmicutes;c__Clostridia;o__Clostridiales;f__Lachnospiraceae;g__Coprococcus;s__Coprococcus_comes	k__Bacteria;p__Proteobacteria;c__Gammaproteobacteria;o__Enterobacterales;f__Enterobacteriaceae;g__Escherichia;s__Escherichia_coli	k__Bacteria;p__Firmicutes;c__Clostridia;o__Clostridiales;f__Ruminococcaceae;g__Anaerotruncus;s__Anaerotruncus_colihominis	k__Bacteria;p__Firmicutes;c__Clostridia;o__Clostridiales;f__Lachnospiraceae;g__Blautia;s__Blautia_obeum	k__Bacteria;p__Bacteroidetes;c__Bacteroidia;o__Bacteroidales;f__Odoribacteraceae;g__Odoribacter;s__Odoribacter_laneus	k__Bacteria;p__Firmicutes;c__Clostridia;o__Clostridiales;f__Ruminococcaceae;g__Ruminiclostridium;s__[Clostridium]_leptum	k__Bacteria;p__Bacteroidetes;c__Bacteroidia;o__Bacteroidales;f__Porphyromonadaceae;g__Parabacteroides;s__Parabacteroides_goldsteinii	k__Bacteria;p__Firmicutes;c__Clostridia;o__Clostridiales;f__Lachnospiraceae;g__Anaerostipes;s__Anaerostipes_hadrus	k__Bacteria;p__Firmicutes;c__Clostridia;o__Clostridiales;f__Ruminococcaceae;g__Ruminococcus;s__Ruminococcus_lactaris	k__Bacteria;p__Firmicutes;c__Clostridia;o__Clostridiales;f__Clostridiaceae;g__Clostridium;s__Clostridium_sp._L2-50	k__Bacteria;p__Firmicutes;c__Clostridia;o__Clostridiales;f__Clostridiaceae;g__Clostridium;s__Clostridium_sp._M62/1	k__Bacteria;p__Firmicutes;c__Clostridia;o__Clostridiales;f__;g__Intestinimonas;s__Intestinimonas_butyriciproducens	k__Bacteria;p__Actinobacteria;c__Actinobacteria;o__Bifidobacteriales;f__Bifidobacteriaceae;g__Bifidobacterium;s__Bifidobacterium_bifidum	k__Bacteria;p__Firmicutes;c__Negativicutes;o__Veillonellales;f__Veillonellaceae;g__Dialister;s__Dialister_invisus	k__Bacteria;p__Bacteroidetes;c__Bacteroidia;o__Bacteroidales;f__Bacteroidaceae;g__Bacteroides;s__Bacteroides_salanitronis
k__Bacteria;p__Bacteroidetes;c__Bacteroidia;o__Bacteroidales;f__Bacteroidaceae;g__Bacteroides;s__Bacteroides_vulgatus	1.0	-0.0274018593808	-0.0098150387763	-0.00390886471903	-0.0304182263192	-0.0335954577004	-0.00490934848844	-0.00986395125842	0.00927425165115	-0.0516569754689	0.0142163446862	0.00208676556859	0.00782282231792	0.00465197700567	0.0117065341509	0.0337560596937	0.0480492454335	-0.00112210480336	-0.0447767752389	-0.0513280948461	0.0355671268101	0.029632754312	0.00527358998957	-0.0223643993354	0.0389165008611	-0.0924693913682	-0.0393659487041	-0.0380293105197	0.0494943082475	0.0134545957707	-0.04217142579	-0.0686287152821	0.0499158485205	0.0144626826191	0.0112193470464	-0.0214031201267	0.031914311637	0.00226493739743	-0.0201430810756	-0.0100319171351	0.00117570909159	-0.0103803747953	-0.00500466671986	0.0584015058154	0.0256455478624	0.0268987203675	0.0111963574849	-0.0458441485148	-0.0830922279468	-0.0660142609652	0.0130358558249	0.0494079170364	-0.00359526158363	-0.0240376673527	-0.0325601082146	-0.0218325378721	0.0109670747316	-0.0281441091765	-0.0450629942722
k__Bacteria;p__Bacteroidetes;c__Bacteroidia;o__Bacteroidales;f__Bacteroidaceae;g__Bacteroides;s__Bacteroides_uniformis	-0.0274018593808	1.0	0.0228583370005	-0.0230696539125	0.0340206551149	0.00725101251236	0.0418086134459	0.0277448385831	-0.00830685074714	-0.0106296629676	0.0526239728657	-0.023330931681	0.0459019790821	0.0259950408689	-0.0411618384524	-0.0263949497569	0.0433264146132	-0.00292617780481	0.00951875441442	-0.00673191302192	0.00174522691682	-0.0231395701721	0.0048087558137	-0.0400788148519	0.0356852296358	-0.0480708800775	-0.032793809269	0.0270290931356	-0.0179946336904	-0.0274964777163	0.0261606147429	0.074572933482	-0.0582248220777	0.0210827029316	-0.00535183898401	0.0583724553537	-0.00662129325299	0.0372172803561	-0.0204936465644	-0.0542575425771	0.0270042168684	-0.0571060306698	-0.0447528608228	-0.0440137615996	0.0543602049125	-0.0088434579935	0.0260356913962	-0.0768343435011	-0.0702462387449	0.0306183405979	-0.015195916605	0.0284241405194	-0.02573701519	-0.0191063418939	-0.0023964855231	0.00723050302809	-0.0406157763066	-0.0184873053708	-0.0327122357033
k__Bacteria;p__Bacteroidetes;c__Bacteroidia;o__Bacteroidales;f__Rikenellaceae;g__Alistipes;s__Alistipes_putredinis	-0.0098150387763	0.0228583370005	1.0	-0.0176047706336	-0.0349865348746	-0.0275267582682	0.0432088308479	0.0334664395222	-0.0146899297603	0.0135603912206	0.00828554367169	-0.00102193488468	0.000386532934571	-0.0447665501179	-0.0319280707454	0.027990443064	-0.0712271482468	-0.0133522988172	0.0265257773476	-0.0198426979884	-0.0108959092523	0.0346470748215	0.00613398203957	-0.0200192045643	0.0525766025362	-0.0136538407767	-0.00593276373924	-0.00508063862738	0.0153770758615	-0.055411894321	-0.0356937834651	-0.0304869625597	-0.00643053639702	0.00597381854038	0.0556213068761	0.041646073064	-0.0190098534336	0.0290663187511	-0.017168932661	0.06828445806	0.0118481369045	-0.029306546034	-0.0289988398304	-0.0615704746512	-0.0269245393441	-0.0140796702715	0.0215078794804	-0.00861013849574	-0.0305917927857	0.0200834868967	0.0473008609392	-0.0511413047592	-0.00822309970123	-0.0336984122968	-0.0362191009817	-0.000283547313812	0.0178214276703	0.0539030166466	0.002887144767
k__Bacteria;p__Bacteroidetes;c__Bacteroidia;o__Bacteroidales;f__Prevotellaceae;g__Prevotella;s__Prevotella_copri	-0.00390886471903	-0.0230696539125	-0.0176047706336	1.0	0.0408552939847	-0.063434428031	-0.0455078165576	0.00339903454654	-0.0219853178968	-0.0182491849981	0.016256428059	-0.0305106046627	-0.00471909049237	-0.0126547303993	0.020800207917	0.0266300334735	-0.00879321876621	0.00253854704441	-0.00889387013346	-0.0669399890082	-0.036161157144	0.0375783258839	-0.0126759952236	-0.00418141872894	-0.057141213809	0.0200526057392	0.0321618077366	-0.0448002212099	0.00998064061658	0.0268169972947	0.0323364333796	-0.0338282027869	0.00253217496407	0.0280357468931	-0.01514941375	0.0050511402025	-0.0741765614299	-0.0231592571757	-0.0218353078764	0.0207175106799	-0.0248537937316	0.0324862766575	-0.021736911253	-0.0635865877413	0.0277276533032	0.00755427185884	0.0594198749185	-0.0125174682864	-0.0340643990583	0.0025314094451	-0.00127375556251	0.00407183649332	0.00698634174239	0.00371444351842	-0.0191899939525	-0.0214108309851	0.0145197456746	0.00521518020076	-0.0187713013706
k__Bacteria;p__Bacteroidetes;c__Bacteroidia;o__Bacteroidales;f__Bacteroidaceae;g__Bacteroides;s__Bacteroides_stercoris	-0.0304182263192	0.0340206551149	-0.0349865348746	0.0408552939847	1.0	0.0127205987726	-0.0342697531262	0.0251586902782	0.0450007231922	-0.0282276136346	-0.00984342118388	0.0254624970015	0.0266889607298	-0.0166990491894	-0.0484456336617	0.0114273717858	-0.0578011471522	-0.018881479619	0.00493171033125	0.016229846714	-0.037631021389	-0.0469103969149	0.0121290933142	-0.0123333869836	0.0397079792705	0.0151234407215	-0.0262880992363	0.00398661771408	-0.0620695792419	-0.00334621310271	-0.0151568467025	0.00623790136274	-0.0181861013621	-0.0325810313099	0.0260759156086	-0.0042635208034	-0.0076757962695	-0.00570908227412	0.0429486360067	-0.0172048910178	-0.0363081843545	0.00191906879363	-0.0526677716009	0.0316688916964	0.0489769454809	-0.0387312771776	0.022511458277	-0.00467968588462	0.0152669600154	0.0263573612831	0.0310639368687	-0.0560888485625	0.0196050492188	-0.0822904746176	-0.00747900954227	-0.0136069633329	0.0383811849789	-0.00916063858863	-0.0336437607779
k__Bacteria;p__Bacteroidetes;c__Bacteroidia;o__Bacteroidales;f__Bacteroidaceae;g__Bacteroides;s__Bacteroides_ovatus	-0.0335954577004	0.00725101251236	-0.0275267582682	-0.063434428031	0.0127205987726	1.0	-0.0295241542245	0.00996479633883	-0.0456471635813	-0.060873690247	-0.0527440268219	0.0120996524724	-0.0484462082551	-0.00794806347574	0.0431830460716	-0.0687467818175	-0.0766533589976	-0.031425405169	-0.00801166074704	0.0633332140351	-0.0372794163955	-0.000984944578634	-0.00519623332413	0.0043886009893	0.0247838760199	-0.0736777161102	0.0555113675706	0.0214817400645	-0.0156285574907	0.0284441156368	0.0454312244812	-0.0254398032286	-0.00851874922099	0.0159065403436	0.00700296529908	-0.0116054952581	-0.00657930966256	-0.0050544438717	0.0218268317483	-0.0108183568116	-0.00404047735675	0.028930237158	0.029778025881	-0.007068041664	-0.0686192354522	-0.0212353732732	0.0118115816954	-0.00812757404217	-0.0368299093295	0.0307173058153	-0.0222671930264	-0.0354606790154	0.00974207482033	0.0169563840733	0.01916564495	-0.00213779473579	0.031212554973	0.0148354167983	0.0226121056724
k__Bacteria;p__Bacteroidetes;c__Bacteroidia;o__Bacteroidales;f__Rikenellaceae;g__Alistipes;s__Alistipes_shahii	-0.00490934848844	0.0418086134459	0.0432088308479	-0.0455078165576	-0.0342697531262	-0.0295241542245	1.0	0.00499355618932	-0.00208296077544	-0.0120960424693	-0.00806980974983	0.0282588747833	-0.0193215848056	-0.0126501339142	-0.0185080761696	-0.0682104218074	0.0346120928661	-0.000211053230539	-0.0727745890341	-0.0561808943888	0.0531333276522	-0.0401212885888	-0.00217000418295	-0.0168629491608	0.0332771835394	-0.0278822237603	-0.0125197615474	-0.0605296200612	-0.00676298233035	-0.0659833929822	-0.0386923987172	0.00978628074872	0.000808263039849	-0.0269731635244	-0.0246311605588	-0.0349911794273	-0.0547361067654	-0.043837563381	-0.0101390759177	0.0390816074659	0.0224401275314	-0.0113458121654	0.0184339321982	0.0188058569848	0.0100358973013	0.0367529832292	0.0221982816202	0.0339409845085	-0.0093542774709	0.0367414186934	0.00438151257013	-0.0434072772595	-0.00759516900196	-0.0121145035904	-0.0205857259432	0.0456956271946	-0.0139496409815	0.0309160406601	-0.0547525791755
k__Bacteria;p__Firmicutes;c__Clostridia;o__Clostridiales;f__Ruminococcaceae;g__Faecalibacterium;s__Faecalibacterium_prausnitzii	-0.00986395125842	0.0277448385831	0.0334664395222	0.00339903454654	0.0251586902782	0.00996479633883	0.00499355618932	1.0	-0.0234580921237	0.00612286462664	-0.0225506318284	0.0665427742838	-0.0124929446404	-0.0127257731362	0.0365181884434	0.0144450434637	-0.0275253555837	0.0295617644715	-0.0239417971362	-0.072355199021	0.00167226618652	0.0591872103804	0.0401061459712	-0.0597305652692	0.0111447860605	-0.00600834137794	0.0564909345211	-0.0417395722237	-0.0422922735543	-0.0332846601575	-0.014092974408	0.0451253134398	0.0146155586071	-0.0258428921799	-0.00878456457882	-0.0474550494177	-0.0634370559664	0.0112454826664	-0.00369054964003	0.0253070329997	-0.00190867326306	-0.0108316243265	-0.0664641784486	-0.00391514817137	-0.0177093217688	-0.0325683397705	-0.0134773629644	0.0587052660228	-0.0353104268206	0.00606420475775	-0.0476741733564	0.00794724865369	-0.0351805115128	-0.0139200372695	0.0744801928996	-0.0179111064722	-0.0670718277421	-0.0103928643641	0.00467007557427
k__Bacteria;p__Bacteroidetes;c__Bacteroidia;o__Bacteroidales;f__Rikenellaceae;g__Alistipes;s__Alistipes_finegoldii	0.00927425165115	-0.00830685074714	-0.0146899297603	-0.0219853178968	0.0450007231922	-0.0456471635813	-0.00208296077544	-0.0234580921237	1.0	-0.0421257081808	0.0287462420979	-0.000409801583833	-0.0385663422787	-0.00171513867975	-0.0653101855618	-0.0126782191212	-0.0103734371009	0.0590051136777	-0.0530635096376	0.0395116008084	0.0308505678217	-0.0311867110902	-0.0517318474592	0.0462944899911	0.0135160302402	0.00253695749582	-0.0195918921428	-0.0043057628224	-0.0542644531633	-0.0200722675116	-0.0341982111933	0.0076844505457	-0.0312787411575	0.0178198903352	-0.0372705046727	0.00706793094782	0.0250092669739	0.0039976565064	-0.0351140080235	0.0371038064767	-0.0247370025244	-0.0220610220838	0.0470161243882	0.0652691148564	0.0175930776569	0.0514733585638	-0.0611366777811	0.00990772715974	0.0144828200883	-0.00253218189709	0.0156734130805	-0.0266142677819	-0.0275019160135	0.0171522364284	0.00548404277357	0.0333665489302	0.000855663400251	-0.00879798777082	-0.00865035190784
k__Bacteria;p__Bacteroidetes;c__Bacteroidia;o__Bacteroidales;f__Porphyromonadaceae;g__Parabacteroides;s__Parabacteroides_distasonis	-0.0516569754689	-0.0106296629676	0.0135603912206	-0.0182491849981	-0.0282276136346	-0.060873690247	-0.0120960424693	0.00612286462664	-0.0421257081808	1.0	0.0194993061961	0.0263221789135	0.000987790061213	-0.000467241269817	-0.00375575645482	-0.0238940565851	-0.025981382877	0.0301849693548	-0.0685905660936	-0.0261976664505	-0.00843593799566	-0.00459194510499	-0.0330169778559	-0.0193973321702	0.0383320662799	0.0220305089219	0.00399550021602	-0.0692038464838	0.0360438920713	-0.0555580872661	-0.0553830928638	0.0099060068575	-0.0101886395568	-0.0366008627484	-0.0219388823497	0.058606976133	-0.0113409661874	0.0448603302266	0.0185153631536	-0.0262195741678	0.0268350730988	0.0100817501318	-0.0651028513619	-0.0176680469257	-0.0670467663989	-0.0128934709543	-0.0313271923026	0.0150911215958	0.0327173576456	0.0371047160134	0.0278515365786	0.0817317510119	-0.04829970767	0.0053024222455	0.00165557482813	0.00690587717677	0.000466267504663	0.00433266614509	-0.082898868976
k__Bacteria;p__Bacteroidetes;c__Bacteroidia;o__Bacteroidales;f__Bacteroidaceae;g__Bacteroides;s__Bacteroides_thetaiotaomicron	0.0142163446862	0.0526239728657	0.00828554367169	0.016256428059	-0.00984342118388	-0.0527440268219	-0.00806980974983	-0.0225506318284	0.0287462420979	0.0194993061961	1.0	-0.0335801151632	0.0287400681336	0.0336538615254	-0.00657151462869	-0.0381520022114	0.0664067511863	0.00744811939286	0.0406186463239	0.0475112381832	0.0190230819912	0.00902156219064	-0.0388274549368	0.00203138823704	-0.0166550755011	-0.0505733273723	-0.0261515309069	-0.0192503869983	0.00842492097751	-0.0101149913029	0.00985441155072	0.0115508234575	0.0493043315465	-0.0116499034716	-0.00621142451313	-0.0176009388309	-0.0528636236221	-0.032397198058	-0.0124566876289	-0.0107802728996	-0.0354542359526	0.0126343519061	0.0204874677656	-0.0525282808537	-0.010021161842	-0.0155897223064	0.0175224449037	0.0152810186778	0.0448138775585	-0.00919672129008	0.0245723452577	0.0024108566125	0.0516544822485	0.0103281490706	-0.0904243877866	-0.0250367148852	0.0162038736767	-0.0286988856858	-0.0159618448683
k__Bacteria;p__Bacteroidetes;c__Bacteroidia;o__Bacteroidales;f__Bacteroidaceae;g__Bacteroides;s__Bacteroides_coprocola	0.00208676556859	-0.023330931681	-0.00102193488468	-0.0305106046627	0.0254624970015	0.0120996524724	0.0282588747833	0.0665427742838	-0.000409801583833	0.0263221789135	-0.0335801151632	1.0	0.0064926224589	-0.0457086667233	0.0502891024588	0.00956003254553	0.00214291029904	0.0673550487724	0.0134656981919	-0.0291076485528	-0.0608793056351	-0.0355822047555	0.0373370899618	0.02069244142	-0.030485126024	-0.00349802929697	-0.00143599146156	-0.0115117798444	-0.0346797579393	0.0408917488007	0.0412790051899	-0.103865595235	0.0140372335266	-0.0355874090819	0.0133926215792	-0.00561586382205	0.0209296330541	-0.0287350663252	-0.0499133120382	0.0245244613294	-0.00956884505306	0.00454052721287	-0.0157492600529	-0.0183804601369	-0.015996520479	0.0041360725069	-0.00160159676156	-0.0428384158811	-0.0274014761594	-0.0264247612297	-0.0109389567534	-0.0450406416413	-0.00924436040667	-0.0366561707315	-0.0172196567646	-0.00108933145483	-0.0133605446009	-0.00638715669679	0.0280922011094
k__Bacteria;p__Bacteroidetes;c__Bacteroidia;o__Bacteroidales;f__Bacteroidaceae;g__Bacteroides;s__Bacteroides_cellulosilyticus	0.00782282231792	0.0459019790821	0.000386532934571	-0.00471909049237	0.0266889607298	-0.0484462082551	-0.0193215848056	-0.0124929446404	-0.0385663422787	0.000987790061214	0.0287400681336	0.0064926224589	1.0	-0.00290597910519	-0.0444033602035	-0.0446142101474	0.0101402989722	0.0235166619499	-0.0709935671587	-1.47814149239e-05	0.0137414918823	-0.00336703905538	-0.0196796048851	0.045933039897	-0.0406321902182	0.00562611411085	-0.00744425401	0.0147248643692	-0.0576552055773	-0.0356158755769	-0.00783574157627	0.0642376815675	0.0207170986393	0.0165677489636	-0.0768177848851	0.0125342282668	0.0615332015745	0.026734596521	-0.0223961220651	0.00217039201682	-0.0127576287882	-0.0485307070471	-0.045534119133	-0.0293792372943	-0.00225591955209	-0.0415308373466	-0.0207184032428	-0.00369123380376	0.00355321575304	0.00812005303208	0.0534471930515	-0.0160396242564	-0.0091249975027	0.00556634589388	0.0148203960007	-0.0445926822479	-0.00797429836623	0.0394659597486	0.0138701960015
k__Bacteria;p__Bacteroidetes;c__Bacteroidia;o__Bacteroidales;f__Rikenellaceae;g__Alistipes;s__Alistipes_obesi	0.00465197700567	0.0259950408689	-0.0447665501179	-0.0126547303993	-0.0166990491894	-0.00794806347574	-0.0126501339142	-0.0127257731362	-0.00171513867975	-0.000467241269817	0.0336538615254	-0.0457086667233	-0.00290597910519	1.0	-0.00474145430318	0.0260730486826	0.0074293283196	0.0450923721935	-0.00542683646868	-0.0151340069537	-0.0515543776723	0.0172327560989	-0.0673400911266	-0.0462311814388	-0.0523269192932	-0.0490272067307	-0.0244712350304	0.0211174635751	0.0109187809363	0.0340911476286	-0.0692940035622	-0.00978313154922	-0.00240170780237	0.0183362531804	0.0206643294771	0.00539472974658	-0.00157540534787	0.0310293906412	0.0617565768795	-0.0111741571855	0.0312366203243	-0.0171299209698	-0.0435293750817	-0.0257870522657	-0.0528380578272	0.0229277432454	-0.0379517754078	-0.054134854188	0.0103494480982	-0.0154281575985	-0.022784335721	0.0284147057229	-0.0453022906873	0.0394158367984	-0.0119413593036	0.0427320924705	-0.00152951826811	-0.0115710273359	-0.0087087021887
k__Bacteria;p__Firmicutes;c__Clostridia;o__Clostridiales;f__Lachnospiraceae;g__;s__[Eubacterium]_rectale	0.0117065341509	-0.0411618384524	-0.0319280707454	0.020800207917	-0.0484456336617	0.0431830460716	-0.0185080761696	0.0365181884434	-0.0653101855618	-0.00375575645482	-0.00657151462869	0.0502891024588	-0.0444033602035	-0.00474145430318	1.0	0.0187754469892	-0.0299574183713	-0.0110477195727	0.0155166184055	0.00413023364095	0.013808919787	-0.0453664596854	-0.0489322901052	0.0853625046213	-0.0522244565456	0.0611166175932	-0.0223255446282	-0.00238654578471	-0.0146033713142	-0.00589478553147	0.0297661133216	0.027268663183	0.042280571438	-0.0254957634428	-0.0457571860003	-0.0258773601701	-0.0142273908341	-0.0392966462677	0.0263115393175	0.000348180132766	0.0080520635327	0.0308683547823	-0.0318195926581	0.0188853259661	-0.0256671663277	0.00808782402138	0.00457462853359	-0.000706936372175	0.00605104622787	-0.0059829134812	0.0287852416691	0.0171488301611	-0.0128256704067	0.0179950064521	-0.0244978367691	-0.0289252106562	-0.0779147503103	-0.0135120783355	0.0450207058768
k__Bacteria;p__Bacteroidetes;c__Bacteroidia;o__Bacteroidales;f__Bacteroidaceae;g__Bacteroides;s__Bacteroides_plebeius	0.0337560596937	-0.0263949497569	0.027990443064	0.0266300334735	0.0114273717858	-0.0687467818175	-0.0682104218074	0.0144450434637	-0.0126782191212	-0.0238940565851	-0.0381520022114	0.00956003254553	-0.0446142101474	0.0260730486826	0.0187754469892	1.0	-0.00801602806407	-0.00362701635224	-0.0446692176475	-0.00267065003608	-0.0916155048675	0.0169679095557	-0.000324547370256	-0.0428746733702	-0.0413262620457	0.00500980977655	0.00180854243162	0.00722156727269	0.0217120246126	0.01410894728	-0.037623615686	0.0178584725731	0.0308639434368	-0.0898095447111	0.00397141802129	0.0430601178196	0.0439339368959	0.00457088037883	0.0146550582841	0.00957359606899	-0.0365694169226	-0.00405091671852	0.0190735203698	0.0209314963656	0.00438325746837	-0.053307105442	0.0465462452532	-0.00161229698617	-0.0414387721647	-0.0411770296742	-0.0731337128609	0.00799190622499	0.0082629372385	-0.0349611600416	0.0578379752657	-0.0460826580721	0.0338608068125	-0.0822889073016	-0.0393395313563
k__Bacteria;p__Bacteroidetes;c__Bacteroidia;o__Bacteroidales;f__Bacteroidaceae;g__Bacteroides;s__Bacteroides_fragilis	0.0480492454335	0.0433264146132	-0.0712271482468	-0.00879321876621	-0.0578011471522	-0.0766533589976	0.0346120928661	-0.0275253555837	-0.0103734371009	-0.025981382877	0.0664067511863	0.00214291029904	0.0101402989722	0.0074293283196	-0.0299574183713	-0.00801602806407	1.0	0.0178942486982	0.0120395526088	-0.053904853584	0.015485151403	-0.00738998522518	0.00255850291422	-0.03408799049	-0.0459576627058	-0.0427510442854	0.0147784969901	0.0599391479463	0.0322232430069	-0.0907522561087	-0.00724427238931	-0.0883485102055	0.0246830808731	0.0292882237645	-0.0482995524065	-0.0217861191005	-0.0101588784537	0.0961380686346	-0.0144600581802	0.00319140064448	0.0423264677716	0.00598500359076	-0.0237402220965	0.0320342542252	0.0360989023594	0.0322468872877	-0.0301336650845	-0.0497927044646	0.0546743784999	-0.0106178947387	-0.102716668772	0.00294680381999	-0.0207941653215	0.0312607364759	-0.0192741764654	0.00668241997051	0.00449734127514	-0.0837123442268	-0.0162500976472
k__Bacteria;p__Proteobacteria;c__Betaproteobacteria;o__Burkholderiales;f__Sutterellaceae;g__Sutterella;s__Sutterella_wadsworthensis	-0.00112210480336	-0.00292617780481	-0.0133522988172	0.00253854704441	-0.018881479619	-0.031425405169	-0.000211053230539	0.0295617644715	0.0590051136777	0.0301849693548	0.00744811939286	0.0673550487724	0.0235166619499	0.0450923721935	-0.0110477195727	-0.00362701635224	0.0178942486982	1.0	0.0526647873182	-0.00387490881835	0.00532530738396	-0.0077529133083	0.0070535905787	0.00688334184922	-0.0204452240336	-0.00308411904285	-0.0116090166705	-0.0116775620029	0.0142954093891	-0.0116167399121	-0.0347777534089	0.0513689634265	0.0631616883707	0.00804654190419	-0.02056179432	-0.0141925855343	0.0458780058835	0.0162707380528	-0.000890469795265	0.0257331614591	-0.073910283508	-0.0492646876191	0.0152569752564	-0.0169061696614	-0.0249239536254	-0.0396300666426	-0.0235423330856	-0.000528382910764	-0.0491815543488	-0.012529654468	-0.0167852383633	-0.0605383960666	-0.00457974690678	-0.019955748938	-0.005619409587	-0.0268420699104	-0.0272730509714	0.0124106398419	0.0324319534144
k__Bacteria;p__Bacteroidetes;c__Bacteroidia;o__Bacteroidales;f__Porphyromonadaceae;g__Barnesiella;s__Barnesiella_intestinihominis	-0.0447767752389	0.00951875441442	0.0265257773476	-0.00889387013346	0.00493171033125	-0.00801166074704	-0.0727745890341	-0.0239417971362	-0.0530635096376	-0.0685905660936	0.0406186463239	0.0134656981919	-0.0709935671587	-0.00542683646868	0.0155166184055	-0.0446692176475	0.0120395526088	0.0526647873182	1.0	-0.00737840288773	-0.016990252146	0.0164272578947	0.00288522834403	-0.012154497854	-0.00968368804566	0.0303315528474	0.0259445524279	-0.0362314263895	-0.0267529033568	-0.054822045479	0.0174484649115	-0.00735552344736	-0.00924548315833	-0.0315156821721	0.00273709966855	-0.040514652063	-0.0182215872216	-0.00546360972781	0.0242026510172	0.0350863520514	0.000915374990079	-0.0174556762565	0.00686316280522	0.00524433196763	-0.0442229510825	0.0272204554907	-0.0222001018383	-0.0335856570543	0.0207685457868	0.0442137900197	-0.0546784441682	-0.0157987226855	0.0155944053779	-0.0584162688258	-0.00363178139461	0.00347221907924	-0.00662431864644	-0.0284464473271	0.0202130386566
k__Bacteria;p__Bacteroidetes;c__Bacteroidia;o__Bacteroidales;f__Odoribacteraceae;g__Odoribacter;s__Odoribacter_splanchnicus	-0.0513280948461	-0.00673191302192	-0.0198426979884	-0.0669399890082	0.016229846714	0.0633332140351	-0.0561808943888	-0.072355199021	0.0395116008084	-0.0261976664505	0.0475112381832	-0.0291076485528	-1.47814149238e-05	-0.0151340069537	0.00413023364095	-0.00267065003608	-0.053904853584	-0.00387490881835	-0.00737840288773	1.0	0.0471660306941	0.0272085820442	0.0942868694348	-0.0580640248023	0.0536333585129	-0.00257353424944	-0.0227109609562	-0.0479847427217	0.0244514306072	-0.0551832192787	-0.029003313561	-0.0273894212655	0.0264279216609	-0.0357849503226	-0.00164171004613	0.0512202816374	-0.0579538225997	-0.0575427532737	-0.000337748301589	-0.0441709926278	-0.00969393619718	-0.0061132980306	-0.0308292322391	-0.0157655944109	-0.0578013196922	-0.0640038576062	0.00551721737963	-0.00242207272961	0.00954693658749	-0.0116180777384	0.0437801537391	-0.0137962200564	-0.0224539633734	-0.0301653955339	0.00875001553321	0.0172155855665	0.0541837823965	-0.0307737173257	-0.011585072281
k__Bacteria;p__Bacteroidetes;c__Bacteroidia;o__Bacteroidales;f__Bacteroidaceae;g__Bacteroides;s__Bacteroides_salyersiae	0.0355671268101	0.00174522691682	-0.0108959092523	-0.036161157144	-0.037631021389	-0.0372794163955	0.0531333276522	0.00167226618652	0.0308505678217	-0.00843593799566	0.0190230819912	-0.0608793056351	0.0137414918823	-0.0515543776723	0.013808919787	-0.0916155048675	0.015485151403	0.00532530738396	-0.016990252146	0.0471660306941	1.0	-0.0147543948205	0.0145816366818	0.0119101051699	-0.0188380144734	0.0232679131511	0.0360733145936	-0.0252483052688	-0.0248838583378	-0.0437266371554	0.0075416886907	0.0528762483169	-0.0422192836894	0.00806389501763	0.00678107363904	0.0164051054917	-0.00614096605291	-0.0194501750911	-0.0237975329693	-0.00741448512971	-0.028731539986	-0.00236260205302	-0.0023325027684	0.0135963914211	0.0257361136261	0.00849902065802	-0.0586140913439	-0.000382715443036	-0.0707406242066	0.00687419250008	0.0790626534804	0.0501627633921	-0.0316617478221	-0.0134211834125	-0.00704374429256	-0.0503235680093	0.0290747466605	-0.00416114737935	0.000250494072752
k__Bacteria;p__Firmicutes;c__Clostridia;o__Clostridiales;f__Ruminococcaceae;g__Ruminiclostridium;s__[Eubacterium]_siraeum	0.029632754312	-0.0231395701721	0.0346470748215	0.0375783258839	-0.0469103969149	-0.000984944578634	-0.0401212885888	0.0591872103804	-0.0311867110902	-0.00459194510499	0.00902156219064	-0.0355822047555	-0.00336703905538	0.0172327560989	-0.0453664596854	0.0169679095557	-0.00738998522518	-0.0077529133083	0.0164272578947	0.0272085820442	-0.0147543948205	1.0	-0.089837964044	-0.000578171862918	-0.0421987338749	-0.00287889062078	0.0140486075174	-0.0482522105186	0.0217497047799	0.0246154283272	-0.0246119173238	-0.0348695936385	-0.0117662030185	0.0201333528779	0.0410298114032	-0.00134509844878	0.00127292576645	0.0174826584482	0.00499126781096	-0.0708452342933	0.018381177564	-0.0511081191613	-0.0197155071496	0.0069416521947	-0.0189300445399	0.0385292088969	-0.0351577858986	-0.00308939954797	0.0195208484685	-0.0905567815593	0.0208199967113	-0.0292524617428	0.0102325710006	-0.0349034723883	0.0174550440683	-0.0248629585385	0.0141603733241	0.000449681885185	-0.0264007231202
k__Bacteria;p__Proteobacteria;c__Betaproteobacteria;o__Burkholderiales;f__Sutterellaceae;g__Parasutterella;s__Parasutterella_excrementihominis	0.00527358998957	0.0048087558137	0.00613398203957	-0.0126759952236	0.0121290933142	-0.00519623332413	-0.00217000418295	0.0401061459712	-0.0517318474592	-0.0330169778559	-0.0388274549368	0.0373370899618	-0.0196796048851	-0.0673400911266	-0.0489322901052	-0.000324547370256	0.00255850291422	0.0070535905787	0.00288522834403	0.0942868694348	0.0145816366818	-0.089837964044	1.0	-0.020800445009	0.00304061296621	-0.00119956800884	0.00212088709922	-0.0288431502174	-0.00948011739523	0.0165853132442	0.0112633452086	-0.00183008699998	-0.0599619020754	-0.0312224844928	0.0746521803291	-0.0195247931488	0.0622957970492	-0.00894325239785	-0.0345908563587	-0.0202786914994	-0.0462483001579	-0.0545332430266	0.0115244592145	0.0100116487604	-0.0439321020001	0.0121858676565	-0.00409314047695	-0.0135304279493	-0.000439151866724	0.0136184436592	0.0317460695019	0.0105877719164	0.0218126954898	0.00310774162134	-0.0760358083095	0.00240810714608	0.0508189880911	-0.0478498322637	-0.0260643742956
k__Bacteria;p__Actinobacteria;c__Actinobacteria;o__Bifidobacteriales;f__Bifidobacteriaceae;g__Bifidobacterium;s__Bifidobacterium_adolescentis	-0.0223643993354	-0.0400788148519	-0.0200192045643	-0.00418141872894	-0.0123333869836	0.0043886009893	-0.0168629491608	-0.0597305652692	0.0462944899911	-0.0193973321702	0.00203138823704	0.02069244142	0.045933039897	-0.0462311814388	0.0853625046213	-0.0428746733702	-0.03408799049	0.00688334184922	-0.012154497854	-0.0580640248023	0.0119101051699	-0.000578171862918	-0.020800445009	1.0	-0.0282956083798	0.0587219165392	-0.00537380474594	0.0463276908146	-0.0594026889492	0.0686526112303	0.0341903361961	-0.0270600833687	-0.00575682554799	-0.0714478055905	-0.00259473522017	0.0427367587552	0.0309241670242	-0.0742316152287	0.00461450042197	0.00894407124899	0.032338410139	0.0462109270822	-0.0294024168964	-0.0216540919416	-0.0194921967241	-0.0232245621548	-0.00892307287352	-0.021451241784	-0.0715062391494	0.0365198426625	-0.00855480660161	0.00375384229232	-0.00688470023209	-0.0244149100782	-0.0342813370314	-0.0511856466833	-0.000868453798846	-0.010341258704	0.0224414538687
k__Bacteria;p__Firmicutes;c__Clostridia;o__Clostridiales;f__Oscillospiraceae;g__Oscillibacter;s__Oscillibacter_sp._KLE_1745	0.0389165008611	0.0356852296358	0.0525766025362	-0.057141213809	0.0397079792705	0.0247838760199	0.0332771835394	0.0111447860605	0.0135160302402	0.0383320662799	-0.0166550755011	-0.030485126024	-0.0406321902182	-0.0523269192932	-0.0522244565456	-0.0413262620457	-0.0459576627058	-0.0204452240336	-0.00968368804566	0.0536333585129	-0.0188380144734	-0.0421987338749	0.00304061296621	-0.0282956083798	1.0	-0.0325499495007	-0.0158345381259	-0.0673779197035	-0.00785821540958	0.0143655157777	0.00984890845545	0.00469651956464	-0.0106240143955	-0.0498178496207	0.0119937326191	0.038106870979	-0.0528122460337	-0.0904142083233	-0.0311462905309	-0.0128721146265	0.0115896280771	-0.0645210896983	-0.0255100963387	0.0417090362596	0.00825689513769	-0.0519263883391	-0.038550290703	0.0110703447523	0.0271997074197	0.087733954928	-0.0341771429833	0.00510997541143	-0.00279503485234	0.0213091557376	-0.0618069429137	0.0728012141839	-0.0125123123205	-0.00480039088897	0.0707631488843
k__Bacteria;p__Bacteroidetes;c__Bacteroidia;o__Bacteroidales;f__Bacteroidaceae;g__Bacteroides;s__Bacteroides_coprophilus	-0.0924693913682	-0.0480708800775	-0.0136538407767	0.0200526057392	0.0151234407215	-0.0736777161102	-0.0278822237603	-0.00600834137794	0.00253695749582	0.0220305089219	-0.0505733273723	-0.00349802929697	0.00562611411085	-0.0490272067307	0.0611166175932	0.00500980977655	-0.0427510442854	-0.00308411904285	0.0303315528474	-0.00257353424944	0.0232679131511	-0.00287889062078	-0.00119956800884	0.0587219165392	-0.0325499495007	1.0	-0.021825487552	0.0132255194734	-0.0558579153428	0.0313043327068	0.00660710345881	-0.0248234134258	-0.0452158085884	-0.0278856245927	-0.0102341856264	-0.0545840484502	0.0203548037337	0.0473923082326	-0.0115399633725	-0.00112658836943	0.0199337085754	-0.0298322006942	0.0173401487829	-0.0255231868096	0.0120694177828	0.0200986576028	0.0332932467326	0.0207346387131	0.0137375424916	-0.00438088360267	-0.0402033040071	-0.0442139347478	0.0396067055951	0.0167471327091	-0.0205947317231	-0.0540851557082	-0.0572596785432	-0.0633568572146	-0.00822322979446
k__Bacteria;p__Firmicutes;c__Clostridia;o__Clostridiales;f__Lachnospiraceae;g__Roseburia;s__Roseburia_intestinalis	-0.0393659487041	-0.032793809269	-0.00593276373924	0.0321618077366	-0.0262880992363	0.0555113675706	-0.0125197615474	0.0564909345211	-0.0195918921428	0.00399550021602	-0.0261515309069	-0.00143599146156	-0.00744425401	-0.0244712350304	-0.0223255446282	0.00180854243162	0.0147784969901	-0.0116090166705	0.0259445524279	-0.0227109609562	0.0360733145936	0.0140486075174	0.00212088709922	-0.00537380474594	-0.0158345381259	-0.021825487552	1.0	0.0431582958288	0.0232324050074	0.0404036163437	0.0265048572807	2.22291836184e-05	-0.0109077522452	0.00659966332301	-0.00765465284778	-0.0283007845246	0.0244859180174	0.0837944308782	-0.0179344771323	0.0175284370615	-0.0268825650335	-0.00322055445205	-0.00269659720899	0.0134835603829	0.00859138434186	0.0193693024448	-0.0159892133627	-0.0680037275663	-0.0512070117003	-0.0400786826434	0.0364278622659	0.0496801081107	-0.015555315964	-0.0295004238228	0.00718773797592	-0.0120687687599	-0.004229419603	0.00150135600792	0.0446754844946
k__Bacteria;p__Firmicutes;c__Clostridia;o__Clostridiales;f__Lachnospiraceae;g__Roseburia;s__Roseburia_hominis	-0.0380293105197	0.0270290931356	-0.00508063862738	-0.0448002212099	0.00398661771408	0.0214817400645	-0.0605296200612	-0.0417395722237	-0.0043057628224	-0.0692038464838	-0.0192503869983	-0.0115117798444	0.0147248643692	0.0211174635751	-0.00238654578471	0.00722156727269	0.0599391479463	-0.0116775620029	-0.0362314263895	-0.0479847427217	-0.0252483052688	-0.0482522105186	-0.0288431502174	0.0463276908146	-0.0673779197035	0.0132255194734	0.0431582958288	1.0	0.023304080457	0.00105458092017	0.0288327586006	-0.0317034193205	0.0151441237544	0.0238399276994	-0.0319512880933	0.0580757110343	0.0208739846565	-0.0479641495527	0.0313358010591	-0.00839304541691	0.03017202562	-0.0373345256749	-0.0283907039262	-0.0075474366182	0.00516298235066	0.0446571672092	-0.0117849683113	-0.0315910291475	-0.0652510363074	-0.0670492593356	0.00257060602109	-0.00617924168918	0.0447998561415	0.0362684963493	-0.0271648989634	0.0239287238931	-0.0204751855922	0.0369334290094	-0.00724349727453
k__Bacteria;p__Bacteroidetes;c__Bacteroidia;o__Bacteroidales;f__Porphyromonadaceae;g__Parabacteroides;s__Parabacteroides_johnsonii	0.0494943082475	-0.0179946336904	0.0153770758615	0.00998064061658	-0.0620695792419	-0.0156285574907	-0.00676298233035	-0.0422922735543	-0.0542644531633	0.0360438920713	0.00842492097751	-0.0346797579393	-0.0576552055773	0.0109187809363	-0.0146033713142	0.0217120246126	0.0322232430069	0.0142954093891	-0.0267529033568	0.0244514306072	-0.0248838583378	0.0217497047799	-0.00948011739523	-0.0594026889492	-0.00785821540958	-0.0558579153428	0.0232324050074	0.023304080457	1.0	0.00447543459302	-0.0480811399874	0.061495826437	-0.0180866215455	0.0055797011539	0.0289025356447	-0.0522706930877	0.0132365399293	-0.0166525168601	0.0514198726367	0.00274752421355	0.0197756770899	-0.0170699317478	0.0112339939753	0.0143202133534	-0.00822908205804	0.0255241971116	0.00049031581512	-0.0815099062499	-0.0555920432915	-0.0521951960335	-0.0564700369215	-0.0129503866292	0.0447046246834	-0.0176982525207	-0.0171555930957	-0.014622330581	-0.0109245474171	0.00443070927792	0.000334809094097
k__Bacteria;p__Actinobacteria;c__Actinobacteria;o__Bifidobacteriales;f__Bifidobacteriaceae;g__Bifidobacterium;s__Bifidobacterium_longum	0.0134545957707	-0.0274964777163	-0.055411894321	0.0268169972947	-0.00334621310271	0.0284441156368	-0.0659833929822	-0.0332846601575	-0.0200722675116	-0.0555580872661	-0.0101149913029	0.0408917488007	-0.0356158755769	0.0340911476286	-0.00589478553147	0.01410894728	-0.0907522561087	-0.0116167399121	-0.054822045479	-0.0551832192787	-0.0437266371554	0.0246154283272	0.0165853132442	0.0686526112303	0.0143655157777	0.0313043327068	0.0404036163437	0.00105458092017	0.00447543459302	1.0	0.0101429265575	0.0389650963107	-0.0198446097332	0.01871709239	0.0269306208542	0.0273463896095	-0.0402935714398	-0.00314907879675	0.0333319108389	0.0186184010257	-0.0566707961812	-0.00810559302702	-0.0341215279455	-0.0488759738685	0.0350003662461	0.0155168212519	-0.0593166158502	0.0638031200782	-0.0175051951884	-0.052850526927	-0.0112284928197	0.0371929246623	0.019062108301	-0.0128717219669	-0.0782197291856	-0.0611226095074	-0.0461357157296	-0.0114964429456	-0.0381780892078
