#taxonomy	k__Bacteria;p__Bacteroidetes;c__Bacteroidia;o__Bacteroidales;f__Bacteroidaceae;g__Bacteroides;s__Bacteroides_vulgatus	k__Bacteria;p__Bacteroidetes;c__Bacteroidia;o__Bacteroidales;f__Bacteroidaceae;g__Bacteroides;s__Bacteroides_uniformis	k__Bacteria;p__Bacteroidetes;c__Bacteroidia;o__Bacteroidales;f__Rikenellaceae;g__Alistipes;s__Alistipes_putredinis	k__Bacteria;p__Bacteroidetes;c__Bacteroidia;o__Bacteroidales;f__Prevotellaceae;g__Prevotella;s__Prevotella_copri	k__Bacteria;p__Bacteroidetes;c__Bacteroidia;o__Bacteroidales;f__Bacteroidaceae;g__Bacteroides;s__Bacteroides_stercoris	k__Bacteria;p__Bacteroidetes;c__Bacteroidia;o__Bacteroidales;f__Bacteroidaceae;g__Bacteroides;s__Bacteroides_ovatus	k__Bacteria;p__Bacteroidetes;c__Bacteroidia;o__Bacteroidales;f__Rikenellaceae;g__Alistipes;s__Alistipes_shahii	k__Bacteria;p__Firmicutes;c__Clostridia;o__Clostridiales;f__Ruminococcaceae;g__Faecalibacterium;s__Faecalibacterium_prausnitzii	k__Bacteria;p__Bacteroidetes;c__Bacteroidia;o__Bacteroidales;f__Rikenellaceae;g__Alistipes;s__Alistipes_finegoldii	k__Bacteria;p__Bacteroidetes;c__Bacteroidia;o__Bacteroidales;f__Porphyromonadaceae;g__Parabacteroides;s__Parabacteroides_distasonis	k__Bacteria;p__Bacteroidetes;c__Bacteroidia;o__Bacteroidales;f__Bacteroidaceae;g__Bacteroides;s__Bacteroides_thetaiotaomicron	k__Bacteria;p__Bacteroidetes;c__Bacteroidia;o__Bacteroidales;f__Bacteroidaceae;g__Bacteroides;s__Bacteroides_coprocola	k__Bacteria;p__Bacteroidetes;c__Bacteroidia;o__Bacteroidales;f__Bacteroidaceae;g__Bacteroides;s__Bacteroides_cellulosilyticus	k__Bacteria;p__Bacteroidetes;c__Bacteroidia;o__Bacteroidales;f__Rikenellaceae;g__Alistipes;s__Alistipes_obesi	k__Bacteria;p__Firmicutes;c__Clostridia;o__Clostridiales;f__Lachnospiraceae;g__;s__[Eubacterium]_rectale	k__Bacteria;p__Bacteroidetes;c__Bacteroidia;o__Bacteroidales;f__Bacteroidaceae;g__Bacteroides;s__Bacteroides_plebeius	k__Bacteria;p__Bacteroidetes;c__Bacteroidia;o__Bacteroidales;f__Bacteroidaceae;g__Bacteroides;s__Bacteroides_fragilis	k__Bacteria;p__Proteobacteria;c__Betaproteobacteria;o__Burkholderiales;f__Sutterellaceae;g__Sutterella;s__Sutterella_wadsworthensis	k__Bacteria;p__Bacteroidetes;c__Bacteroidia;o__Bacteroidales;f__Porphyromonadaceae;g__Barnesiella;s__Barnesiella_intestinihominis	k__Bacteria;p__Bacteroidetes;c__Bacteroidia;o__Bacteroidales;f__Odoribacteraceae;g__Odoribacter;s__Odoribacter_splanchnicus	k__Bacteria;p__Bacteroidetes;c__Bacteroidia;o__Bacteroidales;f__Bacteroidaceae;g__Bacteroides;s__Bacteroides_salyersiae	k__Bacteria;p__Firmicutes;c__Clostridia;o__Clostridiales;f__Ruminococcaceae;g__Ruminiclostridium;s__[Eubacterium]_siraeum	k__Bacteria;p__Proteobacteria;c__Betaproteobacteria;o__Burkholderiales;f__Sutterellaceae;g__Parasutterella;s__Parasutterella_excrementihominis	k__Bacteria;p__Actinobacteria;c__Actinobacteria;o__Bifidobacteriales;f__Bifidobacteriaceae;g__Bifidobacterium;s__Bifidobacterium_adolescentis	k__Bacteria;p__Firmicutes;c__Clostridia;o__Clostridiales;f__Oscillospiraceae;g__Oscillibacter;s__Oscillibacter_sp._KLE_1745	k__Bacteria;p__Bacteroidetes;c__Bacteroidia;o__Bacteroidales;f__Bacteroidaceae;g__Bacteroides;s__Bacteroides_coprophilus	k__Bacteria;p__Firmicutes;c__Clostridia;o__Clostridiales;f__Lachnospiraceae;g__Roseburia;s__Roseburia_intestinalis	k__Bacteria;p__Firmicutes;c__Clostridia;o__Clostridiales;f__Lachnospiraceae;g__Roseburia;s__Roseburia_hominis	k__Bacteria;p__Bacteroidetes;c__Bacteroidia;o__Bacteroidales;f__Porphyromonadaceae;g__Parabacteroides;s__Parabacteroides_johnsonii	k__Bacteria;p__Actinobacteria;c__Actinobacteria;o__Bifidobacteriales;f__Bifidobacteriaceae;g__Bifidobacterium;s__Bifidobacterium_longum	k__Bacteria;p__Firmicutes;c__Clostridia;o__Clostridiales;f__;g__Flavonifractor;s__Flavonifractor_plautii	k__Bacteria;p__Firmicutes;c__Clostridia;o__Clostridiales;f__Clostridiaceae;g__Clostridium;s__Clostridium_phoceensis	k__Bacteria;p__Verrucomicrobia;c__Verrucomicrobiae;o__Verrucomicrobiales;f__Akkermansiaceae;g__Akkermansia;s__Akkermansia_muciniphila	k__Bacteria;p__Bacteroidetes;c__Bacteroidia;o__Bacteroidales;f__Prevotellaceae;g__Paraprevotella;s__Paraprevotella_xylaniphila	k__Bacteria;p__Firmicutes;c__Clostridia;o__Clostridiales;f__Ruminococcaceae;g__Ruminococcus;s__Ruminococcus_callidus	k__Bacteria;p__Bacteroidetes;c__Bacteroidia;o__Bacteroidales;f__Rikenellaceae;g__Alistipes;s__Alistipes_senegalensis	k__Bacteria;p__Firmicutes;c__Clostridia;o__Clostridiales;f__Lachnospiraceae;g__Blautia;s__Blautia_sp._KLE_1732	k__Bacteria;p__Bacteroidetes;c__Bacteroidia;o__Bacteroidales;f__Bacteroidaceae;g__Bacteroides;s__Bacteroides_oleiciplenus	k__Bacteria;p__Firmicutes;c__Clostridia;o__Clostridiales;f__Ruminococcaceae;g__Ruminococcus;s__Ruminococcus_bicirculans	k__Bacteria;p__Bacteroidetes;c__Bacteroidia;o__Bacteroidales;f__Bacteroidaceae;g__Bacteroides;s__Bacteroides_fluxus	k__Bacteria;p__Bacteroidetes;c__Bacteroidia;o__Bacteroidales;f__Prevotellaceae;g__Prevotella;s__Prevotella_stercorea	k__Bacteria;p__Firmicutes;c__Clostridia;o__Clostridiales;f__Lachnospiraceae;g__Dorea;s__Dorea_longicatena	k__Bacteria;p__Firmicutes;c__Clostridia;o__Clostridiales;f__Eubacteriaceae;g__Eubacterium;s__[Eubacterium]_eligens	k__Bacteria;p__Firmicutes;c__Clostridia;o__Clostridiales;f__Ruminococcaceae;g__;s__Ruminococcaceae_bacterium_D16	k__Bacteria;p__Firmicutes;c__Clostridia;o__Clostridiales;f__Lachnospiraceae;g__Coprococcus;s__Coprococcus_comes	k__Bacteria;p__Proteobacteria;c__Gammaproteobacteria;o__Enterobacterales;f__Enterobacteriaceae;g__Escherichia;s__Escherichia_coli	k__Bacteria;p__Firmicutes;c__Clostridia;o__Clostridiales;f__Ruminococcaceae;g__Anaerotruncus;s__Anaerotruncus_colihominis	k__Bacteria;p__Firmicutes;c__Clostridia;o__Clostridiales;f__Lachnospiraceae;g__Blautia;s__Blautia_obeum	k__Bacteria;p__Bacteroidetes;c__Bacteroidia;o__Bacteroidales;f__Odoribacteraceae;g__Odoribacter;s__Odoribacter_laneus	k__Bacteria;p__Firmicutes;c__Clostridia;o__Clostridiales;f__Ruminococcaceae;g__Ruminiclostridium;s__[Clostridium]_leptum	k__Bacteria;p__Bacteroidetes;c__Bacteroidia;o__Bacteroidales;f__Porphyromonadaceae;g__Parabacteroides;s__Parabacteroides_goldsteinii	k__Bacteria;p__Firmicutes;c__Clostridia;o__Clostridiales;f__Lachnospiraceae;g__Anaerostipes;s__Anaerostipes_hadrus	k__Bacteria;p__Firmicutes;c__Clostridia;o__Clostridiales;f__Ruminococcaceae;g__Ruminococcus;s__Ruminococcus_lactaris	k__Bacteria;p__Firmicutes;c__Clostridia;o__Clostridiales;f__Clostridiaceae;g__Clostridium;s__Clostridium_sp._L2-50	k__Bacteria;p__Firmicutes;c__Clostridia;o__Clostridiales;f__Clostridiaceae;g__Clostridium;s__Clostridium_sp._M62/1	k__Bacteria;p__Firmicutes;c__Clostridia;o__Clostridiales;f__;g__Intestinimonas;s__Intestinimonas_butyriciproducens	k__Bacteria;p__Actinobacteria;c__Actinobacteria;o__Bifidobacteriales;f__Bifidobacteriaceae;g__Bifidobacterium;s__Bifidobacterium_bifidum	k__Bacteria;p__Firmicutes;c__Negativicutes;o__Veillonellales;f__Veillonellaceae;g__Dialister;s__Dialister_invisus	k__Bacteria;p__Bacteroidetes;c__Bacteroidia;o__Bacteroidales;f__Bacteroidaceae;g__Bacteroides;s__Bacteroides_salanitronis
k__Bacteria;p__Bacteroidetes;c__Bacteroidia;o__Bacteroidales;f__Bacteroidaceae;g__Bacteroides;s__Bacteroides_vulgatus	1.0	0.0277079426035	-0.00475803513696	-0.0331357500782	0.0334676740375	-0.0303052484261	-0.0351169721146	0.0285025767875	-0.00885323143632	-0.0337271317968	-0.0206116646022	-0.0397884216369	0.0182721768039	-0.0223613350832	-0.00383662361649	0.0478207566179	-0.0292948376286	-0.02968127531	0.00211690687165	-0.0904312178096	-0.0424378031865	0.0171835500678	0.0257696220224	0.0151435530016	-0.00245294039021	0.0429316353307	-0.0225244886766	0.00581950411186	-0.0670793307267	0.0168602190222	-0.0421261928728	0.0354396733962	-0.00546709419585	-0.0221952462541	0.00367020787169	-0.0400949547849	-0.00995286065194	-0.00511870985367	-0.0913699889577	0.0190431961001	-0.00212005589919	0.00481877738153	-0.0298448895364	0.010883872791	-0.0599988248172	0.00148458691064	0.0444476244843	-0.00679523352345	0.0271613110031	-0.0418885331827	-0.0633120835659	0.00875504064696	-0.0560859891431	-0.040745948084	-0.00726964408065	-0.0145216979322	-0.0329591037085	-0.0132933788588	-0.0423441060875
k__Bacteria;p__Bacteroidetes;c__Bacteroidia;o__Bacteroidales;f__Bacteroidaceae;g__Bacteroides;s__Bacteroides_uniformis	0.0277079426035	1.0	-0.0331965099565	0.0662776740663	-0.0337217278888	-0.02804623452	0.0485767409647	-0.0175520135961	-0.00123788561136	-0.0390961578703	-0.0194088438072	-0.0474815221338	-0.00685810693182	0.0306320070887	0.0153949891285	-0.0289416560613	-0.0052456320426	-0.00467247885355	0.00984747907852	-0.0469017007426	-0.0542524871216	-0.00985318194181	0.0617425716488	-0.00702398767876	-0.0693926009679	-0.07129766068	-0.02994533162	0.0159745262377	0.00524945579418	-0.0798695858436	0.0438271353998	0.0237317719785	0.0354606256832	-0.00116657111293	-0.0550362555471	-0.0314735646029	-0.044338621384	-0.0397992003928	0.0271858804824	-0.00756597658046	0.0297049733544	-0.0585768471973	0.0240367964301	0.0499813903842	-0.0230150041148	-0.00246945989068	-0.0174721542902	-0.0784585129703	0.00141195876751	-0.00693514072518	-0.0160575575202	0.00506299575539	0.0303977709318	0.0175982239043	0.0107910145863	0.0382515338508	0.00825658924402	-0.00181141140348	0.00864430322264
k__Bacteria;p__Bacteroidetes;c__Bacteroidia;o__Bacteroidales;f__Rikenellaceae;g__Alistipes;s__Alistipes_putredinis	-0.00475803513696	-0.0331965099565	1.0	-0.0422206542579	-0.00972990145753	0.00384617200307	-0.0346239568583	0.0152707265749	0.0131233629197	-0.0261347215717	-0.0826503768127	-0.0359139106819	-0.0253596889113	-0.0196606834713	0.0181270178009	0.00237499243227	0.0240205818939	0.0265932689154	-0.0214848928879	-0.0216066863929	0.0206111971261	0.00341491168369	-0.0361156899336	-0.00834597724291	0.028539272547	-0.0159930754331	-0.0345247004058	0.0831619012283	0.000178485448626	0.0352767702948	-0.00690598049068	-0.04667622036	0.0272248673171	0.0250555860663	-0.0118677891343	-0.0153613954731	0.0149424597437	-0.0631639109696	-0.056833843617	-0.0717603161815	-0.0403619158063	0.00610642534336	-0.0299618374769	0.02444509179	0.0199396189393	0.0132289485476	-0.0204517949052	-0.00540682774131	-0.00909709215033	0.002803491764	0.0197983682347	0.0138046135814	0.00424595820903	-0.0312418700412	0.0367061809505	-0.00745289890646	-0.0137129433194	-0.0181403349795	-0.0754261523388
k__Bacteria;p__Bacteroidetes;c__Bacteroidia;o__Bacteroidales;f__Prevotellaceae;g__Prevotella;s__Prevotella_copri	-0.0331357500782	0.0662776740663	-0.0422206542579	1.0	0.101059426323	-0.00155075984819	-0.0255139871647	0.00438012503205	0.0208405672067	0.0207881692662	-0.00787510133419	-0.0210878715551	-0.0189441925405	-0.0364671343595	-0.00357552553187	-0.0359820862856	0.0436491182168	-0.0303068370858	0.0366558672126	-0.00943422672787	-0.0386590478777	-0.0287951370616	0.0286165292732	-0.0139065294538	0.00806715662583	-0.0293339635536	0.0108951721492	-0.0566574762995	-0.0470617991499	0.0139479463239	0.0116846846536	-0.0160624155653	-0.0466224389166	-0.00147294831447	0.0295865527283	0.00202091171933	0.0732163633639	-0.0389517102969	0.0338276239943	0.000563862934671	-0.0104954482282	-0.0343717355412	-0.0157417421944	0.0607392511522	0.0155825865257	-0.0716335832318	0.0203099700687	0.0126547562284	0.02589977475	0.00572290330135	-0.0646383340744	-0.0133499324055	-0.0284436131346	0.0180585307372	0.0364154727406	-0.0304796475787	-0.0288267630959	0.00638996083872	0.00894351859173
k__Bacteria;p__Bacteroidetes;c__Bacteroidia;o__Bacteroidales;f__Bacteroidaceae;g__Bacteroides;s__Bacteroides_stercoris	0.0334676740375	-0.0337217278888	-0.00972990145753	0.101059426323	1.0	-0.0140782169349	-0.0169080557082	-0.0151016500008	-0.000177417306579	-0.0240748683798	0.0143068369806	-0.0473496416145	-0.0471456531979	-0.0295683580211	-0.036515876208	0.0164067845022	-0.00409832848124	0.00989646495941	-0.00289928715438	0.00371600117862	0.0248614814692	0.0549687461664	0.036369268332	0.0220946627031	-0.0622451609956	0.00828604691448	-0.0502917851058	-0.0226957437336	-0.0326250033594	0.013299443399	0.00514356847968	-0.0145030861642	-0.03928248197	0.0611092444838	-0.0492020449125	-0.0502617166645	0.00909573468761	-0.00774993141339	0.0457762119805	-0.0267222396381	-0.00238738321974	-0.0118866400222	-0.0104219609603	-0.0436500138825	-0.0556373249853	0.000188641305512	-0.0307071567287	-0.0628443128566	0.00668594967045	0.114428654552	0.00485653500884	0.00908138916902	-0.0168547866484	0.0136553090727	0.0404919226983	0.0513561772079	-0.0277361071118	-0.0214339612299	-0.0360578042319
k__Bacteria;p__Bacteroidetes;c__Bacteroidia;o__Bacteroidales;f__Bacteroidaceae;g__Bacteroides;s__Bacteroides_ovatus	-0.0303052484261	-0.02804623452	0.00384617200307	-0.00155075984819	-0.0140782169349	1.0	-0.0326696752965	-0.0445576699573	-0.0312194473772	0.0101418052604	-0.0732873490502	-0.00728230361512	-0.0431077914202	-0.0248525749812	-0.0416853220059	-0.0273925197853	-0.0539893233536	0.0205501687015	-0.0332995952512	0.00472871737326	0.0596140002642	-0.00806257415662	0.000634205383602	0.00827950342055	-0.0228020704709	-0.0347039823971	0.0129292616584	0.0125327790266	0.00326835846866	-0.0412412429324	0.0568268754719	0.0189974591197	0.000868761347416	-0.033414872339	0.0675296394511	0.013620893803	-0.0379868187979	-0.0139451307754	-0.00605533838875	0.0189246750803	0.0167746517272	-0.0320838681247	0.0146899810689	0.0145514352278	0.00806693087299	-0.0258660092539	0.00853492988853	0.00431242022719	0.00569954917286	-0.0305185562908	-0.0160893227792	0.00210750891042	0.00677693144651	0.000515722832434	0.0253674457225	-0.0211994265489	-0.000519659564485	-0.00408614921376	-0.0422727173886
k__Bacteria;p__Bacteroidetes;c__Bacteroidia;o__Bacteroidales;f__Rikenellaceae;g__Alistipes;s__Alistipes_shahii	-0.0351169721146	0.0485767409647	-0.0346239568583	-0.0255139871647	-0.0169080557082	-0.0326696752965	1.0	0.0702801966031	0.00852863945112	-0.0206293589496	-0.0362707603859	0.00458253486208	-0.0445164641432	-0.0265717433476	-0.00368274541671	-0.018043013477	0.0555887574897	-0.0316103602531	0.00432323106491	0.0184932342115	0.000136584556204	-0.0117085322332	-0.0326635520104	-0.0318625291084	0.0044087867618	-0.0296712776224	0.0617772431467	-0.0114109511882	-0.126471118691	-0.0270157703806	-0.00347525261589	-0.00359034544065	-0.0203676985143	-0.0228227032432	-0.0619063308583	-0.0420829320809	0.00532537754085	0.00960221589893	-0.0113472026178	0.0316442811503	0.0077477789015	-0.0230028911918	-0.0114707151286	-0.0259445834148	-0.0376180615409	-0.0252523531782	-0.0422746945609	-0.0253142978336	0.0499068466254	0.01010393915	-0.0116216290012	0.0404554420155	-0.0196836021864	-0.0152432866931	0.0010834029046	0.0282553926773	-0.020207087298	-0.0180362461094	0.00681871237968
k__Bacteria;p__Firmicutes;c__Clostridia;o__Clostridiales;f__Ruminococcaceae;g__Faecalibacterium;s__Faecalibacterium_prausnitzii	0.0285025767875	-0.0175520135961	0.0152707265749	0.00438012503205	-0.0151016500008	-0.0445576699573	0.0702801966031	1.0	0.01309381488	-0.0279771024632	-0.0326295275997	0.0159156479654	-0.0403054737853	-0.0745568294848	0.0259027535995	0.022973119322	-0.0327533860237	0.0474521304173	-0.0320515092531	0.0530517887795	-0.0135355887125	-0.0211390637115	0.012675532712	-0.0407457383528	0.0846222999865	0.0374668929503	-0.0429301860841	-0.024159086833	-0.0121005933	-0.0152630026496	0.00608286946322	0.0333077557885	-0.0555351172631	0.0125715855104	-0.11392150273	0.012736692614	-0.0401606627886	0.0226754848069	0.0559246100152	-0.0380739481915	-0.00470832796699	0.0402407074779	0.0206619627956	0.0237039805181	-0.00500087957705	-0.0165037367698	0.0646297158632	0.00661807329335	0.0800220107897	-0.0432919808436	-0.0261623401825	-0.0173520279783	0.00602052682991	-0.0205404673245	0.0158125213167	0.0262632688021	-0.0251494537403	-0.0172162166082	-0.0193709467894
k__Bacteria;p__Bacteroidetes;c__Bacteroidia;o__Bacteroidales;f__Rikenellaceae;g__Alistipes;s__Alistipes_finegoldii	-0.00885323143632	-0.00123788561136	0.0131233629197	0.0208405672067	-0.000177417306579	-0.0312194473772	0.00852863945112	0.01309381488	1.0	0.028206334387	0.0408977495744	0.00660129894468	0.0131841403016	-0.0043647816376	-0.0163772486676	0.0276177198556	-0.0116381675263	0.0110987102962	-0.0283598046865	-0.0259603725169	0.03877867192	-0.0100179787737	-0.0175002511161	-0.050115065039	-0.028922034866	-0.010139900324	-0.0530122699227	-0.0253568892	-0.0229823092529	0.00893404531207	-0.0242733959616	0.0254922581119	-0.0261317774239	0.0295550873019	0.0290429651927	0.00971261495178	-0.00411519647389	-0.0131033995785	-0.0100488338979	-0.0439247087822	0.0205910392866	0.0117874798596	5.54512156952e-05	-0.00248485243706	-0.0123297229461	-0.0106816147696	0.00859876876369	-0.0230693007097	-0.0123536755034	-0.0150403094345	0.0102950585937	0.0299328074611	-0.00323696442673	-0.0190757559734	-0.0287886333753	0.00903579960055	0.0210685074086	-0.0412697633973	-0.00447621076967
k__Bacteria;p__Bacteroidetes;c__Bacteroidia;o__Bacteroidales;f__Porphyromonadaceae;g__Parabacteroides;s__Parabacteroides_distasonis	-0.0337271317968	-0.0390961578703	-0.0261347215717	0.0207881692662	-0.0240748683798	0.0101418052604	-0.0206293589496	-0.0279771024632	0.028206334387	1.0	-0.0398327188928	0.0261258347078	0.0160537342521	0.0362430727393	-0.0144929090285	-0.0586096611218	-0.0210465030903	-0.0267450526698	-0.00944857029611	0.00898214790247	0.00732345010982	0.0271516135918	-0.015755675978	-0.0564835631795	-0.00508621088784	0.0550522911251	0.00671924655181	0.0373361586256	-0.0101499165056	0.00194437190321	0.0193077375098	0.00630612241694	-0.0554713423259	-0.00708345242719	-0.0237700099119	-0.0379421871358	0.00661465323193	0.0333000472485	-0.0413280391872	0.0401905364104	-0.0150238590918	-0.0121427804523	0.0176886564065	-0.0382789758095	0.00950377347081	-0.0185387009109	-0.0119895471249	-0.0706068191639	-0.0158642869816	0.0299073300982	0.038285346631	0.00658970103623	-0.0331978573285	-0.0277536567373	-0.00939277460838	-0.0165933206353	-0.0258872255992	-0.056697963346	-0.0178550207694
k__Bacteria;p__Bacteroidetes;c__Bacteroidia;o__Bacteroidales;f__Bacteroidaceae;g__Bacteroides;s__Bacteroides_thetaiotaomicron	-0.0206116646022	-0.0194088438072	-0.0826503768127	-0.00787510133419	0.0143068369806	-0.0732873490502	-0.0362707603859	-0.0326295275997	0.0408977495744	-0.0398327188928	1.0	-0.0640611685189	0.0474762739123	-0.00618908997397	0.0342170972591	0.0124091201806	0.00342734934092	-0.0313917836491	0.0701074332508	-0.00824472672235	0.0589835873941	0.0524639429827	-0.0274431031687	0.0546259783119	-0.0170839858754	-0.0441314176313	-0.00976617428429	-0.00550457907814	0.0579545400331	-0.0128864219701	-0.0261718679354	0.00150065745783	-0.0314631485795	-0.0671790785058	0.0445761747338	0.00378863379016	-0.0185926597061	-0.0127567266843	0.0251668780076	0.016116137246	-0.0028298907583	0.000601140677563	-0.0238399361239	-0.0311704064517	-0.0163293261531	0.000333161521953	0.0216083814025	-0.0125222709529	-0.0247200475458	0.00443201854504	0.0107901251369	0.029157548038	-0.0328618380537	0.0171901614193	0.029474937316	-0.0277898774932	-0.00503470448627	0.0153986043475	-0.0300047542885
k__Bacteria;p__Bacteroidetes;c__Bacteroidia;o__Bacteroidales;f__Bacteroidaceae;g__Bacteroides;s__Bacteroides_coprocola	-0.0397884216369	-0.0474815221338	-0.0359139106819	-0.0210878715551	-0.0473496416145	-0.00728230361512	0.00458253486208	0.0159156479654	0.00660129894468	0.0261258347078	-0.0640611685189	1.0	-0.0395352609285	0.012568437309	0.046924893337	-0.0354420152685	-0.0744726113817	0.0331706028443	0.00291766007091	0.0612288619812	-0.0818919381465	0.00355006679447	-0.0584635318512	0.0506046052706	-0.0246150994994	0.0524192222359	0.0231751801601	-0.0137793163425	-0.0293911495569	0.0489346453241	-0.0490262371891	-0.0464127096638	0.0357273427601	-0.00364805602549	0.0369888259682	-0.00499476291261	0.00277789307755	0.00709164538166	-0.0412665319638	0.00817919541324	0.0214077429292	0.0653325979436	0.0190406809507	-0.048957661836	-0.00285211923294	-0.0621851744909	0.0243181502156	-0.0146624141511	-0.0277762667342	-0.0362733584255	-0.0233617048649	-0.0381503552959	-0.0626898122739	-0.000788250831323	-0.00912659026015	0.0205400192742	0.021915929317	0.0061587880491	0.033556459025
k__Bacteria;p__Bacteroidetes;c__Bacteroidia;o__Bacteroidales;f__Bacteroidaceae;g__Bacteroides;s__Bacteroides_cellulosilyticus	0.0182721768039	-0.00685810693182	-0.0253596889113	-0.0189441925405	-0.0471456531979	-0.0431077914202	-0.0445164641432	-0.0403054737853	0.0131841403016	0.0160537342521	0.0474762739123	-0.0395352609285	1.0	-0.010522346401	-0.0504810311088	0.0160355738694	-0.0302786489839	-0.0253324667066	-0.0212465296932	0.0119436203457	-0.00457366843552	0.0175489245842	0.0370717009	-0.0419253977901	-0.00326668652708	-0.0504682371973	-0.0356882555407	0.0429978261733	0.0391165830207	-0.0054214737715	-0.00562821682605	-0.0594434980563	-0.0547248119654	-0.0270247180896	0.00658121386103	0.0248488956549	0.0147863806553	0.0399771939669	0.000744673386437	0.0622823794453	0.00039417376612	-0.00218054377012	-0.0107224406112	0.00606775986672	-0.0214721766682	-0.0112099696072	0.0109408939757	-0.00966744051831	-0.00339783783686	-0.00821117238635	0.0273856358927	0.0171664330096	-0.00320874467271	0.0325433612767	-0.0432052086398	0.0154334917399	0.00383532491005	-0.0316730323863	0.0138524398057
k__Bacteria;p__Bacteroidetes;c__Bacteroidia;o__Bacteroidales;f__Rikenellaceae;g__Alistipes;s__Alistipes_obesi	-0.0223613350832	0.0306320070887	-0.0196606834713	-0.0364671343595	-0.0295683580211	-0.0248525749812	-0.0265717433476	-0.0745568294848	-0.0043647816376	0.0362430727393	-0.00618908997397	0.012568437309	-0.010522346401	1.0	-0.0360973440566	0.0247161626999	-0.0255675851066	-0.030621372387	-0.0276062806981	-0.0234938601063	0.0342906762946	-0.0100484938662	-0.0182892977801	-0.00960022848938	-0.0644089781954	0.0104103074074	-0.0115674393386	-0.00558244582402	-0.0630073153734	-0.00783346968694	-0.0178029307835	-0.0232109294126	0.0244868733564	-0.0378626026201	-0.0714845176295	0.0465245284301	-0.0241503545739	0.00592442702981	0.01919824802	0.015326881904	0.0185950332689	0.0274350892414	-0.00573620667699	-0.0105057008564	0.0328651856384	0.0116426379884	-0.00149098383902	-0.0118240934132	-0.00351843747778	-0.0127991639819	-0.0247202295786	-0.0251130426658	-0.0302751857818	-0.0171965902315	-0.0219173767946	-0.0537873148757	0.0334754318433	0.0154342699	-0.0150513689639
k__Bacteria;p__Firmicutes;c__Clostridia;o__Clostridiales;f__Lachnospiraceae;g__;s__[Eubacterium]_rectale	-0.00383662361649	0.0153949891285	0.0181270178009	-0.00357552553187	-0.036515876208	-0.0416853220059	-0.00368274541671	0.0259027535995	-0.0163772486676	-0.0144929090285	0.0342170972591	0.046924893337	-0.0504810311088	-0.0360973440566	1.0	-0.0465760520076	-0.0284999399064	0.0148832958713	0.0410733620442	0.0119816058383	0.00271185114569	0.0353423410806	-0.0423357404911	0.011352558698	0.025124356222	-0.0634837212354	-0.0257866978524	0.0345774977622	-0.00119718990255	-0.0497741705702	0.0270788419747	0.0196409193972	0.0210057553111	0.0210686944795	0.0104628930593	-0.041925912249	-0.0205989359378	0.0146016734174	0.0362544849446	-0.00617073359857	0.0584228087036	-0.0849561874754	0.0444989578946	-0.00320914587868	-0.0397832939157	-0.0278575351636	-0.0110910973662	0.0364622930146	0.00397328418479	0.00631507638015	-0.0547582727815	-0.0135794036014	-0.0515342912729	-0.0564927671273	0.0289173965249	-0.00589393159565	-0.0310373595116	-0.0393600415559	-0.000200433154085
k__Bacteria;p__Bacteroidetes;c__Bacteroidia;o__Bacteroidales;f__Bacteroidaceae;g__Bacteroides;s__Bacteroides_plebeius	0.0478207566179	-0.0289416560613	0.00237499243227	-0.0359820862856	0.0164067845022	-0.0273925197853	-0.018043013477	0.022973119322	0.0276177198556	-0.0586096611218	0.0124091201806	-0.0354420152685	0.0160355738694	0.0247161626999	-0.0465760520076	1.0	-0.0813435080723	-0.0278975304605	-0.00267674214244	-0.0413305819134	-0.0537186294991	0.027839020664	0.00311843573997	0.00962111410875	-0.0200556225876	0.00170489562464	0.0131146463521	-0.00332498303233	-0.0150493641859	0.00416046951431	-0.0540413107274	-0.00346833154719	-0.003218868206	-0.00322656768046	-0.00225669468181	-0.0504702846164	0.0631084120082	0.0107179670002	-0.0497696119542	0.0364483686613	0.00813763025728	0.0070383303711	0.076220489918	-0.0106450624696	-0.0596388732474	-0.0180925932889	-0.0278754516044	-0.0244990362631	-0.0168819762778	-0.0238175847218	0.0485984783554	0.0117904319866	-0.0232731074096	0.0172715928386	-0.0554237995298	0.00601260144337	0.0295536948761	-0.019787696449	-0.0143597422707
k__Bacteria;p__Bacteroidetes;c__Bacteroidia;o__Bacteroidales;f__Bacteroidaceae;g__Bacteroides;s__Bacteroides_fragilis	-0.0292948376286	-0.0052456320426	0.0240205818939	0.0436491182168	-0.00409832848124	-0.0539893233536	0.0555887574897	-0.0327533860237	-0.0116381675263	-0.0210465030903	0.00342734934092	-0.0744726113817	-0.0302786489839	-0.0255675851066	-0.0284999399064	-0.0813435080723	1.0	0.0139324035055	-0.0174726820642	-0.00734526917504	-0.00909374279246	-0.0214937674204	-0.00245062427574	-0.0190187739223	-0.0422017516509	0.0157685055395	0.035162913472	0.00585501206377	-0.0471996630789	-0.0352219567618	-0.0280415753946	-0.0539948791341	-0.0468771150728	0.0197419307468	0.00224743974021	0.0309297569711	0.0316607024908	0.0364331999587	-0.0176460333984	0.0470305486711	-0.0102711649921	0.012577885316	-0.0218550556445	0.0252091727082	-0.0185987206631	0.00160524312982	0.0177338338377	0.034937645293	-4.04334968655e-05	-0.0336104397491	-0.00938574766286	-0.00798464754507	-0.0164689000571	-0.00780543706896	0.0104666475865	0.0309645665753	-0.0478941090506	0.00670792260825	0.0687302438811
k__Bacteria;p__Proteobacteria;c__Betaproteobacteria;o__Burkholderiales;f__Sutterellaceae;g__Sutterella;s__Sutterella_wadsworthensis	-0.02968127531	-0.00467247885355	0.0265932689154	-0.0303068370858	0.00989646495941	0.0205501687015	-0.0316103602531	0.0474521304173	0.0110987102962	-0.0267450526698	-0.0313917836491	0.0331706028443	-0.0253324667066	-0.030621372387	0.0148832958713	-0.0278975304605	0.0139324035055	1.0	-0.00155673875595	-0.0112094754278	-0.0469144327571	-0.00833704050527	0.0247701579251	-0.00500860761069	-0.0615680735211	-0.0133482830374	-0.0451341993435	-0.0126281123529	-0.0141322536646	-0.0996494608188	-0.0406758931425	-0.0168071235644	-0.0163394309892	-0.0286661250705	0.00147270898082	-0.0193044798121	-0.0168242522028	-0.0155637323038	0.0484480214572	0.000631590262762	0.00757393133217	0.00576245056118	-0.0400849172963	-0.0259313931059	0.0306754996348	0.00189635128576	0.060707442283	-0.0390980176127	0.0188006017615	-0.0191943545118	-0.0067299614862	-0.0183286766321	0.0273788177196	-0.029428114165	0.0100211223579	-0.0156421950934	0.026352724162	0.0499639722403	0.0108741689446
k__Bacteria;p__Bacteroidetes;c__Bacteroidia;o__Bacteroidales;f__Porphyromonadaceae;g__Barnesiella;s__Barnesiella_intestinihominis	0.00211690687165	0.00984747907852	-0.0214848928879	0.0366558672126	-0.00289928715438	-0.0332995952512	0.00432323106491	-0.0320515092531	-0.0283598046865	-0.00944857029611	0.0701074332508	0.00291766007091	-0.0212465296932	-0.0276062806981	0.0410733620442	-0.00267674214244	-0.0174726820642	-0.00155673875595	1.0	-0.00784934491152	0.0212953963987	-0.0213280574709	-0.0156226842641	-0.0655476004815	0.0348575728169	0.0212394232797	-0.00358042464942	-0.0363553250636	-0.0190736560382	-0.00378175565551	-0.0108916314957	0.0105989190241	0.0573832259037	0.00871766536765	-0.00760438950151	-0.00163907267172	-0.048387526415	-0.00468292177143	-0.00389742890531	-0.0437747688303	-0.02901245829	-0.0906331620599	-0.0428578070309	0.0618370242514	-0.00256028575004	-0.00203698133865	0.00408616332765	0.0247934549121	-0.0253726032408	0.020280015371	0.00755884811452	0.00887632279237	-0.0693550463979	-0.0365766205364	-0.00845223919389	-0.0622841456318	0.0413553731262	-0.0169331088616	-0.0190139316638
k__Bacteria;p__Bacteroidetes;c__Bacteroidia;o__Bacteroidales;f__Odoribacteraceae;g__Odoribacter;s__Odoribacter_splanchnicus	-0.0904312178096	-0.0469017007426	-0.0216066863929	-0.00943422672787	0.00371600117862	0.00472871737326	0.0184932342115	0.0530517887795	-0.0259603725169	0.00898214790247	-0.00824472672235	0.0612288619812	0.0119436203457	-0.0234938601063	0.0119816058383	-0.0413305819134	-0.00734526917504	-0.0112094754278	-0.00784934491152	1.0	-0.0180876448614	0.00655030659318	-0.006767314268	0.0146655229258	-0.0179830557908	0.0123647541915	0.00156421117173	0.048203733851	0.0128295899477	0.0226284791515	-0.00343498266425	-0.0351851867171	-0.041332885428	-0.0196080402948	-0.059029155836	0.0266979008855	0.0144901435055	-0.0263548817827	-0.000903311868153	-0.0101953233498	-0.0575114653663	-0.0100164336262	-0.00999450696652	-0.0528361682613	0.0244872093359	-0.0194343293878	0.012130788729	-0.00863165694674	0.00127917906929	0.0549482801976	-0.00798212204137	-0.0300093809823	0.0139022707902	0.00260243645778	-0.0668103219959	-0.0432913426278	0.0239367737769	0.0432139774415	-0.00259738487902
k__Bacteria;p__Bacteroidetes;c__Bacteroidia;o__Bacteroidales;f__Bacteroidaceae;g__Bacteroides;s__Bacteroides_salyersiae	-0.0424378031865	-0.0542524871216	0.0206111971261	-0.0386590478777	0.0248614814692	0.0596140002642	0.000136584556204	-0.0135355887125	0.03877867192	0.00732345010982	0.0589835873941	-0.0818919381465	-0.00457366843552	0.0342906762946	0.00271185114569	-0.0537186294991	-0.00909374279246	-0.0469144327571	0.0212953963987	-0.0180876448614	1.0	-0.0205954183129	0.0253133144036	0.000277568722025	-0.0114697667234	0.0457668568158	-0.00487976915773	-0.02416797186	-0.0233231977652	-0.0136711471069	-0.0181014893521	-0.00981640822388	0.00282606776944	-0.0858436723132	0.0306348742842	-0.0093426096698	0.0674837133698	-0.0318623721759	0.00492912566847	-0.00220095686466	-0.0141215989455	0.0135019332417	-0.0354640688886	-0.0616794207745	-0.0228514658017	-0.0124911676909	-0.0455400808787	-0.100490342723	-0.0213346358663	0.013410008834	-0.0267817292624	-0.0313042386293	0.00278548776618	0.0683713259321	0.0160081631158	0.020099802769	0.0157696044204	0.028470902559	-0.0258541744272
k__Bacteria;p__Firmicutes;c__Clostridia;o__Clostridiales;f__Ruminococcaceae;g__Ruminiclostridium;s__[Eubacterium]_siraeum	0.0171835500678	-0.00985318194181	0.00341491168369	-0.0287951370616	0.0549687461664	-0.00806257415662	-0.0117085322332	-0.0211390637115	-0.0100179787737	0.0271516135918	0.0524639429827	0.00355006679447	0.0175489245842	-0.0100484938662	0.0353423410806	0.027839020664	-0.0214937674204	-0.00833704050527	-0.0213280574709	0.00655030659318	-0.0205954183129	1.0	0.0101112546141	0.0170846277434	0.0386546976604	-0.0296328921014	0.0357240321376	-0.0471310321528	-0.0704709148284	-0.00659619180504	-0.0356556186798	0.0162617535511	0.00776793377395	0.0208457833486	-0.0612455793021	0.00890291036681	0.00325741811461	0.0319270538311	-0.0228947950509	-0.0591649551109	0.0844649451516	0.00693757891781	0.0413592741171	-0.0297471755646	-0.0287416079311	0.0241245571321	-0.0139910948637	-0.00852914154174	-0.035571362901	-0.0406755258114	-0.045810282084	-0.0185170171228	-0.0143952035124	-0.0372714229971	0.0355486621738	-0.0449508094882	0.0127317472828	-0.0337119469629	0.0264966169209
k__Bacteria;p__Proteobacteria;c__Betaproteobacteria;o__Burkholderiales;f__Sutterellaceae;g__Parasutterella;s__Parasutterella_excrementihominis	0.0257696220224	0.0617425716488	-0.0361156899336	0.0286165292732	0.036369268332	0.000634205383602	-0.0326635520104	0.012675532712	-0.0175002511161	-0.015755675978	-0.0274431031687	-0.0584635318512	0.0370717009	-0.0182892977801	-0.0423357404911	0.00311843573997	-0.00245062427574	0.0247701579251	-0.0156226842641	-0.006767314268	0.0253133144036	0.0101112546141	1.0	-0.0195155800112	-0.000252593098026	0.0428882642285	0.0048386092505	0.0117385697915	0.05758786533	-0.0402731051813	-0.00372287862255	-0.0109739600129	-0.00134969032296	0.0344358807449	-0.0169096364562	6.20643504055e-05	-0.0360296302103	-0.0678480210415	-0.074517245626	-0.0649391425434	-0.00583674779243	0.0300766115196	-0.0500085840463	0.0233857239748	0.024100163277	-0.00315719106808	-0.00909402354318	-0.022136748052	0.00208195298945	-0.0231367596015	-0.0114836816697	-0.00874321876887	0.00780418078578	0.0183503045239	0.0110540829938	-0.00843777494079	0.0444383201686	-0.00214838534666	-0.0384177621499
k__Bacteria;p__Actinobacteria;c__Actinobacteria;o__Bifidobacteriales;f__Bifidobacteriaceae;g__Bifidobacterium;s__Bifidobacterium_adolescentis	0.0151435530016	-0.00702398767876	-0.00834597724291	-0.0139065294538	0.0220946627031	0.00827950342055	-0.0318625291084	-0.0407457383528	-0.050115065039	-0.0564835631795	0.0546259783119	0.0506046052706	-0.0419253977901	-0.00960022848938	0.011352558698	0.00962111410875	-0.0190187739223	-0.00500860761069	-0.0655476004815	0.0146655229258	0.000277568722025	0.0170846277434	-0.0195155800112	1.0	-0.0268499764057	-0.0292370295549	-0.0223383002863	-0.0151584619375	-0.0298019865193	-0.00504222929712	-0.00546806301845	-0.0544907253231	-0.0237643239825	-0.0140437883433	-0.0249135674483	0.0276251554945	-0.0364683288025	0.00392740799969	0.00774984066542	0.0146598025432	-0.00148192291068	-0.0361218520267	-0.00924889573252	-0.0337321705585	-0.0506960770461	0.0692981001518	-0.0475971367502	-0.00519631432839	-0.0610099087993	0.0360097292305	-0.0107879855568	0.0271386444641	0.0110370391347	0.0161383912083	0.0328228803327	0.0122184621949	0.0303471090064	-0.0120806840606	-0.00750096467925
k__Bacteria;p__Firmicutes;c__Clostridia;o__Clostridiales;f__Oscillospiraceae;g__Oscillibacter;s__Oscillibacter_sp._KLE_1745	-0.00245294039021	-0.0693926009679	0.028539272547	0.00806715662583	-0.0622451609956	-0.0228020704709	0.0044087867618	0.0846222999865	-0.028922034866	-0.00508621088784	-0.0170839858754	-0.0246150994994	-0.00326668652708	-0.0644089781954	0.025124356222	-0.0200556225876	-0.0422017516509	-0.0615680735211	0.0348575728169	-0.0179830557908	-0.0114697667234	0.0386546976604	-0.000252593098026	-0.0268499764057	1.0	-0.00740735127391	0.0362537523028	-0.0528483842817	-0.00506925411859	0.0347583081845	-0.00146779700007	-0.0403960895238	0.0234147016744	-0.0130575293949	0.0422371566747	0.017341416838	0.0403933037711	-0.011950448007	-0.00271010191792	0.0279107462951	0.0412130179426	0.0368056365345	-0.0394044494749	-0.0268606284582	-0.0146814202011	-0.037583699884	-0.0250121490894	0.00589875519538	0.00410554938945	0.0321250804873	0.0547592681351	-0.0570450211782	0.0222673570727	-0.043550556372	-0.0630886243839	-0.0608502051441	-0.000656023908042	0.0208784104865	0.0348589864637
k__Bacteria;p__Bacteroidetes;c__Bacteroidia;o__Bacteroidales;f__Bacteroidaceae;g__Bacteroides;s__Bacteroides_coprophilus	0.0429316353307	-0.07129766068	-0.0159930754331	-0.0293339635536	0.00828604691449	-0.0347039823971	-0.0296712776224	0.0374668929503	-0.010139900324	0.0550522911251	-0.0441314176313	0.0524192222359	-0.0504682371973	0.0104103074074	-0.0634837212354	0.00170489562464	0.0157685055395	-0.0133482830374	0.0212394232797	0.0123647541915	0.0457668568158	-0.0296328921014	0.0428882642285	-0.0292370295549	-0.00740735127391	1.0	-0.0437818997218	0.00989948974016	-0.0692445674326	-0.0178586528052	-0.0330493371572	0.0531968368478	0.0600897691421	0.00579393921137	0.0306583328334	-0.0111955932378	0.057936072227	-0.00251514768443	-0.015814833828	-0.0390746024558	0.000768402036626	-0.00369710963246	-0.0151543890131	-0.00413759213231	0.00564583529314	-0.0211411849962	-0.0339156284267	0.0572760287743	0.0468107962645	0.0102082976689	0.0468845772923	-0.125684517471	0.00914649539744	0.0137358600343	-0.00281662605205	0.0624420855406	-0.00955563976517	0.00275437945407	0.0247572204305
k__Bacteria;p__Firmicutes;c__Clostridia;o__Clostridiales;f__Lachnospiraceae;g__Roseburia;s__Roseburia_intestinalis	-0.0225244886766	-0.02994533162	-0.0345247004058	0.0108951721492	-0.0502917851058	0.0129292616584	0.0617772431467	-0.0429301860841	-0.0530122699227	0.00671924655181	-0.00976617428429	0.0231751801601	-0.0356882555407	-0.0115674393386	-0.0257866978524	0.0131146463521	0.035162913472	-0.0451341993435	-0.00358042464942	0.00156421117173	-0.00487976915773	0.0357240321376	0.0048386092505	-0.0223383002863	0.0362537523028	-0.0437818997218	1.0	-0.00734678670655	0.0430904567527	-0.0125357617021	0.0476315813348	0.000581346261368	-0.0247034202057	-0.0640740489552	-0.0113232045464	-0.0455801939262	-0.00314799492086	0.00458123153266	-0.00872426364783	0.0185351057172	0.00456368211115	0.0130221571584	-0.0122701334927	-0.010649551264	0.00685197480766	0.00154113586564	-0.0486587695936	-0.0159020342232	0.0161846418645	0.0530586382936	0.0180991005731	0.0207400818765	-0.0190536900148	-0.0104790196851	-0.0741511945155	0.0041415821529	0.00922846611538	-0.0178278131183	0.0300335933221
k__Bacteria;p__Firmicutes;c__Clostridia;o__Clostridiales;f__Lachnospiraceae;g__Roseburia;s__Roseburia_hominis	0.00581950411186	0.0159745262377	0.0831619012283	-0.0566574762995	-0.0226957437336	0.0125327790266	-0.0114109511882	-0.024159086833	-0.0253568892	0.0373361586256	-0.00550457907814	-0.0137793163425	0.0429978261733	-0.00558244582402	0.0345774977622	-0.00332498303233	0.00585501206377	-0.0126281123529	-0.0363553250636	0.048203733851	-0.02416797186	-0.0471310321528	0.0117385697915	-0.0151584619375	-0.0528483842817	0.00989948974016	-0.00734678670655	1.0	-0.072510785024	0.0233995675001	-0.00523167904329	0.0738758835587	-0.0253546742169	0.00155885338875	-0.0313340619827	-0.02342998268	-0.0189085521835	-0.0228011025563	-0.0548359193114	-0.0275861802628	-0.0292687769322	0.0338171158018	0.000424710755958	0.0224912255608	-0.0569037191896	-0.0184629608969	-0.0309014617185	0.0499178780484	-0.0444906503173	0.00954849315589	0.020863650738	-0.0113273249132	-0.0224799506722	-0.00259531412469	-0.0262378939689	0.00700778483623	-0.0146831919055	-0.0441976739418	-0.0242213038375
k__Bacteria;p__Bacteroidetes;c__Bacteroidia;o__Bacteroidales;f__Porphyromonadaceae;g__Parabacteroides;s__Parabacteroides_johnsonii	-0.0670793307267	0.00524945579418	0.000178485448626	-0.0470617991499	-0.0326250033594	0.00326835846866	-0.126471118691	-0.0121005933	-0.0229823092529	-0.0101499165056	0.0579545400331	-0.0293911495569	0.0391165830207	-0.0630073153734	-0.00119718990255	-0.0150493641859	-0.0471996630789	-0.0141322536646	-0.0190736560382	0.0128295899477	-0.0233231977652	-0.0704709148284	0.05758786533	-0.0298019865193	-0.00506925411859	-0.0692445674326	0.0430904567527	-0.072510785024	1.0	-0.018825762794	0.033376412048	0.0237731978495	0.0124242787523	-0.026812696728	0.0112829444978	-0.0624088930304	-0.0435966933576	-0.0230287256882	-0.0291593898018	4.22864366923e-05	-0.0257830173817	-0.00786869194601	-0.0408520659302	0.0531805017537	-0.0367486639372	-0.0311267503108	-0.010358255385	0.0369449582813	-0.0163498177169	-0.0342712916148	0.0122410077777	0.0232302695835	-0.00980169554493	0.00449566812043	-0.0528040955501	0.0222811966297	-0.0349870747474	0.0162052677612	-0.0434237841573
k__Bacteria;p__Actinobacteria;c__Actinobacteria;o__Bifidobacteriales;f__Bifidobacteriaceae;g__Bifidobacterium;s__Bifidobacterium_longum	0.0168602190222	-0.0798695858436	0.0352767702948	0.0139479463239	0.013299443399	-0.0412412429324	-0.0270157703806	-0.0152630026496	0.00893404531207	0.00194437190321	-0.0128864219701	0.0489346453241	-0.0054214737715	-0.00783346968694	-0.0497741705702	0.00416046951431	-0.0352219567618	-0.0996494608188	-0.00378175565551	0.0226284791515	-0.0136711471069	-0.00659619180504	-0.0402731051813	-0.00504222929712	0.0347583081845	-0.0178586528052	-0.0125357617021	0.0233995675001	-0.018825762794	1.0	0.0274805196288	-0.0415613992333	0.0313349721143	-0.0234876838233	-0.000234072394917	-0.00970653458948	-0.0104753297886	-0.0205598528577	-0.0159165956673	-0.00915705070043	-0.0341483923357	0.028743044845	-0.0409020883776	0.040585606729	0.00753150032654	-0.0459092838426	-0.0237278134989	-0.000266328694673	-0.0232013997905	-0.0551339029617	-0.0369089867788	0.0231187407191	-0.00340570818392	0.0233684958998	0.0755090826896	-0.0465476898242	0.0116259563841	-0.00276812902494	0.00338527988151
