#taxonomy	k__Bacteria;p__Bacteroidetes;c__Bacteroidia;o__Bacteroidales;f__Bacteroidaceae;g__Bacteroides;s__Bacteroides_vulgatus	k__Bacteria;p__Bacteroidetes;c__Bacteroidia;o__Bacteroidales;f__Bacteroidaceae;g__Bacteroides;s__Bacteroides_uniformis	k__Bacteria;p__Bacteroidetes;c__Bacteroidia;o__Bacteroidales;f__Rikenellaceae;g__Alistipes;s__Alistipes_putredinis	k__Bacteria;p__Bacteroidetes;c__Bacteroidia;o__Bacteroidales;f__Prevotellaceae;g__Prevotella;s__Prevotella_copri	k__Bacteria;p__Bacteroidetes;c__Bacteroidia;o__Bacteroidales;f__Bacteroidaceae;g__Bacteroides;s__Bacteroides_stercoris	k__Bacteria;p__Bacteroidetes;c__Bacteroidia;o__Bacteroidales;f__Bacteroidaceae;g__Bacteroides;s__Bacteroides_ovatus	k__Bacteria;p__Bacteroidetes;c__Bacteroidia;o__Bacteroidales;f__Rikenellaceae;g__Alistipes;s__Alistipes_shahii	k__Bacteria;p__Firmicutes;c__Clostridia;o__Clostridiales;f__Ruminococcaceae;g__Faecalibacterium;s__Faecalibacterium_prausnitzii	k__Bacteria;p__Bacteroidetes;c__Bacteroidia;o__Bacteroidales;f__Rikenellaceae;g__Alistipes;s__Alistipes_finegoldii	k__Bacteria;p__Bacteroidetes;c__Bacteroidia;o__Bacteroidales;f__Porphyromonadaceae;g__Parabacteroides;s__Parabacteroides_distasonis	k__Bacteria;p__Bacteroidetes;c__Bacteroidia;o__Bacteroidales;f__Bacteroidaceae;g__Bacteroides;s__Bacteroides_thetaiotaomicron	k__Bacteria;p__Bacteroidetes;c__Bacteroidia;o__Bacteroidales;f__Bacteroidaceae;g__Bacteroides;s__Bacteroides_coprocola	k__Bacteria;p__Bacteroidetes;c__Bacteroidia;o__Bacteroidales;f__Bacteroidaceae;g__Bacteroides;s__Bacteroides_cellulosilyticus	k__Bacteria;p__Bacteroidetes;c__Bacteroidia;o__Bacteroidales;f__Rikenellaceae;g__Alistipes;s__Alistipes_obesi	k__Bacteria;p__Firmicutes;c__Clostridia;o__Clostridiales;f__Lachnospiraceae;g__;s__[Eubacterium]_rectale	k__Bacteria;p__Bacteroidetes;c__Bacteroidia;o__Bacteroidales;f__Bacteroidaceae;g__Bacteroides;s__Bacteroides_plebeius	k__Bacteria;p__Bacteroidetes;c__Bacteroidia;o__Bacteroidales;f__Bacteroidaceae;g__Bacteroides;s__Bacteroides_fragilis	k__Bacteria;p__Proteobacteria;c__Betaproteobacteria;o__Burkholderiales;f__Sutterellaceae;g__Sutterella;s__Sutterella_wadsworthensis	k__Bacteria;p__Bacteroidetes;c__Bacteroidia;o__Bacteroidales;f__Porphyromonadaceae;g__Barnesiella;s__Barnesiella_intestinihominis	k__Bacteria;p__Bacteroidetes;c__Bacteroidia;o__Bacteroidales;f__Odoribacteraceae;g__Odoribacter;s__Odoribacter_splanchnicus	k__Bacteria;p__Bacteroidetes;c__Bacteroidia;o__Bacteroidales;f__Bacteroidaceae;g__Bacteroides;s__Bacteroides_salyersiae	k__Bacteria;p__Firmicutes;c__Clostridia;o__Clostridiales;f__Ruminococcaceae;g__Ruminiclostridium;s__[Eubacterium]_siraeum	k__Bacteria;p__Proteobacteria;c__Betaproteobacteria;o__Burkholderiales;f__Sutterellaceae;g__Parasutterella;s__Parasutterella_excrementihominis	k__Bacteria;p__Actinobacteria;c__Actinobacteria;o__Bifidobacteriales;f__Bifidobacteriaceae;g__Bifidobacterium;s__Bifidobacterium_adolescentis	k__Bacteria;p__Firmicutes;c__Clostridia;o__Clostridiales;f__Oscillospiraceae;g__Oscillibacter;s__Oscillibacter_sp._KLE_1745	k__Bacteria;p__Bacteroidetes;c__Bacteroidia;o__Bacteroidales;f__Bacteroidaceae;g__Bacteroides;s__Bacteroides_coprophilus	k__Bacteria;p__Firmicutes;c__Clostridia;o__Clostridiales;f__Lachnospiraceae;g__Roseburia;s__Roseburia_intestinalis	k__Bacteria;p__Firmicutes;c__Clostridia;o__Clostridiales;f__Lachnospiraceae;g__Roseburia;s__Roseburia_hominis	k__Bacteria;p__Bacteroidetes;c__Bacteroidia;o__Bacteroidales;f__Porphyromonadaceae;g__Parabacteroides;s__Parabacteroides_johnsonii	k__Bacteria;p__Actinobacteria;c__Actinobacteria;o__Bifidobacteriales;f__Bifidobacteriaceae;g__Bifidobacterium;s__Bifidobacterium_longum	k__Bacteria;p__Firmicutes;c__Clostridia;o__Clostridiales;f__;g__Flavonifractor;s__Flavonifractor_plautii	k__Bacteria;p__Firmicutes;c__Clostridia;o__Clostridiales;f__Clostridiaceae;g__Clostridium;s__Clostridium_phoceensis	k__Bacteria;p__Verrucomicrobia;c__Verrucomicrobiae;o__Verrucomicrobiales;f__Akkermansiaceae;g__Akkermansia;s__Akkermansia_muciniphila	k__Bacteria;p__Bacteroidetes;c__Bacteroidia;o__Bacteroidales;f__Prevotellaceae;g__Paraprevotella;s__Paraprevotella_xylaniphila	k__Bacteria;p__Firmicutes;c__Clostridia;o__Clostridiales;f__Ruminococcaceae;g__Ruminococcus;s__Ruminococcus_callidus	k__Bacteria;p__Bacteroidetes;c__Bacteroidia;o__Bacteroidales;f__Rikenellaceae;g__Alistipes;s__Alistipes_senegalensis	k__Bacteria;p__Firmicutes;c__Clostridia;o__Clostridiales;f__Lachnospiraceae;g__Blautia;s__Blautia_sp._KLE_1732	k__Bacteria;p__Bacteroidetes;c__Bacteroidia;o__Bacteroidales;f__Bacteroidaceae;g__Bacteroides;s__Bacteroides_oleiciplenus	k__Bacteria;p__Firmicutes;c__Clostridia;o__Clostridiales;f__Ruminococcaceae;g__Ruminococcus;s__Ruminococcus_bicirculans	k__Bacteria;p__Bacteroidetes;c__Bacteroidia;o__Bacteroidales;f__Bacteroidaceae;g__Bacteroides;s__Bacteroides_fluxus	k__Bacteria;p__Bacteroidetes;c__Bacteroidia;o__Bacteroidales;f__Prevotellaceae;g__Prevotella;s__Prevotella_stercorea	k__Bacteria;p__Firmicutes;c__Clostridia;o__Clostridiales;f__Lachnospiraceae;g__Dorea;s__Dorea_longicatena	k__Bacteria;p__Firmicutes;c__Clostridia;o__Clostridiales;f__Eubacteriaceae;g__Eubacterium;s__[Eubacterium]_eligens	k__Bacteria;p__Firmicutes;c__Clostridia;o__Clostridiales;f__Ruminococcaceae;g__;s__Ruminococcaceae_bacterium_D16	k__Bacteria;p__Firmicutes;c__Clostridia;o__Clostridiales;f__Lachnospiraceae;g__Coprococcus;s__Coprococcus_comes	k__Bacteria;p__Proteobacteria;c__Gammaproteobacteria;o__Enterobacterales;f__Enterobacteriaceae;g__Escherichia;s__Escherichia_coli	k__Bacteria;p__Firmicutes;c__Clostridia;o__Clostridiales;f__Ruminococcaceae;g__Anaerotruncus;s__Anaerotruncus_colihominis	k__Bacteria;p__Firmicutes;c__Clostridia;o__Clostridiales;f__Lachnospiraceae;g__Blautia;s__Blautia_obeum	k__Bacteria;p__Bacteroidetes;c__Bacteroidia;o__Bacteroidales;f__Odoribacteraceae;g__Odoribacter;s__Odoribacter_laneus	k__Bacteria;p__Firmicutes;c__Clostridia;o__Clostridiales;f__Ruminococcaceae;g__Ruminiclostridium;s__[Clostridium]_leptum	k__Bacteria;p__Bacteroidetes;c__Bacteroidia;o__Bacteroidales;f__Porphyromonadaceae;g__Parabacteroides;s__Parabacteroides_goldsteinii	k__Bacteria;p__Firmicutes;c__Clostridia;o__Clostridiales;f__Lachnospiraceae;g__Anaerostipes;s__Anaerostipes_hadrus	k__Bacteria;p__Firmicutes;c__Clostridia;o__Clostridiales;f__Ruminococcaceae;g__Ruminococcus;s__Ruminococcus_lactaris	k__Bacteria;p__Firmicutes;c__Clostridia;o__Clostridiales;f__Clostridiaceae;g__Clostridium;s__Clostridium_sp._L2-50	k__Bacteria;p__Firmicutes;c__Clostridia;o__Clostridiales;f__Clostridiaceae;g__Clostridium;s__Clostridium_sp._M62/1	k__Bacteria;p__Firmicutes;c__Clostridia;o__Clostridiales;f__;g__Intestinimonas;s__Intestinimonas_butyriciproducens	k__Bacteria;p__Actinobacteria;c__Actinobacteria;o__Bifidobacteriales;f__Bifidobacteriaceae;g__Bifidobacterium;s__Bifidobacterium_bifidum	k__Bacteria;p__Firmicutes;c__Negativicutes;o__Veillonellales;f__Veillonellaceae;g__Dialister;s__Dialister_invisus	k__Bacteria;p__Bacteroidetes;c__Bacteroidia;o__Bacteroidales;f__Bacteroidaceae;g__Bacteroides;s__Bacteroides_salanitronis
k__Bacteria;p__Bacteroidetes;c__Bacteroidia;o__Bacteroidales;f__Bacteroidaceae;g__Bacteroides;s__Bacteroides_vulgatus	1.0	0.003100287866	-0.0578915758082	0.017339471627	0.0259161667053	-0.00358767733815	0.0028372369362	-0.0953991388658	0.0033316328888	0.00443489770731	0.0348803905941	-0.0619723013529	-0.0276755588518	0.00932254858193	-0.0498171567644	0.0357791953234	0.0603527573148	0.0254651566144	0.0221907849814	-0.00926629164594	0.0305382430709	-0.0402744633883	-0.0340288320194	0.0321094546703	-0.00717994309041	-0.047356485741	-0.034556756392	0.0160182658431	-0.0569162813349	0.0176746729493	-0.0114245897861	-0.0395754315548	0.00833179195781	0.0509918492499	0.0337104201361	0.00151011417972	0.0234037897627	0.0111367239825	-0.016861047134	0.0112310701958	0.0166157448849	0.00596699266625	-0.00528287552626	-0.000805434426867	-0.0107769147743	0.0263605637866	-0.0313339868435	-0.0470310755902	-0.00470989197457	0.00166655472531	-0.01837066704	0.0252538327512	-0.0215526647804	0.0106782335487	-0.00657698984259	0.0116068100332	-0.0312185366573	0.03220566768	0.00988440534539
k__Bacteria;p__Bacteroidetes;c__Bacteroidia;o__Bacteroidales;f__Bacteroidaceae;g__Bacteroides;s__Bacteroides_uniformis	0.003100287866	1.0	0.0207182233671	-0.0137451616252	0.0132997017886	0.00371065137546	-0.0589878504256	0.0316029659969	0.0140496375537	-0.0659880488176	0.0461010842572	0.0429760589689	-0.0499726509319	0.047342877559	-0.0476090653894	0.0750611619297	-0.0259725962326	-0.0115787984476	0.00995117927394	-0.00878220687436	0.0271436478727	-0.00842130212874	0.0388435828635	-0.0318544366331	-0.00170572426823	0.00334858336809	0.00998328605922	-0.0305603371739	-0.0460188174663	-0.0413056950062	0.0234366484673	-0.0243725200911	-0.0037255406192	0.0458229036582	-0.0220035689573	0.00191047769477	-0.043242596145	0.0158224943706	-0.00423645698264	0.00143647668205	-0.0337751732826	-0.0137393637536	0.0468231098918	-0.0155359136578	-0.0265817801992	0.000243045001012	0.0274095988698	-0.0119921676126	-0.067138798764	-0.0154687149729	0.0152104550275	0.0246366078489	-0.000981859697783	0.00243202234266	6.86354802124e-05	-0.00486690518586	-0.0498570143122	-0.0558882098993	-0.0187381829647
k__Bacteria;p__Bacteroidetes;c__Bacteroidia;o__Bacteroidales;f__Rikenellaceae;g__Alistipes;s__Alistipes_putredinis	-0.0578915758082	0.0207182233671	1.0	-0.0148653816149	0.0278981555226	-0.0116629227865	0.000813280742983	0.00248525608831	-0.0441721912342	-0.000377997722388	-0.0247674915846	-0.00398862995653	-0.0528106470177	-0.0197277751082	0.0248567915526	-0.0229558169295	-0.0159735345873	0.023031627621	0.0217789725985	-0.0215212512985	0.0393609390579	-0.00161484887589	-0.0459949739128	0.0270529479022	-0.0179467376436	0.0409614463976	0.00242101343509	-0.0635364743653	-0.0220511467753	-0.00439771298941	-0.00607855068044	0.0432999364887	-0.0221085123615	0.0192816167287	0.0273991944639	0.00429424887202	-0.0178815110618	-0.0170554836211	-0.0146681898089	0.0242585978616	-0.0645355237429	0.0603458068638	0.0195512456343	-0.0208470910901	0.00200696057134	0.000625848305406	-0.0171510216741	-0.0285304358175	-0.00530963750768	0.0242846041829	-0.0636314937019	-0.036401928711	0.0244645472337	-0.0223621711075	0.022894393965	0.00234868316559	0.0356111970667	0.0139942062951	0.0147034422828
k__Bacteria;p__Bacteroidetes;c__Bacteroidia;o__Bacteroidales;f__Prevotellaceae;g__Prevotella;s__Prevotella_copri	0.017339471627	-0.0137451616252	-0.0148653816149	1.0	-0.024436112527	0.0158945009804	-0.0302649704312	-0.0195175731206	-0.0194369532041	0.0146234660315	0.063835940084	0.050666190795	-0.0557406749143	0.0257674494296	0.0135826022729	-0.00532498001121	-0.0132448867185	-0.030967507794	0.00272641726875	-0.00930169068517	-0.0193992686362	-0.0350484396758	0.0532768682641	-0.0168406738647	0.00500909649869	0.0159788426377	0.028434552001	-0.00492354604288	0.0297267454014	-0.0186825426935	0.0408655341625	0.0145498522451	0.0138047535292	0.0184901479618	-0.0178837674044	0.0249582668154	-0.0710825065924	-0.0242987882832	-0.00333846384282	0.0170487162263	-0.0329803741854	-0.0165598390858	0.0162317436183	0.015850671993	0.0156611146748	-0.0107696189998	-0.0326485348301	-0.0263903960246	-0.00517797246254	-0.0554687759354	-0.00243881911345	-0.00882055085282	0.00425219493835	0.00414057280454	0.0137257636072	-0.021105505884	0.0363098692583	-0.0311301735737	-0.0409528287494
k__Bacteria;p__Bacteroidetes;c__Bacteroidia;o__Bacteroidales;f__Bacteroidaceae;g__Bacteroides;s__Bacteroides_stercoris	0.0259161667053	0.0132997017886	0.0278981555226	-0.024436112527	1.0	0.00194335539983	-0.0732772764556	-0.0744276244798	-0.0268194874315	0.0143116124888	0.0154488997906	-0.0083943033775	-0.019715895596	-0.00936981580516	0.0334072394041	0.0253790976357	0.0370215305894	-0.0465583113841	-0.0266484377909	0.0433183468159	-0.0172477309219	-0.00848067418132	-0.00913880925758	0.0680373174858	0.048492000834	0.00376374548602	-0.000610559999075	0.00400885385371	0.00866810542826	0.00328123635117	0.0256807800685	-0.0134583789689	-0.00785619284061	-0.0345344751024	-0.0307145500915	-0.052372143995	-0.0596759151584	-0.0724577203244	0.0265459938463	-0.0255843875503	-0.0369856243352	-0.00290186836104	-0.00603270342029	-0.051264362336	-0.000473373816953	-0.0384060858389	0.0107242430179	-0.0380956569819	-0.0179108732822	-0.0249171953039	0.0331811888125	0.00307619788787	0.0419072356799	0.00611023572997	-0.00720412930674	-0.0412320142725	-0.0112748762693	-0.00136467134659	-0.0383529814263
k__Bacteria;p__Bacteroidetes;c__Bacteroidia;o__Bacteroidales;f__Bacteroidaceae;g__Bacteroides;s__Bacteroides_ovatus	-0.00358767733815	0.00371065137546	-0.0116629227865	0.0158945009804	0.00194335539983	1.0	0.0085031813442	-0.0215503046218	-0.0108492305504	-0.0513750117119	-0.0708486130108	-0.00584448821476	0.0238629417528	0.0480499300297	-0.0457764988703	-0.0294000295305	-0.0288404477532	-0.0183942734808	-0.0346110223353	0.0600910332958	0.000289085511133	-0.00771368457546	0.0046420101056	0.0544599932444	0.0223395971668	-0.0418464836468	0.0457367643217	0.000289318092	-0.00522380683036	-0.038098714742	-0.0226386101563	0.0157868748545	0.00752431275154	-0.0570059572356	0.0138372502985	0.0124890293168	-0.0228012917175	0.00930912643216	-0.000505785611925	0.0195824108175	-0.0178709535332	-0.07520714849	-0.0269290509305	-0.0286247834705	0.0495527217448	0.0153777996965	-0.000111669839233	0.0200543151384	-0.00650414769243	-0.024867004538	-0.045022283922	0.0376736919494	-0.0288938192787	-0.00473114273025	-0.00843141234365	-0.00850276456683	0.0366443964812	-0.0413792390873	0.00457103735927
k__Bacteria;p__Bacteroidetes;c__Bacteroidia;o__Bacteroidales;f__Rikenellaceae;g__Alistipes;s__Alistipes_shahii	0.0028372369362	-0.0589878504256	0.000813280742983	-0.0302649704312	-0.0732772764556	0.0085031813442	1.0	-0.00877414577138	-0.0276251694907	0.0684404561972	-0.00730463522254	0.0463358204871	0.0579010506208	0.0167564069303	-0.00988011557024	-0.0241485432321	0.0143810280348	-0.041399120573	0.0294599403367	-0.0195510493707	-0.0117404938201	0.0114018584263	0.05945355605	0.0233941818297	0.00775906713547	-0.00516976142689	-0.0566266835775	-0.0229364303475	-0.0866776230271	-0.0127473849869	-0.0150624827225	-0.00325787162245	0.00522604204746	-0.0278644506363	-0.0345414668463	0.000520620586736	-0.0481457281052	0.00666228660389	-0.0318809344528	-0.0317911344336	0.0227439571115	0.017249757761	0.0163710997472	0.00234589795857	0.0136335512939	-0.0056106903125	0.0393457794759	-0.0119122223302	-0.0340730488917	-0.0353435086405	-0.0295264798266	0.0353463119648	-0.00309568620671	-0.00734135653506	-0.0188415665174	0.0780978905251	-0.00414465196125	0.0195695069149	0.0249477631491
k__Bacteria;p__Firmicutes;c__Clostridia;o__Clostridiales;f__Ruminococcaceae;g__Faecalibacterium;s__Faecalibacterium_prausnitzii	-0.0953991388658	0.0316029659969	0.00248525608831	-0.0195175731206	-0.0744276244798	-0.0215503046218	-0.00877414577138	1.0	-0.0355051339805	0.0103649931921	0.0295041229933	-0.00152743390222	0.0482923350951	-0.0198111985901	0.0493865002587	-0.0429291004952	-0.0376477962473	-0.0475597922237	-0.0268126468876	-0.0428077163035	0.00114579132858	-0.056381163127	-0.0780760819461	-0.0491402462422	0.0222429901866	0.0562343697076	0.0210254470047	-0.00871561276007	0.0277312986746	-0.0469398560248	-0.0242536766094	0.0388713343648	-0.0380829551566	0.0137299093802	-0.00433150342462	-0.0421171298951	0.0297960360958	0.000370181829246	0.00537523859426	-0.0251726245275	-0.0180444667837	-0.0131797692408	-0.0455553681274	0.00380184635167	-0.00579544073856	0.0469900949245	0.00397830256077	0.00512059468825	0.0115653786877	-0.0525702784272	0.0368066559116	0.00983704642876	0.0499967535845	0.0290301964418	0.0220088304285	0.0376756810073	-0.0043928450371	-0.0310177146947	0.00317700146171
k__Bacteria;p__Bacteroidetes;c__Bacteroidia;o__Bacteroidales;f__Rikenellaceae;g__Alistipes;s__Alistipes_finegoldii	0.0033316328888	0.0140496375537	-0.0441721912342	-0.0194369532041	-0.0268194874315	-0.0108492305504	-0.0276251694907	-0.0355051339805	1.0	0.0374642154647	0.0374436974721	-0.0227729082573	0.024962075786	-0.0462810386765	-0.0267003427675	0.0297173188635	0.0587249484824	-0.0290414991351	-0.0532644659377	0.031946628367	-0.00866877997491	-0.0273473957399	-0.0168237482763	-0.0255259399673	0.00899642767147	-0.0116331387702	-0.0538331337038	0.0458038386819	-0.0329131853092	-0.00401017645859	0.0114822960057	0.0325190466306	0.00605356599674	-0.00898800403123	0.0110901130307	-0.0546929648262	-0.0116353056123	-0.0192908917695	-0.0189090968564	-0.0507221983694	0.0152288747205	-0.0200878136021	-0.0396624113022	0.0242056743886	0.00327272912165	-0.00196735781916	-0.0147476299811	-0.0714460106316	-0.0284666216314	-0.0244451801239	-0.0423927383823	-0.0183533468427	0.0125170342733	-0.00176912857996	-0.0326292333347	-0.0209995890286	-0.00262798718473	-0.00908217365702	-0.0724154071105
k__Bacteria;p__Bacteroidetes;c__Bacteroidia;o__Bacteroidales;f__Porphyromonadaceae;g__Parabacteroides;s__Parabacteroides_distasonis	0.00443489770731	-0.0659880488176	-0.000377997722388	0.0146234660315	0.0143116124888	-0.0513750117119	0.0684404561972	0.0103649931921	0.0374642154647	1.0	-0.0313475415144	-0.00122975115537	0.0289047680009	0.00139689089719	-0.0395410822604	0.0139234196943	0.0205163491585	-0.00915186847702	-0.0148485790762	-0.0398760354627	-0.0215989676956	0.0646425469846	0.0269748998781	0.0158486499729	-0.0454700075946	0.0427300895079	-0.0430590167382	0.0137603417977	-0.0173976780495	-0.0137964482058	-0.0198736733597	-0.0341384295054	-0.00400098394011	-0.018893119423	-0.0187917923676	-0.000473595193725	-0.0223844153268	-0.0659969628666	-0.0563510410556	-0.0344433264017	-0.00954477221352	-0.00592502610124	0.0133478295647	-0.00949847210593	0.0319801727067	0.00285702041946	-0.0434617155868	-0.015332934624	-0.0257011116765	-0.0287765156383	0.0486489057661	-0.029666219601	0.0539037231776	-0.0224011414987	0.0175303159822	0.0148634977583	-0.0109490162796	-0.00809931657603	-0.0380047834445
k__Bacteria;p__Bacteroidetes;c__Bacteroidia;o__Bacteroidales;f__Bacteroidaceae;g__Bacteroides;s__Bacteroides_thetaiotaomicron	0.0348803905941	0.0461010842572	-0.0247674915846	0.063835940084	0.0154488997906	-0.0708486130108	-0.00730463522254	0.0295041229933	0.0374436974721	-0.0313475415144	1.0	-0.0117655809154	0.00172870529088	-0.0335999697536	0.00379635732194	-0.0291700927424	-0.0074543101814	-0.00484491811961	0.00935298519029	-0.0656195956108	0.0262657741291	-0.0231361851933	0.051594467641	-0.0124643059052	0.0229468609991	-0.0410919518761	0.0292502861849	-0.0237903837469	-0.0335090247297	-0.0502636692189	-0.0234913826834	0.0244204928111	-0.0188060841955	0.0284325255098	0.012680629315	0.020076404146	-0.0207744431893	0.0363652036764	0.076329442389	0.030672720821	-0.0290201772591	-0.068445346209	-0.0302212501844	0.0106151657505	-0.0319374234624	-0.0826411592664	-0.0500593334927	0.0198512401197	-0.0330656335656	0.0360698888661	0.0350331475607	-0.0783142075507	-0.0220541990134	-0.0146210732502	-0.0111797082416	-0.0040287834671	-0.0386590580957	-0.0101436096848	-0.0316113992144
k__Bacteria;p__Bacteroidetes;c__Bacteroidia;o__Bacteroidales;f__Bacteroidaceae;g__Bacteroides;s__Bacteroides_coprocola	-0.0619723013529	0.0429760589689	-0.00398862995653	0.050666190795	-0.0083943033775	-0.00584448821476	0.0463358204871	-0.00152743390222	-0.0227729082573	-0.00122975115537	-0.0117655809154	1.0	-0.00238608553472	0.00476018839715	0.000746517702095	-0.00226241025801	-0.0193209485342	-0.00232360158999	-0.0109424001164	-0.00131714892296	0.00268952732106	-0.00240556376751	-0.0285127175211	0.0460360135501	-0.0134681813784	-0.0111387436633	-0.0122557626308	0.0291295287242	0.00556528932553	-0.0499093213423	-0.0240066865837	0.014863688131	-0.0046210341938	0.042166067893	-0.0216980892228	0.00858280255085	-0.00899707954902	0.00219166129641	-0.000708890903162	-0.0495443051381	-0.0392650967605	-0.0179755459135	-0.0296430922543	-0.019184512273	-0.00883419710989	0.011924958423	0.0370711264454	0.0284072133585	0.00181224528271	-0.0199102365833	-0.0784111831609	-0.0249122938491	-0.0060978696432	0.0273110186537	0.0497476961718	0.015430304686	-0.0241127744076	-0.0144360008869	-0.0258212446592
k__Bacteria;p__Bacteroidetes;c__Bacteroidia;o__Bacteroidales;f__Bacteroidaceae;g__Bacteroides;s__Bacteroides_cellulosilyticus	-0.0276755588518	-0.0499726509319	-0.0528106470177	-0.0557406749143	-0.019715895596	0.0238629417528	0.0579010506208	0.0482923350951	0.024962075786	0.0289047680009	0.00172870529088	-0.00238608553472	1.0	0.0115269464519	0.0108499742529	-0.0493976831669	-0.0110178970482	-0.0211368282791	0.0158488958458	-0.0578603346664	0.0375624018209	-0.033432137132	-0.0151910090555	0.0257655746058	0.00106453844597	-0.0167773943209	-0.0304799953176	-0.0977674438747	-0.0477121761796	0.00344854469181	0.0290859191098	-0.0615792791828	-0.014580659372	-0.041837531254	-0.0738309944949	0.0134882263041	-0.0037447050147	0.0219424165455	0.0228173282022	0.0213774570826	-0.0661409507264	-0.0158502323103	0.00744636083519	-0.0152905698525	0.0400947066692	-0.0430161239042	0.0456365647281	-0.0392289021699	0.0445246147909	0.0526795115084	-0.0179972505753	-0.0291937934594	-0.0193884177322	-0.0151026284705	0.0262789305727	-0.0021291933899	-0.0138060557554	-0.0271998692897	-0.0120245593135
k__Bacteria;p__Bacteroidetes;c__Bacteroidia;o__Bacteroidales;f__Rikenellaceae;g__Alistipes;s__Alistipes_obesi	0.00932254858193	0.047342877559	-0.0197277751082	0.0257674494296	-0.00936981580516	0.0480499300297	0.0167564069303	-0.0198111985901	-0.0462810386765	0.00139689089719	-0.0335999697536	0.00476018839715	0.0115269464519	1.0	0.0464047760142	-0.0134779425434	-0.0116292115412	-0.00174156972091	-0.043745982241	-0.0532108491228	-0.0291045144422	-0.0168030351911	0.0184133019523	0.0360618596063	-0.0117471648163	0.019452171191	0.0113317389155	-0.00450954680156	-0.0679216196368	-0.0273019689902	-0.0162743519748	-0.0277666539317	-0.0110393337695	-0.00887046269605	-0.0164127357079	-0.0382725291291	-0.00198074625887	-0.0229664302029	0.0027526024508	0.0303683249902	-0.0368349370856	-0.0111382399013	0.0430962669358	0.0216666498808	0.03564228652	-0.00829410760858	-0.0306649790762	-0.0169659373219	-0.0281503456833	-0.0458908492048	0.0208817521199	-0.075337145129	-0.00696393567862	0.0247409149848	-0.0110562407785	-0.00688147545205	0.0251067616637	0.0337763959476	0.0265556223293
k__Bacteria;p__Firmicutes;c__Clostridia;o__Clostridiales;f__Lachnospiraceae;g__;s__[Eubacterium]_rectale	-0.0498171567644	-0.0476090653894	0.0248567915526	0.0135826022729	0.0334072394041	-0.0457764988703	-0.00988011557024	0.0493865002587	-0.0267003427675	-0.0395410822604	0.00379635732194	0.000746517702095	0.0108499742529	0.0464047760142	1.0	-0.00256434624941	-0.0544786778113	0.0304073757012	-0.0188585613661	-0.0305932053407	-0.0446927501068	-0.00668149502664	-0.007821149019	0.00714339004594	0.0306782186638	-0.0125095910596	0.031202806812	-0.0396569168664	0.00873799158519	0.0238534806227	0.00594533931009	0.0424925082691	-0.0430438205802	0.0542106012895	-0.00328783869651	-0.0185887614375	0.0678827018466	0.0349932711089	-0.0243592458815	-0.00306300566213	0.0456694326781	-0.0175122187791	0.0125213684677	0.0177846108983	-0.0105667920154	-0.0294478750806	-0.0481919421192	0.00738966488541	-0.0194310840398	-0.0361193689418	-0.0343260748463	-0.00530073305974	-0.0693157046381	-0.0148632915486	0.0328012670424	0.0130760053724	-0.0178589559632	-0.0126493807177	-0.0437555846875
k__Bacteria;p__Bacteroidetes;c__Bacteroidia;o__Bacteroidales;f__Bacteroidaceae;g__Bacteroides;s__Bacteroides_plebeius	0.0357791953234	0.0750611619297	-0.0229558169295	-0.00532498001121	0.0253790976357	-0.0294000295305	-0.0241485432321	-0.0429291004952	0.0297173188635	0.0139234196943	-0.0291700927424	-0.00226241025801	-0.0493976831669	-0.0134779425434	-0.00256434624941	1.0	0.0337830539341	-0.0303960570583	-0.053059279085	-0.0379700217994	0.00673340004619	0.0386490540971	-0.0869980478025	-0.0518344379862	-0.00137555796203	-0.083673043398	0.0150297874921	-0.0223024480852	0.0139296459547	0.0188043347182	-0.0469944050112	-0.00272044851436	0.0160989488109	0.00303284346655	-0.0419542436124	-0.0195607883583	0.0205961288139	0.0373881706644	0.000264650380551	-0.0176930328799	-0.00165794966318	0.0163292346974	0.0401845829141	0.0485794588155	-0.0668638581027	0.0193801259681	-0.0541139576665	-0.0423718789522	-0.0362847754035	0.0557107614003	-0.0113950338372	0.0072828595906	0.0177689278644	-0.00670971067393	-0.0297782575315	-0.00728115201187	-0.00982868823445	-0.0452451517607	0.0143380335493
k__Bacteria;p__Bacteroidetes;c__Bacteroidia;o__Bacteroidales;f__Bacteroidaceae;g__Bacteroides;s__Bacteroides_fragilis	0.0603527573148	-0.0259725962326	-0.0159735345873	-0.0132448867185	0.0370215305894	-0.0288404477532	0.0143810280348	-0.0376477962473	0.0587249484824	0.0205163491585	-0.0074543101814	-0.0193209485342	-0.0110178970482	-0.0116292115412	-0.0544786778113	0.0337830539341	1.0	-0.011636652165	-0.0191749867725	0.0515754459461	0.0608116204145	0.0033186271479	-0.0570552327967	-0.0493117324268	0.017496948471	-0.0260856098929	-0.0438761357086	-0.0484282395489	0.0352609124503	-0.0555539574865	0.0589113164044	-0.014308828228	-0.0278353583108	-0.0242468867334	0.0222675726437	-0.0240209584932	-0.0267093774433	0.0383902971872	-0.0102600684928	0.0218453020332	0.0577156667462	0.0160228383083	0.00324495147413	0.0298654315373	0.016823867623	-0.0971082669415	-0.0108533841346	-0.0381664649337	-0.0256744547252	-0.0252232552665	0.00758449667844	0.0513333650989	0.0186231527721	-0.0515586708546	-0.019497991087	-0.0623058034188	-0.0331656808846	-0.0059021527186	0.0468533565381
k__Bacteria;p__Proteobacteria;c__Betaproteobacteria;o__Burkholderiales;f__Sutterellaceae;g__Sutterella;s__Sutterella_wadsworthensis	0.0254651566144	-0.0115787984476	0.023031627621	-0.030967507794	-0.0465583113841	-0.0183942734808	-0.041399120573	-0.0475597922237	-0.0290414991351	-0.00915186847702	-0.00484491811961	-0.00232360158999	-0.0211368282791	-0.00174156972091	0.0304073757012	-0.0303960570583	-0.011636652165	1.0	0.0067805468176	0.0262105902665	-0.00187471503232	0.0167190265351	-0.0281278045707	0.0329528460043	0.012774608041	0.0316242186547	-0.029495162051	-0.0663023418629	-0.0273569888618	0.00697126062177	-0.0265092419344	-0.0640169080548	0.0028274005932	0.0257562596249	-0.0343164181711	-0.0111150874689	0.0159009597784	-0.0383832929041	0.0414637416368	-0.0128963727785	-0.0201623812299	0.0400580715981	-0.0566148440431	0.0165298085124	-0.0348831564416	-0.044542101445	0.00691398967418	-0.0259267689535	0.0205421768765	-0.00911034798284	0.0378268414271	0.0228084531376	0.0532303147516	-0.0229446401294	0.0324201023749	-0.0643615201384	-0.0384752824021	0.0578388534484	0.0516219207017
k__Bacteria;p__Bacteroidetes;c__Bacteroidia;o__Bacteroidales;f__Porphyromonadaceae;g__Barnesiella;s__Barnesiella_intestinihominis	0.0221907849814	0.00995117927394	0.0217789725985	0.00272641726875	-0.0266484377909	-0.0346110223353	0.0294599403367	-0.0268126468876	-0.0532644659377	-0.0148485790762	0.00935298519029	-0.0109424001164	0.0158488958458	-0.043745982241	-0.0188585613661	-0.053059279085	-0.0191749867725	0.0067805468176	1.0	0.0797964767703	0.0244637100424	-0.0234658364135	-0.0226863173757	-0.0186240857588	-0.0125506232689	-0.0154309203583	-0.0413534055095	0.0184105717992	0.00109201383224	-0.0276423669852	-0.0227868664322	-0.047062340417	-0.0151601478499	-0.0225685469304	-0.00622429575255	-0.00903849299939	-0.0338125422892	-0.0263481096084	0.0084964384306	0.00824597142896	-0.00547611990454	-0.0347872197625	0.0357460322327	-0.0559946635733	0.0599170730779	0.0207807386811	0.0379963175394	0.0025479443183	-0.0504539660714	-0.00193912161967	0.00623061214411	0.0317800269676	0.041631274317	-0.0212022779669	-0.00462570849128	-0.0108003439478	0.0160395958081	-0.0188356078471	0.000890460162297
k__Bacteria;p__Bacteroidetes;c__Bacteroidia;o__Bacteroidales;f__Odoribacteraceae;g__Odoribacter;s__Odoribacter_splanchnicus	-0.00926629164594	-0.00878220687436	-0.0215212512985	-0.00930169068517	0.0433183468159	0.0600910332958	-0.0195510493707	-0.0428077163035	0.031946628367	-0.0398760354627	-0.0656195956108	-0.00131714892296	-0.0578603346664	-0.0532108491228	-0.0305932053407	-0.0379700217994	0.0515754459461	0.0262105902665	0.0797964767703	1.0	-0.0560130130027	-0.0388105981016	0.00543424559493	0.0189003518025	0.0145514941795	-0.0723384408475	-0.0431230444629	0.0274824994307	-0.0591204000085	-0.00845243602092	0.045469788641	-0.0382130569166	0.0649028343691	-0.00360301348449	-0.0788742865877	-0.0217443281034	0.0334630264199	0.0291659729772	0.0489525324118	0.0495083536224	-0.0731446295635	-0.0317204061335	0.00209005222125	0.00249433148318	-0.0229795420562	0.0464243420517	-0.0104049702698	-0.0206262782336	0.0465124899763	0.0249128344613	0.00747367378855	-0.0288408768461	-0.00706861978071	-0.0336478633302	0.0358817008193	-0.00813658037611	-0.0398854540996	0.00303866946867	0.0561961592708
k__Bacteria;p__Bacteroidetes;c__Bacteroidia;o__Bacteroidales;f__Bacteroidaceae;g__Bacteroides;s__Bacteroides_salyersiae	0.0305382430709	0.0271436478727	0.0393609390579	-0.0193992686362	-0.0172477309219	0.000289085511133	-0.0117404938201	0.00114579132858	-0.00866877997491	-0.0215989676956	0.0262657741291	0.00268952732106	0.0375624018209	-0.0291045144422	-0.0446927501068	0.00673340004619	0.0608116204145	-0.00187471503232	0.0244637100424	-0.0560130130027	1.0	-0.00280229905672	0.0354517444047	-0.013107319949	-0.0258853904274	-0.0132684193546	-0.062357374039	-0.026074211995	0.000844150318867	0.00473633814632	-0.000607129637862	-0.00940321541826	-0.00829368152243	0.00477927644558	0.0476254507126	0.0484232975464	0.0253192250194	0.0194529621273	0.0155942494069	-0.00417279894528	-0.0247027479416	0.0277662923516	0.00296546296516	-0.0642041920304	-0.0313901870892	-0.0154999254231	-0.0706967639046	0.0117845754901	-0.0207813450036	-0.0273739744004	0.034767193279	0.00516945810207	-0.0779627384607	-0.0534350007628	-0.0116755351299	0.00712701797324	-0.00115306164498	-0.0001179951839	-0.014634979165
k__Bacteria;p__Firmicutes;c__Clostridia;o__Clostridiales;f__Ruminococcaceae;g__Ruminiclostridium;s__[Eubacterium]_siraeum	-0.0402744633883	-0.00842130212874	-0.00161484887589	-0.0350484396758	-0.00848067418132	-0.00771368457546	0.0114018584263	-0.056381163127	-0.0273473957399	0.0646425469846	-0.0231361851933	-0.00240556376751	-0.033432137132	-0.0168030351911	-0.00668149502664	0.0386490540971	0.0033186271479	0.0167190265351	-0.0234658364135	-0.0388105981016	-0.00280229905672	1.0	0.00953659627184	-0.028611135778	-0.0479533743764	0.0332219214306	0.0271100608655	-0.0179658671007	-0.0251695879806	-0.0048756708714	-0.0366573886155	-0.0122137197668	-0.0167319255145	-0.0590984307307	-0.0204748864731	-0.0365406214444	-0.0497581955825	-0.0226953579018	-0.0649038303502	-0.0128028911859	-0.0697450289728	-0.015424063091	0.0329606659363	0.0461875253298	0.00807200242274	-0.0130967319537	-0.0140764553517	0.0159289486229	-0.0023139473475	-0.0462060761284	-0.0146597748789	-0.0120486383138	-0.03604587541	-0.0170870868732	-0.0664378710718	0.0616927441652	0.002736702525	0.0149265033356	-0.0443944108759
k__Bacteria;p__Proteobacteria;c__Betaproteobacteria;o__Burkholderiales;f__Sutterellaceae;g__Parasutterella;s__Parasutterella_excrementihominis	-0.0340288320194	0.0388435828635	-0.0459949739128	0.0532768682641	-0.00913880925758	0.0046420101056	0.05945355605	-0.0780760819461	-0.0168237482763	0.0269748998781	0.051594467641	-0.0285127175211	-0.0151910090555	0.0184133019523	-0.007821149019	-0.0869980478025	-0.0570552327967	-0.0281278045707	-0.0226863173757	0.00543424559493	0.0354517444047	0.00953659627184	1.0	-0.00843165447	-0.0418046397336	0.0590379484778	0.00374543967257	0.0421511298485	-0.0245415164987	0.0140386547112	0.0206278445836	-0.0118033148588	-0.00747882283829	0.00814004435328	-0.0536856494177	-0.00486011312818	0.00540667545717	-0.0093307219334	-0.0139093291756	0.0343778565365	0.0224586427282	-0.0429050191166	0.0356030919993	-0.0303568749789	0.0161474625218	0.033148820519	0.017080664196	-0.0385548887068	-0.0917723493044	-0.00305602775504	0.00521060876696	-0.0228631796307	-0.0475653743524	0.00184749034248	0.0363143227211	0.061290971161	0.0141812127219	-0.0935369711938	0.034131957792
k__Bacteria;p__Actinobacteria;c__Actinobacteria;o__Bifidobacteriales;f__Bifidobacteriaceae;g__Bifidobacterium;s__Bifidobacterium_adolescentis	0.0321094546703	-0.0318544366331	0.0270529479022	-0.0168406738647	0.0680373174858	0.0544599932444	0.0233941818297	-0.0491402462422	-0.0255259399673	0.0158486499729	-0.0124643059052	0.0460360135501	0.0257655746058	0.0360618596063	0.00714339004594	-0.0518344379862	-0.0493117324268	0.0329528460043	-0.0186240857588	0.0189003518025	-0.013107319949	-0.028611135778	-0.00843165447	1.0	0.0375399766961	-0.0264702232319	0.0184666878283	-0.000308161708036	-0.0668522239096	0.0146261160895	0.00184938739695	-0.0433006011949	-0.0469478669638	-0.0157802435499	0.0406765422945	0.0139565547097	-0.0157347044459	-0.0167575004992	-0.0503854724961	-0.002803379876	0.00954566978102	-0.0312760387251	-0.00616558512149	0.000228047743738	0.0117881876139	-0.0193437432275	0.0280980857344	-0.00994049563596	-0.000295202966468	-0.0441362990448	0.0227203599191	-0.0264919389097	-0.0131711484179	-0.0296768693194	-0.0734356009511	0.017361033497	0.00728432636206	0.029150852067	0.000320826341837
k__Bacteria;p__Firmicutes;c__Clostridia;o__Clostridiales;f__Oscillospiraceae;g__Oscillibacter;s__Oscillibacter_sp._KLE_1745	-0.00717994309041	-0.00170572426823	-0.0179467376436	0.00500909649869	0.048492000834	0.0223395971668	0.00775906713547	0.0222429901866	0.00899642767147	-0.0454700075946	0.0229468609991	-0.0134681813784	0.00106453844597	-0.0117471648163	0.0306782186638	-0.00137555796203	0.017496948471	0.012774608041	-0.0125506232689	0.0145514941795	-0.0258853904274	-0.0479533743764	-0.0418046397336	0.0375399766961	1.0	-0.0203433821262	-0.0401806264478	-0.0263641298409	-0.0119389749609	-0.0130760380722	0.0489084095908	-0.0349849148839	-0.00944903622837	0.0246868562773	-0.0104338927801	0.0292185314288	-0.0162202176615	0.00113713670272	-0.0326955879602	0.0216148888347	0.0205378363359	-2.43651153708e-05	-0.0267943600747	-0.0268091818132	-0.0506456720318	0.0094093969033	-0.0150152223047	0.0333751351916	0.00770986894739	0.000298619423941	0.0129965911621	-0.0248187425276	0.028857222291	-0.0332456968801	-0.0444403755616	-0.0370930576362	-0.0103572892969	0.00537028323888	0.0311802962112
k__Bacteria;p__Bacteroidetes;c__Bacteroidia;o__Bacteroidales;f__Bacteroidaceae;g__Bacteroides;s__Bacteroides_coprophilus	-0.047356485741	0.00334858336809	0.0409614463976	0.0159788426377	0.00376374548602	-0.0418464836468	-0.00516976142689	0.0562343697076	-0.0116331387702	0.0427300895079	-0.0410919518761	-0.0111387436633	-0.0167773943209	0.019452171191	-0.0125095910596	-0.083673043398	-0.0260856098929	0.0316242186547	-0.0154309203583	-0.0723384408475	-0.0132684193546	0.0332219214306	0.0590379484778	-0.0264702232319	-0.0203433821262	1.0	0.0279595482574	-0.0267710527613	-0.0308097205166	-0.0361370114459	-0.0104547193494	-0.0253320291027	-0.00276439841983	-0.00468001437119	-0.0392125475539	0.0812116720163	0.00332322855891	0.0311259768252	-0.0684275792736	-0.00311351363737	-0.0386815489225	-0.0239288613566	-0.0201285453996	-0.0209827739466	-0.036456371561	-0.0805913659779	-0.0432879815912	0.00031646444365	-0.0503461846501	0.00849706843441	-0.0557912680406	-0.0170778498733	-0.0541939985237	-0.029245020269	-0.0117837540195	-0.0626003734954	0.0313744441999	0.0064317876862	-0.0381143367892
k__Bacteria;p__Firmicutes;c__Clostridia;o__Clostridiales;f__Lachnospiraceae;g__Roseburia;s__Roseburia_intestinalis	-0.034556756392	0.00998328605922	0.00242101343509	0.028434552001	-0.000610559999075	0.0457367643217	-0.0566266835775	0.0210254470047	-0.0538331337038	-0.0430590167382	0.0292502861849	-0.0122557626308	-0.0304799953176	0.0113317389155	0.031202806812	0.0150297874921	-0.0438761357086	-0.029495162051	-0.0413534055095	-0.0431230444629	-0.062357374039	0.0271100608655	0.00374543967257	0.0184666878283	-0.0401806264478	0.0279595482574	1.0	0.019981812723	0.0308586214011	-0.0521540596342	-0.0114416048196	-0.0481499458147	-0.056961691973	-0.0381341226339	0.0227586744879	-0.0637824048999	-0.0332018107587	0.0173958089805	-0.00224810843425	-0.0448062096555	0.00460135409309	-0.0115721217602	0.0692816163625	0.000437223587329	-0.00708791088421	-0.0456150670692	-0.0357874597002	0.0272985688339	0.0313193372083	0.0796283858202	-0.00199062555346	-0.00263168249793	0.0272900595598	-0.0619566796756	-0.0271415673389	0.0303667730942	-0.0509131588018	0.0079607154864	0.0562992938046
k__Bacteria;p__Firmicutes;c__Clostridia;o__Clostridiales;f__Lachnospiraceae;g__Roseburia;s__Roseburia_hominis	0.0160182658431	-0.0305603371739	-0.0635364743653	-0.00492354604288	0.00400885385371	0.000289318092	-0.0229364303475	-0.00871561276007	0.0458038386819	0.0137603417977	-0.0237903837469	0.0291295287242	-0.0977674438747	-0.00450954680156	-0.0396569168664	-0.0223024480852	-0.0484282395489	-0.0663023418629	0.0184105717992	0.0274824994307	-0.026074211995	-0.0179658671007	0.0421511298485	-0.000308161708036	-0.0263641298409	-0.0267710527613	0.019981812723	1.0	-0.00191146957511	0.0349741339165	0.0260118695357	0.0103440377665	0.0662313463667	0.012214718422	-0.00286131379366	-0.00783390284792	-0.0351640656897	-0.0486548716437	-0.00961009459447	-0.017749392898	0.019686040729	0.032606362624	-0.0281914353567	0.0075029781791	-0.0183250964395	0.011618260014	0.0202475529583	0.0139577177277	0.0149854136886	-0.0307540715593	0.026448326304	-0.00863250231488	-0.0575684451356	0.0308804962042	-0.0245884865215	0.0109741765725	-0.00934461287547	0.0105343178224	0.0222640542565
k__Bacteria;p__Bacteroidetes;c__Bacteroidia;o__Bacteroidales;f__Porphyromonadaceae;g__Parabacteroides;s__Parabacteroides_johnsonii	-0.0569162813349	-0.0460188174663	-0.0220511467753	0.0297267454014	0.00866810542826	-0.00522380683036	-0.0866776230271	0.0277312986746	-0.0329131853092	-0.0173976780495	-0.0335090247297	0.00556528932553	-0.0477121761796	-0.0679216196368	0.00873799158519	0.0139296459547	0.0352609124503	-0.0273569888618	0.00109201383224	-0.0591204000085	0.000844150318867	-0.0251695879806	-0.0245415164987	-0.0668522239096	-0.0119389749609	-0.0308097205166	0.0308586214011	-0.00191146957511	1.0	0.0251385073282	0.00681518326641	0.0142630024255	0.0282049077208	0.029125793447	0.0110312725386	-0.00755040937428	0.00707499980626	-0.033166169402	-0.0484789848566	0.0240530398299	-0.0225203808374	0.0229353872566	0.0295624874246	-0.0281848122352	-0.0127114318318	-0.0254528586758	-0.0147181758245	-0.029294823304	-0.0334205254909	0.0188430704421	-0.0378620323523	0.00686922685669	0.0234452515415	-0.00755037430129	0.0480207865897	-0.031089840368	0.00290030409755	-0.00570624445797	-0.0523466977769
k__Bacteria;p__Actinobacteria;c__Actinobacteria;o__Bifidobacteriales;f__Bifidobacteriaceae;g__Bifidobacterium;s__Bifidobacterium_longum	0.0176746729493	-0.0413056950062	-0.00439771298941	-0.0186825426935	0.00328123635117	-0.038098714742	-0.0127473849869	-0.0469398560248	-0.00401017645859	-0.0137964482058	-0.0502636692189	-0.0499093213423	0.00344854469181	-0.0273019689902	0.0238534806227	0.0188043347182	-0.0555539574865	0.00697126062177	-0.0276423669852	-0.00845243602092	0.00473633814632	-0.0048756708714	0.0140386547112	0.0146261160895	-0.0130760380722	-0.0361370114459	-0.0521540596342	0.0349741339165	0.0251385073282	1.0	-0.0112550942953	-0.0127844535879	-0.0120399947629	-0.032985149546	-0.0107218972786	-0.000638248933211	-0.0114669959217	0.0156887144851	0.0701094740019	-0.00718402049771	0.0332609751266	-0.0221525512372	0.00750972471538	0.023105042938	-0.00142467502614	-0.0268259562067	-0.0130153340015	-0.0311439235156	0.0137763319755	0.0566801458614	0.0181059584911	0.00942018493152	-0.0141448613775	-0.0295312617423	0.000178137993937	-0.0233756174124	-0.0125219197987	0.0202974454406	-0.0647949341289
