#taxonomy	k__Bacteria;p__Bacteroidetes;c__Bacteroidia;o__Bacteroidales;f__Bacteroidaceae;g__Bacteroides;s__Bacteroides_vulgatus	k__Bacteria;p__Bacteroidetes;c__Bacteroidia;o__Bacteroidales;f__Bacteroidaceae;g__Bacteroides;s__Bacteroides_uniformis	k__Bacteria;p__Bacteroidetes;c__Bacteroidia;o__Bacteroidales;f__Rikenellaceae;g__Alistipes;s__Alistipes_putredinis	k__Bacteria;p__Bacteroidetes;c__Bacteroidia;o__Bacteroidales;f__Prevotellaceae;g__Prevotella;s__Prevotella_copri	k__Bacteria;p__Bacteroidetes;c__Bacteroidia;o__Bacteroidales;f__Bacteroidaceae;g__Bacteroides;s__Bacteroides_stercoris	k__Bacteria;p__Bacteroidetes;c__Bacteroidia;o__Bacteroidales;f__Bacteroidaceae;g__Bacteroides;s__Bacteroides_ovatus	k__Bacteria;p__Bacteroidetes;c__Bacteroidia;o__Bacteroidales;f__Rikenellaceae;g__Alistipes;s__Alistipes_shahii	k__Bacteria;p__Firmicutes;c__Clostridia;o__Clostridiales;f__Ruminococcaceae;g__Faecalibacterium;s__Faecalibacterium_prausnitzii	k__Bacteria;p__Bacteroidetes;c__Bacteroidia;o__Bacteroidales;f__Rikenellaceae;g__Alistipes;s__Alistipes_finegoldii	k__Bacteria;p__Bacteroidetes;c__Bacteroidia;o__Bacteroidales;f__Porphyromonadaceae;g__Parabacteroides;s__Parabacteroides_distasonis	k__Bacteria;p__Bacteroidetes;c__Bacteroidia;o__Bacteroidales;f__Bacteroidaceae;g__Bacteroides;s__Bacteroides_thetaiotaomicron	k__Bacteria;p__Bacteroidetes;c__Bacteroidia;o__Bacteroidales;f__Bacteroidaceae;g__Bacteroides;s__Bacteroides_coprocola	k__Bacteria;p__Bacteroidetes;c__Bacteroidia;o__Bacteroidales;f__Bacteroidaceae;g__Bacteroides;s__Bacteroides_cellulosilyticus	k__Bacteria;p__Bacteroidetes;c__Bacteroidia;o__Bacteroidales;f__Rikenellaceae;g__Alistipes;s__Alistipes_obesi	k__Bacteria;p__Firmicutes;c__Clostridia;o__Clostridiales;f__Lachnospiraceae;g__;s__[Eubacterium]_rectale	k__Bacteria;p__Bacteroidetes;c__Bacteroidia;o__Bacteroidales;f__Bacteroidaceae;g__Bacteroides;s__Bacteroides_plebeius	k__Bacteria;p__Bacteroidetes;c__Bacteroidia;o__Bacteroidales;f__Bacteroidaceae;g__Bacteroides;s__Bacteroides_fragilis	k__Bacteria;p__Proteobacteria;c__Betaproteobacteria;o__Burkholderiales;f__Sutterellaceae;g__Sutterella;s__Sutterella_wadsworthensis	k__Bacteria;p__Bacteroidetes;c__Bacteroidia;o__Bacteroidales;f__Porphyromonadaceae;g__Barnesiella;s__Barnesiella_intestinihominis	k__Bacteria;p__Bacteroidetes;c__Bacteroidia;o__Bacteroidales;f__Odoribacteraceae;g__Odoribacter;s__Odoribacter_splanchnicus	k__Bacteria;p__Bacteroidetes;c__Bacteroidia;o__Bacteroidales;f__Bacteroidaceae;g__Bacteroides;s__Bacteroides_salyersiae	k__Bacteria;p__Firmicutes;c__Clostridia;o__Clostridiales;f__Ruminococcaceae;g__Ruminiclostridium;s__[Eubacterium]_siraeum	k__Bacteria;p__Proteobacteria;c__Betaproteobacteria;o__Burkholderiales;f__Sutterellaceae;g__Parasutterella;s__Parasutterella_excrementihominis	k__Bacteria;p__Actinobacteria;c__Actinobacteria;o__Bifidobacteriales;f__Bifidobacteriaceae;g__Bifidobacterium;s__Bifidobacterium_adolescentis	k__Bacteria;p__Firmicutes;c__Clostridia;o__Clostridiales;f__Oscillospiraceae;g__Oscillibacter;s__Oscillibacter_sp._KLE_1745	k__Bacteria;p__Bacteroidetes;c__Bacteroidia;o__Bacteroidales;f__Bacteroidaceae;g__Bacteroides;s__Bacteroides_coprophilus	k__Bacteria;p__Firmicutes;c__Clostridia;o__Clostridiales;f__Lachnospiraceae;g__Roseburia;s__Roseburia_intestinalis	k__Bacteria;p__Firmicutes;c__Clostridia;o__Clostridiales;f__Lachnospiraceae;g__Roseburia;s__Roseburia_hominis	k__Bacteria;p__Bacteroidetes;c__Bacteroidia;o__Bacteroidales;f__Porphyromonadaceae;g__Parabacteroides;s__Parabacteroides_johnsonii	k__Bacteria;p__Actinobacteria;c__Actinobacteria;o__Bifidobacteriales;f__Bifidobacteriaceae;g__Bifidobacterium;s__Bifidobacterium_longum	k__Bacteria;p__Firmicutes;c__Clostridia;o__Clostridiales;f__;g__Flavonifractor;s__Flavonifractor_plautii	k__Bacteria;p__Firmicutes;c__Clostridia;o__Clostridiales;f__Clostridiaceae;g__Clostridium;s__Clostridium_phoceensis	k__Bacteria;p__Verrucomicrobia;c__Verrucomicrobiae;o__Verrucomicrobiales;f__Akkermansiaceae;g__Akkermansia;s__Akkermansia_muciniphila	k__Bacteria;p__Bacteroidetes;c__Bacteroidia;o__Bacteroidales;f__Prevotellaceae;g__Paraprevotella;s__Paraprevotella_xylaniphila	k__Bacteria;p__Firmicutes;c__Clostridia;o__Clostridiales;f__Ruminococcaceae;g__Ruminococcus;s__Ruminococcus_callidus	k__Bacteria;p__Bacteroidetes;c__Bacteroidia;o__Bacteroidales;f__Rikenellaceae;g__Alistipes;s__Alistipes_senegalensis	k__Bacteria;p__Firmicutes;c__Clostridia;o__Clostridiales;f__Lachnospiraceae;g__Blautia;s__Blautia_sp._KLE_1732	k__Bacteria;p__Bacteroidetes;c__Bacteroidia;o__Bacteroidales;f__Bacteroidaceae;g__Bacteroides;s__Bacteroides_oleiciplenus	k__Bacteria;p__Firmicutes;c__Clostridia;o__Clostridiales;f__Ruminococcaceae;g__Ruminococcus;s__Ruminococcus_bicirculans	k__Bacteria;p__Bacteroidetes;c__Bacteroidia;o__Bacteroidales;f__Bacteroidaceae;g__Bacteroides;s__Bacteroides_fluxus	k__Bacteria;p__Bacteroidetes;c__Bacteroidia;o__Bacteroidales;f__Prevotellaceae;g__Prevotella;s__Prevotella_stercorea	k__Bacteria;p__Firmicutes;c__Clostridia;o__Clostridiales;f__Lachnospiraceae;g__Dorea;s__Dorea_longicatena	k__Bacteria;p__Firmicutes;c__Clostridia;o__Clostridiales;f__Eubacteriaceae;g__Eubacterium;s__[Eubacterium]_eligens	k__Bacteria;p__Firmicutes;c__Clostridia;o__Clostridiales;f__Ruminococcaceae;g__;s__Ruminococcaceae_bacterium_D16	k__Bacteria;p__Firmicutes;c__Clostridia;o__Clostridiales;f__Lachnospiraceae;g__Coprococcus;s__Coprococcus_comes	k__Bacteria;p__Proteobacteria;c__Gammaproteobacteria;o__Enterobacterales;f__Enterobacteriaceae;g__Escherichia;s__Escherichia_coli	k__Bacteria;p__Firmicutes;c__Clostridia;o__Clostridiales;f__Ruminococcaceae;g__Anaerotruncus;s__Anaerotruncus_colihominis	k__Bacteria;p__Firmicutes;c__Clostridia;o__Clostridiales;f__Lachnospiraceae;g__Blautia;s__Blautia_obeum	k__Bacteria;p__Bacteroidetes;c__Bacteroidia;o__Bacteroidales;f__Odoribacteraceae;g__Odoribacter;s__Odoribacter_laneus	k__Bacteria;p__Firmicutes;c__Clostridia;o__Clostridiales;f__Ruminococcaceae;g__Ruminiclostridium;s__[Clostridium]_leptum	k__Bacteria;p__Bacteroidetes;c__Bacteroidia;o__Bacteroidales;f__Porphyromonadaceae;g__Parabacteroides;s__Parabacteroides_goldsteinii	k__Bacteria;p__Firmicutes;c__Clostridia;o__Clostridiales;f__Lachnospiraceae;g__Anaerostipes;s__Anaerostipes_hadrus	k__Bacteria;p__Firmicutes;c__Clostridia;o__Clostridiales;f__Ruminococcaceae;g__Ruminococcus;s__Ruminococcus_lactaris	k__Bacteria;p__Firmicutes;c__Clostridia;o__Clostridiales;f__Clostridiaceae;g__Clostridium;s__Clostridium_sp._L2-50	k__Bacteria;p__Firmicutes;c__Clostridia;o__Clostridiales;f__Clostridiaceae;g__Clostridium;s__Clostridium_sp._M62/1	k__Bacteria;p__Firmicutes;c__Clostridia;o__Clostridiales;f__;g__Intestinimonas;s__Intestinimonas_butyriciproducens	k__Bacteria;p__Actinobacteria;c__Actinobacteria;o__Bifidobacteriales;f__Bifidobacteriaceae;g__Bifidobacterium;s__Bifidobacterium_bifidum	k__Bacteria;p__Firmicutes;c__Negativicutes;o__Veillonellales;f__Veillonellaceae;g__Dialister;s__Dialister_invisus	k__Bacteria;p__Bacteroidetes;c__Bacteroidia;o__Bacteroidales;f__Bacteroidaceae;g__Bacteroides;s__Bacteroides_salanitronis
k__Bacteria;p__Bacteroidetes;c__Bacteroidia;o__Bacteroidales;f__Bacteroidaceae;g__Bacteroides;s__Bacteroides_vulgatus	1.0	0.000628579715816	-0.0145257747141	-0.0400236013194	0.0408372823111	-0.0516946274958	-0.0367553940386	-0.0378798918786	0.0553921852382	0.0120560817345	0.0121863240859	0.00843090654985	-0.0146635198976	-0.0455514293221	-0.0361813113574	-0.0973734941135	0.0210511273757	-0.0350444918236	-0.0382135812032	0.0245632428061	0.0334629414568	0.103542395811	0.0161287628187	-0.0472398691652	-0.0338190001461	-0.065814388083	-0.0346360514261	-0.0250362939956	-0.0635759246637	0.00823951778521	-0.0299823566205	0.0308652831856	0.0142783909458	0.00739149835327	-0.0350724803041	-0.00495918104671	0.00937404575613	-0.00694053066956	0.00096678687741	0.00145093740652	-0.0638751552131	0.036986303504	0.0327369754078	0.00694185581036	-0.0293921077965	-0.0171473326228	0.0173151546604	0.0523332312427	0.00312077575841	-0.0577444199972	-0.121605599655	0.0306425735225	-0.0169673495283	-0.0131632281612	0.0240693361883	0.0131780487522	-0.0364435819984	0.0186569093816	0.0106272049658
k__Bacteria;p__Bacteroidetes;c__Bacteroidia;o__Bacteroidales;f__Bacteroidaceae;g__Bacteroides;s__Bacteroides_uniformis	0.000628579715816	1.0	-0.0105551309122	-0.0310251112081	-0.0792427291932	-0.0613844838587	-0.0156883890583	-0.00176150888777	-0.0130906721388	0.0317358348047	0.0595518502501	0.0160184717293	-0.0213974897591	0.0172465992352	0.0592854354537	-0.00752027988696	0.00729850117237	-0.0284139460734	0.0225497865703	-0.00911288501361	-0.0134812292857	0.0195379309842	-0.0154795874325	0.00244003822437	0.0312801645353	0.0101997096965	0.0361328606264	-0.0143763644948	-0.0514196068021	-0.0200806084865	-0.0571945543137	0.0160395393752	-0.0568001384774	0.00813718031205	0.0444963148273	-0.0350398174767	0.0032420943545	0.0156106301695	-0.0354384102918	0.0103693033339	-0.0285725505291	-0.0254794471396	0.00519341447564	0.0121907654903	0.00208400467416	-0.0334717566086	0.0369293869469	-0.00122477933618	0.00493686927142	-0.0149326405389	-0.0426715041131	0.0081045804309	-0.038618846926	-0.0349205319694	-0.00882350888994	-0.00638230565089	0.0171534270848	-0.00149467486457	0.000226708684586
k__Bacteria;p__Bacteroidetes;c__Bacteroidia;o__Bacteroidales;f__Rikenellaceae;g__Alistipes;s__Alistipes_putredinis	-0.0145257747141	-0.0105551309122	1.0	-0.0246037668213	0.0166544212376	0.0315181482547	0.00276056596073	-0.0249512241482	0.01311718844	-0.0642368726238	-0.0500973384305	-0.00611254016639	-0.0264452181223	0.0109816232786	-0.0732238344702	0.0297599422253	0.0089594233647	-0.00272603007487	0.0383478594839	-0.0707190756222	-0.00903964976902	-0.0222191072699	-0.0311699309595	-0.0291510110934	-0.0189749933975	-0.0384769798833	-0.0246746360277	-0.0557959733121	-0.0415985531469	-0.0250582696892	-0.0223793016416	0.00406872523772	0.013624964466	-0.0125091190282	-0.0322206951722	-0.0416409795196	-0.0191165919128	-0.0483295767177	-0.0151128742402	-0.0464142784955	-0.0102467555017	0.0418603022942	0.0262078763824	0.0228725758637	-0.00425871469275	-0.0683407317049	0.0622134663798	0.000347323990113	-0.0342331025918	0.015935770178	0.0197818136647	-0.0346918748521	-0.00951995458296	0.0475294988244	0.0244282331076	0.00744146003722	-0.00181871939502	0.0439780041531	0.0378821881486
k__Bacteria;p__Bacteroidetes;c__Bacteroidia;o__Bacteroidales;f__Prevotellaceae;g__Prevotella;s__Prevotella_copri	-0.0400236013194	-0.0310251112081	-0.0246037668213	1.0	-0.0545658314772	0.0101548992489	0.00810429913609	0.0209275459795	-0.0475331233564	-0.0074886703323	0.00504113510196	-0.0282308733529	-0.00971404944698	0.0336765445369	-0.0237066823378	-0.000999402400609	0.0322805469112	-0.0152061625986	-0.00377157132319	-0.0530391330526	-0.0414188498549	-0.0058520016643	0.00886008218157	-0.079263764633	-0.021348390945	0.0289319016239	5.3307880592e-05	0.0251038363762	-0.0166578678749	0.0127402273398	0.0177728446145	-0.0640673810252	-0.00262160735423	-0.0376620990927	0.00500752966046	-0.0398067896274	0.0759900318982	-0.0135737059344	-0.016556914268	-0.0203374444295	0.00932196724221	0.0254822887913	0.024922223854	-0.00699683930579	0.00561221113385	0.0693250843277	-0.0511412696375	-0.0265997195483	-0.0220370453052	0.00157973381246	0.00631965897085	-0.0194653453127	0.0437147163368	-0.0589286440362	-0.0410932577232	0.00944499215021	0.0316184656408	0.0172959226268	-0.0375320289351
k__Bacteria;p__Bacteroidetes;c__Bacteroidia;o__Bacteroidales;f__Bacteroidaceae;g__Bacteroides;s__Bacteroides_stercoris	0.0408372823111	-0.0792427291932	0.0166544212376	-0.0545658314772	1.0	-0.0285663745105	0.0210922780169	-0.00353353592081	0.0128688413142	-0.0156770707934	-0.00743404892876	0.00842564374217	-0.00119307017258	-0.0149356319748	-0.0360571318238	0.037077691278	-0.0547111030921	0.0427999835569	-0.0323576094595	-0.0177159150468	-0.0307396571045	0.000636667418955	0.0305220316636	-0.0163483689603	-0.0200314866248	-0.0281293727564	0.00388639108544	-0.000717672904176	-0.00441757593699	0.00645895509878	-0.00298761244622	-0.00198034941453	0.0243822893756	0.0440425976233	-0.0592155632885	-0.0107999784655	-0.032522246076	-0.0343154258649	-0.018439178808	-0.0529406926357	0.0186492137435	-0.0133064947318	0.0420152510864	0.0424207005229	-0.0158820599932	-0.0180065755221	-0.0420447643749	0.0037918855209	-0.000666988005443	-0.0207802707734	0.0483286928947	0.0311393981957	-0.0106731653879	-0.00580535656812	-0.0150339640699	0.0439818278459	-0.0499941806571	-0.0175962084311	-0.0314251111138
k__Bacteria;p__Bacteroidetes;c__Bacteroidia;o__Bacteroidales;f__Bacteroidaceae;g__Bacteroides;s__Bacteroides_ovatus	-0.0516946274958	-0.0613844838587	0.0315181482547	0.0101548992489	-0.0285663745105	1.0	-0.0229247646683	0.063556005956	-0.00685090196076	-0.021406295424	-0.0075321060338	-0.0137123038394	-0.025658001247	0.0188561581933	0.0120482183452	-0.00924166383478	-0.0150849520662	0.0512804360099	0.00725449729217	-0.0537609579903	0.0602673121328	-0.00930004826717	0.014954291851	-0.0499475780147	0.0214960845264	-0.00985939543763	0.0164655700346	-0.0293994545034	-0.015757520822	0.0175599694265	0.0141727832575	-0.0176028888439	-0.049275352336	0.0836225685839	0.0226646481026	0.0187337566506	-0.0309737093811	0.00241646043198	-0.00777391966517	-0.0169141843102	-0.0420171429462	-0.0336654671542	-0.0253788392261	0.0195310444292	-0.0427902428089	0.00277393937126	0.00096906714938	0.0134260038944	-0.0385249310122	-0.0508485635297	-0.0286402100464	-0.0507645667434	-0.0153951988599	-0.0291872481981	-0.0108292180978	0.0458989708155	-0.0137676932175	0.00971608974886	-0.0204256231358
k__Bacteria;p__Bacteroidetes;c__Bacteroidia;o__Bacteroidales;f__Rikenellaceae;g__Alistipes;s__Alistipes_shahii	-0.0367553940386	-0.0156883890583	0.00276056596073	0.00810429913609	0.0210922780169	-0.0229247646683	1.0	-0.0185677859986	-0.00299646874826	-0.0240225268186	-0.0104842412554	0.00415389344972	0.0214089785459	0.0564275067701	-0.0163471722687	-0.00268632244208	-0.059204757274	0.0183909732812	0.0317145917334	0.0322347531406	0.0339452364402	0.000466273021668	0.00801304446996	0.00288431535021	0.00111855968811	0.0286785139026	-0.0253922700681	0.0126842276039	-0.0283947241527	-0.0310649912961	0.0204694176714	-0.00400054329284	0.000627228299759	-0.0217648283923	-0.00212494408322	0.0187012921194	-0.0115109277911	0.0182697836343	-0.0191302592133	-0.0640667036964	-0.00991135989132	0.00148982847394	-0.00257349063719	0.0346801102262	-0.0175272055574	0.0150939162036	-0.121023499957	-0.0122775004967	-0.0256591198838	0.0132535315643	0.0180097899836	0.00237639986122	-0.0117172769006	0.0105954269967	0.0230060025215	0.026835773653	-0.0311334196579	0.0364725401692	-0.0174758620157
k__Bacteria;p__Firmicutes;c__Clostridia;o__Clostridiales;f__Ruminococcaceae;g__Faecalibacterium;s__Faecalibacterium_prausnitzii	-0.0378798918786	-0.00176150888777	-0.0249512241482	0.0209275459795	-0.00353353592081	0.063556005956	-0.0185677859986	1.0	-0.0550637405893	0.031291286646	-0.0451473532972	-0.0586632311201	-0.0473089947365	-0.0160827136088	-0.0252003887653	0.0124431882387	0.00116617063818	-0.056389591054	-0.0267756764151	-0.0113057656901	0.0320658364387	-0.0120548377958	0.0295159473922	0.0171973759251	-0.0432902549295	-0.0187494928266	-0.00213826542819	-0.0206265744037	0.0142538545119	0.0597355484651	0.00910875624373	0.0164048859222	0.0234453092124	0.00928318612207	0.0114522000672	0.03210857913	0.00203177824442	0.0638025252048	-0.0389325039456	0.0238415061357	-0.0452412800482	0.0225059127731	-0.0356992031607	0.00602315055518	0.030349173213	-0.0599932975326	-0.0372118291359	-0.0454011364429	0.0242563855442	-0.0504153969208	-0.0370299263728	0.0403435619626	0.0187450973638	0.00586886761446	-0.0305072921404	0.05475117633	-0.0176686854158	0.00130969637597	-0.0353408348398
k__Bacteria;p__Bacteroidetes;c__Bacteroidia;o__Bacteroidales;f__Rikenellaceae;g__Alistipes;s__Alistipes_finegoldii	0.0553921852382	-0.0130906721388	0.01311718844	-0.0475331233564	0.0128688413142	-0.00685090196076	-0.00299646874826	-0.0550637405893	1.0	0.00416047285025	-0.00677649024729	0.00605344585026	-0.0165412125218	0.00413517706859	-0.0561126089159	0.0438498921783	0.018120338863	0.0105484503805	0.0483688946513	-0.0360302677831	-0.0148465879072	-0.0352395320478	-0.033953549373	0.00630728142444	-0.0566660113137	0.0490054474988	-0.0157092162132	0.00929761106873	0.00484837212412	-0.000663740374571	0.00438606507769	0.100962754413	0.0422208491381	-0.00368574356648	-0.0217023255521	0.00144863312592	-0.0619178048301	0.00366014231991	-0.028618501742	0.0163053933008	0.0441183345173	0.0524368662577	0.0109848998444	-0.0499758011293	0.0399098540999	-0.041205444554	0.0392386003073	-0.0329831551767	-0.0559314569258	0.000418437834678	0.0214690955912	0.00435725533832	0.0045005401312	-0.0114186937991	-0.00273793507522	-0.0297232544447	0.0372856791307	-0.0142222737251	0.0089799206877
k__Bacteria;p__Bacteroidetes;c__Bacteroidia;o__Bacteroidales;f__Porphyromonadaceae;g__Parabacteroides;s__Parabacteroides_distasonis	0.0120560817345	0.0317358348047	-0.0642368726238	-0.0074886703323	-0.0156770707934	-0.021406295424	-0.0240225268186	0.031291286646	0.00416047285025	1.0	-0.0321112142518	0.0584928319883	-0.0007374024325	-0.0152012151578	-0.0354852352983	0.0532873067855	-0.00114451693806	-0.0100502340751	-0.012596980447	0.0380480113432	-0.0168965744871	-0.00734783835184	-0.0253206863607	0.0205050798313	-0.0486263111674	-0.065401902723	0.00671867233929	0.0288110399626	0.0371719304364	0.0596461194883	0.0204983221341	-0.00339652806229	-0.00288959409756	0.00828259554131	-0.0081661346723	-0.0148205696985	-0.0411518538836	-0.0208054176842	0.00892792816041	-0.0136574100693	0.0239511387914	-0.00539027586361	0.0123430214835	0.0236952839266	-0.0583121496846	-0.0310086497744	0.0106261445224	-0.00689385318546	-0.0384463487614	-0.0347498413011	0.00292909666387	0.0197563946078	-0.0208552507091	-0.00847125167777	-0.018720653774	-0.0220113340981	-0.00807328602508	-0.0158588344175	0.00515345735929
k__Bacteria;p__Bacteroidetes;c__Bacteroidia;o__Bacteroidales;f__Bacteroidaceae;g__Bacteroides;s__Bacteroides_thetaiotaomicron	0.0121863240859	0.0595518502501	-0.0500973384305	0.00504113510196	-0.00743404892876	-0.0075321060338	-0.0104842412554	-0.0451473532972	-0.00677649024729	-0.0321112142518	1.0	0.0342097498027	-0.00603332955591	-0.0261583045505	0.0262190287386	-0.0466344425197	-0.00462951204549	-0.0246093201191	0.0276561445585	0.0497581333881	0.0289237810175	-0.0402699351769	-0.0343902018951	-0.0191254502858	0.0161826199102	-0.0433153535549	0.0572806216302	-0.0314886077712	-0.0683954608172	-0.0549207607121	-0.0188874446833	-0.0129179181186	0.0179009311225	0.0108933631626	0.00925599993258	0.00027889272614	-0.003411548511	0.0205250771956	-0.0100056031269	0.029729610114	-0.0184378299021	-0.0464528215733	-0.0248116038672	-0.0765785631035	0.0154653122804	0.010433817854	-0.00509279993569	0.0231249578125	0.0262222049693	-0.0415923327691	0.01117721725	-0.0453267757237	0.0281779744637	-0.0127229694484	-0.0360215760068	0.0152579447646	-0.00133810390863	0.0432742314388	-0.020917093703
k__Bacteria;p__Bacteroidetes;c__Bacteroidia;o__Bacteroidales;f__Bacteroidaceae;g__Bacteroides;s__Bacteroides_coprocola	0.00843090654985	0.0160184717293	-0.00611254016639	-0.0282308733529	0.00842564374217	-0.0137123038394	0.00415389344972	-0.0586632311201	0.00605344585026	0.0584928319883	0.0342097498027	1.0	-0.0131869847246	-0.0254021589015	0.0665473862953	-0.0178703905118	-0.0427461225482	0.0438787377534	-0.0450816552773	-0.0175405099311	0.0306207554617	0.0174516371058	-0.0286698231154	-0.0131050797301	0.0234284359081	0.00467298537666	0.000417197609538	0.0330329217419	0.0111121823811	-0.00956511037442	-0.025518404452	-0.0188512554248	-0.0615124697159	-0.0260932544519	-0.0307929437989	0.0212892246372	-0.0523668404528	-0.0248357063455	0.00683934618733	0.00190217316596	-0.00309860671976	-0.0131204447462	0.0247619808092	0.00165055642826	0.00157818351957	0.0262070334557	0.0290468826342	-0.0650305230896	0.0128340991355	-0.00774422899688	0.0315825163175	-0.018853786133	0.00806524675654	0.0082930539587	0.0460903567677	-0.0243539740959	0.00773877902232	0.0320965143572	0.0250816127411
k__Bacteria;p__Bacteroidetes;c__Bacteroidia;o__Bacteroidales;f__Bacteroidaceae;g__Bacteroides;s__Bacteroides_cellulosilyticus	-0.0146635198976	-0.0213974897591	-0.0264452181223	-0.00971404944698	-0.00119307017258	-0.025658001247	0.0214089785459	-0.0473089947365	-0.0165412125218	-0.0007374024325	-0.00603332955591	-0.0131869847246	1.0	-0.00514159327025	-0.0168009883263	0.0199819834463	-0.0389654016548	-0.0230461276	-0.017179506381	0.0212034165649	-0.0667068850075	-0.0456346226473	0.0436497538937	0.0412470065762	-0.0173661020388	0.0311134291001	-0.0201301707987	-0.0665145267966	0.0177144885537	0.00168601717464	-0.0213558224479	0.0417486587181	0.0240204745988	0.0190139923622	-0.0339401395013	-0.00501902690313	0.03575128639	-0.00929717377526	-0.0175150824993	0.0239117695118	-0.0537803922493	-0.0358678363539	-0.0123043367407	0.0607993432117	-0.00264891697772	-0.00323314142784	0.034847443135	-0.0365367087005	-0.0356300608958	-0.0491145443768	0.0413800690925	-0.026651274234	-0.0145441435203	0.0220274838652	-0.0534089588206	-0.0336366581161	-0.0380528736951	-0.0537818987521	-0.0680900065488
k__Bacteria;p__Bacteroidetes;c__Bacteroidia;o__Bacteroidales;f__Rikenellaceae;g__Alistipes;s__Alistipes_obesi	-0.0455514293221	0.0172465992352	0.0109816232786	0.0336765445369	-0.0149356319748	0.0188561581933	0.0564275067701	-0.0160827136088	0.00413517706859	-0.0152012151578	-0.0261583045505	-0.0254021589015	-0.00514159327025	1.0	-0.0087195074863	-0.0227547219411	0.0404263740533	0.013800212293	0.0169023224312	-0.0181443291398	-0.0532480620574	-0.0403387364448	-0.0261809831447	0.078714100015	0.0215116006191	-0.0336611690114	-0.00369917215892	-0.0206018900758	-0.00664175661783	-0.0534812003265	-0.0242667426261	-0.0376314990385	0.0351557262016	0.00513477736763	-0.0795635302858	0.0347435873096	0.0367310359532	-0.0281639359405	0.00702693412758	-0.03151365524	-0.0119518456011	-0.00282586677767	-0.030912514664	-0.000538016477667	-0.0192601334482	0.0160446194711	0.00739926489089	0.0192405494081	-0.0343128084002	-0.0189485795179	0.011758484451	-0.0148361467969	-0.0501230266018	0.0167383885169	-0.000241002048855	-0.0975431257109	-0.00857128502085	-0.0097683303458	0.00245076108564
k__Bacteria;p__Firmicutes;c__Clostridia;o__Clostridiales;f__Lachnospiraceae;g__;s__[Eubacterium]_rectale	-0.0361813113574	0.0592854354537	-0.0732238344702	-0.0237066823378	-0.0360571318238	0.0120482183452	-0.0163471722687	-0.0252003887653	-0.0561126089159	-0.0354852352983	0.0262190287386	0.0665473862953	-0.0168009883263	-0.0087195074863	1.0	-0.125342391333	-0.0487701072314	-0.0273435688266	-0.0160091086827	-0.0165564269279	0.0158850029066	0.00337200666485	-0.0491403861979	0.0895999264327	0.012854726142	0.0492392229443	0.011704273844	-0.00415494150138	-0.0245421819048	0.044158979951	-0.0196900098129	0.0234215434009	-0.0112524748515	0.0246487028818	-0.0169604402115	-0.0453188292263	0.00784781849589	-0.0194092216105	-0.0606966130911	0.00753386078472	-0.0198420092941	-0.0138729567591	-0.0248454355535	0.0219198327574	-0.0584487337243	0.00200968700355	-0.0327410869648	-0.0117770264627	-0.0112324841664	0.0264032351335	0.0251559173949	0.0493859436265	-0.014179675981	-0.0346692064053	0.0665553834545	0.003195382741	0.0332204848447	-0.0488085995914	0.0166861550069
k__Bacteria;p__Bacteroidetes;c__Bacteroidia;o__Bacteroidales;f__Bacteroidaceae;g__Bacteroides;s__Bacteroides_plebeius	-0.0973734941135	-0.00752027988696	0.0297599422253	-0.000999402400609	0.037077691278	-0.00924166383478	-0.00268632244208	0.0124431882387	0.0438498921783	0.0532873067855	-0.0466344425197	-0.0178703905118	0.0199819834463	-0.0227547219411	-0.125342391333	1.0	0.0119749495326	-0.00912928243919	-0.00791758602728	0.0502253752383	0.0663376379484	-0.0387070748221	0.086249758021	-0.00883931409168	-0.0329775226654	0.0103281733183	-0.0386880755095	0.0101541469225	0.0531780583645	0.0297338869787	0.0933485334606	-0.0292352241328	-0.00817578602948	-0.0707836011603	-0.014714267945	0.0228977743147	-0.00503069640354	-0.0255637373153	0.039203966195	-0.00501106293471	-0.0233449949389	-0.0449648864098	-0.026861635397	0.0305064538133	-0.0338457813829	-0.002183884937	-0.000608612904665	-0.0119327542799	0.0325935717853	-0.00374661658001	-0.0122894613926	0.0398857365698	0.000233354805711	-0.0220557236049	-0.0308392741766	-0.0451845978685	0.00744765407614	-0.0476856268221	-0.0756918249904
k__Bacteria;p__Bacteroidetes;c__Bacteroidia;o__Bacteroidales;f__Bacteroidaceae;g__Bacteroides;s__Bacteroides_fragilis	0.0210511273757	0.00729850117237	0.0089594233647	0.0322805469112	-0.0547111030921	-0.0150849520662	-0.059204757274	0.00116617063818	0.018120338863	-0.00114451693806	-0.00462951204549	-0.0427461225482	-0.0389654016548	0.0404263740533	-0.0487701072314	0.0119749495326	1.0	0.0215386907039	-0.0195009290891	0.0098877359225	-0.00956026870867	-0.0330624996044	-0.04053942778	-0.0569457266511	-0.0518477915529	-0.029715672907	0.00846287295029	0.0276595314739	-0.0307598719304	-0.0192470671343	0.0067183945094	-0.0289843103288	0.0153221111277	-0.0203343779638	0.00312619770149	0.020467429322	0.0195780469717	0.0134040924049	-0.0392133431134	-0.0543490629728	0.0182346128128	-0.0470065503621	-0.0105059013711	0.0288663416628	0.0144533316428	-0.066771932529	0.0411659789409	0.0678496447132	-0.00157180096203	-0.0523463759942	-0.0397016166822	-0.0470964043359	0.0270654340918	-0.0331912354788	-0.0233679183927	0.0229961673077	-0.00415759816059	-0.0107107152894	-0.0402254721884
k__Bacteria;p__Proteobacteria;c__Betaproteobacteria;o__Burkholderiales;f__Sutterellaceae;g__Sutterella;s__Sutterella_wadsworthensis	-0.0350444918236	-0.0284139460734	-0.00272603007487	-0.0152061625986	0.0427999835569	0.0512804360099	0.0183909732812	-0.056389591054	0.0105484503805	-0.0100502340751	-0.0246093201191	0.0438787377534	-0.0230461276	0.013800212293	-0.0273435688266	-0.00912928243919	0.0215386907039	1.0	-0.0384689484283	-0.0469560217774	-0.0218667590108	0.0283889659361	-0.0649132669188	-0.0281315840494	0.0196944058325	-0.0303292958634	-0.0474866130926	-0.0238987100003	-0.0167681290599	-0.0140105046704	0.0252822930066	-0.00038957634433	0.080478316305	-0.0271794404051	-0.027736917859	-0.0126285069399	0.0137010800163	-0.0363961544643	0.0167173262038	0.052133711749	-0.0313184048635	0.00591474879072	-0.0278297267388	0.00167944157622	-0.0294799852658	-0.000719124208798	0.0146272164212	0.0115868470373	-0.00169035497738	-0.0172000119628	0.013921536672	-0.00971742038484	-0.00487072193082	0.0207469947545	0.0313473676787	0.0207355987488	-0.0356445865206	0.0389592786354	-0.0109191984482
k__Bacteria;p__Bacteroidetes;c__Bacteroidia;o__Bacteroidales;f__Porphyromonadaceae;g__Barnesiella;s__Barnesiella_intestinihominis	-0.0382135812032	0.0225497865703	0.0383478594839	-0.00377157132319	-0.0323576094595	0.00725449729217	0.0317145917334	-0.0267756764151	0.0483688946513	-0.012596980447	0.0276561445585	-0.0450816552773	-0.017179506381	0.0169023224312	-0.0160091086827	-0.00791758602728	-0.0195009290891	-0.0384689484283	1.0	-0.0173672236965	-0.0471552320677	-0.0309723603916	-0.0312639401037	-0.0187514097229	-0.000137944419296	0.0195799874292	0.0274186365616	-0.0159529863362	0.0380542679231	-0.0154592040465	-0.0395506606268	0.00705226398415	-0.0250105161406	0.0155860089724	0.0138004726215	0.0346270595523	0.00222915168191	-0.00782036710299	-0.0326056570536	-0.0255186356851	-0.0393566516972	-0.0736656738159	0.00903074638119	0.0107791940557	-0.0538823132914	-0.0298079424294	0.00806505026629	0.0175803796896	-0.0313132837249	0.00424304276174	-0.0261276053179	-0.0173743536481	0.0304427739808	-0.00392151826593	-0.0340038090418	-0.00693985284795	-0.0795430729126	0.0146360607868	0.0189604256953
k__Bacteria;p__Bacteroidetes;c__Bacteroidia;o__Bacteroidales;f__Odoribacteraceae;g__Odoribacter;s__Odoribacter_splanchnicus	0.0245632428061	-0.00911288501361	-0.0707190756222	-0.0530391330526	-0.0177159150468	-0.0537609579903	0.0322347531406	-0.0113057656901	-0.0360302677831	0.0380480113432	0.0497581333881	-0.0175405099311	0.0212034165649	-0.0181443291398	-0.0165564269279	0.0502253752383	0.0098877359225	-0.0469560217774	-0.0173672236965	1.0	0.0418976898697	-0.0211317371115	-0.108443881143	-0.0356443133912	-0.0518398678986	0.0359028454265	-0.0200464844501	-0.0129468100619	0.0292105424562	0.0125402317564	-0.0453020928281	0.000277884502576	-0.00258393291432	-0.047471933688	0.0667669304069	-0.0855751623238	-0.0300174055783	0.0128593786177	0.0623674977005	-0.019806690508	0.0117159064722	0.0168873714618	0.00292564022645	0.00535009997029	-0.0381284374231	-0.0466041602715	0.0273070777881	0.0479913808117	0.0311330761668	0.00287907275716	-0.0465826009602	0.0174841437	0.0583137718022	-0.00802053485526	0.00571159523692	-0.0132518234918	-0.108883647841	-0.0246881805964	0.0379303558759
k__Bacteria;p__Bacteroidetes;c__Bacteroidia;o__Bacteroidales;f__Bacteroidaceae;g__Bacteroides;s__Bacteroides_salyersiae	0.0334629414568	-0.0134812292857	-0.00903964976902	-0.0414188498549	-0.0307396571045	0.0602673121328	0.0339452364402	0.0320658364387	-0.0148465879072	-0.0168965744871	0.0289237810175	0.0306207554617	-0.0667068850075	-0.0532480620574	0.0158850029066	0.0663376379484	-0.00956026870867	-0.0218667590108	-0.0471552320677	0.0418976898697	1.0	-0.0228963874003	0.0178658766308	-0.0169261261624	0.0177046174834	0.0235407780017	-0.0123591739729	-0.0485689041689	0.0147188516944	0.00145999108759	-0.00822126167935	0.0254006828053	0.00211917921673	0.0239463556823	-0.0297372671418	-0.0275781893817	-0.0206065840199	0.00830727124879	-0.0612250787438	0.0190769309015	-0.0522248441708	0.0473750699946	-0.00592109381199	-0.0747080046889	-0.0172316376437	0.031607779991	0.00795371532282	-0.0402421334333	-0.0220802397605	-0.0099910246159	-0.0265506577865	-0.0187537354946	0.0257863825229	-0.0040017775271	0.0251437754155	0.018386526027	-0.0267565360551	0.00546461022413	0.00338747331174
k__Bacteria;p__Firmicutes;c__Clostridia;o__Clostridiales;f__Ruminococcaceae;g__Ruminiclostridium;s__[Eubacterium]_siraeum	0.103542395811	0.0195379309842	-0.0222191072699	-0.0058520016643	0.000636667418955	-0.00930004826717	0.000466273021668	-0.0120548377958	-0.0352395320478	-0.00734783835184	-0.0402699351769	0.0174516371058	-0.0456346226473	-0.0403387364448	0.00337200666485	-0.0387070748221	-0.0330624996044	0.0283889659361	-0.0309723603916	-0.0211317371115	-0.0228963874003	1.0	0.0111631213143	-0.070387716097	-0.0321183871285	0.0288255207793	-0.00972889815132	-0.0411319268608	-0.0364098818114	-0.0455509933762	-0.0512486056926	-0.00139567830016	-0.0285459115954	-0.00130791391372	0.00478050373981	-0.0191024299336	-0.0716276250324	0.0186817573877	-0.059617163404	0.021747880122	-0.023633498488	0.0055445315021	-0.0247026469223	0.0157319850886	0.00832814694483	0.0215333193297	0.00466358625166	-0.0173157636109	-0.0245810881925	-0.0422125018175	-0.0441411498933	0.0134861067335	0.024717679619	-0.0156793559213	0.0383059892067	-0.00933289976109	0.0424086080918	0.0258273978439	-0.00120868879253
k__Bacteria;p__Proteobacteria;c__Betaproteobacteria;o__Burkholderiales;f__Sutterellaceae;g__Parasutterella;s__Parasutterella_excrementihominis	0.0161287628187	-0.0154795874325	-0.0311699309595	0.00886008218157	0.0305220316636	0.014954291851	0.00801304446996	0.0295159473922	-0.033953549373	-0.0253206863607	-0.0343902018951	-0.0286698231154	0.0436497538937	-0.0261809831447	-0.0491403861979	0.086249758021	-0.04053942778	-0.0649132669188	-0.0312639401037	-0.108443881143	0.0178658766308	0.0111631213143	1.0	-0.0216079112124	-0.017260030974	-0.011498002336	0.0186598138885	-0.00787240445926	0.0401869691446	-0.00297079553792	-0.0228305888017	-0.0413968040527	-0.0192021951621	-0.00767262881839	0.00495117441705	0.003918557943	0.0590357659868	0.0151660434026	0.0153051089815	-0.0400263240422	0.00791838463518	-0.0178504167	-0.00557558184587	0.00345162460842	0.0303244296468	0.0502709894161	-0.0458702382828	-0.0118308443659	0.0184381734587	-0.00241699749859	0.0012239987401	-0.0169961828701	-0.0141287914165	-0.0063722296445	0.0304340965695	-0.0295825443737	0.00438641163527	-0.0129112790883	-0.0362560993433
k__Bacteria;p__Actinobacteria;c__Actinobacteria;o__Bifidobacteriales;f__Bifidobacteriaceae;g__Bifidobacterium;s__Bifidobacterium_adolescentis	-0.0472398691652	0.00244003822437	-0.0291510110934	-0.079263764633	-0.0163483689603	-0.0499475780147	0.00288431535021	0.0171973759251	0.00630728142444	0.0205050798313	-0.0191254502858	-0.0131050797301	0.0412470065762	0.078714100015	0.0895999264327	-0.00883931409168	-0.0569457266511	-0.0281315840494	-0.0187514097229	-0.0356443133912	-0.0169261261624	-0.070387716097	-0.0216079112124	1.0	0.0106677195152	-0.0509276112577	0.0173742943612	-0.0101640240655	0.00635512628914	-0.0449932196014	0.00148815183098	-0.0030123578822	0.0226712339662	-0.0506434254526	0.061664335611	-0.0377071400904	-0.0280717298611	0.0669808468037	0.00372720829425	-0.00908762094887	0.055243087415	-0.0629660946296	0.0112874040407	-0.0434181583288	0.0541598642688	-0.0262488399256	-0.0237401654026	-0.0201479074013	0.0461168727113	-0.00801374642764	0.0365584417433	0.0102058432128	-0.0272962705466	0.0134321832075	-0.0209909452443	0.024912026404	0.0466961807875	0.00929427648644	-0.0277681870884
k__Bacteria;p__Firmicutes;c__Clostridia;o__Clostridiales;f__Oscillospiraceae;g__Oscillibacter;s__Oscillibacter_sp._KLE_1745	-0.0338190001461	0.0312801645353	-0.0189749933975	-0.021348390945	-0.0200314866248	0.0214960845264	0.00111855968811	-0.0432902549295	-0.0566660113137	-0.0486263111674	0.0161826199102	0.0234284359081	-0.0173661020388	0.0215116006191	0.012854726142	-0.0329775226654	-0.0518477915529	0.0196944058325	-0.000137944419296	-0.0518398678986	0.0177046174834	-0.0321183871285	-0.017260030974	0.0106677195152	1.0	-0.0178637190685	0.0108246368364	0.00883048651752	0.00369515959507	0.0135575364163	0.00665492717428	-0.0292044498119	-0.0587506009723	0.0308618756304	-0.0180261698819	-0.00152763748868	0.0574056104234	-0.0339308569961	-0.00395429231952	-0.0296081053657	-0.00394068017257	0.0131278255075	-0.0448714830554	-0.00526386218523	0.0120413602082	0.0230836949613	-0.0134413026454	-0.00768645298537	-0.0300171290147	-0.0219299129718	0.00970291288581	0.0363713373471	0.00631867144717	-0.00214857068141	-0.00189966184753	-0.025151591891	-0.0254383272367	-0.0252023152798	0.00568637021314
k__Bacteria;p__Bacteroidetes;c__Bacteroidia;o__Bacteroidales;f__Bacteroidaceae;g__Bacteroides;s__Bacteroides_coprophilus	-0.065814388083	0.0101997096965	-0.0384769798833	0.0289319016239	-0.0281293727564	-0.00985939543763	0.0286785139026	-0.0187494928266	0.0490054474988	-0.065401902723	-0.0433153535549	0.00467298537666	0.0311134291001	-0.0336611690114	0.0492392229443	0.0103281733183	-0.029715672907	-0.0303292958634	0.0195799874292	0.0359028454265	0.0235407780017	0.0288255207793	-0.011498002336	-0.0509276112577	-0.0178637190685	1.0	0.00266893419289	-0.0397698864438	-0.014680210661	0.0489246067086	-0.0144363987699	-0.0510438463093	0.0315718792239	-0.0201430972447	-0.0192504986976	0.00982390422114	0.00717481024402	-0.0257696054215	-0.0420211679815	-0.0232161749995	0.0441693451649	-0.0309492096124	0.0489569445668	-0.0229504107267	0.012407598096	-0.075039232107	0.0267046296631	0.0142588170282	-0.0615331694962	-0.0196396116518	-0.0655027749096	0.00391356511327	-0.0306766289502	0.0471276037643	0.0309932182815	-0.0638540807718	0.0376128098858	-0.0172972434587	0.0040457430354
k__Bacteria;p__Firmicutes;c__Clostridia;o__Clostridiales;f__Lachnospiraceae;g__Roseburia;s__Roseburia_intestinalis	-0.0346360514261	0.0361328606264	-0.0246746360277	5.3307880592e-05	0.00388639108544	0.0164655700346	-0.0253922700681	-0.00213826542819	-0.0157092162132	0.0067186723393	0.0572806216302	0.000417197609538	-0.0201301707987	-0.00369917215892	0.011704273844	-0.0386880755095	0.00846287295029	-0.0474866130926	0.0274186365616	-0.0200464844501	-0.0123591739729	-0.00972889815132	0.0186598138885	0.0173742943612	0.0108246368364	0.00266893419289	1.0	0.045172546687	0.0232195222431	-0.00412069689161	-0.017119630913	-0.0352495940625	-0.00270188310861	-0.00672253412708	-0.0229643989755	0.0439149141341	-0.0291319743407	0.0307865397935	-0.0171710808106	0.0198661026879	-0.0324152136202	-0.00834908868584	-0.0445198244492	-0.0159342148382	0.0609175504215	-0.00229045784076	-0.0226693393825	0.0405040361505	-0.058080283809	-0.0368518296173	-0.0335315779936	0.0123810752303	0.0242413447379	-0.0529914632809	-0.027333017497	-0.00672344023806	-0.0132249006834	-0.0506008835164	-0.0133835233722
k__Bacteria;p__Firmicutes;c__Clostridia;o__Clostridiales;f__Lachnospiraceae;g__Roseburia;s__Roseburia_hominis	-0.0250362939956	-0.0143763644948	-0.0557959733121	0.0251038363762	-0.000717672904176	-0.0293994545034	0.0126842276039	-0.0206265744037	0.00929761106873	0.0288110399626	-0.0314886077712	0.0330329217419	-0.0665145267966	-0.0206018900758	-0.00415494150138	0.0101541469225	0.0276595314739	-0.0238987100003	-0.0159529863362	-0.0129468100619	-0.0485689041689	-0.0411319268608	-0.00787240445926	-0.0101640240655	0.00883048651752	-0.0397698864438	0.045172546687	1.0	-0.0166810021038	-0.00872517775125	-0.0117811349866	0.0383517487333	-0.0578594093726	-0.00431741418188	0.00897929723646	-0.00477934881518	-0.00664833828945	0.0562128215686	0.019707013408	-0.0329960051929	-0.0158367581347	0.0189048305757	-0.0287721361017	0.032161192897	0.0417324022183	0.0382720324068	-0.0227471850646	-0.0177088358479	-0.0223416048988	0.0573241890114	-0.0191495207458	-0.00112134367643	-0.0319731193115	0.00692086729711	-0.00390629987821	0.0506258179904	-0.0106275021448	0.00620424191965	-0.0381501090067
k__Bacteria;p__Bacteroidetes;c__Bacteroidia;o__Bacteroidales;f__Porphyromonadaceae;g__Parabacteroides;s__Parabacteroides_johnsonii	-0.0635759246637	-0.0514196068021	-0.0415985531469	-0.0166578678749	-0.00441757593699	-0.015757520822	-0.0283947241527	0.0142538545119	0.00484837212412	0.0371719304364	-0.0683954608172	0.0111121823811	0.0177144885537	-0.00664175661783	-0.0245421819048	0.0531780583645	-0.0307598719304	-0.0167681290599	0.0380542679231	0.0292105424562	0.0147188516944	-0.0364098818114	0.0401869691446	0.00635512628914	0.00369515959507	-0.014680210661	0.0232195222431	-0.0166810021038	1.0	0.0405704257122	0.0181468705319	0.0446991137467	-0.016480371621	-0.00479937615554	-0.0148853601095	-0.0481994660423	0.00520019915868	0.0245477309515	-0.0253588290318	-0.0374389475818	-0.0615408140327	0.0149654292894	-0.0529131939515	-0.00663308680047	0.0184948069077	-0.00257586391048	-0.0144906040214	-0.0357491895684	0.0461266797227	-0.00169512235208	0.00450129702564	0.0105022795761	-0.0672327484247	0.0302690972428	0.0192175837027	-0.00665999842409	-0.00776285071902	0.0133630142299	0.0480125936949
k__Bacteria;p__Actinobacteria;c__Actinobacteria;o__Bifidobacteriales;f__Bifidobacteriaceae;g__Bifidobacterium;s__Bifidobacterium_longum	0.00823951778521	-0.0200806084865	-0.0250582696892	0.0127402273398	0.00645895509878	0.0175599694265	-0.0310649912961	0.0597355484651	-0.000663740374571	0.0596461194883	-0.0549207607121	-0.00956511037442	0.00168601717464	-0.0534812003265	0.044158979951	0.0297338869787	-0.0192470671343	-0.0140105046704	-0.0154592040465	0.0125402317564	0.00145999108759	-0.0455509933762	-0.00297079553792	-0.0449932196014	0.0135575364163	0.0489246067086	-0.00412069689161	-0.00872517775125	0.0405704257122	1.0	0.00763088735732	-0.00804218107963	0.00869002445804	-0.0439991784653	-0.00530966460335	0.0444128823731	0.0216247517627	0.0235216128547	-0.0274370112312	-0.00176831389344	-0.0314843820851	0.0511271482215	0.00438202706163	-0.037770829359	-0.0362735584753	0.000787272090192	-0.0229392979613	-0.0531228689428	0.00315039347179	-6.97196712151e-05	-0.0649533970303	-0.0365383676969	0.00342333687502	0.0202685004457	-0.0277168328848	-0.0451547245741	0.0210727909466	-0.032999984699	-0.000552553224901
