#taxonomy	k__Bacteria;p__Bacteroidetes;c__Bacteroidia;o__Bacteroidales;f__Bacteroidaceae;g__Bacteroides;s__Bacteroides_vulgatus	k__Bacteria;p__Bacteroidetes;c__Bacteroidia;o__Bacteroidales;f__Bacteroidaceae;g__Bacteroides;s__Bacteroides_uniformis	k__Bacteria;p__Bacteroidetes;c__Bacteroidia;o__Bacteroidales;f__Rikenellaceae;g__Alistipes;s__Alistipes_putredinis	k__Bacteria;p__Bacteroidetes;c__Bacteroidia;o__Bacteroidales;f__Prevotellaceae;g__Prevotella;s__Prevotella_copri	k__Bacteria;p__Bacteroidetes;c__Bacteroidia;o__Bacteroidales;f__Bacteroidaceae;g__Bacteroides;s__Bacteroides_stercoris	k__Bacteria;p__Bacteroidetes;c__Bacteroidia;o__Bacteroidales;f__Bacteroidaceae;g__Bacteroides;s__Bacteroides_ovatus	k__Bacteria;p__Bacteroidetes;c__Bacteroidia;o__Bacteroidales;f__Rikenellaceae;g__Alistipes;s__Alistipes_shahii	k__Bacteria;p__Firmicutes;c__Clostridia;o__Clostridiales;f__Ruminococcaceae;g__Faecalibacterium;s__Faecalibacterium_prausnitzii	k__Bacteria;p__Bacteroidetes;c__Bacteroidia;o__Bacteroidales;f__Rikenellaceae;g__Alistipes;s__Alistipes_finegoldii	k__Bacteria;p__Bacteroidetes;c__Bacteroidia;o__Bacteroidales;f__Porphyromonadaceae;g__Parabacteroides;s__Parabacteroides_distasonis	k__Bacteria;p__Bacteroidetes;c__Bacteroidia;o__Bacteroidales;f__Bacteroidaceae;g__Bacteroides;s__Bacteroides_thetaiotaomicron	k__Bacteria;p__Bacteroidetes;c__Bacteroidia;o__Bacteroidales;f__Bacteroidaceae;g__Bacteroides;s__Bacteroides_coprocola	k__Bacteria;p__Bacteroidetes;c__Bacteroidia;o__Bacteroidales;f__Bacteroidaceae;g__Bacteroides;s__Bacteroides_cellulosilyticus	k__Bacteria;p__Bacteroidetes;c__Bacteroidia;o__Bacteroidales;f__Rikenellaceae;g__Alistipes;s__Alistipes_obesi	k__Bacteria;p__Firmicutes;c__Clostridia;o__Clostridiales;f__Lachnospiraceae;g__;s__[Eubacterium]_rectale	k__Bacteria;p__Bacteroidetes;c__Bacteroidia;o__Bacteroidales;f__Bacteroidaceae;g__Bacteroides;s__Bacteroides_plebeius	k__Bacteria;p__Bacteroidetes;c__Bacteroidia;o__Bacteroidales;f__Bacteroidaceae;g__Bacteroides;s__Bacteroides_fragilis	k__Bacteria;p__Proteobacteria;c__Betaproteobacteria;o__Burkholderiales;f__Sutterellaceae;g__Sutterella;s__Sutterella_wadsworthensis	k__Bacteria;p__Bacteroidetes;c__Bacteroidia;o__Bacteroidales;f__Porphyromonadaceae;g__Barnesiella;s__Barnesiella_intestinihominis	k__Bacteria;p__Bacteroidetes;c__Bacteroidia;o__Bacteroidales;f__Odoribacteraceae;g__Odoribacter;s__Odoribacter_splanchnicus	k__Bacteria;p__Bacteroidetes;c__Bacteroidia;o__Bacteroidales;f__Bacteroidaceae;g__Bacteroides;s__Bacteroides_salyersiae	k__Bacteria;p__Firmicutes;c__Clostridia;o__Clostridiales;f__Ruminococcaceae;g__Ruminiclostridium;s__[Eubacterium]_siraeum	k__Bacteria;p__Proteobacteria;c__Betaproteobacteria;o__Burkholderiales;f__Sutterellaceae;g__Parasutterella;s__Parasutterella_excrementihominis	k__Bacteria;p__Actinobacteria;c__Actinobacteria;o__Bifidobacteriales;f__Bifidobacteriaceae;g__Bifidobacterium;s__Bifidobacterium_adolescentis	k__Bacteria;p__Firmicutes;c__Clostridia;o__Clostridiales;f__Oscillospiraceae;g__Oscillibacter;s__Oscillibacter_sp._KLE_1745	k__Bacteria;p__Bacteroidetes;c__Bacteroidia;o__Bacteroidales;f__Bacteroidaceae;g__Bacteroides;s__Bacteroides_coprophilus	k__Bacteria;p__Firmicutes;c__Clostridia;o__Clostridiales;f__Lachnospiraceae;g__Roseburia;s__Roseburia_intestinalis	k__Bacteria;p__Firmicutes;c__Clostridia;o__Clostridiales;f__Lachnospiraceae;g__Roseburia;s__Roseburia_hominis	k__Bacteria;p__Bacteroidetes;c__Bacteroidia;o__Bacteroidales;f__Porphyromonadaceae;g__Parabacteroides;s__Parabacteroides_johnsonii	k__Bacteria;p__Actinobacteria;c__Actinobacteria;o__Bifidobacteriales;f__Bifidobacteriaceae;g__Bifidobacterium;s__Bifidobacterium_longum	k__Bacteria;p__Firmicutes;c__Clostridia;o__Clostridiales;f__;g__Flavonifractor;s__Flavonifractor_plautii	k__Bacteria;p__Firmicutes;c__Clostridia;o__Clostridiales;f__Clostridiaceae;g__Clostridium;s__Clostridium_phoceensis	k__Bacteria;p__Verrucomicrobia;c__Verrucomicrobiae;o__Verrucomicrobiales;f__Akkermansiaceae;g__Akkermansia;s__Akkermansia_muciniphila	k__Bacteria;p__Bacteroidetes;c__Bacteroidia;o__Bacteroidales;f__Prevotellaceae;g__Paraprevotella;s__Paraprevotella_xylaniphila	k__Bacteria;p__Firmicutes;c__Clostridia;o__Clostridiales;f__Ruminococcaceae;g__Ruminococcus;s__Ruminococcus_callidus	k__Bacteria;p__Bacteroidetes;c__Bacteroidia;o__Bacteroidales;f__Rikenellaceae;g__Alistipes;s__Alistipes_senegalensis	k__Bacteria;p__Firmicutes;c__Clostridia;o__Clostridiales;f__Lachnospiraceae;g__Blautia;s__Blautia_sp._KLE_1732	k__Bacteria;p__Bacteroidetes;c__Bacteroidia;o__Bacteroidales;f__Bacteroidaceae;g__Bacteroides;s__Bacteroides_oleiciplenus	k__Bacteria;p__Firmicutes;c__Clostridia;o__Clostridiales;f__Ruminococcaceae;g__Ruminococcus;s__Ruminococcus_bicirculans	k__Bacteria;p__Bacteroidetes;c__Bacteroidia;o__Bacteroidales;f__Bacteroidaceae;g__Bacteroides;s__Bacteroides_fluxus	k__Bacteria;p__Bacteroidetes;c__Bacteroidia;o__Bacteroidales;f__Prevotellaceae;g__Prevotella;s__Prevotella_stercorea	k__Bacteria;p__Firmicutes;c__Clostridia;o__Clostridiales;f__Lachnospiraceae;g__Dorea;s__Dorea_longicatena	k__Bacteria;p__Firmicutes;c__Clostridia;o__Clostridiales;f__Eubacteriaceae;g__Eubacterium;s__[Eubacterium]_eligens	k__Bacteria;p__Firmicutes;c__Clostridia;o__Clostridiales;f__Ruminococcaceae;g__;s__Ruminococcaceae_bacterium_D16	k__Bacteria;p__Firmicutes;c__Clostridia;o__Clostridiales;f__Lachnospiraceae;g__Coprococcus;s__Coprococcus_comes	k__Bacteria;p__Proteobacteria;c__Gammaproteobacteria;o__Enterobacterales;f__Enterobacteriaceae;g__Escherichia;s__Escherichia_coli	k__Bacteria;p__Firmicutes;c__Clostridia;o__Clostridiales;f__Ruminococcaceae;g__Anaerotruncus;s__Anaerotruncus_colihominis	k__Bacteria;p__Firmicutes;c__Clostridia;o__Clostridiales;f__Lachnospiraceae;g__Blautia;s__Blautia_obeum	k__Bacteria;p__Bacteroidetes;c__Bacteroidia;o__Bacteroidales;f__Odoribacteraceae;g__Odoribacter;s__Odoribacter_laneus	k__Bacteria;p__Firmicutes;c__Clostridia;o__Clostridiales;f__Ruminococcaceae;g__Ruminiclostridium;s__[Clostridium]_leptum	k__Bacteria;p__Bacteroidetes;c__Bacteroidia;o__Bacteroidales;f__Porphyromonadaceae;g__Parabacteroides;s__Parabacteroides_goldsteinii	k__Bacteria;p__Firmicutes;c__Clostridia;o__Clostridiales;f__Lachnospiraceae;g__Anaerostipes;s__Anaerostipes_hadrus	k__Bacteria;p__Firmicutes;c__Clostridia;o__Clostridiales;f__Ruminococcaceae;g__Ruminococcus;s__Ruminococcus_lactaris	k__Bacteria;p__Firmicutes;c__Clostridia;o__Clostridiales;f__Clostridiaceae;g__Clostridium;s__Clostridium_sp._L2-50	k__Bacteria;p__Firmicutes;c__Clostridia;o__Clostridiales;f__Clostridiaceae;g__Clostridium;s__Clostridium_sp._M62/1	k__Bacteria;p__Firmicutes;c__Clostridia;o__Clostridiales;f__;g__Intestinimonas;s__Intestinimonas_butyriciproducens	k__Bacteria;p__Actinobacteria;c__Actinobacteria;o__Bifidobacteriales;f__Bifidobacteriaceae;g__Bifidobacterium;s__Bifidobacterium_bifidum	k__Bacteria;p__Firmicutes;c__Negativicutes;o__Veillonellales;f__Veillonellaceae;g__Dialister;s__Dialister_invisus	k__Bacteria;p__Bacteroidetes;c__Bacteroidia;o__Bacteroidales;f__Bacteroidaceae;g__Bacteroides;s__Bacteroides_salanitronis
k__Bacteria;p__Bacteroidetes;c__Bacteroidia;o__Bacteroidales;f__Bacteroidaceae;g__Bacteroides;s__Bacteroides_vulgatus	1.0	-0.0243420781489	-0.0252701356819	-0.0111413188721	-0.0326431136703	-0.00562108701571	-0.00748894799081	-0.0702436771363	0.00850792342613	-0.0265692364422	0.0784620095747	0.0688983111765	-0.0844080300918	-0.0438662472461	-0.0280397621252	-0.0187093206901	0.0131865560741	0.000140860639146	0.0138658610118	0.000259265138101	-0.00861555127358	0.0293312269748	-0.0351777486271	0.0206949003066	0.00356076237032	0.0918378706011	0.00461486205958	0.0451172433203	-0.0258702361828	0.00574612088171	-0.0286167085111	-0.0459405590682	-0.00659007254356	-0.0375210865868	-0.0110401443	-0.0189266496729	0.0106267319243	-0.0336253091216	-0.0280673714822	0.0234179900207	-0.0191303827102	-0.0356794547287	0.0103616845691	-0.0195423633524	-0.0539207682597	0.0200767423674	-0.0803499797393	-0.0177336945276	-0.0309272394873	-0.0523988862413	0.0408032619974	0.0213251022693	-0.0529017591333	-0.0310319298366	-0.0235665011708	-0.0771420127271	0.0481186444747	0.0302012176405	0.00694644602774
k__Bacteria;p__Bacteroidetes;c__Bacteroidia;o__Bacteroidales;f__Bacteroidaceae;g__Bacteroides;s__Bacteroides_uniformis	-0.0243420781489	1.0	0.00531635606372	-0.0190467463187	0.0343276344145	0.014618995241	-0.0127454136333	-0.0243106807386	0.00116531610487	0.0461599800825	0.0128550910162	-0.00304405857552	0.0182297853395	0.00942617889254	0.00972963897663	-0.00733324141159	-0.0236826112906	-0.0478604007358	0.0194797451548	-0.00512202993214	-0.0325054111865	0.0323714001424	-0.0258392281011	-0.0332147075574	-0.0149774419227	-0.0165617933328	-0.00274434751827	0.0180173602939	-0.054210352825	0.0255202981755	-0.0112264493861	0.0429736111756	-0.0187692738641	-0.0118642178882	-0.022135085472	0.00706210676482	-0.06966003273	-0.0321239186995	0.0219386373593	0.0270068260778	-0.0347300245677	-0.0178242428199	-0.0124491538529	-0.0520056303338	-0.039836084116	-0.0264237945996	-0.035305844019	-0.0140077157342	-0.0171038503907	0.00891766666895	-0.0201833244706	0.011988989822	0.0103843449331	-0.0812398965054	0.0141932238679	-0.00823447531892	-0.027820430591	-0.0758750510786	-0.0570982439001
k__Bacteria;p__Bacteroidetes;c__Bacteroidia;o__Bacteroidales;f__Rikenellaceae;g__Alistipes;s__Alistipes_putredinis	-0.0252701356819	0.00531635606372	1.0	-0.0134539604442	0.0117907813863	-0.0132527308614	-0.0490019397877	-0.0155427539487	0.0141862092392	-0.038744601795	-0.032103431303	-0.103766253402	-0.0407559997194	0.0014789805019	-0.0103392541933	-0.0540377949302	-0.0579340002445	-0.058874030101	0.0543620508709	0.0593888081698	-0.0119867628602	-0.0193325902892	0.017839429267	-0.0397009338609	0.0684972261665	-0.0211934599357	-0.0556503224044	-0.0420834604148	-0.0124897260712	0.0398295624171	-0.0349327602726	-0.0122302606741	-0.00561595562227	0.0459959586216	-0.0522082428352	0.000614683286187	0.0172905668571	-0.0715788197295	-0.0222451801361	0.0672888153747	0.0204299052457	-0.0567100286566	-0.00682805922934	-0.0266362294392	-0.00263918987541	-0.00315092020375	0.0415767012872	0.0602930115618	0.0348731394982	-0.000909819288967	0.0165088661363	0.0384161005388	0.0297900808608	-0.0475529428569	-0.0605270345874	-0.027328386261	-0.101873810458	-0.0291974684804	0.0311484714077
k__Bacteria;p__Bacteroidetes;c__Bacteroidia;o__Bacteroidales;f__Prevotellaceae;g__Prevotella;s__Prevotella_copri	-0.0111413188721	-0.0190467463187	-0.0134539604442	1.0	0.00883240557858	0.0102217434661	-0.0238427602559	0.0286691926619	-0.0171384782278	-0.0286511395504	0.000884954172835	-0.0272211991677	0.0732045652028	-0.02797062773	0.0306044134994	0.00188564314987	0.0343786239132	-0.0292457234761	-0.0634088579544	0.0201086035021	-0.00616782741957	-0.0601983555294	0.0240057874413	-0.0327166355388	-0.0466235505081	-0.0368224395104	0.021533765463	-0.0325028367684	-0.0487579050492	-0.00941238997295	0.00386812594373	0.0127562795975	-0.0195996394054	-0.0226440691974	-0.0405266776093	-0.0080869117544	0.0442443176671	0.0755690157061	0.027695420768	-0.00448588294398	0.00902633216628	0.0606829545412	-0.0294040705978	-0.0545068704691	-0.0897493587353	0.00123533645214	0.0584457808697	0.0723078871858	-0.0386942319616	-0.0203601506588	-0.0107483122537	0.0196706754748	0.00845216895436	-0.00196687784094	0.00299730013408	0.0282576189767	-0.004728870251	-0.0497770366043	-0.0617918288994
k__Bacteria;p__Bacteroidetes;c__Bacteroidia;o__Bacteroidales;f__Bacteroidaceae;g__Bacteroides;s__Bacteroides_stercoris	-0.0326431136703	0.0343276344145	0.0117907813863	0.00883240557858	1.0	-0.0138990156685	0.00240205347159	-0.0417422505209	-0.0758765899535	-0.00861507595698	-0.0383174030001	-0.0109900485193	0.0352268807977	-0.0175701069096	-0.0283570358647	-0.0296251915664	0.0623840857624	0.00705231714639	0.0420099984944	0.000792339075375	0.0124212368539	0.00900309579506	0.0437123065286	-0.0119859203415	-0.0125368530409	-0.000929154182519	-0.0279349019837	0.0195048442811	-0.023221662219	0.00571155998689	-0.031797804943	0.00961619751659	0.0416244222925	-0.0329422060428	0.0220441627144	-0.00907106997496	0.0136318566204	-0.0684897237107	-0.00747024824228	-0.0021596644023	0.0387175502362	-0.00769711260082	-0.0166998436177	-0.0431312143172	-0.0209242262311	-0.0213993963868	0.033842983898	0.0550010918739	-0.0611858763386	-0.00858637167473	-0.00548238618606	-0.0441768110068	-0.00748822959557	-0.0505439408154	-0.0117661022338	0.017007271204	0.00742054010832	0.0303484938924	-0.0291687941006
k__Bacteria;p__Bacteroidetes;c__Bacteroidia;o__Bacteroidales;f__Bacteroidaceae;g__Bacteroides;s__Bacteroides_ovatus	-0.00562108701571	0.014618995241	-0.0132527308614	0.0102217434661	-0.0138990156685	1.0	0.0117489683185	-0.0384692571983	0.00318586844619	0.00907018272734	0.00728886179793	0.00775144787948	0.0252945308524	-0.034202502966	-0.0676297167108	0.0558718716975	-0.0214020251324	0.0137853265311	-0.0442460306555	-0.0567170009775	-0.0405671757185	-0.0403550545755	0.0442975157242	-0.0155767099718	-0.101739205724	0.0141219224452	-0.0230664445242	-0.000935031488063	0.00848762694672	0.0303292135854	-0.0304116512967	0.0294603631644	-0.00568086860715	0.0237936548265	0.0444733183891	-0.0180593982875	-0.078527904998	-0.0146082269744	-0.0248194299716	-0.015016179384	0.0108884082107	-0.0615865497571	-0.0134843022257	0.0347833096628	0.00726958774591	-0.0396666790727	-0.00805421600234	0.0253409137343	-0.00227355810951	-0.0202619197526	-0.0873300787979	-0.0149551062273	0.0404983353162	-0.000912599141065	-0.041682897013	0.01574548756	0.03325274964	-0.017298218269	0.0298290180252
k__Bacteria;p__Bacteroidetes;c__Bacteroidia;o__Bacteroidales;f__Rikenellaceae;g__Alistipes;s__Alistipes_shahii	-0.00748894799081	-0.0127454136333	-0.0490019397877	-0.0238427602559	0.00240205347159	0.0117489683185	1.0	-0.0083583167387	-0.013950544593	0.0394104150827	-0.0334790875167	0.00612350415875	-0.0360324141548	-0.020686909223	-0.0580167402403	-0.0301426132795	0.0316561669902	-0.0385705936161	0.0131989177217	-0.0269876643685	0.0229005241347	0.00223034765556	-0.0761096679575	-0.0447902428872	-0.00571966110853	0.000661452336178	0.000989727030834	0.0136392590563	-0.039987909464	-0.0191063244454	0.0579435081732	-0.0220313557058	-0.01429261605	-0.00105876125016	-0.0324211193478	-0.00454041644954	0.0409837748005	-0.0188684521247	-0.0834158566993	-0.0334640628244	-0.0304650730271	0.013961349483	-0.000885746662686	0.0332420130322	-0.0127538692537	-0.0502562486077	-0.0710909080531	-0.0169232282975	0.020496685545	-0.0072588717724	0.0360043611951	-0.0352393634753	0.0479995210331	0.0419916175655	-0.0204680926281	-0.000324335315912	-0.00223295892208	0.0152018626614	-0.0171273066794
k__Bacteria;p__Firmicutes;c__Clostridia;o__Clostridiales;f__Ruminococcaceae;g__Faecalibacterium;s__Faecalibacterium_prausnitzii	-0.0702436771363	-0.0243106807386	-0.0155427539487	0.0286691926619	-0.0417422505209	-0.0384692571983	-0.0083583167387	1.0	-0.0332779609603	-0.0468443853924	-0.0535063955837	0.0114862226484	0.00369180854292	0.0641647267668	0.0233937685793	0.0314306072976	-0.0162643790637	0.0375853099862	-0.00966576592715	0.0013063809684	-0.0109194506746	-0.020526516103	0.0149372647518	-0.0301588179707	-0.0216307237455	0.0220017421722	-0.0037817755567	0.00374315262823	0.00584050741743	0.0378385114774	-0.00571749842928	0.00195107851274	0.0370472759411	0.0519643609043	0.0509353598544	-0.00890917834374	-0.0365772608996	-0.00822442795959	0.0290365099069	-0.0312368183072	0.00646317921887	0.0408245587399	0.012974862234	-0.0285876589204	-0.0114982697464	-0.0387992364423	0.0372879576455	0.0150900628076	-0.00333083534877	-0.00969678151624	-0.0120676406221	-0.0167154499929	-0.0148222884858	0.00571035609171	-0.0329328531917	-0.0254214948326	0.0240927046564	-0.0199802879648	-0.0637580700975
k__Bacteria;p__Bacteroidetes;c__Bacteroidia;o__Bacteroidales;f__Rikenellaceae;g__Alistipes;s__Alistipes_finegoldii	0.00850792342613	0.00116531610487	0.0141862092392	-0.0171384782278	-0.0758765899535	0.00318586844619	-0.013950544593	-0.0332779609603	1.0	0.0283916139138	-0.0143397540851	-0.0678505371031	-0.0653085261334	-0.0356451892368	0.00466735072709	0.0331249120933	-0.0198190687425	0.0347447315815	0.0108413981994	-0.00821498872721	-0.021722938176	-0.0187775076913	0.0580670662658	-0.0515726114934	-0.00500791650345	-0.062306714812	-0.0186803785713	-0.0130777437856	0.0483621890423	-0.0543348132765	0.0170432863531	-0.0175836931785	0.00371030408726	0.000619277267672	0.0303966660511	-0.00576110946451	-0.0520708553588	0.0269199814702	-0.00118312201455	-0.0211314697894	-0.00141482467635	-0.00413154394255	-0.0158539517099	0.0197483771504	-0.0214833846704	-0.0510077018242	-0.00367324372131	-0.0790750349904	0.000207964332142	0.0228652910991	0.00620253055866	-0.0576530249895	-0.030693333954	-0.0258297037007	0.0569760178771	-0.0489589160085	-0.0125479842657	-0.0157842733023	-0.0315461640976
k__Bacteria;p__Bacteroidetes;c__Bacteroidia;o__Bacteroidales;f__Porphyromonadaceae;g__Parabacteroides;s__Parabacteroides_distasonis	-0.0265692364422	0.0461599800825	-0.038744601795	-0.0286511395504	-0.00861507595698	0.00907018272734	0.0394104150827	-0.0468443853924	0.0283916139138	1.0	0.00687581379073	-0.0152975458846	-0.00537645181146	0.00245897496942	-0.00937375711301	0.00799895278092	0.00304810027034	-0.0348183368826	0.0113764889424	-0.0298740098856	-0.0337514170327	-0.00229355005782	-0.0768788045211	-0.00607531195891	0.048461609601	-0.0138123177312	-0.022507274801	-0.0423001223915	-0.0228971193898	-0.051075411843	-0.00669827911232	-0.021488021925	-0.0095277805742	-0.0422534932646	0.0180831405495	0.0232243665888	-0.0511420538431	0.0105736713569	-0.030061137302	0.0332552667965	0.0206422559418	-0.0153140592655	-0.0519182786976	-0.0457318664387	-0.0174417242029	-0.0378642895367	0.0313523969397	-0.00361498748706	-0.00787815404658	-0.0391560567412	0.0215165269638	0.00938624486274	0.0159830594106	0.0469799368431	0.0150202199534	-0.033171814116	0.0586196227131	-0.00513428758151	-0.0453236379039
k__Bacteria;p__Bacteroidetes;c__Bacteroidia;o__Bacteroidales;f__Bacteroidaceae;g__Bacteroides;s__Bacteroides_thetaiotaomicron	0.0784620095747	0.0128550910162	-0.032103431303	0.000884954172835	-0.0383174030001	0.00728886179793	-0.0334790875167	-0.0535063955837	-0.0143397540851	0.00687581379073	1.0	-0.0069802652394	-0.0711230160315	-0.0123152610217	-0.000631894670546	-0.062257110453	-0.0174626388068	-0.0302485920754	-0.00155443584039	0.0110794060592	-0.0490305797786	0.0136711686696	-0.0295773411459	-0.0180310346219	-0.0365750120868	-0.0287872996494	-0.0115804234677	-0.055539274918	-0.00475455660295	0.0213721506541	-0.0606888266736	-0.0475059141874	-0.0395134179334	0.0296240926573	0.064044257537	-0.028017559697	0.0563602748137	-0.00241578812428	0.0306009369095	0.0769803481848	0.0282781910291	-0.0156037431193	-0.00664967003384	0.00561206325873	-0.0662113788816	0.0626432235792	0.0349701831178	0.0133606935594	0.00702748940398	0.0200942088154	-0.0127827749173	-0.0438433969279	0.0388833965273	0.00854931930765	0.0677070700039	-0.010651145957	-0.0409886856471	0.0147513339667	-0.0396242724066
k__Bacteria;p__Bacteroidetes;c__Bacteroidia;o__Bacteroidales;f__Bacteroidaceae;g__Bacteroides;s__Bacteroides_coprocola	0.0688983111765	-0.00304405857552	-0.103766253402	-0.0272211991677	-0.0109900485193	0.00775144787948	0.00612350415875	0.0114862226484	-0.0678505371031	-0.0152975458846	-0.0069802652394	1.0	-0.0190226213118	-0.0506220692489	0.00462918101914	0.0389690209608	-0.0229136143584	-0.00680324440265	0.000675175113953	0.00631240070046	-0.0517375059666	0.0619417943276	-0.00907637389268	0.0327441603864	0.00132279360561	0.0285024557831	-0.0757871045127	0.015852770476	-0.00593323154794	-0.0379946375791	-0.00278579528538	-0.0120466839551	0.00869156994965	-0.0511304024263	0.0761097987541	0.0850925671575	-0.0746909482119	0.0122770140644	-0.0185583895259	-0.0542678151084	0.0766627859299	-0.00712032581756	-0.0669552321549	0.0129944628213	-0.0311930783198	-0.0383504843891	0.0372349125643	0.00119061025667	-0.0255401586639	0.0319302324844	0.0286863162282	-0.0112601312843	-0.0114950201738	-0.0225688208782	0.053778616184	-0.033427527491	0.0408466049974	-0.0872093621963	-0.0128036899738
k__Bacteria;p__Bacteroidetes;c__Bacteroidia;o__Bacteroidales;f__Bacteroidaceae;g__Bacteroides;s__Bacteroides_cellulosilyticus	-0.0844080300918	0.0182297853395	-0.0407559997194	0.0732045652028	0.0352268807977	0.0252945308524	-0.0360324141548	0.00369180854292	-0.0653085261334	-0.00537645181146	-0.0711230160315	-0.0190226213118	1.0	-0.0298010592669	-0.0163165540194	0.0233433918266	-0.0628899464049	0.0707860052557	-0.0216128125867	-0.0379795764767	0.0582440436893	0.039933981278	-0.0353441950636	-0.00995236902038	-0.00233615035233	0.00319292275159	-0.0116014043794	-0.0833567612575	-0.00553297099341	0.0429079626649	-0.0114515040506	-0.0578757116586	-0.0451558955863	-0.0240207855349	-0.00818808370099	-0.0237661414259	-0.032333033388	-0.0466705552518	0.00265825573339	0.0326499225883	0.0500300077347	-0.0151462782236	-0.000206042004431	-0.033231482052	0.0172393576506	-0.00373783958775	0.0415026963958	-0.0227091399085	0.0484425370506	-0.0521740914767	-0.000747266001304	0.0262811659311	0.0267613816413	-0.0131987119818	-0.0604082292023	0.00319128638412	0.00682507489916	-0.0110168583026	-0.0202048879742
k__Bacteria;p__Bacteroidetes;c__Bacteroidia;o__Bacteroidales;f__Rikenellaceae;g__Alistipes;s__Alistipes_obesi	-0.0438662472461	0.00942617889254	0.0014789805019	-0.02797062773	-0.0175701069096	-0.034202502966	-0.020686909223	0.0641647267668	-0.0356451892368	0.00245897496942	-0.0123152610217	-0.0506220692489	-0.0298010592669	1.0	-0.00213954829757	-0.0112479134561	-0.00699243667111	-0.00322036516192	-0.0546488735351	0.0551492810511	-0.0559628533755	0.0189200604544	0.0519197100566	0.0274239949082	-0.012996025566	0.0478898378876	0.0372485345118	-0.0382227339295	0.00464822057779	0.00660691305095	0.00949036602662	0.0314292100053	0.00996755615246	-0.0342036700448	-0.0228715243851	-0.0377251450715	-0.0400378138478	0.0609536216452	0.0582630484634	-0.00662957719486	-0.0470437072547	-0.0229516213107	0.00711301228287	-0.0306329131973	0.00292638435654	-0.0086046215602	-0.0652521701971	-0.0514722040504	-0.0566552871494	0.0399880534019	-0.024912530853	0.029812896389	-0.00187267785437	-0.0223796450947	-0.0050983641032	-0.0309552280057	0.000745880671897	0.0255290682699	0.0178179836726
k__Bacteria;p__Firmicutes;c__Clostridia;o__Clostridiales;f__Lachnospiraceae;g__;s__[Eubacterium]_rectale	-0.0280397621252	0.00972963897663	-0.0103392541933	0.0306044134994	-0.0283570358647	-0.0676297167108	-0.0580167402403	0.0233937685793	0.00466735072709	-0.00937375711301	-0.000631894670547	0.00462918101914	-0.0163165540194	-0.00213954829757	1.0	-0.0169794119782	0.00745310840144	0.0238283310991	-0.0269373650989	-0.0344757812853	-0.0131133541119	-0.00675338167461	-0.000316104864198	0.00222014716608	0.0202180771428	-0.00285476149922	-0.00702581922862	0.0206473907765	-0.074512882053	0.00777177926736	-0.0450114942651	-0.0356569311624	0.00764408782742	-0.00235290329654	-0.0203946351008	0.00817346875401	-0.00760009713037	-0.00344628428507	-0.0306049260201	0.0118873896748	0.00375164275227	0.0491944152281	0.0104099962124	-0.0450778202039	-0.0123493534658	0.0228722537206	0.0430813109034	-0.0486717560778	0.0194742375692	-0.0324339961644	0.0148387884224	-0.0200309717807	-0.0482333248768	0.0110106148587	-0.0273454571027	0.00500330728626	0.00268163003624	-0.00410706613037	0.00509878052337
k__Bacteria;p__Bacteroidetes;c__Bacteroidia;o__Bacteroidales;f__Bacteroidaceae;g__Bacteroides;s__Bacteroides_plebeius	-0.0187093206901	-0.00733324141159	-0.0540377949302	0.00188564314987	-0.0296251915664	0.0558718716975	-0.0301426132795	0.0314306072976	0.0331249120933	0.00799895278092	-0.062257110453	0.0389690209608	0.0233433918266	-0.0112479134561	-0.0169794119782	1.0	0.00525604899446	-0.00934377848102	0.0134733978075	-0.0422687228345	0.0069972967794	0.022362095911	-0.0539829937499	-0.0180480476294	-0.0373344932985	0.00815577615657	0.0132697985911	-0.019716600903	-0.00805813001238	-0.0384820191659	0.00629745750996	0.0405004878238	0.0198783839927	0.0138807669538	0.0629247747804	0.0123854396154	-0.0311610899862	-0.00816130573426	0.0111286894667	0.0236420385153	-0.018808740206	0.0335819987564	-0.0230233739147	-0.00135381484277	-0.0339487736833	-0.0183670743149	-0.0255634373756	0.0926949705943	0.00528666368926	-0.0557658093017	-0.00777013462328	-0.0300735739556	-0.0442036674433	-0.0359186506576	0.00947298438137	-0.0104091468521	-0.0473075056222	-0.0406091889845	0.00238718919063
k__Bacteria;p__Bacteroidetes;c__Bacteroidia;o__Bacteroidales;f__Bacteroidaceae;g__Bacteroides;s__Bacteroides_fragilis	0.0131865560741	-0.0236826112906	-0.0579340002445	0.0343786239132	0.0623840857624	-0.0214020251324	0.0316561669902	-0.0162643790637	-0.0198190687425	0.00304810027034	-0.0174626388068	-0.0229136143584	-0.0628899464049	-0.00699243667111	0.00745310840144	0.00525604899446	1.0	-0.0380616212494	-0.0119316394325	-0.01311186139	0.00687780829559	0.0171200238872	0.0362802852148	-0.0243884741986	-0.0308482551324	-0.0150996373918	0.00528283404324	0.0208123304623	-0.0167572581713	-0.0670203503178	-0.0610298562961	-0.00413280264846	-0.0548601272126	-0.00184964966324	-0.00426954275628	0.00370199029228	0.0115236358697	-0.00817416672156	-0.00985010870423	-0.0288159396676	-0.0292151637032	-0.00730803941712	-0.0735173890181	0.012518341519	0.0222445869831	0.0475162317718	-0.00100908310978	0.0449609656646	-0.0254605225777	0.036425996084	-0.0211709197775	0.0531276053326	-0.00966644886747	0.0345872524279	0.00247605693615	-0.033180279709	0.00436633899161	-0.0284290758272	-0.0179053824253
k__Bacteria;p__Proteobacteria;c__Betaproteobacteria;o__Burkholderiales;f__Sutterellaceae;g__Sutterella;s__Sutterella_wadsworthensis	0.000140860639147	-0.0478604007358	-0.058874030101	-0.0292457234761	0.00705231714639	0.0137853265311	-0.0385705936161	0.0375853099862	0.0347447315815	-0.0348183368826	-0.0302485920754	-0.00680324440265	0.0707860052557	-0.00322036516192	0.0238283310991	-0.00934377848102	-0.0380616212494	1.0	0.0338473274266	0.00907757037522	-0.024199156557	-0.0270042218529	0.00512115076313	0.0190959193617	-0.0329479992026	0.0115123665836	-0.0369319945556	-0.0170607995288	0.018684286928	0.0693984765376	0.0401568511227	-0.00153228286342	-0.0366048437124	0.0273327875806	-0.01136683319	-0.0623353996954	-0.000615206742367	-0.0939862709986	0.0403574811393	0.0121103157504	-0.010822828868	-0.0219885039952	0.00440242917827	-0.0213186109828	0.000859939024571	-0.0522788252722	-0.0128844066862	0.00259093542086	0.0380493315162	0.00284628296664	0.00841626128696	0.043621216195	-0.0366190034646	-0.00560201941173	0.0345987005083	-0.0458672102211	0.0629388294996	0.0235171273576	-0.054036102028
k__Bacteria;p__Bacteroidetes;c__Bacteroidia;o__Bacteroidales;f__Porphyromonadaceae;g__Barnesiella;s__Barnesiella_intestinihominis	0.0138658610118	0.0194797451548	0.0543620508709	-0.0634088579544	0.0420099984944	-0.0442460306555	0.0131989177217	-0.00966576592715	0.0108413981994	0.0113764889424	-0.00155443584039	0.000675175113953	-0.0216128125867	-0.0546488735351	-0.0269373650989	0.0134733978075	-0.0119316394325	0.0338473274266	1.0	-0.011273812977	0.0470660200414	-0.0185130608659	-0.0031142869573	0.00720491067669	-0.00575281202651	-0.0686566791984	-0.0228242643148	-0.0566406555613	0.0491470067899	-0.00230741914569	-0.00514588202222	-0.0131876771568	0.026337523466	0.00176387457012	0.000972006811971	-0.0307957668777	-0.0470457764778	-0.0285904006356	0.017569670561	0.00638163457208	-0.000200284505015	0.00314956215491	0.0369475185215	-0.080983497363	0.00951480482937	-0.0300765987213	-0.00240364526002	0.0107068207568	-0.080902800098	0.0249899994464	0.0101311103281	0.00695423399407	-0.0417161462624	-0.00370744533098	-0.0126268663795	-0.0216023618173	-0.00371087113195	0.0394122151323	0.0543400877839
k__Bacteria;p__Bacteroidetes;c__Bacteroidia;o__Bacteroidales;f__Odoribacteraceae;g__Odoribacter;s__Odoribacter_splanchnicus	0.000259265138101	-0.00512202993214	0.0593888081698	0.0201086035021	0.000792339075375	-0.0567170009775	-0.0269876643685	0.0013063809684	-0.00821498872721	-0.0298740098856	0.0110794060592	0.00631240070046	-0.0379795764767	0.0551492810511	-0.0344757812853	-0.0422687228345	-0.01311186139	0.00907757037522	-0.011273812977	1.0	0.0616860917063	-0.00657403203729	0.00436785689524	-0.0232007267331	-0.0485316870986	-0.0224344788902	-0.000420286542312	-0.0154100794448	0.0186219233091	-0.0199534812738	0.0257035308385	-0.00936948851079	-0.00631655395154	-0.013573802047	-0.001861368645	-0.0766379678055	0.0187115175477	-0.0042468172866	-0.0111414716434	0.0195645030778	0.00584607401403	-0.0420386823918	-0.00299969734757	-0.00734967385607	-0.0252575964296	0.0661352308211	-0.0210575400621	0.00136292997998	0.0220777919572	-0.0103966543017	0.0314390972268	-0.0116084036827	0.0212715415514	0.0152602555577	-0.02279505592	-0.0108185230857	-0.00438677398146	-0.0103753090891	-0.000514236727105
k__Bacteria;p__Bacteroidetes;c__Bacteroidia;o__Bacteroidales;f__Bacteroidaceae;g__Bacteroides;s__Bacteroides_salyersiae	-0.00861555127358	-0.0325054111865	-0.0119867628602	-0.00616782741957	0.0124212368539	-0.0405671757185	0.0229005241347	-0.0109194506746	-0.021722938176	-0.0337514170327	-0.0490305797786	-0.0517375059666	0.0582440436893	-0.0559628533755	-0.0131133541119	0.00699729677939	0.00687780829559	-0.024199156557	0.0470660200414	0.0616860917063	1.0	0.0175578577203	-0.010243335103	0.0498370864802	-0.0030232277005	0.0221261988193	-0.00588473472086	-0.0607585154863	0.0435352849576	-0.0647118656558	0.027509312506	-0.0297279156129	-0.00531232679075	-0.0125168013198	0.0113819226256	-0.0282674438349	-0.0527801739396	-0.030657853063	-0.0315681858622	0.0155856173963	0.0478926655707	-0.00430245734438	-0.000709248046239	-0.0333353317795	-0.0652978296151	0.0404464047129	0.0146708358883	0.0148212952466	-0.0616464711808	-0.0125824972576	-0.0194114580613	-0.0332415170585	0.0358173860089	0.000866859784548	-0.0346449789535	-0.00361426213091	-0.0407393015996	0.0192002298172	-0.0495647955114
k__Bacteria;p__Firmicutes;c__Clostridia;o__Clostridiales;f__Ruminococcaceae;g__Ruminiclostridium;s__[Eubacterium]_siraeum	0.0293312269748	0.0323714001424	-0.0193325902892	-0.0601983555294	0.00900309579506	-0.0403550545755	0.00223034765556	-0.020526516103	-0.0187775076913	-0.00229355005782	0.0136711686696	0.0619417943276	0.039933981278	0.0189200604544	-0.00675338167461	0.022362095911	0.0171200238872	-0.0270042218529	-0.0185130608659	-0.00657403203729	0.0175578577203	1.0	0.032502658048	0.0133458603811	-0.027476736396	-0.0375721419285	-0.0535107645098	-0.0534335733933	-0.0221418606208	0.0036802816671	-0.0154076306505	-0.014592695218	0.0036496775662	-0.0764465343864	-0.0517802813702	-0.0199840139	-0.0183620114388	-0.0222651617258	0.0670489984579	0.0302982583075	-0.0203667695621	0.027702269073	-0.00946682506442	-0.0224638541657	-0.0207503213566	-0.0420956360105	0.0306981093717	-0.0322741548828	0.0157713835642	0.0334563171756	-0.041234662991	-0.00808809870204	-0.005400846669	0.0162391844136	-0.0457545861886	0.0244302799761	0.00276297798442	0.00748278726862	-0.000918465080532
k__Bacteria;p__Proteobacteria;c__Betaproteobacteria;o__Burkholderiales;f__Sutterellaceae;g__Parasutterella;s__Parasutterella_excrementihominis	-0.0351777486271	-0.0258392281011	0.017839429267	0.0240057874413	0.0437123065286	0.0442975157242	-0.0761096679575	0.0149372647518	0.0580670662658	-0.0768788045211	-0.0295773411459	-0.00907637389268	-0.0353441950636	0.0519197100566	-0.000316104864198	-0.0539829937499	0.0362802852148	0.00512115076313	-0.0031142869573	0.00436785689524	-0.010243335103	0.032502658048	1.0	0.0138555347206	0.0111972933689	-0.0282648778119	0.0278586278756	-0.0214786321912	-0.0328587481157	-0.02585991276	0.00152626774578	-0.0400116635688	-0.0251234000438	-0.00334576312421	-0.0400764072184	0.00938018254639	-0.0108328556169	-0.00376867469544	-0.039879784365	-0.0238750233308	0.0197652729513	0.0399428071575	-0.0418857548968	-0.00488106352866	-0.0354195702457	0.00559579499974	-0.0282001819998	0.0291740102319	-0.0275287804404	-0.00114513289023	-0.0778698821388	0.0130800329301	0.0207912816476	-0.00251261011372	0.0319853948821	0.0369832666801	-0.0497515300685	-0.0119794899734	0.00275725411878
k__Bacteria;p__Actinobacteria;c__Actinobacteria;o__Bifidobacteriales;f__Bifidobacteriaceae;g__Bifidobacterium;s__Bifidobacterium_adolescentis	0.0206949003066	-0.0332147075574	-0.0397009338609	-0.0327166355388	-0.0119859203415	-0.0155767099718	-0.0447902428872	-0.0301588179707	-0.0515726114934	-0.00607531195891	-0.0180310346219	0.0327441603864	-0.00995236902038	0.0274239949082	0.00222014716608	-0.0180480476294	-0.0243884741986	0.0190959193617	0.00720491067669	-0.0232007267331	0.0498370864802	0.0133458603811	0.0138555347206	1.0	0.0282180638811	-0.0244956346973	0.0455133447939	0.0064476597058	-0.0196981237295	-0.0400725768453	-0.0347216034958	-0.0348473178655	-0.050328828107	-0.0505159533103	-0.0434622084987	-0.00239815039628	0.0218976288184	0.0353576661692	-0.0211627112407	-0.0284643674362	-0.0316622448513	-0.0188002455535	0.0310290609289	0.0558173329584	0.0385146180762	0.0251579866062	-0.0184461209346	-0.0223815948796	-0.0343904713465	-0.00165188759537	-0.00654252322807	0.0737856765529	0.043103206958	-0.0399032710727	-0.0111726382861	-0.0298944094925	0.00727735188728	-0.034354215296	-0.0526710605935
k__Bacteria;p__Firmicutes;c__Clostridia;o__Clostridiales;f__Oscillospiraceae;g__Oscillibacter;s__Oscillibacter_sp._KLE_1745	0.00356076237032	-0.0149774419227	0.0684972261665	-0.0466235505081	-0.0125368530409	-0.101739205724	-0.00571966110853	-0.0216307237455	-0.00500791650345	0.048461609601	-0.0365750120868	0.00132279360561	-0.00233615035233	-0.012996025566	0.0202180771428	-0.0373344932985	-0.0308482551324	-0.0329479992026	-0.00575281202651	-0.0485316870986	-0.0030232277005	-0.027476736396	0.0111972933689	0.0282180638811	1.0	0.0521338413175	0.0143289415835	-0.00831618792078	-0.0342167626735	-0.0131059767444	-0.00284334292577	0.0106401300219	0.0477141914651	-0.00894961307888	0.0147013118501	-0.0174082389476	-0.00456632503417	-0.0196712195566	-0.03522955039	-0.0163756943055	-0.0613910778074	-0.0250225326587	0.00841575577015	0.00478721659898	-0.054653197355	0.0333645496572	-0.00652626498816	0.00639203781535	0.0095832092268	-0.0331208495368	-0.0024410610554	0.0491610436096	0.0144990338387	0.0220591302779	-0.0358373838314	0.0144832944277	0.0440772192472	-0.0111362589349	-0.0166231632312
k__Bacteria;p__Bacteroidetes;c__Bacteroidia;o__Bacteroidales;f__Bacteroidaceae;g__Bacteroides;s__Bacteroides_coprophilus	0.0918378706011	-0.0165617933328	-0.0211934599357	-0.0368224395104	-0.000929154182519	0.0141219224452	0.000661452336178	0.0220017421722	-0.062306714812	-0.0138123177312	-0.0287872996494	0.0285024557831	0.00319292275159	0.0478898378876	-0.00285476149922	0.00815577615657	-0.0150996373918	0.0115123665836	-0.0686566791984	-0.0224344788902	0.0221261988193	-0.0375721419285	-0.0282648778119	-0.0244956346973	0.0521338413175	1.0	-0.00952612299368	-0.0304933547672	-0.0103018851621	0.0307536849712	-0.0597574127221	-0.0511497258084	-0.0156486150553	-0.00924678913134	0.0029325790862	0.0517214507574	-0.00708857263823	0.0301622192	0.0171269961547	-0.00751142028803	-0.034975095644	0.00326763620694	-0.0881615524714	-0.0215209493951	-0.0272612835131	0.00936622815694	0.0495508961296	-0.0594651345957	-0.0101891093485	-0.0225200118787	0.0218827843361	0.0342573287971	0.0589805347526	-0.0430453594991	0.034616831293	0.0344402295235	0.00914580026366	0.0408082592342	0.0178289894526
k__Bacteria;p__Firmicutes;c__Clostridia;o__Clostridiales;f__Lachnospiraceae;g__Roseburia;s__Roseburia_intestinalis	0.00461486205958	-0.00274434751827	-0.0556503224044	0.021533765463	-0.0279349019837	-0.0230664445242	0.000989727030834	-0.0037817755567	-0.0186803785713	-0.022507274801	-0.0115804234677	-0.0757871045127	-0.0116014043794	0.0372485345118	-0.00702581922862	0.0132697985911	0.00528283404324	-0.0369319945556	-0.0228242643148	-0.000420286542312	-0.00588473472086	-0.0535107645098	0.0278586278756	0.0455133447939	0.0143289415835	-0.00952612299368	1.0	-0.0415631676045	-0.00434031961633	0.00808048822486	0.00592722415953	-0.00742807313522	0.00543994647737	-0.0202218225385	0.0115730255548	0.0433837542926	-0.0438676907456	-0.00189803250866	-0.0341863602159	0.0534462180437	-0.0580931708521	-0.0152228464212	0.000263808378459	0.0246136518865	0.0590078216256	-0.0265723988269	-0.0225393403513	-0.033625178274	-0.031533246633	-0.000715638731577	-0.046824917606	-0.0408578699958	-0.0198163463514	-0.0762117113637	-0.0386530762747	0.0561002221213	-0.00286260137117	0.038275379667	-0.0359746946081
k__Bacteria;p__Firmicutes;c__Clostridia;o__Clostridiales;f__Lachnospiraceae;g__Roseburia;s__Roseburia_hominis	0.0451172433203	0.0180173602939	-0.0420834604148	-0.0325028367684	0.0195048442811	-0.000935031488063	0.0136392590563	0.00374315262823	-0.0130777437856	-0.0423001223915	-0.055539274918	0.015852770476	-0.0833567612575	-0.0382227339295	0.0206473907765	-0.019716600903	0.0208123304623	-0.0170607995288	-0.0566406555613	-0.0154100794448	-0.0607585154863	-0.0534335733933	-0.0214786321912	0.0064476597058	-0.00831618792078	-0.0304933547672	-0.0415631676045	1.0	-0.00298014444983	0.0141264135116	-0.0201692007477	-0.00531236701109	-0.0167746004807	-0.0389339573894	-0.0313903607792	-0.0182873941678	-0.0141051179013	0.0211786931675	-0.0642467786088	-0.0223067985363	0.0504520207662	-0.00772843657655	-0.0293576839108	0.0252501626444	0.0163376634842	-0.0373469717557	-0.0172651570547	-0.0121468142292	0.0230913978518	-0.0290391995538	-0.0164392357453	0.0250142592848	0.0134459336436	0.0387085291408	-0.00754418738993	-0.0274962043776	-0.0613706414864	0.0140700137227	-0.0187755365558
k__Bacteria;p__Bacteroidetes;c__Bacteroidia;o__Bacteroidales;f__Porphyromonadaceae;g__Parabacteroides;s__Parabacteroides_johnsonii	-0.0258702361828	-0.054210352825	-0.0124897260712	-0.0487579050492	-0.023221662219	0.00848762694672	-0.0399879094641	0.00584050741743	0.0483621890423	-0.0228971193898	-0.00475455660295	-0.00593323154794	-0.00553297099341	0.00464822057779	-0.074512882053	-0.00805813001238	-0.0167572581713	0.018684286928	0.0491470067899	0.0186219233091	0.0435352849576	-0.0221418606208	-0.0328587481157	-0.0196981237295	-0.0342167626735	-0.0103018851621	-0.00434031961633	-0.00298014444983	1.0	-0.0119298406595	-0.0128970133702	0.00876286048687	-0.0529469912612	-0.0281791092883	-0.0452580437391	-0.0175084073613	-0.0103933331589	-0.0159382412653	-0.0246657621103	-0.0268982711885	-0.00790201473946	0.0301127315013	-0.0189306400926	0.0101077265756	0.0267925913654	-0.0478814609336	-0.00824614436149	0.0132555523067	0.0224544347247	-0.0551756439977	0.0486507573288	0.0062864852837	0.0445175352227	-0.0388160582551	-0.00768655023682	-0.0566163688394	0.0191452877317	0.00603699002149	0.0632291408961
