#taxonomy	k__Bacteria;p__Bacteroidetes;c__Bacteroidia;o__Bacteroidales;f__Bacteroidaceae;g__Bacteroides;s__Bacteroides_vulgatus	k__Bacteria;p__Bacteroidetes;c__Bacteroidia;o__Bacteroidales;f__Bacteroidaceae;g__Bacteroides;s__Bacteroides_uniformis	k__Bacteria;p__Bacteroidetes;c__Bacteroidia;o__Bacteroidales;f__Rikenellaceae;g__Alistipes;s__Alistipes_putredinis	k__Bacteria;p__Bacteroidetes;c__Bacteroidia;o__Bacteroidales;f__Prevotellaceae;g__Prevotella;s__Prevotella_copri	k__Bacteria;p__Bacteroidetes;c__Bacteroidia;o__Bacteroidales;f__Bacteroidaceae;g__Bacteroides;s__Bacteroides_stercoris	k__Bacteria;p__Bacteroidetes;c__Bacteroidia;o__Bacteroidales;f__Bacteroidaceae;g__Bacteroides;s__Bacteroides_ovatus	k__Bacteria;p__Bacteroidetes;c__Bacteroidia;o__Bacteroidales;f__Rikenellaceae;g__Alistipes;s__Alistipes_shahii	k__Bacteria;p__Firmicutes;c__Clostridia;o__Clostridiales;f__Ruminococcaceae;g__Faecalibacterium;s__Faecalibacterium_prausnitzii	k__Bacteria;p__Bacteroidetes;c__Bacteroidia;o__Bacteroidales;f__Rikenellaceae;g__Alistipes;s__Alistipes_finegoldii	k__Bacteria;p__Bacteroidetes;c__Bacteroidia;o__Bacteroidales;f__Porphyromonadaceae;g__Parabacteroides;s__Parabacteroides_distasonis	k__Bacteria;p__Bacteroidetes;c__Bacteroidia;o__Bacteroidales;f__Bacteroidaceae;g__Bacteroides;s__Bacteroides_thetaiotaomicron	k__Bacteria;p__Bacteroidetes;c__Bacteroidia;o__Bacteroidales;f__Bacteroidaceae;g__Bacteroides;s__Bacteroides_coprocola	k__Bacteria;p__Bacteroidetes;c__Bacteroidia;o__Bacteroidales;f__Bacteroidaceae;g__Bacteroides;s__Bacteroides_cellulosilyticus	k__Bacteria;p__Bacteroidetes;c__Bacteroidia;o__Bacteroidales;f__Rikenellaceae;g__Alistipes;s__Alistipes_obesi	k__Bacteria;p__Firmicutes;c__Clostridia;o__Clostridiales;f__Lachnospiraceae;g__;s__[Eubacterium]_rectale	k__Bacteria;p__Bacteroidetes;c__Bacteroidia;o__Bacteroidales;f__Bacteroidaceae;g__Bacteroides;s__Bacteroides_plebeius	k__Bacteria;p__Bacteroidetes;c__Bacteroidia;o__Bacteroidales;f__Bacteroidaceae;g__Bacteroides;s__Bacteroides_fragilis	k__Bacteria;p__Proteobacteria;c__Betaproteobacteria;o__Burkholderiales;f__Sutterellaceae;g__Sutterella;s__Sutterella_wadsworthensis	k__Bacteria;p__Bacteroidetes;c__Bacteroidia;o__Bacteroidales;f__Porphyromonadaceae;g__Barnesiella;s__Barnesiella_intestinihominis	k__Bacteria;p__Bacteroidetes;c__Bacteroidia;o__Bacteroidales;f__Odoribacteraceae;g__Odoribacter;s__Odoribacter_splanchnicus	k__Bacteria;p__Bacteroidetes;c__Bacteroidia;o__Bacteroidales;f__Bacteroidaceae;g__Bacteroides;s__Bacteroides_salyersiae	k__Bacteria;p__Firmicutes;c__Clostridia;o__Clostridiales;f__Ruminococcaceae;g__Ruminiclostridium;s__[Eubacterium]_siraeum	k__Bacteria;p__Proteobacteria;c__Betaproteobacteria;o__Burkholderiales;f__Sutterellaceae;g__Parasutterella;s__Parasutterella_excrementihominis	k__Bacteria;p__Actinobacteria;c__Actinobacteria;o__Bifidobacteriales;f__Bifidobacteriaceae;g__Bifidobacterium;s__Bifidobacterium_adolescentis	k__Bacteria;p__Firmicutes;c__Clostridia;o__Clostridiales;f__Oscillospiraceae;g__Oscillibacter;s__Oscillibacter_sp._KLE_1745	k__Bacteria;p__Bacteroidetes;c__Bacteroidia;o__Bacteroidales;f__Bacteroidaceae;g__Bacteroides;s__Bacteroides_coprophilus	k__Bacteria;p__Firmicutes;c__Clostridia;o__Clostridiales;f__Lachnospiraceae;g__Roseburia;s__Roseburia_intestinalis	k__Bacteria;p__Firmicutes;c__Clostridia;o__Clostridiales;f__Lachnospiraceae;g__Roseburia;s__Roseburia_hominis	k__Bacteria;p__Bacteroidetes;c__Bacteroidia;o__Bacteroidales;f__Porphyromonadaceae;g__Parabacteroides;s__Parabacteroides_johnsonii	k__Bacteria;p__Actinobacteria;c__Actinobacteria;o__Bifidobacteriales;f__Bifidobacteriaceae;g__Bifidobacterium;s__Bifidobacterium_longum	k__Bacteria;p__Firmicutes;c__Clostridia;o__Clostridiales;f__;g__Flavonifractor;s__Flavonifractor_plautii	k__Bacteria;p__Firmicutes;c__Clostridia;o__Clostridiales;f__Clostridiaceae;g__Clostridium;s__Clostridium_phoceensis	k__Bacteria;p__Verrucomicrobia;c__Verrucomicrobiae;o__Verrucomicrobiales;f__Akkermansiaceae;g__Akkermansia;s__Akkermansia_muciniphila	k__Bacteria;p__Bacteroidetes;c__Bacteroidia;o__Bacteroidales;f__Prevotellaceae;g__Paraprevotella;s__Paraprevotella_xylaniphila	k__Bacteria;p__Firmicutes;c__Clostridia;o__Clostridiales;f__Ruminococcaceae;g__Ruminococcus;s__Ruminococcus_callidus	k__Bacteria;p__Bacteroidetes;c__Bacteroidia;o__Bacteroidales;f__Rikenellaceae;g__Alistipes;s__Alistipes_senegalensis	k__Bacteria;p__Firmicutes;c__Clostridia;o__Clostridiales;f__Lachnospiraceae;g__Blautia;s__Blautia_sp._KLE_1732	k__Bacteria;p__Bacteroidetes;c__Bacteroidia;o__Bacteroidales;f__Bacteroidaceae;g__Bacteroides;s__Bacteroides_oleiciplenus	k__Bacteria;p__Firmicutes;c__Clostridia;o__Clostridiales;f__Ruminococcaceae;g__Ruminococcus;s__Ruminococcus_bicirculans	k__Bacteria;p__Bacteroidetes;c__Bacteroidia;o__Bacteroidales;f__Bacteroidaceae;g__Bacteroides;s__Bacteroides_fluxus	k__Bacteria;p__Bacteroidetes;c__Bacteroidia;o__Bacteroidales;f__Prevotellaceae;g__Prevotella;s__Prevotella_stercorea	k__Bacteria;p__Firmicutes;c__Clostridia;o__Clostridiales;f__Lachnospiraceae;g__Dorea;s__Dorea_longicatena	k__Bacteria;p__Firmicutes;c__Clostridia;o__Clostridiales;f__Eubacteriaceae;g__Eubacterium;s__[Eubacterium]_eligens	k__Bacteria;p__Firmicutes;c__Clostridia;o__Clostridiales;f__Ruminococcaceae;g__;s__Ruminococcaceae_bacterium_D16	k__Bacteria;p__Firmicutes;c__Clostridia;o__Clostridiales;f__Lachnospiraceae;g__Coprococcus;s__Coprococcus_comes	k__Bacteria;p__Proteobacteria;c__Gammaproteobacteria;o__Enterobacterales;f__Enterobacteriaceae;g__Escherichia;s__Escherichia_coli	k__Bacteria;p__Firmicutes;c__Clostridia;o__Clostridiales;f__Ruminococcaceae;g__Anaerotruncus;s__Anaerotruncus_colihominis	k__Bacteria;p__Firmicutes;c__Clostridia;o__Clostridiales;f__Lachnospiraceae;g__Blautia;s__Blautia_obeum	k__Bacteria;p__Bacteroidetes;c__Bacteroidia;o__Bacteroidales;f__Odoribacteraceae;g__Odoribacter;s__Odoribacter_laneus	k__Bacteria;p__Firmicutes;c__Clostridia;o__Clostridiales;f__Ruminococcaceae;g__Ruminiclostridium;s__[Clostridium]_leptum	k__Bacteria;p__Bacteroidetes;c__Bacteroidia;o__Bacteroidales;f__Porphyromonadaceae;g__Parabacteroides;s__Parabacteroides_goldsteinii	k__Bacteria;p__Firmicutes;c__Clostridia;o__Clostridiales;f__Lachnospiraceae;g__Anaerostipes;s__Anaerostipes_hadrus	k__Bacteria;p__Firmicutes;c__Clostridia;o__Clostridiales;f__Ruminococcaceae;g__Ruminococcus;s__Ruminococcus_lactaris	k__Bacteria;p__Firmicutes;c__Clostridia;o__Clostridiales;f__Clostridiaceae;g__Clostridium;s__Clostridium_sp._L2-50	k__Bacteria;p__Firmicutes;c__Clostridia;o__Clostridiales;f__Clostridiaceae;g__Clostridium;s__Clostridium_sp._M62/1	k__Bacteria;p__Firmicutes;c__Clostridia;o__Clostridiales;f__;g__Intestinimonas;s__Intestinimonas_butyriciproducens	k__Bacteria;p__Actinobacteria;c__Actinobacteria;o__Bifidobacteriales;f__Bifidobacteriaceae;g__Bifidobacterium;s__Bifidobacterium_bifidum	k__Bacteria;p__Firmicutes;c__Negativicutes;o__Veillonellales;f__Veillonellaceae;g__Dialister;s__Dialister_invisus	k__Bacteria;p__Bacteroidetes;c__Bacteroidia;o__Bacteroidales;f__Bacteroidaceae;g__Bacteroides;s__Bacteroides_salanitronis
k__Bacteria;p__Bacteroidetes;c__Bacteroidia;o__Bacteroidales;f__Bacteroidaceae;g__Bacteroides;s__Bacteroides_vulgatus	1.0	0.0410024829286	-0.076230896	0.00124861187583	0.0127225542605	0.0277787728294	-0.0275331868613	-0.0281332786267	-0.0384225622897	-0.0295713886715	-0.0266801152236	-0.0211972190899	0.0078189003812	-0.0356625360135	-0.04722853724	-0.0585554673026	-0.00851834326058	0.00135904364474	-0.0408661345208	-0.018523738723	-0.0337088763006	0.0384930863931	-0.0774431718271	0.0492695276865	0.0316898594612	-0.0200563245146	-0.00705361448193	0.0187281586611	0.0548876952266	0.04607105283	-0.0745133390243	-0.00154435843267	0.0115859174421	-0.0458192426535	0.0260419267279	0.0321789053772	-0.00476107116494	-0.0612710103307	0.0712157969072	-0.0303951973687	0.0293064492393	0.0041465254153	0.0132527990366	-0.0205095181384	0.0475636501591	-0.0313077213285	0.0135094290382	0.000967267223291	0.0129341307853	-0.0724420892915	0.00577548866842	0.00583209758605	-0.0174942845483	0.00142992537722	-0.0290856041011	0.00766491885973	0.00752512996127	0.000884945563001	0.00308613975306
k__Bacteria;p__Bacteroidetes;c__Bacteroidia;o__Bacteroidales;f__Bacteroidaceae;g__Bacteroides;s__Bacteroides_uniformis	0.0410024829286	1.0	-0.0563128369676	0.00518072790641	-0.0251665412912	0.052520588545	0.034622972565	0.0362827679435	0.0261213105962	-0.053322882671	-0.00215546224165	-0.00890713686818	-0.0520457619287	0.0590267217552	0.033744349877	-0.0348374619385	-0.0373023061891	0.0537147348371	-0.000708699117851	0.0224543118295	-0.0410994593522	-0.00999311835994	-0.0620944233302	-0.0108152245277	-0.0431601642318	-0.0116341492839	-0.0143741348443	-0.0210327460502	-0.0202612646946	-0.0480792434732	0.0393754314156	0.0571654016422	-0.0556950428485	0.0220248314915	-0.0474275603519	-0.0837878725582	-0.0246117140302	0.0122071993707	-0.00994536665298	-0.0359062737688	-0.0194895463635	0.02792523964	0.0312771340359	0.0250539153797	0.0372126268849	-0.0475133086775	0.0401974846662	0.0371591381206	0.0218236629097	-0.00777114004669	-0.0400106260155	-0.0094505964436	-0.0388261043681	-0.00471446223907	-0.0258152600021	0.00130987475367	-0.0458664481305	-0.00569306843975	-0.00892508540093
k__Bacteria;p__Bacteroidetes;c__Bacteroidia;o__Bacteroidales;f__Rikenellaceae;g__Alistipes;s__Alistipes_putredinis	-0.076230896	-0.0563128369676	1.0	0.02048183865	-0.0629750314843	-0.0424176734161	0.0213005537644	-0.0128013576953	0.0542579455288	-0.0169084973521	0.0365376318616	-0.0360250540112	0.00485942639093	0.000814982789192	0.0208037965836	-0.0192010538286	-0.0206461265414	0.0328002204923	0.022407023857	-0.0546447423406	0.00303215711814	0.0587113501033	-0.0470043068869	-0.00489779739672	-0.0604533711579	-0.0252655976632	0.0911874436358	-0.015231349084	-0.0693109593497	-0.0391171785101	-0.0360238072821	-0.0244795815462	0.00165694859857	-0.0381005006023	0.0120246919042	-0.0251617014968	0.0217493955933	-0.0450112759156	-0.0808041889938	0.0194016298937	0.0231131137365	0.0329696775529	0.00384620609552	0.0213754919452	-0.0124689738627	-0.0521480871104	-0.00328441083028	-0.00756172240546	0.00163141247951	-0.0199927982902	0.0723946088615	0.042294238012	-0.0194572538307	-0.00513135343494	-0.0328824988382	0.0382882341058	-0.0272505246685	-0.0453244604709	0.00713755936359
k__Bacteria;p__Bacteroidetes;c__Bacteroidia;o__Bacteroidales;f__Prevotellaceae;g__Prevotella;s__Prevotella_copri	0.00124861187583	0.00518072790641	0.02048183865	1.0	-0.0583433396208	0.00850103799844	-0.0330499402035	0.0292421205804	0.00983182759146	0.0407913047361	-0.0069993656965	-0.0298614193125	0.00972522254972	0.0149408195105	0.0461681731372	0.0275187725475	0.0142425463904	0.0396153884155	-0.0120511473378	-0.0025132826839	-0.0368841884606	-0.0105814952729	0.0224974640233	0.00259492578999	-0.0512317106231	-0.0330266410115	-0.0501014920147	-0.0249661487469	0.0253939026157	0.0227423277798	0.0404035563397	0.0335274747751	-0.0127470056435	-0.0683689021702	0.00576624994907	-0.0126917675673	0.0132200384252	-0.039485022416	-0.00419174504445	0.016086657846	-0.00185683299836	-0.0667802130017	-0.0551179960856	-0.00577963406734	-0.00168695284652	0.0357792007346	-0.0588609931978	0.0194053128464	0.0222183718078	0.025467498572	0.0248444166214	-0.0362165269522	-0.0660133360602	-0.030378826531	0.00950856758944	-0.0232106151054	-0.0176076440051	-0.0129694237091	-0.0559423879976
k__Bacteria;p__Bacteroidetes;c__Bacteroidia;o__Bacteroidales;f__Bacteroidaceae;g__Bacteroides;s__Bacteroides_stercoris	0.0127225542605	-0.0251665412912	-0.0629750314843	-0.0583433396208	1.0	0.0142074192608	-0.0355360937155	-0.0381129839242	0.033994300963	0.00360531106569	-0.0361986695838	0.0162490980231	0.043784818327	0.00584512147448	-0.0639725426536	-0.0532001105351	-0.0486662878336	-0.0139782607575	-0.00562068603977	-0.0269805957513	-0.00970243020499	-0.0116892492439	0.0266655607728	0.0429107892985	0.0147431661981	0.0166281064826	-0.0175605854521	0.030382945644	0.0243508182291	-0.0209909686618	-0.0355722534471	0.0045489664195	-0.0566974303209	0.0463104221682	-0.00383019047992	-0.00460055773467	-0.00867393062498	-0.0253115168248	-0.00188447899445	-0.041303225381	-0.00682573522424	-0.0105737174473	-0.00569121837473	0.00155715194991	0.0379692052813	0.0126704522794	-0.0365227623808	-0.0235626297376	-0.00886002693083	-0.0358160592694	-0.00738400876547	0.0218522308279	0.0323134472408	0.0501734085042	0.0252721300485	0.0209903189786	0.0321620862535	-0.0142383001276	0.0101107986527
k__Bacteria;p__Bacteroidetes;c__Bacteroidia;o__Bacteroidales;f__Bacteroidaceae;g__Bacteroides;s__Bacteroides_ovatus	0.0277787728294	0.052520588545	-0.0424176734161	0.00850103799844	0.0142074192608	1.0	0.0403780142178	0.0338143810109	-0.0303186788601	-0.0685739295729	0.00990490379846	0.0101941376078	-0.0239435844051	-0.00684572112405	-0.0210392579969	-0.0215566663344	-0.0199304336527	0.00237712998304	-0.0263763629363	-0.0271857873674	0.0210527498539	-0.0431173117919	0.00244149920571	-0.0502825994906	0.00607790306343	-0.0892566823471	0.0374335307929	-0.0195602540767	-0.0440677130226	-0.0254627520849	0.0201489338948	-0.031773377574	-0.0133677044731	0.00980978816653	-0.028728377333	-0.0160293815387	0.0024196018811	0.0424275893053	-0.0259095596127	-0.00574828802703	0.0160136157931	-0.0162547323387	-0.0346101219421	-0.0345044208439	0.0439519951744	-0.00181547733448	-0.0156819631214	-0.0421245456754	-0.0132157249794	-0.0101814798176	0.0363869107919	0.0488884106155	-0.0294438435472	-0.010778511583	0.0522147385547	0.0137102251555	0.00386096583598	0.0454924893893	0.0375741097582
k__Bacteria;p__Bacteroidetes;c__Bacteroidia;o__Bacteroidales;f__Rikenellaceae;g__Alistipes;s__Alistipes_shahii	-0.0275331868613	0.034622972565	0.0213005537644	-0.0330499402035	-0.0355360937155	0.0403780142178	1.0	-0.0368483401689	-0.027311539969	-0.0442388448746	-0.0370730688052	-0.0115544871245	-0.0201456186313	-0.0305886079763	0.0242533827815	0.00684999972286	0.0455484028916	-0.0102429211903	0.0208692344533	-0.00297022835687	-0.045196989877	0.0144763999851	-0.0222654091164	-0.0132011573249	0.0975450010854	-0.00434152758577	0.056533251041	0.0580916007071	-0.00138613399973	0.0152665770726	0.00369165927241	-0.015345399522	0.0282806503966	-0.00863139922175	0.0428797397886	0.00185584710218	0.0425554682252	0.00445610527849	-0.032215205292	-0.0444799010441	-0.0187594634914	-0.00655837664284	0.0724547222486	-0.0342873744445	-0.0620003738484	-0.00882343567297	-0.0524939402573	-0.0979748232354	0.0144152143661	0.00372933348523	0.0312227915901	-0.0199379353267	-0.0392083788574	-0.0119254491598	0.0120473508947	-0.0384494860856	-0.0482581749798	0.0396893952922	0.035605510606
k__Bacteria;p__Firmicutes;c__Clostridia;o__Clostridiales;f__Ruminococcaceae;g__Faecalibacterium;s__Faecalibacterium_prausnitzii	-0.0281332786267	0.0362827679435	-0.0128013576953	0.0292421205804	-0.0381129839242	0.0338143810109	-0.0368483401689	1.0	-0.0192814844235	-0.0352152398614	0.0325139062519	-0.0125800325466	-0.040437629653	0.00374213131434	0.0351680729882	-0.0251092399116	-0.010852586085	-0.0102916346999	0.0302324957747	-0.0207341706964	-0.0251336298654	0.050297362421	0.0399266722735	0.0153352994377	-0.00609828354199	0.0132971055796	-0.00602959459665	0.0543745781246	0.0518156828365	-0.0218143467837	-0.0192861230558	0.0231347581677	-0.00642827640302	-0.0740498066491	-0.0329317822147	0.0227268835078	-0.000467208674505	-0.00132206922503	-0.0178527951558	-0.00879658182637	-0.068054991441	0.0214324541468	-0.00427173966805	0.0215440207792	0.0331252627761	-0.0582051741583	-0.0184143196855	-0.0248176628082	-0.0325206009755	-0.0668721963625	-0.0446296415584	0.0523396426984	0.0198757730645	-0.0480449903374	-0.0477178191456	0.0235106519453	-0.0511988971674	-0.0062982120733	-0.0171688834147
k__Bacteria;p__Bacteroidetes;c__Bacteroidia;o__Bacteroidales;f__Rikenellaceae;g__Alistipes;s__Alistipes_finegoldii	-0.0384225622897	0.0261213105962	0.0542579455288	0.00983182759146	0.033994300963	-0.0303186788601	-0.027311539969	-0.0192814844235	1.0	-0.00780671785181	0.0194762045176	-0.0390636546325	-0.0119972209298	-0.0147001580771	-0.00203377633977	0.0138826730741	0.0253812328712	-0.0353390836532	-0.0241873673296	-0.0285297720882	-0.0426549912623	-0.0199493536609	0.00517643925058	0.0347700372592	-0.0237228250008	-0.00229029298184	0.0335569747519	-0.0265440891052	-0.0374684160369	-0.0145948491014	-0.0202710431066	0.0163756544847	-0.00779931411238	0.0179421136074	0.0045066652999	-0.0022019811539	0.050496884385	0.0208736736833	-0.0406349997491	0.00656525656674	0.0265825215286	-0.0389406222557	0.0189643334542	-0.000982105948046	0.0173632791422	0.0108756848864	-0.0276697525619	-0.0551980869377	0.00127171196095	0.000423490300106	0.000833610429128	-0.0290130615418	-0.0163736373024	-0.0415366314404	-0.0133836281665	0.0107433624445	0.0144591668502	-0.0118759392026	0.0169341155589
k__Bacteria;p__Bacteroidetes;c__Bacteroidia;o__Bacteroidales;f__Porphyromonadaceae;g__Parabacteroides;s__Parabacteroides_distasonis	-0.0295713886715	-0.053322882671	-0.0169084973521	0.0407913047361	0.00360531106569	-0.0685739295729	-0.0442388448746	-0.0352152398614	-0.00780671785181	1.0	-0.0315082944082	-0.0330757587225	-0.0168858786292	0.0244762605605	-0.0516811818761	-0.0141610227065	-0.0302231988699	-0.00341048469809	-0.00520316369327	-0.00794000114772	-0.0209649651213	-0.0200517421756	-0.00307119144838	0.0345776578	-0.0236733019076	-0.0498660735584	0.0443560361046	-0.0224723648858	-0.0220512254363	-0.00650995205251	0.0332975973134	0.0443617325619	-0.0255297636791	-0.0415039277808	-0.0126901109969	0.0297929616808	-0.0344591518361	-0.0201708692692	0.010749605664	-0.00950706545317	0.00555121150351	0.0327453324661	-0.029728407151	-0.0194543085175	0.0415608068926	0.0283812715785	0.0923863866733	-0.0313762583051	-0.0137634651374	0.0270664265697	0.000427044535262	0.0377689513219	-0.00677084314792	-0.0569184335838	-0.0316314069881	-0.0436668521223	-0.00302914754035	0.0315340534269	0.00115745909866
k__Bacteria;p__Bacteroidetes;c__Bacteroidia;o__Bacteroidales;f__Bacteroidaceae;g__Bacteroides;s__Bacteroides_thetaiotaomicron	-0.0266801152236	-0.00215546224165	0.0365376318616	-0.0069993656965	-0.0361986695838	0.00990490379846	-0.0370730688052	0.0325139062519	0.0194762045176	-0.0315082944082	1.0	0.00664136888183	-0.0357324270286	-0.0193405241387	-0.0013737334801	0.00806945424239	0.0193991401731	0.0171461777527	-0.0182676893175	0.0634897231235	-0.0196268914352	5.69631750163e-05	-0.0117556198856	0.000225984689161	0.000868635192922	-0.0224620906101	0.00640078665495	0.0133209469533	-0.0317817481555	0.0155659121385	-0.00566683871167	-0.0316677071645	0.00783080811505	-0.0324943080974	-0.0459406071751	-0.0167319804968	-0.0531467400804	0.00660725453759	-0.000136365414322	-0.00628149862592	-0.0507576685271	-0.062621129088	-0.00768056212858	-0.0209609279999	-0.0396089943544	-0.0152666563028	0.0171327613275	-0.0189140560474	0.0172761981731	0.023414323342	0.0337443540385	0.0618620670818	-0.0467982203636	-0.0443400640456	0.0284096049388	-0.00452380095005	0.0244445199635	-0.0571140610934	-0.060315830792
k__Bacteria;p__Bacteroidetes;c__Bacteroidia;o__Bacteroidales;f__Bacteroidaceae;g__Bacteroides;s__Bacteroides_coprocola	-0.0211972190899	-0.00890713686818	-0.0360250540112	-0.0298614193125	0.0162490980231	0.0101941376078	-0.0115544871245	-0.0125800325466	-0.0390636546325	-0.0330757587225	0.00664136888183	1.0	0.0417291401251	0.0333193183105	0.0263950319538	0.0035726348272	-0.0243618428637	0.0789441548673	0.0523639566791	0.0184037139036	-0.081041495449	-0.0417109059323	-0.0301207370499	0.00348806890991	0.0152953914669	0.0245732711741	0.00437059464614	0.00945675154127	-0.00447216259695	-0.0465640089529	-0.0259451481149	-0.00337023838895	-0.0618192497971	0.00220863285976	0.0256805737407	-0.00790002677574	0.0264994837393	0.0140699612142	0.00207283189288	0.0413413114639	-0.0352744418376	-0.0788262196841	0.0147854127832	-0.00862385889065	-0.0203222364221	0.0110598285539	0.00149179812861	0.0212590357438	-0.0449038820485	0.0104159088928	-0.0709101089515	0.0180436006137	-0.00098379558395	0.0282705366514	-0.00789020799834	-0.0179341720055	-0.0546001973488	0.0117894101115	0.0401596933793
k__Bacteria;p__Bacteroidetes;c__Bacteroidia;o__Bacteroidales;f__Bacteroidaceae;g__Bacteroides;s__Bacteroides_cellulosilyticus	0.0078189003812	-0.0520457619287	0.00485942639093	0.00972522254972	0.043784818327	-0.0239435844051	-0.0201456186313	-0.040437629653	-0.0119972209298	-0.0168858786292	-0.0357324270286	0.0417291401251	1.0	-0.0400167730616	-0.011287467627	-0.0379888348118	0.00820269224783	0.0336422185883	-0.0479803831895	0.025599156373	0.00118205438344	-0.00499936761296	0.00329507392105	0.00584343027504	-0.00316694865809	0.00811157833462	-0.0336658178096	0.00350379417165	0.00115288480318	-0.0161609604489	0.0585614394673	-0.0453801424058	0.0189516847501	0.00133996159883	-0.0141201251419	-0.0664138658902	0.0306497622708	-0.0207436082425	-0.0226371413716	-0.0335005371798	0.0241088412311	-0.00253131445647	0.000234327901912	-0.0225155375504	0.0403535594604	-0.0154104304547	-0.00869956227012	0.022336624789	0.0294764639662	-0.0294294854658	-0.00917853360101	-0.0912204424278	-0.00153864480125	0.00639119335883	-0.0229838759288	0.00133578274243	0.00200391323729	-0.00543558205977	0.0545388042952
k__Bacteria;p__Bacteroidetes;c__Bacteroidia;o__Bacteroidales;f__Rikenellaceae;g__Alistipes;s__Alistipes_obesi	-0.0356625360135	0.0590267217552	0.000814982789191	0.0149408195105	0.00584512147448	-0.00684572112405	-0.0305886079763	0.00374213131434	-0.0147001580771	0.0244762605605	-0.0193405241387	0.0333193183105	-0.0400167730616	1.0	0.00981580677064	0.0101692147277	0.0450785954175	0.0212829938577	0.0179970200247	0.0169698359061	0.00430391959161	-0.00665392928997	-0.0478076816819	-0.0447897683903	-0.0399683627158	-0.0556108703972	-0.0364996515863	-0.0488292645682	-0.0539608201806	-0.0319473098875	0.00753659686911	0.0144905501109	0.00866441789419	-0.0191550764768	-0.0557516122136	-0.0313445931429	0.024465037583	-0.00282971793319	0.0297529758228	0.038771942017	-0.0570810307405	-0.0371861164259	0.0132690021108	-0.022669750967	0.011532078853	-0.0449612684728	-0.0304400049943	-0.0347602478351	0.0161822867287	0.0500437544472	0.00459933654572	0.0474552605483	-0.0171168053404	-0.0484745200271	0.0554383044118	-0.0836561999749	-0.000757949972507	0.00337758032549	-0.00973158807603
k__Bacteria;p__Firmicutes;c__Clostridia;o__Clostridiales;f__Lachnospiraceae;g__;s__[Eubacterium]_rectale	-0.04722853724	0.033744349877	0.0208037965836	0.0461681731372	-0.0639725426536	-0.0210392579969	0.0242533827815	0.0351680729882	-0.00203377633977	-0.0516811818761	-0.0013737334801	0.0263950319538	-0.011287467627	0.00981580677064	1.0	0.0761879202971	0.013760651753	-0.0169333532225	-0.0472450492414	0.0112429266759	-0.0359077900748	-0.0612579123504	-0.00179511481398	0.0110804024465	0.0119709875186	-0.0508034216516	0.0680888774116	0.0124933462079	-0.0167605131702	-0.0237571439683	0.0103276981317	-0.0373958126645	0.0149208543446	-0.00916878823123	0.0315576721725	-0.00318979256657	-0.0392756295721	0.0169314282247	-0.105399868251	-0.0538781852128	-0.0657029384655	-0.0404461791956	-0.0745018427058	0.0396897871914	0.0309797034363	0.0204668765968	0.0397446842678	-0.038510220198	0.0098643055955	0.00949250998137	0.0183575565193	-0.0101548730218	-0.000444792137048	-0.0261424059245	-0.038586444374	-0.0143057271759	-0.0315665132535	0.0135729283764	0.00177252311345
k__Bacteria;p__Bacteroidetes;c__Bacteroidia;o__Bacteroidales;f__Bacteroidaceae;g__Bacteroides;s__Bacteroides_plebeius	-0.0585554673026	-0.0348374619385	-0.0192010538286	0.0275187725475	-0.0532001105351	-0.0215566663344	0.00684999972286	-0.0251092399116	0.0138826730741	-0.0141610227065	0.00806945424239	0.0035726348272	-0.0379888348118	0.0101692147277	0.0761879202971	1.0	-0.0198404062625	-0.0111063364349	0.0491148439671	0.00943498952395	0.0300172332579	-0.0912627218258	-0.00325701868816	0.013566135125	0.00621676361812	0.0199364487271	0.0209066655178	-0.00341162217681	-0.0419317257777	-0.000782005400835	-0.0116189902882	-0.0371271791375	0.00495108041256	0.0239874390059	-0.0203545735581	0.0381952458838	-0.0137381026648	-0.0243072713058	0.0103360185691	0.00923537957249	0.0275245966779	0.00622277863839	-0.0325340059865	-0.0412015465424	-0.0530141124866	0.0149868355364	-0.0145887866178	0.0324199232606	0.0135730316167	0.0551545164688	-0.0320930193281	-0.00837652874618	0.00413830528375	-0.022130856186	-0.0205052285052	-0.000808200673945	0.0369811841107	-0.0263365903831	-0.0549586544001
k__Bacteria;p__Bacteroidetes;c__Bacteroidia;o__Bacteroidales;f__Bacteroidaceae;g__Bacteroides;s__Bacteroides_fragilis	-0.00851834326058	-0.0373023061891	-0.0206461265414	0.0142425463904	-0.0486662878336	-0.0199304336527	0.0455484028916	-0.010852586085	0.0253812328712	-0.0302231988699	0.0193991401731	-0.0243618428637	0.00820269224783	0.0450785954175	0.013760651753	-0.0198404062625	1.0	-0.0132439278991	-0.0568420402216	0.0510643437735	-0.0430023678768	-0.00555292020299	-0.0737372892105	0.00582816675828	0.0204033407622	-0.0219256385385	0.00240289779817	-0.0267164565942	-0.000580044565177	0.0127953403514	-0.0356917528494	0.019051723487	-0.0121525500116	0.0167908481706	-0.0393558257187	0.0328235906597	-0.0489104456814	0.000782772134517	0.03674844406	-0.0371590036734	-0.0241749166397	0.0239422410248	-0.0211720931943	0.00510176239209	-0.00331606689069	-0.00883244005549	0.0283024164274	0.0365474243806	-0.0356200772599	-0.0711036680131	-0.0601455531658	-0.00105708293305	0.0247714946443	0.00862438002096	0.0354379441997	0.0240787711945	0.0388375855391	-0.0664205836411	-0.0197762741334
k__Bacteria;p__Proteobacteria;c__Betaproteobacteria;o__Burkholderiales;f__Sutterellaceae;g__Sutterella;s__Sutterella_wadsworthensis	0.00135904364474	0.0537147348371	0.0328002204923	0.0396153884155	-0.0139782607575	0.00237712998304	-0.0102429211903	-0.0102916346999	-0.0353390836532	-0.00341048469809	0.0171461777527	0.0789441548673	0.0336422185883	0.0212829938577	-0.0169333532225	-0.0111063364349	-0.0132439278991	1.0	-0.00855956251191	0.0157060274492	-0.0442866233357	-0.0423487352131	-0.0311352312733	-0.0285296351206	-0.0268682157283	0.0415842179322	-0.0131338516704	0.0426544317433	0.0193591284613	-0.000565760324859	-0.0220967326888	0.0535394432866	-0.0552844901997	0.062113613998	-0.00072043225951	-0.00396279967842	-0.0120306980574	0.0175893437893	0.00722480902091	-0.0228758531414	-0.0152947438795	0.0510801967522	-0.0471152150883	-0.0133603950024	0.0199021855539	-0.0366249735125	-0.0294478459909	-0.0446712013011	0.00619601092677	-0.057696818562	-0.0550595878548	-0.0215690066005	0.0205313770172	-0.067601761801	-0.0332761412474	0.0126693545307	0.0136182564794	0.0357737541825	-0.042890445321
k__Bacteria;p__Bacteroidetes;c__Bacteroidia;o__Bacteroidales;f__Porphyromonadaceae;g__Barnesiella;s__Barnesiella_intestinihominis	-0.0408661345208	-0.000708699117851	0.022407023857	-0.0120511473378	-0.00562068603977	-0.0263763629363	0.0208692344533	0.0302324957747	-0.0241873673296	-0.00520316369327	-0.0182676893175	0.0523639566791	-0.0479803831895	0.0179970200247	-0.0472450492414	0.0491148439671	-0.0568420402216	-0.00855956251191	1.0	-0.0591693682255	0.00128369890543	-0.0217746969451	-0.000595894248998	-0.0569445812541	0.0317741390255	-0.0249088337242	-0.0248014530019	0.0173420693255	0.0166701485629	0.0155527973062	-0.0113765910581	-0.000157244092228	-0.0297500839187	0.0248597568622	-0.0244664583102	4.41050684811e-05	-0.0136340780319	0.0136475582985	-0.0204824919339	-0.0243591627075	-0.038184185227	-0.0594144332513	0.0682923878594	-0.0304686155635	0.00670077765047	-0.0256612048745	-0.0204965374297	0.0330108375272	-0.00713618511269	-0.0546684690719	0.0254728012666	-0.0262708929328	0.0711824346893	0.0295971174643	0.0201169528012	-0.0131128638902	-0.0107854155968	0.0684886336255	0.00698006830274
k__Bacteria;p__Bacteroidetes;c__Bacteroidia;o__Bacteroidales;f__Odoribacteraceae;g__Odoribacter;s__Odoribacter_splanchnicus	-0.018523738723	0.0224543118295	-0.0546447423406	-0.0025132826839	-0.0269805957513	-0.0271857873674	-0.00297022835687	-0.0207341706964	-0.0285297720882	-0.00794000114772	0.0634897231235	0.0184037139036	0.025599156373	0.0169698359061	0.0112429266759	0.00943498952395	0.0510643437735	0.0157060274492	-0.0591693682255	1.0	0.0154644907476	-0.00419125887655	0.00595088216103	0.0358277046071	0.0434382069684	-0.0384502420987	-0.00333769472913	0.00717819808255	-0.0144623465204	0.000677509769767	0.00149493160784	-0.0399063524054	0.0407151853613	-0.033393563785	-0.0461295668471	0.0200203553508	-0.00522396125814	-0.0409927078756	-0.00998327737018	0.0148202578245	0.00361272634881	0.00168459820944	-0.0419288623426	0.00723926617062	-0.00648645270813	0.0217437411483	0.0320637949783	0.00728640029135	-0.0398535440406	-0.0043836144655	-0.0104287031693	-0.044613173057	-0.0559855616437	0.0156132062841	0.0348199361322	0.00834266328815	-0.0304210373103	0.0721034593483	-0.049300278705
k__Bacteria;p__Bacteroidetes;c__Bacteroidia;o__Bacteroidales;f__Bacteroidaceae;g__Bacteroides;s__Bacteroides_salyersiae	-0.0337088763006	-0.0410994593522	0.00303215711814	-0.0368841884606	-0.00970243020499	0.0210527498539	-0.045196989877	-0.0251336298654	-0.0426549912623	-0.0209649651213	-0.0196268914352	-0.081041495449	0.00118205438344	0.00430391959161	-0.0359077900748	0.0300172332579	-0.0430023678768	-0.0442866233357	0.00128369890543	0.0154644907476	1.0	0.0214616808464	0.0153716643395	0.0190336171555	0.0340867058114	0.0352782482374	0.0493490417949	-0.0420907429168	0.00231659663729	-0.0211255220855	-0.0446078286964	-0.0265753012627	0.0399585222692	-0.00133115386194	0.0381269220743	0.0186982928733	-0.017787359137	0.0101539787042	-0.00484136351483	-0.000900425735151	0.00672573726948	0.0645903255598	-0.00569737983703	0.0162710977674	0.0244520633182	0.00737368725456	-0.0338696057413	-0.0223055868273	0.0136153962319	-0.0793604202816	-0.0142960865999	-0.0320792523052	0.0396222190429	-0.0051483048646	-0.0489697983985	-0.0260396049161	0.0352558884602	-0.0604895124782	0.0439957952024
k__Bacteria;p__Firmicutes;c__Clostridia;o__Clostridiales;f__Ruminococcaceae;g__Ruminiclostridium;s__[Eubacterium]_siraeum	0.0384930863931	-0.00999311835994	0.0587113501033	-0.0105814952729	-0.0116892492439	-0.0431173117919	0.0144763999851	0.050297362421	-0.0199493536609	-0.0200517421756	5.69631750163e-05	-0.0417109059323	-0.00499936761296	-0.00665392928997	-0.0612579123504	-0.0912627218258	-0.00555292020299	-0.0423487352131	-0.0217746969451	-0.00419125887655	0.0214616808464	1.0	-0.0200824427689	0.015756187349	-0.0134815036646	0.00664651721589	-0.00660917709889	0.0135517983513	0.0258795195316	-0.0680987406367	-0.0105762136472	-0.0200077325515	0.0314976090831	-0.0328907814875	0.0200447278039	-0.0147311111559	-0.00455614685408	-0.0574667740716	-0.000197985115828	0.00196472353578	0.0391513137222	-0.0386729368358	-0.0309788388843	-0.0113384162923	-0.0163516166552	-0.052896732604	0.00217626069097	0.0359051215971	0.0024399279691	0.00352074192454	0.0251141949796	-0.00705284704184	-0.00433107292706	0.0125014376761	-0.018902125559	0.0298548995276	-0.0743473980935	0.0259429969395	0.0248977932107
k__Bacteria;p__Proteobacteria;c__Betaproteobacteria;o__Burkholderiales;f__Sutterellaceae;g__Parasutterella;s__Parasutterella_excrementihominis	-0.0774431718271	-0.0620944233302	-0.0470043068869	0.0224974640233	0.0266655607728	0.00244149920571	-0.0222654091164	0.0399266722735	0.00517643925058	-0.00307119144838	-0.0117556198856	-0.0301207370499	0.00329507392105	-0.0478076816819	-0.00179511481398	-0.00325701868816	-0.0737372892105	-0.0311352312733	-0.000595894248998	0.00595088216103	0.0153716643395	-0.0200824427689	1.0	0.00808120191575	-0.0083654053272	-0.0249501368285	0.0137432109367	-0.0247709629994	-0.0234303129904	0.020874485115	0.0128963357763	-0.0115442082972	-0.0123925716077	0.0137920650874	0.00848817200932	-0.0344249801972	-0.0354115814308	-0.0405394576455	0.0222266434525	-0.0230286558849	-0.00409719220938	0.053799901258	0.0140396340138	0.0348212325086	-0.0292976425875	-0.0170841012847	0.0251996763336	0.0637444942929	0.0199074825085	-0.0481389791406	-0.0276707809778	-0.00695347058208	-0.0210407130333	-0.0376694789184	0.0206571198129	0.00042280117017	0.0227732595059	-0.059929885859	-0.00412321642709
k__Bacteria;p__Actinobacteria;c__Actinobacteria;o__Bifidobacteriales;f__Bifidobacteriaceae;g__Bifidobacterium;s__Bifidobacterium_adolescentis	0.0492695276865	-0.0108152245277	-0.00489779739672	0.00259492578999	0.0429107892985	-0.0502825994906	-0.0132011573249	0.0153352994377	0.0347700372592	0.0345776578	0.000225984689161	0.00348806890991	0.00584343027504	-0.0447897683903	0.0110804024465	0.013566135125	0.00582816675828	-0.0285296351206	-0.0569445812541	0.0358277046071	0.0190336171555	0.015756187349	0.00808120191575	1.0	-0.00808835803167	-0.00308980881777	-0.0319159615488	0.0286472584602	0.00808468263144	-0.0466658329801	-0.00818291946446	-0.000832468943467	0.0150928209732	-0.0193733824733	0.0484303610658	0.00731091394482	0.0326908734977	-0.0279652738935	-0.0279238816771	0.0026076217065	0.0139314150525	-0.00526575927672	0.0346533463978	-0.0561844942718	-0.00540870535278	0.060639970794	-0.0574240956284	-0.0078326220837	-0.0380352703645	-0.0112539411048	0.0031792657534	0.00487497960242	0.00813892058025	-0.0242122662729	0.00357405209753	-0.00679965952075	-0.0103946890749	-0.0110541935338	-0.0236102253963
k__Bacteria;p__Firmicutes;c__Clostridia;o__Clostridiales;f__Oscillospiraceae;g__Oscillibacter;s__Oscillibacter_sp._KLE_1745	0.0316898594612	-0.0431601642318	-0.0604533711579	-0.0512317106231	0.0147431661981	0.00607790306343	0.0975450010854	-0.00609828354199	-0.0237228250008	-0.0236733019076	0.000868635192922	0.0152953914669	-0.00316694865809	-0.0399683627158	0.0119709875186	0.00621676361812	0.0204033407622	-0.0268682157283	0.0317741390255	0.0434382069684	0.0340867058114	-0.0134815036646	-0.0083654053272	-0.00808835803167	1.0	-0.0102979884649	0.0172568340153	-0.0467395041201	-0.0132174254102	-0.0342091074068	0.0447938836137	0.0101936135629	0.0306059524887	0.0251298436347	-0.0390943021733	-0.0161351905463	-0.0279221683625	0.00254887335405	0.018775462524	-0.0129957190824	-0.0237654824586	-0.00910767445135	-0.0406805694966	0.0479334933514	-0.0274981427541	0.0153525827236	0.00886948556294	-0.0302632946487	-0.0574556110491	-0.0342707880092	-0.0177057741076	-0.0288581371847	0.00987262347097	0.013842130543	0.0450686722355	0.0152890823303	-0.0019537819901	-0.0116385178957	0.0382978804253
k__Bacteria;p__Bacteroidetes;c__Bacteroidia;o__Bacteroidales;f__Bacteroidaceae;g__Bacteroides;s__Bacteroides_coprophilus	-0.0200563245146	-0.0116341492839	-0.0252655976632	-0.0330266410115	0.0166281064826	-0.0892566823471	-0.00434152758577	0.0132971055796	-0.00229029298184	-0.0498660735584	-0.0224620906101	0.0245732711741	0.00811157833462	-0.0556108703972	-0.0508034216516	0.0199364487271	-0.0219256385385	0.0415842179322	-0.0249088337242	-0.0384502420987	0.0352782482374	0.00664651721589	-0.0249501368285	-0.00308980881777	-0.0102979884649	1.0	0.0329187600082	-0.0300008637509	0.0369695164415	-0.00138695635247	0.023980656546	-0.00197454157289	0.0107967368245	0.0149760904474	-0.00503806269749	-0.011229157777	0.0264157088762	0.0401174156639	-0.0302146963027	0.0542442445439	-0.0550902298402	-0.0299608173323	0.0165973729755	0.0370380535213	-0.0160994506951	0.031821066411	0.0283127861745	-0.0465020161308	0.0261987837434	-0.0378517818821	0.050523147451	-0.0870999694695	0.00120289242765	-0.0172728656285	-0.0322884095669	0.0123937713348	0.0472344712559	-0.0257474617833	-0.00780096596099
k__Bacteria;p__Firmicutes;c__Clostridia;o__Clostridiales;f__Lachnospiraceae;g__Roseburia;s__Roseburia_intestinalis	-0.00705361448193	-0.0143741348443	0.0911874436358	-0.0501014920147	-0.0175605854521	0.0374335307929	0.056533251041	-0.00602959459665	0.0335569747519	0.0443560361046	0.00640078665495	0.00437059464614	-0.0336658178096	-0.0364996515863	0.0680888774116	0.0209066655178	0.00240289779817	-0.0131338516704	-0.0248014530019	-0.00333769472912	0.0493490417949	-0.00660917709889	0.0137432109367	-0.0319159615488	0.0172568340153	0.0329187600082	1.0	-0.0867030646732	-0.0312485980382	-0.0432946203527	-0.011559698721	-0.0268290640584	0.00141475280277	-0.041573243449	-0.0379163593232	-0.0422050996769	0.0391838823592	-0.0312574108576	0.00316707755806	0.0126841958623	-0.0184679474322	-0.0767555764804	-0.0458043204672	-0.0289341112155	-0.00407003436991	-0.053178460852	-0.0190519448766	-0.0180173972699	-0.0335438780692	-0.0338106445682	0.00313592095491	0.0223703740622	0.00556200408597	0.0374803162878	-0.0370577150827	-0.0262556866615	0.0277760081264	-0.0680345806379	-0.0883702444541
k__Bacteria;p__Firmicutes;c__Clostridia;o__Clostridiales;f__Lachnospiraceae;g__Roseburia;s__Roseburia_hominis	0.0187281586611	-0.0210327460502	-0.015231349084	-0.0249661487469	0.030382945644	-0.0195602540767	0.0580916007071	0.0543745781246	-0.0265440891052	-0.0224723648858	0.0133209469533	0.00945675154127	0.00350379417165	-0.0488292645682	0.0124933462079	-0.00341162217681	-0.0267164565942	0.0426544317433	0.0173420693255	0.00717819808255	-0.0420907429168	0.0135517983513	-0.0247709629994	0.0286472584602	-0.0467395041201	-0.0300008637509	-0.0867030646732	1.0	0.0090082289604	-0.0355961805578	0.0619790793129	0.0342126752926	0.0126365823808	0.0344179142631	0.0594199226815	-0.00533638737066	-0.0461773835889	-0.0231451773029	-0.0117445099331	-0.00956802407654	-0.0128762954752	0.0354004301235	-0.0061846837206	0.0211033619446	-0.0417683269871	0.00257134952167	0.023316505199	-0.0320780210785	-0.00667161677334	-0.00770670512212	0.000890136371913	-0.0094551561689	-0.0430095202144	-0.0255803705005	-0.00718176154978	-0.0202291246526	-0.028207524263	-0.0469333541314	-0.0163046471594
k__Bacteria;p__Bacteroidetes;c__Bacteroidia;o__Bacteroidales;f__Porphyromonadaceae;g__Parabacteroides;s__Parabacteroides_johnsonii	0.0548876952266	-0.0202612646946	-0.0693109593497	0.0253939026157	0.0243508182291	-0.0440677130226	-0.00138613399973	0.0518156828365	-0.0374684160369	-0.0220512254363	-0.0317817481555	-0.00447216259695	0.00115288480318	-0.0539608201806	-0.0167605131702	-0.0419317257777	-0.000580044565177	0.0193591284613	0.0166701485629	-0.0144623465204	0.00231659663729	0.0258795195316	-0.0234303129904	0.00808468263144	-0.0132174254102	0.0369695164415	-0.0312485980382	0.0090082289604	1.0	-0.00473126486683	-0.0494438748843	-0.0582281960416	0.00772737780838	-0.0117559436118	-0.0136567776831	-0.0208053040894	-0.014495712013	-0.00879258295192	0.0245663455304	-0.0412455024511	0.00573336496643	0.0384850243961	-0.00762995858888	0.0411986667674	-0.0454852625551	0.014886036285	0.0456736338917	0.0105905561298	-0.026983097873	-0.0587146312645	0.0289491831785	0.0101987650357	-0.0704489001503	0.0730772563738	-0.0223583572478	-0.0415329043283	-0.0211799125566	-0.0116302504032	0.0686224030821
k__Bacteria;p__Actinobacteria;c__Actinobacteria;o__Bifidobacteriales;f__Bifidobacteriaceae;g__Bifidobacterium;s__Bifidobacterium_longum	0.04607105283	-0.0480792434732	-0.0391171785101	0.0227423277798	-0.0209909686618	-0.0254627520849	0.0152665770726	-0.0218143467837	-0.0145948491014	-0.00650995205251	0.0155659121385	-0.0465640089529	-0.0161609604489	-0.0319473098875	-0.0237571439683	-0.000782005400835	0.0127953403514	-0.000565760324859	0.0155527973062	0.000677509769767	-0.0211255220855	-0.0680987406367	0.020874485115	-0.0466658329801	-0.0342091074068	-0.00138695635247	-0.0432946203527	-0.0355961805578	-0.00473126486683	1.0	0.0154082227663	-0.0423109519298	0.036114009709	-0.048551553733	0.0305049589693	-0.00771566665946	-0.0279164418327	0.0397821211478	-0.0242872562294	-0.0128245160059	0.00641371003082	-0.00584868098037	-0.0141352958153	-0.000114686796125	-0.00104438288341	0.0591626197389	0.052426651095	0.0242863261231	-0.0181053417753	0.00874731281678	-0.0010909486598	-0.0428913939604	0.0118459909693	0.00969361933684	0.0138849724023	0.018262105147	-0.0521729214082	0.0373500084943	0.00989472524428
