#taxonomy	k__Bacteria;p__Bacteroidetes;c__Bacteroidia;o__Bacteroidales;f__Bacteroidaceae;g__Bacteroides;s__Bacteroides_vulgatus	k__Bacteria;p__Bacteroidetes;c__Bacteroidia;o__Bacteroidales;f__Bacteroidaceae;g__Bacteroides;s__Bacteroides_uniformis	k__Bacteria;p__Bacteroidetes;c__Bacteroidia;o__Bacteroidales;f__Rikenellaceae;g__Alistipes;s__Alistipes_putredinis	k__Bacteria;p__Bacteroidetes;c__Bacteroidia;o__Bacteroidales;f__Prevotellaceae;g__Prevotella;s__Prevotella_copri	k__Bacteria;p__Bacteroidetes;c__Bacteroidia;o__Bacteroidales;f__Bacteroidaceae;g__Bacteroides;s__Bacteroides_stercoris	k__Bacteria;p__Bacteroidetes;c__Bacteroidia;o__Bacteroidales;f__Bacteroidaceae;g__Bacteroides;s__Bacteroides_ovatus	k__Bacteria;p__Bacteroidetes;c__Bacteroidia;o__Bacteroidales;f__Rikenellaceae;g__Alistipes;s__Alistipes_shahii	k__Bacteria;p__Firmicutes;c__Clostridia;o__Clostridiales;f__Ruminococcaceae;g__Faecalibacterium;s__Faecalibacterium_prausnitzii	k__Bacteria;p__Bacteroidetes;c__Bacteroidia;o__Bacteroidales;f__Rikenellaceae;g__Alistipes;s__Alistipes_finegoldii	k__Bacteria;p__Bacteroidetes;c__Bacteroidia;o__Bacteroidales;f__Porphyromonadaceae;g__Parabacteroides;s__Parabacteroides_distasonis	k__Bacteria;p__Bacteroidetes;c__Bacteroidia;o__Bacteroidales;f__Bacteroidaceae;g__Bacteroides;s__Bacteroides_thetaiotaomicron	k__Bacteria;p__Bacteroidetes;c__Bacteroidia;o__Bacteroidales;f__Bacteroidaceae;g__Bacteroides;s__Bacteroides_coprocola	k__Bacteria;p__Bacteroidetes;c__Bacteroidia;o__Bacteroidales;f__Bacteroidaceae;g__Bacteroides;s__Bacteroides_cellulosilyticus	k__Bacteria;p__Bacteroidetes;c__Bacteroidia;o__Bacteroidales;f__Rikenellaceae;g__Alistipes;s__Alistipes_obesi	k__Bacteria;p__Firmicutes;c__Clostridia;o__Clostridiales;f__Lachnospiraceae;g__;s__[Eubacterium]_rectale	k__Bacteria;p__Bacteroidetes;c__Bacteroidia;o__Bacteroidales;f__Bacteroidaceae;g__Bacteroides;s__Bacteroides_plebeius	k__Bacteria;p__Bacteroidetes;c__Bacteroidia;o__Bacteroidales;f__Bacteroidaceae;g__Bacteroides;s__Bacteroides_fragilis	k__Bacteria;p__Proteobacteria;c__Betaproteobacteria;o__Burkholderiales;f__Sutterellaceae;g__Sutterella;s__Sutterella_wadsworthensis	k__Bacteria;p__Bacteroidetes;c__Bacteroidia;o__Bacteroidales;f__Porphyromonadaceae;g__Barnesiella;s__Barnesiella_intestinihominis	k__Bacteria;p__Bacteroidetes;c__Bacteroidia;o__Bacteroidales;f__Odoribacteraceae;g__Odoribacter;s__Odoribacter_splanchnicus	k__Bacteria;p__Bacteroidetes;c__Bacteroidia;o__Bacteroidales;f__Bacteroidaceae;g__Bacteroides;s__Bacteroides_salyersiae	k__Bacteria;p__Firmicutes;c__Clostridia;o__Clostridiales;f__Ruminococcaceae;g__Ruminiclostridium;s__[Eubacterium]_siraeum	k__Bacteria;p__Proteobacteria;c__Betaproteobacteria;o__Burkholderiales;f__Sutterellaceae;g__Parasutterella;s__Parasutterella_excrementihominis	k__Bacteria;p__Actinobacteria;c__Actinobacteria;o__Bifidobacteriales;f__Bifidobacteriaceae;g__Bifidobacterium;s__Bifidobacterium_adolescentis	k__Bacteria;p__Firmicutes;c__Clostridia;o__Clostridiales;f__Oscillospiraceae;g__Oscillibacter;s__Oscillibacter_sp._KLE_1745	k__Bacteria;p__Bacteroidetes;c__Bacteroidia;o__Bacteroidales;f__Bacteroidaceae;g__Bacteroides;s__Bacteroides_coprophilus	k__Bacteria;p__Firmicutes;c__Clostridia;o__Clostridiales;f__Lachnospiraceae;g__Roseburia;s__Roseburia_intestinalis	k__Bacteria;p__Firmicutes;c__Clostridia;o__Clostridiales;f__Lachnospiraceae;g__Roseburia;s__Roseburia_hominis	k__Bacteria;p__Bacteroidetes;c__Bacteroidia;o__Bacteroidales;f__Porphyromonadaceae;g__Parabacteroides;s__Parabacteroides_johnsonii	k__Bacteria;p__Actinobacteria;c__Actinobacteria;o__Bifidobacteriales;f__Bifidobacteriaceae;g__Bifidobacterium;s__Bifidobacterium_longum	k__Bacteria;p__Firmicutes;c__Clostridia;o__Clostridiales;f__;g__Flavonifractor;s__Flavonifractor_plautii	k__Bacteria;p__Firmicutes;c__Clostridia;o__Clostridiales;f__Clostridiaceae;g__Clostridium;s__Clostridium_phoceensis	k__Bacteria;p__Verrucomicrobia;c__Verrucomicrobiae;o__Verrucomicrobiales;f__Akkermansiaceae;g__Akkermansia;s__Akkermansia_muciniphila	k__Bacteria;p__Bacteroidetes;c__Bacteroidia;o__Bacteroidales;f__Prevotellaceae;g__Paraprevotella;s__Paraprevotella_xylaniphila	k__Bacteria;p__Firmicutes;c__Clostridia;o__Clostridiales;f__Ruminococcaceae;g__Ruminococcus;s__Ruminococcus_callidus	k__Bacteria;p__Bacteroidetes;c__Bacteroidia;o__Bacteroidales;f__Rikenellaceae;g__Alistipes;s__Alistipes_senegalensis	k__Bacteria;p__Firmicutes;c__Clostridia;o__Clostridiales;f__Lachnospiraceae;g__Blautia;s__Blautia_sp._KLE_1732	k__Bacteria;p__Bacteroidetes;c__Bacteroidia;o__Bacteroidales;f__Bacteroidaceae;g__Bacteroides;s__Bacteroides_oleiciplenus	k__Bacteria;p__Firmicutes;c__Clostridia;o__Clostridiales;f__Ruminococcaceae;g__Ruminococcus;s__Ruminococcus_bicirculans	k__Bacteria;p__Bacteroidetes;c__Bacteroidia;o__Bacteroidales;f__Bacteroidaceae;g__Bacteroides;s__Bacteroides_fluxus	k__Bacteria;p__Bacteroidetes;c__Bacteroidia;o__Bacteroidales;f__Prevotellaceae;g__Prevotella;s__Prevotella_stercorea	k__Bacteria;p__Firmicutes;c__Clostridia;o__Clostridiales;f__Lachnospiraceae;g__Dorea;s__Dorea_longicatena	k__Bacteria;p__Firmicutes;c__Clostridia;o__Clostridiales;f__Eubacteriaceae;g__Eubacterium;s__[Eubacterium]_eligens	k__Bacteria;p__Firmicutes;c__Clostridia;o__Clostridiales;f__Ruminococcaceae;g__;s__Ruminococcaceae_bacterium_D16	k__Bacteria;p__Firmicutes;c__Clostridia;o__Clostridiales;f__Lachnospiraceae;g__Coprococcus;s__Coprococcus_comes	k__Bacteria;p__Proteobacteria;c__Gammaproteobacteria;o__Enterobacterales;f__Enterobacteriaceae;g__Escherichia;s__Escherichia_coli	k__Bacteria;p__Firmicutes;c__Clostridia;o__Clostridiales;f__Ruminococcaceae;g__Anaerotruncus;s__Anaerotruncus_colihominis	k__Bacteria;p__Firmicutes;c__Clostridia;o__Clostridiales;f__Lachnospiraceae;g__Blautia;s__Blautia_obeum	k__Bacteria;p__Bacteroidetes;c__Bacteroidia;o__Bacteroidales;f__Odoribacteraceae;g__Odoribacter;s__Odoribacter_laneus	k__Bacteria;p__Firmicutes;c__Clostridia;o__Clostridiales;f__Ruminococcaceae;g__Ruminiclostridium;s__[Clostridium]_leptum	k__Bacteria;p__Bacteroidetes;c__Bacteroidia;o__Bacteroidales;f__Porphyromonadaceae;g__Parabacteroides;s__Parabacteroides_goldsteinii	k__Bacteria;p__Firmicutes;c__Clostridia;o__Clostridiales;f__Lachnospiraceae;g__Anaerostipes;s__Anaerostipes_hadrus	k__Bacteria;p__Firmicutes;c__Clostridia;o__Clostridiales;f__Ruminococcaceae;g__Ruminococcus;s__Ruminococcus_lactaris	k__Bacteria;p__Firmicutes;c__Clostridia;o__Clostridiales;f__Clostridiaceae;g__Clostridium;s__Clostridium_sp._L2-50	k__Bacteria;p__Firmicutes;c__Clostridia;o__Clostridiales;f__Clostridiaceae;g__Clostridium;s__Clostridium_sp._M62/1	k__Bacteria;p__Firmicutes;c__Clostridia;o__Clostridiales;f__;g__Intestinimonas;s__Intestinimonas_butyriciproducens	k__Bacteria;p__Actinobacteria;c__Actinobacteria;o__Bifidobacteriales;f__Bifidobacteriaceae;g__Bifidobacterium;s__Bifidobacterium_bifidum	k__Bacteria;p__Firmicutes;c__Negativicutes;o__Veillonellales;f__Veillonellaceae;g__Dialister;s__Dialister_invisus	k__Bacteria;p__Bacteroidetes;c__Bacteroidia;o__Bacteroidales;f__Bacteroidaceae;g__Bacteroides;s__Bacteroides_salanitronis
k__Bacteria;p__Bacteroidetes;c__Bacteroidia;o__Bacteroidales;f__Bacteroidaceae;g__Bacteroides;s__Bacteroides_vulgatus	1.0	-0.000103489359406	-0.0464802740191	0.00484445713354	-0.025465371533	-0.0361175784734	-0.0338511928399	0.0246799492044	-0.0520456789578	0.0300289025647	-0.0179513517656	-0.0415709334057	0.0288942345888	-0.0110819931148	0.0527465529246	-0.0798774676837	-0.0290097148077	-0.0353065565175	0.0275262783272	-0.00114841379665	0.027236499105	0.0254746315445	-0.0248858359777	-0.028600190033	-0.0464218052707	-0.0704376253955	0.0137412741779	-0.0306656745022	0.0595996363429	-0.0207100198883	0.00175272747373	-0.0373799521693	-0.0497928882448	-0.0229131848483	0.0372864733424	-0.0191354896217	0.0121396261673	-0.0320326730369	-0.0216055808227	0.049777673136	0.0154726808883	0.0507020441306	0.0812327834103	0.0104704574407	-0.0335436277562	-0.0248074910758	-0.0222599230182	0.0465646907489	-0.00923607294729	0.0125539331533	0.0253286742351	-0.0367295927087	0.00708040068109	-0.0282822525039	-0.042849494969	0.0036674694959	0.0538456290907	-0.0197947818832	-0.0332053995089
k__Bacteria;p__Bacteroidetes;c__Bacteroidia;o__Bacteroidales;f__Bacteroidaceae;g__Bacteroides;s__Bacteroides_uniformis	-0.000103489359406	1.0	0.0156321124503	0.0109662064264	-0.0182661839925	-0.0386281657343	0.0194947770876	-0.0656589008581	-0.0265967033646	-0.00804149435259	-0.0905422171142	-0.0337473462462	0.0100354770252	-0.0234311452337	-0.00494030556717	-0.0357063808677	-0.0149921311562	0.00573529510629	0.0307288064593	-0.00920206906918	-0.00262736686197	-0.0359884270822	-0.0272351111569	0.0168272074047	0.0365419082508	0.0659950484991	-0.0308492507023	0.00385837686749	-0.0252212028622	-0.0220926827878	0.0222790178369	0.00229775669966	0.0177207667932	-0.0717803042547	-0.0161838147287	0.0481813802005	0.054826498386	0.00145794567457	-0.00704540450179	-0.0270756267411	-0.0339926561192	-0.00823174892682	-0.0264003814578	-0.125457274695	-0.0267492008158	0.0277461321726	0.0161531030065	-0.0222115752823	0.0234970739065	-0.0164546390514	-0.0299068105306	0.00443064889955	-0.0169037348565	0.0151012349572	0.0185519273378	0.00122788537638	0.00374821473483	0.0190368081327	0.0416267836356
k__Bacteria;p__Bacteroidetes;c__Bacteroidia;o__Bacteroidales;f__Rikenellaceae;g__Alistipes;s__Alistipes_putredinis	-0.0464802740191	0.0156321124503	1.0	0.0539883581168	0.0341598967253	-0.0368419113455	-0.0286947199185	-0.0333123293241	0.00472504693336	-0.0453769530501	-0.0494365222744	-0.0111976764668	-0.00258240969506	-0.0223096068996	-0.00647043856568	-0.0160044058676	0.0733462745386	-0.0050518811507	0.00808657570305	-0.020410060045	-0.0179949602969	-0.0181711338827	0.0195113369396	-0.0931419601002	0.0627826670688	-0.00865591669133	0.00934548323473	0.0514509657148	0.0365457807968	0.0397467314858	0.0666343133383	-0.0534606545401	0.0368204985682	-0.0605340849279	0.0209269624042	-0.0180607478803	0.0215464232338	-0.0392100034449	0.0056076301211	0.0208283081268	0.0370579196871	-0.00805410720792	-0.033109861987	-0.0780351616198	-0.00608040396835	0.0495564168237	-0.0155113925815	-0.0909285616264	-0.0431494972731	-0.0100152600155	-0.0265186976021	0.0358003052653	-0.0426423473796	-0.0259176436717	-0.0198531680473	-0.0616067555958	0.00646993408108	-0.0212374807744	-0.00963379817344
k__Bacteria;p__Bacteroidetes;c__Bacteroidia;o__Bacteroidales;f__Prevotellaceae;g__Prevotella;s__Prevotella_copri	0.00484445713354	0.0109662064264	0.0539883581168	1.0	-0.036918560796	-0.0447221237398	0.0497920230175	-0.0191220355256	-0.0219766775449	-0.0336879636657	-0.0343671628888	0.00235521382515	0.0217485918777	0.00298264664023	-0.0102591445876	-0.0105870150576	0.0240592029736	-0.0169365132794	-0.00839466264767	0.0544556763016	0.0323487147336	-0.0599411095259	-0.0740869336746	-0.00427062913051	0.00228193643514	0.0299335809053	0.0100457710366	0.018237881276	-0.0334137538111	0.0274329545856	0.0175413546449	0.022861445432	0.00705281306011	0.0198202022699	0.0326240249157	-0.0152775085065	0.051735583449	-0.000858112491179	-0.0230018876151	-0.0131863763176	-0.00257188403183	-0.0239663831196	-0.0483711832257	0.0436539146471	-0.0298628404542	-0.000267847810685	0.0247514323724	-0.0454678090356	-0.00402533284575	-0.0625030996547	-0.0394827805493	-0.00176240582031	-0.0119347959146	-0.0381768158239	-0.0430145431183	-0.0113701907026	0.00909090395301	-0.00617983062497	0.0310826184599
k__Bacteria;p__Bacteroidetes;c__Bacteroidia;o__Bacteroidales;f__Bacteroidaceae;g__Bacteroides;s__Bacteroides_stercoris	-0.025465371533	-0.0182661839925	0.0341598967253	-0.036918560796	1.0	0.0336587871974	0.0634333717444	0.0147775572513	0.0271388926117	-0.0010093613225	-0.0480318517721	-0.0409982678527	-0.0587748293011	-0.023110137064	-0.0114095262647	-0.0324932319358	0.0255422313365	0.0112559056632	0.0206049729616	-0.0109264404132	0.0143045062865	-0.0249417946669	-0.00371041196269	-0.021065738386	-0.030203498481	-0.0203453029402	-0.026262402319	0.0084434890705	0.0290567288347	-0.0130684156371	-0.00991951432208	0.0157289507523	-0.0349749433307	0.0422076865877	0.0528733644512	0.00299096668323	0.0389513095158	-0.0227189763946	-0.031481171763	-0.0009145238273	-0.0145556523197	0.0569285161766	0.0426044083534	-0.00703584881813	0.0156586783547	-0.0271198585502	-0.0134465287293	-0.0335124033118	-0.0329402863354	0.0214993570547	0.00610116368075	-0.00320815455187	0.00885233783314	-0.0182659705856	-0.0370059343388	-0.0248029451124	-0.0206414208073	-0.0389274541702	-0.0301012722186
k__Bacteria;p__Bacteroidetes;c__Bacteroidia;o__Bacteroidales;f__Bacteroidaceae;g__Bacteroides;s__Bacteroides_ovatus	-0.0361175784734	-0.0386281657343	-0.0368419113455	-0.0447221237398	0.0336587871974	1.0	0.028647096053	-0.0213986351323	0.0289156264759	-0.0426164257003	0.0236958975591	0.0265090236759	0.0628079329017	-0.0515902800079	-0.0322724140284	0.0276098155506	-0.0399584664463	0.0551344759035	-0.00863366611427	0.00875628408727	-0.0100444711918	0.0201409857689	-0.0325598862744	-0.00834728953645	0.00975689702444	-0.0135729192353	0.0129745779301	-0.0370966840929	-0.0182190782395	0.0359492666913	-0.0212670867149	0.0218249393128	0.0243699283949	0.0204359348589	0.0356988985066	-0.0089201724007	-0.0172232471204	0.0518596206036	0.00744638392595	0.00939401301665	-0.104722667349	0.0203481138056	-0.0727943756827	0.0202655840526	0.000799074307346	-0.00439227643436	-0.0374553167188	-0.0113340601915	0.0110373377176	-0.0286520596577	0.053721919785	-0.033135936415	-0.00872014240048	-0.00228680716325	-0.0215174883331	-0.079686591948	-0.0164251325177	0.00370707744343	-0.0274014863119
k__Bacteria;p__Bacteroidetes;c__Bacteroidia;o__Bacteroidales;f__Rikenellaceae;g__Alistipes;s__Alistipes_shahii	-0.0338511928399	0.0194947770876	-0.0286947199185	0.0497920230175	0.0634333717444	0.028647096053	1.0	0.0184603400982	-0.0198227671579	-0.0341030114574	-0.0222270450122	0.0123766632597	0.0181091898468	-0.00666377947603	0.0146673548284	0.047423099912	-0.00817889139022	-0.0110445775529	0.0217063307972	0.0375861448963	0.0536083772611	-0.0233873487703	0.0356099598057	-0.0614910670615	-0.0631420049706	0.0217929695946	-0.00784828364875	0.00717510652985	-0.0351098503029	0.0320089328571	-0.0474332861499	-0.0197141648502	0.0166681582634	-0.0379313973243	0.017230033573	-0.0163631955399	-0.0101653002838	-0.0390037641954	-0.00191577134421	-0.0249193345419	-0.0186575917289	0.0201597650265	-0.00571885953626	-0.00404071660933	-0.0330546067171	0.00804393848535	-0.0366507205067	-0.0253545920341	0.0171387132635	0.00354283458504	0.024044156331	-0.048760290912	-0.0028477487056	0.0478970927092	-0.0544824314661	0.0131036021592	0.0302056748903	0.0146353318395	0.0155427078214
k__Bacteria;p__Firmicutes;c__Clostridia;o__Clostridiales;f__Ruminococcaceae;g__Faecalibacterium;s__Faecalibacterium_prausnitzii	0.0246799492044	-0.0656589008581	-0.0333123293241	-0.0191220355256	0.0147775572513	-0.0213986351323	0.0184603400982	1.0	0.0201923051875	0.0453378266485	0.0503078295566	0.0653647417729	-0.000234595856115	0.0145964950297	-0.0546615200526	-0.0196213917429	-0.0566883072297	-0.0282496042104	-0.038250187685	-0.0229062227662	-0.00905265262323	0.0208959633949	-0.0354628003237	-0.0757452442651	0.0368317772252	0.0287003583044	-0.0109931400658	0.0506639739955	-0.0701859101601	-0.00589032262563	-0.00268699581532	0.0200227380852	-0.037162620744	-0.013203727958	-0.00266509577642	-0.00443416313859	-0.0614292186575	0.0261300593825	-0.0559860767516	0.0426747972724	-0.0203156029789	0.028836003454	0.0314787099294	0.000793985934341	-0.00864125390073	-0.0299459608868	-0.0133152752397	0.00215361986843	-0.0533413180611	-0.0399947859318	-0.0518930196205	0.0294201089459	0.000903108846121	-0.0565079636156	0.0380975597791	0.00780879008739	-0.0183051283474	-0.0284640467868	-0.0115857315488
k__Bacteria;p__Bacteroidetes;c__Bacteroidia;o__Bacteroidales;f__Rikenellaceae;g__Alistipes;s__Alistipes_finegoldii	-0.0520456789578	-0.0265967033646	0.00472504693336	-0.0219766775449	0.0271388926117	0.0289156264759	-0.0198227671579	0.0201923051875	1.0	-0.0144236971617	-0.0736035813025	0.032256068068	0.0503973419987	-0.0249643629039	0.0282966025975	0.00779848363106	-0.0308579842671	-0.0356086258928	0.0102431753496	-0.0507342918022	-0.0303391060688	-0.0350741807804	0.00287576863544	0.00460120506864	0.0249508250772	-0.0212745949176	0.00229934163266	0.00100272670651	0.0282280934573	-0.050412976917	-0.00389039375557	-0.00452582055155	0.0521904560221	0.0102280940378	0.00387989778428	0.0396960326613	0.035768860116	-0.00184030714477	-0.0110611183533	-0.0352888324871	-0.0493664237943	0.00855428564881	-0.0337244159439	0.005550106428	0.0374946556604	-0.0568395060667	-0.0167848878075	-0.064637137436	-0.0176038133922	-0.0748704854357	-0.0042642629624	0.00298344814903	-0.0174928407416	-0.0236061743148	0.0321857036008	-0.0202301396548	0.00544408165774	-0.0196634123636	-0.0325071581743
k__Bacteria;p__Bacteroidetes;c__Bacteroidia;o__Bacteroidales;f__Porphyromonadaceae;g__Parabacteroides;s__Parabacteroides_distasonis	0.0300289025647	-0.00804149435259	-0.0453769530501	-0.0336879636657	-0.0010093613225	-0.0426164257003	-0.0341030114574	0.0453378266485	-0.0144236971617	1.0	0.0129078351798	0.0217816602962	0.0357222530924	-0.0388830064799	-0.0260974032347	-0.00946944306504	-0.01056148291	-0.00930586203616	-0.0407873456364	-0.0398652706393	-0.00547337200454	0.0108886827676	0.0115483607876	0.0814463902104	-0.00872774477336	-0.0255070294576	0.00221097124271	0.0335919962715	0.0373197159362	-0.0136365495477	-0.0564510956487	-0.0239419341982	-0.0310989083026	0.0331163840135	0.050357427764	-0.0149373794881	-0.0441742027109	0.029690461183	0.00374348353248	-0.0222877847875	-0.0234994104906	0.0532499631055	0.012803195133	-0.000239186306749	-0.0342358425711	0.00812428204797	-0.0305508088809	0.0200828683476	0.00980171442146	-0.0196550664221	-0.0356794661422	-0.0352357906193	-0.0353535352668	0.0894465245738	0.0226611586945	0.0316103427311	-0.00673192739732	-0.0287276189301	0.0536629788574
k__Bacteria;p__Bacteroidetes;c__Bacteroidia;o__Bacteroidales;f__Bacteroidaceae;g__Bacteroides;s__Bacteroides_thetaiotaomicron	-0.0179513517656	-0.0905422171142	-0.0494365222744	-0.0343671628888	-0.0480318517721	0.0236958975591	-0.0222270450122	0.0503078295566	-0.0736035813025	0.0129078351798	1.0	0.0688735895805	-0.0582250657792	-0.0185674096117	-0.0196313160483	0.0212017589999	0.0089114277753	-0.00185889227506	0.00126431453639	-0.00261818174894	-0.0065042490285	-0.0672042808124	-0.031197889448	0.0432155287189	0.00904926401509	-0.022863134161	0.0468758571719	0.0044596204223	-0.000999212441803	-0.00573353058552	0.0229379913288	0.0166473899062	-0.0190840348823	0.0329952354243	0.0108780841459	0.0380381222216	-0.000516992525891	-0.0272306380611	-0.00544818130941	0.0100566079281	0.011698667502	-0.0261374249296	-0.0248964712106	0.0404660535999	-0.037571942371	-0.0233080330817	0.00858158294839	0.00751059627777	-0.0209486890897	-0.00906392535579	0.0246634815308	-0.028272265184	-0.0264901063177	-0.0138292384372	0.0388327144048	0.0273042464841	-0.0102357174419	0.0056813323951	-0.00506659086636
k__Bacteria;p__Bacteroidetes;c__Bacteroidia;o__Bacteroidales;f__Bacteroidaceae;g__Bacteroides;s__Bacteroides_coprocola	-0.0415709334057	-0.0337473462462	-0.0111976764668	0.00235521382515	-0.0409982678527	0.0265090236759	0.0123766632597	0.0653647417729	0.032256068068	0.0217816602962	0.0688735895805	1.0	0.0407911914277	-0.00586504611382	-0.0440912572093	-0.0291563379954	0.00787895224988	0.0606243159725	-0.0207331914911	-0.0196109902488	-0.0242526250055	-0.0334484480227	-0.00682103225438	0.0680818313027	0.0209298941002	-0.0592840915753	0.0227709349187	-0.0214289881322	-0.0464547086651	-0.0203539736259	0.036373885762	-0.0471902959832	0.0123510946654	-0.0214595163909	-0.0360001705268	0.00224137138847	0.025803216682	-0.0170381913366	-0.0362162954979	-0.0151826277782	-0.00257087771856	0.0268445435642	-0.0236474687387	-0.0247127444948	-0.0197834052982	-0.0178521144225	-0.0117438384076	-0.0765793573539	0.0200664333646	-0.0115653297932	-0.0512414762105	-0.00980252977603	0.00653546347274	0.0405275966729	-0.0452209322832	0.0125737940138	-0.0118971523022	-0.0696129426928	0.000741397822152
k__Bacteria;p__Bacteroidetes;c__Bacteroidia;o__Bacteroidales;f__Bacteroidaceae;g__Bacteroides;s__Bacteroides_cellulosilyticus	0.0288942345888	0.0100354770252	-0.00258240969506	0.0217485918777	-0.0587748293011	0.0628079329017	0.0181091898468	-0.000234595856115	0.0503973419987	0.0357222530924	-0.0582250657792	0.0407911914277	1.0	0.00145393984656	-0.0087855119851	0.0176934706901	-0.0070408883914	-0.0186685581513	-0.0363353397965	-0.0200898102481	-0.0469083265925	0.0150345446567	-0.00607447851995	0.00388706819267	-0.0502659312598	-0.0410048322741	0.0286682863275	-0.0429273997951	-0.047097031098	0.00690989721093	-0.0539035908814	0.00814018293618	-0.00631080083449	0.00623948808698	0.00833674228318	0.0195887126416	-0.0407144015965	-0.0249697760546	-0.0579437324698	-0.0371724125249	-0.00634162180711	-0.0201457441741	0.0211783761815	0.0138123799831	-0.00353027886229	-0.0551338427549	-0.031055489012	0.0325512601441	-0.0244621819093	0.0244295230858	-0.0165820256425	0.0165226966054	-0.00640787608912	-0.0316739202651	-0.00571482497555	0.0106351114891	0.0114319699512	0.00900052957786	0.00685843439995
k__Bacteria;p__Bacteroidetes;c__Bacteroidia;o__Bacteroidales;f__Rikenellaceae;g__Alistipes;s__Alistipes_obesi	-0.0110819931148	-0.0234311452337	-0.0223096068996	0.00298264664023	-0.023110137064	-0.0515902800079	-0.00666377947603	0.0145964950297	-0.0249643629039	-0.0388830064799	-0.0185674096117	-0.00586504611382	0.00145393984656	1.0	0.060515130953	0.0501059342416	0.026447123504	0.0273116098106	0.00999195687378	-0.00447709845164	-0.00751348273067	0.0125220747238	-0.0536242276977	0.0476603836217	0.0223277288269	-0.0560327957436	-0.0115342151622	0.0692399727253	-0.0315610801009	-0.0542595952915	-0.0127576523309	-0.0221453774671	-0.0261427067623	0.00515594379921	-0.00345192203712	-0.0695751165867	0.00153984390998	0.0326750726559	0.0109515821583	-0.00702425036471	0.036254264531	-0.0913873321539	0.0730285744352	-0.0104511308328	0.0242801546421	0.0440533356983	-0.013726808107	-0.0279010650612	-0.0578141953392	-0.019944142361	-0.0253965099239	-0.0355242953952	-0.00422841955065	-0.023869322209	-0.0642144391763	-0.0156686139872	0.031017712949	0.0457778218259	-0.0228756112711
k__Bacteria;p__Firmicutes;c__Clostridia;o__Clostridiales;f__Lachnospiraceae;g__;s__[Eubacterium]_rectale	0.0527465529246	-0.00494030556717	-0.00647043856568	-0.0102591445876	-0.0114095262647	-0.0322724140284	0.0146673548284	-0.0546615200526	0.0282966025975	-0.0260974032347	-0.0196313160483	-0.0440912572093	-0.0087855119851	0.060515130953	1.0	-0.0282939558033	-0.0121703537184	0.0346799761303	0.0219601627391	-0.00691629147292	0.00393074753851	0.0302525331546	-0.00218910955836	-0.0128941481311	-0.0469103425483	-0.00210743034719	0.00836515788672	0.0346697121187	0.00629035107785	-0.0101668344155	0.00517235512688	-0.0315459352658	0.0306520107149	0.0312799638059	0.0198585811743	-0.0259891254481	-0.0761077125428	0.0264288837037	0.00194088236141	0.00754528977573	-0.0140116027534	-0.0325415932121	0.0434815646403	-0.0169854654742	0.0150398913318	-0.0270874569355	-0.00122190563602	-0.0362697337254	0.0421234566877	-0.000933757379953	-0.0125556250894	0.0249906863783	-0.0365739614609	-0.00791257235698	0.00368717766906	0.0587496745112	-0.0310842437447	-0.0237692055479	-0.043922847624
k__Bacteria;p__Bacteroidetes;c__Bacteroidia;o__Bacteroidales;f__Bacteroidaceae;g__Bacteroides;s__Bacteroides_plebeius	-0.0798774676837	-0.0357063808677	-0.0160044058676	-0.0105870150576	-0.0324932319358	0.0276098155506	0.047423099912	-0.0196213917429	0.00779848363105	-0.00946944306504	0.0212017589999	-0.0291563379954	0.0176934706901	0.0501059342416	-0.0282939558033	1.0	-0.0314821173058	0.0347221659505	0.012771458067	-0.0224086502812	0.0117582300462	0.0265269933812	-0.0440569322528	-0.0248917946953	-0.0263122905667	-0.0145916393183	-0.0209404958725	-0.0145833793028	0.0319462543747	-0.0322770362393	-0.0056631546241	0.016174273642	0.00784415288146	0.0445591928215	0.0155644791782	0.0466194471799	-0.0305462603035	-0.00479319861093	-0.0399828266634	-0.0212866223326	0.0426367803644	0.0769062504897	0.0184023029104	-0.0243652757886	-0.0241246229693	0.031903961883	0.0186802447907	0.0113439671117	-0.0387173741311	0.00906816844791	0.0405783789714	-0.0062983412719	-0.0233670201844	-0.0618836428249	-0.0237664171457	0.00792937926904	0.00381759727603	0.0082050474589	-0.0169485831912
k__Bacteria;p__Bacteroidetes;c__Bacteroidia;o__Bacteroidales;f__Bacteroidaceae;g__Bacteroides;s__Bacteroides_fragilis	-0.0290097148077	-0.0149921311562	0.0733462745386	0.0240592029736	0.0255422313365	-0.0399584664463	-0.00817889139022	-0.0566883072297	-0.0308579842671	-0.01056148291	0.0089114277753	0.00787895224988	-0.0070408883914	0.026447123504	-0.0121703537184	-0.0314821173058	1.0	0.0523666883609	0.0238848314912	0.0216530947484	0.0355909620874	-0.0198816501295	-0.00450857131902	0.0206188463573	0.0273437590414	0.0188368318081	-0.0222595616318	-0.0277463712996	0.026613736512	-0.0115665601232	0.00174243691915	-0.0267874987799	-0.0667289223524	-0.0229287497846	0.0073779092755	-0.00582112444806	-0.0457778348867	0.00497969864299	-0.0265469398483	-0.0042187918213	-0.0201035700305	-0.0451001414602	-0.0271602197293	0.0277084475928	-0.0818387428461	0.0198270015436	-0.0151453438375	-0.00705121606387	-0.0103257870365	-0.00258511600012	-0.000790625122272	-0.00811969781265	0.0140973827702	-0.029152110159	0.0624270303885	-0.0093153600984	0.00814941426279	-0.0603350627712	-0.0155204567611
k__Bacteria;p__Proteobacteria;c__Betaproteobacteria;o__Burkholderiales;f__Sutterellaceae;g__Sutterella;s__Sutterella_wadsworthensis	-0.0353065565175	0.00573529510629	-0.0050518811507	-0.0169365132794	0.0112559056632	0.0551344759035	-0.0110445775529	-0.0282496042104	-0.0356086258928	-0.00930586203616	-0.00185889227506	0.0606243159725	-0.0186685581513	0.0273116098106	0.0346799761303	0.0347221659505	0.0523666883609	1.0	0.0458236424248	0.0295754900375	-0.0288522369413	-0.0223346862964	0.0212148090812	0.00113980455639	-0.0191771366407	-0.00144955823742	-0.0850816540452	0.0156163980072	0.016253250497	0.0200854110845	-0.0125540764234	0.0340761964618	-0.0427627769459	-0.0414419203371	-0.00833409093745	0.0404912620032	0.0113077952937	-0.0264630717119	0.0203033168054	-0.0764068542392	0.00308562154543	-0.0587555171789	-0.0239029237852	-0.0201076047061	0.0182428142359	-0.0724695278033	-0.0306522377264	-0.00530658896081	-0.0124340109234	-0.0677264748194	-0.0653692550739	-0.0229010037695	-0.0311326829959	0.00932160870392	0.0171520890647	-0.0665812352379	-0.00297271202218	0.00530622575381	-0.0157839380424
k__Bacteria;p__Bacteroidetes;c__Bacteroidia;o__Bacteroidales;f__Porphyromonadaceae;g__Barnesiella;s__Barnesiella_intestinihominis	0.0275262783272	0.0307288064593	0.00808657570305	-0.00839466264767	0.0206049729616	-0.00863366611427	0.0217063307972	-0.038250187685	0.0102431753496	-0.0407873456364	0.00126431453639	-0.0207331914911	-0.0363353397965	0.00999195687378	0.0219601627391	0.012771458067	0.0238848314912	0.0458236424248	1.0	0.00326357021396	-0.0557636119812	-0.0705161035703	-0.00337721228888	-0.0215661983571	-0.00768184551496	0.0410023495635	-0.0458314973254	-0.0128354165527	-0.000404203269383	0.0294410720782	-0.0172657627978	-0.00040738153299	-0.0327430563836	0.0153465703474	-0.0584609232492	-0.0102452421577	0.0103188769185	-0.0310880134115	-0.0316911654318	0.0423100683887	-0.0381597915899	0.0195292650519	0.0201824494826	-0.0304470713308	-0.00978552739883	-0.0210453566372	-0.0785303425555	-0.0194077370468	0.00448589997604	-0.0148996706285	0.0145729075125	0.0266739662969	-0.0227061175908	0.0202857592503	-0.0551616513155	-0.00474636500349	0.002632711441	-0.0209869478714	0.0634971296909
k__Bacteria;p__Bacteroidetes;c__Bacteroidia;o__Bacteroidales;f__Odoribacteraceae;g__Odoribacter;s__Odoribacter_splanchnicus	-0.00114841379665	-0.00920206906918	-0.020410060045	0.0544556763016	-0.0109264404132	0.00875628408727	0.0375861448963	-0.0229062227662	-0.0507342918022	-0.0398652706393	-0.00261818174894	-0.0196109902488	-0.0200898102481	-0.00447709845164	-0.00691629147292	-0.0224086502812	0.0216530947484	0.0295754900375	0.00326357021396	1.0	0.00407466456865	0.0356282371945	0.0223517584041	-0.0266837358395	0.0408046429621	-0.00791211012833	0.00201741727516	-0.0719609626694	-0.0232954967408	0.0261229416346	0.0178016963171	-0.0372183078985	-0.0475760296225	0.000755241856958	0.00651274727107	-0.0308324815069	-0.045722298949	0.0211836393505	-0.00824547859101	-0.0343157983712	0.00359586003621	0.0144411822208	0.021978076577	-0.0481023569536	-0.0104511454667	-0.00855378355871	0.00368197480244	-0.0197801184916	-0.0281216109163	0.0385674237031	-0.0506415364782	0.0390308878039	0.0116788028689	0.000999023672421	-0.0703546337188	0.0130652928588	-0.0409945379424	-0.0280757956485	0.00590896601189
k__Bacteria;p__Bacteroidetes;c__Bacteroidia;o__Bacteroidales;f__Bacteroidaceae;g__Bacteroides;s__Bacteroides_salyersiae	0.027236499105	-0.00262736686197	-0.0179949602969	0.0323487147336	0.0143045062865	-0.0100444711918	0.0536083772611	-0.00905265262323	-0.0303391060688	-0.00547337200454	-0.0065042490285	-0.0242526250055	-0.0469083265925	-0.00751348273067	0.00393074753851	0.0117582300462	0.0355909620874	-0.0288522369413	-0.0557636119812	0.00407466456865	1.0	-0.0299174467573	-0.0157690227568	-0.0353126481753	0.0260111357909	0.00701740859268	-0.0276784794713	-0.0331897673463	-0.0413225615515	-1.86421751652e-05	0.00100089049864	0.0360230249162	-0.0599849178214	-0.0418383505086	-0.0511156203201	0.00597307393634	0.0363595738094	-0.0458020245237	-0.0221993082294	-0.0428960491266	-0.0438021266817	-0.00445718874535	0.0372553851741	-0.0178909781159	0.0100375514926	0.0650858338308	-0.0167932782603	-0.0351570095041	0.00540873043253	-0.0359306741948	0.03423331858	0.0192009598158	-0.0751427035538	-0.0227397612745	0.0312267034078	0.022981787143	0.0256364723612	0.014467005389	-0.0230312438869
k__Bacteria;p__Firmicutes;c__Clostridia;o__Clostridiales;f__Ruminococcaceae;g__Ruminiclostridium;s__[Eubacterium]_siraeum	0.0254746315445	-0.0359884270822	-0.0181711338827	-0.0599411095259	-0.0249417946669	0.0201409857689	-0.0233873487703	0.0208959633949	-0.0350741807804	0.0108886827676	-0.0672042808124	-0.0334484480227	0.0150345446567	0.0125220747238	0.0302525331546	0.0265269933812	-0.0198816501295	-0.0223346862964	-0.0705161035703	0.0356282371945	-0.0299174467573	1.0	0.00933280723384	-0.0406908502293	0.0567648574854	0.00368317594184	0.0181563442655	-0.023335590895	-0.008359491432	0.024416852163	-0.0287515119757	0.0014848929382	-0.0382006717617	-0.0142923243992	-0.0184908884161	-0.0591437274622	-0.00364103900236	-0.0245480463098	-0.0112158880565	0.0411968226668	0.0247052891325	0.0511603525523	-0.0600286663333	-0.00613096717547	0.0410996549301	0.000645049113125	0.0268497161594	0.0399892934735	-0.0630353795017	-0.00771875839813	0.00853857233963	-0.07935557647	0.034162027992	-0.0109004489543	-0.0261011821357	0.0194010563894	-0.00794563168186	-0.0569674132615	0.0159438870421
k__Bacteria;p__Proteobacteria;c__Betaproteobacteria;o__Burkholderiales;f__Sutterellaceae;g__Parasutterella;s__Parasutterella_excrementihominis	-0.0248858359777	-0.0272351111569	0.0195113369396	-0.0740869336746	-0.00371041196269	-0.0325598862744	0.0356099598057	-0.0354628003237	0.00287576863544	0.0115483607876	-0.031197889448	-0.00682103225438	-0.00607447851995	-0.0536242276977	-0.00218910955836	-0.0440569322528	-0.00450857131902	0.0212148090812	-0.00337721228888	0.0223517584041	-0.0157690227568	0.00933280723384	1.0	-0.0201038301576	0.000635364276564	-0.0155180428236	-0.0246454597752	-0.0149643436229	0.010936027139	-0.00892904942032	-0.0389398403232	-0.0220439629778	0.0197470475508	0.0242513928231	-0.0393485231513	-0.00920663312682	0.0195510475535	0.00853167166942	0.0340628028926	-0.0152883413906	0.0836908409437	-0.047230309686	-0.00258351000321	0.00582579109574	0.0605072848077	-0.0265742818014	0.02949791877	-0.0230011555958	0.0500849826655	0.00901454690897	-0.0308834366695	-0.0467413168312	-0.0424340568104	0.0315212434719	-0.0241634982482	-0.0372350927544	-0.115479093818	-0.0208465527666	-0.0136169511155
k__Bacteria;p__Actinobacteria;c__Actinobacteria;o__Bifidobacteriales;f__Bifidobacteriaceae;g__Bifidobacterium;s__Bifidobacterium_adolescentis	-0.028600190033	0.0168272074047	-0.0931419601002	-0.00427062913051	-0.021065738386	-0.00834728953645	-0.0614910670615	-0.0757452442651	0.00460120506864	0.0814463902104	0.0432155287189	0.0680818313027	0.00388706819267	0.0476603836217	-0.0128941481311	-0.0248917946953	0.0206188463573	0.00113980455639	-0.0215661983571	-0.0266837358395	-0.0353126481753	-0.0406908502293	-0.0201038301576	1.0	-0.00817624473432	0.0137248427108	0.0553538239703	-0.0170251859526	0.0335510617724	0.000824269788844	-0.017269257497	0.00374146713685	0.0227858334732	0.0692231353199	-0.0565409389841	-0.00989792171334	0.0350465873423	-0.0192663691925	-0.0544546314065	-0.0652947227928	0.00184299438555	0.0429796758702	-0.0228728170126	-0.0275767084388	-0.0315732802609	-0.00636898286902	0.0488322630155	-0.0800023365713	-0.000429810771397	-0.0186755364338	0.0185165535602	-0.030823596295	0.0158124457423	-0.0205732261864	-0.013988324108	-0.0231029677783	-0.0194448056589	0.0243867751481	-0.0439311701426
k__Bacteria;p__Firmicutes;c__Clostridia;o__Clostridiales;f__Oscillospiraceae;g__Oscillibacter;s__Oscillibacter_sp._KLE_1745	-0.0464218052707	0.0365419082508	0.0627826670688	0.00228193643514	-0.030203498481	0.00975689702444	-0.0631420049706	0.0368317772252	0.0249508250772	-0.00872774477336	0.00904926401509	0.0209298941002	-0.0502659312598	0.0223277288269	-0.0469103425483	-0.0263122905667	0.0273437590414	-0.0191771366407	-0.00768184551496	0.0408046429621	0.0260111357909	0.0567648574854	0.000635364276564	-0.00817624473432	1.0	0.0042932612514	0.0107645938954	-0.0275010523692	0.0389140942002	-0.00790914576981	0.0255931430378	-0.0102137757791	0.0135553702408	-0.00541609161044	0.0162280284056	0.0150435862271	-0.0239390807536	0.0201250727301	-0.0541691401246	0.01951117256	0.0261974192682	-0.0346990762905	0.0198976896464	-0.0475984001665	-0.0186959722171	-0.0161323890582	0.0354285823219	0.0337348618507	0.0320649328617	-0.00310956086152	-0.0323580417018	0.00209369367211	0.018075631085	-0.0589609226849	-0.00625291035023	-0.0746116376709	-0.000323741733823	-0.0483201511309	-0.000468121408343
k__Bacteria;p__Bacteroidetes;c__Bacteroidia;o__Bacteroidales;f__Bacteroidaceae;g__Bacteroides;s__Bacteroides_coprophilus	-0.0704376253955	0.0659950484991	-0.00865591669133	0.0299335809053	-0.0203453029402	-0.0135729192353	0.0217929695946	0.0287003583044	-0.0212745949176	-0.0255070294576	-0.022863134161	-0.0592840915753	-0.0410048322741	-0.0560327957436	-0.00210743034719	-0.0145916393183	0.0188368318081	-0.00144955823742	0.0410023495635	-0.00791211012833	0.00701740859268	0.00368317594184	-0.0155180428236	0.0137248427108	0.0042932612514	1.0	-0.0118613189487	-0.0117377910666	0.0102532972381	-0.0141687286493	-0.00601037782814	-0.0112067357194	0.0263388678129	-0.00720589459569	-0.0338453614496	0.00304088868974	-0.0147864326911	-0.0341794099624	-0.0853235127466	0.0138394512614	-0.0119984642986	-0.0311092392746	-0.0318784620288	-0.00183585111451	0.00354397532858	-0.0727567260253	-0.0145778068745	0.0200245866189	0.00293484792375	-0.00565921574979	-0.00512928003471	-0.048525144282	0.0246795429758	-0.0373342724206	0.0245468722224	-0.0165117058264	0.00514908016587	-0.00274701603554	0.0220251841358
k__Bacteria;p__Firmicutes;c__Clostridia;o__Clostridiales;f__Lachnospiraceae;g__Roseburia;s__Roseburia_intestinalis	0.0137412741779	-0.0308492507023	0.00934548323473	0.0100457710366	-0.026262402319	0.0129745779301	-0.00784828364875	-0.0109931400658	0.00229934163266	0.00221097124271	0.0468758571719	0.0227709349187	0.0286682863275	-0.0115342151622	0.00836515788672	-0.0209404958725	-0.0222595616318	-0.0850816540452	-0.0458314973254	0.00201741727516	-0.0276784794713	0.0181563442655	-0.0246454597752	0.0553538239703	0.0107645938954	-0.0118613189487	1.0	-0.0755969075721	0.00834732122775	-0.059877298145	0.0101425001358	0.0143884940165	-0.0531299174916	-0.0242254256061	-0.0148343453937	-0.085848804247	-0.025141044437	0.0336418337004	-0.0068972373035	-0.0345625639675	-0.0737056983586	-0.0232417723877	-0.00940454076705	0.0255582602252	-0.0808676923443	-0.0336170942212	-0.0241237414049	-0.0115060839137	0.068880308727	-0.0149343724267	0.0465500817176	0.0116872745301	0.00439875109707	-0.0635299178279	-0.0406150250019	0.0306353654567	-0.0394931044675	-0.059604390788	0.0215056407369
k__Bacteria;p__Firmicutes;c__Clostridia;o__Clostridiales;f__Lachnospiraceae;g__Roseburia;s__Roseburia_hominis	-0.0306656745022	0.00385837686749	0.0514509657148	0.018237881276	0.0084434890705	-0.0370966840929	0.00717510652985	0.0506639739955	0.00100272670651	0.0335919962715	0.0044596204223	-0.0214289881322	-0.0429273997951	0.0692399727253	0.0346697121187	-0.0145833793028	-0.0277463712996	0.0156163980072	-0.0128354165527	-0.0719609626694	-0.0331897673463	-0.023335590895	-0.0149643436229	-0.0170251859526	-0.0275010523692	-0.0117377910666	-0.0755969075721	1.0	-0.0368631167152	-0.032192399182	0.0529758052135	0.0591685331419	0.0228438240146	0.00280352339324	0.00726274503034	-0.0235894761833	0.0271269136163	0.0245152615214	0.0615813615844	-0.0436960482143	-0.0155418477697	-0.0612570290839	0.0313258965018	-0.00800220800327	0.0177986881382	-0.00160850412929	-0.0495412446291	-0.0263007156541	-0.000202681973418	-0.0545113417022	-0.0309309339336	0.040750564587	-0.0221612399658	-0.0210846977749	-0.000370504299838	0.00686484402101	0.00480910484075	-0.0113400794653	-0.0270512576494
k__Bacteria;p__Bacteroidetes;c__Bacteroidia;o__Bacteroidales;f__Porphyromonadaceae;g__Parabacteroides;s__Parabacteroides_johnsonii	0.0595996363429	-0.0252212028622	0.0365457807968	-0.0334137538111	0.0290567288347	-0.0182190782395	-0.0351098503029	-0.0701859101601	0.0282280934573	0.0373197159362	-0.000999212441803	-0.0464547086651	-0.047097031098	-0.0315610801009	0.00629035107785	0.0319462543747	0.026613736512	0.016253250497	-0.000404203269383	-0.0232954967408	-0.0413225615515	-0.008359491432	0.010936027139	0.0335510617724	0.0389140942002	0.0102532972381	0.00834732122775	-0.0368631167152	1.0	0.0128821957173	0.0308463758622	0.00422446881962	-0.0163163752558	-0.0616554172138	-0.0122251155492	0.0522930445497	-0.0561591755241	0.0224078263826	-0.00215861118682	-0.0195881815663	0.00890631331244	-0.0542705761605	0.0354071925494	-0.0342187272159	0.00801656531782	0.00521364800841	0.045222045965	-0.00048795896962	0.038431342261	0.0352293226466	-0.00829250882389	-0.0145014426594	-0.00998660678074	-0.015538874236	-0.0600978238545	-0.0504842437336	-0.0310017769616	-0.00754906201476	-0.0380169523779
k__Bacteria;p__Actinobacteria;c__Actinobacteria;o__Bifidobacteriales;f__Bifidobacteriaceae;g__Bifidobacterium;s__Bifidobacterium_longum	-0.0207100198883	-0.0220926827878	0.0397467314858	0.0274329545856	-0.0130684156371	0.0359492666913	0.0320089328571	-0.00589032262563	-0.050412976917	-0.0136365495477	-0.00573353058552	-0.0203539736259	0.00690989721093	-0.0542595952915	-0.0101668344155	-0.0322770362393	-0.0115665601232	0.0200854110845	0.0294410720782	0.0261229416346	-1.86421751651e-05	0.024416852163	-0.00892904942032	0.000824269788844	-0.00790914576981	-0.0141687286493	-0.059877298145	-0.032192399182	0.0128821957173	1.0	-0.00860587212007	-0.0402140883369	0.0247285166547	0.00431014861966	-0.0209680271065	-0.014993066558	0.0017715283255	-0.0445558129348	-0.0220691530929	-0.0307777215	0.00707357219313	-0.0071851781139	0.0086740499077	-0.0182143638969	-0.0336396381288	-0.031192214929	0.0100208836387	0.00124647334277	-0.0251773914333	0.0379048798944	-0.0291579736292	0.00239897050793	-0.0266232429675	-0.0635428394285	0.00477998572833	-0.000574880102313	0.026052065471	0.0519927880902	-0.00641086695437
