#taxonomy	k__Bacteria;p__Bacteroidetes;c__Bacteroidia;o__Bacteroidales;f__Bacteroidaceae;g__Bacteroides;s__Bacteroides_vulgatus	k__Bacteria;p__Bacteroidetes;c__Bacteroidia;o__Bacteroidales;f__Bacteroidaceae;g__Bacteroides;s__Bacteroides_uniformis	k__Bacteria;p__Bacteroidetes;c__Bacteroidia;o__Bacteroidales;f__Rikenellaceae;g__Alistipes;s__Alistipes_putredinis	k__Bacteria;p__Bacteroidetes;c__Bacteroidia;o__Bacteroidales;f__Prevotellaceae;g__Prevotella;s__Prevotella_copri	k__Bacteria;p__Bacteroidetes;c__Bacteroidia;o__Bacteroidales;f__Bacteroidaceae;g__Bacteroides;s__Bacteroides_stercoris	k__Bacteria;p__Bacteroidetes;c__Bacteroidia;o__Bacteroidales;f__Bacteroidaceae;g__Bacteroides;s__Bacteroides_ovatus	k__Bacteria;p__Bacteroidetes;c__Bacteroidia;o__Bacteroidales;f__Rikenellaceae;g__Alistipes;s__Alistipes_shahii	k__Bacteria;p__Firmicutes;c__Clostridia;o__Clostridiales;f__Ruminococcaceae;g__Faecalibacterium;s__Faecalibacterium_prausnitzii	k__Bacteria;p__Bacteroidetes;c__Bacteroidia;o__Bacteroidales;f__Rikenellaceae;g__Alistipes;s__Alistipes_finegoldii	k__Bacteria;p__Bacteroidetes;c__Bacteroidia;o__Bacteroidales;f__Porphyromonadaceae;g__Parabacteroides;s__Parabacteroides_distasonis	k__Bacteria;p__Bacteroidetes;c__Bacteroidia;o__Bacteroidales;f__Bacteroidaceae;g__Bacteroides;s__Bacteroides_thetaiotaomicron	k__Bacteria;p__Bacteroidetes;c__Bacteroidia;o__Bacteroidales;f__Bacteroidaceae;g__Bacteroides;s__Bacteroides_coprocola	k__Bacteria;p__Bacteroidetes;c__Bacteroidia;o__Bacteroidales;f__Bacteroidaceae;g__Bacteroides;s__Bacteroides_cellulosilyticus	k__Bacteria;p__Bacteroidetes;c__Bacteroidia;o__Bacteroidales;f__Rikenellaceae;g__Alistipes;s__Alistipes_obesi	k__Bacteria;p__Firmicutes;c__Clostridia;o__Clostridiales;f__Lachnospiraceae;g__;s__[Eubacterium]_rectale	k__Bacteria;p__Bacteroidetes;c__Bacteroidia;o__Bacteroidales;f__Bacteroidaceae;g__Bacteroides;s__Bacteroides_plebeius	k__Bacteria;p__Bacteroidetes;c__Bacteroidia;o__Bacteroidales;f__Bacteroidaceae;g__Bacteroides;s__Bacteroides_fragilis	k__Bacteria;p__Proteobacteria;c__Betaproteobacteria;o__Burkholderiales;f__Sutterellaceae;g__Sutterella;s__Sutterella_wadsworthensis	k__Bacteria;p__Bacteroidetes;c__Bacteroidia;o__Bacteroidales;f__Porphyromonadaceae;g__Barnesiella;s__Barnesiella_intestinihominis	k__Bacteria;p__Bacteroidetes;c__Bacteroidia;o__Bacteroidales;f__Odoribacteraceae;g__Odoribacter;s__Odoribacter_splanchnicus	k__Bacteria;p__Bacteroidetes;c__Bacteroidia;o__Bacteroidales;f__Bacteroidaceae;g__Bacteroides;s__Bacteroides_salyersiae	k__Bacteria;p__Firmicutes;c__Clostridia;o__Clostridiales;f__Ruminococcaceae;g__Ruminiclostridium;s__[Eubacterium]_siraeum	k__Bacteria;p__Proteobacteria;c__Betaproteobacteria;o__Burkholderiales;f__Sutterellaceae;g__Parasutterella;s__Parasutterella_excrementihominis	k__Bacteria;p__Actinobacteria;c__Actinobacteria;o__Bifidobacteriales;f__Bifidobacteriaceae;g__Bifidobacterium;s__Bifidobacterium_adolescentis	k__Bacteria;p__Firmicutes;c__Clostridia;o__Clostridiales;f__Oscillospiraceae;g__Oscillibacter;s__Oscillibacter_sp._KLE_1745	k__Bacteria;p__Bacteroidetes;c__Bacteroidia;o__Bacteroidales;f__Bacteroidaceae;g__Bacteroides;s__Bacteroides_coprophilus	k__Bacteria;p__Firmicutes;c__Clostridia;o__Clostridiales;f__Lachnospiraceae;g__Roseburia;s__Roseburia_intestinalis	k__Bacteria;p__Firmicutes;c__Clostridia;o__Clostridiales;f__Lachnospiraceae;g__Roseburia;s__Roseburia_hominis	k__Bacteria;p__Bacteroidetes;c__Bacteroidia;o__Bacteroidales;f__Porphyromonadaceae;g__Parabacteroides;s__Parabacteroides_johnsonii	k__Bacteria;p__Actinobacteria;c__Actinobacteria;o__Bifidobacteriales;f__Bifidobacteriaceae;g__Bifidobacterium;s__Bifidobacterium_longum	k__Bacteria;p__Firmicutes;c__Clostridia;o__Clostridiales;f__;g__Flavonifractor;s__Flavonifractor_plautii	k__Bacteria;p__Firmicutes;c__Clostridia;o__Clostridiales;f__Clostridiaceae;g__Clostridium;s__Clostridium_phoceensis	k__Bacteria;p__Verrucomicrobia;c__Verrucomicrobiae;o__Verrucomicrobiales;f__Akkermansiaceae;g__Akkermansia;s__Akkermansia_muciniphila	k__Bacteria;p__Bacteroidetes;c__Bacteroidia;o__Bacteroidales;f__Prevotellaceae;g__Paraprevotella;s__Paraprevotella_xylaniphila	k__Bacteria;p__Firmicutes;c__Clostridia;o__Clostridiales;f__Ruminococcaceae;g__Ruminococcus;s__Ruminococcus_callidus	k__Bacteria;p__Bacteroidetes;c__Bacteroidia;o__Bacteroidales;f__Rikenellaceae;g__Alistipes;s__Alistipes_senegalensis	k__Bacteria;p__Firmicutes;c__Clostridia;o__Clostridiales;f__Lachnospiraceae;g__Blautia;s__Blautia_sp._KLE_1732	k__Bacteria;p__Bacteroidetes;c__Bacteroidia;o__Bacteroidales;f__Bacteroidaceae;g__Bacteroides;s__Bacteroides_oleiciplenus	k__Bacteria;p__Firmicutes;c__Clostridia;o__Clostridiales;f__Ruminococcaceae;g__Ruminococcus;s__Ruminococcus_bicirculans	k__Bacteria;p__Bacteroidetes;c__Bacteroidia;o__Bacteroidales;f__Bacteroidaceae;g__Bacteroides;s__Bacteroides_fluxus	k__Bacteria;p__Bacteroidetes;c__Bacteroidia;o__Bacteroidales;f__Prevotellaceae;g__Prevotella;s__Prevotella_stercorea	k__Bacteria;p__Firmicutes;c__Clostridia;o__Clostridiales;f__Lachnospiraceae;g__Dorea;s__Dorea_longicatena	k__Bacteria;p__Firmicutes;c__Clostridia;o__Clostridiales;f__Eubacteriaceae;g__Eubacterium;s__[Eubacterium]_eligens	k__Bacteria;p__Firmicutes;c__Clostridia;o__Clostridiales;f__Ruminococcaceae;g__;s__Ruminococcaceae_bacterium_D16	k__Bacteria;p__Firmicutes;c__Clostridia;o__Clostridiales;f__Lachnospiraceae;g__Coprococcus;s__Coprococcus_comes	k__Bacteria;p__Proteobacteria;c__Gammaproteobacteria;o__Enterobacterales;f__Enterobacteriaceae;g__Escherichia;s__Escherichia_coli	k__Bacteria;p__Firmicutes;c__Clostridia;o__Clostridiales;f__Ruminococcaceae;g__Anaerotruncus;s__Anaerotruncus_colihominis	k__Bacteria;p__Firmicutes;c__Clostridia;o__Clostridiales;f__Lachnospiraceae;g__Blautia;s__Blautia_obeum	k__Bacteria;p__Bacteroidetes;c__Bacteroidia;o__Bacteroidales;f__Odoribacteraceae;g__Odoribacter;s__Odoribacter_laneus	k__Bacteria;p__Firmicutes;c__Clostridia;o__Clostridiales;f__Ruminococcaceae;g__Ruminiclostridium;s__[Clostridium]_leptum	k__Bacteria;p__Bacteroidetes;c__Bacteroidia;o__Bacteroidales;f__Porphyromonadaceae;g__Parabacteroides;s__Parabacteroides_goldsteinii	k__Bacteria;p__Firmicutes;c__Clostridia;o__Clostridiales;f__Lachnospiraceae;g__Anaerostipes;s__Anaerostipes_hadrus	k__Bacteria;p__Firmicutes;c__Clostridia;o__Clostridiales;f__Ruminococcaceae;g__Ruminococcus;s__Ruminococcus_lactaris	k__Bacteria;p__Firmicutes;c__Clostridia;o__Clostridiales;f__Clostridiaceae;g__Clostridium;s__Clostridium_sp._L2-50	k__Bacteria;p__Firmicutes;c__Clostridia;o__Clostridiales;f__Clostridiaceae;g__Clostridium;s__Clostridium_sp._M62/1	k__Bacteria;p__Firmicutes;c__Clostridia;o__Clostridiales;f__;g__Intestinimonas;s__Intestinimonas_butyriciproducens	k__Bacteria;p__Actinobacteria;c__Actinobacteria;o__Bifidobacteriales;f__Bifidobacteriaceae;g__Bifidobacterium;s__Bifidobacterium_bifidum	k__Bacteria;p__Firmicutes;c__Negativicutes;o__Veillonellales;f__Veillonellaceae;g__Dialister;s__Dialister_invisus	k__Bacteria;p__Bacteroidetes;c__Bacteroidia;o__Bacteroidales;f__Bacteroidaceae;g__Bacteroides;s__Bacteroides_salanitronis
k__Bacteria;p__Bacteroidetes;c__Bacteroidia;o__Bacteroidales;f__Bacteroidaceae;g__Bacteroides;s__Bacteroides_vulgatus	1.0	0.0143717714504	-0.0361429321624	0.00502931116777	0.00677178392762	0.0513764510181	-0.0159739569807	-0.0386987576105	-0.0170890655236	-0.0569458117892	0.00542401165573	-0.00864341290225	0.0234278984001	0.00219593017528	-0.0709702263981	0.0317200673748	0.0384897799724	0.0294252726695	-0.0809252469361	0.0049674283274	-0.018695748954	-0.0664677736638	-0.0151854391151	0.0119642382704	0.0371261353512	-0.0186792519192	-0.0368935895141	-0.0407895559499	0.0750093737142	-0.0333524808695	0.0259659922518	-0.045277429847	0.0455540256058	-0.0312430755873	0.0333138505323	0.0075680371458	0.0280375486927	0.00822832819564	-0.0676290619349	0.0217260400004	-0.0235255082347	0.00828849018775	-0.00348671662209	-0.0298516144986	0.0125763004846	0.00118206989964	-0.0616718899177	0.0640944611805	-0.0181591680645	-0.0250850594716	-0.00888224423562	-0.0187066305992	0.000360263839471	0.00541181035637	0.0175604111911	0.0561235284112	-0.0537729282685	0.0115842887427	0.0458259397627
k__Bacteria;p__Bacteroidetes;c__Bacteroidia;o__Bacteroidales;f__Bacteroidaceae;g__Bacteroides;s__Bacteroides_uniformis	0.0143717714504	1.0	0.0156034225462	-0.0165513049889	-0.0468923359822	-0.011941751625	0.0216848007843	0.0390155781043	-0.00477216431984	0.0120349855142	-0.0278380311354	-0.0136923965261	-0.030173201664	0.00290570886966	-0.0273557186999	0.00586910381987	0.0135410690733	-0.0267288950761	0.0183251438327	-0.00578344634487	-0.0121959884074	0.00128632106506	-0.0411149366813	0.0209604039442	-0.0463682375775	-0.0740079914193	0.0054211494384	-0.00867639740123	0.0208704804805	0.020740285045	0.0253677224024	-0.0232290307964	0.030838811845	0.0106532283836	0.0293557102439	-0.00982870030932	0.0348321826523	-0.00329472022746	-0.0601266361705	0.00871289821489	-0.0204420662353	-0.00486719918494	0.00610872633609	0.0230588192059	-0.061713440016	0.0119561640234	-0.0460296080303	0.0030852870371	-0.0454328137917	-0.0184128873357	0.00385333424804	0.039961603039	-0.0216508406941	-0.0246974017236	0.0394829456628	0.0426556619951	-0.0435529980696	0.00486549367537	0.0439621628645
k__Bacteria;p__Bacteroidetes;c__Bacteroidia;o__Bacteroidales;f__Rikenellaceae;g__Alistipes;s__Alistipes_putredinis	-0.0361429321624	0.0156034225462	1.0	-0.0310715761637	-0.0315274005465	-0.0115815270991	0.0606245310307	-0.00507400181348	0.00192906791275	-0.0425599622846	-0.0275121309029	0.00865760540328	-0.0366358826595	-0.0162181467779	-0.0435756492521	-0.0804541372201	-0.0161169214572	0.0183209656608	0.0186926228344	0.0449879742436	-0.0280558307442	-0.0332706741758	0.0518071708717	-0.122045754164	-0.036788715265	-0.0425383724343	-0.0661821276856	0.0300460080325	0.0512211704332	-0.0543234781624	-0.0108143734456	0.00211768478543	0.00878893033733	-0.0112717535898	-0.0184034906428	-0.0406500914056	-0.0557813610709	-0.0050262226298	-0.0118238930173	0.00761983731604	-0.025831852962	-0.0515017181667	0.103057614167	-0.00600782114369	-0.0568854687414	-0.0119885468131	0.0436528531221	0.0158258133393	-0.0186273555824	0.0136872295837	-0.0396311814326	0.00839597126581	0.00264500468338	0.0419653895304	-0.049965924861	-0.0490309465108	0.0729264481726	-0.0276061812957	0.0187176465014
k__Bacteria;p__Bacteroidetes;c__Bacteroidia;o__Bacteroidales;f__Prevotellaceae;g__Prevotella;s__Prevotella_copri	0.00502931116777	-0.0165513049889	-0.0310715761637	1.0	-0.0155302237778	-0.0295825143186	0.030669188687	-0.0382890807753	0.00576261345028	-0.0663665991123	0.0285346037457	-0.0271387169606	0.0252269504783	-0.00558950916765	-0.0455547756695	0.000747834745731	0.0374046726907	-0.00438118819915	0.00384984617822	-0.00085658998036	-0.0199733817668	-0.00336127013551	-0.0107164284457	-0.0476350634915	-0.00142708093347	-0.010739739412	0.0573029209635	0.00800954858369	-0.0784091941361	0.00188518420902	0.0303302675611	-0.00874130854771	-0.0357073972102	-0.0149912964805	-0.0400056647067	-0.0133008488078	0.0979796567139	-0.0257055323684	0.0105533589973	-0.0328652630177	-0.0453736468447	0.0350365847485	-0.046086536071	-0.00731742557178	0.0216692644993	-0.0233090109096	-0.0236818437586	-0.105346447465	0.0285881665774	-0.0372172887889	0.094948326001	0.0147920195715	-0.00701231081889	0.0228806175691	-0.00902589093377	0.0319041608923	0.0370998673269	-0.00293899799821	0.0348236160794
k__Bacteria;p__Bacteroidetes;c__Bacteroidia;o__Bacteroidales;f__Bacteroidaceae;g__Bacteroides;s__Bacteroides_stercoris	0.00677178392762	-0.0468923359822	-0.0315274005465	-0.0155302237778	1.0	-0.0486663147867	-0.00405002163972	-0.0460015730736	0.0465468087416	0.0652258105603	-0.0240853942953	0.0736741783434	0.00839738067207	-0.0333430674619	-0.00417957423814	0.00991362070251	-0.0279029576698	-0.0298541221254	-0.00263220935174	0.0276119871372	0.00837883362492	0.00807586716784	-0.0413380395784	0.023643503349	-0.0081302141805	-0.0653932168063	-0.0177473192255	0.0114751090443	-0.0187213836698	-0.0238675991092	0.0151193697681	-4.02103050889e-05	-0.0588716242137	-0.0383182474476	-0.00426863799723	0.0198182735595	0.117947944302	0.0636213607633	0.00294719153291	0.0159394483661	-0.00133177912738	-0.0276888284428	-0.00893190498585	-0.0428431619156	0.00836473523088	0.0221192943192	0.00350170223997	-0.0107409604972	-0.0343186416504	0.0126385360688	-0.0304687708218	0.0467116858901	-0.0369691824665	-0.0315400373964	0.0220337920246	-0.0160103883215	-0.0109396099583	-0.0523288271906	-0.00326401242414
k__Bacteria;p__Bacteroidetes;c__Bacteroidia;o__Bacteroidales;f__Bacteroidaceae;g__Bacteroides;s__Bacteroides_ovatus	0.0513764510181	-0.011941751625	-0.0115815270991	-0.0295825143186	-0.0486663147867	1.0	0.0671689043339	-0.0133219072773	-0.0118082977278	-0.0136199862346	0.00467673104182	-0.0558967131232	-0.0306152676943	0.0369688278909	0.0105419909168	-0.0174990963088	-0.0159824410429	0.0210365713533	0.00705276477797	0.00620805016692	-0.00572504832682	0.00391580203238	-0.011114198756	-0.0106541964037	0.0154802856698	0.0387651285132	-0.0102727918059	-0.00789504539341	-0.0147449838084	-0.0370402852509	-0.0513508492525	0.0341862374543	0.0041499943635	0.00844893126314	-0.037053296216	-0.038297490686	0.00719986441695	0.00596074858546	-0.0112159647508	-0.0362403995589	-0.0619844892452	0.0411521423591	0.00405020862297	-0.0612437688069	0.0334499544104	-0.0268581069968	0.00943896433802	-0.0306240227425	0.0173317962244	0.0224741820364	0.00956594271643	0.00653293866842	0.0223833749482	0.0269821386835	-0.000283338881681	-0.0389073962755	-0.0247359957887	0.0445623060916	0.0437742233199
k__Bacteria;p__Bacteroidetes;c__Bacteroidia;o__Bacteroidales;f__Rikenellaceae;g__Alistipes;s__Alistipes_shahii	-0.0159739569807	0.0216848007843	0.0606245310307	0.030669188687	-0.00405002163972	0.0671689043339	1.0	-0.0517085361534	-0.0415257488954	-0.0457712749982	0.0127136437067	-0.0218947977803	-0.067237107721	0.0363715677846	-0.00280458054502	0.0382201712983	-0.0397182705151	-0.0207301327118	-0.0262207089219	-0.0241904388741	-0.0158289302105	-0.0239398304253	0.0607624558871	0.00391135538878	0.0490694513562	0.0172885260412	0.0200883373991	0.0280715358822	0.00252998652755	0.0299905170992	-0.0496707483028	-0.0037689938942	-0.00169395488839	0.000663544947025	-0.00689026595394	0.00972666123735	-0.0900083849893	0.0186079772184	-0.0420463402139	-0.0196195648757	-0.0294175326619	-0.0575906355065	0.0194702813309	0.0475271592744	-0.0428591926158	-0.0186939732136	0.0138555866291	0.00543099400653	-0.017379169882	0.015448425234	-0.0656178983753	-0.0266520817159	-0.0419192024338	0.0557718411233	0.00114243405764	0.025884062168	-0.0408384085561	-0.0039754878629	-0.06736149687
k__Bacteria;p__Firmicutes;c__Clostridia;o__Clostridiales;f__Ruminococcaceae;g__Faecalibacterium;s__Faecalibacterium_prausnitzii	-0.0386987576105	0.0390155781043	-0.00507400181348	-0.0382890807753	-0.0460015730736	-0.0133219072773	-0.0517085361534	1.0	0.000799768580415	0.0172185737878	0.06552844006	0.0394637398056	0.0609385267507	0.0227394400263	-0.0199093808692	-0.0111072906166	0.0013126408657	0.0150831357837	-0.0941978682301	-0.0787311908988	0.0171958216911	-0.0234997408435	0.0163048844478	-0.00551686882671	-0.0631332286064	0.0156121170095	-0.0399099031455	-0.0269543764462	-0.00170501436462	-0.0357151749031	0.0325555583907	-0.0446459381485	0.0613706009104	-0.0294897592099	-0.0119259176948	-0.000872052416347	-0.0213939427399	-0.0176790281669	-0.0422557229336	0.0104406326338	0.0104951278588	0.0420603958392	-0.000904729188927	-0.0230918132274	0.0485773700557	-0.0112127120169	-0.0193342330371	0.043305814635	0.0292447949303	0.0239360870051	-0.0362416405406	0.00598458573114	-0.0386991954967	-0.0510476777707	-0.0695266297888	-0.0955753214526	0.0049815939678	-0.013756154289	0.00535642833168
k__Bacteria;p__Bacteroidetes;c__Bacteroidia;o__Bacteroidales;f__Rikenellaceae;g__Alistipes;s__Alistipes_finegoldii	-0.0170890655236	-0.00477216431984	0.00192906791275	0.00576261345028	0.0465468087416	-0.0118082977278	-0.0415257488954	0.000799768580415	1.0	0.0128662974538	-0.00459281042259	-0.00369093044746	0.0368480446318	0.00452507211486	0.019782688913	-0.0450228552843	-0.026200228556	0.00418296885095	0.0196862563695	0.036265235917	-0.0325657820498	0.0535827811611	-0.031109742263	0.0326546535557	-0.0221651337677	-0.0438288642137	0.00583241980939	0.0297027050001	0.0119852571478	-0.044034573511	-0.0566904309024	-0.00677114413097	-0.0230872986122	0.0153614835329	-0.0218372066441	0.0187129556642	0.00170014284009	0.0547857340923	-0.0324843889261	0.0216900190314	-0.0405865380911	-0.0368490378625	0.0277845172682	-0.00229464845022	-0.0339404938698	-0.00941989353572	0.00055240989947	-0.0344220655373	-0.0406508564367	0.0165653603313	0.0332685077784	0.0640638074302	-0.0394212157035	0.0307377347492	0.0427696852381	-0.0409041299827	-0.0475780880501	-0.0416863096198	-0.0248232867487
k__Bacteria;p__Bacteroidetes;c__Bacteroidia;o__Bacteroidales;f__Porphyromonadaceae;g__Parabacteroides;s__Parabacteroides_distasonis	-0.0569458117892	0.0120349855142	-0.0425599622846	-0.0663665991123	0.0652258105603	-0.0136199862346	-0.0457712749982	0.0172185737878	0.0128662974538	1.0	-0.0100275672991	-0.00390243400119	0.05096590221	-0.0589830386999	-0.0481128637872	-0.0316398980714	0.0305417632582	-0.0682277792067	-0.0427777050556	-0.000100247139414	-0.01059601214	-0.0501196396496	-0.00696472320483	0.0403744262092	0.0426822873935	-0.0204643830436	0.0363057670391	-0.0315786930395	0.0145439366136	0.0484275612799	0.0594205607112	-0.0399730188944	-0.0574575230918	-0.00741472822818	-0.0160452206621	-0.00873077273395	-0.023032759553	-0.0481999068364	-0.00831970923777	0.0246353543812	0.000236533751421	-0.0793601078996	0.00441495419081	0.0104880455938	-0.037257566633	-0.0434676531951	0.0296214283272	0.00652366846703	-0.00662955362315	0.0117407967003	-0.00626493636809	-0.00520152618935	-0.0215585208454	-0.032962173296	-0.0389976824906	-0.0657685136119	-0.00537494774575	0.0164211608201	0.011925303501
k__Bacteria;p__Bacteroidetes;c__Bacteroidia;o__Bacteroidales;f__Bacteroidaceae;g__Bacteroides;s__Bacteroides_thetaiotaomicron	0.00542401165573	-0.0278380311354	-0.0275121309029	0.0285346037457	-0.0240853942953	0.00467673104182	0.0127136437067	0.06552844006	-0.00459281042259	-0.0100275672991	1.0	0.0619460881472	-0.0066245838467	0.00583992254964	0.0226430688549	-0.0294088693634	-0.0388335054021	-0.0134958406528	-0.0364294560757	-0.0586238095069	0.0135241935165	-0.0277258082157	0.00681633879552	-0.0067206569265	-0.0171797655554	-0.00805200506483	0.04740299175	-0.0188495781358	0.0564469810955	0.0155987053404	0.0500113976186	-0.0164640667284	0.0224971289812	0.0135894066906	-0.0403380438716	0.00790776262367	0.0294709328575	-0.0084240699659	-0.0155888447883	-0.0257785086519	0.0129947293074	-0.00867392659611	-0.022480193473	-0.0232523943736	-2.0641436381e-05	-0.0182137584559	-0.00935399397292	0.0240378956087	0.0616576638027	-0.0107584258471	0.0106892366294	-0.00759532621643	-0.00777456366116	-0.0609482624789	-0.0130330882093	0.0416224286059	-0.0341749101179	-0.00871182155032	-0.0127568337083
k__Bacteria;p__Bacteroidetes;c__Bacteroidia;o__Bacteroidales;f__Bacteroidaceae;g__Bacteroides;s__Bacteroides_coprocola	-0.00864341290225	-0.0136923965261	0.00865760540328	-0.0271387169606	0.0736741783434	-0.0558967131232	-0.0218947977803	0.0394637398056	-0.00369093044746	-0.00390243400119	0.0619460881472	1.0	0.0205987642952	0.0153776372157	-0.0113014810491	-0.0114151877415	0.0411807856203	0.0371327929988	-0.0371066085268	-0.0332343880019	0.0273395790465	-0.0178692860609	-0.0266414260887	-0.0179575166247	-0.00766183622678	-0.0433053370348	-0.0225091915936	-0.00672712945474	-0.0238253244204	-0.0135183087448	0.0377326846866	-0.00245794266525	-0.0293536449476	0.000226268743471	-0.0392596852216	0.0127207092637	-0.00974467893036	-0.0351029580501	-0.0087762264546	0.00509265603583	-0.00398828702034	0.0421957786989	0.0058803719923	-0.0073245883732	0.0605487172931	-0.0267472114374	-0.0383115800635	0.0136954821715	-0.0363772281644	0.0359445472808	-0.0336444787113	0.0214853319227	0.0500813216223	-0.010033021745	-0.0298167462482	-0.0239412896667	-0.0322072961367	-0.0176013135731	-0.109138443087
k__Bacteria;p__Bacteroidetes;c__Bacteroidia;o__Bacteroidales;f__Bacteroidaceae;g__Bacteroides;s__Bacteroides_cellulosilyticus	0.0234278984001	-0.030173201664	-0.0366358826595	0.0252269504783	0.00839738067207	-0.0306152676943	-0.067237107721	0.0609385267507	0.0368480446318	0.05096590221	-0.0066245838467	0.0205987642952	1.0	-0.00233723394514	-0.04712955275	-0.0233868494081	0.0471310754567	-0.00740676610697	0.0427479427839	0.0156798127902	0.00579745910547	-0.0552142435965	0.0615099468465	-0.0166352163454	-0.0352273686184	-0.00573889779944	-0.0180766699909	-0.0575247130083	-0.0463660703801	0.0164785627195	0.00242021671273	0.00803661047207	0.0151326722625	0.0126952924701	-0.0163860791091	-0.0123852267412	0.00712971218801	0.0230304499392	-0.0371129317259	-0.0462040691877	0.0154185406958	0.0144574149794	0.0164630730388	0.0507136023991	-0.0533738569109	0.0200428751652	-0.00976095789848	-0.00383898853289	0.0449736875216	-0.0215860707789	-0.0646520657204	0.0126968394431	-0.0335725643398	-0.0216039515755	-0.0146104945564	0.0283560839138	-0.0280042068508	-0.0134968273534	0.04391865591
k__Bacteria;p__Bacteroidetes;c__Bacteroidia;o__Bacteroidales;f__Rikenellaceae;g__Alistipes;s__Alistipes_obesi	0.00219593017528	0.00290570886966	-0.0162181467779	-0.00558950916765	-0.0333430674619	0.0369688278909	0.0363715677846	0.0227394400263	0.00452507211486	-0.0589830386999	0.00583992254964	0.0153776372157	-0.00233723394514	1.0	-0.0515366596643	0.0146635611694	-0.0197721034244	0.00180539874223	-0.0698641951817	0.025979980077	0.0657282490947	0.0120954819511	-0.0183927094913	-0.0112706936359	0.0336137944434	0.0245239667534	-0.0136087965241	0.00253814794666	0.0138285511714	0.00443499362974	0.00217799599351	0.00484939672802	-0.0056864689818	0.0182491129125	0.0538414469008	-0.0304307056865	0.0258534025587	-0.110328822663	-0.0181082906008	0.0248818705412	0.0426643574667	-0.0261794786219	-0.00237127255686	-0.0628102446376	-0.0497528548694	-0.0564935177961	-0.0145695049862	-0.00980448099645	-0.0595309868328	-0.0355725648189	-0.0293317602981	0.0094257085256	-0.0192327722532	-0.0427526892692	-0.0663356107534	-0.0293529709883	0.0352534415962	0.0514566027783	0.0212219121955
k__Bacteria;p__Firmicutes;c__Clostridia;o__Clostridiales;f__Lachnospiraceae;g__;s__[Eubacterium]_rectale	-0.0709702263981	-0.0273557186999	-0.0435756492521	-0.0455547756695	-0.00417957423814	0.0105419909168	-0.00280458054502	-0.0199093808692	0.019782688913	-0.0481128637872	0.0226430688549	-0.0113014810491	-0.04712955275	-0.0515366596643	1.0	-0.0173425914818	-0.0634607016307	-0.0188534614435	-0.00979188861572	-0.00703589525947	-0.00494383706378	0.0402860487786	0.0103890159233	-0.00273351828106	0.00824996381886	0.0217582350253	0.0614302214463	-0.0254222592509	-0.0568752345529	-0.0272596814256	-0.0250513633324	-0.0412844606763	-0.00480715889349	0.0131512359914	-0.0251904350497	0.0249553039104	-0.012591909861	0.00387928132824	0.006055015294	-0.0166493097986	-0.00549536003504	-0.00476550377719	-0.0302110348734	-0.0335816587251	-0.00593747040837	0.0285277229597	-0.00371347745559	0.000693944349424	0.0212428263481	-0.0191051540094	0.000489187204224	0.0668933938119	-0.0153807950639	-0.00378360836561	0.0873138341769	0.0112439527731	-0.0191198428296	0.00407066235146	0.0531626291285
k__Bacteria;p__Bacteroidetes;c__Bacteroidia;o__Bacteroidales;f__Bacteroidaceae;g__Bacteroides;s__Bacteroides_plebeius	0.0317200673748	0.00586910381987	-0.0804541372201	0.000747834745731	0.00991362070251	-0.0174990963088	0.0382201712983	-0.0111072906166	-0.0450228552843	-0.0316398980714	-0.0294088693634	-0.0114151877415	-0.0233868494081	0.0146635611694	-0.0173425914818	1.0	0.00142502167628	-0.0126910594059	0.00261767214089	0.0180638237178	0.0204067702099	-0.0214457602616	-0.0123565820027	-0.0153909862509	0.0497178412053	-0.00031308869319	0.0341160288665	0.0125512686272	-0.0326414948137	0.0230551254932	-0.0195915209425	-0.0866458005093	-0.0686409725087	0.00850827314927	0.0157578192706	-0.013499584663	0.00432572862264	-0.00410410179804	0.0372112014179	0.0218509392899	0.0665093688281	-0.0436603874813	0.0140535611104	-0.0640589782293	-0.000885080064746	0.0219012730565	-0.00085535212759	-0.0265338154316	-0.0323098212495	-0.0233202164639	0.0121467385021	-0.0194916450171	0.00502435158871	-0.000633598194647	0.0107735251078	0.052818583476	0.0710245850112	-0.00505550279586	-0.000455651627073
k__Bacteria;p__Bacteroidetes;c__Bacteroidia;o__Bacteroidales;f__Bacteroidaceae;g__Bacteroides;s__Bacteroides_fragilis	0.0384897799724	0.0135410690733	-0.0161169214572	0.0374046726907	-0.0279029576698	-0.0159824410429	-0.0397182705151	0.0013126408657	-0.026200228556	0.0305417632582	-0.0388335054021	0.0411807856203	0.0471310754567	-0.0197721034244	-0.0634607016307	0.00142502167628	1.0	0.0931622749182	-0.000320833880782	-0.0195552627722	-0.0246410041242	0.0150186945447	0.0213001299609	-0.0638911119795	-0.0147530610547	-0.066563580933	0.0234101330442	0.0369153125268	0.0375939419758	0.0134452114856	0.0149144124486	0.0205347559935	0.0304564340874	-0.071871304156	-0.00877809355909	0.02694195067	-0.0304879288244	-0.000444901008164	-0.0056194588788	0.0500380891458	0.00827928745694	-0.0476891888285	0.0197826026477	0.0262548014554	-0.0403357634635	-0.0128938708366	0.0139757826309	-0.0536526486933	0.0233125115205	-0.0696084870425	0.0206291821823	-0.0304486802226	-0.0270433539295	-0.00449288472527	-0.0139754481613	0.0250239075288	0.0131186027737	-0.0219416591615	0.0340028411229
k__Bacteria;p__Proteobacteria;c__Betaproteobacteria;o__Burkholderiales;f__Sutterellaceae;g__Sutterella;s__Sutterella_wadsworthensis	0.0294252726695	-0.0267288950761	0.0183209656608	-0.00438118819915	-0.0298541221254	0.0210365713533	-0.0207301327118	0.0150831357837	0.00418296885095	-0.0682277792067	-0.0134958406528	0.0371327929988	-0.00740676610697	0.00180539874223	-0.0188534614435	-0.0126910594059	0.0931622749182	1.0	-0.0010231267192	0.0168054084894	-0.0754071122858	0.0078341811147	0.0134496989357	-0.0125694317983	-0.0562894025956	-0.0155075488115	0.0366889488103	0.0189269386014	-0.00410538325774	-0.0173764311146	-0.0256805068029	-0.017566031412	-0.0373047063115	-0.0327243539935	0.0140584345775	-0.031438625008	0.0303414252721	-0.0358082501714	-0.0183470799252	-0.00703154019024	-0.0185106756296	-0.0181909803203	0.00195579839055	-0.0567463496829	-0.0290235397422	-0.0188011360693	-0.00857715518159	-0.0096061419147	-0.00401220381254	0.00501040709381	0.0457284254165	-0.0242439427342	-0.00238258360615	0.000971566772023	-0.00709458699927	-0.0101568885891	-0.00377607160483	-0.0432214716507	-0.0201371845193
k__Bacteria;p__Bacteroidetes;c__Bacteroidia;o__Bacteroidales;f__Porphyromonadaceae;g__Barnesiella;s__Barnesiella_intestinihominis	-0.0809252469361	0.0183251438327	0.0186926228344	0.00384984617822	-0.00263220935174	0.00705276477797	-0.0262207089219	-0.0941978682301	0.0196862563695	-0.0427777050556	-0.0364294560757	-0.0371066085268	0.0427479427839	-0.0698641951817	-0.00979188861572	0.00261767214089	-0.000320833880782	-0.0010231267192	1.0	-0.0136274851086	-0.0344511170492	-0.00120981725513	-0.0128550854726	0.0324974536216	0.014443608041	-0.00291905331955	0.0216908910691	-0.0453242282832	-0.0348710455533	-0.00416005383293	-0.00350850997392	0.00305991090969	0.0201702400787	-0.0253728669039	-0.0149525472151	-0.0167686485824	-0.0160177502988	-0.0216126851976	0.0173277633682	-0.00538230773011	-0.038047677882	0.00528824149221	-0.0340271472957	-0.0131156037211	0.00945395674692	0.0157161925427	0.0146772279829	-0.0111031047493	-0.0130782747847	0.0461153482648	-0.0210669494108	0.0362048372144	-0.0205836253128	-0.00521064395585	-0.0101440999946	0.0184728356645	-0.0369246144191	0.00746067002411	0.0170089057509
k__Bacteria;p__Bacteroidetes;c__Bacteroidia;o__Bacteroidales;f__Odoribacteraceae;g__Odoribacter;s__Odoribacter_splanchnicus	0.0049674283274	-0.00578344634487	0.0449879742436	-0.00085658998036	0.0276119871372	0.00620805016692	-0.0241904388741	-0.0787311908988	0.036265235917	-0.000100247139414	-0.0586238095069	-0.0332343880019	0.0156798127902	0.025979980077	-0.00703589525947	0.0180638237178	-0.0195552627722	0.0168054084894	-0.0136274851086	1.0	0.0242412736214	-0.0605798763375	-0.0136008525035	0.0314264549951	0.0270069066837	0.0111659021588	-0.00944241713024	-0.0125733654099	0.0260021513382	-0.0479808468132	-0.00897795920157	-0.00611868391584	-0.0381133654628	-0.0420500550466	0.00109799274233	0.0139407805081	-0.0256099712851	0.00714363501207	-0.0217418915211	0.0223111799674	0.0158675176943	0.0555834603164	0.00303166702095	-0.00475034738436	-0.0283033332582	-0.0641785418078	0.0305322719976	0.0383870389871	-0.00572480167486	0.0249572081316	-0.00184760351004	0.0130736919658	0.0257993123403	0.00689389891382	0.012098009221	0.0167430223231	-0.000919142988888	0.0367587906082	-0.00747787043319
k__Bacteria;p__Bacteroidetes;c__Bacteroidia;o__Bacteroidales;f__Bacteroidaceae;g__Bacteroides;s__Bacteroides_salyersiae	-0.018695748954	-0.0121959884074	-0.0280558307442	-0.0199733817668	0.00837883362492	-0.00572504832682	-0.0158289302105	0.0171958216911	-0.0325657820498	-0.01059601214	0.0135241935165	0.0273395790465	0.00579745910547	0.0657282490947	-0.00494383706378	0.0204067702099	-0.0246410041242	-0.0754071122858	-0.0344511170492	0.0242412736214	1.0	0.000687934670994	-0.0643930595264	0.0273263059753	-0.0357571937568	-0.0156021763761	0.00502764421892	-0.00761670867481	-0.029411178682	0.031453512141	0.0543839775979	-0.0759537136102	0.0366670565307	0.0366140408648	-0.0127411043134	-0.0303390071797	-0.0119746629118	-0.025562077568	0.0134196401012	-0.0121820278116	-0.0139736091313	0.00824888238567	-0.00423597185984	-0.00559461234517	0.0290240107248	-0.00463512522041	-0.0189015750007	0.0545513017055	-0.0661427312136	-0.0291285098329	-0.0266061501005	-0.0124174195745	-0.0516999232194	-0.00330557826171	-0.00637873230628	-0.0219317184273	-0.0529887537338	-0.022308583799	0.0186295525558
k__Bacteria;p__Firmicutes;c__Clostridia;o__Clostridiales;f__Ruminococcaceae;g__Ruminiclostridium;s__[Eubacterium]_siraeum	-0.0664677736638	0.00128632106506	-0.0332706741758	-0.00336127013551	0.00807586716784	0.00391580203238	-0.0239398304253	-0.0234997408435	0.0535827811611	-0.0501196396496	-0.0277258082157	-0.0178692860609	-0.0552142435965	0.0120954819511	0.0402860487786	-0.0214457602616	0.0150186945447	0.0078341811147	-0.00120981725513	-0.0605798763375	0.000687934670994	1.0	-0.003504110363	-0.0124494823641	0.0162961077244	0.0145389577111	-0.00162399741146	0.0344959235872	-0.0476483596857	-0.0234165437768	-0.00660732323086	-0.0575204472936	0.0106324437776	0.0134885139523	-0.100426693143	0.0303100707225	-0.0697072451497	-0.0239645751955	0.0213899048055	0.0265601769082	-0.00739252012312	-0.0081229005378	0.0157808716216	-0.0164671699092	8.04462422984e-05	0.0388484265535	0.0279106396843	-0.0803466646458	0.00494589127935	0.0267074740992	0.0177747938352	0.0345272967426	-0.0169980194624	0.0483835898492	-0.0253327912975	-0.0253911673752	0.0588621900704	-0.0147325850886	-0.0657079979246
k__Bacteria;p__Proteobacteria;c__Betaproteobacteria;o__Burkholderiales;f__Sutterellaceae;g__Parasutterella;s__Parasutterella_excrementihominis	-0.0151854391151	-0.0411149366813	0.0518071708717	-0.0107164284457	-0.0413380395784	-0.011114198756	0.0607624558871	0.0163048844478	-0.031109742263	-0.00696472320483	0.00681633879552	-0.0266414260887	0.0615099468465	-0.0183927094913	0.0103890159233	-0.0123565820027	0.0213001299609	0.0134496989357	-0.0128550854726	-0.0136008525035	-0.0643930595264	-0.003504110363	1.0	0.016690512687	0.00944013143361	0.0262210482877	0.0379607108796	0.000280100717474	0.0116345977514	-0.0365257940543	-0.0635762718022	0.0356218562644	-0.0755483103437	-0.0373581416712	-0.0146367865687	0.0104718417716	-0.0394497446469	0.00530015682878	0.00668116000205	0.0398564010077	-0.0457872261028	-0.0419944538359	-0.049242473276	-0.0375489466218	-0.0521455330958	0.00832679826654	-0.0274568572032	-0.0173596187065	0.0200745501442	-0.0892538022056	0.0333916386762	-0.0160861363941	0.0414301917323	0.00545660494003	0.0110052906456	-0.0201485102456	0.0146781345706	-0.00164133357047	0.0425168464924
k__Bacteria;p__Actinobacteria;c__Actinobacteria;o__Bifidobacteriales;f__Bifidobacteriaceae;g__Bifidobacterium;s__Bifidobacterium_adolescentis	0.0119642382704	0.0209604039442	-0.122045754164	-0.0476350634915	0.023643503349	-0.0106541964037	0.00391135538878	-0.00551686882671	0.0326546535557	0.0403744262092	-0.0067206569265	-0.0179575166247	-0.0166352163454	-0.0112706936359	-0.00273351828106	-0.0153909862509	-0.0638911119795	-0.0125694317983	0.0324974536216	0.0314264549951	0.0273263059753	-0.0124494823641	0.016690512687	1.0	-0.0352151556694	-0.0252425212164	0.0182840997252	0.0121650185718	0.00962622844417	0.0174016310596	0.0431472141075	-0.0319437016818	-0.0347048520598	0.00740619272227	-0.0189424866848	0.0509281255544	0.0495409438643	0.0236954742069	-0.0213814439109	-0.0437948581827	-0.032816255906	-0.016049409067	-0.0279625724345	-0.0284359389402	-0.0512568360331	0.0328286678932	-0.00601332273992	-0.00878766169954	-0.0144562810481	-0.0208037344784	-0.00186252565963	0.00968623196472	0.0476668198294	0.0161984801743	0.030996568549	-0.0365063705589	0.0147346473764	-0.0169266574064	-0.0354626984737
k__Bacteria;p__Firmicutes;c__Clostridia;o__Clostridiales;f__Oscillospiraceae;g__Oscillibacter;s__Oscillibacter_sp._KLE_1745	0.0371261353512	-0.0463682375775	-0.036788715265	-0.00142708093347	-0.0081302141805	0.0154802856698	0.0490694513562	-0.0631332286064	-0.0221651337677	0.0426822873935	-0.0171797655554	-0.00766183622678	-0.0352273686184	0.0336137944434	0.00824996381886	0.0497178412053	-0.0147530610547	-0.0562894025956	0.014443608041	0.0270069066837	-0.0357571937568	0.0162961077244	0.00944013143361	-0.0352151556694	1.0	0.0102911949367	0.0170029876673	0.0548429826961	-0.0463977600405	-0.0220508194573	0.00472547091628	-0.0169178548109	-0.0411441388505	-0.0125822166749	-0.032528742749	-0.0311501723743	-0.043114964301	-0.0731529047914	0.0141644832083	0.0146680942285	0.0224313852619	0.0163004557999	-0.0202952866501	-0.0155821405439	-0.0101318508343	0.0177491541266	-0.0196836944533	-0.0575750146248	0.0119539074841	-0.00793989956322	0.00268764921171	-0.029049358625	-0.0471607414037	-0.087159701336	-0.034401229079	0.0802355841131	-0.0473776309558	0.0583243037427	0.0333501677009
k__Bacteria;p__Bacteroidetes;c__Bacteroidia;o__Bacteroidales;f__Bacteroidaceae;g__Bacteroides;s__Bacteroides_coprophilus	-0.0186792519192	-0.0740079914193	-0.0425383724343	-0.010739739412	-0.0653932168063	0.0387651285132	0.0172885260412	0.0156121170095	-0.0438288642137	-0.0204643830436	-0.00805200506483	-0.0433053370348	-0.00573889779944	0.0245239667534	0.0217582350253	-0.00031308869319	-0.066563580933	-0.0155075488115	-0.00291905331955	0.0111659021588	-0.0156021763761	0.0145389577111	0.0262210482877	-0.0252425212164	0.0102911949367	1.0	-0.00415318476762	-0.0314939788751	0.0430580816203	-0.0201966722293	-0.0402820713283	-0.0482449923841	-0.0313547124464	-0.0846974310586	0.084060225718	-0.0151314999084	-0.0131473162603	0.0240580345548	-0.0193758945134	0.0133233084618	0.00731194014236	-0.00875954677268	0.00646992309721	0.0238768244942	0.031129557076	0.012132877228	-0.00648978771575	-0.0653268888702	0.0423344036553	0.0471916865266	0.0550488448611	0.00794983399412	0.0402014948621	0.000609995820581	0.000281820868456	0.00307116351062	0.0614683612862	-0.0669540269061	-0.042360528286
k__Bacteria;p__Firmicutes;c__Clostridia;o__Clostridiales;f__Lachnospiraceae;g__Roseburia;s__Roseburia_intestinalis	-0.0368935895141	0.0054211494384	-0.0661821276856	0.0573029209635	-0.0177473192255	-0.0102727918059	0.0200883373991	-0.0399099031455	0.00583241980939	0.0363057670391	0.04740299175	-0.0225091915936	-0.0180766699909	-0.0136087965241	0.0614302214463	0.0341160288665	0.0234101330442	0.0366889488103	0.0216908910691	-0.00944241713024	0.00502764421892	-0.00162399741146	0.0379607108796	0.0182840997252	0.0170029876673	-0.00415318476762	1.0	-0.0593875917212	0.00250410088869	-0.0146958383599	0.0163242323951	-0.0202552624814	-0.0321175498814	0.00752902904995	-0.0436352054389	0.00809290089879	-0.0300984932809	-0.0203423467982	0.0265667122059	-0.0141743541076	-0.0624311747116	-0.00510917153827	-0.09817278926	0.0511849437891	0.0018429976349	-0.0678820118265	-0.00748050274822	0.00123841632	-0.0324349769878	-0.0366838488729	-0.0307228318005	-0.0478717894206	-0.00153017844759	-0.0610311346937	-0.03732423543	0.0311678725626	-0.0129741468744	-0.0313960048844	-0.00953105475414
k__Bacteria;p__Firmicutes;c__Clostridia;o__Clostridiales;f__Lachnospiraceae;g__Roseburia;s__Roseburia_hominis	-0.0407895559499	-0.00867639740123	0.0300460080325	0.00800954858369	0.0114751090443	-0.00789504539341	0.0280715358822	-0.0269543764462	0.0297027050001	-0.0315786930395	-0.0188495781358	-0.00672712945474	-0.0575247130083	0.00253814794666	-0.0254222592509	0.0125512686272	0.0369153125268	0.0189269386014	-0.0453242282832	-0.0125733654099	-0.00761670867481	0.0344959235872	0.000280100717474	0.0121650185718	0.0548429826961	-0.0314939788751	-0.0593875917212	1.0	-0.00996773732797	-0.0346876399861	-0.0143909362137	-0.0469057245	0.0151217321603	-0.0288064419077	-0.0800594131346	0.0179891427384	-0.019088983947	-0.0252386457891	0.00287916306974	0.027715963959	0.000412040510407	-0.011783987736	-0.0356146378217	-0.0269214151849	0.0344347895675	-0.0556871879065	0.0109710985973	0.0339277614068	-0.019990517758	-0.00907119847801	0.0411402937084	0.0286490114903	0.0263648375041	-0.00469168733907	-0.0138000013442	-0.0149160038054	0.0203922909771	-0.0224062035511	0.0175436652018
k__Bacteria;p__Bacteroidetes;c__Bacteroidia;o__Bacteroidales;f__Porphyromonadaceae;g__Parabacteroides;s__Parabacteroides_johnsonii	0.0750093737142	0.0208704804805	0.0512211704332	-0.0784091941361	-0.0187213836698	-0.0147449838084	0.00252998652755	-0.00170501436462	0.0119852571478	0.0145439366136	0.0564469810955	-0.0238253244204	-0.0463660703801	0.0138285511714	-0.0568752345529	-0.0326414948137	0.0375939419758	-0.00410538325774	-0.0348710455533	0.0260021513382	-0.029411178682	-0.0476483596857	0.0116345977514	0.00962622844417	-0.0463977600405	0.0430580816203	0.00250410088869	-0.00996773732797	1.0	-0.0711863429607	0.013844751539	0.0137679908676	-0.0765996333419	-0.0640534864176	-0.00658618417405	-0.0139735794857	-0.00901939828957	-0.0225536830068	0.0382827344602	0.00122495394454	-0.0180429188386	-0.00823932491938	-0.00864834044756	-0.0267202118857	0.00196966203327	-0.00945609127798	-0.00324689402777	-0.0365170962861	0.0133930312505	-0.0519771220974	0.0319496550388	0.0296247666194	0.0185916107654	0.0353346219874	-0.0370241221564	-0.0073635936519	0.0187496295161	-0.0638683754578	0.0256668377581
k__Bacteria;p__Actinobacteria;c__Actinobacteria;o__Bifidobacteriales;f__Bifidobacteriaceae;g__Bifidobacterium;s__Bifidobacterium_longum	-0.0333524808695	0.020740285045	-0.0543234781624	0.00188518420902	-0.0238675991092	-0.0370402852509	0.0299905170992	-0.0357151749031	-0.044034573511	0.0484275612799	0.0155987053404	-0.0135183087448	0.0164785627195	0.00443499362974	-0.0272596814256	0.0230551254932	0.0134452114856	-0.0173764311146	-0.00416005383293	-0.0479808468132	0.031453512141	-0.0234165437768	-0.0365257940543	0.0174016310596	-0.0220508194573	-0.0201966722293	-0.0146958383599	-0.0346876399861	-0.0711863429607	1.0	0.00292821473049	0.00322189236678	0.0366892750135	-0.0196546342567	-0.0105015646289	-0.0116823475827	0.0084582239646	-0.0586102770952	-0.0111845082435	-0.00271800916358	-0.0531082205831	-0.0230328429335	-0.0296575305286	-0.0380029377866	-0.019389533514	0.0425119773681	0.0350466539107	-0.0287974099507	-0.037514797231	-0.00778108773194	-0.0358320495887	-0.037416531691	0.0280900277993	-0.0100962175814	0.0649978169243	-0.0306676230148	0.0380168961829	-0.0286391452713	-0.005563567454
