#taxonomy	k__Bacteria;p__Bacteroidetes;c__Bacteroidia;o__Bacteroidales;f__Bacteroidaceae;g__Bacteroides;s__Bacteroides_vulgatus	k__Bacteria;p__Bacteroidetes;c__Bacteroidia;o__Bacteroidales;f__Bacteroidaceae;g__Bacteroides;s__Bacteroides_uniformis	k__Bacteria;p__Bacteroidetes;c__Bacteroidia;o__Bacteroidales;f__Rikenellaceae;g__Alistipes;s__Alistipes_putredinis	k__Bacteria;p__Bacteroidetes;c__Bacteroidia;o__Bacteroidales;f__Prevotellaceae;g__Prevotella;s__Prevotella_copri	k__Bacteria;p__Bacteroidetes;c__Bacteroidia;o__Bacteroidales;f__Bacteroidaceae;g__Bacteroides;s__Bacteroides_stercoris	k__Bacteria;p__Bacteroidetes;c__Bacteroidia;o__Bacteroidales;f__Bacteroidaceae;g__Bacteroides;s__Bacteroides_ovatus	k__Bacteria;p__Bacteroidetes;c__Bacteroidia;o__Bacteroidales;f__Rikenellaceae;g__Alistipes;s__Alistipes_shahii	k__Bacteria;p__Firmicutes;c__Clostridia;o__Clostridiales;f__Ruminococcaceae;g__Faecalibacterium;s__Faecalibacterium_prausnitzii	k__Bacteria;p__Bacteroidetes;c__Bacteroidia;o__Bacteroidales;f__Rikenellaceae;g__Alistipes;s__Alistipes_finegoldii	k__Bacteria;p__Bacteroidetes;c__Bacteroidia;o__Bacteroidales;f__Porphyromonadaceae;g__Parabacteroides;s__Parabacteroides_distasonis	k__Bacteria;p__Bacteroidetes;c__Bacteroidia;o__Bacteroidales;f__Bacteroidaceae;g__Bacteroides;s__Bacteroides_thetaiotaomicron	k__Bacteria;p__Bacteroidetes;c__Bacteroidia;o__Bacteroidales;f__Bacteroidaceae;g__Bacteroides;s__Bacteroides_coprocola	k__Bacteria;p__Bacteroidetes;c__Bacteroidia;o__Bacteroidales;f__Bacteroidaceae;g__Bacteroides;s__Bacteroides_cellulosilyticus	k__Bacteria;p__Bacteroidetes;c__Bacteroidia;o__Bacteroidales;f__Rikenellaceae;g__Alistipes;s__Alistipes_obesi	k__Bacteria;p__Firmicutes;c__Clostridia;o__Clostridiales;f__Lachnospiraceae;g__;s__[Eubacterium]_rectale	k__Bacteria;p__Bacteroidetes;c__Bacteroidia;o__Bacteroidales;f__Bacteroidaceae;g__Bacteroides;s__Bacteroides_plebeius	k__Bacteria;p__Bacteroidetes;c__Bacteroidia;o__Bacteroidales;f__Bacteroidaceae;g__Bacteroides;s__Bacteroides_fragilis	k__Bacteria;p__Proteobacteria;c__Betaproteobacteria;o__Burkholderiales;f__Sutterellaceae;g__Sutterella;s__Sutterella_wadsworthensis	k__Bacteria;p__Bacteroidetes;c__Bacteroidia;o__Bacteroidales;f__Porphyromonadaceae;g__Barnesiella;s__Barnesiella_intestinihominis	k__Bacteria;p__Bacteroidetes;c__Bacteroidia;o__Bacteroidales;f__Odoribacteraceae;g__Odoribacter;s__Odoribacter_splanchnicus	k__Bacteria;p__Bacteroidetes;c__Bacteroidia;o__Bacteroidales;f__Bacteroidaceae;g__Bacteroides;s__Bacteroides_salyersiae	k__Bacteria;p__Firmicutes;c__Clostridia;o__Clostridiales;f__Ruminococcaceae;g__Ruminiclostridium;s__[Eubacterium]_siraeum	k__Bacteria;p__Proteobacteria;c__Betaproteobacteria;o__Burkholderiales;f__Sutterellaceae;g__Parasutterella;s__Parasutterella_excrementihominis	k__Bacteria;p__Actinobacteria;c__Actinobacteria;o__Bifidobacteriales;f__Bifidobacteriaceae;g__Bifidobacterium;s__Bifidobacterium_adolescentis	k__Bacteria;p__Firmicutes;c__Clostridia;o__Clostridiales;f__Oscillospiraceae;g__Oscillibacter;s__Oscillibacter_sp._KLE_1745	k__Bacteria;p__Bacteroidetes;c__Bacteroidia;o__Bacteroidales;f__Bacteroidaceae;g__Bacteroides;s__Bacteroides_coprophilus	k__Bacteria;p__Firmicutes;c__Clostridia;o__Clostridiales;f__Lachnospiraceae;g__Roseburia;s__Roseburia_intestinalis	k__Bacteria;p__Firmicutes;c__Clostridia;o__Clostridiales;f__Lachnospiraceae;g__Roseburia;s__Roseburia_hominis	k__Bacteria;p__Bacteroidetes;c__Bacteroidia;o__Bacteroidales;f__Porphyromonadaceae;g__Parabacteroides;s__Parabacteroides_johnsonii	k__Bacteria;p__Actinobacteria;c__Actinobacteria;o__Bifidobacteriales;f__Bifidobacteriaceae;g__Bifidobacterium;s__Bifidobacterium_longum	k__Bacteria;p__Firmicutes;c__Clostridia;o__Clostridiales;f__;g__Flavonifractor;s__Flavonifractor_plautii	k__Bacteria;p__Firmicutes;c__Clostridia;o__Clostridiales;f__Clostridiaceae;g__Clostridium;s__Clostridium_phoceensis	k__Bacteria;p__Verrucomicrobia;c__Verrucomicrobiae;o__Verrucomicrobiales;f__Akkermansiaceae;g__Akkermansia;s__Akkermansia_muciniphila	k__Bacteria;p__Bacteroidetes;c__Bacteroidia;o__Bacteroidales;f__Prevotellaceae;g__Paraprevotella;s__Paraprevotella_xylaniphila	k__Bacteria;p__Firmicutes;c__Clostridia;o__Clostridiales;f__Ruminococcaceae;g__Ruminococcus;s__Ruminococcus_callidus	k__Bacteria;p__Bacteroidetes;c__Bacteroidia;o__Bacteroidales;f__Rikenellaceae;g__Alistipes;s__Alistipes_senegalensis	k__Bacteria;p__Firmicutes;c__Clostridia;o__Clostridiales;f__Lachnospiraceae;g__Blautia;s__Blautia_sp._KLE_1732	k__Bacteria;p__Bacteroidetes;c__Bacteroidia;o__Bacteroidales;f__Bacteroidaceae;g__Bacteroides;s__Bacteroides_oleiciplenus	k__Bacteria;p__Firmicutes;c__Clostridia;o__Clostridiales;f__Ruminococcaceae;g__Ruminococcus;s__Ruminococcus_bicirculans	k__Bacteria;p__Bacteroidetes;c__Bacteroidia;o__Bacteroidales;f__Bacteroidaceae;g__Bacteroides;s__Bacteroides_fluxus	k__Bacteria;p__Bacteroidetes;c__Bacteroidia;o__Bacteroidales;f__Prevotellaceae;g__Prevotella;s__Prevotella_stercorea	k__Bacteria;p__Firmicutes;c__Clostridia;o__Clostridiales;f__Lachnospiraceae;g__Dorea;s__Dorea_longicatena	k__Bacteria;p__Firmicutes;c__Clostridia;o__Clostridiales;f__Eubacteriaceae;g__Eubacterium;s__[Eubacterium]_eligens	k__Bacteria;p__Firmicutes;c__Clostridia;o__Clostridiales;f__Ruminococcaceae;g__;s__Ruminococcaceae_bacterium_D16	k__Bacteria;p__Firmicutes;c__Clostridia;o__Clostridiales;f__Lachnospiraceae;g__Coprococcus;s__Coprococcus_comes	k__Bacteria;p__Proteobacteria;c__Gammaproteobacteria;o__Enterobacterales;f__Enterobacteriaceae;g__Escherichia;s__Escherichia_coli	k__Bacteria;p__Firmicutes;c__Clostridia;o__Clostridiales;f__Ruminococcaceae;g__Anaerotruncus;s__Anaerotruncus_colihominis	k__Bacteria;p__Firmicutes;c__Clostridia;o__Clostridiales;f__Lachnospiraceae;g__Blautia;s__Blautia_obeum	k__Bacteria;p__Bacteroidetes;c__Bacteroidia;o__Bacteroidales;f__Odoribacteraceae;g__Odoribacter;s__Odoribacter_laneus	k__Bacteria;p__Firmicutes;c__Clostridia;o__Clostridiales;f__Ruminococcaceae;g__Ruminiclostridium;s__[Clostridium]_leptum	k__Bacteria;p__Bacteroidetes;c__Bacteroidia;o__Bacteroidales;f__Porphyromonadaceae;g__Parabacteroides;s__Parabacteroides_goldsteinii	k__Bacteria;p__Firmicutes;c__Clostridia;o__Clostridiales;f__Lachnospiraceae;g__Anaerostipes;s__Anaerostipes_hadrus	k__Bacteria;p__Firmicutes;c__Clostridia;o__Clostridiales;f__Ruminococcaceae;g__Ruminococcus;s__Ruminococcus_lactaris	k__Bacteria;p__Firmicutes;c__Clostridia;o__Clostridiales;f__Clostridiaceae;g__Clostridium;s__Clostridium_sp._L2-50	k__Bacteria;p__Firmicutes;c__Clostridia;o__Clostridiales;f__Clostridiaceae;g__Clostridium;s__Clostridium_sp._M62/1	k__Bacteria;p__Firmicutes;c__Clostridia;o__Clostridiales;f__;g__Intestinimonas;s__Intestinimonas_butyriciproducens	k__Bacteria;p__Actinobacteria;c__Actinobacteria;o__Bifidobacteriales;f__Bifidobacteriaceae;g__Bifidobacterium;s__Bifidobacterium_bifidum	k__Bacteria;p__Firmicutes;c__Negativicutes;o__Veillonellales;f__Veillonellaceae;g__Dialister;s__Dialister_invisus	k__Bacteria;p__Bacteroidetes;c__Bacteroidia;o__Bacteroidales;f__Bacteroidaceae;g__Bacteroides;s__Bacteroides_salanitronis
k__Bacteria;p__Bacteroidetes;c__Bacteroidia;o__Bacteroidales;f__Bacteroidaceae;g__Bacteroides;s__Bacteroides_vulgatus	1.0	0.0527308151025	-0.0336856287831	-0.0116253550674	-0.0283712887109	-0.00156840271809	0.0127182423477	-0.075178079624	-0.0620668052775	0.0277899000695	0.0326910874444	-0.0593820395179	0.00045446869478	-0.0480236618617	-0.0337469980162	0.00540533259648	0.0247666514915	-0.0480087380191	-0.0355726100391	0.017483094172	-0.0313738539915	-0.0583979195869	-0.0402601510474	-0.0169896576356	0.0162052784402	-0.0640696966003	0.0199239306337	-0.0123987075457	0.0219243767789	-0.0170751721399	-0.00837518506873	0.0362194742382	0.00958272309598	-0.0229214877458	0.0151066260587	-0.0257845552738	0.0329295935687	-0.00107424231267	-0.00999291819268	0.0259438491592	-0.0366598805679	-0.0372710551579	-0.0087440668896	0.0179626711789	-0.0391656057621	0.0516311645674	-0.0192612862666	-0.01268519268	0.0750762535056	-0.0347597568632	0.0382069479355	0.0772838389819	-0.00694874667399	0.0216808952775	-0.0323196545941	-0.0102386072865	-0.0215588939398	-0.0641830520885	0.0398337052348
k__Bacteria;p__Bacteroidetes;c__Bacteroidia;o__Bacteroidales;f__Bacteroidaceae;g__Bacteroides;s__Bacteroides_uniformis	0.0527308151025	1.0	0.00265423639422	0.0360996918884	0.0499065378553	0.0149796055937	0.0484139579375	-0.0250957695775	-0.0115900994171	-0.0279354576804	0.0143877457587	0.0199349145019	-0.0392541634499	-0.0206178082873	0.0226833426475	0.0188415222506	-0.0716249160432	-0.0211509788872	0.0696153329676	0.011827560313	0.0164598931342	-0.0631277491214	0.0349130201851	-0.0189727182443	-0.0332613745236	0.0376542088062	-0.026416794046	-0.0632821441746	-0.0381455997155	0.00147512341987	-0.0347797430085	-0.0356462217455	-0.0106764724761	0.0250756628857	-0.0534778738248	-0.013392016593	0.0379004475321	0.00503850835017	-0.0172314134085	0.000437821435643	0.000572728832878	-0.0430172312299	-0.00279175778319	-0.0202409483948	0.0184417350052	0.0124836400607	-0.0238911276117	0.00237583883114	0.0300362294188	0.0159226401978	-0.0610520366975	-0.00678042202496	-0.0220443670271	0.0162817883489	-0.0141529906448	-0.050839148242	0.0362074161661	-0.0140012119862	0.026533419909
k__Bacteria;p__Bacteroidetes;c__Bacteroidia;o__Bacteroidales;f__Rikenellaceae;g__Alistipes;s__Alistipes_putredinis	-0.0336856287831	0.00265423639422	1.0	0.00967453666352	0.0121372741038	-0.0399961098923	0.0105509235838	-0.0162501159007	-0.0461128366605	-0.0154395451824	-0.0245636858346	-0.0161303929892	0.0644720326363	0.0521968283244	-0.0817349839093	0.0371241905196	-0.0456186143216	0.0653793324854	-0.0808097503874	-0.000816335070696	0.0133540203133	0.00158747697895	0.0452619191429	-0.0105295278581	0.00955328550223	-0.0931259183849	-0.0490265002004	-0.0423613961527	-0.0259782906689	0.0148921332881	-0.0403938931086	-0.00439091862577	-0.0488220395506	0.0140208116822	-0.0546969314067	-0.0635463211797	-0.0336736293707	0.011782943137	-0.0104359755792	-0.000547003134333	0.0110167368416	0.0671053211285	0.0196096963274	0.00233704590782	0.00285884743569	-0.011327686119	-0.0207898503092	-0.032710188615	0.014512303055	0.00166497759632	0.0154730495925	0.00862931759006	-0.0273912821756	0.00707306451929	0.0110209156114	-0.0267358801595	-0.0422936439666	0.0120411030782	0.00324093970412
k__Bacteria;p__Bacteroidetes;c__Bacteroidia;o__Bacteroidales;f__Prevotellaceae;g__Prevotella;s__Prevotella_copri	-0.0116253550674	0.0360996918884	0.00967453666352	1.0	-0.00881380627104	-0.0168195707973	-0.00439438879106	0.0258950390732	-0.0242464451218	-0.0196481755883	0.0210616153126	0.0108094047571	-0.0591773163267	0.0395257358445	-0.0348925395303	0.0152439178754	-0.0118262764156	0.0219266467865	0.0219948180511	-0.0351671481609	0.0245186605619	-0.0262307496573	0.0505524869237	0.00815196602119	-0.0142191576643	-0.059697326212	0.037293030343	0.047528632536	5.41609828254e-05	-0.0456410464697	-0.018276915055	0.0387810419077	-0.0319882859293	0.0469950805883	-0.0129512427786	-0.0508270228046	0.022224204878	-0.0423174233177	-0.0402639241012	0.0284258204348	-0.0344886546562	-0.0379613803277	0.0164600966996	0.0284846720335	-0.028395011563	0.0710027463685	-0.0334322098092	-0.00443265319084	-0.0197981991472	-0.0267452668691	0.00317577663997	-0.0155682527488	0.00126460816165	-0.0190903187268	-0.0226946262514	0.00628548428149	-0.0283079079516	0.0174492363287	0.0170705132772
k__Bacteria;p__Bacteroidetes;c__Bacteroidia;o__Bacteroidales;f__Bacteroidaceae;g__Bacteroides;s__Bacteroides_stercoris	-0.0283712887109	0.0499065378553	0.0121372741038	-0.00881380627104	1.0	0.041209059122	-0.00700527551702	-0.0178046164372	-0.0798637607976	0.0232691523735	0.0562888756527	0.0013712530975	0.00671094685071	-0.0181018853212	-0.0142142794354	-0.00662697034798	0.0279848576197	-0.0130250037942	-0.0494408221287	0.00661272747188	-0.0164881071855	0.0100195098514	0.0211431695267	0.0115896795004	-0.0175241662394	-0.0247070376416	-0.0310901692666	-0.0293530522788	0.0192913767569	-0.00733025751223	-0.0285578014483	-0.00539922615981	-0.046038491974	0.0152569452214	-0.0222291538997	-0.0384774736026	0.0214362000085	0.00535332758331	-0.0362393398785	-0.031764685273	-0.0110796021556	-0.013294925987	-0.021042253905	0.0351103191312	-0.0847149466965	-0.00141768325995	0.0318081759324	-0.0177637376848	0.055046048616	-0.0495818078932	-0.0425235727535	-0.0569015624311	-0.0014228553934	0.00813961226181	0.00906072330816	-0.0552642718641	-0.00475048781503	0.000724359689518	-0.00897578547666
k__Bacteria;p__Bacteroidetes;c__Bacteroidia;o__Bacteroidales;f__Bacteroidaceae;g__Bacteroides;s__Bacteroides_ovatus	-0.00156840271809	0.0149796055937	-0.0399961098923	-0.0168195707973	0.041209059122	1.0	-0.0322104813548	0.00445115518141	-0.0460064010045	-0.026095318965	0.0369198116214	0.000306073985074	0.0137749567239	-0.0247093963829	0.00497620091026	-0.0891183615424	-0.00146313119518	0.0226725066273	-0.0367627420857	-0.0450211480748	-0.00454107378776	-0.0018674912688	-0.0397119837544	-0.0195910954709	0.00318653717603	-0.0441464557052	-0.0318617380361	0.030103024737	0.0187946704152	-0.0140110930149	0.0201739903176	0.0106617748872	-0.0693145588053	-0.00594365947014	-0.0777202737156	0.0291517667159	-0.00465073360273	-0.02413437423	-0.0280153371459	0.00916404953659	0.0430662509747	0.00440752261571	-0.0241178216569	0.0212971599894	-0.0276011176074	0.00234049973813	-0.039583616283	-0.036653936637	0.00420312157287	0.017134169192	0.0668925773235	-0.0215153440698	0.00486676054095	-0.0579690199846	-0.0333185459648	-0.0334914962124	0.0590025221356	-0.0269806164518	0.00477601653374
k__Bacteria;p__Bacteroidetes;c__Bacteroidia;o__Bacteroidales;f__Rikenellaceae;g__Alistipes;s__Alistipes_shahii	0.0127182423477	0.0484139579375	0.0105509235838	-0.00439438879106	-0.00700527551702	-0.0322104813548	1.0	-0.0245162404288	0.0334072177399	-0.0220081383665	0.0327152356486	-0.0301253472689	0.00207769664757	-0.0392336826676	0.0259596630998	0.0335171425244	-0.062928229034	0.00698396082988	0.0279260896954	0.0430007781566	-0.0114265639509	0.00689809634899	-0.0152888614274	0.00116829171024	-0.0244752517369	-0.00396682412248	-0.0107475533499	-0.0282419810199	-0.0341593592067	0.0263006782891	-0.00903090199101	-0.0438307050403	0.0191245066166	0.017047379427	0.0211494103109	0.0509548855998	-0.0443572025805	-0.031871795823	-0.00121101418466	-0.0169191839359	0.0364745353619	0.029472657152	-0.00423393748647	0.0472828240527	0.0123797480811	0.0259863590964	-0.0111322090406	-0.00621193693505	0.0317950302119	-0.0142485611658	-0.0241027760043	-0.00624259752614	-0.00863635013234	-0.0521251949101	0.00780321699536	-0.00234199947776	-0.0208615940189	-0.0101365026717	0.0361876372166
k__Bacteria;p__Firmicutes;c__Clostridia;o__Clostridiales;f__Ruminococcaceae;g__Faecalibacterium;s__Faecalibacterium_prausnitzii	-0.075178079624	-0.0250957695775	-0.0162501159007	0.0258950390732	-0.0178046164372	0.00445115518141	-0.0245162404288	1.0	0.0289074160216	0.0044691669693	-0.0366169868014	0.0353492697865	-0.0319777347282	0.03728479342	-3.79691438178e-05	0.0409367912246	0.0163382743837	0.0603038222492	0.000889997554404	-0.0303399497996	0.0434825978582	-0.0340562750757	0.000854878491407	0.000742785219388	-0.031823260113	-0.00721463046958	-0.0720101622788	0.012015646578	-0.000452493205781	-0.0402025329827	-0.00830334543562	-0.0175799887457	-0.0614291934611	-0.0305923975389	0.00626430103065	0.00179180695486	-0.000832401205422	0.00695120965587	0.0394572460827	-0.0272680849125	-0.00379752567049	-0.0271990223658	0.0197065175943	-0.0309312756342	0.007296733755	-0.00729775507521	0.0211317318672	0.0197169554907	0.0427478103068	-0.00548693170966	0.00426274600652	-0.0195820292637	0.0256779150331	-0.0093115919048	-0.0531609145348	-0.0183039694127	-0.0418440784404	-0.039370702209	0.00132427134571
k__Bacteria;p__Bacteroidetes;c__Bacteroidia;o__Bacteroidales;f__Rikenellaceae;g__Alistipes;s__Alistipes_finegoldii	-0.0620668052775	-0.0115900994171	-0.0461128366605	-0.0242464451218	-0.0798637607976	-0.0460064010045	0.0334072177399	0.0289074160216	1.0	-0.00707393241706	-0.0294412551198	-0.0327341894609	-0.00620823700807	0.00524596772555	0.0245094029138	-0.022579167189	-0.029984368052	-0.0696453520946	-0.0271965420602	0.0248228309345	-0.0159763350124	-0.0195745178632	0.017052078897	0.0432901467319	-0.0072718288524	-0.0146574146563	0.00484632589336	0.0551050325425	-0.0116880080506	-0.0296267272963	0.0307539067784	0.0113456944806	0.014373225723	-0.0158951735804	-0.00659221505705	-0.0270515257689	0.0361611522488	0.0126526244683	0.00422532107062	-0.0188944849599	-0.0609553519138	0.0513933009319	0.0362631850834	-0.0326124942822	0.011008122495	0.0131280249373	-0.0310409785447	-0.00873067517056	0.011448066917	0.0216254333123	-0.0557257266809	0.0375777924641	-0.00748683098886	-0.00190587264549	-0.00565983872137	0.0208288586811	-0.0140954757601	-0.0598316833904	-0.0122136655058
k__Bacteria;p__Bacteroidetes;c__Bacteroidia;o__Bacteroidales;f__Porphyromonadaceae;g__Parabacteroides;s__Parabacteroides_distasonis	0.0277899000695	-0.0279354576804	-0.0154395451824	-0.0196481755883	0.0232691523735	-0.026095318965	-0.0220081383665	0.0044691669693	-0.00707393241706	1.0	-0.0194646054177	-0.0390253395397	0.0107586373534	-0.00298387751015	-0.0102695378243	-0.0650072574889	-0.00360304390547	-0.0189960546669	0.00726224252144	-0.0327023945729	-0.0226661105387	-0.0140843340864	-0.0619135668533	-0.00690970191341	0.0295233011353	0.00233592591552	0.0140896338452	-0.0260008742245	0.0196376153346	0.00395163156069	-0.0323271978812	0.0194052440782	-0.0128264766372	0.0504981251921	-0.0377303702951	-0.025183734998	-0.0314485925019	-0.0334450827957	0.00275191894472	0.0598337420174	0.00278941525378	0.0124866577165	-0.0244000362788	0.0131101582152	0.0061067923007	-0.00752416739242	0.0107870089171	-0.0221141681524	-0.0212582894297	-0.0457910434988	0.0173741265594	-0.0271919717286	-0.0160266173088	0.0211820531473	0.0149703306664	0.00055529181905	-0.0265270440494	-0.01005570105	-0.00895996174588
k__Bacteria;p__Bacteroidetes;c__Bacteroidia;o__Bacteroidales;f__Bacteroidaceae;g__Bacteroides;s__Bacteroides_thetaiotaomicron	0.0326910874444	0.0143877457587	-0.0245636858346	0.0210616153126	0.0562888756527	0.0369198116214	0.0327152356486	-0.0366169868014	-0.0294412551198	-0.0194646054177	1.0	-0.056397658884	-0.0260273743091	-0.0431641366713	0.0391811083927	0.00129843271647	0.0362021558857	-0.0167025173832	-0.0364125179312	-0.0117970124098	0.00993012852911	-0.0201439831458	-0.0367247281908	-0.0402187258159	0.0276110313675	-0.0104576907727	-0.00780053254858	-0.0388161894869	-0.0199693518049	0.00796764295904	-0.047044445513	0.0331067793674	0.0342842882417	-0.0538268193826	0.0294517252389	-0.0491673553243	0.00421431188524	0.00535347551655	-0.0206008565144	-0.00809553367429	0.037134152693	0.0222828144449	0.000402461462414	0.0306152838777	0.0171671899454	-0.029449089887	0.0479735391409	0.0176147933688	0.0174898890365	0.0376402857376	-0.0504548264568	-0.00660243257536	0.0549012655582	-0.0909396349225	0.00840857262467	-0.00829424392953	0.000937352949831	0.000222096763869	-0.00395922978312
k__Bacteria;p__Bacteroidetes;c__Bacteroidia;o__Bacteroidales;f__Bacteroidaceae;g__Bacteroides;s__Bacteroides_coprocola	-0.0593820395179	0.0199349145019	-0.0161303929892	0.0108094047571	0.0013712530975	0.000306073985074	-0.0301253472689	0.0353492697865	-0.0327341894609	-0.0390253395397	-0.056397658884	1.0	-0.0713841642094	-0.0268236085969	-0.00371747701688	-0.000423693742317	0.0170387720419	-0.00547656659937	-0.0249543037158	-0.048966538956	0.0254448004985	-0.00887509361439	0.0511345783929	0.0243770408732	0.0579027390531	0.0200746946706	-0.00614447693548	-0.00562380356726	0.0044718976593	0.00960796586207	-0.0556374320153	-0.0067139868035	0.0326583227528	0.00109099659238	-0.019639209326	0.0211939723953	0.0164512741673	-0.0748560302904	0.0578364141731	0.0513737086967	0.00552585732752	0.00846146650081	-0.0279177145207	-0.0310039909603	-0.0494734995324	-0.00694497083259	-0.0117300335848	0.0394589628005	-0.0280236213407	-0.0401321550822	-0.0130699273005	-0.0160615511958	0.00915189340518	-0.0205417755032	0.0430035964711	0.00617014709948	-0.0607471550589	-0.0265204223827	-0.0462736689616
k__Bacteria;p__Bacteroidetes;c__Bacteroidia;o__Bacteroidales;f__Bacteroidaceae;g__Bacteroides;s__Bacteroides_cellulosilyticus	0.00045446869478	-0.0392541634499	0.0644720326363	-0.0591773163267	0.00671094685071	0.0137749567239	0.00207769664757	-0.0319777347282	-0.00620823700807	0.0107586373534	-0.0260273743091	-0.0713841642094	1.0	-0.0261110801094	-0.0191728776351	0.0452652015391	0.0158833645061	0.00629937569671	-0.0385606737292	-0.0361633722865	0.0339320453407	-0.0267390444779	0.0731962084066	-0.0367217462841	-0.0504279519544	0.0720491151609	-0.0605927829387	-0.015908571508	-0.049655987065	0.022472700263	0.0339175730769	-0.00916924389249	-0.0316999614945	0.0584112833862	-0.083838416889	0.0155718031855	-0.0186637513572	-0.00410455320065	-0.0121961882449	0.00894433016385	-0.0651627568351	-0.0202443250968	0.0108912676537	-0.00175176382048	-0.0252797251209	0.00878412420379	-0.0443128892713	-0.0483695902635	-0.0299988970171	-0.0147390455944	0.000960610882094	0.00175319197364	-0.0204621090614	0.0115087470894	0.00979771693791	-0.00774944905206	0.0601660735324	0.0125377193664	-0.00290344411142
k__Bacteria;p__Bacteroidetes;c__Bacteroidia;o__Bacteroidales;f__Rikenellaceae;g__Alistipes;s__Alistipes_obesi	-0.0480236618617	-0.0206178082873	0.0521968283244	0.0395257358445	-0.0181018853212	-0.0247093963829	-0.0392336826676	0.03728479342	0.00524596772555	-0.00298387751015	-0.0431641366713	-0.0268236085969	-0.0261110801094	1.0	-0.0562569625084	-0.0187300819018	0.0304810961695	-0.0352354231049	0.0164226369163	-0.00302812801371	0.0286208679812	-0.00854356470734	0.0129865871492	-0.00102991759944	-0.0428617012256	-0.0725349009052	-0.0286071721957	-0.0571483807919	0.0165273640161	0.0195060640895	0.0173552608069	-0.0490756416125	-0.0364887490192	-0.0424103258897	0.016465094964	-0.0443035824925	-0.00563636662384	0.0170621949608	-0.0129872379056	0.0438706042883	0.0208335447382	0.00134711853678	-0.0180324704255	0.0485424656554	-0.0647371310864	0.0165556655772	-0.0188926908587	-0.0404864211463	0.00511173818943	-0.0727702453059	0.035465936803	0.0409463809077	-0.0630773251608	0.00768131545531	0.00357286510954	0.0292503778742	-0.041552910316	0.00870885113294	0.0278613309763
k__Bacteria;p__Firmicutes;c__Clostridia;o__Clostridiales;f__Lachnospiraceae;g__;s__[Eubacterium]_rectale	-0.0337469980162	0.0226833426475	-0.0817349839093	-0.0348925395303	-0.0142142794354	0.00497620091026	0.0259596630998	-3.79691438179e-05	0.0245094029138	-0.0102695378243	0.0391811083927	-0.00371747701688	-0.0191728776351	-0.0562569625084	1.0	-0.0242219096227	0.0132865923306	-0.0316450404116	0.0433346896377	0.00296770384794	0.00442543912149	-0.0229701342282	-0.0476598270402	0.0370535191848	-0.0383205887255	-0.0216896676447	-0.0372986395946	-0.0398358702318	-0.0768960527292	-0.0599602000835	0.021924637791	-0.0274453386968	0.0186719143274	-0.047726880331	-0.0443779926955	0.0279357259901	0.0502159379742	-0.00777275015475	0.00334987374043	0.0334635880064	-0.0020471162996	0.0717051193193	-0.00524517272794	-0.0214182191063	-0.0315422026668	0.0135299845366	0.0438656057631	0.027755963803	0.0290338656817	-0.026171087414	0.00266183737986	0.0272730966376	0.0202735152303	-0.00978975685477	-0.00824421125319	-0.0333242955406	-0.000575574139004	-0.00963662470507	0.0589766787124
k__Bacteria;p__Bacteroidetes;c__Bacteroidia;o__Bacteroidales;f__Bacteroidaceae;g__Bacteroides;s__Bacteroides_plebeius	0.00540533259648	0.0188415222506	0.0371241905196	0.0152439178754	-0.00662697034798	-0.0891183615424	0.0335171425244	0.0409367912246	-0.022579167189	-0.0650072574889	0.00129843271647	-0.000423693742317	0.0452652015391	-0.0187300819018	-0.0242219096227	1.0	-0.0185097847358	0.0236731166432	-0.0229794438653	-0.0530813362844	0.0222865932354	0.029291205512	0.0114044910254	-0.0250012337188	-0.0554316992442	0.0246101818035	-0.0124108997954	-0.0237083730961	0.0162601946843	-0.0434668486542	-0.034191881122	-0.00421425696948	-0.00105834288437	-0.0205381191233	0.0135940255043	-0.0506369251135	0.0779091977368	-0.00107078267669	0.013001195567	-0.000193937196352	-0.0457164874514	0.0134678955565	-0.000348337323437	0.00952098318387	-0.0582171202149	-0.00361233753016	-0.028577265836	0.0248948888272	-0.00545000581643	0.0090937576965	0.00384614678555	-0.0117756061554	0.0144382974985	0.0344944023535	-0.013331326399	0.00223412993567	0.0385150764911	-0.0467968112714	0.00544754599107
k__Bacteria;p__Bacteroidetes;c__Bacteroidia;o__Bacteroidales;f__Bacteroidaceae;g__Bacteroides;s__Bacteroides_fragilis	0.0247666514915	-0.0716249160432	-0.0456186143216	-0.0118262764156	0.0279848576197	-0.00146313119518	-0.062928229034	0.0163382743837	-0.029984368052	-0.00360304390547	0.0362021558857	0.0170387720419	0.0158833645061	0.0304810961695	0.0132865923306	-0.0185097847358	1.0	0.0279822069467	-0.0154827273313	0.0302445886328	-0.0132652616919	-0.0498221615722	0.0201128042034	-0.0196358948047	-0.0226808793557	0.0103864754054	0.0185092582667	-0.0230589641381	-0.000387713327052	-0.000109025085948	-0.0202828391711	-0.00870165171734	0.0138223088971	0.0141102087367	-0.036139440167	0.00860839064887	-0.0195444931422	0.0802495282694	-0.052530520097	-0.0189895554279	-0.000353845663235	0.0373752216696	-0.0422374576167	-0.0202956661487	-0.067460040166	0.0287452455376	0.0272082869633	-0.0570374884973	0.00184168289802	0.0175787437656	-0.0305467342364	-0.0304890198425	-0.122248218221	0.00395518918713	-0.0299629340367	-0.0334471206372	0.0290013148398	-0.00463698410454	0.0309120579532
k__Bacteria;p__Proteobacteria;c__Betaproteobacteria;o__Burkholderiales;f__Sutterellaceae;g__Sutterella;s__Sutterella_wadsworthensis	-0.0480087380191	-0.0211509788872	0.0653793324854	0.0219266467865	-0.0130250037942	0.0226725066273	0.00698396082988	0.0603038222492	-0.0696453520946	-0.0189960546669	-0.0167025173832	-0.00547656659937	0.00629937569671	-0.0352354231049	-0.0316450404116	0.0236731166432	0.0279822069467	1.0	0.004929873979	0.0302289200965	0.0113592542437	-0.00066236054526	-0.0181825954125	0.0179624115903	-0.00798836145484	-0.0405160189169	0.00611706210235	0.00766633493135	-0.0150392623872	0.0109962174608	-0.0182898459156	0.0441849868771	-0.0335708411345	0.0328390292866	-0.0159559341481	0.00137629164911	-0.0180480711485	-0.016342817822	-0.0081287932426	0.0433272649747	0.00781626723802	-0.0405057549935	-0.0261925908635	-0.101099652443	0.00182957688429	-0.0657981792791	0.00815509467399	-0.0237748644003	-0.0291051164754	-0.0510862275454	-0.0180656297752	0.0299091064969	0.0223763465055	-0.00593629278943	0.0042381557912	-0.0151410819341	0.0284154274275	-0.0271691564837	-0.0344108707577
k__Bacteria;p__Bacteroidetes;c__Bacteroidia;o__Bacteroidales;f__Porphyromonadaceae;g__Barnesiella;s__Barnesiella_intestinihominis	-0.0355726100391	0.0696153329676	-0.0808097503874	0.0219948180511	-0.0494408221287	-0.0367627420857	0.0279260896954	0.000889997554404	-0.0271965420602	0.00726224252144	-0.0364125179312	-0.0249543037158	-0.0385606737292	0.0164226369163	0.0433346896377	-0.0229794438653	-0.0154827273313	0.004929873979	1.0	-0.0176826564544	0.0236819606749	0.0201604022592	-0.0017865186364	0.0254850108367	0.0282170663616	0.0237399108036	-0.0421564979726	-0.0312563954582	-0.0456987972029	0.0246931536609	-0.00877447426698	0.0126362719068	0.0212875255859	0.031294109816	0.0378127072691	-0.00657360248657	-0.0232242866165	-0.0877199478646	-0.0389915419011	0.00504047530392	0.00849091126428	-0.00454238761368	0.0156230247894	-0.00090078762862	0.00986246141387	0.00112371461944	-0.0387043461021	0.0154637769121	0.0105211938881	0.0450293018019	-0.0233925112906	0.00173372978778	-0.0385482334732	-0.0693847882307	0.00105036398519	-0.0732762429476	0.044123960739	0.0229715527913	-0.00884394373277
k__Bacteria;p__Bacteroidetes;c__Bacteroidia;o__Bacteroidales;f__Odoribacteraceae;g__Odoribacter;s__Odoribacter_splanchnicus	0.017483094172	0.011827560313	-0.000816335070696	-0.0351671481609	0.00661272747188	-0.0450211480748	0.0430007781566	-0.0303399497996	0.0248228309345	-0.0327023945729	-0.0117970124098	-0.048966538956	-0.0361633722865	-0.00302812801371	0.00296770384794	-0.0530813362844	0.0302445886328	0.0302289200965	-0.0176826564544	1.0	0.0133328669036	0.00213255931997	0.0381678383408	0.0488341205676	-0.0475032615438	0.0296998898952	-0.0349356573618	0.0199563142266	0.0635827920972	0.0200437049676	0.052590024546	-0.034619194911	0.0291206650188	0.00608493106836	0.00374503828638	0.0485799364628	-0.00394571943417	-0.0234217813794	-0.0494075536169	-0.0247840021929	-0.014719804422	-0.00444018179084	-0.0364466837648	0.0374709481005	-0.0170667489737	-0.0403465362756	0.0125623808749	-0.0496266406023	-0.0445766434075	0.045397748262	-0.0571060313296	0.0235741253623	-0.049402078685	-0.0458337746075	0.0510344978198	-0.0228133708667	-0.011358069035	-0.066813466363	-0.00632206299462
k__Bacteria;p__Bacteroidetes;c__Bacteroidia;o__Bacteroidales;f__Bacteroidaceae;g__Bacteroides;s__Bacteroides_salyersiae	-0.0313738539915	0.0164598931342	0.0133540203133	0.0245186605619	-0.0164881071855	-0.00454107378776	-0.0114265639509	0.0434825978582	-0.0159763350124	-0.0226661105387	0.00993012852911	0.0254448004985	0.0339320453407	0.0286208679812	0.00442543912149	0.0222865932354	-0.0132652616919	0.0113592542437	0.0236819606749	0.0133328669036	1.0	0.0862166407125	-0.0188357733646	-0.018521632361	-0.0808015848529	-0.0166168354157	-0.0461629812973	-0.0347825561945	0.00770518917141	-0.034711345936	-0.0417077335525	-0.0607896882826	0.07494609861	-0.0243443950294	-0.0316375126634	0.0255644592892	-0.00483748034318	-0.00107335598998	0.0179166270335	-0.058744125482	0.0346014064734	-0.0531254911636	0.00431542428701	-0.00159215157127	-0.0258141513994	0.0408626990952	-0.0368874607222	-0.00140289639468	0.0560954886363	-0.0145289308657	0.0317310221784	0.0618999372818	-0.0540059526206	0.00874986659885	-0.00216539572641	0.0383829300456	-0.0494216084452	-0.0136026088475	-0.0573719351775
k__Bacteria;p__Firmicutes;c__Clostridia;o__Clostridiales;f__Ruminococcaceae;g__Ruminiclostridium;s__[Eubacterium]_siraeum	-0.0583979195869	-0.0631277491214	0.00158747697895	-0.0262307496573	0.0100195098514	-0.0018674912688	0.00689809634899	-0.0340562750757	-0.0195745178632	-0.0140843340864	-0.0201439831458	-0.00887509361439	-0.0267390444779	-0.00854356470734	-0.0229701342282	0.029291205512	-0.0498221615722	-0.00066236054526	0.0201604022592	0.00213255931997	0.0862166407125	1.0	-0.0325181215122	0.0317394521811	-0.00475434424281	-0.00991928675729	0.062724507364	0.023524862982	-0.0671486751447	0.0224135809735	-0.0282965250606	-0.0403018989014	0.00112955219081	0.0254480862775	0.0244351833222	0.0144602469621	-0.0598303442627	0.0336612740612	0.00752830550094	-0.0133461111659	0.0119969594551	0.0181599495099	-0.00972996296807	-0.0184023266502	-0.011943977488	-0.0534529242109	0.0013243564511	-0.0370538848359	-0.0490558935877	-0.0447801737316	0.0575566656252	-0.0158309464207	0.0208653929131	0.0233603341727	-0.0540839447777	0.0192973299338	-0.0383043430108	0.0279991336204	-0.0333230143665
k__Bacteria;p__Proteobacteria;c__Betaproteobacteria;o__Burkholderiales;f__Sutterellaceae;g__Parasutterella;s__Parasutterella_excrementihominis	-0.0402601510474	0.0349130201851	0.0452619191429	0.0505524869237	0.0211431695267	-0.0397119837544	-0.0152888614274	0.000854878491407	0.017052078897	-0.0619135668533	-0.0367247281908	0.0511345783929	0.0731962084066	0.0129865871492	-0.0476598270402	0.0114044910254	0.0201128042034	-0.0181825954125	-0.0017865186364	0.0381678383408	-0.0188357733646	-0.0325181215122	1.0	-0.0734304367303	0.0101423852954	0.0377910409438	-0.0444429705372	0.0231666698416	0.0169524332315	0.0154115206187	0.0116325522241	0.0467603116194	-0.0253033616299	0.0591374976443	0.00629597364904	-0.017789033336	-0.011937383211	-0.0243745263715	0.024924701666	0.0335854946431	-0.0228629419627	-0.0499744023326	0.00705656672399	-0.013783357758	-0.012562390461	-0.0361912827967	-0.0526253651451	-0.00232748276882	-0.00199256717836	-0.0222653899636	-0.0275684937514	-0.052300435776	-0.050178254358	0.0378809141989	0.00603530371544	0.029032773123	-0.0700196882735	-0.042802619633	-0.0089236370674
k__Bacteria;p__Actinobacteria;c__Actinobacteria;o__Bifidobacteriales;f__Bifidobacteriaceae;g__Bifidobacterium;s__Bifidobacterium_adolescentis	-0.0169896576356	-0.0189727182443	-0.0105295278581	0.00815196602119	0.0115896795004	-0.0195910954709	0.00116829171023	0.000742785219388	0.0432901467319	-0.00690970191341	-0.0402187258159	0.0243770408732	-0.0367217462841	-0.00102991759944	0.0370535191848	-0.0250012337188	-0.0196358948047	0.0179624115903	0.0254850108367	0.0488341205676	-0.018521632361	0.0317394521811	-0.0734304367303	1.0	0.0255176172255	0.0038062723099	-0.0129954970574	0.0826429877434	-0.0512382847023	0.00526140169579	-0.00496585075946	-0.0320157051217	-0.0340272811895	-0.0157830656097	-0.0255491663019	-0.0164109178638	-0.027977061827	0.0100046286916	0.0238500049372	-0.0326574868084	-0.0396689121306	-0.000841189429199	-0.0231896272529	0.0138491299251	-0.0370344544359	-0.0462387452851	0.0201029910781	-0.0101061449381	0.0575670741881	-0.0267099277124	0.00727359786861	-0.0403511654356	-0.00952395461144	-0.0230738041087	-0.0485442037825	0.0402438942091	0.000521571467604	-0.0227278440168	-0.020464442192
k__Bacteria;p__Firmicutes;c__Clostridia;o__Clostridiales;f__Oscillospiraceae;g__Oscillibacter;s__Oscillibacter_sp._KLE_1745	0.0162052784402	-0.0332613745236	0.00955328550223	-0.0142191576643	-0.0175241662394	0.00318653717603	-0.0244752517369	-0.031823260113	-0.0072718288524	0.0295233011353	0.0276110313675	0.0579027390531	-0.0504279519544	-0.0428617012256	-0.0383205887255	-0.0554316992442	-0.0226808793557	-0.00798836145484	0.0282170663616	-0.0475032615438	-0.0808015848529	-0.00475434424281	0.0101423852954	0.0255176172255	1.0	0.0353364773108	0.026645561891	0.0647883640606	0.0107627622391	0.00486150924297	0.0380405093418	0.0201122276499	-0.00115475753493	0.0206133053108	-0.00106476526882	0.00688640083553	0.0366244961107	0.0244037436306	-0.0224760511949	0.090706817316	-0.0381656008615	-0.00802529003761	0.0036665872233	-0.00941230327367	-0.00105291505688	0.0148573334048	0.0211638886184	0.0164034086009	-0.0702604594633	-0.0368678768327	0.0140338457327	-0.0504960462513	-0.0445890188046	-0.0916417256553	-0.05202054117	-0.00646615375734	0.0200156377336	-0.0595243804835	-0.0417827862072
k__Bacteria;p__Bacteroidetes;c__Bacteroidia;o__Bacteroidales;f__Bacteroidaceae;g__Bacteroides;s__Bacteroides_coprophilus	-0.0640696966003	0.0376542088062	-0.0931259183849	-0.059697326212	-0.0247070376416	-0.0441464557052	-0.00396682412248	-0.00721463046958	-0.0146574146563	0.00233592591552	-0.0104576907727	0.0200746946706	0.0720491151609	-0.0725349009052	-0.0216896676447	0.0246101818035	0.0103864754054	-0.0405160189169	0.0237399108036	0.0296998898952	-0.0166168354157	-0.00991928675729	0.0377910409438	0.0038062723099	0.0353364773108	1.0	-0.0532826501969	-0.0144629299872	-0.0440164637218	-0.0206343327558	0.0343870697965	0.0114242136429	0.0476131673167	-0.0490403926527	0.0412232681871	0.0849449498062	-0.0383665160624	-0.0111373985194	0.00942396768546	-0.047146634952	-0.0182731101195	0.0429625530832	-0.0247284707768	0.00266278404596	-0.0324904139352	-0.0521231779999	-0.0197116983779	0.0376530466903	-0.0462474576248	0.029846958275	-0.011461913691	-0.0844797059247	0.0401190596883	-0.00376687602478	0.00600515706245	0.0127471481821	0.0157696762385	0.00367712097807	0.00717212108307
k__Bacteria;p__Firmicutes;c__Clostridia;o__Clostridiales;f__Lachnospiraceae;g__Roseburia;s__Roseburia_intestinalis	0.0199239306337	-0.026416794046	-0.0490265002004	0.037293030343	-0.0310901692666	-0.0318617380361	-0.0107475533499	-0.0720101622788	0.00484632589336	0.0140896338452	-0.00780053254858	-0.00614447693548	-0.0605927829387	-0.0286071721957	-0.0372986395946	-0.0124108997954	0.0185092582667	0.00611706210235	-0.0421564979726	-0.0349356573618	-0.0461629812973	0.062724507364	-0.0444429705372	-0.0129954970574	0.026645561891	-0.0532826501969	1.0	-0.0220592955012	0.0076146036232	0.00720680651264	-0.0259527038735	-0.0116191231454	0.046366150123	-0.00639994507061	-0.00555785861804	0.00661539215613	0.0314297446104	0.0195698811525	-0.0135267926074	0.0090768661056	-0.046058170057	-0.021639757758	0.0172672061608	0.0119076773896	0.0280208619617	0.0347367606418	-0.0308344321365	0.0374126080697	0.0159345672982	-0.037073727715	0.0346021394584	-0.0425466434422	0.0144787353936	0.0410141621362	-0.00386855147916	-0.00216168428449	-0.012768001644	0.00145311845151	-0.00542589971906
k__Bacteria;p__Firmicutes;c__Clostridia;o__Clostridiales;f__Lachnospiraceae;g__Roseburia;s__Roseburia_hominis	-0.0123987075457	-0.0632821441746	-0.0423613961527	0.047528632536	-0.0293530522788	0.030103024737	-0.0282419810199	0.012015646578	0.0551050325425	-0.0260008742245	-0.0388161894869	-0.00562380356726	-0.015908571508	-0.0571483807919	-0.0398358702318	-0.0237083730961	-0.0230589641381	0.00766633493135	-0.0312563954582	0.0199563142266	-0.0347825561945	0.023524862982	0.0231666698416	0.0826429877434	0.0647883640606	-0.0144629299872	-0.0220592955012	1.0	0.0389895590621	5.24508910935e-05	0.0118672076842	0.00322941027199	-0.0694205554512	-0.0180571208822	-0.0535860076885	-0.0259373277318	-0.0485815455694	0.00435200842062	-0.00287735030039	-0.0627403527702	-0.0137444313143	-0.0103528291832	-0.0380597112007	0.0239454423255	-0.00508979108151	-0.0452420658982	0.0120825209788	-0.0275566234721	-0.027302470368	-0.038800367039	-0.0256996639686	0.0246833399659	-0.0218629102479	0.0167782464375	-0.0283825933082	0.00134019085449	-0.0218518258483	0.0236632359326	0.0111698431326
k__Bacteria;p__Bacteroidetes;c__Bacteroidia;o__Bacteroidales;f__Porphyromonadaceae;g__Parabacteroides;s__Parabacteroides_johnsonii	0.0219243767789	-0.0381455997155	-0.0259782906689	5.41609828254e-05	0.0192913767569	0.0187946704152	-0.0341593592067	-0.000452493205781	-0.0116880080506	0.0196376153346	-0.0199693518049	0.0044718976593	-0.049655987065	0.0165273640161	-0.0768960527292	0.0162601946843	-0.000387713327052	-0.0150392623872	-0.0456987972029	0.0635827920972	0.00770518917141	-0.0671486751447	0.0169524332315	-0.0512382847023	0.0107627622391	-0.0440164637218	0.0076146036232	0.0389895590621	1.0	0.0289753162176	0.0194666261991	0.00488576756754	-0.0247139693459	-0.0284495519183	-0.0391096630727	-0.0725857560655	-0.0301385257293	-0.070734966388	-0.00463042027628	-0.0176639272244	-0.0347284087026	0.00952094892521	0.00039881486751	0.0435547874762	1.61031281158e-05	-0.0129429731831	0.00310899850645	-0.0381519694349	-0.0330665902737	-0.00351839525708	-0.0523448246786	0.00324360624299	0.00361555599445	-0.00647348590461	-0.0320005763646	0.0320614646471	-0.0229123330918	0.00804743866392	0.0150768026707
k__Bacteria;p__Actinobacteria;c__Actinobacteria;o__Bifidobacteriales;f__Bifidobacteriaceae;g__Bifidobacterium;s__Bifidobacterium_longum	-0.0170751721399	0.00147512341987	0.0148921332881	-0.0456410464697	-0.00733025751223	-0.0140110930149	0.0263006782891	-0.0402025329827	-0.0296267272963	0.00395163156069	0.00796764295904	0.00960796586207	0.022472700263	0.0195060640895	-0.0599602000835	-0.0434668486542	-0.000109025085948	0.0109962174608	0.0246931536609	0.0200437049676	-0.034711345936	0.0224135809735	0.0154115206187	0.00526140169579	0.00486150924297	-0.0206343327558	0.00720680651264	5.24508910935e-05	0.0289753162176	1.0	0.0157102398043	-0.00780615091412	-0.0601579668303	-0.0237966053155	0.0337196024729	-0.00616899240378	-0.0259041585962	-0.0119429507297	-0.0159291010507	0.0106007842566	0.00137053081464	-0.0234788985593	-0.0460308709303	-0.0330416905033	-0.0142055074977	0.0494764024163	-0.0166677958453	0.0117653195561	-0.0422202946326	-0.0579452873579	-0.0246638090966	-0.0178886398484	-0.0262930277675	-0.00535741938829	0.0254670564966	0.0509972453832	0.0129601290622	-0.00853543992055	0.00736489492107
