#taxonomy	k__Bacteria;p__Bacteroidetes;c__Bacteroidia;o__Bacteroidales;f__Bacteroidaceae;g__Bacteroides;s__Bacteroides_vulgatus	k__Bacteria;p__Bacteroidetes;c__Bacteroidia;o__Bacteroidales;f__Bacteroidaceae;g__Bacteroides;s__Bacteroides_uniformis	k__Bacteria;p__Bacteroidetes;c__Bacteroidia;o__Bacteroidales;f__Rikenellaceae;g__Alistipes;s__Alistipes_putredinis	k__Bacteria;p__Bacteroidetes;c__Bacteroidia;o__Bacteroidales;f__Prevotellaceae;g__Prevotella;s__Prevotella_copri	k__Bacteria;p__Bacteroidetes;c__Bacteroidia;o__Bacteroidales;f__Bacteroidaceae;g__Bacteroides;s__Bacteroides_stercoris	k__Bacteria;p__Bacteroidetes;c__Bacteroidia;o__Bacteroidales;f__Bacteroidaceae;g__Bacteroides;s__Bacteroides_ovatus	k__Bacteria;p__Bacteroidetes;c__Bacteroidia;o__Bacteroidales;f__Rikenellaceae;g__Alistipes;s__Alistipes_shahii	k__Bacteria;p__Firmicutes;c__Clostridia;o__Clostridiales;f__Ruminococcaceae;g__Faecalibacterium;s__Faecalibacterium_prausnitzii	k__Bacteria;p__Bacteroidetes;c__Bacteroidia;o__Bacteroidales;f__Rikenellaceae;g__Alistipes;s__Alistipes_finegoldii	k__Bacteria;p__Bacteroidetes;c__Bacteroidia;o__Bacteroidales;f__Porphyromonadaceae;g__Parabacteroides;s__Parabacteroides_distasonis	k__Bacteria;p__Bacteroidetes;c__Bacteroidia;o__Bacteroidales;f__Bacteroidaceae;g__Bacteroides;s__Bacteroides_thetaiotaomicron	k__Bacteria;p__Bacteroidetes;c__Bacteroidia;o__Bacteroidales;f__Bacteroidaceae;g__Bacteroides;s__Bacteroides_coprocola	k__Bacteria;p__Bacteroidetes;c__Bacteroidia;o__Bacteroidales;f__Bacteroidaceae;g__Bacteroides;s__Bacteroides_cellulosilyticus	k__Bacteria;p__Bacteroidetes;c__Bacteroidia;o__Bacteroidales;f__Rikenellaceae;g__Alistipes;s__Alistipes_obesi	k__Bacteria;p__Firmicutes;c__Clostridia;o__Clostridiales;f__Lachnospiraceae;g__;s__[Eubacterium]_rectale	k__Bacteria;p__Bacteroidetes;c__Bacteroidia;o__Bacteroidales;f__Bacteroidaceae;g__Bacteroides;s__Bacteroides_plebeius	k__Bacteria;p__Bacteroidetes;c__Bacteroidia;o__Bacteroidales;f__Bacteroidaceae;g__Bacteroides;s__Bacteroides_fragilis	k__Bacteria;p__Proteobacteria;c__Betaproteobacteria;o__Burkholderiales;f__Sutterellaceae;g__Sutterella;s__Sutterella_wadsworthensis	k__Bacteria;p__Bacteroidetes;c__Bacteroidia;o__Bacteroidales;f__Porphyromonadaceae;g__Barnesiella;s__Barnesiella_intestinihominis	k__Bacteria;p__Bacteroidetes;c__Bacteroidia;o__Bacteroidales;f__Odoribacteraceae;g__Odoribacter;s__Odoribacter_splanchnicus	k__Bacteria;p__Bacteroidetes;c__Bacteroidia;o__Bacteroidales;f__Bacteroidaceae;g__Bacteroides;s__Bacteroides_salyersiae	k__Bacteria;p__Firmicutes;c__Clostridia;o__Clostridiales;f__Ruminococcaceae;g__Ruminiclostridium;s__[Eubacterium]_siraeum	k__Bacteria;p__Proteobacteria;c__Betaproteobacteria;o__Burkholderiales;f__Sutterellaceae;g__Parasutterella;s__Parasutterella_excrementihominis	k__Bacteria;p__Actinobacteria;c__Actinobacteria;o__Bifidobacteriales;f__Bifidobacteriaceae;g__Bifidobacterium;s__Bifidobacterium_adolescentis	k__Bacteria;p__Firmicutes;c__Clostridia;o__Clostridiales;f__Oscillospiraceae;g__Oscillibacter;s__Oscillibacter_sp._KLE_1745	k__Bacteria;p__Bacteroidetes;c__Bacteroidia;o__Bacteroidales;f__Bacteroidaceae;g__Bacteroides;s__Bacteroides_coprophilus	k__Bacteria;p__Firmicutes;c__Clostridia;o__Clostridiales;f__Lachnospiraceae;g__Roseburia;s__Roseburia_intestinalis	k__Bacteria;p__Firmicutes;c__Clostridia;o__Clostridiales;f__Lachnospiraceae;g__Roseburia;s__Roseburia_hominis	k__Bacteria;p__Bacteroidetes;c__Bacteroidia;o__Bacteroidales;f__Porphyromonadaceae;g__Parabacteroides;s__Parabacteroides_johnsonii	k__Bacteria;p__Actinobacteria;c__Actinobacteria;o__Bifidobacteriales;f__Bifidobacteriaceae;g__Bifidobacterium;s__Bifidobacterium_longum	k__Bacteria;p__Firmicutes;c__Clostridia;o__Clostridiales;f__;g__Flavonifractor;s__Flavonifractor_plautii	k__Bacteria;p__Firmicutes;c__Clostridia;o__Clostridiales;f__Clostridiaceae;g__Clostridium;s__Clostridium_phoceensis	k__Bacteria;p__Verrucomicrobia;c__Verrucomicrobiae;o__Verrucomicrobiales;f__Akkermansiaceae;g__Akkermansia;s__Akkermansia_muciniphila	k__Bacteria;p__Bacteroidetes;c__Bacteroidia;o__Bacteroidales;f__Prevotellaceae;g__Paraprevotella;s__Paraprevotella_xylaniphila	k__Bacteria;p__Firmicutes;c__Clostridia;o__Clostridiales;f__Ruminococcaceae;g__Ruminococcus;s__Ruminococcus_callidus	k__Bacteria;p__Bacteroidetes;c__Bacteroidia;o__Bacteroidales;f__Rikenellaceae;g__Alistipes;s__Alistipes_senegalensis	k__Bacteria;p__Firmicutes;c__Clostridia;o__Clostridiales;f__Lachnospiraceae;g__Blautia;s__Blautia_sp._KLE_1732	k__Bacteria;p__Bacteroidetes;c__Bacteroidia;o__Bacteroidales;f__Bacteroidaceae;g__Bacteroides;s__Bacteroides_oleiciplenus	k__Bacteria;p__Firmicutes;c__Clostridia;o__Clostridiales;f__Ruminococcaceae;g__Ruminococcus;s__Ruminococcus_bicirculans	k__Bacteria;p__Bacteroidetes;c__Bacteroidia;o__Bacteroidales;f__Bacteroidaceae;g__Bacteroides;s__Bacteroides_fluxus	k__Bacteria;p__Bacteroidetes;c__Bacteroidia;o__Bacteroidales;f__Prevotellaceae;g__Prevotella;s__Prevotella_stercorea	k__Bacteria;p__Firmicutes;c__Clostridia;o__Clostridiales;f__Lachnospiraceae;g__Dorea;s__Dorea_longicatena	k__Bacteria;p__Firmicutes;c__Clostridia;o__Clostridiales;f__Eubacteriaceae;g__Eubacterium;s__[Eubacterium]_eligens	k__Bacteria;p__Firmicutes;c__Clostridia;o__Clostridiales;f__Ruminococcaceae;g__;s__Ruminococcaceae_bacterium_D16	k__Bacteria;p__Firmicutes;c__Clostridia;o__Clostridiales;f__Lachnospiraceae;g__Coprococcus;s__Coprococcus_comes	k__Bacteria;p__Proteobacteria;c__Gammaproteobacteria;o__Enterobacterales;f__Enterobacteriaceae;g__Escherichia;s__Escherichia_coli	k__Bacteria;p__Firmicutes;c__Clostridia;o__Clostridiales;f__Ruminococcaceae;g__Anaerotruncus;s__Anaerotruncus_colihominis	k__Bacteria;p__Firmicutes;c__Clostridia;o__Clostridiales;f__Lachnospiraceae;g__Blautia;s__Blautia_obeum	k__Bacteria;p__Bacteroidetes;c__Bacteroidia;o__Bacteroidales;f__Odoribacteraceae;g__Odoribacter;s__Odoribacter_laneus	k__Bacteria;p__Firmicutes;c__Clostridia;o__Clostridiales;f__Ruminococcaceae;g__Ruminiclostridium;s__[Clostridium]_leptum	k__Bacteria;p__Bacteroidetes;c__Bacteroidia;o__Bacteroidales;f__Porphyromonadaceae;g__Parabacteroides;s__Parabacteroides_goldsteinii	k__Bacteria;p__Firmicutes;c__Clostridia;o__Clostridiales;f__Lachnospiraceae;g__Anaerostipes;s__Anaerostipes_hadrus	k__Bacteria;p__Firmicutes;c__Clostridia;o__Clostridiales;f__Ruminococcaceae;g__Ruminococcus;s__Ruminococcus_lactaris	k__Bacteria;p__Firmicutes;c__Clostridia;o__Clostridiales;f__Clostridiaceae;g__Clostridium;s__Clostridium_sp._L2-50	k__Bacteria;p__Firmicutes;c__Clostridia;o__Clostridiales;f__Clostridiaceae;g__Clostridium;s__Clostridium_sp._M62/1	k__Bacteria;p__Firmicutes;c__Clostridia;o__Clostridiales;f__;g__Intestinimonas;s__Intestinimonas_butyriciproducens	k__Bacteria;p__Actinobacteria;c__Actinobacteria;o__Bifidobacteriales;f__Bifidobacteriaceae;g__Bifidobacterium;s__Bifidobacterium_bifidum	k__Bacteria;p__Firmicutes;c__Negativicutes;o__Veillonellales;f__Veillonellaceae;g__Dialister;s__Dialister_invisus	k__Bacteria;p__Bacteroidetes;c__Bacteroidia;o__Bacteroidales;f__Bacteroidaceae;g__Bacteroides;s__Bacteroides_salanitronis
k__Bacteria;p__Bacteroidetes;c__Bacteroidia;o__Bacteroidales;f__Bacteroidaceae;g__Bacteroides;s__Bacteroides_vulgatus	1.0	0.0214378854445	0.00776013031885	0.000555500640299	-0.0130162357268	-0.00916570309912	-0.0142797683926	-0.026509274066	-0.037324320523	-0.00963444366325	0.00594085536913	-0.0500892628447	-0.0180016059922	-0.0356592680015	0.0436904380498	-0.0142126935319	-0.0149171484191	0.0607954937059	-0.0680676107643	-0.071606009651	-0.0627831738599	0.0306150668504	-0.0168326471224	0.0192848423807	0.000336028427595	-0.0259827008276	0.0129958962651	-0.00689512846422	0.0122239169919	0.0354269625439	0.0617226105483	-0.00295531983526	0.0199121223577	0.0335865006085	0.046151603385	-0.0142339309469	-0.0279900597431	0.0365899187798	0.00486172624935	0.0398397120587	0.0394716543588	-0.0439670405457	-0.0386041429703	0.000799998327549	0.0596983006337	0.0205954577775	0.0150971166208	0.0634682685214	0.0191664149846	-0.0472583354885	-0.0330117749206	3.24056515406e-05	0.0191766885931	-0.092949539133	-0.0116119396821	-0.001907716898	0.0288708991623	-0.0735585736174	-0.0446264717194
k__Bacteria;p__Bacteroidetes;c__Bacteroidia;o__Bacteroidales;f__Bacteroidaceae;g__Bacteroides;s__Bacteroides_uniformis	0.0214378854445	1.0	-0.00132506102396	0.00160291141965	0.0199976791637	-0.0258420740753	-0.0592182387983	-0.0149278431035	-0.011137951241	-0.0345659905292	-0.0356163620792	0.0230949473295	0.0344472325766	-0.0144740995409	-0.0487923127264	0.0155365557235	0.00804793117416	0.0134731793813	-0.0247225708165	-0.0296880833155	-0.0418353099528	-0.0148537982529	-0.0114916626298	-0.00295555536491	-0.0297839628922	-0.0100870968332	-0.00325063975516	-0.01889887389	0.00949852365402	0.00137473521137	-0.00672079767815	-0.0348810511002	-0.0282071360231	0.00237182334057	-0.0508890889424	0.0066781081809	0.00597913266077	-0.00152305405237	0.0162498056138	-0.0152844780636	-0.0285613644934	0.0218384346344	-0.0148883107702	0.0205457010203	-0.00212460690913	-0.0375757272257	-0.0239455571011	0.00840148671971	-0.0100388222654	-0.0457129231116	0.0277982434966	-0.0614409588622	-0.0117164131735	0.0120743621778	0.000173799626947	-0.0110219842129	0.0341774057051	0.0196945832722	-0.0256144929329
k__Bacteria;p__Bacteroidetes;c__Bacteroidia;o__Bacteroidales;f__Rikenellaceae;g__Alistipes;s__Alistipes_putredinis	0.00776013031885	-0.00132506102396	1.0	-0.0387670063335	-0.0137358855607	-0.0255611496341	-0.0554536970623	0.0498693174105	0.0304538501577	-0.0110503607293	0.0259190223321	-0.0402622559574	0.0316640150775	0.0486985043002	0.0217737341181	-0.00514064281282	0.0430054722077	-0.0384210142149	-0.0584327017183	-0.0165939901938	-0.00452127313981	0.000392765678061	-0.0401561576527	-0.00289062029826	0.019624956049	-0.0390617246104	0.00461213263103	-0.0186497064297	-0.0143178462652	-0.0402342520649	-0.0135221596561	0.00178738699556	0.0372719976951	0.0207933988223	0.020134706913	0.0544932656286	0.0200071913467	-0.0271077543431	-0.0341521402125	-0.00303027125214	0.00581433319116	-0.00385835009801	-0.00509342299066	-0.000900132840299	0.0154246289362	-0.0338292558917	-0.0405061982898	-0.0377029187116	-0.0292857192668	0.025447832195	-0.0268953963803	0.0400793416462	0.0224410987595	-0.0464744489304	-0.00131435063924	-0.0266783859461	-0.019813877263	0.036705901755	-0.0280741717945
k__Bacteria;p__Bacteroidetes;c__Bacteroidia;o__Bacteroidales;f__Prevotellaceae;g__Prevotella;s__Prevotella_copri	0.000555500640299	0.00160291141965	-0.0387670063335	1.0	-0.0206165107517	-0.0224290719821	-0.0123876879868	0.0423892373557	0.0236180299159	0.0153772562993	0.0166511708419	-0.0264247999776	-0.00780683401023	-0.0278749365463	-0.0459562836425	0.00985443706353	-0.0251052196006	-0.0372306121217	-0.0131822943395	-0.00338420360068	0.0206420382624	-0.039123565232	-0.0237659302534	-0.0614871518472	-0.00527536953278	0.0131397772974	-0.00190060938739	0.000708191599519	-0.0302438389928	0.0260529683459	0.0151188913768	0.0356571962305	-0.059847221239	-0.00487067115908	0.0296354240423	0.00135024756257	-0.000253274493782	-0.00700037420443	-0.00465214148454	-0.000683737196474	9.73896641352e-05	-0.0568880868866	-0.029503664044	-0.00244746343189	0.0130118184423	0.0830343018667	-0.00823968700136	0.00437371095536	-0.0385109303401	0.0135632420627	-0.0337164171788	0.08297812302	0.0741593297441	0.0241065490741	-0.0167643906228	-0.0426353455474	-0.0213536622661	0.0216300154699	0.00790951813683
k__Bacteria;p__Bacteroidetes;c__Bacteroidia;o__Bacteroidales;f__Bacteroidaceae;g__Bacteroides;s__Bacteroides_stercoris	-0.0130162357268	0.0199976791637	-0.0137358855607	-0.0206165107517	1.0	-0.0262799640851	-0.0112585748405	-0.0193002547547	-0.0579762638475	-0.0310426178116	-0.0892450582965	0.0428974110988	0.0333461805163	-0.0101525972626	0.0249115800224	0.004110621944	-0.0108159583632	0.0433726196482	0.0569326970858	-0.00420200610635	-0.0297429128186	-0.00870804406177	-0.0355141997071	0.0873870231927	0.0262408012659	-0.0265805010744	-0.027443152528	0.0512093736396	0.0226398714309	-0.0239993094484	-0.0161712932186	0.0142903238581	-0.0096912732027	0.0299908107674	-0.0327713417116	0.0150171614177	0.0468264448901	-0.0110227816168	-0.0404857243241	0.00895151670302	-0.0111516842817	-0.0147646408007	-0.0393803205578	-0.0456777224748	-0.0215096642689	0.036878819083	-0.00992287631536	0.057069827037	-0.00487508830745	-0.0273962126631	0.0237881977561	0.0510468189935	-0.0116884763007	-0.0191422660899	-0.0124397107569	-0.00713679913877	-0.0274954576153	0.00486665855577	0.00463286865312
k__Bacteria;p__Bacteroidetes;c__Bacteroidia;o__Bacteroidales;f__Bacteroidaceae;g__Bacteroides;s__Bacteroides_ovatus	-0.00916570309912	-0.0258420740753	-0.0255611496341	-0.0224290719821	-0.0262799640851	1.0	-0.00758560710955	-0.0400164090189	0.0041452606457	-0.00182025819951	0.00677342348368	-0.0161143134607	-0.0273561036592	-0.0160542231862	-0.00492150053742	0.0169124826132	-0.0263985483385	0.0582321689407	-0.0313614420857	0.0178761273379	-0.0378983979646	-0.0282175458007	-0.00129194002259	-0.0291386002072	-0.0177337796044	-0.00467837065268	-0.0434571554909	-0.0292105433279	0.00408187741163	0.0385039736493	-0.047719549905	0.00842235850032	0.0411042385815	0.0125317491913	0.0094990242216	-0.0171907738206	-0.0319833422951	-0.0120341046422	-0.00751337978937	-0.0430194177251	0.015258793524	0.0177827019821	0.0169596736562	0.0285693225803	-0.0185950459289	0.0822662284989	-0.0152970657889	-0.0264004221737	0.0297156650851	-0.0210507996562	0.028396286196	0.00901433379904	-0.0218886400843	0.00194548868263	0.0208918255447	-0.00866851432143	-0.0471775511111	-0.0131097050788	-0.0167577162061
k__Bacteria;p__Bacteroidetes;c__Bacteroidia;o__Bacteroidales;f__Rikenellaceae;g__Alistipes;s__Alistipes_shahii	-0.0142797683926	-0.0592182387983	-0.0554536970623	-0.0123876879868	-0.0112585748405	-0.00758560710955	1.0	0.000318960393692	0.0436961489269	0.0186906326355	-0.0462519910144	-0.028209407315	0.0174112354284	-0.0199628250622	-0.0366487307254	0.00594515149814	-0.00210519162884	-0.0227796856013	0.031775332616	-0.0116919629888	-0.0306889421525	-0.030483652318	-0.0286020243093	0.01607131198	0.0229895696813	0.00335917221326	-0.0188646512447	-0.0145035678717	0.0269314157943	0.0093731966606	-0.0559309756399	0.0189223149569	-0.000837082745774	-0.0410250967071	0.00417840998259	-0.0180946499532	-0.0239137810122	-0.0418070154757	0.0336277317908	0.00348206936611	-0.0168975210863	0.000562867135611	-0.0120076666784	0.0278406445239	-0.0436866073037	0.0342787389684	0.0168966897463	-0.0157779264406	-0.00239239901151	-0.00763564697114	-0.0496467102613	0.043738818564	-0.0110867467008	0.0138811802886	-0.00194536629195	-0.00553244620236	-0.0235061605667	-0.0200053808163	0.0179197898903
k__Bacteria;p__Firmicutes;c__Clostridia;o__Clostridiales;f__Ruminococcaceae;g__Faecalibacterium;s__Faecalibacterium_prausnitzii	-0.026509274066	-0.0149278431035	0.0498693174105	0.0423892373557	-0.0193002547547	-0.0400164090189	0.000318960393692	1.0	0.0194916090881	-0.0194832185162	-0.0413090611602	0.00603890151852	-0.0317934190212	-0.0182855655945	-0.0256059939357	-0.0148842118859	-0.0102794415642	-0.0172029584227	-0.0298955634196	0.0108148108758	-0.0396329847209	-0.0124303870011	-0.0148596531546	0.0216306086998	0.00787641530253	-0.00138157209321	-0.0133185844274	-0.00589537963929	-0.00983003864261	-0.0191976179333	0.0161960140575	0.0193903339072	-0.0310613956597	-0.0218581202806	0.0221104998109	0.00818021485395	-0.0258149889011	-0.0121949588565	0.0189228092576	0.0102957919569	0.00116110728946	0.025697803368	0.0407776533292	-0.00267269461498	-0.0423365257872	-0.0124533373946	0.0112535285649	-0.0488105221873	-0.00184103172995	0.00140859888119	-0.0340940557401	0.0826727648508	0.0231209719604	0.00932264027031	0.0115447565923	-0.0250747702394	-0.0680881974827	-0.0245335437348	-0.0234531189046
k__Bacteria;p__Bacteroidetes;c__Bacteroidia;o__Bacteroidales;f__Rikenellaceae;g__Alistipes;s__Alistipes_finegoldii	-0.037324320523	-0.011137951241	0.0304538501577	0.0236180299159	-0.0579762638475	0.0041452606457	0.0436961489269	0.0194916090881	1.0	0.0212888058082	0.0513032657954	0.0361442447956	-0.0593665155015	-0.0692493830908	-0.0367645041633	-0.0151040953849	0.0250696872432	-0.0721082250245	0.0190592846124	-0.0123181783782	-0.0663640754551	0.024116177615	0.020609213949	0.0102086250508	0.0147894786074	0.0417739845054	-0.00536206570871	-0.00377361235543	0.00960302072976	-0.0262917719455	-0.0176957651905	-0.0655483662371	-0.0106822036803	0.00632336955915	-0.00927432958533	-0.0656894195539	0.0453894734106	-0.00143276013495	-0.0111089106518	-0.00221414884528	-0.0410593597782	0.00785705669873	-0.0205653727435	0.00734533867162	-0.00920383732131	-0.0313469084576	0.0133056427045	0.00695635733357	-0.00193707038806	-0.0311143010701	-0.0418593245943	0.0077023415383	0.0148437403698	0.00269314075523	0.08168790846	-0.0250096381233	0.00745545617567	-0.0350900775603	0.0342193657265
k__Bacteria;p__Bacteroidetes;c__Bacteroidia;o__Bacteroidales;f__Porphyromonadaceae;g__Parabacteroides;s__Parabacteroides_distasonis	-0.00963444366325	-0.0345659905292	-0.0110503607293	0.0153772562993	-0.0310426178116	-0.00182025819951	0.0186906326355	-0.0194832185162	0.0212888058082	1.0	0.0042745236635	-0.040407677631	0.0472234496037	0.0252402826421	0.0443920640068	0.00136413977086	0.0317974009561	-0.0092024479435	0.00896651477083	0.0306400173702	0.00603001280893	0.00413176649478	-0.0322260875771	-0.0124342747025	-0.029232304544	0.0355506761254	-0.0697156226906	-0.0284228804589	7.00188353939e-05	0.0363694188384	0.0212481606843	-0.0450848607422	-0.000371005711996	0.0242519699385	-0.021509910863	-0.0543352266412	-0.0323726560258	-0.00473628028193	-0.0479576532732	-0.0179091993733	-0.0496202980413	-0.0320863351327	-0.00545480754367	-0.0418023472306	-0.017674532385	0.0189754016694	0.0210921647945	-0.00284476718842	-0.00937787651631	0.0166190741646	-0.00089138588406	-0.0142052766621	-0.0382566459737	-0.024476291637	0.0441074327978	-0.00664482918027	-0.0293653717227	-0.0230598216363	-0.0305529821176
k__Bacteria;p__Bacteroidetes;c__Bacteroidia;o__Bacteroidales;f__Bacteroidaceae;g__Bacteroides;s__Bacteroides_thetaiotaomicron	0.00594085536913	-0.0356163620792	0.0259190223321	0.0166511708419	-0.0892450582965	0.00677342348368	-0.0462519910144	-0.0413090611602	0.0513032657954	0.0042745236635	1.0	0.0462352812138	-0.0432195443331	-0.0416381543322	-0.0290750310128	0.0923223417973	0.0348375035695	-0.0189454192827	0.0104152003002	-0.0326388342645	-0.00287072115477	-0.0364248996825	-0.0195467897813	-0.0219197350617	-0.0610648545953	-0.0636021340675	0.0157104090741	-0.0226926403219	-0.0108926552215	0.0381155711817	0.0166840877376	-0.00979969993433	-0.0436643495505	-0.00453770526842	0.0252405744738	0.0592238272689	-0.0238980396089	0.0372513448759	-0.00506554614842	-0.0166696628862	0.0155404290444	0.0265282988949	-0.00385100414375	-0.064081572337	-0.023996235092	-0.00310551278302	0.0140869554005	-0.0068815899421	-0.0334606253747	-0.017955782867	0.00570248051292	0.00380316840018	-0.0243164389426	-0.0270531384595	0.0267955629928	-0.00245205331074	-0.0115731295314	0.00829984469775	-0.0336086569531
k__Bacteria;p__Bacteroidetes;c__Bacteroidia;o__Bacteroidales;f__Bacteroidaceae;g__Bacteroides;s__Bacteroides_coprocola	-0.0500892628447	0.0230949473295	-0.0402622559574	-0.0264247999776	0.0428974110988	-0.0161143134607	-0.028209407315	0.00603890151852	0.0361442447956	-0.040407677631	0.0462352812138	1.0	-0.0597181405446	0.07242483383	-0.00980493459467	0.0342778620455	-0.00535984509468	-0.0510602049624	-0.0206300608626	0.0413895152563	0.0212278644289	0.0054328916026	-0.00940622067791	-0.0532438003852	0.045411844676	-0.0051871482066	-0.10075519336	0.0173201324054	-0.0424954692241	-0.0169500900463	-0.0189057878837	-0.0135133267663	0.0141672046825	-0.015162243476	-0.0325092431522	-0.032999036666	-0.0379839813757	0.0304936680055	0.00775731457556	-0.0280059973565	-0.0242640438737	-0.0288262016636	-0.000191124851804	-0.0175027781918	-0.0426864959998	0.0189895960115	0.0110264755989	-0.0148650903301	-0.00162580683356	0.0443546593469	-0.0117421792993	0.00501459247664	0.044849966887	0.0848421426875	0.0011782055674	0.0246161861484	0.0108408358132	-0.0264964640948	0.00744032154056
k__Bacteria;p__Bacteroidetes;c__Bacteroidia;o__Bacteroidales;f__Bacteroidaceae;g__Bacteroides;s__Bacteroides_cellulosilyticus	-0.0180016059922	0.0344472325766	0.0316640150775	-0.00780683401023	0.0333461805163	-0.0273561036592	0.0174112354284	-0.0317934190212	-0.0593665155015	0.0472234496037	-0.0432195443331	-0.0597181405446	1.0	-0.0273153518921	0.0267991383326	-0.0135726036465	-0.0221104644565	0.00291409329093	0.0308869454843	0.0400170523629	-0.00952551127539	0.0625517236029	-0.0500308285026	-0.0022717757308	0.00131484378808	0.0341498380639	-0.0267223481356	-0.0155917098349	-0.0187070509609	0.00360325283457	-0.0252263984514	-0.0113336277813	-0.0468587954826	-0.0304278215336	0.0242845256655	0.00452015246747	0.0153230689071	0.0306010445621	-0.0149900116934	-0.0266973194018	-0.00103931910103	0.0579466498377	0.0083492539323	-0.0363868378216	-0.0737020801934	-0.0328724301517	-0.03798577525	-0.0228896339447	-0.0232398225548	-0.000891732436529	0.0321560029293	0.0211116827755	0.00151070274407	-0.00240522279971	-0.0483284673793	-0.000761250632428	-0.00553263422181	0.0289876486328	0.0352136437618
k__Bacteria;p__Bacteroidetes;c__Bacteroidia;o__Bacteroidales;f__Rikenellaceae;g__Alistipes;s__Alistipes_obesi	-0.0356592680015	-0.0144740995409	0.0486985043002	-0.0278749365463	-0.0101525972626	-0.0160542231862	-0.0199628250622	-0.0182855655945	-0.0692493830908	0.0252402826421	-0.0416381543322	0.07242483383	-0.0273153518921	1.0	0.0141786522319	-0.0493789367151	0.02555530816	-0.0191368078625	0.00260372725147	-0.0022788363676	0.0119029131535	0.0304244861042	-0.00975873606911	0.0274188450919	-0.0210615364634	-0.0106587533163	-0.00850939466195	-0.0602040969836	-0.0328468580818	-0.0285525732947	0.00227142681313	-0.0367924945352	0.04020808632	0.034963638108	-0.061104470196	-0.00397429019816	0.0244320241024	0.0258776379856	-0.0223275523426	-0.00882046702861	0.0254255269521	-0.0323302594848	0.038324386011	-0.0195140648941	-0.00678346692108	-0.0466628072331	-0.00548760421896	0.000653799332984	0.0205821679756	0.0096700799817	-0.00370833221681	-0.00281369027384	-0.0364482665863	0.0436072316778	0.0209632156702	0.053412284253	-0.0259546650527	-0.0264139751541	0.00777247560421
k__Bacteria;p__Firmicutes;c__Clostridia;o__Clostridiales;f__Lachnospiraceae;g__;s__[Eubacterium]_rectale	0.0436904380498	-0.0487923127264	0.0217737341181	-0.0459562836425	0.0249115800224	-0.00492150053742	-0.0366487307254	-0.0256059939357	-0.0367645041633	0.0443920640068	-0.0290750310128	-0.00980493459467	0.0267991383326	0.0141786522319	1.0	-0.0260364715975	-0.0561888901827	-0.0351587402899	-0.0350384410648	-0.00229718263506	0.0232597047601	0.00240142816924	-0.0156037224638	0.015826809063	-0.0585960351908	0.0334185892097	-0.0354502057333	-0.0105657702525	-0.0208521112452	-0.0190889669625	0.0257023970931	-0.023496247904	-0.0156377824242	0.0252964577515	-0.0800649148911	0.0369130943306	-0.0141717462141	-0.0580110505868	-0.00563864619649	-0.0179741228947	-0.00484787448343	0.0675249582001	-0.0162147789019	-0.0532809017954	-0.0218834769308	-0.0130219269938	0.0398575034919	-0.0274587348576	0.0243227871119	0.0672547902926	-0.0452625977009	-0.0172849676617	-0.0448427505764	-0.0796046600668	0.0180189986296	0.0363898346498	0.000324100017483	0.00421959402949	0.0208191511226
k__Bacteria;p__Bacteroidetes;c__Bacteroidia;o__Bacteroidales;f__Bacteroidaceae;g__Bacteroides;s__Bacteroides_plebeius	-0.0142126935319	0.0155365557235	-0.00514064281282	0.00985443706353	0.004110621944	0.0169124826132	0.00594515149814	-0.0148842118859	-0.0151040953849	0.00136413977086	0.0923223417973	0.0342778620455	-0.0135726036465	-0.0493789367151	-0.0260364715975	1.0	0.0107477128516	-0.0354576550163	0.0529940605467	-0.0117214218216	0.000802993268729	-0.007799690254	-0.0377979172582	-0.0547347174838	0.0175809542668	-0.0406524996906	-0.00621422773711	0.00400287154192	8.88070116715e-05	-0.0168323726861	-0.032033744746	-0.0504911811159	0.0115193682218	0.0109918062953	0.0374516812276	-0.0291216831338	-0.0112463494127	0.0394767767696	0.00936957079837	0.0291944259863	0.0194195334046	-0.0369279477008	0.0114306203254	-0.00622633455559	0.0207135242309	-0.00801718128505	-0.0206060801539	0.00864131361683	0.017908085854	-0.0150321388095	0.00859395712448	-0.0730758988269	-0.0186655338399	-0.0563149537744	-0.0267616316767	0.00413285203653	0.0438047388599	0.0134024445845	0.00821085204744
k__Bacteria;p__Bacteroidetes;c__Bacteroidia;o__Bacteroidales;f__Bacteroidaceae;g__Bacteroides;s__Bacteroides_fragilis	-0.0149171484191	0.00804793117416	0.0430054722077	-0.0251052196006	-0.0108159583632	-0.0263985483385	-0.00210519162884	-0.0102794415642	0.0250696872432	0.0317974009561	0.0348375035695	-0.00535984509468	-0.0221104644565	0.02555530816	-0.0561888901827	0.0107477128516	1.0	-0.0392170124811	0.00162669763118	-0.0384836484943	-0.0532652515289	0.00544393500607	-0.00391165042544	-0.00768556466526	-0.0399007896186	-0.0256026950693	-0.00802822922026	-0.0254068715944	-0.0350822024401	0.0291874990616	-0.0281050196165	0.0440886415484	0.00153244183661	0.04076090339	-0.0107814756385	0.0185655301016	0.0281324856662	0.0527098132579	0.0500820358556	-0.016217107237	-0.0126260782854	-0.00657189194131	-0.0016434106715	-0.0241446340687	0.0140401354885	-0.0125119709997	0.00169377890432	-0.0130187585895	-0.0441498627465	-0.0209900100037	0.0644406845008	-0.00595887091201	-0.0077148487917	-0.000591518773891	0.00767848689676	0.0159020699743	0.0302657329658	0.00317998805033	-0.0593138656448
k__Bacteria;p__Proteobacteria;c__Betaproteobacteria;o__Burkholderiales;f__Sutterellaceae;g__Sutterella;s__Sutterella_wadsworthensis	0.0607954937059	0.0134731793813	-0.0384210142149	-0.0372306121217	0.0433726196482	0.0582321689407	-0.0227796856013	-0.0172029584227	-0.0721082250245	-0.0092024479435	-0.0189454192827	-0.0510602049624	0.00291409329093	-0.0191368078625	-0.0351587402899	-0.0354576550163	-0.0392170124811	1.0	0.0104766610615	-0.0383323878194	0.0441217262482	-0.0220600501821	-0.00950235767989	0.0076482805617	0.0729704758492	-0.0533397211723	-0.00597923050413	-0.028334105735	-0.0285249468193	0.00403006325761	0.0880695411837	0.0378664214554	0.0357683477567	-0.0370487680125	0.0109243579208	-0.0673670812788	-0.0136554640558	-0.00336482227278	-0.0183553615875	0.063791042534	0.00566905495315	-0.0328769483428	-0.00601139390728	-0.0148401378083	-0.0973616176548	-0.00369820139017	-0.0153338776332	0.0133360555219	0.0175953126995	0.0149306369932	0.026146016565	-0.00353231689191	0.0221970449512	-0.00311159359551	-0.089961147149	-0.0124691577353	0.000563786260788	0.0426757457731	-0.0133023054237
k__Bacteria;p__Bacteroidetes;c__Bacteroidia;o__Bacteroidales;f__Porphyromonadaceae;g__Barnesiella;s__Barnesiella_intestinihominis	-0.0680676107643	-0.0247225708165	-0.0584327017183	-0.0131822943395	0.0569326970858	-0.0313614420857	0.031775332616	-0.0298955634196	0.0190592846124	0.00896651477083	0.0104152003002	-0.0206300608626	0.0308869454843	0.00260372725147	-0.0350384410648	0.0529940605467	0.00162669763118	0.0104766610615	1.0	-0.0062450435828	-0.0134934022011	-0.058988730142	-0.0438611476917	0.0557909398795	0.00136553405546	0.0491323034974	-0.0413492169709	-0.00596444709995	-0.0393477602317	-0.0475987091039	0.00831959212032	-0.00908216323071	-0.0839278947368	-0.000164059828183	-0.0184287308479	0.0041132274662	-0.0214444600739	-0.0318595006459	-0.0172576691076	0.00145178730251	-0.0483060857602	0.0337785633566	-0.00173387925681	-0.0789256482206	-0.0312169804155	-0.0293222234563	-0.0619338334339	0.0343941515691	-0.0275003868099	-0.0189033306429	0.0344359603318	0.0218482520728	0.0397820622761	0.0408969138759	0.0110574723962	0.0291043713169	0.0325657433003	-0.016342023355	0.0267872023188
k__Bacteria;p__Bacteroidetes;c__Bacteroidia;o__Bacteroidales;f__Odoribacteraceae;g__Odoribacter;s__Odoribacter_splanchnicus	-0.071606009651	-0.0296880833155	-0.0165939901938	-0.00338420360068	-0.00420200610635	0.0178761273379	-0.0116919629888	0.0108148108758	-0.0123181783782	0.0306400173702	-0.0326388342645	0.0413895152563	0.0400170523629	-0.0022788363676	-0.00229718263506	-0.0117214218216	-0.0384836484943	-0.0383323878194	-0.0062450435828	1.0	0.014158570326	-0.0119151728554	0.0294835388755	0.0184363402434	0.0309813954575	-0.0306639868906	0.0208639039487	-0.0287824221359	0.0341157951048	0.0716014713909	-0.00480992101532	-0.0119063088688	0.00796372417021	0.0164911082329	0.0301877163708	-0.0362193318514	-0.0263035046562	-0.0300959667195	-0.0287737324563	-0.0948968675131	0.0465936684153	0.0044902889866	-0.0134860840869	-0.0517939065328	-0.0313947444845	-0.0134883788426	0.0445055457175	-0.0454486503506	0.0194009826372	0.00713041276304	-0.0300843421553	0.00304565929521	-0.0166553499135	-0.0282483807485	0.0567588827743	0.0170795605575	0.0208865000134	-0.0656864430297	0.00274577012614
k__Bacteria;p__Bacteroidetes;c__Bacteroidia;o__Bacteroidales;f__Bacteroidaceae;g__Bacteroides;s__Bacteroides_salyersiae	-0.0627831738599	-0.0418353099528	-0.00452127313981	0.0206420382624	-0.0297429128186	-0.0378983979646	-0.0306889421525	-0.0396329847209	-0.0663640754551	0.00603001280893	-0.00287072115477	0.0212278644289	-0.00952551127539	0.0119029131535	0.0232597047601	0.000802993268729	-0.0532652515289	0.0441217262482	-0.0134934022011	0.014158570326	1.0	-0.00219634140383	0.0107878723927	-0.00954592002188	0.0177753990729	0.00665597932028	0.0117063543688	0.0484367659957	0.00751123976014	-0.0994009238894	-0.0444580743667	0.0663710716828	0.0186674054057	-0.0554510588752	0.050609036226	-0.0123038691963	-2.42122518958e-06	-0.0110115536182	-0.00403577768202	0.0108729163409	-0.0100261060822	-0.020065924217	0.0229997393866	0.0630260100556	0.0103167470808	-0.00571186817952	-0.0619587039108	0.0513246246437	-0.029610159005	0.0276900647096	-0.018071565956	-0.061237659984	0.0561205826923	0.0726153366404	-0.0334372958511	0.0353381279823	-0.0130269006963	0.0175047618061	-0.0231089525138
k__Bacteria;p__Firmicutes;c__Clostridia;o__Clostridiales;f__Ruminococcaceae;g__Ruminiclostridium;s__[Eubacterium]_siraeum	0.0306150668504	-0.0148537982529	0.000392765678061	-0.039123565232	-0.00870804406177	-0.0282175458007	-0.030483652318	-0.0124303870011	0.024116177615	0.00413176649478	-0.0364248996825	0.0054328916026	0.0625517236029	0.0304244861042	0.00240142816924	-0.007799690254	0.00544393500607	-0.0220600501821	-0.058988730142	-0.0119151728554	-0.00219634140383	1.0	0.0187295846442	-0.0286188770942	-0.0655606259973	-0.0169147763431	0.0131687564694	-0.000576408772222	0.0361934619868	0.0012716622285	-0.0579421013173	-0.00974949122383	-0.0290175727761	-0.0194291507841	0.0240077342874	0.00513445709004	-0.00232049779834	0.0192275093616	-0.0358266142874	-0.0543638762482	-0.0926662384798	0.00617184438965	0.0266402858853	0.0152469860079	-0.0512783743295	-0.0295528312977	-0.0346082818452	0.023014007445	0.0551173360601	0.0324632824993	-0.0496267343795	-0.0335420778528	-0.00302751991365	-0.000952511520293	0.00323802887123	-0.0216142438197	-0.0171748276535	-0.00316816241533	-0.0118699225149
k__Bacteria;p__Proteobacteria;c__Betaproteobacteria;o__Burkholderiales;f__Sutterellaceae;g__Parasutterella;s__Parasutterella_excrementihominis	-0.0168326471224	-0.0114916626298	-0.0401561576527	-0.0237659302534	-0.0355141997071	-0.00129194002259	-0.0286020243093	-0.0148596531546	0.020609213949	-0.0322260875771	-0.0195467897813	-0.00940622067791	-0.0500308285026	-0.00975873606911	-0.0156037224638	-0.0377979172582	-0.00391165042544	-0.00950235767989	-0.0438611476917	0.0294835388755	0.0107878723927	0.0187295846442	1.0	-0.00847922679302	-0.0185188763273	0.0428252031819	0.0223234461382	-0.0188990837105	0.0208751559997	0.0160377167624	-0.0245398368043	-0.029787962788	-0.0802935481329	-0.0503143977439	-0.0346950931158	0.0501894273469	-0.0329580216634	-0.0284546871833	0.0520529891508	-0.0266989983391	0.0722376272004	-0.020697730486	0.0391445201251	0.0241179649738	0.00448981306263	0.0116722724778	-0.0285698259013	-0.0174979910564	-0.0338196238931	-0.0288953521545	0.0373210930041	0.0386760351757	0.0154391919032	0.0103197362049	-0.0285524386208	0.051196864231	-0.0383019098303	0.0208457374375	-0.0154551002123
k__Bacteria;p__Actinobacteria;c__Actinobacteria;o__Bifidobacteriales;f__Bifidobacteriaceae;g__Bifidobacterium;s__Bifidobacterium_adolescentis	0.0192848423807	-0.00295555536491	-0.00289062029826	-0.0614871518472	0.0873870231927	-0.0291386002072	0.01607131198	0.0216306086998	0.0102086250508	-0.0124342747025	-0.0219197350617	-0.0532438003852	-0.0022717757308	0.0274188450919	0.015826809063	-0.0547347174838	-0.00768556466526	0.0076482805617	0.0557909398795	0.0184363402434	-0.00954592002188	-0.0286188770942	-0.00847922679302	1.0	-0.0711487400047	0.0123467269017	-0.00194180808213	0.0493723129073	-0.0160500756595	0.0308372791792	-0.0627261317676	0.022906240179	0.0244796740421	0.011704401106	-0.032650158104	-0.0182318152301	0.0369199381915	-0.0678288806314	0.00462790059248	0.0455721762022	-0.0668984224152	-0.0250305486967	-0.0169570397334	0.0232246260561	0.0188825975581	0.0114448629987	-0.0351744585362	-0.0593150661813	-0.00954139596992	-0.0372584913611	-0.0306909266545	0.00428095952152	0.0766209330998	-0.0560009006184	0.00970507369681	-0.0150442286313	0.0370866830663	0.0536007670423	-0.0692953195959
k__Bacteria;p__Firmicutes;c__Clostridia;o__Clostridiales;f__Oscillospiraceae;g__Oscillibacter;s__Oscillibacter_sp._KLE_1745	0.000336028427595	-0.0297839628922	0.019624956049	-0.00527536953278	0.0262408012659	-0.0177337796044	0.0229895696813	0.00787641530253	0.0147894786074	-0.029232304544	-0.0610648545953	0.045411844676	0.00131484378808	-0.0210615364634	-0.0585960351908	0.0175809542668	-0.0399007896186	0.0729704758492	0.00136553405546	0.0309813954575	0.0177753990729	-0.0655606259973	-0.0185188763273	-0.0711487400047	1.0	0.0154015021788	-0.0112248484514	-0.0249088537369	-0.00904400297074	-0.0732716771785	-0.0633279712224	0.0562750839538	0.0112566499168	0.00135625090331	-0.00815713362301	0.0562120488083	0.0610884581992	0.04533464502	0.00860578183188	0.0637402040196	0.0334303961937	0.0117515442209	0.0236968024265	-0.00920921439691	-0.0256174700178	-0.0504784769075	0.0105674243156	-0.0302903369249	-0.0339181512531	0.0115329071118	-0.0322844311718	-0.0142025104967	-0.0227934031983	0.0338049983011	-0.032014836449	0.00887190019254	-0.0448104326787	0.0541234643889	-0.0202106982115
k__Bacteria;p__Bacteroidetes;c__Bacteroidia;o__Bacteroidales;f__Bacteroidaceae;g__Bacteroides;s__Bacteroides_coprophilus	-0.0259827008276	-0.0100870968332	-0.0390617246104	0.0131397772974	-0.0265805010744	-0.00467837065268	0.00335917221326	-0.00138157209321	0.0417739845054	0.0355506761254	-0.0636021340675	-0.0051871482066	0.0341498380639	-0.0106587533163	0.0334185892097	-0.0406524996906	-0.0256026950693	-0.0533397211723	0.0491323034974	-0.0306639868906	0.00665597932028	-0.0169147763431	0.0428252031819	0.0123467269017	0.0154015021788	1.0	-0.0259376615754	0.0103495205986	-0.0126449994208	-0.0664994621965	0.0554193777909	-0.0290865678821	-0.0176267676554	-0.0479701273802	0.00169970872373	-0.0242972599028	0.0285998259498	-0.0096744628536	0.000507051215979	-0.0166357455223	-0.014608926857	-0.0180534873531	-0.0143287010477	-0.00979176198148	-0.0141568134095	0.0146266216842	0.0440689907299	0.0330113942734	-0.0110718470343	-0.0388633947983	0.0158718585733	-0.0301449584233	-0.0464545464897	-0.0223260051146	-0.062827169417	-0.007255716831	-0.00656911167495	-0.0242381484264	0.0060602215938
k__Bacteria;p__Firmicutes;c__Clostridia;o__Clostridiales;f__Lachnospiraceae;g__Roseburia;s__Roseburia_intestinalis	0.0129958962651	-0.00325063975516	0.00461213263103	-0.00190060938739	-0.027443152528	-0.0434571554909	-0.0188646512447	-0.0133185844274	-0.00536206570871	-0.0697156226906	0.0157104090741	-0.10075519336	-0.0267223481356	-0.00850939466195	-0.0354502057333	-0.00621422773711	-0.00802822922026	-0.00597923050413	-0.0413492169709	0.0208639039487	0.0117063543688	0.0131687564694	0.0223234461382	-0.00194180808213	-0.0112248484514	-0.0259376615754	1.0	0.0347341414394	0.0267958600428	-0.0152111241756	-0.0306420698738	0.0167986811424	0.0205616770062	-0.0548952036101	-0.0406728213846	-0.00412897104476	-0.0217457513502	-0.00493918771172	0.005824529867	0.0186716496881	0.00851446620023	-0.0120074122576	-0.0440509910334	0.012900749128	0.0571338641826	-0.0269966535314	-0.000101687005724	-0.0141971156201	-0.0216905275902	-0.0278374334916	0.00209712910708	-0.00178246869851	-0.057285812156	-0.0148475282859	-0.0114512525212	0.0290752700455	-0.010710545023	-0.024442082605	0.0188185434382
k__Bacteria;p__Firmicutes;c__Clostridia;o__Clostridiales;f__Lachnospiraceae;g__Roseburia;s__Roseburia_hominis	-0.00689512846422	-0.01889887389	-0.0186497064297	0.000708191599519	0.0512093736396	-0.0292105433279	-0.0145035678717	-0.00589537963929	-0.00377361235543	-0.0284228804589	-0.0226926403219	0.0173201324054	-0.0155917098349	-0.0602040969836	-0.0105657702525	0.00400287154192	-0.0254068715944	-0.028334105735	-0.00596444709995	-0.0287824221359	0.0484367659957	-0.000576408772221	-0.0188990837105	0.0493723129073	-0.0249088537369	0.0103495205986	0.0347341414394	1.0	-0.0133448167691	-0.0313329933268	-0.0562370938267	0.0259338209426	0.0167470997898	-0.08399447553	-0.0136062081565	0.00253315367801	0.0586338997336	0.00194106773746	0.044401097962	-0.0169189479054	-0.0241848313475	-0.0180200396634	-0.0354513109555	0.0131276195146	-0.0191179565557	0.0218954811705	0.0362018223376	-0.00105006180358	0.00506383997717	0.0228246275108	0.0113863258895	-0.0540472304463	-0.0886916699374	0.0250393250901	0.0069236946938	0.000574546243995	-0.0590344297679	-0.0239634496602	-0.0810873772095
k__Bacteria;p__Bacteroidetes;c__Bacteroidia;o__Bacteroidales;f__Porphyromonadaceae;g__Parabacteroides;s__Parabacteroides_johnsonii	0.0122239169919	0.00949852365402	-0.0143178462652	-0.0302438389928	0.0226398714309	0.00408187741163	0.0269314157943	-0.00983003864261	0.00960302072976	7.00188353939e-05	-0.0108926552215	-0.0424954692241	-0.0187070509609	-0.0328468580818	-0.0208521112452	8.88070116715e-05	-0.0350822024401	-0.0285249468193	-0.0393477602317	0.0341157951048	0.00751123976014	0.0361934619868	0.0208751559997	-0.0160500756595	-0.00904400297074	-0.0126449994208	0.0267958600428	-0.0133448167691	1.0	0.0160291747544	0.011619532559	0.00512372558823	0.00217907639822	-0.0436736153224	0.00303787257525	-0.0710448834187	0.00039398349699	-0.01050429303	-0.077825287926	-0.00604337465907	-0.00442944828432	-0.0437242981074	-0.00860956680245	0.00338827329969	0.0102005746456	0.00114497832588	0.0494456228262	0.00923352756938	-0.0182619736731	-0.0507192451433	0.0275308756854	-0.0451306373685	-0.0566522475358	-0.00316857687432	0.028938204954	-0.0451181847922	-0.00595797931285	-0.0585115171695	0.0188802369425
k__Bacteria;p__Actinobacteria;c__Actinobacteria;o__Bifidobacteriales;f__Bifidobacteriaceae;g__Bifidobacterium;s__Bifidobacterium_longum	0.0354269625439	0.00137473521137	-0.0402342520649	0.0260529683459	-0.0239993094484	0.0385039736493	0.0093731966606	-0.0191976179333	-0.0262917719455	0.0363694188384	0.0381155711817	-0.0169500900463	0.00360325283457	-0.0285525732947	-0.0190889669625	-0.0168323726861	0.0291874990616	0.00403006325761	-0.0475987091039	0.0716014713909	-0.0994009238894	0.0012716622285	0.0160377167624	0.0308372791792	-0.0732716771785	-0.0664994621965	-0.0152111241756	-0.0313329933268	0.0160291747544	1.0	-0.0213562785804	-0.00316048086139	0.0455418416719	-0.040728574695	-0.00852248477057	-0.00724406355931	-0.0119307618309	0.00331135709125	0.0110131269374	-0.0478850973962	-0.011397788062	-0.0415323093386	-0.0424238570301	0.0319782313788	0.00832642056814	-0.0535837607862	-0.0184857512826	-0.0177698191919	0.00484508291766	0.0614455563988	0.0328270977122	-0.00517192521859	-0.0307583250455	-0.0982574611602	-0.0167290169142	-0.0409904262341	-0.0104385163766	0.00854322439105	-0.0233566102726
