#taxonomy	k__Bacteria;p__Bacteroidetes;c__Bacteroidia;o__Bacteroidales;f__Bacteroidaceae;g__Bacteroides;s__Bacteroides_vulgatus	k__Bacteria;p__Bacteroidetes;c__Bacteroidia;o__Bacteroidales;f__Bacteroidaceae;g__Bacteroides;s__Bacteroides_uniformis	k__Bacteria;p__Bacteroidetes;c__Bacteroidia;o__Bacteroidales;f__Rikenellaceae;g__Alistipes;s__Alistipes_putredinis	k__Bacteria;p__Bacteroidetes;c__Bacteroidia;o__Bacteroidales;f__Prevotellaceae;g__Prevotella;s__Prevotella_copri	k__Bacteria;p__Bacteroidetes;c__Bacteroidia;o__Bacteroidales;f__Bacteroidaceae;g__Bacteroides;s__Bacteroides_stercoris	k__Bacteria;p__Bacteroidetes;c__Bacteroidia;o__Bacteroidales;f__Bacteroidaceae;g__Bacteroides;s__Bacteroides_ovatus	k__Bacteria;p__Bacteroidetes;c__Bacteroidia;o__Bacteroidales;f__Rikenellaceae;g__Alistipes;s__Alistipes_shahii	k__Bacteria;p__Firmicutes;c__Clostridia;o__Clostridiales;f__Ruminococcaceae;g__Faecalibacterium;s__Faecalibacterium_prausnitzii	k__Bacteria;p__Bacteroidetes;c__Bacteroidia;o__Bacteroidales;f__Rikenellaceae;g__Alistipes;s__Alistipes_finegoldii	k__Bacteria;p__Bacteroidetes;c__Bacteroidia;o__Bacteroidales;f__Porphyromonadaceae;g__Parabacteroides;s__Parabacteroides_distasonis	k__Bacteria;p__Bacteroidetes;c__Bacteroidia;o__Bacteroidales;f__Bacteroidaceae;g__Bacteroides;s__Bacteroides_thetaiotaomicron	k__Bacteria;p__Bacteroidetes;c__Bacteroidia;o__Bacteroidales;f__Bacteroidaceae;g__Bacteroides;s__Bacteroides_coprocola	k__Bacteria;p__Bacteroidetes;c__Bacteroidia;o__Bacteroidales;f__Bacteroidaceae;g__Bacteroides;s__Bacteroides_cellulosilyticus	k__Bacteria;p__Bacteroidetes;c__Bacteroidia;o__Bacteroidales;f__Rikenellaceae;g__Alistipes;s__Alistipes_obesi	k__Bacteria;p__Firmicutes;c__Clostridia;o__Clostridiales;f__Lachnospiraceae;g__;s__[Eubacterium]_rectale	k__Bacteria;p__Bacteroidetes;c__Bacteroidia;o__Bacteroidales;f__Bacteroidaceae;g__Bacteroides;s__Bacteroides_plebeius	k__Bacteria;p__Bacteroidetes;c__Bacteroidia;o__Bacteroidales;f__Bacteroidaceae;g__Bacteroides;s__Bacteroides_fragilis	k__Bacteria;p__Proteobacteria;c__Betaproteobacteria;o__Burkholderiales;f__Sutterellaceae;g__Sutterella;s__Sutterella_wadsworthensis	k__Bacteria;p__Bacteroidetes;c__Bacteroidia;o__Bacteroidales;f__Porphyromonadaceae;g__Barnesiella;s__Barnesiella_intestinihominis	k__Bacteria;p__Bacteroidetes;c__Bacteroidia;o__Bacteroidales;f__Odoribacteraceae;g__Odoribacter;s__Odoribacter_splanchnicus	k__Bacteria;p__Bacteroidetes;c__Bacteroidia;o__Bacteroidales;f__Bacteroidaceae;g__Bacteroides;s__Bacteroides_salyersiae	k__Bacteria;p__Firmicutes;c__Clostridia;o__Clostridiales;f__Ruminococcaceae;g__Ruminiclostridium;s__[Eubacterium]_siraeum	k__Bacteria;p__Proteobacteria;c__Betaproteobacteria;o__Burkholderiales;f__Sutterellaceae;g__Parasutterella;s__Parasutterella_excrementihominis	k__Bacteria;p__Actinobacteria;c__Actinobacteria;o__Bifidobacteriales;f__Bifidobacteriaceae;g__Bifidobacterium;s__Bifidobacterium_adolescentis	k__Bacteria;p__Firmicutes;c__Clostridia;o__Clostridiales;f__Oscillospiraceae;g__Oscillibacter;s__Oscillibacter_sp._KLE_1745	k__Bacteria;p__Bacteroidetes;c__Bacteroidia;o__Bacteroidales;f__Bacteroidaceae;g__Bacteroides;s__Bacteroides_coprophilus	k__Bacteria;p__Firmicutes;c__Clostridia;o__Clostridiales;f__Lachnospiraceae;g__Roseburia;s__Roseburia_intestinalis	k__Bacteria;p__Firmicutes;c__Clostridia;o__Clostridiales;f__Lachnospiraceae;g__Roseburia;s__Roseburia_hominis	k__Bacteria;p__Bacteroidetes;c__Bacteroidia;o__Bacteroidales;f__Porphyromonadaceae;g__Parabacteroides;s__Parabacteroides_johnsonii	k__Bacteria;p__Actinobacteria;c__Actinobacteria;o__Bifidobacteriales;f__Bifidobacteriaceae;g__Bifidobacterium;s__Bifidobacterium_longum	k__Bacteria;p__Firmicutes;c__Clostridia;o__Clostridiales;f__;g__Flavonifractor;s__Flavonifractor_plautii	k__Bacteria;p__Firmicutes;c__Clostridia;o__Clostridiales;f__Clostridiaceae;g__Clostridium;s__Clostridium_phoceensis	k__Bacteria;p__Verrucomicrobia;c__Verrucomicrobiae;o__Verrucomicrobiales;f__Akkermansiaceae;g__Akkermansia;s__Akkermansia_muciniphila	k__Bacteria;p__Bacteroidetes;c__Bacteroidia;o__Bacteroidales;f__Prevotellaceae;g__Paraprevotella;s__Paraprevotella_xylaniphila	k__Bacteria;p__Firmicutes;c__Clostridia;o__Clostridiales;f__Ruminococcaceae;g__Ruminococcus;s__Ruminococcus_callidus	k__Bacteria;p__Bacteroidetes;c__Bacteroidia;o__Bacteroidales;f__Rikenellaceae;g__Alistipes;s__Alistipes_senegalensis	k__Bacteria;p__Firmicutes;c__Clostridia;o__Clostridiales;f__Lachnospiraceae;g__Blautia;s__Blautia_sp._KLE_1732	k__Bacteria;p__Bacteroidetes;c__Bacteroidia;o__Bacteroidales;f__Bacteroidaceae;g__Bacteroides;s__Bacteroides_oleiciplenus	k__Bacteria;p__Firmicutes;c__Clostridia;o__Clostridiales;f__Ruminococcaceae;g__Ruminococcus;s__Ruminococcus_bicirculans	k__Bacteria;p__Bacteroidetes;c__Bacteroidia;o__Bacteroidales;f__Bacteroidaceae;g__Bacteroides;s__Bacteroides_fluxus	k__Bacteria;p__Bacteroidetes;c__Bacteroidia;o__Bacteroidales;f__Prevotellaceae;g__Prevotella;s__Prevotella_stercorea	k__Bacteria;p__Firmicutes;c__Clostridia;o__Clostridiales;f__Lachnospiraceae;g__Dorea;s__Dorea_longicatena	k__Bacteria;p__Firmicutes;c__Clostridia;o__Clostridiales;f__Eubacteriaceae;g__Eubacterium;s__[Eubacterium]_eligens	k__Bacteria;p__Firmicutes;c__Clostridia;o__Clostridiales;f__Ruminococcaceae;g__;s__Ruminococcaceae_bacterium_D16	k__Bacteria;p__Firmicutes;c__Clostridia;o__Clostridiales;f__Lachnospiraceae;g__Coprococcus;s__Coprococcus_comes	k__Bacteria;p__Proteobacteria;c__Gammaproteobacteria;o__Enterobacterales;f__Enterobacteriaceae;g__Escherichia;s__Escherichia_coli	k__Bacteria;p__Firmicutes;c__Clostridia;o__Clostridiales;f__Ruminococcaceae;g__Anaerotruncus;s__Anaerotruncus_colihominis	k__Bacteria;p__Firmicutes;c__Clostridia;o__Clostridiales;f__Lachnospiraceae;g__Blautia;s__Blautia_obeum	k__Bacteria;p__Bacteroidetes;c__Bacteroidia;o__Bacteroidales;f__Odoribacteraceae;g__Odoribacter;s__Odoribacter_laneus	k__Bacteria;p__Firmicutes;c__Clostridia;o__Clostridiales;f__Ruminococcaceae;g__Ruminiclostridium;s__[Clostridium]_leptum	k__Bacteria;p__Bacteroidetes;c__Bacteroidia;o__Bacteroidales;f__Porphyromonadaceae;g__Parabacteroides;s__Parabacteroides_goldsteinii	k__Bacteria;p__Firmicutes;c__Clostridia;o__Clostridiales;f__Lachnospiraceae;g__Anaerostipes;s__Anaerostipes_hadrus	k__Bacteria;p__Firmicutes;c__Clostridia;o__Clostridiales;f__Ruminococcaceae;g__Ruminococcus;s__Ruminococcus_lactaris	k__Bacteria;p__Firmicutes;c__Clostridia;o__Clostridiales;f__Clostridiaceae;g__Clostridium;s__Clostridium_sp._L2-50	k__Bacteria;p__Firmicutes;c__Clostridia;o__Clostridiales;f__Clostridiaceae;g__Clostridium;s__Clostridium_sp._M62/1	k__Bacteria;p__Firmicutes;c__Clostridia;o__Clostridiales;f__;g__Intestinimonas;s__Intestinimonas_butyriciproducens	k__Bacteria;p__Actinobacteria;c__Actinobacteria;o__Bifidobacteriales;f__Bifidobacteriaceae;g__Bifidobacterium;s__Bifidobacterium_bifidum	k__Bacteria;p__Firmicutes;c__Negativicutes;o__Veillonellales;f__Veillonellaceae;g__Dialister;s__Dialister_invisus	k__Bacteria;p__Bacteroidetes;c__Bacteroidia;o__Bacteroidales;f__Bacteroidaceae;g__Bacteroides;s__Bacteroides_salanitronis
k__Bacteria;p__Bacteroidetes;c__Bacteroidia;o__Bacteroidales;f__Bacteroidaceae;g__Bacteroides;s__Bacteroides_vulgatus	1.0	0.00261192087349	0.048558667756	-0.0109891758418	0.0152326787226	0.0236742727455	-0.02627413698	-0.0389532615382	0.00803646372571	0.0402856981573	-0.0188108715301	-0.101050120971	0.0378758324083	0.00771607073429	-0.0334809549129	-0.0442763911792	0.0239964365481	0.00239332364462	-0.0243185055997	-0.00991893958648	-0.0260403907426	-0.030174105083	-0.0276960342984	0.0216677159684	-0.0508599990733	-0.0330591613246	-0.0236021418182	-0.0555063544311	0.0042423758913	-0.0273906690756	0.00215678140322	-0.0289900049247	0.016128021825	-0.0280582550196	-0.00512213845008	-0.00882684979084	-0.0471507710086	0.0328895445585	-0.042723014826	-8.35684297796e-05	-0.00580010031809	0.0144768561881	0.00924160782788	0.0326749297508	0.00430076128094	0.0439714809246	-0.0282743730867	-0.0259121392167	-0.0511653240982	0.00893964059879	-0.0144118666114	0.0143472717106	-0.0193836533059	0.00674902458461	0.0318047665531	0.0276608826621	-0.0453329295619	-0.0375095480999	0.0139084586707
k__Bacteria;p__Bacteroidetes;c__Bacteroidia;o__Bacteroidales;f__Bacteroidaceae;g__Bacteroides;s__Bacteroides_uniformis	0.00261192087349	1.0	0.0128629073922	-0.0603987882518	0.016641250981	-0.033168991751	0.0148356241727	-0.024741428419	-0.0520572378107	-0.0363225242607	0.00113893131168	-0.0321678645324	0.0273701834738	0.000719351645501	-0.00969710449109	-0.00927702822458	-0.024257949251	-0.0279476986807	0.0199911883023	0.077571468919	0.00651663508316	0.00516642603711	-0.0277586316104	0.0267589231888	-0.0414234956187	-0.00315697641779	0.0120598166229	0.00796611678041	0.0270514147283	-0.0359346033111	0.0161998668485	0.00248128966443	0.0132115246045	-0.0368987813181	-0.0127205655954	-0.0219197453201	-0.0167765502011	0.00113391407139	-0.0341833018124	-0.0266985289192	-0.0182767968819	0.0103122571324	-0.00214679908277	0.00811229513625	0.018416120952	0.0623934304192	-0.0171473420443	-0.011695843237	-0.045645022457	0.0675993114151	-0.0549994903505	-0.0152286667266	0.0599289001053	-0.0818351651875	-0.0555904729727	0.0316802523222	-0.0346544529379	0.00364449210176	0.0237457261985
k__Bacteria;p__Bacteroidetes;c__Bacteroidia;o__Bacteroidales;f__Rikenellaceae;g__Alistipes;s__Alistipes_putredinis	0.048558667756	0.0128629073922	1.0	-0.0192285526863	-0.0115290747045	-0.0380900802792	-0.034532474293	-0.0571192613185	-0.034657475303	-0.025206293929	-0.0023054056704	-0.0067526414286	-0.0331144791535	5.58534435048e-05	0.0476446082658	0.0141214939832	-0.0638493490655	-0.0538298625344	-0.0464776249766	-0.0122376829546	-0.0294645092246	-0.0199521915156	-0.041066181467	0.00742197211907	-0.0174937662125	0.00591901875756	-0.0118882887774	0.0472736081367	-0.0245567313157	0.00434690097127	0.0275890602933	0.0256326397667	-0.0217721796519	-0.0155165699578	0.00261054386927	-0.0386507969428	-0.034080995271	0.0341773656641	0.00304678941576	0.0210738486376	0.0147348650633	-0.00559878907914	0.0761653676417	0.0277441222323	0.028072902384	-0.00335248391966	-0.0283514295961	0.0161895574833	-0.0178452880747	0.0104880303135	0.0459495271506	-0.0125228690692	-0.027792582529	0.0281257829835	-0.00378281734935	-0.0418752980277	0.00862977105407	0.0126845533206	0.0390604112303
k__Bacteria;p__Bacteroidetes;c__Bacteroidia;o__Bacteroidales;f__Prevotellaceae;g__Prevotella;s__Prevotella_copri	-0.0109891758418	-0.0603987882518	-0.0192285526863	1.0	-0.0142362718793	0.0329053874966	-0.0213324230649	0.046439322106	0.0176977384246	0.00951547113706	-0.0527926824745	-0.0243332954949	0.00508660683203	-0.0408772611346	-0.0132837516613	-0.050284083957	-0.0108575725159	-0.0236470696876	0.011334444809	-0.0370960343527	-0.0451584763374	0.0750810562691	0.0154133336249	-0.0480138905098	0.021270231897	0.0160318274848	-0.0239960393237	0.020520343929	-0.0496354900542	0.0207193430839	-0.00454288988923	0.0698686934808	0.0482253853034	0.0249397197761	0.00271282431778	-0.0171819911838	-0.0323498458074	0.05038173531	-0.0573865487901	0.00788324270895	-0.0259854368859	-0.0146571867144	-0.0195101518746	-0.0460452605545	0.031383727656	-0.00302065980777	-0.0530137832742	0.0134814345919	0.00834919015231	0.0155468215687	0.00217034683127	0.0209101608706	0.0352804518618	0.00472164408765	0.0102036476643	-0.0424870551716	-0.0111898474962	-0.0358430606559	-0.00749118654446
k__Bacteria;p__Bacteroidetes;c__Bacteroidia;o__Bacteroidales;f__Bacteroidaceae;g__Bacteroides;s__Bacteroides_stercoris	0.0152326787226	0.016641250981	-0.0115290747045	-0.0142362718793	1.0	-0.0498428651413	-0.0415798245511	-0.0284640670648	0.0167749074632	0.0604348980714	-0.0355229611977	-0.0258306445104	0.00826360946464	0.00568275623048	-0.0465151019372	-0.0155562313471	-0.00859229961247	-0.00477306999869	-0.0147024995015	0.0670576966391	-0.0435227558045	-0.0592243979782	-0.000909954611215	-0.0395000447443	0.00862674688773	-0.055964824041	-0.00400073997811	-0.043540569978	-0.000445575440152	0.0390072392101	0.034844133817	-0.0239416787727	0.0585277894623	-0.0141540013855	-0.0107371273605	-0.0240310981903	-0.0490824735523	-0.0507943838955	-0.0111059100324	0.00128049399546	-0.0162148455902	0.0398343981218	-0.0200947841472	-0.0128100365979	0.000209837056667	-0.0143860181142	0.00303305236739	0.00794063349747	-0.0257106820912	0.0256822969778	-0.0343912096843	0.0395915020887	0.0024945431898	-0.0335908427091	-0.0205135616358	0.0368866051135	0.00618111688545	-0.0360106591446	-0.0169843367968
k__Bacteria;p__Bacteroidetes;c__Bacteroidia;o__Bacteroidales;f__Bacteroidaceae;g__Bacteroides;s__Bacteroides_ovatus	0.0236742727455	-0.033168991751	-0.0380900802792	0.0329053874966	-0.0498428651413	1.0	-0.0289850044791	0.0627695980206	-0.00367250504827	-0.056501886919	-0.0192099318888	-0.00370020063355	-0.00910462715559	0.0329862272062	-0.0422289373775	-0.0502676172605	4.1061926843e-05	0.0322640389115	0.060690761691	-0.000797961692192	0.00216559172707	-0.0280021425167	0.0127164652426	0.043850259025	-0.0106624936809	0.045275137972	-0.0073170034255	-0.00314333153807	-0.0376169004735	0.03529219276	-0.0402196492435	-0.027867842354	-0.0405437847173	-0.00130452577445	-0.0343571291878	-0.0268009668474	-0.0896291626933	0.0532365742997	-0.0732406529235	-0.0122024216385	-0.0415513717621	-0.015561636023	-0.0119397740031	-0.0171561866647	-0.0395110430407	-0.0264300118202	0.0322771010688	-0.0221539396358	-0.0181739981606	0.0115261440328	0.0101052002606	-0.00102414407571	-0.0293087770559	-0.0211534957177	0.0264992464006	0.0620605893276	0.0293324490007	0.0136658003402	0.0262677022545
k__Bacteria;p__Bacteroidetes;c__Bacteroidia;o__Bacteroidales;f__Rikenellaceae;g__Alistipes;s__Alistipes_shahii	-0.02627413698	0.0148356241727	-0.034532474293	-0.0213324230649	-0.0415798245511	-0.0289850044791	1.0	-0.00369928836798	-0.0708784626566	-0.0675169723488	-0.0418870338886	-0.0161054854849	-0.040070011174	0.01066596066	0.0883003856009	0.040195502894	-0.0126519727668	0.0131692528611	-0.00560416848076	0.0240515720189	-0.000365322820279	-0.0357680040325	-0.0690558420664	-0.00155855120954	0.0237131404501	0.0154567503007	0.0324081037601	-0.0116067780598	0.00190499234062	-0.0528853202422	0.00119532499727	-0.0521484243283	0.0306248584326	-0.0264711278504	-0.0535499897959	-0.049298072908	0.00913778380443	-0.000702109252639	-0.0130449388056	0.0331987811199	0.0377841983381	-0.0358305833685	0.0367896143876	0.0348157225244	0.0171671357399	0.011991633443	0.0329750294508	-0.0258265013521	0.00287108812115	0.0443688139613	-0.0105609167189	0.00620437016685	0.00692772962096	0.0228831099032	-0.0586710081992	-0.0276080881361	0.0100271060108	0.0238123419004	-0.000320349075113
k__Bacteria;p__Firmicutes;c__Clostridia;o__Clostridiales;f__Ruminococcaceae;g__Faecalibacterium;s__Faecalibacterium_prausnitzii	-0.0389532615382	-0.024741428419	-0.0571192613185	0.046439322106	-0.0284640670648	0.0627695980206	-0.00369928836798	1.0	0.00450243486614	0.0686095668301	0.0393151161276	-0.0294201795016	0.0250459587057	0.0101733317091	-0.0183492663638	-0.0576487129957	0.0729421077875	-0.0445040079291	0.0134409310827	0.000111852160587	-0.0549965791788	0.0035956102543	-0.0508114047593	0.032071921973	-0.0252934703036	-0.0168551152533	-0.0386448286706	-0.0329978226522	-0.0039580950512	0.0299416417878	0.062471532875	-0.0200572953149	0.0893680753623	-0.0345729800642	-0.109250978584	-0.0445916460387	-0.0552210195116	0.0446858478196	0.0453424523123	-0.042651797477	-0.0117451318069	0.0239145482898	-0.0522523485445	-0.0356383870131	-0.0091273133713	0.0463200060269	-0.0277573391215	-0.00407772785414	-0.0720054375248	0.0210535818642	0.0280557570273	-0.0230097366612	-0.00503190350958	0.0127157398433	0.0262796756561	-0.020879511639	0.0260795780679	-0.0204255297906	0.00875688712675
k__Bacteria;p__Bacteroidetes;c__Bacteroidia;o__Bacteroidales;f__Rikenellaceae;g__Alistipes;s__Alistipes_finegoldii	0.00803646372571	-0.0520572378107	-0.034657475303	0.0176977384246	0.0167749074632	-0.00367250504827	-0.0708784626566	0.00450243486614	1.0	0.04208387745	0.00190620800051	-0.00860958971242	-0.0175952537969	-0.0276776969408	0.0509571137112	-0.07062870393	0.017489247009	0.0183358990593	0.00183977293467	-0.0419145315365	-0.025723423054	-0.0545143651609	0.0153288126071	0.0521836890548	0.00680348164587	-0.00398812581164	0.0191800719627	-0.0178752396967	-0.00290361318907	0.00373555667668	-0.0402375228594	-0.0376947021419	-0.0537506909419	-0.020907166143	0.0175430232598	0.0400593688405	-0.0733626809101	-0.0516269283719	-0.00788480209279	-0.0244849348872	0.0193207245698	0.00574906397666	0.0134949834586	-0.00975604711226	-0.0502726086515	0.0414665925301	-0.00616224061539	-0.00324370743233	0.039104515771	0.000848192471947	-0.0294413733187	-0.0260674453072	-0.0383021591247	0.0420933074921	-0.0134482940902	0.0125219065056	-0.0686527922314	-0.0274046611618	-0.0847913984754
k__Bacteria;p__Bacteroidetes;c__Bacteroidia;o__Bacteroidales;f__Porphyromonadaceae;g__Parabacteroides;s__Parabacteroides_distasonis	0.0402856981573	-0.0363225242607	-0.025206293929	0.00951547113706	0.0604348980714	-0.056501886919	-0.0675169723488	0.0686095668301	0.04208387745	1.0	-0.000327635349767	-0.02800430299	-0.0289036496951	-0.0439559094406	0.00613308639189	-0.0324771386346	0.00634760303811	0.00236612614658	0.00898713038969	-0.00455446636463	0.00124329081186	0.000336292170622	-0.00670611064137	0.0145023551305	-0.045515761095	-0.0276730016111	-0.012076566339	-0.0489698801448	-0.0534839109238	0.00330346411924	-0.0150184633447	-0.00594098636117	0.0103313346083	-0.0348534751529	0.022957760468	-0.0110486844232	-0.0113017020333	0.0165312806102	0.0221427982417	0.0316867368667	-0.0230611597397	0.0418215259578	-0.0130209015893	0.0139894816904	-0.0165079124722	-0.0117854072368	-0.0304645320899	-0.0160559042837	0.00670915698033	0.00160555015587	-0.0423773447944	0.00385226753734	-0.0753599925048	-0.00617578480844	0.0394002516222	0.00846783252708	0.0892116577708	0.0115116811557	0.0211501432171
k__Bacteria;p__Bacteroidetes;c__Bacteroidia;o__Bacteroidales;f__Bacteroidaceae;g__Bacteroides;s__Bacteroides_thetaiotaomicron	-0.0188108715301	0.00113893131168	-0.0023054056704	-0.0527926824745	-0.0355229611977	-0.0192099318888	-0.0418870338886	0.0393151161276	0.00190620800051	-0.000327635349767	1.0	0.0187046044075	-0.0135822286683	0.0162972313737	-0.0314870732253	-0.0203721829222	-0.0670382363242	0.0208322645499	0.00941810727378	-0.036141948956	-0.0102536421324	0.0428458445606	0.00878885842915	-0.0340525510118	0.0472009723744	0.0213777031175	-0.044046283399	0.00993606475423	-0.00328235879874	-0.072131167095	0.0690949863866	-0.045176637994	-0.00658800060556	0.0156000233498	-0.0298403420321	-0.0124781254531	0.0340569205039	-0.0022333896544	-0.0635698029725	0.0400066242942	-0.0514530242124	0.0112870738261	-0.0430989996086	0.00166834882287	0.036504549422	-0.00728603063999	0.0609565314517	0.00804586662026	-0.0812155773885	0.0394349644014	-0.0176793816285	-0.0151250946906	-0.0472024654954	-0.0763034962204	-0.0268110837954	0.0405240639007	-0.0549189238596	0.0570407564136	-0.0070172902449
k__Bacteria;p__Bacteroidetes;c__Bacteroidia;o__Bacteroidales;f__Bacteroidaceae;g__Bacteroides;s__Bacteroides_coprocola	-0.101050120971	-0.0321678645324	-0.0067526414286	-0.0243332954949	-0.0258306445104	-0.00370020063355	-0.0161054854849	-0.0294201795016	-0.00860958971242	-0.02800430299	0.0187046044075	1.0	-0.0330784038842	0.0145366354223	0.00764656618269	-0.0641037131395	-0.0498341582145	0.06160454161	0.0256339367388	-0.00876188881153	-0.0365803072298	-0.0232263019028	-0.0614683988482	0.0416130152175	-0.0402911900919	-0.0134588032463	-0.0414141960729	-0.000499566858016	0.0390598847058	0.042746000274	-0.0311784816821	-0.0607712902168	0.0236249079479	-0.014933406325	0.0117602694821	0.0149378724744	0.0191203209685	-0.0265307271324	-0.0315451428141	0.0449572156505	0.00511325578915	-0.0665357035879	-0.0347393085535	0.0293848507872	0.0103515394331	-0.0703206735242	0.101613493044	-0.00807695601304	-0.0091065509446	-0.0193641427402	-0.0582079654572	0.0221792328093	-0.0423771083552	-0.000962065737144	0.0268952734003	-0.0537919487519	0.0198403552056	-0.0297746122988	-0.00862231597145
k__Bacteria;p__Bacteroidetes;c__Bacteroidia;o__Bacteroidales;f__Bacteroidaceae;g__Bacteroides;s__Bacteroides_cellulosilyticus	0.0378758324083	0.0273701834738	-0.0331144791535	0.00508660683203	0.00826360946464	-0.00910462715559	-0.040070011174	0.0250459587057	-0.0175952537969	-0.0289036496951	-0.0135822286683	-0.0330784038842	1.0	-0.0379135997699	0.0201489395622	0.0118471210209	0.00652842966028	-0.0202951383313	-0.00229723796094	-0.00224433486594	0.0104262493612	-0.0193227241132	0.00882481099015	-0.017930974671	-0.0659899903512	-0.00717288241763	-0.00185592391428	-0.00410614318053	-0.0466404349139	-0.0308259911372	-0.00365756221196	-0.00930984253509	0.0467370417507	0.0556011935638	-0.0386664044515	0.0102611991924	0.0555177212507	-0.0425944361673	0.0243364644093	-0.0715688047124	0.0337376984133	0.0104336624023	-0.0246950132539	-0.011093286318	-0.0288582327376	-0.0124394786562	-0.00730729720792	-0.0294170588194	-0.0184505032976	0.0768783329587	0.0352147543235	0.0152610002501	-0.0318150823739	0.011726876857	-0.0198736256372	-0.0308038077578	-0.00456523074179	-0.0152373439616	0.0225189840064
k__Bacteria;p__Bacteroidetes;c__Bacteroidia;o__Bacteroidales;f__Rikenellaceae;g__Alistipes;s__Alistipes_obesi	0.00771607073429	0.000719351645501	5.58534435048e-05	-0.0408772611346	0.00568275623048	0.0329862272062	0.01066596066	0.0101733317091	-0.0276776969408	-0.0439559094406	0.0162972313737	0.0145366354223	-0.0379135997699	1.0	0.000434302784822	-0.0111139447682	0.0188912723712	-0.0304085898283	-0.0220787400316	0.053642892523	-0.00333359720544	-0.0379206224684	0.0206623804526	-0.0502443874383	0.0204548103724	-0.00618572677044	0.00800752262239	-0.00181512867458	-0.00968175066914	0.00401642940153	-0.0823200341955	-0.0888895930336	-0.00724161607231	0.027588291304	0.0516108756254	0.046450871981	-0.0679577164465	0.0227143677722	-0.035399499069	-0.071150437179	0.0344976951676	-0.0263808910835	-0.0333920265869	-0.046841345635	-0.0105556798356	0.0209498104447	-0.0194708711651	-0.00168457609307	-0.0218414282659	-0.0182007619911	-0.0305664704454	-0.00979966577137	0.0187685933722	0.0351814916009	-0.0412713859306	-0.00262000013682	0.0482154884837	0.00240170227596	0.0285466353038
k__Bacteria;p__Firmicutes;c__Clostridia;o__Clostridiales;f__Lachnospiraceae;g__;s__[Eubacterium]_rectale	-0.0334809549129	-0.00969710449109	0.0476446082658	-0.0132837516613	-0.0465151019372	-0.0422289373775	0.0883003856009	-0.0183492663638	0.0509571137112	0.00613308639189	-0.0314870732253	0.00764656618269	0.0201489395622	0.000434302784822	1.0	-0.0286964297815	-0.0239597046698	0.00365097231887	-0.0247854101408	-0.00702521389505	0.0248266737057	0.0485457674899	0.0496327673324	-0.0605451841046	0.069023367536	0.0085506505234	0.015059761754	-0.0298741237081	-0.0201682797025	0.00409170525961	0.017908903179	-0.0448777371608	-0.036911013537	-0.0648276987273	0.0317909033761	0.00438233012506	0.0173987382053	-0.000880738501076	-0.0557580733654	-0.0511582337372	0.0277332139574	-0.0172837754631	-0.0267234334879	-0.00360211113939	-0.000195440437614	-0.0438300627011	-0.0349723018264	0.0089421153118	0.00546505733258	-0.0503458484341	-0.0155096980819	0.00433881343333	0.0602809294658	0.0633617590352	0.0178651419914	0.0368262167423	0.0162940762334	-0.0368985026934	-0.00804355310167
k__Bacteria;p__Bacteroidetes;c__Bacteroidia;o__Bacteroidales;f__Bacteroidaceae;g__Bacteroides;s__Bacteroides_plebeius	-0.0442763911792	-0.00927702822458	0.0141214939832	-0.050284083957	-0.0155562313471	-0.0502676172605	0.040195502894	-0.0576487129957	-0.07062870393	-0.0324771386346	-0.0203721829222	-0.0641037131395	0.0118471210209	-0.0111139447682	-0.0286964297815	1.0	-0.0608398456007	-0.0316110208557	0.0126953784925	0.0134419313746	-0.0559255052247	0.0284335162189	0.0217766806848	-0.0145164359601	-0.0130465590852	0.0195217263193	-0.0148030913685	0.000633009561814	-0.0664083543	0.00808355582623	-0.0306728505369	0.0172504652965	0.0827196432302	0.0481964428896	-0.041834314574	-0.0137326012773	0.00170359012843	0.0504432589093	-0.0161835180396	0.0268627156574	0.00959574515616	0.00929735025289	0.0440590818957	0.00502085809571	-0.0388209862497	-0.0742631453623	0.0296767813206	-0.0449041210978	-0.00117807482432	-0.0250694480822	-0.000575389256145	-0.022896090258	-0.0364750010118	0.00410492023925	-0.0181994269826	0.0425317146042	-0.016341157017	-0.00964501066527	-0.0362477514916
k__Bacteria;p__Bacteroidetes;c__Bacteroidia;o__Bacteroidales;f__Bacteroidaceae;g__Bacteroides;s__Bacteroides_fragilis	0.0239964365481	-0.024257949251	-0.0638493490655	-0.0108575725159	-0.00859229961247	4.1061926843e-05	-0.0126519727668	0.0729421077875	0.017489247009	0.00634760303811	-0.0670382363242	-0.0498341582145	0.00652842966028	0.0188912723712	-0.0239597046698	-0.0608398456007	1.0	0.0205261648423	0.0339196148688	0.0140919702526	0.0169475330657	-0.00617633966226	-0.0084416758332	0.032225219257	-0.0434748377603	-0.00136338872506	-0.0249722325866	-0.04099349224	-0.0163497067972	0.0277389755269	0.0244526808265	0.010348929558	0.00602196316118	-0.00843234608129	0.00307965737996	-0.0374497825882	0.0151154342716	-0.0732269202908	0.0152044711846	-0.0996673268323	0.0276094450004	-0.0119355745162	0.00439595092245	0.0114317574881	0.0180248085036	0.0168714490066	-0.0134026590693	0.00667979943679	0.0196811439558	-0.0710264666717	0.0227532367975	-0.0537159975755	-0.0222281780702	-0.0209624737472	0.0597653905443	-0.0121203088392	0.0600289412819	0.0400053127093	-0.00636923221232
k__Bacteria;p__Proteobacteria;c__Betaproteobacteria;o__Burkholderiales;f__Sutterellaceae;g__Sutterella;s__Sutterella_wadsworthensis	0.00239332364462	-0.0279476986807	-0.0538298625344	-0.0236470696876	-0.00477306999869	0.0322640389115	0.0131692528611	-0.0445040079291	0.0183358990593	0.00236612614658	0.0208322645499	0.06160454161	-0.0202951383313	-0.0304085898283	0.00365097231887	-0.0316110208557	0.0205261648423	1.0	-0.0108571524034	-0.025869160327	0.0375863375454	-0.00452124007312	-0.0202313823205	0.0247877929819	0.0423958170156	-0.0767722558113	-0.0384232645865	-0.0438791226091	-0.0335697269918	0.0296463122644	-0.0143205853483	-0.0039833110271	0.0271406604945	0.0110570984594	-0.0246465294032	0.0117671211293	0.0171547871024	-0.00269355437902	-0.00722138075975	-0.00962994197544	0.0373241235052	-0.017733098193	0.0609761687909	-0.0585210367675	-0.0292321446343	-0.0562424813804	-0.016265675419	-0.0520900194394	0.0387348307114	0.0431098660607	-0.0132869340571	-0.0491219938709	-0.00298579884431	0.0758963726462	-0.028487072076	-0.0265125763755	0.0445173556159	-0.0159634337215	0.00837642992225
k__Bacteria;p__Bacteroidetes;c__Bacteroidia;o__Bacteroidales;f__Porphyromonadaceae;g__Barnesiella;s__Barnesiella_intestinihominis	-0.0243185055997	0.0199911883023	-0.0464776249766	0.011334444809	-0.0147024995015	0.060690761691	-0.00560416848076	0.0134409310827	0.00183977293467	0.00898713038969	0.00941810727378	0.0256339367388	-0.00229723796094	-0.0220787400316	-0.0247854101408	0.0126953784925	0.0339196148688	-0.0108571524034	1.0	0.0284898540871	-0.0737001784408	-0.0167010233783	-0.0305309193446	-0.0159293405167	-0.026299466118	0.0407364587873	-0.0256417577771	0.0214256106443	0.0232519156711	-0.0210241008961	-0.045458787951	0.0427330169572	-0.0369619088794	-0.0295171124189	-0.0454236321273	0.0517659311534	-0.00132667989205	-0.0113878485394	0.0413495897613	0.0369568249488	-0.00383486083311	-0.0486647468676	0.00479249694151	-0.00927492676799	-0.0438810081161	-0.0124474020385	0.0223740384666	-0.000967924153469	0.0200707460773	-0.0781960340813	0.013016434632	0.0015362757876	-0.0239082966893	0.00423874066115	-0.0153538818074	-0.0203642763752	0.0190522002868	0.0122509352145	0.0138173110831
k__Bacteria;p__Bacteroidetes;c__Bacteroidia;o__Bacteroidales;f__Odoribacteraceae;g__Odoribacter;s__Odoribacter_splanchnicus	-0.00991893958648	0.077571468919	-0.0122376829546	-0.0370960343527	0.0670576966391	-0.000797961692192	0.0240515720189	0.000111852160587	-0.0419145315365	-0.00455446636463	-0.036141948956	-0.00876188881153	-0.00224433486594	0.053642892523	-0.00702521389505	0.0134419313746	0.0140919702526	-0.025869160327	0.0284898540871	1.0	0.019209363279	-0.0102374854658	-0.00217649699757	0.00301506957509	0.0543007189774	-0.0302703070769	0.0179031282799	-0.00103738394719	-0.021203626554	0.0701607946323	0.0546694577129	0.00722727991254	-0.00197161249155	-0.0593741212591	-0.0418288456227	0.00187882704947	-0.0283574854922	0.006027570617	0.0100201060951	0.0286820786124	0.0391155007778	-0.0186881514078	0.00605629191986	-0.015554322798	-0.0524664629278	-0.039161440595	-0.0199482311744	0.0146187688503	-0.0154567636831	-0.0330227484619	-0.0261257396512	-0.0330807237243	0.010375647822	-0.0484589422027	-0.0486893245799	0.0113631187795	-0.0150066092837	0.0189333892701	-0.021536762539
k__Bacteria;p__Bacteroidetes;c__Bacteroidia;o__Bacteroidales;f__Bacteroidaceae;g__Bacteroides;s__Bacteroides_salyersiae	-0.0260403907426	0.00651663508316	-0.0294645092246	-0.0451584763374	-0.0435227558045	0.00216559172707	-0.000365322820279	-0.0549965791788	-0.025723423054	0.00124329081186	-0.0102536421324	-0.0365803072298	0.0104262493612	-0.00333359720544	0.0248266737057	-0.0559255052247	0.0169475330657	0.0375863375454	-0.0737001784408	0.019209363279	1.0	-0.00780753014159	0.0390041887731	0.00106227369992	-0.0134743481957	-0.00980239640418	0.0391563741409	0.0354522874093	-0.0274887205171	0.0397359422861	0.00512574755871	-0.0203235871251	-0.0483741863325	-0.0282971570634	0.0232263103937	0.013580902526	-0.0175577990814	-0.0485558305174	-0.00654885800431	-0.000142063433105	0.0260657311445	-0.0332632547536	-0.0382182484666	-0.05446584036	0.0347678892478	-0.0393761700931	-0.00882935231635	-0.00891378921546	0.0093470948149	-0.0291932702502	0.037960155616	-0.00397998217544	-0.0228974018386	0.0219076620831	-0.0199246845006	0.0142317072239	-0.0287344315836	0.0152471726241	0.0450024405404
k__Bacteria;p__Firmicutes;c__Clostridia;o__Clostridiales;f__Ruminococcaceae;g__Ruminiclostridium;s__[Eubacterium]_siraeum	-0.030174105083	0.00516642603711	-0.0199521915156	0.0750810562691	-0.0592243979782	-0.0280021425167	-0.0357680040325	0.0035956102543	-0.0545143651609	0.000336292170622	0.0428458445606	-0.0232263019028	-0.0193227241132	-0.0379206224684	0.0485457674899	0.0284335162189	-0.00617633966226	-0.00452124007312	-0.0167010233783	-0.0102374854658	-0.00780753014159	1.0	0.00406835200443	0.0118024255205	-0.0137913497465	-0.0114252165495	0.000156710983224	0.00353331615833	0.00106711830562	0.0573623547463	-0.022561257979	0.0563921716018	-0.0436485685919	-0.00617357751508	0.0146717320824	0.0136233575851	0.0394076170486	0.00309855902272	-0.0158901855386	-0.0174142265993	-0.0206992587158	0.0244373003738	0.0154138759683	0.0124346977817	-0.00556986685974	0.0412775265349	-0.00556487352253	-0.0479102560915	0.0219915801937	-0.0347515145902	0.00203427290926	-0.0161322157792	0.0218835920824	0.0274236661624	0.00878973128362	-0.0153526596918	-0.0310137410293	-0.0350429765332	0.0373844349575
k__Bacteria;p__Proteobacteria;c__Betaproteobacteria;o__Burkholderiales;f__Sutterellaceae;g__Parasutterella;s__Parasutterella_excrementihominis	-0.0276960342984	-0.0277586316104	-0.041066181467	0.0154133336249	-0.000909954611215	0.0127164652426	-0.0690558420664	-0.0508114047593	0.0153288126071	-0.00670611064137	0.00878885842915	-0.0614683988482	0.00882481099015	0.0206623804526	0.0496327673324	0.0217766806848	-0.0084416758332	-0.0202313823205	-0.0305309193446	-0.00217649699757	0.0390041887731	0.00406835200443	1.0	-0.0153956570199	-0.0313015509789	0.0496641699237	0.065534553715	0.000388187079258	0.00432728255188	0.0150751527303	0.00681208290608	-0.0262730490759	-0.0501453042462	-0.000962956815048	-0.00750173525071	0.0102437152267	0.0152786800448	-0.0206174673999	-0.0414985681838	-0.00681747274726	-0.0459558169041	0.029183996827	0.00361986498885	-0.0530610274214	0.00551464977405	-0.071274473101	-0.0066552142501	-0.0305780359985	0.0264686388761	-0.103636022856	0.0251984836693	-0.0107057617089	-0.0494416704692	0.0588963822478	0.0352421866293	-0.0267591878992	-0.0275641697512	-0.0223348677972	-0.0367141287611
k__Bacteria;p__Actinobacteria;c__Actinobacteria;o__Bifidobacteriales;f__Bifidobacteriaceae;g__Bifidobacterium;s__Bifidobacterium_adolescentis	0.0216677159684	0.0267589231888	0.00742197211907	-0.0480138905098	-0.0395000447443	0.043850259025	-0.00155855120954	0.032071921973	0.0521836890548	0.0145023551305	-0.0340525510118	0.0416130152175	-0.017930974671	-0.0502443874383	-0.0605451841046	-0.0145164359601	0.032225219257	0.0247877929819	-0.0159293405167	0.00301506957509	0.00106227369992	0.0118024255205	-0.0153956570199	1.0	-0.0433471117862	-0.0132319343067	0.0679654864238	0.00802202437479	-0.0247053489444	-0.0381111140251	-0.00844486569009	0.0422188400341	-0.0156198762793	0.0304123228061	-0.0102918595085	-0.0150663784529	-0.0015531486388	-0.0345836299737	-0.0704751906161	-0.00736715873701	0.0120967765689	-0.027609835195	0.0427445485032	0.0079140319438	0.00350010387828	-0.0158745888732	-0.0469111844324	0.0186691043444	0.0150056825207	-0.000798015860076	0.0131630496603	0.00230242478485	0.00631461367775	-0.0465130184515	-0.0133255067697	0.0276937833093	-0.00993647932512	0.0132246455582	-0.0149662695118
k__Bacteria;p__Firmicutes;c__Clostridia;o__Clostridiales;f__Oscillospiraceae;g__Oscillibacter;s__Oscillibacter_sp._KLE_1745	-0.0508599990733	-0.0414234956187	-0.0174937662125	0.021270231897	0.00862674688773	-0.0106624936809	0.0237131404501	-0.0252934703036	0.00680348164587	-0.045515761095	0.0472009723744	-0.0402911900919	-0.0659899903512	0.0204548103724	0.069023367536	-0.0130465590852	-0.0434748377603	0.0423958170156	-0.026299466118	0.0543007189774	-0.0134743481957	-0.0137913497465	-0.0313015509789	-0.0433471117862	1.0	-0.0329992613843	0.0408093630609	0.00797084552445	-0.0327752464218	-0.00589707484304	0.0052814930823	0.0327383535438	-0.0150595737388	0.0171386650167	-0.0433329335349	0.00162194770861	0.0401224773803	-0.0366930863464	-0.0115888592904	0.0121107196383	-0.0125078487025	-0.00382441534936	-0.00903497770094	-0.0209968969221	0.00258469538802	-0.0101688157281	-0.00475199137287	0.0145058114168	0.00736003116436	0.0108382617203	-0.0356797420359	-0.0527453870818	0.0301096418911	-0.0748028591937	-0.0171231325062	0.00496679643182	0.0235443537687	-0.00793705525204	-0.0580067600292
k__Bacteria;p__Bacteroidetes;c__Bacteroidia;o__Bacteroidales;f__Bacteroidaceae;g__Bacteroides;s__Bacteroides_coprophilus	-0.0330591613246	-0.00315697641779	0.00591901875756	0.0160318274848	-0.055964824041	0.045275137972	0.0154567503007	-0.0168551152533	-0.00398812581164	-0.0276730016111	0.0213777031175	-0.0134588032463	-0.00717288241763	-0.00618572677044	0.0085506505234	0.0195217263193	-0.00136338872506	-0.0767722558113	0.0407364587873	-0.0302703070769	-0.00980239640418	-0.0114252165495	0.0496641699237	-0.0132319343067	-0.0329992613843	1.0	-0.00770437729741	0.0847722806828	-0.0247501672333	0.00570025311704	0.0323852057165	-0.000988199927051	-0.00824817165003	-0.0132334302208	0.00493387230523	-0.00549748595057	-0.0583862190134	0.0216361018581	0.0376531211353	-0.0495841237892	0.0158107579912	0.00277598228066	-0.0394990719887	-0.041229520737	0.0368444289257	0.015657048665	-0.011424687282	-0.0124484147119	-0.024030262803	-0.0224121910431	-0.0509601899718	0.000347423230324	0.0229035574477	-0.0761102923279	0.00701450580258	-0.0300575100786	-0.0100793154058	0.02031924854	-0.0509642132521
k__Bacteria;p__Firmicutes;c__Clostridia;o__Clostridiales;f__Lachnospiraceae;g__Roseburia;s__Roseburia_intestinalis	-0.0236021418182	0.0120598166229	-0.0118882887774	-0.0239960393237	-0.00400073997811	-0.0073170034255	0.0324081037601	-0.0386448286706	0.0191800719627	-0.012076566339	-0.044046283399	-0.0414141960729	-0.00185592391428	0.00800752262239	0.015059761754	-0.0148030913685	-0.0249722325866	-0.0384232645865	-0.0256417577771	0.0179031282799	0.0391563741409	0.000156710983224	0.065534553715	0.0679654864238	0.0408093630609	-0.00770437729741	1.0	0.0141089923697	-0.0398484833275	0.0125605916278	-0.0497916044427	-0.0882130192055	-0.0167703826471	-0.0203073606217	0.00310468261807	-0.0796580494448	0.0303884304479	-0.0149087766145	0.0247134014497	0.0165245542174	0.086932538166	-0.00270291383839	0.010207874606	0.0104412029914	0.000604916976263	-0.0315726053416	-0.0274081418433	0.0121378765193	-0.0479473456325	-0.0163633817623	0.00698608451997	0.0023616853943	-0.0248312307673	0.000137869144771	-0.0315270921985	-0.00320502339212	-0.0159989591437	-0.00856624836987	-0.00992769274826
k__Bacteria;p__Firmicutes;c__Clostridia;o__Clostridiales;f__Lachnospiraceae;g__Roseburia;s__Roseburia_hominis	-0.0555063544311	0.00796611678041	0.0472736081367	0.020520343929	-0.043540569978	-0.00314333153807	-0.0116067780598	-0.0329978226522	-0.0178752396967	-0.0489698801448	0.00993606475423	-0.000499566858016	-0.00410614318053	-0.00181512867458	-0.0298741237081	0.000633009561814	-0.04099349224	-0.0438791226091	0.0214256106443	-0.00103738394719	0.0354522874093	0.00353331615833	0.000388187079258	0.00802202437479	0.00797084552445	0.0847722806828	0.0141089923697	1.0	0.0397808977843	-0.00935342865374	0.00325072423967	0.0173768939613	-0.00279545015395	0.00238132619833	-0.00982398518253	-0.0409740522019	-0.0396097058278	-0.0133185705316	-0.0380812414179	-0.038996620652	-0.0552039516986	0.011736309989	-0.0270816198131	-0.0344840977799	-0.0237884073162	-0.0214666976325	0.00474035597076	0.0632409873429	-0.0475883550187	0.027135891438	-0.0153971192822	-0.0175674617721	-0.00204501548386	-0.0249625684079	0.00784678858031	0.0458502070806	0.0656649086503	-0.0550574833453	-0.021685889351
k__Bacteria;p__Bacteroidetes;c__Bacteroidia;o__Bacteroidales;f__Porphyromonadaceae;g__Parabacteroides;s__Parabacteroides_johnsonii	0.0042423758913	0.0270514147283	-0.0245567313157	-0.0496354900542	-0.000445575440152	-0.0376169004735	0.00190499234062	-0.0039580950512	-0.00290361318907	-0.0534839109238	-0.00328235879874	0.0390598847058	-0.0466404349139	-0.00968175066914	-0.0201682797025	-0.0664083543	-0.0163497067972	-0.0335697269918	0.0232519156711	-0.021203626554	-0.0274887205171	0.00106711830562	0.00432728255188	-0.0247053489444	-0.0327752464218	-0.0247501672333	-0.0398484833275	0.0397808977843	1.0	-0.00158335912089	0.0831904067741	0.00805594040352	0.0202794468764	0.0268012452327	0.00839714725573	0.0233538092823	-0.00559953424903	0.0138200772815	-0.0164567576577	0.00806965145504	0.0386483315587	-0.0510458783476	-0.0555699981744	0.0061632834613	-0.0271691256572	-0.00709912335782	0.0313889375413	0.0204297936178	0.0136394997033	-0.0148096126751	-0.03632327182	-0.042211927766	0.0199031204591	0.0507537388852	-0.056527186205	-0.030078645463	0.00988912831475	0.00778859576757	-0.0201605038238
k__Bacteria;p__Actinobacteria;c__Actinobacteria;o__Bifidobacteriales;f__Bifidobacteriaceae;g__Bifidobacterium;s__Bifidobacterium_longum	-0.0273906690756	-0.0359346033111	0.00434690097127	0.0207193430839	0.0390072392101	0.03529219276	-0.0528853202422	0.0299416417878	0.00373555667668	0.00330346411924	-0.072131167095	0.042746000274	-0.0308259911372	0.00401642940153	0.00409170525961	0.00808355582623	0.0277389755269	0.0296463122644	-0.0210241008961	0.0701607946323	0.0397359422861	0.0573623547463	0.0150751527303	-0.0381111140251	-0.00589707484304	0.00570025311704	0.0125605916278	-0.00935342865374	-0.00158335912089	1.0	-0.0160301860281	0.00706202669192	-0.0148786381072	-0.0428113520276	0.0311931912285	-0.00173645113103	-0.00387105263623	-0.0535474298139	-0.052767893095	-0.0596321930292	-0.0288526820603	0.0185519624561	0.00168585334187	-0.00865056219289	-0.0338930926603	0.00154837799576	0.0659525551499	-0.0133219390621	-0.0493342045959	0.0256897596251	-0.0112943957642	0.00157833475005	-0.0736102048514	0.0100594279595	-0.0500839779626	0.00850018488194	-0.046364858693	0.00865443674774	-0.0229458440234
