#taxonomy	k__Bacteria;p__Bacteroidetes;c__Bacteroidia;o__Bacteroidales;f__Bacteroidaceae;g__Bacteroides;s__Bacteroides_vulgatus	k__Bacteria;p__Bacteroidetes;c__Bacteroidia;o__Bacteroidales;f__Bacteroidaceae;g__Bacteroides;s__Bacteroides_uniformis	k__Bacteria;p__Bacteroidetes;c__Bacteroidia;o__Bacteroidales;f__Rikenellaceae;g__Alistipes;s__Alistipes_putredinis	k__Bacteria;p__Bacteroidetes;c__Bacteroidia;o__Bacteroidales;f__Prevotellaceae;g__Prevotella;s__Prevotella_copri	k__Bacteria;p__Bacteroidetes;c__Bacteroidia;o__Bacteroidales;f__Bacteroidaceae;g__Bacteroides;s__Bacteroides_stercoris	k__Bacteria;p__Bacteroidetes;c__Bacteroidia;o__Bacteroidales;f__Bacteroidaceae;g__Bacteroides;s__Bacteroides_ovatus	k__Bacteria;p__Bacteroidetes;c__Bacteroidia;o__Bacteroidales;f__Rikenellaceae;g__Alistipes;s__Alistipes_shahii	k__Bacteria;p__Firmicutes;c__Clostridia;o__Clostridiales;f__Ruminococcaceae;g__Faecalibacterium;s__Faecalibacterium_prausnitzii	k__Bacteria;p__Bacteroidetes;c__Bacteroidia;o__Bacteroidales;f__Rikenellaceae;g__Alistipes;s__Alistipes_finegoldii	k__Bacteria;p__Bacteroidetes;c__Bacteroidia;o__Bacteroidales;f__Porphyromonadaceae;g__Parabacteroides;s__Parabacteroides_distasonis	k__Bacteria;p__Bacteroidetes;c__Bacteroidia;o__Bacteroidales;f__Bacteroidaceae;g__Bacteroides;s__Bacteroides_thetaiotaomicron	k__Bacteria;p__Bacteroidetes;c__Bacteroidia;o__Bacteroidales;f__Bacteroidaceae;g__Bacteroides;s__Bacteroides_coprocola	k__Bacteria;p__Bacteroidetes;c__Bacteroidia;o__Bacteroidales;f__Bacteroidaceae;g__Bacteroides;s__Bacteroides_cellulosilyticus	k__Bacteria;p__Bacteroidetes;c__Bacteroidia;o__Bacteroidales;f__Rikenellaceae;g__Alistipes;s__Alistipes_obesi	k__Bacteria;p__Firmicutes;c__Clostridia;o__Clostridiales;f__Lachnospiraceae;g__;s__[Eubacterium]_rectale	k__Bacteria;p__Bacteroidetes;c__Bacteroidia;o__Bacteroidales;f__Bacteroidaceae;g__Bacteroides;s__Bacteroides_plebeius	k__Bacteria;p__Bacteroidetes;c__Bacteroidia;o__Bacteroidales;f__Bacteroidaceae;g__Bacteroides;s__Bacteroides_fragilis	k__Bacteria;p__Proteobacteria;c__Betaproteobacteria;o__Burkholderiales;f__Sutterellaceae;g__Sutterella;s__Sutterella_wadsworthensis	k__Bacteria;p__Bacteroidetes;c__Bacteroidia;o__Bacteroidales;f__Porphyromonadaceae;g__Barnesiella;s__Barnesiella_intestinihominis	k__Bacteria;p__Bacteroidetes;c__Bacteroidia;o__Bacteroidales;f__Odoribacteraceae;g__Odoribacter;s__Odoribacter_splanchnicus	k__Bacteria;p__Bacteroidetes;c__Bacteroidia;o__Bacteroidales;f__Bacteroidaceae;g__Bacteroides;s__Bacteroides_salyersiae	k__Bacteria;p__Firmicutes;c__Clostridia;o__Clostridiales;f__Ruminococcaceae;g__Ruminiclostridium;s__[Eubacterium]_siraeum	k__Bacteria;p__Proteobacteria;c__Betaproteobacteria;o__Burkholderiales;f__Sutterellaceae;g__Parasutterella;s__Parasutterella_excrementihominis	k__Bacteria;p__Actinobacteria;c__Actinobacteria;o__Bifidobacteriales;f__Bifidobacteriaceae;g__Bifidobacterium;s__Bifidobacterium_adolescentis	k__Bacteria;p__Firmicutes;c__Clostridia;o__Clostridiales;f__Oscillospiraceae;g__Oscillibacter;s__Oscillibacter_sp._KLE_1745	k__Bacteria;p__Bacteroidetes;c__Bacteroidia;o__Bacteroidales;f__Bacteroidaceae;g__Bacteroides;s__Bacteroides_coprophilus	k__Bacteria;p__Firmicutes;c__Clostridia;o__Clostridiales;f__Lachnospiraceae;g__Roseburia;s__Roseburia_intestinalis	k__Bacteria;p__Firmicutes;c__Clostridia;o__Clostridiales;f__Lachnospiraceae;g__Roseburia;s__Roseburia_hominis	k__Bacteria;p__Bacteroidetes;c__Bacteroidia;o__Bacteroidales;f__Porphyromonadaceae;g__Parabacteroides;s__Parabacteroides_johnsonii	k__Bacteria;p__Actinobacteria;c__Actinobacteria;o__Bifidobacteriales;f__Bifidobacteriaceae;g__Bifidobacterium;s__Bifidobacterium_longum	k__Bacteria;p__Firmicutes;c__Clostridia;o__Clostridiales;f__;g__Flavonifractor;s__Flavonifractor_plautii	k__Bacteria;p__Firmicutes;c__Clostridia;o__Clostridiales;f__Clostridiaceae;g__Clostridium;s__Clostridium_phoceensis	k__Bacteria;p__Verrucomicrobia;c__Verrucomicrobiae;o__Verrucomicrobiales;f__Akkermansiaceae;g__Akkermansia;s__Akkermansia_muciniphila	k__Bacteria;p__Bacteroidetes;c__Bacteroidia;o__Bacteroidales;f__Prevotellaceae;g__Paraprevotella;s__Paraprevotella_xylaniphila	k__Bacteria;p__Firmicutes;c__Clostridia;o__Clostridiales;f__Ruminococcaceae;g__Ruminococcus;s__Ruminococcus_callidus	k__Bacteria;p__Bacteroidetes;c__Bacteroidia;o__Bacteroidales;f__Rikenellaceae;g__Alistipes;s__Alistipes_senegalensis	k__Bacteria;p__Firmicutes;c__Clostridia;o__Clostridiales;f__Lachnospiraceae;g__Blautia;s__Blautia_sp._KLE_1732	k__Bacteria;p__Bacteroidetes;c__Bacteroidia;o__Bacteroidales;f__Bacteroidaceae;g__Bacteroides;s__Bacteroides_oleiciplenus	k__Bacteria;p__Firmicutes;c__Clostridia;o__Clostridiales;f__Ruminococcaceae;g__Ruminococcus;s__Ruminococcus_bicirculans	k__Bacteria;p__Bacteroidetes;c__Bacteroidia;o__Bacteroidales;f__Bacteroidaceae;g__Bacteroides;s__Bacteroides_fluxus	k__Bacteria;p__Bacteroidetes;c__Bacteroidia;o__Bacteroidales;f__Prevotellaceae;g__Prevotella;s__Prevotella_stercorea	k__Bacteria;p__Firmicutes;c__Clostridia;o__Clostridiales;f__Lachnospiraceae;g__Dorea;s__Dorea_longicatena	k__Bacteria;p__Firmicutes;c__Clostridia;o__Clostridiales;f__Eubacteriaceae;g__Eubacterium;s__[Eubacterium]_eligens	k__Bacteria;p__Firmicutes;c__Clostridia;o__Clostridiales;f__Ruminococcaceae;g__;s__Ruminococcaceae_bacterium_D16	k__Bacteria;p__Firmicutes;c__Clostridia;o__Clostridiales;f__Lachnospiraceae;g__Coprococcus;s__Coprococcus_comes	k__Bacteria;p__Proteobacteria;c__Gammaproteobacteria;o__Enterobacterales;f__Enterobacteriaceae;g__Escherichia;s__Escherichia_coli	k__Bacteria;p__Firmicutes;c__Clostridia;o__Clostridiales;f__Ruminococcaceae;g__Anaerotruncus;s__Anaerotruncus_colihominis	k__Bacteria;p__Firmicutes;c__Clostridia;o__Clostridiales;f__Lachnospiraceae;g__Blautia;s__Blautia_obeum	k__Bacteria;p__Bacteroidetes;c__Bacteroidia;o__Bacteroidales;f__Odoribacteraceae;g__Odoribacter;s__Odoribacter_laneus	k__Bacteria;p__Firmicutes;c__Clostridia;o__Clostridiales;f__Ruminococcaceae;g__Ruminiclostridium;s__[Clostridium]_leptum	k__Bacteria;p__Bacteroidetes;c__Bacteroidia;o__Bacteroidales;f__Porphyromonadaceae;g__Parabacteroides;s__Parabacteroides_goldsteinii	k__Bacteria;p__Firmicutes;c__Clostridia;o__Clostridiales;f__Lachnospiraceae;g__Anaerostipes;s__Anaerostipes_hadrus	k__Bacteria;p__Firmicutes;c__Clostridia;o__Clostridiales;f__Ruminococcaceae;g__Ruminococcus;s__Ruminococcus_lactaris	k__Bacteria;p__Firmicutes;c__Clostridia;o__Clostridiales;f__Clostridiaceae;g__Clostridium;s__Clostridium_sp._L2-50	k__Bacteria;p__Firmicutes;c__Clostridia;o__Clostridiales;f__Clostridiaceae;g__Clostridium;s__Clostridium_sp._M62/1	k__Bacteria;p__Firmicutes;c__Clostridia;o__Clostridiales;f__;g__Intestinimonas;s__Intestinimonas_butyriciproducens	k__Bacteria;p__Actinobacteria;c__Actinobacteria;o__Bifidobacteriales;f__Bifidobacteriaceae;g__Bifidobacterium;s__Bifidobacterium_bifidum	k__Bacteria;p__Firmicutes;c__Negativicutes;o__Veillonellales;f__Veillonellaceae;g__Dialister;s__Dialister_invisus	k__Bacteria;p__Bacteroidetes;c__Bacteroidia;o__Bacteroidales;f__Bacteroidaceae;g__Bacteroides;s__Bacteroides_salanitronis
k__Bacteria;p__Bacteroidetes;c__Bacteroidia;o__Bacteroidales;f__Bacteroidaceae;g__Bacteroides;s__Bacteroides_vulgatus	1.0	-0.0218931558342	-0.0162982099787	-0.0029702809437	-0.00941873545869	-0.0337305218123	0.00260676517852	-0.0606891459528	0.023623658232	-0.0145417021806	-0.0311907044337	0.0142051739197	-0.00859347686846	-0.0144016621845	0.0292330749797	-0.0241196130077	-0.0317854067864	-0.00978928104265	0.040299120453	0.0193073050943	0.00736330698998	-0.0207834146997	-0.0368903138407	-0.0232905686087	0.0463868804764	0.0428942700457	0.0168441625528	-0.0224091661281	-0.0195380305726	-0.0243847941111	-0.0229672138492	-0.0189238014053	0.01282046473	-0.00271894684722	0.0237863554508	0.0113966042264	-0.0131952780248	-0.0368708642578	0.0526069732605	0.0428263247654	0.0387130773994	0.0232881802043	-0.0127817915481	-0.0301919275173	-0.0223892659915	-0.0353279338828	-0.0731096717707	0.0118571991186	-0.0115075084825	-0.0703870458639	-0.00440307725297	-0.023644762539	-0.0033881467106	-0.00161306462084	-0.015468865569	-0.0320840849893	-0.0454514325139	0.0131979171122	0.0223835108587
k__Bacteria;p__Bacteroidetes;c__Bacteroidia;o__Bacteroidales;f__Bacteroidaceae;g__Bacteroides;s__Bacteroides_uniformis	-0.0218931558342	1.0	0.0171014979049	-0.011097427512	0.0477415760757	-0.00964114267677	0.0265493966596	-0.0317839744339	-0.0309981204726	0.008905993278	0.0557052950126	-0.00430668559183	0.0329246305953	-0.0449743353306	0.0242205182273	-0.0299838383212	-0.00171675676892	0.00683961797033	-0.00595382102351	-0.0058193719181	0.0425210166632	-0.0141833431292	0.0439143076193	-0.0557387308568	-0.0676696768132	-0.0537730425304	0.00604981701903	0.011949694536	-0.00383649580569	-0.0567179729729	-0.0262731652921	0.00765619000422	0.0657678983956	-0.0330396130328	0.0266151618622	-0.0432366979938	-0.0334822157183	-0.000771976453984	-0.0561213586521	-0.0518400063665	0.00682501871882	-0.0372038620647	0.0244129230259	0.0136560525418	-0.0251989053453	-0.0246979573231	0.0261310192357	0.0327997945473	-0.0405210231443	0.0894720632444	0.0106080362779	0.013696987627	0.00483703008948	-0.0339136419975	-0.0356466931064	0.0176673367655	0.0330546024845	0.0120681914939	0.0177711896118
k__Bacteria;p__Bacteroidetes;c__Bacteroidia;o__Bacteroidales;f__Rikenellaceae;g__Alistipes;s__Alistipes_putredinis	-0.0162982099787	0.0171014979049	1.0	-0.012522407675	-0.0368799087568	-0.0231915993135	-0.0287862323709	0.0292036607535	0.0558864556065	0.0128881496404	-0.0224326357055	-0.027709705843	-0.0200125105645	-0.0108852296765	0.0147292363669	-0.0263469943055	-0.0400599889988	-0.0422096472982	-0.00521837724473	-0.028012370868	-0.0302310482226	-0.0086641961601	0.00864683372595	0.0161837763743	-0.0506993819971	0.00950156323996	-0.0261545186165	0.065201737026	0.0173145901952	0.00299654946057	-0.010694317696	-0.0432621446924	-0.037087014976	0.0186803766339	0.100626331522	0.00431735262676	-0.0158946709703	-0.0106134949435	-0.0172855607612	-0.00859333464442	-0.051339323561	-0.090338457098	-0.0259409709095	-0.00553026684501	-0.0122861476289	-0.0209498094832	-0.000480576587398	0.0193612412084	0.0106774040835	-0.0303252164843	-0.0377493430066	0.0230016587334	-0.0167354280176	-0.0236754324538	0.00595797327801	-0.0276840330114	0.0268130897635	0.0546160706284	-0.0587351485442
k__Bacteria;p__Bacteroidetes;c__Bacteroidia;o__Bacteroidales;f__Prevotellaceae;g__Prevotella;s__Prevotella_copri	-0.0029702809437	-0.011097427512	-0.012522407675	1.0	0.0348381648434	0.0172361514458	-0.0530889424724	0.00944392636847	0.0582123275708	-0.0452820564513	0.015862210226	-0.0278803063622	0.00900945832169	-0.0184349919808	0.0117406826768	-0.0440079507909	-0.0209696595337	-0.00926238849943	-0.0161523081177	-0.03859553495	0.0588994475076	-0.030125911962	-0.0193363727483	-0.0594821034175	-0.0223123661195	0.0593469806056	0.0501239940476	0.00673923557146	0.0113802966732	-0.00263656321033	-0.06645906579	0.0144696945242	0.0243599646407	0.033646750794	-0.0211894702908	-0.0370332764692	-0.00482023786598	0.0114763857307	-0.0728807841809	0.000545568696777	-0.00434900796211	-0.0116483149571	-0.00440032653702	0.0554871141128	-0.00987952634667	0.0351073075839	0.0149378900857	-0.0338703026735	-0.0272453449826	-0.0300390538228	0.0167152287604	-0.0179105752778	0.00535800725618	0.00498554729018	0.0143008022237	0.00950218200996	0.0350861522541	0.0179767135996	-0.0312061807637
k__Bacteria;p__Bacteroidetes;c__Bacteroidia;o__Bacteroidales;f__Bacteroidaceae;g__Bacteroides;s__Bacteroides_stercoris	-0.00941873545869	0.0477415760757	-0.0368799087568	0.0348381648434	1.0	0.041591377633	0.0327514965008	0.058782227101	-0.0283175761159	-0.0152395747971	-0.0343787108168	0.0145473316614	0.026810827747	0.00975751729101	-0.0265285500255	0.0858654825054	0.002226907419	-0.0334590196593	-0.0272363682432	-0.0234469078951	-0.0382413916533	-0.0156757672499	0.0140873661307	-0.0119112089707	-0.0643878725281	0.00556612016886	0.0113894843948	-0.0449555286966	0.0119126747974	-0.00137332035459	0.00729604754859	-0.0307459719628	0.0217147466765	-0.0417229393879	-0.0054767180275	0.00692442429084	0.0166639272569	-0.00306534648485	-0.0223811890529	-0.0387791919393	-0.0391243230837	0.0346107234329	0.0414552014052	-0.019175048486	0.0236143054874	-0.00232054189846	-0.0582490227029	-0.0319090961909	0.00207534397688	-0.00266658764312	0.037616185202	0.0108357692768	-0.0302789160911	-0.0198809351772	-0.0235043180068	-0.0677607318916	-0.023717364083	0.0169007585177	0.0327853338991
k__Bacteria;p__Bacteroidetes;c__Bacteroidia;o__Bacteroidales;f__Bacteroidaceae;g__Bacteroides;s__Bacteroides_ovatus	-0.0337305218123	-0.00964114267677	-0.0231915993135	0.0172361514458	0.041591377633	1.0	0.00310236926654	-0.0497532707155	0.00996042329686	-0.00658323325519	-0.0564535343175	-0.00128536847889	0.0598560735483	-0.0259543706141	-0.0278870651912	0.0073222015681	-0.0136832971132	-0.00540254879715	-0.047885423217	-0.0216080567667	0.00099415273072	0.0455703542191	0.00885704929646	0.0118392305141	0.0573179533691	0.00467142205864	-0.0105106409418	0.0122717662028	-0.0307055477022	0.0237327107563	0.00201602261574	-0.000383013710754	0.0592466909126	0.0113241642459	-0.023807824628	-0.00130843383724	0.051405306968	0.0155476044254	0.00865265487752	0.0690462451337	0.0122587647836	-0.0487112005019	-0.0180750059157	-0.0451563646484	-0.0140931554273	-0.0270750421439	-0.0167287261664	-0.0130475094564	-0.042260725428	0.024361732463	-0.0264440002145	-0.0686965572515	0.0396670369591	0.0219252846573	-0.0363233985737	-0.0243609028223	0.00251675351453	-0.00991199921163	0.0478775019794
k__Bacteria;p__Bacteroidetes;c__Bacteroidia;o__Bacteroidales;f__Rikenellaceae;g__Alistipes;s__Alistipes_shahii	0.00260676517852	0.0265493966596	-0.0287862323709	-0.0530889424724	0.0327514965008	0.00310236926654	1.0	0.0479205638694	0.0202961255221	0.00523385626956	0.0102704549778	-0.0136189536457	0.00257199819064	-0.00227056051967	-0.0140142812865	0.00441411766664	-0.0196684911124	-0.0126852849599	0.0183263705425	-0.0682709179012	0.0138130769637	0.00941127333289	0.0292302135882	0.0618090607581	-0.0217520928447	-0.00911182585231	-0.0281828251541	0.025361717822	-0.0487414222844	-0.00286020692715	0.0119990512405	-0.0346083269696	0.0021837134838	-0.0497402752828	-0.0101207897844	-0.0357045185215	0.0228511177239	-0.0171359946147	-0.0375296845338	0.0448812952282	-0.00837522995961	0.025543011829	-0.0546185663578	0.00271202963163	0.00468708759396	-0.0296042036701	-0.0207179196885	-0.015752234203	-0.0337165903317	-0.00478671766253	-0.0374094679805	-0.0334425432302	-0.0281274475978	-0.0602703555681	-0.00763999189157	-0.023457176389	-0.0129927616466	0.040571884405	-0.030177777127
k__Bacteria;p__Firmicutes;c__Clostridia;o__Clostridiales;f__Ruminococcaceae;g__Faecalibacterium;s__Faecalibacterium_prausnitzii	-0.0606891459528	-0.0317839744339	0.0292036607535	0.00944392636847	0.058782227101	-0.0497532707155	0.0479205638694	1.0	-0.00493677150962	0.0775189996815	0.0167169042587	-0.0266378272264	0.0629366175537	0.0452825709385	-0.055754904528	0.0219615356327	-0.0528401225907	0.0216660012356	0.0189080611586	-0.033908046604	0.0136032849461	-0.00169849481776	0.00222639033611	-0.0212095443316	-0.0360314074469	-0.000593472798218	0.00290090985307	0.0189638917942	-0.032689105009	-0.0498921677305	-0.0108550375053	-0.00255742951104	-0.0139693123848	-0.0258957604946	-0.000254826080295	-0.0240482490989	-0.0315990354595	0.000749889968009	0.0224797066142	-0.0875320315006	-0.0432122181603	-0.0406030942896	-0.028925568129	-0.00441113422396	0.0359890745239	-0.0180427826215	-0.0308045331991	-0.00381164169702	0.0118688886455	-0.0431560042649	-0.00805658390815	0.00602452776375	0.018610167858	-0.0176735522096	0.0148296695382	-0.0342591477945	0.00322621643635	-0.04079300634	-0.00164894990939
k__Bacteria;p__Bacteroidetes;c__Bacteroidia;o__Bacteroidales;f__Rikenellaceae;g__Alistipes;s__Alistipes_finegoldii	0.023623658232	-0.0309981204726	0.0558864556065	0.0582123275708	-0.0283175761159	0.00996042329686	0.0202961255221	-0.00493677150962	1.0	-0.0034827017151	0.00182225841675	-0.0275682268522	-0.026645248051	0.02539808963	0.000814044706314	0.0322519324987	0.0136787835288	-0.0337053093174	-0.0243267464194	0.0234981443283	-0.0235912850118	-0.00942545471647	-0.0331766025885	0.00306562217073	-0.0352276184653	0.0641038553536	-0.0603839774098	0.0546638384337	-0.0589685472369	-0.0290734228571	-0.023395150819	-0.0190638816898	-0.0311099937704	-0.000110013144446	0.0156041962789	0.0237399384536	-0.0231345725232	0.0496484892649	-0.0294617259	-0.00332088897686	-0.00412473147998	0.075282553615	0.00726203088081	-0.0435541964137	0.0391856518071	-0.00275848356428	-0.020956342591	-0.0256069897618	-0.0430208575234	0.0269923032945	-0.0511325172364	-0.0582383561315	-0.0593733431363	0.0208776046873	-0.0361854148811	0.00279881412946	-0.0348117456327	-0.0586731312015	-0.0463740528863
k__Bacteria;p__Bacteroidetes;c__Bacteroidia;o__Bacteroidales;f__Porphyromonadaceae;g__Parabacteroides;s__Parabacteroides_distasonis	-0.0145417021806	0.008905993278	0.0128881496404	-0.0452820564513	-0.0152395747971	-0.00658323325519	0.00523385626956	0.0775189996815	-0.0034827017151	1.0	-0.00755197575274	-0.00572514964537	0.0181783711659	-0.0457198864114	-0.0101546295879	-0.000870975270711	-0.0197262319496	-0.000222085259808	-0.0272068343375	0.0271642084173	-0.0342176322229	-0.0534562677288	-0.0185414617549	0.0132442385447	0.0223430070071	-0.0496238941798	-0.00732762039055	0.0136611621279	0.025541615022	-0.000457647087073	0.0230277305977	-0.028031843956	-0.0731837991989	0.0236195348474	-0.00971573295019	0.0027320068885	-0.0314370731327	-0.0259685991621	-0.0602614782525	0.0220702465276	0.0264879714806	-0.00856437203229	-0.00626941378092	-0.0159196436428	0.00350077803023	0.0201802469438	0.0243735855222	0.00271180310633	0.0614992960694	0.00780062207804	0.0168655559346	-0.0431322109665	-0.0572498538588	0.0209045012005	0.0233930120054	0.0298987458416	0.0248635690979	0.0198333404547	0.0200705178625
k__Bacteria;p__Bacteroidetes;c__Bacteroidia;o__Bacteroidales;f__Bacteroidaceae;g__Bacteroides;s__Bacteroides_thetaiotaomicron	-0.0311907044337	0.0557052950126	-0.0224326357055	0.015862210226	-0.0343787108168	-0.0564535343175	0.0102704549778	0.0167169042587	0.00182225841675	-0.00755197575274	1.0	0.033145927643	-0.0764717407432	0.00634461516821	-0.00352119592158	0.00296730557568	0.0253306277535	0.0369702378602	0.0517774022696	-0.0649123296984	0.0334302140178	0.00305071052977	0.00613593032219	-0.00842159412889	0.0164402779154	0.026673508882	0.00192780123331	-0.0589028389666	0.0681193973911	-0.0623541488973	-0.0553110838212	0.020908558229	-0.00652041841849	-0.00532746540519	0.0258429049417	-0.0137918410454	-0.00134611804523	-0.00612134627512	-0.000923142865617	0.00377239467923	0.0203731356743	-0.0241738946403	-0.0762751100486	0.0330021653648	-0.044561333186	0.00527964863646	0.00410018059119	0.0106774565459	0.00668066647705	-0.0552938762071	0.0139491844404	0.00875687584875	-0.0312838091947	-0.0198795709299	0.0304737706363	0.00286479628278	-0.0208732683028	-0.0198578723143	-0.00339261072802
k__Bacteria;p__Bacteroidetes;c__Bacteroidia;o__Bacteroidales;f__Bacteroidaceae;g__Bacteroides;s__Bacteroides_coprocola	0.0142051739197	-0.00430668559183	-0.027709705843	-0.0278803063622	0.0145473316614	-0.00128536847889	-0.0136189536457	-0.0266378272264	-0.0275682268522	-0.00572514964537	0.033145927643	1.0	0.00541777752161	-0.0359339356405	0.0123964114508	0.0036592290775	0.0461405379253	0.0185583994838	0.0074642428091	-3.10150076722e-05	-0.0515010389848	-0.066125613285	-0.0444333289708	-0.0448424767656	0.0562620451479	-0.007137648057	0.00854872675499	0.0247337292065	-0.0259543586332	0.0221909747883	0.0300863063729	0.00932364567621	-0.00542421972009	-0.0212652069323	-0.0101112704565	0.0169783326645	-0.00564954491092	0.0301369781364	-0.0224483018052	-0.0207379854921	0.0216365636195	-0.014869481129	-0.0200370198924	-0.00482089381771	-0.0492004348477	0.0174918692618	-0.00545229661978	0.0344639084885	4.42339249427e-06	-0.033742935235	-0.0179704515918	-0.0226397701443	-0.057941770492	0.00856734421441	-0.00130921932076	-0.0846262213566	-0.0401122658581	0.00429144748053	-0.0111371407316
k__Bacteria;p__Bacteroidetes;c__Bacteroidia;o__Bacteroidales;f__Bacteroidaceae;g__Bacteroides;s__Bacteroides_cellulosilyticus	-0.00859347686846	0.0329246305953	-0.0200125105645	0.00900945832169	0.026810827747	0.0598560735483	0.00257199819064	0.0629366175537	-0.026645248051	0.0181783711659	-0.0764717407432	0.00541777752161	1.0	-0.0480626576418	0.0322401712272	-0.00798906521371	-0.0280921235522	-0.0309029258522	0.0109517569594	-0.0189642368944	0.0136678361812	-0.0261750439838	-0.00396518680209	-0.027606021111	-0.0216262677324	0.0157670791383	0.00330586932228	0.00516764066084	-0.0117689576863	-0.0116557979496	-0.0198469289067	-0.0268842678015	-0.0400262778223	0.0720886091745	0.00910890054972	-0.00960920156448	-0.00701712931104	-0.0231760135748	-0.00846578601478	0.0302904853004	0.0372425123279	0.0241465578497	0.0158615745844	-0.0476301307969	-0.0447714639857	0.0278933871649	-0.0507537410404	0.0125429139669	0.00554534873218	0.0331541021069	-0.0162481254537	-0.0129881869371	-0.0257675395277	-0.000357644801281	-0.0534784160623	0.0511856908295	-0.019293953444	-0.00649333631975	0.0320295574209
k__Bacteria;p__Bacteroidetes;c__Bacteroidia;o__Bacteroidales;f__Rikenellaceae;g__Alistipes;s__Alistipes_obesi	-0.0144016621845	-0.0449743353306	-0.0108852296765	-0.0184349919808	0.00975751729101	-0.0259543706141	-0.00227056051967	0.0452825709385	0.02539808963	-0.0457198864114	0.00634461516821	-0.0359339356405	-0.0480626576418	1.0	0.00775447027529	-0.0363107943253	-0.0475324609593	0.00629992563026	0.0128514671991	0.0350394024383	0.0106408296702	-0.0124502021987	0.0101381011136	-0.00294506802305	-0.036438839783	-0.0101249114492	0.00745668137098	0.0639197313101	-0.0356752641266	0.0502056725292	0.00480908898423	0.0528872769142	-0.0172602283774	0.00895878902174	0.0253070480662	0.0175136160283	-0.0108731095393	0.00479988399256	0.0132944122674	-0.030336769119	-0.033932257954	-0.00242039436394	-0.0171580782645	-0.022517947956	0.0574154525626	0.0154965581328	-0.0130519868989	-0.0192179273672	0.00299727945685	0.00801195511387	-0.0329582233837	-0.0256064813066	0.0538255095553	-0.0729328703822	-0.0350813715962	-0.04557340761	-0.0130090709882	0.00720263718416	0.0574459752408
k__Bacteria;p__Firmicutes;c__Clostridia;o__Clostridiales;f__Lachnospiraceae;g__;s__[Eubacterium]_rectale	0.0292330749797	0.0242205182273	0.0147292363669	0.0117406826768	-0.0265285500255	-0.0278870651912	-0.0140142812865	-0.055754904528	0.000814044706314	-0.0101546295879	-0.00352119592158	0.0123964114508	0.0322401712272	0.00775447027529	1.0	0.0214763514273	0.00183380778462	0.0130125100802	0.0633217186913	0.0459360561704	0.0120726690107	0.0876349366052	-0.0170886029652	-0.0262600786783	-0.0354924681039	0.0740744895917	0.0209297112695	0.0305765253965	0.0161412401283	0.0664589099921	-0.0353370800411	-0.0618553106497	0.0104250622655	-0.0630654630034	0.000957012200211	-0.0428791111799	0.00338974665277	0.0243243123757	0.015030175709	-0.00182748546902	-0.0675792097534	0.0052078824477	-0.0132033478755	-0.0520854412318	-0.0447615316341	-0.0943268304501	0.0326285717438	0.0254055356248	0.0415534564906	-0.0605760776436	-0.0015781432289	-0.065371275885	0.0188071441199	-0.0338820074009	0.0241322870463	-0.0544552560562	-0.0379974968521	0.0157880873261	-0.00522378908799
k__Bacteria;p__Bacteroidetes;c__Bacteroidia;o__Bacteroidales;f__Bacteroidaceae;g__Bacteroides;s__Bacteroides_plebeius	-0.0241196130077	-0.0299838383212	-0.0263469943055	-0.0440079507909	0.0858654825054	0.0073222015681	0.00441411766664	0.0219615356327	0.0322519324987	-0.000870975270711	0.00296730557568	0.0036592290775	-0.00798906521371	-0.0363107943253	0.0214763514273	1.0	-0.0175259521432	-0.0458622681038	0.0236769463603	-0.00112650090319	0.0108914870101	0.0124751693656	0.000623194794321	0.0494834302958	-0.025012090756	0.0188096736255	0.00352433711407	-0.0193110091613	-0.0652237070464	-0.014361940009	-0.0431873313149	-0.0155709159097	0.02279677452	0.000300553924659	-0.0258857047607	-0.00622237306131	-0.0588779738192	-0.00524050563235	0.0543947463148	-0.0491752415167	-0.0180607060508	-0.00351572047037	-0.00072213472954	-0.0015415529662	-0.00403519225276	-0.00237841179591	0.00188465560846	0.00468067230144	-0.0291303900835	0.00606678662242	0.00529898102358	0.00514909373878	0.0196021259594	0.0181801579047	-0.0371147620364	-0.0166570606514	-0.0146919574228	0.0120491139623	0.0777067955384
k__Bacteria;p__Bacteroidetes;c__Bacteroidia;o__Bacteroidales;f__Bacteroidaceae;g__Bacteroides;s__Bacteroides_fragilis	-0.0317854067864	-0.00171675676892	-0.0400599889988	-0.0209696595337	0.00222690741901	-0.0136832971132	-0.0196684911124	-0.0528401225907	0.0136787835288	-0.0197262319496	0.0253306277535	0.0461405379253	-0.0280921235522	-0.0475324609593	0.00183380778462	-0.0175259521432	1.0	0.0404692004537	0.0427220431515	0.0101837813577	-0.00424701442687	-0.0317286161821	-0.00615821985158	-0.0251982293271	0.0267644147362	-0.0330500384798	-0.00491090060604	-0.0120727237059	-0.0613667977936	-0.0228230780935	-0.0248787459256	0.0549671469965	-0.0331151574592	-0.00704405822233	-0.000632926894332	0.00436123612434	-0.00758789060409	-0.0330999621692	-0.0473470241034	0.0646887351381	-0.00483994392087	0.00390042124114	0.0162467095251	-0.0154936592264	0.00624565198561	-0.00621570451045	-0.0293937318089	0.0343599181431	0.0121605697207	-0.00908996974369	0.00264151746377	0.0163335393282	-0.00900308808668	-0.0371865088037	0.0281414533517	0.0127401629165	-0.0180852586768	-0.0645169965192	-0.0345546622445
k__Bacteria;p__Proteobacteria;c__Betaproteobacteria;o__Burkholderiales;f__Sutterellaceae;g__Sutterella;s__Sutterella_wadsworthensis	-0.00978928104265	0.00683961797033	-0.0422096472982	-0.00926238849943	-0.0334590196593	-0.00540254879715	-0.0126852849599	0.0216660012356	-0.0337053093174	-0.000222085259808	0.0369702378602	0.0185583994838	-0.0309029258522	0.00629992563026	0.0130125100802	-0.0458622681038	0.0404692004537	1.0	0.0250097150541	-0.0127919428827	-0.0517124749183	0.0377328091484	-0.0163667606399	0.0357114188971	0.0632474614045	-0.0185570931319	-0.0242899193581	-0.0193796755241	-0.00102412191345	0.00140295828968	0.00916542848588	0.022199057067	-0.0121048421252	0.0236993180604	-0.0332534730209	-0.00630143954788	0.0228137363645	0.00172960294393	-0.0391338982753	-0.0286576419031	-0.0235094131689	0.00065404192766	0.0231230199898	0.0143721201485	-0.00468649852228	-0.0229275888698	-0.0257099778746	0.0244274773506	-0.0438319925136	0.0156393816955	0.0178035124334	-0.0476488071544	0.00501799542771	0.00536994489247	-0.0586797901623	-0.0232056601689	-0.018017925301	-0.0698788612992	0.0308948875739
k__Bacteria;p__Bacteroidetes;c__Bacteroidia;o__Bacteroidales;f__Porphyromonadaceae;g__Barnesiella;s__Barnesiella_intestinihominis	0.040299120453	-0.00595382102351	-0.00521837724473	-0.0161523081177	-0.0272363682432	-0.047885423217	0.0183263705425	0.0189080611586	-0.0243267464194	-0.0272068343375	0.0517774022696	0.0074642428091	0.0109517569594	0.0128514671991	0.0633217186913	0.0236769463603	0.0427220431515	0.0250097150541	1.0	0.00157189974341	0.00338161701885	0.00290103398182	-0.00699595375529	0.038287210635	-0.000594237185408	-0.000200767479343	0.00446571995147	-0.0665746907337	-0.0392347436797	-0.0041165048989	-0.0388706114685	0.0260521899969	0.0264100375033	-0.0762091342815	0.0277742810429	-0.0236116333169	-0.0179608560926	-0.02855726487	-0.00511093193628	0.0170193511546	0.0368306531644	-0.022886184881	-0.0102127233066	0.0172137590685	0.0467797237468	-0.0165132199525	-0.0424109237271	-0.0150069497293	-0.0326564394602	-0.0447745633862	-0.0519037830424	-0.0274172428602	-0.0284148052467	0.00868774735731	-0.0436937044929	-0.0194743717235	-0.0276929492581	-0.0840920660517	-0.030799475448
k__Bacteria;p__Bacteroidetes;c__Bacteroidia;o__Bacteroidales;f__Odoribacteraceae;g__Odoribacter;s__Odoribacter_splanchnicus	0.0193073050943	-0.0058193719181	-0.028012370868	-0.03859553495	-0.0234469078951	-0.0216080567667	-0.0682709179012	-0.033908046604	0.0234981443283	0.0271642084173	-0.0649123296984	-3.10150076722e-05	-0.0189642368944	0.0350394024383	0.0459360561704	-0.00112650090319	0.0101837813577	-0.0127919428827	0.00157189974341	1.0	-0.0225691914706	-0.0439272729797	-0.0688882829466	-0.00601901967306	0.0306773261888	0.00103152289502	0.0180956067355	-0.0679755372129	-0.0265438641333	0.00325187093334	-0.0418272263124	-0.0287301571483	0.0360821790428	-0.0146435752077	0.0166587852366	0.0442343315083	-0.0347014398624	-0.000577407875748	0.0163668630103	0.0569758357827	-0.0448914368428	0.0502555667035	-0.00650503610341	0.0334227874526	-0.0300202296336	0.00543881481619	0.00331640891144	-0.0470724460991	0.00436363061253	0.0349328657767	0.0358801611231	0.0176916137282	-0.0147232772988	-0.0162982036089	-0.0254124626035	-0.0543658271024	-0.0486677939316	-0.0207350594535	-0.0217115573891
k__Bacteria;p__Bacteroidetes;c__Bacteroidia;o__Bacteroidales;f__Bacteroidaceae;g__Bacteroides;s__Bacteroides_salyersiae	0.00736330698998	0.0425210166632	-0.0302310482226	0.0588994475076	-0.0382413916533	0.00099415273072	0.0138130769637	0.0136032849461	-0.0235912850118	-0.0342176322229	0.0334302140178	-0.0515010389848	0.0136678361812	0.0106408296702	0.0120726690107	0.0108914870101	-0.00424701442687	-0.0517124749183	0.00338161701885	-0.0225691914706	1.0	-0.0190102265324	0.00769863572408	-0.0248866093944	0.011783484801	0.011078461548	0.0193138974833	-0.0345452661383	0.000743874050547	0.00306991774995	0.0208434399466	0.0197086244131	-0.00119237837691	-0.0854526860908	-0.0402115225408	-0.0236032399484	0.0342886200446	0.0173048727412	0.0419279970347	0.00939719845459	0.0231045961019	-0.0151932950983	-0.00542103714499	-0.0776697901955	-0.0642502463621	-0.0279239778884	0.00993013983519	-0.00139883724274	-0.0295806187786	-0.0290477150841	0.0030080035182	0.0428461140143	-0.00627080040877	-0.0227273211766	-0.0429706047984	-0.00154087174758	-0.00793703997869	-0.00894112650569	-0.0353880120861
k__Bacteria;p__Firmicutes;c__Clostridia;o__Clostridiales;f__Ruminococcaceae;g__Ruminiclostridium;s__[Eubacterium]_siraeum	-0.0207834146997	-0.0141833431292	-0.0086641961601	-0.030125911962	-0.0156757672499	0.0455703542191	0.00941127333289	-0.00169849481776	-0.00942545471647	-0.0534562677288	0.00305071052977	-0.066125613285	-0.0261750439838	-0.0124502021987	0.0876349366052	0.0124751693656	-0.0317286161821	0.0377328091484	0.00290103398182	-0.0439272729797	-0.0190102265324	1.0	0.0278701164481	0.0285288359965	0.0144629532208	-0.0146834652541	-0.0492259956771	-0.0121360026021	0.0389670373819	-0.0189558482474	0.0189556887734	-0.0178426211076	0.0408805135495	-0.0277673577881	-0.00802500519786	0.029472408212	0.0589592828851	0.0510132557668	0.0285413026877	-0.092646991674	-0.00424143051785	-0.0540447300959	-0.027322107832	-0.00248740719772	-0.0513811449927	0.0119618829051	0.0435801371842	-0.0193307722462	-0.042478881625	-0.0154351195411	-0.0117469869659	-0.0815724645276	0.0381075461558	0.00258193163581	-0.00911652162082	-0.0510277927404	-0.00635234273646	0.00658745558961	0.0255458429007
k__Bacteria;p__Proteobacteria;c__Betaproteobacteria;o__Burkholderiales;f__Sutterellaceae;g__Parasutterella;s__Parasutterella_excrementihominis	-0.0368903138407	0.0439143076193	0.00864683372595	-0.0193363727483	0.0140873661307	0.00885704929646	0.0292302135882	0.00222639033611	-0.0331766025885	-0.0185414617549	0.00613593032219	-0.0444333289708	-0.00396518680209	0.0101381011136	-0.0170886029652	0.000623194794321	-0.00615821985158	-0.0163667606399	-0.00699595375529	-0.0688882829466	0.00769863572408	0.0278701164481	1.0	-0.0473500480482	-0.00705500254168	-0.0289366377998	0.00112628708015	0.0161698559998	-0.0210242453081	-0.022640185329	0.0321304153695	-0.0185969174215	-0.0216277671149	0.0168857330135	-0.0369480081171	-0.0268082855411	-0.0330690658062	-0.0206058087294	-0.0250787263357	0.0374298190631	-0.0131715451419	-0.0273254951363	0.00850270307992	-0.0119241666446	-0.00532053023395	-0.0410310498165	-0.00254149644516	-0.00364740271695	0.0353267810448	0.025039940535	-0.00637010473802	-0.0302312269671	-0.00343482469302	0.00867070506736	0.000232216305332	0.00352012425549	-0.0389832190872	0.0479789508215	0.00530858401633
k__Bacteria;p__Actinobacteria;c__Actinobacteria;o__Bifidobacteriales;f__Bifidobacteriaceae;g__Bifidobacterium;s__Bifidobacterium_adolescentis	-0.0232905686087	-0.0557387308568	0.0161837763743	-0.0594821034175	-0.0119112089707	0.0118392305141	0.0618090607581	-0.0212095443316	0.00306562217073	0.0132442385447	-0.00842159412889	-0.0448424767656	-0.027606021111	-0.00294506802305	-0.0262600786783	0.0494834302958	-0.0251982293271	0.0357114188971	0.038287210635	-0.00601901967306	-0.0248866093944	0.0285288359965	-0.0473500480482	1.0	-0.0178102622413	-0.0194155393021	-0.0179741127218	0.0324404531619	-0.00150473172336	0.0858628273265	0.00664978667766	0.00444934916646	0.027982346231	-0.0203858070171	-0.00982233768565	0.0124403234533	0.00799527649225	-0.0533366935058	-0.0232767204172	-0.042935511048	-0.0110549202525	-0.0116357768101	0.0356794716836	-0.0431194430179	-0.016431181525	0.036933972792	-0.0246121570518	0.0399072252753	0.018707872051	-0.00246898649433	-0.0439690660238	0.0300750718447	-0.0137659041927	0.0358001350128	0.0506140481107	-0.00553776777285	-0.0243684080488	-0.0239665067864	-0.00310744980537
k__Bacteria;p__Firmicutes;c__Clostridia;o__Clostridiales;f__Oscillospiraceae;g__Oscillibacter;s__Oscillibacter_sp._KLE_1745	0.0463868804764	-0.0676696768132	-0.0506993819971	-0.0223123661195	-0.0643878725281	0.0573179533691	-0.0217520928447	-0.0360314074469	-0.0352276184653	0.0223430070071	0.0164402779154	0.0562620451479	-0.0216262677324	-0.036438839783	-0.0354924681039	-0.025012090756	0.0267644147362	0.0632474614045	-0.000594237185408	0.0306773261888	0.011783484801	0.0144629532208	-0.00705500254168	-0.0178102622413	1.0	0.0175458495782	0.0169735857681	-0.00782090443871	-0.0038865387224	0.0389186521291	-0.0239167875303	-0.0239600111419	-0.0566083991805	0.00962267571734	-0.030607531533	0.0111180791305	-0.0251658198469	-0.00855670380023	0.00405145697107	-0.0999861418511	-0.0514878078131	0.0115125405929	0.0244174272469	0.0606428061115	0.0134323899962	0.0609170721532	-0.0110280801555	0.00795451872556	-0.068748099344	0.0121486475787	-0.0464694569482	-0.0145446081306	-0.0108159397332	0.0135950422884	0.0195173874109	0.0502016907629	-0.0438884331535	-0.0322158052302	-0.0166025208213
k__Bacteria;p__Bacteroidetes;c__Bacteroidia;o__Bacteroidales;f__Bacteroidaceae;g__Bacteroides;s__Bacteroides_coprophilus	0.0428942700457	-0.0537730425304	0.00950156323996	0.0593469806056	0.00556612016886	0.00467142205864	-0.00911182585231	-0.000593472798218	0.0641038553536	-0.0496238941798	0.026673508882	-0.007137648057	0.0157670791383	-0.0101249114492	0.0740744895917	0.0188096736255	-0.0330500384798	-0.0185570931319	-0.000200767479343	0.00103152289502	0.011078461548	-0.0146834652541	-0.0289366377998	-0.0194155393021	0.0175458495782	1.0	-0.0372039391673	-0.00673890031719	-0.00366581706443	-0.037282023096	-0.0193442418939	-0.0278793690652	0.0662060347163	-0.0301964616806	-0.0426417214334	-0.0129542507647	-0.000927580973344	-0.00982763307554	-0.0482213477082	-0.047643178808	-0.0124049794567	0.0133252146941	-0.00653132994547	0.000596236345314	0.0343223619573	0.0199253823291	-0.0631936891341	-0.00633874427107	-0.00713664797687	-0.0184263613279	-0.00813249233597	-0.0202667053297	0.02139408028	0.0059840892206	-0.0160079301913	-0.0246782647397	-0.0099706304267	-0.00326266705456	0.0127877197864
k__Bacteria;p__Firmicutes;c__Clostridia;o__Clostridiales;f__Lachnospiraceae;g__Roseburia;s__Roseburia_intestinalis	0.0168441625528	0.00604981701903	-0.0261545186165	0.0501239940476	0.0113894843948	-0.0105106409418	-0.0281828251541	0.00290090985307	-0.0603839774098	-0.00732762039055	0.00192780123331	0.00854872675499	0.00330586932228	0.00745668137098	0.0209297112695	0.00352433711407	-0.00491090060604	-0.0242899193581	0.00446571995147	0.0180956067355	0.0193138974833	-0.0492259956771	0.00112628708015	-0.0179741127218	0.0169735857681	-0.0372039391673	1.0	-0.0373514821093	0.0457144403253	0.000377047232999	0.0395294817278	-0.00786583622441	-0.0234556723156	-0.00937820332861	-0.0790694027736	-0.0242390855538	0.0121500714322	0.020103268565	0.0781772055661	-0.0440301143655	0.0159325834362	0.0536561087827	0.0324694810332	-0.0538762269058	-0.00561526066826	-0.00715653934689	0.0197510788987	-0.00920857626921	0.0566641075195	-0.0507674237444	0.0327423308052	0.0293905687721	-0.00836835446072	-0.0439695013685	-0.0554814978388	-0.0683347790868	-0.00273526235516	-0.0107357455327	0.0124630184211
k__Bacteria;p__Firmicutes;c__Clostridia;o__Clostridiales;f__Lachnospiraceae;g__Roseburia;s__Roseburia_hominis	-0.0224091661281	0.011949694536	0.065201737026	0.00673923557146	-0.0449555286966	0.0122717662028	0.025361717822	0.0189638917942	0.0546638384337	0.0136611621279	-0.0589028389666	0.0247337292065	0.00516764066084	0.0639197313101	0.0305765253965	-0.0193110091613	-0.0120727237059	-0.0193796755241	-0.0665746907337	-0.0679755372129	-0.0345452661383	-0.0121360026021	0.0161698559998	0.0324404531619	-0.00782090443871	-0.00673890031719	-0.0373514821093	1.0	-0.0217936440773	0.0265559630731	0.00278496827267	-0.0142811942564	0.0114187214998	-0.0319056430186	-0.0285973887727	-0.0179351181973	-0.0408267783408	0.00411067110546	-0.0380099389174	-0.0409514931918	0.0152021483791	-0.0153066221859	-0.0128510618058	-0.0327611141215	0.0125602208535	0.0166227378899	0.0425581597351	-0.00601296357574	-0.00562364833862	0.0145428705468	-0.0476242603168	0.0526356260085	0.0286335721709	0.00702647221459	0.0145338335533	0.0112206349145	-0.00952844016673	0.0065208289234	-0.0578018238971
k__Bacteria;p__Bacteroidetes;c__Bacteroidia;o__Bacteroidales;f__Porphyromonadaceae;g__Parabacteroides;s__Parabacteroides_johnsonii	-0.0195380305726	-0.00383649580569	0.0173145901952	0.0113802966732	0.0119126747974	-0.0307055477022	-0.0487414222844	-0.032689105009	-0.0589685472369	0.025541615022	0.0681193973911	-0.0259543586332	-0.0117689576863	-0.0356752641266	0.0161412401283	-0.0652237070464	-0.0613667977936	-0.00102412191345	-0.0392347436797	-0.0265438641333	0.000743874050547	0.0389670373819	-0.0210242453081	-0.00150473172336	-0.0038865387224	-0.00366581706443	0.0457144403253	-0.0217936440773	1.0	0.0066735581987	0.0468650754344	-0.0811225904698	-0.0498927463593	-0.03647746751	0.00241081976899	0.0123027912026	-0.00435068814455	-0.0223527506394	0.00257633998251	-0.00975491806109	0.00838630612901	0.00773148843323	0.0024000645355	0.0223206779363	0.0128032412226	-0.0276562245112	-0.0288767835402	0.0402139291665	0.00779645819332	-0.053277354584	-0.0111163713553	-0.0615897067989	0.0278687307396	-0.0133173613565	-0.00693691931939	-0.0100993897941	-0.0455208949366	0.00663171247244	-0.00261852916296
k__Bacteria;p__Actinobacteria;c__Actinobacteria;o__Bifidobacteriales;f__Bifidobacteriaceae;g__Bifidobacterium;s__Bifidobacterium_longum	-0.0243847941111	-0.0567179729729	0.00299654946057	-0.00263656321033	-0.00137332035459	0.0237327107563	-0.00286020692715	-0.0498921677305	-0.0290734228571	-0.000457647087073	-0.0623541488973	0.0221909747883	-0.0116557979496	0.0502056725292	0.0664589099921	-0.014361940009	-0.0228230780935	0.00140295828968	-0.0041165048989	0.00325187093334	0.00306991774995	-0.0189558482474	-0.022640185329	0.0858628273265	0.0389186521291	-0.037282023096	0.000377047232999	0.0265559630731	0.0066735581987	1.0	-0.0496115122825	0.00426653786424	-0.0085415544196	-0.00156263644157	-0.040215301259	-0.00560298280595	0.0572921963229	0.011250529841	0.0106826482691	-0.0371301453006	-0.0152628833103	0.0101399815088	-0.0479061750239	0.0258164807829	-0.0378347100625	-0.0475011238548	-0.0138728546875	-0.0133232821641	-0.0310790746457	-0.0122671318453	-0.00541575255817	0.00704177540691	0.0146603605782	-0.037240561382	0.0291062403252	-0.0197432444725	-0.0236159560833	0.020629849226	-0.0182094023881
