#taxonomy	k__Bacteria;p__Bacteroidetes;c__Bacteroidia;o__Bacteroidales;f__Bacteroidaceae;g__Bacteroides;s__Bacteroides_vulgatus	k__Bacteria;p__Bacteroidetes;c__Bacteroidia;o__Bacteroidales;f__Bacteroidaceae;g__Bacteroides;s__Bacteroides_uniformis	k__Bacteria;p__Bacteroidetes;c__Bacteroidia;o__Bacteroidales;f__Rikenellaceae;g__Alistipes;s__Alistipes_putredinis	k__Bacteria;p__Bacteroidetes;c__Bacteroidia;o__Bacteroidales;f__Prevotellaceae;g__Prevotella;s__Prevotella_copri	k__Bacteria;p__Bacteroidetes;c__Bacteroidia;o__Bacteroidales;f__Bacteroidaceae;g__Bacteroides;s__Bacteroides_stercoris	k__Bacteria;p__Bacteroidetes;c__Bacteroidia;o__Bacteroidales;f__Bacteroidaceae;g__Bacteroides;s__Bacteroides_ovatus	k__Bacteria;p__Bacteroidetes;c__Bacteroidia;o__Bacteroidales;f__Rikenellaceae;g__Alistipes;s__Alistipes_shahii	k__Bacteria;p__Firmicutes;c__Clostridia;o__Clostridiales;f__Ruminococcaceae;g__Faecalibacterium;s__Faecalibacterium_prausnitzii	k__Bacteria;p__Bacteroidetes;c__Bacteroidia;o__Bacteroidales;f__Rikenellaceae;g__Alistipes;s__Alistipes_finegoldii	k__Bacteria;p__Bacteroidetes;c__Bacteroidia;o__Bacteroidales;f__Porphyromonadaceae;g__Parabacteroides;s__Parabacteroides_distasonis	k__Bacteria;p__Bacteroidetes;c__Bacteroidia;o__Bacteroidales;f__Bacteroidaceae;g__Bacteroides;s__Bacteroides_thetaiotaomicron	k__Bacteria;p__Bacteroidetes;c__Bacteroidia;o__Bacteroidales;f__Bacteroidaceae;g__Bacteroides;s__Bacteroides_coprocola	k__Bacteria;p__Bacteroidetes;c__Bacteroidia;o__Bacteroidales;f__Bacteroidaceae;g__Bacteroides;s__Bacteroides_cellulosilyticus	k__Bacteria;p__Bacteroidetes;c__Bacteroidia;o__Bacteroidales;f__Rikenellaceae;g__Alistipes;s__Alistipes_obesi	k__Bacteria;p__Firmicutes;c__Clostridia;o__Clostridiales;f__Lachnospiraceae;g__;s__[Eubacterium]_rectale	k__Bacteria;p__Bacteroidetes;c__Bacteroidia;o__Bacteroidales;f__Bacteroidaceae;g__Bacteroides;s__Bacteroides_plebeius	k__Bacteria;p__Bacteroidetes;c__Bacteroidia;o__Bacteroidales;f__Bacteroidaceae;g__Bacteroides;s__Bacteroides_fragilis	k__Bacteria;p__Proteobacteria;c__Betaproteobacteria;o__Burkholderiales;f__Sutterellaceae;g__Sutterella;s__Sutterella_wadsworthensis	k__Bacteria;p__Bacteroidetes;c__Bacteroidia;o__Bacteroidales;f__Porphyromonadaceae;g__Barnesiella;s__Barnesiella_intestinihominis	k__Bacteria;p__Bacteroidetes;c__Bacteroidia;o__Bacteroidales;f__Odoribacteraceae;g__Odoribacter;s__Odoribacter_splanchnicus	k__Bacteria;p__Bacteroidetes;c__Bacteroidia;o__Bacteroidales;f__Bacteroidaceae;g__Bacteroides;s__Bacteroides_salyersiae	k__Bacteria;p__Firmicutes;c__Clostridia;o__Clostridiales;f__Ruminococcaceae;g__Ruminiclostridium;s__[Eubacterium]_siraeum	k__Bacteria;p__Proteobacteria;c__Betaproteobacteria;o__Burkholderiales;f__Sutterellaceae;g__Parasutterella;s__Parasutterella_excrementihominis	k__Bacteria;p__Actinobacteria;c__Actinobacteria;o__Bifidobacteriales;f__Bifidobacteriaceae;g__Bifidobacterium;s__Bifidobacterium_adolescentis	k__Bacteria;p__Firmicutes;c__Clostridia;o__Clostridiales;f__Oscillospiraceae;g__Oscillibacter;s__Oscillibacter_sp._KLE_1745	k__Bacteria;p__Bacteroidetes;c__Bacteroidia;o__Bacteroidales;f__Bacteroidaceae;g__Bacteroides;s__Bacteroides_coprophilus	k__Bacteria;p__Firmicutes;c__Clostridia;o__Clostridiales;f__Lachnospiraceae;g__Roseburia;s__Roseburia_intestinalis	k__Bacteria;p__Firmicutes;c__Clostridia;o__Clostridiales;f__Lachnospiraceae;g__Roseburia;s__Roseburia_hominis	k__Bacteria;p__Bacteroidetes;c__Bacteroidia;o__Bacteroidales;f__Porphyromonadaceae;g__Parabacteroides;s__Parabacteroides_johnsonii	k__Bacteria;p__Actinobacteria;c__Actinobacteria;o__Bifidobacteriales;f__Bifidobacteriaceae;g__Bifidobacterium;s__Bifidobacterium_longum	k__Bacteria;p__Firmicutes;c__Clostridia;o__Clostridiales;f__;g__Flavonifractor;s__Flavonifractor_plautii	k__Bacteria;p__Firmicutes;c__Clostridia;o__Clostridiales;f__Clostridiaceae;g__Clostridium;s__Clostridium_phoceensis	k__Bacteria;p__Verrucomicrobia;c__Verrucomicrobiae;o__Verrucomicrobiales;f__Akkermansiaceae;g__Akkermansia;s__Akkermansia_muciniphila	k__Bacteria;p__Bacteroidetes;c__Bacteroidia;o__Bacteroidales;f__Prevotellaceae;g__Paraprevotella;s__Paraprevotella_xylaniphila	k__Bacteria;p__Firmicutes;c__Clostridia;o__Clostridiales;f__Ruminococcaceae;g__Ruminococcus;s__Ruminococcus_callidus	k__Bacteria;p__Bacteroidetes;c__Bacteroidia;o__Bacteroidales;f__Rikenellaceae;g__Alistipes;s__Alistipes_senegalensis	k__Bacteria;p__Firmicutes;c__Clostridia;o__Clostridiales;f__Lachnospiraceae;g__Blautia;s__Blautia_sp._KLE_1732	k__Bacteria;p__Bacteroidetes;c__Bacteroidia;o__Bacteroidales;f__Bacteroidaceae;g__Bacteroides;s__Bacteroides_oleiciplenus	k__Bacteria;p__Firmicutes;c__Clostridia;o__Clostridiales;f__Ruminococcaceae;g__Ruminococcus;s__Ruminococcus_bicirculans	k__Bacteria;p__Bacteroidetes;c__Bacteroidia;o__Bacteroidales;f__Bacteroidaceae;g__Bacteroides;s__Bacteroides_fluxus	k__Bacteria;p__Bacteroidetes;c__Bacteroidia;o__Bacteroidales;f__Prevotellaceae;g__Prevotella;s__Prevotella_stercorea	k__Bacteria;p__Firmicutes;c__Clostridia;o__Clostridiales;f__Lachnospiraceae;g__Dorea;s__Dorea_longicatena	k__Bacteria;p__Firmicutes;c__Clostridia;o__Clostridiales;f__Eubacteriaceae;g__Eubacterium;s__[Eubacterium]_eligens	k__Bacteria;p__Firmicutes;c__Clostridia;o__Clostridiales;f__Ruminococcaceae;g__;s__Ruminococcaceae_bacterium_D16	k__Bacteria;p__Firmicutes;c__Clostridia;o__Clostridiales;f__Lachnospiraceae;g__Coprococcus;s__Coprococcus_comes	k__Bacteria;p__Proteobacteria;c__Gammaproteobacteria;o__Enterobacterales;f__Enterobacteriaceae;g__Escherichia;s__Escherichia_coli	k__Bacteria;p__Firmicutes;c__Clostridia;o__Clostridiales;f__Ruminococcaceae;g__Anaerotruncus;s__Anaerotruncus_colihominis	k__Bacteria;p__Firmicutes;c__Clostridia;o__Clostridiales;f__Lachnospiraceae;g__Blautia;s__Blautia_obeum	k__Bacteria;p__Bacteroidetes;c__Bacteroidia;o__Bacteroidales;f__Odoribacteraceae;g__Odoribacter;s__Odoribacter_laneus	k__Bacteria;p__Firmicutes;c__Clostridia;o__Clostridiales;f__Ruminococcaceae;g__Ruminiclostridium;s__[Clostridium]_leptum	k__Bacteria;p__Bacteroidetes;c__Bacteroidia;o__Bacteroidales;f__Porphyromonadaceae;g__Parabacteroides;s__Parabacteroides_goldsteinii	k__Bacteria;p__Firmicutes;c__Clostridia;o__Clostridiales;f__Lachnospiraceae;g__Anaerostipes;s__Anaerostipes_hadrus	k__Bacteria;p__Firmicutes;c__Clostridia;o__Clostridiales;f__Ruminococcaceae;g__Ruminococcus;s__Ruminococcus_lactaris	k__Bacteria;p__Firmicutes;c__Clostridia;o__Clostridiales;f__Clostridiaceae;g__Clostridium;s__Clostridium_sp._L2-50	k__Bacteria;p__Firmicutes;c__Clostridia;o__Clostridiales;f__Clostridiaceae;g__Clostridium;s__Clostridium_sp._M62/1	k__Bacteria;p__Firmicutes;c__Clostridia;o__Clostridiales;f__;g__Intestinimonas;s__Intestinimonas_butyriciproducens	k__Bacteria;p__Actinobacteria;c__Actinobacteria;o__Bifidobacteriales;f__Bifidobacteriaceae;g__Bifidobacterium;s__Bifidobacterium_bifidum	k__Bacteria;p__Firmicutes;c__Negativicutes;o__Veillonellales;f__Veillonellaceae;g__Dialister;s__Dialister_invisus	k__Bacteria;p__Bacteroidetes;c__Bacteroidia;o__Bacteroidales;f__Bacteroidaceae;g__Bacteroides;s__Bacteroides_salanitronis
k__Bacteria;p__Bacteroidetes;c__Bacteroidia;o__Bacteroidales;f__Bacteroidaceae;g__Bacteroides;s__Bacteroides_vulgatus	1.0	0.00633206497148	0.00228403287419	0.0490286251645	0.0233885311645	-0.00989304516312	-0.00955609983763	-0.0154509078732	-0.0236779156476	-0.0439923988135	-0.0603609962068	0.0711409622186	0.00631337819553	0.00426981128061	0.00586002019337	0.00147707645133	-0.103920464153	0.0281848219752	-0.0349350054888	-0.0085684522306	0.00204859557264	-0.0157628596263	0.0108366416402	-0.0461929211299	0.0205237092719	-0.016820830068	0.0375945997501	-0.0296605593493	-0.0571365537521	-0.00508769436564	0.0429304935703	-0.0169076167643	-0.0233782736509	-0.00686266638645	-0.00277349516477	0.00629987025837	0.0751655628215	-0.045540268502	0.0364138374164	-0.0447787405231	0.0371120910971	-0.0251613515093	-0.00202606194198	-0.0458595637655	-0.0606540531948	-0.0533068382638	-0.000315546956439	-0.0110820597013	-0.0733302369198	0.0584074213202	-0.0168920207598	0.027577774847	-0.0172567780519	0.0130553790273	-0.0667112345507	0.0178294337271	0.0189560545476	0.0029502803393	-0.019412368657
k__Bacteria;p__Bacteroidetes;c__Bacteroidia;o__Bacteroidales;f__Bacteroidaceae;g__Bacteroides;s__Bacteroides_uniformis	0.00633206497148	1.0	-0.0108748429889	-0.0288512264331	-0.0224510954264	0.00849837771521	0.0284086091605	0.0160627551819	0.0209308193747	-0.0517038842403	0.0190672486358	0.0329056094298	-0.0385548216321	0.0163433699677	0.011827757993	-0.0111275577051	0.0186439768072	0.0230191670511	-0.0360647681944	-0.0481149753296	0.0186942389801	-0.0477027472452	-0.0400315265086	0.017951825006	0.0358138481933	0.00353119358198	-0.047578505707	-0.00584730122089	0.00955970761731	0.0291374292147	0.0297139037805	-0.0169244661897	-0.0400134916569	-0.000171563320386	-0.0190097342942	-0.00429135258775	0.00438774438378	-0.0196008997603	-0.0411988545516	0.0429940579375	-0.0237306494722	-0.0470844699935	-0.0248305462232	-0.0263873479159	-0.0033213485911	0.00584785151664	-0.0239097765525	-0.0116266510346	0.02474874722	-0.0159750649367	0.037001373985	-0.0495868800784	0.0525519977721	-0.0508235759214	-0.00708377638074	0.0279077017154	-0.0206681099466	-0.0135275077622	0.0551517580994
k__Bacteria;p__Bacteroidetes;c__Bacteroidia;o__Bacteroidales;f__Rikenellaceae;g__Alistipes;s__Alistipes_putredinis	0.00228403287419	-0.0108748429889	1.0	-0.0328508832889	0.0260240177504	-0.0166244973605	0.0161474079775	0.0220345653132	-0.0252057439585	-0.0511594348965	-0.104894924486	0.0258372907564	0.00164757271223	-0.0488529622167	0.0147834784119	-0.0284452776867	-0.0229947664957	0.041517407874	-0.0203719237163	-0.0220366980269	-0.0600951742838	0.00908014058991	-0.0391858728383	-0.052769116987	-0.0135132745051	-0.0099968076683	0.00056258915981	0.00897122065677	0.0245890645127	-0.00782040861418	0.0196510736055	-0.00147790420563	-0.0103116652011	0.0203022151324	0.0529961793965	0.0290122052641	0.0395090394193	-0.00122504212781	-0.0222451187299	0.017487413551	-0.0202947919066	-0.0104596095598	-0.0130869502756	-0.0171963016548	-0.0354864659367	0.0149043070598	-0.0687912199772	0.0123006988565	0.044382738443	-0.0241384425442	-0.00915645389249	-0.00725997784814	0.00884988462754	-0.0442435887376	0.0548733264507	-0.0201750383173	0.0102334048024	-0.0163183760741	-0.007610874508
k__Bacteria;p__Bacteroidetes;c__Bacteroidia;o__Bacteroidales;f__Prevotellaceae;g__Prevotella;s__Prevotella_copri	0.0490286251645	-0.0288512264331	-0.0328508832889	1.0	0.0470969318868	-0.0344553889265	0.00252839068599	-0.0398898780382	0.00287107416041	0.0122452997926	0.0399410755376	-0.00803349276121	0.0258734532118	-0.00523007912943	-0.0239321498969	-0.0456501579778	0.00714563124718	0.0173912065832	0.0187985508097	0.037342369384	0.0249043643718	-0.0131456001679	-0.0350365359223	-0.0392440380616	-0.0279824436697	-0.0133239892167	-0.0155408821476	-0.0503680318688	0.0163637573601	0.0209375873587	-0.0653949950259	0.000646291697282	0.00190073740274	0.0310700954739	0.0579506966417	-0.049067367381	0.00474407199587	0.0284757025671	-0.0384744812486	-0.0831900716992	-0.0422784231678	0.0163034130744	0.0294165943613	-0.0286757486473	0.0013762326865	-0.0605366172524	0.00720556610763	-0.0428477204702	-0.0202424860161	0.0382962987028	-0.00778319033981	-0.0209588880279	0.0143942298366	0.0623921552923	0.00640921371086	0.0390384137893	-0.0283799138952	-0.0381081668796	0.00438273290758
k__Bacteria;p__Bacteroidetes;c__Bacteroidia;o__Bacteroidales;f__Bacteroidaceae;g__Bacteroides;s__Bacteroides_stercoris	0.0233885311645	-0.0224510954264	0.0260240177504	0.0470969318868	1.0	-0.0294587397198	-0.0119391962412	0.0691603979977	0.0186514242821	0.0125067146048	-0.03400650349	-0.0260318538718	-0.0391105939201	0.0267300473739	-0.046958693859	-0.0690387254085	-0.0526076864096	-0.0230601059008	0.0645141805678	0.0455900590524	-0.0214657214215	-0.0103636296542	-0.0227244851626	0.0540292612199	0.00235181878345	-0.00585562339686	-0.0687010555098	0.031209661269	0.0283498281818	0.0223564545691	0.0255880226155	0.0485356173244	-0.0476626054544	0.0291230307452	-0.00536470169843	-0.00914564514009	-0.0250239931921	-0.0429364026604	-0.0330804708915	0.019405205754	-0.0548579691418	-0.0237958802872	0.0157234456027	0.00856579687826	-0.0168002071606	-0.0337829169188	-0.00835345179767	-0.0326779918056	-0.0159253524759	0.00954552527049	-0.0344190373317	-0.042004213175	0.00554651617498	0.0241766131568	0.0240807592425	0.0199588491077	0.0196204397943	-0.0035405574091	-0.0301488032951
k__Bacteria;p__Bacteroidetes;c__Bacteroidia;o__Bacteroidales;f__Bacteroidaceae;g__Bacteroides;s__Bacteroides_ovatus	-0.00989304516312	0.00849837771521	-0.0166244973605	-0.0344553889265	-0.0294587397198	1.0	0.0184817702018	0.0250267107845	-0.028015480983	0.0526444483073	0.00615976323554	-0.00270387651425	0.0156496203636	-0.0124027034007	0.0229342549966	-0.0426850288836	0.0412366257431	-0.00676230057797	-0.0128187882692	0.00558026167291	0.00824427013951	0.0322312157139	-0.0263985098533	-0.0207623306152	-0.0302633860566	-0.0172582659608	-0.0284377470786	-0.035708891635	-0.0141719425951	0.0102477357952	-0.0321661961063	0.0222644051218	0.000128211529251	-0.0534490796842	0.0043687855798	0.043137316697	-0.023807597275	-0.00117306988837	0.00799004662367	-0.066765404274	0.0478307026793	0.0107372330375	-0.00226977376065	-0.028320642363	0.0234428425666	0.0241074724163	0.00251488169987	0.031344645937	-0.00966926941813	-0.00786098667076	-0.00721028353348	-0.0261531325459	-0.0135967078448	0.0131535971877	-0.0340982411811	0.00423671291102	-0.0163656371519	0.00768859503963	-0.0154145694955
k__Bacteria;p__Bacteroidetes;c__Bacteroidia;o__Bacteroidales;f__Rikenellaceae;g__Alistipes;s__Alistipes_shahii	-0.00955609983763	0.0284086091605	0.0161474079775	0.00252839068599	-0.0119391962412	0.0184817702018	1.0	-0.00410821536343	-0.052725729502	0.0282372766715	0.0588845470248	0.00655320658169	-0.0509980687897	0.0137812392843	-0.0037806633827	-0.0250514578457	0.0425137679566	0.018404886814	0.00817089344154	-0.0385791767961	-0.0151507910002	0.0417775740249	0.0132317567592	-0.0560850705594	-0.0661051331296	-0.0693551186451	-0.00159151906094	-0.0232767280843	0.0506239515121	0.000409928669873	0.00958470900834	-0.0127940814585	-0.000305148053583	0.0191869056536	0.0126000664379	-0.0208914880276	-0.0457018474199	0.0427605887987	0.0316008161933	0.000390353229518	-0.0136848379123	0.0468891766294	0.0543017310812	0.0109374794564	-0.00532930113099	0.0364437703033	0.00995324816327	-0.0967921993607	-0.0120431221327	-0.0232964808809	0.00509242978129	0.00462067564378	-0.0524219571327	-0.0329239732282	-0.0131706291396	0.00162867217967	0.0284296643175	0.0158303153073	0.0261876410978
k__Bacteria;p__Firmicutes;c__Clostridia;o__Clostridiales;f__Ruminococcaceae;g__Faecalibacterium;s__Faecalibacterium_prausnitzii	-0.0154509078732	0.0160627551819	0.0220345653132	-0.0398898780382	0.0691603979977	0.0250267107845	-0.00410821536343	1.0	0.030976322226	-0.0312511933902	-0.00697011317983	0.0093720172321	0.0227917837385	-0.0926298382597	-0.0505816234269	-0.049945996572	0.0166898679128	-0.00892363658726	0.00851361268257	0.0343003805241	0.0207601912581	0.0170308592162	-0.00677215720425	0.0251879741702	-0.0550352567903	0.0645118124648	-0.0113733922667	0.00319513561835	-0.00477714316392	-0.0913477765314	0.00920225968307	-0.0273977906069	-0.0489364011091	0.0256119319925	-0.0654588142567	-0.00137780972936	-0.00293864771534	-0.0202391632559	-0.0416412554026	0.0678310588297	0.00883899016725	-0.0410489007479	0.0466916951283	-0.00575089419877	0.0417974630097	0.0245258395055	-0.0208758108907	0.0161530835471	0.0160618769033	0.00776420530886	-0.0546007752195	-0.0231070285895	-0.0247884719074	0.0311434124902	-0.0537901931332	0.0123041026731	-0.0476245913506	-0.022977108439	-0.00274628726136
k__Bacteria;p__Bacteroidetes;c__Bacteroidia;o__Bacteroidales;f__Rikenellaceae;g__Alistipes;s__Alistipes_finegoldii	-0.0236779156476	0.0209308193747	-0.0252057439585	0.00287107416041	0.0186514242821	-0.028015480983	-0.052725729502	0.030976322226	1.0	0.000463689378409	-0.0398494789986	-0.0116251681107	0.00156030331022	0.00768557644618	0.0218927259199	-0.0104951191489	-0.0229846928003	-0.00852693673432	-0.0103516304111	-0.0212103805717	-0.0102739552342	-0.052009412652	-0.00860491848096	0.0100286624926	0.0154080736505	-0.0236319940688	-0.0388458001245	0.0269520794457	-0.0470037403049	-0.0562617348897	0.0347919417048	0.0943764223866	0.0154279841006	-0.0422471709049	0.00908006767628	0.0138592607381	-0.0533917673445	-0.0141806821003	-0.0787883871161	-0.0246011339462	-0.0232246680169	-0.0494728545675	-0.0282751656782	-0.0448392113211	-0.00187925642917	-0.00738234494902	0.0500756140224	0.0166401683577	-0.00617769694072	0.041761403508	-0.0395982633699	-0.00148212844722	0.0405668297721	-0.0229444645032	-0.0131533405685	-0.0331576043634	-0.00967574905648	-0.0821079146664	0.00239144615272
k__Bacteria;p__Bacteroidetes;c__Bacteroidia;o__Bacteroidales;f__Porphyromonadaceae;g__Parabacteroides;s__Parabacteroides_distasonis	-0.0439923988135	-0.0517038842403	-0.0511594348965	0.0122452997926	0.0125067146048	0.0526444483073	0.0282372766715	-0.0312511933902	0.000463689378409	1.0	-0.043143194633	-0.0160193721292	-0.048283883664	-0.0158790282732	-0.0399492295987	-0.0320745454444	0.015040148008	-0.0136312015999	-0.0347976585414	0.00451885605531	0.0423008403984	0.0347154967439	0.0350773627961	-0.0131502852453	0.0456849849274	-0.04661609948	-0.0880875898105	-0.0225838063127	-0.00896613876918	0.0200738968145	-0.0188760794627	-0.0513870315198	0.0147660871921	0.0134565216213	0.0131461183467	-0.0419010089328	-0.0434470117912	0.0244559694026	-0.0244167150162	-0.0866026736171	0.0518007836924	-0.0142266025463	-0.0195877738717	0.012029424297	0.0188701133992	-0.0205960062218	0.00887540881361	0.00477249523765	-0.0233898111589	-0.0333052090868	-0.0181947923433	-0.0053600525301	-0.0234796132246	0.00494452255407	-0.0195847765765	0.0415033544599	0.00676669438173	-0.0170010293858	-0.00292824377112
k__Bacteria;p__Bacteroidetes;c__Bacteroidia;o__Bacteroidales;f__Bacteroidaceae;g__Bacteroides;s__Bacteroides_thetaiotaomicron	-0.0603609962068	0.0190672486358	-0.104894924486	0.0399410755376	-0.03400650349	0.00615976323554	0.0588845470248	-0.00697011317983	-0.0398494789986	-0.043143194633	1.0	0.00875222935256	0.0155754065292	0.0560133315875	-0.00154239017347	-0.028784909165	-0.0441040465628	-0.0260196484862	-0.00211733654171	0.00547747032726	0.000544632104911	-0.0603276524423	-0.0135656881806	0.0400541740058	-0.0150678500435	-0.0330636499469	0.0451497164831	-0.0198206097156	0.0479097106607	0.00801763114941	-0.0243939064399	0.0339843387989	0.0318817659593	-0.0342728097887	-0.0192243032439	-0.0242773074477	-0.00233707897744	0.025121490117	0.0181875248946	-0.0662271996969	0.0297489913586	-0.00562232872805	-0.00447925521852	-0.0203234497148	-0.053645245486	-0.00792603259904	0.0134130276911	-0.0135913075165	-0.0590998564548	0.00412970520752	-0.0178439108712	-0.0391465624761	0.0100862668491	0.0370062640014	-0.0445032534385	0.0580059236055	-0.0088793419932	-0.0960954071417	-0.00571315854873
k__Bacteria;p__Bacteroidetes;c__Bacteroidia;o__Bacteroidales;f__Bacteroidaceae;g__Bacteroides;s__Bacteroides_coprocola	0.0711409622186	0.0329056094298	0.0258372907564	-0.00803349276121	-0.0260318538718	-0.00270387651425	0.00655320658169	0.0093720172321	-0.0116251681107	-0.0160193721292	0.00875222935256	1.0	0.0391976211968	0.0375708419282	-0.0371252531222	0.0214828283204	0.0200060089951	-0.0291169684285	-0.00519703465558	-0.00241349155686	-0.000144753821252	-0.0138167288335	0.00745200000547	0.0290201805832	0.00355053657554	-0.0539227766959	-0.00913713170186	0.0198803743332	-0.0786669131137	-0.00862128665513	0.0403253585168	-0.0723156232391	-0.0310544745063	-0.0348770828035	-0.0159379357802	0.0323672719297	-0.0440153077139	0.0343167674706	0.00103184281364	0.0167223846372	-0.0081613966828	-0.045999947795	-0.0443997273569	-0.0492917365538	-0.0285394549332	0.00159227465429	-0.0215291376302	-0.0179146797402	0.069055553449	0.00383339847808	0.0322158299573	-0.017265300292	-0.0388540300985	-0.0188989899335	-0.0147431633693	-0.0390085049042	0.00144520203757	0.0117258429834	-0.0104649336096
k__Bacteria;p__Bacteroidetes;c__Bacteroidia;o__Bacteroidales;f__Bacteroidaceae;g__Bacteroides;s__Bacteroides_cellulosilyticus	0.00631337819553	-0.0385548216321	0.00164757271223	0.0258734532118	-0.0391105939201	0.0156496203636	-0.0509980687897	0.0227917837385	0.00156030331022	-0.048283883664	0.0155754065292	0.0391976211968	1.0	-0.0434553710546	0.026266339605	-0.0211388773991	-0.0288830243647	-0.0253980083578	-0.0620255350978	-0.0061182019608	-0.0165507872802	-0.0241753712187	-0.0170155407783	0.0233265279773	-0.0431959460764	-0.0302100024602	0.00381617954948	0.00791220531468	-0.01436751608	0.00810514952334	0.028066662463	0.0066738665522	-0.0505511963028	-0.0121604848574	-0.0753814302403	0.0124762609447	-0.0306385536107	-0.000543008000619	-0.0255548311651	-0.00631599340053	0.0520679045759	-0.0197632795042	0.0107672368662	-0.0125683682698	0.017711431268	0.000362752106199	-0.0406531733688	0.0501151420546	-0.01594895038	0.0478816816174	-0.0784028705826	-0.032442155081	-0.0393376656527	-0.073774185276	-0.0342640587489	0.0271132577668	0.0280148781022	0.0421456235509	0.025720947908
k__Bacteria;p__Bacteroidetes;c__Bacteroidia;o__Bacteroidales;f__Rikenellaceae;g__Alistipes;s__Alistipes_obesi	0.00426981128061	0.0163433699677	-0.0488529622167	-0.00523007912943	0.0267300473739	-0.0124027034007	0.0137812392843	-0.0926298382597	0.00768557644618	-0.0158790282732	0.0560133315875	0.0375708419282	-0.0434553710546	1.0	0.0359530080532	-0.0188052077767	0.0198326261875	0.000152900891778	-0.0305713060452	-0.0294187915678	-0.00814159583799	-0.032444254499	0.0328513837749	-0.0422584717781	0.00578322735433	-0.033577739695	-0.0308082449983	0.020989953821	0.0244487217975	0.00900429804711	-0.0151322971278	0.000142219676561	0.0219375157252	0.0196698484933	-0.00137811265694	0.0240231520531	-0.00573577748414	0.00479245363408	-0.0155780410878	-0.042976683507	-0.033866382686	-0.0186610174083	0.0248388345716	-0.00670547072099	-0.0113857679026	-0.0396925969268	-0.017962886851	0.00437966673756	-0.0335961369305	-0.0109950205048	-0.0224202516931	-0.0554780828115	-0.0443441085165	-0.067066477678	0.0315010168257	-0.0146208823195	-0.0320811352294	-0.0106003864863	0.0203741785531
k__Bacteria;p__Firmicutes;c__Clostridia;o__Clostridiales;f__Lachnospiraceae;g__;s__[Eubacterium]_rectale	0.00586002019337	0.011827757993	0.0147834784119	-0.0239321498969	-0.046958693859	0.0229342549966	-0.0037806633827	-0.0505816234269	0.0218927259199	-0.0399492295987	-0.00154239017347	-0.0371252531222	0.026266339605	0.0359530080532	1.0	-0.0108047167056	-0.019123869398	0.0366446804568	-0.015044468703	-0.0184287472134	-0.0329521194518	0.0112697430863	0.0151857646446	0.015520565048	0.0300956370683	-0.000414497866816	-0.0114533007088	-0.023929307372	-0.0312625826901	0.0185217277876	0.0369953069837	-0.0101395616156	0.0523188396439	0.0529469958332	-0.0371491786734	-0.0163290975311	-0.0330612793619	-0.0492138335965	-0.0190312096895	-0.0227774584471	-0.0631714683222	0.0114908402512	-0.0127796989265	-0.0299126356495	0.0729164866346	0.00855680783504	-0.0276241301257	0.0031167024347	0.0595443620651	-0.0157569831518	0.00352334121556	-0.020371848476	0.0107019766429	-0.00247317248752	-0.0580795443361	-0.0691856141478	0.0222575293448	0.0227587164363	-0.0205831556271
k__Bacteria;p__Bacteroidetes;c__Bacteroidia;o__Bacteroidales;f__Bacteroidaceae;g__Bacteroides;s__Bacteroides_plebeius	0.00147707645133	-0.0111275577051	-0.0284452776867	-0.0456501579778	-0.0690387254085	-0.0426850288836	-0.0250514578457	-0.049945996572	-0.0104951191489	-0.0320745454444	-0.028784909165	0.0214828283204	-0.0211388773991	-0.0188052077767	-0.0108047167056	1.0	0.0382986229097	0.0586789181988	0.0525782678006	-0.0557237076967	-0.0067250542498	-0.0401953208686	-0.00489799854922	-0.00102294927908	-0.00273107744151	-0.0719288149849	-0.0226446652828	-0.049764424884	-0.0327613943218	0.0448687074358	0.0322457991537	0.0399031198475	-0.0121438720942	-0.02732548017	-0.00449945302671	-0.0176758178427	-0.00233637433648	-0.00307789507911	0.0160479497911	-0.0255001991764	0.0057492591872	0.0115059768967	0.0279931688337	0.0298998623012	0.0135488970588	-0.0357378036659	-0.0190522364616	-0.0510979774305	-0.0166352744135	-0.0309742548417	0.0402749375019	-0.00499072568716	0.0282499326285	-0.0389172171688	0.0103155469538	-0.00700082817337	-0.0360656302138	0.0243879275729	-0.0227732319936
k__Bacteria;p__Bacteroidetes;c__Bacteroidia;o__Bacteroidales;f__Bacteroidaceae;g__Bacteroides;s__Bacteroides_fragilis	-0.103920464153	0.0186439768072	-0.0229947664957	0.00714563124718	-0.0526076864096	0.0412366257431	0.0425137679566	0.0166898679128	-0.0229846928003	0.015040148008	-0.0441040465628	0.0200060089951	-0.0288830243647	0.0198326261875	-0.019123869398	0.0382986229097	1.0	0.0117221107982	0.033694132444	-0.0358412837739	0.0296902594858	-0.0566862075095	0.0179261104884	-0.0251880671908	-0.0335010545914	-0.0290420832793	0.0355333371295	-0.0327629582348	-0.0110851717839	-0.052139151453	-0.0104208734896	-0.0135974764444	-0.00790246730391	-0.0266207725966	0.000713991941213	-0.0218399433249	0.000944839993405	0.0701059508138	-0.057627591983	-0.00433997799025	-0.0294290593259	-0.0304214587491	-0.0278105985397	-0.0212816551518	-0.00410544905626	-0.0219104501076	0.0232268934306	-0.0023859997761	0.00740323560141	-0.000541133164103	0.0325696969305	0.0239064473893	0.0199474975808	-0.0152654701717	0.0276030373186	-0.0281480409968	-0.018764001737	-0.0127960002068	0.0256012518523
k__Bacteria;p__Proteobacteria;c__Betaproteobacteria;o__Burkholderiales;f__Sutterellaceae;g__Sutterella;s__Sutterella_wadsworthensis	0.0281848219752	0.0230191670511	0.041517407874	0.0173912065832	-0.0230601059008	-0.00676230057797	0.018404886814	-0.00892363658726	-0.00852693673432	-0.0136312015999	-0.0260196484862	-0.0291169684285	-0.0253980083578	0.000152900891778	0.0366446804568	0.0586789181988	0.0117221107982	1.0	0.0380953287478	-0.00880693795289	0.0356869322656	-0.0181049819237	-0.0321458891928	-0.0089917558371	0.00551560370814	0.00863071052906	0.016038210035	-0.0467766913283	0.00316642956819	-0.107575274936	-0.0931361288551	-0.0583144768225	-0.0208689824584	-0.0234534678068	0.0245336491905	-0.0332710125856	-0.00670390854797	-0.0218000946285	-0.0404550598405	0.0682496710076	0.020599751967	0.0171939880486	0.00842135035181	-0.0585015448908	-0.0607867043343	-0.00989869191845	-0.00618422945648	-0.0184338995455	0.0345984765049	0.0223521003241	-0.0171275833392	-0.0225567733546	-0.0313611637189	-0.00310454163868	0.00543127341394	-0.015600974932	-0.0287707641646	-0.0107432494823	-0.0162482766013
k__Bacteria;p__Bacteroidetes;c__Bacteroidia;o__Bacteroidales;f__Porphyromonadaceae;g__Barnesiella;s__Barnesiella_intestinihominis	-0.0349350054888	-0.0360647681944	-0.0203719237163	0.0187985508097	0.0645141805678	-0.0128187882692	0.00817089344154	0.00851361268257	-0.0103516304111	-0.0347976585414	-0.00211733654171	-0.00519703465558	-0.0620255350978	-0.0305713060452	-0.015044468703	0.0525782678006	0.033694132444	0.0380953287478	1.0	0.0106737623007	0.0102001343206	-0.0548676572775	-0.0116859213502	0.00355880098866	-0.0212279232115	0.0247851160019	-0.020261498761	-0.00770631844801	-0.0256943286948	-0.000970423392883	0.00871697317367	0.00805293817081	-0.0236636439883	-0.00985280829688	-0.0376758398607	-0.0226717900451	-0.0471243004919	0.0496886382249	-0.0664155626847	0.0294308116358	-0.059520144073	-0.026704660735	-0.00832556946877	0.0572480687065	-0.0286277589785	-0.0242859753071	-0.0390515996995	0.0159971753422	0.00219504739117	0.02533367933	0.0319513555167	-0.0124000020669	0.0184232619052	0.0116200847616	-0.0524831380066	-0.0431106940011	0.0162102208206	-0.0298868231603	-0.00779344211357
k__Bacteria;p__Bacteroidetes;c__Bacteroidia;o__Bacteroidales;f__Odoribacteraceae;g__Odoribacter;s__Odoribacter_splanchnicus	-0.0085684522306	-0.0481149753296	-0.0220366980269	0.037342369384	0.0455900590524	0.00558026167291	-0.0385791767961	0.0343003805241	-0.0212103805717	0.00451885605531	0.00547747032726	-0.00241349155686	-0.0061182019608	-0.0294187915678	-0.0184287472134	-0.0557237076967	-0.0358412837739	-0.00880693795289	0.0106737623007	1.0	0.00118840484753	0.0439045729412	-0.0717794967967	-0.0593223084513	-0.0068963523034	-0.00630623222021	0.0105183594698	0.0159879787157	0.00297714052554	0.00114200300876	0.0244501062326	-0.00991399502126	0.0304572214684	-0.00607398432181	-0.0386373695485	-0.0208713886891	-0.0160679879595	0.0245669059226	0.0497857447482	-0.00742664212666	-0.0244581786019	0.0361369122464	-0.0148175042057	0.0417572787687	-0.0302297788454	-0.00994515818514	-0.00298621384574	0.0224062286328	-0.00927139692469	-0.0102293146562	0.0373990822841	-0.0479561204875	-0.00155380282198	0.0275063969689	0.00692342640873	-0.0296402934928	0.00232992196439	-0.00914587842273	-0.00358116246762
k__Bacteria;p__Bacteroidetes;c__Bacteroidia;o__Bacteroidales;f__Bacteroidaceae;g__Bacteroides;s__Bacteroides_salyersiae	0.00204859557264	0.0186942389801	-0.0600951742838	0.0249043643718	-0.0214657214215	0.00824427013951	-0.0151507910002	0.0207601912581	-0.0102739552342	0.0423008403984	0.000544632104911	-0.000144753821253	-0.0165507872802	-0.00814159583799	-0.0329521194518	-0.0067250542498	0.0296902594858	0.0356869322656	0.0102001343206	0.00118840484753	1.0	-0.0159484475389	-0.0419816831919	0.0188470743735	-0.0328308126975	0.00468304731383	-0.00862305845062	-0.0179440874443	-0.0454795119158	-0.0414681317877	-0.00658462325171	0.0303317649849	0.0157806025178	-0.0690147650896	-0.00467155406426	0.0132933386205	-0.027715938471	0.0408742116911	-0.00832413571089	-0.00790118581351	0.014938926001	0.018089986534	-0.000540641734123	0.0770284394074	-0.0159859438779	-0.00839224251137	0.010521720867	-0.0215739804711	0.0177413915438	0.0154641773722	-0.0130584564581	-0.0185148582249	0.0368805825571	0.0122730932999	-0.01193386303	0.0365114479498	-0.0144019855138	-0.0487245865981	-0.0234804569215
k__Bacteria;p__Firmicutes;c__Clostridia;o__Clostridiales;f__Ruminococcaceae;g__Ruminiclostridium;s__[Eubacterium]_siraeum	-0.0157628596263	-0.0477027472452	0.00908014058991	-0.0131456001679	-0.0103636296542	0.0322312157139	0.0417775740249	0.0170308592162	-0.052009412652	0.0347154967439	-0.0603276524423	-0.0138167288335	-0.0241753712187	-0.032444254499	0.0112697430863	-0.0401953208686	-0.0566862075095	-0.0181049819237	-0.0548676572775	0.0439045729412	-0.0159484475389	1.0	0.0213615412229	-0.0673357390515	-0.0640769090943	-0.040594614862	0.0436129600756	0.0677151715846	-0.0372313621422	-0.000898771182605	-0.0381877500261	-0.0730585685733	-0.0146680719628	-0.00722416209331	-0.0400136306742	-0.0454066956932	-0.0119769332988	0.086104492906	-0.0252998922199	0.0456642234121	-0.00611897831066	0.012606688273	-0.0526707360263	0.0620687785971	0.0294831066991	0.00331462541745	-0.00752646606196	0.00464668400669	-0.0424716171055	0.00282143795297	-0.0449768669909	-0.0122127047989	0.0204746981854	0.0293933155874	0.0237898257843	-0.0125256888123	0.000197406450735	0.0307671643428	-0.0629888242431
k__Bacteria;p__Proteobacteria;c__Betaproteobacteria;o__Burkholderiales;f__Sutterellaceae;g__Parasutterella;s__Parasutterella_excrementihominis	0.0108366416402	-0.0400315265086	-0.0391858728383	-0.0350365359223	-0.0227244851626	-0.0263985098533	0.0132317567592	-0.00677215720425	-0.00860491848096	0.0350773627961	-0.0135656881806	0.00745200000547	-0.0170155407783	0.0328513837749	0.0151857646446	-0.00489799854922	0.0179261104884	-0.0321458891928	-0.0116859213502	-0.0717794967967	-0.0419816831919	0.0213615412229	1.0	-0.0118129672404	-0.0254432511464	-0.0203942128416	-0.016832392439	-0.00407708070439	0.00433374305904	0.0188131480458	-0.0437114733453	-0.0578090970923	0.0413087244738	-0.0187103190595	-0.0402212322052	0.014421671189	0.0100834221053	-0.102849402	0.0360717924006	0.0320779109188	-0.062106561175	0.0154231251422	0.0224463049589	-0.0925244213373	0.00573336961709	0.0587057288641	0.0194464740047	-0.0117260586999	0.0290650517442	-0.0125816998581	0.0119252241898	0.0230725483619	0.0245712025777	0.0442933559088	0.0199816879522	-0.0141601925132	-0.0235816372346	-0.0663623082138	-0.0440077322547
k__Bacteria;p__Actinobacteria;c__Actinobacteria;o__Bifidobacteriales;f__Bifidobacteriaceae;g__Bifidobacterium;s__Bifidobacterium_adolescentis	-0.0461929211299	0.017951825006	-0.052769116987	-0.0392440380616	0.0540292612199	-0.0207623306152	-0.0560850705594	0.0251879741702	0.0100286624926	-0.0131502852453	0.0400541740058	0.0290201805832	0.0233265279773	-0.0422584717781	0.015520565048	-0.00102294927908	-0.0251880671908	-0.0089917558371	0.00355880098866	-0.0593223084513	0.0188470743735	-0.0673357390515	-0.0118129672404	1.0	0.00681182542158	0.00909378399115	-0.010130985502	-0.0100824691085	0.030936080786	0.0362114793285	-0.0157622748053	0.0118902390417	-0.0717921788458	0.022312731537	-0.0252405991588	-0.012006818146	0.0688443647825	-0.0534511409062	-0.0693300522384	-0.00687767832711	0.0147776203419	-0.0484105820997	-0.0434425738161	-0.00425761269245	0.0212905746256	-0.0775986402772	0.0242740980689	0.0255789743376	0.0481071042623	-0.0194328425878	-0.0714005625491	0.0296854946463	-0.0097579480495	0.0599460638494	0.00472641680521	-0.0192887321425	0.0786315432096	0.0318680591642	-0.0238266601042
k__Bacteria;p__Firmicutes;c__Clostridia;o__Clostridiales;f__Oscillospiraceae;g__Oscillibacter;s__Oscillibacter_sp._KLE_1745	0.0205237092719	0.0358138481933	-0.0135132745051	-0.0279824436697	0.00235181878345	-0.0302633860566	-0.0661051331296	-0.0550352567903	0.0154080736505	0.0456849849274	-0.0150678500435	0.00355053657554	-0.0431959460764	0.00578322735433	0.0300956370683	-0.00273107744151	-0.0335010545914	0.00551560370814	-0.0212279232115	-0.0068963523034	-0.0328308126975	-0.0640769090943	-0.0254432511464	0.00681182542158	1.0	0.00624043769262	-0.0154831654097	-0.0375615889575	-0.0288334883733	-0.0117464829071	0.0594910297151	0.0246160704015	-0.0417106146953	-0.0231604568119	0.0528771413017	-0.00118238240943	0.0312946235653	-0.0311219628462	-0.0142227231795	0.0516173183801	-0.00312339210833	-0.0362110728545	-0.00953988183632	-0.02013367668	-0.0127949405741	0.0411758350037	0.0253916252743	-0.0776544893533	0.0296749691561	0.00693253157208	0.0253566596799	-0.0185956684529	-0.0203773911577	0.00739180523846	0.0257055601853	-0.0465168942995	-0.0306797963674	0.0358670285437	-0.0221296051412
k__Bacteria;p__Bacteroidetes;c__Bacteroidia;o__Bacteroidales;f__Bacteroidaceae;g__Bacteroides;s__Bacteroides_coprophilus	-0.016820830068	0.00353119358198	-0.0099968076683	-0.0133239892167	-0.00585562339686	-0.0172582659608	-0.0693551186451	0.0645118124648	-0.0236319940688	-0.04661609948	-0.0330636499469	-0.0539227766959	-0.0302100024602	-0.033577739695	-0.000414497866816	-0.0719288149849	-0.0290420832793	0.00863071052906	0.0247851160019	-0.00630623222021	0.00468304731383	-0.040594614862	-0.0203942128416	0.00909378399115	0.00624043769262	1.0	-0.000145320428956	0.0427724592007	0.00574999670724	0.0385805383965	-0.0421978553661	0.0423536599837	-0.0344726447248	-0.00256425222537	-0.00459744377666	0.033284554166	-0.00665003839558	0.0120945740854	-0.0213969710551	0.0431647729182	0.0169578347264	0.05075941461	-0.0380109750435	-0.0168706152961	-0.0411349209966	0.0117918800938	-0.00571174239915	0.0542398029106	0.0256468382877	-0.0251318011168	0.00476093103013	-0.0161152597509	-0.0068404844523	-0.013777222908	-0.0225068858767	-0.0211433828318	0.0158814631199	-0.00802289982713	-0.00478729980266
k__Bacteria;p__Firmicutes;c__Clostridia;o__Clostridiales;f__Lachnospiraceae;g__Roseburia;s__Roseburia_intestinalis	0.0375945997501	-0.047578505707	0.00056258915981	-0.0155408821476	-0.0687010555098	-0.0284377470786	-0.00159151906094	-0.0113733922667	-0.0388458001245	-0.0880875898105	0.0451497164831	-0.00913713170186	0.00381617954948	-0.0308082449983	-0.0114533007088	-0.0226446652828	0.0355333371295	0.016038210035	-0.020261498761	0.0105183594698	-0.00862305845062	0.0436129600756	-0.016832392439	-0.010130985502	-0.0154831654097	-0.000145320428956	1.0	-0.0197006146073	-0.00211107422224	0.0192584584775	-0.0455929501375	0.0236801931111	0.0252882485992	-0.0202465519546	-0.0331149094539	-0.0191019554436	-0.0167139545891	-0.0306181077947	0.00364981357616	-0.0426857938739	-0.0556852084089	-0.0042438767138	-0.048858678651	0.0659063556118	-0.0209433599647	0.0172060046248	0.0391864398982	0.0830808923869	-0.0639184577321	0.0240379651553	-0.0479650526791	0.01266838535	-0.00907182464746	-0.0261425614883	-0.00349633254938	-0.0437019785424	-0.00464018837137	-0.0275856832651	0.0231878789309
k__Bacteria;p__Firmicutes;c__Clostridia;o__Clostridiales;f__Lachnospiraceae;g__Roseburia;s__Roseburia_hominis	-0.0296605593493	-0.00584730122089	0.00897122065677	-0.0503680318688	0.031209661269	-0.035708891635	-0.0232767280843	0.00319513561835	0.0269520794457	-0.0225838063127	-0.0198206097156	0.0198803743332	0.00791220531468	0.020989953821	-0.023929307372	-0.049764424884	-0.0327629582348	-0.0467766913283	-0.00770631844801	0.0159879787157	-0.0179440874443	0.0677151715846	-0.00407708070439	-0.0100824691085	-0.0375615889575	0.0427724592007	-0.0197006146073	1.0	-0.0208203766346	-0.0333841283156	0.0254313054586	0.0810319177817	-0.0299090919593	0.0748592047225	-0.026267198211	0.0388330902471	0.0105301471676	-0.0244354332827	0.00186124255001	-0.0354293485945	-0.053389831626	0.0156422897825	-0.0109217194497	0.00888414956311	0.0180563198589	0.0479117273997	0.012615211795	0.0434485617357	0.00649667191612	0.00349222380417	-0.00842706561636	-0.00487938984287	-0.00674476277361	-0.0200294506316	-0.0250751396284	-0.00812071157301	0.0137100028292	-0.021401366731	-0.0204095725042
k__Bacteria;p__Bacteroidetes;c__Bacteroidia;o__Bacteroidales;f__Porphyromonadaceae;g__Parabacteroides;s__Parabacteroides_johnsonii	-0.0571365537521	0.00955970761731	0.0245890645127	0.0163637573601	0.0283498281818	-0.0141719425951	0.0506239515121	-0.00477714316392	-0.0470037403049	-0.00896613876918	0.0479097106607	-0.0786669131137	-0.01436751608	0.0244487217975	-0.0312625826901	-0.0327613943218	-0.0110851717839	0.00316642956819	-0.0256943286948	0.00297714052554	-0.0454795119158	-0.0372313621422	0.00433374305904	0.030936080786	-0.0288334883733	0.00574999670724	-0.00211107422224	-0.0208203766346	1.0	0.00603659640831	-0.00161685211357	-0.0470812349575	0.0133030771227	-0.00330546862787	0.0166976222703	0.0425471849178	-0.0380804600188	-0.0164853153706	-0.0207063054455	-0.0483774874186	0.00208155495148	-0.0135098113888	0.00403538594468	0.0269081291646	0.0459468441668	-0.00531796723143	0.00239600501116	-0.0304758797194	-0.00598476715295	-0.0413990655987	0.013735680673	-0.0127729482118	-0.0656335281883	0.00211308776825	0.0122569094278	-0.0171854755368	0.0175856648858	0.0190038076634	-0.0602901314242
k__Bacteria;p__Actinobacteria;c__Actinobacteria;o__Bifidobacteriales;f__Bifidobacteriaceae;g__Bifidobacterium;s__Bifidobacterium_longum	-0.00508769436564	0.0291374292147	-0.00782040861418	0.0209375873587	0.0223564545691	0.0102477357952	0.000409928669873	-0.0913477765314	-0.0562617348897	0.0200738968145	0.00801763114941	-0.00862128665513	0.00810514952334	0.00900429804711	0.0185217277876	0.0448687074358	-0.052139151453	-0.107575274936	-0.000970423392883	0.00114200300876	-0.0414681317877	-0.000898771182605	0.0188131480458	0.0362114793285	-0.0117464829071	0.0385805383965	0.0192584584775	-0.0333841283156	0.00603659640831	1.0	-0.0295318951665	-0.0428372031006	0.0425721901662	0.0017775758733	0.0164652827543	0.0367525744899	-0.00476620133952	0.0456000376222	0.0465855684145	-0.0857937429883	0.0484762296857	-0.025329651394	0.00194846076036	0.0519616848061	-0.0167499193973	-0.00303628323367	0.0180392638071	-0.0301763975059	-0.0347148776281	0.0166033991896	0.0207979518098	-0.0358490977195	-0.0101835040148	-0.0217965735779	0.0425780548038	0.048881760086	-0.010134940493	-0.0646602406181	-0.0937191827782
