#taxonomy	k__Bacteria;p__Bacteroidetes;c__Bacteroidia;o__Bacteroidales;f__Bacteroidaceae;g__Bacteroides;s__Bacteroides_vulgatus	k__Bacteria;p__Bacteroidetes;c__Bacteroidia;o__Bacteroidales;f__Bacteroidaceae;g__Bacteroides;s__Bacteroides_uniformis	k__Bacteria;p__Bacteroidetes;c__Bacteroidia;o__Bacteroidales;f__Rikenellaceae;g__Alistipes;s__Alistipes_putredinis	k__Bacteria;p__Bacteroidetes;c__Bacteroidia;o__Bacteroidales;f__Prevotellaceae;g__Prevotella;s__Prevotella_copri	k__Bacteria;p__Bacteroidetes;c__Bacteroidia;o__Bacteroidales;f__Bacteroidaceae;g__Bacteroides;s__Bacteroides_stercoris	k__Bacteria;p__Bacteroidetes;c__Bacteroidia;o__Bacteroidales;f__Bacteroidaceae;g__Bacteroides;s__Bacteroides_ovatus	k__Bacteria;p__Bacteroidetes;c__Bacteroidia;o__Bacteroidales;f__Rikenellaceae;g__Alistipes;s__Alistipes_shahii	k__Bacteria;p__Firmicutes;c__Clostridia;o__Clostridiales;f__Ruminococcaceae;g__Faecalibacterium;s__Faecalibacterium_prausnitzii	k__Bacteria;p__Bacteroidetes;c__Bacteroidia;o__Bacteroidales;f__Rikenellaceae;g__Alistipes;s__Alistipes_finegoldii	k__Bacteria;p__Bacteroidetes;c__Bacteroidia;o__Bacteroidales;f__Porphyromonadaceae;g__Parabacteroides;s__Parabacteroides_distasonis	k__Bacteria;p__Bacteroidetes;c__Bacteroidia;o__Bacteroidales;f__Bacteroidaceae;g__Bacteroides;s__Bacteroides_thetaiotaomicron	k__Bacteria;p__Bacteroidetes;c__Bacteroidia;o__Bacteroidales;f__Bacteroidaceae;g__Bacteroides;s__Bacteroides_coprocola	k__Bacteria;p__Bacteroidetes;c__Bacteroidia;o__Bacteroidales;f__Bacteroidaceae;g__Bacteroides;s__Bacteroides_cellulosilyticus	k__Bacteria;p__Bacteroidetes;c__Bacteroidia;o__Bacteroidales;f__Rikenellaceae;g__Alistipes;s__Alistipes_obesi	k__Bacteria;p__Firmicutes;c__Clostridia;o__Clostridiales;f__Lachnospiraceae;g__;s__[Eubacterium]_rectale	k__Bacteria;p__Bacteroidetes;c__Bacteroidia;o__Bacteroidales;f__Bacteroidaceae;g__Bacteroides;s__Bacteroides_plebeius	k__Bacteria;p__Bacteroidetes;c__Bacteroidia;o__Bacteroidales;f__Bacteroidaceae;g__Bacteroides;s__Bacteroides_fragilis	k__Bacteria;p__Proteobacteria;c__Betaproteobacteria;o__Burkholderiales;f__Sutterellaceae;g__Sutterella;s__Sutterella_wadsworthensis	k__Bacteria;p__Bacteroidetes;c__Bacteroidia;o__Bacteroidales;f__Porphyromonadaceae;g__Barnesiella;s__Barnesiella_intestinihominis	k__Bacteria;p__Bacteroidetes;c__Bacteroidia;o__Bacteroidales;f__Odoribacteraceae;g__Odoribacter;s__Odoribacter_splanchnicus	k__Bacteria;p__Bacteroidetes;c__Bacteroidia;o__Bacteroidales;f__Bacteroidaceae;g__Bacteroides;s__Bacteroides_salyersiae	k__Bacteria;p__Firmicutes;c__Clostridia;o__Clostridiales;f__Ruminococcaceae;g__Ruminiclostridium;s__[Eubacterium]_siraeum	k__Bacteria;p__Proteobacteria;c__Betaproteobacteria;o__Burkholderiales;f__Sutterellaceae;g__Parasutterella;s__Parasutterella_excrementihominis	k__Bacteria;p__Actinobacteria;c__Actinobacteria;o__Bifidobacteriales;f__Bifidobacteriaceae;g__Bifidobacterium;s__Bifidobacterium_adolescentis	k__Bacteria;p__Firmicutes;c__Clostridia;o__Clostridiales;f__Oscillospiraceae;g__Oscillibacter;s__Oscillibacter_sp._KLE_1745	k__Bacteria;p__Bacteroidetes;c__Bacteroidia;o__Bacteroidales;f__Bacteroidaceae;g__Bacteroides;s__Bacteroides_coprophilus	k__Bacteria;p__Firmicutes;c__Clostridia;o__Clostridiales;f__Lachnospiraceae;g__Roseburia;s__Roseburia_intestinalis	k__Bacteria;p__Firmicutes;c__Clostridia;o__Clostridiales;f__Lachnospiraceae;g__Roseburia;s__Roseburia_hominis	k__Bacteria;p__Bacteroidetes;c__Bacteroidia;o__Bacteroidales;f__Porphyromonadaceae;g__Parabacteroides;s__Parabacteroides_johnsonii	k__Bacteria;p__Actinobacteria;c__Actinobacteria;o__Bifidobacteriales;f__Bifidobacteriaceae;g__Bifidobacterium;s__Bifidobacterium_longum	k__Bacteria;p__Firmicutes;c__Clostridia;o__Clostridiales;f__;g__Flavonifractor;s__Flavonifractor_plautii	k__Bacteria;p__Firmicutes;c__Clostridia;o__Clostridiales;f__Clostridiaceae;g__Clostridium;s__Clostridium_phoceensis	k__Bacteria;p__Verrucomicrobia;c__Verrucomicrobiae;o__Verrucomicrobiales;f__Akkermansiaceae;g__Akkermansia;s__Akkermansia_muciniphila	k__Bacteria;p__Bacteroidetes;c__Bacteroidia;o__Bacteroidales;f__Prevotellaceae;g__Paraprevotella;s__Paraprevotella_xylaniphila	k__Bacteria;p__Firmicutes;c__Clostridia;o__Clostridiales;f__Ruminococcaceae;g__Ruminococcus;s__Ruminococcus_callidus	k__Bacteria;p__Bacteroidetes;c__Bacteroidia;o__Bacteroidales;f__Rikenellaceae;g__Alistipes;s__Alistipes_senegalensis	k__Bacteria;p__Firmicutes;c__Clostridia;o__Clostridiales;f__Lachnospiraceae;g__Blautia;s__Blautia_sp._KLE_1732	k__Bacteria;p__Bacteroidetes;c__Bacteroidia;o__Bacteroidales;f__Bacteroidaceae;g__Bacteroides;s__Bacteroides_oleiciplenus	k__Bacteria;p__Firmicutes;c__Clostridia;o__Clostridiales;f__Ruminococcaceae;g__Ruminococcus;s__Ruminococcus_bicirculans	k__Bacteria;p__Bacteroidetes;c__Bacteroidia;o__Bacteroidales;f__Bacteroidaceae;g__Bacteroides;s__Bacteroides_fluxus	k__Bacteria;p__Bacteroidetes;c__Bacteroidia;o__Bacteroidales;f__Prevotellaceae;g__Prevotella;s__Prevotella_stercorea	k__Bacteria;p__Firmicutes;c__Clostridia;o__Clostridiales;f__Lachnospiraceae;g__Dorea;s__Dorea_longicatena	k__Bacteria;p__Firmicutes;c__Clostridia;o__Clostridiales;f__Eubacteriaceae;g__Eubacterium;s__[Eubacterium]_eligens	k__Bacteria;p__Firmicutes;c__Clostridia;o__Clostridiales;f__Ruminococcaceae;g__;s__Ruminococcaceae_bacterium_D16	k__Bacteria;p__Firmicutes;c__Clostridia;o__Clostridiales;f__Lachnospiraceae;g__Coprococcus;s__Coprococcus_comes	k__Bacteria;p__Proteobacteria;c__Gammaproteobacteria;o__Enterobacterales;f__Enterobacteriaceae;g__Escherichia;s__Escherichia_coli	k__Bacteria;p__Firmicutes;c__Clostridia;o__Clostridiales;f__Ruminococcaceae;g__Anaerotruncus;s__Anaerotruncus_colihominis	k__Bacteria;p__Firmicutes;c__Clostridia;o__Clostridiales;f__Lachnospiraceae;g__Blautia;s__Blautia_obeum	k__Bacteria;p__Bacteroidetes;c__Bacteroidia;o__Bacteroidales;f__Odoribacteraceae;g__Odoribacter;s__Odoribacter_laneus	k__Bacteria;p__Firmicutes;c__Clostridia;o__Clostridiales;f__Ruminococcaceae;g__Ruminiclostridium;s__[Clostridium]_leptum	k__Bacteria;p__Bacteroidetes;c__Bacteroidia;o__Bacteroidales;f__Porphyromonadaceae;g__Parabacteroides;s__Parabacteroides_goldsteinii	k__Bacteria;p__Firmicutes;c__Clostridia;o__Clostridiales;f__Lachnospiraceae;g__Anaerostipes;s__Anaerostipes_hadrus	k__Bacteria;p__Firmicutes;c__Clostridia;o__Clostridiales;f__Ruminococcaceae;g__Ruminococcus;s__Ruminococcus_lactaris	k__Bacteria;p__Firmicutes;c__Clostridia;o__Clostridiales;f__Clostridiaceae;g__Clostridium;s__Clostridium_sp._L2-50	k__Bacteria;p__Firmicutes;c__Clostridia;o__Clostridiales;f__Clostridiaceae;g__Clostridium;s__Clostridium_sp._M62/1	k__Bacteria;p__Firmicutes;c__Clostridia;o__Clostridiales;f__;g__Intestinimonas;s__Intestinimonas_butyriciproducens	k__Bacteria;p__Actinobacteria;c__Actinobacteria;o__Bifidobacteriales;f__Bifidobacteriaceae;g__Bifidobacterium;s__Bifidobacterium_bifidum	k__Bacteria;p__Firmicutes;c__Negativicutes;o__Veillonellales;f__Veillonellaceae;g__Dialister;s__Dialister_invisus	k__Bacteria;p__Bacteroidetes;c__Bacteroidia;o__Bacteroidales;f__Bacteroidaceae;g__Bacteroides;s__Bacteroides_salanitronis
k__Bacteria;p__Bacteroidetes;c__Bacteroidia;o__Bacteroidales;f__Bacteroidaceae;g__Bacteroides;s__Bacteroides_vulgatus	1.0	-0.0239218112544	-0.0278019704579	-0.0172884808548	-0.0587084355963	-0.0568721134615	0.0313078162313	-0.0229654457999	-0.0244278434638	0.033707575477	0.0394216489227	-0.039873789362	0.0145385679357	0.0568812294879	-0.00532002697639	0.0112482004943	-0.0451696473406	-0.0286653888172	0.0230859861322	-0.025482955297	0.024252483153	0.0301728045544	-0.0373933511413	0.00489334014174	0.0640038865903	0.000558014424288	0.0227697698048	-0.0457709760685	-0.00158025240643	0.0105210621124	0.0384371917362	0.01199676701	-0.000441712400572	0.0194192191951	-0.0576287863724	0.0205298819808	-0.0467920376795	-0.000490641479899	-0.0155633989654	0.0315380835345	-0.0647565718505	-0.0277205569909	-0.0350097662726	0.0525979861216	-0.00141126495686	-0.00270672345481	-0.0188501660979	0.0398342081741	0.0124586475646	0.0295351914838	0.00850658694916	0.00248807727504	-0.0625490558948	0.0175158538755	0.00436082144018	-0.0227034604572	-0.0111817374785	-0.00396468139102	0.00730325896579
k__Bacteria;p__Bacteroidetes;c__Bacteroidia;o__Bacteroidales;f__Bacteroidaceae;g__Bacteroides;s__Bacteroides_uniformis	-0.0239218112544	1.0	-0.0366366967523	-0.0417532844446	0.0113952752315	0.0156517703231	0.00473441848729	0.00947936812606	0.0354635475183	-0.0556670159391	0.00355331656651	0.028808247477	0.0155880048679	0.0414324471534	-0.00429720048853	-0.0173277730061	0.0315591481148	0.0358690464054	-0.00744644893322	-0.0050752996337	-0.0469289509364	-0.000656653768075	-0.00261179703495	-0.0211188706932	-0.0281284116063	-0.00259051596087	-0.036409867607	0.000290814382877	-0.00845214898664	0.0205163652939	-0.0247452899328	-0.0344921068269	-0.0509011430272	-0.00941349314532	0.00895175762839	0.00896798628776	-0.0263067327758	0.00306838004918	-0.0401710260354	0.00332687819891	0.0143890263702	-0.0318984763221	-0.0215655165539	-0.0512218972961	-0.0605878577962	0.0944525220107	-0.038313461106	0.0272758572979	-0.0338682143531	0.00820514779031	0.007189643833	0.0208975381291	-0.00371108881621	-0.00815266038608	0.0206571781936	0.033791792743	0.00348137181874	0.0113149055438	0.052849612707
k__Bacteria;p__Bacteroidetes;c__Bacteroidia;o__Bacteroidales;f__Rikenellaceae;g__Alistipes;s__Alistipes_putredinis	-0.0278019704579	-0.0366366967523	1.0	-0.0345189314647	0.00845755439031	-0.00419324794878	-0.0205573770546	-0.0463777091976	0.00569566527461	0.025478382074	0.0323044473297	0.00821909680599	-0.041279961802	-0.0442774001047	-0.00262589043381	-0.0294127346458	-0.00329751746172	0.0235549302365	-0.0537964787177	0.0352685165889	-0.00148199459933	-0.0297861159047	-0.0184702427418	-0.0377440547313	0.0101799440223	-0.00750164307617	0.0389347438023	0.0342296105034	-0.00550503140479	-0.0505618580333	0.053001549348	0.00360719662179	-0.0623834504495	-0.0246933807308	-0.0387703692237	-0.0652466803764	-0.0142198378067	-0.0147760079165	-0.0153001764243	-0.0350315410101	0.0830178005059	-0.0278486517535	0.0186758452972	-0.0126464281967	-0.00345414149356	0.00926971872042	-0.0143034081243	-0.0206057731286	0.00837407097681	0.0110676604255	-0.0222308986417	0.0107525919015	-0.0135051047314	-0.0160037833431	-0.0481424224939	0.0122991337762	0.0427320816272	0.0774444340102	-0.00142225525602
k__Bacteria;p__Bacteroidetes;c__Bacteroidia;o__Bacteroidales;f__Prevotellaceae;g__Prevotella;s__Prevotella_copri	-0.0172884808548	-0.0417532844446	-0.0345189314647	1.0	-0.0494377170747	-0.0523661959384	0.0218406959437	0.0467708475739	-0.0478180237798	0.0611270781992	-0.0636916059471	0.0141574774281	0.0306210866415	-0.0493735754399	-0.0197373527173	-0.058635188741	-0.0163461186296	-0.00658087822049	-0.0166776071055	0.0255861987952	-0.0130465916422	0.0164363857063	-0.0443507008886	-0.0286524574991	0.0187173211844	0.0164943437845	0.0331245990484	-0.0199400830187	-0.0559384766024	-0.0126460691932	-0.00933017733362	-0.0437743056458	-0.0345573923672	0.0286793611806	-0.0324911204289	0.0290478255046	0.0215030282528	0.0254430025458	-0.0388831637961	0.0364163833255	-0.00923251636558	-0.0432184033384	-0.0271481456572	-0.0141826879655	0.0147630351343	0.0253065248186	-0.0295651243672	-0.00764485726795	-0.00505564648222	0.0157180750935	-0.0175178895713	-0.0348289310648	0.0143197414301	0.0222383975841	-0.0277227654138	-0.0219504214611	0.0148389700491	-0.0719160331905	-0.00734564225465
k__Bacteria;p__Bacteroidetes;c__Bacteroidia;o__Bacteroidales;f__Bacteroidaceae;g__Bacteroides;s__Bacteroides_stercoris	-0.0587084355963	0.0113952752315	0.00845755439031	-0.0494377170747	1.0	0.0224266888671	0.0024799989916	0.0125386003502	0.0042887790695	-0.0193599031069	-0.00951817310551	-0.0151564248613	-0.041899836478	0.0649950734135	-0.0536331924468	0.0407613279851	-0.0211673956605	-0.0380020919065	-0.00895072751095	0.017731311618	-0.0306542384429	-0.017078304383	-0.0143232254693	-0.0303916352131	0.0184082840415	-0.00234686123202	-0.0334156152594	-0.0184534432577	-0.00125900675296	-0.0450050995809	-0.0248175749009	-0.0243978787294	-0.0273802750164	-0.00195970724935	-0.0412936785702	0.0418243035276	-0.0053123876597	0.00251303792298	0.0406204667695	0.00611021748348	-0.0460635685323	-0.0306902681712	-0.0215414773546	-0.0342072826646	-0.0220607947426	-0.0521245526645	0.0339805577088	-0.00456329851011	0.0145467117689	-0.0334176147435	0.0292997418109	-0.0377758209476	0.0421002065743	0.00894940632438	-0.0173095015083	-0.0293111252032	0.0304132859362	0.0205145927778	0.00985146228092
k__Bacteria;p__Bacteroidetes;c__Bacteroidia;o__Bacteroidales;f__Bacteroidaceae;g__Bacteroides;s__Bacteroides_ovatus	-0.0568721134615	0.0156517703231	-0.00419324794878	-0.0523661959384	0.0224266888671	1.0	0.046116477129	-0.0447835900072	0.0485494170926	-0.0229096344948	0.0503140218052	-0.012464148358	0.0347849986019	-0.0148274584302	0.0067593590365	0.0107085204093	-0.00801548531694	0.0182830873067	0.0167366479506	-0.0536532975975	0.0316896723403	-0.0442606826525	-0.0396131731588	0.0242352969222	0.0293136230283	-0.0488360288764	0.00719706419825	0.00463375749325	-0.017897240846	-0.0151150032487	-0.0129048191615	-0.0216201730592	-0.031392566835	0.00134309644793	0.0269958411295	-0.0238246707201	-0.0569762142177	-0.00175059749351	-0.0726032846643	0.0141116936434	-0.0814974073389	0.0221254044301	-0.0258157856769	0.0116817105183	0.0317494124723	0.0425925630823	0.0479274795878	-0.0225551386307	0.011833684453	-0.00845925355052	-0.0693487638233	-0.0241498582517	-0.0361150060863	-0.0223354215134	-0.000354762286064	0.0386639254433	0.00237875436429	-0.0108446974877	-0.0329161679427
k__Bacteria;p__Bacteroidetes;c__Bacteroidia;o__Bacteroidales;f__Rikenellaceae;g__Alistipes;s__Alistipes_shahii	0.0313078162313	0.00473441848729	-0.0205573770546	0.0218406959437	0.0024799989916	0.046116477129	1.0	0.0430690407671	-0.0275664295983	-0.0410483153646	0.0528873384876	0.0180978826749	-0.0335602903004	-0.0611727643003	0.0205130967504	-0.0532197167945	-0.0250791883598	-0.0375241497895	-0.0351904150146	-0.00619768432267	0.00154337568912	0.0199312929547	0.0248769602864	-0.0018357411569	0.00834376034398	-0.020903410659	-0.0080183779703	-0.013512354021	-0.0258175760228	0.00203570535555	-0.0370029497009	0.000195215356755	-0.0348124011975	0.013950743911	-0.0108068050416	-0.000789989815533	-0.04699220506	0.0367007776528	0.0327024315615	-0.0301624923658	-0.0100246539185	0.00101835487989	0.00284660907062	-0.0175026466156	-0.00993784684546	-0.0310917671351	-0.0100414306214	-0.0578436004819	0.0207634039943	-0.0369701428927	0.00564706159832	-0.0235751245384	0.0159003632788	-0.00323826945131	-0.0281807990913	0.00401739710554	0.033953408444	-0.00360117985745	-0.0300765070837
k__Bacteria;p__Firmicutes;c__Clostridia;o__Clostridiales;f__Ruminococcaceae;g__Faecalibacterium;s__Faecalibacterium_prausnitzii	-0.0229654457999	0.00947936812606	-0.0463777091976	0.0467708475739	0.0125386003502	-0.0447835900072	0.0430690407671	1.0	0.0241804445235	0.0112321434378	-0.0524717668392	0.0271957572297	-0.00717540919656	-0.0502745301964	-0.0300834425686	-0.0324303847892	-0.0340329501541	-0.0186746144754	0.00468636935487	-0.0160318121999	-0.0260181714769	-0.048004568025	0.0393126504405	-0.0226782859952	0.0663781934751	0.0057827485571	-0.040122147044	-0.0303583531451	-0.0155908671243	-0.0460421358175	-0.0373353928694	0.0209728862487	0.0105666765509	-0.00119767915379	0.00985982226438	-0.016981011971	-0.0201028321831	0.0314269127675	0.021969875658	0.00307336725254	0.00593469954956	0.0296402108851	-0.0596086499097	-0.0403077206823	-0.00645248568171	0.0219567195091	-0.0436480546058	-0.0271109107702	0.00254317611239	0.023814226443	-0.0403895742341	-0.0141238489833	-0.016840373496	0.0350320282961	0.00511963932928	-0.00984078016391	0.0548223995109	-0.018596129884	0.00973884998076
k__Bacteria;p__Bacteroidetes;c__Bacteroidia;o__Bacteroidales;f__Rikenellaceae;g__Alistipes;s__Alistipes_finegoldii	-0.0244278434638	0.0354635475183	0.00569566527461	-0.0478180237798	0.0042887790695	0.0485494170926	-0.0275664295983	0.0241804445235	1.0	0.0303141327706	0.0470714402198	0.00228093580478	0.010392149553	0.00227449439659	0.0208879728296	0.0589761002929	-0.0247474220222	0.0180756275189	0.00387024885921	0.0261254480603	-0.00259735937088	-0.0127231918698	0.0362933640883	-0.0116813148743	0.0358851071985	-0.0766241759513	-0.0617123819446	-0.0259338500691	0.0388793541777	-0.0434985801464	0.0178927047786	-0.0972612983419	0.0188889876951	-0.0340418295349	-0.040496633701	-0.0488729566709	-0.0459994467368	0.00414399027323	-0.0541532742271	-0.00315365566327	0.013932570722	-0.0303193774082	0.011081492721	-0.0186758928523	0.0388813051177	-0.035006011636	-0.00490356197971	0.00409945411277	0.0159902973854	-0.0109036764473	-0.0239287906899	-0.0644235729739	-0.0402018648258	0.00498411765233	0.0196445788656	-0.0699027231882	0.00768269917054	-0.0111100838597	-0.0486754891045
k__Bacteria;p__Bacteroidetes;c__Bacteroidia;o__Bacteroidales;f__Porphyromonadaceae;g__Parabacteroides;s__Parabacteroides_distasonis	0.033707575477	-0.0556670159391	0.025478382074	0.0611270781992	-0.0193599031069	-0.0229096344948	-0.0410483153646	0.0112321434378	0.0303141327706	1.0	-0.0860752739801	-0.0213639122775	-0.0471052576721	0.0128039901978	-0.00855816662183	0.00916041791446	-0.0179363207144	0.0294058301048	-0.0116809736536	0.0704600038857	-0.00838163184509	-0.0217271742345	-0.0181354855839	-0.0123266416475	-0.0724596102917	-0.000832946655816	-0.0201728181641	-0.0113077796646	-0.047574395062	-0.0293625043122	-0.0182311893037	-0.0520737089967	0.00013279691155	0.0189111797684	-0.0208235831026	-0.0362403203691	0.0436804808726	0.0110910388094	-0.0104310213669	-0.0475511722621	0.0738737369371	-0.0137623304596	-0.00622859801	-0.0284820483938	-0.0135407193312	0.0290919112817	-0.0396011066886	0.0278247194612	0.0266899998707	-0.037324159808	0.034573365236	-0.0474736249429	-0.00535502343432	-0.0113551005597	-0.0355291812658	-0.0470637378654	0.00531745804632	0.0266321054341	-0.044108465592
k__Bacteria;p__Bacteroidetes;c__Bacteroidia;o__Bacteroidales;f__Bacteroidaceae;g__Bacteroides;s__Bacteroides_thetaiotaomicron	0.0394216489227	0.00355331656651	0.0323044473297	-0.0636916059471	-0.00951817310551	0.0503140218052	0.0528873384876	-0.0524717668392	0.0470714402198	-0.0860752739801	1.0	-0.0124275798046	-0.0347774054034	-0.0459625651363	-0.0534390661427	-0.0137429447838	-0.0350451771216	0.0224836733048	-0.0430557796801	-0.0219283795867	0.00494742195121	-0.0096710950385	0.0489535988125	-0.0188790435007	-0.0778899686181	0.0620429775869	0.0175758286236	0.0265465624668	0.0010497353174	0.0274995595316	-0.0305916368212	0.0131694597608	-0.00836331944613	0.0296696917488	-0.016383222349	0.0250577985265	0.0129526442345	-0.00810878450922	-0.00519011043099	0.0292090337586	0.0219992102203	-0.00670949754259	-0.0267251575335	-0.0214367944873	-0.0507502813813	-0.00215991067524	-0.00569587180428	0.0203349083551	0.0170535338733	-0.0446264763252	0.062357868352	-0.0371367564538	-0.0636028062959	0.0144341877449	-0.0366841669392	-0.0146247665988	-0.0318282399332	0.0180076001357	0.0388225538384
k__Bacteria;p__Bacteroidetes;c__Bacteroidia;o__Bacteroidales;f__Bacteroidaceae;g__Bacteroides;s__Bacteroides_coprocola	-0.039873789362	0.028808247477	0.00821909680599	0.0141574774281	-0.0151564248613	-0.012464148358	0.0180978826749	0.0271957572297	0.00228093580478	-0.0213639122775	-0.0124275798046	1.0	-0.0477186586499	0.0243902716686	-0.0210875912255	-0.0208648050994	-0.0380218220409	0.0519469144741	-0.00401723242362	0.0228132810674	-0.0359606911915	0.00550703974369	-0.0400459364125	0.00650738681393	-0.0139379834428	0.0265345175179	0.0260337993201	0.0213101084267	-0.0136173148095	-0.00984501952601	-0.0149666835943	0.00677318366711	-0.0378904351152	0.00639549951366	0.0278785357295	-0.0562633812636	-0.00600480496062	-0.0250208498546	0.0299060968001	0.00457825556623	0.0652154411463	-0.0384123361052	-0.0446339349277	-0.0532940617491	-0.0150483076016	-0.0488550864789	0.0745450254795	-0.00726877451304	-0.0262410276482	-0.0547178705711	-0.0169827834551	-0.0368641916358	-0.0148397914675	-0.0269387030788	-0.0149017926275	-0.0837594162276	0.0182237444916	-0.0644055097588	-0.0105284066927
k__Bacteria;p__Bacteroidetes;c__Bacteroidia;o__Bacteroidales;f__Bacteroidaceae;g__Bacteroides;s__Bacteroides_cellulosilyticus	0.0145385679357	0.0155880048679	-0.041279961802	0.0306210866415	-0.041899836478	0.0347849986019	-0.0335602903004	-0.00717540919656	0.010392149553	-0.0471052576721	-0.0347774054034	-0.0477186586499	1.0	-0.00143590081153	0.0389774963307	0.0628703453769	-0.0404908978387	0.0391916177	0.0326258509501	0.0461896678652	0.0633961476145	0.00353554109199	-0.0434905470116	-0.0117390396964	-0.00380142964349	-0.00299807244177	0.00410097066334	-0.0344320022217	0.0411651069322	0.0421980335221	-0.0326977960626	-0.0340473817845	0.0224881006404	-0.003166519418	0.0356414383246	-0.0393778755311	-0.0730716410319	0.000243383171667	-0.0684494047709	-0.00676757758747	0.0169864498072	-0.0556271771658	0.0166564359327	0.0180210787871	0.00732216965263	-0.025949840388	0.0324375153775	0.0341089772424	-0.00938208209948	0.0494981426708	0.0231743894861	0.00353003106044	-0.0543229464146	-0.0391345515311	0.0441581982498	-0.0226830417526	-0.0698620729649	-0.0896128894426	0.0048404604998
k__Bacteria;p__Bacteroidetes;c__Bacteroidia;o__Bacteroidales;f__Rikenellaceae;g__Alistipes;s__Alistipes_obesi	0.0568812294879	0.0414324471534	-0.0442774001047	-0.0493735754399	0.0649950734135	-0.0148274584302	-0.0611727643003	-0.0502745301964	0.00227449439659	0.0128039901978	-0.0459625651363	0.0243902716686	-0.00143590081153	1.0	-0.00749843763918	-0.0012791923859	-0.0303397179012	0.0588957386421	0.00621905563421	-0.00979626003342	-0.0680999902299	-5.54899409844e-05	-0.0343716775216	-0.0218337763285	0.0104599544561	-0.00736505144309	0.0168173628684	-0.0122971899162	0.0418654078166	-0.00358142597999	0.000964596802829	-0.0606210746816	0.00928641728179	0.00471587539788	-0.0126554601281	-0.00547769249305	-0.00162048044458	0.00859230328314	-0.00820191238722	0.000784666931627	0.00556688767362	-0.0702134465044	0.00895043029328	-0.00593871504129	-0.02277885214	-0.0492392878149	-0.0289960255301	0.0147364773583	0.00938669569983	-0.00302638692849	-0.0173890551835	0.0353082639943	0.000408808872563	-0.00756125504478	-0.0256690538698	0.0289694554405	0.0551688011312	0.0132169908041	0.0257398495369
k__Bacteria;p__Firmicutes;c__Clostridia;o__Clostridiales;f__Lachnospiraceae;g__;s__[Eubacterium]_rectale	-0.00532002697639	-0.00429720048853	-0.00262589043381	-0.0197373527173	-0.0536331924468	0.0067593590365	0.0205130967504	-0.0300834425686	0.0208879728296	-0.00855816662183	-0.0534390661427	-0.0210875912255	0.0389774963307	-0.00749843763918	1.0	0.0165436778536	-0.0790960953373	0.0116499207863	-0.00224904981041	-0.00488016513882	-0.028244854514	-0.00393883976255	0.0323833946322	-0.0111145389679	-0.0249964198606	-0.0125072657159	-0.0151989531196	-0.0511069444013	-0.0110354166669	0.00493540469085	0.034619648361	-0.0308852820745	0.0419553888179	0.0125032705032	-0.0555458284727	0.0394973193038	0.0640276603232	-0.0324054959562	-0.0340221869356	0.0869147542938	0.0290887912945	-0.0174502270364	-0.0231583243709	-0.0408415362335	-0.0259064213719	0.00636047519374	-0.0322287705052	-0.00510838164422	-0.0661813389279	-0.0255371931625	-0.00948821246544	0.00879728173527	-0.0108375463346	-0.0247683080332	0.0167945043429	0.0210685075935	-0.0242562250635	-0.0280591302347	-0.0275876515002
k__Bacteria;p__Bacteroidetes;c__Bacteroidia;o__Bacteroidales;f__Bacteroidaceae;g__Bacteroides;s__Bacteroides_plebeius	0.0112482004943	-0.0173277730061	-0.0294127346458	-0.058635188741	0.0407613279851	0.0107085204093	-0.0532197167945	-0.0324303847892	0.0589761002929	0.00916041791445	-0.0137429447838	-0.0208648050994	0.0628703453769	-0.0012791923859	0.0165436778536	1.0	0.000851204954098	-0.0248814460034	0.0361342608843	-0.0695510001612	-0.00180566914504	-0.0266841655928	-0.0152699849564	-0.0621596179636	-0.0266872878316	0.00185775544917	-0.0339415950505	-0.0655082281426	0.0166273105596	-0.0137571104466	0.00915393094483	0.000449858333452	0.0060036760626	-0.0150619072831	0.0236629619201	0.0352540706054	-0.0730868082201	-0.00512990610553	0.0494016308397	-0.0268831369054	0.00281881776518	-0.0231590941293	-0.00421464521742	-0.0162614270509	0.00258041921847	-0.0202143551738	-0.00416962758263	-0.0265826049704	-0.0373189775256	0.0577082358621	-0.0132900294273	-0.0317928633805	0.0329753218165	0.0172608618745	0.0389570152514	-0.0067123509846	0.00647445871877	-0.0514393935305	-5.24597647422e-05
k__Bacteria;p__Bacteroidetes;c__Bacteroidia;o__Bacteroidales;f__Bacteroidaceae;g__Bacteroides;s__Bacteroides_fragilis	-0.0451696473406	0.0315591481148	-0.00329751746172	-0.0163461186296	-0.0211673956605	-0.00801548531694	-0.0250791883598	-0.0340329501541	-0.0247474220222	-0.0179363207144	-0.0350451771216	-0.0380218220409	-0.0404908978387	-0.0303397179012	-0.0790960953373	0.000851204954098	1.0	-0.00942300195102	0.0354446469244	-0.0275175849799	0.0532695728593	0.0433612018702	0.014251529861	0.0288620780735	-0.0282911117872	0.00487834687592	-0.00245291924522	0.046729993986	-0.00938673281816	0.0174579700096	0.0552325029178	0.0141607969114	0.000912260188547	0.0373232048677	-0.0205921667967	-0.0234677284914	-0.0384342050821	-0.00668681178093	-0.0234893049368	-0.0365728226542	-0.000745469366427	-0.0688049862855	-0.0112400988989	-0.0104690728704	-0.00970697429108	-0.0077732951541	0.0172299452709	-0.0180327304853	0.0135656496215	-0.0354996767899	0.0325998414079	-0.0713245147942	0.0352361780614	-0.00198482011501	-0.0218055576671	-0.0287818857792	-0.01962122846	0.0304596632177	-0.016376515742
k__Bacteria;p__Proteobacteria;c__Betaproteobacteria;o__Burkholderiales;f__Sutterellaceae;g__Sutterella;s__Sutterella_wadsworthensis	-0.0286653888172	0.0358690464054	0.0235549302365	-0.00658087822049	-0.0380020919065	0.0182830873067	-0.0375241497895	-0.0186746144754	0.0180756275189	0.0294058301048	0.0224836733048	0.0519469144741	0.0391916177	0.0588957386421	0.0116499207863	-0.0248814460034	-0.00942300195102	1.0	0.0307691816968	-0.0369921257573	0.0287781474863	0.0219525273464	0.0154164912337	0.0342882832087	-0.0235568690487	-0.0232068422966	-0.0145615154343	-0.0349138255675	-0.0585747955861	0.0134218447122	-0.0303998037887	0.0184150773372	-0.0322511573026	0.0476026703947	0.0399169702432	0.0145444953784	-0.0152040274483	0.0191132212249	-0.0376627638317	-0.0702712649052	-0.011310729393	-0.00404901461777	-0.0200280476835	0.0581067912235	0.00189469856803	0.00629834438457	-0.0517596576726	-0.0192502225411	0.0367161091846	-0.0130517837941	-0.0401713462649	-0.010431617237	-0.00925337368767	-0.014531604871	-0.00170004370418	0.0191521620137	-0.0549665012876	-0.0334241432721	0.0115663382227
k__Bacteria;p__Bacteroidetes;c__Bacteroidia;o__Bacteroidales;f__Porphyromonadaceae;g__Barnesiella;s__Barnesiella_intestinihominis	0.0230859861322	-0.00744644893322	-0.0537964787177	-0.0166776071055	-0.00895072751095	0.0167366479506	-0.0351904150146	0.00468636935487	0.00387024885921	-0.0116809736536	-0.0430557796801	-0.00401723242362	0.0326258509501	0.00621905563421	-0.00224904981041	0.0361342608843	0.0354446469244	0.0307691816968	1.0	0.0034848368065	0.0368070422223	0.00878289542098	0.0365037769501	-0.0161930780409	-0.022765370115	-0.00434714253934	-0.0529130586535	0.0379432951386	-0.00881704494597	0.00754081399821	-0.000162929197693	0.00378794773767	-0.0404182325331	-0.00168302778089	0.0707113525574	-0.0143774613643	0.00555505570276	0.0105521102785	0.00887142119743	-0.0276770067076	0.000131095221366	0.0219478924019	-0.0172160053752	-0.0781232302667	0.0273662298265	0.00733677429828	-0.056850766174	0.0352034433912	-0.0353783273382	0.0423568788302	0.00329930856161	-0.0367818294061	-0.0540284222906	-0.018132544083	-0.0462819312858	0.0182927223232	-0.0465869030086	-0.0311873025484	0.0309597464874
k__Bacteria;p__Bacteroidetes;c__Bacteroidia;o__Bacteroidales;f__Odoribacteraceae;g__Odoribacter;s__Odoribacter_splanchnicus	-0.025482955297	-0.0050752996337	0.0352685165889	0.0255861987952	0.017731311618	-0.0536532975975	-0.00619768432267	-0.0160318121999	0.0261254480603	0.0704600038857	-0.0219283795867	0.0228132810674	0.0461896678652	-0.00979626003342	-0.00488016513882	-0.0695510001612	-0.0275175849799	-0.0369921257573	0.0034848368065	1.0	0.0357430817046	0.0134848113214	0.0182818039151	-0.0539042006445	-0.000854037699788	-0.0567597930596	-0.0673853100604	-0.0279844011158	-0.0641104786097	0.0528980385849	-0.0734154160161	-0.0258432876324	-0.0195083696017	-0.0101577451382	-0.0147263806676	-0.0475955801461	0.0477510612509	-0.0631834951681	0.0252508263506	0.0267143333745	0.0569690144505	0.00393223722754	0.0175525869517	-0.027597994065	0.00187372282919	-0.011356663037	-0.0174593500482	-0.047621584463	-0.038896957448	0.0327989033915	0.0203273191106	-0.020970231058	-0.0268603802457	-0.0275115459731	0.0197365657776	-3.33331126224e-05	-0.0908716663892	-0.0479084707372	0.0206178358983
k__Bacteria;p__Bacteroidetes;c__Bacteroidia;o__Bacteroidales;f__Bacteroidaceae;g__Bacteroides;s__Bacteroides_salyersiae	0.024252483153	-0.0469289509364	-0.00148199459933	-0.0130465916422	-0.0306542384429	0.0316896723403	0.00154337568912	-0.0260181714769	-0.00259735937088	-0.00838163184509	0.00494742195121	-0.0359606911915	0.0633961476145	-0.0680999902299	-0.028244854514	-0.00180566914504	0.0532695728593	0.0287781474863	0.0368070422223	0.0357430817046	1.0	-0.0206834160451	0.0118299702563	-0.00476738833634	-0.0435002824113	0.035241955813	0.00740234967032	-0.0326918987725	-0.00871564836159	-0.0180050159307	-0.0392095648887	-0.037576005369	0.019724899756	-0.0464108748179	-0.00491868169838	-0.0100994991118	-0.0436335530591	-0.0291754115823	-0.00599199729386	0.0371598033344	-0.0205625418372	-0.0316866577883	-0.0374554340525	0.0315258087798	-0.0124615723133	0.0156739507194	-0.0348220294179	-0.0607984324193	-0.0330066005047	0.00804799783979	0.0231332868489	0.028779134184	-0.00912489873264	0.0113698383041	-0.00340267633266	-0.0252410926599	-0.00588680394739	-0.0185216854072	-0.0145464348257
k__Bacteria;p__Firmicutes;c__Clostridia;o__Clostridiales;f__Ruminococcaceae;g__Ruminiclostridium;s__[Eubacterium]_siraeum	0.0301728045544	-0.000656653768075	-0.0297861159047	0.0164363857063	-0.017078304383	-0.0442606826525	0.0199312929547	-0.048004568025	-0.0127231918698	-0.0217271742345	-0.0096710950385	0.00550703974369	0.00353554109199	-5.54899409845e-05	-0.00393883976255	-0.0266841655928	0.0433612018702	0.0219525273464	0.00878289542098	0.0134848113214	-0.0206834160451	1.0	0.0389920795228	-0.00237592674306	-0.00445274976838	0.0219276348545	0.00664101669231	0.0126141647384	0.0174367782332	-0.0351451207076	-0.00119876605501	-0.0292870394673	-0.0433081661843	-0.0314875300044	-0.0594741879263	-0.018375441209	0.0131424616826	-0.0044693665471	-0.00378862435293	-0.00491573436932	-0.0427386262757	-0.020008419375	0.00509193046323	-0.0306718395489	0.0236670778273	0.0335878516671	0.00212354141849	0.0111443748603	-0.00417880538513	0.0131725545691	-0.0718346712401	0.0321828207621	0.0286442782827	0.0029433246853	0.00949913068329	0.0132621903506	0.00842947359171	0.0298393451974	0.0333978424113
k__Bacteria;p__Proteobacteria;c__Betaproteobacteria;o__Burkholderiales;f__Sutterellaceae;g__Parasutterella;s__Parasutterella_excrementihominis	-0.0373933511413	-0.00261179703495	-0.0184702427418	-0.0443507008886	-0.0143232254693	-0.0396131731588	0.0248769602864	0.0393126504405	0.0362933640883	-0.0181354855839	0.0489535988125	-0.0400459364125	-0.0434905470116	-0.0343716775216	0.0323833946322	-0.0152699849564	0.014251529861	0.0154164912337	0.0365037769501	0.0182818039151	0.0118299702563	0.0389920795228	1.0	-0.0124325729017	-0.00666473469764	0.005501516763	-0.00553295004573	-0.00115576267969	-0.0309539976788	-0.0211357307583	-0.0134087191989	0.0479705564967	-0.00854017784867	-0.0804488585294	0.00175086821047	0.0245991540633	-0.0362466392527	-0.0491313224114	0.0334181701036	-0.0743021729615	-0.0737593117235	-0.0340199480818	0.0168428264919	-0.0704614036474	0.0258299059654	-0.0321014059994	0.0561804215418	-0.0377267394254	0.0192728787195	-0.0271259501108	-0.0380893468005	-0.0301914831878	-0.00969389594928	-0.0387455947811	0.0564715141019	-0.00744898207331	-0.027421359027	-0.089819153812	0.014986321728
k__Bacteria;p__Actinobacteria;c__Actinobacteria;o__Bifidobacteriales;f__Bifidobacteriaceae;g__Bifidobacterium;s__Bifidobacterium_adolescentis	0.00489334014174	-0.0211188706932	-0.0377440547313	-0.0286524574991	-0.0303916352131	0.0242352969222	-0.0018357411569	-0.0226782859952	-0.0116813148743	-0.0123266416475	-0.0188790435007	0.00650738681393	-0.0117390396964	-0.0218337763285	-0.0111145389679	-0.0621596179636	0.0288620780735	0.0342882832087	-0.0161930780409	-0.0539042006445	-0.00476738833634	-0.00237592674306	-0.0124325729017	1.0	-0.00194555931469	-0.0487414062768	0.0210642408032	0.0549949797365	0.0017031834636	-0.0465222633586	0.00586165941506	0.00837632899437	-0.0308601858591	-0.036348556766	-0.0168568792407	0.0129822732259	0.035197885369	-0.0310720532532	-0.0105344508656	0.00112360630087	-0.0179197099745	-0.086737374821	-0.0549407455059	-0.0216970822104	0.0309019426517	-0.0379471960902	-0.0188439024392	0.0661453673807	-0.0624497685723	-0.001730526146	0.0359601952157	0.0132749619681	-0.0184058061716	0.024403936603	0.019271023325	0.0353757603341	0.0189344344405	0.0153661728057	-0.034549385388
k__Bacteria;p__Firmicutes;c__Clostridia;o__Clostridiales;f__Oscillospiraceae;g__Oscillibacter;s__Oscillibacter_sp._KLE_1745	0.0640038865903	-0.0281284116063	0.0101799440223	0.0187173211844	0.0184082840415	0.0293136230283	0.00834376034398	0.0663781934751	0.0358851071985	-0.0724596102917	-0.0778899686181	-0.0139379834428	-0.00380142964349	0.0104599544561	-0.0249964198606	-0.0266872878316	-0.0282911117872	-0.0235568690487	-0.022765370115	-0.000854037699788	-0.0435002824113	-0.00445274976838	-0.00666473469764	-0.00194555931469	1.0	-0.0208752896863	0.0118599855452	0.0549263753987	-0.0289302650132	-0.0604260325277	-0.0618638819114	0.0168654225939	-0.000101869986229	-0.00137974824887	-0.0261549103818	-0.0266525259096	-0.0318640796319	-0.0296996230925	-0.0440019158317	-0.0201425336726	-0.038033945068	-0.0513036703208	-0.0224901321335	-0.00204421424721	-0.0309168477151	-0.00999050562741	-0.00373817823833	0.0124060581842	0.00222731121313	0.0159686800235	-0.0344905176244	0.066361314887	-0.0597395066986	0.000978182574297	-0.0502924717333	0.0677280460282	0.0271560684922	-0.0239636588797	0.0363948022515
k__Bacteria;p__Bacteroidetes;c__Bacteroidia;o__Bacteroidales;f__Bacteroidaceae;g__Bacteroides;s__Bacteroides_coprophilus	0.000558014424288	-0.00259051596087	-0.00750164307617	0.0164943437845	-0.00234686123202	-0.0488360288764	-0.020903410659	0.0057827485571	-0.0766241759513	-0.000832946655815	0.0620429775869	0.0265345175179	-0.00299807244177	-0.00736505144309	-0.0125072657159	0.00185775544917	0.00487834687592	-0.0232068422966	-0.00434714253934	-0.0567597930596	0.035241955813	0.0219276348545	0.005501516763	-0.0487414062768	-0.0208752896863	1.0	-0.0292895625327	0.00277264411952	0.0144434316573	-0.0183846157755	0.0319078683328	-0.03639289779	-0.0446656350973	0.00543320550445	0.00716338343953	-0.0237034431576	-0.010405397856	-0.0576780555159	-0.0170336314959	-0.0306545343353	-0.011655384845	0.0292868752625	0.00155498712145	0.0461818017403	0.0266789176719	0.0258876174877	0.0266854333133	-0.0185717445223	-0.034565520986	-0.052026614769	0.00767505858462	0.00422793633366	0.0196129230126	-0.028350218147	0.0233806822769	0.0488406201954	-0.0246838298515	-0.0117761182088	0.0218855203344
k__Bacteria;p__Firmicutes;c__Clostridia;o__Clostridiales;f__Lachnospiraceae;g__Roseburia;s__Roseburia_intestinalis	0.0227697698048	-0.036409867607	0.0389347438023	0.0331245990484	-0.0334156152594	0.00719706419824	-0.0080183779703	-0.040122147044	-0.0617123819446	-0.0201728181641	0.0175758286236	0.0260337993201	0.00410097066334	0.0168173628684	-0.0151989531196	-0.0339415950505	-0.00245291924522	-0.0145615154343	-0.0529130586535	-0.0673853100604	0.00740234967032	0.00664101669231	-0.00553295004573	0.0210642408032	0.0118599855452	-0.0292895625327	1.0	0.00741744621959	-0.00924100459395	-0.0232296730615	0.0288127346026	0.00970586511389	-0.00386736501605	-0.0231094285388	0.0165231334891	0.0416531497206	-0.0291555711921	-0.0344197860931	-0.0271022472855	0.0290840147078	-0.029185844402	-0.0521168244899	-0.0150141388625	-0.033876172184	-0.025632243288	0.018152179208	0.0611709444585	-0.0194803569177	-0.0388042570348	-0.0460294185317	0.0195401729524	0.00683148840041	-0.0434372193936	-0.0371305079859	-0.07327848874	-0.0106537825235	0.00898138401898	-0.0200740893347	0.0117253172722
k__Bacteria;p__Firmicutes;c__Clostridia;o__Clostridiales;f__Lachnospiraceae;g__Roseburia;s__Roseburia_hominis	-0.0457709760685	0.000290814382877	0.0342296105034	-0.0199400830187	-0.0184534432577	0.00463375749325	-0.013512354021	-0.0303583531451	-0.0259338500691	-0.0113077796646	0.0265465624668	0.0213101084267	-0.0344320022217	-0.0122971899162	-0.0511069444013	-0.0655082281426	0.046729993986	-0.0349138255675	0.0379432951386	-0.0279844011158	-0.0326918987725	0.0126141647384	-0.00115576267969	0.0549949797365	0.0549263753987	0.00277264411952	0.00741744621959	1.0	0.00285870260421	-0.00137857565453	0.0291449459649	0.0259103174948	-0.00705487233836	-0.0501654528697	-0.063038386128	0.0146780216824	-0.00582787324474	-0.0184380103975	-0.0077172021395	0.036609824806	0.0470532709419	-0.0134943762738	0.000602866877103	0.0404229848954	-0.0154438457676	0.0256066770442	0.0221143176098	0.0242306923489	-0.0260659937932	0.00202736378996	0.0196625405891	-0.0432691828118	-0.0509851180232	0.0122497284483	-0.0492021364481	-0.0090578798198	-0.0590801079315	-0.0256317286378	0.0513379679498
k__Bacteria;p__Bacteroidetes;c__Bacteroidia;o__Bacteroidales;f__Porphyromonadaceae;g__Parabacteroides;s__Parabacteroides_johnsonii	-0.00158025240643	-0.00845214898664	-0.00550503140479	-0.0559384766024	-0.00125900675296	-0.017897240846	-0.0258175760228	-0.0155908671243	0.0388793541777	-0.047574395062	0.0010497353174	-0.0136173148095	0.0411651069322	0.0418654078166	-0.0110354166669	0.0166273105596	-0.00938673281816	-0.0585747955861	-0.00881704494597	-0.0641104786097	-0.00871564836159	0.0174367782332	-0.0309539976788	0.0017031834636	-0.0289302650132	0.0144434316573	-0.00924100459395	0.00285870260421	1.0	0.00473475961806	0.00378165639847	0.0423211042411	-0.0178638798322	0.0319962039659	0.00468124645131	-0.112532814514	0.0137960972964	-0.0200456990997	-0.00458079167313	-0.0137171477501	-0.0349762305375	0.037466024937	0.00063874843195	0.0341943406142	0.0201453686288	-0.0177975754667	0.0105936960909	0.0237950530319	-0.0152968635272	0.0120449609208	-0.0343593153659	-0.00642705335565	-0.0511563391537	-0.0377749510178	0.0166504783706	-0.0111120395478	0.000210132467084	-0.00234179994362	0.0637499609433
k__Bacteria;p__Actinobacteria;c__Actinobacteria;o__Bifidobacteriales;f__Bifidobacteriaceae;g__Bifidobacterium;s__Bifidobacterium_longum	0.0105210621124	0.0205163652939	-0.0505618580333	-0.0126460691932	-0.0450050995809	-0.0151150032487	0.00203570535555	-0.0460421358175	-0.0434985801464	-0.0293625043122	0.0274995595316	-0.00984501952601	0.0421980335221	-0.00358142597999	0.00493540469085	-0.0137571104466	0.0174579700096	0.0134218447123	0.00754081399821	0.0528980385849	-0.0180050159307	-0.0351451207076	-0.0211357307583	-0.0465222633586	-0.0604260325277	-0.0183846157755	-0.0232296730615	-0.00137857565453	0.00473475961806	1.0	-0.00777722935928	0.0115435687302	0.0131605333362	0.00523698151046	0.00252956488544	0.0192935288553	0.0138763595626	-0.00279313967431	-0.0400142167976	-0.047011579403	-0.048697833844	-0.0109512590541	0.0025939544694	-0.00830721095816	0.0028665977891	-0.0254118998448	-0.0121454793152	-0.00969731781905	-0.0259833051201	-0.030871668046	0.0315996583327	0.0189658372726	-0.0275181335269	-0.00153621344536	-0.0190029440306	-0.0182224056384	0.0663658776093	-0.0704433982699	-0.0416164861174
