#taxonomy	k__Bacteria;p__Bacteroidetes;c__Bacteroidia;o__Bacteroidales;f__Bacteroidaceae;g__Bacteroides;s__Bacteroides_vulgatus	k__Bacteria;p__Bacteroidetes;c__Bacteroidia;o__Bacteroidales;f__Bacteroidaceae;g__Bacteroides;s__Bacteroides_uniformis	k__Bacteria;p__Bacteroidetes;c__Bacteroidia;o__Bacteroidales;f__Rikenellaceae;g__Alistipes;s__Alistipes_putredinis	k__Bacteria;p__Bacteroidetes;c__Bacteroidia;o__Bacteroidales;f__Prevotellaceae;g__Prevotella;s__Prevotella_copri	k__Bacteria;p__Bacteroidetes;c__Bacteroidia;o__Bacteroidales;f__Bacteroidaceae;g__Bacteroides;s__Bacteroides_stercoris	k__Bacteria;p__Bacteroidetes;c__Bacteroidia;o__Bacteroidales;f__Bacteroidaceae;g__Bacteroides;s__Bacteroides_ovatus	k__Bacteria;p__Bacteroidetes;c__Bacteroidia;o__Bacteroidales;f__Rikenellaceae;g__Alistipes;s__Alistipes_shahii	k__Bacteria;p__Firmicutes;c__Clostridia;o__Clostridiales;f__Ruminococcaceae;g__Faecalibacterium;s__Faecalibacterium_prausnitzii	k__Bacteria;p__Bacteroidetes;c__Bacteroidia;o__Bacteroidales;f__Rikenellaceae;g__Alistipes;s__Alistipes_finegoldii	k__Bacteria;p__Bacteroidetes;c__Bacteroidia;o__Bacteroidales;f__Porphyromonadaceae;g__Parabacteroides;s__Parabacteroides_distasonis	k__Bacteria;p__Bacteroidetes;c__Bacteroidia;o__Bacteroidales;f__Bacteroidaceae;g__Bacteroides;s__Bacteroides_thetaiotaomicron	k__Bacteria;p__Bacteroidetes;c__Bacteroidia;o__Bacteroidales;f__Bacteroidaceae;g__Bacteroides;s__Bacteroides_coprocola	k__Bacteria;p__Bacteroidetes;c__Bacteroidia;o__Bacteroidales;f__Bacteroidaceae;g__Bacteroides;s__Bacteroides_cellulosilyticus	k__Bacteria;p__Bacteroidetes;c__Bacteroidia;o__Bacteroidales;f__Rikenellaceae;g__Alistipes;s__Alistipes_obesi	k__Bacteria;p__Firmicutes;c__Clostridia;o__Clostridiales;f__Lachnospiraceae;g__;s__[Eubacterium]_rectale	k__Bacteria;p__Bacteroidetes;c__Bacteroidia;o__Bacteroidales;f__Bacteroidaceae;g__Bacteroides;s__Bacteroides_plebeius	k__Bacteria;p__Bacteroidetes;c__Bacteroidia;o__Bacteroidales;f__Bacteroidaceae;g__Bacteroides;s__Bacteroides_fragilis	k__Bacteria;p__Proteobacteria;c__Betaproteobacteria;o__Burkholderiales;f__Sutterellaceae;g__Sutterella;s__Sutterella_wadsworthensis	k__Bacteria;p__Bacteroidetes;c__Bacteroidia;o__Bacteroidales;f__Porphyromonadaceae;g__Barnesiella;s__Barnesiella_intestinihominis	k__Bacteria;p__Bacteroidetes;c__Bacteroidia;o__Bacteroidales;f__Odoribacteraceae;g__Odoribacter;s__Odoribacter_splanchnicus	k__Bacteria;p__Bacteroidetes;c__Bacteroidia;o__Bacteroidales;f__Bacteroidaceae;g__Bacteroides;s__Bacteroides_salyersiae	k__Bacteria;p__Firmicutes;c__Clostridia;o__Clostridiales;f__Ruminococcaceae;g__Ruminiclostridium;s__[Eubacterium]_siraeum	k__Bacteria;p__Proteobacteria;c__Betaproteobacteria;o__Burkholderiales;f__Sutterellaceae;g__Parasutterella;s__Parasutterella_excrementihominis	k__Bacteria;p__Actinobacteria;c__Actinobacteria;o__Bifidobacteriales;f__Bifidobacteriaceae;g__Bifidobacterium;s__Bifidobacterium_adolescentis	k__Bacteria;p__Firmicutes;c__Clostridia;o__Clostridiales;f__Oscillospiraceae;g__Oscillibacter;s__Oscillibacter_sp._KLE_1745	k__Bacteria;p__Bacteroidetes;c__Bacteroidia;o__Bacteroidales;f__Bacteroidaceae;g__Bacteroides;s__Bacteroides_coprophilus	k__Bacteria;p__Firmicutes;c__Clostridia;o__Clostridiales;f__Lachnospiraceae;g__Roseburia;s__Roseburia_intestinalis	k__Bacteria;p__Firmicutes;c__Clostridia;o__Clostridiales;f__Lachnospiraceae;g__Roseburia;s__Roseburia_hominis	k__Bacteria;p__Bacteroidetes;c__Bacteroidia;o__Bacteroidales;f__Porphyromonadaceae;g__Parabacteroides;s__Parabacteroides_johnsonii	k__Bacteria;p__Actinobacteria;c__Actinobacteria;o__Bifidobacteriales;f__Bifidobacteriaceae;g__Bifidobacterium;s__Bifidobacterium_longum	k__Bacteria;p__Firmicutes;c__Clostridia;o__Clostridiales;f__;g__Flavonifractor;s__Flavonifractor_plautii	k__Bacteria;p__Firmicutes;c__Clostridia;o__Clostridiales;f__Clostridiaceae;g__Clostridium;s__Clostridium_phoceensis	k__Bacteria;p__Verrucomicrobia;c__Verrucomicrobiae;o__Verrucomicrobiales;f__Akkermansiaceae;g__Akkermansia;s__Akkermansia_muciniphila	k__Bacteria;p__Bacteroidetes;c__Bacteroidia;o__Bacteroidales;f__Prevotellaceae;g__Paraprevotella;s__Paraprevotella_xylaniphila	k__Bacteria;p__Firmicutes;c__Clostridia;o__Clostridiales;f__Ruminococcaceae;g__Ruminococcus;s__Ruminococcus_callidus	k__Bacteria;p__Bacteroidetes;c__Bacteroidia;o__Bacteroidales;f__Rikenellaceae;g__Alistipes;s__Alistipes_senegalensis	k__Bacteria;p__Firmicutes;c__Clostridia;o__Clostridiales;f__Lachnospiraceae;g__Blautia;s__Blautia_sp._KLE_1732	k__Bacteria;p__Bacteroidetes;c__Bacteroidia;o__Bacteroidales;f__Bacteroidaceae;g__Bacteroides;s__Bacteroides_oleiciplenus	k__Bacteria;p__Firmicutes;c__Clostridia;o__Clostridiales;f__Ruminococcaceae;g__Ruminococcus;s__Ruminococcus_bicirculans	k__Bacteria;p__Bacteroidetes;c__Bacteroidia;o__Bacteroidales;f__Bacteroidaceae;g__Bacteroides;s__Bacteroides_fluxus	k__Bacteria;p__Bacteroidetes;c__Bacteroidia;o__Bacteroidales;f__Prevotellaceae;g__Prevotella;s__Prevotella_stercorea	k__Bacteria;p__Firmicutes;c__Clostridia;o__Clostridiales;f__Lachnospiraceae;g__Dorea;s__Dorea_longicatena	k__Bacteria;p__Firmicutes;c__Clostridia;o__Clostridiales;f__Eubacteriaceae;g__Eubacterium;s__[Eubacterium]_eligens	k__Bacteria;p__Firmicutes;c__Clostridia;o__Clostridiales;f__Ruminococcaceae;g__;s__Ruminococcaceae_bacterium_D16	k__Bacteria;p__Firmicutes;c__Clostridia;o__Clostridiales;f__Lachnospiraceae;g__Coprococcus;s__Coprococcus_comes	k__Bacteria;p__Proteobacteria;c__Gammaproteobacteria;o__Enterobacterales;f__Enterobacteriaceae;g__Escherichia;s__Escherichia_coli	k__Bacteria;p__Firmicutes;c__Clostridia;o__Clostridiales;f__Ruminococcaceae;g__Anaerotruncus;s__Anaerotruncus_colihominis	k__Bacteria;p__Firmicutes;c__Clostridia;o__Clostridiales;f__Lachnospiraceae;g__Blautia;s__Blautia_obeum	k__Bacteria;p__Bacteroidetes;c__Bacteroidia;o__Bacteroidales;f__Odoribacteraceae;g__Odoribacter;s__Odoribacter_laneus	k__Bacteria;p__Firmicutes;c__Clostridia;o__Clostridiales;f__Ruminococcaceae;g__Ruminiclostridium;s__[Clostridium]_leptum	k__Bacteria;p__Bacteroidetes;c__Bacteroidia;o__Bacteroidales;f__Porphyromonadaceae;g__Parabacteroides;s__Parabacteroides_goldsteinii	k__Bacteria;p__Firmicutes;c__Clostridia;o__Clostridiales;f__Lachnospiraceae;g__Anaerostipes;s__Anaerostipes_hadrus	k__Bacteria;p__Firmicutes;c__Clostridia;o__Clostridiales;f__Ruminococcaceae;g__Ruminococcus;s__Ruminococcus_lactaris	k__Bacteria;p__Firmicutes;c__Clostridia;o__Clostridiales;f__Clostridiaceae;g__Clostridium;s__Clostridium_sp._L2-50	k__Bacteria;p__Firmicutes;c__Clostridia;o__Clostridiales;f__Clostridiaceae;g__Clostridium;s__Clostridium_sp._M62/1	k__Bacteria;p__Firmicutes;c__Clostridia;o__Clostridiales;f__;g__Intestinimonas;s__Intestinimonas_butyriciproducens	k__Bacteria;p__Actinobacteria;c__Actinobacteria;o__Bifidobacteriales;f__Bifidobacteriaceae;g__Bifidobacterium;s__Bifidobacterium_bifidum	k__Bacteria;p__Firmicutes;c__Negativicutes;o__Veillonellales;f__Veillonellaceae;g__Dialister;s__Dialister_invisus	k__Bacteria;p__Bacteroidetes;c__Bacteroidia;o__Bacteroidales;f__Bacteroidaceae;g__Bacteroides;s__Bacteroides_salanitronis
k__Bacteria;p__Bacteroidetes;c__Bacteroidia;o__Bacteroidales;f__Bacteroidaceae;g__Bacteroides;s__Bacteroides_vulgatus	1.0	-0.00636882827028	-0.00326755238958	0.00914075833289	-0.054059397975	-0.0404699413233	0.078669136191	-0.0208173602026	-0.0130572978744	-0.0447870958992	-0.0230124497026	-0.0412178506593	-0.0301755419282	0.0045847778522	0.0346235158806	-0.0284247627214	0.0195290367392	0.00672278044801	-0.0538729114058	-0.069638573458	-0.00708323141831	-0.0484448982002	0.000695753318304	0.00659355813006	0.0262137469077	-0.0351113700724	0.0831091129499	0.0462361794066	-0.0821050231389	-0.011549495439	0.0638557794241	-0.0327117337167	0.0532406726812	-0.00400851584928	0.0229065291939	-0.00266443703217	0.0397707090017	-0.00907889961496	-0.0220973482204	-0.0325027057932	-0.0213555339059	0.0333176951829	0.0535467065196	0.0223878869662	-0.0200357654535	0.0477528684945	-0.013337870178	-0.0446591452607	-0.0396561735685	-0.0559686931184	-0.00335280563274	-0.0145476192144	-0.0516472343354	0.0258328751784	-0.031136603516	-0.0480431771285	-0.0278495319544	0.00665930711199	0.00100000389053
k__Bacteria;p__Bacteroidetes;c__Bacteroidia;o__Bacteroidales;f__Bacteroidaceae;g__Bacteroides;s__Bacteroides_uniformis	-0.00636882827028	1.0	0.00471730292491	-0.046815260123	0.026012144676	-0.00343526558387	-0.0467439073076	-0.0157779206767	-0.0129044323608	-0.00898351471175	0.0464882520176	-0.0438182239593	-0.0128694341007	-0.0282430359642	-0.0443039312504	0.0050269271094	0.0521260882704	0.0772881782561	-0.0359351699795	0.00403099317287	0.00188955159956	-0.0245062750554	-0.0587628688715	0.0164112348111	-0.0186083766953	-0.00375441341585	0.0521096406521	-0.0323469979428	-0.0271850870116	0.00634246122228	0.0414914853615	-0.0055055811655	-0.0100503004251	-0.00350954483564	-0.0342034654059	0.0646759090291	-0.0293302303222	-0.0419164906239	-0.0579664848724	-0.0387457034314	0.0272921849508	0.0545671518835	-0.0418240925468	-0.0167379628339	-0.00579104671014	-0.0294728582738	-0.0512191005542	-0.0449494813585	-0.00308482020587	0.0674788155764	-0.000437694744234	-0.0421508853956	-0.0617261041285	-0.0372192741099	-0.00657824374353	0.0615345200053	-0.00810369816755	-0.0131873331553	-0.014968417432
k__Bacteria;p__Bacteroidetes;c__Bacteroidia;o__Bacteroidales;f__Rikenellaceae;g__Alistipes;s__Alistipes_putredinis	-0.00326755238958	0.00471730292491	1.0	0.00949284775535	-0.0842129317928	-0.0065697530853	-0.0489100902635	-0.00910583189683	0.0251904646328	-0.0138294579277	0.0643254252169	0.00329878458609	0.0121011780834	-0.0190827225387	0.00981613692979	-0.00566178113026	0.0218566023648	-0.0236345330487	-0.0168798430061	-0.00512810087148	-0.0169109253445	0.00829494217173	-0.0130020563808	0.0381437418853	-0.00107508572625	0.0322294966918	0.0340524728815	0.00553345695151	-0.0182386262224	-0.0118047109591	0.0542330572678	-0.066424702836	-0.0761019682583	-0.0372355756578	-0.013859440909	0.0362471472131	-0.00135240986904	0.0424583427755	-0.060672653005	-0.0131324858883	-0.00808079002589	0.0593038070315	-0.0239858832583	-0.054242887116	-0.00470470011472	0.0186402679056	0.024030540511	-0.0841190948791	-0.0254882462617	-0.0333214587162	-0.00266764894048	0.0540223634391	0.000290183849153	-0.0806700599716	0.0136155006263	0.0247356545211	-0.0139182245926	-0.0300455924584	-0.0720201546745
k__Bacteria;p__Bacteroidetes;c__Bacteroidia;o__Bacteroidales;f__Prevotellaceae;g__Prevotella;s__Prevotella_copri	0.00914075833289	-0.046815260123	0.00949284775535	1.0	-0.042061468873	0.0267253957435	0.0605664501901	0.0158028873415	-0.0320379681255	-0.0127440140141	-0.0186259856176	0.0512438457963	-0.00454359375838	-0.0447249389914	-0.0365908542482	0.0235816720847	5.64046012167e-05	-0.00679423938739	-0.0288311475412	0.00262203964155	-0.0564922447045	-0.0370228216465	0.0584331739465	-0.0121361316898	-0.00779925034749	-0.0331197856482	-0.0163835559297	-0.0438334023248	-0.00431704166762	-0.001152472498	0.00782127650015	0.0452083748056	0.0671560765952	-0.0440873663053	-0.0321408759049	0.0406081573046	-0.0405955646844	0.00456027485397	-0.00628384130893	-0.007404013018	0.00990968238105	0.0589441969331	-0.0248030077201	-0.020090970786	0.0196977585579	-0.0172073802431	-0.0432095775459	-0.032861602067	0.0467898385552	-0.0231970944266	0.00241982899039	0.0138796185525	-0.0344052575154	0.015550513737	0.0195533250991	0.00371897513757	-0.0570567337203	-0.0093159426586	-0.0315046795049
k__Bacteria;p__Bacteroidetes;c__Bacteroidia;o__Bacteroidales;f__Bacteroidaceae;g__Bacteroides;s__Bacteroides_stercoris	-0.054059397975	0.026012144676	-0.0842129317928	-0.042061468873	1.0	-0.0233373852653	0.0047560233608	-0.0275256502361	-0.0267647939186	-0.00985176346796	0.0328952922643	0.0414571165505	-0.0363742724935	-0.0142484620267	0.0211348190341	-0.00261562187176	0.00424988496394	-0.030032528148	0.0237883025019	0.00389181814944	0.0527708188208	0.0188499131013	-0.0494997059858	-0.0418166645707	0.0114191352381	-0.0142210834781	-0.015315155801	-0.000971663619592	0.0318923197904	0.0563969454047	-0.00607762415402	0.03943308467	0.00647067773865	-0.0270957100848	0.00555564217651	-0.00580247248115	-0.0180434664538	-0.0480983622087	0.02785143195	-0.0864572478377	-0.00177137976274	-0.0522974770569	-0.0377176766929	-0.0839404195016	-0.0332953794631	0.0281498757182	-0.0533320297692	0.00687979884218	0.0166104230497	0.00645992143163	-0.000309335146477	0.000575105263018	0.0485550553106	0.0345096979372	0.00807220568035	-0.0161828567721	-0.0597324393622	-0.0602548410486	0.0360136369869
k__Bacteria;p__Bacteroidetes;c__Bacteroidia;o__Bacteroidales;f__Bacteroidaceae;g__Bacteroides;s__Bacteroides_ovatus	-0.0404699413233	-0.00343526558387	-0.0065697530853	0.0267253957435	-0.0233373852653	1.0	-0.0307536501734	0.0309034538219	-0.0065986375959	0.0402538736816	-0.0439835528379	-0.0719026765298	0.0300972931863	0.0466042495383	-0.0128618919309	0.020729601954	0.0344159948664	0.0127066082025	0.0292679190934	-0.0901115054215	0.0180064118725	-0.0745235158297	-0.0408972801573	-0.0311138323399	-0.0779542013777	-0.00118691421032	-0.0075233555691	0.0212769259358	-0.00511533704088	0.0267197067487	-0.00258297236839	-0.0275325995879	0.00302142772063	-0.0189967289569	0.00705764107398	-0.0461372117161	0.0154841424296	0.052421500882	-0.024100667012	0.0104455403568	0.0350238367525	0.0247698412556	0.00326922251476	-0.0319282595761	0.0350467730108	-0.0506702492084	0.011623910122	-0.0127563570634	0.0307874908961	-0.0175248524095	0.0350573536103	-0.00158644521163	-0.0266096562395	-0.0229594758521	0.0295832647414	-0.0152944053598	-0.0178213553331	-0.0538012325171	-0.0265236721292
k__Bacteria;p__Bacteroidetes;c__Bacteroidia;o__Bacteroidales;f__Rikenellaceae;g__Alistipes;s__Alistipes_shahii	0.078669136191	-0.0467439073076	-0.0489100902635	0.0605664501901	0.0047560233608	-0.0307536501734	1.0	0.0279333337318	0.0405420443649	-0.0338839388592	0.00676583595684	0.00713728258583	0.0233028577572	-0.0545748307722	0.00881255555107	-0.0200015546854	0.0395058427125	-0.00684574348481	0.00191526670428	0.00289616415886	-0.0192150675026	-0.0155546485008	-0.00679541344844	-0.0398093723875	-0.0162489009219	0.0137393821304	0.00227896093859	0.0582813615177	0.0248917059923	-0.0198316767867	0.0221343156677	-0.0131385682819	0.0207258077587	-0.0782024632778	-0.00883940038859	0.0232247490607	-0.00569320153428	-0.019865514203	0.00171097923969	0.0233264413751	-0.0671917008658	-0.0156085784334	-0.00730859103316	-0.0647295676717	-0.0393302096003	0.00542508196049	0.0635987066779	0.0177309688639	-0.0176287140462	0.0307263531565	-0.0119945528881	0.0282100592948	-0.0349550693435	0.0121667810358	-0.0505802844956	0.0152769761562	-0.00732859716141	-0.0228535004508	-0.0114411839311
k__Bacteria;p__Firmicutes;c__Clostridia;o__Clostridiales;f__Ruminococcaceae;g__Faecalibacterium;s__Faecalibacterium_prausnitzii	-0.0208173602026	-0.0157779206767	-0.00910583189683	0.0158028873415	-0.0275256502361	0.0309034538219	0.0279333337318	1.0	-0.0263195052441	0.0329381804267	-0.0106673233579	-0.048018311932	-0.0506435501834	-0.0299070530105	-0.0181223796916	0.01297734886	-0.0410790424207	-0.00586908025871	-0.0500389650973	0.03235178134	-0.0505316878943	-0.0151167759985	0.0287627848631	0.0884411070401	0.000540703211724	-0.0338739217268	-0.0129217852	-0.0522220836094	-0.0144731253697	-0.089515986076	-0.0445202437469	-0.00643269036779	-0.0347805406813	-0.0371844382993	-0.0123660031851	-0.0615410007343	-0.0530655492162	-0.0135502437784	0.0139356312127	-0.0207962496504	-0.00457386104273	0.0444543033123	0.0381602819055	0.00690069724371	-0.0126151547572	0.0113863955665	-0.0172835661261	-0.0168830053075	-0.0204954120537	-0.0247441980126	-0.0367320532151	0.0207332923142	-0.0522927318236	0.0137377277573	0.0129497535621	0.0072828685778	-0.029716868232	0.00553450570992	0.01923998032
k__Bacteria;p__Bacteroidetes;c__Bacteroidia;o__Bacteroidales;f__Rikenellaceae;g__Alistipes;s__Alistipes_finegoldii	-0.0130572978744	-0.0129044323608	0.0251904646328	-0.0320379681255	-0.0267647939186	-0.0065986375959	0.0405420443649	-0.0263195052441	1.0	0.00391769904482	0.0346550685401	-0.0175062546526	-0.0406421494022	-0.0181303221595	-0.0354441874308	0.00487298666309	-0.00267336026515	-0.0018167079599	-0.0147183474933	0.0143212803371	0.0183407349488	0.0590093979102	-0.0252979526894	0.0187969447244	0.0141675476083	0.0146115454049	-0.0838951611261	0.0166269875872	0.00656729339121	0.00530954035376	-0.0196321674682	-0.042941116281	-0.0658813139124	0.00899070584927	-0.00887564947452	-0.0150642678878	-0.0540359169342	0.0143718288715	-0.0261129942293	0.0250932946492	-0.0403993616113	-0.0187277789484	-0.0210575372363	0.00149579402828	0.0127392272071	-0.0360481777856	-0.00894757512243	0.0024514191699	0.00903066216745	-0.00129694425198	0.0504299133417	0.0418191985837	-0.0492653434798	-0.0148736927368	-0.00787286582572	-0.0909451437053	-0.0140500291435	-0.0602645752509	0.0211312121837
k__Bacteria;p__Bacteroidetes;c__Bacteroidia;o__Bacteroidales;f__Porphyromonadaceae;g__Parabacteroides;s__Parabacteroides_distasonis	-0.0447870958992	-0.00898351471175	-0.0138294579277	-0.0127440140141	-0.00985176346796	0.0402538736816	-0.0338839388592	0.0329381804267	0.00391769904482	1.0	-0.018186840407	-0.0169828114238	-0.0214619401359	-0.01495993683	-0.0244266628056	-0.0395671559751	-0.0137150436004	-0.0254289150016	-0.0154852717319	-0.00321808715302	0.00428409461579	0.0550397102337	-0.0233859861423	-0.0204184071062	-0.00547664370603	-0.0240550974412	-0.0111370627913	-0.112883862487	0.0423743949535	-0.00757037095473	-0.0608174702952	0.0135888811371	-0.00573042418948	-0.00454710400377	-0.102632242941	0.039597982838	-0.0388735793378	-0.0152174093441	0.032267133772	-0.0121447448316	-0.00950415696327	0.00128065269579	-0.0234243981688	-0.0282686025025	-0.0141635988363	0.0119880349627	-0.026320683304	-0.0161739800695	0.0108048481064	-0.0256922313277	-0.0209958584159	-0.032272782293	0.00295428333123	-0.0163476893889	-0.0557957074218	0.013498049286	-0.0250397951936	0.0363542263115	-0.0257723039014
k__Bacteria;p__Bacteroidetes;c__Bacteroidia;o__Bacteroidales;f__Bacteroidaceae;g__Bacteroides;s__Bacteroides_thetaiotaomicron	-0.0230124497026	0.0464882520176	0.0643254252169	-0.0186259856176	0.0328952922643	-0.0439835528379	0.00676583595684	-0.0106673233579	0.0346550685401	-0.018186840407	1.0	-0.0550367933387	0.00199249740156	-0.00316596388043	0.0187489091234	0.00918136254213	-0.0424549229898	-0.0101628033995	-0.00531044231921	0.0227276281507	-0.00257596896311	0.00640320922015	0.0408678664697	-0.0536625588948	-0.0331760775135	-0.0113733707579	0.0408118708771	0.0420504628344	-0.013301493909	-0.0546371447313	-0.00199345222651	0.00169848111263	0.00171124890859	-0.0338611096988	-0.0183596639298	0.00399493128065	-0.0217785687455	0.00780922117844	0.00045752371889	-0.00382888910529	0.00238718448453	0.00801092028385	0.0286814787529	-0.072465834601	0.0336815181044	0.0148305531276	0.0152771307371	-0.00328294921757	-0.0106240227491	-0.0236750418254	-0.0541252430945	-0.00659391711966	0.0206380174857	-0.0299582896625	-0.0322542908173	0.0142141888486	-0.038542152023	-0.0190700790536	0.00426181692897
k__Bacteria;p__Bacteroidetes;c__Bacteroidia;o__Bacteroidales;f__Bacteroidaceae;g__Bacteroides;s__Bacteroides_coprocola	-0.0412178506593	-0.0438182239593	0.00329878458609	0.0512438457963	0.0414571165505	-0.0719026765298	0.00713728258583	-0.048018311932	-0.0175062546526	-0.0169828114238	-0.0550367933387	1.0	0.0216786512658	0.0283812555737	0.0479474771541	-0.0440942586018	0.0016045955749	0.0378549893624	0.0376855429273	-0.0265817322747	-0.0208438843217	-0.0520564431537	0.0131160363392	-0.0553509022052	-0.0203134407067	-0.0308859855752	0.0205895425956	-0.0819149577035	0.0128279878769	0.0696069218826	0.0615642436497	-0.0304244729675	-0.0223531658568	-0.00922071569903	-0.0086708485363	0.0276247388562	-0.0319338388172	-0.0277048277261	-0.0383107461703	0.0241726954504	-0.0113101336147	0.0429321427583	-0.064671138968	-0.0789837540421	-0.0332909637774	-0.0278138608108	-0.0570416526404	-0.0729726977667	0.0134515306697	-0.0109158276514	-0.00714799888517	-0.0610194824837	-0.00689434878529	0.0561879895527	0.00382955623656	-0.01173257935	-0.0613627533321	0.0228380616501	0.0730688143608
k__Bacteria;p__Bacteroidetes;c__Bacteroidia;o__Bacteroidales;f__Bacteroidaceae;g__Bacteroides;s__Bacteroides_cellulosilyticus	-0.0301755419282	-0.0128694341007	0.0121011780834	-0.00454359375838	-0.0363742724935	0.0300972931863	0.0233028577572	-0.0506435501834	-0.0406421494022	-0.0214619401359	0.00199249740156	0.0216786512658	1.0	0.0405886323754	0.0292353713479	-0.00507565829579	0.0035946976239	-0.0364682323743	-0.00170405596891	0.014353534883	-0.0027839354645	0.00334057801701	-0.00369531018362	-0.0367204235646	-0.012553687274	-0.0732855708108	-0.00832509918028	0.0287038614487	0.00182633424001	-0.0472126287385	0.0229002262791	0.0110729874772	-0.0355610009346	0.000969672527687	-0.0143493354962	-0.0116799150447	0.00615042667249	0.00945632928932	-0.0420207431962	-0.0288593232131	-0.00845116306199	-0.0308710332937	-0.0123501961702	0.00062720893431	-0.00912670115588	0.00179425686877	-0.0343127530804	0.00659348010184	-0.0377934344863	3.8175749773e-05	-0.0389340759048	-0.0136181708455	-0.054455218305	-0.0057313016894	-0.0203044637723	0.0529067371479	0.0110369126191	0.0111062041077	-0.0223819467368
k__Bacteria;p__Bacteroidetes;c__Bacteroidia;o__Bacteroidales;f__Rikenellaceae;g__Alistipes;s__Alistipes_obesi	0.0045847778522	-0.0282430359642	-0.0190827225387	-0.0447249389914	-0.0142484620267	0.0466042495383	-0.0545748307722	-0.0299070530105	-0.0181303221595	-0.01495993683	-0.00316596388043	0.0283812555737	0.0405886323754	1.0	0.0137285416497	0.0122786850428	0.0134200382308	-0.00911289821935	0.00726702860793	-0.00533273744325	-0.0141989520498	0.00971824472467	-0.025770137698	-0.0401771518413	-0.0189891979894	-0.040562900409	-0.0662030251266	-0.00540968690405	-0.00982574986022	0.0383604283438	-0.0271593487348	-0.0664483682848	0.018945760805	-0.0302958584771	0.0396995428019	-0.0445282232434	0.0135866629439	0.0644837236309	-0.0046755772186	-0.00399381423481	-0.031163250164	-0.0422846676665	-0.0169299184406	-0.00645384670788	-0.0340017263372	0.00471954753752	-0.0303910323765	0.0261149504038	-0.0531681055058	-0.00329352145645	-0.0143078282394	-0.0261916900619	0.0303711901517	-0.0447480030155	-0.00842948508918	0.00898787580793	-0.0228606389393	0.0391792248665	-0.0570948185846
k__Bacteria;p__Firmicutes;c__Clostridia;o__Clostridiales;f__Lachnospiraceae;g__;s__[Eubacterium]_rectale	0.0346235158806	-0.0443039312504	0.00981613692979	-0.0365908542482	0.0211348190341	-0.0128618919309	0.00881255555107	-0.0181223796916	-0.0354441874308	-0.0244266628056	0.0187489091234	0.0479474771541	0.0292353713479	0.0137285416497	1.0	-0.00740595283407	-0.0330547612154	-0.024403289762	-0.0216851327977	0.0203597888337	-0.0101171043009	-0.0106786741065	-0.0181414912401	-0.015566258764	0.0115416282446	-0.0674484826064	0.0529243990534	0.00155417694542	0.0106088674988	0.0133644930051	-0.00915489736472	0.00393033270105	-0.0092896085096	0.015385938557	0.0184146314586	-0.0361499545915	0.00873727056578	-0.0441682290102	0.044318536779	-0.00723141844396	-0.0345962410545	0.0490646105213	-0.00730711304981	0.00575772514792	0.000388574579524	-0.0266572443712	-0.0391755878757	-0.012352958599	-0.0232874595285	0.0437687162988	0.00670715507533	0.0113911978961	-0.0249028227142	0.051949530172	-0.0203333729982	-0.00113464199397	-0.0281331062172	-0.0422629042082	-0.0570338219196
k__Bacteria;p__Bacteroidetes;c__Bacteroidia;o__Bacteroidales;f__Bacteroidaceae;g__Bacteroides;s__Bacteroides_plebeius	-0.0284247627214	0.0050269271094	-0.00566178113026	0.0235816720847	-0.00261562187176	0.020729601954	-0.0200015546854	0.01297734886	0.00487298666309	-0.0395671559751	0.00918136254213	-0.0440942586018	-0.00507565829579	0.0122786850428	-0.00740595283407	1.0	-0.0419721278092	0.0249371988524	-0.0208065160192	-0.0258197232473	-0.0367930309424	0.0144680917021	-0.0613762227544	-0.057247085209	-0.00426826201839	-0.012312604676	0.0152302856562	-0.0086385277873	0.0109345202387	0.0149487782446	-0.00238128038883	-0.0458684313611	0.0261599293613	-0.0446448299008	0.00764219566616	-0.0442563864975	0.0320519066173	0.0165919897701	-0.000622900890936	-0.000878935762401	0.0388451470461	0.0150118397333	-0.0136233545003	0.0433648313506	-0.0173936482797	0.00739445185889	-0.00984030808787	-0.000656446908067	-0.0290320765269	-0.00361502405341	0.0234574929478	-0.0324796839128	0.011357358594	-0.0184898107335	0.0137553424319	0.00878306297693	0.0246260317725	-0.0276986745108	-0.107466656593
k__Bacteria;p__Bacteroidetes;c__Bacteroidia;o__Bacteroidales;f__Bacteroidaceae;g__Bacteroides;s__Bacteroides_fragilis	0.0195290367392	0.0521260882704	0.0218566023648	5.64046012165e-05	0.00424988496394	0.0344159948664	0.0395058427125	-0.0410790424207	-0.00267336026515	-0.0137150436004	-0.0424549229898	0.0016045955749	0.0035946976239	0.0134200382308	-0.0330547612154	-0.0419721278092	1.0	-0.0568723649188	-0.0906146783424	-0.0245251837028	-0.00603190809055	-0.0182063746942	0.0615814964257	0.0567817150064	-0.0142611720352	0.010744131885	0.00329712318567	0.0312849036556	0.0113842933892	0.0159816575821	-0.00609368830277	-0.0259548246381	0.043030430695	-0.0362002972853	-0.0379025405968	0.0269980087621	-0.00164041688916	-0.0585066067804	-0.0310188895613	-0.0190882842047	-0.0623681171711	0.0511809628966	-0.0419639537804	0.0133717461846	-0.00416899115473	0.0270220710398	-0.000359266718018	-0.0451011232732	0.0624104382208	0.0093439813563	-0.0603941247512	-0.0244582874362	-0.0234314241517	0.00883500763242	-0.0323108900196	0.0224770914114	-0.0609310943256	0.00789870854134	0.0179033091141
k__Bacteria;p__Proteobacteria;c__Betaproteobacteria;o__Burkholderiales;f__Sutterellaceae;g__Sutterella;s__Sutterella_wadsworthensis	0.00672278044801	0.0772881782561	-0.0236345330487	-0.00679423938739	-0.030032528148	0.0127066082025	-0.00684574348481	-0.00586908025871	-0.0018167079599	-0.0254289150016	-0.0101628033995	0.0378549893624	-0.0364682323743	-0.00911289821935	-0.024403289762	0.0249371988524	-0.0568723649188	1.0	-0.00124220964232	0.0649455578776	-0.0266962097108	-0.0327356190192	-0.0494613106373	-0.0188996431615	0.0145700865642	-0.000322859736367	-0.0327940599873	-0.00190815510889	-0.0532468611587	0.00271573318216	0.0162852994544	0.0209781641354	0.0498704839715	0.0312086918898	0.00785222720849	-0.0106834142567	-0.026350307177	0.0279139621032	0.0120397565394	-0.0329344594616	0.00400580005378	0.00653604444661	0.046858481303	-0.0633201980221	0.039576101864	0.0104637045817	0.00333776587093	-0.0128955213389	0.0146294115657	-0.00438993580936	-0.00079180337	-0.0598075134605	-0.0598128535442	-0.0114032275827	-0.0303868524866	-0.0320254226579	-0.00294672052957	-0.0430531506007	0.0254268519843
k__Bacteria;p__Bacteroidetes;c__Bacteroidia;o__Bacteroidales;f__Porphyromonadaceae;g__Barnesiella;s__Barnesiella_intestinihominis	-0.0538729114058	-0.0359351699795	-0.0168798430061	-0.0288311475412	0.0237883025019	0.0292679190934	0.00191526670428	-0.0500389650973	-0.0147183474933	-0.0154852717319	-0.00531044231921	0.0376855429273	-0.00170405596891	0.00726702860793	-0.0216851327977	-0.0208065160192	-0.0906146783424	-0.00124220964232	1.0	0.0182066440905	0.00724913914918	-0.0289526787106	0.00954903756774	-0.00159252241754	-0.0164186846726	0.0232228356532	-0.0341445267055	0.00628905079117	0.0154539098163	0.0432680103341	-0.0262668001357	-0.0347059376715	-0.028439127721	-0.0108193366935	-0.0114030323252	0.00320982009953	-0.0160390067215	0.0247528687493	-0.0435986139516	-0.0137004981141	0.0392699583269	-0.0443324458421	-0.0353745685089	0.0548853618085	-0.0180645901664	-0.02314204564	-0.0111751495979	0.0228494098098	-0.00109433531862	0.0410634811056	-0.0202433918808	0.0060795230005	-0.0134182455567	-0.0289002280715	-0.0330835097409	0.0483945702137	-0.0126018706041	-0.0279558152884	-0.00810736677994
k__Bacteria;p__Bacteroidetes;c__Bacteroidia;o__Bacteroidales;f__Odoribacteraceae;g__Odoribacter;s__Odoribacter_splanchnicus	-0.069638573458	0.00403099317287	-0.00512810087148	0.00262203964155	0.00389181814944	-0.0901115054215	0.00289616415886	0.03235178134	0.0143212803371	-0.00321808715302	0.0227276281507	-0.0265817322747	0.014353534883	-0.00533273744325	0.0203597888337	-0.0258197232473	-0.0245251837028	0.0649455578776	0.0182066440905	1.0	-0.0134757459538	-0.0293368399957	-0.00477795425415	-0.00852238208786	-0.00423610860601	-0.0164897529742	-0.0137707119139	-0.0144260651713	0.0127583915226	0.00277516115455	0.000309333727966	-0.0456281958812	-0.0211135095856	0.0214057833001	-0.0470825458024	-0.0623601121203	-0.0203208372985	-0.0126159542168	-0.0164666768739	0.00489932329786	-0.0336787643116	-0.0318952218716	-0.00947854845528	-0.0104517306782	-0.0315042078533	0.0213269002185	-0.00331185099548	-0.0217112178823	0.0424730645814	-0.00503881827043	0.00380980095221	0.00267158939924	0.0251925984942	0.00408745591406	0.00522128246523	0.00912424043706	0.033676841728	0.000734277810558	-0.010793727764
k__Bacteria;p__Bacteroidetes;c__Bacteroidia;o__Bacteroidales;f__Bacteroidaceae;g__Bacteroides;s__Bacteroides_salyersiae	-0.00708323141831	0.00188955159956	-0.0169109253445	-0.0564922447045	0.0527708188208	0.0180064118725	-0.0192150675026	-0.0505316878943	0.0183407349488	0.00428409461579	-0.00257596896311	-0.0208438843217	-0.0027839354645	-0.0141989520498	-0.0101171043009	-0.0367930309424	-0.00603190809055	-0.0266962097108	0.00724913914918	-0.0134757459538	1.0	0.020020423741	0.0083030871904	-0.0381868846608	0.033513999396	-0.0291828435352	0.042256452298	0.0222072526614	-0.0866059206761	-0.0582606606502	-0.0415445998661	0.00599770267895	-0.0650889462435	0.0230546538267	-0.0275716642423	-0.0501947519534	0.0164323733267	-0.00622655646826	0.0346986850334	-0.045215070049	0.0261102374198	-0.0609449846223	0.00350203889768	-0.0135468862884	-0.0135414019968	-0.048367287206	0.0363464680378	-0.0349262102929	-0.028079605194	0.0353804787611	-0.0366308164827	-0.0318780932944	0.0111902280682	-0.00759243541644	-0.00248957043407	0.000576471588064	-0.0371063255672	-0.0195056390243	0.0314746330216
k__Bacteria;p__Firmicutes;c__Clostridia;o__Clostridiales;f__Ruminococcaceae;g__Ruminiclostridium;s__[Eubacterium]_siraeum	-0.0484448982002	-0.0245062750554	0.00829494217173	-0.0370228216465	0.0188499131013	-0.0745235158297	-0.0155546485008	-0.0151167759985	0.0590093979102	0.0550397102337	0.00640320922015	-0.0520564431537	0.00334057801701	0.00971824472467	-0.0106786741065	0.0144680917021	-0.0182063746942	-0.0327356190192	-0.0289526787106	-0.0293368399957	0.020020423741	1.0	-0.0244762613869	-0.0390990362159	0.0268657693146	-0.0553589940684	-0.00730941645379	0.0249925437011	-0.0323252178698	0.0366984733405	0.0230177663597	-0.0170756995461	0.0440099907287	-0.0112632838375	0.0061726216127	0.117397344177	-0.0170853653388	0.0455256081115	0.0149980299677	0.0240499138678	-0.0137806642477	0.0054743395	0.0107866942274	-0.0222855117858	-0.0601522743738	-0.00738161648629	-0.0106246878812	-0.0942514471446	-0.0506848706821	-0.0318002315718	-0.026986707018	-0.0298909986244	0.018230032486	0.0398124518282	-0.047438785645	-0.0197513721299	-0.0226656496726	-0.0361772471578	-0.0568273784906
k__Bacteria;p__Proteobacteria;c__Betaproteobacteria;o__Burkholderiales;f__Sutterellaceae;g__Parasutterella;s__Parasutterella_excrementihominis	0.000695753318304	-0.0587628688715	-0.0130020563808	0.0584331739465	-0.0494997059858	-0.0408972801573	-0.00679541344844	0.0287627848631	-0.0252979526894	-0.0233859861423	0.0408678664697	0.0131160363392	-0.00369531018362	-0.025770137698	-0.0181414912401	-0.0613762227544	0.0615814964257	-0.0494613106373	0.00954903756774	-0.00477795425415	0.0083030871904	-0.0244762613869	1.0	0.031173963566	0.0431492610931	-0.00694121315095	0.0157147654054	-7.54843350845e-05	0.006044229085	-0.00591624114345	-0.0515558962539	0.00543771086846	0.0180117171195	-0.0240861173679	-0.00410583208489	0.0120949098575	-0.0500966841437	-0.00816548071038	-0.0117466468626	0.0769145403204	-0.012551606731	-0.0228655944189	-0.00927458731929	-0.0271140333688	0.0190415491682	-0.0123185395778	-0.0195412800061	-0.033703028951	-0.0264651745204	-0.0179914111017	-0.0135763662207	0.00622089959974	0.00961776247688	0.0198602545343	-0.0285106533559	-0.0056514598748	0.00764729414209	-0.0511964036164	0.0149472529032
k__Bacteria;p__Actinobacteria;c__Actinobacteria;o__Bifidobacteriales;f__Bifidobacteriaceae;g__Bifidobacterium;s__Bifidobacterium_adolescentis	0.00659355813006	0.0164112348111	0.0381437418853	-0.0121361316898	-0.0418166645707	-0.0311138323399	-0.0398093723875	0.0884411070401	0.0187969447244	-0.0204184071062	-0.0536625588948	-0.0553509022052	-0.0367204235646	-0.0401771518413	-0.015566258764	-0.057247085209	0.0567817150064	-0.0188996431615	-0.00159252241754	-0.00852238208786	-0.0381868846608	-0.0390990362159	0.031173963566	1.0	0.021711301818	0.0210498710983	-0.0284365199611	-0.0357115447902	-0.0170273998217	0.000718157095435	-0.000765565625395	-0.0645124196607	-0.0670896818192	0.0295420634743	-0.0625148539853	-0.00640766024001	0.0797781625855	-0.0369110172952	-0.0267466550319	-0.0139737474691	0.022048714916	-0.00593920037736	-0.00323319104187	0.00530854223128	-0.0473628639814	0.0171914252346	-0.0177669089283	-0.0673120385823	-0.0484891397404	0.0315103964717	-0.0331201523082	0.0104581323275	-0.0095558444327	-0.000684847268902	0.0373053768844	-0.0307049250615	-0.0135011745004	0.0395679779526	-0.0251409758782
k__Bacteria;p__Firmicutes;c__Clostridia;o__Clostridiales;f__Oscillospiraceae;g__Oscillibacter;s__Oscillibacter_sp._KLE_1745	0.0262137469077	-0.0186083766953	-0.00107508572625	-0.00779925034749	0.0114191352381	-0.0779542013777	-0.0162489009219	0.000540703211724	0.0141675476083	-0.00547664370603	-0.0331760775135	-0.0203134407067	-0.012553687274	-0.0189891979894	0.0115416282446	-0.00426826201839	-0.0142611720352	0.0145700865642	-0.0164186846726	-0.00423610860601	0.033513999396	0.0268657693146	0.0431492610931	0.021711301818	1.0	0.0134047680541	-0.0560614247409	-0.0148383131888	0.0558757606217	-0.00570849416816	-0.0650786231946	0.0144365091744	-0.0595292403312	-0.0171136219753	-0.0221642086889	-0.0285940386118	-0.00355681215069	-0.0432609224978	-0.0145570001347	-0.00972671215899	-0.0368452163537	-0.0170153974339	-0.0248019761217	0.0669630807172	0.0123790235134	-0.0250784617395	-0.040496411526	0.0141408089598	-0.0511266085374	-0.0130914759834	0.0398755904916	-0.0194736960842	0.0568674709196	0.0056865300596	0.0327193439184	0.040478625918	0.0206351861034	-0.0204550805536	-0.0252239441523
k__Bacteria;p__Bacteroidetes;c__Bacteroidia;o__Bacteroidales;f__Bacteroidaceae;g__Bacteroides;s__Bacteroides_coprophilus	-0.0351113700724	-0.00375441341585	0.0322294966918	-0.0331197856482	-0.0142210834781	-0.00118691421032	0.0137393821304	-0.0338739217268	0.0146115454049	-0.0240550974412	-0.0113733707579	-0.0308859855752	-0.0732855708108	-0.040562900409	-0.0674484826064	-0.012312604676	0.010744131885	-0.000322859736368	0.0232228356532	-0.0164897529742	-0.0291828435352	-0.0553589940684	-0.00694121315095	0.0210498710983	0.0134047680541	1.0	-0.0245842324796	-0.0615035812011	-0.00680642369183	-0.0344713558222	-0.0164326597611	0.00529199811669	-0.0262900172482	-0.0226658050749	-0.0229929559233	-0.0117571361442	0.0314890079934	-0.0265280029669	0.0132853426675	0.0215210729051	0.061417484023	0.0236044144072	0.0170814048573	-0.0159485723774	-0.0392332262139	0.00556266079316	0.0187900395858	-0.0564834352695	0.0181067841954	-0.00570708731202	-0.00704056868058	-0.0258181804379	0.0568080002489	0.0166163742113	-0.00136880889224	-0.00274904674335	-0.0309070384465	-0.0435960904997	-0.0228881092905
k__Bacteria;p__Firmicutes;c__Clostridia;o__Clostridiales;f__Lachnospiraceae;g__Roseburia;s__Roseburia_intestinalis	0.0831091129499	0.0521096406521	0.0340524728815	-0.0163835559297	-0.015315155801	-0.0075233555691	0.00227896093859	-0.0129217852	-0.0838951611261	-0.0111370627913	0.0408118708771	0.0205895425956	-0.00832509918028	-0.0662030251266	0.0529243990534	0.0152302856562	0.00329712318567	-0.0327940599873	-0.0341445267055	-0.0137707119139	0.042256452298	-0.00730941645379	0.0157147654054	-0.0284365199611	-0.0560614247409	-0.0245842324796	1.0	0.0448232958629	-0.0609815560051	0.00683254049741	-0.0749783580558	0.00788042119719	0.0452144853579	0.00275294977212	-0.0261045420353	0.0300684828653	-0.0263404706252	0.016127396998	0.0461940077852	-0.0581615649484	-0.019997437208	-0.000908722380269	-0.00340164533811	0.0151545971211	-0.0283368607631	-0.0400508413965	-0.0176502223927	-0.00025287486546	-0.032998799763	0.0860721541777	-0.0533782384313	-0.0742083231173	-0.0113264432255	-0.0120613727154	-0.0148478239215	0.0266064751763	-0.0228369526501	-0.00504310934072	0.00508109082001
k__Bacteria;p__Firmicutes;c__Clostridia;o__Clostridiales;f__Lachnospiraceae;g__Roseburia;s__Roseburia_hominis	0.0462361794066	-0.0323469979428	0.00553345695151	-0.0438334023248	-0.000971663619592	0.0212769259358	0.0582813615177	-0.0522220836094	0.0166269875872	-0.112883862487	0.0420504628344	-0.0819149577035	0.0287038614487	-0.00540968690405	0.00155417694542	-0.0086385277873	0.0312849036556	-0.00190815510889	0.00628905079117	-0.0144260651713	0.0222072526614	0.0249925437011	-7.54843350844e-05	-0.0357115447902	-0.0148383131888	-0.0615035812011	0.0448232958629	1.0	-0.0259896513777	-0.0958811017361	-0.00115844803391	0.0588181531572	0.0178306394016	-0.017667905642	-0.00390982656955	-0.00410495661566	-0.0308332602372	0.0238735940567	0.00472621901083	0.0339588580629	-0.0237085581121	0.0395696187921	-0.0477029919435	-0.033674205124	-0.0107640527722	-0.019138170003	0.0235081803335	-0.0452114431122	-0.0183409014118	-0.0255058379645	-0.0483246133515	0.0284975292819	0.0319350981043	0.00055365863179	-0.0490828216041	-0.0286756889521	-0.0141502191933	-0.0196234373919	0.0500769969064
k__Bacteria;p__Bacteroidetes;c__Bacteroidia;o__Bacteroidales;f__Porphyromonadaceae;g__Parabacteroides;s__Parabacteroides_johnsonii	-0.0821050231389	-0.0271850870116	-0.0182386262224	-0.00431704166762	0.0318923197904	-0.00511533704088	0.0248917059923	-0.0144731253697	0.00656729339121	0.0423743949535	-0.013301493909	0.0128279878769	0.00182633424001	-0.00982574986022	0.0106088674988	0.0109345202387	0.0113842933892	-0.0532468611587	0.0154539098163	0.0127583915226	-0.0866059206761	-0.0323252178698	0.006044229085	-0.0170273998217	0.0558757606217	-0.00680642369183	-0.0609815560051	-0.0259896513777	1.0	0.021640975874	0.00382021012613	-0.0205771488965	-0.0449866812433	0.012876893848	-0.0812478893791	0.0334985078093	-0.0654853854469	0.00892594248234	0.00580086753777	-0.075683075652	0.0044800286572	0.0324542840645	-0.00595220730631	-0.00682616673985	-0.0071311705674	0.0387516084852	0.0171692410182	0.00305927527769	0.0617636839888	-0.0222715284216	-0.0618369512846	0.026786390417	0.0208710262236	-0.0329031107807	-0.0316978260515	-0.0498727893475	0.0505045193654	0.0268472289226	-0.0265946670763
