#taxonomy	k__Bacteria;p__Bacteroidetes;c__Bacteroidia;o__Bacteroidales;f__Bacteroidaceae;g__Bacteroides;s__Bacteroides_vulgatus	k__Bacteria;p__Bacteroidetes;c__Bacteroidia;o__Bacteroidales;f__Bacteroidaceae;g__Bacteroides;s__Bacteroides_uniformis	k__Bacteria;p__Bacteroidetes;c__Bacteroidia;o__Bacteroidales;f__Rikenellaceae;g__Alistipes;s__Alistipes_putredinis	k__Bacteria;p__Bacteroidetes;c__Bacteroidia;o__Bacteroidales;f__Prevotellaceae;g__Prevotella;s__Prevotella_copri	k__Bacteria;p__Bacteroidetes;c__Bacteroidia;o__Bacteroidales;f__Bacteroidaceae;g__Bacteroides;s__Bacteroides_stercoris	k__Bacteria;p__Bacteroidetes;c__Bacteroidia;o__Bacteroidales;f__Bacteroidaceae;g__Bacteroides;s__Bacteroides_ovatus	k__Bacteria;p__Bacteroidetes;c__Bacteroidia;o__Bacteroidales;f__Rikenellaceae;g__Alistipes;s__Alistipes_shahii	k__Bacteria;p__Firmicutes;c__Clostridia;o__Clostridiales;f__Ruminococcaceae;g__Faecalibacterium;s__Faecalibacterium_prausnitzii	k__Bacteria;p__Bacteroidetes;c__Bacteroidia;o__Bacteroidales;f__Rikenellaceae;g__Alistipes;s__Alistipes_finegoldii	k__Bacteria;p__Bacteroidetes;c__Bacteroidia;o__Bacteroidales;f__Porphyromonadaceae;g__Parabacteroides;s__Parabacteroides_distasonis	k__Bacteria;p__Bacteroidetes;c__Bacteroidia;o__Bacteroidales;f__Bacteroidaceae;g__Bacteroides;s__Bacteroides_thetaiotaomicron	k__Bacteria;p__Bacteroidetes;c__Bacteroidia;o__Bacteroidales;f__Bacteroidaceae;g__Bacteroides;s__Bacteroides_coprocola	k__Bacteria;p__Bacteroidetes;c__Bacteroidia;o__Bacteroidales;f__Bacteroidaceae;g__Bacteroides;s__Bacteroides_cellulosilyticus	k__Bacteria;p__Bacteroidetes;c__Bacteroidia;o__Bacteroidales;f__Rikenellaceae;g__Alistipes;s__Alistipes_obesi	k__Bacteria;p__Firmicutes;c__Clostridia;o__Clostridiales;f__Lachnospiraceae;g__;s__[Eubacterium]_rectale	k__Bacteria;p__Bacteroidetes;c__Bacteroidia;o__Bacteroidales;f__Bacteroidaceae;g__Bacteroides;s__Bacteroides_plebeius	k__Bacteria;p__Bacteroidetes;c__Bacteroidia;o__Bacteroidales;f__Bacteroidaceae;g__Bacteroides;s__Bacteroides_fragilis	k__Bacteria;p__Proteobacteria;c__Betaproteobacteria;o__Burkholderiales;f__Sutterellaceae;g__Sutterella;s__Sutterella_wadsworthensis	k__Bacteria;p__Bacteroidetes;c__Bacteroidia;o__Bacteroidales;f__Porphyromonadaceae;g__Barnesiella;s__Barnesiella_intestinihominis	k__Bacteria;p__Bacteroidetes;c__Bacteroidia;o__Bacteroidales;f__Odoribacteraceae;g__Odoribacter;s__Odoribacter_splanchnicus	k__Bacteria;p__Bacteroidetes;c__Bacteroidia;o__Bacteroidales;f__Bacteroidaceae;g__Bacteroides;s__Bacteroides_salyersiae	k__Bacteria;p__Firmicutes;c__Clostridia;o__Clostridiales;f__Ruminococcaceae;g__Ruminiclostridium;s__[Eubacterium]_siraeum	k__Bacteria;p__Proteobacteria;c__Betaproteobacteria;o__Burkholderiales;f__Sutterellaceae;g__Parasutterella;s__Parasutterella_excrementihominis	k__Bacteria;p__Actinobacteria;c__Actinobacteria;o__Bifidobacteriales;f__Bifidobacteriaceae;g__Bifidobacterium;s__Bifidobacterium_adolescentis	k__Bacteria;p__Firmicutes;c__Clostridia;o__Clostridiales;f__Oscillospiraceae;g__Oscillibacter;s__Oscillibacter_sp._KLE_1745	k__Bacteria;p__Bacteroidetes;c__Bacteroidia;o__Bacteroidales;f__Bacteroidaceae;g__Bacteroides;s__Bacteroides_coprophilus	k__Bacteria;p__Firmicutes;c__Clostridia;o__Clostridiales;f__Lachnospiraceae;g__Roseburia;s__Roseburia_intestinalis	k__Bacteria;p__Firmicutes;c__Clostridia;o__Clostridiales;f__Lachnospiraceae;g__Roseburia;s__Roseburia_hominis	k__Bacteria;p__Bacteroidetes;c__Bacteroidia;o__Bacteroidales;f__Porphyromonadaceae;g__Parabacteroides;s__Parabacteroides_johnsonii	k__Bacteria;p__Actinobacteria;c__Actinobacteria;o__Bifidobacteriales;f__Bifidobacteriaceae;g__Bifidobacterium;s__Bifidobacterium_longum	k__Bacteria;p__Firmicutes;c__Clostridia;o__Clostridiales;f__;g__Flavonifractor;s__Flavonifractor_plautii	k__Bacteria;p__Firmicutes;c__Clostridia;o__Clostridiales;f__Clostridiaceae;g__Clostridium;s__Clostridium_phoceensis	k__Bacteria;p__Verrucomicrobia;c__Verrucomicrobiae;o__Verrucomicrobiales;f__Akkermansiaceae;g__Akkermansia;s__Akkermansia_muciniphila	k__Bacteria;p__Bacteroidetes;c__Bacteroidia;o__Bacteroidales;f__Prevotellaceae;g__Paraprevotella;s__Paraprevotella_xylaniphila	k__Bacteria;p__Firmicutes;c__Clostridia;o__Clostridiales;f__Ruminococcaceae;g__Ruminococcus;s__Ruminococcus_callidus	k__Bacteria;p__Bacteroidetes;c__Bacteroidia;o__Bacteroidales;f__Rikenellaceae;g__Alistipes;s__Alistipes_senegalensis	k__Bacteria;p__Firmicutes;c__Clostridia;o__Clostridiales;f__Lachnospiraceae;g__Blautia;s__Blautia_sp._KLE_1732	k__Bacteria;p__Bacteroidetes;c__Bacteroidia;o__Bacteroidales;f__Bacteroidaceae;g__Bacteroides;s__Bacteroides_oleiciplenus	k__Bacteria;p__Firmicutes;c__Clostridia;o__Clostridiales;f__Ruminococcaceae;g__Ruminococcus;s__Ruminococcus_bicirculans	k__Bacteria;p__Bacteroidetes;c__Bacteroidia;o__Bacteroidales;f__Bacteroidaceae;g__Bacteroides;s__Bacteroides_fluxus	k__Bacteria;p__Bacteroidetes;c__Bacteroidia;o__Bacteroidales;f__Prevotellaceae;g__Prevotella;s__Prevotella_stercorea	k__Bacteria;p__Firmicutes;c__Clostridia;o__Clostridiales;f__Lachnospiraceae;g__Dorea;s__Dorea_longicatena	k__Bacteria;p__Firmicutes;c__Clostridia;o__Clostridiales;f__Eubacteriaceae;g__Eubacterium;s__[Eubacterium]_eligens	k__Bacteria;p__Firmicutes;c__Clostridia;o__Clostridiales;f__Ruminococcaceae;g__;s__Ruminococcaceae_bacterium_D16	k__Bacteria;p__Firmicutes;c__Clostridia;o__Clostridiales;f__Lachnospiraceae;g__Coprococcus;s__Coprococcus_comes	k__Bacteria;p__Proteobacteria;c__Gammaproteobacteria;o__Enterobacterales;f__Enterobacteriaceae;g__Escherichia;s__Escherichia_coli	k__Bacteria;p__Firmicutes;c__Clostridia;o__Clostridiales;f__Ruminococcaceae;g__Anaerotruncus;s__Anaerotruncus_colihominis	k__Bacteria;p__Firmicutes;c__Clostridia;o__Clostridiales;f__Lachnospiraceae;g__Blautia;s__Blautia_obeum	k__Bacteria;p__Bacteroidetes;c__Bacteroidia;o__Bacteroidales;f__Odoribacteraceae;g__Odoribacter;s__Odoribacter_laneus	k__Bacteria;p__Firmicutes;c__Clostridia;o__Clostridiales;f__Ruminococcaceae;g__Ruminiclostridium;s__[Clostridium]_leptum	k__Bacteria;p__Bacteroidetes;c__Bacteroidia;o__Bacteroidales;f__Porphyromonadaceae;g__Parabacteroides;s__Parabacteroides_goldsteinii	k__Bacteria;p__Firmicutes;c__Clostridia;o__Clostridiales;f__Lachnospiraceae;g__Anaerostipes;s__Anaerostipes_hadrus	k__Bacteria;p__Firmicutes;c__Clostridia;o__Clostridiales;f__Ruminococcaceae;g__Ruminococcus;s__Ruminococcus_lactaris	k__Bacteria;p__Firmicutes;c__Clostridia;o__Clostridiales;f__Clostridiaceae;g__Clostridium;s__Clostridium_sp._L2-50	k__Bacteria;p__Firmicutes;c__Clostridia;o__Clostridiales;f__Clostridiaceae;g__Clostridium;s__Clostridium_sp._M62/1	k__Bacteria;p__Firmicutes;c__Clostridia;o__Clostridiales;f__;g__Intestinimonas;s__Intestinimonas_butyriciproducens	k__Bacteria;p__Actinobacteria;c__Actinobacteria;o__Bifidobacteriales;f__Bifidobacteriaceae;g__Bifidobacterium;s__Bifidobacterium_bifidum	k__Bacteria;p__Firmicutes;c__Negativicutes;o__Veillonellales;f__Veillonellaceae;g__Dialister;s__Dialister_invisus	k__Bacteria;p__Bacteroidetes;c__Bacteroidia;o__Bacteroidales;f__Bacteroidaceae;g__Bacteroides;s__Bacteroides_salanitronis
k__Bacteria;p__Bacteroidetes;c__Bacteroidia;o__Bacteroidales;f__Bacteroidaceae;g__Bacteroides;s__Bacteroides_vulgatus	1.0	-0.045764895538	0.02724377652	-0.0204352771591	-0.00475886061142	0.0158844900412	-0.0489372006134	0.00569629590465	-0.0843342690796	-0.0391802724942	-0.022669453526	-0.0380338620718	-0.0283491808185	0.0125661611741	0.0674692574162	-0.0460862793394	0.0247348449002	-0.016778867309	-0.041347606985	0.0316869759266	-0.0467744044103	0.0479618676288	-0.0450462024065	0.028188967564	0.0200012362758	0.0225435244838	0.0101624751178	-0.00256453646497	-0.0346999679842	0.0152387712704	-0.00605135029228	-0.020843448577	-0.0101773442681	-0.0461729083662	0.00912170542627	-0.0707898966585	-0.00217516265678	0.0137005629481	-0.0221853045609	-0.021800663981	-0.00824049912886	-0.0143749820858	0.0163750109247	-0.002422750163	-0.051910008793	0.00513250291401	-0.0185358711556	-0.00239076386121	0.0434082111215	0.0518702488541	0.00879178655521	-0.0438443263933	-0.0469549617463	0.057971165195	0.0101556235937	0.0679807469084	0.0435344987541	0.013273960904	-0.0249298286699
k__Bacteria;p__Bacteroidetes;c__Bacteroidia;o__Bacteroidales;f__Bacteroidaceae;g__Bacteroides;s__Bacteroides_uniformis	-0.045764895538	1.0	0.0747031464305	-0.00323143158676	-0.0243381936826	-0.0152744745631	-0.0356320437915	0.0261678567155	0.00171034890829	0.0290072364391	0.0101904345493	0.00271657982496	-0.0151974801935	-0.0582828459073	-0.0570852489501	-0.0093504516678	-0.0391227174352	-0.038599458742	0.0303431271798	-0.054621151874	-0.0127043513391	-0.0214522177732	-0.00813001901718	-0.026173824228	-0.0636294770903	-0.0147211109106	-0.0352943775171	-0.0127540704237	0.0296688662027	-0.0215747634631	0.0117345079323	0.0301770268325	-0.00288131551518	0.0152622064695	0.00257316716876	-0.0449986305341	-0.0928233731791	0.000523898369073	0.0438016641593	-0.0375944667768	-0.0634166586793	-0.0273302468489	0.00383322711792	0.0583164376449	0.0650785794797	-0.00666647927571	-0.014006824999	0.0157910801948	-0.0400270484654	-7.53655361842e-05	-0.0125448740212	-0.0181887354019	0.000310131449677	0.0377357522368	-0.00568954605462	-0.0248818022051	-0.101234815067	-0.00171113899717	0.0193864875883
k__Bacteria;p__Bacteroidetes;c__Bacteroidia;o__Bacteroidales;f__Rikenellaceae;g__Alistipes;s__Alistipes_putredinis	0.02724377652	0.0747031464305	1.0	-0.0334349502693	0.053774115191	0.0444432367454	0.00117769361212	4.53905644132e-05	0.0345240282913	-0.0547872006305	0.0482278333487	-0.0268323526041	0.00753178540305	-0.0376404515609	-0.0164767415476	0.0107280779945	-0.00755870889318	0.0333889505289	0.0136493342347	-0.0543337644503	0.0054536318532	0.0167789246552	0.0337357007833	0.000734338874662	-0.0245841482676	-0.0234856533395	-0.0521086196347	-0.000906580836514	0.00588513710551	0.0394454960128	-0.0235968947025	-0.0520968267864	-0.0165476616259	-0.0283979802201	-0.0268808781527	-0.0328998581816	0.000271710568816	-0.0210530334296	0.00632270482322	-0.0192507561383	-0.0341239880356	-0.0119505441559	-0.0630189567055	0.0506822236974	0.0202801312021	0.051863486313	0.00130763218556	0.00208190952749	0.0052534709976	0.0100242345328	-0.061092583158	-0.103571899269	-0.0254477632306	-0.0173996557567	-0.000318483706773	0.0426539464447	0.0285879451906	0.00797846537478	-0.00516542822471
k__Bacteria;p__Bacteroidetes;c__Bacteroidia;o__Bacteroidales;f__Prevotellaceae;g__Prevotella;s__Prevotella_copri	-0.0204352771591	-0.00323143158676	-0.0334349502693	1.0	0.0268337017675	0.00256990001919	0.0764787034521	-0.0138869991859	-0.0668068454036	-0.0441638565413	0.00722720522759	0.0553401040669	-0.0223415714921	-0.0134808172308	0.0480982347821	0.00519133397253	0.0657293805866	-0.0219860026674	0.0312067455875	0.00208646632669	-0.0410606356379	-0.00704800397287	0.0174560918562	-0.0282404895945	-0.00895861126241	-0.000727399833125	-0.00624970209932	-0.0302439044269	0.0031040705343	-0.00704943164729	-0.0168770775159	-0.0512945889186	0.0401568193533	0.0394237542674	-0.024076639496	-0.0254310245011	-0.0482952669854	0.0421018121715	0.0277102143457	-0.00058307679827	-0.0373436918351	0.0153225379123	0.0082428621571	-0.0145317259966	-0.00937997639483	-0.0221987821054	-0.00270720771045	-0.00995952162245	-0.0196144867066	-0.0266403521747	-0.040396996031	0.00248042504629	0.0655856252715	-0.0516389362208	-0.00660233805391	0.0494146628091	-0.0420426287971	-0.0106577956745	-0.00818965108624
k__Bacteria;p__Bacteroidetes;c__Bacteroidia;o__Bacteroidales;f__Bacteroidaceae;g__Bacteroides;s__Bacteroides_stercoris	-0.00475886061142	-0.0243381936826	0.053774115191	0.0268337017675	1.0	-0.0169644213789	-0.0051206676091	-0.00906704449995	0.0322896090743	-0.0367378903467	-0.0153895931212	-0.00414708787715	0.0183893934822	-0.00346023568478	0.0104149594221	-0.016304031646	-0.0164920662329	-0.0724303557908	-0.0457767023003	0.0289599749304	-0.026483592166	-0.0466950681218	-0.0427493590898	0.017608248638	-0.00357420008752	0.00614545876285	-0.0224572838178	-0.017261664447	0.0108388317831	0.050656253715	-0.0142148279799	-0.0452239791925	-0.002587393516	0.0699767501153	0.013811013048	-0.0084414078305	0.00107953644902	0.0262093059074	0.0394891885392	-0.130729834543	-0.0508367478363	-0.0321332317329	0.0207959193363	-0.0115345074082	-0.0198740321984	0.05447067685	-0.0509995401771	-0.0438978297938	-0.0114227148641	0.0380937574513	-0.00450965559417	0.0165199392823	-0.0692938197973	-0.0104339949865	0.00100470977672	-0.0520913732547	-0.0287507833053	-0.0388239335352	0.00719544470495
k__Bacteria;p__Bacteroidetes;c__Bacteroidia;o__Bacteroidales;f__Bacteroidaceae;g__Bacteroides;s__Bacteroides_ovatus	0.0158844900412	-0.0152744745631	0.0444432367454	0.00256990001919	-0.0169644213789	1.0	-0.0238114315894	-0.0186975285913	-0.0199207463365	-0.00156532901584	-0.0569256504813	0.0404588682974	0.0400011381086	-0.0336348039466	-0.0154147648064	-0.0214182802506	0.00345823821336	-0.0405960203757	-0.0143192528866	0.0223256388559	-0.0291813152491	-0.00987951995919	-0.0683879300024	-0.0129569400116	-0.0160653239065	-0.00647247790485	0.0395820415642	0.0137846355513	-0.0411226271211	-0.011530558074	0.0407738283572	0.0836195656245	-0.0141507487296	-0.0617696393261	0.0585601935965	-0.0142621191047	-0.0756380337428	-0.0332423766312	0.0143802968262	-0.041666718497	-0.00768349084992	-0.0285424602726	-0.0176161730713	0.034676757457	-0.00842826067365	0.0021326393153	-0.0145021028184	0.00828294180477	-0.00798340695317	-0.0353876804292	-0.0349766050737	-0.00804011607636	-0.0821934505984	-0.0185130909462	0.0120730596904	0.0362057495819	0.0392799710546	0.0232048555304	-0.00697829080855
k__Bacteria;p__Bacteroidetes;c__Bacteroidia;o__Bacteroidales;f__Rikenellaceae;g__Alistipes;s__Alistipes_shahii	-0.0489372006134	-0.0356320437915	0.00117769361212	0.0764787034521	-0.0051206676091	-0.0238114315894	1.0	-0.00771196334746	0.0427615589322	-0.0233930848897	-0.013253648909	-0.0421457559312	-0.0141724258152	0.0340474606133	-0.0478510482074	-0.0469345632888	0.0574314709463	-0.0245189527206	0.0388145337667	-0.0220564133929	-0.0226587638523	0.0195551839091	-0.0124282683155	0.00842108337308	-0.000659556889297	0.0193296891343	0.00100715255986	-0.0144529252121	0.0318691854304	0.0187566010679	-0.00709963427889	0.0051175812921	-0.0210793383592	0.00840982618928	-0.0409231593609	-0.0405400275149	0.0321255558317	0.02990299056	-0.0086298085286	0.0178907761496	0.0418959937624	0.0100964131881	-0.00923349204411	0.043961218376	-0.0079121524669	-0.0175947103161	-0.0173240920825	-0.0244101157361	-0.051810368783	-0.0269369428181	-0.026430365265	0.043256464388	-0.0352493510334	-0.0350622080159	-0.00384769618742	-0.0369955473167	-0.0433815331224	-0.0876926150708	0.0238626031017
k__Bacteria;p__Firmicutes;c__Clostridia;o__Clostridiales;f__Ruminococcaceae;g__Faecalibacterium;s__Faecalibacterium_prausnitzii	0.00569629590465	0.0261678567155	4.53905644132e-05	-0.0138869991859	-0.00906704449995	-0.0186975285913	-0.00771196334746	1.0	0.0271334875165	0.01124553828	-0.0163988910419	-0.0029290579811	0.00471740153066	-0.0281501831664	0.0247733456414	-0.014554597951	-0.0144492185321	0.022191052389	0.0443783523505	-0.00708155836581	-0.0282270374176	0.0296312258817	-0.0551002601586	0.014004078518	-0.0135937169463	0.0344345307246	0.0105898992481	0.00669571319654	-0.0322947543943	-0.0243934264998	0.00217569009447	0.00778625416229	0.00658053320293	-0.0523979086759	-0.0454178108372	-0.00381766054255	-0.0658981550591	-0.00265137445927	-0.0250192314975	-0.0347942649671	-0.00543678376529	0.0402080516905	0.0241221199323	0.00429530886594	-0.00743986845027	0.0149251162165	0.026661688515	-0.0174512417092	0.0152542917157	0.0275118644126	-0.0532801149551	-0.0381781168922	-0.0404610504384	0.0214815393851	-0.0511892099568	0.0470082247796	0.022323652712	-0.0142322168635	0.0458937791057
k__Bacteria;p__Bacteroidetes;c__Bacteroidia;o__Bacteroidales;f__Rikenellaceae;g__Alistipes;s__Alistipes_finegoldii	-0.0843342690796	0.00171034890829	0.0345240282913	-0.0668068454036	0.0322896090743	-0.0199207463365	0.0427615589322	0.0271334875165	1.0	-0.0465609149105	-0.0480881355381	0.0303731916192	0.017838640546	-0.00617517189317	0.00519981646578	0.0241668727742	-0.0345029066662	-0.0182786679413	0.0430317156126	-0.0284438983562	0.0497421839913	-0.00729606755533	0.0130340107372	0.0266553412782	-0.0361711710781	-0.0153433894694	0.00251637261182	0.0507548555385	0.00772087216144	0.0151599660892	-0.0294666663422	0.0229750101306	0.014090383119	-0.0272563081103	-0.00744678067102	0.0115480603909	-0.018195329938	0.0289179475225	-0.046604311007	0.0139554931321	-0.000542397426547	0.0125147658452	0.0344721201154	-0.0269905847242	0.0120078940808	0.0366449513805	0.0268645293071	-0.0329057282619	0.0121415478327	-0.0259696787515	-0.00836830826374	0.000528344712597	0.0360630534218	0.000862202054307	-0.00290668713014	-0.0176002714673	0.0255595843064	-0.0373097954442	0.0162138365521
k__Bacteria;p__Bacteroidetes;c__Bacteroidia;o__Bacteroidales;f__Porphyromonadaceae;g__Parabacteroides;s__Parabacteroides_distasonis	-0.0391802724942	0.0290072364391	-0.0547872006305	-0.0441638565413	-0.0367378903467	-0.00156532901584	-0.0233930848897	0.01124553828	-0.0465609149105	1.0	-0.0228580899253	-0.0549526912566	-0.0187206796109	-0.0164633987174	-0.0194928146764	-0.00460885705429	-0.02420048825	-0.014759252064	0.0341976778874	0.0097522206094	0.0103544377876	0.0286912878231	-0.037075987282	-0.0324995746271	-0.0188985518762	0.00458373492429	-0.004991450653	-0.00570648062449	0.0390737808363	-0.00679641131349	-0.0390917320308	0.0242533459278	0.0121933102255	-0.0758364519698	-0.0050656697766	0.057714787369	0.0406790703381	0.00681168708499	-0.019146671991	-0.0108015263351	0.0508314282878	0.0173676419504	0.0399623904686	0.024964061847	-0.00539372288662	-0.0144126574942	-0.0282391419589	0.0170091795484	-0.0245301736054	-0.0111908502015	-0.0252600234727	-0.0361881404614	0.0373359855897	-0.0123664093142	-0.0102402299957	0.00954911921684	-0.0308824660688	-0.000800365186959	-0.054873233784
k__Bacteria;p__Bacteroidetes;c__Bacteroidia;o__Bacteroidales;f__Bacteroidaceae;g__Bacteroides;s__Bacteroides_thetaiotaomicron	-0.022669453526	0.0101904345493	0.0482278333487	0.00722720522759	-0.0153895931212	-0.0569256504813	-0.013253648909	-0.0163988910419	-0.0480881355381	-0.0228580899253	1.0	0.0640965965878	-0.0352725493452	0.00519438282524	0.00901585983133	-0.000929627742775	-0.0284733661095	-0.0157649125766	0.00780835007808	-0.000265551445326	-0.00915569111794	-0.0320862024242	0.00932508183521	0.0102721463221	0.0121940175579	-0.0251525703427	-0.044762480161	0.0287915435665	-0.0223832766887	-0.0407433475328	0.0110877477623	-0.0447831758153	-0.0158328856677	-0.00959494601152	0.00616962394352	0.0128541547089	0.000199888547798	-0.0622186586961	-0.0172684804935	0.0273589728713	0.00366491497632	-0.0248129707778	-0.0109550387919	-0.0160589220135	-0.0390217454707	-0.00190739271368	-0.0470252246663	0.0443287204162	0.00128808634885	-0.0382133060837	0.00747238149491	0.0645521349773	-4.98068657386e-05	-0.0605254588616	0.0156438576584	-0.00631025433767	-0.0622944843018	0.0129371372773	-0.023746874134
k__Bacteria;p__Bacteroidetes;c__Bacteroidia;o__Bacteroidales;f__Bacteroidaceae;g__Bacteroides;s__Bacteroides_coprocola	-0.0380338620718	0.00271657982496	-0.0268323526041	0.0553401040669	-0.00414708787715	0.0404588682974	-0.0421457559312	-0.0029290579811	0.0303731916192	-0.0549526912566	0.0640965965878	1.0	0.0153585744477	-0.039235806244	-0.00170303572651	-0.0119882222937	-0.00245634582714	0.0300549548677	-0.015533159107	-0.0388225345974	-0.00749078173656	0.0183225064583	0.00167135759477	-0.00252732759748	-0.0367971619714	-0.00590155326122	0.00669337042212	-0.00593750417994	-0.0366957584579	-0.0444848368443	-0.0311296645769	0.00421098338953	0.0406995578011	-0.0076301070712	-0.0110403443902	-0.0659651718699	0.0223461740263	-0.0283481710939	0.0218604292199	-0.0380063936843	-0.00272462999726	0.0275120616163	-0.0468409674372	0.0244168503176	-0.0139585769351	-0.0176201902746	-0.0709802964931	-0.0219073065086	-0.0648993110526	0.00283867948862	0.0141389401939	0.0319383573144	0.00350827007662	0.014766228173	-0.0687981563706	-0.00134109651073	-0.0363258072855	-0.00289741797948	-0.000637994433658
k__Bacteria;p__Bacteroidetes;c__Bacteroidia;o__Bacteroidales;f__Bacteroidaceae;g__Bacteroides;s__Bacteroides_cellulosilyticus	-0.0283491808185	-0.0151974801935	0.00753178540305	-0.0223415714921	0.0183893934822	0.0400011381086	-0.0141724258152	0.00471740153066	0.017838640546	-0.0187206796109	-0.0352725493452	0.0153585744477	1.0	0.0108232745185	-0.0575963653645	0.0466433118802	0.0261834749019	0.0490228744447	0.026889337041	-0.0157304079896	-0.00194632454765	0.0242542023452	0.0372024736667	0.0328313170412	-0.0477696764901	-0.017989900088	-0.0342275056244	-0.00863593970615	0.00998689042345	-0.0641799826451	-0.0134775488317	0.00633042345231	-0.0327250465757	-0.0249963537786	-0.0250491973657	-0.0260971752459	-0.0290715593312	-0.0181630002356	-0.01204977634	0.0195982954487	0.0558690848375	0.041671117952	0.00984777996092	-0.0879083390241	0.0242939923452	-0.0223205784362	0.0462982883272	0.0124294644383	-0.000231669133336	0.00948636460493	-0.035342233974	-0.0798074414993	-0.0383825565872	0.0467081043964	-0.00248315183665	0.0121917807263	-0.0670451917097	0.000204526171575	3.85574100433e-05
k__Bacteria;p__Bacteroidetes;c__Bacteroidia;o__Bacteroidales;f__Rikenellaceae;g__Alistipes;s__Alistipes_obesi	0.0125661611741	-0.0582828459073	-0.0376404515609	-0.0134808172308	-0.00346023568478	-0.0336348039466	0.0340474606133	-0.0281501831664	-0.00617517189317	-0.0164633987174	0.00519438282524	-0.039235806244	0.0108232745185	1.0	-0.0261205926762	-0.0272609890944	0.00469201310216	0.00207512260958	0.0073562537279	-0.0535920856912	-0.0277238153047	0.00255480250501	0.0621289366553	0.0129924689275	0.0601264716293	-0.0400828635803	0.0209544227531	0.0113359729204	-0.00622369935681	0.0142946331666	0.0245952484988	0.0190877538915	-0.0147646491661	-0.0277877126581	-0.0268354659108	0.00685878855771	-0.00225350194814	-0.0561689440054	0.0179525436144	-0.000588012265601	0.0297864507998	-0.0484699334967	0.00890456450503	-0.0214603013012	-0.0234525535753	-0.0667056332037	0.0108578844755	0.0273936130828	0.0136124643667	-0.00357110028829	-0.0452816810059	0.00798165860432	0.0518450372587	-0.00672264624462	0.0207960166466	-0.00785374415446	0.0243939868811	0.0118213995031	-0.0435073287958
k__Bacteria;p__Firmicutes;c__Clostridia;o__Clostridiales;f__Lachnospiraceae;g__;s__[Eubacterium]_rectale	0.0674692574162	-0.0570852489501	-0.0164767415476	0.0480982347821	0.0104149594221	-0.0154147648064	-0.0478510482074	0.0247733456414	0.00519981646578	-0.0194928146764	0.00901585983133	-0.00170303572651	-0.0575963653645	-0.0261205926762	1.0	-0.0263549745907	0.00847277837289	0.0227834517018	-0.0388288131593	-0.0135972760648	-0.00149250161623	-0.0463232700537	-0.0218136182464	0.0126608685781	0.0113515927563	-0.0172708400133	-0.0108275236407	0.0355563940917	-0.0222431827712	-0.00162042106802	0.00348412844251	-0.0295037902992	-0.0166239335213	0.00979000265095	-0.0102713780676	-0.00324280043777	-0.00459855720866	0.0121550876858	-0.00735280147554	0.0141626570152	-0.00568208084382	-0.0203961808442	0.0265112506937	0.0234980117685	0.00441244005272	-0.0288695583907	-0.0454146662198	0.00674017524387	-0.0133167777353	-0.0183073960449	0.044253561646	0.011948892468	-0.00577331644502	-0.0148401930134	0.00477664496557	-0.0275305315718	-0.00913472755024	-0.0632154857806	-0.0638037297521
k__Bacteria;p__Bacteroidetes;c__Bacteroidia;o__Bacteroidales;f__Bacteroidaceae;g__Bacteroides;s__Bacteroides_plebeius	-0.0460862793394	-0.0093504516678	0.0107280779945	0.00519133397253	-0.016304031646	-0.0214182802506	-0.0469345632888	-0.014554597951	0.0241668727742	-0.00460885705429	-0.000929627742775	-0.0119882222937	0.0466433118802	-0.0272609890944	-0.0263549745907	1.0	0.00876623355119	-0.0302087727327	-0.0137969361706	-0.0795526625322	0.00683255587462	-0.0148550632138	-0.0240883574083	-0.00503787626614	-0.0164236345917	0.0331585811569	0.0220826072926	0.0349517936675	0.051678030008	-0.0389369048499	0.0205922912072	-0.027488360676	-0.022375065314	0.012663863733	-0.0366364261429	-0.0312458015594	0.0217716810398	0.0198845421836	-0.0247930305177	0.0210138637122	0.0479954819554	-0.0124209061965	0.0051824248406	-0.0223270479177	0.0584543982882	-0.0423891699581	0.0382211311012	0.0128961631619	-0.0176316849511	-0.00211978881346	0.00395261464187	-0.0395932326037	-0.0452063167653	-0.0381289026455	-0.0680724802448	0.0134722025075	0.0106477290865	0.0637147822908	0.0134314818678
k__Bacteria;p__Bacteroidetes;c__Bacteroidia;o__Bacteroidales;f__Bacteroidaceae;g__Bacteroides;s__Bacteroides_fragilis	0.0247348449002	-0.0391227174352	-0.00755870889318	0.0657293805866	-0.0164920662329	0.00345823821336	0.0574314709463	-0.0144492185321	-0.0345029066662	-0.02420048825	-0.0284733661095	-0.00245634582714	0.0261834749019	0.00469201310216	0.00847277837289	0.00876623355119	1.0	0.019673269139	-0.0275637804223	-0.0337095932123	0.0128899833773	-0.0242242912877	0.00881348724244	-0.0429189118992	-0.0164162894433	0.0176198803592	-0.0646117537805	0.0437378011233	0.0387775206774	0.0161151824595	-0.0126330621167	-0.0135267903921	0.0124251925269	0.0179486011123	-0.00120838627357	-0.00879980654474	0.00411994123474	-0.0586241699679	-0.00857798694064	-0.0238162577331	-0.00954063682325	0.0435882895133	-0.0110877763449	-0.00132751928317	-0.0412313621257	-0.0635134603997	0.00532844400236	0.00288877042046	-0.0115991364457	0.0408708843857	-0.0329119093159	0.0400572904786	-0.0110112581296	0.0626279587486	-0.0190410112667	0.0384748210313	0.0417368685081	0.015126713485	-0.0310678454237
k__Bacteria;p__Proteobacteria;c__Betaproteobacteria;o__Burkholderiales;f__Sutterellaceae;g__Sutterella;s__Sutterella_wadsworthensis	-0.016778867309	-0.038599458742	0.0333889505289	-0.0219860026674	-0.0724303557908	-0.0405960203757	-0.0245189527206	0.022191052389	-0.0182786679413	-0.014759252064	-0.0157649125766	0.0300549548677	0.0490228744447	0.00207512260958	0.0227834517018	-0.0302087727327	0.019673269139	1.0	-0.00168716087829	0.00608640814235	-0.0153934635924	0.00940475737981	-0.0487820886476	-0.0285743935307	-0.0180091043301	0.0336083032279	0.00439404582668	0.0187255793382	0.0112249387695	0.00747636700924	-0.0700108114066	-0.0201029928847	-0.0279516561866	-0.000491353279016	0.0181711163279	-0.0183039964045	-0.00500528142433	0.00367303034825	-0.0392001980816	0.0340726501148	-0.0329205735472	-0.0314494404229	-0.00615832899021	-0.0313678421601	-0.0475943577436	-0.0213735996834	0.0511247387331	0.0129028786756	-0.00627612524076	0.0143649220984	0.0113525822533	-0.0592866048408	0.0273257778704	-0.0298176134511	-0.0233835169111	-0.0020858764794	-0.0366343833869	-0.0378507780604	0.0462445847325
k__Bacteria;p__Bacteroidetes;c__Bacteroidia;o__Bacteroidales;f__Porphyromonadaceae;g__Barnesiella;s__Barnesiella_intestinihominis	-0.041347606985	0.0303431271798	0.0136493342347	0.0312067455875	-0.0457767023003	-0.0143192528866	0.0388145337667	0.0443783523505	0.0430317156126	0.0341976778874	0.00780835007808	-0.015533159107	0.026889337041	0.0073562537279	-0.0388288131593	-0.0137969361706	-0.0275637804223	-0.00168716087829	1.0	-0.0194602977365	-0.0439996560626	-0.0694761387177	-0.0121653344532	-0.00990097875622	-0.0142663603638	-0.0290744407966	0.0154477561828	-0.054654938573	-0.023661416206	-0.0296830214269	0.00589297008535	-0.0109708307316	-0.030248424482	-0.0379749039664	0.00138392126496	-0.0556947376779	-0.0290046897055	-0.0174239569112	-0.0165950215518	-0.00674278367145	-0.0370293519118	0.0111566564226	-0.0111200191914	0.0103951978407	-0.00769519629071	-0.00737706369939	0.0150636667663	-0.0449768123055	0.00678011751923	-0.0657183858333	-0.0198042152077	0.0442668207077	0.0045446243926	0.0547161335062	-0.00844521853887	-0.0180366099933	-0.0309859146774	-0.0064817245818	0.00889161430291
k__Bacteria;p__Bacteroidetes;c__Bacteroidia;o__Bacteroidales;f__Odoribacteraceae;g__Odoribacter;s__Odoribacter_splanchnicus	0.0316869759266	-0.054621151874	-0.0543337644503	0.00208646632669	0.0289599749304	0.0223256388559	-0.0220564133929	-0.00708155836581	-0.0284438983562	0.0097522206094	-0.000265551445326	-0.0388225345974	-0.0157304079896	-0.0535920856912	-0.0135972760648	-0.0795526625322	-0.0337095932123	0.00608640814235	-0.0194602977365	1.0	-0.0413379337393	0.0236522979133	-0.0175026995389	-0.0389546855062	0.0246827943644	-0.0244416896242	-0.0153993458508	0.0204621638721	-0.0280888703872	-0.033691525421	-0.0340875588603	-0.0075492133936	-0.0499286071709	0.0302390586339	0.00699699752582	0.0251105691249	0.068978605596	-0.0530426522369	-0.00230641306711	-0.0248329680386	0.0574359145872	-0.00708940195702	0.0465474105152	-0.0129770044692	-0.000742545877943	-0.00586425699883	0.000990605521118	-0.0222507825296	-0.0545115412704	-0.0626543100591	-0.0183072300747	-0.0123802671683	0.0712806820214	-0.0309285212948	0.019626189557	-0.0469550470304	-0.0399551608692	-0.0638998251486	0.0452586177027
k__Bacteria;p__Bacteroidetes;c__Bacteroidia;o__Bacteroidales;f__Bacteroidaceae;g__Bacteroides;s__Bacteroides_salyersiae	-0.0467744044103	-0.0127043513391	0.0054536318532	-0.0410606356379	-0.026483592166	-0.0291813152491	-0.0226587638523	-0.0282270374176	0.0497421839913	0.0103544377876	-0.00915569111794	-0.00749078173656	-0.00194632454765	-0.0277238153047	-0.00149250161623	0.00683255587462	0.0128899833773	-0.0153934635924	-0.0439996560626	-0.0413379337393	1.0	0.0153049677056	0.00863132322082	0.00261111505326	-0.00552031540131	0.030784552553	0.048958211554	-0.025982768541	-0.0457904892869	0.0138316036414	-0.053305144478	0.0299096699413	0.0611290967913	-0.0320875541742	-0.00115387787814	-0.0152455124517	-0.0101465279558	-0.0504960360674	0.0211033377722	0.0143094778549	0.00495942704988	0.0183302811142	0.00196570632476	-0.0391095065192	-0.0211166800199	0.0368047442099	0.00238507793202	0.0606719456365	-0.0349074370548	0.00314652376635	0.0193333602843	0.0147735558537	0.000737007369475	-0.00357010143131	0.0044835804645	-0.0467497992522	0.0122593057675	0.0287432829535	0.0122275009948
k__Bacteria;p__Firmicutes;c__Clostridia;o__Clostridiales;f__Ruminococcaceae;g__Ruminiclostridium;s__[Eubacterium]_siraeum	0.0479618676288	-0.0214522177732	0.0167789246552	-0.00704800397287	-0.0466950681218	-0.00987951995919	0.0195551839091	0.0296312258817	-0.00729606755533	0.0286912878231	-0.0320862024242	0.0183225064583	0.0242542023452	0.00255480250501	-0.0463232700537	-0.0148550632138	-0.0242242912877	0.00940475737981	-0.0694761387177	0.0236522979133	0.0153049677056	1.0	0.0716032971071	-0.0508424057448	-0.0154250129998	-0.0197417459278	-0.0289306530014	-0.0459129703519	-0.0388303919293	0.0172927850447	0.00167006730993	0.0275060039333	0.0566517570667	-0.00118111806581	0.016201353619	0.0326328569267	-0.00295208259247	0.0256103323144	0.000300316158401	-0.011882176531	-0.0558010542986	0.0233071357277	-0.0348672722419	-0.0105864902998	-0.0191294995961	0.00761732946809	0.00732448139417	-0.00427034664457	-0.0252197166754	-0.0112567734605	-0.0100185155052	-0.0143845989915	0.00993261625362	-0.010535138248	-0.0356993200188	0.00597700219989	-0.0218101273749	-0.013463308053	0.0155773202245
k__Bacteria;p__Proteobacteria;c__Betaproteobacteria;o__Burkholderiales;f__Sutterellaceae;g__Parasutterella;s__Parasutterella_excrementihominis	-0.0450462024065	-0.00813001901718	0.0337357007833	0.0174560918562	-0.0427493590898	-0.0683879300024	-0.0124282683155	-0.0551002601586	0.0130340107372	-0.037075987282	0.00932508183521	0.00167135759477	0.0372024736667	0.0621289366553	-0.0218136182464	-0.0240883574083	0.00881348724244	-0.0487820886476	-0.0121653344532	-0.0175026995389	0.00863132322082	0.0716032971071	1.0	-0.00633543349532	-0.054457653954	-0.0391541116387	-0.0243915838802	-0.0433950510134	-0.0254192844158	-0.0116934833674	-0.0141966607428	-0.00699009676646	0.0209130290516	-0.0338710160419	0.0135054137611	0.0326716954964	-0.0474227734249	-0.0313587420941	0.0108385028731	-0.0214040601768	0.0158657877078	0.0034619160798	0.030652848579	0.0668153291303	0.0159717775165	0.00211877815555	-0.0228159863256	0.00649097953642	-0.014449922253	0.0228499994411	0.0244253146105	0.00748092621521	-0.0105686745042	0.0115090149947	-0.0187013825339	0.0219361956706	-0.00684930046495	0.00142292243211	0.0011061546845
k__Bacteria;p__Actinobacteria;c__Actinobacteria;o__Bifidobacteriales;f__Bifidobacteriaceae;g__Bifidobacterium;s__Bifidobacterium_adolescentis	0.028188967564	-0.026173824228	0.000734338874662	-0.0282404895945	0.017608248638	-0.0129569400116	0.00842108337308	0.014004078518	0.0266553412782	-0.0324995746271	0.0102721463221	-0.00252732759748	0.0328313170412	0.0129924689275	0.0126608685781	-0.00503787626614	-0.0429189118992	-0.0285743935307	-0.00990097875622	-0.0389546855062	0.00261111505326	-0.0508424057448	-0.00633543349532	1.0	-0.0947134649443	-0.0301397307073	-0.0273868722693	0.0388144457292	-0.0194879131919	-0.0539625651863	0.0327738564783	-0.0233447955397	0.0263695573981	-0.0692996816562	-0.0213793277424	0.0571055330434	-0.0395853566386	0.0718560323567	-0.00495733587134	-0.0198086223145	0.0075657936217	-0.0544720763816	-0.0915585274959	0.00126827314829	0.0329926437671	0.013320983938	0.0267769697183	-0.0324808114207	0.0010045983125	0.000971843317924	0.0200052425014	-0.0225903325256	-0.00342014456923	0.0336097850442	-0.0230831389169	0.0267879743693	-0.0311227749155	-0.0069525364655	0.0431195963473
k__Bacteria;p__Firmicutes;c__Clostridia;o__Clostridiales;f__Oscillospiraceae;g__Oscillibacter;s__Oscillibacter_sp._KLE_1745	0.0200012362758	-0.0636294770903	-0.0245841482676	-0.00895861126241	-0.00357420008752	-0.0160653239065	-0.000659556889297	-0.0135937169463	-0.0361711710781	-0.0188985518762	0.0121940175579	-0.0367971619714	-0.0477696764901	0.0601264716293	0.0113515927563	-0.0164236345917	-0.0164162894433	-0.0180091043301	-0.0142663603638	0.0246827943644	-0.00552031540131	-0.0154250129998	-0.054457653954	-0.0947134649443	1.0	0.0401850796499	-0.045259037064	-0.0196681837749	0.0261076024849	-0.0226383172476	0.011005294358	0.0720289787602	-0.024181398321	0.00900221590912	-0.0331251517644	0.0245580976886	-0.0139825928175	0.00768495574596	-0.040570415288	-0.00467289801581	-0.0295176617319	-0.0338402209411	-0.0187980964185	-0.0248770592385	0.00580063333156	-0.00685046734635	-0.0033811892799	-0.0610162732019	0.00727097309157	-0.0622807212894	-0.0363580020222	-0.0124181933635	0.0437207636479	-0.0342224099784	0.0162435995033	-0.0202732268533	0.0172861084376	0.0198636911621	0.0381590752446
k__Bacteria;p__Bacteroidetes;c__Bacteroidia;o__Bacteroidales;f__Bacteroidaceae;g__Bacteroides;s__Bacteroides_coprophilus	0.0225435244838	-0.0147211109106	-0.0234856533395	-0.000727399833125	0.00614545876285	-0.00647247790485	0.0193296891343	0.0344345307246	-0.0153433894694	0.00458373492429	-0.0251525703427	-0.00590155326122	-0.017989900088	-0.0400828635803	-0.0172708400133	0.0331585811569	0.0176198803592	0.0336083032279	-0.0290744407966	-0.0244416896242	0.030784552553	-0.0197417459278	-0.0391541116387	-0.0301397307073	0.0401850796499	1.0	-0.0312764228587	-0.0174552465409	-0.000261935146297	-0.00603899170774	-0.00159033310132	0.012321846716	0.0469316378093	-0.0143512867724	-0.0306240388459	-0.0106687143759	0.031880634836	-0.0105357590031	-0.020075040839	-0.0551209240554	-0.0337365984587	-0.0424962840939	0.0644678461528	-0.00260271295057	0.018102530373	-0.00714889049475	-0.0137153700491	0.0240592964007	-0.0155697745478	0.0134699563061	0.0151796749509	-0.00976054451311	-0.0288461053714	0.018995575682	-0.0810968498915	-0.0414159738704	-0.00119828447252	0.0140723673023	0.000824090188134
k__Bacteria;p__Firmicutes;c__Clostridia;o__Clostridiales;f__Lachnospiraceae;g__Roseburia;s__Roseburia_intestinalis	0.0101624751178	-0.0352943775171	-0.0521086196347	-0.00624970209932	-0.0224572838178	0.0395820415642	0.00100715255986	0.0105898992481	0.00251637261182	-0.004991450653	-0.044762480161	0.00669337042212	-0.0342275056244	0.0209544227531	-0.0108275236407	0.0220826072926	-0.0646117537805	0.00439404582668	0.0154477561828	-0.0153993458508	0.048958211554	-0.0289306530014	-0.0243915838802	-0.0273868722693	-0.045259037064	-0.0312764228587	1.0	-0.0133138626718	-0.0171361273852	-0.0535110954734	-0.00746329501979	-0.0234765536819	-0.0289724265585	-0.00258634836455	-0.0624643549445	-0.0393231921365	-0.0319441168186	0.0583163797215	-0.00268597880343	-0.00339174659351	0.0372393131377	-0.0191096065313	-0.00567830604469	0.0001549733462	0.00409576449299	-0.0185289267864	-0.0267616724071	0.0220934091784	-0.042232567651	-0.0313717785794	-0.0626841736364	-0.0302456889187	-0.0242538639957	0.071968452989	0.0114859049577	0.00528165499947	0.0248523304065	-0.0128162148336	-0.04475302617
k__Bacteria;p__Firmicutes;c__Clostridia;o__Clostridiales;f__Lachnospiraceae;g__Roseburia;s__Roseburia_hominis	-0.00256453646497	-0.0127540704237	-0.000906580836514	-0.0302439044269	-0.017261664447	0.0137846355513	-0.0144529252121	0.00669571319654	0.0507548555385	-0.00570648062449	0.0287915435665	-0.00593750417994	-0.00863593970615	0.0113359729204	0.0355563940917	0.0349517936675	0.0437378011233	0.0187255793382	-0.054654938573	0.0204621638721	-0.025982768541	-0.0459129703519	-0.0433950510134	0.0388144457292	-0.0196681837749	-0.0174552465409	-0.0133138626718	1.0	-0.00153677370855	-0.0219742495885	0.035366898218	0.00276170507488	-0.00945460901705	0.0154260334335	0.0296588720806	-0.0145402221878	-0.00386190848579	-0.00461567288818	-0.00677333681002	0.0294193908558	0.00334607120121	-0.0402694923087	0.0189249676474	-0.0111904094529	-0.0135243043697	0.0187700530437	0.0139387699608	-0.0294496279233	-0.0273083320098	0.0019198295018	-0.0442765633508	-0.0578978511253	-0.0138199901768	-0.00610235717514	-0.00588999332796	0.0267698432965	0.0522202394256	0.0137790215735	-0.0541992021682
k__Bacteria;p__Bacteroidetes;c__Bacteroidia;o__Bacteroidales;f__Porphyromonadaceae;g__Parabacteroides;s__Parabacteroides_johnsonii	-0.0346999679842	0.0296688662027	0.00588513710551	0.0031040705343	0.0108388317831	-0.0411226271211	0.0318691854304	-0.0322947543943	0.00772087216144	0.0390737808363	-0.0223832766887	-0.0366957584579	0.00998689042345	-0.00622369935681	-0.0222431827712	0.051678030008	0.0387775206774	0.0112249387695	-0.023661416206	-0.0280888703872	-0.0457904892869	-0.0388303919293	-0.0254192844158	-0.0194879131919	0.0261076024849	-0.000261935146297	-0.0171361273852	-0.00153677370855	1.0	-0.058233791007	0.0529172154741	-0.0417404332574	-0.0807633449109	-0.0525299694347	0.0509186506827	-0.00943933539555	-0.0107368524702	0.00790966661286	-0.000142383750418	-0.0534717369223	-0.057810562817	-0.00766829237512	0.0393185534152	0.0176113346963	0.00144153376389	0.0521347465275	0.0555239927586	-0.00617930557568	-0.0342853051313	0.0473822898643	-0.0691287163088	-0.0138098694663	-0.0196268073967	-0.0067878662174	-0.0165919429474	-0.0137844059232	0.0438060334889	-0.0227016766953	0.00477254516755
k__Bacteria;p__Actinobacteria;c__Actinobacteria;o__Bifidobacteriales;f__Bifidobacteriaceae;g__Bifidobacterium;s__Bifidobacterium_longum	0.0152387712704	-0.0215747634631	0.0394454960128	-0.00704943164729	0.050656253715	-0.011530558074	0.0187566010679	-0.0243934264998	0.0151599660892	-0.00679641131349	-0.0407433475328	-0.0444848368443	-0.0641799826451	0.0142946331666	-0.00162042106802	-0.0389369048499	0.0161151824595	0.00747636700924	-0.0296830214269	-0.033691525421	0.0138316036414	0.0172927850447	-0.0116934833674	-0.0539625651863	-0.0226383172476	-0.00603899170774	-0.0535110954734	-0.0219742495885	-0.058233791007	1.0	-0.00281889454597	0.0283675304035	-0.0259074010648	0.0215711314401	0.0312399537461	-0.0290970425438	-0.0390971996964	0.0107757559423	0.00149240587004	0.0250537561014	-0.04979933247	-0.00288207944962	-0.0359683536568	0.0220637941986	0.00922207850002	0.0476600310525	0.00796700180606	0.000501998694146	-0.0464881144784	0.0155175102807	-0.0219748910542	0.0397636614641	-0.0261825507491	0.0253580889036	0.0754172554888	-0.0154508968814	-0.0506913119033	0.00639215813905	0.00229343846099
