#taxonomy	k__Bacteria;p__Bacteroidetes;c__Bacteroidia;o__Bacteroidales;f__Bacteroidaceae;g__Bacteroides;s__Bacteroides_vulgatus	k__Bacteria;p__Bacteroidetes;c__Bacteroidia;o__Bacteroidales;f__Bacteroidaceae;g__Bacteroides;s__Bacteroides_uniformis	k__Bacteria;p__Bacteroidetes;c__Bacteroidia;o__Bacteroidales;f__Rikenellaceae;g__Alistipes;s__Alistipes_putredinis	k__Bacteria;p__Bacteroidetes;c__Bacteroidia;o__Bacteroidales;f__Prevotellaceae;g__Prevotella;s__Prevotella_copri	k__Bacteria;p__Bacteroidetes;c__Bacteroidia;o__Bacteroidales;f__Bacteroidaceae;g__Bacteroides;s__Bacteroides_stercoris	k__Bacteria;p__Bacteroidetes;c__Bacteroidia;o__Bacteroidales;f__Bacteroidaceae;g__Bacteroides;s__Bacteroides_ovatus	k__Bacteria;p__Bacteroidetes;c__Bacteroidia;o__Bacteroidales;f__Rikenellaceae;g__Alistipes;s__Alistipes_shahii	k__Bacteria;p__Firmicutes;c__Clostridia;o__Clostridiales;f__Ruminococcaceae;g__Faecalibacterium;s__Faecalibacterium_prausnitzii	k__Bacteria;p__Bacteroidetes;c__Bacteroidia;o__Bacteroidales;f__Rikenellaceae;g__Alistipes;s__Alistipes_finegoldii	k__Bacteria;p__Bacteroidetes;c__Bacteroidia;o__Bacteroidales;f__Porphyromonadaceae;g__Parabacteroides;s__Parabacteroides_distasonis	k__Bacteria;p__Bacteroidetes;c__Bacteroidia;o__Bacteroidales;f__Bacteroidaceae;g__Bacteroides;s__Bacteroides_thetaiotaomicron	k__Bacteria;p__Bacteroidetes;c__Bacteroidia;o__Bacteroidales;f__Bacteroidaceae;g__Bacteroides;s__Bacteroides_coprocola	k__Bacteria;p__Bacteroidetes;c__Bacteroidia;o__Bacteroidales;f__Bacteroidaceae;g__Bacteroides;s__Bacteroides_cellulosilyticus	k__Bacteria;p__Bacteroidetes;c__Bacteroidia;o__Bacteroidales;f__Rikenellaceae;g__Alistipes;s__Alistipes_obesi	k__Bacteria;p__Firmicutes;c__Clostridia;o__Clostridiales;f__Lachnospiraceae;g__;s__[Eubacterium]_rectale	k__Bacteria;p__Bacteroidetes;c__Bacteroidia;o__Bacteroidales;f__Bacteroidaceae;g__Bacteroides;s__Bacteroides_plebeius	k__Bacteria;p__Bacteroidetes;c__Bacteroidia;o__Bacteroidales;f__Bacteroidaceae;g__Bacteroides;s__Bacteroides_fragilis	k__Bacteria;p__Proteobacteria;c__Betaproteobacteria;o__Burkholderiales;f__Sutterellaceae;g__Sutterella;s__Sutterella_wadsworthensis	k__Bacteria;p__Bacteroidetes;c__Bacteroidia;o__Bacteroidales;f__Porphyromonadaceae;g__Barnesiella;s__Barnesiella_intestinihominis	k__Bacteria;p__Bacteroidetes;c__Bacteroidia;o__Bacteroidales;f__Odoribacteraceae;g__Odoribacter;s__Odoribacter_splanchnicus	k__Bacteria;p__Bacteroidetes;c__Bacteroidia;o__Bacteroidales;f__Bacteroidaceae;g__Bacteroides;s__Bacteroides_salyersiae	k__Bacteria;p__Firmicutes;c__Clostridia;o__Clostridiales;f__Ruminococcaceae;g__Ruminiclostridium;s__[Eubacterium]_siraeum	k__Bacteria;p__Proteobacteria;c__Betaproteobacteria;o__Burkholderiales;f__Sutterellaceae;g__Parasutterella;s__Parasutterella_excrementihominis	k__Bacteria;p__Actinobacteria;c__Actinobacteria;o__Bifidobacteriales;f__Bifidobacteriaceae;g__Bifidobacterium;s__Bifidobacterium_adolescentis	k__Bacteria;p__Firmicutes;c__Clostridia;o__Clostridiales;f__Oscillospiraceae;g__Oscillibacter;s__Oscillibacter_sp._KLE_1745	k__Bacteria;p__Bacteroidetes;c__Bacteroidia;o__Bacteroidales;f__Bacteroidaceae;g__Bacteroides;s__Bacteroides_coprophilus	k__Bacteria;p__Firmicutes;c__Clostridia;o__Clostridiales;f__Lachnospiraceae;g__Roseburia;s__Roseburia_intestinalis	k__Bacteria;p__Firmicutes;c__Clostridia;o__Clostridiales;f__Lachnospiraceae;g__Roseburia;s__Roseburia_hominis	k__Bacteria;p__Bacteroidetes;c__Bacteroidia;o__Bacteroidales;f__Porphyromonadaceae;g__Parabacteroides;s__Parabacteroides_johnsonii	k__Bacteria;p__Actinobacteria;c__Actinobacteria;o__Bifidobacteriales;f__Bifidobacteriaceae;g__Bifidobacterium;s__Bifidobacterium_longum	k__Bacteria;p__Firmicutes;c__Clostridia;o__Clostridiales;f__;g__Flavonifractor;s__Flavonifractor_plautii	k__Bacteria;p__Firmicutes;c__Clostridia;o__Clostridiales;f__Clostridiaceae;g__Clostridium;s__Clostridium_phoceensis	k__Bacteria;p__Verrucomicrobia;c__Verrucomicrobiae;o__Verrucomicrobiales;f__Akkermansiaceae;g__Akkermansia;s__Akkermansia_muciniphila	k__Bacteria;p__Bacteroidetes;c__Bacteroidia;o__Bacteroidales;f__Prevotellaceae;g__Paraprevotella;s__Paraprevotella_xylaniphila	k__Bacteria;p__Firmicutes;c__Clostridia;o__Clostridiales;f__Ruminococcaceae;g__Ruminococcus;s__Ruminococcus_callidus	k__Bacteria;p__Bacteroidetes;c__Bacteroidia;o__Bacteroidales;f__Rikenellaceae;g__Alistipes;s__Alistipes_senegalensis	k__Bacteria;p__Firmicutes;c__Clostridia;o__Clostridiales;f__Lachnospiraceae;g__Blautia;s__Blautia_sp._KLE_1732	k__Bacteria;p__Bacteroidetes;c__Bacteroidia;o__Bacteroidales;f__Bacteroidaceae;g__Bacteroides;s__Bacteroides_oleiciplenus	k__Bacteria;p__Firmicutes;c__Clostridia;o__Clostridiales;f__Ruminococcaceae;g__Ruminococcus;s__Ruminococcus_bicirculans	k__Bacteria;p__Bacteroidetes;c__Bacteroidia;o__Bacteroidales;f__Bacteroidaceae;g__Bacteroides;s__Bacteroides_fluxus	k__Bacteria;p__Bacteroidetes;c__Bacteroidia;o__Bacteroidales;f__Prevotellaceae;g__Prevotella;s__Prevotella_stercorea	k__Bacteria;p__Firmicutes;c__Clostridia;o__Clostridiales;f__Lachnospiraceae;g__Dorea;s__Dorea_longicatena	k__Bacteria;p__Firmicutes;c__Clostridia;o__Clostridiales;f__Eubacteriaceae;g__Eubacterium;s__[Eubacterium]_eligens	k__Bacteria;p__Firmicutes;c__Clostridia;o__Clostridiales;f__Ruminococcaceae;g__;s__Ruminococcaceae_bacterium_D16	k__Bacteria;p__Firmicutes;c__Clostridia;o__Clostridiales;f__Lachnospiraceae;g__Coprococcus;s__Coprococcus_comes	k__Bacteria;p__Proteobacteria;c__Gammaproteobacteria;o__Enterobacterales;f__Enterobacteriaceae;g__Escherichia;s__Escherichia_coli	k__Bacteria;p__Firmicutes;c__Clostridia;o__Clostridiales;f__Ruminococcaceae;g__Anaerotruncus;s__Anaerotruncus_colihominis	k__Bacteria;p__Firmicutes;c__Clostridia;o__Clostridiales;f__Lachnospiraceae;g__Blautia;s__Blautia_obeum	k__Bacteria;p__Bacteroidetes;c__Bacteroidia;o__Bacteroidales;f__Odoribacteraceae;g__Odoribacter;s__Odoribacter_laneus	k__Bacteria;p__Firmicutes;c__Clostridia;o__Clostridiales;f__Ruminococcaceae;g__Ruminiclostridium;s__[Clostridium]_leptum	k__Bacteria;p__Bacteroidetes;c__Bacteroidia;o__Bacteroidales;f__Porphyromonadaceae;g__Parabacteroides;s__Parabacteroides_goldsteinii	k__Bacteria;p__Firmicutes;c__Clostridia;o__Clostridiales;f__Lachnospiraceae;g__Anaerostipes;s__Anaerostipes_hadrus	k__Bacteria;p__Firmicutes;c__Clostridia;o__Clostridiales;f__Ruminococcaceae;g__Ruminococcus;s__Ruminococcus_lactaris	k__Bacteria;p__Firmicutes;c__Clostridia;o__Clostridiales;f__Clostridiaceae;g__Clostridium;s__Clostridium_sp._L2-50	k__Bacteria;p__Firmicutes;c__Clostridia;o__Clostridiales;f__Clostridiaceae;g__Clostridium;s__Clostridium_sp._M62/1	k__Bacteria;p__Firmicutes;c__Clostridia;o__Clostridiales;f__;g__Intestinimonas;s__Intestinimonas_butyriciproducens	k__Bacteria;p__Actinobacteria;c__Actinobacteria;o__Bifidobacteriales;f__Bifidobacteriaceae;g__Bifidobacterium;s__Bifidobacterium_bifidum	k__Bacteria;p__Firmicutes;c__Negativicutes;o__Veillonellales;f__Veillonellaceae;g__Dialister;s__Dialister_invisus	k__Bacteria;p__Bacteroidetes;c__Bacteroidia;o__Bacteroidales;f__Bacteroidaceae;g__Bacteroides;s__Bacteroides_salanitronis
k__Bacteria;p__Bacteroidetes;c__Bacteroidia;o__Bacteroidales;f__Bacteroidaceae;g__Bacteroides;s__Bacteroides_vulgatus	1.0	-0.0190840075053	-0.028270960659	-0.0180495932195	-0.00942282471575	0.0110948777335	-0.0603296130231	-0.0234233704619	0.0559939608361	0.0306914837176	0.0367328638636	-0.00521076802431	0.0407685205786	0.0383397254475	0.0561912199074	-0.057170847652	-0.0513245054138	0.00546996544849	-0.0224331305647	-0.0226639296909	-0.00673483405449	0.00114046933433	-0.0320902429416	-0.0163058653516	0.0344292231528	-0.0159971208959	-0.00299475838487	0.00890242720258	-0.0349276142396	-0.0519124949116	0.0192217324109	0.0166673719671	0.0121432374768	-0.0411560601239	-0.0205078133408	-0.00668912688142	0.0119292849702	0.0226699046105	0.0217345523463	-0.0231424359744	-0.00344534598289	0.0138098760456	0.0146360928308	-0.000980104569969	-0.0357174381943	0.0179301417524	-0.00657488219214	-0.0687035555496	-0.0445454706322	-0.0219279498811	0.0160693952983	0.0798656612486	0.035156107595	-0.0475630962914	0.00763720649813	0.0452550600148	-0.00310787779594	0.00951916021056	-0.0093276703571
k__Bacteria;p__Bacteroidetes;c__Bacteroidia;o__Bacteroidales;f__Bacteroidaceae;g__Bacteroides;s__Bacteroides_uniformis	-0.0190840075053	1.0	-0.0813560212967	-0.0208757243823	0.00343184774871	-0.000272507194727	0.0361479952145	0.0153573412461	0.0254792372815	-0.0274142524174	0.0197521210082	-0.0180408830047	-0.0293128461952	-0.0108241666677	-0.0582763284341	-0.00932951083042	0.0129601340842	-0.0405731013728	0.0437836958627	-0.0275415190424	-0.00606954007331	-0.0506339598243	-0.0655285783019	0.0119316941123	-0.0487169545027	0.0329111797456	-0.0766587238805	0.0157817665205	0.0171778024504	0.0132367218391	-0.0312215336315	-0.029069050199	-0.0337911528137	0.0116505344712	0.0551676301507	0.00513183133638	-0.0186043329209	0.00214806929132	0.00142117069253	0.00188362615978	0.01347504124	0.0264571796968	-0.00097462669461	-0.000745561526352	-0.00761415385087	-0.0163863148889	-0.0466256338738	-0.00356879258809	0.00962134993344	-0.0148871255498	-0.0113695360355	-0.00205409791219	-0.007289695001	0.00957128608974	-0.0456773366699	0.0145645567519	-0.0564127079025	-0.00312840485763	-0.0241692680998
k__Bacteria;p__Bacteroidetes;c__Bacteroidia;o__Bacteroidales;f__Rikenellaceae;g__Alistipes;s__Alistipes_putredinis	-0.028270960659	-0.0813560212967	1.0	0.0158179413132	-0.0271948081544	0.0476702636499	-0.0197616594378	0.0968568233774	0.0227959762746	-0.0188628545966	0.00415787212852	0.0293070114142	0.011263775278	-0.0452170187641	0.011069586302	-0.041998918115	0.00523745859385	0.0259353505399	-0.00831485556194	-0.0115406416953	0.0295988864654	-0.00931481965053	-0.0146211300163	0.0191688002415	-0.00742894086152	-0.0415921251321	-0.0360710267815	0.00840048360385	0.0250634712719	-0.0230944908587	-0.00447456629369	-0.0135447029848	-0.0411740482823	-0.00552560505778	-0.0764380298483	-0.015146001175	-0.0655211417498	-0.0449674782679	-0.00771463288919	0.0232886322688	0.041771178235	-0.0117163073202	0.0176621189398	0.0204189514158	-0.0293789551453	0.00972970888872	0.0547141107241	-0.0407742754015	-0.0254681593962	-0.0905242069671	-0.0579439158382	0.025475241557	0.0348795616885	-6.67874006323e-05	0.016933815144	-0.00123444177714	-0.0359784526471	-0.0801575373133	-0.0259429903259
k__Bacteria;p__Bacteroidetes;c__Bacteroidia;o__Bacteroidales;f__Prevotellaceae;g__Prevotella;s__Prevotella_copri	-0.0180495932195	-0.0208757243823	0.0158179413132	1.0	0.00829340045737	-0.00288543192136	-0.0195448114645	0.00860368840196	-0.00459139723977	-0.00615695508438	-0.0240649535746	0.00994115626672	-0.00306380017683	-0.0414310160404	0.000210265914499	0.0277254321433	-0.00426255909957	0.0568741567565	0.0416361296073	-0.0443104953527	0.00147737300503	-0.0424660432673	-0.0373398239124	-0.0163601912879	-0.00423039351188	0.0281793157004	0.00219075352481	-0.0182416350122	0.0161395565431	0.0185870653564	0.0193593149866	-0.0374638683645	-0.0442408372172	-0.0226114398142	-0.0162670569596	-0.0582054775769	-0.0508995634766	0.0185046002677	0.0436165818037	0.0348379786182	-0.0469860231511	-0.0241020133657	0.0391263242711	0.0288099629615	0.0284962168377	-0.0314244035078	-0.0019329032825	0.00543664809427	-0.0746726774188	-0.0179327000546	-0.0397166506769	-0.01180963665	-0.0404233837147	-0.0483437165476	-0.0451540959067	-0.0149655940828	0.0327927708671	-0.0210503270659	-0.0654836174701
k__Bacteria;p__Bacteroidetes;c__Bacteroidia;o__Bacteroidales;f__Bacteroidaceae;g__Bacteroides;s__Bacteroides_stercoris	-0.00942282471575	0.00343184774871	-0.0271948081544	0.00829340045737	1.0	0.0387863040995	0.000248751434439	-0.0384808311135	0.0118141011927	-0.0131978545948	0.0336576310619	0.0437703562587	-0.0159213794933	-0.0412966648793	-0.0713474774804	-0.013500968108	0.0030541063292	-0.0117881322569	-0.0185820222466	0.000679512778748	0.0306910982686	-0.03388018528	-0.0349780831818	-0.0663371348635	-0.018821754862	-0.0559546811391	0.0421270552689	-0.0112183939818	-0.0192018247625	-0.00763618290321	-0.00870365944108	-0.0448316120673	-0.0287074627125	-0.0327359489253	-0.0246820751707	0.0294009741812	0.0366464544565	0.0214160369607	0.0256109266003	-0.0170475410595	0.0721941362622	-0.035595467035	-0.0173732674283	0.0211613721393	0.0731735799828	-0.0222506371548	0.054873109298	-0.00116530856718	-0.0439072574902	-0.0190354576981	0.0280027163282	-0.0337078887287	-0.00829889624032	-0.0136088890913	0.0208613489355	-0.0134903455084	-0.0331788573612	-0.0691100775985	-0.0371033189049
k__Bacteria;p__Bacteroidetes;c__Bacteroidia;o__Bacteroidales;f__Bacteroidaceae;g__Bacteroides;s__Bacteroides_ovatus	0.0110948777335	-0.000272507194727	0.0476702636499	-0.00288543192136	0.0387863040995	1.0	-0.102446194699	0.00847793058794	-0.0166520427638	0.00674037930895	0.0164480494509	-0.00919164777615	0.021278333356	-0.0328922089137	0.038888787813	-0.0134404026755	-0.0304290118213	-0.00384714747826	-0.0248802002884	-0.0302970573761	-0.0304212519724	-0.00647556786039	-0.0880785825767	-0.0264890735058	0.0168786331628	-0.0267002214467	0.0375064518611	0.0175221910745	-0.00708322449097	0.0516087091958	-0.0199804162674	-0.0419341527306	0.0105084570069	-0.0133657874981	-0.0384826064489	0.00809450972191	-0.0297973424854	-0.00187860034348	0.0533987274273	-0.0384212970951	0.0215094044166	0.0115480837047	0.0213340964549	-0.014819081553	-0.0244403209411	0.0213682858904	-0.00997108313209	-0.0305983187518	0.00303090780224	0.00666056232533	-0.0289395840034	0.0424260303651	-0.0176535312932	0.0212917653304	-0.0511048759323	-0.0690848911714	0.0088221936317	0.0123053761092	-0.0263990554692
k__Bacteria;p__Bacteroidetes;c__Bacteroidia;o__Bacteroidales;f__Rikenellaceae;g__Alistipes;s__Alistipes_shahii	-0.0603296130231	0.0361479952145	-0.0197616594378	-0.0195448114645	0.000248751434439	-0.102446194699	1.0	0.0180008403683	0.00573797787829	0.00296089234325	-0.0119677454225	-0.00811260751552	0.0300440528727	0.0108929945299	0.0280467321822	-0.0421795763028	-0.0288473798628	0.0074443758409	-0.0279923875207	-0.0137226975275	-0.0151737885392	0.0300531971063	0.0201384772245	0.0401930380783	0.00775480008765	0.0125133080364	-0.0308432358652	0.0118398523626	-0.00606329885912	-0.0220481482455	-0.0264127069156	0.0313184906509	-0.00146803971467	-0.027391141849	-0.00390809160302	0.0285482694412	-0.0193551526532	-0.019171991767	-0.0209025314157	-0.0284466700818	0.0100892112191	0.0570697085993	0.0131409609834	-0.0301572610042	-0.0580488515681	-0.0328421518824	-0.0283481355169	0.00658399442646	0.000523676591413	-0.0222967656398	0.027835288163	0.0379837581214	-0.0733536725134	-0.073347470859	0.0330344756202	-0.0170025937622	0.0127677539709	0.0214721794205	0.00729942257223
k__Bacteria;p__Firmicutes;c__Clostridia;o__Clostridiales;f__Ruminococcaceae;g__Faecalibacterium;s__Faecalibacterium_prausnitzii	-0.0234233704619	0.0153573412461	0.0968568233774	0.00860368840196	-0.0384808311135	0.00847793058794	0.0180008403683	1.0	0.00825254472255	0.00192346912829	-0.0176948116204	0.0278519182043	0.00943095868589	-0.00928334122669	0.0167235456562	-0.0217342576294	-0.0127241476393	-0.0272845905175	-0.0254448296847	0.00207346106854	-0.00901477449982	-0.0123174340011	-0.0449093200193	-0.00473210157666	-0.00747604696647	0.0231167456023	-0.0404942945162	-0.00913486553269	-0.053186129327	0.0188483410239	-0.0364257477562	0.024984155791	-0.0105306850856	0.0246001337492	0.0128892533846	-0.0143097330486	0.0304762799862	0.034636775053	-0.0426574994158	-0.0243562112069	0.0197388980225	-0.00442082581353	0.00263376839353	-0.0236740074777	-0.0168767518772	-0.0112230278178	-0.0398657139364	0.0153241759768	-0.0511182067367	-0.0452754315126	-0.0108231171502	-0.0225921390388	-0.013006752052	-0.0215276209922	-0.0648714109718	-0.0427412404466	-0.0247726232405	-0.0207518110621	0.00641812873361
k__Bacteria;p__Bacteroidetes;c__Bacteroidia;o__Bacteroidales;f__Rikenellaceae;g__Alistipes;s__Alistipes_finegoldii	0.0559939608361	0.0254792372815	0.0227959762746	-0.00459139723977	0.0118141011927	-0.0166520427638	0.00573797787829	0.00825254472255	1.0	-0.0102170547958	-0.0309874197475	-0.0126211910064	-0.0506492828893	-0.0435054556788	0.008751385526	-0.0207238876027	-0.0016563516572	0.0109318723812	0.046197000425	-0.0324658344722	-0.0334283271213	-0.0174686290716	-0.0195094414667	0.00622234609881	0.00160994281544	-0.0152209893668	-0.0564753796836	-0.0141421715664	-0.0653086593146	0.0115946865437	-0.00554138550574	0.023396022724	0.0520801018767	0.0605203701382	-0.00743122194828	0.0215046938511	0.0714959197006	0.0442143354057	-0.0072407301855	0.000328167127989	-0.0140276935584	-0.0565762977436	-0.0166028991202	-0.00963407322452	0.0058959463643	-0.0396528819656	-0.049425431504	0.0140855876888	-0.00155758184557	-0.0490305415489	0.0053739731917	-0.0518058560175	-0.00888481760055	-0.0592712659941	-0.049078874911	0.0344556855488	0.016248135457	-0.0501080744554	-0.0591967528878
k__Bacteria;p__Bacteroidetes;c__Bacteroidia;o__Bacteroidales;f__Porphyromonadaceae;g__Parabacteroides;s__Parabacteroides_distasonis	0.0306914837176	-0.0274142524174	-0.0188628545966	-0.00615695508438	-0.0131978545948	0.00674037930895	0.00296089234325	0.00192346912829	-0.0102170547958	1.0	0.000567248499005	-0.0245192155147	-0.0580049219852	-0.0471358488879	-0.0301215557014	-0.0451816993108	0.0557893023719	-0.00929862757384	0.0145835085341	0.0630526179192	0.0446741564095	-0.0183179526514	0.00449765496071	0.0160958516427	-0.0190929983434	0.0143583382481	0.00308739102525	0.024006325542	-0.0281098175419	0.0130425882373	-0.0375009514816	-0.0135667468021	-0.0310081124653	0.022063057575	-0.00250362347444	0.0227836088725	-0.0420696254926	-0.0200860097536	-0.0258098689437	0.0346074208344	0.0780098173978	-0.0202415804962	-0.0557634851691	-0.0372677989377	0.0214950859195	-0.0220202231522	-0.0088309712804	0.00520727621505	0.00402478698039	0.0214683059224	-0.00888480256396	0.0366380174625	-0.0554479012217	0.0145351946181	0.00203934414697	-0.0230048144784	-0.0307068742341	-0.0617499953151	-0.0381446024147
k__Bacteria;p__Bacteroidetes;c__Bacteroidia;o__Bacteroidales;f__Bacteroidaceae;g__Bacteroides;s__Bacteroides_thetaiotaomicron	0.0367328638636	0.0197521210082	0.00415787212852	-0.0240649535746	0.0336576310619	0.0164480494509	-0.0119677454225	-0.0176948116204	-0.0309874197475	0.000567248499005	1.0	0.00254414724833	-0.0343110235162	0.0274220219901	-0.0572171351752	0.0162937157135	-0.0602068895564	-0.0328885557976	-0.0357684664988	-0.0193512952064	0.00210474301439	0.0435250775567	-0.022395504647	-0.052741995578	-0.00626386546311	-0.0283991563027	-0.0565894733134	0.0327832911729	-0.0292801751406	0.00784052689943	-0.0117642562251	0.013097958824	-0.00781965565101	0.0320865025713	-0.0263779937804	0.00941677684098	-0.0366051632409	-0.0184739605398	-0.00870366377511	-0.0304861371142	-0.0662525273203	0.011076348881	-0.00584447209255	-0.00801075728831	0.0154916517639	0.00757812390609	0.0430405308966	-0.00182828859073	0.0132302409699	0.00458595637739	-0.0340609137753	0.0228954098395	-0.0333025254818	-0.0535665371132	-0.0399890048401	0.00393037126272	-0.013467720316	0.0485085536706	-0.0397592791092
k__Bacteria;p__Bacteroidetes;c__Bacteroidia;o__Bacteroidales;f__Bacteroidaceae;g__Bacteroides;s__Bacteroides_coprocola	-0.00521076802431	-0.0180408830047	0.0293070114142	0.00994115626672	0.0437703562587	-0.00919164777615	-0.00811260751552	0.0278519182043	-0.0126211910064	-0.0245192155147	0.00254414724833	1.0	0.0124078872737	0.00151008712957	0.0298889067678	-0.0211280217214	-0.0270541171495	-0.039955285908	-0.0168921054998	0.00878359683512	0.051222247204	0.0151795036393	-0.00993320336668	-0.0339909338663	-0.114079583298	-0.0155068239666	0.027639011253	-0.0463537626237	-0.010089967036	-0.0835682986104	0.0469076953738	-0.0310975575492	-0.0190667758796	-0.025840217706	0.00293505081183	-0.0369987588474	0.0448711661306	-0.0364495672084	0.00299386466784	0.0426535200818	-0.0445731948139	-0.0443923510515	0.0139819361571	-0.101142852407	0.00131861417289	0.00806435983486	0.0101053193254	-0.00183492348187	0.022531461619	0.0539526585509	0.00448103069089	-0.0134341667268	-0.0308352468895	0.0353746534308	0.0429424949004	-0.00446323068648	-0.0170795417545	-0.0257608070117	-0.0291802956638
k__Bacteria;p__Bacteroidetes;c__Bacteroidia;o__Bacteroidales;f__Bacteroidaceae;g__Bacteroides;s__Bacteroides_cellulosilyticus	0.0407685205786	-0.0293128461952	0.011263775278	-0.00306380017683	-0.0159213794933	0.021278333356	0.0300440528727	0.00943095868589	-0.0506492828893	-0.0580049219852	-0.0343110235162	0.0124078872737	1.0	0.0836475810598	-0.00370124301004	-0.0205297992015	-0.0516380846153	-0.0139151998581	-0.0200386508304	0.0119404290993	-0.0131644296031	0.0737391369017	-0.0369916230145	-0.013544132739	0.0286043393767	-0.0502759409504	-0.0727249264366	-0.00736034652935	0.0283844599614	0.0979722863722	0.0257908519037	-0.0263733103796	-0.0505101479501	0.0052711600195	-0.0518904120132	0.0589343086673	-0.0144237466979	-0.0689052732008	0.00385524301493	0.00532433145362	-0.00593519905278	-0.0485016355738	0.0210375469346	-0.00812326879961	-0.0131039917683	-0.0087245748363	-0.0177059142815	0.0160414673694	-0.0374541725338	0.00767927482665	-0.0170410547166	0.0171518263155	-0.0224635867021	-0.00241528631622	-0.0275341339178	0.00703406108152	0.0654774496624	0.0567306462806	-0.0304582259239
k__Bacteria;p__Bacteroidetes;c__Bacteroidia;o__Bacteroidales;f__Rikenellaceae;g__Alistipes;s__Alistipes_obesi	0.0383397254475	-0.0108241666677	-0.0452170187641	-0.0414310160404	-0.0412966648793	-0.0328922089137	0.0108929945299	-0.00928334122669	-0.0435054556788	-0.0471358488879	0.0274220219901	0.00151008712957	0.0836475810598	1.0	-0.018371921023	-0.0391219348356	-0.0344797868424	-0.0313142206595	0.0227456994974	0.0404809200965	0.00508459553107	-0.0273138558725	-0.00356327475384	-0.00376303023195	-0.025527935424	0.00340847280945	-0.0728699618295	-0.0141407002005	0.00767644270532	-0.0177361966266	0.00936648424798	0.027798444679	0.00399936255594	0.0511253977419	0.0073020731067	0.0323614068546	-0.0220867289723	0.00444538038101	0.0217490888987	0.014728082834	-0.0276484321365	-0.0362221491962	-0.00556391816746	0.0104390913878	-0.0247588795509	-0.0113838879292	-0.048366848391	-0.002874686593	-0.0319129242034	0.0110750451708	-0.00987870413323	0.0596432060918	-0.0592467020852	0.010349514369	-0.00673760516625	0.0587427369335	0.0478085292212	-0.000704184560931	0.017853885804
k__Bacteria;p__Firmicutes;c__Clostridia;o__Clostridiales;f__Lachnospiraceae;g__;s__[Eubacterium]_rectale	0.0561912199074	-0.0582763284341	0.011069586302	0.000210265914499	-0.0713474774804	0.038888787813	0.0280467321822	0.0167235456562	0.008751385526	-0.0301215557014	-0.0572171351752	0.0298889067678	-0.00370124301004	-0.018371921023	1.0	-0.03058022612	0.0350872613246	-0.0233330413918	-0.020042847972	-0.0556183449697	0.00130385906885	-0.0181589078364	-0.0162223923805	0.0537696856228	-0.0265801973442	0.0113503867464	0.0142360281054	-0.0756852266007	-0.0317519495432	-0.0158437177052	-0.0482593653857	-0.0215724786944	0.0308383547215	-0.0382595334277	0.006830921243	-0.0171905720652	0.0216907445996	0.0578424557004	-0.0646032587286	-0.0649779662859	0.00240907555282	0.0395536354435	0.00977756215585	0.0164688179851	0.0161763976493	-0.0133551235949	0.0017061519766	-0.0149763314969	-0.0270480157818	-0.0218480272914	-0.0309565829326	0.027358911481	-0.000406181423217	-0.0287341455017	-0.0611540852055	-0.0143238949272	0.0159210818816	-0.0300851055258	-0.0198003336074
k__Bacteria;p__Bacteroidetes;c__Bacteroidia;o__Bacteroidales;f__Bacteroidaceae;g__Bacteroides;s__Bacteroides_plebeius	-0.057170847652	-0.00932951083042	-0.041998918115	0.0277254321433	-0.013500968108	-0.0134404026755	-0.0421795763028	-0.0217342576294	-0.0207238876027	-0.0451816993108	0.0162937157135	-0.0211280217214	-0.0205297992015	-0.0391219348356	-0.03058022612	1.0	0.06733544391	-0.0132713805406	0.0198806193829	0.0533892639771	-0.0560534900272	-0.0325040610206	-0.00782339712802	-0.00893834017992	-0.0776132480919	0.0368047632316	0.0103599427107	0.0167566029951	0.0100003691163	-0.00984767986933	0.0213938738694	-0.00623019505012	-0.00754421350978	-0.0197760591007	0.0379192262405	-0.0265702081731	0.0771064562862	0.0624241224237	0.0526707255034	-0.059425765153	0.0128557513391	-0.00694850443625	0.0184434773995	-0.00210372270742	-0.027360808996	0.0226244213025	-0.0499861668004	-0.029431482671	0.0241209046794	0.0358384463383	-0.0539258517353	-0.0311834947227	0.0122777292101	-0.00108945332074	-0.059244801136	0.0205220357343	0.0289106142776	0.00307732335231	0.0323019726032
k__Bacteria;p__Bacteroidetes;c__Bacteroidia;o__Bacteroidales;f__Bacteroidaceae;g__Bacteroides;s__Bacteroides_fragilis	-0.0513245054138	0.0129601340842	0.00523745859385	-0.00426255909957	0.0030541063292	-0.0304290118213	-0.0288473798628	-0.0127241476393	-0.0016563516572	0.0557893023719	-0.0602068895564	-0.0270541171495	-0.0516380846153	-0.0344797868424	0.0350872613246	0.06733544391	1.0	-0.057857613086	-0.0326802632779	-0.034472169601	0.0352074919238	0.0264313444786	0.0251166923366	0.0144133415627	0.00210649593613	0.030059626516	-0.0101116955614	-0.0342905140841	-0.0147593546093	0.0350013867088	0.0177319343624	-0.0186519433087	0.0239393123747	-0.0571534102246	-0.0119745213759	-0.0235826525505	0.00100629128309	0.0110033137463	0.00302490153882	0.0151874840737	0.0297062632119	-0.0273418190094	-0.0328029575491	-0.0348259001448	0.011263899618	0.016967442299	-0.0288961349805	0.0400719530443	-0.0464337221955	-0.0233136350338	-0.0280763430928	0.0382759257196	-0.043869819926	0.0104533486505	-0.0091419219155	0.00657274408079	-0.0769834058408	0.0202472444379	-0.00732938809167
k__Bacteria;p__Proteobacteria;c__Betaproteobacteria;o__Burkholderiales;f__Sutterellaceae;g__Sutterella;s__Sutterella_wadsworthensis	0.00546996544849	-0.0405731013728	0.0259353505399	0.0568741567565	-0.0117881322569	-0.00384714747826	0.0074443758409	-0.0272845905175	0.0109318723812	-0.00929862757384	-0.0328885557976	-0.039955285908	-0.0139151998581	-0.0313142206595	-0.0233330413918	-0.0132713805406	-0.057857613086	1.0	-0.00646812246535	-0.0257574501346	0.0812112933987	-0.00812794690751	-0.028500347646	0.0314918433103	0.0226293568922	0.0362660430667	0.0330487430741	0.00193360341166	0.0240159734121	-0.0603425331428	-0.0245277547258	0.0128049107796	0.0475042837022	-0.025608844487	-0.0534293898631	0.00579054846564	-0.0269911961553	-0.030020739974	0.00755696722793	-0.0142465149233	-0.0453036390501	-0.0167682560535	-0.00155016417566	-0.00999520602915	0.0267552972293	0.0193156538518	-0.0681495345299	0.00631589860088	0.000231689954762	-0.0466440074926	-0.0186218861967	-0.0359696624983	0.00839950036025	-0.0661279479448	-0.0100715887357	-0.0587963293084	0.0292901870246	0.0113462134827	-0.0165091417214
k__Bacteria;p__Bacteroidetes;c__Bacteroidia;o__Bacteroidales;f__Porphyromonadaceae;g__Barnesiella;s__Barnesiella_intestinihominis	-0.0224331305647	0.0437836958627	-0.00831485556194	0.0416361296073	-0.0185820222466	-0.0248802002884	-0.0279923875207	-0.0254448296847	0.046197000425	0.0145835085341	-0.0357684664988	-0.0168921054998	-0.0200386508304	0.0227456994974	-0.020042847972	0.0198806193829	-0.0326802632779	-0.00646812246535	1.0	-0.0168270509211	0.0400667099562	-0.0187813318828	0.00955542371125	-0.0348499900931	0.0180204810554	-0.0170233988771	-0.0133532965483	-0.0452662709654	0.0630981293214	0.0444793261371	-0.0429814042042	0.00589028911445	-0.0130196214594	0.0180446501038	0.00351359202515	-0.0298290960444	-0.0354189475258	-0.0253394282166	0.019303822829	-0.0300997347581	-0.0352396696496	-0.031506287845	0.0195586704794	0.00131494117874	0.0091523510485	-0.00148449023919	-0.060343790364	-0.0335285348217	-0.056129415628	-0.050162469122	0.0185729702622	-0.0305220597389	0.0018551386152	-0.016105414639	-0.05782554333	-0.00954989477389	-0.04446483386	-0.0222853431635	-0.00497406861859
k__Bacteria;p__Bacteroidetes;c__Bacteroidia;o__Bacteroidales;f__Odoribacteraceae;g__Odoribacter;s__Odoribacter_splanchnicus	-0.0226639296909	-0.0275415190424	-0.0115406416953	-0.0443104953527	0.000679512778748	-0.0302970573761	-0.0137226975275	0.00207346106854	-0.0324658344722	0.0630526179192	-0.0193512952064	0.00878359683512	0.0119404290993	0.0404809200965	-0.0556183449697	0.0533892639771	-0.034472169601	-0.0257574501346	-0.0168270509211	1.0	0.016819291254	0.0028780754125	-0.0348023375818	-0.0125951013387	-0.017572669387	-0.016689114382	-0.0442480496585	-0.030297964307	-0.0265218078592	-0.00614407033496	-0.0311203478504	-0.0158796278132	-0.019959174406	-0.0476605508907	-0.030789361064	-0.0238339773407	-0.0187571285477	0.0334318922397	-0.0122982729101	0.0172406354376	-0.0164993330198	0.00873621451026	-0.0148107906687	-0.0100812170725	0.00341150223896	-0.0446158030392	-0.0225271629808	-0.0213582567398	-0.0118945471102	0.0353467643099	0.0231002603556	0.00986031254794	-0.0502266521176	0.0240308366088	0.0354024730551	0.0187284065748	0.00358653044254	-0.0940296212048	0.020893554637
k__Bacteria;p__Bacteroidetes;c__Bacteroidia;o__Bacteroidales;f__Bacteroidaceae;g__Bacteroides;s__Bacteroides_salyersiae	-0.00673483405449	-0.00606954007331	0.0295988864654	0.00147737300503	0.0306910982686	-0.0304212519724	-0.0151737885392	-0.00901477449982	-0.0334283271213	0.0446741564095	0.00210474301439	0.051222247204	-0.0131644296031	0.00508459553107	0.00130385906885	-0.0560534900272	0.0352074919238	0.0812112933987	0.0400667099562	0.016819291254	1.0	-0.0949106992403	-0.0319891526826	-0.0271027319663	-0.0162663887148	-0.0102384315271	-0.0424845339999	0.0599123375432	0.0199755417649	0.0836020016761	-0.0449389422219	-0.0387470014435	-0.00384103720688	-0.00754142710237	-0.0260124602371	-0.00379079082097	-0.0455216414281	-0.0314010968396	-0.0393289215546	-0.0585460298016	-0.0346088172299	-0.0716346271694	0.0410109293736	0.0172918423467	-0.0124873977345	-0.0110995502059	-0.0181940637798	0.00446599370707	0.016145274715	0.0230923320118	-0.0112589554694	-0.016691534036	0.00390728451878	-0.00102706151528	0.0341835318637	-0.0301546692525	0.00318030678925	-0.0319923268299	-0.0535107296262
k__Bacteria;p__Firmicutes;c__Clostridia;o__Clostridiales;f__Ruminococcaceae;g__Ruminiclostridium;s__[Eubacterium]_siraeum	0.00114046933433	-0.0506339598243	-0.00931481965053	-0.0424660432673	-0.03388018528	-0.00647556786039	0.0300531971063	-0.0123174340011	-0.0174686290716	-0.0183179526514	0.0435250775567	0.0151795036393	0.0737391369017	-0.0273138558725	-0.0181589078364	-0.0325040610206	0.0264313444786	-0.00812794690751	-0.0187813318828	0.0028780754125	-0.0949106992403	1.0	0.01159840705	0.00348777294628	0.0323621343076	-0.0310326845934	-0.0302814713494	-0.0133301794819	0.00238113479243	-0.0374215161956	-0.0669918315479	-0.0050486572472	-0.00446032692806	0.0243853422289	-0.0580492251481	-0.0336030732453	-0.0501513036295	0.039546071474	0.018544256906	0.0229849245918	-0.0403631183175	-0.0601094580609	-0.0580988902865	0.00613276304953	0.0584578157607	-0.0151310356563	-0.00177076960818	0.0328741346893	-0.0160630198069	0.0138944760663	-0.0404493456482	-0.00711782724289	0.0420798006202	-0.0407697954373	0.00419333835769	0.0385477677941	0.0441501697296	-0.00692123735785	0.0246474038499
k__Bacteria;p__Proteobacteria;c__Betaproteobacteria;o__Burkholderiales;f__Sutterellaceae;g__Parasutterella;s__Parasutterella_excrementihominis	-0.0320902429416	-0.0655285783019	-0.0146211300163	-0.0373398239124	-0.0349780831818	-0.0880785825767	0.0201384772245	-0.0449093200193	-0.0195094414667	0.00449765496071	-0.022395504647	-0.00993320336668	-0.0369916230145	-0.00356327475384	-0.0162223923805	-0.00782339712802	0.0251166923366	-0.028500347646	0.00955542371125	-0.0348023375818	-0.0319891526826	0.01159840705	1.0	-0.0337948188969	0.0550587601534	-0.0195711595442	-0.0207683592232	-0.021021417716	0.0681502772113	0.00805135423208	0.0113890221284	-0.0486065849996	0.0256025209999	-0.0241425879036	-0.0108433937072	0.0733744267522	-0.03138696049	-0.00998031670331	-0.0324530954393	0.0251218390071	-0.0412886735107	-0.0533321778927	0.0192201841194	0.0195928084833	-0.00421315360595	0.0130593649074	0.068425111209	0.00186122923432	-0.0321613068229	-0.0344442790862	-0.0140040202346	-0.0463787925553	0.00800513627991	0.0218753313934	0.0337675359223	-0.0431879599764	-0.00563206748797	0.0243672097337	0.0104437337948
k__Bacteria;p__Actinobacteria;c__Actinobacteria;o__Bifidobacteriales;f__Bifidobacteriaceae;g__Bifidobacterium;s__Bifidobacterium_adolescentis	-0.0163058653516	0.0119316941123	0.0191688002415	-0.0163601912879	-0.0663371348635	-0.0264890735058	0.0401930380783	-0.00473210157666	0.00622234609881	0.0160958516427	-0.052741995578	-0.0339909338663	-0.013544132739	-0.00376303023195	0.0537696856228	-0.00893834017992	0.0144133415627	0.0314918433103	-0.0348499900931	-0.0125951013387	-0.0271027319663	0.00348777294628	-0.0337948188969	1.0	-0.00387106357267	-0.0194682758101	0.00991640482491	0.0236594253915	-0.0276429108284	-0.029745712988	-0.0478956433776	-0.010112211959	-0.0334432589095	0.0127680304568	-0.00587367900261	0.0141477027447	-0.0260711483528	0.0412769490991	0.0057486438797	-0.0106304911842	-0.0136114649578	-0.0278777729676	0.000745248218246	-0.00400834350952	0.0189449251268	-0.0461040700956	-0.0123000917451	-0.050132955117	-0.0420907296121	0.050212579251	0.000161137297027	-0.0319407553007	0.0126888501918	-0.0350850570482	0.0122037515695	0.0260578517264	-0.0235206002548	-0.0154999402133	-0.00905177727992
k__Bacteria;p__Firmicutes;c__Clostridia;o__Clostridiales;f__Oscillospiraceae;g__Oscillibacter;s__Oscillibacter_sp._KLE_1745	0.0344292231528	-0.0487169545027	-0.00742894086152	-0.00423039351188	-0.018821754862	0.0168786331628	0.00775480008765	-0.00747604696647	0.00160994281544	-0.0190929983434	-0.00626386546311	-0.114079583298	0.0286043393767	-0.025527935424	-0.0265801973442	-0.0776132480919	0.00210649593613	0.0226293568922	0.0180204810554	-0.017572669387	-0.0162663887148	0.0323621343076	0.0550587601534	-0.00387106357267	1.0	-0.00877651627989	0.0289561809654	-0.0295798434118	0.00228078732297	0.0395265474405	0.00499307450493	-0.0476542180613	-0.0374392561968	0.0350147853215	-0.0278641360767	-0.0596368843363	-0.0930201891446	-0.0616720708666	0.037606829525	-0.000951357741646	-0.0559779438324	-0.0264020507493	-0.00594365892107	-0.027606738185	0.0108781919232	0.0187969740073	0.00864959971671	0.0312281592276	0.0314270263687	0.0313915358621	0.0535979403905	0.0118418416022	-0.00637405789357	0.0630848642122	-0.0151073426211	0.0104311152453	0.000548779025357	-0.0131566290584	0.00419342942872
k__Bacteria;p__Bacteroidetes;c__Bacteroidia;o__Bacteroidales;f__Bacteroidaceae;g__Bacteroides;s__Bacteroides_coprophilus	-0.0159971208959	0.0329111797456	-0.0415921251321	0.0281793157004	-0.0559546811391	-0.0267002214467	0.0125133080364	0.0231167456023	-0.0152209893668	0.0143583382481	-0.0283991563027	-0.0155068239666	-0.0502759409504	0.00340847280945	0.0113503867464	0.0368047632316	0.030059626516	0.0362660430667	-0.0170233988771	-0.016689114382	-0.0102384315271	-0.0310326845934	-0.0195711595442	-0.0194682758101	-0.00877651627989	1.0	0.00773173270187	-0.0133846497948	0.0527337100222	0.0125276666113	0.00522349652377	-0.0703168280329	-0.0938244408173	0.00953157500443	-0.0400463744059	-0.0166306535991	0.00777135789047	0.0026714607132	0.014807693869	-0.0645497286408	-0.0029467363655	-0.0485669830976	-0.00446824095739	0.0133710588477	0.0023652774452	-0.00483134151309	-0.0386420341949	0.0132388750677	0.0254322286424	-0.0345504572194	-0.0304980721752	-0.0518167865754	-0.0514708097166	-0.015193834914	-0.0218116768935	0.0318048308174	-0.0208219385781	-0.0308673768685	0.0174648537045
k__Bacteria;p__Firmicutes;c__Clostridia;o__Clostridiales;f__Lachnospiraceae;g__Roseburia;s__Roseburia_intestinalis	-0.00299475838487	-0.0766587238805	-0.0360710267815	0.00219075352481	0.0421270552689	0.0375064518611	-0.0308432358652	-0.0404942945162	-0.0564753796836	0.00308739102525	-0.0565894733134	0.027639011253	-0.0727249264366	-0.0728699618295	0.0142360281054	0.0103599427107	-0.0101116955614	0.0330487430741	-0.0133532965483	-0.0442480496585	-0.0424845339999	-0.0302814713494	-0.0207683592232	0.00991640482491	0.0289561809654	0.00773173270187	1.0	-0.0293309925567	-0.024116126933	0.046059811144	-0.018968386517	0.00603167982676	0.0304514549089	-0.0282887127228	-0.0141453126178	-0.0406995868647	0.0174456519965	-0.0066865688028	-0.00696628418293	-0.0484918151774	0.00227868092229	0.0215300447345	0.0114028336399	0.0352347510842	0.0429657809078	-0.00787469696335	0.0406879743217	0.0143927613725	0.0181584122156	-0.0186089406253	0.0661620973323	-0.0728841564228	0.0104136595815	-0.0230065791195	-0.0151568093988	-0.0422503313337	0.0836127393439	0.0285321112975	0.0374010258272
k__Bacteria;p__Firmicutes;c__Clostridia;o__Clostridiales;f__Lachnospiraceae;g__Roseburia;s__Roseburia_hominis	0.00890242720258	0.0157817665205	0.00840048360385	-0.0182416350122	-0.0112183939818	0.0175221910745	0.0118398523626	-0.00913486553269	-0.0141421715664	0.024006325542	0.0327832911729	-0.0463537626237	-0.00736034652935	-0.0141407002005	-0.0756852266007	0.0167566029951	-0.0342905140841	0.00193360341166	-0.0452662709654	-0.030297964307	0.0599123375432	-0.0133301794819	-0.021021417716	0.0236594253915	-0.0295798434118	-0.0133846497948	-0.0293309925567	1.0	-0.0516463813859	-0.0552470351284	-0.0745421699683	-0.0524036892539	-0.0534136921639	-0.00886022862153	-0.033685556512	-0.0402520234943	0.00601108177138	-0.0456287380241	-0.0171533384079	0.00866345455913	0.0376636025977	0.0629563285561	0.0301407584241	-0.0540371751121	0.0187712879372	-0.00408613498961	0.0480071135108	-0.0148794418489	-0.00829267819199	-2.7464255202e-05	0.00572280560795	0.00564385162751	-0.0704391656724	-0.00213370228541	0.0285945372836	0.011900863013	0.0169427175339	-0.00968065793763	0.0265085854759
k__Bacteria;p__Bacteroidetes;c__Bacteroidia;o__Bacteroidales;f__Porphyromonadaceae;g__Parabacteroides;s__Parabacteroides_johnsonii	-0.0349276142396	0.0171778024504	0.0250634712719	0.0161395565431	-0.0192018247625	-0.00708322449097	-0.00606329885912	-0.053186129327	-0.0653086593146	-0.0281098175419	-0.0292801751406	-0.010089967036	0.0283844599614	0.00767644270532	-0.0317519495432	0.0100003691163	-0.0147593546093	0.0240159734121	0.0630981293214	-0.0265218078592	0.0199755417649	0.00238113479243	0.0681502772113	-0.0276429108284	0.00228078732297	0.0527337100222	-0.024116126933	-0.0516463813859	1.0	0.0211734920162	0.0103296449853	-0.0548104921861	0.00690902304711	-0.0340202105832	0.00884904021984	-0.0637121568158	-0.0740841376779	0.0127437154027	0.0249381283502	-0.0167717921068	-0.016389956396	-0.0199338214305	-0.0376142618292	-0.0457603228265	0.000497859367067	0.0329853462334	0.0485498058092	-0.0485846625721	-0.0191621334593	0.00416952502443	0.0141668752248	-0.0296076513268	-0.0418059611384	0.0272621865792	0.0124975591336	0.00230679508702	0.0104429109755	-0.091731192613	0.00742010130799
k__Bacteria;p__Actinobacteria;c__Actinobacteria;o__Bifidobacteriales;f__Bifidobacteriaceae;g__Bifidobacterium;s__Bifidobacterium_longum	-0.0519124949116	0.0132367218391	-0.0230944908587	0.0185870653564	-0.00763618290321	0.0516087091958	-0.0220481482455	0.0188483410239	0.0115946865437	0.0130425882373	0.00784052689943	-0.0835682986104	0.0979722863722	-0.0177361966266	-0.0158437177052	-0.00984767986933	0.0350013867088	-0.0603425331428	0.0444793261371	-0.00614407033496	0.0836020016761	-0.0374215161956	0.00805135423208	-0.029745712988	0.0395265474405	0.0125276666113	0.046059811144	-0.0552470351284	0.0211734920162	1.0	-0.0562419607911	-0.0261124220883	-0.000677724110621	0.00498365760235	-0.00698991043105	-0.0306322905754	0.004492594181	-0.0596392195365	-0.00760829932714	0.0222573320573	-0.0145369224614	-0.0146091085663	0.0136929241859	-0.00906549756438	-0.0120857650496	-0.109169265247	-0.0419968107565	-0.0365200655676	-0.0361593781297	-0.030929685493	0.0682099817572	0.0147888526895	-0.0333428047391	-0.0352243638452	-0.054374146451	-0.0633803726031	-0.00725580302885	0.0243156071497	-0.0107344588527
