#taxonomy	k__Bacteria;p__Bacteroidetes;c__Bacteroidia;o__Bacteroidales;f__Bacteroidaceae;g__Bacteroides;s__Bacteroides_vulgatus	k__Bacteria;p__Bacteroidetes;c__Bacteroidia;o__Bacteroidales;f__Bacteroidaceae;g__Bacteroides;s__Bacteroides_uniformis	k__Bacteria;p__Bacteroidetes;c__Bacteroidia;o__Bacteroidales;f__Rikenellaceae;g__Alistipes;s__Alistipes_putredinis	k__Bacteria;p__Bacteroidetes;c__Bacteroidia;o__Bacteroidales;f__Prevotellaceae;g__Prevotella;s__Prevotella_copri	k__Bacteria;p__Bacteroidetes;c__Bacteroidia;o__Bacteroidales;f__Bacteroidaceae;g__Bacteroides;s__Bacteroides_stercoris	k__Bacteria;p__Bacteroidetes;c__Bacteroidia;o__Bacteroidales;f__Bacteroidaceae;g__Bacteroides;s__Bacteroides_ovatus	k__Bacteria;p__Bacteroidetes;c__Bacteroidia;o__Bacteroidales;f__Rikenellaceae;g__Alistipes;s__Alistipes_shahii	k__Bacteria;p__Firmicutes;c__Clostridia;o__Clostridiales;f__Ruminococcaceae;g__Faecalibacterium;s__Faecalibacterium_prausnitzii	k__Bacteria;p__Bacteroidetes;c__Bacteroidia;o__Bacteroidales;f__Rikenellaceae;g__Alistipes;s__Alistipes_finegoldii	k__Bacteria;p__Bacteroidetes;c__Bacteroidia;o__Bacteroidales;f__Porphyromonadaceae;g__Parabacteroides;s__Parabacteroides_distasonis	k__Bacteria;p__Bacteroidetes;c__Bacteroidia;o__Bacteroidales;f__Bacteroidaceae;g__Bacteroides;s__Bacteroides_thetaiotaomicron	k__Bacteria;p__Bacteroidetes;c__Bacteroidia;o__Bacteroidales;f__Bacteroidaceae;g__Bacteroides;s__Bacteroides_coprocola	k__Bacteria;p__Bacteroidetes;c__Bacteroidia;o__Bacteroidales;f__Bacteroidaceae;g__Bacteroides;s__Bacteroides_cellulosilyticus	k__Bacteria;p__Bacteroidetes;c__Bacteroidia;o__Bacteroidales;f__Rikenellaceae;g__Alistipes;s__Alistipes_obesi	k__Bacteria;p__Firmicutes;c__Clostridia;o__Clostridiales;f__Lachnospiraceae;g__;s__[Eubacterium]_rectale	k__Bacteria;p__Bacteroidetes;c__Bacteroidia;o__Bacteroidales;f__Bacteroidaceae;g__Bacteroides;s__Bacteroides_plebeius	k__Bacteria;p__Bacteroidetes;c__Bacteroidia;o__Bacteroidales;f__Bacteroidaceae;g__Bacteroides;s__Bacteroides_fragilis	k__Bacteria;p__Proteobacteria;c__Betaproteobacteria;o__Burkholderiales;f__Sutterellaceae;g__Sutterella;s__Sutterella_wadsworthensis	k__Bacteria;p__Bacteroidetes;c__Bacteroidia;o__Bacteroidales;f__Porphyromonadaceae;g__Barnesiella;s__Barnesiella_intestinihominis	k__Bacteria;p__Bacteroidetes;c__Bacteroidia;o__Bacteroidales;f__Odoribacteraceae;g__Odoribacter;s__Odoribacter_splanchnicus	k__Bacteria;p__Bacteroidetes;c__Bacteroidia;o__Bacteroidales;f__Bacteroidaceae;g__Bacteroides;s__Bacteroides_salyersiae	k__Bacteria;p__Firmicutes;c__Clostridia;o__Clostridiales;f__Ruminococcaceae;g__Ruminiclostridium;s__[Eubacterium]_siraeum	k__Bacteria;p__Proteobacteria;c__Betaproteobacteria;o__Burkholderiales;f__Sutterellaceae;g__Parasutterella;s__Parasutterella_excrementihominis	k__Bacteria;p__Actinobacteria;c__Actinobacteria;o__Bifidobacteriales;f__Bifidobacteriaceae;g__Bifidobacterium;s__Bifidobacterium_adolescentis	k__Bacteria;p__Firmicutes;c__Clostridia;o__Clostridiales;f__Oscillospiraceae;g__Oscillibacter;s__Oscillibacter_sp._KLE_1745	k__Bacteria;p__Bacteroidetes;c__Bacteroidia;o__Bacteroidales;f__Bacteroidaceae;g__Bacteroides;s__Bacteroides_coprophilus	k__Bacteria;p__Firmicutes;c__Clostridia;o__Clostridiales;f__Lachnospiraceae;g__Roseburia;s__Roseburia_intestinalis	k__Bacteria;p__Firmicutes;c__Clostridia;o__Clostridiales;f__Lachnospiraceae;g__Roseburia;s__Roseburia_hominis	k__Bacteria;p__Bacteroidetes;c__Bacteroidia;o__Bacteroidales;f__Porphyromonadaceae;g__Parabacteroides;s__Parabacteroides_johnsonii	k__Bacteria;p__Actinobacteria;c__Actinobacteria;o__Bifidobacteriales;f__Bifidobacteriaceae;g__Bifidobacterium;s__Bifidobacterium_longum	k__Bacteria;p__Firmicutes;c__Clostridia;o__Clostridiales;f__;g__Flavonifractor;s__Flavonifractor_plautii	k__Bacteria;p__Firmicutes;c__Clostridia;o__Clostridiales;f__Clostridiaceae;g__Clostridium;s__Clostridium_phoceensis	k__Bacteria;p__Verrucomicrobia;c__Verrucomicrobiae;o__Verrucomicrobiales;f__Akkermansiaceae;g__Akkermansia;s__Akkermansia_muciniphila	k__Bacteria;p__Bacteroidetes;c__Bacteroidia;o__Bacteroidales;f__Prevotellaceae;g__Paraprevotella;s__Paraprevotella_xylaniphila	k__Bacteria;p__Firmicutes;c__Clostridia;o__Clostridiales;f__Ruminococcaceae;g__Ruminococcus;s__Ruminococcus_callidus	k__Bacteria;p__Bacteroidetes;c__Bacteroidia;o__Bacteroidales;f__Rikenellaceae;g__Alistipes;s__Alistipes_senegalensis	k__Bacteria;p__Firmicutes;c__Clostridia;o__Clostridiales;f__Lachnospiraceae;g__Blautia;s__Blautia_sp._KLE_1732	k__Bacteria;p__Bacteroidetes;c__Bacteroidia;o__Bacteroidales;f__Bacteroidaceae;g__Bacteroides;s__Bacteroides_oleiciplenus	k__Bacteria;p__Firmicutes;c__Clostridia;o__Clostridiales;f__Ruminococcaceae;g__Ruminococcus;s__Ruminococcus_bicirculans	k__Bacteria;p__Bacteroidetes;c__Bacteroidia;o__Bacteroidales;f__Bacteroidaceae;g__Bacteroides;s__Bacteroides_fluxus	k__Bacteria;p__Bacteroidetes;c__Bacteroidia;o__Bacteroidales;f__Prevotellaceae;g__Prevotella;s__Prevotella_stercorea	k__Bacteria;p__Firmicutes;c__Clostridia;o__Clostridiales;f__Lachnospiraceae;g__Dorea;s__Dorea_longicatena	k__Bacteria;p__Firmicutes;c__Clostridia;o__Clostridiales;f__Eubacteriaceae;g__Eubacterium;s__[Eubacterium]_eligens	k__Bacteria;p__Firmicutes;c__Clostridia;o__Clostridiales;f__Ruminococcaceae;g__;s__Ruminococcaceae_bacterium_D16	k__Bacteria;p__Firmicutes;c__Clostridia;o__Clostridiales;f__Lachnospiraceae;g__Coprococcus;s__Coprococcus_comes	k__Bacteria;p__Proteobacteria;c__Gammaproteobacteria;o__Enterobacterales;f__Enterobacteriaceae;g__Escherichia;s__Escherichia_coli	k__Bacteria;p__Firmicutes;c__Clostridia;o__Clostridiales;f__Ruminococcaceae;g__Anaerotruncus;s__Anaerotruncus_colihominis	k__Bacteria;p__Firmicutes;c__Clostridia;o__Clostridiales;f__Lachnospiraceae;g__Blautia;s__Blautia_obeum	k__Bacteria;p__Bacteroidetes;c__Bacteroidia;o__Bacteroidales;f__Odoribacteraceae;g__Odoribacter;s__Odoribacter_laneus	k__Bacteria;p__Firmicutes;c__Clostridia;o__Clostridiales;f__Ruminococcaceae;g__Ruminiclostridium;s__[Clostridium]_leptum	k__Bacteria;p__Bacteroidetes;c__Bacteroidia;o__Bacteroidales;f__Porphyromonadaceae;g__Parabacteroides;s__Parabacteroides_goldsteinii	k__Bacteria;p__Firmicutes;c__Clostridia;o__Clostridiales;f__Lachnospiraceae;g__Anaerostipes;s__Anaerostipes_hadrus	k__Bacteria;p__Firmicutes;c__Clostridia;o__Clostridiales;f__Ruminococcaceae;g__Ruminococcus;s__Ruminococcus_lactaris	k__Bacteria;p__Firmicutes;c__Clostridia;o__Clostridiales;f__Clostridiaceae;g__Clostridium;s__Clostridium_sp._L2-50	k__Bacteria;p__Firmicutes;c__Clostridia;o__Clostridiales;f__Clostridiaceae;g__Clostridium;s__Clostridium_sp._M62/1	k__Bacteria;p__Firmicutes;c__Clostridia;o__Clostridiales;f__;g__Intestinimonas;s__Intestinimonas_butyriciproducens	k__Bacteria;p__Actinobacteria;c__Actinobacteria;o__Bifidobacteriales;f__Bifidobacteriaceae;g__Bifidobacterium;s__Bifidobacterium_bifidum	k__Bacteria;p__Firmicutes;c__Negativicutes;o__Veillonellales;f__Veillonellaceae;g__Dialister;s__Dialister_invisus	k__Bacteria;p__Bacteroidetes;c__Bacteroidia;o__Bacteroidales;f__Bacteroidaceae;g__Bacteroides;s__Bacteroides_salanitronis
k__Bacteria;p__Bacteroidetes;c__Bacteroidia;o__Bacteroidales;f__Bacteroidaceae;g__Bacteroides;s__Bacteroides_vulgatus	1.0	-0.034501712252	0.00778552423146	0.00953973129187	0.0350526026071	0.0317914024268	-0.0193696482738	-0.0221415729856	0.0220210601104	-0.032140494582	-0.00873291534528	0.0371366679324	0.0261377796556	-0.0116976724851	-0.0297341759339	0.0204087024232	-0.0309781397885	0.0102140435162	0.0198995326058	0.0110501382146	-0.00441916064241	-0.0885204885364	0.00433065000383	-0.0122760120053	-0.008485933586	-0.0050312252995	-0.028571366446	0.0268512073108	-0.00458653425059	-0.0488549119838	-0.0720769388191	-0.0155459109656	0.00218104263709	-0.0293282265061	-0.0351024578279	-0.0158964955007	0.0429471954159	-0.0216360579427	0.0158816180652	-0.0189648743306	0.0314818301723	0.00399618387413	-0.0399516068726	-0.013361467553	0.0208828386307	-0.00672588044846	-0.00409666298651	-0.0882226824893	-0.0770423514152	-0.0155142507091	-0.0496593021776	-0.065006437038	-0.00524907128232	-0.0178908180747	0.0489036839647	-0.00628476697664	0.0142888411906	-0.0143285949686	-0.0200211695415
k__Bacteria;p__Bacteroidetes;c__Bacteroidia;o__Bacteroidales;f__Bacteroidaceae;g__Bacteroides;s__Bacteroides_uniformis	-0.034501712252	1.0	-0.0161561396778	0.00499377205691	0.00692020703037	0.0270936792988	0.0437003152061	-0.0298963234344	-0.00875558270203	-0.0712999797465	-0.0177334989523	0.00569473379369	-0.0610651301098	-0.037559874491	-0.00869330780582	-0.0345122037695	-0.0544486935834	-0.044211101153	0.0430753984551	-0.0372991228816	0.00820952863767	-0.00499384294646	-0.0619200704672	-0.0111890138553	-0.0321087499782	-0.022144723114	-0.000131856022086	-0.0287384010931	-0.0388031372939	-0.0166289323362	0.0301535941176	0.0625613967228	0.00114473475594	0.0481963316004	-0.00802055627948	-0.0298100990887	-0.000326448713865	0.00854081185854	0.0104610419004	-0.0310903885713	0.00559954127607	0.0694390108806	0.0424312178828	0.00482974693658	-0.0261773149174	0.0160799155818	0.0391292376872	-0.0307450367566	-0.0279049131148	-0.00637748585443	0.0142348497518	-0.0320327793081	0.0142154064622	-0.0795434114454	-0.0144167197328	-0.0779578443804	-0.0313087791813	0.0299087160897	-0.0320632507395
k__Bacteria;p__Bacteroidetes;c__Bacteroidia;o__Bacteroidales;f__Rikenellaceae;g__Alistipes;s__Alistipes_putredinis	0.00778552423146	-0.0161561396778	1.0	-0.0192979401669	-0.011407084212	0.0139325202039	0.0312555948574	-0.00625600844122	-0.0407934615857	0.00865293456492	-0.0644166178992	0.0031635872758	-0.0509816780051	-0.0228908738685	-0.0059623247262	-0.020710629308	-0.0199527986571	0.0271522260819	0.0147045189724	0.0109074009598	-0.0311899518478	0.0183250881661	0.0554545806193	-0.0519359774357	-0.048165772798	0.0187072034895	0.0450433354687	0.0271313345409	0.00499415896169	-0.0677893422099	-0.10114721063	0.0605867703652	0.0408755786176	-0.00409995347814	0.00367667037591	-0.00344106796195	-0.0450884940154	0.00593528033662	0.0328537550226	-0.0437378526818	-0.0112730591421	-0.0245795241749	-0.0130042886566	0.0181975386112	-0.0178090664766	0.023688019763	0.00403585394222	-0.0221428835213	0.0569952832811	0.0649911010251	0.0136819853403	-0.0670776438966	-0.0088452866111	-0.023409632834	0.0217279969086	-0.0554348028277	-0.0192039784534	-0.0403009109723	-0.0170396884623
k__Bacteria;p__Bacteroidetes;c__Bacteroidia;o__Bacteroidales;f__Prevotellaceae;g__Prevotella;s__Prevotella_copri	0.00953973129187	0.00499377205691	-0.0192979401669	1.0	0.0245023729477	-0.0651706825588	-0.0627377799038	-0.0391466809925	-0.0413881445305	-0.0361606248724	0.0100290090582	-0.0238330326622	-0.0123870688049	0.0270999822071	0.0137994706677	-0.020696350391	0.0322083582392	-0.0102603607333	-0.0266468778445	-0.0447794066314	0.00843790979049	0.0035618037672	-0.0342142082061	-0.000408947458172	0.0134777676983	0.000690650386393	0.00879271753091	0.0220871313694	-0.0426714297191	-0.0182916090597	-0.0575491141949	0.0121653902615	-0.0152314782116	0.0342255713763	0.0256484479061	0.0241447564105	-0.0362748220453	-0.0514410554258	-0.00296718356149	0.0170215455447	-0.0685903302228	-0.0519672337027	0.0461400832809	0.0316656002865	-0.0719602422632	0.00717797716657	-0.058733592515	-0.00302279722253	0.0912578801261	0.00531314196107	-0.0355554505941	0.0566074531941	0.0199128661692	-0.0925183918525	0.0261316019095	-0.0570439918021	0.0596107485695	0.0274826633976	-0.0444176655809
k__Bacteria;p__Bacteroidetes;c__Bacteroidia;o__Bacteroidales;f__Bacteroidaceae;g__Bacteroides;s__Bacteroides_stercoris	0.0350526026071	0.00692020703037	-0.011407084212	0.0245023729477	1.0	0.00917963421855	-0.0365222876364	-0.0244199259329	0.0215438683616	0.0290607955307	0.0358666064039	-0.0286835094323	0.0305159049754	-0.0157507700863	-0.0487292220747	0.0579561960249	-0.0111894687245	0.0379481211389	-0.0367961494279	0.0348404695399	-0.00520388835765	0.00290514707338	-0.00139697921837	0.00295562774424	-0.0818882629939	0.0186920081476	-0.0308195582083	-0.00781015238299	0.00874502325121	0.0212663470452	-0.0291240240684	-0.00973779854806	-0.0279277889368	-0.0108202703237	0.0422473556115	-0.00777454434218	-0.0251818951627	0.0244485822764	-0.00573939782986	-0.0128560734711	0.010583562886	0.0403224358845	-0.0463804397341	-0.00873426604233	-0.00767740272141	-0.0181372929016	-0.00137551861864	-0.0400077820725	-0.0770621794599	-0.00712276480152	0.0020055519808	0.00976090112484	-0.0312255384929	-0.00444907891218	0.0380767276321	-0.0418436772661	-0.027608089532	-0.0106142350528	-0.0207542958166
k__Bacteria;p__Bacteroidetes;c__Bacteroidia;o__Bacteroidales;f__Bacteroidaceae;g__Bacteroides;s__Bacteroides_ovatus	0.0317914024268	0.0270936792988	0.0139325202039	-0.0651706825588	0.00917963421855	1.0	-0.0108428709073	0.0382866961914	0.0207701810217	-0.0400328013044	-0.0147056363997	0.031937380775	0.00764619516335	-0.0372576065083	-0.0187756871855	0.0756214391956	-0.00950901843615	0.0247779599514	0.0791158430444	0.0173610243728	-0.0365764944006	0.0495466982394	-0.0332941375473	-0.0433617315042	-0.0636808603488	0.0170858446122	-0.0172878414503	0.0316079392336	-0.0232826193268	-0.0337289892407	-0.00276327434988	-0.0131397408383	-0.0676695706364	0.033076622076	-0.0569822446362	-0.00483054087175	-0.0012619316838	-0.0405185530154	-0.00916468016973	0.00161349378935	-0.0793075868091	-0.053345888043	-0.0483792110609	-0.0566337142862	0.00931914626485	0.0641443768297	-0.0107726423674	0.00206805649918	-0.00996786102	0.0176420725406	-0.00167448336393	-0.0351737840067	-0.00325832209879	0.00680769856211	0.00190942260815	-0.035107673644	-0.0383235302704	-0.019810567287	0.0495342088325
k__Bacteria;p__Bacteroidetes;c__Bacteroidia;o__Bacteroidales;f__Rikenellaceae;g__Alistipes;s__Alistipes_shahii	-0.0193696482738	0.0437003152061	0.0312555948574	-0.0627377799038	-0.0365222876364	-0.0108428709073	1.0	0.0384919078445	-0.027008838593	0.00204334589625	-0.0792465426444	0.0223161563897	-0.0326254507062	0.0702483370342	-0.00058305063614	0.0114921091087	-0.0215826208519	0.0324722101123	-0.0571926065917	0.00183404196295	0.00493242058302	-0.0201983933678	0.00843757986859	-0.0168038523391	-0.00884698499879	-0.0193584775253	0.012984307389	-0.0285990361971	0.00833567424995	-0.0823308554092	0.0706313059553	0.0149965097204	-0.0481950934942	-0.096625304621	0.0401418779391	0.00515871183425	0.0137460938716	0.0276550944948	0.0244926951383	-0.0174724770995	-0.0316335372588	0.0363450670348	-0.061840531229	0.048442356389	-0.0166123660685	0.0438730860281	-0.0409400233046	-0.0197061749195	0.00871717872575	0.0285932249933	0.0181424547071	-0.039975279309	-0.0013308937637	-0.0714309078275	-0.0359268759622	0.0231548486978	-0.0459209233202	0.0186030867885	0.0206322026348
k__Bacteria;p__Firmicutes;c__Clostridia;o__Clostridiales;f__Ruminococcaceae;g__Faecalibacterium;s__Faecalibacterium_prausnitzii	-0.0221415729856	-0.0298963234344	-0.00625600844122	-0.0391466809925	-0.0244199259329	0.0382866961914	0.0384919078445	1.0	0.0037920865869	-0.0281034298151	-0.00560327749845	0.0686974678356	-0.0439890950133	-0.0498341707206	0.0396670662132	0.0236877931562	-0.0362389745338	-0.0074564649519	-0.0457710938957	-0.0111158862135	-0.0403784634712	0.0073802541418	0.0197778617787	-0.0253593359526	-0.0294736609469	-0.0301703341022	0.0431520977929	-0.00529902196909	-0.0519133215883	0.00449648414318	-0.0262295388372	0.0347830708268	-0.037586362465	0.00359987544933	-0.0904605348289	0.0058594170301	0.0275201841424	-0.036427156045	0.0288802948885	0.00174097987254	-0.0665951123461	-0.023413376139	-0.015733046837	-0.0219021769947	-0.0725987401043	-0.00411377289931	-0.016801297622	0.0469368758418	-0.0127018973274	0.00895419644967	-0.01331436216	0.00475524238758	0.0211011897126	0.0242912013857	0.00374158322209	-0.0206414891255	-0.0527941694166	-0.00245582078079	0.0243740452802
k__Bacteria;p__Bacteroidetes;c__Bacteroidia;o__Bacteroidales;f__Rikenellaceae;g__Alistipes;s__Alistipes_finegoldii	0.0220210601104	-0.00875558270203	-0.0407934615857	-0.0413881445305	0.0215438683616	0.0207701810217	-0.027008838593	0.0037920865869	1.0	0.00554615974246	0.0206041055515	-0.0286977731956	-0.0376223889354	-0.0123952059193	-0.0257250907215	0.00440346814616	-0.0359024406762	0.0408342117038	-0.036480458766	-0.00592779224593	-0.0351167744989	0.0319183146666	-0.0349615492518	0.0427227147788	-0.00329503676725	0.018762700928	-0.00998774420393	-0.0203291019117	0.0286630997564	-0.0175313155028	0.00620580920346	0.0778711285323	0.00401160037563	0.0108202412747	0.0238956463728	-0.0549055774593	-0.0636186384404	0.00215932523696	0.0239997908071	0.0142794935585	0.000311688088363	-0.0400825789268	-0.0324480950782	-0.0326728259069	-0.0159435747775	-0.0234309512914	0.0503718621085	0.00217076482719	0.0282690804401	-0.0429563025359	0.015889955034	-0.0173562474118	-0.010757656312	0.0255538964336	0.0457370089769	0.0299299540167	-0.0342911932664	-0.0102112618253	-0.0124486484643
k__Bacteria;p__Bacteroidetes;c__Bacteroidia;o__Bacteroidales;f__Porphyromonadaceae;g__Parabacteroides;s__Parabacteroides_distasonis	-0.032140494582	-0.0712999797465	0.00865293456492	-0.0361606248724	0.0290607955307	-0.0400328013044	0.00204334589624	-0.0281034298151	0.00554615974246	1.0	-0.0360399603243	-0.0580454973101	-0.0318163125974	0.0109446701125	0.0365117262537	0.0309501948507	-0.0419206185324	-0.00969078066278	0.0276845935858	-0.0352586864682	0.00910876923014	-0.00376564807313	-0.0152637135497	0.000529465825269	-0.017721863743	0.0360601450136	-0.00929456645492	0.0318577784741	0.013102705619	-0.0496941168044	0.0190684677375	0.0167395984871	-0.0300984690008	-0.0463905309663	-0.0208462492434	-0.00764626370324	-0.0221563095344	-0.0100462467511	0.0203138200717	-0.0164279850023	-0.0362083773083	0.00375612817041	-0.00864369309669	0.0206067169572	-0.0149458874025	0.0220998976929	0.00899705545686	-0.0154479862627	0.0446245090695	-0.0416278301793	-0.0116781208123	0.0451869773206	-0.0158487974204	-0.0434554701714	-0.0331802287445	-0.0102671756411	0.0444476199173	0.0138706308995	-0.0423603105117
k__Bacteria;p__Bacteroidetes;c__Bacteroidia;o__Bacteroidales;f__Bacteroidaceae;g__Bacteroides;s__Bacteroides_thetaiotaomicron	-0.00873291534528	-0.0177334989523	-0.0644166178992	0.0100290090582	0.0358666064039	-0.0147056363997	-0.0792465426444	-0.00560327749845	0.0206041055515	-0.0360399603243	1.0	0.0229625053378	0.000239569818976	-0.00094619814568	0.000326203729441	-0.0392684659615	0.0578746764544	0.0476358019605	-0.0167182185426	-0.028749844608	0.0315905888629	-0.0161523245504	-0.0257761006233	0.0257769003038	0.0411163280807	-0.0306022268971	0.0245982404416	-0.0175210591287	0.0239266443898	0.0362356533634	0.0727591613747	-0.00494690053519	0.00491531219552	0.0234479002113	-0.0247014477523	0.0623349254967	-0.0277654903596	0.014322288292	0.0025828383246	0.0707761169521	0.00907450883966	-0.0828444434903	-0.00233819046078	0.00748647784122	-0.0160796531998	-1.81728525071e-05	-0.0068143054846	0.0206385387434	-0.0255676064896	-0.0223271374111	0.0231750755136	-0.0406171797135	0.0311664148366	-0.0245014772854	0.029449626378	-0.00462185477106	0.00392842776495	-0.0330513596922	-0.0168684190536
k__Bacteria;p__Bacteroidetes;c__Bacteroidia;o__Bacteroidales;f__Bacteroidaceae;g__Bacteroides;s__Bacteroides_coprocola	0.0371366679324	0.00569473379369	0.0031635872758	-0.0238330326622	-0.0286835094323	0.031937380775	0.0223161563897	0.0686974678356	-0.0286977731956	-0.0580454973101	0.0229625053378	1.0	0.0234869632653	-0.0237204343524	0.0178089041942	0.0150039221375	0.0039350493905	-0.0845272609192	-0.0116224051098	-0.0262757053523	-0.00955696144322	0.0144137610485	0.0232484565659	-0.0160668665628	-0.024495329632	-0.0106425928208	-0.0202583757645	-0.0765807944441	0.06238013251	-0.00178501511421	-0.0236845897946	-0.0378592469422	-0.0314648612798	0.10082137059	-0.0130616101446	-0.00909860486501	-0.00438867476349	-0.00813759596864	-0.0342756431534	-0.0797372080127	0.00107009861085	0.0442076243521	-0.0282056323529	-0.00320334669892	-0.0299485416166	6.47953079104e-05	-0.0362920135211	-0.039709683866	-0.0639043825304	0.012933965226	0.0497515438413	0.0594564064749	-0.0182542827965	-0.0154732229837	0.00764167428606	-0.0770410505141	-0.0274028645285	-0.000391585511848	0.0099770635029
k__Bacteria;p__Bacteroidetes;c__Bacteroidia;o__Bacteroidales;f__Bacteroidaceae;g__Bacteroides;s__Bacteroides_cellulosilyticus	0.0261377796556	-0.0610651301098	-0.0509816780051	-0.0123870688049	0.0305159049754	0.00764619516335	-0.0326254507062	-0.0439890950133	-0.0376223889354	-0.0318163125974	0.000239569818976	0.0234869632653	1.0	-0.0372788305299	-0.0428343574967	-0.0476369526927	0.0162613700332	0.0381325744539	-0.00223141932893	0.0289132411824	-0.00934035849984	-0.0464579798063	-0.0116672566024	-0.0129176311862	0.0319013833687	0.0157055941594	-0.0507488544666	-0.0209902980566	-0.0022913435135	0.0120024175171	0.017198911111	-0.0251715775241	-0.0162922771787	0.00653828791247	-0.0336108916059	-0.0466985344835	0.0716137130131	0.00739845637213	0.0192810891719	-0.023982028203	-0.0332974622753	-0.0476491830052	0.00626294919584	0.00762395591233	-0.0373225466117	0.00086955919023	0.0328802155891	-0.0789737749547	0.0215792661244	-0.0621436554596	0.0426076620749	-0.014530862954	0.0122038895249	0.00799944548431	0.0324925299354	-0.0240474144423	-0.0104458763851	-0.0490302938415	0.0540018595431
k__Bacteria;p__Bacteroidetes;c__Bacteroidia;o__Bacteroidales;f__Rikenellaceae;g__Alistipes;s__Alistipes_obesi	-0.0116976724851	-0.037559874491	-0.0228908738685	0.0270999822071	-0.0157507700863	-0.0372576065083	0.0702483370342	-0.0498341707206	-0.0123952059193	0.0109446701125	-0.00094619814568	-0.0237204343524	-0.0372788305299	1.0	-0.023987872533	0.0365056221717	0.0370837713226	-0.052350008108	-0.0532201905309	-0.0219986541629	-0.0207311335864	-0.0139545657106	0.00739171255629	0.0379999215011	-0.0244900883279	-0.0474328464177	-0.0161802308652	0.0216483492437	-0.018718033492	0.00199591743241	-0.0146355043696	0.0486727469499	0.0209617990778	0.0684377319569	0.0450432933965	0.0161049872981	-0.0407800390335	0.0187750531455	-0.0165927478979	-0.0142833080642	-0.0194240771419	-0.0226936108916	-0.0247617648544	-0.010497175667	0.00690113471059	0.00376988326875	0.00737233201192	0.0450147110339	-0.0224300092315	-0.0075510789127	-0.00627689009465	-0.0158654015315	0.00989967787605	0.0228243886778	0.0492629444	-0.0349817726396	0.0349278808478	0.0306851601666	-0.0314876776388
k__Bacteria;p__Firmicutes;c__Clostridia;o__Clostridiales;f__Lachnospiraceae;g__;s__[Eubacterium]_rectale	-0.0297341759339	-0.00869330780582	-0.0059623247262	0.0137994706677	-0.0487292220747	-0.0187756871855	-0.00058305063614	0.0396670662132	-0.0257250907215	0.0365117262537	0.000326203729441	0.0178089041942	-0.0428343574967	-0.023987872533	1.0	-0.0214398966147	-0.0823444839184	-0.0235637238448	-0.0346356429757	-0.0294319151548	-8.70861245162e-05	0.0183742929037	0.0276458353928	-0.00508057500504	-0.000382489597173	0.0212447061725	-0.00363585996612	-0.0297738655308	-0.00596972446947	-0.0295064201875	0.0249905747786	-0.0443501709801	0.0430098138906	0.0181004927527	0.0193650965947	-0.00548150989939	0.0100810067064	-0.00920632459494	0.045482295352	0.000487225252192	-0.00755599368048	-0.0464792377874	-0.0279277260387	0.0386968251272	-0.023503836853	-0.00588493139057	0.0177439378754	-0.0187242729266	-0.00626436362248	-0.0567526601648	0.0403356094016	-0.0280835600288	-0.0532957250536	-0.0011953911243	1.38379246491e-05	0.0171246739694	0.0436396561041	-0.0326302689424	0.0105537214263
k__Bacteria;p__Bacteroidetes;c__Bacteroidia;o__Bacteroidales;f__Bacteroidaceae;g__Bacteroides;s__Bacteroides_plebeius	0.0204087024232	-0.0345122037695	-0.020710629308	-0.020696350391	0.0579561960249	0.0756214391956	0.0114921091087	0.0236877931562	0.00440346814616	0.0309501948507	-0.0392684659615	0.0150039221375	-0.0476369526927	0.0365056221717	-0.0214398966147	1.0	-0.00619561175013	-0.042033810178	0.00586344721133	-0.0479646648771	0.00303975461433	-0.0203743745094	0.0354258742674	-0.0180139094721	-0.0351955818985	0.0380505235646	-0.0286128083337	0.01938414056	0.000462292822301	-0.0100196003543	-0.00322741100877	0.0222064666751	0.00473082571574	-0.053524996755	-0.00414448125983	-0.0274306319047	-0.0220503240416	0.00993549086536	-0.0486021952926	-0.00712070881284	-0.00346857514004	0.0681384571407	0.0151257569432	-0.0745524983923	-0.0204194394206	0.0165573170718	-0.0293702614904	-0.0111562827248	-0.0448689738764	0.00251427577229	-0.0359492223371	0.0085342987609	-0.0109686173608	-0.0261413032881	-0.0196956773328	-0.026923767158	-0.0431633517598	0.0331205105834	0.00654145289904
k__Bacteria;p__Bacteroidetes;c__Bacteroidia;o__Bacteroidales;f__Bacteroidaceae;g__Bacteroides;s__Bacteroides_fragilis	-0.0309781397885	-0.0544486935834	-0.0199527986571	0.0322083582392	-0.0111894687245	-0.00950901843615	-0.0215826208519	-0.0362389745338	-0.0359024406762	-0.0419206185324	0.0578746764544	0.0039350493905	0.0162613700332	0.0370837713226	-0.0823444839184	-0.00619561175013	1.0	-0.0550040551769	0.0299270669215	0.0388694238353	-0.0055202896756	-0.00131010880346	-0.0235219161398	-0.00455773192057	0.0474140980368	-0.0833963399578	-0.0268822795575	0.0371433889689	0.00547560101509	0.0215676943268	-0.0239427791664	0.0153461982049	-0.0638006516656	-0.0255826420395	-0.00710106866157	-0.0412342954627	-0.0326356527214	-0.0225725735966	0.00818681995126	-0.00616942001293	-0.0296309887247	0.00855579409764	-0.0388417967025	-0.00679776626532	-0.0240615581916	-0.0147283373507	0.0169223579617	0.0307475246892	0.0517649379406	-0.0444888647309	-0.0349727215259	-0.00943010854312	-0.0178239006013	0.0288387869482	0.00777636950184	0.0116547118904	0.0204104892747	0.0227564551007	0.0564461534904
k__Bacteria;p__Proteobacteria;c__Betaproteobacteria;o__Burkholderiales;f__Sutterellaceae;g__Sutterella;s__Sutterella_wadsworthensis	0.0102140435162	-0.044211101153	0.0271522260819	-0.0102603607333	0.0379481211389	0.0247779599514	0.0324722101123	-0.0074564649519	0.0408342117038	-0.00969078066278	0.0476358019605	-0.0845272609192	0.0381325744539	-0.052350008108	-0.0235637238448	-0.042033810178	-0.0550040551769	1.0	-0.00904561219767	-0.00498120951829	-0.0529514460245	-0.0240990238933	-0.0497551957314	-0.0206673687855	0.00254223476725	0.0353948404954	0.0504364796435	0.00153763348841	-0.00419957838223	-0.050748709129	-0.0484504323815	-0.0234230735921	0.00368924643721	-0.0593741983976	0.00616126735705	-0.0244005851492	-0.0249084656019	0.014623158716	0.0310081264597	0.0313830600901	0.0796760521262	0.0154337474339	0.0358677883132	-0.0301483326376	-0.103170729702	-0.0312746666337	0.0416410920523	0.0193858242956	-0.0457378364749	0.00763770734964	0.00132153906536	-0.101295489388	-0.0370686394583	0.0575019347173	0.0479806174834	0.00819597400325	-0.0490235381734	-0.0297227338494	-0.044995497252
k__Bacteria;p__Bacteroidetes;c__Bacteroidia;o__Bacteroidales;f__Porphyromonadaceae;g__Barnesiella;s__Barnesiella_intestinihominis	0.0198995326058	0.0430753984551	0.0147045189724	-0.0266468778445	-0.0367961494279	0.0791158430444	-0.0571926065917	-0.0457710938957	-0.036480458766	0.0276845935858	-0.0167182185426	-0.0116224051098	-0.00223141932893	-0.0532201905309	-0.0346356429757	0.00586344721133	0.0299270669215	-0.00904561219767	1.0	0.0180583754266	0.0136143941295	0.0153027236489	-0.072474584793	0.0538453547966	0.00540345756516	0.0147806836088	0.0181588116061	-0.024417191165	-0.00226352665878	-0.00902499224262	0.00701674242424	-0.0124708406452	-0.00834715717443	-0.000851931269756	-0.015370769697	-0.0427336607518	-0.0106355163917	0.00142334829418	-0.0636470830858	-0.0213782312701	0.00293666601316	0.0067366563815	0.00213625374191	0.00762393972035	-0.0286791081463	-0.0108759945582	-0.0526184599335	-0.0436709122588	-0.0241429066103	0.0489003083172	0.0312485947033	-0.0341046714751	0.00347204172874	-0.0403698718245	-0.0348879514756	-0.0677780375796	-0.0181717050679	0.0267259911797	-0.013458898314
k__Bacteria;p__Bacteroidetes;c__Bacteroidia;o__Bacteroidales;f__Odoribacteraceae;g__Odoribacter;s__Odoribacter_splanchnicus	0.0110501382146	-0.0372991228816	0.0109074009598	-0.0447794066314	0.0348404695399	0.0173610243728	0.00183404196295	-0.0111158862135	-0.00592779224593	-0.0352586864682	-0.028749844608	-0.0262757053523	0.0289132411824	-0.0219986541629	-0.0294319151548	-0.0479646648771	0.0388694238353	-0.00498120951829	0.0180583754266	1.0	-0.0425988833125	-0.00422499918357	0.0183059710674	-7.51082986155e-05	0.0548414872062	0.0268650035263	-0.0285622833548	-0.0334656651306	-0.0113560266101	-0.0138178043633	-0.0299134818328	0.0060143400495	-0.0166188138039	-0.00691342543048	-0.00948687480426	0.00916081388814	0.0318882690637	-0.00676391765369	0.0445714824871	0.051341050806	-0.0110867462338	-0.0162797762251	-0.00529422357117	0.017092897296	0.033544197923	-0.0478777670615	-0.0269136992315	0.0879091918586	0.00800571312274	0.00597900331731	-0.0406417531914	-0.00483963222547	-0.00503401947101	-0.0583863481297	-0.0123381103057	0.0135860462617	0.0248741510942	-0.00426330499325	-0.00406568333226
k__Bacteria;p__Bacteroidetes;c__Bacteroidia;o__Bacteroidales;f__Bacteroidaceae;g__Bacteroides;s__Bacteroides_salyersiae	-0.00441916064241	0.00820952863767	-0.0311899518478	0.00843790979049	-0.00520388835765	-0.0365764944006	0.00493242058302	-0.0403784634712	-0.0351167744989	0.00910876923014	0.0315905888629	-0.00955696144322	-0.00934035849984	-0.0207311335864	-8.70861245162e-05	0.00303975461433	-0.0055202896756	-0.0529514460245	0.0136143941295	-0.0425988833125	1.0	0.0188641518726	0.00897097620107	0.0434704915196	-0.00986941842341	0.00771877457123	0.0305425072343	-0.00493272019661	0.0276201767537	-0.0664627482189	-0.0163909096463	-0.0581047190355	-0.0285249538067	0.0303511842587	-0.0619696340673	-0.04925051124	-0.0315289534805	0.0292112807916	0.0284669566255	-0.0169251416892	-0.0363312406863	0.0276888012865	0.0202461447467	-0.0354557883336	0.0371272872145	0.0821377427285	-0.0259877362727	0.047858105319	-0.0164049068706	0.00790815776499	-0.00562991884563	0.0072093557976	-0.039406544295	-0.0555349463276	-0.0328964332236	0.0207171018541	4.33686062458e-05	-0.0159706156557	0.0533665045456
k__Bacteria;p__Firmicutes;c__Clostridia;o__Clostridiales;f__Ruminococcaceae;g__Ruminiclostridium;s__[Eubacterium]_siraeum	-0.0885204885364	-0.00499384294646	0.0183250881661	0.0035618037672	0.00290514707338	0.0495466982394	-0.0201983933678	0.0073802541418	0.0319183146666	-0.00376564807313	-0.0161523245504	0.0144137610485	-0.0464579798063	-0.0139545657106	0.0183742929037	-0.0203743745094	-0.00131010880346	-0.0240990238933	0.0153027236489	-0.00422499918357	0.0188641518726	1.0	-0.00315216802712	-0.0190071257576	-0.0117095182739	0.0409239905056	0.0293929672903	0.00577468260503	-0.0072751627089	0.0257762121779	-0.0407354945948	-0.0376558340998	-0.0102211418929	-0.0545341472842	-0.0414482844376	-0.00712270479792	-0.0503273571578	-0.0359361330537	0.0378055008697	0.0258160640026	-0.0439199038652	-0.00350369689724	0.000239791092487	-0.0628221513146	0.0335401948466	-0.0355415851226	0.0419861987251	-0.0276528590511	-0.0188500294719	-0.0618968835661	0.0525614922954	-0.0052665869116	0.027130146262	0.00767294362967	0.000784538073095	0.0243149416853	0.0516090067005	0.0249500521434	-0.0223833772491
k__Bacteria;p__Proteobacteria;c__Betaproteobacteria;o__Burkholderiales;f__Sutterellaceae;g__Parasutterella;s__Parasutterella_excrementihominis	0.00433065000383	-0.0619200704672	0.0554545806193	-0.0342142082061	-0.00139697921837	-0.0332941375473	0.00843757986859	0.0197778617787	-0.0349615492518	-0.0152637135497	-0.0257761006233	0.0232484565659	-0.0116672566024	0.00739171255629	0.0276458353928	0.0354258742674	-0.0235219161398	-0.0497551957314	-0.072474584793	0.0183059710674	0.00897097620107	-0.00315216802712	1.0	-0.0702422302998	0.00619892430774	-0.033396913198	-0.0505681089546	0.0377572567776	-0.00695144588356	0.0272446408037	0.0146268726988	-0.019255329549	0.013547085622	-0.0155132773454	-0.00574614271647	-0.0379276725944	0.0156210333938	-0.0236693968265	-0.0375868558878	-0.0639806357092	0.0441281862489	0.0407053575133	0.0348096891551	-0.00303533945828	-0.0226059559358	-0.0244458230272	-0.0285488353145	-0.0122533510076	-0.0207226256987	-0.0281819768825	-0.0256990976527	-0.00272609525514	-0.02781957088	-0.0126183859793	-0.065949444841	0.065322301479	-0.0155763928912	-0.006483955996	0.0182783699183
k__Bacteria;p__Actinobacteria;c__Actinobacteria;o__Bifidobacteriales;f__Bifidobacteriaceae;g__Bifidobacterium;s__Bifidobacterium_adolescentis	-0.0122760120053	-0.0111890138553	-0.0519359774357	-0.000408947458172	0.00295562774424	-0.0433617315042	-0.0168038523391	-0.0253593359526	0.0427227147788	0.000529465825269	0.0257769003038	-0.0160668665628	-0.0129176311862	0.0379999215011	-0.00508057500504	-0.0180139094721	-0.00455773192057	-0.0206673687855	0.0538453547966	-7.51082986155e-05	0.0434704915196	-0.0190071257576	-0.0702422302998	1.0	-0.0258403100389	-0.0341182713285	0.0360850415184	-0.0349538060706	-0.0138877442934	-0.0396514902096	-0.016105513841	0.0123143546505	-0.0175014390426	-0.0115189334682	0.035777014259	0.0486947045356	0.0155184097185	-0.0491778941391	-0.0207702569324	-0.0572873234357	-0.0457803096361	0.0630353604683	0.0229208151261	0.0236763798832	0.0406030376331	-0.0309816907386	-0.057563710372	0.000556984586826	-0.033686918885	0.00737681659622	0.0178259431127	-0.0102962590979	0.0315788635953	0.0209513515168	-0.00309137898919	-0.0442997338251	0.0190549410559	0.0103369931433	-0.0159892388048
k__Bacteria;p__Firmicutes;c__Clostridia;o__Clostridiales;f__Oscillospiraceae;g__Oscillibacter;s__Oscillibacter_sp._KLE_1745	-0.008485933586	-0.0321087499782	-0.048165772798	0.0134777676983	-0.0818882629939	-0.0636808603488	-0.00884698499879	-0.0294736609469	-0.00329503676725	-0.017721863743	0.0411163280807	-0.024495329632	0.0319013833687	-0.0244900883279	-0.000382489597173	-0.0351955818985	0.0474140980368	0.00254223476725	0.00540345756516	0.0548414872062	-0.00986941842341	-0.0117095182739	0.00619892430774	-0.0258403100389	1.0	-0.0123746058469	0.020813943915	-0.0190111392139	0.0271467188112	-0.0195380539407	0.00919449727551	-0.0669627503896	0.00131290368752	-0.0246297074891	-0.0250021937751	-0.00668417104787	-0.0159704702545	-0.0250699416198	-0.026956768005	-0.0440247869066	0.0150423968068	0.00320902639803	0.0176648807522	-0.0440894259038	-0.00609579989408	0.00291907437439	0.0195427032273	0.0153560524685	-0.011198046648	0.0143029828913	-0.0595476845746	0.0307591794867	0.00975111053341	0.00449045968535	0.0523321728745	-0.0151502481585	-0.00893726678063	-0.0189980626193	-0.0486469067966
k__Bacteria;p__Bacteroidetes;c__Bacteroidia;o__Bacteroidales;f__Bacteroidaceae;g__Bacteroides;s__Bacteroides_coprophilus	-0.0050312252995	-0.022144723114	0.0187072034895	0.000690650386392	0.0186920081476	0.0170858446122	-0.0193584775253	-0.0301703341022	0.018762700928	0.0360601450136	-0.0306022268971	-0.0106425928208	0.0157055941594	-0.0474328464177	0.0212447061725	0.0380505235646	-0.0833963399578	0.0353948404954	0.0147806836088	0.0268650035263	0.00771877457123	0.0409239905056	-0.033396913198	-0.0341182713285	-0.0123746058469	1.0	-0.0195901896224	-0.0122130294753	0.0543035103415	0.0648367685162	-0.0455473762453	-0.0678555320091	0.011539923592	-0.00218128447319	0.0241848566306	0.0249389382441	-0.0303346289756	0.0483728571641	-0.0774649822479	-0.0059955686808	0.032044255506	-0.0543007932491	-0.0091564613377	-0.046289020133	0.00501735369699	-0.0279947248866	-0.00185938089726	-0.00500647963886	-0.0423394130058	0.0345850967754	0.034976867393	0.00473284590634	-0.0103644981228	0.0441204322223	0.0298374382161	-0.00750360104953	-0.0253522802721	-0.0658367279276	-0.0430064011359
k__Bacteria;p__Firmicutes;c__Clostridia;o__Clostridiales;f__Lachnospiraceae;g__Roseburia;s__Roseburia_intestinalis	-0.028571366446	-0.000131856022087	0.0450433354687	0.00879271753091	-0.0308195582083	-0.0172878414503	0.012984307389	0.0431520977929	-0.00998774420393	-0.00929456645492	0.0245982404416	-0.0202583757645	-0.0507488544666	-0.0161802308652	-0.00363585996612	-0.0286128083337	-0.0268822795575	0.0504364796435	0.0181588116061	-0.0285622833548	0.0305425072343	0.0293929672903	-0.0505681089546	0.0360850415184	0.020813943915	-0.0195901896224	1.0	-0.0274020117679	0.025803975165	-0.0213396370507	-0.0534958947052	-0.0241415150067	-0.0122360210241	0.0144502335194	-0.00350804217605	0.0556363035731	0.0182859650395	-0.0446609643189	-0.0502965543685	0.0316987261286	0.00772163091674	-0.0682416437026	0.0210472625678	-0.0346827392186	-0.0417381457874	0.0136093793016	-0.0139735542323	0.0327482501503	-0.0588676531827	-0.0279865394748	0.033625031267	0.0226292498343	-0.0494240333197	-0.0627842399289	-0.0062443107614	-0.0478400513463	-0.0113574537653	0.0904719229484	-0.0170139346688
k__Bacteria;p__Firmicutes;c__Clostridia;o__Clostridiales;f__Lachnospiraceae;g__Roseburia;s__Roseburia_hominis	0.0268512073108	-0.0287384010931	0.0271313345409	0.0220871313694	-0.00781015238299	0.0316079392336	-0.0285990361971	-0.00529902196909	-0.0203291019117	0.0318577784741	-0.0175210591287	-0.0765807944441	-0.0209902980566	0.0216483492437	-0.0297738655308	0.01938414056	0.0371433889689	0.00153763348841	-0.024417191165	-0.0334656651306	-0.00493272019661	0.00577468260503	0.0377572567776	-0.0349538060706	-0.0190111392139	-0.0122130294753	-0.0274020117679	1.0	0.00383789729479	-0.0283016822406	-0.0296999200643	-0.0346450420865	-0.0290242853939	0.0202872330857	1.91377165306e-05	0.0185342955905	-0.0842798501488	0.0335634054836	0.0666776522688	0.000908974524355	0.0213638257593	-0.0805078844731	-0.0398720694547	-0.0138609006846	-0.0171769932475	0.0202107670703	-0.0212954769518	-0.0119745135675	-0.0265272505598	-0.00590177428881	0.00897002709345	-0.0536635183946	-0.0142029571069	-0.0256792090251	-0.00391390272012	-0.0532843334293	-0.0716202494219	-0.0115086378119	-0.0390832619845
k__Bacteria;p__Bacteroidetes;c__Bacteroidia;o__Bacteroidales;f__Porphyromonadaceae;g__Parabacteroides;s__Parabacteroides_johnsonii	-0.00458653425059	-0.0388031372939	0.00499415896169	-0.0426714297191	0.00874502325121	-0.0232826193268	0.00833567424995	-0.0519133215883	0.0286630997564	0.013102705619	0.0239266443898	0.06238013251	-0.0022913435135	-0.018718033492	-0.00596972446947	0.000462292822301	0.00547560101509	-0.00419957838223	-0.00226352665878	-0.0113560266101	0.0276201767537	-0.0072751627089	-0.00695144588356	-0.0138877442934	0.0271467188112	0.0543035103415	0.025803975165	0.00383789729479	1.0	-0.0100867213171	0.0350179106005	-0.00314958801535	0.0193918401621	-0.019587698166	0.012024210083	0.0131521563294	-0.0255082443971	0.00820838204878	-0.0232186584638	-0.0265647150661	0.00575863496258	-0.0204377110602	0.00304295927805	-0.043582314772	-0.00562287051925	-0.0230531930527	0.00881418136826	-0.0291909215473	-0.0375785026716	-0.0168561322509	-0.0199299884507	-0.0121431488005	-0.0633796934523	-0.00305206790106	-0.0886540032281	-0.021614611846	-0.00897935029008	0.0197731256656	0.00245329885281
k__Bacteria;p__Actinobacteria;c__Actinobacteria;o__Bifidobacteriales;f__Bifidobacteriaceae;g__Bifidobacterium;s__Bifidobacterium_longum	-0.0488549119838	-0.0166289323362	-0.0677893422099	-0.0182916090597	0.0212663470452	-0.0337289892407	-0.0823308554092	0.00449648414318	-0.0175313155028	-0.0496941168044	0.0362356533634	-0.00178501511421	0.0120024175171	0.00199591743241	-0.0295064201875	-0.0100196003543	0.0215676943268	-0.050748709129	-0.00902499224262	-0.0138178043633	-0.0664627482189	0.0257762121779	0.0272446408037	-0.0396514902096	-0.0195380539407	0.0648367685162	-0.0213396370507	-0.0283016822406	-0.0100867213171	1.0	0.0157518082422	-0.0252645184767	0.00678473221766	0.0345167079922	-0.0232684492444	-0.00477350759989	0.034325582637	0.0152227313937	-0.0393337666977	-0.0220609773285	0.00934135705836	-0.0375476056487	0.0266474808004	-0.012765254383	0.0349806794354	-0.0456459449071	-0.00198123871974	0.0487533325643	-0.0140744521123	0.00745185422247	-0.0377731224188	0.0221456341212	-0.00408796249176	0.0744513219479	-0.0297558507903	-0.00860633402105	0.00806804935756	-0.0490694388409	0.0407507561316
