#taxonomy	k__Bacteria;p__Bacteroidetes;c__Bacteroidia;o__Bacteroidales;f__Bacteroidaceae;g__Bacteroides;s__Bacteroides_vulgatus	k__Bacteria;p__Bacteroidetes;c__Bacteroidia;o__Bacteroidales;f__Bacteroidaceae;g__Bacteroides;s__Bacteroides_uniformis	k__Bacteria;p__Bacteroidetes;c__Bacteroidia;o__Bacteroidales;f__Rikenellaceae;g__Alistipes;s__Alistipes_putredinis	k__Bacteria;p__Bacteroidetes;c__Bacteroidia;o__Bacteroidales;f__Prevotellaceae;g__Prevotella;s__Prevotella_copri	k__Bacteria;p__Bacteroidetes;c__Bacteroidia;o__Bacteroidales;f__Bacteroidaceae;g__Bacteroides;s__Bacteroides_stercoris	k__Bacteria;p__Bacteroidetes;c__Bacteroidia;o__Bacteroidales;f__Bacteroidaceae;g__Bacteroides;s__Bacteroides_ovatus	k__Bacteria;p__Bacteroidetes;c__Bacteroidia;o__Bacteroidales;f__Rikenellaceae;g__Alistipes;s__Alistipes_shahii	k__Bacteria;p__Firmicutes;c__Clostridia;o__Clostridiales;f__Ruminococcaceae;g__Faecalibacterium;s__Faecalibacterium_prausnitzii	k__Bacteria;p__Bacteroidetes;c__Bacteroidia;o__Bacteroidales;f__Rikenellaceae;g__Alistipes;s__Alistipes_finegoldii	k__Bacteria;p__Bacteroidetes;c__Bacteroidia;o__Bacteroidales;f__Porphyromonadaceae;g__Parabacteroides;s__Parabacteroides_distasonis	k__Bacteria;p__Bacteroidetes;c__Bacteroidia;o__Bacteroidales;f__Bacteroidaceae;g__Bacteroides;s__Bacteroides_thetaiotaomicron	k__Bacteria;p__Bacteroidetes;c__Bacteroidia;o__Bacteroidales;f__Bacteroidaceae;g__Bacteroides;s__Bacteroides_coprocola	k__Bacteria;p__Bacteroidetes;c__Bacteroidia;o__Bacteroidales;f__Bacteroidaceae;g__Bacteroides;s__Bacteroides_cellulosilyticus	k__Bacteria;p__Bacteroidetes;c__Bacteroidia;o__Bacteroidales;f__Rikenellaceae;g__Alistipes;s__Alistipes_obesi	k__Bacteria;p__Firmicutes;c__Clostridia;o__Clostridiales;f__Lachnospiraceae;g__;s__[Eubacterium]_rectale	k__Bacteria;p__Bacteroidetes;c__Bacteroidia;o__Bacteroidales;f__Bacteroidaceae;g__Bacteroides;s__Bacteroides_plebeius	k__Bacteria;p__Bacteroidetes;c__Bacteroidia;o__Bacteroidales;f__Bacteroidaceae;g__Bacteroides;s__Bacteroides_fragilis	k__Bacteria;p__Proteobacteria;c__Betaproteobacteria;o__Burkholderiales;f__Sutterellaceae;g__Sutterella;s__Sutterella_wadsworthensis	k__Bacteria;p__Bacteroidetes;c__Bacteroidia;o__Bacteroidales;f__Porphyromonadaceae;g__Barnesiella;s__Barnesiella_intestinihominis	k__Bacteria;p__Bacteroidetes;c__Bacteroidia;o__Bacteroidales;f__Odoribacteraceae;g__Odoribacter;s__Odoribacter_splanchnicus	k__Bacteria;p__Bacteroidetes;c__Bacteroidia;o__Bacteroidales;f__Bacteroidaceae;g__Bacteroides;s__Bacteroides_salyersiae	k__Bacteria;p__Firmicutes;c__Clostridia;o__Clostridiales;f__Ruminococcaceae;g__Ruminiclostridium;s__[Eubacterium]_siraeum	k__Bacteria;p__Proteobacteria;c__Betaproteobacteria;o__Burkholderiales;f__Sutterellaceae;g__Parasutterella;s__Parasutterella_excrementihominis	k__Bacteria;p__Actinobacteria;c__Actinobacteria;o__Bifidobacteriales;f__Bifidobacteriaceae;g__Bifidobacterium;s__Bifidobacterium_adolescentis	k__Bacteria;p__Firmicutes;c__Clostridia;o__Clostridiales;f__Oscillospiraceae;g__Oscillibacter;s__Oscillibacter_sp._KLE_1745	k__Bacteria;p__Bacteroidetes;c__Bacteroidia;o__Bacteroidales;f__Bacteroidaceae;g__Bacteroides;s__Bacteroides_coprophilus	k__Bacteria;p__Firmicutes;c__Clostridia;o__Clostridiales;f__Lachnospiraceae;g__Roseburia;s__Roseburia_intestinalis	k__Bacteria;p__Firmicutes;c__Clostridia;o__Clostridiales;f__Lachnospiraceae;g__Roseburia;s__Roseburia_hominis	k__Bacteria;p__Bacteroidetes;c__Bacteroidia;o__Bacteroidales;f__Porphyromonadaceae;g__Parabacteroides;s__Parabacteroides_johnsonii	k__Bacteria;p__Actinobacteria;c__Actinobacteria;o__Bifidobacteriales;f__Bifidobacteriaceae;g__Bifidobacterium;s__Bifidobacterium_longum	k__Bacteria;p__Firmicutes;c__Clostridia;o__Clostridiales;f__;g__Flavonifractor;s__Flavonifractor_plautii	k__Bacteria;p__Firmicutes;c__Clostridia;o__Clostridiales;f__Clostridiaceae;g__Clostridium;s__Clostridium_phoceensis	k__Bacteria;p__Verrucomicrobia;c__Verrucomicrobiae;o__Verrucomicrobiales;f__Akkermansiaceae;g__Akkermansia;s__Akkermansia_muciniphila	k__Bacteria;p__Bacteroidetes;c__Bacteroidia;o__Bacteroidales;f__Prevotellaceae;g__Paraprevotella;s__Paraprevotella_xylaniphila	k__Bacteria;p__Firmicutes;c__Clostridia;o__Clostridiales;f__Ruminococcaceae;g__Ruminococcus;s__Ruminococcus_callidus	k__Bacteria;p__Bacteroidetes;c__Bacteroidia;o__Bacteroidales;f__Rikenellaceae;g__Alistipes;s__Alistipes_senegalensis	k__Bacteria;p__Firmicutes;c__Clostridia;o__Clostridiales;f__Lachnospiraceae;g__Blautia;s__Blautia_sp._KLE_1732	k__Bacteria;p__Bacteroidetes;c__Bacteroidia;o__Bacteroidales;f__Bacteroidaceae;g__Bacteroides;s__Bacteroides_oleiciplenus	k__Bacteria;p__Firmicutes;c__Clostridia;o__Clostridiales;f__Ruminococcaceae;g__Ruminococcus;s__Ruminococcus_bicirculans	k__Bacteria;p__Bacteroidetes;c__Bacteroidia;o__Bacteroidales;f__Bacteroidaceae;g__Bacteroides;s__Bacteroides_fluxus	k__Bacteria;p__Bacteroidetes;c__Bacteroidia;o__Bacteroidales;f__Prevotellaceae;g__Prevotella;s__Prevotella_stercorea	k__Bacteria;p__Firmicutes;c__Clostridia;o__Clostridiales;f__Lachnospiraceae;g__Dorea;s__Dorea_longicatena	k__Bacteria;p__Firmicutes;c__Clostridia;o__Clostridiales;f__Eubacteriaceae;g__Eubacterium;s__[Eubacterium]_eligens	k__Bacteria;p__Firmicutes;c__Clostridia;o__Clostridiales;f__Ruminococcaceae;g__;s__Ruminococcaceae_bacterium_D16	k__Bacteria;p__Firmicutes;c__Clostridia;o__Clostridiales;f__Lachnospiraceae;g__Coprococcus;s__Coprococcus_comes	k__Bacteria;p__Proteobacteria;c__Gammaproteobacteria;o__Enterobacterales;f__Enterobacteriaceae;g__Escherichia;s__Escherichia_coli	k__Bacteria;p__Firmicutes;c__Clostridia;o__Clostridiales;f__Ruminococcaceae;g__Anaerotruncus;s__Anaerotruncus_colihominis	k__Bacteria;p__Firmicutes;c__Clostridia;o__Clostridiales;f__Lachnospiraceae;g__Blautia;s__Blautia_obeum	k__Bacteria;p__Bacteroidetes;c__Bacteroidia;o__Bacteroidales;f__Odoribacteraceae;g__Odoribacter;s__Odoribacter_laneus	k__Bacteria;p__Firmicutes;c__Clostridia;o__Clostridiales;f__Ruminococcaceae;g__Ruminiclostridium;s__[Clostridium]_leptum	k__Bacteria;p__Bacteroidetes;c__Bacteroidia;o__Bacteroidales;f__Porphyromonadaceae;g__Parabacteroides;s__Parabacteroides_goldsteinii	k__Bacteria;p__Firmicutes;c__Clostridia;o__Clostridiales;f__Lachnospiraceae;g__Anaerostipes;s__Anaerostipes_hadrus	k__Bacteria;p__Firmicutes;c__Clostridia;o__Clostridiales;f__Ruminococcaceae;g__Ruminococcus;s__Ruminococcus_lactaris	k__Bacteria;p__Firmicutes;c__Clostridia;o__Clostridiales;f__Clostridiaceae;g__Clostridium;s__Clostridium_sp._L2-50	k__Bacteria;p__Firmicutes;c__Clostridia;o__Clostridiales;f__Clostridiaceae;g__Clostridium;s__Clostridium_sp._M62/1	k__Bacteria;p__Firmicutes;c__Clostridia;o__Clostridiales;f__;g__Intestinimonas;s__Intestinimonas_butyriciproducens	k__Bacteria;p__Actinobacteria;c__Actinobacteria;o__Bifidobacteriales;f__Bifidobacteriaceae;g__Bifidobacterium;s__Bifidobacterium_bifidum	k__Bacteria;p__Firmicutes;c__Negativicutes;o__Veillonellales;f__Veillonellaceae;g__Dialister;s__Dialister_invisus	k__Bacteria;p__Bacteroidetes;c__Bacteroidia;o__Bacteroidales;f__Bacteroidaceae;g__Bacteroides;s__Bacteroides_salanitronis
k__Bacteria;p__Bacteroidetes;c__Bacteroidia;o__Bacteroidales;f__Bacteroidaceae;g__Bacteroides;s__Bacteroides_vulgatus	1.0	0.00137522417475	0.038598277196	0.00689249285433	-0.00202384529678	0.0256454505366	-0.0178920545799	-0.0075108642296	-0.0308926762018	0.0102963190934	-0.00803285187469	0.0521763823118	0.0007084209703	0.00524381394772	0.0224531680867	0.00220548843202	0.00351674779747	-0.0142889873155	-0.00667462818399	-0.0156321489572	0.0486370551841	0.00386621646378	-0.0135487093186	-0.00590815964252	-0.0130681204929	0.0346447620389	-0.0261186514603	-0.0233381365275	0.0356862189874	0.0342099180722	0.0325788038632	0.0156546211636	0.0720920693613	0.00270413888266	0.0281895688562	0.0219302155716	-0.0152871633822	0.00195171845362	-0.00261781899958	-0.0383212402064	0.00327042772347	-0.0292275186056	0.026727226007	-0.0281829758934	-0.0202586090413	0.0122933706301	-0.0731321128961	-0.00511609108514	-0.0383491901401	-0.0102492883464	-0.018949666071	-0.0572566624959	0.00528415580175	-0.0125336606306	-0.00296455482317	0.00895351145145	0.00847770203796	0.0470696239466	-0.0217585023228
k__Bacteria;p__Bacteroidetes;c__Bacteroidia;o__Bacteroidales;f__Bacteroidaceae;g__Bacteroides;s__Bacteroides_uniformis	0.00137522417475	1.0	-0.0100052401311	0.00950983345451	0.0201355177812	-0.0390099510208	-0.00966807192888	0.0141838770956	-0.0101914238122	0.00301422628614	0.0371307498258	0.0177995614343	-0.0557132765536	0.0170713773176	-0.0223025202986	0.0122699543829	-0.00846370446956	0.0314227943288	0.0184058359512	0.00271488991019	0.029374118142	0.0091927104789	-0.0280359080379	0.0551192578572	0.014038216614	-0.0577440812925	0.043818253734	-0.00329526013833	0.000571618276062	-0.00850087552414	0.000762857444575	-0.0422425333628	-0.0456399328772	-0.0742991649654	0.0223979436394	-0.0102105810905	-0.0179406716684	-0.0152773502294	-0.0298222108712	-0.0464368933831	0.000539124905549	-0.0118210212937	-0.000993538808279	0.0313604707766	0.0257482066046	0.033475279816	-0.000867442203373	-0.0761131027337	-0.0258438866849	-0.020474901137	-0.019368130546	0.00197464185745	0.0462855050006	-0.0312392670691	0.0256980020839	0.00542896276507	-0.0274765288526	0.0287648639456	-0.0910020479383
k__Bacteria;p__Bacteroidetes;c__Bacteroidia;o__Bacteroidales;f__Rikenellaceae;g__Alistipes;s__Alistipes_putredinis	0.038598277196	-0.0100052401311	1.0	-0.00425579056718	0.0386069340513	0.0785552920057	-0.0281651237069	-0.0410858088323	0.00500082249189	-0.000186413247611	0.0331995684681	-0.0406789738205	0.0248940215104	-0.00415700930618	-0.0367234148869	0.0148800709551	-0.0366213720365	-0.0750400343303	-0.0165682262384	0.0335495260668	-0.0290457362807	-0.0258369277839	-0.0172959046928	-0.0587237160606	-0.0103980047402	-0.00511372536408	-0.00542464201537	-0.0262745662076	0.0127913160646	-0.0602103480964	-0.0190078579486	0.000929092953945	-0.0143414869316	0.0847566813354	-0.0297776367564	-0.0150305272713	-0.00797325645547	-0.0214746008351	0.0311276283171	-0.0451568107656	0.0192063490337	-0.00563491223433	-0.0078164516577	0.012021032235	0.0386091405023	-0.0318965019	-0.0202192009868	0.0128321447573	0.0207524599149	-0.0486614168878	0.0334516627922	-0.0556341314256	0.00421196861946	-0.0149742191667	0.0197524049141	-0.0129455205422	-0.0187222123123	-0.0568597188877	-0.0056911884974
k__Bacteria;p__Bacteroidetes;c__Bacteroidia;o__Bacteroidales;f__Prevotellaceae;g__Prevotella;s__Prevotella_copri	0.00689249285433	0.00950983345451	-0.00425579056718	1.0	-0.027296786951	-0.0717293141083	0.0212619097391	0.00856418017407	0.00630420564629	-0.0276763695735	-0.0341044200774	-0.0459208458423	-0.0389204396999	0.0391533667777	-0.0225957466904	0.0405049333679	0.0262484377381	-0.00836138863757	0.056308739944	-0.0177585055481	-0.0279742166107	-0.0113720124417	-0.0088133516115	-0.0478293065953	0.0359339527732	-0.011837752722	0.0131908075796	0.00976907933582	0.0147719267427	-0.0331227217801	0.0762635849948	-0.0488186132042	0.0619384167327	-0.0672927590374	0.00832382868719	-0.0247824797618	-0.0336078105973	-0.0335033731081	-0.0306245788896	-0.0832899319243	0.0128054401042	0.00424230302327	0.013080004399	-0.0320168510897	0.00151526184735	-0.00607127003917	-0.0276803204211	-0.0458925145924	-0.0126899712526	-0.0527913858889	-0.0250439416171	-0.0824592001192	-0.0288983943103	-0.0662883157967	-0.00856750532061	0.0268414037804	-0.00184609044879	-0.0351260108929	0.0157164614865
k__Bacteria;p__Bacteroidetes;c__Bacteroidia;o__Bacteroidales;f__Bacteroidaceae;g__Bacteroides;s__Bacteroides_stercoris	-0.00202384529678	0.0201355177812	0.0386069340513	-0.027296786951	1.0	0.015274375884	0.0264218049913	-0.021936275181	0.0711383053624	0.00831501837614	-0.0692219555052	-0.0870712500673	0.0327430349982	0.000769994158942	0.0118908195392	-0.0139951710696	-0.0112726535317	-0.00618507677232	-0.0178373469468	-0.0544152284961	-0.0201581049288	0.00521847155351	0.0249894409776	0.0305519159846	-0.027492341115	0.0303773405194	-0.0372530431605	-0.0378387112049	-0.0388062718426	-0.0258741014317	-0.0143228893214	-0.043993894377	-0.0244221512276	0.000424830071258	-0.0369681578656	-0.062258767445	-0.0123422065827	-0.0284056999856	0.000970176768158	-0.0410708864209	0.0289129813572	0.0316555596217	-0.00934152974083	-0.00609203671036	0.0134034108186	0.0272135209463	-0.04939037895	-0.00708814208243	0.00352490547266	-0.0162077841898	-0.0161629515998	-0.027048104993	0.0317107145243	0.00401103858085	0.0207741162616	-0.0289550914444	0.00371637397164	0.0083564534573	0.00189445896831
k__Bacteria;p__Bacteroidetes;c__Bacteroidia;o__Bacteroidales;f__Bacteroidaceae;g__Bacteroides;s__Bacteroides_ovatus	0.0256454505366	-0.0390099510208	0.0785552920057	-0.0717293141083	0.015274375884	1.0	-0.0177009468129	0.00780536106805	0.0346953878483	0.0173259976289	-0.0351924979146	0.00445915707092	-0.0294021953214	0.00867847319737	0.0298219818509	0.00491104216404	-0.0285141325257	-0.0189745628347	-0.0306374915936	-0.0189410097092	0.0119493020528	-0.0509632855708	-0.0116389900893	-0.0126590793575	-0.0761246606901	0.00429561061706	0.0292750479988	0.034450294116	0.00445666387798	0.0327146780538	-0.00521681379826	-0.0162910382238	-0.0616525770996	0.0790192065843	0.00160019368681	-0.00865546851775	0.0139834885987	0.0108878772014	-0.0327256782	-0.0369693278444	-0.0321468960299	-0.0232330126055	-0.0313822760929	-0.011132213884	-0.0181019252804	-0.0473378539145	-0.0743431351796	-0.0132842672497	0.0038264086295	0.00400418341003	0.0046256683816	-0.0597352188984	0.0128191817129	0.0456629024848	-0.0577757887425	0.00673131081922	-0.0222389992092	-0.0164967326454	-0.00900915488209
k__Bacteria;p__Bacteroidetes;c__Bacteroidia;o__Bacteroidales;f__Rikenellaceae;g__Alistipes;s__Alistipes_shahii	-0.0178920545799	-0.00966807192888	-0.0281651237069	0.0212619097391	0.0264218049913	-0.0177009468129	1.0	-0.0224415644415	-0.0343614156767	0.0181255965178	-0.046648693028	0.00215010605656	0.031675250536	-0.021792076006	-0.00299393937166	-0.0125115372355	-0.0674056838262	-0.0673938741805	-0.0383378995839	0.0497542416245	-0.0118809862978	-0.00378245382209	-0.0398008258576	-0.00328758760315	-0.0214420147548	-0.0145651533793	0.0607285179138	-0.0357597359872	0.0111331190645	-0.00646227588343	-0.00300488401026	0.0299480907394	-0.0475619469906	-0.0102599988039	0.0176199454335	-0.0607867629637	-0.0275769178339	0.0500166650523	-0.0173260855778	-0.0586780909284	0.0526728253382	0.00810346249488	0.00878800918889	0.0215367528504	0.0420490270596	0.0503401092591	0.0494699487325	-0.0310141056844	0.0151364730821	-0.062873777866	0.0202628069819	-0.0151930337196	0.0152148101689	-0.063844528805	0.00751125134281	-0.0103867642754	0.00826202711417	-0.0441031493141	0.0231486837034
k__Bacteria;p__Firmicutes;c__Clostridia;o__Clostridiales;f__Ruminococcaceae;g__Faecalibacterium;s__Faecalibacterium_prausnitzii	-0.0075108642296	0.0141838770956	-0.0410858088323	0.00856418017407	-0.021936275181	0.00780536106805	-0.0224415644415	1.0	0.00543731561936	-0.0639919109204	-0.0343007705035	0.00883103741577	-0.000986790419594	0.0628518350963	-0.0159638245115	-0.0105346834678	-0.00368730791216	0.0436923126052	0.0393148313623	-0.0507147430159	-0.016155664612	0.0105588163877	0.0234800687974	-0.0281367580544	-0.00267578787133	-0.0293432409187	-0.0160469748061	-0.0210245252676	-0.0205785980663	-0.0634907670617	-0.0166353339251	-0.0313178474981	-0.032605895927	-0.0552553372208	-0.00687267035195	0.00478883814824	0.00123192911618	-0.0415844607559	-0.00932029730832	0.107289838843	-0.0306785885108	0.00480720650605	-0.0452971269417	0.00144938576826	-0.027801815111	0.0220906580975	0.0478351303937	-0.0178811565319	-0.0325320419866	-0.0435545820937	-0.0246476456025	-0.0206032867952	0.0115211790388	-0.032021273342	-0.0171216216255	-0.0138436269545	0.0269075601524	0.00948068341521	-0.00509093254701
k__Bacteria;p__Bacteroidetes;c__Bacteroidia;o__Bacteroidales;f__Rikenellaceae;g__Alistipes;s__Alistipes_finegoldii	-0.0308926762018	-0.0101914238122	0.00500082249189	0.00630420564629	0.0711383053624	0.0346953878483	-0.0343614156767	0.00543731561936	1.0	-0.0013128179776	-0.0171747142077	0.0105910125912	-0.067368380602	-0.0400591073301	-0.0404763806533	-0.000155600004057	-0.047448279396	-0.00230985104032	-0.0329911463666	-0.0171462770917	0.0164574023048	-0.0130116169713	-0.00939205513803	-0.00680911782313	0.00541138491286	-0.0353046075266	0.00878909266238	0.0219507323884	0.011986134415	0.0160438504202	0.0070516465092	0.000280779757853	0.0114730918333	-0.00872538581416	-0.015797801817	-0.00086389904722	-0.00981282430077	-0.0437581464323	0.0288348689655	-0.0259306922384	-0.0367641256506	-0.0745989738888	-0.00869092586619	-0.0309984108	0.0463749296291	-0.00640391799428	-0.0394055041431	0.0291152062144	0.050612347524	0.00811583460153	-0.0258246397768	0.0266664445419	-0.0331966304087	-0.00648338520644	-0.0426812369965	-0.074500862328	-0.0630556665412	0.0024180735348	0.0524449318163
k__Bacteria;p__Bacteroidetes;c__Bacteroidia;o__Bacteroidales;f__Porphyromonadaceae;g__Parabacteroides;s__Parabacteroides_distasonis	0.0102963190934	0.00301422628614	-0.000186413247611	-0.0276763695735	0.00831501837614	0.0173259976289	0.0181255965178	-0.0639919109204	-0.0013128179776	1.0	0.0263369577515	0.0549572697874	0.0287796961515	-0.0292161563462	-0.00597933604715	0.00692422553135	-0.0184975594343	-0.0046596264896	-0.0347596609226	-0.00825024217794	0.0105134696534	0.0293090747259	-0.0540713177604	0.044984164732	-0.00144213335398	-0.029748039205	0.0357190264237	-0.00627142505359	0.00446743147702	0.0199025782131	-0.0834185824548	-0.0470178133273	0.0110538943228	0.00412973882362	-0.0190587086967	-0.0236918226122	-0.00466493589387	-0.0315431374604	0.00742158212975	-0.0100567290457	-0.0254404215722	0.0226732856874	0.0344223705237	0.00302866921901	-0.0312939056374	0.0457295532756	0.0156308256184	-0.0118096002102	-0.0521795298014	0.014153162837	0.0470467489284	0.00845028420738	-0.00340645744117	-0.0210901975541	-0.00414896026129	-0.0231716060046	0.00793170898369	-0.0350343238365	-0.0355869093306
k__Bacteria;p__Bacteroidetes;c__Bacteroidia;o__Bacteroidales;f__Bacteroidaceae;g__Bacteroides;s__Bacteroides_thetaiotaomicron	-0.00803285187469	0.0371307498258	0.0331995684681	-0.0341044200774	-0.0692219555052	-0.0351924979146	-0.046648693028	-0.0343007705035	-0.0171747142077	0.0263369577515	1.0	0.00765849067548	0.0221481094319	-0.0316883312727	-0.0411204427859	0.0293573258098	-0.000871607917543	-0.0255974292655	-0.0227844763546	-0.00260042679238	-0.000845061607193	-0.0209844451543	-0.0311442343941	-0.0287042062634	0.0520228507148	-0.0122493994461	-0.0066644383276	-0.0603504342716	0.0141883402788	-0.0548550395394	-0.0208362269188	0.0234038757254	0.029568017082	0.0397970678956	-0.00915233379409	-0.0296454499931	-0.0284376812554	-0.00185820113531	0.0528411354499	-0.0151209069073	0.0188977350272	0.00347136806262	-0.0161364006237	-0.0128921590484	0.0349056708725	-0.00256074198029	-0.0116462411382	0.0232994747928	-0.0153670426273	0.00445156922242	0.000344607368211	0.00385040944133	0.0278565745461	0.00535368435538	-0.0204180847216	-0.050285030245	0.0241251671743	0.0607921151213	-0.021301560157
k__Bacteria;p__Bacteroidetes;c__Bacteroidia;o__Bacteroidales;f__Bacteroidaceae;g__Bacteroides;s__Bacteroides_coprocola	0.0521763823118	0.0177995614343	-0.0406789738205	-0.0459208458423	-0.0870712500673	0.00445915707092	0.00215010605656	0.00883103741577	0.0105910125912	0.0549572697874	0.00765849067548	1.0	-0.0605172413816	-0.051093484567	0.0407909144622	0.0112720272784	0.0068817039375	5.16727326913e-05	0.0254855070786	0.00784723181579	-0.000437704601857	0.0175491859604	-0.0169402236981	-0.0423586408056	0.017650421823	-0.00267954931044	0.00395380690425	0.0220355411057	-0.0633629333864	-0.00265214159497	-0.0114116680394	0.0130192353785	-0.0753416467117	-0.0398218833172	-0.00700184122784	-0.0564333816584	-0.0425810713056	0.0471822080124	0.00016923983497	-0.0130837213257	0.0459878043946	-0.0337245370299	-0.0296385113302	0.0250606132302	0.0342142616075	0.0449613718092	0.0269722753295	0.0128988055607	0.0138909951589	-0.0403311033617	-0.0433753871338	-0.0035071562695	-0.00748076151605	-0.0143843009202	-0.0350791124494	0.022966191211	-0.00398239271092	-0.0267585238909	-0.0405058284777
k__Bacteria;p__Bacteroidetes;c__Bacteroidia;o__Bacteroidales;f__Bacteroidaceae;g__Bacteroides;s__Bacteroides_cellulosilyticus	0.0007084209703	-0.0557132765536	0.0248940215104	-0.0389204396999	0.0327430349982	-0.0294021953214	0.031675250536	-0.000986790419594	-0.067368380602	0.0287796961515	0.0221481094319	-0.0605172413816	1.0	0.0342809301343	-0.02689464465	-0.00889691585622	-4.71652730827e-06	-0.0113311175593	-0.0602403839724	0.0253844001869	0.0154212714379	-0.0128038778592	-0.0437006590445	0.036112747795	0.0352777416585	0.0481819647737	-0.0394905325641	-0.0270106874612	0.01006009475	0.00529092099728	0.0446140809215	-0.00378827840702	-0.0239501231775	-0.0243706863441	0.00476553378147	0.037860698086	-0.00394524214057	-0.0362166198071	-0.0142105426133	-0.0281763251738	-0.00125416649695	0.02865331831	0.0626236835967	-0.00515024762601	0.0059632922629	-0.085381276124	0.0163834164295	-0.00640728714018	0.0195515745498	-0.0759494719824	0.00416542628244	-0.0693764698203	-0.0172994414066	-0.000571945704503	-0.00138954460326	0.0383740110504	0.0326481293248	0.0140037673274	-0.0283227502652
k__Bacteria;p__Bacteroidetes;c__Bacteroidia;o__Bacteroidales;f__Rikenellaceae;g__Alistipes;s__Alistipes_obesi	0.00524381394772	0.0170713773176	-0.00415700930618	0.0391533667777	0.000769994158942	0.00867847319737	-0.021792076006	0.0628518350963	-0.0400591073301	-0.0292161563462	-0.0316883312727	-0.051093484567	0.0342809301343	1.0	0.0256690742744	-0.0356522721715	-0.00542696674822	0.0539186915611	-0.00142815388695	-0.0341456066319	-0.0200624780712	-0.0557761842977	-0.02423813227	-0.0250761844094	-0.0131409540138	-0.0337728263516	-0.0563988804418	0.0116181467947	0.0837505704306	-0.0346685185548	-0.0617187378888	0.0183614884044	0.0327830548257	-0.0348262469956	-0.00863682357782	-0.0264880965891	-0.0131373963206	0.0134264080582	-0.029908541365	-0.023149168443	-0.0555762419213	0.0105128986207	-0.0266652692485	0.00378458017692	0.020725047547	-0.0324227069559	0.0374138934033	0.0196266651415	0.00647680456369	-0.0149353869529	0.032776513501	-0.0160293633703	-0.0199857474028	0.0502291850547	-0.0326069964117	0.000519481751925	-0.0460683932529	-0.0247123661923	-0.0180756078929
k__Bacteria;p__Firmicutes;c__Clostridia;o__Clostridiales;f__Lachnospiraceae;g__;s__[Eubacterium]_rectale	0.0224531680867	-0.0223025202986	-0.0367234148869	-0.0225957466904	0.0118908195392	0.0298219818509	-0.00299393937166	-0.0159638245115	-0.0404763806533	-0.00597933604715	-0.0411204427859	0.0407909144622	-0.02689464465	0.0256690742744	1.0	-0.0702403392446	-0.0073352524531	-0.0427481209756	-0.000392388773265	-0.0467612202059	-0.0124755979792	0.0312202073322	-0.00059453614865	0.0204040007417	-0.0230784622528	0.046376891413	-0.00602739431877	0.0146374121775	0.0148505271018	0.00620298571863	0.00348745089466	0.0196035293402	-0.072331796276	-0.015425208539	-0.0170278654857	0.0463970553121	-0.0117957121814	-0.0274385344819	0.0479550904531	-0.0136556370777	0.0264548020164	0.0155866121305	0.0346867155309	-0.0121063452455	-0.041976673755	0.00340100391982	-0.0279288463751	0.0292349611451	0.00416083994959	-0.0392849772753	-0.0543053165867	-0.0672881536947	-0.070125368076	0.0456660393974	-0.0904690895005	-0.0217140921569	-0.0358294973173	0.0052759615173	0.0421942311456
k__Bacteria;p__Bacteroidetes;c__Bacteroidia;o__Bacteroidales;f__Bacteroidaceae;g__Bacteroides;s__Bacteroides_plebeius	0.00220548843202	0.0122699543829	0.0148800709551	0.0405049333679	-0.0139951710696	0.00491104216404	-0.0125115372355	-0.0105346834678	-0.000155600004057	0.00692422553135	0.0293573258098	0.0112720272784	-0.00889691585622	-0.0356522721715	-0.0702403392446	1.0	-0.0171417354878	-0.0506090042287	-0.0238973122672	-0.0704397946196	0.00527318694079	-0.0336945896435	0.0259808252167	-0.0148668232069	0.0496577123898	0.00777728341788	-0.0222828080395	0.00537033505519	-0.00738125133804	0.0363673079857	0.0400102042616	-0.0296083097165	0.0368930576953	-0.00828433619971	0.00177451086659	-0.0297119401991	-0.0446059073414	-0.00968575634394	-0.0360305002492	0.0148871953924	-0.000387677905056	-0.0299593776066	0.0237394818522	0.0511081575128	-0.0602028342554	-0.0158450830648	-0.0257897862971	0.0100821955315	-0.0424740796836	0.00426570465527	0.00184780456847	-0.0459240239181	-0.0467136739488	0.0307207298045	0.00604784178725	0.0070305105936	-0.0359379722077	0.0145184989853	-0.0211397957225
k__Bacteria;p__Bacteroidetes;c__Bacteroidia;o__Bacteroidales;f__Bacteroidaceae;g__Bacteroides;s__Bacteroides_fragilis	0.00351674779747	-0.00846370446956	-0.0366213720365	0.0262484377381	-0.0112726535317	-0.0285141325257	-0.0674056838262	-0.00368730791216	-0.047448279396	-0.0184975594343	-0.000871607917543	0.0068817039375	-4.71652730831e-06	-0.00542696674822	-0.0073352524531	-0.0171417354878	1.0	-0.00674265151857	-0.0630652231402	-0.0373491980093	0.00860468860886	-0.000404956064293	0.0277200026175	-0.010756700573	0.0184990423353	-0.0399432965776	-0.0384846380129	-0.00478964417089	-0.023605445747	-0.00866142047597	-0.0574877310719	0.025369915846	0.00276273796096	-0.0323767324353	-0.0220346251613	-0.011698808766	-0.0383015151019	0.0152955497851	0.0222285208396	0.0541822133812	-0.0544064533392	0.00735109885079	0.0343941122211	-0.014314361222	-0.0437128336876	0.0239245483745	0.014220571044	0.027237572214	0.020042705899	-0.0169444942701	-0.0426105015038	0.0408245652971	-0.0646531357916	0.00519454423066	0.0335543303421	-0.00877247183248	0.0122202191717	0.000817054873516	0.0374754253724
k__Bacteria;p__Proteobacteria;c__Betaproteobacteria;o__Burkholderiales;f__Sutterellaceae;g__Sutterella;s__Sutterella_wadsworthensis	-0.0142889873155	0.0314227943288	-0.0750400343303	-0.00836138863757	-0.00618507677232	-0.0189745628347	-0.0673938741805	0.0436923126052	-0.00230985104032	-0.0046596264896	-0.0255974292655	5.16727326913e-05	-0.0113311175593	0.0539186915611	-0.0427481209756	-0.0506090042287	-0.00674265151857	1.0	-0.0388521147661	0.027683456144	-0.0442166444903	-0.00357912768478	0.0598430353958	-0.0161900283181	-0.00770658075864	-0.0559601883227	-0.0146118893171	-0.0209710411636	0.00151442629332	-0.0119837618035	0.0112598274649	0.0375826742466	-0.00770119369813	-0.0495966733887	0.0234847978398	0.0121329565049	0.00946594842027	0.0291992527345	-0.00646157658412	0.0314367983084	0.0130607710015	0.0094222690142	-0.0257847413497	0.0133069158914	-0.0276293011501	0.0568913383511	0.00251885690827	-0.00519427139085	-0.000994113001218	-0.0165456678024	-0.0746200275646	-0.000528720354859	0.00105793713036	-0.0127070467828	-0.0110704538721	-0.0175196955709	-0.0318193124443	-0.0197998764023	-0.0313440266431
k__Bacteria;p__Bacteroidetes;c__Bacteroidia;o__Bacteroidales;f__Porphyromonadaceae;g__Barnesiella;s__Barnesiella_intestinihominis	-0.00667462818398	0.0184058359512	-0.0165682262384	0.056308739944	-0.0178373469468	-0.0306374915936	-0.0383378995839	0.0393148313623	-0.0329911463666	-0.0347596609226	-0.0227844763546	0.0254855070786	-0.0602403839724	-0.00142815388695	-0.000392388773265	-0.0238973122672	-0.0630652231402	-0.0388521147661	1.0	-0.0125713359905	0.00388141937543	-0.0478050374298	0.0243408248413	0.0222904715944	-0.00209538648082	-0.0434366280963	0.0350063594052	-0.0184870387694	-0.0161965054252	-0.0616897517993	0.00317319282499	-0.0182926996733	0.0279796631737	-0.0177080091045	-0.0163534403532	0.00407231686509	0.0144038947044	0.0142007374989	-0.046229655684	0.00463059223134	-0.00595145153602	0.0264843616117	0.0549285003355	-0.0309960194711	0.0142010580956	-0.0227563171332	0.0709580933782	-0.0779747972293	-0.0102070291475	0.0227458375563	-0.00747260409775	0.00465479303596	0.0129565386907	-0.0126239777502	0.0158950902997	-0.0204901588524	-0.0687983240534	-0.0471424558385	0.0190578559724
k__Bacteria;p__Bacteroidetes;c__Bacteroidia;o__Bacteroidales;f__Odoribacteraceae;g__Odoribacter;s__Odoribacter_splanchnicus	-0.0156321489572	0.00271488991018	0.0335495260668	-0.0177585055481	-0.0544152284961	-0.0189410097092	0.0497542416245	-0.0507147430159	-0.0171462770917	-0.00825024217794	-0.00260042679238	0.00784723181579	0.0253844001869	-0.0341456066319	-0.0467612202059	-0.0704397946196	-0.0373491980093	0.027683456144	-0.0125713359905	1.0	0.0158666398768	0.0428750928221	-0.0268655755439	-0.0844186543466	-0.0243672396143	0.00635770450616	-0.0237316554939	0.0419371178113	0.0210456588827	-0.00137715443312	0.0164483378561	-0.014029966015	-0.0546535101627	0.0106875396635	0.00221851834848	0.0073143106289	0.0740952187116	-0.00259530815612	-0.00387389427559	0.00135656671067	-0.0284592436735	-0.000131282997578	-0.0438845070575	-0.0527636309719	-0.0103539153215	-0.00675867035063	-0.0285559187902	-0.00820365069413	0.00125672054116	0.0147579805556	-0.033614690547	0.00601784229205	0.0104983365653	0.0370232510495	0.00338096402768	0.0695916090226	0.0355970693545	-0.0339771996553	0.0439130599623
k__Bacteria;p__Bacteroidetes;c__Bacteroidia;o__Bacteroidales;f__Bacteroidaceae;g__Bacteroides;s__Bacteroides_salyersiae	0.0486370551841	0.029374118142	-0.0290457362807	-0.0279742166107	-0.0201581049288	0.0119493020528	-0.0118809862978	-0.016155664612	0.0164574023048	0.0105134696534	-0.000845061607193	-0.000437704601857	0.0154212714379	-0.0200624780712	-0.0124755979792	0.00527318694079	0.00860468860886	-0.0442166444903	0.00388141937543	0.0158666398768	1.0	-0.0474540551679	-0.03794485046	-0.0488460706146	0.0585903474202	0.0200626117564	0.038104412211	-0.0308243954021	0.0509421218577	-0.0141443142542	-0.0263212821931	0.0348660252033	0.0569972519414	-0.00581189692968	-0.00175788928067	-0.00998311236514	-0.0357956831869	-0.00355614865231	-0.0449276720485	-0.00947959373729	-0.0302636352341	-0.000495435133296	-0.0140579391338	0.0253501827188	-0.0334264411788	-0.0172899721157	-0.0513123461607	0.0230046358586	0.0220004268049	0.0122358955574	-0.0372537334621	-0.00595211340725	-0.0277623435756	0.0178690088487	-0.0571837129133	0.0115049142645	-0.0539575449772	0.0115282138132	-0.03145843562
k__Bacteria;p__Firmicutes;c__Clostridia;o__Clostridiales;f__Ruminococcaceae;g__Ruminiclostridium;s__[Eubacterium]_siraeum	0.00386621646378	0.0091927104789	-0.0258369277839	-0.0113720124417	0.00521847155351	-0.0509632855708	-0.00378245382209	0.0105588163877	-0.0130116169713	0.0293090747259	-0.0209844451543	0.0175491859604	-0.0128038778592	-0.0557761842977	0.0312202073322	-0.0336945896435	-0.000404956064292	-0.00357912768478	-0.0478050374298	0.0428750928221	-0.0474540551679	1.0	0.00854563804255	-0.000208827222519	0.0148347930954	0.0131610761298	-0.0490033518534	-0.0292572897099	-0.00576698332553	-0.00942328263325	-0.042071304328	0.0596401607147	0.019426112817	0.0266514188274	0.0293919397732	0.00758709374156	0.00163761357407	-0.0686331667313	-0.0145754394211	-0.0259753888665	-0.00569738524169	0.00811001481362	0.0584824485767	-0.0264638001744	-0.0476501393189	0.029412913668	-0.0325366041541	-0.0201620469828	0.042884822599	0.0305767943937	0.00441717976161	-0.00470176951164	-0.00842959589201	-0.0511723483232	-0.028693687054	-0.0246191641861	0.0222438855231	0.00751315265198	0.0435762402654
k__Bacteria;p__Proteobacteria;c__Betaproteobacteria;o__Burkholderiales;f__Sutterellaceae;g__Parasutterella;s__Parasutterella_excrementihominis	-0.0135487093186	-0.0280359080379	-0.0172959046928	-0.0088133516115	0.0249894409776	-0.0116389900893	-0.0398008258576	0.0234800687974	-0.00939205513803	-0.0540713177604	-0.0311442343941	-0.0169402236981	-0.0437006590445	-0.02423813227	-0.00059453614865	0.0259808252167	0.0277200026175	0.0598430353958	0.0243408248413	-0.0268655755439	-0.03794485046	0.00854563804255	1.0	-0.00607571229241	0.0206692061451	-0.0196561460334	0.0110286986895	-0.0113727344803	-0.0234396640257	-0.0550119523432	0.0216924248604	0.00657625363522	0.00440934115592	-0.0185634327167	0.0501284987768	-0.0230230817105	-0.028048637331	-0.0693654550174	0.0158977762656	0.0129346013865	0.0573247055765	-0.0317419501416	0.0127418372168	0.00391694953393	-0.0228914531557	-0.0394559377901	-0.034410835174	-0.0362769669998	-0.0452447211451	-0.0189474592953	-0.0242874533599	0.0543652891737	-0.00240044394499	-0.0502129133157	-0.0187763346147	0.0234809179164	-0.0119059524402	0.00416613172936	0.0110566245688
k__Bacteria;p__Actinobacteria;c__Actinobacteria;o__Bifidobacteriales;f__Bifidobacteriaceae;g__Bifidobacterium;s__Bifidobacterium_adolescentis	-0.00590815964252	0.0551192578572	-0.0587237160606	-0.0478293065953	0.0305519159846	-0.0126590793575	-0.00328758760315	-0.0281367580544	-0.00680911782313	0.044984164732	-0.0287042062634	-0.0423586408056	0.036112747795	-0.0250761844094	0.0204040007417	-0.0148668232069	-0.010756700573	-0.0161900283181	0.0222904715944	-0.0844186543466	-0.0488460706146	-0.000208827222519	-0.00607571229241	1.0	-0.00817962473829	-0.0607044081424	0.0285500682548	-0.0134570082035	0.00127351136424	0.035940424111	-0.00131883322195	-0.0343548750007	-0.00764939015814	0.0270149762678	-0.00176158856133	-0.0129806963704	0.0632579359295	0.0635601636215	0.00351873368154	0.0452754070884	-0.00776040842443	0.00584730145015	0.00162917133937	-0.0158297375876	-0.0236785659898	-0.0349674244742	0.00413788248627	-0.0416772039539	-0.0305214226213	-0.0687200550383	0.00333892388932	0.0172483388078	-0.0014749095351	-0.0472275087615	0.0611684436293	-0.0122909666513	0.00683297057024	-0.0391254250189	0.0571978981182
k__Bacteria;p__Firmicutes;c__Clostridia;o__Clostridiales;f__Oscillospiraceae;g__Oscillibacter;s__Oscillibacter_sp._KLE_1745	-0.0130681204929	0.014038216614	-0.0103980047402	0.0359339527732	-0.027492341115	-0.0761246606901	-0.0214420147548	-0.00267578787133	0.00541138491286	-0.00144213335398	0.0520228507148	0.017650421823	0.0352777416585	-0.0131409540138	-0.0230784622528	0.0496577123898	0.0184990423353	-0.00770658075864	-0.00209538648082	-0.0243672396143	0.0585903474202	0.0148347930954	0.0206692061451	-0.00817962473829	1.0	-0.00350857854603	-0.0628453260973	0.0138290817403	0.0262326384292	-0.0154537504157	0.00323256265768	-0.0143652379298	-0.0226994132126	-0.0223198277497	-0.0204757106864	-0.0256352587552	-0.0557967228771	-0.0312113902375	-0.0350757853064	-0.0466949333167	-0.0229679744473	0.0139058567987	0.050505621956	-0.00179346032199	-0.0162369391619	-0.0247578766097	-0.0217693360312	-0.0219612609836	-0.0894629017474	0.0325797392888	-0.0470242751224	-0.0392659211732	-0.0492150585861	0.0258361362547	-0.00396908491584	-0.0056127466532	-0.0933018008487	0.0617042959976	0.00971741097578
k__Bacteria;p__Bacteroidetes;c__Bacteroidia;o__Bacteroidales;f__Bacteroidaceae;g__Bacteroides;s__Bacteroides_coprophilus	0.0346447620389	-0.0577440812925	-0.00511372536408	-0.011837752722	0.0303773405194	0.00429561061706	-0.0145651533793	-0.0293432409187	-0.0353046075266	-0.029748039205	-0.0122493994461	-0.00267954931044	0.0481819647737	-0.0337728263516	0.046376891413	0.00777728341788	-0.0399432965776	-0.0559601883227	-0.0434366280963	0.00635770450616	0.0200626117564	0.0131610761298	-0.0196561460334	-0.0607044081424	-0.00350857854603	1.0	0.0452604298407	0.0333275931216	-0.0233016916117	0.0283471403788	0.0184848526589	-0.056973037019	0.0046987945318	-0.00107282995091	0.00596598085356	0.0321461754636	0.0296001635415	-0.034527840897	-0.00267622137776	-0.0194425380136	-0.0649432472887	-0.0137993891722	-0.0278714096138	-0.0325805799907	-0.0513905284166	-0.02544121846	-0.0433774985264	0.00585126858291	0.00526926632556	0.045636210288	-0.0460994994565	-0.0254500304417	-0.053427652701	-0.0129144793322	0.0575351419149	0.0464864699629	0.0285703920344	0.0289963678306	0.0895582921355
k__Bacteria;p__Firmicutes;c__Clostridia;o__Clostridiales;f__Lachnospiraceae;g__Roseburia;s__Roseburia_intestinalis	-0.0261186514603	0.043818253734	-0.00542464201537	0.0131908075796	-0.0372530431605	0.0292750479988	0.0607285179138	-0.0160469748061	0.00878909266238	0.0357190264237	-0.0066644383276	0.00395380690425	-0.0394905325641	-0.0563988804418	-0.00602739431877	-0.0222828080395	-0.0384846380129	-0.0146118893171	0.0350063594052	-0.0237316554939	0.038104412211	-0.0490033518534	0.0110286986895	0.0285500682548	-0.0628453260973	0.0452604298407	1.0	0.00368381312352	-0.01718627394	0.0189927945563	-0.000273160892971	0.0151155624716	0.00519766537129	-0.0272131791292	-0.0154385259883	-0.00457052871175	0.0142813232095	0.02682102611	0.00773278701164	0.0124223335415	-0.0300582936436	-0.022133495281	0.00843623767932	-0.0790038263337	0.0585019242841	-0.0117455791101	-0.025272625645	-0.0772499659921	0.0349901820275	-0.0273802220714	-0.00207001947643	-0.0304186923051	-0.01649864507	0.025605705996	-0.0493303124056	-0.0253650329997	-0.0244056216597	-0.0320300990129	-0.0439003715591
k__Bacteria;p__Firmicutes;c__Clostridia;o__Clostridiales;f__Lachnospiraceae;g__Roseburia;s__Roseburia_hominis	-0.0233381365275	-0.00329526013833	-0.0262745662076	0.00976907933582	-0.0378387112049	0.034450294116	-0.0357597359872	-0.0210245252676	0.0219507323884	-0.00627142505359	-0.0603504342716	0.0220355411057	-0.0270106874612	0.0116181467947	0.0146374121775	0.00537033505519	-0.00478964417088	-0.0209710411636	-0.0184870387694	0.0419371178113	-0.0308243954021	-0.0292572897099	-0.0113727344803	-0.0134570082035	0.0138290817403	0.0333275931216	0.00368381312352	1.0	0.0428720914565	-0.00317862708419	-0.0264112930473	-0.0375793025105	0.0181864456273	0.0303573570115	-0.0436442447665	0.0177513097225	0.0275789287458	0.0428291107645	0.000344610043967	0.0378835374475	0.0137305162304	0.0461750285683	-0.00674094900633	-0.0288157393677	-0.0168573477183	0.0330100123907	-0.00524903828893	0.0257405747833	0.0180784934358	-0.0145219079839	0.00584986650837	-0.0125748185319	-0.0589460409798	-0.0336584189413	0.006210178883	-0.00146580146091	0.00333167029286	-0.0119956015084	-0.0362868462026
k__Bacteria;p__Bacteroidetes;c__Bacteroidia;o__Bacteroidales;f__Porphyromonadaceae;g__Parabacteroides;s__Parabacteroides_johnsonii	0.0356862189874	0.000571618276062	0.0127913160646	0.0147719267427	-0.0388062718426	0.00445666387798	0.0111331190645	-0.0205785980663	0.011986134415	0.00446743147702	0.0141883402788	-0.0633629333864	0.01006009475	0.0837505704306	0.0148505271018	-0.00738125133804	-0.023605445747	0.00151442629332	-0.0161965054252	0.0210456588827	0.0509421218577	-0.00576698332553	-0.0234396640257	0.00127351136424	0.0262326384292	-0.0233016916117	-0.01718627394	0.0428720914565	1.0	0.0393040899842	-0.0429637153921	-0.0340744755177	-0.00410031490649	0.0402491104128	-0.0103244239301	0.00191402362174	0.0162168132006	-0.0124015183659	0.00283735482221	0.0159522983974	0.0449580693714	-0.0402348961146	-0.0530311399575	-0.0233984747608	0.0124771863108	-0.0334411130774	-0.0342619431784	0.0356857111015	-0.0494992745408	-0.0473530813335	0.0296256570828	-0.0231369493	0.0290293486092	-0.0467140388249	-0.0273427613042	-0.0504064944069	0.0235114965845	0.00859796592836	-0.0529703766986
