#taxonomy	k__Bacteria;p__Bacteroidetes;c__Bacteroidia;o__Bacteroidales;f__Bacteroidaceae;g__Bacteroides;s__Bacteroides_vulgatus	k__Bacteria;p__Bacteroidetes;c__Bacteroidia;o__Bacteroidales;f__Bacteroidaceae;g__Bacteroides;s__Bacteroides_uniformis	k__Bacteria;p__Bacteroidetes;c__Bacteroidia;o__Bacteroidales;f__Rikenellaceae;g__Alistipes;s__Alistipes_putredinis	k__Bacteria;p__Bacteroidetes;c__Bacteroidia;o__Bacteroidales;f__Prevotellaceae;g__Prevotella;s__Prevotella_copri	k__Bacteria;p__Bacteroidetes;c__Bacteroidia;o__Bacteroidales;f__Bacteroidaceae;g__Bacteroides;s__Bacteroides_stercoris	k__Bacteria;p__Bacteroidetes;c__Bacteroidia;o__Bacteroidales;f__Bacteroidaceae;g__Bacteroides;s__Bacteroides_ovatus	k__Bacteria;p__Bacteroidetes;c__Bacteroidia;o__Bacteroidales;f__Rikenellaceae;g__Alistipes;s__Alistipes_shahii	k__Bacteria;p__Firmicutes;c__Clostridia;o__Clostridiales;f__Ruminococcaceae;g__Faecalibacterium;s__Faecalibacterium_prausnitzii	k__Bacteria;p__Bacteroidetes;c__Bacteroidia;o__Bacteroidales;f__Rikenellaceae;g__Alistipes;s__Alistipes_finegoldii	k__Bacteria;p__Bacteroidetes;c__Bacteroidia;o__Bacteroidales;f__Porphyromonadaceae;g__Parabacteroides;s__Parabacteroides_distasonis	k__Bacteria;p__Bacteroidetes;c__Bacteroidia;o__Bacteroidales;f__Bacteroidaceae;g__Bacteroides;s__Bacteroides_thetaiotaomicron	k__Bacteria;p__Bacteroidetes;c__Bacteroidia;o__Bacteroidales;f__Bacteroidaceae;g__Bacteroides;s__Bacteroides_coprocola	k__Bacteria;p__Bacteroidetes;c__Bacteroidia;o__Bacteroidales;f__Bacteroidaceae;g__Bacteroides;s__Bacteroides_cellulosilyticus	k__Bacteria;p__Bacteroidetes;c__Bacteroidia;o__Bacteroidales;f__Rikenellaceae;g__Alistipes;s__Alistipes_obesi	k__Bacteria;p__Firmicutes;c__Clostridia;o__Clostridiales;f__Lachnospiraceae;g__;s__[Eubacterium]_rectale	k__Bacteria;p__Bacteroidetes;c__Bacteroidia;o__Bacteroidales;f__Bacteroidaceae;g__Bacteroides;s__Bacteroides_plebeius	k__Bacteria;p__Bacteroidetes;c__Bacteroidia;o__Bacteroidales;f__Bacteroidaceae;g__Bacteroides;s__Bacteroides_fragilis	k__Bacteria;p__Proteobacteria;c__Betaproteobacteria;o__Burkholderiales;f__Sutterellaceae;g__Sutterella;s__Sutterella_wadsworthensis	k__Bacteria;p__Bacteroidetes;c__Bacteroidia;o__Bacteroidales;f__Porphyromonadaceae;g__Barnesiella;s__Barnesiella_intestinihominis	k__Bacteria;p__Bacteroidetes;c__Bacteroidia;o__Bacteroidales;f__Odoribacteraceae;g__Odoribacter;s__Odoribacter_splanchnicus	k__Bacteria;p__Bacteroidetes;c__Bacteroidia;o__Bacteroidales;f__Bacteroidaceae;g__Bacteroides;s__Bacteroides_salyersiae	k__Bacteria;p__Firmicutes;c__Clostridia;o__Clostridiales;f__Ruminococcaceae;g__Ruminiclostridium;s__[Eubacterium]_siraeum	k__Bacteria;p__Proteobacteria;c__Betaproteobacteria;o__Burkholderiales;f__Sutterellaceae;g__Parasutterella;s__Parasutterella_excrementihominis	k__Bacteria;p__Actinobacteria;c__Actinobacteria;o__Bifidobacteriales;f__Bifidobacteriaceae;g__Bifidobacterium;s__Bifidobacterium_adolescentis	k__Bacteria;p__Firmicutes;c__Clostridia;o__Clostridiales;f__Oscillospiraceae;g__Oscillibacter;s__Oscillibacter_sp._KLE_1745	k__Bacteria;p__Bacteroidetes;c__Bacteroidia;o__Bacteroidales;f__Bacteroidaceae;g__Bacteroides;s__Bacteroides_coprophilus	k__Bacteria;p__Firmicutes;c__Clostridia;o__Clostridiales;f__Lachnospiraceae;g__Roseburia;s__Roseburia_intestinalis	k__Bacteria;p__Firmicutes;c__Clostridia;o__Clostridiales;f__Lachnospiraceae;g__Roseburia;s__Roseburia_hominis	k__Bacteria;p__Bacteroidetes;c__Bacteroidia;o__Bacteroidales;f__Porphyromonadaceae;g__Parabacteroides;s__Parabacteroides_johnsonii	k__Bacteria;p__Actinobacteria;c__Actinobacteria;o__Bifidobacteriales;f__Bifidobacteriaceae;g__Bifidobacterium;s__Bifidobacterium_longum	k__Bacteria;p__Firmicutes;c__Clostridia;o__Clostridiales;f__;g__Flavonifractor;s__Flavonifractor_plautii	k__Bacteria;p__Firmicutes;c__Clostridia;o__Clostridiales;f__Clostridiaceae;g__Clostridium;s__Clostridium_phoceensis	k__Bacteria;p__Verrucomicrobia;c__Verrucomicrobiae;o__Verrucomicrobiales;f__Akkermansiaceae;g__Akkermansia;s__Akkermansia_muciniphila	k__Bacteria;p__Bacteroidetes;c__Bacteroidia;o__Bacteroidales;f__Prevotellaceae;g__Paraprevotella;s__Paraprevotella_xylaniphila	k__Bacteria;p__Firmicutes;c__Clostridia;o__Clostridiales;f__Ruminococcaceae;g__Ruminococcus;s__Ruminococcus_callidus	k__Bacteria;p__Bacteroidetes;c__Bacteroidia;o__Bacteroidales;f__Rikenellaceae;g__Alistipes;s__Alistipes_senegalensis	k__Bacteria;p__Firmicutes;c__Clostridia;o__Clostridiales;f__Lachnospiraceae;g__Blautia;s__Blautia_sp._KLE_1732	k__Bacteria;p__Bacteroidetes;c__Bacteroidia;o__Bacteroidales;f__Bacteroidaceae;g__Bacteroides;s__Bacteroides_oleiciplenus	k__Bacteria;p__Firmicutes;c__Clostridia;o__Clostridiales;f__Ruminococcaceae;g__Ruminococcus;s__Ruminococcus_bicirculans	k__Bacteria;p__Bacteroidetes;c__Bacteroidia;o__Bacteroidales;f__Bacteroidaceae;g__Bacteroides;s__Bacteroides_fluxus	k__Bacteria;p__Bacteroidetes;c__Bacteroidia;o__Bacteroidales;f__Prevotellaceae;g__Prevotella;s__Prevotella_stercorea	k__Bacteria;p__Firmicutes;c__Clostridia;o__Clostridiales;f__Lachnospiraceae;g__Dorea;s__Dorea_longicatena	k__Bacteria;p__Firmicutes;c__Clostridia;o__Clostridiales;f__Eubacteriaceae;g__Eubacterium;s__[Eubacterium]_eligens	k__Bacteria;p__Firmicutes;c__Clostridia;o__Clostridiales;f__Ruminococcaceae;g__;s__Ruminococcaceae_bacterium_D16	k__Bacteria;p__Firmicutes;c__Clostridia;o__Clostridiales;f__Lachnospiraceae;g__Coprococcus;s__Coprococcus_comes	k__Bacteria;p__Proteobacteria;c__Gammaproteobacteria;o__Enterobacterales;f__Enterobacteriaceae;g__Escherichia;s__Escherichia_coli	k__Bacteria;p__Firmicutes;c__Clostridia;o__Clostridiales;f__Ruminococcaceae;g__Anaerotruncus;s__Anaerotruncus_colihominis	k__Bacteria;p__Firmicutes;c__Clostridia;o__Clostridiales;f__Lachnospiraceae;g__Blautia;s__Blautia_obeum	k__Bacteria;p__Bacteroidetes;c__Bacteroidia;o__Bacteroidales;f__Odoribacteraceae;g__Odoribacter;s__Odoribacter_laneus	k__Bacteria;p__Firmicutes;c__Clostridia;o__Clostridiales;f__Ruminococcaceae;g__Ruminiclostridium;s__[Clostridium]_leptum	k__Bacteria;p__Bacteroidetes;c__Bacteroidia;o__Bacteroidales;f__Porphyromonadaceae;g__Parabacteroides;s__Parabacteroides_goldsteinii	k__Bacteria;p__Firmicutes;c__Clostridia;o__Clostridiales;f__Lachnospiraceae;g__Anaerostipes;s__Anaerostipes_hadrus	k__Bacteria;p__Firmicutes;c__Clostridia;o__Clostridiales;f__Ruminococcaceae;g__Ruminococcus;s__Ruminococcus_lactaris	k__Bacteria;p__Firmicutes;c__Clostridia;o__Clostridiales;f__Clostridiaceae;g__Clostridium;s__Clostridium_sp._L2-50	k__Bacteria;p__Firmicutes;c__Clostridia;o__Clostridiales;f__Clostridiaceae;g__Clostridium;s__Clostridium_sp._M62/1	k__Bacteria;p__Firmicutes;c__Clostridia;o__Clostridiales;f__;g__Intestinimonas;s__Intestinimonas_butyriciproducens	k__Bacteria;p__Actinobacteria;c__Actinobacteria;o__Bifidobacteriales;f__Bifidobacteriaceae;g__Bifidobacterium;s__Bifidobacterium_bifidum	k__Bacteria;p__Firmicutes;c__Negativicutes;o__Veillonellales;f__Veillonellaceae;g__Dialister;s__Dialister_invisus	k__Bacteria;p__Bacteroidetes;c__Bacteroidia;o__Bacteroidales;f__Bacteroidaceae;g__Bacteroides;s__Bacteroides_salanitronis
k__Bacteria;p__Bacteroidetes;c__Bacteroidia;o__Bacteroidales;f__Bacteroidaceae;g__Bacteroides;s__Bacteroides_vulgatus	1.0	-0.00385017806617	-0.00139752269958	0.043855347217	-0.019203051145	-0.0253971880317	0.00676390947917	0.0315479940231	-0.00579473598718	0.0494482571927	0.0263798872682	0.056525377397	0.062424017106	0.0119848754337	-0.0371218702047	-0.0346218391653	-0.0201933589821	-0.0635487378745	0.0140621329629	0.00268992273039	0.015946188458	0.0106897212265	-0.0173999799016	-0.108790795969	0.0134641261918	-0.009152955691	-0.0333846911573	0.00878062007244	-0.0769160996301	0.0257217685569	0.00821527791629	-0.0203571988665	0.0329274188378	-0.0560955653311	0.0604088435975	-0.0274905705017	-0.030150013414	0.0146190798751	0.0397875132677	0.00638858426321	-0.0281945078583	-0.00430892159644	-0.00117332546982	0.0131092040649	-0.0564118618802	-0.0112730811067	0.0234976884622	-0.0238920767462	0.0307730917913	0.0367659682512	-0.0086823450755	0.0562375728968	0.00636149802436	-0.0173257331408	0.0235837574953	-0.0115470707135	-0.00118810724735	0.000136094385368	-0.0170547705984
k__Bacteria;p__Bacteroidetes;c__Bacteroidia;o__Bacteroidales;f__Bacteroidaceae;g__Bacteroides;s__Bacteroides_uniformis	-0.00385017806617	1.0	-0.00477336560927	0.00623331846067	-0.0382388507602	-0.00507105752342	-0.00362406482063	0.023809375267	0.0161310099646	-0.00473736139723	0.0402725085688	-0.00405123011112	-0.0329079158767	-0.030436403726	-0.0186365858803	-0.0311723383619	-0.039524149187	0.0224785265352	-0.0200589023292	0.0483055640673	-0.0436686433705	-0.0249502855378	-0.0303077073534	-0.00760359953175	-0.0272067483292	0.0565707530925	-0.00399887225549	0.0273829148528	0.0306606063652	-0.017406530254	-0.0157931466152	-0.00959420813056	-0.0297218323215	-0.00836853655235	-0.00613319495095	-0.0167857365794	-0.0523652655991	0.0594398001389	-0.0178724684933	-0.0147279898533	0.0194160125372	-0.00211592439225	-0.0294506656215	-0.00332903212343	-0.00654695755263	0.0303902255641	0.0112562883381	0.00456260646584	0.0448420289413	0.00443955385061	-0.0590233514816	-0.0318468323328	-0.0862898582223	0.0205425409644	0.00659265392277	-0.0131888199357	0.00859370918195	-0.0171635869062	-0.0433152516555
k__Bacteria;p__Bacteroidetes;c__Bacteroidia;o__Bacteroidales;f__Rikenellaceae;g__Alistipes;s__Alistipes_putredinis	-0.00139752269958	-0.00477336560927	1.0	-0.0260199093426	-0.068912375193	-0.0299099302616	0.0218581324266	-0.00637010264994	-0.0264940757691	-0.0394392311154	0.00809622546212	-0.0408081952769	-0.0383498694493	0.0314854252039	0.0162722008307	0.0452826091267	0.00599473516387	0.00410025768347	-0.0373972671392	0.00724914703602	-0.0466825103195	0.0158049422341	-0.00151780929715	0.0261073594015	-0.0882444909594	0.00144622062758	-0.0411646042612	0.00255883741666	-0.00416755519031	-0.0247922683877	-0.0730628772563	0.0359452074294	-0.0324459337068	-0.0272122352964	-0.0189968115754	-0.0175462097303	-0.0184565768402	-0.0161644030828	0.0018279623558	0.0238197118135	0.0276874156353	-0.0443440972767	0.115576197718	0.0493355036781	-0.0259203401687	-0.0316696304512	0.038216893791	-0.0669012539087	-0.0284936305019	-0.0149679385267	-0.0452106390543	0.0436719614563	0.0137957215393	-0.0195549655387	0.0201439267368	0.0369892779535	0.0119722674777	0.0479233312	0.0107990704354
k__Bacteria;p__Bacteroidetes;c__Bacteroidia;o__Bacteroidales;f__Prevotellaceae;g__Prevotella;s__Prevotella_copri	0.043855347217	0.00623331846067	-0.0260199093426	1.0	-0.013187821168	-0.0424941445302	0.0157454826606	-0.0104254571314	0.0310629600905	0.016534000619	0.0105462195995	-0.0156812165658	0.0230959942184	0.0037547825982	-0.0215801761322	-0.0448805340393	0.0143814685306	0.013442047823	-0.0270381397195	-0.0236914433732	0.0375015926321	-0.015359589188	-0.00339931036942	-0.0383910846517	-0.0503249999924	-0.00383290521505	-0.0229349411071	-0.0376672845291	-0.0183254899341	-0.0190926033926	-0.00418251345345	0.0201352250065	0.00590891626056	0.0295420145439	0.0329444960061	-0.0134873585588	0.0193071482844	-0.0409792339217	-0.0155938553214	-0.0437887710118	0.000503789096371	0.0176316070728	-0.0134684963128	-0.0100489847492	0.00671548935431	0.00353058297733	0.00472142179827	-0.0107616652287	-0.0193234396843	0.0325354121659	-0.0492649449182	-0.0494985364129	-0.00710151888677	-0.0704481756961	0.0447919843678	0.0155744783941	-0.0570826428525	0.0188277818222	0.0585980574195
k__Bacteria;p__Bacteroidetes;c__Bacteroidia;o__Bacteroidales;f__Bacteroidaceae;g__Bacteroides;s__Bacteroides_stercoris	-0.019203051145	-0.0382388507602	-0.068912375193	-0.013187821168	1.0	0.0256969916622	0.0609806614156	-0.0442068133283	-0.00153862805141	-0.0139867925598	-0.0564519586316	0.0551242525079	0.0345668975217	-0.0260299050145	-0.035163677624	-0.0410536284766	-0.0285937951651	0.00382746573974	0.00874934947654	0.0243258369097	-0.0242866083251	-0.00226878901513	-0.0557689693247	-0.0250301142969	0.0483432373177	-0.0305217365716	0.0188233183582	-0.0283540838545	-0.00709778716178	-0.0589742803721	-0.02617588971	-0.0166080418382	0.0129561462007	-0.0151240877215	0.0577581115531	-0.023852077722	0.00585568951483	0.023941861	-0.0306933550964	-0.054522145767	0.0153374125842	0.0495472840351	-0.0336388723119	-0.0536282420397	-0.0492146008359	0.0193780599583	-0.0332098318938	0.0430937508595	-0.0424965288889	0.0466678205333	-0.0444019301067	-0.0322873995118	0.0412693866312	0.0308114718869	-0.0420114340112	-0.0166155632027	0.0523760665984	-0.0683093399449	0.00818227496246
k__Bacteria;p__Bacteroidetes;c__Bacteroidia;o__Bacteroidales;f__Bacteroidaceae;g__Bacteroides;s__Bacteroides_ovatus	-0.0253971880317	-0.00507105752342	-0.0299099302616	-0.0424941445302	0.0256969916622	1.0	0.0377836015095	0.0209037405203	-0.00590944517597	-3.06741398565e-06	0.016714422162	0.0279845998614	0.00919906890478	0.0161501209721	0.0546735322174	-0.0718381514571	0.032545829671	0.035231554379	0.0179567516746	0.00638413267364	-0.0255042233273	0.00792885414967	0.0605522475435	0.0169102347578	-0.0118310540864	-0.0368737307908	-0.0295626459734	-0.0205943029817	-0.0420931412704	-0.019478711744	-0.069935309435	-0.00215533805462	-0.0829414968298	-0.00676846037914	0.000565857010911	0.0271924762507	0.0428752390816	-0.00689139949439	-0.0204919904188	0.00261271385698	0.038607467638	-0.0119824817693	-0.0357164326836	0.0253538866916	-0.0556998517731	-0.0461774718411	0.0135708522488	0.0741900931572	0.00275518831609	-0.0729786302571	0.0352451777433	-0.0490770806679	0.00210667604199	0.00784920512153	-0.0218420951751	-0.0554712988081	-0.0342954594884	-0.0250230357023	-0.00871516971506
k__Bacteria;p__Bacteroidetes;c__Bacteroidia;o__Bacteroidales;f__Rikenellaceae;g__Alistipes;s__Alistipes_shahii	0.00676390947917	-0.00362406482063	0.0218581324266	0.0157454826606	0.0609806614156	0.0377836015095	1.0	-0.0622578488469	0.0105303532843	0.00910589491349	0.032840163733	-0.0194032973001	-0.0239268207094	0.0024821650032	0.0212852220912	0.0619922136874	0.0184825015302	-0.0279850262577	-0.00958752770798	-0.000449376769577	0.0990090528167	-0.00892281291476	-0.0310852942415	-0.065917818445	-0.0269783236649	-0.0309310422193	-0.0643069035252	-0.00104040520678	-0.0438255894273	-0.0333135848843	-0.0418657141131	-0.0169337237198	0.0224533095364	-0.0147764391759	0.0545803548922	0.00860039107302	-0.00209596716914	0.00880212887411	-0.034869671867	-0.00646870621512	0.0179644124948	0.0320178961407	-0.00789424456822	-0.002754844512	-0.0243487315425	0.000705581500708	0.00932399837762	-0.0402760411692	-0.0448388126715	0.0248097307277	0.0878266592634	0.00370411878644	-0.0169508065802	-0.00296711778636	-0.0224256147297	-0.0220146986885	0.0402373676088	-0.0231745068566	-0.0338049171768
k__Bacteria;p__Firmicutes;c__Clostridia;o__Clostridiales;f__Ruminococcaceae;g__Faecalibacterium;s__Faecalibacterium_prausnitzii	0.0315479940231	0.023809375267	-0.00637010264994	-0.0104254571314	-0.0442068133283	0.0209037405203	-0.0622578488469	1.0	0.0102019272931	-0.0440371637302	0.00284660034091	0.0368431512817	0.0186042709679	-0.0660909913548	-0.0134200141155	-0.0384698413203	-0.00912154410174	0.0238633660364	-0.00317532861217	-0.0574493262518	-0.00186003420722	0.00238668826352	-0.0029770115487	-0.00051777697717	0.00691547624042	-0.0380418670343	-0.00414072268073	-0.00132445189007	-0.010206715798	-0.00419606190641	0.0205727915482	-0.0427101067898	0.0530956841391	0.0509214092013	0.0435900152387	0.0390656220557	-0.0386615573334	0.055343241729	0.00143488980819	0.0244841357878	-0.028865529769	0.0395409583993	0.00765226425817	-0.0278289980236	0.0190712357158	-0.0181328066446	-0.0508342638697	0.0548127306959	-0.00718838916078	-0.0220539197138	-0.00848165404093	-0.067800194281	-0.0124580932208	-0.0445961718872	0.044693818058	-0.0273083251162	0.0308420240514	-0.01877291254	0.0491802990362
k__Bacteria;p__Bacteroidetes;c__Bacteroidia;o__Bacteroidales;f__Rikenellaceae;g__Alistipes;s__Alistipes_finegoldii	-0.00579473598718	0.0161310099646	-0.0264940757691	0.0310629600905	-0.00153862805141	-0.00590944517597	0.0105303532843	0.0102019272931	1.0	-0.0544624838619	-0.0864329464338	-0.0525377391159	-0.00408718399659	0.0594423959901	0.00177362024621	-0.0246096604874	-0.0513024783076	0.00654147379398	0.0484448699768	0.0228091575018	0.0702542333125	-0.0693531067007	-0.0165342220198	0.0187194308622	-0.00781957941486	-0.00563484348178	-0.00684546522005	-0.0147689687875	-0.0405485588312	0.00195139363904	0.000883638070473	0.0110498203759	0.00690015968117	-0.0187615467494	0.0240282999277	-0.0476115303658	0.0305619152772	-0.0435972307668	-0.0144507150454	0.0540238723628	-0.0072706509014	-0.0123359192445	-0.0360138738583	-0.0140656665129	0.0173349791179	-0.0372980067675	0.00624449494267	-0.0212224590142	-0.0464204031028	-0.0664112357986	0.0410657209923	-0.0248528185467	-0.00528420401861	-0.00131829089379	0.0178222934638	-0.0133299615214	-0.0312130055694	0.00548544739503	0.0894400659872
k__Bacteria;p__Bacteroidetes;c__Bacteroidia;o__Bacteroidales;f__Porphyromonadaceae;g__Parabacteroides;s__Parabacteroides_distasonis	0.0494482571927	-0.00473736139723	-0.0394392311154	0.016534000619	-0.0139867925598	-3.06741398565e-06	0.00910589491349	-0.0440371637302	-0.0544624838619	1.0	0.0212141617055	-0.0213203475637	-0.0119312497872	-0.0257552139404	-0.0424771093762	0.00486207712752	-0.0163923213142	-0.00149924403265	-0.0144093273934	-0.0694360423776	-0.0052527173498	-0.043503319822	-0.000352916267389	0.0141003909067	0.0606412406395	-0.00202690292578	-0.0298086623422	-0.0835837669345	-0.0059942498073	-0.00688937971884	0.0184398283106	-0.00489828224711	-0.0395887248479	-0.0250372796807	-0.0348163635062	0.0440866270339	0.0292618101834	-0.010314919105	-0.0601948318286	0.0126479208822	0.0209329983226	0.0102708747043	-0.0419988636567	-0.0476207056745	-0.0153634038496	0.0022258325759	-0.0130127197205	0.0103815097878	-0.0567929921717	0.0327763088576	0.0272198303537	0.0637125498528	0.00228281665267	0.0501274970326	-0.0693275029529	-0.0290519204499	-0.0392730336352	-0.0152811172807	-0.0159488903091
k__Bacteria;p__Bacteroidetes;c__Bacteroidia;o__Bacteroidales;f__Bacteroidaceae;g__Bacteroides;s__Bacteroides_thetaiotaomicron	0.0263798872682	0.0402725085688	0.00809622546212	0.0105462195995	-0.0564519586316	0.016714422162	0.032840163733	0.00284660034091	-0.0864329464338	0.0212141617055	1.0	0.10343363683	-0.0664794408276	-0.0213653830115	-0.0133511010663	-0.00420506815948	0.0207027317544	0.0144441156164	0.0244157376045	-0.00191765485864	0.0139187487897	-0.0222453551527	-0.00881751860907	0.0478878985224	-0.00708441980309	0.0095466477845	-0.0431435012998	-0.0418561084647	-0.0201488028513	-0.0123539653088	0.0115929864778	0.0389725420783	0.00289259384621	-0.0366535028162	-0.0453810543131	0.0458506737871	0.0495774082691	-0.00101875282472	-0.0243017923364	-0.0413054916052	-0.031980210817	-0.0113257090286	0.0246983894405	-0.0151955824269	-0.0284260456813	0.0227503382151	0.0139572633148	-3.97086517357e-05	-0.0121211652714	-0.025407693516	0.0498154852199	-0.01172025916	-0.0706560016827	-0.0607576259879	0.0203823217423	0.0440978180188	0.0157472479408	0.0398531439993	-0.0243659022618
k__Bacteria;p__Bacteroidetes;c__Bacteroidia;o__Bacteroidales;f__Bacteroidaceae;g__Bacteroides;s__Bacteroides_coprocola	0.056525377397	-0.00405123011112	-0.0408081952769	-0.0156812165658	0.0551242525079	0.0279845998614	-0.0194032973001	0.0368431512817	-0.0525377391159	-0.0213203475637	0.10343363683	1.0	-0.00390645889565	-0.0163678023577	-0.0245554230567	-0.0309659490751	-0.0241660161838	-0.000601799278594	0.0127635599283	0.00723909891335	0.0102786162571	0.0239256076515	-0.0107892981511	0.0403235525502	-0.100445764667	-0.00866740174775	0.0766234162033	0.0278690521844	-0.0505165878642	-0.0197406212508	0.0188445505096	-0.0166719141935	-0.0294021545914	0.0510754681484	-0.0499131657408	0.0548350963461	-0.00018780311823	0.0562389998857	-0.0120379119089	-0.0084295922158	-0.0360471785856	-0.0379329437952	-0.0242275306055	-0.00609464675738	0.0629931257436	-0.0189890018112	-0.00918343856844	-0.00257977057655	-0.0259229670248	0.00267842849036	-0.0566846055542	-0.055872068235	-0.0458143885986	0.0356669986491	-0.0319359354143	-0.0122550057256	-0.0535040777133	0.0114354866366	-0.00984643235789
k__Bacteria;p__Bacteroidetes;c__Bacteroidia;o__Bacteroidales;f__Bacteroidaceae;g__Bacteroides;s__Bacteroides_cellulosilyticus	0.062424017106	-0.0329079158767	-0.0383498694493	0.0230959942184	0.0345668975217	0.00919906890478	-0.0239268207094	0.0186042709679	-0.00408718399659	-0.0119312497872	-0.0664794408276	-0.00390645889565	1.0	0.0129671610819	0.0356746014572	0.0423347905785	0.0265887618698	0.0502931566582	0.0324478302897	-0.0349019343106	-0.0358071775891	-0.0393905929556	-0.0503054821821	0.0150096577166	0.0114282655974	-0.0182124791954	-0.0322839638604	-0.0148779100248	0.0112250055627	0.0448743595263	-0.0192735248868	-0.0285345652133	-0.0339942500866	0.0208767449197	-0.0195765720114	-0.0327562224053	-0.0263142125372	-0.0313284682743	0.0310451453821	-0.0571791082461	-0.0341147820398	0.0064700842857	-0.00692246202045	-0.0597443639618	0.0554871573153	-0.0338293410244	-0.0170334117988	-0.00534161408364	0.0398287681362	0.0179618363281	0.00470301544674	-0.000552030737879	0.00761701967684	-0.0316955162576	0.00878037607696	-0.00816637906098	-0.058510597779	-0.001861888571	-0.00538548156268
k__Bacteria;p__Bacteroidetes;c__Bacteroidia;o__Bacteroidales;f__Rikenellaceae;g__Alistipes;s__Alistipes_obesi	0.0119848754337	-0.030436403726	0.0314854252039	0.0037547825982	-0.0260299050145	0.0161501209721	0.0024821650032	-0.0660909913548	0.0594423959901	-0.0257552139404	-0.0213653830115	-0.0163678023577	0.0129671610819	1.0	0.0124026407546	-0.025949846182	-0.0336408731064	0.0330207925324	0.0113325517324	-0.0544824581866	0.000721748850724	0.00930420385439	-0.0200870769278	0.0821129165795	-0.0297216510644	-0.0224567329163	0.00212747937799	0.00825817448402	-0.0329368030946	-0.00492316349199	-0.0211649434459	0.0376025420574	-0.0489778045528	0.0351080804489	-0.0252678543239	-0.0197099336433	0.0422432086573	-0.0270972214018	-0.0169176425395	0.031038005817	0.0430745389887	0.0221923188143	-0.0110670153219	0.00305633700713	0.0220465494524	-0.0141440813217	-0.0220428293061	-0.0426103212975	-0.0231689685557	-0.00937081251592	-0.00582590519035	0.0384627761788	-0.0348702883877	-0.0213817714797	-0.0603484361437	0.0149568631038	0.0443338458443	-0.0329281709333	-0.0101823784524
k__Bacteria;p__Firmicutes;c__Clostridia;o__Clostridiales;f__Lachnospiraceae;g__;s__[Eubacterium]_rectale	-0.0371218702047	-0.0186365858803	0.0162722008307	-0.0215801761322	-0.035163677624	0.0546735322174	0.0212852220912	-0.0134200141155	0.00177362024621	-0.0424771093762	-0.0133511010663	-0.0245554230567	0.0356746014572	0.0124026407546	1.0	0.00201019225027	-0.0543989307108	0.030888500896	-0.0308345417444	-0.00450995209749	-0.015737899531	0.0528014185246	-0.0312697778387	0.0398333786111	0.0274405379328	0.0264075234134	-0.0499893747092	-0.0109670318189	-0.0158759572138	-0.0298384403537	-0.0474216037481	0.0129008751688	0.0402496592853	0.0671307314233	0.0234419329946	-0.0189481247832	-0.00712788400264	-0.0823166548821	-0.0310879168016	-0.036101169938	-0.0285498191258	0.0217598995968	0.0249233719684	-0.00269782397316	-0.0364593984504	-0.0390416087639	-0.0134001408094	0.0261332753197	0.0274678822602	0.0202904636396	0.0286031075562	0.0196335015292	-0.0185801640135	0.000788526329499	-0.0107477109639	-0.00343245613185	0.0560587854637	-0.0321561627135	0.0181803050502
k__Bacteria;p__Bacteroidetes;c__Bacteroidia;o__Bacteroidales;f__Bacteroidaceae;g__Bacteroides;s__Bacteroides_plebeius	-0.0346218391653	-0.0311723383619	0.0452826091267	-0.0448805340393	-0.0410536284766	-0.0718381514571	0.0619922136874	-0.0384698413203	-0.0246096604874	0.00486207712752	-0.00420506815948	-0.0309659490751	0.0423347905785	-0.025949846182	0.00201019225027	1.0	0.0476838141235	0.0306138916623	0.0127727382627	0.00676050335581	0.0118979016739	-0.00330626252134	-0.00352979996855	-0.0845686069099	-0.0337280960532	0.0187672274352	0.018341686448	-0.068170498412	-0.0278499248619	0.0400130562708	-0.0114212262873	0.0299786522001	0.0202394097391	-0.00713448873907	-0.0228246615705	0.0149871468449	0.0114995523042	-0.03355299954	0.0373094949162	-0.0270568922458	-0.041398760547	-0.0529741561538	0.0161611239171	0.040829152564	-0.0277938079874	-0.0759698514125	-0.0108466112879	-0.00424032485851	-0.0427237295651	-0.0220099373829	-0.0450353145341	0.000109955267054	0.0130095000842	-0.00403854945297	-0.0106967620264	-0.00685774258846	-0.0216584973093	-0.0148326950898	-0.0020619114522
k__Bacteria;p__Bacteroidetes;c__Bacteroidia;o__Bacteroidales;f__Bacteroidaceae;g__Bacteroides;s__Bacteroides_fragilis	-0.0201933589821	-0.039524149187	0.00599473516387	0.0143814685306	-0.0285937951651	0.032545829671	0.0184825015302	-0.00912154410174	-0.0513024783076	-0.0163923213142	0.0207027317544	-0.0241660161838	0.0265887618698	-0.0336408731064	-0.0543989307108	0.0476838141235	1.0	0.0254299774275	-0.00633386261804	-0.0163834997525	-0.0421265561538	0.0142431554115	0.00122546716379	0.00507596522053	-0.0675532957744	-0.0844105788101	0.042660800851	-0.0142044086373	-0.0465122818343	-0.00832282974184	-0.0117261961485	-0.0504856247559	0.0375077229195	0.0254732398598	-0.031561388092	0.0248765563511	0.0216973408565	0.0501739357597	-0.0272106162656	0.0300265310277	0.00122945433115	-0.0126595113615	-0.00315469364068	-0.0418160014722	-0.00488879932956	0.0311673297801	0.0383545620995	-0.0156665659075	8.80617125314e-05	-0.0404163649225	-0.00282320454955	-0.0410401628236	-0.0053682269395	-0.0199932591836	0.0249527232593	-0.022229267867	-0.0189382094842	-1.25443992732e-05	-0.0255865516591
k__Bacteria;p__Proteobacteria;c__Betaproteobacteria;o__Burkholderiales;f__Sutterellaceae;g__Sutterella;s__Sutterella_wadsworthensis	-0.0635487378745	0.0224785265352	0.00410025768347	0.013442047823	0.00382746573974	0.035231554379	-0.0279850262577	0.0238633660364	0.00654147379398	-0.00149924403265	0.0144441156164	-0.000601799278594	0.0502931566582	0.0330207925324	0.030888500896	0.0306138916623	0.0254299774275	1.0	-0.0287318444206	0.00975599061643	-0.0455245020391	-0.046497296457	0.0245053104407	-0.0402264822602	-0.0290070421467	-0.00466222696771	0.0539740499603	0.00575973082948	-0.021300047854	0.0467199663435	0.0350655797751	-0.0541188024669	-0.0326490464333	-0.00978341669962	0.0338150661142	0.0150871909057	0.0251343785526	-0.0837707543529	0.0344781383557	-0.00627348952672	-0.0420396383484	-0.0238797720762	0.000890785441969	0.00813650217563	0.00519661880788	0.0272089157273	-0.0143104275725	-0.0440829399939	0.01341457407	-0.0756133325748	0.0146266007499	0.017490600965	-0.0476866924872	-0.0631408354451	-0.0659508310131	-0.0148607568944	-0.0497675200858	-0.0263228462174	0.00656719903776
k__Bacteria;p__Bacteroidetes;c__Bacteroidia;o__Bacteroidales;f__Porphyromonadaceae;g__Barnesiella;s__Barnesiella_intestinihominis	0.0140621329629	-0.0200589023292	-0.0373972671392	-0.0270381397195	0.00874934947654	0.0179567516746	-0.00958752770798	-0.00317532861217	0.0484448699768	-0.0144093273934	0.0244157376045	0.0127635599283	0.0324478302897	0.0113325517324	-0.0308345417444	0.0127727382627	-0.00633386261804	-0.0287318444206	1.0	-0.00709179785376	-0.0252341550525	0.0573309579741	0.0821945222523	0.0302689232365	-0.0152503544621	0.00912865129885	0.0534070124353	0.0572753802641	-0.0838718457127	0.0139861795725	-0.00349612509295	-0.0300427634553	-0.0678365107154	0.048618208558	-0.0292013265198	0.0147388565602	-0.0512534542909	-0.0184580631981	-0.0027995724091	-0.000948423900984	0.0189679332313	-0.000583081580125	-0.0141417360305	-0.0199895877798	-0.0147653768204	-0.0242633995381	-0.0141360430774	-0.0434883649093	-0.00891705200888	-0.024023724942	-0.0146629148704	0.0101524168801	-0.105230004024	-0.0342516463491	-0.0390522735188	-0.000104274011302	0.00478687709007	-0.0695731029837	-0.00870644631138
k__Bacteria;p__Bacteroidetes;c__Bacteroidia;o__Bacteroidales;f__Odoribacteraceae;g__Odoribacter;s__Odoribacter_splanchnicus	0.00268992273039	0.0483055640673	0.00724914703602	-0.0236914433732	0.0243258369097	0.00638413267364	-0.000449376769577	-0.0574493262518	0.0228091575018	-0.0694360423776	-0.00191765485864	0.00723909891335	-0.0349019343106	-0.0544824581866	-0.00450995209749	0.00676050335581	-0.0163834997525	0.00975599061643	-0.00709179785376	1.0	-0.0240344821239	0.0226768143778	-0.0621940201948	0.0371962736127	0.0323872144505	-0.0112194818202	0.0299208544531	0.0332971459643	-0.0386490491334	-0.0455252563124	-0.0239881086959	-8.69172149714e-05	0.0195120998494	0.0224548545154	-0.0183296310007	-0.0808634228646	0.0250279057441	-0.0820130651583	-0.00573001450898	-0.037227384629	0.00875697852528	-0.0255766240583	-0.0726453918484	-0.0292290192194	-0.0177603746375	0.0328940444772	-0.0152970967557	0.00042651633931	-0.056368367177	-0.0700815659971	-0.012362759918	-0.0374284187097	-0.0610208731292	0.00551945949884	0.0100628249104	0.0420023823415	-0.0123444086077	0.0478240204128	-0.0063821661768
k__Bacteria;p__Bacteroidetes;c__Bacteroidia;o__Bacteroidales;f__Bacteroidaceae;g__Bacteroides;s__Bacteroides_salyersiae	0.015946188458	-0.0436686433705	-0.0466825103195	0.0375015926321	-0.0242866083251	-0.0255042233273	0.0990090528167	-0.00186003420722	0.0702542333125	-0.0052527173498	0.0139187487897	0.0102786162571	-0.0358071775891	0.000721748850724	-0.015737899531	0.0118979016739	-0.0421265561538	-0.0455245020391	-0.0252341550525	-0.0240344821239	1.0	0.00680576199695	0.0105924673664	0.0785011759414	0.0460591582614	-0.0524415860406	-0.054746752584	-0.0471306123585	-0.0125734318815	-0.044237499677	0.0118713658862	0.048381263749	-0.0806465625079	-0.0202673270737	0.036850333132	0.0398351215926	0.104546539692	0.000718916675301	-0.0329766381329	-0.00496553377044	-0.000450199415195	0.00986118716865	0.0192013838141	-0.0625264902246	-0.0383843590321	-0.0676595065259	-0.0390020699109	0.0287561093623	-0.0345485655549	-0.016673722462	0.0319039755407	-0.0376499636303	-0.0235221250544	-0.0207243637926	-0.0231945195118	0.00140656712369	-0.0385012190162	0.0528547100533	-0.0452935062177
k__Bacteria;p__Firmicutes;c__Clostridia;o__Clostridiales;f__Ruminococcaceae;g__Ruminiclostridium;s__[Eubacterium]_siraeum	0.0106897212265	-0.0249502855378	0.0158049422341	-0.015359589188	-0.00226878901513	0.00792885414967	-0.00892281291476	0.00238668826352	-0.0693531067007	-0.043503319822	-0.0222453551527	0.0239256076515	-0.0393905929556	0.00930420385439	0.0528014185246	-0.00330626252134	0.0142431554115	-0.046497296457	0.0573309579741	0.0226768143778	0.00680576199695	1.0	0.0175204984371	-0.0217847197446	0.061132425193	-0.022214879971	-0.0346104227821	-0.0494188212941	-0.0710022487341	0.0154256282136	-0.0243416440585	-0.0442124229199	-0.0136118334195	0.039992817429	0.0513145832382	-0.00445638062943	-0.0691507235113	-0.0290208796411	-0.0441416266505	0.00552332345063	0.0111472063493	0.0246699363725	-0.00419344158358	0.0597441268222	-0.0136208209559	0.0172327115359	0.0304712940436	-0.00772940481341	0.0259982569241	0.0131022803785	-0.0523736776136	0.016121652087	-0.00294701799322	-0.0272554699804	0.0501643416962	0.00171394676188	0.00151943773368	-0.0124868974837	-0.0495249577335
k__Bacteria;p__Proteobacteria;c__Betaproteobacteria;o__Burkholderiales;f__Sutterellaceae;g__Parasutterella;s__Parasutterella_excrementihominis	-0.0173999799016	-0.0303077073534	-0.00151780929715	-0.00339931036942	-0.0557689693247	0.0605522475435	-0.0310852942415	-0.0029770115487	-0.0165342220198	-0.000352916267389	-0.00881751860907	-0.0107892981511	-0.0503054821821	-0.0200870769278	-0.0312697778387	-0.00352979996855	0.00122546716379	0.0245053104407	0.0821945222523	-0.0621940201948	0.0105924673664	0.0175204984371	1.0	0.0473970532683	-0.0172043587197	0.00459176130617	-0.0494790833958	-0.0611840509368	-0.0307518285182	-0.0124945981274	0.0170631406964	-0.00530067437808	0.0415000336805	-0.0318558474303	-0.0236283945946	-0.036330495569	0.0141153983833	0.0775266467324	-0.0270950240552	-0.0730360408193	0.0313401619531	-0.0140316781041	0.00688646297148	-0.0461662199128	-0.0154401197836	-0.0196549122109	0.00885490678676	-0.0179017765976	0.00630219209233	0.00137012028483	-0.00900690746795	0.0124909554779	0.0677598434373	0.0147457687949	-0.0411871078079	-0.0164997349657	-0.0581723766707	0.0184935549921	-0.00544126673342
k__Bacteria;p__Actinobacteria;c__Actinobacteria;o__Bifidobacteriales;f__Bifidobacteriaceae;g__Bifidobacterium;s__Bifidobacterium_adolescentis	-0.108790795969	-0.00760359953175	0.0261073594015	-0.0383910846517	-0.0250301142969	0.0169102347578	-0.065917818445	-0.00051777697717	0.0187194308622	0.0141003909067	0.0478878985224	0.0403235525502	0.0150096577166	0.0821129165795	0.0398333786111	-0.0845686069099	0.00507596522053	-0.0402264822602	0.0302689232365	0.0371962736127	0.0785011759414	-0.0217847197446	0.0473970532683	1.0	-0.0518919235259	-0.0176405623142	0.0356694713082	0.004931649911	-0.0537761643343	0.0033923817349	-0.00971193769671	-0.0284310045732	-0.00758363742572	-0.00787047508252	-0.0386130088911	-0.0213498834579	-0.00166647377539	-0.0462230581077	-0.0412655260257	-0.00766198122325	0.0101713860098	0.0632434930612	0.00850237988215	-0.0894310858924	-0.0412821267671	0.00187401612987	-0.0460512856978	-0.0228068193395	-0.00235523526868	-0.0476529435741	-0.00417299710124	-0.0452581790646	-0.0189679808538	0.0420601767468	0.0509449873648	-0.0194188333937	-0.042222628854	-0.0144777132708	0.00216888749996
k__Bacteria;p__Firmicutes;c__Clostridia;o__Clostridiales;f__Oscillospiraceae;g__Oscillibacter;s__Oscillibacter_sp._KLE_1745	0.0134641261918	-0.0272067483292	-0.0882444909594	-0.0503249999924	0.0483432373177	-0.0118310540864	-0.0269783236649	0.00691547624042	-0.00781957941486	0.0606412406395	-0.00708441980309	-0.100445764667	0.0114282655974	-0.0297216510644	0.0274405379328	-0.0337280960532	-0.0675532957744	-0.0290070421467	-0.0152503544621	0.0323872144505	0.0460591582614	0.061132425193	-0.0172043587197	-0.0518919235259	1.0	0.0351531157642	-0.0402571415875	-0.0105211608774	0.0137591335833	0.0245702356263	0.0756513248145	0.00200940262429	-0.0030260081559	-0.00138211805027	-0.0635492373698	-0.0672653762865	-0.00622937501851	-0.0284335317716	-0.0204612163163	-0.0343865910868	-0.00336956151999	0.0214382800798	-0.0559494731552	-0.0258479243826	-0.0775215773341	-0.0225301460812	-0.0493637553001	-0.0359238545408	0.00040315232646	-0.0407487924534	0.0163198263723	-0.0265502665417	-0.0696437655573	0.0118693802422	-0.0194856858216	0.0101575725783	-0.0191656362093	0.00457490147931	0.0137355431808
k__Bacteria;p__Bacteroidetes;c__Bacteroidia;o__Bacteroidales;f__Bacteroidaceae;g__Bacteroides;s__Bacteroides_coprophilus	-0.009152955691	0.0565707530925	0.00144622062758	-0.00383290521505	-0.0305217365716	-0.0368737307908	-0.0309310422193	-0.0380418670343	-0.00563484348178	-0.00202690292578	0.0095466477845	-0.00866740174775	-0.0182124791954	-0.0224567329163	0.0264075234134	0.0187672274352	-0.0844105788101	-0.00466222696771	0.00912865129885	-0.0112194818202	-0.0524415860406	-0.022214879971	0.00459176130617	-0.0176405623142	0.0351531157642	1.0	-0.0655061659416	-0.0179632685894	0.0350551773457	0.0270501957803	-0.0225035974945	0.0164910788493	0.0290533070837	0.0291202805118	0.0339903707898	0.0014865675092	-0.0631881936187	-0.0260388157643	0.0198104570218	-0.00891946940849	-0.0115787255375	0.0165470833292	-0.00282943729584	0.0343604468896	0.0126977082576	-0.0598615216453	0.0501714096243	-0.023400886089	0.0342238122562	0.00720607601638	-0.0131620714366	-0.0126103081953	-0.0535538402403	-0.0158185712199	0.0384624071649	0.0022279618174	-0.0173395023647	0.00512499722747	-0.0198298717415
k__Bacteria;p__Firmicutes;c__Clostridia;o__Clostridiales;f__Lachnospiraceae;g__Roseburia;s__Roseburia_intestinalis	-0.0333846911573	-0.00399887225549	-0.0411646042612	-0.0229349411071	0.0188233183582	-0.0295626459734	-0.0643069035252	-0.00414072268073	-0.00684546522005	-0.0298086623422	-0.0431435012998	0.0766234162033	-0.0322839638604	0.00212747937799	-0.0499893747092	0.018341686448	0.042660800851	0.0539740499603	0.0534070124353	0.0299208544531	-0.054746752584	-0.0346104227821	-0.0494790833958	0.0356694713082	-0.0402571415875	-0.0655061659416	1.0	0.0342582237056	0.0373654752523	0.0237699694748	-0.0279563060567	-0.00327571918085	0.053225429301	0.0161877284548	0.0337083880324	0.0418695191769	-0.00857646800429	-0.00555684989642	-0.0197263088496	-0.0108950906213	0.0412639368862	-0.0276181154264	-0.0644020093128	0.0186484200248	-0.0105061377912	-0.0191895126633	-0.037852636598	0.0197448026567	0.0136688348314	-0.0240265128779	0.0424067537998	-0.0231714400887	-0.0116448854207	0.0169987027084	0.0342724652802	0.0524074026144	-0.00414580696506	0.0125323903964	-0.0295563626859
k__Bacteria;p__Firmicutes;c__Clostridia;o__Clostridiales;f__Lachnospiraceae;g__Roseburia;s__Roseburia_hominis	0.00878062007244	0.0273829148528	0.00255883741666	-0.0376672845291	-0.0283540838545	-0.0205943029817	-0.00104040520678	-0.00132445189007	-0.0147689687875	-0.0835837669345	-0.0418561084647	0.0278690521844	-0.0148779100248	0.00825817448402	-0.0109670318189	-0.068170498412	-0.0142044086373	0.00575973082948	0.0572753802641	0.0332971459643	-0.0471306123585	-0.0494188212941	-0.0611840509368	0.004931649911	-0.0105211608774	-0.0179632685894	0.0342582237056	1.0	0.0337725164267	-0.0269671291122	-0.0203246055633	-0.0619019109064	-0.0280067015625	0.0158757600352	-0.00910105244899	0.0434934153573	0.0213242235069	-0.0121309961626	-0.0261524382504	-0.000556517454649	0.00643837157774	0.0242663352211	-0.00416863074195	0.0456284610012	-0.0101123795074	0.0329447688014	0.00813196017859	-0.00607819786423	0.0241771822871	0.00719423330726	-0.0160061563301	-0.0396390589604	0.0132136523434	0.046169873367	0.0130194566066	-0.00901815349745	-0.0225160784117	-0.0166976125119	-0.00704784369396
k__Bacteria;p__Bacteroidetes;c__Bacteroidia;o__Bacteroidales;f__Porphyromonadaceae;g__Parabacteroides;s__Parabacteroides_johnsonii	-0.0769160996301	0.0306606063652	-0.00416755519031	-0.0183254899341	-0.00709778716178	-0.0420931412704	-0.0438255894273	-0.010206715798	-0.0405485588312	-0.0059942498073	-0.0201488028513	-0.0505165878642	0.0112250055627	-0.0329368030946	-0.0158759572138	-0.0278499248619	-0.0465122818343	-0.021300047854	-0.0838718457127	-0.0386490491334	-0.0125734318815	-0.0710022487341	-0.0307518285182	-0.0537761643343	0.0137591335833	0.0350551773457	0.0373654752523	0.0337725164267	1.0	0.0483007102824	0.0463419304482	-0.00116457160712	0.0537660830229	0.0344480029009	-0.00782956157472	-0.024102804336	0.00275169638129	-0.00180308261304	-0.0266942021453	0.0520831369982	0.0241090212558	0.0072092117413	0.0249079307695	0.00358150390821	-0.0169394345415	0.00431693808983	-0.0135633520734	0.0215133766389	0.0223449378079	-0.0201076018014	0.0169957172148	-0.0338575427717	0.0161171456672	-0.0202757455903	-0.0121890980174	0.0155771813442	-0.0184780674069	0.0161328753946	0.0353775449152
k__Bacteria;p__Actinobacteria;c__Actinobacteria;o__Bifidobacteriales;f__Bifidobacteriaceae;g__Bifidobacterium;s__Bifidobacterium_longum	0.0257217685569	-0.017406530254	-0.0247922683877	-0.0190926033926	-0.0589742803721	-0.019478711744	-0.0333135848843	-0.00419606190641	0.00195139363904	-0.00688937971884	-0.0123539653088	-0.0197406212508	0.0448743595263	-0.00492316349199	-0.0298384403537	0.0400130562708	-0.00832282974184	0.0467199663435	0.0139861795725	-0.0455252563124	-0.044237499677	0.0154256282136	-0.0124945981274	0.0033923817349	0.0245702356263	0.0270501957803	0.0237699694748	-0.0269671291122	0.0483007102824	1.0	-0.0185809889092	0.0202199061023	0.0225596963367	0.0183691820276	-0.0606660711496	-0.0168503296994	0.025002115033	0.0241235385056	-0.0790852428547	0.00311355303289	-0.000592671560214	-0.0142126949411	0.0547842451751	-0.00886418854214	0.000262222707627	0.00410512472186	-0.0317354728571	-0.00519717406982	-0.0136514739403	-0.0328621910776	0.0266471048538	-0.0257062430611	-0.00361581355871	-0.00539115705947	-0.0349668401234	-0.0313106065602	0.016351520295	-0.0624708557198	0.00128495705824
