#taxonomy	k__Bacteria;p__Bacteroidetes;c__Bacteroidia;o__Bacteroidales;f__Bacteroidaceae;g__Bacteroides;s__Bacteroides_vulgatus	k__Bacteria;p__Bacteroidetes;c__Bacteroidia;o__Bacteroidales;f__Bacteroidaceae;g__Bacteroides;s__Bacteroides_uniformis	k__Bacteria;p__Bacteroidetes;c__Bacteroidia;o__Bacteroidales;f__Rikenellaceae;g__Alistipes;s__Alistipes_putredinis	k__Bacteria;p__Bacteroidetes;c__Bacteroidia;o__Bacteroidales;f__Prevotellaceae;g__Prevotella;s__Prevotella_copri	k__Bacteria;p__Bacteroidetes;c__Bacteroidia;o__Bacteroidales;f__Bacteroidaceae;g__Bacteroides;s__Bacteroides_stercoris	k__Bacteria;p__Bacteroidetes;c__Bacteroidia;o__Bacteroidales;f__Bacteroidaceae;g__Bacteroides;s__Bacteroides_ovatus	k__Bacteria;p__Bacteroidetes;c__Bacteroidia;o__Bacteroidales;f__Rikenellaceae;g__Alistipes;s__Alistipes_shahii	k__Bacteria;p__Firmicutes;c__Clostridia;o__Clostridiales;f__Ruminococcaceae;g__Faecalibacterium;s__Faecalibacterium_prausnitzii	k__Bacteria;p__Bacteroidetes;c__Bacteroidia;o__Bacteroidales;f__Rikenellaceae;g__Alistipes;s__Alistipes_finegoldii	k__Bacteria;p__Bacteroidetes;c__Bacteroidia;o__Bacteroidales;f__Porphyromonadaceae;g__Parabacteroides;s__Parabacteroides_distasonis	k__Bacteria;p__Bacteroidetes;c__Bacteroidia;o__Bacteroidales;f__Bacteroidaceae;g__Bacteroides;s__Bacteroides_thetaiotaomicron	k__Bacteria;p__Bacteroidetes;c__Bacteroidia;o__Bacteroidales;f__Bacteroidaceae;g__Bacteroides;s__Bacteroides_coprocola	k__Bacteria;p__Bacteroidetes;c__Bacteroidia;o__Bacteroidales;f__Bacteroidaceae;g__Bacteroides;s__Bacteroides_cellulosilyticus	k__Bacteria;p__Bacteroidetes;c__Bacteroidia;o__Bacteroidales;f__Rikenellaceae;g__Alistipes;s__Alistipes_obesi	k__Bacteria;p__Firmicutes;c__Clostridia;o__Clostridiales;f__Lachnospiraceae;g__;s__[Eubacterium]_rectale	k__Bacteria;p__Bacteroidetes;c__Bacteroidia;o__Bacteroidales;f__Bacteroidaceae;g__Bacteroides;s__Bacteroides_plebeius	k__Bacteria;p__Bacteroidetes;c__Bacteroidia;o__Bacteroidales;f__Bacteroidaceae;g__Bacteroides;s__Bacteroides_fragilis	k__Bacteria;p__Proteobacteria;c__Betaproteobacteria;o__Burkholderiales;f__Sutterellaceae;g__Sutterella;s__Sutterella_wadsworthensis	k__Bacteria;p__Bacteroidetes;c__Bacteroidia;o__Bacteroidales;f__Porphyromonadaceae;g__Barnesiella;s__Barnesiella_intestinihominis	k__Bacteria;p__Bacteroidetes;c__Bacteroidia;o__Bacteroidales;f__Odoribacteraceae;g__Odoribacter;s__Odoribacter_splanchnicus	k__Bacteria;p__Bacteroidetes;c__Bacteroidia;o__Bacteroidales;f__Bacteroidaceae;g__Bacteroides;s__Bacteroides_salyersiae	k__Bacteria;p__Firmicutes;c__Clostridia;o__Clostridiales;f__Ruminococcaceae;g__Ruminiclostridium;s__[Eubacterium]_siraeum	k__Bacteria;p__Proteobacteria;c__Betaproteobacteria;o__Burkholderiales;f__Sutterellaceae;g__Parasutterella;s__Parasutterella_excrementihominis	k__Bacteria;p__Actinobacteria;c__Actinobacteria;o__Bifidobacteriales;f__Bifidobacteriaceae;g__Bifidobacterium;s__Bifidobacterium_adolescentis	k__Bacteria;p__Firmicutes;c__Clostridia;o__Clostridiales;f__Oscillospiraceae;g__Oscillibacter;s__Oscillibacter_sp._KLE_1745	k__Bacteria;p__Bacteroidetes;c__Bacteroidia;o__Bacteroidales;f__Bacteroidaceae;g__Bacteroides;s__Bacteroides_coprophilus	k__Bacteria;p__Firmicutes;c__Clostridia;o__Clostridiales;f__Lachnospiraceae;g__Roseburia;s__Roseburia_intestinalis	k__Bacteria;p__Firmicutes;c__Clostridia;o__Clostridiales;f__Lachnospiraceae;g__Roseburia;s__Roseburia_hominis	k__Bacteria;p__Bacteroidetes;c__Bacteroidia;o__Bacteroidales;f__Porphyromonadaceae;g__Parabacteroides;s__Parabacteroides_johnsonii	k__Bacteria;p__Actinobacteria;c__Actinobacteria;o__Bifidobacteriales;f__Bifidobacteriaceae;g__Bifidobacterium;s__Bifidobacterium_longum	k__Bacteria;p__Firmicutes;c__Clostridia;o__Clostridiales;f__;g__Flavonifractor;s__Flavonifractor_plautii	k__Bacteria;p__Firmicutes;c__Clostridia;o__Clostridiales;f__Clostridiaceae;g__Clostridium;s__Clostridium_phoceensis	k__Bacteria;p__Verrucomicrobia;c__Verrucomicrobiae;o__Verrucomicrobiales;f__Akkermansiaceae;g__Akkermansia;s__Akkermansia_muciniphila	k__Bacteria;p__Bacteroidetes;c__Bacteroidia;o__Bacteroidales;f__Prevotellaceae;g__Paraprevotella;s__Paraprevotella_xylaniphila	k__Bacteria;p__Firmicutes;c__Clostridia;o__Clostridiales;f__Ruminococcaceae;g__Ruminococcus;s__Ruminococcus_callidus	k__Bacteria;p__Bacteroidetes;c__Bacteroidia;o__Bacteroidales;f__Rikenellaceae;g__Alistipes;s__Alistipes_senegalensis	k__Bacteria;p__Firmicutes;c__Clostridia;o__Clostridiales;f__Lachnospiraceae;g__Blautia;s__Blautia_sp._KLE_1732	k__Bacteria;p__Bacteroidetes;c__Bacteroidia;o__Bacteroidales;f__Bacteroidaceae;g__Bacteroides;s__Bacteroides_oleiciplenus	k__Bacteria;p__Firmicutes;c__Clostridia;o__Clostridiales;f__Ruminococcaceae;g__Ruminococcus;s__Ruminococcus_bicirculans	k__Bacteria;p__Bacteroidetes;c__Bacteroidia;o__Bacteroidales;f__Bacteroidaceae;g__Bacteroides;s__Bacteroides_fluxus	k__Bacteria;p__Bacteroidetes;c__Bacteroidia;o__Bacteroidales;f__Prevotellaceae;g__Prevotella;s__Prevotella_stercorea	k__Bacteria;p__Firmicutes;c__Clostridia;o__Clostridiales;f__Lachnospiraceae;g__Dorea;s__Dorea_longicatena	k__Bacteria;p__Firmicutes;c__Clostridia;o__Clostridiales;f__Eubacteriaceae;g__Eubacterium;s__[Eubacterium]_eligens	k__Bacteria;p__Firmicutes;c__Clostridia;o__Clostridiales;f__Ruminococcaceae;g__;s__Ruminococcaceae_bacterium_D16	k__Bacteria;p__Firmicutes;c__Clostridia;o__Clostridiales;f__Lachnospiraceae;g__Coprococcus;s__Coprococcus_comes	k__Bacteria;p__Proteobacteria;c__Gammaproteobacteria;o__Enterobacterales;f__Enterobacteriaceae;g__Escherichia;s__Escherichia_coli	k__Bacteria;p__Firmicutes;c__Clostridia;o__Clostridiales;f__Ruminococcaceae;g__Anaerotruncus;s__Anaerotruncus_colihominis	k__Bacteria;p__Firmicutes;c__Clostridia;o__Clostridiales;f__Lachnospiraceae;g__Blautia;s__Blautia_obeum	k__Bacteria;p__Bacteroidetes;c__Bacteroidia;o__Bacteroidales;f__Odoribacteraceae;g__Odoribacter;s__Odoribacter_laneus	k__Bacteria;p__Firmicutes;c__Clostridia;o__Clostridiales;f__Ruminococcaceae;g__Ruminiclostridium;s__[Clostridium]_leptum	k__Bacteria;p__Bacteroidetes;c__Bacteroidia;o__Bacteroidales;f__Porphyromonadaceae;g__Parabacteroides;s__Parabacteroides_goldsteinii	k__Bacteria;p__Firmicutes;c__Clostridia;o__Clostridiales;f__Lachnospiraceae;g__Anaerostipes;s__Anaerostipes_hadrus	k__Bacteria;p__Firmicutes;c__Clostridia;o__Clostridiales;f__Ruminococcaceae;g__Ruminococcus;s__Ruminococcus_lactaris	k__Bacteria;p__Firmicutes;c__Clostridia;o__Clostridiales;f__Clostridiaceae;g__Clostridium;s__Clostridium_sp._L2-50	k__Bacteria;p__Firmicutes;c__Clostridia;o__Clostridiales;f__Clostridiaceae;g__Clostridium;s__Clostridium_sp._M62/1	k__Bacteria;p__Firmicutes;c__Clostridia;o__Clostridiales;f__;g__Intestinimonas;s__Intestinimonas_butyriciproducens	k__Bacteria;p__Actinobacteria;c__Actinobacteria;o__Bifidobacteriales;f__Bifidobacteriaceae;g__Bifidobacterium;s__Bifidobacterium_bifidum	k__Bacteria;p__Firmicutes;c__Negativicutes;o__Veillonellales;f__Veillonellaceae;g__Dialister;s__Dialister_invisus	k__Bacteria;p__Bacteroidetes;c__Bacteroidia;o__Bacteroidales;f__Bacteroidaceae;g__Bacteroides;s__Bacteroides_salanitronis
k__Bacteria;p__Bacteroidetes;c__Bacteroidia;o__Bacteroidales;f__Bacteroidaceae;g__Bacteroides;s__Bacteroides_vulgatus	1.0	0.0172481609087	-0.0234242873871	0.0192588823013	0.0182152196477	0.0298176566723	-0.0170514085829	-0.0150412027875	-0.0446594699487	-0.0350213890187	-0.0574964994324	0.00188483616003	-0.0209693689563	-0.0545780470849	-0.000830527739402	0.0369707661723	-0.0393303207355	0.0061822648363	0.0242775491063	0.010651904474	-0.0205336629325	-0.0298674764158	0.0280002140941	-0.035173837263	0.024638352823	-0.0129041194761	5.27296607383e-05	-0.0155286016611	0.0208343335196	-0.0178452996488	0.0238244890734	-0.00379677490259	-0.0423692237993	-0.0168309109303	0.0425682640781	-0.0293670132677	-0.040458594499	-0.0119483921908	0.00720083748015	0.0113745171506	0.0146581722721	-0.00480174244118	-0.0204130135468	-0.0319916128056	-0.0505085906551	-0.0173819127214	-0.000601663467346	0.021267943526	-0.0349584484475	-0.00618618076639	0.0327183003358	0.00595448697226	0.00129140371493	-0.0179346319552	-0.0543393134622	-0.0268034913549	-0.0366899503135	-0.00750601832707	-0.0142349806554
k__Bacteria;p__Bacteroidetes;c__Bacteroidia;o__Bacteroidales;f__Bacteroidaceae;g__Bacteroides;s__Bacteroides_uniformis	0.0172481609087	1.0	0.0271602236073	0.0361056509683	0.0142560772939	0.00338945916941	-0.0391334443755	0.0141385783264	-0.0118894358343	-0.00215653416357	-0.0554826631548	-0.0371014569311	-0.0374182932868	0.0525295555247	-0.070838443045	0.0697761146571	-0.011387411648	-0.0118430425753	0.0358060557673	0.0294150351325	0.00750359560852	0.0397700932541	-0.0562675306626	-0.00846343213469	0.0438444727313	0.000931254707653	-0.0194962203787	-0.0231463002218	-0.079662405829	-0.0537364011052	0.0444992882228	-0.050580221754	0.0205433507114	0.0255972325547	-0.0813565209455	0.00814078810675	-0.0329841036972	0.0358615957701	-0.0220528173771	0.0612697764724	-0.0247538492942	-0.00611247529075	-0.016438152449	-0.0797507874704	0.0400097392439	0.0280148985826	-0.0254445580456	0.015599475958	-0.0198576832427	0.0221783318191	0.0412181364159	-0.0101948328147	0.0121886169593	-0.0167667142972	-0.0220146410394	0.0130434974356	-0.00214709180663	0.0278091248053	-0.00602014771928
k__Bacteria;p__Bacteroidetes;c__Bacteroidia;o__Bacteroidales;f__Rikenellaceae;g__Alistipes;s__Alistipes_putredinis	-0.0234242873871	0.0271602236073	1.0	0.0352298016068	0.0120332300286	0.0381884332546	0.00470230949291	-0.0482065460618	-0.0155181466854	0.0438437348592	0.0185725942987	-0.00324123854832	0.00974965789506	-0.0254596486231	-0.0024686478772	-0.0629628620602	0.0201270780805	-0.0268223374879	-0.00143952208086	-0.0097466684343	0.0057944707153	0.00948493146229	0.0109095382117	0.030673373289	-0.00234684563147	-0.00344646471702	0.0313474347064	0.0347359271433	-0.0858198004405	-0.0231915232661	-0.0246738498267	-0.0211226954006	0.0264680213473	0.0373937479819	0.00821962970225	-0.0256188956206	-0.0371424278292	0.0246158720295	0.0184422267421	-0.0160106859417	-0.0249824496326	-0.097966199702	0.0219695662483	0.0353642045287	0.0273217722321	0.00372543098365	-0.000996988447857	-0.0207404904497	-0.0074919094678	0.0493687134965	0.0119588008877	-0.0531955756029	-0.0302126590117	0.0226787556392	-0.018633358761	-0.0188634966536	-0.0203229857774	-0.0363227280004	-0.00934460132694
k__Bacteria;p__Bacteroidetes;c__Bacteroidia;o__Bacteroidales;f__Prevotellaceae;g__Prevotella;s__Prevotella_copri	0.0192588823013	0.0361056509683	0.0352298016068	1.0	-0.0116007029356	-0.000644890466351	-0.0368069155086	-0.0192648833344	-0.00858689529561	-0.0208537321607	-0.00508602283012	-0.0471327639961	0.0679682940612	-0.00473999033457	0.00400532794606	-0.0386854910934	0.0219924783603	-0.0489939524475	-0.0199674138273	0.0147266033666	0.01775129107	0.00847139428001	-0.0226221171547	0.00768905040459	-0.0161947073557	-0.0563787005899	0.0125227464159	0.00193449162476	0.0167564605567	0.0350817735001	0.0339276272614	-0.0130726682082	0.0203600798914	-0.0493916441872	0.0567599071048	0.0290539365306	0.00932368533095	-0.036475745286	0.0269750141457	-0.037245484644	-0.03362788253	-0.0198826418958	0.0367564206417	-0.0259519224198	-0.0371954107831	0.0377327308567	-0.0411657251341	-0.0334916870302	0.0107216015506	0.0177145585157	0.0136208603898	0.0218502078402	0.0617679251117	-0.0184451519405	0.0485880235291	0.00881928729756	0.00877235315773	0.000529291922846	-0.0633378933244
k__Bacteria;p__Bacteroidetes;c__Bacteroidia;o__Bacteroidales;f__Bacteroidaceae;g__Bacteroides;s__Bacteroides_stercoris	0.0182152196477	0.0142560772939	0.0120332300286	-0.0116007029356	1.0	-0.00354690385227	-0.0288893566886	-0.00625109266782	-0.0352526822477	0.041863427533	-0.0730569819256	-0.0207718760927	-0.00366059892535	0.00201831309385	-0.0237238284607	-0.046854550722	0.0111194461176	-0.000555582295866	-0.00912043296546	-0.0342368839577	-0.060700296469	0.0310094213642	-0.081520759134	0.00448526733462	0.04588246388	-0.0309570756725	0.00147392497168	0.00645139467635	0.0133517972946	-0.000728147264951	-0.0717137911765	0.0235596273339	0.019795283327	0.0366937250346	-0.00711148723857	0.0195047052654	-0.0441447067697	-0.00674284120076	0.00364577745076	0.00372560925891	0.0011412931701	-0.0558264219202	0.0240721287514	-0.0174341165871	-0.0138208801351	-0.00188998561556	0.0328767321474	-0.0361971128218	0.0143232847456	0.0643976762663	-0.0240627374831	0.0224948123595	-0.000863586055108	-0.011026618152	-0.0402780380994	-0.0219030055634	-0.077321497423	-0.0227581206157	-0.0454439970175
k__Bacteria;p__Bacteroidetes;c__Bacteroidia;o__Bacteroidales;f__Bacteroidaceae;g__Bacteroides;s__Bacteroides_ovatus	0.0298176566723	0.00338945916941	0.0381884332546	-0.000644890466351	-0.00354690385227	1.0	0.0132948244494	0.00298237326436	0.0533041934715	-0.00966358255425	-0.041287259302	-0.0249780140179	0.0458088592182	-0.0522095906609	-0.0760955207613	0.0742073611891	-0.054034806019	-0.0438223606058	-0.00275531754595	0.0132421816831	0.00331682152897	-0.0118660131411	-0.00828655366973	-0.0251305411786	-0.0112637105351	0.0396860657246	-0.00562032980298	0.00510300524627	-0.00403759452838	0.0545161762684	-0.0396059671292	-0.0468115873365	-0.0394774072637	-0.033770250224	-0.0525601434704	-0.0306412909715	0.0603334803968	-0.00656018051395	0.0382074943831	0.0329366326877	0.0455263251548	-0.0253851641445	-0.0520154322523	-0.0192817492074	-0.028988644154	-0.0311183361392	-0.0136408444824	-0.0318825246614	-0.022996276227	-0.0641776440013	0.0201083576077	0.0285000225468	0.0237758854526	0.0433118875346	-0.0321587272524	-0.00479636802165	0.0368087172111	0.00734192137679	0.033690490417
k__Bacteria;p__Bacteroidetes;c__Bacteroidia;o__Bacteroidales;f__Rikenellaceae;g__Alistipes;s__Alistipes_shahii	-0.0170514085829	-0.0391334443755	0.00470230949291	-0.0368069155086	-0.0288893566886	0.0132948244494	1.0	-0.0147860081222	0.0106756866488	0.03061978577	-0.0448600362238	0.00708652655845	0.0286208779458	0.0376833163386	-0.0272863602511	-0.00825569003369	-0.00588938999765	-0.00528756986588	-0.131514064953	0.00466733366661	0.0127211997773	0.00604543227162	-0.0190508966515	0.025528187844	-0.0539685948817	-0.0205272447956	-0.00598254869895	-0.0127780617292	-0.00100767969524	-0.0113755293229	-0.00438330835099	0.00289568740777	-0.0439466804031	-0.05159552583	-0.0125664362962	0.0466581009398	-0.0188379994714	0.0433666574273	-0.0109181082417	-0.0404716187882	0.0353985008725	0.0102973374644	-0.0298539804724	0.00370685404743	-0.0399265557371	-0.0469698659521	0.0104359246571	0.035993545745	0.0282309437601	-0.0240374735954	0.00970549067429	-0.0155573342858	-0.0376165126536	0.0807546557169	0.0408309946992	-0.0681913990568	0.00683160552578	-0.055511126655	0.0166554343715
k__Bacteria;p__Firmicutes;c__Clostridia;o__Clostridiales;f__Ruminococcaceae;g__Faecalibacterium;s__Faecalibacterium_prausnitzii	-0.0150412027875	0.0141385783264	-0.0482065460618	-0.0192648833344	-0.00625109266782	0.00298237326436	-0.0147860081222	1.0	0.0273466997383	-0.00997513455677	-0.0495087670582	0.0211868835588	0.0488197722079	0.0283753078808	-0.00156743952995	0.00644466583032	-0.0332787755325	-0.00997884685069	0.0209007425547	-0.0151113149104	-0.0497496512454	-0.0373227821142	-0.00264107017611	0.000274325063539	0.0085285552073	0.0178454049697	-0.0258173712695	0.0365228572874	0.0524305530835	-0.047555024439	-0.0121864141403	-0.0481081835812	-0.0570150200439	-0.0343165583822	0.0327602849057	-0.0437743166974	-0.010028119142	0.0249829451903	0.0490267126594	-0.0294214033168	0.0134981357388	-0.0315914947927	-0.00732193690275	-0.014039567773	0.0434970357128	0.0421737953356	-0.0404605864954	0.0674717064159	-0.0323927920765	-0.0361212883357	-0.0062387808337	-0.0549297017037	-0.0169768014501	-0.000792085571936	0.0168849194918	-0.00584295967794	-0.0138561808302	-0.0171058031915	0.0408437896678
k__Bacteria;p__Bacteroidetes;c__Bacteroidia;o__Bacteroidales;f__Rikenellaceae;g__Alistipes;s__Alistipes_finegoldii	-0.0446594699487	-0.0118894358343	-0.0155181466854	-0.00858689529561	-0.0352526822477	0.0533041934715	0.0106756866488	0.0273466997383	1.0	0.0521725808039	-0.0449343732816	-0.0157732280274	0.0120336812435	-0.0642414486978	-0.0182139101293	-0.00770465456314	-0.0473377292953	0.0265767655129	0.0127320248074	0.00186263374444	-0.0350569407462	0.00312506871761	0.035937679867	0.0308783128229	-0.0139378449566	-0.00269312276659	0.00488389099115	-0.00903998386592	-0.0118043601698	-0.0189626134431	-0.00255807104862	-0.0205667620821	0.0277900120798	-0.0512583917985	0.00714340708854	-0.0261950839257	0.0472044724745	-0.0483080713783	0.0718005046168	0.00993001802935	0.0304930389945	-0.032443952825	0.0332089196813	-0.00546230753311	-0.0147651128176	0.0189580998501	-0.0325569331296	0.0548386865835	-0.0106113523314	0.0282975663461	-0.102325048831	-0.01666455791	0.029338178665	-0.0182463781953	0.0189979361296	0.00691679494097	0.002608231442	0.0209601224169	0.0174200879734
k__Bacteria;p__Bacteroidetes;c__Bacteroidia;o__Bacteroidales;f__Porphyromonadaceae;g__Parabacteroides;s__Parabacteroides_distasonis	-0.0350213890187	-0.00215653416357	0.0438437348592	-0.0208537321607	0.041863427533	-0.00966358255425	0.03061978577	-0.00997513455677	0.0521725808039	1.0	0.0333572510479	0.00346990139776	-0.0150615583264	-0.0111692959139	-0.025238063051	0.0247162241249	-0.0437647715828	-0.0141353045646	0.0170052970289	0.0113988420338	0.0524007803734	-0.040419567908	-0.0202509220585	0.00708006806428	-0.0655945378811	-0.0227655821879	-0.0390633625956	0.0269850776677	-0.0205290700895	-0.0140383501929	-0.0214517986242	0.0265805105674	-0.000667722683706	-0.020731008931	0.0151652195274	0.0454355945632	-0.034253129037	-0.0395853427514	0.0587300229068	-0.0134779011528	-0.044735913458	0.0356827085381	-0.00519962212598	-0.0481417095461	0.0173295749296	-0.0759767169355	0.0498016298495	-0.035283648619	-0.019204559284	-0.00165515954884	-0.0767847799699	-0.00900105797275	-0.0437221963707	-0.0114802338849	-0.00686449101591	0.000862869486834	0.0251667281876	-0.0327085044851	0.0204906235332
k__Bacteria;p__Bacteroidetes;c__Bacteroidia;o__Bacteroidales;f__Bacteroidaceae;g__Bacteroides;s__Bacteroides_thetaiotaomicron	-0.0574964994324	-0.0554826631548	0.0185725942987	-0.00508602283012	-0.0730569819256	-0.041287259302	-0.0448600362238	-0.0495087670582	-0.0449343732816	0.0333572510479	1.0	0.038736526028	0.00162303913941	-0.0391405502649	-0.000649816159334	0.00212294821197	0.0153569768849	-0.0740166756351	0.0348786295971	-0.0664016779544	-0.015888275325	-0.00843813677598	-0.0585475053497	0.0518673421922	0.0277586899643	0.0303861049377	0.00481280863447	-0.0157027870953	-0.00163865923289	-0.0216320849543	0.0231645481457	-0.0447006104944	-0.0113497897691	-0.0038518531705	0.0131637544319	0.00423364863679	0.0400875037961	-0.0362790744374	0.0486248934631	-0.0352498797405	-0.0319340932783	-0.0354988989971	-0.00728230581595	0.0482968185291	0.0173938677601	-0.0764808120596	-0.0162112537742	-0.0334943705536	-0.000931101714398	-0.000112721107726	0.00896805773168	-0.0308809898995	0.00631256346655	-0.0141664606684	-0.0290307406214	-0.0122626780114	0.0182305937599	-0.0853829462114	0.0319560027825
k__Bacteria;p__Bacteroidetes;c__Bacteroidia;o__Bacteroidales;f__Bacteroidaceae;g__Bacteroides;s__Bacteroides_coprocola	0.00188483616003	-0.0371014569311	-0.00324123854832	-0.0471327639961	-0.0207718760927	-0.0249780140179	0.00708652655845	0.0211868835588	-0.0157732280274	0.00346990139776	0.038736526028	1.0	-0.05819254741	-0.0187368052893	-0.0336855015484	-0.0172351919878	-0.00457462718545	-0.0406601831375	-0.0634529233883	0.00290375644282	-0.0205911034861	-0.0108032890895	-0.00221167461348	0.0317705871508	-0.0415402077991	-0.0426505955525	0.0267920960252	-0.0415387601021	-0.0221022620078	0.0322415290751	0.000784329763873	-0.0477778754591	0.0297850194688	0.0983696824487	-0.00870486856902	-0.0463720715435	-0.0315336288145	0.00675945283233	0.042020012318	-0.0362811918683	-0.0364998134396	0.0372227989523	-0.0155713256222	0.0267474469455	-0.0386218099745	0.0146665931992	-0.057123185063	0.0503569011473	-0.0167152440249	-0.0191672733599	-0.0560808587963	-0.00895448691335	-0.000995634487384	-0.0293092006209	-0.00894132366348	-0.00873422072317	-0.0016693293101	-0.0517172468532	0.0594267871154
k__Bacteria;p__Bacteroidetes;c__Bacteroidia;o__Bacteroidales;f__Bacteroidaceae;g__Bacteroides;s__Bacteroides_cellulosilyticus	-0.0209693689563	-0.0374182932868	0.00974965789506	0.0679682940612	-0.00366059892535	0.0458088592182	0.0286208779458	0.0488197722079	0.0120336812435	-0.0150615583264	0.00162303913941	-0.05819254741	1.0	0.014367991858	0.00889436162964	-0.0434591503069	-0.00816124209241	-0.0121189062086	-0.00408302596392	0.013969148419	-0.0559092269528	-0.0173506171569	0.00300050387848	0.0408681728888	0.0693201822926	0.0535853924328	0.010509665251	0.0118327320874	0.011180256943	-0.018990823129	-0.0334314528778	-0.0122192378833	0.000869245916495	-0.00388477767469	0.00054615613201	-0.0207261236112	-0.0201394282406	-0.00757489034526	-0.0190666760713	-0.0286926306463	0.00976431715292	-0.0235236057466	0.0227919208957	-0.0423822280099	0.0287988727359	-0.0305187413406	-0.0586561844633	-0.0494374912574	-0.0107685680719	-0.0497912622862	0.0234527144822	-0.0793931278282	-0.000250387667103	0.0215793036519	-0.0400566560673	-0.0311474160482	0.0325726430405	0.0553670105178	-0.00457414672172
k__Bacteria;p__Bacteroidetes;c__Bacteroidia;o__Bacteroidales;f__Rikenellaceae;g__Alistipes;s__Alistipes_obesi	-0.0545780470849	0.0525295555247	-0.0254596486231	-0.00473999033457	0.00201831309385	-0.0522095906609	0.0376833163386	0.0283753078808	-0.0642414486978	-0.0111692959139	-0.0391405502649	-0.0187368052893	0.014367991858	1.0	-0.000118753669081	-0.013692103219	0.0106718756351	0.00518817126352	-0.0499853044254	-0.00784074183742	0.0207182857615	0.0154688673595	-0.0405387925891	-0.0320971905782	-0.0419661355701	-0.0265019495932	-0.0240945362123	-0.0293712327781	0.0415317910654	-0.0224564623909	0.0214341487688	0.0193267225584	-0.0456067698272	-0.0235972502784	-0.0231678198154	-0.0650416047305	-0.038873431641	-0.0204486389805	0.0455333131032	0.0287009024889	-0.000206354368899	0.000725876948336	0.0399031782365	0.00878035490798	-0.0464995332435	-0.0267322697191	-0.0202211012383	0.038918698284	0.0288203152094	-0.0375051700513	-0.0210021810145	-0.00776740288239	-0.0728484490262	-0.0120314177553	0.0147817803714	-0.0176779203363	-0.00510212980246	-0.0429007440503	0.067734698295
k__Bacteria;p__Firmicutes;c__Clostridia;o__Clostridiales;f__Lachnospiraceae;g__;s__[Eubacterium]_rectale	-0.000830527739402	-0.070838443045	-0.0024686478772	0.00400532794606	-0.0237238284607	-0.0760955207613	-0.0272863602511	-0.00156743952995	-0.0182139101293	-0.025238063051	-0.000649816159334	-0.0336855015484	0.00889436162964	-0.000118753669081	1.0	-0.00319090895153	0.0192915063068	0.00259302076045	-0.0303412830056	0.00138786078457	0.0415191071083	0.0371933452137	-0.0187347225841	-0.0223084949981	-0.00461504945161	-0.0413784377933	0.0353890713101	0.0127204842016	0.0276557818235	-0.00636654468086	-0.0526808315015	0.0180773335561	-0.00778325818415	-0.117445608753	0.0201840962382	-0.0392210382134	0.0204498287776	0.00313660825368	-0.0295860014199	0.0422882207223	-0.0635644030173	0.0443678428337	0.00345627194324	0.00828976519767	-0.0184765955612	-0.0284523481923	0.0160830697061	0.0210683302785	0.00981426779899	0.00610057189753	-0.0241803334955	-0.0222481672537	0.00421998102848	0.0170409494468	0.0624748010737	-0.0397693339113	0.0175591996808	0.0228371966876	0.0124799932175
k__Bacteria;p__Bacteroidetes;c__Bacteroidia;o__Bacteroidales;f__Bacteroidaceae;g__Bacteroides;s__Bacteroides_plebeius	0.0369707661722	0.0697761146571	-0.0629628620602	-0.0386854910934	-0.046854550722	0.0742073611891	-0.00825569003369	0.00644466583032	-0.00770465456314	0.0247162241249	0.00212294821197	-0.0172351919878	-0.0434591503069	-0.013692103219	-0.00319090895153	1.0	-0.00497129640218	-0.0362377376455	0.0185690453825	-0.00285614050508	0.0168845985813	0.0192186690528	-0.000537513859605	-0.0762124791778	-0.0312451603215	0.0898583220959	0.0102925385217	-0.0278254352611	0.0249098143936	-0.0278806346302	-0.0294609631935	0.0149693203316	0.00964241613383	0.0384634086958	0.00341143513778	-0.0524687017932	-0.00138747407156	0.082101895788	0.0155493735649	-0.0679413011034	-0.042682683455	0.0990231404207	-0.011359032178	0.00792357100129	-0.029699429105	0.0069158747869	0.0296194496857	-0.0349298493353	0.0103673843734	0.0519809813333	-0.00486597734934	0.00022436720478	-0.0118714479693	-0.0178558951704	-0.063768438885	0.0399979388673	-0.0186104144846	-0.0492563953575	-0.0163162833203
k__Bacteria;p__Bacteroidetes;c__Bacteroidia;o__Bacteroidales;f__Bacteroidaceae;g__Bacteroides;s__Bacteroides_fragilis	-0.0393303207355	-0.011387411648	0.0201270780805	0.0219924783603	0.0111194461176	-0.054034806019	-0.00588938999765	-0.0332787755325	-0.0473377292953	-0.0437647715828	0.0153569768849	-0.00457462718545	-0.00816124209241	0.0106718756351	0.0192915063068	-0.00497129640218	1.0	0.025249025861	-0.0278023448534	0.0398363452887	0.0209158642777	-0.000660030589152	-0.0179776973128	-0.0318880609252	0.00297924507217	-0.0169199724664	-0.00403200705525	-0.00260502389375	-0.00704270261692	-0.0271675206412	0.000525877018316	-0.0186750383845	0.0176442281624	0.013290315238	-0.0129464967797	0.0263290078789	-0.0113781214403	0.039658031086	0.0203301060994	-0.0177415614202	-0.0104576332314	0.0313206081351	0.0243255538037	-0.0162064664866	0.007360639167	0.0587748364431	-0.0214388400352	-0.00792449641876	-0.0428172955687	-0.0107136993539	-0.0217607438819	-0.0153736500091	0.00741199883836	0.0330828585248	0.00237563577856	-0.00341333118621	0.0193186281841	-0.0504364442711	-0.0442888988749
k__Bacteria;p__Proteobacteria;c__Betaproteobacteria;o__Burkholderiales;f__Sutterellaceae;g__Sutterella;s__Sutterella_wadsworthensis	0.0061822648363	-0.0118430425753	-0.0268223374879	-0.0489939524475	-0.000555582295866	-0.0438223606058	-0.00528756986588	-0.00997884685069	0.0265767655129	-0.0141353045646	-0.0740166756351	-0.0406601831375	-0.0121189062086	0.00518817126352	0.00259302076045	-0.0362377376455	0.025249025861	1.0	-0.041684306104	0.00829086750981	-0.0565977601708	0.0517575586035	0.0364007043604	0.0843234138452	-0.00819123268604	0.0169165393194	0.0313450111352	-0.0312023425728	0.00549074135888	-0.0414696411769	0.0133445663639	0.0549439072547	-0.0161284111943	0.0413508845826	0.00431092606453	-0.0267677567273	-1.4243544992e-05	0.0199356450954	0.0100643130497	0.0365787101653	0.00318684975552	0.00955779052343	-0.0130975034793	-0.0353370985781	-0.000336701658909	0.0136554139729	-0.00514474235748	0.0104895482288	0.0110842347866	-0.0363343902453	0.00926378784611	-0.0110648707843	-0.00109005177546	-0.0159777075977	0.0301948933969	-0.0305555856392	-0.00932957044288	0.00912081328814	-0.0242820507511
k__Bacteria;p__Bacteroidetes;c__Bacteroidia;o__Bacteroidales;f__Porphyromonadaceae;g__Barnesiella;s__Barnesiella_intestinihominis	0.0242775491063	0.0358060557673	-0.00143952208086	-0.0199674138273	-0.00912043296546	-0.00275531754595	-0.131514064953	0.0209007425547	0.0127320248074	0.0170052970289	0.0348786295971	-0.0634529233883	-0.00408302596392	-0.0499853044254	-0.0303412830056	0.0185690453825	-0.0278023448534	-0.041684306104	1.0	-0.00218492835898	0.0438857233331	0.0326519065517	0.0310645987836	-0.0148661950023	0.0383056467097	0.0178626507225	0.0302604671398	-0.0015412949242	-0.0278652772982	0.00922996193377	-0.0225817919637	-0.00542757039201	0.0289303739701	-0.038454067295	-0.0157419369284	0.00470936559339	0.0129538036094	0.0123202388653	-0.0646163180496	-0.0141981701223	0.0128495473944	0.00689861557005	-0.00320449048473	-0.0204605200199	-0.0099777558238	-0.0179182244386	-0.0353020762256	-0.0385394424373	-0.00614600246387	-0.026855131423	0.00131839813251	0.0516073038624	-0.00094962008116	-0.0399610061467	-0.0253714231939	0.051610715059	0.0243699147111	-0.0087932075074	0.00301420572012
k__Bacteria;p__Bacteroidetes;c__Bacteroidia;o__Bacteroidales;f__Odoribacteraceae;g__Odoribacter;s__Odoribacter_splanchnicus	0.010651904474	0.0294150351325	-0.0097466684343	0.0147266033666	-0.0342368839577	0.0132421816831	0.00466733366661	-0.0151113149104	0.00186263374444	0.0113988420338	-0.0664016779544	0.00290375644282	0.013969148419	-0.00784074183742	0.00138786078457	-0.00285614050508	0.0398363452887	0.00829086750981	-0.00218492835898	1.0	-0.0236661518891	-0.0319101647242	0.0106561372949	-0.0213894154677	-0.051954874949	-0.0372304854542	-0.0420411903612	0.0199111170345	0.0281109291805	-0.0513551570045	-0.0532996746468	-0.0211017485868	0.0153860060475	-0.00730907076615	0.00554816106077	0.0232607595908	-0.0374765385086	-0.0203629178392	-0.0519568145946	-0.0766129720089	0.0393358975098	-0.0324763911425	-0.0420829778389	0.0209949307272	-0.00734274382335	-0.0546266276892	0.0300760651745	0.0327527634501	0.0155033048524	-0.0619107549598	-0.0595611835403	-0.0208167608747	-0.00675666867305	-0.0328244607944	-0.0498170631784	-0.00271511541038	-0.0106017001325	-0.0364656404053	0.0122941862364
k__Bacteria;p__Bacteroidetes;c__Bacteroidia;o__Bacteroidales;f__Bacteroidaceae;g__Bacteroides;s__Bacteroides_salyersiae	-0.0205336629325	0.00750359560852	0.0057944707153	0.01775129107	-0.060700296469	0.00331682152897	0.0127211997773	-0.0497496512454	-0.0350569407462	0.0524007803734	-0.015888275325	-0.0205911034861	-0.0559092269528	0.0207182857615	0.0415191071083	0.0168845985813	0.0209158642777	-0.0565977601708	0.0438857233331	-0.0236661518891	1.0	-0.037273822987	-0.0263095839345	-0.0373924074691	0.0286070569494	-0.0483429906357	0.0273127214115	-0.00156632769225	-0.024921656836	0.0162649960984	0.0479528776269	-0.0192456126387	-0.0324450750676	0.00220420855505	-0.042271449526	-0.0501519732026	-0.07930429945	-0.0201533546044	-0.0325367579316	0.00547582955199	-0.0123804293563	0.0387166899033	-0.00798728112986	0.0203212790858	-0.0523418666849	0.00216283951749	-0.0184835040526	-0.0396630878535	0.052398061697	-0.00410048225669	-0.0493795419123	0.00432053951094	0.0385812994531	-0.0104484121766	-0.00460892433995	0.0709963798425	-0.028409376954	0.024074623236	0.0204349843438
k__Bacteria;p__Firmicutes;c__Clostridia;o__Clostridiales;f__Ruminococcaceae;g__Ruminiclostridium;s__[Eubacterium]_siraeum	-0.0298674764158	0.0397700932541	0.00948493146229	0.00847139428001	0.0310094213642	-0.0118660131411	0.00604543227162	-0.0373227821142	0.00312506871761	-0.040419567908	-0.00843813677598	-0.0108032890895	-0.0173506171569	0.0154688673595	0.0371933452137	0.0192186690528	-0.000660030589152	0.0517575586035	0.0326519065517	-0.0319101647242	-0.037273822987	1.0	0.0486588427251	-0.0273323720317	0.0165410125724	-0.00584830735545	0.0203129380682	-0.0123464962512	0.00712857557681	-0.0384259222507	0.0331800687537	-0.0109302680863	-4.26903835737e-05	-0.000190553250038	0.00891496853953	-0.00356023982219	-0.000764766221734	-0.0605566911119	-0.0308278403679	-0.00210752649178	-0.0164298556327	-0.0487953629465	7.22145918074e-05	-0.0118347004354	0.0010268704609	-0.00189780273643	0.0264692972036	-0.028933477592	-0.0416802957448	-0.0191594858127	0.0129359190388	0.0106815302216	-0.0102501506777	-0.0166472265743	-0.0246591231359	0.0403083925635	-0.024228815169	0.0408990067599	-0.0364907475049
k__Bacteria;p__Proteobacteria;c__Betaproteobacteria;o__Burkholderiales;f__Sutterellaceae;g__Parasutterella;s__Parasutterella_excrementihominis	0.0280002140941	-0.0562675306626	0.0109095382117	-0.0226221171547	-0.081520759134	-0.00828655366973	-0.0190508966515	-0.00264107017611	0.035937679867	-0.0202509220585	-0.0585475053497	-0.00221167461348	0.00300050387848	-0.0405387925891	-0.0187347225841	-0.000537513859605	-0.0179776973128	0.0364007043604	0.0310645987836	0.0106561372949	-0.0263095839345	0.0486588427251	1.0	0.00135085433031	-0.0454635296441	-0.0300233032831	-0.0355539472726	0.00798313728583	0.0131550509555	-0.0674290914606	-0.0246480736408	-0.040041742628	-0.0126041651056	0.0476651149027	-0.0104926507625	0.0367046757832	-0.101377194361	0.00777895297508	-0.0663545141091	-0.0390712635142	-0.0264326163437	-0.00196121715502	-0.0213575052478	0.0235074068541	0.00963366878669	-0.0570881532437	-0.000347254974821	0.0411464331077	-0.0208403665151	0.0315133670897	0.0535181012455	0.012239230508	-0.0130444834743	0.0248433196282	0.00944329488771	0.0253148591818	0.00613745603317	-0.0295813489416	0.00400358754743
k__Bacteria;p__Actinobacteria;c__Actinobacteria;o__Bifidobacteriales;f__Bifidobacteriaceae;g__Bifidobacterium;s__Bifidobacterium_adolescentis	-0.035173837263	-0.00846343213469	0.030673373289	0.00768905040459	0.00448526733462	-0.0251305411786	0.025528187844	0.000274325063539	0.0308783128229	0.00708006806428	0.0518673421922	0.0317705871508	0.0408681728888	-0.0320971905782	-0.0223084949981	-0.0762124791778	-0.0318880609252	0.0843234138452	-0.0148661950023	-0.0213894154677	-0.0373924074691	-0.0273323720317	0.00135085433031	1.0	0.0485641199659	0.0199870593431	0.0538724669784	0.00570850904068	-0.0192833601752	-0.0412697929621	0.0238192116437	-0.028279828647	-0.00171781199766	-0.00395734419349	0.00122669458097	0.00379396975258	-0.0330651388496	-0.00173839485075	-0.0321891979571	-0.00465679347566	-0.012837672584	-0.0362523693572	0.0173337821675	0.0153545664091	-0.00768281375535	0.062536751291	-0.00506146723467	0.0103442100609	-0.0478473188534	-0.0097766036736	0.0354557051771	-0.0686302841052	0.00912719474603	-0.0181707542525	-0.0215373544962	-0.059726036585	0.0134579438628	0.00293692016498	-0.0193005647757
k__Bacteria;p__Firmicutes;c__Clostridia;o__Clostridiales;f__Oscillospiraceae;g__Oscillibacter;s__Oscillibacter_sp._KLE_1745	0.024638352823	0.0438444727313	-0.00234684563147	-0.0161947073557	0.04588246388	-0.0112637105351	-0.0539685948817	0.0085285552073	-0.0139378449566	-0.0655945378811	0.0277586899643	-0.0415402077991	0.0693201822926	-0.0419661355701	-0.00461504945161	-0.0312451603215	0.00297924507217	-0.00819123268604	0.0383056467097	-0.051954874949	0.0286070569494	0.0165410125724	-0.0454635296441	0.0485641199659	1.0	-0.00611331885171	-0.0353850816271	0.0192044403539	-0.0510689063238	-0.00239356051156	-0.00393077647173	0.0303623784406	0.0322649672374	-0.0437281407174	0.000859499297908	-0.0029623012945	0.0129482920549	0.0270628864697	0.0867512931597	-0.00884865015441	0.0351528678688	-0.0422826079136	-0.027827909349	0.0273904834925	0.0162773957992	-0.0032631490686	-0.0459749793993	0.00987827984203	0.0314063159611	0.00812963998531	-0.0288165633016	-0.0116133344626	-0.0289873605904	-0.0667767237435	-0.00899576099824	-0.0487917044711	-0.0151765441858	-0.0392817232814	-0.021609304869
k__Bacteria;p__Bacteroidetes;c__Bacteroidia;o__Bacteroidales;f__Bacteroidaceae;g__Bacteroides;s__Bacteroides_coprophilus	-0.0129041194761	0.000931254707653	-0.00344646471702	-0.0563787005899	-0.0309570756725	0.0396860657246	-0.0205272447956	0.0178454049697	-0.00269312276659	-0.0227655821879	0.0303861049377	-0.0426505955525	0.0535853924328	-0.0265019495932	-0.0413784377933	0.0898583220959	-0.0169199724664	0.0169165393194	0.0178626507225	-0.0372304854542	-0.0483429906357	-0.00584830735545	-0.0300233032831	0.0199870593431	-0.00611331885171	1.0	0.0115701331452	0.0325556171231	-0.0551054335094	-0.044963253136	-0.0528238638268	0.0523841120806	0.0107868844494	0.0315845484627	-0.0424924084668	-0.0368403463302	-0.0747033821363	0.0417256010034	-0.00612524174564	-0.0212357581424	-0.0280790530841	-0.031093416241	0.00106575029804	-0.0181363268386	-0.0254175238747	-0.0534765870496	-0.0706679478187	-0.0422631005577	-0.0391632751952	0.0107966133712	0.0197106999352	0.00771116017897	-0.0234988282686	-0.0114697149131	0.0463092999919	-0.0542193765315	0.0189686275619	0.0177627325316	0.0245114691281
k__Bacteria;p__Firmicutes;c__Clostridia;o__Clostridiales;f__Lachnospiraceae;g__Roseburia;s__Roseburia_intestinalis	5.27296607383e-05	-0.0194962203787	0.0313474347064	0.0125227464159	0.00147392497168	-0.00562032980298	-0.00598254869895	-0.0258173712695	0.00488389099115	-0.0390633625956	0.00481280863447	0.0267920960252	0.010509665251	-0.0240945362123	0.0353890713101	0.0102925385217	-0.00403200705525	0.0313450111352	0.0302604671398	-0.0420411903612	0.0273127214115	0.0203129380682	-0.0355539472726	0.0538724669784	-0.0353850816271	0.0115701331452	1.0	-0.0162373731164	-0.0310914529296	-0.0058184237483	-0.00103056769256	-0.0361907286847	-0.0346903544122	0.00501769949244	0.0368716969044	-0.0684782688133	-0.0104634830057	-0.015319902232	-0.0208372786154	0.00280595304848	0.0468125250726	-0.00355140501908	-0.0789639636892	-0.0270710036838	0.00843617518775	0.00867629379785	-0.0241436847416	-0.0300343810647	-0.0395804302574	0.0380402344595	-0.00941019360055	-0.00769704649583	0.0249146112188	-0.0925112182165	0.0288978823567	-0.0136006603082	0.0307023637415	0.00921990304105	-0.0295419461631
k__Bacteria;p__Firmicutes;c__Clostridia;o__Clostridiales;f__Lachnospiraceae;g__Roseburia;s__Roseburia_hominis	-0.0155286016611	-0.0231463002218	0.0347359271433	0.00193449162476	0.00645139467635	0.00510300524627	-0.0127780617292	0.0365228572874	-0.00903998386592	0.0269850776677	-0.0157027870953	-0.0415387601021	0.0118327320874	-0.0293712327781	0.0127204842016	-0.0278254352611	-0.00260502389375	-0.0312023425728	-0.0015412949242	0.0199111170345	-0.00156632769225	-0.0123464962512	0.00798313728583	0.00570850904068	0.0192044403539	0.0325556171231	-0.0162373731164	1.0	-0.0246055702828	0.020261615962	-0.0356695489174	-0.021986040419	-0.0173790363912	-0.0438468103517	-0.0258998158008	0.01887210934	-0.0302523666625	0.00523670219714	0.015723493979	0.0287749071168	0.00478341649708	-0.038393133731	0.0163306047174	0.0337794439459	-0.0330050782546	-0.0239326532988	-0.0463319758123	0.00834764988723	-0.0406075745272	0.0827027684147	-0.0169742711691	0.012014795798	-0.00143254383297	0.0393700550457	-0.0508691807507	0.0273739843625	-0.0189263353061	0.0435772516151	0.00298960507117
k__Bacteria;p__Bacteroidetes;c__Bacteroidia;o__Bacteroidales;f__Porphyromonadaceae;g__Parabacteroides;s__Parabacteroides_johnsonii	0.0208343335196	-0.079662405829	-0.0858198004405	0.0167564605567	0.0133517972946	-0.00403759452838	-0.00100767969524	0.0524305530835	-0.0118043601698	-0.0205290700895	-0.00163865923289	-0.0221022620078	0.011180256943	0.0415317910654	0.0276557818235	0.0249098143936	-0.00704270261692	0.00549074135888	-0.0278652772982	0.0281109291805	-0.024921656836	0.00712857557681	0.0131550509555	-0.0192833601752	-0.0510689063238	-0.0551054335094	-0.0310914529296	-0.0246055702828	1.0	-0.0334519560375	-0.0194803084513	-0.0165237105231	-0.0273917050184	0.0185271607099	0.0831893604139	-0.0291264888694	0.0154257085273	-0.0100764535486	0.0109857166953	-0.0274834223309	-0.0138839128075	-0.00699585406791	0.0331271310651	-0.0467058258798	0.0179404633042	-0.0242900483058	0.0566879668593	-0.0191517011429	-0.00551404687182	-0.0452545645251	-0.0139533929695	0.0120869715453	-0.0302772047146	0.0219613728258	0.0221641828933	-0.0170090228374	-0.0358236726793	-0.0542067732064	-0.0101524819907
k__Bacteria;p__Actinobacteria;c__Actinobacteria;o__Bifidobacteriales;f__Bifidobacteriaceae;g__Bifidobacterium;s__Bifidobacterium_longum	-0.0178452996488	-0.0537364011052	-0.0231915232661	0.0350817735001	-0.000728147264951	0.0545161762684	-0.0113755293229	-0.047555024439	-0.0189626134431	-0.0140383501929	-0.0216320849543	0.0322415290751	-0.018990823129	-0.0224564623909	-0.00636654468086	-0.0278806346302	-0.0271675206412	-0.0414696411769	0.00922996193377	-0.0513551570045	0.0162649960984	-0.0384259222507	-0.0674290914606	-0.0412697929621	-0.00239356051156	-0.044963253136	-0.0058184237483	0.020261615962	-0.0334519560375	1.0	-0.00541826189187	-0.0586301935391	0.0436184204278	-0.0433072232706	0.0126456516335	0.0146990546908	0.00261343420935	-0.0231461368501	-0.0400244063398	0.0221428527366	0.00975594549837	-0.000485232856924	5.1875265319e-05	-0.0482808184581	0.0135852965226	-0.0524256583663	0.0787085749379	0.0387055800096	-0.0392295348872	-0.031045592185	-0.0243375414761	-0.00400547171287	0.0164924127285	0.0382987058523	0.0216708733777	0.013512072721	0.00998087240648	0.0550823382778	-0.0211564499039
