#taxonomy	k__Bacteria;p__Bacteroidetes;c__Bacteroidia;o__Bacteroidales;f__Bacteroidaceae;g__Bacteroides;s__Bacteroides_vulgatus	k__Bacteria;p__Bacteroidetes;c__Bacteroidia;o__Bacteroidales;f__Bacteroidaceae;g__Bacteroides;s__Bacteroides_uniformis	k__Bacteria;p__Bacteroidetes;c__Bacteroidia;o__Bacteroidales;f__Rikenellaceae;g__Alistipes;s__Alistipes_putredinis	k__Bacteria;p__Bacteroidetes;c__Bacteroidia;o__Bacteroidales;f__Prevotellaceae;g__Prevotella;s__Prevotella_copri	k__Bacteria;p__Bacteroidetes;c__Bacteroidia;o__Bacteroidales;f__Bacteroidaceae;g__Bacteroides;s__Bacteroides_stercoris	k__Bacteria;p__Bacteroidetes;c__Bacteroidia;o__Bacteroidales;f__Bacteroidaceae;g__Bacteroides;s__Bacteroides_ovatus	k__Bacteria;p__Bacteroidetes;c__Bacteroidia;o__Bacteroidales;f__Rikenellaceae;g__Alistipes;s__Alistipes_shahii	k__Bacteria;p__Firmicutes;c__Clostridia;o__Clostridiales;f__Ruminococcaceae;g__Faecalibacterium;s__Faecalibacterium_prausnitzii	k__Bacteria;p__Bacteroidetes;c__Bacteroidia;o__Bacteroidales;f__Rikenellaceae;g__Alistipes;s__Alistipes_finegoldii	k__Bacteria;p__Bacteroidetes;c__Bacteroidia;o__Bacteroidales;f__Porphyromonadaceae;g__Parabacteroides;s__Parabacteroides_distasonis	k__Bacteria;p__Bacteroidetes;c__Bacteroidia;o__Bacteroidales;f__Bacteroidaceae;g__Bacteroides;s__Bacteroides_thetaiotaomicron	k__Bacteria;p__Bacteroidetes;c__Bacteroidia;o__Bacteroidales;f__Bacteroidaceae;g__Bacteroides;s__Bacteroides_coprocola	k__Bacteria;p__Bacteroidetes;c__Bacteroidia;o__Bacteroidales;f__Bacteroidaceae;g__Bacteroides;s__Bacteroides_cellulosilyticus	k__Bacteria;p__Bacteroidetes;c__Bacteroidia;o__Bacteroidales;f__Rikenellaceae;g__Alistipes;s__Alistipes_obesi	k__Bacteria;p__Firmicutes;c__Clostridia;o__Clostridiales;f__Lachnospiraceae;g__;s__[Eubacterium]_rectale	k__Bacteria;p__Bacteroidetes;c__Bacteroidia;o__Bacteroidales;f__Bacteroidaceae;g__Bacteroides;s__Bacteroides_plebeius	k__Bacteria;p__Bacteroidetes;c__Bacteroidia;o__Bacteroidales;f__Bacteroidaceae;g__Bacteroides;s__Bacteroides_fragilis	k__Bacteria;p__Proteobacteria;c__Betaproteobacteria;o__Burkholderiales;f__Sutterellaceae;g__Sutterella;s__Sutterella_wadsworthensis	k__Bacteria;p__Bacteroidetes;c__Bacteroidia;o__Bacteroidales;f__Porphyromonadaceae;g__Barnesiella;s__Barnesiella_intestinihominis	k__Bacteria;p__Bacteroidetes;c__Bacteroidia;o__Bacteroidales;f__Odoribacteraceae;g__Odoribacter;s__Odoribacter_splanchnicus	k__Bacteria;p__Bacteroidetes;c__Bacteroidia;o__Bacteroidales;f__Bacteroidaceae;g__Bacteroides;s__Bacteroides_salyersiae	k__Bacteria;p__Firmicutes;c__Clostridia;o__Clostridiales;f__Ruminococcaceae;g__Ruminiclostridium;s__[Eubacterium]_siraeum	k__Bacteria;p__Proteobacteria;c__Betaproteobacteria;o__Burkholderiales;f__Sutterellaceae;g__Parasutterella;s__Parasutterella_excrementihominis	k__Bacteria;p__Actinobacteria;c__Actinobacteria;o__Bifidobacteriales;f__Bifidobacteriaceae;g__Bifidobacterium;s__Bifidobacterium_adolescentis	k__Bacteria;p__Firmicutes;c__Clostridia;o__Clostridiales;f__Oscillospiraceae;g__Oscillibacter;s__Oscillibacter_sp._KLE_1745	k__Bacteria;p__Bacteroidetes;c__Bacteroidia;o__Bacteroidales;f__Bacteroidaceae;g__Bacteroides;s__Bacteroides_coprophilus	k__Bacteria;p__Firmicutes;c__Clostridia;o__Clostridiales;f__Lachnospiraceae;g__Roseburia;s__Roseburia_intestinalis	k__Bacteria;p__Firmicutes;c__Clostridia;o__Clostridiales;f__Lachnospiraceae;g__Roseburia;s__Roseburia_hominis	k__Bacteria;p__Bacteroidetes;c__Bacteroidia;o__Bacteroidales;f__Porphyromonadaceae;g__Parabacteroides;s__Parabacteroides_johnsonii	k__Bacteria;p__Actinobacteria;c__Actinobacteria;o__Bifidobacteriales;f__Bifidobacteriaceae;g__Bifidobacterium;s__Bifidobacterium_longum	k__Bacteria;p__Firmicutes;c__Clostridia;o__Clostridiales;f__;g__Flavonifractor;s__Flavonifractor_plautii	k__Bacteria;p__Firmicutes;c__Clostridia;o__Clostridiales;f__Clostridiaceae;g__Clostridium;s__Clostridium_phoceensis	k__Bacteria;p__Verrucomicrobia;c__Verrucomicrobiae;o__Verrucomicrobiales;f__Akkermansiaceae;g__Akkermansia;s__Akkermansia_muciniphila	k__Bacteria;p__Bacteroidetes;c__Bacteroidia;o__Bacteroidales;f__Prevotellaceae;g__Paraprevotella;s__Paraprevotella_xylaniphila	k__Bacteria;p__Firmicutes;c__Clostridia;o__Clostridiales;f__Ruminococcaceae;g__Ruminococcus;s__Ruminococcus_callidus	k__Bacteria;p__Bacteroidetes;c__Bacteroidia;o__Bacteroidales;f__Rikenellaceae;g__Alistipes;s__Alistipes_senegalensis	k__Bacteria;p__Firmicutes;c__Clostridia;o__Clostridiales;f__Lachnospiraceae;g__Blautia;s__Blautia_sp._KLE_1732	k__Bacteria;p__Bacteroidetes;c__Bacteroidia;o__Bacteroidales;f__Bacteroidaceae;g__Bacteroides;s__Bacteroides_oleiciplenus	k__Bacteria;p__Firmicutes;c__Clostridia;o__Clostridiales;f__Ruminococcaceae;g__Ruminococcus;s__Ruminococcus_bicirculans	k__Bacteria;p__Bacteroidetes;c__Bacteroidia;o__Bacteroidales;f__Bacteroidaceae;g__Bacteroides;s__Bacteroides_fluxus	k__Bacteria;p__Bacteroidetes;c__Bacteroidia;o__Bacteroidales;f__Prevotellaceae;g__Prevotella;s__Prevotella_stercorea	k__Bacteria;p__Firmicutes;c__Clostridia;o__Clostridiales;f__Lachnospiraceae;g__Dorea;s__Dorea_longicatena	k__Bacteria;p__Firmicutes;c__Clostridia;o__Clostridiales;f__Eubacteriaceae;g__Eubacterium;s__[Eubacterium]_eligens	k__Bacteria;p__Firmicutes;c__Clostridia;o__Clostridiales;f__Ruminococcaceae;g__;s__Ruminococcaceae_bacterium_D16	k__Bacteria;p__Firmicutes;c__Clostridia;o__Clostridiales;f__Lachnospiraceae;g__Coprococcus;s__Coprococcus_comes	k__Bacteria;p__Proteobacteria;c__Gammaproteobacteria;o__Enterobacterales;f__Enterobacteriaceae;g__Escherichia;s__Escherichia_coli	k__Bacteria;p__Firmicutes;c__Clostridia;o__Clostridiales;f__Ruminococcaceae;g__Anaerotruncus;s__Anaerotruncus_colihominis	k__Bacteria;p__Firmicutes;c__Clostridia;o__Clostridiales;f__Lachnospiraceae;g__Blautia;s__Blautia_obeum	k__Bacteria;p__Bacteroidetes;c__Bacteroidia;o__Bacteroidales;f__Odoribacteraceae;g__Odoribacter;s__Odoribacter_laneus	k__Bacteria;p__Firmicutes;c__Clostridia;o__Clostridiales;f__Ruminococcaceae;g__Ruminiclostridium;s__[Clostridium]_leptum	k__Bacteria;p__Bacteroidetes;c__Bacteroidia;o__Bacteroidales;f__Porphyromonadaceae;g__Parabacteroides;s__Parabacteroides_goldsteinii	k__Bacteria;p__Firmicutes;c__Clostridia;o__Clostridiales;f__Lachnospiraceae;g__Anaerostipes;s__Anaerostipes_hadrus	k__Bacteria;p__Firmicutes;c__Clostridia;o__Clostridiales;f__Ruminococcaceae;g__Ruminococcus;s__Ruminococcus_lactaris	k__Bacteria;p__Firmicutes;c__Clostridia;o__Clostridiales;f__Clostridiaceae;g__Clostridium;s__Clostridium_sp._L2-50	k__Bacteria;p__Firmicutes;c__Clostridia;o__Clostridiales;f__Clostridiaceae;g__Clostridium;s__Clostridium_sp._M62/1	k__Bacteria;p__Firmicutes;c__Clostridia;o__Clostridiales;f__;g__Intestinimonas;s__Intestinimonas_butyriciproducens	k__Bacteria;p__Actinobacteria;c__Actinobacteria;o__Bifidobacteriales;f__Bifidobacteriaceae;g__Bifidobacterium;s__Bifidobacterium_bifidum	k__Bacteria;p__Firmicutes;c__Negativicutes;o__Veillonellales;f__Veillonellaceae;g__Dialister;s__Dialister_invisus	k__Bacteria;p__Bacteroidetes;c__Bacteroidia;o__Bacteroidales;f__Bacteroidaceae;g__Bacteroides;s__Bacteroides_salanitronis
k__Bacteria;p__Bacteroidetes;c__Bacteroidia;o__Bacteroidales;f__Bacteroidaceae;g__Bacteroides;s__Bacteroides_vulgatus	1.0	-0.0100521478614	0.0179836545936	-0.0434676637245	-0.0325250536675	0.00138661040904	-0.0061076423687	0.0165633620305	-0.0344531702265	0.0196550191269	-0.0179212056201	-0.0333809153184	0.0706668728815	0.0270187408637	0.0271159151974	0.00215365149886	0.0158156826812	0.0243397684474	0.0290461703042	0.0230377502076	-0.0524065483586	0.0269310061866	0.0164927034858	0.0155689400248	-0.0138638251239	-0.0350957006583	0.0156808040725	-0.0452242078087	-0.0118254411604	-0.0323600482066	-0.0135859156852	0.00777418080486	-0.0254394781353	-0.0274869773242	0.0129972099329	-0.0326726514363	-0.052459670175	-0.0375305494713	0.016631326101	-0.0500699680884	-0.0591800993282	-0.0322073740432	-0.0195544263486	-0.0264433817553	-0.0519766081498	0.00517520006525	-0.000117680848114	-0.0457831028734	-0.0157963922639	-0.00433253974738	0.0354912136657	-0.00998872346594	0.000212382709652	-0.0172130959223	0.0175211072793	-0.0083293976059	-0.00538120063242	-0.0114706362951	-0.0212821197996
k__Bacteria;p__Bacteroidetes;c__Bacteroidia;o__Bacteroidales;f__Bacteroidaceae;g__Bacteroides;s__Bacteroides_uniformis	-0.0100521478614	1.0	-0.00430549879759	-0.0168095805876	0.016241889086	-0.0146236072342	-0.00906271637342	0.033272968028	-0.0116844117668	-0.0107457752295	0.0110313574943	-0.0428287073666	-0.0406447359848	-0.00905615185694	0.000832012154183	-0.0341536697583	0.00181181312532	0.018514189193	-0.0127413089711	-0.00718737237439	0.0267151351106	-0.00537071495195	0.077000296332	0.00659454031863	-0.00695338736715	0.00240732934843	0.0266108207346	-0.0455469063215	-0.00479185589202	-0.00673449631573	-0.00514829640509	-0.0191335381297	-0.030870646128	-0.0257771763946	-0.00136034892241	-0.0239885271094	-0.061313649518	-0.000557018624127	0.041276000197	-0.00293730769257	-0.0213054442095	0.0202494515475	0.00990084244405	0.00254295614391	-0.00687591224852	0.0162736025441	-0.00687058307929	0.0209350356975	-0.0160219973062	-0.0248879358056	-0.0525494617646	0.05059806471	-0.0253233918158	0.0260250938696	0.00244813089575	0.00105119204399	-0.00820399888228	-0.020755282987	-0.0750459701322
k__Bacteria;p__Bacteroidetes;c__Bacteroidia;o__Bacteroidales;f__Rikenellaceae;g__Alistipes;s__Alistipes_putredinis	0.0179836545936	-0.00430549879759	1.0	0.0140464691798	-0.0660093668141	-0.0626440583292	0.0112519664303	0.000109317912931	-0.0163499156851	0.0113282890459	-0.0462572879745	-0.100073196368	-0.0131706376651	0.0367912464433	-0.0415753079858	-0.0303044540614	-0.0262200590083	-0.0281851640776	-0.0233925771677	0.0507313756064	-0.000499374872506	0.0188495068935	-0.031842691173	0.0292195002855	0.0187444066249	0.00495841544842	0.0225961753512	0.0271946143973	0.0409027484486	0.0065612109136	-0.00426954216482	0.0208722642255	-0.0180373999831	-0.0341822943621	-0.032266874988	-0.0300645795487	0.000479524267234	-0.0187570719478	0.00402067761023	0.000509528105701	0.0406876989705	-0.0143794221438	-0.00898608573593	0.00809969872445	-0.017894995981	0.00638356277138	0.0606514626092	0.0437666884156	0.0249465260316	-0.0400296750648	-0.0628886197609	-0.0199441355654	0.0432730957071	-0.00102569239277	-0.00880619136707	-0.000507295763465	0.0189066064742	0.0232551051454	-0.0106625548338
k__Bacteria;p__Bacteroidetes;c__Bacteroidia;o__Bacteroidales;f__Prevotellaceae;g__Prevotella;s__Prevotella_copri	-0.0434676637245	-0.0168095805876	0.0140464691798	1.0	-0.01361040598	-0.000223139589116	-0.0255111664257	0.0166632604485	-0.0136110048094	-0.0417662667734	0.0534651460308	-0.0288361258686	0.0209126735995	0.0391728443178	0.037914869588	0.00144494865448	0.00900033577932	0.0200301757671	-0.0678604421216	-0.0141624852713	-0.0131486308138	0.0263560932809	-0.0148846676582	0.0171849078389	-0.0412422223843	-0.024452791027	-0.0398928394511	-0.0366523014519	0.015973257477	-0.018347383148	0.0219767898245	-0.0103015441197	0.00883734117737	0.0638522014627	-0.0368561894427	0.00746314242094	0.0015106725683	0.037381414294	-0.0145368335967	-0.0275140022346	-0.0346510045063	-0.00363399335359	-0.0451599973119	-0.0314865847228	0.00743224083845	-0.0156029786622	-0.075626698128	-0.0367230868324	0.0134947234196	-0.00030317631746	0.0257150107142	-0.00641487855212	0.00397257484093	0.0233692094758	0.0258757108839	-0.00747638707086	-0.00701859531233	-0.0274567576239	0.0102852822401
k__Bacteria;p__Bacteroidetes;c__Bacteroidia;o__Bacteroidales;f__Bacteroidaceae;g__Bacteroides;s__Bacteroides_stercoris	-0.0325250536675	0.016241889086	-0.0660093668141	-0.01361040598	1.0	-0.0319660565619	-0.0578433733487	0.00483672533187	0.0103456603772	-0.0280832665577	-0.0155626054758	-0.0470154603572	0.0448768062597	-0.0345287065445	-0.0505932423121	0.0480052232802	-0.0471565684641	-0.000866669616336	0.0127105360309	0.0529422210507	0.00425215683654	0.0155558924595	0.0354854901391	-0.0144982116265	-0.0123439823144	0.0367820676553	-0.0291617305053	0.0017779839056	0.00377563905449	-0.0434769450929	-0.0157105715168	-0.0184339342476	-0.0307171241935	-0.00558536516462	-0.0315262345235	0.0139371872653	-0.0040554911263	-0.0191484198717	-0.0255759836228	-0.0470092828495	-0.0216659272192	0.0491235678133	0.00235153849815	0.0163802438427	-0.00142616196671	-0.0104198865848	-0.00051347406035	0.0308249732128	0.0175558719972	0.0276920860406	0.00453413257598	0.0265120218097	0.0231331428974	0.0184905979394	-0.0380025132095	-0.0436928296222	0.0221651583332	-0.0290771777436	-0.0354524408541
k__Bacteria;p__Bacteroidetes;c__Bacteroidia;o__Bacteroidales;f__Bacteroidaceae;g__Bacteroides;s__Bacteroides_ovatus	0.00138661040904	-0.0146236072342	-0.0626440583292	-0.000223139589116	-0.0319660565619	1.0	-0.0299348440851	-0.00625490766487	-0.0108950773975	0.0348485998409	-0.0219538051523	0.0237280602565	-0.00559843314353	0.0465628981279	-0.0412768744929	-0.00898984785195	-0.0664144622825	-0.00137810567828	-0.0132730601048	-0.00807992830088	-0.0366331883592	0.0206987215948	0.0184214563374	-0.0104491528297	0.0137099057616	0.0322874267747	0.0389962221496	-0.0175011792848	0.00211277813202	-0.0481637013705	-0.00871165061083	0.00530765178344	-0.0195259335234	-0.00825709939533	-0.0147619653325	0.0330634863486	-0.00673026931018	0.0224249984756	0.0141720663006	-0.0260144244594	-0.00869745892044	-0.0362305788621	-0.0370682036019	-0.0137217206415	-0.0340338931975	-0.00620918349567	-0.0300784116556	0.00493802062052	-0.0195408761761	-0.0127306715616	0.00332156777149	0.0189217719049	-0.0128895200282	0.0122182353155	-0.0128426989819	0.0239130895213	0.0344090741155	-0.041482554473	-0.00433413454973
k__Bacteria;p__Bacteroidetes;c__Bacteroidia;o__Bacteroidales;f__Rikenellaceae;g__Alistipes;s__Alistipes_shahii	-0.0061076423687	-0.00906271637342	0.0112519664303	-0.0255111664257	-0.0578433733487	-0.0299348440851	1.0	0.00117229128556	0.0144146761596	-0.0400757724321	-0.00603059987094	-0.000217300044163	-0.055684645074	0.00969668518443	0.0174804287585	-0.0106009833862	-0.0196206850997	-0.0735769533269	-0.0594334701848	0.0283784377392	0.00698901851113	-0.00919430603988	0.120881912458	-0.0678908235796	-0.00132647996474	-0.0952713495958	0.0582066108298	-0.0145945915552	-0.030225693292	-0.0412627022624	0.00897225583258	0.04133376032	-0.000694394197481	-0.0513469977903	0.00256526255671	0.00877466688916	-0.0261719597287	0.0154120909023	-0.0222868930767	0.022892339319	0.0148852471562	-0.0036251038411	-0.0264737751643	-0.0219080178754	0.0273692983658	-0.00199682970671	-0.00902918805316	0.015036867447	-0.0309102947354	0.00235424830536	-0.0131254483162	-0.0228490270109	-0.0263713273148	-0.00876952745875	0.0878436632332	0.000180169015533	-0.0160005429562	-0.00565606867748	-0.0357727419419
k__Bacteria;p__Firmicutes;c__Clostridia;o__Clostridiales;f__Ruminococcaceae;g__Faecalibacterium;s__Faecalibacterium_prausnitzii	0.0165633620305	0.033272968028	0.000109317912931	0.0166632604485	0.00483672533187	-0.00625490766487	0.00117229128556	1.0	-0.0292514720779	-0.0119322242215	-0.0262990539634	-0.0424705477951	-0.0568251838534	0.0539676966875	0.00875049836814	-0.0237090099226	0.00617539457435	-0.0482816744108	-0.000724818208267	0.00410505397222	0.00270939499072	0.0359709515392	-0.0416107963652	0.00345081745289	0.0175710778498	0.00604440298642	-0.00908157812868	0.0124693602808	-0.0516342645309	-0.0113254948364	-0.0413706151685	-0.0276841527631	0.0192248386672	-0.0145031691678	-0.015344337577	0.0204458297257	-0.0405745629197	0.00477176369361	0.0349055080315	-0.00229673024298	0.0356204964048	-0.0623501030571	0.0226961096755	0.0181443267902	-0.0200479004556	-0.0172486897072	0.0418899336391	0.00131205447054	0.0154703127772	-0.0616744645053	-0.0377369695015	-0.0168062209489	-0.037563458765	0.0222715166765	0.0190046893857	-0.00591800367989	-0.0538172739138	0.0021883745453	0.000744855059318
k__Bacteria;p__Bacteroidetes;c__Bacteroidia;o__Bacteroidales;f__Rikenellaceae;g__Alistipes;s__Alistipes_finegoldii	-0.0344531702265	-0.0116844117668	-0.0163499156851	-0.0136110048094	0.0103456603772	-0.0108950773975	0.0144146761596	-0.0292514720779	1.0	0.0101257394687	-0.0209297230654	-0.0478169082837	-0.0403310732043	0.0284962744071	0.000608357817024	0.0239169584886	0.0317207472594	0.0367858845573	0.0236713108847	-0.0438232640292	0.0391768302291	-0.04866513519	0.0139327275305	0.0302892988601	-0.0457082719221	-0.103365662331	0.00968448846145	0.0246933042191	-0.033756774992	0.0627272727754	-0.00743167134366	0.00184542841493	0.00316023673769	-0.000432245173396	-0.0457670059131	0.0592122501263	-0.0154203902343	0.00839182847069	-0.0400182844858	-0.023188621948	-0.0301483029649	0.0406157656959	-0.0158957254011	0.0131753967288	-0.0531926961077	0.0577795183142	-0.0258104914199	-0.007406459262	-0.0134077717339	-0.0169289738489	-0.00146617960877	-0.0842035748153	-0.00405040236073	0.0182708300868	-0.00880691240711	-0.00775248665242	0.0393246096486	0.0394683617543	-0.0834326722937
k__Bacteria;p__Bacteroidetes;c__Bacteroidia;o__Bacteroidales;f__Porphyromonadaceae;g__Parabacteroides;s__Parabacteroides_distasonis	0.0196550191269	-0.0107457752295	0.0113282890459	-0.0417662667734	-0.0280832665577	0.0348485998409	-0.0400757724321	-0.0119322242215	0.0101257394687	1.0	-0.0198960610917	-0.0215227828212	-0.00287752247368	0.00303504406032	-0.0706014583539	0.0299768674761	0.0165717482038	0.00188032003187	0.0164849055707	0.0450958646236	0.0196906223201	-0.0335544348605	-0.0119381044971	-0.0146232595705	-0.00961923614106	-0.0213839686823	0.0773711289341	0.00297166280191	0.0335532871396	0.014895551833	-0.0106385275316	0.00352636686051	0.0116328439556	-0.0833029521124	-0.0378752820014	-0.0371802396953	0.0412881616647	-0.0220808217606	-0.0883025489883	-0.0632379103561	0.000951724364991	-0.0415171575581	0.00113953173755	0.0301647898227	-0.0283738260994	0.0356351219714	0.00969098768406	0.000289548128855	-0.0400683195563	-0.00458280952472	-0.0157797269238	-0.0458134149731	0.0148957770258	0.0186940917103	-0.00847850340929	0.046597789245	0.0132899724776	0.00558471186913	0.00702705860859
k__Bacteria;p__Bacteroidetes;c__Bacteroidia;o__Bacteroidales;f__Bacteroidaceae;g__Bacteroides;s__Bacteroides_thetaiotaomicron	-0.0179212056201	0.0110313574943	-0.0462572879745	0.0534651460308	-0.0155626054758	-0.0219538051523	-0.00603059987094	-0.0262990539634	-0.0209297230654	-0.0198960610917	1.0	0.0269310287727	0.0128228917229	0.0648709816563	0.0247433346283	-0.0583863081868	-0.020423958625	0.039040027131	0.0132295999901	-0.0106226837143	-0.0555056457492	-0.0666552413553	-0.0534617138189	-0.00501986423466	-0.0570083173702	-0.0161192300844	-0.0220037094601	-0.0299988849748	-0.0345009930879	0.0150909064233	0.0301420333283	-0.0161714420899	0.00786930116718	0.0378435467036	0.0192951495533	-0.0600438584919	-0.0343401880834	-0.0435332808728	-0.0410570073642	-0.0301451333267	0.0444324028977	0.00989469986389	-0.00815177454309	0.0277595074509	-0.00158705100484	-0.0274207353734	-0.0602731286745	-0.0324266273751	0.0313507540674	0.0449978678968	-0.0344610629621	-0.00296254263723	0.0269253643147	-0.00430968272696	-0.0180131962199	0.0162430308098	-0.0158705783331	-0.081548067474	0.037608621609
k__Bacteria;p__Bacteroidetes;c__Bacteroidia;o__Bacteroidales;f__Bacteroidaceae;g__Bacteroides;s__Bacteroides_coprocola	-0.0333809153184	-0.0428287073666	-0.100073196368	-0.0288361258686	-0.0470154603572	0.0237280602565	-0.000217300044163	-0.0424705477951	-0.0478169082837	-0.0215227828212	0.0269310287727	1.0	0.00675855136535	-0.042436958417	0.0186584434899	0.0126015705741	-0.00468126380479	0.0472888288301	0.00412615042266	-0.046483683492	-0.0217969472185	-0.0507375006562	-0.0296712485671	-0.0184957935435	0.00786423380547	0.00956056776427	-0.0435445950365	-0.00123317122431	-0.0215064301553	0.0499879367718	0.0521864142995	-0.00743966318535	0.0212418761747	-0.0269715666412	0.000459285680863	-0.0434868483468	0.0312973715292	-0.0172303337315	0.00255377852588	-0.0214058106216	-0.0469736014373	-0.0370189107602	0.0490928478568	-0.0223773180388	0.0700296696119	0.0140957993809	-0.0188839095769	0.0173208373313	-0.0545375542399	-0.00357798562392	0.0272709661936	-0.00766495820963	0.0425756076382	-0.0176242345951	0.0151835433818	0.00102466286245	0.0180449970307	-0.0237677197199	0.0154983879065
k__Bacteria;p__Bacteroidetes;c__Bacteroidia;o__Bacteroidales;f__Bacteroidaceae;g__Bacteroides;s__Bacteroides_cellulosilyticus	0.0706668728815	-0.0406447359848	-0.0131706376651	0.0209126735995	0.0448768062597	-0.00559843314353	-0.055684645074	-0.0568251838534	-0.0403310732043	-0.00287752247368	0.0128228917229	0.00675855136535	1.0	-0.00247352858424	0.0321285805556	0.016771371757	-0.00165694491305	-0.0615918148782	-0.0637399866193	-0.0508881248282	-0.0924734544697	-0.0448763226424	0.00187297633618	-0.0250068309957	-0.00243326715198	0.0337613515776	0.0200548661107	-0.0459529206751	-0.00428311129264	-0.0372398104152	-0.0206787357009	0.0583737302539	-0.0169726756645	-0.00776079311132	-0.114475970254	0.0228006941781	-0.0261665976511	-0.037277757768	-0.00456819546474	-0.0155246417781	0.0420724635572	0.0287293327243	0.00548211561479	0.022202568404	0.0414577100294	-0.00124478743237	0.0414890140856	-0.0563403942844	0.0225184419739	-0.0138235447029	-0.00605671384004	-0.0285519261892	0.0157672973162	-0.00751034264695	0.0183049589571	0.00335707888777	-0.00835098849597	0.0805502079257	-0.0358384563783
k__Bacteria;p__Bacteroidetes;c__Bacteroidia;o__Bacteroidales;f__Rikenellaceae;g__Alistipes;s__Alistipes_obesi	0.0270187408637	-0.00905615185694	0.0367912464433	0.0391728443178	-0.0345287065445	0.0465628981279	0.00969668518443	0.0539676966875	0.0284962744071	0.00303504406032	0.0648709816563	-0.042436958417	-0.00247352858424	1.0	-0.0746812766056	-0.00269193882565	-0.0563205267919	-0.0491233612849	-0.0572742745126	0.0211179776254	-0.0325037016625	-0.014264125044	0.00802279811154	-0.0422660511693	-0.052772074346	0.038957760172	0.0273494283276	0.0066832942734	0.00639341880714	-0.00899735648254	0.00643827983742	-0.0456180957775	0.0467674886281	0.00927461725693	0.0135124398402	-0.0189708563759	-0.00466056965274	-0.0163760157807	-0.0282058014024	-0.0302398598694	0.0203938557107	0.0203775883553	0.0409818440295	-0.0200836628982	-0.0122572875052	-0.0299046655407	-0.0250234576403	-0.0405957374669	0.00723018299343	-0.0162701051532	-0.0290354840659	-0.0277273234139	-0.0215776194032	-0.0633025047244	-0.0184118119325	-0.0213427872865	0.0305768225458	-0.0264128163598	-0.0118561842428
k__Bacteria;p__Firmicutes;c__Clostridia;o__Clostridiales;f__Lachnospiraceae;g__;s__[Eubacterium]_rectale	0.0271159151974	0.000832012154183	-0.0415753079858	0.037914869588	-0.0505932423121	-0.0412768744929	0.0174804287585	0.00875049836814	0.000608357817024	-0.0706014583539	0.0247433346283	0.0186584434899	0.0321285805556	-0.0746812766056	1.0	0.049598913626	-0.0186894760599	0.0309628783236	0.0534786062883	-0.0822884783163	-0.0121350618988	-0.0405597041701	-0.0376064496798	-0.0317611414868	0.00432570836962	-0.0761279891812	-0.0277104144312	-0.0157073900407	0.00388894141581	0.0386576192797	0.0443139118745	-0.0420143875715	0.06346296254	0.0309167234443	-0.00076010668404	-0.0179008187922	-0.0199981412241	0.00379387949973	-0.0575567230759	0.035693417343	0.0309146776755	-0.0548074376168	-0.00674154711675	-0.0326238204716	0.0294336738251	0.00625845940073	0.0217212257322	-0.00327965662858	-0.00711031435962	0.0146853008241	-0.00891953465577	0.017419576914	-0.0136939485934	-0.00414702698843	0.00311702479154	-0.0127074326155	-0.0245124416391	0.0217750113056	0.00309883548924
k__Bacteria;p__Bacteroidetes;c__Bacteroidia;o__Bacteroidales;f__Bacteroidaceae;g__Bacteroides;s__Bacteroides_plebeius	0.00215365149886	-0.0341536697583	-0.0303044540614	0.00144494865448	0.0480052232802	-0.00898984785195	-0.0106009833862	-0.0237090099226	0.0239169584886	0.0299768674761	-0.0583863081868	0.0126015705741	0.016771371757	-0.00269193882565	0.049598913626	1.0	-0.0159306353383	0.0129028954382	0.0592408460968	-0.0503077276546	-0.00128942567588	-0.00887759296069	0.0147613133423	0.021738385691	-0.0272098079214	0.0150026360537	0.0316882607011	0.014577527721	-0.017674712214	-0.0163189622079	-0.0153485542067	-0.0214315198092	0.0254027792912	-0.0126037614633	0.00690640376311	-0.0477027540646	-0.0556793013919	0.0196402257698	0.04866227538	-0.0181440518046	-0.00149467614705	0.0237085919954	-0.00720893844084	-0.0208756938689	-0.0217042160723	-0.0415637122708	-0.0342254350472	-0.0786710912134	-0.0393089204543	-0.0114809648214	0.0476883730199	-0.069999345297	-0.0596294974857	0.0315847508145	-0.024339168153	-0.0567859256785	0.0310824690253	0.0198498467772	0.0201611764418
k__Bacteria;p__Bacteroidetes;c__Bacteroidia;o__Bacteroidales;f__Bacteroidaceae;g__Bacteroides;s__Bacteroides_fragilis	0.0158156826812	0.00181181312532	-0.0262200590083	0.00900033577932	-0.0471565684641	-0.0664144622825	-0.0196206850997	0.00617539457435	0.0317207472594	0.0165717482038	-0.020423958625	-0.00468126380479	-0.00165694491305	-0.0563205267919	-0.0186894760599	-0.0159306353383	1.0	0.020457365156	-0.0635111677348	-0.0620597067856	0.0448750962598	0.00384462583471	0.047712847199	0.00119295248377	0.0106045025543	0.0275909194079	-0.00108154843089	-0.0338616149973	-0.000688337538412	-0.0415045059861	-0.0284383223344	0.0350208699128	0.0269637363956	0.0223901947463	0.00540141155141	-0.0096502471976	0.0364647088557	-0.0456828619045	-0.0638298934874	0.0190075369964	-0.0322994792137	-0.0562410743692	-0.034175961659	-0.0134729729582	0.0238030270697	0.0261304980433	-0.017353008834	-0.00839767165729	0.00763124100032	0.00473715431459	-0.0392009376938	0.0403561224424	0.0217127988963	0.00743551679393	-0.041174426205	0.00183695781142	-0.0234011865927	-0.0165273437344	0.0245703181106
k__Bacteria;p__Proteobacteria;c__Betaproteobacteria;o__Burkholderiales;f__Sutterellaceae;g__Sutterella;s__Sutterella_wadsworthensis	0.0243397684474	0.018514189193	-0.0281851640776	0.0200301757671	-0.000866669616336	-0.00137810567828	-0.0735769533269	-0.0482816744108	0.0367858845573	0.00188032003187	0.039040027131	0.0472888288301	-0.0615918148782	-0.0491233612849	0.0309628783236	0.0129028954382	0.020457365156	1.0	-0.0425236855658	0.0457688307141	0.0474288736403	-0.0153170305093	-0.0169846424529	0.00541593094353	0.00288173100799	0.00726299942872	0.0169803326711	-0.0513298209545	0.0273288382061	0.0369311444335	-0.00322263003206	-0.0204735523653	0.0400331656077	-0.0308117059485	0.00195113313817	-0.0143638743394	0.013612270936	0.0380017076345	-0.0520578527856	-0.0172977300655	-0.0639430246794	-0.0182011748804	-0.0323548423938	-0.00454445037419	0.0383582875303	-0.00562133517344	0.0350177153674	-0.00832461566312	0.00908171398245	0.060919332336	-0.0435497621896	-0.0126776692085	0.0349104443877	0.0104499915724	-0.0802433799892	-0.00233740709546	-0.019232675365	-0.0093290343246	0.0371428873235
k__Bacteria;p__Bacteroidetes;c__Bacteroidia;o__Bacteroidales;f__Porphyromonadaceae;g__Barnesiella;s__Barnesiella_intestinihominis	0.0290461703042	-0.0127413089711	-0.0233925771677	-0.0678604421216	0.0127105360309	-0.0132730601048	-0.0594334701848	-0.000724818208267	0.0236713108847	0.0164849055707	0.0132295999901	0.00412615042266	-0.0637399866193	-0.0572742745126	0.0534786062883	0.0592408460968	-0.0635111677348	-0.0425236855658	1.0	-0.0133864154702	-0.0194275574892	0.0404977539933	-0.0485020482895	-0.0006232634687	-0.0585004668328	0.00925863343084	-0.0549180292474	-0.013772287867	-0.0304832176229	0.0520987830829	0.00628707257196	0.0285413312227	-0.0151669508936	-0.0153727047998	-0.0224253524066	-0.0141984327199	-0.0379053216564	0.0716133142994	0.000208112650144	0.0306086838699	-0.0183752962457	-0.0305683066652	-0.0393514689733	-0.0399116956434	-0.0200705377587	0.00104804573957	0.028787600087	-0.00956704231517	0.0195714872572	-0.0277744206754	0.0815134333892	-0.0179392909906	-0.000512305267154	-0.0541864892392	0.0163878428941	-0.0325054571155	-0.034069215581	-0.0128496492979	0.0453011150801
k__Bacteria;p__Bacteroidetes;c__Bacteroidia;o__Bacteroidales;f__Odoribacteraceae;g__Odoribacter;s__Odoribacter_splanchnicus	0.0230377502076	-0.00718737237439	0.0507313756064	-0.0141624852713	0.0529422210507	-0.00807992830088	0.0283784377392	0.00410505397222	-0.0438232640292	0.0450958646236	-0.0106226837143	-0.046483683492	-0.0508881248282	0.0211179776254	-0.0822884783163	-0.0503077276546	-0.0620597067856	0.0457688307141	-0.0133864154702	1.0	-0.0100405134107	-0.0387753480967	0.0253726241607	0.0666400992708	-0.0136818696844	-0.029666364709	0.0176659078637	0.0433605174166	-0.042069482011	0.00379683906471	-0.0180836169972	0.0293027454402	0.0336659204249	-0.029198544957	0.0377543002114	-0.00576326808859	-0.00188328899123	-0.011238677469	-0.020363723676	-0.0194068110904	0.0688964668843	-0.0274882015153	0.0288564973223	0.0306549649911	0.0227123211873	-0.0209089856224	-0.00724914650179	-0.0181356536123	-0.0292054668737	-0.00620134542668	0.000791744530736	-0.0337762963722	-0.00761158718655	-0.0413328120477	0.0209855785746	-0.0127423437382	-0.00259308110638	0.0126248794314	-0.0218631100871
k__Bacteria;p__Bacteroidetes;c__Bacteroidia;o__Bacteroidales;f__Bacteroidaceae;g__Bacteroides;s__Bacteroides_salyersiae	-0.0524065483586	0.0267151351106	-0.000499374872506	-0.0131486308138	0.00425215683654	-0.0366331883592	0.00698901851113	0.00270939499072	0.0391768302291	0.0196906223201	-0.0555056457492	-0.0217969472185	-0.0924734544697	-0.0325037016625	-0.0121350618988	-0.00128942567588	0.0448750962598	0.0474288736403	-0.0194275574892	-0.0100405134107	1.0	-0.0737568285441	0.0421082717332	-0.00302702747987	0.00527199148053	-0.037627649637	0.0184309165116	-0.00734549064873	0.00120102457557	-0.0400603920186	0.0422531620677	-0.0331625742926	-0.020443946495	-0.0432823828018	-0.0436770779633	-0.0183203736833	0.0610117850243	0.0120526774367	-0.0112447304177	-0.0113645161167	-0.0446943294211	-0.00917642361836	-0.00760337224638	-0.051774824139	0.0519501359886	-0.0533242664413	0.0439550110321	0.0427179563603	0.0114316750612	-0.0531817934166	-0.0242006441106	0.0334228798537	-0.0330352190198	-0.000764678596739	-0.00493621644991	-0.0172600521401	-0.0403701004798	-0.00665943232528	0.0525869789619
k__Bacteria;p__Firmicutes;c__Clostridia;o__Clostridiales;f__Ruminococcaceae;g__Ruminiclostridium;s__[Eubacterium]_siraeum	0.0269310061866	-0.00537071495195	0.0188495068935	0.0263560932809	0.0155558924595	0.0206987215948	-0.00919430603988	0.0359709515392	-0.04866513519	-0.0335544348605	-0.0666552413553	-0.0507375006562	-0.0448763226424	-0.014264125044	-0.0405597041701	-0.00887759296069	0.00384462583471	-0.0153170305093	0.0404977539933	-0.0387753480967	-0.0737568285441	1.0	0.0442970789734	-0.0303269825392	0.0133402425385	0.049888785461	-0.029477408243	0.00562369683124	-0.0489565667539	0.00602978804986	-0.00127282299053	0.00883493366689	0.010366269996	-0.0651822980517	-0.0323450255963	-0.0388216991467	-0.0416367367608	-0.0409919153826	0.0359942083792	-0.00226387599062	0.0557109375982	0.0478269625664	-0.0360387374393	0.0064783235856	0.0673754793169	0.0382976810312	-0.0129215874989	-0.0240772974348	0.00446367544512	-0.00625921978113	0.0405643489031	0.005367194694	-0.0166099749984	0.0324909072672	-0.0226424705688	-0.0172283310751	-0.0227100160028	0.0109468789314	0.00394894320593
k__Bacteria;p__Proteobacteria;c__Betaproteobacteria;o__Burkholderiales;f__Sutterellaceae;g__Parasutterella;s__Parasutterella_excrementihominis	0.0164927034858	0.077000296332	-0.031842691173	-0.0148846676582	0.0354854901391	0.0184214563374	0.120881912458	-0.0416107963652	0.0139327275305	-0.0119381044971	-0.0534617138189	-0.0296712485671	0.00187297633618	0.00802279811154	-0.0376064496798	0.0147613133423	0.047712847199	-0.0169846424529	-0.0485020482895	0.0253726241607	0.0421082717332	0.0442970789734	1.0	-0.0531682357563	0.012177156178	0.00855991067894	-0.041253251814	-0.021959976833	-0.00912977062	-0.0451360517735	-0.0372791821701	-0.0676849064413	-0.0493794302144	0.0215734318053	-0.0107168154334	0.0368199287929	-0.0305455541946	-0.00732059891105	-0.0180320402394	0.0164108296152	-0.0035768298976	0.0398520438163	0.00814448254163	-0.0471766576555	-0.0305780753436	-0.0056581234452	-0.0359412661096	0.00968698322429	-0.0289432407786	-0.0219900631635	-0.0555665298396	-0.0263634089219	0.0189266054968	-0.00373006724462	0.0193755664328	0.00437169358033	0.00679840504221	0.0188725490374	-0.00252910983817
k__Bacteria;p__Actinobacteria;c__Actinobacteria;o__Bifidobacteriales;f__Bifidobacteriaceae;g__Bifidobacterium;s__Bifidobacterium_adolescentis	0.0155689400248	0.00659454031863	0.0292195002855	0.0171849078389	-0.0144982116265	-0.0104491528297	-0.0678908235796	0.00345081745289	0.0302892988601	-0.0146232595705	-0.00501986423466	-0.0184957935435	-0.0250068309957	-0.0422660511693	-0.0317611414868	0.021738385691	0.00119295248377	0.00541593094353	-0.0006232634687	0.0666400992708	-0.00302702747987	-0.0303269825392	-0.0531682357563	1.0	-0.120067038523	-0.045512350099	0.0407673628024	0.0184672213647	0.00896020367467	0.0225682760436	-0.0294806810567	0.00767517664506	-0.0606735344204	-0.0612123626957	0.00775141551538	0.0344397416614	-0.0408895254765	-0.0150189010853	0.0631321405481	0.00238902526506	-0.0213570442979	-0.0228332799425	-0.0506613042541	0.00136646782073	0.0093232594715	0.00194559146188	0.00680112196741	0.0672041297482	-0.0174649508221	0.0221394169481	0.0306434337538	0.0342675736153	0.0097040814701	-0.0636429645385	-0.08186450064	0.0337549622372	-0.00722783187902	-0.00636009827436	-0.0372644518393
k__Bacteria;p__Firmicutes;c__Clostridia;o__Clostridiales;f__Oscillospiraceae;g__Oscillibacter;s__Oscillibacter_sp._KLE_1745	-0.0138638251239	-0.00695338736715	0.0187444066249	-0.0412422223843	-0.0123439823144	0.0137099057616	-0.00132647996474	0.0175710778498	-0.0457082719221	-0.00961923614106	-0.0570083173702	0.00786423380547	-0.00243326715198	-0.052772074346	0.00432570836962	-0.0272098079214	0.0106045025543	0.00288173100799	-0.0585004668328	-0.0136818696844	0.00527199148053	0.0133402425385	0.012177156178	-0.120067038523	1.0	-0.0417783744353	-0.0517509343173	0.0102728376551	-0.00495302622333	0.0106246918158	-0.0244184816119	0.0216946632281	-0.0553181103184	0.0608957078747	0.0109053276592	-0.0129408050273	-0.00838989974618	-0.0268868627927	0.00296248642597	0.0584771076683	0.0153159611704	0.0645642699837	-0.0107192396693	0.0244781671225	-0.0425061822724	-0.0399752342003	0.000525189954019	0.0403406406073	0.0298999492571	-0.0505596895451	-0.0162054784878	0.0308120269104	-0.0248553720969	-6.6352523582e-05	-0.00594839333034	-0.0255443291702	0.0227376823555	0.0347879694937	-0.037365151265
k__Bacteria;p__Bacteroidetes;c__Bacteroidia;o__Bacteroidales;f__Bacteroidaceae;g__Bacteroides;s__Bacteroides_coprophilus	-0.0350957006583	0.00240732934843	0.00495841544842	-0.024452791027	0.0367820676553	0.0322874267747	-0.0952713495958	0.00604440298642	-0.103365662331	-0.0213839686823	-0.0161192300844	0.00956056776427	0.0337613515776	0.038957760172	-0.0761279891812	0.0150026360537	0.0275909194079	0.00726299942872	0.00925863343084	-0.029666364709	-0.037627649637	0.049888785461	0.00855991067894	-0.045512350099	-0.0417783744353	1.0	-0.0220517621837	-0.0957028804217	-0.0129905525863	-0.00628376845956	-0.0216885767367	-0.0319899676918	-0.0170134929301	-0.0103423459098	-0.0366027257161	-0.0425993258762	-0.0167253449169	0.0104855148576	-0.0393106672228	0.0160335585358	-0.0305194156572	0.00120932759896	0.0428678542173	0.00760160404787	-0.0516001987186	-0.0321432319843	0.0243514815663	0.0149118628245	0.00597269551912	0.0278869320346	0.0390859241354	-0.0636636122391	0.040677429331	0.0420237078264	-0.0235560489688	0.0330193927107	0.0248744005658	-0.0484077145763	0.0346888004707
k__Bacteria;p__Firmicutes;c__Clostridia;o__Clostridiales;f__Lachnospiraceae;g__Roseburia;s__Roseburia_intestinalis	0.0156808040725	0.0266108207346	0.0225961753512	-0.0398928394511	-0.0291617305053	0.0389962221496	0.0582066108298	-0.00908157812868	0.00968448846145	0.0773711289341	-0.0220037094601	-0.0435445950365	0.0200548661107	0.0273494283276	-0.0277104144312	0.0316882607011	-0.00108154843089	0.0169803326711	-0.0549180292474	0.0176659078637	0.0184309165116	-0.029477408243	-0.041253251814	0.0407673628024	-0.0517509343173	-0.0220517621837	1.0	0.0512268336265	-0.00155685385133	0.0211310932651	-0.0913053583346	0.0333807254211	-0.0145864107155	-0.00987012958379	-0.0477121662619	-0.00666105399184	0.00431549709133	-0.0463419906985	-0.00360155118841	-0.0109478819382	-0.0262900544245	-0.0535001600567	-0.00616979829448	0.0446530417669	0.0169262426549	-0.0338460480069	0.00742789827546	-0.020793293802	-0.07086344449	-0.0321423623471	-0.0715529212821	0.0848684663887	-0.00249700622207	0.0184439841802	0.0155552405351	-0.0301070925955	-0.0526422833624	-0.0212019132308	0.0486427348816
k__Bacteria;p__Firmicutes;c__Clostridia;o__Clostridiales;f__Lachnospiraceae;g__Roseburia;s__Roseburia_hominis	-0.0452242078087	-0.0455469063215	0.0271946143973	-0.0366523014519	0.0017779839056	-0.0175011792848	-0.0145945915552	0.0124693602808	0.0246933042191	0.00297166280191	-0.0299988849748	-0.00123317122431	-0.0459529206751	0.0066832942734	-0.0157073900407	0.014577527721	-0.0338616149973	-0.0513298209545	-0.013772287867	0.0433605174166	-0.00734549064873	0.00562369683124	-0.021959976833	0.0184672213647	0.0102728376551	-0.0957028804217	0.0512268336265	1.0	0.0398572812407	-0.0184667673164	0.0224226431119	0.0456845285653	-0.0246552747099	-0.0233482694822	-0.0247893678752	0.029709432614	-0.00547573212279	-0.00223404413563	0.0317957386449	-0.00971021242436	0.0232689871825	0.0257266958018	-0.012214280465	-0.0416545475071	-0.00508003596875	-0.026529606191	-0.0558356724948	-0.0159687061824	0.0033382793169	0.00125158642735	-0.0109957223757	0.0321907237457	0.0181354529936	-0.0199311593822	7.43967740403e-06	-0.0386919891022	0.0109018078144	-0.00963985590295	0.0263435650935
k__Bacteria;p__Bacteroidetes;c__Bacteroidia;o__Bacteroidales;f__Porphyromonadaceae;g__Parabacteroides;s__Parabacteroides_johnsonii	-0.0118254411604	-0.00479185589202	0.0409027484486	0.015973257477	0.00377563905449	0.00211277813202	-0.030225693292	-0.0516342645309	-0.033756774992	0.0335532871396	-0.0345009930879	-0.0215064301553	-0.00428311129264	0.00639341880714	0.00388894141581	-0.017674712214	-0.000688337538412	0.0273288382061	-0.0304832176229	-0.042069482011	0.00120102457557	-0.0489565667539	-0.00912977062	0.00896020367467	-0.00495302622333	-0.0129905525863	-0.00155685385133	0.0398572812407	1.0	-0.0270288962042	-0.0649312553983	0.0225376605475	-0.0288844285125	0.052695760312	-0.0133020391299	0.0518287957683	0.0216918162263	0.0438649245422	-0.0178232212849	-0.00290871512502	-0.0548269771644	-0.0226885069683	0.0564728820488	0.067773716178	-0.0304836238569	-0.0315192551903	-0.0384471220021	-0.00822696696185	-0.0596938845287	-0.0513148713776	0.00412046595388	-0.0272168147271	-0.00396141269902	-0.0123640161435	-0.00784229763767	-0.00601634407044	0.00559535469128	-0.0328781670228	-0.0752985812666
k__Bacteria;p__Actinobacteria;c__Actinobacteria;o__Bifidobacteriales;f__Bifidobacteriaceae;g__Bifidobacterium;s__Bifidobacterium_longum	-0.0323600482066	-0.00673449631573	0.0065612109136	-0.018347383148	-0.0434769450929	-0.0481637013705	-0.0412627022624	-0.0113254948364	0.0627272727754	0.014895551833	0.0150909064233	0.0499879367718	-0.0372398104152	-0.00899735648254	0.0386576192797	-0.0163189622079	-0.0415045059861	0.0369311444335	0.0520987830829	0.00379683906471	-0.0400603920186	0.00602978804986	-0.0451360517735	0.0225682760436	0.0106246918158	-0.00628376845956	0.0211310932651	-0.0184667673164	-0.0270288962042	1.0	-0.0116083798148	-0.0180333372382	-0.0143357821795	-0.0259110639331	-0.0133802676267	-0.0200708651364	-0.0317833685791	0.0691457873602	-0.0259458825623	-0.0468432278746	0.0209664319543	-0.0269180387975	-0.0202104618718	-0.0186037928469	-0.0174834367247	-0.010346229438	-0.0153745201458	-0.095742138108	0.0411530773371	0.0190859721923	-0.0174768566301	-0.0156283212219	-0.00776292275595	0.0399374872148	-0.0372583332946	-0.0360673452229	-0.0143962671407	0.048666974703	-0.0207399485229
