#taxonomy	k__Bacteria;p__Bacteroidetes;c__Bacteroidia;o__Bacteroidales;f__Bacteroidaceae;g__Bacteroides;s__Bacteroides_vulgatus	k__Bacteria;p__Bacteroidetes;c__Bacteroidia;o__Bacteroidales;f__Bacteroidaceae;g__Bacteroides;s__Bacteroides_uniformis	k__Bacteria;p__Bacteroidetes;c__Bacteroidia;o__Bacteroidales;f__Rikenellaceae;g__Alistipes;s__Alistipes_putredinis	k__Bacteria;p__Bacteroidetes;c__Bacteroidia;o__Bacteroidales;f__Prevotellaceae;g__Prevotella;s__Prevotella_copri	k__Bacteria;p__Bacteroidetes;c__Bacteroidia;o__Bacteroidales;f__Bacteroidaceae;g__Bacteroides;s__Bacteroides_stercoris	k__Bacteria;p__Bacteroidetes;c__Bacteroidia;o__Bacteroidales;f__Bacteroidaceae;g__Bacteroides;s__Bacteroides_ovatus	k__Bacteria;p__Bacteroidetes;c__Bacteroidia;o__Bacteroidales;f__Rikenellaceae;g__Alistipes;s__Alistipes_shahii	k__Bacteria;p__Firmicutes;c__Clostridia;o__Clostridiales;f__Ruminococcaceae;g__Faecalibacterium;s__Faecalibacterium_prausnitzii	k__Bacteria;p__Bacteroidetes;c__Bacteroidia;o__Bacteroidales;f__Rikenellaceae;g__Alistipes;s__Alistipes_finegoldii	k__Bacteria;p__Bacteroidetes;c__Bacteroidia;o__Bacteroidales;f__Porphyromonadaceae;g__Parabacteroides;s__Parabacteroides_distasonis	k__Bacteria;p__Bacteroidetes;c__Bacteroidia;o__Bacteroidales;f__Bacteroidaceae;g__Bacteroides;s__Bacteroides_thetaiotaomicron	k__Bacteria;p__Bacteroidetes;c__Bacteroidia;o__Bacteroidales;f__Bacteroidaceae;g__Bacteroides;s__Bacteroides_coprocola	k__Bacteria;p__Bacteroidetes;c__Bacteroidia;o__Bacteroidales;f__Bacteroidaceae;g__Bacteroides;s__Bacteroides_cellulosilyticus	k__Bacteria;p__Bacteroidetes;c__Bacteroidia;o__Bacteroidales;f__Rikenellaceae;g__Alistipes;s__Alistipes_obesi	k__Bacteria;p__Firmicutes;c__Clostridia;o__Clostridiales;f__Lachnospiraceae;g__;s__[Eubacterium]_rectale	k__Bacteria;p__Bacteroidetes;c__Bacteroidia;o__Bacteroidales;f__Bacteroidaceae;g__Bacteroides;s__Bacteroides_plebeius	k__Bacteria;p__Bacteroidetes;c__Bacteroidia;o__Bacteroidales;f__Bacteroidaceae;g__Bacteroides;s__Bacteroides_fragilis	k__Bacteria;p__Proteobacteria;c__Betaproteobacteria;o__Burkholderiales;f__Sutterellaceae;g__Sutterella;s__Sutterella_wadsworthensis	k__Bacteria;p__Bacteroidetes;c__Bacteroidia;o__Bacteroidales;f__Porphyromonadaceae;g__Barnesiella;s__Barnesiella_intestinihominis	k__Bacteria;p__Bacteroidetes;c__Bacteroidia;o__Bacteroidales;f__Odoribacteraceae;g__Odoribacter;s__Odoribacter_splanchnicus	k__Bacteria;p__Bacteroidetes;c__Bacteroidia;o__Bacteroidales;f__Bacteroidaceae;g__Bacteroides;s__Bacteroides_salyersiae	k__Bacteria;p__Firmicutes;c__Clostridia;o__Clostridiales;f__Ruminococcaceae;g__Ruminiclostridium;s__[Eubacterium]_siraeum	k__Bacteria;p__Proteobacteria;c__Betaproteobacteria;o__Burkholderiales;f__Sutterellaceae;g__Parasutterella;s__Parasutterella_excrementihominis	k__Bacteria;p__Actinobacteria;c__Actinobacteria;o__Bifidobacteriales;f__Bifidobacteriaceae;g__Bifidobacterium;s__Bifidobacterium_adolescentis	k__Bacteria;p__Firmicutes;c__Clostridia;o__Clostridiales;f__Oscillospiraceae;g__Oscillibacter;s__Oscillibacter_sp._KLE_1745	k__Bacteria;p__Bacteroidetes;c__Bacteroidia;o__Bacteroidales;f__Bacteroidaceae;g__Bacteroides;s__Bacteroides_coprophilus	k__Bacteria;p__Firmicutes;c__Clostridia;o__Clostridiales;f__Lachnospiraceae;g__Roseburia;s__Roseburia_intestinalis	k__Bacteria;p__Firmicutes;c__Clostridia;o__Clostridiales;f__Lachnospiraceae;g__Roseburia;s__Roseburia_hominis	k__Bacteria;p__Bacteroidetes;c__Bacteroidia;o__Bacteroidales;f__Porphyromonadaceae;g__Parabacteroides;s__Parabacteroides_johnsonii	k__Bacteria;p__Actinobacteria;c__Actinobacteria;o__Bifidobacteriales;f__Bifidobacteriaceae;g__Bifidobacterium;s__Bifidobacterium_longum	k__Bacteria;p__Firmicutes;c__Clostridia;o__Clostridiales;f__;g__Flavonifractor;s__Flavonifractor_plautii	k__Bacteria;p__Firmicutes;c__Clostridia;o__Clostridiales;f__Clostridiaceae;g__Clostridium;s__Clostridium_phoceensis	k__Bacteria;p__Verrucomicrobia;c__Verrucomicrobiae;o__Verrucomicrobiales;f__Akkermansiaceae;g__Akkermansia;s__Akkermansia_muciniphila	k__Bacteria;p__Bacteroidetes;c__Bacteroidia;o__Bacteroidales;f__Prevotellaceae;g__Paraprevotella;s__Paraprevotella_xylaniphila	k__Bacteria;p__Firmicutes;c__Clostridia;o__Clostridiales;f__Ruminococcaceae;g__Ruminococcus;s__Ruminococcus_callidus	k__Bacteria;p__Bacteroidetes;c__Bacteroidia;o__Bacteroidales;f__Rikenellaceae;g__Alistipes;s__Alistipes_senegalensis	k__Bacteria;p__Firmicutes;c__Clostridia;o__Clostridiales;f__Lachnospiraceae;g__Blautia;s__Blautia_sp._KLE_1732	k__Bacteria;p__Bacteroidetes;c__Bacteroidia;o__Bacteroidales;f__Bacteroidaceae;g__Bacteroides;s__Bacteroides_oleiciplenus	k__Bacteria;p__Firmicutes;c__Clostridia;o__Clostridiales;f__Ruminococcaceae;g__Ruminococcus;s__Ruminococcus_bicirculans	k__Bacteria;p__Bacteroidetes;c__Bacteroidia;o__Bacteroidales;f__Bacteroidaceae;g__Bacteroides;s__Bacteroides_fluxus	k__Bacteria;p__Bacteroidetes;c__Bacteroidia;o__Bacteroidales;f__Prevotellaceae;g__Prevotella;s__Prevotella_stercorea	k__Bacteria;p__Firmicutes;c__Clostridia;o__Clostridiales;f__Lachnospiraceae;g__Dorea;s__Dorea_longicatena	k__Bacteria;p__Firmicutes;c__Clostridia;o__Clostridiales;f__Eubacteriaceae;g__Eubacterium;s__[Eubacterium]_eligens	k__Bacteria;p__Firmicutes;c__Clostridia;o__Clostridiales;f__Ruminococcaceae;g__;s__Ruminococcaceae_bacterium_D16	k__Bacteria;p__Firmicutes;c__Clostridia;o__Clostridiales;f__Lachnospiraceae;g__Coprococcus;s__Coprococcus_comes	k__Bacteria;p__Proteobacteria;c__Gammaproteobacteria;o__Enterobacterales;f__Enterobacteriaceae;g__Escherichia;s__Escherichia_coli	k__Bacteria;p__Firmicutes;c__Clostridia;o__Clostridiales;f__Ruminococcaceae;g__Anaerotruncus;s__Anaerotruncus_colihominis	k__Bacteria;p__Firmicutes;c__Clostridia;o__Clostridiales;f__Lachnospiraceae;g__Blautia;s__Blautia_obeum	k__Bacteria;p__Bacteroidetes;c__Bacteroidia;o__Bacteroidales;f__Odoribacteraceae;g__Odoribacter;s__Odoribacter_laneus	k__Bacteria;p__Firmicutes;c__Clostridia;o__Clostridiales;f__Ruminococcaceae;g__Ruminiclostridium;s__[Clostridium]_leptum	k__Bacteria;p__Bacteroidetes;c__Bacteroidia;o__Bacteroidales;f__Porphyromonadaceae;g__Parabacteroides;s__Parabacteroides_goldsteinii	k__Bacteria;p__Firmicutes;c__Clostridia;o__Clostridiales;f__Lachnospiraceae;g__Anaerostipes;s__Anaerostipes_hadrus	k__Bacteria;p__Firmicutes;c__Clostridia;o__Clostridiales;f__Ruminococcaceae;g__Ruminococcus;s__Ruminococcus_lactaris	k__Bacteria;p__Firmicutes;c__Clostridia;o__Clostridiales;f__Clostridiaceae;g__Clostridium;s__Clostridium_sp._L2-50	k__Bacteria;p__Firmicutes;c__Clostridia;o__Clostridiales;f__Clostridiaceae;g__Clostridium;s__Clostridium_sp._M62/1	k__Bacteria;p__Firmicutes;c__Clostridia;o__Clostridiales;f__;g__Intestinimonas;s__Intestinimonas_butyriciproducens	k__Bacteria;p__Actinobacteria;c__Actinobacteria;o__Bifidobacteriales;f__Bifidobacteriaceae;g__Bifidobacterium;s__Bifidobacterium_bifidum	k__Bacteria;p__Firmicutes;c__Negativicutes;o__Veillonellales;f__Veillonellaceae;g__Dialister;s__Dialister_invisus	k__Bacteria;p__Bacteroidetes;c__Bacteroidia;o__Bacteroidales;f__Bacteroidaceae;g__Bacteroides;s__Bacteroides_salanitronis
k__Bacteria;p__Bacteroidetes;c__Bacteroidia;o__Bacteroidales;f__Bacteroidaceae;g__Bacteroides;s__Bacteroides_vulgatus	1.0	-0.0729095969118	-0.0417438125139	0.0013735835308	-0.00451832929974	-0.0189573234233	-0.0210311642214	-0.012713682909	0.0326197075832	0.0325786733465	-0.0517748773512	0.00134710240401	-0.0669810607087	0.0562555793838	0.0522056316397	-0.00868407864492	-0.0335836019384	-0.0034698809086	0.0399063229334	-0.0160633151059	-0.00834396949799	-0.0237542951088	0.0120999296353	-0.0196621225041	0.00429965755886	-0.0416833288774	-0.0236446285754	0.0037436407815	-0.00562678081866	-0.0301853970278	0.0436954075235	-0.0148432761222	-0.0126365804146	-0.036447317716	0.0256079826362	-0.0219991297899	-0.0425572873838	-0.00420615407156	0.00814937267497	-0.027566877107	0.0481869189189	-0.0504524645144	-0.039408398111	0.0460983987954	-0.0294845084896	-0.0162382257071	-0.0115187638951	-0.00869650915338	-0.0269407429086	0.0282708567637	0.0174338076859	-0.00708173143239	0.0374369272536	0.0591503700641	-0.019310377788	0.0270032882016	-0.0521621928291	-0.00577837534775	-0.0363818841489
k__Bacteria;p__Bacteroidetes;c__Bacteroidia;o__Bacteroidales;f__Bacteroidaceae;g__Bacteroides;s__Bacteroides_uniformis	-0.0729095969118	1.0	0.0179393096399	0.00535224287914	0.0267032222476	-0.0283738104638	0.0148571346241	0.0082300146945	0.0273031791743	0.0140230542035	0.00727738414767	-0.00110470623716	0.0627261540686	-0.0355567729216	-0.0493339367128	0.0228109084368	-0.00304795928411	-0.0153212009551	-0.077176037541	-0.0182640697341	-0.0387035581678	-0.050369720809	0.0111808297707	-0.0596985237935	-0.00613368724456	-0.0548259973548	-0.0543143268058	0.0184286906259	-0.00229065692924	0.0659695576313	0.0337058530081	-0.000484530519982	0.0163327977471	-0.021956058286	0.0105058398168	0.0326277958945	-0.0236654437373	-0.0463834829785	0.0265381352554	-0.00961565019788	-0.0360825713463	-0.0153330487189	-0.000575557049823	0.0267817593001	-0.0162623906244	0.0546558750262	0.0515264260662	0.0245674394498	0.0380074515617	-0.0222402957026	-0.014098354633	-0.0372913138717	0.0232080099985	-0.0294225905556	0.0685056910084	0.0197619453821	0.0229326269438	0.0540728946843	0.0151555739493
k__Bacteria;p__Bacteroidetes;c__Bacteroidia;o__Bacteroidales;f__Rikenellaceae;g__Alistipes;s__Alistipes_putredinis	-0.0417438125139	0.0179393096399	1.0	-0.0160931379334	-0.0396887726757	0.011033813955	-0.0193799746899	0.0476162965348	-0.0464197654983	-0.0265182039884	-0.049457549863	-0.0697591148629	0.0179349733904	0.055848264107	-0.00504568304878	0.0195000049459	-0.0226553748847	-0.00699137138003	-0.0544304678812	-0.0104052366221	0.00498428740557	-0.00962398245268	-0.0350788043992	-0.0182149568934	0.0307631187035	0.0296002367869	0.0154501484749	-0.0558299714169	-0.0192517733034	0.0454068409899	0.0233450451795	0.000590558103224	0.00892697191991	-0.0215127860564	-0.0193123579683	-0.0102855607508	-0.033617936682	0.00328501866446	-0.0207213840435	-0.0356852787612	0.0141655896979	0.00413859719102	-0.0401340858267	-0.00448334964412	-0.0111834898858	0.016291760543	-0.0219599042226	0.0174217533244	0.0312406804748	-0.0387622708204	-0.0219852809551	0.061372192806	0.00016518533148	0.000526979577046	-0.0043198230044	0.0116396493866	-0.00967378042991	0.0111271386334	-0.0219146491368
k__Bacteria;p__Bacteroidetes;c__Bacteroidia;o__Bacteroidales;f__Prevotellaceae;g__Prevotella;s__Prevotella_copri	0.0013735835308	0.00535224287914	-0.0160931379334	1.0	0.00585145556054	-0.0154268436988	0.00951882202017	-0.0227466577707	-0.0536785241341	-0.0577689228203	0.0675186462877	0.0342790021763	0.0236962334039	-0.0210077253306	0.0529290910649	-0.0370851571694	-0.0233929254458	0.0103457591662	-0.0372921099811	-0.0302815075211	0.0331127507928	-0.0386716248229	-0.0128184829946	-0.0303362466793	-0.041216443737	-0.0146239743008	0.0394808892393	-0.0272416586052	0.0111479310185	-0.0156246060229	0.0277308662778	-0.0248358381987	0.0350973720317	-0.0376352076453	0.0289206835928	-0.0264199172742	0.0167202623515	-0.0216450326446	0.0363250886869	-0.0603126087238	0.00647946013134	-0.0293006120564	0.0442401324407	-0.05999205702	-0.00778387467066	0.0219221976046	-0.0177025327874	0.00608030987681	0.0672549269806	0.0192233689885	0.0216829932817	-0.033622937605	0.0246898812773	-0.00284867968196	-0.0109683237391	-0.0248134299942	-0.0938525453836	0.00353814115272	0.00840985410178
k__Bacteria;p__Bacteroidetes;c__Bacteroidia;o__Bacteroidales;f__Bacteroidaceae;g__Bacteroides;s__Bacteroides_stercoris	-0.00451832929974	0.0267032222476	-0.0396887726757	0.00585145556054	1.0	-0.00902175768671	-0.0331577046055	-0.0918480097297	0.0243166016325	-0.0121560876329	0.0227970367839	-0.0453663713278	-0.00831838126065	-0.0479069313572	0.0601057538154	-0.0237190014896	-0.00495199075191	-0.0159149126218	0.00856033693752	0.0132572083492	0.00937783339224	-0.0174626401186	-0.0542716349148	-0.0450971010429	0.000623863396997	0.0117198505982	-0.0451195809944	0.00655618750698	0.00647271358823	0.0188007645185	0.0179296271929	0.0681918853091	-0.0251095404071	-0.0352241766053	0.00145889763395	-0.0218204146189	-0.0355346110378	-0.0162520971423	0.00310820134451	-0.0184384627052	-0.0358604519933	-0.0335687188932	0.0248691034139	-0.0568831094712	-0.064828640656	-0.0676438870034	-0.0204255590844	-0.0559146956528	0.0369777054632	-0.01354568676	-0.033081281214	-0.0216468987171	-0.0173265127322	0.00509978454372	0.0109940871301	0.0325599032574	0.00106741818406	0.00699541942048	0.01714221057
k__Bacteria;p__Bacteroidetes;c__Bacteroidia;o__Bacteroidales;f__Bacteroidaceae;g__Bacteroides;s__Bacteroides_ovatus	-0.0189573234233	-0.0283738104638	0.011033813955	-0.0154268436988	-0.00902175768671	1.0	0.0605756521439	-0.0202635033274	0.0189821298855	0.026460433422	-0.0401907882111	0.00328812956092	-0.0146554459491	-0.0400461212901	-0.0226619363958	0.057624230467	-0.0147983538743	-0.0153111826083	-0.00137908531035	-0.0527486926751	-0.04955906429	0.050758572231	-0.0743761652709	-0.0149040146055	-0.0162083357886	-0.0269462367336	0.0136985239651	0.00693369000112	-0.0327447938239	0.0327476186721	-0.026825458424	-0.0496790227905	-0.0279974845788	0.0181240716241	-0.0053099621526	-0.00341873311772	-0.0492471799855	-0.0119524793945	0.0216153343851	0.0475820404826	-0.011303166339	-0.0128530744183	0.00867568247118	-0.0505217991914	0.00600051199692	-0.0797074386596	0.0391347830909	-0.0566636263816	-0.0191240379407	-0.0344616553904	-0.0184623225536	0.00673820350448	-0.0118707362037	0.0293564302121	-0.0193018582527	-0.00228408321014	0.00588996936173	0.0416892578851	0.0305587296368
k__Bacteria;p__Bacteroidetes;c__Bacteroidia;o__Bacteroidales;f__Rikenellaceae;g__Alistipes;s__Alistipes_shahii	-0.0210311642214	0.0148571346241	-0.0193799746899	0.00951882202017	-0.0331577046055	0.0605756521439	1.0	0.0326652005326	-0.0296040682437	-0.0291523462714	-0.0181022607436	-0.0518939287223	0.00493148423747	0.0169844945117	-0.0214244359215	0.0287300163113	-0.0420306695788	-0.0335632883425	-0.0255390929789	0.0509630810025	0.0406376244263	-0.0356016730888	0.0115505465887	0.0551219825043	-0.017558856927	-0.0325130936367	-0.0178980893188	-0.0682320650566	-0.0144687190828	0.0293627645695	0.0372461177692	-0.0354351512267	-0.0294753468646	0.0426014088886	-0.0190033024815	-0.0108634004059	-0.0260998307566	0.0178972598803	-0.0354542894897	-0.0406875430305	-0.0362845299868	-0.0508649185925	0.00174614799174	-0.0163473574273	0.0533384761419	-0.0198867653309	0.00066846200512	-0.044676376462	-0.0395388691505	-0.000909568034166	0.0542078703588	0.00795571791059	0.00370923736676	0.022716623257	-0.034261620167	0.0332449501347	0.0376678013354	-0.0118005368197	-0.013615726353
k__Bacteria;p__Firmicutes;c__Clostridia;o__Clostridiales;f__Ruminococcaceae;g__Faecalibacterium;s__Faecalibacterium_prausnitzii	-0.012713682909	0.0082300146945	0.0476162965348	-0.0227466577707	-0.0918480097297	-0.0202635033274	0.0326652005326	1.0	-0.00336936352899	0.0217443086901	-0.0116578969574	0.0223761284478	-0.0443686624003	-0.0347753056878	0.0182400787512	0.0147535244701	-0.00735436510681	-0.0114166823013	0.00883316187407	0.0400064247383	-0.0493181362444	-0.00864011216962	-0.0181226540371	0.068563475973	-0.00706686377734	-0.0317843067039	-0.0377469852037	0.0385396799237	0.0211834963102	-0.0762186177973	0.0141202194845	0.0532030485624	-0.0263591065581	-0.0123218272552	-0.0387860697025	-0.0135641437186	0.0393875296903	0.0401113852019	-0.00456400002394	-0.00309254907658	-0.0239124123528	-0.0217460989313	0.0289908712581	-0.0166201392883	0.0420018538092	-0.0227248870283	-0.033550330225	0.0110265002554	0.00898436803329	-0.0140201814292	0.0375362412303	0.0345210591319	-0.00078355752661	-0.0120010647451	-0.0161958415192	0.0115805015773	0.00661722715807	-0.0554957680248	-0.047774454753
k__Bacteria;p__Bacteroidetes;c__Bacteroidia;o__Bacteroidales;f__Rikenellaceae;g__Alistipes;s__Alistipes_finegoldii	0.0326197075832	0.0273031791743	-0.0464197654983	-0.0536785241341	0.0243166016325	0.0189821298855	-0.0296040682437	-0.00336936352899	1.0	0.0280203219178	-0.0350393964133	0.067885099484	-0.0374568683298	0.0186031236013	-0.0583421020691	-0.0193194397894	0.0110438554283	-0.00669178698243	0.0126449143669	-0.030061988941	-0.0518031913993	-0.0245180724942	0.0274867051256	-0.00873406689536	-0.043657151666	-0.0140490880572	-0.0426751582736	0.0604897236249	-0.0862268739188	0.00587971810981	-0.0432612960788	0.00245282851421	-0.0387853038314	-0.0337894682623	0.0264698280242	-0.0265789121282	-0.0712942857458	0.00324734402838	0.018876768167	0.024399293968	0.0390280264668	-0.0009357301767	-0.0204273966594	-0.025601963881	0.0094536736848	0.021135615085	0.0322022559875	-0.0195091831022	-0.00145791069204	-0.0345943067695	0.0233821647319	-0.032339160292	0.000671154911005	0.0321597225006	-0.000714098483604	0.036889868226	0.0507380106431	0.0224801539109	0.0426676166546
k__Bacteria;p__Bacteroidetes;c__Bacteroidia;o__Bacteroidales;f__Porphyromonadaceae;g__Parabacteroides;s__Parabacteroides_distasonis	0.0325786733465	0.0140230542035	-0.0265182039884	-0.0577689228203	-0.0121560876329	0.026460433422	-0.0291523462714	0.0217443086901	0.0280203219178	1.0	-0.040404220203	-0.00196731345891	-0.000961447859902	-0.0221274693506	-0.0145604674503	0.0757518644044	0.0431084483744	-0.00594456198428	-0.0305408526412	0.0113257449944	-0.0136508853713	-0.0252306795538	-0.0085153692295	0.0122356799784	-0.0475292297101	0.0235457136874	-0.0253313599065	-0.00241567542551	-0.0430210113727	-0.00381144391118	0.00776685330208	-0.0316393845757	0.0247637850227	-0.0137394962627	-0.0510012382573	-0.00214487930327	-0.0352009896421	0.0467102530736	0.000511699825399	0.00220240005786	-0.0252358454475	0.0114708594847	-0.0222295432676	-0.028225491342	-0.000254176035045	0.0345415692937	0.00497321787882	-0.0550734245465	-0.0474098333905	0.0351191926393	-0.00872282712197	-0.0395899686115	0.0311209528352	-0.0363622853535	-0.0392811755098	0.00318059872465	-0.014797634984	-0.0203125200526	0.000400246040566
k__Bacteria;p__Bacteroidetes;c__Bacteroidia;o__Bacteroidales;f__Bacteroidaceae;g__Bacteroides;s__Bacteroides_thetaiotaomicron	-0.0517748773512	0.00727738414767	-0.049457549863	0.0675186462877	0.0227970367839	-0.0401907882111	-0.0181022607436	-0.0116578969574	-0.0350393964133	-0.040404220203	1.0	-0.00672842099008	0.0289012023751	-0.0395753078783	0.0276733121087	-0.0117895877848	-0.0556424962721	-0.036227562343	0.0366528177875	0.0373546881296	0.0163663252053	-0.0538270869213	0.0186319069091	-0.0477139875943	-0.0376042318187	0.0147423357695	0.0132632251107	-0.0152887834027	0.0134822654006	0.0126350034005	-0.0660535700266	0.00640026575722	0.0249389361601	-0.0297474135761	-0.069951977367	0.0174223556047	0.0422705462083	-0.0299276726119	0.014647060547	-0.0416684283549	0.00597841798811	0.0168507771464	0.00884679122781	-0.0529566565467	0.000724318937787	-0.00985256580516	-0.00803532713128	-0.0279954584694	-0.0263163258746	-0.0577016210612	-0.000496273855603	-0.00235401863039	-0.00594289426618	-0.059389723944	-0.0437859478719	-0.0368382961665	-0.0033900266087	0.00347954768039	-0.00123535842228
k__Bacteria;p__Bacteroidetes;c__Bacteroidia;o__Bacteroidales;f__Bacteroidaceae;g__Bacteroides;s__Bacteroides_coprocola	0.00134710240401	-0.00110470623716	-0.0697591148629	0.0342790021763	-0.0453663713278	0.00328812956092	-0.0518939287223	0.0223761284478	0.067885099484	-0.00196731345891	-0.00672842099008	1.0	-0.00123197500656	-0.0290562787859	-0.0392258438538	-0.0213469941367	0.00150845460086	-0.0495428168076	-0.024648117665	-0.0254649790635	0.0104675941533	-0.0204068651883	-0.012872990522	-0.0585745316778	0.0547288472403	0.0260728056756	0.00912590098224	-0.02015036245	-0.0303507568637	-0.00225598026285	0.0109838357171	-0.0674811201038	-0.085438811486	-0.00226130327854	0.0248602241376	0.0462771513895	-0.0301207908951	0.0127789081544	0.0341373790463	0.0205806027414	-0.0130645958204	-0.0699220062377	0.030505788449	-0.0533841954894	-0.0364067859529	0.0242227023876	-0.0194707437802	-0.00804646059813	-0.0432257204115	0.0303742208917	-0.0119287494103	0.0121524740577	-0.00973299867407	0.0172731800265	-0.0109907807998	-0.00231775724482	-0.0711795541299	0.0138464654477	-0.0352982745513
k__Bacteria;p__Bacteroidetes;c__Bacteroidia;o__Bacteroidales;f__Bacteroidaceae;g__Bacteroides;s__Bacteroides_cellulosilyticus	-0.0669810607087	0.0627261540686	0.0179349733904	0.0236962334039	-0.00831838126065	-0.0146554459491	0.00493148423747	-0.0443686624003	-0.0374568683298	-0.000961447859902	0.0289012023751	-0.00123197500656	1.0	-0.0566323691086	-0.0635085046074	-0.0719703796195	0.0433166523422	-0.0168785084058	0.00234027870303	0.00619087417402	0.00618268700357	0.00936399913119	-0.0557740610166	-0.0247990007553	0.0208068545572	0.00215942976929	-0.0262877941252	0.0531510364647	-0.0251336655463	0.0258849944365	-0.0182924810775	-0.0149538445244	-0.0309442037634	-0.0450659562284	-0.0548307932354	0.0230320858069	0.0295305716327	0.0388587261398	-0.0368527530263	-0.0128683113767	-0.0205608162544	0.00377802191898	-0.00128069037998	-0.0229370282415	0.0177622525753	0.0305556098853	-0.0229070563219	-0.017535583803	-0.0326661270688	0.0003918014334	0.0446953390914	-0.00067403791837	0.0373813566015	-0.00274333022871	-0.00702214605	0.0324748121223	-0.0686281175023	-0.0396774584402	-0.000374209764453
k__Bacteria;p__Bacteroidetes;c__Bacteroidia;o__Bacteroidales;f__Rikenellaceae;g__Alistipes;s__Alistipes_obesi	0.0562555793838	-0.0355567729216	0.055848264107	-0.0210077253306	-0.0479069313572	-0.0400461212901	0.0169844945117	-0.0347753056878	0.0186031236013	-0.0221274693506	-0.0395753078783	-0.0290562787859	-0.0566323691086	1.0	-0.00315717775989	0.0227580750782	-0.0279300343295	0.0117319177452	-0.018116090058	-0.00246445025126	0.0166545811427	-0.0672206287318	-0.00420585103936	0.0232768232584	-0.00639588118759	0.00223312806156	0.0420476683107	-0.0302562520608	-0.0156172271055	0.0118273450727	-0.0202561888476	-0.0511791281447	-0.000312574703358	-0.0599901808741	-0.0140861195507	-0.0125663578836	-0.00718802462386	-0.0285542226734	0.0276451771246	0.0511878926719	-0.0128651466745	0.0499013939685	0.0117425022873	0.0195761620992	-0.0629631853072	-0.0417282560961	0.00352719651139	0.0169269619785	-0.000850269206185	0.00607757978348	-0.0769004456073	-0.00239526968729	-0.000112767137006	-0.00961172435275	0.000945434994557	0.01374081635	0.00486777411908	-0.0540818372132	0.0222597551618
k__Bacteria;p__Firmicutes;c__Clostridia;o__Clostridiales;f__Lachnospiraceae;g__;s__[Eubacterium]_rectale	0.0522056316397	-0.0493339367128	-0.00504568304878	0.0529290910649	0.0601057538154	-0.0226619363958	-0.0214244359215	0.0182400787512	-0.0583421020691	-0.0145604674503	0.0276733121087	-0.0392258438538	-0.0635085046074	-0.00315717775989	1.0	0.00172543862578	-0.0328645851254	-0.00740813305636	0.0350996958653	-0.0578123324101	0.01877108899	-0.0416550925168	-0.0137547470313	0.0273970027492	-0.0502412223023	-0.00847379967319	0.0647154352819	-0.0179442582172	0.0427086053028	-0.0230354205718	-0.0260716079886	0.0543341350842	-0.0636177999873	-0.0055606640645	-0.00457677596261	0.0230681347919	-0.038830199335	-0.0237611428766	-0.0352258526718	0.0247638554046	-0.00728198233437	0.00514034828289	0.00168166731278	0.00300483659888	0.0270011925053	-0.000106448495565	-0.0250849774643	0.0295271307576	-0.00586478257224	0.00449485484202	0.00624706290015	0.0036902909736	0.00807141902288	0.0185664675924	-0.0441507655571	-0.0270101992374	-0.0031663962826	-0.0313220603313	0.0150530813186
k__Bacteria;p__Bacteroidetes;c__Bacteroidia;o__Bacteroidales;f__Bacteroidaceae;g__Bacteroides;s__Bacteroides_plebeius	-0.00868407864492	0.0228109084368	0.0195000049459	-0.0370851571694	-0.0237190014896	0.057624230467	0.0287300163113	0.0147535244701	-0.0193194397894	0.0757518644044	-0.0117895877848	-0.0213469941367	-0.0719703796195	0.0227580750782	0.00172543862578	1.0	0.0408434309262	-0.0229664936616	0.00540416301237	-0.00764247148873	-0.00118844656307	0.0234236277928	-0.0403199616526	0.00706601971974	-0.0249367715323	-0.0376856482095	-0.0275749386174	0.0201981673418	0.0162498348628	0.0173048917856	0.0653164255204	-0.00779517154683	0.000543284006451	0.0149290450421	0.00862170354519	-0.0256162229001	-0.00714930958655	0.049454241645	-0.0482980828263	-0.0329529806697	-0.0374407357562	-0.0417721904322	0.00258011807676	-0.0514415945191	-0.0243844607991	0.0211210133483	0.0152629874386	0.0365034607122	0.034917552403	0.0384363884347	-0.0197627286263	-0.037241013875	-0.0562166022785	-0.0316877681068	-0.0541341912176	-0.0381309205002	0.0247047903021	-0.0352163786679	-0.0369252539114
k__Bacteria;p__Bacteroidetes;c__Bacteroidia;o__Bacteroidales;f__Bacteroidaceae;g__Bacteroides;s__Bacteroides_fragilis	-0.0335836019384	-0.00304795928411	-0.0226553748847	-0.0233929254458	-0.00495199075191	-0.0147983538743	-0.0420306695788	-0.00735436510681	0.0110438554283	0.0431084483744	-0.0556424962721	0.00150845460086	0.0433166523422	-0.0279300343295	-0.0328645851254	0.0408434309262	1.0	0.0146108081471	0.0298022142225	0.0214463024159	-0.0876887233537	0.0202084728904	-0.0175496700173	0.0371232175925	-0.0124190618611	0.00675392570261	-0.0626215408839	-0.019901717146	-0.0273271957633	-0.00891271015713	-0.0388162785643	-0.024739613317	-0.0421791010976	-0.0402742839563	0.0230611767001	0.0312335838768	-0.0531718134982	0.0161389530852	-0.0378244945589	0.034606731421	-0.0368476363593	-0.0269767772999	-0.0026331743386	0.0245653124883	-0.00398520334188	0.0444598713426	-0.0407665320876	0.0227799844935	-0.0221955732673	-0.0370330432716	0.0243652178612	0.0422644937635	-0.0303827405186	0.0102219401562	-0.0203148999441	-0.025998615973	-0.00899524636593	-0.0242580018037	-0.0181701510115
k__Bacteria;p__Proteobacteria;c__Betaproteobacteria;o__Burkholderiales;f__Sutterellaceae;g__Sutterella;s__Sutterella_wadsworthensis	-0.0034698809086	-0.0153212009551	-0.00699137138003	0.0103457591662	-0.0159149126218	-0.0153111826083	-0.0335632883425	-0.0114166823013	-0.00669178698243	-0.00594456198428	-0.036227562343	-0.0495428168076	-0.0168785084058	0.0117319177452	-0.00740813305636	-0.0229664936616	0.0146108081471	1.0	-0.0132734524107	-0.0418760465184	-0.0426216015654	0.02403280518	0.0665095474085	0.026498342585	0.0182662891652	-2.64808369344e-05	-0.0259738713703	-0.0188446498325	-0.0418587324645	-0.0253820790608	-0.0460362375746	-0.0277352468323	-0.0243065624346	-0.0241989725832	-0.0347355854025	0.00706097243404	0.034885561388	-0.0593664973151	-0.0145558428594	0.00310665482159	-0.00460035112301	0.0134838834289	-0.0107663112667	0.0200309069173	-0.0632379889629	-0.021879902352	0.0118186537448	0.00580912305491	0.030762350586	-0.0224382682487	0.029641574257	-0.0147213107619	-0.0456290937852	-0.000590214264323	-0.0183722251678	-0.0239761238712	0.0333202560738	0.0172247127546	-0.0844904364791
k__Bacteria;p__Bacteroidetes;c__Bacteroidia;o__Bacteroidales;f__Porphyromonadaceae;g__Barnesiella;s__Barnesiella_intestinihominis	0.0399063229334	-0.077176037541	-0.0544304678812	-0.0372921099811	0.00856033693752	-0.00137908531035	-0.0255390929789	0.00883316187407	0.0126449143669	-0.0305408526412	0.0366528177875	-0.024648117665	0.00234027870303	-0.018116090058	0.0350996958653	0.00540416301237	0.0298022142225	-0.0132734524107	1.0	-0.0496974927231	0.069374089206	-0.0213442079863	-0.0197885842123	-0.00494722721421	0.0197145013865	0.00950269476039	0.0473821434472	-0.00545379655971	0.0191265768057	-0.00938765439545	-0.0183830542965	-8.84702507883e-05	-0.0383978844548	-0.0771450552815	0.0330141202067	-0.0328760834708	-0.034543842407	0.0709056660824	0.00750699008075	-0.0379277784871	-0.0190184099067	0.0199781686433	-0.0229979353525	-0.0297062660549	0.0407431276208	-0.0102688859498	0.027554539395	-0.035595105649	-0.0191595105882	0.0204768397396	-0.0220862911687	-0.029475971406	-0.0153289793484	-0.00614321072047	0.0511922458695	-0.0107541526476	0.00474013371505	-0.0449892798065	-0.0234652857363
k__Bacteria;p__Bacteroidetes;c__Bacteroidia;o__Bacteroidales;f__Odoribacteraceae;g__Odoribacter;s__Odoribacter_splanchnicus	-0.0160633151059	-0.0182640697341	-0.0104052366221	-0.0302815075211	0.0132572083492	-0.0527486926751	0.0509630810025	0.0400064247383	-0.030061988941	0.0113257449944	0.0373546881296	-0.0254649790635	0.00619087417402	-0.00246445025126	-0.0578123324101	-0.00764247148873	0.0214463024159	-0.0418760465184	-0.0496974927231	1.0	0.00838108367517	-0.0232424709584	-0.0655099236104	0.00744317552424	-0.0279083815718	-0.078153845524	-0.0697400995556	-0.0108943354502	-0.0102841899371	0.0661221775136	0.000479784853892	-0.00242178435134	0.0156614860226	0.0181733763089	0.0317247791838	-0.0193341117683	-0.021564600091	-0.0486242860226	-0.0354132250051	-0.0399499722698	-0.0414383569309	0.0262745655987	-0.0182250843527	-0.000892939758018	0.000898990160042	-0.000904238189644	-0.045280253718	-0.0245427987953	-0.0657889253904	-0.0373675267075	0.0188265705603	0.0697900686394	-0.00765544371646	-0.0325799458869	0.00504698689668	-0.0485530169208	0.0160661964586	-0.00921237913654	0.0472074526355
k__Bacteria;p__Bacteroidetes;c__Bacteroidia;o__Bacteroidales;f__Bacteroidaceae;g__Bacteroides;s__Bacteroides_salyersiae	-0.00834396949799	-0.0387035581678	0.00498428740557	0.0331127507928	0.00937783339224	-0.04955906429	0.0406376244263	-0.0493181362444	-0.0518031913993	-0.0136508853713	0.0163663252053	0.0104675941533	0.00618268700357	0.0166545811427	0.01877108899	-0.00118844656307	-0.0876887233537	-0.0426216015654	0.069374089206	0.00838108367517	1.0	0.0121023827155	-0.0189397390491	0.0334270044482	-0.00879284919514	0.000244047391137	0.0161634348376	0.0465227217876	-0.0201646872961	0.008955778437	0.00988527861096	0.0423605612459	-0.0699882476554	0.0382882876012	0.000487489195387	-0.0467730515622	0.0137249680425	-0.0163138711155	-0.00758570430192	-0.0699804423286	-0.0214019984274	-0.0430918356138	0.0215738540802	-0.000406432433207	-0.0132009699577	-0.0696113306723	-0.045349350959	0.00972850255221	-0.012357439402	0.0173336245656	-0.0781415045855	-0.0116716012667	0.00102925940751	0.00114237608333	0.034180960154	0.037932628058	-0.0498215127244	-0.0266403399762	-0.0310243004273
k__Bacteria;p__Firmicutes;c__Clostridia;o__Clostridiales;f__Ruminococcaceae;g__Ruminiclostridium;s__[Eubacterium]_siraeum	-0.0237542951088	-0.050369720809	-0.00962398245268	-0.0386716248229	-0.0174626401186	0.050758572231	-0.0356016730888	-0.00864011216962	-0.0245180724942	-0.0252306795538	-0.0538270869213	-0.0204068651883	0.00936399913119	-0.0672206287318	-0.0416550925168	0.0234236277928	0.0202084728904	0.02403280518	-0.0213442079863	-0.0232424709584	0.0121023827155	1.0	0.008489105241	0.0122996117564	-0.060025295585	-0.0461040530404	-0.0241926551713	0.00648134271136	-0.0060978254402	0.00792103512262	-0.0279889891507	-0.0286088342962	0.0352749887777	0.0211236318771	-0.00850014902408	-0.0637091844743	-0.0226370211957	-0.0103489809949	-0.00611889052843	0.0379850233194	-0.0214492311119	0.00570575083252	-0.0293267487774	0.0178727276013	-0.0124804537092	-0.0130566279331	-0.0311011706453	-0.0691587564086	-0.00649193770105	0.0335054850056	0.0153099927292	0.00405056921376	-0.0334069221759	-0.0167877818722	-0.0393430846525	0.0080867779937	0.00497744166001	0.034632227443	0.00153961790543
k__Bacteria;p__Proteobacteria;c__Betaproteobacteria;o__Burkholderiales;f__Sutterellaceae;g__Parasutterella;s__Parasutterella_excrementihominis	0.0120999296353	0.0111808297707	-0.0350788043992	-0.0128184829946	-0.0542716349148	-0.0743761652709	0.0115505465887	-0.0181226540371	0.0274867051256	-0.0085153692295	0.0186319069091	-0.012872990522	-0.0557740610166	-0.00420585103935	-0.0137547470313	-0.0403199616526	-0.0175496700173	0.0665095474085	-0.0197885842123	-0.0655099236104	-0.0189397390491	0.008489105241	1.0	-0.0248724101296	-0.00849776054587	0.0218624854924	0.00432894741195	0.0395910278144	0.0442368024286	-0.0538060172255	0.0110178688136	0.0206902450255	-0.0206063284705	0.00814510728488	-0.0324702308844	0.0245376942043	0.00732120729611	-0.0328193962153	0.0100898065164	-0.0233366814148	0.0722689876232	-0.0621353641284	-0.0453136334261	-0.023444850833	0.00143927767215	-0.0129480214323	-0.0449373741474	-0.0116870069966	-0.0115084853449	-0.0709838058478	-0.0116628409188	-0.0633982318189	0.0258239445504	-0.0202979114622	0.00641453920645	-0.0147981522962	0.0108207210612	0.0206490974104	-0.0063443031493
k__Bacteria;p__Actinobacteria;c__Actinobacteria;o__Bifidobacteriales;f__Bifidobacteriaceae;g__Bifidobacterium;s__Bifidobacterium_adolescentis	-0.0196621225041	-0.0596985237935	-0.0182149568934	-0.0303362466793	-0.0450971010429	-0.0149040146055	0.0551219825043	0.068563475973	-0.00873406689536	0.0122356799784	-0.0477139875943	-0.0585745316778	-0.0247990007553	0.0232768232584	0.0273970027492	0.00706601971974	0.0371232175925	0.026498342585	-0.00494722721421	0.00744317552424	0.0334270044482	0.0122996117564	-0.0248724101296	1.0	-0.00430468038952	-0.0494454192649	0.0168470642755	-0.0220753646637	-0.00227151994026	-0.0161966664935	-0.0129005306997	-0.0356326986666	-0.0354317752337	-0.0299306201435	-0.0558630553405	-0.00666055048537	-0.0261998414044	0.0236762887506	-0.0897302489061	0.0309446088748	0.00386860347449	-0.0528276644301	-0.0236386551148	-0.0172770899635	0.00781679548769	0.00682012872618	-0.0362704031142	-0.00455616503706	0.0216805557713	-0.01519180601	-0.0050006952185	0.0127546309285	-0.011782993885	-0.0223595803595	0.0123796621947	-0.00776555807366	-0.0440364184442	-0.0358178923576	0.00154955291357
k__Bacteria;p__Firmicutes;c__Clostridia;o__Clostridiales;f__Oscillospiraceae;g__Oscillibacter;s__Oscillibacter_sp._KLE_1745	0.00429965755886	-0.00613368724456	0.0307631187035	-0.041216443737	0.000623863396997	-0.0162083357886	-0.017558856927	-0.00706686377734	-0.043657151666	-0.0475292297101	-0.0376042318187	0.0547288472403	0.0208068545572	-0.00639588118759	-0.0502412223023	-0.0249367715323	-0.0124190618611	0.0182662891652	0.0197145013865	-0.0279083815718	-0.00879284919514	-0.060025295585	-0.00849776054587	-0.00430468038952	1.0	0.00110416399457	-0.00342449090404	-0.0257020881504	0.00973998939902	0.00893904228612	-0.0167089374919	0.0199938149559	-0.00511740631723	-0.0531068018548	-0.00233896930808	-0.0158704328136	-0.075271715375	0.0708879710925	-0.00169863198508	0.00659734230127	0.0229088959139	-0.0265434844639	-0.0438568357563	-0.00100448422591	-0.0286117852746	0.00773803163488	-0.000743343868195	-0.0162107873731	0.00735079136007	-0.0124908540896	0.0521953321189	-0.0808819117169	0.0339418767925	0.0905606359947	0.0584525723663	-0.0321227358456	-0.0305180896564	-0.0142262208249	-0.0180836182438
k__Bacteria;p__Bacteroidetes;c__Bacteroidia;o__Bacteroidales;f__Bacteroidaceae;g__Bacteroides;s__Bacteroides_coprophilus	-0.0416833288774	-0.0548259973548	0.0296002367869	-0.0146239743008	0.0117198505982	-0.0269462367336	-0.0325130936367	-0.0317843067039	-0.0140490880572	0.0235457136874	0.0147423357695	0.0260728056756	0.00215942976929	0.00223312806156	-0.00847379967319	-0.0376856482095	0.00675392570261	-2.64808369344e-05	0.00950269476039	-0.078153845524	0.000244047391137	-0.0461040530404	0.0218624854924	-0.0494454192649	0.00110416399457	1.0	0.00442565849072	-0.0678383597584	0.0361477163539	0.00397371409276	-0.0189194837002	-0.0664610775593	0.0291672399116	-0.0218181943467	-0.0174937113972	-0.000997283265747	0.00691999916924	-0.0346792850273	-0.0284997786936	-0.0159922606611	0.021771596317	0.0151729507877	0.00915749047573	0.000106717079874	-0.0352058797533	0.00695621563162	-0.0227366541716	0.0107153947814	0.00417634058241	0.01290897577	-0.0124454118713	-0.0430411293466	0.00887238633093	-0.0135454936117	-0.0150130928632	-0.0370602796957	-0.0611022633939	0.046356010749	-0.00885291291531
k__Bacteria;p__Firmicutes;c__Clostridia;o__Clostridiales;f__Lachnospiraceae;g__Roseburia;s__Roseburia_intestinalis	-0.0236446285754	-0.0543143268058	0.0154501484749	0.0394808892393	-0.0451195809944	0.0136985239651	-0.0178980893188	-0.0377469852037	-0.0426751582736	-0.0253313599065	0.0132632251107	0.00912590098224	-0.0262877941252	0.0420476683107	0.0647154352819	-0.0275749386174	-0.0626215408839	-0.0259738713703	0.0473821434472	-0.0697400995556	0.0161634348376	-0.0241926551713	0.00432894741195	0.0168470642755	-0.00342449090404	0.00442565849072	1.0	0.0257292954904	-0.00566930728102	-0.0267902676326	0.0116589145017	-0.0689674428778	0.0150126059809	-0.00786933165465	0.0337807453036	-0.0203273360135	0.00593430653724	0.025333349283	-0.00944412324885	0.0130546581084	0.00370587042254	-0.0530456425541	-0.0352779475452	-0.0413438940146	0.0417438113133	-0.0211288607805	-0.0189205552575	-0.0250018025056	-0.084116198587	0.0472700636316	0.00145552966707	0.0119521155111	0.00212192504832	-0.0157746793348	-0.000167730463352	-0.021975313685	-0.0500547967547	-0.0179012603176	0.0602663880558
k__Bacteria;p__Firmicutes;c__Clostridia;o__Clostridiales;f__Lachnospiraceae;g__Roseburia;s__Roseburia_hominis	0.0037436407815	0.0184286906259	-0.0558299714169	-0.0272416586052	0.00655618750698	0.00693369000112	-0.0682320650566	0.0385396799237	0.0604897236249	-0.00241567542551	-0.0152887834027	-0.02015036245	0.0531510364647	-0.0302562520608	-0.0179442582172	0.0201981673418	-0.019901717146	-0.0188446498325	-0.00545379655971	-0.0108943354502	0.0465227217876	0.00648134271136	0.0395910278144	-0.0220753646637	-0.0257020881504	-0.0678383597584	0.0257292954904	1.0	-0.0272535952421	0.0167201082369	-0.0114120940489	-0.0521601650974	0.00694287284333	0.0132623603954	0.0421102805194	0.016547329096	0.00334274846637	0.0356709078306	-0.0617204897924	-0.0242110357536	0.0774048294552	-0.0581058886183	-0.016454199487	-0.0191386735459	-0.0555913337456	0.000687284129002	-0.0153011321695	-0.00490565268863	-0.0405697689385	-0.00865847159343	0.00418980144831	0.0338537112405	0.024059406489	-0.0165159044066	0.0312107263506	0.0232443602995	-0.0260943556086	-0.0899638546671	-0.0628579627158
k__Bacteria;p__Bacteroidetes;c__Bacteroidia;o__Bacteroidales;f__Porphyromonadaceae;g__Parabacteroides;s__Parabacteroides_johnsonii	-0.00562678081866	-0.00229065692924	-0.0192517733034	0.0111479310185	0.00647271358823	-0.0327447938239	-0.0144687190828	0.0211834963102	-0.0862268739188	-0.0430210113727	0.0134822654006	-0.0303507568637	-0.0251336655463	-0.0156172271055	0.0427086053028	0.0162498348628	-0.0273271957633	-0.0418587324645	0.0191265768057	-0.0102841899371	-0.0201646872961	-0.0060978254402	0.0442368024286	-0.00227151994026	0.00973998939902	0.0361477163539	-0.00566930728102	-0.0272535952421	1.0	-0.0278980367943	-0.017398757029	0.0425253014504	0.0183631765535	-0.0300980337091	-0.00879971827341	0.0214401731584	-0.0303016333587	-0.0181172285893	-0.0112140736048	-0.0374076896979	0.0397942525829	0.0304002885242	-0.0256808677403	0.0805156516678	0.0117196443627	0.0302184399316	0.0152592791792	-0.00371846353001	0.00900785633339	-0.0262710976826	0.0070660418184	0.0420859411832	0.00981961512768	-0.00058997115803	-0.0506105215717	0.000227914004403	-0.00304550406844	-0.0191262312291	-0.0761753533875
k__Bacteria;p__Actinobacteria;c__Actinobacteria;o__Bifidobacteriales;f__Bifidobacteriaceae;g__Bifidobacterium;s__Bifidobacterium_longum	-0.0301853970278	0.0659695576313	0.0454068409899	-0.0156246060229	0.0188007645185	0.0327476186721	0.0293627645695	-0.0762186177973	0.00587971810981	-0.00381144391118	0.0126350034005	-0.00225598026285	0.0258849944365	0.0118273450727	-0.0230354205718	0.0173048917856	-0.00891271015713	-0.0253820790608	-0.00938765439545	0.0661221775136	0.008955778437	0.00792103512262	-0.0538060172255	-0.0161966664935	0.00893904228612	0.00397371409276	-0.0267902676326	0.0167201082369	-0.0278980367943	1.0	-0.00218957188949	-0.00874670530228	0.0195472693358	0.00201058606256	0.00591907189865	-0.0190655361554	-0.00136130660013	0.0222982783849	-0.0278682416954	-0.00154417962107	-0.0376979794429	0.0379670970834	-0.0308364170983	0.0249245195032	-0.0222767350227	-0.0152242919043	0.0143082365674	-0.00871084276764	-0.0420656879712	-0.0217399414581	-0.0788883103777	0.0352452870442	0.0271379237947	-0.0208819424597	0.0309482735768	0.0320112035013	-0.00977890810048	-0.0239265098886	-0.0556127213623
