#taxonomy	k__Bacteria;p__Bacteroidetes;c__Bacteroidia;o__Bacteroidales;f__Bacteroidaceae;g__Bacteroides;s__Bacteroides_vulgatus	k__Bacteria;p__Bacteroidetes;c__Bacteroidia;o__Bacteroidales;f__Bacteroidaceae;g__Bacteroides;s__Bacteroides_uniformis	k__Bacteria;p__Bacteroidetes;c__Bacteroidia;o__Bacteroidales;f__Rikenellaceae;g__Alistipes;s__Alistipes_putredinis	k__Bacteria;p__Bacteroidetes;c__Bacteroidia;o__Bacteroidales;f__Prevotellaceae;g__Prevotella;s__Prevotella_copri	k__Bacteria;p__Bacteroidetes;c__Bacteroidia;o__Bacteroidales;f__Bacteroidaceae;g__Bacteroides;s__Bacteroides_stercoris	k__Bacteria;p__Bacteroidetes;c__Bacteroidia;o__Bacteroidales;f__Bacteroidaceae;g__Bacteroides;s__Bacteroides_ovatus	k__Bacteria;p__Bacteroidetes;c__Bacteroidia;o__Bacteroidales;f__Rikenellaceae;g__Alistipes;s__Alistipes_shahii	k__Bacteria;p__Firmicutes;c__Clostridia;o__Clostridiales;f__Ruminococcaceae;g__Faecalibacterium;s__Faecalibacterium_prausnitzii	k__Bacteria;p__Bacteroidetes;c__Bacteroidia;o__Bacteroidales;f__Rikenellaceae;g__Alistipes;s__Alistipes_finegoldii	k__Bacteria;p__Bacteroidetes;c__Bacteroidia;o__Bacteroidales;f__Porphyromonadaceae;g__Parabacteroides;s__Parabacteroides_distasonis	k__Bacteria;p__Bacteroidetes;c__Bacteroidia;o__Bacteroidales;f__Bacteroidaceae;g__Bacteroides;s__Bacteroides_thetaiotaomicron	k__Bacteria;p__Bacteroidetes;c__Bacteroidia;o__Bacteroidales;f__Bacteroidaceae;g__Bacteroides;s__Bacteroides_coprocola	k__Bacteria;p__Bacteroidetes;c__Bacteroidia;o__Bacteroidales;f__Bacteroidaceae;g__Bacteroides;s__Bacteroides_cellulosilyticus	k__Bacteria;p__Bacteroidetes;c__Bacteroidia;o__Bacteroidales;f__Rikenellaceae;g__Alistipes;s__Alistipes_obesi	k__Bacteria;p__Firmicutes;c__Clostridia;o__Clostridiales;f__Lachnospiraceae;g__;s__[Eubacterium]_rectale	k__Bacteria;p__Bacteroidetes;c__Bacteroidia;o__Bacteroidales;f__Bacteroidaceae;g__Bacteroides;s__Bacteroides_plebeius	k__Bacteria;p__Bacteroidetes;c__Bacteroidia;o__Bacteroidales;f__Bacteroidaceae;g__Bacteroides;s__Bacteroides_fragilis	k__Bacteria;p__Proteobacteria;c__Betaproteobacteria;o__Burkholderiales;f__Sutterellaceae;g__Sutterella;s__Sutterella_wadsworthensis	k__Bacteria;p__Bacteroidetes;c__Bacteroidia;o__Bacteroidales;f__Porphyromonadaceae;g__Barnesiella;s__Barnesiella_intestinihominis	k__Bacteria;p__Bacteroidetes;c__Bacteroidia;o__Bacteroidales;f__Odoribacteraceae;g__Odoribacter;s__Odoribacter_splanchnicus	k__Bacteria;p__Bacteroidetes;c__Bacteroidia;o__Bacteroidales;f__Bacteroidaceae;g__Bacteroides;s__Bacteroides_salyersiae	k__Bacteria;p__Firmicutes;c__Clostridia;o__Clostridiales;f__Ruminococcaceae;g__Ruminiclostridium;s__[Eubacterium]_siraeum	k__Bacteria;p__Proteobacteria;c__Betaproteobacteria;o__Burkholderiales;f__Sutterellaceae;g__Parasutterella;s__Parasutterella_excrementihominis	k__Bacteria;p__Actinobacteria;c__Actinobacteria;o__Bifidobacteriales;f__Bifidobacteriaceae;g__Bifidobacterium;s__Bifidobacterium_adolescentis	k__Bacteria;p__Firmicutes;c__Clostridia;o__Clostridiales;f__Oscillospiraceae;g__Oscillibacter;s__Oscillibacter_sp._KLE_1745	k__Bacteria;p__Bacteroidetes;c__Bacteroidia;o__Bacteroidales;f__Bacteroidaceae;g__Bacteroides;s__Bacteroides_coprophilus	k__Bacteria;p__Firmicutes;c__Clostridia;o__Clostridiales;f__Lachnospiraceae;g__Roseburia;s__Roseburia_intestinalis	k__Bacteria;p__Firmicutes;c__Clostridia;o__Clostridiales;f__Lachnospiraceae;g__Roseburia;s__Roseburia_hominis	k__Bacteria;p__Bacteroidetes;c__Bacteroidia;o__Bacteroidales;f__Porphyromonadaceae;g__Parabacteroides;s__Parabacteroides_johnsonii	k__Bacteria;p__Actinobacteria;c__Actinobacteria;o__Bifidobacteriales;f__Bifidobacteriaceae;g__Bifidobacterium;s__Bifidobacterium_longum	k__Bacteria;p__Firmicutes;c__Clostridia;o__Clostridiales;f__;g__Flavonifractor;s__Flavonifractor_plautii	k__Bacteria;p__Firmicutes;c__Clostridia;o__Clostridiales;f__Clostridiaceae;g__Clostridium;s__Clostridium_phoceensis	k__Bacteria;p__Verrucomicrobia;c__Verrucomicrobiae;o__Verrucomicrobiales;f__Akkermansiaceae;g__Akkermansia;s__Akkermansia_muciniphila	k__Bacteria;p__Bacteroidetes;c__Bacteroidia;o__Bacteroidales;f__Prevotellaceae;g__Paraprevotella;s__Paraprevotella_xylaniphila	k__Bacteria;p__Firmicutes;c__Clostridia;o__Clostridiales;f__Ruminococcaceae;g__Ruminococcus;s__Ruminococcus_callidus	k__Bacteria;p__Bacteroidetes;c__Bacteroidia;o__Bacteroidales;f__Rikenellaceae;g__Alistipes;s__Alistipes_senegalensis	k__Bacteria;p__Firmicutes;c__Clostridia;o__Clostridiales;f__Lachnospiraceae;g__Blautia;s__Blautia_sp._KLE_1732	k__Bacteria;p__Bacteroidetes;c__Bacteroidia;o__Bacteroidales;f__Bacteroidaceae;g__Bacteroides;s__Bacteroides_oleiciplenus	k__Bacteria;p__Firmicutes;c__Clostridia;o__Clostridiales;f__Ruminococcaceae;g__Ruminococcus;s__Ruminococcus_bicirculans	k__Bacteria;p__Bacteroidetes;c__Bacteroidia;o__Bacteroidales;f__Bacteroidaceae;g__Bacteroides;s__Bacteroides_fluxus	k__Bacteria;p__Bacteroidetes;c__Bacteroidia;o__Bacteroidales;f__Prevotellaceae;g__Prevotella;s__Prevotella_stercorea	k__Bacteria;p__Firmicutes;c__Clostridia;o__Clostridiales;f__Lachnospiraceae;g__Dorea;s__Dorea_longicatena	k__Bacteria;p__Firmicutes;c__Clostridia;o__Clostridiales;f__Eubacteriaceae;g__Eubacterium;s__[Eubacterium]_eligens	k__Bacteria;p__Firmicutes;c__Clostridia;o__Clostridiales;f__Ruminococcaceae;g__;s__Ruminococcaceae_bacterium_D16	k__Bacteria;p__Firmicutes;c__Clostridia;o__Clostridiales;f__Lachnospiraceae;g__Coprococcus;s__Coprococcus_comes	k__Bacteria;p__Proteobacteria;c__Gammaproteobacteria;o__Enterobacterales;f__Enterobacteriaceae;g__Escherichia;s__Escherichia_coli	k__Bacteria;p__Firmicutes;c__Clostridia;o__Clostridiales;f__Ruminococcaceae;g__Anaerotruncus;s__Anaerotruncus_colihominis	k__Bacteria;p__Firmicutes;c__Clostridia;o__Clostridiales;f__Lachnospiraceae;g__Blautia;s__Blautia_obeum	k__Bacteria;p__Bacteroidetes;c__Bacteroidia;o__Bacteroidales;f__Odoribacteraceae;g__Odoribacter;s__Odoribacter_laneus	k__Bacteria;p__Firmicutes;c__Clostridia;o__Clostridiales;f__Ruminococcaceae;g__Ruminiclostridium;s__[Clostridium]_leptum	k__Bacteria;p__Bacteroidetes;c__Bacteroidia;o__Bacteroidales;f__Porphyromonadaceae;g__Parabacteroides;s__Parabacteroides_goldsteinii	k__Bacteria;p__Firmicutes;c__Clostridia;o__Clostridiales;f__Lachnospiraceae;g__Anaerostipes;s__Anaerostipes_hadrus	k__Bacteria;p__Firmicutes;c__Clostridia;o__Clostridiales;f__Ruminococcaceae;g__Ruminococcus;s__Ruminococcus_lactaris	k__Bacteria;p__Firmicutes;c__Clostridia;o__Clostridiales;f__Clostridiaceae;g__Clostridium;s__Clostridium_sp._L2-50	k__Bacteria;p__Firmicutes;c__Clostridia;o__Clostridiales;f__Clostridiaceae;g__Clostridium;s__Clostridium_sp._M62/1	k__Bacteria;p__Firmicutes;c__Clostridia;o__Clostridiales;f__;g__Intestinimonas;s__Intestinimonas_butyriciproducens	k__Bacteria;p__Actinobacteria;c__Actinobacteria;o__Bifidobacteriales;f__Bifidobacteriaceae;g__Bifidobacterium;s__Bifidobacterium_bifidum	k__Bacteria;p__Firmicutes;c__Negativicutes;o__Veillonellales;f__Veillonellaceae;g__Dialister;s__Dialister_invisus	k__Bacteria;p__Bacteroidetes;c__Bacteroidia;o__Bacteroidales;f__Bacteroidaceae;g__Bacteroides;s__Bacteroides_salanitronis
k__Bacteria;p__Bacteroidetes;c__Bacteroidia;o__Bacteroidales;f__Bacteroidaceae;g__Bacteroides;s__Bacteroides_vulgatus	1.0	0.0116705527465	0.0267897551208	-0.000875456686744	-0.00143521510461	-0.0222711936707	-0.00404260843322	0.0155862245887	-0.00296451725524	0.0211977132717	0.0177315085743	-0.0201146810907	0.0525343908362	0.00476308922921	-0.0288877613937	-0.033932650255	0.0284787962379	-0.0203165899253	-0.0196866406187	-0.0194857643241	-0.00759394721185	-0.0599042658956	0.031346124965	-0.0214072244069	-0.000222466577577	0.0319468215439	-0.00638967052992	0.00878174075083	-0.0105278723457	-0.00912450817562	0.0434327263112	0.010668341295	-0.0353795699503	-0.0476111934327	-0.067629110458	-0.0105626322094	0.0437522252057	0.012461061017	-0.0100776516582	-0.0290465434092	0.041256459116	0.00460604995466	-0.00686799781597	-0.037746673183	-0.00481783958105	-0.0243082146986	-0.0505687947745	-0.0166898964326	-0.0186138517449	0.0154981957181	0.0246261864251	-0.000215458640184	0.0346565490763	0.0140895590467	-0.0182700774658	0.0508206643934	0.0127170680246	-0.0384631537171	-0.0200582960766
k__Bacteria;p__Bacteroidetes;c__Bacteroidia;o__Bacteroidales;f__Bacteroidaceae;g__Bacteroides;s__Bacteroides_uniformis	0.0116705527465	1.0	-0.00888331663313	0.0334170532124	-0.0107074901543	-0.0436373595949	-0.0982877747667	0.0325903765546	0.0257053014527	-0.0437503521969	-0.0322637914564	0.00186169790122	-0.0620578382643	-0.00657665458953	-0.0151151179102	-0.0133764326799	0.0107249694888	0.00606819647642	-0.0037686987948	-0.0421923113877	-0.0743977962462	-0.0107732082346	0.00717097075433	-0.00702280777565	-0.00656230232765	-0.0232977319394	0.000610063634962	-0.00550124653312	0.01155274096	-0.00851651405683	-0.0177574065646	-0.0146441169606	0.0192824309605	0.0464100720048	0.0273387426427	0.00020919873143	0.0327301559044	0.0289785240619	-0.00829682956656	0.000491047926656	-0.0278155944698	-0.0159344110989	-0.0245715114604	-0.0375422021519	0.0114110143464	0.0232056277934	-0.0135664832615	0.0332170495086	-0.0212639746416	-0.0272314751627	-0.0585383490389	-0.0446158486334	-0.0337055830889	0.0110130186598	-0.0443695588874	-0.0246746652459	0.00481749986099	-0.0423963915952	0.0316027844726
k__Bacteria;p__Bacteroidetes;c__Bacteroidia;o__Bacteroidales;f__Rikenellaceae;g__Alistipes;s__Alistipes_putredinis	0.0267897551208	-0.00888331663313	1.0	-0.0583564044333	0.0151260168285	0.00652856051778	-0.0125808404628	0.0406602056768	0.0667722357637	-0.0119906579085	-0.00586456187544	-0.054692666882	-0.0138318846637	-0.0216345607791	-0.0292916630315	-0.0268026754169	0.0224170945265	0.0216184564232	-0.00563628318861	0.0296109712049	-0.0164167904603	-0.0036729556535	0.00818069723546	-0.038838894366	-0.0352198450819	0.0128255752138	-0.0139995950381	-0.0218283463846	0.0749167937744	-0.0278866292632	0.0128020879281	-0.00022408131759	-0.00845727503383	-0.0761998511231	0.0478832610195	0.0144570579606	-0.0568788873606	-0.00218566061736	0.00177800962112	-0.0216581835227	0.0119264961304	-0.0142534516551	-0.0300586251682	-0.0727312282234	-0.000175878597053	-0.0356922541562	-0.00909994767322	0.000512354412613	0.0335283156631	-0.0154395707082	-0.104553596651	-0.0310565645471	-0.0287484374605	0.0678150487476	0.0142910746512	-0.0593052285036	-0.00353303670593	0.0133455986749	-0.0566888299466
k__Bacteria;p__Bacteroidetes;c__Bacteroidia;o__Bacteroidales;f__Prevotellaceae;g__Prevotella;s__Prevotella_copri	-0.000875456686744	0.0334170532124	-0.0583564044333	1.0	0.0367860125845	0.00254121032816	-4.51393668564e-05	0.0322140691941	-0.0220511108644	0.00471725824167	0.00280073750043	0.0159532260523	-0.0340904692334	-0.0327977915558	0.0189356768296	-0.00952250514066	0.0113513401086	0.034383698386	-0.00923760162323	-0.0246531197156	-0.0344795390043	0.027589208265	-0.0651438505915	-0.0186397182379	0.0085000038104	0.00195105218508	-0.039711255277	-0.0132830243969	-0.0274674590499	0.0155089925627	-0.0103615623407	-0.0743266555408	0.00607612502563	0.0315096611078	0.0548304259908	0.0464337651051	-0.036823533922	0.0115297467789	0.0237739371203	0.0520493567418	-0.0736268687332	-0.0370718460684	-0.00892357072347	-0.0221225921899	-0.0360883868897	0.0148599332602	-0.0283935236312	-0.0583549151634	0.0154468644502	-0.0217954420236	0.0085711743592	0.00419506973872	-0.0566780150065	-0.0285956290589	0.0227492597082	-0.0037571737081	0.00165341998418	0.00440877277203	-0.0343213715493
k__Bacteria;p__Bacteroidetes;c__Bacteroidia;o__Bacteroidales;f__Bacteroidaceae;g__Bacteroides;s__Bacteroides_stercoris	-0.00143521510461	-0.0107074901543	0.0151260168285	0.0367860125845	1.0	-0.00635219538546	-0.0448421515629	-0.0107453664637	-0.0200793929573	0.0383286811876	-0.0241169808268	-0.0138873800689	-0.0142275916558	-0.0130938810999	0.0448686701371	0.0541713409699	0.0164768000617	0.013954420711	0.00590287931301	-0.0332803162702	0.0166862330551	0.0750336983672	0.00853139769477	-0.0215921137381	0.00366862989371	-0.0489483139777	0.0879390760896	-0.0292236687051	-0.0198568837201	-0.00831151925612	0.0065056546906	-0.0252294315743	-0.0481415401551	-0.0296642010323	0.00493707502065	-0.0594071774786	0.0147514983486	0.000999794080315	0.0277165462356	-0.0239320760092	0.00953828568479	-0.0413024574065	0.0320923269692	-0.0385052755258	0.00592680013837	-0.0408032251557	0.035053270951	-0.106828905028	-0.0265528290509	-0.0185785151703	0.026775657465	0.0137822057905	0.0240605896753	0.027022682485	-0.0480210684594	-0.019072054764	-0.00203665370687	-0.0398358402063	-0.017344654517
k__Bacteria;p__Bacteroidetes;c__Bacteroidia;o__Bacteroidales;f__Bacteroidaceae;g__Bacteroides;s__Bacteroides_ovatus	-0.0222711936707	-0.0436373595949	0.00652856051778	0.00254121032816	-0.00635219538546	1.0	0.0179836134411	0.0264622397023	-0.0455152201792	-0.0223747185735	-0.0261909952448	0.0374759308526	0.0809243454217	-0.0483384700012	-0.00614622447817	0.00545972426867	0.00567248278803	0.0174223106114	-0.0213947792158	0.00248930462568	0.0227558554138	0.019943570258	0.0247530467743	0.0137539614263	-0.0207251024829	-0.0241986174735	0.0343345569467	-0.0399523009636	0.0182803599062	-0.00297366075687	0.0159577376932	0.0839219254548	0.0408179958725	-0.0353136334588	-0.0316065886488	-0.014353304306	-0.0181243674033	-0.01256231193	0.0383618715832	0.0322066895182	0.0225808890355	0.0158867854523	-0.017994271009	-0.0143600873403	-0.00496647440091	-0.00393613991952	0.00942665157842	0.0499538192191	0.0194664398759	-0.0550565987574	0.0070314029111	-0.0294813511244	-0.0122334786041	-0.07956208609	-0.0479895521008	0.00182862647712	0.0139415369084	-0.0365105993479	-0.0801063696514
k__Bacteria;p__Bacteroidetes;c__Bacteroidia;o__Bacteroidales;f__Rikenellaceae;g__Alistipes;s__Alistipes_shahii	-0.00404260843322	-0.0982877747667	-0.0125808404628	-4.51393668564e-05	-0.0448421515629	0.0179836134411	1.0	0.00451083484287	-0.0177120542886	-0.0129636964397	-0.0673934028134	-0.0113519041672	-0.0324270812691	-0.0175534120392	-0.0210092566787	0.0162372738232	0.0309463123995	-0.0275321084143	-0.0185641283027	-0.0629639472101	-0.0148356673585	-0.0170327827598	-0.0138918318114	-0.00421959414022	-0.0426014565901	0.0354938983172	0.0093510737508	0.00916453837095	0.0146511985743	-0.000964150499241	-0.0321436244589	-0.00513693667112	0.0595117753236	0.032361994155	-0.0112352548461	-0.00439985152793	-0.0303192362064	-0.0272354471981	-0.0283617294433	-0.0264546754246	-0.0395493526456	-0.0463698022555	-0.0513740141633	0.00191936500897	0.0272193865718	0.02059301495	-0.0473721584164	-0.015924693236	-0.0234126141225	0.0719486213563	0.0017528533825	-0.024756331895	-0.0163563970569	-0.00672351657067	0.0690902338055	0.000589561377779	-0.01137780596	0.0106030384012	-0.0396617218102
k__Bacteria;p__Firmicutes;c__Clostridia;o__Clostridiales;f__Ruminococcaceae;g__Faecalibacterium;s__Faecalibacterium_prausnitzii	0.0155862245887	0.0325903765546	0.0406602056768	0.0322140691941	-0.0107453664637	0.0264622397023	0.00451083484287	1.0	-0.100221016926	-0.0295681266339	0.0313318353854	-0.00384707634028	-0.00491642674967	0.0029933523003	0.027000903355	0.00254565018355	0.0567470729889	-0.0176784176224	0.0299095528312	0.00804086399056	-0.0115784216905	0.0286051283077	-0.00622710628294	0.0303072036912	0.00921907902091	-0.0435356465935	-0.00196758675878	0.0435912615146	-0.0608952772811	-0.041375233956	-0.0366524903315	-0.0406800049502	-0.0314457279898	-0.0629278988843	-0.0303438227662	-0.0216728190394	-0.00347370418757	-0.0066107448252	0.0180406605683	-0.0655651174869	-0.0848681650629	0.0149403574342	0.0287167825235	-0.0127291819744	-0.0177819533716	-0.0326124780515	0.0442183945437	-0.0108418760347	-0.0141932559743	0.0522567329509	0.0312958344119	0.00191278452436	0.0449630182519	0.000283765859178	0.0147191588216	-0.0112476284041	-0.0529027281338	0.0167096531219	-0.0402789895021
k__Bacteria;p__Bacteroidetes;c__Bacteroidia;o__Bacteroidales;f__Rikenellaceae;g__Alistipes;s__Alistipes_finegoldii	-0.00296451725524	0.0257053014527	0.0667722357637	-0.0220511108644	-0.0200793929573	-0.0455152201792	-0.0177120542886	-0.100221016926	1.0	-0.0163618243284	0.0509911116656	-0.0178268158701	0.0103344179744	0.00719556871896	-0.0120195990449	-0.0693967373497	0.0210556409524	-0.0395693460695	-0.0108582270464	-0.0407213676001	-0.0441532841121	-0.0076972985791	-0.0765767319667	-0.0721150295633	0.00723256789673	0.0410013640477	-0.0167285101606	0.00408082219012	0.0553670264792	0.0106079123913	-0.0238650814841	-0.00247532093443	-0.0315205541254	-0.0343579561343	-0.00401052306797	0.0202433629717	-0.0121307580678	0.0378811921145	0.00239971811278	-0.057880970673	-0.0272646370797	0.0193211961771	0.0249979055354	0.00227645345956	0.022676366876	-0.0580293988085	-0.0117681634876	-0.00366996787341	-0.0320008145857	0.00656815187871	-0.0128372318953	0.0144221259235	-0.0722612439727	0.0392147311433	-0.00219091243786	-0.00341348610471	0.0366752976409	0.00919937366583	0.00383518715858
k__Bacteria;p__Bacteroidetes;c__Bacteroidia;o__Bacteroidales;f__Porphyromonadaceae;g__Parabacteroides;s__Parabacteroides_distasonis	0.0211977132717	-0.0437503521969	-0.0119906579085	0.00471725824167	0.0383286811876	-0.0223747185735	-0.0129636964397	-0.0295681266339	-0.0163618243284	1.0	-0.0209302610865	-0.0302780628451	-0.00136693146853	0.000962475814101	0.0388615215758	-0.00337793457756	-0.0180888646066	-5.92447826673e-06	0.0128062939509	0.0564212762453	0.0415617726285	-0.0158995662153	-0.060721175402	0.00447867307714	-0.0283051384496	0.017699414364	-0.0299346073475	0.0680410428854	-0.0457075665815	-0.00927307821694	-0.0283440402373	0.0182360538843	-0.0441935350714	-0.0871104054759	-0.0468516541093	0.0144485082852	0.00263717943021	-0.0117124815413	0.0370067324564	-0.0187148042837	-0.0455174209134	-0.0315571727544	-0.0163273576152	0.0392962806618	0.0295746975275	0.00471021048229	0.0270633108274	-0.0289531682116	-0.00509671482414	-0.0181360063738	-0.0261937472292	0.0364683549345	0.0446440738802	-0.018720952863	-0.026274394466	-0.0130673588186	0.0655836984386	0.0118708317052	0.00916627390944
k__Bacteria;p__Bacteroidetes;c__Bacteroidia;o__Bacteroidales;f__Bacteroidaceae;g__Bacteroides;s__Bacteroides_thetaiotaomicron	0.0177315085743	-0.0322637914564	-0.00586456187544	0.00280073750043	-0.0241169808268	-0.0261909952448	-0.0673934028134	0.0313318353854	0.0509911116656	-0.0209302610865	1.0	-0.00588395402281	-0.0283260580956	0.0669212972558	-0.0409729904647	-0.00701584223604	-0.0288089799293	-0.0497572312526	0.047709171587	-0.0160875678172	0.0163928311738	0.0109073395022	-0.0312434620809	0.0757590776201	-0.0212794006995	0.043809843559	-0.00156686861036	-0.032482254296	-0.0436526249817	-0.0106069744136	-0.0465427018087	0.017053141902	0.0069983630846	-0.0138240493831	0.0131901256558	0.0201579420807	0.0110227381514	-0.0559652444544	-0.0458504116499	-0.00922278702407	0.0288300382787	0.0192352840333	-0.0184794939759	-0.0039267224151	-0.032236122586	-0.0661926153237	-0.0694173840561	-0.0184584443948	0.00132825287656	-0.0444751659383	-0.0450762188254	-0.0396104974115	0.0270012664347	0.0635274018962	-0.0114616609932	-0.0401570767821	-0.0239954872008	0.0887003193472	0.0264511283453
k__Bacteria;p__Bacteroidetes;c__Bacteroidia;o__Bacteroidales;f__Bacteroidaceae;g__Bacteroides;s__Bacteroides_coprocola	-0.0201146810907	0.00186169790122	-0.054692666882	0.0159532260523	-0.0138873800689	0.0374759308526	-0.0113519041672	-0.00384707634028	-0.0178268158701	-0.0302780628451	-0.00588395402281	1.0	-0.0191860772653	-0.029652283986	-0.0225271941481	0.0176711719551	0.0319015273801	0.0165067473467	0.0304325591565	0.00582389184102	0.00247508187214	-0.0546610266463	-0.0320781505587	0.0269090438067	0.0246488478641	0.0253665212426	-0.0194215942399	0.00457805939769	-0.00876870068877	-0.0644930615749	0.0366192734512	-0.0205457154764	-0.0304550707048	-0.0242785802826	-0.0579815834176	-0.0320833893451	0.00787909934396	0.0300085478428	-0.0115204938534	-0.0287441718656	-0.0260265794538	-0.0227035709441	-0.0404338897313	-0.0407329979464	-0.0347597304582	-0.00589614282825	-0.00418062436439	-0.025267019735	-0.0394213913946	0.000882591424835	-0.0174310975941	0.00516848820954	0.0430724452435	-0.0375387464281	-0.0217534294815	-0.0452611282706	0.0117042665214	0.0141838613112	-0.00882266397934
k__Bacteria;p__Bacteroidetes;c__Bacteroidia;o__Bacteroidales;f__Bacteroidaceae;g__Bacteroides;s__Bacteroides_cellulosilyticus	0.0525343908362	-0.0620578382643	-0.0138318846637	-0.0340904692334	-0.0142275916558	0.0809243454217	-0.0324270812691	-0.00491642674967	0.0103344179744	-0.00136693146853	-0.0283260580956	-0.0191860772653	1.0	0.0483333178314	0.0251213045002	0.0297028726058	0.0175893731819	0.0368948909192	-0.0386835473336	0.00145871173133	-0.00923041864158	-0.00979120600606	-0.0811302123276	0.00940664524165	-0.0275928513242	-0.037476771846	-0.0173394151804	0.0348340250773	0.0314452867251	-0.0045780903129	0.034235169848	0.0227563025384	-0.0307208881477	-0.0450622065548	-0.00624452346648	0.00639358984983	0.00957001589622	-0.00533356522632	0.0102072787296	-0.0369238912195	0.00242457895172	-0.0288852188084	0.0433273714746	0.0136018253124	-0.0403054890365	-0.0332765900711	0.00234529404867	-0.0124655509034	-0.0499362765943	0.0113062939498	0.011201359168	-0.0103824819327	0.00789993452443	-0.0135506099233	-0.00571440256197	0.0544637220568	-0.035014007421	-0.0717855522764	-0.0361467471309
k__Bacteria;p__Bacteroidetes;c__Bacteroidia;o__Bacteroidales;f__Rikenellaceae;g__Alistipes;s__Alistipes_obesi	0.00476308922921	-0.00657665458953	-0.0216345607791	-0.0327977915558	-0.0130938810999	-0.0483384700012	-0.0175534120392	0.0029933523003	0.00719556871896	0.000962475814101	0.0669212972558	-0.029652283986	0.0483333178314	1.0	-0.0465238668336	-0.0279772871022	-0.0297954492311	-0.0453963526321	0.0100436831473	-0.00615130545917	-0.0131644527184	0.0322902864531	-0.0247959911421	-0.034325899733	0.032457183441	-0.0350851098006	-0.0346086093686	-0.0201909077124	0.0395398484693	-0.0113222203359	0.022787808446	0.00338766877411	0.00369617977949	-0.0458332734802	0.0196962454459	-0.0195735083532	-0.00128740184622	-0.0766496006726	-0.0281688576826	-0.00514365756398	0.0129540034698	-0.0322474875925	0.00807498579661	0.00655764247367	0.056869695383	-0.0183584192177	-0.00210493155467	0.0460177983425	0.0528274511418	-0.0225507027068	0.0135651669449	-0.0224508072027	-0.0317258336262	0.0395428387912	-0.041851175382	0.0547583488285	-0.0352098230833	-0.0798501399783	-0.0531832726569
k__Bacteria;p__Firmicutes;c__Clostridia;o__Clostridiales;f__Lachnospiraceae;g__;s__[Eubacterium]_rectale	-0.0288877613937	-0.0151151179102	-0.0292916630315	0.0189356768296	0.0448686701371	-0.00614622447817	-0.0210092566787	0.027000903355	-0.0120195990449	0.0388615215758	-0.0409729904647	-0.0225271941481	0.0251213045002	-0.0465238668336	1.0	-0.0137779709205	-0.0799208392998	-0.0247134445518	-0.0262888307744	-0.013257775404	-0.0264724795291	0.0660594488021	0.0121424569238	-0.00511170687817	0.0625138564197	0.052985432609	-0.0570275743781	0.0377545651245	-0.0690805800797	0.0111510674809	0.0493570184905	-0.00314235508543	-0.00316462319018	-0.0240028633688	-0.03937906523	-0.0403177032118	-0.00874101540197	0.029876476104	-0.0435153954073	-0.0289015955781	-0.0436136662427	-0.0657848958645	-0.0201905709169	-0.0193060166929	0.0600270880992	-0.00519511180812	-0.00543645542323	-0.029374218387	-0.0149755028193	0.0155118854688	0.0595329788925	0.0181788705723	0.0249247406853	-0.00167899901051	-0.0260083620939	-0.0398751578389	-0.0238855639186	0.0446507583232	-0.0312851625505
k__Bacteria;p__Bacteroidetes;c__Bacteroidia;o__Bacteroidales;f__Bacteroidaceae;g__Bacteroides;s__Bacteroides_plebeius	-0.033932650255	-0.0133764326799	-0.0268026754169	-0.00952250514066	0.0541713409699	0.00545972426867	0.0162372738232	0.00254565018355	-0.0693967373497	-0.00337793457756	-0.00701584223604	0.0176711719551	0.0297028726058	-0.0279772871022	-0.0137779709205	1.0	0.0244226665721	-0.0284898302749	-0.0473945474653	0.0328986437159	0.013619482904	-0.0489811070948	0.0505027824133	0.00372708918418	-0.0756007906772	0.0047930534325	-0.00486015373012	-0.0327378068385	-0.0420988525364	-0.0349705008073	-0.00908954155032	-0.0217055165431	-0.00997802492238	0.0660909212951	0.0528016680442	0.00277859080873	-0.0453844456226	-0.0355318808984	-0.0179324065835	-0.0538275498801	0.0063785623383	0.0554163853505	-0.0228899416447	0.0014550539507	0.00853485562552	0.00839127624693	-0.0126823775078	0.00190906737535	-0.0215485717977	-0.00423314635283	-0.0516898678571	-0.0337894030947	-0.0456703695491	0.0233851556523	-0.0238328664764	-0.0471067846507	-0.00723980352989	-0.0517600035954	-0.0305926381176
k__Bacteria;p__Bacteroidetes;c__Bacteroidia;o__Bacteroidales;f__Bacteroidaceae;g__Bacteroides;s__Bacteroides_fragilis	0.0284787962379	0.0107249694888	0.0224170945265	0.0113513401086	0.0164768000617	0.00567248278803	0.0309463123995	0.0567470729889	0.0210556409524	-0.0180888646066	-0.0288089799293	0.0319015273801	0.0175893731819	-0.0297954492311	-0.0799208392998	0.0244226665721	1.0	-0.00895295452551	-0.0232296742487	-0.0223141318871	-0.0157128755176	0.0308594663324	-0.0682532108154	0.0749534820302	-0.00822992304263	-0.0115173677991	-0.0452590443614	-0.0762013013573	0.0584712365177	-0.0449755803458	0.0671766476592	-0.0031695009372	0.0198486935273	0.0140951360929	-0.0180562687421	-0.0361251831912	-0.0150726017626	0.00615496133455	-0.0257131294988	-0.0286016737995	0.014793609959	-0.0392918038027	0.00959213507292	-0.00213448081351	-0.0250375278808	0.0215204895216	-0.0265975331953	0.0280655187437	0.025739297531	-0.032201071601	-0.00386347421643	-0.0425558624534	0.0208507839401	-0.0663638319934	0.0171065103782	-0.0307519380454	-0.036320304617	-0.000243135864745	0.0254259216573
k__Bacteria;p__Proteobacteria;c__Betaproteobacteria;o__Burkholderiales;f__Sutterellaceae;g__Sutterella;s__Sutterella_wadsworthensis	-0.0203165899253	0.00606819647642	0.0216184564232	0.034383698386	0.013954420711	0.0174223106114	-0.0275321084143	-0.0176784176224	-0.0395693460695	-5.92447826673e-06	-0.0497572312526	0.0165067473467	0.0368948909192	-0.0453963526321	-0.0247134445518	-0.0284898302749	-0.00895295452551	1.0	-0.0388067101965	0.0108735845479	-0.0476237793128	-0.0212335865217	-0.0123795961238	-0.0266629060413	-0.0329289141416	-0.00187566050138	-0.0299501653001	-0.0193518075421	-0.0072613526734	0.012466465319	-0.0411811857028	-0.0243714986243	0.0121894424429	0.0606637264239	0.0286958276399	-0.0115359197492	-0.00903313604203	-0.028827916484	-0.00701485886953	-0.021101958007	-5.75142378344e-05	0.0072363058933	-0.0379788469267	0.0128916434659	0.0294695466087	0.0145547602326	-0.0843908412165	-0.0242251369828	0.0194712621279	0.00529747713891	0.00621937575627	0.0298099692497	0.00299845657495	-0.00668002366854	-0.0263255848138	0.00898116572022	-0.0179507022434	-0.0255845267492	0.0349544361065
k__Bacteria;p__Bacteroidetes;c__Bacteroidia;o__Bacteroidales;f__Porphyromonadaceae;g__Barnesiella;s__Barnesiella_intestinihominis	-0.0196866406187	-0.0037686987948	-0.00563628318861	-0.00923760162323	0.00590287931301	-0.0213947792158	-0.0185641283027	0.0299095528312	-0.0108582270464	0.0128062939509	0.047709171587	0.0304325591565	-0.0386835473336	0.0100436831473	-0.0262888307744	-0.0473945474653	-0.0232296742487	-0.0388067101965	1.0	0.0439185904173	0.0114985915236	0.0186210394182	-0.0376985596672	-0.0668322988726	0.0272977026127	0.00745311272447	-0.0190523078405	0.0054905201001	0.0362212899848	0.0501817038654	0.00522833011067	0.0561891528028	-0.0878508796132	-0.0036679028068	-0.0406985005811	-0.0656741903309	-0.0532087414025	0.0201626580846	0.0285907585231	0.0125016301032	-0.0344138864444	-0.0117239177413	0.0238914664289	-0.0639108535843	-0.0537219185453	-0.0186300132624	0.0306452576352	0.000962569538897	0.00713342992509	-0.0423441286428	-0.0189397873879	-0.000563835869792	-0.0281622856701	0.00710862355309	-0.0300397610608	-0.00863584395752	-0.0281362917186	0.00877954082906	-0.01634187437
k__Bacteria;p__Bacteroidetes;c__Bacteroidia;o__Bacteroidales;f__Odoribacteraceae;g__Odoribacter;s__Odoribacter_splanchnicus	-0.0194857643241	-0.0421923113877	0.0296109712049	-0.0246531197156	-0.0332803162702	0.00248930462567	-0.0629639472101	0.00804086399056	-0.0407213676001	0.0564212762453	-0.0160875678172	0.00582389184102	0.00145871173133	-0.00615130545917	-0.013257775404	0.0328986437159	-0.0223141318871	0.0108735845479	0.0439185904173	1.0	0.00135545769525	-0.0335145076511	-0.0143875956153	0.00313741741672	-0.0269206513765	-0.021995431994	-0.0593581262519	-0.00671328598874	-0.0518756809827	0.051757823668	0.0291336405702	-0.00448260453734	-0.0130526006328	-0.030745479062	-0.0330726610512	-0.0340800371464	0.103735694126	0.0465523087974	0.042527295062	-0.00161289552681	0.037022527875	-0.0109796629373	-0.0144851533319	0.00113714497446	-0.0220419086317	-0.0690582342717	0.0112764736268	0.00603882861248	-0.00700912350332	0.00196638403748	-0.0610262293932	0.0892220891485	-0.0356994033866	0.0128905565384	-0.0603569851926	-0.0771617322035	0.0360831327889	0.0279498317845	0.0169655122488
k__Bacteria;p__Bacteroidetes;c__Bacteroidia;o__Bacteroidales;f__Bacteroidaceae;g__Bacteroides;s__Bacteroides_salyersiae	-0.00759394721185	-0.0743977962462	-0.0164167904603	-0.0344795390043	0.0166862330551	0.0227558554138	-0.0148356673585	-0.0115784216905	-0.0441532841121	0.0415617726285	0.0163928311738	0.00247508187214	-0.00923041864158	-0.0131644527184	-0.0264724795291	0.013619482904	-0.0157128755176	-0.0476237793128	0.0114985915236	0.00135545769525	1.0	0.0527772764756	-0.00255683353743	0.0423242490299	0.0332001935241	-0.0104080121736	-0.0335236891396	-0.0305405638657	-0.0476732829008	0.00742654310073	0.0332002678036	0.00695519645645	-0.00782534914718	-0.0430542310502	-0.0144547052246	-0.0626946353733	0.0348394659002	0.0193799707657	-0.0150950340551	0.0485029768807	0.050275521665	-0.0927856415151	-0.0709791174361	-0.0100279195901	-0.0159040508586	0.013076905615	0.00598687849525	-0.0197432480939	-0.0381050707812	-0.00379440197196	-0.0457578821398	-0.00918205057225	-0.00985657453275	-0.0260523071866	-0.0387230880295	-0.00681803070758	0.030639394146	0.0522121767789	-0.000206057115437
k__Bacteria;p__Firmicutes;c__Clostridia;o__Clostridiales;f__Ruminococcaceae;g__Ruminiclostridium;s__[Eubacterium]_siraeum	-0.0599042658956	-0.0107732082346	-0.0036729556535	0.027589208265	0.0750336983672	0.019943570258	-0.0170327827598	0.0286051283077	-0.0076972985791	-0.0158995662153	0.0109073395022	-0.0546610266463	-0.00979120600606	0.0322902864531	0.0660594488021	-0.0489811070948	0.0308594663324	-0.0212335865217	0.0186210394182	-0.0335145076511	0.0527772764756	1.0	-0.108229135019	-0.0178250643615	0.00704136248341	-0.074989645184	-0.0190365861725	-0.0412757326047	-0.0286487238356	0.0142928737932	-0.0130958812569	0.00526413623076	-0.0283548708612	0.0114208425778	0.013461887776	-0.0519833301394	-0.0267344977096	-0.00705283920986	-0.0352744330945	0.0855288322886	0.0374069946209	-0.0265564329184	-0.00247006665439	0.0409330227642	-0.000556796422898	-0.0481794390379	0.0285021819124	0.00163090619129	0.0122366573447	0.0091008699708	0.0164242200902	-0.041750589366	0.0430826209214	0.0336871742794	-0.0532473791609	0.0261849250772	-0.0348981412306	0.0168782411251	-0.0725384342256
k__Bacteria;p__Proteobacteria;c__Betaproteobacteria;o__Burkholderiales;f__Sutterellaceae;g__Parasutterella;s__Parasutterella_excrementihominis	0.031346124965	0.00717097075433	0.00818069723546	-0.0651438505915	0.00853139769477	0.0247530467743	-0.0138918318114	-0.00622710628294	-0.0765767319667	-0.060721175402	-0.0312434620809	-0.0320781505587	-0.0811302123276	-0.0247959911421	0.0121424569238	0.0505027824133	-0.0682532108154	-0.0123795961238	-0.0376985596672	-0.0143875956153	-0.00255683353743	-0.108229135019	1.0	-0.0139700728435	0.0141655698569	0.0157147286676	-0.0287134532657	-0.0014303713667	0.025248042253	-0.0086465163574	0.00667718061468	-0.0180950201868	-0.040221398095	0.0369082977861	0.0250992283073	-0.0381958510482	0.014645810101	-0.0602678207823	-0.00803595724748	-0.0177404057989	0.0216611255586	0.0479906763924	-0.000616660336176	-0.0526086499443	-0.0346274912332	0.0313757808044	-0.00931012691517	0.0559298994828	-0.027544610905	0.0169343317676	0.00974041540537	-0.0210505003932	0.00957559738263	0.0169210482441	0.0100843733473	-0.0454079892419	0.0324528620272	-0.0337866892688	0.0502483146193
k__Bacteria;p__Actinobacteria;c__Actinobacteria;o__Bifidobacteriales;f__Bifidobacteriaceae;g__Bifidobacterium;s__Bifidobacterium_adolescentis	-0.0214072244069	-0.00702280777565	-0.038838894366	-0.0186397182379	-0.0215921137381	0.0137539614263	-0.00421959414022	0.0303072036912	-0.0721150295633	0.00447867307714	0.0757590776201	0.0269090438067	0.00940664524165	-0.034325899733	-0.00511170687817	0.00372708918418	0.0749534820302	-0.0266629060413	-0.0668322988726	0.00313741741672	0.0423242490299	-0.0178250643615	-0.0139700728435	1.0	-0.0320250857604	0.0223827425077	-0.0573353645278	0.00357611464245	-0.00562565992402	-0.0615857058204	-0.0264206200681	-0.019465968833	0.0394724868314	-0.0135221750776	-0.00633348299544	0.00281987623431	0.0639724001416	-0.0194731962983	0.00675380509357	-0.0559882232124	-0.0027540637893	-0.0594473588532	-0.0207027218066	0.0425910320493	-0.0114601335396	-0.0624681722701	-0.0342180525067	-0.000643380879029	-0.0369800159218	0.0338924522867	-0.069408871152	-0.0406943357858	-0.0297828591841	0.0125052875195	0.0179512455572	-0.000649211305313	0.00529863329513	-0.0153598690035	0.0405032059567
k__Bacteria;p__Firmicutes;c__Clostridia;o__Clostridiales;f__Oscillospiraceae;g__Oscillibacter;s__Oscillibacter_sp._KLE_1745	-0.000222466577577	-0.00656230232765	-0.0352198450819	0.0085000038104	0.00366862989371	-0.0207251024829	-0.0426014565901	0.00921907902091	0.00723256789673	-0.0283051384496	-0.0212794006995	0.0246488478641	-0.0275928513242	0.032457183441	0.0625138564197	-0.0756007906772	-0.00822992304263	-0.0329289141416	0.0272977026127	-0.0269206513765	0.0332001935241	0.00704136248341	0.0141655698569	-0.0320250857604	1.0	-0.0314362613661	0.0185835460554	-0.0301940856774	0.0236665040238	-0.0548746494731	0.0251496332939	-0.00597735473831	-0.0176102868985	0.00604974737064	0.0361877731886	0.0217449627823	-0.0288597090381	-0.0240898402252	0.00357943825396	0.000336576249207	-0.0034236034175	0.00142545364417	-0.0321381757717	-0.0272429412032	-0.0256803050005	0.0502690670222	0.00554495762175	0.00621314319327	0.040708933263	-0.0138089699707	-0.00954951942893	0.0227880908606	-0.053505802333	-0.0287676001159	-0.0179601548372	-0.0176993742792	-0.0221385625841	-0.0141883476908	-0.0191209903452
k__Bacteria;p__Bacteroidetes;c__Bacteroidia;o__Bacteroidales;f__Bacteroidaceae;g__Bacteroides;s__Bacteroides_coprophilus	0.0319468215439	-0.0232977319394	0.0128255752138	0.00195105218508	-0.0489483139777	-0.0241986174735	0.0354938983172	-0.0435356465935	0.0410013640477	0.017699414364	0.043809843559	0.0253665212426	-0.037476771846	-0.0350851098006	0.052985432609	0.0047930534325	-0.0115173677991	-0.00187566050138	0.00745311272447	-0.021995431994	-0.0104080121736	-0.074989645184	0.0157147286676	0.0223827425077	-0.0314362613661	1.0	-0.0814992804897	-0.0362739730877	-0.0110874904517	-0.0225922762074	0.0239148405754	0.0214971674876	0.0243703293712	0.0275021590122	0.022866657784	-0.00199734591971	-0.0316280860572	0.0427001110738	-0.0154742074849	-0.027133733879	0.0108546043693	-0.0274774701807	0.00258567724057	-0.0256432417843	-0.0260539986788	-0.033625248756	-0.0160806036568	0.0263443529591	0.010267797032	0.0455748721126	-0.0496623742019	0.0171194673263	-0.00975719623482	-0.00484223770969	0.00336131569551	0.0118233141678	-0.025187436155	0.0126751734188	-0.0340423318049
k__Bacteria;p__Firmicutes;c__Clostridia;o__Clostridiales;f__Lachnospiraceae;g__Roseburia;s__Roseburia_intestinalis	-0.00638967052992	0.000610063634962	-0.0139995950381	-0.039711255277	0.0879390760896	0.0343345569467	0.0093510737508	-0.00196758675878	-0.0167285101606	-0.0299346073475	-0.00156686861036	-0.0194215942399	-0.0173394151804	-0.0346086093686	-0.0570275743781	-0.00486015373012	-0.0452590443614	-0.0299501653001	-0.0190523078405	-0.0593581262519	-0.0335236891396	-0.0190365861725	-0.0287134532657	-0.0573353645278	0.0185835460554	-0.0814992804897	1.0	0.0294596702195	0.01395579902	-0.0433145765073	0.00637617810738	-0.064606423787	0.0179210188214	0.012944472027	0.000425280969803	0.058623922211	-0.0037266420991	0.00544970266448	0.0463537730932	0.0194505883123	-0.0385999492287	0.0355376323778	0.0104173693136	0.0387031606364	-0.0657409958122	-0.00756490330619	-0.00699083860293	-0.0230595528105	0.0224661709449	0.0186103107656	0.0480830689402	-0.0261621367456	0.0105054999426	0.00482053056031	-0.00843595522151	-0.0320424000678	-0.0329785158929	-0.00134642482092	-0.0396609295417
k__Bacteria;p__Firmicutes;c__Clostridia;o__Clostridiales;f__Lachnospiraceae;g__Roseburia;s__Roseburia_hominis	0.00878174075083	-0.00550124653312	-0.0218283463846	-0.0132830243969	-0.0292236687051	-0.0399523009636	0.00916453837095	0.0435912615146	0.00408082219012	0.0680410428854	-0.032482254296	0.00457805939769	0.0348340250773	-0.0201909077124	0.0377545651245	-0.0327378068385	-0.0762013013573	-0.0193518075421	0.0054905201001	-0.00671328598874	-0.0305405638657	-0.0412757326047	-0.0014303713667	0.00357611464245	-0.0301940856774	-0.0362739730877	0.0294596702195	1.0	0.055470046893	-0.0137674785725	-0.0568950753901	0.0245834770225	0.0130175500774	-0.0538315921433	0.00932347305829	-0.0213259354812	0.00726205708075	-0.0264787869063	-0.00375991997068	-0.0204959617623	0.0141302676574	-0.00508562372491	-0.0244866665795	-0.00781955916113	-0.0274406940073	-0.0287809255758	-0.00142321159133	-0.0201928509248	-0.00482457598416	-0.0421157778301	-0.00738342906029	-0.0276805267489	-0.00836254686531	0.00634653632709	0.013175931318	0.00795337905319	-0.00890565760763	0.00720864277949	-0.00530849817028
k__Bacteria;p__Bacteroidetes;c__Bacteroidia;o__Bacteroidales;f__Porphyromonadaceae;g__Parabacteroides;s__Parabacteroides_johnsonii	-0.0105278723457	0.01155274096	0.0749167937744	-0.0274674590499	-0.0198568837201	0.0182803599062	0.0146511985743	-0.0608952772811	0.0553670264792	-0.0457075665815	-0.0436526249817	-0.00876870068877	0.0314452867251	0.0395398484693	-0.0690805800797	-0.0420988525364	0.0584712365177	-0.0072613526734	0.0362212899848	-0.0518756809827	-0.0476732829008	-0.0286487238356	0.025248042253	-0.00562565992401	0.0236665040238	-0.0110874904517	0.01395579902	0.055470046893	1.0	-0.0348260299142	-0.0338752615454	-0.00602790683579	-0.0209184964613	0.0270334264207	-0.0467130677395	-0.0692002244743	0.0114490806746	-0.0248208032802	0.0220789339498	-0.00594264124273	-0.00602943845511	0.00822839627609	0.0214921810317	0.0631799289423	-0.0137191978093	-0.0133724592726	-0.00874234747247	-0.0309818521525	0.0841999098735	-0.00193475762254	0.0118690463102	-0.0641526502297	0.00803363971792	-0.0206861792518	0.0594565628751	0.0306062964584	0.0263275095502	0.012659603631	-0.000857493966548
k__Bacteria;p__Actinobacteria;c__Actinobacteria;o__Bifidobacteriales;f__Bifidobacteriaceae;g__Bifidobacterium;s__Bifidobacterium_longum	-0.00912450817562	-0.00851651405683	-0.0278866292632	0.0155089925627	-0.00831151925612	-0.00297366075687	-0.000964150499241	-0.041375233956	0.0106079123913	-0.00927307821694	-0.0106069744136	-0.0644930615749	-0.0045780903129	-0.0113222203359	0.0111510674809	-0.0349705008073	-0.0449755803458	0.012466465319	0.0501817038654	0.051757823668	0.00742654310073	0.0142928737932	-0.0086465163574	-0.0615857058204	-0.0548746494731	-0.0225922762074	-0.0433145765073	-0.0137674785725	-0.0348260299142	1.0	-0.0439523363035	-0.0410450735691	0.0346213363461	0.0122694468288	-0.025204475531	0.0126155649375	-0.00160561880196	0.0120181571372	-0.033439244575	-0.0433442949164	0.00299267405733	-0.0373741762679	-0.0319437771585	0.0282547000706	0.0257611464767	-0.00968907413065	0.0288885276342	0.0549023532754	-0.070470708458	-0.0128705415605	-0.0320644451635	-0.0133987641354	0.012897065675	-0.0224815646054	-0.0434131402782	-0.00973934708981	-0.0359334719761	-0.00314818640288	0.0392909874294
