#taxonomy	k__Bacteria;p__Bacteroidetes;c__Bacteroidia;o__Bacteroidales;f__Bacteroidaceae;g__Bacteroides;s__Bacteroides_vulgatus	k__Bacteria;p__Bacteroidetes;c__Bacteroidia;o__Bacteroidales;f__Bacteroidaceae;g__Bacteroides;s__Bacteroides_uniformis	k__Bacteria;p__Bacteroidetes;c__Bacteroidia;o__Bacteroidales;f__Rikenellaceae;g__Alistipes;s__Alistipes_putredinis	k__Bacteria;p__Bacteroidetes;c__Bacteroidia;o__Bacteroidales;f__Prevotellaceae;g__Prevotella;s__Prevotella_copri	k__Bacteria;p__Bacteroidetes;c__Bacteroidia;o__Bacteroidales;f__Bacteroidaceae;g__Bacteroides;s__Bacteroides_stercoris	k__Bacteria;p__Bacteroidetes;c__Bacteroidia;o__Bacteroidales;f__Bacteroidaceae;g__Bacteroides;s__Bacteroides_ovatus	k__Bacteria;p__Bacteroidetes;c__Bacteroidia;o__Bacteroidales;f__Rikenellaceae;g__Alistipes;s__Alistipes_shahii	k__Bacteria;p__Firmicutes;c__Clostridia;o__Clostridiales;f__Ruminococcaceae;g__Faecalibacterium;s__Faecalibacterium_prausnitzii	k__Bacteria;p__Bacteroidetes;c__Bacteroidia;o__Bacteroidales;f__Rikenellaceae;g__Alistipes;s__Alistipes_finegoldii	k__Bacteria;p__Bacteroidetes;c__Bacteroidia;o__Bacteroidales;f__Porphyromonadaceae;g__Parabacteroides;s__Parabacteroides_distasonis	k__Bacteria;p__Bacteroidetes;c__Bacteroidia;o__Bacteroidales;f__Bacteroidaceae;g__Bacteroides;s__Bacteroides_thetaiotaomicron	k__Bacteria;p__Bacteroidetes;c__Bacteroidia;o__Bacteroidales;f__Bacteroidaceae;g__Bacteroides;s__Bacteroides_coprocola	k__Bacteria;p__Bacteroidetes;c__Bacteroidia;o__Bacteroidales;f__Bacteroidaceae;g__Bacteroides;s__Bacteroides_cellulosilyticus	k__Bacteria;p__Bacteroidetes;c__Bacteroidia;o__Bacteroidales;f__Rikenellaceae;g__Alistipes;s__Alistipes_obesi	k__Bacteria;p__Firmicutes;c__Clostridia;o__Clostridiales;f__Lachnospiraceae;g__;s__[Eubacterium]_rectale	k__Bacteria;p__Bacteroidetes;c__Bacteroidia;o__Bacteroidales;f__Bacteroidaceae;g__Bacteroides;s__Bacteroides_plebeius	k__Bacteria;p__Bacteroidetes;c__Bacteroidia;o__Bacteroidales;f__Bacteroidaceae;g__Bacteroides;s__Bacteroides_fragilis	k__Bacteria;p__Proteobacteria;c__Betaproteobacteria;o__Burkholderiales;f__Sutterellaceae;g__Sutterella;s__Sutterella_wadsworthensis	k__Bacteria;p__Bacteroidetes;c__Bacteroidia;o__Bacteroidales;f__Porphyromonadaceae;g__Barnesiella;s__Barnesiella_intestinihominis	k__Bacteria;p__Bacteroidetes;c__Bacteroidia;o__Bacteroidales;f__Odoribacteraceae;g__Odoribacter;s__Odoribacter_splanchnicus	k__Bacteria;p__Bacteroidetes;c__Bacteroidia;o__Bacteroidales;f__Bacteroidaceae;g__Bacteroides;s__Bacteroides_salyersiae	k__Bacteria;p__Firmicutes;c__Clostridia;o__Clostridiales;f__Ruminococcaceae;g__Ruminiclostridium;s__[Eubacterium]_siraeum	k__Bacteria;p__Proteobacteria;c__Betaproteobacteria;o__Burkholderiales;f__Sutterellaceae;g__Parasutterella;s__Parasutterella_excrementihominis	k__Bacteria;p__Actinobacteria;c__Actinobacteria;o__Bifidobacteriales;f__Bifidobacteriaceae;g__Bifidobacterium;s__Bifidobacterium_adolescentis	k__Bacteria;p__Firmicutes;c__Clostridia;o__Clostridiales;f__Oscillospiraceae;g__Oscillibacter;s__Oscillibacter_sp._KLE_1745	k__Bacteria;p__Bacteroidetes;c__Bacteroidia;o__Bacteroidales;f__Bacteroidaceae;g__Bacteroides;s__Bacteroides_coprophilus	k__Bacteria;p__Firmicutes;c__Clostridia;o__Clostridiales;f__Lachnospiraceae;g__Roseburia;s__Roseburia_intestinalis	k__Bacteria;p__Firmicutes;c__Clostridia;o__Clostridiales;f__Lachnospiraceae;g__Roseburia;s__Roseburia_hominis	k__Bacteria;p__Bacteroidetes;c__Bacteroidia;o__Bacteroidales;f__Porphyromonadaceae;g__Parabacteroides;s__Parabacteroides_johnsonii	k__Bacteria;p__Actinobacteria;c__Actinobacteria;o__Bifidobacteriales;f__Bifidobacteriaceae;g__Bifidobacterium;s__Bifidobacterium_longum	k__Bacteria;p__Firmicutes;c__Clostridia;o__Clostridiales;f__;g__Flavonifractor;s__Flavonifractor_plautii	k__Bacteria;p__Firmicutes;c__Clostridia;o__Clostridiales;f__Clostridiaceae;g__Clostridium;s__Clostridium_phoceensis	k__Bacteria;p__Verrucomicrobia;c__Verrucomicrobiae;o__Verrucomicrobiales;f__Akkermansiaceae;g__Akkermansia;s__Akkermansia_muciniphila	k__Bacteria;p__Bacteroidetes;c__Bacteroidia;o__Bacteroidales;f__Prevotellaceae;g__Paraprevotella;s__Paraprevotella_xylaniphila	k__Bacteria;p__Firmicutes;c__Clostridia;o__Clostridiales;f__Ruminococcaceae;g__Ruminococcus;s__Ruminococcus_callidus	k__Bacteria;p__Bacteroidetes;c__Bacteroidia;o__Bacteroidales;f__Rikenellaceae;g__Alistipes;s__Alistipes_senegalensis	k__Bacteria;p__Firmicutes;c__Clostridia;o__Clostridiales;f__Lachnospiraceae;g__Blautia;s__Blautia_sp._KLE_1732	k__Bacteria;p__Bacteroidetes;c__Bacteroidia;o__Bacteroidales;f__Bacteroidaceae;g__Bacteroides;s__Bacteroides_oleiciplenus	k__Bacteria;p__Firmicutes;c__Clostridia;o__Clostridiales;f__Ruminococcaceae;g__Ruminococcus;s__Ruminococcus_bicirculans	k__Bacteria;p__Bacteroidetes;c__Bacteroidia;o__Bacteroidales;f__Bacteroidaceae;g__Bacteroides;s__Bacteroides_fluxus	k__Bacteria;p__Bacteroidetes;c__Bacteroidia;o__Bacteroidales;f__Prevotellaceae;g__Prevotella;s__Prevotella_stercorea	k__Bacteria;p__Firmicutes;c__Clostridia;o__Clostridiales;f__Lachnospiraceae;g__Dorea;s__Dorea_longicatena	k__Bacteria;p__Firmicutes;c__Clostridia;o__Clostridiales;f__Eubacteriaceae;g__Eubacterium;s__[Eubacterium]_eligens	k__Bacteria;p__Firmicutes;c__Clostridia;o__Clostridiales;f__Ruminococcaceae;g__;s__Ruminococcaceae_bacterium_D16	k__Bacteria;p__Firmicutes;c__Clostridia;o__Clostridiales;f__Lachnospiraceae;g__Coprococcus;s__Coprococcus_comes	k__Bacteria;p__Proteobacteria;c__Gammaproteobacteria;o__Enterobacterales;f__Enterobacteriaceae;g__Escherichia;s__Escherichia_coli	k__Bacteria;p__Firmicutes;c__Clostridia;o__Clostridiales;f__Ruminococcaceae;g__Anaerotruncus;s__Anaerotruncus_colihominis	k__Bacteria;p__Firmicutes;c__Clostridia;o__Clostridiales;f__Lachnospiraceae;g__Blautia;s__Blautia_obeum	k__Bacteria;p__Bacteroidetes;c__Bacteroidia;o__Bacteroidales;f__Odoribacteraceae;g__Odoribacter;s__Odoribacter_laneus	k__Bacteria;p__Firmicutes;c__Clostridia;o__Clostridiales;f__Ruminococcaceae;g__Ruminiclostridium;s__[Clostridium]_leptum	k__Bacteria;p__Bacteroidetes;c__Bacteroidia;o__Bacteroidales;f__Porphyromonadaceae;g__Parabacteroides;s__Parabacteroides_goldsteinii	k__Bacteria;p__Firmicutes;c__Clostridia;o__Clostridiales;f__Lachnospiraceae;g__Anaerostipes;s__Anaerostipes_hadrus	k__Bacteria;p__Firmicutes;c__Clostridia;o__Clostridiales;f__Ruminococcaceae;g__Ruminococcus;s__Ruminococcus_lactaris	k__Bacteria;p__Firmicutes;c__Clostridia;o__Clostridiales;f__Clostridiaceae;g__Clostridium;s__Clostridium_sp._L2-50	k__Bacteria;p__Firmicutes;c__Clostridia;o__Clostridiales;f__Clostridiaceae;g__Clostridium;s__Clostridium_sp._M62/1	k__Bacteria;p__Firmicutes;c__Clostridia;o__Clostridiales;f__;g__Intestinimonas;s__Intestinimonas_butyriciproducens	k__Bacteria;p__Actinobacteria;c__Actinobacteria;o__Bifidobacteriales;f__Bifidobacteriaceae;g__Bifidobacterium;s__Bifidobacterium_bifidum	k__Bacteria;p__Firmicutes;c__Negativicutes;o__Veillonellales;f__Veillonellaceae;g__Dialister;s__Dialister_invisus	k__Bacteria;p__Bacteroidetes;c__Bacteroidia;o__Bacteroidales;f__Bacteroidaceae;g__Bacteroides;s__Bacteroides_salanitronis
k__Bacteria;p__Bacteroidetes;c__Bacteroidia;o__Bacteroidales;f__Bacteroidaceae;g__Bacteroides;s__Bacteroides_vulgatus	1.0	0.000179648614673	-0.00802941236771	0.00436303780834	-0.0199873600184	-0.0333964268084	0.0215943615521	0.0103619178829	0.000918451215164	-0.015465724465	-0.0118710901099	0.0149413193923	-0.0315950122885	-0.0442271582941	-0.000297839470383	0.000245830833129	-0.00399362714552	0.0317751646859	-0.0179123915757	-0.0280007688082	0.0113318393871	0.028298696842	-0.0478266111794	-0.00668473167641	-0.015080371851	-0.0736516191487	0.0323150764931	-0.00786540377456	-0.0376613925524	0.022524645502	0.00992721646146	-0.0062805213189	0.00375749890351	0.0170734232584	0.0086798222909	-0.0684225470186	-0.0342745767038	-0.0307741923819	0.0144422015617	0.0155331260658	0.00233950300313	-0.0021711617802	-0.00925816227285	0.00538353227531	-0.0573344642528	0.0303480523379	-0.0327694044979	0.0514575314629	-0.0123323991927	-0.0796358462485	0.0188082991886	-0.0554501544072	0.0374091650898	0.0353944129029	-0.0487070959861	-0.00961732737705	-0.0196089460513	-0.0174284587771	-0.0182393188152
k__Bacteria;p__Bacteroidetes;c__Bacteroidia;o__Bacteroidales;f__Bacteroidaceae;g__Bacteroides;s__Bacteroides_uniformis	0.000179648614673	1.0	-0.0785061217298	-0.0154609664661	-0.0126490284563	-0.00962252039761	-0.0418673979055	0.00277863064601	0.00395013386535	-0.0211224787383	0.00758904093676	-0.0052657113207	0.000613913086986	-0.0571724426017	-0.0048971623022	0.00438332686546	0.000530619594101	-0.0384395334889	-0.030831645906	-0.0137367360022	-0.0181058991704	0.0310010634814	-0.0121889854017	-0.0123949226137	0.050746679912	-0.0310221679998	0.0122423117194	-0.0386163058568	-0.00808610916388	-0.0183019398969	0.0339850413972	0.00727968534427	-0.036972563047	-0.0221397443971	-0.0265881869196	0.0355029916214	-0.00147798486643	-0.0232033758853	-0.00330985602855	0.0221014452731	-0.0473925234967	0.00156915898638	-0.0199750766207	-0.0173094763066	-0.000299736595582	-0.0151439691649	0.0596747122556	0.0107806963926	-0.00223840905318	0.0316982972446	-0.00390116710861	-0.0123778209118	-0.0123070322495	0.00843680731874	0.0204333142261	0.0024965954374	-0.0245522710905	0.0240070856254	0.0371160245436
k__Bacteria;p__Bacteroidetes;c__Bacteroidia;o__Bacteroidales;f__Rikenellaceae;g__Alistipes;s__Alistipes_putredinis	-0.00802941236771	-0.0785061217298	1.0	-0.0201868617348	0.0074200365856	-0.0241703486775	-0.00250557239354	-0.018859490764	0.00710255450321	0.0526972737314	-0.00653685002036	-0.0553198134144	-0.0349595924935	-0.0617158387001	0.013692527377	0.00380129039488	-0.0172500611416	0.0185518488819	0.0394430688132	-0.0213447987292	-0.0421126902941	0.0220134819917	0.0170801683302	0.0522999664232	-0.0286076539589	-0.0769092899214	-0.0206323306958	-0.0181880268356	-0.0022479300114	-0.00326227799761	0.0179099188251	0.00306454596621	0.0218696377308	-0.0330305175945	-0.0333786199911	0.000559334646644	0.0529743193583	0.0135567127191	0.069698169926	-0.0201261066928	-0.0711673205823	-0.0520606085436	-0.00608112096066	0.0276167605144	0.0143991258937	-0.0790411774022	0.0036600422675	-0.0444778084954	-0.0348149566623	-0.0319776759113	0.0160024345542	-0.0285092544435	-0.0147453685826	-0.0126882177943	0.0351388507208	-0.00913698919777	0.0118333777519	0.0337493715814	0.00795657664772
k__Bacteria;p__Bacteroidetes;c__Bacteroidia;o__Bacteroidales;f__Prevotellaceae;g__Prevotella;s__Prevotella_copri	0.00436303780834	-0.0154609664661	-0.0201868617348	1.0	0.0640371737774	-0.00433091421912	0.0032195303899	-0.00229730079526	-0.0226898662718	-0.0297384093539	-0.0470903462093	0.036520469939	-0.0424555158891	-0.0310372215864	-0.04663186659	-0.0257851490445	-0.0404639369773	0.0154835418043	-0.0190079618076	0.0108834491263	0.0271187011875	-0.0346096293702	0.0228615546608	0.0308097105698	-0.0137262968058	-0.0290488620097	-0.00708505049768	0.0153024988573	0.00313093305162	0.0088761366922	0.0165337529015	0.0653988270581	-0.0223522788554	0.0152006713822	0.0467734232743	-0.0199117271078	0.0070442940785	-0.0517486578045	0.0341002250752	-0.0367206744664	-0.0881569644391	-0.0218326062927	-0.0440992778816	0.0178010110412	0.0152945235636	0.0762577486753	-0.00682366120732	-0.0619416774932	-0.0323378344865	-0.0107179985608	0.0101663347054	-0.081347704698	0.0294550841841	-0.039423438765	-0.0626817705833	0.00410601345442	0.0131456004721	-0.00800635410007	0.0180953134815
k__Bacteria;p__Bacteroidetes;c__Bacteroidia;o__Bacteroidales;f__Bacteroidaceae;g__Bacteroides;s__Bacteroides_stercoris	-0.0199873600184	-0.0126490284563	0.0074200365856	0.0640371737774	1.0	-0.0134496584032	-0.0897264820694	-0.0196448499389	0.0258237316856	0.0677341826361	0.00713127911129	-0.0289417440209	-0.0272995673482	-0.00343392135015	-0.0361110596033	0.0618913172863	-0.0634659466862	0.0136771561007	0.0266711040709	-0.00951847397229	0.0106849585517	0.0112484094115	-0.0116383904537	0.010537417206	0.0104990092336	-0.0184692339445	-0.00238011739565	-0.0368875818672	0.0190816222819	0.0242164885666	-0.0160707751584	-0.0311428373289	-0.0253569215316	-0.0942939484653	0.00812319791267	-0.0328181786234	0.0296555635187	-0.0316603977783	-0.0832835156942	-0.0364588008042	-0.00864589939995	-0.00638740825971	-0.0497014391173	0.0405412023599	0.00168492083252	-0.0401597535197	-0.0177070609636	0.0461715006444	-0.0303714634043	0.0355998025481	-0.0396124469412	0.0441490658688	0.0244520691228	-0.0175696754307	0.0256643322021	-0.0393394444353	0.0157449684632	-0.0633144519182	-0.0524301760919
k__Bacteria;p__Bacteroidetes;c__Bacteroidia;o__Bacteroidales;f__Bacteroidaceae;g__Bacteroides;s__Bacteroides_ovatus	-0.0333964268084	-0.00962252039761	-0.0241703486775	-0.00433091421912	-0.0134496584032	1.0	0.00382320344069	-0.0334914570027	-0.014354110582	0.00708689891768	0.0256904807337	-0.000381995860992	-0.0116250948336	-0.0119328095734	-0.0226479769576	0.022783107805	0.028000383679	-0.0361401691843	-0.0371789776952	-0.0865492390453	0.0147212543684	0.0147710180146	0.00938648099371	0.00363008876606	0.0184148901407	0.0171914959079	-0.0545110875423	0.0269561093894	0.0330595261697	0.000967266874987	-0.0266039632363	-0.0312085202504	0.0200955626888	-0.0398845024778	-0.0445105358342	0.0187037490266	-0.00347457452552	-0.0285786125111	0.00663671150822	-0.00751413673258	0.0723641693036	0.00874500982618	0.00826668981209	0.00568577988089	-0.00970194518238	-0.0205779545273	0.0120475756334	0.0473945594041	-0.0212370448254	-0.0464911301239	0.0254150955113	0.0237491680107	-0.00472738144869	0.0293816576242	-0.0120197871567	0.0211119578988	-0.0416379903132	0.00900770440312	-0.048829306242
k__Bacteria;p__Bacteroidetes;c__Bacteroidia;o__Bacteroidales;f__Rikenellaceae;g__Alistipes;s__Alistipes_shahii	0.0215943615521	-0.0418673979055	-0.00250557239354	0.0032195303899	-0.0897264820694	0.00382320344069	1.0	0.00198808813879	-0.0197466153769	-0.0489527427947	0.0293749876143	-0.004367166028	0.00597419736074	-0.0198617313415	-0.0372779923104	-0.0402566403272	-0.00125603741638	0.00474916581666	-0.000594732004097	-0.00280754417917	-0.0509886769093	0.00998701153597	0.0109880246603	-0.0221702339729	0.0235928484778	0.0450730398558	0.00112011361891	-0.00809316766023	-0.0523835991641	0.0188268915391	0.0191586822348	-0.00803793776987	-0.0452503139152	-0.0227397140372	-0.0390669433063	-0.0159330448499	-0.0442806234232	-0.0522743422048	0.014452225463	0.00751680321483	-0.00496754901711	-0.0171535342368	0.0622043267502	-0.0583794420708	-0.0129649350294	-0.0300399307867	0.0111237738049	0.0188662927467	0.0502556684643	-0.0457566641021	0.00499427057067	-0.0662277044556	0.043144336687	0.0854301008241	0.00190529132997	0.00359208506871	0.0334877754119	-0.0584315263501	-0.0176245494955
k__Bacteria;p__Firmicutes;c__Clostridia;o__Clostridiales;f__Ruminococcaceae;g__Faecalibacterium;s__Faecalibacterium_prausnitzii	0.0103619178829	0.00277863064601	-0.018859490764	-0.00229730079526	-0.0196448499389	-0.0334914570027	0.00198808813879	1.0	-0.00543649526652	-0.0171221948595	-0.0175774985923	0.0287428841066	-0.0288470406949	0.0267536702106	-0.00887396672638	0.0299630158659	-0.00583180727258	0.0269645090554	-0.0888039646556	0.0474320734402	-0.0173376411505	0.0124856301153	-0.0580784810358	-0.00335424028886	-0.0296734349148	-0.0202132225564	-0.0260034922364	0.0180886790103	-0.044513157776	0.0182377153541	-0.0443572582445	0.00411098837246	0.0148802186339	0.0010171530135	0.00896502709184	-0.000801073760135	0.0193429928501	-0.0427785475163	0.00448144096276	-0.0164629698586	-0.0329004631148	-0.0321211948301	0.00220286804285	-0.0209017102613	0.0148564255969	0.0174629644568	0.00409361606982	-0.00142295878234	-0.000396661416235	-0.0535674824658	-0.0773997308282	0.0221021352556	0.0283996039506	0.0038331830446	-0.037772473601	0.0205918978641	-0.0288152635203	-0.0117993297827	0.058556323269
k__Bacteria;p__Bacteroidetes;c__Bacteroidia;o__Bacteroidales;f__Rikenellaceae;g__Alistipes;s__Alistipes_finegoldii	0.000918451215164	0.00395013386535	0.00710255450321	-0.0226898662718	0.0258237316856	-0.014354110582	-0.0197466153769	-0.00543649526652	1.0	0.000975835371255	0.00506480506368	0.00683472704017	0.00945835902094	-0.0350244152797	-0.00135397507645	-0.0152983522376	-0.0079703933463	-0.0543057012823	0.0163368579279	0.0194973923241	0.0499790959508	-0.00298026386163	0.00760651445863	-0.0647065297295	0.0253291583826	-0.0317633090493	-0.0073871500172	0.00832748835597	-0.001211154705	-0.0704385843629	-0.00630777475005	0.0286319922578	-0.052011476666	-0.00535921240298	-0.0452277112684	0.0481480339081	-0.026258212399	-0.03077878995	-0.0024529292101	0.0350882617472	0.0212426058395	-0.0535016979912	-0.0309004466431	0.00757067371176	-0.0189943771528	0.024267319052	0.0327563520626	-0.049618581116	0.00520570081484	0.045177723747	-0.0383596530567	-0.0190559242101	-0.0475169116834	-0.0348923729572	0.0276181060792	0.00154492023138	-0.0318962310824	-0.0128319361592	0.000657011491752
k__Bacteria;p__Bacteroidetes;c__Bacteroidia;o__Bacteroidales;f__Porphyromonadaceae;g__Parabacteroides;s__Parabacteroides_distasonis	-0.015465724465	-0.0211224787383	0.0526972737314	-0.0297384093539	0.0677341826361	0.00708689891768	-0.0489527427947	-0.0171221948595	0.000975835371255	1.0	-0.0239626147289	0.0374484520879	-0.00699321539491	-0.0500587753622	-0.0256183670753	-0.029698254898	-0.0127388330752	-0.0358627110745	-0.0218766989308	0.0125784947751	-0.015967225582	-0.0198577065404	0.00618038155924	-0.0364352977752	0.00908079892111	0.0438799112484	-0.0210616539336	-0.0125891793268	0.0533969478001	-0.0183477208017	-0.0255029879924	-0.0273075898326	-0.0177106463502	-0.0230089967988	-0.0117895346694	-0.0133051480751	0.0357690621915	0.00595469999072	0.01141556824	-0.0202419283152	0.0176779065238	-0.011811166754	-0.00557409667887	-0.0665604241599	-0.00511776064259	0.0105621587813	-0.0104022699252	0.0918994492398	0.0433579706691	-0.0233783143659	-0.00929397032699	-0.0103140193702	0.0396885750949	-0.0340026047625	-0.00396558491893	-0.0198305102222	-0.00222877145879	-0.00904307494208	0.000630154205239
k__Bacteria;p__Bacteroidetes;c__Bacteroidia;o__Bacteroidales;f__Bacteroidaceae;g__Bacteroides;s__Bacteroides_thetaiotaomicron	-0.0118710901099	0.00758904093676	-0.00653685002036	-0.0470903462093	0.00713127911129	0.0256904807337	0.0293749876143	-0.0175774985923	0.00506480506368	-0.0239626147289	1.0	-0.0880370141045	-0.00740301529989	0.00169239993452	-0.0417228921363	-0.0161423484735	0.0202624504203	-0.0265098251521	-0.0588926201827	-0.0114362654657	-0.00041112718146	-0.0253748357175	0.00335816365599	-0.0322937356556	0.0243651795888	-0.0284382209562	0.0177042439932	-0.00989860696513	0.0133429741483	-0.0156024752821	-0.000240796822213	-0.0299111290469	-0.0035537908985	-0.0066933717462	-0.0272872312594	-0.0398298165621	0.0322906825064	-0.00353075714352	-0.020725107609	-0.00333139893658	0.000868700827375	-0.0255627161341	-0.0275459993555	-0.0398231259688	-0.060715876634	-0.017299258554	-0.0198185856989	-0.0171229654817	-0.0316289124229	-0.0192080168768	-0.0229460079403	0.00337708751081	0.0108321038489	0.0151095948	-0.0282588892781	-0.0201832802947	0.0418530849995	-0.00280430514142	-0.0237588476638
k__Bacteria;p__Bacteroidetes;c__Bacteroidia;o__Bacteroidales;f__Bacteroidaceae;g__Bacteroides;s__Bacteroides_coprocola	0.0149413193923	-0.0052657113207	-0.0553198134144	0.036520469939	-0.0289417440209	-0.000381995860992	-0.004367166028	0.0287428841066	0.00683472704017	0.0374484520879	-0.0880370141045	1.0	0.0405915272397	-0.0310573750247	0.0413124165477	0.00787944906056	-0.0574655961915	-0.00535399546351	-0.0283422910518	-0.000507787650858	-0.0423075431762	-0.0272835430209	-0.0284991336769	0.0473092234233	0.0180941820006	-0.0321223597764	0.00941305880634	0.0533310543307	-0.00838260583408	-0.0359748864528	-0.0125042229747	-0.0164625561025	-0.0356119477279	0.0220526812748	-0.0163018285189	0.0137311022408	0.00540124819595	-0.000546926549037	0.0274164299539	-0.0160074635868	-0.0767695768184	-0.0341469932297	-0.0566587949258	-0.0254757845622	-0.0377838170761	0.0434302291029	-0.0341502425273	-0.0117531757914	-0.0661863659767	0.0373068903242	-0.00482909528262	-0.00796737194353	0.0182680531339	0.0329850399839	-0.0124651515127	-0.0114425757743	0.020481220106	0.0456362058701	-0.0533095911293
k__Bacteria;p__Bacteroidetes;c__Bacteroidia;o__Bacteroidales;f__Bacteroidaceae;g__Bacteroides;s__Bacteroides_cellulosilyticus	-0.0315950122885	0.000613913086986	-0.0349595924935	-0.0424555158891	-0.0272995673482	-0.0116250948336	0.00597419736074	-0.0288470406949	0.00945835902094	-0.00699321539491	-0.00740301529989	0.0405915272397	1.0	0.0468020259145	-0.0281571290597	-0.00494866644081	8.92167340264e-05	-0.0140691560797	-0.0146059652994	0.0326610253958	-0.0286498607876	-0.0044225570098	0.0103276114667	-0.0287398335302	-0.100627250575	0.0203044487029	-0.00308905684082	-0.0443811156813	-0.035816860013	-0.0343445593899	-0.0669395300482	-0.0287262664008	-0.0623331818258	-0.0229528925144	0.00974695787434	0.0354839649964	-0.0768376200038	-0.0454519384519	0.0468158254074	-0.00675817907541	0.000447735332594	0.00243144567031	0.0309890928425	-0.0388699510559	0.0269340465369	-0.023190886111	-0.0103666145491	0.0129646923149	-0.00618791300211	0.0440922770104	0.029401780806	-0.00407634961374	0.0187889062407	0.00841091249773	0.0225810501103	-0.0202633890985	0.0662235241195	0.0241692958413	-0.020027458319
k__Bacteria;p__Bacteroidetes;c__Bacteroidia;o__Bacteroidales;f__Rikenellaceae;g__Alistipes;s__Alistipes_obesi	-0.0442271582941	-0.0571724426017	-0.0617158387001	-0.0310372215864	-0.00343392135015	-0.0119328095734	-0.0198617313415	0.0267536702106	-0.0350244152797	-0.0500587753622	0.00169239993452	-0.0310573750247	0.0468020259145	1.0	0.0471168386574	-0.0346929251563	0.0373065205539	-0.0127673135899	-0.01264023992	0.0121767471879	0.0452328539575	-0.0378936115051	0.00225699442417	0.0277463838238	0.0186795211281	0.0421446432182	-0.092320655823	-0.0301701581056	0.00340241757551	-0.0656161487701	-0.00492106191239	0.0118518394352	-0.0291212674963	0.029846006521	-0.030160147982	-0.0167819803156	0.016056402022	-0.0113004872584	-0.024438747383	-0.0124920054991	0.00830792617117	0.0196998203057	-0.0195535061218	-0.0186192606723	-0.0453796586751	0.00804638676855	0.0194712136796	-0.0250241979592	-0.022051263125	8.04515205045e-05	0.00615980735309	-0.0146570234172	0.00463641789829	-0.0548784173678	0.014270282432	-0.0185977445314	-0.0271753274111	-0.00544104456677	-0.014158139472
k__Bacteria;p__Firmicutes;c__Clostridia;o__Clostridiales;f__Lachnospiraceae;g__;s__[Eubacterium]_rectale	-0.000297839470383	-0.0048971623022	0.013692527377	-0.04663186659	-0.0361110596033	-0.0226479769576	-0.0372779923104	-0.00887396672638	-0.00135397507645	-0.0256183670753	-0.0417228921363	0.0413124165477	-0.0281571290597	0.0471168386574	1.0	-0.0600662013633	-0.0104419656646	0.0250850181047	-0.00186594148496	-0.0391101429836	-0.0360046331672	-0.00155621772358	0.0642347161448	0.0485884434975	0.0331470620043	-0.0890769409473	0.0384251129937	0.0119532875278	0.0162226588232	-0.0760403251863	-0.0122799824896	-0.0271263369331	-0.025923453044	0.0278615390066	-0.0135611918664	0.0177032179468	-0.0593026990498	0.00515993710867	-0.0515240243401	0.00190029488199	-0.0729030574158	-0.07921507518	-0.00949318548382	-0.0330394721059	-0.0150299428439	0.0161188533238	0.0110511556902	0.0190737345156	-0.0344577081007	0.0162653780609	0.00812148621019	0.0203438933423	-0.0651365313438	-0.0155557769132	-0.0126623644243	0.00697672526625	-0.0362061643828	-0.0448759598681	-0.0557256388175
k__Bacteria;p__Bacteroidetes;c__Bacteroidia;o__Bacteroidales;f__Bacteroidaceae;g__Bacteroides;s__Bacteroides_plebeius	0.000245830833129	0.00438332686546	0.00380129039488	-0.0257851490445	0.0618913172863	0.022783107805	-0.0402566403272	0.0299630158659	-0.0152983522376	-0.029698254898	-0.0161423484735	0.00787944906056	-0.00494866644081	-0.0346929251563	-0.0600662013633	1.0	-0.0100252733992	0.0427277591161	0.0376474128282	-0.0392233449931	0.0179369195946	-0.0236305311114	-0.016693457844	-0.0272698815026	-0.0605977084276	0.0147939766256	-0.0256704483913	-0.0142661592952	0.0166710303199	0.0138661235476	-0.0158830449873	-0.0484704448395	-0.020078580723	-0.000262981677999	0.0551825631015	0.0543804734049	0.0010961991373	-0.0169002964514	-0.0424263725757	-0.010592287351	-0.00222722308634	0.0121307449272	-0.000806963605265	0.000514199795576	-0.00392673025289	-0.00962336480868	0.0203993052325	0.00641960951768	0.0361736850197	-0.0120807340431	-0.00614860966879	0.0323941067361	0.00465741390183	-0.017616900587	0.00155619351137	0.00287567710054	-0.0375178729435	0.0217554090765	0.00322225424461
k__Bacteria;p__Bacteroidetes;c__Bacteroidia;o__Bacteroidales;f__Bacteroidaceae;g__Bacteroides;s__Bacteroides_fragilis	-0.00399362714552	0.000530619594101	-0.0172500611416	-0.0404639369773	-0.0634659466862	0.028000383679	-0.00125603741638	-0.00583180727258	-0.0079703933463	-0.0127388330752	0.0202624504203	-0.0574655961915	8.92167340264e-05	0.0373065205539	-0.0104419656646	-0.0100252733992	1.0	-0.0493223023932	-0.0165170477026	-0.00568687138709	-0.0292972320471	0.0501813132491	-0.0480513566563	-0.024964240029	-0.0254674539536	-0.0327212154949	-0.00834737434406	0.0345375721528	0.00981294789929	-0.0253986568699	-0.0199959246973	0.0191400907025	-0.00449652993294	0.0613435478612	-0.0618303423569	-0.0241350115871	-0.0327367513139	0.0384252638694	-0.0526800221136	-0.00050892266073	0.000880695047306	-0.0491236977489	-0.0135761210648	0.0137436400882	-0.0293519394832	0.064146686617	-0.00995197444137	0.0436685156989	-0.0279072590204	-0.0124447671076	-0.029250320972	-0.0132042027705	-0.0146968660491	0.0331591849322	-0.0115010411621	-0.0365732127379	-0.0400986255418	0.00768557688047	0.0377949503852
k__Bacteria;p__Proteobacteria;c__Betaproteobacteria;o__Burkholderiales;f__Sutterellaceae;g__Sutterella;s__Sutterella_wadsworthensis	0.0317751646859	-0.0384395334889	0.0185518488819	0.0154835418043	0.0136771561007	-0.0361401691843	0.00474916581666	0.0269645090554	-0.0543057012823	-0.0358627110745	-0.0265098251521	-0.00535399546351	-0.0140691560797	-0.0127673135899	0.0250850181047	0.0427277591161	-0.0493223023932	1.0	0.0113609898077	0.00402189777496	-0.00433823532055	0.0148142652965	-0.0265787876263	0.00862780777349	-0.0210549638487	-0.0135165675423	-0.0186298042937	-0.0534517653892	-0.0198009142234	0.0120814420174	-0.0258995733075	-0.0560641265976	0.0260152392791	-0.0554388057306	-0.00389259411278	0.00989718907036	-0.0207181861662	-0.030926878766	0.0105308813211	0.0349603232697	0.0150989009585	0.00518261500672	-0.0313610334598	-0.021587659261	-0.0508036584986	-0.0700226731283	0.0395073002887	0.0449555755606	0.0164537993664	-0.0508652327519	-0.0164517059324	0.0269901139245	0.0168013588236	0.034264333279	-0.0211666716143	0.0171747368127	0.0584214638104	-0.0625315548	0.0252387085475
k__Bacteria;p__Bacteroidetes;c__Bacteroidia;o__Bacteroidales;f__Porphyromonadaceae;g__Barnesiella;s__Barnesiella_intestinihominis	-0.0179123915757	-0.030831645906	0.0394430688132	-0.0190079618076	0.0266711040709	-0.0371789776952	-0.000594732004097	-0.0888039646556	0.0163368579279	-0.0218766989308	-0.0588926201827	-0.0283422910518	-0.0146059652994	-0.01264023992	-0.00186594148496	0.0376474128282	-0.0165170477026	0.0113609898077	1.0	-0.0256403622495	0.000791097654468	0.00988821584122	-0.00973250522973	-0.0340235921806	-0.0304769233005	0.0380667007657	-0.00342797962736	-0.0470924276606	-0.0173523329669	0.0325938436565	-0.0314618906653	-0.0366567376694	-0.0158326184117	-0.0631067370566	-0.00839609532255	0.0193278456629	-0.00226549776738	-0.0358559096447	-0.0173073555903	-0.028709065117	0.0435786003602	0.0643367192298	0.0279702993947	0.0336766173165	-0.0558184263766	0.0279333758653	0.0353638013163	-0.018768157677	0.057006484673	-0.0110469683403	0.0343335033824	0.0288959028027	0.0278184883966	0.000497533806634	-0.0361480486791	0.0544847271449	-0.0401274809949	-0.00989767150978	-0.00381497076382
k__Bacteria;p__Bacteroidetes;c__Bacteroidia;o__Bacteroidales;f__Odoribacteraceae;g__Odoribacter;s__Odoribacter_splanchnicus	-0.0280007688082	-0.0137367360022	-0.0213447987292	0.0108834491263	-0.00951847397229	-0.0865492390453	-0.00280754417917	0.0474320734402	0.0194973923241	0.0125784947751	-0.0114362654657	-0.000507787650858	0.0326610253958	0.0121767471879	-0.0391101429836	-0.0392233449931	-0.00568687138709	0.00402189777496	-0.0256403622495	1.0	-0.047544024677	-0.0138161926017	-0.0219055457037	0.0178809987664	0.0539663243622	-0.0532112197379	0.00617016576857	-0.0192316705315	-0.0220570318965	-0.0327511948452	-0.001153580299	-0.0713369820196	0.036779201811	0.0546752838227	-0.0319190834128	-0.0532816348012	-0.0290846811871	0.00340291711535	0.0176288736921	-0.0292819418394	-0.0178367419616	0.0357435055908	0.000345035081015	0.0274920395578	-0.0108838748948	-0.0337013897633	-0.0421105397707	-0.0381821050342	-0.023068817184	-0.0158905404205	0.0181882023455	-0.00124712680964	0.0402268417978	-0.0230168358968	0.0036752902069	-0.0152288957312	-0.0591586543857	-0.0334971890127	-0.0501176802527
k__Bacteria;p__Bacteroidetes;c__Bacteroidia;o__Bacteroidales;f__Bacteroidaceae;g__Bacteroides;s__Bacteroides_salyersiae	0.0113318393871	-0.0181058991704	-0.0421126902941	0.0271187011875	0.0106849585517	0.0147212543684	-0.0509886769093	-0.0173376411505	0.0499790959508	-0.015967225582	-0.00041112718146	-0.0423075431762	-0.0286498607876	0.0452328539575	-0.0360046331672	0.0179369195946	-0.0292972320471	-0.00433823532055	0.000791097654468	-0.047544024677	1.0	-0.074397850494	-0.0188943080456	0.0328709589222	-0.0820073231203	-0.0392687264788	-0.0192796508952	0.0367678582323	-0.0266993105174	-0.0177918699913	-0.0117080024004	0.0286278872913	0.0086897904711	0.0152446641855	0.0108966701325	-0.0522080203657	0.0310216604277	0.0340245890699	-0.0200553741374	-0.0232192391633	0.0470744714397	-0.0143996991609	0.00234669201251	-0.0433505254893	0.0047520468309	0.0581078726428	0.0103717921435	-0.00879429864643	0.00328225906753	0.00566583212337	-0.0431713064325	-0.0152010587638	-0.0128246728133	-0.0275304290953	0.00972175064572	-0.0274519665373	0.0144787113342	0.00970901618336	-0.0311165158217
k__Bacteria;p__Firmicutes;c__Clostridia;o__Clostridiales;f__Ruminococcaceae;g__Ruminiclostridium;s__[Eubacterium]_siraeum	0.028298696842	0.0310010634814	0.0220134819917	-0.0346096293702	0.0112484094115	0.0147710180146	0.00998701153597	0.0124856301153	-0.00298026386163	-0.0198577065404	-0.0253748357175	-0.0272835430209	-0.0044225570098	-0.0378936115051	-0.00155621772358	-0.0236305311114	0.0501813132491	0.0148142652965	0.00988821584122	-0.0138161926017	-0.074397850494	1.0	-0.0214839773547	-0.0633575662365	-0.0720537365474	-0.0393767258868	-0.0485714605097	-0.0150814641521	0.0135421328153	-0.0024966420821	-0.0298036930432	-0.0398859416525	0.0238591755083	0.034775411866	-0.013832917375	-0.0521018554315	0.00507874830403	0.0271773139368	0.0382457064376	-0.0236071124958	-0.0262146970293	-0.0452658115457	-0.0146440823037	-0.0233757364138	-0.0162926267548	0.0409215469215	0.0611820043803	-0.00480708865083	0.0390099031937	0.0134842212621	-0.0191230522856	0.0130044911002	0.0291776073887	0.0356100549541	-0.000493501388187	-0.0506070138879	0.0518362522038	-0.0349532815603	-0.00781304635087
k__Bacteria;p__Proteobacteria;c__Betaproteobacteria;o__Burkholderiales;f__Sutterellaceae;g__Parasutterella;s__Parasutterella_excrementihominis	-0.0478266111794	-0.0121889854017	0.0170801683302	0.0228615546608	-0.0116383904537	0.00938648099371	0.0109880246603	-0.0580784810358	0.00760651445863	0.00618038155924	0.00335816365599	-0.0284991336769	0.0103276114667	0.00225699442417	0.0642347161448	-0.016693457844	-0.0480513566563	-0.0265787876263	-0.00973250522973	-0.0219055457037	-0.0188943080456	-0.0214839773547	1.0	0.0312696470548	0.0139349721719	-0.0304609979475	-0.00692131859535	-0.0360581087389	0.056430543077	-0.0863499986716	-0.0463593175761	-0.0153414600032	-0.0191525488439	0.0110128735316	0.0423862176539	0.0349946982929	-0.0196341524543	-0.0112846099874	-0.0262883289965	-0.0129823430898	-0.0414735462964	-0.0511213277239	-0.0320174732938	-0.00380639501073	-0.00784163178966	0.00770572682546	-0.0411737598508	-0.0287045583653	0.0494571278919	0.0294726769702	0.0349682429484	-0.0059520172593	-0.0087003483579	-0.117239346655	0.00912602022882	-0.00359518767815	-0.00658578993795	-0.0328093625137	0.0602783070734
k__Bacteria;p__Actinobacteria;c__Actinobacteria;o__Bifidobacteriales;f__Bifidobacteriaceae;g__Bifidobacterium;s__Bifidobacterium_adolescentis	-0.00668473167641	-0.0123949226137	0.0522999664232	0.0308097105698	0.010537417206	0.00363008876606	-0.0221702339729	-0.00335424028886	-0.0647065297295	-0.0364352977752	-0.0322937356556	0.0473092234233	-0.0287398335302	0.0277463838238	0.0485884434975	-0.0272698815026	-0.024964240029	0.00862780777349	-0.0340235921806	0.0178809987664	0.0328709589222	-0.0633575662365	0.0312696470548	1.0	0.0164876898903	0.0184866622982	-0.0397524741749	0.0216023019681	-0.0380750740388	0.00104174294032	0.00469006351917	0.016860970154	-0.0304659725872	-0.0281128822495	-0.0170091597871	-0.0179585187314	-0.0559051278106	0.0506126915027	0.0572812393611	-0.0936135547558	0.0278977204169	-0.00204469274375	-0.0156931073186	0.0390167576681	0.012540931654	-0.0818328000841	-0.061938003268	-0.0150487437057	-0.0255535498802	-0.00798700824577	-0.0313646112404	0.0454090896921	-0.00836236311348	-0.0133956085339	0.00108404410805	0.0136189672509	-0.00498941304966	-0.0922608284321	-0.0111551607787
k__Bacteria;p__Firmicutes;c__Clostridia;o__Clostridiales;f__Oscillospiraceae;g__Oscillibacter;s__Oscillibacter_sp._KLE_1745	-0.015080371851	0.050746679912	-0.0286076539589	-0.0137262968058	0.0104990092336	0.0184148901407	0.0235928484778	-0.0296734349148	0.0253291583826	0.00908079892111	0.0243651795888	0.0180941820006	-0.100627250575	0.0186795211281	0.0331470620043	-0.0605977084276	-0.0254674539536	-0.0210549638487	-0.0304769233005	0.0539663243622	-0.0820073231203	-0.0720537365474	0.0139349721719	0.0164876898903	1.0	0.00445178648435	-0.0414418598007	-0.0540141465165	-0.021599390291	-0.01829444486	-0.00855837476049	-0.0189468916105	-0.061673297804	-0.0142929995948	0.00238390546244	0.00730540742211	-0.00266314540885	-0.0369110337092	0.0312592540544	0.00584060447073	-0.0207215857525	-0.0503873274328	-0.0382721049707	0.00989837762784	0.0419867264536	-0.00432134813965	-0.0122932572108	0.0289947151612	0.00310910299771	0.0232303949229	0.0154363567512	-0.0172829920788	0.0772594261644	-0.00621800401556	0.0446931564964	-0.00153529400725	-0.0309982181198	-0.0276861256568	0.0287376307592
k__Bacteria;p__Bacteroidetes;c__Bacteroidia;o__Bacteroidales;f__Bacteroidaceae;g__Bacteroides;s__Bacteroides_coprophilus	-0.0736516191487	-0.0310221679998	-0.0769092899214	-0.0290488620097	-0.0184692339445	0.0171914959079	0.0450730398558	-0.0202132225564	-0.0317633090493	0.0438799112484	-0.0284382209562	-0.0321223597764	0.0203044487029	0.0421446432182	-0.0890769409473	0.0147939766256	-0.0327212154949	-0.0135165675423	0.0380667007657	-0.0532112197379	-0.0392687264788	-0.0393767258868	-0.0304609979475	0.0184866622982	0.00445178648435	1.0	-0.0477853952279	-0.0419713459702	-0.0295242331636	-0.0327328293071	-0.00740436548723	0.0785376866872	-0.00920589315313	-0.0062206283965	-0.0432974300952	-0.0265045511974	-0.0129445138014	-0.00743170425269	-0.00236584444787	-0.040754680739	0.0373000446762	-0.0205190457316	0.0114936210963	0.0253026290702	-0.0380955451214	0.0177053390545	-0.0289373396103	0.0265348359958	-0.0419501932645	-0.0018050430089	-0.00807562143442	0.0211547338575	0.0465384880804	-0.0332317307177	-0.00517080034178	-0.0230434073044	0.0350771517173	0.0571768218019	-0.0296040376739
k__Bacteria;p__Firmicutes;c__Clostridia;o__Clostridiales;f__Lachnospiraceae;g__Roseburia;s__Roseburia_intestinalis	0.0323150764931	0.0122423117194	-0.0206323306958	-0.00708505049768	-0.00238011739565	-0.0545110875423	0.00112011361891	-0.0260034922364	-0.0073871500172	-0.0210616539336	0.0177042439932	0.00941305880634	-0.00308905684082	-0.092320655823	0.0384251129937	-0.0256704483913	-0.00834737434406	-0.0186298042937	-0.00342797962736	0.00617016576857	-0.0192796508952	-0.0485714605097	-0.00692131859535	-0.0397524741749	-0.0414418598007	-0.0477853952279	1.0	-0.0615943708025	-0.0431126942271	0.00099718962749	0.0365505051557	0.00805990362839	0.026221578018	-0.000918556830906	-0.0386816108203	0.0560594920882	0.00413378289574	-0.0196166646673	-0.00141702043939	0.0142358007563	-0.0267617646269	0.0138600660047	-0.00751725652113	0.00705899169594	0.061069256957	-0.0277470954902	-0.0388045278956	0.0396200419665	0.00519417157072	0.0213371221806	-0.0261676522187	-0.00593461969424	0.00767027620717	-0.0234363870143	-0.0354931577168	-0.0228891769173	0.0344986705209	0.0436700902955	0.0290845601296
k__Bacteria;p__Firmicutes;c__Clostridia;o__Clostridiales;f__Lachnospiraceae;g__Roseburia;s__Roseburia_hominis	-0.00786540377456	-0.0386163058568	-0.0181880268356	0.0153024988573	-0.0368875818672	0.0269561093894	-0.00809316766023	0.0180886790103	0.00832748835597	-0.0125891793268	-0.00989860696513	0.0533310543307	-0.0443811156813	-0.0301701581056	0.0119532875278	-0.0142661592952	0.0345375721528	-0.0534517653892	-0.0470924276606	-0.0192316705315	0.0367678582323	-0.0150814641521	-0.0360581087389	0.0216023019681	-0.0540141465165	-0.0419713459702	-0.0615943708025	1.0	-0.028122887626	-0.018013636171	-0.006266380178	0.0324220464294	-0.00638585598597	-0.0174488808864	-0.0392973192717	-0.0147994374187	-0.0523337683887	-0.0351615275449	-0.0360124042026	-0.00633412373691	-0.0017442189052	0.0392799123398	-0.015048666085	0.0182151802372	-0.0340024234444	0.0248925024706	0.0175057494766	-0.0309827464815	-0.0304806051411	-0.0523513377614	-0.00745965231376	-0.0540789312478	-0.0398201875641	0.0346866402182	0.0366726423654	-0.0383257153615	0.0823574777592	-0.0198358724045	0.00691890649929
k__Bacteria;p__Bacteroidetes;c__Bacteroidia;o__Bacteroidales;f__Porphyromonadaceae;g__Parabacteroides;s__Parabacteroides_johnsonii	-0.0376613925524	-0.00808610916388	-0.0022479300114	0.00313093305162	0.0190816222819	0.0330595261697	-0.0523835991641	-0.044513157776	-0.001211154705	0.0533969478001	0.0133429741483	-0.00838260583408	-0.035816860013	0.00340241757551	0.0162226588232	0.0166710303199	0.00981294789929	-0.0198009142234	-0.0173523329669	-0.0220570318965	-0.0266993105174	0.0135421328153	0.056430543077	-0.0380750740388	-0.021599390291	-0.0295242331636	-0.0431126942271	-0.028122887626	1.0	0.0165782890342	-0.0275657092755	-0.000948121052776	-0.00223884281038	-0.0306818119998	-0.0441665892449	-0.0419254665227	-0.0301368391396	-0.00513431637688	0.0122555957016	-0.0309441028506	0.0301930563139	-0.0451744269907	-0.00735540482207	-0.0278886364441	0.0116716504975	-0.0178931775785	-0.0419810173409	-0.0336885971399	-0.00502338845116	0.0197424110941	-0.0511515233457	0.0227727644116	0.0354408175575	-0.00860328126262	-0.0387368488783	-0.0331799923163	-0.0316313128113	-0.00714379062908	-0.0119708316122
