#taxonomy	k__Bacteria;p__Bacteroidetes;c__Bacteroidia;o__Bacteroidales;f__Bacteroidaceae;g__Bacteroides;s__Bacteroides_vulgatus	k__Bacteria;p__Bacteroidetes;c__Bacteroidia;o__Bacteroidales;f__Bacteroidaceae;g__Bacteroides;s__Bacteroides_uniformis	k__Bacteria;p__Bacteroidetes;c__Bacteroidia;o__Bacteroidales;f__Rikenellaceae;g__Alistipes;s__Alistipes_putredinis	k__Bacteria;p__Bacteroidetes;c__Bacteroidia;o__Bacteroidales;f__Prevotellaceae;g__Prevotella;s__Prevotella_copri	k__Bacteria;p__Bacteroidetes;c__Bacteroidia;o__Bacteroidales;f__Bacteroidaceae;g__Bacteroides;s__Bacteroides_stercoris	k__Bacteria;p__Bacteroidetes;c__Bacteroidia;o__Bacteroidales;f__Bacteroidaceae;g__Bacteroides;s__Bacteroides_ovatus	k__Bacteria;p__Bacteroidetes;c__Bacteroidia;o__Bacteroidales;f__Rikenellaceae;g__Alistipes;s__Alistipes_shahii	k__Bacteria;p__Firmicutes;c__Clostridia;o__Clostridiales;f__Ruminococcaceae;g__Faecalibacterium;s__Faecalibacterium_prausnitzii	k__Bacteria;p__Bacteroidetes;c__Bacteroidia;o__Bacteroidales;f__Rikenellaceae;g__Alistipes;s__Alistipes_finegoldii	k__Bacteria;p__Bacteroidetes;c__Bacteroidia;o__Bacteroidales;f__Porphyromonadaceae;g__Parabacteroides;s__Parabacteroides_distasonis	k__Bacteria;p__Bacteroidetes;c__Bacteroidia;o__Bacteroidales;f__Bacteroidaceae;g__Bacteroides;s__Bacteroides_thetaiotaomicron	k__Bacteria;p__Bacteroidetes;c__Bacteroidia;o__Bacteroidales;f__Bacteroidaceae;g__Bacteroides;s__Bacteroides_coprocola	k__Bacteria;p__Bacteroidetes;c__Bacteroidia;o__Bacteroidales;f__Bacteroidaceae;g__Bacteroides;s__Bacteroides_cellulosilyticus	k__Bacteria;p__Bacteroidetes;c__Bacteroidia;o__Bacteroidales;f__Rikenellaceae;g__Alistipes;s__Alistipes_obesi	k__Bacteria;p__Firmicutes;c__Clostridia;o__Clostridiales;f__Lachnospiraceae;g__;s__[Eubacterium]_rectale	k__Bacteria;p__Bacteroidetes;c__Bacteroidia;o__Bacteroidales;f__Bacteroidaceae;g__Bacteroides;s__Bacteroides_plebeius	k__Bacteria;p__Bacteroidetes;c__Bacteroidia;o__Bacteroidales;f__Bacteroidaceae;g__Bacteroides;s__Bacteroides_fragilis	k__Bacteria;p__Proteobacteria;c__Betaproteobacteria;o__Burkholderiales;f__Sutterellaceae;g__Sutterella;s__Sutterella_wadsworthensis	k__Bacteria;p__Bacteroidetes;c__Bacteroidia;o__Bacteroidales;f__Porphyromonadaceae;g__Barnesiella;s__Barnesiella_intestinihominis	k__Bacteria;p__Bacteroidetes;c__Bacteroidia;o__Bacteroidales;f__Odoribacteraceae;g__Odoribacter;s__Odoribacter_splanchnicus	k__Bacteria;p__Bacteroidetes;c__Bacteroidia;o__Bacteroidales;f__Bacteroidaceae;g__Bacteroides;s__Bacteroides_salyersiae	k__Bacteria;p__Firmicutes;c__Clostridia;o__Clostridiales;f__Ruminococcaceae;g__Ruminiclostridium;s__[Eubacterium]_siraeum	k__Bacteria;p__Proteobacteria;c__Betaproteobacteria;o__Burkholderiales;f__Sutterellaceae;g__Parasutterella;s__Parasutterella_excrementihominis	k__Bacteria;p__Actinobacteria;c__Actinobacteria;o__Bifidobacteriales;f__Bifidobacteriaceae;g__Bifidobacterium;s__Bifidobacterium_adolescentis	k__Bacteria;p__Firmicutes;c__Clostridia;o__Clostridiales;f__Oscillospiraceae;g__Oscillibacter;s__Oscillibacter_sp._KLE_1745	k__Bacteria;p__Bacteroidetes;c__Bacteroidia;o__Bacteroidales;f__Bacteroidaceae;g__Bacteroides;s__Bacteroides_coprophilus	k__Bacteria;p__Firmicutes;c__Clostridia;o__Clostridiales;f__Lachnospiraceae;g__Roseburia;s__Roseburia_intestinalis	k__Bacteria;p__Firmicutes;c__Clostridia;o__Clostridiales;f__Lachnospiraceae;g__Roseburia;s__Roseburia_hominis	k__Bacteria;p__Bacteroidetes;c__Bacteroidia;o__Bacteroidales;f__Porphyromonadaceae;g__Parabacteroides;s__Parabacteroides_johnsonii	k__Bacteria;p__Actinobacteria;c__Actinobacteria;o__Bifidobacteriales;f__Bifidobacteriaceae;g__Bifidobacterium;s__Bifidobacterium_longum	k__Bacteria;p__Firmicutes;c__Clostridia;o__Clostridiales;f__;g__Flavonifractor;s__Flavonifractor_plautii	k__Bacteria;p__Firmicutes;c__Clostridia;o__Clostridiales;f__Clostridiaceae;g__Clostridium;s__Clostridium_phoceensis	k__Bacteria;p__Verrucomicrobia;c__Verrucomicrobiae;o__Verrucomicrobiales;f__Akkermansiaceae;g__Akkermansia;s__Akkermansia_muciniphila	k__Bacteria;p__Bacteroidetes;c__Bacteroidia;o__Bacteroidales;f__Prevotellaceae;g__Paraprevotella;s__Paraprevotella_xylaniphila	k__Bacteria;p__Firmicutes;c__Clostridia;o__Clostridiales;f__Ruminococcaceae;g__Ruminococcus;s__Ruminococcus_callidus	k__Bacteria;p__Bacteroidetes;c__Bacteroidia;o__Bacteroidales;f__Rikenellaceae;g__Alistipes;s__Alistipes_senegalensis	k__Bacteria;p__Firmicutes;c__Clostridia;o__Clostridiales;f__Lachnospiraceae;g__Blautia;s__Blautia_sp._KLE_1732	k__Bacteria;p__Bacteroidetes;c__Bacteroidia;o__Bacteroidales;f__Bacteroidaceae;g__Bacteroides;s__Bacteroides_oleiciplenus	k__Bacteria;p__Firmicutes;c__Clostridia;o__Clostridiales;f__Ruminococcaceae;g__Ruminococcus;s__Ruminococcus_bicirculans	k__Bacteria;p__Bacteroidetes;c__Bacteroidia;o__Bacteroidales;f__Bacteroidaceae;g__Bacteroides;s__Bacteroides_fluxus	k__Bacteria;p__Bacteroidetes;c__Bacteroidia;o__Bacteroidales;f__Prevotellaceae;g__Prevotella;s__Prevotella_stercorea	k__Bacteria;p__Firmicutes;c__Clostridia;o__Clostridiales;f__Lachnospiraceae;g__Dorea;s__Dorea_longicatena	k__Bacteria;p__Firmicutes;c__Clostridia;o__Clostridiales;f__Eubacteriaceae;g__Eubacterium;s__[Eubacterium]_eligens	k__Bacteria;p__Firmicutes;c__Clostridia;o__Clostridiales;f__Ruminococcaceae;g__;s__Ruminococcaceae_bacterium_D16	k__Bacteria;p__Firmicutes;c__Clostridia;o__Clostridiales;f__Lachnospiraceae;g__Coprococcus;s__Coprococcus_comes	k__Bacteria;p__Proteobacteria;c__Gammaproteobacteria;o__Enterobacterales;f__Enterobacteriaceae;g__Escherichia;s__Escherichia_coli	k__Bacteria;p__Firmicutes;c__Clostridia;o__Clostridiales;f__Ruminococcaceae;g__Anaerotruncus;s__Anaerotruncus_colihominis	k__Bacteria;p__Firmicutes;c__Clostridia;o__Clostridiales;f__Lachnospiraceae;g__Blautia;s__Blautia_obeum	k__Bacteria;p__Bacteroidetes;c__Bacteroidia;o__Bacteroidales;f__Odoribacteraceae;g__Odoribacter;s__Odoribacter_laneus	k__Bacteria;p__Firmicutes;c__Clostridia;o__Clostridiales;f__Ruminococcaceae;g__Ruminiclostridium;s__[Clostridium]_leptum	k__Bacteria;p__Bacteroidetes;c__Bacteroidia;o__Bacteroidales;f__Porphyromonadaceae;g__Parabacteroides;s__Parabacteroides_goldsteinii	k__Bacteria;p__Firmicutes;c__Clostridia;o__Clostridiales;f__Lachnospiraceae;g__Anaerostipes;s__Anaerostipes_hadrus	k__Bacteria;p__Firmicutes;c__Clostridia;o__Clostridiales;f__Ruminococcaceae;g__Ruminococcus;s__Ruminococcus_lactaris	k__Bacteria;p__Firmicutes;c__Clostridia;o__Clostridiales;f__Clostridiaceae;g__Clostridium;s__Clostridium_sp._L2-50	k__Bacteria;p__Firmicutes;c__Clostridia;o__Clostridiales;f__Clostridiaceae;g__Clostridium;s__Clostridium_sp._M62/1	k__Bacteria;p__Firmicutes;c__Clostridia;o__Clostridiales;f__;g__Intestinimonas;s__Intestinimonas_butyriciproducens	k__Bacteria;p__Actinobacteria;c__Actinobacteria;o__Bifidobacteriales;f__Bifidobacteriaceae;g__Bifidobacterium;s__Bifidobacterium_bifidum	k__Bacteria;p__Firmicutes;c__Negativicutes;o__Veillonellales;f__Veillonellaceae;g__Dialister;s__Dialister_invisus	k__Bacteria;p__Bacteroidetes;c__Bacteroidia;o__Bacteroidales;f__Bacteroidaceae;g__Bacteroides;s__Bacteroides_salanitronis
k__Bacteria;p__Bacteroidetes;c__Bacteroidia;o__Bacteroidales;f__Bacteroidaceae;g__Bacteroides;s__Bacteroides_vulgatus	1.0	-0.0288312700298	0.0142617946752	0.0473087997123	-0.0406104396073	-0.0228193090727	-0.0165368668634	0.0388631425318	-0.00279178718347	-0.0718497331718	0.00230059499952	0.0830374308203	-0.081110294256	0.0215788431638	-0.0201011023333	-0.00601611602526	-0.0409753236998	0.0220275135578	-0.0069249717768	-0.0583419749001	0.0162323226101	-0.0458982555238	-0.0513448891224	0.0121992988436	-0.0288929452994	-0.0314147207941	0.0555000662059	-0.0305765189663	-0.00635441966744	0.045301491835	-0.0305855292602	0.0160919990475	-0.0080464983637	0.0392406518691	0.0354390514367	0.00106322401432	0.0472768227649	-0.0138253948821	-0.0147824051449	0.002526365857	0.013397780726	0.0333432849035	-0.0274975971082	0.0376127783836	0.0134534807588	0.00393629282403	-0.0120560299144	-0.00422531254673	-0.0291868928395	-0.104884806055	-0.0287490375329	-0.0185186344859	-0.0322158450517	-0.0211535298166	0.0287065350457	-0.0325107544614	0.0295966252626	0.030879350552	0.022087696106
k__Bacteria;p__Bacteroidetes;c__Bacteroidia;o__Bacteroidales;f__Bacteroidaceae;g__Bacteroides;s__Bacteroides_uniformis	-0.0288312700298	1.0	0.0122192422523	-0.0113696425249	0.0628985188013	-0.0422888559736	-0.0559055847233	-0.0974572693377	-0.0808803159674	0.00545481256642	-0.0377763239761	-0.0350092934473	0.0397186691459	0.0139733470419	0.0166191211506	-0.0151906465549	0.0107447418069	-0.000251300296296	0.012406532474	-0.00892869487084	-0.0183231711272	-0.01189991625	0.0244857163745	0.000674651988189	-0.00806408335588	-0.0189790846888	0.0545889645129	0.0201213663392	-0.0195512874361	-0.0566957426935	-0.0580353753925	0.0228964403624	0.0105131495589	-0.0833983435883	-0.0108220973285	-0.0432925886552	-0.0811710794606	-0.0193343830678	0.0477147019712	0.00920908107729	-0.00424525492808	-0.0410941329116	0.0580576464449	-0.0421853233249	-0.0168670287421	-0.018052035646	-0.0405121524022	-0.0332920174749	0.000257178731188	0.0123210570122	0.00240196575398	-0.0675927904317	-0.0356907261962	0.0474414700286	-0.0103000815033	0.00863166182655	0.0371511627673	0.0320856899547	0.0317464610577
k__Bacteria;p__Bacteroidetes;c__Bacteroidia;o__Bacteroidales;f__Rikenellaceae;g__Alistipes;s__Alistipes_putredinis	0.0142617946752	0.0122192422523	1.0	-0.00582104406946	-0.0362134529658	0.01097806585	-0.00599767550678	0.0112849164886	0.0119429614647	-0.0749600431554	0.00561914951575	0.0338422296037	0.00368670558067	0.0281635849594	-0.0274608501475	-0.00395557190344	-0.0556794575871	-0.0294200720142	-0.0335846641478	0.0264738844375	0.066388453898	-0.0549603593492	0.0102541300719	0.00773748366807	-0.00107544219725	-0.0432221833058	0.0234865286686	-0.0340612696378	0.00848642828707	-0.0504682039232	-0.0263412496148	-0.0171645879705	0.0482621821054	-0.0374591383403	-0.0266960051731	-0.0106639236843	0.0235991298361	0.0565581583137	-0.0145485176173	-0.0271294905122	-0.0188347207013	0.030337294509	0.0556919272054	-0.0182346579962	0.0151941906063	0.0330087187412	-0.0342986693042	-0.0285644806934	-0.0253268699649	0.00526636287848	-0.00995322661735	-0.0353898449329	-0.0593740825901	0.0508839830779	-0.034484741388	0.0445257257394	-0.0225230146016	0.0541931060242	0.0138980347954
k__Bacteria;p__Bacteroidetes;c__Bacteroidia;o__Bacteroidales;f__Prevotellaceae;g__Prevotella;s__Prevotella_copri	0.0473087997123	-0.0113696425249	-0.00582104406946	1.0	0.000139641797427	-0.00966406920254	-0.0343843367592	-0.0226036532795	-0.0215730462585	0.0469965738518	0.0174219427266	0.00145284867215	-0.0119345811085	0.0641586729246	0.00667917278944	0.0193162603818	-0.0313923280956	0.00717009958464	-0.0201825525661	-0.00387316209141	-0.0210326127973	0.0352968439391	0.0050951382246	-0.0133777864297	-0.0348679730773	-0.000599234760287	0.0139073756741	0.0274128777227	-0.00171940414283	-0.0487024850567	-0.0238069254879	-0.021251243323	-0.08677005408	-0.0162850352894	0.00732926512493	-0.054934613921	0.0257603883853	-0.0709788205638	-0.00817429418656	-0.000143153292662	0.00680265170067	-0.0483946198301	0.0528674580146	-0.054384808617	-0.0299843538614	-0.0249669659147	0.00738440025595	-0.0281088294534	0.0501993020234	-0.0130792752751	-0.00310164693253	-0.0472049241652	0.0577946705169	-0.00706897433124	0.0509371879848	-0.0271768198683	0.0109159402648	-0.00550831156647	0.0249992551306
k__Bacteria;p__Bacteroidetes;c__Bacteroidia;o__Bacteroidales;f__Bacteroidaceae;g__Bacteroides;s__Bacteroides_stercoris	-0.0406104396073	0.0628985188013	-0.0362134529658	0.000139641797427	1.0	-0.0453013833265	0.020104487189	0.0248631889673	-0.0185314627352	0.0264572395208	-0.0563184014465	-0.0375200046772	0.0265512133591	-0.0247029415439	-0.0206683264447	0.0161571019148	0.0242700387304	0.0447522351922	0.0134274160478	0.0196005625056	-0.00116132420341	-0.0251636598219	-0.0472964145335	0.0129127418058	-0.072095048106	0.0402876644108	0.0238740068572	0.0336268704704	-0.0229253786335	-0.0281439221342	-0.0401980024335	-0.0389755024302	-0.0812882201625	-0.0255556096646	0.0221279273799	0.0245680768724	0.017405785567	-0.0411486020549	0.0362933073177	-0.00627472274625	-0.037851790723	0.0560386054491	-0.031377022924	-0.0378426700963	0.0439814006826	0.0065423781413	-0.0632483053217	0.0190465603857	-0.0358558150186	-0.0432264180656	-0.0739162217067	-0.0701318994341	-0.0124655351062	-0.00185483168763	0.0531669214691	0.0595459749238	0.0180659785368	-0.0484798093181	0.00158525244466
k__Bacteria;p__Bacteroidetes;c__Bacteroidia;o__Bacteroidales;f__Bacteroidaceae;g__Bacteroides;s__Bacteroides_ovatus	-0.0228193090727	-0.0422888559736	0.01097806585	-0.00966406920254	-0.0453013833265	1.0	-0.0230554994773	-0.0139437926284	-0.0349810185111	0.0203421761163	-0.0118888304818	0.0016737759349	-0.0177941894328	0.0703610492854	0.0191981862338	0.0075315944844	0.0563005143894	-0.0525252449552	0.00889816962455	0.0588242318965	-0.0293457565205	0.0253906673449	0.0168305397319	-0.00424520868933	-0.024479572996	-0.00443441933692	0.014869238643	0.0348903080743	-0.0110523640286	0.0135370763024	0.0115877513305	-0.00957508883135	-0.00111948369627	-0.00349715759815	0.0288780158949	-0.0156426772185	-0.025816061409	-0.0425115764525	-0.0575047173983	-0.0077017507076	-0.0103210461999	1.42017037766e-05	-0.029035820176	0.0467010223094	-0.0074386999887	-0.0298875690188	0.00772461243067	0.00670543591594	-0.0502025194866	0.0687412457444	0.00359926566697	-0.00297988921415	0.0220829265302	-0.019982698534	0.0136053032584	-0.00176470083279	-0.0629541129572	0.03224005955	-0.026401413609
k__Bacteria;p__Bacteroidetes;c__Bacteroidia;o__Bacteroidales;f__Rikenellaceae;g__Alistipes;s__Alistipes_shahii	-0.0165368668634	-0.0559055847233	-0.00599767550678	-0.0343843367592	0.020104487189	-0.0230554994773	1.0	0.032487568016	-0.0304389702797	-0.011236936714	-0.0267558471354	-0.0103597170531	-0.00513535299181	0.00511835044609	-0.0130574272443	0.000725252882924	0.0084057145445	-0.00905405639251	-0.0440414660887	-0.00644185415623	0.0126637391815	0.00253925845716	-0.00196300634252	-0.0236711921664	-0.0101270677021	-0.000352106036664	-0.0314270070275	-0.0345985082175	0.0193219195227	0.0206728467893	-0.0182660323015	-0.0121510673854	-0.0512505198384	0.0280934765617	0.0704476029269	0.0299674040345	0.0111628599065	-0.0148369060208	0.0029212473671	0.0125894909266	0.00633539483393	-0.00241595045177	-0.0302792375682	0.0268096834403	-0.0491128481684	-0.0630914063391	-0.0244193670606	-0.0217605674408	0.0035813466423	-0.0212388837777	0.0432911738519	0.0153404999106	0.0258815252982	-0.00457119726293	-0.0148118180625	0.0355782546915	-0.0332651897255	0.0622703022392	0.0254127351781
k__Bacteria;p__Firmicutes;c__Clostridia;o__Clostridiales;f__Ruminococcaceae;g__Faecalibacterium;s__Faecalibacterium_prausnitzii	0.0388631425318	-0.0974572693377	0.0112849164886	-0.0226036532795	0.0248631889673	-0.0139437926284	0.032487568016	1.0	-0.0360143575106	-0.0327239019949	0.0204188890076	-0.00898879813614	-0.0348004406133	0.0150002844273	-0.0191640727082	0.0123061305006	0.00853137566049	0.00294415278592	-0.0224075600544	-0.00539471331136	0.0190163165436	0.029137785507	-0.0089094202508	-0.00595120432917	-0.0607009160591	0.0285758059951	0.0695850102453	-0.000141626044706	-0.0480718454078	0.00173570617835	-0.000366134101159	-0.0278460173611	-0.0105240461292	-0.0147128024842	-0.0146249852769	-0.0177030716674	-0.0336569125012	-0.0527675260042	0.000475151339813	-0.0490986703741	-0.0879996970381	-0.0240713827479	-0.0189525798535	0.0345532918724	0.0252512640999	0.0334606338808	0.0164093629596	-0.0395319266745	0.00138295045782	0.0332144584131	-0.00625078497074	0.00100581515857	0.0336834527123	-0.0190580795035	-0.0215263881014	-0.0208928108683	0.0115894413362	-0.0256350436027	0.0490473192646
k__Bacteria;p__Bacteroidetes;c__Bacteroidia;o__Bacteroidales;f__Rikenellaceae;g__Alistipes;s__Alistipes_finegoldii	-0.00279178718347	-0.0808803159674	0.0119429614647	-0.0215730462585	-0.0185314627352	-0.0349810185111	-0.0304389702797	-0.0360143575106	1.0	-0.0585271945422	-0.0102107659298	-0.0159554490474	-0.0300058917936	-0.0393129067578	-0.0186999813737	0.0169668213645	-0.0114784923562	-0.00491728296621	0.027199721045	-0.0545740357522	0.044237164709	-0.0204468408002	-0.0495330415892	-0.0129565208081	-0.0185754459126	0.0300983533439	-0.0280215364557	-0.0388295304533	-0.0169824787937	-0.0271906885255	-0.00847723611413	0.00193198086007	0.0508258932705	0.000201183322294	0.0127698610768	0.0235754971627	-0.0238258696915	-0.00884912482545	0.0423424594466	-0.0339334739407	0.0388797361711	-0.00678990075702	0.019380500472	0.0237737887441	-0.0258721640111	-0.00141380940074	0.00955055958255	-0.0306812515178	-0.0102048091558	0.00798311246258	-0.0348636088692	-0.0119088588012	0.0326698053284	0.0286097419828	0.0240873269696	0.0102362871701	-0.0402375414	0.0205305533114	-0.0562695940298
k__Bacteria;p__Bacteroidetes;c__Bacteroidia;o__Bacteroidales;f__Porphyromonadaceae;g__Parabacteroides;s__Parabacteroides_distasonis	-0.0718497331718	0.00545481256642	-0.0749600431554	0.0469965738518	0.0264572395208	0.0203421761163	-0.011236936714	-0.0327239019949	-0.0585271945422	1.0	-0.0615027924076	-0.0402475306736	0.0224928178156	-0.0536399929445	-0.0475065597613	-0.0266745940445	-0.0261157886431	0.007874288117	0.0199755440307	0.0144911489527	-0.0252733821467	-0.000325361202291	-0.00214271211287	-0.0689487520815	0.0121663771603	0.00779074862163	-0.030531145887	0.000821569187234	0.00305212857082	0.0403342424212	-0.0292053959235	0.0184225101639	-0.00210190324627	0.0268797510855	-0.0369965739547	0.0552721856803	-0.0273560946125	0.0156618904145	-0.0429797647484	-0.0183092321196	0.0115025636611	0.0662679606928	0.0214641700033	-0.014826097996	-0.0753123289834	0.000514977969633	-0.0216663224977	-0.0190003947046	0.050991122953	0.0205456335059	0.021143411396	0.00103328441417	0.0217665335206	-0.0567725678208	-0.0199871129539	0.0496564829169	0.00152855958515	-0.0225552591341	0.000126030895315
k__Bacteria;p__Bacteroidetes;c__Bacteroidia;o__Bacteroidales;f__Bacteroidaceae;g__Bacteroides;s__Bacteroides_thetaiotaomicron	0.00230059499952	-0.0377763239761	0.00561914951575	0.0174219427266	-0.0563184014465	-0.0118888304818	-0.0267558471354	0.0204188890076	-0.0102107659298	-0.0615027924076	1.0	0.043453440118	-0.0336741369208	-0.00519640770556	-0.000316100902359	0.0284735491851	0.030468389197	0.00763082669288	-0.0442566621996	0.0306974171633	0.00170211830944	-0.00748634194853	0.0471623989942	-0.0606596087465	0.0146550677624	0.00198296989127	-0.00180758563634	-0.0165675147643	-0.00807048729458	-0.0301475905804	-0.017443780922	-0.0565452490571	-0.0299649392171	-0.00669409341499	0.0353061604039	-0.0048387646977	0.014151503734	0.0251590149427	-0.0274582238642	-0.00778940952641	-0.0351938759579	0.0171646185182	-0.0208671215985	-0.0246710345024	0.017922331165	-0.0406560217752	0.0103270003325	0.00361414890186	-0.00152435040276	0.0186894062541	0.0185525543183	-0.0088728671925	-0.00952789625656	-0.0520825568778	-0.0317450034887	-0.0136174134602	-0.0409249585288	-0.000867204021213	-0.0215375114268
k__Bacteria;p__Bacteroidetes;c__Bacteroidia;o__Bacteroidales;f__Bacteroidaceae;g__Bacteroides;s__Bacteroides_coprocola	0.0830374308203	-0.0350092934473	0.0338422296037	0.00145284867215	-0.0375200046772	0.0016737759349	-0.0103597170531	-0.00898879813614	-0.0159554490474	-0.0402475306736	0.043453440118	1.0	0.00518578338786	0.00464819353219	0.0482006688126	-0.0483325495252	0.00916370029969	0.00120080259374	0.0158583553868	-0.00117101495688	-0.0447466229812	-0.03219772267	-0.0419519122486	0.0525349105372	-0.0365543548756	0.0155919515118	0.0833832732418	-0.051469876553	0.0212116373776	0.0173589918229	0.0224394572263	0.0182924372192	0.0661166343776	0.0022382749512	0.0267824766223	-0.0447159547155	-0.0842111272528	-0.0432864689448	0.0168755184357	-0.0614614458265	0.0342103251027	0.00289634041619	-0.0380733016266	-0.0269103094881	0.00946565835552	-0.0187010210636	0.0182998589079	-0.0679503757077	-0.0814413282945	-0.00146212351065	-0.000570232014105	0.0318315368665	0.02226952992	-0.0291448468385	-0.00503085734103	-0.00280438755669	-0.010633780805	-0.0401098800183	0.015587617464
k__Bacteria;p__Bacteroidetes;c__Bacteroidia;o__Bacteroidales;f__Bacteroidaceae;g__Bacteroides;s__Bacteroides_cellulosilyticus	-0.081110294256	0.0397186691459	0.00368670558067	-0.0119345811085	0.0265512133591	-0.0177941894328	-0.00513535299181	-0.0348004406133	-0.0300058917936	0.0224928178156	-0.0336741369208	0.00518578338786	1.0	-0.020548650098	-0.0232227450511	0.0515451618784	0.0489513921158	-0.0015268555781	-0.0119757297667	-0.0445433595271	0.00111801546495	0.0310723351313	-0.00317077038322	-0.0708040165113	0.0295385997997	0.0287479351031	-0.0196764372135	-0.0463888080089	-0.00117430942407	0.0274366694554	-8.48061176743e-05	-0.0440101581589	-0.00573077880745	-0.0148585483269	0.0136806644349	-0.0617278877945	0.00401487140162	-0.00913020269145	-0.0166520302041	-0.0480574195178	-0.0434486319259	-0.0292565129388	0.0212244688672	-0.053891501365	0.00770443177098	0.0408164140064	-0.0128162656369	0.0334870031806	-0.0236816740861	0.00514947297427	-0.0637928239352	-0.0198539616502	-0.00421763273073	-0.0137342546723	-0.0202153174913	0.0220989972007	0.0247296339127	-0.0551664127932	0.0294140168183
k__Bacteria;p__Bacteroidetes;c__Bacteroidia;o__Bacteroidales;f__Rikenellaceae;g__Alistipes;s__Alistipes_obesi	0.0215788431638	0.0139733470419	0.0281635849594	0.0641586729246	-0.0247029415439	0.0703610492854	0.00511835044609	0.0150002844273	-0.0393129067578	-0.0536399929445	-0.00519640770556	0.00464819353219	-0.020548650098	1.0	-0.00396106680844	0.0281066933454	-0.0409174780725	0.0299023307582	0.052014194471	-0.0367984307207	0.0121343079639	-0.0433709355715	-0.0640679954151	0.0226116702902	0.0451554414871	-0.0295254199231	0.0109188859094	-0.0144659868313	-0.0465357778485	0.0436249466892	0.0230057261637	-0.0153196327276	-0.0173300632234	-0.0732455472183	-0.00710435955429	-0.00299002419948	-0.0185813979681	0.0235503324167	-0.0364749653132	0.039238616613	-0.0369185945567	0.0229601994819	-0.0112397058506	0.00678372942097	-0.00688242370939	-0.0219482790305	-0.0100273212773	0.0430190161908	0.0326937942619	-0.0103205226937	-0.0131119215803	-0.0365974806715	0.0176749715287	-0.0208320460902	-0.0145187173713	-0.0812237142425	-0.068815609672	-0.048335930489	-0.0314665712688
k__Bacteria;p__Firmicutes;c__Clostridia;o__Clostridiales;f__Lachnospiraceae;g__;s__[Eubacterium]_rectale	-0.0201011023333	0.0166191211506	-0.0274608501475	0.00667917278944	-0.0206683264447	0.0191981862338	-0.0130574272443	-0.0191640727082	-0.0186999813737	-0.0475065597613	-0.000316100902359	0.0482006688126	-0.0232227450511	-0.00396106680844	1.0	-0.0252517191732	-0.0434743001484	-0.0966979963469	-0.0264791709178	0.0651981611903	-0.0258188335406	-0.00106839229065	-0.00921374328492	0.000100855793217	-0.0284421998941	-0.0254458748124	0.0429669434604	0.0541293441733	0.00948453148815	-0.0741770402972	0.0254060356432	0.00147743822399	0.00104236068111	0.0272423709145	-0.0305242557397	0.0297481016159	0.00239045601625	0.0257513649007	-0.0754901663993	-0.0113770279373	-0.000683230410823	-0.020805556602	0.0129920553355	0.00769267934943	-0.0200081560623	0.0175942619697	0.00529432323634	0.00841257049463	0.0458420689509	-0.00552748514143	-0.0686168407244	0.042067307937	-0.0286984293048	0.00879182729945	-0.0382737527598	0.00713995005348	-0.0562349126414	-0.0301836121289	-0.00558600038004
k__Bacteria;p__Bacteroidetes;c__Bacteroidia;o__Bacteroidales;f__Bacteroidaceae;g__Bacteroides;s__Bacteroides_plebeius	-0.00601611602526	-0.0151906465549	-0.00395557190344	0.0193162603818	0.0161571019148	0.0075315944844	0.000725252882924	0.0123061305006	0.0169668213645	-0.0266745940445	0.0284735491851	-0.0483325495252	0.0515451618784	0.0281066933454	-0.0252517191732	1.0	-0.0355361960103	-0.0402136667725	0.0363445042049	-0.0505121710373	-0.0110364733931	-0.072597573334	-0.036422117927	-0.0405804454816	0.0530858286046	-0.0534614640079	0.023110730862	-0.0195160050791	0.0164734566647	-0.0874534331463	0.0246198960513	-0.0215350324774	0.0176281669401	-0.0446575343613	0.0250289118192	-0.00723240473618	-0.0127807367002	0.0137628424007	-0.02719221591	0.00304616068573	-0.0181471925188	-0.0136257827644	-0.00596490906832	-0.0109315065738	0.0413302560975	0.0110865026949	-0.0626128478095	-0.00667636737273	-0.0710799138503	0.0280606621368	-0.0253529220744	-0.0375027151004	0.0138105619997	-0.016493467794	-0.0264002776871	0.0285637312742	-0.0434146539235	0.00628306580204	-0.0407578753791
k__Bacteria;p__Bacteroidetes;c__Bacteroidia;o__Bacteroidales;f__Bacteroidaceae;g__Bacteroides;s__Bacteroides_fragilis	-0.0409753236998	0.0107447418069	-0.0556794575871	-0.0313923280956	0.0242700387304	0.0563005143894	0.0084057145445	0.00853137566049	-0.0114784923562	-0.0261157886431	0.030468389197	0.00916370029969	0.0489513921158	-0.0409174780725	-0.0434743001484	-0.0355361960103	1.0	0.0297618250977	-0.000493815066587	0.0258396509574	-0.0107553575952	0.0681671505127	0.00816398919462	0.0205817191418	0.0145039203583	0.0516122904516	-0.0624606804865	-0.0141792605245	-0.0478973479888	-0.0604053880195	-0.0145937062946	-0.0286896012962	-0.0409859811258	-0.00914599188883	-0.015325782394	0.0379792425015	-0.0073345626213	-0.039067733296	0.0305838392519	0.0115588515046	-0.0636206938259	0.0106260211163	0.0316432091638	-0.023974016015	-0.025137541853	-0.0109330509129	-0.0065994958136	-0.0226775733602	-0.0180203111487	-0.0323863439367	0.00376408278303	-0.0295457707357	-0.0109808787768	-0.00761632459443	0.0128587172184	-0.0641750332554	-0.00272736493591	-0.0128206169069	0.00603112098502
k__Bacteria;p__Proteobacteria;c__Betaproteobacteria;o__Burkholderiales;f__Sutterellaceae;g__Sutterella;s__Sutterella_wadsworthensis	0.0220275135578	-0.000251300296296	-0.0294200720142	0.00717009958464	0.0447522351922	-0.0525252449552	-0.00905405639251	0.00294415278592	-0.00491728296621	0.007874288117	0.00763082669288	0.00120080259374	-0.0015268555781	0.0299023307582	-0.0966979963469	-0.0402136667725	0.0297618250977	1.0	-0.0161950692641	-0.000329167353265	0.0107250006662	-0.0260769081506	-0.043061085299	-0.0304966098921	-0.0515023628177	-0.0126625382709	-0.0119809121121	0.0105182630532	-0.0170003045664	-0.00360674302656	-0.0618476621123	0.00500969628145	-0.0145248895755	-0.0639135145265	-0.0127904091512	0.00485730482266	-0.0466075792823	0.01446607413	0.000607289217967	0.0136621324288	-0.0180073157714	0.0433710829567	-0.0118972869456	-0.0353506016719	-0.0165695425526	0.0190756217978	-0.0297062519274	0.0457294906669	-0.0433316946703	-0.0156454051783	-0.0170522126347	0.0484106893148	-0.025982792088	-0.0192160359687	-0.0360758940991	0.0157043892716	-0.0362543858871	-0.000879292217408	-0.0119280670933
k__Bacteria;p__Bacteroidetes;c__Bacteroidia;o__Bacteroidales;f__Porphyromonadaceae;g__Barnesiella;s__Barnesiella_intestinihominis	-0.0069249717768	0.012406532474	-0.0335846641478	-0.0201825525661	0.0134274160478	0.00889816962455	-0.0440414660887	-0.0224075600544	0.027199721045	0.0199755440307	-0.0442566621996	0.0158583553868	-0.0119757297667	0.052014194471	-0.0264791709178	0.0363445042049	-0.000493815066587	-0.0161950692641	1.0	0.0162352189822	0.0195748721973	0.0142049694519	0.0274987919043	-0.0233274636098	-0.0108322376519	-0.0155244471399	-0.00477070328257	-0.0426813946683	0.0164899587077	-0.0351441241293	0.0011200161892	0.0414083053106	-0.0811114478895	-0.0890856615467	-0.0151525592171	-0.0264578350787	-0.0122426016999	0.00852224668623	-0.0420439676486	0.00686419553713	-0.0790478684471	-0.0198954004783	-0.012997576653	-0.0510677612665	0.0196321477505	-0.0482882926555	0.0301028807076	-0.029673649165	0.0159628757782	-0.00474667457107	0.0237538310634	0.0522940577544	0.0597503154836	0.0186351213307	-0.0701503689499	-0.04348612647	-0.00602966308774	-0.015647785385	-0.0554577829375
k__Bacteria;p__Bacteroidetes;c__Bacteroidia;o__Bacteroidales;f__Odoribacteraceae;g__Odoribacter;s__Odoribacter_splanchnicus	-0.0583419749001	-0.00892869487084	0.0264738844375	-0.00387316209141	0.0196005625056	0.0588242318965	-0.00644185415623	-0.00539471331136	-0.0545740357522	0.0144911489527	0.0306974171633	-0.00117101495688	-0.0445433595271	-0.0367984307207	0.0651981611903	-0.0505121710373	0.0258396509574	-0.000329167353265	0.0162352189822	1.0	0.0124669480402	0.0754774099103	-0.0061297059708	-0.0140373757355	-0.0423687076263	0.0481337928611	0.0197696058126	-0.0683376252844	0.0143798849079	0.00826055250789	0.00475591935439	-0.0405654810226	0.00129025562806	-0.0267601162482	-0.0898809584646	0.0392671262224	-0.0514583380556	-0.02643507679	-0.0806373245742	-0.0243927441173	0.0580766515827	0.00673969051988	-0.0708108060359	-0.0553746378461	-0.0277450162424	0.000475334559696	-0.0116167255173	-0.00981441326563	0.00737283697968	-0.0078314856069	0.0149284448057	-0.0054845330604	-0.0285297946427	-0.0293005390871	0.0100880988814	0.0359314185847	-0.0395031691763	-0.0148326958408	0.0698732987504
k__Bacteria;p__Bacteroidetes;c__Bacteroidia;o__Bacteroidales;f__Bacteroidaceae;g__Bacteroides;s__Bacteroides_salyersiae	0.0162323226101	-0.0183231711272	0.066388453898	-0.0210326127973	-0.00116132420341	-0.0293457565205	0.0126637391815	0.0190163165436	0.044237164709	-0.0252733821467	0.00170211830944	-0.0447466229812	0.00111801546495	0.0121343079639	-0.0258188335406	-0.0110364733931	-0.0107553575952	0.0107250006662	0.0195748721973	0.0124669480402	1.0	0.0457555320207	-0.00804780668735	-0.0208656166239	0.00264720794274	-0.00820592389028	-0.0284929681941	0.00239370288948	-0.0729494133041	-0.0361284011948	0.0343167434884	0.0176600847339	-0.0171348094989	0.000495196549351	-0.0136335295209	-0.0120911995867	-0.0109344311848	0.0296929211926	-0.0612696528373	0.0257039705363	0.0033621904486	-0.072241810393	0.0368547283861	-0.0198094965007	0.0202004175999	-0.01967790687	-0.0264768369909	-0.0308738403508	-0.00765590749251	-0.00245427801888	0.0633937614404	-0.05361706911	-0.047826576627	-0.0426458468854	-0.0587234140339	-0.0121686292551	0.00271671168117	0.0150656747975	-0.0593237862173
k__Bacteria;p__Firmicutes;c__Clostridia;o__Clostridiales;f__Ruminococcaceae;g__Ruminiclostridium;s__[Eubacterium]_siraeum	-0.0458982555238	-0.01189991625	-0.0549603593492	0.0352968439391	-0.0251636598219	0.0253906673449	0.00253925845716	0.029137785507	-0.0204468408002	-0.000325361202291	-0.00748634194853	-0.03219772267	0.0310723351313	-0.0433709355715	-0.00106839229065	-0.072597573334	0.0681671505127	-0.0260769081506	0.0142049694519	0.0754774099103	0.0457555320207	1.0	-0.0567348419362	0.0304399483785	-0.041802684035	-0.00201367335159	-0.0316674370128	0.0335160493806	0.00340393720789	0.0341818513763	-0.0675477967256	0.00652375656663	-0.00294719377967	-0.0259555930719	0.00246881951925	0.00839501221291	0.0578205860276	-0.0185938462888	0.038587458683	0.0110974967339	-0.0161742535593	-0.0210685562584	-0.0768230358735	0.0129484677447	-0.0392740792984	-0.0519870489836	0.0680437297353	0.0127881792801	-0.0101172190944	-0.0751960175165	-0.0213579300059	0.0286125120256	0.022605560731	0.0140269814552	0.038130958922	-0.045302509856	0.00763997665556	-0.0606007855755	-0.0257276758053
k__Bacteria;p__Proteobacteria;c__Betaproteobacteria;o__Burkholderiales;f__Sutterellaceae;g__Parasutterella;s__Parasutterella_excrementihominis	-0.0513448891224	0.0244857163745	0.0102541300719	0.0050951382246	-0.0472964145335	0.0168305397319	-0.00196300634252	-0.0089094202508	-0.0495330415892	-0.00214271211287	0.0471623989942	-0.0419519122486	-0.00317077038322	-0.0640679954151	-0.00921374328492	-0.036422117927	0.00816398919462	-0.043061085299	0.0274987919043	-0.0061297059708	-0.00804780668735	-0.0567348419362	1.0	-0.0356686343791	0.0278290646738	-0.0260941060357	-0.0399188978897	0.0113961718934	0.0632971386665	-0.0372984033106	-0.00818063322478	-0.00664921918884	0.0412299000025	0.0324657116857	-0.0151588789854	-0.0416955199862	-0.0309201248062	-0.0283301042722	-0.0364933543089	0.0225902201782	-0.03847154715	-0.0132123967883	-0.0140421861507	0.0331158102757	-0.0327526127198	-0.0103533617236	-0.0373095712754	0.0183542246601	-0.0372736711293	-0.0113679585301	-0.0135693268819	-0.101065750532	-0.0149933843207	0.0374336545002	0.0166074600697	-0.0185930661966	0.0325438992388	-0.0183719051595	0.0636648658538
k__Bacteria;p__Actinobacteria;c__Actinobacteria;o__Bifidobacteriales;f__Bifidobacteriaceae;g__Bifidobacterium;s__Bifidobacterium_adolescentis	0.0121992988436	0.000674651988189	0.00773748366807	-0.0133777864297	0.0129127418058	-0.00424520868933	-0.0236711921664	-0.00595120432917	-0.0129565208081	-0.0689487520815	-0.0606596087465	0.0525349105372	-0.0708040165113	0.0226116702902	0.000100855793217	-0.0405804454816	0.0205817191418	-0.0304966098921	-0.0233274636098	-0.0140373757355	-0.0208656166239	0.0304399483785	-0.0356686343791	1.0	0.0185659020169	-0.0518323960547	-0.0113158229957	0.0316727712542	0.00360032260551	-0.020930373112	-0.0222230171374	-0.0225800615915	0.0123622728007	-0.0131066365804	0.022217582473	0.0522664650874	0.0312224089561	-0.0165162344031	-0.0546510903873	-0.0210585579869	-0.0269378754385	-0.0239985606818	-0.0317336345898	0.0128801765386	-0.0202377354614	-0.00789309883224	-0.0771773945248	0.030072626136	-0.0171323109846	-0.0190695011512	-0.049616321663	-0.0265590004581	-0.000702069219309	0.00443083514537	0.0222608405324	0.0065028011283	-0.0503241487485	-0.0126542508806	0.0544459021181
k__Bacteria;p__Firmicutes;c__Clostridia;o__Clostridiales;f__Oscillospiraceae;g__Oscillibacter;s__Oscillibacter_sp._KLE_1745	-0.0288929452994	-0.00806408335588	-0.00107544219725	-0.0348679730773	-0.072095048106	-0.024479572996	-0.0101270677021	-0.0607009160591	-0.0185754459126	0.0121663771603	0.0146550677624	-0.0365543548756	0.0295385997997	0.0451554414871	-0.0284421998941	0.0530858286046	0.0145039203583	-0.0515023628177	-0.0108322376519	-0.0423687076263	0.00264720794274	-0.041802684035	0.0278290646738	0.0185659020169	1.0	-0.0318983410305	0.0111206750126	-0.0287424447688	-0.0113574575818	-0.0124241975988	-0.0387017954269	0.00534612756088	-0.00899588431629	0.0215093438562	-0.106335662719	-0.0318887043726	-8.57151919479e-05	-0.0293103450546	0.0370371989346	0.0565796500518	0.0252696779778	0.0468393539464	0.0231942250995	0.0480869858695	-0.0120124815429	0.0367361824331	-0.0288034810298	-0.0331115973663	-0.00755077201979	0.0683187751511	-0.0285322067196	-0.0172676815011	-0.0215494576604	-0.0576383075044	-0.0408137695218	-0.0989902642093	0.049295258064	-0.0475932833456	0.00525354690387
k__Bacteria;p__Bacteroidetes;c__Bacteroidia;o__Bacteroidales;f__Bacteroidaceae;g__Bacteroides;s__Bacteroides_coprophilus	-0.0314147207941	-0.0189790846888	-0.0432221833058	-0.000599234760286	0.0402876644108	-0.00443441933692	-0.000352106036664	0.0285758059951	0.0300983533439	0.00779074862163	0.00198296989127	0.0155919515118	0.0287479351031	-0.0295254199231	-0.0254458748124	-0.0534614640079	0.0516122904516	-0.0126625382709	-0.0155244471399	0.0481337928611	-0.00820592389028	-0.00201367335159	-0.0260941060357	-0.0518323960547	-0.0318983410305	1.0	-0.0204518746526	-0.0504659755028	0.014223385059	0.0130547268744	-0.0505542837317	0.0247562200806	-0.0218082178689	0.0251658530855	0.0123345908932	0.00147022645253	-0.0231988803297	0.00526663093155	0.00634010370947	0.0412185203979	-0.00993882412502	-0.0173816112783	0.0568170678698	-0.050954575039	0.000291848232144	-0.0799647856508	-0.0332485355676	-0.0321956556724	-0.0723721990624	-0.066728527045	0.0217877015631	-0.0772291294915	-0.0129249414331	-0.0119924175443	0.0404139888192	0.0143594242421	0.0132159743638	-0.0192255541144	0.0144719206323
k__Bacteria;p__Firmicutes;c__Clostridia;o__Clostridiales;f__Lachnospiraceae;g__Roseburia;s__Roseburia_intestinalis	0.0555000662059	0.0545889645129	0.0234865286686	0.0139073756741	0.0238740068572	0.014869238643	-0.0314270070275	0.0695850102453	-0.0280215364557	-0.030531145887	-0.00180758563634	0.0833832732418	-0.0196764372135	0.0109188859094	0.0429669434604	0.023110730862	-0.0624606804865	-0.0119809121121	-0.00477070328257	0.0197696058126	-0.0284929681941	-0.0316674370128	-0.0399188978897	-0.0113158229957	0.0111206750126	-0.0204518746526	1.0	-0.00761042608718	-0.0457911020679	0.0759657096419	0.00542160328312	-0.0646515128813	0.013055226349	0.0111154218195	-0.00666543960144	0.00625782322251	-0.00900770601851	-0.0248380997631	-0.0141927501543	0.00302387541399	-0.0567501880634	0.0198441853736	-0.0454635634029	-0.0225009591866	-0.0425144949294	0.00342214664539	-0.00806222594399	0.0457182440672	-0.0321419873886	0.00585606933379	-0.00971709902309	-0.00598698003572	-0.00585490777182	-0.0838964145646	-0.0240687897104	-0.0218586640746	-0.0238743561121	0.0307934954316	-0.0180506922076
k__Bacteria;p__Firmicutes;c__Clostridia;o__Clostridiales;f__Lachnospiraceae;g__Roseburia;s__Roseburia_hominis	-0.0305765189663	0.0201213663392	-0.0340612696378	0.0274128777227	0.0336268704704	0.0348903080743	-0.0345985082175	-0.000141626044706	-0.0388295304533	0.000821569187234	-0.0165675147643	-0.051469876553	-0.0463888080089	-0.0144659868313	0.0541293441733	-0.0195160050791	-0.0141792605245	0.0105182630532	-0.0426813946683	-0.0683376252844	0.00239370288948	0.0335160493806	0.0113961718934	0.0316727712542	-0.0287424447688	-0.0504659755028	-0.00761042608718	1.0	0.0182207020966	-0.000453476389428	-0.0238745872171	0.0152158881533	0.0191880216362	0.0446071000801	-0.0633387288245	-0.0153878043881	-0.0279785916921	-0.0263107575099	-0.00561917955566	0.00332138030469	-0.0113758204549	-0.0344597037069	-0.0563717426544	0.0384026527464	0.0695654245724	-0.0235101021203	-0.0068648641675	-0.0448483405265	0.0189132467929	-0.00965778129362	0.0253112098395	-0.00935322116784	-0.0188934419631	-0.0350629496553	0.0684952775766	-0.0134422542555	-0.0297190224259	-0.0306180305394	-0.0314775619865
k__Bacteria;p__Bacteroidetes;c__Bacteroidia;o__Bacteroidales;f__Porphyromonadaceae;g__Parabacteroides;s__Parabacteroides_johnsonii	-0.00635441966744	-0.0195512874361	0.00848642828707	-0.00171940414283	-0.0229253786335	-0.0110523640286	0.0193219195227	-0.0480718454078	-0.0169824787937	0.00305212857082	-0.00807048729458	0.0212116373776	-0.00117430942407	-0.0465357778485	0.00948453148815	0.0164734566647	-0.0478973479888	-0.0170003045664	0.0164899587077	0.0143798849079	-0.0729494133041	0.00340393720789	0.0632971386665	0.00360032260551	-0.0113574575818	0.014223385059	-0.0457911020679	0.0182207020966	1.0	-0.0205750154566	0.0257833719621	-0.00821990589285	-0.0218804559616	-0.0179353764881	-0.0606288783572	-0.0493877296787	0.0372449574398	-0.00750084040373	-0.0401882229538	-0.0436825327599	-0.0248983652201	-0.0603159717092	0.0419385859384	-0.0121642292566	0.0039833610562	0.0422532371178	0.016567568743	-0.0380305311926	-0.032850996037	0.0290814720778	-0.0225111012598	0.00653382348303	0.0567734852051	-0.0407742237962	-0.0458971967703	0.0263237563368	0.0334208285136	0.00463990591504	-0.0315818061149
k__Bacteria;p__Actinobacteria;c__Actinobacteria;o__Bifidobacteriales;f__Bifidobacteriaceae;g__Bifidobacterium;s__Bifidobacterium_longum	0.045301491835	-0.0566957426935	-0.0504682039232	-0.0487024850567	-0.0281439221342	0.0135370763024	0.0206728467893	0.00173570617835	-0.0271906885255	0.0403342424212	-0.0301475905804	0.0173589918229	0.0274366694554	0.0436249466892	-0.0741770402972	-0.0874534331463	-0.0604053880195	-0.00360674302656	-0.0351441241293	0.00826055250789	-0.0361284011948	0.0341818513763	-0.0372984033106	-0.020930373112	-0.0124241975988	0.0130547268744	0.0759657096419	-0.000453476389428	-0.0205750154566	1.0	0.0358207559397	-0.043563226078	0.0454584163556	-0.00356595990152	0.0627130310486	-0.013289175361	0.00302408314883	-0.0285444413788	0.0203129561416	-0.0448080715018	-0.00442130215078	-0.0462626353946	0.0333183499428	0.0508656620913	-0.0441497108663	-0.0249484614313	-0.0330049406847	-0.0181118817497	0.0103365029037	0.00530416020743	-0.0244108243476	0.00329841853221	0.00734382620287	-0.0334033620891	-0.00736733824321	0.0338417768614	0.0228123071674	-0.0291834192559	-0.0121926687789
