#taxonomy	k__Bacteria;p__Bacteroidetes;c__Bacteroidia;o__Bacteroidales;f__Bacteroidaceae;g__Bacteroides;s__Bacteroides_vulgatus	k__Bacteria;p__Bacteroidetes;c__Bacteroidia;o__Bacteroidales;f__Bacteroidaceae;g__Bacteroides;s__Bacteroides_uniformis	k__Bacteria;p__Bacteroidetes;c__Bacteroidia;o__Bacteroidales;f__Rikenellaceae;g__Alistipes;s__Alistipes_putredinis	k__Bacteria;p__Bacteroidetes;c__Bacteroidia;o__Bacteroidales;f__Prevotellaceae;g__Prevotella;s__Prevotella_copri	k__Bacteria;p__Bacteroidetes;c__Bacteroidia;o__Bacteroidales;f__Bacteroidaceae;g__Bacteroides;s__Bacteroides_stercoris	k__Bacteria;p__Bacteroidetes;c__Bacteroidia;o__Bacteroidales;f__Bacteroidaceae;g__Bacteroides;s__Bacteroides_ovatus	k__Bacteria;p__Bacteroidetes;c__Bacteroidia;o__Bacteroidales;f__Rikenellaceae;g__Alistipes;s__Alistipes_shahii	k__Bacteria;p__Firmicutes;c__Clostridia;o__Clostridiales;f__Ruminococcaceae;g__Faecalibacterium;s__Faecalibacterium_prausnitzii	k__Bacteria;p__Bacteroidetes;c__Bacteroidia;o__Bacteroidales;f__Rikenellaceae;g__Alistipes;s__Alistipes_finegoldii	k__Bacteria;p__Bacteroidetes;c__Bacteroidia;o__Bacteroidales;f__Porphyromonadaceae;g__Parabacteroides;s__Parabacteroides_distasonis	k__Bacteria;p__Bacteroidetes;c__Bacteroidia;o__Bacteroidales;f__Bacteroidaceae;g__Bacteroides;s__Bacteroides_thetaiotaomicron	k__Bacteria;p__Bacteroidetes;c__Bacteroidia;o__Bacteroidales;f__Bacteroidaceae;g__Bacteroides;s__Bacteroides_coprocola	k__Bacteria;p__Bacteroidetes;c__Bacteroidia;o__Bacteroidales;f__Bacteroidaceae;g__Bacteroides;s__Bacteroides_cellulosilyticus	k__Bacteria;p__Bacteroidetes;c__Bacteroidia;o__Bacteroidales;f__Rikenellaceae;g__Alistipes;s__Alistipes_obesi	k__Bacteria;p__Firmicutes;c__Clostridia;o__Clostridiales;f__Lachnospiraceae;g__;s__[Eubacterium]_rectale	k__Bacteria;p__Bacteroidetes;c__Bacteroidia;o__Bacteroidales;f__Bacteroidaceae;g__Bacteroides;s__Bacteroides_plebeius	k__Bacteria;p__Bacteroidetes;c__Bacteroidia;o__Bacteroidales;f__Bacteroidaceae;g__Bacteroides;s__Bacteroides_fragilis	k__Bacteria;p__Proteobacteria;c__Betaproteobacteria;o__Burkholderiales;f__Sutterellaceae;g__Sutterella;s__Sutterella_wadsworthensis	k__Bacteria;p__Bacteroidetes;c__Bacteroidia;o__Bacteroidales;f__Porphyromonadaceae;g__Barnesiella;s__Barnesiella_intestinihominis	k__Bacteria;p__Bacteroidetes;c__Bacteroidia;o__Bacteroidales;f__Odoribacteraceae;g__Odoribacter;s__Odoribacter_splanchnicus	k__Bacteria;p__Bacteroidetes;c__Bacteroidia;o__Bacteroidales;f__Bacteroidaceae;g__Bacteroides;s__Bacteroides_salyersiae	k__Bacteria;p__Firmicutes;c__Clostridia;o__Clostridiales;f__Ruminococcaceae;g__Ruminiclostridium;s__[Eubacterium]_siraeum	k__Bacteria;p__Proteobacteria;c__Betaproteobacteria;o__Burkholderiales;f__Sutterellaceae;g__Parasutterella;s__Parasutterella_excrementihominis	k__Bacteria;p__Actinobacteria;c__Actinobacteria;o__Bifidobacteriales;f__Bifidobacteriaceae;g__Bifidobacterium;s__Bifidobacterium_adolescentis	k__Bacteria;p__Firmicutes;c__Clostridia;o__Clostridiales;f__Oscillospiraceae;g__Oscillibacter;s__Oscillibacter_sp._KLE_1745	k__Bacteria;p__Bacteroidetes;c__Bacteroidia;o__Bacteroidales;f__Bacteroidaceae;g__Bacteroides;s__Bacteroides_coprophilus	k__Bacteria;p__Firmicutes;c__Clostridia;o__Clostridiales;f__Lachnospiraceae;g__Roseburia;s__Roseburia_intestinalis	k__Bacteria;p__Firmicutes;c__Clostridia;o__Clostridiales;f__Lachnospiraceae;g__Roseburia;s__Roseburia_hominis	k__Bacteria;p__Bacteroidetes;c__Bacteroidia;o__Bacteroidales;f__Porphyromonadaceae;g__Parabacteroides;s__Parabacteroides_johnsonii	k__Bacteria;p__Actinobacteria;c__Actinobacteria;o__Bifidobacteriales;f__Bifidobacteriaceae;g__Bifidobacterium;s__Bifidobacterium_longum	k__Bacteria;p__Firmicutes;c__Clostridia;o__Clostridiales;f__;g__Flavonifractor;s__Flavonifractor_plautii	k__Bacteria;p__Firmicutes;c__Clostridia;o__Clostridiales;f__Clostridiaceae;g__Clostridium;s__Clostridium_phoceensis	k__Bacteria;p__Verrucomicrobia;c__Verrucomicrobiae;o__Verrucomicrobiales;f__Akkermansiaceae;g__Akkermansia;s__Akkermansia_muciniphila	k__Bacteria;p__Bacteroidetes;c__Bacteroidia;o__Bacteroidales;f__Prevotellaceae;g__Paraprevotella;s__Paraprevotella_xylaniphila	k__Bacteria;p__Firmicutes;c__Clostridia;o__Clostridiales;f__Ruminococcaceae;g__Ruminococcus;s__Ruminococcus_callidus	k__Bacteria;p__Bacteroidetes;c__Bacteroidia;o__Bacteroidales;f__Rikenellaceae;g__Alistipes;s__Alistipes_senegalensis	k__Bacteria;p__Firmicutes;c__Clostridia;o__Clostridiales;f__Lachnospiraceae;g__Blautia;s__Blautia_sp._KLE_1732	k__Bacteria;p__Bacteroidetes;c__Bacteroidia;o__Bacteroidales;f__Bacteroidaceae;g__Bacteroides;s__Bacteroides_oleiciplenus	k__Bacteria;p__Firmicutes;c__Clostridia;o__Clostridiales;f__Ruminococcaceae;g__Ruminococcus;s__Ruminococcus_bicirculans	k__Bacteria;p__Bacteroidetes;c__Bacteroidia;o__Bacteroidales;f__Bacteroidaceae;g__Bacteroides;s__Bacteroides_fluxus	k__Bacteria;p__Bacteroidetes;c__Bacteroidia;o__Bacteroidales;f__Prevotellaceae;g__Prevotella;s__Prevotella_stercorea	k__Bacteria;p__Firmicutes;c__Clostridia;o__Clostridiales;f__Lachnospiraceae;g__Dorea;s__Dorea_longicatena	k__Bacteria;p__Firmicutes;c__Clostridia;o__Clostridiales;f__Eubacteriaceae;g__Eubacterium;s__[Eubacterium]_eligens	k__Bacteria;p__Firmicutes;c__Clostridia;o__Clostridiales;f__Ruminococcaceae;g__;s__Ruminococcaceae_bacterium_D16	k__Bacteria;p__Firmicutes;c__Clostridia;o__Clostridiales;f__Lachnospiraceae;g__Coprococcus;s__Coprococcus_comes	k__Bacteria;p__Proteobacteria;c__Gammaproteobacteria;o__Enterobacterales;f__Enterobacteriaceae;g__Escherichia;s__Escherichia_coli	k__Bacteria;p__Firmicutes;c__Clostridia;o__Clostridiales;f__Ruminococcaceae;g__Anaerotruncus;s__Anaerotruncus_colihominis	k__Bacteria;p__Firmicutes;c__Clostridia;o__Clostridiales;f__Lachnospiraceae;g__Blautia;s__Blautia_obeum	k__Bacteria;p__Bacteroidetes;c__Bacteroidia;o__Bacteroidales;f__Odoribacteraceae;g__Odoribacter;s__Odoribacter_laneus	k__Bacteria;p__Firmicutes;c__Clostridia;o__Clostridiales;f__Ruminococcaceae;g__Ruminiclostridium;s__[Clostridium]_leptum	k__Bacteria;p__Bacteroidetes;c__Bacteroidia;o__Bacteroidales;f__Porphyromonadaceae;g__Parabacteroides;s__Parabacteroides_goldsteinii	k__Bacteria;p__Firmicutes;c__Clostridia;o__Clostridiales;f__Lachnospiraceae;g__Anaerostipes;s__Anaerostipes_hadrus	k__Bacteria;p__Firmicutes;c__Clostridia;o__Clostridiales;f__Ruminococcaceae;g__Ruminococcus;s__Ruminococcus_lactaris	k__Bacteria;p__Firmicutes;c__Clostridia;o__Clostridiales;f__Clostridiaceae;g__Clostridium;s__Clostridium_sp._L2-50	k__Bacteria;p__Firmicutes;c__Clostridia;o__Clostridiales;f__Clostridiaceae;g__Clostridium;s__Clostridium_sp._M62/1	k__Bacteria;p__Firmicutes;c__Clostridia;o__Clostridiales;f__;g__Intestinimonas;s__Intestinimonas_butyriciproducens	k__Bacteria;p__Actinobacteria;c__Actinobacteria;o__Bifidobacteriales;f__Bifidobacteriaceae;g__Bifidobacterium;s__Bifidobacterium_bifidum	k__Bacteria;p__Firmicutes;c__Negativicutes;o__Veillonellales;f__Veillonellaceae;g__Dialister;s__Dialister_invisus	k__Bacteria;p__Bacteroidetes;c__Bacteroidia;o__Bacteroidales;f__Bacteroidaceae;g__Bacteroides;s__Bacteroides_salanitronis
k__Bacteria;p__Bacteroidetes;c__Bacteroidia;o__Bacteroidales;f__Bacteroidaceae;g__Bacteroides;s__Bacteroides_vulgatus	1.0	0.0765818499542	-0.0354315556287	-0.00777179856856	0.0253346053326	0.0444530819279	-0.0579125097933	-0.0120857028744	-0.0249638367995	0.0281780834001	0.00606326105939	0.00329147812699	-0.00163031134808	-0.0228563850415	-0.0321129259438	-0.0309571950239	0.0312917976965	-0.0392829041004	-0.0260344625655	0.00250087381073	0.0749045206016	0.0455576913292	-0.0364278788638	-0.0220915439558	0.0140558156086	0.0216082203346	-0.0339926228858	-0.0649381776806	0.0938233370916	-0.0216746321536	-0.00871326396871	-0.0298487788656	-0.0398502858767	0.00852098194035	0.0147047766796	-0.092783434979	-0.0330273926842	0.0206150247924	-0.0614532584184	0.0241498904845	0.00488049396365	-0.00577456607702	0.0072208878677	-0.00749493140791	0.0218333016943	-0.0175515966059	-0.0228775658253	-0.0360991070151	0.00120216493681	0.0278698179737	-0.0213553843086	-0.0337693902338	0.0460299128696	-0.0436798524153	0.00268477133855	-0.0418977865185	-0.0266291016942	-0.0119470476218	0.00632136509485
k__Bacteria;p__Bacteroidetes;c__Bacteroidia;o__Bacteroidales;f__Bacteroidaceae;g__Bacteroides;s__Bacteroides_uniformis	0.0765818499542	1.0	-0.0274099822116	0.0209896648719	0.01437955457	0.0255495152062	-0.0358006081317	0.000133650851022	-0.00915566931404	0.0634326986957	0.00544413581373	-0.0310653391076	0.000897104049474	-0.0688308693862	6.73354405232e-05	-0.0693668024045	-0.0626526790306	0.0360196589163	0.0164175764262	-0.00966914200129	0.0171358426247	0.0077312839578	0.0432644097737	-0.0156139891505	-0.00828559451409	0.00963698292861	0.00735390737399	-0.000473732293962	-0.000329027094964	0.0332596654976	0.00785908068052	-0.0404451954038	-0.0542494504654	0.0397230754833	0.0193179351669	0.0223663383924	0.01985168881	-0.0382155682293	-0.00826034539833	-0.00501912055718	0.0548637724473	0.00914728712983	-0.0772490507358	0.015248097993	0.00608676702698	-0.0135689372437	0.0317678202568	-0.0148676683743	-0.0267501076495	0.0182874152309	-0.0495409723061	-0.00786963547723	-0.0244517865034	-0.0073352996153	0.0107606134516	-0.034780111017	0.0328793373831	0.0136511290042	0.045450217411
k__Bacteria;p__Bacteroidetes;c__Bacteroidia;o__Bacteroidales;f__Rikenellaceae;g__Alistipes;s__Alistipes_putredinis	-0.0354315556287	-0.0274099822116	1.0	-0.0122481618494	-0.0504943711841	0.0506220186493	0.00694977250726	-0.0281070380631	-0.0461091523216	-0.0180032643382	0.0375929418134	-0.00954474187732	0.0151680925553	-0.0227165814389	-0.0106743133664	-0.0446754612529	0.0219075476679	-0.0703727813741	-0.0740567727831	-0.00724282250447	0.00438640654608	0.00919356124356	-0.0107315918736	-0.0267693563865	-0.0525108636878	-0.049232223218	0.00479103888651	0.0166028425549	-0.0124042504029	0.0163973829642	-0.0374484009327	0.0341973089405	0.0160128443321	0.000840054305447	0.0206596048641	-0.0316473538741	0.0447491107462	0.0346302296006	-0.00657528095868	0.0348258014322	-0.0638820376089	0.0189727449303	-0.0402813419362	0.00321901889028	0.0101404901533	0.0596171254439	-0.0319208576139	0.0148941092174	-0.00793543035648	-0.0160796669351	0.0472545899916	0.00904167487347	-0.0297244844812	-0.0189908862323	-0.0192986052138	0.0407791524257	-0.0165929779166	0.0307833896964	0.0424003930248
k__Bacteria;p__Bacteroidetes;c__Bacteroidia;o__Bacteroidales;f__Prevotellaceae;g__Prevotella;s__Prevotella_copri	-0.00777179856856	0.0209896648719	-0.0122481618494	1.0	0.0184608605434	-0.0126049826996	-0.035981506282	0.017251051031	-0.00785561940818	-0.0256844041955	-0.0491587575476	0.00919865951755	0.0112794048209	0.0359643719378	0.035803690065	-0.00989643776994	0.0119037339905	-0.0388930630754	-0.0148266161476	-0.07063621776	-0.0263878094912	0.00269113547177	-0.00531228187655	0.0420039118347	-0.0317848823898	-0.02669740061	-0.00901838443388	-0.00888918682333	0.0226366827246	-0.0320267717585	-0.0564557651507	0.000475241757179	0.0584121038418	-0.0167296055941	0.000835203939462	0.0139155207305	-0.0117725433426	0.0431619999354	0.00923397247227	-0.023584566341	0.027899499572	0.0107518380139	0.0335446369657	0.0311660505858	-0.026310751351	0.0427401011187	-0.0218382915998	-0.00248421223833	-0.0428243555759	-0.0237761745241	0.0185082843672	0.000184269508512	0.0708930907433	0.0224310327315	-0.0213891102261	-0.0434096698305	0.000406493572219	0.0118105677909	-0.0217380159386
k__Bacteria;p__Bacteroidetes;c__Bacteroidia;o__Bacteroidales;f__Bacteroidaceae;g__Bacteroides;s__Bacteroides_stercoris	0.0253346053326	0.01437955457	-0.0504943711841	0.0184608605434	1.0	-0.0592118018513	-0.0596281789121	0.0165961589936	0.0319481734974	0.0393574920266	-0.0289854360755	-0.0190098530106	0.0293838442939	-0.0241435047087	0.00651938986757	0.0234115458177	0.0309806487295	-0.0666764248261	0.0592565146348	-0.0150369477994	-0.0728820480137	-0.0454847269104	0.0236737778728	0.0347703550945	0.015884226461	-0.0317309376694	-0.011453903242	-0.0343357553776	0.00175935482676	-0.0222443713496	-0.0654954011774	0.0201866101211	0.00395891238913	-0.0016251811951	-0.00948133389037	-0.00672912096483	0.0147151208096	-0.00913788209046	-0.0393459110226	0.00376079588362	-0.0161140798119	0.0319494938886	-0.0154224405689	-0.0462249611451	-0.00779177820111	0.00310541156253	-0.0263616152602	0.0182788641758	-0.00839252745333	0.023382241768	0.0310912986493	0.0214719124484	-0.0441464650359	-0.0139026063568	-0.00936804269558	0.0119124162105	-0.0218790271263	-0.0316213012299	0.00141395313563
k__Bacteria;p__Bacteroidetes;c__Bacteroidia;o__Bacteroidales;f__Bacteroidaceae;g__Bacteroides;s__Bacteroides_ovatus	0.0444530819279	0.0255495152062	0.0506220186493	-0.0126049826996	-0.0592118018513	1.0	0.00407524726134	0.00537458928744	-0.0209739695329	-0.00583263024633	-0.0438528563884	0.0348118154419	0.0464330733644	-0.0422505353198	-0.0744565716041	0.00747743476507	-0.023146473052	0.0229787434368	0.0504159512054	-0.0199647344034	-0.0510276186754	-0.0266953839088	0.00453402327483	0.0158442748434	0.0228121048373	-0.0240496012838	0.0404007580585	-0.024280457987	-0.00818211481475	-0.02770636904	-0.00739788098553	-0.00357677403888	-0.0118721842895	0.000382915443213	0.0421867701397	-0.0164947407891	0.0022939826962	-0.0392058121317	0.00482989967302	0.0184369942634	-0.0174218139401	0.0405488487777	-0.0291613870328	0.0444032581223	0.0282085136421	0.0120287988519	0.0119907250661	0.0278875045606	0.027327166079	-0.0382408856127	0.0194815037319	0.0486416418956	0.01292861649	0.0188213699552	0.00439176164653	-0.0518583267059	-0.0133665761496	-0.00248009380032	-0.0361135187056
k__Bacteria;p__Bacteroidetes;c__Bacteroidia;o__Bacteroidales;f__Rikenellaceae;g__Alistipes;s__Alistipes_shahii	-0.0579125097933	-0.0358006081317	0.00694977250726	-0.035981506282	-0.0596281789121	0.00407524726134	1.0	-0.0100670625387	0.0491684670282	-0.0650597305598	-0.0449425655581	0.0225967507912	-0.0291721400996	0.0527389625322	-0.0168947476957	0.010578584649	-0.0289769508121	-0.00880170954877	0.0207858918959	0.00672831030117	0.0184247765831	0.00231944907394	0.0196476567042	0.0457924518372	0.0215644991075	0.00818176127289	-0.0272960494214	0.0175228358034	-0.0296696545563	-0.00531526793662	-0.0580252285568	-0.000540200675965	0.0244508423013	0.0433437881983	-0.0340137605766	-0.0327430270366	-0.0180145109743	0.00931928750074	-0.0382530035542	0.0237893711477	0.0284339499099	-0.0282717459931	-0.0109724608968	0.0363692766217	-0.0163479597372	-0.0464674330644	-0.00770997923735	-0.0702465553096	0.0062482571004	-0.00843178233288	0.0416397767618	-0.0688127858589	0.00724185434071	-0.0349771737287	-0.00936845749676	-0.0239544564581	0.00130885759679	-0.00828886112319	-0.01058801766
k__Bacteria;p__Firmicutes;c__Clostridia;o__Clostridiales;f__Ruminococcaceae;g__Faecalibacterium;s__Faecalibacterium_prausnitzii	-0.0120857028744	0.000133650851022	-0.0281070380631	0.017251051031	0.0165961589936	0.00537458928744	-0.0100670625387	1.0	-0.0138404794898	0.062112826842	0.00230377165133	-0.0185518598554	-0.0278347634632	-0.00157841583076	0.0159451947664	-0.00421674233148	-0.0846952860778	0.00496313516144	0.0348491067987	-0.0477489180126	-0.028124764605	0.0356350224061	0.00071446985125	-0.0290706466805	0.0226285976891	0.0276004558876	-0.024146376723	0.0490763334223	-0.0105737946905	-0.00323749184984	-0.04401328949	-0.00449823698063	-0.0357181057708	-0.0474875944866	-0.0335979940576	0.0103732607226	-0.0611625636017	0.00706684080432	-0.0739255150042	0.029191260228	0.0116331323246	-0.0271940241898	-0.0114413482433	0.00910444072879	-0.00688218523744	-0.0336524567639	-0.0312808294946	0.0340779313496	0.0178503657122	-0.040241365868	-0.032050651795	0.00899964355434	-0.0314275617691	0.0147956754382	-0.0294513962563	-0.0844141664491	0.0187097652113	-0.0389805935605	-0.0351943877506
k__Bacteria;p__Bacteroidetes;c__Bacteroidia;o__Bacteroidales;f__Rikenellaceae;g__Alistipes;s__Alistipes_finegoldii	-0.0249638367995	-0.00915566931404	-0.0461091523216	-0.00785561940818	0.0319481734974	-0.0209739695329	0.0491684670282	-0.0138404794898	1.0	0.0556535108237	-0.0340933175329	-0.0173897390268	0.0334605429873	-0.0355786776574	-0.0177957439842	-0.00434708468718	-0.00297236043378	-0.010075440772	-0.0411469521102	-0.0233458523998	-0.00990981048164	-0.0313868187009	0.0618298726056	0.0074385286122	-0.0228549069543	0.0208209262554	-0.00873999326492	0.0109825939117	0.0261050628436	-0.0513046531609	-0.0331691482557	0.0624204657288	0.0520475367914	0.023006326322	-0.0178231083006	-0.0664335834541	0.00363140546196	0.00354502744204	-0.0558492144038	-0.0366795780772	-0.0229138991319	0.0201145361715	0.00478001930304	0.0441283231968	0.00267275679707	-0.00881274802629	0.00255089271936	-0.0270648925973	-0.033059228737	-0.00925027901462	-0.0307491141786	-0.0396471441249	-0.0499760639653	-0.0454224013001	0.0259969775081	-0.00760450273825	-0.0474061324846	0.0541691486115	0.0479066316765
k__Bacteria;p__Bacteroidetes;c__Bacteroidia;o__Bacteroidales;f__Porphyromonadaceae;g__Parabacteroides;s__Parabacteroides_distasonis	0.0281780834001	0.0634326986957	-0.0180032643382	-0.0256844041955	0.0393574920266	-0.00583263024633	-0.0650597305598	0.062112826842	0.0556535108237	1.0	-0.00886370401879	-0.020392635903	-0.0540549371184	-0.00881412722391	-0.0183590695681	-0.0312238953528	0.00672566083419	-0.0596102779069	0.0818031637264	0.0204989051102	-0.0268953680869	0.0113106090618	0.0551008298724	0.0052175584873	-0.0223898178192	-0.0466138900621	-0.067949587756	0.00170550843368	0.0129304772557	0.0161715474657	-0.00809642537396	-0.0373317043549	-0.0135968180568	0.0407123277609	-0.000505948555412	-0.00084018432565	-0.0132678470572	-0.0496319576666	0.0425581989243	0.0121676341201	0.00520337008763	-0.022729192348	-0.0288945558201	-0.0210198625963	0.0363229579299	0.0143324884969	-0.0226694143698	0.0265974580892	-0.0219623780279	-0.0304678805561	-0.0241420279976	-0.0477285365667	-0.0415792690708	-0.00479036027281	0.0422445176767	-0.0796913707451	0.0460438882753	-0.047223213722	-0.0173982284798
k__Bacteria;p__Bacteroidetes;c__Bacteroidia;o__Bacteroidales;f__Bacteroidaceae;g__Bacteroides;s__Bacteroides_thetaiotaomicron	0.00606326105939	0.00544413581373	0.0375929418134	-0.0491587575476	-0.0289854360755	-0.0438528563884	-0.0449425655581	0.00230377165133	-0.0340933175329	-0.00886370401879	1.0	0.0126732500567	-0.0586850645548	0.0135214024444	0.00590531062619	-0.0263357682605	-0.028397753496	0.00683326133521	-0.0103884159327	-0.0269919476999	-0.0643706619001	-0.0138289624452	0.0357591291735	-0.00587460102443	-0.0262286965228	-0.0340575127672	-0.0176173572804	0.0150454382204	-0.0413299492794	0.0279183043755	-0.0198633921689	0.0382509072636	-0.044225092597	-0.0179800554803	0.0515061399297	-0.0225280051661	0.00294175196134	-0.0676852983665	0.00525331068091	-0.012369720963	-0.0376646187598	0.00806885572655	0.0411341850898	-0.0205602353321	-0.00138345040455	-0.0357308142265	0.0173709743209	-0.0367379696044	-0.0579141393604	0.0427282406215	0.0251746740139	0.00410895308692	-0.0146401006883	0.0059297371493	0.0278101288648	-0.0282190700288	0.0578892952133	0.0102798813124	-0.0200588455191
k__Bacteria;p__Bacteroidetes;c__Bacteroidia;o__Bacteroidales;f__Bacteroidaceae;g__Bacteroides;s__Bacteroides_coprocola	0.00329147812699	-0.0310653391076	-0.00954474187731	0.00919865951755	-0.0190098530106	0.0348118154419	0.0225967507912	-0.0185518598554	-0.0173897390268	-0.020392635903	0.0126732500567	1.0	0.0266636860282	0.0373830807375	0.0672516472706	0.0259858945179	-0.0286161219457	0.00492471292466	-0.0290000948506	0.0175436895345	0.00611284957363	-0.00954690931698	-0.0368230652998	-0.0495956861516	0.0301639481249	-0.0287247786312	-0.0141430259141	-0.0285992787086	-0.080029381767	-0.0519736727313	-0.0229434025961	-0.0271833950043	-0.0271249631044	0.0251170747163	-0.00182181540405	0.000722426839203	0.00452886392201	0.025268728427	0.044382521026	0.025475386376	0.0280464929636	-0.0956571821682	-0.0335651339913	-0.0117559569142	0.0250914709326	-0.036095251785	-0.0342863507445	-0.0130217100716	-0.022916139271	0.0769132527211	0.0102653561723	-0.0331324777177	-0.0294580125512	-0.0494431683502	0.0602482839456	-0.0169670631744	0.00303547112908	-0.0281979500807	-0.0390789284304
k__Bacteria;p__Bacteroidetes;c__Bacteroidia;o__Bacteroidales;f__Bacteroidaceae;g__Bacteroides;s__Bacteroides_cellulosilyticus	-0.00163031134808	0.000897104049474	0.0151680925553	0.0112794048209	0.0293838442939	0.0464330733644	-0.0291721400996	-0.0278347634632	0.0334605429873	-0.0540549371184	-0.0586850645548	0.0266636860282	1.0	-0.0459221707218	0.0708605181472	-0.0100326643265	0.00830973337176	-0.0634949711015	0.0250747665827	0.00454356254225	-0.00966225660204	-0.0408584422819	-0.0676953566571	-0.0523949250293	-0.0354120328909	0.00946213161914	-0.038999951569	-0.0598171061344	-0.0264276667695	0.00276061042986	-0.0055077161987	0.00362917500756	-0.0521978304595	0.0245515145196	0.0237014189197	-0.0575356854357	-0.0153858246297	-0.037258373197	0.0276814342721	0.00530602711528	0.00614554309128	0.0503134810444	0.00336202389706	-0.0471393409277	-0.0393321610566	-0.0231364410442	0.0312435542808	-0.00630308800661	-0.0232001253133	0.0545845491089	-0.0394388644659	-0.0455820688433	0.01423471235	0.0384822148049	-0.034083219894	0.0156578304471	-0.0144574435202	-0.0242464314011	-0.0137819129806
k__Bacteria;p__Bacteroidetes;c__Bacteroidia;o__Bacteroidales;f__Rikenellaceae;g__Alistipes;s__Alistipes_obesi	-0.0228563850415	-0.0688308693862	-0.0227165814389	0.0359643719378	-0.0241435047087	-0.0422505353198	0.0527389625322	-0.00157841583076	-0.0355786776574	-0.00881412722391	0.0135214024444	0.0373830807375	-0.0459221707218	1.0	0.0312108507374	-0.0185940188525	0.0421396651072	-0.0259799906623	-0.0606367909627	-0.026321766672	-0.0222237597529	-0.0167989280619	-0.0249147031026	-0.0310408938192	-0.0120294208106	-0.0411843941375	-0.0186511100764	-0.00803661041483	-0.0438136802262	-0.0521832670686	0.0331719612603	-0.0192591079686	-0.0424497585929	-0.0596874075783	-0.0451602917663	0.0278364936319	0.00664212689881	0.0073011687046	0.0149427218501	-0.0114124321336	0.0433119473947	-0.0220481929474	0.0503365436482	-0.0222379624933	-0.00995740020687	0.0167832245017	-0.0124229536571	-0.0115372934259	-0.0507040488503	0.0402397627714	-0.00100505839928	-0.00272143921468	-0.0256848991738	0.0141455816115	0.00280320147551	0.0188787464	-0.0531214419352	0.052241263415	0.0345707889201
k__Bacteria;p__Firmicutes;c__Clostridia;o__Clostridiales;f__Lachnospiraceae;g__;s__[Eubacterium]_rectale	-0.0321129259438	6.73354405232e-05	-0.0106743133664	0.035803690065	0.00651938986757	-0.0744565716041	-0.0168947476957	0.0159451947664	-0.0177957439842	-0.0183590695681	0.00590531062619	0.0672516472706	0.0708605181472	0.0312108507374	1.0	-0.0136085596958	-0.0300035185776	0.0232654256044	-0.00339189618877	-0.0343038691255	0.00187590257152	-0.025056323088	-0.0365252393942	-0.0183913451895	-0.0524540584648	0.00475828051853	-0.0377773250811	-0.0301089754592	-0.0168189487672	0.0230744097432	0.0187599827832	-0.0496576080063	0.0255493252853	-0.047743331441	0.0280966531588	-4.52512326972e-05	-0.0472496643124	0.00628869489955	-0.0341384355985	-0.0453123329573	-0.00807458723186	0.0129476399382	-0.0471370401235	0.0187274429687	-0.0193271251236	0.003138999992	0.029881574372	0.0268539204668	-0.0236941728797	-0.0198092655339	-0.0260766907419	-0.0164612798198	-0.0227805237083	0.0513091003556	-0.0087427133488	-0.00255669873896	-0.0100205935933	-0.00894361616522	0.0237173775048
k__Bacteria;p__Bacteroidetes;c__Bacteroidia;o__Bacteroidales;f__Bacteroidaceae;g__Bacteroides;s__Bacteroides_plebeius	-0.0309571950239	-0.0693668024045	-0.0446754612529	-0.00989643776994	0.0234115458177	0.00747743476507	0.010578584649	-0.00421674233148	-0.00434708468718	-0.0312238953528	-0.0263357682605	0.0259858945179	-0.0100326643265	-0.0185940188525	-0.0136085596958	1.0	0.0208940937914	-0.0642055197279	0.0112955387461	0.096686656936	-0.00460822068706	0.00225963455372	-0.0119110340228	0.0459742004159	0.0155336451987	-0.044709619404	0.0381824566274	0.0163674882407	0.062699530534	0.0397083816572	0.071373762576	0.0402325163776	-0.00202550265114	-0.0109903843858	0.00153850996965	-0.0307359828269	0.0076256475854	-0.0427690397956	-0.0302134497436	0.0243736280161	0.00478683647776	-0.0285761789308	-0.0519681012474	0.00834631313575	0.0307185459625	-0.00980445268949	-0.0639940628707	0.00451720835409	0.00497280691258	-0.0212450109564	-0.0334467933917	-0.051717815456	-0.0152632983411	-0.0286439082227	-0.00586714084355	-0.0115269437715	0.0103801064086	-0.00340928640164	0.00868747204458
k__Bacteria;p__Bacteroidetes;c__Bacteroidia;o__Bacteroidales;f__Bacteroidaceae;g__Bacteroides;s__Bacteroides_fragilis	0.0312917976965	-0.0626526790306	0.0219075476679	0.0119037339905	0.0309806487295	-0.023146473052	-0.0289769508121	-0.0846952860778	-0.00297236043378	0.00672566083419	-0.028397753496	-0.0286161219457	0.00830973337176	0.0421396651072	-0.0300035185776	0.0208940937914	1.0	0.0209246223423	0.0295233732597	-0.0214255075313	0.031101672869	0.0492420336709	-0.0220397930261	-0.0445563330703	-0.0402172429933	0.00283924197236	0.0108110665136	-0.0281394787616	0.0200465914442	-0.0246721368526	-0.0148922356977	0.0577581428205	0.0610381434704	-0.00623127584092	-0.0145686021061	0.0150212202363	-0.0029927513817	0.0659582933848	0.0483081292644	0.00567918368932	0.0147783044647	0.048704478923	-0.00327679417713	-0.00950710431236	0.0127572905759	-0.0468492026048	0.0784233731789	-0.0258235663989	-0.0803687191516	-0.00354786641574	-0.000589664300244	-0.034004799184	-0.0394320032563	0.0456918116657	-0.0478167611284	0.00598253679426	-0.0262454536374	0.00958213713636	-0.0781555978128
k__Bacteria;p__Proteobacteria;c__Betaproteobacteria;o__Burkholderiales;f__Sutterellaceae;g__Sutterella;s__Sutterella_wadsworthensis	-0.0392829041004	0.0360196589163	-0.0703727813741	-0.0388930630754	-0.0666764248261	0.0229787434368	-0.00880170954877	0.00496313516144	-0.010075440772	-0.0596102779069	0.00683326133521	0.00492471292466	-0.0634949711015	-0.0259799906623	0.0232654256044	-0.0642055197279	0.0209246223423	1.0	-0.0741844325788	0.0422931542922	0.0302755808728	-0.0159461586151	-0.0428242738958	0.0292030028341	-0.0452172371404	0.0264728304193	0.017492678082	-0.061398651237	0.00969371818348	0.00494294946307	-0.0434352720499	-0.0256667070668	0.0163315581188	-0.0503972489259	0.0102382058014	-0.0210888482085	0.015679845061	-0.00362363722747	-0.0266145933363	0.0770311743369	0.00607263152176	-0.0314524305457	-0.00495088895458	-0.0423033794559	-0.00345288982555	-0.0123766731224	0.0612171532841	-1.33405311163e-06	-0.0387438014278	-0.0306422725164	-0.0253582493904	0.0506560550845	-0.0246119678035	-0.0120896483038	0.0197425908577	0.0397399978119	-0.0185251636907	0.0136774860038	0.008019109446
k__Bacteria;p__Bacteroidetes;c__Bacteroidia;o__Bacteroidales;f__Porphyromonadaceae;g__Barnesiella;s__Barnesiella_intestinihominis	-0.0260344625655	0.0164175764262	-0.0740567727831	-0.0148266161476	0.0592565146348	0.0504159512054	0.0207858918959	0.0348491067987	-0.0411469521102	0.0818031637264	-0.0103884159327	-0.0290000948506	0.0250747665827	-0.0606367909627	-0.00339189618877	0.0112955387461	0.0295233732597	-0.0741844325788	1.0	0.0129922969772	0.0211519512003	-0.0121927388689	-0.0055973926162	0.00269483133461	0.0150906658566	-0.0921080574153	-0.0590651161817	0.00873195279298	0.0586736342559	-0.0166979443914	-0.0241219044541	-0.0674973108923	-0.000502303493745	-0.027031931904	0.017068801394	-0.00697180264801	0.0399051995395	0.0131367091243	-0.0354004488177	-0.0401966168192	0.0370365977262	-0.0224734042643	-0.00861850087202	0.0305427803813	0.000436798659137	-0.045902628727	0.00897000889385	0.035503753385	0.058643752262	0.00215416552971	0.0370266042985	-0.0498145281149	-0.0604440748997	-0.0826008990504	0.0261716603561	0.0430729616452	-0.0372938620811	-0.0526145247163	-0.00100669419326
k__Bacteria;p__Bacteroidetes;c__Bacteroidia;o__Bacteroidales;f__Odoribacteraceae;g__Odoribacter;s__Odoribacter_splanchnicus	0.00250087381073	-0.00966914200129	-0.00724282250447	-0.07063621776	-0.0150369477994	-0.0199647344034	0.00672831030117	-0.0477489180126	-0.0233458523998	0.0204989051102	-0.0269919476999	0.0175436895345	0.00454356254225	-0.026321766672	-0.0343038691255	0.096686656936	-0.0214255075313	0.0422931542922	0.0129922969772	1.0	0.0254789398859	0.012239543746	-0.0225091148486	-0.0453440828573	-0.0100430837589	0.00747538066101	0.0538678841098	-0.0137132226343	-0.0233342746018	-0.048498316142	-0.0036030371921	0.0298563083117	-0.0521255538615	-0.00223918251166	0.00307013415228	0.00233761818226	-0.0322071719453	0.0295196471069	-0.0498954879004	0.00924464743169	-0.0100405709395	0.00478713368159	-0.0256764681845	-0.0382198245648	0.0815338318876	-0.0171624111613	-0.0138950618868	-0.0288037309919	-0.0378984794523	0.0105541481801	0.0469491671186	-0.0497358781171	0.0278726015798	-0.0281038141582	-0.0206414824891	0.0425684725574	0.00469896375678	-0.0613169014482	-0.0222233692223
k__Bacteria;p__Bacteroidetes;c__Bacteroidia;o__Bacteroidales;f__Bacteroidaceae;g__Bacteroides;s__Bacteroides_salyersiae	0.0749045206016	0.0171358426247	0.00438640654608	-0.0263878094912	-0.0728820480137	-0.0510276186754	0.0184247765831	-0.028124764605	-0.00990981048164	-0.0268953680869	-0.0643706619001	0.00611284957363	-0.00966225660204	-0.0222237597529	0.00187590257152	-0.00460822068706	0.031101672869	0.0302755808728	0.0211519512003	0.0254789398859	1.0	-0.00127707151282	-0.0264538731099	0.0240779094971	-0.00210826427884	0.00861351659751	0.0122632039769	0.032905751364	0.0184610504119	0.0158335814504	0.00358702142038	-0.00750940068709	-0.00543941875892	0.0297072884925	0.0040740618962	-0.00433150551267	0.0321458314426	-0.0241673972625	0.02936052601	-0.0315722484784	-0.042668465198	-0.0773022504531	-0.0236770519233	-0.028605610131	0.0125689889914	0.00544733409449	0.0132470527431	0.00508167402517	-0.062277805218	-0.00890207694766	-0.0390486136818	-0.0268812781873	0.055003274272	-0.0443820752433	-0.0454923460874	-0.0476962042603	0.0576822467606	0.0227829066291	0.00875165473174
k__Bacteria;p__Firmicutes;c__Clostridia;o__Clostridiales;f__Ruminococcaceae;g__Ruminiclostridium;s__[Eubacterium]_siraeum	0.0455576913292	0.0077312839578	0.00919356124356	0.00269113547177	-0.0454847269104	-0.0266953839088	0.00231944907394	0.0356350224061	-0.0313868187009	0.0113106090618	-0.0138289624452	-0.00954690931698	-0.0408584422819	-0.0167989280619	-0.025056323088	0.00225963455372	0.0492420336709	-0.0159461586151	-0.0121927388689	0.012239543746	-0.00127707151282	1.0	-0.0158984932141	-0.0058573452388	-0.0386784455908	0.0316394683853	-1.5422822017e-05	0.00888187067304	-0.00101935325081	0.0383041952203	-0.0179199415868	-0.00635167555357	-0.0226444714499	0.0604178359229	-0.0209499329053	-0.0197736504449	-0.0459992936758	-0.00426092631534	-0.0370944278813	0.0207631764489	-0.0395751772744	0.0329467239626	-0.0785658795557	-0.0386029938678	-0.00275531529008	-0.0044484104328	0.0391097863272	-0.0487575639023	0.0164383783822	0.0796876768465	-0.0464909812643	0.0329754124024	-0.00578933633881	0.00754668503339	-0.00175263645812	0.0116916592966	-0.0343083204478	-0.0343821055651	-0.00539292535647
k__Bacteria;p__Proteobacteria;c__Betaproteobacteria;o__Burkholderiales;f__Sutterellaceae;g__Parasutterella;s__Parasutterella_excrementihominis	-0.0364278788638	0.0432644097737	-0.0107315918736	-0.00531228187655	0.0236737778728	0.00453402327483	0.0196476567042	0.000714469851249	0.0618298726056	0.0551008298724	0.0357591291735	-0.0368230652998	-0.0676953566571	-0.0249147031026	-0.0365252393942	-0.0119110340228	-0.0220397930261	-0.0428242738958	-0.0055973926162	-0.0225091148486	-0.0264538731099	-0.0158984932141	1.0	-0.0211114401341	0.0338049459716	-0.0506455623954	-0.0259508442702	-0.00547453791311	0.0154627645602	0.0104642557887	-0.0447088265012	-0.0188558359558	-0.0428056901824	-0.0236763613179	1.94839155586e-05	-0.0595066980831	0.0128853709213	-0.0129984510721	0.00109749089205	0.0247009692888	0.00589745719711	-0.0236627909689	-0.0356113588131	-0.0501107325066	0.0255157098651	-0.00345034537866	-0.0330437419961	0.0137557299365	-0.00354408198398	-0.0648328181333	-0.0178738053234	-0.0334820005088	-0.0213132967864	-0.0311236187469	0.00412005373466	-0.0456864734827	-0.000506634419576	0.0198518981823	0.0240719202551
k__Bacteria;p__Actinobacteria;c__Actinobacteria;o__Bifidobacteriales;f__Bifidobacteriaceae;g__Bifidobacterium;s__Bifidobacterium_adolescentis	-0.0220915439558	-0.0156139891505	-0.0267693563865	0.0420039118347	0.0347703550945	0.0158442748434	0.0457924518372	-0.0290706466805	0.0074385286122	0.0052175584873	-0.00587460102443	-0.0495956861516	-0.0523949250293	-0.0310408938192	-0.0183913451895	0.0459742004159	-0.0445563330703	0.0292030028341	0.00269483133461	-0.0453440828573	0.0240779094971	-0.0058573452388	-0.0211114401341	1.0	0.00517655871655	-0.00638215154625	0.0118154311843	-0.0418447803674	-0.024328079189	0.0484579694619	-0.0406420802268	-0.0409321033624	0.0414753223039	-0.0299046409969	-0.0100508306023	-0.0140121130113	0.0480979737125	0.00139424170664	0.00582499485884	-0.0281327050595	0.0219489769714	0.03418472644	0.0287527124646	-0.0232075456241	-0.0410540918582	0.0487053948146	0.0392380235464	-0.0142293711462	-0.0446682912028	-0.00902536407006	0.0079529852503	0.036158311865	0.0204730000254	-0.0552256861334	-0.00293676696099	-0.0421818181876	0.010144593546	-0.00539291386068	0.00580542345394
k__Bacteria;p__Firmicutes;c__Clostridia;o__Clostridiales;f__Oscillospiraceae;g__Oscillibacter;s__Oscillibacter_sp._KLE_1745	0.0140558156086	-0.00828559451409	-0.0525108636878	-0.0317848823898	0.015884226461	0.0228121048373	0.0215644991075	0.0226285976891	-0.0228549069543	-0.0223898178192	-0.0262286965228	0.0301639481249	-0.0354120328909	-0.0120294208106	-0.0524540584648	0.0155336451987	-0.0402172429933	-0.0452172371404	0.0150906658566	-0.0100430837589	-0.00210826427884	-0.0386784455908	0.0338049459716	0.00517655871655	1.0	-0.0663074101989	0.0701407694324	-0.0318803508972	0.0311398753926	-0.042933985008	-0.00364318068076	0.0125081399666	0.00848750569816	0.0151483386635	0.0101355866777	0.0819963502693	0.0179706384331	0.0251775782773	0.04562991099	-0.00831972137125	-0.0351179157504	-0.0170053029217	-0.0138623498345	0.0196843163316	0.0252491864482	-0.0315621774732	0.0232314362135	-0.0304401169604	0.00156261878743	-0.0353987302609	-0.0394777082625	-0.00599118042453	-0.00126887716185	0.0281616669687	-0.0142744837532	0.00164863116532	-0.0200407057063	0.0128433131203	0.00440652165828
k__Bacteria;p__Bacteroidetes;c__Bacteroidia;o__Bacteroidales;f__Bacteroidaceae;g__Bacteroides;s__Bacteroides_coprophilus	0.0216082203346	0.00963698292861	-0.049232223218	-0.02669740061	-0.0317309376694	-0.0240496012838	0.00818176127289	0.0276004558876	0.0208209262554	-0.0466138900621	-0.0340575127672	-0.0287247786312	0.00946213161914	-0.0411843941375	0.00475828051853	-0.044709619404	0.00283924197236	0.0264728304193	-0.0921080574153	0.00747538066101	0.00861351659751	0.0316394683853	-0.0506455623954	-0.00638215154625	-0.0663074101989	1.0	0.0102427752848	-0.018225613232	0.0215286483618	0.0546602352204	0.0542993630654	-0.0311365854618	0.0313597225303	-0.0306292230265	-0.0359382022515	0.023122121566	-0.045507597838	-0.0159995359598	0.000749917241419	-0.0865697236001	0.0404786767399	-0.00381577885009	0.0309627257799	0.0361347024581	0.0307887714799	-0.0273079608823	-0.00277881219754	0.00475986128486	0.039855131736	0.00307077200228	-0.0591823041313	-0.0373161589141	0.0302483077322	-0.00421160823119	-0.0104554755678	0.00393848015893	-0.0490064735856	-0.00544979919925	-0.0858898556224
k__Bacteria;p__Firmicutes;c__Clostridia;o__Clostridiales;f__Lachnospiraceae;g__Roseburia;s__Roseburia_intestinalis	-0.0339926228858	0.00735390737399	0.00479103888651	-0.00901838443388	-0.011453903242	0.0404007580585	-0.0272960494214	-0.024146376723	-0.00873999326492	-0.067949587756	-0.0176173572804	-0.0141430259141	-0.038999951569	-0.0186511100764	-0.0377773250811	0.0381824566274	0.0108110665136	0.017492678082	-0.0590651161817	0.0538678841098	0.0122632039769	-1.54228220171e-05	-0.0259508442702	0.0118154311843	0.0701407694324	0.0102427752848	1.0	-0.0371373067506	-0.0632793768104	0.00665023811565	0.009868440949	0.0135516855179	-0.0380454402585	-0.0273584734177	-0.0199204109959	-0.015423939628	-0.009789435697	-0.0298897311578	0.0211100485788	0.00828128626655	-0.00700779960305	-0.0425022487047	-0.0268002064531	0.026698127587	0.0164264223051	0.0162498688231	0.0166366080616	0.00734819187021	0.0197677879605	0.0451270229145	-0.0204487085269	-0.0528447822232	0.0154586660631	0.0401415793315	-0.0208464821786	0.0135680776045	-0.00721479333364	0.0343169510057	0.0472183340464
k__Bacteria;p__Firmicutes;c__Clostridia;o__Clostridiales;f__Lachnospiraceae;g__Roseburia;s__Roseburia_hominis	-0.0649381776806	-0.000473732293962	0.0166028425549	-0.00888918682333	-0.0343357553776	-0.024280457987	0.0175228358034	0.0490763334223	0.0109825939117	0.00170550843368	0.0150454382204	-0.0285992787086	-0.0598171061344	-0.00803661041483	-0.0301089754592	0.0163674882407	-0.0281394787616	-0.061398651237	0.00873195279298	-0.0137132226343	0.032905751364	0.00888187067304	-0.00547453791311	-0.0418447803674	-0.0318803508972	-0.018225613232	-0.0371373067506	1.0	-0.0313041815052	-0.024182352196	0.0297601302045	-0.00867155346238	-0.0106785150768	-0.0307088297196	-0.0240513111114	-0.0352910745935	-0.0195995866963	-0.0285485141323	-0.0509463921459	0.0263449256114	-0.0149566375861	0.00591990560285	0.0275331606365	0.0423730816669	-0.0393373175046	0.0174733735609	-0.0163919801426	0.0159895376243	-0.0105664125764	0.029263182684	-0.00102916497169	-0.0719619586367	-0.0580363483216	-0.0441055049184	0.0330610024693	0.0471608103136	0.016300139916	-0.0339469677173	0.00370307518081
k__Bacteria;p__Bacteroidetes;c__Bacteroidia;o__Bacteroidales;f__Porphyromonadaceae;g__Parabacteroides;s__Parabacteroides_johnsonii	0.0938233370916	-0.000329027094964	-0.0124042504029	0.0226366827246	0.00175935482676	-0.00818211481475	-0.0296696545563	-0.0105737946905	0.0261050628436	0.0129304772557	-0.0413299492794	-0.080029381767	-0.0264276667695	-0.0438136802262	-0.0168189487672	0.062699530534	0.0200465914442	0.00969371818348	0.0586736342559	-0.0233342746018	0.0184610504119	-0.00101935325081	0.0154627645602	-0.024328079189	0.0311398753926	0.0215286483618	-0.0632793768104	-0.0313041815052	1.0	-0.0135563930147	0.0362915660405	0.0072610406452	0.041149584913	0.00526093907868	-0.0238245459504	-0.0402886785359	0.0299588474002	-0.0163611055343	-0.0310993672924	-0.0113791395995	-0.0361485776899	-0.0187540588816	-0.0660808412094	0.0138812034031	0.000749878803174	-0.0173907679588	-0.000326960887454	-0.017772265098	0.00428888052974	-0.0583083444896	-0.0187833205192	-0.00951435772773	-0.0283891030375	0.0360462525403	-0.0321472231674	0.0353895315533	0.00574687056163	-0.00193775858232	-0.0432631974685
k__Bacteria;p__Actinobacteria;c__Actinobacteria;o__Bifidobacteriales;f__Bifidobacteriaceae;g__Bifidobacterium;s__Bifidobacterium_longum	-0.0216746321536	0.0332596654976	0.0163973829642	-0.0320267717585	-0.0222443713496	-0.02770636904	-0.00531526793662	-0.00323749184984	-0.0513046531609	0.0161715474657	0.0279183043755	-0.0519736727313	0.00276061042986	-0.0521832670686	0.0230744097432	0.0397083816572	-0.0246721368526	0.00494294946307	-0.0166979443914	-0.048498316142	0.0158335814504	0.0383041952203	0.0104642557887	0.0484579694619	-0.042933985008	0.0546602352204	0.00665023811565	-0.024182352196	-0.0135563930147	1.0	0.0178598116938	-0.0261429325286	-0.00406257913512	-0.00538056030449	0.0283526341975	-0.0345200695484	0.0394626269664	0.00276480250914	-0.0680110858619	-0.0440579570178	0.000831151057021	0.000752400074932	0.08895718053	0.0153595912686	-0.0771252337313	-0.00386941510137	-0.021641773315	-0.00187541154808	-0.00388023087411	-0.0490373395167	0.0403750425991	0.039686699023	0.0275821698469	0.012858086596	-0.0358811952249	-0.0283305608815	-0.0281020470345	0.0181001173724	0.00743527316992
