#taxonomy	k__Bacteria;p__Bacteroidetes;c__Bacteroidia;o__Bacteroidales;f__Bacteroidaceae;g__Bacteroides;s__Bacteroides_vulgatus	k__Bacteria;p__Bacteroidetes;c__Bacteroidia;o__Bacteroidales;f__Bacteroidaceae;g__Bacteroides;s__Bacteroides_uniformis	k__Bacteria;p__Bacteroidetes;c__Bacteroidia;o__Bacteroidales;f__Rikenellaceae;g__Alistipes;s__Alistipes_putredinis	k__Bacteria;p__Bacteroidetes;c__Bacteroidia;o__Bacteroidales;f__Prevotellaceae;g__Prevotella;s__Prevotella_copri	k__Bacteria;p__Bacteroidetes;c__Bacteroidia;o__Bacteroidales;f__Bacteroidaceae;g__Bacteroides;s__Bacteroides_stercoris	k__Bacteria;p__Bacteroidetes;c__Bacteroidia;o__Bacteroidales;f__Bacteroidaceae;g__Bacteroides;s__Bacteroides_ovatus	k__Bacteria;p__Bacteroidetes;c__Bacteroidia;o__Bacteroidales;f__Rikenellaceae;g__Alistipes;s__Alistipes_shahii	k__Bacteria;p__Firmicutes;c__Clostridia;o__Clostridiales;f__Ruminococcaceae;g__Faecalibacterium;s__Faecalibacterium_prausnitzii	k__Bacteria;p__Bacteroidetes;c__Bacteroidia;o__Bacteroidales;f__Rikenellaceae;g__Alistipes;s__Alistipes_finegoldii	k__Bacteria;p__Bacteroidetes;c__Bacteroidia;o__Bacteroidales;f__Porphyromonadaceae;g__Parabacteroides;s__Parabacteroides_distasonis	k__Bacteria;p__Bacteroidetes;c__Bacteroidia;o__Bacteroidales;f__Bacteroidaceae;g__Bacteroides;s__Bacteroides_thetaiotaomicron	k__Bacteria;p__Bacteroidetes;c__Bacteroidia;o__Bacteroidales;f__Bacteroidaceae;g__Bacteroides;s__Bacteroides_coprocola	k__Bacteria;p__Bacteroidetes;c__Bacteroidia;o__Bacteroidales;f__Bacteroidaceae;g__Bacteroides;s__Bacteroides_cellulosilyticus	k__Bacteria;p__Bacteroidetes;c__Bacteroidia;o__Bacteroidales;f__Rikenellaceae;g__Alistipes;s__Alistipes_obesi	k__Bacteria;p__Firmicutes;c__Clostridia;o__Clostridiales;f__Lachnospiraceae;g__;s__[Eubacterium]_rectale	k__Bacteria;p__Bacteroidetes;c__Bacteroidia;o__Bacteroidales;f__Bacteroidaceae;g__Bacteroides;s__Bacteroides_plebeius	k__Bacteria;p__Bacteroidetes;c__Bacteroidia;o__Bacteroidales;f__Bacteroidaceae;g__Bacteroides;s__Bacteroides_fragilis	k__Bacteria;p__Proteobacteria;c__Betaproteobacteria;o__Burkholderiales;f__Sutterellaceae;g__Sutterella;s__Sutterella_wadsworthensis	k__Bacteria;p__Bacteroidetes;c__Bacteroidia;o__Bacteroidales;f__Porphyromonadaceae;g__Barnesiella;s__Barnesiella_intestinihominis	k__Bacteria;p__Bacteroidetes;c__Bacteroidia;o__Bacteroidales;f__Odoribacteraceae;g__Odoribacter;s__Odoribacter_splanchnicus	k__Bacteria;p__Bacteroidetes;c__Bacteroidia;o__Bacteroidales;f__Bacteroidaceae;g__Bacteroides;s__Bacteroides_salyersiae	k__Bacteria;p__Firmicutes;c__Clostridia;o__Clostridiales;f__Ruminococcaceae;g__Ruminiclostridium;s__[Eubacterium]_siraeum	k__Bacteria;p__Proteobacteria;c__Betaproteobacteria;o__Burkholderiales;f__Sutterellaceae;g__Parasutterella;s__Parasutterella_excrementihominis	k__Bacteria;p__Actinobacteria;c__Actinobacteria;o__Bifidobacteriales;f__Bifidobacteriaceae;g__Bifidobacterium;s__Bifidobacterium_adolescentis	k__Bacteria;p__Firmicutes;c__Clostridia;o__Clostridiales;f__Oscillospiraceae;g__Oscillibacter;s__Oscillibacter_sp._KLE_1745	k__Bacteria;p__Bacteroidetes;c__Bacteroidia;o__Bacteroidales;f__Bacteroidaceae;g__Bacteroides;s__Bacteroides_coprophilus	k__Bacteria;p__Firmicutes;c__Clostridia;o__Clostridiales;f__Lachnospiraceae;g__Roseburia;s__Roseburia_intestinalis	k__Bacteria;p__Firmicutes;c__Clostridia;o__Clostridiales;f__Lachnospiraceae;g__Roseburia;s__Roseburia_hominis	k__Bacteria;p__Bacteroidetes;c__Bacteroidia;o__Bacteroidales;f__Porphyromonadaceae;g__Parabacteroides;s__Parabacteroides_johnsonii	k__Bacteria;p__Actinobacteria;c__Actinobacteria;o__Bifidobacteriales;f__Bifidobacteriaceae;g__Bifidobacterium;s__Bifidobacterium_longum	k__Bacteria;p__Firmicutes;c__Clostridia;o__Clostridiales;f__;g__Flavonifractor;s__Flavonifractor_plautii	k__Bacteria;p__Firmicutes;c__Clostridia;o__Clostridiales;f__Clostridiaceae;g__Clostridium;s__Clostridium_phoceensis	k__Bacteria;p__Verrucomicrobia;c__Verrucomicrobiae;o__Verrucomicrobiales;f__Akkermansiaceae;g__Akkermansia;s__Akkermansia_muciniphila	k__Bacteria;p__Bacteroidetes;c__Bacteroidia;o__Bacteroidales;f__Prevotellaceae;g__Paraprevotella;s__Paraprevotella_xylaniphila	k__Bacteria;p__Firmicutes;c__Clostridia;o__Clostridiales;f__Ruminococcaceae;g__Ruminococcus;s__Ruminococcus_callidus	k__Bacteria;p__Bacteroidetes;c__Bacteroidia;o__Bacteroidales;f__Rikenellaceae;g__Alistipes;s__Alistipes_senegalensis	k__Bacteria;p__Firmicutes;c__Clostridia;o__Clostridiales;f__Lachnospiraceae;g__Blautia;s__Blautia_sp._KLE_1732	k__Bacteria;p__Bacteroidetes;c__Bacteroidia;o__Bacteroidales;f__Bacteroidaceae;g__Bacteroides;s__Bacteroides_oleiciplenus	k__Bacteria;p__Firmicutes;c__Clostridia;o__Clostridiales;f__Ruminococcaceae;g__Ruminococcus;s__Ruminococcus_bicirculans	k__Bacteria;p__Bacteroidetes;c__Bacteroidia;o__Bacteroidales;f__Bacteroidaceae;g__Bacteroides;s__Bacteroides_fluxus	k__Bacteria;p__Bacteroidetes;c__Bacteroidia;o__Bacteroidales;f__Prevotellaceae;g__Prevotella;s__Prevotella_stercorea	k__Bacteria;p__Firmicutes;c__Clostridia;o__Clostridiales;f__Lachnospiraceae;g__Dorea;s__Dorea_longicatena	k__Bacteria;p__Firmicutes;c__Clostridia;o__Clostridiales;f__Eubacteriaceae;g__Eubacterium;s__[Eubacterium]_eligens	k__Bacteria;p__Firmicutes;c__Clostridia;o__Clostridiales;f__Ruminococcaceae;g__;s__Ruminococcaceae_bacterium_D16	k__Bacteria;p__Firmicutes;c__Clostridia;o__Clostridiales;f__Lachnospiraceae;g__Coprococcus;s__Coprococcus_comes	k__Bacteria;p__Proteobacteria;c__Gammaproteobacteria;o__Enterobacterales;f__Enterobacteriaceae;g__Escherichia;s__Escherichia_coli	k__Bacteria;p__Firmicutes;c__Clostridia;o__Clostridiales;f__Ruminococcaceae;g__Anaerotruncus;s__Anaerotruncus_colihominis	k__Bacteria;p__Firmicutes;c__Clostridia;o__Clostridiales;f__Lachnospiraceae;g__Blautia;s__Blautia_obeum	k__Bacteria;p__Bacteroidetes;c__Bacteroidia;o__Bacteroidales;f__Odoribacteraceae;g__Odoribacter;s__Odoribacter_laneus	k__Bacteria;p__Firmicutes;c__Clostridia;o__Clostridiales;f__Ruminococcaceae;g__Ruminiclostridium;s__[Clostridium]_leptum	k__Bacteria;p__Bacteroidetes;c__Bacteroidia;o__Bacteroidales;f__Porphyromonadaceae;g__Parabacteroides;s__Parabacteroides_goldsteinii	k__Bacteria;p__Firmicutes;c__Clostridia;o__Clostridiales;f__Lachnospiraceae;g__Anaerostipes;s__Anaerostipes_hadrus	k__Bacteria;p__Firmicutes;c__Clostridia;o__Clostridiales;f__Ruminococcaceae;g__Ruminococcus;s__Ruminococcus_lactaris	k__Bacteria;p__Firmicutes;c__Clostridia;o__Clostridiales;f__Clostridiaceae;g__Clostridium;s__Clostridium_sp._L2-50	k__Bacteria;p__Firmicutes;c__Clostridia;o__Clostridiales;f__Clostridiaceae;g__Clostridium;s__Clostridium_sp._M62/1	k__Bacteria;p__Firmicutes;c__Clostridia;o__Clostridiales;f__;g__Intestinimonas;s__Intestinimonas_butyriciproducens	k__Bacteria;p__Actinobacteria;c__Actinobacteria;o__Bifidobacteriales;f__Bifidobacteriaceae;g__Bifidobacterium;s__Bifidobacterium_bifidum	k__Bacteria;p__Firmicutes;c__Negativicutes;o__Veillonellales;f__Veillonellaceae;g__Dialister;s__Dialister_invisus	k__Bacteria;p__Bacteroidetes;c__Bacteroidia;o__Bacteroidales;f__Bacteroidaceae;g__Bacteroides;s__Bacteroides_salanitronis
k__Bacteria;p__Bacteroidetes;c__Bacteroidia;o__Bacteroidales;f__Bacteroidaceae;g__Bacteroides;s__Bacteroides_vulgatus	1.0	0.0760056491625	-0.0624084818545	-0.00203513629827	-0.0436624675616	0.00648774154762	0.0308461147136	0.0365589427058	-0.0670752924408	-0.0242080022417	0.0255787578752	0.0500148005013	-0.0595186709754	-0.016254540294	-0.0621183611603	0.0286997628535	-0.073454188639	-0.0278225308898	-0.00110133139702	-0.0355181080104	0.00804124775543	0.0187126101709	-0.0136702791594	-0.0399589958012	-0.0283681382857	0.0641743683839	-0.0177390773929	-0.0107365130413	0.059503151929	-0.00764946422775	-0.0329026672655	-0.0257295117061	-0.00117513510721	0.0581556566672	0.0170325445918	-0.0566277223554	-0.0459232005522	0.0355285047314	-0.00979363783879	0.0655503130852	0.0491030344377	0.0150116116762	0.0381019292234	-0.0236836847734	0.0182242763347	-0.0488049232808	-0.00920464164943	-0.00304428862185	0.0345914753909	-0.013626761944	-0.029337669444	-0.0296663364063	0.0131481730347	-0.0215818170214	0.0231014943348	-0.0270458104321	-0.0492814573336	0.00319517078975	-0.00762048154795
k__Bacteria;p__Bacteroidetes;c__Bacteroidia;o__Bacteroidales;f__Bacteroidaceae;g__Bacteroides;s__Bacteroides_uniformis	0.0760056491625	1.0	-0.0569396071526	-0.0136492600781	-0.0358265084936	0.0275572879808	-0.00334694696815	-0.041444221633	-0.0467817837485	-0.0226022213978	0.043496868949	0.0223250949712	0.0079085642585	0.0206937788078	0.00364682894151	0.0387896942134	-0.0552098143139	-0.0359452377892	0.0522540246644	-0.0470733911627	0.0408080033719	0.0118336848345	0.0050043185703	-0.0238669016654	0.0223587195688	-0.0651716182201	-0.0101695048699	-0.0256711503848	-0.0502801396307	0.00863684113753	-0.0438040173842	0.00819573938453	-0.0277384829922	-0.0551082621955	0.0109969762006	-0.00963818278724	0.0366355083559	0.0665979874657	-0.0652308405933	0.0092167227223	0.0676659126447	-0.0167487617278	0.0215999105194	0.0335244361646	-0.0177307997251	-0.0142687986956	0.0277943419531	0.0127508168626	0.0604517444887	-0.00210129233383	-0.0292270582925	-0.0623455585898	0.0425067933587	-0.00313958913388	0.0239041539674	-0.00947922828624	0.00474574464841	-0.0637622794172	-0.0922942204505
k__Bacteria;p__Bacteroidetes;c__Bacteroidia;o__Bacteroidales;f__Rikenellaceae;g__Alistipes;s__Alistipes_putredinis	-0.0624084818545	-0.0569396071526	1.0	-0.0109708261343	-0.0208590618454	0.00759067093998	-0.0155674255824	-0.0119395075369	-0.098058847092	-0.0083323229271	-0.0232472008688	-0.0478952031136	-0.0262556191868	-0.0499172440899	-0.0831917981299	-0.00236961821107	-0.00808581166043	-0.0569246542315	-0.0219273490522	-0.0089235250102	-0.0236245928757	0.0406487959027	0.0649102296386	0.0760712226104	-0.0457249648695	0.0163843648413	0.0452535441507	-0.0598915119862	-0.00286481821546	0.0560442925696	0.00132970532288	-0.022644703987	-0.00689579638738	-0.0259165567045	-0.0156824707597	0.0800605054949	-0.055330551544	-0.0304984799186	0.0411662595682	-0.0471801582139	-0.000930521713052	0.00949258080397	-0.111965372282	0.0367788931052	0.0709759568916	-0.0321779382002	-0.0176664805134	0.061489479705	-0.0258260904381	0.00316494120797	-0.000538971979982	0.0195097377567	-0.012270892773	0.00243966005896	-0.0103802825709	-0.0301681340435	0.00882727947292	0.0136091243781	0.000280724142843
k__Bacteria;p__Bacteroidetes;c__Bacteroidia;o__Bacteroidales;f__Prevotellaceae;g__Prevotella;s__Prevotella_copri	-0.00203513629827	-0.0136492600781	-0.0109708261343	1.0	0.0111668322373	0.0249554490526	-0.0716639212732	-0.0153697549363	-0.00361506299283	-0.0517459893347	-0.0933756251691	0.000777426467729	-0.0446688406685	0.0263132615534	0.0279014265609	0.0357773637937	0.0185793506645	-0.00530437351849	-0.066147235258	0.0399738754274	0.0653791899206	-0.0248058825198	-0.0679122491296	0.0185496498228	-0.0182271753881	-0.0260253697543	0.0258899299178	-0.0729040206402	-0.0792058674136	0.00106066188588	-0.0338757506576	0.00728244130878	0.0176269202276	0.0281480709603	0.0459644130353	0.0342496483236	-0.0243985924963	-0.00785314740534	-0.0622521573318	0.00179618851727	-0.0423428959977	0.0211220573056	-0.00229833421088	-0.0557320807453	-0.0338286070812	-0.0546573523419	0.0269578116198	-0.0281569231821	-0.0506424746429	-0.0160088098649	-0.00361148861957	0.015077215523	0.0566508645996	-0.00346849264975	-0.00669356442951	-0.0258299127823	0.016783709	0.0241379930266	-0.0100224759204
k__Bacteria;p__Bacteroidetes;c__Bacteroidia;o__Bacteroidales;f__Bacteroidaceae;g__Bacteroides;s__Bacteroides_stercoris	-0.0436624675616	-0.0358265084936	-0.0208590618454	0.0111668322373	1.0	0.0169824856317	0.0243493609035	-0.0137014695902	0.00146874141981	-0.0126989841948	0.00934609946663	0.016073522622	-0.000569188120555	0.0153454487803	-0.00016887496255	0.047963552607	-0.0571174958032	0.019497956387	-0.0199121447163	0.0284630799201	0.000598606770469	-0.0431937582423	0.0241618180503	-0.00504657588184	-0.0229904555817	-0.0610133141285	-0.0181411620594	0.00684523473108	0.00564663437138	-0.0136395368896	0.0254452561259	0.0110295411575	-0.0321391888551	-0.0312983965129	-0.00280314885811	-0.040676928912	-0.0110015064085	-0.0236914405448	-0.00226604216602	-0.0294191001918	0.00848669086441	-0.0493054025803	0.0563148885756	-0.00828356946472	0.027000817787	-0.0299419564093	-0.0112311393334	-0.0217874847203	0.00253277941093	-0.0283292968499	-0.0565164742945	0.0174630684258	-0.0538090734208	-0.0242186889807	0.0356415730373	0.022659515367	0.0646974466743	-0.0355139450874	-0.0695829476653
k__Bacteria;p__Bacteroidetes;c__Bacteroidia;o__Bacteroidales;f__Bacteroidaceae;g__Bacteroides;s__Bacteroides_ovatus	0.00648774154762	0.0275572879808	0.00759067093998	0.0249554490526	0.0169824856317	1.0	-0.0344798414315	0.0310645079746	-0.0104310826679	0.0119874242435	-0.00780429111103	0.0592287691193	-0.0493947271525	0.0606269545536	0.0502245417207	-0.0331284347661	0.0842055752924	0.00507346371965	-0.024160034478	-0.02635460722	-0.0247642755445	-0.00766334543609	0.0220593730782	-0.0976329416266	0.00610849141429	-0.0335801202302	0.0264855075735	-0.0618557442458	0.00288560488047	0.0195129198971	-0.00837273650187	0.0568901779619	-0.000515945564144	-0.0169886508738	-0.0054868577131	-0.0082420701099	0.00155950208713	-0.00291722462611	-0.000657796879492	-0.0763854392973	0.0410626699899	0.0268360660066	-0.0277868974661	-0.0288256518026	-0.0490813048695	0.0313057682565	-0.0167008633887	-0.0140678196193	-0.00620013840521	-0.00287839520867	-0.0226744730053	-0.0123989610191	0.00204097345379	-0.00733268696783	-0.0767405671477	-0.0111094190685	0.00942128815962	-0.00186491141209	0.019651861847
k__Bacteria;p__Bacteroidetes;c__Bacteroidia;o__Bacteroidales;f__Rikenellaceae;g__Alistipes;s__Alistipes_shahii	0.0308461147136	-0.00334694696815	-0.0155674255824	-0.0716639212732	0.0243493609035	-0.0344798414315	1.0	-0.0216873742351	-0.0453570789882	-0.0383213469083	-0.0111269456592	-0.0172752184918	0.00497548934134	0.0187497340999	0.000123577276839	-0.0784259548038	-0.0322217231783	-0.0512253640583	0.0379516071831	0.0133364168893	0.0044573339477	0.0350647007505	-0.0576451167709	-0.0170930866962	-0.0343203733375	-0.0413739052657	-0.0130394875016	-0.0470753978147	0.000427629279328	0.0497371660779	0.0378943086843	0.0294721220954	-0.0354134277955	-0.0368547715662	-0.00430716104867	-0.00251264390569	-0.0535210845561	-0.0303435267013	-0.00854295998138	-0.0272977392864	0.00285256982186	0.0244294173693	0.0516525523914	0.0104348038112	0.0060776653285	-0.0131450316024	-0.0406957173793	0.0220816317993	-0.0151201910268	-0.0176662282843	0.0159631060214	0.0366685379922	-0.0297066244372	0.0510763987171	-0.0193148735874	0.00150383601106	0.0339727252183	0.0137228927254	-0.0107828705016
k__Bacteria;p__Firmicutes;c__Clostridia;o__Clostridiales;f__Ruminococcaceae;g__Faecalibacterium;s__Faecalibacterium_prausnitzii	0.0365589427058	-0.041444221633	-0.0119395075369	-0.0153697549363	-0.0137014695902	0.0310645079746	-0.0216873742351	1.0	0.0254403489563	-0.0163828151506	-0.0241529232572	0.00210220180978	-0.0347549169912	0.0845959290255	-0.00664911473585	-0.0725962810698	0.00729777791136	-0.0660235594297	0.00694830358184	-0.0142580006863	0.0153078356551	-0.0191239372972	-0.0116634666449	-0.0378219268498	0.00709502368846	-0.00630661795049	-0.0176374081489	-0.00372001610667	-0.00703478646288	0.0238938865263	-0.0378088756575	-0.0164786366859	-0.00573632172801	-0.0916106048904	0.0246900158093	-0.0408490418747	0.0854360156964	-0.0767468681809	-0.0179401424525	-0.0226606011745	-0.0893598987128	-0.00504108893359	-0.00286925709133	-0.0289928702333	0.0156766308478	0.0416282582746	-0.00461722163091	0.00961195243137	0.010337680543	0.0572274983187	0.00981419769631	0.00381811637532	-0.0524441875794	-0.0300366817654	0.00704845782727	-0.000700922020135	-0.0178359736876	0.0627642164884	-0.0202180123706
k__Bacteria;p__Bacteroidetes;c__Bacteroidia;o__Bacteroidales;f__Rikenellaceae;g__Alistipes;s__Alistipes_finegoldii	-0.0670752924408	-0.0467817837485	-0.098058847092	-0.00361506299283	0.00146874141981	-0.0104310826679	-0.0453570789882	0.0254403489563	1.0	-0.025492064448	-0.060507136277	0.0238001164661	0.0361967818047	-0.0156664242638	-0.0402152593426	-0.0035414167971	-0.0476215583621	0.0121158741465	-0.0523730999815	-0.0712723185262	-0.0229008543054	-0.0691249115916	-0.14511191445	-0.0338574887515	-0.00831346965451	-0.0607342756492	-0.0561385746487	0.0482133448353	0.0294199056773	-0.0112845622208	-0.00633259396953	0.0152846110694	0.0227689964275	-0.0354600329564	-0.0733145384281	-0.0485831034652	-0.0499277798636	0.0162013859121	-0.103163808462	0.0245954586038	0.0331338645076	-0.0529562954854	-0.00882013143025	0.0419973249085	0.0590312769859	0.0816455863999	-0.0140712211321	-0.0122975086731	-0.0139739251626	-0.0316938986207	-0.00833219865769	0.011664379599	-0.0050954723847	0.0254977432699	-0.0365603948928	0.0194673237187	0.0379834343822	0.0333985836769	-0.0445222432813
k__Bacteria;p__Bacteroidetes;c__Bacteroidia;o__Bacteroidales;f__Porphyromonadaceae;g__Parabacteroides;s__Parabacteroides_distasonis	-0.0242080022417	-0.0226022213978	-0.0083323229271	-0.0517459893347	-0.0126989841948	0.0119874242435	-0.0383213469083	-0.0163828151506	-0.025492064448	1.0	0.014842821806	0.00959826870203	0.0332269117958	0.0386861397268	-0.00986074395899	-0.0206163191731	-0.0129258779806	0.0189345402458	0.00159211768844	-0.006265889163	-0.0339985481947	0.0319874072737	0.0186395733329	-0.0279100343286	0.00856288550458	0.0922392206161	-0.0447941544318	0.0174378376291	0.00113256066836	-0.00364607133627	-0.0117611076901	-0.0476093240104	-0.0470444595791	0.0716839179632	-0.000829141642757	-0.000969084823721	-0.0147059626914	0.00369178557765	-0.0436182264575	-0.0490867252724	-0.0258779106576	-0.0927817474356	0.0355228958451	0.0188625342034	-0.0381961083199	0.0412193398029	-0.00710392433856	0.00726521796516	-0.0776564841939	0.0326569480543	0.0867911518533	0.0137326817969	-0.0399462182597	-0.0463270821877	0.0280211004949	-0.0107225946982	-0.03524558142	0.005755265448	0.0210919886264
k__Bacteria;p__Bacteroidetes;c__Bacteroidia;o__Bacteroidales;f__Bacteroidaceae;g__Bacteroides;s__Bacteroides_thetaiotaomicron	0.0255787578752	0.043496868949	-0.0232472008688	-0.0933756251691	0.00934609946663	-0.00780429111103	-0.0111269456592	-0.0241529232572	-0.060507136277	0.014842821806	1.0	-0.0136791414722	-0.0911384690524	-0.0346508030732	0.00280102667569	0.0023814567524	-0.0153326978298	-0.0403809838534	-0.044003262305	0.101194566869	0.000583558320643	-0.0395626299268	-0.0289741428239	0.0284998413978	-0.0781655908279	-0.014968712168	0.0245657524465	-0.000371306396273	0.0494799838328	0.00491418164261	-0.01010729202	-0.0876834562379	-0.0366154920231	0.00287622015156	-0.0636701197392	0.0300387839663	-0.087192037045	-0.0234926427312	-0.0616143799765	0.00826320554452	0.010701951819	0.0719175503697	-0.0312242276345	0.00139379540791	-0.0614822067496	-0.0891177350257	0.00763249689722	0.0751903616887	-0.05868500961	-0.0607479196203	0.00898121377808	0.00578715558148	0.0401256493351	0.00686831320999	0.0138050211475	0.0647382221502	0.05008376847	-0.00771159935598	-0.0809359204951
k__Bacteria;p__Bacteroidetes;c__Bacteroidia;o__Bacteroidales;f__Bacteroidaceae;g__Bacteroides;s__Bacteroides_coprocola	0.0500148005013	0.0223250949712	-0.0478952031136	0.000777426467729	0.016073522622	0.0592287691193	-0.0172752184918	0.00210220180978	0.0238001164661	0.00959826870203	-0.0136791414722	1.0	-0.0162163441264	-0.0360623570301	0.0213832822345	-0.00441070259066	0.0224142193313	-0.0204003179428	-0.0387804502004	-0.00386310527622	-0.0769748225293	0.0397658000802	-0.00668165128014	-0.00299098845307	-0.0724782466841	0.0467195813745	-0.0706114949667	0.00945321219318	0.00380652268878	0.0125833046905	-0.102665268882	0.0244298673835	0.0491769251935	-0.0695900659702	0.00700936798077	0.0261939387981	-0.0230690171349	-0.0114486030806	-0.0345975351462	-0.0841555738011	-0.0753992298091	-0.036969362119	-0.0903748978693	0.0438855899765	-0.00900135137708	0.00141584445506	0.024950910549	-0.00872135628978	-0.0537186652701	0.0477606875568	0.00616299356984	-0.0264279132725	0.0152336331911	-0.0182786072969	0.0410067597499	-0.0107558429774	-0.0210089422296	-0.0231896185953	0.00854330617948
k__Bacteria;p__Bacteroidetes;c__Bacteroidia;o__Bacteroidales;f__Bacteroidaceae;g__Bacteroides;s__Bacteroides_cellulosilyticus	-0.0595186709754	0.0079085642585	-0.0262556191868	-0.0446688406685	-0.000569188120555	-0.0493947271525	0.00497548934134	-0.0347549169912	0.0361967818047	0.0332269117958	-0.0911384690524	-0.0162163441264	1.0	0.00558887135959	0.0928606188193	0.000606175549619	-0.0214884122494	0.00702610101977	-0.0323743674572	0.0307441001899	-0.0673937156078	-0.00338541450165	0.00531520149122	0.0100475215047	0.00285514681245	-0.0151744420504	-0.018880373774	-0.0174559831707	-0.0120800602914	-0.00527007489225	-0.026371892309	-0.0453841827068	0.0765665935877	-0.047884158013	-0.0605278306859	0.0174666374225	0.02259081034	0.0202559824298	-0.0126295689598	-0.00321691833654	-0.00260450982099	-0.0440212421475	-0.0943620929885	0.029322302817	0.0416896917623	0.040828453281	-0.000171854285664	-0.0188922173759	-0.0198578221845	0.0365486007384	-0.0721986143015	-0.0341451444089	-0.00309950485906	0.0241833255759	0.0100899867922	-9.38745435704e-05	0.00458750075707	0.00967114510853	0.023931508939
k__Bacteria;p__Bacteroidetes;c__Bacteroidia;o__Bacteroidales;f__Rikenellaceae;g__Alistipes;s__Alistipes_obesi	-0.016254540294	0.0206937788078	-0.0499172440899	0.0263132615534	0.0153454487803	0.0606269545536	0.0187497340999	0.0845959290255	-0.0156664242638	0.0386861397268	-0.0346508030732	-0.0360623570301	0.00558887135959	1.0	-0.0236647994664	-0.0104432164757	0.0556771902767	-0.0608154888722	-0.00838444526625	-0.0312616923879	-0.0208751718281	-0.00269619974535	0.0540718889419	0.00497114952609	0.0108334667411	0.00906185528308	-0.00971389684786	0.0113574058187	-0.00417112403113	-0.0313013498057	-0.0541737023579	0.00726505558997	0.0165876434459	0.0132960428342	-0.0738163731633	-0.0168260076163	0.0933716000331	0.00569290910247	-0.0226105337176	-0.0466097334225	-0.0735726069377	-0.0173049929582	0.0705898633986	-0.0448224449475	-0.0428478435131	0.0104667002578	-0.00699567603185	0.0109917001515	0.0757324311645	-0.0182033337092	-0.0930786145862	-0.00993357023808	-0.0414549249576	0.0139319747414	-0.0517427241762	-0.0101879124443	-0.0268572464267	0.0288513983907	-0.0266039847085
k__Bacteria;p__Firmicutes;c__Clostridia;o__Clostridiales;f__Lachnospiraceae;g__;s__[Eubacterium]_rectale	-0.0621183611603	0.00364682894151	-0.0831917981299	0.0279014265609	-0.00016887496255	0.0502245417207	0.000123577276839	-0.00664911473585	-0.0402152593426	-0.00986074395899	0.00280102667569	0.0213832822345	0.0928606188193	-0.0236647994664	1.0	-0.0600675937466	0.0139695678955	0.00962387846638	-0.103408337914	0.0188117826917	-0.0259489866301	-0.060422720871	-0.0278916252185	-0.026284236967	-0.0219102711965	-0.0309550090275	0.0385726597481	-0.0105020138083	-0.00114457592517	-0.00294871573459	-0.0151057114774	0.0844045076234	-0.0332867323142	0.00309826880262	0.01543973818	0.000786466778173	0.0153481298394	-0.0837458309407	-0.00647507431717	-0.0173232398374	-0.0462440285545	-0.074237663785	0.0166761097252	-0.00235101222432	-0.0258897568868	-0.0226602201477	0.0304366839096	-0.00130171775732	0.00912599311612	-0.0110592504489	0.0371032297335	-0.00398843844081	-0.0774429780138	0.051127044286	-0.0120794574907	0.000541477036183	-0.012700561183	0.0103331534666	0.0374008475598
k__Bacteria;p__Bacteroidetes;c__Bacteroidia;o__Bacteroidales;f__Bacteroidaceae;g__Bacteroides;s__Bacteroides_plebeius	0.0286997628535	0.0387896942134	-0.00236961821107	0.0357773637937	0.047963552607	-0.0331284347661	-0.0784259548038	-0.0725962810698	-0.0035414167971	-0.0206163191731	0.0023814567524	-0.00441070259066	0.00060617554962	-0.0104432164757	-0.0600675937466	1.0	-0.0631936491312	0.0481025999296	-0.0380783710369	-0.00802089562944	0.0489506189696	-0.0498308364112	0.0321461840674	0.0568796868167	0.0361335266805	-0.0375555798361	0.0220689940431	0.0110106687102	-0.0256594127002	-0.0379011932816	-0.0324378388074	-0.00936235267718	0.0497215795444	-0.000569076768757	0.0240997188213	0.0119261204059	0.0216045804183	-0.00739328296344	-0.0334149261572	0.0455058103874	-0.0384973557208	0.0418745716561	0.0713140601093	0.0290878104599	0.00862910842461	0.0390019123977	-0.0614012442915	-0.0934024995385	-0.00398967603309	-0.0131635862882	-0.0275346394408	0.00564699527665	-0.0196254138597	-0.0262163582424	0.0212837688959	-0.0169360923091	-0.0914419138856	-0.0664421341894	-0.00235689422485
k__Bacteria;p__Bacteroidetes;c__Bacteroidia;o__Bacteroidales;f__Bacteroidaceae;g__Bacteroides;s__Bacteroides_fragilis	-0.073454188639	-0.0552098143139	-0.00808581166043	0.0185793506645	-0.0571174958032	0.0842055752924	-0.0322217231783	0.00729777791136	-0.0476215583621	-0.0129258779806	-0.0153326978298	0.0224142193313	-0.0214884122494	0.0556771902767	0.0139695678955	-0.0631936491312	1.0	0.0674106128492	-0.0412077928732	-0.0496585019758	-0.00824652327483	0.0400541206159	0.00639480929725	-0.00426432281086	-0.0531410461745	-0.0536806803795	0.0287779226418	0.0112428702825	-0.00146572583595	-0.0378083645397	-0.0148066459291	-0.0250547736408	-0.00969223356304	-0.0102978601835	0.0618746996788	-0.014773684773	-0.0174866448425	0.0194659245852	0.0346822331077	-0.0234332272079	-0.00550617347525	-0.0242060904194	0.0077822760687	-0.0432316254654	-0.0607160605613	-0.0071946810821	-0.0244970706961	0.0379830733324	-0.0211572609862	-0.00432207317253	-0.0168799296614	-0.024391211153	-0.0288017405446	0.000594280736644	-0.0667134100582	0.00135109009583	-0.00686842602969	-0.0126930091122	0.00482981809417
k__Bacteria;p__Proteobacteria;c__Betaproteobacteria;o__Burkholderiales;f__Sutterellaceae;g__Sutterella;s__Sutterella_wadsworthensis	-0.0278225308898	-0.0359452377892	-0.0569246542315	-0.00530437351849	0.019497956387	0.00507346371965	-0.0512253640583	-0.0660235594297	0.0121158741465	0.0189345402458	-0.0403809838534	-0.0204003179428	0.00702610101977	-0.0608154888722	0.00962387846638	0.0481025999296	0.0674106128492	1.0	-0.00500123616116	0.00423210595375	0.0142994667333	-0.016717085414	-0.0564040513453	-0.0150517891115	-0.0489039468031	-0.0738518914145	0.0111026147822	-0.0301932119991	-0.00104401985799	-0.0161180330008	0.0254887954355	-0.015294498883	0.0717514456674	-0.0348491003433	-0.0417188092043	0.014773121224	0.0487438427147	0.00782357149605	-0.00770152627945	0.0702837212238	0.0152306173511	-0.0259710526005	-0.0179184615734	-0.0404657025456	-0.0196427418312	0.0340537574431	-0.0501883051955	-0.035552145665	0.0722464961743	-0.0181969879246	0.0204514031491	0.00272639467282	-0.0710282067129	-0.0160877071221	-0.0484265992241	-0.0754583609029	0.0103043907698	-0.0412137860439	-0.0458147057225
k__Bacteria;p__Bacteroidetes;c__Bacteroidia;o__Bacteroidales;f__Porphyromonadaceae;g__Barnesiella;s__Barnesiella_intestinihominis	-0.00110133139702	0.0522540246644	-0.0219273490522	-0.066147235258	-0.0199121447163	-0.024160034478	0.0379516071831	0.00694830358184	-0.0523730999815	0.00159211768844	-0.044003262305	-0.0387804502004	-0.0323743674572	-0.00838444526625	-0.103408337914	-0.0380783710369	-0.0412077928732	-0.00500123616116	1.0	-0.0734823524509	-0.0259094730375	-0.0268144976077	-0.0427586418933	-0.0215000475454	0.0255086904432	-0.0634885124758	0.02913219403	-0.0712852397119	0.0197051929544	-0.0161547061444	0.053806726287	-0.0414545780447	0.0486813329926	-0.0386659149263	-0.00159477021698	0.0102099740414	-0.0126415117462	-0.0492584563348	0.0224687756384	-0.0128481744271	0.0448992162381	0.0185350150413	0.0115319406674	0.0334719779738	0.0874379169078	-0.0487886032276	-0.0461481405096	0.021407274102	0.00356769680533	-0.0301157078716	-0.0636774152459	-0.0290317943268	-0.0515192207792	-0.0146001894316	-0.0482185864163	-0.0529998722907	-0.0648905948412	0.0110140199933	-0.00202092769513
k__Bacteria;p__Bacteroidetes;c__Bacteroidia;o__Bacteroidales;f__Odoribacteraceae;g__Odoribacter;s__Odoribacter_splanchnicus	-0.0355181080104	-0.0470733911627	-0.0089235250102	0.0399738754274	0.0284630799201	-0.02635460722	0.0133364168893	-0.0142580006863	-0.0712723185262	-0.006265889163	0.101194566869	-0.00386310527622	0.0307441001899	-0.0312616923879	0.0188117826917	-0.00802089562944	-0.0496585019758	0.00423210595375	-0.0734823524509	1.0	0.0249769656362	0.033201945257	-0.0342607446948	-0.0343257604632	-0.00203223505187	-0.0311462541935	-0.0253736048896	0.00596046986241	-0.0507760119478	0.0117778724001	0.0239939177906	0.063561889612	-0.0169546240439	0.00383479491946	-0.0540632677187	0.117387413555	0.00439571498929	0.00518453984316	0.0158629040839	0.0324222360708	-0.0229800488014	0.0656217422554	-0.0124983465205	-0.0111572927643	-0.0485130809065	-0.0628023928268	0.0258052428212	0.0403213175376	-6.76192330373e-05	-0.0861577598115	-0.013501906656	-0.0118277660675	0.0324422826112	-0.0198707647083	0.000252251024329	-0.0152424574154	-0.0246153612998	-0.0495628283648	0.0128382116143
k__Bacteria;p__Bacteroidetes;c__Bacteroidia;o__Bacteroidales;f__Bacteroidaceae;g__Bacteroides;s__Bacteroides_salyersiae	0.00804124775543	0.0408080033719	-0.0236245928757	0.0653791899206	0.000598606770469	-0.0247642755445	0.0044573339477	0.0153078356551	-0.0229008543054	-0.0339985481947	0.000583558320643	-0.0769748225293	-0.0673937156078	-0.0208751718281	-0.0259489866301	0.0489506189696	-0.00824652327483	0.0142994667333	-0.0259094730375	0.0249769656362	1.0	-0.0571736238094	0.0178094730744	0.0150614274885	-0.0701733492437	-0.0131469047466	0.0283751607376	-0.0431613990735	0.0151821461224	-0.0603993427191	0.00462379323722	0.00948728212839	0.0224488740247	-0.00886577784826	0.00351776662671	-0.0761657784399	0.0042584708063	-0.0159651999125	-0.0279943702307	-0.00749524596512	-0.0238123441642	0.0226278060272	-0.0463196143486	0.00679404233906	-0.0371098815644	-0.0170071848937	0.0301401406388	-0.0551239008525	0.0531286194309	0.0386335701388	0.016932603338	0.0282376667499	0.0263730269854	0.020640630742	-0.0127805115544	-0.0211363604417	-0.039191998303	-0.00459052802982	-4.7963026269e-05
k__Bacteria;p__Firmicutes;c__Clostridia;o__Clostridiales;f__Ruminococcaceae;g__Ruminiclostridium;s__[Eubacterium]_siraeum	0.0187126101709	0.0118336848345	0.0406487959027	-0.0248058825198	-0.0431937582423	-0.00766334543609	0.0350647007505	-0.0191239372972	-0.0691249115916	0.0319874072737	-0.0395626299268	0.0397658000802	-0.00338541450165	-0.00269619974535	-0.060422720871	-0.0498308364112	0.0400541206159	-0.016717085414	-0.0268144976077	0.033201945257	-0.0571736238094	1.0	-0.0579211573756	0.00994633819155	0.013451561302	0.0288950555509	-0.0547155091358	0.0010190525522	-0.0219986565353	-0.0139340634129	0.0235752490912	0.0128962416829	0.031029796521	-0.026668015558	0.0120241637757	-0.011532963694	-0.0090201433564	0.0364251977857	-0.0472788765451	-0.0550525405227	-0.00784078473303	0.0555070286962	0.0243057667421	-0.0252454029574	-0.069661074164	-0.0198062638021	0.0286831905827	0.0056707963261	-0.00606012315789	0.0336654720617	-0.0626571562307	-0.0117897680786	0.00130115386251	-0.00521137223191	0.0440472948857	-0.00972335539924	-0.01696024928	-0.0214574046726	-0.0121167936641
k__Bacteria;p__Proteobacteria;c__Betaproteobacteria;o__Burkholderiales;f__Sutterellaceae;g__Parasutterella;s__Parasutterella_excrementihominis	-0.0136702791594	0.0050043185703	0.0649102296386	-0.0679122491296	0.0241618180503	0.0220593730782	-0.0576451167709	-0.0116634666449	-0.14511191445	0.0186395733329	-0.0289741428239	-0.00668165128014	0.00531520149122	0.0540718889419	-0.0278916252185	0.0321461840674	0.00639480929725	-0.0564040513453	-0.0427586418933	-0.0342607446948	0.0178094730744	-0.0579211573756	1.0	-0.0205461787106	0.030548887572	-0.00721510748758	-0.00555461220026	-0.0319706321836	-0.0429554022948	-0.0103975964949	0.00801538753096	-0.023764827787	-0.048946160299	0.0990879925189	0.0259276218692	0.0377178409876	0.0290036993019	0.00374595474341	-0.025490371871	0.00413060947646	-0.0222647754146	-0.059343328376	-0.0306123792488	-0.0364477546085	-0.0557971196745	-0.058669138892	0.0270298925749	0.0108966847005	0.0524577945574	-0.0115974012723	-0.0282205335307	-0.0444519241625	-0.0517996899458	-0.0541924989549	0.00180204033719	-0.0292027653359	0.00694719015138	0.0235938375663	-0.0246471715482
k__Bacteria;p__Actinobacteria;c__Actinobacteria;o__Bifidobacteriales;f__Bifidobacteriaceae;g__Bifidobacterium;s__Bifidobacterium_adolescentis	-0.0399589958012	-0.0238669016654	0.0760712226104	0.0185496498228	-0.00504657588184	-0.0976329416266	-0.0170930866962	-0.0378219268498	-0.0338574887515	-0.0279100343286	0.0284998413978	-0.00299098845307	0.0100475215047	0.00497114952609	-0.026284236967	0.0568796868167	-0.00426432281086	-0.0150517891115	-0.0215000475454	-0.0343257604632	0.0150614274885	0.00994633819155	-0.0205461787106	1.0	-0.0341211743205	-0.0583402072124	-0.018499164039	0.0114063690749	-0.00839411757997	-0.0342993945001	0.0556492680559	0.023771397369	-0.0678420046611	0.0126465735817	0.000590213833675	-0.0120717380371	0.0358721040396	0.0123808664008	-0.0166123697947	-0.0275324494151	-0.063488267882	-0.0166969574347	-0.047944788316	0.0182194387707	0.0785171057807	-0.0136002383263	-0.0249170535974	-0.049261391207	-0.0406750210395	0.0572989944478	0.0725298457348	-0.0374901576313	-0.0543598651757	-0.0162282957422	-0.0361994249349	-0.114341175964	-0.00782589889125	-0.0333109240293	-0.0272889463502
k__Bacteria;p__Firmicutes;c__Clostridia;o__Clostridiales;f__Oscillospiraceae;g__Oscillibacter;s__Oscillibacter_sp._KLE_1745	-0.0283681382857	0.0223587195688	-0.0457249648695	-0.0182271753881	-0.0229904555817	0.00610849141429	-0.0343203733375	0.00709502368846	-0.00831346965451	0.00856288550458	-0.0781655908279	-0.0724782466841	0.00285514681245	0.0108334667411	-0.0219102711965	0.0361335266805	-0.0531410461745	-0.0489039468031	0.0255086904432	-0.00203223505187	-0.0701733492437	0.013451561302	0.030548887572	-0.0341211743205	1.0	0.073234880758	-0.109873263692	0.00372706808376	-0.0321434388047	-0.0542217371279	-0.0216162984232	-0.0170631229702	0.00354833911166	0.0176243800209	-0.0153445177043	0.0193325589444	0.000252128130339	-0.00579882729898	0.0172885706444	-0.0329936954546	0.00119707151528	0.0259353154638	0.0622788603334	0.00130936348034	-0.0118837944691	0.0404836154878	-0.00566546657721	-0.0184585140724	-0.0629239926495	-0.0385468499685	-0.0624629712483	-0.0289272877804	0.0357967872861	0.0350867158612	0.0216933166849	-0.0192566071766	-0.0467727400923	-0.0382752265109	0.022569960151
k__Bacteria;p__Bacteroidetes;c__Bacteroidia;o__Bacteroidales;f__Bacteroidaceae;g__Bacteroides;s__Bacteroides_coprophilus	0.0641743683839	-0.0651716182201	0.0163843648413	-0.0260253697543	-0.0610133141285	-0.0335801202302	-0.0413739052657	-0.00630661795049	-0.0607342756492	0.0922392206161	-0.014968712168	0.0467195813745	-0.0151744420504	0.00906185528308	-0.0309550090275	-0.0375555798361	-0.0536806803795	-0.0738518914145	-0.0634885124758	-0.0311462541935	-0.0131469047466	0.0288950555509	-0.00721510748758	-0.0583402072124	0.073234880758	1.0	-0.0190772922304	0.0164602016797	0.036252759953	0.0152180824956	-0.0597841026186	-0.0226108599778	0.00710210261157	-0.0164745159015	0.0301675953234	0.0193273276264	0.0652276011934	-0.0326542906143	0.041945735905	-0.067964650164	0.0431087653038	0.0570217860446	0.00189877987637	-0.0880984995281	0.0384829768481	0.0162993531904	-0.00879953438505	0.00840000306723	0.0252787028833	0.0224776190153	-0.0438598834377	0.0264628729405	-0.0207729307937	-0.0215309961131	5.10514091155e-06	0.00704704425279	0.0283915791729	-0.038433117834	-0.0461309177673
k__Bacteria;p__Firmicutes;c__Clostridia;o__Clostridiales;f__Lachnospiraceae;g__Roseburia;s__Roseburia_intestinalis	-0.0177390773929	-0.0101695048699	0.0452535441507	0.0258899299178	-0.0181411620594	0.0264855075735	-0.0130394875016	-0.0176374081489	-0.0561385746487	-0.0447941544318	0.0245657524465	-0.0706114949667	-0.018880373774	-0.00971389684786	0.0385726597481	0.0220689940431	0.0287779226418	0.0111026147822	0.02913219403	-0.0253736048896	0.0283751607376	-0.0547155091358	-0.00555461220026	-0.018499164039	-0.109873263692	-0.0190772922304	1.0	-0.00618297457412	0.0673585491314	-0.103379321483	0.0650311854601	0.0311443496621	-0.0116593111599	-0.0264557080403	0.00893435903893	-0.0233484817601	0.0853006774829	-0.0400293899897	0.00799152286526	0.00230677041639	0.0281749531462	0.0480020622897	-0.0750128656551	-0.0200559666883	-0.0400219334107	-0.000883540468035	0.0139307803882	-0.100914346557	0.0253002967081	-0.0176270382849	0.0251580670849	-0.0110830640388	-0.0310974431888	-0.00444461638831	-0.052285868085	0.00506031469698	0.0198862447622	0.0414143433706	0.00710531013397
k__Bacteria;p__Firmicutes;c__Clostridia;o__Clostridiales;f__Lachnospiraceae;g__Roseburia;s__Roseburia_hominis	-0.0107365130413	-0.0256711503848	-0.0598915119862	-0.0729040206402	0.00684523473108	-0.0618557442458	-0.0470753978147	-0.00372001610667	0.0482133448353	0.0174378376291	-0.000371306396273	0.00945321219318	-0.0174559831707	0.0113574058187	-0.0105020138083	0.0110106687102	0.0112428702825	-0.0301932119991	-0.0712852397119	0.00596046986241	-0.0431613990735	0.0010190525522	-0.0319706321836	0.0114063690749	0.00372706808376	0.0164602016797	-0.00618297457412	1.0	0.0182609071944	-0.0489469963195	0.0487953051813	-0.00894155946435	-0.0588307092096	0.024331052147	-0.0202699040658	0.000751874061146	0.0100090924479	-0.01367477837	-0.00413897806879	0.0150083285193	-0.0233743127851	-0.0174027271388	-0.00753180272968	0.0363458994157	-0.0694195795552	0.00206783782871	-0.0378562586479	-0.0142673903842	0.0215839118657	-0.01661888898	0.0290600747901	0.00349226768277	0.0431115609041	-0.0457683323563	0.00265786018883	0.034824207884	-0.00779520218026	-0.0389144848475	0.00492155578841
k__Bacteria;p__Bacteroidetes;c__Bacteroidia;o__Bacteroidales;f__Porphyromonadaceae;g__Parabacteroides;s__Parabacteroides_johnsonii	0.059503151929	-0.0502801396307	-0.00286481821546	-0.0792058674136	0.00564663437138	0.00288560488047	0.000427629279328	-0.00703478646288	0.0294199056773	0.00113256066836	0.0494799838328	0.00380652268878	-0.0120800602914	-0.00417112403113	-0.00114457592517	-0.0256594127002	-0.00146572583595	-0.00104401985799	0.0197051929544	-0.0507760119478	0.0151821461224	-0.0219986565353	-0.0429554022948	-0.00839411757997	-0.0321434388047	0.036252759953	0.0673585491314	0.0182609071944	1.0	-0.0706979213298	0.0090738268851	-0.067945183338	-0.0564045431299	-0.0556705734577	0.00531859188058	0.0297302885874	-0.063234311808	0.00754227409367	-0.0305957727284	-0.0483204635737	0.042639331939	-0.0185776271248	-0.000414550331656	-0.0167212295445	0.0614252541014	-0.0196875362404	0.0473740773029	0.0264452498591	-0.0261142449527	0.0245046689572	-0.051858574876	-0.00321064302208	-0.0298847755486	-0.0456417489514	-0.0167553249441	-0.033277686914	-0.00891282559625	-0.0371408451715	-0.0769442385857
k__Bacteria;p__Actinobacteria;c__Actinobacteria;o__Bifidobacteriales;f__Bifidobacteriaceae;g__Bifidobacterium;s__Bifidobacterium_longum	-0.00764946422775	0.00863684113753	0.0560442925696	0.00106066188588	-0.0136395368896	0.0195129198971	0.0497371660779	0.0238938865263	-0.0112845622208	-0.00364607133627	0.00491418164261	0.0125833046905	-0.00527007489225	-0.0313013498057	-0.00294871573459	-0.0379011932816	-0.0378083645397	-0.0161180330008	-0.0161547061444	0.0117778724001	-0.0603993427191	-0.0139340634129	-0.0103975964949	-0.0342993945001	-0.0542217371279	0.0152180824956	-0.103379321483	-0.0489469963195	-0.0706979213298	1.0	-0.107400709367	0.0479998983277	-0.0237968530853	-0.0183195764047	-0.00729864976213	0.0648860959279	-0.0343908573832	-0.0164676602707	-8.06102666574e-05	0.0432086464035	-0.0268359167754	-0.0135776597101	-0.0140611199183	0.0488055940113	-0.00111724961627	-0.0322539108171	-0.0982586068157	0.0594910524218	-0.0492920185844	0.0305229331639	-0.0068680956321	-0.0448098798476	-0.0331725424315	-0.00313480217311	0.00983396991692	0.020820832334	-0.0476346061807	0.0414116228434	-0.0540164739465
