#taxonomy	k__Bacteria;p__Bacteroidetes;c__Bacteroidia;o__Bacteroidales;f__Bacteroidaceae;g__Bacteroides;s__Bacteroides_vulgatus	k__Bacteria;p__Bacteroidetes;c__Bacteroidia;o__Bacteroidales;f__Bacteroidaceae;g__Bacteroides;s__Bacteroides_uniformis	k__Bacteria;p__Bacteroidetes;c__Bacteroidia;o__Bacteroidales;f__Rikenellaceae;g__Alistipes;s__Alistipes_putredinis	k__Bacteria;p__Bacteroidetes;c__Bacteroidia;o__Bacteroidales;f__Prevotellaceae;g__Prevotella;s__Prevotella_copri	k__Bacteria;p__Bacteroidetes;c__Bacteroidia;o__Bacteroidales;f__Bacteroidaceae;g__Bacteroides;s__Bacteroides_stercoris	k__Bacteria;p__Bacteroidetes;c__Bacteroidia;o__Bacteroidales;f__Bacteroidaceae;g__Bacteroides;s__Bacteroides_ovatus	k__Bacteria;p__Bacteroidetes;c__Bacteroidia;o__Bacteroidales;f__Rikenellaceae;g__Alistipes;s__Alistipes_shahii	k__Bacteria;p__Firmicutes;c__Clostridia;o__Clostridiales;f__Ruminococcaceae;g__Faecalibacterium;s__Faecalibacterium_prausnitzii	k__Bacteria;p__Bacteroidetes;c__Bacteroidia;o__Bacteroidales;f__Rikenellaceae;g__Alistipes;s__Alistipes_finegoldii	k__Bacteria;p__Bacteroidetes;c__Bacteroidia;o__Bacteroidales;f__Porphyromonadaceae;g__Parabacteroides;s__Parabacteroides_distasonis	k__Bacteria;p__Bacteroidetes;c__Bacteroidia;o__Bacteroidales;f__Bacteroidaceae;g__Bacteroides;s__Bacteroides_thetaiotaomicron	k__Bacteria;p__Bacteroidetes;c__Bacteroidia;o__Bacteroidales;f__Bacteroidaceae;g__Bacteroides;s__Bacteroides_coprocola	k__Bacteria;p__Bacteroidetes;c__Bacteroidia;o__Bacteroidales;f__Bacteroidaceae;g__Bacteroides;s__Bacteroides_cellulosilyticus	k__Bacteria;p__Bacteroidetes;c__Bacteroidia;o__Bacteroidales;f__Rikenellaceae;g__Alistipes;s__Alistipes_obesi	k__Bacteria;p__Firmicutes;c__Clostridia;o__Clostridiales;f__Lachnospiraceae;g__;s__[Eubacterium]_rectale	k__Bacteria;p__Bacteroidetes;c__Bacteroidia;o__Bacteroidales;f__Bacteroidaceae;g__Bacteroides;s__Bacteroides_plebeius	k__Bacteria;p__Bacteroidetes;c__Bacteroidia;o__Bacteroidales;f__Bacteroidaceae;g__Bacteroides;s__Bacteroides_fragilis	k__Bacteria;p__Proteobacteria;c__Betaproteobacteria;o__Burkholderiales;f__Sutterellaceae;g__Sutterella;s__Sutterella_wadsworthensis	k__Bacteria;p__Bacteroidetes;c__Bacteroidia;o__Bacteroidales;f__Porphyromonadaceae;g__Barnesiella;s__Barnesiella_intestinihominis	k__Bacteria;p__Bacteroidetes;c__Bacteroidia;o__Bacteroidales;f__Odoribacteraceae;g__Odoribacter;s__Odoribacter_splanchnicus	k__Bacteria;p__Bacteroidetes;c__Bacteroidia;o__Bacteroidales;f__Bacteroidaceae;g__Bacteroides;s__Bacteroides_salyersiae	k__Bacteria;p__Firmicutes;c__Clostridia;o__Clostridiales;f__Ruminococcaceae;g__Ruminiclostridium;s__[Eubacterium]_siraeum	k__Bacteria;p__Proteobacteria;c__Betaproteobacteria;o__Burkholderiales;f__Sutterellaceae;g__Parasutterella;s__Parasutterella_excrementihominis	k__Bacteria;p__Actinobacteria;c__Actinobacteria;o__Bifidobacteriales;f__Bifidobacteriaceae;g__Bifidobacterium;s__Bifidobacterium_adolescentis	k__Bacteria;p__Firmicutes;c__Clostridia;o__Clostridiales;f__Oscillospiraceae;g__Oscillibacter;s__Oscillibacter_sp._KLE_1745	k__Bacteria;p__Bacteroidetes;c__Bacteroidia;o__Bacteroidales;f__Bacteroidaceae;g__Bacteroides;s__Bacteroides_coprophilus	k__Bacteria;p__Firmicutes;c__Clostridia;o__Clostridiales;f__Lachnospiraceae;g__Roseburia;s__Roseburia_intestinalis	k__Bacteria;p__Firmicutes;c__Clostridia;o__Clostridiales;f__Lachnospiraceae;g__Roseburia;s__Roseburia_hominis	k__Bacteria;p__Bacteroidetes;c__Bacteroidia;o__Bacteroidales;f__Porphyromonadaceae;g__Parabacteroides;s__Parabacteroides_johnsonii	k__Bacteria;p__Actinobacteria;c__Actinobacteria;o__Bifidobacteriales;f__Bifidobacteriaceae;g__Bifidobacterium;s__Bifidobacterium_longum	k__Bacteria;p__Firmicutes;c__Clostridia;o__Clostridiales;f__;g__Flavonifractor;s__Flavonifractor_plautii	k__Bacteria;p__Firmicutes;c__Clostridia;o__Clostridiales;f__Clostridiaceae;g__Clostridium;s__Clostridium_phoceensis	k__Bacteria;p__Verrucomicrobia;c__Verrucomicrobiae;o__Verrucomicrobiales;f__Akkermansiaceae;g__Akkermansia;s__Akkermansia_muciniphila	k__Bacteria;p__Bacteroidetes;c__Bacteroidia;o__Bacteroidales;f__Prevotellaceae;g__Paraprevotella;s__Paraprevotella_xylaniphila	k__Bacteria;p__Firmicutes;c__Clostridia;o__Clostridiales;f__Ruminococcaceae;g__Ruminococcus;s__Ruminococcus_callidus	k__Bacteria;p__Bacteroidetes;c__Bacteroidia;o__Bacteroidales;f__Rikenellaceae;g__Alistipes;s__Alistipes_senegalensis	k__Bacteria;p__Firmicutes;c__Clostridia;o__Clostridiales;f__Lachnospiraceae;g__Blautia;s__Blautia_sp._KLE_1732	k__Bacteria;p__Bacteroidetes;c__Bacteroidia;o__Bacteroidales;f__Bacteroidaceae;g__Bacteroides;s__Bacteroides_oleiciplenus	k__Bacteria;p__Firmicutes;c__Clostridia;o__Clostridiales;f__Ruminococcaceae;g__Ruminococcus;s__Ruminococcus_bicirculans	k__Bacteria;p__Bacteroidetes;c__Bacteroidia;o__Bacteroidales;f__Bacteroidaceae;g__Bacteroides;s__Bacteroides_fluxus	k__Bacteria;p__Bacteroidetes;c__Bacteroidia;o__Bacteroidales;f__Prevotellaceae;g__Prevotella;s__Prevotella_stercorea	k__Bacteria;p__Firmicutes;c__Clostridia;o__Clostridiales;f__Lachnospiraceae;g__Dorea;s__Dorea_longicatena	k__Bacteria;p__Firmicutes;c__Clostridia;o__Clostridiales;f__Eubacteriaceae;g__Eubacterium;s__[Eubacterium]_eligens	k__Bacteria;p__Firmicutes;c__Clostridia;o__Clostridiales;f__Ruminococcaceae;g__;s__Ruminococcaceae_bacterium_D16	k__Bacteria;p__Firmicutes;c__Clostridia;o__Clostridiales;f__Lachnospiraceae;g__Coprococcus;s__Coprococcus_comes	k__Bacteria;p__Proteobacteria;c__Gammaproteobacteria;o__Enterobacterales;f__Enterobacteriaceae;g__Escherichia;s__Escherichia_coli	k__Bacteria;p__Firmicutes;c__Clostridia;o__Clostridiales;f__Ruminococcaceae;g__Anaerotruncus;s__Anaerotruncus_colihominis	k__Bacteria;p__Firmicutes;c__Clostridia;o__Clostridiales;f__Lachnospiraceae;g__Blautia;s__Blautia_obeum	k__Bacteria;p__Bacteroidetes;c__Bacteroidia;o__Bacteroidales;f__Odoribacteraceae;g__Odoribacter;s__Odoribacter_laneus	k__Bacteria;p__Firmicutes;c__Clostridia;o__Clostridiales;f__Ruminococcaceae;g__Ruminiclostridium;s__[Clostridium]_leptum	k__Bacteria;p__Bacteroidetes;c__Bacteroidia;o__Bacteroidales;f__Porphyromonadaceae;g__Parabacteroides;s__Parabacteroides_goldsteinii	k__Bacteria;p__Firmicutes;c__Clostridia;o__Clostridiales;f__Lachnospiraceae;g__Anaerostipes;s__Anaerostipes_hadrus	k__Bacteria;p__Firmicutes;c__Clostridia;o__Clostridiales;f__Ruminococcaceae;g__Ruminococcus;s__Ruminococcus_lactaris	k__Bacteria;p__Firmicutes;c__Clostridia;o__Clostridiales;f__Clostridiaceae;g__Clostridium;s__Clostridium_sp._L2-50	k__Bacteria;p__Firmicutes;c__Clostridia;o__Clostridiales;f__Clostridiaceae;g__Clostridium;s__Clostridium_sp._M62/1	k__Bacteria;p__Firmicutes;c__Clostridia;o__Clostridiales;f__;g__Intestinimonas;s__Intestinimonas_butyriciproducens	k__Bacteria;p__Actinobacteria;c__Actinobacteria;o__Bifidobacteriales;f__Bifidobacteriaceae;g__Bifidobacterium;s__Bifidobacterium_bifidum	k__Bacteria;p__Firmicutes;c__Negativicutes;o__Veillonellales;f__Veillonellaceae;g__Dialister;s__Dialister_invisus	k__Bacteria;p__Bacteroidetes;c__Bacteroidia;o__Bacteroidales;f__Bacteroidaceae;g__Bacteroides;s__Bacteroides_salanitronis
k__Bacteria;p__Bacteroidetes;c__Bacteroidia;o__Bacteroidales;f__Bacteroidaceae;g__Bacteroides;s__Bacteroides_vulgatus	1.0	0.0282797146335	0.0260788531916	-0.0667674361096	0.0139064747673	-0.0108682877909	0.0405312302426	-0.0327397045191	-0.00647879437681	0.0150277356292	-0.00707895411461	-0.000980711607151	-0.0400914596347	-0.0333088412127	0.0365268742512	0.000845314455875	0.0959314503123	0.059847671555	0.0214184269474	0.0348620861177	0.00459273809513	-0.0260854977953	0.052881062377	0.0235946271202	0.0434933898874	-0.0412458702858	-0.0575151880515	-0.00959582403775	0.0111059314926	-0.0664988073548	-0.00870257427612	0.00198483261058	0.0183790334404	0.0199654809863	0.0721241788039	-0.0564874954569	-0.0390046368019	-0.00357148858934	-0.00812042081256	-0.0664159535437	-0.0225045751777	0.00333697844804	-0.0209312250067	-0.0673758636394	-0.0402579451632	-0.0479324432867	-0.00950821741939	0.0231742637839	0.0209633888524	-0.0136748182818	-0.0663360198507	-0.060749910985	0.017775020439	0.00398338792692	-0.0129196465587	-0.0170355271842	-0.00872057769268	-0.0744788712389	-0.0541824681639
k__Bacteria;p__Bacteroidetes;c__Bacteroidia;o__Bacteroidales;f__Bacteroidaceae;g__Bacteroides;s__Bacteroides_uniformis	0.0282797146335	1.0	0.000490574169399	-0.0868058102268	-0.00811011654845	0.0127523168345	-0.00545507053307	-0.0439416632609	-0.0168555418956	0.0161597837951	0.0304101136724	0.00364124905609	-0.0234149874464	0.0537684361847	0.00967383721624	-0.0561305251621	0.0269251333551	0.02149298712	0.0445458382285	0.0232904390006	-0.0222121039138	0.0121763683702	-0.0816597806658	0.00419866563205	0.0311546281682	-0.00312032115272	0.0179269383443	-0.0360658152521	-0.0649810425464	0.0358300922028	-0.0103015717396	-0.0240851434124	0.0604788152856	-0.0626192036379	0.0436668654055	-0.00383592530267	-0.0942570139091	0.096795758402	0.00695116568724	0.059487632963	-0.0161288746337	0.0347212953753	-0.0378201439922	-0.0343988967115	-0.0295881560905	-0.00449000788978	-0.0571190587936	0.0342837002839	0.0283269088994	0.011082990021	-0.0313961292696	-0.0158323950875	-0.0181138930922	0.0223009060908	-0.0795325263999	-0.0130748181992	0.0193294849727	0.0297892168327	0.00479759355732
k__Bacteria;p__Bacteroidetes;c__Bacteroidia;o__Bacteroidales;f__Rikenellaceae;g__Alistipes;s__Alistipes_putredinis	0.0260788531916	0.000490574169399	1.0	-0.0878982647572	-0.0307999178104	-0.0162470122819	-0.0240834996385	0.0509112425654	0.01973769951	8.63903020163e-05	-0.09049659645	0.00573884264405	0.0156073058018	-0.00509695155146	-0.0256894956133	-0.0102792344026	0.0894219280399	-0.0012652986864	-0.0166588141559	0.0720557302064	-0.0473111966605	-0.0641199643935	-0.0585206199218	0.061975932334	-0.049729867594	-0.0316889099305	0.0619532151074	-0.0396741633712	0.027683914156	-0.0283623610734	-0.0539184105469	-0.0345356605697	-0.0278329450039	-0.00905317647017	-0.00381138608765	-0.0274135267195	-0.0616143418935	-0.0460839054017	-0.0349614635348	-0.0777514245271	-0.0365354341055	-0.0699053857601	-0.0259444573722	-0.0255252669258	0.0135630738623	0.00753564675337	-0.00572837888328	-0.0495102519163	-0.0236570400235	0.0209961868297	0.0635484806553	-0.027916194492	0.000955105082709	-0.045121415137	-0.0228514012539	-0.0247658331459	0.0214225992593	-0.0383537107082	-0.00273448007797
k__Bacteria;p__Bacteroidetes;c__Bacteroidia;o__Bacteroidales;f__Prevotellaceae;g__Prevotella;s__Prevotella_copri	-0.0667674361096	-0.0868058102268	-0.0878982647572	1.0	0.0829995053619	-0.006708250487	0.0180849422066	0.0176851225205	0.0310363923541	0.00209131817105	0.00468791010174	-0.0561030875888	-0.00694911979104	0.0332462570636	-0.042985943498	0.0162533507021	-0.0594415980236	0.0572786817491	-0.0785585279122	-0.0360265097166	-0.0248380276075	0.0134201478062	-0.0113359064843	0.0339864994572	-0.0462196134656	-0.0353386895932	0.000361099009409	-0.0680450629838	-0.0550233317705	-0.0262582065509	-0.00928549565336	0.0724347927853	-0.0453148914176	-0.00371867654117	-0.0391017778592	0.0214391235577	0.0800363836612	-0.0513017664717	-0.062564602965	0.0908491597943	0.0191999863851	-0.0178940474018	0.00626650242513	-0.0745245381546	0.0504084347809	-0.0164552011276	0.0109588108772	-0.0433791023671	0.0202229784134	-0.0272599999036	0.0345567624178	0.0165281595907	0.0182352787204	-0.0120485265089	-0.0133549905172	-0.0423416751158	-0.0439638475602	0.00535502916155	-0.0162953137382
k__Bacteria;p__Bacteroidetes;c__Bacteroidia;o__Bacteroidales;f__Bacteroidaceae;g__Bacteroides;s__Bacteroides_stercoris	0.0139064747673	-0.00811011654845	-0.0307999178104	0.0829995053619	1.0	-0.0680754739433	-0.0790830535958	0.0385341672122	0.0729732547646	-0.0178857375379	0.0352325939345	-0.0214706321722	-0.0105539653433	0.00955739518203	0.0188255747463	0.0819329546606	-0.008108132402	0.0124669624054	0.0411071931976	0.0551695940259	-0.0508400980881	-0.00779021027881	-0.0559223895993	-0.00813445755253	-0.00634670542682	0.0279119402465	-0.0480408247162	0.0472935297073	-0.0152344240055	-0.0308262212908	-0.0453322958209	-0.0573784791629	0.0363036557335	0.028608595508	-0.0171622536067	-0.00659983068717	0.000703730737884	0.018002359825	-0.0302946982841	-0.0161923767177	-0.0474616286416	-0.0560307384498	-0.104380590005	0.0327886779429	-0.00369898530487	-0.0661078043799	-0.00387208035658	0.0183210928968	-0.0508590053387	-0.0180276684453	0.0391297092701	-0.0166162203461	-0.0306230146552	0.0106076234071	-0.0424020343158	0.0142274195094	-0.0500850655359	-0.0430117649074	-0.0253069110443
k__Bacteria;p__Bacteroidetes;c__Bacteroidia;o__Bacteroidales;f__Bacteroidaceae;g__Bacteroides;s__Bacteroides_ovatus	-0.0108682877909	0.0127523168345	-0.0162470122819	-0.006708250487	-0.0680754739433	1.0	0.0528922262056	-0.0259490505078	-0.00639650967757	0.0174854617847	-0.0366531869621	-0.00552064170946	-0.0696007511871	-0.00327167777511	-0.00432927944418	-0.0544811848041	-0.0451602729094	0.0151903436019	-0.0531492934379	0.011477800562	0.038141557427	0.0735481343461	0.00931090979298	-0.00255557858813	0.007369500545	-0.0445091514428	-0.0109104747741	-0.0147789058594	-0.0157329824091	0.0167169152684	-0.0594383914722	-0.0162179177893	-0.0387442293136	-0.0191312814167	-0.0506945305056	-0.0586924218336	0.0774898983337	-0.041552013092	-0.0107678641433	0.0422774068921	0.0539939392437	0.00127077507404	-0.0265533985342	0.00674593751988	-0.0481849946646	-0.0518107860228	-0.00218582795838	0.0564279069227	-0.0291348655402	0.0217808562902	-0.0655365402096	-0.000729353786542	-0.0366074477238	-0.0500134473032	0.0139052984269	-0.00981982306289	-0.0355462346056	-0.023064498924	0.0046911820368
k__Bacteria;p__Bacteroidetes;c__Bacteroidia;o__Bacteroidales;f__Rikenellaceae;g__Alistipes;s__Alistipes_shahii	0.0405312302426	-0.00545507053307	-0.0240834996385	0.0180849422066	-0.0790830535958	0.0528922262056	1.0	-0.0398141811897	-0.0174128436245	0.0367404852291	-0.0254665102097	-0.0136394260518	-0.038892494633	-0.0303346337921	-0.00204999194847	0.00956337227597	0.00957987402321	-0.0291370280716	0.00664116377212	-0.0274971407207	-0.00251174565889	-0.068780586783	-0.0669645232151	-0.0536123637481	-0.00447918291882	-0.0356435085765	-0.0220357964359	-0.0176472620005	0.00531066868935	-0.039337410097	0.0302764862613	-0.0580213880597	-0.0338515630606	-0.0638123943286	0.0134624157045	0.0316796372766	0.00104453662486	-0.0206047597759	0.0033965854884	-0.0798395760319	0.0428330152909	0.0274862332967	0.0653016253062	-0.0393397767332	0.0439292863577	-0.0260052873352	-0.0184983651881	-0.0538956481841	-0.009583904455	0.0222299890152	-0.0481893041408	0.0150977190932	0.033470014267	0.0656931380005	-0.0530014700317	-0.0199786777718	0.0188841795469	0.00116342194676	-0.0251557187662
k__Bacteria;p__Firmicutes;c__Clostridia;o__Clostridiales;f__Ruminococcaceae;g__Faecalibacterium;s__Faecalibacterium_prausnitzii	-0.0327397045191	-0.0439416632609	0.0509112425654	0.0176851225205	0.0385341672122	-0.0259490505078	-0.0398141811897	1.0	-0.0609689251386	0.020351811617	-0.0260678396646	0.0158116401386	0.0591001343088	-0.0329729398048	0.0119755191768	-0.0516623456456	0.0450256822269	-0.0405104737458	0.00654863362339	-0.0718514450387	-0.035211748709	-0.0336820831683	-0.0368745410106	-0.0572259101362	-0.0516545685596	0.0647004436498	-0.0239182562209	-0.0293092150598	-0.000547204042161	0.0144860877809	0.0275039094147	0.011836176369	-0.00575742744817	0.00622175464058	0.0072793642444	0.0285448764663	0.0256581988094	-0.0262692247296	0.0823615947628	0.00722722851197	-0.0433650470567	-0.0485818493077	-0.00331204813677	0.0447777931073	0.0287941291468	0.00785853925179	-0.0346076779348	-0.0330069766203	0.0501066541126	-0.0220528846591	-0.0319191106811	0.0679141956784	-0.0155386063133	-0.0678900630809	-0.0186480366645	-0.0112113247023	-0.0409035628034	-0.0503049387999	0.0426131886466
k__Bacteria;p__Bacteroidetes;c__Bacteroidia;o__Bacteroidales;f__Rikenellaceae;g__Alistipes;s__Alistipes_finegoldii	-0.00647879437681	-0.0168555418956	0.01973769951	0.0310363923541	0.0729732547646	-0.00639650967757	-0.0174128436245	-0.0609689251386	1.0	0.0046616033143	-0.0209550663742	-0.0540233969691	0.00946304976027	-0.0094870198089	-0.0175442511268	-0.0371753153993	-0.025448858334	0.0382973780198	-0.035541594392	0.0324960824035	-0.00823404594729	-0.0281912476356	-0.0379150937189	-0.00343844451637	0.00750382943524	-0.00136741441832	-0.0513701362348	-0.0616433717326	0.0326972409808	-0.0726614700656	-0.0607947966982	-0.0495938987663	0.021407661999	0.0136971457337	0.00805457992709	-0.0133436722599	-0.0204374123651	0.0202505778335	-0.00952823226032	0.0715152899591	-0.00956797343779	0.00615916877871	0.0364989306114	-0.0203655083638	-0.00227102991376	-0.0282120033195	0.000474169601693	-0.00299797315764	0.0168944414741	-0.0444088232751	0.0039451603859	0.0750071829455	-0.0273355584766	0.0716740175291	-0.0262115489713	-0.0833569280248	-0.0327169768641	0.0166828225421	-0.0224443804142
k__Bacteria;p__Bacteroidetes;c__Bacteroidia;o__Bacteroidales;f__Porphyromonadaceae;g__Parabacteroides;s__Parabacteroides_distasonis	0.0150277356292	0.0161597837951	8.63903020163e-05	0.00209131817105	-0.0178857375379	0.0174854617847	0.0367404852291	0.020351811617	0.0046616033143	1.0	-0.00891479858782	-0.0361439377012	4.68129334095e-05	0.0459344897794	-0.0310027714907	0.0502148595686	0.0670960153224	-0.0210009841687	-0.0322875379649	-0.00845456185588	-0.0383415966713	-0.0346629442724	-0.00581179203441	-0.0379188228068	0.0353750751084	0.0174010156547	-0.017943483309	-0.00817715275223	-0.0501406963207	0.0428445466864	-0.0535470891229	0.0165743544004	-0.0912136016738	-0.00778778219288	-0.0432809812164	0.0206353323813	-0.0632124709071	-0.0527721361591	-0.0139069514847	-0.0313368373534	0.00779071145098	-0.0448900566054	0.00444217525528	0.0589554557284	0.0389351804778	-0.0413113420269	0.0294075979672	0.00700684804486	-0.0256230196821	-0.0251783754884	-0.0318002525622	0.0163042365915	0.0048929446804	-0.064053034889	0.00454660027613	-0.0244365010721	0.0199445387579	-0.0401859914387	0.0347381962709
k__Bacteria;p__Bacteroidetes;c__Bacteroidia;o__Bacteroidales;f__Bacteroidaceae;g__Bacteroides;s__Bacteroides_thetaiotaomicron	-0.00707895411461	0.0304101136724	-0.09049659645	0.00468791010174	0.0352325939345	-0.0366531869621	-0.0254665102097	-0.0260678396646	-0.0209550663742	-0.00891479858782	1.0	-0.0319740234475	-0.0631066832611	0.0514568162336	-0.0340896574507	-0.0148141843864	-0.0250874016798	0.0103676920979	-0.0359453095377	-0.0454354077034	-0.000224488744394	-0.0462979835878	-0.016187528662	-0.0232707448664	-0.0208913687022	-0.0558841883758	0.0498478790393	0.0224892614471	0.00109203232536	-0.0183419303041	-0.0120659741507	4.66856983644e-05	-0.0254927737021	0.0567540983474	0.0588059286176	0.010271285799	-0.0582780532447	-0.0308362635064	-0.00781811253663	0.0232054629188	-0.0480561129328	-0.0393413452211	-0.000876798523314	0.0346597226499	-0.0743157232446	-0.0289537667528	0.00667430911013	0.025785162433	0.0505298597374	-0.0478834581208	0.025003379547	0.0111945142636	-0.00101693241585	0.0592890025896	0.0445808934955	-0.0313301325062	-0.0144985412433	0.0606320047249	-0.024315312768
k__Bacteria;p__Bacteroidetes;c__Bacteroidia;o__Bacteroidales;f__Bacteroidaceae;g__Bacteroides;s__Bacteroides_coprocola	-0.000980711607151	0.00364124905609	0.00573884264405	-0.0561030875888	-0.0214706321722	-0.00552064170946	-0.0136394260518	0.0158116401386	-0.0540233969691	-0.0361439377012	-0.0319740234475	1.0	-0.0524632968993	-0.0468087575442	-0.000112067676736	-0.000316650349705	-0.0212615938693	-0.00967685471487	0.00689706450676	0.00401077338252	-0.0255035783511	-0.0365446487422	0.00932300174441	-0.0352854868996	-0.00214454535532	-0.0120603692668	0.0080258720702	0.0587076935002	-0.000711712835763	-0.00612420060774	0.0130464152789	0.0104643587869	-0.0017660127408	-0.0139281374429	0.030604403326	-0.048885929858	0.0176487658589	-0.0246055146873	-0.00761351965661	-0.00565772211177	-0.0831332894091	0.0507763314088	0.0181738651207	0.00369054632712	-0.0196646365579	0.0540013014289	-0.0346624936958	-0.0754440184995	0.0205826872574	-0.0119152673772	0.0388636609223	-0.0234405451767	-0.0180365989144	0.0304683804143	0.00779652908605	0.0866110593173	-0.0305584756639	-0.00615987921216	-0.0157627781961
k__Bacteria;p__Bacteroidetes;c__Bacteroidia;o__Bacteroidales;f__Bacteroidaceae;g__Bacteroides;s__Bacteroides_cellulosilyticus	-0.0400914596347	-0.0234149874464	0.0156073058018	-0.00694911979104	-0.0105539653433	-0.0696007511871	-0.038892494633	0.0591001343088	0.00946304976027	4.68129334095e-05	-0.0631066832611	-0.0524632968993	1.0	0.0132744699735	-0.0438204684849	0.0543229038746	-0.049958847527	-0.00918940709488	0.0348023450197	-0.0186027802526	-0.0486905284595	0.00159762692313	0.0172915072795	-0.0186527396226	0.0463472564001	0.012804519404	0.02791899521	-0.0459896495489	-0.0535932695434	0.108821681528	0.0379740792018	-0.0253712896629	-0.0787100213697	-0.0737180442253	0.0570264936053	0.0285529223167	-0.0540696361385	-0.0521313619659	-0.0376935483322	0.0429629100101	-0.0256747534925	-0.0515205890186	0.0184009427312	0.0396996677432	0.00885928705616	-0.00211087105802	0.00796549809684	-0.11498703883	0.0019904040034	-0.101740145531	-0.0256664779248	-0.00361049799517	-0.0495915847397	-0.0243618781376	0.0336802978648	0.0206152070747	0.01036582104	-0.0335592270313	0.081052599799
k__Bacteria;p__Bacteroidetes;c__Bacteroidia;o__Bacteroidales;f__Rikenellaceae;g__Alistipes;s__Alistipes_obesi	-0.0333088412127	0.0537684361847	-0.00509695155146	0.0332462570636	0.00955739518203	-0.00327167777511	-0.0303346337921	-0.0329729398048	-0.0094870198089	0.0459344897794	0.0514568162336	-0.0468087575442	0.0132744699735	1.0	0.0573382891366	-0.0318279578431	-0.00676892706883	-0.0337818411804	-0.0877848347667	0.0101995293093	-0.0121921298036	-0.0430325458574	0.0365593363972	0.00488270635176	-0.0703280810684	-0.0509554596454	-0.0140342369145	0.0224192139854	-0.0321159640012	-0.0444778853439	0.00754460418078	-0.0476491764536	-0.0100940734193	0.0123886688415	0.0586153973182	-0.0601435830355	-0.0276183870428	0.0716279586945	0.0144873809663	0.0411892551199	0.0103800975034	-0.0391300121418	-0.0262232862785	-0.005297235489	0.0342960545183	-0.0303781755808	-0.0216074028235	0.0430176001186	-0.0317933553346	-0.024318305211	0.0174273618679	-0.00776882650544	0.0164153534171	0.0206196574171	0.0297112266672	0.0359814370284	-0.00841371865954	-0.0251161775523	0.0267276579732
k__Bacteria;p__Firmicutes;c__Clostridia;o__Clostridiales;f__Lachnospiraceae;g__;s__[Eubacterium]_rectale	0.0365268742512	0.00967383721624	-0.0256894956133	-0.042985943498	0.0188255747463	-0.00432927944418	-0.00204999194847	0.0119755191768	-0.0175442511268	-0.0310027714907	-0.0340896574507	-0.000112067676736	-0.0438204684849	0.0573382891366	1.0	0.02180237487	-0.00663224592687	0.091557794178	-0.00349795050434	-0.0410206815516	0.0575923420514	0.0308970610311	-0.0169200013151	-0.0338428851975	-0.00669474222814	0.01077800729	-0.00958463318184	0.0265568960037	-0.0865821410206	-0.000334174937704	-0.0755708491149	-0.0379029390468	0.01123128905	0.016337478718	-0.0421803597714	0.00544448783171	0.000930465314546	0.0743160854584	-0.0526596983253	-0.0369900539514	-0.0605713090252	-0.0226508806507	0.0109483679615	0.0198853194844	0.0575370611839	0.0336136173052	0.00176227555382	0.000144873539951	-0.0430167015207	-0.0288777619748	-0.0046872524362	-0.0056737344021	-0.0515235093143	0.00486362026071	0.0271265517423	-0.11508721209	0.0257656941057	-0.081066125193	-0.0149935723402
k__Bacteria;p__Bacteroidetes;c__Bacteroidia;o__Bacteroidales;f__Bacteroidaceae;g__Bacteroides;s__Bacteroides_plebeius	0.000845314455875	-0.0561305251621	-0.0102792344026	0.0162533507021	0.0819329546606	-0.0544811848041	0.00956337227597	-0.0516623456456	-0.0371753153993	0.0502148595686	-0.0148141843864	-0.000316650349705	0.0543229038746	-0.0318279578431	0.02180237487	1.0	0.0120630596582	0.0336498887081	-0.0222251542603	0.00149634441544	-0.036278711048	-0.0131690541428	-0.0439514813179	0.00161886295156	0.0329554444653	-0.00468835810849	0.0511856649915	0.0257302234003	-0.00472884333843	0.00981398852201	0.0164092913738	-0.0544278924791	-0.0695093101315	-0.0251497024388	0.0011808873908	-0.024896951279	0.00695769440542	-0.0195440806786	-0.0356468171443	-0.0331971504312	-0.00455409753371	-0.0928479253631	0.0488300063553	0.0145071655271	-0.0223466812289	-0.0544532975408	0.0156482732119	0.0118490195849	-0.0195795538856	-0.0214280537154	0.0363980870479	0.0515705624224	-0.0196674381733	0.0704360022893	-0.0537167417045	0.0430691169632	-0.0136348751056	-0.0220895400432	-0.0400980370581
k__Bacteria;p__Bacteroidetes;c__Bacteroidia;o__Bacteroidales;f__Bacteroidaceae;g__Bacteroides;s__Bacteroides_fragilis	0.0959314503123	0.0269251333551	0.0894219280399	-0.0594415980236	-0.008108132402	-0.0451602729094	0.00957987402321	0.0450256822269	-0.025448858334	0.0670960153224	-0.0250874016798	-0.0212615938693	-0.049958847527	-0.00676892706883	-0.00663224592687	0.0120630596582	1.0	-0.0163404513288	-0.0544170213308	0.00861630616805	0.0276583505122	-0.0925316028763	0.00677131301558	-0.0454469636522	-0.0635975473269	0.00400470624328	0.00781499395257	0.00711250266869	0.0339627345497	0.0156627073132	-0.00178593596375	0.0143890715634	-0.0285514833077	0.0105228786671	0.0182545587184	-0.0292852697873	0.0217378714041	-0.00525950546342	-0.014466738199	0.101477115969	-0.0903694223748	0.0122937732328	-0.0878245223335	-0.00458551508665	0.0458549935364	0.00155582208444	-0.0636594093916	0.0472244100732	-0.0196249718006	-0.0378722283195	-0.00187486206553	-0.0455172614305	-0.0351329161134	-0.045486169116	-0.0278984258211	0.0524553254204	-0.0106080916901	0.0379489190974	-0.0505804944315
k__Bacteria;p__Proteobacteria;c__Betaproteobacteria;o__Burkholderiales;f__Sutterellaceae;g__Sutterella;s__Sutterella_wadsworthensis	0.059847671555	0.02149298712	-0.0012652986864	0.0572786817491	0.0124669624054	0.0151903436019	-0.0291370280716	-0.0405104737458	0.0382973780198	-0.0210009841687	0.0103676920979	-0.00967685471487	-0.00918940709488	-0.0337818411804	0.091557794178	0.0336498887081	-0.0163404513288	1.0	-0.0109740170648	-0.0198964238733	-0.00727118561375	0.0506132951554	-0.0473592555403	-0.0292031249057	-0.0258156584256	-0.0630078452819	0.0131669717149	0.0433781207406	-0.0333039129434	0.0146426492989	-0.0852592822192	-0.0458955746184	-0.043893348135	0.0376318717176	-0.0281837640305	-0.0754027912964	-0.00619095547815	-0.0140497180453	0.0676485808846	-0.0146818932872	-0.0190513802742	0.00586630467004	-0.0722430721515	0.0122544835983	0.0137857486819	-0.00446604322179	0.0331879758048	0.00723450080259	-0.0333357363107	-0.0388088383296	-0.0151345529653	-0.0501457092453	0.0100945501766	0.0529273813629	-0.0265122374369	-0.00352377088936	-0.0250401032956	0.0331401700395	-0.0185459148938
k__Bacteria;p__Bacteroidetes;c__Bacteroidia;o__Bacteroidales;f__Porphyromonadaceae;g__Barnesiella;s__Barnesiella_intestinihominis	0.0214184269474	0.0445458382285	-0.0166588141559	-0.0785585279122	0.0411071931976	-0.0531492934379	0.00664116377212	0.00654863362339	-0.035541594392	-0.0322875379649	-0.0359453095377	0.00689706450676	0.0348023450197	-0.0877848347667	-0.00349795050434	-0.0222251542603	-0.0544170213308	-0.0109740170648	1.0	-0.0196122316095	0.0170003824841	0.0640557914907	-0.0197354145324	0.0265260040487	-0.0328518016592	0.0306300237751	-0.00116184955106	-0.066578177553	0.0399013699227	-0.0179215624224	-0.0435224982409	-0.0478665746218	0.0167843873907	0.0195307922872	-0.0457566594614	0.00105997842921	0.0425738303575	0.0101904240596	0.0348811013302	-0.0427419561375	-0.0202753401217	-0.0271311121355	-0.040603174619	-0.027949354483	-0.0115487766351	-0.057584424385	0.0015514245699	-0.00351760429575	-0.00833749289962	0.0199849823158	-0.0549788879405	0.0355770294192	-0.0002234206241	0.017636469843	0.00272486991668	-0.0129686981858	0.0569888590327	0.0198605499539	-0.0333742241716
k__Bacteria;p__Bacteroidetes;c__Bacteroidia;o__Bacteroidales;f__Odoribacteraceae;g__Odoribacter;s__Odoribacter_splanchnicus	0.0348620861177	0.0232904390006	0.0720557302064	-0.0360265097166	0.0551695940259	0.011477800562	-0.0274971407207	-0.0718514450387	0.0324960824035	-0.00845456185588	-0.0454354077034	0.00401077338252	-0.0186027802526	0.0101995293093	-0.0410206815516	0.00149634441544	0.00861630616805	-0.0198964238733	-0.0196122316095	1.0	0.0306385119565	-0.0381874989653	-0.0195146592809	-0.0296895395022	-0.00760145045389	0.0840965918676	0.0610001032071	-0.016159067454	-0.0226887286397	-0.0131734613064	-0.00258622739564	0.0153482499814	0.00248526733954	-0.0246804693786	-0.0306910382416	-0.0591217366017	0.00818635120455	0.0233722600507	-0.00957201327461	0.0503682566615	0.0436642787203	0.0513418987808	-0.0572298859157	-0.00528727948978	0.0246513167785	0.00581230156722	-0.046556351692	-0.0366760121508	-0.00502610141798	-0.0469607957456	-0.0352841733522	-0.0515813515599	-0.0101412951919	-0.0201388558829	-0.0261524096053	0.0211306393032	-0.036683156756	0.00500372712753	-0.00786722423204
k__Bacteria;p__Bacteroidetes;c__Bacteroidia;o__Bacteroidales;f__Bacteroidaceae;g__Bacteroides;s__Bacteroides_salyersiae	0.00459273809513	-0.0222121039138	-0.0473111966605	-0.0248380276075	-0.0508400980881	0.038141557427	-0.00251174565889	-0.035211748709	-0.00823404594729	-0.0383415966713	-0.000224488744394	-0.0255035783511	-0.0486905284595	-0.0121921298036	0.0575923420514	-0.036278711048	0.0276583505122	-0.00727118561375	0.0170003824841	0.0306385119565	1.0	-0.0152669585841	-0.0452287585947	0.00492195670948	-0.0380477264853	-0.00913862267691	0.0224774498603	0.0165043515081	-0.0140360885448	-0.0352795630637	-0.015288199315	0.0322437284736	-0.0232208882994	-0.00750795090116	-0.00780439732737	-0.041480075517	0.0161971322641	-0.0286375725595	0.0316783175135	-0.032396123486	5.66232441757e-05	0.0283239462025	0.0165952343598	0.00508788802779	0.062801505684	0.0436431955693	0.00468222726816	-0.0121843162666	-0.013049114717	0.0367481920634	-0.0466348957415	0.00394508360078	0.0180227842885	-0.0469865210137	-0.0323050441207	-0.00353549452369	-0.0331269298761	0.0467110882807	0.0408731385257
k__Bacteria;p__Firmicutes;c__Clostridia;o__Clostridiales;f__Ruminococcaceae;g__Ruminiclostridium;s__[Eubacterium]_siraeum	-0.0260854977953	0.0121763683702	-0.0641199643935	0.0134201478062	-0.00779021027881	0.0735481343461	-0.068780586783	-0.0336820831683	-0.0281912476356	-0.0346629442724	-0.0462979835878	-0.0365446487422	0.00159762692313	-0.0430325458574	0.0308970610311	-0.0131690541428	-0.0925316028763	0.0506132951554	0.0640557914907	-0.0381874989653	-0.0152669585841	1.0	-0.0235572647651	-0.0558077617474	0.00830550868753	-0.051356517582	-0.00808270080909	-0.0673882043431	0.0359157567951	-0.0143451693573	-0.00543827030899	-0.00161714446514	0.0262777370882	-0.00647159418521	-0.0213716743896	-0.0416034641102	-0.00362720278027	0.0500426828226	0.00951344163018	-0.12123141734	0.0409763186591	-0.0455841900351	0.0525412162687	-0.0132230753524	-0.0449855661351	0.0085247883598	-0.00485888095477	0.0400090827202	-0.0249036882531	0.0297239345337	0.00759442356511	0.083108871399	0.0211955393604	-0.0387075224913	-0.0390497889725	-0.0388916498932	-0.0368745337205	-0.00948452328095	0.0304929388918
k__Bacteria;p__Proteobacteria;c__Betaproteobacteria;o__Burkholderiales;f__Sutterellaceae;g__Parasutterella;s__Parasutterella_excrementihominis	0.052881062377	-0.0816597806658	-0.0585206199218	-0.0113359064843	-0.0559223895993	0.00931090979298	-0.0669645232151	-0.0368745410106	-0.0379150937189	-0.00581179203441	-0.016187528662	0.00932300174441	0.0172915072795	0.0365593363972	-0.0169200013151	-0.0439514813179	0.00677131301558	-0.0473592555403	-0.0197354145324	-0.0195146592809	-0.0452287585947	-0.0235572647651	1.0	-0.0391667126359	-0.0623767576953	0.0393846701437	-0.0358116225555	-0.0254243597645	0.0189462897325	-0.0325057479789	0.0105511200609	0.0378865248242	-0.000671094535546	0.0421779214716	-0.0478858801732	-0.00900835210213	0.0114591168278	-0.00469742053718	0.0192960020011	-0.0101882041827	-0.0209672655123	0.0531716069803	0.0091046522125	-0.0249341987409	-0.0049108322864	-0.0444449239744	-0.0118035280805	0.00272198049864	0.0558937602447	0.00477145914575	0.0137796965487	0.0127224208181	-0.0216145496098	-0.0434437526149	-0.0476506208137	0.0227249534865	-0.0191430152371	0.00053528520979	-0.032296239764
k__Bacteria;p__Actinobacteria;c__Actinobacteria;o__Bifidobacteriales;f__Bifidobacteriaceae;g__Bifidobacterium;s__Bifidobacterium_adolescentis	0.0235946271202	0.00419866563205	0.061975932334	0.0339864994572	-0.00813445755253	-0.00255557858813	-0.0536123637481	-0.0572259101362	-0.00343844451637	-0.0379188228068	-0.0232707448664	-0.0352854868996	-0.0186527396226	0.00488270635176	-0.0338428851975	0.00161886295156	-0.0454469636522	-0.0292031249057	0.0265260040487	-0.0296895395022	0.00492195670948	-0.0558077617474	-0.0391667126359	1.0	0.0362758835071	-0.0173723946428	-0.00675886226212	-0.0330819798677	0.0321879621773	0.00644614716669	-0.0390912488342	-0.00861196429125	0.0202844165362	0.0576421252136	0.00854028724058	-0.014788403053	-0.0948672082149	0.0242422337367	-0.00506398657046	0.00691555838133	0.0161166326745	-0.0531268836716	0.0331942749223	-0.061932063853	0.00907925918508	-0.0298682332624	-0.0426275710756	0.0387045778294	-0.0887269421969	-0.00420465918473	0.0322900596383	0.0290114193477	-0.0465358148145	-0.0214929968893	0.0155921253047	0.0030744177077	-0.042005967397	-0.0263741535686	0.0467038535779
k__Bacteria;p__Firmicutes;c__Clostridia;o__Clostridiales;f__Oscillospiraceae;g__Oscillibacter;s__Oscillibacter_sp._KLE_1745	0.0434933898874	0.0311546281682	-0.049729867594	-0.0462196134656	-0.00634670542682	0.007369500545	-0.00447918291882	-0.0516545685596	0.00750382943524	0.0353750751084	-0.0208913687022	-0.00214454535532	0.0463472564001	-0.0703280810684	-0.00669474222814	0.0329554444653	-0.0635975473269	-0.0258156584256	-0.0328518016592	-0.00760145045389	-0.0380477264853	0.00830550868753	-0.0623767576953	0.0362758835071	1.0	-0.0717095624812	0.035086759433	-0.00355652772434	0.00898040325795	-0.0189324834192	-0.0431539606729	0.00647985261002	0.0365936594865	0.00432335234845	0.0302383269785	-0.0101874561619	-0.0365878208383	-0.0184856089655	-0.0338641953042	-0.0372145989393	-0.00423475461233	-0.0265601954003	0.0861660771117	0.0342065594764	0.00806236454237	-0.0417816169444	-0.0178799156655	-0.0310969031038	0.0838844085713	-0.00747008824842	-0.0359548373328	-0.0228619997622	0.0115088211221	-0.0422136454351	-0.0493237249916	-0.0147539109015	-0.0327303336178	-0.0229190767231	-0.0216005401218
k__Bacteria;p__Bacteroidetes;c__Bacteroidia;o__Bacteroidales;f__Bacteroidaceae;g__Bacteroides;s__Bacteroides_coprophilus	-0.0412458702858	-0.00312032115272	-0.0316889099305	-0.0353386895932	0.0279119402465	-0.0445091514428	-0.0356435085765	0.0647004436498	-0.00136741441832	0.0174010156547	-0.0558841883758	-0.0120603692668	0.012804519404	-0.0509554596454	0.01077800729	-0.00468835810849	0.00400470624328	-0.0630078452819	0.0306300237751	0.0840965918676	-0.00913862267691	-0.051356517582	0.0393846701437	-0.0173723946428	-0.0717095624812	1.0	-0.0212974932251	0.0385097333551	0.018065103785	-0.0224630236046	0.0145973605183	0.0289954950564	-0.0199450345241	-0.0187797797818	-0.0281607247447	0.0302555661075	0.0415818416592	0.0418044980836	-0.0254344840358	0.0133418381172	0.00567140158306	0.0394137380271	-0.0345407084863	0.0252039106994	-0.00773660129145	-0.00142443602559	0.0505184397565	-0.020341200359	0.0163218603972	-0.0449979463321	-0.0108652659582	0.0189811828904	0.00964675521502	-0.0731117409619	-0.0218262105559	0.0022804900627	0.0479128056415	0.0425778217915	0.031509910045
k__Bacteria;p__Firmicutes;c__Clostridia;o__Clostridiales;f__Lachnospiraceae;g__Roseburia;s__Roseburia_intestinalis	-0.0575151880515	0.0179269383443	0.0619532151074	0.000361099009409	-0.0480408247162	-0.0109104747741	-0.0220357964359	-0.0239182562209	-0.0513701362348	-0.017943483309	0.0498478790393	0.0080258720702	0.02791899521	-0.0140342369145	-0.00958463318184	0.0511856649915	0.00781499395257	0.0131669717149	-0.00116184955106	0.0610001032071	0.0224774498603	-0.00808270080909	-0.0358116225555	-0.00675886226212	0.035086759433	-0.0212974932251	1.0	-0.00403117015646	-0.0309942445945	0.0658448474603	-0.020995759332	0.0331222254818	-0.048312627035	0.0413533564353	-0.00846201514136	-0.0252272694105	0.0060818287782	0.0526047130842	-0.0609690442792	-0.0725444237448	-0.0087646219307	0.0110293153663	-0.0474707150855	-0.0585443159251	-0.0277128855602	-0.00613829679689	-0.0149629004889	-0.0444538902867	-0.0477032602999	-0.0216712789582	0.059356219295	-0.0596814311336	-0.0347160391204	0.0381300703786	-0.0396126495979	0.0375879273231	0.0468882485508	-0.0160658891945	0.025002677692
k__Bacteria;p__Firmicutes;c__Clostridia;o__Clostridiales;f__Lachnospiraceae;g__Roseburia;s__Roseburia_hominis	-0.00959582403775	-0.0360658152521	-0.0396741633712	-0.0680450629838	0.0472935297073	-0.0147789058594	-0.0176472620005	-0.0293092150598	-0.0616433717326	-0.00817715275223	0.0224892614471	0.0587076935002	-0.0459896495489	0.0224192139854	0.0265568960037	0.0257302234003	0.00711250266869	0.0433781207406	-0.066578177553	-0.016159067454	0.0165043515081	-0.0673882043431	-0.0254243597645	-0.0330819798677	-0.00355652772434	0.0385097333551	-0.00403117015646	1.0	-0.0301596023842	0.00421469302163	-0.0423419423743	-0.0159808020703	-0.0375043524314	0.0170336122889	-0.00367287301902	-0.0828844876561	-0.0272386854359	0.00795297042802	0.00746136372872	0.0144007092031	-0.0240142485834	0.00970854727247	-0.0373095956192	-0.0126425198375	0.00123389832166	0.0449390038821	0.0536968293233	-0.00444409847918	0.0254234658311	0.0542382000314	-0.0961748001574	-0.0702897868004	-0.0442467143881	-0.0441913440622	-0.0146785948127	0.0107877640153	-0.0026078118396	-0.00631431685988	0.00229199377144
k__Bacteria;p__Bacteroidetes;c__Bacteroidia;o__Bacteroidales;f__Porphyromonadaceae;g__Parabacteroides;s__Parabacteroides_johnsonii	0.0111059314926	-0.0649810425464	0.027683914156	-0.0550233317705	-0.0152344240055	-0.0157329824091	0.00531066868935	-0.000547204042161	0.0326972409808	-0.0501406963207	0.00109203232536	-0.000711712835763	-0.0535932695434	-0.0321159640012	-0.0865821410206	-0.00472884333843	0.0339627345497	-0.0333039129434	0.0399013699227	-0.0226887286397	-0.0140360885448	0.0359157567951	0.0189462897325	0.0321879621773	0.00898040325795	0.018065103785	-0.0309942445945	-0.0301596023842	1.0	-0.0565819295879	0.0359627162481	-0.133331660028	-0.024142119007	0.042982152176	-0.058710081515	0.0982846400793	-0.0662404873878	-0.00332103518314	-0.0360176016059	0.0404132108753	0.0252105500353	0.0774721403955	-0.0649893169277	0.0077370341855	0.0405275314783	-0.0422294288687	-0.0746700741434	0.0289777947713	0.0283133704009	-0.0525922557462	-0.0324553648634	-0.024941528477	0.00347473152446	-0.0196596434223	0.0185654373771	0.0570997042672	0.013299632242	0.0260855859004	-0.0197179152045
k__Bacteria;p__Actinobacteria;c__Actinobacteria;o__Bifidobacteriales;f__Bifidobacteriaceae;g__Bifidobacterium;s__Bifidobacterium_longum	-0.0664988073548	0.0358300922028	-0.0283623610734	-0.0262582065509	-0.0308262212908	0.0167169152684	-0.039337410097	0.0144860877809	-0.0726614700656	0.0428445466864	-0.0183419303041	-0.00612420060774	0.108821681528	-0.0444778853439	-0.000334174937704	0.00981398852201	0.0156627073132	0.0146426492989	-0.0179215624224	-0.0131734613064	-0.0352795630637	-0.0143451693573	-0.0325057479789	0.00644614716669	-0.0189324834192	-0.0224630236046	0.0658448474603	0.00421469302163	-0.0565819295879	1.0	-0.0406921035637	-0.0041235962095	-0.0437708033892	-0.0315054436183	-0.017902543848	0.0450789982462	0.0337336909657	-0.00273031780012	0.0216693616596	-0.00627294693026	-0.0445011447647	0.0358243965548	-0.0396845934873	-0.010040321486	-0.0447784994336	0.00882448129659	0.0302998297284	-0.0653231974324	0.0295535137039	-0.00233745588258	0.0455383892097	0.00724642270641	-0.0495934002963	0.0431903684338	0.0665223560693	-0.00630126153384	0.00843879794129	-0.00179611825905	-0.0122548176718
