#taxonomy	k__Bacteria;p__Bacteroidetes;c__Bacteroidia;o__Bacteroidales;f__Bacteroidaceae;g__Bacteroides;s__Bacteroides_vulgatus	k__Bacteria;p__Bacteroidetes;c__Bacteroidia;o__Bacteroidales;f__Bacteroidaceae;g__Bacteroides;s__Bacteroides_uniformis	k__Bacteria;p__Bacteroidetes;c__Bacteroidia;o__Bacteroidales;f__Rikenellaceae;g__Alistipes;s__Alistipes_putredinis	k__Bacteria;p__Bacteroidetes;c__Bacteroidia;o__Bacteroidales;f__Prevotellaceae;g__Prevotella;s__Prevotella_copri	k__Bacteria;p__Bacteroidetes;c__Bacteroidia;o__Bacteroidales;f__Bacteroidaceae;g__Bacteroides;s__Bacteroides_stercoris	k__Bacteria;p__Bacteroidetes;c__Bacteroidia;o__Bacteroidales;f__Bacteroidaceae;g__Bacteroides;s__Bacteroides_ovatus	k__Bacteria;p__Bacteroidetes;c__Bacteroidia;o__Bacteroidales;f__Rikenellaceae;g__Alistipes;s__Alistipes_shahii	k__Bacteria;p__Firmicutes;c__Clostridia;o__Clostridiales;f__Ruminococcaceae;g__Faecalibacterium;s__Faecalibacterium_prausnitzii	k__Bacteria;p__Bacteroidetes;c__Bacteroidia;o__Bacteroidales;f__Rikenellaceae;g__Alistipes;s__Alistipes_finegoldii	k__Bacteria;p__Bacteroidetes;c__Bacteroidia;o__Bacteroidales;f__Porphyromonadaceae;g__Parabacteroides;s__Parabacteroides_distasonis	k__Bacteria;p__Bacteroidetes;c__Bacteroidia;o__Bacteroidales;f__Bacteroidaceae;g__Bacteroides;s__Bacteroides_thetaiotaomicron	k__Bacteria;p__Bacteroidetes;c__Bacteroidia;o__Bacteroidales;f__Bacteroidaceae;g__Bacteroides;s__Bacteroides_coprocola	k__Bacteria;p__Bacteroidetes;c__Bacteroidia;o__Bacteroidales;f__Bacteroidaceae;g__Bacteroides;s__Bacteroides_cellulosilyticus	k__Bacteria;p__Bacteroidetes;c__Bacteroidia;o__Bacteroidales;f__Rikenellaceae;g__Alistipes;s__Alistipes_obesi	k__Bacteria;p__Firmicutes;c__Clostridia;o__Clostridiales;f__Lachnospiraceae;g__;s__[Eubacterium]_rectale	k__Bacteria;p__Bacteroidetes;c__Bacteroidia;o__Bacteroidales;f__Bacteroidaceae;g__Bacteroides;s__Bacteroides_plebeius	k__Bacteria;p__Bacteroidetes;c__Bacteroidia;o__Bacteroidales;f__Bacteroidaceae;g__Bacteroides;s__Bacteroides_fragilis	k__Bacteria;p__Proteobacteria;c__Betaproteobacteria;o__Burkholderiales;f__Sutterellaceae;g__Sutterella;s__Sutterella_wadsworthensis	k__Bacteria;p__Bacteroidetes;c__Bacteroidia;o__Bacteroidales;f__Porphyromonadaceae;g__Barnesiella;s__Barnesiella_intestinihominis	k__Bacteria;p__Bacteroidetes;c__Bacteroidia;o__Bacteroidales;f__Odoribacteraceae;g__Odoribacter;s__Odoribacter_splanchnicus	k__Bacteria;p__Bacteroidetes;c__Bacteroidia;o__Bacteroidales;f__Bacteroidaceae;g__Bacteroides;s__Bacteroides_salyersiae	k__Bacteria;p__Firmicutes;c__Clostridia;o__Clostridiales;f__Ruminococcaceae;g__Ruminiclostridium;s__[Eubacterium]_siraeum	k__Bacteria;p__Proteobacteria;c__Betaproteobacteria;o__Burkholderiales;f__Sutterellaceae;g__Parasutterella;s__Parasutterella_excrementihominis	k__Bacteria;p__Actinobacteria;c__Actinobacteria;o__Bifidobacteriales;f__Bifidobacteriaceae;g__Bifidobacterium;s__Bifidobacterium_adolescentis	k__Bacteria;p__Firmicutes;c__Clostridia;o__Clostridiales;f__Oscillospiraceae;g__Oscillibacter;s__Oscillibacter_sp._KLE_1745	k__Bacteria;p__Bacteroidetes;c__Bacteroidia;o__Bacteroidales;f__Bacteroidaceae;g__Bacteroides;s__Bacteroides_coprophilus	k__Bacteria;p__Firmicutes;c__Clostridia;o__Clostridiales;f__Lachnospiraceae;g__Roseburia;s__Roseburia_intestinalis	k__Bacteria;p__Firmicutes;c__Clostridia;o__Clostridiales;f__Lachnospiraceae;g__Roseburia;s__Roseburia_hominis	k__Bacteria;p__Bacteroidetes;c__Bacteroidia;o__Bacteroidales;f__Porphyromonadaceae;g__Parabacteroides;s__Parabacteroides_johnsonii	k__Bacteria;p__Actinobacteria;c__Actinobacteria;o__Bifidobacteriales;f__Bifidobacteriaceae;g__Bifidobacterium;s__Bifidobacterium_longum	k__Bacteria;p__Firmicutes;c__Clostridia;o__Clostridiales;f__;g__Flavonifractor;s__Flavonifractor_plautii	k__Bacteria;p__Firmicutes;c__Clostridia;o__Clostridiales;f__Clostridiaceae;g__Clostridium;s__Clostridium_phoceensis	k__Bacteria;p__Verrucomicrobia;c__Verrucomicrobiae;o__Verrucomicrobiales;f__Akkermansiaceae;g__Akkermansia;s__Akkermansia_muciniphila	k__Bacteria;p__Bacteroidetes;c__Bacteroidia;o__Bacteroidales;f__Prevotellaceae;g__Paraprevotella;s__Paraprevotella_xylaniphila	k__Bacteria;p__Firmicutes;c__Clostridia;o__Clostridiales;f__Ruminococcaceae;g__Ruminococcus;s__Ruminococcus_callidus	k__Bacteria;p__Bacteroidetes;c__Bacteroidia;o__Bacteroidales;f__Rikenellaceae;g__Alistipes;s__Alistipes_senegalensis	k__Bacteria;p__Firmicutes;c__Clostridia;o__Clostridiales;f__Lachnospiraceae;g__Blautia;s__Blautia_sp._KLE_1732	k__Bacteria;p__Bacteroidetes;c__Bacteroidia;o__Bacteroidales;f__Bacteroidaceae;g__Bacteroides;s__Bacteroides_oleiciplenus	k__Bacteria;p__Firmicutes;c__Clostridia;o__Clostridiales;f__Ruminococcaceae;g__Ruminococcus;s__Ruminococcus_bicirculans	k__Bacteria;p__Bacteroidetes;c__Bacteroidia;o__Bacteroidales;f__Bacteroidaceae;g__Bacteroides;s__Bacteroides_fluxus	k__Bacteria;p__Bacteroidetes;c__Bacteroidia;o__Bacteroidales;f__Prevotellaceae;g__Prevotella;s__Prevotella_stercorea	k__Bacteria;p__Firmicutes;c__Clostridia;o__Clostridiales;f__Lachnospiraceae;g__Dorea;s__Dorea_longicatena	k__Bacteria;p__Firmicutes;c__Clostridia;o__Clostridiales;f__Eubacteriaceae;g__Eubacterium;s__[Eubacterium]_eligens	k__Bacteria;p__Firmicutes;c__Clostridia;o__Clostridiales;f__Ruminococcaceae;g__;s__Ruminococcaceae_bacterium_D16	k__Bacteria;p__Firmicutes;c__Clostridia;o__Clostridiales;f__Lachnospiraceae;g__Coprococcus;s__Coprococcus_comes	k__Bacteria;p__Proteobacteria;c__Gammaproteobacteria;o__Enterobacterales;f__Enterobacteriaceae;g__Escherichia;s__Escherichia_coli	k__Bacteria;p__Firmicutes;c__Clostridia;o__Clostridiales;f__Ruminococcaceae;g__Anaerotruncus;s__Anaerotruncus_colihominis	k__Bacteria;p__Firmicutes;c__Clostridia;o__Clostridiales;f__Lachnospiraceae;g__Blautia;s__Blautia_obeum	k__Bacteria;p__Bacteroidetes;c__Bacteroidia;o__Bacteroidales;f__Odoribacteraceae;g__Odoribacter;s__Odoribacter_laneus	k__Bacteria;p__Firmicutes;c__Clostridia;o__Clostridiales;f__Ruminococcaceae;g__Ruminiclostridium;s__[Clostridium]_leptum	k__Bacteria;p__Bacteroidetes;c__Bacteroidia;o__Bacteroidales;f__Porphyromonadaceae;g__Parabacteroides;s__Parabacteroides_goldsteinii	k__Bacteria;p__Firmicutes;c__Clostridia;o__Clostridiales;f__Lachnospiraceae;g__Anaerostipes;s__Anaerostipes_hadrus	k__Bacteria;p__Firmicutes;c__Clostridia;o__Clostridiales;f__Ruminococcaceae;g__Ruminococcus;s__Ruminococcus_lactaris	k__Bacteria;p__Firmicutes;c__Clostridia;o__Clostridiales;f__Clostridiaceae;g__Clostridium;s__Clostridium_sp._L2-50	k__Bacteria;p__Firmicutes;c__Clostridia;o__Clostridiales;f__Clostridiaceae;g__Clostridium;s__Clostridium_sp._M62/1	k__Bacteria;p__Firmicutes;c__Clostridia;o__Clostridiales;f__;g__Intestinimonas;s__Intestinimonas_butyriciproducens	k__Bacteria;p__Actinobacteria;c__Actinobacteria;o__Bifidobacteriales;f__Bifidobacteriaceae;g__Bifidobacterium;s__Bifidobacterium_bifidum	k__Bacteria;p__Firmicutes;c__Negativicutes;o__Veillonellales;f__Veillonellaceae;g__Dialister;s__Dialister_invisus	k__Bacteria;p__Bacteroidetes;c__Bacteroidia;o__Bacteroidales;f__Bacteroidaceae;g__Bacteroides;s__Bacteroides_salanitronis
k__Bacteria;p__Bacteroidetes;c__Bacteroidia;o__Bacteroidales;f__Bacteroidaceae;g__Bacteroides;s__Bacteroides_vulgatus	1.0	0.0305562574909	-0.0102666946085	0.051058264307	-0.0690605673423	-0.0338641744323	0.058876615521	-0.0328349252387	0.0644471047601	-0.0539563294665	-0.0441614565205	0.050368501582	0.0139542734195	-0.0133820156669	0.0180304227179	-0.00943338853029	-0.0315306053431	-0.0979512581715	0.00112289513006	-0.0487968384915	-0.00509245487482	0.0317727534784	-0.0422276560951	-0.0626866148082	0.00612447860837	0.0267894308852	-0.0336455052657	0.0261847477658	-0.0373564030827	-0.0485487551671	0.0233282931371	0.00809149092436	0.000660555615365	-0.0552998054472	0.0313905643896	0.0122455607981	-0.0289962528057	-0.0424288393222	0.0772874020176	-0.0439219048175	-0.0124052214786	0.00968179020649	-0.0625116533208	-0.0158246198843	-0.0108511938148	-0.0167659369162	-0.0150289996129	-0.0499995296551	-0.0107436289484	-0.0665989678227	-0.0689673192675	0.0036700506112	0.0252963479578	0.0677743545293	-0.00120544427169	-0.0301077250348	-0.011561851669	-0.00790541855487	0.00762882929478
k__Bacteria;p__Bacteroidetes;c__Bacteroidia;o__Bacteroidales;f__Bacteroidaceae;g__Bacteroides;s__Bacteroides_uniformis	0.0305562574909	1.0	0.0104534455353	-0.055771074804	-0.0308718733399	0.0527391395074	-0.0529642764702	0.00082319092583	-0.0469959681597	0.0221331621208	-0.0157655355875	-0.0038541416072	0.00311085692217	-0.00585755811119	0.0717891191162	-0.00184012077544	0.0674662265965	0.0493533655938	0.0670872532929	-0.0395796232212	0.00263802361504	-0.0312251628365	-0.0429447815243	0.0615654861425	0.018487962926	-0.0340717623197	-0.0395938309041	0.0596276250617	-0.0608765417726	-0.0214153556928	-0.0528916994993	-0.0485683877339	-0.0447366996232	-0.0480012081998	-0.0738595005609	-0.0370660296516	0.0453406817692	-0.055051459491	0.0608793439568	0.00505557910313	0.0181376438802	-0.00522202418186	-0.0222743882604	0.0741920064509	-0.107347403991	0.0329083702907	-0.00257703502309	0.0272157897863	-0.00809769995791	0.0521515574548	-0.000646183138189	-0.0102184560176	0.00906326491508	-0.0200488521599	-0.0311882743258	-0.0806394069153	-0.023878785869	-0.000817216812615	-0.0486996758119
k__Bacteria;p__Bacteroidetes;c__Bacteroidia;o__Bacteroidales;f__Rikenellaceae;g__Alistipes;s__Alistipes_putredinis	-0.0102666946085	0.0104534455353	1.0	0.0190115489153	-0.0185585424818	-0.0100596049535	-0.0215176959399	-0.0639750431909	-0.045245925476	-0.0395472386671	0.0201098768896	-0.0156967574434	-0.0528767340334	0.0124958902415	0.0404670691848	-0.0189619922292	0.0263889549908	-0.0192778647532	0.00929893048506	-0.0361579143566	0.0328061944763	-0.049527876708	-0.00967532184492	-0.0101178430391	-0.0838942032255	0.0264462565022	-0.0312769085736	0.00730217087233	0.00559523821571	-0.0365708540123	-0.0209915917982	-0.0607850609171	0.0179988426362	0.0192631993177	-0.0643198852156	-0.0248008690053	-0.0176166983705	0.0345743298561	-0.0210117233848	-0.00793855666924	0.00305781262331	0.0099047753386	0.0896347026149	-0.0951208360082	-0.0117308603812	-0.04873608174	0.0460968691728	0.0136836953871	-0.00776299291434	-0.060780470776	-0.0194398963521	-0.0130646550235	0.0342552531165	-0.0479882611948	-0.00944573000977	-0.0336205201804	0.0557448530807	-0.00257331098303	0.00508400623551
k__Bacteria;p__Bacteroidetes;c__Bacteroidia;o__Bacteroidales;f__Prevotellaceae;g__Prevotella;s__Prevotella_copri	0.051058264307	-0.055771074804	0.0190115489153	1.0	-0.0389586939896	-0.0531097427986	-0.0394501732292	0.00452953062549	0.00478073243299	-0.0429579890183	0.00986627189887	-0.0138620310042	-0.0250256015135	0.000243858064736	0.0388220182383	-0.0356914698924	0.0102805143798	0.0160530934124	-0.0453386672348	-0.0412153048397	-0.0010289951069	0.046776406057	-0.0478378963972	-0.022133276015	0.0112617015396	0.0366721073369	-0.0550728820919	-0.0688153096457	-0.103338588606	-0.0526691701081	-0.0174236704919	0.0680755164047	-0.0084510653947	0.0236791711887	-0.0547159090768	-0.0742386534011	-0.0185443761054	-0.0209065868131	-0.0157744607021	0.0215417940178	0.0519588269262	-0.00829358971468	0.0391022075307	0.0475146606885	0.0119496937289	0.0240527180804	-0.0855607140564	-0.00473748292003	-0.038354142943	0.0472256348262	-0.00721614837979	0.0634996045567	0.0442231915745	-0.0393770637095	0.0226149502366	-0.0359631329617	-0.0172677224741	0.00230595529686	0.0378434201332
k__Bacteria;p__Bacteroidetes;c__Bacteroidia;o__Bacteroidales;f__Bacteroidaceae;g__Bacteroides;s__Bacteroides_stercoris	-0.0690605673423	-0.0308718733399	-0.0185585424818	-0.0389586939896	1.0	0.00192484817493	-0.0457832715196	-0.0211441169077	-0.0707089622482	-0.0290695980061	0.00789730162897	0.00622766651469	0.0203815656754	0.00904807217345	0.00475768146279	0.025969237381	-0.0493955804083	0.0288464302783	-0.0456593224378	-0.013459204695	0.0136662564315	-0.000391497751442	0.0476658181258	0.0201871896335	-0.0819169138668	0.0432384232411	0.00189663036498	-0.0404709734363	-0.0272556597839	-0.0381403633452	0.0437721579052	-0.0662838091758	-0.037542754083	-0.0427012362236	0.0332738439062	0.0470683219108	-0.030562892334	0.0355399021645	-0.024882272246	-0.0303203771733	-0.0671828345886	0.00605376188048	0.00613871304205	-0.0180309196509	-0.043579093654	-0.010227348556	-0.052397062286	-0.0166216422263	-0.0612866604088	-0.020040724725	0.00511541952598	-0.0197166535802	0.0262409190969	0.00371759187075	0.0251872229817	-0.0291113846617	0.00901232724316	0.0491723548636	-0.0145809927815
k__Bacteria;p__Bacteroidetes;c__Bacteroidia;o__Bacteroidales;f__Bacteroidaceae;g__Bacteroides;s__Bacteroides_ovatus	-0.0338641744323	0.0527391395074	-0.0100596049535	-0.0531097427986	0.00192484817493	1.0	-0.038823239021	-0.0471693723602	-0.0527418341966	0.0218867280681	0.0148411238034	-0.0104039372507	-0.0714561318594	0.00507010611364	0.0606062497248	0.0344226267965	0.0129412716769	0.0236849298956	-0.0323726994968	0.0349330766592	0.0584516605246	0.0282576491073	-0.0376169481032	-0.00718926047442	0.0314932593807	-0.0272601613939	0.0125198039547	-0.0125656492356	0.00127409005305	0.0561482404024	-0.0488034368696	-0.01926512834	-0.0105471520447	0.00985345253383	-0.0334109476075	-0.0322971107068	0.00391881837358	0.0209082247588	0.0201027635195	-0.0229554882023	-0.0364609354476	0.0430338422134	0.0232227932153	-0.0166642695698	0.0506874805449	0.0299806202862	-0.0340224185481	-0.0688869423815	-0.0371181490063	-0.0534007422023	0.0694930049325	-0.0250115670679	0.00900541824456	-0.0159300927383	-0.07499159223	-0.107774123617	-0.0952161035478	-0.0177741209975	-0.0407781699159
k__Bacteria;p__Bacteroidetes;c__Bacteroidia;o__Bacteroidales;f__Rikenellaceae;g__Alistipes;s__Alistipes_shahii	0.058876615521	-0.0529642764702	-0.0215176959399	-0.0394501732292	-0.0457832715196	-0.038823239021	1.0	-0.0381572408373	0.00996833506655	-0.0256240437656	0.00714602957786	0.00892076162942	-0.00106839877688	-0.00358053286701	-0.0298755902216	-0.0570801887406	-0.00374485167425	0.0110580860018	-0.00317683238454	-0.0463576443144	-0.0183120858778	0.0324941739369	-0.0442272134525	-0.071025884075	-0.0342013926551	-0.0348350892159	-0.0233006123613	0.0402665612637	-0.00903566280532	0.0761351788967	-0.0922765309577	0.0869833318504	0.0175898207364	-0.0538142945158	0.00876109572087	-0.0121796207213	0.0217214056977	-0.0473336151369	-0.0410717946604	-0.0163261906191	0.00268761699482	0.017600627156	-0.0271174605797	-0.0162148927365	-0.0222166481791	-0.046495797299	-0.0357138710056	-0.0365985236989	-0.0158335748682	-0.0073659835466	-0.0569099270922	-0.0327466264668	0.0319452532888	-0.0556365973903	-0.0311252718344	0.0227567702707	-0.0595725230412	0.0409522633266	-0.0289286739823
k__Bacteria;p__Firmicutes;c__Clostridia;o__Clostridiales;f__Ruminococcaceae;g__Faecalibacterium;s__Faecalibacterium_prausnitzii	-0.0328349252387	0.00082319092583	-0.0639750431909	0.00452953062549	-0.0211441169077	-0.0471693723602	-0.0381572408373	1.0	-0.0699636686358	-0.00135754658974	-0.014059832656	-0.0475943271689	0.0334289073604	-0.0117989736357	0.0199677476652	0.0337436687308	0.027152451936	-0.021686065182	0.0630787108233	-0.0319494614867	0.0380799786392	0.00993580382658	-0.00516391378287	0.0030066694469	0.00829403179226	0.0320239622909	-0.0235280007937	-0.00151141341264	-0.023454490669	-0.0913200502701	-0.0139978764171	0.0437411065345	-0.0367539491457	-0.0194843657209	-0.047006789723	-0.052238031182	-0.0366876297932	-0.104461681522	-0.11050299397	-0.0263237106364	-0.0577873542511	0.0924741439964	0.0271834209645	-0.0538896101646	0.012879376508	-0.00225243268232	-0.0241844350177	0.0355276084284	0.0425123880559	0.0922278446075	-0.016862197773	-0.00577614620568	0.0331237854141	-0.000970824431002	-0.0406713509166	-0.00431081673815	-0.0255982215454	-0.0358065559851	0.00261222137105
k__Bacteria;p__Bacteroidetes;c__Bacteroidia;o__Bacteroidales;f__Rikenellaceae;g__Alistipes;s__Alistipes_finegoldii	0.0644471047601	-0.0469959681597	-0.045245925476	0.00478073243299	-0.0707089622482	-0.0527418341966	0.00996833506655	-0.0699636686358	1.0	-0.0358039733511	-0.0216757628095	-0.0295770758335	0.0639856976248	-0.0832892613412	-0.0172223280672	-0.0658902476956	-0.0645709833315	0.00141782893384	-0.025843486828	-0.00118072279706	0.0246317723636	0.0217029503141	0.00410027274332	-0.0312148025749	-0.023825126703	-0.0422555665894	0.0163855288094	-0.0151738509264	0.0531616544045	-0.0407667904139	-0.0662910130102	0.0578695773488	-0.0207130789442	-0.00935265396949	-0.00189988783463	0.0314512936074	0.000548288900356	0.0160494578043	0.0218661322549	-0.106835024582	-0.0323961159596	0.0115197209499	-0.0173509689661	0.0482479380152	0.00426484861987	-0.0162409315331	-0.00262069622687	0.0369345220482	0.00872648282038	-0.0392813162269	-0.0460675802559	0.00477687878406	-0.0440932764653	0.0366998656086	-0.0134074264496	0.00548127520577	0.00190673141379	0.0433419927894	-0.0587680067829
k__Bacteria;p__Bacteroidetes;c__Bacteroidia;o__Bacteroidales;f__Porphyromonadaceae;g__Parabacteroides;s__Parabacteroides_distasonis	-0.0539563294665	0.0221331621208	-0.0395472386671	-0.0429579890183	-0.0290695980061	0.0218867280681	-0.0256240437656	-0.00135754658974	-0.0358039733511	1.0	0.0174636189168	0.034741332036	-0.0842787397439	-0.0231699072548	-0.00616715381425	-0.0157987797166	0.0507742576588	0.00517921676919	0.0511787650499	0.0463786094283	-0.0416416227927	0.00179022685762	-0.0504531854196	-0.00980799416213	0.065446946361	-0.0472572070611	0.0374933873796	0.00284373670875	-0.0191434269589	-0.0269486686069	-0.0576413530339	-0.0336355976181	-0.00883265276378	0.00555814423272	0.0206058606834	-0.0532140578426	-0.0330291237427	-0.0164232837488	0.0232748444041	-0.0597516136036	-0.0357896131606	0.000421280089652	-0.0275647734131	0.0303722347403	0.0606274598501	-0.0790223931254	-0.0241053814888	0.0312269537984	-0.0153192299343	-0.0199759832694	0.0360009424736	0.0552368783756	-0.0249591378685	-0.0592482442181	-0.00204089680861	0.0402803913739	0.0468137932782	0.0155009111123	0.0261078897107
k__Bacteria;p__Bacteroidetes;c__Bacteroidia;o__Bacteroidales;f__Bacteroidaceae;g__Bacteroides;s__Bacteroides_thetaiotaomicron	-0.0441614565205	-0.0157655355875	0.0201098768896	0.00986627189887	0.00789730162897	0.0148411238034	0.00714602957786	-0.014059832656	-0.0216757628095	0.0174636189168	1.0	-0.037349494465	0.0249861115789	0.0102686419273	-0.0574475045857	-0.0196919062701	0.0119406063465	0.0555014012504	0.0431659988229	0.0445249330519	-0.00395474297938	0.0416228010112	0.00356852877674	-0.0368512748098	-0.0287412154839	-0.015071702714	0.0197393681876	0.00672569856091	-0.0566876945641	0.0410383274155	0.00878127156282	-0.00944883610987	0.00825509074863	-0.0220841635408	-0.00290505699092	-0.00674801939898	-0.00468024336937	-0.0543741879073	-0.0705766977047	0.0252742847891	-0.0592929352325	-0.0628361089837	-0.0264434597038	-0.0392573891734	-0.0962545135195	-0.0101450076384	-0.101560101381	-0.0258390637022	0.0220795638085	0.0529086658681	0.00839396975322	0.00866775038577	0.00588330711435	-0.0521839469778	-0.0495515146204	-0.0452493637147	0.00391826528996	-0.0469193389571	-0.0588978139917
k__Bacteria;p__Bacteroidetes;c__Bacteroidia;o__Bacteroidales;f__Bacteroidaceae;g__Bacteroides;s__Bacteroides_coprocola	0.050368501582	-0.0038541416072	-0.0156967574434	-0.0138620310042	0.00622766651469	-0.0104039372507	0.00892076162942	-0.0475943271689	-0.0295770758335	0.034741332036	-0.037349494465	1.0	-0.0211004563313	-0.0301474398815	-0.0539669961847	-0.00702485414787	-0.0170388879676	0.0257854243676	-0.0353369593824	0.0145231818308	-0.0927559778166	-0.0279147028268	-0.0339688728784	-0.0529443677422	0.028913843789	0.0184503964604	0.0371515146425	-0.0207226518918	-0.0164417438858	-0.00872233026588	-0.0196703042348	-0.0951486650022	0.0722684270216	-0.00377897607581	-0.0234165249529	-0.00603382222894	-0.0247572151934	0.00679976736222	0.0347524679678	-0.0308335541482	0.0509898116049	0.022585240513	-0.051246804847	0.022926306181	-0.0148198507882	0.0210477659957	0.059419761202	-0.0991950646478	-0.0263824750297	-0.0278306085975	0.0216207591521	-0.0435621271925	-0.0119607967749	0.00829958191984	-0.0256318502734	-0.0633929379326	0.0491554323424	0.0680103199783	-0.0168810046653
k__Bacteria;p__Bacteroidetes;c__Bacteroidia;o__Bacteroidales;f__Bacteroidaceae;g__Bacteroides;s__Bacteroides_cellulosilyticus	0.0139542734195	0.00311085692217	-0.0528767340334	-0.0250256015135	0.0203815656754	-0.0714561318594	-0.00106839877688	0.0334289073604	0.0639856976248	-0.0842787397439	0.0249861115789	-0.0211004563313	1.0	0.00451075260411	-0.0280356819783	0.0726489456734	-0.0883965311353	-0.026614782421	0.0711917782031	-0.0286805548345	-0.0195301116361	-0.0026271501743	-0.028589083666	-0.0170946199866	-0.0613425734706	0.0514415196278	0.0377027600768	-0.00543676338015	-0.00286671843741	-0.0428484836159	-0.0126690243525	0.00754743466507	-0.026768709485	-0.0107615764097	-0.069550543515	0.0282447138942	-0.00728787710063	-0.00829213419212	-0.0736662308678	0.00824598474482	-0.0304825133758	-0.0149422644494	0.00926105194694	-0.081529567671	0.00111890558241	-0.0162877279921	0.00440964638395	0.00102017189825	-0.0403761097634	-0.0110656125348	-0.034683099963	0.0254044661034	0.02168103452	-0.024826170094	0.0140315006645	0.0297346069906	-0.0328565743543	0.00433297104152	-0.11456614071
k__Bacteria;p__Bacteroidetes;c__Bacteroidia;o__Bacteroidales;f__Rikenellaceae;g__Alistipes;s__Alistipes_obesi	-0.0133820156669	-0.00585755811119	0.0124958902415	0.000243858064736	0.00904807217345	0.00507010611364	-0.00358053286701	-0.0117989736357	-0.0832892613412	-0.0231699072548	0.0102686419273	-0.0301474398815	0.00451075260411	1.0	-0.0253208402224	0.0240006678315	0.0196972571878	-0.022004522144	-0.0612431014512	-0.0254225662786	0.0360045178094	-0.0411608012618	-0.0439102567011	0.0114861500651	0.0195955214411	0.0226528401574	-0.0517634936298	-0.0459787176446	-0.0111068531432	0.00690646827397	0.0314100895689	-0.0675826966115	-0.067104649568	-0.0436989547562	0.00325407727459	0.0143311627702	-0.0185111423021	0.00774533317232	-0.00682366575123	0.0137655569982	0.00648465492207	0.00900884846055	0.0102368120465	-0.0284453123404	0.0609836489971	0.00470935353201	-0.0453927558816	0.0110372499052	0.0252213275479	0.0236536866455	-0.048057755459	0.00800243800251	0.0328780838121	-0.0174802686502	-0.0126706144716	-0.0348564613279	-0.0351270460464	-5.39580211492e-05	0.0339767676652
k__Bacteria;p__Firmicutes;c__Clostridia;o__Clostridiales;f__Lachnospiraceae;g__;s__[Eubacterium]_rectale	0.0180304227179	0.0717891191162	0.0404670691848	0.0388220182383	0.00475768146279	0.0606062497248	-0.0298755902216	0.0199677476652	-0.0172223280672	-0.00616715381425	-0.0574475045857	-0.0539669961847	-0.0280356819783	-0.0253208402224	1.0	-0.0192993413182	-0.0596730706836	-0.0741691861717	-0.011486485481	0.0251182520126	-0.012210000257	-0.00208550204498	0.0238322521854	-0.0788399314831	-0.018486936624	-0.0315545564407	-0.0356626865729	0.0229498965315	0.00422685084856	0.037496121898	0.0409062255098	-0.0441479029124	-0.0815408459485	0.0682970993759	0.00902362017551	-0.0209683986777	0.00197462415358	-0.0578030345693	-0.000715545205852	0.0964329819537	-0.0102455877485	0.0142085688009	-0.0251698585451	0.0237671470205	0.0318529386558	-0.0442338124814	-0.0205581790708	-0.0577652164729	0.0269592569924	0.0445782721985	0.00853543990928	0.0254175671639	-0.0179557711558	-0.0136277589057	0.0164997939135	-0.0477026392086	-0.0493756042343	0.00679328211804	0.0609553679774
k__Bacteria;p__Bacteroidetes;c__Bacteroidia;o__Bacteroidales;f__Bacteroidaceae;g__Bacteroides;s__Bacteroides_plebeius	-0.00943338853029	-0.00184012077544	-0.0189619922292	-0.0356914698924	0.025969237381	0.0344226267965	-0.0570801887406	0.0337436687308	-0.0658902476956	-0.0157987797166	-0.0196919062701	-0.00702485414787	0.0726489456734	0.0240006678315	-0.0192993413182	1.0	-0.0229077679147	0.0185529518652	0.0104327619706	0.0155855173128	-0.0436495853078	0.0528551052727	0.0308045746165	0.0320166401926	0.0374510897525	0.00772350645474	-0.0386021703091	-0.106839680516	0.0458567702951	0.0213901174631	-0.0380623131529	-0.0689698123823	0.0472298477885	-0.142575895244	-0.0507245074615	-0.0129801121618	0.0231688880346	-0.0258321040797	0.0454926555826	0.00260670939303	0.0186157239508	0.0334165172011	0.0303570382804	-0.0706515092483	-0.0193906121609	-0.0055361061924	-0.0092424417034	-0.0303572244008	0.000505306663033	0.0302694706456	-0.00122686632218	-0.00609951199466	-0.105879755745	0.0354187982657	-0.00348273901946	-0.0290611396555	0.013488487284	-0.0200470758329	-0.0500966855095
k__Bacteria;p__Bacteroidetes;c__Bacteroidia;o__Bacteroidales;f__Bacteroidaceae;g__Bacteroides;s__Bacteroides_fragilis	-0.0315306053431	0.0674662265965	0.0263889549908	0.0102805143798	-0.0493955804083	0.0129412716769	-0.00374485167425	0.027152451936	-0.0645709833315	0.0507742576588	0.0119406063465	-0.0170388879676	-0.0883965311353	0.0196972571878	-0.0596730706836	-0.0229077679147	1.0	-0.00246900585053	-0.0491867615757	0.00625352777122	0.0109237285191	0.0442733602321	-0.0564928645897	0.0229351588405	-0.029019587341	-0.0214693930318	0.0427344509387	0.0384929314297	-0.0312722019485	-0.0692253935869	-0.0396201695834	-0.0993577265458	-0.0394417331235	0.0600469430453	-0.0255732097192	0.0273539976921	-0.00151947398079	0.0220660288748	0.0199006957873	0.0168063062835	-0.00356259926339	-0.0511715573616	0.000959310880248	-0.0179122303045	0.0539000602801	0.0258572628553	-0.00525623250762	-0.0861939392754	0.0427177614476	-0.0432927120431	-0.0216387957634	0.0093833234406	-0.035838109426	-0.0450971510408	0.0136630519873	-0.0106589920014	0.00140965887075	-0.039000878266	0.00103926652776
k__Bacteria;p__Proteobacteria;c__Betaproteobacteria;o__Burkholderiales;f__Sutterellaceae;g__Sutterella;s__Sutterella_wadsworthensis	-0.0979512581715	0.0493533655938	-0.0192778647532	0.0160530934124	0.0288464302783	0.0236849298956	0.0110580860018	-0.021686065182	0.00141782893384	0.00517921676919	0.0555014012504	0.0257854243676	-0.026614782421	-0.022004522144	-0.0741691861717	0.0185529518652	-0.00246900585053	1.0	-0.00178745937077	0.0276574762515	-0.0243579577807	-0.0171679599093	-0.0441453555607	0.00675886455943	0.0120793012106	-0.0555036355747	-0.0206747440136	0.0340359550461	-0.00649115885657	0.0455088883263	-0.0119126461008	0.0239904175488	-0.0362063959032	-0.0381454958223	-0.0139085045916	0.0239917448433	0.0851654648289	-0.0221302409309	0.0116623605019	-0.00794917385204	-0.000135769130939	-0.0284985214422	-0.0580815890685	0.101129448377	0.00117129891963	0.00897379610909	0.0139016993413	0.0116466710182	0.00341363112985	-0.0770591921836	-0.0254675468418	-0.0169799314964	-0.0952073015028	-0.0654055231468	-0.0247950298161	0.0512451382026	0.00564286547421	-0.0275250616995	-0.0536723882689
k__Bacteria;p__Bacteroidetes;c__Bacteroidia;o__Bacteroidales;f__Porphyromonadaceae;g__Barnesiella;s__Barnesiella_intestinihominis	0.00112289513006	0.0670872532929	0.00929893048506	-0.0453386672348	-0.0456593224378	-0.0323726994968	-0.00317683238454	0.0630787108233	-0.025843486828	0.0511787650499	0.0431659988229	-0.0353369593824	0.0711917782031	-0.0612431014512	-0.011486485481	0.0104327619706	-0.0491867615757	-0.00178745937077	1.0	-0.0266818978583	-0.0612311095177	-0.0546556210387	0.0134429205945	0.030275245426	-0.00212830969494	0.0680024777615	-0.0443159817013	-0.0523405077725	0.0125137816056	0.0241083059277	-0.0342145970059	0.00632164416368	0.0338799275491	0.00928565699568	0.0294007780166	-0.024059955311	-0.0623336986672	-0.0363417154011	-0.0442353095904	-0.0334517807747	0.0407987815009	0.0190492946599	-0.0421243917003	-0.0459637079306	-0.0413451285037	0.0335268218615	-0.0931678202672	0.000155964859942	0.0380845821945	-0.000537189857859	-0.0225105913515	0.0334883894006	-0.0925602487136	0.0111902978306	0.0563293473205	-0.0141296571897	-0.0780741003712	-0.0813356992502	0.0254088819836
k__Bacteria;p__Bacteroidetes;c__Bacteroidia;o__Bacteroidales;f__Odoribacteraceae;g__Odoribacter;s__Odoribacter_splanchnicus	-0.0487968384915	-0.0395796232212	-0.0361579143566	-0.0412153048397	-0.013459204695	0.0349330766592	-0.0463576443144	-0.0319494614867	-0.00118072279705	0.0463786094283	0.0445249330519	0.0145231818308	-0.0286805548345	-0.0254225662786	0.0251182520126	0.0155855173128	0.00625352777122	0.0276574762515	-0.0266818978583	1.0	0.0283928526153	-0.027904518957	-0.0571652068722	-0.0215436389773	-0.0422907530613	-0.0296220709973	0.007213031652	0.0386140242658	0.0226708226025	-0.0447241490025	-0.0524268025058	-0.0292298958803	-0.00914210450673	0.00892395207627	-0.05283955449	0.00290658898403	-0.0555109758886	-0.020036009741	-0.0230945784208	0.00512256656861	-0.0540777374379	-0.0426099805307	-0.0248012009029	0.0152944555189	0.084718943579	-0.0712756709688	0.0331050658755	-0.00981698802277	-0.04860049286	0.0273581212756	-0.044124745229	0.024319791052	-0.0349879638663	0.00301501077744	0.016501549946	0.018734226907	0.0497711280934	0.00506250501935	-0.0428175734169
k__Bacteria;p__Bacteroidetes;c__Bacteroidia;o__Bacteroidales;f__Bacteroidaceae;g__Bacteroides;s__Bacteroides_salyersiae	-0.00509245487482	0.00263802361504	0.0328061944763	-0.0010289951069	0.0136662564315	0.0584516605246	-0.0183120858778	0.0380799786392	0.0246317723636	-0.0416416227927	-0.00395474297938	-0.0927559778166	-0.0195301116361	0.0360045178094	-0.012210000257	-0.0436495853078	0.0109237285191	-0.0243579577807	-0.0612311095177	0.0283928526153	1.0	0.0313025881315	-0.0268295054924	-0.0361489746938	0.00813994865589	-0.0785474651988	-0.0370650901748	-0.0270885001996	-0.0414205340478	-0.0178841533526	-0.0409970967036	-0.0133911479561	-0.0179302767612	-0.066809526048	0.0326783947917	-0.00892564135393	0.0389998129774	-0.0372431636998	-0.000583651261334	-0.0534079507076	0.00109595664291	-0.00814874571153	0.0163698707054	-0.00608048230455	-0.0351293644813	-0.00929571506316	-0.0342517950675	0.0324787863501	-0.0128576724441	-0.00599119519047	0.0358380143891	-0.00642837782089	-0.0382282291616	-0.00813145098509	0.0256685765818	0.0245704277964	-0.00106219768853	-0.0109603533122	0.0707857988513
k__Bacteria;p__Firmicutes;c__Clostridia;o__Clostridiales;f__Ruminococcaceae;g__Ruminiclostridium;s__[Eubacterium]_siraeum	0.0317727534784	-0.0312251628365	-0.049527876708	0.046776406057	-0.000391497751442	0.0282576491073	0.0324941739369	0.00993580382658	0.0217029503141	0.00179022685762	0.0416228010112	-0.0279147028268	-0.0026271501743	-0.0411608012618	-0.00208550204498	0.0528551052727	0.0442733602321	-0.0171679599093	-0.0546556210387	-0.027904518957	0.0313025881315	1.0	-0.0317328221748	0.0267428278696	0.026349969586	-0.0405172188117	-0.00146599237389	0.00246145687745	-0.0349602762055	0.0264014305296	-0.00849781659913	-0.0426612860669	0.0251577748753	-0.0193365240181	-0.0455650733612	0.0366176289995	-0.066766713507	-0.050016664691	-0.0329444379028	-0.0459227617044	-0.0143659808473	-0.046041947407	0.00597407013211	-0.0223698739449	-0.0420075184867	-0.064977609058	0.0315535167009	0.0194885835587	-0.00619963571483	-0.0165088960387	-0.00322649728519	0.0104786631882	-0.0318648759708	-0.0179182094962	0.0561674826984	-0.0186072321508	-0.0102856619466	-0.0203443970624	0.0530043268925
k__Bacteria;p__Proteobacteria;c__Betaproteobacteria;o__Burkholderiales;f__Sutterellaceae;g__Parasutterella;s__Parasutterella_excrementihominis	-0.0422276560951	-0.0429447815243	-0.00967532184492	-0.0478378963972	0.0476658181258	-0.0376169481032	-0.0442272134525	-0.00516391378287	0.00410027274332	-0.0504531854196	0.00356852877674	-0.0339688728784	-0.028589083666	-0.0439102567011	0.0238322521854	0.0308045746165	-0.0564928645897	-0.0441453555607	0.0134429205945	-0.0571652068722	-0.0268295054924	-0.0317328221748	1.0	-0.007136324999	-0.0332479705652	-0.0111716911671	-0.0103081766751	-0.0651485454056	-0.0127541115427	-0.0875219174704	-0.0380303295706	-0.0564737142505	0.041457992721	-0.00845117836901	0.0306144631985	-0.0157771846897	0.0271573630765	-0.0232539312917	-0.0465073631355	-0.0562245330248	-0.0710231489502	-0.00258981363796	-0.00434138046739	0.00249408455231	0.0381030145071	0.0635040313028	-0.0610861959007	-0.0450048739616	0.0263681089327	0.0435198848826	0.00172262432479	0.0316102663442	0.0310570219813	-0.0252291215735	-0.0370291758817	0.0480467552342	0.0086055239787	-0.0562722351597	0.126594154959
k__Bacteria;p__Actinobacteria;c__Actinobacteria;o__Bifidobacteriales;f__Bifidobacteriaceae;g__Bifidobacterium;s__Bifidobacterium_adolescentis	-0.0626866148082	0.0615654861425	-0.0101178430391	-0.022133276015	0.0201871896335	-0.00718926047442	-0.071025884075	0.0030066694469	-0.0312148025749	-0.00980799416213	-0.0368512748098	-0.0529443677422	-0.0170946199866	0.0114861500651	-0.0788399314831	0.0320166401926	0.0229351588405	0.00675886455943	0.030275245426	-0.0215436389773	-0.0361489746938	0.0267428278696	-0.007136324999	1.0	-0.0183881686258	-0.0626375611004	-0.0188132780966	0.0120941575762	-0.0391710150925	0.0232356016188	-0.00405100581493	0.0197031359344	-0.0403012188443	-0.00212957940379	0.0150290049788	-0.012828357041	0.0296730566149	0.0280811882056	-0.0590806269772	0.0646434342727	0.0386503733759	-0.0584908665654	0.0298860095157	0.0133703599439	0.0108490078367	-0.0522856542504	-0.0405376513293	-0.0553839322444	9.09585368294e-05	-0.0427282714875	0.015363568887	0.105394500461	-0.018192181468	-0.0112449121559	-0.03335441131	-0.0292185916081	-0.0423310084701	0.0279055890392	0.0296126805441
k__Bacteria;p__Firmicutes;c__Clostridia;o__Clostridiales;f__Oscillospiraceae;g__Oscillibacter;s__Oscillibacter_sp._KLE_1745	0.00612447860837	0.018487962926	-0.0838942032255	0.0112617015396	-0.0819169138668	0.0314932593807	-0.0342013926551	0.00829403179226	-0.023825126703	0.065446946361	-0.0287412154839	0.028913843789	-0.0613425734706	0.0195955214411	-0.018486936624	0.0374510897525	-0.029019587341	0.0120793012106	-0.00212830969494	-0.0422907530613	0.00813994865589	0.026349969586	-0.0332479705652	-0.0183881686258	1.0	-0.00585846198386	-0.0400792489978	0.0372418498413	0.0235176490496	-0.00324829749223	0.0346425810992	-0.0288055324866	-0.0117636501776	-0.00817712546869	-0.0687116414914	0.00618209339363	-0.0702031148591	-0.042198642346	0.00852621201839	0.0306865930168	-0.00473100892769	-0.0485562046736	0.0457883118609	0.0189589099591	-0.00374264644148	0.0606044548749	-0.0276947586565	0.0266150443174	-0.00431281759969	0.00637046939279	-0.0357110392399	-0.00248631495544	0.0410526869378	0.0207850301056	-0.0132100189687	-0.027962206667	-0.0213983438347	-0.0842671476269	-0.0403857146118
k__Bacteria;p__Bacteroidetes;c__Bacteroidia;o__Bacteroidales;f__Bacteroidaceae;g__Bacteroides;s__Bacteroides_coprophilus	0.0267894308852	-0.0340717623197	0.0264462565022	0.0366721073369	0.0432384232411	-0.0272601613939	-0.0348350892159	0.0320239622909	-0.0422555665894	-0.0472572070611	-0.015071702714	0.0184503964604	0.0514415196278	0.0226528401574	-0.0315545564407	0.00772350645474	-0.0214693930318	-0.0555036355747	0.0680024777615	-0.0296220709973	-0.0785474651988	-0.0405172188117	-0.0111716911671	-0.0626375611004	-0.00585846198386	1.0	-0.0711164350086	-0.0222769625845	-0.0593505073662	0.0550104880392	0.0505780744855	-0.0327164235441	0.0314682661466	0.00691034367908	-0.00522975243857	0.0341780938557	-0.0663574022186	0.0105795006744	-0.0499547295724	-0.0136521845955	-0.0396299597241	-0.0271180794846	0.0582987879885	-0.00914249878789	-0.01999605628	0.033358350733	-0.0149197465331	0.0457932987616	0.000206022951244	-0.03041369082	0.0287123815534	0.0801421670203	-0.00335143305333	-0.087995248851	0.00787548661028	-0.0823442870024	-0.0355549439716	-0.0118399772482	-0.0189266015633
k__Bacteria;p__Firmicutes;c__Clostridia;o__Clostridiales;f__Lachnospiraceae;g__Roseburia;s__Roseburia_intestinalis	-0.0336455052657	-0.0395938309041	-0.0312769085736	-0.0550728820919	0.00189663036498	0.0125198039547	-0.0233006123613	-0.0235280007937	0.0163855288094	0.0374933873796	0.0197393681876	0.0371515146425	0.0377027600768	-0.0517634936298	-0.0356626865729	-0.0386021703091	0.0427344509387	-0.0206747440136	-0.0443159817013	0.007213031652	-0.0370650901748	-0.00146599237389	-0.0103081766751	-0.0188132780966	-0.0400792489978	-0.0711164350086	1.0	-0.0203313953889	0.019383638208	-0.0289566317234	0.053131890518	0.0258482858642	0.0754594711497	0.0200242240216	-0.00530957653519	-0.00560830783892	-0.0455634865293	0.0160605495169	-0.0735633982426	0.0146443277241	-0.00377664410934	-0.0570927009866	0.0207070421053	0.0021532767823	-0.0463193423071	-0.0345560811167	0.0163271142604	-0.0553396650932	-0.0350944515716	-0.0176593516911	-0.0538522397473	0.0111838565075	0.00163035321583	0.0109012350738	-0.0785274956127	0.0857392508291	-0.0203210224524	0.00959847597288	0.0195469698112
k__Bacteria;p__Firmicutes;c__Clostridia;o__Clostridiales;f__Lachnospiraceae;g__Roseburia;s__Roseburia_hominis	0.0261847477658	0.0596276250617	0.00730217087233	-0.0688153096457	-0.0404709734363	-0.0125656492356	0.0402665612637	-0.00151141341264	-0.0151738509264	0.00284373670875	0.00672569856091	-0.0207226518918	-0.00543676338015	-0.0459787176446	0.0229498965315	-0.106839680516	0.0384929314297	0.0340359550461	-0.0523405077725	0.0386140242658	-0.0270885001996	0.00246145687745	-0.0651485454056	0.0120941575762	0.0372418498413	-0.0222769625845	-0.0203313953889	1.0	-0.0181812945025	0.000805080600026	0.00148047242719	0.00541326697241	-0.0347361806243	0.0495247060294	-0.0589126048944	-0.0245190740206	0.0258827336571	0.0403686081003	-0.0454626114934	0.014178302581	-0.0239384611425	-0.0141987512406	0.00992960153065	-0.0317875055996	-0.0267667991398	0.00622963853431	-0.00882284308595	0.0130621906859	-0.107711374841	-0.0202196382315	0.0158823267335	-0.0421726671813	-0.0163458395271	0.0272586469395	0.0467580285777	0.0684409575362	0.0277419743349	-0.0532184510258	-0.0642803584728
k__Bacteria;p__Bacteroidetes;c__Bacteroidia;o__Bacteroidales;f__Porphyromonadaceae;g__Parabacteroides;s__Parabacteroides_johnsonii	-0.0373564030827	-0.0608765417726	0.00559523821571	-0.103338588606	-0.0272556597839	0.00127409005305	-0.00903566280532	-0.023454490669	0.0531616544045	-0.0191434269589	-0.0566876945641	-0.0164417438858	-0.00286671843741	-0.0111068531432	0.00422685084856	0.0458567702951	-0.0312722019485	-0.00649115885657	0.0125137816056	0.0226708226025	-0.0414205340478	-0.0349602762055	-0.0127541115427	-0.0391710150925	0.0235176490496	-0.0593505073662	0.019383638208	-0.0181812945025	1.0	-0.0463312802708	-0.0353429857686	-0.0284912940647	0.0603067599801	-0.0344532027716	0.00455423801753	0.0266062221634	-0.0272387729317	0.0212930865404	0.0482857282203	-0.0158142431356	-0.00203630550409	0.00586239687016	0.000537612914353	-0.038483985076	0.00226385002244	0.0478021401539	-0.0101238071053	0.0184187384113	0.066528084917	0.0229000183124	0.0249424164314	-0.0203351966674	-0.0114388706418	-0.0730351535913	0.019270115625	0.000486321842862	-0.06190693395	0.0519194622472	-0.0453186485699
k__Bacteria;p__Actinobacteria;c__Actinobacteria;o__Bifidobacteriales;f__Bifidobacteriaceae;g__Bifidobacterium;s__Bifidobacterium_longum	-0.0485487551671	-0.0214153556928	-0.0365708540123	-0.0526691701081	-0.0381403633452	0.0561482404024	0.0761351788967	-0.0913200502701	-0.0407667904139	-0.0269486686069	0.0410383274155	-0.00872233026588	-0.0428484836159	0.00690646827397	0.037496121898	0.0213901174631	-0.0692253935869	0.0455088883263	0.0241083059277	-0.0447241490025	-0.0178841533526	0.0264014305296	-0.0875219174704	0.0232356016188	-0.00324829749223	0.0550104880392	-0.0289566317234	0.000805080600026	-0.0463312802708	1.0	0.0370729326015	-0.0541841090337	-0.0620795718709	-0.0392817224367	0.00706196189979	0.0633981798305	0.00748659304104	-0.0285685407662	-0.0184290148536	-0.000887811480533	-0.0504080836868	-0.000358852072929	-0.00611892733349	-0.00499249524984	-0.0544412703908	-0.0102055431595	-0.00771363694096	0.0369769146163	-0.0169114583868	0.0855224325323	-0.0131739608039	-0.0838611962983	0.010835059697	-0.0424904553306	0.0292425687749	-0.0654954889806	0.0131786318849	0.0329711513134	-0.0152599765814
