#taxonomy	k__Bacteria;p__Bacteroidetes;c__Bacteroidia;o__Bacteroidales;f__Bacteroidaceae;g__Bacteroides;s__Bacteroides_vulgatus	k__Bacteria;p__Bacteroidetes;c__Bacteroidia;o__Bacteroidales;f__Bacteroidaceae;g__Bacteroides;s__Bacteroides_uniformis	k__Bacteria;p__Bacteroidetes;c__Bacteroidia;o__Bacteroidales;f__Rikenellaceae;g__Alistipes;s__Alistipes_putredinis	k__Bacteria;p__Bacteroidetes;c__Bacteroidia;o__Bacteroidales;f__Prevotellaceae;g__Prevotella;s__Prevotella_copri	k__Bacteria;p__Bacteroidetes;c__Bacteroidia;o__Bacteroidales;f__Bacteroidaceae;g__Bacteroides;s__Bacteroides_stercoris	k__Bacteria;p__Bacteroidetes;c__Bacteroidia;o__Bacteroidales;f__Bacteroidaceae;g__Bacteroides;s__Bacteroides_ovatus	k__Bacteria;p__Bacteroidetes;c__Bacteroidia;o__Bacteroidales;f__Rikenellaceae;g__Alistipes;s__Alistipes_shahii	k__Bacteria;p__Firmicutes;c__Clostridia;o__Clostridiales;f__Ruminococcaceae;g__Faecalibacterium;s__Faecalibacterium_prausnitzii	k__Bacteria;p__Bacteroidetes;c__Bacteroidia;o__Bacteroidales;f__Rikenellaceae;g__Alistipes;s__Alistipes_finegoldii	k__Bacteria;p__Bacteroidetes;c__Bacteroidia;o__Bacteroidales;f__Porphyromonadaceae;g__Parabacteroides;s__Parabacteroides_distasonis	k__Bacteria;p__Bacteroidetes;c__Bacteroidia;o__Bacteroidales;f__Bacteroidaceae;g__Bacteroides;s__Bacteroides_thetaiotaomicron	k__Bacteria;p__Bacteroidetes;c__Bacteroidia;o__Bacteroidales;f__Bacteroidaceae;g__Bacteroides;s__Bacteroides_coprocola	k__Bacteria;p__Bacteroidetes;c__Bacteroidia;o__Bacteroidales;f__Bacteroidaceae;g__Bacteroides;s__Bacteroides_cellulosilyticus	k__Bacteria;p__Bacteroidetes;c__Bacteroidia;o__Bacteroidales;f__Rikenellaceae;g__Alistipes;s__Alistipes_obesi	k__Bacteria;p__Firmicutes;c__Clostridia;o__Clostridiales;f__Lachnospiraceae;g__;s__[Eubacterium]_rectale	k__Bacteria;p__Bacteroidetes;c__Bacteroidia;o__Bacteroidales;f__Bacteroidaceae;g__Bacteroides;s__Bacteroides_plebeius	k__Bacteria;p__Bacteroidetes;c__Bacteroidia;o__Bacteroidales;f__Bacteroidaceae;g__Bacteroides;s__Bacteroides_fragilis	k__Bacteria;p__Proteobacteria;c__Betaproteobacteria;o__Burkholderiales;f__Sutterellaceae;g__Sutterella;s__Sutterella_wadsworthensis	k__Bacteria;p__Bacteroidetes;c__Bacteroidia;o__Bacteroidales;f__Porphyromonadaceae;g__Barnesiella;s__Barnesiella_intestinihominis	k__Bacteria;p__Bacteroidetes;c__Bacteroidia;o__Bacteroidales;f__Odoribacteraceae;g__Odoribacter;s__Odoribacter_splanchnicus	k__Bacteria;p__Bacteroidetes;c__Bacteroidia;o__Bacteroidales;f__Bacteroidaceae;g__Bacteroides;s__Bacteroides_salyersiae	k__Bacteria;p__Firmicutes;c__Clostridia;o__Clostridiales;f__Ruminococcaceae;g__Ruminiclostridium;s__[Eubacterium]_siraeum	k__Bacteria;p__Proteobacteria;c__Betaproteobacteria;o__Burkholderiales;f__Sutterellaceae;g__Parasutterella;s__Parasutterella_excrementihominis	k__Bacteria;p__Actinobacteria;c__Actinobacteria;o__Bifidobacteriales;f__Bifidobacteriaceae;g__Bifidobacterium;s__Bifidobacterium_adolescentis	k__Bacteria;p__Firmicutes;c__Clostridia;o__Clostridiales;f__Oscillospiraceae;g__Oscillibacter;s__Oscillibacter_sp._KLE_1745	k__Bacteria;p__Bacteroidetes;c__Bacteroidia;o__Bacteroidales;f__Bacteroidaceae;g__Bacteroides;s__Bacteroides_coprophilus	k__Bacteria;p__Firmicutes;c__Clostridia;o__Clostridiales;f__Lachnospiraceae;g__Roseburia;s__Roseburia_intestinalis	k__Bacteria;p__Firmicutes;c__Clostridia;o__Clostridiales;f__Lachnospiraceae;g__Roseburia;s__Roseburia_hominis	k__Bacteria;p__Bacteroidetes;c__Bacteroidia;o__Bacteroidales;f__Porphyromonadaceae;g__Parabacteroides;s__Parabacteroides_johnsonii	k__Bacteria;p__Actinobacteria;c__Actinobacteria;o__Bifidobacteriales;f__Bifidobacteriaceae;g__Bifidobacterium;s__Bifidobacterium_longum	k__Bacteria;p__Firmicutes;c__Clostridia;o__Clostridiales;f__;g__Flavonifractor;s__Flavonifractor_plautii	k__Bacteria;p__Firmicutes;c__Clostridia;o__Clostridiales;f__Clostridiaceae;g__Clostridium;s__Clostridium_phoceensis	k__Bacteria;p__Verrucomicrobia;c__Verrucomicrobiae;o__Verrucomicrobiales;f__Akkermansiaceae;g__Akkermansia;s__Akkermansia_muciniphila	k__Bacteria;p__Bacteroidetes;c__Bacteroidia;o__Bacteroidales;f__Prevotellaceae;g__Paraprevotella;s__Paraprevotella_xylaniphila	k__Bacteria;p__Firmicutes;c__Clostridia;o__Clostridiales;f__Ruminococcaceae;g__Ruminococcus;s__Ruminococcus_callidus	k__Bacteria;p__Bacteroidetes;c__Bacteroidia;o__Bacteroidales;f__Rikenellaceae;g__Alistipes;s__Alistipes_senegalensis	k__Bacteria;p__Firmicutes;c__Clostridia;o__Clostridiales;f__Lachnospiraceae;g__Blautia;s__Blautia_sp._KLE_1732	k__Bacteria;p__Bacteroidetes;c__Bacteroidia;o__Bacteroidales;f__Bacteroidaceae;g__Bacteroides;s__Bacteroides_oleiciplenus	k__Bacteria;p__Firmicutes;c__Clostridia;o__Clostridiales;f__Ruminococcaceae;g__Ruminococcus;s__Ruminococcus_bicirculans	k__Bacteria;p__Bacteroidetes;c__Bacteroidia;o__Bacteroidales;f__Bacteroidaceae;g__Bacteroides;s__Bacteroides_fluxus	k__Bacteria;p__Bacteroidetes;c__Bacteroidia;o__Bacteroidales;f__Prevotellaceae;g__Prevotella;s__Prevotella_stercorea	k__Bacteria;p__Firmicutes;c__Clostridia;o__Clostridiales;f__Lachnospiraceae;g__Dorea;s__Dorea_longicatena	k__Bacteria;p__Firmicutes;c__Clostridia;o__Clostridiales;f__Eubacteriaceae;g__Eubacterium;s__[Eubacterium]_eligens	k__Bacteria;p__Firmicutes;c__Clostridia;o__Clostridiales;f__Ruminococcaceae;g__;s__Ruminococcaceae_bacterium_D16	k__Bacteria;p__Firmicutes;c__Clostridia;o__Clostridiales;f__Lachnospiraceae;g__Coprococcus;s__Coprococcus_comes	k__Bacteria;p__Proteobacteria;c__Gammaproteobacteria;o__Enterobacterales;f__Enterobacteriaceae;g__Escherichia;s__Escherichia_coli	k__Bacteria;p__Firmicutes;c__Clostridia;o__Clostridiales;f__Ruminococcaceae;g__Anaerotruncus;s__Anaerotruncus_colihominis	k__Bacteria;p__Firmicutes;c__Clostridia;o__Clostridiales;f__Lachnospiraceae;g__Blautia;s__Blautia_obeum	k__Bacteria;p__Bacteroidetes;c__Bacteroidia;o__Bacteroidales;f__Odoribacteraceae;g__Odoribacter;s__Odoribacter_laneus	k__Bacteria;p__Firmicutes;c__Clostridia;o__Clostridiales;f__Ruminococcaceae;g__Ruminiclostridium;s__[Clostridium]_leptum	k__Bacteria;p__Bacteroidetes;c__Bacteroidia;o__Bacteroidales;f__Porphyromonadaceae;g__Parabacteroides;s__Parabacteroides_goldsteinii	k__Bacteria;p__Firmicutes;c__Clostridia;o__Clostridiales;f__Lachnospiraceae;g__Anaerostipes;s__Anaerostipes_hadrus	k__Bacteria;p__Firmicutes;c__Clostridia;o__Clostridiales;f__Ruminococcaceae;g__Ruminococcus;s__Ruminococcus_lactaris	k__Bacteria;p__Firmicutes;c__Clostridia;o__Clostridiales;f__Clostridiaceae;g__Clostridium;s__Clostridium_sp._L2-50	k__Bacteria;p__Firmicutes;c__Clostridia;o__Clostridiales;f__Clostridiaceae;g__Clostridium;s__Clostridium_sp._M62/1	k__Bacteria;p__Firmicutes;c__Clostridia;o__Clostridiales;f__;g__Intestinimonas;s__Intestinimonas_butyriciproducens	k__Bacteria;p__Actinobacteria;c__Actinobacteria;o__Bifidobacteriales;f__Bifidobacteriaceae;g__Bifidobacterium;s__Bifidobacterium_bifidum	k__Bacteria;p__Firmicutes;c__Negativicutes;o__Veillonellales;f__Veillonellaceae;g__Dialister;s__Dialister_invisus	k__Bacteria;p__Bacteroidetes;c__Bacteroidia;o__Bacteroidales;f__Bacteroidaceae;g__Bacteroides;s__Bacteroides_salanitronis
k__Bacteria;p__Bacteroidetes;c__Bacteroidia;o__Bacteroidales;f__Bacteroidaceae;g__Bacteroides;s__Bacteroides_vulgatus	1.0	0.00469365472766	0.0267074719391	-0.00589334577474	0.0184824206172	-0.0454893341798	-0.0554229470128	-0.00392519224438	-0.0574951886561	-0.0290372747159	0.0171868819393	-0.0291324551505	-0.0395133139993	-0.0160133129942	-0.00215847392449	0.00604069660607	0.0246754679786	0.0139300761458	0.0194186277868	-0.0129965224773	-0.012098838485	0.0278388248708	-0.0524257540089	-0.0945401342384	-0.0693106902791	0.0466621918972	-0.0419039292288	0.00146643791862	-0.0881504618554	-0.0298890716525	0.0521194475235	-0.0409727919065	-0.0226046380982	0.0361213679048	0.0799577507554	0.100984648352	0.00390861378023	-0.0363381931599	0.0575550926093	0.000241998484377	0.026794605422	-0.0283852411801	0.0508937650506	0.0544942842957	-0.025343393206	0.014159924949	-0.0394899265346	-0.0697079453028	-0.00888731721647	0.0239367269362	0.0229122013519	-0.0842951546979	0.0270407683943	0.0139364272833	0.039285775157	-0.0403061294511	0.00159301392258	-0.09373310044	0.0108832622069
k__Bacteria;p__Bacteroidetes;c__Bacteroidia;o__Bacteroidales;f__Bacteroidaceae;g__Bacteroides;s__Bacteroides_uniformis	0.00469365472766	1.0	0.0305081149924	-0.00610782092884	0.00594182171846	-0.0389249946479	0.00183318542823	0.00468538170279	0.0609393750883	-0.024120352481	-0.000219964389579	0.0226932493335	-0.000180214109516	-0.0019586441651	-0.0349334752043	-0.00809684534207	0.00367103523111	0.0604018270695	0.0293454682406	-0.00906450246695	0.0461159070862	-0.0284736857825	-0.0357227583772	0.0261923830619	0.0191668353908	0.00382320292741	-0.0415184546043	-0.0140744275732	0.00114742746255	0.0298425686527	0.00514436394992	0.00809312763415	0.0396249675462	0.0097990614304	0.02421843766	0.0296338481868	-0.0379114244436	0.00744765379892	-0.00677922533478	0.0314412534856	-0.0147642922987	0.0105973011611	-0.0444764320065	0.0548362584479	-0.0468494512634	-0.060743722387	-0.0210384372338	0.0368663577148	-0.0147279915708	-0.0748202321398	-0.0368111906786	0.0328309717522	-0.0676148895025	0.00500660553275	-0.0149741365716	0.019507455361	-0.0133482763088	-0.0660507024667	-0.0152416083043
k__Bacteria;p__Bacteroidetes;c__Bacteroidia;o__Bacteroidales;f__Rikenellaceae;g__Alistipes;s__Alistipes_putredinis	0.0267074719391	0.0305081149924	1.0	-0.0689574673001	-0.0517072121187	0.0385510599806	-0.00239968289152	0.0904772913721	0.0320518912608	-0.0254210893137	0.00580473823111	0.0383406443432	-0.0285853634186	-0.0181492402825	0.0425708845279	0.0284902781744	-0.0478621941661	0.000415398730408	0.0403668240659	-0.0782768223882	0.0211630866459	-0.0411485646678	-0.0229606616286	-0.0560749908456	-0.0247528968292	-0.0183721071025	0.0756707951936	-0.0108088459415	0.0416020150675	-0.00122617216819	0.0237820716442	0.0281321090284	-0.0342334051397	1.52204520738e-05	0.00868964947783	-0.0562158551533	-0.0589149605294	0.0777795837335	0.0223966723023	0.00332865972619	-0.0545952311594	-0.0317782707787	-0.0828736722991	-0.0688562821173	-0.0151825914889	-0.0265844442102	-0.0708777344759	0.0234877550317	0.0138400351509	0.0620384061947	-0.00861270555809	-0.0284718088263	-0.0851997101334	0.0337514506625	0.0576645303876	0.000457773175815	-0.0263881258334	-0.00211089179687	-0.0107768488953
k__Bacteria;p__Bacteroidetes;c__Bacteroidia;o__Bacteroidales;f__Prevotellaceae;g__Prevotella;s__Prevotella_copri	-0.00589334577474	-0.00610782092884	-0.0689574673001	1.0	0.036946471304	0.0187780421882	-0.0899485195638	-0.0260250154765	-0.0267602231879	-0.0475267556606	-0.055480451345	0.0601326769068	-0.0389003327834	0.0639757599177	-0.00207796203692	-0.0131789846725	0.0105236215286	-0.0379853961201	-0.00787022881436	-0.0317605209856	0.0567447652793	0.0297730752326	-0.0443152188351	-0.0241297134413	-0.00048808805051	-0.0328022767696	-0.011618999862	-0.00987271502766	0.0445452091758	-0.00911283184417	-0.012471769644	-0.00649978269461	0.027553369353	0.0112262684676	-0.0415771519232	0.0128439062442	-0.00458946923633	-0.0280494376719	-0.0696437887438	-0.00466584626602	0.0438908481853	-0.0367986128017	-0.0440928831228	0.0667456046478	-0.0589880946028	-0.020164870603	-0.00974959412349	0.00864114042077	0.00264466981731	0.0345176376135	0.0509321226634	-0.0242716047058	0.0445721100117	-0.0117786603825	-0.0388965614258	0.00830469108104	-0.027196294708	-0.0102941646306	-0.0134665469526
k__Bacteria;p__Bacteroidetes;c__Bacteroidia;o__Bacteroidales;f__Bacteroidaceae;g__Bacteroides;s__Bacteroides_stercoris	0.0184824206172	0.00594182171846	-0.0517072121187	0.036946471304	1.0	0.01662925635	-0.0240091047294	-0.0609511453456	-0.0217973561921	0.0205939779652	0.0503858791436	-0.0282579870782	-0.00291654477497	-0.0758356212219	-0.0675980041564	-0.0415194063361	-0.012729114377	0.0467911682419	0.039681353505	-0.0543049526549	-0.0129204878171	-0.0117382918257	0.0223252814416	-0.0882163348005	0.00695784703167	-0.0822062719589	-0.0236552725563	0.0230198255653	0.0210558971193	-0.00524914210214	0.0232365272205	-0.00961124038766	0.0119643283085	-0.0145263928504	-0.000104096352294	-0.00734926080916	-0.0166721671977	-0.0666058130894	-0.0447844862412	-0.00497469678281	-0.0880600176995	-0.0517039078913	-0.00918408279115	0.0798593477887	-0.0595882900322	-0.0285910211443	0.0176872260521	0.0165173761097	-0.0123873316816	-0.0980780811257	0.0420349993542	0.0447269490652	-0.0388155545495	-0.055554059702	-0.0230391976994	0.0735063821438	-0.0665505900537	-0.0363954646716	0.0616726449825
k__Bacteria;p__Bacteroidetes;c__Bacteroidia;o__Bacteroidales;f__Bacteroidaceae;g__Bacteroides;s__Bacteroides_ovatus	-0.0454893341798	-0.0389249946479	0.0385510599806	0.0187780421882	0.01662925635	1.0	-0.0545265738514	0.0326650983362	-0.0319000001075	0.0683291412089	-0.0371389327043	-0.0359735405466	0.0289289324078	0.0317122056767	-0.0165110531159	-0.059388438388	-0.0854304613824	-0.0158335937408	-0.00698047118526	0.0129728983074	-0.00938066179485	-0.0178676071332	0.00681685196964	-0.00650389829827	0.0287816776875	-0.0356985756426	0.0062836099106	0.0288749214353	0.00806074898041	-0.0180060664861	-0.00528656195627	-0.0239736015549	-0.0644769583881	-0.0901686496303	0.028498371039	-0.0109786928598	0.050766134052	0.00671529820969	-0.0180239042204	-0.0566816943759	0.0505391125696	0.062795897924	-0.0131310828988	-0.0289189779819	-0.00776839913341	-0.0157713015974	0.0634524742208	0.0123748672633	0.0114880451349	-0.0507377027498	-0.0274350606804	-0.028556143444	-0.016691065381	0.00538808739461	-0.0153663312985	-0.0747412546258	0.0428490819028	0.0252899784242	-0.0163164914131
k__Bacteria;p__Bacteroidetes;c__Bacteroidia;o__Bacteroidales;f__Rikenellaceae;g__Alistipes;s__Alistipes_shahii	-0.0554229470128	0.00183318542823	-0.00239968289152	-0.0899485195638	-0.0240091047294	-0.0545265738514	1.0	-0.054266101046	0.0186310720936	0.0228417959516	0.0035969056586	-0.0710062072408	0.0189749826601	-0.00558480845104	-0.038523293624	-0.0280000516298	0.054947359685	-0.0290323361416	0.0267052251012	0.0132107304437	0.0254829601136	-0.0223778474985	0.0488539573359	0.0490666438339	-0.00971574612609	0.00552794222875	0.0273381454213	-0.0222079817774	-0.0703349949966	-0.00299282873068	0.0132277195115	-0.0128958849972	0.039605217994	0.00133693866469	0.0934922070007	-0.00539258357923	-0.0319054009602	0.0487675931828	0.0170324817773	0.0295183275079	-0.0780601860247	0.00866144596345	-0.0300978666979	0.057728493626	-0.0442957709411	0.0216096100963	-0.0687326376009	-0.0240062825125	0.0455686619123	0.042754055353	-0.0316323607502	0.0370784632189	0.0387917883173	-0.0891199046116	-0.0063484353637	0.00868134789658	-0.00515382464235	-0.00326913220905	-0.00479423776723
k__Bacteria;p__Firmicutes;c__Clostridia;o__Clostridiales;f__Ruminococcaceae;g__Faecalibacterium;s__Faecalibacterium_prausnitzii	-0.00392519224438	0.00468538170279	0.0904772913721	-0.0260250154765	-0.0609511453456	0.0326650983362	-0.054266101046	1.0	-0.0232101803306	-0.000336636741495	0.00303832776999	-0.0273961308683	-0.0491762221357	0.00264878458976	0.0266070286568	0.0334363454707	0.0930826894319	0.0285963130528	0.0231056483449	0.0405841790101	-0.0434172081759	-0.00124245213496	-0.045580081192	0.0204752994959	-0.0314795064232	0.0243585525259	0.0341111310296	-0.0338928375719	0.0227826424194	-0.0393473353094	-0.00561267469435	0.0426511330233	-0.0320515853942	-0.0282039503723	0.0566079810273	-0.00382676631599	-0.0445072412039	-0.000102938976424	-0.0509421236103	-0.0669351963285	-0.0617976515598	-0.0565858247962	-0.00674970715669	-0.014169449062	0.0371936571065	-0.0309927296755	-0.112641667109	-0.0607397450464	-0.00518968483936	0.0363789414105	0.0216622001054	-0.0164729306945	0.0151228049379	-0.0110032618678	-0.0421728218789	-0.011553216043	-0.0196695361181	-0.0707927590489	-0.084479410085
k__Bacteria;p__Bacteroidetes;c__Bacteroidia;o__Bacteroidales;f__Rikenellaceae;g__Alistipes;s__Alistipes_finegoldii	-0.0574951886561	0.0609393750883	0.0320518912608	-0.0267602231879	-0.0217973561921	-0.0319000001075	0.0186310720936	-0.0232101803306	1.0	-0.013965203865	-0.000377050610714	-0.01208183302	-0.0147605165395	0.0101072848885	-0.0214149512157	-0.0694202114765	0.0361029338804	-0.0440488589361	0.0216443520727	-0.0431155771075	-0.0349747973967	-0.0271584325323	-0.0228299951237	0.0198631160117	-0.0451352003094	-0.0102430744622	0.05737550067	0.00492437563361	-0.00100463468212	0.0141765202839	0.0290499430165	-0.103349509126	0.102621811432	-0.0500795999771	-0.0726543547617	0.0115618416409	0.00135858387551	0.0567294286865	-0.07284853852	-0.0430401097135	-0.0694260216695	0.0504887684787	0.0787922756012	-0.0251681563556	-0.0309625111277	0.00715541374004	-0.0296477107693	-0.00191657514943	0.00326279336296	-0.00225959429778	0.00408439161081	-0.00246603701039	-0.0471190061531	0.0114279381935	0.0470380766667	-0.0453595349069	0.00423106341118	0.0628575704188	-0.0337854992508
k__Bacteria;p__Bacteroidetes;c__Bacteroidia;o__Bacteroidales;f__Porphyromonadaceae;g__Parabacteroides;s__Parabacteroides_distasonis	-0.0290372747159	-0.024120352481	-0.0254210893137	-0.0475267556606	0.0205939779652	0.0683291412089	0.0228417959516	-0.000336636741495	-0.013965203865	1.0	0.0236078568537	-0.0282959934637	0.00482912943033	0.0172152047721	-0.0438546367105	0.0459280746749	-0.0971758447407	-0.0384626707621	-0.0165105648436	-0.0138068918284	-0.0789707621032	-0.0534289149561	0.00741378448113	0.0128007902035	-0.0747896178807	0.0494825636253	0.0148129075973	-0.0222028510803	-0.0358476910993	0.0212961699741	-0.000102235015238	-0.0928341390805	-0.0435796642117	-0.0454853346191	0.0796749243719	0.102039511553	-0.00186624309739	0.0370489649803	-0.0552422097969	-0.00136540908788	0.00435709789237	0.0187003122848	-0.00399925396549	-0.0828454611428	0.0404943589914	0.0441852488609	-0.0386020885205	0.00553620276088	-0.0444263829774	0.00755839589947	0.0204138292177	-0.0980939166946	0.0271143872657	0.0555265191753	-0.0109220247097	-0.00830490302831	-0.0231590270585	0.0394358092051	0.0614121261008
k__Bacteria;p__Bacteroidetes;c__Bacteroidia;o__Bacteroidales;f__Bacteroidaceae;g__Bacteroides;s__Bacteroides_thetaiotaomicron	0.0171868819393	-0.00021996438958	0.00580473823111	-0.055480451345	0.0503858791436	-0.0371389327043	0.0035969056586	0.00303832776999	-0.000377050610714	0.0236078568537	1.0	0.0180211209032	-0.0246546806881	0.00242471427206	-0.0194374069978	-0.0245266594075	-0.0606051955222	-0.0326747159258	-0.0468016911702	0.0222373683126	-0.0206632446183	0.0421292156614	0.0447334131689	0.0307175696132	0.00581432275863	-0.0093287284394	-0.0651866132567	-0.0214679682135	0.00795635877567	0.0243479962445	-0.017646698953	0.00872660770779	-0.0105000516216	0.0789737843631	-0.0267870637811	-0.0528460158767	0.0538640919524	-0.027128822498	-0.00750528740592	-0.0594318504619	-0.0216229620097	0.0484404629702	-0.0363508852212	0.0182441537961	0.0074912344836	0.0438382719997	0.0073808940189	-0.057864931403	-0.0304614842024	-0.055805745607	-0.0101659149931	-0.115518512738	-0.0490002748572	0.016684512684	0.0254678059957	0.0675303345302	0.033844454589	-0.0753410461488	0.0115109924805
k__Bacteria;p__Bacteroidetes;c__Bacteroidia;o__Bacteroidales;f__Bacteroidaceae;g__Bacteroides;s__Bacteroides_coprocola	-0.0291324551505	0.0226932493335	0.0383406443432	0.0601326769068	-0.0282579870782	-0.0359735405466	-0.0710062072408	-0.0273961308683	-0.01208183302	-0.0282959934637	0.0180211209032	1.0	0.0694328525944	-0.0112994166267	-0.0131361843529	-0.0466140753386	0.000992435656598	0.0299253220583	-0.0573487276029	0.00163579717872	0.0308320220482	-0.0113921771752	-0.0388404737887	0.0237229656802	-0.0604921180946	0.00456239930285	0.00612867015178	-0.042192377542	0.0219605094895	-0.0416166471404	-0.032750675515	0.0522727029631	0.0193297076673	-0.0110064202752	-0.0253451733863	0.0593598463878	-0.035251039894	-0.00633241142603	-0.0211457789725	0.000350946787093	0.0389670893998	-0.0338997324677	-0.0367329691937	-0.094269291428	-0.0024010354035	-0.0326072299697	-0.00591409292418	-0.0250567943722	0.00389807731536	0.0484448175715	0.0276074845317	-0.0591891311815	-0.0431860228773	-0.00778837959035	-0.0225238841866	0.0611958872973	-0.0716467314254	-0.017641121141	0.0101056934585
k__Bacteria;p__Bacteroidetes;c__Bacteroidia;o__Bacteroidales;f__Bacteroidaceae;g__Bacteroides;s__Bacteroides_cellulosilyticus	-0.0395133139993	-0.000180214109516	-0.0285853634186	-0.0389003327834	-0.00291654477497	0.0289289324078	0.0189749826601	-0.0491762221357	-0.0147605165395	0.00482912943033	-0.0246546806881	0.0694328525944	1.0	-0.016954076484	-0.0291800612263	-0.0423863314663	-0.0205864124501	0.00458229311207	0.0197957831981	0.0387535252583	-0.0057618992082	-0.0091481058252	0.045229829862	-0.0359451207476	-0.0169561297486	0.0353353916027	0.0140222485598	0.0466098437098	0.0581216710168	0.00347720819077	-0.0552814139087	-0.0325573470435	-0.0242899760378	-0.0564501146186	0.0120769471405	0.00420388174952	0.0132636388758	0.0638477944414	0.00601549692727	0.0372715465784	0.0411363302392	0.00536895810128	-0.0552337396329	-0.069185497155	-0.0361853926313	-0.040364165268	-0.0525488787855	-0.051265796828	0.0393218211955	0.00437695088344	-0.0594692522305	-0.0221285465647	-0.0173207675686	0.00468376807635	-0.0364469090636	-0.0555035094283	0.0134928104769	-0.0121451793276	-0.0340298383579
k__Bacteria;p__Bacteroidetes;c__Bacteroidia;o__Bacteroidales;f__Rikenellaceae;g__Alistipes;s__Alistipes_obesi	-0.0160133129942	-0.0019586441651	-0.0181492402825	0.0639757599177	-0.0758356212219	0.0317122056767	-0.00558480845104	0.00264878458976	0.0101072848885	0.0172152047721	0.00242471427206	-0.0112994166267	-0.016954076484	1.0	0.00220633012197	0.0422429053393	0.0344439599935	0.0185495474816	-0.0496472929988	0.0244542778195	-0.0176563918796	0.0233244994143	-0.122501747068	-0.0611219486277	-0.0119222866036	0.0239975077401	-0.0331886131534	0.0432853920213	-0.0547181535308	-0.0303561709337	-0.0516942601574	0.0229491255261	-0.0107992382194	-0.051275988003	0.029561845244	-0.0169110722019	-0.00460251383945	0.0600636329852	0.0169056658136	0.0170828533221	0.075869177506	-0.0115921086615	-0.0645387429032	0.0128487913181	0.00523735370539	0.00294204997126	-0.0511013944314	-0.0377130009594	0.0410545715798	0.00261014186114	-0.0238788137244	-0.0273166468713	0.0105006423886	0.0056309463987	0.0214494421438	-0.00562009248278	0.00444666824204	0.00422197844192	0.0612516822233
k__Bacteria;p__Firmicutes;c__Clostridia;o__Clostridiales;f__Lachnospiraceae;g__;s__[Eubacterium]_rectale	-0.00215847392449	-0.0349334752043	0.0425708845279	-0.00207796203692	-0.0675980041564	-0.0165110531159	-0.038523293624	0.0266070286568	-0.0214149512157	-0.0438546367105	-0.0194374069978	-0.0131361843529	-0.0291800612263	0.00220633012197	1.0	-0.0319203936479	-0.012674534378	0.0994292146605	-0.070842110436	-0.0635778066027	-0.0426686405541	-0.000200259306502	-0.0346395819738	-0.00235480430996	-0.0936147167932	-0.0173942090963	0.0359220001292	0.0229866608367	0.00700601031217	-0.0259314176216	-0.0052263547253	0.00011371695233	-0.0216885790547	0.0343368621158	0.0453297772446	0.0176805087922	-0.00303284151623	-0.0568469423405	0.039565577511	-0.0492124047463	-0.00264237824219	0.0344876218319	-0.0480695773159	-0.00584996555428	-0.0301539199619	0.0277868575998	-0.0178788741765	0.0239694697355	-0.0161496304233	-0.0115033256041	0.0249374758613	0.0601742954995	0.0880923568889	0.0262635294485	-0.0132839705628	-0.0301791477553	0.0211938964596	0.0055442394268	0.0504349990396
k__Bacteria;p__Bacteroidetes;c__Bacteroidia;o__Bacteroidales;f__Bacteroidaceae;g__Bacteroides;s__Bacteroides_plebeius	0.00604069660607	-0.00809684534207	0.0284902781744	-0.0131789846725	-0.0415194063361	-0.059388438388	-0.0280000516298	0.0334363454707	-0.0694202114765	0.0459280746749	-0.0245266594075	-0.0466140753386	-0.0423863314663	0.0422429053393	-0.0319203936479	1.0	-0.0575963407157	0.000443545521509	0.02482497373	-0.0953292894285	-0.00507063279189	0.0202287714844	0.0255056035179	-0.00127871743381	0.0161593795267	-0.0697551897178	-0.0245257097081	0.00933454422251	-0.0195011759406	-0.00469110337594	-0.00878107720044	-0.0323153838021	-0.0027569735478	-0.029187909555	0.0329276693578	-0.0238917752378	0.0171483284435	-0.0014973569249	-0.00205821185997	0.0386298439079	0.0145200018076	-0.0546495885936	-0.000833537060847	0.0283762923141	0.0284506700946	0.0052294381007	0.0188496687327	-0.0470711125329	-0.0611156705203	0.0141948034185	0.0327302082201	0.088682113877	-0.0413115857499	-0.0271238500448	0.0219008215138	-0.0108557485418	-0.0207177484867	0.00593624702579	-0.00913456470967
k__Bacteria;p__Bacteroidetes;c__Bacteroidia;o__Bacteroidales;f__Bacteroidaceae;g__Bacteroides;s__Bacteroides_fragilis	0.0246754679786	0.00367103523111	-0.0478621941661	0.0105236215286	-0.012729114377	-0.0854304613824	0.054947359685	0.0930826894319	0.0361029338804	-0.0971758447407	-0.0606051955222	0.000992435656598	-0.0205864124501	0.0344439599935	-0.012674534378	-0.0575963407157	1.0	-0.000556625517261	-0.022941024304	0.00519912091082	-0.0105879271817	0.0315300513475	0.0244534161661	-0.0184392595943	0.0277678329496	0.0281713383775	-0.0469212581348	-0.0138809688228	-0.0065476981467	-0.025434839238	-0.0424905625304	-0.0693057388524	0.0081851567053	0.0093713394588	0.0329958488287	-0.04502419825	-0.0239721017903	-0.0539644055066	-0.0155301984521	0.0103329967219	0.00299484240398	0.0190979979391	-0.0381766421105	0.00664992089819	0.0647658906538	0.0396274318721	-0.0342757997279	0.0252077702875	-0.044123587627	0.0508982768713	0.00195865215183	0.000735533727738	-0.0390189388152	-0.0460563755151	0.0331345909501	-0.0241783227365	0.00205104833086	-0.0540287419875	7.0649713079e-05
k__Bacteria;p__Proteobacteria;c__Betaproteobacteria;o__Burkholderiales;f__Sutterellaceae;g__Sutterella;s__Sutterella_wadsworthensis	0.0139300761458	0.0604018270695	0.000415398730408	-0.0379853961201	0.0467911682419	-0.0158335937408	-0.0290323361416	0.0285963130528	-0.0440488589361	-0.0384626707621	-0.0326747159258	0.0299253220583	0.00458229311207	0.0185495474816	0.0994292146605	0.000443545521509	-0.000556625517261	1.0	-0.00835002012249	-0.0267242815769	-0.0569091961843	0.0640816306683	0.0318923709176	-0.0102731947651	-0.0434835280225	0.0503659196001	0.0184386395577	0.00914588443272	-0.0416639826103	0.0367208646595	-0.000994563155412	-0.0278396497055	-0.0534232922871	-0.0471427892268	0.0170759209404	-0.00253248200271	0.0164757749338	-0.0146091134155	-0.00803756451292	-0.0267190986289	-0.00747381312563	0.00657623316728	-0.0507067042695	-0.041450244981	0.00723152571629	0.0380295144384	-0.0417383649078	0.0191827690878	0.00759772169488	-0.0268402296368	-0.0505926290864	0.0599629052374	0.0138388801549	-0.0110874865328	-0.0114475624862	-0.0224117685026	-0.00373492162369	-0.0266638934638	0.0465624925519
k__Bacteria;p__Bacteroidetes;c__Bacteroidia;o__Bacteroidales;f__Porphyromonadaceae;g__Barnesiella;s__Barnesiella_intestinihominis	0.0194186277868	0.0293454682406	0.0403668240659	-0.00787022881436	0.039681353505	-0.00698047118526	0.0267052251012	0.0231056483449	0.0216443520727	-0.0165105648436	-0.0468016911702	-0.0573487276029	0.0197957831981	-0.0496472929988	-0.070842110436	0.02482497373	-0.022941024304	-0.00835002012249	1.0	0.0624128825845	0.0215448207209	-0.00309630672641	0.02651758708	-0.0599049746787	-0.0658916809518	-0.0350412123718	0.0449549091605	-0.00946058079151	0.0178282714241	-0.0335398721009	-0.0186746296297	-0.000866465708289	-0.0224697028388	0.0572974924114	-0.0428587111825	-0.00500355849789	-0.0415803884498	-0.0107467404739	-0.0671755030048	-0.00382588298302	-0.0331769282681	0.0249779524951	-0.0535260591607	0.0127678186403	-0.0245262575626	-0.0292937929319	-0.0473863629596	-0.0371680390105	-0.0384259524565	0.0450770753329	-0.0598589161727	0.00961589094759	0.0097057415771	-0.025470062054	-0.034191377486	0.0271613822946	0.0150293869254	0.0442426677737	-0.0265636658284
k__Bacteria;p__Bacteroidetes;c__Bacteroidia;o__Bacteroidales;f__Odoribacteraceae;g__Odoribacter;s__Odoribacter_splanchnicus	-0.0129965224773	-0.00906450246695	-0.0782768223882	-0.0317605209856	-0.0543049526549	0.0129728983074	0.0132107304437	0.0405841790101	-0.0431155771075	-0.0138068918284	0.0222373683126	0.00163579717872	0.0387535252583	0.0244542778195	-0.0635778066027	-0.0953292894285	0.00519912091082	-0.0267242815769	0.0624128825845	1.0	0.00167937734219	-0.0230894222215	-0.0556036034321	0.0306237017616	-0.018390907106	0.00397187700327	-0.0348440706192	-0.0587921571233	-0.00241699097825	-0.0460655727396	-0.0516360817188	-0.0262056655635	-0.0468777180344	0.0244774448847	0.0498130481487	0.00737775052468	-0.00964379243636	0.0283077424751	-0.00285362201688	0.00548607604823	0.0994941887412	0.0361794259014	-0.0248833629969	0.0436961483136	0.0730155762777	9.05832769409e-05	-0.0225630182528	-0.0315621316179	-0.0592201886529	-0.0394865522888	0.048246297684	0.0618798292349	0.0226458894617	-0.0243774853942	-0.0523326577218	-0.0235778081682	-0.0079581781197	-0.0178463775546	0.00581122901121
k__Bacteria;p__Bacteroidetes;c__Bacteroidia;o__Bacteroidales;f__Bacteroidaceae;g__Bacteroides;s__Bacteroides_salyersiae	-0.012098838485	0.0461159070862	0.0211630866459	0.0567447652793	-0.0129204878171	-0.00938066179485	0.0254829601136	-0.0434172081759	-0.0349747973967	-0.0789707621032	-0.0206632446183	0.0308320220482	-0.0057618992082	-0.0176563918796	-0.0426686405541	-0.00507063279189	-0.0105879271817	-0.0569091961843	0.0215448207209	0.00167937734219	1.0	-0.03599379049	-0.0652151410226	-0.0383750114154	0.0263377019061	0.0360278641359	-0.0422456903589	-0.0392999004471	0.0218608341718	-0.0305935101748	-0.0307160522885	0.0370499106138	0.0159140425145	0.00195686483696	-0.0131643595339	-0.0538583317991	-0.00298394596361	0.0106106720876	-0.038953825831	-0.0404881140999	-0.0136179572136	-0.0447685388047	-0.046893549136	-0.00756313196163	0.0245776631165	0.0317977450314	0.0256672240566	0.00302332403371	0.00102467001726	-0.0575244746566	-0.0145874549755	0.0262855390806	0.0477277433517	0.0187617440907	-0.0348655436728	-0.0877214992459	-0.0242233574122	-0.00143659374341	0.0281652110169
k__Bacteria;p__Firmicutes;c__Clostridia;o__Clostridiales;f__Ruminococcaceae;g__Ruminiclostridium;s__[Eubacterium]_siraeum	0.0278388248708	-0.0284736857825	-0.0411485646678	0.0297730752326	-0.0117382918257	-0.0178676071332	-0.0223778474985	-0.00124245213496	-0.0271584325323	-0.0534289149561	0.0421292156614	-0.0113921771752	-0.0091481058252	0.0233244994143	-0.000200259306502	0.0202287714844	0.0315300513475	0.0640816306683	-0.00309630672641	-0.0230894222215	-0.03599379049	1.0	0.0221433137229	-0.0200482782797	-0.000334313249142	0.0157443259834	-0.0131056005563	-0.021725182673	-0.0482465789609	0.00911891859441	0.0244517896057	-0.00722698833452	-0.0374755328201	0.0197859846238	-0.030125252516	-0.0155166052781	-0.0765126433672	0.00148642054407	-0.020328418756	-0.0339795921621	0.0496499654318	-0.0558834805306	0.0136650816464	0.0578241573812	-0.0511997218361	0.0381848476387	0.0270046361229	-0.00383844730898	0.0188367888658	-0.00649150623542	0.024370542549	0.0339483443737	-0.0212353030102	-0.0190349169463	-0.0187653150357	-0.0570753142645	0.0236783586487	0.0106178543216	-0.047622316866
k__Bacteria;p__Proteobacteria;c__Betaproteobacteria;o__Burkholderiales;f__Sutterellaceae;g__Parasutterella;s__Parasutterella_excrementihominis	-0.0524257540089	-0.0357227583772	-0.0229606616286	-0.0443152188351	0.0223252814416	0.00681685196964	0.0488539573359	-0.045580081192	-0.0228299951237	0.00741378448113	0.0447334131689	-0.0388404737887	0.045229829862	-0.122501747068	-0.0346395819738	0.0255056035179	0.0244534161661	0.0318923709176	0.02651758708	-0.0556036034321	-0.0652151410226	0.0221433137229	1.0	0.0138489073743	0.00198345557482	-0.00473571045379	-0.0594143831962	0.00197629840376	0.00834191395043	-0.0055738724176	-0.0122885262617	0.0359672451012	-0.0250344671335	-0.0119556569387	-0.0161151367961	-0.0153880394495	0.0691025348189	-0.0396373174359	0.0638330097462	0.0234701788189	0.0779398145388	-0.063584196157	-0.0183777763425	0.0892146422478	-0.0322955159202	-0.0153375238628	-0.0309991180603	0.0100635202401	-0.0483841675038	0.0479914110238	0.00334729173739	-0.0350256804896	-0.0376911478422	0.000979690887977	-0.015361247122	0.00885285625278	-0.0206601505105	0.00551154632259	0.0079424811702
k__Bacteria;p__Actinobacteria;c__Actinobacteria;o__Bifidobacteriales;f__Bifidobacteriaceae;g__Bifidobacterium;s__Bifidobacterium_adolescentis	-0.0945401342384	0.0261923830619	-0.0560749908456	-0.0241297134413	-0.0882163348005	-0.00650389829827	0.0490666438339	0.0204752994959	0.0198631160117	0.0128007902035	0.0307175696132	0.0237229656802	-0.0359451207476	-0.0611219486277	-0.00235480430996	-0.00127871743381	-0.0184392595943	-0.0102731947651	-0.0599049746787	0.0306237017616	-0.0383750114154	-0.0200482782797	0.0138489073743	1.0	-0.00885747299239	-0.0551274401822	0.0453868448388	0.0159820607662	-0.0645141414	-0.00607648330191	-0.00795767392503	0.0031826134625	-0.0220929350833	-0.0597066550822	0.00995803491366	0.0161733859841	0.00620747048244	-0.0550653834504	-0.00567157769722	0.0193503910909	-0.0425059791942	-0.029867376936	0.0626406449378	0.0447850753059	-0.0379302438041	-0.00219806723127	0.0723026380689	-0.0277998255326	-0.0500045886947	0.00986448288323	0.0433668996472	0.0437430921406	-0.0329759572267	0.000223774622768	-0.0632642954391	-0.0338931133161	0.0319926983582	0.0623325217188	0.00917686079036
k__Bacteria;p__Firmicutes;c__Clostridia;o__Clostridiales;f__Oscillospiraceae;g__Oscillibacter;s__Oscillibacter_sp._KLE_1745	-0.0693106902791	0.0191668353908	-0.0247528968292	-0.00048808805051	0.00695784703167	0.0287816776875	-0.00971574612609	-0.0314795064232	-0.0451352003094	-0.0747896178807	0.00581432275863	-0.0604921180946	-0.0169561297486	-0.0119222866036	-0.0936147167932	0.0161593795267	0.0277678329496	-0.0434835280225	-0.0658916809518	-0.018390907106	0.0263377019061	-0.000334313249142	0.00198345557482	-0.00885747299239	1.0	-0.0403931136902	-0.0400762135547	-0.0167395001345	0.00756112755161	0.0247386033898	0.0491893643397	0.0448989047472	0.00767018631518	0.0125508010492	0.0158304501042	-0.00489626959894	-0.00660275888004	0.041664309831	0.0132166105338	0.0275837766509	0.00483733549954	0.0158780383691	-0.041152124336	-0.059273353513	-0.0135511913284	-0.0225623060277	-0.0297925240932	0.0123921203192	-0.0177980003871	0.00568507818816	0.000913724605689	-0.0123060403082	0.00629728789083	-0.00410333964609	-0.0337401924242	-0.00863344656215	-0.00131223295649	0.0290947409602	-0.00505147462708
k__Bacteria;p__Bacteroidetes;c__Bacteroidia;o__Bacteroidales;f__Bacteroidaceae;g__Bacteroides;s__Bacteroides_coprophilus	0.0466621918972	0.00382320292741	-0.0183721071025	-0.0328022767696	-0.0822062719589	-0.0356985756426	0.00552794222875	0.0243585525259	-0.0102430744622	0.0494825636253	-0.0093287284394	0.00456239930285	0.0353353916027	0.0239975077401	-0.0173942090963	-0.0697551897178	0.0281713383775	0.0503659196001	-0.0350412123718	0.00397187700327	0.0360278641359	0.0157443259834	-0.00473571045379	-0.0551274401822	-0.0403931136902	1.0	0.015662768618	0.0399603466005	-0.00345984760745	-0.0312544017338	-0.0250796732668	0.0427438079662	0.0285240048253	-0.0177131818635	-0.0462101291689	-0.0587501622866	0.0572384792832	-0.0606741353545	-0.0571406505227	0.0130387429482	0.0268181587691	-0.0548745398483	-0.0343183458539	-0.0134095263905	0.0145074690539	-0.027117954618	-0.0466490956205	0.0725302602006	-0.028079702818	-0.00405835779436	0.0158583969113	-0.0175007283937	-0.0933680077205	-0.0716616334302	-0.0136677354346	0.0259524211114	0.0440043547008	0.0162831949563	-0.00356296319997
k__Bacteria;p__Firmicutes;c__Clostridia;o__Clostridiales;f__Lachnospiraceae;g__Roseburia;s__Roseburia_intestinalis	-0.0419039292288	-0.0415184546043	0.0756707951936	-0.011618999862	-0.0236552725563	0.0062836099106	0.0273381454213	0.0341111310296	0.05737550067	0.0148129075973	-0.0651866132567	0.00612867015178	0.0140222485598	-0.0331886131534	0.0359220001292	-0.0245257097081	-0.0469212581348	0.0184386395577	0.0449549091605	-0.0348440706192	-0.0422456903589	-0.0131056005563	-0.0594143831962	0.0453868448388	-0.0400762135547	0.015662768618	1.0	-0.0200939657016	0.0213053795377	-0.0487929272767	-0.0449287801168	-0.0183387999046	0.0363359393641	-0.0411288915781	0.00843792048966	-0.02175628102	-0.0250769378371	-0.0272746164582	-0.0451580353201	-0.0505930223584	-0.0468381137928	-0.0125548026878	-0.0238155837248	-0.00852999136231	0.00164545122869	0.0466891951921	0.017737403112	0.0262725349142	0.00602089089197	0.021306972735	-0.0193600571787	-0.0246295147593	0.0192954126789	-0.0181295884602	-0.0573778496287	0.0199471277845	0.003331697385	0.0280114821311	-0.0396226532558
k__Bacteria;p__Firmicutes;c__Clostridia;o__Clostridiales;f__Lachnospiraceae;g__Roseburia;s__Roseburia_hominis	0.00146643791862	-0.0140744275732	-0.0108088459415	-0.00987271502766	0.0230198255653	0.0288749214353	-0.0222079817774	-0.0338928375719	0.00492437563361	-0.0222028510803	-0.0214679682135	-0.042192377542	0.0466098437098	0.0432853920213	0.0229866608367	0.00933454422251	-0.0138809688228	0.00914588443272	-0.00946058079151	-0.0587921571233	-0.0392999004471	-0.021725182673	0.00197629840376	0.0159820607662	-0.0167395001345	0.0399603466005	-0.0200939657016	1.0	0.0422735375708	-0.0338951306206	-0.0378476150416	0.0173892198303	0.0128206666236	-0.0216024203115	0.0563940432179	-0.0241690331389	-0.0329133093239	0.0934716733954	-0.0289807186707	0.100926248391	-0.0224553219876	-0.0299574816669	0.00921778894719	0.0648595171086	0.0461662174137	-0.00582461503626	0.0140112519563	-0.0343361792635	0.0428489336304	-0.011386787853	-0.086481442931	0.0649876005504	-0.0432488002237	0.0336202122683	-0.0589697691465	-0.061999752061	-0.0259796267647	-0.000899992220628	0.0121172736746
k__Bacteria;p__Bacteroidetes;c__Bacteroidia;o__Bacteroidales;f__Porphyromonadaceae;g__Parabacteroides;s__Parabacteroides_johnsonii	-0.0881504618554	0.00114742746255	0.0416020150675	0.0445452091758	0.0210558971193	0.00806074898041	-0.0703349949966	0.0227826424194	-0.00100463468212	-0.0358476910993	0.00795635877567	0.0219605094895	0.0581216710168	-0.0547181535308	0.00700601031217	-0.0195011759406	-0.0065476981467	-0.0416639826103	0.0178282714241	-0.00241699097824	0.0218608341718	-0.0482465789609	0.00834191395043	-0.0645141414	0.00756112755161	-0.00345984760745	0.0213053795377	0.0422735375708	1.0	-0.00945596691705	0.00665223185718	-0.00496592114668	-0.0519653198203	-0.0265526846445	-0.0407500424318	0.032207062724	0.0130034310068	-0.0641306933338	-0.00408704829218	-0.02090848529	0.0503344635173	-0.00100055030264	-0.0486734800756	-0.0277705556817	0.0118378784037	-0.0486071625998	0.00102681961161	-0.00236058751003	-0.082060106068	0.0224124493171	-0.0148009175507	0.0163249082076	-0.0117376075749	0.0305022421394	-0.043669710155	0.00345888868476	0.0270116165733	-0.0224355188045	0.0162299165235
k__Bacteria;p__Actinobacteria;c__Actinobacteria;o__Bifidobacteriales;f__Bifidobacteriaceae;g__Bifidobacterium;s__Bifidobacterium_longum	-0.0298890716525	0.0298425686527	-0.00122617216819	-0.00911283184417	-0.00524914210214	-0.0180060664861	-0.00299282873068	-0.0393473353094	0.0141765202839	0.0212961699741	0.0243479962445	-0.0416166471404	0.00347720819077	-0.0303561709337	-0.0259314176216	-0.00469110337594	-0.025434839238	0.0367208646595	-0.0335398721009	-0.0460655727396	-0.0305935101748	0.00911891859441	-0.0055738724176	-0.00607648330191	0.0247386033898	-0.0312544017338	-0.0487929272767	-0.0338951306206	-0.00945596691705	1.0	-0.0249670118206	-0.0494678674207	-0.016006239584	0.0149270087448	-0.0205809594904	0.00809521626152	-0.0191631833864	-0.0421856445601	-0.100140138463	0.0225008370174	0.0136505134122	0.0151839734999	0.0340445647449	-0.00200430690998	0.00569809639685	0.0150051491554	0.0189641047274	0.0200270022891	-0.0510926519086	-0.0153636120162	-0.0757654185477	-0.00613362839138	0.0226383103926	0.0733710349387	-0.0356705074245	0.0372763068428	0.0389941872524	0.0379200043933	0.00424836575982
