#taxonomy	k__Bacteria;p__Bacteroidetes;c__Bacteroidia;o__Bacteroidales;f__Bacteroidaceae;g__Bacteroides;s__Bacteroides_vulgatus	k__Bacteria;p__Bacteroidetes;c__Bacteroidia;o__Bacteroidales;f__Bacteroidaceae;g__Bacteroides;s__Bacteroides_uniformis	k__Bacteria;p__Bacteroidetes;c__Bacteroidia;o__Bacteroidales;f__Rikenellaceae;g__Alistipes;s__Alistipes_putredinis	k__Bacteria;p__Bacteroidetes;c__Bacteroidia;o__Bacteroidales;f__Prevotellaceae;g__Prevotella;s__Prevotella_copri	k__Bacteria;p__Bacteroidetes;c__Bacteroidia;o__Bacteroidales;f__Bacteroidaceae;g__Bacteroides;s__Bacteroides_stercoris	k__Bacteria;p__Bacteroidetes;c__Bacteroidia;o__Bacteroidales;f__Bacteroidaceae;g__Bacteroides;s__Bacteroides_ovatus	k__Bacteria;p__Bacteroidetes;c__Bacteroidia;o__Bacteroidales;f__Rikenellaceae;g__Alistipes;s__Alistipes_shahii	k__Bacteria;p__Firmicutes;c__Clostridia;o__Clostridiales;f__Ruminococcaceae;g__Faecalibacterium;s__Faecalibacterium_prausnitzii	k__Bacteria;p__Bacteroidetes;c__Bacteroidia;o__Bacteroidales;f__Rikenellaceae;g__Alistipes;s__Alistipes_finegoldii	k__Bacteria;p__Bacteroidetes;c__Bacteroidia;o__Bacteroidales;f__Porphyromonadaceae;g__Parabacteroides;s__Parabacteroides_distasonis	k__Bacteria;p__Bacteroidetes;c__Bacteroidia;o__Bacteroidales;f__Bacteroidaceae;g__Bacteroides;s__Bacteroides_thetaiotaomicron	k__Bacteria;p__Bacteroidetes;c__Bacteroidia;o__Bacteroidales;f__Bacteroidaceae;g__Bacteroides;s__Bacteroides_coprocola	k__Bacteria;p__Bacteroidetes;c__Bacteroidia;o__Bacteroidales;f__Bacteroidaceae;g__Bacteroides;s__Bacteroides_cellulosilyticus	k__Bacteria;p__Bacteroidetes;c__Bacteroidia;o__Bacteroidales;f__Rikenellaceae;g__Alistipes;s__Alistipes_obesi	k__Bacteria;p__Firmicutes;c__Clostridia;o__Clostridiales;f__Lachnospiraceae;g__;s__[Eubacterium]_rectale	k__Bacteria;p__Bacteroidetes;c__Bacteroidia;o__Bacteroidales;f__Bacteroidaceae;g__Bacteroides;s__Bacteroides_plebeius	k__Bacteria;p__Bacteroidetes;c__Bacteroidia;o__Bacteroidales;f__Bacteroidaceae;g__Bacteroides;s__Bacteroides_fragilis	k__Bacteria;p__Proteobacteria;c__Betaproteobacteria;o__Burkholderiales;f__Sutterellaceae;g__Sutterella;s__Sutterella_wadsworthensis	k__Bacteria;p__Bacteroidetes;c__Bacteroidia;o__Bacteroidales;f__Porphyromonadaceae;g__Barnesiella;s__Barnesiella_intestinihominis	k__Bacteria;p__Bacteroidetes;c__Bacteroidia;o__Bacteroidales;f__Odoribacteraceae;g__Odoribacter;s__Odoribacter_splanchnicus	k__Bacteria;p__Bacteroidetes;c__Bacteroidia;o__Bacteroidales;f__Bacteroidaceae;g__Bacteroides;s__Bacteroides_salyersiae	k__Bacteria;p__Firmicutes;c__Clostridia;o__Clostridiales;f__Ruminococcaceae;g__Ruminiclostridium;s__[Eubacterium]_siraeum	k__Bacteria;p__Proteobacteria;c__Betaproteobacteria;o__Burkholderiales;f__Sutterellaceae;g__Parasutterella;s__Parasutterella_excrementihominis	k__Bacteria;p__Actinobacteria;c__Actinobacteria;o__Bifidobacteriales;f__Bifidobacteriaceae;g__Bifidobacterium;s__Bifidobacterium_adolescentis	k__Bacteria;p__Firmicutes;c__Clostridia;o__Clostridiales;f__Oscillospiraceae;g__Oscillibacter;s__Oscillibacter_sp._KLE_1745	k__Bacteria;p__Bacteroidetes;c__Bacteroidia;o__Bacteroidales;f__Bacteroidaceae;g__Bacteroides;s__Bacteroides_coprophilus	k__Bacteria;p__Firmicutes;c__Clostridia;o__Clostridiales;f__Lachnospiraceae;g__Roseburia;s__Roseburia_intestinalis	k__Bacteria;p__Firmicutes;c__Clostridia;o__Clostridiales;f__Lachnospiraceae;g__Roseburia;s__Roseburia_hominis	k__Bacteria;p__Bacteroidetes;c__Bacteroidia;o__Bacteroidales;f__Porphyromonadaceae;g__Parabacteroides;s__Parabacteroides_johnsonii	k__Bacteria;p__Actinobacteria;c__Actinobacteria;o__Bifidobacteriales;f__Bifidobacteriaceae;g__Bifidobacterium;s__Bifidobacterium_longum	k__Bacteria;p__Firmicutes;c__Clostridia;o__Clostridiales;f__;g__Flavonifractor;s__Flavonifractor_plautii	k__Bacteria;p__Firmicutes;c__Clostridia;o__Clostridiales;f__Clostridiaceae;g__Clostridium;s__Clostridium_phoceensis	k__Bacteria;p__Verrucomicrobia;c__Verrucomicrobiae;o__Verrucomicrobiales;f__Akkermansiaceae;g__Akkermansia;s__Akkermansia_muciniphila	k__Bacteria;p__Bacteroidetes;c__Bacteroidia;o__Bacteroidales;f__Prevotellaceae;g__Paraprevotella;s__Paraprevotella_xylaniphila	k__Bacteria;p__Firmicutes;c__Clostridia;o__Clostridiales;f__Ruminococcaceae;g__Ruminococcus;s__Ruminococcus_callidus	k__Bacteria;p__Bacteroidetes;c__Bacteroidia;o__Bacteroidales;f__Rikenellaceae;g__Alistipes;s__Alistipes_senegalensis	k__Bacteria;p__Firmicutes;c__Clostridia;o__Clostridiales;f__Lachnospiraceae;g__Blautia;s__Blautia_sp._KLE_1732	k__Bacteria;p__Bacteroidetes;c__Bacteroidia;o__Bacteroidales;f__Bacteroidaceae;g__Bacteroides;s__Bacteroides_oleiciplenus	k__Bacteria;p__Firmicutes;c__Clostridia;o__Clostridiales;f__Ruminococcaceae;g__Ruminococcus;s__Ruminococcus_bicirculans	k__Bacteria;p__Bacteroidetes;c__Bacteroidia;o__Bacteroidales;f__Bacteroidaceae;g__Bacteroides;s__Bacteroides_fluxus	k__Bacteria;p__Bacteroidetes;c__Bacteroidia;o__Bacteroidales;f__Prevotellaceae;g__Prevotella;s__Prevotella_stercorea	k__Bacteria;p__Firmicutes;c__Clostridia;o__Clostridiales;f__Lachnospiraceae;g__Dorea;s__Dorea_longicatena	k__Bacteria;p__Firmicutes;c__Clostridia;o__Clostridiales;f__Eubacteriaceae;g__Eubacterium;s__[Eubacterium]_eligens	k__Bacteria;p__Firmicutes;c__Clostridia;o__Clostridiales;f__Ruminococcaceae;g__;s__Ruminococcaceae_bacterium_D16	k__Bacteria;p__Firmicutes;c__Clostridia;o__Clostridiales;f__Lachnospiraceae;g__Coprococcus;s__Coprococcus_comes	k__Bacteria;p__Proteobacteria;c__Gammaproteobacteria;o__Enterobacterales;f__Enterobacteriaceae;g__Escherichia;s__Escherichia_coli	k__Bacteria;p__Firmicutes;c__Clostridia;o__Clostridiales;f__Ruminococcaceae;g__Anaerotruncus;s__Anaerotruncus_colihominis	k__Bacteria;p__Firmicutes;c__Clostridia;o__Clostridiales;f__Lachnospiraceae;g__Blautia;s__Blautia_obeum	k__Bacteria;p__Bacteroidetes;c__Bacteroidia;o__Bacteroidales;f__Odoribacteraceae;g__Odoribacter;s__Odoribacter_laneus	k__Bacteria;p__Firmicutes;c__Clostridia;o__Clostridiales;f__Ruminococcaceae;g__Ruminiclostridium;s__[Clostridium]_leptum	k__Bacteria;p__Bacteroidetes;c__Bacteroidia;o__Bacteroidales;f__Porphyromonadaceae;g__Parabacteroides;s__Parabacteroides_goldsteinii	k__Bacteria;p__Firmicutes;c__Clostridia;o__Clostridiales;f__Lachnospiraceae;g__Anaerostipes;s__Anaerostipes_hadrus	k__Bacteria;p__Firmicutes;c__Clostridia;o__Clostridiales;f__Ruminococcaceae;g__Ruminococcus;s__Ruminococcus_lactaris	k__Bacteria;p__Firmicutes;c__Clostridia;o__Clostridiales;f__Clostridiaceae;g__Clostridium;s__Clostridium_sp._L2-50	k__Bacteria;p__Firmicutes;c__Clostridia;o__Clostridiales;f__Clostridiaceae;g__Clostridium;s__Clostridium_sp._M62/1	k__Bacteria;p__Firmicutes;c__Clostridia;o__Clostridiales;f__;g__Intestinimonas;s__Intestinimonas_butyriciproducens	k__Bacteria;p__Actinobacteria;c__Actinobacteria;o__Bifidobacteriales;f__Bifidobacteriaceae;g__Bifidobacterium;s__Bifidobacterium_bifidum	k__Bacteria;p__Firmicutes;c__Negativicutes;o__Veillonellales;f__Veillonellaceae;g__Dialister;s__Dialister_invisus	k__Bacteria;p__Bacteroidetes;c__Bacteroidia;o__Bacteroidales;f__Bacteroidaceae;g__Bacteroides;s__Bacteroides_salanitronis
k__Bacteria;p__Bacteroidetes;c__Bacteroidia;o__Bacteroidales;f__Bacteroidaceae;g__Bacteroides;s__Bacteroides_vulgatus	1.0	0.0218427805437	-0.0656330843849	-0.0432010770528	-0.00747371485406	-0.0307501240855	-0.00633490401992	0.00237309321494	0.0629627921852	0.012753967617	0.0184548644455	-0.0488252547902	-0.0686507305487	0.00810748693139	-0.070640154935	0.0168368900693	-0.0474879207886	-0.000349624293208	0.0421479037237	-0.0835452867214	0.0144467326566	-0.0108068534236	0.0473020817946	-0.0659859997952	0.0420269850014	-0.0529585126304	0.000179919855064	-0.0154054576943	0.000479744407178	0.000473468348481	-0.070622925839	0.00597320489379	-0.00306732742303	0.0305804168578	-0.0461684106064	0.00551202087682	-0.0255146095467	-0.0372407446728	-0.0170739990145	-0.0621607158488	0.00210103180408	-0.0382276705508	0.0160383565881	0.0344669264688	-0.0704695790571	-0.00618829526658	0.012038873604	0.00548381015723	0.0294036231532	0.0319903857745	0.0210670786531	0.0179815247038	-0.00240150348477	-0.0147141302602	-0.0288459360356	0.0182341034189	-0.0355601095869	0.0381920865468	-0.0107023778765
k__Bacteria;p__Bacteroidetes;c__Bacteroidia;o__Bacteroidales;f__Bacteroidaceae;g__Bacteroides;s__Bacteroides_uniformis	0.0218427805437	1.0	-0.0406098451077	-0.0568101636833	-0.00140678297449	-0.00942378301387	-0.0708427320567	0.00772116203354	0.0489029399846	-0.0667379306002	0.0385449748965	0.0313599931688	-0.000788622755207	-0.00722382607522	-0.0122150118177	0.0391081241254	-0.0569639788129	-0.050410892131	-0.0218518522001	-0.0468077129568	-0.0172087524818	-0.0268132199386	0.00732377463492	0.00304205799851	0.00138930602409	0.0300753756897	-0.00717393745138	-0.0759986164085	-0.0153450349837	-0.00105872558579	-0.0439323606768	0.000964037513901	-0.0266052526608	-0.0295887696457	0.0474698600812	-0.00894384449806	-0.0227331509591	-0.0348801540728	-0.0292139571375	0.0149701841007	-0.0171233949129	0.0290160404199	-0.0935514112864	0.0148459559768	0.0279621687946	-0.0507422682616	0.0407788301834	-0.0145248689233	0.029739319593	0.0773577586159	0.0227722982726	0.0717786749019	0.0388001313595	-0.00850109538525	0.00223151183182	0.0482204941033	0.0032921468341	-0.0110893564402	-0.056974744108
k__Bacteria;p__Bacteroidetes;c__Bacteroidia;o__Bacteroidales;f__Rikenellaceae;g__Alistipes;s__Alistipes_putredinis	-0.0656330843849	-0.0406098451077	1.0	-0.0012085642156	0.0499433504339	-0.00634590466148	0.0504436373598	-0.0487784815338	-0.0051564650224	0.00709808824784	0.0874100703789	-0.0603435625254	-0.0566140459594	-0.0886453741615	-0.0394555072214	0.0445566967741	-0.0012316305758	-0.0195820647831	-0.013821935394	0.00402923959966	0.00275013413928	-0.0639300543673	-0.029681676229	0.0173667519232	-0.0108808700576	-0.0386091976687	0.0534764733684	0.00190977720994	-0.016410048066	-0.0506072565738	-0.0480570726226	-0.0210624313153	-0.0331947765726	-0.00849648468046	-0.00405912085585	-0.0155817729292	-0.00329543136197	0.0449547028733	-0.0198628115417	-0.0231226550403	0.0605492355383	0.00199011854641	0.00591314168878	-0.001704387198	-0.0224861008932	0.0179527780593	-0.0150902925932	-0.0345137037226	0.0220409450404	0.0390539277546	-0.0563018860699	-0.00643377253007	0.0322705213177	-0.0246636105864	-0.0338607122895	0.0268749343835	-0.0495314648692	0.0680942413512	-0.00908030087392
k__Bacteria;p__Bacteroidetes;c__Bacteroidia;o__Bacteroidales;f__Prevotellaceae;g__Prevotella;s__Prevotella_copri	-0.0432010770528	-0.0568101636833	-0.0012085642156	1.0	0.027545748732	-0.0404701854009	0.0338943177941	-0.0195014475964	0.0382450726841	-0.0260929284464	-0.00271179337006	-0.016299289605	0.0142326372739	0.00731887673298	0.019738542435	0.0301243651248	0.0020621686333	-0.0293821821708	0.00654543463123	0.0645505005044	-0.0361977050531	0.0563670664627	-0.0548915689287	-0.0443580154	0.00396035016481	0.000368106214627	-0.0300606349067	-0.0257495982137	-0.0128380829121	0.0353248361745	0.0445912147113	0.0371382015798	-0.00838199839023	0.0381912902622	-0.0431609099891	0.00800878959778	-0.0476336381926	-0.0200524930285	0.0875137387566	-0.0348786846593	0.0242280619892	-0.0177553783739	0.0413431751211	-0.0145809277596	-0.0112904871382	0.0227432666663	0.0151429233575	-0.0733930887274	0.0391635355078	0.0234373672582	-0.0176413617029	-0.0163581405813	0.0417505612687	0.0393629738465	-0.0521719302551	-0.0130563357207	-0.0799948239816	-0.0195354767712	-0.0191702122677
k__Bacteria;p__Bacteroidetes;c__Bacteroidia;o__Bacteroidales;f__Bacteroidaceae;g__Bacteroides;s__Bacteroides_stercoris	-0.00747371485406	-0.00140678297449	0.0499433504339	0.027545748732	1.0	-0.0110706134507	-0.0380530715901	-0.0519557026466	-0.00085076527836	0.00444402335929	-0.0425131894149	0.0159352164997	-0.0380663249408	0.0146365061798	0.0452265585907	-0.030198498144	-0.0469333416672	0.0231409273336	-0.0221732012824	0.00224941600033	-0.0165504448393	0.0402537299794	0.00477987800605	-0.00729052820153	-0.0199193624143	0.00267670508922	0.0937941118348	-0.01681102566	0.0346244903688	-0.0192119487109	-0.0109334896359	-0.0352057293222	0.0468336504625	0.0162738475984	-0.0476025293745	-0.0750998863239	-0.00664969178292	0.0305285489676	-0.0473788966173	-0.0127907512064	0.0778249286367	0.0260057517805	0.0524425325568	-0.0324086604657	0.0238871456368	-0.0204223080718	-0.0218253589171	-0.0303017422241	-0.0903447569029	-0.0260901174955	-0.0261924591155	-0.00652604244294	-0.00384453357575	-0.0388122881532	-0.000306917317883	-0.0636144404281	-0.0339599107957	-0.015050342941	0.0219415397986
k__Bacteria;p__Bacteroidetes;c__Bacteroidia;o__Bacteroidales;f__Bacteroidaceae;g__Bacteroides;s__Bacteroides_ovatus	-0.0307501240855	-0.00942378301387	-0.00634590466148	-0.0404701854009	-0.0110706134507	1.0	0.0614611571008	0.0146940524068	-0.0371303857155	-0.0452867493477	-0.0669498107885	0.0111990417582	0.0656198583883	-0.00645491288538	-0.0621041501243	-0.0473015154331	0.00304239705063	-0.0596172574756	0.016182808224	-0.0117318507188	-0.0179162566992	-0.0498804063948	-0.0351988479718	-0.113303990708	-0.0221831436021	-0.00464976217731	0.0383693931119	-0.0497716613137	-0.0259398527157	-0.0121060547042	0.0566061728626	0.0286448546932	-0.0381984665227	-0.0300085831966	-0.000177016875183	-0.0177143953478	-0.0356494902766	-0.0273852433141	0.0342366706713	0.0222859689626	-0.0471595026895	0.057083709936	0.033437532117	0.0444473118882	-0.0100956960805	-0.0577729776658	-0.018376789144	-0.0337160730772	-0.0056071699258	-0.0162766407462	-0.00600704161615	-0.0352851857215	-0.0523397530824	0.0190104987748	0.0169362907508	-0.0619956709597	-0.00827938075698	-0.0526869203128	-0.004457524077
k__Bacteria;p__Bacteroidetes;c__Bacteroidia;o__Bacteroidales;f__Rikenellaceae;g__Alistipes;s__Alistipes_shahii	-0.00633490401992	-0.0708427320567	0.0504436373598	0.0338943177941	-0.0380530715901	0.0614611571008	1.0	-0.0172504233358	-0.0734064552333	-0.0199961614489	0.00409309350028	0.0176095111626	-0.00282130344662	0.011876354069	0.0592174489137	-0.0113903498184	-1.36099680583e-06	-0.0090497742796	0.0424988246144	-0.0436360510878	-0.0237422373829	-0.00646338611691	-0.0335858196416	0.00810592457067	0.0156164375772	-0.019913866634	-0.0344956421371	-0.00293534709888	-0.0354224486749	-0.0279870583993	-0.0266664585013	-0.0486137685398	-0.0269478319549	0.00999405202874	-0.00417275249604	-0.0534307896988	-0.0794686626567	-0.038897967557	-0.102983681386	0.0526539276467	0.00629351257595	0.0608718718014	0.0478495710731	-0.0371351011535	-0.037771656685	0.0121418100942	-0.00835248706834	-0.0467543300782	-0.0115705118337	-0.00147385619224	0.00158255894255	-0.021852742076	0.0612735843985	-0.0608899024736	-0.0160507910776	-0.0551953719769	0.0145246372422	0.0228224732726	-0.0250729699659
k__Bacteria;p__Firmicutes;c__Clostridia;o__Clostridiales;f__Ruminococcaceae;g__Faecalibacterium;s__Faecalibacterium_prausnitzii	0.00237309321494	0.00772116203354	-0.0487784815338	-0.0195014475964	-0.0519557026466	0.0146940524068	-0.0172504233358	1.0	0.0558020067605	-0.000413754422185	-0.0367726146996	-0.00150738278139	-0.0162969979856	0.0142987485507	-0.103250412485	0.0147411724491	0.0180468268606	0.0359385610778	0.0489160901709	0.0535045014876	0.010169058689	-0.000181862731348	0.0214901831122	0.00778084761908	-0.020159397874	-0.0357089216924	-0.00385071108682	-0.028154834542	-0.0391848052519	-0.0305569829656	-0.0644275352612	-0.0344274500631	-0.0186306693569	-0.0245239151683	-0.00802615292756	-0.0252315446142	-0.00933972155702	-0.0285508835785	0.0245181672956	0.0499424890651	-0.00200268045025	0.0102204085041	0.036407975514	-0.0067799476434	-0.0335642479156	-0.040446407779	-0.0232685347066	0.026627846237	-0.0204415939621	-0.0187413716531	-0.0112045487832	0.0135229641495	-0.0207882571658	0.00524307971552	0.0140486561157	-0.0095035248558	-0.0446555615568	-0.0321102456568	-0.0644733368261
k__Bacteria;p__Bacteroidetes;c__Bacteroidia;o__Bacteroidales;f__Rikenellaceae;g__Alistipes;s__Alistipes_finegoldii	0.0629627921852	0.0489029399846	-0.0051564650224	0.0382450726841	-0.00085076527836	-0.0371303857155	-0.0734064552333	0.0558020067605	1.0	-0.0136411321171	-0.00730358417827	0.0186193836431	0.0171100758977	0.0117843300371	0.0187178235081	0.0258571567636	0.056140126248	0.0205733724123	0.00169452558648	-0.0479761223086	0.0400572853562	0.0324654065995	-0.0295642190996	-0.00104533784866	-0.00671551347996	-0.0247374414455	-0.0275965478655	0.0205117982281	0.0769292328357	-0.0345313431572	-0.00312974758928	-0.0152745780566	0.00146427033229	0.0508905851648	0.0424928026758	-0.0666203234992	-0.0234121448602	-0.0243149088834	0.0450941278286	-0.0424729119793	-0.0907944804748	0.0116460136102	-0.0867388060701	0.0474653072241	0.0802434496621	-0.0617293514189	-0.0783456736339	0.0601497586472	-0.0175196035459	-0.0449026892796	0.0099290586673	0.0467664605465	-0.0234518298394	-0.0169704463968	0.0054567087544	-0.0123281323467	0.0755232714845	-0.0152998180746	0.0404462182853
k__Bacteria;p__Bacteroidetes;c__Bacteroidia;o__Bacteroidales;f__Porphyromonadaceae;g__Parabacteroides;s__Parabacteroides_distasonis	0.012753967617	-0.0667379306002	0.00709808824784	-0.0260929284464	0.00444402335929	-0.0452867493477	-0.0199961614489	-0.000413754422185	-0.0136411321171	1.0	-0.00658394471268	0.00226181075796	-0.0102960060417	0.0399103499263	0.0627941125365	0.0144268951992	0.00620344700992	-0.032855405207	0.0272707462415	-0.00610588485599	-0.0557387148141	-0.00604028985774	0.0543507417311	-0.00489194738998	-0.000758331382906	-0.0293368422718	0.0248906696102	-0.0218149731956	-0.00719291499	-0.0430844642732	-0.00939944083055	-0.0763357219394	-0.0549391953037	-0.0271395242007	-0.0869686445265	-0.0145347379326	-0.028112466113	-0.0275357528921	0.0141674521285	-0.037881680433	0.0115145320882	-0.0482204811686	-0.00329739180006	0.00921730154195	0.00815299431829	-0.0465927559447	0.00331446507936	0.0173650048908	-0.0443028786187	-0.0195704952245	-0.0194449602299	0.0320554712104	-0.0529773833923	-0.00251735375244	0.00266589980398	0.0133151568436	0.0532852565011	0.0275899109487	-0.0851249488314
k__Bacteria;p__Bacteroidetes;c__Bacteroidia;o__Bacteroidales;f__Bacteroidaceae;g__Bacteroides;s__Bacteroides_thetaiotaomicron	0.0184548644455	0.0385449748965	0.0874100703789	-0.00271179337006	-0.0425131894149	-0.0669498107885	0.00409309350028	-0.0367726146996	-0.00730358417827	-0.00658394471268	1.0	0.00982079792057	-0.0220325663175	-0.0997296081038	0.06604247042	-0.0618813612463	0.0215542843941	0.00694333570423	-0.0219170698829	-0.0212295066502	-0.0278911681955	0.0356391136984	0.0424596612915	0.0489193914081	-0.0104770484246	-0.0278603446068	0.103270153906	-0.0758369340072	-0.0119339773279	-0.0571735139343	-0.00606669093322	-0.00246672134078	-0.0589903989237	-0.0213604064784	0.0141061000383	-0.0185287045559	-0.11598225965	0.0371426538466	0.0547055886956	-0.0757250967398	-0.00742897660545	-0.0379811740516	-0.00803941832694	0.0118583676886	-0.0295970943721	-0.0146336744115	-0.0528858074216	0.0117766663071	0.0223814465289	0.0518131258643	0.0307917203444	-0.0280048276825	-0.0282311128019	0.0278030732386	0.00164565727926	-0.0234586438405	0.0429981211604	-0.0201858401755	0.0343776642279
k__Bacteria;p__Bacteroidetes;c__Bacteroidia;o__Bacteroidales;f__Bacteroidaceae;g__Bacteroides;s__Bacteroides_coprocola	-0.0488252547902	0.0313599931688	-0.0603435625254	-0.016299289605	0.0159352164997	0.0111990417582	0.0176095111626	-0.00150738278139	0.0186193836431	0.00226181075796	0.00982079792057	1.0	-0.0610261474311	0.039231283072	-0.042367055849	0.0180124300713	0.038225746259	0.00959794419995	-0.00739878890734	-0.0623641342649	-0.0215345872515	-0.0588905643113	-0.0796876549322	-0.0292223628697	0.0135547916168	-0.067605925624	0.0560353228546	0.0198643186867	-0.0522765085055	-0.0154833473565	0.0303427153618	0.00561030439197	0.0180591279838	-0.0203313411595	-0.06233083246	-0.00131286675944	0.0499641779708	-0.00431755039255	-0.01691771767	-0.0337268307755	-0.00455792275111	-0.0523577747176	-0.0305685864095	-0.00661451961264	-0.0495255344477	-0.0136941894904	-0.00576705347225	0.000782767033775	-0.0405101901283	0.0095773306426	-0.0540247176992	0.0240889752227	0.00601141048086	-0.0547822693096	0.0429687764658	-0.0506428739216	-0.00851970155599	-0.0365698340765	0.0225066546194
k__Bacteria;p__Bacteroidetes;c__Bacteroidia;o__Bacteroidales;f__Bacteroidaceae;g__Bacteroides;s__Bacteroides_cellulosilyticus	-0.0686507305487	-0.000788622755207	-0.0566140459594	0.0142326372739	-0.0380663249408	0.0656198583883	-0.00282130344661	-0.0162969979856	0.0171100758977	-0.0102960060417	-0.0220325663175	-0.0610261474311	1.0	0.00483001423718	0.0676613705581	-0.028999441329	0.0449800552083	0.00804118887864	-0.0313937239495	-0.0386113881341	-0.0334199246097	-0.00840890671775	-0.0573245607311	-0.00684580515447	-0.0346670624103	-0.0157346041333	0.00961730845125	-0.0135093820472	0.0127732993614	-0.0277126186958	-0.0174920233039	0.0287461019973	-0.00634760869826	-0.0235369098993	-0.0117843225885	-0.0611038571004	-0.0241649929768	0.0135108013988	0.0247689084826	0.0090270279166	-0.0196485214005	0.000631999497604	-0.0456527905696	0.0467509295602	-0.0494453610834	-0.0964810345372	0.029446969064	0.0478544160045	-0.0145132369791	-0.0322312680407	-0.020171557121	0.0400250598125	-0.0510200185488	-0.047620079924	-0.000494503144229	-0.0150168783002	-0.00600690443588	-0.00197061760408	0.043888860883
k__Bacteria;p__Bacteroidetes;c__Bacteroidia;o__Bacteroidales;f__Rikenellaceae;g__Alistipes;s__Alistipes_obesi	0.00810748693139	-0.00722382607522	-0.0886453741615	0.00731887673298	0.0146365061798	-0.00645491288538	0.011876354069	0.0142987485507	0.0117843300371	0.0399103499263	-0.0997296081038	0.039231283072	0.00483001423718	1.0	-0.0517762929389	0.0657884946897	0.0162587575483	-0.0459365353175	-0.0570051042388	-0.039053544858	0.0163929797335	-0.0288781442598	-0.0191028724495	0.063444176466	-0.00201714969575	0.0190991193927	0.0338769681012	0.00579112399688	-0.0155294312881	-0.048179157136	-0.0156097582268	0.0467049305343	-0.0321168971685	0.0131205858342	0.0455852700286	0.0261207299517	-0.00570895048716	0.0382006924919	-0.00505258496759	0.0124155107114	0.00722304875933	-0.0658043645622	-0.0336877440674	0.0247374969183	0.0010075184156	0.0915245736773	-0.030978786241	-0.0336527912671	-0.0384413661571	-0.00157021302895	-0.0433037005455	-0.0242037246932	-0.0424929483771	0.014930488425	-0.0808675419646	-0.0192293948314	0.0408577209872	0.00923909803959	0.0126422994542
k__Bacteria;p__Firmicutes;c__Clostridia;o__Clostridiales;f__Lachnospiraceae;g__;s__[Eubacterium]_rectale	-0.070640154935	-0.0122150118177	-0.0394555072214	0.019738542435	0.0452265585907	-0.0621041501243	0.0592174489137	-0.103250412485	0.0187178235081	0.0627941125365	0.06604247042	-0.042367055849	0.0676613705581	-0.0517762929389	1.0	-0.0279656189603	0.027347258732	0.0367104161972	-0.0265039102539	0.00534896754372	0.0213255460698	-0.00844546514466	-0.00222916207434	0.0461856924926	0.0056659499617	-0.0721755982917	-0.0877408007533	-0.0412725858039	-0.0255456813182	-0.00648479424219	-0.0136457583918	0.0204121585553	-0.0224439736665	0.000479692456908	0.0714816999851	-0.0225837594995	-0.00635418997549	0.00140435611863	-0.000728664985864	-0.00767856786215	-0.00348735211917	0.000487441817538	0.00925683511319	0.0394755776858	-0.0623229526768	-0.00322042088546	-0.0283268620488	-0.0410071568084	-0.0798637765463	-0.0515931616805	-0.011738825623	-0.0669572021592	-0.0145401190234	-0.00280380384347	-0.056906142831	0.0259741510754	-0.0251147713041	-0.0113981723393	0.0479604669624
k__Bacteria;p__Bacteroidetes;c__Bacteroidia;o__Bacteroidales;f__Bacteroidaceae;g__Bacteroides;s__Bacteroides_plebeius	0.0168368900693	0.0391081241254	0.0445566967741	0.0301243651248	-0.030198498144	-0.0473015154331	-0.0113903498184	0.0147411724491	0.0258571567636	0.0144268951992	-0.0618813612463	0.0180124300713	-0.028999441329	0.0657884946897	-0.0279656189603	1.0	-0.0661787241199	0.00190029122293	-0.0544213009626	0.0205671578871	-0.00517824638346	-0.0144232017337	0.0378627445236	-0.0343051007223	-0.0362849772213	-0.0710896478931	0.0478357854619	-0.100599714006	0.0276125490149	0.00384165010024	-0.0470184089773	-0.0440206752234	0.00624814792704	0.00836830919552	-0.0483333540662	0.015290180589	0.00352041921888	0.0707564345807	-0.0125114120312	-0.0721831742099	0.00783185559943	0.00324205360178	-0.0349043910927	0.000176446719529	0.0161526918698	0.0109948927273	0.0119542615094	-0.0262207651095	-0.0617056955284	0.00217556757103	0.0137478545836	0.0188345896523	-0.0459366195822	0.0323383887253	-0.0149903802221	0.0265675808312	0.0208370911398	0.0249550258401	-0.0393952898038
k__Bacteria;p__Bacteroidetes;c__Bacteroidia;o__Bacteroidales;f__Bacteroidaceae;g__Bacteroides;s__Bacteroides_fragilis	-0.0474879207886	-0.0569639788129	-0.0012316305758	0.0020621686333	-0.0469333416672	0.00304239705063	-1.36099680573e-06	0.0180468268606	0.056140126248	0.00620344700992	0.0215542843941	0.038225746259	0.0449800552083	0.0162587575483	0.027347258732	-0.0661787241199	1.0	0.0240508757715	-0.0744346546648	-0.0747014066357	-0.0527488340973	0.0196749447495	0.00333137508466	0.0225487009211	0.031452225815	-0.0167928217582	-0.112508827995	-0.0115852479548	0.0259954050804	-0.0366475424349	-0.00738283439555	-0.0373931386499	0.0121403278331	-0.0116305167525	0.00308906147912	0.00438002003989	-0.0209715882253	-0.0873426288809	-0.0876876725163	0.0663498987856	-0.0451093393864	-0.0702676824852	0.0154309152699	-0.0140460310971	-0.0256553723702	-0.00939055156533	-0.0597672853651	-0.0349932272764	-0.0331637691951	0.00789443913889	0.0343652753889	-0.0179458499277	0.0171564616932	0.0165431474674	0.00833972588227	0.0201132239365	0.00803720938691	-0.000380611521313	-0.0392021720563
k__Bacteria;p__Proteobacteria;c__Betaproteobacteria;o__Burkholderiales;f__Sutterellaceae;g__Sutterella;s__Sutterella_wadsworthensis	-0.000349624293208	-0.050410892131	-0.0195820647831	-0.0293821821708	0.0231409273336	-0.0596172574756	-0.0090497742796	0.0359385610778	0.0205733724123	-0.032855405207	0.00694333570423	0.00959794419995	0.00804118887864	-0.0459365353175	0.0367104161972	0.00190029122293	0.0240508757715	1.0	-0.0418907052916	0.00590503441324	-0.0667744487222	0.0304316978538	-0.00538788249855	-0.0173907903666	0.0480668922772	-0.0761336298685	-0.0186061761637	0.0113692420683	-0.091057919871	0.00934369672692	-0.0389206298022	-0.0497613453073	-0.00991314197167	-0.0616482064926	-0.0158665397329	-0.0352712943704	-0.0705792533291	0.00354778545877	-0.0118102661824	0.0216317739468	-0.0257632506355	-0.0713669779384	-0.0462562572542	-0.0462473268523	0.0240954360084	0.0100170191879	0.0261014572727	0.0666639283698	-0.0277658570263	-0.0370536215555	-0.0279562588187	-0.00911355386303	-0.0251044880025	0.0373710083681	0.0771706536368	0.00597754117539	0.034704925338	-0.0222912804677	-0.00792591768276
k__Bacteria;p__Bacteroidetes;c__Bacteroidia;o__Bacteroidales;f__Porphyromonadaceae;g__Barnesiella;s__Barnesiella_intestinihominis	0.0421479037237	-0.0218518522001	-0.013821935394	0.00654543463123	-0.0221732012824	0.016182808224	0.0424988246144	0.0489160901709	0.00169452558648	0.0272707462415	-0.0219170698829	-0.00739878890734	-0.0313937239495	-0.0570051042388	-0.0265039102539	-0.0544213009626	-0.0744346546648	-0.0418907052916	1.0	0.0311082266373	0.0115014213629	-0.0403504947131	0.0192273968986	-0.0174033461321	-0.0704611067816	0.036829247872	0.017094502092	-0.0203958709883	0.0446717423502	0.0269599744411	0.0308307634292	-0.0113348629896	0.123019519048	-0.0115018580146	-0.0645763843618	-0.0481497446546	-0.037180944047	-0.0149322437215	-0.0477357496477	-0.0200950896324	-0.0561965607597	0.0531638709078	-0.0670635393464	-0.0740377159221	0.00171971541351	-0.0109827457404	-0.0175716634612	0.0325156121662	-0.031137374424	0.0194312612328	0.0346809770639	-0.0151228458736	0.0418750955667	-0.030591875877	0.045966046385	0.00609955379882	-0.0283184767101	0.00490544828206	-0.00595136696857
k__Bacteria;p__Bacteroidetes;c__Bacteroidia;o__Bacteroidales;f__Odoribacteraceae;g__Odoribacter;s__Odoribacter_splanchnicus	-0.0835452867214	-0.0468077129568	0.00402923959966	0.0645505005044	0.00224941600033	-0.0117318507188	-0.0436360510878	0.0535045014876	-0.0479761223086	-0.00610588485599	-0.0212295066502	-0.0623641342649	-0.0386113881341	-0.039053544858	0.00534896754372	0.0205671578871	-0.0747014066357	0.00590503441324	0.0311082266373	1.0	0.0194788833829	-0.000193579020155	-0.00626771287004	-0.0391931960899	0.0875902919783	0.0234763336046	-0.00135917435167	0.0507975707129	-0.0443140898526	-0.0496425110729	0.035914234995	-0.0285178280067	-0.0288349322237	0.00566877970799	-0.0202748438768	-0.0702472246547	-0.00405239962311	-0.0397639642258	0.0606548681343	0.0131986961874	-0.0337238008046	0.0330557373	-0.046663763983	-0.00546491996207	0.0355399381304	0.0522619424187	-0.0141632894858	-0.00241395126548	0.019941872072	-0.00862871470739	-0.0439842432737	0.00292852312275	-0.0123789711458	0.00476148421811	0.000564408389776	-0.0141594797765	-0.00418463976713	-0.0165212520775	-0.0539176388695
k__Bacteria;p__Bacteroidetes;c__Bacteroidia;o__Bacteroidales;f__Bacteroidaceae;g__Bacteroides;s__Bacteroides_salyersiae	0.0144467326566	-0.0172087524818	0.00275013413928	-0.0361977050531	-0.0165504448393	-0.0179162566992	-0.0237422373829	0.010169058689	0.0400572853562	-0.0557387148141	-0.0278911681955	-0.0215345872515	-0.0334199246097	0.0163929797335	0.0213255460698	-0.00517824638346	-0.0527488340973	-0.0667744487222	0.0115014213629	0.0194788833829	1.0	-0.0677407155667	0.0105541539615	-0.053971614237	-0.0455104365355	0.0336644081797	0.0520375549062	-0.0140291075189	-0.0838128070111	0.0334048235057	0.00681665993478	0.00501632963915	-0.0454562720034	0.074387031996	-0.0126115312062	-0.0384640123285	-0.0480534860517	0.0628852111986	0.0458947591517	-0.042613226026	0.0321031459826	0.0641454480307	-0.0177183677346	0.027479939995	-0.00718025068862	-0.0537670448593	-0.0349140111294	-0.0293984527921	0.0223413936034	-0.0130370911138	-0.0137759975864	-0.0633783021972	0.0116642930081	-0.000579725651498	-0.0257438045035	-0.0127887982021	-0.0156227509863	-0.0342241805452	-0.0075078804429
k__Bacteria;p__Firmicutes;c__Clostridia;o__Clostridiales;f__Ruminococcaceae;g__Ruminiclostridium;s__[Eubacterium]_siraeum	-0.0108068534236	-0.0268132199386	-0.0639300543673	0.0563670664627	0.0402537299794	-0.0498804063948	-0.00646338611691	-0.000181862731348	0.0324654065995	-0.00604028985774	0.0356391136984	-0.0588905643113	-0.00840890671775	-0.0288781442598	-0.00844546514466	-0.0144232017337	0.0196749447495	0.0304316978538	-0.0403504947131	-0.000193579020155	-0.0677407155667	1.0	-0.0286850865223	0.00771898104734	0.0225482787438	0.00600172836652	0.00638255593079	0.0195949419521	-0.0151586005186	-0.0472994272674	0.0116329913127	-0.057291413217	0.00198467063138	-0.0891152656376	-0.0438970513177	0.02616606435	-0.0701727781623	0.0451508600405	-0.00401943586906	0.0167920471411	-0.0194715936484	-0.0169566744787	-0.0489705388176	-0.083121084848	-0.0404614725582	-0.00557910463466	-0.0751558497896	-0.025049542857	-0.0013460670536	0.00813425512388	-0.0104992515851	-0.004436144852	0.0416895157444	0.0402497357013	0.0196725859799	-0.0373870948358	-0.0301714853305	-0.0199524658769	0.0446913633313
k__Bacteria;p__Proteobacteria;c__Betaproteobacteria;o__Burkholderiales;f__Sutterellaceae;g__Parasutterella;s__Parasutterella_excrementihominis	0.0473020817946	0.00732377463492	-0.029681676229	-0.0548915689287	0.00477987800605	-0.0351988479718	-0.0335858196416	0.0214901831122	-0.0295642190996	0.0543507417311	0.0424596612915	-0.0796876549322	-0.0573245607311	-0.0191028724495	-0.00222916207434	0.0378627445236	0.00333137508466	-0.00538788249855	0.0192273968986	-0.00626771287004	0.0105541539615	-0.0286850865223	1.0	-0.0615561491855	-0.0199116026192	0.014438495745	0.00603904785427	-0.0116183019414	-0.0353712403335	-0.00114670993154	-0.0324443750716	-0.0261470680154	-0.00515261267974	0.00458974479724	-0.0162682204555	0.00509461617559	-0.104075099139	-0.0887612256372	-0.0399387041448	-0.0315940404852	0.0172521277273	0.00493784502223	-0.0273917887076	-0.0597942212	-0.0728177882587	-0.0426868752201	0.013453261203	0.00767580565207	0.0317270905674	-0.0308875644721	-0.0486842666388	-0.0210665870991	0.0164128697291	0.024263574439	0.0198261041256	0.0259209126369	-0.0162016515254	-0.0166159457448	0.000727192892904
k__Bacteria;p__Actinobacteria;c__Actinobacteria;o__Bifidobacteriales;f__Bifidobacteriaceae;g__Bifidobacterium;s__Bifidobacterium_adolescentis	-0.0659859997952	0.00304205799851	0.0173667519232	-0.0443580154	-0.00729052820153	-0.113303990708	0.00810592457067	0.00778084761908	-0.00104533784866	-0.00489194738998	0.0489193914081	-0.0292223628697	-0.00684580515447	0.063444176466	0.0461856924926	-0.0343051007223	0.0225487009211	-0.0173907903666	-0.0174033461321	-0.0391931960899	-0.053971614237	0.00771898104734	-0.0615561491855	1.0	-0.0128294966825	0.0241592444249	0.0258246863426	-0.0397107962635	-0.0632905030162	-0.0483728907722	0.00170625451212	0.00749854015511	-0.0173103933223	-0.0152732303888	0.016097438718	-0.0366226112727	-0.0760239402901	0.0658241779324	-0.0321550286597	0.0503698069534	-0.00771340288682	-0.0268201942148	0.012070198219	0.0723699904192	0.0211707539028	0.0178756746229	0.0317211421069	-0.0151009059897	0.0382169133738	-0.0931256479231	0.00928866912732	-0.0146204891081	0.00963781538689	0.00185503667673	0.0106367436388	-0.0393831034818	-0.0367543881015	-0.0038414171515	0.0303969331629
k__Bacteria;p__Firmicutes;c__Clostridia;o__Clostridiales;f__Oscillospiraceae;g__Oscillibacter;s__Oscillibacter_sp._KLE_1745	0.0420269850014	0.00138930602409	-0.0108808700576	0.00396035016481	-0.0199193624143	-0.0221831436021	0.0156164375772	-0.020159397874	-0.00671551347996	-0.000758331382906	-0.0104770484246	0.0135547916168	-0.0346670624103	-0.00201714969576	0.0056659499617	-0.0362849772213	0.031452225815	0.0480668922772	-0.0704611067816	0.0875902919783	-0.0455104365355	0.0225482787438	-0.0199116026192	-0.0128294966825	1.0	-0.016669755051	-0.00610725283522	-0.0504293442651	0.00484345288901	-0.0159027494438	0.0537065199306	0.0304567108502	-0.0106351704513	-0.0382775638342	-0.0205954459304	-0.0201265899911	-0.0486126262144	-0.0482916724039	-0.0177899690062	-0.0383291739422	-0.000184612355243	0.00422500229555	-5.7482914942e-05	-0.0477806534413	0.0164895054002	0.060405367267	-0.0982336474086	-0.0760886682385	0.0128315330651	-0.0549515894394	-0.0320321575531	-0.00865487803891	0.00386177086464	0.0336067411765	-0.0524511338775	-0.0239460662598	-0.0863863359534	0.00939626897474	0.0141274372134
k__Bacteria;p__Bacteroidetes;c__Bacteroidia;o__Bacteroidales;f__Bacteroidaceae;g__Bacteroides;s__Bacteroides_coprophilus	-0.0529585126304	0.0300753756897	-0.0386091976687	0.000368106214627	0.00267670508922	-0.00464976217731	-0.019913866634	-0.0357089216924	-0.0247374414455	-0.0293368422718	-0.0278603446068	-0.067605925624	-0.0157346041333	0.0190991193927	-0.0721755982917	-0.0710896478931	-0.0167928217582	-0.0761336298685	0.036829247872	0.0234763336046	0.0336644081797	0.00600172836652	0.014438495745	0.0241592444249	-0.016669755051	1.0	-0.00200707656296	-0.0070908204216	0.0170237907346	-0.0177554682534	-0.0411495095552	-0.0517678551255	0.0223605544977	-0.0336365797692	-0.0263535929318	0.0227932551224	-0.014648563819	0.0141154570087	-0.0335322407477	-0.0492517553902	0.00460105925019	-0.0453272829807	-0.0487015623666	0.0463335163229	0.0773517700845	0.0104098528669	-0.0103764851265	-0.09372828466	-0.00198815598809	0.00101730693702	0.00279358507296	-0.0172478621133	0.0171956827141	0.00759873637274	0.026512174013	0.00414360511345	0.0330063452856	0.037592417784	-0.0300707232752
k__Bacteria;p__Firmicutes;c__Clostridia;o__Clostridiales;f__Lachnospiraceae;g__Roseburia;s__Roseburia_intestinalis	0.000179919855064	-0.00717393745138	0.0534764733684	-0.0300606349067	0.0937941118348	0.0383693931119	-0.0344956421371	-0.00385071108682	-0.0275965478655	0.0248906696102	0.103270153906	0.0560353228546	0.00961730845125	0.0338769681012	-0.0877408007533	0.0478357854619	-0.112508827995	-0.0186061761637	0.017094502092	-0.00135917435167	0.0520375549062	0.00638255593079	0.00603904785427	0.0258246863426	-0.00610725283522	-0.00200707656296	1.0	0.0700087084947	-0.043887538621	-0.00755479345988	-0.01222305718	-0.0492637713549	0.00189436570526	-0.0430022920751	0.0445723003563	-0.07162581862	-0.0162412149645	-0.0309071758737	0.00295918681134	-0.00157711293839	-0.0360581098918	-0.0478977098416	-0.0172629882885	0.0171288653155	-0.083836552665	-0.0183288938712	0.0761597202322	-0.0315966940271	-0.0214848298546	-0.0264681566371	0.00808821519555	0.0208316534152	-0.0238261743689	0.00896467133829	0.0606946104448	0.0085624775178	0.0251142199873	-0.0276630960264	-0.076312787833
k__Bacteria;p__Firmicutes;c__Clostridia;o__Clostridiales;f__Lachnospiraceae;g__Roseburia;s__Roseburia_hominis	-0.0154054576943	-0.0759986164085	0.00190977720994	-0.0257495982137	-0.01681102566	-0.0497716613137	-0.00293534709888	-0.028154834542	0.0205117982281	-0.0218149731956	-0.0758369340072	0.0198643186867	-0.0135093820472	0.00579112399688	-0.0412725858039	-0.100599714006	-0.0115852479548	0.0113692420683	-0.0203958709883	0.0507975707129	-0.0140291075189	0.0195949419521	-0.0116183019414	-0.0397107962635	-0.0504293442651	-0.0070908204216	0.0700087084947	1.0	0.0323858271107	-0.0201271739746	-0.00132511685467	-0.050687709027	-0.014993390174	-0.0807694856921	0.0730979757507	0.0429248855201	-0.00166955391331	0.0155432610401	-0.082281983494	-0.0226829768679	0.0317708128986	0.0229450959391	0.00716342925655	0.00317566418117	-0.0401356436041	-0.0282327645246	-0.0387531740678	0.01772230825	-0.0699802143378	-0.00373320486466	0.0119523972793	-0.0129116399928	-0.0645805952409	0.0240629444376	-0.0137856575128	0.0274216945055	0.0511633405035	0.024729668867	-0.00114489331216
k__Bacteria;p__Bacteroidetes;c__Bacteroidia;o__Bacteroidales;f__Porphyromonadaceae;g__Parabacteroides;s__Parabacteroides_johnsonii	0.000479744407178	-0.0153450349837	-0.016410048066	-0.0128380829121	0.0346244903688	-0.0259398527157	-0.0354224486749	-0.0391848052519	0.0769292328357	-0.00719291499	-0.0119339773279	-0.0522765085055	0.0127732993614	-0.0155294312881	-0.0255456813182	0.0276125490149	0.0259954050804	-0.091057919871	0.0446717423502	-0.0443140898526	-0.0838128070111	-0.0151586005186	-0.0353712403335	-0.0632905030162	0.00484345288901	0.0170237907346	-0.043887538621	0.0323858271107	1.0	0.00129908814379	0.0324119477341	-0.0252647425073	0.0360300900068	-0.0547133291451	-0.0402418866612	-0.0312093575997	-0.0185057718876	-0.0613052164181	-0.0175998069977	-0.0105106389181	0.0139757957894	0.0484678176571	-0.00777079306239	-0.0266980496314	0.00772857568621	-0.042463969919	0.0630342856951	0.00779698678135	0.02291730045	-0.0566860932443	-0.0554658686831	0.0152728155261	-0.0708612908116	-0.00133755561807	0.00711651504596	-0.0227671174815	-0.0551615298516	0.0347741296177	-0.0160283766144
k__Bacteria;p__Actinobacteria;c__Actinobacteria;o__Bifidobacteriales;f__Bifidobacteriaceae;g__Bifidobacterium;s__Bifidobacterium_longum	0.000473468348481	-0.00105872558579	-0.0506072565738	0.0353248361745	-0.0192119487109	-0.0121060547042	-0.0279870583993	-0.0305569829656	-0.0345313431572	-0.0430844642732	-0.0571735139343	-0.0154833473565	-0.0277126186958	-0.048179157136	-0.00648479424219	0.00384165010024	-0.0366475424349	0.00934369672692	0.0269599744411	-0.0496425110729	0.0334048235057	-0.0472994272674	-0.00114670993154	-0.0483728907722	-0.0159027494438	-0.0177554682534	-0.00755479345988	-0.0201271739746	0.00129908814379	1.0	-0.0237886627622	0.0583581951832	0.0240129860245	0.0403839554414	-0.0485304762414	-0.0100704133931	0.0118235098401	-0.038082361028	0.0872174264782	-0.070111716954	0.0275262467415	-0.00540665910746	0.018557190499	-0.017266127089	0.00919642403278	-0.0544920993303	-0.014296218105	-0.0194650999371	0.0305918572805	-0.0210424911047	-0.0578878537052	-0.0487083222938	0.00565407508069	-0.0299358223297	0.0179266291396	-0.0507597262662	-0.0471263892435	0.0134428786652	-0.0187792481888
