#taxonomy	k__Bacteria;p__Bacteroidetes;c__Bacteroidia;o__Bacteroidales;f__Bacteroidaceae;g__Bacteroides;s__Bacteroides_vulgatus	k__Bacteria;p__Bacteroidetes;c__Bacteroidia;o__Bacteroidales;f__Bacteroidaceae;g__Bacteroides;s__Bacteroides_uniformis	k__Bacteria;p__Bacteroidetes;c__Bacteroidia;o__Bacteroidales;f__Rikenellaceae;g__Alistipes;s__Alistipes_putredinis	k__Bacteria;p__Bacteroidetes;c__Bacteroidia;o__Bacteroidales;f__Prevotellaceae;g__Prevotella;s__Prevotella_copri	k__Bacteria;p__Bacteroidetes;c__Bacteroidia;o__Bacteroidales;f__Bacteroidaceae;g__Bacteroides;s__Bacteroides_stercoris	k__Bacteria;p__Bacteroidetes;c__Bacteroidia;o__Bacteroidales;f__Bacteroidaceae;g__Bacteroides;s__Bacteroides_ovatus	k__Bacteria;p__Bacteroidetes;c__Bacteroidia;o__Bacteroidales;f__Rikenellaceae;g__Alistipes;s__Alistipes_shahii	k__Bacteria;p__Firmicutes;c__Clostridia;o__Clostridiales;f__Ruminococcaceae;g__Faecalibacterium;s__Faecalibacterium_prausnitzii	k__Bacteria;p__Bacteroidetes;c__Bacteroidia;o__Bacteroidales;f__Rikenellaceae;g__Alistipes;s__Alistipes_finegoldii	k__Bacteria;p__Bacteroidetes;c__Bacteroidia;o__Bacteroidales;f__Porphyromonadaceae;g__Parabacteroides;s__Parabacteroides_distasonis	k__Bacteria;p__Bacteroidetes;c__Bacteroidia;o__Bacteroidales;f__Bacteroidaceae;g__Bacteroides;s__Bacteroides_thetaiotaomicron	k__Bacteria;p__Bacteroidetes;c__Bacteroidia;o__Bacteroidales;f__Bacteroidaceae;g__Bacteroides;s__Bacteroides_coprocola	k__Bacteria;p__Bacteroidetes;c__Bacteroidia;o__Bacteroidales;f__Bacteroidaceae;g__Bacteroides;s__Bacteroides_cellulosilyticus	k__Bacteria;p__Bacteroidetes;c__Bacteroidia;o__Bacteroidales;f__Rikenellaceae;g__Alistipes;s__Alistipes_obesi	k__Bacteria;p__Firmicutes;c__Clostridia;o__Clostridiales;f__Lachnospiraceae;g__;s__[Eubacterium]_rectale	k__Bacteria;p__Bacteroidetes;c__Bacteroidia;o__Bacteroidales;f__Bacteroidaceae;g__Bacteroides;s__Bacteroides_plebeius	k__Bacteria;p__Bacteroidetes;c__Bacteroidia;o__Bacteroidales;f__Bacteroidaceae;g__Bacteroides;s__Bacteroides_fragilis	k__Bacteria;p__Proteobacteria;c__Betaproteobacteria;o__Burkholderiales;f__Sutterellaceae;g__Sutterella;s__Sutterella_wadsworthensis	k__Bacteria;p__Bacteroidetes;c__Bacteroidia;o__Bacteroidales;f__Porphyromonadaceae;g__Barnesiella;s__Barnesiella_intestinihominis	k__Bacteria;p__Bacteroidetes;c__Bacteroidia;o__Bacteroidales;f__Odoribacteraceae;g__Odoribacter;s__Odoribacter_splanchnicus	k__Bacteria;p__Bacteroidetes;c__Bacteroidia;o__Bacteroidales;f__Bacteroidaceae;g__Bacteroides;s__Bacteroides_salyersiae	k__Bacteria;p__Firmicutes;c__Clostridia;o__Clostridiales;f__Ruminococcaceae;g__Ruminiclostridium;s__[Eubacterium]_siraeum	k__Bacteria;p__Proteobacteria;c__Betaproteobacteria;o__Burkholderiales;f__Sutterellaceae;g__Parasutterella;s__Parasutterella_excrementihominis	k__Bacteria;p__Actinobacteria;c__Actinobacteria;o__Bifidobacteriales;f__Bifidobacteriaceae;g__Bifidobacterium;s__Bifidobacterium_adolescentis	k__Bacteria;p__Firmicutes;c__Clostridia;o__Clostridiales;f__Oscillospiraceae;g__Oscillibacter;s__Oscillibacter_sp._KLE_1745	k__Bacteria;p__Bacteroidetes;c__Bacteroidia;o__Bacteroidales;f__Bacteroidaceae;g__Bacteroides;s__Bacteroides_coprophilus	k__Bacteria;p__Firmicutes;c__Clostridia;o__Clostridiales;f__Lachnospiraceae;g__Roseburia;s__Roseburia_intestinalis	k__Bacteria;p__Firmicutes;c__Clostridia;o__Clostridiales;f__Lachnospiraceae;g__Roseburia;s__Roseburia_hominis	k__Bacteria;p__Bacteroidetes;c__Bacteroidia;o__Bacteroidales;f__Porphyromonadaceae;g__Parabacteroides;s__Parabacteroides_johnsonii	k__Bacteria;p__Actinobacteria;c__Actinobacteria;o__Bifidobacteriales;f__Bifidobacteriaceae;g__Bifidobacterium;s__Bifidobacterium_longum	k__Bacteria;p__Firmicutes;c__Clostridia;o__Clostridiales;f__;g__Flavonifractor;s__Flavonifractor_plautii	k__Bacteria;p__Firmicutes;c__Clostridia;o__Clostridiales;f__Clostridiaceae;g__Clostridium;s__Clostridium_phoceensis	k__Bacteria;p__Verrucomicrobia;c__Verrucomicrobiae;o__Verrucomicrobiales;f__Akkermansiaceae;g__Akkermansia;s__Akkermansia_muciniphila	k__Bacteria;p__Bacteroidetes;c__Bacteroidia;o__Bacteroidales;f__Prevotellaceae;g__Paraprevotella;s__Paraprevotella_xylaniphila	k__Bacteria;p__Firmicutes;c__Clostridia;o__Clostridiales;f__Ruminococcaceae;g__Ruminococcus;s__Ruminococcus_callidus	k__Bacteria;p__Bacteroidetes;c__Bacteroidia;o__Bacteroidales;f__Rikenellaceae;g__Alistipes;s__Alistipes_senegalensis	k__Bacteria;p__Firmicutes;c__Clostridia;o__Clostridiales;f__Lachnospiraceae;g__Blautia;s__Blautia_sp._KLE_1732	k__Bacteria;p__Bacteroidetes;c__Bacteroidia;o__Bacteroidales;f__Bacteroidaceae;g__Bacteroides;s__Bacteroides_oleiciplenus	k__Bacteria;p__Firmicutes;c__Clostridia;o__Clostridiales;f__Ruminococcaceae;g__Ruminococcus;s__Ruminococcus_bicirculans	k__Bacteria;p__Bacteroidetes;c__Bacteroidia;o__Bacteroidales;f__Bacteroidaceae;g__Bacteroides;s__Bacteroides_fluxus	k__Bacteria;p__Bacteroidetes;c__Bacteroidia;o__Bacteroidales;f__Prevotellaceae;g__Prevotella;s__Prevotella_stercorea	k__Bacteria;p__Firmicutes;c__Clostridia;o__Clostridiales;f__Lachnospiraceae;g__Dorea;s__Dorea_longicatena	k__Bacteria;p__Firmicutes;c__Clostridia;o__Clostridiales;f__Eubacteriaceae;g__Eubacterium;s__[Eubacterium]_eligens	k__Bacteria;p__Firmicutes;c__Clostridia;o__Clostridiales;f__Ruminococcaceae;g__;s__Ruminococcaceae_bacterium_D16	k__Bacteria;p__Firmicutes;c__Clostridia;o__Clostridiales;f__Lachnospiraceae;g__Coprococcus;s__Coprococcus_comes	k__Bacteria;p__Proteobacteria;c__Gammaproteobacteria;o__Enterobacterales;f__Enterobacteriaceae;g__Escherichia;s__Escherichia_coli	k__Bacteria;p__Firmicutes;c__Clostridia;o__Clostridiales;f__Ruminococcaceae;g__Anaerotruncus;s__Anaerotruncus_colihominis	k__Bacteria;p__Firmicutes;c__Clostridia;o__Clostridiales;f__Lachnospiraceae;g__Blautia;s__Blautia_obeum	k__Bacteria;p__Bacteroidetes;c__Bacteroidia;o__Bacteroidales;f__Odoribacteraceae;g__Odoribacter;s__Odoribacter_laneus	k__Bacteria;p__Firmicutes;c__Clostridia;o__Clostridiales;f__Ruminococcaceae;g__Ruminiclostridium;s__[Clostridium]_leptum	k__Bacteria;p__Bacteroidetes;c__Bacteroidia;o__Bacteroidales;f__Porphyromonadaceae;g__Parabacteroides;s__Parabacteroides_goldsteinii	k__Bacteria;p__Firmicutes;c__Clostridia;o__Clostridiales;f__Lachnospiraceae;g__Anaerostipes;s__Anaerostipes_hadrus	k__Bacteria;p__Firmicutes;c__Clostridia;o__Clostridiales;f__Ruminococcaceae;g__Ruminococcus;s__Ruminococcus_lactaris	k__Bacteria;p__Firmicutes;c__Clostridia;o__Clostridiales;f__Clostridiaceae;g__Clostridium;s__Clostridium_sp._L2-50	k__Bacteria;p__Firmicutes;c__Clostridia;o__Clostridiales;f__Clostridiaceae;g__Clostridium;s__Clostridium_sp._M62/1	k__Bacteria;p__Firmicutes;c__Clostridia;o__Clostridiales;f__;g__Intestinimonas;s__Intestinimonas_butyriciproducens	k__Bacteria;p__Actinobacteria;c__Actinobacteria;o__Bifidobacteriales;f__Bifidobacteriaceae;g__Bifidobacterium;s__Bifidobacterium_bifidum	k__Bacteria;p__Firmicutes;c__Negativicutes;o__Veillonellales;f__Veillonellaceae;g__Dialister;s__Dialister_invisus	k__Bacteria;p__Bacteroidetes;c__Bacteroidia;o__Bacteroidales;f__Bacteroidaceae;g__Bacteroides;s__Bacteroides_salanitronis
k__Bacteria;p__Bacteroidetes;c__Bacteroidia;o__Bacteroidales;f__Bacteroidaceae;g__Bacteroides;s__Bacteroides_vulgatus	1.0	0.0248566863201	-0.0964965311912	-0.00342756424961	-0.0132241331183	-0.0294452563074	-0.0838504362635	-0.00362591439777	-0.0315294106516	-0.0312006783766	0.0696443937558	-0.0311197235833	0.00278957358327	0.0267862706737	-0.00751483455424	0.0437707208512	0.0318545442478	0.0209669159888	-0.0310629622499	0.0519813522017	-0.00858861665623	-0.0830830552882	0.0138358859832	-0.0173693957169	-0.0200077122694	-0.0067896116284	0.0156979213409	-0.0696121112597	0.00104444489109	-0.00916668219162	-0.0556972821576	-0.0211165540852	-0.0101308105134	-0.00961385335606	-0.0354858505693	-0.0497673723949	0.0389747018365	-0.0147011626068	-6.56044992157e-05	-0.0357421882053	0.0229424513384	-0.00107833633968	0.0203681125383	-0.00482250301746	0.00796773148726	-0.0021145150523	0.0289587520887	-0.0955141530745	0.0767181825478	-0.011825503404	-0.0619625424923	0.0204117693422	0.040127006899	0.0123800431818	0.0689599670967	-0.0102733876192	-0.0289524298526	-0.0479472610711	-0.0495741698257
k__Bacteria;p__Bacteroidetes;c__Bacteroidia;o__Bacteroidales;f__Bacteroidaceae;g__Bacteroides;s__Bacteroides_uniformis	0.0248566863201	1.0	0.0526533250441	0.0277427218795	0.0616362457128	-0.0186502790211	-0.0278080761101	-0.0576137419547	-0.0325779439365	-0.0133105508676	-0.0223610532567	0.0456613423584	0.0507091144167	-0.00701591135149	0.0413432340608	-0.0430573850307	-0.0360190084248	0.00465862078215	0.0133545110681	0.00835165667568	-0.0513477172452	-0.0482402100808	-0.0365899420194	-0.0489962067763	-0.0680818855427	-0.00550830659553	-0.0207104489767	0.0147784377224	0.0203038455629	-0.0411541134813	-0.0128099095306	-0.0701722439397	0.0197168650639	-0.0211935982421	-0.0114241292075	0.00489955477236	-0.0924080345502	-0.0469197121167	-0.0259367706276	-0.0640489654158	0.0265151085216	-0.0782918482379	0.00190879153144	0.00944180619676	-0.0395249743687	-0.0304695245432	-0.0192704973599	0.0329348525962	-0.0569998504728	0.0211757212203	0.0699904078844	-0.0240940402195	0.0697952887745	-0.0208266287941	-0.00744966658464	-0.0425198188626	-0.00726500799345	-0.00556645326505	0.0353075119384
k__Bacteria;p__Bacteroidetes;c__Bacteroidia;o__Bacteroidales;f__Rikenellaceae;g__Alistipes;s__Alistipes_putredinis	-0.0964965311912	0.0526533250441	1.0	-0.00529788148495	-0.049707350027	-0.0656758984247	-0.0159073759717	-0.0318986261926	0.0181242848575	0.00346167855833	-0.0169387746166	0.0239968689372	0.0202595064301	-0.00162550998429	-0.0315938867537	0.00637709217504	0.0211906978011	0.0292572158667	-0.0990911866096	0.00723997648476	-0.00496590483704	0.0155125654693	0.000265160888844	-0.011029301189	0.0471424183528	0.00242234431912	0.01879629097	-0.0587395023455	0.0027016877696	0.0131188145904	0.00484590140343	0.0105514459996	-0.109583362989	0.00622606793769	0.0475116148208	0.0179196555314	-0.0161399490153	-0.0950971224504	0.00482957487775	0.00582431647206	0.0513234389495	-0.0447682682832	0.0126721659587	-0.0311051538268	-0.0111130120829	0.0356457567919	-0.0144961475288	-0.019675308561	-0.0121062134526	0.0221387458721	-0.0145918539577	-0.0023728878274	-0.0233701583802	0.0315752547605	-0.0399403233311	-0.036643321743	-0.00782008095736	-0.0367633078676	-0.0146245979466
k__Bacteria;p__Bacteroidetes;c__Bacteroidia;o__Bacteroidales;f__Prevotellaceae;g__Prevotella;s__Prevotella_copri	-0.00342756424961	0.0277427218795	-0.00529788148495	1.0	0.0615257747762	0.00193566491401	0.0217871824548	-0.00586726304669	0.0297283570082	0.0440075351641	0.0589193866682	-0.0119099625833	-0.0458319622665	0.00967385379262	-0.070137058093	-0.0036333180305	0.00945915545429	-0.0297289098187	0.0193503591057	-0.0409033993671	-0.0940868713377	-0.0295097495614	0.0197345060038	-0.0131456262607	-0.0196934989558	-0.0165749352129	-0.0731055569012	0.0011099024836	0.00469569353105	0.0154905543508	-0.0261195809281	-0.000860695863112	0.04152999913	-0.026042097095	0.0102463225236	-0.0776314521165	0.0137913475736	0.0762665961543	-0.0303177171491	-0.0567933766849	-0.0342540771626	-0.0699583314014	0.0720051661214	-0.00317585161332	-0.0303936523498	-0.0109734825389	0.0327640773064	-0.045480148825	-0.0227049560405	0.0330626377705	-0.00809380042874	0.00244818169383	-0.026456299133	-0.00728281407737	0.0148507542183	-0.00295133699025	-0.00727478167522	-0.012956361669	-0.0546454632337
k__Bacteria;p__Bacteroidetes;c__Bacteroidia;o__Bacteroidales;f__Bacteroidaceae;g__Bacteroides;s__Bacteroides_stercoris	-0.0132241331183	0.0616362457128	-0.049707350027	0.0615257747762	1.0	0.0735868617054	-0.0165844580081	-0.0423787390666	-0.0273712462533	-0.0347095952706	0.0586764698947	-0.0396030106415	0.0145397131733	-0.0428597264762	0.00477828540516	-0.0337799907764	-0.00585212584265	0.0336585094022	0.0672695796718	0.0259008085934	-0.0341139387728	-0.0272888961041	-0.0190203824615	-0.00789083417814	-0.0119137901787	0.0245225394126	-0.0343939708158	-0.0258340279199	-0.081128552356	-0.0314644769929	-0.0358638484865	0.0194480047313	-0.0285940150047	0.0053843982569	-0.0501084927202	-0.0409362787083	-0.0189948520336	0.0350463914218	0.0486235552906	-0.000751568533494	-0.0382559547802	-0.0337933010393	-0.00842501552614	0.019669275517	-0.0381286506497	-0.0311503804485	0.0342975312246	-0.0206572911555	-0.0709366330901	0.0139449002241	-0.0213005655654	0.0612859820686	-0.0347630727919	-0.0140195662477	-0.00608566417299	-0.00774959767066	-0.0019905420649	0.029936852308	0.0248664662271
k__Bacteria;p__Bacteroidetes;c__Bacteroidia;o__Bacteroidales;f__Bacteroidaceae;g__Bacteroides;s__Bacteroides_ovatus	-0.0294452563074	-0.0186502790211	-0.0656758984247	0.00193566491401	0.0735868617054	1.0	0.0254158098901	0.00998875460861	-0.0372032732882	0.0465297258068	0.0442154583265	0.0351777764318	-0.0449681531285	-0.0159315690298	0.0562503952845	-0.0267304070128	-0.0637950674242	-0.049634573209	0.00984528184909	-0.0422570832929	0.0416305060776	-0.00867844615075	0.073104425056	-0.0335048225345	-0.0636651557182	-0.0829948131318	-0.0287663670917	0.0256102741881	-0.0299935795373	0.0153927143416	0.00042182010062	0.00603387143607	-0.0317471273965	-0.00407778806243	-0.0238987942427	-0.0012789992256	-0.0160647973014	0.00900966416418	-0.0725198467317	0.021833169238	-0.108560295904	-0.028653666264	0.0673482956148	-0.0248595461269	-0.02769792855	-0.0378825662101	0.00385485269319	0.0297482500085	0.0426286090005	-0.00264620730805	-0.00198799861883	-0.0406464977241	-0.0368586200895	-0.0254084288829	-0.00173283667021	-0.0286552549054	0.0228532477706	0.0573928052487	0.00901708050927
k__Bacteria;p__Bacteroidetes;c__Bacteroidia;o__Bacteroidales;f__Rikenellaceae;g__Alistipes;s__Alistipes_shahii	-0.0838504362635	-0.0278080761101	-0.0159073759717	0.0217871824548	-0.0165844580081	0.0254158098901	1.0	-0.0338488736867	-0.0480183557073	-0.0196451930359	0.0156756408507	0.0243592590733	-0.027444772413	-0.000844298433891	0.0306005210119	-0.0296230502134	0.0500740129476	0.0378642236903	-0.0617769468736	-0.00354897876683	-0.0511100524497	0.00368262614227	-0.0517869744182	-0.0251227655642	0.0673689987562	0.0110753418581	-0.0146881842464	0.0266113727401	-0.0325812999956	0.0177521579405	-0.0364342869174	-0.00145012823321	-0.00473532508548	-0.0272785135817	0.00999627818332	0.0425751518089	0.00518531097756	-0.0836013149973	-0.0237523236098	-0.0184394420296	-0.0320403637461	0.0174781655935	-0.0157552308468	-0.037385558784	-0.0162990688096	-0.0371787828243	-0.00879974837004	0.028011326965	-0.0544857193439	0.0366981269209	0.0212023617228	0.00700787225172	-0.0296729875977	-0.0431660123013	0.0421670682271	-0.0218311576846	-0.0215500945227	0.0103292966992	0.00398531774876
k__Bacteria;p__Firmicutes;c__Clostridia;o__Clostridiales;f__Ruminococcaceae;g__Faecalibacterium;s__Faecalibacterium_prausnitzii	-0.00362591439777	-0.0576137419547	-0.0318986261926	-0.00586726304669	-0.0423787390666	0.00998875460861	-0.0338488736867	1.0	0.061469134808	-0.0167880947948	0.0267081469489	0.0599500040796	0.00508931317933	0.0304784913945	-0.0251144462747	-0.034143260628	-0.0156726582734	-0.0346652474077	-0.0212433282757	-0.0307846799377	0.0217067518008	-0.00868698626698	-0.0346075276252	-0.0420964388227	0.013361192425	-0.00682542187683	-0.0382933399516	-0.00221473944913	-0.0497663034749	-0.00307344430193	0.00802923704281	-0.0450390607675	-0.0387890551882	-0.0055555679506	-0.0235831004543	0.0434521232108	0.033165793017	-0.0691931882747	0.00212787060673	0.00171687584316	-0.00350121082001	0.0253500184107	0.0359655011419	0.00349415195011	0.0268220568564	-0.0503900267297	0.00104008576713	-0.0017604856152	-0.0434827137121	-0.0486580184539	-0.00831158418102	-0.0154205101807	0.0344066724027	-0.0418748837102	-0.0304134359386	0.0946414644284	0.0018223298502	0.0323084418752	0.0110324264612
k__Bacteria;p__Bacteroidetes;c__Bacteroidia;o__Bacteroidales;f__Rikenellaceae;g__Alistipes;s__Alistipes_finegoldii	-0.0315294106516	-0.0325779439365	0.0181242848575	0.0297283570082	-0.0273712462533	-0.0372032732882	-0.0480183557073	0.061469134808	1.0	0.0107035432355	-0.000267212833636	-0.0349841109971	0.0271553581055	0.00740363687649	0.0768256461209	0.0595897789274	0.0203268012312	-0.0222929223761	-0.0245058631084	-0.00933592943677	-0.0436130970014	0.0247454078254	0.0485157445198	0.0172948255964	0.0442059256592	0.0432080804603	0.00387120936151	0.0177376291126	-0.010872586572	-0.0266161666034	0.00718366968949	-0.0219085942899	0.00910485635004	-0.0493083373517	-0.0437880625809	-0.0201652296931	0.0216711885142	-0.0293709103433	-0.0490436070183	-0.0652115082947	-0.0351042783976	-0.0361612206495	-0.0355035570438	-0.0064350483182	-0.00759795649604	-0.0228594581467	-0.0234919360907	-0.0525386027155	0.025016782176	-0.0741854368928	0.0492169683407	-0.0140878302519	0.0222055840359	-0.0322922030945	-0.0217210792752	0.0093028617903	-0.0265690857406	0.0232462997116	-0.0580449182861
k__Bacteria;p__Bacteroidetes;c__Bacteroidia;o__Bacteroidales;f__Porphyromonadaceae;g__Parabacteroides;s__Parabacteroides_distasonis	-0.0312006783766	-0.0133105508676	0.00346167855833	0.0440075351641	-0.0347095952706	0.0465297258068	-0.0196451930359	-0.0167880947948	0.0107035432355	1.0	0.0118933287661	0.0286464352082	-0.0789677570627	-0.0884275439779	0.0234066638063	0.0236276559249	-0.0362030671187	-0.0389964144451	0.0191876101134	-0.0479071473109	0.0119388850994	0.0398086316272	-0.0466459723808	0.0318090104461	-0.0396883594768	-0.0693914695967	-0.00972319876396	4.77445840476e-05	0.0291447667471	-0.0161057945892	-0.00474644264949	0.0326271487373	0.0161555163842	-0.0175351791962	0.0106554681595	0.00693284618811	0.0161482230638	0.00379929542249	-0.00822650451122	-0.00560884170297	-0.0430297040655	0.00290203656232	-0.00264050671962	-0.0478113038558	-0.0779953339922	0.0288678904859	-0.0750508618867	-0.0199234102208	0.0240974481403	0.00920309049442	0.00715379321665	-0.000540873139969	-0.0327324257678	-0.0171451590049	-0.0474697073828	-0.000342366395698	-0.000320852855748	-0.00452135676903	-0.0272243570149
k__Bacteria;p__Bacteroidetes;c__Bacteroidia;o__Bacteroidales;f__Bacteroidaceae;g__Bacteroides;s__Bacteroides_thetaiotaomicron	0.0696443937558	-0.0223610532567	-0.0169387746166	0.0589193866682	0.0586764698947	0.0442154583265	0.0156756408507	0.0267081469489	-0.000267212833636	0.0118933287661	1.0	-0.0125933910426	0.0224914310332	-0.0471455164647	-0.0298271770986	0.00384686649435	-0.0366108317098	0.0521762821034	0.0432806799554	-0.0710603820338	-0.0209400275161	-0.00656355978039	-0.0380700391325	0.0690369042195	-0.0988680311766	0.0389060007836	-0.056744104062	0.000263004309554	-0.0168826188355	-0.015721989543	-0.0181252707557	-0.0291249742852	0.00233511692776	0.0125638709434	0.0343752121925	-0.0345873474912	-0.0325058811828	-0.0433715032193	0.0118862722315	-0.0412601376395	-0.0408224643593	0.055300305137	0.00894662643302	0.0163954442073	0.00411971123982	-0.0108749552306	-0.0108647556221	-0.128298035384	-0.00855741663615	-0.0422993698898	-0.0954004543414	-0.0343495665215	0.0131171950929	-0.091480736099	-0.0381858143787	-0.0470516089773	-0.0757091828652	0.010634582289	-0.0474691182484
k__Bacteria;p__Bacteroidetes;c__Bacteroidia;o__Bacteroidales;f__Bacteroidaceae;g__Bacteroides;s__Bacteroides_coprocola	-0.0311197235833	0.0456613423584	0.0239968689372	-0.0119099625833	-0.0396030106415	0.0351777764318	0.0243592590733	0.0599500040796	-0.0349841109971	0.0286464352082	-0.0125933910426	1.0	-0.0437905240825	-0.00233801950365	-0.0113295197486	0.0408739301813	-0.0843716905882	0.0291980732106	0.0340274680061	-0.0118351246245	-0.00943047211202	0.0263025696972	-0.0632980157488	-0.0269691399547	-0.0221572119147	0.0303011401962	-0.011466149947	0.0321259667391	-0.0371772084707	-0.0295617048411	-0.0735697395184	0.00821161280302	0.00733445679291	-0.0423484513979	0.0206743603469	-0.00487135288314	-0.0224829032654	0.0159087119329	0.0215801315223	-0.0281609314281	-0.0470854513504	0.00460340986307	-0.0430747460248	0.016749361417	-0.0685185855055	-0.0568770773627	0.0279794641129	-0.0689400982843	0.0316854925543	-0.00703299079548	0.0194872000492	-0.0433364024712	-0.0407801365739	-0.0145793189012	0.00368579738064	-0.0185296026186	-0.00764620774234	0.00780749320517	0.00787223161766
k__Bacteria;p__Bacteroidetes;c__Bacteroidia;o__Bacteroidales;f__Bacteroidaceae;g__Bacteroides;s__Bacteroides_cellulosilyticus	0.00278957358327	0.0507091144167	0.0202595064301	-0.0458319622665	0.0145397131733	-0.0449681531285	-0.027444772413	0.00508931317933	0.0271553581055	-0.0789677570627	0.0224914310332	-0.0437905240825	1.0	0.00330720558828	-0.00226681985346	-0.00980494682326	0.00762730180759	-0.0494116237616	-0.0181134605444	-0.022316398061	0.057510640727	-0.0361073196454	-0.0587509555547	-0.0158645073455	0.0385748141526	-0.00720494540482	-0.0106174884802	-0.0904039005601	0.0645502453935	-0.0256037002319	0.0429625744634	-0.0557899267639	0.0169693452228	-0.0486397156756	-0.050316515298	-0.031228545282	0.0201182145505	-0.0280051700952	0.0470801039052	-0.0278131182539	-0.0271038086344	0.00417016038773	0.0341105683158	0.028765815417	-0.000985434498467	0.0300302080805	-0.0430051325939	-0.00715051961065	-0.0134895023412	0.0372353595448	-0.058138553188	-0.0509662788377	-0.0642914761869	-0.0418266225269	0.0203938104053	0.0124576940659	-0.0258833262995	0.0241902580272	-0.0181362613184
k__Bacteria;p__Bacteroidetes;c__Bacteroidia;o__Bacteroidales;f__Rikenellaceae;g__Alistipes;s__Alistipes_obesi	0.0267862706737	-0.00701591135149	-0.00162550998429	0.00967385379262	-0.0428597264762	-0.0159315690298	-0.000844298433891	0.0304784913945	0.00740363687649	-0.0884275439779	-0.0471455164647	-0.00233801950365	0.00330720558828	1.0	-0.00640431363711	0.0107838571807	-0.0373644805655	-0.035508383129	0.0262036347637	0.0330113979186	0.0355432656181	-0.0238267227126	-0.0322660349829	0.0146987859492	-0.0425962157585	-0.0685063377727	-0.025219935818	0.01681634245	-0.0177341577153	0.0668360917547	-0.0402185396635	-0.0585444154801	0.0196872664188	0.0333983054293	-0.0482081220368	-0.0635813704101	-0.0427933910538	-0.0265044538707	0.00117988788383	0.0324095583532	3.70759497694e-05	-0.0264024977629	-0.0717712330241	0.00342403300462	-0.01281727758	-0.0601095026788	0.0115870677379	0.0202500782829	-0.0282665197909	0.0506392177949	0.0572934447356	-0.031443299758	-0.0198822301099	-0.0361046658594	0.0312831249428	-0.0317109733947	-0.00399108444511	0.0512449953063	0.0240005439552
k__Bacteria;p__Firmicutes;c__Clostridia;o__Clostridiales;f__Lachnospiraceae;g__;s__[Eubacterium]_rectale	-0.00751483455424	0.0413432340608	-0.0315938867537	-0.070137058093	0.00477828540516	0.0562503952845	0.0306005210119	-0.0251144462747	0.0768256461209	0.0234066638063	-0.0298271770986	-0.0113295197486	-0.00226681985346	-0.00640431363711	1.0	-0.0208515644995	-0.0403197129488	0.0193718717613	-0.0078529525722	-0.0177916714138	-0.0377807986606	-0.0196624677245	-0.0222094200713	0.0129947528307	0.0458856329041	-0.0266435275722	-0.0104775861201	-0.0219853204176	-0.00443999068232	-0.0497646045195	-0.00857303766211	-0.0194876454446	-0.0517953383539	-0.0530964686704	-0.0252742902572	-0.0609528797973	0.0119182241529	-0.0299566324025	0.0258733512579	0.0510912027029	-0.00956124138866	-0.00422334209077	-0.0412575777595	-0.0701514941639	0.0132428121342	-0.0433726599469	-0.0440897887267	0.0238859155478	-0.0627661474781	0.0639610003419	-0.0582749392049	-0.00907309125237	-0.00244834989928	0.0355080776574	-0.0419676551532	-0.0376823680783	0.0506081547629	-0.0228397804466	0.00569717237586
k__Bacteria;p__Bacteroidetes;c__Bacteroidia;o__Bacteroidales;f__Bacteroidaceae;g__Bacteroides;s__Bacteroides_plebeius	0.0437707208512	-0.0430573850307	0.00637709217504	-0.0036333180305	-0.0337799907764	-0.0267304070128	-0.0296230502134	-0.034143260628	0.0595897789274	0.0236276559249	0.00384686649435	0.0408739301813	-0.00980494682326	0.0107838571807	-0.0208515644995	1.0	-0.0903049736526	0.0354305939125	-0.0376925126829	-0.0693369371967	0.0374349175579	0.0350834217705	0.00424876821857	-0.0456088131554	0.0421293334134	-0.0444865961386	0.0883292965698	0.0286972908371	-0.0219132075422	0.0101641805754	-0.0243660944327	-0.00171029302755	0.048151642021	0.0354678708475	0.045604117639	-0.0561888945927	-0.0218872321904	-0.0204596288231	0.00630399740049	-0.0424038975387	-0.0467213772719	-0.0488309425656	-0.0737133484118	-0.063035633757	0.0474063690097	-0.0250864159817	-0.0585430732847	-0.024791790962	0.0372848907677	-0.0557267368446	-0.00642378593215	0.0397582946655	0.0346838020817	-0.00447882393022	0.0557552531275	-0.0202184590326	-0.0261847481481	-0.0654896796876	-0.00906535927328
k__Bacteria;p__Bacteroidetes;c__Bacteroidia;o__Bacteroidales;f__Bacteroidaceae;g__Bacteroides;s__Bacteroides_fragilis	0.0318545442478	-0.0360190084248	0.0211906978011	0.00945915545429	-0.00585212584265	-0.0637950674242	0.0500740129476	-0.0156726582734	0.0203268012312	-0.0362030671187	-0.0366108317098	-0.0843716905882	0.00762730180759	-0.0373644805655	-0.0403197129488	-0.0903049736526	1.0	-0.0978425369166	-0.0540276581694	-0.0498497742145	-0.0378469683744	-0.0163296532939	0.021578437796	-0.0564627281366	-0.0215323514734	0.0353549369136	0.00711452090419	-0.00943843140191	0.0182817227649	-0.0431801579158	-0.0100448279803	0.0960656615723	0.0032617371778	0.00277862711552	0.0120042989851	-0.028594307186	0.0514740865792	0.0219835107247	0.04498671315	-0.0113120395306	-0.0205223206541	-0.0374831411834	0.0379915350412	-0.0643787354124	-0.040237027825	-0.0820599827119	0.0227138956209	0.00120693967681	-0.0324359074623	-0.0510197213611	-0.0320590134054	0.0154830455388	-0.0195401743256	0.024556893619	-0.0215695812076	-0.0458853295401	0.0267219403361	-0.0452051506938	-0.0450339222541
k__Bacteria;p__Proteobacteria;c__Betaproteobacteria;o__Burkholderiales;f__Sutterellaceae;g__Sutterella;s__Sutterella_wadsworthensis	0.0209669159888	0.00465862078215	0.0292572158667	-0.0297289098187	0.0336585094022	-0.049634573209	0.0378642236903	-0.0346652474077	-0.0222929223761	-0.0389964144451	0.0521762821034	0.0291980732106	-0.0494116237616	-0.035508383129	0.0193718717613	0.0354305939125	-0.0978425369166	1.0	-0.0619499662287	-0.0441666603516	0.00519218736591	-0.0020735416044	0.0713356641971	-0.0323202605074	0.00149879155738	-0.0122418289073	0.0398062320947	-0.0478820952807	-0.0610638782942	-0.0212526725877	-0.0410759139537	0.0230475832468	-0.00921062461551	-0.0247449078415	-0.0191565483342	0.0160488158363	-0.00151944666882	0.0194134528715	-0.0524849716697	-0.0267072116637	0.0264269044153	-0.017168126567	-0.0584487747921	-0.029433708537	0.0497064232725	-0.0232204705485	-0.0705231871947	0.000536040986425	-0.00648215187305	-0.0375799531076	-0.0751081138194	-0.0107523258036	-0.0339708110868	-0.0229348057938	-0.0215106482512	0.0879485860334	-0.0235016239844	-0.0478283111652	0.0374761169229
k__Bacteria;p__Bacteroidetes;c__Bacteroidia;o__Bacteroidales;f__Porphyromonadaceae;g__Barnesiella;s__Barnesiella_intestinihominis	-0.0310629622499	0.0133545110681	-0.0990911866096	0.0193503591057	0.0672695796718	0.00984528184909	-0.0617769468736	-0.0212433282757	-0.0245058631084	0.0191876101134	0.0432806799554	0.0340274680061	-0.0181134605444	0.0262036347637	-0.0078529525722	-0.0376925126829	-0.0540276581694	-0.0619499662287	1.0	-0.00339742964343	0.0579303856203	-0.00659102081758	0.00911389887804	-0.0655982155684	0.0176337995949	0.0426402505583	0.00447243113664	0.0512912934403	-0.0584600362632	0.0192483567711	-0.00161395051974	-0.0263903605312	-0.030849669875	0.0334704150119	-0.0531651550199	-0.00568207052403	0.0404774840712	-0.0193480560186	-0.0539709900634	-0.0331907083429	-0.025663835972	0.000762541324402	0.0619912398474	-0.00653384815677	0.0202487244813	-0.0190400945423	-0.0674714528386	-0.0532291502444	0.0357568497354	0.029993190476	-0.0345619973516	0.0755125180975	0.0187284131005	0.0647780767417	-0.064158341216	-0.00613406520273	-0.00546598647459	-0.0443975560562	-0.00788300957137
k__Bacteria;p__Bacteroidetes;c__Bacteroidia;o__Bacteroidales;f__Odoribacteraceae;g__Odoribacter;s__Odoribacter_splanchnicus	0.0519813522017	0.00835165667568	0.00723997648476	-0.0409033993671	0.0259008085934	-0.0422570832929	-0.00354897876683	-0.0307846799377	-0.00933592943677	-0.0479071473109	-0.0710603820338	-0.0118351246245	-0.022316398061	0.0330113979186	-0.0177916714138	-0.0693369371967	-0.0498497742145	-0.0441666603516	-0.00339742964343	1.0	0.00955938572322	-0.0650193437986	0.0254751752411	0.0048165994255	-0.0149233409488	-0.0375152239493	0.00487872336731	-0.049035902692	0.0333474133025	-0.0283786194626	-0.0433231523727	-0.00708830730409	0.0343512587371	-0.0240883211955	0.00713984053959	0.0044694800156	-0.0157486119722	0.00335282180076	0.0123974582912	0.0433610532041	0.0583531443543	0.0150180350501	-0.0439573863867	-0.0587294520208	-0.00119029152789	-0.0214873966059	0.0166301347105	-0.0454924327724	0.0557672257793	-0.000483340624161	0.0417356843945	-0.0675006033653	0.0219228753812	0.0602275561436	-0.00563587206746	0.0307616480752	-0.0616037410383	-0.0650678806427	0.00841446967063
k__Bacteria;p__Bacteroidetes;c__Bacteroidia;o__Bacteroidales;f__Bacteroidaceae;g__Bacteroides;s__Bacteroides_salyersiae	-0.00858861665623	-0.0513477172452	-0.00496590483704	-0.0940868713377	-0.0341139387728	0.0416305060776	-0.0511100524497	0.0217067518008	-0.0436130970014	0.0119388850994	-0.0209400275161	-0.00943047211202	0.057510640727	0.0355432656181	-0.0377807986606	0.0374349175579	-0.0378469683744	0.00519218736591	0.0579303856203	0.00955938572322	1.0	-0.0381407049437	-0.0552558714096	-0.065502116918	-0.0833688043611	0.0214737202796	-0.0123179312239	-0.00477881774054	-0.00604398163281	-0.0785379201082	-0.020594696511	-0.0458411065815	-0.0285450041215	0.0141485381962	0.00231422356181	0.00955546183819	0.00521171616042	0.0160936573687	-0.0634186133366	-0.0477468649795	-0.0449846490037	-0.0326217248503	-0.0408066591443	0.0301254160382	0.0566794437622	0.000685943824305	-0.0543354296282	-0.0300631612326	0.000733977214859	0.0182389927753	0.0315327374061	0.0574182252431	0.0357195894751	-0.0123592653631	-0.0256967440155	0.0248437674548	-0.0244559181563	-0.0392229014132	0.0256951593026
k__Bacteria;p__Firmicutes;c__Clostridia;o__Clostridiales;f__Ruminococcaceae;g__Ruminiclostridium;s__[Eubacterium]_siraeum	-0.0830830552882	-0.0482402100808	0.0155125654693	-0.0295097495614	-0.0272888961041	-0.00867844615075	0.00368262614227	-0.00868698626698	0.0247454078254	0.0398086316272	-0.00656355978039	0.0263025696972	-0.0361073196454	-0.0238267227126	-0.0196624677245	0.0350834217705	-0.0163296532939	-0.0020735416044	-0.00659102081758	-0.0650193437986	-0.0381407049437	1.0	0.0295502258741	-0.0249651059381	-0.0272369028242	-0.0410860419988	0.00754326736044	-0.0191232366962	0.05843209934	-0.0130570379775	-0.0386697536332	-0.00510034369789	-0.0401877743077	-0.0169137771468	0.00935160741474	0.0261476808741	0.0343101899976	0.00427115858564	-0.0111151786749	0.0210457895905	-7.72332752637e-05	-0.0288509129955	-0.0729456344267	0.0335302608016	-0.0152449147363	-0.00309103348409	-0.0428135896513	-0.0113539621022	-0.0576612141109	0.0428993779916	-0.039377235272	0.033018495481	0.0540844852669	-0.00663769099542	-0.0187232177906	0.0498159807181	-0.0447981534288	0.0494160335431	-0.0279703917142
k__Bacteria;p__Proteobacteria;c__Betaproteobacteria;o__Burkholderiales;f__Sutterellaceae;g__Parasutterella;s__Parasutterella_excrementihominis	0.0138358859832	-0.0365899420194	0.000265160888844	0.0197345060038	-0.0190203824615	0.073104425056	-0.0517869744182	-0.0346075276252	0.0485157445198	-0.0466459723808	-0.0380700391325	-0.0632980157488	-0.0587509555547	-0.0322660349829	-0.0222094200713	0.00424876821857	0.021578437796	0.0713356641971	0.00911389887804	0.0254751752411	-0.0552558714096	0.0295502258741	1.0	-0.0478886609025	-0.0461182927755	0.0188872463298	-0.023693030998	0.00697825876169	0.0568954044643	-0.0854244802078	0.00833436979556	-0.00521280995259	-0.0593743983522	0.00230557043109	-0.00954399421111	0.0890905162573	0.0146571289299	0.0265974594037	-0.000970488104106	-0.00427819171343	-0.114380385942	0.0177847604205	-0.0499303454761	0.00560234608265	-0.0559106311186	-0.0363136673563	0.0349598122946	0.0350966696644	-0.00208005015945	0.0336241577937	-0.0120062349301	0.0417635100029	0.0283708375152	-0.002637543053	-0.0246415289727	-0.0480906925206	0.0347372026295	-0.112556199239	-0.0094540902729
k__Bacteria;p__Actinobacteria;c__Actinobacteria;o__Bifidobacteriales;f__Bifidobacteriaceae;g__Bifidobacterium;s__Bifidobacterium_adolescentis	-0.0173693957169	-0.0489962067763	-0.011029301189	-0.0131456262607	-0.00789083417814	-0.0335048225345	-0.0251227655642	-0.0420964388227	0.0172948255964	0.0318090104461	0.0690369042195	-0.0269691399547	-0.0158645073455	0.0146987859492	0.0129947528307	-0.0456088131554	-0.0564627281366	-0.0323202605074	-0.0655982155684	0.0048165994255	-0.065502116918	-0.0249651059381	-0.0478886609025	1.0	-0.037204040918	-0.0511076776968	-0.0543418317036	-0.0622977981352	-0.0594296868503	-0.0166142441683	0.0351161794251	-0.00955896367317	-0.0687873241355	0.0153459095945	-0.0160155989477	-0.0247457944054	0.00814475778289	-0.0848103127588	0.0224277619501	0.0116520460241	0.0365760233309	0.0747640923921	0.0269966496385	-0.0312070603662	-0.00339913657715	0.0123369930605	-0.00374021380695	-0.00533872807962	-0.0158922749557	-0.017634224234	-0.0407574471242	0.0736643533418	-0.0134629895971	0.0493115269602	0.0164519746137	-0.0334263554398	-0.053188324666	0.0418614950604	-0.0354974926263
k__Bacteria;p__Firmicutes;c__Clostridia;o__Clostridiales;f__Oscillospiraceae;g__Oscillibacter;s__Oscillibacter_sp._KLE_1745	-0.0200077122694	-0.0680818855427	0.0471424183528	-0.0196934989558	-0.0119137901787	-0.0636651557182	0.0673689987562	0.013361192425	0.0442059256592	-0.0396883594768	-0.0988680311766	-0.0221572119147	0.0385748141526	-0.0425962157585	0.0458856329041	0.0421293334134	-0.0215323514734	0.00149879155738	0.0176337995949	-0.0149233409488	-0.0833688043611	-0.0272369028242	-0.0461182927755	-0.037204040918	1.0	0.0119684119018	-0.0274220839856	-0.0287166745146	0.0410860107745	0.0226803569254	-0.00917546575789	-0.0270569037626	0.000991128476095	-0.0490662579803	-0.0496818864396	-0.0266597959546	0.028303065935	-0.00619827045571	-0.135325301035	-0.0749004124996	0.0564977715167	-0.000302198609972	0.00753139473073	0.0973977985096	-0.00939595418461	-0.0104715678193	-0.0308787734147	-0.026062828152	-0.0148349536534	0.00698909394153	0.0154921859427	0.0576790341012	-0.0627867714684	0.015962731188	-0.0603924368871	0.0021858381526	-0.0363542406131	0.0203675261901	0.00847745404561
k__Bacteria;p__Bacteroidetes;c__Bacteroidia;o__Bacteroidales;f__Bacteroidaceae;g__Bacteroides;s__Bacteroides_coprophilus	-0.0067896116284	-0.00550830659553	0.00242234431912	-0.0165749352129	0.0245225394126	-0.0829948131318	0.0110753418581	-0.00682542187683	0.0432080804603	-0.0693914695967	0.0389060007836	0.0303011401962	-0.00720494540482	-0.0685063377727	-0.0266435275722	-0.0444865961386	0.0353549369136	-0.0122418289073	0.0426402505583	-0.0375152239493	0.0214737202796	-0.0410860419988	0.0188872463298	-0.0511076776968	0.0119684119018	1.0	-0.0378377642675	-0.000501108924004	0.0309367379152	-0.0259108290399	-0.0166313907924	-0.00073711552338	0.019179648852	-0.0228470759061	0.0132555177942	0.031708472287	-0.121660730495	-0.0206704877942	0.0408237275178	-0.0902423437559	-0.0449420664523	-0.00561323016243	-0.0444938016559	-0.0504435178759	-0.0371307287744	-0.020882660294	0.00704104337005	-0.0872714114055	-0.0132347154035	-0.0382932183461	0.0263104852666	-0.0154054453943	0.0192311086473	-0.00765686434658	-0.028608660705	0.00427975960994	-0.000198863940222	-0.0145729721858	0.035922485708
k__Bacteria;p__Firmicutes;c__Clostridia;o__Clostridiales;f__Lachnospiraceae;g__Roseburia;s__Roseburia_intestinalis	0.0156979213409	-0.0207104489767	0.01879629097	-0.0731055569012	-0.0343939708158	-0.0287663670917	-0.0146881842464	-0.0382933399516	0.0038712093615	-0.00972319876396	-0.056744104062	-0.011466149947	-0.0106174884802	-0.025219935818	-0.0104775861201	0.0883292965698	0.00711452090419	0.0398062320947	0.00447243113664	0.00487872336731	-0.0123179312239	0.00754326736044	-0.023693030998	-0.0543418317036	-0.0274220839856	-0.0378377642675	1.0	0.0303665730784	-0.0467666695322	-0.0332003895864	0.00994421209263	-0.0566847333669	0.0213577079438	0.0223739694969	0.0264028794671	-0.0549610078578	0.0490009534755	-0.0115774059195	-0.0752764622596	0.0542821351814	-0.0511925721743	-0.00529597058552	-0.0157674824551	-0.0457421196614	-0.0143653398567	0.00515863074345	-0.032473011095	-0.0336490508296	-0.0390760425096	-0.058420397642	0.00149727830665	-0.0880175624739	0.0252591392832	-0.0346651459165	0.00743093005288	0.0783998838423	-0.0285051665994	0.0186870135842	0.00605647983139
k__Bacteria;p__Firmicutes;c__Clostridia;o__Clostridiales;f__Lachnospiraceae;g__Roseburia;s__Roseburia_hominis	-0.0696121112597	0.0147784377224	-0.0587395023455	0.0011099024836	-0.0258340279199	0.0256102741881	0.0266113727401	-0.00221473944913	0.0177376291126	4.77445840476e-05	0.000263004309554	0.0321259667391	-0.0904039005601	0.01681634245	-0.0219853204176	0.0286972908371	-0.00943843140191	-0.0478820952807	0.0512912934403	-0.049035902692	-0.00477881774054	-0.0191232366962	0.00697825876169	-0.0622977981352	-0.0287166745146	-0.000501108924004	0.0303665730784	1.0	-0.018357134445	-0.00416486172126	-0.0297688412229	0.0208726168066	-0.00728931334325	0.0289380824051	0.0171879579667	0.00509606739466	-0.0409631453589	-0.0800998967338	0.0127917618534	-0.0286288550213	-0.0108038098608	-0.110801710192	0.0235558293357	0.0620535561189	0.00977760590425	0.0475995076331	-0.0163650992798	-0.00837934015603	-0.0677825186605	-0.00632995571313	-0.0240528277404	0.00268141151932	-0.0973525948808	-0.0192649636205	0.0367514665504	-0.0054000834072	0.0408451539252	0.0513919517953	0.036463310846
k__Bacteria;p__Bacteroidetes;c__Bacteroidia;o__Bacteroidales;f__Porphyromonadaceae;g__Parabacteroides;s__Parabacteroides_johnsonii	0.00104444489109	0.0203038455629	0.0027016877696	0.00469569353105	-0.081128552356	-0.0299935795373	-0.0325812999956	-0.0497663034749	-0.010872586572	0.0291447667471	-0.0168826188355	-0.0371772084707	0.0645502453935	-0.0177341577153	-0.00443999068232	-0.0219132075422	0.0182817227649	-0.0610638782942	-0.0584600362632	0.0333474133025	-0.00604398163281	0.05843209934	0.0568954044643	-0.0594296868503	0.0410860107745	0.0309367379152	-0.0467666695322	-0.018357134445	1.0	0.0469031267432	-0.0430375580496	0.0254304838962	0.00285369066132	0.0312373953982	-0.0422231450704	0.000619299883123	0.00951732951111	-0.0290979714127	0.0123963801884	0.000771130178507	-0.0264340393796	-0.0285681981702	-0.0361879680424	-0.0512904800774	0.0292688176478	0.00647114657282	-0.017984783582	0.00845783811846	-0.0228933474388	0.0428515777276	-0.0447787859036	-0.0403070836268	0.0534419387404	-0.0277914152736	0.00129592544963	-0.0351810063272	2.41165245656e-06	-0.0123914371578	0.00352919397371
k__Bacteria;p__Actinobacteria;c__Actinobacteria;o__Bifidobacteriales;f__Bifidobacteriaceae;g__Bifidobacterium;s__Bifidobacterium_longum	-0.00916668219162	-0.0411541134813	0.0131188145904	0.0154905543508	-0.0314644769929	0.0153927143416	0.0177521579405	-0.00307344430193	-0.0266161666034	-0.0161057945892	-0.015721989543	-0.0295617048411	-0.0256037002319	0.0668360917547	-0.0497646045195	0.0101641805754	-0.0431801579158	-0.0212526725877	0.0192483567711	-0.0283786194626	-0.0785379201082	-0.0130570379775	-0.0854244802078	-0.0166142441683	0.0226803569254	-0.0259108290399	-0.0332003895864	-0.00416486172126	0.0469031267432	1.0	0.0466867781923	0.0384042138112	-0.00377454116742	-0.018153326918	-0.0671729489092	0.0534142704056	0.00762074851406	0.0355797854129	0.0291547264297	0.00577470216371	-0.0505101380396	-0.0116961464716	0.0139332113963	-0.012491884566	0.0551005141207	0.00909819528143	-0.0556412875232	-0.015710495263	-0.0347017781778	0.0381199437024	-0.00130981002393	0.0384814117799	0.00801369314112	-0.00357909258584	0.0661557646337	-0.0137414256685	-0.0386877125668	0.0678812286164	-0.0846009252391
