#taxonomy	k__Bacteria;p__Bacteroidetes;c__Bacteroidia;o__Bacteroidales;f__Bacteroidaceae;g__Bacteroides;s__Bacteroides_vulgatus	k__Bacteria;p__Bacteroidetes;c__Bacteroidia;o__Bacteroidales;f__Bacteroidaceae;g__Bacteroides;s__Bacteroides_uniformis	k__Bacteria;p__Bacteroidetes;c__Bacteroidia;o__Bacteroidales;f__Rikenellaceae;g__Alistipes;s__Alistipes_putredinis	k__Bacteria;p__Bacteroidetes;c__Bacteroidia;o__Bacteroidales;f__Prevotellaceae;g__Prevotella;s__Prevotella_copri	k__Bacteria;p__Bacteroidetes;c__Bacteroidia;o__Bacteroidales;f__Bacteroidaceae;g__Bacteroides;s__Bacteroides_stercoris	k__Bacteria;p__Bacteroidetes;c__Bacteroidia;o__Bacteroidales;f__Bacteroidaceae;g__Bacteroides;s__Bacteroides_ovatus	k__Bacteria;p__Bacteroidetes;c__Bacteroidia;o__Bacteroidales;f__Rikenellaceae;g__Alistipes;s__Alistipes_shahii	k__Bacteria;p__Firmicutes;c__Clostridia;o__Clostridiales;f__Ruminococcaceae;g__Faecalibacterium;s__Faecalibacterium_prausnitzii	k__Bacteria;p__Bacteroidetes;c__Bacteroidia;o__Bacteroidales;f__Rikenellaceae;g__Alistipes;s__Alistipes_finegoldii	k__Bacteria;p__Bacteroidetes;c__Bacteroidia;o__Bacteroidales;f__Porphyromonadaceae;g__Parabacteroides;s__Parabacteroides_distasonis	k__Bacteria;p__Bacteroidetes;c__Bacteroidia;o__Bacteroidales;f__Bacteroidaceae;g__Bacteroides;s__Bacteroides_thetaiotaomicron	k__Bacteria;p__Bacteroidetes;c__Bacteroidia;o__Bacteroidales;f__Bacteroidaceae;g__Bacteroides;s__Bacteroides_coprocola	k__Bacteria;p__Bacteroidetes;c__Bacteroidia;o__Bacteroidales;f__Bacteroidaceae;g__Bacteroides;s__Bacteroides_cellulosilyticus	k__Bacteria;p__Bacteroidetes;c__Bacteroidia;o__Bacteroidales;f__Rikenellaceae;g__Alistipes;s__Alistipes_obesi	k__Bacteria;p__Firmicutes;c__Clostridia;o__Clostridiales;f__Lachnospiraceae;g__;s__[Eubacterium]_rectale	k__Bacteria;p__Bacteroidetes;c__Bacteroidia;o__Bacteroidales;f__Bacteroidaceae;g__Bacteroides;s__Bacteroides_plebeius	k__Bacteria;p__Bacteroidetes;c__Bacteroidia;o__Bacteroidales;f__Bacteroidaceae;g__Bacteroides;s__Bacteroides_fragilis	k__Bacteria;p__Proteobacteria;c__Betaproteobacteria;o__Burkholderiales;f__Sutterellaceae;g__Sutterella;s__Sutterella_wadsworthensis	k__Bacteria;p__Bacteroidetes;c__Bacteroidia;o__Bacteroidales;f__Porphyromonadaceae;g__Barnesiella;s__Barnesiella_intestinihominis	k__Bacteria;p__Bacteroidetes;c__Bacteroidia;o__Bacteroidales;f__Odoribacteraceae;g__Odoribacter;s__Odoribacter_splanchnicus	k__Bacteria;p__Bacteroidetes;c__Bacteroidia;o__Bacteroidales;f__Bacteroidaceae;g__Bacteroides;s__Bacteroides_salyersiae	k__Bacteria;p__Firmicutes;c__Clostridia;o__Clostridiales;f__Ruminococcaceae;g__Ruminiclostridium;s__[Eubacterium]_siraeum	k__Bacteria;p__Proteobacteria;c__Betaproteobacteria;o__Burkholderiales;f__Sutterellaceae;g__Parasutterella;s__Parasutterella_excrementihominis	k__Bacteria;p__Actinobacteria;c__Actinobacteria;o__Bifidobacteriales;f__Bifidobacteriaceae;g__Bifidobacterium;s__Bifidobacterium_adolescentis	k__Bacteria;p__Firmicutes;c__Clostridia;o__Clostridiales;f__Oscillospiraceae;g__Oscillibacter;s__Oscillibacter_sp._KLE_1745	k__Bacteria;p__Bacteroidetes;c__Bacteroidia;o__Bacteroidales;f__Bacteroidaceae;g__Bacteroides;s__Bacteroides_coprophilus	k__Bacteria;p__Firmicutes;c__Clostridia;o__Clostridiales;f__Lachnospiraceae;g__Roseburia;s__Roseburia_intestinalis	k__Bacteria;p__Firmicutes;c__Clostridia;o__Clostridiales;f__Lachnospiraceae;g__Roseburia;s__Roseburia_hominis	k__Bacteria;p__Bacteroidetes;c__Bacteroidia;o__Bacteroidales;f__Porphyromonadaceae;g__Parabacteroides;s__Parabacteroides_johnsonii	k__Bacteria;p__Actinobacteria;c__Actinobacteria;o__Bifidobacteriales;f__Bifidobacteriaceae;g__Bifidobacterium;s__Bifidobacterium_longum	k__Bacteria;p__Firmicutes;c__Clostridia;o__Clostridiales;f__;g__Flavonifractor;s__Flavonifractor_plautii	k__Bacteria;p__Firmicutes;c__Clostridia;o__Clostridiales;f__Clostridiaceae;g__Clostridium;s__Clostridium_phoceensis	k__Bacteria;p__Verrucomicrobia;c__Verrucomicrobiae;o__Verrucomicrobiales;f__Akkermansiaceae;g__Akkermansia;s__Akkermansia_muciniphila	k__Bacteria;p__Bacteroidetes;c__Bacteroidia;o__Bacteroidales;f__Prevotellaceae;g__Paraprevotella;s__Paraprevotella_xylaniphila	k__Bacteria;p__Firmicutes;c__Clostridia;o__Clostridiales;f__Ruminococcaceae;g__Ruminococcus;s__Ruminococcus_callidus	k__Bacteria;p__Bacteroidetes;c__Bacteroidia;o__Bacteroidales;f__Rikenellaceae;g__Alistipes;s__Alistipes_senegalensis	k__Bacteria;p__Firmicutes;c__Clostridia;o__Clostridiales;f__Lachnospiraceae;g__Blautia;s__Blautia_sp._KLE_1732	k__Bacteria;p__Bacteroidetes;c__Bacteroidia;o__Bacteroidales;f__Bacteroidaceae;g__Bacteroides;s__Bacteroides_oleiciplenus	k__Bacteria;p__Firmicutes;c__Clostridia;o__Clostridiales;f__Ruminococcaceae;g__Ruminococcus;s__Ruminococcus_bicirculans	k__Bacteria;p__Bacteroidetes;c__Bacteroidia;o__Bacteroidales;f__Bacteroidaceae;g__Bacteroides;s__Bacteroides_fluxus	k__Bacteria;p__Bacteroidetes;c__Bacteroidia;o__Bacteroidales;f__Prevotellaceae;g__Prevotella;s__Prevotella_stercorea	k__Bacteria;p__Firmicutes;c__Clostridia;o__Clostridiales;f__Lachnospiraceae;g__Dorea;s__Dorea_longicatena	k__Bacteria;p__Firmicutes;c__Clostridia;o__Clostridiales;f__Eubacteriaceae;g__Eubacterium;s__[Eubacterium]_eligens	k__Bacteria;p__Firmicutes;c__Clostridia;o__Clostridiales;f__Ruminococcaceae;g__;s__Ruminococcaceae_bacterium_D16	k__Bacteria;p__Firmicutes;c__Clostridia;o__Clostridiales;f__Lachnospiraceae;g__Coprococcus;s__Coprococcus_comes	k__Bacteria;p__Proteobacteria;c__Gammaproteobacteria;o__Enterobacterales;f__Enterobacteriaceae;g__Escherichia;s__Escherichia_coli	k__Bacteria;p__Firmicutes;c__Clostridia;o__Clostridiales;f__Ruminococcaceae;g__Anaerotruncus;s__Anaerotruncus_colihominis	k__Bacteria;p__Firmicutes;c__Clostridia;o__Clostridiales;f__Lachnospiraceae;g__Blautia;s__Blautia_obeum	k__Bacteria;p__Bacteroidetes;c__Bacteroidia;o__Bacteroidales;f__Odoribacteraceae;g__Odoribacter;s__Odoribacter_laneus	k__Bacteria;p__Firmicutes;c__Clostridia;o__Clostridiales;f__Ruminococcaceae;g__Ruminiclostridium;s__[Clostridium]_leptum	k__Bacteria;p__Bacteroidetes;c__Bacteroidia;o__Bacteroidales;f__Porphyromonadaceae;g__Parabacteroides;s__Parabacteroides_goldsteinii	k__Bacteria;p__Firmicutes;c__Clostridia;o__Clostridiales;f__Lachnospiraceae;g__Anaerostipes;s__Anaerostipes_hadrus	k__Bacteria;p__Firmicutes;c__Clostridia;o__Clostridiales;f__Ruminococcaceae;g__Ruminococcus;s__Ruminococcus_lactaris	k__Bacteria;p__Firmicutes;c__Clostridia;o__Clostridiales;f__Clostridiaceae;g__Clostridium;s__Clostridium_sp._L2-50	k__Bacteria;p__Firmicutes;c__Clostridia;o__Clostridiales;f__Clostridiaceae;g__Clostridium;s__Clostridium_sp._M62/1	k__Bacteria;p__Firmicutes;c__Clostridia;o__Clostridiales;f__;g__Intestinimonas;s__Intestinimonas_butyriciproducens	k__Bacteria;p__Actinobacteria;c__Actinobacteria;o__Bifidobacteriales;f__Bifidobacteriaceae;g__Bifidobacterium;s__Bifidobacterium_bifidum	k__Bacteria;p__Firmicutes;c__Negativicutes;o__Veillonellales;f__Veillonellaceae;g__Dialister;s__Dialister_invisus	k__Bacteria;p__Bacteroidetes;c__Bacteroidia;o__Bacteroidales;f__Bacteroidaceae;g__Bacteroides;s__Bacteroides_salanitronis
k__Bacteria;p__Bacteroidetes;c__Bacteroidia;o__Bacteroidales;f__Bacteroidaceae;g__Bacteroides;s__Bacteroides_vulgatus	1.0	0.0277327278498	-0.0212087976969	-0.0272991237346	0.00463972881909	-0.0036089642586	0.0691537217687	-0.0122849198923	-0.0128800374287	-0.0115256505286	-0.00663237727695	-0.0469590749589	0.0384628170833	0.0563721723944	0.0321638711649	0.00329170291688	0.0209305428679	0.000876666633352	0.00136031635077	0.00754726766413	0.00496947916511	-0.0136383829891	-0.0458824154943	-0.000756229924853	-0.0383894245705	-0.0139951754001	-0.0121249375639	-0.0355350425071	-0.0591382162711	-0.0746601454907	-0.0436671425948	-0.0415605354571	-0.01174702398	-0.0411931707866	-0.0623929833494	-0.0610970995025	-0.0400319183333	0.0232971977929	-0.0029269278571	-0.0013952830438	0.0672398255118	-0.037694618505	0.00874584269993	-0.0242676314037	0.000600141679419	-0.0507861221079	-0.0216234891651	-0.0149451486076	0.00408216494846	-0.123623057127	-0.00042180477024	0.00707767722201	0.0453268295097	0.0569848665127	-0.00865091518279	-0.0369303846353	0.0584588493353	0.0469611169946	0.0425316808154
k__Bacteria;p__Bacteroidetes;c__Bacteroidia;o__Bacteroidales;f__Bacteroidaceae;g__Bacteroides;s__Bacteroides_uniformis	0.0277327278498	1.0	0.000380969380692	-0.0391222385391	-0.0153311822072	0.0235053034827	-0.0279485273137	-0.00485752564853	0.0323836655349	0.0466184452911	-0.0217546106608	-0.0462200345715	0.0144129820043	-0.00913033926715	0.00161077188481	-0.0233273844525	0.00253070800745	-0.0129001117193	-0.00279495005724	-0.097100230256	0.0272520811589	-0.0611036649704	0.0168798468851	0.0100429012623	-0.0184771492646	-0.00234550835927	0.011641418335	-0.0323288865377	-0.0121651785767	0.0392427427963	0.0371145036937	-0.0297214250143	0.0188217051315	-0.0633584428379	-0.00251121780843	0.0250292251728	-0.0182468456862	-0.0205478984602	0.0333145548742	0.000436215787861	-0.0114569730069	0.0532761828769	-0.0472610357136	0.0131171428191	-0.00919118967762	0.0389309738899	-0.0102506165704	-0.0222257080787	0.0204655207847	0.0792230491654	-0.0329367191803	0.00439660476884	0.0365052628909	0.0241961517465	-0.0116698230097	0.0623958879955	-0.00604010541343	0.0181849383419	-0.0116478434188
k__Bacteria;p__Bacteroidetes;c__Bacteroidia;o__Bacteroidales;f__Rikenellaceae;g__Alistipes;s__Alistipes_putredinis	-0.0212087976969	0.000380969380692	1.0	-0.0547382182213	0.0202328859056	0.0071740580146	-0.0204558407698	0.0466822859523	-0.0430158144241	0.0407225126938	-0.032335455604	0.0388691793903	-0.0222254422411	0.0055672157488	-0.0530943785522	0.0194949431628	-0.0548674348837	0.00290414537775	-0.0496654187977	0.0265706958565	-0.00685933829479	0.00794003573812	-0.00779445638599	0.005474194869	-0.0415115779944	-0.0387775650362	-0.0231768575721	0.00513379811301	-0.0194632773512	-0.000624813277132	-0.0153481926279	0.0564764549266	-0.00176371053857	-0.0149377545715	-0.0465683237596	-0.0524561309303	0.0822644161527	-0.0265352781255	0.00782517421455	-0.0133172156051	-0.0360575988681	0.0196503394462	-0.0976810557189	0.0121028493131	-0.0256476084263	0.0128270365156	-0.0208172065982	-0.0284381190618	0.00962530306056	-0.0437097806426	-0.0602996270112	-0.0182217796987	0.000390770796769	0.0254106832739	0.0341192706723	-0.0346743061436	0.00150841786824	-0.0148996868842	-0.0113170273592
k__Bacteria;p__Bacteroidetes;c__Bacteroidia;o__Bacteroidales;f__Prevotellaceae;g__Prevotella;s__Prevotella_copri	-0.0272991237346	-0.0391222385391	-0.0547382182213	1.0	-0.0391341704013	-0.0204403464798	-0.0149797730344	-0.0103697379832	-0.0731080105182	-0.0687199907232	0.0348291029769	0.0446126791183	-0.0237044953523	-0.0602165267829	0.0231023161947	-0.0468922692542	0.0138440137974	-0.0305491898183	0.0314371826455	0.0117110576178	0.0246849134323	0.0567754246213	0.0235078284398	-0.0550640959898	-0.0193179681098	-0.00671306008352	0.0184554404979	0.00119708031774	-0.0464304055065	0.000246992979078	0.0114216207453	-0.0408334510706	-0.00503014442055	-0.0217075365279	0.00021309585344	-0.00748676535002	-0.0320347465626	-0.0298022272764	-0.01330846217	-0.0102802310115	0.0395803867303	0.0564604738741	0.0553554790817	0.0249650968373	-0.00757539812681	-0.00354925400205	-0.036917632662	0.03976574995	0.0223894803625	0.0810621870231	-0.0203185653588	-0.0155631376857	-0.0810889073094	0.0169538202162	-0.0135931195177	-0.0129464123893	0.0117099402709	0.00399337783405	0.0438703515236
k__Bacteria;p__Bacteroidetes;c__Bacteroidia;o__Bacteroidales;f__Bacteroidaceae;g__Bacteroides;s__Bacteroides_stercoris	0.00463972881909	-0.0153311822072	0.0202328859056	-0.0391341704013	1.0	0.0134270263763	-0.0848680549106	-0.0804133145274	0.0213141466909	-0.0951124156608	0.0322365729576	0.0345428220869	-0.0150199809977	0.0107720641395	-0.0597674356492	0.0439743173885	0.0255590344507	0.0284972314591	-0.110683117003	-0.00556188450163	0.057831760946	-0.00552063798376	-0.0732631845351	-0.0463740642953	-0.0729789512428	-0.00472650534954	-0.014195885682	0.00476073927806	-0.0132742121871	-0.0450056578071	-0.017068587738	0.0200191648095	0.0750515825297	0.014043991826	0.0039542623956	0.0233648256417	-0.00799050173678	-0.0343567966063	0.0562678750741	-0.0999668658664	0.0117165543781	-0.00626465476949	-0.0907388208126	-0.0131858126901	0.042140962145	0.00839317437472	-0.0205017019899	-0.00513494146182	0.0124022303039	-0.00941010260033	0.00579118279233	0.0201328052088	0.00559519062883	0.0627189478123	-0.00869438346872	-0.0374326908586	0.0309598834026	-0.0455119425541	0.00674732906953
k__Bacteria;p__Bacteroidetes;c__Bacteroidia;o__Bacteroidales;f__Bacteroidaceae;g__Bacteroides;s__Bacteroides_ovatus	-0.0036089642586	0.0235053034827	0.00717405801461	-0.0204403464798	0.0134270263763	1.0	-0.0102233988302	0.00812292702607	-0.0277159301648	0.0183733595298	-0.0445093161244	0.0136709237326	-0.0395748371066	-0.0417032570548	-0.0234431653944	0.0909819298459	-0.048231037358	-0.0203983082511	-0.026863228853	-0.0153775691908	0.00610909813774	-0.00425791169211	-0.0602481155361	-0.025403542264	0.00532500407436	0.0131741507382	0.0253635461615	0.0633183980807	0.0251393280111	-0.0442976118861	0.00531803946669	-0.0449128488526	-0.0480423856498	0.000802609741805	-0.00433389957497	-0.055170668903	-0.0320402190771	0.00805416192528	-0.039684597095	-0.0296488226306	-0.0134794376402	-0.00716534034101	-0.0260355593825	0.0143064029725	-0.0264446836593	0.0375205454787	-0.0471136883583	-0.0801153898029	0.017813485595	0.0264623129085	0.025496919075	-0.00825276930542	0.0463994470102	-0.0362723364263	-0.0366591137119	-0.0522749198201	-0.0305533778887	-0.0697163506345	-0.0315505167442
k__Bacteria;p__Bacteroidetes;c__Bacteroidia;o__Bacteroidales;f__Rikenellaceae;g__Alistipes;s__Alistipes_shahii	0.0691537217687	-0.0279485273137	-0.0204558407698	-0.0149797730344	-0.0848680549106	-0.0102233988302	1.0	0.0187681893427	0.0621446629363	-0.0385481011916	-0.0604975796305	-0.0255640691826	-0.0389973127715	0.0781410335028	0.0137860724079	-0.0110284241251	-0.000217466535641	-0.0123264623567	-0.0719415128274	0.0315086203397	-0.0668090362159	-0.0565751866669	-0.0402240114005	0.0200546473529	-0.0377154552094	-0.0449787680096	0.00404180955345	-0.0494436964731	0.040346571381	-0.0129285001901	0.0126346967086	-0.0381196316077	0.009917804972	-0.0381534771331	0.029071581679	-0.00389347619787	0.00244916946416	-0.0854953948101	-0.0376339345478	-0.00552451471314	0.00958556036379	0.0687922034657	0.0193021496305	-0.0195233544464	0.0304861385399	-0.0033280099414	0.00511740221967	-0.000472959542335	-0.0300728711761	0.0410342112475	0.0541765543917	-0.0186816911475	0.0263335965873	-0.0477872830862	-0.0788510829856	-0.0338809731756	0.0876002837707	-0.0107363977061	-0.0333936557536
k__Bacteria;p__Firmicutes;c__Clostridia;o__Clostridiales;f__Ruminococcaceae;g__Faecalibacterium;s__Faecalibacterium_prausnitzii	-0.0122849198923	-0.00485752564853	0.0466822859523	-0.0103697379832	-0.0804133145274	0.00812292702607	0.0187681893427	1.0	0.0156183871012	-0.0577079272195	-0.0175343373579	-0.0746122874981	-0.0445588207909	0.00156804753491	-0.0504267405912	-0.00974035706221	0.0689526473123	0.0450305640597	-0.0218663961123	-0.0140526405333	-0.021593107702	-0.0143857592678	0.0417585824485	-0.0364539360071	0.0426685041822	-0.0302230050237	-0.0308031666313	0.0670516776977	0.0242129047883	0.0452947482694	0.00379086911029	-7.55852448358e-05	0.0058300081158	-0.059500103739	0.0434059218557	-0.0583360843161	-0.016953300392	-0.00500988056963	0.0184087358128	-0.0940992491138	-0.0523840759721	0.0306479767672	0.0415848853556	0.00670619527505	-0.0670776945195	-0.00697776462626	-0.0420263542768	-0.054483107892	-0.0407045673172	0.00862397450226	-0.0107792869692	0.0117314908303	0.059702293389	0.0321779067639	0.0499362778093	0.0155795641982	-0.0217486875501	-0.0597525851924	-0.0770873155259
k__Bacteria;p__Bacteroidetes;c__Bacteroidia;o__Bacteroidales;f__Rikenellaceae;g__Alistipes;s__Alistipes_finegoldii	-0.0128800374287	0.0323836655349	-0.0430158144241	-0.0731080105182	0.0213141466909	-0.0277159301648	0.0621446629363	0.0156183871012	1.0	0.00537944937036	-0.0153869763482	-0.0834093482529	-0.104049752648	-0.00369036584595	-0.0631064022486	-0.0506946775881	0.0102715502238	0.00214853230857	0.0431648582108	-0.0505055609633	-0.0398521504919	-0.0547984665202	-0.0162500941508	0.0193881262151	-0.0405390622426	0.00809678962295	0.0458289460466	0.0182882162234	-0.0438460666016	0.00951312502199	0.0445729140959	-0.0161832928254	-0.00622406405527	0.0305738184856	-0.00367937472744	-0.0445074730825	-0.0448837364966	0.0903072063977	0.00356839946957	-0.047248012284	-0.0398031455086	-0.0256271239721	-0.0293725065714	-0.0413520324317	-0.0228446556253	0.0407297891387	0.00656862986914	0.042230891312	0.0196318031887	0.0444867006531	0.0459265853748	0.0144656182017	0.014890985238	-0.0177967310998	0.0108596316994	0.0541002145397	0.00993309569239	-0.0706791996431	-0.022338679207
k__Bacteria;p__Bacteroidetes;c__Bacteroidia;o__Bacteroidales;f__Porphyromonadaceae;g__Parabacteroides;s__Parabacteroides_distasonis	-0.0115256505286	0.0466184452911	0.0407225126938	-0.0687199907232	-0.0951124156608	0.0183733595298	-0.0385481011916	-0.0577079272195	0.00537944937036	1.0	-0.0318255726602	0.00838278462426	-0.0185773149726	-0.040191528856	-0.0138083412596	0.00550733873801	-0.0728868779734	-0.0588856315225	-0.011177602353	0.0275041654329	0.0166746484322	-0.0324239942528	0.0239103648994	0.0102408810103	0.0279333529785	-0.0337050187143	-0.0653990774728	-0.0223274061802	0.0242927773584	0.042312237666	-0.00156961079399	0.0414400971067	-0.00482755006821	-0.0437677923193	-0.0430569616304	-0.0504275458034	0.00505567349461	-0.00469566001816	0.0103323352647	0.0382147604122	0.00727765787744	-0.0153268630978	-0.0148552536088	-0.0294600856428	0.0383065775654	0.0428632023365	-0.0100980190191	-0.0183244478199	-0.049993182236	0.00182455632351	0.00798171983145	-0.0470941441845	-0.0476115399013	0.0551135995248	0.0720977477504	-0.0143967417159	-0.0327505410936	0.00566521362648	-0.0352079294012
k__Bacteria;p__Bacteroidetes;c__Bacteroidia;o__Bacteroidales;f__Bacteroidaceae;g__Bacteroides;s__Bacteroides_thetaiotaomicron	-0.00663237727695	-0.0217546106608	-0.032335455604	0.0348291029769	0.0322365729576	-0.0445093161244	-0.0604975796305	-0.0175343373579	-0.0153869763482	-0.0318255726602	1.0	0.0911621781202	0.023633338049	-0.0105012472294	0.0184206822689	-0.00913342257403	0.0533405384937	-0.0841540437348	-0.0465811006072	0.0289711247798	-0.0153945047814	-0.0195715252633	-0.0221623389906	0.00814508105556	0.0361413204267	0.00503764587001	0.0152599497159	-0.102163848588	-0.0453205674857	-0.113045148434	0.0373760444609	0.00873340462744	-0.0216662444674	0.0251336522155	0.0131772446326	0.0548811366176	-0.0151771593712	0.0167613140712	-0.0302220929972	0.0251641372132	-0.0005415105796	0.0133125705514	-0.0143273578413	-0.0236369689786	0.00273472351537	0.00498937191074	-0.04310309138	0.017636309159	-0.0154749575036	0.00227387122987	0.0182375720765	0.00991020925377	-0.0530312664932	-0.0473599204762	-0.0496482303214	-0.0507539387491	0.0303123276527	-0.00478689193782	0.00253547015314
k__Bacteria;p__Bacteroidetes;c__Bacteroidia;o__Bacteroidales;f__Bacteroidaceae;g__Bacteroides;s__Bacteroides_coprocola	-0.0469590749589	-0.0462200345715	0.0388691793903	0.0446126791183	0.0345428220869	0.0136709237326	-0.0255640691826	-0.0746122874981	-0.0834093482529	0.00838278462426	0.0911621781202	1.0	0.0150557193211	-0.0493998886554	-0.0261691533963	-0.00665257393538	-0.0251156353861	-0.0241424081299	-0.0266955509648	0.0201677129176	-0.0581656912503	0.00619225911581	0.0504402209444	-0.0113136085431	0.046078136945	0.0101437478548	-0.0326767658476	-0.0515881723827	-0.0190596004454	-0.00732674494531	-0.0249003614831	-0.0100616346669	0.0106107108135	-0.0790556125583	0.036597634545	0.0519397016712	0.0207205749072	-0.0619852071389	-0.0531811410011	-0.00377984294714	-0.00301550936065	-0.0104026747352	0.00320529026529	-0.00134643167088	-0.0883167504047	-0.106951470225	0.0341719700357	0.00880777457316	0.0523549211308	-0.0165947546815	-0.0362203638281	-0.056608625268	-0.0384025744188	-0.0517951963583	-0.0551585554907	0.0507654538227	-0.0336574343155	-0.0716613795228	0.0121174569903
k__Bacteria;p__Bacteroidetes;c__Bacteroidia;o__Bacteroidales;f__Bacteroidaceae;g__Bacteroides;s__Bacteroides_cellulosilyticus	0.0384628170833	0.0144129820043	-0.0222254422411	-0.0237044953523	-0.0150199809977	-0.0395748371066	-0.0389973127715	-0.0445588207909	-0.104049752648	-0.0185773149726	0.023633338049	0.0150557193211	1.0	0.0152050458344	-0.0133805229275	0.0229842705275	-0.0256214225665	-0.0117046243766	0.0301189345982	-0.00912049199397	0.029185338037	0.00267851514627	-0.0310922583284	-0.0791489761909	0.12417347377	-0.0146716093531	-0.0563190086016	-0.0164821367399	-0.0383738641795	0.0137416622841	0.0355306029118	-0.0620670081648	0.0303079117411	0.0293183973755	-0.0195213582902	-0.010584263217	-0.0343475275212	-0.0439908497369	0.00186904895003	0.0770548441585	-0.0926936297473	-0.0243971235132	-0.0514019223638	0.0662147531801	0.0943363594473	0.0172989186813	-0.0416369826656	0.0424402026288	-0.0169323325145	0.00867150972306	-0.0152118886188	0.000225080744788	-0.0591779227792	0.0135718394681	0.0463436171653	0.00812979753971	-0.0486012541778	0.0702423696469	-0.000718024225064
k__Bacteria;p__Bacteroidetes;c__Bacteroidia;o__Bacteroidales;f__Rikenellaceae;g__Alistipes;s__Alistipes_obesi	0.0563721723944	-0.00913033926715	0.0055672157488	-0.0602165267829	0.0107720641395	-0.0417032570548	0.0781410335028	0.00156804753491	-0.00369036584595	-0.040191528856	-0.0105012472294	-0.0493998886554	0.0152050458344	1.0	-0.0257279220582	0.0599044388952	-0.0427271350848	-0.00253964417176	-0.045727631161	-0.0738072894198	-0.020936451973	0.00447374621326	-0.0175013710461	-0.0034049676679	0.0129919411259	-0.0558157856561	-0.0262750157136	0.00681479599891	-0.009379755229	0.0152382833192	0.0192192945728	-0.0515818409858	-0.0138682645896	-0.043393696747	-0.0482356345066	-0.00469565263936	-0.0524745799455	0.074096593964	0.0854232796338	-0.0525146395472	-0.0477273217206	-0.0201952619166	-0.026489510668	0.0121793139367	-0.0339237291297	-0.000736783156823	-0.0271586537185	0.01497618423	0.000851102139718	0.0205631238648	0.00996110876196	0.0521646060228	-0.00715147624764	-0.0219651837553	0.0620231386111	0.0552241103618	0.0270219704029	0.00873803877936	0.0127132592014
k__Bacteria;p__Firmicutes;c__Clostridia;o__Clostridiales;f__Lachnospiraceae;g__;s__[Eubacterium]_rectale	0.0321638711649	0.00161077188481	-0.0530943785522	0.0231023161947	-0.0597674356492	-0.0234431653944	0.0137860724079	-0.0504267405912	-0.0631064022486	-0.0138083412596	0.0184206822689	-0.0261691533963	-0.0133805229275	-0.0257279220582	1.0	0.0258121646312	0.0396165083954	-0.0456499635626	0.0523598176585	-0.00949375921336	-0.0221127282165	0.0205762754299	0.0106760416596	-0.0163590775372	-0.0119976346714	-0.0521979557996	-0.0493538493186	-0.0534030551555	-0.0353122225084	-0.00712921209865	-0.0207975334718	0.0598841871508	0.00294250615044	0.0209889618687	-0.02065147861	0.0246594830039	-0.0291042702093	0.0064074777931	-0.0642911115493	0.00314640946052	0.0078454789316	0.0634815150637	-0.0261946495135	-0.0452210293166	-0.0352981441106	-0.0177205334948	-0.0462385525377	-0.0103421860737	0.0150086908874	-0.0671025940248	0.0153074880208	-0.0245940255863	0.0386481826078	0.0328984619476	-0.0924986396001	0.0458471926767	0.0530037624518	0.0497964464441	-0.0337640251014
k__Bacteria;p__Bacteroidetes;c__Bacteroidia;o__Bacteroidales;f__Bacteroidaceae;g__Bacteroides;s__Bacteroides_plebeius	0.00329170291688	-0.0233273844525	0.0194949431628	-0.0468922692542	0.0439743173885	0.0909819298459	-0.0110284241251	-0.00974035706221	-0.0506946775881	0.00550733873801	-0.00913342257403	-0.00665257393538	0.0229842705275	0.0599044388952	0.0258121646312	1.0	-0.0376410262945	0.0290141626667	-0.0187072958601	-0.0163825741254	-0.0472346115632	0.0346349197858	-0.0312270419959	0.0272677155899	-0.0269105479245	-0.0277949264218	-0.0472763779779	-0.068859036728	-0.0376211912265	0.0375550630932	-0.0288208376186	0.0763507493159	-0.0323642359158	-0.00295423334384	-0.0287510038929	0.0449031181945	-0.0413289699303	0.0215100053384	-0.0523054302232	0.0541345109546	-0.00149008531387	-0.013564743341	-0.0290288189338	-0.00536977441521	-0.0435795528042	-0.00794366957574	0.00704356820697	0.0129255882064	0.0214814119615	-0.0153391357883	-0.0437148375501	-0.0383633831943	0.0389766326921	0.015421685378	-0.0149249643417	-0.0149365225522	-0.00461060848878	-0.048445109759	-0.0581777789992
k__Bacteria;p__Bacteroidetes;c__Bacteroidia;o__Bacteroidales;f__Bacteroidaceae;g__Bacteroides;s__Bacteroides_fragilis	0.0209305428679	0.00253070800745	-0.0548674348837	0.0138440137974	0.0255590344507	-0.048231037358	-0.000217466535641	0.0689526473123	0.0102715502238	-0.0728868779734	0.0533405384937	-0.0251156353861	-0.0256214225665	-0.0427271350848	0.0396165083954	-0.0376410262945	1.0	0.0160354246765	0.0139256991061	-0.0460189377261	-0.0216936390432	-0.0388039086049	-0.0185459408929	0.0218953666971	0.00190488933767	-0.0382121296173	0.005963951459	-0.00303413593042	0.0152025348419	-0.0318709646412	0.0144636462448	-0.0423945126347	-0.0221702886986	0.0184270767438	0.0152447083404	0.0340831017215	-0.0419916298469	-0.0327853412077	-0.119058243494	-0.010616888476	-0.0488095155423	-0.0204393934151	-0.0107544272235	-0.0289633648733	-0.0218303935975	-0.0176304637034	0.0225867981396	-0.00897351922145	-0.00118217473222	-0.0803474528906	-0.0205011127527	0.0313900462237	-0.0180275038004	-0.0572233342266	0.0162133355336	0.0132961675217	-0.013509727248	-0.0221380799401	0.0665871153301
k__Bacteria;p__Proteobacteria;c__Betaproteobacteria;o__Burkholderiales;f__Sutterellaceae;g__Sutterella;s__Sutterella_wadsworthensis	0.000876666633352	-0.0129001117193	0.00290414537775	-0.0305491898183	0.0284972314591	-0.0203983082511	-0.0123264623567	0.0450305640597	0.00214853230857	-0.0588856315225	-0.0841540437348	-0.0241424081299	-0.0117046243766	-0.00253964417176	-0.0456499635626	0.0290141626667	0.0160354246765	1.0	0.00177954403097	0.0332465324709	-0.0297772551384	0.0288939932713	0.022808619255	0.0595223353865	-0.106446517351	0.0155715812477	-0.0174902441527	0.093000755674	0.0288997032069	0.010983738468	0.0166155595399	0.0115421265924	-0.003813347426	-0.0032356789854	0.00186325391812	0.0440428187349	0.00157261570987	0.0251568577662	-0.0286831792635	-0.0410175812297	-0.033342699308	-0.00491535238651	-0.0876305503366	0.0305808686879	-0.0349836792085	-0.0231479661445	0.0543346891949	-0.0328919214975	0.0148306824631	-0.0643848968968	0.0130078346476	-0.0071879231979	0.0626810621519	0.0580069589428	-0.0519992813452	-0.0576833146396	0.0156658022651	0.0429785054503	-0.0140933796023
k__Bacteria;p__Bacteroidetes;c__Bacteroidia;o__Bacteroidales;f__Porphyromonadaceae;g__Barnesiella;s__Barnesiella_intestinihominis	0.00136031635077	-0.00279495005724	-0.0496654187977	0.0314371826455	-0.110683117003	-0.026863228853	-0.0719415128274	-0.0218663961123	0.0431648582108	-0.011177602353	-0.0465811006072	-0.0266955509648	0.0301189345982	-0.045727631161	0.0523598176585	-0.0187072958601	0.0139256991061	0.00177954403097	1.0	0.0133620500198	-0.0392820721026	-0.0511057206489	0.0116599978061	-0.0554923039874	0.00412129394576	0.00540663924544	-0.021268310827	-0.000775178653473	0.0270725278318	0.0335488391584	-0.107296022194	0.00137175139692	0.0494963587234	-0.00367702063244	-0.0485681522337	-0.0395867022247	-0.0264887106508	-0.0452760687843	-0.0428613009782	-0.028348558234	0.0288367935755	-0.0592619055451	0.0268168122012	0.0115184965549	0.0152533515094	-0.0170138441835	0.00947273913934	-0.011922416531	-0.0557871161831	-0.00190621345643	0.0589677415649	0.0290399233511	0.0239380673449	0.036658080968	0.042379313124	0.0894743157656	0.0251923124104	-0.0303113712345	-0.00857212922859
k__Bacteria;p__Bacteroidetes;c__Bacteroidia;o__Bacteroidales;f__Odoribacteraceae;g__Odoribacter;s__Odoribacter_splanchnicus	0.00754726766413	-0.097100230256	0.0265706958565	0.0117110576178	-0.00556188450163	-0.0153775691908	0.0315086203397	-0.0140526405333	-0.0505055609633	0.0275041654329	0.0289711247798	0.0201677129176	-0.00912049199397	-0.0738072894198	-0.00949375921336	-0.0163825741254	-0.0460189377261	0.0332465324709	0.0133620500198	1.0	-0.0215866727644	-0.0276007690847	-0.0112774181094	0.0540172918904	-0.0317793045417	-0.0298895214631	-0.0275188616459	0.0367020930633	0.044094842233	0.0160216588192	-0.00273739423817	-0.0581726758067	-0.0422631291749	-0.00471475809714	0.0313234826196	0.0094956828387	-0.0219710848884	-0.00313684530288	-0.0371365466209	0.0479226550558	-0.00466395588337	-0.00786202756701	-0.0546273454848	0.0243653288611	-0.0200448082929	0.0135266847677	-0.0548088298662	-0.0385101775068	-0.0440396673184	-0.00464592265916	-0.0288770357784	-0.0123466363956	-0.000409694650173	-0.0332602942659	0.041589632753	0.0271299725619	-0.047868348459	-0.0599933505962	0.0155123002259
k__Bacteria;p__Bacteroidetes;c__Bacteroidia;o__Bacteroidales;f__Bacteroidaceae;g__Bacteroides;s__Bacteroides_salyersiae	0.00496947916511	0.0272520811589	-0.00685933829479	0.0246849134323	0.057831760946	0.00610909813774	-0.0668090362159	-0.021593107702	-0.0398521504919	0.0166746484322	-0.0153945047814	-0.0581656912503	0.029185338037	-0.020936451973	-0.0221127282165	-0.0472346115632	-0.0216936390432	-0.0297772551384	-0.0392820721026	-0.0215866727644	1.0	-0.0436335471108	0.101783163661	-0.0307963078193	-0.00344811183076	-0.0269498475345	0.0135250382707	0.00527387567762	0.0281983160267	0.0379800677255	-0.0175087502156	-0.0080540477889	0.0181010934262	0.0140115036958	0.0223215603532	0.0484979918865	-0.0250551645117	-0.011472526903	0.045921636362	-0.00686534134105	0.014758185649	-0.033013870022	-0.034098758653	-0.0157259924997	-0.0807868471114	0.0451852414878	-0.104595839558	0.0103707430699	-0.0307017126663	-0.0440471676407	-0.0426673714449	-0.0558890446493	-0.0454756634516	0.0483930129913	-0.0274117961385	0.00849906351438	-0.0024758226544	0.00767393391684	0.0230052465009
k__Bacteria;p__Firmicutes;c__Clostridia;o__Clostridiales;f__Ruminococcaceae;g__Ruminiclostridium;s__[Eubacterium]_siraeum	-0.0136383829891	-0.0611036649704	0.00794003573812	0.0567754246213	-0.00552063798376	-0.00425791169211	-0.0565751866669	-0.0143857592678	-0.0547984665202	-0.0324239942528	-0.0195715252633	0.00619225911581	0.00267851514627	0.00447374621326	0.0205762754299	0.0346349197858	-0.0388039086049	0.0288939932713	-0.0511057206489	-0.0276007690847	-0.0436335471108	1.0	0.0894573417228	0.0723084651416	-0.0297271968427	-0.0175205316818	-0.0129068761902	0.00273218170516	0.00288734706437	0.0161400796413	-0.0462165525754	-0.00767075428904	0.00470602616695	0.0215945133568	0.0653562179046	-0.00506409762222	0.0650259551177	-0.0214730346402	0.0706981157068	-0.0279141114177	-0.0143549827893	-0.0231184950159	-0.0199201335675	-0.0158837508102	-0.0687237045199	0.0287885529708	-0.00971593253061	-0.0226049679142	-0.0119824372291	0.0264360021134	-0.0284593197552	0.0439518256142	0.00228432763488	-0.0513196085641	-0.0138021276252	-0.0200558941322	-0.0327671575403	0.00520637912619	-0.0258077471942
k__Bacteria;p__Proteobacteria;c__Betaproteobacteria;o__Burkholderiales;f__Sutterellaceae;g__Parasutterella;s__Parasutterella_excrementihominis	-0.0458824154943	0.0168798468851	-0.00779445638599	0.0235078284398	-0.0732631845351	-0.0602481155361	-0.0402240114005	0.0417585824485	-0.0162500941508	0.0239103648994	-0.0221623389906	0.0504402209444	-0.0310922583284	-0.0175013710461	0.0106760416596	-0.0312270419959	-0.0185459408929	0.022808619255	0.0116599978061	-0.0112774181094	0.101783163661	0.0894573417228	1.0	-0.0515558113186	-0.0101540225973	-0.0193465704005	-0.0826461553016	-0.040867433732	-0.0440505663331	0.0395268661917	-0.0151311820799	-0.0268593256306	-0.0506456541951	0.0414365887529	-0.00923243074969	0.00785959251373	-0.0531320896436	0.0345267708307	-0.0552735987877	0.0307302308537	-0.0464311875778	-0.0772523138187	0.0423094424963	-0.00414436748577	0.0662083256424	-0.0122856564249	-0.00328579954635	0.00924938603326	-0.0139269704059	0.0352350123308	-0.0476050984997	-0.0135959976696	0.0188082762655	0.000630942206861	-0.00253906496168	0.0197994596361	0.0609943259915	0.0233629949745	-0.0194157906289
k__Bacteria;p__Actinobacteria;c__Actinobacteria;o__Bifidobacteriales;f__Bifidobacteriaceae;g__Bifidobacterium;s__Bifidobacterium_adolescentis	-0.000756229924853	0.0100429012623	0.005474194869	-0.0550640959898	-0.0463740642953	-0.025403542264	0.0200546473529	-0.0364539360071	0.0193881262151	0.0102408810103	0.00814508105556	-0.0113136085431	-0.0791489761909	-0.0034049676679	-0.0163590775372	0.0272677155899	0.0218953666971	0.0595223353865	-0.0554923039874	0.0540172918904	-0.0307963078193	0.0723084651416	-0.0515558113186	1.0	-0.0246353099879	0.0296541599294	-0.0115697143712	-0.0387786428361	-0.0312172541928	-0.0309676885088	-0.0308744357839	0.0428626188187	-0.0864365008966	-0.0419256593212	-0.0365466370945	0.00869825811325	0.0819719125203	-0.0320451427117	-0.0475630467389	-0.00715686189022	0.0482804973372	-0.025771799642	0.0638327910827	-0.0575613145281	-0.0545979745543	0.0309016581974	-0.0224823196194	-0.0170439539582	-0.0108300096746	-0.0441935920678	0.0137500315623	-0.0174034845374	0.0605663061549	-0.0615594202323	-0.0242084393635	0.0109397526853	-0.0172851969679	0.0164294154054	0.00643500750621
k__Bacteria;p__Firmicutes;c__Clostridia;o__Clostridiales;f__Oscillospiraceae;g__Oscillibacter;s__Oscillibacter_sp._KLE_1745	-0.0383894245705	-0.0184771492646	-0.0415115779944	-0.0193179681098	-0.0729789512428	0.00532500407436	-0.0377154552094	0.0426685041822	-0.0405390622426	0.0279333529785	0.0361413204267	0.046078136945	0.12417347377	0.0129919411259	-0.0119976346714	-0.0269105479245	0.00190488933767	-0.106446517351	0.00412129394576	-0.0317793045417	-0.00344811183076	-0.0297271968427	-0.0101540225973	-0.0246353099879	1.0	-0.0257894685736	0.00576232909016	-0.0238329719903	0.0317222389268	-0.0671861942524	-0.0332054916481	0.0269422870449	-0.0307023369437	-0.00780348421976	0.0268555466975	-0.0388756520603	0.00550108303669	-0.013022803246	-0.0636803310774	-0.00932704240806	0.0666319154769	0.0166173026909	0.0185800134155	-0.0378711279425	0.0137625283004	-0.052977595506	0.053991272681	-0.00771056370229	0.00327519697325	0.0454130794857	0.0101343734932	-0.0266956490291	-0.00329534088633	0.0121929915835	-0.0341387763457	-0.00474363312208	0.0117741192313	-0.0539245919406	0.00209975463474
k__Bacteria;p__Bacteroidetes;c__Bacteroidia;o__Bacteroidales;f__Bacteroidaceae;g__Bacteroides;s__Bacteroides_coprophilus	-0.0139951754001	-0.00234550835927	-0.0387775650362	-0.00671306008352	-0.00472650534954	0.0131741507382	-0.0449787680096	-0.0302230050237	0.00809678962295	-0.0337050187143	0.00503764587001	0.0101437478548	-0.0146716093531	-0.0558157856561	-0.0521979557996	-0.0277949264218	-0.0382121296173	0.0155715812477	0.00540663924544	-0.0298895214631	-0.0269498475345	-0.0175205316818	-0.0193465704005	0.0296541599294	-0.0257894685736	1.0	-0.0265901537135	0.101871767607	-0.0123050462167	-0.0128583587997	-0.0177989464072	0.0248199634198	-0.0179465972987	-0.0478779859067	0.0297078589976	-0.0165818835867	0.019408170168	-0.00618762136936	-0.0363281918143	-0.0208995233872	0.047806220592	0.0264882313945	0.0241862180671	-0.0631122696551	-0.0166426029087	-0.0703313911323	-0.0314712056868	0.0315739908931	0.0111586683174	0.0234585273045	0.0567069835313	-0.0347982192216	0.00180352833014	-0.0238981838161	0.0178838324905	0.0256208721099	0.025289088199	0.0290053956498	-0.0163362244851
k__Bacteria;p__Firmicutes;c__Clostridia;o__Clostridiales;f__Lachnospiraceae;g__Roseburia;s__Roseburia_intestinalis	-0.0121249375639	0.011641418335	-0.0231768575721	0.0184554404979	-0.014195885682	0.0253635461615	0.00404180955345	-0.0308031666313	0.0458289460466	-0.0653990774728	0.0152599497159	-0.0326767658476	-0.0563190086016	-0.0262750157136	-0.0493538493186	-0.0472763779779	0.005963951459	-0.0174902441527	-0.021268310827	-0.0275188616459	0.0135250382707	-0.0129068761902	-0.0826461553016	-0.0115697143712	0.00576232909016	-0.0265901537135	1.0	-0.0120099466241	0.0262900425205	0.0575403453219	0.0339588510007	-0.0281178018391	-0.084994963021	0.0040370339097	-0.035088005611	-0.0104023674426	-0.0590137151244	-0.0666853865081	-0.00467669772128	-0.00921976220879	-0.0447819957844	-0.0089786227744	-0.0400215656885	-0.0430597506889	0.0226433739707	0.0115525105353	0.0431523876496	0.0136313165783	-0.000273795236612	-0.010851020551	0.00300980137557	-0.00731057882885	0.0708485025931	0.057106638594	-0.0390846401515	-0.00878559230709	-0.0369164516955	-0.0760251500846	-0.0209034992377
k__Bacteria;p__Firmicutes;c__Clostridia;o__Clostridiales;f__Lachnospiraceae;g__Roseburia;s__Roseburia_hominis	-0.0355350425071	-0.0323288865377	0.00513379811301	0.00119708031774	0.00476073927806	0.0633183980807	-0.0494436964731	0.0670516776977	0.0182882162234	-0.0223274061802	-0.102163848588	-0.0515881723827	-0.0164821367399	0.00681479599891	-0.0534030551555	-0.068859036728	-0.00303413593042	0.093000755674	-0.000775178653473	0.0367020930633	0.00527387567762	0.00273218170516	-0.040867433732	-0.0387786428361	-0.0238329719903	0.101871767607	-0.0120099466241	1.0	-0.0494938872707	-0.0135709535354	-0.0175777219403	0.0348738851132	-0.0167847343535	-0.00305522107698	0.0292872247255	0.0191019440796	-0.0519818600588	-0.0682837993257	-0.0122869582192	-0.0227990607328	-0.00317681978209	-0.0850819165186	-0.012092127846	0.0727541205254	0.011678814166	0.0409235368258	0.00528313186659	0.0252806852243	-0.0757724777314	0.026245980149	0.0132337427875	0.0760965625393	-0.016419212244	-0.0404144544878	0.0531651651784	0.0126084458491	-0.0276624959525	0.0135260894836	0.00494531687086
k__Bacteria;p__Bacteroidetes;c__Bacteroidia;o__Bacteroidales;f__Porphyromonadaceae;g__Parabacteroides;s__Parabacteroides_johnsonii	-0.0591382162711	-0.0121651785767	-0.0194632773512	-0.0464304055065	-0.0132742121871	0.0251393280111	0.040346571381	0.0242129047883	-0.0438460666016	0.0242927773584	-0.0453205674857	-0.0190596004454	-0.0383738641795	-0.009379755229	-0.0353122225084	-0.0376211912265	0.0152025348419	0.0288997032069	0.0270725278318	0.044094842233	0.0281983160267	0.00288734706437	-0.0440505663331	-0.0312172541928	0.0317222389268	-0.0123050462167	0.0262900425205	-0.0494938872707	1.0	-0.111082520567	0.0283992376528	-0.00801383234544	-0.0689951733664	0.0584048107364	0.0289102242597	-0.0629931352287	0.016673557478	-0.0376938022999	-0.0382922509547	-0.0233267645669	0.0278562109055	0.0232868892395	-0.0515826737695	0.0231454615548	0.00229037602001	-0.0172023207567	0.0561646832507	0.0163441064297	-0.0139499146518	-0.00100039285013	-0.087128416603	-0.0442092606594	0.0208875548267	0.0340683032618	0.00443650402118	-0.0024789257958	-0.0276422019025	-0.0359491092043	-0.0264981516914
k__Bacteria;p__Actinobacteria;c__Actinobacteria;o__Bifidobacteriales;f__Bifidobacteriaceae;g__Bifidobacterium;s__Bifidobacterium_longum	-0.0746601454907	0.0392427427963	-0.000624813277132	0.000246992979078	-0.0450056578071	-0.0442976118861	-0.0129285001901	0.0452947482694	0.00951312502199	0.042312237666	-0.113045148434	-0.00732674494531	0.0137416622841	0.0152382833192	-0.00712921209865	0.0375550630932	-0.0318709646412	0.010983738468	0.0335488391584	0.0160216588192	0.0379800677255	0.0161400796413	0.0395268661917	-0.0309676885088	-0.0671861942524	-0.0128583587997	0.0575403453219	-0.0135709535354	-0.111082520567	1.0	-0.00259714107219	-0.0593282245011	0.0641790324528	-0.0328993234387	-0.0805217752365	-0.0375984015587	-0.0412940303403	-0.0332578484498	-0.00103255746136	0.040245294858	-0.0620274046394	0.0138400455539	-0.0180673637632	0.0265079036384	0.0127485377423	0.0426443216637	-0.00903626893587	-0.0270951065668	-0.0574965419643	0.000248335390554	-0.0570909264837	-0.024158927469	-0.00375058173644	0.0417417021361	0.00376915063806	-0.01894692756	0.0209860561227	0.0362091804201	-0.00104127869578
