#taxonomy	k__Bacteria;p__Bacteroidetes;c__Bacteroidia;o__Bacteroidales;f__Bacteroidaceae;g__Bacteroides;s__Bacteroides_vulgatus	k__Bacteria;p__Bacteroidetes;c__Bacteroidia;o__Bacteroidales;f__Bacteroidaceae;g__Bacteroides;s__Bacteroides_uniformis	k__Bacteria;p__Bacteroidetes;c__Bacteroidia;o__Bacteroidales;f__Rikenellaceae;g__Alistipes;s__Alistipes_putredinis	k__Bacteria;p__Bacteroidetes;c__Bacteroidia;o__Bacteroidales;f__Prevotellaceae;g__Prevotella;s__Prevotella_copri	k__Bacteria;p__Bacteroidetes;c__Bacteroidia;o__Bacteroidales;f__Bacteroidaceae;g__Bacteroides;s__Bacteroides_stercoris	k__Bacteria;p__Bacteroidetes;c__Bacteroidia;o__Bacteroidales;f__Bacteroidaceae;g__Bacteroides;s__Bacteroides_ovatus	k__Bacteria;p__Bacteroidetes;c__Bacteroidia;o__Bacteroidales;f__Rikenellaceae;g__Alistipes;s__Alistipes_shahii	k__Bacteria;p__Firmicutes;c__Clostridia;o__Clostridiales;f__Ruminococcaceae;g__Faecalibacterium;s__Faecalibacterium_prausnitzii	k__Bacteria;p__Bacteroidetes;c__Bacteroidia;o__Bacteroidales;f__Rikenellaceae;g__Alistipes;s__Alistipes_finegoldii	k__Bacteria;p__Bacteroidetes;c__Bacteroidia;o__Bacteroidales;f__Porphyromonadaceae;g__Parabacteroides;s__Parabacteroides_distasonis	k__Bacteria;p__Bacteroidetes;c__Bacteroidia;o__Bacteroidales;f__Bacteroidaceae;g__Bacteroides;s__Bacteroides_thetaiotaomicron	k__Bacteria;p__Bacteroidetes;c__Bacteroidia;o__Bacteroidales;f__Bacteroidaceae;g__Bacteroides;s__Bacteroides_coprocola	k__Bacteria;p__Bacteroidetes;c__Bacteroidia;o__Bacteroidales;f__Bacteroidaceae;g__Bacteroides;s__Bacteroides_cellulosilyticus	k__Bacteria;p__Bacteroidetes;c__Bacteroidia;o__Bacteroidales;f__Rikenellaceae;g__Alistipes;s__Alistipes_obesi	k__Bacteria;p__Firmicutes;c__Clostridia;o__Clostridiales;f__Lachnospiraceae;g__;s__[Eubacterium]_rectale	k__Bacteria;p__Bacteroidetes;c__Bacteroidia;o__Bacteroidales;f__Bacteroidaceae;g__Bacteroides;s__Bacteroides_plebeius	k__Bacteria;p__Bacteroidetes;c__Bacteroidia;o__Bacteroidales;f__Bacteroidaceae;g__Bacteroides;s__Bacteroides_fragilis	k__Bacteria;p__Proteobacteria;c__Betaproteobacteria;o__Burkholderiales;f__Sutterellaceae;g__Sutterella;s__Sutterella_wadsworthensis	k__Bacteria;p__Bacteroidetes;c__Bacteroidia;o__Bacteroidales;f__Porphyromonadaceae;g__Barnesiella;s__Barnesiella_intestinihominis	k__Bacteria;p__Bacteroidetes;c__Bacteroidia;o__Bacteroidales;f__Odoribacteraceae;g__Odoribacter;s__Odoribacter_splanchnicus	k__Bacteria;p__Bacteroidetes;c__Bacteroidia;o__Bacteroidales;f__Bacteroidaceae;g__Bacteroides;s__Bacteroides_salyersiae	k__Bacteria;p__Firmicutes;c__Clostridia;o__Clostridiales;f__Ruminococcaceae;g__Ruminiclostridium;s__[Eubacterium]_siraeum	k__Bacteria;p__Proteobacteria;c__Betaproteobacteria;o__Burkholderiales;f__Sutterellaceae;g__Parasutterella;s__Parasutterella_excrementihominis	k__Bacteria;p__Actinobacteria;c__Actinobacteria;o__Bifidobacteriales;f__Bifidobacteriaceae;g__Bifidobacterium;s__Bifidobacterium_adolescentis	k__Bacteria;p__Firmicutes;c__Clostridia;o__Clostridiales;f__Oscillospiraceae;g__Oscillibacter;s__Oscillibacter_sp._KLE_1745	k__Bacteria;p__Bacteroidetes;c__Bacteroidia;o__Bacteroidales;f__Bacteroidaceae;g__Bacteroides;s__Bacteroides_coprophilus	k__Bacteria;p__Firmicutes;c__Clostridia;o__Clostridiales;f__Lachnospiraceae;g__Roseburia;s__Roseburia_intestinalis	k__Bacteria;p__Firmicutes;c__Clostridia;o__Clostridiales;f__Lachnospiraceae;g__Roseburia;s__Roseburia_hominis	k__Bacteria;p__Bacteroidetes;c__Bacteroidia;o__Bacteroidales;f__Porphyromonadaceae;g__Parabacteroides;s__Parabacteroides_johnsonii	k__Bacteria;p__Actinobacteria;c__Actinobacteria;o__Bifidobacteriales;f__Bifidobacteriaceae;g__Bifidobacterium;s__Bifidobacterium_longum	k__Bacteria;p__Firmicutes;c__Clostridia;o__Clostridiales;f__;g__Flavonifractor;s__Flavonifractor_plautii	k__Bacteria;p__Firmicutes;c__Clostridia;o__Clostridiales;f__Clostridiaceae;g__Clostridium;s__Clostridium_phoceensis	k__Bacteria;p__Verrucomicrobia;c__Verrucomicrobiae;o__Verrucomicrobiales;f__Akkermansiaceae;g__Akkermansia;s__Akkermansia_muciniphila	k__Bacteria;p__Bacteroidetes;c__Bacteroidia;o__Bacteroidales;f__Prevotellaceae;g__Paraprevotella;s__Paraprevotella_xylaniphila	k__Bacteria;p__Firmicutes;c__Clostridia;o__Clostridiales;f__Ruminococcaceae;g__Ruminococcus;s__Ruminococcus_callidus	k__Bacteria;p__Bacteroidetes;c__Bacteroidia;o__Bacteroidales;f__Rikenellaceae;g__Alistipes;s__Alistipes_senegalensis	k__Bacteria;p__Firmicutes;c__Clostridia;o__Clostridiales;f__Lachnospiraceae;g__Blautia;s__Blautia_sp._KLE_1732	k__Bacteria;p__Bacteroidetes;c__Bacteroidia;o__Bacteroidales;f__Bacteroidaceae;g__Bacteroides;s__Bacteroides_oleiciplenus	k__Bacteria;p__Firmicutes;c__Clostridia;o__Clostridiales;f__Ruminococcaceae;g__Ruminococcus;s__Ruminococcus_bicirculans	k__Bacteria;p__Bacteroidetes;c__Bacteroidia;o__Bacteroidales;f__Bacteroidaceae;g__Bacteroides;s__Bacteroides_fluxus	k__Bacteria;p__Bacteroidetes;c__Bacteroidia;o__Bacteroidales;f__Prevotellaceae;g__Prevotella;s__Prevotella_stercorea	k__Bacteria;p__Firmicutes;c__Clostridia;o__Clostridiales;f__Lachnospiraceae;g__Dorea;s__Dorea_longicatena	k__Bacteria;p__Firmicutes;c__Clostridia;o__Clostridiales;f__Eubacteriaceae;g__Eubacterium;s__[Eubacterium]_eligens	k__Bacteria;p__Firmicutes;c__Clostridia;o__Clostridiales;f__Ruminococcaceae;g__;s__Ruminococcaceae_bacterium_D16	k__Bacteria;p__Firmicutes;c__Clostridia;o__Clostridiales;f__Lachnospiraceae;g__Coprococcus;s__Coprococcus_comes	k__Bacteria;p__Proteobacteria;c__Gammaproteobacteria;o__Enterobacterales;f__Enterobacteriaceae;g__Escherichia;s__Escherichia_coli	k__Bacteria;p__Firmicutes;c__Clostridia;o__Clostridiales;f__Ruminococcaceae;g__Anaerotruncus;s__Anaerotruncus_colihominis	k__Bacteria;p__Firmicutes;c__Clostridia;o__Clostridiales;f__Lachnospiraceae;g__Blautia;s__Blautia_obeum	k__Bacteria;p__Bacteroidetes;c__Bacteroidia;o__Bacteroidales;f__Odoribacteraceae;g__Odoribacter;s__Odoribacter_laneus	k__Bacteria;p__Firmicutes;c__Clostridia;o__Clostridiales;f__Ruminococcaceae;g__Ruminiclostridium;s__[Clostridium]_leptum	k__Bacteria;p__Bacteroidetes;c__Bacteroidia;o__Bacteroidales;f__Porphyromonadaceae;g__Parabacteroides;s__Parabacteroides_goldsteinii	k__Bacteria;p__Firmicutes;c__Clostridia;o__Clostridiales;f__Lachnospiraceae;g__Anaerostipes;s__Anaerostipes_hadrus	k__Bacteria;p__Firmicutes;c__Clostridia;o__Clostridiales;f__Ruminococcaceae;g__Ruminococcus;s__Ruminococcus_lactaris	k__Bacteria;p__Firmicutes;c__Clostridia;o__Clostridiales;f__Clostridiaceae;g__Clostridium;s__Clostridium_sp._L2-50	k__Bacteria;p__Firmicutes;c__Clostridia;o__Clostridiales;f__Clostridiaceae;g__Clostridium;s__Clostridium_sp._M62/1	k__Bacteria;p__Firmicutes;c__Clostridia;o__Clostridiales;f__;g__Intestinimonas;s__Intestinimonas_butyriciproducens	k__Bacteria;p__Actinobacteria;c__Actinobacteria;o__Bifidobacteriales;f__Bifidobacteriaceae;g__Bifidobacterium;s__Bifidobacterium_bifidum	k__Bacteria;p__Firmicutes;c__Negativicutes;o__Veillonellales;f__Veillonellaceae;g__Dialister;s__Dialister_invisus	k__Bacteria;p__Bacteroidetes;c__Bacteroidia;o__Bacteroidales;f__Bacteroidaceae;g__Bacteroides;s__Bacteroides_salanitronis
k__Bacteria;p__Bacteroidetes;c__Bacteroidia;o__Bacteroidales;f__Bacteroidaceae;g__Bacteroides;s__Bacteroides_vulgatus	1.0	-0.0754566744884	0.035448740774	-0.0140926495741	-0.0069464295717	0.0152745422528	0.0359719404798	0.033635205774	-0.0499992978182	0.00989347480042	-0.00165749560478	0.0694285588937	0.0166372167135	-0.0190257833596	-0.0223852550629	-0.0370579296521	0.0232762185978	-0.0511980494401	-0.0100578810976	0.000356383664959	0.00790618739283	-0.0309059944478	-0.0171795231882	0.00690493357674	-0.0560823464632	6.36477453625e-05	0.0164641016269	-0.0173552123873	-0.00228768370898	0.0377800590848	0.0206788022198	-0.0348801089106	-0.0124392357619	-0.0178912762087	-0.000664674171583	-0.0386086484801	-0.0114459861014	0.0299577156214	0.00267805806648	-0.083953293373	0.0225959317634	-0.0127528415602	0.00369053237636	-0.0217737408434	-0.062350033037	-0.0309991805642	0.041265411138	0.0502836510495	-0.0104593908067	0.0342486642323	-0.0393712760334	-0.0574929631387	0.0157060775815	-0.0341057168367	0.0254960743642	-0.0575304555078	0.0409127167589	-0.0407951788841	0.0137021649065
k__Bacteria;p__Bacteroidetes;c__Bacteroidia;o__Bacteroidales;f__Bacteroidaceae;g__Bacteroides;s__Bacteroides_uniformis	-0.0754566744884	1.0	0.0798272957367	0.0163765231821	-0.0256297697921	-0.00371270133574	-0.0698727843394	-0.102373468115	-0.100541315522	-0.0360374330504	0.00211383806703	-0.0257618386639	-0.0282381820404	0.0144490266431	-0.043422107603	0.053832084688	0.00812591637867	0.0322823373919	0.0224625595696	-0.0818112695272	0.0202201073127	0.0637554983163	0.016624704965	-0.0206348083918	-0.0303833097959	-2.54943916031e-05	0.0538445865045	-0.0186124989971	0.0281041817531	-0.0430466725095	0.0382484461999	-0.020194106491	-0.0265798255869	0.000215612009463	-0.0116311903048	-0.038835301976	-0.0317801826437	-0.0145281041183	0.0299564649142	-0.0695237330228	0.00440502453502	-0.0321398988692	-0.0495719558063	-0.0752839403086	-0.00358358091842	-0.0287788713143	-0.0675306142956	0.0445653726094	0.00557574361132	0.0397958950581	0.0805712130327	0.0365230674529	-0.0480427498956	-0.026627462882	-0.0308633401831	0.0587129820816	0.00456073277078	0.0525560907206	0.00913775860575
k__Bacteria;p__Bacteroidetes;c__Bacteroidia;o__Bacteroidales;f__Rikenellaceae;g__Alistipes;s__Alistipes_putredinis	0.035448740774	0.0798272957367	1.0	0.0179991218959	0.018191259107	-0.00525203579626	-0.0142666032221	-0.0411821541711	-0.0145197255436	-0.0336493254309	0.0433911482038	-0.0425828549713	-0.02301627626	0.0128490050144	-0.00647738248822	0.0065470978911	-0.0471349356068	0.0227220340271	-0.0538791297577	-0.0266310237025	-0.00544258071126	0.0319516288755	-0.0667996657275	-0.0570973319987	0.000318883916181	-0.0536188646714	0.0128519628212	-0.0277613655015	0.0332779808265	0.0124563280764	0.0475242859825	-0.066597972323	0.0504276759074	0.0125393252124	-0.0652103801993	0.000567424808301	0.0430124082453	-0.0162742600445	-0.0225955377189	-0.0210923995213	0.0341918005109	-0.0216778793708	-0.019542299692	-0.0314067658834	-0.0255127600494	-0.00331637622073	-0.0393823881453	-0.00872182948576	-0.0966798466518	0.0490395084432	-0.00870335008236	-0.00584860153329	-0.0638321881728	-0.0336236500552	0.0280117204315	-0.0111990015953	-0.0438143444718	0.0579664203746	-0.0168862883699
k__Bacteria;p__Bacteroidetes;c__Bacteroidia;o__Bacteroidales;f__Prevotellaceae;g__Prevotella;s__Prevotella_copri	-0.0140926495741	0.0163765231821	0.0179991218959	1.0	0.0588821065638	0.0538385656816	0.00970847243037	-0.0102680744152	0.0223313281053	0.0177899671855	-0.0104119251138	-0.0780568758028	-0.0290502192995	0.0564349476727	-0.0593798395662	-0.00197615318535	-0.0472946968586	0.0321191264284	-0.0154695329605	0.0486716210448	0.00220020557946	-0.0589924851894	0.0520036597308	-0.0320235114863	0.00123936587026	-0.0016789737082	-0.0849364648016	-0.00335087182748	-0.0564933026395	0.041905389858	0.0424106850946	-0.0571347540235	0.0251233162172	-0.0253427125098	0.0283770867599	-0.0990615639538	-0.00981767570064	0.0611140805821	0.052079453798	-0.0606531000815	-0.0769010035533	-0.0817039427305	-0.0345248145229	-0.0898592835174	-0.0400551445744	-0.053353640269	-0.0327740686407	-0.0411896772642	-0.0130215776692	-0.0300493645502	-0.0177451940045	0.0427306233666	0.00276080562522	-0.000526793415649	0.0160423106122	0.0401435336818	-0.000993609123641	0.0293138807415	-0.0487873695133
k__Bacteria;p__Bacteroidetes;c__Bacteroidia;o__Bacteroidales;f__Bacteroidaceae;g__Bacteroides;s__Bacteroides_stercoris	-0.0069464295717	-0.0256297697921	0.018191259107	0.0588821065638	1.0	-0.00505354053474	-0.0464399699057	-0.00839039536965	-0.0610667397137	-0.057865566618	0.0100902567059	0.00146365822692	-0.00107430858442	-0.0123630658124	0.0138741676447	-0.0132200935565	0.010084423809	-0.0296275428219	0.0363201681239	0.0803714781794	-0.0475835494154	-0.00905981855464	-0.060571146583	-0.0964801912167	-0.0270653971258	0.0201599474674	-0.000886606082222	-0.0705581982747	-0.0253654628798	-0.00722834586993	1.55886300592e-05	0.059134081442	0.00848483408854	0.0503607827089	0.0246955306073	-0.0443735148296	0.0178912855383	0.0204596142538	-0.0191117992205	-0.0298577589668	-0.0668929661425	-0.0583962199005	0.0566740446321	-0.0213768597026	0.0145633102863	-0.0347675062796	0.0972899415957	-0.0119149377335	-0.100713631257	-0.00891061976114	0.00138755018394	0.00160509068037	0.00434448141117	0.0378385663946	0.0452134187689	0.0284394362713	-0.0609883334989	-0.0286942643352	-0.101753678994
k__Bacteria;p__Bacteroidetes;c__Bacteroidia;o__Bacteroidales;f__Bacteroidaceae;g__Bacteroides;s__Bacteroides_ovatus	0.0152745422528	-0.00371270133574	-0.00525203579626	0.0538385656816	-0.00505354053474	1.0	-0.0106551759948	-0.0229185275978	0.037021558323	0.01245199057	0.0421346611903	0.0391580925686	-0.000934981499652	0.00895023735886	-0.0421304021414	-0.0117767867954	-0.0295547477531	0.0522707350848	0.0187057669288	0.0401119378408	-0.0297944926059	-0.0153336922253	0.0782170036965	-0.0328480565643	-0.0175162174304	0.0475235412296	0.00334837702293	0.00491381526725	0.0510610106781	-0.029313093967	-0.0325631736504	0.0672893123522	-0.0409560466999	-0.0340167534266	-0.0269585800586	0.0140127844798	-0.0497549992268	0.0188984160819	0.0362864922983	-0.0249606873078	-0.0730702150116	-0.0612849588757	0.0720562287103	-0.0259644561332	-0.0767480644871	0.00250730414775	-0.0504515915997	-0.00172093629451	-0.0724247368934	0.0261207812464	-0.010953929113	-0.0663149346008	-0.073003853024	0.0294452606194	-0.00338959416856	-0.0392186135787	-0.036068426079	0.00261791565778	0.00503976031079
k__Bacteria;p__Bacteroidetes;c__Bacteroidia;o__Bacteroidales;f__Rikenellaceae;g__Alistipes;s__Alistipes_shahii	0.0359719404798	-0.0698727843394	-0.0142666032221	0.00970847243037	-0.0464399699057	-0.0106551759948	1.0	-0.0174725123756	-0.0338410927697	0.0317165570474	-0.0881622989142	-0.0396727491637	-0.0054862614818	-0.00482715623209	0.0164677394429	-0.0399543519369	-0.00572960835661	-0.094593049259	0.0193421331688	0.0558846183091	0.0649749904552	-0.00959383073797	0.0448491753135	-0.0124978727838	-0.059076546203	-0.0299348660314	-0.00945948477854	-0.0204394948302	-0.00212318758984	0.0336334758409	-0.0328311607491	-0.00770856092083	-0.0307667960169	-0.0236526267736	-0.00333475222492	-0.00421875242053	0.00490089398454	-0.0555512745173	0.00631140978429	0.00550692787447	-0.0255246704468	-0.0181865411389	-0.0254230306657	-0.0235494488855	-0.0548085312965	0.0211477447545	0.0883891048934	-0.0275832980498	0.0353110017568	-0.0295681749508	-0.0413718333884	0.0200856240018	0.0587062103606	-0.0384341507418	0.0143027234421	0.0287638289769	-0.0632065176054	-0.0279277849009	0.0284714770294
k__Bacteria;p__Firmicutes;c__Clostridia;o__Clostridiales;f__Ruminococcaceae;g__Faecalibacterium;s__Faecalibacterium_prausnitzii	0.033635205774	-0.102373468115	-0.0411821541711	-0.0102680744152	-0.00839039536966	-0.0229185275978	-0.0174725123756	1.0	-0.0251171156055	0.0717484500131	0.0116746883665	-0.00345059021095	-0.0389593451213	-0.0245033711261	-0.0194359092392	-0.0721358226596	-0.0218568306414	-0.0563704921425	0.00607486456139	-0.025284592737	-0.0192136167408	-0.053894727216	0.0251915959987	-0.0113365661397	-0.0583944115642	0.0247366532508	-0.00941042773902	0.0226512994576	0.0253826082241	-0.00739441365529	-0.083541389359	-0.0286874124586	0.0147753815333	0.00257654481726	-0.0562535347168	0.0691036351122	-0.0285649495088	-0.0290046621595	0.0396448921235	-0.0407407062239	-0.00831520945232	-0.0481232239501	-0.0256305128625	-0.000268804858565	0.0164984150893	0.0552306825448	-0.00485678668221	0.0411603525802	0.0233377649034	-0.0375044130684	0.00280225512811	-0.00447743430113	-0.0318321914023	-0.056198388506	0.0139991471174	-0.0386869729069	0.0744216406639	0.0194716721862	0.0171270944603
k__Bacteria;p__Bacteroidetes;c__Bacteroidia;o__Bacteroidales;f__Rikenellaceae;g__Alistipes;s__Alistipes_finegoldii	-0.0499992978182	-0.100541315522	-0.0145197255436	0.0223313281053	-0.0610667397137	0.037021558323	-0.0338410927697	-0.0251171156055	1.0	-0.0537137284969	-0.00489868145203	0.00872294128241	-0.0013058797362	-0.018298607378	-0.0432174740966	-0.0121476045198	0.00171042195577	-0.0508716980161	-0.040905818394	0.0368378230812	-0.0318444234956	-0.00149388404888	0.0557700263907	-0.0257743936867	0.0166928058419	-0.0205017635364	-0.0211568395657	0.029403636519	0.0158148944615	0.0322298041351	-0.0053043495513	-0.00083858031319	-0.0384834514936	-0.0783438936109	-0.0201084235327	-0.0105172014257	-0.0223648769154	-0.0144749335149	-0.00358406099715	0.0114424169341	0.0136055909855	0.0046859492897	0.0249188863286	-0.0513172913566	-0.0327510865783	-0.0135524890195	-0.0341385095342	-0.0168839045835	0.00142036608137	-0.015667192055	-0.0838197347713	-0.0112734400567	-0.0508481297858	0.0201842560999	0.015316737003	0.0103585152538	-0.00701062860003	-0.0136782591127	-0.0370239436574
k__Bacteria;p__Bacteroidetes;c__Bacteroidia;o__Bacteroidales;f__Porphyromonadaceae;g__Parabacteroides;s__Parabacteroides_distasonis	0.00989347480042	-0.0360374330504	-0.0336493254309	0.0177899671855	-0.057865566618	0.01245199057	0.0317165570474	0.0717484500131	-0.0537137284969	1.0	-0.000332338124662	-0.101511370739	0.00803552970433	-0.0617992199616	0.0156648371203	0.069311305866	-0.00659094078963	0.0323262688778	0.00359966848629	-0.0286299209598	-0.0103659938194	0.0187899566683	-0.0211806312634	-0.00768342085887	-0.0142977314682	-0.00294324192174	-0.0732056411684	-0.0209160484597	0.00700505424592	-0.0474859713327	0.000548346672283	0.115329078605	0.0125710013041	-0.0338373291483	-0.0034831479479	-0.0137935532652	-0.00578842661056	-0.0133112508612	-0.0200395883208	0.0466958709432	-0.0269867571327	0.0387458341359	-0.0310443428825	-0.0595472439881	-0.0200738164914	-0.0112914633086	0.0150427252904	0.0469719468331	-0.0147963287812	-0.0612599288404	-0.00317899527947	-0.0107689150512	0.0342416399708	0.00925558594838	-0.0279571058123	0.00954743775546	-0.0248580944417	-0.0580354168515	-0.0252467606326
k__Bacteria;p__Bacteroidetes;c__Bacteroidia;o__Bacteroidales;f__Bacteroidaceae;g__Bacteroides;s__Bacteroides_thetaiotaomicron	-0.00165749560478	0.00211383806703	0.0433911482038	-0.0104119251138	0.0100902567059	0.0421346611903	-0.0881622989142	0.0116746883665	-0.00489868145203	-0.000332338124662	1.0	0.0299323025588	-0.0388154682128	-0.020819678327	0.00477458998654	-0.0394659807954	-0.0158438115342	-0.017082179629	0.030489793411	-0.0563442684062	0.015404844175	-0.0634441610943	-0.00660348567069	-0.0585257355937	-0.0459575000382	-0.0236051591689	0.00577665415094	0.0195078926722	0.0338758738692	0.0862643631009	-0.0336042204286	0.0171897661459	0.0641520600019	-0.0462090280589	0.000922090245856	-0.0492481819576	-0.0742801455046	-0.0554480416247	-0.0246100136716	-0.0221165170275	0.0403470644593	-0.0486253587924	0.0195895500964	-0.0161200592813	0.0439740120885	0.0285686412016	0.00345749173883	-0.00457492236203	0.00648908097676	0.016801403298	0.00595804138588	-0.0291018858117	-0.00226489600711	-0.0104137502895	0.076974963902	-0.0210454918142	-0.017262357454	-0.0141064322112	-0.0485110854887
k__Bacteria;p__Bacteroidetes;c__Bacteroidia;o__Bacteroidales;f__Bacteroidaceae;g__Bacteroides;s__Bacteroides_coprocola	0.0694285588937	-0.0257618386639	-0.0425828549713	-0.0780568758028	0.00146365822692	0.0391580925686	-0.0396727491637	-0.00345059021095	0.00872294128241	-0.101511370739	0.0299323025588	1.0	0.0190949414163	0.0135871655505	0.00271188606541	-0.039991614464	-0.045648620351	-0.0202845097792	-0.0175187043002	0.0123583697066	0.0603350126422	-0.0443682622428	-0.0192348586363	-0.042207452881	0.0960231522549	0.00920712969747	0.0596022070573	-0.0162803084541	-0.00492686328851	-0.042435948467	-0.00634182522981	-0.0593784202005	0.0392102443191	-0.0830019573617	0.0121753290344	0.0500397752298	0.0397783241663	0.0330714878773	-0.0385767589059	-0.0214414037403	-0.0778808849257	-0.0123546280592	-0.0369971706187	0.000869499017821	0.0417524992172	-0.0635435528493	-0.0309104570108	0.0324636762347	0.0173667522913	-0.0487177086293	0.0257385163877	-0.0188011364224	0.000613014647151	-0.0369353503781	-0.0230443326042	0.00530257363792	-0.00269934292182	-0.0253117302019	0.0376900560649
k__Bacteria;p__Bacteroidetes;c__Bacteroidia;o__Bacteroidales;f__Bacteroidaceae;g__Bacteroides;s__Bacteroides_cellulosilyticus	0.0166372167135	-0.0282381820404	-0.02301627626	-0.0290502192995	-0.00107430858442	-0.000934981499652	-0.0054862614818	-0.0389593451213	-0.0013058797362	0.00803552970433	-0.0388154682128	0.0190949414163	1.0	0.0206712982087	-0.053658675665	0.019726610897	-0.0317680908715	0.0232984031378	-0.0121794254607	-0.0272059346624	-0.0974364205677	-0.00451249314254	0.0370386254187	0.022241316842	0.0295317594405	-0.0522809274307	-0.0174670194419	0.0106949207113	-0.0476491986267	0.0103102290001	0.00916708339732	-0.0359195367657	-0.00873840073084	-0.0410411567112	-0.0357612210741	-0.000468431639671	-0.0347630122302	-0.0215808924521	0.0243058880568	-0.00183461392147	0.047790655119	-0.0006618046224	0.0430630364915	0.0886544396843	0.0144560525797	0.0290543501072	0.0533556754395	-0.0278137247224	0.00837865724263	0.0103109383947	-0.0686403968368	-0.0188009520596	0.0173487809415	-0.00166802048542	0.0169913692352	0.0268694085397	-0.0192979785955	-0.0637403622088	0.0507856328822
k__Bacteria;p__Bacteroidetes;c__Bacteroidia;o__Bacteroidales;f__Rikenellaceae;g__Alistipes;s__Alistipes_obesi	-0.0190257833596	0.0144490266431	0.0128490050144	0.0564349476727	-0.0123630658124	0.00895023735886	-0.00482715623209	-0.0245033711261	-0.018298607378	-0.0617992199616	-0.020819678327	0.0135871655505	0.0206712982087	1.0	-0.0284282981449	0.026412365183	-0.0255579562074	-0.00966813496143	-0.00415349866519	-0.0306515122877	0.0142406494813	0.0296158666539	-0.0276295492276	0.00639424135915	-0.0715647578997	0.000359845132151	-0.0175862088256	0.0259063730825	-0.0396164239164	0.0187492075169	-0.018072496912	-0.0378798855939	-0.0601073082202	0.00897000483765	-0.05357258358	-0.0629112300507	0.00800098506581	-0.0244727446694	-0.0532320096937	0.0273063839673	-0.0514273105131	0.0271399707364	0.0207065089726	-0.0390607643323	0.00723507236543	-0.0306830861301	0.0740042976208	0.0278103959996	-0.0556521985265	-0.0581455113933	-0.0567197624155	-0.0248989292104	0.0202037562807	0.00664898135466	-0.0167979883404	0.0363399327777	0.0837113270834	0.0120986517304	0.0281304039593
k__Bacteria;p__Firmicutes;c__Clostridia;o__Clostridiales;f__Lachnospiraceae;g__;s__[Eubacterium]_rectale	-0.0223852550629	-0.043422107603	-0.00647738248822	-0.0593798395662	0.0138741676447	-0.0421304021414	0.0164677394429	-0.0194359092392	-0.0432174740966	0.0156648371203	0.00477458998654	0.00271188606541	-0.053658675665	-0.0284282981449	1.0	-0.029459270065	-0.0405399050223	-0.0846167386677	-0.0380595309141	0.0289244595129	0.00445455208528	0.0412696550796	0.0366530687402	0.0313099372003	0.032165588877	-0.0817064035111	0.00966139805933	-0.0132812926079	0.0333824107603	-0.0195706248153	-0.0145555131235	-0.00337350893878	0.0259615421916	-0.00256171521794	-0.021726006032	0.0345249705856	-0.0254346866338	-0.12785301916	-0.00340746554569	0.0401881587482	0.00935586145774	-0.0997906983778	0.0361633082142	-0.0558503177536	-0.00450100819021	-0.0228566298737	-0.061012351921	0.0401866472897	-0.00381865844931	0.0139576763631	0.046418504226	0.067620383933	0.0173488649975	-0.0438347268714	0.0281194112446	-0.0228748058658	-0.020111272489	-0.0348233763529	-0.00527606651231
k__Bacteria;p__Bacteroidetes;c__Bacteroidia;o__Bacteroidales;f__Bacteroidaceae;g__Bacteroides;s__Bacteroides_plebeius	-0.0370579296521	0.053832084688	0.0065470978911	-0.00197615318535	-0.0132200935565	-0.0117767867954	-0.0399543519369	-0.0721358226596	-0.0121476045198	0.069311305866	-0.0394659807954	-0.039991614464	0.019726610897	0.026412365183	-0.029459270065	1.0	-0.0172666348364	0.00599469567181	0.0144070735413	-0.0112765394394	-0.00507080600852	-0.0133914026811	-0.0426519712107	0.0328946350773	-0.059477674096	-0.0209966774985	-0.0455035168366	0.000261376701275	0.019345961829	-0.009993252229	-0.0155633675555	-0.0230264402126	0.054593897243	-0.0214645499735	-0.094817776437	-0.025116363987	0.0428502323206	-0.00875290420816	-0.0281501366383	-0.00310708491025	-0.0115040327143	-0.050461730023	-0.0235631038208	0.0532027591052	0.0274252311044	-0.0321759627743	0.0544321301351	-0.00725004405591	-0.0138466394091	-0.0493033047962	0.0295002134076	0.00830296798855	0.00328004844002	-0.0948669315349	-0.0221631991642	-0.0670319930321	-0.0441768939512	0.006849744011	0.0206994725065
k__Bacteria;p__Bacteroidetes;c__Bacteroidia;o__Bacteroidales;f__Bacteroidaceae;g__Bacteroides;s__Bacteroides_fragilis	0.0232762185978	0.00812591637867	-0.0471349356068	-0.0472946968586	0.010084423809	-0.0295547477531	-0.00572960835661	-0.0218568306414	0.00171042195577	-0.00659094078963	-0.0158438115342	-0.045648620351	-0.0317680908715	-0.0255579562074	-0.0405399050223	-0.0172666348364	1.0	-0.0339527142708	-0.0424626880658	0.0195340969731	-0.039914166841	-0.0120498177611	0.0500781136893	-0.0344023151684	-0.0618287248669	-0.0446623023214	0.0191600539429	0.0102526607291	-0.110602615436	0.0531495155567	-0.0245283566617	0.0407758426233	-0.0181074790978	-0.00794986613897	-0.00334197613082	0.0165495117401	0.0481249540746	0.021309602549	-0.0329586852117	-0.0203462583907	0.0618594715545	0.00608989856517	0.0444484666476	0.0116519786933	0.00212539098413	-0.0601244414438	-0.0534703075268	-0.0545703210212	0.0269783592605	-0.00783728391201	-0.068440029476	-0.0589475645568	0.0621487525501	-0.0771064844005	0.0159071829169	0.0380673085476	0.0590168336046	-0.0363419304633	0.00141933844078
k__Bacteria;p__Proteobacteria;c__Betaproteobacteria;o__Burkholderiales;f__Sutterellaceae;g__Sutterella;s__Sutterella_wadsworthensis	-0.0511980494401	0.0322823373919	0.0227220340271	0.0321191264284	-0.0296275428219	0.0522707350848	-0.094593049259	-0.0563704921425	-0.0508716980161	0.0323262688778	-0.017082179629	-0.0202845097792	0.0232984031378	-0.00966813496143	-0.0846167386677	0.00599469567181	-0.0339527142708	1.0	-0.0290728491544	-0.0445260755125	0.00298124283637	-0.0226820138177	0.0578382102164	0.0492051628808	0.0308630389877	0.0498704089337	-0.0306634662916	0.00813248888883	0.0193843991947	-0.0275301418154	-0.056368717309	-0.0126781610232	0.000399171008826	0.048363789688	-0.0436136477368	-0.0068712731725	-0.0415906607929	-0.0159160303928	-0.0400594014903	0.0391233017442	0.000357900595868	-0.029554050151	-0.042878548121	0.0491463899334	-0.0183597873269	-0.00201860351835	0.031160770445	0.082286534655	0.00416429570322	-0.0452560592219	-0.015261661387	-0.0233494599275	-0.0744542676297	-0.0306555225138	0.0366988578717	0.0315024970268	-0.0404629850076	-0.0431023394557	-0.0288244900305
k__Bacteria;p__Bacteroidetes;c__Bacteroidia;o__Bacteroidales;f__Porphyromonadaceae;g__Barnesiella;s__Barnesiella_intestinihominis	-0.0100578810976	0.0224625595696	-0.0538791297577	-0.0154695329605	0.0363201681239	0.0187057669288	0.0193421331688	0.00607486456139	-0.040905818394	0.00359966848629	0.030489793411	-0.0175187043002	-0.0121794254607	-0.00415349866519	-0.0380595309141	0.0144070735413	-0.0424626880658	-0.0290728491544	1.0	0.0208500663496	-0.000319867458459	0.0119595866585	-0.0111517884779	0.0461044668296	-0.00743812012429	-0.0643967458339	0.0239091020894	-0.0607468530601	0.0365079538648	0.0120931508136	-0.0341215108254	0.0535032343832	-0.0191732123746	-0.0499028056739	0.00504501630216	-0.0188663473303	-0.0925189034187	0.0176468252769	-0.0461895799409	0.0106823639085	0.0207976819235	0.0190765480644	-0.00929522351243	0.0249253907848	-0.0148446109261	0.00287698836932	-0.0316150603245	-0.0237558717904	-0.0459265174218	-0.0151512394821	-0.00917126824854	-0.014583446922	-0.0229459198577	-0.0239001664305	-0.0262212504253	-0.000153526598543	-0.0547783321196	-0.0961635067349	0.028041620761
k__Bacteria;p__Bacteroidetes;c__Bacteroidia;o__Bacteroidales;f__Odoribacteraceae;g__Odoribacter;s__Odoribacter_splanchnicus	0.000356383664959	-0.0818112695272	-0.0266310237025	0.0486716210448	0.0803714781794	0.0401119378408	0.0558846183091	-0.025284592737	0.0368378230812	-0.0286299209598	-0.0563442684062	0.0123583697066	-0.0272059346624	-0.0306515122877	0.0289244595129	-0.0112765394394	0.0195340969731	-0.0445260755125	0.0208500663496	1.0	0.000838836553436	-0.026640673696	-0.0669911979673	0.0939826721922	0.0156585542135	0.0417787018186	-0.0773113794704	0.0349602492001	0.0181580954615	-0.00317813894304	-0.0282000352899	-0.0371768721815	-0.025046867724	-0.0128730475383	0.0273788596082	0.015645622736	-0.00334217475415	-0.0595337392215	-0.0184560427058	-0.0075132742474	-0.0653098591198	-0.0153747108495	-0.00383080087299	-0.0617428941461	-0.0464418057443	0.0182707476623	-0.00874491164242	-0.0313187128684	0.0234300355687	0.0198568595522	-0.0770850544158	-0.00538341434302	0.0096927622285	-0.0210382263595	-0.0325110133846	-0.00404012256413	-0.00679787493934	-0.0164216078653	0.0698673746942
k__Bacteria;p__Bacteroidetes;c__Bacteroidia;o__Bacteroidales;f__Bacteroidaceae;g__Bacteroides;s__Bacteroides_salyersiae	0.00790618739283	0.0202201073127	-0.00544258071126	0.00220020557946	-0.0475835494154	-0.0297944926059	0.0649749904552	-0.0192136167408	-0.0318444234956	-0.0103659938194	0.015404844175	0.0603350126422	-0.0974364205677	0.0142406494813	0.00445455208528	-0.00507080600852	-0.039914166841	0.00298124283637	-0.000319867458459	0.000838836553436	1.0	0.0160933704275	-0.0455295730834	-0.0451197681747	-0.0347528865364	-0.00994032404152	-0.071077736515	-0.0408414164296	0.060148325148	-0.0239530102903	-0.0270185017488	0.00735784469159	0.0205176414715	-0.00365198234102	0.0304706880906	0.0167187774916	-0.0622209585799	-0.0527096257449	0.00956580313848	-0.0663898847386	-0.036854418698	-0.0839545850404	0.0167254942655	-0.000210655302214	0.0866284266818	-0.0162959613448	0.0391637605771	-0.0820085389314	-0.0346110337957	-0.0323037163988	-0.0106528652025	-0.0534379223368	-0.041407758237	-0.0710242027321	-0.0180242286511	0.0219030381465	-0.0260135267872	-0.0123910882512	-0.0166218402453
k__Bacteria;p__Firmicutes;c__Clostridia;o__Clostridiales;f__Ruminococcaceae;g__Ruminiclostridium;s__[Eubacterium]_siraeum	-0.0309059944478	0.0637554983163	0.0319516288755	-0.0589924851894	-0.00905981855464	-0.0153336922253	-0.00959383073797	-0.053894727216	-0.00149388404888	0.0187899566683	-0.0634441610943	-0.0443682622428	-0.00451249314254	0.0296158666539	0.0412696550796	-0.0133914026811	-0.0120498177611	-0.0226820138177	0.0119595866585	-0.026640673696	0.0160933704275	1.0	0.0311150779902	-0.0259195582349	-0.0262936214063	-0.0575747764544	0.0298672209381	0.0685904744635	-0.0081669810658	0.027256195212	0.0367689642069	-0.00188786549006	0.0547396335615	0.0243063573624	0.0166943210736	-0.00638665126308	0.0359662784168	-0.0106232206992	-0.0284078263996	-0.00172556177788	0.00501710992899	-0.0291024278363	-0.0413162827013	-0.0613788099632	0.000302444605491	0.05562699213	-0.0690481468694	-0.0525784914982	-0.00770487345267	-0.0512770973341	0.01685028551	-0.0253675528931	-0.0107989675503	-0.0436421366915	-0.0244531798663	0.00668817148351	0.00901535479841	-0.0978025385161	-0.0853785176387
k__Bacteria;p__Proteobacteria;c__Betaproteobacteria;o__Burkholderiales;f__Sutterellaceae;g__Parasutterella;s__Parasutterella_excrementihominis	-0.0171795231882	0.016624704965	-0.0667996657275	0.0520036597308	-0.060571146583	0.0782170036965	0.0448491753135	0.0251915959987	0.0557700263907	-0.0211806312634	-0.00660348567069	-0.0192348586363	0.0370386254187	-0.0276295492276	0.0366530687402	-0.0426519712107	0.0500781136893	0.0578382102164	-0.0111517884779	-0.0669911979673	-0.0455295730834	0.0311150779902	1.0	-0.0776071985991	-0.0239861213021	-0.00613448755537	0.0467279891576	-0.0176112640912	0.0106652414732	-0.0308055585366	-0.0410684780937	-0.0336126142253	-0.0117045244675	-0.0194489246953	0.0153778526003	0.00801665165274	0.0407518703848	-0.0521990474772	-0.0120285844861	0.0161090891054	-0.0142819845354	-0.00410392976043	0.0306499955593	0.00555688459435	0.0135902562056	-0.0517494556071	-0.0599567478639	-0.0315678168657	0.0342248917876	-0.0216069840668	0.00691606731887	-0.031621706577	0.0147336241302	-0.015421944958	0.0576047852985	-0.0151558112929	-0.00188701176069	0.0387295101974	-0.0247740515474
k__Bacteria;p__Actinobacteria;c__Actinobacteria;o__Bifidobacteriales;f__Bifidobacteriaceae;g__Bifidobacterium;s__Bifidobacterium_adolescentis	0.00690493357674	-0.0206348083918	-0.0570973319987	-0.0320235114863	-0.0964801912167	-0.0328480565643	-0.0124978727838	-0.0113365661397	-0.0257743936867	-0.00768342085887	-0.0585257355937	-0.042207452881	0.022241316842	0.00639424135915	0.0313099372003	0.0328946350773	-0.0344023151684	0.0492051628808	0.0461044668296	0.0939826721922	-0.0451197681747	-0.0259195582349	-0.0776071985991	1.0	0.011384012359	-0.00844479194667	0.0766253896742	0.0677454063003	-0.0565111166523	-0.0598035740027	-0.0406229791541	-0.0185778351231	-0.0577642927835	-0.0410698765158	-0.0189157883448	-0.0272472388211	0.0282074330087	-0.0564300296236	-0.0264763589672	-0.00407162355963	0.0159708873858	0.0343249271848	-0.0790947304506	0.0471333333376	-0.013264409471	-0.0271130420056	-0.00444316290332	-0.0098436944851	-0.034588777073	0.0249954274724	-0.0474097086418	-0.0195826466038	-0.0475044231013	0.0604526303467	-0.0300681682508	-0.00534037905132	-0.111235018819	-0.0404182034813	-0.0314966233683
k__Bacteria;p__Firmicutes;c__Clostridia;o__Clostridiales;f__Oscillospiraceae;g__Oscillibacter;s__Oscillibacter_sp._KLE_1745	-0.0560823464632	-0.0303833097959	0.000318883916181	0.00123936587026	-0.0270653971258	-0.0175162174304	-0.059076546203	-0.0583944115642	0.0166928058419	-0.0142977314682	-0.0459575000382	0.0960231522549	0.0295317594405	-0.0715647578997	0.032165588877	-0.059477674096	-0.0618287248669	0.0308630389877	-0.00743812012429	0.0156585542135	-0.0347528865364	-0.0262936214063	-0.0239861213021	0.011384012359	1.0	-0.00140062471435	0.0917487339112	0.0364778795699	-0.0165690575741	0.0621503994668	0.0273644837495	-0.0397132017048	-0.0205122538406	0.0345236678016	0.0425754994672	0.0179149578295	0.0466124176062	-0.0944312088376	0.0219288254748	-0.022879206112	-0.013771354048	-0.0176995027703	0.00946550856833	0.0467440520559	0.00549780901069	-0.0170651869554	-0.00503094872145	0.014464957281	-0.0857562994571	0.0239356277054	-0.102088083841	-0.00538729086151	0.0363175172074	0.0087091721677	0.0110655483355	-0.0238046438778	-0.00572630713397	0.0190969732755	-0.0556451921896
k__Bacteria;p__Bacteroidetes;c__Bacteroidia;o__Bacteroidales;f__Bacteroidaceae;g__Bacteroides;s__Bacteroides_coprophilus	6.36477453624e-05	-2.54943916031e-05	-0.0536188646714	-0.0016789737082	0.0201599474674	0.0475235412296	-0.0299348660314	0.0247366532508	-0.0205017635364	-0.00294324192174	-0.0236051591689	0.00920712969747	-0.0522809274307	0.000359845132151	-0.0817064035111	-0.0209966774985	-0.0446623023214	0.0498704089337	-0.0643967458339	0.0417787018186	-0.00994032404152	-0.0575747764544	-0.00613448755537	-0.00844479194667	-0.00140062471435	1.0	-0.0463826664483	-0.0260330896978	-0.0322399278895	0.00689360456544	0.0557298878745	-0.0345614562251	0.0321531417279	-0.0148551334835	-0.00973186689921	0.0125352738067	-0.0392355620622	-0.0630076317539	-0.0156016387671	-0.0489861504334	-0.0489102501402	0.0681676548767	-0.0927933063962	0.00077460064474	0.00674894579399	-0.0317736733989	-0.0609620911077	-0.0199740628123	0.0458068156521	-0.0183157805846	0.00169149528931	0.0626900659615	0.0444887064194	0.0490597354864	-0.0458858410525	-0.0423888868294	0.0386641744171	0.0469895438224	-0.0396427831489
k__Bacteria;p__Firmicutes;c__Clostridia;o__Clostridiales;f__Lachnospiraceae;g__Roseburia;s__Roseburia_intestinalis	0.0164641016269	0.0538445865045	0.0128519628212	-0.0849364648016	-0.000886606082222	0.00334837702293	-0.00945948477854	-0.00941042773902	-0.0211568395657	-0.0732056411684	0.00577665415094	0.0596022070573	-0.0174670194419	-0.0175862088256	0.00966139805933	-0.0455035168366	0.0191600539429	-0.0306634662916	0.0239091020894	-0.0773113794704	-0.071077736515	0.0298672209381	0.0467279891576	0.0766253896742	0.0917487339112	-0.0463826664483	1.0	0.00077791700119	0.0248238889964	0.0228336651814	0.0275853065766	0.0363855995357	-0.0180686897565	-0.0075482706648	0.0325570899346	-0.0443160695751	0.0187834450002	0.0167259247782	0.0299434185871	-0.0917071125397	-0.00947566850169	-0.052400857468	0.00538568834937	0.0757251387769	-0.00978749010827	0.0146323218393	0.0373134491018	-0.0719011983303	0.0223922986638	0.0452854228858	-0.0265197892059	-0.0650463712589	0.0202366452066	-0.00766444230482	0.0342683065854	-0.0504150070059	-0.0365111369815	-0.00989495403429	0.0161554953707
k__Bacteria;p__Firmicutes;c__Clostridia;o__Clostridiales;f__Lachnospiraceae;g__Roseburia;s__Roseburia_hominis	-0.0173552123873	-0.0186124989971	-0.0277613655015	-0.00335087182748	-0.0705581982747	0.00491381526725	-0.0204394948302	0.0226512994576	0.029403636519	-0.0209160484597	0.0195078926722	-0.0162803084541	0.0106949207113	0.0259063730825	-0.0132812926079	0.000261376701275	0.0102526607291	0.00813248888883	-0.0607468530601	0.0349602492001	-0.0408414164296	0.0685904744635	-0.0176112640912	0.0677454063003	0.0364778795699	-0.0260330896978	0.00077791700119	1.0	-0.012898862545	0.00675442436579	-4.1804351973e-05	-0.0411990392732	-0.0195138243837	-0.0447937034781	-0.0371119401136	0.0435768769732	-0.00604045037258	0.0301714241917	0.0106914869552	-0.00527428254403	-0.032964770347	0.0380601097483	0.00250541463795	-0.0085033798651	-0.0439305120563	-0.00875054571828	-0.0301521672609	-0.0187694954176	-0.0105905949826	-0.0026757981123	-0.013295002887	-0.0183248184439	0.0330236379055	0.00887433577032	0.0129938810611	-0.017333308948	0.004939083711	-0.0212258862229	0.0151764693143
k__Bacteria;p__Bacteroidetes;c__Bacteroidia;o__Bacteroidales;f__Porphyromonadaceae;g__Parabacteroides;s__Parabacteroides_johnsonii	-0.00228768370898	0.0281041817531	0.0332779808265	-0.0564933026395	-0.0253654628798	0.0510610106781	-0.00212318758984	0.0253826082241	0.0158148944615	0.00700505424592	0.0338758738692	-0.00492686328851	-0.0476491986267	-0.0396164239164	0.0333824107603	0.019345961829	-0.110602615436	0.0193843991947	0.0365079538648	0.0181580954615	0.060148325148	-0.0081669810658	0.0106652414732	-0.0565111166523	-0.0165690575741	-0.0322399278895	0.0248238889964	-0.012898862545	1.0	-0.0395426258767	0.00505860047555	-0.045621521234	-0.0565376630009	-0.0533371348184	0.064101394693	-0.0264518998311	0.03565898358	0.00975728791824	0.102118306105	-0.00728816562408	0.0874128590031	0.0428300701777	-0.052954564235	0.00225423891129	0.0219238425769	-0.0294850978204	-0.0366313034556	-0.0547243951938	0.00951224970538	-0.0529822633884	0.000149544300784	-0.0834043436368	0.00723476412838	-0.046064342084	0.0410790995177	-0.0142238394499	0.0319197684481	-0.0606216356729	0.0169202304518
k__Bacteria;p__Actinobacteria;c__Actinobacteria;o__Bifidobacteriales;f__Bifidobacteriaceae;g__Bifidobacterium;s__Bifidobacterium_longum	0.0377800590848	-0.0430466725095	0.0124563280764	0.041905389858	-0.00722834586993	-0.029313093967	0.0336334758409	-0.00739441365529	0.0322298041351	-0.0474859713327	0.0862643631009	-0.042435948467	0.0103102290001	0.0187492075169	-0.0195706248153	-0.009993252229	0.0531495155567	-0.0275301418154	0.0120931508136	-0.00317813894304	-0.0239530102903	0.027256195212	-0.0308055585366	-0.0598035740027	0.0621503994668	0.00689360456544	0.0228336651814	0.00675442436579	-0.0395426258767	1.0	0.0253702439365	0.00386776057297	-0.0398045033107	-0.026458411577	-0.0445548068263	-0.0965843035901	0.022367862304	0.0352815512195	0.0413638027441	-0.0191341080318	-0.0517620517832	0.00643955799467	-0.0349160826903	-0.0238896345121	-0.00913555661839	-0.0842972857667	-0.0360427004274	-0.0151816912059	0.00200411341666	-0.0143859453384	-0.0137204328606	0.00250932321618	0.0143932526554	-0.0297861013431	-0.0548814097014	-0.0294937892915	-0.030022328547	-0.00344499828572	-0.00561901408692
