#taxonomy	k__Bacteria;p__Bacteroidetes;c__Bacteroidia;o__Bacteroidales;f__Bacteroidaceae;g__Bacteroides;s__Bacteroides_vulgatus	k__Bacteria;p__Bacteroidetes;c__Bacteroidia;o__Bacteroidales;f__Bacteroidaceae;g__Bacteroides;s__Bacteroides_uniformis	k__Bacteria;p__Bacteroidetes;c__Bacteroidia;o__Bacteroidales;f__Rikenellaceae;g__Alistipes;s__Alistipes_putredinis	k__Bacteria;p__Bacteroidetes;c__Bacteroidia;o__Bacteroidales;f__Prevotellaceae;g__Prevotella;s__Prevotella_copri	k__Bacteria;p__Bacteroidetes;c__Bacteroidia;o__Bacteroidales;f__Bacteroidaceae;g__Bacteroides;s__Bacteroides_stercoris	k__Bacteria;p__Bacteroidetes;c__Bacteroidia;o__Bacteroidales;f__Bacteroidaceae;g__Bacteroides;s__Bacteroides_ovatus	k__Bacteria;p__Bacteroidetes;c__Bacteroidia;o__Bacteroidales;f__Rikenellaceae;g__Alistipes;s__Alistipes_shahii	k__Bacteria;p__Firmicutes;c__Clostridia;o__Clostridiales;f__Ruminococcaceae;g__Faecalibacterium;s__Faecalibacterium_prausnitzii	k__Bacteria;p__Bacteroidetes;c__Bacteroidia;o__Bacteroidales;f__Rikenellaceae;g__Alistipes;s__Alistipes_finegoldii	k__Bacteria;p__Bacteroidetes;c__Bacteroidia;o__Bacteroidales;f__Porphyromonadaceae;g__Parabacteroides;s__Parabacteroides_distasonis	k__Bacteria;p__Bacteroidetes;c__Bacteroidia;o__Bacteroidales;f__Bacteroidaceae;g__Bacteroides;s__Bacteroides_thetaiotaomicron	k__Bacteria;p__Bacteroidetes;c__Bacteroidia;o__Bacteroidales;f__Bacteroidaceae;g__Bacteroides;s__Bacteroides_coprocola	k__Bacteria;p__Bacteroidetes;c__Bacteroidia;o__Bacteroidales;f__Bacteroidaceae;g__Bacteroides;s__Bacteroides_cellulosilyticus	k__Bacteria;p__Bacteroidetes;c__Bacteroidia;o__Bacteroidales;f__Rikenellaceae;g__Alistipes;s__Alistipes_obesi	k__Bacteria;p__Firmicutes;c__Clostridia;o__Clostridiales;f__Lachnospiraceae;g__;s__[Eubacterium]_rectale	k__Bacteria;p__Bacteroidetes;c__Bacteroidia;o__Bacteroidales;f__Bacteroidaceae;g__Bacteroides;s__Bacteroides_plebeius	k__Bacteria;p__Bacteroidetes;c__Bacteroidia;o__Bacteroidales;f__Bacteroidaceae;g__Bacteroides;s__Bacteroides_fragilis	k__Bacteria;p__Proteobacteria;c__Betaproteobacteria;o__Burkholderiales;f__Sutterellaceae;g__Sutterella;s__Sutterella_wadsworthensis	k__Bacteria;p__Bacteroidetes;c__Bacteroidia;o__Bacteroidales;f__Porphyromonadaceae;g__Barnesiella;s__Barnesiella_intestinihominis	k__Bacteria;p__Bacteroidetes;c__Bacteroidia;o__Bacteroidales;f__Odoribacteraceae;g__Odoribacter;s__Odoribacter_splanchnicus	k__Bacteria;p__Bacteroidetes;c__Bacteroidia;o__Bacteroidales;f__Bacteroidaceae;g__Bacteroides;s__Bacteroides_salyersiae	k__Bacteria;p__Firmicutes;c__Clostridia;o__Clostridiales;f__Ruminococcaceae;g__Ruminiclostridium;s__[Eubacterium]_siraeum	k__Bacteria;p__Proteobacteria;c__Betaproteobacteria;o__Burkholderiales;f__Sutterellaceae;g__Parasutterella;s__Parasutterella_excrementihominis	k__Bacteria;p__Actinobacteria;c__Actinobacteria;o__Bifidobacteriales;f__Bifidobacteriaceae;g__Bifidobacterium;s__Bifidobacterium_adolescentis	k__Bacteria;p__Firmicutes;c__Clostridia;o__Clostridiales;f__Oscillospiraceae;g__Oscillibacter;s__Oscillibacter_sp._KLE_1745	k__Bacteria;p__Bacteroidetes;c__Bacteroidia;o__Bacteroidales;f__Bacteroidaceae;g__Bacteroides;s__Bacteroides_coprophilus	k__Bacteria;p__Firmicutes;c__Clostridia;o__Clostridiales;f__Lachnospiraceae;g__Roseburia;s__Roseburia_intestinalis	k__Bacteria;p__Firmicutes;c__Clostridia;o__Clostridiales;f__Lachnospiraceae;g__Roseburia;s__Roseburia_hominis	k__Bacteria;p__Bacteroidetes;c__Bacteroidia;o__Bacteroidales;f__Porphyromonadaceae;g__Parabacteroides;s__Parabacteroides_johnsonii	k__Bacteria;p__Actinobacteria;c__Actinobacteria;o__Bifidobacteriales;f__Bifidobacteriaceae;g__Bifidobacterium;s__Bifidobacterium_longum	k__Bacteria;p__Firmicutes;c__Clostridia;o__Clostridiales;f__;g__Flavonifractor;s__Flavonifractor_plautii	k__Bacteria;p__Firmicutes;c__Clostridia;o__Clostridiales;f__Clostridiaceae;g__Clostridium;s__Clostridium_phoceensis	k__Bacteria;p__Verrucomicrobia;c__Verrucomicrobiae;o__Verrucomicrobiales;f__Akkermansiaceae;g__Akkermansia;s__Akkermansia_muciniphila	k__Bacteria;p__Bacteroidetes;c__Bacteroidia;o__Bacteroidales;f__Prevotellaceae;g__Paraprevotella;s__Paraprevotella_xylaniphila	k__Bacteria;p__Firmicutes;c__Clostridia;o__Clostridiales;f__Ruminococcaceae;g__Ruminococcus;s__Ruminococcus_callidus	k__Bacteria;p__Bacteroidetes;c__Bacteroidia;o__Bacteroidales;f__Rikenellaceae;g__Alistipes;s__Alistipes_senegalensis	k__Bacteria;p__Firmicutes;c__Clostridia;o__Clostridiales;f__Lachnospiraceae;g__Blautia;s__Blautia_sp._KLE_1732	k__Bacteria;p__Bacteroidetes;c__Bacteroidia;o__Bacteroidales;f__Bacteroidaceae;g__Bacteroides;s__Bacteroides_oleiciplenus	k__Bacteria;p__Firmicutes;c__Clostridia;o__Clostridiales;f__Ruminococcaceae;g__Ruminococcus;s__Ruminococcus_bicirculans	k__Bacteria;p__Bacteroidetes;c__Bacteroidia;o__Bacteroidales;f__Bacteroidaceae;g__Bacteroides;s__Bacteroides_fluxus	k__Bacteria;p__Bacteroidetes;c__Bacteroidia;o__Bacteroidales;f__Prevotellaceae;g__Prevotella;s__Prevotella_stercorea	k__Bacteria;p__Firmicutes;c__Clostridia;o__Clostridiales;f__Lachnospiraceae;g__Dorea;s__Dorea_longicatena	k__Bacteria;p__Firmicutes;c__Clostridia;o__Clostridiales;f__Eubacteriaceae;g__Eubacterium;s__[Eubacterium]_eligens	k__Bacteria;p__Firmicutes;c__Clostridia;o__Clostridiales;f__Ruminococcaceae;g__;s__Ruminococcaceae_bacterium_D16	k__Bacteria;p__Firmicutes;c__Clostridia;o__Clostridiales;f__Lachnospiraceae;g__Coprococcus;s__Coprococcus_comes	k__Bacteria;p__Proteobacteria;c__Gammaproteobacteria;o__Enterobacterales;f__Enterobacteriaceae;g__Escherichia;s__Escherichia_coli	k__Bacteria;p__Firmicutes;c__Clostridia;o__Clostridiales;f__Ruminococcaceae;g__Anaerotruncus;s__Anaerotruncus_colihominis	k__Bacteria;p__Firmicutes;c__Clostridia;o__Clostridiales;f__Lachnospiraceae;g__Blautia;s__Blautia_obeum	k__Bacteria;p__Bacteroidetes;c__Bacteroidia;o__Bacteroidales;f__Odoribacteraceae;g__Odoribacter;s__Odoribacter_laneus	k__Bacteria;p__Firmicutes;c__Clostridia;o__Clostridiales;f__Ruminococcaceae;g__Ruminiclostridium;s__[Clostridium]_leptum	k__Bacteria;p__Bacteroidetes;c__Bacteroidia;o__Bacteroidales;f__Porphyromonadaceae;g__Parabacteroides;s__Parabacteroides_goldsteinii	k__Bacteria;p__Firmicutes;c__Clostridia;o__Clostridiales;f__Lachnospiraceae;g__Anaerostipes;s__Anaerostipes_hadrus	k__Bacteria;p__Firmicutes;c__Clostridia;o__Clostridiales;f__Ruminococcaceae;g__Ruminococcus;s__Ruminococcus_lactaris	k__Bacteria;p__Firmicutes;c__Clostridia;o__Clostridiales;f__Clostridiaceae;g__Clostridium;s__Clostridium_sp._L2-50	k__Bacteria;p__Firmicutes;c__Clostridia;o__Clostridiales;f__Clostridiaceae;g__Clostridium;s__Clostridium_sp._M62/1	k__Bacteria;p__Firmicutes;c__Clostridia;o__Clostridiales;f__;g__Intestinimonas;s__Intestinimonas_butyriciproducens	k__Bacteria;p__Actinobacteria;c__Actinobacteria;o__Bifidobacteriales;f__Bifidobacteriaceae;g__Bifidobacterium;s__Bifidobacterium_bifidum	k__Bacteria;p__Firmicutes;c__Negativicutes;o__Veillonellales;f__Veillonellaceae;g__Dialister;s__Dialister_invisus	k__Bacteria;p__Bacteroidetes;c__Bacteroidia;o__Bacteroidales;f__Bacteroidaceae;g__Bacteroides;s__Bacteroides_salanitronis
k__Bacteria;p__Bacteroidetes;c__Bacteroidia;o__Bacteroidales;f__Bacteroidaceae;g__Bacteroides;s__Bacteroides_vulgatus	1.0	-0.0211710143877	0.0758934470091	-0.0587365886995	0.0128633067183	-0.0219662700598	-0.00132816944113	-0.0284391569395	-0.0543577177149	0.0579479169841	-0.0180548798298	0.00478536058596	-0.0612710830734	-0.0508780884772	-0.0224942432235	-0.0306147258495	-0.0392232891134	-0.0186675452449	0.0187028458768	0.0496786884399	-0.0122313794417	-0.0271126969472	0.00199508370635	-0.0340160935578	-0.0310208445243	-0.0674408332273	0.0376193079784	0.00157439460846	-0.00607199891913	0.00399805207882	-0.0248700704932	0.000409621586095	-0.0765050639738	-0.0160664239676	0.0371784197858	-0.036507792085	0.0371722853997	-0.0770022406874	0.0102731393357	0.0698004924027	0.0966906658872	0.0225078532547	0.0278488790996	0.018786681243	-0.0826582687798	-0.0523851733123	-0.0232498985578	-0.0777148423199	-0.0376167804191	0.0127878573764	-0.0365562520172	-0.024910370429	-0.0263209504738	-0.018670257078	-0.0760637841666	0.00451806913584	-0.00403081731603	-0.00345429714746	0.00888297518385
k__Bacteria;p__Bacteroidetes;c__Bacteroidia;o__Bacteroidales;f__Bacteroidaceae;g__Bacteroides;s__Bacteroides_uniformis	-0.0211710143877	1.0	-0.0542868673923	0.000299831580012	-0.046734239932	0.0584209722923	-0.00371352694899	-0.0173450475822	-0.0188698847906	-0.0701509319809	-0.0420269465745	-0.0350291824033	-0.0244646214606	-0.0052480211177	-0.0159539326629	-0.0467382414962	-0.005364060017	-0.0357153766356	0.0209913301554	-0.0235601574671	0.0409176289204	-0.0389501602347	0.0256508908244	0.0411082782568	-0.0289866273524	0.0503406831392	-0.0244845223439	0.0529980479395	0.00314421476486	0.0114264641126	-0.030401846175	0.00722478537884	0.0145329300301	-0.0635488924089	0.100233132325	-0.0316210610348	-0.00455652254579	-0.0387869343801	0.0566713126688	0.0248509731791	0.0234149503638	-0.0155255917887	-0.000937825694855	0.00521296419235	-0.0782484826721	0.0156482039204	-0.0297554380441	-0.0567413757297	0.034471088469	-0.0286346961385	-0.0233619316334	-0.041141878898	0.0338199886413	-0.0711434128435	0.0497909319885	-0.0403299322169	-0.0353773396279	0.0571454320156	-0.0411270716525
k__Bacteria;p__Bacteroidetes;c__Bacteroidia;o__Bacteroidales;f__Rikenellaceae;g__Alistipes;s__Alistipes_putredinis	0.0758934470091	-0.0542868673923	1.0	0.0513952195459	-0.0156661705368	0.00975219164691	-0.000877828368409	0.0132822014547	-0.0078631195345	0.00727565388847	0.0178506873777	-0.0313439374829	-0.0228278223903	-0.0245591376678	0.0911661768386	0.031259744678	-0.00871885991359	-0.0537145234005	0.0041574558388	-0.0645464333764	-0.00314520043819	-0.000681501438427	-0.051756749214	-0.00617881178141	-0.0437324649834	0.0194466287625	-0.0306763229008	-0.0555009790422	-0.00289015442846	-0.0291531551349	0.0287028218514	0.0338306930986	-0.0196658056709	0.00156492166005	-0.0537678670256	-0.0169849548895	0.07872318817	-0.0451572058913	0.015666059574	-0.0216019716266	-0.0302466232412	-0.00752703376326	-0.072082108732	-0.020822756859	0.0272890638586	-0.0045579202842	-0.0246631716889	0.0114631857338	0.0121523549841	-0.0170902615786	-0.0398180418492	0.0153914174572	-0.061971644433	-0.0438329337208	-0.0112218996264	0.0180708681465	-0.0231080979054	-0.0567566328509	-0.0587227652824
k__Bacteria;p__Bacteroidetes;c__Bacteroidia;o__Bacteroidales;f__Prevotellaceae;g__Prevotella;s__Prevotella_copri	-0.0587365886995	0.000299831580012	0.0513952195459	1.0	-0.00101858750717	-0.00484060642445	0.0702549210553	0.0407593721296	-0.0127348790361	0.00816346031506	0.0172859538215	-0.0734796248096	0.0213286874915	-0.0726639548304	0.00537843251975	-0.0507563995666	-0.0621279448265	-0.0570550522958	-0.0119901649012	0.0243108367459	-0.0372062435302	-0.0542224113281	0.000402907110579	0.0950433500209	-0.0627510870272	0.033211003238	0.0211221352366	6.61438686111e-05	0.00878603153237	-0.00985432180878	-0.0376502400051	0.0146776301321	-0.0285662512628	-0.0192255905526	-0.04038206281	-0.0223143559976	-0.020862566906	-0.0196208397907	-0.0215954220641	-0.0365989600872	0.0460920356885	-0.0613916863482	-0.0624577398631	-0.0286824715936	-0.0274401964688	0.0225678155248	0.0321656090405	0.0133433085628	-0.0116889192653	0.0339017498424	-0.0811738130819	-0.0126889171843	0.0121356193365	0.0274537199527	-0.00130227881601	0.0078926124876	-0.0331138417117	-0.0461492567773	0.0468364583826
k__Bacteria;p__Bacteroidetes;c__Bacteroidia;o__Bacteroidales;f__Bacteroidaceae;g__Bacteroides;s__Bacteroides_stercoris	0.0128633067183	-0.046734239932	-0.0156661705368	-0.00101858750717	1.0	-0.0302792299518	-0.0924473780059	-0.0100734596806	-0.0120485556582	0.0721155967649	-0.0255887389636	-0.0919454016688	0.0575525768602	-0.0462385631519	-0.0260372051465	0.00793294482342	0.0023227332772	0.00151985770146	-0.00486116759742	-0.0727711661748	0.0129101573164	0.0110504423236	-0.00476759202849	0.0226950638088	-0.0179025005209	0.00980052146441	-0.00993555165232	-0.0273421185945	0.0427585226354	-0.0341320680234	-0.109346852509	-0.00128503144562	-0.000872169043746	-0.0479389770364	0.0270577501012	-0.0495511672754	-0.0259746163021	-0.0396069619001	-0.0418918326863	0.0572645040354	0.0137231353694	0.00469035878962	0.0693517616679	0.0136192430343	-0.0604312471475	-0.00777200406436	0.0295375272319	0.0117437555856	0.0225457313017	-0.00852194360486	0.00935019092728	-0.00916787213275	-0.0423006897887	-0.0241245014721	-0.0410103187195	0.0122654032938	0.0191145570544	0.0332235568813	0.0113789963055
k__Bacteria;p__Bacteroidetes;c__Bacteroidia;o__Bacteroidales;f__Bacteroidaceae;g__Bacteroides;s__Bacteroides_ovatus	-0.0219662700598	0.0584209722923	0.00975219164691	-0.00484060642445	-0.0302792299518	1.0	-0.046043930133	0.0485578223753	-0.074109477922	-0.0409134148854	0.024903169374	0.0205744054223	-0.0096062251748	0.0332028749201	-0.00604631063479	-0.0270295741971	0.0384514629096	-0.00626721410332	-0.0342765856614	0.0243618963675	-0.0799826035382	-0.0260514805213	-0.0174992898876	0.0395598890073	-0.00353039726784	-0.0495084471405	-0.0477702345285	-0.0170212458133	-0.0116813298167	-0.0419317426367	0.000972836017647	-0.00593155157621	0.0719020775073	-0.0101509220723	-0.0514019356489	0.0307786152975	-0.0231440932292	-0.0770390121279	0.0168227477408	-0.0133301965644	-0.00860452609102	0.0249238308756	-0.0456048431119	0.0102370794089	0.0056380776049	-0.00469982906474	-0.0432077702508	-0.0212728780273	0.0285608311204	-0.0280711326667	-0.0192943351552	0.0147182557022	-0.0447041771364	-0.0435348478736	-0.00881881523154	0.000883286024185	-0.02137798214	-0.06513274852	0.0352930335627
k__Bacteria;p__Bacteroidetes;c__Bacteroidia;o__Bacteroidales;f__Rikenellaceae;g__Alistipes;s__Alistipes_shahii	-0.00132816944113	-0.00371352694899	-0.000877828368409	0.0702549210553	-0.0924473780059	-0.046043930133	1.0	-0.10101158991	0.0266029319788	-0.0440491294372	-0.00150669764517	0.00171642999665	0.015423617777	0.114120213927	-0.129770681859	0.0864968397328	-0.0620925461397	-0.0436738939639	-0.0733836884621	-0.034771276063	-0.0153386414902	0.0134732398675	-0.0298900841427	0.00977619006942	0.00317248936858	-0.0296286894704	-0.00238661132904	0.00983651344946	0.0441564539178	-0.0544847621428	0.0353167086224	-0.0245443707503	-0.00550742850677	-0.000659581834804	0.00111484286579	-0.0400406201781	-0.032523896988	-0.00797063268224	-0.00175770145531	-0.00304207906962	0.00288753092958	0.0674380392597	0.0103763985522	0.000251671606411	0.0115136056835	-0.0363702269092	0.0148040459831	-0.0357586376673	0.0091261124846	-0.0433921779822	0.0531419440896	0.0134761889094	-0.0306966190572	0.049650382601	-0.0252438109721	-0.0453481039056	0.0559309064261	-0.0348709343496	-0.0236778551394
k__Bacteria;p__Firmicutes;c__Clostridia;o__Clostridiales;f__Ruminococcaceae;g__Faecalibacterium;s__Faecalibacterium_prausnitzii	-0.0284391569395	-0.0173450475822	0.0132822014547	0.0407593721296	-0.0100734596806	0.0485578223753	-0.10101158991	1.0	-0.0401577282582	-0.0260114938543	0.00556763499993	-0.0864770752543	-0.038429035747	-0.0193792772677	0.0672247415269	-0.0585686525594	-0.0105796075207	-0.0982154846041	-0.080767775969	-0.00910136833646	-0.0267281375076	-0.0632527075328	0.0344380496987	0.0184459748539	0.00433661749597	0.0444091136293	0.0317103011652	-0.00215363401819	0.00147733712473	-0.00169124818225	-0.0105815169579	-0.0110486841372	-0.0708987813347	-0.043345770926	0.109596728114	-0.0490723062402	-0.0236868516008	0.00416634667607	-0.00946228366045	-0.11489877193	0.048810387303	0.00721254305741	-0.000979844475655	-0.054289181497	0.0192011965241	-0.0467911100971	-0.0344866084938	0.0843863301823	0.0115147169239	0.00307413502173	-0.0379194285726	0.0288373428011	0.0389852719594	0.00881714522835	0.0627406102883	0.0119016793161	-0.0352119179132	-0.00762568376182	-0.0270422819362
k__Bacteria;p__Bacteroidetes;c__Bacteroidia;o__Bacteroidales;f__Rikenellaceae;g__Alistipes;s__Alistipes_finegoldii	-0.0543577177149	-0.0188698847906	-0.0078631195345	-0.0127348790361	-0.0120485556582	-0.074109477922	0.0266029319788	-0.0401577282582	1.0	-0.0407789514669	0.0178863346932	0.0408333280886	0.0214672212504	0.0546856009472	-0.0683759659408	-0.0669923412918	0.0220837247741	-0.0240931874087	0.0427409462221	-0.0121923674685	0.00858152745083	0.0172326723788	0.0203516037074	-0.00299312617491	0.00599443142063	0.0110953284109	-0.017577829743	0.0115031472044	0.0254811810081	0.00323591893899	-0.0708222561718	-0.00235542344535	-0.0214629830515	0.0456957200489	-0.0257730114353	-0.0354152862708	-0.053747840734	0.0299802722161	-0.0121356572836	-0.00759657585296	-0.0763839018437	-0.0607142015849	-0.0322284511376	-0.0119888700721	-0.00584525292901	0.064048293055	0.0238534220257	-0.060830825225	-0.0509512947306	0.0173185974062	-0.0406381756804	-0.0073726581881	0.0238545009044	-0.0315387731806	-0.0625346177074	0.00304263951859	0.0793684072868	-0.0378747368802	-0.0834901446918
k__Bacteria;p__Bacteroidetes;c__Bacteroidia;o__Bacteroidales;f__Porphyromonadaceae;g__Parabacteroides;s__Parabacteroides_distasonis	0.0579479169841	-0.0701509319809	0.00727565388847	0.00816346031506	0.0721155967649	-0.0409134148854	-0.0440491294372	-0.0260114938543	-0.0407789514669	1.0	-0.0110074004445	-0.0517814816537	0.0140869165161	0.0115215725816	0.00246421874049	0.0447748041621	-0.0347197109002	0.00210811202879	-0.0563504050183	0.0291009283356	0.0304237767359	0.0102822022857	0.00576128627639	0.0361809279912	-0.01657107455	-0.00693255797235	-0.0612090083405	0.011929577863	-0.0150299725961	-0.0593037122839	-0.0286216464364	0.0799258137811	0.107672128731	-0.0349878962739	0.0188863538115	-0.0169262959983	-0.0164669841182	0.0192251980211	-0.0329856628616	0.0308487387819	-0.0455006231514	-0.0986300173282	-0.0528586429507	0.0357607788367	0.0198697191414	-0.0114835407044	0.0224915550272	0.0156643907581	-0.0253066230202	0.0352480746655	-0.0706485598686	0.0454259529336	0.0155369271844	0.0125984777183	-0.0147319111796	-0.042336406419	0.0307482142854	-0.0249870371817	0.0260574981935
k__Bacteria;p__Bacteroidetes;c__Bacteroidia;o__Bacteroidales;f__Bacteroidaceae;g__Bacteroides;s__Bacteroides_thetaiotaomicron	-0.0180548798298	-0.0420269465745	0.0178506873777	0.0172859538215	-0.0255887389636	0.024903169374	-0.00150669764517	0.00556763499993	0.0178863346932	-0.0110074004445	1.0	-0.0857325414178	-0.0741930622834	-0.0689471457169	0.00303870363159	-0.0440509019114	-0.0223204514341	0.0342899189669	-0.0947361869316	0.000200887573415	0.0137629910657	-0.0191878275717	0.0173080062037	0.00901038400453	0.00912146999035	0.0435737655492	0.0487259718566	-0.00125512243902	0.000998488129069	-0.0140915418409	0.0265401173782	-0.00483742048151	-0.0460098475834	0.027116786581	0.00617827988295	0.00118449947076	-0.0255257090591	0.0121217367563	-0.0343722682165	0.014995748847	0.0735070540495	-0.039589853423	0.00104924806082	-0.0192268980377	-0.035431099775	-0.0195962929917	-0.0115723364358	0.0182462362407	-0.0146596235054	0.0274563353888	0.0244754762749	0.00819220559674	-0.0252227365172	0.00134027667929	0.0578428864853	-0.0310941222208	-0.0357568989098	-0.00795552171453	0.057837086957
k__Bacteria;p__Bacteroidetes;c__Bacteroidia;o__Bacteroidales;f__Bacteroidaceae;g__Bacteroides;s__Bacteroides_coprocola	0.00478536058596	-0.0350291824033	-0.0313439374829	-0.0734796248096	-0.0919454016688	0.0205744054223	0.00171642999665	-0.0864770752543	0.0408333280886	-0.0517814816537	-0.0857325414178	1.0	0.0351825574194	-0.0133192868465	-0.0383515905089	0.0822535981595	0.0527180642595	-0.0451786894546	-0.0577681155759	0.0342540073249	-0.0470181034945	-0.0307787913393	-0.0168374047899	-0.00585665875296	0.00671520579252	0.0175268944402	0.0159587651059	-0.0171767306849	-0.00521673551585	0.0358859147924	-0.0172405936359	-0.0249031941023	0.0021459267496	-0.0699437252456	-0.0101162876435	0.0802854474671	-0.00105054925783	0.00436591225935	-0.0331915015061	-0.0148941664734	0.0833564370055	0.00443677478624	0.0224240776195	0.0382610700241	0.0171759326434	-0.03934234329	0.0260504549823	-0.0195724221287	-0.0498983315361	-0.0471868325161	0.0223515939945	0.0244926516528	0.0722147689514	0.0264807383925	-0.0223285662924	-0.0364227594144	-0.0332814130625	-0.0504894686573	-0.0121006849046
k__Bacteria;p__Bacteroidetes;c__Bacteroidia;o__Bacteroidales;f__Bacteroidaceae;g__Bacteroides;s__Bacteroides_cellulosilyticus	-0.0612710830734	-0.0244646214606	-0.0228278223903	0.0213286874915	0.0575525768602	-0.0096062251748	0.015423617777	-0.038429035747	0.0214672212504	0.0140869165161	-0.0741930622834	0.0351825574194	1.0	-0.0156278308429	-0.00615964844994	0.0262606145764	-0.0675772024862	0.00715417469977	-0.0432101687298	-0.0559750886261	0.0156048110301	0.0115771830097	0.0515697624325	-0.00342754498251	0.0945439866172	-0.0430306947143	-0.00390795331043	-0.0579995842025	-0.0470441243926	-0.00845309094208	-0.0575179809413	0.00424425508911	0.000674665290466	-0.028873382673	-0.0342792925954	-0.049083068	-0.011448442823	-0.0311681022198	-0.0415479643948	0.0263131867892	-0.0183735340684	0.034397552384	-0.0320234726701	-0.0220676745317	-0.0150514549905	-0.0573690054005	0.0330657209305	-0.0253121608209	-0.0165680574476	-0.0388588242006	-0.0292229173786	-0.0427560454811	0.00660707960108	0.00562057774615	0.0156422324691	-0.0914203138428	-0.046746366622	0.0622394951756	0.0487680736227
k__Bacteria;p__Bacteroidetes;c__Bacteroidia;o__Bacteroidales;f__Rikenellaceae;g__Alistipes;s__Alistipes_obesi	-0.0508780884772	-0.0052480211177	-0.0245591376678	-0.0726639548304	-0.0462385631519	0.0332028749201	0.114120213927	-0.0193792772677	0.0546856009472	0.0115215725816	-0.0689471457169	-0.0133192868465	-0.0156278308429	1.0	0.0277356453432	-0.0249246849018	0.0130211770249	0.00218390976445	0.0323954790254	-0.0815452863295	-0.0127850210771	-0.0283777299873	-0.0466438686083	0.00281255147815	0.0303729913973	-0.0383769552993	-0.0235889523593	-0.0290664621149	-0.0841967400399	-0.0194417593341	-0.0105616037188	0.0252795212838	-0.0116000740271	-0.0177326496128	-0.0665142399981	0.0826824980878	0.0216525030827	0.0346746133277	0.0749745169569	0.00132050899341	0.00125641108525	0.0344188889048	-0.0042803551526	-0.071572617864	-0.0348015562078	-0.0329139347302	-0.0253977151868	-0.0105292465275	0.101442960747	-0.00317145157761	-0.0315463334527	-0.0463097994347	-0.0334831140423	0.0100371030162	-0.0151413585903	0.00823044782165	0.0768759009842	-0.0767934430985	-0.0912576752154
k__Bacteria;p__Firmicutes;c__Clostridia;o__Clostridiales;f__Lachnospiraceae;g__;s__[Eubacterium]_rectale	-0.0224942432235	-0.0159539326629	0.0911661768386	0.00537843251975	-0.0260372051465	-0.00604631063479	-0.129770681859	0.0672247415269	-0.0683759659408	0.00246421874049	0.00303870363159	-0.0383515905089	-0.00615964844994	0.0277356453432	1.0	0.050113656898	0.00373842959013	-0.0467737240557	-0.0199679450578	0.0541104058475	-0.00320377022924	-0.0693485020281	0.0375605826952	0.0432336756453	-0.0301065513148	-0.0333075934436	-0.0249366149298	0.00692373839383	-0.0432688155217	0.0751632140293	-0.0313608696432	0.0211156158489	-0.0125338148606	-0.0319688226977	-0.0727551173605	-0.0138539235617	-0.00525703645657	-0.0302684925153	-0.0220634461972	-0.00344707698525	0.00551668984033	-0.0125313297055	-0.0249425979598	-0.0286193894601	0.0165548568835	0.022452393196	0.0282270356869	-0.0132212976654	-0.0748383961116	-0.0706384727831	-0.00228932047627	-0.0251140439471	-0.00275381459008	-0.00552552478983	0.0342300945985	0.0106679953644	0.0244565070627	-0.0336298225894	0.045042465382
k__Bacteria;p__Bacteroidetes;c__Bacteroidia;o__Bacteroidales;f__Bacteroidaceae;g__Bacteroides;s__Bacteroides_plebeius	-0.0306147258495	-0.0467382414962	0.031259744678	-0.0507563995666	0.00793294482342	-0.0270295741971	0.0864968397328	-0.0585686525594	-0.0669923412918	0.0447748041621	-0.0440509019114	0.0822535981595	0.0262606145764	-0.0249246849018	0.050113656898	1.0	-0.0310687219585	0.00121581897961	-0.0650864137507	0.073985195125	0.0160296855274	-0.0168333398573	0.0372817007627	0.0395501377047	-0.00865788859299	0.018476282283	0.000915548209857	0.0377912107427	0.0071626995172	-0.118166678662	-0.0391501364564	-0.0584090282778	-0.0391059893603	0.0148752470677	0.028033098334	-0.000611707262265	0.054172443973	0.00317964858437	-0.033339277546	0.0340986532145	-0.0267543392419	0.010536725092	-0.0419206963356	0.0407920481717	-0.0109446417147	-0.0218051242819	0.0284258183482	0.0410976316407	-0.0522963577506	-0.00435445554987	-0.0224614486037	-0.0850886099152	-0.00713052338416	0.0252787855311	-0.0255289155993	0.016424733802	-0.0194920339675	-0.0119693600197	0.00598486719509
k__Bacteria;p__Bacteroidetes;c__Bacteroidia;o__Bacteroidales;f__Bacteroidaceae;g__Bacteroides;s__Bacteroides_fragilis	-0.0392232891134	-0.005364060017	-0.00871885991359	-0.0621279448265	0.0023227332772	0.0384514629096	-0.0620925461397	-0.0105796075207	0.0220837247741	-0.0347197109002	-0.0223204514341	0.0527180642595	-0.0675772024862	0.0130211770249	0.00373842959013	-0.0310687219585	1.0	-0.0594688173388	-0.0310978280893	-0.0358542528959	-0.00756185476703	0.0255572228224	0.0627559754806	0.0312969363879	0.0828837067329	-0.0236266844942	0.00712907765908	0.00121716161476	0.0260821410161	-0.00369065858399	-0.0274260514113	-0.0382771335102	-0.0150912185039	-0.0988710226176	0.00347626129207	-0.0158166362694	-0.0534784453883	-0.0119248593857	0.0178453791872	-0.0990958027031	-0.0142310515185	0.023256629758	0.016764528649	-0.0496246894038	0.0142601490713	-0.0105326725568	-0.0709741521756	-0.00953365110329	-0.0171367935065	-0.0668650041582	-0.0285203417419	-0.0323489832904	0.0573128213268	-0.0186538069719	-0.0406931738842	0.0425297626523	-0.0442412924889	-0.0193005611191	-0.00125579732999
k__Bacteria;p__Proteobacteria;c__Betaproteobacteria;o__Burkholderiales;f__Sutterellaceae;g__Sutterella;s__Sutterella_wadsworthensis	-0.0186675452449	-0.0357153766356	-0.0537145234005	-0.0570550522958	0.00151985770146	-0.00626721410332	-0.0436738939639	-0.0982154846041	-0.0240931874087	0.00210811202879	0.0342899189669	-0.0451786894546	0.00715417469977	0.00218390976445	-0.0467737240557	0.00121581897961	-0.0594688173388	1.0	0.0474070466146	-0.0275605280694	-0.0222123917528	-0.00979212807235	-0.0163944549813	-0.0301984361027	-0.0129150883869	0.0164680256944	-0.0368259065234	-0.0146213436683	-0.0428884016884	-0.0245654545297	-0.0654746891312	0.0144841166899	-0.0236060069079	-0.0106471771058	0.122810243444	-0.0233893094179	-0.017749769455	0.00123687849449	-0.0435862099938	0.0395083072689	-0.0104560144899	-0.0018442292519	0.0177104104704	-0.00295162699777	-0.0162611835999	0.0646147892065	-0.0328559417133	0.103309283861	-0.0344126310043	-0.00242412591146	-0.023926545315	0.0553967141282	-0.0432856341066	0.0298048876533	-0.0392051463625	0.00079495316148	-0.0611351245397	-0.00417926428976	0.0159639706034
k__Bacteria;p__Bacteroidetes;c__Bacteroidia;o__Bacteroidales;f__Porphyromonadaceae;g__Barnesiella;s__Barnesiella_intestinihominis	0.0187028458768	0.0209913301554	0.0041574558388	-0.0119901649012	-0.00486116759742	-0.0342765856614	-0.0733836884621	-0.080767775969	0.0427409462221	-0.0563504050183	-0.0947361869316	-0.0577681155759	-0.0432101687298	0.0323954790254	-0.0199679450578	-0.0650864137507	-0.0310978280893	0.0474070466146	1.0	0.00995889258422	-0.0307653596674	-0.0331734455074	0.0237656987147	0.0263719797986	0.0113919653345	-0.0194972566718	0.0606464097327	0.0311160016152	0.0233109696109	0.017975257461	0.0251764057061	-0.00849253265495	-0.0296303134954	0.0243958098437	-0.107857442073	0.0296478811238	0.0436948159651	0.00835344127872	-0.0275561859827	-0.00776038618554	-0.00274034648898	-0.00169479763833	0.0029153582456	-0.0151250930852	-0.0606675312253	-0.0563343463444	-0.0716024748415	-0.0204571080177	-0.00918767988377	0.039936591131	-0.0131477155098	0.0168889086503	-0.0247254497787	-0.0139178393132	0.0398245366461	0.0464120501237	0.0301227852253	0.0853604300485	0.0433514849069
k__Bacteria;p__Bacteroidetes;c__Bacteroidia;o__Bacteroidales;f__Odoribacteraceae;g__Odoribacter;s__Odoribacter_splanchnicus	0.0496786884399	-0.0235601574671	-0.0645464333764	0.0243108367459	-0.0727711661748	0.0243618963675	-0.034771276063	-0.00910136833646	-0.0121923674685	0.0291009283356	0.000200887573415	0.0342540073249	-0.0559750886261	-0.0815452863295	0.0541104058475	0.073985195125	-0.0358542528959	-0.0275605280694	0.00995889258422	1.0	0.00951905113614	-0.0392278897415	0.019926079069	-0.0340036799104	0.0037336659856	0.0104883800788	0.0371451316788	0.00619767490499	-0.0703347459157	-0.0322609225495	-0.0199478862812	-0.0203904917649	-0.0133469012752	0.0178183421798	-0.066439050743	0.0226231736699	0.0162702240907	-0.0237722651951	0.0262226017871	-0.0399268773018	-0.0279656690507	-0.0494514339451	-0.0764533791115	-0.0213416654115	0.0147046497457	0.0378013045706	0.0171907827769	-0.0893200988986	0.0128051882028	-0.0436520277109	-0.0175220797409	0.0426423456419	0.00580244678585	-0.058551570794	0.0665753186585	-0.0011457490022	-0.0562651810443	0.0193759206676	-0.021131514092
k__Bacteria;p__Bacteroidetes;c__Bacteroidia;o__Bacteroidales;f__Bacteroidaceae;g__Bacteroides;s__Bacteroides_salyersiae	-0.0122313794417	0.0409176289204	-0.00314520043819	-0.0372062435302	0.0129101573164	-0.0799826035382	-0.0153386414902	-0.0267281375076	0.00858152745083	0.0304237767359	0.0137629910657	-0.0470181034945	0.0156048110301	-0.0127850210771	-0.00320377022924	0.0160296855274	-0.00756185476703	-0.0222123917528	-0.0307653596674	0.00951905113614	1.0	-0.0465288356164	0.02682664281	-0.0180417377665	0.00116166560352	0.0172013791956	-0.0467968701558	-0.0415734881959	-0.0104142390429	-0.0325048561289	-0.03216764737	-0.0477922259715	-0.0667890320304	0.00230947014555	0.0232790169991	-0.00505608591314	-0.064924718869	0.00816537997367	0.0196843376638	-0.0222878316569	0.0126192376725	0.057746947552	-0.0155649011125	0.000737920949169	-0.0200846437103	-0.0348647339581	-0.0191491219802	0.0272893178799	-0.0341027677298	0.0298038836126	0.0128749632081	-0.0183586340747	-0.00643658462522	-0.0151657855	-0.0672382660959	0.0142211914924	-0.0163340895885	-0.0434380185237	-0.0110778771451
k__Bacteria;p__Firmicutes;c__Clostridia;o__Clostridiales;f__Ruminococcaceae;g__Ruminiclostridium;s__[Eubacterium]_siraeum	-0.0271126969472	-0.0389501602347	-0.000681501438427	-0.0542224113281	0.0110504423236	-0.0260514805213	0.0134732398675	-0.0632527075328	0.0172326723788	0.0102822022857	-0.0191878275717	-0.0307787913393	0.0115771830097	-0.0283777299873	-0.0693485020281	-0.0168333398573	0.0255572228224	-0.00979212807235	-0.0331734455074	-0.0392278897415	-0.0465288356164	1.0	0.00382212209304	-0.00143553915009	-0.00250530839054	-0.0861144557062	-0.0119766822419	0.0337893842891	-0.00490008139024	-0.0213581505003	-0.0793900026777	-0.00730197609484	-0.00368633285794	0.010527043059	-0.0267614090804	-0.0285240595145	0.0158163535518	0.0103603924919	0.00695385964161	-0.0605318897399	0.0174994486758	0.0194651574963	0.0275671199193	-0.0236824470151	0.0310127426006	-0.00590815259081	-0.0147449176536	0.000692969762198	0.0251825882961	0.0260048308787	0.0474785348856	-0.0319293193763	-0.0236647503504	-0.0338361907639	-0.0471147953711	-0.0036418931406	0.0467457747453	-0.0124334966646	0.0124779040512
k__Bacteria;p__Proteobacteria;c__Betaproteobacteria;o__Burkholderiales;f__Sutterellaceae;g__Parasutterella;s__Parasutterella_excrementihominis	0.00199508370635	0.0256508908244	-0.051756749214	0.000402907110579	-0.00476759202849	-0.0174992898876	-0.0298900841427	0.0344380496987	0.0203516037074	0.00576128627639	0.0173080062037	-0.0168374047899	0.0515697624325	-0.0466438686083	0.0375605826952	0.0372817007627	0.0627559754806	-0.0163944549813	0.0237656987147	0.019926079069	0.02682664281	0.00382212209304	1.0	0.00490391291419	0.0177889093476	0.00541925529437	-0.0445504258077	-0.0689741067521	-0.0615438309198	0.033232619886	0.0298735485024	-0.0377806243335	-0.00522703677166	-0.0211428701647	-0.0772844068399	-0.05603854168	0.0199692186808	-0.0268155131957	0.00952074112729	-0.0457741000002	-0.0723440651037	-0.000996150429313	-0.00558088030154	0.00935987447263	-0.00570398090872	-0.0965576904275	-0.0110765722448	-0.0143030826712	0.0272112537961	-0.0238213669363	-0.0590258330692	-0.0314216028904	0.0371269486297	-0.0721116351681	-0.0270093508843	0.00499682650985	0.0129167119683	-0.0837287651154	-0.0342055734268
k__Bacteria;p__Actinobacteria;c__Actinobacteria;o__Bifidobacteriales;f__Bifidobacteriaceae;g__Bifidobacterium;s__Bifidobacterium_adolescentis	-0.0340160935578	0.0411082782568	-0.00617881178141	0.0950433500209	0.0226950638088	0.0395598890073	0.00977619006942	0.0184459748539	-0.00299312617491	0.0361809279912	0.00901038400453	-0.00585665875296	-0.00342754498251	0.00281255147815	0.0432336756453	0.0395501377047	0.0312969363879	-0.0301984361027	0.0263719797986	-0.0340036799104	-0.0180417377665	-0.00143553915009	0.00490391291419	1.0	-0.0944756858841	-0.0609356403274	-0.0510631260784	0.00195404038993	-0.00871722799954	-0.00567437301306	-0.0753201813121	0.0020701306759	0.000947001838232	-0.0129557680205	0.0109317964603	0.0131830666284	-0.0331104573326	0.0318272701564	0.026730809652	0.0287562697321	0.0368129146627	-0.00655856849462	0.0674337912907	-0.0289894635676	-0.0212760654226	0.110764525592	-0.0175508467937	-0.00386536837802	-0.0101649570687	-0.0527366292553	-0.0120919196725	-0.0222367767742	-0.0341554892437	-0.00432960886373	-0.0689417061004	0.038120320977	-0.0257882393326	0.00644899910299	-0.0116806220554
k__Bacteria;p__Firmicutes;c__Clostridia;o__Clostridiales;f__Oscillospiraceae;g__Oscillibacter;s__Oscillibacter_sp._KLE_1745	-0.0310208445243	-0.0289866273524	-0.0437324649834	-0.0627510870272	-0.0179025005209	-0.00353039726784	0.00317248936858	0.00433661749597	0.00599443142062	-0.01657107455	0.00912146999035	0.00671520579252	0.0945439866172	0.0303729913973	-0.0301065513148	-0.00865788859299	0.0828837067329	-0.0129150883869	0.0113919653345	0.0037336659856	0.00116166560352	-0.00250530839054	0.0177889093476	-0.0944756858841	1.0	-0.0250452184852	-0.0139764833603	-0.0257996163809	-0.078879678419	0.0344273457347	0.0117966536387	0.00105069834948	0.0102666810954	-0.0487511739917	-0.08214733052	-0.0410061723762	-0.0403343571902	0.018879026814	0.0123383419163	-0.0227679424902	0.00620826535006	0.00905006915044	0.0378891407114	-0.0244165255012	0.00306083103502	-0.0828494666758	0.00911422200004	-0.0200789284879	0.00567467391849	-0.0185854029966	-0.00552502801519	-0.0228227224052	0.0193936247338	0.0230394915943	0.00642197302073	0.0165107882356	0.00421620661176	-0.0030090869824	-0.0280936654616
k__Bacteria;p__Bacteroidetes;c__Bacteroidia;o__Bacteroidales;f__Bacteroidaceae;g__Bacteroides;s__Bacteroides_coprophilus	-0.0674408332273	0.0503406831392	0.0194466287625	0.033211003238	0.00980052146441	-0.0495084471405	-0.0296286894704	0.0444091136293	0.0110953284109	-0.00693255797235	0.0435737655492	0.0175268944402	-0.0430306947143	-0.0383769552993	-0.0333075934436	0.018476282283	-0.0236266844942	0.0164680256944	-0.0194972566718	0.0104883800788	0.0172013791956	-0.0861144557062	0.00541925529437	-0.0609356403274	-0.0250452184852	1.0	-0.00373398737474	0.0423844666424	0.0317007776964	-0.0411513631709	-0.00596711521175	-0.0150263886217	-0.0192694548486	0.0285342636752	0.075492551314	0.0232605283819	0.0675627069778	0.0356449452164	0.00821643715288	0.0447275840006	0.0293925150901	-0.0485266142983	0.0564671749643	-0.0403341755524	-0.0088908130982	-0.0080245704302	-0.0633761312352	-0.0618309909744	-0.00108539967844	-0.057167285093	0.0428685156784	-0.012625392052	0.0104318143834	-0.0424986176761	-0.0719545940824	0.0221220834014	-0.0642798000501	0.00841327202008	0.000153527674827
k__Bacteria;p__Firmicutes;c__Clostridia;o__Clostridiales;f__Lachnospiraceae;g__Roseburia;s__Roseburia_intestinalis	0.0376193079784	-0.0244845223439	-0.0306763229008	0.0211221352366	-0.00993555165232	-0.0477702345285	-0.00238661132904	0.0317103011652	-0.017577829743	-0.0612090083405	0.0487259718566	0.0159587651059	-0.00390795331043	-0.0235889523593	-0.0249366149298	0.000915548209856	0.00712907765908	-0.0368259065234	0.0606464097327	0.0371451316788	-0.0467968701558	-0.0119766822419	-0.0445504258077	-0.0510631260784	-0.0139764833603	-0.00373398737474	1.0	-0.00240332320681	0.0430370989337	-0.0572071385057	-0.0472446828464	0.0197250486704	0.0551530093687	-0.0567390406418	0.0255052213465	-0.0371027110519	-0.00160906666883	-0.0438396817948	0.0765820664501	-0.0138752525895	-0.0138180009202	0.00235761566411	0.0520887227077	-0.034618014331	-0.0563218304274	0.0383853845425	-0.102292609424	-0.0116049704574	-0.0701040326155	-0.0115138932957	-0.0320314376372	-0.0176790048468	-0.0412076941272	-0.0477266547915	0.0392742579961	0.0148758860721	-0.00276052737037	0.0196908922405	0.0411016057374
k__Bacteria;p__Firmicutes;c__Clostridia;o__Clostridiales;f__Lachnospiraceae;g__Roseburia;s__Roseburia_hominis	0.00157439460846	0.0529980479395	-0.0555009790422	6.6143868611e-05	-0.0273421185945	-0.0170212458133	0.00983651344946	-0.00215363401819	0.0115031472044	0.011929577863	-0.00125512243902	-0.0171767306849	-0.0579995842025	-0.0290664621149	0.00692373839383	0.0377912107427	0.00121716161476	-0.0146213436683	0.0311160016152	0.00619767490499	-0.0415734881959	0.0337893842891	-0.0689741067521	0.00195404038993	-0.0257996163809	0.0423844666424	-0.00240332320681	1.0	-0.0386461084979	0.05529399227	-0.0310588086148	0.0333179232258	0.0181136078779	-0.0612114256671	-0.0215777150525	0.0106891597714	-0.0459315757499	0.0182754860248	-0.047728223428	-0.004488242881	0.0175429571541	-0.0445022790269	-0.0365764841805	0.0365743417965	0.0450729430946	0.0220633818531	-0.0726688034151	-0.0076712722492	0.00328844722636	-0.00241615597549	-0.0120806467394	0.00383180486164	-0.0388936519309	-0.0102838335847	-0.0243570189616	0.0134967426731	-0.0451085974844	-0.0447457730212	-0.0272014706095
k__Bacteria;p__Bacteroidetes;c__Bacteroidia;o__Bacteroidales;f__Porphyromonadaceae;g__Parabacteroides;s__Parabacteroides_johnsonii	-0.00607199891913	0.00314421476486	-0.00289015442846	0.00878603153237	0.0427585226354	-0.0116813298167	0.0441564539178	0.00147733712473	0.0254811810081	-0.0150299725961	0.000998488129069	-0.00521673551585	-0.0470441243926	-0.0841967400399	-0.0432688155217	0.0071626995172	0.0260821410161	-0.0428884016884	0.0233109696109	-0.0703347459157	-0.0104142390429	-0.00490008139024	-0.0615438309198	-0.00871722799954	-0.078879678419	0.0317007776964	0.0430370989337	-0.0386461084979	1.0	-0.0169277784157	-0.0285810224705	-0.00695057219285	-0.0362177354746	0.00894547581689	0.0431183639508	-0.0394950056253	0.00603812517323	-0.056542923289	-0.0373602880689	0.00279308543635	-0.00984141547587	-0.00270142207743	-0.00490248327909	0.01428795795	0.0102551108388	0.0219162367651	-0.0155709121209	-0.0391852376315	-0.0499483459587	0.0343647181579	0.0183199714703	-0.0178337282093	-0.00756484599692	0.00691150300826	0.0383818247617	-0.0522392241038	0.0255809519755	0.0321958163422	0.015707404921
k__Bacteria;p__Actinobacteria;c__Actinobacteria;o__Bifidobacteriales;f__Bifidobacteriaceae;g__Bifidobacterium;s__Bifidobacterium_longum	0.00399805207882	0.0114264641126	-0.0291531551349	-0.00985432180878	-0.0341320680234	-0.0419317426367	-0.0544847621428	-0.00169124818225	0.00323591893899	-0.0593037122839	-0.0140915418409	0.0358859147924	-0.00845309094208	-0.0194417593341	0.0751632140293	-0.118166678662	-0.00369065858399	-0.0245654545297	0.017975257461	-0.0322609225495	-0.0325048561289	-0.0213581505003	0.033232619886	-0.00567437301306	0.0344273457347	-0.0411513631709	-0.0572071385057	0.05529399227	-0.0169277784157	1.0	0.00785199884262	0.00987179063509	-0.0221849588741	-0.0355080252904	-0.0581375747774	0.0709878087622	-0.00409449862847	0.0157208448503	0.0532466514419	0.0185898338746	-0.0388763303287	0.0330553733251	0.000366181972788	0.00414680103825	0.0575919695636	-0.0180641448431	0.0168773688995	0.0360899030392	-0.00327001158142	-0.0124633493154	0.00306641182077	-0.00709762062425	-0.0293027075927	-0.0701661171	0.0338298620114	-0.0206898966645	-0.00432920769134	-0.00682573318695	-0.0389786193754
