#taxonomy	k__Bacteria;p__Bacteroidetes;c__Bacteroidia;o__Bacteroidales;f__Bacteroidaceae;g__Bacteroides;s__Bacteroides_vulgatus	k__Bacteria;p__Bacteroidetes;c__Bacteroidia;o__Bacteroidales;f__Bacteroidaceae;g__Bacteroides;s__Bacteroides_uniformis	k__Bacteria;p__Bacteroidetes;c__Bacteroidia;o__Bacteroidales;f__Rikenellaceae;g__Alistipes;s__Alistipes_putredinis	k__Bacteria;p__Bacteroidetes;c__Bacteroidia;o__Bacteroidales;f__Prevotellaceae;g__Prevotella;s__Prevotella_copri	k__Bacteria;p__Bacteroidetes;c__Bacteroidia;o__Bacteroidales;f__Bacteroidaceae;g__Bacteroides;s__Bacteroides_stercoris	k__Bacteria;p__Bacteroidetes;c__Bacteroidia;o__Bacteroidales;f__Bacteroidaceae;g__Bacteroides;s__Bacteroides_ovatus	k__Bacteria;p__Bacteroidetes;c__Bacteroidia;o__Bacteroidales;f__Rikenellaceae;g__Alistipes;s__Alistipes_shahii	k__Bacteria;p__Firmicutes;c__Clostridia;o__Clostridiales;f__Ruminococcaceae;g__Faecalibacterium;s__Faecalibacterium_prausnitzii	k__Bacteria;p__Bacteroidetes;c__Bacteroidia;o__Bacteroidales;f__Rikenellaceae;g__Alistipes;s__Alistipes_finegoldii	k__Bacteria;p__Bacteroidetes;c__Bacteroidia;o__Bacteroidales;f__Porphyromonadaceae;g__Parabacteroides;s__Parabacteroides_distasonis	k__Bacteria;p__Bacteroidetes;c__Bacteroidia;o__Bacteroidales;f__Bacteroidaceae;g__Bacteroides;s__Bacteroides_thetaiotaomicron	k__Bacteria;p__Bacteroidetes;c__Bacteroidia;o__Bacteroidales;f__Bacteroidaceae;g__Bacteroides;s__Bacteroides_coprocola	k__Bacteria;p__Bacteroidetes;c__Bacteroidia;o__Bacteroidales;f__Bacteroidaceae;g__Bacteroides;s__Bacteroides_cellulosilyticus	k__Bacteria;p__Bacteroidetes;c__Bacteroidia;o__Bacteroidales;f__Rikenellaceae;g__Alistipes;s__Alistipes_obesi	k__Bacteria;p__Firmicutes;c__Clostridia;o__Clostridiales;f__Lachnospiraceae;g__;s__[Eubacterium]_rectale	k__Bacteria;p__Bacteroidetes;c__Bacteroidia;o__Bacteroidales;f__Bacteroidaceae;g__Bacteroides;s__Bacteroides_plebeius	k__Bacteria;p__Bacteroidetes;c__Bacteroidia;o__Bacteroidales;f__Bacteroidaceae;g__Bacteroides;s__Bacteroides_fragilis	k__Bacteria;p__Proteobacteria;c__Betaproteobacteria;o__Burkholderiales;f__Sutterellaceae;g__Sutterella;s__Sutterella_wadsworthensis	k__Bacteria;p__Bacteroidetes;c__Bacteroidia;o__Bacteroidales;f__Porphyromonadaceae;g__Barnesiella;s__Barnesiella_intestinihominis	k__Bacteria;p__Bacteroidetes;c__Bacteroidia;o__Bacteroidales;f__Odoribacteraceae;g__Odoribacter;s__Odoribacter_splanchnicus	k__Bacteria;p__Bacteroidetes;c__Bacteroidia;o__Bacteroidales;f__Bacteroidaceae;g__Bacteroides;s__Bacteroides_salyersiae	k__Bacteria;p__Firmicutes;c__Clostridia;o__Clostridiales;f__Ruminococcaceae;g__Ruminiclostridium;s__[Eubacterium]_siraeum	k__Bacteria;p__Proteobacteria;c__Betaproteobacteria;o__Burkholderiales;f__Sutterellaceae;g__Parasutterella;s__Parasutterella_excrementihominis	k__Bacteria;p__Actinobacteria;c__Actinobacteria;o__Bifidobacteriales;f__Bifidobacteriaceae;g__Bifidobacterium;s__Bifidobacterium_adolescentis	k__Bacteria;p__Firmicutes;c__Clostridia;o__Clostridiales;f__Oscillospiraceae;g__Oscillibacter;s__Oscillibacter_sp._KLE_1745	k__Bacteria;p__Bacteroidetes;c__Bacteroidia;o__Bacteroidales;f__Bacteroidaceae;g__Bacteroides;s__Bacteroides_coprophilus	k__Bacteria;p__Firmicutes;c__Clostridia;o__Clostridiales;f__Lachnospiraceae;g__Roseburia;s__Roseburia_intestinalis	k__Bacteria;p__Firmicutes;c__Clostridia;o__Clostridiales;f__Lachnospiraceae;g__Roseburia;s__Roseburia_hominis	k__Bacteria;p__Bacteroidetes;c__Bacteroidia;o__Bacteroidales;f__Porphyromonadaceae;g__Parabacteroides;s__Parabacteroides_johnsonii	k__Bacteria;p__Actinobacteria;c__Actinobacteria;o__Bifidobacteriales;f__Bifidobacteriaceae;g__Bifidobacterium;s__Bifidobacterium_longum	k__Bacteria;p__Firmicutes;c__Clostridia;o__Clostridiales;f__;g__Flavonifractor;s__Flavonifractor_plautii	k__Bacteria;p__Firmicutes;c__Clostridia;o__Clostridiales;f__Clostridiaceae;g__Clostridium;s__Clostridium_phoceensis	k__Bacteria;p__Verrucomicrobia;c__Verrucomicrobiae;o__Verrucomicrobiales;f__Akkermansiaceae;g__Akkermansia;s__Akkermansia_muciniphila	k__Bacteria;p__Bacteroidetes;c__Bacteroidia;o__Bacteroidales;f__Prevotellaceae;g__Paraprevotella;s__Paraprevotella_xylaniphila	k__Bacteria;p__Firmicutes;c__Clostridia;o__Clostridiales;f__Ruminococcaceae;g__Ruminococcus;s__Ruminococcus_callidus	k__Bacteria;p__Bacteroidetes;c__Bacteroidia;o__Bacteroidales;f__Rikenellaceae;g__Alistipes;s__Alistipes_senegalensis	k__Bacteria;p__Firmicutes;c__Clostridia;o__Clostridiales;f__Lachnospiraceae;g__Blautia;s__Blautia_sp._KLE_1732	k__Bacteria;p__Bacteroidetes;c__Bacteroidia;o__Bacteroidales;f__Bacteroidaceae;g__Bacteroides;s__Bacteroides_oleiciplenus	k__Bacteria;p__Firmicutes;c__Clostridia;o__Clostridiales;f__Ruminococcaceae;g__Ruminococcus;s__Ruminococcus_bicirculans	k__Bacteria;p__Bacteroidetes;c__Bacteroidia;o__Bacteroidales;f__Bacteroidaceae;g__Bacteroides;s__Bacteroides_fluxus	k__Bacteria;p__Bacteroidetes;c__Bacteroidia;o__Bacteroidales;f__Prevotellaceae;g__Prevotella;s__Prevotella_stercorea	k__Bacteria;p__Firmicutes;c__Clostridia;o__Clostridiales;f__Lachnospiraceae;g__Dorea;s__Dorea_longicatena	k__Bacteria;p__Firmicutes;c__Clostridia;o__Clostridiales;f__Eubacteriaceae;g__Eubacterium;s__[Eubacterium]_eligens	k__Bacteria;p__Firmicutes;c__Clostridia;o__Clostridiales;f__Ruminococcaceae;g__;s__Ruminococcaceae_bacterium_D16	k__Bacteria;p__Firmicutes;c__Clostridia;o__Clostridiales;f__Lachnospiraceae;g__Coprococcus;s__Coprococcus_comes	k__Bacteria;p__Proteobacteria;c__Gammaproteobacteria;o__Enterobacterales;f__Enterobacteriaceae;g__Escherichia;s__Escherichia_coli	k__Bacteria;p__Firmicutes;c__Clostridia;o__Clostridiales;f__Ruminococcaceae;g__Anaerotruncus;s__Anaerotruncus_colihominis	k__Bacteria;p__Firmicutes;c__Clostridia;o__Clostridiales;f__Lachnospiraceae;g__Blautia;s__Blautia_obeum	k__Bacteria;p__Bacteroidetes;c__Bacteroidia;o__Bacteroidales;f__Odoribacteraceae;g__Odoribacter;s__Odoribacter_laneus	k__Bacteria;p__Firmicutes;c__Clostridia;o__Clostridiales;f__Ruminococcaceae;g__Ruminiclostridium;s__[Clostridium]_leptum	k__Bacteria;p__Bacteroidetes;c__Bacteroidia;o__Bacteroidales;f__Porphyromonadaceae;g__Parabacteroides;s__Parabacteroides_goldsteinii	k__Bacteria;p__Firmicutes;c__Clostridia;o__Clostridiales;f__Lachnospiraceae;g__Anaerostipes;s__Anaerostipes_hadrus	k__Bacteria;p__Firmicutes;c__Clostridia;o__Clostridiales;f__Ruminococcaceae;g__Ruminococcus;s__Ruminococcus_lactaris	k__Bacteria;p__Firmicutes;c__Clostridia;o__Clostridiales;f__Clostridiaceae;g__Clostridium;s__Clostridium_sp._L2-50	k__Bacteria;p__Firmicutes;c__Clostridia;o__Clostridiales;f__Clostridiaceae;g__Clostridium;s__Clostridium_sp._M62/1	k__Bacteria;p__Firmicutes;c__Clostridia;o__Clostridiales;f__;g__Intestinimonas;s__Intestinimonas_butyriciproducens	k__Bacteria;p__Actinobacteria;c__Actinobacteria;o__Bifidobacteriales;f__Bifidobacteriaceae;g__Bifidobacterium;s__Bifidobacterium_bifidum	k__Bacteria;p__Firmicutes;c__Negativicutes;o__Veillonellales;f__Veillonellaceae;g__Dialister;s__Dialister_invisus	k__Bacteria;p__Bacteroidetes;c__Bacteroidia;o__Bacteroidales;f__Bacteroidaceae;g__Bacteroides;s__Bacteroides_salanitronis
k__Bacteria;p__Bacteroidetes;c__Bacteroidia;o__Bacteroidales;f__Bacteroidaceae;g__Bacteroides;s__Bacteroides_vulgatus	1.0	-0.0144681554474	0.0117653244523	-0.0746380003829	-0.0161622384366	-0.008951262341	-0.0184920319133	0.00485629216741	0.0239627747916	-0.027001358221	-0.0217020224564	-0.0127288694602	-0.0151706095656	0.0309898889911	0.000793501303826	-0.0437053685189	0.00322529597268	0.00968205490899	0.0110006824754	-0.0366187349244	0.0420712231913	0.00406773001235	-0.0327275058409	0.0172458468082	-0.029687309817	0.0295276201606	-0.00784476565997	0.0206594856265	0.0273927726876	-0.10019645147	0.0556993533298	-0.00624217751742	0.038399918432	0.0565980972473	0.00999000125476	-0.00422249234523	-0.0185437485255	0.0462594053277	-0.026347792819	-0.0563232780139	-0.0171380452146	0.00323796289372	0.0198882198583	0.0577976555731	0.0336341163314	-0.0297776105744	0.007614573544	-0.0341174289152	-0.0598557571043	-0.0150952206696	0.0275236379353	-0.0537402869035	-0.00120939295995	-0.00957672892705	0.0579483646681	-0.0562596434933	-0.00965789982605	-0.0550666770775	-0.00518998744304
k__Bacteria;p__Bacteroidetes;c__Bacteroidia;o__Bacteroidales;f__Bacteroidaceae;g__Bacteroides;s__Bacteroides_uniformis	-0.0144681554474	1.0	-0.0204791899547	-0.0426981163925	0.0216081783375	-0.0721897393632	-0.00640350438859	-0.0639272405778	-0.0190898527941	0.00751960928864	-0.019824893275	0.0146392838012	0.00446013565229	-0.0100354247591	-0.0443788961132	-0.0186369479766	-0.0968235109693	-0.0466069132277	-0.043072524809	0.0197174170852	-0.0929670825155	0.0128312079876	0.0521306957111	-0.0311919785938	0.0183739337442	-0.0777098511822	0.00802445276126	-0.0203803020904	0.0180722516596	6.98650974193e-05	-0.00273042550122	-0.0160496914202	0.028283161544	-0.0369632603531	0.0563197293659	-0.0170079509386	0.0325711153833	0.043337862936	-0.0034487577719	0.0494166823347	-0.00391595235479	-0.00515090920512	-0.0168969330931	0.0135454268321	-0.0906218638052	0.0852443593477	-0.0517347163127	-0.0063995242286	0.0241287869845	0.0454797404253	-0.0680190808544	0.0679887475413	0.00158796796791	-0.0265332365352	-0.0405926687282	0.0277689963403	-0.0060740455649	0.0620011049924	-0.0372982206653
k__Bacteria;p__Bacteroidetes;c__Bacteroidia;o__Bacteroidales;f__Rikenellaceae;g__Alistipes;s__Alistipes_putredinis	0.0117653244523	-0.0204791899547	1.0	-0.0361142926633	-0.032147432612	0.0497375416276	-0.0341043708467	-0.0709786610859	0.0524577233732	-0.0237799517323	0.0211593499885	0.117515131348	0.0290942771392	0.0321951443078	0.0597760116367	-0.0274161940418	0.0122067483077	-0.0385039374477	0.0271071321044	0.0346844209427	-0.0204379498689	0.011244249185	0.0249906576767	-0.0254704751289	-0.0330638110558	0.00222395159865	-0.0320573795156	-0.0401712189633	-0.00248765194116	0.00791222906154	-0.0697433587978	0.031053258544	-0.0209857354566	0.0154539525662	0.00394540614283	0.00369770153502	-0.00757292750019	-0.00112247821776	-0.0885893167906	0.0175591651506	-0.0128106391741	0.0265633708173	0.0164047506413	-0.069435027578	0.00146442571387	0.0276362655231	0.000599597569225	0.00612292148504	-0.0759467756843	-0.0514967937233	-0.0240094774023	-0.032982670554	0.00961725377684	0.00409260838946	-0.0428808771816	-0.0433822761182	0.0228506459272	0.00987623891291	-0.00579465436477
k__Bacteria;p__Bacteroidetes;c__Bacteroidia;o__Bacteroidales;f__Prevotellaceae;g__Prevotella;s__Prevotella_copri	-0.0746380003829	-0.0426981163925	-0.0361142926633	1.0	0.00448089463642	0.104796755792	-0.0558614973293	0.0750320002838	-0.0585234614528	-0.0808506491436	0.0271746366578	0.0184268489205	0.033919067968	-0.00708710428431	0.0828796640379	-0.0448374108103	0.0342596363741	-0.0284276048045	-0.0102942548248	0.0118337459194	-0.0785160400304	-0.0704722931894	-0.0489459360057	0.0108883374801	0.0230618271481	0.0532129449947	-0.0175960113835	-0.0305913153231	0.0263092059583	-0.00853105231068	-0.045412881507	0.0433402340694	0.0412465779607	0.01121457853	0.0676344883084	0.0638662010785	0.0114675619693	0.0345121958875	-0.00564314103972	-0.0848987344393	-0.06629409163	-0.0641033430647	0.056696767506	-0.00667505504036	-0.00941181761093	0.012925182018	-0.046791050095	-0.0251879888923	-0.0260696967976	0.0547726254446	-0.0534621908169	0.0318235744	-0.0720881526304	0.0306201359782	-0.00494974074397	-0.0217781172883	-0.0795001264864	0.0276749114987	0.00904873235426
k__Bacteria;p__Bacteroidetes;c__Bacteroidia;o__Bacteroidales;f__Bacteroidaceae;g__Bacteroides;s__Bacteroides_stercoris	-0.0161622384366	0.0216081783375	-0.032147432612	0.00448089463642	1.0	0.00500753871169	-0.0165814102286	0.0409747093963	-0.0374324966043	-0.012066463253	-0.0103422671611	0.0313218608064	-0.0932823540934	-0.0630379236023	0.00394782481165	-0.0458199610926	0.0185188555052	0.0427338060384	-0.0752698718241	0.0379656742419	-0.0123184741845	-0.0253965708779	-0.0217505054413	-0.0156598895996	0.0234912901666	-0.0158989371046	-0.0301684265982	0.0381667496196	-0.00919842888449	-0.0509272781936	0.0261041839284	0.0173554528111	-0.0544478412619	-0.0334565595324	-0.00400493565376	0.0370496911576	-0.0530414992926	-0.0180530036205	-0.0321645126123	-0.0141703827088	-0.028510928548	0.0157403164302	-0.0521674513784	-0.0202538977744	-0.0790488923686	0.0118867488991	0.0351325231345	-0.0118632502551	0.0106389164466	-0.0326573482101	0.0222982397927	0.0209957331571	-0.0101141570909	0.0552520816275	-0.0286093361142	-0.0607010026507	-0.0175711874243	0.0452075436952	0.020705894316
k__Bacteria;p__Bacteroidetes;c__Bacteroidia;o__Bacteroidales;f__Bacteroidaceae;g__Bacteroides;s__Bacteroides_ovatus	-0.008951262341	-0.0721897393632	0.0497375416276	0.104796755792	0.00500753871169	1.0	-0.0200285728426	-0.0129126697182	0.00381791315284	-0.0858108611644	0.0059495399611	0.0638007028026	0.0373338429276	-0.0204677453992	-0.010955699475	-0.0360651292779	-0.041820042209	0.0129903630645	-0.0840191427432	0.00958424901269	-0.0121353163846	0.0217092072681	-0.104375579005	0.0369284408913	0.00314229109628	-0.0582952172387	0.037350399584	0.0038849302614	-0.0259741249541	-0.000215355069611	-0.024753955232	0.0148310851267	-0.0293604161433	-0.00669819346932	-0.0235006912844	0.0153162650167	-0.0297845940054	-0.000158007961101	-0.0250280320995	-0.020838360958	-0.00886210738599	-0.0152837460667	-0.0470606384489	-0.00729389450403	0.0240631635881	-0.0212910444533	-0.0223414769653	-0.0673089891988	-0.0289958930116	0.0369616006582	-0.0360865643418	-0.0199435357217	-0.052701806485	0.0220626653967	0.021439739812	0.012976108951	0.0109619239666	-0.0447755819352	0.00365263107588
k__Bacteria;p__Bacteroidetes;c__Bacteroidia;o__Bacteroidales;f__Rikenellaceae;g__Alistipes;s__Alistipes_shahii	-0.0184920319133	-0.00640350438859	-0.0341043708467	-0.0558614973293	-0.0165814102286	-0.0200285728426	1.0	-0.0437353329664	-0.00457412917108	-0.0313896902464	0.00844366451739	-0.0458507599501	-0.00912551887589	0.0317133202684	-0.0573534826587	-0.0202900745574	0.00980266976969	-0.0429809079259	0.00861600511445	-0.0621397953756	0.00942145384485	0.00016580003269	0.0388064689752	0.0504550439681	-0.0254667119373	0.0600396905542	-0.00514548184582	0.0151809054235	0.0346994957594	-0.0067291317824	0.000375764897042	0.0173784969164	0.0480254304473	0.0354402418828	0.0213245277161	-0.0240314178074	-0.0240960624838	-0.0546449016412	0.0294649184373	0.0440712527731	-0.0302471605852	0.0176115626946	0.034933099191	-0.0339694708089	-0.0254717606488	0.0931690696473	-0.0197223830557	-0.0456042143088	-0.0432972815825	-0.0182210654943	0.021223390181	-0.0444576886665	0.0591671234399	-0.04814546453	-0.0658029705345	-0.0275134693355	0.00486029579042	0.058762687701	-0.0300817592887
k__Bacteria;p__Firmicutes;c__Clostridia;o__Clostridiales;f__Ruminococcaceae;g__Faecalibacterium;s__Faecalibacterium_prausnitzii	0.00485629216741	-0.0639272405778	-0.0709786610859	0.0750320002838	0.0409747093963	-0.0129126697182	-0.0437353329664	1.0	-0.0343073925988	0.0343704605547	-0.000573229930653	-0.026099869045	-0.0459585786965	0.0345645224812	0.000421533422927	0.00134672732169	0.0814142489487	-0.00383902862629	-0.00596392972098	-0.0138623052973	-0.0697080083774	-0.0336267721768	-0.0142024736454	0.0197974466023	0.00440097932191	-0.018182903151	0.0121895574913	-0.0232136540152	-0.0103406687325	-0.0210245777279	0.0692009994684	0.00314561030096	0.0326373448342	-0.0744458429239	-0.0572980797243	-0.00170154537096	-0.0159413517109	-0.00872855821768	-0.0489165196876	-0.0132587740693	-0.0312088923609	0.0629739322315	-0.0800645551684	0.0552326316177	0.0420363500455	-0.0563541777155	-0.00782374817537	-0.0777886925048	-0.0427470814179	0.0400838428708	-0.0499967562282	-0.0468989915089	-0.0200175054417	0.0292583967169	0.0428709921732	0.00726210895012	0.0107105911565	-0.0304900157499	0.0153468632067
k__Bacteria;p__Bacteroidetes;c__Bacteroidia;o__Bacteroidales;f__Rikenellaceae;g__Alistipes;s__Alistipes_finegoldii	0.0239627747916	-0.0190898527941	0.0524577233732	-0.0585234614528	-0.0374324966043	0.00381791315284	-0.00457412917108	-0.0343073925988	1.0	-0.0646453523282	-0.0322720778489	-0.0242067377749	-0.0164500083597	-0.0412558972913	-0.0302222491423	-0.0384671766415	-0.0191556057928	-0.0216653766397	-0.00453599133527	-0.053423951809	-0.0149564340644	0.0101207564391	-0.0112732536512	0.0197839634501	-0.0329858533013	-0.0243421918655	-0.0425501662871	0.0399825391654	0.00312009063783	-0.0249722445361	-0.0119699079579	0.109634689513	-0.0207093330189	-0.0593374022764	0.0127796126475	-0.00370455893486	-0.0289610067435	0.0487901824017	0.0792948802932	-0.0252904604107	-0.0310306383794	0.0136285327273	-0.0314535747549	-0.0204610775103	-0.0202463012378	0.039626402492	-0.0282580691896	0.0469404206987	-0.0340482483091	0.0452567914532	-0.0662624951475	-0.0234431632034	0.0211172726937	-0.0346325239628	-0.015089841061	0.080803773446	-0.00276238038129	-0.00553844117766	0.0116114802066
k__Bacteria;p__Bacteroidetes;c__Bacteroidia;o__Bacteroidales;f__Porphyromonadaceae;g__Parabacteroides;s__Parabacteroides_distasonis	-0.027001358221	0.00751960928864	-0.0237799517323	-0.0808506491436	-0.012066463253	-0.0858108611644	-0.0313896902464	0.0343704605547	-0.0646453523282	1.0	-0.00983975886033	-0.0506443747269	0.0341874791137	-0.0116692815023	0.111917163975	0.0103181159568	0.00880326706924	-0.00358786471383	-0.0111437778587	0.0534118207152	0.00107719421306	0.0180808025915	0.0483428532401	-0.0321305006463	0.0407994058792	-0.0246556152	0.0901508449604	-0.0606292914023	0.0136562994374	0.0588899192565	-0.0565826410973	0.0333329462158	0.0300601557568	-0.0141953917265	-0.0544252313957	-0.00628412584717	-0.055108568467	-0.00959819700028	-0.0422214308001	-0.0700962970011	0.0334167392907	-0.0601183746587	-0.0293460165254	0.0303353641943	0.0413801742531	0.0245602329345	-0.0434464646444	-0.0465719085944	0.0638398567068	-0.0193138890244	0.018036988226	0.0171756230589	-0.0619021183099	-0.00445258231467	-0.0742418371131	-0.0508665082633	0.0341982648631	0.0295274825494	0.0567026177773
k__Bacteria;p__Bacteroidetes;c__Bacteroidia;o__Bacteroidales;f__Bacteroidaceae;g__Bacteroides;s__Bacteroides_thetaiotaomicron	-0.0217020224564	-0.019824893275	0.0211593499885	0.0271746366578	-0.0103422671611	0.0059495399611	0.00844366451739	-0.000573229930653	-0.0322720778489	-0.00983975886033	1.0	0.0342358727082	0.0580476628311	0.002836808828	0.00164023474779	-0.0163641588303	0.0193239051997	-0.0224358590736	0.0362846414112	-0.0118349599503	-0.0443791388371	-0.146038506213	-0.0509318257668	-0.0577496378326	0.0370913257515	0.0360092665263	0.039527890965	-0.0321287623739	-0.0130868654028	-0.0284652993937	-2.54656733778e-06	0.00402100821814	-0.0100177488681	0.0522438988808	-0.0167441279065	-0.0900779430031	-0.00196911258092	-0.00977662513612	0.0176320890451	-0.00903576553045	-0.0684639929538	0.0384201765474	0.0517701212305	0.0612231185469	0.0280671401966	0.0409438601388	-0.0613804257359	-0.054756872328	-0.0347787639444	-0.0389528540992	0.0620635586017	-0.0169247075355	-0.0896006860561	-0.0798247537367	0.0234946605162	-0.0198494871556	-0.079294679177	-0.0109306020687	0.032913623809
k__Bacteria;p__Bacteroidetes;c__Bacteroidia;o__Bacteroidales;f__Bacteroidaceae;g__Bacteroides;s__Bacteroides_coprocola	-0.0127288694602	0.0146392838012	0.117515131348	0.0184268489205	0.0313218608064	0.0638007028026	-0.0458507599501	-0.026099869045	-0.0242067377749	-0.0506443747269	0.0342358727082	1.0	0.0443693720041	0.0467423261515	-0.0482407033926	-0.102358891339	0.0336545501306	0.0434335407913	-0.0290741972598	-0.0428711529641	-0.0601570213865	0.0147351720316	0.00403451261073	-0.0719183990096	0.0555916493872	-0.0281906093831	-0.015556232039	0.0320246976863	0.00424042520256	0.011556462398	-0.00156990198662	-0.0216158217823	0.00245139618462	0.0143872435107	0.0254725812709	0.0379349857073	-0.0417881287006	0.0682751575929	-0.0233567583473	-0.0299130205313	0.0201318672753	-0.00714254267125	0.0016075214496	-0.0446924039081	-0.00780465720711	-0.073129635554	-0.0267169555827	-0.08202000552	-0.0397516717275	-0.0300487959325	0.0286894384337	-0.0344389213255	0.00674564015214	-0.0186041834716	-0.00620936735913	0.00386443716804	0.0778986889976	-0.0271185578378	-0.0564746481879
k__Bacteria;p__Bacteroidetes;c__Bacteroidia;o__Bacteroidales;f__Bacteroidaceae;g__Bacteroides;s__Bacteroides_cellulosilyticus	-0.0151706095656	0.00446013565229	0.0290942771392	0.033919067968	-0.0932823540934	0.0373338429276	-0.00912551887589	-0.0459585786965	-0.0164500083597	0.0341874791137	0.0580476628311	0.0443693720041	1.0	-0.0682518070862	-0.0168465493821	-0.0135470874814	-0.0119150190661	-0.0326509764169	0.0103644551177	0.00718293778764	0.0713608582216	0.0251637992334	-0.032476371516	0.0563082084559	-0.0242064226045	0.0423819638909	-0.0251295014699	-0.0588772043419	-0.0212636205646	-0.0239733428527	-0.0562036892668	0.0170032283313	0.0440486629252	-0.0831063385914	0.00132931122601	0.00768049486419	-0.00105766230116	0.0585120859611	0.0440157442931	-0.0299665369476	-0.00903820144481	0.00442127097413	-0.0350057879259	-0.00577710522296	-0.0356520305589	-0.0201648514761	-0.0388411693435	-0.0266793610291	-0.0162506633522	-0.0715473958519	-0.0182260298134	0.0121701400038	0.0299183279558	-0.0258091015055	-0.0703530059885	-0.0904659220668	-0.0113487532934	0.00643278510073	-0.000629217179417
k__Bacteria;p__Bacteroidetes;c__Bacteroidia;o__Bacteroidales;f__Rikenellaceae;g__Alistipes;s__Alistipes_obesi	0.0309898889911	-0.0100354247591	0.0321951443078	-0.00708710428431	-0.0630379236023	-0.0204677453992	0.0317133202684	0.0345645224812	-0.0412558972913	-0.0116692815023	0.002836808828	0.0467423261515	-0.0682518070862	1.0	-0.0322560957188	0.00484662267266	-0.0712112279229	-0.0299857151565	0.0174423258443	0.00169804547226	-0.0563814307463	-0.0691850518306	0.0336342330628	-0.0666856414775	0.0505388367755	-0.0308881019899	-0.033688385471	0.0865575782638	0.00996258992448	-0.0928155946338	-0.020480493893	-0.0313017286887	0.0210317292709	0.0279291044784	0.0237989775926	-0.0297123221131	0.0317873370601	0.0290756399701	-0.00436130329398	-0.0610367288245	-0.0399307137532	-0.0453244080248	0.0392756125544	0.0316486701814	0.0336709895568	0.0499337053717	-0.0329328708786	-0.036795885867	-0.111428244188	-0.0157838988308	-0.00361909550487	0.0194358417117	-0.03493209085	-0.0272811212762	0.012185260402	-0.0215400870525	-0.026133257756	0.0461336719695	-0.0338393159776
k__Bacteria;p__Firmicutes;c__Clostridia;o__Clostridiales;f__Lachnospiraceae;g__;s__[Eubacterium]_rectale	0.000793501303826	-0.0443788961132	0.0597760116367	0.0828796640379	0.00394782481165	-0.010955699475	-0.0573534826587	0.000421533422926	-0.0302222491423	0.111917163975	0.00164023474779	-0.0482407033926	-0.0168465493821	-0.0322560957188	1.0	0.0389037440558	-0.036716728372	-0.0186566214115	-0.0255155337981	0.000420880081972	-0.0711857915062	0.00859401640239	-0.050948169703	0.0283795149182	-0.027113138605	-0.0812218057969	-0.0802132692606	-0.0964862364468	0.0397273301161	-0.00500773850003	-0.0607630643849	0.0423434496909	0.0130187645141	0.0338776583377	-0.0215925516923	-0.0074977901808	0.00797615212036	0.00642015556471	0.0196739858169	-0.060803603088	0.0113860266173	0.00806813147525	0.00106830201787	-0.00931481314675	-0.00613579648078	0.0223405088964	0.022892511607	-0.000847480543655	-0.0175978524484	-0.0359679692661	0.0240500095	-0.00574010080869	-0.0309451674139	-0.00262798321746	0.0600332029399	0.0306414597709	-0.00906036045822	0.016079451823	0.000471910915044
k__Bacteria;p__Bacteroidetes;c__Bacteroidia;o__Bacteroidales;f__Bacteroidaceae;g__Bacteroides;s__Bacteroides_plebeius	-0.0437053685189	-0.0186369479766	-0.0274161940418	-0.0448374108103	-0.0458199610926	-0.0360651292779	-0.0202900745574	0.00134672732169	-0.0384671766415	0.0103181159568	-0.0163641588303	-0.102358891339	-0.0135470874814	0.00484662267266	0.0389037440558	1.0	-0.050629186514	-0.0509235908275	-0.046499443543	0.0141439482777	-0.0697907590762	-0.0376926925746	-0.0109598269445	-0.00830479608102	-0.00733369585755	0.00264296340819	-0.0251814187241	-0.031006017847	-0.0614593480062	0.0500401930228	0.0233923803811	0.00486345960902	-0.080684786911	0.0274054148537	-0.0699178600978	-0.0135249376703	-0.0350556044818	0.000510142988944	-0.0389415209215	0.0133236950628	-0.00313430583368	0.0376701565464	-0.0346931667172	-0.011869745802	0.00727052411856	-0.00542302921352	-0.0286576180406	0.042697713236	-0.0065526178582	-0.00945020552964	-0.044772316194	0.059905714032	-0.0394717035916	-0.00925392419897	-0.0300446152273	-0.0288789012558	-0.00240297007582	-0.0163710878636	0.0341131108576
k__Bacteria;p__Bacteroidetes;c__Bacteroidia;o__Bacteroidales;f__Bacteroidaceae;g__Bacteroides;s__Bacteroides_fragilis	0.00322529597268	-0.0968235109693	0.0122067483077	0.0342596363741	0.0185188555052	-0.041820042209	0.00980266976969	0.0814142489487	-0.0191556057928	0.00880326706924	0.0193239051997	0.0336545501306	-0.0119150190661	-0.0712112279229	-0.036716728372	-0.050629186514	1.0	-0.00223419105691	-0.00761062820405	0.000409281379311	0.027073109033	-0.0111343460204	0.00682083550431	-0.0117934323119	-0.0447983823931	-0.0235204824242	-0.0162808422487	0.0112175749772	-0.019658109191	0.00637850236447	0.0186708703374	-0.0373664237307	0.0359148021064	0.0387642302979	0.00955615715445	-0.0252113528761	0.0172431498674	-0.0580083845535	-0.0166377457969	-0.0172770666211	-0.022420425156	-0.0189549251282	-0.00150866823117	-0.0649284023838	-0.0574064731718	0.0179855902634	0.0633561139434	0.0517208677121	-0.000256844175524	-0.0417390546632	-0.0746155842749	-0.0920568904299	0.00192473729022	-0.000916304254456	-0.0263850791312	-0.0128329717415	-0.00199678927527	-0.0641671734855	0.0484560607194
k__Bacteria;p__Proteobacteria;c__Betaproteobacteria;o__Burkholderiales;f__Sutterellaceae;g__Sutterella;s__Sutterella_wadsworthensis	0.00968205490899	-0.0466069132277	-0.0385039374477	-0.0284276048045	0.0427338060384	0.0129903630645	-0.0429809079259	-0.00383902862629	-0.0216653766397	-0.00358786471383	-0.0224358590736	0.0434335407913	-0.0326509764169	-0.0299857151565	-0.0186566214115	-0.0509235908275	-0.00223419105691	1.0	0.0320819304977	0.024489105329	0.00839536633272	0.0195843621057	0.052434630065	-0.00818340144615	-0.0600600197253	0.0119785392904	-0.039497299418	-0.0577925667617	-0.0395085340769	-0.0643543927908	0.0229214920847	0.0164758839084	0.0379541788996	0.0511202107882	0.0270129848976	-0.00332795038605	-0.0739258680557	0.0356413206715	-0.102236403539	-0.0393567523646	0.0239651896199	-0.0102512403436	-0.000475872250195	0.0928999499069	-0.0312121535664	0.0180029459652	0.0630961084605	-0.0279821769625	-0.0189202306839	-0.0685468658147	0.0328467944217	0.0310645102401	-0.00316212077036	0.0222880376157	-0.0112452017704	0.0730443315426	-0.0934190879837	-0.048322026256	-0.054858805062
k__Bacteria;p__Bacteroidetes;c__Bacteroidia;o__Bacteroidales;f__Porphyromonadaceae;g__Barnesiella;s__Barnesiella_intestinihominis	0.0110006824754	-0.043072524809	0.0271071321044	-0.0102942548248	-0.0752698718241	-0.0840191427432	0.00861600511445	-0.00596392972098	-0.00453599133527	-0.0111437778587	0.0362846414112	-0.0290741972598	0.0103644551177	0.0174423258443	-0.0255155337981	-0.046499443543	-0.00761062820405	0.0320819304977	1.0	0.0322250271132	-0.0215475814504	-0.063907526638	0.0434457312456	-0.0555067383295	-0.0552117956926	-0.0410417403584	-0.0920161579023	0.0261213353515	-0.0616892496674	0.04712342732	-0.00791478052443	-0.0408106667039	0.0113611953398	0.00608381496769	-0.0148519227288	-0.00961922536605	-0.0769558282601	0.0816788754965	0.0117318598755	-0.070908570158	-0.0291099973946	0.0436597880643	-0.0261973104494	-0.0797803106496	0.0331660486116	-0.027698937971	0.021623827474	0.0498461741963	0.00150716998057	0.0878170350284	-0.00531528095974	-0.0225243349852	-0.0173178403436	-0.0352582642578	0.041425108479	-0.0448068951463	-0.0417688533465	0.00990424386265	0.0154278091719
k__Bacteria;p__Bacteroidetes;c__Bacteroidia;o__Bacteroidales;f__Odoribacteraceae;g__Odoribacter;s__Odoribacter_splanchnicus	-0.0366187349244	0.0197174170852	0.0346844209427	0.0118337459194	0.0379656742419	0.00958424901269	-0.0621397953756	-0.0138623052973	-0.053423951809	0.0534118207152	-0.0118349599503	-0.0428711529641	0.00718293778764	0.00169804547226	0.000420880081972	0.0141439482777	0.000409281379311	0.024489105329	0.0322250271132	1.0	-0.0197491668172	-0.071760448048	-0.023603060389	0.0653594186757	-0.0586982079748	-0.0613968519304	-0.0292776965983	-0.00625872223649	-0.0162552647387	0.0201661397145	-0.0280495592725	0.0160619596047	-0.0637555643866	0.0144427839331	0.0196690862531	0.00912923710601	0.0417810163664	0.0144620207345	-0.00216111672081	-0.0383557576646	0.00141489865776	0.0304210931566	0.0825046992848	-0.0476898847803	0.0102559070986	0.0581342530508	-0.00082396005598	-0.0437727384938	0.00919583229725	-0.00860880231877	0.066828671973	-0.0335818205187	-0.0335027867575	-0.0423504419422	0.0326453132664	-0.024334854052	-0.03622007257	0.0280834029589	-0.0783353646726
k__Bacteria;p__Bacteroidetes;c__Bacteroidia;o__Bacteroidales;f__Bacteroidaceae;g__Bacteroides;s__Bacteroides_salyersiae	0.0420712231913	-0.0929670825155	-0.0204379498689	-0.0785160400304	-0.0123184741845	-0.0121353163846	0.00942145384485	-0.0697080083774	-0.0149564340644	0.00107719421306	-0.0443791388371	-0.0601570213865	0.0713608582216	-0.0563814307463	-0.0711857915062	-0.0697907590762	0.027073109033	0.00839536633272	-0.0215475814504	-0.0197491668172	1.0	-0.0313353977595	-0.00115442445537	0.0180885746919	-0.0591568000823	0.0126233684071	-0.00833666887746	-0.0235498886215	0.0350550967914	0.0356581342787	-0.0120068469908	0.00930430195318	-0.0466164328655	0.0311523167634	0.000314649036463	-0.00954622307355	-0.0170487919281	-0.0525349322446	0.0590606593939	-0.0277538962932	0.0249192335052	-0.0265374297463	-0.0507078245658	-0.0416950952499	-0.00839706056194	0.047792789378	-0.0264722612376	0.0166205426733	0.048969685128	0.0138724338811	0.0279221096118	-0.0462985731566	0.0349666531108	-0.00522813740907	0.0414169537271	-0.0119613133822	-0.0108049748534	0.00793351999282	-0.0732318793187
k__Bacteria;p__Firmicutes;c__Clostridia;o__Clostridiales;f__Ruminococcaceae;g__Ruminiclostridium;s__[Eubacterium]_siraeum	0.00406773001235	0.0128312079876	0.011244249185	-0.0704722931894	-0.0253965708779	0.0217092072681	0.00016580003269	-0.0336267721768	0.0101207564391	0.0180808025915	-0.146038506213	0.0147351720316	0.0251637992334	-0.0691850518306	0.00859401640239	-0.0376926925746	-0.0111343460204	0.0195843621057	-0.063907526638	-0.071760448048	-0.0313353977595	1.0	0.00930171110847	0.0703541196079	-0.0671699118651	0.0222558479604	0.0583336340543	-0.00413462693042	0.0126989794259	0.0255541616242	0.00715633448225	-0.0173378154098	-0.0202896175354	-0.0611608527803	-0.00477134228874	-0.00487513709963	-0.0938258020936	0.0182464546949	0.00669849167195	-0.00294025558304	0.00466207561779	0.0108865828167	-0.0746881597361	-0.0238137808617	-0.0184225250339	-0.0752372150522	-0.0191773258539	-0.00355151019101	-0.0413507246059	0.0126817214037	-0.0914802644391	-0.0449328861768	0.0461124883267	-0.0330173863401	-0.0179585471993	0.034824164125	0.031138761745	-0.0541326090458	-0.0352824418778
k__Bacteria;p__Proteobacteria;c__Betaproteobacteria;o__Burkholderiales;f__Sutterellaceae;g__Parasutterella;s__Parasutterella_excrementihominis	-0.0327275058409	0.0521306957111	0.0249906576767	-0.0489459360057	-0.0217505054413	-0.104375579005	0.0388064689752	-0.0142024736454	-0.0112732536512	0.0483428532401	-0.0509318257668	0.00403451261073	-0.032476371516	0.0336342330628	-0.050948169703	-0.0109598269445	0.00682083550431	0.052434630065	0.0434457312456	-0.023603060389	-0.00115442445537	0.00930171110847	1.0	0.0279441572696	-0.0237086701369	-0.0653174948221	-0.0412024429583	0.0428153530549	0.0570311638548	0.0288077393717	-0.0294031871108	0.0478731186138	0.0059353502991	0.0335784271226	-0.076170779517	0.0125164973731	-0.0662929724572	-0.0689610128128	-0.0276890154939	-0.0231681172222	-0.00404910899866	0.0062485344138	-0.00669775147332	0.0291780735032	-0.0713937672275	0.0225263167239	0.0615650571127	0.0799197266508	-0.0151183249855	-0.1040058648	-0.0137504914119	-0.0203476632367	-0.0696362387235	-0.079237355238	-0.0346374937699	-0.0419812592844	-0.0458213215844	0.048194946797	-0.02787365059
k__Bacteria;p__Actinobacteria;c__Actinobacteria;o__Bifidobacteriales;f__Bifidobacteriaceae;g__Bifidobacterium;s__Bifidobacterium_adolescentis	0.0172458468082	-0.0311919785938	-0.0254704751289	0.0108883374801	-0.0156598895996	0.0369284408913	0.0504550439681	0.0197974466023	0.0197839634501	-0.0321305006463	-0.0577496378326	-0.0719183990096	0.0563082084559	-0.0666856414775	0.0283795149182	-0.00830479608102	-0.0117934323119	-0.00818340144615	-0.0555067383295	0.0653594186757	0.0180885746919	0.0703541196079	0.0279441572696	1.0	-0.0444193203116	0.00609389203351	0.0492712865374	-0.000141973356979	-0.023327877595	0.0137370228623	0.0307203335143	0.0522168257914	-0.0204596832128	-0.0136593202657	-0.0180936297393	0.00158039251315	-0.0606978239459	0.0361909299413	-0.0660668966174	0.0140731830687	-0.0453633967816	-0.0234365218307	-0.0945309028628	0.00310528342769	0.0219571669527	-0.0402143008887	0.0498115708685	0.0325692605475	0.0614318345718	0.0103081909545	-0.0826912315125	-0.0706910385485	0.0385470914914	-0.0546545594951	0.060059845765	0.000122890790904	-0.0515396770215	-0.0500142303466	-0.0207160050384
k__Bacteria;p__Firmicutes;c__Clostridia;o__Clostridiales;f__Oscillospiraceae;g__Oscillibacter;s__Oscillibacter_sp._KLE_1745	-0.029687309817	0.0183739337442	-0.0330638110558	0.0230618271481	0.0234912901666	0.00314229109628	-0.0254667119373	0.00440097932191	-0.0329858533013	0.0407994058792	0.0370913257515	0.0555916493872	-0.0242064226045	0.0505388367755	-0.027113138605	-0.00733369585755	-0.0447983823931	-0.0600600197253	-0.0552117956926	-0.0586982079748	-0.0591568000823	-0.0671699118651	-0.0237086701369	-0.0444193203116	1.0	0.0203589284059	-0.0451866869062	0.0474554576425	-0.088130379796	-0.114352422478	-0.0395432397376	0.00265917759316	0.0392541109506	0.022158042502	0.0248661907251	0.0137556730592	0.00929163099718	-0.0440496845723	-0.076010688662	-0.0704845440862	-0.0410341666752	-0.0613657843698	0.0247841024993	-0.0171728151994	-0.0711436595372	-0.0464818768655	0.0115164757664	0.0410390614377	-0.0100136199355	-0.021998480305	0.0411307061208	0.0124485048433	-0.0239124767522	0.0323683045929	0.0608307731903	-0.0357308549788	0.0643845333632	0.0248332852081	-0.0224268314095
k__Bacteria;p__Bacteroidetes;c__Bacteroidia;o__Bacteroidales;f__Bacteroidaceae;g__Bacteroides;s__Bacteroides_coprophilus	0.0295276201606	-0.0777098511822	0.00222395159865	0.0532129449947	-0.0158989371046	-0.0582952172387	0.0600396905542	-0.018182903151	-0.0243421918655	-0.0246556152	0.0360092665263	-0.0281906093831	0.0423819638909	-0.0308881019899	-0.0812218057969	0.00264296340819	-0.0235204824242	0.0119785392904	-0.0410417403584	-0.0613968519304	0.0126233684071	0.0222558479604	-0.0653174948221	0.00609389203351	0.0203589284059	1.0	0.00219867955209	-0.0438399335456	-0.00443929007988	0.0399341483399	-0.0325639272469	-0.0263182977444	-0.0369159196208	-0.025498916595	-0.0127203021639	-0.00419839892419	-0.0776858895825	-0.0418217460375	-0.00169872666802	0.00242176397778	0.0348142658219	-0.0122068045478	-0.0210236877905	0.0559321549888	-0.00436106812361	0.0328169182367	-0.00984606470289	0.0141423527181	-0.0152130625087	0.0321780651971	-0.0109505815724	-0.0761156145021	0.0100305399097	-0.0260637946852	-0.0215392840607	-0.0382471722604	0.0518298948135	-0.00468703134338	-0.0130875229244
k__Bacteria;p__Firmicutes;c__Clostridia;o__Clostridiales;f__Lachnospiraceae;g__Roseburia;s__Roseburia_intestinalis	-0.00784476565997	0.00802445276126	-0.0320573795156	-0.0175960113835	-0.0301684265982	0.037350399584	-0.00514548184582	0.0121895574913	-0.0425501662871	0.0901508449604	0.039527890965	-0.015556232039	-0.0251295014699	-0.033688385471	-0.0802132692606	-0.0251814187241	-0.0162808422487	-0.039497299418	-0.0920161579023	-0.0292776965983	-0.00833666887746	0.0583336340543	-0.0412024429583	0.0492712865374	-0.0451866869062	0.00219867955209	1.0	0.0395132326687	0.0525889438725	-0.0386991556755	0.0281781395844	-0.0168055135981	-0.0252131189662	-0.0387124036856	-0.00512316628165	4.79961866891e-05	-0.0808985308453	-0.0486435614853	-0.0707189906945	-0.030849709372	0.0473120944765	-0.0114480536061	-0.043488397682	-0.0443486631527	-0.00145927186695	-0.0150089176795	-0.0308341483403	-0.0183937018631	-0.0323648483379	-0.0249472996097	0.0144091116252	-0.00239610531825	0.0101317210754	0.0355502047598	0.00336325299476	0.0109053966274	0.0546384090644	0.0280415532782	0.00815258087818
k__Bacteria;p__Firmicutes;c__Clostridia;o__Clostridiales;f__Lachnospiraceae;g__Roseburia;s__Roseburia_hominis	0.0206594856265	-0.0203803020904	-0.0401712189633	-0.0305913153231	0.0381667496196	0.0038849302614	0.0151809054235	-0.0232136540152	0.0399825391654	-0.0606292914023	-0.0321287623739	0.0320246976863	-0.0588772043419	0.0865575782638	-0.0964862364468	-0.031006017847	0.0112175749772	-0.0577925667617	0.0261213353515	-0.00625872223649	-0.0235498886215	-0.00413462693042	0.0428153530549	-0.000141973356979	0.0474554576425	-0.0438399335456	0.0395132326687	1.0	-0.00601920976866	0.00914154592702	0.0978622503633	-0.0748233124694	-0.080342723781	0.00638047469298	0.0427736941334	-0.0428279831244	0.000243697094644	-0.0579470101303	-0.026886283738	-0.0429070422138	-0.0179194621286	-0.000150887565714	-0.0155735588926	-0.0422588464385	0.0196671082315	0.0312062171998	-0.0233089119628	-0.0614867276317	0.0249492993748	-0.00269219349343	-0.106306231973	-0.0425497090649	0.0592791976388	0.0348367628238	0.0218278236933	0.0215287677499	-0.0357493783724	0.0479887944616	-0.043950119417
k__Bacteria;p__Bacteroidetes;c__Bacteroidia;o__Bacteroidales;f__Porphyromonadaceae;g__Parabacteroides;s__Parabacteroides_johnsonii	0.0273927726876	0.0180722516596	-0.00248765194116	0.0263092059583	-0.00919842888449	-0.0259741249541	0.0346994957594	-0.0103406687325	0.00312009063783	0.0136562994374	-0.0130868654028	0.00424042520256	-0.0212636205646	0.00996258992448	0.0397273301161	-0.0614593480062	-0.019658109191	-0.0395085340769	-0.0616892496674	-0.0162552647387	0.0350550967914	0.0126989794259	0.0570311638548	-0.023327877595	-0.088130379796	-0.00443929007988	0.0525889438725	-0.00601920976866	1.0	-0.0523235413261	-0.0554164753813	-0.0253183861862	0.0230719887612	0.0293595143657	0.0429287070784	-0.00149621352362	0.0744046613751	-0.00756089868927	-0.00830448797801	-0.0647739382403	-0.00412816476942	-0.012819095534	-0.0154907617858	-0.0093050274574	0.021358889011	-0.0384632962387	-0.0479641370655	0.0129801705983	-0.0474440436738	0.00337384201632	0.00491213396445	-0.000538861170027	-0.0141176040357	-0.00267666902758	0.00285183742296	-0.0162813640234	-0.0183614840565	0.0388554024012	-0.0551591242993
k__Bacteria;p__Actinobacteria;c__Actinobacteria;o__Bifidobacteriales;f__Bifidobacteriaceae;g__Bifidobacterium;s__Bifidobacterium_longum	-0.10019645147	6.98650974193e-05	0.00791222906154	-0.00853105231068	-0.0509272781936	-0.000215355069611	-0.0067291317824	-0.0210245777279	-0.0249722445361	0.0588899192565	-0.0284652993937	0.011556462398	-0.0239733428527	-0.0928155946338	-0.00500773850003	0.0500401930228	0.00637850236447	-0.0643543927908	0.04712342732	0.0201661397145	0.0356581342787	0.0255541616242	0.0288077393717	0.0137370228623	-0.114352422478	0.0399341483399	-0.0386991556755	0.00914154592702	-0.0523235413261	1.0	0.0149610599405	0.0606774075008	0.00113468640546	-0.00769418991719	-0.0810071575891	0.0285268683029	-0.0184756357549	-0.0763196544845	-0.00303697290147	-0.0196858205018	0.0312429297389	0.0063559429103	-0.00162782672214	0.00295554309561	-0.0368274538385	-0.0255308161662	0.0056197712396	-0.0572092471499	-0.0227279117189	0.00206629401564	-0.0220440226606	0.001361170692	0.0108373989891	-0.0637114992604	-0.0340771686859	0.0265234950159	0.0671621893385	-0.0828524517023	0.00368196870351
