#taxonomy	k__Bacteria;p__Bacteroidetes;c__Bacteroidia;o__Bacteroidales;f__Bacteroidaceae;g__Bacteroides;s__Bacteroides_vulgatus	k__Bacteria;p__Bacteroidetes;c__Bacteroidia;o__Bacteroidales;f__Bacteroidaceae;g__Bacteroides;s__Bacteroides_uniformis	k__Bacteria;p__Bacteroidetes;c__Bacteroidia;o__Bacteroidales;f__Rikenellaceae;g__Alistipes;s__Alistipes_putredinis	k__Bacteria;p__Bacteroidetes;c__Bacteroidia;o__Bacteroidales;f__Prevotellaceae;g__Prevotella;s__Prevotella_copri	k__Bacteria;p__Bacteroidetes;c__Bacteroidia;o__Bacteroidales;f__Bacteroidaceae;g__Bacteroides;s__Bacteroides_stercoris	k__Bacteria;p__Bacteroidetes;c__Bacteroidia;o__Bacteroidales;f__Bacteroidaceae;g__Bacteroides;s__Bacteroides_ovatus	k__Bacteria;p__Bacteroidetes;c__Bacteroidia;o__Bacteroidales;f__Rikenellaceae;g__Alistipes;s__Alistipes_shahii	k__Bacteria;p__Firmicutes;c__Clostridia;o__Clostridiales;f__Ruminococcaceae;g__Faecalibacterium;s__Faecalibacterium_prausnitzii	k__Bacteria;p__Bacteroidetes;c__Bacteroidia;o__Bacteroidales;f__Rikenellaceae;g__Alistipes;s__Alistipes_finegoldii	k__Bacteria;p__Bacteroidetes;c__Bacteroidia;o__Bacteroidales;f__Porphyromonadaceae;g__Parabacteroides;s__Parabacteroides_distasonis	k__Bacteria;p__Bacteroidetes;c__Bacteroidia;o__Bacteroidales;f__Bacteroidaceae;g__Bacteroides;s__Bacteroides_thetaiotaomicron	k__Bacteria;p__Bacteroidetes;c__Bacteroidia;o__Bacteroidales;f__Bacteroidaceae;g__Bacteroides;s__Bacteroides_coprocola	k__Bacteria;p__Bacteroidetes;c__Bacteroidia;o__Bacteroidales;f__Bacteroidaceae;g__Bacteroides;s__Bacteroides_cellulosilyticus	k__Bacteria;p__Bacteroidetes;c__Bacteroidia;o__Bacteroidales;f__Rikenellaceae;g__Alistipes;s__Alistipes_obesi	k__Bacteria;p__Firmicutes;c__Clostridia;o__Clostridiales;f__Lachnospiraceae;g__;s__[Eubacterium]_rectale	k__Bacteria;p__Bacteroidetes;c__Bacteroidia;o__Bacteroidales;f__Bacteroidaceae;g__Bacteroides;s__Bacteroides_plebeius	k__Bacteria;p__Bacteroidetes;c__Bacteroidia;o__Bacteroidales;f__Bacteroidaceae;g__Bacteroides;s__Bacteroides_fragilis	k__Bacteria;p__Proteobacteria;c__Betaproteobacteria;o__Burkholderiales;f__Sutterellaceae;g__Sutterella;s__Sutterella_wadsworthensis	k__Bacteria;p__Bacteroidetes;c__Bacteroidia;o__Bacteroidales;f__Porphyromonadaceae;g__Barnesiella;s__Barnesiella_intestinihominis	k__Bacteria;p__Bacteroidetes;c__Bacteroidia;o__Bacteroidales;f__Odoribacteraceae;g__Odoribacter;s__Odoribacter_splanchnicus	k__Bacteria;p__Bacteroidetes;c__Bacteroidia;o__Bacteroidales;f__Bacteroidaceae;g__Bacteroides;s__Bacteroides_salyersiae	k__Bacteria;p__Firmicutes;c__Clostridia;o__Clostridiales;f__Ruminococcaceae;g__Ruminiclostridium;s__[Eubacterium]_siraeum	k__Bacteria;p__Proteobacteria;c__Betaproteobacteria;o__Burkholderiales;f__Sutterellaceae;g__Parasutterella;s__Parasutterella_excrementihominis	k__Bacteria;p__Actinobacteria;c__Actinobacteria;o__Bifidobacteriales;f__Bifidobacteriaceae;g__Bifidobacterium;s__Bifidobacterium_adolescentis	k__Bacteria;p__Firmicutes;c__Clostridia;o__Clostridiales;f__Oscillospiraceae;g__Oscillibacter;s__Oscillibacter_sp._KLE_1745	k__Bacteria;p__Bacteroidetes;c__Bacteroidia;o__Bacteroidales;f__Bacteroidaceae;g__Bacteroides;s__Bacteroides_coprophilus	k__Bacteria;p__Firmicutes;c__Clostridia;o__Clostridiales;f__Lachnospiraceae;g__Roseburia;s__Roseburia_intestinalis	k__Bacteria;p__Firmicutes;c__Clostridia;o__Clostridiales;f__Lachnospiraceae;g__Roseburia;s__Roseburia_hominis	k__Bacteria;p__Bacteroidetes;c__Bacteroidia;o__Bacteroidales;f__Porphyromonadaceae;g__Parabacteroides;s__Parabacteroides_johnsonii	k__Bacteria;p__Actinobacteria;c__Actinobacteria;o__Bifidobacteriales;f__Bifidobacteriaceae;g__Bifidobacterium;s__Bifidobacterium_longum	k__Bacteria;p__Firmicutes;c__Clostridia;o__Clostridiales;f__;g__Flavonifractor;s__Flavonifractor_plautii	k__Bacteria;p__Firmicutes;c__Clostridia;o__Clostridiales;f__Clostridiaceae;g__Clostridium;s__Clostridium_phoceensis	k__Bacteria;p__Verrucomicrobia;c__Verrucomicrobiae;o__Verrucomicrobiales;f__Akkermansiaceae;g__Akkermansia;s__Akkermansia_muciniphila	k__Bacteria;p__Bacteroidetes;c__Bacteroidia;o__Bacteroidales;f__Prevotellaceae;g__Paraprevotella;s__Paraprevotella_xylaniphila	k__Bacteria;p__Firmicutes;c__Clostridia;o__Clostridiales;f__Ruminococcaceae;g__Ruminococcus;s__Ruminococcus_callidus	k__Bacteria;p__Bacteroidetes;c__Bacteroidia;o__Bacteroidales;f__Rikenellaceae;g__Alistipes;s__Alistipes_senegalensis	k__Bacteria;p__Firmicutes;c__Clostridia;o__Clostridiales;f__Lachnospiraceae;g__Blautia;s__Blautia_sp._KLE_1732	k__Bacteria;p__Bacteroidetes;c__Bacteroidia;o__Bacteroidales;f__Bacteroidaceae;g__Bacteroides;s__Bacteroides_oleiciplenus	k__Bacteria;p__Firmicutes;c__Clostridia;o__Clostridiales;f__Ruminococcaceae;g__Ruminococcus;s__Ruminococcus_bicirculans	k__Bacteria;p__Bacteroidetes;c__Bacteroidia;o__Bacteroidales;f__Bacteroidaceae;g__Bacteroides;s__Bacteroides_fluxus	k__Bacteria;p__Bacteroidetes;c__Bacteroidia;o__Bacteroidales;f__Prevotellaceae;g__Prevotella;s__Prevotella_stercorea	k__Bacteria;p__Firmicutes;c__Clostridia;o__Clostridiales;f__Lachnospiraceae;g__Dorea;s__Dorea_longicatena	k__Bacteria;p__Firmicutes;c__Clostridia;o__Clostridiales;f__Eubacteriaceae;g__Eubacterium;s__[Eubacterium]_eligens	k__Bacteria;p__Firmicutes;c__Clostridia;o__Clostridiales;f__Ruminococcaceae;g__;s__Ruminococcaceae_bacterium_D16	k__Bacteria;p__Firmicutes;c__Clostridia;o__Clostridiales;f__Lachnospiraceae;g__Coprococcus;s__Coprococcus_comes	k__Bacteria;p__Proteobacteria;c__Gammaproteobacteria;o__Enterobacterales;f__Enterobacteriaceae;g__Escherichia;s__Escherichia_coli	k__Bacteria;p__Firmicutes;c__Clostridia;o__Clostridiales;f__Ruminococcaceae;g__Anaerotruncus;s__Anaerotruncus_colihominis	k__Bacteria;p__Firmicutes;c__Clostridia;o__Clostridiales;f__Lachnospiraceae;g__Blautia;s__Blautia_obeum	k__Bacteria;p__Bacteroidetes;c__Bacteroidia;o__Bacteroidales;f__Odoribacteraceae;g__Odoribacter;s__Odoribacter_laneus	k__Bacteria;p__Firmicutes;c__Clostridia;o__Clostridiales;f__Ruminococcaceae;g__Ruminiclostridium;s__[Clostridium]_leptum	k__Bacteria;p__Bacteroidetes;c__Bacteroidia;o__Bacteroidales;f__Porphyromonadaceae;g__Parabacteroides;s__Parabacteroides_goldsteinii	k__Bacteria;p__Firmicutes;c__Clostridia;o__Clostridiales;f__Lachnospiraceae;g__Anaerostipes;s__Anaerostipes_hadrus	k__Bacteria;p__Firmicutes;c__Clostridia;o__Clostridiales;f__Ruminococcaceae;g__Ruminococcus;s__Ruminococcus_lactaris	k__Bacteria;p__Firmicutes;c__Clostridia;o__Clostridiales;f__Clostridiaceae;g__Clostridium;s__Clostridium_sp._L2-50	k__Bacteria;p__Firmicutes;c__Clostridia;o__Clostridiales;f__Clostridiaceae;g__Clostridium;s__Clostridium_sp._M62/1	k__Bacteria;p__Firmicutes;c__Clostridia;o__Clostridiales;f__;g__Intestinimonas;s__Intestinimonas_butyriciproducens	k__Bacteria;p__Actinobacteria;c__Actinobacteria;o__Bifidobacteriales;f__Bifidobacteriaceae;g__Bifidobacterium;s__Bifidobacterium_bifidum	k__Bacteria;p__Firmicutes;c__Negativicutes;o__Veillonellales;f__Veillonellaceae;g__Dialister;s__Dialister_invisus	k__Bacteria;p__Bacteroidetes;c__Bacteroidia;o__Bacteroidales;f__Bacteroidaceae;g__Bacteroides;s__Bacteroides_salanitronis
k__Bacteria;p__Bacteroidetes;c__Bacteroidia;o__Bacteroidales;f__Bacteroidaceae;g__Bacteroides;s__Bacteroides_vulgatus	1.0	0.0463521816509	0.0104321857421	-0.0754920452823	-0.0273118552271	-0.0385367390362	0.00594745047424	-0.0324399384049	-0.0516207125427	-0.00793284992997	-0.0441994125434	0.0773921585138	0.0500037915657	-0.0549311195329	0.00146830804875	-0.00602607211008	-0.0625126495472	-0.0320914258721	-0.0220678381206	0.0068273962996	0.0402953241488	0.0663471922509	-0.0533867163205	-0.0574725419043	-0.0642863009361	0.0177616926905	-0.0632120116481	-0.0842943682512	0.00141089015485	-0.000361425316211	0.0741467437224	0.0112688907049	-0.000476113213309	0.0150063440422	0.0097243533424	-0.00466285890965	-0.0118367592205	-0.0803073108072	-0.0665832579206	0.0135836050486	0.0424364302156	-0.0892040570276	-0.0357668223888	-0.0119734802559	0.023151594975	0.00921359948414	-0.0138322861902	0.0146761231841	0.0503212840631	0.0356639755521	-0.0133632525431	0.011503735954	0.006809585443	0.0142920804921	0.0600768059427	0.0242303532297	-0.0512987746744	-0.0462890579712	0.0875016187503
k__Bacteria;p__Bacteroidetes;c__Bacteroidia;o__Bacteroidales;f__Bacteroidaceae;g__Bacteroides;s__Bacteroides_uniformis	0.0463521816509	1.0	0.0354815214297	-0.00763325517021	0.0315300192624	0.0605988424691	-0.00872440775956	0.0217723499336	0.00423476184041	0.0219861865355	-0.0357908683612	0.00243712229458	-0.00842317616909	0.0203019105326	-0.0132641450649	0.000376980032213	0.00603264335732	-0.0198361473648	-0.00894114602486	0.0525039518432	0.0381372969758	-0.0445577111128	0.00310725204505	0.0285968459067	0.0244172112758	-0.0198174424653	-0.00580818109091	-0.0925700634546	-0.00139414886131	0.0301004463933	-0.0390530322977	0.0367501503643	0.0085355767588	-0.0380660841733	0.0327138422825	-0.0579392513585	0.0292034310826	-0.00997832684356	-0.00709081049573	0.0134472638687	-0.00132812519127	-0.023375720115	-0.0433141417091	-0.0318431683842	-0.00227988406585	-0.0789838365024	-0.0333440672922	0.0625442487503	-0.0419400369553	-0.0440170078179	-0.0760806152194	0.039717733809	0.00150632440638	0.00241946139873	-0.00418544840257	0.0689318390688	0.00427058683441	0.00258164973097	-0.0315882908777
k__Bacteria;p__Bacteroidetes;c__Bacteroidia;o__Bacteroidales;f__Rikenellaceae;g__Alistipes;s__Alistipes_putredinis	0.0104321857421	0.0354815214297	1.0	-0.0318032099212	0.023802012679	0.0295483103283	-0.0148641987101	-0.00590427405765	-0.0466439325391	-0.0314538722707	-0.103414905771	-0.00159391532913	0.012210243086	0.0327262121066	-0.0754643349428	0.0140612335023	0.00133800337378	0.00272198171988	-0.0429349374788	-0.0405096918992	-0.0213766595202	0.00957416143501	-0.0252161493373	0.0459996489265	-0.0263685486528	-0.0717283887413	-0.107594636879	-0.0472887726225	0.0416303540947	-0.0222265143657	0.0647081275858	0.021698825215	-0.0182413962947	0.0478558400102	-0.0269871423859	-0.012040413392	0.033441738449	-0.0410424199366	-0.0746962880548	0.0291234936619	0.0370702328337	-0.0267672505753	0.0137281973597	0.0173714777639	0.0372827854907	-0.00804048178423	-0.0324260564322	-0.02272507967	-0.00251165610619	-0.0112140033289	-0.00174059366192	0.0251833547512	-0.0281237765404	-0.00707518247176	-0.0205550540138	-0.0739422665519	-0.0124047782786	-0.0018078351127	0.0268558408311
k__Bacteria;p__Bacteroidetes;c__Bacteroidia;o__Bacteroidales;f__Prevotellaceae;g__Prevotella;s__Prevotella_copri	-0.0754920452823	-0.00763325517021	-0.0318032099212	1.0	0.0154883005153	-0.0216839485593	-0.0433802162352	-0.0524480368998	-0.0179508643901	-0.058401267079	-0.0328536715207	-0.0382649059939	-0.113975200851	-0.00117869697636	-0.0195722442939	-0.0229763870891	-0.0399332060145	-0.0288960816669	-0.0444200281808	0.0419416995302	0.012768339933	-0.0374667758147	-0.0623392200621	-0.0149006591791	0.0164743263887	-0.0468530033846	0.0068065330643	0.0216358513623	-0.012860836072	-0.0626154975494	-0.023243686993	0.0125849787325	0.0383221090585	-0.0620133503181	-0.00898849747912	0.0541419788094	0.0165249049316	0.00649253039924	-0.0174316687507	0.0372709633179	-0.0039481309651	0.014020793133	0.136856807519	0.0381401501539	-0.0463812369788	-0.00324664074835	-0.0350251484239	0.0596582937802	-0.0581701321509	-0.00526774482838	-0.0100376345424	-0.00512823038047	-0.0855540954482	-0.0200697347888	0.0106511818865	0.00730382191976	0.0529274879959	-0.00831240682373	-0.070811021749
k__Bacteria;p__Bacteroidetes;c__Bacteroidia;o__Bacteroidales;f__Bacteroidaceae;g__Bacteroides;s__Bacteroides_stercoris	-0.0273118552271	0.0315300192624	0.023802012679	0.0154883005153	1.0	-0.0572606211269	-0.0431992070318	0.0537823113183	0.000698476403761	-0.0106318611522	0.0139938514789	-0.0164501419182	0.0132083852477	0.0175247253748	-0.0680591497849	0.0417419503087	-0.0529706837786	-0.0909113385014	-0.0430007076634	0.0252157869513	0.0426140663707	0.00524459570546	0.0074323365795	0.0574148194854	-0.051921102015	0.0457146316045	0.00140019511214	0.00559485038141	0.0118616928217	-0.0246641651367	-0.0332078186306	-0.0233486784255	0.0533381766814	-0.0418882701133	-0.0091359916835	-0.019192870439	0.0527723780586	5.65460480584e-06	-0.00762878361596	-0.0238488817427	-0.0160378554731	0.00544863398283	-0.0345024377991	-0.0270561499152	-0.011056428949	-0.0056727871099	-0.0361917429659	-0.00373642085677	0.0393010334693	0.0181989635921	-0.0635655054122	-0.0423669948105	0.0345625723934	-0.00264916081703	0.00601496414046	-0.037622195664	-0.0422243706669	-0.0710533314198	0.00505374349892
k__Bacteria;p__Bacteroidetes;c__Bacteroidia;o__Bacteroidales;f__Bacteroidaceae;g__Bacteroides;s__Bacteroides_ovatus	-0.0385367390362	0.0605988424691	0.0295483103283	-0.0216839485593	-0.0572606211269	1.0	-0.0184695647947	0.0582726488158	0.0353939423387	0.0348459930112	-0.0490894681362	0.0171307372578	-0.0405010299446	-0.0266917454812	0.0252751066087	-0.00608980585205	0.0114763608442	0.00880406220382	-0.0299537370848	0.0802927909247	-0.0412220722488	-0.0150601640895	0.00351870444304	-0.0280004499137	0.0147208955399	-0.0542060116656	0.01117298402	-0.0749073704935	0.0368058907878	-0.061561937309	0.0508482909099	0.00111216387661	-0.0215762132595	0.0440420684959	-0.114986966369	0.0111734519695	0.0302175535332	0.0446975880348	0.029301505178	0.00292175965769	-0.0799876162112	-0.0537002482957	-0.00262296017535	0.0264116450044	-0.0363291391001	-0.0494682523989	-0.0224835342382	0.0556412651766	-0.0142200862645	0.00843681030464	-0.0296133391868	-0.00750363953699	0.0338052057711	0.0269852824266	-0.000445965125255	0.0683508867448	-0.0458917799452	0.0110450430638	-0.0564389565574
k__Bacteria;p__Bacteroidetes;c__Bacteroidia;o__Bacteroidales;f__Rikenellaceae;g__Alistipes;s__Alistipes_shahii	0.00594745047424	-0.00872440775956	-0.0148641987101	-0.0433802162352	-0.0431992070318	-0.0184695647947	1.0	0.0346697308471	0.139811250578	0.011318178789	0.0171281735657	-0.0281701790613	0.0368018633125	0.0264530559908	0.0601077726097	0.011715944833	-0.0394797478078	0.00843711794488	0.0306573740958	-0.0423276990544	0.0207123571912	-0.0370896469592	-0.015155438951	0.0456170908262	-0.010865760998	0.0236421059408	-0.0399065368515	0.0362710823277	0.0773767125758	-0.00652254084014	0.025146902903	0.00941818803076	0.0291959793327	0.0265492615485	-0.00419921613149	-0.0549681405908	-0.0258311201211	0.0448530619717	-0.0130283833061	0.0210615466442	0.00676359254401	-0.0484163739312	-0.073396988589	0.0377708768584	0.0256039889472	-0.0302507531286	0.0183275526283	0.0506051160406	-0.0189113070229	-0.0576780563552	-0.0197137720011	-0.0428776651081	-0.0431909832373	-0.0792857452315	-0.0441256171006	-0.0559446979358	-0.00467541849955	0.0383899334369	-0.0868001911435
k__Bacteria;p__Firmicutes;c__Clostridia;o__Clostridiales;f__Ruminococcaceae;g__Faecalibacterium;s__Faecalibacterium_prausnitzii	-0.0324399384049	0.0217723499336	-0.00590427405765	-0.0524480368998	0.0537823113183	0.0582726488158	0.0346697308471	1.0	-0.0198362212891	0.00335881350104	-0.0763682213768	0.0906660802467	-0.0331932992797	0.0308671725781	-0.0145357347718	-0.0501486167368	-0.100123264579	0.0223062261836	0.0228388264017	0.0338147281759	0.052910398953	-0.00134567932804	0.0386018298403	-0.0255466778433	-0.0173482916842	-0.0308793968003	0.00293187775958	0.0591662862775	-0.0283703301128	0.00351049126892	0.00753277731672	-0.0459377955308	0.0148769375418	-0.0360680222793	0.0502047217241	0.00494706015873	-0.00278106161906	0.0451423144133	0.0521166675173	-0.097803472785	-0.0662168706052	-0.0472681497074	-0.0943228505205	0.017260391081	-0.0532154702282	0.0316347621191	0.0101866830838	-0.0389294648747	-0.0359460748854	-0.0407328678423	0.0168638792856	-0.068702653263	0.0235122117294	-0.0361147528288	-0.0178384584629	0.0150018125138	0.00263884768887	-0.0274844032734	0.0378853918979
k__Bacteria;p__Bacteroidetes;c__Bacteroidia;o__Bacteroidales;f__Rikenellaceae;g__Alistipes;s__Alistipes_finegoldii	-0.0516207125427	0.00423476184041	-0.0466439325391	-0.0179508643901	0.000698476403761	0.0353939423387	0.139811250578	-0.0198362212891	1.0	0.0220660170774	-0.0189729603747	-0.0591587984736	-0.0390192406073	0.00536568194529	-0.0319186466976	0.0217563542619	-0.0432080287072	0.0581545696925	-0.0123196755334	-0.0706214601583	-0.0439149276474	0.0601320569627	-0.00809876954447	-0.0449316558125	0.000606421670978	-0.0136751098407	-0.00413365445478	0.0591771182664	0.00777965765934	0.0318883199818	-0.0123468694828	-0.0449387475711	0.0261862409275	0.0353923090148	-0.0353304063719	-0.0029226034781	-0.0551682441109	-0.0706912371061	0.0104135768189	-0.0468950036509	-0.017104327618	-0.00355533093588	-0.000662339847715	-0.0567411635159	0.0310233921998	-0.0404062214013	0.0410764967601	-0.0672799795742	0.0125761621694	-0.038810219484	-0.00761711638427	0.006922511197	-0.00540894265049	0.0113038733385	-0.0398198029161	0.0502582687428	-0.0401991668624	0.0359696876278	-0.0659383359299
k__Bacteria;p__Bacteroidetes;c__Bacteroidia;o__Bacteroidales;f__Porphyromonadaceae;g__Parabacteroides;s__Parabacteroides_distasonis	-0.00793284992997	0.0219861865355	-0.0314538722707	-0.058401267079	-0.0106318611522	0.0348459930112	0.011318178789	0.00335881350104	0.0220660170774	1.0	0.0207884294523	-0.0245875201097	-0.0136207332697	-0.0375410091852	0.0571018555472	0.00403554987074	0.0140596397273	0.0186999578507	-0.0505251866116	0.0015936262955	-0.0148425203105	0.0351272344541	0.00562516170287	0.0889031171147	-0.0271781285199	0.0534624866405	-0.0217393828808	-0.0541148126885	0.00898126079617	-0.0747305410348	0.0114705709605	-0.0501068837879	-0.00648419783946	-0.021832255079	0.0183952284933	-0.0380171694315	-0.0608178535124	-0.0500879498163	-0.0149084850167	0.00164273492757	-0.0292355295641	-0.0725451033323	0.0631706200448	0.00173240426846	-0.0840364574971	-0.0060431052519	0.0860737444909	0.00036759345106	-0.0048851436297	-0.0337572003213	0.0340455022417	-0.0592113875981	0.0523977285766	0.0311206202767	0.0265057622974	-0.0301565164857	0.0440151921576	0.0195636564553	-0.0853848398774
k__Bacteria;p__Bacteroidetes;c__Bacteroidia;o__Bacteroidales;f__Bacteroidaceae;g__Bacteroides;s__Bacteroides_thetaiotaomicron	-0.0441994125434	-0.0357908683612	-0.103414905771	-0.0328536715207	0.0139938514789	-0.0490894681362	0.0171281735657	-0.0763682213768	-0.0189729603747	0.0207884294523	1.0	-0.00300112482696	0.00706130738	-0.0474591752551	0.051660924883	-0.0051269606824	-0.00408958538824	-0.0368165259422	-0.0134425430266	-0.0171149772582	-0.0142617652801	0.00219303398047	-0.0087064624579	-0.0435081019044	-0.0280963257227	0.0539877228201	-0.0166061612129	0.0343559446514	-0.0410809590484	0.00148373706048	-0.0247503565516	0.017744318406	0.060017529542	-0.0378770367263	-0.0256659415887	0.0414688277622	-0.0391521362977	-0.00270068809567	-0.025523791454	0.062934684314	0.0130984744652	0.0203729536557	-0.0509839680226	-0.0564374113207	0.00721025258837	0.0011680743613	-0.0565664698182	0.0148381757038	0.0276651094032	-0.0257137542393	-0.00540029120975	-0.0112848244404	-0.00372878150276	0.00574179335037	-0.0245009843686	0.0314339481512	0.00235757133035	0.00560603525343	-0.0964653499668
k__Bacteria;p__Bacteroidetes;c__Bacteroidia;o__Bacteroidales;f__Bacteroidaceae;g__Bacteroides;s__Bacteroides_coprocola	0.0773921585138	0.00243712229458	-0.00159391532913	-0.0382649059939	-0.0164501419182	0.0171307372578	-0.0281701790613	0.0906660802467	-0.0591587984736	-0.0245875201097	-0.00300112482696	1.0	0.000164088369127	-0.0546066520618	-0.0221153972498	0.0335694952335	0.014342729118	0.00618817896623	-0.0189243601212	-0.0398755370621	0.0892656829423	-0.0205880131767	-0.031945868875	-0.0824116634817	-0.0144457713438	-0.025431045544	-0.0616616161766	0.0326745715719	-0.025991460804	0.0150983236681	-0.0167743178257	-0.025907261329	0.0608303004725	-0.0218119397004	-0.00695269042586	0.0198671869685	-0.0154976649314	0.0541938400046	0.0168067302515	0.00585782333952	0.00782562697968	-0.076204114813	-0.0530133505977	0.0751826402939	-0.024433993274	-0.0521559730955	0.00822762333354	-0.0181018779063	0.0572250510051	-0.0102139365999	0.0221444814183	-0.036984792155	0.00280544866844	0.030260164524	-0.00647786978323	-0.100593456986	-0.0256106314398	-0.0134415352332	-0.00336967682833
k__Bacteria;p__Bacteroidetes;c__Bacteroidia;o__Bacteroidales;f__Bacteroidaceae;g__Bacteroides;s__Bacteroides_cellulosilyticus	0.0500037915657	-0.00842317616909	0.012210243086	-0.113975200851	0.0132083852477	-0.0405010299446	0.0368018633125	-0.0331932992797	-0.0390192406073	-0.0136207332697	0.00706130738	0.000164088369127	1.0	0.0346639933547	0.00341694807968	-0.00741586147545	-0.00674769978633	-0.00991554500245	-0.0450098114981	0.00202373566293	-0.0210407633823	-0.0247098350829	-0.018436703113	-0.0131322678459	0.0593100498172	-0.0588071980833	0.0358584619541	-0.0136339723974	-0.0500450309394	-0.0285279655565	0.0450855573892	-0.0151003067139	-0.0139080342744	-0.00335373125064	0.0413884847866	0.028564025159	0.00596586552802	0.0380030427012	0.0204828903226	-0.00927108570481	-0.0203683406032	-0.00885890078376	-0.00734256460658	0.00909388206578	-0.037787881614	-0.0130286108224	-0.0139434193364	-0.0464376712577	-0.0541201677429	-0.0265504998424	-0.0068412288524	0.0528145682632	0.000923099938368	-0.000354076485411	-0.0674935359493	-0.0161382892343	-0.0324392750218	0.085608321465	0.0515667682586
k__Bacteria;p__Bacteroidetes;c__Bacteroidia;o__Bacteroidales;f__Rikenellaceae;g__Alistipes;s__Alistipes_obesi	-0.0549311195329	0.0203019105326	0.0327262121066	-0.00117869697637	0.0175247253748	-0.0266917454812	0.0264530559908	0.0308671725781	0.00536568194529	-0.0375410091852	-0.0474591752551	-0.0546066520618	0.0346639933547	1.0	-0.00637787898661	0.0376564322016	0.00445402773525	-0.0239998610184	0.0226625774671	0.00912101827429	-0.0302157297753	-0.00911403110472	-0.0242124193491	-0.0691938149889	-0.00179832326632	0.014386341032	-0.059618144619	0.00638371372466	-0.0486876312758	-0.0333228761391	-0.04417906176	-0.0977034193576	0.00120494265395	0.0141934410449	0.0294342406768	-0.0274936198834	0.0551743468894	-0.00511675400674	-0.0247595191529	-0.0784194374948	-0.0277350630939	0.0346013830198	-0.00793839237077	0.00346104809957	0.0299752001579	0.0885253020839	-0.0490685605774	0.000110609750827	0.0486932421342	-0.0708130274433	-0.0113425151264	-0.0393376136001	0.0388695889527	0.00137338592683	-0.0114842644058	-0.0568275734018	0.00838268107025	-0.0157041724428	0.000707668704461
k__Bacteria;p__Firmicutes;c__Clostridia;o__Clostridiales;f__Lachnospiraceae;g__;s__[Eubacterium]_rectale	0.00146830804875	-0.0132641450649	-0.0754643349428	-0.0195722442939	-0.0680591497849	0.0252751066087	0.0601077726097	-0.0145357347718	-0.0319186466976	0.0571018555472	0.051660924883	-0.0221153972498	0.00341694807968	-0.00637787898661	1.0	-0.0254798852865	0.0250342159788	0.00273373839879	-0.0102328420339	-0.00368272235087	-0.0246335401391	0.0405581449866	-0.036929142027	0.000394255108933	0.031904906452	0.00139514668971	-0.00460298261299	-0.0391047070016	-0.0690807916583	0.00100663619688	-0.0377686771191	0.0129716300748	-0.0457047621696	-0.0533538518906	0.0394717712228	0.0707486016874	-0.0337626971475	-0.0113564712812	0.0463338084185	0.00807958036775	0.0246038536333	-0.0155961646735	0.0290830646664	0.00420839202048	-0.0096098832578	0.0234513132876	-0.0215942554888	0.0194744169303	0.0345466885192	-0.0262942991604	-0.042186995595	-0.00643958769254	-0.0279133881293	0.011586458965	-0.0333297357685	0.00721753941016	0.000856759208609	-0.00633254146598	-0.0416143627737
k__Bacteria;p__Bacteroidetes;c__Bacteroidia;o__Bacteroidales;f__Bacteroidaceae;g__Bacteroides;s__Bacteroides_plebeius	-0.00602607211008	0.000376980032213	0.0140612335023	-0.0229763870891	0.0417419503087	-0.00608980585205	0.011715944833	-0.0501486167368	0.0217563542619	0.00403554987074	-0.0051269606824	0.0335694952335	-0.00741586147545	0.0376564322016	-0.0254798852865	1.0	0.0744637211415	-0.0669952166721	-0.00224683787361	-0.0453045332924	-0.0253729952973	-0.000620384680658	-0.011081194383	-0.0378019212258	0.0216907664252	-0.0195387544511	0.0230931790074	0.0312874375284	0.0775712000814	0.0350723532408	-0.0275994054708	-0.0287909293054	0.0485429088521	-0.019624509727	0.0306072950398	0.00787219605817	0.0138855003427	-0.0411910314384	0.0319315206096	0.050560880094	-0.0245397030074	-0.0367649329435	0.0120626978273	-0.014807942575	-0.0237242457089	-0.000419859627617	-0.0456939295115	-0.0287584219064	0.0457983230999	-0.067974879394	-0.0527097943474	-0.0834522830631	0.0368707789397	-0.00015237156833	-0.0183529824853	-0.018845540701	-0.0173168300837	-0.0356812651821	0.00452680511005
k__Bacteria;p__Bacteroidetes;c__Bacteroidia;o__Bacteroidales;f__Bacteroidaceae;g__Bacteroides;s__Bacteroides_fragilis	-0.0625126495472	0.00603264335732	0.00133800337378	-0.0399332060145	-0.0529706837786	0.0114763608442	-0.0394797478078	-0.100123264579	-0.0432080287072	0.0140596397273	-0.00408958538824	0.014342729118	-0.00674769978633	0.00445402773525	0.0250342159788	0.0744637211415	1.0	0.0226646741811	-0.0883613048576	-0.0707583005599	-0.0174252697405	-0.0275854567715	-0.0168215360443	-0.0615835204612	-0.0247924940206	0.026239133377	0.000878266186321	-0.0342911939212	0.0175900269098	0.0261338895894	0.0398698429093	-0.00813703538929	-0.127174348092	0.010570417689	0.0195508225377	-0.00520987855774	-0.0669112213298	0.0161251481739	0.0175037188172	0.084382025719	-0.0746176354624	-0.0159170135015	0.011220575497	0.0450221792489	-0.0256284270336	0.0269001256028	-0.0728962824907	-0.00947967234638	0.00634342360538	0.00499394002204	-0.0122323176284	0.016293038564	-0.0365610979893	0.0419883896413	0.00105252584582	-0.000183988818453	0.00156345131913	-0.0308661139831	-0.0164730530757
k__Bacteria;p__Proteobacteria;c__Betaproteobacteria;o__Burkholderiales;f__Sutterellaceae;g__Sutterella;s__Sutterella_wadsworthensis	-0.0320914258721	-0.0198361473648	0.00272198171988	-0.0288960816669	-0.0909113385014	0.00880406220382	0.00843711794488	0.0223062261836	0.0581545696925	0.0186999578507	-0.0368165259422	0.00618817896623	-0.00991554500245	-0.0239998610184	0.00273373839879	-0.0669952166721	0.0226646741811	1.0	-0.00111457086887	0.0124706849393	-0.00321958959147	-0.0254475670297	-0.018586767964	-0.00324500990572	0.0465179321	-0.0627668410545	-0.0427736570495	-0.0556618966117	-0.0400911391411	0.0445988290713	-0.0801249707957	0.0566004669722	-0.0561073991765	-0.0589629427201	-0.010025294817	-0.0737948519039	-0.0399585332704	-0.0608042777742	-0.0527621699604	-0.0539205925836	-0.0559571229108	0.00301276777496	-0.0278760887203	0.0431351456106	0.00958206071264	0.0687556016045	0.0292617889492	0.0413106828617	0.0554723575418	-0.000631945956596	0.0544788325584	0.0045196772335	-0.0273048172176	0.021601863584	0.036412779528	-0.0610264897977	0.000129715807764	-0.0454335002087	-0.0244633443911
k__Bacteria;p__Bacteroidetes;c__Bacteroidia;o__Bacteroidales;f__Porphyromonadaceae;g__Barnesiella;s__Barnesiella_intestinihominis	-0.0220678381206	-0.00894114602486	-0.0429349374788	-0.0444200281808	-0.0430007076634	-0.0299537370848	0.0306573740958	0.0228388264017	-0.0123196755334	-0.0505251866116	-0.0134425430266	-0.0189243601212	-0.0450098114981	0.0226625774671	-0.0102328420339	-0.00224683787361	-0.0883613048576	-0.00111457086887	1.0	-0.0101396800369	0.00259369546814	0.0713783753098	0.084167412115	0.0133575056525	-0.011332370961	-0.0519853677675	-0.00644277672558	0.0138615008907	0.0152924658028	-0.041449601042	-0.0189519658951	-0.024301702624	-0.0271126647916	0.0358101430177	0.02100629076	-0.072389351267	0.0395096711006	-0.0106624655686	0.0412565723935	0.00913255573003	0.0266863511401	0.0252951653144	0.00263107163003	-0.00754993938266	-0.0425436301587	-0.061631898004	-0.0135306931833	-0.0290650213412	-0.0686332738513	-0.0509113608631	-0.0463757723382	0.0748209708617	0.0509846731295	-0.0334079688319	0.077347144288	-0.0401157051041	-0.0721373282758	-0.0599894130502	0.000996151115314
k__Bacteria;p__Bacteroidetes;c__Bacteroidia;o__Bacteroidales;f__Odoribacteraceae;g__Odoribacter;s__Odoribacter_splanchnicus	0.0068273962996	0.0525039518432	-0.0405096918992	0.0419416995302	0.0252157869513	0.0802927909247	-0.0423276990544	0.0338147281759	-0.0706214601583	0.0015936262955	-0.0171149772582	-0.0398755370621	0.00202373566293	0.00912101827429	-0.00368272235087	-0.0453045332924	-0.0707583005599	0.0124706849393	-0.0101396800369	1.0	0.0326892114892	-0.0256632126067	-0.0732646930938	0.010754637165	0.0198215585557	-0.0241375418313	-0.000464212293269	0.0338648019995	-0.023469583502	0.0242397863439	-0.0628153458533	0.00538053167717	-0.0398495635404	-0.0300677259341	0.022696265246	-0.0426449155836	-0.0405024873845	-0.0526459114093	0.0681231950543	0.0339440876797	-0.0399804565412	-0.033501871997	-0.0494911204518	0.000867742910099	0.00402610518044	-0.0591408347432	0.0187431538005	0.0130189377669	-0.0167542302139	-0.0780369327648	-0.0394632403628	0.0111409426712	0.022553566953	0.0125746435055	-0.015992474717	-0.0225714442274	-0.0436458722466	-0.0646303481124	-0.0253483805332
k__Bacteria;p__Bacteroidetes;c__Bacteroidia;o__Bacteroidales;f__Bacteroidaceae;g__Bacteroides;s__Bacteroides_salyersiae	0.0402953241488	0.0381372969758	-0.0213766595202	0.012768339933	0.0426140663707	-0.0412220722488	0.0207123571912	0.052910398953	-0.0439149276474	-0.0148425203105	-0.0142617652801	0.0892656829423	-0.0210407633823	-0.0302157297753	-0.0246335401391	-0.0253729952973	-0.0174252697405	-0.00321958959147	0.00259369546814	0.0326892114892	1.0	-0.00695366142328	-0.0591850350638	-0.0275625273745	-0.0792566995523	-0.0500070386646	-0.0139135263236	-0.0768512575607	0.0140353491236	-0.00486305375745	-0.0318492262532	0.121245400585	-0.0343181459581	-0.0198241478553	-0.0303502157193	-0.0386661437583	0.00295912387017	0.0464907558485	0.10810197621	-0.0240193804947	0.0240950064363	-0.0667880826603	0.00538989307809	-0.000419373105548	0.0389504284288	-0.0654895593549	-0.0109937063037	-0.0432333175741	-0.00884005952249	-0.0199107680009	-0.0171708932158	-0.0267147719748	-0.0725790800281	-0.0436329128482	-0.0495100291471	-0.0356665314559	0.0136813465794	-0.108207623056	0.00528083747478
k__Bacteria;p__Firmicutes;c__Clostridia;o__Clostridiales;f__Ruminococcaceae;g__Ruminiclostridium;s__[Eubacterium]_siraeum	0.0663471922509	-0.0445577111128	0.00957416143501	-0.0374667758147	0.00524459570546	-0.0150601640895	-0.0370896469592	-0.00134567932804	0.0601320569627	0.0351272344541	0.00219303398047	-0.0205880131767	-0.0247098350829	-0.00911403110472	0.0405581449866	-0.000620384680658	-0.0275854567715	-0.0254475670297	0.0713783753098	-0.0256632126067	-0.00695366142328	1.0	0.0100230303937	0.0170465367777	-0.0354357249047	0.0154722206412	0.0388306784196	-0.00386171497937	-0.0220014671508	0.0187247394918	0.0102947158855	-0.0154738763212	-0.0515541420161	-0.019120691014	-0.0470879521081	-0.0339058523601	-0.0668914958393	-0.0310961711595	-0.0586691853562	-0.0319003233514	0.0279743275936	0.00832763433398	0.0355976415086	-0.0379330283439	-0.0161456492575	-0.0540820010991	0.0285354577135	-0.0450909790947	-0.0131392736232	-0.00248607485215	-0.0163277516768	-0.015512239331	-0.0728373414636	0.00395873455071	0.042951190447	0.0240697157126	0.0133831998176	0.0203003619792	0.0509929093838
k__Bacteria;p__Proteobacteria;c__Betaproteobacteria;o__Burkholderiales;f__Sutterellaceae;g__Parasutterella;s__Parasutterella_excrementihominis	-0.0533867163205	0.00310725204505	-0.0252161493373	-0.0623392200621	0.0074323365795	0.00351870444304	-0.015155438951	0.0386018298403	-0.00809876954447	0.00562516170287	-0.0087064624579	-0.031945868875	-0.018436703113	-0.0242124193491	-0.036929142027	-0.011081194383	-0.0168215360443	-0.018586767964	0.084167412115	-0.0732646930938	-0.0591850350638	0.0100230303937	1.0	-0.0810105407345	-0.0514369652793	-0.074352386703	0.0711898302012	0.0153748150539	0.00285710087558	0.0236534868761	-0.00693681667773	0.0883500481477	0.0108027447822	-0.0365012252658	0.0039283499654	0.089450068479	-0.072689629574	-0.032102762069	0.00693190604973	-0.00371342032288	0.0284729885034	-0.00150065523196	-0.0122514638876	-0.0207812347433	-0.0159384416043	0.0260852895009	0.00451669920972	-0.032496194272	-0.00286076301024	0.0337111831883	0.0355530612196	-0.0662909516036	-0.00179974109556	-0.0366942330472	0.006935559039	-0.0036536788531	-0.0500559330322	-0.0145930065457	0.0236104448262
k__Bacteria;p__Actinobacteria;c__Actinobacteria;o__Bifidobacteriales;f__Bifidobacteriaceae;g__Bifidobacterium;s__Bifidobacterium_adolescentis	-0.0574725419043	0.0285968459067	0.0459996489265	-0.0149006591791	0.0574148194854	-0.0280004499137	0.0456170908262	-0.0255466778433	-0.0449316558125	0.0889031171147	-0.0435081019044	-0.0824116634817	-0.0131322678459	-0.0691938149889	0.000394255108933	-0.0378019212258	-0.0615835204612	-0.00324500990572	0.0133575056525	0.010754637165	-0.0275625273745	0.0170465367777	-0.0810105407345	1.0	-0.005881743387	0.0536252070835	-0.0348589034106	-0.0205612391607	-0.0307541115598	-0.0216549857785	-0.0421731646404	-0.00884737193296	-0.0189405187913	0.0496623457472	-0.0442279266561	-0.0254084800607	-0.0138310686843	-0.035387779847	-0.0267271753858	-0.0120717630519	-0.0235188835373	0.010038358831	-0.0034745698155	-0.0125419200002	0.00139166015867	0.0329437228879	-0.00277635040037	-0.045421928512	-0.0441263654136	-0.0359421360768	-0.0102819599721	-0.0334652464569	-0.00520380001072	0.0234334862403	-0.036723491991	0.00761407824281	0.0372464738277	0.00239825883788	0.0355419518354
k__Bacteria;p__Firmicutes;c__Clostridia;o__Clostridiales;f__Oscillospiraceae;g__Oscillibacter;s__Oscillibacter_sp._KLE_1745	-0.0642863009361	0.0244172112758	-0.0263685486528	0.0164743263887	-0.051921102015	0.0147208955399	-0.010865760998	-0.0173482916842	0.000606421670978	-0.0271781285199	-0.0280963257227	-0.0144457713438	0.0593100498172	-0.00179832326632	0.031904906452	0.0216907664252	-0.0247924940206	0.0465179321	-0.011332370961	0.0198215585557	-0.0792566995523	-0.0354357249047	-0.0514369652793	-0.005881743387	1.0	-0.110303781546	-0.0728346259403	0.0199663630238	0.0662614759108	-5.0378584073e-05	-0.0420211904915	-0.0254117291723	0.0362218376697	0.0413698588231	0.00549247353716	0.000677172222914	0.0198929191865	-0.0925084715485	-0.0240738983798	0.0355748713041	-0.0647628951708	0.0170539129272	-0.0288396349176	-0.032478191183	0.041415536181	0.0817186356292	-0.0104864581299	-0.0235165142137	0.0358501921404	-0.0349724380179	-0.0507177474081	0.0544111092077	-0.0499794340039	0.0512360212442	0.0351761261591	-0.0277137788303	-0.00947969854007	-0.0145547567742	-0.0183897797944
k__Bacteria;p__Bacteroidetes;c__Bacteroidia;o__Bacteroidales;f__Bacteroidaceae;g__Bacteroides;s__Bacteroides_coprophilus	0.0177616926905	-0.0198174424653	-0.0717283887413	-0.0468530033846	0.0457146316045	-0.0542060116656	0.0236421059408	-0.0308793968003	-0.0136751098407	0.0534624866405	0.0539877228201	-0.025431045544	-0.0588071980833	0.014386341032	0.00139514668971	-0.0195387544511	0.026239133377	-0.0627668410545	-0.0519853677675	-0.0241375418313	-0.0500070386646	0.0154722206412	-0.074352386703	0.0536252070835	-0.110303781546	1.0	-0.0189775009444	-0.0606366968845	0.053419187488	-0.000438077567053	-0.0342752829976	-0.0172885981644	0.0420559992237	-0.0521378591278	0.0196883033466	0.00359824065215	-0.0494268832135	0.0163779437231	-0.00720894475872	0.0255129242141	-0.0223600691469	0.0289669555074	-0.00796707585639	-0.0165205416147	-0.010437366005	-0.0210058092392	-0.0255805716621	0.0294069763029	-0.00738116816446	0.00899994670274	0.0266817013517	0.0101896021693	-0.0466043207049	-0.0323010279643	0.00367640890911	-0.00690488700857	0.0312400022769	-0.000874476798658	-0.0406198329638
k__Bacteria;p__Firmicutes;c__Clostridia;o__Clostridiales;f__Lachnospiraceae;g__Roseburia;s__Roseburia_intestinalis	-0.0632120116481	-0.00580818109091	-0.107594636879	0.0068065330643	0.00140019511214	0.01117298402	-0.0399065368515	0.00293187775958	-0.00413365445478	-0.0217393828808	-0.0166061612129	-0.0616616161766	0.0358584619541	-0.059618144619	-0.00460298261299	0.0230931790074	0.000878266186321	-0.0427736570495	-0.00644277672558	-0.000464212293269	-0.0139135263236	0.0388306784196	0.0711898302012	-0.0348589034106	-0.0728346259403	-0.0189775009444	1.0	-0.0488610777413	-0.012164321004	0.0198008582588	0.00163044326135	0.00426384266548	0.00943041836471	0.0260101157097	-0.0292112370286	0.0644562406955	-0.0468636463569	-0.0081396215206	-0.0257128348169	-0.0118242604873	-0.00745144742154	-0.0334453293606	0.00710108147108	0.00801328053031	0.0316886747822	0.0162734597958	-0.0105535653308	-0.0277045806821	-0.0598864843178	-0.0217326949404	0.0570588251203	-0.0246160610365	0.0405275911468	-0.048546343137	-0.0202296600612	0.0121594085603	-0.0439413367201	0.055636614925	-0.00478846907384
k__Bacteria;p__Firmicutes;c__Clostridia;o__Clostridiales;f__Lachnospiraceae;g__Roseburia;s__Roseburia_hominis	-0.0842943682512	-0.0925700634546	-0.0472887726225	0.0216358513623	0.00559485038141	-0.0749073704935	0.0362710823277	0.0591662862775	0.0591771182664	-0.0541148126885	0.0343559446514	0.0326745715719	-0.0136339723974	0.00638371372466	-0.0391047070016	0.0312874375284	-0.0342911939212	-0.0556618966117	0.0138615008907	0.0338648019995	-0.0768512575607	-0.00386171497937	0.0153748150539	-0.0205612391607	0.0199663630238	-0.0606366968845	-0.0488610777413	1.0	-0.0249725513692	0.0702185249578	-0.0306344222121	-0.0156859392938	-0.015677278394	0.0650312321487	0.0621980984338	-0.0243455369085	-0.0581159101777	-0.00827203789472	0.0555472331401	0.00577656150545	-0.0446171960401	-0.0152139038917	-0.0434544406632	-0.0982336283156	-0.0326059868008	0.0253368122469	-0.0272295283946	-0.0479415835913	0.0111908661277	-0.0203746771487	0.0386374574471	-0.0282560275059	0.0390982627391	0.0465558982101	0.0251678029637	-0.0207380229207	-0.0325548989901	0.00400310342673	-0.0342566440108
k__Bacteria;p__Bacteroidetes;c__Bacteroidia;o__Bacteroidales;f__Porphyromonadaceae;g__Parabacteroides;s__Parabacteroides_johnsonii	0.00141089015485	-0.00139414886131	0.0416303540947	-0.012860836072	0.0118616928217	0.0368058907878	0.0773767125758	-0.0283703301128	0.00777965765934	0.00898126079617	-0.0410809590484	-0.025991460804	-0.0500450309394	-0.0486876312758	-0.0690807916583	0.0775712000814	0.0175900269098	-0.0400911391411	0.0152924658028	-0.023469583502	0.0140353491236	-0.0220014671508	0.00285710087558	-0.0307541115598	0.0662614759108	0.053419187488	-0.012164321004	-0.0249725513692	1.0	-0.0509974471158	-0.0633732978586	-0.00142461352045	-0.00347521272825	0.0171056123059	-0.07568737224	0.0135218353254	-0.0558106259177	0.0222184803036	-0.0165680220531	-0.016203238378	-0.0267018251768	-0.055380462954	-0.0555714144527	-0.0713297373767	-0.0368251089356	-0.0249343319652	-0.0398883993324	0.0531783562705	0.0122232963236	0.0597363385565	0.0428293914262	-0.00203824217565	-0.043563529107	0.0225230769086	0.0255428012999	-0.0399803846026	-0.0345795620827	-0.0257181999362	-0.0414296364539
k__Bacteria;p__Actinobacteria;c__Actinobacteria;o__Bifidobacteriales;f__Bifidobacteriaceae;g__Bifidobacterium;s__Bifidobacterium_longum	-0.000361425316211	0.0301004463933	-0.0222265143657	-0.0626154975494	-0.0246641651367	-0.061561937309	-0.00652254084014	0.00351049126892	0.0318883199818	-0.0747305410348	0.00148373706048	0.0150983236681	-0.0285279655565	-0.0333228761391	0.00100663619688	0.0350723532408	0.0261338895894	0.0445988290713	-0.041449601042	0.0242397863439	-0.00486305375745	0.0187247394918	0.0236534868761	-0.0216549857785	-5.0378584073e-05	-0.000438077567053	0.0198008582588	0.0702185249578	-0.0509974471158	1.0	-0.00521792519155	0.0525208619074	-0.00362041810069	-0.0173697216125	0.00690110023755	0.0808000021069	-0.0658155017627	0.0124063429804	0.0224746879626	0.0109724321643	0.0492258471568	0.0148634331728	-0.0417258013827	0.0223787940402	0.0253212374917	-0.0343117551623	-0.0591968260533	-0.0768808042975	-0.0414056965887	0.0344124670608	0.00893287941218	-0.00801085613277	-0.0435006071264	0.0596472187796	-0.029346537116	-0.016989753713	0.00962922936032	-0.0334658605238	-0.0531939186707
