#taxonomy	k__Bacteria;p__Bacteroidetes;c__Bacteroidia;o__Bacteroidales;f__Bacteroidaceae;g__Bacteroides;s__Bacteroides_vulgatus	k__Bacteria;p__Bacteroidetes;c__Bacteroidia;o__Bacteroidales;f__Bacteroidaceae;g__Bacteroides;s__Bacteroides_uniformis	k__Bacteria;p__Bacteroidetes;c__Bacteroidia;o__Bacteroidales;f__Rikenellaceae;g__Alistipes;s__Alistipes_putredinis	k__Bacteria;p__Bacteroidetes;c__Bacteroidia;o__Bacteroidales;f__Prevotellaceae;g__Prevotella;s__Prevotella_copri	k__Bacteria;p__Bacteroidetes;c__Bacteroidia;o__Bacteroidales;f__Bacteroidaceae;g__Bacteroides;s__Bacteroides_stercoris	k__Bacteria;p__Bacteroidetes;c__Bacteroidia;o__Bacteroidales;f__Bacteroidaceae;g__Bacteroides;s__Bacteroides_ovatus	k__Bacteria;p__Bacteroidetes;c__Bacteroidia;o__Bacteroidales;f__Rikenellaceae;g__Alistipes;s__Alistipes_shahii	k__Bacteria;p__Firmicutes;c__Clostridia;o__Clostridiales;f__Ruminococcaceae;g__Faecalibacterium;s__Faecalibacterium_prausnitzii	k__Bacteria;p__Bacteroidetes;c__Bacteroidia;o__Bacteroidales;f__Rikenellaceae;g__Alistipes;s__Alistipes_finegoldii	k__Bacteria;p__Bacteroidetes;c__Bacteroidia;o__Bacteroidales;f__Porphyromonadaceae;g__Parabacteroides;s__Parabacteroides_distasonis	k__Bacteria;p__Bacteroidetes;c__Bacteroidia;o__Bacteroidales;f__Bacteroidaceae;g__Bacteroides;s__Bacteroides_thetaiotaomicron	k__Bacteria;p__Bacteroidetes;c__Bacteroidia;o__Bacteroidales;f__Bacteroidaceae;g__Bacteroides;s__Bacteroides_coprocola	k__Bacteria;p__Bacteroidetes;c__Bacteroidia;o__Bacteroidales;f__Bacteroidaceae;g__Bacteroides;s__Bacteroides_cellulosilyticus	k__Bacteria;p__Bacteroidetes;c__Bacteroidia;o__Bacteroidales;f__Rikenellaceae;g__Alistipes;s__Alistipes_obesi	k__Bacteria;p__Firmicutes;c__Clostridia;o__Clostridiales;f__Lachnospiraceae;g__;s__[Eubacterium]_rectale	k__Bacteria;p__Bacteroidetes;c__Bacteroidia;o__Bacteroidales;f__Bacteroidaceae;g__Bacteroides;s__Bacteroides_plebeius	k__Bacteria;p__Bacteroidetes;c__Bacteroidia;o__Bacteroidales;f__Bacteroidaceae;g__Bacteroides;s__Bacteroides_fragilis	k__Bacteria;p__Proteobacteria;c__Betaproteobacteria;o__Burkholderiales;f__Sutterellaceae;g__Sutterella;s__Sutterella_wadsworthensis	k__Bacteria;p__Bacteroidetes;c__Bacteroidia;o__Bacteroidales;f__Porphyromonadaceae;g__Barnesiella;s__Barnesiella_intestinihominis	k__Bacteria;p__Bacteroidetes;c__Bacteroidia;o__Bacteroidales;f__Odoribacteraceae;g__Odoribacter;s__Odoribacter_splanchnicus	k__Bacteria;p__Bacteroidetes;c__Bacteroidia;o__Bacteroidales;f__Bacteroidaceae;g__Bacteroides;s__Bacteroides_salyersiae	k__Bacteria;p__Firmicutes;c__Clostridia;o__Clostridiales;f__Ruminococcaceae;g__Ruminiclostridium;s__[Eubacterium]_siraeum	k__Bacteria;p__Proteobacteria;c__Betaproteobacteria;o__Burkholderiales;f__Sutterellaceae;g__Parasutterella;s__Parasutterella_excrementihominis	k__Bacteria;p__Actinobacteria;c__Actinobacteria;o__Bifidobacteriales;f__Bifidobacteriaceae;g__Bifidobacterium;s__Bifidobacterium_adolescentis	k__Bacteria;p__Firmicutes;c__Clostridia;o__Clostridiales;f__Oscillospiraceae;g__Oscillibacter;s__Oscillibacter_sp._KLE_1745	k__Bacteria;p__Bacteroidetes;c__Bacteroidia;o__Bacteroidales;f__Bacteroidaceae;g__Bacteroides;s__Bacteroides_coprophilus	k__Bacteria;p__Firmicutes;c__Clostridia;o__Clostridiales;f__Lachnospiraceae;g__Roseburia;s__Roseburia_intestinalis	k__Bacteria;p__Firmicutes;c__Clostridia;o__Clostridiales;f__Lachnospiraceae;g__Roseburia;s__Roseburia_hominis	k__Bacteria;p__Bacteroidetes;c__Bacteroidia;o__Bacteroidales;f__Porphyromonadaceae;g__Parabacteroides;s__Parabacteroides_johnsonii	k__Bacteria;p__Actinobacteria;c__Actinobacteria;o__Bifidobacteriales;f__Bifidobacteriaceae;g__Bifidobacterium;s__Bifidobacterium_longum	k__Bacteria;p__Firmicutes;c__Clostridia;o__Clostridiales;f__;g__Flavonifractor;s__Flavonifractor_plautii	k__Bacteria;p__Firmicutes;c__Clostridia;o__Clostridiales;f__Clostridiaceae;g__Clostridium;s__Clostridium_phoceensis	k__Bacteria;p__Verrucomicrobia;c__Verrucomicrobiae;o__Verrucomicrobiales;f__Akkermansiaceae;g__Akkermansia;s__Akkermansia_muciniphila	k__Bacteria;p__Bacteroidetes;c__Bacteroidia;o__Bacteroidales;f__Prevotellaceae;g__Paraprevotella;s__Paraprevotella_xylaniphila	k__Bacteria;p__Firmicutes;c__Clostridia;o__Clostridiales;f__Ruminococcaceae;g__Ruminococcus;s__Ruminococcus_callidus	k__Bacteria;p__Bacteroidetes;c__Bacteroidia;o__Bacteroidales;f__Rikenellaceae;g__Alistipes;s__Alistipes_senegalensis	k__Bacteria;p__Firmicutes;c__Clostridia;o__Clostridiales;f__Lachnospiraceae;g__Blautia;s__Blautia_sp._KLE_1732	k__Bacteria;p__Bacteroidetes;c__Bacteroidia;o__Bacteroidales;f__Bacteroidaceae;g__Bacteroides;s__Bacteroides_oleiciplenus	k__Bacteria;p__Firmicutes;c__Clostridia;o__Clostridiales;f__Ruminococcaceae;g__Ruminococcus;s__Ruminococcus_bicirculans	k__Bacteria;p__Bacteroidetes;c__Bacteroidia;o__Bacteroidales;f__Bacteroidaceae;g__Bacteroides;s__Bacteroides_fluxus	k__Bacteria;p__Bacteroidetes;c__Bacteroidia;o__Bacteroidales;f__Prevotellaceae;g__Prevotella;s__Prevotella_stercorea	k__Bacteria;p__Firmicutes;c__Clostridia;o__Clostridiales;f__Lachnospiraceae;g__Dorea;s__Dorea_longicatena	k__Bacteria;p__Firmicutes;c__Clostridia;o__Clostridiales;f__Eubacteriaceae;g__Eubacterium;s__[Eubacterium]_eligens	k__Bacteria;p__Firmicutes;c__Clostridia;o__Clostridiales;f__Ruminococcaceae;g__;s__Ruminococcaceae_bacterium_D16	k__Bacteria;p__Firmicutes;c__Clostridia;o__Clostridiales;f__Lachnospiraceae;g__Coprococcus;s__Coprococcus_comes	k__Bacteria;p__Proteobacteria;c__Gammaproteobacteria;o__Enterobacterales;f__Enterobacteriaceae;g__Escherichia;s__Escherichia_coli	k__Bacteria;p__Firmicutes;c__Clostridia;o__Clostridiales;f__Ruminococcaceae;g__Anaerotruncus;s__Anaerotruncus_colihominis	k__Bacteria;p__Firmicutes;c__Clostridia;o__Clostridiales;f__Lachnospiraceae;g__Blautia;s__Blautia_obeum	k__Bacteria;p__Bacteroidetes;c__Bacteroidia;o__Bacteroidales;f__Odoribacteraceae;g__Odoribacter;s__Odoribacter_laneus	k__Bacteria;p__Firmicutes;c__Clostridia;o__Clostridiales;f__Ruminococcaceae;g__Ruminiclostridium;s__[Clostridium]_leptum	k__Bacteria;p__Bacteroidetes;c__Bacteroidia;o__Bacteroidales;f__Porphyromonadaceae;g__Parabacteroides;s__Parabacteroides_goldsteinii	k__Bacteria;p__Firmicutes;c__Clostridia;o__Clostridiales;f__Lachnospiraceae;g__Anaerostipes;s__Anaerostipes_hadrus	k__Bacteria;p__Firmicutes;c__Clostridia;o__Clostridiales;f__Ruminococcaceae;g__Ruminococcus;s__Ruminococcus_lactaris	k__Bacteria;p__Firmicutes;c__Clostridia;o__Clostridiales;f__Clostridiaceae;g__Clostridium;s__Clostridium_sp._L2-50	k__Bacteria;p__Firmicutes;c__Clostridia;o__Clostridiales;f__Clostridiaceae;g__Clostridium;s__Clostridium_sp._M62/1	k__Bacteria;p__Firmicutes;c__Clostridia;o__Clostridiales;f__;g__Intestinimonas;s__Intestinimonas_butyriciproducens	k__Bacteria;p__Actinobacteria;c__Actinobacteria;o__Bifidobacteriales;f__Bifidobacteriaceae;g__Bifidobacterium;s__Bifidobacterium_bifidum	k__Bacteria;p__Firmicutes;c__Negativicutes;o__Veillonellales;f__Veillonellaceae;g__Dialister;s__Dialister_invisus	k__Bacteria;p__Bacteroidetes;c__Bacteroidia;o__Bacteroidales;f__Bacteroidaceae;g__Bacteroides;s__Bacteroides_salanitronis
k__Bacteria;p__Bacteroidetes;c__Bacteroidia;o__Bacteroidales;f__Bacteroidaceae;g__Bacteroides;s__Bacteroides_vulgatus	1.0	-0.0362170529204	0.0497606381803	-0.0235735453211	-0.0261976120332	-0.0797975789872	-0.111655585998	0.0233210954257	-0.0524763733932	0.0278310349076	-0.00305404250478	0.0232541057494	0.0739704018247	0.0704734909769	0.000437617017106	-0.0389355622323	-0.0145606060007	-0.0111399052584	0.030147145883	-0.0227634071518	-0.0150395183263	0.0101240519561	-0.0192518185318	0.00147994408765	-0.0474331765837	0.0143988524149	0.0657424317551	-0.0501159086572	-0.0017479393604	-0.0100654738305	-0.0558065423311	-0.052766213018	0.000357172114198	-0.0275851184008	0.0406800423448	0.0149033694231	-0.0772538409435	-0.041882099013	-0.0551070921165	0.0316837297571	-0.0463488225555	-0.00646224940774	-0.00971392539477	-0.0651420237759	-0.0479020801571	-0.0161575352599	-0.0197388736977	0.0291486781526	-0.0337978278025	-0.0341770292984	0.0210197802437	-0.0089522449848	0.00673463882551	-0.0244496842068	0.0578248222077	-0.080360248218	-0.0253279567948	0.0830038385504	0.0408012563398
k__Bacteria;p__Bacteroidetes;c__Bacteroidia;o__Bacteroidales;f__Bacteroidaceae;g__Bacteroides;s__Bacteroides_uniformis	-0.0362170529204	1.0	-0.0342547113357	-0.0102390620736	-0.0584913735359	-0.0244625631343	-0.0239342298873	-0.057009855131	-0.0113489115836	0.0146275367235	-0.0940408175536	-0.0278377746285	-0.0326021874441	-0.00314955749551	-0.0378847985511	0.0355920241019	-0.0406220856856	0.035568615424	-0.0706568123622	-0.028259690319	-0.0324386094266	-0.0791576199788	0.0247409613378	-0.000932368392149	0.0257990230107	-0.0125274075093	0.0134909178394	-0.0457646230512	-0.0133514736968	0.00853284713468	0.0375342009487	0.0484822767607	-0.00112175862004	-0.0497302429383	0.0919696886773	-0.0102105698163	0.0215875092495	0.0407749149886	0.0653288324559	-0.0554641375319	0.0220613309823	0.00791830457823	-0.011708343202	-0.0503243095622	5.93626077094e-05	-0.00363745187594	-0.00837903824625	0.00455199981856	-0.0784490370437	-0.0151801639187	-0.0122879926466	0.022694343534	0.0178808130689	-0.0181008813504	-0.0391344363658	-0.0342679909223	0.047341916435	0.0327434936332	-0.0392395107444
k__Bacteria;p__Bacteroidetes;c__Bacteroidia;o__Bacteroidales;f__Rikenellaceae;g__Alistipes;s__Alistipes_putredinis	0.0497606381803	-0.0342547113357	1.0	0.0320194280581	-0.0241948212194	0.0797535348939	-0.0155035440534	-0.0378876744834	-0.0389732654657	-0.0102168014596	0.0196463749991	-0.00840653148525	0.0226191701866	-0.0473858568774	0.00826551695706	0.0164395030894	-0.000137996610881	-0.0516526065826	0.0330920667217	-0.0147081348649	0.00752252587253	-0.03503086478	0.00328761380824	-0.00179714015574	-0.00369616008964	-0.00424531142853	0.00115102404549	0.041816564049	0.0186894217818	-0.0708285476467	-0.0143063264627	-0.0836886561466	-0.060771423179	-0.00551653325215	-0.00693596961057	0.0265327056402	-0.0315650061417	-0.0160364625703	-0.028779901107	-0.0221626547802	0.0159883160595	-0.0208812636485	-0.0442078992553	-0.0782782554128	0.049068041194	-0.0181044070025	0.0232342361181	0.0278039346724	-0.0212045851075	0.0652736313701	0.0052893086206	-0.000329367148153	-0.0118748476535	-0.0211299962485	-0.0186812895813	0.0139709494379	-0.0324527535888	-0.0378317734748	0.0819349695485
k__Bacteria;p__Bacteroidetes;c__Bacteroidia;o__Bacteroidales;f__Prevotellaceae;g__Prevotella;s__Prevotella_copri	-0.0235735453211	-0.0102390620736	0.0320194280581	1.0	6.95177932332e-05	-0.0755091460765	0.0191118740555	-0.0161150328283	-0.0148480484956	-0.049289823955	-0.0192088227848	0.0106781104878	-0.0409581202861	-0.024753043967	-0.00901603843441	-0.0172718137037	-0.0131669834231	-0.045166237791	-0.0192993132546	-0.013890099881	0.0103615184054	-0.00742313259974	-0.0237318924285	-0.0299316756333	-0.0428113063314	-0.0022132311286	-0.113086934843	-0.0738901814555	0.072626510212	0.015009763765	0.033825942702	0.0784601004282	0.0538588399497	-0.00805274021394	-0.0411668839637	-0.0160579684289	-0.0117457903106	-0.00471353477296	0.0409464014078	0.0234670447277	-0.00900099331086	-0.0705056035553	-0.015589753917	-0.00646815310712	-0.0492074380723	0.0398559364173	0.0109623627479	-0.0200465964703	0.00325977280659	-0.0863213242307	-0.00505518931981	-0.0224527645927	0.0218941582208	-0.0593025668046	-0.00151082505684	-0.0453898080231	-0.0196937397077	-0.0328078164112	0.0301092542011
k__Bacteria;p__Bacteroidetes;c__Bacteroidia;o__Bacteroidales;f__Bacteroidaceae;g__Bacteroides;s__Bacteroides_stercoris	-0.0261976120332	-0.0584913735359	-0.0241948212194	6.95177932332e-05	1.0	-0.0502850498886	-0.00936463589688	0.00351236517543	0.0102197412218	-0.0690954052287	-0.0221978556391	0.0285666093509	0.0305239806597	-0.00107460603226	-0.0295119642567	0.030063080182	0.042452286423	-0.00103190225304	-0.00421670917436	-0.000816167573875	-0.00424417368182	-0.0123348807275	-0.0761777757383	-0.080970003091	0.03203492745	-0.0193917680376	0.0245743522365	0.0443125789885	0.0625127849355	-0.0689836556129	-0.0148019798117	-0.0802286731068	-0.0300593598338	0.0234826067466	0.0164990820357	-0.0550101814177	-0.0452774790201	-0.0157602466676	0.0274655820697	-0.0168455871983	-0.029930316586	-0.00457268995369	-0.017348819246	-0.0607181548241	0.0853411246464	-0.0460259725177	-0.0487485539109	-0.0278472262628	-0.0290948445268	-0.0096271053188	-0.045782478559	-0.027776475088	0.00411646654395	-0.0952409325658	-0.0132817768757	-0.0473469048612	-0.0483228804101	-0.0284903034494	0.00250003428577
k__Bacteria;p__Bacteroidetes;c__Bacteroidia;o__Bacteroidales;f__Bacteroidaceae;g__Bacteroides;s__Bacteroides_ovatus	-0.0797975789872	-0.0244625631343	0.0797535348939	-0.0755091460765	-0.0502850498886	1.0	-0.0214225799988	-0.0019004359126	-0.018329985153	0.0200028454591	-0.0170064059855	-0.0277620546955	-0.0300489333593	-0.0245310714645	0.0133440761572	-0.0384581579586	0.0575759721656	-0.0189529711012	-0.000753580818744	-0.0642497075807	0.0240944675719	-0.0135939130944	-0.00841930512359	0.0328570279174	-0.0461095716676	0.0575472180662	0.0215166547755	-0.0477989818136	-0.0436900306356	-0.0121217863615	0.0443694065152	-0.0812719616816	0.0168316106811	-0.0499034229852	0.00364323535268	0.00403077619402	-0.0100044992445	-0.0514218372694	0.033443778026	-0.0240048442264	-0.00195132377081	-0.0202941460489	0.0219719858039	0.0197365070877	0.00224214377889	0.00923974092406	0.00680146648052	-0.0324215464617	-0.0387934266716	0.0401016927524	-0.0393260345933	0.0548687357387	-0.0217786631116	0.00901179989915	-0.0262582054508	0.0309764469284	0.047343524106	-0.0618594890295	-0.00286419377085
k__Bacteria;p__Bacteroidetes;c__Bacteroidia;o__Bacteroidales;f__Rikenellaceae;g__Alistipes;s__Alistipes_shahii	-0.111655585998	-0.0239342298873	-0.0155035440534	0.0191118740555	-0.00936463589688	-0.0214225799988	1.0	0.0324335899114	0.02035861344	-0.0342359839695	0.00555791868253	-0.0717103305212	-0.0774305950261	-0.0554153311935	0.0232617057017	-0.071103201007	-0.0363364815071	0.0238865583726	0.0189005701097	0.0249853162085	-0.0226332262858	0.0273685207501	0.0167072429543	-0.0123260701302	0.0533357712192	0.0175222736537	0.0343739280373	0.0101496299828	-0.0432749604824	0.029646846143	-0.0428021733838	0.0128881471954	0.00250843235102	0.0260688462984	-0.0201751435011	0.0684751719608	0.0302825579045	-0.0367905723671	0.0336007621061	-0.00646611383772	-0.0383185550132	0.00317984835024	-0.0605556292179	0.0562998573889	0.0498737591421	0.0893856169873	0.0260863320486	0.0271978619869	-0.0631653239862	0.0252009535697	0.0211775534403	-0.00418254785834	-0.00537735462044	-0.0819826040618	-0.0161745598655	0.0441463598661	-0.0208304053813	0.0424072062108	0.0368235509452
k__Bacteria;p__Firmicutes;c__Clostridia;o__Clostridiales;f__Ruminococcaceae;g__Faecalibacterium;s__Faecalibacterium_prausnitzii	0.0233210954257	-0.057009855131	-0.0378876744834	-0.0161150328283	0.00351236517543	-0.0019004359126	0.0324335899114	1.0	-0.0422558427671	-0.014614202208	-0.0191980111419	-0.0372093707171	0.0128898025517	-0.0337446914754	-0.011486407427	-0.0353382009928	-0.0927534033932	-0.0530283758697	0.0251290229849	-0.00940021808048	-0.0176331115503	0.00138119220298	0.0472135244075	-0.0437856043586	-0.039913031655	0.00948625571872	-0.0467320257708	-0.0577208858909	-0.0109817603168	0.0794478033138	0.071414923951	0.0445698047009	0.0101711659507	-0.0663659982924	0.00935486887505	0.0533777927249	0.022865099507	0.056886826118	-0.0917249124064	-0.0101759195192	-0.0874153984252	-0.00226038608466	-0.0208569030946	0.0451512742117	-0.0417437558798	0.0387291420626	-0.062476716348	-0.0707961231597	-0.00766076570102	-0.0103204316339	0.107720955694	-0.00213605833384	0.00163179755945	-0.00424970302494	-0.0395038477258	-0.00129287614455	0.0536812240767	-0.0422724470911	-0.0323321718424
k__Bacteria;p__Bacteroidetes;c__Bacteroidia;o__Bacteroidales;f__Rikenellaceae;g__Alistipes;s__Alistipes_finegoldii	-0.0524763733932	-0.0113489115836	-0.0389732654657	-0.0148480484956	0.0102197412218	-0.018329985153	0.02035861344	-0.0422558427671	1.0	-0.00594167729108	0.051670888648	-0.0295421310051	-0.0686069988745	-0.0507717749653	-0.0571467383025	0.0712170492191	-0.00479419464769	0.0395952266681	-0.0330479358448	-0.040666786491	0.0316610595822	0.0509365045379	0.0684744201824	0.0410048245403	0.0063342603567	-0.0500477388621	-0.0777420758843	-0.0286163468274	-0.0265175278849	-0.030380673186	-0.0128950639402	0.0533515970696	0.00933335897471	-0.0584591811895	0.0370667132418	0.0391428113474	-0.0566510536063	0.00920455788355	-0.0236225811833	0.0514618128104	-0.0546045483727	-0.0164344734627	-0.0196231252072	0.00935997582368	-0.0541719780011	0.00939438665338	-0.0745547455658	-0.0328947986608	-0.0194893009254	0.0167730364675	0.0387051517889	-0.0303634274041	0.01342801014	0.0280347602516	-5.73887462377e-05	-0.0126172229576	0.0456306870692	-0.0736165632695	-0.0196141557572
k__Bacteria;p__Bacteroidetes;c__Bacteroidia;o__Bacteroidales;f__Porphyromonadaceae;g__Parabacteroides;s__Parabacteroides_distasonis	0.0278310349076	0.0146275367235	-0.0102168014596	-0.049289823955	-0.0690954052287	0.0200028454591	-0.0342359839695	-0.014614202208	-0.00594167729108	1.0	-0.0467998072841	-0.0156502994199	0.00668625957378	-0.0374942641345	-0.00698764668545	-0.0100422924785	0.0334700693294	0.00388937739993	-0.00978743301105	0.0235317528658	-0.0187419146817	-0.0705080979152	-0.00624583524653	-0.0228757571067	-0.0214446992577	0.0400511171768	-0.0167223833872	0.0132840682811	-0.0273248286616	-0.0417423733439	0.0083054200126	0.0961089130571	-0.0284635032889	0.0399393975978	-3.44263442771e-05	-0.0386439813299	0.0287084953628	-0.0155769313891	-0.00367217874143	0.0134197026948	-0.0348406264686	-0.00491061501952	-0.036365023345	0.03333777503	0.0126902662375	0.0469962115744	-0.0280828919543	-0.0331777649485	0.0337022499032	0.0208176187346	-0.0441849915701	0.0497167689399	-0.0715823359115	0.0374954537115	0.0188331360579	-0.0381678097499	0.0113094353689	-0.0291127566997	0.00549455812344
k__Bacteria;p__Bacteroidetes;c__Bacteroidia;o__Bacteroidales;f__Bacteroidaceae;g__Bacteroides;s__Bacteroides_thetaiotaomicron	-0.00305404250478	-0.0940408175536	0.0196463749991	-0.0192088227848	-0.0221978556391	-0.0170064059855	0.00555791868253	-0.0191980111419	0.051670888648	-0.0467998072841	1.0	-0.00352122686378	-0.0327503155816	0.0295362251945	0.0821784090253	-0.0359012976764	-0.0669225802585	0.0452805980503	-0.0019262044303	0.0136804641043	-0.0362553269255	0.045448964667	-0.0114375156222	-0.0458165592643	-0.0254068702672	0.022577323753	-0.0391701786825	-0.0152507270737	-0.0288970798263	-0.0138854096816	0.0606866075376	-0.0867353393241	-0.0891637126749	0.0536955861527	-0.0312071045451	0.0122165344018	-0.0943757299309	-0.0241467856457	0.0328780536708	-0.0344323085504	0.0376344091034	-0.0330185948104	0.00148796670747	-0.00597240701817	0.00702500101649	-0.00193741913915	0.0030689327045	-0.039943390628	0.0314220216345	-0.000833600707722	-0.0255633899193	-0.0447849534009	-0.00593881894436	0.0464341059117	-0.0168023413005	0.0389115618968	0.0653434840888	-0.0101756252783	-0.0423944138118
k__Bacteria;p__Bacteroidetes;c__Bacteroidia;o__Bacteroidales;f__Bacteroidaceae;g__Bacteroides;s__Bacteroides_coprocola	0.0232541057494	-0.0278377746285	-0.00840653148525	0.0106781104878	0.0285666093509	-0.0277620546955	-0.0717103305212	-0.0372093707171	-0.0295421310051	-0.0156502994199	-0.00352122686378	1.0	0.0191006482166	-0.0518703496644	-0.00930832023236	0.0786188295249	0.0177790630547	0.000506106607224	-0.0170407442318	-0.0115141737369	0.0376212034024	0.00993738148797	-0.0513476651834	-0.0722693997523	0.108220785252	0.0167512577619	-0.030208740462	0.0192204981755	0.00230171259176	0.0100200473158	-0.0186929419674	-0.0436128860876	0.0418053508179	-0.0242204218256	-0.0363664283778	-0.000279167650472	0.0320459500675	-0.0205086912282	-0.0548979563378	-0.00813254172109	-0.0488022215996	0.0515605595259	0.00849124461463	-0.00289861948398	-0.0398236368321	-0.0500003337468	0.0367301450879	-0.0466470717805	-0.00650247367152	-0.102717998149	-0.0540708413201	0.00697964153213	0.0182927585529	-0.0368469472278	-0.0496882998133	-0.0383653130644	0.129103555615	0.0689941444286	-0.0351315057903
k__Bacteria;p__Bacteroidetes;c__Bacteroidia;o__Bacteroidales;f__Bacteroidaceae;g__Bacteroides;s__Bacteroides_cellulosilyticus	0.0739704018247	-0.0326021874441	0.0226191701866	-0.0409581202861	0.0305239806597	-0.0300489333593	-0.0774305950261	0.0128898025517	-0.0686069988745	0.00668625957378	-0.0327503155816	0.0191006482166	1.0	-0.028305328582	-0.00205487917381	0.0152083378992	-0.0636808380682	-0.0121745672643	-0.0186521121137	0.0066643149128	0.0223740322001	-0.0409027417572	-0.044383609404	-0.000849263458579	-0.036465658595	0.0355819452283	0.0678388875401	0.00286656811786	0.0507122364069	-0.043616050295	-0.0216110756991	-0.0236601551209	0.00777991513816	-0.0390255418144	-0.0380009492576	-0.0443685069488	-0.0720579472225	0.0225082170265	0.0028223489749	-0.0645524804292	-0.0530003053585	-0.044554377254	-0.0291759372701	0.038508459178	-0.00273148589708	-0.0387532702212	-0.0641983668546	0.0518247122493	-0.00325644139447	-0.0288356378836	-0.0435173390593	-0.0213457589059	-0.024369797403	-0.06909153256	0.0139524991038	-0.0442323181371	0.0179062373613	0.0491738007583	-0.0767488179754
k__Bacteria;p__Bacteroidetes;c__Bacteroidia;o__Bacteroidales;f__Rikenellaceae;g__Alistipes;s__Alistipes_obesi	0.0704734909769	-0.00314955749551	-0.0473858568774	-0.024753043967	-0.00107460603226	-0.0245310714645	-0.0554153311935	-0.0337446914754	-0.0507717749653	-0.0374942641345	0.0295362251945	-0.0518703496644	-0.028305328582	1.0	-0.0357690087476	-0.0373027929207	0.0117573474706	0.0530963914497	-0.0587440378969	-0.060483424767	-0.0402530839169	0.0291427836981	-0.0392152848573	-0.0216409573935	0.0515109612505	0.0152134240104	-0.068627835102	0.00926162059315	0.00229296742206	0.0412946362797	-0.0104928940719	0.00557457198177	0.00331456318676	0.0112662688792	-0.022317334817	0.0158573510246	-0.0373311878011	0.0291679423482	-0.00990684277896	-0.0405843323302	0.097202053323	0.0479600254071	0.0490118798354	-0.0349769626184	-0.072955346066	-0.0653342787496	0.0128099276024	0.0745924392619	-0.0205096521352	0.0270901394389	-0.0423791355117	-0.0323311243587	0.0154438417415	0.0230950658227	0.0216158961596	0.0252379781859	0.00498484988202	-0.0240942213315	-0.0310523676192
k__Bacteria;p__Firmicutes;c__Clostridia;o__Clostridiales;f__Lachnospiraceae;g__;s__[Eubacterium]_rectale	0.000437617017106	-0.0378847985511	0.00826551695706	-0.00901603843441	-0.0295119642567	0.0133440761572	0.0232617057017	-0.011486407427	-0.0571467383025	-0.00698764668545	0.0821784090253	-0.00930832023236	-0.00205487917381	-0.0357690087476	1.0	-0.00393121198286	-0.0462841299725	-0.0251430579867	-0.0449176876776	0.00436283281375	-0.0414646086927	0.00374596190005	-0.0407508571951	-0.0314059465529	-0.0761300372379	-0.0229176080692	0.0139782796454	-0.0446733050062	-0.033297456754	-0.00699805187144	-0.00513089398839	-0.0263822243613	-0.055983313817	0.0148446098512	-0.0298307119283	0.016269073929	0.00314153899088	-0.0488193109776	0.0309455466925	-0.0253147714676	-0.0540180998213	-0.00176000481328	0.105756685041	0.0283535709944	-0.029237365006	-0.00949097578213	0.00133370685108	-0.0361999413278	0.00106965325799	0.0117484714357	-0.0581340761357	-0.010404346444	0.0399193067985	0.0647018420882	0.0158031455972	-0.0296050441545	0.00398405426492	-0.0301640958923	0.028311234178
k__Bacteria;p__Bacteroidetes;c__Bacteroidia;o__Bacteroidales;f__Bacteroidaceae;g__Bacteroides;s__Bacteroides_plebeius	-0.0389355622323	0.0355920241019	0.0164395030894	-0.0172718137037	0.030063080182	-0.0384581579586	-0.071103201007	-0.0353382009928	0.0712170492191	-0.0100422924785	-0.0359012976764	0.0786188295249	0.0152083378992	-0.0373027929207	-0.00393121198286	1.0	0.0663475148696	0.0896502431046	-0.0393456506373	-0.0482736295034	0.032833841844	-0.016120836425	-0.0382587302058	0.0241697772878	0.0530464169841	-0.00865646538284	-0.00286151004461	-0.0180699855769	-0.0600896414385	-0.0563713226477	-0.00746952577985	0.0445925841066	-0.0364822306361	-0.0260805417965	-0.108860288442	-0.0433448712488	-0.00874262566084	-0.00284838529588	0.0146126159102	0.0223396298678	0.0365694326295	0.0190520697819	-0.076437140437	0.0827713408804	0.00382718300434	-0.027184610256	-0.0126565893761	-0.0427015147006	-0.0255144885414	-0.0175316194251	-0.00348943701682	-0.0230700098181	0.0118324116727	-0.00837663769125	-0.0395235290158	-0.056016149675	0.00201296459928	0.00694051062649	-0.0275463059451
k__Bacteria;p__Bacteroidetes;c__Bacteroidia;o__Bacteroidales;f__Bacteroidaceae;g__Bacteroides;s__Bacteroides_fragilis	-0.0145606060007	-0.0406220856856	-0.000137996610881	-0.0131669834231	0.042452286423	0.0575759721656	-0.0363364815071	-0.0927534033932	-0.00479419464769	0.0334700693294	-0.0669225802585	0.0177790630547	-0.0636808380682	0.0117573474706	-0.0462841299725	0.0663475148696	1.0	0.0373077905369	-0.0294106223456	-0.039366734014	-0.0505246319671	-0.0817958391348	0.0198588139721	-0.0154012918121	0.00148792384894	-0.0225977310895	-0.07677926181	0.061620280899	0.00851610866601	0.0228225246622	-0.0481913767624	-0.0150282743837	0.0545621069923	0.0143411213768	0.0666789728155	-0.0387751950346	0.0203064886541	0.0491907556479	-0.0348071421587	-0.0391789797365	0.00912192480438	-0.0236739954632	-0.0390091976367	-0.027604733669	-0.0205125926612	-0.00937276215107	-0.0154254913453	-0.0330343063241	-0.0308908974046	0.00676751736467	-0.0314250611283	-0.064674531683	-0.0705659693896	0.0768904248264	-0.0442746800425	-0.0825264753593	0.1255103025	0.018534852827	0.00691647259216
k__Bacteria;p__Proteobacteria;c__Betaproteobacteria;o__Burkholderiales;f__Sutterellaceae;g__Sutterella;s__Sutterella_wadsworthensis	-0.0111399052584	0.035568615424	-0.0516526065826	-0.045166237791	-0.00103190225304	-0.0189529711012	0.0238865583726	-0.0530283758697	0.0395952266681	0.00388937739993	0.0452805980503	0.000506106607224	-0.0121745672643	0.0530963914497	-0.0251430579867	0.0896502431046	0.0373077905369	1.0	-0.00608350683886	-0.0195504766168	-0.07324080052	-0.0450363488032	-0.0389808623317	0.0345461079784	-0.017660318042	-0.00339543696743	-0.035785804505	0.0498086737577	-0.0537970204623	-0.0316371808186	-0.0854108496628	-0.0189005603054	-0.0332823355734	-0.0277512379651	0.0116789811478	0.00690742939544	-0.0488522525366	-0.0267954075447	-0.0757691531648	0.0300162626193	-0.00548585227008	-0.0112753372281	-0.0854695967832	0.0232271496288	-0.0188174377944	-0.0660184738477	-0.0213071663919	0.00268575566644	0.0293577380305	-0.0173380379592	-0.0830094683822	-0.0462515356749	0.00740006020852	0.0520804241458	0.0507902673194	-0.0262987168443	-0.0179368126087	0.0146172904131	-0.0631648079773
k__Bacteria;p__Bacteroidetes;c__Bacteroidia;o__Bacteroidales;f__Porphyromonadaceae;g__Barnesiella;s__Barnesiella_intestinihominis	0.030147145883	-0.0706568123622	0.0330920667217	-0.0192993132546	-0.00421670917436	-0.000753580818744	0.0189005701097	0.0251290229849	-0.0330479358448	-0.00978743301105	-0.0019262044303	-0.0170407442318	-0.0186521121137	-0.0587440378969	-0.0449176876776	-0.0393456506373	-0.0294106223456	-0.00608350683885	1.0	-0.0557028745977	-0.0370072923637	-0.0357774371561	-0.0654541187596	-0.0262884092637	0.0163849372039	-0.0407122247819	0.0242534026755	-0.0510296237912	0.00176364068684	-0.0896811722126	-0.0580987182565	-0.0887301129089	0.0175394719506	-0.0328140544967	-0.0241621099043	0.0468916777842	0.0629142123823	-0.0323407171685	-0.0708161147263	-0.016024158612	-0.0453867611972	-0.00338422485118	-0.0129429337391	0.00781666846763	-0.0284658332408	-0.0899965347964	0.00108376255009	0.0177219535343	-0.0317556955299	0.00490494788278	0.0131005347778	0.000945725290568	-0.0133531998965	-0.0378311087144	0.0472379293051	0.00156691577249	-0.026976047698	-0.0271787625329	0.0529665048425
k__Bacteria;p__Bacteroidetes;c__Bacteroidia;o__Bacteroidales;f__Odoribacteraceae;g__Odoribacter;s__Odoribacter_splanchnicus	-0.0227634071518	-0.028259690319	-0.0147081348649	-0.013890099881	-0.000816167573875	-0.0642497075807	0.0249853162085	-0.00940021808048	-0.040666786491	0.0235317528658	0.0136804641043	-0.0115141737369	0.0066643149128	-0.060483424767	0.00436283281375	-0.0482736295034	-0.039366734014	-0.0195504766168	-0.0557028745977	1.0	-0.0145271059919	-0.056972392417	0.0330276902105	-0.0154220266526	0.0120492656253	-0.0231022491845	0.00997039758112	0.00405804365213	0.0604661600076	-0.00299959390482	0.048035885693	0.0785773717778	-0.009175200435	-0.0147133033265	-0.00177429689211	-0.0188462836646	-0.0224259531359	0.00148529217059	-0.0143146064668	-0.0487260258965	-0.0371284947862	-0.0630327136338	-0.0144227393888	-0.0921487167142	0.024558709114	0.0206408577458	0.00664474090812	0.00234022693638	0.03444626629	-0.0144299436056	-0.0195047178268	0.0347945595038	-0.024098703504	-0.00565331143138	-0.0593714143442	0.0361849492421	-0.0242054401112	-0.00205891086317	-0.0703391138106
k__Bacteria;p__Bacteroidetes;c__Bacteroidia;o__Bacteroidales;f__Bacteroidaceae;g__Bacteroides;s__Bacteroides_salyersiae	-0.0150395183263	-0.0324386094266	0.00752252587253	0.0103615184054	-0.00424417368182	0.0240944675719	-0.0226332262858	-0.0176331115503	0.0316610595822	-0.0187419146817	-0.0362553269255	0.0376212034024	0.0223740322001	-0.0402530839169	-0.0414646086927	0.032833841844	-0.0505246319671	-0.07324080052	-0.0370072923637	-0.0145271059919	1.0	0.00326411546868	-0.00102299149842	-0.0225378954853	0.00764812985765	-0.0373323966672	-0.079475621374	0.00153471728354	-0.0782408548262	-0.0528379663885	0.0314329600358	0.0239856458291	-0.0233449999504	-0.105212106312	0.00248365419337	-0.00177127485489	-0.00124655545015	-0.0515991287525	-0.038503910112	0.030774614379	-0.0566600044681	0.0396076805549	0.0249058178144	0.0442763056898	-0.0628479034129	-0.0597518407985	0.00437576858789	0.014300131914	0.0196340408403	-0.0285244528074	0.0194206565625	0.0193746397161	0.0462254976412	0.00926330301192	-0.027009782662	0.0242883397815	0.00430621977821	-0.00663800376048	-0.0347980922355
k__Bacteria;p__Firmicutes;c__Clostridia;o__Clostridiales;f__Ruminococcaceae;g__Ruminiclostridium;s__[Eubacterium]_siraeum	0.0101240519561	-0.0791576199788	-0.03503086478	-0.00742313259974	-0.0123348807275	-0.0135939130944	0.0273685207501	0.00138119220298	0.0509365045379	-0.0705080979152	0.045448964667	0.00993738148797	-0.0409027417572	0.0291427836981	0.00374596190005	-0.016120836425	-0.0817958391348	-0.0450363488032	-0.0357774371561	-0.056972392417	0.00326411546868	1.0	0.00583094246514	0.0249796629059	-0.0407035315591	-0.034149246854	-0.0505090072681	-0.0274578642169	-0.0381359934161	-0.0116505879994	-0.0542746267291	0.0252126267424	-0.0444862768089	0.0784890023603	-0.033237324404	0.0286505011434	0.00718931147142	0.0144442171887	0.0114846600386	-0.0181969771786	-0.0740887456511	0.015345226108	0.0503629177214	-0.0779890548675	0.0289410901935	0.0358413023696	0.0165668213607	0.0356781636607	-0.00359584323697	0.000272914936307	0.0473424859894	0.0234746469322	0.0134862594503	-0.0533399599098	-0.00965460760323	-0.0201138549395	-0.0110188088434	-0.00376920137473	-0.00883269977157
k__Bacteria;p__Proteobacteria;c__Betaproteobacteria;o__Burkholderiales;f__Sutterellaceae;g__Parasutterella;s__Parasutterella_excrementihominis	-0.0192518185318	0.0247409613378	0.00328761380824	-0.0237318924285	-0.0761777757383	-0.00841930512359	0.0167072429543	0.0472135244075	0.0684744201824	-0.00624583524653	-0.0114375156222	-0.0513476651834	-0.044383609404	-0.0392152848573	-0.0407508571951	-0.0382587302058	0.0198588139721	-0.0389808623317	-0.0654541187596	0.0330276902105	-0.00102299149842	0.00583094246514	1.0	0.00642421629149	0.0570964684038	-0.0234430600239	0.0566274579923	-0.0390505779522	-0.00327675157919	0.0523062264576	0.0684399042266	0.0357502434309	-0.0223818619864	-0.0311752051288	-0.0719107791888	0.0121452863965	-0.00101909822931	-0.0143017203907	-0.0109792146472	0.0378840168626	-0.00938520804684	0.00271189576014	0.00330018350045	-0.0456769965147	-0.0292191227617	0.0511966592488	-0.0104812411698	0.0406987250783	-0.0677644246522	0.0207124839613	-0.00584468533075	0.0814889348756	-0.000239040896716	0.00654751919278	-0.00876720589685	0.0465204088034	-0.000725330960649	0.0150975763219	-0.0970667365456
k__Bacteria;p__Actinobacteria;c__Actinobacteria;o__Bifidobacteriales;f__Bifidobacteriaceae;g__Bifidobacterium;s__Bifidobacterium_adolescentis	0.00147994408765	-0.000932368392148	-0.00179714015574	-0.0299316756333	-0.080970003091	0.0328570279174	-0.0123260701302	-0.0437856043586	0.0410048245403	-0.0228757571067	-0.0458165592643	-0.0722693997523	-0.000849263458579	-0.0216409573935	-0.0314059465529	0.0241697772878	-0.0154012918121	0.0345461079784	-0.0262884092637	-0.0154220266526	-0.0225378954853	0.0249796629059	0.00642421629149	1.0	0.0199268114505	-0.0388325073456	0.00468983355714	-0.0379951918707	-0.0194995059803	-0.00239113314703	-0.00955443492101	0.0442439683926	0.0512141442981	0.00932359670375	0.0292030607153	0.0426687710969	0.00610447137027	0.00626020673442	-0.0317728918549	-0.0481678958141	-0.0230704665043	-0.00703475786533	0.0320655311629	0.0149389450044	-0.0119855161301	0.0717184530493	0.0137342850049	0.0147105014538	-0.033939449237	0.00663654816147	-0.0101181031357	-0.0620078726477	0.0281622774025	-0.0342404361313	0.0160897555373	0.0532739141708	-0.0374878695243	-0.0294410748188	-0.00366804221645
k__Bacteria;p__Firmicutes;c__Clostridia;o__Clostridiales;f__Oscillospiraceae;g__Oscillibacter;s__Oscillibacter_sp._KLE_1745	-0.0474331765837	0.0257990230107	-0.00369616008964	-0.0428113063314	0.03203492745	-0.0461095716676	0.0533357712192	-0.039913031655	0.0063342603567	-0.0214446992577	-0.0254068702672	0.108220785252	-0.036465658595	0.0515109612505	-0.0761300372379	0.0530464169841	0.00148792384894	-0.017660318042	0.0163849372039	0.0120492656253	0.00764812985765	-0.0407035315591	0.0570964684038	0.0199268114505	1.0	-0.0104184722854	0.0424256140747	0.00640954175294	-0.0182663118	-0.0354095823765	-0.0295399063539	-0.0465290031052	0.00680798380835	-0.0454937225233	0.0609093797802	-0.0117415197431	-0.0140858219072	0.020222676632	-0.0211664768209	0.0453679919141	-0.035093676073	-0.00258845129418	0.0318064628537	0.0249399087204	-0.0255527896893	-0.00581976787322	0.0110690300601	-0.0354193012171	0.0183227942907	0.0219566695002	0.0519494557443	0.0253108208216	0.040182916649	-0.0214944543546	-0.0328383262336	-0.000918773116906	0.0296954589674	-0.0451124774188	0.0463727883273
k__Bacteria;p__Bacteroidetes;c__Bacteroidia;o__Bacteroidales;f__Bacteroidaceae;g__Bacteroides;s__Bacteroides_coprophilus	0.0143988524149	-0.0125274075093	-0.00424531142853	-0.0022132311286	-0.0193917680376	0.0575472180662	0.0175222736537	0.00948625571872	-0.0500477388621	0.0400511171768	0.022577323753	0.0167512577619	0.0355819452283	0.0152134240104	-0.0229176080692	-0.00865646538284	-0.0225977310895	-0.00339543696743	-0.0407122247819	-0.0231022491845	-0.0373323966672	-0.034149246854	-0.0234430600239	-0.0388325073456	-0.0104184722854	1.0	0.05664700266	0.0206307408137	0.00407016398562	-0.0157159653708	-0.0106244241031	-0.0344724130291	-0.00502978978153	0.00814231876263	-0.00906294055357	-0.0111208595657	-0.0130615923679	0.0759701338505	0.0191576589979	0.0223276122954	-0.00823038665085	-0.00414438655021	0.0213969352004	-0.0555173724307	0.0341715469915	-0.0621728901848	-0.0735426930815	-0.0272642889396	0.0590887151109	-0.0178255810234	-0.0198303171277	0.016972583505	-0.051813189156	-0.0431634878586	-0.046940894613	0.0183731768305	0.0362983853253	0.028431844386	-0.0210093837839
k__Bacteria;p__Firmicutes;c__Clostridia;o__Clostridiales;f__Lachnospiraceae;g__Roseburia;s__Roseburia_intestinalis	0.0657424317551	0.0134909178394	0.00115102404549	-0.113086934843	0.0245743522365	0.0215166547755	0.0343739280373	-0.0467320257708	-0.0777420758843	-0.0167223833872	-0.0391701786825	-0.030208740462	0.0678388875401	-0.068627835102	0.0139782796454	-0.00286151004461	-0.07677926181	-0.035785804505	0.0242534026755	0.00997039758112	-0.079475621374	-0.0505090072681	0.0566274579923	0.00468983355714	0.0424256140747	0.05664700266	1.0	-0.0552177538324	-0.0034191793454	-0.0303422502436	0.0462154242261	-0.0209160925987	-0.00276000566017	-0.127561171464	-0.0167940909791	-0.0787665938746	-0.0291397862764	-0.067028560145	0.00260087502403	0.00904204585176	0.0239365920968	0.0061259925678	0.0273356822099	0.00328771373358	-0.0120784046579	-0.0444223915048	0.0501168246119	-0.0101220860007	0.0636383696012	-0.0867054476354	0.0128463518946	0.0155504648683	0.0056055633262	-0.0275123091726	0.0166177417675	-0.0154857136727	0.000852440839293	0.0359051530636	0.000479765854493
k__Bacteria;p__Firmicutes;c__Clostridia;o__Clostridiales;f__Lachnospiraceae;g__Roseburia;s__Roseburia_hominis	-0.0501159086572	-0.0457646230512	0.041816564049	-0.0738901814555	0.0443125789885	-0.0477989818136	0.0101496299828	-0.0577208858909	-0.0286163468274	0.0132840682811	-0.0152507270737	0.0192204981755	0.00286656811786	0.00926162059315	-0.0446733050062	-0.0180699855769	0.061620280899	0.0498086737577	-0.0510296237912	0.00405804365213	0.00153471728354	-0.0274578642169	-0.0390505779522	-0.0379951918707	0.00640954175294	0.0206307408137	-0.0552177538324	1.0	0.0550503365651	-0.00658141886851	-0.0605785489983	0.0344637305582	0.0231532767756	0.0557972728226	-0.00135360173559	-0.0611297917657	-0.00192107009114	-0.00928226238673	-0.0258779024148	-0.0375564359592	0.00714633954703	-0.0206447902705	-0.0430438027932	-0.00740357253313	-0.0295976741553	0.0062465138893	-0.0145512650289	-0.0246336394162	-0.0151847886189	-0.0147767764781	-0.0980735184805	0.0210924511951	0.00367782603343	-0.0177626832503	-0.0361169482947	0.0430420014509	0.0222188365519	-0.0238440422405	0.0234322065877
k__Bacteria;p__Bacteroidetes;c__Bacteroidia;o__Bacteroidales;f__Porphyromonadaceae;g__Parabacteroides;s__Parabacteroides_johnsonii	-0.0017479393604	-0.0133514736968	0.0186894217818	0.072626510212	0.0625127849355	-0.0436900306356	-0.0432749604824	-0.0109817603168	-0.0265175278849	-0.0273248286616	-0.0288970798263	0.00230171259176	0.0507122364069	0.00229296742206	-0.033297456754	-0.0600896414385	0.00851610866601	-0.0537970204623	0.00176364068684	0.0604661600076	-0.0782408548262	-0.0381359934161	-0.00327675157919	-0.0194995059803	-0.0182663118	0.00407016398562	-0.0034191793454	0.0550503365651	1.0	-0.0426180399797	-0.0366238252905	0.00551005218926	-0.0566928302011	0.0516353012136	-0.0035507935875	-0.0482960479331	-0.0455862367269	0.00847597243295	-0.0504907550899	-0.00869628361551	-0.0356222805066	-0.0833942118231	-0.00406670795063	-0.049718063238	-0.0938141899734	0.0061771649795	-0.0418381639486	0.035397200381	-0.0158862980414	0.0707178613956	0.0300776061404	0.0447978953507	0.00430197014754	0.00153149457247	0.029459466951	-0.0281028927264	-0.0565672003767	-0.0449575477387	-0.0102146644363
k__Bacteria;p__Actinobacteria;c__Actinobacteria;o__Bifidobacteriales;f__Bifidobacteriaceae;g__Bifidobacterium;s__Bifidobacterium_longum	-0.0100654738305	0.00853284713468	-0.0708285476467	0.015009763765	-0.0689836556129	-0.0121217863615	0.029646846143	0.0794478033138	-0.030380673186	-0.0417423733439	-0.0138854096816	0.0100200473158	-0.043616050295	0.0412946362797	-0.00699805187144	-0.0563713226477	0.0228225246622	-0.0316371808186	-0.0896811722126	-0.00299959390482	-0.0528379663885	-0.0116505879994	0.0523062264576	-0.00239113314703	-0.0354095823765	-0.0157159653708	-0.0303422502436	-0.00658141886851	-0.0426180399797	1.0	-0.0115482805374	-0.0319742648316	7.75774420871e-05	0.0301163783474	0.0134078680543	0.00365801146258	0.0115678921425	0.0101139605302	0.0349431146058	-0.0243398078402	-0.0396156704684	0.0198140119119	0.0313036330389	0.0178866263395	5.29281939624e-05	0.00815987842886	0.0183864199679	-0.0244545860629	0.0479573886764	-0.0695057086434	-0.0415476120603	-0.0531595836761	-0.0175857196454	0.0927837786293	0.00450848536628	-0.0323203764619	-0.0365674876068	0.0195137048836	-0.0365721694084
