#taxonomy	k__Bacteria;p__Bacteroidetes;c__Bacteroidia;o__Bacteroidales;f__Bacteroidaceae;g__Bacteroides;s__Bacteroides_vulgatus	k__Bacteria;p__Bacteroidetes;c__Bacteroidia;o__Bacteroidales;f__Bacteroidaceae;g__Bacteroides;s__Bacteroides_uniformis	k__Bacteria;p__Bacteroidetes;c__Bacteroidia;o__Bacteroidales;f__Rikenellaceae;g__Alistipes;s__Alistipes_putredinis	k__Bacteria;p__Bacteroidetes;c__Bacteroidia;o__Bacteroidales;f__Prevotellaceae;g__Prevotella;s__Prevotella_copri	k__Bacteria;p__Bacteroidetes;c__Bacteroidia;o__Bacteroidales;f__Bacteroidaceae;g__Bacteroides;s__Bacteroides_stercoris	k__Bacteria;p__Bacteroidetes;c__Bacteroidia;o__Bacteroidales;f__Bacteroidaceae;g__Bacteroides;s__Bacteroides_ovatus	k__Bacteria;p__Bacteroidetes;c__Bacteroidia;o__Bacteroidales;f__Rikenellaceae;g__Alistipes;s__Alistipes_shahii	k__Bacteria;p__Firmicutes;c__Clostridia;o__Clostridiales;f__Ruminococcaceae;g__Faecalibacterium;s__Faecalibacterium_prausnitzii	k__Bacteria;p__Bacteroidetes;c__Bacteroidia;o__Bacteroidales;f__Rikenellaceae;g__Alistipes;s__Alistipes_finegoldii	k__Bacteria;p__Bacteroidetes;c__Bacteroidia;o__Bacteroidales;f__Porphyromonadaceae;g__Parabacteroides;s__Parabacteroides_distasonis	k__Bacteria;p__Bacteroidetes;c__Bacteroidia;o__Bacteroidales;f__Bacteroidaceae;g__Bacteroides;s__Bacteroides_thetaiotaomicron	k__Bacteria;p__Bacteroidetes;c__Bacteroidia;o__Bacteroidales;f__Bacteroidaceae;g__Bacteroides;s__Bacteroides_coprocola	k__Bacteria;p__Bacteroidetes;c__Bacteroidia;o__Bacteroidales;f__Bacteroidaceae;g__Bacteroides;s__Bacteroides_cellulosilyticus	k__Bacteria;p__Bacteroidetes;c__Bacteroidia;o__Bacteroidales;f__Rikenellaceae;g__Alistipes;s__Alistipes_obesi	k__Bacteria;p__Firmicutes;c__Clostridia;o__Clostridiales;f__Lachnospiraceae;g__;s__[Eubacterium]_rectale	k__Bacteria;p__Bacteroidetes;c__Bacteroidia;o__Bacteroidales;f__Bacteroidaceae;g__Bacteroides;s__Bacteroides_plebeius	k__Bacteria;p__Bacteroidetes;c__Bacteroidia;o__Bacteroidales;f__Bacteroidaceae;g__Bacteroides;s__Bacteroides_fragilis	k__Bacteria;p__Proteobacteria;c__Betaproteobacteria;o__Burkholderiales;f__Sutterellaceae;g__Sutterella;s__Sutterella_wadsworthensis	k__Bacteria;p__Bacteroidetes;c__Bacteroidia;o__Bacteroidales;f__Porphyromonadaceae;g__Barnesiella;s__Barnesiella_intestinihominis	k__Bacteria;p__Bacteroidetes;c__Bacteroidia;o__Bacteroidales;f__Odoribacteraceae;g__Odoribacter;s__Odoribacter_splanchnicus	k__Bacteria;p__Bacteroidetes;c__Bacteroidia;o__Bacteroidales;f__Bacteroidaceae;g__Bacteroides;s__Bacteroides_salyersiae	k__Bacteria;p__Firmicutes;c__Clostridia;o__Clostridiales;f__Ruminococcaceae;g__Ruminiclostridium;s__[Eubacterium]_siraeum	k__Bacteria;p__Proteobacteria;c__Betaproteobacteria;o__Burkholderiales;f__Sutterellaceae;g__Parasutterella;s__Parasutterella_excrementihominis	k__Bacteria;p__Actinobacteria;c__Actinobacteria;o__Bifidobacteriales;f__Bifidobacteriaceae;g__Bifidobacterium;s__Bifidobacterium_adolescentis	k__Bacteria;p__Firmicutes;c__Clostridia;o__Clostridiales;f__Oscillospiraceae;g__Oscillibacter;s__Oscillibacter_sp._KLE_1745	k__Bacteria;p__Bacteroidetes;c__Bacteroidia;o__Bacteroidales;f__Bacteroidaceae;g__Bacteroides;s__Bacteroides_coprophilus	k__Bacteria;p__Firmicutes;c__Clostridia;o__Clostridiales;f__Lachnospiraceae;g__Roseburia;s__Roseburia_intestinalis	k__Bacteria;p__Firmicutes;c__Clostridia;o__Clostridiales;f__Lachnospiraceae;g__Roseburia;s__Roseburia_hominis	k__Bacteria;p__Bacteroidetes;c__Bacteroidia;o__Bacteroidales;f__Porphyromonadaceae;g__Parabacteroides;s__Parabacteroides_johnsonii	k__Bacteria;p__Actinobacteria;c__Actinobacteria;o__Bifidobacteriales;f__Bifidobacteriaceae;g__Bifidobacterium;s__Bifidobacterium_longum	k__Bacteria;p__Firmicutes;c__Clostridia;o__Clostridiales;f__;g__Flavonifractor;s__Flavonifractor_plautii	k__Bacteria;p__Firmicutes;c__Clostridia;o__Clostridiales;f__Clostridiaceae;g__Clostridium;s__Clostridium_phoceensis	k__Bacteria;p__Verrucomicrobia;c__Verrucomicrobiae;o__Verrucomicrobiales;f__Akkermansiaceae;g__Akkermansia;s__Akkermansia_muciniphila	k__Bacteria;p__Bacteroidetes;c__Bacteroidia;o__Bacteroidales;f__Prevotellaceae;g__Paraprevotella;s__Paraprevotella_xylaniphila	k__Bacteria;p__Firmicutes;c__Clostridia;o__Clostridiales;f__Ruminococcaceae;g__Ruminococcus;s__Ruminococcus_callidus	k__Bacteria;p__Bacteroidetes;c__Bacteroidia;o__Bacteroidales;f__Rikenellaceae;g__Alistipes;s__Alistipes_senegalensis	k__Bacteria;p__Firmicutes;c__Clostridia;o__Clostridiales;f__Lachnospiraceae;g__Blautia;s__Blautia_sp._KLE_1732	k__Bacteria;p__Bacteroidetes;c__Bacteroidia;o__Bacteroidales;f__Bacteroidaceae;g__Bacteroides;s__Bacteroides_oleiciplenus	k__Bacteria;p__Firmicutes;c__Clostridia;o__Clostridiales;f__Ruminococcaceae;g__Ruminococcus;s__Ruminococcus_bicirculans	k__Bacteria;p__Bacteroidetes;c__Bacteroidia;o__Bacteroidales;f__Bacteroidaceae;g__Bacteroides;s__Bacteroides_fluxus	k__Bacteria;p__Bacteroidetes;c__Bacteroidia;o__Bacteroidales;f__Prevotellaceae;g__Prevotella;s__Prevotella_stercorea	k__Bacteria;p__Firmicutes;c__Clostridia;o__Clostridiales;f__Lachnospiraceae;g__Dorea;s__Dorea_longicatena	k__Bacteria;p__Firmicutes;c__Clostridia;o__Clostridiales;f__Eubacteriaceae;g__Eubacterium;s__[Eubacterium]_eligens	k__Bacteria;p__Firmicutes;c__Clostridia;o__Clostridiales;f__Ruminococcaceae;g__;s__Ruminococcaceae_bacterium_D16	k__Bacteria;p__Firmicutes;c__Clostridia;o__Clostridiales;f__Lachnospiraceae;g__Coprococcus;s__Coprococcus_comes	k__Bacteria;p__Proteobacteria;c__Gammaproteobacteria;o__Enterobacterales;f__Enterobacteriaceae;g__Escherichia;s__Escherichia_coli	k__Bacteria;p__Firmicutes;c__Clostridia;o__Clostridiales;f__Ruminococcaceae;g__Anaerotruncus;s__Anaerotruncus_colihominis	k__Bacteria;p__Firmicutes;c__Clostridia;o__Clostridiales;f__Lachnospiraceae;g__Blautia;s__Blautia_obeum	k__Bacteria;p__Bacteroidetes;c__Bacteroidia;o__Bacteroidales;f__Odoribacteraceae;g__Odoribacter;s__Odoribacter_laneus	k__Bacteria;p__Firmicutes;c__Clostridia;o__Clostridiales;f__Ruminococcaceae;g__Ruminiclostridium;s__[Clostridium]_leptum	k__Bacteria;p__Bacteroidetes;c__Bacteroidia;o__Bacteroidales;f__Porphyromonadaceae;g__Parabacteroides;s__Parabacteroides_goldsteinii	k__Bacteria;p__Firmicutes;c__Clostridia;o__Clostridiales;f__Lachnospiraceae;g__Anaerostipes;s__Anaerostipes_hadrus	k__Bacteria;p__Firmicutes;c__Clostridia;o__Clostridiales;f__Ruminococcaceae;g__Ruminococcus;s__Ruminococcus_lactaris	k__Bacteria;p__Firmicutes;c__Clostridia;o__Clostridiales;f__Clostridiaceae;g__Clostridium;s__Clostridium_sp._L2-50	k__Bacteria;p__Firmicutes;c__Clostridia;o__Clostridiales;f__Clostridiaceae;g__Clostridium;s__Clostridium_sp._M62/1	k__Bacteria;p__Firmicutes;c__Clostridia;o__Clostridiales;f__;g__Intestinimonas;s__Intestinimonas_butyriciproducens	k__Bacteria;p__Actinobacteria;c__Actinobacteria;o__Bifidobacteriales;f__Bifidobacteriaceae;g__Bifidobacterium;s__Bifidobacterium_bifidum	k__Bacteria;p__Firmicutes;c__Negativicutes;o__Veillonellales;f__Veillonellaceae;g__Dialister;s__Dialister_invisus	k__Bacteria;p__Bacteroidetes;c__Bacteroidia;o__Bacteroidales;f__Bacteroidaceae;g__Bacteroides;s__Bacteroides_salanitronis
k__Bacteria;p__Bacteroidetes;c__Bacteroidia;o__Bacteroidales;f__Bacteroidaceae;g__Bacteroides;s__Bacteroides_vulgatus	1.0	-0.00513461370121	-0.0302214594581	0.0428800801382	-0.000980479819578	-0.054728479667	-0.0442600976772	-0.0741741238254	-0.0358709773944	-0.0140710434781	-0.0194635337935	-0.0179070555613	0.0301911292358	-0.0337550891137	-0.0894461738846	0.0850519055012	0.00907307842844	0.00466387055731	0.063265965066	0.000221554247086	-0.00467976900846	-0.017549053547	-0.0536181878897	-0.0265343692194	-0.00386552871045	0.00814669153894	-0.029955783228	-0.0257906250772	0.0145377370794	0.005609508053	0.0177472310574	-0.00184908790939	0.021084398119	0.0381296429849	0.0186876164931	-0.00197383758262	-0.0417764764473	0.00126641362646	-0.037104414641	0.0138452377908	0.0275998548532	0.0166786510062	-0.0175464266028	0.0394361386723	0.0342993495067	-0.0412708329388	0.0454307024931	-0.0529893706088	-0.0513221097755	0.0240175055693	-0.0862718160228	0.00877722446248	0.0380716551771	0.00871878619183	0.00269677511319	-0.00949025263773	-0.0500471984586	0.0171657727834	-0.0132270999334
k__Bacteria;p__Bacteroidetes;c__Bacteroidia;o__Bacteroidales;f__Bacteroidaceae;g__Bacteroides;s__Bacteroides_uniformis	-0.00513461370121	1.0	-0.00139645808481	-0.0147929750396	-0.0451528042478	0.0035479184643	-0.015174479523	0.0119153985928	-0.0143940648028	0.0599978194656	0.0486836790642	0.0139303422049	-0.0684379612439	-0.0914575786628	0.0332678754283	0.00441403917981	0.0524190187461	0.0634171859351	0.0596278068842	-0.0382146267154	-0.0180271370268	-0.0689003061228	0.00907002039375	-0.0768410391744	-0.00649661610227	0.00540724119314	-0.0223141714347	-0.00494427920371	0.0409524350504	-0.0616762047988	0.0269371589118	-0.0242120096747	-0.0692642464258	-0.0125551268174	0.00604748432375	-0.00690698824988	-0.00803750735844	-0.0533811432803	-0.0382470199754	-0.0127443802279	0.0261103732889	0.0514482139048	-0.0805128431198	-0.068799299967	-0.0296847780219	-0.00652195211991	-0.0306752639967	-0.0596210056087	-0.012817000746	-0.00171701418777	0.00284490151357	-0.0565315133399	0.0563620604168	-0.032743682769	0.00632915176368	-0.0491432467072	-0.0255585653974	-0.0458704814354	-0.0291176640845
k__Bacteria;p__Bacteroidetes;c__Bacteroidia;o__Bacteroidales;f__Rikenellaceae;g__Alistipes;s__Alistipes_putredinis	-0.0302214594581	-0.00139645808481	1.0	0.0562280415625	-0.0010732965773	-0.0022243368297	-0.0176303180914	-0.0417538200147	-0.00857153318916	-0.0329689533092	-0.0371939000656	0.00739413957191	-0.0164127920782	-0.0239645599006	0.0639057091157	-0.0114196935511	-0.027418566982	-0.0100011891894	-0.0798135256609	0.0433580793394	0.00595841223115	0.077902467901	-0.08895452746	-0.0807869126018	0.0349492139076	0.0648126063684	-0.0243962556178	-0.00720655445322	-0.0222184093857	0.0394069394371	0.0487172420153	0.0109641616364	0.00034163738233	-0.0443461113981	-0.073315391838	-0.00164643140305	-0.0498412360186	0.0522282696126	-0.0312786516201	0.0209141221074	-0.0387130197724	0.0189609831374	-0.028570833551	-0.0799352979665	-0.090870396005	0.0170736399131	-0.0187469782886	0.0729686115617	-0.0247706940222	-0.0118123881591	-0.0216849167585	-0.00464493096658	-0.0375744695269	-0.035703302372	0.0459499418462	-0.0012942944679	0.0178037142597	-0.0139957157276	-0.0435439237309
k__Bacteria;p__Bacteroidetes;c__Bacteroidia;o__Bacteroidales;f__Prevotellaceae;g__Prevotella;s__Prevotella_copri	0.0428800801382	-0.0147929750396	0.0562280415625	1.0	-0.0303029076198	-0.0175824811765	-0.0392332348076	0.0627627871222	0.0249005044991	-0.0852850439203	-0.0299200228983	0.0576617054672	-0.00258437681487	-0.0187642840806	0.0034909257754	-0.0183814930315	-0.0373249187709	0.0414415694462	-0.0233561048653	-0.0175400240337	-0.03309785312	0.0752389784932	-0.0186969548974	-0.0975265023453	0.00592485713192	0.00351426050433	-0.0209998771895	-0.0311632045075	-0.0224991646018	0.00256238209419	-0.0577870868192	-0.0649247616111	-0.032143689837	0.0228186523826	0.00145261463679	0.0111640845199	-0.0201304255351	-0.0131999135748	0.018822410003	0.00700698199014	-0.0280250460234	-0.0401555729663	0.000131887057622	-0.0584661746394	0.0588939390735	-0.0315869005921	-0.0107675148138	0.00401075823733	-0.00536809064795	0.0111910011043	0.00539731611909	-0.00257103377283	0.0556722738023	0.0356495519922	0.010095383088	-0.0937828522635	0.0455496468227	0.000397929242036	-0.0881254779919
k__Bacteria;p__Bacteroidetes;c__Bacteroidia;o__Bacteroidales;f__Bacteroidaceae;g__Bacteroides;s__Bacteroides_stercoris	-0.000980479819578	-0.0451528042478	-0.0010732965773	-0.0303029076198	1.0	-0.00798679201703	-0.021485201485	-0.00607140434351	-0.0708444547719	-0.0466836283088	-0.019014040876	-0.0552371423863	0.0179910513482	-0.0062179850084	-0.0163405048133	-0.00062126839315	-0.0257564337354	-0.0151423510519	-0.0132041895948	-0.00539216685716	0.0229669012049	0.00252414543483	-0.00348776203925	-0.0529466122024	0.0290598155589	0.0379456859819	-0.0138472875424	-0.00117916701153	-0.0645356611277	-0.0627416906005	-0.0466619049539	-0.0180015280227	0.0365696656413	-0.0242371616081	0.0547945140259	0.0390031002258	-0.0476324309691	0.00096780610753	0.0411128854234	0.0470514393098	0.0730791969747	0.0264930485698	-0.044266813151	0.0182394597234	0.00865351594701	0.0445628382105	-0.0451711112579	-0.0356421166561	0.03580235958	0.000624814130085	-0.0454220491431	-0.0281246150784	-0.0538496231284	-0.0157552321463	-0.0304185186757	0.04807966147	0.0121512909849	-0.0466344463933	0.0119446028188
k__Bacteria;p__Bacteroidetes;c__Bacteroidia;o__Bacteroidales;f__Bacteroidaceae;g__Bacteroides;s__Bacteroides_ovatus	-0.054728479667	0.0035479184643	-0.0022243368297	-0.0175824811765	-0.00798679201703	1.0	-0.0223904119303	-0.0222209014455	0.0648688750502	-0.0163875629491	-0.0197103738449	0.00191103261818	-0.0511176061512	-0.0770009989088	-0.0580545089584	0.0337733504213	-0.0445225466005	-0.0220993192758	0.0258993401588	0.104177108955	0.000521954595881	0.0324608394219	0.01629057509	-0.06629330346	-0.00267469699396	-0.0221634421513	-0.0133076656889	0.00436455445201	0.00867560204637	0.0392112173131	0.0378816468526	-0.0133225465865	-0.0228862882072	0.0296011849821	0.0414367093612	-0.0327957117812	0.000672293613373	0.0015454455027	0.0160312047541	0.0141989974688	0.00468534349732	0.0342767984745	-0.0555822761796	-0.0432628422284	-0.0969484386168	-0.0546580334075	-0.0243285637248	-0.0442494338879	-0.0970492051229	0.0297649669161	0.0398953411963	0.0490119404726	-0.000601375879211	-0.0506613255582	-0.0356962550054	0.0321486578075	-0.0166858873872	-0.0116625275578	-0.0435514184091
k__Bacteria;p__Bacteroidetes;c__Bacteroidia;o__Bacteroidales;f__Rikenellaceae;g__Alistipes;s__Alistipes_shahii	-0.0442600976772	-0.015174479523	-0.0176303180914	-0.0392332348076	-0.021485201485	-0.0223904119303	1.0	0.00946565290863	0.01956287579	0.00625203993656	0.00362526134221	-0.0590316356553	-0.0159206110614	0.0370562731737	-0.0309063941415	0.0280546778089	0.026946807155	-0.0326814907253	0.042717957147	-0.0588533420766	-0.00127021537937	0.0305809579438	0.0297359673285	-0.0117529781879	-0.0089425534318	0.0524841312413	-0.0293031507964	0.0111119165635	-0.000623321074019	-0.0895795099082	0.0395017276722	0.0147789410098	-0.0101758062523	-0.0608523319706	-0.0204529031632	-0.0215451716596	0.0133599466242	0.00876860223563	-0.0756224064655	-0.0298822606413	-0.0422032378468	0.00337278491825	0.00523806577391	-0.023581469453	0.0116767422729	0.026753119924	0.00740520358671	0.00156091268865	-0.0320587650304	-0.0350579334012	-5.68985046107e-05	-0.0133433700948	-0.00264451805568	0.0236394025954	-0.0601320084276	-0.093889432648	-0.0293194985645	0.0308708414921	-0.014292148463
k__Bacteria;p__Firmicutes;c__Clostridia;o__Clostridiales;f__Ruminococcaceae;g__Faecalibacterium;s__Faecalibacterium_prausnitzii	-0.0741741238254	0.0119153985928	-0.0417538200147	0.0627627871222	-0.00607140434351	-0.0222209014455	0.00946565290863	1.0	-0.0340334947747	-0.0252281005035	-0.00206489765782	0.0787794888674	-0.00149055729743	-0.0212489050326	0.0147543759036	-0.024278795352	-0.00843551822855	0.0378121207255	-0.0461662694688	-0.0372611640491	0.0321681825394	-0.0195739160072	-0.103501720407	-0.0239759158605	0.0275727686773	-0.0467370191198	0.0150880318533	-0.0610103820568	-0.00334077823423	0.0320201345667	0.0293879397705	0.0452470357083	-0.0532797576799	-0.00724485784062	-0.0309972607911	-0.0161359960444	-0.00486451657499	-0.0402206277532	-0.0346543962228	-0.0258367559084	-0.0703893303083	-0.0184727051174	-0.00612418854588	-0.0684817292499	-0.0104870852828	0.0203004247076	-0.00157595822246	0.0574292765106	0.0342117114355	-0.0199479462599	-0.0283018556427	0.0385564807529	-0.0272864147176	0.00907161796756	-0.0261059925562	-0.0149240692868	-0.0047612292017	-0.00356633288717	0.0177725998088
k__Bacteria;p__Bacteroidetes;c__Bacteroidia;o__Bacteroidales;f__Rikenellaceae;g__Alistipes;s__Alistipes_finegoldii	-0.0358709773944	-0.0143940648028	-0.00857153318916	0.0249005044991	-0.0708444547719	0.0648688750502	0.01956287579	-0.0340334947747	1.0	-0.03443071203	-0.0878303511161	-0.0313527058761	-0.00407673405799	0.0153009542339	-0.0192595489856	0.0736005391234	-0.0165208222747	-0.0214202394227	-0.0770442575132	0.04250805203	0.0262657960816	-0.00401516974577	-0.0521055091961	-0.0170916415079	-0.0415836000096	-0.0843000312919	0.0116398902863	-0.0065308653806	-0.00472749912899	-0.0077134403554	0.0131079645058	-0.0383033995234	-0.0280669933457	-0.0208149587695	0.000412505056217	-0.0392325015709	-0.0109368372167	-0.0489234678945	-0.0474881376907	0.0449411032559	-0.0662150886146	-0.0413943210021	0.00551382869946	0.0201342464158	0.0173026922023	0.0566877514691	-0.00424221039894	-0.0411771693848	0.0234493914586	0.0327629675925	0.0260256959969	0.0343071658758	-0.0227934050132	0.040470463201	-0.0379991936836	-0.0510625024982	0.023533713372	0.0457020094018	-0.0702048266333
k__Bacteria;p__Bacteroidetes;c__Bacteroidia;o__Bacteroidales;f__Porphyromonadaceae;g__Parabacteroides;s__Parabacteroides_distasonis	-0.0140710434781	0.0599978194656	-0.0329689533092	-0.0852850439203	-0.0466836283088	-0.0163875629491	0.00625203993656	-0.0252281005035	-0.03443071203	1.0	0.0115186151537	-0.0961389902917	0.0320639234631	0.0211891073238	-0.0234276418437	-0.0124611687452	-0.0211259226661	-0.025962082179	0.0200202307802	-0.0199209983442	0.013807422421	0.0214133644738	-0.0532332237717	-0.0558398398746	-0.0457288048678	-0.000843336290633	0.0155655580371	-0.00359157331071	-0.0632754003795	0.0460966641625	0.00262496443465	-0.0623468290547	0.000965066594508	-0.0652431806137	0.0380599762069	-0.00529817100735	-0.0157564405548	-0.0606966076114	0.0821468755433	0.00249262392358	0.00691471999042	0.0285698511096	0.0232184531674	-0.0517588823954	-0.00749792671067	-0.0583372653793	0.0193388542791	0.00941452308678	-0.0857375662526	-0.057975777703	0.0773265080785	0.0335059422993	-0.0263552791972	-0.0239632747498	-0.02297472107	-0.026266222636	-0.0194776509339	0.00485644458585	0.0342576036304
k__Bacteria;p__Bacteroidetes;c__Bacteroidia;o__Bacteroidales;f__Bacteroidaceae;g__Bacteroides;s__Bacteroides_thetaiotaomicron	-0.0194635337935	0.0486836790642	-0.0371939000656	-0.0299200228983	-0.019014040876	-0.0197103738449	0.00362526134221	-0.00206489765782	-0.0878303511161	0.0115186151537	1.0	0.0195470409337	0.0756446431195	-0.0270542786212	-0.023077571744	0.0172893314849	-0.00610683114934	-0.0289113832049	0.00447568189873	-0.0447752434833	0.0320338217826	-0.0156188859136	0.0685982776831	-0.0154474649187	-0.00250851341696	-0.00735080142243	-0.0559361796358	-0.00900974151456	0.0111610164183	-0.0156114689427	-0.0143077676505	-0.0127971084529	-0.0671392720643	0.0528859230186	-0.017979113817	-0.00840078639978	-0.00171568917276	0.0111157672865	-0.0348485932634	-0.00757265473919	0.0136588042496	-0.029353738187	0.00372655350178	-0.0129908845261	-0.0448718199952	0.0357786431472	-0.0272352418772	-0.0620717893835	-0.0139028463524	-0.000424023504023	-0.0390245813082	0.0373445377657	-0.0558045564083	-0.0297792189563	-0.0251806745777	-0.0351949440458	0.0223816400887	-0.0683384457978	0.0445873136533
k__Bacteria;p__Bacteroidetes;c__Bacteroidia;o__Bacteroidales;f__Bacteroidaceae;g__Bacteroides;s__Bacteroides_coprocola	-0.0179070555613	0.0139303422049	0.00739413957191	0.0576617054672	-0.0552371423863	0.00191103261818	-0.0590316356553	0.0787794888674	-0.0313527058761	-0.0961389902917	0.0195470409337	1.0	0.0100843470218	-0.0007826498744	0.0418010754086	-0.0120071123241	0.00771706138175	-0.0186967320126	0.0250699360899	0.0662704703268	0.00525796745421	-0.0350514508472	-0.0203287715972	0.0073904910867	-0.0134613505059	-0.0202495444539	-0.0215146967248	-0.0360429964214	0.03853297753	-0.0794181224436	0.0339328628774	-0.02272755345	0.0234842552492	-0.0122680853695	-0.0180555590726	-0.00738047527506	-0.0354832648325	-0.0516145615259	-0.0265684975948	-0.0168079899493	-0.0326446702295	-0.0631440344679	-0.0218464950923	-0.0378990277094	0.00167223374764	-0.0163145252402	0.0794223352077	-0.0324622038861	-0.0588902695306	0.0130071048058	0.0391155342346	-0.0288124214246	-0.051248663982	-0.0330376343308	-0.0121172896644	-0.00371330311501	-0.041323070239	0.0440988682733	0.0630298306176
k__Bacteria;p__Bacteroidetes;c__Bacteroidia;o__Bacteroidales;f__Bacteroidaceae;g__Bacteroides;s__Bacteroides_cellulosilyticus	0.0301911292358	-0.0684379612439	-0.0164127920782	-0.00258437681487	0.0179910513482	-0.0511176061512	-0.0159206110614	-0.00149055729743	-0.00407673405799	0.0320639234631	0.0756446431195	0.0100843470218	1.0	-0.0447793252868	-0.0180551345159	-0.0371103112805	0.0245317085797	0.0361150323341	0.00592398664703	-0.0217515311266	-0.0547635251017	0.0098500610387	-0.0340572267733	-0.0534190853466	-0.00935488786193	0.00774159287702	0.00456359831927	0.0595391712033	-0.0141840381617	0.0372986604833	-0.0155624736336	-0.00860433513555	-0.020212185081	0.0413262484851	0.00279790733797	-0.0512293183399	0.0467778058372	-0.0539993335263	0.0019575888289	-0.0398724480266	-0.00089049934893	-0.00737080370496	-0.0279635604548	0.00851681857625	-0.0185249572976	0.0171670373367	-0.022957078366	-0.027542372373	0.0230997914453	0.0342898059262	-0.010152531948	0.0537470170778	-0.036574556433	-0.0148348566345	-0.0347127901221	-0.00961882087837	-0.0216557159367	0.028691031436	-0.0650581575642
k__Bacteria;p__Bacteroidetes;c__Bacteroidia;o__Bacteroidales;f__Rikenellaceae;g__Alistipes;s__Alistipes_obesi	-0.0337550891137	-0.0914575786628	-0.0239645599006	-0.0187642840806	-0.0062179850084	-0.0770009989088	0.0370562731737	-0.0212489050326	0.0153009542339	0.0211891073238	-0.0270542786212	-0.000782649874401	-0.0447793252868	1.0	-0.020537349226	-0.0704352918055	-0.00660530355678	-0.0449238792813	-0.0776420508773	0.0320820091088	-0.0854935844014	0.0187732001383	-0.0412757066559	0.0297041956339	-0.0647827272	-0.00936796339544	0.0150046788517	-0.0211382676902	0.101540749625	-0.0609906870862	-0.0235993735446	-0.000870622771451	-0.00499550625455	-0.0253025604182	-0.0742089272482	-0.0624909441566	-0.00636154254682	0.0178622515412	-0.0252063438206	-0.00328548777859	0.037188711198	0.0172752311255	0.0277202225241	-0.0255153421601	0.0182218198238	0.0339070663674	0.0158555848109	-0.0358304190351	0.0555439836168	-0.00972135769243	-0.0211413409858	-0.000907324634208	0.0270127925083	-0.0235377495273	-0.010809552271	-0.0502686845479	-0.0230213606734	0.0159882141188	0.0574694991481
k__Bacteria;p__Firmicutes;c__Clostridia;o__Clostridiales;f__Lachnospiraceae;g__;s__[Eubacterium]_rectale	-0.0894461738846	0.0332678754283	0.0639057091157	0.0034909257754	-0.0163405048133	-0.0580545089584	-0.0309063941415	0.0147543759036	-0.0192595489856	-0.0234276418437	-0.023077571744	0.0418010754086	-0.0180551345159	-0.020537349226	1.0	-0.0712247635483	0.0366096957712	-0.0185893350748	0.0078484258128	-0.0525024082116	0.0488098600237	-0.0918112114067	0.00821726734044	-0.0049906405578	0.0547544674622	0.068975489963	0.0141140362097	0.00131691568308	-0.0571430597539	-0.0607129872865	-0.0532972599153	-0.0316944026822	-0.03658464851	-0.0201027656345	-0.0385337473363	-0.0410344584477	-0.0445146706341	-0.0208891125897	0.029406720802	0.00415127701405	0.00211883120969	0.00471105887889	0.0883904529861	-0.0543468855039	0.000891262607079	-0.059044605441	0.0307805324066	-0.0234645269033	0.0341866120226	-0.064410418959	0.0050837513696	-0.0216573301346	0.00237895607592	-0.0132966493447	0.018228831261	-0.0229472201605	-0.0998881529519	0.0223668104398	0.00975388059146
k__Bacteria;p__Bacteroidetes;c__Bacteroidia;o__Bacteroidales;f__Bacteroidaceae;g__Bacteroides;s__Bacteroides_plebeius	0.0850519055012	0.00441403917981	-0.0114196935511	-0.0183814930315	-0.00062126839315	0.0337733504213	0.0280546778089	-0.024278795352	0.0736005391234	-0.0124611687452	0.0172893314849	-0.0120071123241	-0.0371103112805	-0.0704352918055	-0.0712247635483	1.0	-0.00768799142024	0.0347427206301	-0.0331126199787	0.0201081925853	0.00929097348026	-0.00509029870854	0.0209143617217	-0.00934433134742	-0.0238059253912	-0.0327438567318	-0.109398638661	0.0386076151446	-0.0153155289485	-0.019939234557	-0.00665281372159	0.0129274064666	0.0897925615509	-0.0324766425604	0.0314316945484	-0.0372205329101	-0.0366535903738	-0.00431179147837	-0.018028119615	-0.0543717447841	-0.0168998358559	-0.0783482538603	-0.0425629665116	0.0741497509374	-0.0362974379915	-0.031132308064	0.0141984272789	-0.00485367602966	-0.076549350444	0.019734539939	-0.013124981889	-0.0391506425568	0.0623288103761	0.0433662850918	0.0712721827071	-0.0443818781277	-0.0121444005451	0.0560766070735	-0.0237570471927
k__Bacteria;p__Bacteroidetes;c__Bacteroidia;o__Bacteroidales;f__Bacteroidaceae;g__Bacteroides;s__Bacteroides_fragilis	0.00907307842844	0.0524190187461	-0.027418566982	-0.0373249187709	-0.0257564337354	-0.0445225466005	0.026946807155	-0.00843551822855	-0.0165208222747	-0.0211259226661	-0.00610683114934	0.00771706138175	0.0245317085797	-0.00660530355678	0.0366096957712	-0.00768799142024	1.0	-0.0530394074085	-0.000163088334116	0.0265766091546	0.0132546066172	-0.0386857284661	0.0443975925242	0.0250092428466	0.0327333769334	-0.0442046043705	-0.0143135296344	-0.0372341369106	-0.0361793497801	-0.0302657672091	-0.023993382514	-0.0103779291216	0.00539261623772	0.00629022343995	0.0243145893764	0.0231861834765	0.0370208076774	-0.0255531235728	0.0235791535424	0.0152905118098	-0.0234783187711	-0.0315075566359	-0.0323246139857	-0.0177660793338	0.00342232552254	-0.0779243612756	-0.0180118255921	0.00469597886429	-0.0467782980695	-0.0161235461556	-0.0296439903023	0.0085386584632	0.0085713883014	0.029234195017	0.0142541470165	-0.0523389454378	0.018267834047	-0.0508755975953	-0.0526075257619
k__Bacteria;p__Proteobacteria;c__Betaproteobacteria;o__Burkholderiales;f__Sutterellaceae;g__Sutterella;s__Sutterella_wadsworthensis	0.00466387055731	0.0634171859351	-0.0100011891894	0.0414415694462	-0.0151423510519	-0.0220993192758	-0.0326814907253	0.0378121207255	-0.0214202394227	-0.025962082179	-0.0289113832049	-0.0186967320126	0.0361150323341	-0.0449238792813	-0.0185893350748	0.0347427206301	-0.0530394074085	1.0	-0.017083194192	-0.0377277602822	-0.0607223164906	0.0135190285632	0.0113800663191	-0.0383127593595	0.00819947233042	-0.0509249750734	0.0630598545743	-0.0223826000065	-0.0040749629366	-0.000181328281373	-0.0210151147468	0.0603340214085	0.0264032636296	0.0278049399059	-0.0117416659031	-0.0702354782968	-0.0233880867247	0.0299701228719	0.0531746619885	-0.0293128385122	-0.0622393043252	-0.0104524423569	0.0166784772693	0.0541912619042	-0.0527763587081	0.00997692768223	-0.0377539096822	0.0189306025539	0.00947573542927	-0.00735357848067	-0.0214219900825	0.023759531388	-0.0549333769834	-0.00191262690264	0.0404955546408	0.035515287844	-0.0473229073714	0.00646523212063	-0.00845735322964
k__Bacteria;p__Bacteroidetes;c__Bacteroidia;o__Bacteroidales;f__Porphyromonadaceae;g__Barnesiella;s__Barnesiella_intestinihominis	0.063265965066	0.0596278068842	-0.0798135256609	-0.0233561048653	-0.0132041895948	0.0258993401588	0.042717957147	-0.0461662694688	-0.0770442575132	0.0200202307802	0.00447568189873	0.0250699360899	0.00592398664703	-0.0776420508773	0.0078484258128	-0.0331126199787	-0.000163088334116	-0.017083194192	1.0	-0.0369065015427	-0.0349391133354	-0.0204501552703	-0.0466950889074	-0.00704424992649	-0.0250520001929	-0.0181565386081	-0.0128295199625	-0.0294497517018	-0.0001298736942	-0.0757650563944	-0.00160421127432	0.00929627400746	-0.0373860224872	-0.0225688634218	-0.0698617055011	-0.0150097480479	0.00189013588432	-0.04330140806	0.069251622558	-0.0144992898601	-0.00502914843653	-0.00407918119331	-0.0166555623196	0.0341006110412	-0.0364060340425	0.0125351385944	-0.0265542519623	0.0536866311812	0.0176993968746	-0.047706516946	-0.0046513223171	-0.0166620906638	0.0543465636337	0.0186236051225	-0.0206601320499	0.00656159635075	0.00672651861081	0.0291383466308	-0.033251944618
k__Bacteria;p__Bacteroidetes;c__Bacteroidia;o__Bacteroidales;f__Odoribacteraceae;g__Odoribacter;s__Odoribacter_splanchnicus	0.000221554247086	-0.0382146267154	0.0433580793394	-0.0175400240337	-0.00539216685716	0.104177108955	-0.0588533420766	-0.0372611640491	0.04250805203	-0.0199209983442	-0.0447752434833	0.0662704703268	-0.0217515311266	0.0320820091088	-0.0525024082116	0.0201081925853	0.0265766091546	-0.0377277602822	-0.0369065015427	1.0	-0.0627278319617	0.0246723036784	-0.0284115114175	0.0057514251332	-0.0406409450556	-0.034165413993	0.0201630063941	-0.0627641484338	0.00369385213399	-0.0627571026787	-0.0404009394671	-0.0321679816724	-0.0968676583276	0.0437416680441	-0.0436848724394	-0.00366777638086	0.117434344014	0.0241342085163	-0.0346678805622	0.00519432525692	-0.0845542382531	-0.00233701957234	0.0078810719317	0.004047443113	0.0514392679723	-0.057805452783	-0.00868285013232	-0.0672687150237	0.00240751172396	0.0142041336605	0.0529549648288	-0.0143792546461	-0.0375739437663	0.0915374753984	-0.0225449764874	-0.0361317656046	-0.0191600827145	-0.0492249389639	0.0443799982884
k__Bacteria;p__Bacteroidetes;c__Bacteroidia;o__Bacteroidales;f__Bacteroidaceae;g__Bacteroides;s__Bacteroides_salyersiae	-0.00467976900846	-0.0180271370268	0.00595841223115	-0.03309785312	0.0229669012049	0.000521954595881	-0.00127021537937	0.0321681825394	0.0262657960816	0.013807422421	0.0320338217826	0.00525796745421	-0.0547635251017	-0.0854935844014	0.0488098600237	0.00929097348026	0.0132546066172	-0.0607223164906	-0.0349391133354	-0.0627278319617	1.0	-0.00241430911567	-0.015377614077	-0.0206408189612	-0.00784816481599	-0.0362882579217	-0.00784471257168	-0.0253338574954	-0.0186001509401	0.00347830757176	-0.0318317614876	0.00238180346619	-0.0195103842827	0.0187068671965	-0.0259444654711	0.0258892442146	-0.0268107483531	-0.000202356064011	0.0433627392622	0.0264998191998	-0.0549065145048	-0.00799730742259	0.0488013999509	-0.0182724263048	-0.013617659537	-0.0220787924059	0.000678203365583	-0.00955632383791	-0.00997207455465	0.036886756831	0.0262559925988	0.0150153072864	-0.0105529461386	0.0442154383845	0.00786385664503	0.0441798686902	0.0729796831502	-0.073671422443	-0.0899136606946
k__Bacteria;p__Firmicutes;c__Clostridia;o__Clostridiales;f__Ruminococcaceae;g__Ruminiclostridium;s__[Eubacterium]_siraeum	-0.017549053547	-0.0689003061228	0.077902467901	0.0752389784932	0.00252414543483	0.0324608394219	0.0305809579438	-0.0195739160072	-0.00401516974577	0.0214133644738	-0.0156188859136	-0.0350514508472	0.0098500610387	0.0187732001383	-0.0918112114067	-0.00509029870854	-0.0386857284661	0.0135190285632	-0.0204501552703	0.0246723036784	-0.00241430911567	1.0	-0.0163461081535	0.0406660622228	0.0152061113076	-0.00571250660856	-0.0270380165383	-0.0175352325221	-0.044724516121	0.0045977248365	0.00969531917816	-0.0333184456009	0.0166741750848	-0.0492811220956	-0.0206251438755	0.0193220890208	-0.00186776673491	0.0836361616992	-0.00764536834743	-0.0440792203053	-0.00503447089954	-0.0109868719225	0.0103076994547	-0.0160171332877	-0.0342077250632	-0.0363952124292	0.0504108405843	0.0328674494416	-0.0166072768812	0.00689967820928	-0.0108155376703	0.00874629506095	1.39665427005e-05	0.0120044053047	-0.0788297961847	0.00876366528747	-0.0145827304395	-0.0177476981741	0.00616592199729
k__Bacteria;p__Proteobacteria;c__Betaproteobacteria;o__Burkholderiales;f__Sutterellaceae;g__Parasutterella;s__Parasutterella_excrementihominis	-0.0536181878897	0.00907002039375	-0.08895452746	-0.0186969548974	-0.00348776203925	0.01629057509	0.0297359673285	-0.103501720407	-0.0521055091961	-0.0532332237717	0.0685982776831	-0.0203287715972	-0.0340572267733	-0.0412757066559	0.00821726734044	0.0209143617217	0.0443975925242	0.0113800663191	-0.0466950889074	-0.0284115114175	-0.015377614077	-0.0163461081535	1.0	0.00681257323716	-0.0938883242871	0.0299485539888	0.0214337106579	0.0342273179351	-0.0375500773305	-0.0466834649435	-0.00606782555599	-0.00136377823205	-0.0799177390105	0.038141777743	0.00406669739733	0.035854111427	-0.0270546886888	-0.0505528175955	-0.0216323814562	-0.0306057634624	-0.00726687058342	0.0127725117883	-0.0326189150965	-0.0334756288782	-0.00588031103451	-0.00960761591381	0.0247220579913	-0.0168883642884	-0.0367072205135	-0.0220796100598	-0.0159772890582	-0.0384538545249	0.0344708455613	-0.03449829605	0.00238135678831	-0.000741173763398	0.00625192105306	-0.0300849021488	-0.0325088875909
k__Bacteria;p__Actinobacteria;c__Actinobacteria;o__Bifidobacteriales;f__Bifidobacteriaceae;g__Bifidobacterium;s__Bifidobacterium_adolescentis	-0.0265343692194	-0.0768410391744	-0.0807869126018	-0.0975265023453	-0.0529466122024	-0.06629330346	-0.0117529781879	-0.0239759158605	-0.0170916415079	-0.0558398398746	-0.0154474649187	0.0073904910867	-0.0534190853466	0.0297041956339	-0.0049906405578	-0.00934433134742	0.0250092428466	-0.0383127593595	-0.00704424992649	0.0057514251332	-0.0206408189612	0.0406660622228	0.00681257323716	1.0	-0.0263201853444	0.00856401541194	0.019831693505	-0.00252368463897	0.0342583254609	-0.0694123788542	-0.0197870711992	0.063436436172	-0.0435098395528	-0.000672181544231	-0.00731847908629	0.056464786725	-0.0155986541399	0.0106997961283	-0.00047326313171	-0.0243511375947	-0.0165736537495	-0.050436393538	-0.062677123204	0.0762481287113	0.0198477270616	0.0248692805378	0.0474425552805	-0.00144442693619	0.0266311255984	-0.0233002184175	0.0397194147817	-0.0102592320939	-0.072314847173	0.0894318862465	-0.0350388635686	-0.00564158519036	0.0006863567324	-0.0562002807694	-0.0129457317357
k__Bacteria;p__Firmicutes;c__Clostridia;o__Clostridiales;f__Oscillospiraceae;g__Oscillibacter;s__Oscillibacter_sp._KLE_1745	-0.00386552871045	-0.00649661610227	0.0349492139076	0.00592485713192	0.0290598155589	-0.00267469699396	-0.0089425534318	0.0275727686773	-0.0415836000096	-0.0457288048678	-0.00250851341696	-0.0134613505059	-0.00935488786193	-0.0647827272	0.0547544674622	-0.0238059253912	0.0327333769334	0.00819947233042	-0.0250520001929	-0.0406409450556	-0.00784816481599	0.0152061113076	-0.0938883242871	-0.0263201853444	1.0	-0.0230520196814	-0.0269754430626	-0.0711357168053	0.000474850892958	-0.0400138003228	0.0422850251019	-0.0102417503033	-0.0396353026827	-0.00565464512391	-0.0424253877337	-0.0207616292451	-0.0264202589085	0.0555266535518	-0.0219322076691	-0.124752467586	0.0189092152009	-0.0514317608072	-0.00156346827263	0.0135085394234	-0.0202175418845	0.00640913492237	-0.0405090585827	-0.000345197661963	0.0489841128853	-0.0342398264688	-0.000842102919111	-0.0113352413171	-0.0242899918758	-0.0857210627139	-0.00321700299622	-0.057453761772	0.0455044420303	-0.0145995011758	-0.00526726324702
k__Bacteria;p__Bacteroidetes;c__Bacteroidia;o__Bacteroidales;f__Bacteroidaceae;g__Bacteroides;s__Bacteroides_coprophilus	0.00814669153894	0.00540724119314	0.0648126063684	0.00351426050433	0.0379456859819	-0.0221634421513	0.0524841312413	-0.0467370191198	-0.0843000312919	-0.000843336290633	-0.00735080142243	-0.0202495444539	0.00774159287702	-0.00936796339544	0.068975489963	-0.0327438567318	-0.0442046043705	-0.0509249750734	-0.0181565386081	-0.034165413993	-0.0362882579217	-0.00571250660856	0.0299485539888	0.00856401541194	-0.0230520196814	1.0	0.0339625127541	0.00591924633986	-0.0306507107568	0.0543783565743	0.0113938435778	-0.0260779071424	-0.038417979524	-0.0135462490095	0.0851827987896	-0.0523355626434	-0.0210278630446	-0.040948763422	-0.0130843344016	-0.0438960250952	-0.00523547028482	0.022377543711	-0.0092574569328	-0.0152067598376	-0.0706671850707	0.0316756707098	-0.0306567222041	0.0315526815917	-0.0732716722788	0.0427599576957	0.0202922917241	0.000193759584129	-0.0305843223118	-0.00532126336421	-0.0506419604271	-0.0128831006025	-0.0980254488854	-0.00243386701532	-0.0229259811917
k__Bacteria;p__Firmicutes;c__Clostridia;o__Clostridiales;f__Lachnospiraceae;g__Roseburia;s__Roseburia_intestinalis	-0.029955783228	-0.0223141714347	-0.0243962556178	-0.0209998771895	-0.0138472875424	-0.0133076656889	-0.0293031507964	0.0150880318533	0.0116398902863	0.0155655580371	-0.0559361796358	-0.0215146967248	0.00456359831927	0.0150046788517	0.0141140362097	-0.109398638661	-0.0143135296344	0.0630598545743	-0.0128295199625	0.0201630063941	-0.00784471257168	-0.0270380165383	0.0214337106579	0.019831693505	-0.0269754430626	0.0339625127541	1.0	-0.0422338420854	-0.012938192086	-0.0570504866931	-0.0166677708972	0.00779745578871	-0.00029617854653	-0.0166108372318	-0.0475789565369	0.00938909392549	-0.0220489476706	-0.05100116784	0.0140283891294	-0.0759432927758	0.000567191488705	-0.0254344033344	-0.033917733742	-0.0362335554946	0.0379421103445	-0.0314553341026	-0.0416433502829	-0.0351139773289	-0.0457894428499	0.0644976878838	0.0366715823837	-0.0681131515484	-0.0465886601821	0.0543446814779	0.0343378812959	-0.0114405120653	-0.0317036399283	0.0117871740732	-0.00323682396377
k__Bacteria;p__Firmicutes;c__Clostridia;o__Clostridiales;f__Lachnospiraceae;g__Roseburia;s__Roseburia_hominis	-0.0257906250772	-0.00494427920371	-0.00720655445322	-0.0311632045075	-0.00117916701153	0.00436455445201	0.0111119165635	-0.0610103820568	-0.0065308653806	-0.00359157331071	-0.00900974151456	-0.0360429964214	0.0595391712033	-0.0211382676902	0.00131691568308	0.0386076151446	-0.0372341369106	-0.0223826000065	-0.0294497517018	-0.0627641484338	-0.0253338574954	-0.0175352325221	0.0342273179351	-0.00252368463897	-0.0711357168053	0.00591924633986	-0.0422338420854	1.0	0.072474763931	0.0278356164594	-0.0351676240682	-0.103224357657	0.0225096090823	0.00720195826448	0.0524235968152	-0.0579916822501	0.0166782823743	-0.000665643956499	-0.0527098997964	0.0284129099819	-0.0442133818419	0.0181310186216	-0.0224800721995	-0.00831923913	-0.0650096465167	-0.00219541337358	0.00875660630458	0.0278993119569	0.0276991362034	-0.0302457398464	0.00693032091971	-0.0118425364389	0.0379573798649	0.00554503107818	-0.0296213946926	-0.0479377139351	-0.0333005709765	-0.114216306655	-0.016225586963
k__Bacteria;p__Bacteroidetes;c__Bacteroidia;o__Bacteroidales;f__Porphyromonadaceae;g__Parabacteroides;s__Parabacteroides_johnsonii	0.0145377370794	0.0409524350504	-0.0222184093857	-0.0224991646018	-0.0645356611277	0.00867560204637	-0.000623321074019	-0.00334077823423	-0.00472749912899	-0.0632754003795	0.0111610164183	0.03853297753	-0.0141840381617	0.101540749625	-0.0571430597539	-0.0153155289485	-0.0361793497801	-0.0040749629366	-0.0001298736942	0.00369385213399	-0.0186001509401	-0.044724516121	-0.0375500773305	0.0342583254609	0.000474850892958	-0.0306507107568	-0.012938192086	0.072474763931	1.0	0.0248418696798	0.0599402056933	0.0238276601661	-0.125387317865	0.0339626512477	-0.00682747102599	-0.0497441545457	0.0419087788628	0.0274431186284	0.0329535878336	-0.0400516103207	-0.0325725337237	-0.125604239769	0.0224576253537	0.0010995400368	0.0122680839856	0.0559811654294	-0.0655161237518	0.0220594167685	0.0197727120427	-0.0279225201106	-0.0394987004598	0.0209109120404	0.0181786800525	0.0308582505456	-0.026130727225	-0.0207824743678	-0.00678278483563	-0.01038368016	0.0210193522889
k__Bacteria;p__Actinobacteria;c__Actinobacteria;o__Bifidobacteriales;f__Bifidobacteriaceae;g__Bifidobacterium;s__Bifidobacterium_longum	0.005609508053	-0.0616762047988	0.0394069394371	0.00256238209419	-0.0627416906005	0.0392112173131	-0.0895795099082	0.0320201345667	-0.0077134403554	0.0460966641625	-0.0156114689427	-0.0794181224436	0.0372986604833	-0.0609906870862	-0.0607129872865	-0.019939234557	-0.0302657672091	-0.000181328281373	-0.0757650563944	-0.0627571026787	0.00347830757176	0.0045977248365	-0.0466834649435	-0.0694123788542	-0.0400138003228	0.0543783565743	-0.0570504866931	0.0278356164594	0.0248418696798	1.0	-0.00945378220439	0.0560575006744	-0.0113080711881	0.0270078385982	0.08929184755	-0.0154601346659	-0.00147263211443	-0.0294511377102	-0.0303881990094	-0.00981833153837	-0.0173688168868	0.0146064253238	0.0184408804976	-0.00678167590647	-0.0203384272236	0.0265489889268	-0.0232786905258	0.00959046949939	0.0238605934713	-0.0455487202618	-0.0626316280335	0.00469901895702	-0.037705622765	0.0438818065267	-0.0380589705962	-0.0150473430223	-0.0534770987232	-0.0343999663208	-0.00384389391321
