#taxonomy	k__Bacteria;p__Bacteroidetes;c__Bacteroidia;o__Bacteroidales;f__Bacteroidaceae;g__Bacteroides;s__Bacteroides_vulgatus	k__Bacteria;p__Bacteroidetes;c__Bacteroidia;o__Bacteroidales;f__Bacteroidaceae;g__Bacteroides;s__Bacteroides_uniformis	k__Bacteria;p__Bacteroidetes;c__Bacteroidia;o__Bacteroidales;f__Rikenellaceae;g__Alistipes;s__Alistipes_putredinis	k__Bacteria;p__Bacteroidetes;c__Bacteroidia;o__Bacteroidales;f__Prevotellaceae;g__Prevotella;s__Prevotella_copri	k__Bacteria;p__Bacteroidetes;c__Bacteroidia;o__Bacteroidales;f__Bacteroidaceae;g__Bacteroides;s__Bacteroides_stercoris	k__Bacteria;p__Bacteroidetes;c__Bacteroidia;o__Bacteroidales;f__Bacteroidaceae;g__Bacteroides;s__Bacteroides_ovatus	k__Bacteria;p__Bacteroidetes;c__Bacteroidia;o__Bacteroidales;f__Rikenellaceae;g__Alistipes;s__Alistipes_shahii	k__Bacteria;p__Firmicutes;c__Clostridia;o__Clostridiales;f__Ruminococcaceae;g__Faecalibacterium;s__Faecalibacterium_prausnitzii	k__Bacteria;p__Bacteroidetes;c__Bacteroidia;o__Bacteroidales;f__Rikenellaceae;g__Alistipes;s__Alistipes_finegoldii	k__Bacteria;p__Bacteroidetes;c__Bacteroidia;o__Bacteroidales;f__Porphyromonadaceae;g__Parabacteroides;s__Parabacteroides_distasonis	k__Bacteria;p__Bacteroidetes;c__Bacteroidia;o__Bacteroidales;f__Bacteroidaceae;g__Bacteroides;s__Bacteroides_thetaiotaomicron	k__Bacteria;p__Bacteroidetes;c__Bacteroidia;o__Bacteroidales;f__Bacteroidaceae;g__Bacteroides;s__Bacteroides_coprocola	k__Bacteria;p__Bacteroidetes;c__Bacteroidia;o__Bacteroidales;f__Bacteroidaceae;g__Bacteroides;s__Bacteroides_cellulosilyticus	k__Bacteria;p__Bacteroidetes;c__Bacteroidia;o__Bacteroidales;f__Rikenellaceae;g__Alistipes;s__Alistipes_obesi	k__Bacteria;p__Firmicutes;c__Clostridia;o__Clostridiales;f__Lachnospiraceae;g__;s__[Eubacterium]_rectale	k__Bacteria;p__Bacteroidetes;c__Bacteroidia;o__Bacteroidales;f__Bacteroidaceae;g__Bacteroides;s__Bacteroides_plebeius	k__Bacteria;p__Bacteroidetes;c__Bacteroidia;o__Bacteroidales;f__Bacteroidaceae;g__Bacteroides;s__Bacteroides_fragilis	k__Bacteria;p__Proteobacteria;c__Betaproteobacteria;o__Burkholderiales;f__Sutterellaceae;g__Sutterella;s__Sutterella_wadsworthensis	k__Bacteria;p__Bacteroidetes;c__Bacteroidia;o__Bacteroidales;f__Porphyromonadaceae;g__Barnesiella;s__Barnesiella_intestinihominis	k__Bacteria;p__Bacteroidetes;c__Bacteroidia;o__Bacteroidales;f__Odoribacteraceae;g__Odoribacter;s__Odoribacter_splanchnicus	k__Bacteria;p__Bacteroidetes;c__Bacteroidia;o__Bacteroidales;f__Bacteroidaceae;g__Bacteroides;s__Bacteroides_salyersiae	k__Bacteria;p__Firmicutes;c__Clostridia;o__Clostridiales;f__Ruminococcaceae;g__Ruminiclostridium;s__[Eubacterium]_siraeum	k__Bacteria;p__Proteobacteria;c__Betaproteobacteria;o__Burkholderiales;f__Sutterellaceae;g__Parasutterella;s__Parasutterella_excrementihominis	k__Bacteria;p__Actinobacteria;c__Actinobacteria;o__Bifidobacteriales;f__Bifidobacteriaceae;g__Bifidobacterium;s__Bifidobacterium_adolescentis	k__Bacteria;p__Firmicutes;c__Clostridia;o__Clostridiales;f__Oscillospiraceae;g__Oscillibacter;s__Oscillibacter_sp._KLE_1745	k__Bacteria;p__Bacteroidetes;c__Bacteroidia;o__Bacteroidales;f__Bacteroidaceae;g__Bacteroides;s__Bacteroides_coprophilus	k__Bacteria;p__Firmicutes;c__Clostridia;o__Clostridiales;f__Lachnospiraceae;g__Roseburia;s__Roseburia_intestinalis	k__Bacteria;p__Firmicutes;c__Clostridia;o__Clostridiales;f__Lachnospiraceae;g__Roseburia;s__Roseburia_hominis	k__Bacteria;p__Bacteroidetes;c__Bacteroidia;o__Bacteroidales;f__Porphyromonadaceae;g__Parabacteroides;s__Parabacteroides_johnsonii	k__Bacteria;p__Actinobacteria;c__Actinobacteria;o__Bifidobacteriales;f__Bifidobacteriaceae;g__Bifidobacterium;s__Bifidobacterium_longum	k__Bacteria;p__Firmicutes;c__Clostridia;o__Clostridiales;f__;g__Flavonifractor;s__Flavonifractor_plautii	k__Bacteria;p__Firmicutes;c__Clostridia;o__Clostridiales;f__Clostridiaceae;g__Clostridium;s__Clostridium_phoceensis	k__Bacteria;p__Verrucomicrobia;c__Verrucomicrobiae;o__Verrucomicrobiales;f__Akkermansiaceae;g__Akkermansia;s__Akkermansia_muciniphila	k__Bacteria;p__Bacteroidetes;c__Bacteroidia;o__Bacteroidales;f__Prevotellaceae;g__Paraprevotella;s__Paraprevotella_xylaniphila	k__Bacteria;p__Firmicutes;c__Clostridia;o__Clostridiales;f__Ruminococcaceae;g__Ruminococcus;s__Ruminococcus_callidus	k__Bacteria;p__Bacteroidetes;c__Bacteroidia;o__Bacteroidales;f__Rikenellaceae;g__Alistipes;s__Alistipes_senegalensis	k__Bacteria;p__Firmicutes;c__Clostridia;o__Clostridiales;f__Lachnospiraceae;g__Blautia;s__Blautia_sp._KLE_1732	k__Bacteria;p__Bacteroidetes;c__Bacteroidia;o__Bacteroidales;f__Bacteroidaceae;g__Bacteroides;s__Bacteroides_oleiciplenus	k__Bacteria;p__Firmicutes;c__Clostridia;o__Clostridiales;f__Ruminococcaceae;g__Ruminococcus;s__Ruminococcus_bicirculans	k__Bacteria;p__Bacteroidetes;c__Bacteroidia;o__Bacteroidales;f__Bacteroidaceae;g__Bacteroides;s__Bacteroides_fluxus	k__Bacteria;p__Bacteroidetes;c__Bacteroidia;o__Bacteroidales;f__Prevotellaceae;g__Prevotella;s__Prevotella_stercorea	k__Bacteria;p__Firmicutes;c__Clostridia;o__Clostridiales;f__Lachnospiraceae;g__Dorea;s__Dorea_longicatena	k__Bacteria;p__Firmicutes;c__Clostridia;o__Clostridiales;f__Eubacteriaceae;g__Eubacterium;s__[Eubacterium]_eligens	k__Bacteria;p__Firmicutes;c__Clostridia;o__Clostridiales;f__Ruminococcaceae;g__;s__Ruminococcaceae_bacterium_D16	k__Bacteria;p__Firmicutes;c__Clostridia;o__Clostridiales;f__Lachnospiraceae;g__Coprococcus;s__Coprococcus_comes	k__Bacteria;p__Proteobacteria;c__Gammaproteobacteria;o__Enterobacterales;f__Enterobacteriaceae;g__Escherichia;s__Escherichia_coli	k__Bacteria;p__Firmicutes;c__Clostridia;o__Clostridiales;f__Ruminococcaceae;g__Anaerotruncus;s__Anaerotruncus_colihominis	k__Bacteria;p__Firmicutes;c__Clostridia;o__Clostridiales;f__Lachnospiraceae;g__Blautia;s__Blautia_obeum	k__Bacteria;p__Bacteroidetes;c__Bacteroidia;o__Bacteroidales;f__Odoribacteraceae;g__Odoribacter;s__Odoribacter_laneus	k__Bacteria;p__Firmicutes;c__Clostridia;o__Clostridiales;f__Ruminococcaceae;g__Ruminiclostridium;s__[Clostridium]_leptum	k__Bacteria;p__Bacteroidetes;c__Bacteroidia;o__Bacteroidales;f__Porphyromonadaceae;g__Parabacteroides;s__Parabacteroides_goldsteinii	k__Bacteria;p__Firmicutes;c__Clostridia;o__Clostridiales;f__Lachnospiraceae;g__Anaerostipes;s__Anaerostipes_hadrus	k__Bacteria;p__Firmicutes;c__Clostridia;o__Clostridiales;f__Ruminococcaceae;g__Ruminococcus;s__Ruminococcus_lactaris	k__Bacteria;p__Firmicutes;c__Clostridia;o__Clostridiales;f__Clostridiaceae;g__Clostridium;s__Clostridium_sp._L2-50	k__Bacteria;p__Firmicutes;c__Clostridia;o__Clostridiales;f__Clostridiaceae;g__Clostridium;s__Clostridium_sp._M62/1	k__Bacteria;p__Firmicutes;c__Clostridia;o__Clostridiales;f__;g__Intestinimonas;s__Intestinimonas_butyriciproducens	k__Bacteria;p__Actinobacteria;c__Actinobacteria;o__Bifidobacteriales;f__Bifidobacteriaceae;g__Bifidobacterium;s__Bifidobacterium_bifidum	k__Bacteria;p__Firmicutes;c__Negativicutes;o__Veillonellales;f__Veillonellaceae;g__Dialister;s__Dialister_invisus	k__Bacteria;p__Bacteroidetes;c__Bacteroidia;o__Bacteroidales;f__Bacteroidaceae;g__Bacteroides;s__Bacteroides_salanitronis
k__Bacteria;p__Bacteroidetes;c__Bacteroidia;o__Bacteroidales;f__Bacteroidaceae;g__Bacteroides;s__Bacteroides_vulgatus	1.0	0.0313885160711	0.0154746373361	-0.0373080048388	0.0370003797141	0.0145713291695	0.00802480996129	-0.042258941762	-0.0130123162427	0.00938739421933	-0.02367313726	-0.0315128012736	-0.0584750479847	0.0387860697771	-0.0126014827503	-0.0109616571461	-0.0392978969272	0.00120072871679	-0.00826941871958	-0.0656667819412	0.00594720077961	-0.0197301836446	0.0110477709953	0.0171987781854	0.0557658252115	-0.0475916936823	0.00901498385929	-0.0785406555683	0.0169870813441	0.0199981486231	0.0331705697336	-0.0382067169589	-0.0353739012597	-0.0603606989295	-0.0590177914761	0.0149429805816	-0.0102545231694	-0.000269587602714	-0.0252693306783	-0.0430057646317	0.0495952180198	-0.0624335837945	-0.0350440659624	-0.0105112743358	-0.0174909210217	0.00982538828206	0.034016780654	-0.0649415955196	-0.0162051584357	0.00342085040082	0.0182426003775	-0.021489446795	0.0198336171982	-0.0541482967907	0.0136309896209	0.0255464390616	-0.00437762634202	0.00545003068797	-0.00275575503272
k__Bacteria;p__Bacteroidetes;c__Bacteroidia;o__Bacteroidales;f__Bacteroidaceae;g__Bacteroides;s__Bacteroides_uniformis	0.0313885160711	1.0	0.00541082762098	-0.012455844419	-0.00124902096632	-0.0766158146504	-0.0167274083791	-0.0703147426767	-0.0739711904221	-0.0547430110828	0.00119472096576	0.0262497973894	-0.0254644859794	0.0196728899222	0.013124511242	0.0388612670439	0.0169295098536	-0.00129652006366	-0.0159887952506	-0.0126318947635	0.032322213807	-0.0111435708843	0.00415759432189	-0.0622352023644	0.00588549372204	-0.058781548166	0.0105813780574	0.0296243437761	0.0498726794167	0.0524206023473	0.0269002704639	0.0206589843302	0.0208861426299	0.0809614369272	-0.0239111737148	-0.0618018954278	0.0337620289448	-0.0410044521636	0.0586894209961	0.0162866600933	-0.0139900130127	-0.0263622287512	0.029593787133	0.0546274958553	-0.0437711177713	0.0165406760532	-0.0476964522896	-0.0368441924843	-0.066057298532	-0.0246623640468	0.0328691225812	0.0238455627765	-0.00404411264512	0.0134664316475	-0.036782570772	-0.00202284970884	-0.0657901283774	0.029494030018	-0.0269865783312
k__Bacteria;p__Bacteroidetes;c__Bacteroidia;o__Bacteroidales;f__Rikenellaceae;g__Alistipes;s__Alistipes_putredinis	0.0154746373361	0.00541082762098	1.0	-0.0159268132507	-0.0126264413489	0.0382491560074	0.00343809933428	-0.00671223602142	-0.0564789929187	-0.0457709796323	-0.0403323595654	-0.00848232381454	-0.0414245530984	-0.0258617158531	-0.0321358377724	-0.0709141722884	-0.00251589138356	-0.111871105715	0.00788050888348	0.0204370231143	-0.0340314820086	-0.0580128931248	-0.0240725641647	-0.0364976172985	0.0186327434617	0.0133717596694	-0.0713604407743	-0.0171376518191	0.0249016777826	-0.0405658962379	0.00743631465703	0.0226194405275	-0.0271194350899	0.0362698326754	-0.0360482980592	-0.0130844530963	-0.0129468654361	0.0783644769641	-0.0073621031089	-0.047574804159	-0.0325291178272	-0.0472916308255	-0.0298246633306	-0.0279897275252	0.0108013426073	-0.0368057600157	0.00949793180233	-0.0157886776484	-0.022333872006	0.0406216435684	0.00672786307803	0.003510400046	-0.0126899358618	-0.0338312928215	0.0577532092373	0.022400791799	0.0444004512851	-0.109444458386	0.0465927090269
k__Bacteria;p__Bacteroidetes;c__Bacteroidia;o__Bacteroidales;f__Prevotellaceae;g__Prevotella;s__Prevotella_copri	-0.0373080048388	-0.012455844419	-0.0159268132507	1.0	0.0154906418291	0.0187512591862	-0.0127746280942	-0.0248768060929	-0.048313622321	0.0310820643805	0.00590940339655	-0.0179926627405	-0.0289542740753	-0.0123344032093	-0.0666267561021	0.0075075635127	0.00284875424567	-0.00180060870092	0.026626912513	0.0344212451413	0.0130442589457	-0.0358547016929	-0.0228898154526	-0.00476871547869	-0.0817263923886	-0.0603301421772	0.0299875511146	0.0364549303078	-0.00672322641747	-0.0750884716737	-0.0350612124842	0.0132601663032	-0.00411652156048	0.00347135539998	-0.053647086353	-0.0942328901431	-0.054326929156	-0.0156352269867	-0.00323049180025	0.0156085935633	-0.00886643437847	-0.0539070533234	-0.0567842694107	-0.00505949850676	-0.00524228615091	-0.00397505430988	0.0100273111178	0.0467125453717	-0.0390566379518	-0.00959748499712	0.0324574641059	0.0276902654447	0.0701722993543	-0.013616905877	-0.083321988985	-0.0163760269927	0.0352003891311	-0.0197879331483	-0.0135278102448
k__Bacteria;p__Bacteroidetes;c__Bacteroidia;o__Bacteroidales;f__Bacteroidaceae;g__Bacteroides;s__Bacteroides_stercoris	0.0370003797141	-0.00124902096632	-0.0126264413489	0.0154906418291	1.0	0.0142314856754	-0.0574896604223	-0.0394275325541	0.0360469004853	-0.000845721019821	0.00169247308235	-0.00520110047351	-0.000778476298349	0.0434628565972	0.0389783637112	0.023693359304	-0.0192006903662	-0.0215079735892	0.0622681527077	-0.0526769053277	0.0496847882726	0.00654925304983	0.00548610787764	0.0113199127066	-0.0845787490918	-0.0626196614677	0.0301054547371	0.00976525997657	0.00790960891198	0.0270353741139	0.000497244405691	-0.0516369956765	0.00367464332699	-0.00390387677152	-0.0131964039677	-0.00381225667049	0.0135005323441	0.0307320115136	-0.0731033782396	0.00417919218173	-0.0262986527272	0.0204539026277	0.0385352527458	-0.0808521681623	-0.00830961237573	-0.00460759208975	-0.0151439963126	-0.0170197317594	0.0255997950151	-0.0212344914053	0.010514324695	-0.0551245042951	-0.00511407791425	-0.0291610902206	-0.00693766569456	-0.0570888105443	-0.0421925306776	0.0437063618332	0.000449700860674
k__Bacteria;p__Bacteroidetes;c__Bacteroidia;o__Bacteroidales;f__Bacteroidaceae;g__Bacteroides;s__Bacteroides_ovatus	0.0145713291695	-0.0766158146504	0.0382491560074	0.0187512591862	0.0142314856754	1.0	-0.0175352071935	-0.00818666394472	0.0190220087745	0.00158865904727	0.0128221921059	0.0467921530119	0.0247748790781	-0.0228064603175	0.0362709093785	-0.0320448843963	-0.0201416742226	-0.0200701964704	0.000865443751761	-0.0469058499952	-0.0648407691157	-0.0586577258343	0.0233289509191	-0.0879649039609	-0.0518076856101	-0.0136775031288	0.0211622170409	0.0175746422748	-0.0654638391876	-0.021482741854	-0.0323223193047	0.0132137605201	-0.0312293018571	-0.00596247121641	-0.013830914886	0.0156417794773	-0.0313822992935	0.0526445008697	0.0401723674327	0.059611557959	0.0321153425378	0.00372928339955	-0.0376566463239	-0.0469216899974	-0.0677074198932	-0.0115133393965	0.04029272579	0.0226117514929	-0.046525224333	0.0391764961498	-0.0983873212918	-0.0155628735748	-0.0215389804082	-0.00149370771195	-0.0269586574113	-0.0547533412905	-0.0367214162313	0.0328602944005	-0.00290657954161
k__Bacteria;p__Bacteroidetes;c__Bacteroidia;o__Bacteroidales;f__Rikenellaceae;g__Alistipes;s__Alistipes_shahii	0.00802480996129	-0.0167274083791	0.00343809933428	-0.0127746280942	-0.0574896604223	-0.0175352071935	1.0	0.0268720735014	0.0247021844951	-0.0421709126859	-0.0340998274057	0.0248719176828	0.0416351082937	0.0449125565067	-0.0536461173013	-0.0573514163073	0.0669756702585	-0.0311050355133	-0.0228658635113	-0.00389817070763	-0.0689164502307	-0.015249996374	0.0180695144483	0.0161479053931	-0.0381481458367	-0.00447664975846	-0.0179459262842	-0.0159764585851	-0.0565347727317	0.00522243431654	-0.023883475249	-0.0298059834007	-0.00839201289757	-0.0375321546547	-0.0218626138682	0.0235163853911	0.0242837465828	-0.0291943718256	-0.00374753459275	-0.0425329885458	0.0436122761298	0.0247669039684	0.0131402108882	0.0617338263966	0.0677122652133	0.0185385669333	0.0744339695088	-0.0396946533949	-0.0092685588918	0.028455975975	-0.0291411538709	0.0368931982956	-0.00149962615763	-0.00236753996622	0.0129214704288	-0.0432778962382	-0.0285563915974	-0.0302402908687	-0.0122831343675
k__Bacteria;p__Firmicutes;c__Clostridia;o__Clostridiales;f__Ruminococcaceae;g__Faecalibacterium;s__Faecalibacterium_prausnitzii	-0.042258941762	-0.0703147426767	-0.00671223602142	-0.0248768060929	-0.0394275325541	-0.00818666394472	0.0268720735014	1.0	0.024078014554	-0.00504978404578	-0.00744877122913	-0.00544284783088	0.0147450638243	-0.00548939519533	0.0153202482094	-0.0231343675639	0.0478905198551	-0.0710310298044	-0.0091207678441	-0.0163799412726	0.0160559503347	0.0171856722776	-7.28501301974e-05	0.0211525058052	0.00304632755697	0.00684973119802	-0.0144346346502	-0.0483083364664	-0.0382983291478	0.016107723638	-0.0353970969395	-0.0578017986418	0.0204392621815	0.00193287356738	-0.00418110954651	-0.0140571736945	-0.000940797462211	0.0161523760276	-0.0198553560836	-0.0110415081347	-0.0246022838689	0.00572853576967	-0.0188495135562	0.011659261362	0.0249373508518	0.00518401144795	-0.052201731738	-0.0061241201953	-0.0120144243244	0.000106941962296	-0.0258632152979	0.0112029725352	-0.0262482978796	0.0153043785362	-0.0433924359478	-0.0391758025134	-0.0110361008959	-0.00475686280005	-0.014019814514
k__Bacteria;p__Bacteroidetes;c__Bacteroidia;o__Bacteroidales;f__Rikenellaceae;g__Alistipes;s__Alistipes_finegoldii	-0.0130123162427	-0.0739711904221	-0.0564789929187	-0.048313622321	0.0360469004853	0.0190220087745	0.0247021844951	0.024078014554	1.0	-0.0683997574868	-0.056142400525	0.00833616686456	-0.0109683826655	-0.0037036504669	0.0802819907601	-0.00296902206884	0.0159243264443	-0.0272211586164	-0.0265393865724	0.0142623167892	0.00628722413007	-0.00782582627134	-0.0117068171613	0.0615585582242	0.0179231278617	0.0222671138136	-0.0384612212556	-0.0591111661071	-0.0442640533199	0.0148292677097	0.0318293555988	0.0218671657852	-0.00963611279024	0.00810256526205	-0.0561818164607	-0.0608318444241	-0.0175106644661	-0.0152660604487	-0.0861295449475	-0.0587224213686	-0.0807206561189	-0.0260276510794	0.0104168067547	0.00402893367644	0.0163967155408	0.0311451024587	0.0239633320268	-0.0149971146549	0.0222817717552	0.00929670192314	-0.0203279089988	-0.0393738200536	-0.0674359279782	0.074227088258	-0.0560824268425	0.0310257553575	0.0355420656307	0.0072550551817	-0.0496764519022
k__Bacteria;p__Bacteroidetes;c__Bacteroidia;o__Bacteroidales;f__Porphyromonadaceae;g__Parabacteroides;s__Parabacteroides_distasonis	0.00938739421933	-0.0547430110828	-0.0457709796323	0.0310820643805	-0.000845721019821	0.00158865904727	-0.0421709126859	-0.00504978404578	-0.0683997574868	1.0	-0.0371113619304	-0.00579288673569	-0.0295103964681	-0.026809275153	-0.0612836897961	-0.0362093991176	0.0046939356344	-0.0356664370506	-0.0450056259829	0.0133121343707	-0.0118115703295	0.048913971367	0.0157365460745	0.000821657662818	0.0207175669522	-0.0209618841661	0.0196675447366	-0.0202308141571	-0.0214919651957	0.0150985598229	0.0179502354661	-0.00776458508619	0.00883755097026	0.052113969021	0.0278654612825	-0.0174739629107	0.0225805637633	-0.0512855599244	0.0235323682119	-0.00361411440934	-8.14676609293e-05	-0.0418085947599	0.033172896527	-0.00156500065049	0.0234261155481	0.0131538909462	-0.029313345787	-0.0109660493198	-0.052468483159	-0.0588971758064	0.00841808990535	-0.00388171050293	-0.0214729009464	0.0219845285509	-0.0410734581349	-0.0116526948053	-0.0328922933646	-0.00478971041969	0.0340511263744
k__Bacteria;p__Bacteroidetes;c__Bacteroidia;o__Bacteroidales;f__Bacteroidaceae;g__Bacteroides;s__Bacteroides_thetaiotaomicron	-0.02367313726	0.00119472096576	-0.0403323595654	0.00590940339655	0.00169247308235	0.0128221921059	-0.0340998274057	-0.00744877122913	-0.056142400525	-0.0371113619304	1.0	-0.0110809672231	0.0468206434557	0.0366948870936	-0.0238734544153	-0.0476405140499	-0.0391130882075	-0.00588079306609	-0.0292640739228	-0.00384868582778	0.0150651300629	0.0292726223115	-0.0359889725083	-0.078363863594	0.0250847042325	0.0482155887467	0.0409627893798	-0.0393758353255	-0.0291500436331	0.016359352795	-0.0486794350574	-0.00319538685186	0.00860818695033	-0.00554725393698	-0.0234038526911	-0.0185197496907	0.00509500389284	-0.0340840204426	-0.0448216739565	0.00290355354025	-0.0157619748847	-0.0162163278339	0.00991542118978	-0.0214125207505	-0.0364058978544	0.0260469205262	-0.0498057876804	-0.00969171220484	0.00259691070755	0.0230935683916	-0.0308099981039	0.0556356543328	0.015784887978	-0.0416009446156	0.0109517106259	0.0556873513378	-0.00791506892322	0.00762659022147	-0.0351325167058
k__Bacteria;p__Bacteroidetes;c__Bacteroidia;o__Bacteroidales;f__Bacteroidaceae;g__Bacteroides;s__Bacteroides_coprocola	-0.0315128012736	0.0262497973894	-0.00848232381454	-0.0179926627405	-0.00520110047351	0.0467921530119	0.0248719176828	-0.00544284783088	0.00833616686456	-0.00579288673569	-0.0110809672231	1.0	0.0247556179267	-0.0146996567811	-0.0377199574052	-0.0196955979264	-0.0572732332719	0.0118500951626	0.00441305083195	-0.0238362245438	-0.0504063663422	0.00099319862173	0.0169287614798	-0.0274715222734	-0.0702463124848	-0.0565856733222	0.0613663093543	-0.0191687274054	0.00505271829078	0.0338495658526	0.00107978109119	-0.0216661298057	-0.0249234823642	0.0115607133622	-0.0304005892451	-0.00538889883997	0.0613668719615	-0.0631215427973	0.0102858462782	-0.083041035977	-0.0254353200908	-0.056906836888	-0.000596724899393	-0.0567817919952	-0.023410263823	0.00969910274207	0.00803327871898	-0.049878765412	-0.0286509313158	-0.0135885226057	-0.0208519476328	0.034272925687	-0.0534566185813	-0.00382195753645	-0.00253033554384	-0.0071263800256	-0.0646066572994	0.0266723268188	-0.00202956776831
k__Bacteria;p__Bacteroidetes;c__Bacteroidia;o__Bacteroidales;f__Bacteroidaceae;g__Bacteroides;s__Bacteroides_cellulosilyticus	-0.0584750479847	-0.0254644859794	-0.0414245530984	-0.0289542740753	-0.000778476298349	0.0247748790781	0.0416351082937	0.0147450638243	-0.0109683826655	-0.0295103964681	0.0468206434557	0.0247556179267	1.0	-0.00187470650321	0.0419075881961	0.0144136946238	0.0601702235617	-0.0215962021007	-0.0137195762249	-0.0122926167545	0.0171870474193	0.0639380704167	-0.0389071032206	-0.0449997771309	-0.0182594712511	0.0317873529804	-0.00517348199121	-0.0453036589352	-0.0228719530256	-0.0141690548375	-0.0491245461604	0.020458991032	-0.034387512894	0.00357064836507	0.0113074708709	0.0636348634814	0.061173826368	-0.0146377103238	-0.0128101591951	0.0244448953115	-0.0405635329585	-0.00723056537382	-0.0707510189673	-1.10599424456e-05	-0.0143018290915	0.0628583913101	-0.0150862990408	-0.0572705852816	0.00287570251948	-0.00210467642436	-0.0727262731307	-0.00027557923427	0.0347219884895	-0.00627359824899	0.00880118131155	0.0103599690278	-0.023745035178	-0.0607122637112	-0.0667622047667
k__Bacteria;p__Bacteroidetes;c__Bacteroidia;o__Bacteroidales;f__Rikenellaceae;g__Alistipes;s__Alistipes_obesi	0.0387860697771	0.0196728899222	-0.0258617158531	-0.0123344032093	0.0434628565972	-0.0228064603175	0.0449125565067	-0.00548939519533	-0.0037036504669	-0.026809275153	0.0366948870936	-0.0146996567811	-0.00187470650321	1.0	0.0162377246123	-0.0216188180502	-0.0498436949917	-0.0251421367698	0.0780263490066	-0.0912104300192	0.0174233974542	0.0244230945073	0.00430935322552	-0.0476558132126	0.011736368551	0.0101717914683	0.0301064439161	-0.0445552430948	-0.0271175339242	-0.00658358529134	0.00130455926442	0.0314293739227	-0.0512968585949	0.0344284944071	0.000347295045458	-0.038040998603	0.0396066987098	0.0186728757356	-0.0488653838542	-0.0478978402989	-0.030739485932	-0.0620647862757	0.052867662326	-0.0608406200251	-0.0705562246826	-0.0776141292596	-0.017460490819	-0.0438497697683	-0.0368474570125	-0.0134638918779	0.0078608862607	0.0170630999204	-0.00512253831975	-0.0150049107482	0.0827713801685	-0.00168063147048	0.0233621034041	-0.0259576710679	-0.0171248095537
k__Bacteria;p__Firmicutes;c__Clostridia;o__Clostridiales;f__Lachnospiraceae;g__;s__[Eubacterium]_rectale	-0.0126014827503	0.013124511242	-0.0321358377724	-0.0666267561021	0.0389783637112	0.0362709093785	-0.0536461173013	0.0153202482094	0.0802819907601	-0.0612836897961	-0.0238734544153	-0.0377199574052	0.0419075881961	0.0162377246123	1.0	-0.00111391353902	0.0317373911514	0.0332788913808	-0.0511928058789	-0.0569121176779	0.0311569244302	-0.0156088819607	-0.0237488584094	-0.0555169902292	-0.00143351687517	-0.0130224890036	-0.0358725626414	-0.0725019288928	-0.0164668271572	-0.0195411579126	0.0521909222311	-0.0469828628438	0.0234099343087	-0.00739299657681	-0.0442179993129	-0.0213805548003	-0.00837166638907	0.0450431529515	-0.0266564387569	0.0620350829775	0.0527097924957	-0.0437694261025	0.0696273521049	0.00108970004901	0.023547562988	0.0113411549775	-0.0246431047242	0.0146839624853	-0.00197481632332	0.0035906353246	-0.0154940637513	-0.10052963164	-0.0539045838534	0.0229427052862	0.0166580620736	0.0496500498603	-0.0140788009287	0.017050957862	-0.00174849405431
k__Bacteria;p__Bacteroidetes;c__Bacteroidia;o__Bacteroidales;f__Bacteroidaceae;g__Bacteroides;s__Bacteroides_plebeius	-0.0109616571461	0.0388612670439	-0.0709141722884	0.0075075635127	0.023693359304	-0.0320448843963	-0.0573514163073	-0.0231343675639	-0.00296902206884	-0.0362093991176	-0.0476405140499	-0.0196955979264	0.0144136946238	-0.0216188180502	-0.00111391353902	1.0	0.0347828611019	0.0509113878515	-0.0472816702413	-0.0547905212461	-0.00753285706194	-0.026806328974	0.0845977851726	-0.0204208882056	0.00663796280429	-0.0157785507643	-0.01635027914	0.111742187051	0.0228799581475	0.078141563899	0.0622196197811	0.0179334152168	0.0221910709156	0.0299345068791	-0.00314361480222	-0.0420136107063	-0.00144323385509	-0.0310958505666	-0.0151499171584	-0.0148681923618	0.00160056113233	-0.0314863117993	-0.0304811150874	-0.0114086564611	0.0276496527187	0.00149220428145	0.0112217045392	-0.0311717830467	-0.0237335184613	-0.050067920928	0.0113121060691	-0.0724750179096	-0.0141982540811	0.0477407195885	-0.0362721886633	-0.0331530413684	0.0613100396964	-0.00931242290781	-0.0088183734443
k__Bacteria;p__Bacteroidetes;c__Bacteroidia;o__Bacteroidales;f__Bacteroidaceae;g__Bacteroides;s__Bacteroides_fragilis	-0.0392978969272	0.0169295098536	-0.00251589138356	0.00284875424567	-0.0192006903662	-0.0201416742226	0.0669756702585	0.0478905198551	0.0159243264443	0.0046939356344	-0.0391130882075	-0.0572732332719	0.0601702235617	-0.0498436949917	0.0317373911514	0.0347828611019	1.0	-0.0606230310111	-0.0300475036536	-0.0690481633359	-0.00838748194765	-0.0258431285893	-0.0480078413192	-0.013426723416	-0.0451815512632	-0.0163300343946	0.0444752548138	-0.00806744062036	-0.0551892389753	-0.0126253732892	-0.0443120843711	0.0193071553448	0.0302230042476	-0.0282195171912	-0.0141004508865	0.0248997383685	-0.00454150085427	-0.0501536296743	-0.0455816050309	0.0168027400806	-0.0454802185284	0.0224924694037	-0.0341446458194	0.0792009733906	0.0245065676839	0.0580118500543	-0.0286088507556	-0.0662485485444	-0.00794425660432	-0.0164286644135	0.00493824268273	-0.00840872075343	-0.0073177717568	-0.0228012443213	-0.084691834277	-0.00338110420619	0.0165047241913	-0.0152018120046	-0.0469381154445
k__Bacteria;p__Proteobacteria;c__Betaproteobacteria;o__Burkholderiales;f__Sutterellaceae;g__Sutterella;s__Sutterella_wadsworthensis	0.00120072871679	-0.00129652006366	-0.111871105715	-0.00180060870092	-0.0215079735892	-0.0200701964704	-0.0311050355133	-0.0710310298044	-0.0272211586164	-0.0356664370506	-0.00588079306609	0.0118500951626	-0.0215962021007	-0.0251421367698	0.0332788913808	0.0509113878515	-0.0606230310111	1.0	0.000676057988747	-0.00805469490318	0.0351106464701	-0.0588027236146	0.0392057301334	0.0161513945069	0.00129797546409	-0.039945466922	0.016940723319	-0.0133565329583	0.00229399276919	0.0229114697291	0.0444479155545	0.00775552517535	-0.0418873775783	-0.00916095658298	-0.00770101524224	-0.017160669278	0.00943859468515	-0.0332716478649	0.0166423110697	-0.0328430317145	0.0194124709392	0.0155571246105	0.00877381364501	0.0173731652283	-0.0502631589138	-0.0219453447533	0.0558048467615	0.0421643200426	0.00770944310835	-0.0449439113572	0.0238190140073	-0.0107554303352	-0.065651414505	0.0323609489869	0.0186226145582	0.034030827315	-0.0104163964803	-0.0203851464683	-0.0127921394822
k__Bacteria;p__Bacteroidetes;c__Bacteroidia;o__Bacteroidales;f__Porphyromonadaceae;g__Barnesiella;s__Barnesiella_intestinihominis	-0.00826941871958	-0.0159887952506	0.00788050888348	0.026626912513	0.0622681527077	0.000865443751761	-0.0228658635113	-0.0091207678441	-0.0265393865724	-0.0450056259829	-0.0292640739228	0.00441305083195	-0.0137195762249	0.0780263490066	-0.0511928058789	-0.0472816702413	-0.0300475036536	0.000676057988746	1.0	-0.0336148213193	-0.0042863090171	0.0305595864984	-0.00635615202937	-0.0228022833461	-0.0422756829676	-0.0318228954848	-0.0174065710343	0.0210274942543	-0.0412928619851	0.0190964492893	-0.0414382033879	-0.060316528407	0.00462769152335	0.0409577233277	0.00899802836018	-0.0134550917909	0.0384314642043	0.0357882174031	-0.00581770211511	0.0330912780887	0.000756806312464	-0.00622779343095	0.00931161500552	0.061401365424	-0.024166247534	3.70521169946e-05	-0.0215767429765	0.0373126459437	-0.0279284470552	0.00109308852891	0.0341057809246	-0.106470132279	-0.0136637527539	-0.0459700855731	-0.0344813783813	0.0334140270508	-0.0418560617942	-0.00384123580273	0.0390730648933
k__Bacteria;p__Bacteroidetes;c__Bacteroidia;o__Bacteroidales;f__Odoribacteraceae;g__Odoribacter;s__Odoribacter_splanchnicus	-0.0656667819412	-0.0126318947635	0.0204370231143	0.0344212451413	-0.0526769053277	-0.0469058499952	-0.00389817070763	-0.0163799412726	0.0142623167892	0.0133121343707	-0.00384868582778	-0.0238362245438	-0.0122926167545	-0.0912104300192	-0.0569121176779	-0.0547905212461	-0.0690481633359	-0.00805469490318	-0.0336148213193	1.0	-0.0534471928284	0.0417898408173	-0.0113037939602	0.0474317768981	-0.0306599542321	0.0103660837685	-0.014202123861	-0.0351493404279	0.0253218571189	-0.02416950023	-0.045768085956	0.00538860518568	-0.0469872330935	0.0256486567013	0.000392170995133	-0.00952882765984	0.0310522095331	0.0356328588326	0.0493499841419	-0.0510288315375	-0.0370909174213	0.0256711454847	-0.00943048290927	0.0274578555979	0.0179185574545	0.0616098777095	-0.00519577010059	-0.00176088266236	0.0631921052472	0.0037911230679	-0.0335810749903	-0.0119634222065	-0.0418657182897	0.00831097695577	0.0283685700827	0.0124193411102	-0.0347492323564	-0.029901250938	-0.00102045691096
k__Bacteria;p__Bacteroidetes;c__Bacteroidia;o__Bacteroidales;f__Bacteroidaceae;g__Bacteroides;s__Bacteroides_salyersiae	0.00594720077961	0.032322213807	-0.0340314820086	0.0130442589457	0.0496847882726	-0.0648407691157	-0.0689164502307	0.0160559503347	0.00628722413007	-0.0118115703295	0.0150651300629	-0.0504063663422	0.0171870474193	0.0174233974542	0.0311569244302	-0.00753285706194	-0.00838748194765	0.0351106464701	-0.0042863090171	-0.0534471928284	1.0	-0.0377864661295	0.00428996142349	-0.0193207708716	-0.0385063973696	-0.00351663110113	0.0153095561109	-0.0123383304772	0.0164491448312	0.0117579611808	0.0294169131926	0.00298466847239	0.0122683698012	0.0275518901742	-0.0625515617288	0.0192912766891	0.0479535145451	-0.00406411364778	0.0357599947638	-0.0359605161003	-0.0242341665211	-0.0696501654024	0.0131762093927	-0.0211537751629	-0.0141375158138	0.0454254597071	-0.0191762936661	-0.0492823396782	0.0137712049238	-0.065302377537	-0.00744470149303	-0.0111594815159	-0.0477194477939	0.0405425642205	0.0274921862359	0.0280978800602	-0.00113484506406	-0.00491163506807	0.0125966571585
k__Bacteria;p__Firmicutes;c__Clostridia;o__Clostridiales;f__Ruminococcaceae;g__Ruminiclostridium;s__[Eubacterium]_siraeum	-0.0197301836446	-0.0111435708843	-0.0580128931248	-0.0358547016929	0.00654925304983	-0.0586577258343	-0.015249996374	0.0171856722776	-0.00782582627134	0.048913971367	0.0292726223115	0.00099319862173	0.0639380704167	0.0244230945073	-0.0156088819607	-0.026806328974	-0.0258431285893	-0.0588027236146	0.0305595864984	0.0417898408173	-0.0377864661295	1.0	-0.00043600869508	-0.072548501131	-0.0540974591424	0.00451318170269	-0.00734524536893	0.0323532529243	-0.0370604728228	0.0344002192737	0.0528224598322	-0.0187593901677	-0.00784514725686	-0.00329081014557	0.0251663019405	-0.0336370987725	0.00743555359413	2.34862707955e-05	-0.0437395721768	-0.0507021119723	-0.0145441607831	0.00420809746395	-0.00196654728727	-0.0131199080656	0.0292380757453	-0.0463439294498	-0.0418431805609	0.0802216883056	-0.0195659799569	-0.00637434430104	0.0129450188558	0.0281639277274	0.0273905373454	-0.0122909890804	0.0547735065145	-0.0253787249204	-0.0136021511178	-0.00397681018668	-0.079627319432
k__Bacteria;p__Proteobacteria;c__Betaproteobacteria;o__Burkholderiales;f__Sutterellaceae;g__Parasutterella;s__Parasutterella_excrementihominis	0.0110477709953	0.00415759432189	-0.0240725641647	-0.0228898154526	0.00548610787764	0.0233289509191	0.0180695144483	-7.28501301974e-05	-0.0117068171613	0.0157365460745	-0.0359889725083	0.0169287614798	-0.0389071032206	0.00430935322552	-0.0237488584094	0.0845977851726	-0.0480078413192	0.0392057301334	-0.00635615202937	-0.0113037939602	0.00428996142349	-0.00043600869508	1.0	-0.0138290564928	-0.00763621269009	0.0281751527068	-0.0303382782382	0.0853712908502	0.0412234084258	-0.0378707983946	-0.0370021661753	-0.060817198476	-0.0129954836577	-0.0217432116593	0.0193754691376	-0.0166098931757	0.0216482485918	0.0358659038053	-0.015100308565	0.0359538590976	0.0420357730309	0.0318676450415	-0.0257829861713	-0.0741851064817	-0.0204927213659	0.0274633080462	0.0444190826347	0.0386287181337	-0.0884936286325	-0.00753422731974	-0.0179048444645	-0.0195674831799	0.0216283701954	0.052768786931	-0.0373820759096	-0.0180912802516	-0.0229968890636	-0.0412746102939	-0.0614748362821
k__Bacteria;p__Actinobacteria;c__Actinobacteria;o__Bifidobacteriales;f__Bifidobacteriaceae;g__Bifidobacterium;s__Bifidobacterium_adolescentis	0.0171987781854	-0.0622352023644	-0.0364976172985	-0.00476871547869	0.0113199127066	-0.0879649039609	0.0161479053931	0.0211525058052	0.0615585582242	0.000821657662818	-0.078363863594	-0.0274715222734	-0.0449997771309	-0.0476558132126	-0.0555169902292	-0.0204208882056	-0.013426723416	0.0161513945069	-0.0228022833461	0.0474317768981	-0.0193207708716	-0.072548501131	-0.0138290564928	1.0	-0.0183039384453	-0.0178969905404	-0.0347455104722	0.102605152778	-0.00866948517	-0.0201890263133	0.0458023218216	0.0140179858724	0.00612210452473	-0.0386597221576	-0.0385256914683	-0.0467432012773	0.056681079147	-0.0682473142019	0.0233409002719	-0.0182088774441	0.0195495266954	-0.019079299779	0.0442437565711	-0.0143788015534	-0.00216114869233	-0.0496370534633	0.0272791890516	-0.00261924639678	-0.0186299640659	0.00420760493992	0.00475464148237	0.00801820644756	-0.0526322229717	0.016944826372	-0.0442054218566	-0.0417654021472	-0.0227710699222	-0.00607237934344	-0.0377435044189
k__Bacteria;p__Firmicutes;c__Clostridia;o__Clostridiales;f__Oscillospiraceae;g__Oscillibacter;s__Oscillibacter_sp._KLE_1745	0.0557658252115	0.00588549372204	0.0186327434617	-0.0817263923886	-0.0845787490918	-0.0518076856101	-0.0381481458367	0.00304632755697	0.0179231278617	0.0207175669522	0.0250847042325	-0.0702463124848	-0.0182594712511	0.011736368551	-0.00143351687517	0.00663796280429	-0.0451815512632	0.00129797546409	-0.0422756829676	-0.0306599542321	-0.0385063973696	-0.0540974591424	-0.00763621269009	-0.0183039384453	1.0	-0.0223341484578	-0.0490754365662	-0.00546080224785	-0.031292883782	0.0489505269975	0.0235099712278	0.0364061813814	-0.00459007300696	-0.0460690856594	0.0315139180972	0.0101755644501	0.0715011004226	0.0172298559302	-0.0229925475506	-0.00876153330603	0.0136025941152	0.00344527401227	-0.0141708927113	-0.0553675578251	0.00689154486107	-0.0434561186208	-0.0354354425827	-0.113265271026	-0.0209902210266	0.0181066604079	0.0163889819076	-0.00660213028238	-0.0150254139639	-0.0112098408223	-0.0511787411926	-0.0410720232066	-0.013832830027	-0.00491932342847	-0.0378662197942
k__Bacteria;p__Bacteroidetes;c__Bacteroidia;o__Bacteroidales;f__Bacteroidaceae;g__Bacteroides;s__Bacteroides_coprophilus	-0.0475916936823	-0.058781548166	0.0133717596694	-0.0603301421772	-0.0626196614677	-0.0136775031288	-0.00447664975846	0.00684973119802	0.0222671138136	-0.0209618841661	0.0482155887467	-0.0565856733222	0.0317873529804	0.0101717914683	-0.0130224890036	-0.0157785507643	-0.0163300343946	-0.039945466922	-0.0318228954848	0.0103660837685	-0.00351663110113	0.00451318170269	0.0281751527068	-0.0178969905404	-0.0223341484578	1.0	0.0114972032495	0.0280204653105	-0.0549100938031	-0.0146908446606	-0.0332528483172	-0.075923449998	-0.0554330838345	0.00525889771025	0.00446306580314	0.00983255104984	-0.00349149299567	-0.0236854071309	-0.0718190716373	0.0509819451642	-0.0664428588246	-0.0200380451488	-0.0623230072204	-0.00489649067778	-0.0315645192058	0.0478545411332	-0.0293143355563	-0.0272451103089	0.0265779283761	-0.0540275913456	-0.0371442678585	0.0518974755296	-0.00763475632586	-0.00740232627666	0.0296210591111	-0.0154274434454	0.0254103760994	-0.0323137446459	-0.00711077789842
k__Bacteria;p__Firmicutes;c__Clostridia;o__Clostridiales;f__Lachnospiraceae;g__Roseburia;s__Roseburia_intestinalis	0.00901498385929	0.0105813780574	-0.0713604407743	0.0299875511146	0.0301054547371	0.0211622170409	-0.0179459262842	-0.0144346346502	-0.0384612212556	0.0196675447366	0.0409627893798	0.0613663093543	-0.00517348199121	0.0301064439161	-0.0358725626414	-0.01635027914	0.0444752548138	0.016940723319	-0.0174065710343	-0.014202123861	0.0153095561109	-0.00734524536893	-0.0303382782382	-0.0347455104722	-0.0490754365662	0.0114972032495	1.0	-0.0507632976266	-0.0455206143146	0.0189560447731	0.00710636362983	-0.0138612691723	-0.0076900009928	-0.0648343364904	0.0221538024784	-0.0266555128636	-0.048235338691	0.00856909970481	0.0301858759913	-0.0254201222905	-0.00529671268053	-0.00379467241792	-0.0157888894202	-0.0104214272407	-0.0313486830703	-0.0481525845189	-0.0325842742819	-0.0277841039006	-0.0574540400206	-0.011162025468	-0.0362514938005	-0.0563976623469	-0.0591296799733	-0.0374578565379	0.0196884211701	0.043415110129	-0.0121417779523	-0.002765298433	-0.0148313789389
k__Bacteria;p__Firmicutes;c__Clostridia;o__Clostridiales;f__Lachnospiraceae;g__Roseburia;s__Roseburia_hominis	-0.0785406555683	0.0296243437761	-0.0171376518191	0.0364549303078	0.00976525997657	0.0175746422748	-0.0159764585851	-0.0483083364664	-0.0591111661071	-0.0202308141571	-0.0393758353255	-0.0191687274054	-0.0453036589352	-0.0445552430948	-0.0725019288928	0.111742187051	-0.00806744062036	-0.0133565329583	0.0210274942543	-0.0351493404279	-0.0123383304772	0.0323532529243	0.0853712908502	0.102605152778	-0.00546080224785	0.0280204653105	-0.0507632976266	1.0	0.0840182670713	-0.0479194452826	0.0347635410261	0.0489909930808	-0.0220933351632	-0.0464008369202	-0.00823726202634	0.0220304469382	-0.0225724309084	0.0131998267497	0.0589923764527	0.0529288885856	-0.0780093198238	0.00766666976915	0.0472313491496	-0.00395472077936	0.031327714991	-0.0541883056633	-0.0188517888044	-0.0145626115031	0.0370490468365	0.048131292301	0.00855082107568	0.0127713011699	-0.021009996726	-0.00176528360678	-0.010693031265	-0.0583660318858	0.00901931001757	-0.0367996941149	0.0156151106038
k__Bacteria;p__Bacteroidetes;c__Bacteroidia;o__Bacteroidales;f__Porphyromonadaceae;g__Parabacteroides;s__Parabacteroides_johnsonii	0.0169870813441	0.0498726794167	0.0249016777826	-0.00672322641747	0.00790960891198	-0.0654638391876	-0.0565347727317	-0.0382983291478	-0.0442640533199	-0.0214919651957	-0.0291500436331	0.00505271829078	-0.0228719530256	-0.0271175339242	-0.0164668271572	0.0228799581475	-0.0551892389753	0.00229399276919	-0.0412928619851	0.0253218571189	0.0164491448312	-0.0370604728228	0.0412234084258	-0.00866948517	-0.031292883782	-0.0549100938031	-0.0455206143146	0.0840182670713	1.0	-0.010060817841	-0.0123142336106	-0.0120544766789	-0.00660033271022	0.00578003339739	0.0235639558269	-0.00713666667613	0.015559505865	-0.131589377988	-0.0293935586019	-0.00193884536878	-0.0294520331618	-0.0434258623729	0.0706751546425	-0.0133053423932	-0.0560836341299	0.0163390281871	0.00753564897208	-0.0456943567731	-0.0452360078942	-0.0462115914479	-0.00406578862716	-0.0196453037652	-0.00588370010299	-0.0380195194883	0.0316253428922	-0.042281144551	-0.0574190552198	0.0751944113151	-0.0127303863785
k__Bacteria;p__Actinobacteria;c__Actinobacteria;o__Bifidobacteriales;f__Bifidobacteriaceae;g__Bifidobacterium;s__Bifidobacterium_longum	0.0199981486231	0.0524206023473	-0.0405658962379	-0.0750884716737	0.0270353741139	-0.021482741854	0.00522243431654	0.016107723638	0.0148292677097	0.0150985598229	0.016359352795	0.0338495658526	-0.0141690548375	-0.00658358529134	-0.0195411579126	0.078141563899	-0.0126253732892	0.0229114697291	0.0190964492893	-0.02416950023	0.0117579611808	0.0344002192737	-0.0378707983946	-0.0201890263133	0.0489505269975	-0.0146908446606	0.0189560447731	-0.0479194452826	-0.010060817841	1.0	0.0324567864776	-0.0286199580274	-0.0585877322816	0.0451298767616	0.00982683396023	0.00731944879131	-0.0257608267601	-0.0303484116731	0.0335071572351	-0.060112202408	-0.0512487876933	-0.0368257882638	0.0152116126131	-0.0260115097279	-0.0192125484839	0.0200222113225	0.00987909286428	-0.0299887314761	0.051078772969	-0.05286158566	0.00704463572668	-0.0313462696982	-0.0344607921509	-0.0941782864766	-5.25790669656e-05	-0.0923978092216	0.0379717612502	-0.00501451489674	-0.0323024686241
