#taxonomy	k__Bacteria;p__Bacteroidetes;c__Bacteroidia;o__Bacteroidales;f__Bacteroidaceae;g__Bacteroides;s__Bacteroides_vulgatus	k__Bacteria;p__Bacteroidetes;c__Bacteroidia;o__Bacteroidales;f__Bacteroidaceae;g__Bacteroides;s__Bacteroides_uniformis	k__Bacteria;p__Bacteroidetes;c__Bacteroidia;o__Bacteroidales;f__Rikenellaceae;g__Alistipes;s__Alistipes_putredinis	k__Bacteria;p__Bacteroidetes;c__Bacteroidia;o__Bacteroidales;f__Prevotellaceae;g__Prevotella;s__Prevotella_copri	k__Bacteria;p__Bacteroidetes;c__Bacteroidia;o__Bacteroidales;f__Bacteroidaceae;g__Bacteroides;s__Bacteroides_stercoris	k__Bacteria;p__Bacteroidetes;c__Bacteroidia;o__Bacteroidales;f__Bacteroidaceae;g__Bacteroides;s__Bacteroides_ovatus	k__Bacteria;p__Bacteroidetes;c__Bacteroidia;o__Bacteroidales;f__Rikenellaceae;g__Alistipes;s__Alistipes_shahii	k__Bacteria;p__Firmicutes;c__Clostridia;o__Clostridiales;f__Ruminococcaceae;g__Faecalibacterium;s__Faecalibacterium_prausnitzii	k__Bacteria;p__Bacteroidetes;c__Bacteroidia;o__Bacteroidales;f__Rikenellaceae;g__Alistipes;s__Alistipes_finegoldii	k__Bacteria;p__Bacteroidetes;c__Bacteroidia;o__Bacteroidales;f__Porphyromonadaceae;g__Parabacteroides;s__Parabacteroides_distasonis	k__Bacteria;p__Bacteroidetes;c__Bacteroidia;o__Bacteroidales;f__Bacteroidaceae;g__Bacteroides;s__Bacteroides_thetaiotaomicron	k__Bacteria;p__Bacteroidetes;c__Bacteroidia;o__Bacteroidales;f__Bacteroidaceae;g__Bacteroides;s__Bacteroides_coprocola	k__Bacteria;p__Bacteroidetes;c__Bacteroidia;o__Bacteroidales;f__Bacteroidaceae;g__Bacteroides;s__Bacteroides_cellulosilyticus	k__Bacteria;p__Bacteroidetes;c__Bacteroidia;o__Bacteroidales;f__Rikenellaceae;g__Alistipes;s__Alistipes_obesi	k__Bacteria;p__Firmicutes;c__Clostridia;o__Clostridiales;f__Lachnospiraceae;g__;s__[Eubacterium]_rectale	k__Bacteria;p__Bacteroidetes;c__Bacteroidia;o__Bacteroidales;f__Bacteroidaceae;g__Bacteroides;s__Bacteroides_plebeius	k__Bacteria;p__Bacteroidetes;c__Bacteroidia;o__Bacteroidales;f__Bacteroidaceae;g__Bacteroides;s__Bacteroides_fragilis	k__Bacteria;p__Proteobacteria;c__Betaproteobacteria;o__Burkholderiales;f__Sutterellaceae;g__Sutterella;s__Sutterella_wadsworthensis	k__Bacteria;p__Bacteroidetes;c__Bacteroidia;o__Bacteroidales;f__Porphyromonadaceae;g__Barnesiella;s__Barnesiella_intestinihominis	k__Bacteria;p__Bacteroidetes;c__Bacteroidia;o__Bacteroidales;f__Odoribacteraceae;g__Odoribacter;s__Odoribacter_splanchnicus	k__Bacteria;p__Bacteroidetes;c__Bacteroidia;o__Bacteroidales;f__Bacteroidaceae;g__Bacteroides;s__Bacteroides_salyersiae	k__Bacteria;p__Firmicutes;c__Clostridia;o__Clostridiales;f__Ruminococcaceae;g__Ruminiclostridium;s__[Eubacterium]_siraeum	k__Bacteria;p__Proteobacteria;c__Betaproteobacteria;o__Burkholderiales;f__Sutterellaceae;g__Parasutterella;s__Parasutterella_excrementihominis	k__Bacteria;p__Actinobacteria;c__Actinobacteria;o__Bifidobacteriales;f__Bifidobacteriaceae;g__Bifidobacterium;s__Bifidobacterium_adolescentis	k__Bacteria;p__Firmicutes;c__Clostridia;o__Clostridiales;f__Oscillospiraceae;g__Oscillibacter;s__Oscillibacter_sp._KLE_1745	k__Bacteria;p__Bacteroidetes;c__Bacteroidia;o__Bacteroidales;f__Bacteroidaceae;g__Bacteroides;s__Bacteroides_coprophilus	k__Bacteria;p__Firmicutes;c__Clostridia;o__Clostridiales;f__Lachnospiraceae;g__Roseburia;s__Roseburia_intestinalis	k__Bacteria;p__Firmicutes;c__Clostridia;o__Clostridiales;f__Lachnospiraceae;g__Roseburia;s__Roseburia_hominis	k__Bacteria;p__Bacteroidetes;c__Bacteroidia;o__Bacteroidales;f__Porphyromonadaceae;g__Parabacteroides;s__Parabacteroides_johnsonii	k__Bacteria;p__Actinobacteria;c__Actinobacteria;o__Bifidobacteriales;f__Bifidobacteriaceae;g__Bifidobacterium;s__Bifidobacterium_longum	k__Bacteria;p__Firmicutes;c__Clostridia;o__Clostridiales;f__;g__Flavonifractor;s__Flavonifractor_plautii	k__Bacteria;p__Firmicutes;c__Clostridia;o__Clostridiales;f__Clostridiaceae;g__Clostridium;s__Clostridium_phoceensis	k__Bacteria;p__Verrucomicrobia;c__Verrucomicrobiae;o__Verrucomicrobiales;f__Akkermansiaceae;g__Akkermansia;s__Akkermansia_muciniphila	k__Bacteria;p__Bacteroidetes;c__Bacteroidia;o__Bacteroidales;f__Prevotellaceae;g__Paraprevotella;s__Paraprevotella_xylaniphila	k__Bacteria;p__Firmicutes;c__Clostridia;o__Clostridiales;f__Ruminococcaceae;g__Ruminococcus;s__Ruminococcus_callidus	k__Bacteria;p__Bacteroidetes;c__Bacteroidia;o__Bacteroidales;f__Rikenellaceae;g__Alistipes;s__Alistipes_senegalensis	k__Bacteria;p__Firmicutes;c__Clostridia;o__Clostridiales;f__Lachnospiraceae;g__Blautia;s__Blautia_sp._KLE_1732	k__Bacteria;p__Bacteroidetes;c__Bacteroidia;o__Bacteroidales;f__Bacteroidaceae;g__Bacteroides;s__Bacteroides_oleiciplenus	k__Bacteria;p__Firmicutes;c__Clostridia;o__Clostridiales;f__Ruminococcaceae;g__Ruminococcus;s__Ruminococcus_bicirculans	k__Bacteria;p__Bacteroidetes;c__Bacteroidia;o__Bacteroidales;f__Bacteroidaceae;g__Bacteroides;s__Bacteroides_fluxus	k__Bacteria;p__Bacteroidetes;c__Bacteroidia;o__Bacteroidales;f__Prevotellaceae;g__Prevotella;s__Prevotella_stercorea	k__Bacteria;p__Firmicutes;c__Clostridia;o__Clostridiales;f__Lachnospiraceae;g__Dorea;s__Dorea_longicatena	k__Bacteria;p__Firmicutes;c__Clostridia;o__Clostridiales;f__Eubacteriaceae;g__Eubacterium;s__[Eubacterium]_eligens	k__Bacteria;p__Firmicutes;c__Clostridia;o__Clostridiales;f__Ruminococcaceae;g__;s__Ruminococcaceae_bacterium_D16	k__Bacteria;p__Firmicutes;c__Clostridia;o__Clostridiales;f__Lachnospiraceae;g__Coprococcus;s__Coprococcus_comes	k__Bacteria;p__Proteobacteria;c__Gammaproteobacteria;o__Enterobacterales;f__Enterobacteriaceae;g__Escherichia;s__Escherichia_coli	k__Bacteria;p__Firmicutes;c__Clostridia;o__Clostridiales;f__Ruminococcaceae;g__Anaerotruncus;s__Anaerotruncus_colihominis	k__Bacteria;p__Firmicutes;c__Clostridia;o__Clostridiales;f__Lachnospiraceae;g__Blautia;s__Blautia_obeum	k__Bacteria;p__Bacteroidetes;c__Bacteroidia;o__Bacteroidales;f__Odoribacteraceae;g__Odoribacter;s__Odoribacter_laneus	k__Bacteria;p__Firmicutes;c__Clostridia;o__Clostridiales;f__Ruminococcaceae;g__Ruminiclostridium;s__[Clostridium]_leptum	k__Bacteria;p__Bacteroidetes;c__Bacteroidia;o__Bacteroidales;f__Porphyromonadaceae;g__Parabacteroides;s__Parabacteroides_goldsteinii	k__Bacteria;p__Firmicutes;c__Clostridia;o__Clostridiales;f__Lachnospiraceae;g__Anaerostipes;s__Anaerostipes_hadrus	k__Bacteria;p__Firmicutes;c__Clostridia;o__Clostridiales;f__Ruminococcaceae;g__Ruminococcus;s__Ruminococcus_lactaris	k__Bacteria;p__Firmicutes;c__Clostridia;o__Clostridiales;f__Clostridiaceae;g__Clostridium;s__Clostridium_sp._L2-50	k__Bacteria;p__Firmicutes;c__Clostridia;o__Clostridiales;f__Clostridiaceae;g__Clostridium;s__Clostridium_sp._M62/1	k__Bacteria;p__Firmicutes;c__Clostridia;o__Clostridiales;f__;g__Intestinimonas;s__Intestinimonas_butyriciproducens	k__Bacteria;p__Actinobacteria;c__Actinobacteria;o__Bifidobacteriales;f__Bifidobacteriaceae;g__Bifidobacterium;s__Bifidobacterium_bifidum	k__Bacteria;p__Firmicutes;c__Negativicutes;o__Veillonellales;f__Veillonellaceae;g__Dialister;s__Dialister_invisus	k__Bacteria;p__Bacteroidetes;c__Bacteroidia;o__Bacteroidales;f__Bacteroidaceae;g__Bacteroides;s__Bacteroides_salanitronis
k__Bacteria;p__Bacteroidetes;c__Bacteroidia;o__Bacteroidales;f__Bacteroidaceae;g__Bacteroides;s__Bacteroides_vulgatus	1.0	0.0169003537561	-0.00470406042164	0.0132744738572	-0.0830553286838	-0.0733658965381	-0.0146531474035	-0.0232030232556	-0.0910138535735	0.0343140782868	0.0594140690691	0.0110031511213	-0.00312650656173	-0.00527485153093	0.0698328438479	0.0183922149302	0.0398510424176	0.0390395429101	0.00926206975047	-0.0283437665011	0.0116140951271	-0.0076152042667	-0.0733181148865	-0.0522990454814	-0.0625903726009	0.0147755134252	0.0737237204897	-0.0234316704136	0.0335818938072	-0.0637864225568	-0.00581535878336	-0.0244466437285	0.00207840511157	0.0440864817298	-0.0020372971597	-0.0532634132797	0.0362096169839	0.0297315552825	-0.0855617425545	-0.0184830900236	0.0126372539131	0.0194565319524	0.0203007097307	-0.0521926420763	-0.0456400776344	0.00848155377104	-0.0214531896028	-0.0369354125207	0.0231752718247	0.0193376186555	-0.00028278804478	-0.00132717997614	0.0751463911871	-0.0335087901917	0.0373729302553	0.0115442213835	-0.0401099221822	0.055244574518	-0.0893092611515
k__Bacteria;p__Bacteroidetes;c__Bacteroidia;o__Bacteroidales;f__Bacteroidaceae;g__Bacteroides;s__Bacteroides_uniformis	0.0169003537561	1.0	0.0534389319103	0.0439840585311	0.0213893174656	-0.0264260869992	0.0458011144415	-0.0374992131182	-0.00174480811271	0.0106231380146	-0.0237640171782	0.0046555497793	-0.00416064241577	-0.0435782524348	0.0231046290486	0.0243652145758	-0.0704223024975	-0.0643226483612	-0.0379182153984	-0.00352234606531	0.0367789777928	0.0261049525248	0.021322278479	-0.0563309139753	-0.00298762866019	0.00801808287532	0.0472057627621	-0.0240043878665	0.0282115383203	0.0671659388052	-0.0286185702034	-0.0120038607245	0.00238039536684	-0.0842077649818	-0.0642174854588	-0.0213012833815	0.0352109166598	-0.0123603515875	-0.00078240581256	0.0267884234882	-0.0204712614079	0.0502194950944	-0.039795795103	-0.0713315213861	0.0259679549879	-0.0127380468324	-0.0561724142537	-0.063408853032	-0.0538688560904	-0.0378201679151	0.0274135969352	-0.0387737695708	0.0355816776416	0.0433015237409	0.0521156277233	-0.0130197641003	0.020417791269	-0.0301174707927	-0.0550089252547
k__Bacteria;p__Bacteroidetes;c__Bacteroidia;o__Bacteroidales;f__Rikenellaceae;g__Alistipes;s__Alistipes_putredinis	-0.00470406042164	0.0534389319103	1.0	0.00850408480477	-0.0411225246286	-0.0197706288428	0.00251956024719	-0.00858289808736	-0.0346125463415	0.00287889556805	-0.0464216439939	-0.0228935228297	-0.00281940961122	-0.0571820380466	-0.0154334063622	-0.019916221332	-0.00432382103143	-0.0152086029827	-0.0177511302627	-0.089589214409	-0.0165480699935	-0.0149293843141	-0.0104080669722	-0.00406780168152	0.0559897705986	0.0300400709093	-0.0505231237714	-0.00139955323562	-0.0637033054478	-0.0994974315856	0.0103236990601	0.00978061691716	0.0252607575161	0.016576347866	0.000268110378839	-0.0605707854962	0.0349738722728	-0.0582518686332	-0.0213316602886	-0.0516577004915	0.0384862393127	-0.0292248326342	-0.0242130087671	0.0085082813898	0.028325497618	0.0428797242105	-0.022649636666	0.0439894271614	0.0148912827251	-0.0495109478313	-0.0382576320828	0.000831790200611	0.0168832347351	-0.00800323789009	-0.00972393412541	0.000470033922513	0.0227009968734	-0.0347838873425	-0.025335541842
k__Bacteria;p__Bacteroidetes;c__Bacteroidia;o__Bacteroidales;f__Prevotellaceae;g__Prevotella;s__Prevotella_copri	0.0132744738572	0.0439840585311	0.00850408480477	1.0	-0.0286596075247	0.0181147465572	-0.0235803966273	-0.0192048600619	0.0282488702641	0.0117755758276	-0.00211047044947	0.043240509556	0.049023491045	-0.0322197687631	-0.0194025268718	0.0218276373291	-0.00359733067381	-0.020727034032	0.0048823831975	0.0391924292265	-0.035712197319	-0.0383412271632	-0.05671794645	0.038381475011	-0.0680364067978	-0.0280595421867	-0.0593959848707	-0.00919487098641	-0.0223274601381	0.0844079756101	-0.0355555191037	-0.0170207822718	0.0282000886094	-0.0914566044282	0.0552786508694	-0.000260291527671	0.00600297958461	-0.02881489736	-0.0256861474844	-0.0386474308209	-0.00499831440972	-0.00980234260216	-0.040456916965	-0.0104995212399	0.0158488765265	-0.00907533106868	0.000763910166884	-0.0476654729903	-0.0122501523677	-0.0207826927581	0.0102917632182	0.0616344839305	-0.0219770541645	0.000976764581149	-0.0443985553871	0.0536387149785	-0.0290471497451	0.0142649996739	-0.0105176614853
k__Bacteria;p__Bacteroidetes;c__Bacteroidia;o__Bacteroidales;f__Bacteroidaceae;g__Bacteroides;s__Bacteroides_stercoris	-0.0830553286838	0.0213893174656	-0.0411225246286	-0.0286596075247	1.0	-0.0532219915043	0.00809813510455	0.0109185149591	0.0763917483602	0.0535098152057	-0.0562158312054	-0.0109485982111	0.0273669350262	-0.0300423409195	0.0140905438786	-0.0764219517132	0.0149924694987	-0.00780401188326	-0.0234406973444	-0.0410715414875	-0.0633544823839	-0.00443149832265	-0.0457962371272	0.0246630682484	0.0259586259185	0.00745109600917	-0.0510433727301	0.0475959660772	-0.054712118402	0.0210105092871	0.0133310076483	0.0732918848858	0.0134306476367	0.0435207624216	-0.0336426437139	0.0208733234104	-0.0944717913704	0.0393619950136	0.0623537557241	-0.035487637651	0.0136447093229	-0.000402174260688	-0.000620706629612	-0.033635668869	0.0447464695551	-0.0577618061185	-0.0435195056915	-0.0467251073052	-0.0272480050806	-0.0178233398379	0.0254661902491	0.0263441184835	0.0162923051998	-0.00323642560803	0.00227695182614	-0.0468372617984	0.00687716650017	-0.032600596472	-0.041621945875
k__Bacteria;p__Bacteroidetes;c__Bacteroidia;o__Bacteroidales;f__Bacteroidaceae;g__Bacteroides;s__Bacteroides_ovatus	-0.0733658965381	-0.0264260869992	-0.0197706288428	0.0181147465572	-0.0532219915043	1.0	-0.0342774317333	-0.00790764949727	0.0211500957748	-0.0472140760098	-0.000547892796935	-0.00856298668756	-0.0156633312662	-0.0581043286768	-0.0433925777862	0.0155390793237	0.0240762408861	-0.000251502549014	-0.0237557558725	-0.078926238621	0.00477019439934	0.0153387665523	-0.0066487156172	0.015377115636	-0.0315995245837	0.0528661375912	-0.0257091105419	0.00789869012194	-0.0286486314719	0.00425475481976	-0.0193107760103	-0.020381448188	0.0818278881009	-0.0339416648047	0.014764582825	0.027723745868	-0.0176608498726	0.0451317540176	-0.0734764462371	0.00671671860959	-0.017378546574	-0.0291988158865	0.0231530677375	-0.0355956968974	-0.0299989827779	-0.0211401661794	-0.00980962437062	-0.0187271105978	-0.0771800833809	-0.045806352952	-0.0486707320091	0.0198884469014	0.0246488103142	0.0109702671254	0.0673822127045	0.00418325527386	0.000453838300213	0.00954905592532	-0.0231307026629
k__Bacteria;p__Bacteroidetes;c__Bacteroidia;o__Bacteroidales;f__Rikenellaceae;g__Alistipes;s__Alistipes_shahii	-0.0146531474035	0.0458011144415	0.00251956024719	-0.0235803966273	0.00809813510455	-0.0342774317333	1.0	0.00376285985121	0.0569508013944	-0.0662304646978	-0.0212741520687	0.00379384354119	0.0215553057562	0.0438385803898	-0.0348563337226	0.0130901516201	0.0236011069677	-0.0542830035504	0.014625067466	0.0368497394566	-0.041221705724	-0.0189413108859	0.0753270538246	0.00712442029022	-0.0146573202289	-0.0284876527535	0.00281134856989	-0.0335174476869	0.0138975211426	-0.0787896998537	-0.0642329728354	-0.00890387914818	-0.0251416940636	0.00895543032791	-0.0752794704572	-0.0336490491406	-0.0552705007272	-0.00443317742731	0.0764935748953	0.0631450865395	-0.035718819277	0.0119359374474	-0.0464910698798	-0.0243073395679	-0.0159360582721	-0.0565026435105	-0.00603791978583	-0.0430825958408	0.0671600320027	0.0248399357708	-0.00430641428441	-0.0687529737567	-0.000563584978711	-0.0166943720298	-0.027654089952	-0.00567564321192	-0.00027428878216	0.0210321993483	-0.00163194987776
k__Bacteria;p__Firmicutes;c__Clostridia;o__Clostridiales;f__Ruminococcaceae;g__Faecalibacterium;s__Faecalibacterium_prausnitzii	-0.0232030232556	-0.0374992131182	-0.00858289808736	-0.0192048600619	0.0109185149591	-0.00790764949727	0.00376285985121	1.0	-0.00289055655938	-0.0931806874308	0.0170791300321	0.017865633499	-0.00572116139074	-0.0170437574338	-0.034947587678	-0.0552671718486	-0.0340068361874	-0.0512233890805	-0.0377066194053	0.0267062148052	0.0222278715919	0.0175088653868	0.0466733291322	0.00328243909591	0.00426696032286	-0.00118234929722	0.00492915156102	0.0136003921087	0.0529227609176	0.0319602955538	0.000910616041032	0.00435135746669	-0.00233849900257	0.0108100280989	0.0637477738114	-0.0148013384413	-0.0940471303928	-0.0293573211997	-0.00333591192113	-0.0517099749407	0.0108103103644	0.0125429269252	-0.0306082316258	-0.0352483074373	0.02202813819	0.0177057613505	0.0779437009887	-0.0313531316908	-0.0308664367266	0.00473715920471	0.0263027236895	0.0358051730218	-0.0154431993236	-0.0787645723468	-0.0857857370535	-0.0569673677293	-0.00352187151342	-0.00865182235763	-0.0246961313805
k__Bacteria;p__Bacteroidetes;c__Bacteroidia;o__Bacteroidales;f__Rikenellaceae;g__Alistipes;s__Alistipes_finegoldii	-0.0910138535735	-0.00174480811271	-0.0346125463415	0.0282488702641	0.0763917483602	0.0211500957748	0.0569508013944	-0.00289055655938	1.0	0.00569418219129	-0.0323140634094	-0.0586732118663	-0.0687325981844	-0.00829345498308	0.00747023950759	-0.0458278945028	-0.0215941556121	-0.0336877199268	-0.0183926767816	-0.0148581884467	-0.0540838074757	-0.0108053134052	0.0153177955322	-0.0624133981668	-0.0448529899865	-0.0628640141069	-0.0254416563026	-0.0316406287809	-0.0667974403451	-0.0200948784853	-0.0195742890006	0.0168404747749	-0.0299007894286	0.0555028767506	-0.0524522282445	-0.0425699213785	-0.0535232645074	0.0592640560145	0.0378090108958	0.0241140521853	-0.011856439924	-0.03988540163	-0.0535868461029	-0.0273445898796	0.031741803357	-0.00802711322271	0.0783623128771	0.0519514441183	0.0187377227817	0.0619931927776	-0.00347886542386	-0.0239959390577	0.0130834183631	-0.00147126959178	0.00321741208956	-0.0585662816218	0.0247020433541	-0.00804528870338	-0.035322007241
k__Bacteria;p__Bacteroidetes;c__Bacteroidia;o__Bacteroidales;f__Porphyromonadaceae;g__Parabacteroides;s__Parabacteroides_distasonis	0.0343140782868	0.0106231380146	0.00287889556805	0.0117755758276	0.0535098152057	-0.0472140760098	-0.0662304646978	-0.0931806874308	0.00569418219129	1.0	-0.0413058123282	-0.072794939248	0.00465168326976	-0.0161364630704	0.0126956295048	0.00840628055272	0.0117360611215	-0.00262380053269	-0.0135178628672	-0.0485108195386	-0.0368466930259	0.0331827838438	-0.00769462653833	-0.0166200406574	0.0526347190233	-0.00914719585298	-0.0692882208352	-0.0564592250999	-0.020441564422	-0.021460643016	-0.00063405442415	-0.0195935218596	-0.016243029329	0.0309479591179	0.0209084287562	-0.0214580608074	0.0676055810054	0.00265250410723	-0.0332766749467	-0.0373917904678	0.00892662779778	0.0154254085112	-0.0429427893602	-0.00606161591525	-0.0192809066189	0.0035342950897	0.0299313982338	0.0227347937281	-0.00161364535383	0.0182511401521	-0.0318150091949	-0.000262108963434	-0.0334972776832	0.0144619151634	-0.0703533880692	0.0163425645124	-0.00741351698063	-0.00451733464243	-0.0384920779727
k__Bacteria;p__Bacteroidetes;c__Bacteroidia;o__Bacteroidales;f__Bacteroidaceae;g__Bacteroides;s__Bacteroides_thetaiotaomicron	0.0594140690691	-0.0237640171782	-0.0464216439939	-0.00211047044947	-0.0562158312054	-0.000547892796935	-0.0212741520687	0.0170791300321	-0.0323140634094	-0.0413058123282	1.0	-0.00789598034149	-0.0686284418333	-0.0214630449151	-0.00262832630427	0.000926570198904	0.0481191929478	-0.0182115240887	-0.0474917283312	-0.0379311916577	-0.0433563666737	0.0509353952796	-0.00341797304027	0.0522104043056	0.0704657854385	0.0272188507613	0.0527977145207	-0.0752928992254	-0.0910210999583	-0.0507593876381	-0.0143008721391	-0.0218491414954	0.00733829993247	-0.003111412395	0.0208422449698	-0.0174614490271	-0.0213820449812	-0.00845901101979	-0.0304442201444	0.00878911684273	0.0068816789176	0.0371584587323	-0.0321786954832	-0.0487313026443	2.47571248628e-05	0.00189767004754	-0.0130432340064	0.0231354161393	-0.00246499474522	-0.0781651442724	0.00909002480955	-0.0457418136587	-0.0545843479705	0.019523549786	-0.0363028796553	0.0243416530351	0.00358849291963	-0.0596959953683	0.0202752829763
k__Bacteria;p__Bacteroidetes;c__Bacteroidia;o__Bacteroidales;f__Bacteroidaceae;g__Bacteroides;s__Bacteroides_coprocola	0.0110031511213	0.0046555497793	-0.0228935228297	0.043240509556	-0.0109485982111	-0.00856298668756	0.00379384354119	0.017865633499	-0.0586732118663	-0.072794939248	-0.00789598034149	1.0	0.042250851221	-0.0199912284436	-0.00755466518056	-0.00713865819865	-0.0507820326631	0.0132610182042	-0.060380626535	0.00305443950654	0.0482513551909	0.035809306653	0.0132131045895	-0.0317466559011	-0.0395774114828	-0.0211208285653	-0.0167400366524	-0.00780188162094	-0.00619095190941	-0.0521175645246	-0.00499793493884	-0.05290285871	0.00604544744376	-0.00674276054025	-0.0343048112455	0.132525149509	-0.024592365287	0.0238007461427	-0.00177229809885	-0.00498764057292	0.000322346453056	-0.0953997918568	-0.000674078968581	-0.0151406553776	-0.0358574306241	-0.0344342137157	-0.0598013294249	-0.0311189641165	-0.061376206798	-0.0660395001737	0.0372880372733	-0.053944638837	-0.033454193556	0.00360842402513	0.011439339953	-0.027401477608	-0.0313330786408	0.0407823248011	-0.0480930602327
k__Bacteria;p__Bacteroidetes;c__Bacteroidia;o__Bacteroidales;f__Bacteroidaceae;g__Bacteroides;s__Bacteroides_cellulosilyticus	-0.00312650656173	-0.00416064241577	-0.00281940961122	0.049023491045	0.0273669350262	-0.0156633312662	0.0215553057562	-0.00572116139074	-0.0687325981844	0.00465168326976	-0.0686284418333	0.042250851221	1.0	0.0460041214112	-0.0295795650271	-0.0442275670586	-0.0287491010017	-0.0162164165926	-0.0337258337672	0.0394533973761	-0.0291102158344	0.0581355473187	0.0188276802865	0.0671376086827	-0.0242420247233	-0.0269036964848	-0.0140173079796	0.0657653534622	-0.025146917565	0.0172494077671	0.0269742260624	-0.0420192145776	0.0516402480839	0.0181790366167	-0.0451211885373	-0.0296911470659	0.0328130007123	-0.0715772223103	-0.0308890061386	-0.0180806939517	-0.00782361943545	-0.0330615364986	0.0461911478574	-0.0286267748527	-0.0425758860813	-0.0854648306393	-0.0144706170952	-0.015176136181	-0.0478078028838	-0.00194982735646	-0.086217711077	-0.0773609142458	-0.0394237677036	0.0428212259708	0.0105047187019	-0.0154020913663	-0.00836717774978	-0.0218337086489	-0.0248191476956
k__Bacteria;p__Bacteroidetes;c__Bacteroidia;o__Bacteroidales;f__Rikenellaceae;g__Alistipes;s__Alistipes_obesi	-0.00527485153093	-0.0435782524348	-0.0571820380466	-0.0322197687631	-0.0300423409195	-0.0581043286768	0.0438385803898	-0.0170437574338	-0.00829345498308	-0.0161364630704	-0.0214630449151	-0.0199912284436	0.0460041214112	1.0	-0.073352113962	0.00214155341421	-0.031220091096	0.00325484057477	0.0326499283681	0.00796936718495	-0.0279710404434	0.0141167650681	-0.0229825828858	0.00507573877368	0.0147584554043	0.00235942749212	-0.0620541682209	0.0758338825856	-0.0649737768545	0.0333314440747	-0.0331007932778	-0.0111654593958	0.0114122018575	0.0340473013672	-0.0446807265529	-0.00512282995969	0.0163740758062	0.0589012601623	0.00870136088863	-0.0195965077299	0.0569859357189	0.0107600470878	0.0237516369475	-0.0127776372502	-0.0172746786857	0.00288719124669	-0.0551504488626	0.0447280955056	0.0085425156297	0.00682374293941	-0.0118854732206	-0.0730285505163	-0.0254739943684	0.00686278316657	-0.0201744688415	0.049650009289	0.0202371433764	-0.0494751759151	0.0363276397142
k__Bacteria;p__Firmicutes;c__Clostridia;o__Clostridiales;f__Lachnospiraceae;g__;s__[Eubacterium]_rectale	0.0698328438479	0.0231046290486	-0.0154334063622	-0.0194025268718	0.0140905438786	-0.0433925777862	-0.0348563337226	-0.034947587678	0.00747023950759	0.0126956295048	-0.00262832630427	-0.00755466518056	-0.0295795650271	-0.073352113962	1.0	-0.0467685091789	-0.0131400528448	0.00948090527697	-0.0150880089054	0.0378710897658	0.0520852284651	-0.0305556781478	-0.00444611195296	0.0132676596179	0.0310246737837	0.0257477626918	0.00426802850924	-0.0442137215401	0.0202699203642	0.0173265891816	-0.0858928602191	-0.0398621672123	0.00828370858995	-0.0340876082319	0.0295989335887	-0.0150741681696	-0.0261678873324	-0.0374970865556	0.0266302501541	-0.0278690115616	0.0109277868543	-0.0193447570369	0.000308365289003	0.0831865140855	-0.0181579467133	-0.0126497863023	0.0124504449613	-0.0572693262206	-0.0523161523963	-0.00910820805953	-0.00336099981189	-0.0424910962731	-0.0301535886262	-0.0795961183395	0.00167832656784	-0.00796463208628	-0.0145011249452	0.00483477604631	0.0324371811634
k__Bacteria;p__Bacteroidetes;c__Bacteroidia;o__Bacteroidales;f__Bacteroidaceae;g__Bacteroides;s__Bacteroides_plebeius	0.0183922149302	0.0243652145758	-0.019916221332	0.0218276373291	-0.0764219517132	0.0155390793237	0.0130901516201	-0.0552671718486	-0.0458278945028	0.00840628055272	0.000926570198904	-0.00713865819865	-0.0442275670586	0.00214155341421	-0.0467685091789	1.0	-0.0367543997793	-0.0544069075716	-0.0403802763012	-0.0765533351534	-0.0530492526512	0.0185936538736	-0.0216708674652	-0.018505428268	-0.0151237620697	0.0267943032329	-0.0290901303449	0.0373210854705	0.0158529771268	0.0485399267421	-0.0104664399547	-0.0417262870555	0.0357885369098	-0.0217783103413	-0.0434190103686	0.00717303571805	-0.00651089348967	-0.00355059441908	-0.0308055328753	-0.0341580839441	-0.0436307300984	-0.0593450558813	-0.0192837824166	0.00234368555945	-0.00129053687543	-0.0107652952138	0.0275515678662	0.0082992338129	0.00829294971816	0.0114325678881	-0.00570597740402	-0.0117661804247	0.0271548527033	-0.0654265756484	0.045744937559	0.0364939665475	-0.0309803912187	-0.0566676850433	0.0102758422729
k__Bacteria;p__Bacteroidetes;c__Bacteroidia;o__Bacteroidales;f__Bacteroidaceae;g__Bacteroides;s__Bacteroides_fragilis	0.0398510424176	-0.0704223024975	-0.00432382103143	-0.00359733067381	0.0149924694987	0.0240762408861	0.0236011069677	-0.0340068361874	-0.0215941556121	0.0117360611215	0.0481191929478	-0.0507820326631	-0.0287491010017	-0.031220091096	-0.0131400528448	-0.0367543997793	1.0	-0.0225631532184	-0.00404073679098	0.0185269999619	-0.025156048905	-0.00517982221487	0.042341952854	-0.00690163405428	0.0196311394797	0.00177213022107	-0.0121060453505	-0.0567384144838	0.0127440749743	-0.0266940639767	0.00695309946345	-0.0656974471799	-0.0449417438835	0.00271375192824	0.0258796732748	-0.0108626945461	-0.0372225316262	-0.059088514814	-0.0857832476806	-0.00492634537434	-0.00752744932893	-0.040633784783	0.0766109568402	0.05072207281	-0.00753304244941	0.0273521178959	0.0150112617223	-0.097209074652	-0.0688422393433	0.0379000704577	0.000300761134009	0.0472371067769	-0.0111059240306	0.0421140052223	-0.024254313658	-0.0667509149158	0.00160770922525	-0.038806715053	0.0428576610251
k__Bacteria;p__Proteobacteria;c__Betaproteobacteria;o__Burkholderiales;f__Sutterellaceae;g__Sutterella;s__Sutterella_wadsworthensis	0.0390395429101	-0.0643226483612	-0.0152086029827	-0.020727034032	-0.00780401188326	-0.000251502549014	-0.0542830035504	-0.0512233890805	-0.0336877199268	-0.00262380053269	-0.0182115240887	0.0132610182042	-0.0162164165926	0.00325484057477	0.00948090527697	-0.0544069075716	-0.0225631532184	1.0	-0.048517227316	-0.0213613271094	0.0580819655256	0.0239451062359	-0.0643463400156	0.024322935336	0.00333009024589	0.030258940111	0.0470946762195	0.0226807762886	-0.024893026803	0.0156574449963	-0.0854704793624	0.00543246864689	0.00874071447406	-0.0172182517976	-0.0361730533732	-0.0282077343037	-0.0121000511406	-0.0581302982949	-0.0108710356836	-0.0100925310016	-0.00982803204503	0.0201297379458	-0.0609871865582	0.0146601805417	0.031026586579	-0.0506005570653	0.0404293588766	-0.0223209131352	-0.0779833584367	0.00367071131979	-0.00129236422218	-0.0363522121165	0.0659579564539	0.0588330463766	-0.0159384162333	-0.00754300718225	0.000280587427349	-0.0402830329079	0.00206548726089
k__Bacteria;p__Bacteroidetes;c__Bacteroidia;o__Bacteroidales;f__Porphyromonadaceae;g__Barnesiella;s__Barnesiella_intestinihominis	0.00926206975047	-0.0379182153984	-0.0177511302627	0.0048823831975	-0.0234406973444	-0.0237557558725	0.014625067466	-0.0377066194053	-0.0183926767816	-0.0135178628672	-0.0474917283312	-0.060380626535	-0.0337258337672	0.0326499283681	-0.0150880089054	-0.0403802763012	-0.00404073679098	-0.048517227316	1.0	-0.050714914104	0.00159447271771	-0.0479184645231	-0.0189814139351	-0.0199927341922	-0.124932009197	0.0262585927783	-0.00670607107212	-0.0272568499042	0.0376398738834	0.0477400856662	-0.0204812826969	-0.0874355420364	-0.0663605543497	0.00747768655698	-0.0135695937736	-0.0286314230611	0.0235917809732	0.0156558919774	0.0614720893686	-0.0428261781545	-0.0300658813442	-0.0111053374696	-0.0396941272467	0.0980108851637	-0.0829245009442	0.0177471323429	-0.0365591631012	-0.0300968072811	0.0719106057555	0.05778538336	0.00371956369136	0.0463594355139	-0.0302717232265	0.0220979451354	0.0254030799551	0.0581008639571	-0.0572377857264	0.0128461297996	-0.0288006747091
k__Bacteria;p__Bacteroidetes;c__Bacteroidia;o__Bacteroidales;f__Odoribacteraceae;g__Odoribacter;s__Odoribacter_splanchnicus	-0.0283437665011	-0.00352234606531	-0.089589214409	0.0391924292265	-0.0410715414875	-0.078926238621	0.0368497394566	0.0267062148052	-0.0148581884467	-0.0485108195386	-0.0379311916577	0.00305443950654	0.0394533973761	0.00796936718495	0.0378710897658	-0.0765533351534	0.0185269999619	-0.0213613271094	-0.050714914104	1.0	-0.00620660001224	-0.0118283065778	0.0334568584371	-0.0325540500825	-0.0074201957125	-0.0238744930877	0.00558597742793	-0.0541443050949	0.0386559391698	0.0312504055425	-0.0185092052662	-0.0782051066399	0.00519783749404	-0.0225239018579	-0.0555720226411	-0.0312879357552	-0.000997082651378	-0.0337537683052	0.103019957541	0.0329919655567	-0.0644533147783	-0.0479915535784	-0.034005011408	-0.0411716183497	-0.002039444572	-0.0439765196259	-0.00351527436478	0.0331187859126	0.0418505254257	0.0120314151859	0.0290192700678	-0.0570420018133	0.0110849371077	0.034437167643	-0.0674659896863	-0.00480450488021	-0.0541821538437	0.0409881338048	-0.0147286020038
k__Bacteria;p__Bacteroidetes;c__Bacteroidia;o__Bacteroidales;f__Bacteroidaceae;g__Bacteroides;s__Bacteroides_salyersiae	0.0116140951271	0.0367789777928	-0.0165480699935	-0.035712197319	-0.0633544823839	0.00477019439934	-0.041221705724	0.0222278715919	-0.0540838074757	-0.0368466930259	-0.0433563666737	0.0482513551909	-0.0291102158344	-0.0279710404434	0.0520852284651	-0.0530492526512	-0.025156048905	0.0580819655256	0.00159447271771	-0.00620660001224	1.0	0.00113741254808	0.00432936173878	0.0331690328689	-0.0293251057736	-0.00295533217911	0.0050871091343	-0.0203021070359	0.0172331774298	0.00299979588512	-0.0247129378117	-0.0525770129581	-0.00570590285615	-0.0268230465235	-0.0105133543994	0.00409831087268	0.0166431642755	-0.0361125623171	-0.0107989928926	-0.0336518240723	0.033391220758	0.00841575547724	-0.00844319807786	0.069858564449	0.0586378975703	0.0140461439143	0.0170290076016	-0.0230459655887	0.00552190696397	-0.0795961816907	-0.0232281888535	0.00810324662024	-0.0206769514122	-0.0502722544423	-0.0282468153322	-0.0579428248992	0.00968793453451	0.0409766130069	0.00570329437382
k__Bacteria;p__Firmicutes;c__Clostridia;o__Clostridiales;f__Ruminococcaceae;g__Ruminiclostridium;s__[Eubacterium]_siraeum	-0.0076152042667	0.0261049525248	-0.0149293843141	-0.0383412271632	-0.00443149832265	0.0153387665523	-0.0189413108859	0.0175088653868	-0.0108053134052	0.0331827838438	0.0509353952796	0.035809306653	0.0581355473187	0.0141167650681	-0.0305556781478	0.0185936538736	-0.00517982221487	0.0239451062359	-0.0479184645231	-0.0118283065778	0.00113741254808	1.0	0.0142876751867	-0.0446074763866	-0.0178789552121	-0.00567833396778	0.0762733988452	0.0536317890327	-0.0570856137397	0.0117922159262	-0.0303750588893	-0.0224977747193	0.0532682391054	0.00568838311197	0.000114920267054	0.0221116792581	-0.0323040053613	-0.0438606768914	-0.0757635088021	-0.0653664154682	-0.0609240516224	0.0358966156405	0.0256969420225	-0.0243860402046	-0.00300201751888	-0.0477387563166	-0.0162635727399	-0.0398568268501	-0.0181819578452	0.00429072172513	0.0140077931062	-0.0530166846392	-0.0961827513665	-0.00532635968611	0.0345718416351	-0.0731772310053	0.0169435957361	-0.0224622682007	-0.0357568675859
k__Bacteria;p__Proteobacteria;c__Betaproteobacteria;o__Burkholderiales;f__Sutterellaceae;g__Parasutterella;s__Parasutterella_excrementihominis	-0.0733181148865	0.021322278479	-0.0104080669722	-0.05671794645	-0.0457962371272	-0.0066487156172	0.0753270538246	0.0466733291322	0.0153177955322	-0.00769462653833	-0.00341797304027	0.0132131045895	0.0188276802865	-0.0229825828858	-0.00444611195296	-0.0216708674652	0.042341952854	-0.0643463400156	-0.0189814139351	0.0334568584371	0.00432936173878	0.0142876751867	1.0	-0.0225230313862	-0.000703682624613	-0.041112640078	0.0384631435396	-0.0617521337982	0.0206827524294	0.000213515654197	-0.0177486614947	0.0482886023248	-0.100064643916	-0.0624727822751	-0.0223437122237	-0.0156301000729	-0.0504557675773	-0.0321808865768	-0.00473101416978	-0.0197395612099	0.0069432631929	0.0085723460206	0.00754632618518	-0.0661031683921	-0.000289463482431	-0.0121837989877	0.0157781612437	-0.00376587989087	-0.0611262498612	-0.100377190357	0.00217905490534	0.00800459213507	0.0471837508236	0.0180299085577	0.0213982157582	-0.062284755294	-0.0381926352129	-0.0271989577507	0.0369244292015
k__Bacteria;p__Actinobacteria;c__Actinobacteria;o__Bifidobacteriales;f__Bifidobacteriaceae;g__Bifidobacterium;s__Bifidobacterium_adolescentis	-0.0522990454814	-0.0563309139753	-0.00406780168152	0.038381475011	0.0246630682484	0.015377115636	0.00712442029022	0.00328243909591	-0.0624133981668	-0.0166200406574	0.0522104043056	-0.0317466559011	0.0671376086827	0.00507573877368	0.0132676596179	-0.018505428268	-0.00690163405428	0.024322935336	-0.0199927341922	-0.0325540500825	0.0331690328689	-0.0446074763866	-0.0225230313862	1.0	0.0109593147879	-0.0187162313701	0.0160465058981	0.0376012864101	-0.0542952766787	0.0384198758781	-0.0173676204436	-0.0179140553026	0.0287605312969	0.0713694070367	0.0372833616022	-0.0107278152986	-0.0540821315979	-0.0283579201419	-0.0335515299699	-0.01750366733	-0.0559728498971	0.0224735646282	-0.0107695068041	0.0186596424891	0.000764489706686	-0.0362146666948	0.0156545665405	-0.0370637876603	0.0204661867692	0.032327092939	0.0655854941063	-0.0196519359465	0.0469384998075	-0.0476818358299	-0.0372050497002	-0.0722423266344	-0.0228932180962	-0.061427142486	0.0323862670975
k__Bacteria;p__Firmicutes;c__Clostridia;o__Clostridiales;f__Oscillospiraceae;g__Oscillibacter;s__Oscillibacter_sp._KLE_1745	-0.0625903726009	-0.00298762866019	0.0559897705986	-0.0680364067978	0.0259586259185	-0.0315995245837	-0.0146573202289	0.00426696032286	-0.0448529899865	0.0526347190233	0.0704657854385	-0.0395774114828	-0.0242420247233	0.0147584554043	0.0310246737837	-0.0151237620697	0.0196311394797	0.00333009024589	-0.124932009197	-0.0074201957125	-0.0293251057736	-0.0178789552121	-0.000703682624613	0.0109593147879	1.0	-0.0343062792919	-0.0338173872925	-0.0306842920613	-0.00660094244163	0.0178404332737	0.0625558919563	0.0247245574487	0.0102679803935	0.00743157431638	-0.00961822743994	-0.01331651833	0.0198995787156	-0.0567737217024	-0.0478429559503	-0.015934302237	-0.035120988957	0.0227284998528	0.0608069546891	0.019920448824	-0.0236205490668	0.00987229223367	-0.0231146031589	-0.00433302397296	-0.0788315923143	-0.00392263243337	-0.0202238648576	0.00912428675893	-0.0246694766573	-0.00953720337218	-0.0106978698282	0.00888337361627	-0.0161910924161	-0.0563766963976	-0.0341673799326
k__Bacteria;p__Bacteroidetes;c__Bacteroidia;o__Bacteroidales;f__Bacteroidaceae;g__Bacteroides;s__Bacteroides_coprophilus	0.0147755134252	0.00801808287532	0.0300400709093	-0.0280595421867	0.00745109600917	0.0528661375912	-0.0284876527535	-0.00118234929722	-0.0628640141069	-0.00914719585298	0.0272188507613	-0.0211208285653	-0.0269036964848	0.00235942749212	0.0257477626918	0.0267943032329	0.00177213022107	0.030258940111	0.0262585927783	-0.0238744930877	-0.00295533217911	-0.00567833396778	-0.041112640078	-0.0187162313701	-0.0343062792919	1.0	-0.0799815769758	-0.0230765642086	-0.0131042755607	0.0375583669457	-0.0563997178496	0.00129373765236	0.00093140921901	-0.000136155375394	-0.0531019378003	0.0226009572414	-0.0141677832399	0.00987913363241	-0.0103299099976	-0.0832359380417	-0.0330013438686	-0.0265094288058	0.0420075604914	0.077832559706	0.00756506481903	-0.00291945467443	0.00580714532698	-0.0536151635798	0.031141434588	-0.0140021899787	-0.0924446596785	0.000233434497895	0.0326439383716	-0.0396049739913	0.0489809154907	0.00836338167305	-0.0194379440629	0.0144597273386	-0.0424757745687
k__Bacteria;p__Firmicutes;c__Clostridia;o__Clostridiales;f__Lachnospiraceae;g__Roseburia;s__Roseburia_intestinalis	0.0737237204897	0.0472057627621	-0.0505231237714	-0.0593959848707	-0.0510433727301	-0.0257091105419	0.00281134856989	0.00492915156102	-0.0254416563026	-0.0692882208352	0.0527977145207	-0.0167400366524	-0.0140173079796	-0.0620541682209	0.00426802850924	-0.0290901303449	-0.0121060453505	0.0470946762195	-0.00670607107212	0.00558597742793	0.0050871091343	0.0762733988452	0.0384631435396	0.0160465058981	-0.0338173872925	-0.0799815769758	1.0	-0.0480835561839	0.0129722726973	0.0338000931218	0.0340889609158	-0.0548289550864	0.0297156672899	-0.0354126860984	-0.0334303235186	0.0191119805596	0.0335612107317	-0.00567255031385	0.00129788116874	0.0334693179599	-0.00351664561062	-0.0182129513619	0.0384573439406	-0.0477170397008	-0.0774945216074	0.0375946946227	-0.0557393022493	-0.0227797405272	0.00038112288773	0.0256938097437	-0.0099923635084	-0.0421232688456	-0.00187195607977	-0.001563226513	-0.0675036235427	-0.016589655942	0.0722361698553	0.00018142528199	-0.00815245456971
k__Bacteria;p__Firmicutes;c__Clostridia;o__Clostridiales;f__Lachnospiraceae;g__Roseburia;s__Roseburia_hominis	-0.0234316704136	-0.0240043878665	-0.00139955323562	-0.00919487098641	0.0475959660772	0.00789869012194	-0.0335174476869	0.0136003921087	-0.0316406287809	-0.0564592250999	-0.0752928992254	-0.00780188162094	0.0657653534622	0.0758338825856	-0.0442137215401	0.0373210854705	-0.0567384144838	0.0226807762886	-0.0272568499042	-0.0541443050949	-0.0203021070359	0.0536317890327	-0.0617521337982	0.0376012864101	-0.0306842920613	-0.0230765642086	-0.0480835561839	1.0	0.0404461081845	0.00977786515274	0.0241473501786	-0.0291989197976	-0.133529753546	-0.0294665830436	-0.0543398748031	0.0745787442747	-0.0332718004882	0.0794604502413	0.0500285212375	0.0284718281258	-0.00121868714786	-0.0306812425538	-0.0477831017374	-0.034662788906	-0.0161021845875	0.0863733755761	-0.034315126027	-0.0244065580316	-0.0336999538076	-0.0701778665614	-0.072449739213	0.0630612814019	0.0350085392192	0.0101028412002	0.0274710576295	0.0076109393956	-0.019065599892	-0.031473420495	0.0163700578641
k__Bacteria;p__Bacteroidetes;c__Bacteroidia;o__Bacteroidales;f__Porphyromonadaceae;g__Parabacteroides;s__Parabacteroides_johnsonii	0.0335818938072	0.0282115383203	-0.0637033054478	-0.0223274601381	-0.054712118402	-0.0286486314719	0.0138975211426	0.0529227609176	-0.0667974403451	-0.020441564422	-0.0910210999583	-0.00619095190941	-0.025146917565	-0.0649737768545	0.0202699203642	0.0158529771268	0.0127440749743	-0.024893026803	0.0376398738834	0.0386559391698	0.0172331774298	-0.0570856137397	0.0206827524294	-0.0542952766787	-0.00660094244163	-0.0131042755607	0.0129722726973	0.0404461081845	1.0	-0.0298772843979	-0.0286771990177	0.0105007629381	0.0115899046974	0.0174278177029	-0.0600728362388	0.000442718487761	0.0205342142022	-0.0172744813757	0.00903052016478	0.027586075927	-0.00718168389095	0.0227875226714	-0.0207212708585	-0.024460648245	0.0591855194556	0.0066118852506	-0.0257729516765	0.0603426866713	-0.0119206523347	-0.0312782144148	-0.0700721641163	-0.0274100345522	0.0441069029005	-0.0222265584722	-0.0133543096542	0.00491133047594	-0.0105072897773	-0.0323197833225	-0.0418133318922
k__Bacteria;p__Actinobacteria;c__Actinobacteria;o__Bifidobacteriales;f__Bifidobacteriaceae;g__Bifidobacterium;s__Bifidobacterium_longum	-0.0637864225568	0.0671659388052	-0.0994974315856	0.0844079756101	0.0210105092871	0.00425475481976	-0.0787896998537	0.0319602955538	-0.0200948784853	-0.021460643016	-0.0507593876381	-0.0521175645246	0.0172494077671	0.0333314440747	0.0173265891816	0.0485399267421	-0.0266940639767	0.0156574449963	0.0477400856662	0.0312504055425	0.00299979588512	0.0117922159262	0.000213515654196	0.0384198758781	0.0178404332737	0.0375583669457	0.0338000931218	0.00977786515274	-0.0298772843979	1.0	-0.0473829353895	0.0294187355006	-0.0153339502193	0.0559499210106	0.073386961129	0.00273960045031	-0.0626330609986	-0.021431263567	0.017621996818	-0.0453322641988	-0.0447440700695	0.0887266925596	-0.0674224765733	0.0757713169786	-0.04340762422	-0.0131270766939	-0.0496669520681	-0.0592623402633	-0.0405173236564	-0.0320367997563	0.0264535031942	0.00730270361302	-0.0243359469929	0.00266065815628	-0.000690312921414	-0.000993330070903	0.0216276772537	-0.00948392802767	-0.0512960717289
