#taxonomy	k__Bacteria;p__Bacteroidetes;c__Bacteroidia;o__Bacteroidales;f__Bacteroidaceae;g__Bacteroides;s__Bacteroides_vulgatus	k__Bacteria;p__Bacteroidetes;c__Bacteroidia;o__Bacteroidales;f__Bacteroidaceae;g__Bacteroides;s__Bacteroides_uniformis	k__Bacteria;p__Bacteroidetes;c__Bacteroidia;o__Bacteroidales;f__Rikenellaceae;g__Alistipes;s__Alistipes_putredinis	k__Bacteria;p__Bacteroidetes;c__Bacteroidia;o__Bacteroidales;f__Prevotellaceae;g__Prevotella;s__Prevotella_copri	k__Bacteria;p__Bacteroidetes;c__Bacteroidia;o__Bacteroidales;f__Bacteroidaceae;g__Bacteroides;s__Bacteroides_stercoris	k__Bacteria;p__Bacteroidetes;c__Bacteroidia;o__Bacteroidales;f__Bacteroidaceae;g__Bacteroides;s__Bacteroides_ovatus	k__Bacteria;p__Bacteroidetes;c__Bacteroidia;o__Bacteroidales;f__Rikenellaceae;g__Alistipes;s__Alistipes_shahii	k__Bacteria;p__Firmicutes;c__Clostridia;o__Clostridiales;f__Ruminococcaceae;g__Faecalibacterium;s__Faecalibacterium_prausnitzii	k__Bacteria;p__Bacteroidetes;c__Bacteroidia;o__Bacteroidales;f__Rikenellaceae;g__Alistipes;s__Alistipes_finegoldii	k__Bacteria;p__Bacteroidetes;c__Bacteroidia;o__Bacteroidales;f__Porphyromonadaceae;g__Parabacteroides;s__Parabacteroides_distasonis	k__Bacteria;p__Bacteroidetes;c__Bacteroidia;o__Bacteroidales;f__Bacteroidaceae;g__Bacteroides;s__Bacteroides_thetaiotaomicron	k__Bacteria;p__Bacteroidetes;c__Bacteroidia;o__Bacteroidales;f__Bacteroidaceae;g__Bacteroides;s__Bacteroides_coprocola	k__Bacteria;p__Bacteroidetes;c__Bacteroidia;o__Bacteroidales;f__Bacteroidaceae;g__Bacteroides;s__Bacteroides_cellulosilyticus	k__Bacteria;p__Bacteroidetes;c__Bacteroidia;o__Bacteroidales;f__Rikenellaceae;g__Alistipes;s__Alistipes_obesi	k__Bacteria;p__Firmicutes;c__Clostridia;o__Clostridiales;f__Lachnospiraceae;g__;s__[Eubacterium]_rectale	k__Bacteria;p__Bacteroidetes;c__Bacteroidia;o__Bacteroidales;f__Bacteroidaceae;g__Bacteroides;s__Bacteroides_plebeius	k__Bacteria;p__Bacteroidetes;c__Bacteroidia;o__Bacteroidales;f__Bacteroidaceae;g__Bacteroides;s__Bacteroides_fragilis	k__Bacteria;p__Proteobacteria;c__Betaproteobacteria;o__Burkholderiales;f__Sutterellaceae;g__Sutterella;s__Sutterella_wadsworthensis	k__Bacteria;p__Bacteroidetes;c__Bacteroidia;o__Bacteroidales;f__Porphyromonadaceae;g__Barnesiella;s__Barnesiella_intestinihominis	k__Bacteria;p__Bacteroidetes;c__Bacteroidia;o__Bacteroidales;f__Odoribacteraceae;g__Odoribacter;s__Odoribacter_splanchnicus	k__Bacteria;p__Bacteroidetes;c__Bacteroidia;o__Bacteroidales;f__Bacteroidaceae;g__Bacteroides;s__Bacteroides_salyersiae	k__Bacteria;p__Firmicutes;c__Clostridia;o__Clostridiales;f__Ruminococcaceae;g__Ruminiclostridium;s__[Eubacterium]_siraeum	k__Bacteria;p__Proteobacteria;c__Betaproteobacteria;o__Burkholderiales;f__Sutterellaceae;g__Parasutterella;s__Parasutterella_excrementihominis	k__Bacteria;p__Actinobacteria;c__Actinobacteria;o__Bifidobacteriales;f__Bifidobacteriaceae;g__Bifidobacterium;s__Bifidobacterium_adolescentis	k__Bacteria;p__Firmicutes;c__Clostridia;o__Clostridiales;f__Oscillospiraceae;g__Oscillibacter;s__Oscillibacter_sp._KLE_1745	k__Bacteria;p__Bacteroidetes;c__Bacteroidia;o__Bacteroidales;f__Bacteroidaceae;g__Bacteroides;s__Bacteroides_coprophilus	k__Bacteria;p__Firmicutes;c__Clostridia;o__Clostridiales;f__Lachnospiraceae;g__Roseburia;s__Roseburia_intestinalis	k__Bacteria;p__Firmicutes;c__Clostridia;o__Clostridiales;f__Lachnospiraceae;g__Roseburia;s__Roseburia_hominis	k__Bacteria;p__Bacteroidetes;c__Bacteroidia;o__Bacteroidales;f__Porphyromonadaceae;g__Parabacteroides;s__Parabacteroides_johnsonii	k__Bacteria;p__Actinobacteria;c__Actinobacteria;o__Bifidobacteriales;f__Bifidobacteriaceae;g__Bifidobacterium;s__Bifidobacterium_longum	k__Bacteria;p__Firmicutes;c__Clostridia;o__Clostridiales;f__;g__Flavonifractor;s__Flavonifractor_plautii	k__Bacteria;p__Firmicutes;c__Clostridia;o__Clostridiales;f__Clostridiaceae;g__Clostridium;s__Clostridium_phoceensis	k__Bacteria;p__Verrucomicrobia;c__Verrucomicrobiae;o__Verrucomicrobiales;f__Akkermansiaceae;g__Akkermansia;s__Akkermansia_muciniphila	k__Bacteria;p__Bacteroidetes;c__Bacteroidia;o__Bacteroidales;f__Prevotellaceae;g__Paraprevotella;s__Paraprevotella_xylaniphila	k__Bacteria;p__Firmicutes;c__Clostridia;o__Clostridiales;f__Ruminococcaceae;g__Ruminococcus;s__Ruminococcus_callidus	k__Bacteria;p__Bacteroidetes;c__Bacteroidia;o__Bacteroidales;f__Rikenellaceae;g__Alistipes;s__Alistipes_senegalensis	k__Bacteria;p__Firmicutes;c__Clostridia;o__Clostridiales;f__Lachnospiraceae;g__Blautia;s__Blautia_sp._KLE_1732	k__Bacteria;p__Bacteroidetes;c__Bacteroidia;o__Bacteroidales;f__Bacteroidaceae;g__Bacteroides;s__Bacteroides_oleiciplenus	k__Bacteria;p__Firmicutes;c__Clostridia;o__Clostridiales;f__Ruminococcaceae;g__Ruminococcus;s__Ruminococcus_bicirculans	k__Bacteria;p__Bacteroidetes;c__Bacteroidia;o__Bacteroidales;f__Bacteroidaceae;g__Bacteroides;s__Bacteroides_fluxus	k__Bacteria;p__Bacteroidetes;c__Bacteroidia;o__Bacteroidales;f__Prevotellaceae;g__Prevotella;s__Prevotella_stercorea	k__Bacteria;p__Firmicutes;c__Clostridia;o__Clostridiales;f__Lachnospiraceae;g__Dorea;s__Dorea_longicatena	k__Bacteria;p__Firmicutes;c__Clostridia;o__Clostridiales;f__Eubacteriaceae;g__Eubacterium;s__[Eubacterium]_eligens	k__Bacteria;p__Firmicutes;c__Clostridia;o__Clostridiales;f__Ruminococcaceae;g__;s__Ruminococcaceae_bacterium_D16	k__Bacteria;p__Firmicutes;c__Clostridia;o__Clostridiales;f__Lachnospiraceae;g__Coprococcus;s__Coprococcus_comes	k__Bacteria;p__Proteobacteria;c__Gammaproteobacteria;o__Enterobacterales;f__Enterobacteriaceae;g__Escherichia;s__Escherichia_coli	k__Bacteria;p__Firmicutes;c__Clostridia;o__Clostridiales;f__Ruminococcaceae;g__Anaerotruncus;s__Anaerotruncus_colihominis	k__Bacteria;p__Firmicutes;c__Clostridia;o__Clostridiales;f__Lachnospiraceae;g__Blautia;s__Blautia_obeum	k__Bacteria;p__Bacteroidetes;c__Bacteroidia;o__Bacteroidales;f__Odoribacteraceae;g__Odoribacter;s__Odoribacter_laneus	k__Bacteria;p__Firmicutes;c__Clostridia;o__Clostridiales;f__Ruminococcaceae;g__Ruminiclostridium;s__[Clostridium]_leptum	k__Bacteria;p__Bacteroidetes;c__Bacteroidia;o__Bacteroidales;f__Porphyromonadaceae;g__Parabacteroides;s__Parabacteroides_goldsteinii	k__Bacteria;p__Firmicutes;c__Clostridia;o__Clostridiales;f__Lachnospiraceae;g__Anaerostipes;s__Anaerostipes_hadrus	k__Bacteria;p__Firmicutes;c__Clostridia;o__Clostridiales;f__Ruminococcaceae;g__Ruminococcus;s__Ruminococcus_lactaris	k__Bacteria;p__Firmicutes;c__Clostridia;o__Clostridiales;f__Clostridiaceae;g__Clostridium;s__Clostridium_sp._L2-50	k__Bacteria;p__Firmicutes;c__Clostridia;o__Clostridiales;f__Clostridiaceae;g__Clostridium;s__Clostridium_sp._M62/1	k__Bacteria;p__Firmicutes;c__Clostridia;o__Clostridiales;f__;g__Intestinimonas;s__Intestinimonas_butyriciproducens	k__Bacteria;p__Actinobacteria;c__Actinobacteria;o__Bifidobacteriales;f__Bifidobacteriaceae;g__Bifidobacterium;s__Bifidobacterium_bifidum	k__Bacteria;p__Firmicutes;c__Negativicutes;o__Veillonellales;f__Veillonellaceae;g__Dialister;s__Dialister_invisus	k__Bacteria;p__Bacteroidetes;c__Bacteroidia;o__Bacteroidales;f__Bacteroidaceae;g__Bacteroides;s__Bacteroides_salanitronis
k__Bacteria;p__Bacteroidetes;c__Bacteroidia;o__Bacteroidales;f__Bacteroidaceae;g__Bacteroides;s__Bacteroides_vulgatus	1.0	0.0348971859853	-0.000728700981145	-0.00298127455314	-0.0739878511964	-0.0616724643184	-0.0454579450956	0.0522599003874	-0.0480420508392	-0.0242231293727	0.0584215599055	0.0261712715203	-0.0192273916387	-0.0170077066955	-0.0845092834789	-0.0202282574025	-0.0433603695625	-0.0568801095033	-0.0079993133332	0.0810909201836	-0.0540732689808	-0.0301180742008	-0.066799207937	0.0774431525887	-0.041961202232	-0.0120407622476	-0.0242779756208	0.0637842703063	0.0372704011171	0.0503038613855	-0.0281457627677	0.0206993486066	0.00634014470627	-0.0305657798368	-0.0307490310463	0.0237636929468	0.044565892301	-0.00752165080344	-0.0268153548148	-0.00370225702728	0.00375854458789	-0.00944739213962	-0.00961671332879	0.000210782490581	0.0273092490947	0.00124836724989	-0.0276017852231	0.00690463909	0.00163211649913	-0.0342921707361	0.00559865601919	-0.0342621071103	0.0031515215421	0.030126638012	0.0304208767136	-0.0256917753051	0.0139016070872	0.0260515480913	0.0226882287647
k__Bacteria;p__Bacteroidetes;c__Bacteroidia;o__Bacteroidales;f__Bacteroidaceae;g__Bacteroides;s__Bacteroides_uniformis	0.0348971859853	1.0	0.0344694151802	0.0325599578089	0.0232174629148	0.0274206393457	-0.000399259332915	-0.0285368162153	-0.0120901377992	-0.0193200925349	0.00169379421112	-0.0586864727292	0.0072245831764	-0.00307484182608	-0.0743449446677	-0.0104175965158	0.0347550127198	-0.0221070922395	-0.046834392982	-0.0261078082332	-0.041580709754	0.0429115802221	-0.0242526089261	-0.0141588532849	-0.0219389700685	0.0180729592809	0.00251295201325	-0.0609529898004	0.00766785756891	-0.0210954309007	-0.0213930676873	-0.0161187841322	-0.0329050032729	0.0169097540362	0.00448250089527	-0.0320571388618	-0.0800589997982	-0.0626281286995	-0.0216497882494	-0.0812529703386	-0.0567830536899	0.0072050421023	0.0218154311503	-0.0757432161978	0.00620671660963	-0.0131131869106	-0.0240154741793	0.0190437728792	0.00851036732222	0.0218070887684	0.0191266259066	-0.0594488307072	0.042911550753	-0.0125685703548	0.0060710441948	0.0123661270411	-0.00493217213774	0.0796872321964	-0.00790624868322
k__Bacteria;p__Bacteroidetes;c__Bacteroidia;o__Bacteroidales;f__Rikenellaceae;g__Alistipes;s__Alistipes_putredinis	-0.000728700981146	0.0344694151802	1.0	-0.0291193631462	0.00236166290843	0.0320590661199	-0.0399707599023	-0.0440134769799	-0.0190944585251	0.0584808598334	0.0369422072249	0.00241283104716	0.0340729106602	0.00373065881516	0.0652721301203	0.0246776050644	0.00162603419298	0.0062024981887	0.083801873916	0.00158545493085	-0.0611586469315	-0.0249378115258	0.0398944401397	-0.0180518241556	0.0101848746415	-0.020055971297	-0.00501153923135	0.011871877784	-0.00907459553603	0.0546401897337	-0.0168253590089	-0.0396896893355	-0.0125857998294	-0.0396653288396	-0.00488566871273	0.0462829817029	-0.0862961214359	-0.0783975972926	0.00694195983825	-0.0122524091589	-0.0364486404894	-0.0768442821741	-0.0869592043798	-0.0523802139014	0.0236119547718	0.00503175211788	-0.0443421219742	0.0450067782062	-0.0133052505079	-0.0309204676735	0.0550082034863	-0.0105856305994	-0.00732499127711	-0.0129689524504	-0.076290139656	-0.0175057909133	0.0393759171522	0.0162892806496	-0.0717195445908
k__Bacteria;p__Bacteroidetes;c__Bacteroidia;o__Bacteroidales;f__Prevotellaceae;g__Prevotella;s__Prevotella_copri	-0.00298127455314	0.0325599578089	-0.0291193631462	1.0	0.00234551868403	0.0437734015935	-0.0269914952255	0.00270053636692	0.0232095525901	0.0269229261079	0.00652940065788	0.0122740679968	0.00486626680765	0.00114909483278	0.0117983453765	-0.0701685797337	0.010332434442	0.0230168153539	0.0353697730702	0.0125642500756	-0.0488877692798	-0.0138629418132	-0.0192517453742	-0.0818199971201	0.0634771181321	-0.0349956477374	-0.0466344485741	-0.0149371391682	0.0300236770589	-0.0474069156729	-0.0455683804036	0.020937922788	0.0252476760041	-0.00351640642495	0.014513139373	-0.0838318022511	-0.0348154546227	0.0147763783037	0.0231080445985	-0.0294853888121	-0.00388924093727	-0.0133362278822	-0.0318500393892	0.0790325664483	0.00950993370031	-0.0124259618889	-0.090495715586	-0.00146559948366	-0.062739398235	0.0185430991966	-0.00272161972422	-0.000144185020219	-0.0191157315131	0.0524117787892	0.0513569802327	-0.0763186209473	-0.0718107791081	0.0459977824019	-0.00150331617689
k__Bacteria;p__Bacteroidetes;c__Bacteroidia;o__Bacteroidales;f__Bacteroidaceae;g__Bacteroides;s__Bacteroides_stercoris	-0.0739878511964	0.0232174629148	0.00236166290843	0.00234551868403	1.0	0.0106541633477	0.0244941287583	-0.0262877513494	-0.0333886610534	-0.048645717908	0.0570820511592	-0.00378061155584	-0.0279076186242	0.0114986319542	-0.0603224709658	0.0681041563522	-0.0107080604191	-0.033645608115	0.0403870347828	0.03535203811	-0.00796117268473	0.0521870094452	-0.0270579637068	0.0313486995916	-0.0464089062447	-0.0265142828044	-0.00440114511188	0.0401143795333	0.0255371357595	0.0103272439878	-0.0137341999734	0.0124367731461	-0.0239879404895	-0.0912319531052	-0.0199567380436	-0.0262546208916	0.0335693464894	-0.0139711792917	-0.00716261457399	0.02364971027	-0.0291565909701	0.0162045447393	-0.027246662664	-0.0627052772414	-0.0181263831162	0.0697400496043	-0.000647374492053	0.0598627150874	-0.0215559938503	-0.0459703813578	-0.0615010243488	-0.00102655937297	-0.00127646998376	-0.0297282041929	0.0267088445803	0.0126721184596	-0.00383341770533	0.0321296348691	-0.0284776008801
k__Bacteria;p__Bacteroidetes;c__Bacteroidia;o__Bacteroidales;f__Bacteroidaceae;g__Bacteroides;s__Bacteroides_ovatus	-0.0616724643184	0.0274206393457	0.0320590661199	0.0437734015935	0.0106541633477	1.0	0.0187609609822	0.0468705048374	0.0235394191333	-0.0371177534011	0.00777259256748	0.013166569903	0.0455469726639	0.0385942645596	0.0408877052688	0.0458147746336	-0.0877468931666	-0.0254771313175	-0.0302816396653	-0.0272307649458	0.0088002619962	-0.0136289559266	-0.0114612259253	-0.0487884970787	0.0129461032916	0.0366068448036	-0.0334749166511	-0.047946698186	-0.070952099041	0.0382505970822	0.0204978616594	0.0302169423689	0.0501729816209	0.0238725551394	-0.00495017550512	-0.0653751795122	-0.0131723515235	0.0180369578202	-0.0713368071286	-0.0142780389454	-0.0496844159967	-0.0296610305207	0.00168365394132	0.00878765882787	-0.0166372129984	0.00190479085127	0.014979066343	-0.0129669418889	0.0453479238253	0.0292387865255	0.0171540807585	-0.0530517917004	-0.0471582432353	0.0100950562041	-0.0366957148089	-0.0498774336583	-0.00294663534789	0.0369024028831	-0.0582299010865
k__Bacteria;p__Bacteroidetes;c__Bacteroidia;o__Bacteroidales;f__Rikenellaceae;g__Alistipes;s__Alistipes_shahii	-0.0454579450956	-0.000399259332915	-0.0399707599023	-0.0269914952255	0.0244941287583	0.0187609609822	1.0	-0.00359212670373	-0.0801794329837	0.0418091043474	0.00636591557436	-0.0300441050358	0.0427416554047	0.0969286300256	0.0439234585167	0.0308593917606	-0.00480068323708	-0.0914147169024	-0.0521215632303	-0.0154972198887	0.018536006794	-0.0634919357853	0.0259611426092	0.044175976726	-0.0037134753566	0.0232628753763	-0.0302583534302	0.00019707088733	-0.044216120229	0.0251118237314	0.0114517605297	-0.0395196527756	-0.00947191441645	-0.00795260545488	0.0337696166762	0.00104731109408	0.0107688994407	-0.0559610326702	0.019650635463	0.00549793676203	0.0363854310276	-0.0159735916498	-0.0234521988809	0.00468358754505	0.0104513526904	-0.0273431405009	-0.0710063621979	0.0404416967925	0.0933444975532	0.0144068885526	0.0121041673726	0.0212712213826	0.00965578759617	-0.0569595510346	-0.0357279682531	0.0283776779829	0.0242252864641	-0.0334410822586	-0.0165062933207
k__Bacteria;p__Firmicutes;c__Clostridia;o__Clostridiales;f__Ruminococcaceae;g__Faecalibacterium;s__Faecalibacterium_prausnitzii	0.0522599003874	-0.0285368162153	-0.0440134769799	0.00270053636692	-0.0262877513494	0.0468705048374	-0.00359212670373	1.0	0.0446041478474	-0.0420968171068	0.031503259922	-0.0181146650024	-0.0194072610243	-0.0207031623701	-0.00518067872374	-0.0368569382448	-0.0195048534744	-0.0204104443726	0.00286055347777	0.0055422288965	0.0282673372565	-0.0965683874001	0.0321443827075	0.0645105365636	-0.0178490416267	-0.108190239592	0.0282135492455	-0.000729250206516	-0.0382981996734	-0.0667394319005	0.0152507691563	-0.0561576371352	-0.014901797633	0.0303670364545	-0.0189846134621	0.0297408086717	-0.0403482234465	0.0416871581	-0.000413654913661	0.00935432384661	0.0385941198756	-0.00358976302316	-0.0297106047014	0.020837832922	-0.0373897070938	0.00523256073055	0.0287175059505	-0.0182121193841	-0.0488610273515	-0.0488817145387	-0.0578011368476	-0.00481935647559	0.0323265459499	0.0115456497065	0.00469197159497	-0.0591855723278	0.0151952097187	0.00232699259548	0.00157851682043
k__Bacteria;p__Bacteroidetes;c__Bacteroidia;o__Bacteroidales;f__Rikenellaceae;g__Alistipes;s__Alistipes_finegoldii	-0.0480420508392	-0.0120901377992	-0.0190944585251	0.0232095525901	-0.0333886610534	0.0235394191333	-0.0801794329837	0.0446041478474	1.0	-0.0390801947567	-0.0677960724849	0.025331055109	-0.0422999409009	0.028443170128	-0.00645320610795	-0.0101173351562	0.00682722115018	-0.0591753259764	-0.0371137468861	0.0487137111216	-0.0362969133899	-0.0298918163236	0.0632702488556	0.053122871035	-0.0740468971055	-0.00638233196127	0.0263079660449	-0.0143955337777	-0.042529582212	0.000818255328908	0.0108459598544	-0.0119583973333	0.0651883931036	-0.0107282402401	0.0320977837039	0.00767095753419	-0.0404803023853	-0.0357637636934	-0.0114686136078	0.0235537817612	-0.0553665946769	-0.0436035310643	0.0105790682844	0.0417963793253	0.0033707231865	-0.0115176892132	-0.0122078585542	-0.00398330500727	0.0248122144227	-0.0519068560376	0.00158235312168	-0.00334436421844	-0.00793243384901	-0.034132522345	-0.0251325446	-0.0152254581904	-0.00790756032678	-0.0151159811715	-0.0331307625405
k__Bacteria;p__Bacteroidetes;c__Bacteroidia;o__Bacteroidales;f__Porphyromonadaceae;g__Parabacteroides;s__Parabacteroides_distasonis	-0.0242231293727	-0.0193200925349	0.0584808598334	0.0269229261079	-0.048645717908	-0.0371177534011	0.0418091043474	-0.0420968171068	-0.0390801947567	1.0	-0.0045821799154	0.0563573178072	-0.0916441702066	-0.00668426188625	-0.0690472237868	0.0248644325051	0.00846963839649	-0.00357452915167	-0.0241543252013	-0.0576726597115	-0.00546831191248	0.0341591943998	0.00610508559861	-0.0552490199894	-0.058686515564	-0.000140052093993	-0.00541385581698	-0.0381504236157	0.122145633505	-0.0224645292826	-0.00536305238067	-0.0113163954948	0.0289924569577	-0.0413072792412	0.00711732573083	-0.0166634317426	0.0627194681419	-0.00696250017454	-0.0564847650121	-0.0416879765032	0.0594389012748	-0.0445004640125	-0.00706353618385	-0.0212906916457	0.000705276562249	-0.0242386632516	-0.060607420036	-0.0423963192539	0.0198755351383	-0.00593353855345	-0.0668894886294	0.0568656604559	-0.0536252533284	-0.020269253792	-0.000358041184612	-0.0567828262741	-0.0109103527077	-0.0307158240752	-0.0383422557732
k__Bacteria;p__Bacteroidetes;c__Bacteroidia;o__Bacteroidales;f__Bacteroidaceae;g__Bacteroides;s__Bacteroides_thetaiotaomicron	0.0584215599055	0.00169379421112	0.0369422072249	0.00652940065788	0.0570820511592	0.00777259256748	0.00636591557436	0.031503259922	-0.0677960724849	-0.0045821799154	1.0	-0.060879113302	0.00348104999567	-0.0206260617963	0.02619619922	0.0254251750658	-0.019548102594	-0.0444820313152	-0.0450138477503	0.0709290647539	-0.0139953872247	0.00499830800685	-0.100412556333	0.0571550811567	0.0195565355744	-0.018894832216	-0.0133292348105	0.0132689800038	0.0339236738955	0.0395317958208	0.027633142751	0.0820366960698	-0.00542790294376	0.058834639345	-0.07100476257	0.0200145476761	0.0159095096461	0.0206190776172	-0.0511919639657	-0.0431154890598	-0.0466966245432	-0.0108416021449	0.0173152930107	-0.00565311681816	-0.000988557504416	-0.0340180175919	-0.0146296709383	-0.00426767363383	0.00975183087776	0.0303309180341	-0.0594743726323	-0.0137272103612	-0.000277096921961	-0.104044752468	-0.0322549651199	-0.0336480583149	-0.0102371042993	0.0514509979455	-0.00721045576325
k__Bacteria;p__Bacteroidetes;c__Bacteroidia;o__Bacteroidales;f__Bacteroidaceae;g__Bacteroides;s__Bacteroides_coprocola	0.0261712715203	-0.0586864727292	0.00241283104716	0.0122740679968	-0.00378061155584	0.013166569903	-0.0300441050358	-0.0181146650024	0.025331055109	0.0563573178072	-0.060879113302	1.0	0.00148877738769	0.068670708636	0.0463736174592	0.0275214137598	-0.0250362816593	-0.00880278540114	0.0412337449942	-0.058909257359	0.00387742242884	0.00324846796283	0.00907640541526	-0.0156966348777	0.0142655360561	-0.100267469249	-0.0621599908814	-0.0652406986219	-0.0149204873232	-0.0185794274013	-0.0263995785681	-0.0254616616196	-0.0414138618655	0.00527567126893	0.0498764138596	-0.00341090874789	0.0051705126387	-0.00874489779818	-0.0449560875149	-0.00403256425592	0.0183964078371	-0.0143720034401	0.0206353129541	-0.0373080035066	-0.0446074404541	-0.0358332505808	0.0313676556575	0.0241168272899	-0.00499188660627	0.0113461341329	-0.0390216511795	0.02046046185	0.00543196550831	0.00139792330858	0.0312023249519	-0.00195008444735	0.00843934654391	-0.0133198857802	-0.00546721990649
k__Bacteria;p__Bacteroidetes;c__Bacteroidia;o__Bacteroidales;f__Bacteroidaceae;g__Bacteroides;s__Bacteroides_cellulosilyticus	-0.0192273916387	0.0072245831764	0.0340729106602	0.00486626680765	-0.0279076186242	0.0455469726639	0.0427416554047	-0.0194072610243	-0.0422999409009	-0.0916441702066	0.00348104999567	0.00148877738769	1.0	0.00596305972653	0.0135018967599	-0.0247229630284	0.104727576605	0.0037952939904	0.0399604445905	-0.0112245202226	0.00845144818556	0.015932560757	0.090074977966	-0.0306899799357	-0.0317443864639	0.0208631563836	-0.0370829415564	-0.0264874617071	-0.0324293235858	-0.0248512488171	0.0250488837915	-0.00443953824335	0.0188558298553	-0.00871895573685	-0.0436463954033	0.0207134186637	-0.0634617356003	0.0223225979194	0.034083321598	0.0177804020706	-0.109874203291	-0.0143212133897	-0.0576514711615	-0.0587813363305	-0.0599700243742	-0.00387351913549	-0.0201756995557	-0.0519588649823	0.0488573048995	-0.0533108248007	0.00270518698747	0.0326999310742	-0.0261773584786	0.018083611104	-0.0332461780444	0.00732640309952	-0.083054152354	-0.046272396676	0.0120326485265
k__Bacteria;p__Bacteroidetes;c__Bacteroidia;o__Bacteroidales;f__Rikenellaceae;g__Alistipes;s__Alistipes_obesi	-0.0170077066955	-0.00307484182608	0.00373065881516	0.00114909483278	0.0114986319542	0.0385942645596	0.0969286300256	-0.0207031623701	0.028443170128	-0.00668426188625	-0.0206260617963	0.068670708636	0.00596305972653	1.0	-0.00160788425855	-0.133887847359	0.00386290477918	-0.011357474976	-0.100165007091	-0.0147356091981	0.0365431849494	-0.070857876954	-0.00997241219062	-0.00014650437354	-0.0594168622465	-0.00676170607405	-0.0301031277375	-0.0230485368724	-0.0627697584969	-0.0378088745486	-0.0386879593085	0.0632973900864	-0.0763784230218	0.013437813896	0.0203411258558	-0.0267204091002	-0.032416357162	-0.0375392741609	-0.0252009869092	-0.0271882527418	-0.0258776093992	0.0164105133944	-0.0256328969769	-0.0253811844008	0.039524782935	0.018750493386	0.0239096097313	0.0182042572379	0.069711842917	-0.0248036510477	-0.0213489174467	-0.0245205351059	-0.00793040249502	0.0032457058069	-0.00309885332799	0.0143360392939	-0.0221579570873	0.0135633916218	-0.0777889006328
k__Bacteria;p__Firmicutes;c__Clostridia;o__Clostridiales;f__Lachnospiraceae;g__;s__[Eubacterium]_rectale	-0.0845092834789	-0.0743449446677	0.0652721301203	0.0117983453765	-0.0603224709658	0.0408877052688	0.0439234585167	-0.00518067872374	-0.00645320610795	-0.0690472237868	0.02619619922	0.0463736174592	0.0135018967599	-0.00160788425855	1.0	-0.0117147691795	-0.0148722172709	-0.0489648295515	0.030625190626	-0.00644264203772	0.0195472253165	-0.0110668598621	0.0578411398329	-0.012054510007	0.0532393017531	-0.0270922485791	-0.016586180693	0.0223261305632	-0.0629263487909	-0.0184606793687	-0.0510571163771	-0.0324894007503	-0.0804350962089	-0.0269025411492	-0.0114245716748	-0.0164104217325	0.0362502168597	0.000666634201351	-0.0066981574192	0.0248626874271	0.034994813293	-0.0167036807038	0.0591851216015	-0.0534619168106	0.0146179419781	-0.0258939703118	0.0132340775953	-0.087361775262	0.0806142340883	-0.0483233192782	0.100680734084	0.0161482999077	0.0536376021964	-0.0135742196481	-0.0173365228569	0.02916056811	-9.64229088087e-05	-0.112069436856	-0.0519861046157
k__Bacteria;p__Bacteroidetes;c__Bacteroidia;o__Bacteroidales;f__Bacteroidaceae;g__Bacteroides;s__Bacteroides_plebeius	-0.0202282574025	-0.0104175965158	0.0246776050644	-0.0701685797337	0.0681041563522	0.0458147746336	0.0308593917606	-0.0368569382448	-0.0101173351562	0.0248644325051	0.0254251750658	0.0275214137598	-0.0247229630284	-0.133887847359	-0.0117147691795	1.0	-0.0459430741174	0.0291649920717	0.0190899825071	0.0403932877607	-0.0895743508451	0.0486901549798	0.000535246677478	-0.105583521406	0.060653706128	-0.00303131961616	-0.0273086790112	-0.0335413243418	0.0145915869203	0.0307724328519	0.000591974611221	-0.0443254223687	0.00174262834127	-0.0593024226463	-0.00761841514703	0.032827090627	0.0365566036974	0.0630154959654	-0.0416761020933	-0.0137383169012	-0.0657744901153	-0.000756794345552	-0.0480017513467	-0.0210433399797	-0.0351656269495	0.0492268936174	-0.071230108061	-0.100062979518	-0.0316662553897	-0.0348288659661	0.0170633748459	-0.0233995282302	-0.0057209506043	-0.0303278791959	-0.0144271413715	-0.0201915657055	-0.0191508899657	-0.0389116231587	-0.0749664188081
k__Bacteria;p__Bacteroidetes;c__Bacteroidia;o__Bacteroidales;f__Bacteroidaceae;g__Bacteroides;s__Bacteroides_fragilis	-0.0433603695625	0.0347550127198	0.00162603419298	0.010332434442	-0.0107080604191	-0.0877468931666	-0.00480068323708	-0.0195048534744	0.00682722115018	0.00846963839649	-0.019548102594	-0.0250362816593	0.104727576605	0.00386290477918	-0.0148722172709	-0.0459430741174	1.0	0.0577835494315	-0.0417961333369	-0.0381675327625	0.0466527918343	-0.0374875899805	0.0534805938532	0.0163722806697	-0.0558027133938	0.0293731461136	0.0438580683702	-0.00878032802942	-0.0314325866169	-0.0163446545361	-0.0147074178191	-0.0286393014575	-0.00772287381958	0.00305926504131	0.00908201853911	-0.0113160102141	0.026549230664	-0.0544633513209	-0.00923566221068	-0.034984692855	-0.0173304000756	0.00407201055044	-0.0521212410894	0.0354020063519	0.0809408227265	-0.0311532053413	0.0177438108571	0.0702689786556	-0.0420233402862	-0.0421631610373	-0.128722164719	0.0104566614524	0.0874512175742	0.00261985334687	0.0684052558025	-0.0500197024745	-0.0505880349243	0.0122019028049	-0.0314175284561
k__Bacteria;p__Proteobacteria;c__Betaproteobacteria;o__Burkholderiales;f__Sutterellaceae;g__Sutterella;s__Sutterella_wadsworthensis	-0.0568801095033	-0.0221070922395	0.0062024981887	0.0230168153539	-0.033645608115	-0.0254771313175	-0.0914147169024	-0.0204104443726	-0.0591753259764	-0.00357452915167	-0.0444820313152	-0.00880278540114	0.0037952939904	-0.011357474976	-0.0489648295515	0.0291649920717	0.0577835494315	1.0	0.00683515143419	-0.0423825143421	-0.0265911121401	-0.0388495973312	0.0054753065206	0.000727877678693	-0.0225458300258	-0.0970699588418	0.0248868741769	-0.0267911414003	-0.0392511487067	-0.0295367944502	-0.0064762332119	-0.00888935224697	0.0137400094772	0.0445746146457	-0.0186629855252	0.0157414095724	0.0141676327748	0.000731402959737	-0.00229918247347	-0.0240326073465	-0.00435671136831	0.0482196955128	0.00810211752289	0.0219458015104	-0.0599944593399	-0.0757096328955	-0.0116987321812	0.0561041824722	-0.0328771166156	-0.0156368560399	-0.0814168243787	-0.0293858864008	0.015499258417	-0.0307424337247	-0.0289250868462	-0.0232577164725	-0.0333688470748	0.0166124836248	-0.0176552981975
k__Bacteria;p__Bacteroidetes;c__Bacteroidia;o__Bacteroidales;f__Porphyromonadaceae;g__Barnesiella;s__Barnesiella_intestinihominis	-0.0079993133332	-0.046834392982	0.083801873916	0.0353697730702	0.0403870347828	-0.0302816396653	-0.0521215632303	0.00286055347777	-0.0371137468861	-0.0241543252013	-0.0450138477503	0.0412337449942	0.0399604445905	-0.100165007091	0.030625190626	0.0190899825071	-0.0417961333369	0.00683515143419	1.0	-0.0427132623357	0.0214555317719	-0.00684605363691	-0.029190555153	-0.045271046968	-0.0569279167353	-0.0278979089553	0.072254735597	-0.0404914182423	0.0146714031917	0.0196456109516	-9.49228477961e-05	-0.0522806170444	-0.0131761348774	-0.0534093146499	-0.0563467860144	0.0164398425734	0.00903060188	-0.023276958867	-0.0197745462533	-0.0519042503415	0.0326669504623	-0.00634103403202	-0.0159000029683	0.0236744186239	-0.0042674104846	0.0430946444958	0.0396930148511	-0.0827639328077	-0.0488014601377	-0.050053724349	-0.00776312168692	-0.0146608548185	-0.0268373185715	-0.0239854756541	0.0199579311097	0.0364164118679	0.00865340094081	-0.0270054775856	-0.0511173680562
k__Bacteria;p__Bacteroidetes;c__Bacteroidia;o__Bacteroidales;f__Odoribacteraceae;g__Odoribacter;s__Odoribacter_splanchnicus	0.0810909201836	-0.0261078082332	0.00158545493085	0.0125642500756	0.03535203811	-0.0272307649458	-0.0154972198887	0.0055422288965	0.0487137111216	-0.0576726597115	0.0709290647539	-0.058909257359	-0.0112245202226	-0.0147356091981	-0.00644264203772	0.0403932877607	-0.0381675327625	-0.0423825143421	-0.0427132623357	1.0	0.000352420208529	0.0673469686228	-0.0583999603959	-0.00518891071468	0.00512950136846	-0.0374933686765	-0.00958872758789	0.00737669018264	-0.00874720562235	0.0315347326179	-0.0341331026266	0.00807530742312	0.0268846828692	-0.0275475697202	-0.0375033581941	0.00781278549943	0.0282048549459	0.0441862011522	-0.0464757343652	0.0463498323443	0.0265553232953	-0.0186223224484	-0.0626902140978	0.0559809909857	-0.0447723501649	-0.0146419010308	-0.0353268630455	-0.0465648290405	-0.027485451457	0.00132190272966	-0.0232108453592	-0.0815456807722	-0.0778224714952	-0.0211441068635	-0.00495408735594	-0.0233134301797	-0.010879086888	-0.0357043695355	0.00187284186273
k__Bacteria;p__Bacteroidetes;c__Bacteroidia;o__Bacteroidales;f__Bacteroidaceae;g__Bacteroides;s__Bacteroides_salyersiae	-0.0540732689808	-0.041580709754	-0.0611586469315	-0.0488877692798	-0.00796117268473	0.0088002619962	0.018536006794	0.0282673372565	-0.0362969133899	-0.00546831191248	-0.0139953872247	0.00387742242884	0.00845144818556	0.0365431849494	0.0195472253165	-0.0895743508451	0.0466527918343	-0.0265911121401	0.0214555317719	0.000352420208529	1.0	0.0259422492606	0.0559681412021	0.0227278180151	-0.060946039606	0.0157978459836	-0.0753607968399	0.00758379467928	0.0388198275329	-0.0595164055413	-0.0645168011653	-0.0372189015012	0.019255008435	-0.0569369081346	-0.0808351725586	-0.0317464428193	0.0862850017308	-0.00562643021208	-0.0270474077425	0.01918132552	-0.0180583755168	0.0125507870635	-0.0109287625663	0.0658217326435	0.0214510981339	-0.00858782475971	-0.00920154268192	-0.0267288609143	-0.000584427009211	0.0186993796752	-0.018121320818	0.00392414749215	-0.0628042268696	-0.0216622508861	-0.0562175705394	0.00461854281145	0.0023389470601	-0.0185797417233	0.00617153029644
k__Bacteria;p__Firmicutes;c__Clostridia;o__Clostridiales;f__Ruminococcaceae;g__Ruminiclostridium;s__[Eubacterium]_siraeum	-0.0301180742008	0.0429115802221	-0.0249378115258	-0.0138629418132	0.0521870094452	-0.0136289559266	-0.0634919357853	-0.0965683874001	-0.0298918163236	0.0341591943998	0.00499830800685	0.00324846796283	0.015932560757	-0.070857876954	-0.0110668598621	0.0486901549798	-0.0374875899805	-0.0388495973312	-0.00684605363691	0.0673469686228	0.0259422492606	1.0	0.0322287531469	-0.00794978200396	-0.0243363049024	-0.0186466766287	-0.0459121557432	0.0660815036885	0.0506012273661	-0.00579523590341	0.0370454750374	-0.0620800101936	-0.000692658523934	-0.0430205120512	-0.0193323378121	0.00352172747076	-0.0516731567292	-0.0499544424872	0.0134709462828	-0.0259961879537	-0.0400877280457	-0.00387156005081	-0.053743330911	0.00492830234168	0.00114224235856	-0.0574971243029	-0.0500067329388	0.0136282958604	-0.039687597893	-0.0370066877675	-0.00764685479344	0.008797978282	0.0765455271233	-0.0697511644351	-0.0565451311379	-0.00984345633867	-0.0230334177491	-0.0239165877531	-0.034454133965
k__Bacteria;p__Proteobacteria;c__Betaproteobacteria;o__Burkholderiales;f__Sutterellaceae;g__Parasutterella;s__Parasutterella_excrementihominis	-0.066799207937	-0.0242526089261	0.0398944401397	-0.0192517453742	-0.0270579637068	-0.0114612259253	0.0259611426092	0.0321443827075	0.0632702488556	0.00610508559861	-0.100412556333	0.00907640541526	0.090074977966	-0.00997241219062	0.0578411398329	0.000535246677478	0.0534805938532	0.0054753065206	-0.029190555153	-0.0583999603959	0.0559681412021	0.0322287531469	1.0	-0.0728754354417	0.0183434618792	-0.0184178436022	0.0145708977335	-0.000923346953778	0.0475091587192	0.0047468413017	-0.00650345222076	-0.00706393754205	-0.0130249096067	0.024226882077	-0.0895276865061	0.0440098284392	-0.0550734593105	-0.055689671029	-0.00818185008859	-0.0263642249174	-0.0199941843648	-0.0443616470465	-0.00115530584722	-0.0023347461291	-0.0378195071788	0.0774875450977	-0.105138299235	-0.0568546963039	-0.0225306254078	-0.108316634938	0.00882739326865	-0.0176043505734	0.0369955565929	0.0494525503801	0.0297224972808	-0.0346713317458	0.0136635726892	-0.0605509272007	-0.00492868760591
k__Bacteria;p__Actinobacteria;c__Actinobacteria;o__Bifidobacteriales;f__Bifidobacteriaceae;g__Bifidobacterium;s__Bifidobacterium_adolescentis	0.0774431525887	-0.0141588532849	-0.0180518241556	-0.0818199971201	0.0313486995916	-0.0487884970787	0.044175976726	0.0645105365636	0.053122871035	-0.0552490199894	0.0571550811567	-0.0156966348777	-0.0306899799357	-0.00014650437354	-0.012054510007	-0.105583521406	0.0163722806697	0.000727877678693	-0.045271046968	-0.00518891071468	0.0227278180151	-0.00794978200396	-0.0728754354417	1.0	-0.0176984164442	-0.0583943646003	-0.0131268589019	0.0460012465457	-0.0244527123607	0.030331782902	-0.0156031067227	0.0223435841472	0.0067144109361	0.0694975743547	-0.0741686919635	-0.0899099721642	0.0189155915542	-0.0563278309945	0.00655148200365	-0.0109890504528	0.0560627467454	0.052508884898	0.010160363054	0.018338039075	-0.0226393546382	-0.0190714588958	0.0470939111406	-0.0147153640622	-0.0559525438732	-0.0352431766999	0.0132595941148	-0.0489232835157	-0.0499451922455	-0.0269230262521	0.0201268583924	0.0244437667071	-0.0114259807686	0.0447928938617	0.0693598398447
k__Bacteria;p__Firmicutes;c__Clostridia;o__Clostridiales;f__Oscillospiraceae;g__Oscillibacter;s__Oscillibacter_sp._KLE_1745	-0.041961202232	-0.0219389700685	0.0101848746415	0.0634771181321	-0.0464089062447	0.0129461032916	-0.0037134753566	-0.0178490416267	-0.0740468971055	-0.058686515564	0.0195565355744	0.0142655360561	-0.0317443864639	-0.0594168622465	0.0532393017531	0.060653706128	-0.0558027133938	-0.0225458300258	-0.0569279167353	0.00512950136846	-0.060946039606	-0.0243363049024	0.0183434618792	-0.0176984164442	1.0	-0.000114047898319	0.000556015923337	0.00753730786735	-0.0177263343553	0.0173179047035	0.0275337241402	-0.0388356357923	-0.00732602004464	-0.0250886482228	-0.0266539076362	-0.00934917749479	-0.066900765231	0.019135722495	0.0337725484022	-0.00340181173161	0.0534454484462	0.0261127613241	-0.045094790753	0.023647849505	0.000141411565613	0.0156174456468	-0.00709571437521	-0.0819543953219	-0.0106052588393	0.0398570417198	0.0206551811033	-0.00130117385153	-0.055050686286	0.0286395475129	0.0291160171015	0.00755543411307	0.0323888002177	0.000505874181893	0.00440912717002
k__Bacteria;p__Bacteroidetes;c__Bacteroidia;o__Bacteroidales;f__Bacteroidaceae;g__Bacteroides;s__Bacteroides_coprophilus	-0.0120407622476	0.0180729592809	-0.020055971297	-0.0349956477374	-0.0265142828044	0.0366068448036	0.0232628753763	-0.108190239592	-0.00638233196127	-0.000140052093993	-0.018894832216	-0.100267469249	0.0208631563836	-0.00676170607405	-0.0270922485791	-0.00303131961616	0.0293731461136	-0.0970699588418	-0.0278979089553	-0.0374933686765	0.0157978459836	-0.0186466766287	-0.0184178436022	-0.0583943646003	-0.000114047898319	1.0	-0.0389914699818	-0.0215134443827	-0.0322884501216	0.00233112596003	0.0316933658562	-0.0259329056557	-0.00697760750156	-0.0106071081577	-0.0312120149481	0.015076714881	-0.0208716721945	0.0195565673134	0.0403395268952	0.000237899470351	-0.0124525978385	-0.0227844905045	-0.00283637921009	0.0239372315809	0.00510494715008	-0.0131426242218	-0.022504941608	0.00749741005295	0.00245264945318	0.0499432637418	0.00928312688989	-0.0351127422481	0.0148666014498	0.00667433606205	-0.0366738263464	-0.0403633017703	0.0691844532944	-0.0368641328986	0.011378195093
k__Bacteria;p__Firmicutes;c__Clostridia;o__Clostridiales;f__Lachnospiraceae;g__Roseburia;s__Roseburia_intestinalis	-0.0242779756208	0.00251295201325	-0.00501153923135	-0.0466344485741	-0.00440114511188	-0.0334749166511	-0.0302583534302	0.0282135492455	0.0263079660449	-0.00541385581698	-0.0133292348105	-0.0621599908814	-0.0370829415564	-0.0301031277375	-0.016586180693	-0.0273086790112	0.0438580683702	0.0248868741769	0.072254735597	-0.00958872758789	-0.0753607968399	-0.0459121557432	0.0145708977335	-0.0131268589019	0.000556015923337	-0.0389914699818	1.0	0.0524625029129	0.0295803742228	-0.0399858615231	-0.0441578364409	-0.00985940237339	0.0413337486128	-0.0537918318861	-0.0780375327088	-0.0510226505284	0.00678224971442	0.055786953991	0.0109116938797	0.0674133758794	0.00938388027862	-0.0148699690473	-0.0237070877334	-0.0595834565545	-0.00390670077955	0.00780880223127	0.00608054289601	0.0289287305854	-0.0264703369028	0.0015318487707	-0.0325179873235	0.0417264524844	-0.0389639302961	-0.0299064230252	-0.0160961506788	-0.00199772643847	-0.0472188077254	-0.0123201424774	-0.0420732159398
k__Bacteria;p__Firmicutes;c__Clostridia;o__Clostridiales;f__Lachnospiraceae;g__Roseburia;s__Roseburia_hominis	0.0637842703063	-0.0609529898004	0.011871877784	-0.0149371391682	0.0401143795333	-0.047946698186	0.00019707088733	-0.000729250206516	-0.0143955337777	-0.0381504236157	0.0132689800038	-0.0652406986219	-0.0264874617071	-0.0230485368724	0.0223261305632	-0.0335413243418	-0.00878032802942	-0.0267911414003	-0.0404914182423	0.00737669018264	0.00758379467928	0.0660815036885	-0.000923346953778	0.0460012465457	0.00753730786735	-0.0215134443827	0.0524625029129	1.0	0.00661150557814	-0.0491837522365	-0.0585091696731	0.0266154457538	0.0238780440945	0.00147711457987	-0.00232477001344	0.0348526318708	0.0528800628061	-0.0290151564559	-0.0252893403456	-0.0178607320563	0.0504285343394	0.00811240718038	-0.0839303780713	-0.100204792882	-0.0705703521142	-0.03119374533	0.0708707464118	-0.0183574996218	-0.0583871959632	-0.0546602367852	-0.0521950527144	0.000269176557923	0.0124310183163	0.00378224112251	0.0587149223157	-0.0610564256657	-0.0646824385821	0.010583673097	0.0505270011229
k__Bacteria;p__Bacteroidetes;c__Bacteroidia;o__Bacteroidales;f__Porphyromonadaceae;g__Parabacteroides;s__Parabacteroides_johnsonii	0.0372704011171	0.00766785756891	-0.00907459553603	0.0300236770589	0.0255371357595	-0.070952099041	-0.044216120229	-0.0382981996734	-0.042529582212	0.122145633505	0.0339236738955	-0.0149204873232	-0.0324293235858	-0.0627697584969	-0.0629263487909	0.0145915869203	-0.0314325866169	-0.0392511487067	0.0146714031917	-0.00874720562235	0.0388198275329	0.0506012273661	0.0475091587192	-0.0244527123607	-0.0177263343553	-0.0322884501216	0.0295803742228	0.00661150557814	1.0	-0.00560775559701	0.00178275434581	-0.0294575031446	-0.0279316910614	-0.0701682394129	-0.0265603872566	0.00318977017649	-0.0599566730236	-0.00144652931602	0.0230820499551	0.0530668509563	0.0118193141091	-0.0458005660361	-0.0513000579532	-0.0400611439697	-0.0395907870075	0.0135016170307	0.00616931003174	0.003740897953	-0.0192950394679	-0.0527979904708	-0.000402335865128	0.019764103852	-0.0122240899493	-0.00391444967027	0.00789200123742	-0.0141483439236	0.050994799342	0.00644856769749	-0.0184246438962
k__Bacteria;p__Actinobacteria;c__Actinobacteria;o__Bifidobacteriales;f__Bifidobacteriaceae;g__Bifidobacterium;s__Bifidobacterium_longum	0.0503038613855	-0.0210954309007	0.0546401897337	-0.0474069156729	0.0103272439878	0.0382505970822	0.0251118237314	-0.0667394319005	0.000818255328908	-0.0224645292826	0.0395317958208	-0.0185794274013	-0.0248512488171	-0.0378088745486	-0.0184606793687	0.0307724328519	-0.0163446545361	-0.0295367944502	0.0196456109516	0.0315347326179	-0.0595164055413	-0.00579523590341	0.0047468413017	0.030331782902	0.0173179047035	0.00233112596003	-0.0399858615231	-0.0491837522365	-0.00560775559701	1.0	-0.038487359762	0.0270064932649	-0.0399101599785	0.00872489732343	-0.0557219491506	-0.0294447874464	0.00946891012626	-0.0359222036745	-0.0467565185938	-0.0087311062799	-0.0252543548411	0.00173481950794	0.0036174833409	-0.00162718882783	-0.0313420638883	-0.0218790805285	-0.0773596133363	-0.0204733854729	0.0319484484614	-0.0676452907574	0.0866628287948	-0.00933815956067	-0.0112546135799	-0.00369740480039	-0.0479816209351	0.00463292276877	0.0715317227394	-0.0483783446341	-0.0627664821342
