#taxonomy	k__Bacteria;p__Bacteroidetes;c__Bacteroidia;o__Bacteroidales;f__Bacteroidaceae;g__Bacteroides;s__Bacteroides_vulgatus	k__Bacteria;p__Bacteroidetes;c__Bacteroidia;o__Bacteroidales;f__Bacteroidaceae;g__Bacteroides;s__Bacteroides_uniformis	k__Bacteria;p__Bacteroidetes;c__Bacteroidia;o__Bacteroidales;f__Rikenellaceae;g__Alistipes;s__Alistipes_putredinis	k__Bacteria;p__Bacteroidetes;c__Bacteroidia;o__Bacteroidales;f__Prevotellaceae;g__Prevotella;s__Prevotella_copri	k__Bacteria;p__Bacteroidetes;c__Bacteroidia;o__Bacteroidales;f__Bacteroidaceae;g__Bacteroides;s__Bacteroides_stercoris	k__Bacteria;p__Bacteroidetes;c__Bacteroidia;o__Bacteroidales;f__Bacteroidaceae;g__Bacteroides;s__Bacteroides_ovatus	k__Bacteria;p__Bacteroidetes;c__Bacteroidia;o__Bacteroidales;f__Rikenellaceae;g__Alistipes;s__Alistipes_shahii	k__Bacteria;p__Firmicutes;c__Clostridia;o__Clostridiales;f__Ruminococcaceae;g__Faecalibacterium;s__Faecalibacterium_prausnitzii	k__Bacteria;p__Bacteroidetes;c__Bacteroidia;o__Bacteroidales;f__Rikenellaceae;g__Alistipes;s__Alistipes_finegoldii	k__Bacteria;p__Bacteroidetes;c__Bacteroidia;o__Bacteroidales;f__Porphyromonadaceae;g__Parabacteroides;s__Parabacteroides_distasonis	k__Bacteria;p__Bacteroidetes;c__Bacteroidia;o__Bacteroidales;f__Bacteroidaceae;g__Bacteroides;s__Bacteroides_thetaiotaomicron	k__Bacteria;p__Bacteroidetes;c__Bacteroidia;o__Bacteroidales;f__Bacteroidaceae;g__Bacteroides;s__Bacteroides_coprocola	k__Bacteria;p__Bacteroidetes;c__Bacteroidia;o__Bacteroidales;f__Bacteroidaceae;g__Bacteroides;s__Bacteroides_cellulosilyticus	k__Bacteria;p__Bacteroidetes;c__Bacteroidia;o__Bacteroidales;f__Rikenellaceae;g__Alistipes;s__Alistipes_obesi	k__Bacteria;p__Firmicutes;c__Clostridia;o__Clostridiales;f__Lachnospiraceae;g__;s__[Eubacterium]_rectale	k__Bacteria;p__Bacteroidetes;c__Bacteroidia;o__Bacteroidales;f__Bacteroidaceae;g__Bacteroides;s__Bacteroides_plebeius	k__Bacteria;p__Bacteroidetes;c__Bacteroidia;o__Bacteroidales;f__Bacteroidaceae;g__Bacteroides;s__Bacteroides_fragilis	k__Bacteria;p__Proteobacteria;c__Betaproteobacteria;o__Burkholderiales;f__Sutterellaceae;g__Sutterella;s__Sutterella_wadsworthensis	k__Bacteria;p__Bacteroidetes;c__Bacteroidia;o__Bacteroidales;f__Porphyromonadaceae;g__Barnesiella;s__Barnesiella_intestinihominis	k__Bacteria;p__Bacteroidetes;c__Bacteroidia;o__Bacteroidales;f__Odoribacteraceae;g__Odoribacter;s__Odoribacter_splanchnicus	k__Bacteria;p__Bacteroidetes;c__Bacteroidia;o__Bacteroidales;f__Bacteroidaceae;g__Bacteroides;s__Bacteroides_salyersiae	k__Bacteria;p__Firmicutes;c__Clostridia;o__Clostridiales;f__Ruminococcaceae;g__Ruminiclostridium;s__[Eubacterium]_siraeum	k__Bacteria;p__Proteobacteria;c__Betaproteobacteria;o__Burkholderiales;f__Sutterellaceae;g__Parasutterella;s__Parasutterella_excrementihominis	k__Bacteria;p__Actinobacteria;c__Actinobacteria;o__Bifidobacteriales;f__Bifidobacteriaceae;g__Bifidobacterium;s__Bifidobacterium_adolescentis	k__Bacteria;p__Firmicutes;c__Clostridia;o__Clostridiales;f__Oscillospiraceae;g__Oscillibacter;s__Oscillibacter_sp._KLE_1745	k__Bacteria;p__Bacteroidetes;c__Bacteroidia;o__Bacteroidales;f__Bacteroidaceae;g__Bacteroides;s__Bacteroides_coprophilus	k__Bacteria;p__Firmicutes;c__Clostridia;o__Clostridiales;f__Lachnospiraceae;g__Roseburia;s__Roseburia_intestinalis	k__Bacteria;p__Firmicutes;c__Clostridia;o__Clostridiales;f__Lachnospiraceae;g__Roseburia;s__Roseburia_hominis	k__Bacteria;p__Bacteroidetes;c__Bacteroidia;o__Bacteroidales;f__Porphyromonadaceae;g__Parabacteroides;s__Parabacteroides_johnsonii	k__Bacteria;p__Actinobacteria;c__Actinobacteria;o__Bifidobacteriales;f__Bifidobacteriaceae;g__Bifidobacterium;s__Bifidobacterium_longum	k__Bacteria;p__Firmicutes;c__Clostridia;o__Clostridiales;f__;g__Flavonifractor;s__Flavonifractor_plautii	k__Bacteria;p__Firmicutes;c__Clostridia;o__Clostridiales;f__Clostridiaceae;g__Clostridium;s__Clostridium_phoceensis	k__Bacteria;p__Verrucomicrobia;c__Verrucomicrobiae;o__Verrucomicrobiales;f__Akkermansiaceae;g__Akkermansia;s__Akkermansia_muciniphila	k__Bacteria;p__Bacteroidetes;c__Bacteroidia;o__Bacteroidales;f__Prevotellaceae;g__Paraprevotella;s__Paraprevotella_xylaniphila	k__Bacteria;p__Firmicutes;c__Clostridia;o__Clostridiales;f__Ruminococcaceae;g__Ruminococcus;s__Ruminococcus_callidus	k__Bacteria;p__Bacteroidetes;c__Bacteroidia;o__Bacteroidales;f__Rikenellaceae;g__Alistipes;s__Alistipes_senegalensis	k__Bacteria;p__Firmicutes;c__Clostridia;o__Clostridiales;f__Lachnospiraceae;g__Blautia;s__Blautia_sp._KLE_1732	k__Bacteria;p__Bacteroidetes;c__Bacteroidia;o__Bacteroidales;f__Bacteroidaceae;g__Bacteroides;s__Bacteroides_oleiciplenus	k__Bacteria;p__Firmicutes;c__Clostridia;o__Clostridiales;f__Ruminococcaceae;g__Ruminococcus;s__Ruminococcus_bicirculans	k__Bacteria;p__Bacteroidetes;c__Bacteroidia;o__Bacteroidales;f__Bacteroidaceae;g__Bacteroides;s__Bacteroides_fluxus	k__Bacteria;p__Bacteroidetes;c__Bacteroidia;o__Bacteroidales;f__Prevotellaceae;g__Prevotella;s__Prevotella_stercorea	k__Bacteria;p__Firmicutes;c__Clostridia;o__Clostridiales;f__Lachnospiraceae;g__Dorea;s__Dorea_longicatena	k__Bacteria;p__Firmicutes;c__Clostridia;o__Clostridiales;f__Eubacteriaceae;g__Eubacterium;s__[Eubacterium]_eligens	k__Bacteria;p__Firmicutes;c__Clostridia;o__Clostridiales;f__Ruminococcaceae;g__;s__Ruminococcaceae_bacterium_D16	k__Bacteria;p__Firmicutes;c__Clostridia;o__Clostridiales;f__Lachnospiraceae;g__Coprococcus;s__Coprococcus_comes	k__Bacteria;p__Proteobacteria;c__Gammaproteobacteria;o__Enterobacterales;f__Enterobacteriaceae;g__Escherichia;s__Escherichia_coli	k__Bacteria;p__Firmicutes;c__Clostridia;o__Clostridiales;f__Ruminococcaceae;g__Anaerotruncus;s__Anaerotruncus_colihominis	k__Bacteria;p__Firmicutes;c__Clostridia;o__Clostridiales;f__Lachnospiraceae;g__Blautia;s__Blautia_obeum	k__Bacteria;p__Bacteroidetes;c__Bacteroidia;o__Bacteroidales;f__Odoribacteraceae;g__Odoribacter;s__Odoribacter_laneus	k__Bacteria;p__Firmicutes;c__Clostridia;o__Clostridiales;f__Ruminococcaceae;g__Ruminiclostridium;s__[Clostridium]_leptum	k__Bacteria;p__Bacteroidetes;c__Bacteroidia;o__Bacteroidales;f__Porphyromonadaceae;g__Parabacteroides;s__Parabacteroides_goldsteinii	k__Bacteria;p__Firmicutes;c__Clostridia;o__Clostridiales;f__Lachnospiraceae;g__Anaerostipes;s__Anaerostipes_hadrus	k__Bacteria;p__Firmicutes;c__Clostridia;o__Clostridiales;f__Ruminococcaceae;g__Ruminococcus;s__Ruminococcus_lactaris	k__Bacteria;p__Firmicutes;c__Clostridia;o__Clostridiales;f__Clostridiaceae;g__Clostridium;s__Clostridium_sp._L2-50	k__Bacteria;p__Firmicutes;c__Clostridia;o__Clostridiales;f__Clostridiaceae;g__Clostridium;s__Clostridium_sp._M62/1	k__Bacteria;p__Firmicutes;c__Clostridia;o__Clostridiales;f__;g__Intestinimonas;s__Intestinimonas_butyriciproducens	k__Bacteria;p__Actinobacteria;c__Actinobacteria;o__Bifidobacteriales;f__Bifidobacteriaceae;g__Bifidobacterium;s__Bifidobacterium_bifidum	k__Bacteria;p__Firmicutes;c__Negativicutes;o__Veillonellales;f__Veillonellaceae;g__Dialister;s__Dialister_invisus	k__Bacteria;p__Bacteroidetes;c__Bacteroidia;o__Bacteroidales;f__Bacteroidaceae;g__Bacteroides;s__Bacteroides_salanitronis
k__Bacteria;p__Bacteroidetes;c__Bacteroidia;o__Bacteroidales;f__Bacteroidaceae;g__Bacteroides;s__Bacteroides_vulgatus	1.0	-0.0297469641004	-0.0189469824514	-0.00455572952918	0.0200075046506	0.00453603550752	0.027116862718	-0.0439985615588	-0.0503402710992	0.0836129921477	-0.0402015082313	-0.0286796489133	-0.00818800055204	0.0124754139503	0.0252574323481	0.0427326598528	0.0612378308221	0.0137803045539	-0.0110355100376	-0.0337328401935	0.000312048726472	-0.0243810088431	-0.0498963697425	-0.0130740645797	0.0300906635709	0.0127706505183	-0.0136116968002	0.0212209360113	-0.0582691866568	-0.0136277182119	0.0134891691746	-0.0285365189252	-0.002326122281	-0.00238268969788	0.0545440785639	-0.00457977431686	-0.083141327957	0.0350634917641	-0.0112052895182	-0.0226787731462	0.0545388629576	-0.0351162841538	-0.0442577525222	0.0150744726419	-0.00886026359269	-0.0190116232769	0.0121328985579	-0.0387060640751	-0.00259273828838	-0.0613967266264	0.0290781112898	-0.0444980767721	-0.0394817865772	-0.0511724055191	-0.00702535417501	-0.0332119723424	-0.0338245060118	-0.0449103206409	-0.0589558564358
k__Bacteria;p__Bacteroidetes;c__Bacteroidia;o__Bacteroidales;f__Bacteroidaceae;g__Bacteroides;s__Bacteroides_uniformis	-0.0297469641004	1.0	-0.0155888667711	-0.0279191178709	-0.0239455358059	-0.0464448952138	-0.0284831985715	-0.0509666070616	0.0730996022079	0.00550603786519	0.0136980466387	-0.0169931167828	0.0403799576941	-0.0153368828781	-0.0132517569922	-0.0467211045172	-0.0174605305499	0.0164232889391	-0.0222447864998	-0.0288487439004	0.0626994922471	-0.0407463182893	0.00879578091059	-0.0414590152581	0.00737744943738	0.00845857443592	0.024446421731	-0.060151790423	-0.0583673253208	-0.00659551679618	0.00223203830821	-0.0111268818917	-0.0663502127042	-0.0550618506744	-0.0103466172123	0.0219352107462	-0.0247481664888	0.00188013127228	0.0359355727732	-0.0444955351682	0.0186325437096	0.0113604719269	-0.0720631684052	0.00539098381648	0.000829452624862	0.020388092094	-0.0198280656284	0.0542278285689	-0.0222147479823	0.00794519134528	0.0684746756961	-0.0308583606778	0.0145571949879	0.0172137166262	-0.0457373314125	-0.0392572340668	0.0111586374013	0.0108987838741	0.00773337998471
k__Bacteria;p__Bacteroidetes;c__Bacteroidia;o__Bacteroidales;f__Rikenellaceae;g__Alistipes;s__Alistipes_putredinis	-0.0189469824514	-0.0155888667711	1.0	0.00619273802635	-0.0262671566516	-0.0055025355255	-0.000876573940474	0.0141441155013	0.0253451337641	0.0158717211178	-0.0475722126083	-0.00465683592856	0.0208957648553	-0.0311012316606	-0.0344260485967	-0.0328031278108	-0.0118013357092	0.039102276289	-0.000611395020133	0.0732479280429	6.9555224284e-05	-0.0108369772893	-0.0316309111014	-0.0338367314798	-0.0373637508795	-0.0121745754485	0.00108181637628	-0.0299561382021	-0.0520598326198	-0.0356639578666	0.0095394237045	-0.0769795749241	-0.0253187741095	0.0306512356904	0.0140717742954	-0.00612600133681	0.0628053098112	0.0393808891312	0.0093130340863	-0.0235217618052	-0.0306982648655	-0.0342661317962	0.0182277264265	-0.0619669641905	0.0113744198508	-0.0331683399926	0.0125401377954	-0.0384939695046	-0.0355377963796	-0.0240883658007	-0.0241146532564	0.030878891379	0.0220858566529	-0.0118099462613	0.00299587392388	-0.0336933569919	-0.0189418960455	0.0769434537797	-0.03937594771
k__Bacteria;p__Bacteroidetes;c__Bacteroidia;o__Bacteroidales;f__Prevotellaceae;g__Prevotella;s__Prevotella_copri	-0.00455572952918	-0.0279191178709	0.00619273802635	1.0	-0.00100215073256	-0.0325837132409	0.00512129794975	-0.0572913440846	0.0326882941443	0.0309222791531	-0.0046538045542	-0.021425928977	0.00638379610167	-0.0795532000606	-0.0251448783769	-0.00721470409419	-0.00805863009745	0.0058303274988	-0.0291960023641	0.0569611220376	-0.0323596548943	-0.0871291278534	-0.00266482934233	-0.0428098262569	0.0597194971885	-0.0370130060957	0.0170075536508	-0.0050113376479	-0.0429580759877	-0.0450392830388	-0.04874368581	0.0190966217287	0.0245012659998	-0.0266944771618	-0.0245365427961	-0.00967088543022	0.00161922438166	-0.0319048700908	-0.0593677406007	0.040766564238	0.0213608058317	-0.013488014197	-0.0107167355704	-0.0748739868278	-0.00953715315046	-0.00800207576163	0.00648529291	-0.00372322200526	0.0931424528921	0.0630686058686	-0.0380547591105	0.0445014938435	0.101526945142	-0.0613814821562	-0.0546930693232	0.0192579946317	0.0069528625536	-0.0687078583192	0.00657168335467
k__Bacteria;p__Bacteroidetes;c__Bacteroidia;o__Bacteroidales;f__Bacteroidaceae;g__Bacteroides;s__Bacteroides_stercoris	0.0200075046506	-0.0239455358059	-0.0262671566516	-0.00100215073256	1.0	-0.0398111955139	-0.0169881778285	0.0433296386056	0.0314160442116	0.00667853365639	-0.0259834248928	-0.0411917532748	-0.0502669040186	0.00397940296491	0.0247770806584	-0.056536858699	-0.0439049332213	-0.0490036793317	0.016042883722	0.0286453934923	-0.0470342593007	-0.0522958083069	0.0403770807576	-0.0098113002237	-0.000433871031872	-0.0166804914212	-0.038138474901	-0.05709036493	-0.016927546179	-0.0101898955774	0.00718877918504	0.0263061112094	0.00211739891553	-0.0703625561445	0.0489911588689	0.103635413922	0.0125374023242	-0.0706813874707	0.0100106062117	0.040337862157	-0.043299394677	-0.0254340852009	-0.00579291751779	-0.0373120796088	-0.0425901406669	0.00210360740428	0.032908620794	0.031615224277	0.0109334237299	0.0159740077119	-0.0121417561806	-0.0373370094869	-0.0167690655071	-0.0265073961545	0.0124915774822	-0.00522324683764	-0.0533255806519	0.0923872078059	0.0644524319188
k__Bacteria;p__Bacteroidetes;c__Bacteroidia;o__Bacteroidales;f__Bacteroidaceae;g__Bacteroides;s__Bacteroides_ovatus	0.00453603550752	-0.0464448952138	-0.0055025355255	-0.0325837132409	-0.0398111955139	1.0	0.00395337634444	0.049440201804	0.0295804942692	-0.0625437834281	0.0139788219634	-0.0111953636293	0.000206870772756	-0.00741459466306	0.0224005831487	-0.0118698007234	0.0823546983	-0.0578586807645	-0.00937717338862	0.0675480309378	0.0376963572133	-0.0263362043237	-0.0445643125264	0.0528081615025	-0.0666573335903	0.0207017628523	0.0149054045611	0.0381949770511	-0.0432604815715	-0.0324838654611	-0.102758669376	0.0210274567841	-0.0341560641386	-0.0177218586542	-0.0341049987773	-0.0338655425049	0.045342730544	0.0158118694181	-0.000856383801029	0.00251944826925	0.0191424360268	-0.0169487252343	-0.0212635669653	-0.0511351423934	0.0349124077249	-0.0707635726887	-0.0972528823553	-0.0115600357478	0.0112034091494	-0.0206039696813	-0.10435811336	0.00959883336369	0.00666841427182	-0.00458879309234	0.00998605715786	0.0179357834965	0.00687330428218	-0.0150720788003	0.0483889783732
k__Bacteria;p__Bacteroidetes;c__Bacteroidia;o__Bacteroidales;f__Rikenellaceae;g__Alistipes;s__Alistipes_shahii	0.027116862718	-0.0284831985715	-0.000876573940474	0.00512129794975	-0.0169881778285	0.00395337634444	1.0	0.0227092692718	0.0257197042928	-0.0129794659094	-0.0482726373409	-0.00838425495147	0.0188024989706	-0.0011035498326	0.0248977088955	-0.058117000254	-0.060903834459	0.019217468189	-0.0177545027094	0.00238263482539	-0.0405815831474	-0.0541520868732	0.044352539327	-0.058948951946	0.0220031453796	-0.00146158500761	-0.0114220443636	-0.0667811191111	0.0161574695917	0.0235413329051	-0.083220945157	0.0338706970792	0.0396298496637	0.0377523187333	-0.060307183353	-0.0846886393081	0.0141708575439	-0.0529503239359	0.0524249969201	-0.0104906911306	-0.0349359841948	0.0489669406884	-0.0200441878496	0.0122743959924	-0.041472548182	-0.0356518241571	-0.00130559157605	-0.0451472150128	-0.00621803904044	0.0019523003608	0.0274059749229	-0.010445118562	0.023718305179	-0.0293505599663	0.0397210100091	-0.00296390022814	0.0379678104784	0.0106895044259	0.00378222500897
k__Bacteria;p__Firmicutes;c__Clostridia;o__Clostridiales;f__Ruminococcaceae;g__Faecalibacterium;s__Faecalibacterium_prausnitzii	-0.0439985615588	-0.0509666070616	0.0141441155013	-0.0572913440846	0.0433296386056	0.049440201804	0.0227092692718	1.0	-0.0312540190412	0.0183297269891	-0.0210456310157	-0.00532358680078	-0.0394126840001	0.0411403853371	-0.0119527681714	0.0151456958385	-0.0201800760218	0.0395955686609	0.000731518957728	-0.026264667204	-0.127617203932	0.0315644378965	-0.0273665513821	-0.0519064207539	-0.0590211298729	-0.0425293844107	-0.0264967142634	0.0134773751738	-0.0194020854687	0.0639296359674	-0.0253485640226	-0.0449102310597	-0.00699081373286	-0.0115996999932	-0.0306656706439	-0.0290511483688	-0.0328104387656	0.033259467362	-0.0192491032228	-0.00426083200395	-0.0167666663584	0.0283418628344	-0.0280961947691	0.0655816599293	-0.0211430915871	0.0335065126391	-0.0417222600393	-0.0765597383106	-0.00622949816208	-0.00542726723123	0.033720430856	-0.044369633284	-0.0166815869583	-0.0129527129828	0.0260949382171	-0.000434057879603	-0.0152958230189	-0.00988961473167	0.0588031887498
k__Bacteria;p__Bacteroidetes;c__Bacteroidia;o__Bacteroidales;f__Rikenellaceae;g__Alistipes;s__Alistipes_finegoldii	-0.0503402710992	0.0730996022079	0.0253451337641	0.0326882941443	0.0314160442116	0.0295804942692	0.0257197042928	-0.0312540190412	1.0	-0.042488037253	-0.0557680807527	-0.00153127297184	-0.0322233311992	0.0395521001872	0.0038433679453	-0.00630365248944	0.00941825452038	-0.0168561988408	0.0237564417595	-0.0102359561584	-0.0175094843757	0.0935218764163	0.025663999528	-0.0332492027435	-0.0681168787389	0.0177713968753	-0.0247095697878	-0.0586331716935	0.00731969207804	-0.0336456075367	-0.0577300799279	0.00181576219377	0.0279693033835	0.00621565129896	-0.0226145747037	-0.0801930160244	0.0208928633149	0.0116081651354	-0.0510562838279	-0.0279806667185	-0.00551625471749	-0.0142661667933	0.0101476090109	-0.0221394970721	0.0242848992671	-0.0513840489144	-0.0502473378128	-0.0508508010064	-0.0212127348291	-0.00275615404553	0.0727725158844	-0.0334503276196	0.0166240876522	-0.0619361974839	-0.047953205289	-0.0491899452866	0.0313501867731	-0.00504912949428	0.00616056362414
k__Bacteria;p__Bacteroidetes;c__Bacteroidia;o__Bacteroidales;f__Porphyromonadaceae;g__Parabacteroides;s__Parabacteroides_distasonis	0.0836129921477	0.00550603786519	0.0158717211178	0.0309222791531	0.00667853365639	-0.0625437834281	-0.0129794659094	0.0183297269891	-0.042488037253	1.0	-0.0570078522552	-0.0434284330919	0.0100069915713	-0.0109772439496	-0.0475104213867	-0.0486750403187	-0.0577748929411	-0.0561818816864	0.0289532909949	0.0282507972605	-0.018807339902	0.0134723454388	-0.0828483330057	-0.0261338294223	-0.0107047700716	-0.0251935828483	0.0249967379567	-0.0179428368642	-0.0221778462629	-0.0566958708365	0.00487251883584	0.00174861249347	-0.00168169682468	0.035974079244	0.0293438988952	-0.0330569998188	-0.0303919485499	0.0498333390386	-0.0454718512883	0.0138913492105	-0.0400904277829	0.0485756354341	-0.00715133105834	0.00612093504357	-0.0254790187292	-0.0066500883499	-0.00790222325908	0.120273845989	-0.0377693590232	-0.0120948954406	-0.0370393406638	-0.0337118027999	0.0634995204726	0.0556466521193	0.014011136455	-0.0591593123089	0.00233097090532	-0.0271927559663	0.016129538203
k__Bacteria;p__Bacteroidetes;c__Bacteroidia;o__Bacteroidales;f__Bacteroidaceae;g__Bacteroides;s__Bacteroides_thetaiotaomicron	-0.0402015082313	0.0136980466387	-0.0475722126083	-0.0046538045542	-0.0259834248928	0.0139788219634	-0.0482726373409	-0.0210456310157	-0.0557680807527	-0.0570078522552	1.0	0.0245293481216	-0.0120407677114	-0.0280395546356	0.00999306930583	-0.0556284458189	0.0175080627489	0.0452058332287	0.0343620922657	-0.000660084710643	-0.0655872899245	-0.0112736137213	-0.0240304361727	0.0255638882523	-0.00665691382989	0.0676849407735	-0.0977462476697	0.000371267590546	0.0154360786492	0.00750706212586	0.0291418294553	-0.00898944186866	-0.0143921503438	-0.0402559199142	0.0355274004346	0.0402207833939	-0.0195198718391	-0.0177733452463	-0.00364836449542	0.0153922652972	0.0176164873432	-0.0051923999639	0.0215776437502	-0.0378405461058	0.0409315501552	-0.0447554577293	-0.00543551378342	-0.0109567827036	-0.0398460552806	0.0141910645479	0.0235063750971	0.0387124600129	-0.0901993587951	0.0187538085465	-0.00333652193058	0.0209630914753	-0.0665663227103	-0.0231531949238	0.0691992105068
k__Bacteria;p__Bacteroidetes;c__Bacteroidia;o__Bacteroidales;f__Bacteroidaceae;g__Bacteroides;s__Bacteroides_coprocola	-0.0286796489133	-0.0169931167828	-0.00465683592856	-0.021425928977	-0.0411917532748	-0.0111953636293	-0.00838425495147	-0.00532358680078	-0.00153127297184	-0.0434284330919	0.0245293481216	1.0	0.0526702509008	-0.140062233847	0.00481926363795	-0.0365108792775	0.0126599590303	-0.0115322086168	0.0400021715653	0.0163875532417	-0.0048148698304	0.0548046242672	0.00682394977406	-0.00531671836854	-0.0077786466912	0.00383216961013	-0.0546340316381	-0.0284600332763	0.0521598486108	0.00355706556978	0.0786019075706	0.00958834632137	-0.0427510685575	-0.0314426502571	0.00696765521829	-0.0944466284066	0.0532368765164	-0.0282342013512	0.0340296676213	-0.0147775506644	-0.0533562357269	-0.00679885424976	0.0408992621611	-0.00792258424881	0.0209842475748	-0.0388558295807	-0.0519635080044	-0.00266383808507	0.0102682471332	0.00617414998809	-0.00291418046711	0.053328881015	0.0335625978251	0.0327149190089	-0.0440395683606	-0.0110896959722	-0.0349782549848	0.0581016034296	-0.0731819436456
k__Bacteria;p__Bacteroidetes;c__Bacteroidia;o__Bacteroidales;f__Bacteroidaceae;g__Bacteroides;s__Bacteroides_cellulosilyticus	-0.00818800055204	0.0403799576941	0.0208957648553	0.00638379610167	-0.0502669040186	0.000206870772756	0.0188024989706	-0.0394126840001	-0.0322233311992	0.0100069915713	-0.0120407677114	0.0526702509008	1.0	0.0130968821442	0.0303642301136	0.0211277272628	-0.0486346012921	-0.00784316954364	-0.0608377563589	-0.0131873428996	-0.00459865758106	-0.0532804043922	-0.0892607971162	0.0130718119267	0.0357526200082	-4.73083024574e-05	-0.00927317181406	-0.0240260064376	-0.0273160346643	-0.0429800347153	-0.0925070269462	-0.0114216558228	0.0684470772499	0.0242469282413	0.00351627519846	-0.00420942831193	0.0448220142038	-0.0533757487655	0.000524553011782	0.00588532547582	-0.0303410441782	-0.00323629243378	-0.0117299390393	-0.0128751676415	0.0306385820855	0.0273639150249	-0.0583844693444	0.0460206100211	-0.0181020807304	-0.0481620506175	-0.0498465510883	-0.0499519087881	-0.0403357710114	-0.00428051754975	-0.0351280510321	0.00498933129703	0.0198473955557	-0.0406765715401	-0.027299409133
k__Bacteria;p__Bacteroidetes;c__Bacteroidia;o__Bacteroidales;f__Rikenellaceae;g__Alistipes;s__Alistipes_obesi	0.0124754139503	-0.0153368828781	-0.0311012316606	-0.0795532000606	0.00397940296491	-0.00741459466306	-0.0011035498326	0.0411403853371	0.0395521001872	-0.0109772439496	-0.0280395546356	-0.140062233847	0.0130968821442	1.0	-0.0287619690762	-0.00414889025486	0.0247665888529	-0.059538202881	-0.00484043170083	-0.0326724468685	-0.000653904483352	-0.0451848020976	-0.0290063282258	-0.0493231744598	-0.0464316068929	-0.0326082962832	-0.0247539165275	0.0443304905119	0.0477606428282	-0.034545640575	0.0274292366257	-0.0630219782467	0.0199530226875	-0.0269990272002	-0.000188348307062	-0.00716860757885	-0.0245216026142	0.0620021268477	-0.034237160868	0.0345661924352	-0.0561005523084	-0.000549144465576	0.0139994130843	-0.000689224176057	-0.0506069600943	0.0132486228631	-0.0457778943396	0.0374852918968	-0.0437874964877	-0.0315548503063	0.0191825953665	-0.0214764846417	-0.024833683239	-0.0856009543617	0.00871523179634	-0.0551443602003	-0.043557344394	-0.0107908344534	-0.0227472788339
k__Bacteria;p__Firmicutes;c__Clostridia;o__Clostridiales;f__Lachnospiraceae;g__;s__[Eubacterium]_rectale	0.0252574323481	-0.0132517569922	-0.0344260485967	-0.0251448783769	0.0247770806584	0.0224005831487	0.0248977088955	-0.0119527681714	0.0038433679453	-0.0475104213867	0.00999306930583	0.00481926363795	0.0303642301136	-0.0287619690762	1.0	-0.0536299274593	-0.0580233334555	-0.0540098488402	-0.0648650108356	0.0616940652243	0.0252513399017	-0.0819109720711	-0.009644716652	0.0777745519971	-0.0437625005968	-0.045530086412	-0.0317586493717	-0.0357225844636	0.015458227557	-0.0199861736198	-0.0111860336227	0.0377507413134	0.0219305716303	-0.069593659027	0.0249690971714	0.00903869712704	0.037222647155	0.0259218536048	-0.0615896041541	0.0427869906503	0.0815166295083	-0.0454453045401	0.0381358443234	0.00341118806135	-0.067308737495	0.00802426637695	-0.0541425033079	0.00801876389187	-0.072842624507	-0.0621090471859	-0.0394849128659	-0.00353433300821	-0.00180173181087	-0.00253938022335	-0.0312050378079	0.0249829903984	-0.043185942426	-0.00794313948152	0.0015447146155
k__Bacteria;p__Bacteroidetes;c__Bacteroidia;o__Bacteroidales;f__Bacteroidaceae;g__Bacteroides;s__Bacteroides_plebeius	0.0427326598528	-0.0467211045172	-0.0328031278108	-0.00721470409419	-0.056536858699	-0.0118698007234	-0.058117000254	0.0151456958385	-0.00630365248944	-0.0486750403187	-0.0556284458189	-0.0365108792775	0.0211277272628	-0.00414889025486	-0.0536299274593	1.0	0.0132416796396	0.0616984164115	0.0933693594419	0.00361297625756	0.0339309914671	-0.0666826929465	0.038510839174	-0.0489439562199	-0.0253799453045	0.0336016445049	0.0392945757333	-0.027575015778	0.0189346304217	-0.0309316557983	-0.0422941075598	-0.0846098496339	-0.0514224235566	0.041510877472	0.0702533490934	-0.0416943165301	-0.100868350566	0.0129475121595	0.00298506851602	0.0212515935196	-0.00831531480678	-0.0307296363788	-0.0297602180119	-0.0818803719173	-0.0284381220222	-0.0252980668305	-0.00450709043585	0.0358131237616	0.00786093214875	-0.0307995471235	-0.0558596232461	-0.0163254296717	-0.0559913862209	-0.0165660285879	0.0289464961327	-0.013484568928	-0.0277030602274	0.00290579916716	-0.0382900601614
k__Bacteria;p__Bacteroidetes;c__Bacteroidia;o__Bacteroidales;f__Bacteroidaceae;g__Bacteroides;s__Bacteroides_fragilis	0.0612378308221	-0.0174605305499	-0.0118013357092	-0.00805863009745	-0.0439049332213	0.0823546983	-0.060903834459	-0.0201800760218	0.00941825452038	-0.0577748929411	0.0175080627489	0.0126599590303	-0.0486346012921	0.0247665888529	-0.0580233334555	0.0132416796396	1.0	0.0336499975418	-0.00315609558393	0.0010406078747	0.0148244144124	0.0510301811314	0.00400660760145	0.00729516541558	0.0279362840418	-0.00547780497205	-0.0366138559205	0.0565570701215	0.0216992401222	-0.00927109557789	-0.00802882903405	-0.00364459254452	-0.0407078047694	0.072678814725	-0.0427443120521	0.0193341479765	-0.0170601821723	0.0526720861424	0.0130604214745	-0.0201605964562	-0.000938218355622	-0.0404998369393	-0.010669924422	0.00731573062675	-0.0729652696839	-0.0284959242207	0.00452204596923	-0.0328560935048	0.0499760622582	0.0592268098064	0.0776780676572	-0.0183867163206	-0.0611693250671	-0.0196163378726	-0.0687746360817	-0.0148153411736	0.0164542210411	0.0149750356782	-0.0012729857308
k__Bacteria;p__Proteobacteria;c__Betaproteobacteria;o__Burkholderiales;f__Sutterellaceae;g__Sutterella;s__Sutterella_wadsworthensis	0.0137803045539	0.0164232889391	0.039102276289	0.0058303274988	-0.0490036793317	-0.0578586807645	0.019217468189	0.0395955686609	-0.0168561988408	-0.0561818816864	0.0452058332287	-0.0115322086168	-0.00784316954364	-0.059538202881	-0.0540098488402	0.0616984164115	0.0336499975418	1.0	0.0351375848252	0.0105032127078	-0.009567328196	0.0164716070896	-0.0554488564583	-0.042345588026	-0.0435978533115	0.0553382927029	-0.00145230264725	-0.0217115675229	-0.0159138460088	0.0726253804292	-0.0650079291671	0.0272717647527	-0.0126224435366	-0.0501426914027	0.0179140843903	-0.0508868719482	-0.0382168674721	0.0212725782513	0.031331923329	0.00200297512556	-0.0512255396619	0.0103999240482	0.0877573212461	0.0649718813599	0.0206146913148	0.00822156191021	-0.102040184217	-0.0187192234534	0.054392057939	-0.0238102122005	-0.0391441992191	-0.0363570200591	-0.0667236172719	-0.000606047502274	0.039153594863	0.0914733657385	-0.00917592186933	-0.028844964697	-0.0203414921101
k__Bacteria;p__Bacteroidetes;c__Bacteroidia;o__Bacteroidales;f__Porphyromonadaceae;g__Barnesiella;s__Barnesiella_intestinihominis	-0.0110355100376	-0.0222447864998	-0.000611395020132	-0.0291960023641	0.016042883722	-0.00937717338862	-0.0177545027094	0.000731518957728	0.0237564417595	0.0289532909949	0.0343620922657	0.0400021715653	-0.0608377563589	-0.00484043170083	-0.0648650108356	0.0933693594419	-0.00315609558393	0.0351375848252	1.0	-0.0798342436782	0.0198681840268	0.0426152812353	-0.0238931632785	0.0285709977821	-0.0441338504382	-0.0291278621409	0.00143883544851	0.0380103503792	0.0125345327735	0.00347806316595	0.0620509556071	0.0280584141275	-0.0409368091721	-0.0959755530645	-0.0638984393839	-0.0237557199002	-0.0232914765869	-0.0154796744932	0.0275599990569	-0.0414753384023	0.0188178212285	-0.00778946354017	-0.0696106714263	0.0187461692715	0.0119950768109	0.0307680012488	0.0288870277065	-0.0147219179525	0.0334708891929	0.00530952186976	-0.0201525895364	-0.0130773207967	-0.0336675651688	0.0123505500136	0.00390987404611	-0.06267450385	0.00783742075568	0.019784640985	-0.0867613240721
k__Bacteria;p__Bacteroidetes;c__Bacteroidia;o__Bacteroidales;f__Odoribacteraceae;g__Odoribacter;s__Odoribacter_splanchnicus	-0.0337328401935	-0.0288487439004	0.0732479280429	0.0569611220376	0.0286453934923	0.0675480309378	0.00238263482539	-0.026264667204	-0.0102359561584	0.0282507972605	-0.000660084710643	0.0163875532417	-0.0131873428996	-0.0326724468685	0.0616940652243	0.00361297625756	0.0010406078747	0.0105032127078	-0.0798342436782	1.0	0.014741336636	0.0404112488714	0.0189438775055	-0.0408803357592	-0.0508609900838	0.00122210114459	0.0244210813845	0.0581979031485	0.000951060854734	-0.023922193079	-0.0769604995248	-0.0421769820199	-0.0190623271942	0.000393394805131	-0.069368694105	-0.00808998056943	-0.0716002504387	0.000398362527585	-0.0227068350557	-0.0321073731977	0.0151565377383	-0.0320432660576	-0.0215367786224	0.0379765937535	-0.0504822623459	-0.0246403570689	0.0339246025682	-0.0203424459892	0.029300225016	0.0472633099959	0.00343645302834	-0.0305302362477	-0.0407344675884	0.0359733254132	-0.0022876829037	0.0397829068809	-0.0678559401424	-0.0340234502163	0.00387682236301
k__Bacteria;p__Bacteroidetes;c__Bacteroidia;o__Bacteroidales;f__Bacteroidaceae;g__Bacteroides;s__Bacteroides_salyersiae	0.000312048726472	0.0626994922471	6.9555224284e-05	-0.0323596548943	-0.0470342593007	0.0376963572133	-0.0405815831474	-0.127617203932	-0.0175094843757	-0.018807339902	-0.0655872899245	-0.0048148698304	-0.00459865758106	-0.000653904483352	0.0252513399017	0.0339309914671	0.0148244144124	-0.009567328196	0.0198681840268	0.014741336636	1.0	-0.00132114343725	0.0517308779164	-0.00912441162569	0.036531655069	-0.0200456750261	0.0397352415713	-0.0415537005732	0.0144270107197	-0.0416876260824	-0.0219814756143	0.0211375851907	-0.112655703038	-0.0485051437447	0.0194920332574	0.0396267894746	0.00187442520646	0.0129447247241	-0.0222622762284	-0.0034611167937	0.031785853418	-0.00394572095977	-0.0227207709121	-0.031753147025	-0.0319528516412	0.00298088292318	0.0129046159552	0.0449650383806	-0.00160485495555	-0.0201840395707	-0.0342978269137	-0.0163670504583	0.0185134718319	0.0208607297686	0.00435226090616	0.0115098124302	-0.00389029063361	-0.021947919609	-0.0255146451062
k__Bacteria;p__Firmicutes;c__Clostridia;o__Clostridiales;f__Ruminococcaceae;g__Ruminiclostridium;s__[Eubacterium]_siraeum	-0.0243810088431	-0.0407463182893	-0.0108369772893	-0.0871291278534	-0.0522958083069	-0.0263362043237	-0.0541520868732	0.0315644378965	0.0935218764163	0.0134723454388	-0.0112736137213	0.0548046242672	-0.0532804043922	-0.0451848020976	-0.0819109720711	-0.0666826929465	0.0510301811314	0.0164716070896	0.0426152812353	0.0404112488714	-0.00132114343725	1.0	-0.022301603759	0.00840259641857	0.00195636638033	-0.0238332414821	0.0154869595273	0.0299514085194	0.0251576844443	0.0310372340965	-0.0502504117095	-0.0378969294595	-0.0511759976804	0.0335127308083	-0.00265650984117	0.0112038606584	-0.0718185086905	-0.048134862501	0.031251470717	-0.0452920131172	-0.0164019257701	-0.0917753177272	-0.0191176180375	-0.00546285539754	-0.0144164472664	0.0382769493828	-0.0296317129014	0.029863764709	-0.0187343250259	0.0273801016959	-0.0203846855809	-0.03857463223	-0.0722665068919	0.0434225422562	-0.0495346824784	-0.0096624499643	0.0305268095446	-0.0368734598861	-0.0285388803608
k__Bacteria;p__Proteobacteria;c__Betaproteobacteria;o__Burkholderiales;f__Sutterellaceae;g__Parasutterella;s__Parasutterella_excrementihominis	-0.0498963697425	0.00879578091059	-0.0316309111014	-0.00266482934233	0.0403770807576	-0.0445643125264	0.044352539327	-0.0273665513821	0.025663999528	-0.0828483330057	-0.0240304361727	0.00682394977406	-0.0892607971162	-0.0290063282258	-0.009644716652	0.038510839174	0.00400660760145	-0.0554488564583	-0.0238931632785	0.0189438775055	0.0517308779164	-0.022301603759	1.0	-0.0198353420867	0.00976943227262	-0.0236799733349	-0.0294459386233	0.0375750962433	0.00609701465547	-0.0416384017987	-0.00268996848288	-0.00435569590006	-0.0222423985543	0.0264353674408	0.0026077064136	0.00671696113366	-0.0335720676076	-0.0771340764832	-0.0100574270899	-0.0181166457165	-0.0812599878799	0.0238458877133	0.00767480375921	0.041312758912	0.0197162027769	-0.0116384493432	-0.0352428975332	-0.0379830353711	0.0422227717436	0.0234670595905	0.000283644772695	0.00296819506888	0.061287838899	-0.00694859106476	0.0287077584616	0.0305555245034	0.00176122945091	-0.0746113098605	-0.0331712696567
k__Bacteria;p__Actinobacteria;c__Actinobacteria;o__Bifidobacteriales;f__Bifidobacteriaceae;g__Bifidobacterium;s__Bifidobacterium_adolescentis	-0.0130740645797	-0.0414590152581	-0.0338367314798	-0.0428098262569	-0.0098113002237	0.0528081615025	-0.058948951946	-0.0519064207539	-0.0332492027435	-0.0261338294223	0.0255638882523	-0.00531671836854	0.0130718119267	-0.0493231744598	0.0777745519971	-0.0489439562199	0.00729516541558	-0.042345588026	0.0285709977821	-0.0408803357592	-0.00912441162569	0.00840259641857	-0.0198353420867	1.0	0.0202299708602	-0.0108341383462	-0.00165517020498	-0.0119329940475	0.0254195068168	-0.0241147478644	-0.0711914022121	-0.00520356479468	-0.0434364579891	0.000663141041448	-0.0113833362641	-0.00880382750356	-0.0436624803876	-0.0204805942969	-0.0036784889291	-0.0640493941738	-0.0302240389727	0.00285323279913	0.015973012204	-0.0457579503159	0.0305454841869	0.023405509451	0.013772640369	0.045724080462	-0.0666039396841	-0.0431536962409	-0.0143383420578	-0.0262152733335	-0.10676153107	0.00607788634807	-0.0233292633483	0.040035681488	-0.0252165262712	-0.0182618522829	0.0025983517945
k__Bacteria;p__Firmicutes;c__Clostridia;o__Clostridiales;f__Oscillospiraceae;g__Oscillibacter;s__Oscillibacter_sp._KLE_1745	0.0300906635709	0.00737744943738	-0.0373637508795	0.0597194971885	-0.000433871031872	-0.0666573335903	0.0220031453796	-0.0590211298729	-0.0681168787389	-0.0107047700716	-0.00665691382989	-0.0077786466912	0.0357526200082	-0.0464316068929	-0.0437625005968	-0.0253799453045	0.0279362840418	-0.0435978533115	-0.0441338504382	-0.0508609900838	0.036531655069	0.00195636638033	0.00976943227262	0.0202299708602	1.0	-0.0778085342147	-0.0936469559031	0.0692119106201	-0.0046139772418	0.0145969719521	0.0114213623027	-0.0497101733129	-0.0116299567749	-0.0418442625847	0.0468747931359	0.00566377092471	-0.0437950588548	-0.0122292632271	-0.00120950447938	-0.0345042330801	0.0181367802788	0.000811848141501	0.0122845193754	-0.0186254474529	0.0717930754536	0.0620502482335	-0.0461946319522	-0.0214533664076	0.0205622711136	0.0209341776584	0.0300404250674	0.0124459781637	0.00507762885651	-0.00728785656554	-0.0462046186373	-0.00915605455516	-0.0436267984546	-0.0687461255008	0.0490306728401
k__Bacteria;p__Bacteroidetes;c__Bacteroidia;o__Bacteroidales;f__Bacteroidaceae;g__Bacteroides;s__Bacteroides_coprophilus	0.0127706505183	0.00845857443592	-0.0121745754485	-0.0370130060957	-0.0166804914212	0.0207017628523	-0.00146158500761	-0.0425293844107	0.0177713968753	-0.0251935828483	0.0676849407735	0.00383216961013	-4.73083024574e-05	-0.0326082962832	-0.045530086412	0.0336016445049	-0.00547780497205	0.0553382927029	-0.0291278621409	0.00122210114459	-0.0200456750261	-0.0238332414821	-0.0236799733349	-0.0108341383462	-0.0778085342147	1.0	-0.0142640144773	-0.0136358204647	-0.00273028715952	-0.0470851100378	-0.0312291696687	0.0240470522929	0.023026968881	0.0274227506194	-0.0744182740125	0.000497137729009	0.0372433729543	-0.00525424758659	0.0318057106109	0.0267672324907	-0.103510984575	0.0461867284283	0.0661509443831	0.0227160058109	-0.033952605649	-0.0118860152016	0.0016662939538	-0.092011507873	-0.0131265845241	0.0449453714438	-0.0278651713308	0.0329975148833	0.00600069577543	-0.018722161816	-0.0290273341465	-0.00674528105014	0.0544405191236	0.0573056032591	-0.0241571629524
k__Bacteria;p__Firmicutes;c__Clostridia;o__Clostridiales;f__Lachnospiraceae;g__Roseburia;s__Roseburia_intestinalis	-0.0136116968002	0.024446421731	0.00108181637628	0.0170075536508	-0.038138474901	0.0149054045611	-0.0114220443636	-0.0264967142634	-0.0247095697878	0.0249967379567	-0.0977462476697	-0.0546340316381	-0.00927317181406	-0.0247539165275	-0.0317586493717	0.0392945757333	-0.0366138559205	-0.00145230264725	0.00143883544851	0.0244210813845	0.0397352415713	0.0154869595273	-0.0294459386233	-0.00165517020498	-0.0936469559031	-0.0142640144773	1.0	0.030828040342	0.0224206061223	-0.00274640300787	-0.010095929626	0.00361990960717	-0.00646622225378	-0.0338739812622	-0.0547799522525	-0.0113477225522	-0.00367998216524	-0.0284683402399	0.00393364435299	-0.0338138350979	-0.0549790955963	0.0215419250837	-0.0376823927929	0.0550844347726	-0.0251309550468	0.0535468031436	-0.00791239396234	0.0192190176543	0.0149332562445	0.0502419159649	-0.0741670027155	0.0298866538321	0.01844108052	-0.064568753084	0.0280201621871	-0.028024977161	-0.0173298863838	-0.038985983423	-0.0416619445903
k__Bacteria;p__Firmicutes;c__Clostridia;o__Clostridiales;f__Lachnospiraceae;g__Roseburia;s__Roseburia_hominis	0.0212209360113	-0.060151790423	-0.0299561382021	-0.0050113376479	-0.05709036493	0.0381949770511	-0.0667811191111	0.0134773751738	-0.0586331716935	-0.0179428368642	0.000371267590546	-0.0284600332763	-0.0240260064376	0.0443304905119	-0.0357225844636	-0.027575015778	0.0565570701215	-0.0217115675229	0.0380103503792	0.0581979031485	-0.0415537005732	0.0299514085194	0.0375750962433	-0.0119329940475	0.0692119106201	-0.0136358204647	0.030828040342	1.0	0.0032945821546	0.0335648155907	-0.0358938435801	-0.104205767929	0.00130972242417	0.00803618358312	-0.00454495680661	-0.00523163540478	-0.0284811208862	-0.0173311904306	-0.00752878758812	-0.000312061022756	-0.00202249038643	-0.0516117541141	-0.0617700068637	-0.0410441465128	0.0404101440036	0.0128969487881	-0.0416880920581	0.0863551002297	-0.0404534639358	0.0360664937519	0.0332983219786	0.0722175543363	-0.0114393002937	0.0027988278152	-0.0700999621342	-0.0239793025574	-0.0332071716635	-0.100168229781	0.0174787354299
k__Bacteria;p__Bacteroidetes;c__Bacteroidia;o__Bacteroidales;f__Porphyromonadaceae;g__Parabacteroides;s__Parabacteroides_johnsonii	-0.0582691866568	-0.0583673253208	-0.0520598326198	-0.0429580759877	-0.016927546179	-0.0432604815715	0.0161574695917	-0.0194020854687	0.00731969207804	-0.0221778462629	0.0154360786492	0.0521598486108	-0.0273160346643	0.0477606428282	0.015458227557	0.0189346304217	0.0216992401222	-0.0159138460088	0.0125345327735	0.000951060854735	0.0144270107197	0.0251576844443	0.00609701465547	0.0254195068168	-0.0046139772418	-0.00273028715952	0.0224206061223	0.0032945821546	1.0	-0.0237560261623	0.031469527316	-0.00955109264943	-0.0493817821025	-0.0129070059157	-0.0453427071652	-0.00706659386333	-0.0648278224632	0.00333538024014	0.0104140855463	0.0508936712497	0.0240229456939	-0.0200407862521	0.0445046262734	-0.00369134237186	-0.0025450065933	0.00150612832444	-0.0177474345945	0.117195292432	-0.010179834617	-0.0292858364996	0.0634235807668	0.0149532475328	-0.0318948602956	-0.0401638252318	0.0332954769352	0.00779147440074	0.0177204321561	-0.0474387542351	0.0573590029024
k__Bacteria;p__Actinobacteria;c__Actinobacteria;o__Bifidobacteriales;f__Bifidobacteriaceae;g__Bifidobacterium;s__Bifidobacterium_longum	-0.0136277182119	-0.00659551679618	-0.0356639578666	-0.0450392830388	-0.0101898955774	-0.0324838654611	0.0235413329051	0.0639296359674	-0.0336456075367	-0.0566958708365	0.00750706212586	0.00355706556978	-0.0429800347153	-0.034545640575	-0.0199861736198	-0.0309316557983	-0.00927109557789	0.0726253804292	0.00347806316595	-0.023922193079	-0.0416876260824	0.0310372340965	-0.0416384017987	-0.0241147478644	0.0145969719521	-0.0470851100378	-0.00274640300787	0.0335648155907	-0.0237560261623	1.0	0.0488731695223	-0.0117403981594	-0.0397248172284	0.00721968443823	-0.0362476478792	-0.0290950913324	-0.0187704071054	-0.00267784258461	0.0243824658539	-0.0468669984987	0.019990783734	0.0320598983297	0.0273532004007	0.0224053523145	-0.0174474481475	0.0547081991143	-0.0383814732489	-0.0130995857309	-0.0190512350038	-0.0356639370898	-0.00380185635617	-0.0130292219125	0.0185655758367	-0.059607214107	-0.0328290003468	-0.00585414354063	-0.019894269253	0.0294411445814	-0.047456094329
