#taxonomy	k__Bacteria;p__Bacteroidetes;c__Bacteroidia;o__Bacteroidales;f__Bacteroidaceae;g__Bacteroides;s__Bacteroides_vulgatus	k__Bacteria;p__Bacteroidetes;c__Bacteroidia;o__Bacteroidales;f__Bacteroidaceae;g__Bacteroides;s__Bacteroides_uniformis	k__Bacteria;p__Bacteroidetes;c__Bacteroidia;o__Bacteroidales;f__Rikenellaceae;g__Alistipes;s__Alistipes_putredinis	k__Bacteria;p__Bacteroidetes;c__Bacteroidia;o__Bacteroidales;f__Prevotellaceae;g__Prevotella;s__Prevotella_copri	k__Bacteria;p__Bacteroidetes;c__Bacteroidia;o__Bacteroidales;f__Bacteroidaceae;g__Bacteroides;s__Bacteroides_stercoris	k__Bacteria;p__Bacteroidetes;c__Bacteroidia;o__Bacteroidales;f__Bacteroidaceae;g__Bacteroides;s__Bacteroides_ovatus	k__Bacteria;p__Bacteroidetes;c__Bacteroidia;o__Bacteroidales;f__Rikenellaceae;g__Alistipes;s__Alistipes_shahii	k__Bacteria;p__Firmicutes;c__Clostridia;o__Clostridiales;f__Ruminococcaceae;g__Faecalibacterium;s__Faecalibacterium_prausnitzii	k__Bacteria;p__Bacteroidetes;c__Bacteroidia;o__Bacteroidales;f__Rikenellaceae;g__Alistipes;s__Alistipes_finegoldii	k__Bacteria;p__Bacteroidetes;c__Bacteroidia;o__Bacteroidales;f__Porphyromonadaceae;g__Parabacteroides;s__Parabacteroides_distasonis	k__Bacteria;p__Bacteroidetes;c__Bacteroidia;o__Bacteroidales;f__Bacteroidaceae;g__Bacteroides;s__Bacteroides_thetaiotaomicron	k__Bacteria;p__Bacteroidetes;c__Bacteroidia;o__Bacteroidales;f__Bacteroidaceae;g__Bacteroides;s__Bacteroides_coprocola	k__Bacteria;p__Bacteroidetes;c__Bacteroidia;o__Bacteroidales;f__Bacteroidaceae;g__Bacteroides;s__Bacteroides_cellulosilyticus	k__Bacteria;p__Bacteroidetes;c__Bacteroidia;o__Bacteroidales;f__Rikenellaceae;g__Alistipes;s__Alistipes_obesi	k__Bacteria;p__Firmicutes;c__Clostridia;o__Clostridiales;f__Lachnospiraceae;g__;s__[Eubacterium]_rectale	k__Bacteria;p__Bacteroidetes;c__Bacteroidia;o__Bacteroidales;f__Bacteroidaceae;g__Bacteroides;s__Bacteroides_plebeius	k__Bacteria;p__Bacteroidetes;c__Bacteroidia;o__Bacteroidales;f__Bacteroidaceae;g__Bacteroides;s__Bacteroides_fragilis	k__Bacteria;p__Proteobacteria;c__Betaproteobacteria;o__Burkholderiales;f__Sutterellaceae;g__Sutterella;s__Sutterella_wadsworthensis	k__Bacteria;p__Bacteroidetes;c__Bacteroidia;o__Bacteroidales;f__Porphyromonadaceae;g__Barnesiella;s__Barnesiella_intestinihominis	k__Bacteria;p__Bacteroidetes;c__Bacteroidia;o__Bacteroidales;f__Odoribacteraceae;g__Odoribacter;s__Odoribacter_splanchnicus	k__Bacteria;p__Bacteroidetes;c__Bacteroidia;o__Bacteroidales;f__Bacteroidaceae;g__Bacteroides;s__Bacteroides_salyersiae	k__Bacteria;p__Firmicutes;c__Clostridia;o__Clostridiales;f__Ruminococcaceae;g__Ruminiclostridium;s__[Eubacterium]_siraeum	k__Bacteria;p__Proteobacteria;c__Betaproteobacteria;o__Burkholderiales;f__Sutterellaceae;g__Parasutterella;s__Parasutterella_excrementihominis	k__Bacteria;p__Actinobacteria;c__Actinobacteria;o__Bifidobacteriales;f__Bifidobacteriaceae;g__Bifidobacterium;s__Bifidobacterium_adolescentis	k__Bacteria;p__Firmicutes;c__Clostridia;o__Clostridiales;f__Oscillospiraceae;g__Oscillibacter;s__Oscillibacter_sp._KLE_1745	k__Bacteria;p__Bacteroidetes;c__Bacteroidia;o__Bacteroidales;f__Bacteroidaceae;g__Bacteroides;s__Bacteroides_coprophilus	k__Bacteria;p__Firmicutes;c__Clostridia;o__Clostridiales;f__Lachnospiraceae;g__Roseburia;s__Roseburia_intestinalis	k__Bacteria;p__Firmicutes;c__Clostridia;o__Clostridiales;f__Lachnospiraceae;g__Roseburia;s__Roseburia_hominis	k__Bacteria;p__Bacteroidetes;c__Bacteroidia;o__Bacteroidales;f__Porphyromonadaceae;g__Parabacteroides;s__Parabacteroides_johnsonii	k__Bacteria;p__Actinobacteria;c__Actinobacteria;o__Bifidobacteriales;f__Bifidobacteriaceae;g__Bifidobacterium;s__Bifidobacterium_longum	k__Bacteria;p__Firmicutes;c__Clostridia;o__Clostridiales;f__;g__Flavonifractor;s__Flavonifractor_plautii	k__Bacteria;p__Firmicutes;c__Clostridia;o__Clostridiales;f__Clostridiaceae;g__Clostridium;s__Clostridium_phoceensis	k__Bacteria;p__Verrucomicrobia;c__Verrucomicrobiae;o__Verrucomicrobiales;f__Akkermansiaceae;g__Akkermansia;s__Akkermansia_muciniphila	k__Bacteria;p__Bacteroidetes;c__Bacteroidia;o__Bacteroidales;f__Prevotellaceae;g__Paraprevotella;s__Paraprevotella_xylaniphila	k__Bacteria;p__Firmicutes;c__Clostridia;o__Clostridiales;f__Ruminococcaceae;g__Ruminococcus;s__Ruminococcus_callidus	k__Bacteria;p__Bacteroidetes;c__Bacteroidia;o__Bacteroidales;f__Rikenellaceae;g__Alistipes;s__Alistipes_senegalensis	k__Bacteria;p__Firmicutes;c__Clostridia;o__Clostridiales;f__Lachnospiraceae;g__Blautia;s__Blautia_sp._KLE_1732	k__Bacteria;p__Bacteroidetes;c__Bacteroidia;o__Bacteroidales;f__Bacteroidaceae;g__Bacteroides;s__Bacteroides_oleiciplenus	k__Bacteria;p__Firmicutes;c__Clostridia;o__Clostridiales;f__Ruminococcaceae;g__Ruminococcus;s__Ruminococcus_bicirculans	k__Bacteria;p__Bacteroidetes;c__Bacteroidia;o__Bacteroidales;f__Bacteroidaceae;g__Bacteroides;s__Bacteroides_fluxus	k__Bacteria;p__Bacteroidetes;c__Bacteroidia;o__Bacteroidales;f__Prevotellaceae;g__Prevotella;s__Prevotella_stercorea	k__Bacteria;p__Firmicutes;c__Clostridia;o__Clostridiales;f__Lachnospiraceae;g__Dorea;s__Dorea_longicatena	k__Bacteria;p__Firmicutes;c__Clostridia;o__Clostridiales;f__Eubacteriaceae;g__Eubacterium;s__[Eubacterium]_eligens	k__Bacteria;p__Firmicutes;c__Clostridia;o__Clostridiales;f__Ruminococcaceae;g__;s__Ruminococcaceae_bacterium_D16	k__Bacteria;p__Firmicutes;c__Clostridia;o__Clostridiales;f__Lachnospiraceae;g__Coprococcus;s__Coprococcus_comes	k__Bacteria;p__Proteobacteria;c__Gammaproteobacteria;o__Enterobacterales;f__Enterobacteriaceae;g__Escherichia;s__Escherichia_coli	k__Bacteria;p__Firmicutes;c__Clostridia;o__Clostridiales;f__Ruminococcaceae;g__Anaerotruncus;s__Anaerotruncus_colihominis	k__Bacteria;p__Firmicutes;c__Clostridia;o__Clostridiales;f__Lachnospiraceae;g__Blautia;s__Blautia_obeum	k__Bacteria;p__Bacteroidetes;c__Bacteroidia;o__Bacteroidales;f__Odoribacteraceae;g__Odoribacter;s__Odoribacter_laneus	k__Bacteria;p__Firmicutes;c__Clostridia;o__Clostridiales;f__Ruminococcaceae;g__Ruminiclostridium;s__[Clostridium]_leptum	k__Bacteria;p__Bacteroidetes;c__Bacteroidia;o__Bacteroidales;f__Porphyromonadaceae;g__Parabacteroides;s__Parabacteroides_goldsteinii	k__Bacteria;p__Firmicutes;c__Clostridia;o__Clostridiales;f__Lachnospiraceae;g__Anaerostipes;s__Anaerostipes_hadrus	k__Bacteria;p__Firmicutes;c__Clostridia;o__Clostridiales;f__Ruminococcaceae;g__Ruminococcus;s__Ruminococcus_lactaris	k__Bacteria;p__Firmicutes;c__Clostridia;o__Clostridiales;f__Clostridiaceae;g__Clostridium;s__Clostridium_sp._L2-50	k__Bacteria;p__Firmicutes;c__Clostridia;o__Clostridiales;f__Clostridiaceae;g__Clostridium;s__Clostridium_sp._M62/1	k__Bacteria;p__Firmicutes;c__Clostridia;o__Clostridiales;f__;g__Intestinimonas;s__Intestinimonas_butyriciproducens	k__Bacteria;p__Actinobacteria;c__Actinobacteria;o__Bifidobacteriales;f__Bifidobacteriaceae;g__Bifidobacterium;s__Bifidobacterium_bifidum	k__Bacteria;p__Firmicutes;c__Negativicutes;o__Veillonellales;f__Veillonellaceae;g__Dialister;s__Dialister_invisus	k__Bacteria;p__Bacteroidetes;c__Bacteroidia;o__Bacteroidales;f__Bacteroidaceae;g__Bacteroides;s__Bacteroides_salanitronis
k__Bacteria;p__Bacteroidetes;c__Bacteroidia;o__Bacteroidales;f__Bacteroidaceae;g__Bacteroides;s__Bacteroides_vulgatus	1.0	-0.00246735070064	-0.0403113776444	-0.0123194240341	0.0441624526816	-0.060353345657	0.0187507492974	-0.006579683011	0.0417306072937	-0.0374764432548	0.0430841459252	-0.0804328927871	0.000695710702478	-0.0221929233531	0.0453099880531	-0.0356337688972	-0.0240670735783	0.00252154582042	0.0216768882771	-0.00338466047389	-0.0217764034834	-0.0187618820798	0.00763872812998	-0.0359804703685	0.0694228765916	0.0589084104342	-0.00656158216358	-0.00710365213693	0.00387304290838	-0.0131098017767	-0.0212265108271	0.00716985411544	0.0326485419059	-0.00653221497206	-0.033302463673	0.00205377733154	-0.0373628505759	-0.0336184831759	-0.0677471074579	0.0313909995511	-0.0800015576019	-0.0169923180098	-0.024925009739	-0.0047962813547	-0.0229449909943	0.0755782336282	-0.0336210324648	0.0250380214129	0.0135827268784	0.00716406124305	0.0675396280884	0.0416404931121	-0.011647003035	0.00380426525186	-0.0212868484846	-0.0286663861367	-0.021119011177	0.0051933669556	-0.0923145589796
k__Bacteria;p__Bacteroidetes;c__Bacteroidia;o__Bacteroidales;f__Bacteroidaceae;g__Bacteroides;s__Bacteroides_uniformis	-0.00246735070064	1.0	0.0569637680439	0.0573533591617	0.00388956319925	-0.0808448047513	-0.00998620124147	0.028212658478	-0.0125261104672	-0.00235006652122	-0.0023155668174	-0.0158237856183	0.053649052204	-0.049765706115	0.00775917539556	0.0207171664123	-0.0165118846447	-0.041159660892	-0.0304008051617	-0.0154103261527	0.00365570890136	0.0107984418955	-0.0348316296932	-0.0279740175719	0.00722799139711	0.0614968970113	-0.0188424619347	-0.0446435601168	0.0479712466693	-0.0415753472637	-0.0688999435882	-0.00455951732608	0.0981954156565	-0.00420476259419	-0.0629236921594	-0.0398936486015	-0.0115618638766	-0.0445578342392	-0.0480279379466	-0.0585896850606	0.00982177743551	-0.00954814155144	-0.0112201935214	0.062397511763	-0.0526338741666	-0.0568661735169	-0.0142375399751	-0.026181884099	-0.0299828007551	-0.00982658659486	0.017361977618	-0.0694767169661	0.0121572217711	0.0720855935916	-0.0542458785062	0.0303672033276	-0.0299857647267	0.00931117666597	0.0378849010088
k__Bacteria;p__Bacteroidetes;c__Bacteroidia;o__Bacteroidales;f__Rikenellaceae;g__Alistipes;s__Alistipes_putredinis	-0.0403113776444	0.0569637680439	1.0	0.0174199013859	-0.0211908620566	0.0402988238616	-0.0119747187964	-0.00440384972283	-0.0387381641695	-0.0007643366584	0.108211175121	-0.00189875235833	-0.0560712499866	-0.0163875115559	-0.0141670575327	-0.0164734058238	-0.0272934960579	0.0167103806998	-0.0347705046045	-0.0293781856864	-0.0462520340131	-0.0650003032885	-0.0391517976439	0.00632632708852	0.0202584128087	0.000836650906945	0.0200472571423	-0.0753328068689	-0.0113913703442	-0.0246897039549	0.0620679934729	0.0231348166333	-0.0147782749456	-0.0313059470219	-0.00151027192864	0.0566377236993	-0.00127483468304	-0.00331972474846	-0.0179463406481	0.0191532067603	0.0130918600807	0.02175570776	-0.0356014335829	-0.0682911853216	0.0166483896972	-0.0136515877567	-0.0515611781789	-0.0559811631077	-0.0147693748401	-0.0296696420273	-0.00883315134125	0.0222836631134	-0.000812925481077	0.0294538345835	-0.0225208843908	-0.0339453183966	-0.0236160279592	-0.0439989318996	0.0442219750582
k__Bacteria;p__Bacteroidetes;c__Bacteroidia;o__Bacteroidales;f__Prevotellaceae;g__Prevotella;s__Prevotella_copri	-0.0123194240341	0.0573533591617	0.0174199013859	1.0	0.00544202436433	-0.00132753495249	0.0100678892776	-0.0429060454872	-0.104075673679	0.0107289960572	-0.0395111778319	0.0271793946589	-0.0253313481198	-0.0816670942423	-0.0546902304526	-0.0367802355276	0.037296353372	-0.014670656004	-0.0227185136411	-0.0590508224887	0.00158562961371	-0.0448364445579	-0.0046505653837	0.0166340015391	0.00735818308136	-0.0365659863912	-0.0238662291533	0.0313726268187	0.0411152671613	0.0176814415851	-0.0211469186684	0.0167259078029	0.0728809560713	0.0160566073183	-0.05583275136	-0.0573961852075	-0.00193380733231	0.0024423317364	0.0571497768632	0.0164308292581	0.0484126481476	-0.0572746970643	0.0134961641529	-0.0571105019678	0.0631428215599	-0.069751086193	-0.0858943033331	-0.00304306940339	-0.0862487416936	-0.0493311677732	-0.0343413356255	-0.00620198834428	0.0458661615544	-0.051873789051	0.0174878705465	-0.0330075178787	-0.0166880152012	0.0213963555788	-0.0299236265939
k__Bacteria;p__Bacteroidetes;c__Bacteroidia;o__Bacteroidales;f__Bacteroidaceae;g__Bacteroides;s__Bacteroides_stercoris	0.0441624526816	0.00388956319925	-0.0211908620566	0.00544202436433	1.0	-0.0552780625292	0.051056165541	-0.0160265344288	0.0384552547383	-0.0220644898355	0.00770382892559	-0.0196572781474	0.0348351915438	0.00258389316977	-0.016209005584	0.00669266396079	-0.0922718070003	-0.0333092819693	0.0356945257989	-0.0964477370896	-0.0328662623444	0.0247318377816	-0.015135750072	-0.0405323805739	-0.0374156834172	0.0195085705722	0.0488908651863	-0.00765898312649	-0.0593410110726	0.00908392036734	0.0520719070314	-0.0632157993992	0.0270692320626	-0.0427312523094	-0.0325354641595	0.0134517865166	-0.0173303754068	0.0511078706656	0.0111917335149	0.02358296493	0.0306520889846	-0.0237804052602	-0.0185685783129	0.0372645599379	0.0171521993938	-0.0589448667827	-0.00317368168599	0.0271136108763	-0.0018692828853	-0.0504700781325	-0.0449339615065	0.0604578003999	0.0272542524955	-0.00927501892337	-0.0783989037991	-0.00195504465577	0.032331381804	-0.0131306642337	0.0110695506401
k__Bacteria;p__Bacteroidetes;c__Bacteroidia;o__Bacteroidales;f__Bacteroidaceae;g__Bacteroides;s__Bacteroides_ovatus	-0.060353345657	-0.0808448047513	0.0402988238616	-0.00132753495249	-0.0552780625292	1.0	-0.0100924060725	-0.0062550986471	0.039874776303	0.0358188707307	-0.022399552571	0.0293485977502	-0.0283233667455	0.0285343933628	-0.0063772954035	-0.0536688443827	-0.0559439261387	-0.038955255199	0.0311007248279	0.0244680419499	-0.00961445866827	-0.00623893189359	-0.043329114956	-0.0343066478529	-0.0174702637993	-0.00384985751591	0.0227171442111	-0.0617534118217	0.0370488120837	0.0283640344691	-0.0409832012339	-0.0123026586324	-0.0677557185167	-0.0735426145436	-0.0439116715632	-0.0437344561156	-0.012063924037	0.00969645228254	0.00430550874453	0.0384812066721	0.0156816086758	0.00987460964681	0.108287807776	-0.0320110138124	-0.0566713791322	0.0339474599993	-0.0295384456546	-0.0314562508429	-0.0150184398179	0.0434553504987	-0.0741715963316	0.00443696596525	0.00184255438262	0.0152999986828	-0.0676669259628	-0.0338874517623	-0.0112825518482	0.0173917038498	-0.0117663049807
k__Bacteria;p__Bacteroidetes;c__Bacteroidia;o__Bacteroidales;f__Rikenellaceae;g__Alistipes;s__Alistipes_shahii	0.0187507492974	-0.00998620124147	-0.0119747187964	0.0100678892776	0.051056165541	-0.0100924060725	1.0	0.00540968404063	-0.0233277141374	0.103815480878	0.0400990726384	0.0101764742066	-0.00154330025751	0.0590894889838	-0.0374493876218	0.00748698168539	-0.0708174316149	-0.00423340356955	0.0310018382201	-0.0898500930432	-0.0210999323242	-0.00231653579464	0.0127981768764	-0.0780136101958	-0.015456180857	0.0190208636427	-0.0457500676404	0.0677721554838	-0.0161813714249	-0.00494172837608	-0.0168103741056	0.0265595545277	0.029803450401	0.0399138611043	-0.0266280839326	-0.0244273564197	-0.0458855697878	-0.0584678931337	0.0154375896991	0.0225848246824	-0.0430157278648	0.00642001490656	-0.0556118385288	0.00932686213379	-0.0434631457921	-0.0247322922603	0.0408551096585	0.0204592073276	-0.0311908915416	-0.0955619580813	0.0334257452003	-0.026532162114	-0.0644489722356	-0.0256678654768	-0.0164721758676	-0.026342562383	0.0110135328902	0.0198543182882	-0.0245307745438
k__Bacteria;p__Firmicutes;c__Clostridia;o__Clostridiales;f__Ruminococcaceae;g__Faecalibacterium;s__Faecalibacterium_prausnitzii	-0.006579683011	0.028212658478	-0.00440384972283	-0.0429060454872	-0.0160265344288	-0.0062550986471	0.00540968404063	1.0	-0.0414307327258	0.0238560845561	-0.0386594181906	-0.044319063119	0.0132073556286	0.0247278910839	-0.0338658834348	0.0105211625307	-0.0238751197174	0.019675727154	0.0417572326127	5.97091295666e-05	0.0547076248768	0.0321813370371	-0.0227292470809	0.0199486641349	0.0419189681516	0.0129950035125	0.0193430936801	-0.00440497210983	-0.00326276486474	-0.0580343321828	0.00146510547953	-0.0378976016779	0.00112811858715	-0.0713790125736	0.0188948611122	0.101627712586	0.00996444315651	-0.0211757863803	-0.0558151747347	-0.0971004251425	-0.0384997820498	-0.0666688855522	0.072491871854	-0.0185008450278	0.0117510479388	0.010460803743	-0.0399544247111	0.00857538399976	0.022589193477	-0.0111074596335	0.00228934330983	0.0350737393196	-0.0507821190036	-0.0636793488527	0.062661145965	0.0280799497244	-0.0766823256972	-0.0269160778667	-0.0846898009517
k__Bacteria;p__Bacteroidetes;c__Bacteroidia;o__Bacteroidales;f__Rikenellaceae;g__Alistipes;s__Alistipes_finegoldii	0.0417306072937	-0.0125261104672	-0.0387381641695	-0.104075673679	0.0384552547383	0.039874776303	-0.0233277141374	-0.0414307327258	1.0	-0.0444838386155	-0.0206705230295	-0.0851009000942	-0.0019465231274	0.016212655996	-0.0224507731332	0.0371126031967	0.00799630518356	-0.0374800819284	-0.0365593825979	-0.0942786735569	0.0317337320437	-0.0160959356011	-0.0628965012854	0.0249858775624	-0.00751229420291	-0.0310640089393	0.0138474255063	-0.0241578904615	0.029555506918	0.0810439045715	0.000349851953417	-0.0790371709217	-0.0831636036397	-0.0531478923366	0.0247042734139	0.0162023188449	-0.0261093479611	-0.0266816310623	0.00199265560777	0.0695350394795	0.0793491361681	-0.0305528746906	0.0399603943857	-0.00935638574826	-0.0721519757494	0.0175269725199	-0.0383367045489	-0.0234659792409	0.0306905794331	0.00214270574435	-0.0525719317073	-0.000165043554899	0.0301822155414	-0.00415288523622	-0.0181831400836	-0.064011669557	0.0262527934992	0.00476167676145	-0.0357488030938
k__Bacteria;p__Bacteroidetes;c__Bacteroidia;o__Bacteroidales;f__Porphyromonadaceae;g__Parabacteroides;s__Parabacteroides_distasonis	-0.0374764432548	-0.00235006652122	-0.0007643366584	0.0107289960572	-0.0220644898355	0.0358188707307	0.103815480878	0.0238560845561	-0.0444838386155	1.0	0.0465529680514	-0.0225210244968	0.0279534204379	0.0464028879018	-0.01749166319	-0.0228484360585	-0.0763226606311	0.0118370704688	-0.0806592532573	0.000407808785146	-0.00283363607132	0.0533443816729	-0.023751581358	-0.0345888321534	0.0653662423809	0.049922481066	-0.019695274852	-0.0555377399178	0.0284662167704	-0.03141911348	0.00258973991599	0.0198636583056	0.0449272249653	-0.0169287373303	0.0202352449285	0.0341342913671	0.00643625096662	-0.051783395524	-0.0315724231767	0.0549264278541	-0.00814841807509	0.0315878918298	-0.023232749732	-0.0689454320792	-0.0282731171211	-0.0969096410827	-0.0195293611935	-0.00899840922731	-0.0520362288628	0.0191377332022	-0.0193572625968	0.0571832171678	0.0220265847452	-0.00120569505209	-0.0693890959021	0.0256842093235	-0.0174412610393	-0.0540965131063	0.00992730625123
k__Bacteria;p__Bacteroidetes;c__Bacteroidia;o__Bacteroidales;f__Bacteroidaceae;g__Bacteroides;s__Bacteroides_thetaiotaomicron	0.0430841459252	-0.0023155668174	0.108211175121	-0.0395111778319	0.00770382892559	-0.022399552571	0.0400990726384	-0.0386594181906	-0.0206705230295	0.0465529680514	1.0	0.0187149045126	-0.0244805202496	-0.014290642872	0.00344902766241	0.0561434686954	-0.00779635219229	0.023084767586	0.0442796160917	0.0241131598643	-0.00550866211845	-0.0319223106982	0.0041919319966	-0.00781464012049	-0.000129649353151	0.0114262422586	-0.00802308933514	0.0124017277186	0.0333409498554	-0.0177951564328	0.0222706747358	0.053017043489	-0.0448235576389	-0.0207414046947	0.00409095562279	-0.0146233075005	-0.0718508777554	0.0820486735955	-0.0165863323893	-0.0586671117894	-0.0826896101017	-0.0172427727008	-0.0552520111008	0.0161886386493	0.0214134689742	0.00987906639625	0.00327748963417	0.0112237470014	-0.0633121493759	0.0221728241449	0.0237043500447	-0.0108405176832	-0.0188426887227	0.0122627035372	-0.0244236871713	-0.0146449764281	-0.00830612660125	0.0107295552306	-0.0396269063294
k__Bacteria;p__Bacteroidetes;c__Bacteroidia;o__Bacteroidales;f__Bacteroidaceae;g__Bacteroides;s__Bacteroides_coprocola	-0.0804328927871	-0.0158237856183	-0.00189875235833	0.0271793946589	-0.0196572781474	0.0293485977502	0.0101764742066	-0.044319063119	-0.0851009000942	-0.0225210244968	0.0187149045126	1.0	0.0261092029551	-0.049589051033	0.00515886273327	0.0322126664845	-0.0332762866222	-0.0208260059286	-0.00174980347898	0.00500291008862	-0.0299440196357	0.0328319255487	0.00451631734312	-0.0322464483239	-0.0318540896209	-0.0276274367076	0.050778098373	0.00563654404526	0.00468866761344	-0.0258650706469	0.0407908790731	-0.0602678668982	-0.0315571389942	0.0164130426509	0.0194851773849	-0.0155396397822	0.0350983567144	-0.00822285218365	0.0179429816721	-0.090851327972	0.010583355879	-0.0226525214353	-0.0046451864889	-0.0110983663633	0.036956696432	0.074527169507	0.0427448002373	0.0944188752186	-0.00907093163449	0.0246139242852	-0.03069983712	-0.0414360929084	-0.0276799188835	-0.00680819620958	-0.0225155348678	-0.0295314905554	-0.0394960204759	-0.0400592549537	0.0152019706648
k__Bacteria;p__Bacteroidetes;c__Bacteroidia;o__Bacteroidales;f__Bacteroidaceae;g__Bacteroides;s__Bacteroides_cellulosilyticus	0.000695710702478	0.053649052204	-0.0560712499866	-0.0253313481198	0.0348351915438	-0.0283233667455	-0.00154330025751	0.0132073556286	-0.0019465231274	0.0279534204379	-0.0244805202496	0.0261092029551	1.0	-0.00635769655141	-0.0271868329082	-0.0217281653982	0.09102970058	0.040262298961	0.00610848499187	0.0485180337488	0.00136811098773	-0.000944139227156	0.00809297443643	-0.0301142304187	0.005476182549	0.0217217659075	0.0113688677593	-0.0575925837119	-0.00160555865635	-0.0508353146525	0.0407516340922	-0.0468293590332	0.038184381974	-0.00469693433523	0.0151576545329	0.00458910694952	0.0339663729275	-0.086471766839	-0.0139750709288	-0.0365002217509	-0.0309268030988	-0.0887709094053	-0.00693677552758	-0.0533586362763	0.0219177891788	-0.0453163006245	-0.0405292445236	0.0251839410953	-0.0353861214336	-0.00521075594874	-0.0414028046245	-0.0240976824134	-0.0677009517102	0.0180650402114	-0.041100611489	0.0178105515019	-0.0362837758754	-0.013179899855	-0.0267569659565
k__Bacteria;p__Bacteroidetes;c__Bacteroidia;o__Bacteroidales;f__Rikenellaceae;g__Alistipes;s__Alistipes_obesi	-0.0221929233531	-0.049765706115	-0.0163875115559	-0.0816670942423	0.00258389316977	0.0285343933628	0.0590894889838	0.0247278910839	0.016212655996	0.0464028879018	-0.014290642872	-0.049589051033	-0.00635769655141	1.0	0.0357302899332	-0.010055280001	0.0216199060181	-0.0535787962243	-0.0372194364192	0.0216627177909	-0.0406142062501	-0.0223325717127	-0.0196800214064	0.0352333529004	0.00261920457195	-0.0486669191141	0.016887537012	-0.0204734415597	-0.0266411304392	0.0252175875003	0.00281022577105	0.109559043586	-0.0264665375621	-0.0470485404072	0.020059943739	0.0164278428135	-0.0458530470884	0.050023541649	-0.0017695163388	0.0274508737413	0.103723048088	-0.0207872127895	0.00824333524742	-0.0160828254864	0.0531853411007	0.0371823689098	0.0110677964385	-0.069035188001	-0.0120354048726	0.0143018974683	0.0242402821297	-0.0714982742813	0.0480222101897	-0.0423520216681	-0.00275581108569	-0.0435259366591	-0.0445969315704	-0.0490620758827	0.0182754541169
k__Bacteria;p__Firmicutes;c__Clostridia;o__Clostridiales;f__Lachnospiraceae;g__;s__[Eubacterium]_rectale	0.0453099880531	0.00775917539556	-0.0141670575327	-0.0546902304526	-0.016209005584	-0.0063772954035	-0.0374493876218	-0.0338658834348	-0.0224507731332	-0.01749166319	0.00344902766241	0.00515886273327	-0.0271868329082	0.0357302899332	1.0	0.0085237274008	-0.00148114861046	0.0176629432911	-0.0273954965189	-0.0530729128608	0.0155464648328	-0.0587761886336	0.074291265905	-0.0446633211757	0.00422005218216	-0.0105532303634	-0.0192072264342	-0.0517633789709	-0.0273046055085	0.0152660342072	-0.0252860732047	0.0416564838868	-0.0213049915182	-0.0388422878375	-0.0269515719679	0.000365772301926	-0.054056245994	0.0615118115782	-0.0041956736426	-0.0363964491274	0.0270910961364	-0.00236294859371	0.0230346452818	-0.00957968092801	-0.0210295429312	-0.0338634421125	0.0864845305996	-0.0111542925486	-0.0410470342155	-0.0435693527639	-0.00509430369958	0.0253939907622	0.0141378869386	-0.0365146603985	-0.00328934378102	0.0337277059772	0.0217630786927	0.0243956706227	-0.0270947875852
k__Bacteria;p__Bacteroidetes;c__Bacteroidia;o__Bacteroidales;f__Bacteroidaceae;g__Bacteroides;s__Bacteroides_plebeius	-0.0356337688972	0.0207171664123	-0.0164734058238	-0.0367802355276	0.00669266396079	-0.0536688443827	0.00748698168539	0.0105211625307	0.0371126031967	-0.0228484360585	0.0561434686954	0.0322126664845	-0.0217281653982	-0.010055280001	0.0085237274008	1.0	-0.0112757959879	0.0304982753396	-0.0123310453493	-0.0056755320902	-0.00595587812999	-0.0412252529056	-0.0370462885541	-0.00855078351993	-0.0434860798875	-0.0724466573491	-0.0662037779077	0.0265043968094	0.0716463987858	0.00510867952208	-0.0192483738625	0.0380089934215	0.06159042474	-0.0778202620082	0.0373476956882	-0.0646825964617	0.0300732527151	-0.0126520086448	0.0628160270205	-0.0223149420617	-0.0630289134074	0.0085352234622	-0.0369944129786	-0.0878011143711	-0.0228721275502	-0.0116311976626	-0.0378736235263	-0.012958792556	-0.0660485469248	0.000584586888309	-0.00308530484897	-0.0254507125491	-0.0189321860451	-0.0329774667733	-0.0303728058504	-0.0387993832047	0.0172263262071	-0.0525117597104	0.0164698009172
k__Bacteria;p__Bacteroidetes;c__Bacteroidia;o__Bacteroidales;f__Bacteroidaceae;g__Bacteroides;s__Bacteroides_fragilis	-0.0240670735783	-0.0165118846447	-0.0272934960579	0.037296353372	-0.0922718070003	-0.0559439261387	-0.0708174316149	-0.0238751197174	0.00799630518356	-0.0763226606311	-0.00779635219229	-0.0332762866222	0.09102970058	0.0216199060181	-0.00148114861046	-0.0112757959879	1.0	0.0445977313897	0.0257688119685	0.0275007694825	0.05021535344	0.00131518729833	-0.0373371971138	0.0358063415492	0.0103518980511	0.0185112290697	0.000487631472233	-0.00152202633528	-0.0636136311736	-0.0244955655017	0.0134321493157	-0.0190697602753	-0.00023689643745	0.0248245161998	-0.0249943716286	0.00156568871195	0.0181093779752	-0.0230476546519	0.0304203983108	-0.021076487356	-0.0307563782428	0.0233946611752	-0.0397842281896	0.1033142777	0.00318957576014	0.015854279074	-0.0477791689048	-0.0383941036254	0.0280855661713	0.0126325501047	0.00599698472666	0.0231567897144	0.0216324798249	0.000683891057763	-0.0104837693333	3.04131199839e-05	0.0279207362481	0.00892018756289	-0.0429958239525
k__Bacteria;p__Proteobacteria;c__Betaproteobacteria;o__Burkholderiales;f__Sutterellaceae;g__Sutterella;s__Sutterella_wadsworthensis	0.00252154582042	-0.041159660892	0.0167103806998	-0.014670656004	-0.0333092819693	-0.038955255199	-0.00423340356955	0.019675727154	-0.0374800819284	0.0118370704688	0.023084767586	-0.0208260059286	0.040262298961	-0.0535787962243	0.0176629432911	0.0304982753396	0.0445977313897	1.0	-0.0165935780373	-0.0266276255051	-0.0249378922432	-0.020833669529	0.00244180182753	-0.0097661213799	-0.0029116588808	-0.0300421294329	-0.0814846532805	0.0102130995583	-0.0091144752605	-0.0228584240417	0.00736801147185	0.0291247027305	-0.0139964740667	-0.0317005778666	-0.0339675831579	0.0113304712217	-0.0161605826324	0.000427625598051	0.0416400998684	-0.0127488387563	-0.0576241299877	-0.0218498835759	-0.0677603602972	-0.0285396744706	-0.0207380649172	-0.0365109511583	-0.048443836317	0.00774481007885	0.0163809070716	0.0755170473749	0.0458291068993	-0.0341910501531	-0.0456385377788	0.0284232303937	-0.00432230532043	-0.0316521877438	0.0833510594926	0.0133001842146	0.0324776204151
k__Bacteria;p__Bacteroidetes;c__Bacteroidia;o__Bacteroidales;f__Porphyromonadaceae;g__Barnesiella;s__Barnesiella_intestinihominis	0.0216768882771	-0.0304008051617	-0.0347705046045	-0.0227185136411	0.0356945257989	0.0311007248279	0.0310018382201	0.0417572326127	-0.0365593825979	-0.0806592532573	0.0442796160917	-0.00174980347898	0.00610848499187	-0.0372194364192	-0.0273954965189	-0.0123310453493	0.0257688119685	-0.0165935780373	1.0	0.0116032065444	0.0249017180248	-0.0367332613927	-0.0311645923699	0.00947613340702	-0.0478768607901	-0.101016367758	-0.00672126806296	0.00855320296234	0.0320016074222	-0.0167373742712	-0.0354461214873	-0.0502088727391	-0.0182544049545	0.0013113961318	-0.0604658879813	0.0847237734337	0.0416860504184	0.00420596538782	0.0159337611299	0.0398317441709	-0.0422151583713	-0.0650322892773	-0.0633257248911	-0.0555166717249	-0.0417416827491	-0.02420943815	0.0291225416472	0.0165101120236	0.0347510780948	-0.0436807971886	-0.0214094797391	0.000591042574709	-0.0214408966907	-0.00479996373173	-0.044006875082	-0.0157593063096	-0.0744782432913	-0.00886827500593	-0.00364923107015
k__Bacteria;p__Bacteroidetes;c__Bacteroidia;o__Bacteroidales;f__Odoribacteraceae;g__Odoribacter;s__Odoribacter_splanchnicus	-0.00338466047389	-0.0154103261527	-0.0293781856864	-0.0590508224887	-0.0964477370896	0.0244680419499	-0.0898500930432	5.97091295666e-05	-0.0942786735569	0.000407808785146	0.0241131598643	0.00500291008862	0.0485180337488	0.0216627177909	-0.0530729128608	-0.0056755320902	0.0275007694825	-0.0266276255051	0.0116032065444	1.0	0.00806205332682	-0.00487000744999	0.0230413025057	0.0197591466537	-0.0449618805086	-0.0309824765818	-0.00213573783849	0.0602582507862	-0.101905585221	-0.0394149435488	0.0248861767879	0.00756732449585	0.000443603889729	0.0135242242378	-0.0680998537576	-0.0837258514469	-0.028296863075	0.0312657084172	-0.000293784571592	-0.080328103389	0.0203937949427	-0.00524770814242	0.0188333676059	-0.0268570972042	0.0133260275997	0.0242149066065	-0.0242614740279	-0.0296868001632	0.0675773742969	-0.0539011012753	-0.0913048784398	0.01696575362	-0.0394742837223	0.0421502334206	0.015673716831	0.0251713378864	-0.0445199520104	-0.0345127940106	-0.0680835441051
k__Bacteria;p__Bacteroidetes;c__Bacteroidia;o__Bacteroidales;f__Bacteroidaceae;g__Bacteroides;s__Bacteroides_salyersiae	-0.0217764034834	0.00365570890136	-0.0462520340131	0.00158562961371	-0.0328662623444	-0.00961445866827	-0.0210999323242	0.0547076248768	0.0317337320437	-0.00283363607132	-0.00550866211845	-0.0299440196357	0.00136811098773	-0.0406142062501	0.0155464648328	-0.00595587812999	0.05021535344	-0.0249378922432	0.0249017180248	0.00806205332682	1.0	-0.0789386945743	0.00968459558749	-0.0397155098668	0.0314685183392	-0.0503759269081	-0.00829908864968	-0.0178129984002	-0.0233826109257	0.00291282305668	-0.0545239945269	-0.0331000677495	-0.0302204379315	-0.0564274946952	-0.0223033274092	0.00842185275295	0.012541209961	0.0274583188991	-0.00233340530186	0.00440080382076	-0.00372321773166	0.00673372783864	-0.0686662259164	-0.0211418295917	-0.0140578339121	0.0191067151479	0.0366545563092	0.0409615674899	-0.00968772310945	-0.0436448314523	-0.00923624612606	-0.00336568213064	0.00682770230911	-0.0316214868855	-0.0338398296828	-0.0568062371283	0.00722158263913	0.0194840600297	-0.0296198547115
k__Bacteria;p__Firmicutes;c__Clostridia;o__Clostridiales;f__Ruminococcaceae;g__Ruminiclostridium;s__[Eubacterium]_siraeum	-0.0187618820798	0.0107984418955	-0.0650003032885	-0.0448364445579	0.0247318377816	-0.00623893189359	-0.00231653579464	0.0321813370371	-0.0160959356011	0.0533443816729	-0.0319223106982	0.0328319255487	-0.000944139227156	-0.0223325717127	-0.0587761886336	-0.0412252529056	0.00131518729833	-0.020833669529	-0.0367332613927	-0.00487000744999	-0.0789386945743	1.0	0.0241883917884	0.0574683831214	0.053403916913	0.0262978684817	-0.0562349816468	-0.00261240733659	-0.00976201605282	-0.0394489337073	-0.0257341465417	0.0171616737169	-0.0216484356577	0.0775247719504	-0.017650995541	-0.0113581869466	-0.00168407954182	-0.0247276033351	-0.018276977572	-0.0312419499279	-0.0650880650982	0.0334236936545	0.0721056735237	0.0391027362118	-0.0174022372213	0.0149968934119	0.0499177990545	-0.0140330353613	-0.0960871766194	-0.0512497932807	0.0467484493272	-0.0527422821488	0.0633344036065	0.0735462984416	-0.103155069558	-0.00819776676202	0.0493094752604	-0.0783537546829	-0.00852679820456
k__Bacteria;p__Proteobacteria;c__Betaproteobacteria;o__Burkholderiales;f__Sutterellaceae;g__Parasutterella;s__Parasutterella_excrementihominis	0.00763872812998	-0.0348316296932	-0.0391517976439	-0.0046505653837	-0.015135750072	-0.043329114956	0.0127981768764	-0.0227292470809	-0.0628965012854	-0.023751581358	0.0041919319966	0.00451631734312	0.00809297443643	-0.0196800214064	0.074291265905	-0.0370462885541	-0.0373371971138	0.00244180182753	-0.0311645923699	0.0230413025057	0.00968459558749	0.0241883917884	1.0	0.0150170366702	-0.0499807433412	0.0467081102898	0.0169888443565	-0.0373772173177	-0.0587349635643	-0.0344287393657	-0.0361780139082	0.0150804644574	-0.0366308000854	-0.0554225546758	-0.0158430482906	-0.0131151539478	-0.0225182836791	-0.00227971867167	-0.0214420224878	0.0451124505475	0.0318283437445	0.0623608358666	0.0135208642346	0.0132820914103	-0.0293419680633	0.0445190223022	0.0738538274699	-0.00942019076937	-0.0316067375938	-0.0147801897321	-0.045434516864	0.0152309493394	-0.0506067881176	-0.0014861209888	-0.0194079416251	-0.0867804894266	-0.00150507821885	0.0244229592329	0.0177266694486
k__Bacteria;p__Actinobacteria;c__Actinobacteria;o__Bifidobacteriales;f__Bifidobacteriaceae;g__Bifidobacterium;s__Bifidobacterium_adolescentis	-0.0359804703685	-0.0279740175719	0.00632632708852	0.0166340015391	-0.0405323805739	-0.0343066478529	-0.0780136101958	0.0199486641349	0.0249858775624	-0.0345888321534	-0.00781464012049	-0.0322464483239	-0.0301142304187	0.0352333529004	-0.0446633211757	-0.00855078351993	0.0358063415492	-0.0097661213799	0.00947613340702	0.0197591466537	-0.0397155098668	0.0574683831214	0.0150170366702	1.0	0.0101764804038	-0.0127661526721	-0.049428326637	-0.106494441262	0.00174946666716	-0.0325718974312	-0.00654441547237	0.0310548186136	-0.0152112395308	0.0129662333939	-0.0221262497693	-0.0338437418299	0.0299805778625	0.0128311990313	-0.0254778006021	0.00404724707073	0.030814338041	0.0601216320585	-0.0791211624044	-0.00150595028183	0.0145225847461	-0.0253427335305	-0.0506713484974	0.0060298524054	-0.0512184359369	0.0659991180542	0.013679280297	-0.0232453495042	-0.0094841178147	-0.00710353889492	-0.0456430439782	0.0280576929515	0.0711812709788	0.0172207816606	-0.00410815761027
k__Bacteria;p__Firmicutes;c__Clostridia;o__Clostridiales;f__Oscillospiraceae;g__Oscillibacter;s__Oscillibacter_sp._KLE_1745	0.0694228765916	0.00722799139711	0.0202584128087	0.00735818308136	-0.0374156834172	-0.0174702637993	-0.015456180857	0.0419189681516	-0.00751229420291	0.0653662423809	-0.000129649353151	-0.0318540896209	0.005476182549	0.00261920457195	0.00422005218216	-0.0434860798875	0.0103518980511	-0.0029116588808	-0.0478768607901	-0.0449618805086	0.0314685183392	0.053403916913	-0.0499807433412	0.0101764804038	1.0	0.00577021617327	-0.0379676006588	0.00326098023474	-0.041330371145	-0.00235081404761	0.0552766994165	-0.0274345796922	0.00813978046001	-0.0329642215645	-0.0399059082811	-0.0387012083547	-0.0237083447176	0.0195951508338	0.0345492539704	-0.0256919006772	-0.0169724648379	-0.00593471363041	0.0394242527162	0.0193637238304	-0.0691507183374	-0.00879597296925	-0.0183046482388	-0.0348978480723	0.0157752753408	0.00627603793111	0.0191167679177	0.0461816360088	0.0594901854246	-0.0350667648723	-0.0184458623927	0.000624139818271	0.017723704014	0.0393031435059	-0.0629145358776
k__Bacteria;p__Bacteroidetes;c__Bacteroidia;o__Bacteroidales;f__Bacteroidaceae;g__Bacteroides;s__Bacteroides_coprophilus	0.0589084104342	0.0614968970113	0.000836650906945	-0.0365659863912	0.0195085705722	-0.00384985751591	0.0190208636427	0.0129950035125	-0.0310640089393	0.049922481066	0.0114262422586	-0.0276274367076	0.0217217659075	-0.0486669191141	-0.0105532303634	-0.0724466573491	0.0185112290697	-0.0300421294329	-0.101016367758	-0.0309824765818	-0.0503759269081	0.0262978684817	0.0467081102898	-0.0127661526721	0.00577021617327	1.0	-0.0117795194516	-0.0118476662013	-0.0796620665261	-0.0165067447	-0.0066188397044	0.075562290203	-0.0155968158794	0.0220920094707	0.0355851517656	-0.00811206234031	0.0349835781763	0.0300342707961	-0.0569238770869	-0.0389011536621	0.00605210245452	0.0101316930736	-0.0281036015628	0.0201520862464	0.0182896425663	0.0386167878744	-0.0253359986446	-0.0142846546991	-0.0848270174056	0.0384477973755	-0.0396901835731	0.0563498434805	-0.0245310487648	-0.0729290897392	-0.00762685830384	0.0735594682976	0.0317610478034	0.0594898721358	-0.048935971997
k__Bacteria;p__Firmicutes;c__Clostridia;o__Clostridiales;f__Lachnospiraceae;g__Roseburia;s__Roseburia_intestinalis	-0.00656158216358	-0.0188424619347	0.0200472571423	-0.0238662291533	0.0488908651863	0.0227171442111	-0.0457500676404	0.0193430936801	0.0138474255063	-0.019695274852	-0.00802308933514	0.050778098373	0.0113688677593	0.016887537012	-0.0192072264342	-0.0662037779077	0.000487631472233	-0.0814846532805	-0.00672126806296	-0.00213573783849	-0.00829908864968	-0.0562349816468	0.0169888443565	-0.049428326637	-0.0379676006588	-0.0117795194516	1.0	-0.0122409406872	0.0105589007938	0.0234078377816	-0.12382026584	-0.0488629206169	0.00275821349026	-0.00431222505266	-0.0278853897779	0.013677818575	0.0168354781835	0.0183562925499	-0.0365351439441	-0.0288377674407	0.0496958610531	0.0176708831829	0.0308808718502	0.0166199471661	0.0208874087006	0.0199119420056	-0.0660357083408	-0.0535759880935	-0.0210354361833	-0.0193334599838	-0.0168904884066	-0.0209312393371	-0.051730160271	-0.0344019017815	-0.0020357064058	-0.0267199047689	0.0422966723912	-0.0307735700501	-0.0287696979291
k__Bacteria;p__Firmicutes;c__Clostridia;o__Clostridiales;f__Lachnospiraceae;g__Roseburia;s__Roseburia_hominis	-0.00710365213693	-0.0446435601168	-0.0753328068689	0.0313726268187	-0.00765898312649	-0.0617534118217	0.0677721554838	-0.00440497210983	-0.0241578904615	-0.0555377399178	0.0124017277186	0.00563654404526	-0.0575925837119	-0.0204734415597	-0.0517633789709	0.0265043968094	-0.00152202633528	0.0102130995583	0.00855320296234	0.0602582507862	-0.0178129984002	-0.00261240733659	-0.0373772173177	-0.106494441262	0.00326098023474	-0.0118476662013	-0.0122409406872	1.0	0.0164201050672	0.0324341395843	-0.0555679547138	-0.0615660289503	-0.0426323212911	0.0745900966748	-0.0417048609398	-0.0559164807092	-0.0133121148346	-0.0248906371352	0.114469851837	0.0390023508054	-0.0346489833354	0.0468103264682	-0.0101609055117	0.0241560139225	0.0378746479148	-0.0442818280273	-0.0183084391475	0.041868016538	0.0286830374017	-0.0375262579494	-0.0335751646724	-0.0186553801916	0.0305284720748	-0.00876683562922	-0.0144613001129	0.0324617087726	0.00442876512897	0.015956356467	-0.0181706225392
k__Bacteria;p__Bacteroidetes;c__Bacteroidia;o__Bacteroidales;f__Porphyromonadaceae;g__Parabacteroides;s__Parabacteroides_johnsonii	0.00387304290838	0.0479712466693	-0.0113913703442	0.0411152671613	-0.0593410110726	0.0370488120837	-0.0161813714249	-0.00326276486474	0.029555506918	0.0284662167704	0.0333409498554	0.00468866761344	-0.00160555865635	-0.0266411304392	-0.0273046055085	0.0716463987858	-0.0636136311736	-0.0091144752605	0.0320016074222	-0.101905585221	-0.0233826109257	-0.00976201605282	-0.0587349635643	0.00174946666716	-0.041330371145	-0.0796620665261	0.0105589007938	0.0164201050672	1.0	0.0335012808355	-0.0232621433353	-0.0134346947484	-0.00406502910659	0.0220184208082	0.0170487025485	-0.0439913048486	0.0282812284423	0.00970524010534	-0.00749715611742	-0.0311470395279	0.0155491909894	0.00133914387539	0.0146673583304	0.0186226957501	-0.0428346794892	-0.0446248855411	-0.0316736499735	-0.00658070927818	-0.012185861327	0.0336618143174	-0.0260649554378	-0.0290158274527	-0.0349550201875	0.0116274749707	-0.0155496257117	-0.00283495632183	0.0476125837135	-0.00644266417118	-0.00294360440361
k__Bacteria;p__Actinobacteria;c__Actinobacteria;o__Bifidobacteriales;f__Bifidobacteriaceae;g__Bifidobacterium;s__Bifidobacterium_longum	-0.0131098017767	-0.0415753472637	-0.0246897039549	0.0176814415851	0.00908392036734	0.0283640344691	-0.00494172837608	-0.0580343321828	0.0810439045715	-0.03141911348	-0.0177951564328	-0.0258650706469	-0.0508353146525	0.0252175875003	0.0152660342072	0.00510867952208	-0.0244955655017	-0.0228584240417	-0.0167373742712	-0.0394149435488	0.00291282305668	-0.0394489337073	-0.0344287393657	-0.0325718974312	-0.00235081404761	-0.0165067447	0.0234078377816	0.0324341395843	0.0335012808355	1.0	-0.00161694178846	-0.0667805556447	0.0144589789223	-0.0193133334137	-0.0268223163974	0.0443412546568	-0.0272447317502	-0.0236110176576	-0.0103317780167	0.0134616778476	0.0617093713006	-0.0268226284895	0.0473987446571	0.00721981075921	0.013260320972	-0.0587265983937	-0.0291562288609	0.030321275139	0.0127001447933	-0.00715757032405	-0.0376164426712	-0.0123336715764	0.0217617354867	0.051584770312	-0.00257271873318	-0.0913087571568	-0.0639926724978	0.00773408908285	-0.00890975928885
