#taxonomy	k__Bacteria;p__Bacteroidetes;c__Bacteroidia;o__Bacteroidales;f__Bacteroidaceae;g__Bacteroides;s__Bacteroides_vulgatus	k__Bacteria;p__Bacteroidetes;c__Bacteroidia;o__Bacteroidales;f__Bacteroidaceae;g__Bacteroides;s__Bacteroides_uniformis	k__Bacteria;p__Bacteroidetes;c__Bacteroidia;o__Bacteroidales;f__Rikenellaceae;g__Alistipes;s__Alistipes_putredinis	k__Bacteria;p__Bacteroidetes;c__Bacteroidia;o__Bacteroidales;f__Prevotellaceae;g__Prevotella;s__Prevotella_copri	k__Bacteria;p__Bacteroidetes;c__Bacteroidia;o__Bacteroidales;f__Bacteroidaceae;g__Bacteroides;s__Bacteroides_stercoris	k__Bacteria;p__Bacteroidetes;c__Bacteroidia;o__Bacteroidales;f__Bacteroidaceae;g__Bacteroides;s__Bacteroides_ovatus	k__Bacteria;p__Bacteroidetes;c__Bacteroidia;o__Bacteroidales;f__Rikenellaceae;g__Alistipes;s__Alistipes_shahii	k__Bacteria;p__Firmicutes;c__Clostridia;o__Clostridiales;f__Ruminococcaceae;g__Faecalibacterium;s__Faecalibacterium_prausnitzii	k__Bacteria;p__Bacteroidetes;c__Bacteroidia;o__Bacteroidales;f__Rikenellaceae;g__Alistipes;s__Alistipes_finegoldii	k__Bacteria;p__Bacteroidetes;c__Bacteroidia;o__Bacteroidales;f__Porphyromonadaceae;g__Parabacteroides;s__Parabacteroides_distasonis	k__Bacteria;p__Bacteroidetes;c__Bacteroidia;o__Bacteroidales;f__Bacteroidaceae;g__Bacteroides;s__Bacteroides_thetaiotaomicron	k__Bacteria;p__Bacteroidetes;c__Bacteroidia;o__Bacteroidales;f__Bacteroidaceae;g__Bacteroides;s__Bacteroides_coprocola	k__Bacteria;p__Bacteroidetes;c__Bacteroidia;o__Bacteroidales;f__Bacteroidaceae;g__Bacteroides;s__Bacteroides_cellulosilyticus	k__Bacteria;p__Bacteroidetes;c__Bacteroidia;o__Bacteroidales;f__Rikenellaceae;g__Alistipes;s__Alistipes_obesi	k__Bacteria;p__Firmicutes;c__Clostridia;o__Clostridiales;f__Lachnospiraceae;g__;s__[Eubacterium]_rectale	k__Bacteria;p__Bacteroidetes;c__Bacteroidia;o__Bacteroidales;f__Bacteroidaceae;g__Bacteroides;s__Bacteroides_plebeius	k__Bacteria;p__Bacteroidetes;c__Bacteroidia;o__Bacteroidales;f__Bacteroidaceae;g__Bacteroides;s__Bacteroides_fragilis	k__Bacteria;p__Proteobacteria;c__Betaproteobacteria;o__Burkholderiales;f__Sutterellaceae;g__Sutterella;s__Sutterella_wadsworthensis	k__Bacteria;p__Bacteroidetes;c__Bacteroidia;o__Bacteroidales;f__Porphyromonadaceae;g__Barnesiella;s__Barnesiella_intestinihominis	k__Bacteria;p__Bacteroidetes;c__Bacteroidia;o__Bacteroidales;f__Odoribacteraceae;g__Odoribacter;s__Odoribacter_splanchnicus	k__Bacteria;p__Bacteroidetes;c__Bacteroidia;o__Bacteroidales;f__Bacteroidaceae;g__Bacteroides;s__Bacteroides_salyersiae	k__Bacteria;p__Firmicutes;c__Clostridia;o__Clostridiales;f__Ruminococcaceae;g__Ruminiclostridium;s__[Eubacterium]_siraeum	k__Bacteria;p__Proteobacteria;c__Betaproteobacteria;o__Burkholderiales;f__Sutterellaceae;g__Parasutterella;s__Parasutterella_excrementihominis	k__Bacteria;p__Actinobacteria;c__Actinobacteria;o__Bifidobacteriales;f__Bifidobacteriaceae;g__Bifidobacterium;s__Bifidobacterium_adolescentis	k__Bacteria;p__Firmicutes;c__Clostridia;o__Clostridiales;f__Oscillospiraceae;g__Oscillibacter;s__Oscillibacter_sp._KLE_1745	k__Bacteria;p__Bacteroidetes;c__Bacteroidia;o__Bacteroidales;f__Bacteroidaceae;g__Bacteroides;s__Bacteroides_coprophilus	k__Bacteria;p__Firmicutes;c__Clostridia;o__Clostridiales;f__Lachnospiraceae;g__Roseburia;s__Roseburia_intestinalis	k__Bacteria;p__Firmicutes;c__Clostridia;o__Clostridiales;f__Lachnospiraceae;g__Roseburia;s__Roseburia_hominis	k__Bacteria;p__Bacteroidetes;c__Bacteroidia;o__Bacteroidales;f__Porphyromonadaceae;g__Parabacteroides;s__Parabacteroides_johnsonii	k__Bacteria;p__Actinobacteria;c__Actinobacteria;o__Bifidobacteriales;f__Bifidobacteriaceae;g__Bifidobacterium;s__Bifidobacterium_longum	k__Bacteria;p__Firmicutes;c__Clostridia;o__Clostridiales;f__;g__Flavonifractor;s__Flavonifractor_plautii	k__Bacteria;p__Firmicutes;c__Clostridia;o__Clostridiales;f__Clostridiaceae;g__Clostridium;s__Clostridium_phoceensis	k__Bacteria;p__Verrucomicrobia;c__Verrucomicrobiae;o__Verrucomicrobiales;f__Akkermansiaceae;g__Akkermansia;s__Akkermansia_muciniphila	k__Bacteria;p__Bacteroidetes;c__Bacteroidia;o__Bacteroidales;f__Prevotellaceae;g__Paraprevotella;s__Paraprevotella_xylaniphila	k__Bacteria;p__Firmicutes;c__Clostridia;o__Clostridiales;f__Ruminococcaceae;g__Ruminococcus;s__Ruminococcus_callidus	k__Bacteria;p__Bacteroidetes;c__Bacteroidia;o__Bacteroidales;f__Rikenellaceae;g__Alistipes;s__Alistipes_senegalensis	k__Bacteria;p__Firmicutes;c__Clostridia;o__Clostridiales;f__Lachnospiraceae;g__Blautia;s__Blautia_sp._KLE_1732	k__Bacteria;p__Bacteroidetes;c__Bacteroidia;o__Bacteroidales;f__Bacteroidaceae;g__Bacteroides;s__Bacteroides_oleiciplenus	k__Bacteria;p__Firmicutes;c__Clostridia;o__Clostridiales;f__Ruminococcaceae;g__Ruminococcus;s__Ruminococcus_bicirculans	k__Bacteria;p__Bacteroidetes;c__Bacteroidia;o__Bacteroidales;f__Bacteroidaceae;g__Bacteroides;s__Bacteroides_fluxus	k__Bacteria;p__Bacteroidetes;c__Bacteroidia;o__Bacteroidales;f__Prevotellaceae;g__Prevotella;s__Prevotella_stercorea	k__Bacteria;p__Firmicutes;c__Clostridia;o__Clostridiales;f__Lachnospiraceae;g__Dorea;s__Dorea_longicatena	k__Bacteria;p__Firmicutes;c__Clostridia;o__Clostridiales;f__Eubacteriaceae;g__Eubacterium;s__[Eubacterium]_eligens	k__Bacteria;p__Firmicutes;c__Clostridia;o__Clostridiales;f__Ruminococcaceae;g__;s__Ruminococcaceae_bacterium_D16	k__Bacteria;p__Firmicutes;c__Clostridia;o__Clostridiales;f__Lachnospiraceae;g__Coprococcus;s__Coprococcus_comes	k__Bacteria;p__Proteobacteria;c__Gammaproteobacteria;o__Enterobacterales;f__Enterobacteriaceae;g__Escherichia;s__Escherichia_coli	k__Bacteria;p__Firmicutes;c__Clostridia;o__Clostridiales;f__Ruminococcaceae;g__Anaerotruncus;s__Anaerotruncus_colihominis	k__Bacteria;p__Firmicutes;c__Clostridia;o__Clostridiales;f__Lachnospiraceae;g__Blautia;s__Blautia_obeum	k__Bacteria;p__Bacteroidetes;c__Bacteroidia;o__Bacteroidales;f__Odoribacteraceae;g__Odoribacter;s__Odoribacter_laneus	k__Bacteria;p__Firmicutes;c__Clostridia;o__Clostridiales;f__Ruminococcaceae;g__Ruminiclostridium;s__[Clostridium]_leptum	k__Bacteria;p__Bacteroidetes;c__Bacteroidia;o__Bacteroidales;f__Porphyromonadaceae;g__Parabacteroides;s__Parabacteroides_goldsteinii	k__Bacteria;p__Firmicutes;c__Clostridia;o__Clostridiales;f__Lachnospiraceae;g__Anaerostipes;s__Anaerostipes_hadrus	k__Bacteria;p__Firmicutes;c__Clostridia;o__Clostridiales;f__Ruminococcaceae;g__Ruminococcus;s__Ruminococcus_lactaris	k__Bacteria;p__Firmicutes;c__Clostridia;o__Clostridiales;f__Clostridiaceae;g__Clostridium;s__Clostridium_sp._L2-50	k__Bacteria;p__Firmicutes;c__Clostridia;o__Clostridiales;f__Clostridiaceae;g__Clostridium;s__Clostridium_sp._M62/1	k__Bacteria;p__Firmicutes;c__Clostridia;o__Clostridiales;f__;g__Intestinimonas;s__Intestinimonas_butyriciproducens	k__Bacteria;p__Actinobacteria;c__Actinobacteria;o__Bifidobacteriales;f__Bifidobacteriaceae;g__Bifidobacterium;s__Bifidobacterium_bifidum	k__Bacteria;p__Firmicutes;c__Negativicutes;o__Veillonellales;f__Veillonellaceae;g__Dialister;s__Dialister_invisus	k__Bacteria;p__Bacteroidetes;c__Bacteroidia;o__Bacteroidales;f__Bacteroidaceae;g__Bacteroides;s__Bacteroides_salanitronis
k__Bacteria;p__Bacteroidetes;c__Bacteroidia;o__Bacteroidales;f__Bacteroidaceae;g__Bacteroides;s__Bacteroides_vulgatus	1.0	-0.0410570985976	-0.084760110734	-0.0276386198725	-0.0488951720065	-0.044226083032	-0.0238062017323	-0.0107548687702	0.0616929737928	-0.0271444411141	-0.0341337780524	-0.0343179022764	0.0321068523861	-0.00251394027544	0.00165225805004	-0.0577549939483	-0.00759269200869	0.0338590557603	-0.00505984661719	-0.000920003931239	0.0293741134644	0.0121162693608	-0.0768772931336	-0.0588454504653	-0.00951958705995	-0.0323416665113	-0.0605692627104	-0.0327202894098	0.0366984446568	0.0394221603889	-0.0480527331328	-0.0169229771718	-0.0357024192141	-0.0112958857346	0.0106443167889	0.00818340037092	-0.00630237861325	0.0314327020898	0.0322566749156	-0.0157651985072	-0.068927088028	0.00539805414988	-0.0147743970845	-0.0116319145335	0.0162726521635	0.00726579475073	0.0368040298519	-0.0260035952248	-0.0513629855586	-0.0488569151253	0.0496398748143	-0.0550188782262	0.0492229350336	-0.0739253609587	-0.00150826980041	0.0152710637846	0.0570878609466	-0.0676801525287	-0.0694838712764
k__Bacteria;p__Bacteroidetes;c__Bacteroidia;o__Bacteroidales;f__Bacteroidaceae;g__Bacteroides;s__Bacteroides_uniformis	-0.0410570985976	1.0	-0.0420130234807	-0.00101900600719	-0.0044027412969	0.0296621255007	-0.0807451499935	0.0376679087503	0.0129587005232	0.0250462258762	0.0517009977816	-0.0349069264001	0.00811245638542	-0.0877078178953	0.00499725844308	0.0605452483125	-0.0777197209818	0.0100324821371	-0.0348550316419	-0.0351137629686	0.0163618420666	0.0192656043843	-0.0570528161473	0.0206780641578	-0.0255258122466	0.0506697345166	-0.0227854413841	-0.0418185544389	0.0128184607835	0.0664343510364	0.0320609310008	0.0330901033868	-0.0181566467487	0.0104036747471	-0.0261396488215	-0.0821154605058	-0.0331235984841	-0.0376707509008	0.0558596307619	-0.0442047640242	-0.000314968556971	0.0330247893824	-0.0156730083113	0.021187185286	0.00331015726026	-0.0832263317969	-0.0113413642836	-0.0495864801533	-0.034660369939	-0.0004654392749	-0.0265419800034	0.0508483024185	-0.0260710325046	-0.0294858617803	-0.0723748967988	-0.0222098102493	0.0832458706009	0.0766222599173	-0.0345315284598
k__Bacteria;p__Bacteroidetes;c__Bacteroidia;o__Bacteroidales;f__Rikenellaceae;g__Alistipes;s__Alistipes_putredinis	-0.084760110734	-0.0420130234807	1.0	-0.0389563628883	-0.007861892694	-0.0629485495525	-0.0540756389414	0.0222247755912	-0.0277332538935	-0.0454353601888	0.0160869065297	0.0355350503537	-0.00620648194187	-0.0856429375731	-0.0374883879609	0.0158724215228	0.0455315021928	-0.0343356834868	-0.0347523197333	-0.00496667508708	-0.0222176686431	0.0572056160535	0.0446947345001	0.0131335022827	-0.0206013930383	-0.00566013928069	-0.0136116379155	-0.0220623824192	-0.0275496326241	-0.0285747116865	0.045865999723	0.0705492129422	0.0357798462666	0.0347293822769	-0.016087908333	-0.0573312180645	0.0382789074474	-0.0679144893368	0.0201090319168	0.0494836626206	-0.031082313352	-0.0221334205209	-0.0258411017249	-0.0446585133269	0.00299554185469	0.0267267590844	0.0257920500876	0.0514425780934	0.0831822406204	-0.0244508588457	-0.0161904547229	0.0210078681265	0.0354243461977	-0.0516265346299	0.010876601907	0.0308083767256	-0.0372050978336	-0.0203539985213	-0.00514956450542
k__Bacteria;p__Bacteroidetes;c__Bacteroidia;o__Bacteroidales;f__Prevotellaceae;g__Prevotella;s__Prevotella_copri	-0.0276386198725	-0.00101900600719	-0.0389563628883	1.0	0.0405122174055	0.0681310472125	0.0619348729163	-0.000588441093812	-0.00744353212714	0.00769881532678	-0.0135487981847	-0.0272782761587	-0.0599299550321	0.0693450047619	-0.0134472533903	0.0316725048836	-0.024265074826	-0.01306879325	-0.00351494772747	0.0516628572725	0.0366898137639	0.0110060963624	-0.00925290103584	0.0288111576845	-0.079497412979	0.0366559380886	-0.0238456462838	-0.00533323680001	-0.0411627048987	-0.0212157835569	-0.0724362375388	-0.0164176684149	-0.0148839063119	0.0234910778922	-0.100497954437	-0.0665339904832	0.0256655595683	0.0334185034827	0.0430019684826	0.0197775435615	-0.00158674559341	0.0374634209243	0.00998108905768	-0.00317981218299	-0.0731179472502	-0.015904800964	-0.0741305741613	0.0171222811623	-0.00980063243765	-0.016193442937	-0.0854677384033	-0.0362621118267	-0.0935838668711	-0.0196842546008	0.0420734474657	0.0588157643379	-0.0322695938184	-0.0397873869353	-0.0381097613701
k__Bacteria;p__Bacteroidetes;c__Bacteroidia;o__Bacteroidales;f__Bacteroidaceae;g__Bacteroides;s__Bacteroides_stercoris	-0.0488951720065	-0.0044027412969	-0.007861892694	0.0405122174055	1.0	-0.0426210484539	-0.0136810557544	0.0457465848784	-0.00141236577509	0.0521392295067	-0.00106734793146	-0.0485541274745	-0.0482093570874	0.00985337805185	0.0521926494069	-0.0311635266561	0.0549167993215	-0.0571389572221	0.0382715262509	-0.0340986255477	0.0429233612788	0.0212261683669	0.0266228599181	0.016392130492	-0.038703916334	-0.0199187501709	0.0166408198008	-0.00159046702491	0.00946742097678	-0.0103537849742	0.00055497021784	0.00412040497034	0.00254191932055	-0.0194187716519	-0.0497402432707	0.0221672214654	0.0518315098398	-0.0141158026892	-0.0867752138462	0.0304376710329	-0.0178736327746	0.00875659633715	-0.0655913051995	0.00873802180838	-0.0958352401428	0.0318546952693	0.0479130149055	-0.052125958522	-0.0158258950719	-0.0373048347932	0.0169853585191	0.0212632222611	-0.0429350330451	-0.0171440425653	0.0350455647769	0.00628386003271	-0.08816038872	-0.0157326080991	-0.072105782816
k__Bacteria;p__Bacteroidetes;c__Bacteroidia;o__Bacteroidales;f__Bacteroidaceae;g__Bacteroides;s__Bacteroides_ovatus	-0.044226083032	0.0296621255007	-0.0629485495525	0.0681310472125	-0.0426210484539	1.0	0.018401909614	-0.0897423737113	-0.014408254098	-0.0672414607337	0.0670901669856	0.00395464830748	-0.0160810786256	-0.0485103908161	-0.0147010597674	-0.00999475777698	-0.102104003934	0.0657450397568	-0.0519481761096	0.07236857918	-0.0273752816182	0.0104568503061	0.0248267190661	0.0275648834414	-0.0241608700818	-0.00167399799217	-0.0395636600987	-0.0462983040335	0.0214010830532	0.0158945095633	0.0262699836042	-0.00331857034408	-0.0200010513173	-0.0108172626755	0.0162953208308	0.000592607933305	-0.0252404624991	0.0414694040156	-0.0644778747296	-0.0504525008592	0.0198642207551	0.0198804213862	0.012489028326	-0.0132722560474	-0.0140856489697	0.0427225095717	-0.0204551775416	-0.00144404165387	-0.0355860767295	0.0362048643812	-0.0156744532307	0.0851213218088	0.0161466010792	-0.0016088036293	-0.042329599828	0.00276927794021	-0.0525452223415	-0.0341431043539	0.00796152227793
k__Bacteria;p__Bacteroidetes;c__Bacteroidia;o__Bacteroidales;f__Rikenellaceae;g__Alistipes;s__Alistipes_shahii	-0.0238062017323	-0.0807451499935	-0.0540756389414	0.0619348729163	-0.0136810557544	0.018401909614	1.0	-0.0324321367605	-0.033251934541	-0.0269291052283	-0.0481120613918	0.029829482824	0.00750152053308	-0.0156492461697	-0.00916061746481	-0.0648421692072	-0.0983827866056	-0.023263583837	-0.0368574929443	-0.0199818617053	0.0232598613882	0.0109404764828	0.0151742836364	-0.0358162690973	-0.0242725644593	-0.045325326241	-0.00559645938124	0.00772265808203	-0.0103023680884	-0.0296033465681	0.052176096301	0.0196697490315	-0.0869929270588	-0.0510603578603	-0.00581480191281	0.0134943714092	0.0492776820864	-0.0187344563428	0.0193219552363	0.0631306681029	-0.0539845172042	0.0532941976795	0.0106476864178	-0.0330322797255	0.0064150600391	0.00365569064149	0.00913155841495	-0.0439336260873	-0.0672577696844	0.0545291178963	0.0510562618626	-0.056968001497	-0.0595564131051	0.0433270541043	-0.016186497043	0.00429451783428	0.0206575044852	0.0566398937426	-0.0295888353038
k__Bacteria;p__Firmicutes;c__Clostridia;o__Clostridiales;f__Ruminococcaceae;g__Faecalibacterium;s__Faecalibacterium_prausnitzii	-0.0107548687702	0.0376679087503	0.0222247755912	-0.000588441093812	0.0457465848784	-0.0897423737113	-0.0324321367605	1.0	-0.0226475339861	-0.0288060864132	0.0186937419971	-0.0805511820294	-0.0500508538973	0.0458580907704	-0.0803404861317	-0.0165834458889	0.0226920398729	-0.075651206969	0.0135379028082	0.0284511579742	0.0241667785176	0.030478443075	0.0299797765893	-0.0226288215941	-0.021887116863	0.0110406251447	-0.0221590031623	-0.0113059485881	-0.0245181564072	-0.0173143625009	0.00416439461441	-0.0272051153949	-0.0305054283906	-0.0336094843891	-0.0480713475958	-0.0557887959502	0.0662219865804	-0.00664002341185	0.0346694453423	-0.0046475447225	0.0434613063933	-0.0467969589762	-0.0289606581028	-0.0182063847626	0.00558101465272	0.0430166112611	0.0584992090706	-0.0113973989874	0.0302737770247	0.0306361589133	-0.0614900604294	-0.0177345517088	0.0231899452379	0.0281655480769	-0.0350833472713	-0.00223919649581	0.011585537807	-0.0445274482135	-0.0260582623647
k__Bacteria;p__Bacteroidetes;c__Bacteroidia;o__Bacteroidales;f__Rikenellaceae;g__Alistipes;s__Alistipes_finegoldii	0.0616929737928	0.0129587005232	-0.0277332538935	-0.00744353212714	-0.00141236577509	-0.014408254098	-0.033251934541	-0.0226475339861	1.0	0.0333729610171	-0.0344276243022	0.0610756115148	0.0348479502238	0.00464771470402	-0.026940069673	0.025285561438	-0.0436348356094	-0.0273496571786	-0.0559884833683	0.0545930913933	-0.0193576669995	0.00309007323849	0.00606572937259	-0.000701713425406	0.0160523185866	-0.022272272644	-0.00369156826106	-0.0222605810948	0.0606410163758	0.0124892572244	-0.0171171273906	-0.000657094503679	-0.0148784220185	-0.0170554696448	-0.0231333819578	-0.0266136700831	-0.0126465928224	0.0796681954799	0.036097946748	-0.0265697642535	-0.0178845705856	0.0226977059546	-0.0542544314154	-0.0247223005501	-0.028963017052	0.00439518740775	0.00331013889871	-0.0359145341128	0.00816534631609	-0.0100280792517	-0.0632519726485	-0.00426817213901	-0.00395236976137	0.0130237102025	-0.0875581334738	0.000708137492929	-0.0233370665454	-0.0222497089076	0.0570602503398
k__Bacteria;p__Bacteroidetes;c__Bacteroidia;o__Bacteroidales;f__Porphyromonadaceae;g__Parabacteroides;s__Parabacteroides_distasonis	-0.0271444411141	0.0250462258762	-0.0454353601888	0.00769881532678	0.0521392295067	-0.0672414607337	-0.0269291052283	-0.0288060864132	0.0333729610171	1.0	-0.0238703625161	-0.0925501621866	-0.0127431970474	0.00930277918742	0.0721678663236	-0.0691634131513	0.025064722767	0.00412958068576	0.0144969981203	-0.0253817026255	0.0609030987198	0.0107723918507	-0.00358360143442	-0.0346329859284	-0.0223907290381	-0.0191100766695	-0.00525324699226	-0.0529917678072	-0.034208534457	-0.0133806017025	0.00466062030211	-0.0867217060164	-0.0135745226741	-0.062700847477	0.0198342524556	-0.0372144791349	0.0131148925653	0.0196538169234	0.0233224939812	-0.000731894503312	-0.0136110645917	-0.0132380231417	0.0165667357341	-0.0588752695888	-0.00811113324027	-0.0432160877147	-0.0102435031134	0.00837003924228	0.0322534480071	0.00973797490651	-0.00146711334522	-0.018566342397	-0.0361649417408	0.00696582443435	0.0336837951455	-0.0351330164681	-0.00259610206401	-0.00236637468357	-0.025657303874
k__Bacteria;p__Bacteroidetes;c__Bacteroidia;o__Bacteroidales;f__Bacteroidaceae;g__Bacteroides;s__Bacteroides_thetaiotaomicron	-0.0341337780524	0.0517009977816	0.0160869065297	-0.0135487981847	-0.00106734793146	0.0670901669856	-0.0481120613918	0.0186937419971	-0.0344276243022	-0.0238703625161	1.0	-0.00623544991177	-0.0364679710898	0.0475345624297	-0.0144643953505	0.00243895111686	-0.0913821659533	-0.0666614560446	0.0469093545094	-0.00714585343383	-0.00517363604974	-0.062102161758	0.00053131389335	0.0353706131303	0.00995074719467	0.025769381318	0.0227824808678	-0.0077483439763	-0.00499114119192	0.00783904521417	0.026684384069	0.0164177768463	0.0172246667946	0.0207122339083	-0.0119793307688	-0.026956391736	0.000348940001139	0.0107771141544	-0.0498425016185	-0.0276464171492	0.0340529084958	-0.0230984993023	0.0215561020294	0.018345516326	-0.00809227052449	0.0336782736967	-0.061661626688	-0.0156614071968	-0.0370359155554	0.0313804496973	-0.0532899286528	-0.0509415991773	0.00217274588919	-0.0451686267007	-0.0460585894981	0.0234081685356	-0.0482246846111	0.0193499760879	-0.0502975003161
k__Bacteria;p__Bacteroidetes;c__Bacteroidia;o__Bacteroidales;f__Bacteroidaceae;g__Bacteroides;s__Bacteroides_coprocola	-0.0343179022764	-0.0349069264001	0.0355350503537	-0.0272782761587	-0.0485541274745	0.00395464830748	0.029829482824	-0.0805511820294	0.0610756115148	-0.0925501621866	-0.00623544991177	1.0	-0.0128037669143	-0.0311854817982	-0.0660976782488	-0.0249486551022	-0.0250233862421	-0.0174136455359	-0.0260101500408	-0.0120363123387	0.0130756878776	-0.0045019057991	0.00778538150646	-0.0443646526509	-0.00264878561126	-0.015851380932	0.0291279767102	0.0349030179696	0.0934920399292	-0.000297292364686	-0.066181741209	-0.0277881785783	-0.0373960832055	-0.00841853365719	-0.041058405717	0.0130996388372	-0.0201603745109	-0.0320804812021	-0.0358185404504	-0.00800485368421	-0.0685207080571	0.0236134241986	-0.0148922609224	0.0587121905661	0.0159093060129	0.0219998844908	-0.048102287232	-0.01828987494	-0.00342731315937	-0.0311539999739	-0.045890310389	-0.0578860307065	-0.023101795159	-0.00257859713084	-0.0315881572792	-0.0219193779907	0.0125090427183	-0.00995432392659	0.0648431696181
k__Bacteria;p__Bacteroidetes;c__Bacteroidia;o__Bacteroidales;f__Bacteroidaceae;g__Bacteroides;s__Bacteroides_cellulosilyticus	0.0321068523861	0.00811245638542	-0.00620648194187	-0.0599299550321	-0.0482093570874	-0.0160810786256	0.00750152053308	-0.0500508538973	0.0348479502238	-0.0127431970474	-0.0364679710898	-0.0128037669143	1.0	0.0300126598884	-0.0173967295137	0.0610265972612	0.0308309028416	-0.00347976726527	-0.0571986946896	-0.0160688562438	0.0402785147949	0.0499861309063	-0.0442034858206	-0.0124693424082	-0.00916012673067	0.0140720304445	0.00465830228707	-0.0481938599943	-0.0104950720354	0.0307611475356	-0.0133478808568	-0.027529584376	-0.0568603557071	0.0033030044641	0.0330300710995	0.0293292218298	0.0251512618814	0.0442957567126	-0.0190149742802	0.0451650677302	-0.0369048520289	-0.00769407702254	-0.00100693262442	-0.0284430849047	-0.00506514139316	-0.044700896089	-0.0069390315188	0.000942761982187	-0.00946058118423	-0.025056347625	-0.0111441311835	-0.0802744083534	-0.015702895992	0.0587138508606	-0.0444053204915	-0.058168219319	0.0358766609112	-0.00614840891825	0.00194231746719
k__Bacteria;p__Bacteroidetes;c__Bacteroidia;o__Bacteroidales;f__Rikenellaceae;g__Alistipes;s__Alistipes_obesi	-0.00251394027544	-0.0877078178953	-0.0856429375731	0.0693450047619	0.00985337805185	-0.0485103908161	-0.0156492461697	0.0458580907704	0.00464771470402	0.00930277918742	0.0475345624297	-0.0311854817982	0.0300126598884	1.0	0.024189284882	0.0222439903914	-0.00768971516369	-0.0258549795038	-0.0360658840673	0.031361330863	0.0502252495262	0.0266642208669	-0.0245163880236	-0.0629964361624	0.0466843030373	0.00142016480083	0.0126872207389	-0.0350033976143	-0.0383744379082	0.0410950159474	-0.0448126057318	0.0492535778415	0.0222743951898	-0.0457476074653	-0.0570427095219	-0.0758167875637	-0.0233107583063	0.0334880129633	0.0184686729607	0.0309278002215	-0.0164420373247	0.00786679406354	-0.0164124759149	0.00687846277389	0.039681684141	0.0318198129407	-0.0505245374392	0.0539004362333	-0.0156656184532	0.0323354175045	0.0158327773418	-0.0295176426771	-0.0143886451995	0.00242475044244	-0.0232907477551	0.00892608469496	-0.00964291652321	-0.0545636020501	-0.00927047539692
k__Bacteria;p__Firmicutes;c__Clostridia;o__Clostridiales;f__Lachnospiraceae;g__;s__[Eubacterium]_rectale	0.00165225805004	0.00499725844308	-0.0374883879609	-0.0134472533903	0.0521926494069	-0.0147010597674	-0.00916061746481	-0.0803404861317	-0.026940069673	0.0721678663236	-0.0144643953505	-0.0660976782488	-0.0173967295137	0.024189284882	1.0	0.0372815714091	0.0154762761918	-0.0190207258623	0.0611144869066	-0.0281415024935	-0.0389365938228	0.0258872329871	0.00285510822916	-0.0307918476377	0.00290650762275	-0.0492778761823	-0.00709878147135	0.0211344665429	0.0155855369944	-0.0250443365767	-0.014354789904	-0.0383982765581	-0.00355946008138	-0.064507305526	0.0169155776858	-0.00593951320477	-0.00209635988455	0.000467191677084	-0.0418617899674	-0.0672161278856	0.0238160345854	-0.0397804949642	-0.0590640629944	0.02390694783	0.0110662523621	0.040707890943	-0.0207364507607	-0.0496380116045	0.0174890480852	-0.0167007101002	0.016452728786	-0.0152822445375	0.0435129227454	0.0800406919432	0.0183537012287	-0.0509740492489	0.0146845032566	-0.00520009045386	-0.0653987172843
k__Bacteria;p__Bacteroidetes;c__Bacteroidia;o__Bacteroidales;f__Bacteroidaceae;g__Bacteroides;s__Bacteroides_plebeius	-0.0577549939483	0.0605452483125	0.0158724215228	0.0316725048836	-0.0311635266561	-0.00999475777698	-0.0648421692072	-0.0165834458889	0.025285561438	-0.0691634131513	0.00243895111686	-0.0249486551022	0.0610265972612	0.0222439903914	0.0372815714091	1.0	0.0433996078442	0.00284811571182	-0.00637399956571	0.0434899368311	-0.0384806805499	-0.0707581949599	0.0575688372827	-0.00228670429006	-0.0197461546353	0.0507958047215	-0.043454671713	-0.0696747277245	-0.0108500630149	0.0542955804286	0.0111013153448	-0.060451399096	0.0186951209173	0.033244954361	-0.0651135881628	0.0353782874467	-0.0625334324578	-0.00398188546456	0.00550441846433	-0.0220983275847	-0.0335784149979	-0.0201377435076	0.0301307743127	0.0255031322651	-0.10151801146	-0.00406374752094	-0.0263907324975	0.0555003246925	0.026572818705	0.0205093778053	0.00940027775381	0.0453656437838	0.00721574257125	0.00935040306315	-0.0134632439826	-0.0194892678571	-0.00258755982371	0.00146802141519	0.0377284146499
k__Bacteria;p__Bacteroidetes;c__Bacteroidia;o__Bacteroidales;f__Bacteroidaceae;g__Bacteroides;s__Bacteroides_fragilis	-0.00759269200869	-0.0777197209818	0.0455315021928	-0.024265074826	0.0549167993215	-0.102104003934	-0.0983827866056	0.0226920398729	-0.0436348356094	0.025064722767	-0.0913821659533	-0.0250233862421	0.0308309028416	-0.00768971516369	0.0154762761918	0.0433996078442	1.0	-0.0442599123417	0.0240787118829	-0.0628495972252	0.0196852269185	-0.0111159886071	-0.0687729941025	-0.00202206368982	-0.012318107305	0.0311756026404	0.0317127389131	0.0497952702125	-0.0173617950993	-0.0777576433962	0.0233547830322	-0.0474308976561	-0.00810612580966	-0.0428964161186	-0.0177002207041	0.0152120188392	-0.0300940436131	-0.0314452427682	-0.0301876848618	-0.00754078459791	-0.0140777269921	0.0189436703925	-0.0315020170612	0.00957538504921	0.0318393641758	-0.0170803344269	0.105884282695	-0.0625503343737	-0.0410344521969	0.036910887843	0.00183475975773	0.0133005531336	-0.0176182157083	-0.00797396249109	-0.068556786827	0.00703860190131	-0.0324528970502	-0.0648904564133	-0.0161436400623
k__Bacteria;p__Proteobacteria;c__Betaproteobacteria;o__Burkholderiales;f__Sutterellaceae;g__Sutterella;s__Sutterella_wadsworthensis	0.0338590557603	0.0100324821371	-0.0343356834868	-0.01306879325	-0.0571389572221	0.0657450397568	-0.023263583837	-0.075651206969	-0.0273496571786	0.00412958068576	-0.0666614560446	-0.0174136455359	-0.00347976726527	-0.0258549795038	-0.0190207258623	0.00284811571182	-0.0442599123417	1.0	0.00647010314867	-0.00877881240748	-0.0291568616444	0.0407120897582	-0.0792356594871	-0.0505900804586	0.00122269765873	0.0526798119691	-0.0289550125419	-0.0467146036466	-0.0086400214969	0.00716404414102	0.000665632599077	-0.0216792808256	0.0237601556358	-0.0209404849782	0.0232104752145	0.0108517784616	0.056094486425	-0.0163220253169	-0.0177632473346	-0.00358449940633	-0.0592597155493	-0.0125202528426	0.0785910190192	-0.0499097131741	0.0178674858474	0.0313907056817	-0.0135588004554	0.0448977588702	-0.0353497176677	0.00840570886629	-0.00762437958197	0.0348942046292	0.0165208491127	-0.0265690427893	0.0491044143385	-0.018719524557	-0.042578385149	0.0475857417298	0.0187719969468
k__Bacteria;p__Bacteroidetes;c__Bacteroidia;o__Bacteroidales;f__Porphyromonadaceae;g__Barnesiella;s__Barnesiella_intestinihominis	-0.00505984661719	-0.0348550316419	-0.0347523197333	-0.00351494772747	0.0382715262509	-0.0519481761096	-0.0368574929443	0.0135379028082	-0.0559884833683	0.0144969981203	0.0469093545094	-0.0260101500408	-0.0571986946896	-0.0360658840673	0.0611144869066	-0.00637399956571	0.0240787118829	0.00647010314867	1.0	-0.0469188864526	-0.0162718102634	0.01208160863	-0.0693395847697	-0.0633890715838	0.0188499591911	0.0214600360848	0.00872427813698	-0.000496147533565	0.0188648193454	-0.0192389824421	-0.0187218711574	-0.0526734771612	-0.0238608320239	0.0137294062383	-0.0124807961328	0.0371944306598	-0.006471181176	0.0183253259915	0.00716238735786	0.0134000161448	0.0609306813703	0.0731219367426	0.0888639914218	0.00092830968854	0.0302537040267	0.0108032798857	0.034907321445	-0.0088187800145	0.013962988764	0.0176906892459	-0.00363568993591	-0.000562691152594	-0.0170179893983	-0.0374761568723	0.0473243441712	-0.0822336509476	0.00614409268006	0.00535370181375	-0.0537619859366
k__Bacteria;p__Bacteroidetes;c__Bacteroidia;o__Bacteroidales;f__Odoribacteraceae;g__Odoribacter;s__Odoribacter_splanchnicus	-0.000920003931239	-0.0351137629686	-0.00496667508708	0.0516628572725	-0.0340986255477	0.07236857918	-0.0199818617053	0.0284511579742	0.0545930913933	-0.0253817026255	-0.00714585343383	-0.0120363123387	-0.0160688562438	0.031361330863	-0.0281415024935	0.0434899368311	-0.0628495972252	-0.00877881240748	-0.0469188864526	1.0	-0.0260509433883	0.115866624778	-0.0121742585134	0.00652210430157	-0.0606794368757	-0.00490464372075	0.0084318541208	-0.0275173471214	-0.0110612687965	-0.0360949833304	-0.0357901980587	-0.0641971147054	-0.0170983270643	-0.00784280861545	-0.0165687582102	-0.109706736798	-0.00338648767205	-0.0616042025436	0.026693368201	0.0136236437245	-0.0422170971033	0.00575912701955	-0.0106685727734	-0.0700689367754	0.011418329715	-0.00373180407609	0.00178015014516	-0.0386357207477	0.0343405536366	0.018821292123	-0.00185388667588	-0.0359601205093	0.0746724585377	-0.00023660269328	-0.0913745798856	-0.0542678118427	-0.0607357781638	0.0372343858178	-0.0113914228923
k__Bacteria;p__Bacteroidetes;c__Bacteroidia;o__Bacteroidales;f__Bacteroidaceae;g__Bacteroides;s__Bacteroides_salyersiae	0.0293741134644	0.0163618420666	-0.0222176686431	0.0366898137639	0.0429233612788	-0.0273752816182	0.0232598613882	0.0241667785176	-0.0193576669995	0.0609030987198	-0.00517363604974	0.0130756878776	0.0402785147949	0.0502252495262	-0.0389365938228	-0.0384806805499	0.0196852269185	-0.0291568616444	-0.0162718102634	-0.0260509433883	1.0	-0.046486165736	0.0222918699717	0.0192759550569	-0.0595793064016	0.0239991730841	-0.0282813396452	0.0016506622942	-0.0115831169287	0.0354273933034	-0.00371754748654	0.0362170222905	-0.00907151607363	0.0409016207331	0.0371294915016	-0.00209685417724	0.0105820508545	0.031893794918	-0.011167150428	-0.0281600337854	0.0231529127939	-0.0902992966729	0.0261365883482	-0.0244751466022	-0.0448751453553	-0.022103561892	0.00557615578251	-0.00166109342316	-0.022266972215	0.00871586034981	-0.00237277448468	-0.014259937412	-0.0277778846449	-0.0420033871832	-0.00026534340677	0.00867519472474	-0.00357574792084	0.00687700237344	0.0142244445099
k__Bacteria;p__Firmicutes;c__Clostridia;o__Clostridiales;f__Ruminococcaceae;g__Ruminiclostridium;s__[Eubacterium]_siraeum	0.0121162693608	0.0192656043843	0.0572056160535	0.0110060963624	0.0212261683669	0.0104568503061	0.0109404764828	0.030478443075	0.00309007323849	0.0107723918507	-0.062102161758	-0.0045019057991	0.0499861309063	0.0266642208669	0.0258872329871	-0.0707581949599	-0.0111159886071	0.0407120897582	0.01208160863	0.115866624778	-0.046486165736	1.0	0.0101576227713	-0.048642977539	0.117340563316	-0.00996664541321	0.0322284337734	0.0178549917462	-0.0343050371631	0.00933388602915	-0.107177195835	-0.0697750173554	-0.0461956967436	0.0316897396797	-0.0565058522168	-0.0595761186546	-0.0501554015981	0.0332418712101	0.00713661441989	-0.0222460894878	-0.0228583616563	-0.0398908964005	-0.00279942168009	-0.044873522285	0.0181510401701	-0.0315451565393	-0.0117976370618	-0.0141962967144	-0.0166735279113	-0.0258942628255	-0.0094475323163	0.0284104103882	-0.0403089599271	0.068256640308	-0.0178694456376	-0.0350672450444	-0.0687705495595	0.0566470709798	0.0302998884797
k__Bacteria;p__Proteobacteria;c__Betaproteobacteria;o__Burkholderiales;f__Sutterellaceae;g__Parasutterella;s__Parasutterella_excrementihominis	-0.0768772931336	-0.0570528161473	0.0446947345001	-0.00925290103584	0.0266228599181	0.0248267190661	0.0151742836364	0.0299797765893	0.00606572937259	-0.00358360143442	0.00053131389335	0.00778538150646	-0.0442034858206	-0.0245163880236	0.00285510822916	0.0575688372827	-0.0687729941025	-0.0792356594871	-0.0693395847697	-0.0121742585134	0.0222918699717	0.0101576227713	1.0	0.0430803075035	-0.0212955529169	0.008422887923	-0.0451743346287	-0.0207941939767	0.0189687536703	-0.0579291511568	-0.0712318110806	0.0490675260732	-0.0504921865559	-0.0289770191984	0.0742743829656	-0.030475389797	0.0482251096192	0.0279514726132	-0.014463966289	-0.0607268247075	-0.0697920431045	0.0033411033009	0.0335627985783	-0.0153450883574	0.016626434278	-0.0467564826554	-0.0146796941622	0.0203347461329	0.0588957859003	-0.0557005910193	-0.0156168264767	0.00666776236365	-0.0656547397523	0.00538573602163	-0.0241144987646	0.03359116844	0.019404384038	-0.0402229164716	-0.0358454905775
k__Bacteria;p__Actinobacteria;c__Actinobacteria;o__Bifidobacteriales;f__Bifidobacteriaceae;g__Bifidobacterium;s__Bifidobacterium_adolescentis	-0.0588454504653	0.0206780641578	0.0131335022827	0.0288111576845	0.016392130492	0.0275648834414	-0.0358162690973	-0.0226288215941	-0.000701713425406	-0.0346329859284	0.0353706131303	-0.0443646526509	-0.0124693424082	-0.0629964361624	-0.0307918476377	-0.00228670429006	-0.00202206368982	-0.0505900804586	-0.0633890715838	0.00652210430157	0.0192759550569	-0.048642977539	0.0430803075035	1.0	-0.0636045928636	-0.0220382902019	-0.0141413603698	0.0298097531044	-0.0315428035436	0.0105811037518	0.0413586995649	-0.038424273229	-0.00832160668593	-0.0443589836747	-0.018702481616	0.00156581380019	-0.0528286543863	0.0121647659393	-0.00367862512544	0.040193803435	0.00174685803743	-0.0933240070898	0.0137434031237	-0.0028855511258	-0.0112833748219	-0.0351074884769	-0.0523765074479	-0.00834512499101	0.0113683655172	-0.0632892708542	-0.0146756936112	-0.00631069803192	0.0110241907428	-0.0442631683649	0.0373258479359	0.0162838269721	0.0415584452671	0.0308834276087	0.0409013184721
k__Bacteria;p__Firmicutes;c__Clostridia;o__Clostridiales;f__Oscillospiraceae;g__Oscillibacter;s__Oscillibacter_sp._KLE_1745	-0.00951958705995	-0.0255258122466	-0.0206013930383	-0.079497412979	-0.038703916334	-0.0241608700818	-0.0242725644593	-0.021887116863	0.0160523185866	-0.0223907290381	0.00995074719467	-0.00264878561126	-0.00916012673067	0.0466843030373	0.00290650762275	-0.0197461546353	-0.012318107305	0.00122269765873	0.0188499591911	-0.0606794368757	-0.0595793064016	0.117340563316	-0.0212955529169	-0.0636045928636	1.0	0.028698214912	0.0883818618133	0.0679138711223	0.0387872965391	-0.00914980426364	-0.0223849503588	-0.000460085638173	-0.0288037725327	0.0625458188259	0.0285901424079	0.0293205484524	0.00586777999394	0.019825143942	-0.100568561581	-0.0174534701968	-0.0266509210274	-0.00314477193406	-0.0601816707997	0.0243907413217	-0.00711435855795	-0.0889120829274	0.00121064140123	0.0544493205392	0.00837808165982	-0.00233140331627	-0.0679677643967	-0.0022320823911	-0.00526525678372	-0.0470775410724	0.0296633536132	-0.0213101285957	-0.0245289637878	0.00949583495907	0.00826964970443
k__Bacteria;p__Bacteroidetes;c__Bacteroidia;o__Bacteroidales;f__Bacteroidaceae;g__Bacteroides;s__Bacteroides_coprophilus	-0.0323416665113	0.0506697345166	-0.00566013928069	0.0366559380886	-0.0199187501709	-0.00167399799217	-0.045325326241	0.0110406251447	-0.022272272644	-0.0191100766695	0.025769381318	-0.015851380932	0.0140720304445	0.00142016480083	-0.0492778761823	0.0507958047215	0.0311756026404	0.0526798119691	0.0214600360848	-0.00490464372075	0.0239991730841	-0.00996664541321	0.008422887923	-0.0220382902019	0.028698214912	1.0	0.00109648342902	0.0157955168194	0.0414664491613	-0.0691220107035	-0.0164909555754	-0.0122078552223	-0.0193431175016	-0.0132912701975	-0.022467871226	-0.0249444002315	-0.0105735184129	-0.139927370353	-0.0310808787151	-0.017867589262	-0.00112463485859	0.0167786339756	-0.0695502375049	-0.0268095360836	-0.0220380548016	-0.0580606458796	0.0242095262357	-0.0013103191022	-0.023187327433	-0.0136171821251	-0.0582554433785	0.00092911110598	0.0488318761608	0.0243765530742	-0.0428714690149	-0.055977916914	0.00226190142304	-0.00399901811746	0.0286205395899
k__Bacteria;p__Firmicutes;c__Clostridia;o__Clostridiales;f__Lachnospiraceae;g__Roseburia;s__Roseburia_intestinalis	-0.0605692627104	-0.0227854413841	-0.0136116379155	-0.0238456462838	0.0166408198008	-0.0395636600987	-0.00559645938124	-0.0221590031623	-0.00369156826106	-0.00525324699226	0.0227824808678	0.0291279767102	0.00465830228707	0.0126872207389	-0.00709878147135	-0.043454671713	0.0317127389131	-0.0289550125419	0.00872427813698	0.0084318541208	-0.0282813396452	0.0322284337734	-0.0451743346287	-0.0141413603698	0.0883818618133	0.00109648342902	1.0	-0.0105334552983	0.0118985727128	-0.054533008245	-0.0157449237699	-0.0895890349475	-0.0493946051874	0.0087041922666	-0.0265102607654	0.00702940466135	-0.0163759401316	-0.0560442113162	-0.0804513705704	-0.00569903407323	6.06199123506e-05	0.00622593949145	-0.0289554264776	-0.0315482337077	-0.0220405341072	-0.0144728773901	-0.0360733138987	0.0196300257852	0.0253102682006	-0.0396271685884	-0.0751260586034	-0.0250952938447	0.0290475611218	0.097030866617	-0.0137059384629	-0.0236340392294	-0.0116515934639	0.0341056612391	0.028373574488
k__Bacteria;p__Firmicutes;c__Clostridia;o__Clostridiales;f__Lachnospiraceae;g__Roseburia;s__Roseburia_hominis	-0.0327202894098	-0.0418185544389	-0.0220623824192	-0.00533323680001	-0.00159046702491	-0.0462983040335	0.00772265808203	-0.0113059485881	-0.0222605810948	-0.0529917678072	-0.0077483439763	0.0349030179696	-0.0481938599943	-0.0350033976143	0.0211344665429	-0.0696747277245	0.0497952702125	-0.0467146036466	-0.000496147533565	-0.0275173471214	0.0016506622942	0.0178549917462	-0.0207941939767	0.0298097531044	0.0679138711223	0.0157955168194	-0.0105334552983	1.0	-0.0138447663997	-0.0168247444221	-0.0355859719097	0.0248020237048	0.000579210378333	0.00991053323392	-0.0120276031249	0.00796056042739	0.00104452920473	0.0754660305763	0.111526615889	-0.0457962750128	0.0397865939385	-0.0751997134431	-0.00748730687482	0.0109436780952	0.0245365937912	0.0864636458847	-0.00474442212006	0.0351098459527	0.0044374382305	0.022537926631	-0.0333783176464	-0.0154571522873	0.00787255787172	0.0252913592552	-0.00987048776165	-0.00269017010875	-0.0422910496196	-0.063088329948	-0.00511936722267
k__Bacteria;p__Bacteroidetes;c__Bacteroidia;o__Bacteroidales;f__Porphyromonadaceae;g__Parabacteroides;s__Parabacteroides_johnsonii	0.0366984446568	0.0128184607835	-0.0275496326241	-0.0411627048987	0.00946742097678	0.0214010830532	-0.0103023680884	-0.0245181564072	0.0606410163758	-0.034208534457	-0.00499114119192	0.0934920399292	-0.0104950720354	-0.0383744379082	0.0155855369944	-0.0108500630149	-0.0173617950993	-0.0086400214969	0.0188648193454	-0.0110612687965	-0.0115831169287	-0.0343050371631	0.0189687536703	-0.0315428035436	0.0387872965391	0.0414664491613	0.0118985727128	-0.0138447663997	1.0	0.00771330112506	-0.0471263488598	-0.0307360732416	-0.0310578449037	-0.0405061707683	-0.0472525341975	-0.0348554681188	0.0169029768687	-0.0321345935238	-0.00432638819615	-0.0590688882065	-0.0523374311554	-0.0379393176635	-0.0115784294578	-0.00689171240741	-0.0271374205638	0.00730799879485	0.0222801464006	0.0346198545036	0.030953355406	0.00404722881765	0.0371033935267	-0.0623442867905	-0.00807899178759	0.0139669664821	0.0317587156666	-0.0121129424069	0.0503859052049	-0.108876416471	-0.0565510563682
k__Bacteria;p__Actinobacteria;c__Actinobacteria;o__Bifidobacteriales;f__Bifidobacteriaceae;g__Bifidobacterium;s__Bifidobacterium_longum	0.0394221603889	0.0664343510364	-0.0285747116865	-0.0212157835569	-0.0103537849742	0.0158945095633	-0.0296033465681	-0.0173143625009	0.0124892572244	-0.0133806017025	0.00783904521417	-0.000297292364686	0.0307611475356	0.0410950159474	-0.0250443365767	0.0542955804286	-0.0777576433962	0.00716404414102	-0.0192389824421	-0.0360949833304	0.0354273933034	0.00933388602915	-0.0579291511568	0.0105811037518	-0.00914980426364	-0.0691220107035	-0.054533008245	-0.0168247444221	0.00771330112506	1.0	-0.0562329607331	-0.0668336497208	-0.0469574190104	0.00930343206597	-0.0357741889388	0.0378387578684	-0.0207168770341	0.0117081787001	-0.000752237765413	-0.0280266232722	-0.0265756842051	-0.00197000051918	0.0139089072168	0.0380186015436	-0.0752823433603	-0.0409939650459	0.0329146758204	0.000210200164038	0.0393008142515	-0.0147395391864	0.00753205263163	-0.00864065569928	0.0102779532539	-0.0621607704414	-0.0564439719605	0.0392291547339	-0.0325065695378	0.0674910672596	-0.00669665987655
