#taxonomy	k__Bacteria;p__Bacteroidetes;c__Bacteroidia;o__Bacteroidales;f__Bacteroidaceae;g__Bacteroides;s__Bacteroides_vulgatus	k__Bacteria;p__Bacteroidetes;c__Bacteroidia;o__Bacteroidales;f__Bacteroidaceae;g__Bacteroides;s__Bacteroides_uniformis	k__Bacteria;p__Bacteroidetes;c__Bacteroidia;o__Bacteroidales;f__Rikenellaceae;g__Alistipes;s__Alistipes_putredinis	k__Bacteria;p__Bacteroidetes;c__Bacteroidia;o__Bacteroidales;f__Prevotellaceae;g__Prevotella;s__Prevotella_copri	k__Bacteria;p__Bacteroidetes;c__Bacteroidia;o__Bacteroidales;f__Bacteroidaceae;g__Bacteroides;s__Bacteroides_stercoris	k__Bacteria;p__Bacteroidetes;c__Bacteroidia;o__Bacteroidales;f__Bacteroidaceae;g__Bacteroides;s__Bacteroides_ovatus	k__Bacteria;p__Bacteroidetes;c__Bacteroidia;o__Bacteroidales;f__Rikenellaceae;g__Alistipes;s__Alistipes_shahii	k__Bacteria;p__Firmicutes;c__Clostridia;o__Clostridiales;f__Ruminococcaceae;g__Faecalibacterium;s__Faecalibacterium_prausnitzii	k__Bacteria;p__Bacteroidetes;c__Bacteroidia;o__Bacteroidales;f__Rikenellaceae;g__Alistipes;s__Alistipes_finegoldii	k__Bacteria;p__Bacteroidetes;c__Bacteroidia;o__Bacteroidales;f__Porphyromonadaceae;g__Parabacteroides;s__Parabacteroides_distasonis	k__Bacteria;p__Bacteroidetes;c__Bacteroidia;o__Bacteroidales;f__Bacteroidaceae;g__Bacteroides;s__Bacteroides_thetaiotaomicron	k__Bacteria;p__Bacteroidetes;c__Bacteroidia;o__Bacteroidales;f__Bacteroidaceae;g__Bacteroides;s__Bacteroides_coprocola	k__Bacteria;p__Bacteroidetes;c__Bacteroidia;o__Bacteroidales;f__Bacteroidaceae;g__Bacteroides;s__Bacteroides_cellulosilyticus	k__Bacteria;p__Bacteroidetes;c__Bacteroidia;o__Bacteroidales;f__Rikenellaceae;g__Alistipes;s__Alistipes_obesi	k__Bacteria;p__Firmicutes;c__Clostridia;o__Clostridiales;f__Lachnospiraceae;g__;s__[Eubacterium]_rectale	k__Bacteria;p__Bacteroidetes;c__Bacteroidia;o__Bacteroidales;f__Bacteroidaceae;g__Bacteroides;s__Bacteroides_plebeius	k__Bacteria;p__Bacteroidetes;c__Bacteroidia;o__Bacteroidales;f__Bacteroidaceae;g__Bacteroides;s__Bacteroides_fragilis	k__Bacteria;p__Proteobacteria;c__Betaproteobacteria;o__Burkholderiales;f__Sutterellaceae;g__Sutterella;s__Sutterella_wadsworthensis	k__Bacteria;p__Bacteroidetes;c__Bacteroidia;o__Bacteroidales;f__Porphyromonadaceae;g__Barnesiella;s__Barnesiella_intestinihominis	k__Bacteria;p__Bacteroidetes;c__Bacteroidia;o__Bacteroidales;f__Odoribacteraceae;g__Odoribacter;s__Odoribacter_splanchnicus	k__Bacteria;p__Bacteroidetes;c__Bacteroidia;o__Bacteroidales;f__Bacteroidaceae;g__Bacteroides;s__Bacteroides_salyersiae	k__Bacteria;p__Firmicutes;c__Clostridia;o__Clostridiales;f__Ruminococcaceae;g__Ruminiclostridium;s__[Eubacterium]_siraeum	k__Bacteria;p__Proteobacteria;c__Betaproteobacteria;o__Burkholderiales;f__Sutterellaceae;g__Parasutterella;s__Parasutterella_excrementihominis	k__Bacteria;p__Actinobacteria;c__Actinobacteria;o__Bifidobacteriales;f__Bifidobacteriaceae;g__Bifidobacterium;s__Bifidobacterium_adolescentis	k__Bacteria;p__Firmicutes;c__Clostridia;o__Clostridiales;f__Oscillospiraceae;g__Oscillibacter;s__Oscillibacter_sp._KLE_1745	k__Bacteria;p__Bacteroidetes;c__Bacteroidia;o__Bacteroidales;f__Bacteroidaceae;g__Bacteroides;s__Bacteroides_coprophilus	k__Bacteria;p__Firmicutes;c__Clostridia;o__Clostridiales;f__Lachnospiraceae;g__Roseburia;s__Roseburia_intestinalis	k__Bacteria;p__Firmicutes;c__Clostridia;o__Clostridiales;f__Lachnospiraceae;g__Roseburia;s__Roseburia_hominis	k__Bacteria;p__Bacteroidetes;c__Bacteroidia;o__Bacteroidales;f__Porphyromonadaceae;g__Parabacteroides;s__Parabacteroides_johnsonii	k__Bacteria;p__Actinobacteria;c__Actinobacteria;o__Bifidobacteriales;f__Bifidobacteriaceae;g__Bifidobacterium;s__Bifidobacterium_longum	k__Bacteria;p__Firmicutes;c__Clostridia;o__Clostridiales;f__;g__Flavonifractor;s__Flavonifractor_plautii	k__Bacteria;p__Firmicutes;c__Clostridia;o__Clostridiales;f__Clostridiaceae;g__Clostridium;s__Clostridium_phoceensis	k__Bacteria;p__Verrucomicrobia;c__Verrucomicrobiae;o__Verrucomicrobiales;f__Akkermansiaceae;g__Akkermansia;s__Akkermansia_muciniphila	k__Bacteria;p__Bacteroidetes;c__Bacteroidia;o__Bacteroidales;f__Prevotellaceae;g__Paraprevotella;s__Paraprevotella_xylaniphila	k__Bacteria;p__Firmicutes;c__Clostridia;o__Clostridiales;f__Ruminococcaceae;g__Ruminococcus;s__Ruminococcus_callidus	k__Bacteria;p__Bacteroidetes;c__Bacteroidia;o__Bacteroidales;f__Rikenellaceae;g__Alistipes;s__Alistipes_senegalensis	k__Bacteria;p__Firmicutes;c__Clostridia;o__Clostridiales;f__Lachnospiraceae;g__Blautia;s__Blautia_sp._KLE_1732	k__Bacteria;p__Bacteroidetes;c__Bacteroidia;o__Bacteroidales;f__Bacteroidaceae;g__Bacteroides;s__Bacteroides_oleiciplenus	k__Bacteria;p__Firmicutes;c__Clostridia;o__Clostridiales;f__Ruminococcaceae;g__Ruminococcus;s__Ruminococcus_bicirculans	k__Bacteria;p__Bacteroidetes;c__Bacteroidia;o__Bacteroidales;f__Bacteroidaceae;g__Bacteroides;s__Bacteroides_fluxus	k__Bacteria;p__Bacteroidetes;c__Bacteroidia;o__Bacteroidales;f__Prevotellaceae;g__Prevotella;s__Prevotella_stercorea	k__Bacteria;p__Firmicutes;c__Clostridia;o__Clostridiales;f__Lachnospiraceae;g__Dorea;s__Dorea_longicatena	k__Bacteria;p__Firmicutes;c__Clostridia;o__Clostridiales;f__Eubacteriaceae;g__Eubacterium;s__[Eubacterium]_eligens	k__Bacteria;p__Firmicutes;c__Clostridia;o__Clostridiales;f__Ruminococcaceae;g__;s__Ruminococcaceae_bacterium_D16	k__Bacteria;p__Firmicutes;c__Clostridia;o__Clostridiales;f__Lachnospiraceae;g__Coprococcus;s__Coprococcus_comes	k__Bacteria;p__Proteobacteria;c__Gammaproteobacteria;o__Enterobacterales;f__Enterobacteriaceae;g__Escherichia;s__Escherichia_coli	k__Bacteria;p__Firmicutes;c__Clostridia;o__Clostridiales;f__Ruminococcaceae;g__Anaerotruncus;s__Anaerotruncus_colihominis	k__Bacteria;p__Firmicutes;c__Clostridia;o__Clostridiales;f__Lachnospiraceae;g__Blautia;s__Blautia_obeum	k__Bacteria;p__Bacteroidetes;c__Bacteroidia;o__Bacteroidales;f__Odoribacteraceae;g__Odoribacter;s__Odoribacter_laneus	k__Bacteria;p__Firmicutes;c__Clostridia;o__Clostridiales;f__Ruminococcaceae;g__Ruminiclostridium;s__[Clostridium]_leptum	k__Bacteria;p__Bacteroidetes;c__Bacteroidia;o__Bacteroidales;f__Porphyromonadaceae;g__Parabacteroides;s__Parabacteroides_goldsteinii	k__Bacteria;p__Firmicutes;c__Clostridia;o__Clostridiales;f__Lachnospiraceae;g__Anaerostipes;s__Anaerostipes_hadrus	k__Bacteria;p__Firmicutes;c__Clostridia;o__Clostridiales;f__Ruminococcaceae;g__Ruminococcus;s__Ruminococcus_lactaris	k__Bacteria;p__Firmicutes;c__Clostridia;o__Clostridiales;f__Clostridiaceae;g__Clostridium;s__Clostridium_sp._L2-50	k__Bacteria;p__Firmicutes;c__Clostridia;o__Clostridiales;f__Clostridiaceae;g__Clostridium;s__Clostridium_sp._M62/1	k__Bacteria;p__Firmicutes;c__Clostridia;o__Clostridiales;f__;g__Intestinimonas;s__Intestinimonas_butyriciproducens	k__Bacteria;p__Actinobacteria;c__Actinobacteria;o__Bifidobacteriales;f__Bifidobacteriaceae;g__Bifidobacterium;s__Bifidobacterium_bifidum	k__Bacteria;p__Firmicutes;c__Negativicutes;o__Veillonellales;f__Veillonellaceae;g__Dialister;s__Dialister_invisus	k__Bacteria;p__Bacteroidetes;c__Bacteroidia;o__Bacteroidales;f__Bacteroidaceae;g__Bacteroides;s__Bacteroides_salanitronis
k__Bacteria;p__Bacteroidetes;c__Bacteroidia;o__Bacteroidales;f__Bacteroidaceae;g__Bacteroides;s__Bacteroides_vulgatus	1.0	0.0421681164064	-0.0550146861255	-0.00069942164964	-0.00989900534891	-0.0492965161315	-0.06605609696	0.0489652430492	0.0445106933212	-0.0165501533903	0.0194827020057	-0.0624260601435	-0.042691075073	-0.032718577458	0.057659548127	-0.103754100675	-0.0450235655838	-0.0306120996076	-0.0801731470079	0.0089922323009	-0.0268639619732	0.00585283010266	0.0853132718043	-0.0136346402498	-0.0124749276037	0.0478419214372	0.00749906730548	0.000481902279451	-0.0311088353999	0.0557528217876	-0.0634524156808	0.00320143455483	0.102476914642	-0.00602816757413	-0.0213520166706	-0.0160154805041	-0.0175800094382	0.00740885013916	0.0406304555185	-0.0659930291266	-0.0358401835691	0.0123077889097	0.0117513860098	0.0104239837264	0.0273361060782	0.00963658672011	-0.00496491089487	0.00287539021065	-0.0575592354312	-0.0160120213383	-0.00035356508892	-0.00619989616772	0.0224690263461	0.0191721239994	-0.000645192399309	-0.00399951225042	0.0214377999537	0.0418734025023	0.00153372504003
k__Bacteria;p__Bacteroidetes;c__Bacteroidia;o__Bacteroidales;f__Bacteroidaceae;g__Bacteroides;s__Bacteroides_uniformis	0.0421681164064	1.0	0.00902891958038	0.0166340321352	-0.00648254331295	0.0561480473176	-0.00974091828122	-0.0343752947093	0.0202026399427	-0.0141865528668	0.0137363033423	0.0539393235129	-0.074840229647	-0.0947183116142	0.0457980643696	-0.0877785087941	-0.00011101103919	-0.0578349830805	-0.0479520131115	-0.0523868243379	0.0148929881331	0.0160680279118	-0.0233141480062	0.0156556572611	0.0291327840081	0.0263693622146	-0.0802277278597	0.0151012036505	-0.0381235181227	-0.0411177700769	-0.031743474567	-0.0117050577575	-0.0335062988918	-0.0363909020007	-0.0224306670212	-0.0391348781784	0.00484089287473	0.0191309517828	-0.00496756508968	0.0292552284832	0.0231368640022	0.00116094274936	-0.0590700026358	0.0227010973049	0.0324197738743	-0.000978702677361	0.0635104548274	0.0178545419145	-0.00965051166993	-0.0277833566276	-0.0280575988952	-0.018759076031	-0.0558608107154	-0.0064352364994	-0.0151651039115	-0.0832818922496	-0.0113972399922	0.0267436885782	0.00216634358448
k__Bacteria;p__Bacteroidetes;c__Bacteroidia;o__Bacteroidales;f__Rikenellaceae;g__Alistipes;s__Alistipes_putredinis	-0.0550146861255	0.00902891958038	1.0	0.0182231284144	-0.0118202797704	-0.0765080400976	-0.0110715211631	-0.0507683639759	-0.0566371100426	0.0146672426757	-0.096841346957	-0.0688880706218	0.0132469824767	-0.0127172312758	-0.0586005003074	-0.0205907822666	-0.032887729398	-0.0411931521516	0.0531666377858	-0.0175158874864	0.0211503709419	-0.0754032304073	-0.0166521884668	0.0553366026964	-0.00237543174865	-0.00118067073529	-0.0463617302366	0.0418421478264	-0.0103640083723	-0.00244438350493	-0.0133303562993	0.0152938452074	0.0503952479419	-0.0391703239039	0.0321578785019	0.0827661633195	0.0339734637598	-0.00182666050137	0.00842725050912	0.00986818621922	0.0188054844281	0.0285793621138	-0.037433085191	-0.00159513776091	0.0257171067351	-0.0103921524662	0.0146777611881	-0.0175127299107	-0.0434117870574	-0.00449139759475	0.0199471531367	-0.0123487640493	-0.00303891378265	-0.0346506467222	-0.0727497897908	-0.0307981833674	-0.0346451165683	-0.0024876517345	-0.00202764389723
k__Bacteria;p__Bacteroidetes;c__Bacteroidia;o__Bacteroidales;f__Prevotellaceae;g__Prevotella;s__Prevotella_copri	-0.00069942164964	0.0166340321352	0.0182231284144	1.0	-0.0511675802344	0.0222374395182	0.0203815346482	-0.0694892561165	0.00268035306922	-0.0529294681185	-0.00027076079877	0.0103219360538	0.00109055413855	0.000149991510928	-0.0105176545246	0.0582470951742	-0.0174483478749	0.0131900186179	0.0756757802908	-0.0056721639414	-0.0201249036269	0.0220866552011	-0.0788065466184	0.0151255953483	0.0438720191172	0.0210701136769	-0.0543497886006	-0.0776990901811	-0.0792539971276	0.00369048107368	-0.0522413068713	-0.0285496116901	0.0406783644741	-0.040677412247	-0.0857314136531	0.03288363943	0.0389995855222	0.00234010050968	0.0203303328384	0.0301050152516	0.0666530753109	0.0246556998353	-0.00882655651685	-0.0481748075145	-0.0166855653065	-0.00554642251709	-0.00922455050174	-0.00761581676401	-0.0452732243482	0.019518993389	-0.0471766007999	-0.00401696288959	-0.0134825551606	-0.011887742873	0.00493031036564	0.0755136711294	4.55642425332e-05	-0.016468803417	0.0194666287568
k__Bacteria;p__Bacteroidetes;c__Bacteroidia;o__Bacteroidales;f__Bacteroidaceae;g__Bacteroides;s__Bacteroides_stercoris	-0.00989900534891	-0.00648254331295	-0.0118202797704	-0.0511675802344	1.0	-0.0343648547015	0.00688176541014	-0.000589858121052	-0.0223917431057	-0.108986822135	0.0204814214628	0.0544209492783	0.0477258944193	0.0135239953915	0.00108550770052	0.00928155138041	-0.00384752058982	-0.0201809448985	-0.0343571098174	-0.0645566115316	-0.0631029863751	-0.00597113964528	-0.0146340922936	-0.00492969255699	-0.0636549147051	-0.0646556162238	-0.0540167913739	-0.0169354082362	-0.0285925576727	0.0227572159422	-0.0585741146431	-0.0341904556083	0.0155041991005	-0.0279067689105	0.0239697612768	0.0171337367604	0.0362271471914	0.0241925655009	-0.089512585625	-0.0381500554552	0.0116740664618	0.0378730761991	-0.00349636682006	0.020416543038	-0.0333622676138	-0.0202586642689	-0.0343126370938	-0.0316912190965	0.0508186424038	-0.0105128638991	-0.0709690567363	0.0489535582745	-0.00807333379693	-0.026755867102	0.029895455768	0.00224377675886	-0.0147660437234	0.00494439607371	-0.0198414560684
k__Bacteria;p__Bacteroidetes;c__Bacteroidia;o__Bacteroidales;f__Bacteroidaceae;g__Bacteroides;s__Bacteroides_ovatus	-0.0492965161315	0.0561480473176	-0.0765080400976	0.0222374395182	-0.0343648547015	1.0	-0.0526562948281	-0.0294375996589	-0.0932217166774	-0.0373211487166	-0.0130602411237	-0.0866083959298	-0.015859655991	0.00879532514387	0.00434951269992	-0.0293775693421	-0.0102900461351	-0.00557605575589	-0.0469307709929	-0.0259535634886	0.00816406342543	0.00712793468315	-0.0341394313228	-0.031708810087	-0.00122495991353	-0.0289156830827	0.00838532479488	-0.0174793585492	0.0565618660958	0.0201014098751	-0.0361226176192	-0.0237696573976	-0.0289334457791	0.0443211892457	0.0369895069832	-0.0291135181219	-0.00566362937052	0.0273276188761	0.0419810793025	-0.0561248431187	0.0305607115626	-0.0310648234707	-0.0134275843736	0.074875826207	0.0425464066118	0.0270750104853	0.0440936627668	-0.0433306734543	0.0168983973527	0.014834587981	0.00410911566171	-0.0516648341361	-0.0859144962703	0.0334766473639	-0.0281575785187	-0.000252759875269	-0.0853488618467	-0.0104003998272	0.0712777497673
k__Bacteria;p__Bacteroidetes;c__Bacteroidia;o__Bacteroidales;f__Rikenellaceae;g__Alistipes;s__Alistipes_shahii	-0.06605609696	-0.00974091828122	-0.0110715211631	0.0203815346482	0.00688176541014	-0.0526562948281	1.0	-0.0229701281064	-0.0331674743625	-0.0674037199681	0.004650946498	0.021956181304	-0.0143419440353	0.0625183222303	-0.01160080909	0.0548656460898	0.0139403447362	0.0654457289642	0.0122979008438	-0.0544820054506	-0.00503039899132	0.00140389498461	-0.0574172541166	0.00472783565086	0.0267683940907	0.0198422675332	0.0290956803697	-0.0119594428087	0.00691031581062	-7.93749989516e-05	0.0684948412871	-0.0427658382199	-0.00149597282744	-0.0151655927628	0.0185204240107	0.0425904500317	-0.0380033730514	-0.0515061817173	-0.0273346065133	-0.0175736279669	-0.00864305303616	0.0187546332604	0.0255328764487	-0.0160123418455	-0.0300094163265	-0.0329539551993	0.0113258007471	-0.028738475386	-0.00827330554933	-0.0428547684815	0.0100983176478	0.0443644696479	0.014208903517	0.0207818521284	0.0103598018037	-0.0453122511184	-0.0236468839727	-0.0122461317074	0.0276236998613
k__Bacteria;p__Firmicutes;c__Clostridia;o__Clostridiales;f__Ruminococcaceae;g__Faecalibacterium;s__Faecalibacterium_prausnitzii	0.0489652430492	-0.0343752947093	-0.0507683639759	-0.0694892561165	-0.000589858121052	-0.0294375996589	-0.0229701281064	1.0	-0.010909629665	-0.0309890440766	-0.018876321556	-0.0498016381378	-0.0215563797481	-0.0512451658093	-0.0591653443539	0.0153363597264	-0.0143242203946	0.0143593873062	-0.0382445078562	-0.0358861457667	-0.0374066673245	0.0360801177771	0.0350735933674	0.0175904454442	0.038094763894	-0.0601638214459	0.0134944486455	-0.0410288428447	-0.0421488497503	-0.0366034969378	-0.0641451519523	0.0261945071256	0.0123451798099	0.0333478732455	0.0638349907354	0.0251008604158	-0.00160852925808	-0.0203540650683	0.0744157325329	-0.0175491454498	0.0474066166473	-0.0380773057356	-0.0130359719265	-0.00147832144613	0.0678333625385	0.0136964708051	-0.00360370831425	-0.0204843027158	0.0609395747085	0.00138090274838	0.0211930287061	-0.0425900140133	0.0145830856792	0.0146605482457	-0.0576830734585	-0.0420165980377	-0.0561270274601	0.00563263091158	0.00133638164605
k__Bacteria;p__Bacteroidetes;c__Bacteroidia;o__Bacteroidales;f__Rikenellaceae;g__Alistipes;s__Alistipes_finegoldii	0.0445106933212	0.0202026399427	-0.0566371100426	0.00268035306922	-0.0223917431057	-0.0932217166774	-0.0331674743625	-0.010909629665	1.0	-0.0469359481838	-0.00873608298504	0.0582361261576	0.0201586064971	-0.0304173494116	0.0650838791057	-0.0653023926021	-0.0470457964384	0.107439196595	-0.0169391398762	-0.0191061413929	-0.0272606014564	0.000625939744383	0.0381995560522	0.0628784128775	-0.0453974416027	0.00186728428516	0.00180948176641	0.0374884203766	-0.00112071891941	-0.014078042194	-0.0656372281437	0.0403286460423	-0.0124702492719	0.00763249910927	-0.0546500228951	-0.00623572901266	-0.0292766134755	0.0252556683602	-0.103050971232	-0.00942810268046	0.049989343464	0.022339886249	-0.0638839270797	0.0456417694777	0.0043639528011	-0.0301580714038	0.00709513175656	-0.0199992242286	-0.0149283869388	-0.038493328465	0.0171896900207	0.0208051579006	0.000178426265297	-0.0563067079461	-0.038184083961	0.059869330985	0.032326871124	0.00463572791581	0.010358798185
k__Bacteria;p__Bacteroidetes;c__Bacteroidia;o__Bacteroidales;f__Porphyromonadaceae;g__Parabacteroides;s__Parabacteroides_distasonis	-0.0165501533903	-0.0141865528668	0.0146672426757	-0.0529294681185	-0.108986822135	-0.0373211487166	-0.0674037199681	-0.0309890440766	-0.0469359481838	1.0	-0.0126279751819	0.00657148033017	-0.0619466707501	-0.0914510755429	0.00244645672856	-0.0271596342043	0.000925011110229	-0.0211785041492	0.0968512328009	0.00887837407845	0.0607794898987	0.0311649362161	-0.0022748991851	-0.00521979923507	-0.0400348335606	-0.00401715225875	0.000752768601108	0.00132419213711	-0.00992085915053	0.0303769747231	-0.0933133737973	-0.00444303341034	-0.0299220374402	-0.0384104446588	0.0342964821148	-0.0287167021261	-0.0472073220581	-0.0122859848613	-0.0432288391878	0.0424376653043	0.0158223492955	-0.0296488358594	0.0190529463458	-0.0415140168131	-0.045681902286	0.0432422156464	0.0074344437566	-0.0338359950291	-0.054636585342	0.0239642052356	-0.0246958335034	-0.0362176203656	0.0184919673702	-0.0626544168136	-0.0394583731617	0.00263474251721	-0.0262343867867	0.0167623429226	-0.00564734295221
k__Bacteria;p__Bacteroidetes;c__Bacteroidia;o__Bacteroidales;f__Bacteroidaceae;g__Bacteroides;s__Bacteroides_thetaiotaomicron	0.0194827020057	0.0137363033423	-0.096841346957	-0.00027076079877	0.0204814214628	-0.0130602411237	0.004650946498	-0.018876321556	-0.00873608298504	-0.0126279751819	1.0	0.0199759711704	0.0414603473447	-0.0345883691339	0.0316259326193	-0.0148223989144	0.010014928828	-0.0191851260396	-0.0115338449661	-0.0386830082494	-0.00198124644927	-0.0203248545451	-0.0183940085706	-0.0811829754479	-0.0212330927746	-0.01334577418	0.00487622180202	-0.024585617132	-0.02846976821	-0.0538945660067	0.03097531834	0.0189469735135	0.00755943353303	-0.0141507593927	0.0454076790096	-0.0408757087448	-0.0315882012097	0.0277769175313	-0.00846662169533	-0.00374845855367	-0.0238691680855	-0.00757730199412	-0.0508852627229	0.00415015715216	0.0463911368127	0.0150539254755	0.0121772497822	0.00205411646931	-0.00999167432347	-0.0331133692787	-0.0328145196625	0.00478087482199	0.0471302274572	0.00740258113325	-0.05499156716	0.0169740835321	-0.0596494721856	0.0282405828068	0.0273879842542
k__Bacteria;p__Bacteroidetes;c__Bacteroidia;o__Bacteroidales;f__Bacteroidaceae;g__Bacteroides;s__Bacteroides_coprocola	-0.0624260601435	0.0539393235129	-0.0688880706218	0.0103219360538	0.0544209492783	-0.0866083959298	0.021956181304	-0.0498016381378	0.0582361261576	0.00657148033017	0.0199759711704	1.0	-0.0366660450115	-0.0602439454439	-0.0772354137746	-0.00303703342338	-0.0803422460177	-0.00903807361642	0.0381386711473	-0.00405349490349	0.0433766272592	-0.00158393728972	0.0104048422095	0.0341729149889	-0.00942822746343	-0.0821708850609	0.0284851538601	-0.0305724582101	0.0143355637191	-0.0266150981079	0.0582517570209	0.00688793536196	0.0262134838896	0.02183268444	0.00935496065652	-0.0151822442274	0.0420005356501	0.0315474642534	-0.0177713510285	-0.0197685462212	-0.0156846318164	-0.00566209087124	-0.0971137032246	-0.127606498723	-0.0407542606969	0.0380319480735	-0.00460454201986	-0.0522400113379	0.0114015910364	-0.0353850214315	0.0145328710051	-0.0143000743026	0.0240984020139	-0.0145859710883	-0.00830716236652	-0.0473526223428	-0.0537913703861	0.0242801070191	-0.0626428767364
k__Bacteria;p__Bacteroidetes;c__Bacteroidia;o__Bacteroidales;f__Bacteroidaceae;g__Bacteroides;s__Bacteroides_cellulosilyticus	-0.042691075073	-0.074840229647	0.0132469824767	0.00109055413855	0.0477258944193	-0.015859655991	-0.0143419440353	-0.0215563797481	0.0201586064971	-0.0619466707501	0.0414603473447	-0.0366660450115	1.0	0.0214722460461	-0.0188555088441	-0.0373927772828	-0.0421451096976	-0.0105392898888	-0.0734624518051	0.0505235312708	-0.0281370085755	0.0535902390761	0.126201736995	0.0191718201979	-0.0072761873569	0.0320684422166	-0.0104643399821	-0.0210403703037	-0.0213614767741	-0.0437816938791	-0.0293471436654	0.0124587711913	-0.0658350672798	-0.0120753215358	-0.00382038219382	-0.023507862845	-0.00492699692646	-0.0127134273795	0.0180526105104	0.0458134836871	-0.0462679228677	0.00234598818334	-0.0121665053557	-0.0184084157135	0.0218039087961	0.017789812496	0.00220535206261	-0.0183845758271	-0.00651775024465	-0.0230817174344	0.0252453946637	-0.011682687881	-0.0287836999563	-0.025559940975	0.0131832814853	0.00835649047977	-0.00371822626968	-0.0142639038872	-0.0511404615148
k__Bacteria;p__Bacteroidetes;c__Bacteroidia;o__Bacteroidales;f__Rikenellaceae;g__Alistipes;s__Alistipes_obesi	-0.032718577458	-0.0947183116142	-0.0127172312758	0.000149991510928	0.0135239953915	0.00879532514387	0.0625183222303	-0.0512451658093	-0.0304173494116	-0.0914510755429	-0.0345883691339	-0.0602439454439	0.021472246046	1.0	-0.0363505837773	-0.015689086926	-0.0230558127885	0.0264718376565	-0.0157158426859	-0.0477086400383	-0.0117784176038	-0.0236078817712	0.0398246437405	-0.0153336996872	0.0456159542764	0.0661826487239	-0.0262967193268	0.0479143948654	-0.0649719726026	0.017729203234	-0.00888583224239	0.02270425535	-0.0408614659747	-0.00547624227984	0.0717735461966	-0.00261018694956	-0.0133713140369	0.016575125797	0.0208710423872	-0.0282988449233	0.00334000077882	-0.075957330223	-0.0092091635228	0.013273595694	-0.0380876799395	-0.0381386455099	-0.0121966506972	0.0657905312439	-0.0691221063033	-0.0301918908994	0.0487294666829	0.0630657718429	-0.0295527890234	-0.0528054945662	-0.066599853757	0.0221185164833	0.0495465859338	-0.0341953497016	0.00517521778855
k__Bacteria;p__Firmicutes;c__Clostridia;o__Clostridiales;f__Lachnospiraceae;g__;s__[Eubacterium]_rectale	0.057659548127	0.0457980643696	-0.0586005003074	-0.0105176545246	0.00108550770052	0.00434951269992	-0.01160080909	-0.0591653443539	0.0650838791057	0.00244645672856	0.0316259326193	-0.0772354137746	-0.0188555088441	-0.0363505837773	1.0	-0.0167095615988	-0.0295669600562	-0.00429697292099	-0.0560190776605	-0.00766360570655	0.00440719584251	0.0272898654234	0.054716841183	0.0234256196071	0.0177648162898	0.00175596039741	-0.00222823897896	0.0162839215927	-0.0190716924329	0.0172939584306	0.00869351233981	-0.00133727615924	-0.0315866267987	-0.0441439120354	-0.0204251253901	-0.0255940262865	0.0606798440755	0.0632141133492	0.0213184739662	-0.0308033079385	0.00833522938963	-0.0453774833443	0.0251126282259	-0.0416177373027	-0.0867965203494	0.00753136632342	0.05062963011	-0.0354845842656	0.0343222236182	0.0337137032689	0.0131191026212	0.00147016621921	0.0193676385041	-0.00129601050868	-0.032169650902	0.0152603291936	-0.0246973884056	0.0511606919682	-0.0327561396468
k__Bacteria;p__Bacteroidetes;c__Bacteroidia;o__Bacteroidales;f__Bacteroidaceae;g__Bacteroides;s__Bacteroides_plebeius	-0.103754100675	-0.0877785087941	-0.0205907822666	0.0582470951742	0.00928155138041	-0.0293775693421	0.0548656460898	0.0153363597264	-0.0653023926021	-0.0271596342043	-0.0148223989144	-0.00303703342338	-0.0373927772828	-0.015689086926	-0.0167095615988	1.0	-0.0176971438191	-0.00268391675393	-0.0621796223715	-0.0534746658712	-0.0139484621823	-0.0144935455979	0.0950740588942	-0.0282419488035	0.032166797894	0.0107512727503	-0.044382566449	-0.0402197739566	0.045420219916	-0.000958727558554	-0.0426213842502	-0.0396653764464	-0.0045403960901	-0.0270304301101	0.036336542525	0.0220544045845	-0.0184784221049	-0.00561716798543	0.0351370281063	-0.0171046084975	-0.00707372084262	0.0124936544294	-0.0342507239945	-0.073195966894	0.00570882377942	0.00237714419471	0.0322240587578	0.0306219267151	0.0337323346609	-0.0456254799492	0.027657067937	0.0051351190713	-0.020880393779	-0.0246060431583	-0.0525787121794	-0.0180868594374	-0.0357802649649	-0.0433898789347	0.0718660391463
k__Bacteria;p__Bacteroidetes;c__Bacteroidia;o__Bacteroidales;f__Bacteroidaceae;g__Bacteroides;s__Bacteroides_fragilis	-0.0450235655838	-0.00011101103919	-0.032887729398	-0.0174483478749	-0.00384752058982	-0.0102900461351	0.0139403447362	-0.0143242203946	-0.0470457964384	0.000925011110229	0.010014928828	-0.0803422460177	-0.0421451096976	-0.0230558127885	-0.0295669600562	-0.0176971438191	1.0	-0.0333794938774	-0.010838719306	-0.00978039512978	0.0414754723545	-0.0239485205972	-0.0279807313518	0.0212487012378	-0.0655502164113	-0.0203417697614	-0.00518391604979	-0.0746517724625	0.028339641391	0.014225163876	-0.0354977736232	0.0687469556352	-0.033349864486	0.0661062743563	-0.0298202638938	-0.0188862135421	-0.0430961213546	0.00100968866921	-0.0222236342529	0.00159775641524	0.035359547987	-0.0207869903069	-0.044048192819	-0.001501087253	-0.0151199729811	0.0283728530672	-0.0569048604544	-0.0215234522352	-0.00887417464757	-0.0105204866506	-0.0455761635895	0.0183447444956	-0.021540422925	-0.103022785685	-0.0238719307908	-0.0272485719473	-0.0476982790561	-0.0380499674665	0.00418951173668
k__Bacteria;p__Proteobacteria;c__Betaproteobacteria;o__Burkholderiales;f__Sutterellaceae;g__Sutterella;s__Sutterella_wadsworthensis	-0.0306120996076	-0.0578349830805	-0.0411931521516	0.0131900186179	-0.0201809448985	-0.00557605575589	0.0654457289642	0.0143593873062	0.107439196595	-0.0211785041492	-0.0191851260396	-0.00903807361642	-0.0105392898888	0.0264718376565	-0.00429697292099	-0.00268391675393	-0.0333794938774	1.0	-0.0216001079489	-0.0103597191316	0.0129720491733	0.0305043388774	-0.0508696173681	0.0183826122432	-0.0869968423139	-0.0362547059937	-0.0379721176501	-0.00924952765213	-0.00853330695329	-0.0200346225826	-0.00311501813283	0.0176121608179	-0.0854102680683	0.0265722782058	0.00141350524967	-0.00513446327274	-0.0636969338166	0.0145831914249	-0.0673127027752	-0.0147754775088	-0.00731336632644	0.0216965141046	0.0128968183685	-0.0127360663266	-0.0224751256348	-0.00193515049988	-0.0567274646654	-0.0302125132202	0.0437373613703	-0.0393795478359	-0.0209660876084	-0.00226169109599	-0.0142091688207	-0.00978943496181	-0.0281584176306	0.00113593472769	0.026099537107	-0.0297833188761	0.0555967884182
k__Bacteria;p__Bacteroidetes;c__Bacteroidia;o__Bacteroidales;f__Porphyromonadaceae;g__Barnesiella;s__Barnesiella_intestinihominis	-0.0801731470079	-0.0479520131115	0.0531666377858	0.0756757802908	-0.0343571098174	-0.0469307709929	0.0122979008438	-0.0382445078562	-0.0169391398762	0.0968512328009	-0.0115338449661	0.0381386711473	-0.0734624518051	-0.0157158426859	-0.0560190776605	-0.0621796223715	-0.010838719306	-0.0216001079489	1.0	0.0717953668794	-0.0464333850432	-0.0611166522681	-0.0316650562187	0.12723067458	-0.0362239457291	-0.00432838719626	0.0201565905282	-0.0829894199239	-0.030795990616	-0.0562448026601	0.0714107575434	0.0226405934101	0.00435562080083	0.0456746272992	0.0189812607408	-0.00320431162121	-0.0468243296906	-0.0768954564688	-0.0496433069622	-0.0501353764192	-0.0368157297359	-0.0853948801731	0.0292045636228	-0.0239250651839	0.0299852298611	0.0207220170054	-0.0291438937917	-0.0110523148028	-0.0600434783029	0.0251868978756	0.0163162218765	0.0249468749501	-0.00102885025353	0.0177134269775	0.0363031950952	-0.0390826959552	0.0278145721897	0.0075422285649	-0.00761068714986
k__Bacteria;p__Bacteroidetes;c__Bacteroidia;o__Bacteroidales;f__Odoribacteraceae;g__Odoribacter;s__Odoribacter_splanchnicus	0.0089922323009	-0.0523868243379	-0.0175158874864	-0.0056721639414	-0.0645566115316	-0.0259535634886	-0.0544820054506	-0.0358861457667	-0.0191061413929	0.00887837407845	-0.0386830082494	-0.00405349490349	0.0505235312708	-0.0477086400383	-0.00766360570655	-0.0534746658712	-0.00978039512978	-0.0103597191316	0.0717953668794	1.0	0.0238270017039	-0.0209229638635	-0.03090917449	-0.00250673490226	-0.0122745434487	0.0127299423092	0.000758548026106	0.0268126414412	0.0306264057604	-0.00718705261012	0.0342708293593	-0.00715270298675	-0.0491756663353	0.0239973164179	-0.0497735865325	0.00785534590627	-0.0429895117519	-0.0268883399092	-0.0441803350519	-0.00474408237193	-0.0334954024023	0.00426217280264	-0.134858619134	0.0558414311063	-0.0248362526151	0.0931161517115	0.00755831099515	0.0486104873647	-0.0914362113322	-0.00214895394552	-0.00804797882052	0.0212349501582	-0.0079702831641	0.00794473936943	0.0138679725471	0.0414323953805	0.000291101190228	0.0629138538592	-0.0523510311576
k__Bacteria;p__Bacteroidetes;c__Bacteroidia;o__Bacteroidales;f__Bacteroidaceae;g__Bacteroides;s__Bacteroides_salyersiae	-0.0268639619732	0.0148929881331	0.0211503709419	-0.0201249036269	-0.0631029863751	0.00816406342543	-0.00503039899132	-0.0374066673245	-0.0272606014564	0.0607794898987	-0.00198124644927	0.0433766272592	-0.0281370085755	-0.0117784176038	0.00440719584251	-0.0139484621823	0.0414754723545	0.0129720491733	-0.0464333850432	0.0238270017039	1.0	-0.0724613350552	-0.111621215632	4.64206855393e-05	-0.0209308194697	-0.00830892828225	0.0694833076804	0.00256915904873	-0.0108929777083	-0.0748527668963	0.000954162193049	-0.0320454807205	0.00222280643356	0.0186433048058	0.0378146837824	0.0224834124111	0.0727292798801	-0.0161271962832	0.0293189539135	0.00268808242054	0.0068879434824	0.0307212586467	-0.0573336270813	0.0446297365522	-0.0529563409434	0.0214126817575	0.0721131430116	-0.0112008634492	-0.0346281003725	0.0302743113561	0.0274182480734	-0.0214976163108	-0.0195209332309	-0.00589382537026	0.00481460068075	-0.0390564293069	-0.00920895969306	0.000724565309926	-0.00947352500829
k__Bacteria;p__Firmicutes;c__Clostridia;o__Clostridiales;f__Ruminococcaceae;g__Ruminiclostridium;s__[Eubacterium]_siraeum	0.00585283010266	0.0160680279118	-0.0754032304073	0.0220866552011	-0.00597113964528	0.00712793468315	0.00140389498461	0.0360801177771	0.000625939744383	0.0311649362161	-0.0203248545451	-0.00158393728972	0.0535902390761	-0.0236078817712	0.0272898654234	-0.0144935455979	-0.0239485205972	0.0305043388774	-0.0611166522681	-0.0209229638635	-0.0724613350552	1.0	-0.0297352140062	-0.00655678490341	-0.0759509295705	0.0150684047308	-0.00181485991606	-0.0343684214909	-0.0321926225504	-0.0298185212416	-0.019918363555	-0.0548556522018	-0.0237904392119	0.0148175541977	-0.0323157037848	-0.0111195808758	0.0160572878635	-0.0250732178084	-0.0395736213728	0.00248910435845	0.054457130651	-0.0409311322668	0.00321037239708	0.0493233328923	-0.0196506316182	0.0179655840964	-0.0344765914105	-0.0194159946862	0.0403716681948	-0.0352168604485	-0.0193144646323	0.0447943253816	-0.0646000733183	-0.00145036295022	0.0996340219734	-0.0478142704533	-0.0273375499338	0.0100778913473	-0.0506397087764
k__Bacteria;p__Proteobacteria;c__Betaproteobacteria;o__Burkholderiales;f__Sutterellaceae;g__Parasutterella;s__Parasutterella_excrementihominis	0.0853132718043	-0.0233141480062	-0.0166521884668	-0.0788065466184	-0.0146340922936	-0.0341394313228	-0.0574172541166	0.0350735933674	0.0381995560522	-0.0022748991851	-0.0183940085706	0.0104048422095	0.126201736995	0.0398246437405	0.054716841183	0.0950740588942	-0.0279807313518	-0.0508696173681	-0.0316650562187	-0.03090917449	-0.111621215632	-0.0297352140062	1.0	-0.00100176231549	0.0836604165967	0.0296122760417	0.0861855626145	-0.027240343046	-0.0218863517145	0.0729052679377	-0.00580229692042	-0.0608130095012	0.0198591628516	0.0271977705135	-0.054731386621	-0.0734065191841	0.0143342985315	0.0105155061267	0.00494324279388	0.0387229060473	-0.073131382665	-0.0225069239216	-0.0465034974863	0.00935960766794	0.0459875485293	-0.10551030719	-0.0288383668771	-0.0376897522023	0.0277777643039	0.0113806670942	-0.0286857825493	-0.0642715575358	-0.00863102259656	0.0331095857729	-0.0104856669579	-0.0385858450079	-0.0296846328112	-0.0025858219136	0.00523678390805
k__Bacteria;p__Actinobacteria;c__Actinobacteria;o__Bifidobacteriales;f__Bifidobacteriaceae;g__Bifidobacterium;s__Bifidobacterium_adolescentis	-0.0136346402498	0.0156556572611	0.0553366026964	0.0151255953483	-0.00492969255699	-0.031708810087	0.00472783565086	0.0175904454442	0.0628784128775	-0.00521979923507	-0.0811829754479	0.0341729149889	0.0191718201979	-0.0153336996872	0.0234256196071	-0.0282419488035	0.0212487012378	0.0183826122432	0.12723067458	-0.00250673490226	4.64206855392e-05	-0.00655678490341	-0.00100176231549	1.0	-0.0200486056687	0.000194658790394	0.00857414116354	-0.0688696220588	-0.0143727761017	-0.027383209298	0.0177538218317	-0.0403478023082	-0.0380479559399	0.00736193905235	-0.0326268791273	-0.0646254241199	0.0178505541552	-0.000401034874843	-0.0484502517903	0.0170211268182	0.00486757029109	-0.0289552467788	0.00347521033062	0.0313408540093	0.0426188646093	0.00276909522612	0.00963070001587	-0.0391154278872	-0.0360826741111	-0.0160826914993	-0.0250610843404	-0.0116831631444	0.0459762693169	-0.0284042154132	-0.0133597963138	-0.0394272562948	-0.0139117378523	-0.0277074314069	-0.0288264186001
k__Bacteria;p__Firmicutes;c__Clostridia;o__Clostridiales;f__Oscillospiraceae;g__Oscillibacter;s__Oscillibacter_sp._KLE_1745	-0.0124749276037	0.0291327840081	-0.00237543174865	0.0438720191172	-0.0636549147051	-0.00122495991353	0.0267683940907	0.038094763894	-0.0453974416027	-0.0400348335606	-0.0212330927746	-0.00942822746343	-0.0072761873569	0.0456159542764	0.0177648162898	0.032166797894	-0.0655502164113	-0.0869968423139	-0.0362239457291	-0.0122745434487	-0.0209308194697	-0.0759509295705	0.0836604165967	-0.0200486056687	1.0	-0.0154734148981	0.00228209130514	-0.0838512919423	0.0548464059452	0.00166232849641	-0.071512391048	-0.0237725162111	0.0208504614164	0.00290382005827	0.0140397266008	-0.0376215448002	-0.041633020191	0.00157227188307	-0.0180262640479	0.00472995069517	-0.0631998843353	-0.0625987442873	0.0137631799039	0.0272989230176	-0.0414011107898	-0.00358814895069	0.0203044395787	0.041967733242	-0.0313994483126	-0.0231216783636	-0.0348432174015	0.00508703407014	-0.00646998029755	-0.0245708662785	-0.0171467652945	0.027181559254	0.00778836039032	0.0991856410772	-0.0345034654221
k__Bacteria;p__Bacteroidetes;c__Bacteroidia;o__Bacteroidales;f__Bacteroidaceae;g__Bacteroides;s__Bacteroides_coprophilus	0.0478419214372	0.0263693622146	-0.00118067073529	0.0210701136769	-0.0646556162238	-0.0289156830827	0.0198422675332	-0.0601638214459	0.00186728428516	-0.00401715225875	-0.01334577418	-0.0821708850609	0.0320684422166	0.0661826487239	0.00175596039741	0.0107512727503	-0.0203417697614	-0.0362547059937	-0.00432838719626	0.0127299423092	-0.00830892828225	0.0150684047308	0.0296122760417	0.000194658790394	-0.0154734148981	1.0	-0.0439443998148	-0.0140986139176	-0.019704478022	-0.0430945267408	0.000331683740636	0.0116830179235	0.0352376732306	0.0282097602182	-0.0441938506273	0.0190308852771	-0.0285379707759	0.0106502553343	-0.0438479884576	-0.0149210309568	-0.0282089355431	-0.00467530619339	-0.0230150110917	0.00644670011979	-0.016578564014	-0.0326752858276	-0.0705432400189	-0.0489118620766	0.00109759836249	0.0449584559298	-0.0483184773945	0.0257812724971	-0.0242899384623	0.00251218906982	0.0294657966447	-0.0274056880468	-0.0301512907451	-0.0236722302253	-0.0237116047365
k__Bacteria;p__Firmicutes;c__Clostridia;o__Clostridiales;f__Lachnospiraceae;g__Roseburia;s__Roseburia_intestinalis	0.00749906730548	-0.0802277278597	-0.0463617302366	-0.0543497886006	-0.0540167913739	0.00838532479488	0.0290956803697	0.0134944486455	0.00180948176641	0.000752768601108	0.00487622180202	0.0284851538601	-0.0104643399821	-0.0262967193268	-0.00222823897896	-0.044382566449	-0.00518391604979	-0.0379721176501	0.0201565905282	0.000758548026106	0.0694833076804	-0.00181485991606	0.0861855626145	0.00857414116354	0.00228209130514	-0.0439443998148	1.0	-0.0400995916815	-0.0684690187166	0.0337693757827	-0.0269763035166	0.014555127458	0.0932711728641	-0.0487952685619	-0.058452766283	-0.0255818578734	-0.0649210492805	-0.0218756590117	0.0280368562789	0.0324107362884	-0.0111734106752	0.0127983258267	-0.0506442989427	-0.0284093486033	0.0538492623781	-0.0354139796568	-0.0148628447634	-0.0256159024334	0.020037395022	0.0804024839108	0.0374078625358	-0.0312001814238	-0.0215188888213	-0.064778557071	-0.0019465363496	-0.123577648509	0.00384864011823	-0.0239619585081	-0.00244092821393
k__Bacteria;p__Firmicutes;c__Clostridia;o__Clostridiales;f__Lachnospiraceae;g__Roseburia;s__Roseburia_hominis	0.000481902279451	0.0151012036505	0.0418421478264	-0.0776990901811	-0.0169354082362	-0.0174793585492	-0.0119594428087	-0.0410288428447	0.0374884203766	0.00132419213711	-0.024585617132	-0.0305724582101	-0.0210403703037	0.0479143948654	0.0162839215927	-0.0402197739566	-0.0746517724625	-0.00924952765213	-0.0829894199239	0.0268126414412	0.00256915904873	-0.0343684214909	-0.027240343046	-0.0688696220588	-0.0838512919423	-0.0140986139176	-0.0400995916815	1.0	0.0274892053711	0.0615279240252	-0.0310975983035	0.012168420924	-0.0424246794841	0.0175626916131	-0.0189623984947	-0.0707301713116	0.0511243729642	0.0211693119799	0.0893812815303	0.0484924674976	0.0121601136848	-0.0127500067549	-0.0161864389336	0.0144006332936	-0.0439087055113	0.0868034023251	-0.036405894948	-0.00215555613177	-0.0444657990849	-0.02986477088	-0.038303328875	-0.0325670155283	-0.0432832827197	0.0342270491192	-0.00217336825523	-0.0237022084849	-0.020365796285	0.00929930973283	-0.0156954721808
k__Bacteria;p__Bacteroidetes;c__Bacteroidia;o__Bacteroidales;f__Porphyromonadaceae;g__Parabacteroides;s__Parabacteroides_johnsonii	-0.0311088353999	-0.0381235181227	-0.0103640083723	-0.0792539971276	-0.0285925576727	0.0565618660958	0.00691031581062	-0.0421488497503	-0.00112071891941	-0.00992085915053	-0.02846976821	0.0143355637191	-0.0213614767741	-0.0649719726026	-0.0190716924329	0.045420219916	0.028339641391	-0.00853330695329	-0.030795990616	0.0306264057604	-0.0108929777083	-0.0321926225504	-0.0218863517145	-0.0143727761017	0.0548464059452	-0.019704478022	-0.0684690187166	0.0274892053711	1.0	-0.0699129676177	-0.0102367124783	0.0318056745265	0.0339921380878	-0.0300811543825	-0.0513015793327	-0.0283960027819	-0.0359752017261	-0.0563352756941	0.00805870018687	-0.0376486095953	-0.062627014943	-0.00448829354664	0.029248595618	-0.00595361061927	0.0121700449859	0.0319612926928	-0.0173233269436	-0.016924395492	-0.0184295535112	0.047978227474	0.0163508801102	0.00486246536346	-0.0279556041747	-0.0095762654234	0.0481008410762	0.00076859492369	-0.0866863658049	0.0344648653622	-0.0142750802364
k__Bacteria;p__Actinobacteria;c__Actinobacteria;o__Bifidobacteriales;f__Bifidobacteriaceae;g__Bifidobacterium;s__Bifidobacterium_longum	0.0557528217876	-0.0411177700769	-0.00244438350493	0.00369048107368	0.0227572159422	0.0201014098751	-7.93749989516e-05	-0.0366034969378	-0.014078042194	0.0303769747231	-0.0538945660067	-0.0266150981079	-0.0437816938791	0.017729203234	0.0172939584306	-0.000958727558554	0.014225163876	-0.0200346225826	-0.0562448026601	-0.00718705261012	-0.0748527668963	-0.0298185212416	0.0729052679377	-0.027383209298	0.00166232849641	-0.0430945267408	0.0337693757827	0.0615279240252	-0.0699129676177	1.0	-0.0193154416888	0.00195939360943	0.00619060224091	-0.0687495428693	-0.0526621735672	-0.0999254305145	0.016685476836	-0.0125381908399	-0.0216307061852	0.0345755660059	0.0299293353103	-0.0095649795074	0.025066027386	0.0483240096357	0.0467415077408	-0.0509493806746	0.00727950591266	0.0167244618934	-0.0200250506872	-0.0182386430408	0.018432244753	-0.104651345117	-0.00602947573803	0.0363823289001	0.0552763733825	0.00210951334296	0.0149848921944	0.0122238017912	-0.00204020597678
