#taxonomy	k__Bacteria;p__Bacteroidetes;c__Bacteroidia;o__Bacteroidales;f__Bacteroidaceae;g__Bacteroides;s__Bacteroides_vulgatus	k__Bacteria;p__Bacteroidetes;c__Bacteroidia;o__Bacteroidales;f__Bacteroidaceae;g__Bacteroides;s__Bacteroides_uniformis	k__Bacteria;p__Bacteroidetes;c__Bacteroidia;o__Bacteroidales;f__Rikenellaceae;g__Alistipes;s__Alistipes_putredinis	k__Bacteria;p__Bacteroidetes;c__Bacteroidia;o__Bacteroidales;f__Prevotellaceae;g__Prevotella;s__Prevotella_copri	k__Bacteria;p__Bacteroidetes;c__Bacteroidia;o__Bacteroidales;f__Bacteroidaceae;g__Bacteroides;s__Bacteroides_stercoris	k__Bacteria;p__Bacteroidetes;c__Bacteroidia;o__Bacteroidales;f__Bacteroidaceae;g__Bacteroides;s__Bacteroides_ovatus	k__Bacteria;p__Bacteroidetes;c__Bacteroidia;o__Bacteroidales;f__Rikenellaceae;g__Alistipes;s__Alistipes_shahii	k__Bacteria;p__Firmicutes;c__Clostridia;o__Clostridiales;f__Ruminococcaceae;g__Faecalibacterium;s__Faecalibacterium_prausnitzii	k__Bacteria;p__Bacteroidetes;c__Bacteroidia;o__Bacteroidales;f__Rikenellaceae;g__Alistipes;s__Alistipes_finegoldii	k__Bacteria;p__Bacteroidetes;c__Bacteroidia;o__Bacteroidales;f__Porphyromonadaceae;g__Parabacteroides;s__Parabacteroides_distasonis	k__Bacteria;p__Bacteroidetes;c__Bacteroidia;o__Bacteroidales;f__Bacteroidaceae;g__Bacteroides;s__Bacteroides_thetaiotaomicron	k__Bacteria;p__Bacteroidetes;c__Bacteroidia;o__Bacteroidales;f__Bacteroidaceae;g__Bacteroides;s__Bacteroides_coprocola	k__Bacteria;p__Bacteroidetes;c__Bacteroidia;o__Bacteroidales;f__Bacteroidaceae;g__Bacteroides;s__Bacteroides_cellulosilyticus	k__Bacteria;p__Bacteroidetes;c__Bacteroidia;o__Bacteroidales;f__Rikenellaceae;g__Alistipes;s__Alistipes_obesi	k__Bacteria;p__Firmicutes;c__Clostridia;o__Clostridiales;f__Lachnospiraceae;g__;s__[Eubacterium]_rectale	k__Bacteria;p__Bacteroidetes;c__Bacteroidia;o__Bacteroidales;f__Bacteroidaceae;g__Bacteroides;s__Bacteroides_plebeius	k__Bacteria;p__Bacteroidetes;c__Bacteroidia;o__Bacteroidales;f__Bacteroidaceae;g__Bacteroides;s__Bacteroides_fragilis	k__Bacteria;p__Proteobacteria;c__Betaproteobacteria;o__Burkholderiales;f__Sutterellaceae;g__Sutterella;s__Sutterella_wadsworthensis	k__Bacteria;p__Bacteroidetes;c__Bacteroidia;o__Bacteroidales;f__Porphyromonadaceae;g__Barnesiella;s__Barnesiella_intestinihominis	k__Bacteria;p__Bacteroidetes;c__Bacteroidia;o__Bacteroidales;f__Odoribacteraceae;g__Odoribacter;s__Odoribacter_splanchnicus	k__Bacteria;p__Bacteroidetes;c__Bacteroidia;o__Bacteroidales;f__Bacteroidaceae;g__Bacteroides;s__Bacteroides_salyersiae	k__Bacteria;p__Firmicutes;c__Clostridia;o__Clostridiales;f__Ruminococcaceae;g__Ruminiclostridium;s__[Eubacterium]_siraeum	k__Bacteria;p__Proteobacteria;c__Betaproteobacteria;o__Burkholderiales;f__Sutterellaceae;g__Parasutterella;s__Parasutterella_excrementihominis	k__Bacteria;p__Actinobacteria;c__Actinobacteria;o__Bifidobacteriales;f__Bifidobacteriaceae;g__Bifidobacterium;s__Bifidobacterium_adolescentis	k__Bacteria;p__Firmicutes;c__Clostridia;o__Clostridiales;f__Oscillospiraceae;g__Oscillibacter;s__Oscillibacter_sp._KLE_1745	k__Bacteria;p__Bacteroidetes;c__Bacteroidia;o__Bacteroidales;f__Bacteroidaceae;g__Bacteroides;s__Bacteroides_coprophilus	k__Bacteria;p__Firmicutes;c__Clostridia;o__Clostridiales;f__Lachnospiraceae;g__Roseburia;s__Roseburia_intestinalis	k__Bacteria;p__Firmicutes;c__Clostridia;o__Clostridiales;f__Lachnospiraceae;g__Roseburia;s__Roseburia_hominis	k__Bacteria;p__Bacteroidetes;c__Bacteroidia;o__Bacteroidales;f__Porphyromonadaceae;g__Parabacteroides;s__Parabacteroides_johnsonii	k__Bacteria;p__Actinobacteria;c__Actinobacteria;o__Bifidobacteriales;f__Bifidobacteriaceae;g__Bifidobacterium;s__Bifidobacterium_longum	k__Bacteria;p__Firmicutes;c__Clostridia;o__Clostridiales;f__;g__Flavonifractor;s__Flavonifractor_plautii	k__Bacteria;p__Firmicutes;c__Clostridia;o__Clostridiales;f__Clostridiaceae;g__Clostridium;s__Clostridium_phoceensis	k__Bacteria;p__Verrucomicrobia;c__Verrucomicrobiae;o__Verrucomicrobiales;f__Akkermansiaceae;g__Akkermansia;s__Akkermansia_muciniphila	k__Bacteria;p__Bacteroidetes;c__Bacteroidia;o__Bacteroidales;f__Prevotellaceae;g__Paraprevotella;s__Paraprevotella_xylaniphila	k__Bacteria;p__Firmicutes;c__Clostridia;o__Clostridiales;f__Ruminococcaceae;g__Ruminococcus;s__Ruminococcus_callidus	k__Bacteria;p__Bacteroidetes;c__Bacteroidia;o__Bacteroidales;f__Rikenellaceae;g__Alistipes;s__Alistipes_senegalensis	k__Bacteria;p__Firmicutes;c__Clostridia;o__Clostridiales;f__Lachnospiraceae;g__Blautia;s__Blautia_sp._KLE_1732	k__Bacteria;p__Bacteroidetes;c__Bacteroidia;o__Bacteroidales;f__Bacteroidaceae;g__Bacteroides;s__Bacteroides_oleiciplenus	k__Bacteria;p__Firmicutes;c__Clostridia;o__Clostridiales;f__Ruminococcaceae;g__Ruminococcus;s__Ruminococcus_bicirculans	k__Bacteria;p__Bacteroidetes;c__Bacteroidia;o__Bacteroidales;f__Bacteroidaceae;g__Bacteroides;s__Bacteroides_fluxus	k__Bacteria;p__Bacteroidetes;c__Bacteroidia;o__Bacteroidales;f__Prevotellaceae;g__Prevotella;s__Prevotella_stercorea	k__Bacteria;p__Firmicutes;c__Clostridia;o__Clostridiales;f__Lachnospiraceae;g__Dorea;s__Dorea_longicatena	k__Bacteria;p__Firmicutes;c__Clostridia;o__Clostridiales;f__Eubacteriaceae;g__Eubacterium;s__[Eubacterium]_eligens	k__Bacteria;p__Firmicutes;c__Clostridia;o__Clostridiales;f__Ruminococcaceae;g__;s__Ruminococcaceae_bacterium_D16	k__Bacteria;p__Firmicutes;c__Clostridia;o__Clostridiales;f__Lachnospiraceae;g__Coprococcus;s__Coprococcus_comes	k__Bacteria;p__Proteobacteria;c__Gammaproteobacteria;o__Enterobacterales;f__Enterobacteriaceae;g__Escherichia;s__Escherichia_coli	k__Bacteria;p__Firmicutes;c__Clostridia;o__Clostridiales;f__Ruminococcaceae;g__Anaerotruncus;s__Anaerotruncus_colihominis	k__Bacteria;p__Firmicutes;c__Clostridia;o__Clostridiales;f__Lachnospiraceae;g__Blautia;s__Blautia_obeum	k__Bacteria;p__Bacteroidetes;c__Bacteroidia;o__Bacteroidales;f__Odoribacteraceae;g__Odoribacter;s__Odoribacter_laneus	k__Bacteria;p__Firmicutes;c__Clostridia;o__Clostridiales;f__Ruminococcaceae;g__Ruminiclostridium;s__[Clostridium]_leptum	k__Bacteria;p__Bacteroidetes;c__Bacteroidia;o__Bacteroidales;f__Porphyromonadaceae;g__Parabacteroides;s__Parabacteroides_goldsteinii	k__Bacteria;p__Firmicutes;c__Clostridia;o__Clostridiales;f__Lachnospiraceae;g__Anaerostipes;s__Anaerostipes_hadrus	k__Bacteria;p__Firmicutes;c__Clostridia;o__Clostridiales;f__Ruminococcaceae;g__Ruminococcus;s__Ruminococcus_lactaris	k__Bacteria;p__Firmicutes;c__Clostridia;o__Clostridiales;f__Clostridiaceae;g__Clostridium;s__Clostridium_sp._L2-50	k__Bacteria;p__Firmicutes;c__Clostridia;o__Clostridiales;f__Clostridiaceae;g__Clostridium;s__Clostridium_sp._M62/1	k__Bacteria;p__Firmicutes;c__Clostridia;o__Clostridiales;f__;g__Intestinimonas;s__Intestinimonas_butyriciproducens	k__Bacteria;p__Actinobacteria;c__Actinobacteria;o__Bifidobacteriales;f__Bifidobacteriaceae;g__Bifidobacterium;s__Bifidobacterium_bifidum	k__Bacteria;p__Firmicutes;c__Negativicutes;o__Veillonellales;f__Veillonellaceae;g__Dialister;s__Dialister_invisus	k__Bacteria;p__Bacteroidetes;c__Bacteroidia;o__Bacteroidales;f__Bacteroidaceae;g__Bacteroides;s__Bacteroides_salanitronis
k__Bacteria;p__Bacteroidetes;c__Bacteroidia;o__Bacteroidales;f__Bacteroidaceae;g__Bacteroides;s__Bacteroides_vulgatus	1.0	0.0351312507927	-0.0495463543564	0.0477331705672	0.0369351289387	-0.021344649123	-0.00270280861138	0.0388973047378	-0.00421209836711	0.00433609854414	-0.0292033870308	-0.0604294884305	0.00544107488378	-0.0607389422033	-0.014183223791	-0.0395335587737	0.000834531049434	-0.0115325676564	0.0631308573421	-0.0666554073869	-0.00248646827331	-0.0588569330143	0.0393389244731	-0.00658690130677	-5.52023906603e-05	-0.00900028193666	-0.0443889273468	0.0325710577026	-0.00534928819216	-0.0388568539357	0.00649107857777	-0.00712316923304	-0.0478360722204	0.0423132892093	-0.0299253590718	-0.00859569522181	0.0264365839995	-0.0575968440998	-0.078216140939	-0.0431408044327	-0.0678103986896	-0.023542298917	0.0438905653122	-0.00108580068511	-0.0454761995784	-0.045929888815	0.0128621099595	-0.012427440419	0.0203573807729	-0.0215512225599	0.0440654892395	-0.0563788808615	-0.00581679668794	0.0205703439211	-0.0331391026561	-0.0721870746254	-0.0419370121626	-0.0156531788224	-0.0633640516986
k__Bacteria;p__Bacteroidetes;c__Bacteroidia;o__Bacteroidales;f__Bacteroidaceae;g__Bacteroides;s__Bacteroides_uniformis	0.0351312507927	1.0	-0.0586150886381	-0.0641642983945	0.0184919080671	0.0548377112885	0.021164031746	-0.057379710447	-0.0598853052256	0.00163416168109	-0.125249986845	0.0380833704296	0.0382334983677	0.00166852477712	0.0517159313894	-0.019036404034	0.0598484969031	-0.0412937469042	-0.0254707732572	-0.09446236228	0.029334596563	-0.00643001016111	-0.0165222376852	-0.0147100762909	0.025667960934	0.0270880379608	-0.0990070304753	-0.0169679304549	0.00786173532198	0.0354578865078	-0.0311808881426	0.0672162713703	0.00102720512321	-0.0229066461742	-0.0211975955863	-0.0195444966129	-0.0505408147731	0.027058613975	-0.014486218606	0.0132627971497	0.0310806117521	0.00495831435058	0.0134133271444	-0.107924853198	0.100666949214	0.0202776053576	0.0410044479266	0.0380624466034	-0.0463126331341	0.018755205753	-0.072117284303	0.034375661988	-0.0374198876718	-0.0122728344586	0.0174747342685	-0.00493952035168	0.0053069113787	-0.0635627904758	-0.00201707178347
k__Bacteria;p__Bacteroidetes;c__Bacteroidia;o__Bacteroidales;f__Rikenellaceae;g__Alistipes;s__Alistipes_putredinis	-0.0495463543564	-0.0586150886381	1.0	-0.0293601120966	-0.0396830463065	-0.0263037209028	0.0152088399074	-0.0423800565622	0.0297116126169	-0.000270900125176	0.0419857088389	0.00473986198011	-0.0295105249094	0.0131462773532	-0.0237593425148	0.0296138436027	0.0472181752952	0.0435066583652	0.0292020148919	-0.0322669518393	0.0158713050847	-0.0257441616853	-0.0798670999094	-0.0296499521832	0.0216491329814	-0.0670070618222	0.0313465996567	0.00431184057582	-0.0343782174176	-0.0051009127191	0.0538165576705	-0.0263670345378	-0.00770938008906	-0.0804980548357	-0.0424880267931	-0.0233904249243	-0.0167752774499	-0.00719760992721	0.00528159750454	-0.0138607855729	0.0301115797894	-0.0131898201855	-0.0685494782217	0.0239774408475	-0.0509839621584	0.029202616034	-0.0540711612936	-0.082912856192	0.0223729058758	-0.0290730958457	0.074370565493	0.0597349797317	0.0368889973631	-0.00662399864173	-0.011263030029	0.00140834081146	0.0218436319166	-0.000369382811116	-0.0387090595822
k__Bacteria;p__Bacteroidetes;c__Bacteroidia;o__Bacteroidales;f__Prevotellaceae;g__Prevotella;s__Prevotella_copri	0.0477331705672	-0.0641642983945	-0.0293601120966	1.0	-0.0159529290277	-0.0123565280219	-0.0118312182169	-0.0541615792465	-0.063541523208	-0.00952394180847	-0.0355296722576	0.0135105257898	-0.0520890860797	0.0196434200748	0.0487202250754	-0.025676797897	3.21081024677e-05	-0.015171703473	0.00335517910249	-0.014919621744	-0.0262297120339	0.00461980754262	-0.000606056046267	0.0248889904496	0.00442028565049	0.024767330881	-0.116834868256	0.0255584701815	-0.0331421395502	0.0165183531046	0.0266710500892	0.0474628692185	0.0462627580514	-0.0214848699707	-0.0614148019173	0.00990193939163	-0.0555886663402	0.0279356985768	-0.0462384884584	-0.0982901297897	-0.0273358021075	-0.0339686233798	-0.00261357022183	-0.0211169711055	0.0385573435581	-0.0567390140524	-0.0180872890196	0.00190568368355	0.0154745595116	0.0533943237432	0.00710468922824	0.017629465445	0.0123095835756	-0.0267926483148	0.0463234579738	-0.03040889479	-0.0267564359016	-0.0856954678292	-0.0259242562435
k__Bacteria;p__Bacteroidetes;c__Bacteroidia;o__Bacteroidales;f__Bacteroidaceae;g__Bacteroides;s__Bacteroides_stercoris	0.0369351289387	0.0184919080671	-0.0396830463065	-0.0159529290277	1.0	-0.0128423002845	-0.0516237259408	-0.0178646085008	-0.00457603042246	-0.00337040434615	-0.0310800620151	-0.0547978974485	-0.0450115792597	0.0068450188845	-0.024051538966	-0.000703548314425	0.0477126933053	-0.023047084249	0.000579986483242	0.0189712306218	-0.0653581255582	-0.00296347953205	0.0354568868049	0.0148451787563	0.0143482228035	-0.0148209117966	0.0136838220764	0.00937418875994	0.00744579317117	-0.0798865995705	-0.0660644591462	0.0379731569137	-0.024417332258	-0.00761215941961	0.0442445046027	0.0115887662458	-0.00989946115431	-0.0256815387195	0.000555025112857	-0.0153247312845	-0.0622063809001	-0.0152062581094	0.0220635179662	0.00426160042927	-0.0252369590274	-0.0178784908533	0.00217311033287	0.00752578598606	0.021152623681	0.0399415060852	0.0647454994238	-0.04548548204	0.0130241723017	-0.048364625749	-0.0981225453574	0.0635522586543	-0.0105069823124	-0.0286222282275	0.0205762141833
k__Bacteria;p__Bacteroidetes;c__Bacteroidia;o__Bacteroidales;f__Bacteroidaceae;g__Bacteroides;s__Bacteroides_ovatus	-0.021344649123	0.0548377112885	-0.0263037209028	-0.0123565280219	-0.0128423002845	1.0	-0.0341316079463	-0.0545019570252	0.00760348925534	-0.0397317987097	0.0149076030408	-0.0165572366503	0.0310382627599	0.0257053192817	-0.00365662234483	-0.0310427181545	0.0274892289678	-0.0377475314935	0.00686553121674	-0.0087423488358	-0.0129444145969	-0.0182542392571	-0.00869339884966	0.00553972038465	0.0238795452276	0.00641955150949	-0.0272692164953	0.0518713903159	0.0235293387978	0.050954578656	-0.0595192970606	-0.0230189285229	0.00536923225971	-0.0214842245263	0.0145398159038	0.0575186764291	-0.0218936744898	-0.0077209036123	-0.0388948787272	-0.0145736600599	0.030160627826	0.0101920715967	-0.0178563428202	-0.0421482810759	0.0302767715096	0.0218512947566	-0.00103898569373	-0.0285441637777	0.0193739926857	-0.0616247772085	0.0578078607748	0.00240520568143	-0.00286979792634	-0.0352281678024	-0.0454225898177	-0.116894199999	-0.026087265837	-0.0182686295795	0.00811801148443
k__Bacteria;p__Bacteroidetes;c__Bacteroidia;o__Bacteroidales;f__Rikenellaceae;g__Alistipes;s__Alistipes_shahii	-0.00270280861138	0.021164031746	0.0152088399074	-0.0118312182169	-0.0516237259408	-0.0341316079463	1.0	0.0578919894061	0.00757384658918	-0.0291632718855	0.0177975558526	-0.0531037884236	0.0224463017305	-0.0389326909753	0.0181906919283	0.0242875236327	-0.0148091854926	0.0382968878128	-0.045625001111	-0.052864755081	-0.0123600658525	-0.0564528946387	-0.0339082026865	-0.018449620277	-0.0577921961709	0.0388333458671	-0.0589363137032	-0.0644499854067	-0.0307704343429	-0.0487382768121	0.0543870675087	-0.0543958973033	-0.0408477411842	-0.034515878414	-0.0136609335937	-0.0287892680617	0.071187077134	-0.0769230670838	0.0234914890369	0.0505039722007	-0.0553175045843	0.0512132239899	0.0285536938293	0.0349895078243	0.0269764311875	-0.028647131398	-0.0482117068459	-0.054467340358	0.0165184771167	-0.0313709730768	0.0129944447711	-0.0252008340222	-0.121449015623	0.0133455500055	0.0126929015845	0.00242898041481	-0.000322914957517	-0.0367562054202	0.0997395926017
k__Bacteria;p__Firmicutes;c__Clostridia;o__Clostridiales;f__Ruminococcaceae;g__Faecalibacterium;s__Faecalibacterium_prausnitzii	0.0388973047378	-0.057379710447	-0.0423800565622	-0.0541615792465	-0.0178646085008	-0.0545019570252	0.0578919894061	1.0	0.0159766175546	-0.0885000827153	0.00285976346769	0.0539855113347	-0.0189601104656	-0.0321711536549	-0.00596283769888	-0.056608802574	0.0547902287681	-0.0109454761766	0.0233792890047	-0.00711999887896	-0.0102735868063	0.0342564276608	-0.0344194800879	0.0120197586689	0.0376058739579	0.00729928280978	-0.0203516889371	0.00204432529217	-0.0638978894773	-0.0294680175633	0.0513673221769	-0.0751602218774	-0.0501081218991	-0.0596116675078	-0.00394646911458	0.0403911883803	0.0430955965732	-0.0117854631823	-0.0594772926925	0.0627009489981	0.0239194357792	-0.0166499977046	-0.0488295160024	-0.030707125567	0.0444764295256	-0.0468987645796	0.025261267984	0.0698618092491	-0.0302018228846	0.0176181262103	-0.0248620974597	-0.00501421379898	-0.0815386980321	-0.0303037982416	-0.0445094825856	-0.00512607614065	0.059035173031	-0.0192209273521	-0.008511284062
k__Bacteria;p__Bacteroidetes;c__Bacteroidia;o__Bacteroidales;f__Rikenellaceae;g__Alistipes;s__Alistipes_finegoldii	-0.00421209836711	-0.0598853052256	0.0297116126169	-0.063541523208	-0.00457603042246	0.00760348925534	0.00757384658918	0.0159766175546	1.0	0.0596923034031	0.0748236001464	-0.0725405250587	-0.0630268493051	-0.0183721039287	0.0365311489962	-0.0441935968694	-0.000510226501292	0.052912723152	0.0189842506427	0.0364040578827	-0.00647695991964	-0.0165895221378	-0.0543117216032	0.0691116240183	-0.00460713400038	-0.0152670295823	0.0676269915843	0.059262627042	-0.0190957586361	-0.00163723390296	-0.0249961137961	0.000585235714924	-0.0358935666403	-0.00744372382391	-0.04085059503	-0.0155159118253	-0.0512079603477	-0.0072906597779	0.010375499573	0.0174842381197	0.00359928868175	0.0549867141596	-0.0388300328857	-0.0570568849363	-0.0139360852901	0.00493110338549	0.0662247734455	-0.0168180979309	0.0148645876902	-0.0264697949957	-0.00720775238615	0.00244585083184	0.00454506185406	0.013220157655	-0.0582716248545	-0.0103522666602	0.059622109543	0.0357140879125	-0.101223425443
k__Bacteria;p__Bacteroidetes;c__Bacteroidia;o__Bacteroidales;f__Porphyromonadaceae;g__Parabacteroides;s__Parabacteroides_distasonis	0.00433609854414	0.00163416168109	-0.000270900125176	-0.00952394180847	-0.00337040434615	-0.0397317987097	-0.0291632718855	-0.0885000827153	0.0596923034031	1.0	-0.0596867638406	0.0279289609503	-0.0528559195112	0.0125423739492	0.0443973829357	-0.00305055307251	-0.0279869990072	-0.010941295505	0.00773921292813	0.0432718290385	0.00374646443811	0.0244728520575	0.0507421326933	0.0336781571137	-0.0285388083875	-0.0298884621874	-0.0452721695004	0.0356439263445	0.0146600887611	-0.00195934264449	0.0507735452096	-0.0273064573729	-0.0400525487273	-0.0141203041234	-0.103907346194	-0.0133452872839	-3.41404281361e-05	-0.0245065933358	-0.00413880443422	-0.0858820286355	0.00350289967709	0.00202482543507	-0.0742635146187	-0.00124932517257	0.0285307444699	0.011086791925	-0.0158728851493	0.0538513244763	0.0121661633435	-0.0422335578052	-0.0493800110417	0.0359073479539	-0.0258641940191	-0.0716484982976	0.0567705172006	0.0393225335276	0.0696104352285	-0.0387500082737	-0.0394425910257
k__Bacteria;p__Bacteroidetes;c__Bacteroidia;o__Bacteroidales;f__Bacteroidaceae;g__Bacteroides;s__Bacteroides_thetaiotaomicron	-0.0292033870308	-0.125249986845	0.0419857088389	-0.0355296722576	-0.0310800620151	0.0149076030408	0.0177975558526	0.00285976346769	0.0748236001464	-0.0596867638406	1.0	-0.0180716984894	-0.116544816007	-0.0193555366743	-0.000408513355687	0.0196265608542	0.0385717465323	-0.000838150443049	0.0349738887596	-0.0624231678615	0.0474987953213	0.0180851180401	-0.0140192097978	-0.0704526329533	0.00376546816871	0.0367139610974	0.0015836730445	-0.0226029791485	-0.0659219844689	0.0195306766415	-0.014380632303	-0.0156829514793	0.0282205737886	-0.019161627959	0.0180042910394	-0.0259116000584	0.0346058223071	-0.00680793577007	-0.0389148827715	-0.031374274795	-0.0568759472034	-0.000587798108302	0.0274175916336	-0.00693887399249	-0.00130254406749	-0.0439530911866	-0.00764871939816	-0.00918115688253	0.0360959899142	-0.0338132229004	0.0154918674964	0.0115838853958	-0.08587955857	-0.0129707579978	-0.00674986621123	0.0595949525241	0.0399761978705	0.00581626365485	-0.0524517553625
k__Bacteria;p__Bacteroidetes;c__Bacteroidia;o__Bacteroidales;f__Bacteroidaceae;g__Bacteroides;s__Bacteroides_coprocola	-0.0604294884305	0.0380833704296	0.00473986198011	0.0135105257898	-0.0547978974485	-0.0165572366503	-0.0531037884236	0.0539855113347	-0.0725405250587	0.0279289609503	-0.0180716984894	1.0	-0.0807772473898	0.0201296482303	-0.0658595005329	-0.0385638284495	0.00423822824108	0.0209452109395	-0.000561274703841	-0.00484144203951	-0.0620580537139	0.00474219964789	-0.0386831560303	-0.048833213681	0.0181688662627	0.00114905079093	-0.0365090330726	-0.0554534202612	0.0778753519597	0.0090040113786	-0.053936684136	-0.0390499084325	-0.0047208802821	-0.0131902657784	-0.0225366390019	0.0303834184281	0.0530725915895	-0.0445579268138	0.0255066007482	-0.031487383964	0.0239678527843	0.0327224213296	-0.0293447258033	0.0554210191895	0.0293726203969	-0.0256064441014	0.0190766518487	-0.045453342809	0.0369796796106	-0.0417366971664	0.0389643203871	-0.0420868102401	0.0239762057003	-0.048402149315	0.0307847875918	0.0190324786367	-0.0272158721606	0.0536203270195	-0.00491040768582
k__Bacteria;p__Bacteroidetes;c__Bacteroidia;o__Bacteroidales;f__Bacteroidaceae;g__Bacteroides;s__Bacteroides_cellulosilyticus	0.00544107488378	0.0382334983677	-0.0295105249094	-0.0520890860797	-0.0450115792597	0.0310382627599	0.0224463017305	-0.0189601104656	-0.0630268493051	-0.0528559195112	-0.116544816007	-0.0807772473898	1.0	0.0158675006785	-0.00922471261748	-0.0197682905117	-0.00348772818506	0.0434177714057	-0.0297165591138	0.0107248455353	-0.0105974579223	0.00883792116895	0.00543410463706	-0.0222988659893	0.0297780606276	0.011267131728	0.00533925122295	0.0626040072657	0.0860441452639	0.0177865869041	-0.0725004983344	0.011725837979	-0.00455232044715	-0.0135417470899	0.00282895763473	-0.0209309848589	0.0191621179875	-0.0330949462862	-0.00486719228693	-0.0292679109193	0.0152129276969	-0.0543360084385	-0.0114418938867	-0.0316054752096	-0.0371187949611	-0.022506485057	-0.0408029124005	0.0264304139639	-0.0323419038299	-0.0356007296059	-0.0484249759107	0.015987309241	0.0235377562614	0.0259345138182	-0.0523539628829	0.0423176029933	0.0438247274593	-0.0295456316431	-0.0407744747769
k__Bacteria;p__Bacteroidetes;c__Bacteroidia;o__Bacteroidales;f__Rikenellaceae;g__Alistipes;s__Alistipes_obesi	-0.0607389422033	0.00166852477712	0.0131462773532	0.0196434200748	0.0068450188845	0.0257053192817	-0.0389326909753	-0.0321711536549	-0.0183721039287	0.0125423739492	-0.0193555366743	0.0201296482303	0.0158675006785	1.0	0.0576668562411	-0.0248558712936	0.0410511343106	0.028108164735	-0.00600352202067	0.0312984458367	0.0185741428246	-0.052452874738	0.0403319810805	0.0139044280403	-0.022960448978	0.0173531732535	0.00588387641191	-0.0727523001639	0.0381410146364	0.0825273144731	-0.064566237976	0.0201340697852	-0.00226057400685	-0.0267131949105	-0.0208004898792	-0.0112431033437	-0.0422548411538	-0.0272086510117	0.0297397894299	-0.0289068707616	-0.0257060110664	0.0183180912064	0.0714077701067	-0.0519885083619	-0.0390904644934	-0.0315052751308	-0.0394458612226	-0.0126028839471	0.0417858260194	-0.0343450272787	0.0729632287396	-0.0286555315241	-0.0835004154047	-0.0144367367447	-0.0296867490282	-0.00371237649616	-0.0263022407959	-0.0158319228137	-0.0520441873368
k__Bacteria;p__Firmicutes;c__Clostridia;o__Clostridiales;f__Lachnospiraceae;g__;s__[Eubacterium]_rectale	-0.014183223791	0.0517159313894	-0.0237593425148	0.0487202250754	-0.024051538966	-0.00365662234483	0.0181906919283	-0.00596283769888	0.0365311489962	0.0443973829357	-0.000408513355687	-0.0658595005329	-0.00922471261748	0.0576668562411	1.0	-0.000206610627292	0.0106330885513	-0.0104725773992	-0.00638249917265	-0.0113910847443	-0.0389116481308	0.023976394535	0.0274135008722	-0.00877288213823	-0.0118120443609	-0.0459598073088	0.042573022286	-0.0348741780665	0.0469142720575	-0.0388425580123	-0.0217746533665	0.032814901149	-0.00254823804979	-0.0626667251705	0.0419727140457	-0.0421533469244	0.000612305491877	0.0380861149696	0.010817709989	-0.00462699322897	-0.00304542393122	0.015685322141	-0.0173969656158	0.0457425869208	0.0284889555819	-0.0982956240769	-0.029580630749	-0.033181313189	-0.0484521083907	-0.0285004015643	0.0312033084503	0.0283368014388	-0.0572172985724	-0.0110301478231	0.0272541228475	0.00503302990319	-0.0180419735006	-0.0261911994572	-0.0231839821333
k__Bacteria;p__Bacteroidetes;c__Bacteroidia;o__Bacteroidales;f__Bacteroidaceae;g__Bacteroides;s__Bacteroides_plebeius	-0.0395335587737	-0.019036404034	0.0296138436027	-0.025676797897	-0.000703548314425	-0.0310427181545	0.0242875236327	-0.056608802574	-0.0441935968694	-0.00305055307251	0.0196265608542	-0.0385638284495	-0.0197682905117	-0.0248558712936	-0.000206610627292	1.0	-0.0202366284572	-0.0292920046587	0.00794154006748	0.000956541262389	-0.0105402502388	0.0804355636588	0.00317633443311	-0.0202825981589	-0.0653579895956	-0.0100349614897	0.0468838916486	-0.0722057469373	-0.0537781315411	0.0196051450453	0.0561844940671	0.000726869908686	0.00377018689401	0.00459669010837	0.0150176351592	-0.0316367017121	-0.0549276772635	0.0376663961045	0.0537774262552	-0.0395313449027	-0.0331930811966	0.0210903888887	0.0120088048516	0.0310099823857	0.00556874665048	-0.0796876832495	0.00954274219661	-0.038406453829	-0.0299924091959	-0.0403244302322	0.00660780141193	0.0473109461966	-0.0354245835104	0.0627285774998	-0.0232356090706	-0.00384636976158	-0.0497097388275	-0.00772071141717	0.0186054411091
k__Bacteria;p__Bacteroidetes;c__Bacteroidia;o__Bacteroidales;f__Bacteroidaceae;g__Bacteroides;s__Bacteroides_fragilis	0.000834531049434	0.0598484969031	0.0472181752952	3.21081024677e-05	0.0477126933053	0.0274892289678	-0.0148091854926	0.0547902287681	-0.000510226501292	-0.0279869990072	0.0385717465323	0.00423822824108	-0.00348772818506	0.0410511343106	0.0106330885513	-0.0202366284572	1.0	0.0430485617972	-0.0465209401014	-0.0170308953475	-0.0164628673636	0.0104818425537	0.0244402486354	-0.0784280695482	0.0275095448593	0.0296488828017	-0.036910613574	-0.00865877440229	0.0137847174149	-0.0296701157583	0.0116691003082	0.0441566425666	-0.0131375306094	-0.0314270065795	-0.012305771459	-0.051157843263	-0.00445083725334	0.0010066745145	0.000395590513671	-0.0486284316415	0.0432360736601	0.0102725702565	-0.0863684285423	0.0277948308523	-0.0457735729659	0.0312791408549	-0.0720368225734	-0.0276629858942	-0.00113528330571	-0.0406435807544	-0.0410200585031	-0.0322049860486	0.0172880024935	-0.0511468269987	-0.039169291911	-0.00901065686517	-0.0234200190353	-0.0324513599608	-0.0812877008235
k__Bacteria;p__Proteobacteria;c__Betaproteobacteria;o__Burkholderiales;f__Sutterellaceae;g__Sutterella;s__Sutterella_wadsworthensis	-0.0115325676564	-0.0412937469042	0.0435066583652	-0.015171703473	-0.023047084249	-0.0377475314935	0.0382968878128	-0.0109454761766	0.052912723152	-0.010941295505	-0.000838150443049	0.0209452109395	0.0434177714057	0.028108164735	-0.0104725773992	-0.0292920046587	0.0430485617972	1.0	0.021275066054	0.065511073203	0.00498329287659	0.0763740309306	-0.04401352866	0.000779063960913	-0.0784011832991	0.037849630843	0.0333298718348	0.0397263121559	-0.0366391763787	-0.0571380954604	-0.00630381614545	-0.0232879020552	-0.0491851066485	-0.0328586423366	0.0327822195741	-0.0431404671723	-0.0154694302169	-0.0122084462166	0.0153800317084	0.0451286075946	-0.0666918452155	-0.00921173996032	0.0329141362898	-0.0592984916619	-0.0439946921156	0.0251984703739	-0.0376314577789	-0.0799908715365	-0.025481457323	-0.0183380541886	0.00865402808075	-0.100009878513	-0.0140283649598	-0.0513764042644	0.0543361806005	-0.0490246286945	0.0291086392936	0.00764311560592	-0.0208119004328
k__Bacteria;p__Bacteroidetes;c__Bacteroidia;o__Bacteroidales;f__Porphyromonadaceae;g__Barnesiella;s__Barnesiella_intestinihominis	0.0631308573421	-0.0254707732572	0.0292020148919	0.00335517910249	0.000579986483242	0.00686553121674	-0.045625001111	0.0233792890047	0.0189842506427	0.00773921292813	0.0349738887596	-0.000561274703841	-0.0297165591138	-0.00600352202067	-0.00638249917265	0.00794154006748	-0.0465209401014	0.021275066054	1.0	-0.0415642076794	0.0290171687115	0.0201358603696	-0.0258991637897	-0.0259316603532	0.0145486129355	-0.0870326439275	0.0492884828148	0.0310641521802	0.0446904722513	-0.0137909927669	-0.0128437066109	-0.00501147248033	-0.0518810882337	0.0757285268044	-0.0125652401976	-0.0404941031408	0.0710651686372	-0.0800306600082	-0.0976143422576	0.0215116627327	-0.0586599764844	0.0586018044738	-0.0153158454714	-0.0746735198979	-0.0388490319166	0.0107881252642	0.0173315276455	0.0160245174021	-0.082687756604	-0.0313674903824	0.0250611219682	0.024023324482	-0.0889623918685	0.0208520208519	-0.0148779345276	-0.0165906749325	0.0236339682733	-0.00670243137409	0.0617173660043
k__Bacteria;p__Bacteroidetes;c__Bacteroidia;o__Bacteroidales;f__Odoribacteraceae;g__Odoribacter;s__Odoribacter_splanchnicus	-0.0666554073869	-0.09446236228	-0.0322669518393	-0.014919621744	0.0189712306218	-0.0087423488358	-0.052864755081	-0.00711999887896	0.0364040578827	0.0432718290385	-0.0624231678615	-0.00484144203951	0.0107248455353	0.0312984458367	-0.0113910847443	0.000956541262389	-0.0170308953475	0.065511073203	-0.0415642076794	1.0	-0.0173854435591	0.0116700652112	-0.00997566713047	0.0040860601786	-0.032227585232	0.0561864121128	0.0707492797484	-0.0280337566807	0.00581344993432	0.028723825952	0.00998663089107	-0.0465241933215	-0.0535729452357	-0.0242789913964	0.00715221453682	0.0501012351178	-0.0103898041558	-0.00173020822835	0.0094573108952	-0.0985385967702	-0.0687335531651	0.00764965818567	0.0369920522778	0.0401028046687	-0.0522347410095	-0.0209394496176	0.0266044824222	-0.0284589532507	0.00239799789924	-0.0283834187245	-0.00723472884288	0.0442861915056	0.0149599649333	-0.0257449028935	-0.0385071740031	0.00772424206717	-0.0092261296211	-0.0272247122244	-0.0227068694358
k__Bacteria;p__Bacteroidetes;c__Bacteroidia;o__Bacteroidales;f__Bacteroidaceae;g__Bacteroides;s__Bacteroides_salyersiae	-0.00248646827331	0.029334596563	0.0158713050847	-0.0262297120339	-0.0653581255582	-0.0129444145969	-0.0123600658525	-0.0102735868063	-0.00647695991964	0.00374646443812	0.0474987953213	-0.0620580537139	-0.0105974579223	0.0185741428246	-0.0389116481308	-0.0105402502388	-0.0164628673636	0.00498329287659	0.0290171687115	-0.0173854435591	1.0	-0.00666087173562	-0.0115545427717	0.0394268635279	-0.00818298196436	0.0219938912989	0.00123582366771	0.0273009909084	0.00658978384916	-0.0546560346775	-0.0168873211491	-0.0340860481424	0.00648624337145	-0.0412339436445	0.0371964924432	0.0271080686536	-0.0419825902464	-0.0113722181148	-0.0633173774824	-0.0514264744532	0.0437173284228	-0.0116521415334	-0.0603099995829	-0.0125750287062	-0.0757882380641	-0.0352822799064	-0.0149121301321	0.0422968125167	0.00247966617689	-0.00755795997235	0.0319845713734	-0.0742348624976	-0.00994835817559	-0.0324396591898	-0.0596344609826	0.00867677183702	0.0320835799166	-0.0184931015914	-0.0140395968215
k__Bacteria;p__Firmicutes;c__Clostridia;o__Clostridiales;f__Ruminococcaceae;g__Ruminiclostridium;s__[Eubacterium]_siraeum	-0.0588569330143	-0.00643001016111	-0.0257441616853	0.00461980754262	-0.00296347953205	-0.0182542392571	-0.0564528946387	0.0342564276608	-0.0165895221378	0.0244728520575	0.0180851180401	0.00474219964789	0.00883792116895	-0.052452874738	0.023976394535	0.0804355636588	0.0104818425537	0.0763740309306	0.0201358603696	0.0116700652112	-0.00666087173562	1.0	-0.061626284831	-0.0166869103115	-0.0172312713845	-0.0243061380042	-0.0151366820953	0.0172537510296	-0.0174695193903	-0.0340171235382	0.0261323516082	-0.0141135566448	0.0255629649688	-0.0215162607878	0.0917947078025	-0.00858880396018	0.0089002461588	0.0626976038835	-0.0598063946378	0.0708305080767	-0.0473461976144	-0.0203652654287	-0.028372096651	0.0638015282478	0.00941278030617	0.0279679016666	-0.0589599590385	-0.00271267481413	-0.0527887548826	-0.0293554824065	-0.017336384149	-0.0138288412413	0.0220332679418	-0.0359167119487	-0.014903544062	-0.0743459475274	-0.0491666283536	-0.0201449668429	0.00380462475719
k__Bacteria;p__Proteobacteria;c__Betaproteobacteria;o__Burkholderiales;f__Sutterellaceae;g__Parasutterella;s__Parasutterella_excrementihominis	0.0393389244731	-0.0165222376852	-0.0798670999094	-0.000606056046267	0.0354568868049	-0.00869339884966	-0.0339082026865	-0.0344194800879	-0.0543117216032	0.0507421326933	-0.0140192097978	-0.0386831560303	0.00543410463706	0.0403319810805	0.0274135008722	0.00317633443311	0.0244402486354	-0.04401352866	-0.0258991637897	-0.00997566713047	-0.0115545427717	-0.061626284831	1.0	0.00435003713955	-0.0125340574801	0.000296815399615	-0.000178019092569	-0.0243515955457	-0.0195381304027	0.0248260177661	-0.0477019784757	0.0212159686026	-0.0884172890397	-0.0473147352069	0.0163457270644	-0.00907795584887	0.0383912082222	-0.00238816590009	0.00460763031958	0.0204471354705	-0.0645086378384	0.00445827935454	0.0474470720057	-0.0430163905863	-0.0011289225627	0.0420236238908	-0.015119198691	0.0337785222182	-0.000561650580692	0.0266754482155	-0.0429108014647	-0.055895527816	-0.00880384313257	-0.0309991377136	-0.00997004597557	-0.0556616781173	-0.0343214874476	0.0173928926625	-0.0146085711406
k__Bacteria;p__Actinobacteria;c__Actinobacteria;o__Bifidobacteriales;f__Bifidobacteriaceae;g__Bifidobacterium;s__Bifidobacterium_adolescentis	-0.00658690130677	-0.0147100762909	-0.0296499521832	0.0248889904496	0.0148451787563	0.00553972038465	-0.018449620277	0.0120197586689	0.0691116240183	0.0336781571137	-0.0704526329533	-0.048833213681	-0.0222988659893	0.0139044280403	-0.00877288213823	-0.0202825981589	-0.0784280695482	0.000779063960913	-0.0259316603532	0.0040860601786	0.0394268635279	-0.0166869103115	0.00435003713955	1.0	-0.040661059375	-0.0165223626204	-0.0157684688734	0.0145139417297	0.00172972412355	-0.0307400052947	0.0275644473669	-0.0563618445449	-0.0208874242829	0.043323097687	0.023334790688	-0.02291681618	-0.0025640044129	-0.0223910177174	-0.00152520775696	0.0194003297158	-0.0404007707106	-0.0273660480577	0.0128841809409	-0.0160352142533	0.0229271608897	-0.024269695247	0.0330527436079	0.0111464381142	0.0400350595724	0.0381448800204	-0.00603734411954	0.00499380682934	-0.0234606935385	-0.0942805326471	-0.0943185357422	0.0019124647876	-0.0422600602969	-0.0438304102385	-0.00507657804653
k__Bacteria;p__Firmicutes;c__Clostridia;o__Clostridiales;f__Oscillospiraceae;g__Oscillibacter;s__Oscillibacter_sp._KLE_1745	-5.52023906603e-05	0.025667960934	0.0216491329814	0.00442028565049	0.0143482228035	0.0238795452276	-0.0577921961709	0.0376058739579	-0.00460713400038	-0.0285388083875	0.00376546816871	0.0181688662627	0.0297780606276	-0.022960448978	-0.0118120443609	-0.0653579895956	0.0275095448593	-0.0784011832991	0.0145486129355	-0.032227585232	-0.00818298196436	-0.0172312713845	-0.0125340574801	-0.040661059375	1.0	0.029453943598	-0.0289610071155	0.03697025681	0.0270003168318	-0.0343543928453	0.0207082419066	0.0357718428702	0.0211938748429	0.0076277746113	-0.0697913355255	0.0379855693806	0.0377291495566	-0.00309599059234	-0.0010270759822	-0.0433067071913	-0.00780327464744	-0.0538275886311	-0.0578272889191	-0.0140713293822	-0.0549992876006	0.0511654710043	-0.0349933552407	0.00648828442293	-0.0158790503072	-0.00225372087104	-0.0188904588152	-0.0240659257663	0.0674435514513	-0.0850330419052	-0.0211952912583	0.00227361613192	0.0219919006281	-0.0104027821767	0.0136051648368
k__Bacteria;p__Bacteroidetes;c__Bacteroidia;o__Bacteroidales;f__Bacteroidaceae;g__Bacteroides;s__Bacteroides_coprophilus	-0.00900028193666	0.0270880379608	-0.0670070618222	0.024767330881	-0.0148209117966	0.00641955150949	0.0388333458671	0.00729928280978	-0.0152670295823	-0.0298884621874	0.0367139610974	0.00114905079093	0.011267131728	0.0173531732535	-0.0459598073088	-0.0100349614897	0.0296488828017	0.037849630843	-0.0870326439275	0.0561864121128	0.0219938912989	-0.0243061380042	0.000296815399615	-0.0165223626204	0.029453943598	1.0	0.0346473887856	-0.0234598371607	0.0344777699298	-0.0312500761446	0.0142474733094	-0.0122784724751	-0.0401573954865	-0.0504360804195	0.0140142890252	-0.0568785758501	-0.035612325187	0.0516051515107	0.0202596776392	0.0517712504236	-0.0485173424583	0.0433996313156	0.017102390602	0.0589821295114	-0.0302943395697	-0.0402704887002	0.00500141881899	-0.0275141510616	-0.0051440957783	-0.0436393214884	-0.0577629402056	-0.0286429567486	-0.0417595569404	-0.0536085733188	0.00154129786998	-0.0677922919166	0.0232872730381	0.0460458322793	-0.0382487672432
k__Bacteria;p__Firmicutes;c__Clostridia;o__Clostridiales;f__Lachnospiraceae;g__Roseburia;s__Roseburia_intestinalis	-0.0443889273468	-0.0990070304753	0.0313465996567	-0.116834868256	0.0136838220764	-0.0272692164953	-0.0589363137032	-0.0203516889371	0.0676269915843	-0.0452721695004	0.0015836730445	-0.0365090330726	0.00533925122295	0.00588387641191	0.042573022286	0.0468838916486	-0.036910613574	0.0333298718348	0.0492884828148	0.0707492797484	0.00123582366771	-0.0151366820953	-0.000178019092569	-0.0157684688734	-0.0289610071155	0.0346473887856	1.0	-0.0482554974532	0.0632118467859	9.73152589541e-06	-0.00608339199674	0.0130982567259	-0.00656974434826	-0.0132618028059	0.000294469251136	0.0443126607413	-0.0352595344652	-0.00258304611404	-0.0200026524527	0.00847926948866	0.00405974267185	0.0494916850219	-0.02003158729	0.06272950162	-0.0378864120373	-0.0196210071383	0.0227305582555	0.00810862238645	0.0434911494818	-0.106567530046	-0.0313790584482	0.0136748204655	-0.0825044580507	-0.0177219037586	0.0273983792836	-0.0684804872399	-0.00152158445565	0.0313674486392	0.0459097656301
k__Bacteria;p__Firmicutes;c__Clostridia;o__Clostridiales;f__Lachnospiraceae;g__Roseburia;s__Roseburia_hominis	0.0325710577026	-0.0169679304549	0.00431184057582	0.0255584701815	0.00937418875994	0.0518713903159	-0.0644499854067	0.00204432529217	0.059262627042	0.0356439263445	-0.0226029791485	-0.0554534202612	0.0626040072657	-0.0727523001639	-0.0348741780665	-0.0722057469373	-0.00865877440229	0.0397263121559	0.0310641521802	-0.0280337566807	0.0273009909084	0.0172537510296	-0.0243515955457	0.0145139417297	0.03697025681	-0.0234598371607	-0.0482554974532	1.0	-0.0436106705229	-0.0361666351764	0.0643760638429	-0.0570867181549	-0.0100663978835	-0.0478910284565	0.00845852924708	-0.0656472903354	0.0357083457562	-0.0269138440213	0.0185080009324	-0.0429996106638	-0.0411916611755	-0.0175966794262	-0.0590246607954	0.0116480860434	-0.0437845023781	0.0620951735701	-0.0451468519856	0.0473164805842	-0.000736053210846	-0.057007273396	-0.00756492897007	-0.0397168103793	0.00108580632372	-0.0510182973282	0.0344100830431	-0.0757487105855	0.0109631075301	-0.0157437726637	0.0329797072521
k__Bacteria;p__Bacteroidetes;c__Bacteroidia;o__Bacteroidales;f__Porphyromonadaceae;g__Parabacteroides;s__Parabacteroides_johnsonii	-0.00534928819216	0.00786173532198	-0.0343782174176	-0.0331421395502	0.00744579317117	0.0235293387978	-0.0307704343429	-0.0638978894773	-0.0190957586361	0.0146600887611	-0.0659219844689	0.0778753519597	0.0860441452639	0.0381410146364	0.0469142720575	-0.0537781315411	0.0137847174149	-0.0366391763787	0.0446904722513	0.00581344993432	0.00658978384916	-0.0174695193903	-0.0195381304027	0.00172972412355	0.0270003168318	0.0344777699298	0.0632118467859	-0.0436106705229	1.0	-0.0201625409322	-0.0227537315226	-0.0613590522928	-0.0847297165682	-0.0280583485452	0.0376510129305	-0.0539520855943	-0.0205955142839	-0.0900571600797	-0.0298648427088	0.015378575229	-0.0146877542189	-0.00215333317122	0.0251063630859	-0.0269580919567	-0.0241678683614	-0.0379598936694	-0.00212811346719	-0.0467514475151	-0.0886154627831	-0.0543067423617	-0.00878763812765	0.0148677894592	-0.0756420950508	0.0158213200771	-0.00355563018528	-0.0307312578725	-0.0114299669574	-0.00361867953824	-0.0713449962467
k__Bacteria;p__Actinobacteria;c__Actinobacteria;o__Bifidobacteriales;f__Bifidobacteriaceae;g__Bifidobacterium;s__Bifidobacterium_longum	-0.0388568539357	0.0354578865078	-0.0051009127191	0.0165183531046	-0.0798865995705	0.050954578656	-0.0487382768121	-0.0294680175633	-0.00163723390296	-0.00195934264449	0.0195306766415	0.0090040113786	0.0177865869041	0.0825273144731	-0.0388425580123	0.0196051450453	-0.0296701157583	-0.0571380954604	-0.0137909927669	0.028723825952	-0.0546560346775	-0.0340171235382	0.0248260177661	-0.0307400052947	-0.0343543928453	-0.0312500761446	9.73152589535e-06	-0.0361666351764	-0.0201625409322	1.0	0.00780735355494	-0.00698007636094	0.00175900736978	-0.00716386725558	0.0223143549219	0.00949710395214	0.00176948370861	-0.012071451609	-0.0682614362615	-0.0527247748062	-0.0630903266778	-0.0151711991158	-0.0288036159158	-0.0237201841788	0.0238005961894	0.0547563322764	0.0234480008148	0.0161376177342	0.016070238514	0.0195421236287	-0.0102919203903	-0.00811829335326	0.0215810027201	-0.0126506602906	0.0177368391232	0.01501560499	-0.0390338165535	-0.0516589917522	-0.0649362027159
