#taxonomy	k__Bacteria;p__Bacteroidetes;c__Bacteroidia;o__Bacteroidales;f__Bacteroidaceae;g__Bacteroides;s__Bacteroides_vulgatus	k__Bacteria;p__Bacteroidetes;c__Bacteroidia;o__Bacteroidales;f__Bacteroidaceae;g__Bacteroides;s__Bacteroides_uniformis	k__Bacteria;p__Bacteroidetes;c__Bacteroidia;o__Bacteroidales;f__Rikenellaceae;g__Alistipes;s__Alistipes_putredinis	k__Bacteria;p__Bacteroidetes;c__Bacteroidia;o__Bacteroidales;f__Prevotellaceae;g__Prevotella;s__Prevotella_copri	k__Bacteria;p__Bacteroidetes;c__Bacteroidia;o__Bacteroidales;f__Bacteroidaceae;g__Bacteroides;s__Bacteroides_stercoris	k__Bacteria;p__Bacteroidetes;c__Bacteroidia;o__Bacteroidales;f__Bacteroidaceae;g__Bacteroides;s__Bacteroides_ovatus	k__Bacteria;p__Bacteroidetes;c__Bacteroidia;o__Bacteroidales;f__Rikenellaceae;g__Alistipes;s__Alistipes_shahii	k__Bacteria;p__Firmicutes;c__Clostridia;o__Clostridiales;f__Ruminococcaceae;g__Faecalibacterium;s__Faecalibacterium_prausnitzii	k__Bacteria;p__Bacteroidetes;c__Bacteroidia;o__Bacteroidales;f__Rikenellaceae;g__Alistipes;s__Alistipes_finegoldii	k__Bacteria;p__Bacteroidetes;c__Bacteroidia;o__Bacteroidales;f__Porphyromonadaceae;g__Parabacteroides;s__Parabacteroides_distasonis	k__Bacteria;p__Bacteroidetes;c__Bacteroidia;o__Bacteroidales;f__Bacteroidaceae;g__Bacteroides;s__Bacteroides_thetaiotaomicron	k__Bacteria;p__Bacteroidetes;c__Bacteroidia;o__Bacteroidales;f__Bacteroidaceae;g__Bacteroides;s__Bacteroides_coprocola	k__Bacteria;p__Bacteroidetes;c__Bacteroidia;o__Bacteroidales;f__Bacteroidaceae;g__Bacteroides;s__Bacteroides_cellulosilyticus	k__Bacteria;p__Bacteroidetes;c__Bacteroidia;o__Bacteroidales;f__Rikenellaceae;g__Alistipes;s__Alistipes_obesi	k__Bacteria;p__Firmicutes;c__Clostridia;o__Clostridiales;f__Lachnospiraceae;g__;s__[Eubacterium]_rectale	k__Bacteria;p__Bacteroidetes;c__Bacteroidia;o__Bacteroidales;f__Bacteroidaceae;g__Bacteroides;s__Bacteroides_plebeius	k__Bacteria;p__Bacteroidetes;c__Bacteroidia;o__Bacteroidales;f__Bacteroidaceae;g__Bacteroides;s__Bacteroides_fragilis	k__Bacteria;p__Proteobacteria;c__Betaproteobacteria;o__Burkholderiales;f__Sutterellaceae;g__Sutterella;s__Sutterella_wadsworthensis	k__Bacteria;p__Bacteroidetes;c__Bacteroidia;o__Bacteroidales;f__Porphyromonadaceae;g__Barnesiella;s__Barnesiella_intestinihominis	k__Bacteria;p__Bacteroidetes;c__Bacteroidia;o__Bacteroidales;f__Odoribacteraceae;g__Odoribacter;s__Odoribacter_splanchnicus	k__Bacteria;p__Bacteroidetes;c__Bacteroidia;o__Bacteroidales;f__Bacteroidaceae;g__Bacteroides;s__Bacteroides_salyersiae	k__Bacteria;p__Firmicutes;c__Clostridia;o__Clostridiales;f__Ruminococcaceae;g__Ruminiclostridium;s__[Eubacterium]_siraeum	k__Bacteria;p__Proteobacteria;c__Betaproteobacteria;o__Burkholderiales;f__Sutterellaceae;g__Parasutterella;s__Parasutterella_excrementihominis	k__Bacteria;p__Actinobacteria;c__Actinobacteria;o__Bifidobacteriales;f__Bifidobacteriaceae;g__Bifidobacterium;s__Bifidobacterium_adolescentis	k__Bacteria;p__Firmicutes;c__Clostridia;o__Clostridiales;f__Oscillospiraceae;g__Oscillibacter;s__Oscillibacter_sp._KLE_1745	k__Bacteria;p__Bacteroidetes;c__Bacteroidia;o__Bacteroidales;f__Bacteroidaceae;g__Bacteroides;s__Bacteroides_coprophilus	k__Bacteria;p__Firmicutes;c__Clostridia;o__Clostridiales;f__Lachnospiraceae;g__Roseburia;s__Roseburia_intestinalis	k__Bacteria;p__Firmicutes;c__Clostridia;o__Clostridiales;f__Lachnospiraceae;g__Roseburia;s__Roseburia_hominis	k__Bacteria;p__Bacteroidetes;c__Bacteroidia;o__Bacteroidales;f__Porphyromonadaceae;g__Parabacteroides;s__Parabacteroides_johnsonii	k__Bacteria;p__Actinobacteria;c__Actinobacteria;o__Bifidobacteriales;f__Bifidobacteriaceae;g__Bifidobacterium;s__Bifidobacterium_longum	k__Bacteria;p__Firmicutes;c__Clostridia;o__Clostridiales;f__;g__Flavonifractor;s__Flavonifractor_plautii	k__Bacteria;p__Firmicutes;c__Clostridia;o__Clostridiales;f__Clostridiaceae;g__Clostridium;s__Clostridium_phoceensis	k__Bacteria;p__Verrucomicrobia;c__Verrucomicrobiae;o__Verrucomicrobiales;f__Akkermansiaceae;g__Akkermansia;s__Akkermansia_muciniphila	k__Bacteria;p__Bacteroidetes;c__Bacteroidia;o__Bacteroidales;f__Prevotellaceae;g__Paraprevotella;s__Paraprevotella_xylaniphila	k__Bacteria;p__Firmicutes;c__Clostridia;o__Clostridiales;f__Ruminococcaceae;g__Ruminococcus;s__Ruminococcus_callidus	k__Bacteria;p__Bacteroidetes;c__Bacteroidia;o__Bacteroidales;f__Rikenellaceae;g__Alistipes;s__Alistipes_senegalensis	k__Bacteria;p__Firmicutes;c__Clostridia;o__Clostridiales;f__Lachnospiraceae;g__Blautia;s__Blautia_sp._KLE_1732	k__Bacteria;p__Bacteroidetes;c__Bacteroidia;o__Bacteroidales;f__Bacteroidaceae;g__Bacteroides;s__Bacteroides_oleiciplenus	k__Bacteria;p__Firmicutes;c__Clostridia;o__Clostridiales;f__Ruminococcaceae;g__Ruminococcus;s__Ruminococcus_bicirculans	k__Bacteria;p__Bacteroidetes;c__Bacteroidia;o__Bacteroidales;f__Bacteroidaceae;g__Bacteroides;s__Bacteroides_fluxus	k__Bacteria;p__Bacteroidetes;c__Bacteroidia;o__Bacteroidales;f__Prevotellaceae;g__Prevotella;s__Prevotella_stercorea	k__Bacteria;p__Firmicutes;c__Clostridia;o__Clostridiales;f__Lachnospiraceae;g__Dorea;s__Dorea_longicatena	k__Bacteria;p__Firmicutes;c__Clostridia;o__Clostridiales;f__Eubacteriaceae;g__Eubacterium;s__[Eubacterium]_eligens	k__Bacteria;p__Firmicutes;c__Clostridia;o__Clostridiales;f__Ruminococcaceae;g__;s__Ruminococcaceae_bacterium_D16	k__Bacteria;p__Firmicutes;c__Clostridia;o__Clostridiales;f__Lachnospiraceae;g__Coprococcus;s__Coprococcus_comes	k__Bacteria;p__Proteobacteria;c__Gammaproteobacteria;o__Enterobacterales;f__Enterobacteriaceae;g__Escherichia;s__Escherichia_coli	k__Bacteria;p__Firmicutes;c__Clostridia;o__Clostridiales;f__Ruminococcaceae;g__Anaerotruncus;s__Anaerotruncus_colihominis	k__Bacteria;p__Firmicutes;c__Clostridia;o__Clostridiales;f__Lachnospiraceae;g__Blautia;s__Blautia_obeum	k__Bacteria;p__Bacteroidetes;c__Bacteroidia;o__Bacteroidales;f__Odoribacteraceae;g__Odoribacter;s__Odoribacter_laneus	k__Bacteria;p__Firmicutes;c__Clostridia;o__Clostridiales;f__Ruminococcaceae;g__Ruminiclostridium;s__[Clostridium]_leptum	k__Bacteria;p__Bacteroidetes;c__Bacteroidia;o__Bacteroidales;f__Porphyromonadaceae;g__Parabacteroides;s__Parabacteroides_goldsteinii	k__Bacteria;p__Firmicutes;c__Clostridia;o__Clostridiales;f__Lachnospiraceae;g__Anaerostipes;s__Anaerostipes_hadrus	k__Bacteria;p__Firmicutes;c__Clostridia;o__Clostridiales;f__Ruminococcaceae;g__Ruminococcus;s__Ruminococcus_lactaris	k__Bacteria;p__Firmicutes;c__Clostridia;o__Clostridiales;f__Clostridiaceae;g__Clostridium;s__Clostridium_sp._L2-50	k__Bacteria;p__Firmicutes;c__Clostridia;o__Clostridiales;f__Clostridiaceae;g__Clostridium;s__Clostridium_sp._M62/1	k__Bacteria;p__Firmicutes;c__Clostridia;o__Clostridiales;f__;g__Intestinimonas;s__Intestinimonas_butyriciproducens	k__Bacteria;p__Actinobacteria;c__Actinobacteria;o__Bifidobacteriales;f__Bifidobacteriaceae;g__Bifidobacterium;s__Bifidobacterium_bifidum	k__Bacteria;p__Firmicutes;c__Negativicutes;o__Veillonellales;f__Veillonellaceae;g__Dialister;s__Dialister_invisus	k__Bacteria;p__Bacteroidetes;c__Bacteroidia;o__Bacteroidales;f__Bacteroidaceae;g__Bacteroides;s__Bacteroides_salanitronis
k__Bacteria;p__Bacteroidetes;c__Bacteroidia;o__Bacteroidales;f__Bacteroidaceae;g__Bacteroides;s__Bacteroides_vulgatus	1.0	0.0332765210407	-0.0104490759125	0.00313958871649	0.0333720559756	0.0441062850422	-0.00466725311245	0.0154315167943	-0.00258672704115	-0.0566150099633	0.0316167727087	-0.0585578069753	-0.0118258726885	0.0119119687882	-0.0145900446643	-0.0331464458576	-0.00167590302688	0.0319679595866	0.0268315171806	-0.00316486323265	0.0344669127787	-0.00914493909256	-0.0112637232774	-0.0281594821603	0.00338199139363	-0.0182561752873	0.0196045616504	0.0241538063442	-0.0569215253328	-0.0352558186914	0.0248258775639	-0.0350310388435	0.0471587941408	-0.0221374519232	0.0529377354656	-0.0140573951708	-0.0415059086835	-0.0284341741518	-0.0430548789523	-0.0403827174427	0.0271913146489	0.0176009507185	-0.0522494183545	-0.0536458649783	0.00987598115741	0.0378105922811	-0.0296891447519	-0.0150228669103	0.0145836014661	-0.00940165249094	-0.015858767737	0.0378347981667	0.0231814983478	0.00865788772316	-0.0390454352323	-0.0376343743636	-0.0299266438959	-0.0337440896599	-0.0280117019611
k__Bacteria;p__Bacteroidetes;c__Bacteroidia;o__Bacteroidales;f__Bacteroidaceae;g__Bacteroides;s__Bacteroides_uniformis	0.0332765210407	1.0	-0.0385702700699	-0.0906420121813	-2.49675413069e-05	0.0672978091139	-0.0719911928476	0.0715300861376	-0.0294000519919	-0.0655000360202	0.0169374158346	0.015174094581	-0.0409086206308	-0.00529476431964	-0.0203226793685	-0.097944623267	-0.112204539559	-0.00941717223814	-0.0667965952625	0.0296324050334	-0.0560201101939	-0.0562593495925	-0.0447557223271	-0.0283233991111	0.0458063844079	-0.0713291467733	-0.00933993937675	0.0206778112641	-0.0226252881791	0.0330186379724	-0.0297181126805	-0.0139935073172	0.119045898236	0.00962782397794	-0.0407033784942	0.0479596380659	0.0616214597352	0.0347912209875	-0.0158612198874	-0.0167405190797	0.0149990272899	-0.0199187894022	-0.0442999566911	-0.066539805264	0.1031706825	-0.0700474913663	0.0165506006308	-0.000941827456547	0.0180182392927	-0.0512254064725	0.0273026290147	-0.00145835672311	0.0201759088388	-0.00889548795382	-0.0357181451385	0.0261237284449	-0.0878394648584	0.00818360060001	-0.0762408172233
k__Bacteria;p__Bacteroidetes;c__Bacteroidia;o__Bacteroidales;f__Rikenellaceae;g__Alistipes;s__Alistipes_putredinis	-0.0104490759125	-0.0385702700699	1.0	0.000196303066969	0.00078889294707	0.047984962928	0.00811474810545	0.0284435891428	-0.033692033841	0.00678567349866	0.000900105449796	-0.0147327908939	-0.00410384750505	-0.010996893578	0.0147669654637	-0.0310113794874	-0.0552434078471	-0.0271486473887	-0.0364851773723	-0.0077484323638	0.112966111487	0.0102858948358	-0.0279524258029	-0.0631366947801	0.0247148685757	0.0446874375455	-0.0206752745831	-0.0152837625813	-0.0961364811674	-0.0367744038117	-0.0149318270269	0.0513589974618	-0.0210975181048	0.0383330460222	-0.031904158552	-0.0327364354305	-0.133745212038	-0.0376290666552	-0.00167966463398	-0.010320530954	0.00849587426979	0.0183082177116	-0.0036035979676	-0.0577666519895	0.0115284312087	-0.0680150208151	0.00689329089941	0.0110146377133	0.0173828930004	0.00562869693695	-0.0517830298562	-0.00666868754236	-0.0135294890467	-0.0316407686154	-0.0788022040682	0.00151466874177	-0.021496642004	0.016254319665	0.0258856569731
k__Bacteria;p__Bacteroidetes;c__Bacteroidia;o__Bacteroidales;f__Prevotellaceae;g__Prevotella;s__Prevotella_copri	0.00313958871649	-0.0906420121813	0.000196303066969	1.0	0.0405933251084	-0.0225380528425	0.000819775370649	-0.0336218750047	0.00157757652122	-0.00346861843261	-0.00883359529354	-0.0176066225678	-0.0281556533132	-0.0319747693626	0.0262919174222	-0.0880824915282	-0.0474395010452	-0.0179777045498	-0.00595879112403	-0.000426672000428	-0.0206476985528	0.0117722748297	-0.039922917201	-0.0113592311628	0.00487279674907	-0.0312080766288	0.0995095575679	-0.0273093352216	0.0749487002333	0.0112365348952	0.0379025714496	-0.0144497544679	-0.00796458495152	-0.00235543191589	0.0437388470309	-0.0212814350447	-0.0698799465058	-0.0195423770776	-0.0527556998775	-0.00087729568137	-0.0384340587264	-0.0316890378065	0.00790518200166	-0.0641041503128	0.0143012291892	0.0325280686179	0.0198215696345	-0.0375263345513	0.0281153814823	0.0374464252975	-0.0404746281956	-0.0282724726886	-0.014114867756	0.00784553597393	-0.0124510399016	-0.0115670655646	-0.0253213150692	0.0504201518534	-0.0266724460713
k__Bacteria;p__Bacteroidetes;c__Bacteroidia;o__Bacteroidales;f__Bacteroidaceae;g__Bacteroides;s__Bacteroides_stercoris	0.0333720559756	-2.49675413069e-05	0.00078889294707	0.0405933251084	1.0	-0.0106168621057	-0.0126436251085	0.0196263023312	-0.0138470304326	-0.0199218569901	0.00425571538365	-0.0650067701396	-0.0152408428546	0.0268310069323	0.00675671350717	-0.0141198806623	-0.015741771663	0.0133634193244	-0.0440665844856	0.0437561950885	0.0367122250183	-0.0199161157608	-0.00342223078387	-0.0298268388153	0.0241447730851	-0.0598962760721	-0.0266737300762	0.0347003954382	-0.0748735607544	-0.0183122491937	-0.00208162153498	0.0814137325264	0.0121444731044	-0.0248603744415	-0.0226768034476	0.00639805941643	0.0700184362763	-0.0251333883719	-0.0457472804163	-0.0770602147179	-0.0050301596761	-0.00431636655143	0.00420647052963	0.0366270078356	-0.0587946313328	-0.0540217611272	-0.0124280588485	0.0498033868881	0.0135126531365	0.0201785481531	-0.0197030119562	-0.0131353513474	-0.11115890248	0.0414355485769	-0.00585787546987	0.0389412778419	0.0521155920467	-0.0374865123137	-0.040167900028
k__Bacteria;p__Bacteroidetes;c__Bacteroidia;o__Bacteroidales;f__Bacteroidaceae;g__Bacteroides;s__Bacteroides_ovatus	0.0441062850422	0.0672978091139	0.047984962928	-0.0225380528425	-0.0106168621057	1.0	-0.00585667567186	0.00528805398314	0.00294504430728	0.0538986023527	0.00401265303673	-0.0537567422371	-0.0494602793745	0.00212834427465	0.00345193564154	-0.0494321550081	-0.0210840346864	0.0560124849771	0.0559014944268	0.000979027626767	-0.0320355249122	-0.000140025771147	-0.0366254397386	-0.0132307570181	0.00935974766747	-0.0219328186872	-0.0433081900625	-0.0382311876354	-0.0211394903849	0.0136240153561	-0.0039914284815	-0.0915664354425	-0.0281949233839	0.000197210091	-0.00475933146001	-0.0621392995253	-0.0913587723561	-0.0231766372344	-0.0374614037825	0.00178938532005	0.0517489532679	-0.0142992044036	0.0288929186316	0.0221481955399	0.0522125840005	-0.0492190347762	-0.00590622987976	0.00100447496646	0.00617270743037	0.00030349475443	0.0165712459975	-0.00453650892891	-0.0284810879283	0.00533578462231	-0.00589996781016	-0.0269363966607	-0.0326492447699	-0.0342279362212	-0.0309381269023
k__Bacteria;p__Bacteroidetes;c__Bacteroidia;o__Bacteroidales;f__Rikenellaceae;g__Alistipes;s__Alistipes_shahii	-0.00466725311245	-0.0719911928476	0.00811474810545	0.000819775370649	-0.0126436251085	-0.00585667567186	1.0	-0.000692855845554	0.00380188932894	-0.0316213440685	-0.0767392423599	-0.0611565723465	0.0459952900338	0.0212310366096	-0.0788048925208	0.022493126691	-0.0447524721886	0.0431366458334	-0.038451407271	-0.0170632591907	-0.0700478823975	0.0392568126528	0.0244542993089	0.0294354940312	0.0281752305936	0.082050350405	-0.0117637637011	-0.0546268009772	-0.0222426763337	0.0210776304227	0.0860420744687	0.0415703014901	-0.0485692247209	-0.0435275401733	0.0175489464851	-0.0617834792406	0.0313337924558	0.0190193548861	-0.0134512015607	-0.0405518422654	-0.00726389774326	0.0108319454731	0.0230762654683	-0.00302837563915	-0.0113197795118	-0.0074789380922	0.0366201447785	-0.0649944624135	0.0281356054523	-0.0347586205339	0.0539290666619	0.0357723329119	-0.0619294413326	-0.0453757718054	0.00480073051937	-0.00227931225632	0.0682104162207	-0.0286335168726	0.0211300574091
k__Bacteria;p__Firmicutes;c__Clostridia;o__Clostridiales;f__Ruminococcaceae;g__Faecalibacterium;s__Faecalibacterium_prausnitzii	0.0154315167943	0.0715300861376	0.0284435891428	-0.0336218750047	0.0196263023312	0.00528805398314	-0.000692855845554	1.0	-0.0720107744019	-0.038519509483	0.0203330129801	-0.0212703702763	-0.00302024270721	-0.121820264006	-0.0444808906879	0.000477738974924	0.00055305992897	-0.0215922223065	-0.0315431956309	-0.0124721418482	-0.014530177529	-0.0746821292562	0.0215408160152	-0.0532546802623	0.0125480768898	-0.0431330048632	-0.0355545760865	0.0677245085748	0.0217518672324	-0.0426636914034	0.0202951300083	-0.010438345596	0.00174101007015	-0.0218871178454	-0.0656581209165	-0.00028538738715	-0.0086363024235	-0.0120133285788	-0.0436291292918	0.00694349910982	0.0329879726408	0.00369714211649	0.0136203662201	0.0155627570056	-0.0265731026393	0.0248724762019	-0.0119200437744	0.0727270694915	0.0220869747036	0.0221756947803	-0.0460199498312	0.00405470127583	0.0087442428771	-0.00925394476666	-0.0201126545259	-0.0332238939577	-0.0692030881902	-0.00921668176801	-0.0649402584341
k__Bacteria;p__Bacteroidetes;c__Bacteroidia;o__Bacteroidales;f__Rikenellaceae;g__Alistipes;s__Alistipes_finegoldii	-0.00258672704115	-0.0294000519919	-0.033692033841	0.00157757652122	-0.0138470304326	0.00294504430728	0.00380188932894	-0.0720107744019	1.0	0.0101244568325	0.0966950655669	-0.034438009255	0.0286015012597	-0.00938926294488	0.0426566025033	0.00839970762886	0.0528560806723	-0.0257492326058	0.0509467599788	0.00195145222359	-0.0179204545423	-0.0343529390629	-0.00668764490743	0.0356234273844	-0.030643643641	-0.0184728388414	0.0190306938123	-0.018768242134	-0.0175937493579	0.00494954460557	0.00900516238564	-0.0632156206977	-0.0380613130693	-0.0387138462181	-0.00314323609688	-0.0184008559252	-0.028839386122	-0.0488776958145	0.0339320298516	0.0660509907537	-0.0316446543954	0.0264921609272	-0.0213119228075	-0.0425928530041	-0.0268959174238	0.0111357709703	0.0165872314877	0.00777578669044	-0.0924381370504	-0.0337694410534	-0.0454494330755	-0.0658786804425	0.0575318592536	-0.00770383627384	0.023052133591	0.0184251374963	-0.0315753153098	-0.0187564095941	0.0582648174072
k__Bacteria;p__Bacteroidetes;c__Bacteroidia;o__Bacteroidales;f__Porphyromonadaceae;g__Parabacteroides;s__Parabacteroides_distasonis	-0.0566150099633	-0.0655000360202	0.00678567349866	-0.00346861843261	-0.0199218569901	0.0538986023527	-0.0316213440685	-0.038519509483	0.0101244568325	1.0	-0.025811327011	0.0356711150523	-0.0650805244541	0.0348720457116	-0.00922473558859	0.000992640654349	-0.0116671987901	-0.0269051966221	-0.0472254176536	0.000252938610061	0.00206414891425	0.0501524097792	0.00819413764035	0.0213044658931	-0.0238507134142	0.0271354119719	-0.0193385822622	-0.0572526451494	-0.0165407213563	0.0393011570039	0.027101118586	-0.0672351234547	-0.0347152360243	0.00991130224861	-0.00974534818108	-0.0464787528018	-0.00686862887603	-0.0606073800353	0.0100186646205	-0.0621915792345	0.0658308330898	-0.01960190877	0.0235273563009	-0.0180715879048	-0.00330895950921	0.0298046350902	-0.0326308457094	-0.0680135881102	0.01744559181	0.0403909293765	0.0033083353741	-0.0119711519627	-0.0443852315354	-0.0390018980814	0.0613798495175	-0.0256200434277	-0.0287187756216	0.0124575104947	0.00483859984679
k__Bacteria;p__Bacteroidetes;c__Bacteroidia;o__Bacteroidales;f__Bacteroidaceae;g__Bacteroides;s__Bacteroides_thetaiotaomicron	0.0316167727087	0.0169374158346	0.000900105449796	-0.00883359529354	0.00425571538365	0.00401265303673	-0.0767392423599	0.0203330129801	0.0966950655669	-0.025811327011	1.0	-0.0559620771118	-0.00538348983484	-0.0083923905613	-0.0596331136063	-0.018266940874	-0.00835754404088	0.0365079786408	-0.0234198254373	0.0308477581187	0.00738436967977	-0.040989981849	-0.0750459659085	-0.0209290606962	0.00572535633522	-0.0508112511262	-0.0173035443435	-0.00432083194903	0.0203820576742	-0.0576570941656	-0.00666400570678	0.0108058406222	0.0520706718407	0.00236020455353	-0.0416157930661	0.000877505776997	0.0287162184039	0.0287127494696	-0.0378014935204	-0.0185071980027	-0.011430520129	-0.00937008264627	0.0475848765374	0.018156754491	-0.0230782953539	-0.00247783132385	-0.00134184598002	0.0256876967485	-0.0901269247007	-0.0554477362662	-0.0631391523397	-0.0225735901781	-0.0369012840855	0.0221629409669	-0.0342114268019	-0.00379205786346	-0.0193557331543	-0.053162065062	-0.0715638109175
k__Bacteria;p__Bacteroidetes;c__Bacteroidia;o__Bacteroidales;f__Bacteroidaceae;g__Bacteroides;s__Bacteroides_coprocola	-0.0585578069753	0.015174094581	-0.0147327908939	-0.0176066225678	-0.0650067701396	-0.0537567422371	-0.0611565723465	-0.0212703702763	-0.034438009255	0.0356711150523	-0.0559620771118	1.0	-0.0162195323905	-0.0156575582297	-0.0504708104756	-0.0188157951918	-0.00452875292051	-0.0272585114658	0.0106447924834	0.031585276021	0.00480954195431	0.0354434593986	0.0416413534226	0.0559277389593	0.0358445886517	0.0205998975518	-0.0145817229705	0.0026006127605	-0.0569264337032	-0.0104212319242	-0.0742950492445	-0.0114856200479	0.000768523924545	-0.0540994526556	-0.0439559678709	0.0491505152198	-0.00277898943418	0.00221836157724	-0.0116681478379	-0.0450813525297	0.01811399881	-0.0233305635578	-0.0195652956079	0.0293721474015	0.0183990113564	-0.0199044616538	0.00983952056704	0.0195159550455	-0.00735303529705	0.082841171505	-0.0466768871627	-0.031320482942	-0.0156810547383	-0.0168215095158	0.0541477017327	-0.0194900371181	-0.0277051621697	-0.0263839785048	0.0272659033922
k__Bacteria;p__Bacteroidetes;c__Bacteroidia;o__Bacteroidales;f__Bacteroidaceae;g__Bacteroides;s__Bacteroides_cellulosilyticus	-0.0118258726885	-0.0409086206308	-0.00410384750505	-0.0281556533132	-0.0152408428546	-0.0494602793745	0.0459952900338	-0.00302024270721	0.0286015012597	-0.0650805244541	-0.00538348983484	-0.0162195323905	1.0	-0.0590951087763	-0.0276627784889	0.0365913257277	-0.0115557650246	0.00574895903388	0.0315996794303	-0.00583037838071	0.00723828144861	0.0092060476771	-0.0411749430952	-0.00374112027207	-0.0122966742272	0.0233543587972	0.02722590946	-0.0449590394351	0.0112247948293	0.0142638644287	0.0145995167002	-0.0726801101529	-0.0370761361667	-0.0610259863206	-0.021274183693	0.00195605649796	-0.00839034075991	0.0756413861872	0.00229201659465	-0.00985139198591	-0.0420433176741	-0.0227215852485	-0.0637270068188	0.00986613365069	0.0675411499908	0.0724880207866	-0.0239153672654	-0.0625198313545	0.0104648004907	0.000660838325835	-0.0199468127812	0.0137085539695	-0.00712266386125	-0.0306157623234	0.00640987801336	0.00351450448064	-0.00221722090158	0.0253284890417	0.00454432205526
k__Bacteria;p__Bacteroidetes;c__Bacteroidia;o__Bacteroidales;f__Rikenellaceae;g__Alistipes;s__Alistipes_obesi	0.0119119687882	-0.00529476431964	-0.010996893578	-0.0319747693626	0.0268310069323	0.00212834427465	0.0212310366096	-0.121820264006	-0.00938926294488	0.0348720457116	-0.0083923905613	-0.0156575582297	-0.0590951087763	1.0	-0.0104767872984	0.029393827274	-0.0166968052933	-0.0678889113923	-0.0106103995586	-0.0458323878727	-0.0545081084328	-0.00177616603035	0.00370293761141	0.00564509568276	0.00659103335514	-0.0432225120667	-0.0892253432864	-0.008929257474	0.0530126208819	-0.0177192139754	-0.0135319009345	0.0911334549675	0.111136211508	-0.0225206697171	-0.00178997414007	0.042888253263	0.0161681533771	-0.0313912781397	0.0461186524247	0.0655408799589	-0.0308208777546	-0.0230885495711	0.0197148037374	0.0102203505471	-0.0217428825127	0.0345226275815	-0.0492106628236	-0.058102818302	0.067012913388	0.00398162257344	-0.0253084868364	-0.078699414189	-0.0344814227995	-0.0226124854657	0.0359199595185	-0.0528086841883	-0.0317351546949	-0.0252003911728	0.0300926666208
k__Bacteria;p__Firmicutes;c__Clostridia;o__Clostridiales;f__Lachnospiraceae;g__;s__[Eubacterium]_rectale	-0.0145900446643	-0.0203226793685	0.0147669654637	0.0262919174222	0.00675671350717	0.00345193564154	-0.0788048925208	-0.0444808906879	0.0426566025033	-0.00922473558859	-0.0596331136063	-0.0504708104756	-0.0276627784889	-0.0104767872984	1.0	-0.00526130905512	-0.033201765776	-0.00663169323518	0.0773458343318	-0.017659311439	0.0153471712258	0.0807921170824	0.0451947148651	-0.0238068977485	0.0280387363723	-0.117395322477	-0.0550273739309	-0.0635178601276	0.0356739449428	-0.0496686955259	-0.0064822783788	0.037363605581	-0.00338276557903	-0.00424080801406	-0.0108719681928	0.0753687042867	0.0254336722056	0.0183320872582	-0.0417979383155	-0.0225510729682	0.0278247905109	0.0704423587686	-0.0128627088628	-0.0180286838953	-0.00284108211821	0.0285847378185	-0.0500330447698	0.0115135395512	-0.0296294320533	0.0407221876729	-0.00172276619107	0.00716567415603	0.0354245033019	-0.0448758296641	-0.024285958934	0.0213432745627	-0.0419467983754	0.0598604842826	-0.0326974941203
k__Bacteria;p__Bacteroidetes;c__Bacteroidia;o__Bacteroidales;f__Bacteroidaceae;g__Bacteroides;s__Bacteroides_plebeius	-0.0331464458576	-0.097944623267	-0.0310113794874	-0.0880824915282	-0.0141198806623	-0.0494321550081	0.022493126691	0.000477738974924	0.00839970762886	0.000992640654349	-0.018266940874	-0.0188157951918	0.0365913257277	0.029393827274	-0.00526130905512	1.0	-0.0187216854146	-0.0124188307894	0.00799477248861	0.00557315619482	-0.00996313548589	0.029560618648	0.00813374710385	-0.0704083772615	0.0151501456456	-0.059772970007	0.0446463481937	0.00580267760437	0.0651939375334	-0.0795262613105	0.0432418883017	-0.0894314498058	-0.0566290838921	0.0476548723554	0.0306695451198	-0.0206144661237	-0.04689349475	-0.0725316220003	-0.0195497401752	0.0111121758215	0.0272906383595	-0.0369966850309	0.033820673348	2.2929060745e-05	-0.015081683188	-0.0592120723003	-0.0318787144413	0.0286536082839	0.00307664996876	-0.0193421741535	0.0161721120416	0.0285081414267	-0.0676001632333	0.0222726485813	0.0289603072507	-0.0311143823149	-0.00930420721911	-0.0416567524152	0.0177819002774
k__Bacteria;p__Bacteroidetes;c__Bacteroidia;o__Bacteroidales;f__Bacteroidaceae;g__Bacteroides;s__Bacteroides_fragilis	-0.00167590302688	-0.112204539559	-0.0552434078471	-0.0474395010452	-0.015741771663	-0.0210840346864	-0.0447524721886	0.00055305992897	0.0528560806723	-0.0116671987901	-0.00835754404088	-0.00452875292051	-0.0115557650246	-0.0166968052933	-0.033201765776	-0.0187216854146	1.0	-0.0285966232303	-0.0291861679727	-0.0349187866313	-0.0522418656963	0.0704187048014	0.0350220011868	0.020231362515	-0.0138853019504	-0.0786207189296	0.0103744430347	0.0854715050071	-0.00439679438357	-0.0268762456284	0.0165130073604	-0.117952172486	0.0748929583313	-0.0698765072146	-0.0192233820626	0.000770612228063	-0.0338391696921	-0.0460609956531	-0.0255107084524	0.0410111003117	0.016958778682	0.0238328151362	-0.0739085164873	0.0122249593439	0.0499993447543	0.00983966531924	-0.0627698379348	0.0116172990121	-0.0157503505521	-0.0492766487112	0.0104702349836	0.0635199227664	0.002732302746	-0.0106770216835	0.0504898401157	0.0338345572248	0.0111820321661	-0.0175337789356	-0.0353293189255
k__Bacteria;p__Proteobacteria;c__Betaproteobacteria;o__Burkholderiales;f__Sutterellaceae;g__Sutterella;s__Sutterella_wadsworthensis	0.0319679595866	-0.00941717223814	-0.0271486473887	-0.0179777045498	0.0133634193244	0.0560124849771	0.0431366458334	-0.0215922223065	-0.0257492326058	-0.0269051966221	0.0365079786408	-0.0272585114658	0.00574895903388	-0.0678889113923	-0.00663169323518	-0.0124188307894	-0.0285966232303	1.0	-0.013010865323	0.00564939851117	-0.0316322163777	-0.0144247101245	0.0068137436361	-0.0767295744795	-0.00804534738932	0.0068401417218	0.0428134524208	0.0823232636238	-0.0469289727566	-0.0898164876215	0.00415995206382	0.0853628630628	0.0385460798022	0.00634810783092	0.0264187538703	-0.0423766346937	0.00189588431035	0.0752007550536	-0.0230637339354	-0.0654281885154	0.0239869403109	-0.00850766840633	-0.0439496016161	-0.0671738086749	0.00826279699312	-0.0419730850854	-0.0593610600637	-0.0525290016304	-0.0290604934333	0.0181435580923	0.040211388817	-0.00361072883634	0.0105826806008	0.0547716561416	-0.0255806273712	-0.0263359292678	-0.00839213805537	-0.0452878909775	0.00467501002989
k__Bacteria;p__Bacteroidetes;c__Bacteroidia;o__Bacteroidales;f__Porphyromonadaceae;g__Barnesiella;s__Barnesiella_intestinihominis	0.0268315171806	-0.0667965952625	-0.0364851773723	-0.00595879112403	-0.0440665844856	0.0559014944268	-0.038451407271	-0.0315431956309	0.0509467599788	-0.0472254176536	-0.0234198254373	0.0106447924834	0.0315996794303	-0.0106103995586	0.0773458343318	0.00799477248861	-0.0291861679727	-0.013010865323	1.0	0.0202943882969	-0.112105832342	0.0671081221857	-6.69978868043e-05	-0.0294893692362	0.00568227476533	0.0764511264539	0.0401461929931	-0.0141238910758	0.0465534794121	-0.0513723518841	-0.0481426126836	0.0305793167372	-0.0142725163266	0.00478741102315	-0.0616113391605	0.0148801619052	0.0289773576741	-0.0602220785015	-0.0198192511837	-0.0866731003514	-0.0131535626463	0.0085132837038	-0.000710732813202	0.0444342174611	0.0599303076426	-0.01191899714	-0.00689361579604	-0.0589623977271	0.0255884442907	0.0096873088258	0.0392169239684	0.029532284037	-0.00319971236467	0.0180391612948	-0.0393568726421	-0.0566406701792	-0.00353573581491	-0.0442341646983	-0.0444637715554
k__Bacteria;p__Bacteroidetes;c__Bacteroidia;o__Bacteroidales;f__Odoribacteraceae;g__Odoribacter;s__Odoribacter_splanchnicus	-0.00316486323265	0.0296324050334	-0.0077484323638	-0.000426672000428	0.0437561950885	0.000979027626767	-0.0170632591907	-0.0124721418482	0.00195145222359	0.000252938610061	0.0308477581187	0.031585276021	-0.00583037838071	-0.0458323878727	-0.017659311439	0.00557315619482	-0.0349187866313	0.00564939851117	0.0202943882969	1.0	0.0103989970344	0.0460614676594	-0.0129823106461	-0.00353316143269	-0.0111801770148	0.00655260478768	0.0096803093163	-0.0916868295151	0.0493600676914	-0.000456932866192	-0.057007311475	0.0142344598672	-0.0433663496745	-0.051225031535	-0.0234043357891	0.00772036684147	0.029237952957	-0.00418725026131	-0.0128730343596	0.0160533557773	0.039404102718	-0.0460967691225	0.0372362849061	0.00276418056316	-0.0276743181516	-0.0133300804435	-0.0233688502138	0.0714881933133	0.00675258566571	-0.0252622122018	-0.012192976312	0.0283407171223	0.0151908734811	0.0180183303855	-0.0606985099705	0.0252315783537	0.0241561081624	0.036151100058	-0.0725706113225
k__Bacteria;p__Bacteroidetes;c__Bacteroidia;o__Bacteroidales;f__Bacteroidaceae;g__Bacteroides;s__Bacteroides_salyersiae	0.0344669127787	-0.0560201101939	0.112966111487	-0.0206476985528	0.0367122250183	-0.0320355249122	-0.0700478823975	-0.014530177529	-0.0179204545423	0.00206414891425	0.00738436967977	0.00480954195431	0.00723828144861	-0.0545081084328	0.0153471712258	-0.00996313548589	-0.0522418656963	-0.0316322163777	-0.112105832342	0.0103989970344	1.0	-0.0237252408486	-0.00955218352431	-0.0138572267942	0.0488353630442	-0.0187283992064	-0.0577153287574	-0.0275426498846	-0.0261951305814	0.019938559185	0.0363968462936	-0.0536368887819	0.0153955437154	0.00111561750048	-0.0565577747373	0.00694154002907	-0.0343858533695	0.00948139889658	-0.00212483609831	0.0113855543181	0.041824898586	-0.0281669301392	-0.0186474948486	0.076341814957	0.0219518413479	-0.0201392514606	0.0760091835173	-0.0486550089833	-0.104915119476	0.00891324225095	-0.0243052304821	-0.0231200549233	0.03036161705	-0.0297345351535	-0.0531154192251	-0.0348339839593	0.00603822275605	-0.0702140964532	-0.00274887102555
k__Bacteria;p__Firmicutes;c__Clostridia;o__Clostridiales;f__Ruminococcaceae;g__Ruminiclostridium;s__[Eubacterium]_siraeum	-0.00914493909256	-0.0562593495925	0.0102858948358	0.0117722748297	-0.0199161157608	-0.000140025771147	0.0392568126528	-0.0746821292562	-0.0343529390629	0.0501524097792	-0.040989981849	0.0354434593986	0.0092060476771	-0.00177616603035	0.0807921170824	0.029560618648	0.0704187048014	-0.0144247101245	0.0671081221857	0.0460614676594	-0.0237252408486	1.0	-0.00679831463233	-0.0725901206742	0.0103305671367	0.0367176059109	-0.0291909153446	0.0161796021758	0.00437116459868	-0.0165481178157	-0.0250357414984	0.0177277038257	0.0501266485598	0.0149467181048	-0.00555348129363	-0.0139918062497	-0.0413310356977	-0.0160588672571	-0.0511244049095	-0.0351481936411	-0.0398547748342	0.0101051581228	0.0962453703156	-0.00563353622154	-0.0459395114001	-0.0357180991375	-0.0297220002381	0.0390204507967	-0.00313729826233	-0.0172751371996	-0.00600640411292	-0.00825132338472	0.0143042008798	0.00684317813889	0.0169757330132	-0.00276640947744	-0.0885431885846	-0.065385611078	-0.0144099857739
k__Bacteria;p__Proteobacteria;c__Betaproteobacteria;o__Burkholderiales;f__Sutterellaceae;g__Parasutterella;s__Parasutterella_excrementihominis	-0.0112637232774	-0.0447557223271	-0.0279524258029	-0.039922917201	-0.00342223078387	-0.0366254397386	0.0244542993089	0.0215408160152	-0.00668764490743	0.00819413764035	-0.0750459659085	0.0416413534226	-0.0411749430952	0.00370293761141	0.0451947148651	0.00813374710385	0.0350220011868	0.0068137436361	-6.69978868043e-05	-0.0129823106461	-0.00955218352431	-0.00679831463233	1.0	0.0228781612112	-0.0090082090867	-0.0111088150889	-0.0288770431879	-0.0662157754049	0.0340059042571	-0.0311222361332	-3.02654577562e-05	-0.00989013854496	-0.0512757389074	-0.0266061456105	-0.0272473375748	-0.0182714907894	0.0773288930066	-0.0463220466212	-0.0332502775363	0.0614642907461	0.0573788839218	-0.0298484950338	0.01571026241	-0.00528282754149	-0.00130192792621	-0.0264759228483	-0.0178038020889	-0.0388993082718	-0.0141095078944	0.007584697368	-0.00188007781074	0.0118352726372	0.00606886716188	0.0393112464069	-0.00730893722195	0.0414643825744	-0.0270752003285	0.0305040958813	-0.0199909899349
k__Bacteria;p__Actinobacteria;c__Actinobacteria;o__Bifidobacteriales;f__Bifidobacteriaceae;g__Bifidobacterium;s__Bifidobacterium_adolescentis	-0.0281594821603	-0.0283233991111	-0.0631366947801	-0.0113592311628	-0.0298268388153	-0.0132307570181	0.0294354940312	-0.0532546802623	0.0356234273844	0.0213044658931	-0.0209290606962	0.0559277389593	-0.00374112027207	0.00564509568276	-0.0238068977485	-0.0704083772615	0.020231362515	-0.0767295744795	-0.0294893692362	-0.00353316143269	-0.0138572267942	-0.0725901206742	0.0228781612112	1.0	0.0144812149057	0.015816385585	-0.0425094422601	-0.00654283626904	0.050637762672	0.00720512990148	0.0513688806536	0.02480945226	0.0386905891285	-0.00523613776837	-0.0137157785771	0.0197034480857	0.00754877853181	0.0160303031478	-0.0522843398908	-0.0746365819312	0.00612810275824	0.0296119698373	-0.027457254692	-0.0537162916042	0.0194857172658	-0.0490813818771	0.0443671602233	-0.0257189920398	0.0380904301329	-0.0390880228484	-0.0240991450749	-0.0470630524332	0.0186953423153	-0.0326468574392	-0.0130627488724	-0.00107929717925	0.0502450802961	-0.0493603381411	0.0239128891522
k__Bacteria;p__Firmicutes;c__Clostridia;o__Clostridiales;f__Oscillospiraceae;g__Oscillibacter;s__Oscillibacter_sp._KLE_1745	0.00338199139363	0.0458063844079	0.0247148685757	0.00487279674907	0.0241447730851	0.00935974766747	0.0281752305936	0.0125480768898	-0.030643643641	-0.0238507134142	0.00572535633522	0.0358445886517	-0.0122966742272	0.00659103335514	0.0280387363723	0.0151501456456	-0.0138853019504	-0.00804534738932	0.00568227476533	-0.0111801770148	0.0488353630442	0.0103305671367	-0.0090082090867	0.0144812149057	1.0	-0.00247250731776	0.0270755201749	-0.00890794722934	-0.0410830359615	0.019623932959	-0.00689364582997	-0.0315326350277	0.00354222713565	-0.029002719078	0.038142539772	0.00822860162514	-0.0322903076472	0.0125902944691	-0.0412479776004	-0.0384332919131	-0.0216793537338	-0.0933238593897	-0.0118291100792	-0.0517965075978	-0.0402646151832	0.0147240447185	0.0107600246472	-0.0218179163763	-0.0561571394457	-0.0348262831711	-0.0538721162442	-0.00976117919835	0.038931632599	0.0274238598268	-0.016915634983	0.0403819282859	-0.0163755690557	-0.0541332707785	-0.0374366588315
k__Bacteria;p__Bacteroidetes;c__Bacteroidia;o__Bacteroidales;f__Bacteroidaceae;g__Bacteroides;s__Bacteroides_coprophilus	-0.0182561752873	-0.0713291467733	0.0446874375455	-0.0312080766288	-0.0598962760721	-0.0219328186872	0.082050350405	-0.0431330048632	-0.0184728388414	0.0271354119719	-0.0508112511262	0.0205998975518	0.0233543587972	-0.0432225120667	-0.117395322477	-0.059772970007	-0.0786207189296	0.0068401417218	0.0764511264539	0.00655260478768	-0.0187283992064	0.0367176059109	-0.0111088150889	0.015816385585	-0.00247250731776	1.0	-0.0126078375432	-0.0163729556108	0.0369167788088	-0.0175904437406	0.010095694209	-0.0177761149924	0.0133488527636	-0.0102575402014	0.0379802350432	0.00514897452686	-0.00915552604696	0.106045047884	-0.0430097730296	-0.0164547038512	0.0484070770575	-0.0146007723794	-0.0544886960536	0.0637612814713	0.00240867718799	-0.0164229270334	0.0307823722084	-0.0106172869375	-0.0239420851108	-0.00765456952228	-0.0397542448746	0.0307372325894	-0.0527667471911	0.00787449702026	0.0150953497789	0.0325643646586	-0.0198204496392	0.0400497941343	-0.0176287476834
k__Bacteria;p__Firmicutes;c__Clostridia;o__Clostridiales;f__Lachnospiraceae;g__Roseburia;s__Roseburia_intestinalis	0.0196045616504	-0.00933993937675	-0.0206752745831	0.0995095575679	-0.0266737300762	-0.0433081900625	-0.0117637637011	-0.0355545760865	0.0190306938123	-0.0193385822622	-0.0173035443435	-0.0145817229705	0.02722590946	-0.0892253432864	-0.0550273739309	0.0446463481937	0.0103744430347	0.0428134524208	0.0401461929931	0.0096803093163	-0.0577153287574	-0.0291909153446	-0.0288770431879	-0.0425094422601	0.0270755201749	-0.0126078375432	1.0	-0.0345913456919	-0.00249243344499	-0.00209876592832	-0.0560957989999	0.00536343278009	-0.0165311655238	0.0511699678426	-0.00627324849852	-0.0085732246339	0.00882284046924	0.00726917692147	-0.0105057093862	0.0275921100448	-0.0792069471712	-0.0695490832641	-0.0303794537635	0.0120619861598	-0.0111379011549	-0.045818128276	-0.0462229679713	-0.0159651449737	0.0182560142479	-0.05539887261	0.0105351995089	-0.0179519734943	-0.113598025097	-0.052786011966	0.0634290856822	0.0119326251801	0.0344041718416	-0.0320901915673	0.0515906499093
k__Bacteria;p__Firmicutes;c__Clostridia;o__Clostridiales;f__Lachnospiraceae;g__Roseburia;s__Roseburia_hominis	0.0241538063442	0.0206778112641	-0.0152837625813	-0.0273093352216	0.0347003954382	-0.0382311876354	-0.0546268009772	0.0677245085748	-0.018768242134	-0.0572526451494	-0.00432083194903	0.0026006127605	-0.0449590394351	-0.008929257474	-0.0635178601276	0.00580267760437	0.0854715050071	0.0823232636238	-0.0141238910758	-0.0916868295151	-0.0275426498846	0.0161796021758	-0.0662157754049	-0.00654283626904	-0.00890794722934	-0.0163729556108	-0.0345913456919	1.0	0.00864597047243	0.00746181587742	0.00609835474849	0.0188395971016	-0.0146602350059	0.0299724575345	-0.0268403368049	0.0158686316514	0.017242663053	-0.000828278912744	0.0477693828493	0.0352723485186	-0.0339052919006	0.0879178893449	-0.0259041832258	0.0223983708907	-0.0132588224281	-0.039366837335	-0.0654442954817	-0.0408063319265	0.0275880066397	-0.0750546094721	-0.0189726584868	0.00287368343548	-0.0800990975479	-0.00289877273961	-0.0526654283082	-0.0147672720551	0.0149806455787	0.0047246582212	-0.054813896319
k__Bacteria;p__Bacteroidetes;c__Bacteroidia;o__Bacteroidales;f__Porphyromonadaceae;g__Parabacteroides;s__Parabacteroides_johnsonii	-0.0569215253328	-0.0226252881791	-0.0961364811674	0.0749487002333	-0.0748735607544	-0.0211394903849	-0.0222426763337	0.0217518672324	-0.0175937493579	-0.0165407213563	0.0203820576742	-0.0569264337032	0.0112247948293	0.0530126208819	0.0356739449428	0.0651939375334	-0.00439679438357	-0.0469289727566	0.0465534794121	0.0493600676914	-0.0261951305814	0.00437116459868	0.0340059042571	0.050637762672	-0.0410830359615	0.0369167788088	-0.00249243344499	0.00864597047243	1.0	-0.024573462991	-0.0240711692219	0.0178716418325	-0.0233408040383	-0.0304651666416	-0.0430414152187	0.0217557922905	0.0392023786536	-0.0397725748171	-0.0418606032765	-0.0656264694099	-0.0322913639987	0.0436805774052	0.0740747953932	0.0142260278176	0.0598833729188	-0.0086185347824	-0.00171770833375	-0.0207990263711	0.0500255794011	-0.0307207718121	-0.00888127846458	-0.00619295767015	-0.0454624624584	0.0242751989868	-0.0158840461746	-0.0499041355611	-0.0912659790349	-0.0256664731799	-0.0529746501166
k__Bacteria;p__Actinobacteria;c__Actinobacteria;o__Bifidobacteriales;f__Bifidobacteriaceae;g__Bifidobacterium;s__Bifidobacterium_longum	-0.0352558186914	0.0330186379724	-0.0367744038117	0.0112365348952	-0.0183122491937	0.0136240153561	0.0210776304227	-0.0426636914034	0.00494954460557	0.0393011570039	-0.0576570941656	-0.0104212319242	0.0142638644287	-0.0177192139754	-0.0496686955259	-0.0795262613105	-0.0268762456284	-0.0898164876215	-0.0513723518841	-0.000456932866192	0.019938559185	-0.0165481178157	-0.0311222361332	0.00720512990148	0.019623932959	-0.0175904437406	-0.00209876592832	0.00746181587742	-0.024573462991	1.0	-0.0149728882943	-0.0256292021143	0.000324445402024	-0.00581057165763	0.018616511528	0.0646707441791	0.0346311537156	0.0227173433437	0.0872450253681	-0.0454021245297	-0.0869695474778	-0.00328621504914	0.0264298122455	0.0626399258424	0.00833770195493	-0.00354275575197	-0.0311323828809	-0.00713078378176	-0.020213270207	-0.0439230127854	-0.0708796197207	-0.0781871951247	-0.00550341930646	0.0313346576614	0.0121306401886	-0.0984705707657	0.00989110112605	0.0161362013584	0.0295640904871
