#taxonomy	k__Bacteria;p__Bacteroidetes;c__Bacteroidia;o__Bacteroidales;f__Bacteroidaceae;g__Bacteroides;s__Bacteroides_vulgatus	k__Bacteria;p__Bacteroidetes;c__Bacteroidia;o__Bacteroidales;f__Bacteroidaceae;g__Bacteroides;s__Bacteroides_uniformis	k__Bacteria;p__Bacteroidetes;c__Bacteroidia;o__Bacteroidales;f__Rikenellaceae;g__Alistipes;s__Alistipes_putredinis	k__Bacteria;p__Bacteroidetes;c__Bacteroidia;o__Bacteroidales;f__Prevotellaceae;g__Prevotella;s__Prevotella_copri	k__Bacteria;p__Bacteroidetes;c__Bacteroidia;o__Bacteroidales;f__Bacteroidaceae;g__Bacteroides;s__Bacteroides_stercoris	k__Bacteria;p__Bacteroidetes;c__Bacteroidia;o__Bacteroidales;f__Bacteroidaceae;g__Bacteroides;s__Bacteroides_ovatus	k__Bacteria;p__Bacteroidetes;c__Bacteroidia;o__Bacteroidales;f__Rikenellaceae;g__Alistipes;s__Alistipes_shahii	k__Bacteria;p__Firmicutes;c__Clostridia;o__Clostridiales;f__Ruminococcaceae;g__Faecalibacterium;s__Faecalibacterium_prausnitzii	k__Bacteria;p__Bacteroidetes;c__Bacteroidia;o__Bacteroidales;f__Rikenellaceae;g__Alistipes;s__Alistipes_finegoldii	k__Bacteria;p__Bacteroidetes;c__Bacteroidia;o__Bacteroidales;f__Porphyromonadaceae;g__Parabacteroides;s__Parabacteroides_distasonis	k__Bacteria;p__Bacteroidetes;c__Bacteroidia;o__Bacteroidales;f__Bacteroidaceae;g__Bacteroides;s__Bacteroides_thetaiotaomicron	k__Bacteria;p__Bacteroidetes;c__Bacteroidia;o__Bacteroidales;f__Bacteroidaceae;g__Bacteroides;s__Bacteroides_coprocola	k__Bacteria;p__Bacteroidetes;c__Bacteroidia;o__Bacteroidales;f__Bacteroidaceae;g__Bacteroides;s__Bacteroides_cellulosilyticus	k__Bacteria;p__Bacteroidetes;c__Bacteroidia;o__Bacteroidales;f__Rikenellaceae;g__Alistipes;s__Alistipes_obesi	k__Bacteria;p__Firmicutes;c__Clostridia;o__Clostridiales;f__Lachnospiraceae;g__;s__[Eubacterium]_rectale	k__Bacteria;p__Bacteroidetes;c__Bacteroidia;o__Bacteroidales;f__Bacteroidaceae;g__Bacteroides;s__Bacteroides_plebeius	k__Bacteria;p__Bacteroidetes;c__Bacteroidia;o__Bacteroidales;f__Bacteroidaceae;g__Bacteroides;s__Bacteroides_fragilis	k__Bacteria;p__Proteobacteria;c__Betaproteobacteria;o__Burkholderiales;f__Sutterellaceae;g__Sutterella;s__Sutterella_wadsworthensis	k__Bacteria;p__Bacteroidetes;c__Bacteroidia;o__Bacteroidales;f__Porphyromonadaceae;g__Barnesiella;s__Barnesiella_intestinihominis	k__Bacteria;p__Bacteroidetes;c__Bacteroidia;o__Bacteroidales;f__Odoribacteraceae;g__Odoribacter;s__Odoribacter_splanchnicus	k__Bacteria;p__Bacteroidetes;c__Bacteroidia;o__Bacteroidales;f__Bacteroidaceae;g__Bacteroides;s__Bacteroides_salyersiae	k__Bacteria;p__Firmicutes;c__Clostridia;o__Clostridiales;f__Ruminococcaceae;g__Ruminiclostridium;s__[Eubacterium]_siraeum	k__Bacteria;p__Proteobacteria;c__Betaproteobacteria;o__Burkholderiales;f__Sutterellaceae;g__Parasutterella;s__Parasutterella_excrementihominis	k__Bacteria;p__Actinobacteria;c__Actinobacteria;o__Bifidobacteriales;f__Bifidobacteriaceae;g__Bifidobacterium;s__Bifidobacterium_adolescentis	k__Bacteria;p__Firmicutes;c__Clostridia;o__Clostridiales;f__Oscillospiraceae;g__Oscillibacter;s__Oscillibacter_sp._KLE_1745	k__Bacteria;p__Bacteroidetes;c__Bacteroidia;o__Bacteroidales;f__Bacteroidaceae;g__Bacteroides;s__Bacteroides_coprophilus	k__Bacteria;p__Firmicutes;c__Clostridia;o__Clostridiales;f__Lachnospiraceae;g__Roseburia;s__Roseburia_intestinalis	k__Bacteria;p__Firmicutes;c__Clostridia;o__Clostridiales;f__Lachnospiraceae;g__Roseburia;s__Roseburia_hominis	k__Bacteria;p__Bacteroidetes;c__Bacteroidia;o__Bacteroidales;f__Porphyromonadaceae;g__Parabacteroides;s__Parabacteroides_johnsonii	k__Bacteria;p__Actinobacteria;c__Actinobacteria;o__Bifidobacteriales;f__Bifidobacteriaceae;g__Bifidobacterium;s__Bifidobacterium_longum	k__Bacteria;p__Firmicutes;c__Clostridia;o__Clostridiales;f__;g__Flavonifractor;s__Flavonifractor_plautii	k__Bacteria;p__Firmicutes;c__Clostridia;o__Clostridiales;f__Clostridiaceae;g__Clostridium;s__Clostridium_phoceensis	k__Bacteria;p__Verrucomicrobia;c__Verrucomicrobiae;o__Verrucomicrobiales;f__Akkermansiaceae;g__Akkermansia;s__Akkermansia_muciniphila	k__Bacteria;p__Bacteroidetes;c__Bacteroidia;o__Bacteroidales;f__Prevotellaceae;g__Paraprevotella;s__Paraprevotella_xylaniphila	k__Bacteria;p__Firmicutes;c__Clostridia;o__Clostridiales;f__Ruminococcaceae;g__Ruminococcus;s__Ruminococcus_callidus	k__Bacteria;p__Bacteroidetes;c__Bacteroidia;o__Bacteroidales;f__Rikenellaceae;g__Alistipes;s__Alistipes_senegalensis	k__Bacteria;p__Firmicutes;c__Clostridia;o__Clostridiales;f__Lachnospiraceae;g__Blautia;s__Blautia_sp._KLE_1732	k__Bacteria;p__Bacteroidetes;c__Bacteroidia;o__Bacteroidales;f__Bacteroidaceae;g__Bacteroides;s__Bacteroides_oleiciplenus	k__Bacteria;p__Firmicutes;c__Clostridia;o__Clostridiales;f__Ruminococcaceae;g__Ruminococcus;s__Ruminococcus_bicirculans	k__Bacteria;p__Bacteroidetes;c__Bacteroidia;o__Bacteroidales;f__Bacteroidaceae;g__Bacteroides;s__Bacteroides_fluxus	k__Bacteria;p__Bacteroidetes;c__Bacteroidia;o__Bacteroidales;f__Prevotellaceae;g__Prevotella;s__Prevotella_stercorea	k__Bacteria;p__Firmicutes;c__Clostridia;o__Clostridiales;f__Lachnospiraceae;g__Dorea;s__Dorea_longicatena	k__Bacteria;p__Firmicutes;c__Clostridia;o__Clostridiales;f__Eubacteriaceae;g__Eubacterium;s__[Eubacterium]_eligens	k__Bacteria;p__Firmicutes;c__Clostridia;o__Clostridiales;f__Ruminococcaceae;g__;s__Ruminococcaceae_bacterium_D16	k__Bacteria;p__Firmicutes;c__Clostridia;o__Clostridiales;f__Lachnospiraceae;g__Coprococcus;s__Coprococcus_comes	k__Bacteria;p__Proteobacteria;c__Gammaproteobacteria;o__Enterobacterales;f__Enterobacteriaceae;g__Escherichia;s__Escherichia_coli	k__Bacteria;p__Firmicutes;c__Clostridia;o__Clostridiales;f__Ruminococcaceae;g__Anaerotruncus;s__Anaerotruncus_colihominis	k__Bacteria;p__Firmicutes;c__Clostridia;o__Clostridiales;f__Lachnospiraceae;g__Blautia;s__Blautia_obeum	k__Bacteria;p__Bacteroidetes;c__Bacteroidia;o__Bacteroidales;f__Odoribacteraceae;g__Odoribacter;s__Odoribacter_laneus	k__Bacteria;p__Firmicutes;c__Clostridia;o__Clostridiales;f__Ruminococcaceae;g__Ruminiclostridium;s__[Clostridium]_leptum	k__Bacteria;p__Bacteroidetes;c__Bacteroidia;o__Bacteroidales;f__Porphyromonadaceae;g__Parabacteroides;s__Parabacteroides_goldsteinii	k__Bacteria;p__Firmicutes;c__Clostridia;o__Clostridiales;f__Lachnospiraceae;g__Anaerostipes;s__Anaerostipes_hadrus	k__Bacteria;p__Firmicutes;c__Clostridia;o__Clostridiales;f__Ruminococcaceae;g__Ruminococcus;s__Ruminococcus_lactaris	k__Bacteria;p__Firmicutes;c__Clostridia;o__Clostridiales;f__Clostridiaceae;g__Clostridium;s__Clostridium_sp._L2-50	k__Bacteria;p__Firmicutes;c__Clostridia;o__Clostridiales;f__Clostridiaceae;g__Clostridium;s__Clostridium_sp._M62/1	k__Bacteria;p__Firmicutes;c__Clostridia;o__Clostridiales;f__;g__Intestinimonas;s__Intestinimonas_butyriciproducens	k__Bacteria;p__Actinobacteria;c__Actinobacteria;o__Bifidobacteriales;f__Bifidobacteriaceae;g__Bifidobacterium;s__Bifidobacterium_bifidum	k__Bacteria;p__Firmicutes;c__Negativicutes;o__Veillonellales;f__Veillonellaceae;g__Dialister;s__Dialister_invisus	k__Bacteria;p__Bacteroidetes;c__Bacteroidia;o__Bacteroidales;f__Bacteroidaceae;g__Bacteroides;s__Bacteroides_salanitronis
k__Bacteria;p__Bacteroidetes;c__Bacteroidia;o__Bacteroidales;f__Bacteroidaceae;g__Bacteroides;s__Bacteroides_vulgatus	1.0	-0.025248480188	0.0306030114924	0.037062588257	-0.0704344152003	0.0433267944903	-0.0514402070803	-0.0112187508541	0.0260130546016	-0.00721755827717	0.0242556667626	0.00531821476368	0.0258267405975	0.0256200538248	-0.0146709233941	0.0197086423978	-0.00812646835378	0.0418852642478	-0.0543642540261	-0.0285653076576	-0.0250486381417	0.0316878881639	0.0222776650744	-0.036720004837	-0.0719697533142	-0.0201204571591	-0.0143902149619	-0.0109388571592	-0.0888938402783	-0.0169886888873	-0.0155034522017	0.0112336710075	-0.0153524697487	0.0464466171269	-0.00533801478324	-0.00228188702255	0.00305095470288	0.00333674189567	0.0196302796934	-0.00205114190092	0.0563287532188	0.0377562853696	-0.0134651938089	-0.00502768660824	-0.00451637100994	-0.0552277590338	0.00679809479593	0.0239038699711	-0.0527617464418	-0.00447548687625	-0.01357127803	0.00479527269566	-0.0250381301216	-0.0316400538848	-0.0498153961174	0.0326895437743	0.076557974762	-0.0261443632436	-0.0316582853127
k__Bacteria;p__Bacteroidetes;c__Bacteroidia;o__Bacteroidales;f__Bacteroidaceae;g__Bacteroides;s__Bacteroides_uniformis	-0.025248480188	1.0	0.0350142621384	-0.0470574652603	-0.0228972012055	0.0585347213553	-0.0661922962253	-0.0695045048824	-0.0210117291207	0.00756610609297	0.0096641883476	-0.035065781755	-0.0653782667419	-0.0248495618628	-0.0484618225432	-0.00014122400069	0.0308070457218	0.00794747884135	0.0342647376319	-0.00916352609748	-0.00236423000437	0.0394618981294	0.00464421132852	0.0327540501424	-0.0110922458776	-0.0358315144453	-0.0640842142542	-0.014312796857	0.0377784369889	0.00187627068118	-0.00251138024311	-0.0300810844714	0.0247938462797	0.0162846678537	-0.0377208511848	0.00426131210385	-0.00976161886844	0.0266290924078	-0.00958477016345	0.0190942155154	0.00591231485144	-0.0377328416824	-0.0360298282985	-0.0857655178277	-0.00334356493571	0.0214196693005	0.00291939419036	-0.0222576790686	0.0327780215274	0.00380659923452	0.00893973584505	0.0198709491012	-0.0329806145181	0.0301476389971	-0.0542928952264	0.00334675229034	-0.0134104761933	-0.0179652941789	0.0259630907956
k__Bacteria;p__Bacteroidetes;c__Bacteroidia;o__Bacteroidales;f__Rikenellaceae;g__Alistipes;s__Alistipes_putredinis	0.0306030114924	0.0350142621384	1.0	-0.0736386793908	-0.00820980544235	-0.0548155605965	0.0523721716307	-0.0110108702914	0.000414732413299	0.0254698434533	0.012824007421	0.0398211671223	0.0289056035855	-0.0760070905936	0.0719895185201	0.00923429145701	0.0229319997952	0.0277027644072	-0.0456203467949	0.0499962351183	-0.00757513269504	-0.0286531183496	-0.0926007681276	0.000562162771868	0.039079134851	0.00973399285367	-0.0314346269885	0.058487476296	-0.0454277506008	-0.010023695135	-0.036821172535	-0.0683898788754	0.0137823068877	-0.00432453929793	0.0124133888484	0.000460592473136	-0.00390650759985	-0.0353946260241	-0.0176683249132	-0.0231750048277	0.00716320390979	0.0255881381874	0.0168247763754	0.0537481093866	-0.000165646982036	0.0243437057044	-0.0212729947103	-0.065659700185	0.0130675949308	-0.0484930190363	-0.0475395113043	-0.0312549542978	0.0241695217683	0.0688158519566	0.0445873630316	-0.066838139669	-0.0543906655778	-0.0128906079587	-0.0209919713191
k__Bacteria;p__Bacteroidetes;c__Bacteroidia;o__Bacteroidales;f__Prevotellaceae;g__Prevotella;s__Prevotella_copri	0.037062588257	-0.0470574652603	-0.0736386793908	1.0	0.00558371625887	0.0228903912274	-0.0524967926258	-0.0525203328954	0.0714621029267	-0.0338029158624	-0.0677503133872	-0.00914185489186	0.0306345837883	0.0697276581668	0.0380897965328	0.0286713899327	-0.0219744836723	0.0276592809354	-0.0202136908211	-0.123262139471	-0.0256031980966	-0.0120666179494	-0.0418890549456	0.0144159430681	-0.0272946569505	-0.0310929361645	-0.0556498851373	-0.0147898672693	-0.0871750144951	-0.0487222002263	0.0286864120677	-0.0164720868118	-0.00437873777887	-0.0346667256506	0.00250749591433	0.0128224397314	0.00640935922432	0.0447423698625	-0.0255761193926	-0.0331239791858	0.0347873602615	0.0323788838063	-0.0510119023432	-0.0864644339834	0.0449848639488	-0.00101329017819	0.00657542087135	0.0433319518918	0.0373198418644	-0.0354510503946	0.0255178944579	-0.0528034192024	0.00518082072402	0.0533290434483	-0.0935582334668	-0.00423973421337	-0.0762185123726	-0.0335443126535	-0.045531596531
k__Bacteria;p__Bacteroidetes;c__Bacteroidia;o__Bacteroidales;f__Bacteroidaceae;g__Bacteroides;s__Bacteroides_stercoris	-0.0704344152003	-0.0228972012055	-0.00820980544235	0.00558371625887	1.0	0.0385956258353	0.0686823940198	0.00790619172618	0.0465559719635	-0.00737655590167	-0.0729262175105	-0.0118650936157	0.00458180334246	0.0206462655954	0.0108621030214	0.0238547873806	0.0378459265148	0.00645866422482	0.00923462141812	-0.0235012303852	-0.00232610912499	-0.00763660667649	0.0354743803365	-0.0249846909231	0.00203818344419	-0.0101227260266	-0.0575458676127	0.00885899048742	0.0162992712737	0.0668793970591	-0.0695717329411	0.0440052865838	-0.0842716631084	-0.0315502837282	-0.0544466990286	-0.000409956023258	-0.0795433728846	-0.00323485779618	0.0430529742079	-0.0939252847557	-0.0159293507332	0.00631208393498	-0.0201325988414	-0.00139685263684	0.0100043271043	-0.0173856331343	-0.0398419682318	0.0129165747407	-0.0282889641571	-0.0424296425502	-0.00336970414191	0.088796983658	-0.0880623920565	-0.0453080780078	0.046393650116	-0.01972074079	0.061121377515	0.0434643480237	0.0262829049675
k__Bacteria;p__Bacteroidetes;c__Bacteroidia;o__Bacteroidales;f__Bacteroidaceae;g__Bacteroides;s__Bacteroides_ovatus	0.0433267944903	0.0585347213553	-0.0548155605965	0.0228903912274	0.0385956258353	1.0	0.000751702633969	-0.023900832784	-0.0456863831779	-0.0826597401574	0.0369681339417	0.00402973374756	-0.00662887532857	-0.0967733965416	-0.0515288844264	-0.0293286698154	-0.0338586009088	0.00973065892986	-0.0587634238626	-0.0290547144293	-0.0226595839564	0.0517160829532	0.0162876353105	0.0328410982768	-0.0142563585819	-0.0297069389651	-0.0498090300014	-0.0798672424915	-0.00639341954648	0.0393025782884	0.0252702608357	0.020683297737	-0.0763226258705	-0.00622925781903	-0.0068709273793	0.0177504121732	-0.0264806144179	-0.0120535606776	-0.00345904347554	0.0117907878297	-0.0138803405144	-0.0270419265431	-0.0077429058328	-0.00785692814896	0.0646902638631	-0.10753174258	-0.0246401098409	0.0190861198045	-0.0155539663326	0.0386074417763	0.00595664321505	-0.00853674694292	0.00873866297891	0.0135600570122	-0.042964580105	0.00165090847172	-0.0327545833889	-0.00697078269363	-0.00567144463976
k__Bacteria;p__Bacteroidetes;c__Bacteroidia;o__Bacteroidales;f__Rikenellaceae;g__Alistipes;s__Alistipes_shahii	-0.0514402070803	-0.0661922962253	0.0523721716307	-0.0524967926258	0.0686823940198	0.000751702633968	1.0	0.0140465737912	0.0687556546476	-0.0532307605242	-0.0391780839248	-0.0271539085545	0.013766336081	-0.0362350718648	-0.0843076081063	0.0172308448972	-0.0318059890365	-0.0183689930364	0.0540263930382	0.0529601299231	-0.0485192062039	0.0446427285897	-0.0202727993021	-0.0386059157362	0.0257619051051	0.00498370985444	-0.088606713786	-0.0361735825336	0.0109718591653	-0.0287955757795	-0.0636619633395	-0.0233075853263	-0.00393912406759	-0.0325943455444	0.040328084027	-0.00240133661049	0.0160394214693	0.02899892135	-0.0626207898491	-0.0455768246347	-0.0369076811503	-0.00725806895152	0.0078908687886	0.0479202704452	-0.0419762539936	0.0655053724891	-0.00474258535121	-0.0026010318855	0.0148459082895	-0.01068578143	-0.0240055947455	-0.0166305787028	0.0336964132484	-0.00445435631342	-0.013749187821	0.00521984560299	0.0382385094044	0.0018071207924	-0.0445759842751
k__Bacteria;p__Firmicutes;c__Clostridia;o__Clostridiales;f__Ruminococcaceae;g__Faecalibacterium;s__Faecalibacterium_prausnitzii	-0.0112187508541	-0.0695045048824	-0.0110108702914	-0.0525203328954	0.00790619172618	-0.023900832784	0.0140465737912	1.0	-0.00188882271352	0.0191993951793	0.0507465202701	-0.00690704922136	0.0658142190123	-0.0262905697216	-0.0385532749947	0.0410095979704	-0.0533756037126	0.0610932131901	0.0116268454824	0.0718907113216	-0.0476984477436	-0.0146743554802	0.00380935625336	0.00876846511925	-0.0566005106374	-0.0433656726048	0.0986014418655	-0.0299503031373	-0.0140271061896	0.0140309691818	-0.0419943879297	-0.0171574349047	-0.00746269868037	-0.0414508753775	-0.0214920153125	-0.0443055526374	0.0101212780137	0.0304675196889	0.0135441419799	0.040159406439	-0.0591742390035	0.0320381234878	0.0141572663666	0.0178195503533	-0.0161505815543	-0.0218343253814	-0.0519839994866	-0.118861639298	-0.0419068346792	0.0263945514498	-0.0238172649261	-0.0326436649495	-0.0747988138268	-0.0210124899255	-0.00155508331699	-0.0205846556069	-0.0439475065618	-0.01300675802	-0.0320082058652
k__Bacteria;p__Bacteroidetes;c__Bacteroidia;o__Bacteroidales;f__Rikenellaceae;g__Alistipes;s__Alistipes_finegoldii	0.0260130546016	-0.0210117291207	0.000414732413299	0.0714621029267	0.0465559719635	-0.0456863831779	0.0687556546476	-0.00188882271352	1.0	-0.013270143572	-0.0211435185511	-0.0205525602548	0.00810687613949	-0.0356408998525	-0.0290032685432	0.0369616930115	0.0101112974835	-0.035825374665	-0.0400994371857	0.00846127122298	-0.00186034777219	-0.0442037642744	-0.00506503083937	-0.0398730130561	-0.0640147432618	0.0164698137866	0.00029559362334	-0.0726279788951	0.0643287672219	0.0526844782498	-0.0434082310908	0.0355949543017	-0.0208730798454	-0.0132636081885	-0.0727810671862	-0.00748638457788	0.0712100065404	0.0435268833435	-0.0356849476723	-0.065812283548	-0.0217329788198	0.0135847206701	-0.0531367836288	0.0362973763675	0.0031867089654	-0.0452348336174	0.0449884945614	0.0474662470861	-0.0785616751971	-0.0230696442142	0.00877868206771	0.0146598128874	-0.0149504272543	0.0140104486486	0.0343031480245	-0.0170087161447	-0.045360494307	0.00616652752161	-0.00260885002597
k__Bacteria;p__Bacteroidetes;c__Bacteroidia;o__Bacteroidales;f__Porphyromonadaceae;g__Parabacteroides;s__Parabacteroides_distasonis	-0.00721755827717	0.00756610609297	0.0254698434533	-0.0338029158624	-0.00737655590167	-0.0826597401574	-0.0532307605242	0.0191993951793	-0.013270143572	1.0	0.0145274000653	0.0266602000787	-0.0518889686654	-0.0630137925641	-0.0283207400632	0.0455259287604	0.0380217241037	0.0194635061729	0.0178699881479	0.00921756532559	0.0632226280186	0.00784990872901	-0.012210950419	-0.0159636208186	-0.00766459739249	0.000650009144332	-0.00404056500467	0.0149999928537	0.0698257551956	0.00554806853895	-0.0606423806356	0.00862171111908	0.00167412966036	-0.043539101644	-0.0649308843057	-0.0841521633193	-0.0509108783962	-0.00282705627418	-0.041798095094	-0.015356396031	0.016171267896	-0.0085748056051	-0.0630164332933	0.0362580835726	-0.0442170698311	-0.031146343415	-0.066318604009	-0.00344087569101	-0.0290585117524	0.054057475734	-0.0370692861434	0.00341265593105	0.0810674527656	-0.0164626104057	-0.0506481881896	0.0252880391009	-0.0308454335759	-0.00803501597746	-0.0336063912524
k__Bacteria;p__Bacteroidetes;c__Bacteroidia;o__Bacteroidales;f__Bacteroidaceae;g__Bacteroides;s__Bacteroides_thetaiotaomicron	0.0242556667626	0.0096641883476	0.012824007421	-0.0677503133872	-0.0729262175105	0.0369681339417	-0.0391780839248	0.0507465202701	-0.0211435185511	0.0145274000653	1.0	-0.00169399924354	0.0704950407443	-0.0715681295875	-0.0206143665244	0.0111134044282	-0.0130196990753	0.0166859283873	0.014209392546	-0.0224479377599	0.0111405121362	-0.0333330025236	-0.0491549318188	0.0638260236621	-0.0320209369201	0.0177323806854	-0.0293337337127	-0.0370697700533	-0.0457449989459	-0.00145455416253	0.037613188927	-0.0328948533978	0.00552431577813	-0.0058415612665	0.0199788450801	-0.00481982910162	-0.0733374918495	0.00100449552245	-0.00394117356218	-0.0222796977849	-0.0064260180237	-0.0310648187167	-0.0136413097353	0.00759145695776	-0.0218033403502	0.0236755530826	-0.0385191350492	-0.0266248754833	-0.0194401974223	-0.0234856378394	-0.0262343314805	-0.0474227101022	0.00684287096571	-0.019186985373	-0.0126150175859	0.0266177063531	0.0239193378545	-0.057727206956	0.0404500784938
k__Bacteria;p__Bacteroidetes;c__Bacteroidia;o__Bacteroidales;f__Bacteroidaceae;g__Bacteroides;s__Bacteroides_coprocola	0.00531821476368	-0.035065781755	0.0398211671223	-0.00914185489186	-0.0118650936157	0.00402973374756	-0.0271539085545	-0.00690704922136	-0.0205525602548	0.0266602000787	-0.00169399924354	1.0	0.0347910253795	-0.0418310841879	0.00535760462401	-0.0604077044344	0.0315221447359	-0.0292556301597	-0.0154578109537	-0.0646231962373	-0.0576258178894	-0.038572091141	-0.00645527875377	-0.0635367585684	-0.0198106579102	0.0132125417303	0.0564727304259	0.0440420563438	-0.0144137075947	-0.0708806210273	-0.03836416696	0.0555328102887	-0.0177824209174	0.00857016160962	0.013166512541	0.0511241646962	0.0124272316999	-0.0368370044831	0.0542341309663	-0.0515765071242	0.0220508356695	0.0760426197843	-0.0187911728959	-0.050979478635	-0.122307459373	-0.0415705072884	0.0432093609006	0.00611860273506	-0.0315365489782	0.0455880145889	-0.0457636828365	-0.00310909352835	0.0678753164272	-0.0604948826785	-0.100383326439	-0.0306455023685	-0.0063789897607	0.0456649397707	-0.0276849969191
k__Bacteria;p__Bacteroidetes;c__Bacteroidia;o__Bacteroidales;f__Bacteroidaceae;g__Bacteroides;s__Bacteroides_cellulosilyticus	0.0258267405975	-0.0653782667419	0.0289056035855	0.0306345837883	0.00458180334246	-0.00662887532857	0.013766336081	0.0658142190123	0.00810687613949	-0.0518889686654	0.0704950407443	0.0347910253795	1.0	0.00161881654072	0.0258072405952	-0.0470844177054	-0.0396111651156	0.0441701900317	0.0211484163795	-0.00223967627115	-0.0421004168261	0.010341337843	-0.0373532346502	-0.0138084196757	-0.030009622282	0.0666695281982	-0.0159850084092	-0.0158292342475	-0.0644971930269	-0.0071008534447	0.035572205348	-0.000695363169299	0.0323115065268	-0.0435199584154	-0.0253685246729	-0.0232976027623	-0.0747761039412	0.0571943055378	-0.00831180676075	0.00599072100966	-0.0504980764288	0.0062280272657	-0.00432766228655	0.00859663593101	-0.0466902607179	0.014320638787	-0.0600006756385	-0.01349679277	0.0150343801484	-0.064587660891	-0.0746559052279	-0.0591698615076	-0.050022347782	-0.0269863882638	-0.0650198582842	-0.0360346446689	-0.0219115769677	-0.00661715748614	0.0319745064029
k__Bacteria;p__Bacteroidetes;c__Bacteroidia;o__Bacteroidales;f__Rikenellaceae;g__Alistipes;s__Alistipes_obesi	0.0256200538248	-0.0248495618628	-0.0760070905936	0.0697276581668	0.0206462655954	-0.0967733965416	-0.0362350718648	-0.0262905697216	-0.0356408998525	-0.0630137925641	-0.0715681295875	-0.0418310841879	0.00161881654072	1.0	-0.028978757848	-0.00138428120996	-0.00305053688226	0.0177778021849	-0.0252342849742	0.00152208189951	-0.0452495928053	0.00623421258441	-0.0318051612209	0.0164489554682	0.0232172243513	0.0604763861217	0.0236006163307	-0.0808441571363	-0.00217249225267	-0.0237884040093	0.00418414330738	-0.0945004479481	0.0691948641111	-0.0743540866482	-0.0317771788718	-0.00444384595419	-0.0161019790839	-0.00502775429864	-0.0409161960262	0.0402880269622	0.0236098914609	-0.0443935295512	0.0477340890306	-0.0603558646207	-0.0315785897659	-0.0188331076973	0.0318696012286	0.0316941857883	-0.0166031671321	0.0328902619645	-0.0368830096641	-0.0194595013749	-0.014712651274	0.0366191791562	0.0283368508147	0.00255329496103	0.0144238332619	0.0635847584155	0.056914316164
k__Bacteria;p__Firmicutes;c__Clostridia;o__Clostridiales;f__Lachnospiraceae;g__;s__[Eubacterium]_rectale	-0.0146709233941	-0.0484618225432	0.0719895185201	0.0380897965328	0.0108621030214	-0.0515288844264	-0.0843076081063	-0.0385532749947	-0.0290032685432	-0.0283207400632	-0.0206143665244	0.00535760462401	0.0258072405952	-0.028978757848	1.0	0.016762513452	0.045167929743	-0.0704774599016	-0.00999060267322	-0.00206817707491	-0.0453584419367	-0.0773344926757	0.0233897384817	-0.0368214702852	-0.0682587560408	-0.0112528893367	-0.0180629076572	0.02854145821	-0.0657462278495	-0.0341281155516	-0.0327382489919	0.0298306776838	-0.0487645585897	-0.0269046305301	0.0022990608016	-0.00834818148931	-0.045670053191	0.0227269285302	-0.0136605222688	0.063990726888	-0.000293459081929	0.026088800083	-0.0145323968145	-0.00897448624821	-0.00490932735601	-0.00297048930813	0.0378707994228	-0.0360115123641	-0.00171434340656	-0.0425075485038	-0.0197015326741	-0.0175076981529	-0.00754275026897	-0.0178134998561	0.089840099958	0.0118087862452	0.0597820227148	2.63625381971e-05	-0.0673911351522
k__Bacteria;p__Bacteroidetes;c__Bacteroidia;o__Bacteroidales;f__Bacteroidaceae;g__Bacteroides;s__Bacteroides_plebeius	0.0197086423978	-0.00014122400069	0.00923429145701	0.0286713899327	0.0238547873806	-0.0293286698154	0.0172308448972	0.0410095979704	0.0369616930115	0.0455259287604	0.0111134044282	-0.0604077044344	-0.0470844177054	-0.00138428120996	0.016762513452	1.0	-0.0316625448654	0.0354069178878	-0.0264636648897	0.0490979549411	-0.00202455629861	0.0369754154312	0.0023943625512	0.0444254722438	0.00464177411004	-0.02003041281	-0.0413788462635	-0.0297741914002	-0.00934242473741	-0.0412258620345	0.00957089460549	-0.000980881558453	0.0218621269936	-0.0517465341906	-0.00414037742652	-0.0285519698814	-0.00050578393796	0.014447378637	0.0598750714118	-0.0707752677842	-0.0221030571268	-0.0765276454841	0.0212258355317	0.0291150593748	-0.022232347924	0.0652512961884	-0.00186887224649	-0.0349761210061	-0.0649852721392	0.042298001742	-0.063062340931	-0.0304778261287	-0.0330587689467	-0.0745540765396	0.00347367204777	-0.0434554550131	0.0334511307206	0.0344025265221	-0.0809872414391
k__Bacteria;p__Bacteroidetes;c__Bacteroidia;o__Bacteroidales;f__Bacteroidaceae;g__Bacteroides;s__Bacteroides_fragilis	-0.00812646835378	0.0308070457218	0.0229319997952	-0.0219744836723	0.0378459265148	-0.0338586009088	-0.0318059890365	-0.0533756037126	0.0101112974835	0.0380217241037	-0.0130196990753	0.0315221447359	-0.0396111651156	-0.00305053688226	0.045167929743	-0.0316625448654	1.0	0.0532163099297	-0.0327454568485	0.0140967840544	0.0114315705202	-0.0218518845888	-0.0383076263258	-0.0211594892653	0.0636805555347	0.0250199021954	0.00519324159105	0.0145821761899	0.000611366955567	-0.00140184563761	0.0132896325362	0.0584908674106	-0.0535626928674	-0.0156752027037	-0.00756602874704	-0.0238152418951	0.0442967680914	0.0390310547047	0.0178229792051	0.00112847887727	0.0332030937559	0.0339123961453	-0.0540193134846	-0.0438889256071	-0.0920523536671	-0.0199880488817	0.0147591468085	0.0510966845866	-0.0433171396313	-0.0532973953277	-0.0220654776105	0.0612485018588	0.0333116780153	-0.0186898365414	0.0185399723155	-0.0646301950348	-0.0203241157567	-0.0974062924617	0.0371425081858
k__Bacteria;p__Proteobacteria;c__Betaproteobacteria;o__Burkholderiales;f__Sutterellaceae;g__Sutterella;s__Sutterella_wadsworthensis	0.0418852642478	0.00794747884135	0.0277027644072	0.0276592809354	0.00645866422482	0.00973065892986	-0.0183689930364	0.0610932131901	-0.035825374665	0.0194635061729	0.0166859283873	-0.0292556301597	0.0441701900317	0.0177778021849	-0.0704774599016	0.0354069178878	0.0532163099297	1.0	0.00971728229557	0.00508226981454	-0.0422581490782	-0.0536446738566	-0.00937531934349	-0.0211442964823	-0.00254376494116	0.0785995352542	-0.0217539749554	0.00966103735733	-0.0022928298638	0.00916116527135	-0.0413179026575	-0.00696702407421	0.0613410240209	-0.0216107759794	-0.0178415467351	0.0153240745905	-0.00272950718804	-0.0207464278197	-0.101518230126	-0.00949363437187	-0.00950226900048	-0.00462710963723	-0.0357952371797	-0.0200959055087	0.0412656720076	-0.0282398870428	0.0324680397052	0.00946238681693	-0.0231149961351	0.00207734682788	0.0202998280688	-0.0792970743508	-0.0642448787505	-0.0589584395366	-0.0211391918635	0.0233262847391	-0.0707123576439	0.00127275643762	0.0277379697239
k__Bacteria;p__Bacteroidetes;c__Bacteroidia;o__Bacteroidales;f__Porphyromonadaceae;g__Barnesiella;s__Barnesiella_intestinihominis	-0.0543642540261	0.0342647376319	-0.0456203467949	-0.0202136908211	0.00923462141812	-0.0587634238626	0.0540263930382	0.0116268454824	-0.0400994371857	0.0178699881479	0.014209392546	-0.0154578109537	0.0211484163795	-0.0252342849742	-0.00999060267322	-0.0264636648897	-0.0327454568485	0.00971728229557	1.0	-0.054594883822	0.00915222538894	0.0402276055255	-0.0141646005263	-0.0603559002673	0.016666743237	-0.0214212122431	0.0881475020264	0.0355611733472	0.0371152032034	-0.0163895200811	-0.00602869087534	0.00127095363713	0.0176866301508	0.0581371181533	-0.0209910237002	0.00858265479996	-0.00666526626639	-0.0797494390572	0.0110179221135	0.00629674666185	-0.0263067955124	-0.0331711989525	0.0306524242617	-0.0413695748757	-0.0461186127036	-0.0767330811664	0.066219579293	-0.0414982438514	-0.0225077110257	-0.0103830822142	0.0401411632444	0.0450320406662	0.0143238188867	-0.00293211804698	-0.0100974362331	0.0557367117509	-0.00287111917754	-0.0393435408544	0.00402229738317
k__Bacteria;p__Bacteroidetes;c__Bacteroidia;o__Bacteroidales;f__Odoribacteraceae;g__Odoribacter;s__Odoribacter_splanchnicus	-0.0285653076576	-0.00916352609748	0.0499962351183	-0.123262139471	-0.0235012303852	-0.0290547144293	0.0529601299231	0.0718907113216	0.00846127122298	0.00921756532559	-0.0224479377599	-0.0646231962373	-0.00223967627115	0.00152208189951	-0.00206817707491	0.0490979549411	0.0140967840544	0.00508226981454	-0.054594883822	1.0	-0.0514880575142	0.02901212186	-0.0493264579651	-0.0411691848178	0.048351780547	0.0356275811835	-0.0518890555877	0.000703993980231	0.00862369928422	-0.00211230727414	-0.0782125055182	-0.0638264657261	0.0231680313283	-0.0140866389164	-0.011855211722	0.000438840376605	-0.0140667984183	-0.0118621818299	0.00523243622445	0.0347382013282	-0.00574103277807	0.0921462943354	-0.0340736083121	0.0222295819656	0.00101114369218	-0.0192836200596	-0.00920253216472	0.00626053471184	-0.0242761969112	0.0193422586923	0.0113034775614	-0.0230981037242	0.00377792248557	-0.0188911391133	-0.0666126561687	-0.0999194032379	-0.0618171454259	-0.0950250439844	0.040583324179
k__Bacteria;p__Bacteroidetes;c__Bacteroidia;o__Bacteroidales;f__Bacteroidaceae;g__Bacteroides;s__Bacteroides_salyersiae	-0.0250486381417	-0.00236423000437	-0.00757513269504	-0.0256031980966	-0.00232610912499	-0.0226595839564	-0.0485192062039	-0.0476984477436	-0.00186034777219	0.0632226280186	0.0111405121362	-0.0576258178894	-0.0421004168261	-0.0452495928053	-0.0453584419367	-0.00202455629861	0.0114315705202	-0.0422581490782	0.00915222538894	-0.0514880575142	1.0	-0.0126667172523	0.0681132999526	-0.0251899627454	0.0396091088151	-0.0662838065901	-0.00578186056492	0.0150385777124	-0.00450307860747	0.0157845396137	0.0159921142283	-0.0643815978559	-0.0240164166149	-0.0609186681427	0.0291299667387	-0.0729391846597	0.0568837602103	0.00728166225981	0.011797259283	0.131904480881	-0.0158853273504	0.0300321382476	-0.00978144781588	0.00384187526322	-0.0175918935273	0.00230657313494	-0.030379350042	0.00218457627581	-0.0587614713751	-0.01095527159	-0.007464252412	0.0183242550219	0.0620371699	-0.0158693398379	0.00343090522664	-0.00102053692332	0.0409631103335	-0.000512354749166	0.00407185301295
k__Bacteria;p__Firmicutes;c__Clostridia;o__Clostridiales;f__Ruminococcaceae;g__Ruminiclostridium;s__[Eubacterium]_siraeum	0.0316878881639	0.0394618981294	-0.0286531183496	-0.0120666179494	-0.00763660667649	0.0517160829532	0.0446427285897	-0.0146743554802	-0.0442037642744	0.00784990872901	-0.0333330025236	-0.038572091141	0.010341337843	0.00623421258441	-0.0773344926757	0.0369754154312	-0.0218518845888	-0.0536446738566	0.0402276055255	0.02901212186	-0.0126667172523	1.0	-0.00529540247304	-0.0381508234428	-0.0358652810049	-0.0261650590905	-0.0111090423669	0.0406674528095	-0.0240257705245	-0.0610608255184	0.0112850111928	-0.0735734442937	0.0413135188884	-0.0448866897285	0.027592011117	0.000181207875326	-0.00682890010913	-0.0134416208682	-0.0628013845407	0.0126656087083	-0.00225734966858	0.0427162373711	-0.00382477853445	0.00279370467709	-0.0338651471477	0.00606364718819	-0.052010523029	0.0211955221226	-0.0239362895861	0.0483429013611	-0.0202155697049	0.0125851456895	-0.0358660720385	-0.049698731709	-0.0210456208179	-0.0211941753517	-0.0140120656988	-0.0203662486991	-0.0162787274861
k__Bacteria;p__Proteobacteria;c__Betaproteobacteria;o__Burkholderiales;f__Sutterellaceae;g__Parasutterella;s__Parasutterella_excrementihominis	0.0222776650744	0.00464421132852	-0.0926007681276	-0.0418890549456	0.0354743803365	0.0162876353105	-0.0202727993021	0.00380935625336	-0.00506503083937	-0.012210950419	-0.0491549318188	-0.00645527875377	-0.0373532346502	-0.0318051612209	0.0233897384817	0.0023943625512	-0.0383076263258	-0.00937531934349	-0.0141646005263	-0.0493264579651	0.0681132999526	-0.00529540247304	1.0	-0.0250969768185	0.0194049444888	-0.0291609762998	-0.0565800179754	-0.0222334374194	0.0251386115088	0.0295327165222	-0.0189775329697	-0.0378694097304	-0.022233945405	-0.0304414748039	-0.0326025634408	-0.0325873716286	-0.0172812048992	-0.0276249850089	-0.0537802485309	0.00826185855115	-0.0470691146292	0.0211293374753	-0.0357922174711	-0.0252839174239	0.0160241941105	-0.0348075669384	0.0200129148857	-0.00807817308162	0.0214377354222	-0.000346108174875	-0.00285536948124	0.00226364357967	-0.0193143758202	0.00525557906467	0.0718374109601	0.0502021568876	0.0419511551891	-0.0396728686745	0.020253551724
k__Bacteria;p__Actinobacteria;c__Actinobacteria;o__Bifidobacteriales;f__Bifidobacteriaceae;g__Bifidobacterium;s__Bifidobacterium_adolescentis	-0.036720004837	0.0327540501424	0.000562162771868	0.0144159430681	-0.0249846909231	0.0328410982768	-0.0386059157362	0.00876846511925	-0.0398730130561	-0.0159636208186	0.0638260236621	-0.0635367585684	-0.0138084196757	0.0164489554682	-0.0368214702852	0.0444254722438	-0.0211594892653	-0.0211442964823	-0.0603559002673	-0.0411691848178	-0.0251899627454	-0.0381508234428	-0.0250969768185	1.0	0.0235766712824	0.0388595918269	0.0214132180056	-0.00974352985126	-0.0224624580294	-0.025405296409	-0.0430653328554	0.0336160623963	-0.028897471819	-0.0340441498652	-0.0105973517195	0.0148074967881	0.0125895372594	-0.0149939708792	-0.0402013538709	0.02570361338	-0.00642326994227	-0.0386292880496	-0.0325211830289	0.0624713460626	0.0914177414512	0.0268340159541	-0.0373798823876	0.0534679505709	-0.0344465730649	-0.000764819393982	-0.000648495978363	-0.00173016953578	-0.0393774149403	-0.0127829660621	-0.110256119259	-0.0457279746538	0.0430974648617	-0.00629220808174	-0.0645948671461
k__Bacteria;p__Firmicutes;c__Clostridia;o__Clostridiales;f__Oscillospiraceae;g__Oscillibacter;s__Oscillibacter_sp._KLE_1745	-0.0719697533142	-0.0110922458776	0.039079134851	-0.0272946569505	0.00203818344419	-0.0142563585819	0.0257619051051	-0.0566005106374	-0.0640147432618	-0.00766459739249	-0.0320209369201	-0.0198106579102	-0.030009622282	0.0232172243513	-0.0682587560408	0.00464177411004	0.0636805555347	-0.00254376494116	0.016666743237	0.048351780547	0.0396091088151	-0.0358652810049	0.0194049444888	0.0235766712824	1.0	-0.0572327922549	0.0391008991519	-0.0506812292758	0.0102306198003	7.75267038542e-05	0.00956940305954	0.0347959149782	-0.0355950766375	-0.0108136344251	0.0841378157838	-0.0391837962971	0.000736824385391	0.0245604191583	-0.0402473072762	-0.0515142175219	-0.0459639969965	0.0148866792474	0.0102396195611	-0.020504352219	-0.0396907415343	-0.0549048159809	0.0282148553517	0.0259607563708	0.00615499059216	-0.000399548452265	0.00526642893761	0.00373288509687	-0.0249623520748	0.0416115639161	-0.0205308774755	0.0452022014479	-0.000199982399374	-0.0122472791823	0.0446522453621
k__Bacteria;p__Bacteroidetes;c__Bacteroidia;o__Bacteroidales;f__Bacteroidaceae;g__Bacteroides;s__Bacteroides_coprophilus	-0.0201204571591	-0.0358315144453	0.00973399285367	-0.0310929361645	-0.0101227260266	-0.0297069389651	0.00498370985444	-0.0433656726048	0.0164698137866	0.000650009144332	0.0177323806854	0.0132125417303	0.0666695281982	0.0604763861217	-0.0112528893367	-0.02003041281	0.0250199021954	0.0785995352542	-0.0214212122431	0.0356275811835	-0.0662838065901	-0.0261650590905	-0.0291609762998	0.0388595918269	-0.0572327922549	1.0	0.0270021849118	0.0242622983546	-0.0903001370948	0.0294715140171	0.0203454566195	-0.033851824612	-0.0599790877891	-0.0443292783353	-0.0851685349002	-0.00718919748529	-0.00583583010641	0.0113560677386	-0.0588485728854	0.0738182884833	-0.0048243391982	-0.0768483796799	-0.0572038674537	-0.0419479623672	0.00127135043227	0.0585554773195	-0.0302787733167	0.0287705655475	0.0202342926348	-0.0183689669044	0.0412131471441	-0.0572358024212	0.0214097564615	0.0289397195467	0.00651501944846	0.0468528834797	-0.019777555209	0.0221543730129	-0.015545490557
k__Bacteria;p__Firmicutes;c__Clostridia;o__Clostridiales;f__Lachnospiraceae;g__Roseburia;s__Roseburia_intestinalis	-0.0143902149619	-0.0640842142542	-0.0314346269885	-0.0556498851373	-0.0575458676127	-0.0498090300014	-0.088606713786	0.0986014418655	0.00029559362334	-0.00404056500467	-0.0293337337127	0.0564727304259	-0.0159850084092	0.0236006163307	-0.0180629076572	-0.0413788462635	0.00519324159105	-0.0217539749554	0.0881475020264	-0.0518890555877	-0.00578186056492	-0.0111090423669	-0.0565800179754	0.0214132180056	0.0391008991519	0.0270021849118	1.0	-0.0400833657839	-0.0668499351665	-0.0380774014647	-0.0130674154586	-0.0546776690378	-0.072433068675	0.0117651186913	-0.0440582445563	0.0693528008839	-0.0176338536778	-0.0174106589619	0.0274341140277	0.0275182417758	-0.0301920066783	0.0287916028385	0.019657041448	-0.0323539524868	-0.00824301854449	-0.0180706605937	-0.0210399590373	-0.0706512568044	-0.102214926071	-0.00459313874436	0.0160364812891	0.0537516067721	-0.0842975425406	-0.00480809764733	-0.00320826346602	0.0360061837907	-0.0203243329006	-0.0206337295242	-0.000979420812859
k__Bacteria;p__Firmicutes;c__Clostridia;o__Clostridiales;f__Lachnospiraceae;g__Roseburia;s__Roseburia_hominis	-0.0109388571592	-0.014312796857	0.058487476296	-0.0147898672693	0.00885899048742	-0.0798672424915	-0.0361735825336	-0.0299503031373	-0.0726279788951	0.0149999928537	-0.0370697700533	0.0440420563438	-0.0158292342475	-0.0808441571363	0.02854145821	-0.0297741914002	0.0145821761899	0.00966103735733	0.0355611733472	0.000703993980231	0.0150385777124	0.0406674528095	-0.0222334374194	-0.00974352985126	-0.0506812292758	0.0242622983546	-0.0400833657839	1.0	0.0358489630104	0.0103021007225	-0.0303845545274	0.0274122089127	0.0295861165587	0.0243071864232	-0.0526358082068	-0.00735775322307	-0.0629127570128	-0.0165803397163	0.0453644585	-0.00145794525472	0.00666202956454	-0.0236782888676	-0.0550960753617	0.0535098994009	-0.0351779078351	0.0165165956474	-0.0235499050768	-0.0680033538188	-0.0160000906226	0.00453715669641	-0.0112761719701	-0.0142252089529	0.0542175617357	-0.070696639653	0.0451489441665	0.0171141703422	0.0427735039824	-0.0241223605534	-0.028269932329
k__Bacteria;p__Bacteroidetes;c__Bacteroidia;o__Bacteroidales;f__Porphyromonadaceae;g__Parabacteroides;s__Parabacteroides_johnsonii	-0.0888938402783	0.0377784369889	-0.0454277506008	-0.0871750144951	0.0162992712737	-0.00639341954648	0.0109718591653	-0.0140271061896	0.0643287672219	0.0698257551956	-0.0457449989459	-0.0144137075947	-0.0644971930269	-0.00217249225267	-0.0657462278495	-0.00934242473741	0.000611366955567	-0.0022928298638	0.0371152032034	0.00862369928422	-0.00450307860747	-0.0240257705245	0.0251386115088	-0.0224624580294	0.0102306198003	-0.0903001370948	-0.0668499351665	0.0358489630104	1.0	-0.0294258979242	-0.030383215985	-0.00627553563466	-0.0375412168855	0.0214809168112	-0.0231816603933	-0.0276265359471	0.0430749362717	-0.0130173875313	0.056456349976	-0.0441191630305	-0.0222265615006	0.0405717256125	-0.0402941731367	-0.0240554840578	-0.0103683511843	-0.0181164331609	0.0129941970832	0.00650410726545	-0.00693643640215	-0.0587681926295	-0.01031573478	0.0020443906621	0.0053057959528	-0.0494072685781	0.0460732896788	0.0272413439551	-0.0489384280565	0.0609642770413	0.0728138273362
k__Bacteria;p__Actinobacteria;c__Actinobacteria;o__Bifidobacteriales;f__Bifidobacteriaceae;g__Bifidobacterium;s__Bifidobacterium_longum	-0.0169886888873	0.00187627068118	-0.010023695135	-0.0487222002263	0.0668793970591	0.0393025782884	-0.0287955757795	0.0140309691818	0.0526844782498	0.00554806853895	-0.00145455416253	-0.0708806210273	-0.0071008534447	-0.0237884040093	-0.0341281155516	-0.0412258620345	-0.00140184563761	0.00916116527135	-0.0163895200811	-0.00211230727414	0.0157845396137	-0.0610608255184	0.0295327165222	-0.025405296409	7.75267038541e-05	0.0294715140171	-0.0380774014647	0.0103021007225	-0.0294258979242	1.0	-0.0543971026357	-0.030570662643	-0.00883799877491	0.00663079011515	0.0393784649282	0.00367865415094	-0.0737861379145	-0.0602220090462	0.0867279999663	0.0303199574583	0.0401979323463	-0.0585565287616	-0.0483118851286	-0.0149798023588	-0.0668687598275	-0.0343091884344	-0.00143709919754	-0.0234515814583	0.00634649251906	0.0273582633767	0.0131028023704	0.0191827777192	-0.0271331526336	0.0178154265725	0.0209100361373	-0.0410421724247	-0.0505921738769	0.00993104329656	0.0154785177618
