#taxonomy	k__Bacteria;p__Bacteroidetes;c__Bacteroidia;o__Bacteroidales;f__Bacteroidaceae;g__Bacteroides;s__Bacteroides_vulgatus	k__Bacteria;p__Bacteroidetes;c__Bacteroidia;o__Bacteroidales;f__Bacteroidaceae;g__Bacteroides;s__Bacteroides_uniformis	k__Bacteria;p__Bacteroidetes;c__Bacteroidia;o__Bacteroidales;f__Rikenellaceae;g__Alistipes;s__Alistipes_putredinis	k__Bacteria;p__Bacteroidetes;c__Bacteroidia;o__Bacteroidales;f__Prevotellaceae;g__Prevotella;s__Prevotella_copri	k__Bacteria;p__Bacteroidetes;c__Bacteroidia;o__Bacteroidales;f__Bacteroidaceae;g__Bacteroides;s__Bacteroides_stercoris	k__Bacteria;p__Bacteroidetes;c__Bacteroidia;o__Bacteroidales;f__Bacteroidaceae;g__Bacteroides;s__Bacteroides_ovatus	k__Bacteria;p__Bacteroidetes;c__Bacteroidia;o__Bacteroidales;f__Rikenellaceae;g__Alistipes;s__Alistipes_shahii	k__Bacteria;p__Firmicutes;c__Clostridia;o__Clostridiales;f__Ruminococcaceae;g__Faecalibacterium;s__Faecalibacterium_prausnitzii	k__Bacteria;p__Bacteroidetes;c__Bacteroidia;o__Bacteroidales;f__Rikenellaceae;g__Alistipes;s__Alistipes_finegoldii	k__Bacteria;p__Bacteroidetes;c__Bacteroidia;o__Bacteroidales;f__Porphyromonadaceae;g__Parabacteroides;s__Parabacteroides_distasonis	k__Bacteria;p__Bacteroidetes;c__Bacteroidia;o__Bacteroidales;f__Bacteroidaceae;g__Bacteroides;s__Bacteroides_thetaiotaomicron	k__Bacteria;p__Bacteroidetes;c__Bacteroidia;o__Bacteroidales;f__Bacteroidaceae;g__Bacteroides;s__Bacteroides_coprocola	k__Bacteria;p__Bacteroidetes;c__Bacteroidia;o__Bacteroidales;f__Bacteroidaceae;g__Bacteroides;s__Bacteroides_cellulosilyticus	k__Bacteria;p__Bacteroidetes;c__Bacteroidia;o__Bacteroidales;f__Rikenellaceae;g__Alistipes;s__Alistipes_obesi	k__Bacteria;p__Firmicutes;c__Clostridia;o__Clostridiales;f__Lachnospiraceae;g__;s__[Eubacterium]_rectale	k__Bacteria;p__Bacteroidetes;c__Bacteroidia;o__Bacteroidales;f__Bacteroidaceae;g__Bacteroides;s__Bacteroides_plebeius	k__Bacteria;p__Bacteroidetes;c__Bacteroidia;o__Bacteroidales;f__Bacteroidaceae;g__Bacteroides;s__Bacteroides_fragilis	k__Bacteria;p__Proteobacteria;c__Betaproteobacteria;o__Burkholderiales;f__Sutterellaceae;g__Sutterella;s__Sutterella_wadsworthensis	k__Bacteria;p__Bacteroidetes;c__Bacteroidia;o__Bacteroidales;f__Porphyromonadaceae;g__Barnesiella;s__Barnesiella_intestinihominis	k__Bacteria;p__Bacteroidetes;c__Bacteroidia;o__Bacteroidales;f__Odoribacteraceae;g__Odoribacter;s__Odoribacter_splanchnicus	k__Bacteria;p__Bacteroidetes;c__Bacteroidia;o__Bacteroidales;f__Bacteroidaceae;g__Bacteroides;s__Bacteroides_salyersiae	k__Bacteria;p__Firmicutes;c__Clostridia;o__Clostridiales;f__Ruminococcaceae;g__Ruminiclostridium;s__[Eubacterium]_siraeum	k__Bacteria;p__Proteobacteria;c__Betaproteobacteria;o__Burkholderiales;f__Sutterellaceae;g__Parasutterella;s__Parasutterella_excrementihominis	k__Bacteria;p__Actinobacteria;c__Actinobacteria;o__Bifidobacteriales;f__Bifidobacteriaceae;g__Bifidobacterium;s__Bifidobacterium_adolescentis	k__Bacteria;p__Firmicutes;c__Clostridia;o__Clostridiales;f__Oscillospiraceae;g__Oscillibacter;s__Oscillibacter_sp._KLE_1745	k__Bacteria;p__Bacteroidetes;c__Bacteroidia;o__Bacteroidales;f__Bacteroidaceae;g__Bacteroides;s__Bacteroides_coprophilus	k__Bacteria;p__Firmicutes;c__Clostridia;o__Clostridiales;f__Lachnospiraceae;g__Roseburia;s__Roseburia_intestinalis	k__Bacteria;p__Firmicutes;c__Clostridia;o__Clostridiales;f__Lachnospiraceae;g__Roseburia;s__Roseburia_hominis	k__Bacteria;p__Bacteroidetes;c__Bacteroidia;o__Bacteroidales;f__Porphyromonadaceae;g__Parabacteroides;s__Parabacteroides_johnsonii	k__Bacteria;p__Actinobacteria;c__Actinobacteria;o__Bifidobacteriales;f__Bifidobacteriaceae;g__Bifidobacterium;s__Bifidobacterium_longum	k__Bacteria;p__Firmicutes;c__Clostridia;o__Clostridiales;f__;g__Flavonifractor;s__Flavonifractor_plautii	k__Bacteria;p__Firmicutes;c__Clostridia;o__Clostridiales;f__Clostridiaceae;g__Clostridium;s__Clostridium_phoceensis	k__Bacteria;p__Verrucomicrobia;c__Verrucomicrobiae;o__Verrucomicrobiales;f__Akkermansiaceae;g__Akkermansia;s__Akkermansia_muciniphila	k__Bacteria;p__Bacteroidetes;c__Bacteroidia;o__Bacteroidales;f__Prevotellaceae;g__Paraprevotella;s__Paraprevotella_xylaniphila	k__Bacteria;p__Firmicutes;c__Clostridia;o__Clostridiales;f__Ruminococcaceae;g__Ruminococcus;s__Ruminococcus_callidus	k__Bacteria;p__Bacteroidetes;c__Bacteroidia;o__Bacteroidales;f__Rikenellaceae;g__Alistipes;s__Alistipes_senegalensis	k__Bacteria;p__Firmicutes;c__Clostridia;o__Clostridiales;f__Lachnospiraceae;g__Blautia;s__Blautia_sp._KLE_1732	k__Bacteria;p__Bacteroidetes;c__Bacteroidia;o__Bacteroidales;f__Bacteroidaceae;g__Bacteroides;s__Bacteroides_oleiciplenus	k__Bacteria;p__Firmicutes;c__Clostridia;o__Clostridiales;f__Ruminococcaceae;g__Ruminococcus;s__Ruminococcus_bicirculans	k__Bacteria;p__Bacteroidetes;c__Bacteroidia;o__Bacteroidales;f__Bacteroidaceae;g__Bacteroides;s__Bacteroides_fluxus	k__Bacteria;p__Bacteroidetes;c__Bacteroidia;o__Bacteroidales;f__Prevotellaceae;g__Prevotella;s__Prevotella_stercorea	k__Bacteria;p__Firmicutes;c__Clostridia;o__Clostridiales;f__Lachnospiraceae;g__Dorea;s__Dorea_longicatena	k__Bacteria;p__Firmicutes;c__Clostridia;o__Clostridiales;f__Eubacteriaceae;g__Eubacterium;s__[Eubacterium]_eligens	k__Bacteria;p__Firmicutes;c__Clostridia;o__Clostridiales;f__Ruminococcaceae;g__;s__Ruminococcaceae_bacterium_D16	k__Bacteria;p__Firmicutes;c__Clostridia;o__Clostridiales;f__Lachnospiraceae;g__Coprococcus;s__Coprococcus_comes	k__Bacteria;p__Proteobacteria;c__Gammaproteobacteria;o__Enterobacterales;f__Enterobacteriaceae;g__Escherichia;s__Escherichia_coli	k__Bacteria;p__Firmicutes;c__Clostridia;o__Clostridiales;f__Ruminococcaceae;g__Anaerotruncus;s__Anaerotruncus_colihominis	k__Bacteria;p__Firmicutes;c__Clostridia;o__Clostridiales;f__Lachnospiraceae;g__Blautia;s__Blautia_obeum	k__Bacteria;p__Bacteroidetes;c__Bacteroidia;o__Bacteroidales;f__Odoribacteraceae;g__Odoribacter;s__Odoribacter_laneus	k__Bacteria;p__Firmicutes;c__Clostridia;o__Clostridiales;f__Ruminococcaceae;g__Ruminiclostridium;s__[Clostridium]_leptum	k__Bacteria;p__Bacteroidetes;c__Bacteroidia;o__Bacteroidales;f__Porphyromonadaceae;g__Parabacteroides;s__Parabacteroides_goldsteinii	k__Bacteria;p__Firmicutes;c__Clostridia;o__Clostridiales;f__Lachnospiraceae;g__Anaerostipes;s__Anaerostipes_hadrus	k__Bacteria;p__Firmicutes;c__Clostridia;o__Clostridiales;f__Ruminococcaceae;g__Ruminococcus;s__Ruminococcus_lactaris	k__Bacteria;p__Firmicutes;c__Clostridia;o__Clostridiales;f__Clostridiaceae;g__Clostridium;s__Clostridium_sp._L2-50	k__Bacteria;p__Firmicutes;c__Clostridia;o__Clostridiales;f__Clostridiaceae;g__Clostridium;s__Clostridium_sp._M62/1	k__Bacteria;p__Firmicutes;c__Clostridia;o__Clostridiales;f__;g__Intestinimonas;s__Intestinimonas_butyriciproducens	k__Bacteria;p__Actinobacteria;c__Actinobacteria;o__Bifidobacteriales;f__Bifidobacteriaceae;g__Bifidobacterium;s__Bifidobacterium_bifidum	k__Bacteria;p__Firmicutes;c__Negativicutes;o__Veillonellales;f__Veillonellaceae;g__Dialister;s__Dialister_invisus	k__Bacteria;p__Bacteroidetes;c__Bacteroidia;o__Bacteroidales;f__Bacteroidaceae;g__Bacteroides;s__Bacteroides_salanitronis
k__Bacteria;p__Bacteroidetes;c__Bacteroidia;o__Bacteroidales;f__Bacteroidaceae;g__Bacteroides;s__Bacteroides_vulgatus	1.0	-0.000442180383199	-0.0384077874926	0.0397254987008	0.052960323997	0.00731968181428	-0.0734387186313	-0.0456490075885	-0.0398689347583	0.0207426069645	-0.101468391663	0.00250927811244	0.041595231296	0.0356214892135	-0.00837551498783	0.0821142363982	0.0567475500782	-0.0196896620178	0.00858845266809	-0.0211639206799	0.0166302350227	-0.0258779390818	-0.0718731432402	-0.0177900067324	-0.00118871894165	-0.0557865466368	-0.000873574593776	-0.0159564354967	-0.0191803483972	-0.0583695389538	0.00553789425838	0.0297322332565	0.0097009573032	-0.0280627021845	0.0944964808538	0.00673209896268	0.00569138523061	-0.0538655883545	0.056349985385	-0.00187565408839	0.0397374569458	-0.0506802461768	0.0273089827492	-0.0394402139511	0.00412992547793	-0.0171054097716	-0.0041082447185	0.0800807437366	-0.0452094428669	0.0264847472438	-0.00373516175199	-0.064059473234	-0.0186669935712	0.0537365467627	0.022161459143	-0.0587238816579	-0.0210577313801	0.0025159927472	-0.0898612343695
k__Bacteria;p__Bacteroidetes;c__Bacteroidia;o__Bacteroidales;f__Bacteroidaceae;g__Bacteroides;s__Bacteroides_uniformis	-0.000442180383199	1.0	-0.0335605232961	0.0690472179806	-0.0039527660173	-0.089889394442	0.0707714215604	0.00188803334802	-0.0338677322671	-0.0215229431837	-0.00401976466718	-0.00413548686858	-0.105355145447	-0.010971226162	-0.0394023752976	-0.0308012188969	-0.0186335028695	0.00108786929914	0.022763444681	0.0164103652159	-0.0378343571695	-0.0529650095528	-0.0322690782241	0.0104970824378	0.0263562856597	0.000651474990892	-0.0297556236779	-0.00119454185658	-0.0647018838971	-0.0148108929114	-0.007627307894	-0.0260959899382	0.0694663993766	0.0632321235089	-0.0727095296802	0.0585734780227	-0.030267232219	-0.00747682473322	-0.031195703672	-0.0435831474281	0.000156971142831	-0.0770042778182	-0.0284025844328	0.0628513466295	-0.0607155281469	-0.0170433946514	-0.0186820540699	-0.0734890716612	0.013890673675	0.0178313965714	0.00788687334318	-0.0683319581582	-0.0274144414891	0.0252401527327	0.019658209761	0.000760804465176	-0.0557758924015	0.0333013650966	-0.0880641264149
k__Bacteria;p__Bacteroidetes;c__Bacteroidia;o__Bacteroidales;f__Rikenellaceae;g__Alistipes;s__Alistipes_putredinis	-0.0384077874926	-0.0335605232961	1.0	-0.0719473165357	0.0138754613949	-0.0311952110388	-0.0603938098496	0.0115172339305	-0.0361299418327	-0.0533362865555	-0.057815907294	0.0112222037013	-0.0181033947188	-0.0151024306285	0.0565288443323	-0.0115195602106	-0.0538885165546	-0.0678525433486	-0.0260710232759	-0.0310100330883	-0.0356370865439	-0.0492416277333	0.0980242401949	0.0167042629971	-0.0176305169886	-0.0122062728821	0.0315950728067	0.0399806786649	-0.0252481784082	0.0822127359032	0.00593460875036	0.054949831742	-0.0695048019535	-0.00608074432776	-0.0408987227783	0.0466205109833	0.061291214704	-0.00151414513283	-0.0405697494932	-0.0124951794307	0.0268696090499	-0.0731207401664	0.000301051544149	0.0541733475498	-0.100665321785	-0.0527965682322	0.0683208652492	-0.0137534883706	-0.0292876555036	0.000730873900894	0.0165690964041	-0.0303893634414	-0.00663855759103	-0.0021778373785	0.00269091837833	-0.0459948159454	-0.0258353133075	-0.0351785770127	-0.0066876778107
k__Bacteria;p__Bacteroidetes;c__Bacteroidia;o__Bacteroidales;f__Prevotellaceae;g__Prevotella;s__Prevotella_copri	0.0397254987008	0.0690472179806	-0.0719473165357	1.0	0.00299695480316	0.0121442105715	-0.0654269752331	0.0532878816872	0.00185413079152	-0.0103418198559	-0.00809476917189	0.0220717849779	-0.0330274832084	-0.0916988722352	0.0414790096686	0.01881102093	0.00148268419211	-0.0320638137532	-0.038249096809	-0.0784033098429	-0.00408230508812	0.00152825119177	-0.00670343380544	-0.0112385720267	-0.0554137814604	0.0157281682166	-0.0157492652908	-0.0128077451474	0.0106481814937	-0.0400649974657	0.00291536664437	-0.0416627155739	0.057941733212	-0.0181429200934	-0.0356436322633	-0.00363244256026	-0.068784558285	0.0584725361129	0.0485216318698	-0.00431194313761	-0.0109284121883	-0.0109634438898	0.0125908244754	-0.00611369794363	-0.0477193500522	-0.0713192943783	0.00105907042213	-0.039754389212	0.0233178365608	0.0424591002842	-0.0286442289403	-0.0434946048917	0.0167349525377	-0.0138107708717	-0.0374879699411	-0.0159069496288	-0.0645715281394	-0.0358485087506	-0.00325441077779
k__Bacteria;p__Bacteroidetes;c__Bacteroidia;o__Bacteroidales;f__Bacteroidaceae;g__Bacteroides;s__Bacteroides_stercoris	0.052960323997	-0.0039527660173	0.0138754613949	0.00299695480316	1.0	0.0194658759081	-0.0252378467404	0.0261966515109	-0.0151925150662	-0.0019492475288	-0.0416512136276	-0.00889579102222	-0.06862443989	0.0369735957804	-0.0565611940715	-0.038691042337	0.0452051467364	-0.00266594612684	0.0102137310242	0.0486433807927	0.061947458812	-0.00232306158722	-0.000679218495974	-0.023025621149	-0.0171675501548	0.0222454594541	-0.0688988619094	-0.00906439493469	0.00600621509327	-0.00320392321077	0.00277715089877	0.0252936857115	-0.0334417831691	-0.0522749219275	-0.0573880552173	-0.0691709403858	-0.0151212229192	-0.0828107409104	-0.0195005749026	-0.0775673876677	-0.0131717373985	0.0140705760991	-0.00317874698567	-0.0050483862928	-0.00179591260606	0.0269511819821	0.0316758914402	-0.0174874674071	-0.0711147715302	-0.00157894540048	0.0231514768475	0.00755278699582	0.0322816771912	-0.00189017543783	-0.0491899000786	-0.0185780498682	-0.0232351865644	0.00295398408161	0.0739115353596
k__Bacteria;p__Bacteroidetes;c__Bacteroidia;o__Bacteroidales;f__Bacteroidaceae;g__Bacteroides;s__Bacteroides_ovatus	0.00731968181428	-0.089889394442	-0.0311952110388	0.0121442105715	0.0194658759081	1.0	-0.0487145264371	-0.0417183591728	-0.0425594938071	0.0292274778817	-0.0180422814233	-0.0167968134911	0.0167572031863	0.00847794448558	0.00019100839437	0.0171966846513	0.0218362645967	-0.0115205150309	0.00404932228281	-0.040494531243	-0.0767923931679	-0.0280289291736	-0.00529248193923	0.00429116400938	0.0283163947033	-0.011015670066	-0.0225223473933	0.00563346047107	-0.0113525505087	-0.0395255326627	-0.0185005245807	0.0119111718881	-0.0787829690402	-0.0298024925947	-0.0110248766682	0.0339101707343	-0.00966080995678	0.0252641918254	0.0391031630288	-0.0917115711073	-0.0530143698702	0.0108215583616	0.00192038197944	-0.0201479451945	-0.00388070473201	-0.00998818666576	-0.010503930305	-0.00308796449993	-0.0190703047598	-0.0274754283476	-0.0286090185509	0.0636701413696	-0.0400347278308	-0.0355035103668	0.000912207240685	-0.0375921856724	0.00737586841726	-0.0250525365115	0.0381718455867
k__Bacteria;p__Bacteroidetes;c__Bacteroidia;o__Bacteroidales;f__Rikenellaceae;g__Alistipes;s__Alistipes_shahii	-0.0734387186313	0.0707714215604	-0.0603938098496	-0.0654269752331	-0.0252378467404	-0.0487145264371	1.0	-0.0538056965109	0.0432033861612	0.0154955717747	-0.0853389875789	0.0449942569869	0.00781977939773	-0.0508444205164	-0.00367976134298	0.00726597124288	-0.00867140121866	-0.0164156261876	0.0245150296907	0.0167025822378	0.00194550600792	0.0396863552503	-0.0665963740774	-0.0920129049062	0.0256299595118	-0.051079749679	-0.0407359626609	-0.0197251441638	-0.00998002776901	-0.0132937102745	-0.0226035675797	0.0061270846157	-0.0108892611215	-0.0406148505303	0.0492610244565	0.0407602414906	-0.0329773826339	0.0432742973759	0.0584677847684	-0.0390805684156	0.0361669310966	-0.020784171476	-0.0442143743798	-0.0260924699975	0.015995268141	-0.00469440751579	-0.0670052084685	0.0825677157485	-0.000615272702384	-0.0139618479653	0.0908098824598	-0.029717100735	-0.0699998227691	-0.0498197867545	-0.0191900157107	-0.00406745970111	-0.0627037077619	0.0310236718277	-0.0272420730514
k__Bacteria;p__Firmicutes;c__Clostridia;o__Clostridiales;f__Ruminococcaceae;g__Faecalibacterium;s__Faecalibacterium_prausnitzii	-0.0456490075885	0.00188803334802	0.0115172339305	0.0532878816872	0.0261966515109	-0.0417183591728	-0.0538056965109	1.0	-0.0142088341129	0.0393489661762	-0.0417705225946	-0.00998276422856	0.0439376854081	-0.0149508280513	-0.0452244746954	-0.0454294746059	0.0257772095462	-0.0496493177638	-0.0329038126785	0.033341610719	0.00161924535116	-0.0628179208055	0.0136649320332	-0.0678910233171	-0.0217432464993	0.0662483889911	-0.0311821772314	0.0304537162885	-0.00437470340994	0.0112188844513	-0.0097073526324	-0.020475109028	-0.00398671330589	0.0173850622167	-0.074542341488	-0.0120995931088	0.0554072132239	-0.0768699745361	1.58292889268e-05	0.0519011577623	-0.0288773003724	0.0143623735735	0.00590863462234	-0.0147707977348	3.69968645295e-05	-0.0166222739222	-0.0112880280503	0.0103688112649	0.0129686364504	-0.0468657706216	0.00241755542415	-0.066918386621	-0.00874299124608	0.012758040937	0.0449805542768	0.0235322374617	0.066223462837	-0.00817366209159	-0.0418551844373
k__Bacteria;p__Bacteroidetes;c__Bacteroidia;o__Bacteroidales;f__Rikenellaceae;g__Alistipes;s__Alistipes_finegoldii	-0.0398689347583	-0.0338677322671	-0.0361299418327	0.00185413079152	-0.0151925150662	-0.0425594938071	0.0432033861612	-0.0142088341129	1.0	-0.0584025812701	-0.0132299745987	0.0227394994859	-0.00909468870308	0.0620178006122	-0.059747508048	-0.00507842352077	0.0184226761466	-0.0597188471441	0.0147155321212	-0.0627944887892	-0.0767537970277	-0.00980275756955	-0.0367906179934	0.0108769105816	0.0285065406202	-0.015268025397	-0.0519617497737	0.0073195885851	-0.0166600564312	0.0260534525609	-0.00546539133174	-0.00991401933222	-0.0170960953752	-0.0148408334253	-0.0106655148384	-0.0205031164496	0.0379957877684	0.0206395631748	-0.00180743707683	-0.0406844241923	0.0684907480946	0.0476552531055	-0.0520879817843	-0.00692464513645	0.067362194027	-0.0202848495351	0.0139423882453	0.116572037528	-0.000479807558729	-0.00949421023798	-0.0710602664587	-0.0431303010673	-0.0726022424534	-0.057561847641	-0.0447128926203	-0.0524283242158	0.022975835252	0.00455559446941	-0.0689972177893
k__Bacteria;p__Bacteroidetes;c__Bacteroidia;o__Bacteroidales;f__Porphyromonadaceae;g__Parabacteroides;s__Parabacteroides_distasonis	0.0207426069645	-0.0215229431837	-0.0533362865555	-0.0103418198559	-0.0019492475288	0.0292274778817	0.0154955717747	0.0393489661762	-0.0584025812701	1.0	0.0221778443998	-0.00833434457092	-0.021789649635	-0.0336514000259	-0.00882980108932	-0.00801492992168	0.00249561379532	0.0372900655835	-0.00942014789228	-0.0605405163263	-0.0578100901512	-0.0342959971578	0.0204450924219	-0.0475365314522	0.0128141845025	0.00254205661744	-0.0127938096431	0.0237378910808	0.0295905940901	0.00191663488772	0.0102806575871	-0.0338838049126	0.0218883151665	-0.033087774023	0.00555790580737	-0.0344520053198	-0.073155969004	0.0447418899907	0.0203698246986	-0.000508989564027	0.037160049563	0.0223055670801	-0.0337211624233	-0.0689459364844	0.0182588078142	0.0472178525458	-0.00109494074857	-0.0564791898251	0.0515925512056	0.0157537133734	0.003753132292	-0.0161796315218	-0.0455629605763	0.00605190348286	0.0392681002024	-0.0463907686997	0.0363224091506	-0.00997917382134	0.00116508668888
k__Bacteria;p__Bacteroidetes;c__Bacteroidia;o__Bacteroidales;f__Bacteroidaceae;g__Bacteroides;s__Bacteroides_thetaiotaomicron	-0.101468391663	-0.00401976466718	-0.057815907294	-0.00809476917189	-0.0416512136276	-0.0180422814233	-0.0853389875789	-0.0417705225946	-0.0132299745987	0.0221778443998	1.0	0.00676331400415	-0.063822730712	-0.0584845842218	-0.083684933823	-0.0146907774197	-0.0280003648058	0.045634404488	-0.00942401831573	0.0142030900085	0.0160408193872	-0.00605290515973	0.00768050753102	2.74158711454e-05	0.0394051801171	-0.0585823963559	0.023315315191	-0.0308209877551	0.0224163651889	-0.00126433537041	0.00811864059562	-0.0370007971423	-0.0478425319536	0.0422151692198	-0.0171585954131	-0.0329683447299	0.021278191093	-0.0215523149994	-0.0248794686078	-0.0235173285944	-0.0191304119124	0.0249099930376	0.00688710523873	0.0416599746818	0.0375117138421	-0.0260088313552	-0.0141888421861	-0.0224125378796	-0.0254577460809	-0.0360850031917	0.0381653718429	0.0429752335958	-0.00209552588827	-0.0117554644543	-0.0358979518963	-0.00627974378216	-0.0085686006579	-0.0191438346238	0.0576885065819
k__Bacteria;p__Bacteroidetes;c__Bacteroidia;o__Bacteroidales;f__Bacteroidaceae;g__Bacteroides;s__Bacteroides_coprocola	0.00250927811244	-0.00413548686858	0.0112222037013	0.0220717849779	-0.00889579102222	-0.0167968134911	0.0449942569869	-0.00998276422856	0.0227394994859	-0.00833434457092	0.00676331400415	1.0	-0.010411357725	-0.0415108371483	0.0168749685444	-0.0326802364733	0.0232486119346	-0.0157109326787	-0.0340649540077	0.044674532044	-0.0400309822479	-0.013206383913	-0.0527660174608	-0.00563846741982	-0.0414496838733	-0.00464817413441	-0.0133031081592	0.0107835994755	-0.0148209073496	-0.0341327839994	0.0292988064556	0.0212188900361	-0.0540931591434	-0.0916433835362	-0.0259698068805	0.0386811967945	-0.0757834111858	-0.0344847537514	-0.0460758481096	-0.00835355494724	-0.00748367848327	0.0368134289932	-0.00334989593451	-0.00749166251698	0.0252567213231	-0.017748454766	-0.0223977016449	0.0523441759504	-0.02487983652	0.0453675192317	0.0152869588808	-0.0157050062074	-0.0353883071137	-0.0665976486506	0.0564440179114	-0.0539255024247	0.0202193325969	-0.0262223114919	-0.0269378647178
k__Bacteria;p__Bacteroidetes;c__Bacteroidia;o__Bacteroidales;f__Bacteroidaceae;g__Bacteroides;s__Bacteroides_cellulosilyticus	0.041595231296	-0.105355145447	-0.0181033947188	-0.0330274832084	-0.06862443989	0.0167572031863	0.00781977939773	0.0439376854081	-0.00909468870308	-0.021789649635	-0.063822730712	-0.010411357725	1.0	-0.0121314525924	-0.0209565287407	-0.0560939491605	-0.0356717480144	0.0168218213622	-0.00590956687815	0.0138636219623	-0.0400418052862	-0.0843433212568	0.0195933818157	-0.0186513916207	0.023916376579	-0.0445820429887	0.0521789475109	-0.0399230665425	-0.0320928288835	-0.0166885377035	0.00458709563379	-0.0490637906229	-0.00205829502348	-0.0205161327399	-0.0134975754678	-0.0340883183667	0.0381369767719	-0.0457463937441	0.0236376761247	0.0995993160548	0.00531143966578	-0.0243180971729	-0.0075635395859	0.0641688128658	-0.0374003115023	0.064447763168	0.00942425091849	-0.0612012831167	-0.00463266592911	-0.0129007650894	-0.0084417349316	0.0162972384596	-0.033561679894	0.0633742383892	0.0646225056942	0.0256584089614	0.0176726877053	-0.00215600180324	0.0161428666199
k__Bacteria;p__Bacteroidetes;c__Bacteroidia;o__Bacteroidales;f__Rikenellaceae;g__Alistipes;s__Alistipes_obesi	0.0356214892135	-0.010971226162	-0.0151024306285	-0.0916988722352	0.0369735957804	0.00847794448558	-0.0508444205164	-0.0149508280513	0.0620178006122	-0.0336514000259	-0.0584845842218	-0.0415108371483	-0.0121314525924	1.0	-0.0226905933087	0.024117206673	-0.0435247091705	-0.000326788000588	0.0242437105036	-0.0174514111148	-0.0598736760731	-0.0103216963188	-0.0203778098206	0.0224635577308	-0.0476630945044	0.0444283425908	0.0158291622023	-0.0396410986449	0.0219174120355	-0.082115853413	-0.0302935887023	0.0605971331718	-0.00596470726564	0.0362599218558	0.00256662036876	-0.0321093350052	-0.0318039424193	0.0624036937603	0.0515697383315	0.00529509018756	-0.00563989028213	-0.0433083167981	0.00182979092483	-0.0297874451133	-0.0213259714597	-0.00342723823963	-0.0297878236055	-0.0869485635781	-0.0546816665404	0.0198959120024	0.00699566515802	-0.015514712462	0.0340361256493	0.00105523960108	-0.0804072009102	0.00785479666205	0.0343149384209	0.0230594037595	0.00745411710174
k__Bacteria;p__Firmicutes;c__Clostridia;o__Clostridiales;f__Lachnospiraceae;g__;s__[Eubacterium]_rectale	-0.00837551498783	-0.0394023752976	0.0565288443323	0.0414790096686	-0.0565611940715	0.00019100839437	-0.00367976134298	-0.0452244746954	-0.059747508048	-0.00882980108932	-0.083684933823	0.0168749685444	-0.0209565287407	-0.0226905933087	1.0	-0.0221906863266	-0.00590268241774	-0.0345520091849	-0.041004619778	-0.0510812277602	0.0056625937511	0.0379618099604	0.0360349823804	-0.021689741034	0.0204195380762	-0.0215917831798	-0.0131068390734	0.00500142093001	-0.0976575930898	-0.0169487708764	-0.0228312553426	0.0358737365851	0.00754538789153	-0.043344095722	-0.0292163120461	0.0547372234581	-0.0545400048861	0.0397884778685	0.0558559371251	0.0311444153558	0.0442826145593	-0.0215426772214	0.00911634634152	-0.0367538667117	0.0377185586103	0.0572845448888	-0.0128094448287	-0.0337643581483	0.0367942641135	-0.0444573305917	0.0127295589955	-0.0463671044925	-0.018587332919	0.037414154517	0.00116462717544	0.0464932770036	-0.0103380681957	0.0292467698613	-0.0104999113078
k__Bacteria;p__Bacteroidetes;c__Bacteroidia;o__Bacteroidales;f__Bacteroidaceae;g__Bacteroides;s__Bacteroides_plebeius	0.0821142363982	-0.0308012188969	-0.0115195602106	0.01881102093	-0.038691042337	0.0171966846513	0.00726597124288	-0.0454294746059	-0.00507842352077	-0.00801492992168	-0.0146907774197	-0.0326802364733	-0.0560939491605	0.024117206673	-0.0221906863266	1.0	0.0272697474555	-0.00684767475545	0.0569908772474	-0.0483721793572	0.0176008203588	0.0492347627209	0.0248243241901	-0.0395558418176	-0.0686889461723	0.00516051538796	-0.0185845782308	-0.0108591597444	0.0345013003198	0.00561811133471	-0.0106615989212	0.0300280163095	-0.0116662109502	0.0332297113415	-0.0317484501159	-0.0202609731542	0.00142155381621	0.0375109905605	-0.00909256448756	-0.00166479836207	0.0461217716675	-0.00799709664072	-0.0311201051668	-0.0366427202412	-0.0311904273904	-0.101018450353	-0.0362496679992	0.035156554808	0.0434986166043	-0.00789177705046	-0.0230963868517	-0.066915750089	0.0140978870998	0.0515068271421	-0.0266344860536	0.0262918413355	-0.00209316942709	-0.0501186845875	-0.00234147478075
k__Bacteria;p__Bacteroidetes;c__Bacteroidia;o__Bacteroidales;f__Bacteroidaceae;g__Bacteroides;s__Bacteroides_fragilis	0.0567475500782	-0.0186335028695	-0.0538885165546	0.00148268419211	0.0452051467364	0.0218362645967	-0.00867140121866	0.0257772095462	0.0184226761466	0.00249561379532	-0.0280003648058	0.0232486119346	-0.0356717480144	-0.0435247091705	-0.00590268241774	0.0272697474555	1.0	0.0133897328395	-0.0183668551297	0.00661886802823	-0.00286369551946	0.00235540164517	0.00542807182996	-0.0192230764067	-0.0248642147169	-0.027958891087	-0.039346825127	-0.070073211784	-0.00410984427497	-0.0450241464735	-0.0232185713874	-0.0297048910866	-0.00636838260763	-0.0543917143827	-0.00563945989222	-0.0446204177939	0.00755678994752	0.0131979518487	0.0111427296261	-0.00161638816272	-0.024983394328	0.000244295679199	0.104142382608	-0.0166401956647	-0.0523128241681	-0.0509517433201	-0.0514494041346	-0.113120143575	0.038646444716	0.092315826889	-0.00730105941034	-0.0612222440803	-0.0317636327014	-0.00040284846028	-0.0369908649818	0.0057528461414	0.01404342356	-0.00129727302552	-0.0319095814941
k__Bacteria;p__Proteobacteria;c__Betaproteobacteria;o__Burkholderiales;f__Sutterellaceae;g__Sutterella;s__Sutterella_wadsworthensis	-0.0196896620178	0.00108786929914	-0.0678525433486	-0.0320638137532	-0.00266594612684	-0.0115205150309	-0.0164156261876	-0.0496493177638	-0.0597188471441	0.0372900655835	0.045634404488	-0.0157109326787	0.0168218213622	-0.000326788000588	-0.0345520091849	-0.00684767475545	0.0133897328395	1.0	0.022677381808	-0.0378968521276	-0.0290439452779	0.0103407007334	-0.0510740532382	-0.0237142988977	0.0201263112454	0.0511834142107	-0.0271996337392	0.0265009805909	-0.057075908135	-0.0137688570113	-0.00511559214492	-0.0633252413494	-0.0421180242509	-0.0291858721461	-0.0279016105511	-0.0447539901274	0.00431637643831	0.0221843417338	-0.0565464590074	-0.11584325369	0.0317750790863	0.0287324503883	0.0728564297747	-0.00326581999167	-0.0369084086724	-0.0373164892773	-0.022766400747	-0.0294968992406	0.0517452581146	0.095754933878	0.0534555516188	-0.0446812953442	-0.0117121394034	-0.00839524444904	-0.0437609098854	0.0117539175171	0.0284241199222	0.0181341276467	-0.0496686575223
k__Bacteria;p__Bacteroidetes;c__Bacteroidia;o__Bacteroidales;f__Porphyromonadaceae;g__Barnesiella;s__Barnesiella_intestinihominis	0.00858845266809	0.022763444681	-0.0260710232759	-0.038249096809	0.0102137310242	0.00404932228281	0.0245150296907	-0.0329038126785	0.0147155321212	-0.00942014789228	-0.00942401831573	-0.0340649540077	-0.00590956687815	0.0242437105036	-0.041004619778	0.0569908772474	-0.0183668551297	0.022677381808	1.0	0.0106834669088	0.0739864867724	-0.0805715000397	-0.0387813874475	0.023581398115	0.0936287514427	-0.0404707494063	-0.0326722803506	0.0516683656949	0.00545721802836	0.0383357307212	-0.0151114874826	-0.0705528691351	-0.040641291845	-0.012124163795	-0.0334313885496	0.010236327229	-0.0174108317965	-0.0216318387268	-0.0238947847246	-0.0409859498846	0.0577745667984	-0.00236409467731	-0.0560668992475	-0.0106724062344	-0.0101070763784	-0.0499243789121	-0.00891708598371	0.0142635585562	0.00562747694729	-0.0608307673082	-0.0720976543355	0.00163481835245	-0.0468669051262	-0.0409480110879	-0.0763953643201	0.0215383006667	-0.114287460059	0.0337710433258	0.0269087792908
k__Bacteria;p__Bacteroidetes;c__Bacteroidia;o__Bacteroidales;f__Odoribacteraceae;g__Odoribacter;s__Odoribacter_splanchnicus	-0.0211639206799	0.0164103652159	-0.0310100330883	-0.0784033098429	0.0486433807927	-0.040494531243	0.0167025822378	0.033341610719	-0.0627944887892	-0.0605405163263	0.0142030900085	0.044674532044	0.0138636219623	-0.0174514111148	-0.0510812277602	-0.0483721793572	0.00661886802823	-0.0378968521276	0.0106834669088	1.0	0.00579030480207	-0.00288350882656	-0.014475971262	0.00954025144372	0.00582420873274	-0.0169977930991	0.00306384848914	-0.0161940878171	0.034626259462	-0.0281899321037	-0.0627647888586	-0.0165736449752	0.0380917727401	0.0206320289145	0.00843752097127	-0.0609653421303	-0.03458979994	-0.0704049254374	-0.0380664278054	-0.0117268589373	-0.00285731879146	-0.0593041749553	0.0116909388494	-0.0242272225986	-0.00382620560722	-0.0316860527448	0.0046914857066	0.0817593304796	-0.031018830156	0.00713964470103	-0.028400922888	-0.00351773254001	-0.0406576867946	0.0182496709355	-0.0357948768772	0.0513668284468	-0.00113517833365	0.00457763600356	-0.0173526211906
k__Bacteria;p__Bacteroidetes;c__Bacteroidia;o__Bacteroidales;f__Bacteroidaceae;g__Bacteroides;s__Bacteroides_salyersiae	0.0166302350227	-0.0378343571695	-0.0356370865439	-0.00408230508812	0.061947458812	-0.0767923931679	0.00194550600792	0.00161924535116	-0.0767537970277	-0.0578100901512	0.0160408193872	-0.0400309822479	-0.0400418052862	-0.0598736760731	0.0056625937511	0.0176008203588	-0.00286369551946	-0.0290439452779	0.0739864867724	0.00579030480207	1.0	-0.00593312956035	-0.0292607437669	-0.0102695250365	-0.0237804686617	0.0347424693342	0.0256499023015	0.010592760245	-0.0157544562692	-0.0852722078581	0.0096326660752	-0.0441910859996	0.0169086582718	-0.0213327923413	-0.0626865934657	-0.0381575687538	-0.0425039125361	0.0448380459641	-0.0370002957201	0.0477196146062	-0.0236545987697	-0.0122168058187	0.042098435456	0.00881063121176	-0.0134271543192	-0.0507424129957	-0.0610361853519	-0.00568033331327	-0.0566033920269	-0.0302484086103	-0.00737086209685	-0.00230866867611	0.0264088845271	0.0412278590221	0.0418516203072	0.00265239214647	-0.0132966337747	-0.0356957900598	0.0092911536464
k__Bacteria;p__Firmicutes;c__Clostridia;o__Clostridiales;f__Ruminococcaceae;g__Ruminiclostridium;s__[Eubacterium]_siraeum	-0.0258779390818	-0.0529650095528	-0.0492416277333	0.00152825119177	-0.00232306158722	-0.0280289291736	0.0396863552503	-0.0628179208055	-0.00980275756955	-0.0342959971578	-0.00605290515973	-0.013206383913	-0.0843433212568	-0.0103216963188	0.0379618099604	0.0492347627209	0.00235540164517	0.0103407007334	-0.0805715000397	-0.00288350882656	-0.00593312956035	1.0	-0.0045152028191	0.00197700282392	-0.0370484445983	-0.0231947417087	-0.0511037450656	0.0559866659913	0.00668210283396	0.0321455987863	0.0572898977676	0.00992508700496	-0.0614548355233	-0.0295042662475	0.000879381185591	-0.0454718717807	0.0321295586361	-0.00232137692981	-0.0165815487288	-0.0123847396298	-0.0655918373591	0.0640274021234	0.000236664738599	0.0610323178375	0.00040274330255	0.00208653447078	0.0186767952465	-0.000304733891245	0.0269737457886	-0.0557990199496	0.00303152958049	0.0238278381382	-0.0560146057344	0.0492297471826	0.0256655019931	-0.0532859134084	-0.0561220299559	-0.0113490678936	0.00207700314907
k__Bacteria;p__Proteobacteria;c__Betaproteobacteria;o__Burkholderiales;f__Sutterellaceae;g__Parasutterella;s__Parasutterella_excrementihominis	-0.0718731432402	-0.0322690782241	0.0980242401949	-0.00670343380544	-0.000679218495974	-0.00529248193923	-0.0665963740774	0.0136649320332	-0.0367906179934	0.0204450924219	0.00768050753102	-0.0527660174608	0.0195933818157	-0.0203778098206	0.0360349823804	0.0248243241901	0.00542807182996	-0.0510740532382	-0.0387813874475	-0.014475971262	-0.0292607437669	-0.0045152028191	1.0	0.0128918648771	-0.022492192716	-0.0716445147796	0.0101670893534	0.0377289532198	0.0341716804101	0.0480908426116	-0.0489312524025	0.0129871943491	-0.0123383890897	0.0180698000677	0.0147992206662	0.0113720362629	-0.00657961458055	-0.0740366636679	-0.0721131975181	0.0230759333714	0.0182867276417	-0.0065392515039	-0.0255963429391	0.0259039714588	-0.00940274758023	0.00644813371985	0.0303758149664	0.0594388042454	-0.0138589726232	-0.0694992680883	0.0159841710907	-0.0470556877018	0.0163273712267	-0.00167611538336	-0.0452363391086	-0.0427105001628	-0.0634487175071	-0.0171670116494	0.0347936847902
k__Bacteria;p__Actinobacteria;c__Actinobacteria;o__Bifidobacteriales;f__Bifidobacteriaceae;g__Bifidobacterium;s__Bifidobacterium_adolescentis	-0.0177900067324	0.0104970824378	0.0167042629971	-0.0112385720267	-0.023025621149	0.00429116400938	-0.0920129049062	-0.0678910233171	0.0108769105816	-0.0475365314522	2.74158711452e-05	-0.00563846741982	-0.0186513916207	0.0224635577308	-0.021689741034	-0.0395558418176	-0.0192230764067	-0.0237142988977	0.023581398115	0.00954025144372	-0.0102695250365	0.00197700282392	0.0128918648771	1.0	0.00147372824518	0.0311625560556	-0.00165520098835	0.0310902882153	-0.00968810183103	0.0955221289424	0.019125304232	-0.00145509906285	-0.00545179895717	-0.00491610050562	0.0358967401272	0.00295853678485	0.0352707825185	0.0119344458737	-0.0543375647113	-0.0457251665095	-0.0615383720302	-0.00590136148809	-0.07925401947	-0.00969086105996	-0.0134157718009	-0.0464144294619	-0.0609249994344	0.0506306779757	-0.0510183785649	0.0132804077379	-0.106445482753	-0.0205915489095	-0.00657524947133	0.00902026612826	0.0373174186233	0.021724636875	0.0126679814047	-0.00532733776871	-0.0192568407007
k__Bacteria;p__Firmicutes;c__Clostridia;o__Clostridiales;f__Oscillospiraceae;g__Oscillibacter;s__Oscillibacter_sp._KLE_1745	-0.00118871894165	0.0263562856597	-0.0176305169886	-0.0554137814604	-0.0171675501548	0.0283163947033	0.0256299595118	-0.0217432464993	0.0285065406202	0.0128141845025	0.0394051801171	-0.0414496838733	0.023916376579	-0.0476630945044	0.0204195380762	-0.0686889461723	-0.0248642147169	0.0201263112454	0.0936287514427	0.00582420873274	-0.0237804686617	-0.0370484445983	-0.022492192716	0.00147372824518	1.0	0.0159490156139	-0.0583471231733	-0.0155480254227	0.0078566138662	-0.0154235956222	-0.0537606596097	-0.0154364702864	0.0703000640921	0.0514078413917	-0.0355737307873	0.0497534845151	-0.010440401993	0.0115391395595	-0.00615086614819	0.00301659605344	-0.00898562131993	0.063258219236	0.00159894425106	-0.00736026545781	0.0132837127286	0.0199125744593	-0.0150178135893	-0.0427659784989	-0.0270363267017	0.0304701494991	-0.0653314988946	-0.0209940940959	-0.0280679279011	-0.00950768957744	-0.0331958025817	0.0309638883571	0.0308449139328	-0.00707020850543	-0.0420091507445
k__Bacteria;p__Bacteroidetes;c__Bacteroidia;o__Bacteroidales;f__Bacteroidaceae;g__Bacteroides;s__Bacteroides_coprophilus	-0.0557865466368	0.000651474990892	-0.0122062728821	0.0157281682166	0.0222454594541	-0.011015670066	-0.051079749679	0.0662483889911	-0.015268025397	0.00254205661744	-0.0585823963559	-0.00464817413441	-0.0445820429887	0.0444283425908	-0.0215917831798	0.00516051538796	-0.027958891087	0.0511834142107	-0.0404707494063	-0.0169977930991	0.0347424693342	-0.0231947417087	-0.0716445147796	0.0311625560556	0.0159490156139	1.0	-0.0712429438938	-0.0645207857144	-0.0257626180157	-0.0191784374178	0.0591175769721	-0.0200015085054	0.0611111595129	-0.0614475774935	-0.0388948752297	-0.00435917365055	0.0364948120616	0.0091373072854	-0.0316183755342	-0.0685357090833	0.0285499904107	-0.0254835210456	0.0102330101405	0.0126402571782	0.0632219825155	-0.0101888725858	-0.0467900244537	0.0425394078236	0.0197861227642	0.0358324607547	-0.0226520436472	-0.0358212964499	-0.043704147623	0.0150161650089	0.0154249108751	-0.00518708227872	-0.0119340121756	-0.0500775739194	-0.0795243624453
k__Bacteria;p__Firmicutes;c__Clostridia;o__Clostridiales;f__Lachnospiraceae;g__Roseburia;s__Roseburia_intestinalis	-0.000873574593776	-0.0297556236779	0.0315950728067	-0.0157492652908	-0.0688988619094	-0.0225223473933	-0.0407359626609	-0.0311821772314	-0.0519617497737	-0.0127938096431	0.023315315191	-0.0133031081592	0.0521789475109	0.0158291622023	-0.0131068390734	-0.0185845782308	-0.039346825127	-0.0271996337392	-0.0326722803506	0.00306384848914	0.0256499023015	-0.0511037450656	0.0101670893534	-0.00165520098835	-0.0583471231733	-0.0712429438938	1.0	-0.0480832206409	-0.0949294973699	0.049634521398	-0.0396580809622	-0.0113562544624	0.00229099924757	-0.0599971713974	-0.0315053151296	0.00610383366127	0.0275885958227	-0.00960339721916	0.000613701504039	0.0257631162233	-0.0106197342362	0.0708415646706	0.0566877732197	0.0145300413973	-0.0818162069778	-0.0456842610261	-0.0143018766559	0.0173479853237	-0.0250025274714	0.0473981999597	-0.00362346388921	-0.0232558004785	-0.00844402444993	0.0383192820379	-0.0130497217623	0.0394392031474	-0.0796583993417	0.0145580939314	-0.0331903790599
k__Bacteria;p__Firmicutes;c__Clostridia;o__Clostridiales;f__Lachnospiraceae;g__Roseburia;s__Roseburia_hominis	-0.0159564354967	-0.00119454185658	0.0399806786649	-0.0128077451474	-0.00906439493469	0.00563346047107	-0.0197251441638	0.0304537162885	0.0073195885851	0.0237378910808	-0.0308209877551	0.0107835994755	-0.0399230665425	-0.0396410986449	0.00500142093	-0.0108591597444	-0.070073211784	0.0265009805909	0.0516683656949	-0.0161940878171	0.010592760245	0.0559866659913	0.0377289532198	0.0310902882153	-0.0155480254227	-0.0645207857144	-0.0480832206409	1.0	-0.00998357685909	-0.0519763648476	-0.0497325793411	-0.0603763116924	-0.0109389838428	0.00262731664237	0.03909147984	0.00986211353024	-0.0466573687601	-0.00934808719935	-0.0490120628751	-0.0102186704794	-0.0784055894476	-0.00957433426425	0.0142978227748	0.0319017982535	0.0638866343944	-0.014318493841	-0.0140323466466	-0.0305658247405	0.0343278072699	-0.0464528462159	-0.0572793234253	0.00732237475438	0.0652006803938	-0.00423598852225	0.0043748599992	-0.0406043807868	0.00327545682409	-0.0635020930148	0.025652251786
k__Bacteria;p__Bacteroidetes;c__Bacteroidia;o__Bacteroidales;f__Porphyromonadaceae;g__Parabacteroides;s__Parabacteroides_johnsonii	-0.0191803483972	-0.0647018838971	-0.0252481784082	0.0106481814937	0.00600621509327	-0.0113525505087	-0.00998002776901	-0.00437470340994	-0.0166600564312	0.0295905940901	0.0224163651889	-0.0148209073496	-0.0320928288835	0.0219174120355	-0.0976575930898	0.0345013003198	-0.00410984427497	-0.057075908135	0.00545721802836	0.034626259462	-0.0157544562692	0.00668210283396	0.0341716804101	-0.00968810183103	0.0078566138662	-0.0257626180157	-0.0949294973699	-0.00998357685909	1.0	0.0275954036253	0.0425436424452	-0.0291436085117	0.0573613523776	0.00199637124692	-0.00483989324269	-0.0119615253674	-0.0707781534893	0.0237559560237	-0.0116140320405	-0.00949595934669	0.00766206468314	0.0242375625475	-0.0594004383951	0.0392617789587	0.00982634061482	0.00666868901023	-0.010356671155	-0.0471759081706	0.0750138613444	-0.0945297858803	-0.0170033050689	-0.000806715254348	-0.00238589429584	-0.0362538269758	0.0223224573313	-0.109882664753	-0.000136030769916	-0.0198721031078	0.047874057933
k__Bacteria;p__Actinobacteria;c__Actinobacteria;o__Bifidobacteriales;f__Bifidobacteriaceae;g__Bifidobacterium;s__Bifidobacterium_longum	-0.0583695389538	-0.0148108929114	0.0822127359032	-0.0400649974657	-0.00320392321077	-0.0395255326627	-0.0132937102745	0.0112188844513	0.0260534525609	0.00191663488772	-0.00126433537041	-0.0341327839994	-0.0166885377035	-0.082115853413	-0.0169487708764	0.00561811133471	-0.0450241464735	-0.0137688570113	0.0383357307212	-0.0281899321037	-0.0852722078581	0.0321455987863	0.0480908426116	0.0955221289424	-0.0154235956222	-0.0191784374178	0.049634521398	-0.0519763648476	0.0275954036253	1.0	-0.0251095002274	0.00582180888263	-0.046424962712	0.0279126577433	0.00902204508154	-0.0556336043487	0.0534439443931	-0.0567431369163	-0.0307822649329	0.03736686141	0.0399724624394	-0.0401918372369	-0.0461309772921	-0.0799438107219	0.0104294248958	0.0215200802123	-0.0544747885229	-0.00248401542307	0.00773959913616	0.0277219001569	0.0151864288935	-0.0146422318383	-0.00424595203598	0.0119503383888	0.00625292925205	0.0362074802106	0.0150774161171	0.0270061504822	0.0269528773316
