#taxonomy	k__Bacteria;p__Bacteroidetes;c__Bacteroidia;o__Bacteroidales;f__Bacteroidaceae;g__Bacteroides;s__Bacteroides_vulgatus	k__Bacteria;p__Bacteroidetes;c__Bacteroidia;o__Bacteroidales;f__Bacteroidaceae;g__Bacteroides;s__Bacteroides_uniformis	k__Bacteria;p__Bacteroidetes;c__Bacteroidia;o__Bacteroidales;f__Rikenellaceae;g__Alistipes;s__Alistipes_putredinis	k__Bacteria;p__Bacteroidetes;c__Bacteroidia;o__Bacteroidales;f__Prevotellaceae;g__Prevotella;s__Prevotella_copri	k__Bacteria;p__Bacteroidetes;c__Bacteroidia;o__Bacteroidales;f__Bacteroidaceae;g__Bacteroides;s__Bacteroides_stercoris	k__Bacteria;p__Bacteroidetes;c__Bacteroidia;o__Bacteroidales;f__Bacteroidaceae;g__Bacteroides;s__Bacteroides_ovatus	k__Bacteria;p__Bacteroidetes;c__Bacteroidia;o__Bacteroidales;f__Rikenellaceae;g__Alistipes;s__Alistipes_shahii	k__Bacteria;p__Firmicutes;c__Clostridia;o__Clostridiales;f__Ruminococcaceae;g__Faecalibacterium;s__Faecalibacterium_prausnitzii	k__Bacteria;p__Bacteroidetes;c__Bacteroidia;o__Bacteroidales;f__Rikenellaceae;g__Alistipes;s__Alistipes_finegoldii	k__Bacteria;p__Bacteroidetes;c__Bacteroidia;o__Bacteroidales;f__Porphyromonadaceae;g__Parabacteroides;s__Parabacteroides_distasonis	k__Bacteria;p__Bacteroidetes;c__Bacteroidia;o__Bacteroidales;f__Bacteroidaceae;g__Bacteroides;s__Bacteroides_thetaiotaomicron	k__Bacteria;p__Bacteroidetes;c__Bacteroidia;o__Bacteroidales;f__Bacteroidaceae;g__Bacteroides;s__Bacteroides_coprocola	k__Bacteria;p__Bacteroidetes;c__Bacteroidia;o__Bacteroidales;f__Bacteroidaceae;g__Bacteroides;s__Bacteroides_cellulosilyticus	k__Bacteria;p__Bacteroidetes;c__Bacteroidia;o__Bacteroidales;f__Rikenellaceae;g__Alistipes;s__Alistipes_obesi	k__Bacteria;p__Firmicutes;c__Clostridia;o__Clostridiales;f__Lachnospiraceae;g__;s__[Eubacterium]_rectale	k__Bacteria;p__Bacteroidetes;c__Bacteroidia;o__Bacteroidales;f__Bacteroidaceae;g__Bacteroides;s__Bacteroides_plebeius	k__Bacteria;p__Bacteroidetes;c__Bacteroidia;o__Bacteroidales;f__Bacteroidaceae;g__Bacteroides;s__Bacteroides_fragilis	k__Bacteria;p__Proteobacteria;c__Betaproteobacteria;o__Burkholderiales;f__Sutterellaceae;g__Sutterella;s__Sutterella_wadsworthensis	k__Bacteria;p__Bacteroidetes;c__Bacteroidia;o__Bacteroidales;f__Porphyromonadaceae;g__Barnesiella;s__Barnesiella_intestinihominis	k__Bacteria;p__Bacteroidetes;c__Bacteroidia;o__Bacteroidales;f__Odoribacteraceae;g__Odoribacter;s__Odoribacter_splanchnicus	k__Bacteria;p__Bacteroidetes;c__Bacteroidia;o__Bacteroidales;f__Bacteroidaceae;g__Bacteroides;s__Bacteroides_salyersiae	k__Bacteria;p__Firmicutes;c__Clostridia;o__Clostridiales;f__Ruminococcaceae;g__Ruminiclostridium;s__[Eubacterium]_siraeum	k__Bacteria;p__Proteobacteria;c__Betaproteobacteria;o__Burkholderiales;f__Sutterellaceae;g__Parasutterella;s__Parasutterella_excrementihominis	k__Bacteria;p__Actinobacteria;c__Actinobacteria;o__Bifidobacteriales;f__Bifidobacteriaceae;g__Bifidobacterium;s__Bifidobacterium_adolescentis	k__Bacteria;p__Firmicutes;c__Clostridia;o__Clostridiales;f__Oscillospiraceae;g__Oscillibacter;s__Oscillibacter_sp._KLE_1745	k__Bacteria;p__Bacteroidetes;c__Bacteroidia;o__Bacteroidales;f__Bacteroidaceae;g__Bacteroides;s__Bacteroides_coprophilus	k__Bacteria;p__Firmicutes;c__Clostridia;o__Clostridiales;f__Lachnospiraceae;g__Roseburia;s__Roseburia_intestinalis	k__Bacteria;p__Firmicutes;c__Clostridia;o__Clostridiales;f__Lachnospiraceae;g__Roseburia;s__Roseburia_hominis	k__Bacteria;p__Bacteroidetes;c__Bacteroidia;o__Bacteroidales;f__Porphyromonadaceae;g__Parabacteroides;s__Parabacteroides_johnsonii	k__Bacteria;p__Actinobacteria;c__Actinobacteria;o__Bifidobacteriales;f__Bifidobacteriaceae;g__Bifidobacterium;s__Bifidobacterium_longum	k__Bacteria;p__Firmicutes;c__Clostridia;o__Clostridiales;f__;g__Flavonifractor;s__Flavonifractor_plautii	k__Bacteria;p__Firmicutes;c__Clostridia;o__Clostridiales;f__Clostridiaceae;g__Clostridium;s__Clostridium_phoceensis	k__Bacteria;p__Verrucomicrobia;c__Verrucomicrobiae;o__Verrucomicrobiales;f__Akkermansiaceae;g__Akkermansia;s__Akkermansia_muciniphila	k__Bacteria;p__Bacteroidetes;c__Bacteroidia;o__Bacteroidales;f__Prevotellaceae;g__Paraprevotella;s__Paraprevotella_xylaniphila	k__Bacteria;p__Firmicutes;c__Clostridia;o__Clostridiales;f__Ruminococcaceae;g__Ruminococcus;s__Ruminococcus_callidus	k__Bacteria;p__Bacteroidetes;c__Bacteroidia;o__Bacteroidales;f__Rikenellaceae;g__Alistipes;s__Alistipes_senegalensis	k__Bacteria;p__Firmicutes;c__Clostridia;o__Clostridiales;f__Lachnospiraceae;g__Blautia;s__Blautia_sp._KLE_1732	k__Bacteria;p__Bacteroidetes;c__Bacteroidia;o__Bacteroidales;f__Bacteroidaceae;g__Bacteroides;s__Bacteroides_oleiciplenus	k__Bacteria;p__Firmicutes;c__Clostridia;o__Clostridiales;f__Ruminococcaceae;g__Ruminococcus;s__Ruminococcus_bicirculans	k__Bacteria;p__Bacteroidetes;c__Bacteroidia;o__Bacteroidales;f__Bacteroidaceae;g__Bacteroides;s__Bacteroides_fluxus	k__Bacteria;p__Bacteroidetes;c__Bacteroidia;o__Bacteroidales;f__Prevotellaceae;g__Prevotella;s__Prevotella_stercorea	k__Bacteria;p__Firmicutes;c__Clostridia;o__Clostridiales;f__Lachnospiraceae;g__Dorea;s__Dorea_longicatena	k__Bacteria;p__Firmicutes;c__Clostridia;o__Clostridiales;f__Eubacteriaceae;g__Eubacterium;s__[Eubacterium]_eligens	k__Bacteria;p__Firmicutes;c__Clostridia;o__Clostridiales;f__Ruminococcaceae;g__;s__Ruminococcaceae_bacterium_D16	k__Bacteria;p__Firmicutes;c__Clostridia;o__Clostridiales;f__Lachnospiraceae;g__Coprococcus;s__Coprococcus_comes	k__Bacteria;p__Proteobacteria;c__Gammaproteobacteria;o__Enterobacterales;f__Enterobacteriaceae;g__Escherichia;s__Escherichia_coli	k__Bacteria;p__Firmicutes;c__Clostridia;o__Clostridiales;f__Ruminococcaceae;g__Anaerotruncus;s__Anaerotruncus_colihominis	k__Bacteria;p__Firmicutes;c__Clostridia;o__Clostridiales;f__Lachnospiraceae;g__Blautia;s__Blautia_obeum	k__Bacteria;p__Bacteroidetes;c__Bacteroidia;o__Bacteroidales;f__Odoribacteraceae;g__Odoribacter;s__Odoribacter_laneus	k__Bacteria;p__Firmicutes;c__Clostridia;o__Clostridiales;f__Ruminococcaceae;g__Ruminiclostridium;s__[Clostridium]_leptum	k__Bacteria;p__Bacteroidetes;c__Bacteroidia;o__Bacteroidales;f__Porphyromonadaceae;g__Parabacteroides;s__Parabacteroides_goldsteinii	k__Bacteria;p__Firmicutes;c__Clostridia;o__Clostridiales;f__Lachnospiraceae;g__Anaerostipes;s__Anaerostipes_hadrus	k__Bacteria;p__Firmicutes;c__Clostridia;o__Clostridiales;f__Ruminococcaceae;g__Ruminococcus;s__Ruminococcus_lactaris	k__Bacteria;p__Firmicutes;c__Clostridia;o__Clostridiales;f__Clostridiaceae;g__Clostridium;s__Clostridium_sp._L2-50	k__Bacteria;p__Firmicutes;c__Clostridia;o__Clostridiales;f__Clostridiaceae;g__Clostridium;s__Clostridium_sp._M62/1	k__Bacteria;p__Firmicutes;c__Clostridia;o__Clostridiales;f__;g__Intestinimonas;s__Intestinimonas_butyriciproducens	k__Bacteria;p__Actinobacteria;c__Actinobacteria;o__Bifidobacteriales;f__Bifidobacteriaceae;g__Bifidobacterium;s__Bifidobacterium_bifidum	k__Bacteria;p__Firmicutes;c__Negativicutes;o__Veillonellales;f__Veillonellaceae;g__Dialister;s__Dialister_invisus	k__Bacteria;p__Bacteroidetes;c__Bacteroidia;o__Bacteroidales;f__Bacteroidaceae;g__Bacteroides;s__Bacteroides_salanitronis
k__Bacteria;p__Bacteroidetes;c__Bacteroidia;o__Bacteroidales;f__Bacteroidaceae;g__Bacteroides;s__Bacteroides_vulgatus	1.0	-0.0450574376032	-0.071290749856	-0.0673202697537	0.0205481244256	-0.0115552436829	-0.0126469250453	-0.0411882072716	-0.0294417069387	-0.0199856727449	-0.0487600030981	-0.0524384933825	0.0546714157434	0.00186338117987	0.0605150323863	0.00208833369403	-0.0370370232122	-0.00435803668674	-0.0107513597845	0.00919247866433	-0.0595984549228	0.0290059539287	-0.0426049845842	0.021388406457	0.0267731712716	0.00928862621448	0.0120769499988	0.0675263457504	-0.0142885202246	0.0463539305962	0.0640156905	0.00129612866029	-0.0631626696062	-0.118629457986	-0.0535610695902	0.00191504540319	-0.0423730773863	0.0152308614754	0.0348626780433	0.0580353482324	-0.01184921906	0.0185209459505	0.036461106962	-0.0412422318221	0.00960889408231	-0.028675122968	0.000296838400967	0.0428876535242	0.018814742624	-0.00105507652704	-0.012443085758	0.0153664012455	-0.0892138291402	-0.0762975075909	-0.0267454149723	-0.0677835164375	-0.0349212355999	0.0272697481441	0.0492810340115
k__Bacteria;p__Bacteroidetes;c__Bacteroidia;o__Bacteroidales;f__Bacteroidaceae;g__Bacteroides;s__Bacteroides_uniformis	-0.0450574376032	1.0	0.0131466945496	-0.0106992899075	0.0390332540244	-0.0305510213934	0.00167623568094	0.0210639174804	-0.02611589364	0.0473405271694	-0.0233697575168	0.0286223881866	0.0551906579336	-0.0446212666523	0.0130891961878	0.0282344692148	0.0418647201904	-0.00975878057729	0.020638084896	0.0194932908408	-0.0042879022662	0.0635952478584	-0.0771667802369	0.00737885392461	-0.00531933794121	0.0199502619148	-0.0355641734662	-0.0582240941676	-0.0279943446465	0.0109338810305	-0.0581668385563	-0.027720186764	0.0237885175021	-0.0205518661021	-0.00923331604966	-0.0319551030731	0.0178487819743	-0.0313405418676	0.0135696159001	-0.0407173742313	-0.0243468193215	-0.0186997054282	-0.071088046731	0.0203983327274	-0.025445463204	-0.0484332047773	-0.0424650201288	-0.053645541268	-0.0315049716876	0.00515241418944	-0.0684762240681	-0.0126222058544	-0.0275712494742	-0.0213040639997	-0.0208320727087	0.0287821467223	0.0041545606096	0.0144145268953	0.000902403864836
k__Bacteria;p__Bacteroidetes;c__Bacteroidia;o__Bacteroidales;f__Rikenellaceae;g__Alistipes;s__Alistipes_putredinis	-0.071290749856	0.0131466945496	1.0	-0.0434335822964	0.0285595864951	-0.0337018353701	0.0220714876361	0.0667316668779	-0.0546657534447	-0.0113772643312	-0.0180186974084	0.0474155817402	0.0140131750478	0.029157141654	0.020139053315	-0.0270045479832	0.00220206957048	-0.0459950574524	0.0153825588205	0.0418258327501	0.0504405166429	-0.0295445750899	0.0776370813952	-0.0252790137448	0.000256837828095	-0.0659134391061	-0.0328016158665	0.0329686804276	-0.00702648345301	0.0363331182515	-0.0167325848026	-0.0974223255474	-0.0371531466519	-0.0486535636923	0.0054558562478	0.00796006449758	-0.0210442741743	-0.00639678322313	-0.0401211097479	-0.038031084702	-0.0261806411949	-0.129521600859	-0.0654039304993	-0.0511954633168	-0.0419692625279	-0.0477174424372	-0.0189245051907	-0.0235279521234	0.0077182245152	-0.0825746900597	-0.0139784215945	0.0455367173521	0.016111594987	-0.079037269608	-0.0228742483684	-0.0285527836308	0.0233690169365	0.00728324499533	-0.0277930067732
k__Bacteria;p__Bacteroidetes;c__Bacteroidia;o__Bacteroidales;f__Prevotellaceae;g__Prevotella;s__Prevotella_copri	-0.0673202697537	-0.0106992899075	-0.0434335822964	1.0	-0.0219342530681	0.018901181097	-0.051609124855	-0.0239744950256	-0.0231542964212	-0.0317244035576	-0.0174939552383	0.0562222362753	-0.0104438309264	0.0227029170893	-0.0138977789497	0.0449548111702	-0.0141473746471	-0.0093565694564	0.0249106085306	-0.0291491885611	-0.00700376874745	0.0151470255232	0.0306516682302	-0.0517564304297	0.0254129602079	0.0013741356522	-0.0609218606926	-0.0281011184524	0.0123284102218	0.0514326935135	0.0271533410974	0.0200313055944	0.0139566549217	0.0213749924848	-0.000569757925388	0.00362357342579	0.0399222911515	-0.0512291344267	-0.0246785761566	-0.0614733363605	0.0149415552852	0.0406479103657	-0.0488199606088	0.00747845306345	-0.0904262615577	-0.0354272823962	0.0194181389936	0.0164374662333	0.0525729552564	0.00619795874513	-0.0887137736199	0.0442225728389	-0.0622797614359	-0.0108806021479	-0.0345802785052	0.0399915523148	0.0381653567603	-0.0311068997319	-0.0612520207398
k__Bacteria;p__Bacteroidetes;c__Bacteroidia;o__Bacteroidales;f__Bacteroidaceae;g__Bacteroides;s__Bacteroides_stercoris	0.0205481244256	0.0390332540244	0.0285595864951	-0.0219342530681	1.0	-0.0275724142386	-0.09242673707	-0.0144131078971	-0.0361604634097	0.0747683518526	-0.0243471709618	-0.0692495861398	0.0585906731583	0.0072091673616	-0.0223360854875	0.047446841832	-0.0279621100844	-0.0225146192338	0.0429117467291	-0.0572886045746	0.0104954566992	0.0151583806577	-0.0566799375604	0.0611344298217	0.0388306264767	-0.0215191274017	-0.0660909023749	-0.0177772054271	0.0664333578232	-0.0341781369106	-0.0454357433088	-0.0109349632978	-0.0223041131002	-0.0163895559931	0.0143502580789	-0.00153194811534	0.00917742582018	-0.0473472456515	0.0527226616856	-0.0170728811307	-0.00422491838088	0.0134669792295	-0.000482750653424	-0.0388593080075	-0.00765859887948	-0.000327347748273	-0.00451293761577	-0.00644201162256	-0.014501416881	-0.00331864252767	-0.0764280543747	0.0326597991703	-0.0584478095241	-0.0139707360053	-0.0906914702707	-0.0172223988212	0.000113993879986	-0.000134263009658	-0.044421179735
k__Bacteria;p__Bacteroidetes;c__Bacteroidia;o__Bacteroidales;f__Bacteroidaceae;g__Bacteroides;s__Bacteroides_ovatus	-0.0115552436829	-0.0305510213934	-0.0337018353701	0.018901181097	-0.0275724142386	1.0	-0.0272299088562	-0.00769155879781	-0.0708549139208	-0.0300206383021	-0.0731250520155	0.0576149419738	0.0164430254009	0.0168409803371	0.0193060660404	0.0177140797832	-0.00818797699435	-0.0332772765269	0.000520398123475	0.030120450438	-0.0018549726241	0.041877470839	-0.0013421961919	-0.0400431816725	-0.0460607226099	-0.0169702346364	-0.0258405456023	0.0100191480814	0.0613000101646	-0.0361741811051	-0.108486069505	0.049014426343	-0.0626030526926	-0.0539106982857	0.0516794320366	0.0430144563828	0.000672393349513	0.0187877451296	0.00668008234686	-0.0633457202012	0.0044217130044	-0.0416266479064	-0.00706236684306	0.0177871837181	0.01829871604	0.0433544928812	-0.0307866304119	-0.00876171079607	-0.02263553994	-0.00683065344406	-0.00467018850424	0.0307872136627	0.0626770974103	0.026148808365	-0.00339577518481	-0.0380176837277	0.0570625548692	-0.020546436106	-0.0403619817242
k__Bacteria;p__Bacteroidetes;c__Bacteroidia;o__Bacteroidales;f__Rikenellaceae;g__Alistipes;s__Alistipes_shahii	-0.0126469250453	0.00167623568094	0.0220714876361	-0.051609124855	-0.09242673707	-0.0272299088562	1.0	-0.0472674438111	-0.0566320978368	0.0216347288572	-0.00813695201921	-0.0680447327156	-0.0235631873279	0.0488436298035	-0.0647313762865	-0.00533694721197	0.0231415756021	0.0115023610907	-0.0728039880423	-0.00357287757479	0.00941277458451	-0.0522634433707	0.0300870723678	-0.0197956422143	-0.0275996330058	0.0595491016144	-0.00600674317224	0.0159800964925	-0.0618697706717	0.0413914021445	0.0120312588907	0.0170220495912	0.0347981616536	-0.0452462519422	0.0952424889153	0.0451346893254	0.00146441754396	0.0357366241452	0.00634248316169	-0.0121665095229	-0.00849507884283	0.0379667187977	-0.00728208825376	0.0249874827162	-0.0784622034388	-0.0738344750797	-0.043277696741	0.0377370676777	0.0386747638343	-0.0326372331361	-0.0181973963949	-0.0762820851353	-0.0466756048643	0.0634334117045	0.0592717930352	-0.0347425261389	0.00424587486461	0.0448437057348	0.0432584981304
k__Bacteria;p__Firmicutes;c__Clostridia;o__Clostridiales;f__Ruminococcaceae;g__Faecalibacterium;s__Faecalibacterium_prausnitzii	-0.0411882072716	0.0210639174804	0.0667316668779	-0.0239744950256	-0.0144131078971	-0.00769155879781	-0.0472674438111	1.0	-0.0127231220723	-0.00986308139004	-0.0689135976436	-0.00501927309065	0.00677920967239	-0.0118302590308	-0.0260046786761	-0.0676861198679	-0.0474736132908	-0.0156702332781	-0.0664107055882	-0.0378624568323	-0.0456895490467	-0.0309525395156	0.0152642648124	-0.0260412470174	0.00689963586524	-0.0460068709873	0.00218250224617	0.0598050674294	0.0346799818963	0.0389032091348	0.0658452760748	0.029809559877	-0.0808074768504	0.0583795879838	-0.0303850035699	0.0182965815033	-0.0275395086462	0.0172290855686	-0.0343032399941	0.0414370150986	0.0552613730186	-0.00841509103773	-0.0697366489449	-0.0684475581662	-0.0512629916907	-0.00727228652013	-0.0640543145931	-0.0211278376367	-0.0738654740663	0.110992634017	0.0319563719229	-0.0178329189492	-0.0604926514458	0.0479697341462	0.043267669333	-0.0156197222813	-0.0684794239442	-0.0340586773233	-0.0531393518152
k__Bacteria;p__Bacteroidetes;c__Bacteroidia;o__Bacteroidales;f__Rikenellaceae;g__Alistipes;s__Alistipes_finegoldii	-0.0294417069387	-0.02611589364	-0.0546657534447	-0.0231542964212	-0.0361604634097	-0.0708549139208	-0.0566320978368	-0.0127231220723	1.0	-0.0504508643692	0.0234341253485	0.0182092297483	-0.0242630866202	-0.0577867907409	0.00214608117979	-0.0515143000555	0.012206191165	0.0214474413536	-0.0436327175698	-0.0484837366367	-0.0351883025577	0.0234095213414	-0.0149891648441	-0.00597228069613	0.0409227631325	-0.00418295998032	0.0706248129021	0.0343484750681	-0.029681842608	-0.0661319098309	0.0730716363397	-0.0120096948871	0.0315166218286	-0.0413397844288	-0.0127203556023	-0.0155709105738	-0.00768747562019	0.0444295579989	-0.0398827883998	-0.00376352232334	-0.00871575780295	-0.00188088651529	-0.0397810567232	-0.0152948640572	-0.0307849342377	0.00267657926195	0.0262609265618	0.00693654914578	-0.0134584943045	-0.0183466592433	-0.0191747617094	0.0660270330484	-0.0615084103629	0.0410670984327	0.0252344958853	-0.00390348071036	-0.0321194443303	0.043045488057	0.0433061338423
k__Bacteria;p__Bacteroidetes;c__Bacteroidia;o__Bacteroidales;f__Porphyromonadaceae;g__Parabacteroides;s__Parabacteroides_distasonis	-0.0199856727449	0.0473405271694	-0.0113772643312	-0.0317244035576	0.0747683518526	-0.0300206383021	0.0216347288572	-0.00986308139004	-0.0504508643692	1.0	-0.0594444711859	-0.049304725749	-0.00226192732792	0.0507951303636	-0.0587858026879	-0.0320853469824	-0.0465962261293	-0.00432053079579	-0.00690706052453	-0.0149789982081	0.0219616045286	-0.0170688680164	-0.0683976613339	0.0179856383819	0.0608795931391	-0.00138074506646	-0.0146759432213	-0.000386488356227	-0.0838550646085	-0.00517946969871	0.00360597343826	-0.00387623407397	-0.0289134874834	-0.020980659419	0.0120110131459	0.0106823615384	-0.0157410452162	-0.0610475938357	0.0486814001766	-0.0264381604063	-0.00896406700903	0.0226126464822	0.0450227639185	-0.0389781024577	-0.0203872479996	-0.0268118696315	0.0983150119035	-0.0700583906076	0.0224346201694	-0.0323149045351	0.0100114073613	-0.0292791381704	0.0503063448457	-0.0709269433589	0.00448545293639	0.0352852469831	-0.00528498117494	0.000810758378711	-0.0283921956031
k__Bacteria;p__Bacteroidetes;c__Bacteroidia;o__Bacteroidales;f__Bacteroidaceae;g__Bacteroides;s__Bacteroides_thetaiotaomicron	-0.0487600030981	-0.0233697575168	-0.0180186974084	-0.0174939552383	-0.0243471709618	-0.0731250520155	-0.00813695201921	-0.0689135976436	0.0234341253485	-0.0594444711859	1.0	0.0500734760918	0.00717127238724	-0.00383712578099	0.0525494789816	-0.00664825085449	0.0193940161946	-0.0772673856069	0.00515777567313	-0.0113898331406	-0.0388420172244	-0.0976367793223	-0.0534359203195	-0.0555881971131	-0.0295125887965	-0.0093598304567	-0.0179475372928	-0.00520469442749	0.000856105234899	0.0143511877196	0.0341888461508	-0.0232222771672	-0.0196532063792	-0.00161546465381	-0.0307963162741	-0.00287825794363	0.021902404102	0.00201737367033	0.0162596012088	-0.0293212496393	0.0301804571971	-0.0798501457396	-0.00413006223649	-0.0294600262718	0.00696528486871	-0.00820702477406	-0.0180328230947	0.0229138842488	0.0188615033167	-0.0171489037149	-0.000955749574621	0.0286069739926	0.0383740894125	0.020122099869	0.00061912611013	-0.0498313035789	-0.0314809814965	0.0277423851775	0.0121942968967
k__Bacteria;p__Bacteroidetes;c__Bacteroidia;o__Bacteroidales;f__Bacteroidaceae;g__Bacteroides;s__Bacteroides_coprocola	-0.0524384933825	0.0286223881866	0.0474155817402	0.0562222362753	-0.0692495861398	0.0576149419738	-0.0680447327156	-0.00501927309065	0.0182092297483	-0.049304725749	0.0500734760918	1.0	0.0203867463625	-0.0474351954857	0.0130819141798	-0.0181195696561	-0.0356327773938	-0.00519642231638	0.00420591310767	0.0199699280026	0.024163859248	0.0250215076988	-0.0265438691999	-0.00225213961555	-0.0518663431815	-0.112306521514	-0.0186842394758	-0.00217495886045	-0.0175154179716	0.0456575056206	-0.0108953771603	0.0244303994137	-0.0672489554911	-0.0362756801499	-0.0398451730247	-0.00645788585079	-0.0460890256697	-0.0287976019134	-0.0078418873367	-0.0636705300422	-0.0471036785979	-0.0750990877832	-0.035962967651	0.0055956497597	-0.00348973671014	-0.0571009953969	-0.00095151479718	0.0181323629168	0.0484827150971	-0.0395069600078	-0.0252998216609	0.0388643428357	-0.031969892197	-0.0236415024672	-0.00348667206228	-0.0556482886948	-0.00172921513449	-0.024544062286	-0.0879353498948
k__Bacteria;p__Bacteroidetes;c__Bacteroidia;o__Bacteroidales;f__Bacteroidaceae;g__Bacteroides;s__Bacteroides_cellulosilyticus	0.0546714157434	0.0551906579336	0.0140131750478	-0.0104438309264	0.0585906731583	0.0164430254009	-0.0235631873279	0.00677920967239	-0.0242630866202	-0.00226192732792	0.00717127238724	0.0203867463625	1.0	0.0333186574979	0.0144243226925	-0.0483259179854	-0.00889746909834	-0.0923317515487	-0.0133500018638	0.0235946302715	-0.0328661175363	-0.0119260910871	0.00231904722753	-0.00956848103886	0.0113863941281	-0.0494633249556	-0.0274721191414	-0.050359975478	-0.0206555606581	-0.0521846890931	-0.00246561884451	-0.0175736866661	-0.0032698029537	-0.0273569456004	0.0188263208693	-0.0574683054272	-0.0225590065314	-0.0362626892699	-0.0661867039783	0.0931734474117	0.0518487755272	-0.0301780389339	-0.00775735372251	-0.0685770800629	-0.0201927313129	0.0236467043511	-0.0478238699767	-0.0505256367811	-0.0251168582115	-0.00867497363758	-0.0391608082729	-0.0433979492379	0.00559236536367	0.0473921057624	-0.123790931982	0.00304267440987	0.0602460764189	0.0325502560457	-0.0230262723775
k__Bacteria;p__Bacteroidetes;c__Bacteroidia;o__Bacteroidales;f__Rikenellaceae;g__Alistipes;s__Alistipes_obesi	0.00186338117987	-0.0446212666523	0.029157141654	0.0227029170893	0.0072091673616	0.0168409803371	0.0488436298035	-0.0118302590308	-0.0577867907409	0.0507951303636	-0.00383712578099	-0.0474351954857	0.0333186574979	1.0	-0.034499321418	-0.0172635822971	-0.0587723108958	-0.00501076020984	0.0281724232679	0.00971108403591	0.00761647540637	-0.0471035538027	-0.0272354008573	0.0760414666584	-0.0035247927797	-0.0249851091701	-0.0427496043754	-0.0203803502362	0.0826914337391	-0.0409732340349	0.0444317687131	0.00834967941184	-0.0677037013564	0.00223426950288	0.0293938441675	-0.0906782150165	0.0298270773699	0.047561617897	0.02187949361	0.0152545083194	-0.0666566311283	-0.0293192871304	0.0141861473858	-0.0627512346518	0.00739440999416	-0.0233151389795	-0.0236244271241	0.04224703683	-0.0351055185356	-0.0213096116112	0.0591556873838	-0.0164593365761	0.0164851714788	-0.0815947267181	-0.046284706087	-0.0183643626143	-0.0179663812724	-0.00845203199593	0.0750746164538
k__Bacteria;p__Firmicutes;c__Clostridia;o__Clostridiales;f__Lachnospiraceae;g__;s__[Eubacterium]_rectale	0.0605150323863	0.0130891961878	0.020139053315	-0.0138977789497	-0.0223360854875	0.0193060660404	-0.0647313762865	-0.0260046786761	0.00214608117979	-0.0587858026879	0.0525494789816	0.0130819141798	0.0144243226925	-0.034499321418	1.0	-0.0327459011384	0.000476404481755	0.0127477633502	-0.0130735212336	-0.0136986840092	-0.0581457518099	-0.0481645462585	0.0168068505081	0.0651072368509	-0.0191317720329	-0.065301774896	0.037077273946	0.0639770923108	0.0224637186838	0.0149811661904	-0.0771796645608	-0.0186057868515	-0.0238314508257	0.0260438684922	-0.0001363871883	-0.0159042039475	-0.0284969080941	-0.0205649699815	-0.0558872333823	0.0463002923109	-0.0597083976596	0.0264618845081	-0.0505241430965	0.0149461898172	-0.0281675750062	0.047080059201	-0.0154097344644	0.0353430042919	0.0343652428878	0.0331798783439	0.00281236037687	-0.0361532649864	-0.0227630192834	-0.0238113314333	-0.061150148282	-0.0843232895049	-0.0128520055036	0.0250232788599	-0.0193652131649
k__Bacteria;p__Bacteroidetes;c__Bacteroidia;o__Bacteroidales;f__Bacteroidaceae;g__Bacteroides;s__Bacteroides_plebeius	0.00208833369403	0.0282344692148	-0.0270045479832	0.0449548111702	0.047446841832	0.0177140797832	-0.00533694721197	-0.0676861198679	-0.0515143000555	-0.0320853469824	-0.00664825085449	-0.0181195696561	-0.0483259179854	-0.0172635822971	-0.0327459011384	1.0	0.00593664270243	0.0488427712756	0.0348318482896	-0.0136907609426	-0.0560677386361	-0.0246494660801	-0.0396887457508	-0.0212721411106	-0.0317670189662	-0.0319726780484	-0.0718725469942	0.0333305936766	-0.0241211768747	0.041980025	0.0510710254778	0.00066414132076	0.0161512261627	0.0272214703438	-0.0082805826232	0.0161877443033	-0.0551261374562	-0.0441924520521	0.0169349934215	-0.0142829003064	-0.00433884399844	0.0311286539603	-0.0388966719639	-0.022250777817	-0.0715112560664	0.0209616239072	-0.0359292466291	-0.0195158013219	-0.0315743194755	-0.00106108845644	-0.0148395566244	-0.0417919224161	-0.0365178598359	-0.0271902031533	-0.0216809787833	-0.0434251191183	-0.065940305436	-0.0298666581015	0.03052418982
k__Bacteria;p__Bacteroidetes;c__Bacteroidia;o__Bacteroidales;f__Bacteroidaceae;g__Bacteroides;s__Bacteroides_fragilis	-0.0370370232122	0.0418647201904	0.00220206957048	-0.0141473746471	-0.0279621100844	-0.00818797699435	0.0231415756021	-0.0474736132908	0.012206191165	-0.0465962261293	0.0193940161946	-0.0356327773938	-0.00889746909834	-0.0587723108958	0.000476404481755	0.00593664270243	1.0	0.0317263906705	-0.0243818732407	0.000444215321973	-0.0258425501327	-0.0332961210034	0.00107265626503	-0.0532133378037	-0.0714187614835	-0.0177306843944	0.0134747161105	-0.0578793252007	0.0282449314498	-0.00540848757509	-0.0802315303641	-0.0668037523835	0.0196439187786	-0.0161022631279	-0.00696896685666	0.0178141273885	0.0266205853316	0.0161542022129	-0.00732281619977	-0.041511224847	-0.0183166905608	0.00683310870071	-0.00990336184198	-0.0163888505314	0.0641592848055	-0.00949620794244	0.0794769734615	-0.0439357980227	-0.0459690922667	-0.00507742180379	-0.022235265108	-0.0131225620248	0.00134073392307	0.0377694874925	-0.123113225194	0.0180848851273	-0.0146550533715	-0.0104259816724	0.0610525823728
k__Bacteria;p__Proteobacteria;c__Betaproteobacteria;o__Burkholderiales;f__Sutterellaceae;g__Sutterella;s__Sutterella_wadsworthensis	-0.00435803668674	-0.00975878057729	-0.0459950574524	-0.0093565694564	-0.0225146192338	-0.0332772765269	0.0115023610907	-0.0156702332781	0.0214474413536	-0.00432053079579	-0.0772673856069	-0.00519642231638	-0.0923317515487	-0.00501076020984	0.0127477633502	0.0488427712756	0.0317263906705	1.0	-0.024378988171	-0.0226205796042	-0.0447229026791	-0.0236430556637	-0.0490019273142	0.00965729994563	0.013084751548	0.0291491541727	-0.0077913083769	0.0658060754354	0.00536739981433	-0.0185412818899	-0.0911912573689	0.0073336205863	0.0382046868101	-0.0450641260657	-0.0329048094911	0.00661120366074	-0.00646167897104	-0.0296859849172	-0.0173911980431	0.0108105531983	-0.0399278733249	-0.0424066578507	0.00107258613328	0.00630847864157	-0.0301334676379	0.0302684463803	0.0157853350416	0.0333312105774	0.0167882580533	0.0531595189082	0.0279142141992	-0.0427430498656	-0.025000515312	-0.0217083341088	0.0505353664517	0.0133830472608	-0.0564190544842	0.0441821248621	-0.0288407676286
k__Bacteria;p__Bacteroidetes;c__Bacteroidia;o__Bacteroidales;f__Porphyromonadaceae;g__Barnesiella;s__Barnesiella_intestinihominis	-0.0107513597845	0.020638084896	0.0153825588205	0.0249106085306	0.0429117467291	0.000520398123475	-0.0728039880423	-0.0664107055882	-0.0436327175698	-0.00690706052453	0.00515777567313	0.00420591310767	-0.0133500018638	0.0281724232679	-0.0130735212336	0.0348318482896	-0.0243818732407	-0.024378988171	1.0	-0.0376554031297	0.0140640293432	-0.0259308088094	0.00244629990834	-0.0247486242959	-0.00357559627615	0.0109602429261	-0.0358121576964	0.0121207273741	-0.00691609173063	-0.0348315538563	0.0770997256099	0.0429705692717	0.00500729856144	-0.0154050623924	0.0420752027251	0.000721893433017	0.0121104645433	0.00979617890416	-0.0905925519041	-0.00670151306331	-0.0448199274731	0.00652606481871	0.00951059061901	-0.0182575101028	0.0457857022555	0.0614273072473	0.0222757935319	-0.028817024132	-0.0622401211296	0.0325238732743	-0.0113276187666	-0.0254120763543	-0.0312609878208	-0.0820344013813	-0.00323533689556	-0.043933872023	-0.00332404064909	0.0425210997797	0.0206960123604
k__Bacteria;p__Bacteroidetes;c__Bacteroidia;o__Bacteroidales;f__Odoribacteraceae;g__Odoribacter;s__Odoribacter_splanchnicus	0.00919247866433	0.0194932908408	0.0418258327501	-0.0291491885611	-0.0572886045746	0.030120450438	-0.00357287757479	-0.0378624568323	-0.0484837366367	-0.0149789982081	-0.0113898331406	0.0199699280026	0.0235946302715	0.00971108403591	-0.0136986840092	-0.0136907609426	0.000444215321973	-0.0226205796042	-0.0376554031297	1.0	-0.00219363600927	-0.00250502051971	0.0365199422246	-0.0306062088063	-0.0531843267292	-0.0654569939208	-0.000747893557843	0.0074748990553	-0.00870551722456	-0.0178136003263	0.00504703661816	0.0169924225008	0.00964484310216	-0.0116704601006	-0.0668398109833	0.0409427061686	0.0247668865679	0.0108086129823	-0.0119033696951	-0.0122747158958	-0.0314313734683	-0.0305959653135	-0.0125140182277	-0.0245695105448	0.00101922546867	0.0610851519702	0.00452389229415	0.0218970370675	0.0118316601434	-0.0426688327939	-0.0273142818949	0.00698908451504	-0.0312984133786	0.0237964554471	0.0242429561576	-0.0509851686471	-0.0100515694216	0.0237318588941	0.0133126800229
k__Bacteria;p__Bacteroidetes;c__Bacteroidia;o__Bacteroidales;f__Bacteroidaceae;g__Bacteroides;s__Bacteroides_salyersiae	-0.0595984549228	-0.0042879022662	0.0504405166429	-0.00700376874745	0.0104954566992	-0.0018549726241	0.00941277458451	-0.0456895490467	-0.0351883025577	0.0219616045286	-0.0388420172244	0.024163859248	-0.0328661175363	0.00761647540637	-0.0581457518099	-0.0560677386361	-0.0258425501327	-0.0447229026791	0.0140640293432	-0.00219363600927	1.0	-0.0248343684544	-0.0396203334298	0.00354060781771	-0.0257896453931	-0.0159872458634	-0.0398449855495	-0.116989125823	-0.0537645762889	0.0447786270414	0.0290302595823	0.000770978409908	0.0352106579405	0.0199556947935	-0.0368096741677	-0.0262188231627	-0.100147809147	-0.0130333145972	-0.0887301744512	0.0190591099993	-0.0287729710059	0.0268348336273	0.0192957279313	-0.0184431142818	0.0568985139938	0.0162030834209	-0.0178176746029	0.00325503097013	-0.0110606508558	-0.0293845760144	-0.00844854868442	0.010857581696	-0.0323371001115	0.00101485808063	-0.04185557566	-0.0192456358631	-0.00956630170128	-0.00933509426417	-0.041138164469
k__Bacteria;p__Firmicutes;c__Clostridia;o__Clostridiales;f__Ruminococcaceae;g__Ruminiclostridium;s__[Eubacterium]_siraeum	0.0290059539287	0.0635952478584	-0.0295445750899	0.0151470255232	0.0151583806577	0.041877470839	-0.0522634433707	-0.0309525395156	0.0234095213414	-0.0170688680164	-0.0976367793223	0.0250215076988	-0.0119260910871	-0.0471035538027	-0.0481645462585	-0.0246494660801	-0.0332961210034	-0.0236430556637	-0.0259308088094	-0.00250502051971	-0.0248343684544	1.0	0.00466498682507	-0.0199196086759	-0.0219040213436	-0.0329910781306	0.000872611856433	0.0236914066316	-0.0353218129144	0.0237662159839	-0.0279665911056	-0.0376236451882	-0.0245306225676	-0.0313342413145	-0.0241978631756	-0.00590687515919	0.0359110379615	-0.0453729652444	-0.00447690606725	-0.0456999785961	-0.0251178662202	-0.0511110174256	0.0313675670099	-0.0318048054222	0.0843117385864	0.0142033503915	0.0084405061403	-0.0331136647452	-0.065785939515	-0.000292171738395	-0.0437749981481	-0.0628003656252	0.0287236114949	-0.0464417494802	-0.0292412497004	-0.0501012459329	-0.00660590578533	0.00204948919997	0.0490100581533
k__Bacteria;p__Proteobacteria;c__Betaproteobacteria;o__Burkholderiales;f__Sutterellaceae;g__Parasutterella;s__Parasutterella_excrementihominis	-0.0426049845842	-0.0771667802369	0.0776370813952	0.0306516682302	-0.0566799375604	-0.0013421961919	0.0300870723678	0.0152642648124	-0.0149891648441	-0.0683976613339	-0.0534359203195	-0.0265438691999	0.00231904722753	-0.0272354008573	0.0168068505081	-0.0396887457508	0.00107265626503	-0.0490019273142	0.00244629990834	0.0365199422246	-0.0396203334298	0.00466498682507	1.0	-0.0123076278657	0.00202016020946	0.0129304587193	0.0573477250613	-0.0608077766753	-0.033098828125	-0.0179183335505	-0.010579420549	-0.0338811564479	-0.0703516266833	-0.0245415209581	-0.0234928664327	0.00870530734893	-0.0318776932427	-0.0191702647226	-0.0390876342761	0.0509349055777	0.0254655431645	0.0355660505699	0.0360862495581	0.00587158389692	0.0349391658183	0.026104024494	-0.0227873361154	0.00458909666774	-0.0557138015345	-0.0605640044675	-0.0383831342127	-0.0457159685003	-0.00826882556672	0.0100570445942	0.0310473022484	0.0659668346927	0.0514936811447	-0.0091953900481	0.0325974655875
k__Bacteria;p__Actinobacteria;c__Actinobacteria;o__Bifidobacteriales;f__Bifidobacteriaceae;g__Bifidobacterium;s__Bifidobacterium_adolescentis	0.021388406457	0.00737885392461	-0.0252790137448	-0.0517564304297	0.0611344298217	-0.0400431816725	-0.0197956422143	-0.0260412470174	-0.00597228069613	0.0179856383819	-0.0555881971131	-0.00225213961555	-0.00956848103886	0.0760414666584	0.0651072368509	-0.0212721411106	-0.0532133378037	0.00965729994563	-0.0247486242959	-0.0306062088063	0.00354060781771	-0.0199196086759	-0.0123076278657	1.0	0.045035663237	0.0499605345084	0.00871444744606	0.0592203870788	-0.0851417704986	-0.0101003082896	-0.0370785355019	-0.0860137765547	-0.0186321507265	0.0129910427499	0.0541360175346	-0.0262897207052	-0.0029462661837	-0.102112518479	0.00219358841364	0.0507983323688	0.00481611712503	-0.0575991161841	-0.0314618257445	-0.0275740575265	-0.044445263881	0.011535980284	-0.0152883925189	-0.0610548999646	0.0117403212502	-0.0103998628473	0.00725299726968	0.00736350607182	-0.00287543614863	-0.0261815538874	0.109091508291	-0.0102040930477	-0.0116787084929	0.025180373208	-0.0170239361783
k__Bacteria;p__Firmicutes;c__Clostridia;o__Clostridiales;f__Oscillospiraceae;g__Oscillibacter;s__Oscillibacter_sp._KLE_1745	0.0267731712716	-0.00531933794121	0.000256837828095	0.0254129602079	0.0388306264767	-0.0460607226099	-0.0275996330058	0.00689963586524	0.0409227631325	0.0608795931391	-0.0295125887965	-0.0518663431815	0.0113863941281	-0.0035247927797	-0.0191317720329	-0.0317670189662	-0.0714187614835	0.013084751548	-0.00357559627615	-0.0531843267292	-0.0257896453931	-0.0219040213436	0.00202016020946	0.045035663237	1.0	-0.0236802551955	0.021275960469	0.0144962945403	0.0285585184858	-0.015417637664	-0.0243466492574	-0.0142189108593	-0.0633846618276	-0.0509644680221	-0.0501873959793	-0.00598842991126	0.0182932262455	0.0621102296658	-0.0242588055319	0.0164266895999	0.0505458069812	-0.0106730650423	-0.00469655328411	-0.0209122685051	0.0348987812454	-0.0198632459436	-0.023333632236	0.016384491606	-0.0600970747815	0.0242738763502	-0.0394755758793	0.035426204216	0.0405795262635	0.00393797447092	0.0397475386853	-0.00145274458618	-0.00476079272333	-0.0568692868605	-0.0601793371904
k__Bacteria;p__Bacteroidetes;c__Bacteroidia;o__Bacteroidales;f__Bacteroidaceae;g__Bacteroides;s__Bacteroides_coprophilus	0.00928862621448	0.0199502619148	-0.0659134391061	0.0013741356522	-0.0215191274017	-0.0169702346364	0.0595491016144	-0.0460068709873	-0.00418295998032	-0.00138074506646	-0.0093598304567	-0.112306521514	-0.0494633249556	-0.0249851091701	-0.065301774896	-0.0319726780484	-0.0177306843944	0.0291491541727	0.0109602429261	-0.0654569939208	-0.0159872458634	-0.0329910781306	0.0129304587193	0.0499605345084	-0.0236802551955	1.0	-0.0440444871677	-0.00765605955515	-0.0129891686258	-0.00184720000208	-0.068477107014	0.0208202450994	0.0244234054133	0.000940452596365	-0.0609570855656	-0.00719565752287	-0.0424434683577	0.00847829389709	0.0285180138873	-0.0222704246147	-0.0691221215449	-0.0223351090873	-0.0291169048302	0.0525465154807	-0.0591423581374	0.0348768453613	-0.0545967293079	0.00125709365227	0.0228112442822	0.0303554036398	-0.01877146916	-0.124278419283	0.0245582840078	-0.0458487759625	0.0502628393769	0.0177376511652	0.00702585621148	0.0141883340126	0.0185403941391
k__Bacteria;p__Firmicutes;c__Clostridia;o__Clostridiales;f__Lachnospiraceae;g__Roseburia;s__Roseburia_intestinalis	0.0120769499988	-0.0355641734662	-0.0328016158665	-0.0609218606926	-0.0660909023749	-0.0258405456023	-0.00600674317224	0.00218250224617	0.0706248129021	-0.0146759432213	-0.0179475372928	-0.0186842394758	-0.0274721191414	-0.0427496043754	0.037077273946	-0.0718725469942	0.0134747161105	-0.0077913083769	-0.0358121576964	-0.000747893557843	-0.0398449855495	0.000872611856433	0.0573477250613	0.00871444744606	0.021275960469	-0.0440444871677	1.0	-0.0416286598948	-0.0385773444635	0.0118665377161	0.0867402603025	0.00109015701707	0.0112704837333	-0.0314479632816	0.0219026090868	0.0129230935484	-0.0108396623215	0.0740384718891	0.0125725854884	-0.0487320990002	0.0198554285409	-0.0299701975357	0.0175343960596	0.0274138517715	0.0700070134126	0.0364443455679	0.0362364856928	0.0259024453615	-0.0153402743256	-0.0252420865355	-0.00413054096876	-0.0834779961142	0.00967297899417	0.0103391374849	-0.0438690959574	0.0254714367008	0.0223629856057	-0.0287716129029	0.0349874805369
k__Bacteria;p__Firmicutes;c__Clostridia;o__Clostridiales;f__Lachnospiraceae;g__Roseburia;s__Roseburia_hominis	0.0675263457504	-0.0582240941676	0.0329686804276	-0.0281011184524	-0.0177772054271	0.0100191480814	0.0159800964925	0.0598050674294	0.0343484750681	-0.000386488356227	-0.00520469442749	-0.00217495886045	-0.050359975478	-0.0203803502362	0.0639770923108	0.0333305936766	-0.0578793252007	0.0658060754354	0.0121207273741	0.0074748990553	-0.116989125823	0.0236914066316	-0.0608077766753	0.0592203870788	0.0144962945403	-0.00765605955515	-0.0416286598948	1.0	-0.00306212806987	0.018317300926	0.0285026503595	0.0403232378686	0.00133792592625	-0.00484907233799	-0.0426866284253	-0.056932895718	0.0130996284556	0.00288901111306	-0.00412113480272	-0.0491260014342	-0.0179532609726	-0.0520822846973	-0.0752240878445	0.00370482092226	-0.0473698294496	-0.0270416710682	-0.0110386802273	-0.0272289170164	-0.0259177836346	0.0169061645808	0.00611850067743	-0.0049298895969	-0.0595770411349	0.0498021058627	-0.00350518633888	-0.0873255803616	-0.0307038230902	-0.0376575608829	-0.00911175113191
k__Bacteria;p__Bacteroidetes;c__Bacteroidia;o__Bacteroidales;f__Porphyromonadaceae;g__Parabacteroides;s__Parabacteroides_johnsonii	-0.0142885202246	-0.0279943446465	-0.00702648345301	0.0123284102218	0.0664333578232	0.0613000101646	-0.0618697706717	0.0346799818963	-0.029681842608	-0.0838550646085	0.000856105234899	-0.0175154179716	-0.0206555606581	0.0826914337391	0.0224637186838	-0.0241211768747	0.0282449314498	0.00536739981433	-0.00691609173063	-0.00870551722456	-0.0537645762889	-0.0353218129144	-0.033098828125	-0.0851417704986	0.0285585184858	-0.0129891686258	-0.0385773444635	-0.00306212806987	1.0	0.0967434045574	-0.0557489088761	-0.046903405018	0.0559015857126	-0.023705418343	0.020994567107	0.0412306589351	0.0728068083971	-0.0648467644795	0.0279604926821	-0.058913544384	-0.00330607266767	-0.0614380415343	0.0150484295488	-0.0126387966073	-0.0470275981772	0.0244273589397	-0.0174004481169	0.00194940511418	-0.0249291634179	0.0143571398531	-0.0895168715162	-7.82308156966e-05	0.00258044568536	-0.0589920801129	-0.034145436281	-0.0688705347978	-0.00736412816078	-0.0360814494925	-0.00547568445351
k__Bacteria;p__Actinobacteria;c__Actinobacteria;o__Bifidobacteriales;f__Bifidobacteriaceae;g__Bifidobacterium;s__Bifidobacterium_longum	0.0463539305962	0.0109338810305	0.0363331182515	0.0514326935135	-0.0341781369106	-0.0361741811051	0.0413914021445	0.0389032091348	-0.0661319098309	-0.00517946969871	0.0143511877196	0.0456575056206	-0.0521846890931	-0.0409732340349	0.0149811661904	0.041980025	-0.00540848757509	-0.0185412818899	-0.0348315538563	-0.0178136003263	0.0447786270414	0.0237662159839	-0.0179183335505	-0.0101003082896	-0.015417637664	-0.00184720000208	0.0118665377161	0.018317300926	0.0967434045574	1.0	-0.00950061351536	0.0617864334763	-0.0532042831563	-0.0571552659026	-0.0375276149939	-0.0463872953814	0.000522691767274	0.0730853658237	-0.00677758788433	-0.0645666217678	-0.0534435220829	0.0312099203745	-0.0484388916713	-0.0484451323778	0.0456038226996	0.00922128388533	0.0428862258587	0.0233869513797	-0.0471572346574	-0.058133149223	-0.00180754765645	-0.00593920858092	-0.00383969181069	-0.0170071881617	0.0263955358562	0.0334990386083	-0.0126904180342	-0.0379539775809	-0.0229058490516
