#taxonomy	k__Bacteria;p__Bacteroidetes;c__Bacteroidia;o__Bacteroidales;f__Bacteroidaceae;g__Bacteroides;s__Bacteroides_vulgatus	k__Bacteria;p__Bacteroidetes;c__Bacteroidia;o__Bacteroidales;f__Bacteroidaceae;g__Bacteroides;s__Bacteroides_uniformis	k__Bacteria;p__Bacteroidetes;c__Bacteroidia;o__Bacteroidales;f__Rikenellaceae;g__Alistipes;s__Alistipes_putredinis	k__Bacteria;p__Bacteroidetes;c__Bacteroidia;o__Bacteroidales;f__Prevotellaceae;g__Prevotella;s__Prevotella_copri	k__Bacteria;p__Bacteroidetes;c__Bacteroidia;o__Bacteroidales;f__Bacteroidaceae;g__Bacteroides;s__Bacteroides_stercoris	k__Bacteria;p__Bacteroidetes;c__Bacteroidia;o__Bacteroidales;f__Bacteroidaceae;g__Bacteroides;s__Bacteroides_ovatus	k__Bacteria;p__Bacteroidetes;c__Bacteroidia;o__Bacteroidales;f__Rikenellaceae;g__Alistipes;s__Alistipes_shahii	k__Bacteria;p__Firmicutes;c__Clostridia;o__Clostridiales;f__Ruminococcaceae;g__Faecalibacterium;s__Faecalibacterium_prausnitzii	k__Bacteria;p__Bacteroidetes;c__Bacteroidia;o__Bacteroidales;f__Rikenellaceae;g__Alistipes;s__Alistipes_finegoldii	k__Bacteria;p__Bacteroidetes;c__Bacteroidia;o__Bacteroidales;f__Porphyromonadaceae;g__Parabacteroides;s__Parabacteroides_distasonis	k__Bacteria;p__Bacteroidetes;c__Bacteroidia;o__Bacteroidales;f__Bacteroidaceae;g__Bacteroides;s__Bacteroides_thetaiotaomicron	k__Bacteria;p__Bacteroidetes;c__Bacteroidia;o__Bacteroidales;f__Bacteroidaceae;g__Bacteroides;s__Bacteroides_coprocola	k__Bacteria;p__Bacteroidetes;c__Bacteroidia;o__Bacteroidales;f__Bacteroidaceae;g__Bacteroides;s__Bacteroides_cellulosilyticus	k__Bacteria;p__Bacteroidetes;c__Bacteroidia;o__Bacteroidales;f__Rikenellaceae;g__Alistipes;s__Alistipes_obesi	k__Bacteria;p__Firmicutes;c__Clostridia;o__Clostridiales;f__Lachnospiraceae;g__;s__[Eubacterium]_rectale	k__Bacteria;p__Bacteroidetes;c__Bacteroidia;o__Bacteroidales;f__Bacteroidaceae;g__Bacteroides;s__Bacteroides_plebeius	k__Bacteria;p__Bacteroidetes;c__Bacteroidia;o__Bacteroidales;f__Bacteroidaceae;g__Bacteroides;s__Bacteroides_fragilis	k__Bacteria;p__Proteobacteria;c__Betaproteobacteria;o__Burkholderiales;f__Sutterellaceae;g__Sutterella;s__Sutterella_wadsworthensis	k__Bacteria;p__Bacteroidetes;c__Bacteroidia;o__Bacteroidales;f__Porphyromonadaceae;g__Barnesiella;s__Barnesiella_intestinihominis	k__Bacteria;p__Bacteroidetes;c__Bacteroidia;o__Bacteroidales;f__Odoribacteraceae;g__Odoribacter;s__Odoribacter_splanchnicus	k__Bacteria;p__Bacteroidetes;c__Bacteroidia;o__Bacteroidales;f__Bacteroidaceae;g__Bacteroides;s__Bacteroides_salyersiae	k__Bacteria;p__Firmicutes;c__Clostridia;o__Clostridiales;f__Ruminococcaceae;g__Ruminiclostridium;s__[Eubacterium]_siraeum	k__Bacteria;p__Proteobacteria;c__Betaproteobacteria;o__Burkholderiales;f__Sutterellaceae;g__Parasutterella;s__Parasutterella_excrementihominis	k__Bacteria;p__Actinobacteria;c__Actinobacteria;o__Bifidobacteriales;f__Bifidobacteriaceae;g__Bifidobacterium;s__Bifidobacterium_adolescentis	k__Bacteria;p__Firmicutes;c__Clostridia;o__Clostridiales;f__Oscillospiraceae;g__Oscillibacter;s__Oscillibacter_sp._KLE_1745	k__Bacteria;p__Bacteroidetes;c__Bacteroidia;o__Bacteroidales;f__Bacteroidaceae;g__Bacteroides;s__Bacteroides_coprophilus	k__Bacteria;p__Firmicutes;c__Clostridia;o__Clostridiales;f__Lachnospiraceae;g__Roseburia;s__Roseburia_intestinalis	k__Bacteria;p__Firmicutes;c__Clostridia;o__Clostridiales;f__Lachnospiraceae;g__Roseburia;s__Roseburia_hominis	k__Bacteria;p__Bacteroidetes;c__Bacteroidia;o__Bacteroidales;f__Porphyromonadaceae;g__Parabacteroides;s__Parabacteroides_johnsonii	k__Bacteria;p__Actinobacteria;c__Actinobacteria;o__Bifidobacteriales;f__Bifidobacteriaceae;g__Bifidobacterium;s__Bifidobacterium_longum	k__Bacteria;p__Firmicutes;c__Clostridia;o__Clostridiales;f__;g__Flavonifractor;s__Flavonifractor_plautii	k__Bacteria;p__Firmicutes;c__Clostridia;o__Clostridiales;f__Clostridiaceae;g__Clostridium;s__Clostridium_phoceensis	k__Bacteria;p__Verrucomicrobia;c__Verrucomicrobiae;o__Verrucomicrobiales;f__Akkermansiaceae;g__Akkermansia;s__Akkermansia_muciniphila	k__Bacteria;p__Bacteroidetes;c__Bacteroidia;o__Bacteroidales;f__Prevotellaceae;g__Paraprevotella;s__Paraprevotella_xylaniphila	k__Bacteria;p__Firmicutes;c__Clostridia;o__Clostridiales;f__Ruminococcaceae;g__Ruminococcus;s__Ruminococcus_callidus	k__Bacteria;p__Bacteroidetes;c__Bacteroidia;o__Bacteroidales;f__Rikenellaceae;g__Alistipes;s__Alistipes_senegalensis	k__Bacteria;p__Firmicutes;c__Clostridia;o__Clostridiales;f__Lachnospiraceae;g__Blautia;s__Blautia_sp._KLE_1732	k__Bacteria;p__Bacteroidetes;c__Bacteroidia;o__Bacteroidales;f__Bacteroidaceae;g__Bacteroides;s__Bacteroides_oleiciplenus	k__Bacteria;p__Firmicutes;c__Clostridia;o__Clostridiales;f__Ruminococcaceae;g__Ruminococcus;s__Ruminococcus_bicirculans	k__Bacteria;p__Bacteroidetes;c__Bacteroidia;o__Bacteroidales;f__Bacteroidaceae;g__Bacteroides;s__Bacteroides_fluxus	k__Bacteria;p__Bacteroidetes;c__Bacteroidia;o__Bacteroidales;f__Prevotellaceae;g__Prevotella;s__Prevotella_stercorea	k__Bacteria;p__Firmicutes;c__Clostridia;o__Clostridiales;f__Lachnospiraceae;g__Dorea;s__Dorea_longicatena	k__Bacteria;p__Firmicutes;c__Clostridia;o__Clostridiales;f__Eubacteriaceae;g__Eubacterium;s__[Eubacterium]_eligens	k__Bacteria;p__Firmicutes;c__Clostridia;o__Clostridiales;f__Ruminococcaceae;g__;s__Ruminococcaceae_bacterium_D16	k__Bacteria;p__Firmicutes;c__Clostridia;o__Clostridiales;f__Lachnospiraceae;g__Coprococcus;s__Coprococcus_comes	k__Bacteria;p__Proteobacteria;c__Gammaproteobacteria;o__Enterobacterales;f__Enterobacteriaceae;g__Escherichia;s__Escherichia_coli	k__Bacteria;p__Firmicutes;c__Clostridia;o__Clostridiales;f__Ruminococcaceae;g__Anaerotruncus;s__Anaerotruncus_colihominis	k__Bacteria;p__Firmicutes;c__Clostridia;o__Clostridiales;f__Lachnospiraceae;g__Blautia;s__Blautia_obeum	k__Bacteria;p__Bacteroidetes;c__Bacteroidia;o__Bacteroidales;f__Odoribacteraceae;g__Odoribacter;s__Odoribacter_laneus	k__Bacteria;p__Firmicutes;c__Clostridia;o__Clostridiales;f__Ruminococcaceae;g__Ruminiclostridium;s__[Clostridium]_leptum	k__Bacteria;p__Bacteroidetes;c__Bacteroidia;o__Bacteroidales;f__Porphyromonadaceae;g__Parabacteroides;s__Parabacteroides_goldsteinii	k__Bacteria;p__Firmicutes;c__Clostridia;o__Clostridiales;f__Lachnospiraceae;g__Anaerostipes;s__Anaerostipes_hadrus	k__Bacteria;p__Firmicutes;c__Clostridia;o__Clostridiales;f__Ruminococcaceae;g__Ruminococcus;s__Ruminococcus_lactaris	k__Bacteria;p__Firmicutes;c__Clostridia;o__Clostridiales;f__Clostridiaceae;g__Clostridium;s__Clostridium_sp._L2-50	k__Bacteria;p__Firmicutes;c__Clostridia;o__Clostridiales;f__Clostridiaceae;g__Clostridium;s__Clostridium_sp._M62/1	k__Bacteria;p__Firmicutes;c__Clostridia;o__Clostridiales;f__;g__Intestinimonas;s__Intestinimonas_butyriciproducens	k__Bacteria;p__Actinobacteria;c__Actinobacteria;o__Bifidobacteriales;f__Bifidobacteriaceae;g__Bifidobacterium;s__Bifidobacterium_bifidum	k__Bacteria;p__Firmicutes;c__Negativicutes;o__Veillonellales;f__Veillonellaceae;g__Dialister;s__Dialister_invisus	k__Bacteria;p__Bacteroidetes;c__Bacteroidia;o__Bacteroidales;f__Bacteroidaceae;g__Bacteroides;s__Bacteroides_salanitronis
k__Bacteria;p__Bacteroidetes;c__Bacteroidia;o__Bacteroidales;f__Bacteroidaceae;g__Bacteroides;s__Bacteroides_vulgatus	1.0	-0.0195704631662	-0.049684824241	0.035699655908	-0.00220169031178	0.0861750925818	0.0400738925053	0.0333300424007	0.0218218417451	-0.0626251727754	-0.0235083554096	-0.00217796396754	0.0235665699838	-0.0172137730187	-0.0936731549004	0.00772367981066	-0.0165429467259	-0.00163252029809	-0.0704585032896	-0.00700727041659	0.0340315306994	-0.0207978519405	0.0773790645934	0.0330408140098	-0.0168769438321	-0.032414422565	0.0475729251727	-0.026785316095	-0.0158147906568	-0.0503251251343	-0.0405944349683	0.0550740449931	0.0141015022378	-0.101247077877	0.0630627173006	-0.0365260912689	0.0303845458115	-0.0868821082952	-0.0671235876633	-0.00864750686641	-0.00959758473335	0.0284332040954	-0.0613331405104	-0.0539320884492	-0.0381221791434	0.0476686367934	0.0168958568479	0.0305271114247	-0.0772227366662	0.00919028543996	0.0117544842698	-0.0903849815107	0.0846464004601	-0.0237770662347	-0.0236398752323	-0.0351756271973	-0.0313383021804	-0.0380858018602	-0.0793775471448
k__Bacteria;p__Bacteroidetes;c__Bacteroidia;o__Bacteroidales;f__Bacteroidaceae;g__Bacteroides;s__Bacteroides_uniformis	-0.0195704631662	1.0	-0.0581049703195	-0.0315956294979	0.00193071027761	-0.0221417558996	-0.0395275253954	-0.0124758678993	0.039493657665	-0.0367558797425	-0.042834634515	-0.017824396993	-0.0367182994925	-0.0368909600824	0.0584244553372	-0.0525373565417	0.00175160345901	-0.00617019533521	-0.0321372151949	0.0360664793328	-0.0659297238442	-0.0491182438479	-0.0140681441086	0.0780413163025	-0.0254649804048	-0.0127310283006	0.0201555685803	-0.00874751744021	0.0137128914727	-0.024905358459	0.0376413371321	0.00432636825679	0.0416261676904	-0.0175790262459	-0.0491007690863	-0.0189847060041	-0.0679157737491	0.0338308001154	-0.0174362505516	-0.00811849928787	-0.0420682200679	0.0222425166913	-0.0665931000872	-0.0154118296329	-0.00755467026383	-0.0431125404206	-0.00565384769137	0.0431372809405	-0.06463692213	0.0049000970859	0.0586633825969	0.00622142169251	-0.0465086733795	0.00910164003369	0.0195474248551	0.0161906236947	-0.0017517397784	0.0254103986588	-0.018781166827
k__Bacteria;p__Bacteroidetes;c__Bacteroidia;o__Bacteroidales;f__Rikenellaceae;g__Alistipes;s__Alistipes_putredinis	-0.049684824241	-0.0581049703195	1.0	-0.0482467212229	-0.0936976943102	0.0724535681895	-0.0245698908665	0.0605086077699	-0.0358696798307	-0.0097250460065	0.0126367142079	-0.0380375089717	0.0382315576561	-0.0112329430286	-0.00106255522089	-0.0311947939954	-8.15012482282e-05	-0.00549303775771	-0.0413870758244	-0.00610782649635	-0.0524422977928	-0.0703696869353	0.0216109903759	-0.0409139400135	-0.031123725291	-0.0386959188353	-0.0496994301829	-0.0272275050104	0.0103039631708	0.0397967994061	-0.0761138530128	0.00664516046163	-0.0336736466808	-0.0225932415111	-0.0475730610529	0.00539951329513	-0.021333314507	0.0398073375431	-0.0656661864329	-0.038331240621	-0.0212156471848	0.019342391048	-0.00516744424015	-0.0553203701772	-0.00821315193167	-0.0322882607967	-0.0347058354159	0.0379040834279	0.0373293645532	0.0280998706821	0.0391360567097	0.0568194536042	0.019731550468	-0.0708875871944	-0.0369921181	-0.0970884394657	0.00928445282736	-0.0156353467131	-0.0337068812176
k__Bacteria;p__Bacteroidetes;c__Bacteroidia;o__Bacteroidales;f__Prevotellaceae;g__Prevotella;s__Prevotella_copri	0.035699655908	-0.0315956294979	-0.0482467212229	1.0	-0.0418066577358	0.0314249345379	-0.0015711558193	-0.0327953385563	-0.0426793650549	-0.0363124817201	0.00501140564492	-0.00820276296716	-0.0462034399172	-0.0297338943794	0.0155834494833	-0.0192049602233	0.0167309662236	0.0317162432228	0.0352704726086	-0.0793445151789	-0.00428038448747	-0.00992965941819	-0.00588911787006	0.00305153584231	0.0195309079741	-0.0438716987184	0.00702977168903	5.24191123418e-05	-0.00849642497798	0.0397795938301	-0.0686276999276	0.0405561148265	-0.0595993060744	-0.0279031372247	0.0347114019615	-0.0244708734794	-0.00504552879915	0.0492455976305	-0.0547916106137	-0.0321700242368	0.0501988036538	-0.0469698906884	-0.0486821574336	-0.0395810064715	0.0362895507752	-0.00580607796052	0.0172746809195	-0.0250933345355	0.0658017453521	-0.0169999131766	-0.0597187619393	-0.0467267945774	-0.0128172251666	0.0200158898614	0.0199232738208	0.0227773483598	0.0445101639072	0.0663062254745	-0.0130779077489
k__Bacteria;p__Bacteroidetes;c__Bacteroidia;o__Bacteroidales;f__Bacteroidaceae;g__Bacteroides;s__Bacteroides_stercoris	-0.00220169031178	0.00193071027761	-0.0936976943102	-0.0418066577358	1.0	-0.00558571060905	-0.0350895059227	0.0153374613119	0.0288769509465	-0.00221997215982	-0.0140515513997	-0.0209932758826	0.014763528911	-0.0532328455368	0.00733535871676	0.0300136630018	-0.032053802963	0.00589698713885	-0.00495844666288	-0.0986210560651	0.0394214548279	-0.010010589992	-0.03985483505	-0.0486611278708	-0.0506028920611	0.0302290807029	-0.0130047430333	-0.0512278276216	0.0178592608331	0.00269147944275	0.0462106709449	0.00839611749355	0.0310431419842	-0.0859446003805	-0.00617914365479	0.0512743250687	0.0173756350641	0.0315727422366	0.0026706409012	0.0323077617389	0.0235511456586	0.00299718871211	0.00219860559188	0.00454594759175	0.0343724178866	0.0522309826421	0.00894351295216	-0.0504764360891	0.00201508737609	-0.076885113652	-0.0289542852741	-0.00350984676452	0.00250165657463	-0.0185317151961	-0.0204706555677	0.000729659324497	-0.0107698111937	0.0141557674651	0.00147345865645
k__Bacteria;p__Bacteroidetes;c__Bacteroidia;o__Bacteroidales;f__Bacteroidaceae;g__Bacteroides;s__Bacteroides_ovatus	0.0861750925818	-0.0221417558996	0.0724535681895	0.0314249345379	-0.00558571060905	1.0	-0.0428609427552	-0.0683711372725	-0.0603629930496	-0.0682181358816	-0.0446710813369	-0.0626685890723	0.00312273293706	-0.0337788212355	0.033119848685	-0.0322860850766	-0.0914158604719	0.0027159384443	-0.0207467536189	0.0296111866922	0.0433570885872	0.0157593147476	0.00983742111212	-0.0141832809762	-0.0530140792624	-0.0172549520379	0.0577041535364	0.00774644206134	-0.0339869731021	-0.00359154613045	0.0411197059452	-0.0680417111583	0.0287175555099	-0.0356587315492	-0.041558041822	-0.0263011504207	0.00743533532122	-0.0717556739782	0.0168661314634	-0.0698813043208	0.0662419318425	-0.0512950701946	-0.0213768161283	0.0150185058266	-0.0506852625006	-0.0352869625391	-0.0122911692016	0.0345714099707	0.0811431953746	0.0182365751286	-0.00666016937155	-0.00928002111118	0.0530257573685	-0.00821369481667	0.00753542512417	-0.0325622101286	0.0563548590491	0.0252855538877	-0.0142196350433
k__Bacteria;p__Bacteroidetes;c__Bacteroidia;o__Bacteroidales;f__Rikenellaceae;g__Alistipes;s__Alistipes_shahii	0.0400738925053	-0.0395275253954	-0.0245698908665	-0.0015711558193	-0.0350895059227	-0.0428609427552	1.0	-0.0537669291107	0.028930290492	0.0144980631728	0.0306790326603	0.0162936695272	-0.0204722623731	0.0130591479662	-0.032137389369	0.0530698634628	0.00646316433187	-0.03960549097	-0.0136774753697	-0.0506399669135	0.0102263589095	-0.00694208982823	0.0386068352889	-0.0246528239639	0.0275963663143	-0.0301163684395	-0.044438716051	-0.0152434532587	-0.0499502355189	-0.0251041459316	-0.0941861093778	0.00149728044843	0.0748201112281	0.0130066948231	-0.0178204815122	-0.0240758612573	0.0230360145734	-0.0278504785125	0.0281686662256	0.0309999155579	-0.00376443642516	-0.069258261517	-0.0427153959924	0.0460208751215	0.0666149914102	-0.00204782826557	-0.0248745360114	-0.00679361209837	0.0127413642236	0.0262415976996	-0.032215006986	-0.0185942015386	-0.00474718837636	-0.00672288817997	-0.0645196216363	-0.0125842187155	0.00570585548394	0.023926549349	-0.0396135233264
k__Bacteria;p__Firmicutes;c__Clostridia;o__Clostridiales;f__Ruminococcaceae;g__Faecalibacterium;s__Faecalibacterium_prausnitzii	0.0333300424007	-0.0124758678993	0.0605086077699	-0.0327953385563	0.0153374613119	-0.0683711372725	-0.0537669291107	1.0	0.0201980307638	0.0495939487504	-0.0144221825086	0.0145222076346	-0.0497011952062	-0.0971214285937	-0.0165221020893	-0.0342914344468	-0.0248495977998	-0.0347902951116	-0.0159853399061	-0.0839588708027	-0.0332927922921	-0.0244388499012	-0.00649175551282	-0.0566409082696	0.00465443088008	0.0270471633156	0.0223920101341	-0.069984529218	0.0849823833953	-0.0207433657213	0.0066174409689	0.0263102908434	-0.00206666317777	-0.01642373633	0.0301193596848	-0.015365064551	0.0653714872918	-0.040731037508	-0.00985025202508	-0.0246514808804	-0.0423153365726	-0.0188241665247	0.0200716111978	-0.0549033424025	-0.031250378535	0.042140928601	0.0376782079747	-0.0245530469372	-0.0203494369461	0.00796073190089	0.0292488987134	0.0196332479463	-0.0247722003932	-0.0528808895244	0.0378898079249	-0.00198092783369	-0.0454959251333	0.0140852274365	0.00370415935982
k__Bacteria;p__Bacteroidetes;c__Bacteroidia;o__Bacteroidales;f__Rikenellaceae;g__Alistipes;s__Alistipes_finegoldii	0.0218218417451	0.039493657665	-0.0358696798307	-0.0426793650549	0.0288769509465	-0.0603629930496	0.028930290492	0.0201980307638	1.0	-0.025138136112	-0.0314173331984	0.0316983253724	-0.0113605247974	0.0220852740224	0.068084499448	-0.0758225203802	0.0525745659878	-0.00965317095882	0.0235014849921	-0.0118263301622	0.000159712697374	-0.0164214698274	0.0380620096855	-0.0207014313278	-0.00422677822713	0.0288301669931	-0.00440289725106	-0.0839904993009	-0.0215137276257	0.0386637271843	-0.0184399125901	-0.0338402457713	-0.00162341929006	0.0232640601921	-0.0145902137495	-0.0190798609605	-0.0409343227292	-0.0149841698689	-0.0303581829227	-0.0600250027391	0.0132892490622	-0.0136187551459	-0.0286290010195	-0.0258936074817	-0.0943830205613	0.0391210625732	0.0315204849955	0.0191306023554	-0.0429383166495	0.0168384520146	-0.0192336204522	0.0298038144633	-0.0405232347427	0.0164851866478	-0.0360106529671	-0.0502664372728	-0.00343017718976	-0.0103271531059	-0.0276348626351
k__Bacteria;p__Bacteroidetes;c__Bacteroidia;o__Bacteroidales;f__Porphyromonadaceae;g__Parabacteroides;s__Parabacteroides_distasonis	-0.0626251727754	-0.0367558797425	-0.0097250460065	-0.0363124817201	-0.00221997215982	-0.0682181358816	0.0144980631728	0.0495939487504	-0.025138136112	1.0	-0.0566413130602	-0.0258308484154	-0.0594478586742	0.00489280311115	-0.0143054917254	-0.00794063583724	0.0201504618437	0.0350249206997	0.060158729007	-0.00457229447484	0.0489509555954	0.00316357333433	0.00958037275321	-0.00332437069838	0.0516918032767	-0.0683896657896	-0.0614264261873	0.0205641387016	0.0193627531839	0.00751630465352	-0.0232509783452	-0.0338412347153	0.0123231533916	0.0172315847543	-0.0104665356162	0.0406623785821	-0.0265390075837	-0.111527335296	0.0609589309568	-0.0204621636945	0.0264549425116	0.0197948290649	-0.0159269607424	0.0168600999862	0.00233943041246	-0.0039123654018	-0.00277767335458	-0.00972648885316	-0.0285994968563	0.0180585243466	0.0805801423388	0.0288343917333	-0.0353583794683	-0.0247914462909	-0.0500691800497	-0.0410656924937	0.011302058771	-0.0179951967689	0.00892497362217
k__Bacteria;p__Bacteroidetes;c__Bacteroidia;o__Bacteroidales;f__Bacteroidaceae;g__Bacteroides;s__Bacteroides_thetaiotaomicron	-0.0235083554096	-0.042834634515	0.0126367142079	0.00501140564492	-0.0140515513997	-0.0446710813369	0.0306790326603	-0.0144221825086	-0.0314173331984	-0.0566413130602	1.0	-0.0153654032343	-0.0673875234361	-0.0341937783922	0.00253873943809	0.041685327322	-0.0199266628887	0.0197013395918	0.0284815182451	0.0172444126824	-0.0330030100176	-0.0246368838425	0.00407122842824	0.0254215158968	-0.00773494765425	0.0349136210293	-0.0184152286229	-0.00950892936368	0.00401803571355	-0.00629712875613	0.00862274645179	-0.00630929012584	0.0377616811576	-0.0220322749629	-0.0898606490077	0.0450413655332	0.0352581321354	0.023866672189	-0.0263040659013	-0.0453239297981	-0.00168735941395	0.0445344562737	-0.0186423220403	-0.00702239648947	-0.00580911773939	0.00287034235559	0.0264858187741	-0.0370136152711	-0.0547253695475	-0.0532317341251	-0.0539374367818	-0.00908969402636	0.0297253940318	0.0181640492345	0.017901970064	-0.00840513677244	-0.0089896393178	0.0345111267135	-0.0056019284898
k__Bacteria;p__Bacteroidetes;c__Bacteroidia;o__Bacteroidales;f__Bacteroidaceae;g__Bacteroides;s__Bacteroides_coprocola	-0.00217796396754	-0.017824396993	-0.0380375089717	-0.00820276296716	-0.0209932758826	-0.0626685890723	0.0162936695272	0.0145222076346	0.0316983253724	-0.0258308484154	-0.0153654032343	1.0	0.00706413787034	0.00926242491363	0.0683173497512	-0.0249639677322	-0.0403469968744	-0.0099948481531	0.00597977143465	-0.00082755187494	-0.0178770891084	-0.00557085644709	0.00713074604824	-0.0516738311436	-0.0784372907838	-0.0169330569535	0.000452183414133	-0.0506154220415	0.00103776272024	0.0146951819192	0.0220512322952	0.00108076453269	-0.00200956311718	0.0287534607791	-0.0120821056988	-0.0737592697556	0.0170898980534	0.0280386821124	-0.0297711910333	0.0480544830693	0.0707319054826	0.00800440457712	-0.00494335850017	-0.0197004160795	-0.0317661100611	0.00281226525174	0.021735844712	-0.010992484	0.049915354156	-0.00296174974724	-0.0384873094966	-0.0590516263212	-0.0524642059511	-0.0123879362597	-0.018343287437	0.00926678890149	-0.0285409033341	0.0261488658769	-0.036380561229
k__Bacteria;p__Bacteroidetes;c__Bacteroidia;o__Bacteroidales;f__Bacteroidaceae;g__Bacteroides;s__Bacteroides_cellulosilyticus	0.0235665699838	-0.0367182994925	0.0382315576561	-0.0462034399172	0.014763528911	0.00312273293706	-0.0204722623731	-0.0497011952062	-0.0113605247974	-0.0594478586742	-0.0673875234361	0.00706413787034	1.0	0.0551128050136	-0.0260385268138	-0.0146495581755	-0.0147019634353	-0.0231961807268	-0.00434501386119	-0.0393696526668	-0.00126401984611	-0.0263334829153	-0.0453365782552	0.0309419661035	-0.0336122293228	-0.00505769665903	-0.0494143758727	-0.00733129437847	0.0181204479738	-0.090327864448	0.0315198380006	0.0402233891193	-0.0762535189163	0.00752691166357	0.0070203904745	0.0146141527817	0.0290525611543	-0.030571224999	-0.0371053242606	0.0309573363693	0.00729579077878	0.0445086757243	0.0149937110166	-0.0339576611059	-0.0482869502335	-0.0387247791052	0.0534677887637	-0.00740888260664	-0.0573241847448	-0.0889844452697	-0.0239209214775	0.00860895770305	0.0149535355715	0.00465921770798	0.0211223999237	-0.0441653133083	-0.0633449432072	0.0697387742969	0.0200600452742
k__Bacteria;p__Bacteroidetes;c__Bacteroidia;o__Bacteroidales;f__Rikenellaceae;g__Alistipes;s__Alistipes_obesi	-0.0172137730187	-0.0368909600824	-0.0112329430286	-0.0297338943794	-0.0532328455368	-0.0337788212355	0.0130591479662	-0.0971214285937	0.0220852740224	0.00489280311115	-0.0341937783922	0.00926242491363	0.0551128050136	1.0	-0.0500627936141	0.0548320852787	-0.0104702791506	-0.0298294305178	-0.0470275979283	-0.0578435807321	0.00264629584351	0.00598228603674	-0.00786821961295	0.0136372261519	-0.0125564119234	-0.0116225048247	-0.0899635556433	0.0500918455966	0.00471757788863	0.0194012634181	-0.00212302480019	-0.0404131220956	-0.0922239912953	-0.0402843026317	-0.011735482169	-0.0248116530353	0.0123450689547	0.0147066982474	-0.00213089318344	-0.01392521369	0.0248420839427	0.046819662189	-0.0398584719949	-0.0725253709288	-0.00783869825925	0.00529925933565	0.0149780602509	-0.0240117881113	-0.00398681981294	0.0299508146666	-0.00914176003692	-0.0346103157199	0.0257402487539	0.0335499047254	-0.0299060702744	-0.0254438409067	-0.013244824543	0.00405083048119	-0.0158220970133
k__Bacteria;p__Firmicutes;c__Clostridia;o__Clostridiales;f__Lachnospiraceae;g__;s__[Eubacterium]_rectale	-0.0936731549004	0.0584244553372	-0.00106255522089	0.0155834494833	0.00733535871676	0.033119848685	-0.032137389369	-0.0165221020893	0.068084499448	-0.0143054917254	0.00253873943809	0.0683173497512	-0.0260385268138	-0.0500627936141	1.0	-0.0208784198456	-0.080411398258	0.00863135589859	0.0133562737407	-0.0376526509151	-0.0135483599137	0.0607329204872	-0.0435472011244	-0.0205676054538	-0.0389949567438	-0.0258623840108	0.0938633589681	-0.00265718715423	-0.0637493878384	-0.0850089363616	0.0705608935173	-0.0195179061794	-0.0238733473988	0.074919761628	0.0288861319811	-0.079260103366	-0.000747026135667	-0.0503447730758	-0.0153811025193	0.004676094913	-0.0491321651885	-0.0372622184865	0.0422022737501	-0.0415443038646	-0.0113357556147	-0.0169929101275	0.00547513885163	-0.0209132011592	0.0510211605128	0.0827254641634	-0.00539374984772	-0.0636797726045	0.0158659644723	0.000293063886427	-0.0429097160421	0.0140907998611	-0.0339573571617	-0.0495266931462	-0.0457645880187
k__Bacteria;p__Bacteroidetes;c__Bacteroidia;o__Bacteroidales;f__Bacteroidaceae;g__Bacteroides;s__Bacteroides_plebeius	0.00772367981066	-0.0525373565417	-0.0311947939954	-0.0192049602233	0.0300136630018	-0.0322860850766	0.0530698634628	-0.0342914344468	-0.0758225203802	-0.00794063583724	0.041685327322	-0.0249639677322	-0.0146495581755	0.0548320852787	-0.0208784198456	1.0	0.00191355734443	0.0238228733167	-0.00986363162527	0.0177363705166	0.0279631742188	0.0101690385283	-0.0544077779431	-0.0235351896252	0.0508449613134	0.0497934047743	-0.0544837418925	-0.047056998456	-0.0155139810229	0.0138186181583	-0.0454757948652	-0.00872449409033	-0.0411850333421	-0.045472528399	-0.0337501610327	-0.0118639215627	-0.0263541627639	-0.0362141610447	0.0273085691872	-0.0361195047487	0.0178839500174	-0.00585412515689	0.0374839035761	0.0027840558656	0.0110714961419	0.0167448297476	-0.0879804857294	-0.0712903340476	-0.063754039212	0.00492987440175	-0.0339800966252	0.000876770825	0.00636944089263	0.0163485740022	0.0367363451427	-0.0391388766304	0.0329273226058	-0.0384561776678	0.0124462574875
k__Bacteria;p__Bacteroidetes;c__Bacteroidia;o__Bacteroidales;f__Bacteroidaceae;g__Bacteroides;s__Bacteroides_fragilis	-0.0165429467259	0.00175160345901	-8.15012482282e-05	0.0167309662236	-0.032053802963	-0.0914158604719	0.00646316433187	-0.0248495977998	0.0525745659878	0.0201504618437	-0.0199266628887	-0.0403469968744	-0.0147019634353	-0.0104702791506	-0.080411398258	0.00191355734443	1.0	-0.0450284796717	-0.0417474364775	-0.0251163195595	-0.0893125687948	0.00287197732899	-0.00886606305928	-0.00345982519734	0.00695449967693	-0.00167908358342	-0.0167183938868	-0.0322034845681	-0.00914843970089	-0.0465223950999	-0.0534712447619	-0.0263560648553	0.0367628444624	0.0281708988974	-0.0262492462097	0.0369661737332	-0.0335517445261	0.016619352571	0.0185559938286	-0.063502515202	0.032201562546	0.0241304121967	0.0291225696255	-0.0510438586673	-0.0674357742102	-0.00482732336583	0.0770359724437	0.0218021704295	-0.0542503239432	-0.00103750193193	-0.0134414933952	-0.040124220302	-0.0222258532462	-0.0359936049036	0.0559907141468	0.0731669744109	-0.0229028393323	0.0376437416763	-0.0347271638405
k__Bacteria;p__Proteobacteria;c__Betaproteobacteria;o__Burkholderiales;f__Sutterellaceae;g__Sutterella;s__Sutterella_wadsworthensis	-0.00163252029809	-0.00617019533521	-0.00549303775771	0.0317162432228	0.00589698713885	0.0027159384443	-0.03960549097	-0.0347902951116	-0.00965317095882	0.0350249206997	0.0197013395918	-0.0099948481531	-0.0231961807268	-0.0298294305178	0.00863135589859	0.0238228733167	-0.0450284796717	1.0	-0.025074111005	-0.0255038431946	-0.0649871297381	-0.0484093590713	0.0151880166296	0.0135896123038	-0.0604147709309	0.0134323850401	0.0268560024823	0.0163855149085	0.0164958403896	0.0107989080573	-0.0530945267818	0.00698594919795	-0.0475992424143	-0.00810923703055	0.0179322437	0.00620418105563	0.0333950359975	-0.0158791070376	-0.00343828343192	-0.0206348284821	0.0185337608347	-0.0154514530931	0.0284120079085	-0.0159820351922	0.0387550869613	0.015643309056	0.0198873354786	-0.00284173858118	-0.0140552088302	-0.050693035939	-0.0626078698585	-0.0411134382769	0.000884076218113	0.0532120053707	-0.0127344455273	0.0357687277967	0.00162111676885	0.00711631363011	-0.0376344428759
k__Bacteria;p__Bacteroidetes;c__Bacteroidia;o__Bacteroidales;f__Porphyromonadaceae;g__Barnesiella;s__Barnesiella_intestinihominis	-0.0704585032896	-0.0321372151949	-0.0413870758244	0.0352704726086	-0.00495844666288	-0.0207467536189	-0.0136774753697	-0.0159853399061	0.0235014849921	0.060158729007	0.0284815182451	0.00597977143465	-0.00434501386119	-0.0470275979283	0.0133562737407	-0.00986363162527	-0.0417474364775	-0.025074111005	1.0	-0.072158860535	-0.00720841920855	-0.0624057389816	0.0126368762927	0.103053087324	0.0919864620503	0.0420314208069	-0.0215545732317	0.00819886346988	-0.0602165467579	-0.0552353950636	0.0237082993159	-0.0146195691454	0.0246649513227	-0.0246446657472	-0.0173336758087	0.101290721158	0.0616467980954	-0.019578777944	0.0333451991925	0.046428319179	-0.0831281808314	-0.0536327443351	0.0202433803031	0.0202557860755	-0.0298330974236	-0.0379628395545	-0.0781368989793	0.0307513023479	-0.127975364983	-0.0115850421752	-0.0174394371392	0.0481486663606	-0.0156688727431	-0.0415798261754	0.00994704125948	-0.0205049759987	0.0180878355696	0.0311260846613	-0.0489254595681
k__Bacteria;p__Bacteroidetes;c__Bacteroidia;o__Bacteroidales;f__Odoribacteraceae;g__Odoribacter;s__Odoribacter_splanchnicus	-0.00700727041659	0.0360664793328	-0.00610782649635	-0.0793445151789	-0.0986210560651	0.0296111866922	-0.0506399669135	-0.0839588708027	-0.0118263301622	-0.00457229447484	0.0172444126824	-0.00082755187494	-0.0393696526668	-0.0578435807321	-0.0376526509151	0.0177363705166	-0.0251163195595	-0.0255038431946	-0.072158860535	1.0	0.0233474937706	0.0501437140248	-0.000606001931804	-0.0138289994143	-0.0400227803387	0.00013233638593	-0.00562424914739	-0.0126916251273	-0.0136628780022	-0.0212371405391	-0.00948967681331	-0.113066289807	-0.0337110249545	0.00513343571325	0.0250503517981	-0.00666166375481	-0.0538563338988	0.0509599539818	0.0761189691736	-0.00950048145567	0.011346380034	-0.0450881773042	-0.0869370321621	0.0100085560192	-0.0572039269318	-0.0136524711855	-0.0138356107759	0.0342407653271	-0.0173633751666	0.00392587455676	-0.0206229918667	-0.0659514251127	0.0325529068768	-0.0363373154179	-0.0318335719454	-0.0407655514426	-0.0108201610716	-0.016493511049	0.0548543476923
k__Bacteria;p__Bacteroidetes;c__Bacteroidia;o__Bacteroidales;f__Bacteroidaceae;g__Bacteroides;s__Bacteroides_salyersiae	0.0340315306994	-0.0659297238442	-0.0524422977928	-0.00428038448747	0.0394214548279	0.0433570885872	0.0102263589095	-0.0332927922921	0.000159712697374	0.0489509555954	-0.0330030100176	-0.0178770891084	-0.00126401984611	0.00264629584351	-0.0135483599137	0.0279631742188	-0.0893125687948	-0.0649871297381	-0.00720841920855	0.0233474937706	1.0	0.00654718659615	0.018949419582	0.0471618981545	-0.0115703551755	-0.0513281799253	0.0185511940108	0.0156059675182	0.0159749027363	-0.031847098229	-0.0052021519459	0.00391473605716	0.0313417119511	0.0637589237065	-0.0161599155844	-0.0651696058473	-0.0149322071624	-0.0497584547707	-0.00396092753842	-0.0173300367887	-0.0423384482837	-0.0114000205418	-0.0311459522599	0.0451108666405	-0.089757617401	-0.020530857201	-0.0993314445867	-0.00997967464728	-0.0131408808767	0.0149411394845	0.0505482485386	0.0395351786449	-0.034566193726	-0.0134885804889	-0.00818607052555	-0.0792034435861	-0.0336500612401	-0.0499491423454	-0.00830836887988
k__Bacteria;p__Firmicutes;c__Clostridia;o__Clostridiales;f__Ruminococcaceae;g__Ruminiclostridium;s__[Eubacterium]_siraeum	-0.0207978519405	-0.0491182438479	-0.0703696869353	-0.00992965941819	-0.010010589992	0.0157593147476	-0.00694208982823	-0.0244388499012	-0.0164214698274	0.00316357333433	-0.0246368838425	-0.00557085644709	-0.0263334829153	0.00598228603674	0.0607329204872	0.0101690385283	0.00287197732899	-0.0484093590713	-0.0624057389816	0.0501437140248	0.00654718659615	1.0	0.00213006375741	0.0124719860713	0.0375573218095	-0.0101383791755	-0.0418191067674	-0.0119702342004	0.049301965027	-0.0365472133636	-0.039909114564	-0.0490507378158	-0.0336688693748	-0.0209714103809	0.014885259674	-0.0370929344983	-0.0228836591353	0.00341718112085	0.014615345247	-0.0175932833447	-0.0674965600232	-0.022695786417	-0.0145253585178	-0.0201565147646	-0.0715711027908	0.0571863450639	-0.0153592434123	-0.0310307258732	-0.00626162398603	-0.0793005612646	-0.00463013257709	-0.0202549435149	-0.00172529815625	-0.0216096034351	-0.00318663930553	0.0201081727701	-0.00731185189736	-0.0315496379096	0.0205229362968
k__Bacteria;p__Proteobacteria;c__Betaproteobacteria;o__Burkholderiales;f__Sutterellaceae;g__Parasutterella;s__Parasutterella_excrementihominis	0.0773790645934	-0.0140681441086	0.0216109903759	-0.00588911787006	-0.03985483505	0.00983742111212	0.0386068352889	-0.00649175551282	0.0380620096855	0.00958037275321	0.00407122842824	0.00713074604824	-0.0453365782552	-0.00786821961295	-0.0435472011244	-0.0544077779431	-0.00886606305928	0.0151880166296	0.0126368762927	-0.000606001931804	0.018949419582	0.00213006375741	1.0	-0.0565848118152	-0.00441543847112	-0.0710426026749	0.0633682241693	0.0308580944853	-0.0933376160503	0.0526605689006	-0.0240514616703	-0.0222224010849	0.0018660699865	-0.00298310383294	0.0510493888841	-0.0110640839398	-0.0620699018382	-0.0175174268405	-0.016450249936	-0.0180257085724	-0.0439210438448	-0.0244944330564	-0.0613129909341	0.0104731631307	-0.0180541544234	-0.0321402885518	-0.0178455432383	-0.0155346177435	-0.0358660302982	-0.0262752175675	0.0602000165216	-0.00680538669826	-0.00441627147496	-0.0446563899432	-0.074613934016	0.0198709484891	-0.0478489392824	0.0395868789535	-0.0256667667993
k__Bacteria;p__Actinobacteria;c__Actinobacteria;o__Bifidobacteriales;f__Bifidobacteriaceae;g__Bifidobacterium;s__Bifidobacterium_adolescentis	0.0330408140098	0.0780413163025	-0.0409139400135	0.00305153584231	-0.0486611278708	-0.0141832809762	-0.0246528239639	-0.0566409082696	-0.0207014313278	-0.00332437069838	0.0254215158968	-0.0516738311436	0.0309419661035	0.0136372261519	-0.0205676054538	-0.0235351896252	-0.00345982519734	0.0135896123038	0.103053087324	-0.0138289994143	0.0471618981545	0.0124719860713	-0.0565848118152	1.0	-0.0165983393544	-0.057479027495	0.0170943564639	-0.027168900661	-0.0209039870006	-0.0150828068622	0.00391885226505	-0.0183151748029	0.0169247391808	-0.0520908718265	-0.0187883621172	0.00276715369952	0.0241811883261	-0.020665485732	0.0298660036078	0.0159536817386	-0.01412523379	-0.0351317055292	-0.053468199617	-0.0192286595273	-0.018078257935	0.0214438603415	-0.00475148549498	0.0789685978568	0.0481466852835	-0.00209161306826	-0.00779896660098	0.036679240625	-0.0140836512046	-0.0555743650775	-0.0208091982884	-0.00378340262357	-0.0763916488427	0.00721571274026	0.0384986946473
k__Bacteria;p__Firmicutes;c__Clostridia;o__Clostridiales;f__Oscillospiraceae;g__Oscillibacter;s__Oscillibacter_sp._KLE_1745	-0.0168769438321	-0.0254649804048	-0.031123725291	0.0195309079741	-0.0506028920611	-0.0530140792624	0.0275963663143	0.00465443088008	-0.00422677822713	0.0516918032767	-0.00773494765425	-0.0784372907838	-0.0336122293228	-0.0125564119234	-0.0389949567438	0.0508449613134	0.00695449967693	-0.0604147709309	0.0919864620503	-0.0400227803387	-0.0115703551755	0.0375573218095	-0.00441543847112	-0.0165983393544	1.0	0.0254822455318	-0.0044041539366	0.0778974336176	-0.0279972880751	0.0688022289337	-0.0558706386067	-0.010613751895	-0.0069202387967	-0.0427911119025	-0.0501555667548	0.0308224722744	-0.00227686190281	-0.0725009407717	-0.0267889271617	-0.029734475914	-0.0112913542838	0.00886219427216	-0.0521707144354	0.0674934105923	0.0069160254046	-0.0263156812684	-0.0128087745077	0.0304772749865	-0.0143937343426	0.0513754989919	-0.0337572732348	-0.00073312061025	-0.0330989029928	-0.00892656794647	0.0198186456196	-0.001611426275	-0.0362229817449	0.0609070991113	-0.0302937832023
k__Bacteria;p__Bacteroidetes;c__Bacteroidia;o__Bacteroidales;f__Bacteroidaceae;g__Bacteroides;s__Bacteroides_coprophilus	-0.032414422565	-0.0127310283006	-0.0386959188353	-0.0438716987184	0.0302290807029	-0.0172549520379	-0.0301163684395	0.0270471633156	0.0288301669931	-0.0683896657896	0.0349136210293	-0.0169330569535	-0.00505769665903	-0.0116225048247	-0.0258623840108	0.0497934047743	-0.00167908358342	0.0134323850401	0.0420314208069	0.00013233638593	-0.0513281799253	-0.0101383791755	-0.0710426026749	-0.057479027495	0.0254822455318	1.0	0.0320690248339	-0.00796336529813	-0.0177058992176	-0.071932556571	0.023358451118	-0.0227005933588	-0.00674629133183	-0.0505728183804	0.00039218731524	0.0263552471906	-0.0633974002091	0.0214608546406	0.00920260928461	0.0185809351211	0.00564134075153	0.0440941362055	0.109291241215	0.0614230314539	0.00119687959886	-0.0378333410939	0.0567016776098	-0.0433155703681	-0.00415029019341	-0.0521466755474	-0.0168901464582	0.0160697361428	0.0129843753863	-0.0241832226954	-0.00948654897584	-0.0414433296894	-0.019871765584	0.000700878017434	0.0673619759705
k__Bacteria;p__Firmicutes;c__Clostridia;o__Clostridiales;f__Lachnospiraceae;g__Roseburia;s__Roseburia_intestinalis	0.0475729251727	0.0201555685803	-0.0496994301829	0.00702977168903	-0.0130047430333	0.0577041535364	-0.044438716051	0.0223920101341	-0.00440289725106	-0.0614264261873	-0.0184152286229	0.000452183414132	-0.0494143758727	-0.0899635556433	0.0938633589681	-0.0544837418925	-0.0167183938868	0.0268560024823	-0.0215545732317	-0.00562424914739	0.0185511940108	-0.0418191067674	0.0633682241693	0.0170943564639	-0.0044041539366	0.0320690248339	1.0	-0.0173565857506	-0.0206987082967	0.0500723496976	0.00376598654955	-0.0771333195003	-0.00842609054886	-0.0135981126486	0.00603619171057	-0.0409685486806	0.0234344366484	-0.0534927951868	-0.054634436277	0.0182761143562	0.0550107441806	0.0426084544937	-0.0453946922459	-0.00582628601248	0.0484316566968	-0.00389020229191	0.0551402990944	0.00835331199688	-0.0512371952518	-0.0528523012036	0.0115326377767	-0.0560381993577	-0.0333297723509	-0.0172316962385	0.0533588699188	-0.0665764740652	-0.021456021454	-0.0426852596525	0.0626097636761
k__Bacteria;p__Firmicutes;c__Clostridia;o__Clostridiales;f__Lachnospiraceae;g__Roseburia;s__Roseburia_hominis	-0.026785316095	-0.00874751744021	-0.0272275050104	5.2419112342e-05	-0.0512278276216	0.00774644206134	-0.0152434532587	-0.069984529218	-0.0839904993009	0.0205641387016	-0.00950892936368	-0.0506154220415	-0.00733129437847	0.0500918455966	-0.00265718715423	-0.047056998456	-0.0322034845681	0.0163855149085	0.00819886346988	-0.0126916251273	0.0156059675182	-0.0119702342004	0.0308580944853	-0.027168900661	0.0778974336176	-0.00796336529813	-0.0173565857506	1.0	-0.00666423159292	-0.06223061062	-0.0476208947909	-0.0516997159093	0.0160225708112	-0.00108446423734	0.0484815466354	-0.0633555867344	-0.0397919602076	-0.0604351461503	-0.0212502988898	-0.0562089295957	-0.00308848230768	0.0615332599364	-0.0331383064304	0.0234687947144	-0.0176952548965	-0.0209612524703	-0.0307299842958	0.0148810258317	0.024983808405	0.0693908036066	-0.0298151231529	-0.0329154082809	0.0201398020034	0.010468074165	0.0347010567775	-0.0280586497025	-0.0559575510724	0.0453064409445	0.0565726464526
k__Bacteria;p__Bacteroidetes;c__Bacteroidia;o__Bacteroidales;f__Porphyromonadaceae;g__Parabacteroides;s__Parabacteroides_johnsonii	-0.0158147906568	0.0137128914727	0.0103039631708	-0.00849642497798	0.0178592608331	-0.0339869731021	-0.0499502355189	0.0849823833953	-0.0215137276257	0.0193627531839	0.00401803571355	0.00103776272024	0.0181204479738	0.00471757788863	-0.0637493878384	-0.0155139810229	-0.00914843970089	0.0164958403896	-0.0602165467579	-0.0136628780022	0.0159749027363	0.049301965027	-0.0933376160503	-0.0209039870006	-0.0279972880751	-0.0177058992176	-0.0206987082967	-0.00666423159292	1.0	-0.0287138525156	-0.0247729844939	0.0781570034813	-0.00357937833415	-0.0170871967122	0.0222012460333	-0.0637073523253	0.0105897373832	0.054462414444	0.00937614974518	0.0218794020585	-0.0602585569655	0.0266799913806	-0.0350468543148	-0.0394500862024	-0.0184628296783	0.066299226432	0.00623485466743	-0.022809570047	0.0507828929849	0.0396814731069	0.00256184231022	-0.010818974328	-0.0276405663735	0.0265628501927	-0.0192341777649	-0.0190378677799	-0.00260560008615	-0.000807720417234	0.0208834169194
k__Bacteria;p__Actinobacteria;c__Actinobacteria;o__Bifidobacteriales;f__Bifidobacteriaceae;g__Bifidobacterium;s__Bifidobacterium_longum	-0.0503251251343	-0.024905358459	0.0397967994061	0.0397795938301	0.00269147944275	-0.00359154613045	-0.0251041459316	-0.0207433657213	0.0386637271843	0.00751630465352	-0.00629712875613	0.0146951819192	-0.090327864448	0.0194012634181	-0.0850089363616	0.0138186181583	-0.0465223950999	0.0107989080573	-0.0552353950636	-0.0212371405391	-0.031847098229	-0.0365472133636	0.0526605689006	-0.0150828068622	0.0688022289337	-0.071932556571	0.0500723496976	-0.06223061062	-0.0287138525156	1.0	-0.0553425500579	0.0235341050592	-0.00594877283502	-0.0102331337867	0.00409101570799	-0.015449288672	-0.0445613527498	-0.0454190084773	0.0113095279541	0.073124306216	0.0349731269326	0.0354877452546	0.0255869753806	0.00123541497694	-0.0184314679603	-0.0477499749436	0.00812903063428	0.0200451544227	-0.0985387418369	0.027284330521	0.0179794926312	-0.0399508559286	0.0297047713571	0.0127596961715	0.0900939750217	0.0454249787807	0.0652206544784	-0.0510971860656	0.034285420668
