#taxonomy	k__Bacteria;p__Bacteroidetes;c__Bacteroidia;o__Bacteroidales;f__Bacteroidaceae;g__Bacteroides;s__Bacteroides_vulgatus	k__Bacteria;p__Bacteroidetes;c__Bacteroidia;o__Bacteroidales;f__Bacteroidaceae;g__Bacteroides;s__Bacteroides_uniformis	k__Bacteria;p__Bacteroidetes;c__Bacteroidia;o__Bacteroidales;f__Rikenellaceae;g__Alistipes;s__Alistipes_putredinis	k__Bacteria;p__Bacteroidetes;c__Bacteroidia;o__Bacteroidales;f__Prevotellaceae;g__Prevotella;s__Prevotella_copri	k__Bacteria;p__Bacteroidetes;c__Bacteroidia;o__Bacteroidales;f__Bacteroidaceae;g__Bacteroides;s__Bacteroides_stercoris	k__Bacteria;p__Bacteroidetes;c__Bacteroidia;o__Bacteroidales;f__Bacteroidaceae;g__Bacteroides;s__Bacteroides_ovatus	k__Bacteria;p__Bacteroidetes;c__Bacteroidia;o__Bacteroidales;f__Rikenellaceae;g__Alistipes;s__Alistipes_shahii	k__Bacteria;p__Firmicutes;c__Clostridia;o__Clostridiales;f__Ruminococcaceae;g__Faecalibacterium;s__Faecalibacterium_prausnitzii	k__Bacteria;p__Bacteroidetes;c__Bacteroidia;o__Bacteroidales;f__Rikenellaceae;g__Alistipes;s__Alistipes_finegoldii	k__Bacteria;p__Bacteroidetes;c__Bacteroidia;o__Bacteroidales;f__Porphyromonadaceae;g__Parabacteroides;s__Parabacteroides_distasonis	k__Bacteria;p__Bacteroidetes;c__Bacteroidia;o__Bacteroidales;f__Bacteroidaceae;g__Bacteroides;s__Bacteroides_thetaiotaomicron	k__Bacteria;p__Bacteroidetes;c__Bacteroidia;o__Bacteroidales;f__Bacteroidaceae;g__Bacteroides;s__Bacteroides_coprocola	k__Bacteria;p__Bacteroidetes;c__Bacteroidia;o__Bacteroidales;f__Bacteroidaceae;g__Bacteroides;s__Bacteroides_cellulosilyticus	k__Bacteria;p__Bacteroidetes;c__Bacteroidia;o__Bacteroidales;f__Rikenellaceae;g__Alistipes;s__Alistipes_obesi	k__Bacteria;p__Firmicutes;c__Clostridia;o__Clostridiales;f__Lachnospiraceae;g__;s__[Eubacterium]_rectale	k__Bacteria;p__Bacteroidetes;c__Bacteroidia;o__Bacteroidales;f__Bacteroidaceae;g__Bacteroides;s__Bacteroides_plebeius	k__Bacteria;p__Bacteroidetes;c__Bacteroidia;o__Bacteroidales;f__Bacteroidaceae;g__Bacteroides;s__Bacteroides_fragilis	k__Bacteria;p__Proteobacteria;c__Betaproteobacteria;o__Burkholderiales;f__Sutterellaceae;g__Sutterella;s__Sutterella_wadsworthensis	k__Bacteria;p__Bacteroidetes;c__Bacteroidia;o__Bacteroidales;f__Porphyromonadaceae;g__Barnesiella;s__Barnesiella_intestinihominis	k__Bacteria;p__Bacteroidetes;c__Bacteroidia;o__Bacteroidales;f__Odoribacteraceae;g__Odoribacter;s__Odoribacter_splanchnicus	k__Bacteria;p__Bacteroidetes;c__Bacteroidia;o__Bacteroidales;f__Bacteroidaceae;g__Bacteroides;s__Bacteroides_salyersiae	k__Bacteria;p__Firmicutes;c__Clostridia;o__Clostridiales;f__Ruminococcaceae;g__Ruminiclostridium;s__[Eubacterium]_siraeum	k__Bacteria;p__Proteobacteria;c__Betaproteobacteria;o__Burkholderiales;f__Sutterellaceae;g__Parasutterella;s__Parasutterella_excrementihominis	k__Bacteria;p__Actinobacteria;c__Actinobacteria;o__Bifidobacteriales;f__Bifidobacteriaceae;g__Bifidobacterium;s__Bifidobacterium_adolescentis	k__Bacteria;p__Firmicutes;c__Clostridia;o__Clostridiales;f__Oscillospiraceae;g__Oscillibacter;s__Oscillibacter_sp._KLE_1745	k__Bacteria;p__Bacteroidetes;c__Bacteroidia;o__Bacteroidales;f__Bacteroidaceae;g__Bacteroides;s__Bacteroides_coprophilus	k__Bacteria;p__Firmicutes;c__Clostridia;o__Clostridiales;f__Lachnospiraceae;g__Roseburia;s__Roseburia_intestinalis	k__Bacteria;p__Firmicutes;c__Clostridia;o__Clostridiales;f__Lachnospiraceae;g__Roseburia;s__Roseburia_hominis	k__Bacteria;p__Bacteroidetes;c__Bacteroidia;o__Bacteroidales;f__Porphyromonadaceae;g__Parabacteroides;s__Parabacteroides_johnsonii	k__Bacteria;p__Actinobacteria;c__Actinobacteria;o__Bifidobacteriales;f__Bifidobacteriaceae;g__Bifidobacterium;s__Bifidobacterium_longum	k__Bacteria;p__Firmicutes;c__Clostridia;o__Clostridiales;f__;g__Flavonifractor;s__Flavonifractor_plautii	k__Bacteria;p__Firmicutes;c__Clostridia;o__Clostridiales;f__Clostridiaceae;g__Clostridium;s__Clostridium_phoceensis	k__Bacteria;p__Verrucomicrobia;c__Verrucomicrobiae;o__Verrucomicrobiales;f__Akkermansiaceae;g__Akkermansia;s__Akkermansia_muciniphila	k__Bacteria;p__Bacteroidetes;c__Bacteroidia;o__Bacteroidales;f__Prevotellaceae;g__Paraprevotella;s__Paraprevotella_xylaniphila	k__Bacteria;p__Firmicutes;c__Clostridia;o__Clostridiales;f__Ruminococcaceae;g__Ruminococcus;s__Ruminococcus_callidus	k__Bacteria;p__Bacteroidetes;c__Bacteroidia;o__Bacteroidales;f__Rikenellaceae;g__Alistipes;s__Alistipes_senegalensis	k__Bacteria;p__Firmicutes;c__Clostridia;o__Clostridiales;f__Lachnospiraceae;g__Blautia;s__Blautia_sp._KLE_1732	k__Bacteria;p__Bacteroidetes;c__Bacteroidia;o__Bacteroidales;f__Bacteroidaceae;g__Bacteroides;s__Bacteroides_oleiciplenus	k__Bacteria;p__Firmicutes;c__Clostridia;o__Clostridiales;f__Ruminococcaceae;g__Ruminococcus;s__Ruminococcus_bicirculans	k__Bacteria;p__Bacteroidetes;c__Bacteroidia;o__Bacteroidales;f__Bacteroidaceae;g__Bacteroides;s__Bacteroides_fluxus	k__Bacteria;p__Bacteroidetes;c__Bacteroidia;o__Bacteroidales;f__Prevotellaceae;g__Prevotella;s__Prevotella_stercorea	k__Bacteria;p__Firmicutes;c__Clostridia;o__Clostridiales;f__Lachnospiraceae;g__Dorea;s__Dorea_longicatena	k__Bacteria;p__Firmicutes;c__Clostridia;o__Clostridiales;f__Eubacteriaceae;g__Eubacterium;s__[Eubacterium]_eligens	k__Bacteria;p__Firmicutes;c__Clostridia;o__Clostridiales;f__Ruminococcaceae;g__;s__Ruminococcaceae_bacterium_D16	k__Bacteria;p__Firmicutes;c__Clostridia;o__Clostridiales;f__Lachnospiraceae;g__Coprococcus;s__Coprococcus_comes	k__Bacteria;p__Proteobacteria;c__Gammaproteobacteria;o__Enterobacterales;f__Enterobacteriaceae;g__Escherichia;s__Escherichia_coli	k__Bacteria;p__Firmicutes;c__Clostridia;o__Clostridiales;f__Ruminococcaceae;g__Anaerotruncus;s__Anaerotruncus_colihominis	k__Bacteria;p__Firmicutes;c__Clostridia;o__Clostridiales;f__Lachnospiraceae;g__Blautia;s__Blautia_obeum	k__Bacteria;p__Bacteroidetes;c__Bacteroidia;o__Bacteroidales;f__Odoribacteraceae;g__Odoribacter;s__Odoribacter_laneus	k__Bacteria;p__Firmicutes;c__Clostridia;o__Clostridiales;f__Ruminococcaceae;g__Ruminiclostridium;s__[Clostridium]_leptum	k__Bacteria;p__Bacteroidetes;c__Bacteroidia;o__Bacteroidales;f__Porphyromonadaceae;g__Parabacteroides;s__Parabacteroides_goldsteinii	k__Bacteria;p__Firmicutes;c__Clostridia;o__Clostridiales;f__Lachnospiraceae;g__Anaerostipes;s__Anaerostipes_hadrus	k__Bacteria;p__Firmicutes;c__Clostridia;o__Clostridiales;f__Ruminococcaceae;g__Ruminococcus;s__Ruminococcus_lactaris	k__Bacteria;p__Firmicutes;c__Clostridia;o__Clostridiales;f__Clostridiaceae;g__Clostridium;s__Clostridium_sp._L2-50	k__Bacteria;p__Firmicutes;c__Clostridia;o__Clostridiales;f__Clostridiaceae;g__Clostridium;s__Clostridium_sp._M62/1	k__Bacteria;p__Firmicutes;c__Clostridia;o__Clostridiales;f__;g__Intestinimonas;s__Intestinimonas_butyriciproducens	k__Bacteria;p__Actinobacteria;c__Actinobacteria;o__Bifidobacteriales;f__Bifidobacteriaceae;g__Bifidobacterium;s__Bifidobacterium_bifidum	k__Bacteria;p__Firmicutes;c__Negativicutes;o__Veillonellales;f__Veillonellaceae;g__Dialister;s__Dialister_invisus	k__Bacteria;p__Bacteroidetes;c__Bacteroidia;o__Bacteroidales;f__Bacteroidaceae;g__Bacteroides;s__Bacteroides_salanitronis
k__Bacteria;p__Bacteroidetes;c__Bacteroidia;o__Bacteroidales;f__Bacteroidaceae;g__Bacteroides;s__Bacteroides_vulgatus	1.0	-0.0649073061802	-0.0621520040781	-0.0319005742037	0.0305477057621	-0.0126924646535	-0.0428196870554	0.0175276032088	-0.0198713798382	-0.0105424905698	0.00643613162033	0.000346530884488	-0.0114031901069	0.021810976918	-0.0430384166856	-0.0428159273692	-0.0649910783535	-0.0269865464178	-0.00784692258283	0.0409643004883	0.00332002977458	0.00487278687566	0.0481237862324	0.0478156464795	-0.0585800057293	-0.0839320609663	0.063315398952	0.00575890428378	0.070740237515	-0.0478947206519	0.0128958681811	-0.0750139953282	-0.0910216915585	-0.00346023956035	-0.0318955894986	-0.0183533360551	0.0489368120904	-0.0529393118342	0.0504268984903	0.0256032278005	-0.0141223422792	-0.0876031563193	0.00539619806493	0.000939626989189	0.0533782526585	-0.032532104555	0.0571827067882	0.0124571876962	0.0235353007207	0.087191778023	0.0127897073201	-0.0649904550978	0.0302242335402	0.0592409330206	0.0303515715203	0.0300446149939	0.00651404945229	-0.0199565983327	-0.0618735516377
k__Bacteria;p__Bacteroidetes;c__Bacteroidia;o__Bacteroidales;f__Bacteroidaceae;g__Bacteroides;s__Bacteroides_uniformis	-0.0649073061802	1.0	-0.019924343931	-0.0422161985501	0.002506380081	-0.0396474066085	-0.0504547214597	-0.022724612401	-0.01109798134	-0.002587395259	0.022023043917	-0.0277069146993	0.00652160253676	0.0432207690122	0.0257477501178	-0.00279130202082	-0.0782674472462	0.00806751861484	-0.0285505947909	-0.0259374745828	-0.0390768786595	0.0422759362506	0.0379475404727	-0.0383951535443	0.00357729895311	0.0408507941108	-0.0217383748549	0.0338047997618	-0.0448475564523	0.0596810886841	-0.0995022365491	0.0288236768166	-0.0232387099	0.0402751256889	-0.0286465355201	-0.0592261319988	-0.0485735994211	0.0212625831971	0.019432413191	-0.0120802874158	0.0187233867948	-0.0434277203025	-0.0104366014835	-0.00667317231093	0.0708720069475	-0.011583173558	0.100821772576	-0.0323640876917	0.0604931443522	-0.0482673403766	0.0235072818623	-0.077411719601	0.035164790593	-0.0208668067005	-0.0231491069398	0.0558661944805	-0.0756712103001	-0.02277932544	0.0066813098152
k__Bacteria;p__Bacteroidetes;c__Bacteroidia;o__Bacteroidales;f__Rikenellaceae;g__Alistipes;s__Alistipes_putredinis	-0.0621520040781	-0.019924343931	1.0	-0.0779374673996	-0.00266263040584	-0.0347103501815	-0.00520874252141	0.021291092464	0.0413991433723	0.00641558026333	-0.00456863554478	0.0118978065724	-0.02102854164	-0.00743696496216	-0.0179018625972	0.0265112023149	-0.0265275544992	-0.0585705655177	0.0544800639841	-0.00304485620634	0.0213527612443	-0.0257690234059	0.0168639137597	0.0644436844584	-0.052525433718	0.00676155088223	0.0433443719727	0.0154890728584	-0.00361088672128	-0.0232910444916	-0.00206171959373	0.0206276982038	-0.0148610685585	-0.00842126484075	-0.0126630908735	-0.0373057234643	0.0307709010784	0.0506432292495	0.0357281559281	-0.0325648116523	0.0381893195531	-0.0274436700292	0.0191947286117	0.0393764471757	-0.0635745569929	0.00858111084926	-0.00226495023896	-0.0118043055931	-0.0579832468824	0.00248380072671	-0.0326287102866	-0.00706842931309	-0.0515010128	-0.0897850681213	-0.0216663046673	-0.0103039893153	-0.0134017001421	-0.0474808600085	0.0349598465681
k__Bacteria;p__Bacteroidetes;c__Bacteroidia;o__Bacteroidales;f__Prevotellaceae;g__Prevotella;s__Prevotella_copri	-0.0319005742037	-0.0422161985501	-0.0779374673996	1.0	-0.0284293851074	0.0679459439341	0.0423348053684	-0.0316435328648	-0.0251117160128	-0.0514985758026	-0.00971220304824	-0.0131926678343	-0.021179648498	0.0160233728262	-0.0282077073794	0.00684972724316	-0.0497176139508	-0.0825247106839	-0.0102510176655	-0.0311073713126	-0.0409391524152	-0.0363340755134	-0.0283902153637	-0.0416445004059	-0.00792967429982	0.00992807527147	-0.05562318545	0.0612148873124	-0.0177355934019	-0.00447681402985	0.0345016106657	-0.014013577385	0.0352284802254	0.0318159720964	-0.0311423447776	0.0345310609311	0.016734966124	-0.0443848699777	-0.0548631448626	0.0184761065185	0.0246464982953	0.0193522203701	-0.0172320921118	-0.0291435832071	-0.0273503899423	0.0434217308123	-0.000877259487285	0.028918747197	0.00457416155533	-0.00163664808309	0.00406161477733	-0.00398122491558	-0.0304196634262	-0.0012208463949	-0.0184704585697	0.00697074738881	0.0389779008305	-0.0338484780248	0.0137186394141
k__Bacteria;p__Bacteroidetes;c__Bacteroidia;o__Bacteroidales;f__Bacteroidaceae;g__Bacteroides;s__Bacteroides_stercoris	0.0305477057621	0.002506380081	-0.00266263040584	-0.0284293851074	1.0	0.00038343006045	-0.102834715091	0.0344716136177	0.0102841338575	-0.0432184297233	0.036842264599	0.0557491999433	-0.0662897226895	-0.0153120682853	-0.010655446966	0.0148104591388	0.00776336450262	-0.0193607977775	-0.0502368200825	0.0195108272604	0.00421084316267	0.0413488759361	-0.00709497071797	0.0481095263355	-0.0583582843959	-0.0807533487357	-0.0252529853667	-0.0193183415769	-0.0240510539025	0.0350589406086	0.0350454093973	0.0031305323807	0.0153082495153	-0.0179266173053	0.0237566921138	-0.0227631818379	-0.0330056856562	-0.0358144645094	0.023784928998	-0.0129081783959	0.0443444698708	-0.00473148817062	-0.025118110924	0.0159028361139	-0.0203432279249	0.0818694631178	-0.0390290617051	0.00804157093193	-0.0190961435543	-0.0168422672646	0.00500079740215	0.0222744045364	-0.0457242688515	-0.0480494247808	0.0200205305677	-0.0344889404939	-0.0317220131724	0.0434481320049	-0.00435626750374
k__Bacteria;p__Bacteroidetes;c__Bacteroidia;o__Bacteroidales;f__Bacteroidaceae;g__Bacteroides;s__Bacteroides_ovatus	-0.0126924646535	-0.0396474066085	-0.0347103501815	0.0679459439341	0.00038343006045	1.0	0.0374599508527	-0.0322434662447	-0.00521052744404	-0.0538535586465	-0.0779244616816	0.00679591195535	-0.0670157094102	-0.0150437493777	0.0484194897004	-0.0338369681757	-0.0167438034258	-0.0761964084872	-0.097568143077	-0.056331414926	0.0682234215019	-0.0518160108144	0.0532310793925	0.0232395849432	0.0160015605949	-0.100735441107	-0.0415078319136	0.0456430602866	0.0343521170112	0.0547578055173	-0.0531717863972	-0.0595174879242	0.013381176801	-0.0647596416442	0.0229767199896	-0.0755231140646	-0.0320010738727	-0.0788702429597	-0.0258612504422	-0.0156386138427	0.00818685797215	-0.04347848372	-0.000216243964935	-0.0738204676584	-0.0353921444171	-0.0378566719911	-0.00725040311558	0.0672043554061	-0.038685390431	-0.0438805297446	-0.0392031353121	-0.00569530449072	-0.020166483928	0.0565812572019	-0.0112036932396	0.0119773406954	-0.0284174388618	0.0128115297142	-0.0309970582062
k__Bacteria;p__Bacteroidetes;c__Bacteroidia;o__Bacteroidales;f__Rikenellaceae;g__Alistipes;s__Alistipes_shahii	-0.0428196870554	-0.0504547214597	-0.00520874252141	0.0423348053684	-0.102834715091	0.0374599508527	1.0	-0.0116248743799	0.0207139076835	-0.0577382625458	-0.0423540882073	-0.0147453649418	-0.0311628064547	0.00197610407664	0.0537837697118	-0.052608075272	-0.0167712786929	-0.0200592406861	-0.0167456355206	-0.0205921641218	-0.0366724555489	0.0156174365595	0.0263186023296	0.0138855742435	-0.00614534326809	0.020236309352	-0.0107242426751	-0.0581867473247	-0.0118968479185	-0.0628836776209	-0.0172445663304	0.00261508646855	-0.0285746052474	-0.0317110216936	0.0114184474031	-0.0334506787181	-0.0585909096691	0.0545825067513	-0.0485234685082	-0.0276587987824	0.000579850628819	-0.0365619645237	-0.00962765469681	0.0265198631021	0.0240845506956	-0.00380401914436	0.0413130437372	-0.00168762154365	-0.033259932014	-0.044603120238	0.00906203077078	-0.0433982719915	0.0781355160305	-0.026241982286	0.00880101960445	0.0310949899415	-0.0786731287283	0.0285140154088	-0.051494629188
k__Bacteria;p__Firmicutes;c__Clostridia;o__Clostridiales;f__Ruminococcaceae;g__Faecalibacterium;s__Faecalibacterium_prausnitzii	0.0175276032088	-0.022724612401	0.021291092464	-0.0316435328648	0.0344716136177	-0.0322434662447	-0.0116248743799	1.0	-0.00993440210785	0.0229392006955	-0.0572583148586	0.0207816898644	-0.0350541974326	-0.0183039875287	0.0206434488383	0.0428940371677	-0.00365354655519	0.00224635027356	-0.0462986392829	-0.0435229782676	-0.0567951037398	-0.0570632585295	0.032681817334	-0.0196193941901	-0.00607541355048	0.0188149008004	0.0172981237317	-0.0175280845108	-0.0347168508965	0.0705540307661	0.0132078067235	0.00473562527832	0.0522562651442	0.024732826609	0.0294167354827	-0.00164551446027	-0.0080357131117	-0.0287276491986	-0.00614319157262	-0.09834877794	-0.00467521916496	0.0280623661809	0.0586206018947	0.0188987401234	-0.0736723050339	0.0328469865404	-0.0753274264622	-0.00209615865395	0.010246070139	-0.0133662648131	-0.0371380874304	-0.0235539295204	-0.0119893304021	-0.0355343377139	0.00579662660802	0.00952908049016	-0.0100063172285	-0.0379090908855	-0.0491843765429
k__Bacteria;p__Bacteroidetes;c__Bacteroidia;o__Bacteroidales;f__Rikenellaceae;g__Alistipes;s__Alistipes_finegoldii	-0.0198713798382	-0.01109798134	0.0413991433723	-0.0251117160128	0.0102841338575	-0.00521052744404	0.0207139076835	-0.00993440210785	1.0	0.0471860698215	-0.0381591210038	-0.0291885751736	0.0764000224682	-0.031153987024	-0.0379717206579	0.0396485489885	0.0498579398704	-0.0849735048452	-0.000570937282936	0.000762397186351	0.0138336802086	0.0387078788152	-0.0367335270402	-0.0105578201284	-0.0178882061231	-0.0401675067812	-0.0614577116584	-0.0333909723797	-0.0987968638359	-0.0224557990827	-0.0109488626934	0.0215451228045	-0.0180380456948	0.00454238016934	0.04069049297	-0.061868800402	0.0058717491733	0.0546524797719	0.0106714399352	-0.0107808198187	-0.0117658365957	-0.00918676089804	0.0404709342547	-0.0577016746398	-0.0211376770256	-0.0211458554621	-0.0277122823456	-0.023112493707	-0.000566262240488	-0.000438850553331	0.0706738364656	0.0222672673261	0.0414136674228	-0.00704415174289	-0.00024972545367	-0.00307143331168	0.0243426429682	-0.0345213003177	0.031369044294
k__Bacteria;p__Bacteroidetes;c__Bacteroidia;o__Bacteroidales;f__Porphyromonadaceae;g__Parabacteroides;s__Parabacteroides_distasonis	-0.0105424905698	-0.002587395259	0.00641558026333	-0.0514985758026	-0.0432184297233	-0.0538535586465	-0.0577382625458	0.0229392006955	0.0471860698215	1.0	-0.0396783626136	-0.0531806971576	-0.00636851880093	-0.0500821486404	0.0657371418407	0.0431288402132	-0.0103431147348	0.0534607680306	-0.05520910702	-0.0124182253141	-0.0434081865	0.0648841003179	-0.0238652829289	-0.0115770120858	0.00749422763904	-0.0183297102109	-0.0378978027396	-0.0259446373921	-0.00152547958951	0.0192590837368	0.016243270902	-0.0273109583524	-0.0395727022468	-0.0334411455967	-0.0821171019663	-0.01438381809	0.0881750292798	0.0221846846243	0.0129735026517	-0.000369641192442	0.0301860066722	-0.0493819023842	0.0141182257122	0.0222359844266	-0.000246918394195	-0.0704128814404	-0.0137652649544	0.0686115966306	-0.0425429416222	-0.0795668794368	-0.0509517293141	-0.0372133339043	-0.0243223827814	0.00112719624385	-0.0120361288056	-0.0233946131492	0.0306389714137	-0.0770339301133	-0.0571485208277
k__Bacteria;p__Bacteroidetes;c__Bacteroidia;o__Bacteroidales;f__Bacteroidaceae;g__Bacteroides;s__Bacteroides_thetaiotaomicron	0.00643613162033	0.022023043917	-0.00456863554478	-0.00971220304824	0.036842264599	-0.0779244616816	-0.0423540882073	-0.0572583148586	-0.0381591210038	-0.0396783626136	1.0	-0.0472317803702	0.0442978260784	-0.0576352445429	0.0213733183541	-0.0578186056112	-0.0275432064418	-0.00477927752927	-0.0309095235326	0.00875224229539	-0.0391326033996	0.0205328292413	0.0593909502543	-0.0380817102949	-0.0524292886605	-0.0576233921501	-0.0389800996209	0.0255441421846	0.0276243113373	-0.00773627993472	-0.00313443148299	-0.0400929907403	-0.00699089568368	-0.0176600924654	-0.00737508289542	-0.03261975145	-0.00631836432657	0.0163464892304	-0.0157325486812	-0.0380630725121	0.00590720829871	-0.0259433615544	-0.0525374917783	0.0250714629196	-0.0385923054466	-0.0476672999884	-0.0781737147842	-0.0360422396859	0.0522196481877	0.0066376915266	0.00525414912139	0.0281975992465	0.0414294852613	-0.0317327348597	0.0395682233969	-0.0258620694693	-0.0261257698493	0.0271469717068	0.0187532780863
k__Bacteria;p__Bacteroidetes;c__Bacteroidia;o__Bacteroidales;f__Bacteroidaceae;g__Bacteroides;s__Bacteroides_coprocola	0.000346530884488	-0.0277069146993	0.0118978065724	-0.0131926678343	0.0557491999433	0.00679591195535	-0.0147453649418	0.0207816898644	-0.0291885751736	-0.0531806971576	-0.0472317803702	1.0	-0.051399718393	0.0313798367114	-0.0241748145075	-0.00804022714107	0.0516693897007	-0.0705554190579	-0.00198760877329	0.0206275636374	-0.0274601585046	0.0750251180004	0.011352846613	-0.0756957372553	0.0173081216075	0.0121755307094	0.0194720541531	0.0135177329302	0.0297452376722	-0.0964241926689	0.00668922732082	-0.0232270297008	-0.0123040679643	0.00310568370623	0.0353724389857	0.0728392341086	0.0314672856779	-0.0933754797925	0.00960742084621	-0.053558217147	-0.0957395211773	0.0528287069002	0.0105024428814	-0.0536424958157	0.0619446890978	-0.0684974214845	-0.0204574924659	-0.0302921263077	0.0486408321216	-0.0112795323485	-0.0498727536574	-0.0489319466056	0.0197768890485	0.0714719604112	-0.0529089897637	-0.00997524885214	-0.100370302691	0.0581711990599	-0.0366689814322
k__Bacteria;p__Bacteroidetes;c__Bacteroidia;o__Bacteroidales;f__Bacteroidaceae;g__Bacteroides;s__Bacteroides_cellulosilyticus	-0.0114031901069	0.00652160253676	-0.02102854164	-0.021179648498	-0.0662897226895	-0.0670157094102	-0.0311628064547	-0.0350541974326	0.0764000224682	-0.00636851880093	0.0442978260784	-0.051399718393	1.0	-0.0244782470874	-0.0248945540589	0.0353342184987	-0.0389394194891	-0.0599383093935	-0.0183938851992	0.00227619207663	-0.0267943006239	-0.058082262026	0.0143608364013	0.0204424977298	-0.00616712520207	0.0169740954668	-0.00395024417696	-0.040438728285	0.0239861674394	0.0417435937185	0.0137226627204	0.00562779437777	0.0345498316599	-0.0448955653154	0.0632975100244	-0.0565756946714	-0.0154956095319	0.0458628257164	-0.0010616078726	0.0208023379037	0.00533928330018	-0.0655204232907	-0.00383721780677	0.0115948803833	0.0184550297295	0.0137455600079	-0.0737591507712	-0.022034296037	0.00386131642688	-0.0610280111429	-0.034306828776	0.0525256473504	0.058364768604	-0.0486174378971	-0.0244984646598	-0.0379683513803	0.0172529600569	0.015047979146	-0.0433079835415
k__Bacteria;p__Bacteroidetes;c__Bacteroidia;o__Bacteroidales;f__Rikenellaceae;g__Alistipes;s__Alistipes_obesi	0.021810976918	0.0432207690122	-0.00743696496216	0.0160233728262	-0.0153120682853	-0.0150437493777	0.00197610407664	-0.0183039875287	-0.031153987024	-0.0500821486404	-0.0576352445429	0.0313798367114	-0.0244782470874	1.0	0.0062043862754	-0.0714003366086	-0.0397791201294	-0.00727490331031	0.032575431058	-0.0366645470614	-0.055707111489	0.0720269141583	-0.0219554589036	-0.0075931868814	-0.0220044592849	0.0446567709621	-0.0454548068379	0.0816523036161	0.0413016754533	0.012635300813	-0.0195633031789	0.000773417477264	-0.0218106341153	0.016054663347	0.0299640882626	0.01396850549	-0.0565090509608	0.00428101403105	-0.00608357919373	0.0376669997308	-0.0560736081043	-0.0281977601412	-0.00667089098078	-0.0215446713138	-0.0848194381339	-0.0253733700343	0.0560210876942	-0.00828557659173	0.0320687271733	-0.0571277142066	0.0410581279172	0.0219741522433	0.0608133730968	0.013684741686	-0.0156284754428	-0.110121145593	-0.0627763222382	-0.0486027470972	0.0387606273373
k__Bacteria;p__Firmicutes;c__Clostridia;o__Clostridiales;f__Lachnospiraceae;g__;s__[Eubacterium]_rectale	-0.0430384166856	0.0257477501178	-0.0179018625972	-0.0282077073794	-0.010655446966	0.0484194897004	0.0537837697118	0.0206434488383	-0.0379717206579	0.0657371418407	0.0213733183541	-0.0241748145075	-0.0248945540589	0.0062043862754	1.0	-0.0454625589206	0.020104851215	0.024679033381	0.0233646994744	0.0201662283843	-0.0229421145622	0.0280444082848	-0.0337121652483	-0.0883399649647	-0.0336946877194	-0.00123840838763	-0.0869388445733	0.0215330202098	0.0555141506748	-0.0285378865492	-0.0261855925505	-0.00544420100167	-0.0846815779416	0.0257596822721	0.0236678676096	0.0102023359514	-0.0459732204775	-0.0416708406584	-0.00395512610641	0.0381913789283	0.0476780713165	0.0128384702841	-0.0831332086774	-0.0758184451049	0.00263740150925	0.0309675373113	0.0169858596469	-0.00734960787701	0.0136532255653	-0.0760299549189	-0.0507217696013	0.0146040325264	0.0152710289635	-0.0565449986506	-0.0158605660199	0.00461312432533	-0.0564260212311	-0.00914336716069	0.0348761276881
k__Bacteria;p__Bacteroidetes;c__Bacteroidia;o__Bacteroidales;f__Bacteroidaceae;g__Bacteroides;s__Bacteroides_plebeius	-0.0428159273692	-0.00279130202082	0.0265112023149	0.00684972724316	0.0148104591388	-0.0338369681757	-0.052608075272	0.0428940371677	0.0396485489885	0.0431288402132	-0.0578186056112	-0.00804022714107	0.0353342184987	-0.0714003366086	-0.0454625589206	1.0	-0.00364414031343	-0.0924907761054	0.071485934653	-0.0357772960751	-0.01645958212	-0.0231291641162	-0.0340499911765	0.0119097099112	0.040692742293	0.064027457845	0.0406875440493	-0.0249789052583	-0.0171489818591	-0.0524294719982	-0.0622706944828	0.0645235671459	0.0210268994382	0.00379726964854	-0.0191644085236	-0.00121921152809	0.0034643416109	0.0129851214153	0.0194769517664	0.0292592355358	-0.0276676307206	-0.0225208068957	-0.028785682254	-0.0538223708839	-0.101767413366	0.0224847625197	0.0162880853395	0.0614498429298	-0.0518883580784	-0.0535679773193	-0.0811010761024	0.0108741596289	-0.0248749577916	0.0385907705193	0.00992425929833	0.0379916167304	0.069629937283	0.0149713233574	-0.0523287592771
k__Bacteria;p__Bacteroidetes;c__Bacteroidia;o__Bacteroidales;f__Bacteroidaceae;g__Bacteroides;s__Bacteroides_fragilis	-0.0649910783535	-0.0782674472462	-0.0265275544992	-0.0497176139508	0.00776336450262	-0.0167438034258	-0.0167712786929	-0.00365354655519	0.0498579398704	-0.0103431147348	-0.0275432064418	0.0516693897007	-0.0389394194891	-0.0397791201294	0.020104851215	-0.00364414031343	1.0	-0.0280165137543	0.0234823262062	0.0602251906907	-0.0327958761501	-0.0614508787658	-0.0331081441692	0.0309237262497	-0.0542496040548	-0.0729434813878	-0.05749636704	-0.0266856473868	-0.0312477696522	0.0509577889001	-0.012881589583	0.0362394130901	-0.0920282710283	-0.0146624575302	0.0351791351832	0.0159015762466	-0.0232551493062	-0.0484067717969	-0.0153360624716	-0.0166464777181	-0.0698863419141	-0.105243350159	-0.0428296611628	0.0270598144297	-0.032701942896	-0.0392606782458	-0.0419128718846	0.0577659808053	-0.0318676552232	0.00490668585395	0.0177767428482	-0.0120263858368	0.0534164552847	0.03650683723	0.00993579707357	-0.0140733561674	0.0252680276369	0.0168584079847	-0.0237431879687
k__Bacteria;p__Proteobacteria;c__Betaproteobacteria;o__Burkholderiales;f__Sutterellaceae;g__Sutterella;s__Sutterella_wadsworthensis	-0.0269865464178	0.00806751861484	-0.0585705655177	-0.0825247106839	-0.0193607977775	-0.0761964084872	-0.0200592406861	0.00224635027356	-0.0849735048452	0.0534607680306	-0.00477927752927	-0.0705554190579	-0.0599383093935	-0.00727490331031	0.024679033381	-0.0924907761054	-0.0280165137543	1.0	0.019248157637	0.0243905365288	-0.0650661991532	-0.0239733763898	0.00656080462471	-0.0342023832017	-0.00568952814903	0.0230626475362	-0.0091597772408	0.0104418688078	-0.0196449160505	-0.0107508072476	0.00871754172014	0.0272995026529	-0.0422264968812	-0.00836384285659	-0.08630339379	-0.00709934621985	-0.0424263722855	-0.00186087568948	0.0769185630393	0.0020235042224	0.0169223098217	-0.0509627425165	0.0227718654996	0.0814862012384	0.0112055356857	-0.0282301675551	0.0589708715565	-0.0124498921134	-0.0442522291215	0.0125347786917	-0.0116751355416	-0.0149764998095	0.0354923162791	-0.00756364616107	-0.043537956217	0.0493626928431	0.0477865527771	0.0392167955002	-0.00533274244799
k__Bacteria;p__Bacteroidetes;c__Bacteroidia;o__Bacteroidales;f__Porphyromonadaceae;g__Barnesiella;s__Barnesiella_intestinihominis	-0.00784692258283	-0.0285505947909	0.0544800639841	-0.0102510176655	-0.0502368200825	-0.097568143077	-0.0167456355206	-0.0462986392829	-0.000570937282936	-0.05520910702	-0.0309095235326	-0.00198760877329	-0.0183938851992	0.032575431058	0.0233646994744	0.071485934653	0.0234823262062	0.019248157637	1.0	0.035858530709	0.0429068076036	-0.0493256987217	0.00523772763409	-0.116868859071	-0.0487995225759	0.0186372289354	-0.00517128592196	-0.0229203411661	-0.0447002590368	-0.00741920039626	0.0474598977713	-0.011237570255	-0.0163165922391	-0.0832401635053	-0.0599320803642	-0.0194182920035	-0.0653382937588	-0.0210346820967	0.0775213538655	-0.0243052869554	-0.0286316144392	-0.0568406350411	-0.0372882329626	-0.00407586221386	-0.0492972437377	-0.00804015049589	0.0196789444974	-0.0250434116221	-0.0685140336082	-0.00944086600745	0.0582983701712	-0.00846003470736	-0.0508069397046	0.00587641758111	0.0339538755946	-0.0517352115668	-0.0310645780113	0.0322119388489	0.0446329337321
k__Bacteria;p__Bacteroidetes;c__Bacteroidia;o__Bacteroidales;f__Odoribacteraceae;g__Odoribacter;s__Odoribacter_splanchnicus	0.0409643004883	-0.0259374745828	-0.00304485620634	-0.0311073713126	0.0195108272604	-0.056331414926	-0.0205921641218	-0.0435229782676	0.000762397186351	-0.0124182253141	0.00875224229539	0.0206275636374	0.00227619207663	-0.0366645470614	0.0201662283843	-0.0357772960751	0.0602251906907	0.0243905365288	0.035858530709	1.0	-0.00588308909044	0.0182395589357	-0.0360144449899	-0.0618554187796	0.0473966546436	-0.105241941732	-0.00488832097945	-0.0554935035273	0.0206453774562	-0.00802009785599	0.0342223945837	-0.081030411332	-0.00910555622581	-0.0174098780182	-0.0544657903488	0.0226596884287	-0.0151035184666	-0.020337991552	-0.060269743003	-0.0486359340969	-0.00344825480602	-0.0268541552737	0.000644294551152	0.0327993771976	0.01179254475	-0.0661952147337	0.0463892822825	-0.0343673986565	0.000422548720022	0.028338566623	-0.0289693021773	-0.0129886909876	-0.0196903428591	0.011118006391	-0.0211082496625	0.00793435987756	0.00479549857684	-0.0591751039061	-0.0291380574738
k__Bacteria;p__Bacteroidetes;c__Bacteroidia;o__Bacteroidales;f__Bacteroidaceae;g__Bacteroides;s__Bacteroides_salyersiae	0.00332002977458	-0.0390768786595	0.0213527612443	-0.0409391524152	0.00421084316267	0.0682234215019	-0.0366724555489	-0.0567951037398	0.0138336802086	-0.0434081865	-0.0391326033996	-0.0274601585046	-0.0267943006239	-0.055707111489	-0.0229421145622	-0.01645958212	-0.0327958761501	-0.0650661991532	0.0429068076036	-0.00588308909044	1.0	-0.0125056810553	-0.0206015628643	0.0440556563885	-0.0253415067704	0.0460089622216	0.039022750612	-0.0584399500629	0.0292074283873	-0.0307438115661	0.0194798902332	-0.0210081647219	0.00353423719608	0.0115733924673	0.0310886166502	0.0327403988728	-0.032702683601	-0.00830337973192	0.0324313847989	-0.033936944228	0.0317744052439	0.00978592764046	0.00321092917979	-0.0328761057965	-0.0659237862104	0.043652029942	-0.028319113338	-0.0259676170065	0.0344738486466	0.00344621012567	0.0158089011189	-0.0454278322167	-0.0606035558617	0.0530239339058	0.00184040851293	-0.0378348664335	0.0186996423117	-0.0207757459792	0.0430987590713
k__Bacteria;p__Firmicutes;c__Clostridia;o__Clostridiales;f__Ruminococcaceae;g__Ruminiclostridium;s__[Eubacterium]_siraeum	0.00487278687566	0.0422759362506	-0.0257690234059	-0.0363340755134	0.0413488759361	-0.0518160108144	0.0156174365595	-0.0570632585295	0.0387078788152	0.0648841003179	0.0205328292413	0.0750251180004	-0.058082262026	0.0720269141583	0.0280444082848	-0.0231291641162	-0.0614508787658	-0.0239733763898	-0.0493256987217	0.0182395589357	-0.0125056810553	1.0	-0.0150553646069	-0.0450653565761	-0.0125160716784	-0.0289055546493	0.00571175122599	0.00800481991349	0.0634410081196	-0.034185285925	0.0237164287252	-0.01763348149	0.0252882993602	-0.00349560806021	-0.0347985147185	0.0105262598601	-0.0484368736986	-0.0204740167071	-0.0602622447334	0.0420494716063	0.00930236261603	0.0221317663237	0.0576912135289	-0.0203446236914	-0.00739693452571	0.0325776334783	-0.0274780356063	-0.0102936083463	-0.0532406152554	0.0825638127257	0.00873291339972	-0.0643270349459	0.0177319208038	0.0634543293594	0.0402645210376	-0.00208037830839	0.00564770693144	-0.00857039857659	-0.0507800695648
k__Bacteria;p__Proteobacteria;c__Betaproteobacteria;o__Burkholderiales;f__Sutterellaceae;g__Parasutterella;s__Parasutterella_excrementihominis	0.0481237862324	0.0379475404727	0.0168639137597	-0.0283902153637	-0.00709497071797	0.0532310793925	0.0263186023296	0.032681817334	-0.0367335270402	-0.0238652829289	0.0593909502543	0.011352846613	0.0143608364013	-0.0219554589036	-0.0337121652483	-0.0340499911765	-0.0331081441692	0.00656080462471	0.00523772763409	-0.0360144449899	-0.0206015628643	-0.0150553646069	1.0	0.0284992641505	-0.0144824814812	-0.00199175520671	-0.0215610871503	-0.0727564097956	-0.0663735927371	-0.018179242344	-0.0999716195135	-0.0534057420321	0.0437029961383	-0.0315347738936	-0.0257903212999	0.00275116033986	0.0491874909496	-0.0046224798201	-0.02276852669	-0.0357539470189	0.0503511531288	0.00771829229835	0.0338599420813	0.0394168760743	-0.0196567012653	-0.0304528167947	-0.0142532228383	-0.018397538558	-0.0197811421503	-0.0479004383674	-0.0170012021594	-0.032687989487	0.0327627145227	0.0484882923537	-0.0355367008493	0.00388652115225	-0.0304454182732	0.0409211125991	-0.029894151567
k__Bacteria;p__Actinobacteria;c__Actinobacteria;o__Bifidobacteriales;f__Bifidobacteriaceae;g__Bifidobacterium;s__Bifidobacterium_adolescentis	0.0478156464795	-0.0383951535443	0.0644436844584	-0.0416445004059	0.0481095263355	0.0232395849432	0.0138855742435	-0.0196193941901	-0.0105578201284	-0.0115770120858	-0.0380817102949	-0.0756957372553	0.0204424977298	-0.0075931868814	-0.0883399649647	0.0119097099112	0.0309237262497	-0.0342023832017	-0.116868859071	-0.0618554187796	0.0440556563885	-0.0450653565761	0.0284992641505	1.0	0.0392998782251	-0.0257941559102	-0.0644415993259	0.00433098541056	-0.0461513544168	0.0651573075333	-0.0371219582362	0.0780287051689	-0.0104473875206	-0.0199092153826	0.0101385795316	-0.0720786428633	0.0259778936702	0.00713268885924	-0.0402329534048	0.0731012037708	-0.0278956778082	-0.00477854388259	-0.121108139411	2.00184137666e-05	-0.0307244937068	-0.0963871623842	-0.0338998265784	0.0275155105708	0.00741655750158	0.0232305295872	0.0230348319662	-0.0577773434357	-0.0279057357372	-0.0418855450483	0.00537268109665	-0.0354080923064	-0.0422922013813	0.0100879530473	0.0116316276324
k__Bacteria;p__Firmicutes;c__Clostridia;o__Clostridiales;f__Oscillospiraceae;g__Oscillibacter;s__Oscillibacter_sp._KLE_1745	-0.0585800057293	0.00357729895311	-0.052525433718	-0.00792967429982	-0.0583582843959	0.0160015605949	-0.00614534326809	-0.00607541355048	-0.0178882061231	0.00749422763904	-0.0524292886605	0.0173081216075	-0.00616712520207	-0.0220044592849	-0.0336946877194	0.040692742293	-0.0542496040548	-0.00568952814903	-0.0487995225759	0.0473966546436	-0.0253415067704	-0.0125160716784	-0.0144824814812	0.0392998782251	1.0	0.0935398828742	0.0403280745745	-0.041059743512	-0.0479909869166	-0.0242936765577	-0.0338001412525	0.00735993911342	-0.0465590156274	0.0134904042075	-0.0539884999156	-0.0784832538222	0.0110858741571	0.00430225520227	0.0140074702501	-0.0160186266703	-0.0287988313327	0.0439667152096	0.0428785001274	-0.0317769513901	0.00639421074631	0.0168518025166	0.015095240086	-0.0587103439432	0.0608340511126	-0.032934293772	0.0616304729357	0.00489511499712	0.0286520849533	-0.0436309525538	-0.0276739875691	-0.0231156705119	-0.0186151471108	0.0540619926521	0.0454647890189
k__Bacteria;p__Bacteroidetes;c__Bacteroidia;o__Bacteroidales;f__Bacteroidaceae;g__Bacteroides;s__Bacteroides_coprophilus	-0.0839320609663	0.0408507941108	0.00676155088223	0.00992807527147	-0.0807533487357	-0.100735441107	0.020236309352	0.0188149008004	-0.0401675067812	-0.0183297102109	-0.0576233921501	0.0121755307094	0.0169740954668	0.0446567709621	-0.00123840838763	0.064027457845	-0.0729434813878	0.0230626475362	0.0186372289354	-0.105241941732	0.0460089622216	-0.0289055546493	-0.00199175520671	-0.0257941559102	0.0935398828742	1.0	0.000271940794054	-0.029178161984	-0.0263986166307	-0.016146747748	-0.0508339324237	0.0551112418073	0.0495940576904	-0.0348771309553	-0.0398095333218	0.0137998919084	0.0146959188589	0.0144192184884	-0.0613376603848	0.0766844871806	0.0532326630761	0.0167898775141	-0.00237028913749	-0.0420015953046	-0.0285955066436	-0.00186298814866	-0.00978100351447	-0.0506196779712	-0.0230060817764	0.0187172596009	-0.043805101685	0.0316290454549	-0.0421810953084	-0.0118010558885	-0.0337227108625	-0.035481152976	-0.0375847517963	0.0280447615908	-0.00779227950335
k__Bacteria;p__Firmicutes;c__Clostridia;o__Clostridiales;f__Lachnospiraceae;g__Roseburia;s__Roseburia_intestinalis	0.063315398952	-0.0217383748549	0.0433443719727	-0.05562318545	-0.0252529853667	-0.0415078319136	-0.0107242426751	0.0172981237317	-0.0614577116584	-0.0378978027396	-0.0389800996209	0.0194720541531	-0.00395024417696	-0.0454548068379	-0.0869388445733	0.0406875440493	-0.05749636704	-0.0091597772408	-0.00517128592196	-0.00488832097945	0.039022750612	0.00571175122599	-0.0215610871503	-0.0644415993259	0.0403280745745	0.000271940794054	1.0	0.0168857874575	0.0329779304801	-0.0124728876026	-0.0518466950885	-0.0154816184693	0.00708027493124	0.0319923934807	-0.00275944135044	0.0737367239998	0.00494975742966	-0.0185545406	-0.00676157205997	-0.0514838154686	-0.0362359376106	-0.036182802083	0.0125320746165	-0.0315772195351	-0.0310630602076	-0.00310929943438	-0.0235378421075	0.00112403300986	0.0347746580499	0.00287162855058	-0.027563508518	0.0299410923513	0.0106030991678	-0.0115630476074	-0.0115714808228	0.0318870431	-0.0154720763907	0.0162861760615	0.063815876564
k__Bacteria;p__Firmicutes;c__Clostridia;o__Clostridiales;f__Lachnospiraceae;g__Roseburia;s__Roseburia_hominis	0.00575890428378	0.0338047997618	0.0154890728584	0.0612148873124	-0.0193183415769	0.0456430602866	-0.0581867473247	-0.0175280845108	-0.0333909723797	-0.0259446373921	0.0255441421846	0.0135177329302	-0.040438728285	0.0816523036161	0.0215330202098	-0.0249789052583	-0.0266856473868	0.0104418688078	-0.0229203411661	-0.0554935035273	-0.0584399500629	0.00800481991349	-0.0727564097956	0.00433098541056	-0.041059743512	-0.029178161984	0.0168857874575	1.0	-0.0146071875221	-0.014457187123	-0.0332848283989	-0.0131443973759	-0.0410587488865	-0.0316180823218	-0.0325365505014	-0.0445092158108	0.00288320024709	-0.016260637723	-0.0326609293253	0.0137354758996	-0.0526387307878	0.00988694159033	-0.0379281450795	0.029570336417	-0.016080493099	0.0298884374735	-0.0251963836042	-0.0560541026853	-0.0109507692417	-0.0149499331058	-0.00615146037877	0.0281288702678	-0.029656958372	0.113848317131	0.0212595756501	0.0132368782768	0.00902768483076	-0.0440295631876	0.0192119993928
k__Bacteria;p__Bacteroidetes;c__Bacteroidia;o__Bacteroidales;f__Porphyromonadaceae;g__Parabacteroides;s__Parabacteroides_johnsonii	0.070740237515	-0.0448475564523	-0.00361088672128	-0.0177355934019	-0.0240510539025	0.0343521170112	-0.0118968479185	-0.0347168508965	-0.0987968638359	-0.00152547958951	0.0276243113373	0.0297452376722	0.0239861674394	0.0413016754533	0.0555141506748	-0.0171489818591	-0.0312477696522	-0.0196449160505	-0.0447002590368	0.0206453774562	0.0292074283873	0.0634410081196	-0.0663735927371	-0.0461513544168	-0.0479909869166	-0.0263986166307	0.0329779304801	-0.0146071875221	1.0	0.050491266001	0.00536577143267	0.032055181106	-0.00543643422414	-0.0781641046322	-0.0135989262424	-0.00232426946237	0.0381517051919	-0.0450020279122	-0.0143066969502	0.0114933651775	0.0260534270196	-0.0283181411019	-0.00777586081791	-0.0341749854259	-0.0300094743408	0.00849693383714	0.0187115842599	-0.0125648579692	-0.0185106967092	-0.0322812123908	0.00567576790169	-0.00909297923713	0.0120104873174	-0.0119853598643	0.00131574777009	-0.0359351388948	0.0577483795241	0.061658958717	0.0132172137249
k__Bacteria;p__Actinobacteria;c__Actinobacteria;o__Bifidobacteriales;f__Bifidobacteriaceae;g__Bifidobacterium;s__Bifidobacterium_longum	-0.0478947206519	0.0596810886841	-0.0232910444916	-0.00447681402985	0.0350589406086	0.0547578055173	-0.0628836776209	0.0705540307661	-0.0224557990827	0.0192590837368	-0.00773627993472	-0.0964241926689	0.0417435937185	0.012635300813	-0.0285378865492	-0.0524294719982	0.0509577889001	-0.0107508072476	-0.00741920039626	-0.00802009785599	-0.0307438115661	-0.034185285925	-0.018179242344	0.0651573075333	-0.0242936765577	-0.016146747748	-0.0124728876026	-0.014457187123	0.050491266001	1.0	0.00633987914469	0.0200228337317	-0.016600290579	-0.100429881456	0.0140368892824	0.0479950946157	0.00298202968453	-0.00384221386777	-0.0510513491592	-0.051330938239	-0.00598176492367	0.0433359925017	-0.00251063715641	-0.0358430834447	-0.0229581022273	-0.0637407595422	0.0188083452847	-0.0118672980606	-0.0519686194708	0.00250460421694	-0.0467121787362	-0.01836804385	0.0239199317667	-0.00783693957794	-0.00790043358842	-0.033065473976	0.0254238918568	-0.0453359562856	-0.0262054199685
