#taxonomy	k__Bacteria;p__Bacteroidetes;c__Bacteroidia;o__Bacteroidales;f__Bacteroidaceae;g__Bacteroides;s__Bacteroides_vulgatus	k__Bacteria;p__Bacteroidetes;c__Bacteroidia;o__Bacteroidales;f__Bacteroidaceae;g__Bacteroides;s__Bacteroides_uniformis	k__Bacteria;p__Bacteroidetes;c__Bacteroidia;o__Bacteroidales;f__Rikenellaceae;g__Alistipes;s__Alistipes_putredinis	k__Bacteria;p__Bacteroidetes;c__Bacteroidia;o__Bacteroidales;f__Prevotellaceae;g__Prevotella;s__Prevotella_copri	k__Bacteria;p__Bacteroidetes;c__Bacteroidia;o__Bacteroidales;f__Bacteroidaceae;g__Bacteroides;s__Bacteroides_stercoris	k__Bacteria;p__Bacteroidetes;c__Bacteroidia;o__Bacteroidales;f__Bacteroidaceae;g__Bacteroides;s__Bacteroides_ovatus	k__Bacteria;p__Bacteroidetes;c__Bacteroidia;o__Bacteroidales;f__Rikenellaceae;g__Alistipes;s__Alistipes_shahii	k__Bacteria;p__Firmicutes;c__Clostridia;o__Clostridiales;f__Ruminococcaceae;g__Faecalibacterium;s__Faecalibacterium_prausnitzii	k__Bacteria;p__Bacteroidetes;c__Bacteroidia;o__Bacteroidales;f__Rikenellaceae;g__Alistipes;s__Alistipes_finegoldii	k__Bacteria;p__Bacteroidetes;c__Bacteroidia;o__Bacteroidales;f__Porphyromonadaceae;g__Parabacteroides;s__Parabacteroides_distasonis	k__Bacteria;p__Bacteroidetes;c__Bacteroidia;o__Bacteroidales;f__Bacteroidaceae;g__Bacteroides;s__Bacteroides_thetaiotaomicron	k__Bacteria;p__Bacteroidetes;c__Bacteroidia;o__Bacteroidales;f__Bacteroidaceae;g__Bacteroides;s__Bacteroides_coprocola	k__Bacteria;p__Bacteroidetes;c__Bacteroidia;o__Bacteroidales;f__Bacteroidaceae;g__Bacteroides;s__Bacteroides_cellulosilyticus	k__Bacteria;p__Bacteroidetes;c__Bacteroidia;o__Bacteroidales;f__Rikenellaceae;g__Alistipes;s__Alistipes_obesi	k__Bacteria;p__Firmicutes;c__Clostridia;o__Clostridiales;f__Lachnospiraceae;g__;s__[Eubacterium]_rectale	k__Bacteria;p__Bacteroidetes;c__Bacteroidia;o__Bacteroidales;f__Bacteroidaceae;g__Bacteroides;s__Bacteroides_plebeius	k__Bacteria;p__Bacteroidetes;c__Bacteroidia;o__Bacteroidales;f__Bacteroidaceae;g__Bacteroides;s__Bacteroides_fragilis	k__Bacteria;p__Proteobacteria;c__Betaproteobacteria;o__Burkholderiales;f__Sutterellaceae;g__Sutterella;s__Sutterella_wadsworthensis	k__Bacteria;p__Bacteroidetes;c__Bacteroidia;o__Bacteroidales;f__Porphyromonadaceae;g__Barnesiella;s__Barnesiella_intestinihominis	k__Bacteria;p__Bacteroidetes;c__Bacteroidia;o__Bacteroidales;f__Odoribacteraceae;g__Odoribacter;s__Odoribacter_splanchnicus	k__Bacteria;p__Bacteroidetes;c__Bacteroidia;o__Bacteroidales;f__Bacteroidaceae;g__Bacteroides;s__Bacteroides_salyersiae	k__Bacteria;p__Firmicutes;c__Clostridia;o__Clostridiales;f__Ruminococcaceae;g__Ruminiclostridium;s__[Eubacterium]_siraeum	k__Bacteria;p__Proteobacteria;c__Betaproteobacteria;o__Burkholderiales;f__Sutterellaceae;g__Parasutterella;s__Parasutterella_excrementihominis	k__Bacteria;p__Actinobacteria;c__Actinobacteria;o__Bifidobacteriales;f__Bifidobacteriaceae;g__Bifidobacterium;s__Bifidobacterium_adolescentis	k__Bacteria;p__Firmicutes;c__Clostridia;o__Clostridiales;f__Oscillospiraceae;g__Oscillibacter;s__Oscillibacter_sp._KLE_1745	k__Bacteria;p__Bacteroidetes;c__Bacteroidia;o__Bacteroidales;f__Bacteroidaceae;g__Bacteroides;s__Bacteroides_coprophilus	k__Bacteria;p__Firmicutes;c__Clostridia;o__Clostridiales;f__Lachnospiraceae;g__Roseburia;s__Roseburia_intestinalis	k__Bacteria;p__Firmicutes;c__Clostridia;o__Clostridiales;f__Lachnospiraceae;g__Roseburia;s__Roseburia_hominis	k__Bacteria;p__Bacteroidetes;c__Bacteroidia;o__Bacteroidales;f__Porphyromonadaceae;g__Parabacteroides;s__Parabacteroides_johnsonii	k__Bacteria;p__Actinobacteria;c__Actinobacteria;o__Bifidobacteriales;f__Bifidobacteriaceae;g__Bifidobacterium;s__Bifidobacterium_longum	k__Bacteria;p__Firmicutes;c__Clostridia;o__Clostridiales;f__;g__Flavonifractor;s__Flavonifractor_plautii	k__Bacteria;p__Firmicutes;c__Clostridia;o__Clostridiales;f__Clostridiaceae;g__Clostridium;s__Clostridium_phoceensis	k__Bacteria;p__Verrucomicrobia;c__Verrucomicrobiae;o__Verrucomicrobiales;f__Akkermansiaceae;g__Akkermansia;s__Akkermansia_muciniphila	k__Bacteria;p__Bacteroidetes;c__Bacteroidia;o__Bacteroidales;f__Prevotellaceae;g__Paraprevotella;s__Paraprevotella_xylaniphila	k__Bacteria;p__Firmicutes;c__Clostridia;o__Clostridiales;f__Ruminococcaceae;g__Ruminococcus;s__Ruminococcus_callidus	k__Bacteria;p__Bacteroidetes;c__Bacteroidia;o__Bacteroidales;f__Rikenellaceae;g__Alistipes;s__Alistipes_senegalensis	k__Bacteria;p__Firmicutes;c__Clostridia;o__Clostridiales;f__Lachnospiraceae;g__Blautia;s__Blautia_sp._KLE_1732	k__Bacteria;p__Bacteroidetes;c__Bacteroidia;o__Bacteroidales;f__Bacteroidaceae;g__Bacteroides;s__Bacteroides_oleiciplenus	k__Bacteria;p__Firmicutes;c__Clostridia;o__Clostridiales;f__Ruminococcaceae;g__Ruminococcus;s__Ruminococcus_bicirculans	k__Bacteria;p__Bacteroidetes;c__Bacteroidia;o__Bacteroidales;f__Bacteroidaceae;g__Bacteroides;s__Bacteroides_fluxus	k__Bacteria;p__Bacteroidetes;c__Bacteroidia;o__Bacteroidales;f__Prevotellaceae;g__Prevotella;s__Prevotella_stercorea	k__Bacteria;p__Firmicutes;c__Clostridia;o__Clostridiales;f__Lachnospiraceae;g__Dorea;s__Dorea_longicatena	k__Bacteria;p__Firmicutes;c__Clostridia;o__Clostridiales;f__Eubacteriaceae;g__Eubacterium;s__[Eubacterium]_eligens	k__Bacteria;p__Firmicutes;c__Clostridia;o__Clostridiales;f__Ruminococcaceae;g__;s__Ruminococcaceae_bacterium_D16	k__Bacteria;p__Firmicutes;c__Clostridia;o__Clostridiales;f__Lachnospiraceae;g__Coprococcus;s__Coprococcus_comes	k__Bacteria;p__Proteobacteria;c__Gammaproteobacteria;o__Enterobacterales;f__Enterobacteriaceae;g__Escherichia;s__Escherichia_coli	k__Bacteria;p__Firmicutes;c__Clostridia;o__Clostridiales;f__Ruminococcaceae;g__Anaerotruncus;s__Anaerotruncus_colihominis	k__Bacteria;p__Firmicutes;c__Clostridia;o__Clostridiales;f__Lachnospiraceae;g__Blautia;s__Blautia_obeum	k__Bacteria;p__Bacteroidetes;c__Bacteroidia;o__Bacteroidales;f__Odoribacteraceae;g__Odoribacter;s__Odoribacter_laneus	k__Bacteria;p__Firmicutes;c__Clostridia;o__Clostridiales;f__Ruminococcaceae;g__Ruminiclostridium;s__[Clostridium]_leptum	k__Bacteria;p__Bacteroidetes;c__Bacteroidia;o__Bacteroidales;f__Porphyromonadaceae;g__Parabacteroides;s__Parabacteroides_goldsteinii	k__Bacteria;p__Firmicutes;c__Clostridia;o__Clostridiales;f__Lachnospiraceae;g__Anaerostipes;s__Anaerostipes_hadrus	k__Bacteria;p__Firmicutes;c__Clostridia;o__Clostridiales;f__Ruminococcaceae;g__Ruminococcus;s__Ruminococcus_lactaris	k__Bacteria;p__Firmicutes;c__Clostridia;o__Clostridiales;f__Clostridiaceae;g__Clostridium;s__Clostridium_sp._L2-50	k__Bacteria;p__Firmicutes;c__Clostridia;o__Clostridiales;f__Clostridiaceae;g__Clostridium;s__Clostridium_sp._M62/1	k__Bacteria;p__Firmicutes;c__Clostridia;o__Clostridiales;f__;g__Intestinimonas;s__Intestinimonas_butyriciproducens	k__Bacteria;p__Actinobacteria;c__Actinobacteria;o__Bifidobacteriales;f__Bifidobacteriaceae;g__Bifidobacterium;s__Bifidobacterium_bifidum	k__Bacteria;p__Firmicutes;c__Negativicutes;o__Veillonellales;f__Veillonellaceae;g__Dialister;s__Dialister_invisus	k__Bacteria;p__Bacteroidetes;c__Bacteroidia;o__Bacteroidales;f__Bacteroidaceae;g__Bacteroides;s__Bacteroides_salanitronis
k__Bacteria;p__Bacteroidetes;c__Bacteroidia;o__Bacteroidales;f__Bacteroidaceae;g__Bacteroides;s__Bacteroides_vulgatus	1.0	-0.0506147259259	0.0170901662062	-0.0197401381181	0.0269902012711	0.0284676848315	0.0136124196899	0.0212557650248	0.0177014699167	0.0303500752703	-0.0318336693277	0.0393124400696	-0.0234201839339	-0.0156843492744	-0.0174440600961	0.00158216615557	-0.00867208021495	0.0381185009009	-0.053652773907	-0.029638787307	0.0514088073484	0.0584128147275	0.0300031740509	-0.0226836909958	0.00402704245146	0.0493440970583	-0.0316535465945	-0.0232561536478	-0.0320966263939	-0.0111643609698	-0.0237669743088	-0.0064045170394	-0.045040501799	-0.0403284136363	-0.00914535582434	0.0203062654509	0.0165005862403	-0.0055586698084	0.0276016635744	0.0339362543139	-0.00111813868984	-0.0756158677187	0.00279095842798	-0.00588894321075	-0.0131957781986	0.00420595284746	-0.0216755035961	-0.0334092824605	0.00523555837969	-0.00425261364447	-0.0431057430458	-0.00692904694552	-0.0642975540112	0.0275156300605	0.0313558646774	-0.0300948880329	-0.0119645221963	-0.0434090567841	0.0110011027056
k__Bacteria;p__Bacteroidetes;c__Bacteroidia;o__Bacteroidales;f__Bacteroidaceae;g__Bacteroides;s__Bacteroides_uniformis	-0.0506147259259	1.0	0.0762374747705	-0.0331129713829	0.00986635574327	0.0138351180186	-0.0335224232392	-0.0229511178354	-0.019563232618	0.0166920154192	0.0509223235627	0.0330819689051	0.000211513141347	-0.0061956037219	-0.0347282551398	0.0690704250971	-0.0446097212712	0.029031652945	-0.0807957692456	0.0148268659504	0.00103172670432	0.0104700735151	0.0385090782837	0.0165282708088	-0.0236261913622	0.00705342321174	0.0301011606657	-0.0148550364762	0.00189213870437	-0.0283363047732	0.0308682724233	-0.0124440644209	-0.0075663990582	-0.0158773240724	-0.0225710875223	0.00175132774244	-0.048637919469	0.0399197880267	-0.0160285373207	0.0246755125295	-0.0451618163318	0.0143086417319	-0.00313543216668	-0.0301092784122	-0.0324268266003	-0.034734347937	-0.074126175964	-0.0696194419171	-0.0210884532903	-0.0518821375275	-0.0753482270485	-0.0187068130478	-0.0473896233708	0.0179312538987	-0.0469942149815	0.0626115728253	-0.0333640133548	0.0119096085116	-0.0202350875858
k__Bacteria;p__Bacteroidetes;c__Bacteroidia;o__Bacteroidales;f__Rikenellaceae;g__Alistipes;s__Alistipes_putredinis	0.0170901662062	0.0762374747705	1.0	-0.0591186028349	0.0243147107601	-0.053524945717	0.00304142887545	-0.0599935170968	0.0265060122808	-0.019584720926	-0.0448286197351	0.0165264338888	-0.0632692163124	-0.0355792092601	0.0774380545867	-0.0734177593081	-0.0515830214541	-0.0446255763908	-0.00912625051014	0.0382183184254	0.0313915962723	0.0219344113985	0.0144254036127	0.0499712409517	-0.0451821141531	-0.0274215437944	0.0139561528074	-0.0174075924217	-0.0545676710098	0.0252429490118	0.00420499653447	-0.0283598134667	-0.00561538788415	-0.0413370881944	0.00619873417988	0.0116762164782	0.0192042673204	0.0403059702799	-0.0540403957993	0.00741245759423	0.0293872242214	-0.00534949811798	0.0713653101537	-0.0150773949386	0.0401424370646	-0.0672770046502	0.0324054274745	-0.0198478511275	0.0318605709528	-0.0538902739837	0.0366414761031	0.0280662893552	-0.0227392569441	-0.0109212014508	-0.112604965135	-0.0291978783085	0.0351503494483	0.0227077526619	1.28428151156e-05
k__Bacteria;p__Bacteroidetes;c__Bacteroidia;o__Bacteroidales;f__Prevotellaceae;g__Prevotella;s__Prevotella_copri	-0.0197401381181	-0.0331129713829	-0.0591186028349	1.0	-0.0388043764885	0.0216567271741	-0.0540059044884	-0.0361515006983	0.0304705639954	0.0583643266982	-0.0215194475225	0.0104408967622	-0.0286420105845	0.0295674938135	0.0279407503018	0.0244875990261	-0.018164057128	-0.0402473176777	0.0265928419711	-0.00457882898557	-0.0479653076023	0.0573313737436	-0.048024742897	-0.0440226163543	-0.0331728255155	-0.0491026669151	-0.00305479880879	0.0264414320364	-0.0457762764545	0.00651625138868	-0.00892674741642	-0.0293179567025	-0.00387505248216	-0.0112762673315	-0.0186105844648	0.0296410539015	-0.0371897183629	0.0328351069395	0.037290851475	0.0345627221439	0.00786447394819	-0.00732314048843	-0.0218237042497	-0.0618295159543	0.0319325189986	-0.0375879091707	-0.0299657752866	0.0232981992197	0.0455024855857	-0.0460457054889	-0.00762220926667	-0.0222656519938	-0.0269030960716	-0.0107140840055	-0.0266754790098	-0.0300750168854	0.00944240984681	0.00884657762625	-0.014161012238
k__Bacteria;p__Bacteroidetes;c__Bacteroidia;o__Bacteroidales;f__Bacteroidaceae;g__Bacteroides;s__Bacteroides_stercoris	0.0269902012711	0.00986635574327	0.0243147107601	-0.0388043764885	1.0	0.0793393820458	0.0152256852902	-0.0712923594681	0.0348014121189	0.0288285724673	-0.0359525524312	0.0455999268785	-0.00991762632789	-0.0265189902744	0.0310900517412	0.0260087873743	-0.0588216737478	-0.0707252654029	-0.038623470602	-0.0307315297136	-0.0487597632741	-0.0287888741248	-0.0125636113997	-0.0744750193505	0.0110931478609	-0.00891970838432	-0.0130234214556	-0.0396191672983	0.00936272329165	0.0375447186337	0.0456137509806	0.0555407293408	-0.0274679634647	-0.0397893030746	-0.021882705387	-0.0302110581655	0.0252825889002	-0.0693242317988	0.0444122589869	0.0353007271368	0.0206749108299	-0.0252109079893	0.0197049475306	0.0411026859867	0.0133036997592	0.0479181772061	0.00966219475893	-0.0023374506379	-0.00204151264612	0.00433317701394	-0.0331931432165	-0.0201683165208	0.0889930060575	-0.0399039112273	-0.063296582572	0.00599236593726	-0.0558519199601	-0.0207416998967	0.00937219952602
k__Bacteria;p__Bacteroidetes;c__Bacteroidia;o__Bacteroidales;f__Bacteroidaceae;g__Bacteroides;s__Bacteroides_ovatus	0.0284676848315	0.0138351180186	-0.053524945717	0.0216567271741	0.0793393820458	1.0	-0.0225581082554	-0.0262008114955	0.00419518131844	0.0713616950944	0.0358875112788	0.00808782381838	0.0253033488488	0.0479168728369	0.0247042215135	0.0103738172072	0.0100037210142	-0.00205142736444	0.0117945389595	-0.000347349210314	0.0347875885985	-0.0595194537037	-0.028015672513	-0.072782555681	0.0203371611636	-0.0236994820774	-0.000773650709772	0.0485110274783	-0.00537070541893	-0.0405561188876	0.00214339858306	0.0413494097668	0.0235111922052	0.0156901428346	-0.0487004697062	0.0332283039559	0.0675794494902	-0.0638369985503	-0.0561926050659	-0.0372059739876	0.0245321327682	-0.0010331141256	0.0249192490347	-0.00444151100334	-0.00549110448164	0.0299827546781	0.0509614700226	0.0179814397067	-0.0112916498969	0.00863965144856	0.00824245950045	0.0116586614745	0.0457130169436	-0.136975154576	-0.0218016938787	-0.0528235228531	-0.00740050293491	-0.0362454592849	0.019942408281
k__Bacteria;p__Bacteroidetes;c__Bacteroidia;o__Bacteroidales;f__Rikenellaceae;g__Alistipes;s__Alistipes_shahii	0.0136124196899	-0.0335224232392	0.00304142887545	-0.0540059044884	0.0152256852902	-0.0225581082554	1.0	-0.0161959946555	-0.0175530551175	-0.0456324392383	0.00857129133997	-0.00113555646798	-0.0595922221034	0.00947235698578	-8.77998532784e-05	0.0721918812616	-0.0115061981159	-0.034698021159	0.00850470368249	0.0291080020362	-0.0819356712171	-0.0349918044485	0.081689404672	0.00558664489927	-0.025814540112	0.0160626238073	0.000787191046028	-0.0722741409819	0.0103895894165	0.00916476841585	-0.0233481748139	0.0135683164887	-0.051954070249	0.0230774498107	0.0143847011492	0.0174845412913	-0.0109458281533	-0.0579157963126	0.0332209688106	-4.71436639895e-05	-0.0375352248912	-0.00979007796496	-0.00995207808483	-0.018320253538	0.0258897136786	-0.0175394848187	-0.0228758085133	0.0355755556385	-0.00673312088241	0.0646525344192	0.0153468746811	-0.0475397998662	0.00383367667553	-0.00829334616467	-0.00613347560657	0.0235513007282	-0.0651233845823	0.0220572557751	-0.0591721624426
k__Bacteria;p__Firmicutes;c__Clostridia;o__Clostridiales;f__Ruminococcaceae;g__Faecalibacterium;s__Faecalibacterium_prausnitzii	0.0212557650248	-0.0229511178354	-0.0599935170968	-0.0361515006983	-0.0712923594681	-0.0262008114955	-0.0161959946555	1.0	-0.0117402918308	-0.0137919598905	-0.0232873027306	-0.0502716673066	0.00163176022101	0.00910707863048	-0.0901294872407	0.0132055480174	0.0685572004801	0.00233926420951	-0.0266669276806	-0.0138901850962	-0.043671670513	-0.0322822731932	-0.0439595901283	-0.0154813193913	0.0573593210344	0.0323455131697	0.0189949830953	-0.0331463310164	0.0309211998305	0.00681943136451	-0.0757125987136	0.00835025097648	0.00181439499407	-0.0137029133602	0.0330414988144	-0.0214966552417	0.018783428582	0.0143883782059	0.0243545906474	0.0326504405464	0.0543298124463	0.0366899909643	0.000656113419248	-0.00530246056807	-0.00259253164294	-0.0541533431365	-0.0692987183044	-0.0451356242875	-0.0189390192825	-0.010015042285	0.0290570596275	-0.0501180451684	0.00684230114034	-0.0433133164712	-0.0193713801827	0.0245223507673	-0.0216204063062	0.0171561967774	-0.0220060045975
k__Bacteria;p__Bacteroidetes;c__Bacteroidia;o__Bacteroidales;f__Rikenellaceae;g__Alistipes;s__Alistipes_finegoldii	0.0177014699167	-0.019563232618	0.0265060122808	0.0304705639954	0.0348014121189	0.00419518131844	-0.0175530551175	-0.0117402918308	1.0	-0.0380544492764	0.0396348955995	0.0260653092742	-0.00090790335106	-0.0138455961565	-0.00450609393461	-0.0285717608122	-0.000344959210563	-0.00620611580116	0.0296922402331	-0.0170636621065	-0.0411968334774	-0.00836067680582	-0.0204496105983	0.0143654325031	-0.0125553368036	-0.0713503901508	-0.063669043885	-0.0222927534929	0.025482622259	-0.0394934971627	0.0159154854693	0.0011433628669	-0.044575560168	0.0206890684524	0.0129509169866	-0.020017186895	-0.00965840871314	-0.0157480580628	-0.0405118792893	-0.0304789417268	0.00286508662531	-0.00595102679288	-0.0313240138809	0.00142720161109	-0.0418777688592	-0.0445905041796	-0.0346059042734	-0.00682581850005	-0.048581631931	0.00732821832778	-0.0265524863264	0.0316807612668	-0.0413302287613	-0.013142697865	-0.0548968083155	-0.0118290090148	-0.0132470111373	-0.0442402612134	-0.0361699961001
k__Bacteria;p__Bacteroidetes;c__Bacteroidia;o__Bacteroidales;f__Porphyromonadaceae;g__Parabacteroides;s__Parabacteroides_distasonis	0.0303500752703	0.0166920154192	-0.019584720926	0.0583643266982	0.0288285724673	0.0713616950944	-0.0456324392383	-0.0137919598905	-0.0380544492764	1.0	0.0495119975075	0.00208311435567	-0.0514187512852	-0.0511605144771	-0.0534870818626	0.0235968429342	0.0443913018533	-0.0265527930482	0.0171672359325	-0.00650055225195	0.0210547886373	-0.0928684502511	-0.0448560724074	-0.0464233528985	-0.0670743332017	-0.0399833448436	0.119161196152	0.0292077303342	-0.0013876877256	-0.0362800501931	-0.0132919944776	-0.0673621736079	0.0167759156034	-0.0203875067559	0.00217344445463	0.0399072374813	-0.071088319856	0.00239632355973	0.000291294146023	-0.0054305105126	-0.110080013522	0.0220240227713	-0.00450457760048	0.0498957351082	-0.034046656424	0.0580458470954	0.013499547754	-0.0562176282036	-0.00481671103908	0.00310068304707	0.0374600364879	-0.0275346003037	-0.0130667861965	0.0106924731319	0.00803970273077	0.0177073592674	-0.0125260566911	0.00380708999918	-0.074248683954
k__Bacteria;p__Bacteroidetes;c__Bacteroidia;o__Bacteroidales;f__Bacteroidaceae;g__Bacteroides;s__Bacteroides_thetaiotaomicron	-0.0318336693277	0.0509223235627	-0.0448286197351	-0.0215194475225	-0.0359525524312	0.0358875112788	0.00857129133997	-0.0232873027306	0.0396348955995	0.0495119975075	1.0	-0.0244379596983	-0.0330625908634	0.0339229796119	0.00940346853109	-0.000111505881916	0.0241313597939	0.0374613163821	0.0347097974756	-0.0285594083852	-0.00963346925911	-0.0134650380825	0.027627016205	0.0279326095907	-0.00807650587285	0.0282747682867	-0.00315758727024	0.022790831121	-0.0457659692918	-0.0318736535432	-0.035336380443	-0.0274352902648	0.0428878128335	-0.0266310608763	-0.0196040921031	0.00352437629478	-0.0153716275494	0.00938941830433	-0.033547755148	-0.0237108059196	-0.00762707633022	-0.0141372404733	0.0265329821514	-0.0466263493336	0.0380094305506	-0.064160243031	-0.056144337196	-0.0283543523961	-0.0579593003977	0.0442739453668	-0.0658647417674	0.0395807986092	-0.0398372705768	-0.0154988147761	0.033217249146	-0.0198403569864	0.0220117547118	0.0170677210505	-0.0019951989217
k__Bacteria;p__Bacteroidetes;c__Bacteroidia;o__Bacteroidales;f__Bacteroidaceae;g__Bacteroides;s__Bacteroides_coprocola	0.0393124400696	0.0330819689051	0.0165264338888	0.0104408967622	0.0455999268785	0.00808782381838	-0.00113555646798	-0.0502716673066	0.0260653092742	0.00208311435567	-0.0244379596983	1.0	0.0398272046367	0.0581487837053	-0.0401821646551	0.023168276587	0.01499777469	0.0168046356533	-0.0218376872797	-0.0167132241771	-0.0109745236301	0.0389657083028	0.0163561800539	-0.0260809004549	-0.0343742531436	-0.00460901716844	0.0188234350756	-0.0347621999907	-0.0146697533224	-0.0405603145466	0.018696837948	-0.00549682505734	-0.0310223790907	0.0420374736737	-0.0780742099116	-0.0290518417324	0.0199600371443	0.0145495468993	-0.0227729910044	-0.0652672859073	-0.00400132392507	-0.0206796183355	0.000715280325954	-0.0409033245433	-0.00507729948279	-0.0239432907689	-0.00998691003121	0.028322409551	-0.0109008385557	-0.01032294347	-0.0305641105378	-0.0273005744859	-0.00678807790717	-0.0794742945158	-0.0632416729392	-0.0248093998267	0.0239312567546	-0.00191700194179	-0.0068325939696
k__Bacteria;p__Bacteroidetes;c__Bacteroidia;o__Bacteroidales;f__Bacteroidaceae;g__Bacteroides;s__Bacteroides_cellulosilyticus	-0.0234201839339	0.000211513141347	-0.0632692163124	-0.0286420105845	-0.00991762632789	0.0253033488488	-0.0595922221034	0.00163176022101	-0.00090790335106	-0.0514187512852	-0.0330625908634	0.0398272046367	1.0	0.0176542663957	0.0195117985926	0.00390414329508	-0.0199428985842	-0.0653183193828	0.0613947278274	-0.00500703458609	-0.0305458403509	-0.0393342368767	-0.0342578378943	-0.0572642242855	0.0707734217801	-0.0393722856136	0.0766906996152	-0.0367389781314	0.0203914718275	0.00693363139031	-0.0205237898522	0.000696954771175	0.0813117509279	-0.0130239421138	-0.000178651636045	0.00812179712965	0.00722870244843	0.0229505081494	0.0585751765786	0.00640013018547	-0.0272109903702	0.0356427271304	0.00151960302345	-0.0339901467042	-0.0314647491747	0.0169835542508	-0.00246858485848	-0.0235885154352	0.0114833428149	-0.00214273620102	-0.0276710230059	0.0128269228155	-0.0196075370222	-0.018000184629	-0.0200047010474	-0.0594615356817	-0.032776253545	-0.0231493057304	-0.0301198869663
k__Bacteria;p__Bacteroidetes;c__Bacteroidia;o__Bacteroidales;f__Rikenellaceae;g__Alistipes;s__Alistipes_obesi	-0.0156843492744	-0.0061956037219	-0.0355792092601	0.0295674938135	-0.0265189902744	0.0479168728369	0.00947235698578	0.00910707863048	-0.0138455961565	-0.0511605144771	0.0339229796119	0.0581487837053	0.0176542663957	1.0	-0.0107786242272	0.0464363953392	-0.0185082303942	-0.0795452141569	0.0293407582167	-0.0360102578307	-0.0263682224919	-0.0475260602242	0.0460761284267	0.0160965145276	0.0396167261374	-0.0558769439651	-0.00457355640463	0.0201759916672	-0.0169546519767	0.0281906203592	-0.0411537593462	0.00415349013196	-0.0130481506627	-0.027818631986	-0.034408246699	0.0268570301712	-0.0082485814598	-0.04841819764	0.00921540605613	-0.015180677161	-0.0265483652662	0.00898999310176	0.0124393082407	0.00650283445369	-0.00721330494718	-0.00644536882742	-0.00551449303122	0.0247539296933	-0.0256850262928	0.0230917344975	-0.0411253423485	0.0248984363783	0.00334352385823	0.0502943315691	0.00832074454153	-0.0133808938944	-0.0584848831885	-0.00259342552609	-0.0808067495653
k__Bacteria;p__Firmicutes;c__Clostridia;o__Clostridiales;f__Lachnospiraceae;g__;s__[Eubacterium]_rectale	-0.0174440600961	-0.0347282551398	0.0774380545867	0.0279407503018	0.0310900517412	0.0247042215135	-8.77998532784e-05	-0.0901294872407	-0.00450609393461	-0.0534870818626	0.00940346853109	-0.0401821646551	0.0195117985926	-0.0107786242272	1.0	-0.0240458517274	-0.0404642595077	-0.100210503855	-0.0353281357041	0.0428740649206	0.00426724787854	-0.0564121278779	0.00740025796068	0.0804120977867	0.0312265847345	0.0209946723031	-0.0167503716028	0.060334486513	-0.0200593386494	-0.0200756938957	-0.0848750184732	-0.0204248014929	0.050688854146	0.0037516518441	-0.0845826106821	0.00762836872631	0.0239821018913	0.00787118915595	0.0310197925248	-0.0389764211679	-0.0391496883314	0.0166841461825	0.0376621806395	0.0296026663369	-0.00979025656535	-0.0314543621438	-0.00916811514046	0.0317780618655	0.0310038351041	-0.0168638735322	-0.00655510215165	-0.0569147811408	-0.0381626074483	-0.0672723399342	0.0602356794017	0.00802857433923	0.0235034537297	0.00139344177118	-0.0346246098998
k__Bacteria;p__Bacteroidetes;c__Bacteroidia;o__Bacteroidales;f__Bacteroidaceae;g__Bacteroides;s__Bacteroides_plebeius	0.00158216615557	0.0690704250971	-0.0734177593081	0.0244875990261	0.0260087873743	0.0103738172072	0.0721918812616	0.0132055480174	-0.0285717608122	0.0235968429342	-0.000111505881916	0.023168276587	0.00390414329508	0.0464363953392	-0.0240458517274	1.0	-0.00768426018931	-0.0199622620526	-0.00720798590842	-0.052733418145	-0.047828598463	-0.0059706707634	-0.0086955419553	-0.0111842252401	-0.0497805379198	0.0517841418703	-0.0349038665695	0.0213586173446	-0.00491016189142	-0.0354052978766	-0.0670046367656	-0.00958981257456	-0.0850338480027	-0.0977164502464	-0.0420152115277	-0.049109294334	-0.0622949262443	-0.0165857238313	-0.0112052903059	-0.0364329553985	-0.00445063762482	-0.0529273656624	-0.00786126769724	0.0147776919134	0.0437573063346	-0.0270488109858	0.105996954519	0.0545307955921	0.0158703433941	0.00074780085037	-0.00565124271459	0.00226443717503	0.036894698387	0.00246018252372	0.0172349236018	0.00985180877744	-0.0401703708246	0.0113691824814	0.047470006374
k__Bacteria;p__Bacteroidetes;c__Bacteroidia;o__Bacteroidales;f__Bacteroidaceae;g__Bacteroides;s__Bacteroides_fragilis	-0.00867208021495	-0.0446097212712	-0.0515830214541	-0.018164057128	-0.0588216737478	0.0100037210142	-0.0115061981159	0.0685572004801	-0.000344959210563	0.0443913018533	0.0241313597939	0.01499777469	-0.0199428985842	-0.0185082303942	-0.0404642595077	-0.00768426018931	1.0	0.0069266843111	0.0420457831615	-0.0462585944169	-0.0448502394174	-0.00690770658853	-0.0546005099606	-0.0317866129898	0.000790564175008	0.0153538494884	0.0462718642865	0.0128213546744	0.0255382902913	0.0634260203531	-0.0389437221569	-0.0131444776385	0.00279625788396	-0.019728944505	-0.0160232661971	0.00250859321249	-0.0316628758515	0.0142028719285	0.0172844113043	0.00831453296941	-0.0369613947076	-0.0233833167745	-0.00343533423208	-0.0652584118619	0.0362095421459	-0.0281303648067	0.0357371078941	0.0198702508012	-0.0198605046008	-0.00885155790815	-0.0326873433346	0.0273329316057	0.0124140484835	-0.0451387922902	0.0119799794625	-0.0235078306431	0.00419031356925	0.017290468484	-0.029624023765
k__Bacteria;p__Proteobacteria;c__Betaproteobacteria;o__Burkholderiales;f__Sutterellaceae;g__Sutterella;s__Sutterella_wadsworthensis	0.0381185009009	0.029031652945	-0.0446255763908	-0.0402473176777	-0.0707252654029	-0.00205142736444	-0.034698021159	0.00233926420951	-0.00620611580116	-0.0265527930482	0.0374613163821	0.0168046356533	-0.0653183193828	-0.0795452141569	-0.100210503855	-0.0199622620526	0.0069266843111	1.0	-0.0241695739407	-0.0475593739179	-0.0786804808277	-0.055212873765	0.0013158270955	-0.00710754505998	-0.0226654283321	0.0152850922815	-0.0107953559026	0.00127220163986	-0.0395056616373	0.0246118593917	0.00747626805246	-0.0437950374837	0.0180629233505	-0.0109056737861	0.0352126535365	0.0196072962513	0.0119678376122	-0.0303931143091	0.00582615605647	-0.0665296199388	0.0241699226167	-0.0619734305963	0.0178838674095	0.0594607279528	0.0324040061567	-0.0487369385823	0.0325478747746	-0.0296657582385	-0.041925080243	-0.00558368098731	-0.0124219907679	-0.0301643992591	-0.0361922559418	0.0050280946413	-0.0592311740821	-0.0582072333677	-0.0408339375033	-0.00757540981077	-0.0570212613704
k__Bacteria;p__Bacteroidetes;c__Bacteroidia;o__Bacteroidales;f__Porphyromonadaceae;g__Barnesiella;s__Barnesiella_intestinihominis	-0.053652773907	-0.0807957692456	-0.00912625051014	0.0265928419711	-0.038623470602	0.0117945389595	0.00850470368249	-0.0266669276806	0.0296922402331	0.0171672359325	0.0347097974756	-0.0218376872797	0.0613947278274	0.0293407582167	-0.0353281357041	-0.00720798590842	0.0420457831615	-0.0241695739407	1.0	0.00990300068002	-0.023928219408	-0.0262381911971	-0.0754803470826	0.0274540518048	-0.0093095885615	-0.0188914792167	0.0184498292828	-0.0922353566339	0.0234710381816	-0.000804825690904	-0.0210849205733	-0.0410189017875	0.014641435665	0.0375906165629	0.0124144146232	0.0471082843092	0.0023752600615	0.00967286432803	-0.0375342081835	-0.0155822627539	-0.0178608656999	-0.00178895549454	-0.0116387003531	-0.0587694939834	-0.00977355363568	-0.00792917154948	-0.0104515157941	-0.0265653173335	-0.0261679619919	-0.0113472338286	0.0348081640867	0.0153296697284	0.00185072531081	0.0156614964261	-0.00286748352783	-0.0657546503123	0.00110566177893	-0.08462102981	-0.0206170073179
k__Bacteria;p__Bacteroidetes;c__Bacteroidia;o__Bacteroidales;f__Odoribacteraceae;g__Odoribacter;s__Odoribacter_splanchnicus	-0.029638787307	0.0148268659504	0.0382183184254	-0.00457882898557	-0.0307315297136	-0.000347349210314	0.0291080020362	-0.0138901850962	-0.0170636621065	-0.00650055225195	-0.0285594083852	-0.0167132241771	-0.00500703458609	-0.0360102578307	0.0428740649206	-0.052733418145	-0.0462585944169	-0.0475593739179	0.00990300068002	1.0	0.0268821100954	0.0319360384298	0.0273431403246	-0.114590057169	0.035789458029	-0.00690210411995	-0.0601320803962	0.0301297015632	-0.022599100698	0.00722818488947	0.0242655956648	-0.0370445698809	-0.0130473485823	-0.00134101397384	-0.0348964890188	-0.0097030019216	-0.000345502131623	-0.0892559702471	0.079319278642	0.0258999131093	-0.00885878383835	-0.000265353582244	-0.00931679357123	0.00111999176533	-0.053419893525	0.0230188769876	-0.0223340643935	-0.0264850734042	0.013996663548	0.0122761547247	-0.0808056037141	-0.00491634678376	-0.021862163363	-0.0568346462508	-0.0443381091275	-0.0365324566878	-0.0175591235409	0.0533463885778	-0.00875635695596
k__Bacteria;p__Bacteroidetes;c__Bacteroidia;o__Bacteroidales;f__Bacteroidaceae;g__Bacteroides;s__Bacteroides_salyersiae	0.0514088073484	0.00103172670432	0.0313915962723	-0.0479653076023	-0.0487597632741	0.0347875885985	-0.0819356712171	-0.043671670513	-0.0411968334774	0.0210547886373	-0.00963346925911	-0.0109745236301	-0.0305458403509	-0.0263682224919	0.00426724787854	-0.047828598463	-0.0448502394174	-0.0786804808277	-0.023928219408	0.0268821100954	1.0	-0.0319826460434	-0.00941850303145	-0.00480983475377	0.0279639610583	-0.00910067137944	0.00576449833798	0.0632905981693	0.0461889666319	0.0546501758444	-0.0165738378703	0.0305660800995	0.0360062824563	-0.0134891605671	0.000234575706296	-0.00922743795467	-0.00729467187285	0.021487217951	-0.00120704478154	-0.0644262451291	0.0192500599739	0.0212082298942	0.0681275759392	0.00197204923746	-0.116122206112	-0.0547589551947	0.00414575292508	-0.0137371664909	0.0841366138584	-0.0297839477585	-0.011585824422	0.00276801237765	-0.0464975607326	0.0017608621229	0.0201200582291	-0.00859248045844	-0.0142347774858	-0.0124713179007	-0.0975235390257
k__Bacteria;p__Firmicutes;c__Clostridia;o__Clostridiales;f__Ruminococcaceae;g__Ruminiclostridium;s__[Eubacterium]_siraeum	0.0584128147275	0.0104700735151	0.0219344113985	0.0573313737436	-0.0287888741248	-0.0595194537037	-0.0349918044485	-0.0322822731932	-0.00836067680582	-0.0928684502511	-0.0134650380825	0.0389657083028	-0.0393342368767	-0.0475260602242	-0.0564121278779	-0.0059706707634	-0.00690770658853	-0.055212873765	-0.0262381911971	0.0319360384298	-0.0319826460434	1.0	0.0096085773036	0.0288993240157	-0.0151739943562	-0.00753157489033	-0.0307215513476	0.0806716640686	-0.00802689462152	-0.0503660570079	-0.0101383775853	-0.00661336716322	0.0220779791467	-0.0176045272481	-0.0230573820409	-0.0432865869048	-0.0414713072524	0.031004224746	0.0241807202714	-0.0239483151075	-0.107455549512	-0.00268209655642	0.0291901944942	-0.0174711875627	0.00126778494409	-0.0118160929343	0.00758481430171	-0.033455543144	0.0602475578321	0.0128759412562	-0.00898704928313	0.0230352812028	-0.0216979446758	-0.00339925292731	-0.0695712139874	0.00750376728283	-0.0172758441538	-0.00929090019799	0.0269810815673
k__Bacteria;p__Proteobacteria;c__Betaproteobacteria;o__Burkholderiales;f__Sutterellaceae;g__Parasutterella;s__Parasutterella_excrementihominis	0.0300031740509	0.0385090782837	0.0144254036127	-0.048024742897	-0.0125636113997	-0.028015672513	0.081689404672	-0.0439595901283	-0.0204496105983	-0.0448560724074	0.027627016205	0.0163561800539	-0.0342578378943	0.0460761284267	0.00740025796068	-0.0086955419553	-0.0546005099606	0.0013158270955	-0.0754803470826	0.0273431403246	-0.00941850303145	0.0096085773036	1.0	0.0197013106996	-0.0234556671767	-0.0540706952736	-0.0049481212577	-0.0134725646482	-0.0632019885353	-0.00848084517291	0.0213708986277	-0.0518151986521	-0.00905975093022	0.00015769459667	0.00290050368832	-0.0223152249318	-0.0129483906766	-0.00320647990909	-0.00954209040177	0.0124558350742	0.0432742018565	0.0126955633639	0.00117408146653	-0.0191405114475	0.0480638481636	0.00929119590658	-0.00562870309091	-0.0610031619134	-0.0761256538675	0.0694367776485	-0.0013889385727	0.00402271774513	0.0126316415549	-0.0170484307612	-0.0102625881542	-0.0408037131937	0.0329889789566	0.0239612564424	-0.0185465679564
k__Bacteria;p__Actinobacteria;c__Actinobacteria;o__Bifidobacteriales;f__Bifidobacteriaceae;g__Bifidobacterium;s__Bifidobacterium_adolescentis	-0.0226836909958	0.0165282708088	0.0499712409517	-0.0440226163543	-0.0744750193505	-0.072782555681	0.00558664489927	-0.0154813193913	0.0143654325031	-0.0464233528985	0.0279326095907	-0.0260809004549	-0.0572642242855	0.0160965145276	0.0804120977867	-0.0111842252401	-0.0317866129898	-0.00710754505998	0.0274540518048	-0.114590057169	-0.00480983475377	0.0288993240157	0.0197013106996	1.0	-0.0317484163219	0.00161737085059	-0.0193710618659	-0.0283909669604	-0.0470501833603	0.0102251230646	0.033893909841	0.0169514827731	-0.0418678173947	-0.0169397781571	-0.0326068476219	0.0693061688978	-0.0100474419928	0.0145704224837	-0.026431721411	-0.0343210089766	-0.0246434939469	-0.0101862144143	-0.0301572501611	-0.0489426052142	-0.0105206886619	-0.0199459934746	0.0112308486692	-0.0439083619513	-0.00443198955968	-0.0297196886909	0.0150193264307	-0.0292094206438	0.0247558173167	0.0165621036529	0.0388313209242	-0.0473421691866	-0.0245103977698	-0.0152695731364	-0.00330081627255
k__Bacteria;p__Firmicutes;c__Clostridia;o__Clostridiales;f__Oscillospiraceae;g__Oscillibacter;s__Oscillibacter_sp._KLE_1745	0.00402704245146	-0.0236261913622	-0.0451821141531	-0.0331728255155	0.0110931478609	0.0203371611636	-0.025814540112	0.0573593210344	-0.0125553368036	-0.0670743332017	-0.00807650587285	-0.0343742531436	0.0707734217801	0.0396167261374	0.0312265847345	-0.0497805379198	0.000790564175008	-0.0226654283321	-0.0093095885615	0.035789458029	0.0279639610583	-0.0151739943562	-0.0234556671767	-0.0317484163219	1.0	0.0190729120944	-0.0149178626808	0.0403312739899	0.0343821827312	-0.00908452060202	-0.0466848550181	-0.091513597137	0.00471203570494	0.00295144672566	-0.0169502956723	0.00890266720206	-0.0125586598157	-0.0046448196755	-0.0262241902144	0.0122612148724	-0.0305383178476	0.0562628964267	0.00597834319826	-0.00544067217812	-0.0559311038365	-0.0119362246752	-0.0938981438498	-0.0817191010964	0.0327849211308	0.0128471440772	-0.0048614014754	-0.0285527568998	0.0336462030512	0.00448766083189	-0.0400079310766	0.000128008970169	0.000598756301796	-0.0119609448853	0.0355753093559
k__Bacteria;p__Bacteroidetes;c__Bacteroidia;o__Bacteroidales;f__Bacteroidaceae;g__Bacteroides;s__Bacteroides_coprophilus	0.0493440970583	0.00705342321174	-0.0274215437944	-0.0491026669151	-0.00891970838432	-0.0236994820774	0.0160626238073	0.0323455131697	-0.0713503901508	-0.0399833448436	0.0282747682867	-0.00460901716844	-0.0393722856136	-0.0558769439651	0.0209946723031	0.0517841418703	0.0153538494884	0.0152850922815	-0.0188914792167	-0.00690210411995	-0.00910067137944	-0.00753157489033	-0.0540706952736	0.00161737085059	0.0190729120944	1.0	0.00477323151884	0.0360890812183	0.0118030319044	-0.0123321972826	0.0564592901271	-0.0566750719273	-0.0569489007621	-0.00931356184612	-0.012046810317	-0.0510441253337	-0.0304684316877	-0.0357687411729	0.00503424163723	-0.0411762322868	-0.0408812288061	0.0346297152593	0.0403380440138	-0.0147463463194	-0.00364734990432	0.000592566464266	-0.0256135949555	-0.0421562644355	-0.018838722407	0.0231985150589	-0.0318161530025	-0.0120325970898	-0.0297788300241	-0.0714265644764	-0.0243733389865	0.0765028223215	-0.0143040493388	0.0429018606731	-0.0711531213502
k__Bacteria;p__Firmicutes;c__Clostridia;o__Clostridiales;f__Lachnospiraceae;g__Roseburia;s__Roseburia_intestinalis	-0.0316535465945	0.0301011606657	0.0139561528074	-0.00305479880879	-0.0130234214556	-0.000773650709772	0.000787191046028	0.0189949830953	-0.063669043885	0.119161196152	-0.00315758727024	0.0188234350756	0.0766906996152	-0.00457355640463	-0.0167503716028	-0.0349038665695	0.0462718642865	-0.0107953559026	0.0184498292828	-0.0601320803962	0.00576449833798	-0.0307215513476	-0.0049481212577	-0.0193710618659	-0.0149178626808	0.00477323151884	1.0	-0.0518720127254	-0.0214612001052	-0.00678179621593	-0.0150873787013	0.00887129283232	-0.0718541589245	0.021392201051	0.0291863421279	-0.0047828151128	-0.016922883571	0.0183194716131	-0.0320390030247	-0.00352205794471	0.0361199046872	0.0479269197943	-0.0366675651751	-0.0693960886513	0.00976492281007	0.0135883272361	-0.035197477699	-0.0513712860287	-0.0341576831772	-0.0257839886605	-0.0947817385788	-0.0406166300739	0.00145856364714	-0.0164687991439	0.00650959230731	0.0371877820294	0.00303476634896	0.0338929056382	-0.0196422495003
k__Bacteria;p__Firmicutes;c__Clostridia;o__Clostridiales;f__Lachnospiraceae;g__Roseburia;s__Roseburia_hominis	-0.0232561536478	-0.0148550364762	-0.0174075924217	0.0264414320364	-0.0396191672983	0.0485110274783	-0.0722741409819	-0.0331463310164	-0.0222927534929	0.0292077303342	0.022790831121	-0.0347621999907	-0.0367389781314	0.0201759916672	0.060334486513	0.0213586173446	0.0128213546744	0.00127220163986	-0.0922353566339	0.0301297015632	0.0632905981693	0.0806716640686	-0.0134725646482	-0.0283909669604	0.0403312739899	0.0360890812183	-0.0518720127254	1.0	0.0394559469985	-0.0286529093479	-0.0301305892879	0.000582333679121	0.0362819390621	0.0387748885451	-0.037800002519	-0.0232732048751	-0.00527770185511	-0.0244657081932	-0.0273042683692	-0.0575812144881	-0.0715770225201	-0.0905661027619	0.0295209111419	0.0194534864453	-0.0294046911993	-0.0714945891668	-0.0103576876628	-0.0170771128003	-0.0147263855535	-0.0143046572138	-0.025086642755	-0.00674404306692	0.0176661911282	0.0049882544697	0.0371009616057	-0.00212912834428	-0.0150123626367	-0.0300452776156	0.0567160271797
k__Bacteria;p__Bacteroidetes;c__Bacteroidia;o__Bacteroidales;f__Porphyromonadaceae;g__Parabacteroides;s__Parabacteroides_johnsonii	-0.0320966263939	0.00189213870437	-0.0545676710098	-0.0457762764545	0.00936272329165	-0.00537070541893	0.0103895894165	0.0309211998305	0.025482622259	-0.0013876877256	-0.0457659692918	-0.0146697533224	0.0203914718275	-0.0169546519767	-0.0200593386494	-0.00491016189142	0.0255382902913	-0.0395056616373	0.0234710381816	-0.022599100698	0.0461889666319	-0.00802689462152	-0.0632019885353	-0.0470501833603	0.0343821827312	0.0118030319044	-0.0214612001052	0.0394559469985	1.0	-0.0203419332216	-0.0262083017742	-0.0537723643653	0.0226657853472	-0.0357365412307	-0.0165711948526	-0.0219836400518	-0.0440381331282	0.0293462713364	0.000136689597311	0.00889095567491	0.0493933418758	-0.0208297111563	-0.0239318589386	-0.0130568854687	-0.0103878532832	-0.00459208856513	0.00948710971621	0.0378220100061	-0.0143195434573	-0.0429601879185	0.00607711763834	0.0856474439725	-0.000378891139149	0.0183262071478	0.0151048759502	0.0404406027132	-0.0360523689485	-0.018656552678	-0.0318230558368
k__Bacteria;p__Actinobacteria;c__Actinobacteria;o__Bifidobacteriales;f__Bifidobacteriaceae;g__Bifidobacterium;s__Bifidobacterium_longum	-0.0111643609698	-0.0283363047732	0.0252429490118	0.00651625138868	0.0375447186337	-0.0405561188876	0.00916476841585	0.00681943136451	-0.0394934971627	-0.0362800501931	-0.0318736535432	-0.0405603145466	0.00693363139031	0.0281906203592	-0.0200756938957	-0.0354052978766	0.0634260203531	0.0246118593917	-0.000804825690904	0.00722818488947	0.0546501758444	-0.0503660570079	-0.00848084517291	0.0102251230646	-0.00908452060202	-0.0123321972826	-0.00678179621593	-0.0286529093479	-0.0203419332216	1.0	-0.0132105226369	-0.04019319776	0.0618517660206	-0.0099474633198	-0.00177920294177	-0.0274450298105	-0.0514201261321	0.00431872271775	0.0398795859207	-0.0406487942146	0.00675141248804	-0.012535209322	-0.0333842427166	-0.014046799321	-0.00689709073717	-0.0277988060825	0.0171784789022	-0.0159613636472	-0.0390653619046	0.0213516307601	0.00730981472791	0.0269483492615	-0.0584355856696	0.0128466657	-0.037007417573	-0.0106905411708	0.00191217093211	0.0314104284055	0.0173490841851
