#taxonomy	k__Bacteria;p__Bacteroidetes;c__Bacteroidia;o__Bacteroidales;f__Bacteroidaceae;g__Bacteroides;s__Bacteroides_vulgatus	k__Bacteria;p__Bacteroidetes;c__Bacteroidia;o__Bacteroidales;f__Bacteroidaceae;g__Bacteroides;s__Bacteroides_uniformis	k__Bacteria;p__Bacteroidetes;c__Bacteroidia;o__Bacteroidales;f__Rikenellaceae;g__Alistipes;s__Alistipes_putredinis	k__Bacteria;p__Bacteroidetes;c__Bacteroidia;o__Bacteroidales;f__Prevotellaceae;g__Prevotella;s__Prevotella_copri	k__Bacteria;p__Bacteroidetes;c__Bacteroidia;o__Bacteroidales;f__Bacteroidaceae;g__Bacteroides;s__Bacteroides_stercoris	k__Bacteria;p__Bacteroidetes;c__Bacteroidia;o__Bacteroidales;f__Bacteroidaceae;g__Bacteroides;s__Bacteroides_ovatus	k__Bacteria;p__Bacteroidetes;c__Bacteroidia;o__Bacteroidales;f__Rikenellaceae;g__Alistipes;s__Alistipes_shahii	k__Bacteria;p__Firmicutes;c__Clostridia;o__Clostridiales;f__Ruminococcaceae;g__Faecalibacterium;s__Faecalibacterium_prausnitzii	k__Bacteria;p__Bacteroidetes;c__Bacteroidia;o__Bacteroidales;f__Rikenellaceae;g__Alistipes;s__Alistipes_finegoldii	k__Bacteria;p__Bacteroidetes;c__Bacteroidia;o__Bacteroidales;f__Porphyromonadaceae;g__Parabacteroides;s__Parabacteroides_distasonis	k__Bacteria;p__Bacteroidetes;c__Bacteroidia;o__Bacteroidales;f__Bacteroidaceae;g__Bacteroides;s__Bacteroides_thetaiotaomicron	k__Bacteria;p__Bacteroidetes;c__Bacteroidia;o__Bacteroidales;f__Bacteroidaceae;g__Bacteroides;s__Bacteroides_coprocola	k__Bacteria;p__Bacteroidetes;c__Bacteroidia;o__Bacteroidales;f__Bacteroidaceae;g__Bacteroides;s__Bacteroides_cellulosilyticus	k__Bacteria;p__Bacteroidetes;c__Bacteroidia;o__Bacteroidales;f__Rikenellaceae;g__Alistipes;s__Alistipes_obesi	k__Bacteria;p__Firmicutes;c__Clostridia;o__Clostridiales;f__Lachnospiraceae;g__;s__[Eubacterium]_rectale	k__Bacteria;p__Bacteroidetes;c__Bacteroidia;o__Bacteroidales;f__Bacteroidaceae;g__Bacteroides;s__Bacteroides_plebeius	k__Bacteria;p__Bacteroidetes;c__Bacteroidia;o__Bacteroidales;f__Bacteroidaceae;g__Bacteroides;s__Bacteroides_fragilis	k__Bacteria;p__Proteobacteria;c__Betaproteobacteria;o__Burkholderiales;f__Sutterellaceae;g__Sutterella;s__Sutterella_wadsworthensis	k__Bacteria;p__Bacteroidetes;c__Bacteroidia;o__Bacteroidales;f__Porphyromonadaceae;g__Barnesiella;s__Barnesiella_intestinihominis	k__Bacteria;p__Bacteroidetes;c__Bacteroidia;o__Bacteroidales;f__Odoribacteraceae;g__Odoribacter;s__Odoribacter_splanchnicus	k__Bacteria;p__Bacteroidetes;c__Bacteroidia;o__Bacteroidales;f__Bacteroidaceae;g__Bacteroides;s__Bacteroides_salyersiae	k__Bacteria;p__Firmicutes;c__Clostridia;o__Clostridiales;f__Ruminococcaceae;g__Ruminiclostridium;s__[Eubacterium]_siraeum	k__Bacteria;p__Proteobacteria;c__Betaproteobacteria;o__Burkholderiales;f__Sutterellaceae;g__Parasutterella;s__Parasutterella_excrementihominis	k__Bacteria;p__Actinobacteria;c__Actinobacteria;o__Bifidobacteriales;f__Bifidobacteriaceae;g__Bifidobacterium;s__Bifidobacterium_adolescentis	k__Bacteria;p__Firmicutes;c__Clostridia;o__Clostridiales;f__Oscillospiraceae;g__Oscillibacter;s__Oscillibacter_sp._KLE_1745	k__Bacteria;p__Bacteroidetes;c__Bacteroidia;o__Bacteroidales;f__Bacteroidaceae;g__Bacteroides;s__Bacteroides_coprophilus	k__Bacteria;p__Firmicutes;c__Clostridia;o__Clostridiales;f__Lachnospiraceae;g__Roseburia;s__Roseburia_intestinalis	k__Bacteria;p__Firmicutes;c__Clostridia;o__Clostridiales;f__Lachnospiraceae;g__Roseburia;s__Roseburia_hominis	k__Bacteria;p__Bacteroidetes;c__Bacteroidia;o__Bacteroidales;f__Porphyromonadaceae;g__Parabacteroides;s__Parabacteroides_johnsonii	k__Bacteria;p__Actinobacteria;c__Actinobacteria;o__Bifidobacteriales;f__Bifidobacteriaceae;g__Bifidobacterium;s__Bifidobacterium_longum	k__Bacteria;p__Firmicutes;c__Clostridia;o__Clostridiales;f__;g__Flavonifractor;s__Flavonifractor_plautii	k__Bacteria;p__Firmicutes;c__Clostridia;o__Clostridiales;f__Clostridiaceae;g__Clostridium;s__Clostridium_phoceensis	k__Bacteria;p__Verrucomicrobia;c__Verrucomicrobiae;o__Verrucomicrobiales;f__Akkermansiaceae;g__Akkermansia;s__Akkermansia_muciniphila	k__Bacteria;p__Bacteroidetes;c__Bacteroidia;o__Bacteroidales;f__Prevotellaceae;g__Paraprevotella;s__Paraprevotella_xylaniphila	k__Bacteria;p__Firmicutes;c__Clostridia;o__Clostridiales;f__Ruminococcaceae;g__Ruminococcus;s__Ruminococcus_callidus	k__Bacteria;p__Bacteroidetes;c__Bacteroidia;o__Bacteroidales;f__Rikenellaceae;g__Alistipes;s__Alistipes_senegalensis	k__Bacteria;p__Firmicutes;c__Clostridia;o__Clostridiales;f__Lachnospiraceae;g__Blautia;s__Blautia_sp._KLE_1732	k__Bacteria;p__Bacteroidetes;c__Bacteroidia;o__Bacteroidales;f__Bacteroidaceae;g__Bacteroides;s__Bacteroides_oleiciplenus	k__Bacteria;p__Firmicutes;c__Clostridia;o__Clostridiales;f__Ruminococcaceae;g__Ruminococcus;s__Ruminococcus_bicirculans	k__Bacteria;p__Bacteroidetes;c__Bacteroidia;o__Bacteroidales;f__Bacteroidaceae;g__Bacteroides;s__Bacteroides_fluxus	k__Bacteria;p__Bacteroidetes;c__Bacteroidia;o__Bacteroidales;f__Prevotellaceae;g__Prevotella;s__Prevotella_stercorea	k__Bacteria;p__Firmicutes;c__Clostridia;o__Clostridiales;f__Lachnospiraceae;g__Dorea;s__Dorea_longicatena	k__Bacteria;p__Firmicutes;c__Clostridia;o__Clostridiales;f__Eubacteriaceae;g__Eubacterium;s__[Eubacterium]_eligens	k__Bacteria;p__Firmicutes;c__Clostridia;o__Clostridiales;f__Ruminococcaceae;g__;s__Ruminococcaceae_bacterium_D16	k__Bacteria;p__Firmicutes;c__Clostridia;o__Clostridiales;f__Lachnospiraceae;g__Coprococcus;s__Coprococcus_comes	k__Bacteria;p__Proteobacteria;c__Gammaproteobacteria;o__Enterobacterales;f__Enterobacteriaceae;g__Escherichia;s__Escherichia_coli	k__Bacteria;p__Firmicutes;c__Clostridia;o__Clostridiales;f__Ruminococcaceae;g__Anaerotruncus;s__Anaerotruncus_colihominis	k__Bacteria;p__Firmicutes;c__Clostridia;o__Clostridiales;f__Lachnospiraceae;g__Blautia;s__Blautia_obeum	k__Bacteria;p__Bacteroidetes;c__Bacteroidia;o__Bacteroidales;f__Odoribacteraceae;g__Odoribacter;s__Odoribacter_laneus	k__Bacteria;p__Firmicutes;c__Clostridia;o__Clostridiales;f__Ruminococcaceae;g__Ruminiclostridium;s__[Clostridium]_leptum	k__Bacteria;p__Bacteroidetes;c__Bacteroidia;o__Bacteroidales;f__Porphyromonadaceae;g__Parabacteroides;s__Parabacteroides_goldsteinii	k__Bacteria;p__Firmicutes;c__Clostridia;o__Clostridiales;f__Lachnospiraceae;g__Anaerostipes;s__Anaerostipes_hadrus	k__Bacteria;p__Firmicutes;c__Clostridia;o__Clostridiales;f__Ruminococcaceae;g__Ruminococcus;s__Ruminococcus_lactaris	k__Bacteria;p__Firmicutes;c__Clostridia;o__Clostridiales;f__Clostridiaceae;g__Clostridium;s__Clostridium_sp._L2-50	k__Bacteria;p__Firmicutes;c__Clostridia;o__Clostridiales;f__Clostridiaceae;g__Clostridium;s__Clostridium_sp._M62/1	k__Bacteria;p__Firmicutes;c__Clostridia;o__Clostridiales;f__;g__Intestinimonas;s__Intestinimonas_butyriciproducens	k__Bacteria;p__Actinobacteria;c__Actinobacteria;o__Bifidobacteriales;f__Bifidobacteriaceae;g__Bifidobacterium;s__Bifidobacterium_bifidum	k__Bacteria;p__Firmicutes;c__Negativicutes;o__Veillonellales;f__Veillonellaceae;g__Dialister;s__Dialister_invisus	k__Bacteria;p__Bacteroidetes;c__Bacteroidia;o__Bacteroidales;f__Bacteroidaceae;g__Bacteroides;s__Bacteroides_salanitronis
k__Bacteria;p__Bacteroidetes;c__Bacteroidia;o__Bacteroidales;f__Bacteroidaceae;g__Bacteroides;s__Bacteroides_vulgatus	1.0	0.0081318912998	-0.0442073818441	-0.0308723136791	-0.0329909868792	0.0658988691425	-0.0701634074345	0.0285369460363	-0.0253673952556	-0.014552485013	0.00797118747901	0.0269150568523	0.0420433605776	0.0087964002868	0.0310990949499	-0.0054093805268	0.00747338588202	0.035991337737	0.0260248657417	-0.0113274212804	-0.0436148173592	-0.011432658532	0.0058849848519	0.0303910919076	-0.00363619522811	-0.0431544127749	0.0246405405181	0.00330504490719	0.0261331879747	-0.0358547695292	-0.0032110284006	-0.0013054966134	0.00458157403366	0.00970378190157	-0.0205819020998	0.00367557723664	-0.0488535085075	-0.00989490350729	0.0335038399602	-0.034807138099	-0.025612874064	-0.0763116067836	0.0329529421621	0.00776135465509	0.0134732068883	0.00599178040542	0.0264033042994	-0.0140681932831	0.0425700015183	0.0719208427348	-0.0371232340499	-0.00853037669045	0.00499823942349	-0.0218606116974	0.0145747719824	-0.0150365484718	0.0218128942212	-0.0449392727885	-0.0359110680612
k__Bacteria;p__Bacteroidetes;c__Bacteroidia;o__Bacteroidales;f__Bacteroidaceae;g__Bacteroides;s__Bacteroides_uniformis	0.0081318912998	1.0	-0.00946912335054	0.0173819351272	-0.0359418746376	0.0135193701699	0.00898911536103	-0.0136600813516	0.034111337592	-0.0563540760029	0.0478049302784	-0.0111611242291	0.025364659233	-0.000339648024249	-0.0168990222032	0.07953238539	-0.0539069151706	-0.0607226766305	0.0166791935403	0.0460449404428	0.0447620834984	0.0358903590737	-0.0403042311057	-0.011330519946	0.00559438226893	-0.0255311007381	0.00306079778807	0.0154476942742	-0.0389371677301	0.00178505919662	0.0104336755349	-0.0154548226916	0.0399465970071	0.0174121969241	-0.0324545816233	-0.0128114217636	0.000202687256454	0.0173654440246	0.0539064543305	-0.0222865396171	0.00559096619329	-0.0352135003658	-0.0156637670723	-0.0256295941414	-0.0313103255921	-0.0211331426672	-0.0663860121398	0.0344032002676	0.0178122818272	0.0403387506691	-0.0437527252276	-0.0333590758002	0.0182074295917	-0.0816683324848	0.0548179741869	0.0297051741416	0.0270842780885	0.0268230196075	0.0144231709547
k__Bacteria;p__Bacteroidetes;c__Bacteroidia;o__Bacteroidales;f__Rikenellaceae;g__Alistipes;s__Alistipes_putredinis	-0.0442073818441	-0.00946912335054	1.0	0.00480893350757	0.0145365158573	0.06842780825	-0.0433891462469	0.0115041802182	0.0339278955342	-0.0294148716144	-0.00292874103248	-0.0274579165237	0.00255706893906	-0.00655634279436	0.0199265888468	0.0227700717842	-0.0183042840179	0.00367658750297	-0.0583435522193	-0.0252075703101	-0.0035839187095	-0.0124092022383	-0.0581450314063	-0.0228712782748	-0.0459644827663	-0.0335370948838	-0.0402378718637	-0.0504245232026	-0.0147629444683	-0.044031123286	-0.0367465546263	0.0725072088368	0.0207653548719	-0.000840414508499	-0.0182602785211	0.0532594543653	0.00934093765092	0.0262798204984	0.0308342343572	-0.042966799538	-0.015529103355	-0.0129182881651	-0.019181234826	0.00543744548958	0.0108428349328	0.010801973381	-0.01045024569	-0.0190964982764	-0.0273336853945	0.0408433292767	-0.0529009900958	-0.019386384667	0.0357393990488	-0.0217782917595	0.0143865067724	-0.0256075411069	-0.00124133249419	-0.0222241670537	0.00125344258039
k__Bacteria;p__Bacteroidetes;c__Bacteroidia;o__Bacteroidales;f__Prevotellaceae;g__Prevotella;s__Prevotella_copri	-0.0308723136791	0.0173819351272	0.00480893350757	1.0	0.0275724256353	0.0227929196124	0.00471780360922	-0.0568355621841	-0.00117604613492	-0.0274137317887	-0.0248873122487	0.0199322826984	0.0191061170213	0.0443941270688	0.00505708963863	0.00566769338856	0.000780759612936	-0.0122982883982	-0.0155209377961	-0.0711313558442	-0.00507220882893	0.0550379821944	0.0506913235277	-0.0130903828605	-0.0173720801006	0.0116766019005	0.00641150525675	-0.0206333353661	0.0523137386994	-0.0750374019655	-0.017913827649	0.0293452023946	-0.0654997468497	0.004897189733	-0.0580740353274	-0.0133948394857	-0.000870527887426	-0.00603367657209	0.0134320869808	-0.0237070526649	-0.00924681484588	0.0100995510879	0.0313427395536	0.0475236133495	0.000498671057661	0.029977915083	-0.024243572516	-0.0467615035548	-0.0590302545649	0.0219800748269	-0.025595827985	0.0209682993194	-0.0283995908768	0.0130183793976	0.0115591501848	-0.00466659066517	-0.0296668364707	0.00639594313522	0.039489055786
k__Bacteria;p__Bacteroidetes;c__Bacteroidia;o__Bacteroidales;f__Bacteroidaceae;g__Bacteroides;s__Bacteroides_stercoris	-0.0329909868792	-0.0359418746376	0.0145365158573	0.0275724256353	1.0	-0.0552430609355	-0.0247090545552	0.0336358888545	0.0434673943592	-0.023276377713	-0.0766685657227	0.0746866470581	-0.0626139115852	-0.0281905080976	0.0265075380122	-0.0589067372793	0.047444351393	-0.0375719554726	-0.0119865484541	-0.0738770720468	-0.016276569758	-0.0394459069765	-0.0407113316661	-0.00694970907652	-0.00541367700108	-0.0116795306408	-0.0203812740962	0.0328077795563	-0.00116639209002	-0.0285482379906	0.0405067634924	0.00273391701908	-0.0312368698698	0.035841560104	-0.0158455409406	0.0259469072613	-0.0715734149175	0.0551780777027	-0.0950269772436	-0.000608019369436	0.0367797063378	-0.0647074469533	0.0106104063174	-0.0220118671	-0.00438828619509	-0.0283091345162	-0.00903802732474	7.93902747273e-05	-0.0224074539409	-0.0186321737879	-0.00296250675325	-0.0146208479882	0.00975624646006	-0.0320411758738	-0.00540423668493	0.000189815422044	-0.0157166876476	0.0390407838212	0.00553568772825
k__Bacteria;p__Bacteroidetes;c__Bacteroidia;o__Bacteroidales;f__Bacteroidaceae;g__Bacteroides;s__Bacteroides_ovatus	0.0658988691425	0.0135193701699	0.06842780825	0.0227929196124	-0.0552430609355	1.0	0.0501397895503	-0.0167619107881	-0.0164078970604	-0.0317505496411	-0.0148660036515	-0.033712929646	-0.0334874632995	0.0284399836219	-0.00992970249032	-0.0100878721653	-0.0252234464839	0.0101821478441	-0.0211697476825	0.0573096608253	0.0409853236706	-0.0877338393443	-0.0132839255964	-0.00726824690994	0.0173848764657	0.0555241552392	0.0534653586617	0.015344162043	-0.0410937419785	0.0125447349709	0.0167092170741	-0.0212507010253	-0.0423994598319	-0.0389965607109	-0.00550989717637	-0.009586271395	0.0327602688803	-0.0326571916704	0.00967763225017	-0.0570063653848	-0.022624262432	0.000622457524135	-0.0153563023616	0.045558608222	-0.0338934855088	-0.0714003470319	0.0276803375459	-0.0232948010105	-0.0403349573827	0.0119643174141	-0.0239277769301	0.0351486470311	-0.0294304910653	-0.060968494174	0.0285342852906	-0.0365459941868	-0.0089176457362	0.00316550702042	-0.00682552460596
k__Bacteria;p__Bacteroidetes;c__Bacteroidia;o__Bacteroidales;f__Rikenellaceae;g__Alistipes;s__Alistipes_shahii	-0.0701634074345	0.00898911536103	-0.0433891462469	0.00471780360922	-0.0247090545552	0.0501397895503	1.0	0.00416070414754	-0.0406407522246	-0.062633649826	0.0407057028944	0.00450697185036	0.0312773456034	-0.0279796232802	-0.0572212816365	-0.0500457506334	0.00772190477355	-0.0512192909203	-0.0175083757946	-0.0243732526646	-0.0301796921623	0.00281781220307	-0.0418969620958	-0.0275132825195	0.0280821472114	0.00823139426123	-0.0200008584155	0.0257662957247	0.0194625637131	-0.0203159600879	0.0375114438945	-0.0241568413172	0.0304315522992	0.0220892185542	-0.0189478158089	-0.0296535425822	-0.021013608913	-0.0086882613634	0.0118420349916	-0.0800556507181	-0.0290416012742	-0.0771896057119	0.0486483180536	-0.0466562363095	0.00494110020968	-0.0906528172962	0.0334367646541	0.0589989106282	-0.0820730647933	0.0167908331001	0.0474036155706	0.073880273579	0.0443940374272	-0.0419648417502	-0.103322279808	0.0584818362583	-0.0515274012012	-0.0494506962828	-0.0262214522471
k__Bacteria;p__Firmicutes;c__Clostridia;o__Clostridiales;f__Ruminococcaceae;g__Faecalibacterium;s__Faecalibacterium_prausnitzii	0.0285369460363	-0.0136600813516	0.0115041802182	-0.0568355621841	0.0336358888545	-0.0167619107881	0.00416070414754	1.0	-0.0363590757395	0.0273188665831	0.00608115745452	0.0453720409608	0.0159200123498	0.037142832018	0.0369570921088	-0.0238840580594	-0.0594903541618	0.0278616108262	0.0375853493349	-0.0409459710526	-0.0151368961434	0.0566933890547	-0.0189069639479	-0.0018677404306	-0.00201355526601	0.0460683481672	-0.0560995723915	-0.0295068749488	-0.0475752001497	-0.00462644873273	-0.0124434492563	-0.0448303453015	-0.048050819216	-0.0390451349558	-0.0690554345978	-0.0273352601494	-0.0513384224155	0.0266073736917	-0.0482535978856	-0.00143974415011	0.019110763795	-0.00425481245258	-0.0224994022164	0.0133191023054	0.00649363484065	-0.0050486110471	0.0136071390995	-0.0629558777011	-0.00500540491851	-0.0159398300696	0.0449053903184	-0.0840703896654	0.0328646695503	0.0029132602649	-0.0630474089883	-0.0254211640332	0.019651718755	0.0190211189691	-0.0214217462679
k__Bacteria;p__Bacteroidetes;c__Bacteroidia;o__Bacteroidales;f__Rikenellaceae;g__Alistipes;s__Alistipes_finegoldii	-0.0253673952556	0.034111337592	0.0339278955342	-0.00117604613491	0.0434673943592	-0.0164078970604	-0.0406407522246	-0.0363590757395	1.0	-0.0347333080304	-0.0219269573442	-0.0433693165678	-0.0415138961706	-0.00901452623927	0.0296879957571	-0.0694380730376	0.0479824166105	-0.0218241004477	-0.0231968132193	-0.01868427107	0.0197113510923	-0.0331542735735	-0.0672956460547	-0.0547712431489	-0.0152205436931	-0.00189035553164	-0.00766811341243	0.0630562985655	0.0487776601783	-0.102990743689	0.0113149152306	-0.00690287598511	-0.0073395610158	0.033970057985	-0.0411459543002	-0.0258378193107	0.0294028508359	-0.081715325417	0.0356672605003	0.0159003581728	0.0158295145135	0.00359687890929	-0.0522753909739	-0.0403553043431	-0.0463009809178	-0.0157096649481	0.0396717175473	0.00176299678328	-1.91807130784e-05	-0.00718781206466	-0.0233134060586	0.0221813330868	0.0464146021862	-0.0227152018498	-0.025228778287	0.00564035081439	0.00674744610411	0.0485506773066	0.0946829084508
k__Bacteria;p__Bacteroidetes;c__Bacteroidia;o__Bacteroidales;f__Porphyromonadaceae;g__Parabacteroides;s__Parabacteroides_distasonis	-0.014552485013	-0.0563540760029	-0.0294148716144	-0.0274137317887	-0.023276377713	-0.0317505496411	-0.062633649826	0.0273188665831	-0.0347333080304	1.0	-0.0272683915684	-0.0261691344496	0.0143164022203	-0.0080046959861	0.0188999955109	-0.0415241502462	-0.00203235169232	0.0254572564372	0.0139378517883	-0.0501779413802	-0.0441868983266	-0.0513115088963	-0.0342229476677	0.0240428277878	0.0144501921487	0.0182442079911	0.0288366247407	0.0205724690696	-0.0566767566664	-0.0314936771591	-0.00904517048182	-0.0138768597122	-0.00311353879514	0.034076946203	-0.0256710282767	-0.00285866925913	0.00947152327158	-0.0143781844179	-0.0106375659597	0.0137691519658	-0.0211669216297	-0.0250732775205	-0.0153843991592	-0.00814191272227	0.0587457655761	-0.0686295652556	0.0307653184163	-0.0254538354598	-0.0329861253137	0.0382304678265	0.0251747856222	-0.0045602672049	-0.015079067504	-0.0186899600425	0.00509355612734	0.00627889558818	-0.0375509765031	0.0252327395412	0.0379317309367
k__Bacteria;p__Bacteroidetes;c__Bacteroidia;o__Bacteroidales;f__Bacteroidaceae;g__Bacteroides;s__Bacteroides_thetaiotaomicron	0.00797118747901	0.0478049302784	-0.00292874103248	-0.0248873122487	-0.0766685657227	-0.0148660036515	0.0407057028944	0.00608115745452	-0.0219269573442	-0.0272683915684	1.0	-0.0558767118664	0.0146474456921	-0.00553159410616	0.0583157252638	0.0228093490893	-0.000805570206091	0.0829111864848	-0.0290372141674	0.0304390398879	0.0423865526968	-0.0587428992662	-0.0180674359434	0.00293003463725	0.000933578878541	-0.000703206048307	0.0468571647296	-0.00729926094286	0.0360451848947	-0.0418037459192	-0.0220076571019	-0.0279385032189	0.0509691100035	-0.0392599567797	0.00695497277536	0.0224600439185	0.0344459335118	-0.0208393210138	-0.0387121140258	-0.0234350260172	-0.0594509045262	-0.0215755217808	0.0176230054796	0.0120917729298	0.0105267170688	-0.0414122919797	-0.00615975348125	-0.00212051531898	-0.0391252938012	0.085171144473	-0.000609454133745	-0.060664195519	0.0312762424778	0.049080211946	0.0206610197834	-0.0440545366483	-0.035014574475	0.0132547175567	0.0290216440242
k__Bacteria;p__Bacteroidetes;c__Bacteroidia;o__Bacteroidales;f__Bacteroidaceae;g__Bacteroides;s__Bacteroides_coprocola	0.0269150568523	-0.0111611242291	-0.0274579165237	0.0199322826984	0.0746866470581	-0.033712929646	0.00450697185036	0.0453720409608	-0.0433693165678	-0.0261691344496	-0.0558767118664	1.0	-0.0490282953305	-0.0129218295999	-0.0675386630687	0.0179916111193	0.019247792943	-0.0191342244671	-0.023552121678	0.00101925384074	-0.0973074493562	-0.0166080175913	0.0138994909171	0.0484820226266	0.0208652072262	0.03514066894	0.0508771248937	0.0434050070968	0.0151197381141	-0.0103001302528	0.00107800807401	0.0109247393471	-0.0422528432268	-0.00473075690474	-0.0352547420073	-0.0287426607754	0.00891592496485	0.00237401522795	-0.0609323944238	-0.101808792296	-0.0274346801163	-0.0145559225663	-0.0503717615937	0.0387592653144	-0.000681815000701	0.0333979245536	0.0510680418508	-0.031951044564	-0.00636069526587	-0.0226489446308	-0.0170622134953	-0.00374028015937	0.00587696436011	0.00177650576715	-0.0412749491716	-0.0582676319407	0.0164256913216	-0.0581972680947	-0.0044031692574
k__Bacteria;p__Bacteroidetes;c__Bacteroidia;o__Bacteroidales;f__Bacteroidaceae;g__Bacteroides;s__Bacteroides_cellulosilyticus	0.0420433605776	0.025364659233	0.00255706893906	0.0191061170213	-0.0626139115852	-0.0334874632995	0.0312773456034	0.0159200123498	-0.0415138961706	0.0143164022203	0.0146474456921	-0.0490282953305	1.0	-0.0361776508595	-0.00689277620031	-0.018622240723	0.0265098591874	0.00966996161788	0.010446094588	0.00289575985994	-0.0346608926715	0.00740888269134	0.0569098222494	-0.0151883312142	0.04253763507	0.00840612103846	-0.0335084323446	-0.0149163187635	-0.0167774739155	-0.0234484095326	-0.0929115690528	-0.0162641815872	0.0313322474293	0.0243406136399	0.0250288271473	-0.0194392390254	-0.0737033562604	-0.0151236523614	0.0281066765322	0.00654023352785	-0.0846693009277	-0.00254300715455	0.0344223254842	-0.0108223496044	0.01607905028	0.0198515043182	-0.00478436354099	-0.0223830401714	0.0301822532118	-0.0224519587622	0.0160312183161	-0.0541074165979	-0.0418676869485	0.037835400729	0.00536682871366	-0.0142173147116	-0.0612095868526	-0.0792799294362	-0.015151877813
k__Bacteria;p__Bacteroidetes;c__Bacteroidia;o__Bacteroidales;f__Rikenellaceae;g__Alistipes;s__Alistipes_obesi	0.0087964002868	-0.000339648024249	-0.00655634279436	0.0443941270688	-0.0281905080976	0.0284399836219	-0.0279796232802	0.037142832018	-0.00901452623927	-0.0080046959861	-0.00553159410616	-0.0129218295999	-0.0361776508595	1.0	-0.0380389191469	-0.00413297012965	-0.0141704325165	-0.0212681030046	-0.0467382947025	-0.0315693501224	-0.050449128385	-0.00655208088552	0.0177164097498	-0.0314157589868	0.0194963539168	0.056987166935	0.0269057444287	-0.0772406098927	-0.0131018880616	0.00534752642849	-0.0285091705236	-0.0535189577812	0.00914583109538	-0.00422233051847	0.0280715648908	-0.0213472209463	-0.0280384120408	-0.00770237902014	0.0118992275489	0.00124426859314	0.0507757859697	-0.0301325276348	-0.0218954114779	-0.0463730808528	0.034439832328	-0.0172691182968	-0.0156745907955	-0.0792562495616	0.000856106644012	-0.00885221769646	-0.00848586447759	0.0544540092027	-0.0433304733863	-0.0683769853313	0.0275984527792	0.00952047375077	0.0794495275669	0.0587240719754	-0.0381284161314
k__Bacteria;p__Firmicutes;c__Clostridia;o__Clostridiales;f__Lachnospiraceae;g__;s__[Eubacterium]_rectale	0.0310990949499	-0.0168990222032	0.0199265888468	0.00505708963863	0.0265075380122	-0.00992970249032	-0.0572212816365	0.0369570921088	0.0296879957571	0.0188999955109	0.0583157252638	-0.0675386630687	-0.00689277620031	-0.0380389191469	1.0	-0.00063404170975	-0.00288272806045	-0.0441895334838	-0.0636274680894	-0.0265009773826	0.0011816392839	-0.00212238047083	-0.0365445578428	-0.0458372659236	-0.0243926406797	-0.00534843352174	-0.063452779631	0.0216255848196	-0.0158635981169	0.0211265016347	0.00608026358762	0.00517773464016	-0.0205855718753	-7.41390333264e-05	0.0241297975399	-0.0266656985895	0.0467633896616	-0.0409712001414	-0.0222593282089	0.0443589594053	-0.017234527972	-0.027707229014	0.0194262029991	0.0202756216784	-0.0156710563356	0.00196413579683	0.00659342711465	-0.0314320968794	-0.0410707603127	-0.0263121863325	0.0552088139435	-0.0453653361645	0.0462243291245	-0.0251627608882	0.0173137484039	-0.0256531822951	-0.0540458041323	-0.00292264493978	-0.0250450180145
k__Bacteria;p__Bacteroidetes;c__Bacteroidia;o__Bacteroidales;f__Bacteroidaceae;g__Bacteroides;s__Bacteroides_plebeius	-0.0054093805268	0.07953238539	0.0227700717842	0.00566769338856	-0.0589067372793	-0.0100878721653	-0.0500457506334	-0.0238840580594	-0.0694380730376	-0.0415241502462	0.0228093490893	0.0179916111193	-0.018622240723	-0.00413297012965	-0.00063404170975	1.0	-0.0343625001289	0.0365523826057	-0.00311614225777	0.0535034515136	-0.0271963904098	-0.0300095647574	0.0109583429448	-0.0194576265069	-0.0155628090986	0.0540417427277	0.00514297798488	0.00280944894287	-0.0503295493321	-0.0227606834549	0.00420554609088	0.00820744137531	0.0219010070683	-0.034397345954	0.0233272725007	0.041899152727	-0.0853469265481	0.0381048772744	0.0774771093454	-0.06810858561	-0.0293211677791	-0.0481569365228	-0.0253542324361	-0.000724458304162	-0.0110783254048	-0.0504308787767	-0.0280848353617	0.00978440494206	0.0146622436773	-0.00196480250152	-0.0427775186853	-0.0382526233177	0.0541400219983	-0.00367279510704	0.0102837962412	-0.0204620893898	0.00236181424666	-0.0694240263317	-0.00209689773839
k__Bacteria;p__Bacteroidetes;c__Bacteroidia;o__Bacteroidales;f__Bacteroidaceae;g__Bacteroides;s__Bacteroides_fragilis	0.00747338588202	-0.0539069151706	-0.0183042840179	0.000780759612936	0.047444351393	-0.0252234464839	0.00772190477355	-0.0594903541618	0.0479824166105	-0.00203235169232	-0.000805570206091	0.019247792943	0.0265098591874	-0.0141704325165	-0.00288272806045	-0.0343625001289	1.0	-0.0286261643446	-0.0781390100008	-0.0345064429619	-0.0206326714577	0.00770450180802	-0.0227551535453	0.0564272802943	0.0208902939146	-0.0204348359592	-0.0956601350543	-0.0164139104918	0.0101719378288	0.0232030217662	0.00111119339813	-0.028599946563	0.0126459577093	-0.0677638696828	-0.0240180734085	0.0381404237964	-0.00138526468765	0.0252872776745	0.0177927387039	-0.0374610912684	0.0138174140047	-0.00311665023292	-0.0314761021908	-0.0488421037379	-0.00396524802779	-0.0045798027402	0.0400120696752	0.00366250622096	-0.027633284283	-0.0307187279962	0.0273782147973	-0.0037155793731	-0.0302220400344	0.00752989527426	-0.00718936773199	-0.0133611454723	-0.0437041277829	0.0363089187183	0.055356872186
k__Bacteria;p__Proteobacteria;c__Betaproteobacteria;o__Burkholderiales;f__Sutterellaceae;g__Sutterella;s__Sutterella_wadsworthensis	0.035991337737	-0.0607226766305	0.00367658750297	-0.0122982883982	-0.0375719554726	0.0101821478441	-0.0512192909203	0.0278616108262	-0.0218241004477	0.0254572564372	0.0829111864848	-0.0191342244671	0.00966996161788	-0.0212681030046	-0.0441895334838	0.0365523826057	-0.0286261643446	1.0	-0.0274350624251	-0.0197718894927	-0.0437045766516	-0.0198912397371	0.0423820055589	0.0171809669389	-0.00512147093985	-0.0570287426074	-0.0109868937578	0.00115262886499	-0.0469140180101	0.00163849892865	-0.0399978654537	-0.0428404160638	-0.0262511102329	0.019890958969	-0.00181983291567	-0.0335671099063	0.0161360233989	0.00733985276159	-0.0361626193563	-0.043740923	0.0273959983007	0.069328864715	-0.00926390975055	0.00138837568169	0.0278707466546	-0.0154332420165	-0.0600419130187	-0.0288653231418	-0.00860268978547	-0.012796010564	-0.0139394282704	-0.057068933077	-0.0455601307894	0.0349189066745	-0.0548412448907	-0.00842944789646	0.00786286306991	0.0308216530856	-0.0235504157039
k__Bacteria;p__Bacteroidetes;c__Bacteroidia;o__Bacteroidales;f__Porphyromonadaceae;g__Barnesiella;s__Barnesiella_intestinihominis	0.0260248657417	0.0166791935403	-0.0583435522193	-0.0155209377961	-0.0119865484541	-0.0211697476825	-0.0175083757946	0.0375853493349	-0.0231968132193	0.0139378517883	-0.0290372141674	-0.023552121678	0.010446094588	-0.0467382947025	-0.0636274680894	-0.00311614225777	-0.0781390100008	-0.0274350624251	1.0	0.0176435309074	-0.0125516338452	0.0577266588577	-0.0505583566833	0.0273535794863	-0.0721116990883	-0.0671177518316	-0.00309892102065	-0.0231738693447	0.00539323057326	0.00363567970857	0.00482331541424	0.00583586242465	0.046753253071	-0.0435966580863	-0.0106131856948	-0.00345858242361	0.00330881626677	-0.000685765327839	-0.0302265004167	-0.00517591560664	0.0215264951741	-0.0138792785992	0.0312591427772	0.00903593473423	-0.0330853176318	0.0378979672095	0.0217412879134	0.0649129440696	-0.0426668958019	0.0444571441326	0.0428875563421	-0.0238222215494	-0.0610003996579	0.0415417977872	0.0438276370831	-0.038658040405	0.011857133436	0.00525055440644	0.0037352312474
k__Bacteria;p__Bacteroidetes;c__Bacteroidia;o__Bacteroidales;f__Odoribacteraceae;g__Odoribacter;s__Odoribacter_splanchnicus	-0.0113274212804	0.0460449404428	-0.0252075703101	-0.0711313558442	-0.0738770720468	0.0573096608253	-0.0243732526646	-0.0409459710526	-0.01868427107	-0.0501779413802	0.0304390398879	0.00101925384074	0.00289575985994	-0.0315693501224	-0.0265009773826	0.0535034515136	-0.0345064429619	-0.0197718894927	0.0176435309074	1.0	-0.00110737467492	0.0243370871686	-0.0286932673137	-0.0194046951832	-0.0414088898941	-0.0629882012411	0.0203654544109	0.026201657592	-0.00381661240786	0.0460037030856	-0.0937500831789	-0.0505033471349	-0.0319123641871	0.0345064931063	-0.0011525300974	-0.0158937993387	-0.00661277832107	0.0592775674569	-0.074695302954	-0.0185453872929	0.0147498511499	-0.0035890524297	-0.0174342113762	0.0302946955283	-0.0614858892887	-0.0908797898983	-0.0603629023192	-0.023078872245	-0.00481127697955	-0.047728705089	-0.0244503495097	-0.0716998318574	-0.00196322928607	-0.00702856031516	-0.0174536663088	0.0368132097006	-0.0730183419004	-0.00842872208	-0.0622242189723
k__Bacteria;p__Bacteroidetes;c__Bacteroidia;o__Bacteroidales;f__Bacteroidaceae;g__Bacteroides;s__Bacteroides_salyersiae	-0.0436148173592	0.0447620834984	-0.0035839187095	-0.00507220882893	-0.016276569758	0.0409853236706	-0.0301796921623	-0.0151368961434	0.0197113510923	-0.0441868983266	0.0423865526968	-0.0973074493562	-0.0346608926715	-0.050449128385	0.0011816392839	-0.0271963904098	-0.0206326714577	-0.0437045766516	-0.0125516338452	-0.00110737467492	1.0	-0.0061156382551	-0.0491065614026	-0.031147512881	-0.00580049327938	-0.00104461761391	-0.0794016935275	0.043498393022	-0.0129237782975	-0.0330602893737	-0.0669892043292	-0.0433821780883	0.00897887871475	-0.0130731563946	-0.0048925496539	-0.0109926910835	0.0105278022488	-0.0509092935663	0.0338650361811	-0.0292521933849	0.0113968804764	0.0403001968373	0.0461244041343	0.0162969022234	-0.0410527822533	0.0250025449637	-0.0108110602811	-0.00864095393588	0.0450229915608	-0.0382960939059	-0.0610537298478	0.0279483997421	0.0604994578931	-0.040290167967	-0.0136701068725	0.054798197133	0.0281265667782	-0.0196827084313	-0.0489602911474
k__Bacteria;p__Firmicutes;c__Clostridia;o__Clostridiales;f__Ruminococcaceae;g__Ruminiclostridium;s__[Eubacterium]_siraeum	-0.011432658532	0.0358903590737	-0.0124092022383	0.0550379821944	-0.0394459069765	-0.0877338393443	0.00281781220307	0.0566933890547	-0.0331542735735	-0.0513115088963	-0.0587428992662	-0.0166080175913	0.00740888269134	-0.00655208088552	-0.00212238047083	-0.0300095647574	0.00770450180802	-0.0198912397371	0.0577266588577	0.0243370871686	-0.0061156382551	1.0	-0.014981508279	-0.0353952913171	-0.0146828259903	-0.0133454909732	-0.0272434548228	-0.0862144639	0.0411195281414	0.00142063708724	-0.0395513882917	0.0363091656899	0.0510347385998	-0.030769606514	-0.010782214293	0.0103810455518	-0.0329469096672	-0.0147593646065	-0.0562144365971	0.0406692580396	-0.0354306330431	0.0152788503519	-0.0132657619565	-0.0339574334565	-0.0418487680025	0.0706188862739	-0.0104449368577	0.0189390378612	-0.0127622374282	0.0135150683845	0.000526884444033	-0.00125367853469	-0.0090818873041	0.0255220169889	0.0256171067841	0.0336889816538	0.00471748808155	0.0186503995711	0.0178588168231
k__Bacteria;p__Proteobacteria;c__Betaproteobacteria;o__Burkholderiales;f__Sutterellaceae;g__Parasutterella;s__Parasutterella_excrementihominis	0.0058849848519	-0.0403042311057	-0.0581450314063	0.0506913235277	-0.0407113316661	-0.0132839255964	-0.0418969620958	-0.0189069639479	-0.0672956460547	-0.0342229476677	-0.0180674359434	0.0138994909171	0.0569098222494	0.0177164097498	-0.0365445578428	0.0109583429448	-0.0227551535453	0.0423820055589	-0.0505583566833	-0.0286932673137	-0.0491065614026	-0.014981508279	1.0	0.00543921709583	0.0103500484125	-0.0564000579143	-0.0545654924079	0.0327696822155	0.0198303571979	-0.0160406947964	-0.00586911302375	0.0128253877081	0.030896147652	-0.00306495392875	0.0675216281901	-0.0181497444603	-0.0266823400269	-0.0158647860892	-0.0163252297298	0.0684892776079	-0.0488919916373	-0.00795097169784	-0.00776429783267	0.0217257917466	0.0159888148679	-1.91670880613e-05	-0.0259102170219	-0.0459148333162	0.00430083606017	0.0700582659639	0.00623851482373	-0.00356328473145	-0.00897736455974	-0.0510596131719	0.00871402192685	0.053630055935	-0.0416084402875	-0.00798901666429	-0.0816372297213
k__Bacteria;p__Actinobacteria;c__Actinobacteria;o__Bifidobacteriales;f__Bifidobacteriaceae;g__Bifidobacterium;s__Bifidobacterium_adolescentis	0.0303910919076	-0.011330519946	-0.0228712782748	-0.0130903828605	-0.00694970907652	-0.00726824690994	-0.0275132825195	-0.0018677404306	-0.0547712431489	0.0240428277878	0.00293003463725	0.0484820226266	-0.0151883312142	-0.0314157589868	-0.0458372659236	-0.0194576265069	0.0564272802943	0.0171809669389	0.0273535794863	-0.0194046951832	-0.031147512881	-0.0353952913171	0.00543921709583	1.0	-0.0642982575476	-0.00159400377988	-0.000449547297892	-0.0542180526607	0.0610738500092	-0.00814646509735	-0.0340236841516	0.0750975358489	-0.0395345839645	-0.0355521008277	0.0621338223436	-0.0526415276717	-0.00718128120455	0.0447175824479	-0.0393765988398	-0.0311012050892	-0.0530456983853	-0.015729993965	0.0115621913633	-0.00413816977921	0.0297177441241	0.0193306333925	-0.0526837441037	-0.0227542380076	0.0183629402791	-0.019200191939	-0.000315906636362	-0.0409744681172	0.0319972921163	-0.0287637762766	0.0368163703674	-0.0420223717672	-0.00429741841316	-0.0190446902803	-0.045623859809
k__Bacteria;p__Firmicutes;c__Clostridia;o__Clostridiales;f__Oscillospiraceae;g__Oscillibacter;s__Oscillibacter_sp._KLE_1745	-0.00363619522811	0.00559438226893	-0.0459644827663	-0.0173720801006	-0.00541367700108	0.0173848764657	0.0280821472114	-0.00201355526601	-0.0152205436931	0.0144501921487	0.000933578878541	0.0208652072262	0.04253763507	0.0194963539168	-0.0243926406797	-0.0155628090986	0.0208902939146	-0.00512147093985	-0.0721116990883	-0.0414088898941	-0.00580049327938	-0.0146828259903	0.0103500484125	-0.0642982575476	1.0	-0.0361043083331	0.00494001400248	-0.0278492125216	0.00122153188804	0.0173720425351	0.00766626665734	-0.0191517475371	-0.00105693734219	-0.0159210896739	0.0108985903651	-0.0544930900811	0.0529596381067	-0.0335471950213	-0.00856836803296	0.00714366696673	-0.00648127084353	-0.0149715143202	-0.0454102766385	-0.008421386964	-0.0309942607113	-0.0319251878899	0.0389880453088	-0.020651594648	1.2532891199e-05	-0.00246400416144	0.0108048496242	-0.0188264422606	-0.0228815854505	-0.00666007131987	-0.00308509452263	0.0549913326538	-0.0722400897706	-0.0178733217724	0.0278749223038
k__Bacteria;p__Bacteroidetes;c__Bacteroidia;o__Bacteroidales;f__Bacteroidaceae;g__Bacteroides;s__Bacteroides_coprophilus	-0.0431544127749	-0.0255311007381	-0.0335370948838	0.0116766019005	-0.0116795306408	0.0555241552392	0.00823139426123	0.0460683481672	-0.00189035553164	0.0182442079911	-0.000703206048307	0.03514066894	0.00840612103846	0.056987166935	-0.00534843352174	0.0540417427277	-0.0204348359592	-0.0570287426074	-0.0671177518316	-0.0629882012411	-0.00104461761391	-0.0133454909732	-0.0564000579143	-0.00159400377988	-0.0361043083331	1.0	0.0340244537753	-0.021583991871	-0.0373831492447	-0.0267862384439	-0.00201623244814	0.00425738247362	-0.054236868507	-0.00945158084409	0.0235503558331	-0.00856752197174	0.0374537696355	0.0378635589547	0.0167934610576	0.0160969272344	-0.0262584461599	-0.0292505635568	-0.0041595605029	-0.0163050772932	0.0593157998057	-0.0657961892729	0.0407500552046	0.0210623188616	-0.0707222322971	0.014041228344	-0.00543758003127	0.0132224917232	-0.00616419410174	-0.018188566154	-0.00270460088383	-0.0483643665411	0.0052010273571	-0.054868979834	-0.060971238508
k__Bacteria;p__Firmicutes;c__Clostridia;o__Clostridiales;f__Lachnospiraceae;g__Roseburia;s__Roseburia_intestinalis	0.0246405405181	0.00306079778807	-0.0402378718637	0.00641150525675	-0.0203812740962	0.0534653586617	-0.0200008584155	-0.0560995723915	-0.00766811341243	0.0288366247407	0.0468571647296	0.0508771248937	-0.0335084323446	0.0269057444287	-0.063452779631	0.00514297798488	-0.0956601350543	-0.0109868937578	-0.00309892102065	0.0203654544109	-0.0794016935275	-0.0272434548228	-0.0545654924079	-0.000449547297892	0.00494001400248	0.0340244537753	1.0	-0.0369310462608	-0.0277927500496	-0.0424525536131	-0.0583355782962	-0.0831116849196	0.0509072903758	-0.0245157338887	0.0461239285691	-0.023944951427	0.00169045339132	-0.0762581872397	0.0377567350091	0.0133641095753	-0.03639800537	0.0100733877773	-0.0442595446402	0.0287135453517	0.0165837116892	0.00469039025508	0.00711791422071	-0.0354906982474	-0.034305126704	0.0244315006649	-0.0552868796713	0.0154601148212	-0.0147030206248	0.0071996988432	-0.00406246073136	-0.0445281866833	0.0383168363981	-0.0161835355052	-0.0276892090958
k__Bacteria;p__Firmicutes;c__Clostridia;o__Clostridiales;f__Lachnospiraceae;g__Roseburia;s__Roseburia_hominis	0.00330504490719	0.0154476942742	-0.0504245232026	-0.0206333353661	0.0328077795563	0.015344162043	0.0257662957247	-0.0295068749488	0.0630562985655	0.0205724690696	-0.00729926094286	0.0434050070968	-0.0149163187635	-0.0772406098927	0.0216255848196	0.00280944894287	-0.0164139104918	0.00115262886499	-0.0231738693447	0.026201657592	0.043498393022	-0.0862144639	0.0327696822155	-0.0542180526607	-0.0278492125216	-0.021583991871	-0.0369310462608	1.0	-0.0276395258883	-0.0457787081408	-0.0149417360148	-0.0198627194186	-0.0252745871465	0.0120589995796	-0.0215947261945	-0.0449375192896	-0.0154595542136	-0.0054543322136	-0.000843996733916	-0.0759594442933	-0.0358176996653	0.0133238930865	0.0201344682468	-0.0128494739165	0.064567066227	-0.0810832179628	0.00425678519694	-0.00687985454029	-0.0142066355666	-0.0339517464881	0.0042673945412	0.0199241058079	-0.00329417183495	0.0111986139401	-0.0263217477721	-0.0146207521882	0.0306579817543	0.00543994767179	-0.0157442515963
k__Bacteria;p__Bacteroidetes;c__Bacteroidia;o__Bacteroidales;f__Porphyromonadaceae;g__Parabacteroides;s__Parabacteroides_johnsonii	0.0261331879747	-0.0389371677301	-0.0147629444683	0.0523137386994	-0.00116639209002	-0.0410937419785	0.0194625637131	-0.0475752001497	0.0487776601783	-0.0566767566664	0.0360451848947	0.0151197381141	-0.0167774739155	-0.0131018880616	-0.0158635981169	-0.0503295493321	0.0101719378288	-0.0469140180101	0.00539323057326	-0.00381661240786	-0.0129237782975	0.0411195281414	0.0198303571979	0.0610738500092	0.00122153188804	-0.0373831492447	-0.0277927500496	-0.0276395258883	1.0	-0.0118423146756	-0.00497535751096	-0.0319249286409	0.0141680342453	-0.00470963468661	0.0205619582439	0.0127685893025	0.0307748869659	0.0163437623744	-0.00694286767227	-0.036042271868	0.00278277420807	-0.0404048699678	-0.0413442978453	0.0170456289874	-0.0259945370916	-0.0100382781425	0.0161599383085	0.0226317633143	-0.0423135958478	0.0204869698985	0.030290966526	-0.0149856918986	-0.00688343864187	0.0166412248123	0.0821750099043	-0.0670126636427	-0.042640272778	0.02129084075	-0.0467648456804
k__Bacteria;p__Actinobacteria;c__Actinobacteria;o__Bifidobacteriales;f__Bifidobacteriaceae;g__Bifidobacterium;s__Bifidobacterium_longum	-0.0358547695292	0.00178505919662	-0.044031123286	-0.0750374019655	-0.0285482379906	0.0125447349709	-0.0203159600879	-0.00462644873273	-0.102990743689	-0.0314936771591	-0.0418037459192	-0.0103001302528	-0.0234484095326	0.00534752642849	0.0211265016347	-0.0227606834549	0.0232030217662	0.00163849892865	0.00363567970857	0.0460037030856	-0.0330602893737	0.00142063708724	-0.0160406947964	-0.00814646509735	0.0173720425351	-0.0267862384439	-0.0424525536131	-0.0457787081408	-0.0118423146756	1.0	0.0147254580965	-0.00315286077783	-0.0297427635657	-0.00423974898358	-0.0120828994583	0.0167799929456	0.02610319841	0.0318236412394	-0.0381312861343	-0.0180232132904	-0.0110572773757	-0.019880743482	0.00590629014943	-0.0173259139837	-0.0152753970093	-0.0390109765894	0.00922945346584	-0.00355139350794	0.00859822802752	-0.0153734191423	0.0219272946952	0.02190087446	-0.0113299805273	-0.0610613650098	-0.0743890923745	0.0085911411539	-0.00353250481609	0.0189000725346	0.0270372281684
