#taxonomy	k__Bacteria;p__Bacteroidetes;c__Bacteroidia;o__Bacteroidales;f__Bacteroidaceae;g__Bacteroides;s__Bacteroides_vulgatus	k__Bacteria;p__Bacteroidetes;c__Bacteroidia;o__Bacteroidales;f__Bacteroidaceae;g__Bacteroides;s__Bacteroides_uniformis	k__Bacteria;p__Bacteroidetes;c__Bacteroidia;o__Bacteroidales;f__Rikenellaceae;g__Alistipes;s__Alistipes_putredinis	k__Bacteria;p__Bacteroidetes;c__Bacteroidia;o__Bacteroidales;f__Prevotellaceae;g__Prevotella;s__Prevotella_copri	k__Bacteria;p__Bacteroidetes;c__Bacteroidia;o__Bacteroidales;f__Bacteroidaceae;g__Bacteroides;s__Bacteroides_stercoris	k__Bacteria;p__Bacteroidetes;c__Bacteroidia;o__Bacteroidales;f__Bacteroidaceae;g__Bacteroides;s__Bacteroides_ovatus	k__Bacteria;p__Bacteroidetes;c__Bacteroidia;o__Bacteroidales;f__Rikenellaceae;g__Alistipes;s__Alistipes_shahii	k__Bacteria;p__Firmicutes;c__Clostridia;o__Clostridiales;f__Ruminococcaceae;g__Faecalibacterium;s__Faecalibacterium_prausnitzii	k__Bacteria;p__Bacteroidetes;c__Bacteroidia;o__Bacteroidales;f__Rikenellaceae;g__Alistipes;s__Alistipes_finegoldii	k__Bacteria;p__Bacteroidetes;c__Bacteroidia;o__Bacteroidales;f__Porphyromonadaceae;g__Parabacteroides;s__Parabacteroides_distasonis	k__Bacteria;p__Bacteroidetes;c__Bacteroidia;o__Bacteroidales;f__Bacteroidaceae;g__Bacteroides;s__Bacteroides_thetaiotaomicron	k__Bacteria;p__Bacteroidetes;c__Bacteroidia;o__Bacteroidales;f__Bacteroidaceae;g__Bacteroides;s__Bacteroides_coprocola	k__Bacteria;p__Bacteroidetes;c__Bacteroidia;o__Bacteroidales;f__Bacteroidaceae;g__Bacteroides;s__Bacteroides_cellulosilyticus	k__Bacteria;p__Bacteroidetes;c__Bacteroidia;o__Bacteroidales;f__Rikenellaceae;g__Alistipes;s__Alistipes_obesi	k__Bacteria;p__Firmicutes;c__Clostridia;o__Clostridiales;f__Lachnospiraceae;g__;s__[Eubacterium]_rectale	k__Bacteria;p__Bacteroidetes;c__Bacteroidia;o__Bacteroidales;f__Bacteroidaceae;g__Bacteroides;s__Bacteroides_plebeius	k__Bacteria;p__Bacteroidetes;c__Bacteroidia;o__Bacteroidales;f__Bacteroidaceae;g__Bacteroides;s__Bacteroides_fragilis	k__Bacteria;p__Proteobacteria;c__Betaproteobacteria;o__Burkholderiales;f__Sutterellaceae;g__Sutterella;s__Sutterella_wadsworthensis	k__Bacteria;p__Bacteroidetes;c__Bacteroidia;o__Bacteroidales;f__Porphyromonadaceae;g__Barnesiella;s__Barnesiella_intestinihominis	k__Bacteria;p__Bacteroidetes;c__Bacteroidia;o__Bacteroidales;f__Odoribacteraceae;g__Odoribacter;s__Odoribacter_splanchnicus	k__Bacteria;p__Bacteroidetes;c__Bacteroidia;o__Bacteroidales;f__Bacteroidaceae;g__Bacteroides;s__Bacteroides_salyersiae	k__Bacteria;p__Firmicutes;c__Clostridia;o__Clostridiales;f__Ruminococcaceae;g__Ruminiclostridium;s__[Eubacterium]_siraeum	k__Bacteria;p__Proteobacteria;c__Betaproteobacteria;o__Burkholderiales;f__Sutterellaceae;g__Parasutterella;s__Parasutterella_excrementihominis	k__Bacteria;p__Actinobacteria;c__Actinobacteria;o__Bifidobacteriales;f__Bifidobacteriaceae;g__Bifidobacterium;s__Bifidobacterium_adolescentis	k__Bacteria;p__Firmicutes;c__Clostridia;o__Clostridiales;f__Oscillospiraceae;g__Oscillibacter;s__Oscillibacter_sp._KLE_1745	k__Bacteria;p__Bacteroidetes;c__Bacteroidia;o__Bacteroidales;f__Bacteroidaceae;g__Bacteroides;s__Bacteroides_coprophilus	k__Bacteria;p__Firmicutes;c__Clostridia;o__Clostridiales;f__Lachnospiraceae;g__Roseburia;s__Roseburia_intestinalis	k__Bacteria;p__Firmicutes;c__Clostridia;o__Clostridiales;f__Lachnospiraceae;g__Roseburia;s__Roseburia_hominis	k__Bacteria;p__Bacteroidetes;c__Bacteroidia;o__Bacteroidales;f__Porphyromonadaceae;g__Parabacteroides;s__Parabacteroides_johnsonii	k__Bacteria;p__Actinobacteria;c__Actinobacteria;o__Bifidobacteriales;f__Bifidobacteriaceae;g__Bifidobacterium;s__Bifidobacterium_longum	k__Bacteria;p__Firmicutes;c__Clostridia;o__Clostridiales;f__;g__Flavonifractor;s__Flavonifractor_plautii	k__Bacteria;p__Firmicutes;c__Clostridia;o__Clostridiales;f__Clostridiaceae;g__Clostridium;s__Clostridium_phoceensis	k__Bacteria;p__Verrucomicrobia;c__Verrucomicrobiae;o__Verrucomicrobiales;f__Akkermansiaceae;g__Akkermansia;s__Akkermansia_muciniphila	k__Bacteria;p__Bacteroidetes;c__Bacteroidia;o__Bacteroidales;f__Prevotellaceae;g__Paraprevotella;s__Paraprevotella_xylaniphila	k__Bacteria;p__Firmicutes;c__Clostridia;o__Clostridiales;f__Ruminococcaceae;g__Ruminococcus;s__Ruminococcus_callidus	k__Bacteria;p__Bacteroidetes;c__Bacteroidia;o__Bacteroidales;f__Rikenellaceae;g__Alistipes;s__Alistipes_senegalensis	k__Bacteria;p__Firmicutes;c__Clostridia;o__Clostridiales;f__Lachnospiraceae;g__Blautia;s__Blautia_sp._KLE_1732	k__Bacteria;p__Bacteroidetes;c__Bacteroidia;o__Bacteroidales;f__Bacteroidaceae;g__Bacteroides;s__Bacteroides_oleiciplenus	k__Bacteria;p__Firmicutes;c__Clostridia;o__Clostridiales;f__Ruminococcaceae;g__Ruminococcus;s__Ruminococcus_bicirculans	k__Bacteria;p__Bacteroidetes;c__Bacteroidia;o__Bacteroidales;f__Bacteroidaceae;g__Bacteroides;s__Bacteroides_fluxus	k__Bacteria;p__Bacteroidetes;c__Bacteroidia;o__Bacteroidales;f__Prevotellaceae;g__Prevotella;s__Prevotella_stercorea	k__Bacteria;p__Firmicutes;c__Clostridia;o__Clostridiales;f__Lachnospiraceae;g__Dorea;s__Dorea_longicatena	k__Bacteria;p__Firmicutes;c__Clostridia;o__Clostridiales;f__Eubacteriaceae;g__Eubacterium;s__[Eubacterium]_eligens	k__Bacteria;p__Firmicutes;c__Clostridia;o__Clostridiales;f__Ruminococcaceae;g__;s__Ruminococcaceae_bacterium_D16	k__Bacteria;p__Firmicutes;c__Clostridia;o__Clostridiales;f__Lachnospiraceae;g__Coprococcus;s__Coprococcus_comes	k__Bacteria;p__Proteobacteria;c__Gammaproteobacteria;o__Enterobacterales;f__Enterobacteriaceae;g__Escherichia;s__Escherichia_coli	k__Bacteria;p__Firmicutes;c__Clostridia;o__Clostridiales;f__Ruminococcaceae;g__Anaerotruncus;s__Anaerotruncus_colihominis	k__Bacteria;p__Firmicutes;c__Clostridia;o__Clostridiales;f__Lachnospiraceae;g__Blautia;s__Blautia_obeum	k__Bacteria;p__Bacteroidetes;c__Bacteroidia;o__Bacteroidales;f__Odoribacteraceae;g__Odoribacter;s__Odoribacter_laneus	k__Bacteria;p__Firmicutes;c__Clostridia;o__Clostridiales;f__Ruminococcaceae;g__Ruminiclostridium;s__[Clostridium]_leptum	k__Bacteria;p__Bacteroidetes;c__Bacteroidia;o__Bacteroidales;f__Porphyromonadaceae;g__Parabacteroides;s__Parabacteroides_goldsteinii	k__Bacteria;p__Firmicutes;c__Clostridia;o__Clostridiales;f__Lachnospiraceae;g__Anaerostipes;s__Anaerostipes_hadrus	k__Bacteria;p__Firmicutes;c__Clostridia;o__Clostridiales;f__Ruminococcaceae;g__Ruminococcus;s__Ruminococcus_lactaris	k__Bacteria;p__Firmicutes;c__Clostridia;o__Clostridiales;f__Clostridiaceae;g__Clostridium;s__Clostridium_sp._L2-50	k__Bacteria;p__Firmicutes;c__Clostridia;o__Clostridiales;f__Clostridiaceae;g__Clostridium;s__Clostridium_sp._M62/1	k__Bacteria;p__Firmicutes;c__Clostridia;o__Clostridiales;f__;g__Intestinimonas;s__Intestinimonas_butyriciproducens	k__Bacteria;p__Actinobacteria;c__Actinobacteria;o__Bifidobacteriales;f__Bifidobacteriaceae;g__Bifidobacterium;s__Bifidobacterium_bifidum	k__Bacteria;p__Firmicutes;c__Negativicutes;o__Veillonellales;f__Veillonellaceae;g__Dialister;s__Dialister_invisus	k__Bacteria;p__Bacteroidetes;c__Bacteroidia;o__Bacteroidales;f__Bacteroidaceae;g__Bacteroides;s__Bacteroides_salanitronis
k__Bacteria;p__Bacteroidetes;c__Bacteroidia;o__Bacteroidales;f__Bacteroidaceae;g__Bacteroides;s__Bacteroides_vulgatus	1.0	-0.0256344322161	-0.026496424083	-0.0418396902084	-0.0453492444485	-0.000399576384168	-0.0149763562073	0.0170921772411	-0.0275803705926	-0.02346944515	-0.0295921612944	0.0111936812395	0.0146609470354	0.0218065579552	0.0496073143381	0.0285194314745	-0.0352389089227	-0.0171003090775	-0.0214686145862	0.0881502774468	0.00621214939983	0.0342744921103	0.0505420046521	-0.0253618562837	-0.0397647289424	-0.0462029165402	0.028414457168	-0.0414802056319	-0.0199248501154	0.0279595113524	-0.0650937630428	-0.0332452049003	-0.00417434822123	-0.0838537265176	-0.0561846679805	-0.024830226041	0.0111619727372	0.0545475264451	-0.0310962412636	0.0383284484492	0.0190876300908	0.0237396683198	-0.00903590963457	0.0209834762458	-0.0572880575271	0.00691803066086	0.0167388940273	0.020499467188	0.0538506358051	-0.0600288189361	-0.0110643768605	0.0580368950003	-0.0585996190254	0.00926647308674	0.0217118142614	-0.0135742850892	-0.00485279698519	0.00445788136341	-0.0252004554156
k__Bacteria;p__Bacteroidetes;c__Bacteroidia;o__Bacteroidales;f__Bacteroidaceae;g__Bacteroides;s__Bacteroides_uniformis	-0.0256344322161	1.0	-0.0132880557482	0.000652248210395	0.0463444557211	0.0216327212492	-0.005498348868	-0.0439272584077	-0.0791280813018	-0.0199730113184	-0.016115736351	-0.0434983597495	0.0177353015803	-0.0156072535257	-0.00830695706444	-0.0259837854409	-0.0165924860838	0.00134311193061	-0.0175550082918	-0.0107140279081	-0.0402586089544	-0.0320852012099	-0.0379837888488	0.0468898641656	0.044233888324	0.00651958799892	0.0504997200559	-0.00958913009127	0.0369329179	0.0151054495028	-0.0327518209595	0.00183793292979	0.00675581915283	0.0164246376873	0.02645149676	-0.036655563936	0.00756743969143	0.0470057864321	-0.0186838932986	0.000768183371436	-0.0327849696498	-0.00807818015014	-0.00709863918787	-0.0296030868391	0.0480784260804	0.0244112918438	-0.0146964404051	-0.0534713574338	-0.0192723630639	0.00631164908439	-0.0097422732094	-0.0543767022473	0.00310809732014	-0.00080439357454	-0.0931743395692	-0.0242299422533	-0.0261219971635	0.0235140542713	-0.0363880230013
k__Bacteria;p__Bacteroidetes;c__Bacteroidia;o__Bacteroidales;f__Rikenellaceae;g__Alistipes;s__Alistipes_putredinis	-0.026496424083	-0.0132880557482	1.0	-0.0435827218378	-0.0218532916334	-0.0512401389335	0.00369305067567	-0.0424468250396	-0.0355712006384	0.0588222844763	0.0052845121342	0.072279318493	-0.0365454799596	-0.0192680045128	-0.0168771070959	-0.0148763068341	0.0139838188237	-0.0562606510211	-0.032969046806	-0.032894902302	-0.028199852958	-0.00508412514796	-0.0103528858197	-0.046273321074	-0.0143698871133	0.0300698170232	-0.00203971429318	0.0104566002155	0.028490381921	-0.0320863412439	0.0871639007512	0.0214711302954	0.0209268219251	-0.0301522321769	-0.0367840589295	0.056104211482	-0.0455838628954	0.00236380246678	-0.00438535551965	-0.02916642372	-0.00601488757946	-0.0162204397666	-0.0102364685783	-0.00217942382306	0.0301510327573	-0.0177434979471	0.0489012714037	0.0192849033836	0.0154850745675	-0.0690374696084	-0.0255876906806	0.00148917929628	-0.0401887386686	0.0263899408713	-0.0162486080274	-0.00690400717039	-0.00587176803929	-0.0047935417889	-0.0391818320405
k__Bacteria;p__Bacteroidetes;c__Bacteroidia;o__Bacteroidales;f__Prevotellaceae;g__Prevotella;s__Prevotella_copri	-0.0418396902084	0.000652248210395	-0.0435827218378	1.0	-0.0377106825597	-0.0433453784827	-0.0119279342676	0.0220988122582	0.0242950112341	0.0194308995734	-0.0471194334915	0.0271985960546	-0.0394798151782	0.0488692261821	0.0182517533039	-0.00473928904517	0.0156921748087	-0.0212525799481	-0.00961233404161	-0.0867820694498	-0.0134603870095	-0.00969208195843	-0.0885975459238	-0.0391619315296	0.0627458758372	-0.0469360295636	0.0232429912282	-0.0157838452581	-0.0106304902851	0.007423320244	-0.00279473438024	-0.0163147010898	-0.0212974328737	-0.00954593303311	0.0075601242371	-0.024637393545	-0.0213351944483	0.0737902940943	0.00286956737371	0.0376166447557	0.0148805334585	-0.00969960473071	0.0063480459923	0.0150774376067	-0.00529062904787	0.0103325559626	0.0364394177564	0.00754403739691	-0.0187811671564	-0.0106975073777	0.038329714484	-0.0421452806072	-0.0153474528695	0.0367920637957	-0.0289548231757	0.0576035991054	0.0259625034382	-0.0141055911956	0.00418051912159
k__Bacteria;p__Bacteroidetes;c__Bacteroidia;o__Bacteroidales;f__Bacteroidaceae;g__Bacteroides;s__Bacteroides_stercoris	-0.0453492444485	0.0463444557211	-0.0218532916334	-0.0377106825597	1.0	-0.0184814491272	-0.0191526226006	-0.00423533083014	0.0361265549035	0.00552647434705	-0.0371860577971	0.0537984837491	-0.0283608068045	-0.0322670762558	-0.0450044270164	0.0751512789931	-0.0258446651876	-0.0261292417697	-0.00439735831924	-0.0157690240541	0.0176479496374	-0.022675377944	-0.0438676845724	-0.036769902343	0.00756629516275	0.0121770184155	-0.0071051127209	-0.0303101318081	-0.0124363351605	0.00601992655833	-0.105606092962	-0.0396375340329	0.0255724323908	-0.0252757033433	-0.0416816811914	0.051449800956	0.00313265382378	0.00435825653861	-0.00686207473463	-0.0520493552864	-0.0230306514167	-0.0143097446851	0.0564465722032	0.0159020405564	0.0125670945192	-0.027562006304	0.0119242345444	0.0288519996621	-0.060270764685	-0.0504354399069	-0.0407743766747	0.0134743584232	0.0435658173176	-0.0332272755802	-0.00512434494868	0.0486855931235	0.00833481473686	0.0161113042744	-0.00300909853636
k__Bacteria;p__Bacteroidetes;c__Bacteroidia;o__Bacteroidales;f__Bacteroidaceae;g__Bacteroides;s__Bacteroides_ovatus	-0.000399576384168	0.0216327212492	-0.0512401389335	-0.0433453784827	-0.0184814491272	1.0	0.0609440683132	-0.00196539122824	-0.0721509882848	-0.0237677377113	-0.000340845721998	-0.0273346169401	0.0732197473342	0.0381142714901	0.00575922696096	0.0231452017796	0.0317719862747	-0.0265108012925	-0.092735639203	0.057074374604	0.0749215217398	0.00872589996456	-0.0198656826628	0.017584114641	-0.0400510238054	0.0734699980968	-0.0319048226469	0.0225024252751	0.00395675439975	0.0170335865246	0.00996095154449	0.0570575277172	0.039886232192	0.0559567368937	-0.0175254156139	-0.0244955705148	-0.023247247113	0.00764329873045	-0.0787329037235	0.0128046703554	-0.00957167846655	0.00334752463881	0.0591597758912	-0.0040997843572	-0.0437402118451	-0.0590691689043	-0.00225626977806	-0.062822816654	-0.00306248799908	0.00316755934847	0.00554448422316	0.00245449714102	-0.0643839980409	-0.0115802507931	-0.027142948677	-0.00351303146237	0.000354940503345	0.0222519261189	-0.013005460027
k__Bacteria;p__Bacteroidetes;c__Bacteroidia;o__Bacteroidales;f__Rikenellaceae;g__Alistipes;s__Alistipes_shahii	-0.0149763562073	-0.005498348868	0.00369305067567	-0.0119279342676	-0.0191526226006	0.0609440683132	1.0	-0.0529629462772	-0.00905585354542	0.0354725969799	-0.00655641034383	0.0169388961282	-0.0413176189894	-0.0388096710828	-0.108141327319	0.0710716841938	-0.0121120154196	-0.0256982469216	-0.00462097252579	0.0319655907801	-0.0497107808504	-0.0758182223892	-0.00844309563912	0.0133705237772	-0.0273316152702	-0.0405923233381	-0.00145850350881	0.0078057791268	0.0208663997418	-0.0205871819586	0.0284367661135	-0.0279814217149	0.0608521677374	-0.0460563885627	0.023972927285	-0.0162261242445	-0.0212346913216	-0.0346307371449	-0.0425051161823	-0.0443468404074	0.0345622904964	-0.0292225024578	-0.0709348496795	-0.0566592980065	0.107562167286	-0.0349837381898	-0.0243391103492	-0.0127585593837	0.0607691938587	-0.0674619888843	0.045640268791	-0.0376892924346	-0.0519056147021	-0.0173462516888	0.0665371374936	-0.0207520876605	-0.0223907495545	0.0508486038015	0.0404355917163
k__Bacteria;p__Firmicutes;c__Clostridia;o__Clostridiales;f__Ruminococcaceae;g__Faecalibacterium;s__Faecalibacterium_prausnitzii	0.0170921772411	-0.0439272584077	-0.0424468250396	0.0220988122582	-0.00423533083014	-0.00196539122824	-0.0529629462772	1.0	0.013049380128	-0.00373759939636	-0.0011280700616	-0.0122660579765	-0.0205350421226	0.0217933691852	0.0162141508365	-0.011228290922	-0.0432617677942	-0.0320399946752	0.00192674280338	-0.0152429209394	-0.0709881065133	-0.00898722841999	-0.0237215178571	0.0463860964177	0.00794995852085	0.0522171511662	0.0465538332456	0.00214562792693	-0.0351141700336	0.0127067388469	-0.0215336756876	0.0270646368505	-0.0703537906508	-0.0726471304193	-0.082643320559	-0.00726059279711	0.00621649791979	-0.00947715481792	-0.0270912645585	0.0200687328826	0.021783320998	0.0189152182705	-0.0650597135283	-0.0176377951599	-0.0754257936688	0.00715342609101	0.024990946861	-0.0305216839788	0.00578152728824	-0.0742929829466	0.0505804142523	0.0332532735488	-0.0479321800717	-0.0416265298326	0.0439077664392	0.0376118020061	0.00628055410128	0.0039849256497	-0.00994100567046
k__Bacteria;p__Bacteroidetes;c__Bacteroidia;o__Bacteroidales;f__Rikenellaceae;g__Alistipes;s__Alistipes_finegoldii	-0.0275803705926	-0.0791280813018	-0.0355712006384	0.0242950112341	0.0361265549035	-0.0721509882848	-0.00905585354542	0.013049380128	1.0	-0.032143604612	-0.0153591690637	-0.0426266963175	-0.0180351907848	-0.0808517020304	0.0345642633707	-0.0109318605327	-0.048389446978	-0.0179741373781	0.0203943714409	-0.0932016588598	0.0275610008038	0.0201998193161	-6.42438811345e-05	-0.0346334106169	0.0117011173188	0.0250200798242	0.000954371796812	-0.0788067406547	0.005178624738	-0.022103653381	-0.0380530066587	-0.0176620599714	-0.0724864313354	0.037499345471	0.0456049073882	0.0303805227041	0.0145812064389	-0.00777757014192	-0.0244831609421	0.0792641993101	0.0592422988187	-0.0238562237499	0.0138212793069	0.0611282716615	-0.00368871664407	0.00977426775394	-0.0659933064093	0.0606649874026	-0.0404833688747	0.0158766654824	0.0282954852681	-0.0355291079731	-0.0735946010864	-0.0621240604379	-0.0336314605954	0.04130906476	0.00619877572746	-0.0832140972976	0.0171929031304
k__Bacteria;p__Bacteroidetes;c__Bacteroidia;o__Bacteroidales;f__Porphyromonadaceae;g__Parabacteroides;s__Parabacteroides_distasonis	-0.02346944515	-0.0199730113184	0.0588222844763	0.0194308995734	0.00552647434705	-0.0237677377113	0.0354725969799	-0.00373759939636	-0.032143604612	1.0	-0.00679197778369	-0.0100733120055	-0.0368858206799	-0.0322327994234	0.0713591897043	0.00792349850302	0.0338798112695	-0.00874189007894	-0.0254316079519	0.0259930476029	0.0171883840254	0.013384378402	0.0165013264594	-0.0148269076132	-0.0584668400206	-0.00687527050634	0.0381610456659	0.0447063987772	-0.0119033611047	-0.0196977186591	0.0261214480217	-0.0299299360521	-0.0401662652164	-0.0160608324408	0.0141239247793	-0.0454869202288	-0.0105241689195	-0.0529066275237	0.0111563752613	-0.0392052013603	-0.0833179689106	-0.0289227800541	0.0423283134847	0.0378196924029	-0.00378291807204	-0.0558297052183	-0.0406784413439	0.00706511903136	-0.00223705975708	-0.0345368509435	-0.0233211659634	0.010542672458	0.0167565698642	-0.0269748287233	0.0489892933004	-0.0675919846965	-0.0234216802659	-0.00770916036504	-0.0290155469673
k__Bacteria;p__Bacteroidetes;c__Bacteroidia;o__Bacteroidales;f__Bacteroidaceae;g__Bacteroides;s__Bacteroides_thetaiotaomicron	-0.0295921612944	-0.016115736351	0.0052845121342	-0.0471194334915	-0.0371860577971	-0.000340845721998	-0.00655641034383	-0.0011280700616	-0.0153591690637	-0.00679197778369	1.0	-0.0510084471296	-0.00784918829027	0.00676013888234	-0.0333928615908	0.00688304182646	0.0125833510352	-0.00797990900855	-0.0540960626802	0.000984601145662	-0.0116425841645	-0.0756854475227	0.0761629518933	0.0330818567963	0.0141390493803	-0.00179365415082	-0.00751714454459	0.00157876575446	-0.047580632749	-0.0273657340163	0.0118594863049	-0.0148398977937	0.0452496233566	-0.0366050158687	-0.0291109930405	0.0113591814824	0.0700745939331	0.0032656651142	0.00113815056716	-0.00769045673682	0.0202668404944	0.00371016232034	-0.032074423773	0.0174446464066	-0.0515485435877	-0.0370323243991	-0.0301977080477	0.00950874834544	-0.0258121281375	0.00403768353429	-0.0319517433421	-0.0219518118364	0.0251523602924	0.051888293207	-0.0628990010909	-0.0348795754109	0.00598865934652	0.00306988539271	-0.0564953887342
k__Bacteria;p__Bacteroidetes;c__Bacteroidia;o__Bacteroidales;f__Bacteroidaceae;g__Bacteroides;s__Bacteroides_coprocola	0.0111936812395	-0.0434983597495	0.072279318493	0.0271985960546	0.0537984837491	-0.0273346169401	0.0169388961282	-0.0122660579765	-0.0426266963175	-0.0100733120055	-0.0510084471296	1.0	0.0194467486108	-0.0280129427787	-0.0234415430288	-0.0426049034003	-0.005832764555	-0.0279561750075	0.00621453801795	0.00898337710836	-0.027170801994	0.0728366934794	-0.0108640825705	-0.0347464299856	0.0425358023722	0.0298656605162	0.00131812443864	-0.0538963259272	0.0239399617204	0.00782479271045	-0.0359019131407	-0.0960417663018	-0.0169914587184	-0.0295295469866	0.00614368839401	-0.0162077122049	-0.0110777232168	-0.0738709050282	-0.00855199355166	0.0217819394552	0.00707893954717	-0.0281538731305	0.0240067315829	0.0034579420619	0.0126676214987	-0.00395096541226	-0.0394765031817	-0.0122778170044	0.00366549355284	-0.0408946339112	-0.00030805564648	-0.0486738132787	0.0395758104415	0.0160214585886	0.0254316998891	-0.0129883931511	-0.0163133438	0.0471555234879	-0.0430979321799
k__Bacteria;p__Bacteroidetes;c__Bacteroidia;o__Bacteroidales;f__Bacteroidaceae;g__Bacteroides;s__Bacteroides_cellulosilyticus	0.0146609470354	0.0177353015803	-0.0365454799596	-0.0394798151782	-0.0283608068045	0.0732197473342	-0.0413176189894	-0.0205350421226	-0.0180351907848	-0.0368858206799	-0.00784918829027	0.0194467486108	1.0	-0.0174554616047	0.0124807172921	-0.115797462205	0.00197592086754	-0.0139709759676	-0.0536821242873	-0.0266277860586	-0.036423949984	-0.0726668057377	-0.0153688861832	0.00341060875073	-0.0249137607415	-0.00105449591294	0.0156033568162	0.058973279626	-0.0362294058984	-0.0395780094978	0.0201868741219	0.0149128230562	0.0110877516887	0.00780246311555	0.00460060924544	0.0353761130769	-0.0393707640058	-0.0127497037513	-0.00182119595719	-0.0254361123475	-0.0579748030277	-0.0236468492467	0.049671789739	0.0100506144381	-0.00774487883575	-0.0396161652884	-0.0550788497071	0.00649823376877	0.0221868919433	-0.0386103348238	0.0304749025899	-0.104011414838	-0.03129593005	-0.00759712739328	-0.0431410644188	-0.0336835732695	0.00887119540776	0.041429209267	0.0181222336546
k__Bacteria;p__Bacteroidetes;c__Bacteroidia;o__Bacteroidales;f__Rikenellaceae;g__Alistipes;s__Alistipes_obesi	0.0218065579552	-0.0156072535257	-0.0192680045128	0.0488692261821	-0.0322670762558	0.0381142714901	-0.0388096710828	0.0217933691852	-0.0808517020304	-0.0322327994234	0.00676013888234	-0.0280129427787	-0.0174554616047	1.0	0.0148987397273	-0.0235229355925	-0.021634302899	-0.0175195459277	0.00568788175869	-0.00267936483414	-0.0118679696164	-0.010074081645	-0.0021849557134	-0.00651147062597	0.0516290820836	0.0157805202613	0.0375390375349	-0.00152231652801	0.0115225534561	-0.03190582098	-0.0159453726773	-0.0216984662479	-0.0396926799757	0.0639904856766	0.00132057258486	-0.0383146926054	-0.00853470414739	0.0381531948325	-0.0134651507089	0.0197734881217	-0.00406875739424	0.0133616744154	-0.0372665273621	-0.0232243544617	-0.0312164946349	-0.00673273738451	0.104257541461	0.0178534075098	0.0126289538654	-0.0286662627666	0.0242901755341	-0.04061298758	0.000316607420083	-0.0274432963437	-0.0511175428951	-0.0309271884394	0.00905917117857	0.00731321833722	-0.00719071345747
k__Bacteria;p__Firmicutes;c__Clostridia;o__Clostridiales;f__Lachnospiraceae;g__;s__[Eubacterium]_rectale	0.0496073143381	-0.00830695706444	-0.0168771070959	0.0182517533039	-0.0450044270164	0.00575922696095	-0.108141327319	0.0162141508365	0.0345642633707	0.0713591897043	-0.0333928615908	-0.0234415430288	0.0124807172921	0.0148987397273	1.0	-0.0452049815555	-0.0273305751642	-0.0252918275548	0.0392890197056	-0.0751036230163	0.0461564798759	-0.0131001167713	-0.0280910604352	-0.0402756121804	-0.0215426175196	-0.0312483558716	-0.012648984094	-0.064740757789	0.0338942092095	0.0202471403409	0.0465041591984	-0.0182275508195	0.0530133893736	-0.0113535171662	-0.0140358142055	-0.0731333398216	-0.0473747054737	-0.00551973801968	0.0165594372632	0.00265049789748	0.0176790834612	-0.00928775241909	-0.02204133321	-0.0151272423349	0.0287182371646	-0.00616143974899	-0.046409793331	-0.0253819837779	-0.0195874850208	0.0044155907213	0.0680369978242	-0.0189519529824	-0.00827123943219	-0.0322175126574	-0.0500476616192	-0.0333886916571	0.0227983420309	-0.00599676640508	-0.0103174724418
k__Bacteria;p__Bacteroidetes;c__Bacteroidia;o__Bacteroidales;f__Bacteroidaceae;g__Bacteroides;s__Bacteroides_plebeius	0.0285194314745	-0.0259837854409	-0.0148763068341	-0.00473928904517	0.0751512789931	0.0231452017796	0.0710716841938	-0.011228290922	-0.0109318605327	0.00792349850302	0.00688304182646	-0.0426049034003	-0.115797462205	-0.0235229355925	-0.0452049815555	1.0	0.0311613341607	0.0506207971467	0.0446888752995	-0.0190342781554	0.00296711575004	-0.0319494842647	0.0272889964993	0.0124179108047	-0.0150294297188	-0.0232210394354	0.00660473435152	-0.0202491528521	-0.0464581431152	-0.0423869688771	-0.00362065388947	-0.0474847277065	-0.0337571689643	-0.038936639615	-0.0617643560488	0.0322348094562	-0.0812489669571	-0.0272830651921	-0.00630537390234	-0.0337191705155	0.0204028271424	-0.0301839796357	-0.0541033056276	0.0186243199236	-0.0200973356846	0.0194202852637	-0.0179618219299	-0.0248208719299	0.0396259767513	0.00741218491673	-0.0187690249733	0.0128205527946	-0.0663495831773	-0.00178003936814	-0.0462326175695	0.0240206475056	0.00772960446912	0.0464808827503	0.064243479374
k__Bacteria;p__Bacteroidetes;c__Bacteroidia;o__Bacteroidales;f__Bacteroidaceae;g__Bacteroides;s__Bacteroides_fragilis	-0.0352389089227	-0.0165924860838	0.0139838188237	0.0156921748087	-0.0258446651876	0.0317719862747	-0.0121120154196	-0.0432617677942	-0.048389446978	0.0338798112695	0.0125833510352	-0.005832764555	0.00197592086754	-0.021634302899	-0.0273305751642	0.0311613341607	1.0	0.035415863123	-0.000111972902296	-0.0546475433266	-0.0387375044518	-0.0285144449823	-0.081044341587	0.0240651572391	-0.0277053285017	0.0348158482048	-0.0138863695448	-0.0465290397391	-0.00730063029172	0.0274748889102	0.0207805195513	0.0313802773771	0.0266965602802	-0.0731044625734	-0.0430306617028	0.0170490248771	0.0145311110807	0.0265269032306	-0.0157499791263	0.00913485856986	0.0112825572452	0.00234546201066	0.0165913492233	-0.0427476946508	0.016175621136	-0.0154442394083	-0.0313523040084	-0.0243117382149	-0.00174402080007	-0.00272966202037	-0.0342254002327	-0.0320521096026	-0.104349702125	0.0298321660329	0.0309115182829	-0.0179036104897	0.0130420498937	0.00239347167015	-0.0547875297584
k__Bacteria;p__Proteobacteria;c__Betaproteobacteria;o__Burkholderiales;f__Sutterellaceae;g__Sutterella;s__Sutterella_wadsworthensis	-0.0171003090775	0.00134311193061	-0.0562606510211	-0.0212525799481	-0.0261292417697	-0.0265108012925	-0.0256982469216	-0.0320399946752	-0.0179741373781	-0.00874189007894	-0.00797990900855	-0.0279561750075	-0.0139709759676	-0.0175195459277	-0.0252918275548	0.0506207971467	0.035415863123	1.0	-0.0929587209219	0.0406407445483	-0.0257493876732	-0.00512781912124	0.00567483576951	-0.000486778833836	0.0361458419784	-0.0447332578485	-0.0399008543109	-0.0103229157062	-0.0213934329208	0.00215144605565	0.00461777875771	-0.00302642605011	-0.0352160906699	-0.0202481095031	-0.0129139129901	0.023412889441	-0.0982586771466	0.0169592872352	0.0193912816971	0.0525972572062	-0.0516122474454	0.00490326170152	0.0254214386793	-0.0637364335051	-0.0262442812666	-0.0249767822606	-0.0274252298383	-0.0178091922437	0.0650937984263	-0.00869464195004	-0.00225973867879	0.025020515127	0.0034170312172	-0.0267726431491	0.0163296397987	-0.0197181319483	-0.0150952141863	0.000306748569659	-0.0386414888713
k__Bacteria;p__Bacteroidetes;c__Bacteroidia;o__Bacteroidales;f__Porphyromonadaceae;g__Barnesiella;s__Barnesiella_intestinihominis	-0.0214686145862	-0.0175550082918	-0.032969046806	-0.00961233404161	-0.00439735831924	-0.092735639203	-0.00462097252579	0.00192674280338	0.0203943714409	-0.0254316079519	-0.0540960626802	0.00621453801795	-0.0536821242873	0.00568788175869	0.0392890197056	0.0446888752995	-0.000111972902296	-0.0929587209219	1.0	-0.0529770028016	0.0313078623724	0.0146154243568	-0.0338437615413	-0.00593292281582	0.038935276655	-0.0352838613951	0.0383948537484	-0.0519885737385	-0.0343266394543	-0.011295707014	0.0375912523446	0.0148301628939	0.0183135069434	-0.0242011005103	-0.0161839596969	0.0285983380655	0.000836305566117	-0.0111890758069	0.00350104040541	0.01157934512	-0.0174110656648	0.0209850248541	-0.054631765446	-0.0480759623632	-0.0129986558564	-0.000325593440642	-0.0832871293271	0.0498559041693	-0.0402026439391	-0.0251793150817	-0.0550528692768	0.00102411467152	-0.0356765720575	-0.00711838352767	-0.00513263143387	-0.00375551727627	-0.0529158900901	0.0497420316074	0.00996366522198
k__Bacteria;p__Bacteroidetes;c__Bacteroidia;o__Bacteroidales;f__Odoribacteraceae;g__Odoribacter;s__Odoribacter_splanchnicus	0.0881502774468	-0.0107140279081	-0.032894902302	-0.0867820694498	-0.0157690240541	0.057074374604	0.0319655907801	-0.0152429209394	-0.0932016588598	0.0259930476029	0.000984601145662	0.00898337710836	-0.0266277860586	-0.00267936483414	-0.0751036230163	-0.0190342781554	-0.0546475433266	0.0406407445483	-0.0529770028016	1.0	-0.0487139077453	0.0387020219052	0.00415472598802	-0.0371995662056	-0.0613679172575	0.0390868402307	-0.043154601374	0.0256665036864	-0.0439652929155	-0.0188903617671	-0.0345537431787	-0.0228083797277	0.0484315728131	-0.0347183961912	-0.0305721083992	0.0207538761482	-0.0310637645523	0.00729879851859	-0.0212334192322	0.0095254463167	0.0013128154813	0.0270749346407	0.0691628857916	0.0460794731691	-0.020096559736	-0.0108911740181	0.0609137131067	-0.0239258559101	-0.0163929618822	-0.0821006030309	0.0222328096527	0.0494654141085	0.0282857838386	-0.0451161604297	0.0467803675412	0.0394720161838	0.0401329778345	-0.00540621262466	-0.0551634462732
k__Bacteria;p__Bacteroidetes;c__Bacteroidia;o__Bacteroidales;f__Bacteroidaceae;g__Bacteroides;s__Bacteroides_salyersiae	0.00621214939983	-0.0402586089544	-0.028199852958	-0.0134603870095	0.0176479496374	0.0749215217398	-0.0497107808504	-0.0709881065133	0.0275610008038	0.0171883840254	-0.0116425841645	-0.027170801994	-0.036423949984	-0.0118679696164	0.0461564798759	0.00296711575004	-0.0387375044518	-0.0257493876732	0.0313078623724	-0.0487139077453	1.0	0.049495535784	0.0419848860768	-0.00405426130158	0.00481752988766	-0.018365139635	-0.0253839088323	0.0116510629986	0.0513304602514	-0.0054087900797	-0.054429169323	-0.0342378023401	0.0248361857729	-0.0021550242713	0.031057898895	-0.00851623119075	0.0435836717081	-0.0522387958448	-0.0265160065032	-0.0613159310357	-0.0606079402752	0.0568126078601	-0.0129849630056	-0.00178238602761	0.0253879989749	0.0264646087982	-0.0107106863086	-0.00587537060551	-0.0355979035793	-0.00408542344806	-0.0171084711649	0.0546864082954	-0.0139234304289	0.0185087020837	-0.0457997616382	0.039143347767	0.00372840885412	0.0275659805275	-0.0635269211563
k__Bacteria;p__Firmicutes;c__Clostridia;o__Clostridiales;f__Ruminococcaceae;g__Ruminiclostridium;s__[Eubacterium]_siraeum	0.0342744921103	-0.0320852012099	-0.00508412514796	-0.00969208195843	-0.022675377944	0.00872589996456	-0.0758182223892	-0.00898722841999	0.0201998193161	0.013384378402	-0.0756854475227	0.0728366934794	-0.0726668057377	-0.010074081645	-0.0131001167713	-0.0319494842647	-0.0285144449823	-0.00512781912124	0.0146154243568	0.0387020219052	0.049495535784	1.0	0.0155329864641	-0.0736333310982	-0.0391594911223	0.0292005719177	-0.0196952749757	-0.0189764298962	0.000334204127438	0.0125633262093	0.00818000865045	0.0452417013004	0.0204694924865	-0.0372258419805	-0.0340470740393	-0.0260431191715	0.00332587363386	-0.0222560017865	0.0112390209313	0.0038082783049	0.0147377563708	0.04443639027	0.0251011983963	-0.00614964159407	0.0133133642358	0.0312886071937	0.0706272411433	0.0196779455597	0.0325937074284	0.00172647806566	-0.00607909216543	0.0011537401133	-0.0246507092019	-0.0141173369189	-0.0414092364131	0.0172441359177	-0.0360037222015	-0.0480422163195	-0.0358758713239
k__Bacteria;p__Proteobacteria;c__Betaproteobacteria;o__Burkholderiales;f__Sutterellaceae;g__Parasutterella;s__Parasutterella_excrementihominis	0.0505420046521	-0.0379837888488	-0.0103528858197	-0.0885975459238	-0.0438676845724	-0.0198656826628	-0.00844309563912	-0.0237215178571	-6.42438811345e-05	0.0165013264594	0.0761629518933	-0.0108640825705	-0.0153688861832	-0.0021849557134	-0.0280910604352	0.0272889964993	-0.081044341587	0.00567483576951	-0.0338437615413	0.00415472598802	0.0419848860768	0.015532986464	1.0	-0.0307779722731	-0.037426694493	0.028454518529	0.0248244874619	0.00700824125015	0.0446714105732	-0.0534482394275	-0.0266139939032	-0.0223136284136	0.010406775008	0.0811347266897	0.0387665641007	0.0593332953349	-0.00210771154521	0.00315286511876	0.0219948049817	-0.0146984343531	0.027680071319	0.00841094331977	-0.057083708617	-0.040928305475	-0.0722379938773	-0.0174223229157	-0.0639339797841	-0.0690373806249	-0.0434869266134	0.00860571636796	-0.0226534004851	-0.0110701775004	0.0223845372707	0.0550192549514	-0.0432407951338	0.00567761348393	-0.0428039541805	-0.0685632231193	-0.00322486018018
k__Bacteria;p__Actinobacteria;c__Actinobacteria;o__Bifidobacteriales;f__Bifidobacteriaceae;g__Bifidobacterium;s__Bifidobacterium_adolescentis	-0.0253618562837	0.0468898641656	-0.046273321074	-0.0391619315296	-0.036769902343	0.017584114641	0.0133705237772	0.0463860964177	-0.0346334106169	-0.0148269076132	0.0330818567963	-0.0347464299856	0.00341060875073	-0.00651147062597	-0.0402756121804	0.0124179108047	0.0240651572391	-0.000486778833836	-0.00593292281582	-0.0371995662056	-0.00405426130158	-0.0736333310982	-0.0307779722731	1.0	-0.0615775453527	-0.0406316609011	0.0158671756782	-0.00713503842263	-0.0124220042742	-0.0414414954135	0.0609902735157	0.0372483542636	0.00695236665693	-9.45047684279e-05	0.0236629167215	0.00638420087574	-0.00447122329794	-0.0575458168459	-0.0180253450355	-0.0209783441783	-0.00902662197489	-0.0416929143967	0.0174966875532	-0.0119961914962	-0.0834533289452	0.0526824699087	-0.0129845310701	-0.0310117195309	0.00734178589692	0.00529941056212	-0.0374802688986	-0.0135668455846	0.0604619971394	-0.0180804788005	-0.000850949111324	0.0504344840701	-0.00479470639966	-0.00220933986828	-0.0307735470624
k__Bacteria;p__Firmicutes;c__Clostridia;o__Clostridiales;f__Oscillospiraceae;g__Oscillibacter;s__Oscillibacter_sp._KLE_1745	-0.0397647289424	0.044233888324	-0.0143698871133	0.0627458758372	0.00756629516275	-0.0400510238054	-0.0273316152702	0.00794995852085	0.0117011173188	-0.0584668400206	0.0141390493803	0.0425358023722	-0.0249137607415	0.0516290820836	-0.0215426175196	-0.0150294297188	-0.0277053285017	0.0361458419784	0.038935276655	-0.0613679172575	0.00481752988766	-0.0391594911223	-0.037426694493	-0.0615775453527	1.0	-0.0228306017503	0.0280559211024	-0.04314977926	-0.0242366841382	0.00711385752435	0.0231565773965	0.0116989296608	0.0063617090891	-0.000435566489555	0.017693084119	0.00665289776023	0.0302346641047	0.0358903709794	0.00996176025663	-0.0424595247144	-0.0749621822728	-0.000348626919947	-0.0389932900449	-0.0383152947841	-0.0388998305265	-0.00319124331334	-0.0517629796935	-0.0408273873209	-0.0568261283423	-0.0302339945727	-0.0401838876463	-0.0311348312074	0.0358865226543	-0.0684205682811	-0.037468531479	0.0130406134421	-0.00933659598386	0.0209345455907	0.0351505749723
k__Bacteria;p__Bacteroidetes;c__Bacteroidia;o__Bacteroidales;f__Bacteroidaceae;g__Bacteroides;s__Bacteroides_coprophilus	-0.0462029165402	0.00651958799892	0.0300698170232	-0.0469360295636	0.0121770184155	0.0734699980968	-0.0405923233381	0.0522171511662	0.0250200798242	-0.00687527050634	-0.00179365415082	0.0298656605162	-0.00105449591294	0.0157805202613	-0.0312483558716	-0.0232210394354	0.0348158482048	-0.0447332578485	-0.0352838613951	0.0390868402307	-0.018365139635	0.0292005719177	0.028454518529	-0.0406316609011	-0.0228306017503	1.0	0.00494853923678	0.0159602028375	-0.0492808443546	-0.0799918216934	0.0106288188539	-0.00765666674008	0.00954979365553	-0.0558664288766	-0.025721599297	-0.0728818141765	-0.00290251460758	0.00480265794046	0.0243530285592	0.0464812898802	-0.0540310458279	0.00101481461805	-0.00271690557009	0.0221215252521	0.00123722466215	-0.0503184633753	0.0142222061133	-0.0280747036202	0.0323301138342	0.0416239168943	-0.0339650543062	-0.0150015100616	-0.0558225512037	0.00578987877267	-0.0228643751576	-0.00583876881106	0.0319159220714	0.0321322852407	0.0143321399064
k__Bacteria;p__Firmicutes;c__Clostridia;o__Clostridiales;f__Lachnospiraceae;g__Roseburia;s__Roseburia_intestinalis	0.028414457168	0.0504997200559	-0.00203971429318	0.0232429912282	-0.0071051127209	-0.0319048226469	-0.00145850350881	0.0465538332456	0.000954371796812	0.0381610456659	-0.00751714454459	0.00131812443864	0.0156033568162	0.0375390375349	-0.012648984094	0.00660473435152	-0.0138863695448	-0.0399008543109	0.0383948537484	-0.043154601374	-0.0253839088323	-0.0196952749757	0.0248244874619	0.0158671756782	0.0280559211024	0.00494853923678	1.0	0.0056511974377	0.00131295494463	0.0429684608556	-0.00202648545751	-0.0289111932752	0.042074320394	-0.0713963012307	-0.0380450680329	0.0097055703455	-0.00272112779896	-0.0394441305875	0.0195687267769	0.00294269450294	-0.00496879909735	0.000625532092274	-0.0439532048286	0.0264500258362	-0.00529768388003	0.0233872707794	-0.0100083165561	-0.0363037507631	-0.0122744256798	0.0630771081186	-0.0530150847316	0.00775813644836	0.00544738142522	-0.0578939291735	-0.027242375719	0.0128116736516	-0.0144829046564	0.0134445703702	-0.0063808959979
k__Bacteria;p__Firmicutes;c__Clostridia;o__Clostridiales;f__Lachnospiraceae;g__Roseburia;s__Roseburia_hominis	-0.0414802056319	-0.00958913009127	0.0104566002155	-0.0157838452581	-0.0303101318081	0.0225024252751	0.0078057791268	0.00214562792693	-0.0788067406547	0.0447063987772	0.00157876575446	-0.0538963259272	0.058973279626	-0.00152231652801	-0.064740757789	-0.0202491528521	-0.0465290397391	-0.0103229157062	-0.0519885737385	0.0256665036864	0.0116510629986	-0.0189764298962	0.00700824125015	-0.00713503842263	-0.04314977926	0.0159602028375	0.0056511974377	1.0	-0.0558423006909	-0.020867642353	0.0195830734024	-0.0122399126652	0.0120639753488	-0.0411182892902	0.0256214199782	-0.00365971859327	-0.0434261156073	-0.0303131682557	-0.0509866502567	-0.0392853140814	-0.0119806040889	-0.00541515648526	-0.0138028659618	0.00683246843269	0.000474713629738	-0.0514153325169	0.0295341434892	-0.00126827455164	-0.0155915397875	-0.0391917623707	-0.0458507216575	-0.0319919415027	0.0141347359387	0.019772480583	0.0710069952301	-0.00587343987157	0.0591833485524	-0.00889359201649	0.0135277985745
k__Bacteria;p__Bacteroidetes;c__Bacteroidia;o__Bacteroidales;f__Porphyromonadaceae;g__Parabacteroides;s__Parabacteroides_johnsonii	-0.0199248501154	0.0369329179	0.028490381921	-0.0106304902851	-0.0124363351605	0.00395675439975	0.0208663997418	-0.0351141700336	0.005178624738	-0.0119033611047	-0.047580632749	0.0239399617204	-0.0362294058984	0.0115225534561	0.0338942092095	-0.0464581431152	-0.00730063029172	-0.0213934329208	-0.0343266394543	-0.0439652929155	0.0513304602514	0.000334204127438	0.0446714105732	-0.0124220042742	-0.0242366841382	-0.0492808443546	0.00131295494463	-0.0558423006909	1.0	0.0313214629333	0.00491825546276	-0.055848643011	-0.0227960050192	-0.00768250327662	-0.0463007661808	-0.058923706772	0.0246624961764	-0.012236564565	0.0641251667005	0.0217537960803	-0.0418692419062	0.0628864667334	0.00303937298816	0.00168850575912	-0.00440268222529	0.00374649802598	0.0333459080109	0.00515832200114	0.0405641810456	0.0172805895841	-0.0325409313157	0.00637121772491	0.0283558467024	0.0241079561012	0.00813669315892	-0.00266457954448	-0.0263966375318	0.00570069882197	0.035097953995
k__Bacteria;p__Actinobacteria;c__Actinobacteria;o__Bifidobacteriales;f__Bifidobacteriaceae;g__Bifidobacterium;s__Bifidobacterium_longum	0.0279595113524	0.0151054495028	-0.0320863412439	0.007423320244	0.00601992655833	0.0170335865246	-0.0205871819586	0.0127067388469	-0.022103653381	-0.0196977186591	-0.0273657340163	0.00782479271045	-0.0395780094978	-0.03190582098	0.0202471403409	-0.0423869688771	0.0274748889102	0.00215144605565	-0.011295707014	-0.0188903617671	-0.0054087900797	0.0125633262093	-0.0534482394275	-0.0414414954135	0.00711385752435	-0.0799918216934	0.0429684608556	-0.020867642353	0.0313214629333	1.0	-0.0311084003295	-0.012856049731	-0.0950948504988	-0.012305824244	0.0280599392578	0.0383421165004	-0.0161643100659	-0.0252518513758	0.0586159924065	-0.022158471796	-0.0147001911482	-0.0462256491547	-0.0496746702637	0.00149396930549	0.00381816667839	-0.0273824093261	0.0351201780754	0.049158604538	-0.0047343548467	0.0607476638106	-0.0261954380087	-0.0125697562556	0.0430693178251	0.0119102905718	-0.019800189142	-0.0708795792068	-0.0193605655372	0.0334806562586	-0.00286780268172
