#taxonomy	k__Bacteria;p__Bacteroidetes;c__Bacteroidia;o__Bacteroidales;f__Bacteroidaceae;g__Bacteroides;s__Bacteroides_vulgatus	k__Bacteria;p__Bacteroidetes;c__Bacteroidia;o__Bacteroidales;f__Bacteroidaceae;g__Bacteroides;s__Bacteroides_uniformis	k__Bacteria;p__Bacteroidetes;c__Bacteroidia;o__Bacteroidales;f__Rikenellaceae;g__Alistipes;s__Alistipes_putredinis	k__Bacteria;p__Bacteroidetes;c__Bacteroidia;o__Bacteroidales;f__Prevotellaceae;g__Prevotella;s__Prevotella_copri	k__Bacteria;p__Bacteroidetes;c__Bacteroidia;o__Bacteroidales;f__Bacteroidaceae;g__Bacteroides;s__Bacteroides_stercoris	k__Bacteria;p__Bacteroidetes;c__Bacteroidia;o__Bacteroidales;f__Bacteroidaceae;g__Bacteroides;s__Bacteroides_ovatus	k__Bacteria;p__Bacteroidetes;c__Bacteroidia;o__Bacteroidales;f__Rikenellaceae;g__Alistipes;s__Alistipes_shahii	k__Bacteria;p__Firmicutes;c__Clostridia;o__Clostridiales;f__Ruminococcaceae;g__Faecalibacterium;s__Faecalibacterium_prausnitzii	k__Bacteria;p__Bacteroidetes;c__Bacteroidia;o__Bacteroidales;f__Rikenellaceae;g__Alistipes;s__Alistipes_finegoldii	k__Bacteria;p__Bacteroidetes;c__Bacteroidia;o__Bacteroidales;f__Porphyromonadaceae;g__Parabacteroides;s__Parabacteroides_distasonis	k__Bacteria;p__Bacteroidetes;c__Bacteroidia;o__Bacteroidales;f__Bacteroidaceae;g__Bacteroides;s__Bacteroides_thetaiotaomicron	k__Bacteria;p__Bacteroidetes;c__Bacteroidia;o__Bacteroidales;f__Bacteroidaceae;g__Bacteroides;s__Bacteroides_coprocola	k__Bacteria;p__Bacteroidetes;c__Bacteroidia;o__Bacteroidales;f__Bacteroidaceae;g__Bacteroides;s__Bacteroides_cellulosilyticus	k__Bacteria;p__Bacteroidetes;c__Bacteroidia;o__Bacteroidales;f__Rikenellaceae;g__Alistipes;s__Alistipes_obesi	k__Bacteria;p__Firmicutes;c__Clostridia;o__Clostridiales;f__Lachnospiraceae;g__;s__[Eubacterium]_rectale	k__Bacteria;p__Bacteroidetes;c__Bacteroidia;o__Bacteroidales;f__Bacteroidaceae;g__Bacteroides;s__Bacteroides_plebeius	k__Bacteria;p__Bacteroidetes;c__Bacteroidia;o__Bacteroidales;f__Bacteroidaceae;g__Bacteroides;s__Bacteroides_fragilis	k__Bacteria;p__Proteobacteria;c__Betaproteobacteria;o__Burkholderiales;f__Sutterellaceae;g__Sutterella;s__Sutterella_wadsworthensis	k__Bacteria;p__Bacteroidetes;c__Bacteroidia;o__Bacteroidales;f__Porphyromonadaceae;g__Barnesiella;s__Barnesiella_intestinihominis	k__Bacteria;p__Bacteroidetes;c__Bacteroidia;o__Bacteroidales;f__Odoribacteraceae;g__Odoribacter;s__Odoribacter_splanchnicus	k__Bacteria;p__Bacteroidetes;c__Bacteroidia;o__Bacteroidales;f__Bacteroidaceae;g__Bacteroides;s__Bacteroides_salyersiae	k__Bacteria;p__Firmicutes;c__Clostridia;o__Clostridiales;f__Ruminococcaceae;g__Ruminiclostridium;s__[Eubacterium]_siraeum	k__Bacteria;p__Proteobacteria;c__Betaproteobacteria;o__Burkholderiales;f__Sutterellaceae;g__Parasutterella;s__Parasutterella_excrementihominis	k__Bacteria;p__Actinobacteria;c__Actinobacteria;o__Bifidobacteriales;f__Bifidobacteriaceae;g__Bifidobacterium;s__Bifidobacterium_adolescentis	k__Bacteria;p__Firmicutes;c__Clostridia;o__Clostridiales;f__Oscillospiraceae;g__Oscillibacter;s__Oscillibacter_sp._KLE_1745	k__Bacteria;p__Bacteroidetes;c__Bacteroidia;o__Bacteroidales;f__Bacteroidaceae;g__Bacteroides;s__Bacteroides_coprophilus	k__Bacteria;p__Firmicutes;c__Clostridia;o__Clostridiales;f__Lachnospiraceae;g__Roseburia;s__Roseburia_intestinalis	k__Bacteria;p__Firmicutes;c__Clostridia;o__Clostridiales;f__Lachnospiraceae;g__Roseburia;s__Roseburia_hominis	k__Bacteria;p__Bacteroidetes;c__Bacteroidia;o__Bacteroidales;f__Porphyromonadaceae;g__Parabacteroides;s__Parabacteroides_johnsonii	k__Bacteria;p__Actinobacteria;c__Actinobacteria;o__Bifidobacteriales;f__Bifidobacteriaceae;g__Bifidobacterium;s__Bifidobacterium_longum	k__Bacteria;p__Firmicutes;c__Clostridia;o__Clostridiales;f__;g__Flavonifractor;s__Flavonifractor_plautii	k__Bacteria;p__Firmicutes;c__Clostridia;o__Clostridiales;f__Clostridiaceae;g__Clostridium;s__Clostridium_phoceensis	k__Bacteria;p__Verrucomicrobia;c__Verrucomicrobiae;o__Verrucomicrobiales;f__Akkermansiaceae;g__Akkermansia;s__Akkermansia_muciniphila	k__Bacteria;p__Bacteroidetes;c__Bacteroidia;o__Bacteroidales;f__Prevotellaceae;g__Paraprevotella;s__Paraprevotella_xylaniphila	k__Bacteria;p__Firmicutes;c__Clostridia;o__Clostridiales;f__Ruminococcaceae;g__Ruminococcus;s__Ruminococcus_callidus	k__Bacteria;p__Bacteroidetes;c__Bacteroidia;o__Bacteroidales;f__Rikenellaceae;g__Alistipes;s__Alistipes_senegalensis	k__Bacteria;p__Firmicutes;c__Clostridia;o__Clostridiales;f__Lachnospiraceae;g__Blautia;s__Blautia_sp._KLE_1732	k__Bacteria;p__Bacteroidetes;c__Bacteroidia;o__Bacteroidales;f__Bacteroidaceae;g__Bacteroides;s__Bacteroides_oleiciplenus	k__Bacteria;p__Firmicutes;c__Clostridia;o__Clostridiales;f__Ruminococcaceae;g__Ruminococcus;s__Ruminococcus_bicirculans	k__Bacteria;p__Bacteroidetes;c__Bacteroidia;o__Bacteroidales;f__Bacteroidaceae;g__Bacteroides;s__Bacteroides_fluxus	k__Bacteria;p__Bacteroidetes;c__Bacteroidia;o__Bacteroidales;f__Prevotellaceae;g__Prevotella;s__Prevotella_stercorea	k__Bacteria;p__Firmicutes;c__Clostridia;o__Clostridiales;f__Lachnospiraceae;g__Dorea;s__Dorea_longicatena	k__Bacteria;p__Firmicutes;c__Clostridia;o__Clostridiales;f__Eubacteriaceae;g__Eubacterium;s__[Eubacterium]_eligens	k__Bacteria;p__Firmicutes;c__Clostridia;o__Clostridiales;f__Ruminococcaceae;g__;s__Ruminococcaceae_bacterium_D16	k__Bacteria;p__Firmicutes;c__Clostridia;o__Clostridiales;f__Lachnospiraceae;g__Coprococcus;s__Coprococcus_comes	k__Bacteria;p__Proteobacteria;c__Gammaproteobacteria;o__Enterobacterales;f__Enterobacteriaceae;g__Escherichia;s__Escherichia_coli	k__Bacteria;p__Firmicutes;c__Clostridia;o__Clostridiales;f__Ruminococcaceae;g__Anaerotruncus;s__Anaerotruncus_colihominis	k__Bacteria;p__Firmicutes;c__Clostridia;o__Clostridiales;f__Lachnospiraceae;g__Blautia;s__Blautia_obeum	k__Bacteria;p__Bacteroidetes;c__Bacteroidia;o__Bacteroidales;f__Odoribacteraceae;g__Odoribacter;s__Odoribacter_laneus	k__Bacteria;p__Firmicutes;c__Clostridia;o__Clostridiales;f__Ruminococcaceae;g__Ruminiclostridium;s__[Clostridium]_leptum	k__Bacteria;p__Bacteroidetes;c__Bacteroidia;o__Bacteroidales;f__Porphyromonadaceae;g__Parabacteroides;s__Parabacteroides_goldsteinii	k__Bacteria;p__Firmicutes;c__Clostridia;o__Clostridiales;f__Lachnospiraceae;g__Anaerostipes;s__Anaerostipes_hadrus	k__Bacteria;p__Firmicutes;c__Clostridia;o__Clostridiales;f__Ruminococcaceae;g__Ruminococcus;s__Ruminococcus_lactaris	k__Bacteria;p__Firmicutes;c__Clostridia;o__Clostridiales;f__Clostridiaceae;g__Clostridium;s__Clostridium_sp._L2-50	k__Bacteria;p__Firmicutes;c__Clostridia;o__Clostridiales;f__Clostridiaceae;g__Clostridium;s__Clostridium_sp._M62/1	k__Bacteria;p__Firmicutes;c__Clostridia;o__Clostridiales;f__;g__Intestinimonas;s__Intestinimonas_butyriciproducens	k__Bacteria;p__Actinobacteria;c__Actinobacteria;o__Bifidobacteriales;f__Bifidobacteriaceae;g__Bifidobacterium;s__Bifidobacterium_bifidum	k__Bacteria;p__Firmicutes;c__Negativicutes;o__Veillonellales;f__Veillonellaceae;g__Dialister;s__Dialister_invisus	k__Bacteria;p__Bacteroidetes;c__Bacteroidia;o__Bacteroidales;f__Bacteroidaceae;g__Bacteroides;s__Bacteroides_salanitronis
k__Bacteria;p__Bacteroidetes;c__Bacteroidia;o__Bacteroidales;f__Bacteroidaceae;g__Bacteroides;s__Bacteroides_vulgatus	1.0	0.00262586956849	-0.00975137781191	0.00887668399415	0.047994701252	0.0103150179975	0.0096346842094	-0.0260056661869	0.0133504910532	-0.0350203034858	0.0231693670704	-0.0840176893882	0.0761620432799	-0.0409501270371	-0.0738168752796	-0.0603176377955	0.0352169023523	0.0252041758733	0.007875335621	-0.0132535410754	0.0416300686612	-0.0184263032814	0.0505728043407	-0.096147986271	-0.0286570099702	-0.0271428561871	0.0193955905973	-0.0356827970009	0.0191982373187	-0.00882831153298	-0.0341006785113	-0.0468842003449	-0.022992002675	0.0658992727059	0.0386319336374	-0.0550813299928	0.00222335075473	-0.00498742475662	-0.0831772003411	0.0712536997553	0.00936201918167	0.00153998791784	-0.0438004042595	0.103600127247	-0.00112342314575	-0.0339998115594	0.0147555754695	0.00385921245364	0.0123487521345	-0.0311445810573	-0.0197845321423	-0.0084564378447	-0.00329363696941	-0.00341224744836	0.000206512552382	0.0135646711795	-0.00793874358422	-0.0438937649298	-0.0377090042215
k__Bacteria;p__Bacteroidetes;c__Bacteroidia;o__Bacteroidales;f__Bacteroidaceae;g__Bacteroides;s__Bacteroides_uniformis	0.00262586956849	1.0	-0.0463995932673	0.0421527584754	0.0227256797824	0.00445521038406	-0.000376961248991	-0.0166078072085	0.0156921056978	0.0235659479952	-0.0401919503332	-0.037588076299	0.0209583096766	-0.0619219933824	-0.0521780480683	-0.0577029390027	0.025021129013	-0.0245011365169	0.0101919624441	0.00286159827287	0.0534153569543	-0.0174735639706	-0.0328311428195	0.0139482616508	-0.0187406535111	-0.0186424803889	-0.0247765099421	0.0264339801429	0.0129276163825	-0.0473557417314	-0.027889986118	-0.0160063849797	-0.00321305849053	-0.0261259037912	-0.0174825152128	0.0145703439475	0.00846446435648	0.0314810206996	0.0553463112173	-0.0146871176763	0.00766762019887	-0.0333017091743	0.0124551900433	-0.0262756762696	-0.015144122903	-0.00892878554915	0.023751246659	-0.028074084928	-0.0279187667474	-0.0665384739707	0.0568000670341	-0.0293423989098	-0.0172449815658	-0.0131203501679	0.0157833156692	0.0495566087924	-0.0121748958155	0.0162019895168	0.0346677015295
k__Bacteria;p__Bacteroidetes;c__Bacteroidia;o__Bacteroidales;f__Rikenellaceae;g__Alistipes;s__Alistipes_putredinis	-0.00975137781191	-0.0463995932673	1.0	-0.0879515511008	0.0144925652109	-0.0476103068799	0.0015446508322	0.0030913867696	-0.016345517403	0.024852998536	-0.015599851632	-0.0632888663589	0.0078474150644	-0.0108115069826	-0.060895402138	-0.0290962905161	0.019956370934	-0.0713719425316	-0.0870813816398	-0.0428868472506	0.0174786420345	0.0237090639811	-0.0144315864857	-0.0158618717059	-0.0457857903411	0.0495440998585	-0.0301509168476	0.0737381755463	-0.0382222294024	0.0554722487424	0.00488944633208	0.00236111856213	0.0124000247	0.0193202333917	-0.0133629378117	0.0106988536054	-0.0497946567901	0.0596735181987	-0.0184747248739	0.0400635494274	-0.0460369857335	-0.0104030399895	-0.00740985927511	-0.0133248425752	0.0595932218867	0.0132733416334	0.0117315641602	-0.0679610579043	0.00557243020256	0.0310306889473	-0.0111078009655	-0.059319649196	-0.00934180889914	-0.00773672675727	0.000711266249813	0.0100526934741	0.0655386086075	0.00601177534838	-0.0768172494269
k__Bacteria;p__Bacteroidetes;c__Bacteroidia;o__Bacteroidales;f__Prevotellaceae;g__Prevotella;s__Prevotella_copri	0.00887668399415	0.0421527584754	-0.0879515511008	1.0	0.0408507826776	0.0299622506064	-0.0369157327602	0.0170021194043	-0.00303200312878	-0.0147885305789	-0.00553811569736	-0.0287829666889	-0.0311112786904	-0.0433014207482	0.039573809216	-0.0153110086376	0.0154739756273	-0.0783173799113	-0.0340725345559	-0.0658954612259	-0.0190650575364	0.0332017968742	-0.00247299818372	0.024902956092	0.0230366495383	-0.0376935010365	-0.0341070985612	0.00540851409037	0.0158842940672	-0.0191990169284	0.0281739502864	-0.00142066734333	-0.0306884167297	-0.0281201145311	0.0101514379251	0.0870326685964	-0.00739368066213	0.0051034001718	-0.00268431742592	0.0160355117778	0.0422913511015	0.0456182573317	-0.00669724255505	0.037460637698	-0.00279741482127	-0.0190032324365	0.00384402199692	-0.0384842107167	-0.0451323513725	-0.0127523371526	0.0391561826925	-0.00989211686977	-0.0435387053803	-0.0035621934868	-0.0691537445786	-0.00998028525278	0.0160555099902	-0.0397158575291	0.0362688754361
k__Bacteria;p__Bacteroidetes;c__Bacteroidia;o__Bacteroidales;f__Bacteroidaceae;g__Bacteroides;s__Bacteroides_stercoris	0.047994701252	0.0227256797824	0.0144925652109	0.0408507826776	1.0	0.037876831196	0.0107342188122	0.00576524766536	0.0317168371258	0.0197380648542	-0.0126070072701	-0.0110322940871	-0.0222095774566	0.0498124136926	-0.0562416978101	-0.00837752282433	-0.0633850064322	-0.0250322004631	-0.024450306916	0.00433506774533	-0.029511177784	-0.0289913679119	0.0230643845806	0.0119544101819	0.00460124691252	0.0252421957514	0.022093680061	-0.0021377583573	0.0154908911522	0.0137875590274	0.04272562994	-0.077570951165	-0.0297937288296	-0.00311810559095	-0.054431945168	-0.0117131442808	0.0112708296043	0.0396454939687	-0.0399816789223	-0.00013643869045	-0.0643323437259	0.0127962492857	0.0342133604804	-0.0150686930733	-0.0606287721738	0.0338206146782	-0.00585656819556	-0.0327090031045	-0.0186954060833	0.0769583113323	-0.0214975933917	-0.0262322164438	-0.0510647715001	-0.0348101019436	-0.0491075754877	-0.0743622605716	-0.0259607508107	-0.00793348532112	0.0155995029587
k__Bacteria;p__Bacteroidetes;c__Bacteroidia;o__Bacteroidales;f__Bacteroidaceae;g__Bacteroides;s__Bacteroides_ovatus	0.0103150179975	0.00445521038406	-0.0476103068799	0.0299622506064	0.037876831196	1.0	0.0282673258009	-0.0441903518759	-0.0355829907464	0.0212947957681	-0.0691076790877	0.0227518926008	0.0258956469288	0.0613085282506	0.00917666176777	-0.00204721034538	-0.00366226150328	-0.00814682755418	-0.00847770325941	-0.00316631285016	0.0442517502814	-0.0223172887024	0.0174599566798	0.0133244013364	-0.0152745756409	-0.0434108482568	0.0548507131964	-0.0535728716191	-0.0109205543711	0.0219868675137	-0.0191829383535	0.0185554681605	-0.0355571914393	0.00912517857528	0.00336141837355	0.0351097167515	0.0131152018402	-0.0349940748581	-0.0449993289833	-0.041737098132	-0.0104318054074	-0.065511740887	-0.0504568725009	0.000798366558394	-0.0345911339176	0.0205844512241	-0.00948890860152	0.00943608210313	-0.0577178198418	0.0290596797353	0.0050862382778	-0.0107486200818	-0.032159929497	-0.051973177223	0.0337124179115	-0.0184547101833	-0.0466113167484	0.00905006584587	0.0265197328607
k__Bacteria;p__Bacteroidetes;c__Bacteroidia;o__Bacteroidales;f__Rikenellaceae;g__Alistipes;s__Alistipes_shahii	0.0096346842094	-0.000376961248991	0.0015446508322	-0.0369157327602	0.0107342188122	0.0282673258009	1.0	0.0236441258069	0.0370009857259	-0.0188324522659	0.0115599853629	-0.00975829916965	-0.00448961255661	-0.0258038344621	-0.0683620604331	0.0669208863709	-0.00676638877239	0.0167039328986	-0.0414169721629	-0.0189329818085	-0.00330742745907	0.0161086060714	-0.01050699035	-0.0498098928273	-0.0493887046091	0.0270858875877	0.0510831630974	0.00514824886546	-0.0288890204363	0.0513914040689	-0.00883253345662	0.00866358478809	-0.0998319587662	0.0148757848514	-0.0156051984236	-0.00755105496213	-0.0412095784487	0.00139417156111	-0.0533734225639	0.0324592363236	-0.0118460241336	0.00333096628169	0.0764618118735	-0.00146735137691	-0.0209424152259	-0.00390100448195	0.0194407841581	-0.0194750366112	-0.0198130315476	-0.00820316374183	-0.0644327309793	-0.02137680144	0.0273886309467	-0.051126672095	-0.0496401559754	0.023889458401	-0.0488365540317	0.0168019339713	-0.0149683739317
k__Bacteria;p__Firmicutes;c__Clostridia;o__Clostridiales;f__Ruminococcaceae;g__Faecalibacterium;s__Faecalibacterium_prausnitzii	-0.0260056661869	-0.0166078072085	0.0030913867696	0.0170021194043	0.00576524766536	-0.0441903518759	0.0236441258069	1.0	0.000575093494828	0.0760732762595	0.0474969321129	-0.0131742285235	0.0257366039543	0.0414814293973	-0.0675414710966	0.0597728883909	0.0179010304923	0.00194058570807	-0.0498609100457	-0.0254186237056	0.0216434337918	-0.0308840478154	-0.0418995343823	-0.0102006236715	-0.040656504709	-0.0285682971829	-0.0230366564597	0.0513656948603	0.0121437705508	-0.00859147650006	-0.0107107089541	-0.00720776976711	-0.0156150216339	-0.00821725057587	-0.0402974152756	0.0250819642443	-0.0112866870584	-0.0671967747753	-0.00846600736627	-0.0515598714094	0.050526694927	-0.0180751683068	-0.0445245800806	0.0319614057368	-0.0129479618085	-0.00238901339342	0.0142936787211	0.013039619575	-0.0131644983162	-0.0196544730586	-0.024151647137	0.00742301956211	-0.00303370477075	-0.0226818688668	-0.00397487999554	0.00269177678923	-0.0278525810638	-0.103625426121	0.0476946626451
k__Bacteria;p__Bacteroidetes;c__Bacteroidia;o__Bacteroidales;f__Rikenellaceae;g__Alistipes;s__Alistipes_finegoldii	0.0133504910532	0.0156921056978	-0.016345517403	-0.00303200312878	0.0317168371258	-0.0355829907464	0.0370009857259	0.000575093494828	1.0	0.0516586918435	0.040813923972	0.0235140578751	-0.000718893947802	-0.0022316440313	-0.075863633343	0.00132806312693	-0.0381927785389	0.00555502581491	0.0180187820897	-0.0426264505262	-0.127654388555	0.0332713215323	-0.0349736877003	-0.0129361864817	-0.0286888200437	-0.0603534231808	-0.0431141589987	0.0847864637817	0.0183207456557	-0.0148519331425	0.0679118916043	-0.0584934723606	-0.0114988188834	-0.0278099786113	0.0225382444639	0.0653420321197	-0.0349247885499	0.00908646143791	-0.0818319105418	-0.044249960278	0.0131462695346	0.00030689109581	0.00659275670631	-0.0151699636966	-0.00293256550259	-0.0331451625578	-0.00172710375713	0.0159435068801	0.027629974663	-0.0405684790858	-0.0132968032041	0.0225741701037	0.0592222016064	0.00163817180298	0.017347963681	-0.0513559724268	0.00726551612792	0.0222746646623	0.0112453468507
k__Bacteria;p__Bacteroidetes;c__Bacteroidia;o__Bacteroidales;f__Porphyromonadaceae;g__Parabacteroides;s__Parabacteroides_distasonis	-0.0350203034858	0.0235659479952	0.024852998536	-0.0147885305789	0.0197380648542	0.0212947957681	-0.0188324522659	0.0760732762595	0.0516586918435	1.0	0.0609076744714	-0.0127978561128	-0.0378774494131	-0.063245008944	-0.0262013616291	0.0369712906677	0.00490379346071	-0.023663464124	0.0463825278032	-0.042748493226	-0.0282421044652	0.033038708687	0.0738044944879	0.0148636912055	-0.00838301498116	0.0679984056081	0.0115031043888	-0.0646340176735	-0.0534600814119	0.0623704774054	-0.0267213218294	-0.0305328721468	0.0199805181106	-0.0519075718248	0.0315732606369	0.0132330826647	-0.040934697988	0.0110396491356	0.0145538146233	0.0151868033265	-0.000427754487561	-0.0105757564042	-0.0258590107719	0.00420854749565	-0.00186858412694	-0.0442034796727	-0.0255086714513	0.0413404006227	-0.0249208727589	0.022573999704	-0.0180730545095	-0.0584173509852	0.011712363711	-0.0503719227342	0.0292865595414	-0.0252609921704	-0.0274724334173	-0.0236848279602	-0.0146045775739
k__Bacteria;p__Bacteroidetes;c__Bacteroidia;o__Bacteroidales;f__Bacteroidaceae;g__Bacteroides;s__Bacteroides_thetaiotaomicron	0.0231693670704	-0.0401919503332	-0.015599851632	-0.00553811569736	-0.0126070072701	-0.0691076790877	0.0115599853629	0.0474969321129	0.040813923972	0.0609076744714	1.0	-0.0243614791439	0.00353607280579	-0.0759508933529	0.00848217191115	0.0572617847748	-0.0316027631091	-0.0196160560434	-0.0590569486675	0.0572130851148	-0.0380078341648	-0.0307120738142	-0.0186416317307	-0.03820103948	-0.0618265061636	0.0232360504078	0.0504775943935	0.0243214777947	0.045131536277	0.023265840481	0.0656843310109	-0.0720930074117	-0.0238766020877	0.0401027245329	0.0254645820305	0.011301362322	-0.0538937007126	-0.00238237376674	0.0100401998775	0.0225747261139	0.0300042504218	-0.0289205866215	-0.0105084794814	-0.0200840125057	0.0509866978008	-0.00841434333992	-0.0094763403614	-0.0276582478856	-0.0351432656418	-0.0190051494472	-0.0399082101484	-0.017237447026	-0.0236454616855	0.00451071926436	-0.000953012475987	-0.0242738674137	0.0533213777547	-0.0321242575429	0.00654397331069
k__Bacteria;p__Bacteroidetes;c__Bacteroidia;o__Bacteroidales;f__Bacteroidaceae;g__Bacteroides;s__Bacteroides_coprocola	-0.0840176893882	-0.037588076299	-0.0632888663589	-0.0287829666889	-0.0110322940871	0.0227518926008	-0.00975829916965	-0.0131742285235	0.0235140578751	-0.0127978561128	-0.0243614791439	1.0	0.050457164525	-0.0347633584708	-0.0400989512935	-0.0438745549084	0.00893884322707	-8.27099077536e-05	0.00244633593611	-0.0197050692841	-0.000361129372367	-0.0453547790137	-0.0527496256479	0.0139718807878	-0.0578980990849	0.0216436247564	-0.000816271555765	-0.0159209844708	-0.0204800638125	-0.00638039808457	0.0158724170816	-0.0591808106987	-0.00763248131516	0.0662491809867	0.02283012345	-0.0198573369587	-0.00716172127077	-0.041056780729	0.0428038774277	0.0482317459489	0.00905577524011	0.0129889762821	0.0231083871612	-0.0344724442268	-0.0279839623069	0.00209214587217	-0.0265642501066	-0.00542068328034	-0.0556693141589	0.049384443388	0.0279409175835	-0.00110918351516	0.00136601264489	0.0795246155054	0.0140320910412	0.00702300949646	0.0367956276455	0.0490899782183	-0.00883608480194
k__Bacteria;p__Bacteroidetes;c__Bacteroidia;o__Bacteroidales;f__Bacteroidaceae;g__Bacteroides;s__Bacteroides_cellulosilyticus	0.0761620432799	0.0209583096766	0.0078474150644	-0.0311112786904	-0.0222095774566	0.0258956469288	-0.00448961255661	0.0257366039543	-0.000718893947802	-0.0378774494131	0.00353607280579	0.050457164525	1.0	-0.0227284288904	-0.0302014597359	-0.0239514277538	-0.0143236292507	-0.0397067122923	-0.0276901287962	-0.0368950889865	-0.031999318534	-0.0747973885007	-0.0269148073867	-0.0361785518145	0.0695785629489	0.0473135443597	0.0220805174035	-0.0574763123981	-0.0297499111258	-0.000401584080333	0.00700256858009	-0.000673183567687	0.000422278304305	-0.0614209770999	0.00357499144661	-0.0270431788778	0.00549245734481	-0.0615276542629	-0.0300770806599	-0.0537561948677	-0.0128168523934	0.0177006471929	0.0198641167847	0.0140218340559	-0.0303400522093	-0.0024999066431	-0.0591938400518	-0.00746829261397	0.0354498276832	-0.0275756128346	0.0231517428582	-0.0086719403249	-0.0336912854215	-0.0157903701588	-0.0750547594619	-0.0568396795679	0.029062939179	-0.011972374715	-0.0498137429213
k__Bacteria;p__Bacteroidetes;c__Bacteroidia;o__Bacteroidales;f__Rikenellaceae;g__Alistipes;s__Alistipes_obesi	-0.0409501270371	-0.0619219933824	-0.0108115069826	-0.0433014207482	0.0498124136926	0.0613085282506	-0.0258038344621	0.0414814293973	-0.0022316440313	-0.063245008944	-0.0759508933529	-0.0347633584708	-0.0227284288904	1.0	0.0193353998323	-0.0595841876064	-0.0154580435139	0.00693343629661	0.025175939191	0.00223683048076	-0.0157096589444	-0.0791613946677	-0.0173294702104	0.0270316315934	-0.0032668012638	-0.0175612413717	0.0600384439141	-0.0191200811464	0.046844658651	0.0478219180894	0.0113402322627	-0.0020790144451	0.00574586551451	-0.0737495122706	-0.00149719643563	-0.00949236033946	0.0143899547298	-0.0041745920338	0.0333314137621	0.0504583594125	-0.0178347842929	-0.0625542286235	-0.0422859586948	0.00863871989895	0.00956708791358	-0.00723531684872	0.00231004371307	-0.0582049734767	0.0355319602213	0.00432893149644	-0.0413402442424	0.010551987758	0.0169518580761	0.0625141261807	0.0299901091227	-0.0123029135833	-0.0763679961474	-0.00174452781305	-0.0100072580474
k__Bacteria;p__Firmicutes;c__Clostridia;o__Clostridiales;f__Lachnospiraceae;g__;s__[Eubacterium]_rectale	-0.0738168752796	-0.0521780480683	-0.060895402138	0.039573809216	-0.0562416978101	0.00917666176777	-0.0683620604331	-0.0675414710966	-0.075863633343	-0.0262013616291	0.00848217191115	-0.0400989512935	-0.0302014597359	0.0193353998323	1.0	-0.015356154483	-0.00611100039106	-0.00627583709975	0.038904005351	-0.0365819070689	-0.0363435105389	-0.0339310206646	0.0248148360306	0.00994022166874	-0.00890096707498	0.0136385585911	0.000741272596001	-0.084731210076	0.0306890718366	-0.0781360623616	0.0371201163667	0.0641708483127	-0.0645411274492	-0.0493463826372	-0.0335701940646	0.0183977272546	-0.0107062994636	0.0459871743319	-0.0100308925007	0.023151197552	0.00507899652827	-0.00749240946284	-0.10319437331	-0.0356768624913	-0.0504657248619	-0.0253876801524	0.0310276594708	0.0418847433575	-0.00883285642928	0.00344763450034	0.00581444441273	0.0648440180968	0.0771789579698	-0.0346945572443	0.00194055179073	-0.086205038868	0.057758780228	0.0237165574648	-0.0461613465701
k__Bacteria;p__Bacteroidetes;c__Bacteroidia;o__Bacteroidales;f__Bacteroidaceae;g__Bacteroides;s__Bacteroides_plebeius	-0.0603176377955	-0.0577029390027	-0.0290962905161	-0.0153110086376	-0.00837752282433	-0.00204721034538	0.0669208863709	0.0597728883909	0.00132806312693	0.0369712906677	0.0572617847748	-0.0438745549084	-0.0239514277538	-0.0595841876064	-0.015356154483	1.0	-0.0274494148528	-0.0310638925904	-0.010633037595	-0.0205714333361	-0.00234178841234	-0.0182457141711	0.0124117612564	0.0600108294764	0.0493031702468	-0.00965140044368	-0.0102503422696	0.0453922781745	-0.0361838615014	-0.0271882185015	-1.4037500684e-05	-0.0255433619787	-0.0653717436329	0.0881666290651	-0.0297952331248	-0.0561153033209	-0.048635560998	0.0180142239651	-0.0366292015693	-0.0278865739248	0.0380675800821	-0.027433891448	0.0408122118113	-0.015761168727	-0.00657552835674	-0.0229588047284	-0.0910716821033	0.00386423890389	-0.0266833152252	-0.0201037536729	-0.0146083850655	-0.0233381838759	0.0580912009828	-0.00502599077167	-0.0389326795697	-0.00590764106078	-0.00592749015935	0.00850596044696	0.0213081715559
k__Bacteria;p__Bacteroidetes;c__Bacteroidia;o__Bacteroidales;f__Bacteroidaceae;g__Bacteroides;s__Bacteroides_fragilis	0.0352169023523	0.025021129013	0.019956370934	0.0154739756273	-0.0633850064322	-0.00366226150328	-0.00676638877239	0.0179010304923	-0.0381927785389	0.00490379346071	-0.0316027631091	0.00893884322707	-0.0143236292507	-0.0154580435139	-0.00611100039106	-0.0274494148528	1.0	0.00710756421151	0.00261144802291	0.0444683440641	-0.0478225724062	0.00812640998153	-0.035429642957	-0.02114188194	0.00411489717252	-0.0422653959278	-0.0334563785712	0.0327553071617	0.0383169538672	0.00223201589376	-0.0347826201217	-0.0161158164734	-0.00785638551931	0.0156905592559	-0.0306166673889	-0.0148693276865	-0.0469619727482	-0.0176127765453	0.0262123597983	-0.028225353084	-0.0176108466153	0.0128863733802	-0.0231587289812	-0.0739848271533	0.0423242778458	-0.0267573353004	-0.0205926243053	-0.093938438813	0.00281837971719	0.0298144557419	0.00256052623571	0.00812400290595	-0.0539260537207	-0.01677460999	0.0656558575701	0.0531384476254	-0.027539497091	-0.0176912475497	0.0230364873567
k__Bacteria;p__Proteobacteria;c__Betaproteobacteria;o__Burkholderiales;f__Sutterellaceae;g__Sutterella;s__Sutterella_wadsworthensis	0.0252041758733	-0.0245011365169	-0.0713719425316	-0.0783173799113	-0.0250322004631	-0.00814682755418	0.0167039328986	0.00194058570807	0.00555502581491	-0.023663464124	-0.0196160560434	-8.27099077537e-05	-0.0397067122923	0.00693343629661	-0.00627583709975	-0.0310638925904	0.00710756421151	1.0	-0.00836478134637	0.0146052794487	0.0504325203351	-0.0163561140107	0.0443182857114	0.0506423634309	-0.0502700887465	-0.00318206275301	0.00617667942884	-0.0312300234685	-0.0795551960091	-0.0258973190285	0.0321692967885	-0.0372209903742	0.0244115246581	0.0259501658659	-0.00944332692538	0.020881014114	-0.0108526907202	0.013741728653	-0.0444432814912	-0.0170842485165	0.0638186021481	-0.00276513469542	-0.00955779256429	-0.0553596163577	-0.0454950189881	0.0412991763095	0.0365173254762	-0.0259986243074	-0.0103189157164	-0.0284322306475	-0.014654577242	0.0252857650726	-0.0494506405005	-0.0180191258959	-0.0677134160798	0.0147973187307	0.00919353522334	0.017861284054	-0.00378825047211
k__Bacteria;p__Bacteroidetes;c__Bacteroidia;o__Bacteroidales;f__Porphyromonadaceae;g__Barnesiella;s__Barnesiella_intestinihominis	0.007875335621	0.0101919624441	-0.0870813816398	-0.0340725345559	-0.024450306916	-0.00847770325941	-0.0414169721629	-0.0498609100457	0.0180187820897	0.0463825278032	-0.0590569486675	0.00244633593611	-0.0276901287962	0.025175939191	0.038904005351	-0.010633037595	0.00261144802291	-0.00836478134637	1.0	-0.055074365081	-0.04552507455	-0.00716889512356	-0.0620790521967	0.0196328308555	-0.0854252812935	0.0300653289931	0.0331796151088	-0.0623880815624	-0.0150504823942	-0.0413575068951	0.0249660746554	0.0186660086685	-0.0139911363707	0.0134298790709	-0.0146400962257	-0.0263663891516	0.0167577782191	0.0248242551804	-0.0326706444312	0.00846568340088	0.035647261227	-0.0724818206314	-0.00287823386832	0.0070543424804	-0.0210244743671	0.0146620650518	0.00230986248181	-0.0571683489263	-0.00366266751706	-0.0352822972864	-0.026841307376	0.0295897512524	0.0104092811614	-0.0129053055407	-0.0432288070669	0.103686361597	-0.0177962099996	-0.0682243644598	0.0626843580856
k__Bacteria;p__Bacteroidetes;c__Bacteroidia;o__Bacteroidales;f__Odoribacteraceae;g__Odoribacter;s__Odoribacter_splanchnicus	-0.0132535410754	0.00286159827287	-0.0428868472506	-0.0658954612259	0.00433506774533	-0.00316631285016	-0.0189329818085	-0.0254186237056	-0.0426264505262	-0.042748493226	0.0572130851148	-0.0197050692841	-0.0368950889865	0.00223683048076	-0.0365819070689	-0.0205714333361	0.0444683440641	0.0146052794487	-0.055074365081	1.0	0.00448788870043	-0.0364729712619	-0.00515380705185	-0.0523971483958	-0.00498811230213	-0.0835279978694	-0.0263008436733	-0.0401105712648	-0.0383903474302	-0.0247977531305	0.0385675376384	0.00279471331578	0.010899045255	-0.0310888789368	0.0218488288003	-0.047842621591	0.0215455210178	-0.0189365647466	0.0550793539208	-0.000430973447422	-0.0178167552126	0.0375186602877	-0.0233439984818	0.0204587802599	0.00892604639277	0.030028860594	0.0101422924796	0.0507526011256	0.023939865256	-0.0340763230782	-0.0237040523321	-0.0059031805526	-0.041117930972	0.0291930125128	-0.0299774420183	-0.052790821907	0.0399721472706	-0.00443427085456	-0.0426674799253
k__Bacteria;p__Bacteroidetes;c__Bacteroidia;o__Bacteroidales;f__Bacteroidaceae;g__Bacteroides;s__Bacteroides_salyersiae	0.0416300686612	0.0534153569543	0.0174786420345	-0.0190650575364	-0.029511177784	0.0442517502814	-0.00330742745907	0.0216434337918	-0.127654388555	-0.0282421044652	-0.0380078341648	-0.000361129372367	-0.031999318534	-0.0157096589444	-0.0363435105389	-0.00234178841234	-0.0478225724062	0.0504325203351	-0.04552507455	0.00448788870043	1.0	0.0114164527662	-0.0427002747472	0.0236707753427	-0.00778734611657	-0.0525518344535	0.0374815191853	-0.0182785393588	-0.024124418557	-0.0667735384257	0.0269756109023	0.00454263449687	0.0242305825249	0.0168589127214	-0.0524160988875	0.0146054125913	0.0165166712281	-0.0252168319575	-0.0197222973096	-0.0407727853778	0.00969116276775	0.00926161291281	-0.0364447844857	0.0109355251459	0.0108088470788	-0.039814445681	0.0598208311305	0.026873611782	-0.0353387045236	0.0152885251294	0.0123519478831	-0.0261723245651	-0.0451488155158	0.0346178369001	0.0126223029856	0.0423100956044	-0.0372221397343	-0.0297301376837	-0.0489960785631
k__Bacteria;p__Firmicutes;c__Clostridia;o__Clostridiales;f__Ruminococcaceae;g__Ruminiclostridium;s__[Eubacterium]_siraeum	-0.0184263032814	-0.0174735639706	0.0237090639811	0.0332017968742	-0.0289913679119	-0.0223172887024	0.0161086060714	-0.0308840478154	0.0332713215323	0.033038708687	-0.0307120738142	-0.0453547790137	-0.0747973885007	-0.0791613946677	-0.0339310206646	-0.0182457141711	0.00812640998153	-0.0163561140107	-0.00716889512356	-0.0364729712619	0.0114164527662	1.0	-0.0150190093346	-0.0443354289666	-0.0120119713709	0.0548039231874	0.0240410844488	0.00971739352801	0.00481979892373	0.0161275407522	-0.0507503333863	0.0468609308385	0.0136015976449	-0.0265340601838	-0.0184496891506	-0.0307922858556	0.0586427467185	0.0264668506175	0.0170721093848	-0.00413189319348	-0.00161530141289	-0.0146791533154	-0.0140437677962	0.0150546920346	-0.00368644332298	0.05924249346	-0.0260666349554	0.00954299809416	-0.0365603848448	-0.0126027883148	-0.0583586956256	0.00463143688881	-0.0254901004026	-0.0409163937657	0.027021956672	0.0355849832416	-0.0328570519912	0.00330644313326	0.022028786556
k__Bacteria;p__Proteobacteria;c__Betaproteobacteria;o__Burkholderiales;f__Sutterellaceae;g__Parasutterella;s__Parasutterella_excrementihominis	0.0505728043407	-0.0328311428195	-0.0144315864857	-0.00247299818372	0.0230643845806	0.0174599566798	-0.01050699035	-0.0418995343823	-0.0349736877003	0.0738044944879	-0.0186416317307	-0.0527496256479	-0.0269148073867	-0.0173294702104	0.0248148360306	0.0124117612564	-0.035429642957	0.0443182857114	-0.0620790521967	-0.00515380705185	-0.0427002747472	-0.0150190093346	1.0	0.0654528852013	0.00431444304125	-0.0614623044313	0.00731126249793	-0.0413754822991	-0.0182302576098	-0.0175460882776	-0.0336000367954	0.0253440083715	-0.0685421609216	-0.0197881797311	0.0532729908939	-0.00534047343754	-0.0120239513012	-0.0567064468376	-0.0330024056021	-0.000637342048628	0.07900596168	-0.0682807670613	0.0308162358443	0.020922995315	0.00281097750023	-0.0215184605406	-0.00447251883251	-0.0234671186406	0.0202357267209	0.0432822009404	-0.00254395294885	-0.078387967114	0.0670185676078	0.0472600190664	-0.0488265908497	-0.0608149702048	-0.00635373102548	0.024362916955	0.0732774279655
k__Bacteria;p__Actinobacteria;c__Actinobacteria;o__Bifidobacteriales;f__Bifidobacteriaceae;g__Bifidobacterium;s__Bifidobacterium_adolescentis	-0.096147986271	0.0139482616508	-0.0158618717059	0.024902956092	0.0119544101819	0.0133244013364	-0.0498098928273	-0.0102006236715	-0.0129361864817	0.0148636912055	-0.03820103948	0.0139718807878	-0.0361785518145	0.0270316315934	0.00994022166874	0.0600108294764	-0.02114188194	0.0506423634309	0.0196328308555	-0.0523971483958	0.0236707753427	-0.0443354289666	0.0654528852013	1.0	0.0175758908794	-0.00279019119112	-0.0166072114534	-0.0279455843568	0.0202148471004	-0.0293819593621	-0.0554077255978	0.0244717325723	0.00750730830192	-0.0177170861078	0.0518562571246	0.0155746435784	-0.00450886603392	-0.0289662797058	-0.0610248752574	0.0141849697072	0.0423791013316	-0.0455452976692	0.000298552610487	0.0378956507515	-0.0372262845094	-0.00482033485256	-0.0509636223867	-0.0134141825662	-0.0159757573072	-0.0385025519519	-0.0610366056832	-0.0208877923553	-0.0725584887516	0.0241140543506	0.0175112430755	0.0133932930106	-0.0458002884368	-0.0332724007567	-0.0119817970279
k__Bacteria;p__Firmicutes;c__Clostridia;o__Clostridiales;f__Oscillospiraceae;g__Oscillibacter;s__Oscillibacter_sp._KLE_1745	-0.0286570099702	-0.0187406535111	-0.0457857903411	0.0230366495383	0.00460124691252	-0.0152745756409	-0.0493887046091	-0.040656504709	-0.0286888200437	-0.00838301498116	-0.0618265061636	-0.0578980990849	0.0695785629489	-0.0032668012638	-0.00890096707498	0.0493031702468	0.00411489717252	-0.0502700887465	-0.0854252812935	-0.00498811230213	-0.00778734611657	-0.0120119713709	0.00431444304125	0.0175758908794	1.0	-0.056638464353	-0.079029569491	0.0400319791608	0.0382948168811	-0.0405235760389	-0.0204537263725	0.0290762206737	0.00334158737531	-0.0499817695625	-0.0296076066688	-0.0216030438522	-0.0336782431677	0.00275325727347	0.0534682982691	-0.0400493717933	-0.0240513313041	-0.0474804522294	0.00316200354414	0.0364219024264	0.0131628559032	0.047510111866	-0.010228501395	-0.000733826492597	0.0245527478785	0.0505502217262	-0.0229740632763	0.00626648131516	-0.0268759273589	0.0194713329123	0.0185762010313	-0.0366297595202	-0.0328814448737	-0.0101921661158	-0.0200342436053
k__Bacteria;p__Bacteroidetes;c__Bacteroidia;o__Bacteroidales;f__Bacteroidaceae;g__Bacteroides;s__Bacteroides_coprophilus	-0.0271428561871	-0.0186424803889	0.0495440998585	-0.0376935010365	0.0252421957514	-0.0434108482568	0.0270858875877	-0.0285682971829	-0.0603534231808	0.0679984056081	0.0232360504078	0.0216436247564	0.0473135443597	-0.0175612413717	0.0136385585911	-0.00965140044368	-0.0422653959278	-0.00318206275301	0.0300653289931	-0.0835279978694	-0.0525518344535	0.0548039231874	-0.0614623044313	-0.00279019119112	-0.056638464353	1.0	0.0112099894521	0.0104356501494	0.0644232448186	-0.0444101059983	-0.0230914170414	0.0609490548647	-0.00369025585539	-0.00756160860053	-0.0140166611826	0.0296264633781	0.0398460624267	0.0406906930433	-0.0113778438055	0.0252500677857	-0.0460037457104	-0.0561743166136	-0.036928732607	-0.0231529498122	-0.081525572672	-0.0313555814546	0.0258402199343	-0.0512655929088	0.0721147993437	-0.0606466621583	0.0107367114718	-0.0374993276342	-0.0471389379529	0.000323988546234	-0.0275526257231	-0.0217570864933	0.0249875647349	0.0230037819225	0.0128002184553
k__Bacteria;p__Firmicutes;c__Clostridia;o__Clostridiales;f__Lachnospiraceae;g__Roseburia;s__Roseburia_intestinalis	0.0193955905973	-0.0247765099421	-0.0301509168476	-0.0341070985612	0.022093680061	0.0548507131964	0.0510831630974	-0.0230366564597	-0.0431141589987	0.0115031043888	0.0504775943935	-0.000816271555765	0.0220805174035	0.0600384439141	0.000741272596001	-0.0102503422696	-0.0334563785712	0.00617667942884	0.0331796151088	-0.0263008436733	0.0374815191853	0.0240410844488	0.00731126249793	-0.0166072114534	-0.079029569491	0.0112099894521	1.0	-0.0323613263081	-0.00134567059748	-0.0451968482803	-0.00906338101222	-0.0281764587197	0.00203329977266	-0.0468177011696	-0.0423458273752	-0.0231816449943	-0.00428426568919	-0.0517777419082	-0.0628316958362	0.0146522839361	0.0238290484535	0.0307577669291	0.0108274588862	-0.0202831617353	-0.034568422428	-0.0351818679506	-0.0156662759924	-0.0159591633538	0.0696128732771	-0.0123727573142	0.0110753954368	0.00132927246738	0.0246128034109	-0.0150241579929	0.00759184531331	-0.0388177368525	0.0126557418378	0.0156062046931	-0.0192005137266
k__Bacteria;p__Firmicutes;c__Clostridia;o__Clostridiales;f__Lachnospiraceae;g__Roseburia;s__Roseburia_hominis	-0.0356827970009	0.0264339801429	0.0737381755463	0.00540851409037	-0.0021377583573	-0.0535728716191	0.00514824886546	0.0513656948603	0.0847864637817	-0.0646340176735	0.0243214777947	-0.0159209844708	-0.0574763123981	-0.0191200811464	-0.084731210076	0.0453922781745	0.0327553071617	-0.0312300234685	-0.0623880815624	-0.0401105712648	-0.0182785393588	0.00971739352801	-0.0413754822991	-0.0279455843568	0.0400319791608	0.0104356501494	-0.0323613263081	1.0	-0.0212463976232	-0.00293320910844	-0.0256065333739	-0.00156359886625	0.0522954196029	0.009766098681	-0.0168163967459	0.0414702892638	-0.0442089837536	-0.0360735167545	0.0193219067577	0.0329071322507	-0.0221982095172	-0.028348107014	-0.0404645961298	-0.0353662559362	0.0337181763981	-0.0171857008481	-0.0475786753814	-0.0402456320102	-0.0149957799789	-0.0294499529932	0.0501957125822	-0.0120532903094	0.0155051591112	-0.0958022458506	-0.0408609771465	-0.0318591013898	0.00132044169695	-0.0168739030003	0.00701971709224
k__Bacteria;p__Bacteroidetes;c__Bacteroidia;o__Bacteroidales;f__Porphyromonadaceae;g__Parabacteroides;s__Parabacteroides_johnsonii	0.0191982373187	0.0129276163825	-0.0382222294024	0.0158842940672	0.0154908911522	-0.0109205543711	-0.0288890204363	0.0121437705508	0.0183207456557	-0.0534600814119	0.045131536277	-0.0204800638125	-0.0297499111258	0.046844658651	0.0306890718366	-0.0361838615014	0.0383169538672	-0.0795551960091	-0.0150504823942	-0.0383903474302	-0.024124418557	0.00481979892373	-0.0182302576098	0.0202148471004	0.0382948168811	0.0644232448186	-0.00134567059748	-0.0212463976232	1.0	-0.000591272943993	0.0207189068581	-0.0133815852035	0.00599214389412	0.0118397886377	-0.0830101202298	-0.0505333963069	0.0361259138535	0.043477799791	-0.0515758554558	-0.0374584145251	0.0361402369143	-0.0299441496751	0.0335347499001	0.050173581129	-0.014951742602	0.011642361576	-0.0491502642723	-0.0380828492502	0.0273065405434	-0.0559108215295	-0.0694068762013	-0.0363214307674	-0.0149279002082	0.0256761010116	0.0176715176313	-0.0569165339079	-0.0374403957231	-0.0368503261559	-0.0291430344459
k__Bacteria;p__Actinobacteria;c__Actinobacteria;o__Bifidobacteriales;f__Bifidobacteriaceae;g__Bifidobacterium;s__Bifidobacterium_longum	-0.00882831153298	-0.0473557417314	0.0554722487424	-0.0191990169284	0.0137875590274	0.0219868675137	0.0513914040689	-0.00859147650006	-0.0148519331425	0.0623704774054	0.023265840481	-0.00638039808457	-0.000401584080333	0.0478219180894	-0.0781360623616	-0.0271882185015	0.00223201589376	-0.0258973190285	-0.0413575068951	-0.0247977531305	-0.0667735384257	0.0161275407522	-0.0175460882776	-0.0293819593621	-0.0405235760389	-0.0444101059983	-0.0451968482803	-0.00293320910844	-0.000591272943993	1.0	0.0293917134937	0.0286493935772	-0.040326436319	0.0658066916246	-0.0355065359668	-0.0437085055365	0.0170484512494	-0.0274384293038	0.016852282651	-0.0174373892645	-0.0879117854318	0.0369877963064	0.0432081649434	0.0162258529576	0.0153087530658	-0.0347849023963	-0.0188643254527	-0.0229099446437	0.0067713321588	-0.0410898535054	0.0265866127322	-0.0179846806416	0.0241619182236	0.00311841077983	-0.0345617532595	-0.100772671995	0.00578218352397	0.00317865359452	-0.0144175948618
