#taxonomy	k__Bacteria;p__Bacteroidetes;c__Bacteroidia;o__Bacteroidales;f__Bacteroidaceae;g__Bacteroides;s__Bacteroides_vulgatus	k__Bacteria;p__Bacteroidetes;c__Bacteroidia;o__Bacteroidales;f__Bacteroidaceae;g__Bacteroides;s__Bacteroides_uniformis	k__Bacteria;p__Bacteroidetes;c__Bacteroidia;o__Bacteroidales;f__Rikenellaceae;g__Alistipes;s__Alistipes_putredinis	k__Bacteria;p__Bacteroidetes;c__Bacteroidia;o__Bacteroidales;f__Prevotellaceae;g__Prevotella;s__Prevotella_copri	k__Bacteria;p__Bacteroidetes;c__Bacteroidia;o__Bacteroidales;f__Bacteroidaceae;g__Bacteroides;s__Bacteroides_stercoris	k__Bacteria;p__Bacteroidetes;c__Bacteroidia;o__Bacteroidales;f__Bacteroidaceae;g__Bacteroides;s__Bacteroides_ovatus	k__Bacteria;p__Bacteroidetes;c__Bacteroidia;o__Bacteroidales;f__Rikenellaceae;g__Alistipes;s__Alistipes_shahii	k__Bacteria;p__Firmicutes;c__Clostridia;o__Clostridiales;f__Ruminococcaceae;g__Faecalibacterium;s__Faecalibacterium_prausnitzii	k__Bacteria;p__Bacteroidetes;c__Bacteroidia;o__Bacteroidales;f__Rikenellaceae;g__Alistipes;s__Alistipes_finegoldii	k__Bacteria;p__Bacteroidetes;c__Bacteroidia;o__Bacteroidales;f__Porphyromonadaceae;g__Parabacteroides;s__Parabacteroides_distasonis	k__Bacteria;p__Bacteroidetes;c__Bacteroidia;o__Bacteroidales;f__Bacteroidaceae;g__Bacteroides;s__Bacteroides_thetaiotaomicron	k__Bacteria;p__Bacteroidetes;c__Bacteroidia;o__Bacteroidales;f__Bacteroidaceae;g__Bacteroides;s__Bacteroides_coprocola	k__Bacteria;p__Bacteroidetes;c__Bacteroidia;o__Bacteroidales;f__Bacteroidaceae;g__Bacteroides;s__Bacteroides_cellulosilyticus	k__Bacteria;p__Bacteroidetes;c__Bacteroidia;o__Bacteroidales;f__Rikenellaceae;g__Alistipes;s__Alistipes_obesi	k__Bacteria;p__Firmicutes;c__Clostridia;o__Clostridiales;f__Lachnospiraceae;g__;s__[Eubacterium]_rectale	k__Bacteria;p__Bacteroidetes;c__Bacteroidia;o__Bacteroidales;f__Bacteroidaceae;g__Bacteroides;s__Bacteroides_plebeius	k__Bacteria;p__Bacteroidetes;c__Bacteroidia;o__Bacteroidales;f__Bacteroidaceae;g__Bacteroides;s__Bacteroides_fragilis	k__Bacteria;p__Proteobacteria;c__Betaproteobacteria;o__Burkholderiales;f__Sutterellaceae;g__Sutterella;s__Sutterella_wadsworthensis	k__Bacteria;p__Bacteroidetes;c__Bacteroidia;o__Bacteroidales;f__Porphyromonadaceae;g__Barnesiella;s__Barnesiella_intestinihominis	k__Bacteria;p__Bacteroidetes;c__Bacteroidia;o__Bacteroidales;f__Odoribacteraceae;g__Odoribacter;s__Odoribacter_splanchnicus	k__Bacteria;p__Bacteroidetes;c__Bacteroidia;o__Bacteroidales;f__Bacteroidaceae;g__Bacteroides;s__Bacteroides_salyersiae	k__Bacteria;p__Firmicutes;c__Clostridia;o__Clostridiales;f__Ruminococcaceae;g__Ruminiclostridium;s__[Eubacterium]_siraeum	k__Bacteria;p__Proteobacteria;c__Betaproteobacteria;o__Burkholderiales;f__Sutterellaceae;g__Parasutterella;s__Parasutterella_excrementihominis	k__Bacteria;p__Actinobacteria;c__Actinobacteria;o__Bifidobacteriales;f__Bifidobacteriaceae;g__Bifidobacterium;s__Bifidobacterium_adolescentis	k__Bacteria;p__Firmicutes;c__Clostridia;o__Clostridiales;f__Oscillospiraceae;g__Oscillibacter;s__Oscillibacter_sp._KLE_1745	k__Bacteria;p__Bacteroidetes;c__Bacteroidia;o__Bacteroidales;f__Bacteroidaceae;g__Bacteroides;s__Bacteroides_coprophilus	k__Bacteria;p__Firmicutes;c__Clostridia;o__Clostridiales;f__Lachnospiraceae;g__Roseburia;s__Roseburia_intestinalis	k__Bacteria;p__Firmicutes;c__Clostridia;o__Clostridiales;f__Lachnospiraceae;g__Roseburia;s__Roseburia_hominis	k__Bacteria;p__Bacteroidetes;c__Bacteroidia;o__Bacteroidales;f__Porphyromonadaceae;g__Parabacteroides;s__Parabacteroides_johnsonii	k__Bacteria;p__Actinobacteria;c__Actinobacteria;o__Bifidobacteriales;f__Bifidobacteriaceae;g__Bifidobacterium;s__Bifidobacterium_longum	k__Bacteria;p__Firmicutes;c__Clostridia;o__Clostridiales;f__;g__Flavonifractor;s__Flavonifractor_plautii	k__Bacteria;p__Firmicutes;c__Clostridia;o__Clostridiales;f__Clostridiaceae;g__Clostridium;s__Clostridium_phoceensis	k__Bacteria;p__Verrucomicrobia;c__Verrucomicrobiae;o__Verrucomicrobiales;f__Akkermansiaceae;g__Akkermansia;s__Akkermansia_muciniphila	k__Bacteria;p__Bacteroidetes;c__Bacteroidia;o__Bacteroidales;f__Prevotellaceae;g__Paraprevotella;s__Paraprevotella_xylaniphila	k__Bacteria;p__Firmicutes;c__Clostridia;o__Clostridiales;f__Ruminococcaceae;g__Ruminococcus;s__Ruminococcus_callidus	k__Bacteria;p__Bacteroidetes;c__Bacteroidia;o__Bacteroidales;f__Rikenellaceae;g__Alistipes;s__Alistipes_senegalensis	k__Bacteria;p__Firmicutes;c__Clostridia;o__Clostridiales;f__Lachnospiraceae;g__Blautia;s__Blautia_sp._KLE_1732	k__Bacteria;p__Bacteroidetes;c__Bacteroidia;o__Bacteroidales;f__Bacteroidaceae;g__Bacteroides;s__Bacteroides_oleiciplenus	k__Bacteria;p__Firmicutes;c__Clostridia;o__Clostridiales;f__Ruminococcaceae;g__Ruminococcus;s__Ruminococcus_bicirculans	k__Bacteria;p__Bacteroidetes;c__Bacteroidia;o__Bacteroidales;f__Bacteroidaceae;g__Bacteroides;s__Bacteroides_fluxus	k__Bacteria;p__Bacteroidetes;c__Bacteroidia;o__Bacteroidales;f__Prevotellaceae;g__Prevotella;s__Prevotella_stercorea	k__Bacteria;p__Firmicutes;c__Clostridia;o__Clostridiales;f__Lachnospiraceae;g__Dorea;s__Dorea_longicatena	k__Bacteria;p__Firmicutes;c__Clostridia;o__Clostridiales;f__Eubacteriaceae;g__Eubacterium;s__[Eubacterium]_eligens	k__Bacteria;p__Firmicutes;c__Clostridia;o__Clostridiales;f__Ruminococcaceae;g__;s__Ruminococcaceae_bacterium_D16	k__Bacteria;p__Firmicutes;c__Clostridia;o__Clostridiales;f__Lachnospiraceae;g__Coprococcus;s__Coprococcus_comes	k__Bacteria;p__Proteobacteria;c__Gammaproteobacteria;o__Enterobacterales;f__Enterobacteriaceae;g__Escherichia;s__Escherichia_coli	k__Bacteria;p__Firmicutes;c__Clostridia;o__Clostridiales;f__Ruminococcaceae;g__Anaerotruncus;s__Anaerotruncus_colihominis	k__Bacteria;p__Firmicutes;c__Clostridia;o__Clostridiales;f__Lachnospiraceae;g__Blautia;s__Blautia_obeum	k__Bacteria;p__Bacteroidetes;c__Bacteroidia;o__Bacteroidales;f__Odoribacteraceae;g__Odoribacter;s__Odoribacter_laneus	k__Bacteria;p__Firmicutes;c__Clostridia;o__Clostridiales;f__Ruminococcaceae;g__Ruminiclostridium;s__[Clostridium]_leptum	k__Bacteria;p__Bacteroidetes;c__Bacteroidia;o__Bacteroidales;f__Porphyromonadaceae;g__Parabacteroides;s__Parabacteroides_goldsteinii	k__Bacteria;p__Firmicutes;c__Clostridia;o__Clostridiales;f__Lachnospiraceae;g__Anaerostipes;s__Anaerostipes_hadrus	k__Bacteria;p__Firmicutes;c__Clostridia;o__Clostridiales;f__Ruminococcaceae;g__Ruminococcus;s__Ruminococcus_lactaris	k__Bacteria;p__Firmicutes;c__Clostridia;o__Clostridiales;f__Clostridiaceae;g__Clostridium;s__Clostridium_sp._L2-50	k__Bacteria;p__Firmicutes;c__Clostridia;o__Clostridiales;f__Clostridiaceae;g__Clostridium;s__Clostridium_sp._M62/1	k__Bacteria;p__Firmicutes;c__Clostridia;o__Clostridiales;f__;g__Intestinimonas;s__Intestinimonas_butyriciproducens	k__Bacteria;p__Actinobacteria;c__Actinobacteria;o__Bifidobacteriales;f__Bifidobacteriaceae;g__Bifidobacterium;s__Bifidobacterium_bifidum	k__Bacteria;p__Firmicutes;c__Negativicutes;o__Veillonellales;f__Veillonellaceae;g__Dialister;s__Dialister_invisus	k__Bacteria;p__Bacteroidetes;c__Bacteroidia;o__Bacteroidales;f__Bacteroidaceae;g__Bacteroides;s__Bacteroides_salanitronis
k__Bacteria;p__Bacteroidetes;c__Bacteroidia;o__Bacteroidales;f__Bacteroidaceae;g__Bacteroides;s__Bacteroides_vulgatus	1.0	-0.0247510036851	-0.00723235703445	0.00887211244572	-0.0301404798215	0.000157700674967	-0.00780650491888	0.0265222590828	-0.0655617951044	-0.0159404276971	-0.028424326417	-0.00627619669659	0.0391397022822	-0.0142868801821	0.00825212811589	-0.0982759845759	-0.0180098757191	0.0020542564351	0.0625437820697	0.0399411965932	-0.0285827764623	0.000682648159067	-0.0200649669527	-0.035780364547	0.0638258062948	0.00905524219004	-0.0503410331849	0.00162252713831	0.0166181834339	-0.016929854153	0.0191070991376	-0.0257251493296	-0.050591423507	-0.0139528370109	-0.0257784709369	0.0561518531534	-0.0122581890389	-0.0277712816795	0.0535545976998	-0.00695823434213	0.0246023052835	-0.00684490707837	0.0407558105961	-0.0199236501055	-0.0186485737124	-0.0124198333499	0.0849824190102	0.00284134686494	-0.00617260733182	0.0119626081346	-0.058056200424	-0.0661898812523	0.0238559921914	0.0200785452166	-0.0659416999938	0.0309276787272	-0.0451449645991	0.0665043084434	0.0186296243111
k__Bacteria;p__Bacteroidetes;c__Bacteroidia;o__Bacteroidales;f__Bacteroidaceae;g__Bacteroides;s__Bacteroides_uniformis	-0.0247510036851	1.0	0.000179077959975	-0.0101975633347	0.0256626820298	-0.0341189534038	0.000165961606701	-0.0229840757818	-0.0470002697428	0.00104374030753	-0.0390457888636	0.050923961685	0.0387430722273	-0.0351407099454	0.00592788466394	-0.00818102082262	0.0198767246638	0.00946758245741	0.0225149515079	-0.0407076547331	0.0335497604972	-0.0403316323295	0.0333184387549	-0.0501901413324	-0.0169079570496	0.0448095619799	-0.0136603178976	0.00489775640307	0.0186294734008	0.0169542978923	-0.0279346337766	0.0223023894624	0.00876343126556	-0.00783773417165	-0.0291200722226	0.00465093137205	-0.0131412354566	0.00194607516506	-0.00736497981266	0.0110887929606	-0.0213443161013	-0.0412055655902	0.00244451884989	0.0107654107859	0.0483942107714	0.0396531933316	-0.0437574972723	0.00174904181665	-0.0542112335937	-0.051181346018	-0.0960000967836	-0.0028244302271	-0.0341092954772	-0.050389508382	-0.0412413360003	0.0528873908046	0.0155852156154	-0.0507071829947	-0.00438706924533
k__Bacteria;p__Bacteroidetes;c__Bacteroidia;o__Bacteroidales;f__Rikenellaceae;g__Alistipes;s__Alistipes_putredinis	-0.00723235703445	0.000179077959975	1.0	0.0129442804525	-0.0519412540455	0.0103780418645	-7.68765024177e-05	0.0581879822734	0.00237338595644	-0.005276209711	-0.0189629233206	-0.0500950608644	0.00175504909211	-0.0479957452718	-0.0403564033681	0.00855192411256	0.0250290849892	-0.0135966932008	-0.0097394013551	0.0415964780995	-0.00190223734796	0.0208337122172	0.00101915676038	0.043958130525	0.0180931918585	-0.0381294554779	-0.054712477325	0.0128842634352	0.0361991112532	-0.0317827785235	0.00806136603528	-0.0524557891665	0.0213494892446	-0.0464189783093	-0.0284994365767	-0.0734630981626	0.0273029796816	-0.0136754078333	0.0243696371288	0.0428132217408	-0.0373313861633	-0.00431688138704	0.0354625308253	0.0153863791416	-0.00160848013798	-0.0403883027568	0.000238872253214	0.0154473827276	-0.0375588416198	0.0364390367885	-0.0639357831521	-0.038922207706	-0.0471138562763	-0.00857328071265	-0.00611381302345	0.0261006080137	-0.0211269827237	0.0304815144331	-0.0212886333433
k__Bacteria;p__Bacteroidetes;c__Bacteroidia;o__Bacteroidales;f__Prevotellaceae;g__Prevotella;s__Prevotella_copri	0.00887211244572	-0.0101975633347	0.0129442804525	1.0	2.72625624616e-05	-0.0111330881234	0.037745421924	0.000270544450978	-0.0651607079354	0.0411230823227	-0.0135659526652	-0.00779971206043	-0.0132369355761	0.0383413807883	-0.0474521798806	-0.0166593053148	-0.0590965448524	0.00635876875129	-0.0105306199613	-0.0219688385125	-0.0794231851374	0.00991142314117	0.0943630753243	0.0242679639708	-0.0350154583627	0.0220211518722	-0.0645708340343	0.0714259549053	-0.00151015869477	0.0207876716881	-0.0347499472482	0.00463930344146	-0.00132698363249	-0.0237500115786	-0.0132917792032	-0.0303058864002	0.0412194503313	0.00127966626479	-0.0582081092034	0.0130483100683	-0.0263049536696	0.028882339701	-0.0760730924796	0.0579440235172	0.0194373840139	-0.0824312014994	-0.0295577954903	0.0553139064168	-0.0260589557079	0.0401396374019	0.00574835305296	-0.0160382617799	0.0147443339445	0.00115865509	-0.000156435933587	-0.00438610859543	0.00842399649715	-0.0851210495149	-0.0560828206888
k__Bacteria;p__Bacteroidetes;c__Bacteroidia;o__Bacteroidales;f__Bacteroidaceae;g__Bacteroides;s__Bacteroides_stercoris	-0.0301404798215	0.0256626820298	-0.0519412540455	2.72625624616e-05	1.0	0.0448421851436	0.0153354619359	0.0479658643154	0.0149520121582	-0.0204051554804	-0.0123774707412	0.0345379045484	-0.0127380510292	0.0123731749452	-0.0311283161636	-0.00402197582422	-0.00268573336166	-0.0651947512313	0.0440220270394	0.0330441949613	-0.000722820549933	-0.0121876665127	0.00901695191976	0.0290531022144	-0.00751326488356	-0.00553147987177	0.0616736868999	-0.00301737117425	-0.0650597865196	0.0371895300522	-0.0101279141714	0.033729775132	-0.0309897296166	-0.0383820400849	-0.0228029369869	0.00977079472076	0.00802716561399	-0.0619834117855	-0.0169409301654	0.00461348349836	-0.00319396783204	0.050280773661	-0.0823876841571	0.0133327208812	-0.0181746339445	-0.0343840770403	-0.00864599499585	0.01962984158	-0.0252944185369	-0.0361065824453	-0.0470210906961	-0.0468365669497	-0.0496156502495	0.0376906123317	-0.0580738152214	0.0018739614429	-0.0550533411835	0.0163436751126	0.0540694473407
k__Bacteria;p__Bacteroidetes;c__Bacteroidia;o__Bacteroidales;f__Bacteroidaceae;g__Bacteroides;s__Bacteroides_ovatus	0.000157700674967	-0.0341189534038	0.0103780418645	-0.0111330881234	0.0448421851436	1.0	-0.0517970009266	0.0468882610116	-0.0726220210226	0.0204816873014	0.0114632538886	-0.0415798525924	-0.0331450187092	0.00924614366187	-0.0103820656094	0.000261259294626	-0.0448342243473	0.00178520993394	-0.00761764790474	0.0341924414067	0.0187744967882	-0.0831455858396	-0.0397616975171	-0.029729737706	0.000839184662374	-0.00727088543371	-0.040326345195	0.0482082370121	0.0152796447083	-0.0201145526021	0.000697500019766	0.0555268601624	-0.00909192751977	0.0696641583796	-0.0113149202546	-0.0371394118232	0.00329511964011	-0.0313672522354	-0.0535565967087	0.0189393269551	0.00928997647596	-0.00470327119009	0.0527673252595	0.047293666066	-0.0609818775857	0.0103203775683	-0.0311878096266	-0.0274709304154	0.0196070841131	-0.00247279143454	-0.00805672152943	0.0221368259687	-0.0452249483454	-0.0421371897017	-0.0111599223852	-0.0487985264981	-0.0229234192911	-0.0014627855065	-0.0631783595183
k__Bacteria;p__Bacteroidetes;c__Bacteroidia;o__Bacteroidales;f__Rikenellaceae;g__Alistipes;s__Alistipes_shahii	-0.00780650491888	0.000165961606701	-7.68765024177e-05	0.037745421924	0.0153354619359	-0.0517970009266	1.0	0.0224744829509	-0.0262821065936	0.012951130781	-0.0743407042528	-0.0423905630238	0.0102081635768	-0.0360157664278	-0.0289610373869	-0.0481206162162	-0.0322438286592	0.040713788873	-0.0322887800169	0.0240288681509	-0.00230230635712	0.0217469465879	0.0199906087296	-0.0962656741533	-0.0196821164282	0.0238402812897	0.00460657093668	-0.00200260982493	0.0356813466463	-0.0253616362248	-0.0137416864335	0.0662866104678	-0.0157947784723	-0.0536108881384	-0.0167114881986	-0.0325357621868	-0.0137751935743	-0.0202693466934	0.0485088269465	-0.0207940477605	0.0269086186338	-0.00450055357171	0.00781650880349	0.00986385947707	0.0185244187756	-0.0210424763626	-0.0254764976717	-0.0190289805592	-0.0354122726453	0.0369693905069	0.0135084399237	-0.0364149046075	-0.0288074294183	0.0729799553156	0.00704591509803	0.0704969613263	0.0249587140833	0.00798411878497	0.0393413594783
k__Bacteria;p__Firmicutes;c__Clostridia;o__Clostridiales;f__Ruminococcaceae;g__Faecalibacterium;s__Faecalibacterium_prausnitzii	0.0265222590828	-0.0229840757818	0.0581879822734	0.000270544450978	0.0479658643154	0.0468882610116	0.0224744829509	1.0	-0.00988166498638	-0.0248993505136	0.0091679226242	0.00184135979376	-0.0247795601538	0.0327474333333	-0.0164997947791	-0.0113100632925	0.00344546365949	0.0125988049827	-0.00500910864139	0.0409166212635	-0.0460452365341	0.0012061306139	0.0157650055051	-0.0398873766431	-0.0475839723562	-0.0455542983792	-0.00349913217255	-0.00379117158643	-0.000366796142918	0.0060064294466	0.0135745209359	0.00632608287828	0.0296632278405	-0.00679268402985	-0.0548712151505	-0.0307212274761	-0.0343592400968	-0.0493149491013	-0.00803043289094	0.04949979816	2.45873218345e-05	-0.0390314441288	-0.0646097005521	-0.00481929428453	-0.0436701446968	0.0229323261188	-0.0230981397857	-0.0126347326572	-0.039916945627	0.0242734889752	-0.0128131801321	-0.0498294383602	-0.0511217991137	0.0550211203115	-0.0383807172527	-0.0171264283026	-0.0243812528964	-0.0521186324425	0.000925601775699
k__Bacteria;p__Bacteroidetes;c__Bacteroidia;o__Bacteroidales;f__Rikenellaceae;g__Alistipes;s__Alistipes_finegoldii	-0.0655617951044	-0.0470002697428	0.00237338595644	-0.0651607079354	0.0149520121582	-0.0726220210226	-0.0262821065936	-0.00988166498638	1.0	-0.0068360018042	-0.0153900694882	0.0465577735602	-0.0232252589666	-0.0214107044153	0.033474638816	0.00725369037976	-0.0126426089813	-0.0356276816099	-0.00309728757854	0.0321023628881	-0.00460346330098	0.0382652944098	-0.0499741077789	-0.020728177482	0.0503523895703	-0.00104578418857	-0.01159416106	-0.0282356638715	0.0477380759714	0.0582349388745	0.0411581126231	-0.0247986210161	0.0119511529457	0.0408926417329	-0.0341961110081	-0.00222958695943	-0.00540350127461	-0.0668867580654	0.0230089239064	-0.0558882425482	0.0266075537133	-0.00483778571783	-0.0559187950251	0.00985644506283	-0.047911217528	-0.000900855806233	-0.01988819792	-0.0193097444087	0.0988029826586	-0.0233272509955	-0.000980813264426	0.0417869796743	0.000397568127461	-0.0119964241489	0.0130055627124	-0.0167835225645	-0.0246779110427	-0.0670082366268	-0.000321154502844
k__Bacteria;p__Bacteroidetes;c__Bacteroidia;o__Bacteroidales;f__Porphyromonadaceae;g__Parabacteroides;s__Parabacteroides_distasonis	-0.0159404276971	0.00104374030753	-0.005276209711	0.0411230823227	-0.0204051554804	0.0204816873014	0.012951130781	-0.0248993505136	-0.0068360018042	1.0	0.0149127794474	0.00198668224656	-0.0367739878579	-0.0127309093591	-0.00182316800252	-0.0171292145652	-0.0456852163363	0.0302236848541	-0.0120317465737	-0.0151896627563	0.0121331350046	-0.0199628575022	0.0176884363402	0.0163547245978	0.0294228778279	-0.0792170217846	-0.0521670549907	0.00364911482852	0.0168071154602	0.00808438018668	-0.0950855702602	-0.0117428504026	-0.00735464095708	0.0344038329521	0.0233164724586	-0.0236496492217	0.000979359561824	0.0350732864885	-0.0623263942584	-0.0610455614554	-0.0550121824678	-0.0156708531864	-0.0202482690891	0.000933605302123	0.013843314697	0.00167846240955	0.0145210613367	0.00618841133147	0.0258554631349	-0.0113966259024	0.0320491340599	0.0369125476865	-0.0161290753654	0.00718382519494	0.0564938704693	-0.0255468966512	-0.0637005595175	-0.0595077136147	-0.0103525573883
k__Bacteria;p__Bacteroidetes;c__Bacteroidia;o__Bacteroidales;f__Bacteroidaceae;g__Bacteroides;s__Bacteroides_thetaiotaomicron	-0.028424326417	-0.0390457888636	-0.0189629233206	-0.0135659526652	-0.0123774707412	0.0114632538886	-0.0743407042528	0.0091679226242	-0.0153900694882	0.0149127794474	1.0	0.0415953656118	-0.0726362739643	0.0570267502993	-0.0163555061457	0.00433838687558	-0.0230633250689	0.0128571624043	-0.0181714999879	-0.0124191000953	-0.0227544588213	-0.0182417297562	-0.0789607985908	0.0172416874224	-0.0153293969959	0.00631046928188	-0.0456559972919	-0.0431209134496	0.0579372110541	-0.0110453811864	-0.00885901351932	-0.058408612386	-0.0611149638126	-0.00788599720546	0.0610161104231	-0.0502096865451	-0.0903658734082	0.0300956146551	0.0137539989042	0.00131668559735	-0.0114930866485	-0.0342423181471	-0.0365938632839	0.014980357732	0.0308589856495	0.023155066742	0.0363168930543	-0.0517958342691	-0.0504538256912	0.037312046949	0.0836750582505	-0.0571192995202	0.0464268063856	0.0226134015625	-0.0496598398312	-9.23336106632e-05	0.00263023611334	0.0502250745772	-0.08375332002
k__Bacteria;p__Bacteroidetes;c__Bacteroidia;o__Bacteroidales;f__Bacteroidaceae;g__Bacteroides;s__Bacteroides_coprocola	-0.00627619669659	0.050923961685	-0.0500950608644	-0.00779971206043	0.0345379045484	-0.0415798525924	-0.0423905630238	0.00184135979376	0.0465577735602	0.00198668224656	0.0415953656118	1.0	-0.0505789686312	-0.0325932237727	-0.0413319015492	-0.0478798435116	-0.00398985053609	0.0131311233819	0.0252189409972	-0.0294491394305	-0.00588071175122	0.0222154946907	-0.00280844821469	-0.0329245269908	0.0122574462948	0.00618720660572	-0.0438112369249	-0.00576834528118	-0.0353656503633	-0.0619146372707	-0.0450438881876	-0.0285321316656	-0.0485274654757	-0.0140807973435	-0.0398247027541	-0.0707849118066	-0.000617283839604	0.0342788167497	0.0304403429879	-0.0253519169225	-0.0155833998388	-0.0360531275463	-0.00797968846911	-0.027727664629	0.0453354682957	0.0325559081771	0.0310444139576	-0.0130076929572	0.0273131174777	-0.0540078018384	0.0276492927324	0.00206216681036	-0.000766424186282	0.0570248541328	0.00475385318162	0.0630383249177	-0.0419939976218	-0.0466513993844	-0.0475584395852
k__Bacteria;p__Bacteroidetes;c__Bacteroidia;o__Bacteroidales;f__Bacteroidaceae;g__Bacteroides;s__Bacteroides_cellulosilyticus	0.0391397022822	0.0387430722273	0.00175504909211	-0.0132369355761	-0.0127380510292	-0.0331450187092	0.0102081635768	-0.0247795601538	-0.0232252589666	-0.0367739878579	-0.0726362739643	-0.0505789686312	1.0	0.00365814747442	0.0286962599357	0.0422608612686	-0.00628280850891	0.00651298411066	0.0336003853712	-0.0201084202148	0.0141174823341	-0.0406793826388	0.00612523967048	-0.0692479219401	-0.00670784068564	-0.0338930163536	-0.0403594827543	0.0521663509425	-0.00283747279047	0.0183243537011	-0.026855193826	-0.0370368111935	0.0604811069312	-0.0600219552997	0.00589384535733	0.014917373197	-0.024589340619	-0.052807652117	-0.0280607553203	-0.0751960302884	-0.0501314922147	-0.0303816760604	0.0394742443592	-0.021349042919	-0.00376586335649	0.0208196058885	0.0373841200965	-0.0210712506483	-0.0375523476863	-0.0349496974831	-0.00274766986419	0.0291691655742	0.00170360351765	-0.0130207082689	0.00700214388289	0.0307259886456	-0.00252140852473	0.0143491673023	0.0333225826217
k__Bacteria;p__Bacteroidetes;c__Bacteroidia;o__Bacteroidales;f__Rikenellaceae;g__Alistipes;s__Alistipes_obesi	-0.0142868801821	-0.0351407099454	-0.0479957452718	0.0383413807883	0.0123731749452	0.00924614366187	-0.0360157664278	0.0327474333333	-0.0214107044153	-0.0127309093591	0.0570267502993	-0.0325932237727	0.00365814747442	1.0	0.0076579311548	0.00451567344047	0.00339506441425	0.0634635725175	-0.0354583456695	-0.00858741323021	0.0101320421719	0.0400690793324	0.0250523672146	0.0484095022072	-0.01029763038	0.02037358347	-0.0433414346224	0.00783852531129	-0.00732137136851	0.0544383830426	0.00561388383867	0.031628901511	-0.0357993143102	-0.0601596777399	-0.0273308746606	-0.0345409440586	-0.0132645282406	0.00407092824815	-0.00904351827327	-0.00546560512837	-0.0453724759991	-0.00191161917126	-0.0420975204232	-0.0516541100358	0.00125813034834	-0.0240326352962	-0.0493773436686	-0.0272004354413	0.0422231339354	0.0033537074752	0.00109924771851	-0.0680227697828	0.0135400770292	-0.0453477542363	-0.0628007551634	0.00222867859637	0.00741346435983	-0.0541088279983	-0.0499426265687
k__Bacteria;p__Firmicutes;c__Clostridia;o__Clostridiales;f__Lachnospiraceae;g__;s__[Eubacterium]_rectale	0.00825212811589	0.00592788466394	-0.0403564033681	-0.0474521798806	-0.0311283161636	-0.0103820656094	-0.0289610373869	-0.0164997947791	0.033474638816	-0.00182316800252	-0.0163555061457	-0.0413319015492	0.0286962599357	0.0076579311548	1.0	0.0243031255355	0.0228979676634	-0.0217683472458	0.0061079570439	0.0137199182635	-0.00738075826685	0.0185717177814	0.00124854711225	0.0056166433335	-0.0769488767691	-0.0250505719633	0.015832000395	-0.0330001557776	0.030116935658	0.030611053371	-0.00100816761639	-0.0162194920321	0.056430034392	-0.00390952587739	0.0384344135394	-0.0276997481855	-0.0221816122921	-0.0488237903277	-0.00215948751506	0.0554301559624	-0.00337119643031	0.0442420454604	0.00577420998226	-0.00117011102818	0.00409380511778	-0.0314841802719	-0.0335389176233	0.000699603556931	0.0515461297043	-0.0217136451935	-0.0210788639378	0.0128591723492	0.0136775490361	0.026214596943	-0.000252287177395	-0.0558098500188	-0.0467861931057	-0.0591608965778	-0.0221169872567
k__Bacteria;p__Bacteroidetes;c__Bacteroidia;o__Bacteroidales;f__Bacteroidaceae;g__Bacteroides;s__Bacteroides_plebeius	-0.0982759845759	-0.00818102082262	0.00855192411256	-0.0166593053148	-0.00402197582422	0.000261259294626	-0.0481206162162	-0.0113100632925	0.00725369037976	-0.0171292145652	0.00433838687558	-0.0478798435116	0.0422608612686	0.00451567344047	0.0243031255355	1.0	0.0137883447936	-0.0541210806382	0.0298846296653	-0.0123024052743	-0.00713837999213	-0.00805452742086	-0.00051998754226	0.0381129366926	-0.0016083539468	0.00716785192831	-0.0358445181376	-0.0303855893319	0.00184098148144	0.0518572074131	-0.0820244220724	0.0186243080375	-0.0420596202693	-0.0334850098499	0.0103729173654	-0.0583046171761	-0.052045165337	-0.00595707424159	-0.0330522117335	0.053512724341	-0.0179730449534	-0.0192577502308	0.0415640368223	0.0213386088268	-0.00502247594212	-0.0485528847346	-0.0124138895478	0.00380339288264	-0.0373183566352	-0.00527496389732	0.0376780351188	0.0287524534504	-0.0143832754445	0.0177237173338	0.0516744891081	-0.0692182917296	-0.0371172767786	0.000704604163964	-0.00190676754819
k__Bacteria;p__Bacteroidetes;c__Bacteroidia;o__Bacteroidales;f__Bacteroidaceae;g__Bacteroides;s__Bacteroides_fragilis	-0.0180098757191	0.0198767246638	0.0250290849892	-0.0590965448524	-0.00268573336166	-0.0448342243473	-0.0322438286592	0.00344546365949	-0.0126426089813	-0.0456852163363	-0.0230633250689	-0.00398985053609	-0.00628280850891	0.00339506441425	0.0228979676634	0.0137883447936	1.0	-0.0447094299737	-0.00220751825638	-0.0230939627091	-0.0268111552785	-0.00949328256663	-0.0438861927828	-0.0122289430657	-0.00357664720253	0.0496541210219	0.0320778858402	-0.00674484189723	0.0380143711256	0.0532288316374	-0.0146997530882	-0.0658625882763	-0.0240130478043	-0.0405900593223	-0.0472523134854	0.0200108708286	-0.0208450553411	-0.0073496193756	-0.0493319244406	0.0102162694446	-0.0457003598384	0.0533572082886	-0.00369569646156	0.028296540109	-0.0211562134086	0.040355253086	-0.0307838236247	-0.0196546798435	0.0437600808459	-0.0026476847117	0.0521539788168	0.0420285413697	-0.0110300337409	-0.047887643461	-0.0452136602124	-0.00266300148714	-0.000685421956663	0.0369141912984	-0.0176579949385
k__Bacteria;p__Proteobacteria;c__Betaproteobacteria;o__Burkholderiales;f__Sutterellaceae;g__Sutterella;s__Sutterella_wadsworthensis	0.0020542564351	0.00946758245741	-0.0135966932008	0.00635876875129	-0.0651947512313	0.00178520993394	0.040713788873	0.0125988049827	-0.0356276816099	0.0302236848541	0.0128571624043	0.0131311233819	0.00651298411066	0.0634635725175	-0.0217683472458	-0.0541210806382	-0.0447094299737	1.0	0.0155904630898	-0.032716315258	0.0119367717442	-0.0418502333664	-0.0305883403955	-0.0539856754824	-0.0146151901279	0.0393538209779	-0.00162189079029	-0.00128814698575	0.0124281098658	-0.0405175265089	0.0177001468742	-0.0805999740321	-0.00891906437965	0.0119670784609	-0.00652177402636	0.0304816567784	0.0384911249748	-0.0144521836693	-0.0298633951806	-0.00554319413759	0.000704625424846	-0.0147124648685	-0.0475600253978	-0.0296087567005	-0.000559695294432	-0.0265285849034	0.0228026677646	-0.0527285325115	-0.0483767184064	-0.0267278047547	0.00409315092422	-0.0631114208634	-0.0109916157169	0.0289893859727	0.0264564460266	0.0265570645262	0.0242919500805	-0.0342329657307	0.00354180614682
k__Bacteria;p__Bacteroidetes;c__Bacteroidia;o__Bacteroidales;f__Porphyromonadaceae;g__Barnesiella;s__Barnesiella_intestinihominis	0.0625437820697	0.0225149515079	-0.00973940135511	-0.0105306199613	0.0440220270394	-0.00761764790474	-0.0322887800169	-0.00500910864139	-0.00309728757854	-0.0120317465737	-0.0181714999879	0.0252189409972	0.0336003853712	-0.0354583456695	0.00610795704391	0.0298846296653	-0.00220751825638	0.0155904630898	1.0	-0.0476559658639	-0.0097582713231	0.0736187080338	-0.0275983024379	-0.051902814788	0.023318032933	0.0198082208714	-0.0582560998046	-0.063979628286	-0.0211067117777	0.0347247421132	-0.000314244965356	0.0274826505551	0.0212418950321	-0.0313260568274	-0.0186801818753	-0.0289539104078	0.0214698636902	-0.00172827304061	0.00139146895416	-0.00740805243747	-0.0384083358756	-0.0700504244447	0.0330288492731	0.0274209965416	-0.00342528089521	0.00237170595503	0.0751896797808	-0.0280243962235	-0.0730056436467	-0.0359681956388	0.0147643125725	0.0519148951707	-0.0342190850846	0.032888598086	-0.0437871942654	-0.0193389239569	-0.00270735025131	0.0150202516933	-0.0118225723873
k__Bacteria;p__Bacteroidetes;c__Bacteroidia;o__Bacteroidales;f__Odoribacteraceae;g__Odoribacter;s__Odoribacter_splanchnicus	0.0399411965932	-0.0407076547331	0.0415964780995	-0.0219688385125	0.0330441949613	0.0341924414067	0.0240288681509	0.0409166212635	0.0321023628881	-0.0151896627563	-0.0124191000953	-0.0294491394305	-0.0201084202148	-0.00858741323021	0.0137199182635	-0.0123024052743	-0.0230939627091	-0.032716315258	-0.0476559658639	1.0	-0.0151721810954	-0.00558979130523	-0.0265466151525	-0.0469122234239	-0.0281537282117	-0.0626748642108	0.0323268405247	-0.0229473310528	-0.0449230338999	-0.0394866036279	-0.0421567432476	0.034583029357	0.0454029060798	0.0051716833641	-0.0279965459122	0.0423700921967	-0.0214132805101	0.018697072882	0.0195614336724	0.012166853879	0.0129906647669	-0.0263599399964	-0.0319971164132	-0.0349987700029	-0.0425706949216	-0.00741442373317	-0.0233269677603	-0.00775906102416	-0.0471971285848	0.0384374045615	0.0547389796581	-0.0303841094137	-0.00232223726658	0.00937262865959	-0.00411127316104	0.0358586010099	0.00858197323931	0.0271955110094	0.0133714462772
k__Bacteria;p__Bacteroidetes;c__Bacteroidia;o__Bacteroidales;f__Bacteroidaceae;g__Bacteroides;s__Bacteroides_salyersiae	-0.0285827764623	0.0335497604972	-0.00190223734796	-0.0794231851374	-0.000722820549933	0.0187744967882	-0.00230230635712	-0.0460452365341	-0.00460346330098	0.0121331350046	-0.0227544588213	-0.00588071175122	0.0141174823341	0.0101320421719	-0.00738075826685	-0.00713837999213	-0.0268111552785	0.0119367717442	-0.0097582713231	-0.0151721810954	1.0	-0.0126912126423	-0.0231184258382	-0.0405636474976	-0.0100056433385	-0.0506057767158	0.0208418538309	0.0057992084067	-0.0306408444392	-0.00527233913424	-0.0275631584579	0.0469865911085	0.0443431936546	-0.00395558390288	0.0295882047744	-0.0446214312278	0.00468163481576	0.0159146778929	-0.0510219859613	0.0264316522819	0.00606792545714	-0.0134722455375	0.00511292990006	0.0509914722524	-0.0446180709399	-0.000499968368552	-0.0206119915837	-0.0517843853186	-0.0252889373042	-0.0641680681647	-0.0594939196655	-0.0397725916188	-0.0165523389272	-0.018688062396	-0.0169088359521	0.0326498849574	0.0262647046458	-0.00186085091908	-0.037487506214
k__Bacteria;p__Firmicutes;c__Clostridia;o__Clostridiales;f__Ruminococcaceae;g__Ruminiclostridium;s__[Eubacterium]_siraeum	0.000682648159067	-0.0403316323295	0.0208337122172	0.00991142314117	-0.0121876665127	-0.0831455858396	0.0217469465879	0.0012061306139	0.0382652944098	-0.0199628575022	-0.0182417297562	0.0222154946907	-0.0406793826388	0.0400690793324	0.0185717177814	-0.00805452742086	-0.00949328256663	-0.0418502333664	0.0736187080338	-0.00558979130523	-0.0126912126423	1.0	0.0202429420702	0.00029773871962	-0.0381145142817	-0.0239877809821	-0.0182291239683	-0.00358017351343	-0.0447949629038	0.0410362767494	0.0476750759238	-0.0516494845565	-0.0126368396601	-0.00813162329007	-0.0134125729218	-0.0283457019754	-0.0472115981265	0.0425542956904	0.013968483013	-0.0392455517095	-0.0107626451673	0.0182515939121	-0.0176310952874	-0.0572324962679	0.0312827529672	-0.0554202743023	-0.00291753197608	-0.0469571640816	-0.0404229293529	-0.00325067308899	0.0619404745015	-0.00709762478734	0.0119075219777	0.00527488027031	0.0508541712971	0.0591185336528	-0.0461752997103	-0.0493567554049	0.0224051163777
k__Bacteria;p__Proteobacteria;c__Betaproteobacteria;o__Burkholderiales;f__Sutterellaceae;g__Parasutterella;s__Parasutterella_excrementihominis	-0.0200649669527	0.0333184387549	0.00101915676038	0.0943630753243	0.00901695191976	-0.0397616975171	0.0199906087296	0.0157650055051	-0.0499741077789	0.0176884363402	-0.0789607985908	-0.00280844821469	0.00612523967048	0.0250523672146	0.00124854711225	-0.00051998754226	-0.0438861927828	-0.0305883403955	-0.0275983024379	-0.0265466151525	-0.0231184258382	0.0202429420702	1.0	-0.00591058065542	-0.0239968073417	-0.0409068701712	0.0223622488779	0.0140059542871	0.0502894799946	-0.0507336277884	-0.00754700077699	0.00920242933664	0.023857973613	-0.035485712903	0.00893654226106	-0.00166563171466	0.0483695026293	-0.0403515793615	0.046758046655	0.00637505131284	-0.0312977371325	-0.0725977925625	-0.000355332970136	-0.00634831093526	-0.0169463087889	0.00334583548199	-0.0351796976956	0.0248197394008	0.0163265325924	-0.00991368627898	-0.0134733371517	-0.0439390329645	-0.0220416990179	0.0254930296941	-0.0252141558824	0.0254570976034	0.0193187302231	0.0458838178402	-0.01322799135
k__Bacteria;p__Actinobacteria;c__Actinobacteria;o__Bifidobacteriales;f__Bifidobacteriaceae;g__Bifidobacterium;s__Bifidobacterium_adolescentis	-0.035780364547	-0.0501901413324	0.043958130525	0.0242679639708	0.0290531022144	-0.029729737706	-0.0962656741533	-0.0398873766431	-0.020728177482	0.0163547245978	0.0172416874224	-0.0329245269908	-0.0692479219401	0.0484095022072	0.0056166433335	0.0381129366926	-0.0122289430657	-0.0539856754824	-0.051902814788	-0.0469122234239	-0.0405636474976	0.00029773871962	-0.00591058065542	1.0	0.0383419054114	-0.087575407169	0.00674647807394	-0.0590435786515	-0.0093475951471	0.0440548176765	0.00209936876629	-0.0304649155158	-0.00933428751939	0.000590559757251	0.0103785488413	0.0344003348025	-0.0237700483639	0.0590537903528	0.0343571347159	0.0311763591775	-0.0464224026408	-0.0229577043594	0.0203668163428	-0.00709858645969	0.0627360514	-0.0082152222901	0.020767900216	-0.0150492377336	0.0444848361244	0.0314072168216	0.0343493521164	0.00183265605908	0.00565874606699	-0.0149524123486	0.00524901785857	-0.0706121056587	0.00588782419759	0.0346428265794	0.0113126071288
k__Bacteria;p__Firmicutes;c__Clostridia;o__Clostridiales;f__Oscillospiraceae;g__Oscillibacter;s__Oscillibacter_sp._KLE_1745	0.0638258062948	-0.0169079570496	0.0180931918585	-0.0350154583627	-0.00751326488356	0.000839184662374	-0.0196821164282	-0.0475839723562	0.0503523895703	0.0294228778279	-0.0153293969959	0.0122574462948	-0.00670784068564	-0.01029763038	-0.0769488767691	-0.0016083539468	-0.00357664720253	-0.0146151901279	0.023318032933	-0.0281537282117	-0.0100056433385	-0.0381145142817	-0.0239968073417	0.0383419054114	1.0	0.0803944150196	-0.0473232707281	-0.0667412823575	-0.0451651397778	-0.0689678835499	-0.0371440676838	-0.0188197127103	-0.0198600798242	-0.0642335472242	0.0122925192507	0.00786420304515	0.0233372196652	0.0527117226131	0.0444880645166	-0.0444836017633	-0.0280436692322	0.00413786819881	0.00883060673808	0.00467300601811	-0.00576265224227	-0.0409692522271	-0.0220235964549	0.0284317435346	0.0305821643538	0.0467191393023	-0.0119723983783	-0.0215624297685	0.00292881851577	-0.0596977495983	-0.0542135947517	-0.0771230290425	0.0151472699465	-0.00247417696068	0.00635831599226
k__Bacteria;p__Bacteroidetes;c__Bacteroidia;o__Bacteroidales;f__Bacteroidaceae;g__Bacteroides;s__Bacteroides_coprophilus	0.00905524219004	0.0448095619799	-0.0381294554779	0.0220211518722	-0.00553147987177	-0.00727088543371	0.0238402812897	-0.0455542983792	-0.00104578418857	-0.0792170217846	0.00631046928188	0.00618720660572	-0.0338930163536	0.02037358347	-0.0250505719633	0.00716785192831	0.0496541210219	0.0393538209779	0.0198082208714	-0.0626748642108	-0.0506057767158	-0.0239877809821	-0.0409068701712	-0.087575407169	0.0803944150196	1.0	-0.025742489854	0.0218841914956	-0.0268236982354	-0.0399402864589	0.0203384687044	-0.00520822263954	-0.0345033559082	0.0263736015482	0.00916238156301	-0.0250277600175	0.0254506639507	0.0205650033579	0.0602944244818	0.0033342598334	-0.0115825496493	0.0479520817513	0.0429928496898	-0.00584751392616	0.0433816574429	-0.0628962472146	-0.0478291034364	-0.0113311306474	0.0102138875207	0.0106909300308	0.0163359068161	-0.0183233498624	-0.0211447324866	-0.0225457248501	-0.0415209327758	0.018456411569	-0.0898726302866	-0.00635896644562	0.0365353293832
k__Bacteria;p__Firmicutes;c__Clostridia;o__Clostridiales;f__Lachnospiraceae;g__Roseburia;s__Roseburia_intestinalis	-0.0503410331849	-0.0136603178976	-0.054712477325	-0.0645708340343	0.0616736868999	-0.040326345195	0.00460657093668	-0.00349913217255	-0.01159416106	-0.0521670549907	-0.0456559972919	-0.0438112369249	-0.0403594827543	-0.0433414346224	0.015832000395	-0.0358445181376	0.0320778858402	-0.00162189079029	-0.0582560998046	0.0323268405247	0.0208418538309	-0.0182291239683	0.0223622488779	0.00674647807394	-0.0473232707281	-0.025742489854	1.0	-0.0323304701453	-0.0230184194163	0.0514074945581	0.00394291746169	0.0502097702359	0.00615210290521	0.00218206505871	-0.0140607051534	0.0169025071606	0.00987078404427	-0.0400998180295	-0.0551712748718	-0.0294700961348	-0.0220508115465	-0.00587824381101	0.0210086125836	0.00913386008792	-0.0157827652509	-0.0147384837238	0.0337270473152	0.0121879933677	-0.0463651319049	-0.0985288779548	-0.0130289868499	-0.000614599724388	0.0120035974682	-0.0349387158778	0.0414620188309	0.000259636814058	-0.0478870255069	-0.029081863955	-0.00824033815962
k__Bacteria;p__Firmicutes;c__Clostridia;o__Clostridiales;f__Lachnospiraceae;g__Roseburia;s__Roseburia_hominis	0.00162252713831	0.00489775640307	0.0128842634352	0.0714259549053	-0.00301737117425	0.0482082370121	-0.00200260982493	-0.00379117158643	-0.0282356638715	0.00364911482852	-0.0431209134496	-0.00576834528118	0.0521663509425	0.00783852531129	-0.0330001557776	-0.0303855893319	-0.00674484189723	-0.00128814698575	-0.063979628286	-0.0229473310528	0.0057992084067	-0.00358017351343	0.0140059542871	-0.0590435786515	-0.0667412823575	0.0218841914956	-0.0323304701453	1.0	-0.0355612974121	-0.00334012016238	-0.00690862332782	-0.00230994684562	-0.0213526027694	-0.0271156476	0.00650196471453	-0.013386476257	-0.00824591330935	-0.0380191732872	-0.0570082020422	0.0338775479533	-0.0218482037592	0.0113707215528	0.0733380924962	0.000824951240058	0.0580472409434	0.0166371971035	0.028712772667	-0.048924237194	-0.0396647919594	-0.0053344899123	-0.0578911211127	-0.0109424651542	-0.0337854577365	-0.00567985305407	0.0201127087061	-0.0192863507732	0.00810093825584	0.0261345001806	-0.0454259502659
k__Bacteria;p__Bacteroidetes;c__Bacteroidia;o__Bacteroidales;f__Porphyromonadaceae;g__Parabacteroides;s__Parabacteroides_johnsonii	0.0166181834339	0.0186294734008	0.0361991112532	-0.00151015869477	-0.0650597865196	0.0152796447083	0.0356813466463	-0.000366796142919	0.0477380759714	0.0168071154602	0.0579372110541	-0.0353656503633	-0.00283747279047	-0.00732137136851	0.030116935658	0.00184098148144	0.0380143711256	0.0124281098658	-0.0211067117777	-0.0449230338999	-0.0306408444392	-0.0447949629038	0.0502894799946	-0.0093475951471	-0.0451651397778	-0.0268236982354	-0.0230184194163	-0.0355612974121	1.0	-0.0437830988536	-0.0471048309198	-0.0570183157634	0.0387972304477	-0.0210048411748	0.0265843841972	-0.00729561624934	0.0357015307593	0.020172947071	-0.0912898501586	0.0278997316988	-0.0236176270055	0.0412627033297	-0.00146498088905	-0.0676177618815	-0.0310192528085	-0.0593198309138	-0.014490988073	0.00317248136009	-0.0197100859969	0.0189196075758	-0.0564512145821	-0.00956168285572	-0.0169169472472	0.0116477536348	0.0150723664417	-0.00308108748279	-0.0208261133923	-0.0236789157638	-0.00444887410864
