#taxonomy	k__Bacteria;p__Bacteroidetes;c__Bacteroidia;o__Bacteroidales;f__Bacteroidaceae;g__Bacteroides;s__Bacteroides_vulgatus	k__Bacteria;p__Bacteroidetes;c__Bacteroidia;o__Bacteroidales;f__Bacteroidaceae;g__Bacteroides;s__Bacteroides_uniformis	k__Bacteria;p__Bacteroidetes;c__Bacteroidia;o__Bacteroidales;f__Rikenellaceae;g__Alistipes;s__Alistipes_putredinis	k__Bacteria;p__Bacteroidetes;c__Bacteroidia;o__Bacteroidales;f__Prevotellaceae;g__Prevotella;s__Prevotella_copri	k__Bacteria;p__Bacteroidetes;c__Bacteroidia;o__Bacteroidales;f__Bacteroidaceae;g__Bacteroides;s__Bacteroides_stercoris	k__Bacteria;p__Bacteroidetes;c__Bacteroidia;o__Bacteroidales;f__Bacteroidaceae;g__Bacteroides;s__Bacteroides_ovatus	k__Bacteria;p__Bacteroidetes;c__Bacteroidia;o__Bacteroidales;f__Rikenellaceae;g__Alistipes;s__Alistipes_shahii	k__Bacteria;p__Firmicutes;c__Clostridia;o__Clostridiales;f__Ruminococcaceae;g__Faecalibacterium;s__Faecalibacterium_prausnitzii	k__Bacteria;p__Bacteroidetes;c__Bacteroidia;o__Bacteroidales;f__Rikenellaceae;g__Alistipes;s__Alistipes_finegoldii	k__Bacteria;p__Bacteroidetes;c__Bacteroidia;o__Bacteroidales;f__Porphyromonadaceae;g__Parabacteroides;s__Parabacteroides_distasonis	k__Bacteria;p__Bacteroidetes;c__Bacteroidia;o__Bacteroidales;f__Bacteroidaceae;g__Bacteroides;s__Bacteroides_thetaiotaomicron	k__Bacteria;p__Bacteroidetes;c__Bacteroidia;o__Bacteroidales;f__Bacteroidaceae;g__Bacteroides;s__Bacteroides_coprocola	k__Bacteria;p__Bacteroidetes;c__Bacteroidia;o__Bacteroidales;f__Bacteroidaceae;g__Bacteroides;s__Bacteroides_cellulosilyticus	k__Bacteria;p__Bacteroidetes;c__Bacteroidia;o__Bacteroidales;f__Rikenellaceae;g__Alistipes;s__Alistipes_obesi	k__Bacteria;p__Firmicutes;c__Clostridia;o__Clostridiales;f__Lachnospiraceae;g__;s__[Eubacterium]_rectale	k__Bacteria;p__Bacteroidetes;c__Bacteroidia;o__Bacteroidales;f__Bacteroidaceae;g__Bacteroides;s__Bacteroides_plebeius	k__Bacteria;p__Bacteroidetes;c__Bacteroidia;o__Bacteroidales;f__Bacteroidaceae;g__Bacteroides;s__Bacteroides_fragilis	k__Bacteria;p__Proteobacteria;c__Betaproteobacteria;o__Burkholderiales;f__Sutterellaceae;g__Sutterella;s__Sutterella_wadsworthensis	k__Bacteria;p__Bacteroidetes;c__Bacteroidia;o__Bacteroidales;f__Porphyromonadaceae;g__Barnesiella;s__Barnesiella_intestinihominis	k__Bacteria;p__Bacteroidetes;c__Bacteroidia;o__Bacteroidales;f__Odoribacteraceae;g__Odoribacter;s__Odoribacter_splanchnicus	k__Bacteria;p__Bacteroidetes;c__Bacteroidia;o__Bacteroidales;f__Bacteroidaceae;g__Bacteroides;s__Bacteroides_salyersiae	k__Bacteria;p__Firmicutes;c__Clostridia;o__Clostridiales;f__Ruminococcaceae;g__Ruminiclostridium;s__[Eubacterium]_siraeum	k__Bacteria;p__Proteobacteria;c__Betaproteobacteria;o__Burkholderiales;f__Sutterellaceae;g__Parasutterella;s__Parasutterella_excrementihominis	k__Bacteria;p__Actinobacteria;c__Actinobacteria;o__Bifidobacteriales;f__Bifidobacteriaceae;g__Bifidobacterium;s__Bifidobacterium_adolescentis	k__Bacteria;p__Firmicutes;c__Clostridia;o__Clostridiales;f__Oscillospiraceae;g__Oscillibacter;s__Oscillibacter_sp._KLE_1745	k__Bacteria;p__Bacteroidetes;c__Bacteroidia;o__Bacteroidales;f__Bacteroidaceae;g__Bacteroides;s__Bacteroides_coprophilus	k__Bacteria;p__Firmicutes;c__Clostridia;o__Clostridiales;f__Lachnospiraceae;g__Roseburia;s__Roseburia_intestinalis	k__Bacteria;p__Firmicutes;c__Clostridia;o__Clostridiales;f__Lachnospiraceae;g__Roseburia;s__Roseburia_hominis	k__Bacteria;p__Bacteroidetes;c__Bacteroidia;o__Bacteroidales;f__Porphyromonadaceae;g__Parabacteroides;s__Parabacteroides_johnsonii	k__Bacteria;p__Actinobacteria;c__Actinobacteria;o__Bifidobacteriales;f__Bifidobacteriaceae;g__Bifidobacterium;s__Bifidobacterium_longum	k__Bacteria;p__Firmicutes;c__Clostridia;o__Clostridiales;f__;g__Flavonifractor;s__Flavonifractor_plautii	k__Bacteria;p__Firmicutes;c__Clostridia;o__Clostridiales;f__Clostridiaceae;g__Clostridium;s__Clostridium_phoceensis	k__Bacteria;p__Verrucomicrobia;c__Verrucomicrobiae;o__Verrucomicrobiales;f__Akkermansiaceae;g__Akkermansia;s__Akkermansia_muciniphila	k__Bacteria;p__Bacteroidetes;c__Bacteroidia;o__Bacteroidales;f__Prevotellaceae;g__Paraprevotella;s__Paraprevotella_xylaniphila	k__Bacteria;p__Firmicutes;c__Clostridia;o__Clostridiales;f__Ruminococcaceae;g__Ruminococcus;s__Ruminococcus_callidus	k__Bacteria;p__Bacteroidetes;c__Bacteroidia;o__Bacteroidales;f__Rikenellaceae;g__Alistipes;s__Alistipes_senegalensis	k__Bacteria;p__Firmicutes;c__Clostridia;o__Clostridiales;f__Lachnospiraceae;g__Blautia;s__Blautia_sp._KLE_1732	k__Bacteria;p__Bacteroidetes;c__Bacteroidia;o__Bacteroidales;f__Bacteroidaceae;g__Bacteroides;s__Bacteroides_oleiciplenus	k__Bacteria;p__Firmicutes;c__Clostridia;o__Clostridiales;f__Ruminococcaceae;g__Ruminococcus;s__Ruminococcus_bicirculans	k__Bacteria;p__Bacteroidetes;c__Bacteroidia;o__Bacteroidales;f__Bacteroidaceae;g__Bacteroides;s__Bacteroides_fluxus	k__Bacteria;p__Bacteroidetes;c__Bacteroidia;o__Bacteroidales;f__Prevotellaceae;g__Prevotella;s__Prevotella_stercorea	k__Bacteria;p__Firmicutes;c__Clostridia;o__Clostridiales;f__Lachnospiraceae;g__Dorea;s__Dorea_longicatena	k__Bacteria;p__Firmicutes;c__Clostridia;o__Clostridiales;f__Eubacteriaceae;g__Eubacterium;s__[Eubacterium]_eligens	k__Bacteria;p__Firmicutes;c__Clostridia;o__Clostridiales;f__Ruminococcaceae;g__;s__Ruminococcaceae_bacterium_D16	k__Bacteria;p__Firmicutes;c__Clostridia;o__Clostridiales;f__Lachnospiraceae;g__Coprococcus;s__Coprococcus_comes	k__Bacteria;p__Proteobacteria;c__Gammaproteobacteria;o__Enterobacterales;f__Enterobacteriaceae;g__Escherichia;s__Escherichia_coli	k__Bacteria;p__Firmicutes;c__Clostridia;o__Clostridiales;f__Ruminococcaceae;g__Anaerotruncus;s__Anaerotruncus_colihominis	k__Bacteria;p__Firmicutes;c__Clostridia;o__Clostridiales;f__Lachnospiraceae;g__Blautia;s__Blautia_obeum	k__Bacteria;p__Bacteroidetes;c__Bacteroidia;o__Bacteroidales;f__Odoribacteraceae;g__Odoribacter;s__Odoribacter_laneus	k__Bacteria;p__Firmicutes;c__Clostridia;o__Clostridiales;f__Ruminococcaceae;g__Ruminiclostridium;s__[Clostridium]_leptum	k__Bacteria;p__Bacteroidetes;c__Bacteroidia;o__Bacteroidales;f__Porphyromonadaceae;g__Parabacteroides;s__Parabacteroides_goldsteinii	k__Bacteria;p__Firmicutes;c__Clostridia;o__Clostridiales;f__Lachnospiraceae;g__Anaerostipes;s__Anaerostipes_hadrus	k__Bacteria;p__Firmicutes;c__Clostridia;o__Clostridiales;f__Ruminococcaceae;g__Ruminococcus;s__Ruminococcus_lactaris	k__Bacteria;p__Firmicutes;c__Clostridia;o__Clostridiales;f__Clostridiaceae;g__Clostridium;s__Clostridium_sp._L2-50	k__Bacteria;p__Firmicutes;c__Clostridia;o__Clostridiales;f__Clostridiaceae;g__Clostridium;s__Clostridium_sp._M62/1	k__Bacteria;p__Firmicutes;c__Clostridia;o__Clostridiales;f__;g__Intestinimonas;s__Intestinimonas_butyriciproducens	k__Bacteria;p__Actinobacteria;c__Actinobacteria;o__Bifidobacteriales;f__Bifidobacteriaceae;g__Bifidobacterium;s__Bifidobacterium_bifidum	k__Bacteria;p__Firmicutes;c__Negativicutes;o__Veillonellales;f__Veillonellaceae;g__Dialister;s__Dialister_invisus	k__Bacteria;p__Bacteroidetes;c__Bacteroidia;o__Bacteroidales;f__Bacteroidaceae;g__Bacteroides;s__Bacteroides_salanitronis
k__Bacteria;p__Bacteroidetes;c__Bacteroidia;o__Bacteroidales;f__Bacteroidaceae;g__Bacteroides;s__Bacteroides_vulgatus	1.0	-0.0323374707454	0.0353909049854	-0.0251841708539	0.0161087268881	-0.095309534477	-0.0400559573277	0.00787790798991	-0.00960314869489	-0.0214411812558	-0.00837450386476	0.0110342309392	0.00276383331724	-0.0534093432036	-0.0140466042351	-0.0265262964235	0.0123181162935	-0.0166106742892	-0.0439251906058	-0.0100023467068	0.0412418246143	-0.0655718501795	-0.0129201152512	-0.023085258228	-0.0773074250054	-0.000833651306919	-0.00346033324065	-0.0660056334722	-0.0306001989329	0.0312404612392	0.0543076556234	-0.0354949038804	0.0665389796202	0.000864888747831	0.0519150484818	0.016872007725	0.0258612560828	-0.0502657451517	-0.0618196914856	-0.00352332020389	-0.00760755744324	-0.00518770596189	-0.0616788217424	-0.0124631755101	-0.0404495357243	0.0376114012687	-0.0102942306875	0.0244206389861	-0.0162246725373	-0.0558856099882	0.0555565853212	0.0634634936314	0.0302018740195	-0.0564671143456	0.0289846941168	-0.0813056522394	-0.0043176491382	0.0264986939044	-0.0103583503949
k__Bacteria;p__Bacteroidetes;c__Bacteroidia;o__Bacteroidales;f__Bacteroidaceae;g__Bacteroides;s__Bacteroides_uniformis	-0.0323374707454	1.0	0.0108660745377	-0.0135478093873	0.0390730012754	0.00109111084418	-0.0306802594822	0.0556595629218	-0.0501660567371	0.0131769469998	-0.0179763363014	-0.0190507913226	-0.0664583488815	-0.0311001907833	-0.0265709087201	-0.0255886051014	-0.0205149319556	-0.0198327859431	-0.00968386033718	0.000512729790429	-0.0529481512022	0.0130600815584	-0.00897559959694	-0.0822079416699	0.0437417786657	-0.0378966672509	-0.000507034711817	-0.0235414391892	-0.00831240752242	-0.0151176087547	0.0031624017134	-0.0260786506083	0.0951199051964	-0.0788159258766	-0.00681137001349	-0.0394341054257	-0.0188721969189	0.0173909866766	0.00752325657024	-0.0262215377048	-0.0474547918815	-0.0400587638278	0.00436296746211	-0.00313388659393	0.0653130233965	0.0344016270386	-0.00435836518768	-0.016612345936	-0.0646051886171	-0.0689139283123	0.0378681032906	0.020085000631	0.0752630638829	0.0114266214825	-0.00691425309827	-0.00975896773076	-0.076775624558	0.00228004444488	-0.000856781291148
k__Bacteria;p__Bacteroidetes;c__Bacteroidia;o__Bacteroidales;f__Rikenellaceae;g__Alistipes;s__Alistipes_putredinis	0.0353909049854	0.0108660745377	1.0	-0.0564582173075	-0.0323133292225	0.00566365856885	-0.0303585375194	0.0546819349706	-0.0128110777505	-0.0420624696219	0.0159553137807	0.024222616194	-0.0502405920368	-0.00852606752809	0.0361573470475	-0.0273835293812	-0.00585384506884	-0.0269931190404	-0.00560767970436	0.0658767759212	-0.0334854460484	-0.00524871830806	-0.0377905408385	0.0079961466622	-0.034281205105	-0.00761611601739	-0.0070877077801	0.0256714781567	-0.0182823907948	0.0281863232517	-0.0289550154444	-0.0488324078464	0.0208362404807	0.0159704966186	-0.0151395183126	0.0188949083623	0.00168834919152	-0.0507532046707	-0.00584712934884	0.00953234309333	0.00284337052261	-0.0169368791906	0.0178204816188	0.0829397182315	0.0138420765343	-0.0117445753247	0.000224527650713	-0.0683153049637	0.0028243285412	-0.0140663127957	-0.0199767612904	-0.0849072670596	0.0181460375093	-0.023198504817	-0.0182076069242	0.0277939560345	-0.00654111767815	-0.00167613519043	-0.0140917984413
k__Bacteria;p__Bacteroidetes;c__Bacteroidia;o__Bacteroidales;f__Prevotellaceae;g__Prevotella;s__Prevotella_copri	-0.0251841708539	-0.0135478093873	-0.0564582173075	1.0	-0.0868841890982	0.052193218887	-0.0310774046106	-0.0102430206445	0.00796661365686	0.000525212096243	-0.019281827452	0.0151299158904	-0.0231241980168	0.0116713766183	-0.00774016449527	-0.00765732212551	0.00506959236317	-0.0262080670391	0.00928966951997	-0.0235419457544	0.0296676802536	0.0210286320746	-0.00627038662718	-0.0217419144716	0.0229447156677	0.0142064886671	-0.0183344928527	-0.0139129881618	0.0130936350532	-0.02812386049	-0.0253472344854	0.023753020126	-0.0554490183797	0.0692886283072	0.0287378204362	0.016393877922	0.00615400820884	0.0288175562033	-0.0298347193673	-0.0191225270395	0.00216308235724	-0.0385049538399	0.0146534016696	0.0183322399062	0.0387351459337	0.034476654264	-0.018949182616	0.00395446660179	0.0219868024564	-0.0373303002385	0.0367006465233	-0.0187289931997	-0.0302756696871	0.017808730921	-0.0189313856035	0.0388556433756	-0.0623904484048	-0.0344053344629	-0.0237966347116
k__Bacteria;p__Bacteroidetes;c__Bacteroidia;o__Bacteroidales;f__Bacteroidaceae;g__Bacteroides;s__Bacteroides_stercoris	0.0161087268881	0.0390730012754	-0.0323133292225	-0.0868841890982	1.0	-0.0237442880213	-0.0057882019573	0.0128892056574	0.0360653438685	-0.0101488445056	-0.00518055226193	-0.00882471318201	-0.0279278256936	-0.025011173899	-0.00497989655648	0.0452966640662	0.0114696760045	0.00775173698626	0.03930892467	-0.00334634220016	0.0107458695534	-0.00548984240616	0.0194040917617	-0.0436998727308	0.0381797366235	-0.00865972169576	0.0157651323437	-0.000144176817804	-0.040419719222	-0.027671561913	-0.0195282961605	-0.0024705566403	0.0175421917152	-0.00317570353954	-0.00795961136936	-0.0114014042238	0.0823885442124	-0.0413377329855	-0.0246829399091	-0.00732358548474	0.038826971615	0.00708137858811	0.0384227631749	0.00251830362122	-0.00624870621518	-0.0506241482058	-0.0785755582747	0.011066678295	-0.054165098999	-0.055960728096	-0.0394219949257	-0.00440554050074	-0.00411116485536	0.0201480888689	0.0958843846795	0.0284989150357	0.00680046949386	0.00435385786438	0.0307463451588
k__Bacteria;p__Bacteroidetes;c__Bacteroidia;o__Bacteroidales;f__Bacteroidaceae;g__Bacteroides;s__Bacteroides_ovatus	-0.095309534477	0.00109111084418	0.00566365856885	0.052193218887	-0.0237442880213	1.0	-0.0489006950632	0.0346956341629	-0.0688317205325	-0.067181399548	-0.0392320256601	-0.0337946079267	0.0358020115279	0.0161680134779	-0.00370675034544	-0.0837471203917	0.0104441879163	0.0323772235946	-0.0531034807067	-0.0623622372554	0.0645924723646	-0.0136638309939	0.00128593017351	0.0120228537573	0.0347289227891	0.0382838463242	-0.0482700027272	0.00886815454558	-0.0268730872245	0.0045964955079	0.0441475978107	-0.00469954203531	-0.0278801100482	-0.0484979702254	-0.008848662043	-0.0322085137166	-0.0299347575689	-0.0625250019303	-0.017598330194	-0.00434946465731	0.0123671378363	-0.067355874529	0.00911693053289	0.0333339786365	-0.0329078158365	-0.079415418448	-0.0728467001865	0.0143322426818	0.0152225968886	-0.0183034373015	0.0328047590867	0.00151529606127	-0.000177400343647	0.0481327070495	-0.0188661151647	-0.068298645662	0.0103845482761	0.048938405375	-0.0582711225067
k__Bacteria;p__Bacteroidetes;c__Bacteroidia;o__Bacteroidales;f__Rikenellaceae;g__Alistipes;s__Alistipes_shahii	-0.0400559573277	-0.0306802594822	-0.0303585375194	-0.0310774046106	-0.0057882019573	-0.0489006950632	1.0	-0.00597645364901	0.0594908856663	-0.0135555349634	-0.0366459991446	0.0317197433812	-0.0416995318481	0.063713586757	-0.0392973383627	-0.035639914092	0.0330541144736	0.0181087978314	0.0080291922164	-0.0253117331096	-0.0233642029522	0.0680766545567	0.0110047651136	0.0823123706638	0.00581606111433	-0.0489405669497	-0.0426256247467	0.0485129744039	-0.0016632796285	-0.0375528305974	0.0033752966794	-0.00266250867222	-0.0467196319767	0.00658551376075	0.030623220227	0.0069488154853	-0.0233777266074	-0.000390304480711	0.0106216047677	-0.0682010404526	-0.014243653784	0.0468147612755	0.00395308010716	-0.0132113915589	0.00550836632476	-0.0137297258938	-0.00111440208331	-0.00403438124327	0.0468593149255	0.0013451690658	-0.0663786686883	-0.0553009453823	0.00598303404682	-0.0290918889408	0.00251952283783	-0.0236050962569	-0.0110317258721	0.0199756942513	-0.0286005194688
k__Bacteria;p__Firmicutes;c__Clostridia;o__Clostridiales;f__Ruminococcaceae;g__Faecalibacterium;s__Faecalibacterium_prausnitzii	0.00787790798991	0.0556595629218	0.0546819349706	-0.0102430206445	0.0128892056574	0.0346956341629	-0.00597645364901	1.0	-0.00908850511445	-0.0333496805981	-0.0213040972807	-0.00926351511099	-0.00823347936367	0.0147273233472	-0.0199536891717	-0.0266297059583	0.0237617758692	0.0312394086112	0.024405615058	-0.0560820466135	0.0267784952052	-0.00465185140528	-0.0555112488166	-0.0323898943239	-0.0161672726075	0.0692460854842	0.00822534891028	0.0031795868589	0.0345924476587	-0.0258901558274	-0.017424756154	0.00255022402052	-0.132134669307	0.0108558081579	0.0217468454833	0.00891124855054	0.0322954235448	0.00640637280053	-0.0417257400122	-0.00281077318299	0.00379454370608	-0.0259035267609	0.0379980502832	0.013872977919	0.00916701999035	0.015402910335	-0.0453929389364	0.00413080689396	-0.0272459795507	0.0220570391072	-0.0386439385918	-0.00818917244858	0.0183275669627	-0.00157908674667	-0.015499846687	-0.0356681277963	-0.00972695059826	0.0523315379443	0.0254059367811
k__Bacteria;p__Bacteroidetes;c__Bacteroidia;o__Bacteroidales;f__Rikenellaceae;g__Alistipes;s__Alistipes_finegoldii	-0.00960314869489	-0.0501660567371	-0.0128110777505	0.00796661365686	0.0360653438685	-0.0688317205325	0.0594908856663	-0.00908850511445	1.0	-0.0408194853585	-0.000994108119794	-0.0628820549023	0.0591822938919	0.0114538609852	-0.00846468459424	0.0770007298545	-9.13120495899e-06	0.00964705857633	-0.00093008667057	0.0202868737695	0.0147583355073	-0.022970091148	0.039288415865	0.0161457800927	-0.0207175423943	-0.0197381979536	0.0202492469023	0.0305819769562	-0.00878503457836	0.0369925027885	-0.00106952680876	-0.0873494661685	-0.0511235759436	0.0177432542606	0.0706586958962	0.0257238026615	-0.00997426786464	0.00226609096703	0.030023644346	0.00393453346478	0.0162371187599	0.00930595037376	-0.0475005463165	-0.0169422545185	0.0128975961857	0.0157149962423	0.00497810891517	0.0187511062377	0.00242271371503	0.0216354156457	-0.029685444973	0.0133558294972	0.00167986248354	-0.0203563741267	0.0335360142198	0.0450376963557	-0.110476878158	-0.0522005485825	-0.0618106552378
k__Bacteria;p__Bacteroidetes;c__Bacteroidia;o__Bacteroidales;f__Porphyromonadaceae;g__Parabacteroides;s__Parabacteroides_distasonis	-0.0214411812558	0.0131769469998	-0.0420624696219	0.000525212096243	-0.0101488445056	-0.067181399548	-0.0135555349634	-0.0333496805981	-0.0408194853585	1.0	-0.030730388112	-0.00728865533118	-0.0252004869082	0.0273283737423	-0.0124707131611	-0.0345689506169	-0.0263496724052	-0.000489593179421	-0.0582904057767	-0.029017210054	-0.0490724365373	-0.0181488462163	-0.0356488228	-0.000346460023062	-0.0312494400582	-0.0255506706969	-0.00606991011284	-0.0317245885415	-0.0243702680696	-0.034710145542	0.0488551250921	-0.0495514934419	0.0629937259112	-0.0262061427362	-0.0551546723737	-0.0287330815807	0.0327842275848	0.050380722576	0.0453846945484	0.0317687251484	-0.0173932363814	0.0041530444819	0.0153345528658	-0.0123874995	-0.0271666289315	0.0210319161523	0.0438285999046	-0.0254778528016	0.00547978859324	0.0103412611572	0.0243176128647	-0.0551511172138	-0.0503088230472	0.0137371557612	-0.0168660900802	-0.0179682589034	0.0133303011474	0.00834650306052	0.00155809550392
k__Bacteria;p__Bacteroidetes;c__Bacteroidia;o__Bacteroidales;f__Bacteroidaceae;g__Bacteroides;s__Bacteroides_thetaiotaomicron	-0.00837450386476	-0.0179763363014	0.0159553137807	-0.019281827452	-0.00518055226193	-0.0392320256601	-0.0366459991446	-0.0213040972807	-0.000994108119795	-0.030730388112	1.0	0.0253468647546	-0.0278913530972	-0.00794646103445	0.0358242689931	-0.0469374061182	0.00125848026012	0.023575814877	0.0104273248362	0.0580920476469	0.0196995577394	0.0131909804221	0.0650116595337	-0.034575194705	-0.0128146863775	0.00621286080564	0.0268741747527	-0.0653459821864	-0.0295664560816	-0.0260813596582	0.0333484154012	0.0298193882747	-0.0257992154459	0.00569719889124	-0.013673686865	0.00153621939408	0.0230010637643	-0.041194051645	0.00973293012616	0.0110399981809	0.000670943988137	0.0346592612436	-0.0269979622213	-0.0482719626784	0.00236080443041	-0.00120781264776	0.0271138559197	-0.0207394706511	0.0134240995517	-0.0377723540583	-0.0130232343261	0.0528089761638	-0.008435415926	-0.113150704048	-0.0310300535634	-0.0129098721485	-0.0181746214784	-0.00835957902198	-0.0238646046051
k__Bacteria;p__Bacteroidetes;c__Bacteroidia;o__Bacteroidales;f__Bacteroidaceae;g__Bacteroides;s__Bacteroides_coprocola	0.0110342309392	-0.0190507913226	0.024222616194	0.0151299158904	-0.00882471318201	-0.0337946079267	0.0317197433812	-0.00926351511099	-0.0628820549023	-0.00728865533118	0.0253468647546	1.0	0.00532137865771	0.0261351175418	-0.00292176277727	0.0117688912831	0.0639924639517	-0.0358350906229	-0.0831256752796	-0.0213303381788	0.0178666683064	-0.0339463890343	-0.0122415156174	-0.0800423572015	-0.0105364846518	0.0192166359417	-0.00462181901135	0.0321406589406	-0.0177888948928	-3.53933488212e-05	0.0113084874298	-0.0270850722526	0.0142302251594	0.0416505632597	-0.033129803268	-0.064718046311	0.00930155809515	-0.0143257120755	0.0559683971854	-0.0107893699737	-0.00324231459439	0.0244723884365	-0.0209201063618	0.0143802062924	0.00851158802498	0.00510337711816	0.0230796436593	-0.0931180657801	-0.0523432448327	-0.0566387086928	-0.00695259719352	0.00098000435733	-0.00257727477888	-0.00116976634278	-0.0118119509571	-0.027554782074	-0.0916368900925	-0.00925446614962	0.045289195576
k__Bacteria;p__Bacteroidetes;c__Bacteroidia;o__Bacteroidales;f__Bacteroidaceae;g__Bacteroides;s__Bacteroides_cellulosilyticus	0.00276383331724	-0.0664583488815	-0.0502405920368	-0.0231241980168	-0.0279278256936	0.0358020115279	-0.0416995318481	-0.00823347936367	0.0591822938919	-0.0252004869082	-0.0278913530972	0.00532137865771	1.0	-0.0584372868323	-0.0360211478856	0.0080024679684	-0.0123899728087	-0.00938340895331	-0.024416557214	-0.0376341454945	-0.0284816413922	-0.00906768053859	0.0480101528072	0.0186967422579	0.0028358939737	-0.043833668425	-0.0248884988619	-0.00409191635186	-0.0103493095205	0.00138752381458	0.0310505091169	-0.00914190153148	-0.0403624890896	0.0638609828811	-0.0310949143913	-0.0152103328821	-0.0372811684155	0.055780980194	-0.0096454582468	-0.0541112780126	-0.0422650235064	0.0362095026409	-0.00183239896053	-0.0141748958397	0.019790804624	-0.00910261969408	-0.0127903236981	-0.0162450718475	-0.0188257259054	-0.0037962701713	-0.0167901247704	-0.0235661092959	-0.0246324159036	-0.0389905763807	0.00436186869562	0.00671501586763	-0.014258566921	-0.0157104431333	-0.025668917872
k__Bacteria;p__Bacteroidetes;c__Bacteroidia;o__Bacteroidales;f__Rikenellaceae;g__Alistipes;s__Alistipes_obesi	-0.0534093432036	-0.0311001907833	-0.00852606752809	0.0116713766183	-0.025011173899	0.0161680134779	0.063713586757	0.0147273233472	0.0114538609852	0.0273283737423	-0.00794646103445	0.0261351175418	-0.0584372868323	1.0	-0.00823475280906	-0.00822397944403	0.00940666148382	0.0278305335813	-0.0092622598076	0.0203998981709	-0.0260914774288	-0.0254072018521	-0.0228613149583	-0.00202641985818	-0.00704869168978	0.0255846305632	0.0036388219992	0.0340275234512	0.0512041984945	-0.0542228617599	0.00154797273502	-0.0354674380134	-0.0603173537956	-0.0476129491264	-0.00665545761546	-0.00891973320792	0.0338682003298	-0.0376687806122	-0.00201594883966	0.0287604281481	0.0336226607607	-0.048609982484	0.00401530325579	0.0536692309388	0.0239419309828	-0.0377172981629	-0.00208165683149	-0.0492296873999	-0.0596727446805	-0.018838717792	-0.00798135431974	-0.0476283405683	-0.00872997517607	0.00409628705506	0.00349237138403	0.0164182339126	0.0647169716725	0.0263246531642	-0.0512839087223
k__Bacteria;p__Firmicutes;c__Clostridia;o__Clostridiales;f__Lachnospiraceae;g__;s__[Eubacterium]_rectale	-0.0140466042351	-0.0265709087201	0.0361573470475	-0.00774016449527	-0.00497989655648	-0.00370675034544	-0.0392973383627	-0.0199536891717	-0.00846468459424	-0.0124707131611	0.0358242689931	-0.00292176277727	-0.0360211478856	-0.00823475280906	1.0	0.0301392349022	0.00932489070983	-0.0707325160691	-0.0519603766576	-0.00601356389955	-0.00123262938069	-0.0159590797431	0.0417150930816	-0.0689644731244	0.0183048508045	-0.0431226322087	0.0150497512198	0.0645536849568	0.00700952061005	-0.00439563992776	-0.00447384864162	-0.00428505870752	0.0107327235196	0.0182992029437	0.00301606695661	0.0252946294933	-0.0140115096126	0.0198017365057	0.00136972067012	0.0110651718684	-0.0454944094533	-0.0105885200502	-0.0607666941051	0.0294720289219	-0.0558650465189	0.0272396980673	-0.00515046978114	0.00949981260454	0.0264740313849	0.00250300609821	-0.0517999861675	0.0167798243645	-0.0215375884328	-0.0426302626353	-0.028778006598	-0.0496275175562	-0.0422891401567	0.0819644643103	-0.0495850603332
k__Bacteria;p__Bacteroidetes;c__Bacteroidia;o__Bacteroidales;f__Bacteroidaceae;g__Bacteroides;s__Bacteroides_plebeius	-0.0265262964235	-0.0255886051014	-0.0273835293812	-0.00765732212551	0.0452966640662	-0.0837471203917	-0.035639914092	-0.0266297059583	0.0770007298545	-0.0345689506169	-0.0469374061182	0.0117688912831	0.0080024679684	-0.00822397944403	0.0301392349022	1.0	-0.0291969739389	-0.00654356490731	0.0229723280834	-0.030135679325	-0.0246932485417	-0.0247988369124	-0.0177963003028	-0.0497890665751	-0.000576512696617	0.0332648386746	0.00580956584293	0.0299311819612	0.0161610900627	-0.0314938762613	-0.0421999034594	0.0321559182814	-0.00394881594187	0.0119047784135	-0.0208412630187	-0.0620149561897	-0.0561880148998	-0.0149393145127	0.00585409064541	0.0214086120711	-0.0581345861327	0.00229469138693	0.0321344922466	0.0309223594816	-0.0223235014299	-0.0760998933865	0.0349484362526	0.0648154132572	-0.0267021118988	0.116575954379	-0.00339204468081	0.0334561292149	-0.0329401782888	0.0335169209289	0.00449089590506	-0.000824949141666	-0.0372792948944	0.0364330911834	-0.000490706032913
k__Bacteria;p__Bacteroidetes;c__Bacteroidia;o__Bacteroidales;f__Bacteroidaceae;g__Bacteroides;s__Bacteroides_fragilis	0.0123181162935	-0.0205149319556	-0.00585384506884	0.00506959236317	0.0114696760045	0.0104441879163	0.0330541144736	0.0237617758692	-9.13120495899e-06	-0.0263496724052	0.00125848026012	0.0639924639517	-0.0123899728087	0.00940666148382	0.00932489070983	-0.0291969739389	1.0	-0.0348306286191	-0.0240872354782	0.0235846788579	-0.0231336046785	-0.000836737334568	-0.0119724633128	0.0630871896806	-0.0737021048497	0.0476230533876	0.0230013904946	-0.0600494321212	0.0440511456331	-0.0152465795059	-0.0390961038887	0.0148495214589	-0.0780163510909	-0.0510342281626	-0.0317801836598	-0.0107671421826	0.0312709203874	0.0327866966842	-0.0112455367085	-0.0365657879731	0.0196374307314	0.0867052981542	-0.0575403665968	-0.0815370267978	-0.00900117707602	-0.0310555531992	-0.0535429080664	0.0095782166347	-0.00869569599263	-0.0375777517519	0.0015786508388	0.0227775170614	0.040803659001	-0.0217804255564	-0.0376344382839	-0.02321073073	0.0361029444147	-0.00234877278659	-0.0202034897017
k__Bacteria;p__Proteobacteria;c__Betaproteobacteria;o__Burkholderiales;f__Sutterellaceae;g__Sutterella;s__Sutterella_wadsworthensis	-0.0166106742892	-0.0198327859431	-0.0269931190404	-0.0262080670391	0.00775173698626	0.0323772235946	0.0181087978314	0.0312394086112	0.00964705857633	-0.000489593179421	0.023575814877	-0.0358350906229	-0.00938340895331	0.0278305335813	-0.0707325160691	-0.00654356490731	-0.0348306286191	1.0	0.0168919930061	0.0132868734798	-0.0182872770926	0.00368922361029	0.0558385447362	0.00157121717187	0.0424689044262	-0.0595805727052	0.00426653679528	-0.0643868225904	-0.00916688525035	-0.0415367777942	0.0483988836126	0.03798722227	0.01929427523	-0.0382646368641	0.0703009266833	-0.0168011211875	-0.000967542436617	0.0450316423891	-0.00976677793868	0.0202092249233	-0.000778019270646	0.0242100760741	0.0262275232705	-0.0136006086859	-0.0623408247211	0.0349703790724	-0.020596030343	0.0428091518441	0.0159706725299	0.00891152520792	-0.0433028005763	0.0059785198702	0.00129318339678	0.0119804745751	0.0360027372012	-0.00683901156147	-0.00342867871225	-0.0262140339645	0.012453087496
k__Bacteria;p__Bacteroidetes;c__Bacteroidia;o__Bacteroidales;f__Porphyromonadaceae;g__Barnesiella;s__Barnesiella_intestinihominis	-0.0439251906058	-0.00968386033718	-0.00560767970436	0.00928966951997	0.03930892467	-0.0531034807067	0.0080291922164	0.024405615058	-0.00093008667057	-0.0582904057767	0.0104273248362	-0.0831256752796	-0.024416557214	-0.0092622598076	-0.0519603766576	0.0229723280834	-0.0240872354782	0.0168919930061	1.0	-0.034008635733	0.00427521359393	-0.0101412902165	-0.0104468161628	-0.0730859254643	0.00789647331548	0.0384281966017	-0.0867800701855	-0.0214354997061	0.0403593338416	-0.0177226661812	0.00289709940518	0.0057083654704	-0.0198374711954	-0.00411535104759	-0.0199179192807	0.0386942124963	0.0413501836661	0.0497620331874	0.0112129082185	-0.0880243368586	-0.0089878475032	-0.0249177841279	-0.0179217925881	0.0270844898385	0.0134370479744	-0.00124291332129	0.00753194234605	-0.0411381898853	-0.037173655155	-0.0275712789121	0.00612839117096	-0.0172483850054	-0.0195202127499	-0.0229941110418	-0.018792642681	0.0422162215063	-0.0109430640632	-0.0240412288372	-0.0348693173751
k__Bacteria;p__Bacteroidetes;c__Bacteroidia;o__Bacteroidales;f__Odoribacteraceae;g__Odoribacter;s__Odoribacter_splanchnicus	-0.0100023467068	0.000512729790429	0.0658767759212	-0.0235419457544	-0.00334634220016	-0.0623622372554	-0.0253117331096	-0.0560820466135	0.0202868737695	-0.029017210054	0.0580920476469	-0.0213303381788	-0.0376341454945	0.0203998981709	-0.00601356389955	-0.030135679325	0.0235846788579	0.0132868734798	-0.034008635733	1.0	0.0167398066237	0.0870815514657	0.0101437834432	-0.0190147277743	0.0431589315608	-0.0845890432445	-0.00380000779742	0.0012538352188	0.0279660239225	-0.0401729008459	0.00290104227378	-0.0184426646758	0.0762964037267	-0.0397818890391	-0.0367995487406	0.0490766117246	0.0102053059095	0.00440229761533	-0.00640650710589	-0.0229595632218	0.0250420592464	-0.00158544900226	-0.0535364794453	-0.0224209164242	0.0712431540004	0.0304733214145	-0.0348257347705	0.0187510719694	-0.00298829252631	-0.0109947306569	0.00962186220688	-0.0587132732746	-0.0130668441219	-0.029288965188	-0.0735342877651	0.0187425891125	0.039306354481	-3.13861740556e-08	0.00715668015831
k__Bacteria;p__Bacteroidetes;c__Bacteroidia;o__Bacteroidales;f__Bacteroidaceae;g__Bacteroides;s__Bacteroides_salyersiae	0.0412418246143	-0.0529481512022	-0.0334854460484	0.0296676802536	0.0107458695534	0.0645924723646	-0.0233642029522	0.0267784952052	0.0147583355073	-0.0490724365373	0.0196995577394	0.0178666683064	-0.0284816413922	-0.0260914774288	-0.00123262938069	-0.0246932485417	-0.0231336046785	-0.0182872770926	0.00427521359393	0.0167398066237	1.0	-0.0159893591055	-0.0432722279635	-0.0288637439065	0.00466205755147	0.0259925826698	-0.00122414236581	-0.0275687320376	0.0569995660273	-0.00471405750277	0.0125347053637	-0.00956628334773	0.0148755748465	-0.044022426398	0.0426862071793	-0.0491651720851	-0.0442512495055	-0.00582735292229	-0.0530168779632	0.0205071691369	-0.0385154247874	0.0248034073817	0.0941952738702	-0.014463849551	-0.0577797486315	-0.0494618861544	-0.0355538838134	0.041505996709	-0.0925902449225	-0.0505360255397	-0.0102103536742	-0.0203141737178	0.00953175567347	0.00192441266827	-0.0903888785932	0.0315735860729	0.0195471637454	-0.0299234081907	-0.0298634884
k__Bacteria;p__Firmicutes;c__Clostridia;o__Clostridiales;f__Ruminococcaceae;g__Ruminiclostridium;s__[Eubacterium]_siraeum	-0.0655718501795	0.0130600815584	-0.00524871830806	0.0210286320746	-0.00548984240616	-0.0136638309939	0.0680766545567	-0.00465185140528	-0.022970091148	-0.0181488462163	0.0131909804221	-0.0339463890343	-0.00906768053859	-0.0254072018521	-0.0159590797431	-0.0247988369124	-0.000836737334568	0.00368922361029	-0.0101412902165	0.0870815514657	-0.0159893591055	1.0	-0.00428660094355	0.0167153603172	0.0410152677391	-0.00995468967866	-0.0189604904877	-0.00221622489622	0.00532298774183	-0.0455949865156	-0.024815003005	-0.00182692682953	-0.0324256028763	0.0435702914946	-0.0203562974274	-0.0312868658116	-0.0567949353941	-0.0371865526141	-0.0340232473208	-0.0165552704304	0.0163712503416	-0.0442993567433	-0.0289066784522	-0.0974690925866	0.00505274192772	-0.0135019520884	-0.00477192632831	0.0883287628567	-0.0271723153507	-0.00854529345497	-0.00419768264564	-0.0656407481076	0.00204097709705	-0.0136069151639	0.0290570350985	-0.0121688366504	0.00700861055289	-0.0414298441647	-0.0304129472285
k__Bacteria;p__Proteobacteria;c__Betaproteobacteria;o__Burkholderiales;f__Sutterellaceae;g__Parasutterella;s__Parasutterella_excrementihominis	-0.0129201152512	-0.00897559959694	-0.0377905408385	-0.00627038662718	0.0194040917617	0.00128593017351	0.0110047651136	-0.0555112488166	0.039288415865	-0.0356488228	0.0650116595337	-0.0122415156174	0.0480101528072	-0.0228613149583	0.0417150930816	-0.0177963003028	-0.0119724633128	0.0558385447362	-0.0104468161628	0.0101437834432	-0.0432722279635	-0.00428660094355	1.0	0.0283774031086	-0.0626980956747	0.0430798982236	0.0290052537146	-0.0226297385607	0.012909577859	0.00398752218289	-0.0493877627129	-0.0176759100431	-0.00293889003115	-0.0211231691701	-0.0108566747131	-0.011101964917	0.038470682066	-0.0078176718166	-0.0296475982729	0.0288417031855	-0.0146453474398	0.0117874094739	-0.0073736111151	-0.0158365465372	-0.0185061020088	-0.0382999043275	-0.0344117618717	-0.0504251400896	-0.0370177391607	-0.0398471960433	-0.000196901972321	-0.013447432341	0.00782381860472	8.78411481827e-05	0.076221284704	-0.0441227837839	0.0634879651493	0.0119159889289	-0.0199682911954
k__Bacteria;p__Actinobacteria;c__Actinobacteria;o__Bifidobacteriales;f__Bifidobacteriaceae;g__Bifidobacterium;s__Bifidobacterium_adolescentis	-0.023085258228	-0.0822079416699	0.0079961466622	-0.0217419144716	-0.0436998727308	0.0120228537573	0.0823123706638	-0.0323898943239	0.0161457800927	-0.000346460023062	-0.034575194705	-0.0800423572015	0.0186967422579	-0.00202641985818	-0.0689644731244	-0.0497890665751	0.0630871896806	0.00157121717187	-0.0730859254643	-0.0190147277743	-0.0288637439065	0.0167153603172	0.0283774031086	1.0	-0.00377361103356	-0.0058855558	0.0765910665094	0.0115745427221	-0.0116444544502	-0.0453165923052	-0.116925216486	-0.0133393331441	-0.0522932559945	0.0166322554683	-0.0169159037361	0.0144347467058	0.0118225235444	0.000111822551426	-0.0436514394346	-0.0360487897818	0.0643946242151	0.0186640667688	-0.000470758875838	0.0077266667459	0.0245656924907	0.0302762672116	0.0243096458734	-0.0165110524963	0.0444506341074	-0.0586798780385	-0.0433633821343	-0.0818572267672	-0.0783011735555	-0.0454990462935	-0.0183237426825	0.0211038391586	-0.0142491745047	0.0344159445619	-0.0214867213719
k__Bacteria;p__Firmicutes;c__Clostridia;o__Clostridiales;f__Oscillospiraceae;g__Oscillibacter;s__Oscillibacter_sp._KLE_1745	-0.0773074250054	0.0437417786657	-0.034281205105	0.0229447156677	0.0381797366235	0.0347289227891	0.00581606111433	-0.0161672726075	-0.0207175423943	-0.0312494400582	-0.0128146863775	-0.0105364846518	0.0028358939737	-0.00704869168978	0.0183048508045	-0.000576512696617	-0.0737021048497	0.0424689044262	0.00789647331548	0.0431589315608	0.00466205755147	0.0410152677391	-0.0626980956747	-0.00377361103356	1.0	-0.040886367363	0.0136309120899	0.0392183200312	-0.0351197104307	0.027254447167	-0.0537746133917	0.0174714017474	-0.027578845253	-0.0445447240736	-0.00231632641719	-0.0328759006778	-0.0564429609447	-0.0011833126859	0.0102187177608	0.0321625815316	-0.0137151205135	-0.0387191267752	0.0622822113281	-0.0403388731851	0.0166289325654	-0.0039526412039	-0.00782042883625	0.053409019723	-0.0166668879893	0.0041869937345	-0.0225407041649	0.0415054533815	0.00865505392859	-0.00422780084851	-0.0380781408758	-0.0312923931216	0.0657429692119	0.0128591795594	0.0522594165814
k__Bacteria;p__Bacteroidetes;c__Bacteroidia;o__Bacteroidales;f__Bacteroidaceae;g__Bacteroides;s__Bacteroides_coprophilus	-0.000833651306919	-0.0378966672509	-0.00761611601739	0.0142064886671	-0.00865972169576	0.0382838463242	-0.0489405669497	0.0692460854842	-0.0197381979536	-0.0255506706969	0.00621286080564	0.0192166359417	-0.043833668425	0.0255846305632	-0.0431226322087	0.0332648386746	0.0476230533876	-0.0595805727052	0.0384281966017	-0.0845890432445	0.0259925826698	-0.00995468967866	0.0430798982236	-0.0058855558	-0.040886367363	1.0	0.00665454556863	-0.0401075516749	0.00902973069077	0.0370058231746	-0.0437792469866	-0.0475156294524	-0.026450645205	-0.0156826113106	-0.0311168342032	0.0564540358692	0.0484320041989	-0.00420031753128	-0.0527078811956	0.0438433723543	-0.0495217667764	-0.0250983922673	-0.0703970375399	-0.0144117611807	-0.0207075471763	-0.0397141930324	-0.0654897481473	0.0126028609353	0.0186256148717	0.0608540301345	0.027923274889	-0.00548887804396	-0.0122668065572	0.0271456652757	-0.0804764976298	-0.0555192912569	0.0246517810786	-0.00733377014625	0.0264266964028
k__Bacteria;p__Firmicutes;c__Clostridia;o__Clostridiales;f__Lachnospiraceae;g__Roseburia;s__Roseburia_intestinalis	-0.00346033324065	-0.000507034711817	-0.0070877077801	-0.0183344928527	0.0157651323437	-0.0482700027272	-0.0426256247467	0.00822534891028	0.0202492469023	-0.00606991011284	0.0268741747527	-0.00462181901135	-0.0248884988619	0.0036388219992	0.0150497512198	0.00580956584293	0.0230013904946	0.00426653679528	-0.0867800701855	-0.00380000779742	-0.00122414236581	-0.0189604904877	0.0290052537146	0.0765910665094	0.0136309120899	0.00665454556863	1.0	-0.0205246535206	-0.00400954011934	-0.0265123873614	-0.0753205119791	-0.0567744759471	-0.0474872759924	-0.00545190378681	0.0314035148249	-0.0709396824554	-0.000938526566568	0.00380338533974	-0.0220568951303	-0.0238796579115	-0.0284944192481	-0.00240028559855	0.0305974962698	-0.0078024064939	-0.0401413481837	-0.0108650217213	0.0499152544283	0.0249476657782	-0.0140381279624	-0.0194797964113	0.0819914908746	0.0131044770811	-0.0318544699943	-0.00855603406474	-0.0223109326935	0.0014384753299	-0.0161709118616	-0.00163074184129	-0.0597861105527
k__Bacteria;p__Firmicutes;c__Clostridia;o__Clostridiales;f__Lachnospiraceae;g__Roseburia;s__Roseburia_hominis	-0.0660056334722	-0.0235414391892	0.0256714781567	-0.0139129881618	-0.000144176817804	0.00886815454558	0.0485129744039	0.0031795868589	0.0305819769562	-0.0317245885415	-0.0653459821864	0.0321406589406	-0.00409191635186	0.0340275234512	0.0645536849568	0.0299311819612	-0.0600494321212	-0.0643868225904	-0.0214354997061	0.0012538352188	-0.0275687320376	-0.00221622489622	-0.0226297385607	0.0115745427221	0.0392183200312	-0.0401075516749	-0.0205246535206	1.0	0.0461632328015	-0.0089123884818	-0.00978552329667	-0.0175580289211	-0.0478797970829	0.00574994610147	-0.0139010560203	0.0107242595675	-0.0447887894856	0.0413901700792	-0.0286662030519	-0.0658777959653	0.00127903019544	0.0285291818396	0.0589807458362	0.0424551015218	-0.00984259623243	-0.0565676522474	0.0190340581994	-0.0221297036555	-0.0386917207869	0.00579618338505	0.0440244959478	0.039989851077	-0.0391100793451	-0.0386491936537	0.0186212774431	-0.0212825525274	-0.018947791846	-0.00743655208953	-0.00144210317771
k__Bacteria;p__Bacteroidetes;c__Bacteroidia;o__Bacteroidales;f__Porphyromonadaceae;g__Parabacteroides;s__Parabacteroides_johnsonii	-0.0306001989329	-0.00831240752242	-0.0182823907948	0.0130936350532	-0.040419719222	-0.0268730872245	-0.0016632796285	0.0345924476587	-0.00878503457836	-0.0243702680696	-0.0295664560816	-0.0177888948928	-0.0103493095205	0.0512041984945	0.00700952061005	0.0161610900627	0.0440511456331	-0.00916688525035	0.0403593338416	0.0279660239225	0.0569995660273	0.00532298774183	0.012909577859	-0.0116444544502	-0.0351197104307	0.00902973069077	-0.00400954011934	0.0461632328015	1.0	-0.044712543713	0.0133216781473	-0.0683442902978	0.015293501325	0.0435344450674	-0.0270524201599	-0.0337674065324	0.0135220895778	-0.0104970857668	0.00592075013778	-0.0424541618341	0.00902441282133	0.00322467554992	-0.0202984803208	-0.0466396883795	-0.0475171016423	-0.0525744745453	-0.0138363888539	-0.0181078269596	0.000206433032194	0.00404552997721	-0.00579986982469	-0.0246953410494	0.0367377295495	-0.035823910483	-0.00542155261437	-0.0260173240244	0.0303345873495	-0.0196616839478	-0.0299554742485
k__Bacteria;p__Actinobacteria;c__Actinobacteria;o__Bifidobacteriales;f__Bifidobacteriaceae;g__Bifidobacterium;s__Bifidobacterium_longum	0.0312404612392	-0.0151176087547	0.0281863232517	-0.02812386049	-0.027671561913	0.0045964955079	-0.0375528305974	-0.0258901558274	0.0369925027885	-0.034710145542	-0.0260813596582	-3.53933488212e-05	0.00138752381458	-0.0542228617599	-0.00439563992776	-0.0314938762613	-0.0152465795059	-0.0415367777942	-0.0177226661812	-0.0401729008459	-0.00471405750277	-0.0455949865156	0.00398752218289	-0.0453165923052	0.027254447167	0.0370058231746	-0.0265123873614	-0.0089123884818	-0.044712543713	1.0	0.0127908562696	1.83566800558e-05	0.0519044294298	0.0239797944957	0.0190429305308	0.0013635759398	0.000284157448949	0.00121349298898	0.0205654240076	-0.0446668982724	-0.0755320187042	-0.0126093228875	-0.0228670489317	-0.00982923819414	-0.0291114928774	-0.0111134578301	0.0208828632017	0.00181915515537	-0.00374577113012	-0.0312934754293	0.0361895165172	0.00890824829401	0.038234922043	0.015654445012	-0.0077073289945	0.0426208515713	0.00875764990698	-0.0728814216554	-0.0150859742585
