#taxonomy	k__Bacteria;p__Bacteroidetes;c__Bacteroidia;o__Bacteroidales;f__Bacteroidaceae;g__Bacteroides;s__Bacteroides_vulgatus	k__Bacteria;p__Bacteroidetes;c__Bacteroidia;o__Bacteroidales;f__Bacteroidaceae;g__Bacteroides;s__Bacteroides_uniformis	k__Bacteria;p__Bacteroidetes;c__Bacteroidia;o__Bacteroidales;f__Rikenellaceae;g__Alistipes;s__Alistipes_putredinis	k__Bacteria;p__Bacteroidetes;c__Bacteroidia;o__Bacteroidales;f__Prevotellaceae;g__Prevotella;s__Prevotella_copri	k__Bacteria;p__Bacteroidetes;c__Bacteroidia;o__Bacteroidales;f__Bacteroidaceae;g__Bacteroides;s__Bacteroides_stercoris	k__Bacteria;p__Bacteroidetes;c__Bacteroidia;o__Bacteroidales;f__Bacteroidaceae;g__Bacteroides;s__Bacteroides_ovatus	k__Bacteria;p__Bacteroidetes;c__Bacteroidia;o__Bacteroidales;f__Rikenellaceae;g__Alistipes;s__Alistipes_shahii	k__Bacteria;p__Firmicutes;c__Clostridia;o__Clostridiales;f__Ruminococcaceae;g__Faecalibacterium;s__Faecalibacterium_prausnitzii	k__Bacteria;p__Bacteroidetes;c__Bacteroidia;o__Bacteroidales;f__Rikenellaceae;g__Alistipes;s__Alistipes_finegoldii	k__Bacteria;p__Bacteroidetes;c__Bacteroidia;o__Bacteroidales;f__Porphyromonadaceae;g__Parabacteroides;s__Parabacteroides_distasonis	k__Bacteria;p__Bacteroidetes;c__Bacteroidia;o__Bacteroidales;f__Bacteroidaceae;g__Bacteroides;s__Bacteroides_thetaiotaomicron	k__Bacteria;p__Bacteroidetes;c__Bacteroidia;o__Bacteroidales;f__Bacteroidaceae;g__Bacteroides;s__Bacteroides_coprocola	k__Bacteria;p__Bacteroidetes;c__Bacteroidia;o__Bacteroidales;f__Bacteroidaceae;g__Bacteroides;s__Bacteroides_cellulosilyticus	k__Bacteria;p__Bacteroidetes;c__Bacteroidia;o__Bacteroidales;f__Rikenellaceae;g__Alistipes;s__Alistipes_obesi	k__Bacteria;p__Firmicutes;c__Clostridia;o__Clostridiales;f__Lachnospiraceae;g__;s__[Eubacterium]_rectale	k__Bacteria;p__Bacteroidetes;c__Bacteroidia;o__Bacteroidales;f__Bacteroidaceae;g__Bacteroides;s__Bacteroides_plebeius	k__Bacteria;p__Bacteroidetes;c__Bacteroidia;o__Bacteroidales;f__Bacteroidaceae;g__Bacteroides;s__Bacteroides_fragilis	k__Bacteria;p__Proteobacteria;c__Betaproteobacteria;o__Burkholderiales;f__Sutterellaceae;g__Sutterella;s__Sutterella_wadsworthensis	k__Bacteria;p__Bacteroidetes;c__Bacteroidia;o__Bacteroidales;f__Porphyromonadaceae;g__Barnesiella;s__Barnesiella_intestinihominis	k__Bacteria;p__Bacteroidetes;c__Bacteroidia;o__Bacteroidales;f__Odoribacteraceae;g__Odoribacter;s__Odoribacter_splanchnicus	k__Bacteria;p__Bacteroidetes;c__Bacteroidia;o__Bacteroidales;f__Bacteroidaceae;g__Bacteroides;s__Bacteroides_salyersiae	k__Bacteria;p__Firmicutes;c__Clostridia;o__Clostridiales;f__Ruminococcaceae;g__Ruminiclostridium;s__[Eubacterium]_siraeum	k__Bacteria;p__Proteobacteria;c__Betaproteobacteria;o__Burkholderiales;f__Sutterellaceae;g__Parasutterella;s__Parasutterella_excrementihominis	k__Bacteria;p__Actinobacteria;c__Actinobacteria;o__Bifidobacteriales;f__Bifidobacteriaceae;g__Bifidobacterium;s__Bifidobacterium_adolescentis	k__Bacteria;p__Firmicutes;c__Clostridia;o__Clostridiales;f__Oscillospiraceae;g__Oscillibacter;s__Oscillibacter_sp._KLE_1745	k__Bacteria;p__Bacteroidetes;c__Bacteroidia;o__Bacteroidales;f__Bacteroidaceae;g__Bacteroides;s__Bacteroides_coprophilus	k__Bacteria;p__Firmicutes;c__Clostridia;o__Clostridiales;f__Lachnospiraceae;g__Roseburia;s__Roseburia_intestinalis	k__Bacteria;p__Firmicutes;c__Clostridia;o__Clostridiales;f__Lachnospiraceae;g__Roseburia;s__Roseburia_hominis	k__Bacteria;p__Bacteroidetes;c__Bacteroidia;o__Bacteroidales;f__Porphyromonadaceae;g__Parabacteroides;s__Parabacteroides_johnsonii	k__Bacteria;p__Actinobacteria;c__Actinobacteria;o__Bifidobacteriales;f__Bifidobacteriaceae;g__Bifidobacterium;s__Bifidobacterium_longum	k__Bacteria;p__Firmicutes;c__Clostridia;o__Clostridiales;f__;g__Flavonifractor;s__Flavonifractor_plautii	k__Bacteria;p__Firmicutes;c__Clostridia;o__Clostridiales;f__Clostridiaceae;g__Clostridium;s__Clostridium_phoceensis	k__Bacteria;p__Verrucomicrobia;c__Verrucomicrobiae;o__Verrucomicrobiales;f__Akkermansiaceae;g__Akkermansia;s__Akkermansia_muciniphila	k__Bacteria;p__Bacteroidetes;c__Bacteroidia;o__Bacteroidales;f__Prevotellaceae;g__Paraprevotella;s__Paraprevotella_xylaniphila	k__Bacteria;p__Firmicutes;c__Clostridia;o__Clostridiales;f__Ruminococcaceae;g__Ruminococcus;s__Ruminococcus_callidus	k__Bacteria;p__Bacteroidetes;c__Bacteroidia;o__Bacteroidales;f__Rikenellaceae;g__Alistipes;s__Alistipes_senegalensis	k__Bacteria;p__Firmicutes;c__Clostridia;o__Clostridiales;f__Lachnospiraceae;g__Blautia;s__Blautia_sp._KLE_1732	k__Bacteria;p__Bacteroidetes;c__Bacteroidia;o__Bacteroidales;f__Bacteroidaceae;g__Bacteroides;s__Bacteroides_oleiciplenus	k__Bacteria;p__Firmicutes;c__Clostridia;o__Clostridiales;f__Ruminococcaceae;g__Ruminococcus;s__Ruminococcus_bicirculans	k__Bacteria;p__Bacteroidetes;c__Bacteroidia;o__Bacteroidales;f__Bacteroidaceae;g__Bacteroides;s__Bacteroides_fluxus	k__Bacteria;p__Bacteroidetes;c__Bacteroidia;o__Bacteroidales;f__Prevotellaceae;g__Prevotella;s__Prevotella_stercorea	k__Bacteria;p__Firmicutes;c__Clostridia;o__Clostridiales;f__Lachnospiraceae;g__Dorea;s__Dorea_longicatena	k__Bacteria;p__Firmicutes;c__Clostridia;o__Clostridiales;f__Eubacteriaceae;g__Eubacterium;s__[Eubacterium]_eligens	k__Bacteria;p__Firmicutes;c__Clostridia;o__Clostridiales;f__Ruminococcaceae;g__;s__Ruminococcaceae_bacterium_D16	k__Bacteria;p__Firmicutes;c__Clostridia;o__Clostridiales;f__Lachnospiraceae;g__Coprococcus;s__Coprococcus_comes	k__Bacteria;p__Proteobacteria;c__Gammaproteobacteria;o__Enterobacterales;f__Enterobacteriaceae;g__Escherichia;s__Escherichia_coli	k__Bacteria;p__Firmicutes;c__Clostridia;o__Clostridiales;f__Ruminococcaceae;g__Anaerotruncus;s__Anaerotruncus_colihominis	k__Bacteria;p__Firmicutes;c__Clostridia;o__Clostridiales;f__Lachnospiraceae;g__Blautia;s__Blautia_obeum	k__Bacteria;p__Bacteroidetes;c__Bacteroidia;o__Bacteroidales;f__Odoribacteraceae;g__Odoribacter;s__Odoribacter_laneus	k__Bacteria;p__Firmicutes;c__Clostridia;o__Clostridiales;f__Ruminococcaceae;g__Ruminiclostridium;s__[Clostridium]_leptum	k__Bacteria;p__Bacteroidetes;c__Bacteroidia;o__Bacteroidales;f__Porphyromonadaceae;g__Parabacteroides;s__Parabacteroides_goldsteinii	k__Bacteria;p__Firmicutes;c__Clostridia;o__Clostridiales;f__Lachnospiraceae;g__Anaerostipes;s__Anaerostipes_hadrus	k__Bacteria;p__Firmicutes;c__Clostridia;o__Clostridiales;f__Ruminococcaceae;g__Ruminococcus;s__Ruminococcus_lactaris	k__Bacteria;p__Firmicutes;c__Clostridia;o__Clostridiales;f__Clostridiaceae;g__Clostridium;s__Clostridium_sp._L2-50	k__Bacteria;p__Firmicutes;c__Clostridia;o__Clostridiales;f__Clostridiaceae;g__Clostridium;s__Clostridium_sp._M62/1	k__Bacteria;p__Firmicutes;c__Clostridia;o__Clostridiales;f__;g__Intestinimonas;s__Intestinimonas_butyriciproducens	k__Bacteria;p__Actinobacteria;c__Actinobacteria;o__Bifidobacteriales;f__Bifidobacteriaceae;g__Bifidobacterium;s__Bifidobacterium_bifidum	k__Bacteria;p__Firmicutes;c__Negativicutes;o__Veillonellales;f__Veillonellaceae;g__Dialister;s__Dialister_invisus	k__Bacteria;p__Bacteroidetes;c__Bacteroidia;o__Bacteroidales;f__Bacteroidaceae;g__Bacteroides;s__Bacteroides_salanitronis
k__Bacteria;p__Bacteroidetes;c__Bacteroidia;o__Bacteroidales;f__Bacteroidaceae;g__Bacteroides;s__Bacteroides_vulgatus	1.0	0.0430618431744	-0.0249560064458	-0.0570761333392	0.00893929809382	-0.0540712549192	0.0209098781383	0.0159109659576	0.03691447624	-0.00222881684938	0.0677924991797	-0.0238717511464	0.0185918250169	-0.0122596289889	-0.0180224331458	-0.0208947045745	0.0261504254346	-0.00465050302067	-0.0229561880304	0.0172100027123	-0.0220613252114	-0.0620089829645	-0.00977682121541	-0.0185970318937	0.0108256742758	0.0112690602792	0.0375027431769	0.0359050669096	-0.0209782179629	0.0244809343457	0.0364604353264	-0.0487156659794	-0.0339553321649	-0.0344313525392	0.00845000962837	-0.0405840000652	-0.0363071361527	-0.0454727091198	-0.0597985510556	0.0115481604931	0.0249193884903	-0.00426867850497	-0.0508220343576	-0.0853087589135	-0.0648396345207	0.0434932776963	-0.0446340898071	-0.0361124388172	0.00905790003802	0.0198015864023	0.0485038960276	0.0386103079766	-0.0165154451376	-0.0826180957751	-0.00578871222337	-0.0442865298859	-0.0131169450746	0.00691279070409	-0.0257683956337
k__Bacteria;p__Bacteroidetes;c__Bacteroidia;o__Bacteroidales;f__Bacteroidaceae;g__Bacteroides;s__Bacteroides_uniformis	0.0430618431744	1.0	-0.0417140897639	-0.0299023234243	-0.0381254233192	-0.0101955192448	0.0314156784933	-0.047875567245	-0.0166500500974	-0.0475581355716	-0.0638607024774	0.0450182185611	-0.0381172316783	-0.0179664293672	-0.0134261051935	0.00183830384772	-0.0381163634306	0.0150476304441	-0.0205315899153	0.00698890152473	0.0384131147305	-0.0352140858059	-0.075129298176	0.0314585946418	-0.0173230758944	-0.0110469781073	-0.0169465976348	0.0520267543873	-0.0148323774119	0.0346776085748	0.0246410598908	-0.0319272521003	-0.0393159168987	-0.0199542638374	-0.0326599492201	-0.0224843740348	-0.0256604499241	-0.0329832896394	-0.0438581271884	0.0266037015855	0.00261941553358	-0.0206944688876	0.0514968582399	0.0186026790684	-0.0376997277087	-0.0527029645498	0.062967234632	0.0365600202441	-0.0182339696829	0.0219784927256	0.0216385290304	-0.0851633974147	-0.00543946856406	0.0206030981318	-0.0555987993983	-0.035283288824	0.00404135686183	-0.0227276720229	-0.000983258369907
k__Bacteria;p__Bacteroidetes;c__Bacteroidia;o__Bacteroidales;f__Rikenellaceae;g__Alistipes;s__Alistipes_putredinis	-0.0249560064458	-0.0417140897639	1.0	0.0192177525421	0.0332793572655	-0.00171257511777	-0.0321891436483	0.0784848439238	0.0120280944806	-0.00892333345936	-0.0176571239209	0.0368553613619	-0.00298872956756	-0.0445987583187	-0.0159846970885	-0.00505627724784	-0.000329366920302	-0.0448018786701	-0.0877275819184	-0.00391297423681	-0.0170322696825	0.0513465143272	0.00444229340226	-0.033825379253	-0.0226900876215	0.0527031115027	-0.00686198466705	-0.0884814096052	-0.0387011727014	0.0548973525109	-0.0417163547546	-0.0168822769246	0.0201787438796	-0.0389058834165	-0.0488696097523	0.00699488128595	-0.0167602403195	-0.0663324338223	0.01827579404	-0.0949468023104	-0.0320914128721	-0.0410330622804	0.0832158766506	0.0262238092485	0.00575100886832	0.00139542152683	0.0149877280924	-0.0032954669025	-0.0244814861294	-0.0425265318056	-0.0190731827916	0.0742400225081	-0.00494164036636	-0.0169719894306	-0.0189492943838	0.0261237715061	0.0030553464286	0.0509494844286	-0.00628944037585
k__Bacteria;p__Bacteroidetes;c__Bacteroidia;o__Bacteroidales;f__Prevotellaceae;g__Prevotella;s__Prevotella_copri	-0.0570761333392	-0.0299023234243	0.0192177525421	1.0	-0.050561521621	-0.0767948457471	-0.00413665127514	0.0347000656696	0.0415694128785	0.00404471842471	-0.0375836102109	-0.0215450822798	-0.0512624253872	-0.0182654349557	-0.0299056726228	0.00420572952718	-0.0414718906887	0.000809087520481	-0.0357863880892	-0.0253636438664	0.0255832721019	-0.0253431607715	-0.0217612261445	-0.0198035392353	0.0160027119161	-0.0496352731559	0.0441580155839	0.0653829681217	-0.00817666973475	-0.00385472431496	-0.0797245434553	-0.00209908907225	0.0759958677327	-0.0290879550961	-0.0121895899506	0.0487357534765	-0.0643626460605	-0.0144927527422	-0.0121023016882	0.0192943259195	-0.0147462829087	0.0113534070259	-0.0296929755222	-0.0576501831628	0.0105097213134	0.0153655751539	-0.0358105860833	0.0353056872721	-0.0352030084218	-0.028379331495	-0.00441949240467	-0.00331981124026	-0.037155737286	0.00430575344343	-0.0064172179705	-0.00664342364179	0.0586237808346	-0.0557053816882	-0.0391745761505
k__Bacteria;p__Bacteroidetes;c__Bacteroidia;o__Bacteroidales;f__Bacteroidaceae;g__Bacteroides;s__Bacteroides_stercoris	0.00893929809382	-0.0381254233192	0.0332793572655	-0.050561521621	1.0	-0.00613172412123	-0.0237663442451	-0.0125401998228	-0.0301133259492	0.0299841191156	-0.0109480175267	-0.0357798593635	-0.0043230939543	-0.02314590997	0.0247732218933	-0.053951942953	-0.0175253427981	0.0352911774035	0.027939846732	-0.0456950042905	-0.0470255197091	-0.00095300672215	0.00132330450229	-0.0124479153167	0.0145274832361	0.0238278628986	-0.0284540448395	-0.00414023306077	-0.0123065726502	-0.0357776334976	-0.0119404645272	0.0184022696583	0.00953001679733	0.0692750085054	0.0312434642936	-0.0409332631968	-0.0297017821614	-0.0486628608049	0.0531470244077	0.0297693950275	-0.0537234659028	-0.0101085395162	-0.053253003839	0.0167535777055	-0.0741846071947	-0.0171759288893	-0.0465194322267	-0.0126953414746	0.0217208058798	-0.0134081990569	-0.0168894626565	-0.0514423553604	0.0210866527494	-0.0353475699073	0.0159145247884	0.0332248234295	0.0528069021943	0.0258161800137	-0.0313650757192
k__Bacteria;p__Bacteroidetes;c__Bacteroidia;o__Bacteroidales;f__Bacteroidaceae;g__Bacteroides;s__Bacteroides_ovatus	-0.0540712549192	-0.0101955192448	-0.00171257511777	-0.0767948457471	-0.00613172412123	1.0	0.0379690787471	-0.0270825267278	0.03248622479	-0.047670991355	-0.00592104069494	0.0830088306167	-0.0222819914922	0.0196054601392	-0.0434866578866	0.0202512449493	-0.00940984465451	-0.0274432868425	-0.0105360469241	-0.022813037399	-0.0206913858132	-0.0350762897958	-0.0068442218304	0.0263625911477	-0.0754739098367	-0.034504199209	-0.02686026271	-0.0402750015126	0.0507524226629	0.0132455524088	-0.0117374735493	-0.0444574465639	0.0512255978368	-0.0612522825598	0.0442000439995	0.0208499598068	-0.0268046055715	-0.0566503489163	0.015315306533	0.00498384772161	-0.0182269894594	0.0201297092023	-0.0216201273452	0.0930875166186	0.0600168468368	-0.00841391792941	-0.0179569919805	-0.0566860458398	0.0274272449292	0.0390530399707	-0.0451695166747	-0.0274948914758	0.00405543368686	-0.0614394233803	-0.0208117880161	0.00623537262946	0.00740282630647	-0.0747059112955	-0.0455669255753
k__Bacteria;p__Bacteroidetes;c__Bacteroidia;o__Bacteroidales;f__Rikenellaceae;g__Alistipes;s__Alistipes_shahii	0.0209098781383	0.0314156784933	-0.0321891436483	-0.00413665127514	-0.0237663442451	0.0379690787471	1.0	0.00663952570031	0.0148726623416	0.0282315957933	-0.0184873527159	0.0173854928247	-0.0127410273702	-0.0325586531859	0.00552977259873	-0.00668433216653	0.01528150884	-0.0327528409789	-0.0325934748704	-0.00394158307364	0.0354427960203	0.0331259487958	0.0102843768667	0.0254211043006	0.0559133790277	-0.00576880974194	-0.016706530871	-0.0403157330437	0.0177361244756	-0.0730827720981	-0.0151906512474	-0.00125984437305	-0.0259794248831	0.00925459047783	-0.0247634881082	-0.0135554102983	-0.0139385746705	0.0501937085733	-0.00954317089835	-0.00855303342516	-0.043311961499	-0.0891806635655	-0.0355539651411	-0.0126902592908	0.00210723381888	-0.000514615860313	0.00147287761126	0.00904566537318	-0.0571651480575	-0.0145008627273	-0.0599857938872	-0.015586816013	-0.0251013574478	-0.0363559208177	0.0210183328646	0.00280757369139	-0.00295264168426	-0.0203714160306	0.0364561030921
k__Bacteria;p__Firmicutes;c__Clostridia;o__Clostridiales;f__Ruminococcaceae;g__Faecalibacterium;s__Faecalibacterium_prausnitzii	0.0159109659576	-0.047875567245	0.0784848439238	0.0347000656696	-0.0125401998228	-0.0270825267278	0.00663952570031	1.0	0.052016527362	-0.00119245079184	-0.00369978475905	-0.000540118345083	0.00720795855544	0.0465286444499	-0.000519374806571	-0.0517112315055	-0.0223814097413	0.00590407628222	0.0289866271006	-0.0438068812267	-0.0346723829565	-0.0280550691296	-0.0219802677314	0.0826316653305	-0.00695479727689	-0.00728638374407	0.0498265109623	-0.0516356518345	0.0168630898283	-0.0108767047087	0.0521585657506	-0.0384897378486	-0.0031328236808	-0.0347666121692	0.0240600601582	5.61621943808e-05	-0.0379808267261	0.0427410564479	-0.0334202977576	0.0160286836313	-0.006397211385	0.00738935763359	0.00895887819823	-0.0555785123824	-0.00425601610574	-0.0644987343405	0.036272876347	-0.0230614595193	-0.0182423094202	-0.0245566403463	-0.0342725052059	0.00690015077877	-0.021453761942	0.00211157539452	-0.0280286592831	-0.0434010115715	-0.0298325801539	-0.0139076723374	0.0610984465022
k__Bacteria;p__Bacteroidetes;c__Bacteroidia;o__Bacteroidales;f__Rikenellaceae;g__Alistipes;s__Alistipes_finegoldii	0.03691447624	-0.0166500500974	0.0120280944806	0.0415694128785	-0.0301133259492	0.03248622479	0.0148726623416	0.052016527362	1.0	0.00160794601429	-0.0388413177762	-0.00996085646585	-0.0273478565301	-0.0543245581723	0.00702156369984	0.0216030232789	-0.0703892778832	-0.0420331342833	-0.00513232360482	-0.0189209509513	0.0173347079064	-0.00883104203435	-0.0509708514881	-0.0575702762928	0.0119241142007	-0.00576071678924	-0.0650002632729	0.0149759969181	-0.0150383119668	-0.0113755219296	0.0171088839421	-0.0310223487771	0.00748438355045	-0.0396246657244	0.0138313282583	0.0778030431689	0.0155933759023	0.00752201340966	-0.0158521947318	-0.0503180666503	-0.00129038968406	0.027037526208	-0.00246711284439	-0.0562323138897	0.026021402252	-0.00609951646921	0.0336471398054	0.0269872071106	-0.0249087227988	-0.00791694387877	-0.041845213793	0.0358680512817	-0.027409894953	0.00744875214846	-0.0412854270065	0.0108879221661	-0.0783714953791	0.0435176898344	0.039393550758
k__Bacteria;p__Bacteroidetes;c__Bacteroidia;o__Bacteroidales;f__Porphyromonadaceae;g__Parabacteroides;s__Parabacteroides_distasonis	-0.00222881684938	-0.0475581355716	-0.00892333345936	0.00404471842471	0.0299841191156	-0.047670991355	0.0282315957933	-0.00119245079184	0.00160794601429	1.0	-0.0241719968958	0.0381624806909	-0.0607440092959	-0.046647671464	-0.0517654457835	0.0420437277169	-0.0242024842436	-0.0277773599145	0.0289790660354	-0.00357233670193	0.0214633034588	-0.00382290527745	0.0296449241477	-0.00315294370409	0.0331895090582	-0.0457719503647	-0.064413055398	-0.0106600992854	0.0173744639588	-0.0530576440048	-0.0731559361846	-0.0281911090122	-0.00508185601193	-0.0133497867375	-0.0462497174008	-0.018149713835	0.00595070898796	0.00235845789465	-0.022836079302	0.0256903782362	0.0307576178884	-0.0629225967988	0.0217981141506	0.0334531948313	-0.00881398531207	-0.00262036129524	0.00246820100195	0.0330404895014	-0.0551497998694	-0.018099754506	0.003046492467	0.0321546551566	-0.0282464346352	-0.0202162984779	0.0310700387378	0.0716753411794	0.0341169153982	0.0617550206369	-0.0401912234561
k__Bacteria;p__Bacteroidetes;c__Bacteroidia;o__Bacteroidales;f__Bacteroidaceae;g__Bacteroides;s__Bacteroides_thetaiotaomicron	0.0677924991797	-0.0638607024774	-0.0176571239209	-0.0375836102109	-0.0109480175267	-0.00592104069494	-0.0184873527159	-0.00369978475905	-0.0388413177762	-0.0241719968958	1.0	0.0166441676446	0.00177077016891	-0.0255305844264	-0.027078989615	-0.00322996136937	0.0300676828031	-0.0637099437973	-0.0496523921643	-0.0139928091699	0.000740329619771	0.00104647939856	-0.0127891486337	-0.0303359509377	0.0181258153485	-0.0014996890715	-0.0155421167936	-0.00216101551008	0.0227921495733	-0.0337032257112	-0.0139028045802	0.0096469666525	-0.000286170052736	-0.0301195566409	-0.0149984444287	-0.0183230848705	-0.00125556524868	0.000774580765542	-0.0810883469539	0.00105664050489	-0.0253291422088	-0.0541478073435	-0.0685285118612	-0.0010427962956	0.0201393607772	-0.038402399943	-0.0025449547465	-0.0558806936148	0.00491674453421	0.000317584666645	0.0495175116484	-0.00643262834907	-0.028295801854	0.0490141999758	-0.0544458224477	-0.00889766493002	0.0143675802184	0.0223641679724	-0.0545708185657
k__Bacteria;p__Bacteroidetes;c__Bacteroidia;o__Bacteroidales;f__Bacteroidaceae;g__Bacteroides;s__Bacteroides_coprocola	-0.0238717511464	0.0450182185611	0.0368553613619	-0.0215450822798	-0.0357798593635	0.0830088306167	0.0173854928247	-0.000540118345083	-0.00996085646585	0.0381624806909	0.0166441676446	1.0	0.0239608913286	-0.00376340337252	0.0128991281506	0.0232304772929	0.018394897395	-0.0191742745483	-0.00719840779035	-0.0476116412816	0.0203783719728	0.0022941346871	0.0365870678949	-0.0164183573494	-0.0242187418418	0.00476358307468	-0.0433961115512	-0.0378868585828	0.033331669215	-0.00170034349115	0.034423675223	0.0221519415731	-0.0460360584314	-0.0314784583742	0.067394901959	-0.000462765158897	-0.0279418794605	-0.0113827448457	-0.0577276612052	-0.0331748666757	-0.0424178321052	0.00138155344348	-0.0110836872074	0.0449847882594	0.018187217906	-0.0680634864211	-0.0226333444742	0.0237214475759	0.0121131581652	-0.034131697619	-0.0166143329307	0.00468702929819	-0.0100627113007	-0.0263396954865	-0.0426295195067	0.00743140998684	-0.0386874961482	-0.0513130934461	-0.0400156822861
k__Bacteria;p__Bacteroidetes;c__Bacteroidia;o__Bacteroidales;f__Bacteroidaceae;g__Bacteroides;s__Bacteroides_cellulosilyticus	0.0185918250169	-0.0381172316783	-0.00298872956756	-0.0512624253872	-0.0043230939543	-0.0222819914922	-0.0127410273702	0.00720795855544	-0.0273478565301	-0.0607440092959	0.00177077016891	0.0239608913286	1.0	-0.0498845258964	-0.0265726631082	-0.0467277305334	0.023814068378	-0.011268742592	0.011654527427	-0.00890103692723	-0.0319644067891	-0.0296679317496	-0.0234424095247	-0.036839807173	-0.0879264399992	-0.03778665984	0.03881345928	0.0309188467266	-0.0269852074658	-0.000887754756576	0.0246854953531	-0.057961747004	-0.0072495773135	0.0119590085504	0.0559385502696	0.0181931211258	-0.0541562004493	-0.014579767131	0.00574383519893	-0.0733595120601	0.00740514494089	-0.0444249507552	-0.0455888983038	-0.0691095324516	-0.0298611883246	-0.0360437113885	-0.0162219219958	-0.00511488334171	0.0154531889335	0.0365811158928	0.0052296309337	0.0246488077663	-0.00798229110847	-0.00127749861701	0.0166443860185	0.00405561356995	-0.055984271364	0.015790187406	-0.0158673271039
k__Bacteria;p__Bacteroidetes;c__Bacteroidia;o__Bacteroidales;f__Rikenellaceae;g__Alistipes;s__Alistipes_obesi	-0.0122596289889	-0.0179664293672	-0.0445987583187	-0.0182654349557	-0.02314590997	0.0196054601392	-0.0325586531859	0.0465286444499	-0.0543245581723	-0.046647671464	-0.0255305844264	-0.00376340337252	-0.0498845258964	1.0	-0.0431718367325	0.029810331914	0.00625030385958	-0.00503628900245	0.0130757434742	-0.0418641074163	0.00705034966419	0.0418237084286	0.0686523233394	-0.00472860959365	0.0107393284837	-0.0480606534981	-0.0138170397555	-0.0361868152704	-0.00961138963261	0.0383775581543	-0.0281501743364	-0.0200637822507	-0.046809556479	-0.0225088315759	0.0235822066542	0.0102456071753	0.0195117181121	-0.0110232545439	0.0383740344783	-0.0308541419111	-0.00898367505473	-0.0132572321517	0.0503092198307	-0.0040860831925	-0.024485189269	-0.0701945020871	0.0332410889328	0.00505114046262	-0.026329628334	-0.0254300829055	0.0231465139409	-0.0267156265365	0.0210842632528	-0.0391759129274	0.0261544189877	-0.0024971693812	0.026015917274	-0.0134167693132	-0.106213715426
k__Bacteria;p__Firmicutes;c__Clostridia;o__Clostridiales;f__Lachnospiraceae;g__;s__[Eubacterium]_rectale	-0.0180224331458	-0.0134261051935	-0.0159846970885	-0.0299056726228	0.0247732218933	-0.0434866578866	0.00552977259873	-0.000519374806571	0.00702156369984	-0.0517654457835	-0.027078989615	0.0128991281506	-0.0265726631082	-0.0431718367325	1.0	-0.0163557771271	0.0191501021252	0.000922652997581	-0.022884163124	0.0417230930697	-0.00192521680249	-0.0494727794603	9.40513251209e-05	-0.0620833935809	0.0258450937873	-0.00649834513336	-0.0297097032964	0.0306260757829	-0.0364247897071	0.0355739150294	-0.0346155301721	0.00432113264735	-0.0157375485539	0.0507129439495	0.0554590995679	0.0398575933188	0.0189834879074	0.0141399618457	0.0452906755355	-0.0399936713994	0.0677014611504	0.0166951470017	0.0157489503207	0.053967911813	-0.0165663767079	-0.0599672828376	-0.0668922950042	0.00267722842742	-0.0312029959919	-0.0313313745009	0.00336981786947	-0.00645433411649	-0.0078801875241	-0.0185023630029	0.00862206191184	0.00942426740814	-0.0336205547884	-0.0276414368347	-0.0275159435965
k__Bacteria;p__Bacteroidetes;c__Bacteroidia;o__Bacteroidales;f__Bacteroidaceae;g__Bacteroides;s__Bacteroides_plebeius	-0.0208947045745	0.00183830384772	-0.00505627724784	0.00420572952718	-0.053951942953	0.0202512449493	-0.00668433216653	-0.0517112315055	0.0216030232789	0.0420437277169	-0.00322996136937	0.0232304772929	-0.0467277305334	0.029810331914	-0.0163557771271	1.0	0.0400440404836	-0.0755323649542	0.0525812807927	-0.0369541688217	0.00918994589459	-0.0306339152966	-0.0204102640219	-0.0623694214428	-0.0401114352962	-0.0372926606274	-0.0696381949597	0.0101341565557	0.0201491528923	0.0175438031109	0.00188068462776	-0.0172773393172	-0.0255462120454	-0.0548940842543	0.015015032691	0.0189308604426	-0.0201965093305	0.0132303564995	0.019658453533	0.0290746308985	0.000557786009129	-0.0276528197626	-0.00956261003727	0.00300387533713	-0.0315258347045	0.0613806054852	0.00735946421723	0.0055702774021	0.00662386378207	0.0125489514366	0.00853401529949	-0.0537383295409	0.00196044613767	0.00609663221204	0.0190900637188	0.0161605112081	0.0283688212857	-0.00324502382417	-0.0372068025982
k__Bacteria;p__Bacteroidetes;c__Bacteroidia;o__Bacteroidales;f__Bacteroidaceae;g__Bacteroides;s__Bacteroides_fragilis	0.0261504254346	-0.0381163634306	-0.000329366920302	-0.0414718906887	-0.0175253427981	-0.00940984465451	0.01528150884	-0.0223814097413	-0.0703892778832	-0.0242024842436	0.0300676828031	0.018394897395	0.023814068378	0.00625030385958	0.0191501021252	0.0400440404836	1.0	0.022943061759	0.0399841402478	-0.0235369780684	-0.0377325395983	-0.0239865908591	0.0142074477635	0.00859690319588	0.0229116130002	-0.0386085259538	0.0109049306861	0.0425827068057	0.0151631383752	0.0168216716373	0.0119360194067	0.0204383769588	0.0665422111862	-0.0376153224119	-0.0188773259111	-0.00896379114184	0.027936385469	-0.0491918997801	-0.0170385816151	-0.0579005584338	0.0548194083979	-0.0125118382371	-0.0593405682081	-0.059914694092	-0.019904403755	-0.0292313548674	0.007847326971	0.000631929595951	-0.0794059203844	-0.0032329352364	-0.00489082279481	0.0441828038196	-0.0880830467755	-0.0239132734758	-0.0190689764426	-0.0358353036064	-0.0883883827172	0.00976275212162	-0.0466371652056
k__Bacteria;p__Proteobacteria;c__Betaproteobacteria;o__Burkholderiales;f__Sutterellaceae;g__Sutterella;s__Sutterella_wadsworthensis	-0.00465050302067	0.0150476304441	-0.0448018786701	0.000809087520481	0.0352911774035	-0.0274432868425	-0.0327528409789	0.00590407628222	-0.0420331342833	-0.0277773599145	-0.0637099437973	-0.0191742745483	-0.011268742592	-0.00503628900245	0.000922652997581	-0.0755323649542	0.022943061759	1.0	-0.00731280583921	-0.0351323275395	-0.0334327326844	0.0628808617503	-0.0572098669344	-0.0375181038979	-0.00365861902679	0.032292104593	0.0245377840365	-0.000857186328449	-0.0208513630866	-0.0557255021903	-0.064752159688	-0.0281025042201	-0.0246676570616	0.026841139079	0.027365231544	-0.0130998002616	0.0070770114475	0.0483799080515	0.0102687315992	-0.000926653209938	0.00619587552433	0.0336116914343	-0.00370121974751	0.02959709465	-0.00364328352303	-0.0508298998694	-0.00910821789086	-0.0698147235944	0.0409170988104	0.0357904825829	-0.045056177051	-0.0185592924053	-0.0116585135371	0.0712760922353	-0.0231718045803	0.0155333990565	0.00534910880303	0.0611953916525	-0.0804915982692
k__Bacteria;p__Bacteroidetes;c__Bacteroidia;o__Bacteroidales;f__Porphyromonadaceae;g__Barnesiella;s__Barnesiella_intestinihominis	-0.0229561880304	-0.0205315899153	-0.0877275819184	-0.0357863880892	0.027939846732	-0.0105360469241	-0.0325934748704	0.0289866271006	-0.00513232360482	0.0289790660354	-0.0496523921643	-0.00719840779035	0.011654527427	0.0130757434742	-0.022884163124	0.0525812807927	0.0399841402478	-0.00731280583921	1.0	0.0427793191924	-0.00317798299351	-0.0105500309511	-0.00882984016545	0.0118418674254	-0.0977518239922	-0.0340836548935	0.0133100737337	0.0147511165354	0.0393699364786	0.0195365854305	0.014277279017	-0.0406050599472	-0.0292671946015	0.00970882522344	-0.00674848622889	-0.016864921367	0.00710157535057	-0.0631238918244	0.0699067293606	0.0145798715755	0.0044876504214	-0.0220252896531	-0.0110736828972	-0.0350092986498	-0.0272804771458	0.00913368745206	-0.0464210292643	0.0163059252806	0.00671761567288	-0.0181214545283	-0.0213648188376	-0.0271722652786	0.00874100533204	-0.0392325425241	0.0281219997482	-0.0195016299189	-0.0161550249969	-0.0503980825146	0.00786974501032
k__Bacteria;p__Bacteroidetes;c__Bacteroidia;o__Bacteroidales;f__Odoribacteraceae;g__Odoribacter;s__Odoribacter_splanchnicus	0.0172100027123	0.00698890152473	-0.00391297423681	-0.0253636438664	-0.0456950042905	-0.022813037399	-0.00394158307364	-0.0438068812267	-0.0189209509513	-0.00357233670193	-0.0139928091699	-0.0476116412816	-0.00890103692723	-0.0418641074163	0.0417230930697	-0.0369541688217	-0.0235369780684	-0.0351323275395	0.0427793191924	1.0	0.0102662921688	0.0422515158788	-0.0147958284789	-0.0909493677657	-0.0319142925929	-0.00436956257568	0.0130374251953	0.0378603797038	0.0230724124306	0.0398422131058	0.0171365788738	0.0355064968038	-0.0157446413633	-0.021432704461	-0.0329203554179	-0.0920415853396	-0.00517635533515	0.0711313993795	-0.0339579610662	0.0165068575026	0.0106024422068	-0.0424829105426	0.0117154276431	-0.0453377844198	0.0174455970946	-0.0372050280512	0.0245555071364	0.0265626073212	-0.0475300128618	0.0264770897043	-0.00249866394889	-0.0110664695028	-0.0316238674674	-0.0226215105323	0.0532014599656	0.00992978124541	0.0263880486012	-0.0553453361511	0.0806279952632
k__Bacteria;p__Bacteroidetes;c__Bacteroidia;o__Bacteroidales;f__Bacteroidaceae;g__Bacteroides;s__Bacteroides_salyersiae	-0.0220613252114	0.0384131147305	-0.0170322696825	0.0255832721019	-0.0470255197091	-0.0206913858132	0.0354427960203	-0.0346723829565	0.0173347079064	0.0214633034588	0.000740329619771	0.0203783719728	-0.0319644067891	0.00705034966419	-0.00192521680249	0.00918994589459	-0.0377325395983	-0.0334327326844	-0.00317798299351	0.0102662921688	1.0	-0.0406674208704	0.0244435962211	0.0210955961444	-0.0333368484682	0.016681089073	0.00298163601391	0.0160388507963	-0.032251976996	0.0194780008409	-0.0300135657799	0.0124501780726	-0.0953525583628	-0.0384402918628	0.0422669997132	-0.000269752035159	0.0399808363871	0.0433767774176	-0.0220664436791	-0.0204623071779	0.0135919434896	-0.00670416953276	-0.0307890442643	0.0437404411367	-0.0507130367614	0.0403094630236	-0.00757462948363	0.0140048991964	-0.0253694705222	-0.0138235441975	-0.0319362095137	-0.0493235389119	-0.00780561432935	-0.0642356060005	-0.0148231479296	-0.0568843467602	-0.0472681797065	0.0496829985112	-0.0524950449809
k__Bacteria;p__Firmicutes;c__Clostridia;o__Clostridiales;f__Ruminococcaceae;g__Ruminiclostridium;s__[Eubacterium]_siraeum	-0.0620089829645	-0.0352140858059	0.0513465143272	-0.0253431607715	-0.00095300672215	-0.0350762897958	0.0331259487958	-0.0280550691296	-0.00883104203435	-0.00382290527745	0.00104647939856	0.0022941346871	-0.0296679317496	0.0418237084286	-0.0494727794603	-0.0306339152966	-0.0239865908591	0.0628808617503	-0.0105500309511	0.0422515158788	-0.0406674208704	1.0	0.0384526327882	-0.0239931114279	-0.0290331827573	0.0346400895634	0.0410705392632	-0.0459853685652	-0.0364690811056	0.0233669599338	0.0723149606257	0.0533922636857	-0.0300474885029	-0.037413574856	-0.0410153304339	-0.00314421774539	0.0152947886992	-0.0547491261924	-0.051976218346	0.0336314733978	-0.00564842120726	-0.0187165045199	-0.0126664339137	-0.0882106588898	-0.0226506052032	0.0106380518884	-0.0640649138925	-0.0280542016942	-0.0430190511753	-0.0242153057414	-0.0254878640068	0.0196817375667	0.0350542501318	-0.0276780073461	-0.021883673368	-0.0439536495569	-0.0469875035024	0.0595513983086	-0.0228977364684
k__Bacteria;p__Proteobacteria;c__Betaproteobacteria;o__Burkholderiales;f__Sutterellaceae;g__Parasutterella;s__Parasutterella_excrementihominis	-0.00977682121541	-0.075129298176	0.00444229340226	-0.0217612261445	0.00132330450229	-0.0068442218304	0.0102843768667	-0.0219802677314	-0.0509708514881	0.0296449241477	-0.0127891486337	0.0365870678949	-0.0234424095247	0.0686523233394	9.40513251209e-05	-0.0204102640219	0.0142074477635	-0.0572098669344	-0.00882984016545	-0.0147958284789	0.0244435962211	0.0384526327882	1.0	0.0587170255574	-0.00458598400688	-0.000454166413352	0.0559401488014	-0.00288756102395	0.0217237648979	0.0466795067902	-0.00367862809195	0.0338620728356	0.0365615766334	-0.0151981585998	0.0151533200778	-0.0351091063066	-0.0431749588674	0.0243519781843	0.0881989338226	-0.0392376535019	0.00831819102608	0.0125467995696	0.0184586167787	-0.0401838333982	-0.0859884199613	-0.0487025302144	-0.0258477702631	0.0234639736285	-0.00714715383334	-0.021807610187	0.0259786248216	-0.0255207176165	0.00793575334951	-0.0119805498019	-0.0247423355785	-0.0792952453761	-0.0563498133508	-0.0552389582549	-0.028827718756
k__Bacteria;p__Actinobacteria;c__Actinobacteria;o__Bifidobacteriales;f__Bifidobacteriaceae;g__Bifidobacterium;s__Bifidobacterium_adolescentis	-0.0185970318937	0.0314585946418	-0.033825379253	-0.0198035392353	-0.0124479153167	0.0263625911477	0.0254211043006	0.0826316653305	-0.0575702762928	-0.00315294370409	-0.0303359509377	-0.0164183573494	-0.036839807173	-0.00472860959365	-0.0620833935809	-0.0623694214428	0.00859690319588	-0.0375181038979	0.0118418674254	-0.0909493677657	0.0210955961444	-0.0239931114279	0.0587170255574	1.0	0.023013687571	0.03146487751	-0.0822592066159	-0.0849980855174	-0.02183297471	-0.0164458090203	0.0210141187755	0.0408531784767	-0.0165740259556	-0.00517790184464	-0.0255302061362	0.0197111448948	0.031241630981	-0.0107842150654	-0.0159716672173	-0.0619175190487	-0.0380037039609	-0.021978795167	0.0216548259563	0.054667663016	-0.0136976482677	-0.0334031573368	0.0195971706286	-0.0598997487651	-0.00901768267249	-0.0293362062811	0.0446699432038	-0.00370605191288	-0.0152601781834	0.0388472627197	0.00206666374802	-0.0337290126413	0.00590585688421	0.0313329420097	0.000990689278646
k__Bacteria;p__Firmicutes;c__Clostridia;o__Clostridiales;f__Oscillospiraceae;g__Oscillibacter;s__Oscillibacter_sp._KLE_1745	0.0108256742758	-0.0173230758944	-0.0226900876215	0.0160027119161	0.0145274832361	-0.0754739098367	0.0559133790277	-0.00695479727689	0.0119241142007	0.0331895090582	0.0181258153485	-0.0242187418418	-0.0879264399992	0.0107393284837	0.0258450937873	-0.0401114352962	0.0229116130002	-0.00365861902679	-0.0977518239922	-0.0319142925929	-0.0333368484682	-0.0290331827573	-0.00458598400688	0.023013687571	1.0	-0.0177360055473	-0.0117238448388	-0.03387509132	-0.0134176343346	-0.0248256643109	-0.0172365293859	-0.00544278603463	-0.0135191038404	0.0907412919387	-0.00533223756219	0.03003870198	-0.0896882546858	0.0018135702435	0.0532486248099	-0.019658729288	-0.0326850899229	-0.0508405795405	-0.0534466292656	-0.0281918496481	-0.033100435688	0.0228656628246	-0.00826183633954	0.00121470993099	0.00425728310519	-0.0218688539046	-0.0218633280253	-0.0093412898865	-0.0276012525891	-0.0357210751188	0.0583329047764	0.0579580942069	-0.0470701457182	-0.0271384103363	0.0114014070612
k__Bacteria;p__Bacteroidetes;c__Bacteroidia;o__Bacteroidales;f__Bacteroidaceae;g__Bacteroides;s__Bacteroides_coprophilus	0.0112690602792	-0.0110469781073	0.0527031115027	-0.0496352731559	0.0238278628986	-0.034504199209	-0.00576880974194	-0.00728638374407	-0.00576071678924	-0.0457719503647	-0.0014996890715	0.00476358307468	-0.03778665984	-0.0480606534981	-0.00649834513336	-0.0372926606274	-0.0386085259538	0.032292104593	-0.0340836548935	-0.00436956257568	0.016681089073	0.0346400895634	-0.000454166413352	0.03146487751	-0.0177360055473	1.0	-0.0443970878027	-0.0200290539782	-0.077224539972	-0.0296817654124	-0.0190173914174	0.0473857404262	-0.047316095543	0.0608079357234	0.0315943954092	-0.0339908915657	-0.0099643422232	-0.0328696849771	-0.0319320067586	0.0406764609864	-0.00927206733514	-0.014843451265	0.0536104587858	-0.0441874366469	0.00457542044505	0.0182617709731	-0.0179352203727	-0.0725351249637	0.0317485414174	-0.0459062430559	0.00261707102263	-0.0120498967576	0.0119623668196	-0.033107515705	-0.0173286951408	0.0202789001548	-0.024236131732	0.0417677727001	0.0245367123418
k__Bacteria;p__Firmicutes;c__Clostridia;o__Clostridiales;f__Lachnospiraceae;g__Roseburia;s__Roseburia_intestinalis	0.0375027431769	-0.0169465976348	-0.00686198466705	0.0441580155839	-0.0284540448395	-0.02686026271	-0.016706530871	0.0498265109623	-0.0650002632729	-0.064413055398	-0.0155421167936	-0.0433961115512	0.03881345928	-0.0138170397555	-0.0297097032964	-0.0696381949597	0.0109049306861	0.0245377840365	0.0133100737337	0.0130374251953	0.00298163601391	0.0410705392632	0.0559401488014	-0.0822592066159	-0.0117238448388	-0.0443970878027	1.0	-0.0117390654152	-0.0108986024023	-0.0638035762624	0.00588543320907	0.0212778411908	-0.0310515043361	-0.054657459927	0.0366817448603	-0.0553948950525	-0.0668091789346	0.0129291771759	-0.0302509524127	-8.50102961159e-05	0.0221337549121	-0.00989796268114	0.00163135195634	0.00255328150432	0.00927898354125	-0.0170813785837	0.073774808124	0.0214729250893	0.00353774798566	-0.0632202174783	-0.0602131359083	0.0877855026115	0.00877737212108	-0.0506565255371	0.0135092684339	0.0180261883223	-0.011818034303	-0.0124764307904	0.0492442902621
k__Bacteria;p__Firmicutes;c__Clostridia;o__Clostridiales;f__Lachnospiraceae;g__Roseburia;s__Roseburia_hominis	0.0359050669096	0.0520267543873	-0.0884814096052	0.0653829681217	-0.00414023306077	-0.0402750015126	-0.0403157330437	-0.0516356518345	0.0149759969181	-0.0106600992854	-0.00216101551008	-0.0378868585828	0.0309188467266	-0.0361868152704	0.0306260757829	0.0101341565557	0.0425827068057	-0.000857186328449	0.0147511165354	0.0378603797038	0.0160388507963	-0.0459853685652	-0.00288756102395	-0.0849980855174	-0.03387509132	-0.0200290539782	-0.0117390654152	1.0	-0.0264947044692	0.00455502746694	0.016688966835	-0.0363611702167	0.00655401075822	-0.0591813131148	0.0250789285666	-0.0430755583194	-0.0628961172132	-0.0332465890686	-0.0135669021838	0.00664818706064	-0.0254129820588	0.0109767210085	-0.0448823839408	-0.00180287793744	0.0390792153427	0.0220315407093	0.0281162528853	0.0277462867043	0.00719780908203	-0.0341483370392	0.0106613503371	-0.0443652753475	-0.0707035366026	-0.0285182272398	-0.0144735850235	0.0189505057958	0.00995157139974	-0.0388531664504	0.0371168195639
k__Bacteria;p__Bacteroidetes;c__Bacteroidia;o__Bacteroidales;f__Porphyromonadaceae;g__Parabacteroides;s__Parabacteroides_johnsonii	-0.0209782179629	-0.0148323774119	-0.0387011727014	-0.00817666973475	-0.0123065726502	0.0507524226629	0.0177361244756	0.0168630898283	-0.0150383119668	0.0173744639588	0.0227921495733	0.033331669215	-0.0269852074658	-0.00961138963261	-0.0364247897071	0.0201491528923	0.0151631383752	-0.0208513630866	0.0393699364786	0.0230724124306	-0.032251976996	-0.0364690811056	0.0217237648979	-0.02183297471	-0.0134176343346	-0.077224539972	-0.0108986024023	-0.0264947044692	1.0	0.0334513849787	-0.0136772535342	-0.0654149338656	0.00562717201752	-0.0105939559509	-0.0188846979672	0.0157341325972	0.0181967443385	-0.0266652332932	0.0460176436253	-0.0703889186142	0.00115395474751	-0.0414798623181	-0.066494958961	0.00751516807245	-0.0453838177726	-0.044840451818	-0.01676685308	0.0546107985215	-0.0487249209744	-0.0322775181571	-0.0169302467084	-0.00785493923831	-0.0444631982143	-0.00609431961661	-0.0139760211655	-0.0250663153248	0.0325243308924	0.0343053433832	-0.00879074134354
k__Bacteria;p__Actinobacteria;c__Actinobacteria;o__Bifidobacteriales;f__Bifidobacteriaceae;g__Bifidobacterium;s__Bifidobacterium_longum	0.0244809343457	0.0346776085748	0.0548973525109	-0.00385472431496	-0.0357776334976	0.0132455524088	-0.0730827720981	-0.0108767047087	-0.0113755219296	-0.0530576440048	-0.0337032257112	-0.00170034349115	-0.000887754756576	0.0383775581543	0.0355739150294	0.0175438031109	0.0168216716373	-0.0557255021903	0.0195365854305	0.0398422131058	0.0194780008409	0.0233669599338	0.0466795067902	-0.0164458090203	-0.0248256643109	-0.0296817654124	-0.0638035762624	0.00455502746694	0.0334513849787	1.0	0.0177622684519	-0.0176772363867	-0.0516502313008	0.0663683849042	0.00202081679383	0.00439423124141	-0.0500452390214	0.00659756052202	0.00295853296636	-0.0394901230184	0.0221161573679	-0.0692910649581	-0.0195252750912	-0.00568458677056	-0.0442280014114	-0.0265331373084	-0.0453428166066	0.0415764762389	0.0085795204476	-0.031228086747	-0.0250062685857	0.0497012207824	-0.0369684712922	-0.0222673869164	0.00182555927377	-0.00906134592262	-0.00537398869175	-0.0147612477856	-0.0467436878946
