#taxonomy	k__Bacteria;p__Bacteroidetes;c__Bacteroidia;o__Bacteroidales;f__Bacteroidaceae;g__Bacteroides;s__Bacteroides_vulgatus	k__Bacteria;p__Bacteroidetes;c__Bacteroidia;o__Bacteroidales;f__Bacteroidaceae;g__Bacteroides;s__Bacteroides_uniformis	k__Bacteria;p__Bacteroidetes;c__Bacteroidia;o__Bacteroidales;f__Rikenellaceae;g__Alistipes;s__Alistipes_putredinis	k__Bacteria;p__Bacteroidetes;c__Bacteroidia;o__Bacteroidales;f__Prevotellaceae;g__Prevotella;s__Prevotella_copri	k__Bacteria;p__Bacteroidetes;c__Bacteroidia;o__Bacteroidales;f__Bacteroidaceae;g__Bacteroides;s__Bacteroides_stercoris	k__Bacteria;p__Bacteroidetes;c__Bacteroidia;o__Bacteroidales;f__Bacteroidaceae;g__Bacteroides;s__Bacteroides_ovatus	k__Bacteria;p__Bacteroidetes;c__Bacteroidia;o__Bacteroidales;f__Rikenellaceae;g__Alistipes;s__Alistipes_shahii	k__Bacteria;p__Firmicutes;c__Clostridia;o__Clostridiales;f__Ruminococcaceae;g__Faecalibacterium;s__Faecalibacterium_prausnitzii	k__Bacteria;p__Bacteroidetes;c__Bacteroidia;o__Bacteroidales;f__Rikenellaceae;g__Alistipes;s__Alistipes_finegoldii	k__Bacteria;p__Bacteroidetes;c__Bacteroidia;o__Bacteroidales;f__Porphyromonadaceae;g__Parabacteroides;s__Parabacteroides_distasonis	k__Bacteria;p__Bacteroidetes;c__Bacteroidia;o__Bacteroidales;f__Bacteroidaceae;g__Bacteroides;s__Bacteroides_thetaiotaomicron	k__Bacteria;p__Bacteroidetes;c__Bacteroidia;o__Bacteroidales;f__Bacteroidaceae;g__Bacteroides;s__Bacteroides_coprocola	k__Bacteria;p__Bacteroidetes;c__Bacteroidia;o__Bacteroidales;f__Bacteroidaceae;g__Bacteroides;s__Bacteroides_cellulosilyticus	k__Bacteria;p__Bacteroidetes;c__Bacteroidia;o__Bacteroidales;f__Rikenellaceae;g__Alistipes;s__Alistipes_obesi	k__Bacteria;p__Firmicutes;c__Clostridia;o__Clostridiales;f__Lachnospiraceae;g__;s__[Eubacterium]_rectale	k__Bacteria;p__Bacteroidetes;c__Bacteroidia;o__Bacteroidales;f__Bacteroidaceae;g__Bacteroides;s__Bacteroides_plebeius	k__Bacteria;p__Bacteroidetes;c__Bacteroidia;o__Bacteroidales;f__Bacteroidaceae;g__Bacteroides;s__Bacteroides_fragilis	k__Bacteria;p__Proteobacteria;c__Betaproteobacteria;o__Burkholderiales;f__Sutterellaceae;g__Sutterella;s__Sutterella_wadsworthensis	k__Bacteria;p__Bacteroidetes;c__Bacteroidia;o__Bacteroidales;f__Porphyromonadaceae;g__Barnesiella;s__Barnesiella_intestinihominis	k__Bacteria;p__Bacteroidetes;c__Bacteroidia;o__Bacteroidales;f__Odoribacteraceae;g__Odoribacter;s__Odoribacter_splanchnicus	k__Bacteria;p__Bacteroidetes;c__Bacteroidia;o__Bacteroidales;f__Bacteroidaceae;g__Bacteroides;s__Bacteroides_salyersiae	k__Bacteria;p__Firmicutes;c__Clostridia;o__Clostridiales;f__Ruminococcaceae;g__Ruminiclostridium;s__[Eubacterium]_siraeum	k__Bacteria;p__Proteobacteria;c__Betaproteobacteria;o__Burkholderiales;f__Sutterellaceae;g__Parasutterella;s__Parasutterella_excrementihominis	k__Bacteria;p__Actinobacteria;c__Actinobacteria;o__Bifidobacteriales;f__Bifidobacteriaceae;g__Bifidobacterium;s__Bifidobacterium_adolescentis	k__Bacteria;p__Firmicutes;c__Clostridia;o__Clostridiales;f__Oscillospiraceae;g__Oscillibacter;s__Oscillibacter_sp._KLE_1745	k__Bacteria;p__Bacteroidetes;c__Bacteroidia;o__Bacteroidales;f__Bacteroidaceae;g__Bacteroides;s__Bacteroides_coprophilus	k__Bacteria;p__Firmicutes;c__Clostridia;o__Clostridiales;f__Lachnospiraceae;g__Roseburia;s__Roseburia_intestinalis	k__Bacteria;p__Firmicutes;c__Clostridia;o__Clostridiales;f__Lachnospiraceae;g__Roseburia;s__Roseburia_hominis	k__Bacteria;p__Bacteroidetes;c__Bacteroidia;o__Bacteroidales;f__Porphyromonadaceae;g__Parabacteroides;s__Parabacteroides_johnsonii	k__Bacteria;p__Actinobacteria;c__Actinobacteria;o__Bifidobacteriales;f__Bifidobacteriaceae;g__Bifidobacterium;s__Bifidobacterium_longum	k__Bacteria;p__Firmicutes;c__Clostridia;o__Clostridiales;f__;g__Flavonifractor;s__Flavonifractor_plautii	k__Bacteria;p__Firmicutes;c__Clostridia;o__Clostridiales;f__Clostridiaceae;g__Clostridium;s__Clostridium_phoceensis	k__Bacteria;p__Verrucomicrobia;c__Verrucomicrobiae;o__Verrucomicrobiales;f__Akkermansiaceae;g__Akkermansia;s__Akkermansia_muciniphila	k__Bacteria;p__Bacteroidetes;c__Bacteroidia;o__Bacteroidales;f__Prevotellaceae;g__Paraprevotella;s__Paraprevotella_xylaniphila	k__Bacteria;p__Firmicutes;c__Clostridia;o__Clostridiales;f__Ruminococcaceae;g__Ruminococcus;s__Ruminococcus_callidus	k__Bacteria;p__Bacteroidetes;c__Bacteroidia;o__Bacteroidales;f__Rikenellaceae;g__Alistipes;s__Alistipes_senegalensis	k__Bacteria;p__Firmicutes;c__Clostridia;o__Clostridiales;f__Lachnospiraceae;g__Blautia;s__Blautia_sp._KLE_1732	k__Bacteria;p__Bacteroidetes;c__Bacteroidia;o__Bacteroidales;f__Bacteroidaceae;g__Bacteroides;s__Bacteroides_oleiciplenus	k__Bacteria;p__Firmicutes;c__Clostridia;o__Clostridiales;f__Ruminococcaceae;g__Ruminococcus;s__Ruminococcus_bicirculans	k__Bacteria;p__Bacteroidetes;c__Bacteroidia;o__Bacteroidales;f__Bacteroidaceae;g__Bacteroides;s__Bacteroides_fluxus	k__Bacteria;p__Bacteroidetes;c__Bacteroidia;o__Bacteroidales;f__Prevotellaceae;g__Prevotella;s__Prevotella_stercorea	k__Bacteria;p__Firmicutes;c__Clostridia;o__Clostridiales;f__Lachnospiraceae;g__Dorea;s__Dorea_longicatena	k__Bacteria;p__Firmicutes;c__Clostridia;o__Clostridiales;f__Eubacteriaceae;g__Eubacterium;s__[Eubacterium]_eligens	k__Bacteria;p__Firmicutes;c__Clostridia;o__Clostridiales;f__Ruminococcaceae;g__;s__Ruminococcaceae_bacterium_D16	k__Bacteria;p__Firmicutes;c__Clostridia;o__Clostridiales;f__Lachnospiraceae;g__Coprococcus;s__Coprococcus_comes	k__Bacteria;p__Proteobacteria;c__Gammaproteobacteria;o__Enterobacterales;f__Enterobacteriaceae;g__Escherichia;s__Escherichia_coli	k__Bacteria;p__Firmicutes;c__Clostridia;o__Clostridiales;f__Ruminococcaceae;g__Anaerotruncus;s__Anaerotruncus_colihominis	k__Bacteria;p__Firmicutes;c__Clostridia;o__Clostridiales;f__Lachnospiraceae;g__Blautia;s__Blautia_obeum	k__Bacteria;p__Bacteroidetes;c__Bacteroidia;o__Bacteroidales;f__Odoribacteraceae;g__Odoribacter;s__Odoribacter_laneus	k__Bacteria;p__Firmicutes;c__Clostridia;o__Clostridiales;f__Ruminococcaceae;g__Ruminiclostridium;s__[Clostridium]_leptum	k__Bacteria;p__Bacteroidetes;c__Bacteroidia;o__Bacteroidales;f__Porphyromonadaceae;g__Parabacteroides;s__Parabacteroides_goldsteinii	k__Bacteria;p__Firmicutes;c__Clostridia;o__Clostridiales;f__Lachnospiraceae;g__Anaerostipes;s__Anaerostipes_hadrus	k__Bacteria;p__Firmicutes;c__Clostridia;o__Clostridiales;f__Ruminococcaceae;g__Ruminococcus;s__Ruminococcus_lactaris	k__Bacteria;p__Firmicutes;c__Clostridia;o__Clostridiales;f__Clostridiaceae;g__Clostridium;s__Clostridium_sp._L2-50	k__Bacteria;p__Firmicutes;c__Clostridia;o__Clostridiales;f__Clostridiaceae;g__Clostridium;s__Clostridium_sp._M62/1	k__Bacteria;p__Firmicutes;c__Clostridia;o__Clostridiales;f__;g__Intestinimonas;s__Intestinimonas_butyriciproducens	k__Bacteria;p__Actinobacteria;c__Actinobacteria;o__Bifidobacteriales;f__Bifidobacteriaceae;g__Bifidobacterium;s__Bifidobacterium_bifidum	k__Bacteria;p__Firmicutes;c__Negativicutes;o__Veillonellales;f__Veillonellaceae;g__Dialister;s__Dialister_invisus	k__Bacteria;p__Bacteroidetes;c__Bacteroidia;o__Bacteroidales;f__Bacteroidaceae;g__Bacteroides;s__Bacteroides_salanitronis
k__Bacteria;p__Bacteroidetes;c__Bacteroidia;o__Bacteroidales;f__Bacteroidaceae;g__Bacteroides;s__Bacteroides_vulgatus	1.0	0.0369991914348	-0.027371505103	-0.0219269494321	-0.0300850046565	0.00859880816624	-0.0253029175801	0.0221301898896	0.00836040719561	-0.0286662462826	-0.0221508598032	-0.0232090388622	-0.0234911616549	0.0476300738333	-0.0499832933969	-0.0446121566212	-0.0283345665497	0.0210235461601	-0.0198980307883	0.0237664007451	0.0437733585941	-0.0241075468793	0.00140588081319	0.000144236825195	-0.0419115318232	-0.0272613273758	0.0085510312923	7.64929416509e-05	-0.0269344460916	0.0193973994563	0.026705652871	-0.0462247161589	0.031232791409	-0.00934697380039	0.0198240749782	-0.0137330881209	-0.00866119051213	-0.0217977915282	-0.0107377086074	-0.0178118503753	-0.0631652854789	0.0519085759295	-0.0393289888282	0.0530877439802	-0.0218886221189	0.0246404117219	-0.0292261194446	-0.00177826931658	-0.0698804626313	0.0525651148349	-0.0515183525314	0.051892410523	0.0113019579828	-0.0466406948676	-0.0187325744509	-0.0576958514603	0.00660015657789	-0.0741710007721	0.000611561245373
k__Bacteria;p__Bacteroidetes;c__Bacteroidia;o__Bacteroidales;f__Bacteroidaceae;g__Bacteroides;s__Bacteroides_uniformis	0.0369991914348	1.0	-0.0317783301096	-0.0133250196635	-0.0674756017253	0.0164226268573	0.0554887898373	0.00834360507119	-0.0326746707609	-0.017412309614	0.0956582268671	0.0260525632939	0.000756827309922	0.04765771171	0.0232130784856	-0.0112432904084	0.0386787948051	0.055682146802	0.0500338396653	0.011131334877	-0.0716344240387	-0.000331366877622	0.0725693417201	0.02085516497	-0.0174321546875	-0.00398371185559	-0.0395217605741	-0.0999036512012	-0.0220072129617	0.0452455754637	0.0600333494211	-0.047894414985	-0.0400632084498	0.0465931756449	-0.00300360895824	-0.0115732535865	-0.0669825300503	0.0348914474725	0.00461739741924	0.00488275133208	0.0133743277502	-0.0371905697804	0.00254781757745	0.0454261755749	-0.044695338233	0.0171769101557	0.0235036109258	-0.0518612859231	-0.0194029249964	0.0263823696586	-0.0476678809344	0.00884531481315	0.027361616949	-0.0224605892583	-0.101347107746	-0.00121128477309	-0.0112935387773	-0.0340939651145	0.039865901427
k__Bacteria;p__Bacteroidetes;c__Bacteroidia;o__Bacteroidales;f__Rikenellaceae;g__Alistipes;s__Alistipes_putredinis	-0.027371505103	-0.0317783301096	1.0	-0.00415462605316	-0.0471171459234	0.0626735112404	-0.0110862137488	-0.0464158359656	-0.0559635517182	0.021024275782	-0.035934900924	0.0411639558605	-0.0850496227048	-0.0438699132076	-0.00250217627258	0.0136900970548	-0.0622223361639	0.00961887395939	-0.033760085087	0.002201162484	-0.00340916687229	-0.0250350136421	-0.019121316486	-0.00843007205033	0.0267683857082	0.0083059843446	-0.0275816401589	-0.0388619231003	0.0267396233685	-0.0147753104012	0.108207203971	-0.0392622033303	0.0419076306545	0.0565050781104	-0.0390255072321	0.0308574387798	0.0353825417244	-0.0126101439638	-0.0521786203386	0.0250488669579	0.047048306329	0.00239246438817	-0.016299260927	0.0396283823769	0.0447509915094	0.0315735496371	0.00159027234997	-0.0725614941158	-0.0475961485337	0.0472426865271	-0.037189015052	0.0201739031577	0.0175833550097	0.0075489460642	-0.0491356547097	-0.0213662074664	-0.0213346449171	-0.115954637892	-0.035863926139
k__Bacteria;p__Bacteroidetes;c__Bacteroidia;o__Bacteroidales;f__Prevotellaceae;g__Prevotella;s__Prevotella_copri	-0.0219269494321	-0.0133250196635	-0.00415462605316	1.0	-0.0657106862151	-0.0488592676846	-0.0040967179945	-0.0589725016362	-0.0396281763368	0.0261048912922	-0.045318430909	-0.0116340877656	0.0900533395561	-0.042029570718	-0.0471796681707	-0.0121864060846	-0.0216620927962	-0.0717585583839	0.0565304243335	0.0103843323151	-0.0447750624274	0.0603004300749	0.0408462985561	-0.00471181586466	0.00423679158993	-0.0343114430642	0.0727728592959	-0.0269894118199	0.0136687160247	-0.0291500121752	-0.0277941118983	-0.00375547991773	-0.0197991391654	-0.00681440932105	0.0110197265342	-0.0798710031257	-0.00973459416959	0.0116568384796	0.0121059429453	0.00406833163901	-0.0235767561432	0.0238354848535	0.0392947831493	0.0141151216461	0.02021514377	0.114243692255	-0.0125351232122	0.0371642264424	0.0741209192694	-0.0136993647397	-0.0284387076722	-0.0442065396215	0.00664229818676	-0.0112311182065	0.0103600572757	0.000992895452395	0.0217753884936	-0.0106603942262	0.000892127703758
k__Bacteria;p__Bacteroidetes;c__Bacteroidia;o__Bacteroidales;f__Bacteroidaceae;g__Bacteroides;s__Bacteroides_stercoris	-0.0300850046565	-0.0674756017253	-0.0471171459234	-0.0657106862151	1.0	0.0288418194725	-0.0506734348111	0.00660718805455	0.0178684857199	0.00354413287139	0.0171372399326	0.00426614867486	-0.0725322437767	0.0105130928317	0.0170492085701	0.00325397353089	0.0206193548682	-0.0259916465062	-0.0793587812008	0.002355209439	-0.0187504171043	0.0331448974201	0.00153346133821	0.0264023638064	-0.0227329384165	0.0232152038801	0.0544031089026	-0.0608063901541	0.0273941109621	0.0673528284368	0.0317611864904	0.0323386817469	-0.01998001906	-0.00510372771511	-0.00937379971783	-0.00778634212633	0.020360538364	0.0334731854149	0.0437901677598	-0.0528662392923	-0.0191291040817	-0.0082237523171	0.00796746344842	-0.0317227447352	-0.00131924600336	0.0202376763338	0.0214431029696	-0.0943892420118	-0.0253260049404	0.0323975262013	0.00684741691052	0.00359433995856	-0.0289627403461	-0.035050130647	0.00251971025868	-0.00243126660758	0.0321632142734	0.010842238018	0.0531964202278
k__Bacteria;p__Bacteroidetes;c__Bacteroidia;o__Bacteroidales;f__Bacteroidaceae;g__Bacteroides;s__Bacteroides_ovatus	0.00859880816624	0.0164226268573	0.0626735112404	-0.0488592676846	0.0288418194725	1.0	0.0513950222277	0.0134260453904	-0.0302645343121	-0.00553523026625	0.0220492913665	-0.128621703488	-0.0544139346024	0.0124356088223	-0.0562785857901	-0.0318860830557	-0.0207236097944	-0.0289041090719	0.0741185736627	0.0319465570703	0.0803121947375	0.0198098324463	-0.000301374498268	0.0157868592533	-0.0320295313789	-0.0484169834387	0.00752542048027	0.0186826440761	-0.0303085253143	-0.0268958736661	0.0302297616873	-0.039593265605	0.0583509816263	-0.012930192928	-0.00220641437446	-0.00479278451108	0.00223345748811	0.0135655068436	-0.0128985352517	-0.00668735166334	0.0260086128056	-0.0239736857647	0.0189502678139	0.0289991827293	-0.0529165318574	-0.0540553255603	-0.0333387023062	-0.0425052365085	-0.0111825107386	-0.0596442226471	-0.0331674409701	-0.0241626683268	-0.0198278069641	-0.0665318571783	0.0190045472883	0.00133961641756	0.0575164979202	-0.0334292406085	-0.0409378469111
k__Bacteria;p__Bacteroidetes;c__Bacteroidia;o__Bacteroidales;f__Rikenellaceae;g__Alistipes;s__Alistipes_shahii	-0.0253029175801	0.0554887898373	-0.0110862137488	-0.0040967179945	-0.0506734348111	0.0513950222277	1.0	0.00160214317879	0.047599200695	0.020597660983	-0.000113904688336	-0.00744729332558	0.0467944194298	-0.0486859743732	0.0331962400761	-0.0211402555693	-0.0472168056899	-0.0540511353587	-0.00592105902017	-0.0663245806052	-0.0822539833173	-0.00841998883491	-0.0141626753819	-0.000638286565786	0.026590082055	0.0131650371102	-0.0261573638879	0.0283772174315	0.0375041448644	-0.0256139917421	0.0409512578816	0.00686964257063	-0.0166093890583	-0.0596211656677	0.0157426732601	0.0157090982442	0.0609851894299	0.00416849499587	-0.00275201313726	-0.00129791026882	-0.0259959715708	0.00869841231163	-0.0506929415375	-0.0455598829053	0.0211588010632	-0.0770148652069	0.0793757011577	0.00657190452185	-0.0392662995314	-0.105983923079	-0.0222376465541	-0.0207373996171	0.0153802095732	0.0109939610131	-0.0316175578835	-0.0013713050618	0.0111018687173	0.0121711357479	0.0654824886765
k__Bacteria;p__Firmicutes;c__Clostridia;o__Clostridiales;f__Ruminococcaceae;g__Faecalibacterium;s__Faecalibacterium_prausnitzii	0.0221301898896	0.00834360507119	-0.0464158359656	-0.0589725016362	0.00660718805455	0.0134260453904	0.00160214317879	1.0	-0.0167038702407	-0.0111481928219	0.0254681921882	-0.0162639685535	-0.0596405976545	-0.0358340089821	0.0238828806013	0.0219862221653	-0.0757590378806	-0.0506748483775	0.0415564274543	-0.0310554717422	-0.0192300289089	-0.0628209625197	0.0261708096885	-0.0217425668825	0.00586048040347	-0.0170779154114	-0.0248429480669	-0.0837667056986	0.0235153385056	-0.0464561630531	-0.0364814764856	0.0495270122191	-0.00109838457493	-0.0262159526973	-0.0852463590844	-0.00487993493791	0.0116562220984	-0.0200857722326	-0.0028995277631	-0.00444569376074	-0.0132970428895	0.0098984565157	0.00133845971667	0.0234045850943	0.076643362828	-0.0504617115094	8.7344812024e-05	-0.00347001555824	0.00740995126967	0.0185086691892	-0.020103661835	-0.0959182241947	-0.0743338875937	-0.0232000263154	-0.0487246834134	0.00531955611981	-0.000902906535672	0.00132539953198	-0.0117754891887
k__Bacteria;p__Bacteroidetes;c__Bacteroidia;o__Bacteroidales;f__Rikenellaceae;g__Alistipes;s__Alistipes_finegoldii	0.00836040719561	-0.0326746707609	-0.0559635517182	-0.0396281763368	0.0178684857199	-0.0302645343121	0.047599200695	-0.0167038702407	1.0	0.0182767538289	-0.0352984569228	-0.0764928683427	-0.0300517358604	-0.0194453007404	0.00218537880038	0.0234610162727	0.012781466639	-0.0200533214002	0.0475218493185	-0.00839469620678	-0.0176269659348	-0.0489309278236	-0.0510967514932	0.0179641761133	-0.0211770593013	-0.0428348220444	-0.0459735921186	-0.0473823040767	-0.00914333526357	-0.0513646161073	0.00285994848498	0.0125837719727	0.0215256845753	0.0141728448996	0.011708201954	0.0229937894542	-0.0119434479038	-0.0180479096796	0.0062396980467	0.0307521175898	0.0468447743975	-0.00971725699872	0.0107796015646	0.00314425621982	-0.0644923435964	-0.038936185866	0.0103087913132	-0.0701515175321	-0.0393460083202	-0.00429681091002	0.0242998915891	-0.0266022871692	-0.00176975523933	0.00879364364917	-0.0343595730786	0.0233289893785	-0.0693962648677	-0.0497811285931	0.0452463061568
k__Bacteria;p__Bacteroidetes;c__Bacteroidia;o__Bacteroidales;f__Porphyromonadaceae;g__Parabacteroides;s__Parabacteroides_distasonis	-0.0286662462826	-0.017412309614	0.021024275782	0.0261048912922	0.00354413287139	-0.00553523026625	0.020597660983	-0.0111481928219	0.0182767538289	1.0	0.018732194757	-0.023681250396	0.0206488534886	0.00407444056959	-0.114109782171	-0.0399539213309	0.0184962275319	0.0722640962395	-0.030982988146	-0.0192674582426	-0.0238035727737	-0.0374990993819	0.00158219408172	-0.0281928480246	0.0189499915851	0.00736696465235	0.0298074502802	-0.0413541325665	-0.0224103700147	-0.042274522978	-0.0105924987261	-0.0380673927268	-0.00776327975513	0.000877737288358	0.00992372526547	-0.0714264157792	0.0264001561811	-0.0223549122348	-0.0538672502228	0.00235219233215	0.0197939028869	-0.0398302131689	-0.0337207659605	-0.0201227985609	-0.0422999077082	0.0240090663766	-0.0634213293876	0.0870648835605	0.0192694712909	-0.00886586950304	-0.0503902123229	0.0246471840859	-0.00402168502887	0.0491074404818	0.00196535683906	0.0300810278625	-0.0137367294074	-0.00721139900724	0.0353470610537
k__Bacteria;p__Bacteroidetes;c__Bacteroidia;o__Bacteroidales;f__Bacteroidaceae;g__Bacteroides;s__Bacteroides_thetaiotaomicron	-0.0221508598032	0.0956582268671	-0.035934900924	-0.045318430909	0.0171372399326	0.0220492913665	-0.000113904688336	0.0254681921882	-0.0352984569228	0.018732194757	1.0	-0.0362069017937	-0.000787389312703	0.00679344657622	0.0523306311448	0.0579111833838	-0.0160873291025	-0.0163877730459	0.0289227877685	-0.00934732527723	-0.00768724987084	-0.0126623253413	-0.0201501963225	-0.0351640920271	0.0362427855532	0.0396351856161	-0.0030184231184	0.0434863929141	0.00319976222384	-0.00560543437172	-0.0300580134398	0.0510738247371	0.0126658568397	-0.00835267192874	0.000488637308906	0.00106493402747	0.0323048250562	-0.0692232118856	0.00223310621925	0.0213151313171	-0.0599232433208	-0.0207593696549	0.0125647679951	-0.0594352981255	-0.0602483084716	-0.00891159297239	0.0231344363674	0.0176290038809	-0.0699704449704	-0.0258384763927	0.000879578563154	-0.0201935242718	-0.0552206077482	0.00103083433467	-0.0226871087433	-0.0137871770795	-0.0308441978839	-0.00409925909435	-0.0131753272772
k__Bacteria;p__Bacteroidetes;c__Bacteroidia;o__Bacteroidales;f__Bacteroidaceae;g__Bacteroides;s__Bacteroides_coprocola	-0.0232090388622	0.0260525632939	0.0411639558605	-0.0116340877656	0.00426614867486	-0.128621703488	-0.00744729332558	-0.0162639685535	-0.0764928683427	-0.023681250396	-0.0362069017937	1.0	-0.024824428811	-0.0303922488898	-0.027825971412	-0.0155068748118	-0.00598098161837	-0.00243017929621	-0.0230029864214	-0.0229477814613	0.0634255187906	0.00772906351389	0.00702311698533	-0.0445524666985	0.0181281225137	0.0295712543565	-0.012173333309	0.0042755643287	0.0143473267811	-0.0443192112009	0.0251768774948	-0.000760934008577	0.00548528846533	-0.0464093460111	0.0188120851371	0.0122858365204	0.040773953027	-0.0192898610466	0.0157825678092	-0.0494839708086	-0.0237063372261	0.0198577580776	0.00405627562858	0.0065289212082	0.00313746051305	0.0393647593556	0.00440516926358	0.0448886947859	-0.0201581443027	-0.0349293016823	0.00252313826465	-0.0114188998235	-0.0576632978854	0.0105052506946	0.0201930625076	0.075387335542	-0.0490447911371	0.0167783510203	-0.0824922252636
k__Bacteria;p__Bacteroidetes;c__Bacteroidia;o__Bacteroidales;f__Bacteroidaceae;g__Bacteroides;s__Bacteroides_cellulosilyticus	-0.0234911616549	0.000756827309922	-0.0850496227048	0.0900533395561	-0.0725322437767	-0.0544139346024	0.0467944194298	-0.0596405976545	-0.0300517358604	0.0206488534886	-0.000787389312703	-0.024824428811	1.0	0.00571896121581	-0.014166528783	-0.0199538394062	0.03249150823	-0.0318819849206	-0.0561381272454	-0.020343956395	-0.0113739334847	0.0382251926325	-0.0213658817705	-0.051495324171	-0.00712572375682	-0.0193636351264	-0.0428250580668	-0.00636512630453	-0.0213267402681	0.019228291876	-0.0101873771802	0.0118102860127	0.0298850702019	-0.0161663984548	0.0532208391043	0.071342999382	0.0141342349303	-0.0200738288603	0.0264258510618	-0.0383213087996	0.0338572620905	-0.0215657599025	-0.0938065478196	-0.0183403814514	-0.0123548403475	0.00364075932396	-0.0496339924392	-0.000330243554182	-0.006138164287	-0.0725611633021	0.0130245797005	0.0350267744309	0.072084906813	0.0275616473572	0.00763292422089	-0.0372549475392	0.023504035484	0.0298843305446	0.0105524920516
k__Bacteria;p__Bacteroidetes;c__Bacteroidia;o__Bacteroidales;f__Rikenellaceae;g__Alistipes;s__Alistipes_obesi	0.0476300738333	0.04765771171	-0.0438699132076	-0.042029570718	0.0105130928317	0.0124356088223	-0.0486859743732	-0.0358340089821	-0.0194453007404	0.00407444056959	0.00679344657622	-0.0303922488898	0.00571896121581	1.0	-0.0351435848028	0.0126572934488	0.0173679316813	0.0395228514213	-0.0418832217662	-0.0732244703475	-0.0810907252619	-0.00310537952542	-0.0206711463972	0.0286766567501	-0.0529958847567	-0.00480001911642	-0.00178792114084	0.0389480363124	-0.0703298731306	0.044098926267	0.0435963652722	0.0210993751041	-0.0447366287648	-0.0264993654276	0.0161256844352	0.0383597957441	0.0057305512237	-0.043727610472	-0.038590095652	0.0115325867447	0.0241032458857	-0.0159926262256	-0.0189139913478	-0.0537110210717	-0.000912582508922	0.0470643813858	0.051326908763	-0.0433631811287	0.0363587217566	-0.0104881802566	-0.00228375590275	-0.0236654002023	0.0564600609076	-0.0505931542666	0.0139460322665	-0.0664605439448	-0.0322397844897	-0.0320427763505	0.0132227171704
k__Bacteria;p__Firmicutes;c__Clostridia;o__Clostridiales;f__Lachnospiraceae;g__;s__[Eubacterium]_rectale	-0.0499832933969	0.0232130784856	-0.00250217627258	-0.0471796681707	0.0170492085701	-0.0562785857901	0.0331962400761	0.0238828806013	0.00218537880038	-0.114109782171	0.0523306311448	-0.027825971412	-0.014166528783	-0.0351435848028	1.0	0.0336731956173	0.0291092029816	0.0216367157875	0.01730344024	-0.0566013295725	-0.0127970242108	0.0195911821945	-0.034237808437	0.0352274834652	-0.0223389141388	0.070544005695	0.00786963044248	-0.0473252281373	-0.0289563550966	-0.0430294153001	-0.027471806608	0.0222230078508	0.0166742247176	-0.0132873498191	0.0295320494433	-0.0623439173448	0.00316405631654	-0.0395335095549	0.0436921750582	0.00372055624396	-0.0333594827468	0.0121997433224	0.0442290061754	-0.0586327231677	0.02955323241	-0.0168255102112	0.0256251914575	0.0189464883299	-0.0568820101528	-0.0348424286182	-0.0331116850792	0.0133491091936	-0.0345413692611	-0.023717756335	-0.0565574494909	-0.00173353795739	-0.0245070199083	-0.0405440878572	-0.0193675888709
k__Bacteria;p__Bacteroidetes;c__Bacteroidia;o__Bacteroidales;f__Bacteroidaceae;g__Bacteroides;s__Bacteroides_plebeius	-0.0446121566212	-0.0112432904084	0.0136900970548	-0.0121864060846	0.00325397353089	-0.0318860830557	-0.0211402555693	0.0219862221653	0.0234610162727	-0.0399539213309	0.0579111833838	-0.0155068748118	-0.0199538394062	0.0126572934488	0.0336731956173	1.0	0.00696312411164	0.0180231754394	-0.0331111335178	-0.0235795586378	-0.0152794472175	-0.0250703664353	0.0508153211902	-0.0284546944367	-0.0710157188072	0.0635936944393	0.0509472531294	-0.0413787172049	-0.00508249560111	0.0253792773841	-0.0115637241787	0.0439318558956	-0.0147598621671	-0.0194058144655	-0.00295019734746	0.000543091136197	0.0265428515729	0.0192456896243	-0.0731759441988	-0.0364142359202	0.0554206735793	-0.00999186285727	-0.0289383776679	0.00960872521314	-0.0282771205253	-0.0304398397531	-0.0148086984608	-0.0234542005091	-0.0107335506202	0.00831652893625	-0.0194424815106	-0.00727619537871	-0.00386312775657	-0.0259466617254	-0.0546476731859	0.0182754194845	-0.0978010266902	-0.00144988478027	-0.0230050935577
k__Bacteria;p__Bacteroidetes;c__Bacteroidia;o__Bacteroidales;f__Bacteroidaceae;g__Bacteroides;s__Bacteroides_fragilis	-0.0283345665497	0.0386787948051	-0.0622223361639	-0.0216620927962	0.0206193548682	-0.0207236097944	-0.0472168056899	-0.0757590378806	0.012781466639	0.0184962275319	-0.0160873291025	-0.00598098161837	0.03249150823	0.0173679316813	0.0291092029816	0.00696312411164	1.0	-0.0149677337355	0.0291526562731	-0.000133847336407	0.00940957211484	0.00390868688869	0.0120962793155	-0.0117107618976	-0.0183523876983	-0.012852600021	-0.0399475945778	-0.0254337756503	-0.0109864491639	-0.0441500018267	-0.0133927662778	0.00964648487555	-0.0205304125404	0.0561917460761	-0.00416954308781	-0.0140602990166	-0.00394203251761	0.0541029904702	-0.0227582176413	0.0367779104538	-0.00184606769875	0.0839280500869	-0.02415185571	0.0427917080733	-0.0633347606867	-0.00851896518045	-0.04092708855	0.0220380145894	-0.0599937432327	0.0337718385397	-0.0220108445312	-0.0456119288228	-0.0517630906323	-0.00382647875592	0.0361021635996	0.00178878370446	-0.109120209098	-0.0361530879857	0.0515301010247
k__Bacteria;p__Proteobacteria;c__Betaproteobacteria;o__Burkholderiales;f__Sutterellaceae;g__Sutterella;s__Sutterella_wadsworthensis	0.0210235461601	0.055682146802	0.00961887395939	-0.0717585583839	-0.0259916465062	-0.0289041090719	-0.0540511353587	-0.0506748483775	-0.0200533214002	0.0722640962395	-0.0163877730459	-0.00243017929621	-0.0318819849206	0.0395228514213	0.0216367157875	0.0180231754394	-0.0149677337355	1.0	0.00636306154317	-0.055314237698	0.0082885350378	-0.016844811184	0.0743988194233	0.0248195101884	-0.000620323458287	-0.0395509322314	-0.0444679662957	0.047937014719	-0.0115081371164	0.0220752328292	-0.011451317076	0.0139760627693	-0.0552568197163	0.0181686721205	0.0333675520672	-0.0694125836859	0.0042981065806	-0.00223023122198	-0.00263834552973	0.00636172553752	-0.0118811193624	0.0101036115485	0.0716441087598	-0.0287313732244	-0.0245301562465	0.0311902675963	-0.037362651116	-0.00906192518839	-0.0635007261492	0.00111834944282	-0.0472354658476	-0.0187424675502	0.0421516887378	0.0365758259859	-0.0839863378287	0.00397585000717	-0.039511088492	0.046451768559	0.00588754495383
k__Bacteria;p__Bacteroidetes;c__Bacteroidia;o__Bacteroidales;f__Porphyromonadaceae;g__Barnesiella;s__Barnesiella_intestinihominis	-0.0198980307883	0.0500338396653	-0.033760085087	0.0565304243335	-0.0793587812008	0.0741185736627	-0.00592105902017	0.0415564274543	0.0475218493185	-0.030982988146	0.0289227877685	-0.0230029864214	-0.0561381272454	-0.0418832217662	0.01730344024	-0.0331111335178	0.0291526562731	0.00636306154317	1.0	0.0158112571244	0.00550483476017	0.0505141421701	0.03734939335	0.0317057083604	0.0332242436753	-0.0615841891735	-0.0154407810583	-0.0878002477667	0.000477723940091	0.0138844960628	0.0042442493675	-0.0210688850331	-0.0250950498975	0.0158295786107	0.0188646484652	0.0359752441863	0.0201405878366	0.00772337292985	-0.0387463678068	0.016227452141	-0.0369518934402	-0.0229631274181	0.00501272798831	-0.0398995316964	-0.0313119017795	0.000420076312586	-0.0291780022763	-0.055040413025	-0.0267944784293	-0.0304559820186	0.0356851940766	-0.0445202238365	0.0431431946376	0.000528927538884	-0.0114658745698	0.0150106387664	-0.0163297776389	-0.0718080636346	-0.0907795618542
k__Bacteria;p__Bacteroidetes;c__Bacteroidia;o__Bacteroidales;f__Odoribacteraceae;g__Odoribacter;s__Odoribacter_splanchnicus	0.0237664007451	0.011131334877	0.002201162484	0.0103843323151	0.002355209439	0.0319465570703	-0.0663245806052	-0.0310554717422	-0.00839469620678	-0.0192674582426	-0.00934732527723	-0.0229477814613	-0.020343956395	-0.0732244703475	-0.0566013295725	-0.0235795586378	-0.000133847336407	-0.055314237698	0.0158112571244	1.0	0.0160662122647	-0.0183882049001	-0.0878036637632	0.0259255747655	-0.105095174262	0.0526380868973	-0.103409947546	-0.0891508744814	-0.0388250642147	0.0314090614193	-0.0302150187714	-0.0218812928032	-0.000829584029681	0.0113383321466	0.0237823427415	0.0443727288602	0.0130078801838	0.0528855430193	0.0482089152437	-0.0309304332243	-0.031485532012	0.0109564778555	0.00614904765501	-0.0546979948195	-0.0367743289598	0.0506630335256	0.00388640088515	0.0125342028775	-0.0224322267667	0.0460027705312	0.0679338093996	-0.0519687784771	-0.0098646479204	-0.0023064493456	0.0435353569895	0.0334780108817	0.00066303465451	-0.00630780110543	0.00556746253602
k__Bacteria;p__Bacteroidetes;c__Bacteroidia;o__Bacteroidales;f__Bacteroidaceae;g__Bacteroides;s__Bacteroides_salyersiae	0.0437733585941	-0.0716344240387	-0.00340916687229	-0.0447750624274	-0.0187504171043	0.0803121947375	-0.0822539833173	-0.0192300289089	-0.0176269659348	-0.0238035727737	-0.00768724987084	0.0634255187906	-0.0113739334847	-0.0810907252619	-0.0127970242108	-0.0152794472175	0.00940957211484	0.0082885350378	0.00550483476017	0.0160662122647	1.0	-0.0390780736263	-0.00733431474396	0.0590177652665	0.00777657291277	0.0476697164473	0.0317986419228	-0.00506173406544	0.0311627788426	-0.00427698742431	-0.033157956074	-0.0525708058265	-0.0568584988167	0.0396952719428	-0.0813665102587	0.00939946260951	0.0221821925749	-0.0319004837675	0.00283002926932	0.0689630780504	-0.0611817658236	0.0288507215657	0.00975255646806	-0.0477057115281	0.0478041623627	0.000921755754324	-0.00612908271852	0.00691197980189	-0.0766917205598	-0.0123350931714	-0.0120451232375	0.0283737516753	-0.0329380885526	-0.0321262486063	-0.0139319478986	-0.027376497749	-0.0138657461943	0.012886034209	0.0066834238483
k__Bacteria;p__Firmicutes;c__Clostridia;o__Clostridiales;f__Ruminococcaceae;g__Ruminiclostridium;s__[Eubacterium]_siraeum	-0.0241075468793	-0.000331366877622	-0.0250350136421	0.0603004300749	0.0331448974201	0.0198098324463	-0.00841998883491	-0.0628209625197	-0.0489309278236	-0.0374990993819	-0.0126623253413	0.00772906351389	0.0382251926325	-0.00310537952542	0.0195911821945	-0.0250703664353	0.00390868688869	-0.016844811184	0.0505141421701	-0.0183882049001	-0.0390780736263	1.0	-0.0380914757617	0.0336065352829	-0.0573232649889	0.0668699107326	-0.0247180958744	-0.0146077596132	-0.0176489872192	-0.0633407443324	-0.0274957685075	0.0154423105606	0.0350891335052	-0.0755861110679	0.00492429064839	-0.0243208549082	-0.0326270708476	-0.0337024304818	-0.0539248967942	0.0118652999599	0.0262855628275	-0.125664569243	-0.0104504022102	-0.0459292197915	0.0255552335666	0.0241655460322	-0.014740537627	-0.067182035948	0.0876694325001	-0.0111628349808	0.0369779171579	-0.0288304242141	-0.0128503321077	-0.0215128490387	-0.0724312140355	-0.0516904049812	0.0100541364016	0.00155625013733	0.0163982940693
k__Bacteria;p__Proteobacteria;c__Betaproteobacteria;o__Burkholderiales;f__Sutterellaceae;g__Parasutterella;s__Parasutterella_excrementihominis	0.00140588081319	0.0725693417201	-0.019121316486	0.0408462985561	0.00153346133821	-0.000301374498268	-0.0141626753819	0.0261708096885	-0.0510967514932	0.00158219408172	-0.0201501963225	0.00702311698533	-0.0213658817705	-0.0206711463972	-0.034237808437	0.0508153211902	0.0120962793155	0.0743988194233	0.03734939335	-0.0878036637632	-0.00733431474396	-0.0380914757617	1.0	-0.0108440868295	-0.0101367392306	-0.00718777711046	0.0131848289825	-0.0415651715962	0.024264093081	0.0249737647686	-0.0393978563313	-0.0347632296554	0.000860528433668	-0.032481447524	-0.0409928870083	-0.0370901974776	0.0222670881609	-0.00673926856378	0.0283912109831	0.042210081825	-0.0473050027875	0.0228964510781	-0.069500183467	0.046472535607	-0.021861128496	0.00723269513968	0.017471671169	0.0314566556157	-0.0838812294227	-0.015067182001	-0.0778862950686	-0.0112022059916	-0.00301485040106	0.0197522113556	0.00138367926138	-0.0436611171447	-0.0543156863204	-0.014479029308	-0.0250786460983
k__Bacteria;p__Actinobacteria;c__Actinobacteria;o__Bifidobacteriales;f__Bifidobacteriaceae;g__Bifidobacterium;s__Bifidobacterium_adolescentis	0.000144236825195	0.02085516497	-0.00843007205033	-0.00471181586466	0.0264023638064	0.0157868592533	-0.000638286565786	-0.0217425668825	0.0179641761133	-0.0281928480246	-0.0351640920271	-0.0445524666985	-0.051495324171	0.0286766567501	0.0352274834652	-0.0284546944367	-0.0117107618976	0.0248195101884	0.0317057083604	0.0259255747655	0.0590177652665	0.0336065352829	-0.0108440868295	1.0	-0.0832166776161	0.0853667981067	0.00697865877001	0.00353858309878	-0.00130072940062	0.0138483360989	-0.00410956422902	0.043849166955	-0.0394133663833	-0.00955800342896	-0.0146112917812	-0.056014956368	0.0309787243367	-0.0401839469663	-0.0802875018862	0.0150707113881	-0.0356425372533	0.00886144595998	-0.00638866863772	0.00873195382384	-0.0427509573285	-0.0279738698397	0.00964634243279	-0.00379846757518	-0.028797079251	-0.076304373557	-0.0411811066674	0.0184580692715	0.05052153099	-0.0243159372372	-0.0326717889485	0.015949731056	-0.0188455132336	-0.0580630558753	-0.0224052238512
k__Bacteria;p__Firmicutes;c__Clostridia;o__Clostridiales;f__Oscillospiraceae;g__Oscillibacter;s__Oscillibacter_sp._KLE_1745	-0.0419115318232	-0.0174321546875	0.0267683857082	0.00423679158993	-0.0227329384165	-0.0320295313789	0.026590082055	0.00586048040347	-0.0211770593013	0.0189499915851	0.0362427855532	0.0181281225137	-0.00712572375682	-0.0529958847567	-0.0223389141388	-0.0710157188072	-0.0183523876983	-0.000620323458287	0.0332242436753	-0.105095174262	0.00777657291277	-0.0573232649889	-0.0101367392306	-0.0832166776161	1.0	-0.0255979246211	0.0061504836245	0.0203926372214	0.0280112815251	-0.0477497835393	0.0636273348297	-0.0246401929666	0.0206682501562	0.055748096382	0.0290722921018	-0.0438417927913	-0.0324444848444	-0.0480283737813	-0.0271412190653	-0.0322817377954	0.0176864114484	-0.0299841557334	-0.0240176915012	0.00343745003621	-0.00823656685409	-0.0537503186689	0.0369280285468	-0.0207379698432	-0.0252133329429	-0.0051282293438	-0.0769042232419	-0.0191470833264	0.0811480024355	0.0307735598776	0.0293649263487	0.0475776095875	0.00492310235032	-0.0209348976875	0.00565099789254
k__Bacteria;p__Bacteroidetes;c__Bacteroidia;o__Bacteroidales;f__Bacteroidaceae;g__Bacteroides;s__Bacteroides_coprophilus	-0.0272613273758	-0.00398371185559	0.0083059843446	-0.0343114430642	0.0232152038801	-0.0484169834387	0.0131650371102	-0.0170779154114	-0.0428348220444	0.00736696465235	0.0396351856161	0.0295712543565	-0.0193636351264	-0.00480001911642	0.070544005695	0.0635936944393	-0.012852600021	-0.0395509322314	-0.0615841891735	0.0526380868973	0.0476697164473	0.0668699107326	-0.00718777711046	0.0853667981067	-0.0255979246211	1.0	-0.00514661023971	-0.00848968937923	-0.0662551203788	0.0125487686169	-0.0473257223279	-0.024933872717	-0.0552773648413	-0.0334145256151	0.000406767525437	0.00224371284284	0.0280400541497	0.0177906211232	0.0233838130197	-0.0399265519249	-0.0538380995746	0.00509100657152	0.000171947669578	0.0349656159639	0.00516237328274	-0.0128366368803	0.00981698723049	-0.0743328616653	-0.00500129676889	-0.0429405248919	0.0120668594731	-0.00531848295438	-0.0190208617139	-0.0521956899577	-0.0334068812131	-0.0226380213064	-0.0293116236218	-0.0709951334203	-0.094449013559
k__Bacteria;p__Firmicutes;c__Clostridia;o__Clostridiales;f__Lachnospiraceae;g__Roseburia;s__Roseburia_intestinalis	0.0085510312923	-0.0395217605741	-0.0275816401589	0.0727728592959	0.0544031089026	0.00752542048027	-0.0261573638879	-0.0248429480669	-0.0459735921186	0.0298074502802	-0.0030184231184	-0.012173333309	-0.0428250580668	-0.00178792114084	0.00786963044248	0.0509472531294	-0.0399475945778	-0.0444679662957	-0.0154407810583	-0.103409947546	0.0317986419228	-0.0247180958744	0.0131848289825	0.00697865877001	0.0061504836245	-0.00514661023971	1.0	0.0472042846768	0.0332101739619	-0.005732769431	-0.00333947866322	-0.0484252790704	-0.0727932209025	-0.0215520537654	0.00260647504735	-0.00463783346438	-0.0123924669253	-0.0571619763656	-0.0315323857598	-0.00732639206339	0.0048645134673	-0.00825302220723	0.0272777551713	-0.0312205265859	-0.0304818005952	0.00383249069301	-0.047774574458	0.0279086248776	-0.000432954195258	0.00869462786212	-0.0480863224455	0.0352908845751	-0.0589143354681	-0.0178387270462	-0.0311782684463	-0.0354164855204	-0.00176063203062	0.0309164023874	0.00962735927198
k__Bacteria;p__Firmicutes;c__Clostridia;o__Clostridiales;f__Lachnospiraceae;g__Roseburia;s__Roseburia_hominis	7.64929416509e-05	-0.0999036512012	-0.0388619231003	-0.0269894118199	-0.0608063901541	0.0186826440761	0.0283772174315	-0.0837667056986	-0.0473823040767	-0.0413541325665	0.0434863929141	0.0042755643287	-0.00636512630453	0.0389480363124	-0.0473252281373	-0.0413787172049	-0.0254337756503	0.047937014719	-0.0878002477667	-0.0891508744814	-0.00506173406544	-0.0146077596132	-0.0415651715962	0.00353858309878	0.0203926372214	-0.00848968937923	0.0472042846768	1.0	0.0225183506508	-0.0163291993812	-0.0876311469022	-0.00254344630482	0.016275753401	0.030121539038	-0.018367865048	-0.0286651735581	-0.0742473527285	-0.0750501578431	0.0431848989718	-0.0170521783694	0.0541084851333	-0.00735444895964	-0.0064972190416	0.00218837931562	-0.0640075115137	0.00652592106766	0.0500444980811	0.0163445244014	0.00556245615327	-0.0231923262702	-0.00610631265382	-0.0589529926924	0.0752826281368	-0.0117775334442	-0.0206634762442	0.00384453680077	0.0333999651824	0.0467879059326	-0.0318258308952
k__Bacteria;p__Bacteroidetes;c__Bacteroidia;o__Bacteroidales;f__Porphyromonadaceae;g__Parabacteroides;s__Parabacteroides_johnsonii	-0.0269344460916	-0.0220072129617	0.0267396233685	0.0136687160247	0.0273941109621	-0.0303085253143	0.0375041448644	0.0235153385056	-0.00914333526357	-0.0224103700147	0.00319976222384	0.0143473267811	-0.0213267402681	-0.0703298731306	-0.0289563550966	-0.00508249560111	-0.0109864491639	-0.0115081371164	0.000477723940091	-0.0388250642147	0.0311627788426	-0.0176489872192	0.024264093081	-0.00130072940062	0.0280112815251	-0.0662551203788	0.0332101739619	0.0225183506508	1.0	0.044895815266	0.0410014313936	0.0541669033495	-0.0129729926978	0.00845419342496	-0.0237205029584	-0.0265204324378	0.00201423799791	-0.0133584562243	-0.027357382258	0.0209100664708	-0.0526193002101	-0.0565158976401	-0.0133338528465	0.0251223074694	-0.0798060127866	-0.00122648032875	-0.0329169459744	0.00713377132422	0.00851612169891	0.0485115308986	0.0681018467282	-0.0235769536079	-0.0454337362498	-0.0424532213559	-0.0460041942932	0.00295405432081	-0.00965804724702	-0.0410049807801	0.0418421317729
k__Bacteria;p__Actinobacteria;c__Actinobacteria;o__Bifidobacteriales;f__Bifidobacteriaceae;g__Bifidobacterium;s__Bifidobacterium_longum	0.0193973994563	0.0452455754637	-0.0147753104012	-0.0291500121752	0.0673528284368	-0.0268958736661	-0.0256139917421	-0.0464561630531	-0.0513646161073	-0.042274522978	-0.00560543437172	-0.0443192112009	0.019228291876	0.044098926267	-0.0430294153001	0.0253792773841	-0.0441500018267	0.0220752328292	0.0138844960628	0.0314090614193	-0.00427698742431	-0.0633407443324	0.0249737647686	0.0138483360989	-0.0477497835393	0.0125487686169	-0.005732769431	-0.0163291993812	0.044895815266	1.0	0.0250205782868	0.0360198725697	-0.0605204619373	-0.0446100629915	0.00412293808007	-0.0485198652471	0.0167051270747	-0.0588355795942	-0.0358201293232	0.014504285487	-0.0049127083672	-0.0532238673486	-0.0135353637517	-0.0100388232226	-0.0274836621825	-0.0761499370678	0.03773349887	-0.0671156686041	0.053903745036	-0.00829464060078	-0.00908113492238	0.0322321031986	0.0144438073341	0.00203086225041	0.00390373094905	-0.0084391655734	-0.0334829036081	0.0072842097522	-0.0258194955866
