#taxonomy	k__Bacteria;p__Bacteroidetes;c__Bacteroidia;o__Bacteroidales;f__Bacteroidaceae;g__Bacteroides;s__Bacteroides_vulgatus	k__Bacteria;p__Bacteroidetes;c__Bacteroidia;o__Bacteroidales;f__Bacteroidaceae;g__Bacteroides;s__Bacteroides_uniformis	k__Bacteria;p__Bacteroidetes;c__Bacteroidia;o__Bacteroidales;f__Rikenellaceae;g__Alistipes;s__Alistipes_putredinis	k__Bacteria;p__Bacteroidetes;c__Bacteroidia;o__Bacteroidales;f__Prevotellaceae;g__Prevotella;s__Prevotella_copri	k__Bacteria;p__Bacteroidetes;c__Bacteroidia;o__Bacteroidales;f__Bacteroidaceae;g__Bacteroides;s__Bacteroides_stercoris	k__Bacteria;p__Bacteroidetes;c__Bacteroidia;o__Bacteroidales;f__Bacteroidaceae;g__Bacteroides;s__Bacteroides_ovatus	k__Bacteria;p__Bacteroidetes;c__Bacteroidia;o__Bacteroidales;f__Rikenellaceae;g__Alistipes;s__Alistipes_shahii	k__Bacteria;p__Firmicutes;c__Clostridia;o__Clostridiales;f__Ruminococcaceae;g__Faecalibacterium;s__Faecalibacterium_prausnitzii	k__Bacteria;p__Bacteroidetes;c__Bacteroidia;o__Bacteroidales;f__Rikenellaceae;g__Alistipes;s__Alistipes_finegoldii	k__Bacteria;p__Bacteroidetes;c__Bacteroidia;o__Bacteroidales;f__Porphyromonadaceae;g__Parabacteroides;s__Parabacteroides_distasonis	k__Bacteria;p__Bacteroidetes;c__Bacteroidia;o__Bacteroidales;f__Bacteroidaceae;g__Bacteroides;s__Bacteroides_thetaiotaomicron	k__Bacteria;p__Bacteroidetes;c__Bacteroidia;o__Bacteroidales;f__Bacteroidaceae;g__Bacteroides;s__Bacteroides_coprocola	k__Bacteria;p__Bacteroidetes;c__Bacteroidia;o__Bacteroidales;f__Bacteroidaceae;g__Bacteroides;s__Bacteroides_cellulosilyticus	k__Bacteria;p__Bacteroidetes;c__Bacteroidia;o__Bacteroidales;f__Rikenellaceae;g__Alistipes;s__Alistipes_obesi	k__Bacteria;p__Firmicutes;c__Clostridia;o__Clostridiales;f__Lachnospiraceae;g__;s__[Eubacterium]_rectale	k__Bacteria;p__Bacteroidetes;c__Bacteroidia;o__Bacteroidales;f__Bacteroidaceae;g__Bacteroides;s__Bacteroides_plebeius	k__Bacteria;p__Bacteroidetes;c__Bacteroidia;o__Bacteroidales;f__Bacteroidaceae;g__Bacteroides;s__Bacteroides_fragilis	k__Bacteria;p__Proteobacteria;c__Betaproteobacteria;o__Burkholderiales;f__Sutterellaceae;g__Sutterella;s__Sutterella_wadsworthensis	k__Bacteria;p__Bacteroidetes;c__Bacteroidia;o__Bacteroidales;f__Porphyromonadaceae;g__Barnesiella;s__Barnesiella_intestinihominis	k__Bacteria;p__Bacteroidetes;c__Bacteroidia;o__Bacteroidales;f__Odoribacteraceae;g__Odoribacter;s__Odoribacter_splanchnicus	k__Bacteria;p__Bacteroidetes;c__Bacteroidia;o__Bacteroidales;f__Bacteroidaceae;g__Bacteroides;s__Bacteroides_salyersiae	k__Bacteria;p__Firmicutes;c__Clostridia;o__Clostridiales;f__Ruminococcaceae;g__Ruminiclostridium;s__[Eubacterium]_siraeum	k__Bacteria;p__Proteobacteria;c__Betaproteobacteria;o__Burkholderiales;f__Sutterellaceae;g__Parasutterella;s__Parasutterella_excrementihominis	k__Bacteria;p__Actinobacteria;c__Actinobacteria;o__Bifidobacteriales;f__Bifidobacteriaceae;g__Bifidobacterium;s__Bifidobacterium_adolescentis	k__Bacteria;p__Firmicutes;c__Clostridia;o__Clostridiales;f__Oscillospiraceae;g__Oscillibacter;s__Oscillibacter_sp._KLE_1745	k__Bacteria;p__Bacteroidetes;c__Bacteroidia;o__Bacteroidales;f__Bacteroidaceae;g__Bacteroides;s__Bacteroides_coprophilus	k__Bacteria;p__Firmicutes;c__Clostridia;o__Clostridiales;f__Lachnospiraceae;g__Roseburia;s__Roseburia_intestinalis	k__Bacteria;p__Firmicutes;c__Clostridia;o__Clostridiales;f__Lachnospiraceae;g__Roseburia;s__Roseburia_hominis	k__Bacteria;p__Bacteroidetes;c__Bacteroidia;o__Bacteroidales;f__Porphyromonadaceae;g__Parabacteroides;s__Parabacteroides_johnsonii	k__Bacteria;p__Actinobacteria;c__Actinobacteria;o__Bifidobacteriales;f__Bifidobacteriaceae;g__Bifidobacterium;s__Bifidobacterium_longum	k__Bacteria;p__Firmicutes;c__Clostridia;o__Clostridiales;f__;g__Flavonifractor;s__Flavonifractor_plautii	k__Bacteria;p__Firmicutes;c__Clostridia;o__Clostridiales;f__Clostridiaceae;g__Clostridium;s__Clostridium_phoceensis	k__Bacteria;p__Verrucomicrobia;c__Verrucomicrobiae;o__Verrucomicrobiales;f__Akkermansiaceae;g__Akkermansia;s__Akkermansia_muciniphila	k__Bacteria;p__Bacteroidetes;c__Bacteroidia;o__Bacteroidales;f__Prevotellaceae;g__Paraprevotella;s__Paraprevotella_xylaniphila	k__Bacteria;p__Firmicutes;c__Clostridia;o__Clostridiales;f__Ruminococcaceae;g__Ruminococcus;s__Ruminococcus_callidus	k__Bacteria;p__Bacteroidetes;c__Bacteroidia;o__Bacteroidales;f__Rikenellaceae;g__Alistipes;s__Alistipes_senegalensis	k__Bacteria;p__Firmicutes;c__Clostridia;o__Clostridiales;f__Lachnospiraceae;g__Blautia;s__Blautia_sp._KLE_1732	k__Bacteria;p__Bacteroidetes;c__Bacteroidia;o__Bacteroidales;f__Bacteroidaceae;g__Bacteroides;s__Bacteroides_oleiciplenus	k__Bacteria;p__Firmicutes;c__Clostridia;o__Clostridiales;f__Ruminococcaceae;g__Ruminococcus;s__Ruminococcus_bicirculans	k__Bacteria;p__Bacteroidetes;c__Bacteroidia;o__Bacteroidales;f__Bacteroidaceae;g__Bacteroides;s__Bacteroides_fluxus	k__Bacteria;p__Bacteroidetes;c__Bacteroidia;o__Bacteroidales;f__Prevotellaceae;g__Prevotella;s__Prevotella_stercorea	k__Bacteria;p__Firmicutes;c__Clostridia;o__Clostridiales;f__Lachnospiraceae;g__Dorea;s__Dorea_longicatena	k__Bacteria;p__Firmicutes;c__Clostridia;o__Clostridiales;f__Eubacteriaceae;g__Eubacterium;s__[Eubacterium]_eligens	k__Bacteria;p__Firmicutes;c__Clostridia;o__Clostridiales;f__Ruminococcaceae;g__;s__Ruminococcaceae_bacterium_D16	k__Bacteria;p__Firmicutes;c__Clostridia;o__Clostridiales;f__Lachnospiraceae;g__Coprococcus;s__Coprococcus_comes	k__Bacteria;p__Proteobacteria;c__Gammaproteobacteria;o__Enterobacterales;f__Enterobacteriaceae;g__Escherichia;s__Escherichia_coli	k__Bacteria;p__Firmicutes;c__Clostridia;o__Clostridiales;f__Ruminococcaceae;g__Anaerotruncus;s__Anaerotruncus_colihominis	k__Bacteria;p__Firmicutes;c__Clostridia;o__Clostridiales;f__Lachnospiraceae;g__Blautia;s__Blautia_obeum	k__Bacteria;p__Bacteroidetes;c__Bacteroidia;o__Bacteroidales;f__Odoribacteraceae;g__Odoribacter;s__Odoribacter_laneus	k__Bacteria;p__Firmicutes;c__Clostridia;o__Clostridiales;f__Ruminococcaceae;g__Ruminiclostridium;s__[Clostridium]_leptum	k__Bacteria;p__Bacteroidetes;c__Bacteroidia;o__Bacteroidales;f__Porphyromonadaceae;g__Parabacteroides;s__Parabacteroides_goldsteinii	k__Bacteria;p__Firmicutes;c__Clostridia;o__Clostridiales;f__Lachnospiraceae;g__Anaerostipes;s__Anaerostipes_hadrus	k__Bacteria;p__Firmicutes;c__Clostridia;o__Clostridiales;f__Ruminococcaceae;g__Ruminococcus;s__Ruminococcus_lactaris	k__Bacteria;p__Firmicutes;c__Clostridia;o__Clostridiales;f__Clostridiaceae;g__Clostridium;s__Clostridium_sp._L2-50	k__Bacteria;p__Firmicutes;c__Clostridia;o__Clostridiales;f__Clostridiaceae;g__Clostridium;s__Clostridium_sp._M62/1	k__Bacteria;p__Firmicutes;c__Clostridia;o__Clostridiales;f__;g__Intestinimonas;s__Intestinimonas_butyriciproducens	k__Bacteria;p__Actinobacteria;c__Actinobacteria;o__Bifidobacteriales;f__Bifidobacteriaceae;g__Bifidobacterium;s__Bifidobacterium_bifidum	k__Bacteria;p__Firmicutes;c__Negativicutes;o__Veillonellales;f__Veillonellaceae;g__Dialister;s__Dialister_invisus	k__Bacteria;p__Bacteroidetes;c__Bacteroidia;o__Bacteroidales;f__Bacteroidaceae;g__Bacteroides;s__Bacteroides_salanitronis
k__Bacteria;p__Bacteroidetes;c__Bacteroidia;o__Bacteroidales;f__Bacteroidaceae;g__Bacteroides;s__Bacteroides_vulgatus	1.0	-0.0553650417991	0.0292243872239	-0.0450763849219	0.0584614162632	0.00334598925933	0.0490173478971	0.0770992330219	-0.021011949785	-0.0477014719966	0.0568084473619	-0.0716670493422	-0.0724329115396	0.0165059476582	-0.0403486708297	-0.0239661578438	0.000424111445453	0.0244030861547	0.0667181987856	0.0778598149764	-0.0259523851143	-0.0262710745363	0.0316109909574	-0.0470973006353	-0.0204230667861	-0.00332128065975	-0.000256422834262	-0.0241206398872	0.0193430480511	0.0256730577551	-0.0201602819382	0.056380781378	-0.0180767054861	0.0104188298247	-0.0529784254966	0.0625319120273	-0.12087290616	-0.0305851883564	0.0488544043278	-0.0534085839635	-0.0116407811185	0.00959292758348	-0.0885226804372	0.00462193362343	-0.0457212394411	0.0235443998652	-0.0202849006607	-0.0252230383289	0.0510256789523	-0.010433708814	-0.0401844398632	0.000914013170252	0.00255675464605	-0.0557034711755	0.0188575007529	0.0027617342742	0.00249686735578	-0.0185292653171	0.040657484859
k__Bacteria;p__Bacteroidetes;c__Bacteroidia;o__Bacteroidales;f__Bacteroidaceae;g__Bacteroides;s__Bacteroides_uniformis	-0.0553650417991	1.0	0.0277349076906	-0.0234172975772	-0.0654528119149	-0.00954746975799	-0.00276642653199	-0.0581431076701	-0.0108359131505	-0.00839492733871	0.0102475521815	-0.0153340850354	0.0104526200957	-0.0104181587708	0.00209843535281	0.0032172811119	-0.0254916295479	-0.136997178665	-0.0147724294028	-0.031447485012	0.0289805111489	-0.00764777494322	0.0222566698641	0.0236059092341	0.0179377532163	0.0420297510827	-0.00508026439914	-0.0099973352832	-0.0279799289879	0.0184950288577	-0.0977104637461	-0.00779253367233	-0.00986010416538	0.0764225875678	-0.0444611095453	-0.0410583147108	-0.0530738043963	-0.0175340947577	-0.0383282700798	-0.00289708802759	0.0175354115623	-0.0303193641791	0.0306674331953	0.0267688975822	-0.0228579432038	0.0118996768495	0.00653017825057	-0.0480880321516	-0.0198419927765	-0.0118960419248	-0.036375070855	-0.0188438715985	-0.0398732744205	-0.0233356278297	0.02901309389	0.00435152650441	-0.0887988483003	-0.00259137079474	-0.0248447992636
k__Bacteria;p__Bacteroidetes;c__Bacteroidia;o__Bacteroidales;f__Rikenellaceae;g__Alistipes;s__Alistipes_putredinis	0.0292243872239	0.0277349076906	1.0	0.00424723994614	-0.0807532088125	-0.00547022564594	0.0374012772827	0.0617563549993	-0.0218188479391	-0.0127943775837	0.0222781858012	0.0440841584011	-0.0416127149542	-0.0131556793141	-0.0332892031364	-0.00949238974458	-0.133479555367	0.0273951743106	0.0130677556133	-0.00787677125553	0.0134128256207	-0.0173298953975	0.00988855566688	-0.0332381047538	-0.0402273331775	-0.0390473694277	-0.0233538361584	0.0525339834694	-0.0251366233586	0.0256265799959	0.041447732869	0.00862862985822	0.0803801693447	-0.00123226729221	-0.0732587719961	-0.0108472072594	0.0344525586235	-0.0263950489566	0.0268294160206	-0.0065127754327	0.0357783932925	0.0031350891014	-0.0214966723995	0.00331002539601	-0.0208329419587	0.0064871339133	0.050831778888	0.00698626953087	-0.0737379444052	-0.0399089241786	-0.0644602005874	-0.0107432980346	-0.0190003848249	-0.00541806514296	-0.0723521348914	-0.0472156816302	0.0411076937404	-0.020794962654	0.0342105841273
k__Bacteria;p__Bacteroidetes;c__Bacteroidia;o__Bacteroidales;f__Prevotellaceae;g__Prevotella;s__Prevotella_copri	-0.0450763849219	-0.0234172975772	0.00424723994614	1.0	0.044897675791	0.000520623166713	0.0331663911872	-0.0310400862592	-0.0383472886908	-0.000155917270953	-0.0567947926744	0.0728184450074	0.0335561695758	-0.0444374145431	-0.0234093031528	-0.0363899374795	-0.0119564086526	-0.023227290396	0.0396277747062	-0.00210198783041	0.00456074546885	-0.0613771492896	0.0233435351486	-0.0417579114379	-0.0733319381523	-0.0359577327718	-0.0195353859568	0.0897853006407	-0.00384906064118	0.0281075051344	-0.0163394669629	-0.0309262789111	0.0275820010977	-0.0276824337179	-0.0035523626991	-0.0563982582657	-0.0463581234218	0.0411344910896	0.0364776668735	-0.00938670657635	0.000103763879767	-0.0125206005613	-0.0276936593472	0.0320949850316	-0.00117952133172	0.00254012840274	0.0363941667742	0.0489068978434	0.0540879190182	-0.0394864314205	0.00427684029834	-0.0761945940996	-0.0270738166333	-0.0156556548141	-0.0371356026666	-0.056327518676	0.0054718037965	0.043998693911	0.0188906579607
k__Bacteria;p__Bacteroidetes;c__Bacteroidia;o__Bacteroidales;f__Bacteroidaceae;g__Bacteroides;s__Bacteroides_stercoris	0.0584614162632	-0.0654528119149	-0.0807532088125	0.044897675791	1.0	-0.00408545579851	-0.0285878793009	-0.0306852213013	-0.00532659388204	-0.0181869051375	0.00125096439072	-0.0255295936064	0.0331938934883	-0.0277556432528	0.0263918024794	-0.000796449277529	0.0244945071905	-0.0158058963733	0.000598007035785	-0.0311819935925	0.00471068353182	-0.0172337766056	-0.0242409771109	-0.035371443581	-0.0281063975709	0.0212126928094	-0.031548270834	-0.00763061883373	-0.0360529070201	-0.0534749829447	-0.105188176603	0.0270744314569	-0.0241965951611	0.00746998968517	0.00977915229028	0.0305901369316	-0.091068607673	-0.0145596238073	0.0199975862624	-0.048130429098	-0.00120147121516	0.035496038579	0.0131787974388	0.00123794494274	-0.0408635718184	-0.0134606848393	0.0346939017603	-0.00149716526645	0.0438801735342	0.0124043775988	-0.0125908156377	0.0252547804731	-0.0463233622611	0.0210343005647	-0.0422537884663	-0.00876993401642	0.0267150629874	-0.000671664347118	-0.00203341338866
k__Bacteria;p__Bacteroidetes;c__Bacteroidia;o__Bacteroidales;f__Bacteroidaceae;g__Bacteroides;s__Bacteroides_ovatus	0.00334598925933	-0.00954746975799	-0.00547022564594	0.000520623166713	-0.00408545579851	1.0	-0.0475251566135	0.00350209368048	-0.00715399145779	-0.00634772309228	-0.0102229972329	0.00184128597904	-0.0342497118295	-0.0123658253913	0.00908031789788	0.0367759882562	-0.0132099088839	-0.0369231473464	-0.0792900628429	-0.000197798994251	0.0262082228484	-0.0665933915933	-0.0704249945573	-0.0081879876862	0.00539498836166	0.00101572917275	0.0244993175379	0.0363339826882	-0.0379399955818	-0.0357298817524	-0.0076763438706	-0.0423746027307	-0.022692220187	0.0183396656497	-0.00194504210392	-0.00201286786158	-0.00408562046653	-7.74506705889e-05	0.027895760659	-0.000479462565859	0.0234711695222	-0.0145052788199	-0.0573428346335	-0.051130360165	0.0340242719649	-0.0571863251889	-0.00659698724862	0.0255048497412	-0.052910868853	0.0369051018478	-0.0281008630213	0.0136872522338	-0.0367568138335	-0.045622296454	-0.0502718519991	0.00240786420449	-0.0482771702566	-0.0593588594266	-0.0192814978185
k__Bacteria;p__Bacteroidetes;c__Bacteroidia;o__Bacteroidales;f__Rikenellaceae;g__Alistipes;s__Alistipes_shahii	0.0490173478971	-0.00276642653199	0.0374012772827	0.0331663911872	-0.0285878793009	-0.0475251566135	1.0	-0.0559253810161	-0.0133425488132	-0.0435459794255	-0.0154099908627	-0.0277757422075	0.0320025755586	-0.00121510397328	0.0049785648402	0.00769040124978	0.0677211265614	-0.032687212407	0.0355067643086	-0.0271703449471	-0.0121701182655	0.00510332259328	-0.0258155571092	-0.0510881265431	-0.0258661665791	-0.0314245863434	0.0204422597063	-0.0271401987917	-0.0507996772688	-0.0444697296316	-0.0131730683808	0.0165330403505	-0.0324174921459	-0.0118430942982	-0.0219070234306	-0.0310285740142	-0.0180352116232	0.0435464287608	-0.00212087778643	-0.0208329607005	0.0016148903054	0.0132894931871	-0.0441204584065	-0.0306248259506	-0.00996974391372	0.0300780199465	-0.0539232970763	0.00496913758545	-0.0133989380616	-0.0260343077241	-0.0449234598585	0.0470016507154	-0.00448475613238	0.0349685593756	-0.0537801735555	-0.0505049962423	-0.0174940669313	0.0296767743228	0.0110276318935
k__Bacteria;p__Firmicutes;c__Clostridia;o__Clostridiales;f__Ruminococcaceae;g__Faecalibacterium;s__Faecalibacterium_prausnitzii	0.0770992330219	-0.0581431076701	0.0617563549993	-0.0310400862592	-0.0306852213013	0.00350209368048	-0.0559253810161	1.0	-0.0153993204437	-0.0302876710982	0.00908043724601	0.0126218497031	-0.0454438182305	-0.00534592788229	0.0339615543839	-0.0113318056961	0.00599986438786	0.0216388160742	0.0470800235135	0.0256357018224	-0.0164648881503	-0.0260476189003	-0.0503411563533	-0.0509296762345	-0.0016552820245	-0.0517009521239	-0.0542985606392	-0.0200625195433	-0.00409360108252	0.0259689108097	-0.0177418131711	-0.0562155904828	0.00722822363769	-0.00684871783639	-0.0795336728932	-0.0177233762093	-0.0628405390012	0.0596525519987	-0.0125840741445	0.0489268539217	-0.0828981430546	0.022056268901	-0.0452449785964	-0.0458944019963	-0.00183820034431	0.0410438116464	0.000858022267441	0.00992988625882	0.0121839371839	-0.0674941344428	-0.0192546439087	0.0238706148766	0.0316380564624	0.037473561067	0.00846653688339	-0.0443119770133	-0.0275719740591	0.0495713770877	0.000948324167925
k__Bacteria;p__Bacteroidetes;c__Bacteroidia;o__Bacteroidales;f__Rikenellaceae;g__Alistipes;s__Alistipes_finegoldii	-0.021011949785	-0.0108359131505	-0.0218188479391	-0.0383472886908	-0.00532659388204	-0.00715399145779	-0.0133425488132	-0.0153993204437	1.0	-0.0377988105113	0.0282491774643	-0.0466593215237	-0.0179856069482	-0.0155579742509	-0.00858136826768	-0.035361380799	0.00702588198104	-0.00908915999969	-0.0195205785896	-0.0121356276696	-0.0123245214381	-0.00200501840947	-0.0144548301183	-0.0322099788309	-0.00483931779603	0.00845751196839	0.0446352908489	0.05505214591	0.0355658789846	0.00188641031463	0.0086218277752	-0.0225297566827	-0.0278008360556	0.0744897563885	-0.0192919756662	-0.0356385284281	0.0394747921568	-0.0159450985179	-0.0387419565312	0.011320437269	0.0023125358579	-0.0338912700314	0.0226599181329	-0.026593541236	0.052642418907	-0.0439349605546	0.0222864558918	-0.0532831725008	-0.0565794583069	0.0197922129755	-0.0283976197326	0.0554984814407	-0.0341793864821	0.0575920845562	-0.0302688795534	0.0605604955958	0.0111030709192	0.0201780396903	0.0825953415622
k__Bacteria;p__Bacteroidetes;c__Bacteroidia;o__Bacteroidales;f__Porphyromonadaceae;g__Parabacteroides;s__Parabacteroides_distasonis	-0.0477014719966	-0.00839492733871	-0.0127943775837	-0.000155917270953	-0.0181869051375	-0.00634772309228	-0.0435459794255	-0.0302876710982	-0.0377988105113	1.0	-0.0649476663696	0.0696718470724	-0.0566273969803	0.0567230080661	0.0259959326768	0.037147263799	-0.0141447663355	-0.0863215369816	-0.0274475302445	0.0338274973733	-0.0750252636642	-0.00134507130764	0.004942558263	-0.08309723337	-0.00451944140785	-0.01899522928	0.0236399406979	-0.0360343411835	-0.00248250967248	-0.021800906842	-0.00458594902183	-0.0224112190483	-0.0337766744429	-0.00114054417951	0.0395297319747	-0.0791258719387	0.00274738258721	0.0206777300268	0.00496173358476	-0.0193693456356	0.00899714925715	-0.0240740372573	-0.0108365431834	0.0289023770498	-0.0627917934813	-0.0447416206077	0.025009051682	-0.0136961092515	0.0344217597165	-0.0400102688027	0.00750035216045	-0.0698606155631	-0.00171069825083	0.0205290382486	-0.0148510523726	0.0240109367112	-0.00477273867669	-0.0232498236221	0.05332346659
k__Bacteria;p__Bacteroidetes;c__Bacteroidia;o__Bacteroidales;f__Bacteroidaceae;g__Bacteroides;s__Bacteroides_thetaiotaomicron	0.0568084473619	0.0102475521815	0.0222781858012	-0.0567947926744	0.00125096439072	-0.0102229972329	-0.0154099908627	0.00908043724601	0.0282491774643	-0.0649476663696	1.0	0.0147455990632	0.00383793043897	-0.0412474245104	-0.0342843422811	-0.0265019098236	-0.00896561532521	0.0376574290971	-0.0138555336626	-0.0244736323588	0.0780686272987	0.0422864302912	0.0348708718108	0.0516108756875	0.0144369123791	-0.0179623721339	-0.0515578730884	0.0551741701683	-0.0355610176505	0.0546740664351	-0.0241016407741	0.0458883302619	0.0506368736789	-0.00608326188851	-0.000626401949343	0.00876251338214	-0.00326240987034	0.0142673524527	0.0513364012516	0.0145115151752	-0.0161562811503	-0.0753279500715	-0.048251257267	0.0112423859419	-0.106296361162	0.0338025589542	0.0149625111073	0.0133966022431	0.00133445564812	0.00153386192792	0.0193280581257	-0.015332232954	0.0403396828629	0.0648403071359	-0.00557609841411	-0.0237787365079	-0.0241954861786	0.00261804140418	-0.0127163347898
k__Bacteria;p__Bacteroidetes;c__Bacteroidia;o__Bacteroidales;f__Bacteroidaceae;g__Bacteroides;s__Bacteroides_coprocola	-0.0716670493422	-0.0153340850354	0.0440841584011	0.0728184450074	-0.0255295936064	0.00184128597904	-0.0277757422075	0.0126218497031	-0.0466593215237	0.0696718470724	0.0147455990632	1.0	-0.00693820030228	-0.0164591180378	-0.0536073829407	0.0588130051782	-0.0211068902096	-0.0204121639876	-0.00946638618507	-0.0633137041666	-0.0124137134162	0.0211425072811	0.0375402685708	0.106417701596	0.00899226885973	0.00945429887093	-0.0384357592346	-0.0134491237043	-0.0133388224753	0.0256911605323	0.0419189306599	-0.0120331892953	0.00470321245369	0.0125342333424	-0.0235410096259	0.0357527630166	0.0150780659427	0.00949384145696	-0.0327741516939	-0.0252599317674	-0.0229093006573	-0.0758396229654	0.00588911877032	-0.00571670014348	0.0426638633517	-0.0219095377268	0.0116023834568	0.034033400368	0.0390357777138	-0.0487254487943	-0.031459160914	-0.00261115951751	0.0270290959548	-0.0628790229087	-0.0378463840754	0.00453773904269	-0.00492832524508	0.0130284604384	-0.0600623143949
k__Bacteria;p__Bacteroidetes;c__Bacteroidia;o__Bacteroidales;f__Bacteroidaceae;g__Bacteroides;s__Bacteroides_cellulosilyticus	-0.0724329115396	0.0104526200957	-0.0416127149542	0.0335561695758	0.0331938934883	-0.0342497118295	0.0320025755586	-0.0454438182305	-0.0179856069482	-0.0566273969803	0.00383793043897	-0.00693820030228	1.0	0.0324406266559	-0.038771863931	0.0354403858124	-0.0837179476556	0.0512259443528	0.0258300316853	0.0517808935447	-0.0322460285189	0.01895611443	0.00845714623846	-0.0662292310762	-0.0175365859729	0.0446753074366	-0.0176162234156	0.0453076334925	0.0127379856231	-0.0277965475546	-0.0306961997388	0.0223896031497	-0.0361779370494	-0.0272627168063	-0.044530666692	-0.0441971826505	0.00667437088983	-0.00735601378279	-0.0662602560304	-0.0120251365473	-0.0080837119246	-0.0001448742911	0.0395124186133	-0.0305600977943	0.0436124138311	-0.0254598326609	-0.0427503837664	0.0492139787206	-0.0222415861329	0.0686679160901	0.00346935028623	-0.00163605219952	-0.0537818153462	-0.0098454203102	-0.0288750278114	-0.0580732961528	-0.0134680883454	0.0164092524338	0.0414982902985
k__Bacteria;p__Bacteroidetes;c__Bacteroidia;o__Bacteroidales;f__Rikenellaceae;g__Alistipes;s__Alistipes_obesi	0.0165059476582	-0.0104181587708	-0.0131556793141	-0.0444374145431	-0.0277556432528	-0.0123658253913	-0.00121510397328	-0.00534592788229	-0.0155579742509	0.0567230080661	-0.0412474245104	-0.0164591180378	0.0324406266559	1.0	0.0411802455637	0.0139996322249	0.00413512297241	-0.0155577747813	0.00491735355171	0.00235916779206	0.0530628888438	0.043191143524	-0.0397955740562	-0.0155757789184	-0.00795647153872	-0.0774076740054	0.0110241553055	-0.0435906139426	-0.0214179300633	-0.0466611587887	0.0101133649023	-0.0114476665622	0.0149112420297	0.0222682752698	0.0409511178306	-0.00931136827021	0.0477804044137	0.0163427100229	-0.00846663454736	-0.0202157798093	-0.00545974412451	0.00809712361867	-0.0808212102588	-0.0440416629239	-0.0040117217206	-0.0624256821993	0.0248247512637	-0.0293171354337	0.00491001543339	-0.00339023404256	-0.00693669804794	0.0489820999124	-0.0208569329731	0.0327320234898	-0.0677375084725	0.0312115764068	-0.00960817764451	-0.124684568347	-0.0496887989581
k__Bacteria;p__Firmicutes;c__Clostridia;o__Clostridiales;f__Lachnospiraceae;g__;s__[Eubacterium]_rectale	-0.0403486708297	0.00209843535281	-0.0332892031364	-0.0234093031528	0.0263918024794	0.00908031789788	0.0049785648402	0.0339615543839	-0.00858136826768	0.0259959326768	-0.0342843422811	-0.0536073829407	-0.038771863931	0.0411802455637	1.0	0.00885370248802	-0.0112349451188	-0.0086864804348	0.00714705404153	0.0358254965035	-0.0120645328046	-0.0160121957954	-0.00726942928606	-0.00692816756799	0.0338687830933	-0.0375577536245	0.0363707583961	0.0503652161463	-0.0383801739831	-0.00447488973849	0.0280857221838	-0.04032426092	0.0670089166295	-0.00211563894388	-0.00450385074534	-0.0303726285937	0.0415307582918	-0.0366938303808	-0.0668936481106	0.0139551187738	-0.047985883144	-0.0147379355245	-0.050479407077	-0.00549397877659	0.0396256962342	0.0286220579964	0.0123166086322	-0.0131687889394	-0.0292373421753	0.00835461080221	0.00252156024459	-0.0214087521961	-0.0530124092577	-0.0201702521163	-0.0390885827148	0.0521680609444	-0.0548296612737	-0.00336719983147	-0.0260300896606
k__Bacteria;p__Bacteroidetes;c__Bacteroidia;o__Bacteroidales;f__Bacteroidaceae;g__Bacteroides;s__Bacteroides_plebeius	-0.0239661578438	0.0032172811119	-0.00949238974458	-0.0363899374795	-0.000796449277529	0.0367759882562	0.00769040124978	-0.0113318056961	-0.035361380799	0.037147263799	-0.0265019098236	0.0588130051782	0.0354403858124	0.0139996322249	0.00885370248802	1.0	0.0144672831654	0.0360655451431	-0.028637435183	-0.00702179911733	0.0149944760014	-0.0102843821612	0.0260683747479	0.0187122641392	0.060572309152	-0.0333304317292	-0.00915352971992	-0.00953211840761	-0.038818931055	-0.0744427330039	0.0313874941163	-0.00152907417712	-0.00977061813155	-0.0347599174136	-0.00994036445216	0.0276772182521	-0.0550031974445	-0.0525017555667	-0.0358914033415	-0.0482856025291	-0.0226525792059	-0.0261195190341	0.0610964510125	-0.0634894800965	0.0129063844947	-0.0581602794919	-0.0403495546607	-0.00226293107409	0.032519799208	-0.0269033626829	-0.00881248805943	-0.0342558476782	-0.00319070539354	-0.0434906992345	-0.0165318268526	-0.0383035862805	-0.0550389364311	-0.0262495484318	0.0598941465017
k__Bacteria;p__Bacteroidetes;c__Bacteroidia;o__Bacteroidales;f__Bacteroidaceae;g__Bacteroides;s__Bacteroides_fragilis	0.000424111445453	-0.0254916295479	-0.133479555367	-0.0119564086526	0.0244945071905	-0.0132099088839	0.0677211265614	0.00599986438786	0.00702588198104	-0.0141447663355	-0.00896561532521	-0.0211068902096	-0.0837179476556	0.0041351229724	-0.0112349451188	0.0144672831654	1.0	0.0261963990118	0.0138550253904	-0.0402957393175	0.0667711598466	0.034447751852	-0.0295788009784	0.0388934995866	0.000394586804112	-0.0342895795601	-0.0328085024564	-0.0106141355589	-0.0371559197046	-0.00111416529003	0.0950108540031	-0.0699909054293	-0.0404649411782	-0.0139070600154	-0.0479291014774	-0.0398713103973	0.00199014869741	0.0307044126457	0.0156719117347	-0.0292969995493	-0.0280091586511	0.0193946253209	-0.00600506972097	0.0420062051151	0.0282077990121	-0.038102978104	-0.0695725097185	-0.0428418368087	-0.0106248379473	-0.0176247011755	-0.044305089565	-0.0539137337388	-0.0441251724446	-0.0570626796838	-0.07597630214	0.0775938284699	0.00506738262702	-0.00948409717507	-0.00626652818195
k__Bacteria;p__Proteobacteria;c__Betaproteobacteria;o__Burkholderiales;f__Sutterellaceae;g__Sutterella;s__Sutterella_wadsworthensis	0.0244030861547	-0.136997178665	0.0273951743106	-0.023227290396	-0.0158058963733	-0.0369231473464	-0.032687212407	0.0216388160742	-0.00908915999969	-0.0863215369816	0.0376574290971	-0.0204121639876	0.0512259443528	-0.0155577747813	-0.0086864804348	0.0360655451431	0.0261963990118	1.0	0.0256391043248	0.00244090410012	0.0221304558262	-0.0458769916258	-0.00889202862614	-0.0397933901013	0.025583303844	-0.0261025365164	-0.000603177515196	0.00399711119571	0.00220242626758	0.0162523735027	-0.0115654474447	0.0574010734481	-0.0299116401879	0.0307233089957	-0.0133946174827	0.0676523087735	0.00661841773762	-0.0455613401591	-0.0312627680971	-0.0552998932605	-0.0782936915259	-0.0185170335683	0.0108667550654	-0.024286578092	-0.066214104394	0.0329902493564	0.0131107740857	-0.00849472874126	-0.0579742768286	0.0391624007593	0.0272197133528	-0.0394460116839	-0.028321367616	0.00081496618125	-0.0394884348376	0.0527738486739	-0.0663726608131	-0.0208386009123	-0.0192969899382
k__Bacteria;p__Bacteroidetes;c__Bacteroidia;o__Bacteroidales;f__Porphyromonadaceae;g__Barnesiella;s__Barnesiella_intestinihominis	0.0667181987856	-0.0147724294028	0.0130677556133	0.0396277747062	0.000598007035785	-0.0792900628429	0.0355067643086	0.0470800235135	-0.0195205785896	-0.0274475302445	-0.0138555336626	-0.00946638618507	0.0258300316853	0.00491735355171	0.00714705404153	-0.028637435183	0.0138550253904	0.0256391043248	1.0	0.0442750817629	-0.052212698667	-0.0271215717929	-0.0136987908692	0.0465901559313	-0.0363176979023	0.00433866739486	0.0111573191337	0.0212325024273	-0.00271819417732	-0.0359433730688	0.049037121888	0.00700233817464	0.0341869062273	-0.0964741578004	-0.0563972183728	0.0420382860057	-0.00638775984665	0.0267545831343	-0.0167560607127	-0.0492767807539	-0.0113144514057	-0.0502874021887	0.0290538861349	-0.0445823372356	-0.0239489715357	-0.0084679794503	-0.0273610807482	-0.0282308419548	-0.0123318969145	-0.0257597534368	0.0454566752142	-0.0401425511629	-0.0332194969047	-0.0374050777948	-0.0167920572617	-0.0183804184361	0.000938351419811	0.0723976588837	-0.0223492002224
k__Bacteria;p__Bacteroidetes;c__Bacteroidia;o__Bacteroidales;f__Odoribacteraceae;g__Odoribacter;s__Odoribacter_splanchnicus	0.0778598149764	-0.031447485012	-0.00787677125553	-0.00210198783041	-0.0311819935925	-0.000197798994251	-0.0271703449471	0.0256357018224	-0.0121356276696	0.0338274973733	-0.0244736323588	-0.0633137041666	0.0517808935447	0.00235916779206	0.0358254965035	-0.00702179911733	-0.0402957393175	0.00244090410012	0.0442750817629	1.0	-0.00499717361557	0.00362576091227	-0.0144618107705	-0.0392402519599	0.027970481624	0.0209438125748	-0.0140930846336	-0.0121715432881	0.0026163409634	0.014219206832	0.0816237010146	0.00607884063699	-0.0293464661026	-0.0233051695083	-0.00370389612338	0.00491006205202	0.0285446042139	-0.0103745280776	0.0349916896939	-0.023959656771	-0.0452174112813	0.0270550482761	-0.0147047857686	-0.000294663337507	-0.010407314009	-0.0468094476201	0.00476649329329	-0.0298068561772	-0.06260609037	-0.0656603648756	-0.0756309556429	0.02370610193	0.00514161395213	-0.01049113206	-0.00448520203569	-0.0363444677709	-0.0556135956665	0.0254105264802	0.0161899135564
k__Bacteria;p__Bacteroidetes;c__Bacteroidia;o__Bacteroidales;f__Bacteroidaceae;g__Bacteroides;s__Bacteroides_salyersiae	-0.0259523851143	0.0289805111489	0.0134128256207	0.00456074546885	0.00471068353182	0.0262082228484	-0.0121701182655	-0.0164648881503	-0.0123245214381	-0.0750252636642	0.0780686272987	-0.0124137134162	-0.0322460285189	0.0530628888438	-0.0120645328046	0.0149944760014	0.0667711598466	0.0221304558262	-0.052212698667	-0.00499717361557	1.0	-0.00471465498114	0.0056875876786	-0.014007266101	-0.0105581114112	0.00648060220181	0.00890082863234	-0.011052777192	-0.0433859714404	-0.07214456859	-0.041300638809	-0.0269429991938	0.0265816599095	0.00225698597062	0.0279179770033	-0.00798167288716	-0.00825847128975	0.0269690490964	-0.0105299479215	-0.0227967727723	0.014135043893	-0.0327621149905	-0.0445174889746	-0.0547825022146	0.014325802221	0.012626600345	0.0708253485306	-0.000769387712917	-0.0123419399286	-0.0102430529604	-0.0425182587392	-0.0102799504944	-0.0172930954564	0.00405143991637	0.0307825348188	0.0394707759564	-0.0287922826406	-0.00520084532558	-0.0131155449911
k__Bacteria;p__Firmicutes;c__Clostridia;o__Clostridiales;f__Ruminococcaceae;g__Ruminiclostridium;s__[Eubacterium]_siraeum	-0.0262710745363	-0.00764777494322	-0.0173298953975	-0.0613771492896	-0.0172337766056	-0.0665933915933	0.00510332259328	-0.0260476189003	-0.00200501840947	-0.00134507130764	0.0422864302912	0.0211425072811	0.01895611443	0.043191143524	-0.0160121957954	-0.0102843821612	0.034447751852	-0.0458769916258	-0.0271215717929	0.00362576091227	-0.00471465498114	1.0	-0.0302726458437	-0.00827636682	-0.00135317907287	0.0340305884087	0.0354577114716	-0.00236582969587	-0.0101955158681	-0.0710810467215	0.0353338743068	0.034240865889	-0.0223099422746	-0.0370977621506	0.0744773980014	0.00972966266721	-0.00824280489596	-0.0380959456299	-0.038787075331	0.00854528596601	-0.0568500254455	-0.0339062811446	0.0515004236048	-0.0144078044376	0.0223018406221	-0.0250319189869	-0.0427112893509	-0.0316468349561	0.0238840813496	0.0385995226068	-0.00286530608734	0.00347478523506	-0.0142633960964	-0.00238565680951	-0.00491100148939	-0.0773648052934	0.0147906664099	-0.0549010012394	-0.0405278369959
k__Bacteria;p__Proteobacteria;c__Betaproteobacteria;o__Burkholderiales;f__Sutterellaceae;g__Parasutterella;s__Parasutterella_excrementihominis	0.0316109909574	0.0222566698641	0.00988855566688	0.0233435351486	-0.0242409771109	-0.0704249945573	-0.0258155571092	-0.0503411563533	-0.0144548301183	0.004942558263	0.0348708718108	0.0375402685708	0.00845714623846	-0.0397955740562	-0.00726942928606	0.0260683747479	-0.0295788009784	-0.00889202862614	-0.0136987908692	-0.0144618107705	0.0056875876786	-0.0302726458437	1.0	-0.0104073477141	-0.0390925799482	0.0448341825045	-0.0661372106788	0.011845964664	-0.0672808511153	0.0353821060401	-0.00954237494833	-0.0700744533607	-0.0116253288893	0.0208791546087	0.0316821801336	0.000406067285995	0.0288814049786	-0.0673884196249	-0.0208632425202	0.0217918493464	0.0151494483821	-0.0405723318226	0.0488027914155	-0.090811773515	-0.00734467883111	-0.0170250252481	0.0101521824972	-0.0334319467119	0.0246467671702	-0.0114294818935	-0.00835346857747	0.0661435242669	-0.0454891373522	-0.0539174926529	-0.00905430663614	0.00299130290594	-0.000695128912383	-0.0380492051145	0.0393981197424
k__Bacteria;p__Actinobacteria;c__Actinobacteria;o__Bifidobacteriales;f__Bifidobacteriaceae;g__Bifidobacterium;s__Bifidobacterium_adolescentis	-0.0470973006353	0.0236059092341	-0.0332381047538	-0.0417579114379	-0.035371443581	-0.0081879876862	-0.0510881265431	-0.0509296762345	-0.0322099788309	-0.08309723337	0.0516108756875	0.106417701596	-0.0662292310762	-0.0155757789184	-0.00692816756799	0.0187122641392	0.0388934995866	-0.0397933901013	0.0465901559313	-0.0392402519599	-0.014007266101	-0.00827636682	-0.0104073477141	1.0	-0.0745029176396	0.0413091240808	0.00479313201463	-0.00676607399507	0.00284894620803	-0.0222709216752	0.0321834439452	-0.053591264034	0.0138693032285	-0.03079920609	-0.0114634200808	-0.0558137820424	-0.00114703831599	-0.0081976571362	0.00630162288138	-0.0670211181519	0.00301891452296	-0.00395129896768	0.0669485841679	-0.0364578015531	-0.00764446287931	0.0196607884927	-0.0281451160395	-0.0212223025476	-0.0162334182367	0.00249123386778	0.00875997026915	0.0917091472574	0.00639523020348	0.0416759434303	0.0287286189326	0.0392521681958	-0.0193598452087	-0.0238256615926	0.0581122841392
k__Bacteria;p__Firmicutes;c__Clostridia;o__Clostridiales;f__Oscillospiraceae;g__Oscillibacter;s__Oscillibacter_sp._KLE_1745	-0.0204230667861	0.0179377532163	-0.0402273331775	-0.0733319381523	-0.0281063975709	0.00539498836166	-0.0258661665791	-0.0016552820245	-0.00483931779603	-0.00451944140785	0.0144369123791	0.00899226885973	-0.0175365859729	-0.00795647153872	0.0338687830933	0.060572309152	0.000394586804112	0.025583303844	-0.0363176979023	0.027970481624	-0.0105581114112	-0.00135317907287	-0.0390925799482	-0.0745029176396	1.0	-0.011705791184	0.0731875954036	-0.025459932447	0.0241696121728	-0.0528948779065	-0.000700052682494	0.0158336300517	0.00256504887281	-0.0203235705359	-0.0303139243768	0.0120802713736	-0.0173660525405	-0.0301198534199	-0.0730369220435	0.0420485432684	0.0147299982633	0.0355581059858	-0.0216619201006	-0.0206461958189	-0.0240481918795	0.00732555817086	-0.00785713220857	0.0803804037953	0.00651715738654	0.0413479302548	-0.0284525691804	0.0379571714155	0.0086452182265	0.0154418621532	0.0163256466087	0.0104368418806	-0.0678838411212	0.0589279279819	-0.0629119505908
k__Bacteria;p__Bacteroidetes;c__Bacteroidia;o__Bacteroidales;f__Bacteroidaceae;g__Bacteroides;s__Bacteroides_coprophilus	-0.00332128065975	0.0420297510827	-0.0390473694277	-0.0359577327718	0.0212126928094	0.00101572917275	-0.0314245863434	-0.0517009521239	0.00845751196839	-0.01899522928	-0.0179623721339	0.00945429887093	0.0446753074366	-0.0774076740054	-0.0375577536245	-0.0333304317292	-0.0342895795601	-0.0261025365164	0.00433866739486	0.0209438125748	0.00648060220181	0.0340305884087	0.0448341825045	0.0413091240808	-0.011705791184	1.0	-0.0462397691958	-0.0670619782385	0.019999911564	-0.0449846916293	0.0169665270879	-0.0401731053918	-0.0576767032828	-0.00698661695565	-0.0106700600106	-0.0504490584252	-0.0348272785376	-0.0518205980857	0.02592333131	0.0574305224602	-0.016568980343	-0.000508631918762	0.0461437261878	-0.0296756491218	-0.00166051121909	-0.0703695563797	0.00538468038405	-0.0262257645965	0.0297306193788	-0.00979573976371	0.0607980782353	-0.0158574088677	-0.0825514562658	0.0750785474722	0.00977578820127	0.00208483201631	-0.0365812281705	-0.0384922857735	0.00494120500307
k__Bacteria;p__Firmicutes;c__Clostridia;o__Clostridiales;f__Lachnospiraceae;g__Roseburia;s__Roseburia_intestinalis	-0.000256422834262	-0.00508026439914	-0.0233538361584	-0.0195353859568	-0.031548270834	0.0244993175379	0.0204422597063	-0.0542985606392	0.0446352908489	0.0236399406979	-0.0515578730884	-0.0384357592346	-0.0176162234156	0.0110241553055	0.0363707583961	-0.00915352971992	-0.0328085024564	-0.000603177515195	0.0111573191337	-0.0140930846336	0.00890082863234	0.0354577114716	-0.0661372106788	0.00479313201463	0.0731875954036	-0.0462397691958	1.0	-0.0367372414548	0.0311540914969	-0.0591328939892	0.0237800752108	-0.030754642543	0.0262788219454	0.0280554359476	-0.0244400148214	0.0375798756706	-0.059424606396	-0.00858626604916	0.0154311182258	-0.0380267075561	0.0202665229527	-0.0520052757354	-0.0481838144982	0.0266519517622	-0.0450097158526	-0.00263498630693	-0.0714829376011	-0.0497195761893	-0.0476654859822	0.0342941176023	-0.047218749386	-0.0200835381356	0.0284649763872	0.00989806816806	0.0344883659914	0.0373267329523	0.0486477197221	0.0518616771716	-0.0224522208033
k__Bacteria;p__Firmicutes;c__Clostridia;o__Clostridiales;f__Lachnospiraceae;g__Roseburia;s__Roseburia_hominis	-0.0241206398872	-0.0099973352832	0.0525339834694	0.0897853006407	-0.00763061883373	0.0363339826882	-0.0271401987917	-0.0200625195433	0.05505214591	-0.0360343411835	0.0551741701683	-0.0134491237043	0.0453076334925	-0.0435906139426	0.0503652161463	-0.00953211840761	-0.0106141355589	0.00399711119571	0.0212325024273	-0.0121715432881	-0.011052777192	-0.00236582969587	0.011845964664	-0.00676607399507	-0.025459932447	-0.0670619782385	-0.0367372414548	1.0	0.0230607111454	0.00989850519126	-0.00802704447014	0.0379163593139	-0.00162119749572	-0.0140747615995	-0.0445875025456	0.0504562080917	-0.0461225915846	-0.00919092039926	-0.0659401178981	0.00619555921221	-0.0226696880103	-0.0308889537275	0.00241139438766	-0.0232033604089	-0.0255566245984	-0.0188179350341	-0.0459571744192	-0.023114247049	-0.0672010721787	-0.0674168355898	-0.0308561542121	-0.0347805517165	0.0597421079141	-0.0155722474367	-0.020431948607	-0.0413820207675	0.0290668878672	-0.0282402016427	0.0407334355721
k__Bacteria;p__Bacteroidetes;c__Bacteroidia;o__Bacteroidales;f__Porphyromonadaceae;g__Parabacteroides;s__Parabacteroides_johnsonii	0.0193430480511	-0.0279799289879	-0.0251366233586	-0.00384906064118	-0.0360529070201	-0.0379399955818	-0.0507996772688	-0.00409360108252	0.0355658789846	-0.00248250967248	-0.0355610176505	-0.0133388224753	0.0127379856231	-0.0214179300633	-0.0383801739831	-0.038818931055	-0.0371559197046	0.00220242626758	-0.00271819417732	0.0026163409634	-0.0433859714404	-0.0101955158681	-0.0672808511153	0.00284894620803	0.0241696121728	0.019999911564	0.0311540914969	0.0230607111454	1.0	0.0424887160579	0.0494163287607	0.0248609448366	0.0314349236569	0.00891185510647	-0.0185631435349	-0.0796853616953	-0.0971177483586	0.0423859215075	0.0684070778942	0.00694203343867	0.0155887360334	0.0286413206871	0.0546693056566	0.0381370889918	-0.0558603301672	-0.0467953310947	0.00820048578142	0.0909532227434	-0.0430966402631	-0.0361368487061	-0.024485805467	-0.0128809192317	0.0025557501415	-0.0120905113038	-0.0635452928639	0.00809286507772	0.0448326042293	-0.0377635691346	-0.0206741686737
k__Bacteria;p__Actinobacteria;c__Actinobacteria;o__Bifidobacteriales;f__Bifidobacteriaceae;g__Bifidobacterium;s__Bifidobacterium_longum	0.0256730577551	0.0184950288577	0.0256265799959	0.0281075051344	-0.0534749829447	-0.0357298817524	-0.0444697296316	0.0259689108097	0.00188641031463	-0.021800906842	0.0546740664351	0.0256911605323	-0.0277965475546	-0.0466611587887	-0.00447488973849	-0.0744427330039	-0.00111416529003	0.0162523735027	-0.0359433730688	0.014219206832	-0.07214456859	-0.0710810467215	0.0353821060401	-0.0222709216752	-0.0528948779065	-0.0449846916293	-0.0591328939892	0.00989850519126	0.0424887160579	1.0	0.0445438863016	-0.0398168534102	-0.0224787220547	-0.00750889013696	-0.0634813769758	0.0295551499826	-0.00307263913546	-0.0659935944552	-0.00497041252667	0.0598815754967	-0.038309113849	0.0580039646566	0.0418242606459	0.0502364689303	0.0278234551925	-0.0218604195377	0.0450586294744	0.0448853117107	0.0231928802812	0.004853443628	-0.0984880938425	0.0141767663486	-0.00353643340211	-0.0171936564819	-0.0187595110948	0.0277137060553	-0.0179234338158	0.0312665065277	-0.0169053133015
