#taxonomy	k__Bacteria;p__Bacteroidetes;c__Bacteroidia;o__Bacteroidales;f__Bacteroidaceae;g__Bacteroides;s__Bacteroides_vulgatus	k__Bacteria;p__Bacteroidetes;c__Bacteroidia;o__Bacteroidales;f__Bacteroidaceae;g__Bacteroides;s__Bacteroides_uniformis	k__Bacteria;p__Bacteroidetes;c__Bacteroidia;o__Bacteroidales;f__Rikenellaceae;g__Alistipes;s__Alistipes_putredinis	k__Bacteria;p__Bacteroidetes;c__Bacteroidia;o__Bacteroidales;f__Prevotellaceae;g__Prevotella;s__Prevotella_copri	k__Bacteria;p__Bacteroidetes;c__Bacteroidia;o__Bacteroidales;f__Bacteroidaceae;g__Bacteroides;s__Bacteroides_stercoris	k__Bacteria;p__Bacteroidetes;c__Bacteroidia;o__Bacteroidales;f__Bacteroidaceae;g__Bacteroides;s__Bacteroides_ovatus	k__Bacteria;p__Bacteroidetes;c__Bacteroidia;o__Bacteroidales;f__Rikenellaceae;g__Alistipes;s__Alistipes_shahii	k__Bacteria;p__Firmicutes;c__Clostridia;o__Clostridiales;f__Ruminococcaceae;g__Faecalibacterium;s__Faecalibacterium_prausnitzii	k__Bacteria;p__Bacteroidetes;c__Bacteroidia;o__Bacteroidales;f__Rikenellaceae;g__Alistipes;s__Alistipes_finegoldii	k__Bacteria;p__Bacteroidetes;c__Bacteroidia;o__Bacteroidales;f__Porphyromonadaceae;g__Parabacteroides;s__Parabacteroides_distasonis	k__Bacteria;p__Bacteroidetes;c__Bacteroidia;o__Bacteroidales;f__Bacteroidaceae;g__Bacteroides;s__Bacteroides_thetaiotaomicron	k__Bacteria;p__Bacteroidetes;c__Bacteroidia;o__Bacteroidales;f__Bacteroidaceae;g__Bacteroides;s__Bacteroides_coprocola	k__Bacteria;p__Bacteroidetes;c__Bacteroidia;o__Bacteroidales;f__Bacteroidaceae;g__Bacteroides;s__Bacteroides_cellulosilyticus	k__Bacteria;p__Bacteroidetes;c__Bacteroidia;o__Bacteroidales;f__Rikenellaceae;g__Alistipes;s__Alistipes_obesi	k__Bacteria;p__Firmicutes;c__Clostridia;o__Clostridiales;f__Lachnospiraceae;g__;s__[Eubacterium]_rectale	k__Bacteria;p__Bacteroidetes;c__Bacteroidia;o__Bacteroidales;f__Bacteroidaceae;g__Bacteroides;s__Bacteroides_plebeius	k__Bacteria;p__Bacteroidetes;c__Bacteroidia;o__Bacteroidales;f__Bacteroidaceae;g__Bacteroides;s__Bacteroides_fragilis	k__Bacteria;p__Proteobacteria;c__Betaproteobacteria;o__Burkholderiales;f__Sutterellaceae;g__Sutterella;s__Sutterella_wadsworthensis	k__Bacteria;p__Bacteroidetes;c__Bacteroidia;o__Bacteroidales;f__Porphyromonadaceae;g__Barnesiella;s__Barnesiella_intestinihominis	k__Bacteria;p__Bacteroidetes;c__Bacteroidia;o__Bacteroidales;f__Odoribacteraceae;g__Odoribacter;s__Odoribacter_splanchnicus	k__Bacteria;p__Bacteroidetes;c__Bacteroidia;o__Bacteroidales;f__Bacteroidaceae;g__Bacteroides;s__Bacteroides_salyersiae	k__Bacteria;p__Firmicutes;c__Clostridia;o__Clostridiales;f__Ruminococcaceae;g__Ruminiclostridium;s__[Eubacterium]_siraeum	k__Bacteria;p__Proteobacteria;c__Betaproteobacteria;o__Burkholderiales;f__Sutterellaceae;g__Parasutterella;s__Parasutterella_excrementihominis	k__Bacteria;p__Actinobacteria;c__Actinobacteria;o__Bifidobacteriales;f__Bifidobacteriaceae;g__Bifidobacterium;s__Bifidobacterium_adolescentis	k__Bacteria;p__Firmicutes;c__Clostridia;o__Clostridiales;f__Oscillospiraceae;g__Oscillibacter;s__Oscillibacter_sp._KLE_1745	k__Bacteria;p__Bacteroidetes;c__Bacteroidia;o__Bacteroidales;f__Bacteroidaceae;g__Bacteroides;s__Bacteroides_coprophilus	k__Bacteria;p__Firmicutes;c__Clostridia;o__Clostridiales;f__Lachnospiraceae;g__Roseburia;s__Roseburia_intestinalis	k__Bacteria;p__Firmicutes;c__Clostridia;o__Clostridiales;f__Lachnospiraceae;g__Roseburia;s__Roseburia_hominis	k__Bacteria;p__Bacteroidetes;c__Bacteroidia;o__Bacteroidales;f__Porphyromonadaceae;g__Parabacteroides;s__Parabacteroides_johnsonii	k__Bacteria;p__Actinobacteria;c__Actinobacteria;o__Bifidobacteriales;f__Bifidobacteriaceae;g__Bifidobacterium;s__Bifidobacterium_longum	k__Bacteria;p__Firmicutes;c__Clostridia;o__Clostridiales;f__;g__Flavonifractor;s__Flavonifractor_plautii	k__Bacteria;p__Firmicutes;c__Clostridia;o__Clostridiales;f__Clostridiaceae;g__Clostridium;s__Clostridium_phoceensis	k__Bacteria;p__Verrucomicrobia;c__Verrucomicrobiae;o__Verrucomicrobiales;f__Akkermansiaceae;g__Akkermansia;s__Akkermansia_muciniphila	k__Bacteria;p__Bacteroidetes;c__Bacteroidia;o__Bacteroidales;f__Prevotellaceae;g__Paraprevotella;s__Paraprevotella_xylaniphila	k__Bacteria;p__Firmicutes;c__Clostridia;o__Clostridiales;f__Ruminococcaceae;g__Ruminococcus;s__Ruminococcus_callidus	k__Bacteria;p__Bacteroidetes;c__Bacteroidia;o__Bacteroidales;f__Rikenellaceae;g__Alistipes;s__Alistipes_senegalensis	k__Bacteria;p__Firmicutes;c__Clostridia;o__Clostridiales;f__Lachnospiraceae;g__Blautia;s__Blautia_sp._KLE_1732	k__Bacteria;p__Bacteroidetes;c__Bacteroidia;o__Bacteroidales;f__Bacteroidaceae;g__Bacteroides;s__Bacteroides_oleiciplenus	k__Bacteria;p__Firmicutes;c__Clostridia;o__Clostridiales;f__Ruminococcaceae;g__Ruminococcus;s__Ruminococcus_bicirculans	k__Bacteria;p__Bacteroidetes;c__Bacteroidia;o__Bacteroidales;f__Bacteroidaceae;g__Bacteroides;s__Bacteroides_fluxus	k__Bacteria;p__Bacteroidetes;c__Bacteroidia;o__Bacteroidales;f__Prevotellaceae;g__Prevotella;s__Prevotella_stercorea	k__Bacteria;p__Firmicutes;c__Clostridia;o__Clostridiales;f__Lachnospiraceae;g__Dorea;s__Dorea_longicatena	k__Bacteria;p__Firmicutes;c__Clostridia;o__Clostridiales;f__Eubacteriaceae;g__Eubacterium;s__[Eubacterium]_eligens	k__Bacteria;p__Firmicutes;c__Clostridia;o__Clostridiales;f__Ruminococcaceae;g__;s__Ruminococcaceae_bacterium_D16	k__Bacteria;p__Firmicutes;c__Clostridia;o__Clostridiales;f__Lachnospiraceae;g__Coprococcus;s__Coprococcus_comes	k__Bacteria;p__Proteobacteria;c__Gammaproteobacteria;o__Enterobacterales;f__Enterobacteriaceae;g__Escherichia;s__Escherichia_coli	k__Bacteria;p__Firmicutes;c__Clostridia;o__Clostridiales;f__Ruminococcaceae;g__Anaerotruncus;s__Anaerotruncus_colihominis	k__Bacteria;p__Firmicutes;c__Clostridia;o__Clostridiales;f__Lachnospiraceae;g__Blautia;s__Blautia_obeum	k__Bacteria;p__Bacteroidetes;c__Bacteroidia;o__Bacteroidales;f__Odoribacteraceae;g__Odoribacter;s__Odoribacter_laneus	k__Bacteria;p__Firmicutes;c__Clostridia;o__Clostridiales;f__Ruminococcaceae;g__Ruminiclostridium;s__[Clostridium]_leptum	k__Bacteria;p__Bacteroidetes;c__Bacteroidia;o__Bacteroidales;f__Porphyromonadaceae;g__Parabacteroides;s__Parabacteroides_goldsteinii	k__Bacteria;p__Firmicutes;c__Clostridia;o__Clostridiales;f__Lachnospiraceae;g__Anaerostipes;s__Anaerostipes_hadrus	k__Bacteria;p__Firmicutes;c__Clostridia;o__Clostridiales;f__Ruminococcaceae;g__Ruminococcus;s__Ruminococcus_lactaris	k__Bacteria;p__Firmicutes;c__Clostridia;o__Clostridiales;f__Clostridiaceae;g__Clostridium;s__Clostridium_sp._L2-50	k__Bacteria;p__Firmicutes;c__Clostridia;o__Clostridiales;f__Clostridiaceae;g__Clostridium;s__Clostridium_sp._M62/1	k__Bacteria;p__Firmicutes;c__Clostridia;o__Clostridiales;f__;g__Intestinimonas;s__Intestinimonas_butyriciproducens	k__Bacteria;p__Actinobacteria;c__Actinobacteria;o__Bifidobacteriales;f__Bifidobacteriaceae;g__Bifidobacterium;s__Bifidobacterium_bifidum	k__Bacteria;p__Firmicutes;c__Negativicutes;o__Veillonellales;f__Veillonellaceae;g__Dialister;s__Dialister_invisus	k__Bacteria;p__Bacteroidetes;c__Bacteroidia;o__Bacteroidales;f__Bacteroidaceae;g__Bacteroides;s__Bacteroides_salanitronis
k__Bacteria;p__Bacteroidetes;c__Bacteroidia;o__Bacteroidales;f__Bacteroidaceae;g__Bacteroides;s__Bacteroides_vulgatus	1.0	0.06439815235	-0.0523677535996	0.000428470064653	0.0013461489507	0.0149487129779	0.0464741371616	0.0215459241704	-0.0502972986899	0.0153855718518	0.0101159868323	-0.0507767067902	0.0182344422531	-0.0194570320823	-0.033495783858	0.016576548591	-0.0291771070974	-0.0389624494532	-0.0404476479018	-0.0368715646662	0.0256061503697	-0.0116440159898	0.0207778216475	0.0480899615019	-0.0132296203287	-0.0440460942628	0.0112439031984	-0.0473644938197	0.0350194255697	0.0347125882347	-0.0727820672439	0.015055853553	-0.0116584688242	-0.0184720272067	-0.0412394313609	0.0337192277982	0.0269952066899	-0.0142449028	-0.0282666673884	-0.0646442746329	0.0640129312638	-0.0983971208986	0.012507289337	0.00216147494483	-0.0688578918364	-0.0191242107849	-0.0223682426651	-0.0445222934336	-0.0646898687436	0.0304520600902	-0.0156736803481	-0.0788101575042	-0.0204558549758	0.0587951032681	0.00415102168413	0.0255420316035	-0.0774136255315	0.0264753427763	-0.0101741327363
k__Bacteria;p__Bacteroidetes;c__Bacteroidia;o__Bacteroidales;f__Bacteroidaceae;g__Bacteroides;s__Bacteroides_uniformis	0.06439815235	1.0	-0.0120629800501	-0.00524648055693	-0.0562848921135	-0.045200278493	-0.0339997469375	-0.00214315009801	0.078793796318	0.047886607705	-0.0205149459029	-0.0431367161296	0.00763274257674	-0.0339495858252	0.0264837110969	-0.0149914469983	0.0357788798327	-0.00714982825433	0.00201731851109	0.000143521283369	-0.0311966839406	-0.04784682339	0.00631486111399	0.0252160055317	-0.0149379848536	0.0204702558378	-0.0607252538071	-0.0579628085431	0.0218533973151	0.0132959030499	-0.0337075866673	-0.0174184220404	-0.00991516747237	0.0189869015136	-0.00118619307164	0.00936657974096	0.0228554542323	-0.00160115842687	0.039553134813	0.00284036800664	0.0317722416467	-0.0264020641131	-0.0120900651979	-0.0608810168424	0.00673540858831	0.0282875448714	-0.0136354684244	-0.0596703910818	-0.0199708891735	-0.0131382710131	0.0117442999978	-0.0654309410182	-0.0479423039549	-0.0236056061818	0.0178658170406	-0.0659213825957	-0.0130342735483	0.0106529533241	0.0421378274397
k__Bacteria;p__Bacteroidetes;c__Bacteroidia;o__Bacteroidales;f__Rikenellaceae;g__Alistipes;s__Alistipes_putredinis	-0.0523677535996	-0.0120629800501	1.0	-0.00574072881394	-0.0441654214636	-0.010801584675	-0.00162576773594	-0.0773852623122	-0.002128305054	-0.0580336784078	-0.0129403586877	0.000648843556378	0.0979173243759	0.05184665466	0.00298539349831	-0.0608220213496	-0.00686434571043	0.014017257496	0.103662924546	0.0557604947897	-0.023698959401	0.00696352107221	0.0224213947388	-0.0574539879228	-0.00773432740797	-0.0102983929938	0.00113493914394	-0.0589449894864	0.00936478135388	0.0214456819472	-0.0192171151237	-0.0580571931603	0.0177503891915	-0.00653476025482	-0.0180205166789	-0.0586784051775	0.0328612708567	0.0384535031047	-0.0336854424692	-0.0486723129689	-0.0383453953249	0.00688541289284	0.00741646983691	-0.00476076041144	-0.0190332116181	-0.0397204102426	0.0289982460422	-0.0275948194609	0.0215853161896	0.0256745670005	-0.0440341370212	-0.0573901240567	-0.0395163951882	-0.0312212233288	-0.0421481387876	-0.0409504417254	-0.0542642665496	0.0140174474056	-0.0139991665419
k__Bacteria;p__Bacteroidetes;c__Bacteroidia;o__Bacteroidales;f__Prevotellaceae;g__Prevotella;s__Prevotella_copri	0.000428470064653	-0.00524648055693	-0.00574072881394	1.0	-0.0754026422936	0.00239446651693	0.0182216544105	0.0412859173771	-0.0364599649416	-0.00769456943622	-0.0469570937224	0.0380353742134	-0.0417388297623	0.0189072097859	-0.0594914437193	-0.00252794892872	-0.014828435413	0.0246037055776	0.000650250552307	-0.0364632392979	-0.0150162214974	0.00972198907865	-0.013284745465	-0.0450548961159	0.0759297556039	-0.0245426890995	-0.0166196803275	-0.0176343213293	-0.0427783863669	-0.00178071235874	-0.0177836274987	0.0336038741841	-0.0161973820668	-0.028179627566	-0.00552218179556	-0.0643741703327	0.0888144929656	-0.0293930707444	-0.0613412165173	-0.0491441750896	-0.013505365073	0.00985131345195	-0.000222484126604	-0.00615728710232	-0.0501565271006	0.0181056727006	-0.0200041636245	0.0689466819885	-0.024583372283	-0.00958973929823	-0.0748973904031	0.00577141594467	-0.0513113625238	-0.00584198960426	-0.000127897878726	-0.00193725971037	0.0230859500938	0.0133321180748	0.00535100668309
k__Bacteria;p__Bacteroidetes;c__Bacteroidia;o__Bacteroidales;f__Bacteroidaceae;g__Bacteroides;s__Bacteroides_stercoris	0.0013461489507	-0.0562848921135	-0.0441654214636	-0.0754026422936	1.0	-0.0202872781188	-0.0623362796072	0.0329177512709	0.0485593901261	0.0127786910703	0.00750494536155	-0.0381190905393	-0.0309536684579	-0.00900560239923	-0.0293910697231	-0.0441576378416	-0.00240762117535	-0.0175750358154	-0.0318087632518	-0.0551738618044	-0.0139721280115	0.021534178035	0.0106918944608	-0.0817454680286	-0.0959317045178	0.0228118950261	0.0337567180085	-0.101358467289	-0.0258574843319	0.0168767237301	0.0596391385638	0.0133147699879	0.0240444068028	-0.00428590448278	0.0235868708828	0.00659515462417	0.0553488205178	-0.0770449925186	-0.00250065100953	0.0401357563738	-0.0172427752588	0.0507947476502	0.036215203526	0.00240004856672	0.00412867244718	-0.0347766831975	0.0497378510344	0.0229902739826	-0.0210301635921	0.0142515001928	-0.00974071196194	-0.00354314512978	-0.00261705132238	0.0235680448163	0.0124943054277	-0.00932946992045	-0.0167411499926	0.0363167203785	-0.0246195787556
k__Bacteria;p__Bacteroidetes;c__Bacteroidia;o__Bacteroidales;f__Bacteroidaceae;g__Bacteroides;s__Bacteroides_ovatus	0.0149487129779	-0.045200278493	-0.010801584675	0.00239446651693	-0.0202872781188	1.0	-0.073352597468	0.00337599745559	0.0396449928865	-0.0523834024331	0.0131019668686	0.0205719866952	0.0155091964372	-0.0479104015603	-0.0681535068781	-0.067517007702	0.00151282055895	-0.0426750905266	-0.0110134126038	-0.0451897893992	-0.0258305542779	-0.00412145467489	-0.0865472869505	-0.000646791135916	-0.00252991285267	-0.0128993678787	-0.0121485477807	-0.0457770377602	0.00361570020109	0.0806801161872	-0.013146979437	0.0267295961371	-0.0273082449393	0.00827141507737	-0.00768910856259	0.0017111326316	-0.00583329521504	0.0227442538757	0.0427254025693	0.00235539317837	-0.0608164485151	-0.00690626023077	0.0182563611603	0.028362619594	-0.027981245108	-0.0265812867715	0.0167702112975	0.00819334517478	-0.0408617625834	0.0198108321983	0.00758828526781	-0.0289674875121	0.027343592896	-0.015867541275	0.00628741352221	-0.0369433831902	-0.0135850589345	0.0345746766946	-0.0585640015483
k__Bacteria;p__Bacteroidetes;c__Bacteroidia;o__Bacteroidales;f__Rikenellaceae;g__Alistipes;s__Alistipes_shahii	0.0464741371616	-0.0339997469375	-0.00162576773594	0.0182216544105	-0.0623362796072	-0.073352597468	1.0	-0.0352578598617	-0.022783532849	0.00160545097239	0.00419884546381	-0.0339702310433	-0.0171214322304	0.0301430939149	0.0335205630191	-0.0215444994472	0.0106424939271	-0.00203349641281	0.0598967649676	-0.00931767873227	0.00163796002794	-0.00946365875263	0.0172637865588	0.0324235083741	-0.024060987755	0.0124934997707	0.00348274714395	0.0336709334793	-0.00221095019677	-0.0178143387804	0.0120928874106	-0.0290741222153	0.00355446641943	-0.00750833021532	-0.0387706380087	-0.0333147708717	0.0159694127927	-0.00273359873037	-0.0766740055656	-0.0507730168035	0.0564812120848	0.0365375309201	-0.0299071405399	0.019894971263	-0.00114213610872	0.0111065418575	-0.0334145172819	-0.00881880385059	0.017608257822	-0.0123077875302	0.0474944186358	0.0472122113095	0.0236994905008	-0.0101589787359	-0.0381846709921	-0.0154302688124	0.0350831670867	0.00222285602773	-0.000531993807737
k__Bacteria;p__Firmicutes;c__Clostridia;o__Clostridiales;f__Ruminococcaceae;g__Faecalibacterium;s__Faecalibacterium_prausnitzii	0.0215459241704	-0.00214315009801	-0.0773852623122	0.0412859173771	0.0329177512709	0.00337599745559	-0.0352578598617	1.0	0.00790924992908	0.0159452897814	-0.0386566936326	-0.0326573482063	-0.0301536891231	0.00370861103325	-0.0699928424454	-0.00871236560155	0.0189643889569	-0.00837623647479	0.0361159306767	0.0138684591161	-0.0420423753646	-0.0114914940641	-0.00396617861014	0.00814231470355	0.0255819425869	0.0297108857349	0.00377006966593	-0.0138665073106	-0.0280329042782	-0.0163305972091	-0.0394287971493	-0.0625931783907	-0.0642011207606	-0.0273222226756	-0.0257936071603	-0.0378044636094	-0.00333306924401	-0.00665421699217	0.0299055878074	-0.00474477914157	-0.0275516325213	0.0277060973035	-0.0307220951545	-0.0750675764397	-0.00881042117788	0.0338286979799	-0.0261691232895	-0.0343949617549	-0.0535302381835	0.0263079294641	0.0266857230044	-0.00513107249384	-0.0185907953403	0.00174180669236	0.0203340700303	-0.109052663997	0.0365858164487	-0.00346976698539	-0.0330121923376
k__Bacteria;p__Bacteroidetes;c__Bacteroidia;o__Bacteroidales;f__Rikenellaceae;g__Alistipes;s__Alistipes_finegoldii	-0.0502972986899	0.078793796318	-0.002128305054	-0.0364599649416	0.0485593901261	0.0396449928865	-0.022783532849	0.00790924992908	1.0	-0.0204369670046	-0.0024063416322	-0.017188554135	-0.0376656710247	0.0168139023681	0.00987907382932	-0.0159898440534	0.0648672406463	0.0128698385925	-0.0576842487501	-0.0187650571851	-0.0135432468628	-0.0542246109902	-0.0345999545194	0.0113461030978	-0.0450455340306	-0.0100022287105	-0.0618849582846	0.0113043690481	0.0283652837959	0.0152223096486	0.0147944543979	0.0501741180337	0.0662244133216	0.0882477538294	-0.0366870187853	-0.034292158574	-0.0919505930252	0.0434236036972	-0.0405916371568	-0.0185672102183	-0.038148862906	-0.0208757031419	-0.00858141637951	0.00454289414209	-0.00436503961105	0.0257015085205	-0.0143468548719	-0.0366521566857	-0.0822522874017	-0.0376141106407	0.057901079922	0.00362638263394	-0.0151815049247	-0.022399879838	-0.031050562362	0.00309448574561	-0.00846537178844	-0.0167422092652	-0.0352739075906
k__Bacteria;p__Bacteroidetes;c__Bacteroidia;o__Bacteroidales;f__Porphyromonadaceae;g__Parabacteroides;s__Parabacteroides_distasonis	0.0153855718518	0.047886607705	-0.0580336784078	-0.00769456943622	0.0127786910703	-0.0523834024331	0.00160545097239	0.0159452897814	-0.0204369670046	1.0	-0.0383865940661	0.0125536324484	-0.0120740805463	0.0263710892385	0.0258297739499	-0.010812638092	0.0282555934141	2.43383000929e-05	-0.0409824792299	0.00085717987275	0.0677923723505	-0.0299761903943	0.032465849623	0.0319264796785	0.00697118408999	0.0149787958688	-0.019652760881	-0.0527957914461	0.00668866424375	-0.0310193357958	0.0203893363492	0.0199777481478	-0.000319600487318	-0.00168376824663	-0.0396070240155	0.0115544083738	0.00898769384653	-0.012005259712	-0.0374649986337	-0.0355201496979	-0.0465283065566	0.0271984930643	-0.00937859476736	0.00913923686383	-0.0564538055491	0.00915988407528	-0.00775354128742	0.0306686494627	-0.020380599365	0.00384398752366	-0.0416309610406	0.0200024689073	0.0415691249092	-0.0386987248585	0.0776939690033	0.00760405160805	0.00425739165122	0.0053061484222	0.0255539013944
k__Bacteria;p__Bacteroidetes;c__Bacteroidia;o__Bacteroidales;f__Bacteroidaceae;g__Bacteroides;s__Bacteroides_thetaiotaomicron	0.0101159868323	-0.0205149459029	-0.0129403586877	-0.0469570937224	0.00750494536155	0.0131019668686	0.00419884546381	-0.0386566936326	-0.0024063416322	-0.0383865940661	1.0	0.0580418629144	-0.0374359440015	-0.0408968688663	-0.0199663509875	-0.0359220558791	-0.018552048649	-0.00369310684027	-0.0278944037768	-0.0212944669379	0.0323953523807	-0.0178002650863	-0.0386056436858	-0.0298720453756	-0.0544684661229	0.0139638447763	-0.0472298803805	0.0213586262306	0.0299109472059	0.00561315910878	0.00504606106985	-0.00221906941137	-0.0249350296579	-0.0149984483233	-0.00526256454777	-0.0159385044979	-0.0497872496933	0.00742556649688	-0.0338983481322	0.00330297426527	0.0142992708547	0.0211615201076	0.0510885837366	0.0509229183347	-0.0529728081875	-0.0411487932377	-0.011776345678	0.0272791485033	0.0278794534753	0.0251082689308	0.047485482773	0.0149062447121	-0.0675298498449	0.0307097433695	-0.0264344478555	0.0168019004632	-0.0410614237988	0.0164705912347	-0.00520527816621
k__Bacteria;p__Bacteroidetes;c__Bacteroidia;o__Bacteroidales;f__Bacteroidaceae;g__Bacteroides;s__Bacteroides_coprocola	-0.0507767067902	-0.0431367161296	0.000648843556378	0.0380353742134	-0.0381190905393	0.0205719866952	-0.0339702310433	-0.0326573482063	-0.017188554135	0.0125536324484	0.0580418629144	1.0	0.0029486695679	-0.000541769892821	0.0164084508868	-0.00445770156437	0.0100210774449	0.0257611878064	-0.00790405155933	-0.0167764040771	-0.0182149756182	0.0315909337218	0.0104894238191	-0.0249051258619	-0.0401737789577	-0.0521933924076	0.0208411147617	0.0141426365265	-0.0242520742074	0.0858089141058	-0.044224186958	-0.0336081208201	-0.0680865668634	-0.0693414573504	-0.0459633758216	-0.0373805478591	0.0566665024784	-0.0147737607507	0.0161445759171	0.0220085448881	-0.01529533303	-0.0145915376845	0.0349275758515	0.0212577481231	0.00695892472814	-0.0165234517163	0.0121337786981	-0.0342170784351	0.00964250402469	-0.0166036317006	-0.0088918995712	-0.0544162824059	0.0145292358576	0.0266303557784	-0.0467549878441	0.0255859676597	0.0260976093343	-0.00645270155864	-0.0188829074129
k__Bacteria;p__Bacteroidetes;c__Bacteroidia;o__Bacteroidales;f__Bacteroidaceae;g__Bacteroides;s__Bacteroides_cellulosilyticus	0.0182344422531	0.00763274257674	0.0979173243759	-0.0417388297623	-0.0309536684579	0.0155091964372	-0.0171214322304	-0.0301536891231	-0.0376656710247	-0.0120740805463	-0.0374359440015	0.0029486695679	1.0	-0.0276552236852	0.026971453462	0.0566007689256	-0.00584876747962	-0.0102272484982	-0.0229586424154	0.0234831897543	0.0223810259747	-0.0361155903366	-0.0157451475561	-0.0157959508018	0.0254357399794	0.00733938607839	0.0563553838694	-0.0386863594516	0.014800681697	-0.0381699779515	0.00322677726589	-0.0469769554673	-0.0154717189711	0.0443720317908	-0.0321857076198	0.0622971852143	-0.00017754139942	-0.0433882094341	-0.02384535205	0.0756957509333	0.00432227905028	-0.0416647453186	0.00882959524611	-0.0175386833071	-0.0357980460921	-0.00906273191086	-0.0611441420288	-0.00788598705058	-0.0553807456113	0.0612776190329	-0.0406855897579	-0.0471564685232	-0.0541635110638	-0.0248430304189	-0.0101801945646	0.0514157599624	-0.0289365278057	-0.0560458889302	0.0122730066069
k__Bacteria;p__Bacteroidetes;c__Bacteroidia;o__Bacteroidales;f__Rikenellaceae;g__Alistipes;s__Alistipes_obesi	-0.0194570320823	-0.0339495858252	0.05184665466	0.0189072097859	-0.00900560239923	-0.0479104015603	0.0301430939149	0.00370861103325	0.0168139023681	0.0263710892385	-0.0408968688663	-0.000541769892821	-0.0276552236852	1.0	0.0253888848694	-0.00738711156634	0.0158225317794	0.000520849805682	-0.000146111402915	-0.00467185814725	-0.0090247438195	-0.0161235986029	0.00736063651496	0.00684901844832	0.0338436676966	0.00472945492022	-0.0758255590126	0.00318634794637	0.0272382746629	0.022158685765	-0.0278169769584	0.0436422995392	-0.0514782402271	0.00127100283961	-0.0429194063833	-0.00771692286961	-0.00426093153189	-0.0461678491725	-0.0213361462466	-0.0131183039576	0.00333903076776	-0.0590118569097	-0.0162723870468	-0.0198426552876	0.0124993962455	0.0528579228911	0.0298476589051	0.0123475971281	-0.0500201462915	-0.0426463670112	-0.0132053996554	-0.00168966565838	-0.0201629472512	-0.0280124157941	0.0102912386405	-0.0284530509649	-0.0342351608661	-0.0297831090753	0.0626292659319
k__Bacteria;p__Firmicutes;c__Clostridia;o__Clostridiales;f__Lachnospiraceae;g__;s__[Eubacterium]_rectale	-0.033495783858	0.0264837110969	0.00298539349831	-0.0594914437193	-0.0293910697231	-0.0681535068781	0.0335205630191	-0.0699928424454	0.00987907382932	0.0258297739499	-0.0199663509875	0.0164084508868	0.026971453462	0.0253888848694	1.0	-0.0130608686533	-0.00273314373941	-0.0283953190003	-0.0453127939428	-0.0326961724553	-0.0444931606492	-0.0187275731461	-0.0218714202576	0.0192240691573	-0.0105669118244	-0.0276626744644	-0.0342457987069	0.00375030901495	0.00925576676563	0.00369812861251	-0.00486829497749	-0.0747333921806	-0.0667187198229	0.0240204041847	0.0085275781128	0.0263629574201	0.0217741451252	-0.0550765434451	-0.0616000601869	0.0383176367796	0.0262928322414	-0.0399483015675	0.0452743563095	-0.0518863871389	0.00930416988282	-0.0347851049859	0.00311028820834	-0.0186307950517	-0.00357358889882	-0.00739728793879	-0.0673404649705	0.0279292900448	0.0199288634746	-0.0193830726051	-0.0315932638894	0.00459411550724	-0.0203753602799	-0.0237867686706	-0.0465175500349
k__Bacteria;p__Bacteroidetes;c__Bacteroidia;o__Bacteroidales;f__Bacteroidaceae;g__Bacteroides;s__Bacteroides_plebeius	0.016576548591	-0.0149914469983	-0.0608220213496	-0.00252794892872	-0.0441576378416	-0.067517007702	-0.0215444994472	-0.00871236560155	-0.0159898440534	-0.010812638092	-0.0359220558791	-0.00445770156437	0.0566007689256	-0.00738711156634	-0.0130608686533	1.0	-0.0366823098692	0.0357180152001	0.00748706704299	0.0357572736387	0.00862161952308	-0.00105465688177	0.0137904356918	-0.0149956128132	0.00798559533875	-0.0144208312448	0.0360380116456	-0.024372057598	-0.021182741408	-0.0170029166064	0.00380492970713	-0.0505623344007	-0.0236136317673	-0.0417153517912	-0.00462997867399	0.060071816416	-0.0415251037819	0.000823389945642	-0.0525175468375	-0.0556533490468	-0.0789772975207	-0.043990051176	-0.0433935379913	-0.00554665716768	0.0227799913575	-0.0554767014716	0.0384871451344	-0.0893930167387	-0.00955553411727	0.0151902066247	0.00504539338068	0.0694499372999	-0.0261793674727	0.00411106591648	-0.0331165841374	0.0351032206295	0.00159520824255	-0.0168523221908	0.0271491666809
k__Bacteria;p__Bacteroidetes;c__Bacteroidia;o__Bacteroidales;f__Bacteroidaceae;g__Bacteroides;s__Bacteroides_fragilis	-0.0291771070974	0.0357788798327	-0.00686434571043	-0.014828435413	-0.00240762117535	0.00151282055895	0.0106424939271	0.0189643889569	0.0648672406463	0.0282555934141	-0.018552048649	0.0100210774449	-0.00584876747962	0.0158225317794	-0.00273314373941	-0.0366823098692	1.0	-0.0263593693608	-0.00711146182876	-0.0326492673053	-0.0248679170943	0.0140749907182	0.00369509644768	0.0272011458594	-0.0246559817166	-0.0433192817195	0.0343465976589	0.0333540572194	-0.0683215479062	-0.0275595346302	-0.0172943599375	-0.0166099912958	-0.0209284364134	-0.0395052367905	-0.0320417854427	-0.00991546786158	-0.0280017367648	0.0244698773029	-0.0147278669559	-0.0470194394586	0.0131847679474	0.0360444790341	-0.0394420418764	0.0225697798993	-0.046964175203	-0.0393847838202	-0.000446518698929	-0.0347205996368	-0.0548369878133	-0.0195902143364	0.00200613864171	-0.0363336480734	0.04566275351	0.0300691066483	0.00258850280009	-0.0343315039131	0.0202746771894	-0.0199892792608	-0.0198691893907
k__Bacteria;p__Proteobacteria;c__Betaproteobacteria;o__Burkholderiales;f__Sutterellaceae;g__Sutterella;s__Sutterella_wadsworthensis	-0.0389624494532	-0.00714982825433	0.014017257496	0.0246037055776	-0.0175750358154	-0.0426750905266	-0.00203349641281	-0.00837623647479	0.0128698385925	2.43383000929e-05	-0.00369310684027	0.0257611878064	-0.0102272484982	0.000520849805682	-0.0283953190003	0.0357180152001	-0.0263593693608	1.0	0.0138964784551	0.0485947315958	-0.078871005024	-0.00175060558458	-0.0234509792582	-0.00424791291503	0.0504302265753	0.00527331119883	-0.0252011921911	-0.0260750215917	0.00914026577672	-0.00851798739816	0.0523606891286	-0.0536191307718	-0.012050427387	0.0210600608598	-0.017569706732	0.00239092631171	0.0217736204876	0.0160867946573	0.0109711131426	-0.0143844917766	0.012296710583	0.0546981931102	0.0132157518221	0.0296507252121	-0.042862547782	-0.0376256004696	-0.0169692694918	-0.0367343341793	-0.066653455982	-0.0318738794666	0.0161545017434	-0.02283673581	-0.016439328297	0.0305369609403	-0.00432420111733	-0.0470663724129	-0.0198384298179	-0.084741083264	0.0239887817221
k__Bacteria;p__Bacteroidetes;c__Bacteroidia;o__Bacteroidales;f__Porphyromonadaceae;g__Barnesiella;s__Barnesiella_intestinihominis	-0.0404476479018	0.00201731851109	0.103662924546	0.000650250552307	-0.0318087632518	-0.0110134126038	0.0598967649676	0.0361159306767	-0.0576842487501	-0.0409824792299	-0.0278944037768	-0.00790405155933	-0.0229586424154	-0.000146111402915	-0.0453127939428	0.00748706704299	-0.00711146182876	0.0138964784551	1.0	0.0104887131502	0.0162795380432	0.0111693138423	-0.0658230354031	0.00803332567585	0.0403977241779	0.00011491834938	-0.0419349536359	-0.0067143290955	-0.0902220947035	0.0218289080408	-0.0595396877612	-0.0502407745123	-0.0199303405598	-0.00504219871299	-0.0217300937863	-0.00526265556554	0.0149283370277	0.0809466456776	-0.0333446312428	-0.00187678060389	-0.0353243955676	-0.0313076713935	0.00880138677503	0.0639347657732	-0.0232266855549	-0.00255413392815	0.0197523284027	-0.00851852722928	5.76567181166e-05	0.0655175643944	-0.0211317641516	-0.0325441280305	-0.0241501565652	-0.0570686664218	-0.00772773874557	-0.0362882769536	-0.0190853827173	-0.027047796984	0.0277700046123
k__Bacteria;p__Bacteroidetes;c__Bacteroidia;o__Bacteroidales;f__Odoribacteraceae;g__Odoribacter;s__Odoribacter_splanchnicus	-0.0368715646662	0.000143521283369	0.0557604947897	-0.0364632392979	-0.0551738618044	-0.0451897893992	-0.00931767873227	0.0138684591161	-0.0187650571851	0.00085717987275	-0.0212944669379	-0.0167764040771	0.0234831897543	-0.00467185814725	-0.0326961724553	0.0357572736387	-0.0326492673053	0.0485947315958	0.0104887131502	1.0	-0.0484423947887	-0.0282222911744	-0.0676300724512	-0.0291168968231	0.0380398110754	-0.0238435484439	-0.0472466190461	0.0362268569897	-0.0159967974339	-0.0424341194353	0.0563568503101	-0.0064436205855	-0.0506987896068	0.0209780475105	0.022210678	0.0257663890122	0.0117436119903	0.0392310722281	0.0464184500592	-0.0364330974063	0.0948159220598	-0.018822419267	0.0328694645844	0.0400602035267	0.0543248434694	0.0119878742474	0.0129407268674	-0.0672691636828	0.0228163412426	0.00576516880966	0.035562270709	0.0212271673827	-0.011053126371	-0.00535819866528	-0.000776274564655	-0.00118288966912	-0.0550625272779	-0.00856251493839	-0.0285539052708
k__Bacteria;p__Bacteroidetes;c__Bacteroidia;o__Bacteroidales;f__Bacteroidaceae;g__Bacteroides;s__Bacteroides_salyersiae	0.0256061503697	-0.0311966839406	-0.023698959401	-0.0150162214974	-0.0139721280115	-0.0258305542779	0.00163796002794	-0.0420423753646	-0.0135432468628	0.0677923723505	0.0323953523807	-0.0182149756182	0.0223810259747	-0.0090247438195	-0.0444931606492	0.00862161952308	-0.0248679170943	-0.078871005024	0.0162795380432	-0.0484423947887	1.0	-0.0548801471859	-0.0542693524467	0.0226159075863	0.0371919685327	0.0119728831096	-0.0309339320504	0.000934512248062	-0.0393390149718	-0.0813859167135	-0.04606402939	0.0056630042179	0.0296963626815	-0.00182937789265	-0.0191162374198	-0.0511670746033	0.0240463524264	0.0442284779505	-0.0321261458814	-0.0180278834314	0.0252666060019	-0.0236579420725	0.00193970390099	-0.0382829835419	-0.0373889839151	-0.0651681173193	-0.0457744052033	-0.000522296951941	-0.000537550625605	0.0331604955584	0.00967839317955	0.0176159424998	-0.0602001591383	-0.0180367749901	-0.0057421585308	0.00879837555825	-0.0301287779885	-0.0457553471333	-0.0144434909764
k__Bacteria;p__Firmicutes;c__Clostridia;o__Clostridiales;f__Ruminococcaceae;g__Ruminiclostridium;s__[Eubacterium]_siraeum	-0.0116440159898	-0.04784682339	0.00696352107221	0.00972198907865	0.021534178035	-0.00412145467489	-0.00946365875263	-0.0114914940641	-0.0542246109902	-0.0299761903943	-0.0178002650863	0.0315909337218	-0.0361155903366	-0.0161235986029	-0.0187275731461	-0.00105465688177	0.0140749907182	-0.00175060558458	0.0111693138423	-0.0282222911744	-0.0548801471859	1.0	-0.000962703834211	-0.0579767336037	0.0722483420575	-0.0321220015825	0.0291753369295	0.0548333639535	-0.0121987090237	0.00797185951302	-0.0409618608004	-0.00143373389469	0.0325752822224	-0.0858778116312	0.0582378299593	0.0460567392073	-0.0647772423415	-0.0533616169553	0.0171245896718	-0.0269136175969	-0.0408594251539	-0.00722353766623	-0.0138944683705	-0.00305897299223	0.00333237365742	-0.0453807255594	-0.000408659562873	-0.050171520612	-0.014797541322	0.0567782514684	-0.0487222979807	0.0137992435801	0.0210449310339	0.0510644796794	0.00124809822475	0.0283954479703	-0.0337854310556	0.0307577272953	0.0341312622407
k__Bacteria;p__Proteobacteria;c__Betaproteobacteria;o__Burkholderiales;f__Sutterellaceae;g__Parasutterella;s__Parasutterella_excrementihominis	0.0207778216475	0.00631486111399	0.0224213947388	-0.013284745465	0.0106918944608	-0.0865472869505	0.0172637865588	-0.00396617861014	-0.0345999545194	0.032465849623	-0.0386056436858	0.0104894238191	-0.0157451475561	0.00736063651496	-0.0218714202576	0.0137904356918	0.00369509644768	-0.0234509792582	-0.0658230354031	-0.0676300724512	-0.0542693524467	-0.000962703834211	1.0	-0.0403095017136	-0.0397715353838	-0.0059283703407	-0.00828092789273	-0.0346861894544	0.0379266555356	-0.0237458927949	-0.0223988716412	-0.0365154728641	0.00142553628205	0.000968613490666	0.0168087646707	-0.0395396291191	0.00769785352307	-0.00780731683972	-0.00103320368334	-0.0647348459399	-0.0343624236636	0.052044227297	-0.0198316479889	-0.066723351777	-0.0387845284746	0.0056317405678	-0.0210335141822	0.00860443306778	-0.0037861839414	-0.0163088500519	-0.0172988720963	-0.00394738395062	0.00841051303927	0.000352968077143	-0.0440656051856	0.0134159981452	-0.0387441875406	0.0219303935258	-0.0591609292776
k__Bacteria;p__Actinobacteria;c__Actinobacteria;o__Bifidobacteriales;f__Bifidobacteriaceae;g__Bifidobacterium;s__Bifidobacterium_adolescentis	0.0480899615019	0.0252160055317	-0.0574539879228	-0.0450548961159	-0.0817454680286	-0.000646791135916	0.0324235083741	0.00814231470355	0.0113461030978	0.0319264796785	-0.0298720453756	-0.0249051258619	-0.0157959508018	0.00684901844832	0.0192240691573	-0.0149956128132	0.0272011458594	-0.00424791291503	0.00803332567585	-0.0291168968231	0.0226159075863	-0.0579767336037	-0.0403095017136	1.0	0.0290864202264	0.0838709725801	-0.00965380578291	0.000199439815806	-0.0530138318155	-0.0258509208626	-0.0320138999147	-0.0187648267404	-0.0274275417106	-0.0612267235341	-0.0375332938944	0.010824327666	-0.0442776569486	0.0288292568345	0.026920595348	-0.0621044420087	0.000926460494283	-0.0536964153311	0.00838755408085	-0.0503951669629	-0.0231738222607	-0.019996526289	0.0100029229117	-0.0338084079035	-0.0169480304336	-0.0364109384276	-0.0562097339788	-0.0179606859611	0.013877647954	-0.0377878081844	0.00452038749477	0.0165857011486	-0.0330675650935	0.0515526153611	-0.0380571030567
k__Bacteria;p__Firmicutes;c__Clostridia;o__Clostridiales;f__Oscillospiraceae;g__Oscillibacter;s__Oscillibacter_sp._KLE_1745	-0.0132296203287	-0.0149379848536	-0.00773432740797	0.0759297556039	-0.0959317045178	-0.00252991285267	-0.024060987755	0.0255819425869	-0.0450455340306	0.00697118408999	-0.0544684661229	-0.0401737789577	0.0254357399794	0.0338436676966	-0.0105669118244	0.00798559533875	-0.0246559817166	0.0504302265753	0.0403977241779	0.0380398110754	0.0371919685327	0.0722483420575	-0.0397715353838	0.0290864202264	1.0	-0.00586519547633	0.0409565655425	0.00481614104492	-0.0512796445009	-0.0261869636446	-0.0118846179545	0.010707581105	-0.00673793765394	0.0594469921277	0.004713180373	0.0283181277633	-0.00500929993858	0.0419466157937	0.0384419196708	0.00635557623437	-0.047309115557	0.00447554551731	0.00297886982542	-0.0039094889707	-0.0150861713744	-0.0277171370348	-0.0322774924761	-0.00408902865005	-0.00424881865699	0.0172397052411	-0.031736309079	-0.0508934120312	-0.0230758917782	-0.0774709468888	-0.040399580225	-0.00481815386552	-0.0672730329595	-0.0764639577743	0.0294084464139
k__Bacteria;p__Bacteroidetes;c__Bacteroidia;o__Bacteroidales;f__Bacteroidaceae;g__Bacteroides;s__Bacteroides_coprophilus	-0.0440460942628	0.0204702558378	-0.0102983929938	-0.0245426890995	0.0228118950261	-0.0128993678787	0.0124934997707	0.0297108857349	-0.0100022287105	0.0149787958688	0.0139638447763	-0.0521933924076	0.00733938607839	0.00472945492022	-0.0276626744644	-0.0144208312448	-0.0433192817195	0.00527331119883	0.00011491834938	-0.0238435484439	0.0119728831096	-0.0321220015825	-0.0059283703407	0.0838709725801	-0.00586519547633	1.0	0.00352773340319	-0.0220997397426	0.0107022177721	0.00356555647907	-0.0502445177551	0.0544462208032	0.00878370041578	-0.028843693418	-0.0523008841328	-0.0273740380686	-0.0628520452833	-0.0106500479591	-0.0226605447348	0.0398657109789	-0.0531472660764	0.0821594992255	0.0208003424399	-0.0221862708911	0.0456227941011	-0.0389177041362	0.0262821543754	0.0118860999957	0.0238513564591	0.0090446362514	0.0117956033156	-0.0773065638764	-0.000817372454315	-0.0634023459349	-0.0197266713054	-0.0515788049477	0.0526810887612	-0.000856001819078	-0.0351401575501
k__Bacteria;p__Firmicutes;c__Clostridia;o__Clostridiales;f__Lachnospiraceae;g__Roseburia;s__Roseburia_intestinalis	0.0112439031984	-0.0607252538071	0.00113493914394	-0.0166196803275	0.0337567180085	-0.0121485477807	0.00348274714395	0.00377006966593	-0.0618849582846	-0.019652760881	-0.0472298803805	0.0208411147617	0.0563553838694	-0.0758255590126	-0.0342457987069	0.0360380116456	0.0343465976589	-0.0252011921911	-0.0419349536359	-0.0472466190461	-0.0309339320504	0.0291753369295	-0.00828092789273	-0.00965380578291	0.0409565655425	0.00352773340319	1.0	-0.00746359017012	-0.0260517934833	-0.00212277440613	-0.0406360590279	0.00446224948391	-0.0283558929495	-0.0248608930259	-0.0295896638709	-0.0412160278459	-0.027162090575	0.0066012246222	-0.027654473932	-0.0102974938935	0.00101075795698	0.0610540640538	0.0207677931821	0.0065832733638	0.0567194099366	-0.0141091474028	0.00900359281106	-0.00592208808691	0.00411473989518	-0.0215297331229	-0.0463551890476	0.0653981466274	-0.068872357341	-0.0215530310525	-0.0408332391172	0.0352607737211	-0.0431029465846	0.00123480919506	0.0167018749394
k__Bacteria;p__Firmicutes;c__Clostridia;o__Clostridiales;f__Lachnospiraceae;g__Roseburia;s__Roseburia_hominis	-0.0473644938197	-0.0579628085431	-0.0589449894864	-0.0176343213293	-0.101358467289	-0.0457770377602	0.0336709334793	-0.0138665073106	0.0113043690481	-0.0527957914461	0.0213586262306	0.0141426365265	-0.0386863594516	0.00318634794637	0.00375030901495	-0.024372057598	0.0333540572194	-0.0260750215917	-0.0067143290955	0.0362268569897	0.000934512248062	0.0548333639535	-0.0346861894544	0.000199439815805	0.00481614104492	-0.0220997397426	-0.00746359017012	1.0	-0.0425308054548	-0.00568545611889	-0.0105611555643	0.0236722203026	0.0358867296201	-0.00269626638336	0.0176184941075	-0.0268177038364	0.00150900465289	-0.109350819151	-0.0403842051483	0.0246118922074	0.00393768819573	0.0024480452935	0.0512625053169	0.0111375225197	0.0284960064221	0.0201734971346	-0.0743926462849	0.0205734135478	0.0464586413033	-0.00164358443243	-0.0218751255535	-0.0132877129945	-0.02077786201	-0.00920340126002	-0.0539386659464	-0.022858928561	-0.0380424832039	-0.00776950616376	0.0132307488867
k__Bacteria;p__Bacteroidetes;c__Bacteroidia;o__Bacteroidales;f__Porphyromonadaceae;g__Parabacteroides;s__Parabacteroides_johnsonii	0.0350194255697	0.0218533973151	0.00936478135388	-0.0427783863669	-0.0258574843319	0.00361570020109	-0.00221095019677	-0.0280329042782	0.0283652837959	0.00668866424375	0.0299109472059	-0.0242520742074	0.014800681697	0.0272382746629	0.00925576676563	-0.021182741408	-0.0683215479062	0.00914026577672	-0.0902220947035	-0.0159967974339	-0.0393390149718	-0.0121987090237	0.0379266555356	-0.0530138318155	-0.0512796445009	0.0107022177721	-0.0260517934833	-0.0425308054548	1.0	-0.0591464441654	0.0356195440421	-0.0129889636904	-0.0345294325514	0.00979356877704	-0.0223698940542	0.0192343066505	-0.0382322954065	0.0220197284422	-0.0418987187854	-0.0526743263975	-0.00303501501548	0.0105921538687	0.0260382757599	-0.034017058424	0.0401313295485	0.0425958885193	-0.00862275427467	-0.0365527109347	0.0260233547836	-0.00171584724256	0.00633121796522	0.012922925282	-0.0380193700248	0.0181896644097	-0.0440175387191	0.00198869192153	-0.0205389584863	0.0523424123631	0.00145937010687
k__Bacteria;p__Actinobacteria;c__Actinobacteria;o__Bifidobacteriales;f__Bifidobacteriaceae;g__Bifidobacterium;s__Bifidobacterium_longum	0.0347125882347	0.0132959030499	0.0214456819472	-0.00178071235874	0.0168767237301	0.0806801161872	-0.0178143387804	-0.0163305972091	0.0152223096486	-0.0310193357958	0.00561315910878	0.0858089141058	-0.0381699779515	0.022158685765	0.00369812861251	-0.0170029166064	-0.0275595346302	-0.00851798739816	0.0218289080408	-0.0424341194353	-0.0813859167135	0.00797185951302	-0.0237458927949	-0.0258509208626	-0.0261869636446	0.00356555647907	-0.00212277440613	-0.00568545611889	-0.0591464441654	1.0	-0.0255793689624	0.0293678342468	0.0374504752318	-0.0576308501008	-0.0197189269947	-0.0679187791841	-0.00954835256847	-0.0519438359867	-0.0293913382411	0.0160969925218	-0.012314443622	-0.00892356684871	-0.0471493268936	0.0141773057481	-0.00358553286583	-0.0761562929869	-0.0565023680515	-0.00935297501063	0.0254893305872	0.0259199915345	-0.0455247661281	-0.00398769738332	-0.0178229475421	0.0467953863646	0.0311595785818	0.0262253372366	-0.00163914220589	-0.0194969346165	0.0126681952795
