#taxonomy	k__Bacteria;p__Bacteroidetes;c__Bacteroidia;o__Bacteroidales;f__Bacteroidaceae;g__Bacteroides;s__Bacteroides_vulgatus	k__Bacteria;p__Bacteroidetes;c__Bacteroidia;o__Bacteroidales;f__Bacteroidaceae;g__Bacteroides;s__Bacteroides_uniformis	k__Bacteria;p__Bacteroidetes;c__Bacteroidia;o__Bacteroidales;f__Rikenellaceae;g__Alistipes;s__Alistipes_putredinis	k__Bacteria;p__Bacteroidetes;c__Bacteroidia;o__Bacteroidales;f__Prevotellaceae;g__Prevotella;s__Prevotella_copri	k__Bacteria;p__Bacteroidetes;c__Bacteroidia;o__Bacteroidales;f__Bacteroidaceae;g__Bacteroides;s__Bacteroides_stercoris	k__Bacteria;p__Bacteroidetes;c__Bacteroidia;o__Bacteroidales;f__Bacteroidaceae;g__Bacteroides;s__Bacteroides_ovatus	k__Bacteria;p__Bacteroidetes;c__Bacteroidia;o__Bacteroidales;f__Rikenellaceae;g__Alistipes;s__Alistipes_shahii	k__Bacteria;p__Firmicutes;c__Clostridia;o__Clostridiales;f__Ruminococcaceae;g__Faecalibacterium;s__Faecalibacterium_prausnitzii	k__Bacteria;p__Bacteroidetes;c__Bacteroidia;o__Bacteroidales;f__Rikenellaceae;g__Alistipes;s__Alistipes_finegoldii	k__Bacteria;p__Bacteroidetes;c__Bacteroidia;o__Bacteroidales;f__Porphyromonadaceae;g__Parabacteroides;s__Parabacteroides_distasonis	k__Bacteria;p__Bacteroidetes;c__Bacteroidia;o__Bacteroidales;f__Bacteroidaceae;g__Bacteroides;s__Bacteroides_thetaiotaomicron	k__Bacteria;p__Bacteroidetes;c__Bacteroidia;o__Bacteroidales;f__Bacteroidaceae;g__Bacteroides;s__Bacteroides_coprocola	k__Bacteria;p__Bacteroidetes;c__Bacteroidia;o__Bacteroidales;f__Bacteroidaceae;g__Bacteroides;s__Bacteroides_cellulosilyticus	k__Bacteria;p__Bacteroidetes;c__Bacteroidia;o__Bacteroidales;f__Rikenellaceae;g__Alistipes;s__Alistipes_obesi	k__Bacteria;p__Firmicutes;c__Clostridia;o__Clostridiales;f__Lachnospiraceae;g__;s__[Eubacterium]_rectale	k__Bacteria;p__Bacteroidetes;c__Bacteroidia;o__Bacteroidales;f__Bacteroidaceae;g__Bacteroides;s__Bacteroides_plebeius	k__Bacteria;p__Bacteroidetes;c__Bacteroidia;o__Bacteroidales;f__Bacteroidaceae;g__Bacteroides;s__Bacteroides_fragilis	k__Bacteria;p__Proteobacteria;c__Betaproteobacteria;o__Burkholderiales;f__Sutterellaceae;g__Sutterella;s__Sutterella_wadsworthensis	k__Bacteria;p__Bacteroidetes;c__Bacteroidia;o__Bacteroidales;f__Porphyromonadaceae;g__Barnesiella;s__Barnesiella_intestinihominis	k__Bacteria;p__Bacteroidetes;c__Bacteroidia;o__Bacteroidales;f__Odoribacteraceae;g__Odoribacter;s__Odoribacter_splanchnicus	k__Bacteria;p__Bacteroidetes;c__Bacteroidia;o__Bacteroidales;f__Bacteroidaceae;g__Bacteroides;s__Bacteroides_salyersiae	k__Bacteria;p__Firmicutes;c__Clostridia;o__Clostridiales;f__Ruminococcaceae;g__Ruminiclostridium;s__[Eubacterium]_siraeum	k__Bacteria;p__Proteobacteria;c__Betaproteobacteria;o__Burkholderiales;f__Sutterellaceae;g__Parasutterella;s__Parasutterella_excrementihominis	k__Bacteria;p__Actinobacteria;c__Actinobacteria;o__Bifidobacteriales;f__Bifidobacteriaceae;g__Bifidobacterium;s__Bifidobacterium_adolescentis	k__Bacteria;p__Firmicutes;c__Clostridia;o__Clostridiales;f__Oscillospiraceae;g__Oscillibacter;s__Oscillibacter_sp._KLE_1745	k__Bacteria;p__Bacteroidetes;c__Bacteroidia;o__Bacteroidales;f__Bacteroidaceae;g__Bacteroides;s__Bacteroides_coprophilus	k__Bacteria;p__Firmicutes;c__Clostridia;o__Clostridiales;f__Lachnospiraceae;g__Roseburia;s__Roseburia_intestinalis	k__Bacteria;p__Firmicutes;c__Clostridia;o__Clostridiales;f__Lachnospiraceae;g__Roseburia;s__Roseburia_hominis	k__Bacteria;p__Bacteroidetes;c__Bacteroidia;o__Bacteroidales;f__Porphyromonadaceae;g__Parabacteroides;s__Parabacteroides_johnsonii	k__Bacteria;p__Actinobacteria;c__Actinobacteria;o__Bifidobacteriales;f__Bifidobacteriaceae;g__Bifidobacterium;s__Bifidobacterium_longum	k__Bacteria;p__Firmicutes;c__Clostridia;o__Clostridiales;f__;g__Flavonifractor;s__Flavonifractor_plautii	k__Bacteria;p__Firmicutes;c__Clostridia;o__Clostridiales;f__Clostridiaceae;g__Clostridium;s__Clostridium_phoceensis	k__Bacteria;p__Verrucomicrobia;c__Verrucomicrobiae;o__Verrucomicrobiales;f__Akkermansiaceae;g__Akkermansia;s__Akkermansia_muciniphila	k__Bacteria;p__Bacteroidetes;c__Bacteroidia;o__Bacteroidales;f__Prevotellaceae;g__Paraprevotella;s__Paraprevotella_xylaniphila	k__Bacteria;p__Firmicutes;c__Clostridia;o__Clostridiales;f__Ruminococcaceae;g__Ruminococcus;s__Ruminococcus_callidus	k__Bacteria;p__Bacteroidetes;c__Bacteroidia;o__Bacteroidales;f__Rikenellaceae;g__Alistipes;s__Alistipes_senegalensis	k__Bacteria;p__Firmicutes;c__Clostridia;o__Clostridiales;f__Lachnospiraceae;g__Blautia;s__Blautia_sp._KLE_1732	k__Bacteria;p__Bacteroidetes;c__Bacteroidia;o__Bacteroidales;f__Bacteroidaceae;g__Bacteroides;s__Bacteroides_oleiciplenus	k__Bacteria;p__Firmicutes;c__Clostridia;o__Clostridiales;f__Ruminococcaceae;g__Ruminococcus;s__Ruminococcus_bicirculans	k__Bacteria;p__Bacteroidetes;c__Bacteroidia;o__Bacteroidales;f__Bacteroidaceae;g__Bacteroides;s__Bacteroides_fluxus	k__Bacteria;p__Bacteroidetes;c__Bacteroidia;o__Bacteroidales;f__Prevotellaceae;g__Prevotella;s__Prevotella_stercorea	k__Bacteria;p__Firmicutes;c__Clostridia;o__Clostridiales;f__Lachnospiraceae;g__Dorea;s__Dorea_longicatena	k__Bacteria;p__Firmicutes;c__Clostridia;o__Clostridiales;f__Eubacteriaceae;g__Eubacterium;s__[Eubacterium]_eligens	k__Bacteria;p__Firmicutes;c__Clostridia;o__Clostridiales;f__Ruminococcaceae;g__;s__Ruminococcaceae_bacterium_D16	k__Bacteria;p__Firmicutes;c__Clostridia;o__Clostridiales;f__Lachnospiraceae;g__Coprococcus;s__Coprococcus_comes	k__Bacteria;p__Proteobacteria;c__Gammaproteobacteria;o__Enterobacterales;f__Enterobacteriaceae;g__Escherichia;s__Escherichia_coli	k__Bacteria;p__Firmicutes;c__Clostridia;o__Clostridiales;f__Ruminococcaceae;g__Anaerotruncus;s__Anaerotruncus_colihominis	k__Bacteria;p__Firmicutes;c__Clostridia;o__Clostridiales;f__Lachnospiraceae;g__Blautia;s__Blautia_obeum	k__Bacteria;p__Bacteroidetes;c__Bacteroidia;o__Bacteroidales;f__Odoribacteraceae;g__Odoribacter;s__Odoribacter_laneus	k__Bacteria;p__Firmicutes;c__Clostridia;o__Clostridiales;f__Ruminococcaceae;g__Ruminiclostridium;s__[Clostridium]_leptum	k__Bacteria;p__Bacteroidetes;c__Bacteroidia;o__Bacteroidales;f__Porphyromonadaceae;g__Parabacteroides;s__Parabacteroides_goldsteinii	k__Bacteria;p__Firmicutes;c__Clostridia;o__Clostridiales;f__Lachnospiraceae;g__Anaerostipes;s__Anaerostipes_hadrus	k__Bacteria;p__Firmicutes;c__Clostridia;o__Clostridiales;f__Ruminococcaceae;g__Ruminococcus;s__Ruminococcus_lactaris	k__Bacteria;p__Firmicutes;c__Clostridia;o__Clostridiales;f__Clostridiaceae;g__Clostridium;s__Clostridium_sp._L2-50	k__Bacteria;p__Firmicutes;c__Clostridia;o__Clostridiales;f__Clostridiaceae;g__Clostridium;s__Clostridium_sp._M62/1	k__Bacteria;p__Firmicutes;c__Clostridia;o__Clostridiales;f__;g__Intestinimonas;s__Intestinimonas_butyriciproducens	k__Bacteria;p__Actinobacteria;c__Actinobacteria;o__Bifidobacteriales;f__Bifidobacteriaceae;g__Bifidobacterium;s__Bifidobacterium_bifidum	k__Bacteria;p__Firmicutes;c__Negativicutes;o__Veillonellales;f__Veillonellaceae;g__Dialister;s__Dialister_invisus	k__Bacteria;p__Bacteroidetes;c__Bacteroidia;o__Bacteroidales;f__Bacteroidaceae;g__Bacteroides;s__Bacteroides_salanitronis
k__Bacteria;p__Bacteroidetes;c__Bacteroidia;o__Bacteroidales;f__Bacteroidaceae;g__Bacteroides;s__Bacteroides_vulgatus	1.0	0.0318167928368	0.0214412165664	-0.0374315129233	0.059217731795	-0.00504638447194	0.00298489934519	0.00450661064178	-0.00159100429057	0.0193348223568	-0.0395369483443	-0.0312557044169	0.0418966134543	-0.0262024206747	0.0208660106953	0.000611127610791	0.00673529331053	-0.0197149007083	-0.0506224490459	-0.00824838912655	-0.0128183222331	-0.0670421213213	-0.0204895093649	-0.00856421841195	0.0338070015563	-0.0123674635028	-0.00015176677189	-0.0207112059224	-0.070529505055	0.0102533608496	0.0613985939477	-0.0690924180307	-0.0635969643221	0.0743322197834	-0.0264073435585	-0.0208344793313	0.0417092880156	0.028695870473	-0.0599710724142	-0.00490988084802	0.000529881088698	0.0199991523348	0.0420731908974	0.00904655823718	-0.0174480319972	0.0192047816093	-0.0252921253861	0.0141465676677	-0.00826617303224	0.00729838060583	0.00284756872551	0.00132483561005	-0.0606169060116	0.0206848065241	-0.0267455106595	0.00736144182301	-0.0301047112565	-0.00638310304431	-0.064322766896
k__Bacteria;p__Bacteroidetes;c__Bacteroidia;o__Bacteroidales;f__Bacteroidaceae;g__Bacteroides;s__Bacteroides_uniformis	0.0318167928368	1.0	0.00674341174924	0.00566992752998	-0.0272540993676	-0.0412059831802	-0.0315154613294	0.00930414122065	-0.0326599946065	0.0377210387896	-0.0685847704145	-0.00101888699433	-0.0494663813292	0.00352159964324	-0.00350827941718	-0.00304833730871	-0.00818706153128	0.00293474754655	-0.0438827476745	-0.03917339307	-0.0825386678997	0.013947564692	0.00157064439141	0.0272903882345	-0.0431513033065	0.0699871052007	-0.0278693880672	-0.0323248017079	-0.00682701920234	0.00129684952844	0.0280138198859	0.0223568706212	0.0580440105582	0.0286849102484	-0.0374940116884	-0.0201751304385	-0.0470286912304	-0.0239021936727	-0.0311679119922	-0.0768632519574	-0.0251239096379	-0.00631042672191	0.0115304596648	-0.0071353229047	0.0234622253043	0.0193508947949	-0.042086350225	-0.104805328478	-0.0530433672471	-0.0306571421077	0.0492181554458	-0.073290790255	0.0294435869671	-0.0147885299536	0.024787611225	-0.0158727537747	-0.0214695179516	-0.00587349915252	-0.00195370361559
k__Bacteria;p__Bacteroidetes;c__Bacteroidia;o__Bacteroidales;f__Rikenellaceae;g__Alistipes;s__Alistipes_putredinis	0.0214412165664	0.00674341174924	1.0	-0.0694514333631	-0.0842861133464	-0.0105421778507	-0.0512157387051	-0.0343268766421	0.00415524348033	0.0200112432296	-0.0107251134968	-0.000500003384745	-0.00607673885767	-0.0218836747734	0.0176679472052	0.0447519563351	-0.0228833335043	0.016927461482	-0.055317822332	-0.0417453905724	-0.0513612511726	-0.018711253558	-0.0198603643961	-0.0134472437527	0.0105001447204	0.0186964267121	-0.0301225971355	0.0369669493599	-0.0101568691485	-0.101734673494	0.0178545198959	0.00303729259923	0.0360357145311	-0.0220612750736	-0.0139324899127	-0.00145488436159	-0.0336747079587	0.00586313255838	0.0280805735739	-0.0459786129501	0.0201063019344	0.00678392989774	-0.0204145019847	0.0152597019793	0.0472792867779	-0.0388839434457	-0.0424808157044	-0.0035353460715	0.0323474420925	0.0445271075483	0.0409810394035	-0.00809166384786	0.0131930113937	-0.0354978801709	0.0066570439264	0.0188122183627	-0.0492316175913	0.0311279553724	0.014166733532
k__Bacteria;p__Bacteroidetes;c__Bacteroidia;o__Bacteroidales;f__Prevotellaceae;g__Prevotella;s__Prevotella_copri	-0.0374315129233	0.00566992752998	-0.0694514333631	1.0	0.00786195673607	0.0153856154107	0.0136876527145	0.00345681182108	0.00285039105704	0.052721324363	-0.0519982078135	0.0193486868457	0.0161562372527	0.0118124290585	-0.04322500822	0.00910113284741	0.0194431064497	-0.00601753218658	-0.0497795148997	0.0146881923041	0.0299686496958	0.0203813211748	-0.017619977157	0.0385016888665	0.0116267898869	0.0197933344947	-0.0946680980615	0.00812911922975	-0.0155030528154	0.00539904935156	-0.00655352702595	-0.0127953481096	-0.0369709992324	0.00291215347454	-0.0610102290036	0.00472315238347	0.00150178574112	-0.0626919156261	-0.0207855688906	-0.0322331604869	-0.0191462494354	-0.0184683268342	0.014039010778	0.00833809903988	-0.070570790662	-0.0192715812206	0.0234023439146	-0.0542800310025	-0.0208816727105	-0.0298025432527	-0.000540734821156	-0.0248319520256	0.0247523848767	-0.0344906106941	-0.0362926631893	0.00660772798814	0.0063220681059	0.0129149683964	-0.0262331833932
k__Bacteria;p__Bacteroidetes;c__Bacteroidia;o__Bacteroidales;f__Bacteroidaceae;g__Bacteroides;s__Bacteroides_stercoris	0.059217731795	-0.0272540993676	-0.0842861133464	0.00786195673607	1.0	0.00514100266193	0.0383397166012	-0.0135648198116	-0.0352524435868	-0.0354740833494	0.0345397002108	0.0550046935344	-0.0102155712728	-0.0386478322127	0.0145928925655	-0.0261692024517	-0.0403544793415	-0.0305962762439	0.000970040140211	0.0344260854875	-0.0152126100909	0.0427236146693	0.0126303844879	-0.0562442194762	0.0159971209875	-0.00840774602827	-0.0201438719593	0.06663764527	-0.00167574349255	-0.00235240701578	0.0326932876159	-0.0112304121145	-0.0807432721566	-0.0256926183703	0.0625073518444	0.0160541399989	0.0309980616731	0.000293369445451	0.00383577431554	0.018120061933	0.028154280451	0.0312486811598	-0.0187174302304	-0.0194102143308	0.0384505442555	0.0140294030699	-0.0222218118334	-0.0385715461734	-0.0508917048249	-0.0168032752393	0.00327616143019	-0.0456540342367	-0.0401096956123	-0.0178637728252	0.00928783054948	-0.0256244653892	0.0205542109461	0.00343794488157	0.0111916551075
k__Bacteria;p__Bacteroidetes;c__Bacteroidia;o__Bacteroidales;f__Bacteroidaceae;g__Bacteroides;s__Bacteroides_ovatus	-0.00504638447194	-0.0412059831802	-0.0105421778507	0.0153856154107	0.00514100266193	1.0	0.0322047498265	0.0340744448131	-0.012933662159	-0.0246144808509	0.0242649095536	-0.0497662793507	0.023903657189	-0.0316624913505	-0.0188035628589	-0.00246739032892	-0.0142955153947	-0.0255141396948	-0.00983326164527	-0.0801466935983	-0.0533905115535	0.00384728266895	0.0419824392275	0.00122130131543	-0.00543290999138	-0.0402087967775	0.00631772152465	0.0126951618876	-0.00610176149709	-0.0516663220325	-0.035412586583	0.0414303586292	-0.00206162291486	0.00395414494584	0.0339464827837	-0.021329508339	0.0373510306437	0.0123338461732	-0.0277811991278	-0.0386865485249	0.00138437550246	-0.0236334077148	-0.0426942891543	-0.00946849243876	-0.023619433916	-0.0301715223624	0.0395465484539	0.041872127356	0.0355026133205	-0.0278004516011	-0.0111232900067	-0.00149442969095	-0.0465664402614	-0.0172834876017	0.0267528887419	0.0245496498641	-0.0209338662297	0.0074401993689	-0.0297535280611
k__Bacteria;p__Bacteroidetes;c__Bacteroidia;o__Bacteroidales;f__Rikenellaceae;g__Alistipes;s__Alistipes_shahii	0.00298489934519	-0.0315154613294	-0.0512157387051	0.0136876527145	0.0383397166012	0.0322047498265	1.0	0.010194656568	0.0233952565836	-0.00743157675027	-0.0264763552413	-0.0297721347307	-0.00177063074229	0.0362644960173	-0.0719744714595	-0.0323830406387	0.00026196033585	-0.0227570732948	-0.0735168481794	0.0450871594761	0.0488918619914	-0.0279146953968	0.0261632553634	-0.0637229478237	-0.00778729801635	-0.0283749653031	-0.0131121578964	0.0168615945943	-0.000863072316384	-0.0428040290929	-0.0249915810807	-0.00559802888719	0.00661388465107	-0.00192608005671	0.0707510662382	0.00742705907284	0.000269423997231	-0.0293448000745	0.0499038726704	0.0280605832693	-0.0137276513428	0.0248543996669	0.00942979889762	-0.0167596775655	0.0164466723829	-0.000552892048522	-0.0266363074713	0.00339555277806	0.0204570498054	-0.0727984681074	-0.0191166910794	-0.0738462003092	-0.00220759246939	0.0154854658963	0.0472245599669	0.0589497638944	-0.0278298470144	-0.0437888593351	-0.0304241919618
k__Bacteria;p__Firmicutes;c__Clostridia;o__Clostridiales;f__Ruminococcaceae;g__Faecalibacterium;s__Faecalibacterium_prausnitzii	0.00450661064178	0.00930414122065	-0.0343268766421	0.00345681182108	-0.0135648198116	0.0340744448131	0.010194656568	1.0	0.0248968929888	-0.00384760121726	-0.0208104001185	-0.0237062212639	-0.000420122386157	-0.0333919933096	-0.0409715896494	-0.00496664356292	-0.0121834572326	-0.0184545081039	-0.01521597208	-0.0431162744899	-0.0061545830156	0.0254356059449	-0.0187637508053	0.027468708067	-0.0488837704314	0.0124210970793	0.0410147573586	-0.0558369931938	-0.0493049332476	-0.0325870602189	-0.00936604175813	0.0284097633966	0.0692597369767	0.0422510573275	0.00577325918467	0.000731346941592	0.00313009700011	-0.0196342662101	0.0530476258487	0.00848999222968	-0.0629083477008	-0.0769803950892	0.0633766345474	-0.0258511681878	-0.0366959937004	0.0527874620712	-0.042909192254	-0.0188437671249	-0.0214974481696	0.0032880286617	-0.00888220383877	-0.00027824912889	-0.0205553044658	-0.0807118630961	-0.045135572538	-0.0174573995039	-0.0589753868426	-0.00659494266066	-0.0424087296214
k__Bacteria;p__Bacteroidetes;c__Bacteroidia;o__Bacteroidales;f__Rikenellaceae;g__Alistipes;s__Alistipes_finegoldii	-0.00159100429057	-0.0326599946065	0.00415524348033	0.00285039105704	-0.0352524435868	-0.012933662159	0.0233952565836	0.0248968929888	1.0	-0.0553071234219	-0.0671757281724	0.0100583148504	0.0243684406135	-0.0251407575114	0.0660053022811	0.0102775183238	0.0335798551859	0.00290038690569	-0.0425140623486	0.0466573860751	0.00526531631225	-0.020677908622	-0.0333366875545	0.00134945928422	0.0346239548535	0.0052594475209	-0.0292487001789	-0.0286421341644	0.0340268567039	-0.0230163162487	-0.000186178967773	-0.0470522127032	-0.0370577483137	-0.0280368896597	0.0703073515635	0.0146558065963	-0.0122049215	-0.0341602883384	-0.0627750340006	-0.0483384218896	0.0319096862637	-0.00146854384511	0.0155442865418	-0.0725898753542	0.0164471727917	-0.0247758712078	0.00672578168505	0.0191761466119	-0.00616276139711	0.0332113068936	-0.0539007622741	-0.00856218027608	-0.024255070951	0.0309850846749	-0.0150982770474	0.00689133988322	0.0296435711756	0.00842171755357	-0.0832545630689
k__Bacteria;p__Bacteroidetes;c__Bacteroidia;o__Bacteroidales;f__Porphyromonadaceae;g__Parabacteroides;s__Parabacteroides_distasonis	0.0193348223568	0.0377210387896	0.0200112432296	0.052721324363	-0.0354740833494	-0.0246144808509	-0.00743157675027	-0.00384760121726	-0.0553071234219	1.0	-0.0402993455003	0.00940607860477	-0.0543641633432	-0.0129111073628	-0.0267494114712	-0.0482643005082	-0.0206949933054	0.00664489321373	-0.0813119125616	-0.0464624464035	-0.00266152861936	0.0504956580117	-0.037271379349	0.0288426047642	-0.0296139862014	0.0142827342115	0.0278622853742	-0.0163738360879	-0.026025397756	-0.0264206152817	-0.0256798111261	0.0352553214559	0.01116897559	0.0334562342243	-0.00212283852826	0.0060873468075	-0.0434728904443	-0.0331963142115	-0.00521079699748	0.00529075449668	-0.0263409120015	0.00129535475051	-0.0277836122302	0.0162739243648	-0.00930952924794	-0.0325587859322	-0.0378625116384	0.0449450915359	-0.00810727058184	-0.0664556388551	0.032424828592	-0.0154892834483	-0.0392067258765	0.0191250619693	0.0326654701361	-0.028262200811	0.0671398019801	-0.0204801403945	-0.0556613530183
k__Bacteria;p__Bacteroidetes;c__Bacteroidia;o__Bacteroidales;f__Bacteroidaceae;g__Bacteroides;s__Bacteroides_thetaiotaomicron	-0.0395369483443	-0.0685847704145	-0.0107251134968	-0.0519982078135	0.0345397002108	0.0242649095536	-0.0264763552413	-0.0208104001185	-0.0671757281724	-0.0402993455003	1.0	-0.0106997241586	-0.00889996369102	-0.0207730973813	0.0422734116295	-0.0388697723961	-0.0328882648488	-0.032172382846	0.0126071281817	0.00804803022585	0.0252492438174	0.0239278397283	-0.0449959170061	0.0112113895066	0.0221743525611	-0.0477383299167	-0.0281188070103	-0.018151229007	0.0192049609746	-0.051464034399	0.0284836404221	-0.0332094713504	-0.0525588108078	0.00741033923855	0.036270542785	0.047808758967	0.0208868341343	0.0191562626039	-0.0193630572211	-0.0600614519546	-0.00316808020846	-0.0358204602223	-0.0395058443859	0.046059164135	-0.0230302949739	0.00660462087966	-0.000908438736001	-0.0250807613184	-0.0496615909826	0.00662078669894	-0.00729749180903	0.0378910002265	0.0149352935429	-0.0106733089736	-0.0183845406746	-0.0257354279446	-0.0134771590936	-0.0384103461437	0.0402163290897
k__Bacteria;p__Bacteroidetes;c__Bacteroidia;o__Bacteroidales;f__Bacteroidaceae;g__Bacteroides;s__Bacteroides_coprocola	-0.0312557044169	-0.00101888699433	-0.000500003384745	0.0193486868457	0.0550046935344	-0.0497662793507	-0.0297721347307	-0.0237062212639	0.0100583148504	0.00940607860477	-0.0106997241586	1.0	-0.0705898382219	-0.0195877007504	-0.0845969149489	0.0290026767879	-0.0404037181036	-0.0606111529813	0.00847635618132	-0.00679789511628	0.0434712024629	-0.11049953111	0.00460320130503	0.0525119255524	0.00526005562635	0.00673586573957	-0.00272459968343	-0.0101008237759	-0.0170469168156	0.0638207777548	-0.0278702054944	0.0303630079563	-0.0280407593024	-0.058827098225	0.00488322915436	-0.0365452690387	0.0241008826954	-0.0128201599609	-0.00919549435702	-0.0233457922031	0.0351315751452	-0.088213124496	-0.0475813982514	0.000774602952921	-0.045368083249	0.0160352075808	0.0345683474193	0.0103269672428	-0.0514664636988	-0.00763480204084	0.0620412153616	0.0291258801905	-0.00905643863653	0.0181168538704	0.000669786772576	-0.00783749815559	-0.0521938808788	-0.0402888426751	0.0270040497986
k__Bacteria;p__Bacteroidetes;c__Bacteroidia;o__Bacteroidales;f__Bacteroidaceae;g__Bacteroides;s__Bacteroides_cellulosilyticus	0.0418966134543	-0.0494663813292	-0.00607673885767	0.0161562372527	-0.0102155712728	0.023903657189	-0.00177063074229	-0.000420122386157	0.0243684406135	-0.0543641633432	-0.00889996369102	-0.0705898382219	1.0	0.0203462650802	0.00787367783069	0.0167879129545	0.0408834621869	0.028524558407	-0.0247572759702	0.00572707167373	-0.051389216985	0.0563386181228	0.0052276774475	-0.03004131853	0.037285837548	-0.00870502114551	-0.0666136368896	-0.0338348718314	-0.0413515435246	-0.00897388761272	-0.0390946361443	-0.00242840895759	-0.0273127596812	-0.0475593448704	0.0163854420764	0.00784059407498	-0.0195172790094	-0.0223690680225	-0.0100251843522	0.014087039787	-0.056541168651	-0.0411339713941	-0.0893544482563	0.00603422478913	-0.00984935173067	0.00782303141094	0.013375068674	-0.0518161863708	0.00586229354058	-0.0148057416354	-0.0491259098697	0.0385380886288	0.0402696206576	0.00267875679378	0.00534807925615	0.061029632986	-0.0222104273714	-0.0089080237627	-0.0496839149491
k__Bacteria;p__Bacteroidetes;c__Bacteroidia;o__Bacteroidales;f__Rikenellaceae;g__Alistipes;s__Alistipes_obesi	-0.0262024206747	0.00352159964324	-0.0218836747734	0.0118124290585	-0.0386478322127	-0.0316624913505	0.0362644960173	-0.0333919933096	-0.0251407575114	-0.0129111073628	-0.0207730973813	-0.0195877007504	0.0203462650802	1.0	-0.0143700073577	0.0159464763041	0.0158707294577	-0.02391578403	0.0500751023595	-0.0433917843087	-0.0571909949387	0.00980462124376	-0.0418713306124	0.00642990353271	0.0403313322685	-0.0238182967832	-0.0203361729785	0.0216080918948	0.0264192343907	-0.0345401182823	-0.00939567606831	-0.00125977544067	0.0339398137371	0.0160244871154	0.0467873595114	0.11337437504	-0.0340568761765	-0.00332954688897	-0.0288440537635	0.0474327756615	-0.0662590114422	-0.0326849692421	0.0187697369612	-0.0847971747795	-0.0421045456343	-0.0225995888918	0.0336060968727	-0.028862544415	0.00740672887706	-0.0447657536926	-0.00946699473707	-0.0509891918199	0.0465195107197	0.0600217485935	-0.0100677468302	0.025421452806	0.0040275821344	-0.0215480361739	0.0132828740411
k__Bacteria;p__Firmicutes;c__Clostridia;o__Clostridiales;f__Lachnospiraceae;g__;s__[Eubacterium]_rectale	0.0208660106953	-0.00350827941718	0.0176679472052	-0.04322500822	0.0145928925655	-0.0188035628589	-0.0719744714595	-0.0409715896494	0.0660053022811	-0.0267494114712	0.0422734116295	-0.0845969149489	0.00787367783069	-0.0143700073577	1.0	0.00969096710836	0.0294589726476	-0.026318936415	0.00193602496658	-0.00187138867207	-0.00136275616357	0.03616575765	0.0123062443821	-0.0730730792873	-0.023879764295	-0.0578691390384	0.0202492980922	-0.00571186846091	-0.0213176651462	-0.0356000999695	-0.0157040492599	-0.0785762439717	-0.0112312504029	-0.0308258717358	-0.0412650546806	0.0138361983435	0.00464352713911	-0.0197954348551	-0.000212159325201	-0.0972440133257	-0.0182019925554	-0.00159163267529	-0.0136978406292	-0.0340399086895	0.0435520960171	-0.0434137024873	0.00456774069462	-0.0168653625566	0.0190880398534	-0.0222323192725	0.00584353657603	-0.0338258866579	-0.0330531517212	0.0357441228397	0.0348783648372	0.0196078811244	0.0252501018301	0.0655856883518	0.0112153216395
k__Bacteria;p__Bacteroidetes;c__Bacteroidia;o__Bacteroidales;f__Bacteroidaceae;g__Bacteroides;s__Bacteroides_plebeius	0.000611127610791	-0.00304833730871	0.0447519563351	0.00910113284741	-0.0261692024517	-0.00246739032892	-0.0323830406387	-0.00496664356292	0.0102775183238	-0.0482643005082	-0.0388697723961	0.0290026767879	0.0167879129545	0.0159464763041	0.00969096710836	1.0	-0.0539232716798	-0.0589082278547	-0.0157015113912	0.0317334502307	0.00748480022197	-0.0225449505461	-0.0337382983703	0.0129045458647	0.00202559641069	-0.0398563569496	-0.0621183144709	-0.0217459839137	0.0171468968606	-0.0161196703004	-0.00423814870781	-0.01855145236	-0.000588345506888	-0.0394384414894	-0.0468438365574	0.0255623047077	0.0469144602952	-0.0469811669254	-0.000268739923904	-0.0112348229169	0.0213361486022	-0.00229514471298	0.0425887199702	-0.0212065885754	0.00585394336519	-0.0816402800613	-0.0707916354269	-0.0342542443597	0.0330710361684	0.0139518780248	0.0596271686682	-0.0401093347333	-0.0536508567158	0.0337249169771	0.0181944931752	-0.0172281074756	0.0336460807807	-0.00187839969121	-0.0208772534508
k__Bacteria;p__Bacteroidetes;c__Bacteroidia;o__Bacteroidales;f__Bacteroidaceae;g__Bacteroides;s__Bacteroides_fragilis	0.00673529331053	-0.00818706153128	-0.0228833335043	0.0194431064497	-0.0403544793415	-0.0142955153947	0.00026196033585	-0.0121834572326	0.0335798551859	-0.0206949933054	-0.0328882648488	-0.0404037181036	0.0408834621869	0.0158707294577	0.0294589726476	-0.0539232716798	1.0	-0.00595459739914	0.012497310196	0.0239847371007	0.0269324175191	-0.0122472731626	0.000633469149515	0.0331457576299	-0.0406741192985	-0.0687863578732	-0.0764940084194	-0.0227897601388	0.0629839679955	-0.0322164741163	0.0128879722974	0.0325560867944	0.0161048888336	-0.0304018108929	-0.0500078325203	-0.0431205599491	0.0385046584669	-0.0010927654688	0.00233242453828	0.0214935185991	-0.0353481680124	-0.0289790226603	0.0211321161318	0.0306997454573	0.0444586297854	0.0465885578752	-0.0402302282924	0.0671858784444	0.0526816479671	-0.00107832247825	-0.0224103149127	-0.0146936994519	-0.0279104626375	-0.0146850819909	-0.0563659654576	-0.0388279332222	-0.0318899984717	-0.0141898775428	0.00400569393643
k__Bacteria;p__Proteobacteria;c__Betaproteobacteria;o__Burkholderiales;f__Sutterellaceae;g__Sutterella;s__Sutterella_wadsworthensis	-0.0197149007083	0.00293474754655	0.016927461482	-0.00601753218658	-0.0305962762439	-0.0255141396948	-0.0227570732948	-0.0184545081039	0.00290038690569	0.00664489321373	-0.032172382846	-0.0606111529813	0.028524558407	-0.02391578403	-0.026318936415	-0.0589082278547	-0.00595459739914	1.0	-0.0276084001796	0.0177771203768	0.0471451444916	-0.0341599226523	-0.0200009490441	0.00543185055375	0.0304834547258	0.0139560944999	0.00997356530676	-0.0163500606675	-0.0205687647426	-0.00054756404998	0.0124773241195	-0.0386635320821	0.0171672897063	-0.0195168587966	-0.0338545850668	-0.0679136418362	-0.0370894763156	0.0121736620696	0.0480793093656	-0.000392027542606	0.00251142125731	0.039757639186	-0.0414185874364	0.033849263661	-0.0258302609748	0.0570839676351	-0.0258891879823	0.00881802457621	-0.00820136102459	-0.0243797146828	0.0179234847095	0.0054252918625	-0.00160805584024	0.0289443287838	0.0519723242462	-0.0055889138349	-0.00766983412697	0.0369729602926	0.0121779433383
k__Bacteria;p__Bacteroidetes;c__Bacteroidia;o__Bacteroidales;f__Porphyromonadaceae;g__Barnesiella;s__Barnesiella_intestinihominis	-0.0506224490459	-0.0438827476745	-0.055317822332	-0.0497795148997	0.000970040140211	-0.00983326164527	-0.0735168481794	-0.01521597208	-0.0425140623486	-0.0813119125616	0.0126071281817	0.00847635618132	-0.0247572759702	0.0500751023595	0.00193602496658	-0.0157015113912	0.012497310196	-0.0276084001796	1.0	-0.0234451102594	0.00284881743697	-0.00398497043539	0.0421786180608	-0.0138094847103	-0.00563062540888	-0.0231474238167	-0.0259245673281	-0.00926632783773	0.0154583749905	-0.0223190102371	-0.061408317992	0.0282799152327	0.013476043103	0.0323789585797	-0.0240468357757	7.69278210806e-06	0.0185377928235	-0.00222825370074	-0.00880258262581	-0.0168576522435	0.0398969234456	-0.0594507513686	-0.037452488678	-0.0072902979016	-0.0268192309633	-0.00351830310744	0.0363746943444	0.000237172511117	0.0493205031932	-0.044617859129	0.0302322964552	-0.0211082148237	-0.0295941715737	-0.0304465465148	0.0134569246616	0.0125106189031	-0.0728776589042	0.056795460919	0.0284400105992
k__Bacteria;p__Bacteroidetes;c__Bacteroidia;o__Bacteroidales;f__Odoribacteraceae;g__Odoribacter;s__Odoribacter_splanchnicus	-0.00824838912655	-0.03917339307	-0.0417453905724	0.0146881923041	0.0344260854875	-0.0801466935983	0.0450871594761	-0.0431162744899	0.0466573860751	-0.0464624464035	0.00804803022585	-0.00679789511628	0.00572707167373	-0.0433917843087	-0.00187138867207	0.0317334502307	0.0239847371007	0.0177771203768	-0.0234451102594	1.0	0.00240031808525	-0.0164948651054	-0.0390255889864	-0.0477348208548	0.0433843466559	-0.0414126432752	-0.0108277054802	0.0102817208167	-0.0065821207234	-0.0113753519492	-0.020378442765	0.0168662123747	-0.0906477070801	-0.00310592906658	-0.0262567335752	0.0227485423081	-0.0359162969499	-0.0485317200121	-0.0338468632747	0.00362314710184	0.0360155464239	-0.0110859570154	-0.0213263496699	0.00828751008958	0.0103268213601	-0.054515834428	-0.0344034524398	-0.0679072899453	0.0675062159687	-0.0249666354189	0.0418038671928	-0.00366049306167	0.00758159966347	-0.0146262628973	0.000457582731615	-0.010881490745	0.0330539536008	-0.0453917145697	0.00826760194217
k__Bacteria;p__Bacteroidetes;c__Bacteroidia;o__Bacteroidales;f__Bacteroidaceae;g__Bacteroides;s__Bacteroides_salyersiae	-0.0128183222331	-0.0825386678997	-0.0513612511726	0.0299686496958	-0.0152126100909	-0.0533905115535	0.0488918619914	-0.0061545830156	0.00526531631225	-0.00266152861936	0.0252492438174	0.0434712024629	-0.051389216985	-0.0571909949387	-0.00136275616357	0.00748480022197	0.0269324175191	0.0471451444916	0.00284881743697	0.00240031808525	1.0	-0.0527509935862	0.0236266620315	0.0311628496338	-0.0683026687212	-0.0469126760878	0.0266866114575	0.0039940380253	0.0565118892927	-0.0222246320733	-0.000610905652399	-0.0726575534088	-0.0723484706749	0.0373438289723	-0.000424198196635	-0.0212951901639	-0.0259532868368	0.00817896905756	-0.0364532934648	0.0293929242811	-0.0387081809069	-0.0152887129591	0.0260000790582	0.0399653311114	0.061428601828	-0.0170661368359	-0.0453015650635	0.0182797466395	-0.0710683249016	-0.00594033267888	-0.0526476313459	0.0483303854155	-0.0234505129437	0.00565699954275	-0.0635907264829	-0.0102415674316	-0.0344273981032	-0.0237346586281	0.00539444402943
k__Bacteria;p__Firmicutes;c__Clostridia;o__Clostridiales;f__Ruminococcaceae;g__Ruminiclostridium;s__[Eubacterium]_siraeum	-0.0670421213213	0.013947564692	-0.018711253558	0.0203813211748	0.0427236146693	0.00384728266895	-0.0279146953968	0.0254356059449	-0.020677908622	0.0504956580117	0.0239278397283	-0.11049953111	0.0563386181228	0.00980462124376	0.03616575765	-0.0225449505461	-0.0122472731626	-0.0341599226523	-0.00398497043539	-0.0164948651054	-0.0527509935862	1.0	0.0849578501221	-0.00528111663771	-0.00834341635156	0.0179476673271	-0.0434199414165	0.00426114040199	0.0365064418289	-0.038682707787	-0.0175521445072	0.0249010438109	0.0173498052826	-0.0200360108539	-0.0483301856724	-0.0268746226013	0.0878422304063	0.0199216676631	-0.00256278980947	-0.00990896143324	0.0262680613296	-0.0433736782345	-0.0152347889154	-0.0404590281336	-0.0377082984578	0.0229843134931	-0.0635338870141	-0.00594339720517	-0.0107253236414	0.00630264302388	-0.016307251984	-0.0408256506093	-0.0227159526345	0.0151647539672	-0.0367190434141	-0.0359828859875	-0.0856064680581	0.0141189556723	0.00161747188028
k__Bacteria;p__Proteobacteria;c__Betaproteobacteria;o__Burkholderiales;f__Sutterellaceae;g__Parasutterella;s__Parasutterella_excrementihominis	-0.0204895093649	0.00157064439141	-0.0198603643961	-0.017619977157	0.0126303844879	0.0419824392275	0.0261632553634	-0.0187637508053	-0.0333366875545	-0.037271379349	-0.0449959170061	0.00460320130503	0.0052276774475	-0.0418713306124	0.0123062443821	-0.0337382983703	0.000633469149514	-0.0200009490441	0.0421786180608	-0.0390255889864	0.0236266620315	0.0849578501221	1.0	0.0192482255528	-0.0148035644148	-0.0382426393424	-0.0317920202869	0.037625381194	-0.0591314382095	-0.057287779469	-0.0259779490765	-0.00687833043125	0.0141974524297	-0.0691072634137	0.0492616436234	-0.0482022870953	-0.0134556136121	0.0151527694401	-0.0365065876939	0.0757434356661	-0.0571692164844	0.0441886430372	-0.0313526093958	0.00712924298285	-0.022776312851	-0.0698989375399	0.00986558331076	-0.025913347167	-0.0535536320709	-0.00101080890357	-0.00768834726692	-0.0691934813552	-0.0248722257093	0.00351532527866	0.0311122883251	0.054401267004	-0.0265118111579	0.0698278291667	0.0294077360451
k__Bacteria;p__Actinobacteria;c__Actinobacteria;o__Bifidobacteriales;f__Bifidobacteriaceae;g__Bifidobacterium;s__Bifidobacterium_adolescentis	-0.00856421841195	0.0272903882345	-0.0134472437527	0.0385016888665	-0.0562442194762	0.00122130131543	-0.0637229478237	0.027468708067	0.00134945928422	0.0288426047642	0.0112113895066	0.0525119255524	-0.03004131853	0.00642990353271	-0.0730730792873	0.0129045458647	0.0331457576299	0.00543185055375	-0.0138094847103	-0.0477348208548	0.0311628496338	-0.00528111663771	0.0192482255528	1.0	0.00372729531464	0.0628303490185	-0.0546398915343	-0.0232647873285	-0.032348556856	0.0287636481877	0.00528786422211	0.00732313674278	-0.0144695510062	-0.0864206216817	-0.0260944956533	-0.0101597589754	-0.0371469802978	0.0178626017798	-0.0376044993173	0.00157373958011	0.00249416061867	0.025943478925	-0.0290697708357	-0.0198981335972	-0.0518247276555	0.0542524875328	-0.0669772022775	0.00916558343476	-0.0148516627709	0.0114055235769	-0.0166576891323	0.00576074461552	-0.00291648403402	0.0161532777992	0.0254470589189	-0.015199798964	-0.0252829368184	0.0234884746877	-0.0382371325791
k__Bacteria;p__Firmicutes;c__Clostridia;o__Clostridiales;f__Oscillospiraceae;g__Oscillibacter;s__Oscillibacter_sp._KLE_1745	0.0338070015563	-0.0431513033065	0.0105001447204	0.0116267898869	0.0159971209875	-0.00543290999138	-0.00778729801635	-0.0488837704314	0.0346239548535	-0.0296139862014	0.0221743525611	0.00526005562635	0.037285837548	0.0403313322685	-0.023879764295	0.00202559641069	-0.0406741192985	0.0304834547258	-0.00563062540888	0.0433843466559	-0.0683026687212	-0.00834341635156	-0.0148035644148	0.00372729531464	1.0	-0.00665369590916	-0.0139697384146	-0.0474553108466	0.000935559931344	0.0531177541608	0.0369383554155	0.0590406287673	-0.00380098396047	-0.00481225708903	-0.0280044793215	0.000669416894412	-0.0124895430443	0.0424960200305	0.0545369586629	0.0232417095892	-0.051465274262	0.00499002944967	0.00239056825862	-0.0177875953157	-0.0176455014794	-0.0443277358441	-0.0130673301471	-0.0450286510272	-0.0206193319651	-0.0151413177453	0.00387164683938	0.00910307342635	-0.104347932547	-0.0790113768117	-0.0226187147764	0.0139400747894	-0.0434823273439	-0.0192076958443	-0.0438871013996
k__Bacteria;p__Bacteroidetes;c__Bacteroidia;o__Bacteroidales;f__Bacteroidaceae;g__Bacteroides;s__Bacteroides_coprophilus	-0.0123674635028	0.0699871052007	0.0186964267121	0.0197933344947	-0.00840774602827	-0.0402087967775	-0.0283749653031	0.0124210970793	0.0052594475209	0.0142827342115	-0.0477383299167	0.00673586573957	-0.00870502114551	-0.0238182967832	-0.0578691390384	-0.0398563569496	-0.0687863578732	0.0139560944999	-0.0231474238167	-0.0414126432752	-0.0469126760878	0.0179476673271	-0.0382426393424	0.0628303490185	-0.00665369590916	1.0	-0.0307103302824	0.0224385656462	-0.00960489873432	-0.0147066583009	-0.0326955999793	-0.00976557352922	-0.00154285050861	0.0484324411905	-0.031583005175	0.00217770711932	-0.0033434354997	-0.03612301232	0.00556406113691	-0.0393744897475	-0.000995354952266	-0.00686192842361	-0.00311544120691	-0.0310712828401	0.0261250508098	-0.00156615720877	-0.0127049566676	-0.0178042119889	-0.0144573084129	-0.0435321291425	-0.0397253581627	-0.0195583862182	-0.027119211467	-0.0667585035051	0.0078604699232	0.00567308276089	-0.0528503052445	-0.0149228940161	-0.04401380681
k__Bacteria;p__Firmicutes;c__Clostridia;o__Clostridiales;f__Lachnospiraceae;g__Roseburia;s__Roseburia_intestinalis	-0.00015176677189	-0.0278693880672	-0.0301225971355	-0.0946680980615	-0.0201438719593	0.00631772152465	-0.0131121578964	0.0410147573586	-0.0292487001789	0.0278622853742	-0.0281188070103	-0.00272459968343	-0.0666136368896	-0.0203361729785	0.0202492980922	-0.0621183144709	-0.0764940084194	0.00997356530676	-0.0259245673281	-0.0108277054802	0.0266866114575	-0.0434199414165	-0.0317920202869	-0.0546398915343	-0.0139697384146	-0.0307103302824	1.0	-0.0176873747273	-0.0860849141364	0.000400578797435	0.0308362309143	0.0493619684927	0.026828817338	0.0581954591144	-0.0296588457684	-0.00386084843682	-0.0129086863757	-0.0339026240062	0.0243063977375	0.000146228515399	-0.0270332917947	-6.25680098956e-05	0.0139295080682	-0.00940272952588	-0.0359102129249	0.0700679407774	-0.0083300170445	0.0288466097349	0.0162336395792	0.00879551085576	-0.0010741321709	0.00852187437796	-0.00322025297847	-0.0119999071606	-0.000818303546839	-0.0332514485907	-0.0541544033448	-0.0252603495637	-0.0160979343458
k__Bacteria;p__Firmicutes;c__Clostridia;o__Clostridiales;f__Lachnospiraceae;g__Roseburia;s__Roseburia_hominis	-0.0207112059224	-0.0323248017079	0.0369669493599	0.00812911922975	0.06663764527	0.0126951618876	0.0168615945943	-0.0558369931938	-0.0286421341644	-0.0163738360879	-0.018151229007	-0.0101008237759	-0.0338348718314	0.0216080918948	-0.00571186846091	-0.0217459839137	-0.0227897601388	-0.0163500606675	-0.00926632783773	0.0102817208167	0.0039940380253	0.00426114040199	0.037625381194	-0.0232647873285	-0.0474553108466	0.0224385656462	-0.0176873747273	1.0	0.0225778386444	-0.0233884785577	-0.00512760988543	0.0340795816154	0.0273877996174	-0.000460465140651	0.048316815559	-0.0345738799977	-0.0324321183952	-0.0229671785734	-0.0216698170362	-0.0200980979439	-0.0100392671646	0.00378605695331	-0.0118028687155	-0.0162944589988	-0.0135079551763	0.00653576570319	-0.0362744937538	-0.0271446237615	0.0530501714526	-0.0406789935445	0.0144035686693	0.0360551618592	-0.0256059889197	0.00244261964699	-0.0292968291934	-0.0152223765311	-0.00704354559304	-0.0552893644032	-0.00917090497703
k__Bacteria;p__Bacteroidetes;c__Bacteroidia;o__Bacteroidales;f__Porphyromonadaceae;g__Parabacteroides;s__Parabacteroides_johnsonii	-0.070529505055	-0.00682701920234	-0.0101568691485	-0.0155030528154	-0.00167574349255	-0.00610176149709	-0.000863072316384	-0.0493049332476	0.0340268567039	-0.026025397756	0.0192049609746	-0.0170469168156	-0.0413515435246	0.0264192343907	-0.0213176651462	0.0171468968606	0.0629839679955	-0.0205687647426	0.0154583749905	-0.0065821207234	0.0565118892927	0.0365064418289	-0.0591314382095	-0.032348556856	0.000935559931344	-0.00960489873432	-0.0860849141364	0.0225778386444	1.0	-0.0317365400296	0.0028144079429	-0.0475960691708	0.0262912699649	0.0334927430904	0.00720460954729	-0.0870254719516	0.00580073688292	0.0360180038473	0.00364938269081	-0.0105090557441	-0.0748407020124	-0.0338915506695	-0.0438858503461	0.0146282943434	-0.00647244128537	0.0010462173056	0.0843979243509	-0.0451701366153	-0.00659035844416	-0.0539190085301	-0.00467799807849	0.0108974862813	-0.0638577095012	0.0495170316173	-0.00570563703565	-0.0386693709973	0.00094343002586	0.0296349953377	-0.00878885852214
k__Bacteria;p__Actinobacteria;c__Actinobacteria;o__Bifidobacteriales;f__Bifidobacteriaceae;g__Bifidobacterium;s__Bifidobacterium_longum	0.0102533608496	0.00129684952844	-0.101734673494	0.00539904935156	-0.00235240701578	-0.0516663220325	-0.0428040290929	-0.0325870602189	-0.0230163162487	-0.0264206152817	-0.051464034399	0.0638207777548	-0.00897388761272	-0.0345401182823	-0.0356000999695	-0.0161196703004	-0.0322164741163	-0.00054756404998	-0.0223190102371	-0.0113753519492	-0.0222246320733	-0.038682707787	-0.057287779469	0.0287636481877	0.0531177541608	-0.0147066583009	0.000400578797435	-0.0233884785577	-0.0317365400296	1.0	0.0519330072816	0.0362301948847	-0.0128998344338	-0.0104864518355	0.0971337831096	-0.0184230996129	-0.0426045489008	-0.00134132877782	-0.00918164205106	0.0149883007324	0.0170506063299	0.0231931016763	0.0378242421723	-0.0345813320193	-0.0119233870519	-0.000269375691323	-0.120928686808	0.0244217965126	-0.00399685928272	-0.0057288305472	-0.049434666552	0.0831955831105	-0.0344119459086	0.0248690334005	-0.0500035449558	-0.000743891234353	0.00686004164488	-0.0135831989981	-0.00480440829421
