#taxonomy	k__Bacteria;p__Bacteroidetes;c__Bacteroidia;o__Bacteroidales;f__Bacteroidaceae;g__Bacteroides;s__Bacteroides_vulgatus	k__Bacteria;p__Bacteroidetes;c__Bacteroidia;o__Bacteroidales;f__Bacteroidaceae;g__Bacteroides;s__Bacteroides_uniformis	k__Bacteria;p__Bacteroidetes;c__Bacteroidia;o__Bacteroidales;f__Rikenellaceae;g__Alistipes;s__Alistipes_putredinis	k__Bacteria;p__Bacteroidetes;c__Bacteroidia;o__Bacteroidales;f__Prevotellaceae;g__Prevotella;s__Prevotella_copri	k__Bacteria;p__Bacteroidetes;c__Bacteroidia;o__Bacteroidales;f__Bacteroidaceae;g__Bacteroides;s__Bacteroides_stercoris	k__Bacteria;p__Bacteroidetes;c__Bacteroidia;o__Bacteroidales;f__Bacteroidaceae;g__Bacteroides;s__Bacteroides_ovatus	k__Bacteria;p__Bacteroidetes;c__Bacteroidia;o__Bacteroidales;f__Rikenellaceae;g__Alistipes;s__Alistipes_shahii	k__Bacteria;p__Firmicutes;c__Clostridia;o__Clostridiales;f__Ruminococcaceae;g__Faecalibacterium;s__Faecalibacterium_prausnitzii	k__Bacteria;p__Bacteroidetes;c__Bacteroidia;o__Bacteroidales;f__Rikenellaceae;g__Alistipes;s__Alistipes_finegoldii	k__Bacteria;p__Bacteroidetes;c__Bacteroidia;o__Bacteroidales;f__Porphyromonadaceae;g__Parabacteroides;s__Parabacteroides_distasonis	k__Bacteria;p__Bacteroidetes;c__Bacteroidia;o__Bacteroidales;f__Bacteroidaceae;g__Bacteroides;s__Bacteroides_thetaiotaomicron	k__Bacteria;p__Bacteroidetes;c__Bacteroidia;o__Bacteroidales;f__Bacteroidaceae;g__Bacteroides;s__Bacteroides_coprocola	k__Bacteria;p__Bacteroidetes;c__Bacteroidia;o__Bacteroidales;f__Bacteroidaceae;g__Bacteroides;s__Bacteroides_cellulosilyticus	k__Bacteria;p__Bacteroidetes;c__Bacteroidia;o__Bacteroidales;f__Rikenellaceae;g__Alistipes;s__Alistipes_obesi	k__Bacteria;p__Firmicutes;c__Clostridia;o__Clostridiales;f__Lachnospiraceae;g__;s__[Eubacterium]_rectale	k__Bacteria;p__Bacteroidetes;c__Bacteroidia;o__Bacteroidales;f__Bacteroidaceae;g__Bacteroides;s__Bacteroides_plebeius	k__Bacteria;p__Bacteroidetes;c__Bacteroidia;o__Bacteroidales;f__Bacteroidaceae;g__Bacteroides;s__Bacteroides_fragilis	k__Bacteria;p__Proteobacteria;c__Betaproteobacteria;o__Burkholderiales;f__Sutterellaceae;g__Sutterella;s__Sutterella_wadsworthensis	k__Bacteria;p__Bacteroidetes;c__Bacteroidia;o__Bacteroidales;f__Porphyromonadaceae;g__Barnesiella;s__Barnesiella_intestinihominis	k__Bacteria;p__Bacteroidetes;c__Bacteroidia;o__Bacteroidales;f__Odoribacteraceae;g__Odoribacter;s__Odoribacter_splanchnicus	k__Bacteria;p__Bacteroidetes;c__Bacteroidia;o__Bacteroidales;f__Bacteroidaceae;g__Bacteroides;s__Bacteroides_salyersiae	k__Bacteria;p__Firmicutes;c__Clostridia;o__Clostridiales;f__Ruminococcaceae;g__Ruminiclostridium;s__[Eubacterium]_siraeum	k__Bacteria;p__Proteobacteria;c__Betaproteobacteria;o__Burkholderiales;f__Sutterellaceae;g__Parasutterella;s__Parasutterella_excrementihominis	k__Bacteria;p__Actinobacteria;c__Actinobacteria;o__Bifidobacteriales;f__Bifidobacteriaceae;g__Bifidobacterium;s__Bifidobacterium_adolescentis	k__Bacteria;p__Firmicutes;c__Clostridia;o__Clostridiales;f__Oscillospiraceae;g__Oscillibacter;s__Oscillibacter_sp._KLE_1745	k__Bacteria;p__Bacteroidetes;c__Bacteroidia;o__Bacteroidales;f__Bacteroidaceae;g__Bacteroides;s__Bacteroides_coprophilus	k__Bacteria;p__Firmicutes;c__Clostridia;o__Clostridiales;f__Lachnospiraceae;g__Roseburia;s__Roseburia_intestinalis	k__Bacteria;p__Firmicutes;c__Clostridia;o__Clostridiales;f__Lachnospiraceae;g__Roseburia;s__Roseburia_hominis	k__Bacteria;p__Bacteroidetes;c__Bacteroidia;o__Bacteroidales;f__Porphyromonadaceae;g__Parabacteroides;s__Parabacteroides_johnsonii	k__Bacteria;p__Actinobacteria;c__Actinobacteria;o__Bifidobacteriales;f__Bifidobacteriaceae;g__Bifidobacterium;s__Bifidobacterium_longum	k__Bacteria;p__Firmicutes;c__Clostridia;o__Clostridiales;f__;g__Flavonifractor;s__Flavonifractor_plautii	k__Bacteria;p__Firmicutes;c__Clostridia;o__Clostridiales;f__Clostridiaceae;g__Clostridium;s__Clostridium_phoceensis	k__Bacteria;p__Verrucomicrobia;c__Verrucomicrobiae;o__Verrucomicrobiales;f__Akkermansiaceae;g__Akkermansia;s__Akkermansia_muciniphila	k__Bacteria;p__Bacteroidetes;c__Bacteroidia;o__Bacteroidales;f__Prevotellaceae;g__Paraprevotella;s__Paraprevotella_xylaniphila	k__Bacteria;p__Firmicutes;c__Clostridia;o__Clostridiales;f__Ruminococcaceae;g__Ruminococcus;s__Ruminococcus_callidus	k__Bacteria;p__Bacteroidetes;c__Bacteroidia;o__Bacteroidales;f__Rikenellaceae;g__Alistipes;s__Alistipes_senegalensis	k__Bacteria;p__Firmicutes;c__Clostridia;o__Clostridiales;f__Lachnospiraceae;g__Blautia;s__Blautia_sp._KLE_1732	k__Bacteria;p__Bacteroidetes;c__Bacteroidia;o__Bacteroidales;f__Bacteroidaceae;g__Bacteroides;s__Bacteroides_oleiciplenus	k__Bacteria;p__Firmicutes;c__Clostridia;o__Clostridiales;f__Ruminococcaceae;g__Ruminococcus;s__Ruminococcus_bicirculans	k__Bacteria;p__Bacteroidetes;c__Bacteroidia;o__Bacteroidales;f__Bacteroidaceae;g__Bacteroides;s__Bacteroides_fluxus	k__Bacteria;p__Bacteroidetes;c__Bacteroidia;o__Bacteroidales;f__Prevotellaceae;g__Prevotella;s__Prevotella_stercorea	k__Bacteria;p__Firmicutes;c__Clostridia;o__Clostridiales;f__Lachnospiraceae;g__Dorea;s__Dorea_longicatena	k__Bacteria;p__Firmicutes;c__Clostridia;o__Clostridiales;f__Eubacteriaceae;g__Eubacterium;s__[Eubacterium]_eligens	k__Bacteria;p__Firmicutes;c__Clostridia;o__Clostridiales;f__Ruminococcaceae;g__;s__Ruminococcaceae_bacterium_D16	k__Bacteria;p__Firmicutes;c__Clostridia;o__Clostridiales;f__Lachnospiraceae;g__Coprococcus;s__Coprococcus_comes	k__Bacteria;p__Proteobacteria;c__Gammaproteobacteria;o__Enterobacterales;f__Enterobacteriaceae;g__Escherichia;s__Escherichia_coli	k__Bacteria;p__Firmicutes;c__Clostridia;o__Clostridiales;f__Ruminococcaceae;g__Anaerotruncus;s__Anaerotruncus_colihominis	k__Bacteria;p__Firmicutes;c__Clostridia;o__Clostridiales;f__Lachnospiraceae;g__Blautia;s__Blautia_obeum	k__Bacteria;p__Bacteroidetes;c__Bacteroidia;o__Bacteroidales;f__Odoribacteraceae;g__Odoribacter;s__Odoribacter_laneus	k__Bacteria;p__Firmicutes;c__Clostridia;o__Clostridiales;f__Ruminococcaceae;g__Ruminiclostridium;s__[Clostridium]_leptum	k__Bacteria;p__Bacteroidetes;c__Bacteroidia;o__Bacteroidales;f__Porphyromonadaceae;g__Parabacteroides;s__Parabacteroides_goldsteinii	k__Bacteria;p__Firmicutes;c__Clostridia;o__Clostridiales;f__Lachnospiraceae;g__Anaerostipes;s__Anaerostipes_hadrus	k__Bacteria;p__Firmicutes;c__Clostridia;o__Clostridiales;f__Ruminococcaceae;g__Ruminococcus;s__Ruminococcus_lactaris	k__Bacteria;p__Firmicutes;c__Clostridia;o__Clostridiales;f__Clostridiaceae;g__Clostridium;s__Clostridium_sp._L2-50	k__Bacteria;p__Firmicutes;c__Clostridia;o__Clostridiales;f__Clostridiaceae;g__Clostridium;s__Clostridium_sp._M62/1	k__Bacteria;p__Firmicutes;c__Clostridia;o__Clostridiales;f__;g__Intestinimonas;s__Intestinimonas_butyriciproducens	k__Bacteria;p__Actinobacteria;c__Actinobacteria;o__Bifidobacteriales;f__Bifidobacteriaceae;g__Bifidobacterium;s__Bifidobacterium_bifidum	k__Bacteria;p__Firmicutes;c__Negativicutes;o__Veillonellales;f__Veillonellaceae;g__Dialister;s__Dialister_invisus	k__Bacteria;p__Bacteroidetes;c__Bacteroidia;o__Bacteroidales;f__Bacteroidaceae;g__Bacteroides;s__Bacteroides_salanitronis
k__Bacteria;p__Bacteroidetes;c__Bacteroidia;o__Bacteroidales;f__Bacteroidaceae;g__Bacteroides;s__Bacteroides_vulgatus	1.0	0.0298125784121	-0.0290309948261	0.0520260862563	-0.0176180614801	-0.00718451741892	-0.0507595385192	-0.027543496373	0.00209338413719	-0.0207087264889	0.0355848155165	0.00188986979667	0.00533996232712	-0.0644225325115	-0.0574478762145	-0.0125341454697	0.0287742327428	-0.0282247073198	0.0113605951552	-0.0417041303225	-0.0448779909076	0.0182402195937	0.0433594813397	-0.00811127791596	0.0122335257841	-0.0413154707564	0.018808129485	-0.037429145149	0.0528440546454	-0.0299328244248	0.0279347125804	0.0443519101627	-0.00127870831476	-0.0489613602494	-0.0141719213393	-0.0407356433455	0.00465479868075	-0.0275653582025	-0.0179312639969	-0.0379616959894	0.0230029211138	-0.0721907738545	-0.0088124002839	-0.0367159482843	0.0391610856215	0.00761507848144	-0.0313771211809	-0.0350586212608	-0.0561959478546	-0.0235851973908	0.0191035253791	0.0370802740964	0.020691568457	-0.0438940790716	-0.0583671286041	0.0528118465023	0.00919040655249	-0.0365011494332	-0.00466278494201
k__Bacteria;p__Bacteroidetes;c__Bacteroidia;o__Bacteroidales;f__Bacteroidaceae;g__Bacteroides;s__Bacteroides_uniformis	0.0298125784121	1.0	0.029223478457	0.0014815887531	-0.0212558479873	-0.0328070544254	0.0578731478063	0.0131180547004	0.0614302153747	-0.0459561221769	0.0323279150161	0.00259052927858	-0.00621887746885	-0.0513951031206	-0.0129859922979	0.0105381120412	-0.0164269148946	-0.0398148357864	-0.0455587380447	0.014016658016	-0.0692748325958	0.0115213412967	-0.0206533760084	-0.00158631891534	0.0355429980113	0.0155025938209	0.0106819931373	0.0312716306379	-0.0465527276115	-0.0322812487614	-0.00110409325227	0.0524270630691	-0.0518846931592	-0.0356237652139	-0.0157281101745	0.0162738182997	0.0182130403369	-0.0404206997609	0.0572474301536	-0.00792956668147	-0.00830371838106	0.0359256329024	-0.01643316912	-0.0255522406233	-0.0275175314239	0.0126743352347	0.0421728599388	-0.0279704473675	-0.0343199985862	-0.00770075609014	-0.0497097020996	0.0187065130542	-0.0167352435761	-0.0364988692908	0.028089113955	0.013995629638	-0.00797462978069	0.0201275019807	0.00780345895506
k__Bacteria;p__Bacteroidetes;c__Bacteroidia;o__Bacteroidales;f__Rikenellaceae;g__Alistipes;s__Alistipes_putredinis	-0.0290309948261	0.029223478457	1.0	-0.00842408331237	-0.032616820154	-0.0441472730125	-0.00997891058055	-0.0033940894714	0.0358135620596	-0.0368186364127	-0.0421639735301	-0.0526203767309	-0.0455903291665	-0.019292707546	-0.0674128655714	-0.0077615913378	0.0116621913517	0.0206945032435	0.0121703944294	-0.048501212236	-0.00486677532259	0.00193563566666	-0.0287521126334	0.0420990914173	0.00791406401423	0.0126674917815	0.0312468585808	-0.0100780197603	0.00417254416299	-0.0270908829147	0.0222327036961	-0.000563211884056	-0.0461983426833	-0.0140613721525	0.0319113423563	-0.0247898548571	-0.0198005535905	-0.00321141515891	-0.00920431271639	-0.0291860508206	0.0349215547056	-0.00717033305261	0.0279566418215	-0.00831843985285	-0.0208840085095	-0.0261193932496	-0.0112517832167	-0.0149184239606	0.0152519799172	0.0490568011337	0.0174095404673	0.0509807437432	-0.00409826828772	-0.0126440407432	0.00295385294168	0.0013682877543	-0.0510659094503	-0.0152356766739	0.0741418229639
k__Bacteria;p__Bacteroidetes;c__Bacteroidia;o__Bacteroidales;f__Prevotellaceae;g__Prevotella;s__Prevotella_copri	0.0520260862563	0.0014815887531	-0.00842408331237	1.0	0.000677464012878	-0.0499424931933	0.00836240469221	0.0142134437053	0.0231642153207	-0.0230613507699	-0.0330105331542	-0.00902961872674	-0.00958411789293	0.0236615313505	-0.0115153998572	-0.056685383558	0.00322694317808	-0.052365896998	-0.0436489010772	-0.016827573501	-0.0260454047554	0.00578281701672	-0.0509004131376	0.0384967873678	-0.0357986313395	-0.029137546518	0.00468305035792	0.00327165707722	0.00177977911675	-0.0199470364696	0.0260437474582	0.036844961534	0.0318307115275	-0.0057259053446	-0.0231913006454	-0.0240868063909	-0.0360879265606	-0.0466208418747	0.0440677202476	0.00941987946463	-0.0310960112662	-0.0334704618659	-0.0774337672376	0.0770412084256	-0.0198910962446	0.0180433822037	-0.0255549660298	0.0435524618338	0.0127804260824	-0.0254700401382	0.0584497253697	-0.0224268215552	-0.0212023764284	-0.0717615112755	0.011282297522	-0.0105587704854	0.0238911986563	0.0150256384104	0.015549374115
k__Bacteria;p__Bacteroidetes;c__Bacteroidia;o__Bacteroidales;f__Bacteroidaceae;g__Bacteroides;s__Bacteroides_stercoris	-0.0176180614801	-0.0212558479873	-0.032616820154	0.000677464012878	1.0	0.0430571994421	-0.0101889729681	-0.0052778066467	-0.00245672170809	0.0109413252646	-0.00106582880576	-0.0815244220716	-0.0119855567193	0.0302820500854	0.0145977024766	0.0287838619015	-0.0646464129739	0.00711030724106	-0.0110640285414	-0.0519931021297	-0.0375164597484	-0.0713958477014	0.00830667947622	0.0294274775048	-0.0406886947803	-0.0637270425987	-0.0172349273556	0.0758123440588	-0.0892999913972	0.0255735044839	-0.0570881263484	0.0426532106073	-0.0526693777493	0.03742755183	0.00335379685642	-0.0275707293164	-0.00237505366328	0.0389299916965	0.0159766348033	0.0714133380389	0.00788714575654	-0.0148775740179	0.00217373660062	-0.0306745857444	0.0118918986962	-0.0180044019355	-0.0560852512408	0.00174969608042	-0.0101562585373	0.0213979928722	0.0365051915357	-8.8609081276e-05	0.00484698840134	-0.0603615255625	-0.00712463908515	-0.0413288735254	-0.0337568533648	-0.0130958130176	0.00811987673753
k__Bacteria;p__Bacteroidetes;c__Bacteroidia;o__Bacteroidales;f__Bacteroidaceae;g__Bacteroides;s__Bacteroides_ovatus	-0.00718451741892	-0.0328070544254	-0.0441472730125	-0.0499424931933	0.0430571994421	1.0	-0.0567293032914	0.0110911891953	-0.0257455429787	-0.0257670575121	-0.0604468194743	-0.0107842439653	-0.0511683878209	-0.0355500200186	-0.00571206523366	0.0215242657617	-0.000292108368269	-0.0185243243373	-0.0393372679901	0.0752155939956	-0.0403751776402	-0.0440825902701	0.0232190524736	-0.0419576969028	-0.0204091167568	0.0220168641478	0.0220760637733	-0.00643316960233	-0.0223633388249	0.0423033624517	-0.0346460035082	-0.0802555621585	0.00707620785012	-0.0405609285076	0.0395234710413	-0.0106921887121	0.0155090968093	-0.0592777104063	-0.0192180654592	0.00724749360265	0.0313252781638	-0.053566818598	0.00687263647843	0.0223781456432	-0.00153166418995	-0.00671765736715	0.020667249941	0.00264303714729	0.0255979133174	0.0200237241342	-0.0566967040355	-0.00386981969428	0.00522476239082	-0.0627448239689	-0.0180032891531	0.00561324902188	0.0243861070675	-0.0335046914483	-0.0403814170911
k__Bacteria;p__Bacteroidetes;c__Bacteroidia;o__Bacteroidales;f__Rikenellaceae;g__Alistipes;s__Alistipes_shahii	-0.0507595385192	0.0578731478063	-0.00997891058055	0.00836240469221	-0.0101889729681	-0.0567293032914	1.0	-0.0187065709288	0.00562630612552	-0.0290222164464	0.00979416883776	0.0115841622042	0.0136532058328	-0.0160184734901	-0.00786591060821	0.00704883438905	0.00115514117695	0.0302063091303	0.0462135109729	0.0138068123548	-0.0355040097108	-0.00470738725726	-0.049702051606	0.012959780506	0.0302699944959	0.00109330084422	-0.00864097567084	-0.0289845683822	-0.00681722170828	-0.0186851991975	-0.011240322501	-0.0162973055116	-0.0520223579351	-0.00299337239278	0.0252427476992	-0.0212941714551	0.0115191646621	-0.0431163224355	-0.0497375671748	0.0171331546861	-0.0172238934683	0.0271103789869	-0.0457116179496	0.0842767804208	0.0319992022008	0.0108642645492	0.0317908737386	-0.0271371362407	0.0389635121551	-0.00248012423699	0.0155084578598	0.0134290332538	0.0146533679047	0.0285270435594	0.0310275557379	-0.00486995499004	-0.0366212607586	0.007080466883	-0.0196721813186
k__Bacteria;p__Firmicutes;c__Clostridia;o__Clostridiales;f__Ruminococcaceae;g__Faecalibacterium;s__Faecalibacterium_prausnitzii	-0.027543496373	0.0131180547004	-0.0033940894714	0.0142134437053	-0.0052778066467	0.0110911891953	-0.0187065709288	1.0	0.011497939002	-0.00299167452297	-0.0199899199098	-0.0378114530702	-0.00738654852565	-0.0131221020196	-0.0728229006066	-0.0315259225961	-0.0102654623219	0.0186445713015	0.0202659480667	-0.0302891945686	0.045519407144	0.0629034899482	-0.0278176820261	-0.0275080685544	0.0273519491874	-0.0281679237786	0.0312329887663	-0.0386462594445	-0.0480579779576	0.0173738697303	0.00777194063506	0.00575240721165	0.00329115769471	-0.017952079784	-0.0462699574255	-0.00164728108887	-0.036537071456	-0.0368831929245	-0.0202408809396	-0.0391349699098	0.0488467787598	-0.0300359210491	-0.0390328156888	0.0244916345374	-0.00512595376647	-0.0254104560661	0.00155320598788	0.0025893665409	0.0320095517725	-0.00734429002856	0.000408507343668	0.00686323797003	-0.010440205471	-0.00409375150196	-0.0533241431771	0.0194382000656	0.0689202449548	-0.0326745347385	-0.0202150242121
k__Bacteria;p__Bacteroidetes;c__Bacteroidia;o__Bacteroidales;f__Rikenellaceae;g__Alistipes;s__Alistipes_finegoldii	0.00209338413719	0.0614302153747	0.0358135620596	0.0231642153207	-0.00245672170809	-0.0257455429787	0.00562630612552	0.011497939002	1.0	-0.0408291849706	-0.0150451828149	0.0309134336315	0.0243760015119	-0.0142097239478	0.0500161317793	0.0231569935481	0.0227100105599	0.032533531996	0.0333336500094	-0.0228345067614	-0.0323036219993	-0.0709674640868	-0.00288790306959	-0.0268273067818	-0.0439827059493	-0.0282320244458	-0.00733207678692	-0.0168846744628	0.00146032345104	-0.0379636856738	0.0347234816801	-0.0456597192579	-0.00625290906498	-0.0515251052128	-0.023166064006	0.0258402294263	0.0265326814781	-0.0656740296711	-0.0151976847648	-0.00243168575781	0.0433553418458	0.000516207737033	-0.018391891714	-0.0205173664303	0.0148762145993	-0.00839097762357	-0.000407445722679	-0.00606625213209	-0.0534236184906	-0.00132068177094	-0.0359718335893	-0.0477819829696	-0.0911046982431	-0.0169889719836	0.00236708328186	-0.0131247357912	-0.0112824475269	-0.0374477819385	0.00841711231127
k__Bacteria;p__Bacteroidetes;c__Bacteroidia;o__Bacteroidales;f__Porphyromonadaceae;g__Parabacteroides;s__Parabacteroides_distasonis	-0.0207087264889	-0.0459561221769	-0.0368186364127	-0.0230613507699	0.0109413252646	-0.0257670575121	-0.0290222164464	-0.00299167452297	-0.0408291849706	1.0	-0.00440833795066	-0.00582291951598	-0.0116749886479	-0.0404431461796	-0.00903725762459	0.0338397432603	-0.0808127608142	0.00079077871513	0.00847353706958	-0.0413815121977	0.00242395925461	0.0811018306448	-0.0183475457769	0.00260364625559	-0.0556005167852	-0.0258934563789	0.0817316100611	-0.00657941595638	-0.0499678956234	-0.0462696830524	0.0275978913138	0.0348164012102	-0.0253231024801	0.00127293449373	-0.0246213251476	0.0035807452377	0.0225932876305	-0.0793090887686	-0.0308170607128	-0.0322775084314	-0.00476584765505	0.00574586944218	0.0172267039656	-0.0137051574574	-0.0514244718595	-0.0340354580327	-0.00420851644613	0.045135615433	0.0253190695816	0.0424277107815	-0.0169416836585	-0.0267632017118	0.0136423145354	0.035940148321	-0.0605485723749	-0.0415650441418	0.0116324941572	-0.0458705582238	-0.00577022107144
k__Bacteria;p__Bacteroidetes;c__Bacteroidia;o__Bacteroidales;f__Bacteroidaceae;g__Bacteroides;s__Bacteroides_thetaiotaomicron	0.0355848155165	0.0323279150161	-0.0421639735301	-0.0330105331542	-0.00106582880576	-0.0604468194743	0.00979416883776	-0.0199899199098	-0.0150451828149	-0.00440833795066	1.0	-0.00668744447181	0.00126090140997	0.0214805749804	0.0331870808419	-0.0378830748386	-0.0082661829539	-0.00460742759558	-0.018379520483	0.00409980594649	0.0194412778014	-0.0108872932331	-0.0378392139255	-0.00308899224102	0.0156138764969	-0.0749905618133	-0.0204224466254	-0.0508516469186	0.0491584247878	-0.0337652245299	-0.0231468513578	0.00508674779159	-0.0496309988169	0.0165424477048	-0.00978937242599	-0.0255410559194	0.043378943372	0.0499266456031	-0.00465193617901	0.0112473363909	-0.022738002734	-0.0199351593174	-0.0386952853351	0.00958479750055	-0.0511258091739	0.0155759191106	0.0337474958326	0.0148037654286	0.00198242571845	0.0188527738269	-0.0404869778687	-0.0258074462608	0.0207733955104	-0.0707415145763	0.0414729943329	0.0133565486902	0.00283920646265	-0.0245805971762	-0.013875279776
k__Bacteria;p__Bacteroidetes;c__Bacteroidia;o__Bacteroidales;f__Bacteroidaceae;g__Bacteroides;s__Bacteroides_coprocola	0.00188986979667	0.00259052927858	-0.0526203767309	-0.00902961872674	-0.0815244220716	-0.0107842439653	0.0115841622042	-0.0378114530702	0.0309134336315	-0.00582291951598	-0.00668744447181	1.0	-0.0305321866504	0.0177071986334	0.00670315874335	0.0550662389454	-0.0133272755199	-0.00913710252355	0.0129208540174	-0.00328152656389	-0.0631174573826	0.0213967811461	-0.0636507361285	-0.0149963494255	-0.0133576883492	-0.0994904074506	0.00974568034098	-0.0304956781942	0.0102404082693	0.0496604867869	-0.00987250908407	-0.00696066867541	0.00060206466143	0.0625713174675	-0.0388922234431	0.00632655199008	0.0245133895583	-0.0174160503914	-0.0864653970272	-0.0642159089607	0.038070284239	0.028034779364	0.0323913514254	-0.018207491262	-0.0187667037845	-0.0412157939982	-0.0172765962007	-0.0200137820198	0.0663040435241	-0.0395748698231	0.0315426012899	-0.0255097591564	0.0300064172945	0.0238507141453	0.00512287878327	0.0289495914187	-0.0140691771739	-0.0137081571008	0.0365659010552
k__Bacteria;p__Bacteroidetes;c__Bacteroidia;o__Bacteroidales;f__Bacteroidaceae;g__Bacteroides;s__Bacteroides_cellulosilyticus	0.00533996232712	-0.00621887746885	-0.0455903291665	-0.00958411789293	-0.0119855567193	-0.0511683878209	0.0136532058328	-0.00738654852565	0.0243760015119	-0.0116749886479	0.00126090140997	-0.0305321866504	1.0	-0.0270796042266	0.0475414920513	-0.0233893735999	0.00660426246623	0.0326315361328	0.080540817419	-0.00373640799244	-0.0501127690937	-0.00790310315789	0.00658197675197	0.0560650993459	0.000605297441215	-0.045462506795	-0.0229333748551	0.0178909329078	-0.0067505493809	0.0170015018663	-0.0112022246989	-0.0772743073542	0.0116750292137	0.00244341200947	-0.0325944538807	-0.0208439112886	-0.0420705060452	-0.0349083103225	-0.0214106137407	0.0111691341543	0.00566365909112	0.00704869542388	0.0434922482819	-0.0372515792278	0.00722894765933	0.00411242147481	-0.0219141971417	0.00239636142278	-0.0384656796534	-0.00982305486774	-0.000929261965391	0.0386128902947	0.0278278402202	-0.0465247162897	0.00225612384242	-0.0127409771853	0.0296879959093	0.00484016749923	0.0151239745305
k__Bacteria;p__Bacteroidetes;c__Bacteroidia;o__Bacteroidales;f__Rikenellaceae;g__Alistipes;s__Alistipes_obesi	-0.0644225325115	-0.0513951031206	-0.019292707546	0.0236615313505	0.0302820500854	-0.0355500200186	-0.0160184734901	-0.0131221020196	-0.0142097239478	-0.0404431461796	0.0214805749804	0.0177071986334	-0.0270796042266	1.0	-0.00240463954609	-0.0169489231026	0.019195116955	0.0142097733436	0.00694189925103	-0.0530767242798	-0.0242943466074	-0.081885481491	0.0199793991022	-0.0338271207281	-0.0182626120425	0.0403518490683	-0.0229649721517	-0.00158019876356	-0.0124457163795	0.0262953991088	0.0207651383705	-0.0436252781304	0.00385955273902	-0.0151050271871	-0.0108731660876	-0.0556843682574	0.0354410101455	-0.00532213260367	-0.00654769102935	0.0655683406658	0.0423379342895	0.0210096094003	0.00125901452328	-0.030805325817	0.0200790409034	-0.0133710496062	0.0377942287855	0.070518052045	-0.0564511509592	0.006339850757	-0.0198763168356	0.0214604074222	0.011675899715	0.0314340470255	-0.0985509438325	-0.0151995322903	-0.0418496558893	0.00773213786074	-0.0302135308408
k__Bacteria;p__Firmicutes;c__Clostridia;o__Clostridiales;f__Lachnospiraceae;g__;s__[Eubacterium]_rectale	-0.0574478762145	-0.0129859922979	-0.0674128655714	-0.0115153998572	0.0145977024766	-0.00571206523366	-0.00786591060821	-0.0728229006066	0.0500161317793	-0.00903725762459	0.0331870808419	0.00670315874335	0.0475414920513	-0.00240463954609	1.0	-0.0345811419812	-0.0425186548936	0.00571898351558	-0.0270553914483	0.00760616301345	-0.00542858881483	-0.0268426887487	-0.0243180437028	-0.00849324113389	-0.0415969637116	-0.0701236683557	0.0392524484008	-0.0430865214241	-0.0605024510445	-0.0404016841193	0.00730205499065	-0.0466449671997	0.0519011526456	0.0185882409498	-0.0219974240816	-0.000274619531971	0.0585775867336	-0.00434888550006	-0.0435546466177	0.0872759352776	-0.0141150472567	-0.0111013136427	0.0191878388431	0.0214580720642	-0.0248653795161	-0.0159442027906	-0.0229343332976	-0.0492918376903	-0.0292289250343	0.0202356972661	0.0132733403786	-0.0298140082094	0.0953372492205	0.046784102797	-0.0286907547649	0.0102246047944	-0.0347705959941	-0.0191246567462	-0.0350737672941
k__Bacteria;p__Bacteroidetes;c__Bacteroidia;o__Bacteroidales;f__Bacteroidaceae;g__Bacteroides;s__Bacteroides_plebeius	-0.0125341454697	0.0105381120412	-0.0077615913378	-0.056685383558	0.0287838619015	0.0215242657617	0.00704883438905	-0.0315259225961	0.0231569935481	0.0338397432603	-0.0378830748386	0.0550662389454	-0.0233893735999	-0.0169489231026	-0.0345811419812	1.0	-0.0265446901812	0.0291884038821	0.00552889668946	-0.0513586834937	-0.0245962047204	-0.0439432864891	-0.0173557501274	-0.0924460539088	0.0605944265813	0.0219235595178	0.0249454272106	-0.00944549293303	-0.0269121510937	0.00599799345995	0.0322381034567	-0.0453672862284	0.0433612099769	-0.0377163994638	-0.025746823927	0.0171733853174	-0.0401331156413	0.0131786870578	0.00501682211164	0.0254690786308	-0.0222537711138	0.0428939377129	-0.0204422442195	-0.0314980738476	-0.0059185564448	-0.0115549800982	-0.0876296613213	0.0259343359623	-0.025506300331	0.00536703232181	-0.00391611030203	0.0043164105638	-0.00509839294896	-0.0304728143985	-0.014992672112	-0.0419593113576	-0.0186208233855	0.014457440192	0.0650449451597
k__Bacteria;p__Bacteroidetes;c__Bacteroidia;o__Bacteroidales;f__Bacteroidaceae;g__Bacteroides;s__Bacteroides_fragilis	0.0287742327428	-0.0164269148946	0.0116621913517	0.00322694317808	-0.0646464129739	-0.000292108368269	0.00115514117695	-0.0102654623219	0.0227100105599	-0.0808127608142	-0.0082661829539	-0.0133272755199	0.00660426246623	0.019195116955	-0.0425186548936	-0.0265446901812	1.0	-0.00893517648044	-0.00389283573771	0.0678522308421	-0.0385353118718	-0.0197666939126	-0.0299585402032	-0.0459726786884	0.046195828967	-0.0215354227303	0.031243987879	0.028269558126	-0.0115777293418	0.0625295549798	0.016412184435	0.028130643807	-0.0268774019296	-0.0539297298247	-0.0323729216986	-0.00381677552725	-0.0605290652085	0.0644700282675	-0.0378455505711	-0.0444101550031	-0.00951028142156	-0.0256376845422	0.0138107255912	-0.0692853673911	0.0166140863976	-0.00395558250688	-0.0210228144387	0.0291962599141	-0.0477921942061	-0.0120884467781	-0.00487478420427	0.0343538687368	0.0303853026627	0.0527333875509	0.0151528912107	-0.023866655882	0.00120355327683	0.0542971928157	-0.0318097819779
k__Bacteria;p__Proteobacteria;c__Betaproteobacteria;o__Burkholderiales;f__Sutterellaceae;g__Sutterella;s__Sutterella_wadsworthensis	-0.0282247073198	-0.0398148357864	0.0206945032435	-0.052365896998	0.00711030724106	-0.0185243243373	0.0302063091303	0.0186445713015	0.032533531996	0.00079077871513	-0.00460742759558	-0.00913710252355	0.0326315361328	0.0142097733436	0.00571898351558	0.0291884038821	-0.00893517648044	1.0	0.00479996456644	-0.0349928497762	-0.000340519671133	-0.0664642307504	0.012705515059	-0.0235101402205	-0.00136789996571	-0.0236574108883	-0.0114441130149	0.0404610131568	0.0349690388724	-0.086966935472	0.00637028005414	-0.0820557703417	-0.0195023843692	0.0297344219508	0.0510387119799	-0.00811691334677	0.0117688986079	0.0113633283611	-0.0509148033341	0.00377137191786	-0.0424998751786	-0.0372601381201	-0.0200398330475	-0.0313405769889	-0.0100845538909	-0.0117596011884	0.0535778181101	-0.0269746451849	-0.00630638905482	0.0793989406166	-0.00473651742006	-0.0388302847357	0.085173710802	-0.0115016311602	-0.0313749815912	0.0113271082523	0.0368288026853	-0.0574313074233	-0.0380011600852
k__Bacteria;p__Bacteroidetes;c__Bacteroidia;o__Bacteroidales;f__Porphyromonadaceae;g__Barnesiella;s__Barnesiella_intestinihominis	0.0113605951552	-0.0455587380447	0.0121703944294	-0.0436489010772	-0.0110640285414	-0.0393372679901	0.0462135109729	0.0202659480667	0.0333336500094	0.00847353706958	-0.018379520483	0.0129208540174	0.080540817419	0.00694189925103	-0.0270553914483	0.00552889668946	-0.00389283573771	0.00479996456644	1.0	0.0425035362599	-0.0371907501824	0.074769661695	-0.0502810185389	-0.0405676205407	-0.0266970934156	-0.0231465828901	5.90393451107e-05	-0.0550308697401	-0.00978915300412	0.0408686824209	-0.0010665586347	-0.0479421244426	0.0330003884104	-0.0128415199375	0.0181731326422	-0.00338629401863	-0.0521359143594	-0.0524508818848	-0.0336271799469	-0.00437532413076	-0.0208830465402	0.0627424208492	-0.0133783840693	-0.0244382229492	-0.0338797379084	0.031812545128	0.0687715540738	-0.0401128522754	0.0361028315755	0.00791191590063	0.00999638443028	0.0407103339491	-0.0250739871613	-0.00258230515627	-0.0382473172469	-0.00591786539416	-0.00835225363264	-0.0332563442386	0.0442625426971
k__Bacteria;p__Bacteroidetes;c__Bacteroidia;o__Bacteroidales;f__Odoribacteraceae;g__Odoribacter;s__Odoribacter_splanchnicus	-0.0417041303225	0.014016658016	-0.048501212236	-0.016827573501	-0.0519931021297	0.0752155939956	0.0138068123548	-0.0302891945686	-0.0228345067614	-0.0413815121977	0.00409980594649	-0.00328152656389	-0.00373640799244	-0.0530767242798	0.00760616301345	-0.0513586834937	0.0678522308421	-0.0349928497762	0.0425035362599	1.0	-0.0439757366574	-0.0165281988362	-0.00736805740827	0.0729367236539	-0.00565658013491	-0.030997300733	0.00194798894671	-0.0261384684483	0.0148350203934	0.0194815656082	-0.0368553633074	0.0848714194084	0.00587883156825	0.0147186635857	0.00686976751175	0.00916195469949	-0.0522735815801	-0.0788820162477	0.0207501472907	-0.0319317248443	-0.0106686491616	0.0328139773472	0.0323300065854	-0.0174263388684	0.0741838332729	0.0687804434488	-0.0438826459442	-0.0223912146606	-0.00142521938059	-0.0123234457352	-0.0186305427881	0.0213986892388	0.021819125432	-0.0162712518843	-0.0644955701748	-0.0241616480817	-0.0241994131485	0.0244877916485	-0.0219504951313
k__Bacteria;p__Bacteroidetes;c__Bacteroidia;o__Bacteroidales;f__Bacteroidaceae;g__Bacteroides;s__Bacteroides_salyersiae	-0.0448779909076	-0.0692748325958	-0.00486677532259	-0.0260454047554	-0.0375164597484	-0.0403751776402	-0.0355040097108	0.045519407144	-0.0323036219993	0.00242395925461	0.0194412778014	-0.0631174573826	-0.0501127690937	-0.0242943466074	-0.00542858881483	-0.0245962047204	-0.0385353118718	-0.000340519671133	-0.0371907501824	-0.0439757366574	1.0	0.0137554621324	0.0377854821881	0.0276910334996	0.013551502283	-0.0173131882211	0.0207900758514	-0.0705724431387	0.0211980412748	-0.0278029463497	-0.0334562364955	0.00902647980904	-0.0227677338239	-0.0248496320219	0.00240464125998	-0.000387972604522	-0.0152823797996	0.0485677579127	-0.00209210744096	0.0391726743441	-0.00448753612924	0.0432099525948	-0.00748896617869	0.0260786188947	-0.0277540595958	0.0622896139494	-0.0362866197125	-0.0171633593017	0.0135731827174	0.0194199338326	-0.00248920879437	-0.00632962989991	0.033012105989	-0.036969044134	0.0120691031637	-0.0410850528538	0.0208251180982	-0.00893215442501	0.0158242243027
k__Bacteria;p__Firmicutes;c__Clostridia;o__Clostridiales;f__Ruminococcaceae;g__Ruminiclostridium;s__[Eubacterium]_siraeum	0.0182402195937	0.0115213412967	0.00193563566666	0.00578281701672	-0.0713958477014	-0.0440825902701	-0.00470738725726	0.0629034899482	-0.0709674640868	0.0811018306448	-0.0108872932331	0.0213967811461	-0.00790310315789	-0.081885481491	-0.0268426887487	-0.0439432864891	-0.0197666939126	-0.0664642307504	0.074769661695	-0.0165281988362	0.0137554621324	1.0	0.0342753416931	0.00839460407507	-0.00642903732597	0.0152308753983	-0.0120050239316	-0.0137608402714	-0.0615663476222	0.0173024069598	0.0566857429971	0.0577511444752	0.00498736661684	0.0670889818235	-0.00159958575618	-0.0448092823747	0.0413414868009	0.00048964833991	-0.00727078003592	-0.0110058329883	0.014706019451	-0.00577402195626	-0.0236260638472	-0.0336397165327	0.0213465294588	0.0310082697692	-0.00107769780357	-0.0066625403411	-0.0113175578995	-0.057201425655	-0.0635748061704	-0.00358069770598	0.00409089407572	-0.0561947843449	0.0170879579014	0.013585615612	-0.0576055909269	0.0337818694988	0.00901560266322
k__Bacteria;p__Proteobacteria;c__Betaproteobacteria;o__Burkholderiales;f__Sutterellaceae;g__Parasutterella;s__Parasutterella_excrementihominis	0.0433594813397	-0.0206533760084	-0.0287521126334	-0.0509004131376	0.00830667947622	0.0232190524736	-0.049702051606	-0.0278176820261	-0.00288790306959	-0.0183475457769	-0.0378392139255	-0.0636507361285	0.00658197675197	0.0199793991022	-0.0243180437028	-0.0173557501274	-0.0299585402032	0.012705515059	-0.0502810185389	-0.00736805740827	0.0377854821881	0.0342753416931	1.0	-0.0217648116108	0.000831108169971	0.0106255618348	-0.0413329294627	-0.0164142314149	0.109143717931	-0.0412460438231	-0.0491336030216	0.0260911650261	0.0135521472917	-0.00815360393436	-0.0407121194238	0.0292068047248	-0.0106621934972	-0.034029556054	-0.0211536235042	-0.0363813853032	-0.0168383893062	-0.0275289876609	0.0427229529695	-0.0394907629449	-0.047903266081	0.00956841960249	-0.0308332610775	0.00788363752889	0.0479366842264	-0.00266779119616	-0.00281397933934	0.00572506222561	-0.02560409233	0.0312185717849	0.0346893624549	-0.016886901328	-0.0737842893865	-0.0249812477549	-0.0283250337357
k__Bacteria;p__Actinobacteria;c__Actinobacteria;o__Bifidobacteriales;f__Bifidobacteriaceae;g__Bifidobacterium;s__Bifidobacterium_adolescentis	-0.00811127791596	-0.00158631891534	0.0420990914173	0.0384967873678	0.0294274775048	-0.0419576969028	0.012959780506	-0.0275080685544	-0.0268273067818	0.00260364625559	-0.00308899224102	-0.0149963494255	0.0560650993459	-0.0338271207281	-0.00849324113389	-0.0924460539088	-0.0459726786884	-0.0235101402205	-0.0405676205407	0.0729367236539	0.0276910334996	0.00839460407507	-0.0217648116108	1.0	0.0136793873954	-0.0136724176648	0.00236845980734	0.0363124802953	-0.0350863209975	0.0192984163012	0.0104341253178	-0.0372436703028	0.0562735692668	-0.0326917511314	0.0092708677267	0.0236162154157	-0.0165376732624	-0.0192341055257	0.0577079790902	-0.0371746721752	0.0162425105773	-0.0917929073245	0.0322157184116	0.015912988705	-0.00568226581382	-0.0367017625125	0.0560709651788	-0.00657963807572	0.0415420595809	0.00355669884976	-0.00991001491101	-0.0237514395946	-0.0703789247096	0.034950794548	-0.0700483792647	-0.0289028705771	-0.0256295945601	-0.0748551558593	-0.0237298719185
k__Bacteria;p__Firmicutes;c__Clostridia;o__Clostridiales;f__Oscillospiraceae;g__Oscillibacter;s__Oscillibacter_sp._KLE_1745	0.0122335257841	0.0355429980113	0.00791406401423	-0.0357986313395	-0.0406886947803	-0.0204091167568	0.0302699944959	0.0273519491874	-0.0439827059493	-0.0556005167852	0.0156138764969	-0.0133576883492	0.000605297441215	-0.0182626120425	-0.0415969637116	0.0605944265813	0.046195828967	-0.00136789996571	-0.0266970934156	-0.00565658013491	0.013551502283	-0.00642903732597	0.000831108169971	0.0136793873954	1.0	-0.0481722568161	0.034392277637	-0.0314936380897	-0.0183262851649	0.0324779268015	-0.0318434513117	0.00704288470506	-0.0367172449634	0.0223092762286	0.0209894912845	-0.0282743189243	-0.0243327346052	0.0671113710039	-0.0173813388341	0.0296413205293	-0.0158987351383	-0.0172888861701	-0.00317014140655	-0.0454195957286	-0.0331686048232	-0.0252696279489	-0.000222452819866	-0.00750202450626	0.0476131515402	-0.012812701756	0.0324066181292	0.0259849972492	-0.0335649613461	0.0158922295556	0.0200620746225	0.0767829281407	-0.0325290138633	-0.0320215657929	-0.0349509329839
k__Bacteria;p__Bacteroidetes;c__Bacteroidia;o__Bacteroidales;f__Bacteroidaceae;g__Bacteroides;s__Bacteroides_coprophilus	-0.0413154707564	0.0155025938209	0.0126674917815	-0.029137546518	-0.0637270425987	0.0220168641478	0.00109330084422	-0.0281679237786	-0.0282320244458	-0.0258934563789	-0.0749905618133	-0.0994904074506	-0.045462506795	0.0403518490683	-0.0701236683557	0.0219235595178	-0.0215354227303	-0.0236574108883	-0.0231465828901	-0.030997300733	-0.0173131882211	0.0152308753983	0.0106255618348	-0.0136724176648	-0.0481722568161	1.0	-0.010688485783	0.0107340318341	0.0333152683568	-0.017329525523	-0.020003072435	0.00811680236735	0.00598831676716	-0.0865008785608	0.0159857404273	0.0446515756925	-0.0850273112179	-0.000310681807428	-0.0280769983251	-0.0676036737339	0.0285063143777	0.0396348616468	0.00925980212402	0.0425461241021	-0.0388684029192	-0.0255216625999	-0.0188857926043	0.000791116909343	-0.0283768647245	-0.0193754380688	-0.0659170837874	-0.0109063838581	0.0134515785425	0.0069310079001	0.0224275771747	0.021905915194	-0.0697327470634	0.0730347013735	0.0701426964646
k__Bacteria;p__Firmicutes;c__Clostridia;o__Clostridiales;f__Lachnospiraceae;g__Roseburia;s__Roseburia_intestinalis	0.018808129485	0.0106819931373	0.0312468585808	0.00468305035792	-0.0172349273556	0.0220760637733	-0.00864097567084	0.0312329887663	-0.00733207678692	0.0817316100611	-0.0204224466254	0.00974568034098	-0.0229333748551	-0.0229649721517	0.0392524484008	0.0249454272106	0.031243987879	-0.0114441130149	5.90393451105e-05	0.00194798894671	0.0207900758514	-0.0120050239316	-0.0413329294627	0.00236845980734	0.034392277637	-0.010688485783	1.0	0.0306922656412	0.00799298311339	-0.0627988943683	-0.0181301938028	-0.0354792981677	-0.0168223145094	-0.0997205126622	-0.0372972714671	-0.0138801368314	-0.0111369449562	-0.0264569019803	-0.0123607349284	0.0189241116479	-0.00775435815974	-0.00150050431586	0.00477221620118	-0.0980092320601	0.0255096042986	0.0155719387564	-0.0277106169108	-0.0170562184983	0.0290150654191	-0.0224032152303	-0.0655049318059	-0.00898327104421	-0.0120929889251	-0.031069022434	-0.0148650466297	0.0026227281896	-0.0313866678471	-0.0171641466077	0.0294583145566
k__Bacteria;p__Firmicutes;c__Clostridia;o__Clostridiales;f__Lachnospiraceae;g__Roseburia;s__Roseburia_hominis	-0.037429145149	0.0312716306379	-0.0100780197603	0.00327165707722	0.0758123440588	-0.00643316960233	-0.0289845683822	-0.0386462594445	-0.0168846744628	-0.00657941595638	-0.0508516469186	-0.0304956781942	0.0178909329078	-0.00158019876356	-0.0430865214241	-0.00944549293303	0.028269558126	0.0404610131568	-0.0550308697401	-0.0261384684483	-0.0705724431387	-0.0137608402714	-0.0164142314149	0.0363124802953	-0.0314936380897	0.0107340318341	0.0306922656412	1.0	-0.0354718756073	0.00865857975271	-0.00914871528583	-0.0715785898662	-0.0329107975969	-0.0208995893124	-0.0176265481068	-0.00302940195598	0.000674388787274	0.0195410925473	0.00139783651097	-0.0553570190446	-0.0270646971206	-8.09324789365e-05	-0.0162977791887	-0.0812847188114	-0.0536093236676	-0.0221644490793	0.0421593565175	-0.00902793602166	0.015606930089	-0.0283730732363	-0.0407496527652	0.0450227861203	0.00264447930546	-0.00398230549179	-0.0233506682652	0.0472855857726	-0.0128438272588	0.0150102527141	0.0104711309747
k__Bacteria;p__Bacteroidetes;c__Bacteroidia;o__Bacteroidales;f__Porphyromonadaceae;g__Parabacteroides;s__Parabacteroides_johnsonii	0.0528440546454	-0.0465527276115	0.00417254416299	0.00177977911675	-0.0892999913972	-0.0223633388249	-0.00681722170828	-0.0480579779576	0.00146032345104	-0.0499678956234	0.0491584247878	0.0102404082693	-0.0067505493809	-0.0124457163795	-0.0605024510445	-0.0269121510937	-0.0115777293418	0.0349690388724	-0.00978915300412	0.0148350203934	0.0211980412748	-0.0615663476222	0.109143717931	-0.0350863209975	-0.0183262851649	0.0333152683568	0.00799298311339	-0.0354718756073	1.0	-0.0299034886758	0.0348098591498	0.00833314774283	0.00951529791707	0.00691135419131	0.0220350468819	0.0123691423083	-0.0343722209316	-0.0174603124799	-0.036185755205	-0.0207139877909	-0.0211398016291	0.0667400895429	0.0332516052838	0.00581556915053	0.0161723945684	-0.012752045765	0.00195202767845	-0.044801950008	-0.00430981996441	-0.0780292561629	-0.00798909367242	-0.0336867620539	-0.0716126026009	0.00542909739032	0.0565153824357	-0.00700437679572	-0.0378860584921	-0.0314445364066	-0.00572893977331
k__Bacteria;p__Actinobacteria;c__Actinobacteria;o__Bifidobacteriales;f__Bifidobacteriaceae;g__Bifidobacterium;s__Bifidobacterium_longum	-0.0299328244248	-0.0322812487614	-0.0270908829147	-0.0199470364696	0.0255735044839	0.0423033624517	-0.0186851991975	0.0173738697303	-0.0379636856738	-0.0462696830524	-0.0337652245299	0.0496604867869	0.0170015018663	0.0262953991088	-0.0404016841193	0.00599799345995	0.0625295549798	-0.086966935472	0.0408686824209	0.0194815656082	-0.0278029463497	0.0173024069598	-0.0412460438231	0.0192984163012	0.0324779268015	-0.017329525523	-0.0627988943683	0.00865857975271	-0.0299034886758	1.0	0.108090257533	-0.0538680811792	0.0280202462381	-0.0124191117328	-0.0180779353918	0.044486497573	-0.0603299464235	-0.0337081829543	-0.0232000763035	0.0319634909074	0.0451702647251	-0.0388159427981	-0.00350154873506	-0.0321850487145	-0.00791846595326	0.0163224561948	-0.0764973664689	0.0203997529507	0.00206478570169	-0.00807325319869	0.0246555433786	-0.00673847086757	-0.0103281788295	0.0358608905237	-0.0472405908991	-0.0221110625619	-0.0347144824433	-0.0134626187773	0.00719013679094
