#taxonomy	k__Bacteria;p__Bacteroidetes;c__Bacteroidia;o__Bacteroidales;f__Bacteroidaceae;g__Bacteroides;s__Bacteroides_vulgatus	k__Bacteria;p__Bacteroidetes;c__Bacteroidia;o__Bacteroidales;f__Bacteroidaceae;g__Bacteroides;s__Bacteroides_uniformis	k__Bacteria;p__Bacteroidetes;c__Bacteroidia;o__Bacteroidales;f__Rikenellaceae;g__Alistipes;s__Alistipes_putredinis	k__Bacteria;p__Bacteroidetes;c__Bacteroidia;o__Bacteroidales;f__Prevotellaceae;g__Prevotella;s__Prevotella_copri	k__Bacteria;p__Bacteroidetes;c__Bacteroidia;o__Bacteroidales;f__Bacteroidaceae;g__Bacteroides;s__Bacteroides_stercoris	k__Bacteria;p__Bacteroidetes;c__Bacteroidia;o__Bacteroidales;f__Bacteroidaceae;g__Bacteroides;s__Bacteroides_ovatus	k__Bacteria;p__Bacteroidetes;c__Bacteroidia;o__Bacteroidales;f__Rikenellaceae;g__Alistipes;s__Alistipes_shahii	k__Bacteria;p__Firmicutes;c__Clostridia;o__Clostridiales;f__Ruminococcaceae;g__Faecalibacterium;s__Faecalibacterium_prausnitzii	k__Bacteria;p__Bacteroidetes;c__Bacteroidia;o__Bacteroidales;f__Rikenellaceae;g__Alistipes;s__Alistipes_finegoldii	k__Bacteria;p__Bacteroidetes;c__Bacteroidia;o__Bacteroidales;f__Porphyromonadaceae;g__Parabacteroides;s__Parabacteroides_distasonis	k__Bacteria;p__Bacteroidetes;c__Bacteroidia;o__Bacteroidales;f__Bacteroidaceae;g__Bacteroides;s__Bacteroides_thetaiotaomicron	k__Bacteria;p__Bacteroidetes;c__Bacteroidia;o__Bacteroidales;f__Bacteroidaceae;g__Bacteroides;s__Bacteroides_coprocola	k__Bacteria;p__Bacteroidetes;c__Bacteroidia;o__Bacteroidales;f__Bacteroidaceae;g__Bacteroides;s__Bacteroides_cellulosilyticus	k__Bacteria;p__Bacteroidetes;c__Bacteroidia;o__Bacteroidales;f__Rikenellaceae;g__Alistipes;s__Alistipes_obesi	k__Bacteria;p__Firmicutes;c__Clostridia;o__Clostridiales;f__Lachnospiraceae;g__;s__[Eubacterium]_rectale	k__Bacteria;p__Bacteroidetes;c__Bacteroidia;o__Bacteroidales;f__Bacteroidaceae;g__Bacteroides;s__Bacteroides_plebeius	k__Bacteria;p__Bacteroidetes;c__Bacteroidia;o__Bacteroidales;f__Bacteroidaceae;g__Bacteroides;s__Bacteroides_fragilis	k__Bacteria;p__Proteobacteria;c__Betaproteobacteria;o__Burkholderiales;f__Sutterellaceae;g__Sutterella;s__Sutterella_wadsworthensis	k__Bacteria;p__Bacteroidetes;c__Bacteroidia;o__Bacteroidales;f__Porphyromonadaceae;g__Barnesiella;s__Barnesiella_intestinihominis	k__Bacteria;p__Bacteroidetes;c__Bacteroidia;o__Bacteroidales;f__Odoribacteraceae;g__Odoribacter;s__Odoribacter_splanchnicus	k__Bacteria;p__Bacteroidetes;c__Bacteroidia;o__Bacteroidales;f__Bacteroidaceae;g__Bacteroides;s__Bacteroides_salyersiae	k__Bacteria;p__Firmicutes;c__Clostridia;o__Clostridiales;f__Ruminococcaceae;g__Ruminiclostridium;s__[Eubacterium]_siraeum	k__Bacteria;p__Proteobacteria;c__Betaproteobacteria;o__Burkholderiales;f__Sutterellaceae;g__Parasutterella;s__Parasutterella_excrementihominis	k__Bacteria;p__Actinobacteria;c__Actinobacteria;o__Bifidobacteriales;f__Bifidobacteriaceae;g__Bifidobacterium;s__Bifidobacterium_adolescentis	k__Bacteria;p__Firmicutes;c__Clostridia;o__Clostridiales;f__Oscillospiraceae;g__Oscillibacter;s__Oscillibacter_sp._KLE_1745	k__Bacteria;p__Bacteroidetes;c__Bacteroidia;o__Bacteroidales;f__Bacteroidaceae;g__Bacteroides;s__Bacteroides_coprophilus	k__Bacteria;p__Firmicutes;c__Clostridia;o__Clostridiales;f__Lachnospiraceae;g__Roseburia;s__Roseburia_intestinalis	k__Bacteria;p__Firmicutes;c__Clostridia;o__Clostridiales;f__Lachnospiraceae;g__Roseburia;s__Roseburia_hominis	k__Bacteria;p__Bacteroidetes;c__Bacteroidia;o__Bacteroidales;f__Porphyromonadaceae;g__Parabacteroides;s__Parabacteroides_johnsonii	k__Bacteria;p__Actinobacteria;c__Actinobacteria;o__Bifidobacteriales;f__Bifidobacteriaceae;g__Bifidobacterium;s__Bifidobacterium_longum	k__Bacteria;p__Firmicutes;c__Clostridia;o__Clostridiales;f__;g__Flavonifractor;s__Flavonifractor_plautii	k__Bacteria;p__Firmicutes;c__Clostridia;o__Clostridiales;f__Clostridiaceae;g__Clostridium;s__Clostridium_phoceensis	k__Bacteria;p__Verrucomicrobia;c__Verrucomicrobiae;o__Verrucomicrobiales;f__Akkermansiaceae;g__Akkermansia;s__Akkermansia_muciniphila	k__Bacteria;p__Bacteroidetes;c__Bacteroidia;o__Bacteroidales;f__Prevotellaceae;g__Paraprevotella;s__Paraprevotella_xylaniphila	k__Bacteria;p__Firmicutes;c__Clostridia;o__Clostridiales;f__Ruminococcaceae;g__Ruminococcus;s__Ruminococcus_callidus	k__Bacteria;p__Bacteroidetes;c__Bacteroidia;o__Bacteroidales;f__Rikenellaceae;g__Alistipes;s__Alistipes_senegalensis	k__Bacteria;p__Firmicutes;c__Clostridia;o__Clostridiales;f__Lachnospiraceae;g__Blautia;s__Blautia_sp._KLE_1732	k__Bacteria;p__Bacteroidetes;c__Bacteroidia;o__Bacteroidales;f__Bacteroidaceae;g__Bacteroides;s__Bacteroides_oleiciplenus	k__Bacteria;p__Firmicutes;c__Clostridia;o__Clostridiales;f__Ruminococcaceae;g__Ruminococcus;s__Ruminococcus_bicirculans	k__Bacteria;p__Bacteroidetes;c__Bacteroidia;o__Bacteroidales;f__Bacteroidaceae;g__Bacteroides;s__Bacteroides_fluxus	k__Bacteria;p__Bacteroidetes;c__Bacteroidia;o__Bacteroidales;f__Prevotellaceae;g__Prevotella;s__Prevotella_stercorea	k__Bacteria;p__Firmicutes;c__Clostridia;o__Clostridiales;f__Lachnospiraceae;g__Dorea;s__Dorea_longicatena	k__Bacteria;p__Firmicutes;c__Clostridia;o__Clostridiales;f__Eubacteriaceae;g__Eubacterium;s__[Eubacterium]_eligens	k__Bacteria;p__Firmicutes;c__Clostridia;o__Clostridiales;f__Ruminococcaceae;g__;s__Ruminococcaceae_bacterium_D16	k__Bacteria;p__Firmicutes;c__Clostridia;o__Clostridiales;f__Lachnospiraceae;g__Coprococcus;s__Coprococcus_comes	k__Bacteria;p__Proteobacteria;c__Gammaproteobacteria;o__Enterobacterales;f__Enterobacteriaceae;g__Escherichia;s__Escherichia_coli	k__Bacteria;p__Firmicutes;c__Clostridia;o__Clostridiales;f__Ruminococcaceae;g__Anaerotruncus;s__Anaerotruncus_colihominis	k__Bacteria;p__Firmicutes;c__Clostridia;o__Clostridiales;f__Lachnospiraceae;g__Blautia;s__Blautia_obeum	k__Bacteria;p__Bacteroidetes;c__Bacteroidia;o__Bacteroidales;f__Odoribacteraceae;g__Odoribacter;s__Odoribacter_laneus	k__Bacteria;p__Firmicutes;c__Clostridia;o__Clostridiales;f__Ruminococcaceae;g__Ruminiclostridium;s__[Clostridium]_leptum	k__Bacteria;p__Bacteroidetes;c__Bacteroidia;o__Bacteroidales;f__Porphyromonadaceae;g__Parabacteroides;s__Parabacteroides_goldsteinii	k__Bacteria;p__Firmicutes;c__Clostridia;o__Clostridiales;f__Lachnospiraceae;g__Anaerostipes;s__Anaerostipes_hadrus	k__Bacteria;p__Firmicutes;c__Clostridia;o__Clostridiales;f__Ruminococcaceae;g__Ruminococcus;s__Ruminococcus_lactaris	k__Bacteria;p__Firmicutes;c__Clostridia;o__Clostridiales;f__Clostridiaceae;g__Clostridium;s__Clostridium_sp._L2-50	k__Bacteria;p__Firmicutes;c__Clostridia;o__Clostridiales;f__Clostridiaceae;g__Clostridium;s__Clostridium_sp._M62/1	k__Bacteria;p__Firmicutes;c__Clostridia;o__Clostridiales;f__;g__Intestinimonas;s__Intestinimonas_butyriciproducens	k__Bacteria;p__Actinobacteria;c__Actinobacteria;o__Bifidobacteriales;f__Bifidobacteriaceae;g__Bifidobacterium;s__Bifidobacterium_bifidum	k__Bacteria;p__Firmicutes;c__Negativicutes;o__Veillonellales;f__Veillonellaceae;g__Dialister;s__Dialister_invisus	k__Bacteria;p__Bacteroidetes;c__Bacteroidia;o__Bacteroidales;f__Bacteroidaceae;g__Bacteroides;s__Bacteroides_salanitronis
k__Bacteria;p__Bacteroidetes;c__Bacteroidia;o__Bacteroidales;f__Bacteroidaceae;g__Bacteroides;s__Bacteroides_vulgatus	1.0	-0.031965951592	-0.0294996220466	0.050785893953	-0.03670124373	0.0147703446294	0.00270400479572	-0.000884612573028	0.011629094653	-0.0341541658924	-0.029872843289	0.00516448852617	-0.0561567845598	-0.0209344826451	0.0200380416552	-0.0319075642766	0.00576790747487	-0.0146901362077	-0.0415597367344	-0.00434518837134	0.0545248252535	-0.00199456686995	-0.00497205931525	-0.0210490095822	-0.0541317708639	-0.0731862207962	-0.037614847161	-0.0125832218605	0.0221340893032	0.045513610422	0.00391591921872	-0.040124828112	-0.0231484705789	-0.0176726407638	-0.00265948370417	-0.0193458230442	0.0100080467315	-0.0116520220178	0.011660545666	0.0742136872193	0.0497149387599	-0.0462304956118	0.00198119692587	-0.0124073707997	0.0205956885931	-0.0521828709347	-0.02844978914	-0.0573981141304	0.0565565636982	-0.0247511771967	0.0350337944713	-0.0494667220713	-0.0199737880744	0.0104976099515	-0.0299449546733	-0.0380926707938	-0.00232983844051	-0.0413999261941	0.011391060932
k__Bacteria;p__Bacteroidetes;c__Bacteroidia;o__Bacteroidales;f__Bacteroidaceae;g__Bacteroides;s__Bacteroides_uniformis	-0.031965951592	1.0	0.0389934629695	-0.0258949106211	-0.0164131872453	0.011369595109	0.0524348161944	-0.0512604297862	-0.0422483242706	0.000861552278832	-0.0477181014915	0.0337996474038	-0.020583462605	-0.00652465214854	-0.0600235685038	0.0594028716638	-0.0467470796552	0.0537032995021	0.00317426898665	0.0251937137381	-0.0125589121104	0.0321122234552	0.00386615352389	0.0288290819153	-0.00927667227514	-0.0113237892239	-0.000592430395381	-0.0093024714931	-0.00373221547965	-0.0231636258558	-0.012013511014	-0.0356058531169	-0.0358007200005	-0.0138211312738	0.00668293721071	-0.0314958852789	0.059227986185	-0.0390875773384	0.0127808247626	0.045462845982	0.0283442210697	-0.0252508652726	-0.0481671516199	-0.0616373657031	-0.0153286407031	0.029615898973	-0.00851412654048	-0.0454994495679	0.000537640698439	-0.0653635684462	0.0288396151282	-0.0459110618023	-0.000704950322719	-0.0199614986859	-1.56936801594e-05	0.0211011237048	-0.0549586324865	0.00112708891467	0.061690136922
k__Bacteria;p__Bacteroidetes;c__Bacteroidia;o__Bacteroidales;f__Rikenellaceae;g__Alistipes;s__Alistipes_putredinis	-0.0294996220466	0.0389934629695	1.0	0.0352442918179	0.0180165134251	-0.0231429410949	-0.0184330653977	0.01609198392	-0.0204613675229	-0.0193626398324	0.00748791224181	-0.00966421971032	-0.0415251130367	0.0168226229001	0.000772859389413	-0.0428534930909	-0.00629780208229	-0.0471981944634	0.0761102491343	-0.0335525051603	-0.00160066870505	-0.0314302796239	-0.0493376222676	-0.0285045850423	-0.0374728235105	-0.0315678344837	-0.00920616848709	-0.0701625706901	-0.086722974498	0.0497383863358	-0.0106641111926	-0.0233290831637	0.0540467417019	-0.021686751564	-0.0563712783498	-0.0577545711871	0.00983233578268	0.0271103476734	0.0279663266146	-0.0290412944996	0.0403610391993	0.0391699023277	-0.0478523569717	0.00375812645965	0.0170538424499	0.0326924491495	-0.0296891850792	-0.0310309074644	0.0640350150547	-0.043986727981	-0.0500969286337	-0.0275751968154	0.0271857824249	-0.0113922746713	0.0126998985892	0.037888392571	0.0309203482638	-0.006105021585	-0.00785021162187
k__Bacteria;p__Bacteroidetes;c__Bacteroidia;o__Bacteroidales;f__Prevotellaceae;g__Prevotella;s__Prevotella_copri	0.050785893953	-0.0258949106211	0.0352442918179	1.0	-0.0331255291787	-0.00481127333676	0.0458569191557	0.0248148304436	-0.05856491604	-0.0610679792556	0.0195800490346	-0.0175839666	-0.0608199511709	0.0155782544116	0.0511660895396	0.00128822636829	-0.0316627510995	-0.0273629727113	-0.0168615790106	-0.0557693263751	-0.0449115415824	-0.0512684235283	0.0080528824102	0.00678456214497	0.0374169570885	0.0175696677429	0.00353353158603	-0.0233521209644	0.010733942042	0.00772687009941	0.00891492891241	-0.0236979861778	-0.0218303231113	-0.0163933752633	-0.003799971198	-0.037836273543	0.015553311612	-0.0219192859498	0.0260464831932	-0.00786806104634	0.00389489468489	-0.046562656531	-0.0247147805194	-0.00901273917461	-0.0330740206757	-0.0245715555697	-0.0248781398333	0.0627322679078	0.043451673691	-0.00165884974229	-0.0222999419035	-0.00147058169809	0.0342551759443	-0.0177489366576	0.0551071993396	-0.0337074417037	-0.079012164514	0.0293817586827	0.00154210632822
k__Bacteria;p__Bacteroidetes;c__Bacteroidia;o__Bacteroidales;f__Bacteroidaceae;g__Bacteroides;s__Bacteroides_stercoris	-0.03670124373	-0.0164131872453	0.0180165134251	-0.0331255291787	1.0	0.0633595516336	0.0156084222787	0.0295092252998	0.0297599102456	-0.0274841482551	-0.0162532707004	-0.00521724807954	0.023746392168	0.0420618484573	-0.0286249215368	0.0141702699992	-0.00494001054453	-0.00324299356677	0.0373430805948	-0.0173764781068	0.0375938591289	-0.0430246736525	-0.0138624091171	-0.106389116559	0.0512396203174	-0.0135718086215	-0.0380688887176	0.0380064576658	0.0379121745958	-0.00938811488478	0.00449511946954	0.00938991999716	-0.00305608531479	0.017496495756	-0.00455002876957	-0.0120607975033	0.027141921404	-0.104539454098	0.00461439361028	-0.0717250777355	-0.0292584592538	-0.0144850420616	0.0675813209432	0.0354543172943	-0.00716889329209	0.000829497341384	-0.0378171049858	0.0493457285762	-0.00085358078345	-0.0247264272076	0.0121053350217	0.0112436326005	-0.0568094482406	-0.0125584346771	-0.071402248952	-0.015341529049	-0.0292358673709	0.00331950694645	0.00975063464963
k__Bacteria;p__Bacteroidetes;c__Bacteroidia;o__Bacteroidales;f__Bacteroidaceae;g__Bacteroides;s__Bacteroides_ovatus	0.0147703446294	0.011369595109	-0.0231429410949	-0.00481127333676	0.0633595516336	1.0	0.0161559951637	-0.00372859620979	-0.00450717373307	0.0300040498709	0.00390215183435	-0.0302871003236	-0.00864764865216	0.0124405227809	0.0242234901564	-0.00977873487074	0.0100448154015	-0.00674992999207	0.00438779930527	-0.0183570856187	-0.0329349146668	-0.0309840608448	-0.0307249179688	-0.0732888362364	0.014605234746	-0.0206548047897	0.0353203052006	0.0402415527021	0.00379732912784	-0.00831817538054	0.0383746341671	0.0189865754793	0.0303903961143	-0.00374127015944	-0.0417091848691	-0.0482843597507	-0.040994346658	-0.0197732007012	0.00423122452721	0.0306698019267	0.0151386352751	-0.0630674279918	0.0228438671817	-0.00252591263493	0.020903410054	0.0179788620628	-0.0307306624809	-0.0167631000628	-0.0614675725122	-0.0182978898712	-0.0411267784317	-0.0524911181687	-0.0411794011635	-0.0350659557587	0.0438986251978	0.0459602920481	0.0187913416181	-0.0592863170388	-0.00276168293682
k__Bacteria;p__Bacteroidetes;c__Bacteroidia;o__Bacteroidales;f__Rikenellaceae;g__Alistipes;s__Alistipes_shahii	0.00270400479572	0.0524348161944	-0.0184330653977	0.0458569191557	0.0156084222787	0.0161559951637	1.0	0.0138923931594	-0.0242585627386	0.00208432425326	-0.0690918138507	-0.0618580525554	-0.0639688380666	0.0436482993937	-0.00228016452713	0.0519244435713	0.0271503324114	0.0106189503151	-0.0342842409426	0.0138727831343	-0.0178698027769	-0.0194524510143	-0.00790589744916	0.00310350657429	0.0213124815694	-0.00098867248009	0.0331126409197	0.00226377491231	-0.0287474591808	-0.0410839574211	0.000418191832199	-0.00985402877271	-0.043688205611	-0.0317527772115	0.029302621036	-0.0309105831363	0.000834952401491	-0.0598377747066	-0.0232066566897	0.0144423705805	0.00631070938088	-0.0389200069234	0.0283275978265	0.00122285994665	-0.0669589045696	0.0399900475704	0.0196437961259	-0.0195283340874	0.0586358623162	0.0430021048832	0.0356456413269	-0.0872386185483	-0.0202031824466	0.0213510809419	-0.00697489360478	-0.0532984991557	-0.0359007516725	-0.0497157230297	0.0106081606174
k__Bacteria;p__Firmicutes;c__Clostridia;o__Clostridiales;f__Ruminococcaceae;g__Faecalibacterium;s__Faecalibacterium_prausnitzii	-0.000884612573028	-0.0512604297862	0.01609198392	0.0248148304436	0.0295092252998	-0.00372859620979	0.0138923931594	1.0	-0.0119956403947	0.0228655623858	0.0323771016533	-0.000565112393028	-0.0101763711448	-0.0110189989657	-0.0566849938809	-0.0141966412155	-0.0134514267136	-0.00888102588798	0.00657530674463	-0.0191704594163	0.0839803938368	0.00678057985116	-0.0207398202231	0.041151633906	0.0370376775283	-0.0151049544003	-0.0379641516856	-0.0172125429945	-0.0658771938565	-0.013166211951	-0.011213669176	0.00615795735593	-0.000387145968371	-0.0412244995872	-0.0714076550945	0.0250540477588	0.0185789689657	-0.0209771010324	0.0261346368272	-0.062546385349	-0.0300576563512	-0.00768779940426	0.00779780565227	0.0181762297918	0.0113378322654	-0.0183360621339	-0.0555543811997	0.00190859093706	-0.00996233600509	-0.0186181352817	0.0134312750937	-0.0301218287353	0.035452204538	-0.0132710250256	0.0243933338451	-0.0122442035255	-0.0420768996577	-0.0550326780189	-0.0137374313084
k__Bacteria;p__Bacteroidetes;c__Bacteroidia;o__Bacteroidales;f__Rikenellaceae;g__Alistipes;s__Alistipes_finegoldii	0.011629094653	-0.0422483242706	-0.0204613675229	-0.05856491604	0.0297599102456	-0.00450717373307	-0.0242585627386	-0.0119956403947	1.0	-0.066724831408	-0.0154417184124	-0.0144232303055	0.0556971015783	-0.00331353196761	0.0111510639718	-0.0039310877976	-0.0234500579776	-0.0277028157864	-0.073217843401	-0.00111937169467	0.0511227136246	0.0111907477824	0.0210020289097	-0.0265020777455	-0.073936080628	-0.00300623470468	-0.0111026781497	-0.0381166072299	0.0225704798677	-0.0174116102815	-0.0263696240731	0.0145356730636	-0.0469789615914	0.0258480537849	-0.00988364712384	-0.0116779782197	-0.0675570941543	0.00128429932473	-0.051767000342	-0.0346957587307	-0.0539008329179	0.0216087689835	-0.0152625125834	0.0288485582977	0.0023392732599	-0.0462046910162	0.036221461934	-0.0223413470385	0.0585778158258	0.055384925788	-0.00492638703891	-0.0347938757352	0.00617073746984	0.0263575025737	-0.0207299556846	-0.006204646339	-0.0133944431112	0.00479907395416	0.0661460335596
k__Bacteria;p__Bacteroidetes;c__Bacteroidia;o__Bacteroidales;f__Porphyromonadaceae;g__Parabacteroides;s__Parabacteroides_distasonis	-0.0341541658924	0.000861552278832	-0.0193626398324	-0.0610679792556	-0.0274841482551	0.0300040498709	0.00208432425326	0.0228655623858	-0.066724831408	1.0	0.0320766131262	-0.0560708915698	0.051487286571	-0.0126882689698	0.0150654925034	0.0382040240557	0.0448477494397	-0.0470034565461	0.00400380799378	-0.0309254558132	0.00513529602327	0.0043546005708	0.0330025715392	-0.0142413645121	-0.0103039942051	-0.0568526925064	-0.0344002348424	-0.0199496777186	0.0108864335189	0.0255581490107	-0.0222179839694	0.00208779228102	-0.00819363212346	0.00200105211635	0.0132553017499	-0.00870406397571	0.00125639031718	0.0304013338142	-0.0359796216414	-0.0282525340582	0.000800818309739	0.01350874874	-0.0449905193747	0.014250022872	-0.0352876677927	-6.14372063782e-05	-0.0272922911204	0.00907356336972	-0.0331803364738	-0.038380927607	0.0325440024191	-0.0426753877912	0.0079550860913	-0.0138482813506	-0.00203627859446	0.0671659815538	0.0349810018911	-0.0217325266477	0.023250175044
k__Bacteria;p__Bacteroidetes;c__Bacteroidia;o__Bacteroidales;f__Bacteroidaceae;g__Bacteroides;s__Bacteroides_thetaiotaomicron	-0.029872843289	-0.0477181014915	0.00748791224181	0.0195800490346	-0.0162532707004	0.00390215183435	-0.0690918138507	0.0323771016533	-0.0154417184124	0.0320766131262	1.0	0.0556727692854	-0.0179244524904	0.0239978922497	0.037587386021	0.0339545802279	-0.0548693554323	-0.047550991019	-0.010270438397	-0.0402099156332	-0.0270394261219	0.0136581655413	-0.013545809214	-0.03948784374	-0.0693895835589	-0.00228615944441	0.026572409384	-0.0725754442468	-0.014122527662	0.0338628528836	-0.0708653457245	0.0397448063536	-0.0162801813493	-0.0113355890316	0.0258855118143	0.0161400107557	-0.0380666458912	0.00683086325864	-0.00502086293041	-0.024701468006	0.012038100716	-0.025749584537	0.0193000932641	0.013025110421	-0.0241466126886	-0.0406822521759	-0.0412511999181	-0.0223352981048	-0.0361103924716	0.0191144834917	0.0420633865984	0.0223298597604	0.0297741261021	-9.08145116531e-05	-0.0675054923269	0.0441576506132	0.037851171889	-0.0295196097302	-0.0113322790658
k__Bacteria;p__Bacteroidetes;c__Bacteroidia;o__Bacteroidales;f__Bacteroidaceae;g__Bacteroides;s__Bacteroides_coprocola	0.00516448852617	0.0337996474038	-0.00966421971032	-0.0175839666	-0.00521724807954	-0.0302871003236	-0.0618580525554	-0.000565112393028	-0.0144232303055	-0.0560708915698	0.0556727692854	1.0	-0.0454155039823	-0.00993807948649	0.0182789199551	0.0121514564902	-0.0202809292124	0.0263763634112	-0.0361139184747	-0.0282928793932	0.0470731025177	0.00937029773585	-0.0177732546182	-0.0393525352259	-0.0240853273669	0.0710747882586	0.0287248214068	-0.0146963295911	-0.00599060864239	-0.0123856469732	0.0407874512768	0.0230471922644	-0.0503727174006	-0.0238422350528	0.00577217013397	-0.0107488867235	0.008798619507	-0.030595358352	-0.012351656826	0.0352073369507	-0.0757341925936	0.0226472917465	0.0267843861994	0.0183891306057	-0.0339104323435	0.0146892790586	0.00856329040284	-0.0234996846132	-0.0108782257209	0.0127112025123	0.0146379099539	-0.0346450348266	-0.0804026935311	-0.00434131296606	-0.0574036840692	-0.00897480585624	-0.0152504281411	-0.0293103538335	0.023906449126
k__Bacteria;p__Bacteroidetes;c__Bacteroidia;o__Bacteroidales;f__Bacteroidaceae;g__Bacteroides;s__Bacteroides_cellulosilyticus	-0.0561567845598	-0.020583462605	-0.0415251130367	-0.0608199511709	0.023746392168	-0.00864764865216	-0.0639688380666	-0.0101763711448	0.0556971015783	0.051487286571	-0.0179244524904	-0.0454155039823	1.0	-0.050252804585	0.00837902091603	-0.0275858157375	-0.0195462512811	-0.0535635531392	0.0128530041102	0.0251906118459	0.00815500182236	0.0130209847443	-0.0343353183626	-0.000103091780055	0.0232099738115	-0.0325315089619	-0.0271577322445	0.0397451995499	0.0541724163152	0.0094665621646	-0.0316828260212	-0.033668382254	0.0232828247982	-0.0133205881678	-0.0934128541861	0.0472125886287	-0.0496420299756	0.0761857302653	-0.024734434866	-0.0880971944954	0.0154279766091	0.0047604886511	-0.0107934023187	0.0603178996313	-0.0133700430628	-0.000129234021334	0.0225786488328	-0.0265299157425	-0.0274839517663	0.0193515171316	0.0334236703077	-0.00345246679361	-0.00802703398258	-0.00130475068611	-0.00934519426896	-0.0336051072469	-0.0321109222544	0.000335909046253	-0.00517042618441
k__Bacteria;p__Bacteroidetes;c__Bacteroidia;o__Bacteroidales;f__Rikenellaceae;g__Alistipes;s__Alistipes_obesi	-0.0209344826451	-0.00652465214854	0.0168226229001	0.0155782544116	0.0420618484573	0.0124405227809	0.0436482993937	-0.0110189989657	-0.00331353196761	-0.0126882689698	0.0239978922497	-0.00993807948649	-0.050252804585	1.0	0.0166891639312	-0.000764646450773	-0.0682135848495	0.0139195525515	-0.0420040200408	-0.0706781917714	0.0371961292869	0.0286221890586	-0.00604319391912	-0.0506889368291	-0.0358173635481	0.0545370396216	-0.0404071294764	-0.0317044291875	-0.0253515319299	0.0279394200592	-0.0516823663674	0.0356984582508	-0.0285491219042	0.0328123647415	-0.0349205294941	0.0545195251226	-0.0213993057534	-0.0410775161616	-0.0334534924141	0.00182661811874	-0.0246971673553	-0.0614832659663	0.0310625353964	0.00415354560127	-0.0293626442191	-0.0491448758215	0.0199658840061	-0.000637299309963	-0.00226805617167	-0.019046645461	0.00703237271579	0.00526611486913	0.0712879159358	-0.070962334875	-0.0230058629527	-0.052082039655	0.000737664891006	0.00800695611714	-0.0561839449249
k__Bacteria;p__Firmicutes;c__Clostridia;o__Clostridiales;f__Lachnospiraceae;g__;s__[Eubacterium]_rectale	0.0200380416552	-0.0600235685038	0.000772859389413	0.0511660895396	-0.0286249215368	0.0242234901564	-0.00228016452713	-0.0566849938809	0.0111510639718	0.0150654925034	0.037587386021	0.0182789199551	0.00837902091603	0.0166891639312	1.0	0.0245245666831	-0.00867867047831	-0.022689660036	-0.032400365232	-0.063049681067	-0.0413461374767	0.0268361696648	0.0151277317451	0.0138404727339	0.0112146389514	-0.0452598834361	-0.00449644299895	0.0136075128412	0.0170784229391	0.0105346677785	0.0175837760537	-0.0371667296269	0.00857033884107	-0.0568217533613	-0.0294299569331	0.0234608929335	-0.00164335056286	0.0616463959312	-0.0104274448192	-0.0588636074623	0.0338583633324	-0.00917008102886	-0.00577243742972	0.020558762782	0.0486832797106	0.0155880754767	0.00647139210284	-0.0364202944878	0.0462646693387	-0.00267919270582	0.0257787421416	0.0202027097787	-0.0123718302403	-0.0175629744737	-0.0176362166081	-0.076836427301	0.0121746257663	-0.00867881522831	-0.0583528583666
k__Bacteria;p__Bacteroidetes;c__Bacteroidia;o__Bacteroidales;f__Bacteroidaceae;g__Bacteroides;s__Bacteroides_plebeius	-0.0319075642766	0.0594028716638	-0.0428534930909	0.00128822636829	0.0141702699992	-0.00977873487074	0.0519244435713	-0.0141966412155	-0.0039310877976	0.0382040240557	0.0339545802279	0.0121514564902	-0.0275858157375	-0.000764646450773	0.0245245666831	1.0	0.00158125639806	-0.0423722615422	0.0215478885879	-0.0234504272865	-0.0189852545404	0.0251737475123	0.00362031180485	0.000998937902749	-0.0328551022637	0.00102697650551	-0.0200170135448	-0.060865451721	0.0128934602728	-0.0159092254005	0.0494692462346	0.00762569846446	0.020966874437	-0.000442094520169	-0.00697232906767	-0.0177499121188	-0.0124701380603	0.0167550931785	-0.0232576583716	-0.0197415462227	-0.0333480731559	-0.0811413036322	0.0557646805762	-0.0103695139745	-0.0339788505183	0.0196614676301	0.0573733945828	-0.00264049199436	-0.0256609076822	0.0012100743452	-0.00772164020106	-0.00151815223654	-0.0535495754077	-0.0361085153578	-0.0377244418606	-0.0623741743871	-0.00669774714499	-0.0156825799374	-0.0221736661999
k__Bacteria;p__Bacteroidetes;c__Bacteroidia;o__Bacteroidales;f__Bacteroidaceae;g__Bacteroides;s__Bacteroides_fragilis	0.00576790747487	-0.0467470796552	-0.00629780208229	-0.0316627510995	-0.00494001054453	0.0100448154015	0.0271503324114	-0.0134514267136	-0.0234500579776	0.0448477494397	-0.0548693554323	-0.0202809292124	-0.0195462512811	-0.0682135848495	-0.00867867047831	0.00158125639806	1.0	-0.020558690048	-0.00356828948449	0.0470644394259	0.00104394191093	-0.031582505087	-0.0118943699484	-0.0343457779095	0.063596087317	0.0165447667065	-0.0796408553642	-0.0537308832441	0.0165978344532	0.0543269850193	-0.00143681630731	0.00519374557684	-0.0243345766754	0.0120646696008	0.0295040824021	-0.0619873155018	-0.0230551183749	-0.0204357284742	0.00248445537403	0.0483178887853	0.0155440459803	-0.028624933176	-0.0293317811355	-0.0282387571691	-0.0478162327791	0.00210802442575	0.057885480275	0.0111911808709	0.00698113272351	-0.0557483929428	-0.0682207523652	0.009046091264	0.000292298008493	0.0201473545072	0.0291749585002	0.0537047632797	0.0100557691374	0.0219301148585	-0.0381434103385
k__Bacteria;p__Proteobacteria;c__Betaproteobacteria;o__Burkholderiales;f__Sutterellaceae;g__Sutterella;s__Sutterella_wadsworthensis	-0.0146901362077	0.0537032995021	-0.0471981944634	-0.0273629727113	-0.00324299356677	-0.00674992999207	0.0106189503151	-0.00888102588798	-0.0277028157864	-0.0470034565461	-0.047550991019	0.0263763634112	-0.0535635531392	0.0139195525515	-0.022689660036	-0.0423722615422	-0.020558690048	1.0	-0.00596566693542	-0.042174980005	0.00242978093829	0.0273842035424	-0.0318962019318	-0.0249226325254	-0.0383946261853	0.0485892382614	-0.0179969834403	0.0540929025087	-0.086517693924	-0.00465078934549	-0.000336855555124	0.0309989679577	-0.0444021428812	0.00801026942975	-0.0177271649474	-0.0210349352399	0.00447275945515	0.0141137674235	-0.0299005830064	0.00822320021247	0.000119635667095	-0.0286584562892	-0.00123886166716	0.036386953953	-0.0519894394091	-0.0559867194495	0.00358512311703	-0.0225451896349	-0.0622442148428	0.0461030162875	-0.018810101621	-0.0460958863225	0.0700187989351	-0.00621541004674	0.0760581218981	-0.00749503012649	0.0478911872264	-0.022201938959	0.0016628810352
k__Bacteria;p__Bacteroidetes;c__Bacteroidia;o__Bacteroidales;f__Porphyromonadaceae;g__Barnesiella;s__Barnesiella_intestinihominis	-0.0415597367344	0.00317426898665	0.0761102491343	-0.0168615790106	0.0373430805948	0.00438779930527	-0.0342842409426	0.00657530674463	-0.073217843401	0.00400380799378	-0.010270438397	-0.0361139184747	0.0128530041102	-0.0420040200408	-0.032400365232	0.0215478885879	-0.00356828948449	-0.00596566693542	1.0	-0.0555544796259	-0.0173002227875	-0.0322864963637	-0.0279235378655	0.0121749473889	0.0069641767937	0.000799429619395	-0.0196892337315	-0.0561819985638	-0.0264054324634	-0.0135679634988	-0.0586852020845	0.00668320530478	0.017440348595	0.0472195796716	-0.00964305461472	0.0215232082847	-0.00445778446367	0.00466445640058	-0.0341367930578	-0.0538584347681	-0.0307214773735	-0.099249642364	-0.00549066923314	-0.0117648397498	0.00413499936948	0.012775488249	0.00169976747577	0.0627933823148	-0.00152620400549	-0.0126143125958	-0.0539521026874	0.0175783719882	-0.0844301229513	0.00377777950512	0.00815794063694	0.0322208147832	0.0124216875119	0.0118984523182	0.0330601738311
k__Bacteria;p__Bacteroidetes;c__Bacteroidia;o__Bacteroidales;f__Odoribacteraceae;g__Odoribacter;s__Odoribacter_splanchnicus	-0.00434518837134	0.0251937137381	-0.0335525051603	-0.0557693263751	-0.0173764781068	-0.0183570856187	0.0138727831343	-0.0191704594163	-0.00111937169467	-0.0309254558132	-0.0402099156332	-0.0282928793932	0.0251906118459	-0.0706781917714	-0.063049681067	-0.0234504272865	0.0470644394259	-0.042174980005	-0.0555544796259	1.0	0.0360202706016	-0.0867321773835	0.00405203100614	-0.0181397174807	-0.000863705436985	-0.0364921751918	-0.0210866373959	-0.033432846186	0.0469178727949	0.017395702481	-0.00509956302323	0.0198603171354	-0.00171545051114	0.0201637193961	0.00511503442899	-0.00139335777267	0.00381079099079	-0.0712216657907	-0.0323382671632	0.00491337836573	-0.00875554074807	0.0238659857388	0.0303442079585	-0.0993769270476	0.0569210508914	0.0435067949165	0.00629345660843	-0.00793576541163	-0.0522811518586	-0.0808911395619	-0.0240611065289	-0.0263403425009	0.0409572612334	-0.0408995397691	0.00747694557292	0.00246877148484	8.86200445244e-05	-0.00170120536884	0.00844086849834
k__Bacteria;p__Bacteroidetes;c__Bacteroidia;o__Bacteroidales;f__Bacteroidaceae;g__Bacteroides;s__Bacteroides_salyersiae	0.0545248252535	-0.0125589121104	-0.00160066870505	-0.0449115415824	0.0375938591289	-0.0329349146668	-0.0178698027769	0.0839803938368	0.0511227136246	0.00513529602327	-0.0270394261219	0.0470731025177	0.00815500182236	0.0371961292869	-0.0413461374767	-0.0189852545404	0.00104394191093	0.00242978093829	-0.0173002227875	0.0360202706016	1.0	-0.0281311372593	0.00063259672558	-0.0681171819541	-0.0229564232048	-0.00341747132727	-0.0243624238136	-0.0525510735573	-0.00504422840297	-0.0296319723192	0.0126475891308	0.00855491158298	-0.0334412670827	0.0508469233348	-0.0158052271481	-0.0756802661795	-0.0342259589716	0.0453814399342	-0.0142165372087	0.0074671363284	0.0216778145797	-0.0553842789957	0.0493340548658	0.00408167420321	0.0701102565955	-0.0481435803797	-0.0669938429839	-0.0629113187474	0.00977972798017	0.086454917957	-0.0132355512027	-0.0463252939019	-0.0341827322045	0.0055631742695	-0.0338983984688	-0.0360345683905	0.0434110339489	-0.0165734455835	-0.032002356759
k__Bacteria;p__Firmicutes;c__Clostridia;o__Clostridiales;f__Ruminococcaceae;g__Ruminiclostridium;s__[Eubacterium]_siraeum	-0.00199456686995	0.0321122234552	-0.0314302796239	-0.0512684235283	-0.0430246736525	-0.0309840608448	-0.0194524510143	0.00678057985116	0.0111907477824	0.0043546005708	0.0136581655413	0.00937029773585	0.0130209847443	0.0286221890586	0.0268361696648	0.0251737475123	-0.031582505087	0.0273842035424	-0.0322864963637	-0.0867321773835	-0.0281311372593	1.0	0.0345379037836	0.0333564374808	-0.0529948571462	-0.00765793592302	-0.00399335138253	-0.0147658029173	-0.106012956356	-0.0791635155905	0.0124660341941	-0.00706209939446	0.0119527518233	0.0354541551373	-0.00716937169681	0.0225784853303	0.0106962063198	0.00595141516579	0.0511451007431	0.0278076407047	-0.0293967825399	0.0106521042116	0.0160552100307	-0.0259636243521	-0.0488693587429	-0.0386451432236	-0.0725875586815	0.00645255425481	0.00647105562023	0.0390572261342	0.0605344467143	0.067140017521	-0.0245351592168	-0.0533149272421	-0.0254094685199	0.0256389159093	0.0425729267865	0.0485553481516	-0.0805244231306
k__Bacteria;p__Proteobacteria;c__Betaproteobacteria;o__Burkholderiales;f__Sutterellaceae;g__Parasutterella;s__Parasutterella_excrementihominis	-0.00497205931525	0.00386615352389	-0.0493376222676	0.0080528824102	-0.0138624091171	-0.0307249179688	-0.00790589744916	-0.0207398202231	0.0210020289097	0.0330025715392	-0.013545809214	-0.0177732546182	-0.0343353183626	-0.00604319391912	0.0151277317451	0.00362031180485	-0.0118943699484	-0.0318962019318	-0.0279235378655	0.00405203100614	0.00063259672558	0.0345379037836	1.0	-0.00992266703587	0.0394866364949	0.0011060171574	-0.000436668514749	0.0380494204435	-0.0309653003787	-0.00293749236855	-0.0149408160272	-0.0320281455563	-0.0287418456877	0.0339392720421	-0.0315071030705	0.0368592508387	0.0264991931864	0.0012957943031	0.0113950958607	-0.0125268489461	-0.0693229992293	0.0196094184201	0.0398380343979	-0.0224835797598	0.0113332409431	-0.033136653865	0.0100253840724	-0.0357186661481	-0.0298457521309	0.0494724715507	0.014791519776	-0.108150460418	0.0651584720062	-0.0107257657019	-0.000985604900352	-0.088488985657	0.0286380355578	0.0182266844786	0.0578983997221
k__Bacteria;p__Actinobacteria;c__Actinobacteria;o__Bifidobacteriales;f__Bifidobacteriaceae;g__Bifidobacterium;s__Bifidobacterium_adolescentis	-0.0210490095822	0.0288290819153	-0.0285045850423	0.00678456214497	-0.106389116559	-0.0732888362364	0.00310350657429	0.041151633906	-0.0265020777455	-0.0142413645121	-0.03948784374	-0.0393525352259	-0.000103091780055	-0.0506889368291	0.0138404727339	0.000998937902749	-0.0343457779095	-0.0249226325254	0.0121749473889	-0.0181397174807	-0.0681171819541	0.0333564374808	-0.00992266703587	1.0	0.0762224232117	0.0194654712447	-0.0165118666377	0.00411396535126	-0.0126459992956	-0.0362835777579	0.0100005469332	0.0157254885322	0.00896588180472	-0.0263060433321	-0.0285430609124	0.000314145664776	-0.00543489418005	0.0209199803749	-0.0188744219196	0.0303774446663	-0.0131365989365	0.0300311058013	-0.0494641032594	-0.0456500601563	0.0618146045689	0.00377432446598	-0.00778761982111	0.0043448442748	-0.0217739893986	0.0105001260153	-0.04711792652	0.0133146186484	-0.0207490759819	-0.046325547332	0.0191411812833	-0.00909568063207	-0.0228811918726	0.0080066394912	-0.0167573078869
k__Bacteria;p__Firmicutes;c__Clostridia;o__Clostridiales;f__Oscillospiraceae;g__Oscillibacter;s__Oscillibacter_sp._KLE_1745	-0.0541317708639	-0.00927667227514	-0.0374728235105	0.0374169570885	0.0512396203174	0.014605234746	0.0213124815694	0.0370376775283	-0.073936080628	-0.0103039942051	-0.0693895835589	-0.0240853273669	0.0232099738115	-0.0358173635481	0.0112146389514	-0.0328551022637	0.063596087317	-0.0383946261853	0.0069641767937	-0.000863705436985	-0.0229564232048	-0.0529948571462	0.0394866364949	0.0762224232117	1.0	-0.0252220587751	-0.0136344901965	-0.00576940561692	-0.0161021610958	-0.0114607832806	0.00120407794155	0.0361488765718	0.0178938508682	-0.00669029407371	-0.0310020211684	-0.0138454769951	0.0354398637632	-0.0160628594994	0.0304421344514	-0.0174935849102	-0.0324220716852	-0.019988920044	0.0140847783441	-0.016260167655	-0.0431541895805	-0.0289362198587	-0.0494153854082	0.000417484471884	-0.00240572858151	0.0160939718565	-0.0577681043618	-0.00737072494725	0.0339844260245	-0.0306126957616	0.00126390303355	0.0294693703058	0.0361705643356	0.0167196031824	-0.0186013984396
k__Bacteria;p__Bacteroidetes;c__Bacteroidia;o__Bacteroidales;f__Bacteroidaceae;g__Bacteroides;s__Bacteroides_coprophilus	-0.0731862207962	-0.0113237892239	-0.0315678344837	0.0175696677429	-0.0135718086215	-0.0206548047897	-0.00098867248009	-0.0151049544003	-0.00300623470468	-0.0568526925064	-0.00228615944441	0.0710747882586	-0.0325315089619	0.0545370396216	-0.0452598834361	0.00102697650551	0.0165447667065	0.0485892382614	0.000799429619395	-0.0364921751918	-0.00341747132727	-0.00765793592302	0.0011060171574	0.0194654712447	-0.0252220587751	1.0	-0.0175579435788	-0.0238448887738	-0.0155222073245	0.0114452347473	-0.0463712066253	-0.0226444203112	0.0409802565814	0.0101867310283	-0.0350447443106	-0.0110105563023	-0.00736331453368	0.0213253557234	0.0175790320886	-0.0142440549767	-0.0455930212311	-0.00246055013556	-0.0374186468218	-0.0074373751837	-0.0158768042103	-0.00505170365901	0.0395027272129	0.00702389102869	0.0388093714899	0.0112386518017	0.0472644823984	0.00413661496286	-0.0202462226537	0.0364534017196	0.0234162667169	-0.0530766348043	-0.0681696017179	-0.0320461463072	0.0617743508374
k__Bacteria;p__Firmicutes;c__Clostridia;o__Clostridiales;f__Lachnospiraceae;g__Roseburia;s__Roseburia_intestinalis	-0.037614847161	-0.000592430395381	-0.00920616848709	0.00353353158603	-0.0380688887176	0.0353203052006	0.0331126409197	-0.0379641516856	-0.0111026781497	-0.0344002348424	0.026572409384	0.0287248214068	-0.0271577322445	-0.0404071294764	-0.00449644299895	-0.0200170135448	-0.0796408553642	-0.0179969834403	-0.0196892337315	-0.0210866373959	-0.0243624238136	-0.00399335138253	-0.000436668514749	-0.0165118666377	-0.0136344901965	-0.0175579435788	1.0	-0.0932085087582	-0.0449097019435	-0.054030675435	-0.00266749397323	-0.0154900375278	-0.00222206473718	-0.0374604656358	0.0083422639874	0.030402375371	0.0300305530257	-0.0196396946921	-0.087180858534	0.0283288703952	-0.000766161327069	-0.0338938164241	0.0793721097809	0.0261211965808	-0.0213623552573	-0.0294347882982	-0.0774822491797	0.0160506200332	-0.0316420547486	0.00526432989977	-0.00601278165647	-0.0111327629673	-0.0613115140994	0.00220318791263	0.00163086939141	-0.0174248976967	0.0251848545884	-0.0362947249713	-0.026399162535
k__Bacteria;p__Firmicutes;c__Clostridia;o__Clostridiales;f__Lachnospiraceae;g__Roseburia;s__Roseburia_hominis	-0.0125832218605	-0.0093024714931	-0.0701625706901	-0.0233521209644	0.0380064576658	0.0402415527021	0.00226377491231	-0.0172125429945	-0.0381166072299	-0.0199496777186	-0.0725754442468	-0.0146963295911	0.0397451995499	-0.0317044291875	0.0136075128412	-0.060865451721	-0.0537308832441	0.0540929025087	-0.0561819985638	-0.033432846186	-0.0525510735573	-0.0147658029173	0.0380494204435	0.00411396535126	-0.00576940561692	-0.0238448887738	-0.0932085087582	1.0	0.0634105703984	-0.0272098070768	0.0675344116163	-0.0234011211871	0.0418687106237	-0.00701239834137	-0.0175585903604	-0.0484141624989	-0.0299039298599	0.00261805263712	-0.0345885003964	0.0653505916086	0.00606092832173	-0.0235553247526	-0.0060262239158	0.00916042919707	-0.0254152090036	0.0562358950796	-0.00313637529644	0.010962999287	-0.00792887889704	0.00730893249279	-0.0148371588279	-0.0170866672004	0.0875879274595	0.0382834809321	0.0127243457718	0.0348086412158	-0.0184821087061	-0.00383018715243	0.00178644510818
k__Bacteria;p__Bacteroidetes;c__Bacteroidia;o__Bacteroidales;f__Porphyromonadaceae;g__Parabacteroides;s__Parabacteroides_johnsonii	0.0221340893032	-0.00373221547965	-0.086722974498	0.010733942042	0.0379121745958	0.00379732912784	-0.0287474591808	-0.0658771938565	0.0225704798677	0.0108864335189	-0.014122527662	-0.00599060864239	0.0541724163152	-0.0253515319299	0.0170784229391	0.0128934602728	0.0165978344532	-0.086517693924	-0.0264054324634	0.0469178727949	-0.00504422840297	-0.106012956356	-0.0309653003787	-0.0126459992956	-0.0161021610958	-0.0155222073245	-0.0449097019435	0.0634105703984	1.0	0.0152432626715	0.00104360129922	-0.0373589020277	-0.0256183024145	-0.0115963526122	0.0125085790344	0.0137202240831	-0.000763496122445	-0.0248025853623	0.0421626658643	-0.0447917710598	0.0277505007365	-0.00451159022496	-0.0190801629219	0.0389759141631	0.0632737342544	0.0228078335912	0.00933585852569	0.00298581153671	0.00367103702131	-0.0443993530302	0.0350324462784	0.0318367351745	0.00567609460251	-0.0076295821365	0.0475520793508	-0.0338537952787	-0.0231333155282	-0.0547637001556	0.00459651626372
k__Bacteria;p__Actinobacteria;c__Actinobacteria;o__Bifidobacteriales;f__Bifidobacteriaceae;g__Bifidobacterium;s__Bifidobacterium_longum	0.045513610422	-0.0231636258558	0.0497383863358	0.00772687009941	-0.00938811488478	-0.00831817538054	-0.0410839574211	-0.013166211951	-0.0174116102815	0.0255581490107	0.0338628528836	-0.0123856469732	0.0094665621646	0.0279394200592	0.0105346677785	-0.0159092254005	0.0543269850193	-0.00465078934549	-0.0135679634988	0.017395702481	-0.0296319723192	-0.0791635155905	-0.00293749236855	-0.0362835777579	-0.0114607832806	0.0114452347473	-0.054030675435	-0.0272098070768	0.0152432626715	1.0	0.0754364981729	-0.010905174438	-0.036229963981	-0.0555575857344	0.0174562636472	-0.0639303429421	-0.000283818861247	0.016528276896	-0.0316382763754	0.0349137117615	0.0333475923146	0.010109399022	0.0184144770676	-0.0425799509026	-0.0150182135066	-0.0265880684265	0.014918316702	-0.0808973015554	-0.0513329174998	0.014597740468	-0.0872144579726	-0.0143201880047	0.0550116973305	0.00370830625204	0.0339754897603	0.0117170981514	-0.0183895508545	-0.0163898643296	0.00110803304195
