#taxonomy	k__Bacteria;p__Bacteroidetes;c__Bacteroidia;o__Bacteroidales;f__Bacteroidaceae;g__Bacteroides;s__Bacteroides_vulgatus	k__Bacteria;p__Bacteroidetes;c__Bacteroidia;o__Bacteroidales;f__Bacteroidaceae;g__Bacteroides;s__Bacteroides_uniformis	k__Bacteria;p__Bacteroidetes;c__Bacteroidia;o__Bacteroidales;f__Rikenellaceae;g__Alistipes;s__Alistipes_putredinis	k__Bacteria;p__Bacteroidetes;c__Bacteroidia;o__Bacteroidales;f__Prevotellaceae;g__Prevotella;s__Prevotella_copri	k__Bacteria;p__Bacteroidetes;c__Bacteroidia;o__Bacteroidales;f__Bacteroidaceae;g__Bacteroides;s__Bacteroides_stercoris	k__Bacteria;p__Bacteroidetes;c__Bacteroidia;o__Bacteroidales;f__Bacteroidaceae;g__Bacteroides;s__Bacteroides_ovatus	k__Bacteria;p__Bacteroidetes;c__Bacteroidia;o__Bacteroidales;f__Rikenellaceae;g__Alistipes;s__Alistipes_shahii	k__Bacteria;p__Firmicutes;c__Clostridia;o__Clostridiales;f__Ruminococcaceae;g__Faecalibacterium;s__Faecalibacterium_prausnitzii	k__Bacteria;p__Bacteroidetes;c__Bacteroidia;o__Bacteroidales;f__Rikenellaceae;g__Alistipes;s__Alistipes_finegoldii	k__Bacteria;p__Bacteroidetes;c__Bacteroidia;o__Bacteroidales;f__Porphyromonadaceae;g__Parabacteroides;s__Parabacteroides_distasonis	k__Bacteria;p__Bacteroidetes;c__Bacteroidia;o__Bacteroidales;f__Bacteroidaceae;g__Bacteroides;s__Bacteroides_thetaiotaomicron	k__Bacteria;p__Bacteroidetes;c__Bacteroidia;o__Bacteroidales;f__Bacteroidaceae;g__Bacteroides;s__Bacteroides_coprocola	k__Bacteria;p__Bacteroidetes;c__Bacteroidia;o__Bacteroidales;f__Bacteroidaceae;g__Bacteroides;s__Bacteroides_cellulosilyticus	k__Bacteria;p__Bacteroidetes;c__Bacteroidia;o__Bacteroidales;f__Rikenellaceae;g__Alistipes;s__Alistipes_obesi	k__Bacteria;p__Firmicutes;c__Clostridia;o__Clostridiales;f__Lachnospiraceae;g__;s__[Eubacterium]_rectale	k__Bacteria;p__Bacteroidetes;c__Bacteroidia;o__Bacteroidales;f__Bacteroidaceae;g__Bacteroides;s__Bacteroides_plebeius	k__Bacteria;p__Bacteroidetes;c__Bacteroidia;o__Bacteroidales;f__Bacteroidaceae;g__Bacteroides;s__Bacteroides_fragilis	k__Bacteria;p__Proteobacteria;c__Betaproteobacteria;o__Burkholderiales;f__Sutterellaceae;g__Sutterella;s__Sutterella_wadsworthensis	k__Bacteria;p__Bacteroidetes;c__Bacteroidia;o__Bacteroidales;f__Porphyromonadaceae;g__Barnesiella;s__Barnesiella_intestinihominis	k__Bacteria;p__Bacteroidetes;c__Bacteroidia;o__Bacteroidales;f__Odoribacteraceae;g__Odoribacter;s__Odoribacter_splanchnicus	k__Bacteria;p__Bacteroidetes;c__Bacteroidia;o__Bacteroidales;f__Bacteroidaceae;g__Bacteroides;s__Bacteroides_salyersiae	k__Bacteria;p__Firmicutes;c__Clostridia;o__Clostridiales;f__Ruminococcaceae;g__Ruminiclostridium;s__[Eubacterium]_siraeum	k__Bacteria;p__Proteobacteria;c__Betaproteobacteria;o__Burkholderiales;f__Sutterellaceae;g__Parasutterella;s__Parasutterella_excrementihominis	k__Bacteria;p__Actinobacteria;c__Actinobacteria;o__Bifidobacteriales;f__Bifidobacteriaceae;g__Bifidobacterium;s__Bifidobacterium_adolescentis	k__Bacteria;p__Firmicutes;c__Clostridia;o__Clostridiales;f__Oscillospiraceae;g__Oscillibacter;s__Oscillibacter_sp._KLE_1745	k__Bacteria;p__Bacteroidetes;c__Bacteroidia;o__Bacteroidales;f__Bacteroidaceae;g__Bacteroides;s__Bacteroides_coprophilus	k__Bacteria;p__Firmicutes;c__Clostridia;o__Clostridiales;f__Lachnospiraceae;g__Roseburia;s__Roseburia_intestinalis	k__Bacteria;p__Firmicutes;c__Clostridia;o__Clostridiales;f__Lachnospiraceae;g__Roseburia;s__Roseburia_hominis	k__Bacteria;p__Bacteroidetes;c__Bacteroidia;o__Bacteroidales;f__Porphyromonadaceae;g__Parabacteroides;s__Parabacteroides_johnsonii	k__Bacteria;p__Actinobacteria;c__Actinobacteria;o__Bifidobacteriales;f__Bifidobacteriaceae;g__Bifidobacterium;s__Bifidobacterium_longum	k__Bacteria;p__Firmicutes;c__Clostridia;o__Clostridiales;f__;g__Flavonifractor;s__Flavonifractor_plautii	k__Bacteria;p__Firmicutes;c__Clostridia;o__Clostridiales;f__Clostridiaceae;g__Clostridium;s__Clostridium_phoceensis	k__Bacteria;p__Verrucomicrobia;c__Verrucomicrobiae;o__Verrucomicrobiales;f__Akkermansiaceae;g__Akkermansia;s__Akkermansia_muciniphila	k__Bacteria;p__Bacteroidetes;c__Bacteroidia;o__Bacteroidales;f__Prevotellaceae;g__Paraprevotella;s__Paraprevotella_xylaniphila	k__Bacteria;p__Firmicutes;c__Clostridia;o__Clostridiales;f__Ruminococcaceae;g__Ruminococcus;s__Ruminococcus_callidus	k__Bacteria;p__Bacteroidetes;c__Bacteroidia;o__Bacteroidales;f__Rikenellaceae;g__Alistipes;s__Alistipes_senegalensis	k__Bacteria;p__Firmicutes;c__Clostridia;o__Clostridiales;f__Lachnospiraceae;g__Blautia;s__Blautia_sp._KLE_1732	k__Bacteria;p__Bacteroidetes;c__Bacteroidia;o__Bacteroidales;f__Bacteroidaceae;g__Bacteroides;s__Bacteroides_oleiciplenus	k__Bacteria;p__Firmicutes;c__Clostridia;o__Clostridiales;f__Ruminococcaceae;g__Ruminococcus;s__Ruminococcus_bicirculans	k__Bacteria;p__Bacteroidetes;c__Bacteroidia;o__Bacteroidales;f__Bacteroidaceae;g__Bacteroides;s__Bacteroides_fluxus	k__Bacteria;p__Bacteroidetes;c__Bacteroidia;o__Bacteroidales;f__Prevotellaceae;g__Prevotella;s__Prevotella_stercorea	k__Bacteria;p__Firmicutes;c__Clostridia;o__Clostridiales;f__Lachnospiraceae;g__Dorea;s__Dorea_longicatena	k__Bacteria;p__Firmicutes;c__Clostridia;o__Clostridiales;f__Eubacteriaceae;g__Eubacterium;s__[Eubacterium]_eligens	k__Bacteria;p__Firmicutes;c__Clostridia;o__Clostridiales;f__Ruminococcaceae;g__;s__Ruminococcaceae_bacterium_D16	k__Bacteria;p__Firmicutes;c__Clostridia;o__Clostridiales;f__Lachnospiraceae;g__Coprococcus;s__Coprococcus_comes	k__Bacteria;p__Proteobacteria;c__Gammaproteobacteria;o__Enterobacterales;f__Enterobacteriaceae;g__Escherichia;s__Escherichia_coli	k__Bacteria;p__Firmicutes;c__Clostridia;o__Clostridiales;f__Ruminococcaceae;g__Anaerotruncus;s__Anaerotruncus_colihominis	k__Bacteria;p__Firmicutes;c__Clostridia;o__Clostridiales;f__Lachnospiraceae;g__Blautia;s__Blautia_obeum	k__Bacteria;p__Bacteroidetes;c__Bacteroidia;o__Bacteroidales;f__Odoribacteraceae;g__Odoribacter;s__Odoribacter_laneus	k__Bacteria;p__Firmicutes;c__Clostridia;o__Clostridiales;f__Ruminococcaceae;g__Ruminiclostridium;s__[Clostridium]_leptum	k__Bacteria;p__Bacteroidetes;c__Bacteroidia;o__Bacteroidales;f__Porphyromonadaceae;g__Parabacteroides;s__Parabacteroides_goldsteinii	k__Bacteria;p__Firmicutes;c__Clostridia;o__Clostridiales;f__Lachnospiraceae;g__Anaerostipes;s__Anaerostipes_hadrus	k__Bacteria;p__Firmicutes;c__Clostridia;o__Clostridiales;f__Ruminococcaceae;g__Ruminococcus;s__Ruminococcus_lactaris	k__Bacteria;p__Firmicutes;c__Clostridia;o__Clostridiales;f__Clostridiaceae;g__Clostridium;s__Clostridium_sp._L2-50	k__Bacteria;p__Firmicutes;c__Clostridia;o__Clostridiales;f__Clostridiaceae;g__Clostridium;s__Clostridium_sp._M62/1	k__Bacteria;p__Firmicutes;c__Clostridia;o__Clostridiales;f__;g__Intestinimonas;s__Intestinimonas_butyriciproducens	k__Bacteria;p__Actinobacteria;c__Actinobacteria;o__Bifidobacteriales;f__Bifidobacteriaceae;g__Bifidobacterium;s__Bifidobacterium_bifidum	k__Bacteria;p__Firmicutes;c__Negativicutes;o__Veillonellales;f__Veillonellaceae;g__Dialister;s__Dialister_invisus	k__Bacteria;p__Bacteroidetes;c__Bacteroidia;o__Bacteroidales;f__Bacteroidaceae;g__Bacteroides;s__Bacteroides_salanitronis
k__Bacteria;p__Bacteroidetes;c__Bacteroidia;o__Bacteroidales;f__Bacteroidaceae;g__Bacteroides;s__Bacteroides_vulgatus	1.0	-0.0933673999287	-0.0530207577651	-0.0368107701508	-0.0599937512092	0.0123216419347	0.0029262914925	0.00209496529188	-0.0186263520893	0.0418639192185	8.56803984886e-05	0.0107555647245	0.0104585095679	0.0111511504044	-0.00493781453479	-0.0164810509296	0.00319841349555	0.0110649848886	-0.010950161697	0.0564765839913	-0.0174386511117	-0.0465463599195	-0.0234454618532	0.0503333418983	0.003069258437	0.0252152883018	0.0191445592264	-0.0448312714662	0.00680688961156	-0.00277927595806	-0.0110593263304	-0.0024028236773	0.00832620364544	-0.104334650206	-0.0213575908451	-0.00944785107472	-0.0411165205816	-0.0203428446944	0.022250835278	0.0160294900943	-0.0424622068062	-0.034818840228	-0.00852336760199	-0.0176979513137	-0.011218292344	-0.0434956676349	0.0299126585538	0.0130873105613	0.0539880065956	0.00970307855167	-0.016058310844	-0.0523751752681	-0.0368991120648	-0.013385608041	0.0202182535337	0.0105036730328	-0.0269498845728	-0.00647197865111	0.0382718038764
k__Bacteria;p__Bacteroidetes;c__Bacteroidia;o__Bacteroidales;f__Bacteroidaceae;g__Bacteroides;s__Bacteroides_uniformis	-0.0933673999287	1.0	0.0191314281403	-0.0166368368828	0.00478262179352	0.0200284522509	0.0264362433017	-0.0276017639603	-0.00160736674913	0.00874268773933	-0.00104693478788	0.0326951033835	-0.0298111587529	0.0355765306638	-0.0151808895684	0.0615181233166	-0.0527389797878	0.00335521208047	0.0143309385965	-0.0624836909683	0.0208133463122	-0.0626856738069	0.0571404158072	-0.0145855622424	-0.0176080987525	-0.0271625750421	0.0303702011879	-0.0105628651896	-0.0143288894195	0.0455543467875	0.0451028403106	-0.0556264687343	-0.0300381533974	0.0142156148171	0.0271459028556	0.00316518877333	-0.0150364436414	-0.020704053848	0.0419742071488	-0.0315969203938	-0.0315394226943	-0.0382426944501	-0.000865534804774	0.0030687384927	-0.072605372217	-0.0174691168421	0.00571545471051	-0.0672700707824	-0.0197577426496	-0.0555711051675	0.0141546061724	0.0239166040443	0.0106368355094	-0.011034902245	-0.00952037742006	-0.00506075631915	0.0329368566265	-0.0226531199017	-0.0337195574318
k__Bacteria;p__Bacteroidetes;c__Bacteroidia;o__Bacteroidales;f__Rikenellaceae;g__Alistipes;s__Alistipes_putredinis	-0.0530207577651	0.0191314281403	1.0	0.0156044872646	-0.00586660161659	0.00130641093266	-0.0207428788237	-0.0541008311533	0.00680923840746	0.0221402590322	-0.0495852264174	0.052933522052	0.035478814975	0.00602001909768	0.0256516019246	0.0427238600477	-0.0353485542745	-0.0538047663574	0.0233619958198	-0.0474104664542	-0.00524761572547	-0.0289729148299	0.0293240289912	0.0217622923195	0.0273769634223	-0.0302948625679	-0.0507386312364	-0.0691201503666	0.0432805149166	-0.0228440615448	-0.0817179857315	-0.0716793054251	-0.0288079787691	-0.0155270438077	-0.0124545465162	-0.00130483121674	-0.0400706445766	0.0027481341343	0.0330347506101	-0.00774214637163	-0.000477294184555	-0.021443846035	-0.0150140067995	0.0220660007454	0.0435344855726	-0.00807186008538	0.000133336395964	0.0390579872118	0.0102335217337	-0.0206764637001	0.0385136541584	-0.00559281449976	-0.0540186855757	-0.0147380134443	0.0322389843293	0.0233187936688	0.0199307265698	0.00694547717519	-0.0323692817704
k__Bacteria;p__Bacteroidetes;c__Bacteroidia;o__Bacteroidales;f__Prevotellaceae;g__Prevotella;s__Prevotella_copri	-0.0368107701508	-0.0166368368828	0.0156044872646	1.0	0.0129169257841	-0.0630776569763	0.0115238171906	-0.0109214486453	0.0259479568764	-0.0106481494017	-0.00949244040795	-0.0435344006133	-0.0411498663234	0.0559305600119	0.00051604016777	0.00552932821649	0.000941803946649	-0.0212526071804	0.0309775961624	-0.105493848812	-0.0229144303974	-0.0142227264836	-0.0011933090433	-0.00443159799293	0.00861687700239	0.00452164846553	-0.0235152185445	0.0438673657996	-0.044313871054	-0.0194885885512	-0.00809102549604	0.0582724468863	-0.0117461620089	-0.030900485766	0.0126823525163	0.0261254921294	0.00754319960089	-0.0622496188582	0.0130796109566	-0.010966161785	-0.0203052263181	0.00304892445618	-0.0213706486517	-0.0168185211239	0.00175088418992	-0.0457532413764	0.0453432712477	0.0395294388097	-0.0412785460929	-0.00602060949232	-0.03760415341	0.0412025158148	-0.0379419070291	0.00472201357473	0.0280708637634	0.0165701202636	-0.0247719120046	0.0645778238403	0.0344283633263
k__Bacteria;p__Bacteroidetes;c__Bacteroidia;o__Bacteroidales;f__Bacteroidaceae;g__Bacteroides;s__Bacteroides_stercoris	-0.0599937512092	0.00478262179352	-0.00586660161659	0.0129169257841	1.0	0.0206747845682	0.0217732832072	-0.0368444671073	-0.00394048388697	0.0733429148476	0.0674095241695	-0.0319649731584	-0.0153124662215	0.0112694818341	-0.00896100926519	-0.026250059644	-0.0226582345138	-0.0279540719332	0.00740895599249	-0.0487137173382	-0.00223405013863	-0.0209866676679	-0.0396729849191	0.0169817707835	-0.0458515081921	-0.0560104408859	0.0504876426698	-0.0692872014941	-0.0124907715219	-0.0575623650192	-0.0606055034114	0.0129443397379	-0.0349839731635	0.0169417445452	-0.012685551463	0.0127553341867	-0.0333834392833	0.0106168996973	-0.0710064364496	-0.0263607290105	0.0288716346934	-0.0879866664471	-0.0106758457028	0.00440910830262	-0.0222649533551	-0.102398801225	0.0512675660427	-0.0643183393751	0.0244560792199	-0.0291482856066	-0.0188831649986	0.0635628961724	-0.0335584442156	-0.0414863597578	-0.0205985362096	0.0311841073687	-0.0114297922067	0.00960709485198	0.0202905078694
k__Bacteria;p__Bacteroidetes;c__Bacteroidia;o__Bacteroidales;f__Bacteroidaceae;g__Bacteroides;s__Bacteroides_ovatus	0.0123216419347	0.0200284522509	0.00130641093266	-0.0630776569763	0.0206747845682	1.0	0.00126031224518	-0.0088494179808	-0.0132739938843	-0.0405305048835	0.0009089936031	0.0348815074736	-0.0247144399673	-0.017291333414	-0.0555245206851	-0.0469542764612	-0.031315303196	-0.00651232720576	-0.025419712769	-0.0241612543583	0.0283596895792	0.0336341045329	0.0399340202862	-0.11241085131	0.0062299474368	0.00206457401576	-0.0153247463546	0.0382046813644	-0.0214838643588	-0.035567321467	0.00174651677797	0.0280167116848	-0.00790843633956	-0.00176348971819	-0.0410666358404	0.0189532065684	-0.0198237878306	-0.0607010646063	-0.0566731684443	0.00351105972688	-0.0465071476647	-0.0447484288912	-0.0103780071228	0.0288930343857	-0.00789920481043	0.0745290475334	-0.0304276595955	0.0159959741782	-0.0522734324591	-0.0311111507122	0.00979184437876	0.0441038624022	0.00816043543024	0.0281704607895	0.0170976829117	0.00709334668946	0.0302238978387	0.00367667631715	0.0100287470038
k__Bacteria;p__Bacteroidetes;c__Bacteroidia;o__Bacteroidales;f__Rikenellaceae;g__Alistipes;s__Alistipes_shahii	0.0029262914925	0.0264362433017	-0.0207428788237	0.0115238171906	0.0217732832072	0.00126031224518	1.0	-0.0563200207057	0.0281793136269	-0.0298129024121	-0.00307871166021	0.0248555922343	-0.00924187673885	0.000294584484906	0.0232956529556	0.0108679664897	-0.00848065091026	-0.0403577352542	0.00062730750668	-0.015827587886	-0.0226535554053	-0.0287655006853	-0.0414341935934	-0.00163958988592	0.00554243062361	0.0159445931176	-0.0613592871442	-0.0788511696778	-0.00903413542998	0.0289461067275	0.0124149425422	0.0512661460178	-0.0589579110823	-0.0332621449085	0.00291938884129	0.00407068562219	0.012993484479	-0.108329752506	-0.0274824547423	-0.00383516408136	-0.0210611532073	-0.0222391235412	0.00633383730205	-0.0592969463573	-0.0224055318959	-0.00938136120554	0.069994936015	0.0676820201267	-0.0326853440468	-0.00797307664284	-0.018680720149	0.0681122417995	0.00797587665966	-0.0331961556445	-0.0214560446156	-0.00610576054122	0.0147365988072	-0.030544057999	0.057178069797
k__Bacteria;p__Firmicutes;c__Clostridia;o__Clostridiales;f__Ruminococcaceae;g__Faecalibacterium;s__Faecalibacterium_prausnitzii	0.00209496529188	-0.0276017639603	-0.0541008311533	-0.0109214486453	-0.0368444671073	-0.0088494179808	-0.0563200207057	1.0	0.00625513765486	0.0353923642701	0.000718865878013	-0.0538028829129	-0.029343989359	-0.000561770701998	0.0540838311627	0.00720128128583	0.0217778219169	0.0189211500467	-0.0155645938604	-0.00769019343644	0.0542683004815	0.025539775103	0.025360460088	-0.00439948990655	-0.00497983709147	-0.0263715579526	-0.0486605462019	0.0031687434454	0.0645760025559	-0.000675384609986	-0.021896650596	0.00911907310246	-0.0247183778659	-0.0477955334088	-0.0487552757918	0.00489427009713	0.0158262384056	-4.66365459122e-05	-0.0743619464166	-0.0284644750901	0.0094144524591	-0.0187182439989	-0.0120959980453	0.0146285350492	0.046128323805	-0.0426142788186	-0.0213498134092	-0.0600317923993	0.0663834591629	-0.0592672799079	-0.0463031328277	-0.07255928123	-0.0562754322461	-0.0254190441049	0.0081300419038	0.0324269096992	0.0429326001401	0.0268508574329	0.0147222580895
k__Bacteria;p__Bacteroidetes;c__Bacteroidia;o__Bacteroidales;f__Rikenellaceae;g__Alistipes;s__Alistipes_finegoldii	-0.0186263520893	-0.00160736674913	0.00680923840746	0.0259479568764	-0.00394048388697	-0.0132739938843	0.0281793136269	0.00625513765486	1.0	-0.00230066187135	0.0300124518084	-0.0267519302309	0.0144550642153	-0.013064779531	0.0121974434048	0.0263652177405	0.0136111359073	0.0132468268742	-0.0225808047579	-0.0726767244462	-0.0158265116353	-0.0167843257195	0.0203005772694	-0.0215092311977	-0.0223328515992	-0.0356579842479	-0.0689316488599	-0.0354900933259	0.00186757701771	0.0314410233891	-0.0170786573796	-0.00520163153501	-0.0678597610427	0.00291523739862	-0.00272097184083	0.00833565838227	-0.0238227951672	-0.0125066037035	-0.0031892999036	0.029859225482	0.0357037376403	-0.0111737142295	0.0280602663646	-0.0395233281439	-0.0119008669954	-0.0408462768027	-0.00261528250728	-0.0203746974775	-0.0321864759818	0.0537694555768	-0.050097910518	-0.0167439559855	-0.0553823656603	-0.0201696919098	0.0505256241419	-0.0056797700379	0.0382127632641	0.04992843548	0.0705921641497
k__Bacteria;p__Bacteroidetes;c__Bacteroidia;o__Bacteroidales;f__Porphyromonadaceae;g__Parabacteroides;s__Parabacteroides_distasonis	0.0418639192185	0.00874268773933	0.0221402590322	-0.0106481494017	0.0733429148476	-0.0405305048835	-0.0298129024121	0.0353923642701	-0.00230066187135	1.0	-0.0679537173808	0.0363231367119	-0.0548245498579	-0.0247933845707	-0.0161704259107	0.0293168820404	0.0211793310096	-0.0243177692404	-0.00199134902209	0.0591452794309	-0.0687658435646	0.0334645916368	0.0378131330172	-0.0158940983886	0.0199076570872	-0.0168206894206	0.0344975334098	-0.0249510919124	-0.0287342617791	-0.0158558858567	-0.00193917894802	0.0035594358342	-0.0224913080515	0.023832619833	0.0238994080976	-0.0176123080606	0.0239336245907	-0.0256001799607	0.0307921909772	0.0314546917103	0.0400061352101	-0.0993457016629	0.00962357530302	-0.0397434042203	-0.0365084599384	-0.0355764420728	-0.0205146366604	0.00245867731984	-0.00771493654052	-0.0111903007634	0.0272879037831	-0.0563991070974	0.019381138275	0.0142252295427	-0.0908900797796	-0.0235350565359	-0.0268657274939	0.00448135666002	-0.0463691924056
k__Bacteria;p__Bacteroidetes;c__Bacteroidia;o__Bacteroidales;f__Bacteroidaceae;g__Bacteroides;s__Bacteroides_thetaiotaomicron	8.56803984886e-05	-0.00104693478788	-0.0495852264174	-0.00949244040795	0.0674095241695	0.0009089936031	-0.00307871166021	0.000718865878013	0.0300124518084	-0.0679537173808	1.0	-0.0176182810104	-0.0567244238427	0.0179268878853	-0.00701982341873	-0.00709245300971	-0.0047892610907	-0.00491255553347	0.025120091291	-0.0593565609353	-0.0916503115246	-0.0868897207957	0.0274813918365	0.010722551651	-0.0721272135544	0.072819359273	-0.0151380369562	-0.0611933308803	-0.03424143193	-0.0031659774272	0.0322780157709	0.0147453869693	-0.00583296907981	-0.0249936777315	0.0114133344692	-0.0662347785792	-0.0221803677679	-0.0357736277324	0.0167291348502	-0.0215181156785	0.0288873301826	0.0156089908832	0.00199643170017	0.0553625211669	0.00495906125594	0.0245161415212	0.0449644318686	-0.0291629586958	0.0214898249089	-0.0218412936817	-0.0170882467215	-0.08064726954	-0.0106313488644	0.0156117164063	-0.00254171763682	-0.00894126767722	0.0153759860919	0.0443456812337	0.00420094715866
k__Bacteria;p__Bacteroidetes;c__Bacteroidia;o__Bacteroidales;f__Bacteroidaceae;g__Bacteroides;s__Bacteroides_coprocola	0.0107555647245	0.0326951033835	0.052933522052	-0.0435344006133	-0.0319649731584	0.0348815074736	0.0248555922343	-0.0538028829129	-0.0267519302309	0.0363231367119	-0.0176182810104	1.0	0.018921856025	0.0075669103131	-0.0493094057767	-0.00628988008211	-0.0332804852781	-0.036235753459	0.0144216873928	0.0243119026908	-0.0347692324239	-0.0273367225263	-0.0580921311341	-0.042815860216	0.0116628426567	-0.0121865331008	0.0436693876125	0.0212691380379	-0.0191348145065	-0.0343872821467	0.0303756806254	0.0778103582529	-0.00489641698633	0.0140461657017	0.0102179151733	-0.0623273931625	0.00662738526054	-0.0106786395115	-0.0244748486212	-0.0218304508605	-0.0298407134782	0.0467470436877	-0.00018559705231	0.0428803908193	0.0143973853919	-0.00375014058437	0.0181364581153	-0.041113639216	-0.00307678870365	-0.000240665819007	-0.0708830373518	-0.0442469075293	0.0472220025136	-0.028124969552	-0.0216775513773	0.00812139472401	0.00463533451658	-0.000937120364118	-0.0487807733671
k__Bacteria;p__Bacteroidetes;c__Bacteroidia;o__Bacteroidales;f__Bacteroidaceae;g__Bacteroides;s__Bacteroides_cellulosilyticus	0.0104585095679	-0.0298111587529	0.035478814975	-0.0411498663234	-0.0153124662215	-0.0247144399673	-0.00924187673885	-0.029343989359	0.0144550642153	-0.0548245498579	-0.0567244238427	0.018921856025	1.0	-0.011427111233	-0.0492489345213	0.0333188777374	0.00787676855254	0.000927935617401	-0.0290900717404	-0.0100392667302	-0.0545172609833	0.0321575685579	0.00919902040686	0.00616261789341	-0.0326787932727	-0.0094246456545	0.0316889915691	0.000475571323164	-0.0374425079399	0.0219980915234	0.0100729011527	0.00774479990865	-0.00569612438198	0.0346661603262	-0.0137740541693	-0.0330699065885	-0.0116086656362	-0.0726764219238	0.0636308943146	-0.0745201067134	-0.0295142377055	-0.0388669469421	0.0496094751857	-0.0608461771836	0.00708153262585	0.0489829348554	0.00337053863184	-0.0283018257419	-0.0325634134148	0.00966808236022	-0.0467867334212	0.0581895871411	0.0382306253396	0.0533819668288	-0.0147775225749	0.0258713552714	0.0105814860635	-0.00699124593828	0.0158012314683
k__Bacteria;p__Bacteroidetes;c__Bacteroidia;o__Bacteroidales;f__Rikenellaceae;g__Alistipes;s__Alistipes_obesi	0.0111511504044	0.0355765306638	0.00602001909768	0.0559305600119	0.0112694818341	-0.017291333414	0.000294584484906	-0.000561770701998	-0.013064779531	-0.0247933845707	0.0179268878853	0.0075669103131	-0.011427111233	1.0	-0.0407239240193	-0.0702139642802	-0.0212309742459	-0.0537844986139	-0.0608936820382	-0.00057158412593	0.042487752619	-0.0620459412409	-0.0158050325854	-0.00510791285295	-0.0157924219443	0.0774327111922	-0.0129102796668	-0.0267158383949	-0.00423929568932	0.00928849170159	-0.0335764602594	-0.0231095890903	0.00279371757057	0.0740989894903	-0.0318048699789	-0.0159593796917	-0.0695419068661	0.0127602182295	-0.00994334891138	0.0257408520207	-0.0482332288333	-0.0131004626556	0.00275512043938	-0.000726451796854	0.0439717410211	-0.00617741958355	0.0354467011998	0.030249226624	-0.0169198935029	0.0118370513482	0.0554914093182	-0.00955613595936	-0.0307246045455	0.00397887534331	-0.0383717766371	-0.00765144888502	0.0386052653354	-0.0195537152224	-0.0475237377633
k__Bacteria;p__Firmicutes;c__Clostridia;o__Clostridiales;f__Lachnospiraceae;g__;s__[Eubacterium]_rectale	-0.00493781453479	-0.0151808895684	0.0256516019246	0.00051604016777	-0.00896100926519	-0.0555245206851	0.0232956529556	0.0540838311627	0.0121974434048	-0.0161704259107	-0.00701982341873	-0.0493094057767	-0.0492489345213	-0.0407239240193	1.0	-0.0120050970629	-0.019880371207	0.0308541303148	-0.0124920162587	0.0134585169558	-0.070106035705	0.0272488340066	0.0101574125541	0.0439614138657	0.014593166288	-0.0281148253312	0.0138195434071	0.0190519396627	-0.0425473263674	-0.010543165311	-0.00516563664091	-0.0413081222814	0.00683466175519	-0.035924947209	-0.0240722924941	-0.0193090718221	-0.0302012755961	0.0267663569726	-0.0346367699005	-0.0813941929167	0.00999911780919	-0.0302658011282	0.0247066064763	-0.0471969612103	0.00793049637057	-0.048225085429	0.0344284960197	-0.0449369619727	-0.0177100027452	0.00171284596283	0.028343440144	-0.0414078830835	-0.0291396581547	0.0205986666649	-0.0470634277449	0.057270718916	0.01705452726	0.0333252935246	-0.00817874788146
k__Bacteria;p__Bacteroidetes;c__Bacteroidia;o__Bacteroidales;f__Bacteroidaceae;g__Bacteroides;s__Bacteroides_plebeius	-0.0164810509296	0.0615181233166	0.0427238600477	0.00552932821649	-0.026250059644	-0.0469542764612	0.0108679664897	0.00720128128583	0.0263652177405	0.0293168820404	-0.00709245300971	-0.00628988008211	0.0333188777374	-0.0702139642802	-0.0120050970629	1.0	-0.0114808592268	0.0067020578107	0.0875003576669	-0.0300457307164	-0.0223632307005	-0.0269752754053	-0.0211848870753	0.0134572964868	-0.0226519640538	0.0109932190032	-0.0691410558358	0.020760023422	-0.00723186255168	-0.0136361782859	0.0388323986392	-0.00856405694032	-0.0422833863665	0.0362777660838	0.0378286392844	-0.0278438252123	0.0609627042777	-0.00490216990858	-0.0367249997368	0.0321325150967	-0.00927737070263	0.0118869982182	-0.0306553409997	-0.0615705790579	-0.0154974924438	0.0107775055516	0.00423873734325	0.0497459649284	-0.0099074598758	-0.0391978066857	-0.0620931186113	-0.0114841959618	-0.0222199419061	-0.0556442425224	-0.0208834428751	-0.0229970297365	-0.00679916721553	-0.0507495072531	-0.038392409355
k__Bacteria;p__Bacteroidetes;c__Bacteroidia;o__Bacteroidales;f__Bacteroidaceae;g__Bacteroides;s__Bacteroides_fragilis	0.00319841349555	-0.0527389797878	-0.0353485542745	0.000941803946649	-0.0226582345138	-0.031315303196	-0.00848065091026	0.0217778219169	0.0136111359073	0.0211793310096	-0.0047892610907	-0.0332804852781	0.00787676855254	-0.0212309742459	-0.019880371207	-0.0114808592268	1.0	-0.0313479511671	0.0789819095305	-0.0165032475815	0.0334346829285	0.0192206664119	0.027123078016	-0.0356806708461	0.062592685124	-0.0127925300134	-0.0479654411656	-0.00793851567689	0.00924702245988	0.0140537884601	-0.0213632483587	0.0326607653092	0.0295891339634	0.00603991413694	0.029748858683	0.0356999085602	0.0464045840246	-0.00752554232607	-0.00411057714211	-0.0292230337324	0.0198212028229	-0.0208875963595	-0.0183344649443	-0.0408653261017	-0.00380522110052	-0.0174944542252	-0.0656785976502	0.0608721806201	-0.0195163576811	0.0136977390654	-0.0339488408501	-0.0112405126629	0.0109080653976	-0.0608464564418	-0.0195985688388	-0.026100365139	-0.0610607363095	0.00652103385196	0.000944057609924
k__Bacteria;p__Proteobacteria;c__Betaproteobacteria;o__Burkholderiales;f__Sutterellaceae;g__Sutterella;s__Sutterella_wadsworthensis	0.0110649848886	0.00335521208047	-0.0538047663574	-0.0212526071804	-0.0279540719332	-0.00651232720576	-0.0403577352542	0.0189211500467	0.0132468268742	-0.0243177692404	-0.00491255553347	-0.036235753459	0.000927935617401	-0.0537844986139	0.0308541303148	0.0067020578107	-0.0313479511671	1.0	-0.0338726244734	0.0212655962126	0.0343807428459	0.0291596143394	-0.00716152471883	0.0171021308322	0.0501410378668	-0.00795583823427	0.0347639954322	0.0137851314661	0.00833646299075	0.0069369002196	0.0548918321951	-0.02490861121	0.0180179898072	-0.0211757413182	-0.00785453412992	-0.0243247605117	0.0124278042676	-0.0354232578499	-0.0191309001693	-0.0663599261643	0.00684978448226	0.00282831465515	0.0735176543557	-0.0375732144841	-0.0214636072825	-0.0579403628236	-0.0115451909782	-0.0545169367	0.00990843060182	0.0507860567755	-0.0404522480682	0.0415276736596	0.0360580393533	0.0339112273091	0.0106644314351	0.0231490158624	-0.0286911393941	-0.032952689247	0.0491912148237
k__Bacteria;p__Bacteroidetes;c__Bacteroidia;o__Bacteroidales;f__Porphyromonadaceae;g__Barnesiella;s__Barnesiella_intestinihominis	-0.010950161697	0.0143309385965	0.0233619958198	0.0309775961624	0.00740895599249	-0.025419712769	0.00062730750668	-0.0155645938604	-0.0225808047579	-0.00199134902209	0.025120091291	0.0144216873928	-0.0290900717404	-0.0608936820382	-0.0124920162587	0.0875003576669	0.0789819095305	-0.0338726244734	1.0	-0.00392410547981	-0.0183430339397	-0.0681869537583	0.0123022268272	-0.0372530853955	0.00820335905635	0.00127383507844	-0.0256414470228	0.0272199300625	0.0251049500784	-0.0244032311514	0.00830583173937	-0.0289933525133	-0.0320317930488	-0.0116709141859	0.0289147330711	-0.101820393599	0.0602839783822	-0.000803749295205	0.0244747275582	0.00349399471812	-0.0414934450301	-0.0767312803119	0.0304391105374	-0.0208788691737	0.00202203899971	0.00311997234827	0.0147370829283	-0.00728083383596	-0.0481861502262	-0.00634465144113	-0.0552647174327	-0.0410892886147	-0.0403820199331	-0.0630045707344	0.0432163340417	-0.00266408703031	0.0047312063	-0.0358947219697	0.011737843552
k__Bacteria;p__Bacteroidetes;c__Bacteroidia;o__Bacteroidales;f__Odoribacteraceae;g__Odoribacter;s__Odoribacter_splanchnicus	0.0564765839913	-0.0624836909683	-0.0474104664542	-0.105493848812	-0.0487137173382	-0.0241612543583	-0.015827587886	-0.00769019343644	-0.0726767244462	0.0591452794309	-0.0593565609353	0.0243119026908	-0.0100392667302	-0.00057158412593	0.0134585169558	-0.0300457307164	-0.0165032475815	0.0212655962126	-0.00392410547981	1.0	0.0349452181399	0.0116812981425	0.00560962502152	0.00495806686286	0.057404081012	1.85399068513e-05	-0.00890925124677	-0.0132197068453	0.0248507139749	0.00459274388269	0.0178554407072	0.0454755892404	0.00874997123575	0.00562554244863	0.00228832473778	-0.0362007823143	-0.00434802937638	-0.0177275935904	0.0194661557899	0.00564574349499	-0.0654280108702	0.00676821395704	0.0163453419288	0.0443140121376	-0.0556352044875	-0.0481777612612	0.0185359738624	-0.00191577091609	0.0151117400421	-0.069995628839	-0.00766364117809	0.0196132841043	0.0199837686	-0.107360253553	-0.036445963633	-0.038311040111	0.0334797518574	-0.00960555116718	-0.0349038838689
k__Bacteria;p__Bacteroidetes;c__Bacteroidia;o__Bacteroidales;f__Bacteroidaceae;g__Bacteroides;s__Bacteroides_salyersiae	-0.0174386511117	0.0208133463122	-0.00524761572547	-0.0229144303974	-0.00223405013863	0.0283596895792	-0.0226535554053	0.0542683004815	-0.0158265116353	-0.0687658435646	-0.0916503115246	-0.0347692324239	-0.0545172609833	0.042487752619	-0.070106035705	-0.0223632307005	0.0334346829285	0.0343807428459	-0.0183430339397	0.0349452181399	1.0	-0.0121132028764	-0.0394560306059	0.0238265788755	-0.0300873664664	0.0335078465907	-0.00976414739512	0.0365297161134	-0.0215139920724	-0.0265765098402	0.0405717621045	0.0153555844135	0.00634280809943	-0.00328188741615	0.00230179934154	0.0269476440478	0.0659085710767	0.0107500521803	0.0143866931055	-0.0148422880728	0.00155873414426	-0.00902107208567	-0.00807326967773	0.000495322066372	0.00846988550578	0.0747199509626	-0.0711944542761	0.0149408030376	0.0229628888506	-0.0241436348421	-0.0803909312139	-0.0617083214824	-0.0183118371366	-0.0286092845975	-0.00834600324204	0.00528329357327	0.0592857681829	-0.0547928693219	0.00247135635568
k__Bacteria;p__Firmicutes;c__Clostridia;o__Clostridiales;f__Ruminococcaceae;g__Ruminiclostridium;s__[Eubacterium]_siraeum	-0.0465463599195	-0.0626856738069	-0.0289729148299	-0.0142227264836	-0.0209866676679	0.0336341045329	-0.0287655006853	0.025539775103	-0.0167843257195	0.0334645916368	-0.0868897207957	-0.0273367225263	0.0321575685579	-0.0620459412409	0.0272488340066	-0.0269752754053	0.0192206664119	0.0291596143394	-0.0681869537583	0.0116812981425	-0.0121132028764	1.0	0.00638200316763	-0.0400861051727	-0.00911034725506	-0.0579765120912	-0.00905958563033	0.00487207224674	0.0269850681578	0.0270185077974	-0.0484205387927	-0.0111913995958	0.0717895609242	0.034259148459	-0.0266385122553	0.0182965971701	-0.00298011509659	0.0234257517079	-0.00691798338429	-0.0292480552891	0.0536707210805	-0.000792414657339	0.00733504685561	-0.0261569135741	0.0357375514512	0.00828869656896	-0.00321761828555	-0.00842496805017	0.00183290312615	-0.0306430268555	0.047183647179	-0.0166206452003	-0.0227125313083	-0.0151964442192	-0.0493292503041	-0.0217720133622	-0.0143238001217	0.020531841039	-0.00268009262819
k__Bacteria;p__Proteobacteria;c__Betaproteobacteria;o__Burkholderiales;f__Sutterellaceae;g__Parasutterella;s__Parasutterella_excrementihominis	-0.0234454618532	0.0571404158072	0.0293240289912	-0.0011933090433	-0.0396729849191	0.0399340202862	-0.0414341935934	0.025360460088	0.0203005772694	0.0378131330172	0.0274813918365	-0.0580921311341	0.00919902040686	-0.0158050325854	0.0101574125541	-0.0211848870753	0.027123078016	-0.00716152471883	0.0123022268272	0.00560962502152	-0.0394560306059	0.00638200316763	1.0	-0.0505266677434	0.0243177444144	-0.0297488097823	0.030059056069	0.0224676229127	-0.0498166111598	0.0145296425104	0.0047083843129	-0.0384320811808	-0.0243062786379	-0.0347681154373	-0.00419926523314	-0.0427311553468	-0.00673618353445	0.0542870095417	0.00750223889584	-0.0851922340394	-0.0553736115002	-0.0250887831381	0.0228545649088	0.0527396642876	0.0471280881562	0.0175693352427	0.00426255385099	-0.0207553093448	-0.0121663516652	0.0431249635141	0.0501247869834	-0.0286601253879	-0.0606514515597	0.0226653547208	-0.0177971625137	0.00670178786798	-0.0286129118897	0.0252043299733	-0.063674828838
k__Bacteria;p__Actinobacteria;c__Actinobacteria;o__Bifidobacteriales;f__Bifidobacteriaceae;g__Bifidobacterium;s__Bifidobacterium_adolescentis	0.0503333418983	-0.0145855622424	0.0217622923195	-0.00443159799293	0.0169817707835	-0.11241085131	-0.00163958988592	-0.00439948990655	-0.0215092311977	-0.0158940983886	0.010722551651	-0.042815860216	0.00616261789341	-0.00510791285295	0.0439614138657	0.0134572964868	-0.0356806708461	0.0171021308322	-0.0372530853955	0.00495806686286	0.0238265788755	-0.0400861051727	-0.0505266677434	1.0	0.0121110800716	0.0136996553057	0.0206049367032	0.00458965831047	-0.00181967273498	0.00102380778393	-0.0127166334363	-0.00624075676311	-0.0130823133743	0.0283928396506	0.024117928595	-0.0110779628947	0.0146577749332	-0.00493344128308	-0.0106446084573	-0.00283744743878	-0.0247341143926	-0.00386255837174	0.0168378442712	0.047600969472	-0.0573179952462	0.0387807425046	-0.090202912389	-0.0370317521113	-0.0262905649197	-0.0112773578078	-0.0609597006885	0.0346041447748	-0.0264002073742	0.00760928059752	-0.0251617344492	-0.0639508606636	-0.0255723303637	0.0246700725516	0.026416245125
k__Bacteria;p__Firmicutes;c__Clostridia;o__Clostridiales;f__Oscillospiraceae;g__Oscillibacter;s__Oscillibacter_sp._KLE_1745	0.003069258437	-0.0176080987525	0.0273769634223	0.00861687700239	-0.0458515081921	0.0062299474368	0.00554243062361	-0.00497983709147	-0.0223328515992	0.0199076570872	-0.0721272135544	0.0116628426567	-0.0326787932727	-0.0157924219443	0.014593166288	-0.0226519640538	0.062592685124	0.0501410378668	0.00820335905635	0.057404081012	-0.0300873664664	-0.00911034725506	0.0243177444144	0.0121110800716	1.0	0.00510329782778	-0.0125619826245	-0.0401869414577	-0.0198101879866	-0.0026154804866	0.122996364145	-0.0286531311149	0.0341901574856	0.0144900362803	-0.0107528200651	0.0689892569949	0.0259972559894	-0.0297742350843	-0.076856236183	0.0269234320092	-0.0130747657674	0.0211142123537	-0.0294409675402	-0.00868072802502	-0.0112636489688	-0.0206493198165	-0.0290515943511	0.0333687580093	-0.00814581691676	0.00829366004134	-0.032961755737	0.00366425170038	0.0279562112198	-0.0530290115885	0.0610473526682	-0.0341531368	0.0017922491053	-0.0196919383329	-0.0396702872376
k__Bacteria;p__Bacteroidetes;c__Bacteroidia;o__Bacteroidales;f__Bacteroidaceae;g__Bacteroides;s__Bacteroides_coprophilus	0.0252152883018	-0.0271625750421	-0.0302948625679	0.00452164846553	-0.0560104408859	0.00206457401576	0.0159445931176	-0.0263715579526	-0.0356579842479	-0.0168206894206	0.072819359273	-0.0121865331008	-0.0094246456545	0.0774327111922	-0.0281148253312	0.0109932190032	-0.0127925300134	-0.00795583823427	0.00127383507844	1.85399068511e-05	0.0335078465907	-0.0579765120912	-0.0297488097823	0.0136996553057	0.00510329782778	1.0	0.0283492092435	0.0285397624707	0.0157220669163	-0.0619691594537	0.0250574184138	-0.0235344401261	0.0338935281368	-0.0204174937672	-0.0596319913255	0.0127948132099	-0.0412949313212	-0.0356217176196	0.00450734821691	-0.0141168327405	-0.0215872388852	-0.0263413517084	-0.0309732720921	0.0301989897256	-0.0153354305168	0.0313595543014	0.00423705198667	0.0239990746279	0.0311919914434	0.0217136725406	-0.0563460186048	-0.0313242137959	-0.0353244483762	-0.0193849668524	0.00423840225127	-0.0381393197274	0.0286652885037	0.0104565847471	-0.010489390037
k__Bacteria;p__Firmicutes;c__Clostridia;o__Clostridiales;f__Lachnospiraceae;g__Roseburia;s__Roseburia_intestinalis	0.0191445592263	0.0303702011879	-0.0507386312364	-0.0235152185445	0.0504876426698	-0.0153247463546	-0.0613592871442	-0.0486605462019	-0.0689316488599	0.0344975334098	-0.0151380369562	0.0436693876125	0.0316889915691	-0.0129102796668	0.0138195434071	-0.0691410558358	-0.0479654411656	0.0347639954322	-0.0256414470228	-0.00890925124677	-0.00976414739512	-0.00905958563033	0.030059056069	0.0206049367032	-0.0125619826245	0.0283492092435	1.0	-0.0275050914523	-0.0453321567122	-0.00464704878551	-0.0899945053144	-0.0244045496037	-0.0510209179258	0.0199347283871	0.0294332252228	-0.0105615273761	0.016909553576	-0.00136472655484	0.0265977748124	-0.047848273928	-0.0754043946554	-0.0703119306112	0.0766252918415	0.0331157450871	0.0451426708883	-0.0504186118235	-0.00266927607585	-0.0121105495383	-0.0160874356679	-0.024761864714	-0.01121701552	0.0604206047235	0.0139028214556	0.00714974038468	-0.023399299224	-0.0450189897194	0.0287584657913	-0.0031337698042	-0.0155416495611
k__Bacteria;p__Firmicutes;c__Clostridia;o__Clostridiales;f__Lachnospiraceae;g__Roseburia;s__Roseburia_hominis	-0.0448312714662	-0.0105628651896	-0.0691201503666	0.0438673657996	-0.0692872014941	0.0382046813644	-0.0788511696778	0.0031687434454	-0.0354900933259	-0.0249510919124	-0.0611933308803	0.0212691380379	0.000475571323164	-0.0267158383949	0.0190519396627	0.020760023422	-0.00793851567689	0.0137851314661	0.0272199300625	-0.0132197068453	0.0365297161134	0.00487207224674	0.0224676229127	0.00458965831047	-0.0401869414577	0.0285397624707	-0.0275050914523	1.0	0.038111654526	-0.039225086999	-0.00323998199232	-0.0287137998465	0.00405374736652	-0.0220022087408	0.00961000166511	-0.0283725676161	-0.0434272066496	0.0536863545339	0.0151564134845	-0.0174030500181	0.0399573086011	0.0562573546617	-0.00366820569911	0.00456420032446	-0.0881895671718	-0.0142017111291	-0.086046135343	-0.0566300773265	-0.0491327444934	0.0390150536951	-0.0215082012625	-0.00411242054411	-0.0264187300824	-0.00985368256299	0.00438985637543	0.0111918764063	0.00345529971916	-0.0236238727475	-0.0262122753989
k__Bacteria;p__Bacteroidetes;c__Bacteroidia;o__Bacteroidales;f__Porphyromonadaceae;g__Parabacteroides;s__Parabacteroides_johnsonii	0.00680688961156	-0.0143288894195	0.0432805149166	-0.044313871054	-0.0124907715219	-0.0214838643588	-0.00903413542998	0.0645760025559	0.00186757701771	-0.0287342617791	-0.03424143193	-0.0191348145065	-0.0374425079399	-0.00423929568932	-0.0425473263674	-0.00723186255168	0.00924702245988	0.00833646299075	0.0251049500784	0.0248507139749	-0.0215139920724	0.0269850681578	-0.0498166111598	-0.00181967273498	-0.0198101879866	0.0157220669163	-0.0453321567122	0.038111654526	1.0	0.0117481882372	0.00999010884456	-0.0137856626106	0.0179421433668	-0.0159050690267	0.00136339082486	-0.0656573844272	0.0206445137117	-0.0100198863748	-0.0250009066902	-0.0100664053499	-0.00934668434396	0.0249464208227	0.000901561425879	-0.00382499205947	-0.000390552534489	-0.061769049605	-0.0228993970442	-8.64695842426e-05	-0.0356838160769	-0.000357414962235	-0.00456581124192	0.0177001233001	0.0181310594083	0.0545517989578	0.033581273855	0.0188054956944	0.029890123022	0.0172179808156	0.00638647978333
k__Bacteria;p__Actinobacteria;c__Actinobacteria;o__Bifidobacteriales;f__Bifidobacteriaceae;g__Bifidobacterium;s__Bifidobacterium_longum	-0.00277927595806	0.0455543467875	-0.0228440615448	-0.0194885885512	-0.0575623650192	-0.035567321467	0.0289461067275	-0.000675384609986	0.0314410233891	-0.0158558858567	-0.0031659774272	-0.0343872821467	0.0219980915234	0.00928849170159	-0.010543165311	-0.0136361782859	0.0140537884601	0.0069369002196	-0.0244032311514	0.00459274388269	-0.0265765098402	0.0270185077974	0.0145296425104	0.00102380778393	-0.0026154804866	-0.0619691594537	-0.00464704878551	-0.039225086999	0.0117481882372	1.0	-0.0318177912659	-0.0884212684897	-0.0235150975031	0.0105500002283	0.0187189077987	-0.00314404854901	-0.0319983529769	-0.000890640600145	-0.00603839614169	-0.026263690149	-0.00778024683107	-0.0145937626672	-0.0419995788117	0.0457358528729	-0.0326939534109	-0.0238525995303	-0.0219612584443	0.019898285478	0.0214267060977	-0.00608856280091	0.0601962720997	-0.00633597473368	-0.0289292590108	0.0590657818025	0.0132963658813	0.0167117583508	-0.0290365730156	-0.0145684670578	-0.0158183341085
