#taxonomy	k__Bacteria;p__Bacteroidetes;c__Bacteroidia;o__Bacteroidales;f__Bacteroidaceae;g__Bacteroides;s__Bacteroides_vulgatus	k__Bacteria;p__Bacteroidetes;c__Bacteroidia;o__Bacteroidales;f__Bacteroidaceae;g__Bacteroides;s__Bacteroides_uniformis	k__Bacteria;p__Bacteroidetes;c__Bacteroidia;o__Bacteroidales;f__Rikenellaceae;g__Alistipes;s__Alistipes_putredinis	k__Bacteria;p__Bacteroidetes;c__Bacteroidia;o__Bacteroidales;f__Prevotellaceae;g__Prevotella;s__Prevotella_copri	k__Bacteria;p__Bacteroidetes;c__Bacteroidia;o__Bacteroidales;f__Bacteroidaceae;g__Bacteroides;s__Bacteroides_stercoris	k__Bacteria;p__Bacteroidetes;c__Bacteroidia;o__Bacteroidales;f__Bacteroidaceae;g__Bacteroides;s__Bacteroides_ovatus	k__Bacteria;p__Bacteroidetes;c__Bacteroidia;o__Bacteroidales;f__Rikenellaceae;g__Alistipes;s__Alistipes_shahii	k__Bacteria;p__Firmicutes;c__Clostridia;o__Clostridiales;f__Ruminococcaceae;g__Faecalibacterium;s__Faecalibacterium_prausnitzii	k__Bacteria;p__Bacteroidetes;c__Bacteroidia;o__Bacteroidales;f__Rikenellaceae;g__Alistipes;s__Alistipes_finegoldii	k__Bacteria;p__Bacteroidetes;c__Bacteroidia;o__Bacteroidales;f__Porphyromonadaceae;g__Parabacteroides;s__Parabacteroides_distasonis	k__Bacteria;p__Bacteroidetes;c__Bacteroidia;o__Bacteroidales;f__Bacteroidaceae;g__Bacteroides;s__Bacteroides_thetaiotaomicron	k__Bacteria;p__Bacteroidetes;c__Bacteroidia;o__Bacteroidales;f__Bacteroidaceae;g__Bacteroides;s__Bacteroides_coprocola	k__Bacteria;p__Bacteroidetes;c__Bacteroidia;o__Bacteroidales;f__Bacteroidaceae;g__Bacteroides;s__Bacteroides_cellulosilyticus	k__Bacteria;p__Bacteroidetes;c__Bacteroidia;o__Bacteroidales;f__Rikenellaceae;g__Alistipes;s__Alistipes_obesi	k__Bacteria;p__Firmicutes;c__Clostridia;o__Clostridiales;f__Lachnospiraceae;g__;s__[Eubacterium]_rectale	k__Bacteria;p__Bacteroidetes;c__Bacteroidia;o__Bacteroidales;f__Bacteroidaceae;g__Bacteroides;s__Bacteroides_plebeius	k__Bacteria;p__Bacteroidetes;c__Bacteroidia;o__Bacteroidales;f__Bacteroidaceae;g__Bacteroides;s__Bacteroides_fragilis	k__Bacteria;p__Proteobacteria;c__Betaproteobacteria;o__Burkholderiales;f__Sutterellaceae;g__Sutterella;s__Sutterella_wadsworthensis	k__Bacteria;p__Bacteroidetes;c__Bacteroidia;o__Bacteroidales;f__Porphyromonadaceae;g__Barnesiella;s__Barnesiella_intestinihominis	k__Bacteria;p__Bacteroidetes;c__Bacteroidia;o__Bacteroidales;f__Odoribacteraceae;g__Odoribacter;s__Odoribacter_splanchnicus	k__Bacteria;p__Bacteroidetes;c__Bacteroidia;o__Bacteroidales;f__Bacteroidaceae;g__Bacteroides;s__Bacteroides_salyersiae	k__Bacteria;p__Firmicutes;c__Clostridia;o__Clostridiales;f__Ruminococcaceae;g__Ruminiclostridium;s__[Eubacterium]_siraeum	k__Bacteria;p__Proteobacteria;c__Betaproteobacteria;o__Burkholderiales;f__Sutterellaceae;g__Parasutterella;s__Parasutterella_excrementihominis	k__Bacteria;p__Actinobacteria;c__Actinobacteria;o__Bifidobacteriales;f__Bifidobacteriaceae;g__Bifidobacterium;s__Bifidobacterium_adolescentis	k__Bacteria;p__Firmicutes;c__Clostridia;o__Clostridiales;f__Oscillospiraceae;g__Oscillibacter;s__Oscillibacter_sp._KLE_1745	k__Bacteria;p__Bacteroidetes;c__Bacteroidia;o__Bacteroidales;f__Bacteroidaceae;g__Bacteroides;s__Bacteroides_coprophilus	k__Bacteria;p__Firmicutes;c__Clostridia;o__Clostridiales;f__Lachnospiraceae;g__Roseburia;s__Roseburia_intestinalis	k__Bacteria;p__Firmicutes;c__Clostridia;o__Clostridiales;f__Lachnospiraceae;g__Roseburia;s__Roseburia_hominis	k__Bacteria;p__Bacteroidetes;c__Bacteroidia;o__Bacteroidales;f__Porphyromonadaceae;g__Parabacteroides;s__Parabacteroides_johnsonii	k__Bacteria;p__Actinobacteria;c__Actinobacteria;o__Bifidobacteriales;f__Bifidobacteriaceae;g__Bifidobacterium;s__Bifidobacterium_longum	k__Bacteria;p__Firmicutes;c__Clostridia;o__Clostridiales;f__;g__Flavonifractor;s__Flavonifractor_plautii	k__Bacteria;p__Firmicutes;c__Clostridia;o__Clostridiales;f__Clostridiaceae;g__Clostridium;s__Clostridium_phoceensis	k__Bacteria;p__Verrucomicrobia;c__Verrucomicrobiae;o__Verrucomicrobiales;f__Akkermansiaceae;g__Akkermansia;s__Akkermansia_muciniphila	k__Bacteria;p__Bacteroidetes;c__Bacteroidia;o__Bacteroidales;f__Prevotellaceae;g__Paraprevotella;s__Paraprevotella_xylaniphila	k__Bacteria;p__Firmicutes;c__Clostridia;o__Clostridiales;f__Ruminococcaceae;g__Ruminococcus;s__Ruminococcus_callidus	k__Bacteria;p__Bacteroidetes;c__Bacteroidia;o__Bacteroidales;f__Rikenellaceae;g__Alistipes;s__Alistipes_senegalensis	k__Bacteria;p__Firmicutes;c__Clostridia;o__Clostridiales;f__Lachnospiraceae;g__Blautia;s__Blautia_sp._KLE_1732	k__Bacteria;p__Bacteroidetes;c__Bacteroidia;o__Bacteroidales;f__Bacteroidaceae;g__Bacteroides;s__Bacteroides_oleiciplenus	k__Bacteria;p__Firmicutes;c__Clostridia;o__Clostridiales;f__Ruminococcaceae;g__Ruminococcus;s__Ruminococcus_bicirculans	k__Bacteria;p__Bacteroidetes;c__Bacteroidia;o__Bacteroidales;f__Bacteroidaceae;g__Bacteroides;s__Bacteroides_fluxus	k__Bacteria;p__Bacteroidetes;c__Bacteroidia;o__Bacteroidales;f__Prevotellaceae;g__Prevotella;s__Prevotella_stercorea	k__Bacteria;p__Firmicutes;c__Clostridia;o__Clostridiales;f__Lachnospiraceae;g__Dorea;s__Dorea_longicatena	k__Bacteria;p__Firmicutes;c__Clostridia;o__Clostridiales;f__Eubacteriaceae;g__Eubacterium;s__[Eubacterium]_eligens	k__Bacteria;p__Firmicutes;c__Clostridia;o__Clostridiales;f__Ruminococcaceae;g__;s__Ruminococcaceae_bacterium_D16	k__Bacteria;p__Firmicutes;c__Clostridia;o__Clostridiales;f__Lachnospiraceae;g__Coprococcus;s__Coprococcus_comes	k__Bacteria;p__Proteobacteria;c__Gammaproteobacteria;o__Enterobacterales;f__Enterobacteriaceae;g__Escherichia;s__Escherichia_coli	k__Bacteria;p__Firmicutes;c__Clostridia;o__Clostridiales;f__Ruminococcaceae;g__Anaerotruncus;s__Anaerotruncus_colihominis	k__Bacteria;p__Firmicutes;c__Clostridia;o__Clostridiales;f__Lachnospiraceae;g__Blautia;s__Blautia_obeum	k__Bacteria;p__Bacteroidetes;c__Bacteroidia;o__Bacteroidales;f__Odoribacteraceae;g__Odoribacter;s__Odoribacter_laneus	k__Bacteria;p__Firmicutes;c__Clostridia;o__Clostridiales;f__Ruminococcaceae;g__Ruminiclostridium;s__[Clostridium]_leptum	k__Bacteria;p__Bacteroidetes;c__Bacteroidia;o__Bacteroidales;f__Porphyromonadaceae;g__Parabacteroides;s__Parabacteroides_goldsteinii	k__Bacteria;p__Firmicutes;c__Clostridia;o__Clostridiales;f__Lachnospiraceae;g__Anaerostipes;s__Anaerostipes_hadrus	k__Bacteria;p__Firmicutes;c__Clostridia;o__Clostridiales;f__Ruminococcaceae;g__Ruminococcus;s__Ruminococcus_lactaris	k__Bacteria;p__Firmicutes;c__Clostridia;o__Clostridiales;f__Clostridiaceae;g__Clostridium;s__Clostridium_sp._L2-50	k__Bacteria;p__Firmicutes;c__Clostridia;o__Clostridiales;f__Clostridiaceae;g__Clostridium;s__Clostridium_sp._M62/1	k__Bacteria;p__Firmicutes;c__Clostridia;o__Clostridiales;f__;g__Intestinimonas;s__Intestinimonas_butyriciproducens	k__Bacteria;p__Actinobacteria;c__Actinobacteria;o__Bifidobacteriales;f__Bifidobacteriaceae;g__Bifidobacterium;s__Bifidobacterium_bifidum	k__Bacteria;p__Firmicutes;c__Negativicutes;o__Veillonellales;f__Veillonellaceae;g__Dialister;s__Dialister_invisus	k__Bacteria;p__Bacteroidetes;c__Bacteroidia;o__Bacteroidales;f__Bacteroidaceae;g__Bacteroides;s__Bacteroides_salanitronis
k__Bacteria;p__Bacteroidetes;c__Bacteroidia;o__Bacteroidales;f__Bacteroidaceae;g__Bacteroides;s__Bacteroides_vulgatus	1.0	-0.081247318349	-0.00720064526976	0.0144010153486	0.011897551778	-0.00564711681217	0.00828481660213	-0.0182709705861	0.0311567549089	-0.0773023988823	-0.0481375751634	0.0341612741435	-0.0294677055593	-0.00497364483188	-0.00822753560637	-0.0240279120575	0.00647794976756	-0.020156872686	0.00827735074298	-0.0548639377899	0.0409525178216	-0.00496909084789	-0.0203597422084	-0.0408322020928	0.0436312932981	0.0231743843451	-0.0482786057748	0.0150209256708	-0.0188796101333	-0.0221466141621	-0.0123411062526	0.0197533459228	0.018610045375	0.0453014245008	0.00633108955409	-0.0231912769096	-0.0672296175006	0.0538801830833	-0.0386734027617	0.0148141462825	-0.0220984129664	0.00260882614448	-0.0301963014069	-0.047679694469	-0.0304294658598	0.0402295286358	-0.0197447555357	-0.00961085627401	0.0191083969467	0.00428410855561	-0.0477043464448	0.050232141471	0.0161883013433	-0.0386983264747	-0.0287124069517	-0.0121154020652	0.0599398057771	0.00999041204526	0.0471762405883
k__Bacteria;p__Bacteroidetes;c__Bacteroidia;o__Bacteroidales;f__Bacteroidaceae;g__Bacteroides;s__Bacteroides_uniformis	-0.081247318349	1.0	-0.0499574550028	-0.0385284250953	-0.00942312106276	0.00971829487061	-0.0227132094055	0.0433624492305	0.0196390992165	0.0237179271779	0.0181587935461	0.00669842821237	-0.0199497275987	-0.0519619635078	0.017806887187	-0.0498574733275	-0.0142250808791	-0.00279618350995	-0.0433625638199	0.013922927316	-0.019119259541	0.02153835551	0.0220038193479	-0.041335131661	0.0193669899212	-0.00328378996156	-0.00227073208589	-0.0715009034409	-0.0408424317468	0.038420800662	-0.0152449060957	-0.0211839220543	0.0343748648119	-0.04692619167	-0.00852650494444	-0.00953518730311	0.00272250159191	0.0194762484722	0.00945692797302	0.00305340613249	0.0148074080841	-0.0178410608304	-0.0047861413293	-0.0333836080608	0.00135186970081	-0.0269797376389	-0.0277663740596	0.0056234165208	-0.0408336619344	-0.0133728571895	-0.0507043102745	0.0286935404974	0.0197406850119	-0.0339106389205	-0.0354009237429	-0.025590932789	0.0206627042647	0.0129782960696	0.0117512494333
k__Bacteria;p__Bacteroidetes;c__Bacteroidia;o__Bacteroidales;f__Rikenellaceae;g__Alistipes;s__Alistipes_putredinis	-0.00720064526976	-0.0499574550028	1.0	-0.0327538983468	0.0190688925396	-0.0363342897506	0.00632044156557	-0.0681393189237	-0.00287087760575	-0.0346650406229	-0.00250942025787	0.0391898129006	0.0292750742055	0.00723355992526	0.00937129667045	-0.0340286793786	0.0468292446175	-0.0103617987569	-0.00863897603635	-0.0258502357191	-0.0158415168927	-0.0339124719659	0.0477180177761	0.0067962223408	-0.0140886974972	0.023913944326	-0.0692263796941	-0.0353974531286	-0.0343724901689	-0.00120907356339	0.0497981992851	0.0364439936997	-0.0315002246887	-0.053517173526	-0.0211685295	0.0138532037725	-0.0418891609293	0.0118190733143	0.0641169201853	-0.0323174040958	-0.00369247810245	0.00101654807464	0.0162598579601	-0.00878589929011	-0.0486562775048	0.0294508324696	-0.0490551262757	-0.0539732016715	0.00549526935019	-0.0301422143163	0.0363713286909	0.0188569865198	-0.0323470244161	-0.0188322943152	0.0645420900415	0.0379428478879	-0.0512188579193	0.00012706956649	-0.029191945759
k__Bacteria;p__Bacteroidetes;c__Bacteroidia;o__Bacteroidales;f__Prevotellaceae;g__Prevotella;s__Prevotella_copri	0.0144010153486	-0.0385284250953	-0.0327538983468	1.0	-0.0303132186885	-0.0679794108054	0.0154057673449	0.0307117146256	0.0261432315088	0.00858937262069	0.0354902493981	-0.0157603185283	-0.0064782737093	0.00298501994158	-0.0187565341562	0.0584748663859	-0.033399316319	-0.0474944169471	-0.030437809331	-0.0773783783275	-0.0577891325569	-0.0232036967985	0.00674137828757	0.00225556867775	-0.0631632999365	-0.0405592173474	-0.0193401234875	-0.0379076043642	0.0474179978519	-0.0683964133221	-0.0376920918703	0.0476057495933	0.00509546893247	-0.00691034294631	0.0115158765327	-0.0222100913769	-0.00315738031131	0.00649600559285	-0.0160462960843	0.0365141994606	0.0157791014291	0.00682396285251	0.0280620479027	0.00967045468995	0.0701132270539	-0.0733270758766	0.0188998207742	-0.10728858856	-0.035192129254	-0.0560602617361	0.0724105441243	-0.0739210739318	0.0097710275339	-0.0310171294323	0.00903636253575	0.0303135923926	0.0283202286295	0.00748032020029	0.0128194515804
k__Bacteria;p__Bacteroidetes;c__Bacteroidia;o__Bacteroidales;f__Bacteroidaceae;g__Bacteroides;s__Bacteroides_stercoris	0.011897551778	-0.00942312106276	0.0190688925396	-0.0303132186885	1.0	-0.0151171513663	-0.0309455874332	-0.0133318913663	0.0339486779574	0.0873113390308	-0.00245714178329	0.0229348440686	-0.00747897596916	0.0195265387084	-0.0476614721723	0.0497456026799	-0.038859927252	0.0174775242016	-0.029803734633	0.0165415035067	0.0196491065299	-0.00854939433081	0.0214087040922	-0.0129806805746	-0.000250260287705	0.0202323661346	-0.016694931406	-0.0312935675788	-0.0376192859367	0.0555268961045	0.0113317462762	0.0267823086898	0.00864486327293	-0.0301726556616	0.0692277829212	-0.0251553828984	-0.0337404551158	0.00217348092934	-0.0213514131	-0.0115583470379	0.0228977036255	0.000779544869262	-0.0291481465258	-0.0296213806154	0.017958131757	0.00853475470026	-0.0304609038836	0.0387077734408	0.00280007976434	0.0150033536449	-0.0826889211614	-0.0119814553364	0.0120860245119	-0.054630837372	-0.0164221120916	-0.0340642966369	-0.00552605810017	-0.0094236073051	0.0269849278011
k__Bacteria;p__Bacteroidetes;c__Bacteroidia;o__Bacteroidales;f__Bacteroidaceae;g__Bacteroides;s__Bacteroides_ovatus	-0.00564711681217	0.00971829487061	-0.0363342897506	-0.0679794108054	-0.0151171513663	1.0	0.073930006163	-0.0246122969035	-0.0500296047677	-0.0508447091126	-0.0400601949005	-0.0546837619735	0.0567677912654	-0.00276478776205	-0.0520504419824	0.0144551548296	-0.0111871882453	-0.0507491354137	-0.00766585283631	0.00128662636488	-0.0280363934878	0.0292632924706	0.0402135827848	0.0135923986059	0.00714588796279	0.0516241258591	-0.00389765759716	-0.0381678325705	0.0662009961513	0.0102562981772	-0.0819330790515	-0.00746465018289	-0.0179570047647	0.0302776766362	-0.0381713222314	0.0750050560363	-0.0694167553966	-0.0356077122887	-0.0133147616523	-0.0161208248164	-0.0508080031299	0.0253819672998	0.0587123257641	0.0193275359558	-0.0437239516526	-0.0422137578617	0.0342162512712	0.0365846301764	-0.000437185124369	0.0215197666968	-0.011848022474	0.0355053293204	-0.0636627048035	-0.0730881774845	0.0210695680689	-0.0161536560301	0.0533657941893	0.0593721590735	0.0531587577039
k__Bacteria;p__Bacteroidetes;c__Bacteroidia;o__Bacteroidales;f__Rikenellaceae;g__Alistipes;s__Alistipes_shahii	0.00828481660213	-0.0227132094055	0.00632044156557	0.0154057673449	-0.0309455874332	0.073930006163	1.0	0.00774082101829	0.00562829489938	-0.0290666624819	-0.044758385294	0.00797280563617	-0.044832606567	-0.0272449550666	-0.0398135394502	0.0471236864154	0.0328040325027	-0.00227407592728	0.0145201107165	-0.0121025520407	0.0192996348449	-0.0299883377105	0.014373965898	-0.0264914986191	0.000477244569528	-0.0513415777394	0.0191018690248	-0.0456804037889	0.0100651273598	0.0381943523426	-0.0273694644625	0.00673874010887	0.0231330979508	-0.0145680081768	-0.00597716933201	-0.0618953270502	0.0230457124481	-0.00502343981343	-0.0020610194434	-0.039840175	-0.0556133384586	0.00650376033372	-0.00141843842752	0.00502804507226	0.0133902832449	0.0363508779651	-0.0374301891002	0.000460626383854	-0.0651071304212	-0.0291712442318	0.00283790942331	-0.00841284557183	-0.0160378711847	-0.0203323222919	0.0278356287475	0.0338153529124	-0.00051211571021	0.0208678027684	-0.0284857288222
k__Bacteria;p__Firmicutes;c__Clostridia;o__Clostridiales;f__Ruminococcaceae;g__Faecalibacterium;s__Faecalibacterium_prausnitzii	-0.0182709705861	0.0433624492305	-0.0681393189237	0.0307117146256	-0.0133318913663	-0.0246122969035	0.00774082101829	1.0	-0.0065103224452	-0.040375525373	0.0212490220471	0.00162741882389	0.0123314174162	0.0114110992045	0.0410720835809	-0.0191765007646	-0.043733753241	-0.0233802317039	0.00198611055807	-0.00859001409696	-0.028308524668	-0.0107091989198	-0.0182644353425	0.0193656350908	-0.0354864134932	-0.0358127159639	-0.0149594518112	0.0361851942369	-0.0348468475816	-0.013360277434	0.06025641241	-0.0825742619615	-0.00334922624054	0.0700598072677	-0.0109786242624	0.0565335114633	0.00387098168052	0.055519340411	0.0532534461036	0.007285318736	0.00093415838672	-0.0173679646977	-0.0216036495343	0.0305948809223	-0.0103856642928	-0.00399723038724	0.0509939124156	-0.0717603655968	-0.0111224707543	-0.040198009262	0.0147406103052	-0.0774789724821	0.00466815488987	0.0196611028216	-0.0677603740546	-0.0303670128965	0.0280552156344	-0.0353526508931	0.0283887116997
k__Bacteria;p__Bacteroidetes;c__Bacteroidia;o__Bacteroidales;f__Rikenellaceae;g__Alistipes;s__Alistipes_finegoldii	0.0311567549089	0.0196390992165	-0.00287087760575	0.0261432315088	0.0339486779574	-0.0500296047677	0.00562829489938	-0.0065103224452	1.0	-0.00463764883104	0.0463772088916	-0.0284635746836	0.0157882212677	0.0422526781339	-0.00580166531438	0.0305518770948	0.0132295882483	-0.0560641923796	0.0552879461284	0.00168986461536	-0.0118493890059	-0.0391883549406	0.00399261238075	-0.0308094090795	0.0258953855441	-0.00161147134988	0.000508361327533	-0.0110096482393	0.0169909846341	-0.0527792667114	0.00511899314132	0.0393213273346	-0.0386494514241	0.0165790266148	-0.0405571208139	0.00640172476141	-0.0297208011232	0.00419253594966	0.0085436252242	-0.000903467933568	0.0577664390852	-0.0231126613912	-0.041479364996	-0.00613249077597	-0.0106340706075	-0.00158220432942	0.0148462430293	0.00590341978959	0.0171309290262	-0.00610448970862	-0.0446104782098	-0.0594425955613	0.0120029198595	-0.0314752541078	-0.00910254165184	-0.025614525039	0.00486683070914	0.031831009367	0.00385868637277
k__Bacteria;p__Bacteroidetes;c__Bacteroidia;o__Bacteroidales;f__Porphyromonadaceae;g__Parabacteroides;s__Parabacteroides_distasonis	-0.0773023988823	0.0237179271779	-0.0346650406229	0.00858937262069	0.0873113390308	-0.0508447091126	-0.0290666624819	-0.040375525373	-0.00463764883104	1.0	-0.0110290536677	-0.0238764288719	-0.00379117844786	-0.0370026966688	-0.0210964134964	-0.00141648227804	0.0159969596572	-0.0503467065367	0.025532355965	-0.0572643934533	-0.0298659412642	0.0290685141425	0.00513929281791	0.0270662709674	-0.00664645262611	0.0429162132764	0.00572355518712	-0.0680798554397	0.00369548867902	-0.0119715567469	0.0511861360827	0.0109047527141	-0.0978749649863	-0.0222821075698	0.00662642426013	-0.0321143506517	0.0208666988946	0.0195426206648	0.0134673811782	0.00211577693691	0.0144745531356	-0.0391569588144	0.0686507198216	0.0245524197347	-0.0370223894086	0.0670489348413	-0.0029894139547	-0.0215444332806	0.0307359873976	-0.00880353351097	-0.0367003470731	-0.0364408646795	-0.00135417953123	0.0211191322022	-0.0838893069305	-0.0367361647305	-0.0628262025905	0.0183397994069	-0.0326629296137
k__Bacteria;p__Bacteroidetes;c__Bacteroidia;o__Bacteroidales;f__Bacteroidaceae;g__Bacteroides;s__Bacteroides_thetaiotaomicron	-0.0481375751634	0.0181587935461	-0.00250942025787	0.0354902493981	-0.00245714178329	-0.0400601949005	-0.044758385294	0.0212490220471	0.0463772088916	-0.0110290536677	1.0	-0.0975021340253	0.0508698538663	-0.0579926076019	0.00389806616619	-0.0060179855056	-0.0216842661581	0.00914390257128	0.00870812245525	0.0230197231188	0.00554719752489	-0.00286637930231	-0.0298060035318	-0.0359124112804	-0.031678753889	0.021756222246	-0.00654733310442	0.0398439410096	-0.00772621628683	0.0593859376728	0.0116928680519	0.00588024400407	-0.0276317700173	-0.0588590356029	0.0265364965214	-0.080465642546	-0.0154403944808	-0.0268916544788	-0.0491260236104	-0.0524131302357	-0.0188542836607	-0.037164734485	-0.00533495203752	-0.0317402395636	-0.0113636211236	0.0449871152827	0.0262834790934	0.0133745333993	0.0336200277653	-0.0230714775061	0.0400413371199	0.017306042417	-0.00499260984208	0.020488737057	0.0153941529861	0.00173222192197	0.00058190816198	-0.0667327194478	-0.0109611796334
k__Bacteria;p__Bacteroidetes;c__Bacteroidia;o__Bacteroidales;f__Bacteroidaceae;g__Bacteroides;s__Bacteroides_coprocola	0.0341612741435	0.00669842821237	0.0391898129006	-0.0157603185283	0.0229348440686	-0.0546837619735	0.00797280563617	0.00162741882389	-0.0284635746836	-0.0238764288719	-0.0975021340253	1.0	0.0174917254835	0.00200278682101	0.0793974420988	-0.014008575699	0.00822666010054	0.0594488051102	-0.0331564879333	-0.00630181703917	0.064185831575	-0.0624238156468	-0.033478498336	-0.0363727068146	-0.000578171984533	0.0432576031379	0.0104007591065	-0.0713668743355	0.00208108027611	-0.0286358442811	-0.0383936917258	-0.0718486837245	0.0605806156205	0.0466855019488	-0.0309558018196	-0.00986090194238	-0.0495473292919	-0.035599554015	-0.0328530376323	0.0090543423595	-0.0479456291237	-0.00571399299235	-0.00333348387945	-0.0467053422419	-0.00209718842347	0.0160279231251	-0.0358935072058	-0.0248105116455	0.00553348740442	0.0565745200321	0.027638541861	0.0199862661538	-0.0296371468556	0.0257409166198	-0.0110214517331	-0.0515217978512	0.00785600416676	-0.0290415068054	-0.0498408852626
k__Bacteria;p__Bacteroidetes;c__Bacteroidia;o__Bacteroidales;f__Bacteroidaceae;g__Bacteroides;s__Bacteroides_cellulosilyticus	-0.0294677055593	-0.0199497275987	0.0292750742055	-0.0064782737093	-0.00747897596916	0.0567677912654	-0.044832606567	0.0123314174162	0.0157882212677	-0.00379117844786	0.0508698538663	0.0174917254835	1.0	-0.0393612029912	-0.0424125822869	0.0100001299756	0.00649461051989	-0.0137728476098	-0.0102510699474	0.0102038376004	-0.0119921732883	0.0307918405382	0.022273817313	-0.0281802247631	0.0157200516391	-0.0443293010236	-0.0979688250269	-0.0262332424283	0.0903525611603	-0.0552142653657	-0.0189305053874	0.0377823462606	-0.0757530118159	-0.046492209934	-0.0404996148861	-0.0197479996147	-0.0699696516857	-0.0157051822317	0.00425776091599	0.00990930185388	0.046714643373	0.00529081073579	-0.040465884702	0.00635082661916	-0.0294301196906	-0.0392370971854	-0.0160414589647	0.021717618229	-0.0855559928833	-0.0045575637766	-0.0551831343152	-0.0073842252869	-0.035717771729	0.0519317948455	-0.0355961325156	-0.0230151494278	0.0197236760797	-0.0247492024688	-0.0135470877075
k__Bacteria;p__Bacteroidetes;c__Bacteroidia;o__Bacteroidales;f__Rikenellaceae;g__Alistipes;s__Alistipes_obesi	-0.00497364483188	-0.0519619635078	0.00723355992526	0.00298501994158	0.0195265387084	-0.00276478776205	-0.0272449550666	0.0114110992045	0.0422526781339	-0.0370026966688	-0.0579926076019	0.00200278682101	-0.0393612029912	1.0	-0.0728485553662	-0.0638404779803	-0.0427016065361	0.0130041244906	-0.0463793704533	0.0339481388547	0.04622227388	-0.00426134409146	-0.0178564281644	-0.0128224049138	0.00242672929859	-0.00163579266525	-0.015460539213	-0.013251640246	0.0687685521725	-0.0366579025033	-0.0225822161524	0.0117160298168	0.0316085079066	0.0425726668587	-0.0537105080638	-0.0101341686807	0.0497828485066	0.0116400465462	-0.0292923763058	0.0578772788	-0.017297275062	0.0189663561257	-0.0584350038294	-0.0540165113284	-0.0206513526163	-0.0205853630767	-0.0285119795173	0.0659962227003	-0.00388674302115	-0.0571599462702	0.0372264407944	0.00625979089963	-0.00409097550122	0.0133818322967	0.00583333986882	-0.0247664980528	0.0502323312369	0.06647257295	-0.0245786544806
k__Bacteria;p__Firmicutes;c__Clostridia;o__Clostridiales;f__Lachnospiraceae;g__;s__[Eubacterium]_rectale	-0.00822753560637	0.017806887187	0.00937129667045	-0.0187565341562	-0.0476614721723	-0.0520504419824	-0.0398135394502	0.0410720835809	-0.00580166531438	-0.0210964134964	0.00389806616619	0.0793974420988	-0.0424125822869	-0.0728485553662	1.0	-0.0276032874908	-0.0274405308835	0.01457656512	0.0417368450745	-0.0674730217251	-0.00742944505064	0.0494831725051	-0.0217059250842	0.0563067157923	0.0458833445441	0.0515893864621	-0.00206655918154	-0.0497837367865	-0.0458009422428	-0.00825648231972	0.00125308449048	-0.038014006307	0.0135021712786	-0.0511349345447	-0.0520275292695	0.0018409334169	-0.0272056507012	0.0134040869063	-0.0262360240402	0.0586358217765	-0.0121457857122	-0.0254552647942	-0.0293499459291	-0.0256801458446	0.0393494836083	-0.0338351323198	0.0174251519767	0.00274285239298	-0.0314900751346	-0.0150409638912	0.0505304258427	-0.0984995043808	-0.0121387211249	0.0265544332677	0.0514290641372	0.0268804512803	-0.0450232902515	-0.0795965832077	-0.00639810026246
k__Bacteria;p__Bacteroidetes;c__Bacteroidia;o__Bacteroidales;f__Bacteroidaceae;g__Bacteroides;s__Bacteroides_plebeius	-0.0240279120575	-0.0498574733275	-0.0340286793786	0.0584748663859	0.0497456026799	0.0144551548296	0.0471236864154	-0.0191765007646	0.0305518770948	-0.00141648227804	-0.0060179855056	-0.014008575699	0.0100001299756	-0.0638404779803	-0.0276032874908	1.0	0.0196051709526	-0.0606577353602	0.0316834094466	-0.035108196365	-0.0430095414815	-0.0237786880805	0.0257439102595	-0.0117457983788	-0.0205270566751	-0.0575397346839	-0.0217944938478	-0.018076144674	-0.0335784184119	-0.0341219893366	0.0223435565158	-0.0129393978871	0.0617219509188	0.0279289683639	-0.0252004917236	0.0176026932291	-0.0166970480801	-0.044202548192	-0.0401121050436	0.0206979085431	-0.0323520184973	-0.0607464291484	-0.0320776452567	-0.00470691086564	0.0149703780192	0.0355890256981	-0.0221397822576	-0.0320780228579	-0.051626242877	0.0403740439619	0.03584212343	0.0388315672371	-0.00174197681969	-0.016554934302	0.0585937665586	-0.0321450448309	0.00414494918185	-0.0364631791428	0.025435744478
k__Bacteria;p__Bacteroidetes;c__Bacteroidia;o__Bacteroidales;f__Bacteroidaceae;g__Bacteroides;s__Bacteroides_fragilis	0.00647794976756	-0.0142250808791	0.0468292446175	-0.033399316319	-0.038859927252	-0.0111871882453	0.0328040325027	-0.043733753241	0.0132295882483	0.0159969596572	-0.0216842661581	0.00822666010054	0.00649461051989	-0.0427016065361	-0.0274405308835	0.0196051709526	1.0	-0.0569455262317	0.0391285393849	-0.00532195431658	-0.0526029882193	-0.0176279733447	0.0262500803549	-0.0346300600448	-0.024624679472	0.0214583228348	0.0258332142341	0.00649269240406	0.00937914220363	0.00132083581144	0.0793441467858	-0.00924808892383	-0.0911663535504	-0.0231719817379	-0.0415928155261	0.0518464169224	0.0425935756104	-0.0418970205784	0.00978749363795	-0.0433521452311	0.0107771082763	0.00715155250369	0.000903779066323	-0.0514819034635	0.0242364648656	-0.0331308944348	-0.00964132713119	0.0627374578801	0.0143677719754	-0.00654264444169	0.0107710907585	0.0236111874764	-0.0554922609698	0.000320958496449	0.016639593063	-0.0356407115783	-0.0352301249485	-0.00423579971152	-0.0596650204014
k__Bacteria;p__Proteobacteria;c__Betaproteobacteria;o__Burkholderiales;f__Sutterellaceae;g__Sutterella;s__Sutterella_wadsworthensis	-0.020156872686	-0.00279618350995	-0.0103617987569	-0.0474944169471	0.0174775242016	-0.0507491354137	-0.00227407592728	-0.0233802317039	-0.0560641923796	-0.0503467065367	0.00914390257128	0.0594488051102	-0.0137728476098	0.0130041244906	0.01457656512	-0.0606577353602	-0.0569455262317	1.0	-0.0360663294444	-0.0204992616684	0.0130523731749	-0.0138281123743	-0.0181256015386	-0.0291537147073	0.01992585264	-0.0203912093695	0.000993700674763	0.0445339865465	0.0548229686588	-0.0314411291988	-0.0177227183828	0.000120035657787	0.0144834304845	0.0264426084645	0.037209642642	-0.0272194217617	0.00778258879364	-0.00920255736354	-0.0480870406004	0.00119343666794	0.00995560804613	-0.010120152492	-0.0254138838401	-0.0174738696282	-0.0337302304445	0.01390182148	0.0633701770192	-0.0580173268723	0.0788383650019	0.0149503298802	0.0104960381303	-0.0536070214547	0.032454271707	-0.0184437861081	-0.00220342612494	-0.0182913702632	-0.0408864518618	-0.0236090021341	0.0461671808124
k__Bacteria;p__Bacteroidetes;c__Bacteroidia;o__Bacteroidales;f__Porphyromonadaceae;g__Barnesiella;s__Barnesiella_intestinihominis	0.00827735074298	-0.0433625638199	-0.00863897603635	-0.030437809331	-0.029803734633	-0.00766585283631	0.0145201107165	0.00198611055807	0.0552879461284	0.025532355965	0.00870812245525	-0.0331564879333	-0.0102510699474	-0.0463793704533	0.0417368450745	0.0316834094466	0.0391285393849	-0.0360663294444	1.0	-0.0253231186829	0.0193998800058	0.0423015335368	-0.0171867257775	0.0287753886977	-0.0130481890122	0.0169019357854	-0.0197752723524	-0.0113448112135	-0.0249456518862	-0.0533081797391	0.0267746108432	0.0108946870998	-0.0201414032103	0.0150390040941	-0.0364936063798	-0.0728725324523	-0.00872173747245	0.0605415864543	-0.077564477722	0.0652410896016	0.0333606312166	-0.0531592435605	0.012349788942	0.0506026748481	-0.0130535899877	0.0229283350336	0.0475344592576	-0.0285970470639	-0.0196046562596	0.0105098687499	0.00616261715289	0.0317234232417	-0.0435462367408	-0.041383694974	-0.0380937683344	0.0158830540899	-0.0281148253872	-0.0692845213285	-0.0522660190571
k__Bacteria;p__Bacteroidetes;c__Bacteroidia;o__Bacteroidales;f__Odoribacteraceae;g__Odoribacter;s__Odoribacter_splanchnicus	-0.0548639377899	0.013922927316	-0.0258502357191	-0.0773783783275	0.0165415035067	0.00128662636488	-0.0121025520407	-0.00859001409696	0.00168986461536	-0.0572643934533	0.0230197231188	-0.00630181703917	0.0102038376004	0.0339481388547	-0.0674730217251	-0.035108196365	-0.00532195431658	-0.0204992616684	-0.0253231186829	1.0	-0.00442441240342	-0.026320849793	-0.0432338378106	0.00788509338747	-0.00390271304398	-0.00137036934441	0.0147958321892	-0.0160097256101	0.0154724313406	-0.0100952246702	0.00179372536734	-0.0208370833012	0.00496653625475	-0.0683543940144	-0.0176840659159	0.0440429070321	-0.0657622328696	0.022767842069	-0.0183284009678	0.0353788731027	0.0489201209504	-0.0202763949847	0.0327052259338	-0.0075830034426	0.00763755353025	0.038334824954	-0.0189875559322	-0.0910055885986	0.00995918123419	-0.0189722589755	-0.0396508590571	0.00943349921587	-0.0299622156268	-0.0206923936541	0.0103145608061	-0.0517511366785	0.00807402949128	0.00950662919389	-0.0170325342872
k__Bacteria;p__Bacteroidetes;c__Bacteroidia;o__Bacteroidales;f__Bacteroidaceae;g__Bacteroides;s__Bacteroides_salyersiae	0.0409525178216	-0.019119259541	-0.0158415168927	-0.0577891325569	0.0196491065299	-0.0280363934878	0.0192996348449	-0.028308524668	-0.0118493890059	-0.0298659412642	0.00554719752489	0.064185831575	-0.0119921732883	0.04622227388	-0.00742944505064	-0.0430095414815	-0.0526029882193	0.0130523731749	0.0193998800058	-0.00442441240342	1.0	-0.0308280471981	-0.0217384379395	-0.017339836928	0.0254638413077	-0.0162613255902	0.0130231419735	0.00664730858514	-0.00187727633766	0.0172421126552	0.00648460952421	-0.0293936996529	-0.0214893701377	-0.0485804087368	-0.00996944274253	-0.0330851868205	-0.026755903707	0.0660845133549	-0.0396353125627	-0.00555343763642	-0.00134010743809	0.0434146519747	-0.00496422973633	-0.0342722460133	0.03443155781	-0.0281761542939	0.0729274633886	-0.0673923207264	-0.00582839576541	0.0242597393384	-0.00122271232715	-0.0345971117497	0.0541400361112	-0.00317354196321	0.0206242245124	-0.0260474825898	0.0666398939243	0.00968409849116	-0.0340440768546
k__Bacteria;p__Firmicutes;c__Clostridia;o__Clostridiales;f__Ruminococcaceae;g__Ruminiclostridium;s__[Eubacterium]_siraeum	-0.00496909084789	0.02153835551	-0.0339124719659	-0.0232036967985	-0.00854939433081	0.0292632924706	-0.0299883377105	-0.0107091989198	-0.0391883549406	0.0290685141424	-0.00286637930231	-0.0624238156468	0.0307918405382	-0.00426134409146	0.0494831725051	-0.0237786880805	-0.0176279733447	-0.0138281123743	0.0423015335368	-0.026320849793	-0.0308280471981	1.0	-0.00757838301295	-0.0336688423307	0.050658052111	-0.0159395580126	0.00590915005511	0.0650589335453	-0.0421152762746	-0.0270680512151	0.00207899145046	0.0180094879666	-0.00621279130192	-0.0387378990351	-0.0380781874582	-0.0274952637777	0.0745010055819	-0.0502556562738	0.00596501499605	0.036677128912	0.0203904051085	-0.0144124392696	0.0828428177418	-0.0467245058004	-0.040309660443	-0.0346617984643	0.00796069515464	-0.0193350002168	-0.0197064938798	0.0612571970627	0.035634501591	0.0422455426047	0.0136261161465	-0.0192309263239	-0.0588032444671	-0.0314938967299	-0.0330465859717	-0.0446420019618	-0.0431592702854
k__Bacteria;p__Proteobacteria;c__Betaproteobacteria;o__Burkholderiales;f__Sutterellaceae;g__Parasutterella;s__Parasutterella_excrementihominis	-0.0203597422084	0.0220038193479	0.0477180177761	0.00674137828757	0.0214087040922	0.0402135827848	0.014373965898	-0.0182644353425	0.00399261238075	0.00513929281791	-0.0298060035318	-0.033478498336	0.022273817313	-0.0178564281644	-0.0217059250842	0.0257439102595	0.0262500803549	-0.0181256015386	-0.0171867257775	-0.0432338378106	-0.0217384379395	-0.00757838301295	1.0	-0.0593424684971	0.0463928174684	0.00607498390934	-0.0334428952118	-0.0474963969222	0.0101566523903	-0.0680626235488	0.0308291895075	-0.0248707526408	-0.0308377504777	-0.00918955179538	-0.0307022165672	-0.0335927514609	-0.0384936416561	0.0173810311621	0.00763475242338	0.00484248914282	-0.043725339966	0.00628172992206	-0.00127811803487	0.0288352913262	0.0184054902395	-0.0085781500837	-0.0434164710531	-0.0208833274811	0.0535102985973	0.0309439942485	-0.0428303502147	0.0163384255269	-0.0162182113217	-0.0174418570427	0.0552429294994	0.0651714466556	0.0550722363837	-0.02479710621	-0.0389301393233
k__Bacteria;p__Actinobacteria;c__Actinobacteria;o__Bifidobacteriales;f__Bifidobacteriaceae;g__Bifidobacterium;s__Bifidobacterium_adolescentis	-0.0408322020928	-0.041335131661	0.0067962223408	0.00225556867775	-0.0129806805746	0.0135923986059	-0.0264914986191	0.0193656350908	-0.0308094090795	0.0270662709674	-0.0359124112804	-0.0363727068146	-0.0281802247631	-0.0128224049138	0.0563067157923	-0.0117457983788	-0.0346300600448	-0.0291537147073	0.0287753886977	0.00788509338747	-0.017339836928	-0.0336688423307	-0.0593424684971	1.0	0.0453371951095	-0.0734423331321	0.0484705849458	-0.0127078129134	-0.0486133538818	0.0609982518673	0.0174900830415	-0.0370214004346	-0.0373605659262	-0.0345854745523	-0.02599427105	0.0147196632315	-0.0381458122118	0.0197744670754	-0.0032852377341	-0.0266536805264	-0.0124657834233	-0.0306493817111	-0.0684602756337	-0.0138186072939	-0.0826908150984	0.00420810276239	-0.0105183467195	0.00177633712764	-0.00233547522142	0.0606919274927	-0.0342124275591	-0.0319311308292	-0.0270345369971	-0.0354440528842	-0.00492064753842	-0.0125666148711	-0.0337667957421	0.054313494551	-0.0173921068401
k__Bacteria;p__Firmicutes;c__Clostridia;o__Clostridiales;f__Oscillospiraceae;g__Oscillibacter;s__Oscillibacter_sp._KLE_1745	0.0436312932981	0.0193669899212	-0.0140886974972	-0.0631632999365	-0.000250260287705	0.00714588796279	0.000477244569528	-0.0354864134932	0.0258953855441	-0.00664645262611	-0.031678753889	-0.000578171984532	0.0157200516391	0.00242672929859	0.0458833445441	-0.0205270566751	-0.024624679472	0.01992585264	-0.0130481890122	-0.00390271304398	0.0254638413077	0.050658052111	0.0463928174684	0.0453371951095	1.0	-0.00668622597898	-0.0549235250467	0.0411022067405	-0.0803666228501	-0.0064880537195	-0.00934402670846	0.0491867835702	-0.0303893834774	0.00835669393106	-0.015883981957	0.0128289119533	0.0242369654871	-0.0127155272575	-0.00262222945289	-0.0455753023893	0.00365557041817	0.024019731505	-0.00926569824251	-0.00613858719633	-0.0325424310178	-0.00204277614445	-0.000236634253718	-0.0138322374311	0.0298652504441	-0.0268904206526	-0.0260680838621	-0.0312753873976	0.0118922426357	-0.0917013482591	-0.00118975484693	-0.00697699377224	-0.000961612740836	0.0131557399553	0.0561286764829
k__Bacteria;p__Bacteroidetes;c__Bacteroidia;o__Bacteroidales;f__Bacteroidaceae;g__Bacteroides;s__Bacteroides_coprophilus	0.0231743843451	-0.00328378996156	0.023913944326	-0.0405592173474	0.0202323661346	0.0516241258591	-0.0513415777394	-0.0358127159639	-0.00161147134988	0.0429162132764	0.021756222246	0.0432576031379	-0.0443293010236	-0.00163579266525	0.0515893864621	-0.0575397346839	0.0214583228348	-0.0203912093695	0.0169019357854	-0.00137036934441	-0.0162613255902	-0.0159395580126	0.00607498390934	-0.0734423331321	-0.00668622597898	1.0	0.0222455699268	0.00205778850199	0.0108785079535	-0.0603949517482	0.0136591723051	0.00586175495049	-0.0253351797852	-0.0103011558076	0.00751130317918	-0.019952212737	0.0447334269637	-0.0633081193911	-0.0672767862933	-0.0482007888368	0.0240403494565	0.0221939058862	0.0281487839419	0.0057655272243	-0.0386251556945	-0.0257685503002	-0.00744710923669	0.00667429546109	-0.0383422338146	-0.0413427815596	-0.00562993054217	-0.00350032818763	-0.0539332144581	0.027084343472	0.0362417573197	0.0285066438315	-0.000327926943144	0.0259618126649	-0.0281985783342
k__Bacteria;p__Firmicutes;c__Clostridia;o__Clostridiales;f__Lachnospiraceae;g__Roseburia;s__Roseburia_intestinalis	-0.0482786057748	-0.00227073208589	-0.0692263796941	-0.0193401234875	-0.016694931406	-0.00389765759716	0.0191018690248	-0.0149594518112	0.000508361327533	0.00572355518712	-0.00654733310442	0.0104007591065	-0.0979688250269	-0.015460539213	-0.00206655918154	-0.0217944938478	0.0258332142341	0.000993700674763	-0.0197752723524	0.0147958321892	0.0130231419735	0.00590915005511	-0.0334428952118	0.0484705849458	-0.0549235250467	0.0222455699268	1.0	0.00331951263624	0.043637711217	-0.00500607030537	-0.017257623075	-0.0289996741679	0.051728198742	0.00827050174742	0.0181944191631	0.00753176626944	-0.0141338133353	-0.0139903369695	0.0137387684968	0.0659281151069	-0.0782254509493	-0.0442844472605	-0.00696437181727	-0.0146941004723	-0.0378774189931	-0.00589196666597	-0.0313658711054	0.0324347583806	-0.0080484957909	-0.00222940944166	0.00933206736428	-0.00492149112216	-0.00381578623331	-0.0492054978068	0.0237833058071	-0.0503814164556	-0.00928769615858	0.0113873258765	-0.0222299478314
k__Bacteria;p__Firmicutes;c__Clostridia;o__Clostridiales;f__Lachnospiraceae;g__Roseburia;s__Roseburia_hominis	0.0150209256708	-0.0715009034409	-0.0353974531286	-0.0379076043642	-0.0312935675788	-0.0381678325705	-0.0456804037889	0.0361851942369	-0.0110096482393	-0.0680798554397	0.0398439410096	-0.0713668743355	-0.0262332424283	-0.013251640246	-0.0497837367865	-0.018076144674	0.00649269240406	0.0445339865465	-0.0113448112135	-0.0160097256101	0.00664730858514	0.0650589335453	-0.0474963969222	-0.0127078129134	0.0411022067405	0.00205778850199	0.00331951263624	1.0	0.0170872234222	0.0334115618272	-0.015042065225	-0.0347860521899	-0.0260952400061	-0.0297454725731	0.0238365033455	0.0183240760315	-0.0159293854721	0.0604287797527	0.0712546396725	-0.0366948426691	-0.0469696301892	0.0144323357749	0.0036172623315	-0.0195115582009	0.00074053937478	-0.0408332935285	0.0162693610847	-0.00285108076424	0.00880823886614	-0.0294211761023	0.0429677095427	-0.0435695343731	0.0377292187946	0.0958989516914	0.0344721986028	-0.0643174708451	-0.0302823081868	0.0693190352199	-0.0238564297187
k__Bacteria;p__Bacteroidetes;c__Bacteroidia;o__Bacteroidales;f__Porphyromonadaceae;g__Parabacteroides;s__Parabacteroides_johnsonii	-0.0188796101333	-0.0408424317468	-0.0343724901689	0.0474179978519	-0.0376192859367	0.0662009961513	0.0100651273598	-0.0348468475816	0.0169909846341	0.00369548867902	-0.00772621628683	0.00208108027611	0.0903525611603	0.0687685521725	-0.0458009422428	-0.0335784184119	0.00937914220363	0.0548229686588	-0.0249456518862	0.0154724313406	-0.00187727633766	-0.0421152762746	0.0101566523903	-0.0486133538818	-0.0803666228501	0.0108785079535	0.043637711217	0.0170872234222	1.0	0.00422656151621	-0.0547356097833	0.00322432344766	-0.00576841753157	-0.0167597428672	-0.0246504528644	-0.0413035239442	-0.0498389677324	-0.0006098765018	0.00663818080322	0.00836296476926	0.0466876555854	0.0273281078786	-0.0208870501567	0.0401490483361	0.0191841569411	-0.0897674907623	-0.0218001210691	-0.0683516298073	-0.0367177509138	-0.0218055534303	-0.0441883475851	-0.023083774761	-0.0455695139384	-0.0332045891851	-0.0284694554924	0.0146557117941	-0.0140336545798	-0.000302487404251	-0.00859110002411
k__Bacteria;p__Actinobacteria;c__Actinobacteria;o__Bifidobacteriales;f__Bifidobacteriaceae;g__Bifidobacterium;s__Bifidobacterium_longum	-0.0221466141621	0.038420800662	-0.00120907356339	-0.0683964133221	0.0555268961045	0.0102562981772	0.0381943523426	-0.013360277434	-0.0527792667114	-0.0119715567469	0.0593859376728	-0.0286358442811	-0.0552142653657	-0.0366579025033	-0.00825648231972	-0.0341219893366	0.00132083581144	-0.0314411291988	-0.0533081797391	-0.0100952246702	0.0172421126552	-0.0270680512151	-0.0680626235488	0.0609982518673	-0.0064880537195	-0.0603949517482	-0.00500607030537	0.0334115618272	0.00422656151621	1.0	0.0552785202679	-0.000430380154571	-0.0250464083918	0.014243488977	0.0149186488203	-0.0304456714556	-0.00167036132354	0.0232955277732	-0.0288648436461	-0.0347933458466	0.0280059078755	0.0304356956051	0.0045316236542	-0.00241066174914	-0.0228081145304	-0.017691003266	0.0114905312764	0.0509238457076	-0.0158376974069	0.00346639664732	-0.0525986817614	0.0145561822468	0.037330986957	0.0240134095181	-0.00914421166392	0.066831051682	-0.00929252575438	-0.00988621353896	-0.0390932371034
