#taxonomy	k__Bacteria;p__Bacteroidetes;c__Bacteroidia;o__Bacteroidales;f__Bacteroidaceae;g__Bacteroides;s__Bacteroides_vulgatus	k__Bacteria;p__Bacteroidetes;c__Bacteroidia;o__Bacteroidales;f__Bacteroidaceae;g__Bacteroides;s__Bacteroides_uniformis	k__Bacteria;p__Bacteroidetes;c__Bacteroidia;o__Bacteroidales;f__Rikenellaceae;g__Alistipes;s__Alistipes_putredinis	k__Bacteria;p__Bacteroidetes;c__Bacteroidia;o__Bacteroidales;f__Prevotellaceae;g__Prevotella;s__Prevotella_copri	k__Bacteria;p__Bacteroidetes;c__Bacteroidia;o__Bacteroidales;f__Bacteroidaceae;g__Bacteroides;s__Bacteroides_stercoris	k__Bacteria;p__Bacteroidetes;c__Bacteroidia;o__Bacteroidales;f__Bacteroidaceae;g__Bacteroides;s__Bacteroides_ovatus	k__Bacteria;p__Bacteroidetes;c__Bacteroidia;o__Bacteroidales;f__Rikenellaceae;g__Alistipes;s__Alistipes_shahii	k__Bacteria;p__Firmicutes;c__Clostridia;o__Clostridiales;f__Ruminococcaceae;g__Faecalibacterium;s__Faecalibacterium_prausnitzii	k__Bacteria;p__Bacteroidetes;c__Bacteroidia;o__Bacteroidales;f__Rikenellaceae;g__Alistipes;s__Alistipes_finegoldii	k__Bacteria;p__Bacteroidetes;c__Bacteroidia;o__Bacteroidales;f__Porphyromonadaceae;g__Parabacteroides;s__Parabacteroides_distasonis	k__Bacteria;p__Bacteroidetes;c__Bacteroidia;o__Bacteroidales;f__Bacteroidaceae;g__Bacteroides;s__Bacteroides_thetaiotaomicron	k__Bacteria;p__Bacteroidetes;c__Bacteroidia;o__Bacteroidales;f__Bacteroidaceae;g__Bacteroides;s__Bacteroides_coprocola	k__Bacteria;p__Bacteroidetes;c__Bacteroidia;o__Bacteroidales;f__Bacteroidaceae;g__Bacteroides;s__Bacteroides_cellulosilyticus	k__Bacteria;p__Bacteroidetes;c__Bacteroidia;o__Bacteroidales;f__Rikenellaceae;g__Alistipes;s__Alistipes_obesi	k__Bacteria;p__Firmicutes;c__Clostridia;o__Clostridiales;f__Lachnospiraceae;g__;s__[Eubacterium]_rectale	k__Bacteria;p__Bacteroidetes;c__Bacteroidia;o__Bacteroidales;f__Bacteroidaceae;g__Bacteroides;s__Bacteroides_plebeius	k__Bacteria;p__Bacteroidetes;c__Bacteroidia;o__Bacteroidales;f__Bacteroidaceae;g__Bacteroides;s__Bacteroides_fragilis	k__Bacteria;p__Proteobacteria;c__Betaproteobacteria;o__Burkholderiales;f__Sutterellaceae;g__Sutterella;s__Sutterella_wadsworthensis	k__Bacteria;p__Bacteroidetes;c__Bacteroidia;o__Bacteroidales;f__Porphyromonadaceae;g__Barnesiella;s__Barnesiella_intestinihominis	k__Bacteria;p__Bacteroidetes;c__Bacteroidia;o__Bacteroidales;f__Odoribacteraceae;g__Odoribacter;s__Odoribacter_splanchnicus	k__Bacteria;p__Bacteroidetes;c__Bacteroidia;o__Bacteroidales;f__Bacteroidaceae;g__Bacteroides;s__Bacteroides_salyersiae	k__Bacteria;p__Firmicutes;c__Clostridia;o__Clostridiales;f__Ruminococcaceae;g__Ruminiclostridium;s__[Eubacterium]_siraeum	k__Bacteria;p__Proteobacteria;c__Betaproteobacteria;o__Burkholderiales;f__Sutterellaceae;g__Parasutterella;s__Parasutterella_excrementihominis	k__Bacteria;p__Actinobacteria;c__Actinobacteria;o__Bifidobacteriales;f__Bifidobacteriaceae;g__Bifidobacterium;s__Bifidobacterium_adolescentis	k__Bacteria;p__Firmicutes;c__Clostridia;o__Clostridiales;f__Oscillospiraceae;g__Oscillibacter;s__Oscillibacter_sp._KLE_1745	k__Bacteria;p__Bacteroidetes;c__Bacteroidia;o__Bacteroidales;f__Bacteroidaceae;g__Bacteroides;s__Bacteroides_coprophilus	k__Bacteria;p__Firmicutes;c__Clostridia;o__Clostridiales;f__Lachnospiraceae;g__Roseburia;s__Roseburia_intestinalis	k__Bacteria;p__Firmicutes;c__Clostridia;o__Clostridiales;f__Lachnospiraceae;g__Roseburia;s__Roseburia_hominis	k__Bacteria;p__Bacteroidetes;c__Bacteroidia;o__Bacteroidales;f__Porphyromonadaceae;g__Parabacteroides;s__Parabacteroides_johnsonii	k__Bacteria;p__Actinobacteria;c__Actinobacteria;o__Bifidobacteriales;f__Bifidobacteriaceae;g__Bifidobacterium;s__Bifidobacterium_longum	k__Bacteria;p__Firmicutes;c__Clostridia;o__Clostridiales;f__;g__Flavonifractor;s__Flavonifractor_plautii	k__Bacteria;p__Firmicutes;c__Clostridia;o__Clostridiales;f__Clostridiaceae;g__Clostridium;s__Clostridium_phoceensis	k__Bacteria;p__Verrucomicrobia;c__Verrucomicrobiae;o__Verrucomicrobiales;f__Akkermansiaceae;g__Akkermansia;s__Akkermansia_muciniphila	k__Bacteria;p__Bacteroidetes;c__Bacteroidia;o__Bacteroidales;f__Prevotellaceae;g__Paraprevotella;s__Paraprevotella_xylaniphila	k__Bacteria;p__Firmicutes;c__Clostridia;o__Clostridiales;f__Ruminococcaceae;g__Ruminococcus;s__Ruminococcus_callidus	k__Bacteria;p__Bacteroidetes;c__Bacteroidia;o__Bacteroidales;f__Rikenellaceae;g__Alistipes;s__Alistipes_senegalensis	k__Bacteria;p__Firmicutes;c__Clostridia;o__Clostridiales;f__Lachnospiraceae;g__Blautia;s__Blautia_sp._KLE_1732	k__Bacteria;p__Bacteroidetes;c__Bacteroidia;o__Bacteroidales;f__Bacteroidaceae;g__Bacteroides;s__Bacteroides_oleiciplenus	k__Bacteria;p__Firmicutes;c__Clostridia;o__Clostridiales;f__Ruminococcaceae;g__Ruminococcus;s__Ruminococcus_bicirculans	k__Bacteria;p__Bacteroidetes;c__Bacteroidia;o__Bacteroidales;f__Bacteroidaceae;g__Bacteroides;s__Bacteroides_fluxus	k__Bacteria;p__Bacteroidetes;c__Bacteroidia;o__Bacteroidales;f__Prevotellaceae;g__Prevotella;s__Prevotella_stercorea	k__Bacteria;p__Firmicutes;c__Clostridia;o__Clostridiales;f__Lachnospiraceae;g__Dorea;s__Dorea_longicatena	k__Bacteria;p__Firmicutes;c__Clostridia;o__Clostridiales;f__Eubacteriaceae;g__Eubacterium;s__[Eubacterium]_eligens	k__Bacteria;p__Firmicutes;c__Clostridia;o__Clostridiales;f__Ruminococcaceae;g__;s__Ruminococcaceae_bacterium_D16	k__Bacteria;p__Firmicutes;c__Clostridia;o__Clostridiales;f__Lachnospiraceae;g__Coprococcus;s__Coprococcus_comes	k__Bacteria;p__Proteobacteria;c__Gammaproteobacteria;o__Enterobacterales;f__Enterobacteriaceae;g__Escherichia;s__Escherichia_coli	k__Bacteria;p__Firmicutes;c__Clostridia;o__Clostridiales;f__Ruminococcaceae;g__Anaerotruncus;s__Anaerotruncus_colihominis	k__Bacteria;p__Firmicutes;c__Clostridia;o__Clostridiales;f__Lachnospiraceae;g__Blautia;s__Blautia_obeum	k__Bacteria;p__Bacteroidetes;c__Bacteroidia;o__Bacteroidales;f__Odoribacteraceae;g__Odoribacter;s__Odoribacter_laneus	k__Bacteria;p__Firmicutes;c__Clostridia;o__Clostridiales;f__Ruminococcaceae;g__Ruminiclostridium;s__[Clostridium]_leptum	k__Bacteria;p__Bacteroidetes;c__Bacteroidia;o__Bacteroidales;f__Porphyromonadaceae;g__Parabacteroides;s__Parabacteroides_goldsteinii	k__Bacteria;p__Firmicutes;c__Clostridia;o__Clostridiales;f__Lachnospiraceae;g__Anaerostipes;s__Anaerostipes_hadrus	k__Bacteria;p__Firmicutes;c__Clostridia;o__Clostridiales;f__Ruminococcaceae;g__Ruminococcus;s__Ruminococcus_lactaris	k__Bacteria;p__Firmicutes;c__Clostridia;o__Clostridiales;f__Clostridiaceae;g__Clostridium;s__Clostridium_sp._L2-50	k__Bacteria;p__Firmicutes;c__Clostridia;o__Clostridiales;f__Clostridiaceae;g__Clostridium;s__Clostridium_sp._M62/1	k__Bacteria;p__Firmicutes;c__Clostridia;o__Clostridiales;f__;g__Intestinimonas;s__Intestinimonas_butyriciproducens	k__Bacteria;p__Actinobacteria;c__Actinobacteria;o__Bifidobacteriales;f__Bifidobacteriaceae;g__Bifidobacterium;s__Bifidobacterium_bifidum	k__Bacteria;p__Firmicutes;c__Negativicutes;o__Veillonellales;f__Veillonellaceae;g__Dialister;s__Dialister_invisus	k__Bacteria;p__Bacteroidetes;c__Bacteroidia;o__Bacteroidales;f__Bacteroidaceae;g__Bacteroides;s__Bacteroides_salanitronis
k__Bacteria;p__Bacteroidetes;c__Bacteroidia;o__Bacteroidales;f__Bacteroidaceae;g__Bacteroides;s__Bacteroides_vulgatus	1.0	0.0430674677829	0.0116365498568	-0.0249699683993	-0.0296732977645	-0.0139262048065	0.0238134611629	0.00487686279127	0.00162459724865	0.064738295891	-0.0482154019041	2.5199469966e-06	-0.0339079521773	0.0065459476013	-0.0139139205849	0.0122781114106	0.000371192152104	-0.0868676456247	0.0514080800195	0.0399288034153	-0.0496536618775	-0.0133767831169	-0.0283184492076	0.0154875999088	0.0144093849147	-0.00761980078835	-0.030704522836	-0.0397834152402	-0.034277494928	-0.0277694113327	0.0294378328246	-0.0611568099666	-0.0386136422603	-0.0655115814841	0.0459978614236	-0.00250789013422	0.00257572215068	-0.0177204510119	0.0462038353286	0.0298064692174	-0.00851418955663	-0.0526565625219	-0.014807214497	0.00330977445879	-0.0734438949149	0.00229869676583	-0.0306379013034	0.0395144508857	0.0259521089887	0.046175191009	-0.0206900511851	-0.06519385626	-0.0540024228091	-0.0237288934924	0.0500195463148	0.00848704601235	0.00574743613932	0.00787592868631	0.0307430763906
k__Bacteria;p__Bacteroidetes;c__Bacteroidia;o__Bacteroidales;f__Bacteroidaceae;g__Bacteroides;s__Bacteroides_uniformis	0.0430674677829	1.0	-0.01737435855	-0.0141228936275	-0.0482956742254	-0.0350312395164	-0.0544419707253	0.0608112316039	-0.0557514929023	-0.0350523356937	-0.0444250946669	-0.0434930503214	-0.0621428141356	0.0276572630987	-0.0115397599863	-0.0101737322179	0.00178401801432	-0.0240525589341	-0.0411676066602	-0.0110577262514	0.0298055377421	0.0283825951951	0.0146913626265	0.016133301221	-0.0558062307117	-0.000253700580925	-0.0254197766878	-0.0556554001369	0.00893451840557	-0.00751288851053	-0.0139215813981	-0.0457735872631	-0.0301614240551	0.00598220854573	0.040494957891	0.0255328378565	-0.0171794691575	-0.0400389224386	-0.0124026408256	-0.0341542871233	0.0109431024218	-0.0706505646719	-0.0257720057979	-0.012180666579	0.0550370389106	-0.0123919892884	0.0327502566205	-0.0452178183583	-0.0169562192049	-5.99297745443e-06	-0.005453267418	0.108575863304	0.00743229716377	0.0030038259231	-0.0348746625341	0.028931221869	-0.00919687512169	0.00965721219017	-0.0257507029213
k__Bacteria;p__Bacteroidetes;c__Bacteroidia;o__Bacteroidales;f__Rikenellaceae;g__Alistipes;s__Alistipes_putredinis	0.0116365498568	-0.01737435855	1.0	-0.0150324604439	0.00458371646499	0.0311122558549	0.0124386921555	0.0163537097922	-0.0296718277984	-0.000154148579456	0.0327173290239	0.0471628728249	-0.065554084108	-0.0330356677832	0.0202697145404	-0.00558407914697	-0.0272356591935	0.0181889812676	-0.0200571939065	-0.0103013999582	0.0263273633503	-0.00372080254618	0.0221744749485	-0.00137823203188	-0.0440214472305	-0.0573993067792	0.0229272887858	-0.0246578048591	0.01982733923	-0.0593075202864	0.0382790971746	0.0544893170813	0.00386702087949	-0.0169443771981	0.0066011098073	0.0708484936956	0.0138220328547	0.0381598148223	-0.0106407268645	-0.0261834985424	-0.0106404716235	-0.0503205173932	0.0398458423641	-0.0273158201036	-0.0127948026451	0.0405772318853	-0.0147503349351	-0.0256735054463	0.0173625967886	-0.00635665941027	-0.00740448653478	0.0224965207614	-0.0347161445189	-0.000799815121784	-0.0460387930844	-0.0538469793386	-0.0381718590393	0.0527571371765	0.0163544896101
k__Bacteria;p__Bacteroidetes;c__Bacteroidia;o__Bacteroidales;f__Prevotellaceae;g__Prevotella;s__Prevotella_copri	-0.0249699683993	-0.0141228936275	-0.0150324604439	1.0	-0.0484619252465	-0.00110332631061	-0.0370838475525	0.0127741573063	-0.0210660545146	-0.0581787319345	0.0460114845106	0.00784068101934	-0.018436347176	-0.0046395975929	0.0457803598925	0.000303160718964	0.00278240462961	0.0297314717428	0.0475299894954	-0.0193551657362	0.0201535360316	0.0509329524565	-0.00539138129157	-0.0423557574882	-0.00197967944178	0.00860641474027	-0.0724717980633	-0.0273136788636	0.0111901868133	-0.0164222241385	0.00805172211642	0.0013906606693	-0.00743284925153	0.00374458609027	-0.0246242627953	-0.058273272848	-0.00262710934188	-0.00858277238303	-0.0408762518135	0.00865334178638	0.0079983208803	0.0290438496827	-0.00528414992153	-0.00179500032848	0.0529505237587	-0.0522717483314	0.0110571515702	-0.0720770226643	0.0135829994426	0.0400882198947	-0.0193014144952	-0.0957448586962	-0.0762995191711	-0.00546317978962	-0.055905444531	0.0498839781595	0.0538903253784	-0.0227935106072	-0.00191810919113
k__Bacteria;p__Bacteroidetes;c__Bacteroidia;o__Bacteroidales;f__Bacteroidaceae;g__Bacteroides;s__Bacteroides_stercoris	-0.0296732977645	-0.0482956742254	0.00458371646499	-0.0484619252465	1.0	0.025442973707	0.00517045725659	0.029170360365	-0.030977630809	0.0393918166104	-0.0223921813128	-0.00940270688186	-0.00838124187347	-0.0210750795361	0.0221692842327	-0.00399908105813	-0.0110004029242	-0.0422226249163	0.00561606340752	0.0209989698325	-0.00253763994554	0.0185057816844	-0.0256199136112	0.0251227230871	0.0449104077975	0.0471794532362	-0.0278415019286	0.00478780947402	0.00320112048581	-0.0183520097363	-0.0563089642657	-0.0112109582737	-0.00835208189364	-0.0647850247425	-0.0129828162106	-0.00348701585781	-0.0364748861174	-0.0116545107413	-0.0164507418689	-0.00352570868096	-0.00356838436128	0.0379871654095	0.00682349818462	0.0395708218344	-0.00373394319572	-0.0161660289219	0.0665593000352	-0.0155969585385	0.00274333308602	-0.00247773026145	0.0100656145855	-0.00718510365606	0.00693802761203	-0.0578004767772	-0.0491890945548	-0.0339778858433	-0.0487474219684	-0.00557009105263	-0.0105404502614
k__Bacteria;p__Bacteroidetes;c__Bacteroidia;o__Bacteroidales;f__Bacteroidaceae;g__Bacteroides;s__Bacteroides_ovatus	-0.0139262048065	-0.0350312395164	0.0311122558549	-0.00110332631061	0.025442973707	1.0	0.00397823006997	0.00291795659189	0.0472522202264	-0.0528398118225	-0.00438458665886	-0.0196849779786	0.00449921944084	-0.0337647706794	-0.0102172818285	-0.0130845049887	0.0216601062371	0.0306504794758	0.0272818480015	-0.019429307296	-0.0294139131364	-0.0173006862023	0.018367570119	0.00389562816099	0.0449062362556	0.0454432745739	0.0349093271731	-0.0262549215723	0.0389420595332	0.0552367448696	-0.0342267997969	0.0104948293318	0.0148669460827	0.0290024346841	-0.0169481669834	0.0274065680865	-0.0144714776119	-0.0977577601487	-0.0513382822888	-0.0607787896048	-0.00751966202068	-0.00972166668258	-0.00593129791867	0.0320537682197	-0.00991553498161	0.0103070267893	0.0666806698612	-0.0509848617086	0.0456569561548	-0.0042790394176	-0.032622925514	-0.0342003205589	-0.0401570867253	-0.0568155658006	0.00319031647884	-0.0118055686254	-0.0271805847483	-0.0207964469908	-0.0249124187926
k__Bacteria;p__Bacteroidetes;c__Bacteroidia;o__Bacteroidales;f__Rikenellaceae;g__Alistipes;s__Alistipes_shahii	0.0238134611629	-0.0544419707253	0.0124386921555	-0.0370838475525	0.00517045725659	0.00397823006997	1.0	-0.0524176425925	0.0293146075602	0.0847223334127	0.00641393074922	-0.0726035073531	0.0108378457207	-0.00280408892688	-0.0526164072426	-0.000148967265976	-0.0377859582346	-0.0781218381247	-0.0259793352987	-0.00221737149496	-0.0582498031546	-0.0320320599254	-0.0678299826806	-0.0356380262832	-0.00707516211162	-0.0710790551985	-0.0225732604368	-0.0338397697504	0.025175664653	-0.0451884275959	0.0071037590352	-0.0177324150303	-0.0176197678669	-0.0143339273883	0.00557326746286	-0.00279465621925	0.0374347798321	0.0530583814815	-0.0197556137266	0.033865555527	-0.0727988675196	0.0160223474042	-0.0286353205806	-0.0140019873246	0.0144333956298	-0.00372603356916	0.0132245201737	0.0292382351575	-0.0569889324181	0.0120253090453	-0.0355315181972	0.00719729236549	0.0141751056871	0.0201146599433	0.0202464020939	0.00666031266294	-0.0292573464193	-0.0162895459742	0.0208615963327
k__Bacteria;p__Firmicutes;c__Clostridia;o__Clostridiales;f__Ruminococcaceae;g__Faecalibacterium;s__Faecalibacterium_prausnitzii	0.00487686279127	0.0608112316039	0.0163537097922	0.0127741573063	0.029170360365	0.00291795659189	-0.0524176425925	1.0	0.00211294644055	-0.0314759767276	0.00945606783811	-0.00621891421745	0.050264014581	-0.0463561578801	0.0110969375951	-0.00260490019946	-0.0206952688226	0.0350317477289	0.0271344871819	-0.00561196475023	-0.0171754310425	-0.0860381489691	0.0244084379269	0.0166341038468	5.89788422589e-05	-0.0197092929434	-0.0392396342433	0.0489795470041	-0.0119782766562	0.0138357655483	-0.0641235193023	-0.0141992629237	0.0168725991876	0.00994718411095	0.068026644955	-0.0671178677126	0.0323328061056	-0.0636252198003	-0.0198941664885	-0.00722434170638	-0.0135041220215	-0.0413841267402	0.0493068896931	-0.044331733999	0.0564949066647	-0.0196512177309	0.0292971735813	0.0116442258719	-0.0434923133245	-0.0601716173859	0.0341709680842	-0.026890202679	0.0201387798086	-0.0334269710787	-0.0137394451394	0.0203518066236	0.0583660026693	-0.0022487040128	-0.0610578851059
k__Bacteria;p__Bacteroidetes;c__Bacteroidia;o__Bacteroidales;f__Rikenellaceae;g__Alistipes;s__Alistipes_finegoldii	0.00162459724865	-0.0557514929023	-0.0296718277984	-0.0210660545146	-0.030977630809	0.0472522202264	0.0293146075602	0.00211294644055	1.0	-0.0261526449193	-0.0416117255312	0.0287405273282	-0.0103073448903	0.0156061640964	0.0188874004347	-0.0434948199614	0.0118505833771	-0.014646446962	-0.00619588326311	-0.021961221164	-0.0429222303461	0.0426482426909	0.0206991469519	0.00219926895925	-0.021976161995	-0.0325039975934	-0.0419376594494	-0.0533036284399	0.0562111550225	0.0373635014997	-0.0740049567467	0.00942475542383	-0.00585883997442	-0.0133264378865	-0.00149124365252	-0.0102183304971	0.069597075483	0.0434445042337	-0.0101914351823	-0.005829266823	-0.00198123312692	0.0136097684421	0.0143214152814	-0.0657892857858	0.0214295745953	-0.0364191650886	-0.00244527319515	0.0896796449577	-0.0380173703007	-0.00818520143628	-0.0143246994575	-0.0340676471789	-0.0191756587763	-0.0444967082125	0.016057535106	0.0100616208164	0.00304499760319	-0.0282972741794	-0.0159978325246
k__Bacteria;p__Bacteroidetes;c__Bacteroidia;o__Bacteroidales;f__Porphyromonadaceae;g__Parabacteroides;s__Parabacteroides_distasonis	0.064738295891	-0.0350523356937	-0.000154148579456	-0.0581787319345	0.0393918166104	-0.0528398118225	0.0847223334127	-0.0314759767276	-0.0261526449193	1.0	-0.0689751717199	0.00166738478243	0.0255791182715	-0.0537292184673	0.00936323278009	-0.0321539885951	0.0114131466963	-0.109834041731	0.0175915518395	0.0915732420976	-0.0143881221573	-0.0175290167028	-0.0161986050033	-0.0130982479269	0.00626260204473	-0.0303225947972	-0.00796272251812	0.0287821171432	-0.054154993344	0.0509659213186	0.0133555926515	0.00386858495678	0.0259212782137	-0.0614003823459	-0.0598481481928	0.0108005198855	-0.0115722358429	-0.0168711202095	0.00475005451796	0.0378052396702	0.0138658193188	0.0308106804802	0.00487723698694	-0.0244348640626	0.000441750992306	0.0428799173977	-0.0359449421107	0.0473584274816	0.0216859895261	-0.0151593044722	0.0158998299954	-0.0225504628037	-0.017398172762	0.0247254501387	-0.00804711891415	0.0255926584412	-0.0401383790032	-0.0240932938178	-0.0199893187711
k__Bacteria;p__Bacteroidetes;c__Bacteroidia;o__Bacteroidales;f__Bacteroidaceae;g__Bacteroides;s__Bacteroides_thetaiotaomicron	-0.0482154019041	-0.0444250946669	0.0327173290239	0.0460114845106	-0.0223921813128	-0.00438458665886	0.00641393074922	0.00945606783811	-0.0416117255312	-0.0689751717199	1.0	0.0128156982044	-0.0151953217859	0.0376295708557	0.0339577940754	0.0305207175998	-0.0253740124839	-0.0386446179151	-0.0300280799778	-0.0442967498139	-0.0108711095059	-0.017657749489	-0.0551623626061	0.00966815782259	0.0145313686509	-0.000899097719295	-0.0477358469524	-0.0090409590702	-0.0195755566784	-0.0315240820435	0.0182548805307	-0.03363623354	-0.0275254534747	-0.0381378213171	-0.043023412728	-0.0310792820304	0.0439183269001	-0.0381139965059	0.00387485376225	-0.00926566290092	0.047696361335	-0.0605715913292	0.00161107461682	-0.0418268937871	-0.0104198167487	0.0243664924738	-0.0103079700093	-0.0323285413708	0.0345599590833	0.0184475463089	-0.000966874277578	-0.0281112321527	0.0434411256914	-0.0430801276666	0.0531450934847	-0.000835057527739	-0.0583692475786	-0.0187748199069	-0.0269230011098
k__Bacteria;p__Bacteroidetes;c__Bacteroidia;o__Bacteroidales;f__Bacteroidaceae;g__Bacteroides;s__Bacteroides_coprocola	2.5199469966e-06	-0.0434930503214	0.0471628728249	0.00784068101934	-0.00940270688186	-0.0196849779786	-0.0726035073531	-0.00621891421745	0.0287405273282	0.00166738478243	0.0128156982044	1.0	0.00527793242242	0.0332198881135	-0.0398697073007	-0.00590207380115	0.0165481072665	-0.0712393264581	-0.0376532529036	-0.0388069163629	0.0303881629147	0.050085459198	-0.0366548101346	-0.0280175494246	-0.00794877874987	-0.020435671112	-0.044319900158	0.0132796899853	0.0158847516694	-0.0269348198096	0.00141332062234	-0.0041373313722	-0.0464512911044	-0.0294485398782	0.021367719249	-0.0162159554969	0.0356360831153	-0.0352315603452	-0.0404302566533	-0.0305935855382	-0.00502993125383	0.00991357930459	-0.00631221438007	-0.0275139835254	-0.00720846044232	-0.00111765130605	-0.038433770211	0.101346010231	0.0352778976915	0.0384869411741	0.00583808802455	-0.0318373923257	0.0204196979657	-0.0588360720208	-0.00849606375237	-0.00679052865705	-0.0117244243796	0.00311819897	-0.0201170947308
k__Bacteria;p__Bacteroidetes;c__Bacteroidia;o__Bacteroidales;f__Bacteroidaceae;g__Bacteroides;s__Bacteroides_cellulosilyticus	-0.0339079521773	-0.0621428141356	-0.065554084108	-0.018436347176	-0.00838124187347	0.00449921944084	0.0108378457207	0.050264014581	-0.0103073448903	0.0255791182715	-0.0151953217859	0.00527793242242	1.0	-0.0528969508969	-0.0291665365662	0.00205525039343	-0.0579754119453	-0.0317188198475	-0.000203765034478	-0.0358346349461	-0.0264356797883	-0.0321725550665	-0.033833593613	-0.0572730231307	0.0161429057972	-0.0233543487185	-0.0587087408111	-0.0386826446647	0.0716383471979	0.0113419218931	-0.0217212748947	-0.0266282537758	-0.0165520522047	-0.00552958122707	-0.0188488182312	-0.0492345500578	-0.00742356981986	-0.0110312014775	-0.00692187911419	-0.0212211963596	-0.02402904651	-0.0107148080679	-0.022341072306	-0.0219345796817	-0.0413731533043	0.0219377595271	-0.0136204673516	-0.033091288363	0.00662882368513	-0.0741092368636	-0.0198026285715	0.00368386966575	0.0352450438379	0.0182798296831	-0.0163717664771	-0.0627345166077	0.013548091624	-0.00492101908306	-0.00933711782104
k__Bacteria;p__Bacteroidetes;c__Bacteroidia;o__Bacteroidales;f__Rikenellaceae;g__Alistipes;s__Alistipes_obesi	0.0065459476013	0.0276572630987	-0.0330356677832	-0.0046395975929	-0.0210750795361	-0.0337647706794	-0.00280408892688	-0.0463561578801	0.0156061640964	-0.0537292184673	0.0376295708557	0.0332198881135	-0.0528969508969	1.0	0.0703637099473	-0.062782010449	-0.0136292621259	0.00790375102713	0.00700285441025	-0.00848357792666	-0.0452060585632	-0.0195380055358	-0.0212696471846	-0.0341653763908	-0.0353739835259	-0.11628051074	0.012396845583	-0.0692136717423	-0.0808258866359	-0.069445360072	0.0262350824324	-0.0313327703146	-0.0116009708829	0.00338093338279	-0.00493190479971	0.126619842923	0.022387293048	0.00740436004701	0.057467552507	0.0317178452519	-0.00439478545713	-0.0255479065192	0.032201732051	0.0233286903018	0.0151836137623	-0.0243876158463	0.0711786863102	-0.0236001299762	-0.0159642493813	0.0557995725254	0.0527161275436	0.0239551699182	-0.0086242368863	-0.0305960527579	0.0357034732474	-0.0117264024493	0.0261934967821	0.0963647563777	0.0464463954717
k__Bacteria;p__Firmicutes;c__Clostridia;o__Clostridiales;f__Lachnospiraceae;g__;s__[Eubacterium]_rectale	-0.0139139205849	-0.0115397599863	0.0202697145404	0.0457803598925	0.0221692842327	-0.0102172818285	-0.0526164072426	0.0110969375951	0.0188874004347	0.00936323278009	0.0339577940754	-0.0398697073007	-0.0291665365662	0.0703637099473	1.0	-0.0449213319085	-0.0375726158564	0.0500664234125	-0.0825274897915	0.0747553365106	0.0578003485837	0.0189615810131	-0.0161877829595	-0.0287424647675	-0.0511943782336	0.0334361858125	-0.0409235612528	-0.0218920596093	-0.00637913451352	0.0686033369973	-0.0574555482656	0.0309320697971	-0.0347365874225	-0.0064863685536	-0.0380736731914	-0.0625218955584	0.0290706233803	0.0668555454113	-0.0270508423834	0.0105594816389	-0.0218907953507	0.00511397717241	-0.00846062630285	0.0219307795061	0.0239950127592	-0.0186637604689	0.0215647522581	0.0481539540725	0.016106014212	0.00134308214359	0.00318707561363	-0.0101881687558	-0.00729437286487	0.0288884944065	0.00237892926481	-0.00283286571599	-0.0407697609162	0.0148602750841	0.0239212985284
k__Bacteria;p__Bacteroidetes;c__Bacteroidia;o__Bacteroidales;f__Bacteroidaceae;g__Bacteroides;s__Bacteroides_plebeius	0.0122781114106	-0.0101737322179	-0.00558407914697	0.000303160718965	-0.00399908105813	-0.0130845049887	-0.000148967265975	-0.00260490019946	-0.0434948199614	-0.0321539885951	0.0305207175998	-0.00590207380115	0.00205525039343	-0.062782010449	-0.0449213319085	1.0	0.00308311086197	0.057259946647	0.0373466171446	0.0206271463	-0.028290465392	0.0291424567775	0.026249275119	0.0194454565931	0.0402046745072	-0.0445863116939	0.0154675422314	-0.0257705465672	0.0113522679766	-0.0485814697009	0.0611118668082	-0.0320065368284	-0.0278225020468	-0.0283624144548	0.0304162697028	0.0202792001542	-0.0175285494229	-0.034096375141	0.00537449812408	0.029971377509	0.0110278118677	-0.0186056932515	-0.0162231220795	0.00760767269037	-0.00142534292152	0.0169847312593	-0.0224269396899	-0.0116604398934	-0.0568454113677	0.0178054460777	-0.0204733160931	-0.0296866927508	-0.00227876669959	0.0194899461186	-0.067262745225	-0.0602111687683	0.00901365910235	-0.015255888474	-0.0249839386174
k__Bacteria;p__Bacteroidetes;c__Bacteroidia;o__Bacteroidales;f__Bacteroidaceae;g__Bacteroides;s__Bacteroides_fragilis	0.000371192152104	0.00178401801432	-0.0272356591935	0.00278240462961	-0.0110004029242	0.0216601062371	-0.0377859582346	-0.0206952688226	0.0118505833771	0.0114131466963	-0.0253740124839	0.0165481072665	-0.0579754119453	-0.0136292621259	-0.0375726158564	0.00308311086197	1.0	0.0037272197002	-0.0706393605832	0.0510069953298	-0.00238141885641	-0.0120859631271	0.00247068073855	-0.0302521346994	-0.0468903087739	-0.00392610743002	-0.0382328041958	-0.0530522061783	0.0321363534825	-0.0352842595414	-0.0252196204832	-0.00103084620314	0.0808648659396	-0.040884558722	0.0103941998589	0.000647769313962	0.0150543796772	-0.0171523870774	-0.0289522465746	0.0080281312546	-0.0275811621628	-0.00982437452227	-0.00892221093616	0.0884220059706	-0.0244467273957	0.0268018260591	-0.00913302374259	-0.050115054165	0.0568868218626	-0.0723590976114	-0.0294247111763	-0.00508048076206	0.0123313680212	0.0115549293717	0.0238659652925	-0.0149959391071	-0.0430453107706	0.0288342838722	0.0022506700944
k__Bacteria;p__Proteobacteria;c__Betaproteobacteria;o__Burkholderiales;f__Sutterellaceae;g__Sutterella;s__Sutterella_wadsworthensis	-0.0868676456247	-0.0240525589341	0.0181889812676	0.0297314717428	-0.0422226249163	0.0306504794758	-0.0781218381247	0.0350317477289	-0.014646446962	-0.109834041731	-0.0386446179151	-0.0712393264581	-0.0317188198475	0.00790375102713	0.0500664234125	0.057259946647	0.0037272197002	1.0	-0.0245540451608	-0.0025614684317	-0.00480839129612	-0.0141514869509	-0.045040908781	-0.0327258728003	-0.0289058599746	0.0046460194795	-0.015845987518	-0.00833329999525	0.045507681202	0.0262608031454	-0.0366758472127	0.0140666476202	0.0325360682083	0.0311284943274	-0.040633408769	0.0177453540676	0.0131604905158	0.0158765928598	0.0281341963213	-0.0476295208546	-0.0433682628843	-0.0234630434777	0.000970046152049	-0.02981246982	-0.00624387463735	-0.0416414261658	0.0296825309053	0.0486423583069	-0.0334204745427	-0.0376891761843	0.0427456864132	-0.0117918383674	0.0503956987405	0.0125602669571	-0.00615213394286	-0.0494558360733	-0.0228231175422	0.0294736806833	-0.042102986402
k__Bacteria;p__Bacteroidetes;c__Bacteroidia;o__Bacteroidales;f__Porphyromonadaceae;g__Barnesiella;s__Barnesiella_intestinihominis	0.0514080800195	-0.0411676066602	-0.0200571939065	0.0475299894954	0.00561606340752	0.0272818480015	-0.0259793352987	0.0271344871819	-0.00619588326311	0.0175915518395	-0.0300280799778	-0.0376532529036	-0.000203765034478	0.00700285441025	-0.0825274897915	0.0373466171446	-0.0706393605832	-0.0245540451608	1.0	0.0200506905997	-0.046047811699	0.0321491478179	-0.0836514075632	-0.00327988809663	-0.00462431095037	-0.0327385338722	0.000456211914964	0.0191572677921	-0.0240807650815	0.0369318907167	-0.00245151110724	-0.00370191004627	-0.0179068413256	0.0637953133569	-0.0122986585633	0.0463918669267	0.0286296924968	-0.0900894942415	-0.0384700312778	0.0481648181749	-0.0642845770831	-0.0329234759292	-0.0274109295284	-0.0343665555958	-0.00824799778615	-0.00957481541133	-0.0249482517022	-0.00122159789065	0.0241386679489	-0.0206362044219	0.0489867902284	-0.0903037017868	0.00442482289027	-0.084669274213	0.0275761369661	-0.0101176546707	-0.00247159433417	-0.0495193054378	-0.0112197170621
k__Bacteria;p__Bacteroidetes;c__Bacteroidia;o__Bacteroidales;f__Odoribacteraceae;g__Odoribacter;s__Odoribacter_splanchnicus	0.0399288034153	-0.0110577262514	-0.0103013999582	-0.0193551657362	0.0209989698325	-0.019429307296	-0.00221737149496	-0.00561196475023	-0.021961221164	0.0915732420976	-0.0442967498139	-0.0388069163629	-0.0358346349461	-0.00848357792666	0.0747553365106	0.0206271463	0.0510069953298	-0.0025614684317	0.0200506905997	1.0	0.0238649863334	0.0469514171182	-0.0302214587483	-0.0225978260342	-0.013337132777	-0.0526015273784	-0.00506561873245	0.0224743496653	0.00180330294118	0.0206848199894	0.0193894527095	-0.0306203340995	-0.037858709044	0.0302867720743	-0.0572630380893	-0.0468017895689	0.0190421598919	0.0114848803635	0.0131203870234	-0.000117901547251	0.0158112345309	-0.009976804445	-0.0141360229547	-0.0254364093171	-0.0274826118677	-0.00668698128931	0.0248707737544	0.00395525526691	-0.013378024799	-0.0739689808125	-0.0711722016563	-0.0705648722363	-0.00776612035955	-0.00904765665464	-0.00335306890956	-0.00432547632136	0.0181009054836	-0.029740858439	-0.00498074666878
k__Bacteria;p__Bacteroidetes;c__Bacteroidia;o__Bacteroidales;f__Bacteroidaceae;g__Bacteroides;s__Bacteroides_salyersiae	-0.0496536618775	0.0298055377421	0.0263273633503	0.0201535360316	-0.00253763994554	-0.0294139131364	-0.0582498031546	-0.0171754310425	-0.0429222303461	-0.0143881221573	-0.0108711095059	0.0303881629147	-0.0264356797883	-0.0452060585632	0.0578003485837	-0.028290465392	-0.00238141885641	-0.00480839129612	-0.046047811699	0.0238649863334	1.0	-0.0404696974586	-0.0587719942566	-0.00431925405848	-0.0201276680983	0.00978299509516	0.0667068568466	0.0101163584166	0.0058021643179	-0.00870982052114	-0.0246826958855	0.0451095014653	0.00762032413122	0.00834265967582	-0.0494374390446	0.0160033443641	0.0164811920532	-0.0687729542043	-0.0138602799274	0.00629074159804	-0.048037176416	0.0382463045805	0.0305650503271	-0.0272420615185	-0.0346606517388	-0.0454821035953	-0.0552351734317	-0.0431569237104	0.0439441665008	0.0269183080874	0.00657034320988	-0.0329560583798	-0.0326099724447	-0.0533350861341	0.0105386385631	-0.0127686100694	0.0189898129281	0.00145347561888	-0.00551101605588
k__Bacteria;p__Firmicutes;c__Clostridia;o__Clostridiales;f__Ruminococcaceae;g__Ruminiclostridium;s__[Eubacterium]_siraeum	-0.0133767831169	0.0283825951951	-0.00372080254617	0.0509329524565	0.0185057816844	-0.0173006862023	-0.0320320599254	-0.0860381489691	0.0426482426909	-0.0175290167028	-0.017657749489	0.050085459198	-0.0321725550665	-0.0195380055358	0.0189615810131	0.0291424567775	-0.0120859631271	-0.0141514869509	0.0321491478179	0.0469514171182	-0.0404696974586	1.0	0.00428717044167	0.0277896966087	0.00213389758376	-0.050330442669	-0.00181129670811	-0.0195060746959	0.0146488839126	-0.0167556483108	0.00418722213048	-0.00967635779745	-0.00233705896696	-0.0190885358077	-0.0322478011605	-0.0324856258142	0.0308795406816	-0.0183099546668	-0.030508607175	-0.0414006879108	0.0655259236285	0.00152509870109	0.00704184653087	-0.0535624073988	0.0288761050788	-0.0265431605299	0.00597429830481	-0.0448184064081	-0.017880550333	-0.0454913479922	0.0483854378937	-0.0481721874529	-0.0144665210177	-0.0299077939314	-0.0364693087204	-4.11709597589e-05	-0.0097508019241	-0.0776451012182	0.0361011760666
k__Bacteria;p__Proteobacteria;c__Betaproteobacteria;o__Burkholderiales;f__Sutterellaceae;g__Parasutterella;s__Parasutterella_excrementihominis	-0.0283184492076	0.0146913626265	0.0221744749485	-0.00539138129157	-0.0256199136112	0.018367570119	-0.0678299826806	0.0244084379269	0.0206991469519	-0.0161986050033	-0.0551623626061	-0.0366548101346	-0.033833593613	-0.0212696471846	-0.0161877829595	0.026249275119	0.00247068073855	-0.045040908781	-0.0836514075632	-0.0302214587483	-0.0587719942566	0.00428717044167	1.0	0.0140139181321	0.0275000220188	0.0636024565494	-0.0151185058769	0.00826780906089	0.0273006985696	0.0250793111109	-0.0391340848531	-0.0553531312262	0.0525485993384	0.0289601673682	0.0070530708144	0.0797666727526	-0.045830996574	-0.0160089142182	0.00446523359264	-0.0336911058166	-0.0223014954181	-0.0211272857212	0.0026931273086	-0.0351731459269	0.00795655810374	0.011242731707	0.0114331375167	-0.00589865161583	0.0289476568901	-0.0267604520485	0.0434405214009	0.0289285210648	0.00394899412689	-0.0634136430678	-0.028790211989	-0.0224777705424	0.0357676625913	0.0313812256112	-0.0657394727875
k__Bacteria;p__Actinobacteria;c__Actinobacteria;o__Bifidobacteriales;f__Bifidobacteriaceae;g__Bifidobacterium;s__Bifidobacterium_adolescentis	0.0154875999088	0.016133301221	-0.00137823203188	-0.0423557574882	0.0251227230871	0.00389562816099	-0.0356380262832	0.0166341038468	0.00219926895925	-0.0130982479269	0.00966815782259	-0.0280175494246	-0.0572730231307	-0.0341653763908	-0.0287424647675	0.0194454565931	-0.0302521346994	-0.0327258728003	-0.00327988809663	-0.0225978260342	-0.00431925405848	0.0277896966087	0.0140139181321	1.0	0.0111455606839	-0.0374271713991	0.0837474633371	-0.0359426244758	0.0143295947409	0.0515851564252	-0.0124978845565	-0.062910714011	-0.0500122748128	0.0570702819399	0.0200591697289	-0.0278708094106	-0.0885367745969	0.0287378248189	0.0185862877495	-0.00389833071132	0.0169581982507	-0.0290064586046	-0.0276019261345	-0.0284223052643	-0.00558640233232	0.014908725723	0.0075732720501	0.00487057204223	0.0664509697892	-0.0229082352976	-0.0125380178175	-0.0479822707328	0.0485021522166	-0.0303793797481	0.0178843980342	0.0308685754402	-0.0423083538666	-0.0304236333567	0.0509538039625
k__Bacteria;p__Firmicutes;c__Clostridia;o__Clostridiales;f__Oscillospiraceae;g__Oscillibacter;s__Oscillibacter_sp._KLE_1745	0.0144093849147	-0.0558062307117	-0.0440214472305	-0.00197967944178	0.0449104077975	0.0449062362556	-0.00707516211162	5.89788422589e-05	-0.021976161995	0.00626260204473	0.0145313686509	-0.00794877874987	0.0161429057972	-0.0353739835259	-0.0511943782336	0.0402046745072	-0.0468903087739	-0.0289058599746	-0.00462431095037	-0.013337132777	-0.0201276680983	0.00213389758376	0.0275000220188	0.0111455606839	1.0	-0.0137057501139	-0.0251336042095	-0.00687281314918	-0.0196800719235	-0.00338063885517	-0.046138146006	-0.0339865198378	-0.0439379566135	-0.0435336863162	-0.0648628622225	-0.0182658665763	0.0324635852855	0.0172491524019	0.0210026283642	0.0297460915907	0.0250422879731	-0.0260730412275	0.0336961534548	-0.0288519517896	-0.0676584631392	-0.0424574948424	0.0321046374391	-0.0239376974172	0.0124005068521	0.0421444917509	0.00136799340211	-0.00632731376326	0.000780021091712	-0.0683377751427	0.0381109040591	-0.0240784781435	0.00579125111008	-0.0113501984675	-0.00487422630127
k__Bacteria;p__Bacteroidetes;c__Bacteroidia;o__Bacteroidales;f__Bacteroidaceae;g__Bacteroides;s__Bacteroides_coprophilus	-0.00761980078835	-0.000253700580925	-0.0573993067792	0.00860641474027	0.0471794532362	0.0454432745739	-0.0710790551985	-0.0197092929434	-0.0325039975934	-0.0303225947972	-0.000899097719295	-0.020435671112	-0.0233543487185	-0.11628051074	0.0334361858125	-0.0445863116939	-0.00392610743002	0.0046460194795	-0.0327385338722	-0.0526015273784	0.00978299509516	-0.050330442669	0.0636024565494	-0.0374271713991	-0.0137057501139	1.0	-0.0225059459698	0.0308428687377	-0.0237200940095	-0.0174158980016	-0.0292776355632	-0.00943660830541	-0.019884374443	-0.0111137817223	-0.058433081613	-0.0122373700317	0.0231275789035	-0.00603300844898	-0.0142205971978	-0.00191131140394	0.056927017785	0.0581144175987	-0.0424327120292	-0.000465562132545	-0.0241709196237	0.0377163878071	-0.00404205606463	-0.0107960013819	0.0369514823449	0.0211750716074	-0.0337336287626	-0.0214739755123	0.0265604603224	-0.0502511709058	0.0669588519905	0.0181875326237	-0.0231068292561	0.0533880932425	0.00250936775998
k__Bacteria;p__Firmicutes;c__Clostridia;o__Clostridiales;f__Lachnospiraceae;g__Roseburia;s__Roseburia_intestinalis	-0.030704522836	-0.0254197766878	0.0229272887858	-0.0724717980633	-0.0278415019286	0.0349093271731	-0.0225732604368	-0.0392396342433	-0.0419376594494	-0.00796272251812	-0.0477358469524	-0.044319900158	-0.0587087408111	0.012396845583	-0.0409235612528	0.0154675422314	-0.0382328041958	-0.015845987518	0.000456211914964	-0.00506561873245	0.0667068568466	-0.00181129670811	-0.0151185058769	0.0837474633371	-0.0251336042095	-0.0225059459698	1.0	0.0117665306646	-0.0411420395814	-0.0650314386638	0.00393350448391	-0.0255482689196	-0.0623554358128	-0.0195031742599	0.0374557996757	0.0116048192816	-0.0423186235481	0.0208515084426	0.0369827294243	-0.0271394046997	0.00641313381588	-0.00962755391638	-0.0540701921588	-0.0306458552701	-0.0316037013092	0.0158257535109	-0.0176570647008	-0.00952312487158	0.0499285199453	-0.0211698283591	-0.0192703328392	0.0682868682727	-0.0123975796934	0.00587971295831	0.0039576866649	0.0436690533839	-0.00889068502499	-0.00910262289103	0.011539417901
k__Bacteria;p__Firmicutes;c__Clostridia;o__Clostridiales;f__Lachnospiraceae;g__Roseburia;s__Roseburia_hominis	-0.0397834152402	-0.0556554001369	-0.0246578048591	-0.0273136788636	0.00478780947402	-0.0262549215723	-0.0338397697504	0.0489795470041	-0.0533036284399	0.0287821171432	-0.0090409590702	0.0132796899853	-0.0386826446647	-0.0692136717423	-0.0218920596093	-0.0257705465672	-0.0530522061783	-0.00833329999525	0.0191572677921	0.0224743496653	0.0101163584166	-0.0195060746959	0.00826780906089	-0.0359426244758	-0.00687281314918	0.0308428687377	0.0117665306646	1.0	-0.044064651726	0.0118145162822	0.0423534345423	-0.0268133479102	0.0379875168015	0.0194583290838	-0.0250760170841	0.00803930112082	0.0333896097657	0.0675224042832	0.0105804568789	-0.00819671476065	-0.0601981062301	-0.00620050875987	0.0044499083633	-0.0390986826568	-0.0428765647335	0.0340122068099	-0.080696091632	0.0502132035366	0.0243101482846	-0.00710965198454	-0.0287332790143	0.0617270187971	-0.023080272825	0.0115005458255	-0.0463505709117	-0.0253779944817	0.00330637723423	-0.00215481333853	-0.0651902448305
k__Bacteria;p__Bacteroidetes;c__Bacteroidia;o__Bacteroidales;f__Porphyromonadaceae;g__Parabacteroides;s__Parabacteroides_johnsonii	-0.034277494928	0.00893451840557	0.01982733923	0.0111901868133	0.00320112048581	0.0389420595332	0.025175664653	-0.0119782766562	0.0562111550225	-0.054154993344	-0.0195755566784	0.0158847516694	0.0716383471979	-0.0808258866359	-0.00637913451352	0.0113522679766	0.0321363534825	0.045507681202	-0.0240807650815	0.00180330294118	0.0058021643179	0.0146488839126	0.0273006985696	0.0143295947409	-0.0196800719235	-0.0237200940095	-0.0411420395814	-0.044064651726	1.0	0.020360619228	0.00542029592842	0.0119207695091	-0.0389468744141	0.0403525453973	0.00570506868486	-0.0213991312987	-0.0465193471933	-0.026766168529	-0.028021894336	0.0465898448338	-0.00570439453382	-0.0179967200101	-0.0351868202623	-0.0129917173808	-0.0202232309921	-0.0177841277602	-0.0036377256138	0.00782086998968	-0.0181422877359	-0.00467209711411	-0.00874181909685	-0.0065902668458	-0.0025860365567	0.0065928682453	0.0283265385645	-0.0241696339311	-0.0526323651121	-0.067808699443	0.0212689418046
k__Bacteria;p__Actinobacteria;c__Actinobacteria;o__Bifidobacteriales;f__Bifidobacteriaceae;g__Bifidobacterium;s__Bifidobacterium_longum	-0.0277694113327	-0.00751288851053	-0.0593075202864	-0.0164222241385	-0.0183520097363	0.0552367448696	-0.0451884275959	0.0138357655483	0.0373635014997	0.0509659213186	-0.0315240820435	-0.0269348198096	0.0113419218931	-0.069445360072	0.0686033369973	-0.0485814697009	-0.0352842595414	0.0262608031454	0.0369318907167	0.0206848199894	-0.00870982052114	-0.0167556483108	0.0250793111109	0.0515851564252	-0.00338063885517	-0.0174158980016	-0.0650314386638	0.0118145162822	0.020360619228	1.0	-0.0402806579235	0.0274958279454	-0.0173182393363	-0.0575813713433	0.00449072522129	0.0266643609071	-0.011160110903	-0.0414543028062	-0.0305728237553	-0.0129863369193	0.0669867510442	-0.00367892776092	-0.0509149358217	-0.0115305455481	-0.0128274001726	0.0718516474653	0.0200782958773	0.00462046579317	0.0144663991306	-0.059768974963	-0.0454424022126	-0.00645438135191	0.0108957404739	0.00487714585901	-0.0634437478983	-0.0383173759689	-0.0100984915359	0.0386471573816	-0.0315039139853
