#taxonomy	k__Bacteria;p__Bacteroidetes;c__Bacteroidia;o__Bacteroidales;f__Bacteroidaceae;g__Bacteroides;s__Bacteroides_vulgatus	k__Bacteria;p__Bacteroidetes;c__Bacteroidia;o__Bacteroidales;f__Bacteroidaceae;g__Bacteroides;s__Bacteroides_uniformis	k__Bacteria;p__Bacteroidetes;c__Bacteroidia;o__Bacteroidales;f__Rikenellaceae;g__Alistipes;s__Alistipes_putredinis	k__Bacteria;p__Bacteroidetes;c__Bacteroidia;o__Bacteroidales;f__Prevotellaceae;g__Prevotella;s__Prevotella_copri	k__Bacteria;p__Bacteroidetes;c__Bacteroidia;o__Bacteroidales;f__Bacteroidaceae;g__Bacteroides;s__Bacteroides_stercoris	k__Bacteria;p__Bacteroidetes;c__Bacteroidia;o__Bacteroidales;f__Bacteroidaceae;g__Bacteroides;s__Bacteroides_ovatus	k__Bacteria;p__Bacteroidetes;c__Bacteroidia;o__Bacteroidales;f__Rikenellaceae;g__Alistipes;s__Alistipes_shahii	k__Bacteria;p__Firmicutes;c__Clostridia;o__Clostridiales;f__Ruminococcaceae;g__Faecalibacterium;s__Faecalibacterium_prausnitzii	k__Bacteria;p__Bacteroidetes;c__Bacteroidia;o__Bacteroidales;f__Rikenellaceae;g__Alistipes;s__Alistipes_finegoldii	k__Bacteria;p__Bacteroidetes;c__Bacteroidia;o__Bacteroidales;f__Porphyromonadaceae;g__Parabacteroides;s__Parabacteroides_distasonis	k__Bacteria;p__Bacteroidetes;c__Bacteroidia;o__Bacteroidales;f__Bacteroidaceae;g__Bacteroides;s__Bacteroides_thetaiotaomicron	k__Bacteria;p__Bacteroidetes;c__Bacteroidia;o__Bacteroidales;f__Bacteroidaceae;g__Bacteroides;s__Bacteroides_coprocola	k__Bacteria;p__Bacteroidetes;c__Bacteroidia;o__Bacteroidales;f__Bacteroidaceae;g__Bacteroides;s__Bacteroides_cellulosilyticus	k__Bacteria;p__Bacteroidetes;c__Bacteroidia;o__Bacteroidales;f__Rikenellaceae;g__Alistipes;s__Alistipes_obesi	k__Bacteria;p__Firmicutes;c__Clostridia;o__Clostridiales;f__Lachnospiraceae;g__;s__[Eubacterium]_rectale	k__Bacteria;p__Bacteroidetes;c__Bacteroidia;o__Bacteroidales;f__Bacteroidaceae;g__Bacteroides;s__Bacteroides_plebeius	k__Bacteria;p__Bacteroidetes;c__Bacteroidia;o__Bacteroidales;f__Bacteroidaceae;g__Bacteroides;s__Bacteroides_fragilis	k__Bacteria;p__Proteobacteria;c__Betaproteobacteria;o__Burkholderiales;f__Sutterellaceae;g__Sutterella;s__Sutterella_wadsworthensis	k__Bacteria;p__Bacteroidetes;c__Bacteroidia;o__Bacteroidales;f__Porphyromonadaceae;g__Barnesiella;s__Barnesiella_intestinihominis	k__Bacteria;p__Bacteroidetes;c__Bacteroidia;o__Bacteroidales;f__Odoribacteraceae;g__Odoribacter;s__Odoribacter_splanchnicus	k__Bacteria;p__Bacteroidetes;c__Bacteroidia;o__Bacteroidales;f__Bacteroidaceae;g__Bacteroides;s__Bacteroides_salyersiae	k__Bacteria;p__Firmicutes;c__Clostridia;o__Clostridiales;f__Ruminococcaceae;g__Ruminiclostridium;s__[Eubacterium]_siraeum	k__Bacteria;p__Proteobacteria;c__Betaproteobacteria;o__Burkholderiales;f__Sutterellaceae;g__Parasutterella;s__Parasutterella_excrementihominis	k__Bacteria;p__Actinobacteria;c__Actinobacteria;o__Bifidobacteriales;f__Bifidobacteriaceae;g__Bifidobacterium;s__Bifidobacterium_adolescentis	k__Bacteria;p__Firmicutes;c__Clostridia;o__Clostridiales;f__Oscillospiraceae;g__Oscillibacter;s__Oscillibacter_sp._KLE_1745	k__Bacteria;p__Bacteroidetes;c__Bacteroidia;o__Bacteroidales;f__Bacteroidaceae;g__Bacteroides;s__Bacteroides_coprophilus	k__Bacteria;p__Firmicutes;c__Clostridia;o__Clostridiales;f__Lachnospiraceae;g__Roseburia;s__Roseburia_intestinalis	k__Bacteria;p__Firmicutes;c__Clostridia;o__Clostridiales;f__Lachnospiraceae;g__Roseburia;s__Roseburia_hominis	k__Bacteria;p__Bacteroidetes;c__Bacteroidia;o__Bacteroidales;f__Porphyromonadaceae;g__Parabacteroides;s__Parabacteroides_johnsonii	k__Bacteria;p__Actinobacteria;c__Actinobacteria;o__Bifidobacteriales;f__Bifidobacteriaceae;g__Bifidobacterium;s__Bifidobacterium_longum	k__Bacteria;p__Firmicutes;c__Clostridia;o__Clostridiales;f__;g__Flavonifractor;s__Flavonifractor_plautii	k__Bacteria;p__Firmicutes;c__Clostridia;o__Clostridiales;f__Clostridiaceae;g__Clostridium;s__Clostridium_phoceensis	k__Bacteria;p__Verrucomicrobia;c__Verrucomicrobiae;o__Verrucomicrobiales;f__Akkermansiaceae;g__Akkermansia;s__Akkermansia_muciniphila	k__Bacteria;p__Bacteroidetes;c__Bacteroidia;o__Bacteroidales;f__Prevotellaceae;g__Paraprevotella;s__Paraprevotella_xylaniphila	k__Bacteria;p__Firmicutes;c__Clostridia;o__Clostridiales;f__Ruminococcaceae;g__Ruminococcus;s__Ruminococcus_callidus	k__Bacteria;p__Bacteroidetes;c__Bacteroidia;o__Bacteroidales;f__Rikenellaceae;g__Alistipes;s__Alistipes_senegalensis	k__Bacteria;p__Firmicutes;c__Clostridia;o__Clostridiales;f__Lachnospiraceae;g__Blautia;s__Blautia_sp._KLE_1732	k__Bacteria;p__Bacteroidetes;c__Bacteroidia;o__Bacteroidales;f__Bacteroidaceae;g__Bacteroides;s__Bacteroides_oleiciplenus	k__Bacteria;p__Firmicutes;c__Clostridia;o__Clostridiales;f__Ruminococcaceae;g__Ruminococcus;s__Ruminococcus_bicirculans	k__Bacteria;p__Bacteroidetes;c__Bacteroidia;o__Bacteroidales;f__Bacteroidaceae;g__Bacteroides;s__Bacteroides_fluxus	k__Bacteria;p__Bacteroidetes;c__Bacteroidia;o__Bacteroidales;f__Prevotellaceae;g__Prevotella;s__Prevotella_stercorea	k__Bacteria;p__Firmicutes;c__Clostridia;o__Clostridiales;f__Lachnospiraceae;g__Dorea;s__Dorea_longicatena	k__Bacteria;p__Firmicutes;c__Clostridia;o__Clostridiales;f__Eubacteriaceae;g__Eubacterium;s__[Eubacterium]_eligens	k__Bacteria;p__Firmicutes;c__Clostridia;o__Clostridiales;f__Ruminococcaceae;g__;s__Ruminococcaceae_bacterium_D16	k__Bacteria;p__Firmicutes;c__Clostridia;o__Clostridiales;f__Lachnospiraceae;g__Coprococcus;s__Coprococcus_comes	k__Bacteria;p__Proteobacteria;c__Gammaproteobacteria;o__Enterobacterales;f__Enterobacteriaceae;g__Escherichia;s__Escherichia_coli	k__Bacteria;p__Firmicutes;c__Clostridia;o__Clostridiales;f__Ruminococcaceae;g__Anaerotruncus;s__Anaerotruncus_colihominis	k__Bacteria;p__Firmicutes;c__Clostridia;o__Clostridiales;f__Lachnospiraceae;g__Blautia;s__Blautia_obeum	k__Bacteria;p__Bacteroidetes;c__Bacteroidia;o__Bacteroidales;f__Odoribacteraceae;g__Odoribacter;s__Odoribacter_laneus	k__Bacteria;p__Firmicutes;c__Clostridia;o__Clostridiales;f__Ruminococcaceae;g__Ruminiclostridium;s__[Clostridium]_leptum	k__Bacteria;p__Bacteroidetes;c__Bacteroidia;o__Bacteroidales;f__Porphyromonadaceae;g__Parabacteroides;s__Parabacteroides_goldsteinii	k__Bacteria;p__Firmicutes;c__Clostridia;o__Clostridiales;f__Lachnospiraceae;g__Anaerostipes;s__Anaerostipes_hadrus	k__Bacteria;p__Firmicutes;c__Clostridia;o__Clostridiales;f__Ruminococcaceae;g__Ruminococcus;s__Ruminococcus_lactaris	k__Bacteria;p__Firmicutes;c__Clostridia;o__Clostridiales;f__Clostridiaceae;g__Clostridium;s__Clostridium_sp._L2-50	k__Bacteria;p__Firmicutes;c__Clostridia;o__Clostridiales;f__Clostridiaceae;g__Clostridium;s__Clostridium_sp._M62/1	k__Bacteria;p__Firmicutes;c__Clostridia;o__Clostridiales;f__;g__Intestinimonas;s__Intestinimonas_butyriciproducens	k__Bacteria;p__Actinobacteria;c__Actinobacteria;o__Bifidobacteriales;f__Bifidobacteriaceae;g__Bifidobacterium;s__Bifidobacterium_bifidum	k__Bacteria;p__Firmicutes;c__Negativicutes;o__Veillonellales;f__Veillonellaceae;g__Dialister;s__Dialister_invisus	k__Bacteria;p__Bacteroidetes;c__Bacteroidia;o__Bacteroidales;f__Bacteroidaceae;g__Bacteroides;s__Bacteroides_salanitronis
k__Bacteria;p__Bacteroidetes;c__Bacteroidia;o__Bacteroidales;f__Bacteroidaceae;g__Bacteroides;s__Bacteroides_vulgatus	1.0	-0.0354186944576	0.0324900527889	0.00011244389076	0.0342936338478	-0.0148217870568	-0.0331208969195	-0.0121078404771	-0.0297313549125	0.0196326808959	-0.0126137847311	-0.014066949699	0.00239194321168	-0.00721509075438	0.0140208822274	-0.0575578468452	-0.0206225637629	-0.0119425969294	0.00306254318533	0.0117455701705	0.0130441229404	-0.0357775664679	-0.00914376075814	-3.67800091376e-05	0.0844570571855	0.0265749519723	-0.030677811552	-0.0320006939839	0.0329669493439	0.0190343807198	-0.0501592129265	-0.0462527141778	-0.0056899573513	-0.0215131597316	-0.0624100978078	-0.0298928729747	0.022203950802	0.0197828416205	-0.0122760163379	-0.00942829349697	-0.069139235517	-0.0400294118188	0.0331416929764	0.037844856548	-0.00892506940605	-0.0477830799909	-0.0142623479966	-0.0209020530664	-0.021524942595	0.00257386016268	-0.0246412990549	-0.0529894842539	-0.0129328295335	0.026304910587	-0.0190967472024	-0.0562745609898	-0.00872320893476	0.0165161416683	-0.04061040704
k__Bacteria;p__Bacteroidetes;c__Bacteroidia;o__Bacteroidales;f__Bacteroidaceae;g__Bacteroides;s__Bacteroides_uniformis	-0.0354186944576	1.0	-0.0313487727061	0.000622534891899	0.0723300184376	-0.0118578220556	-0.00884889929613	-0.0441505840127	-0.041122184794	-0.00210135066739	-0.00960823205643	-0.0217633212327	-0.0113543463865	-0.020983169356	-0.00730852905802	-0.038267478768	0.0191259471083	-0.0648587116071	0.00636884380013	-0.017541486976	-0.0121419932016	0.0146693289127	-0.022567623104	0.0544501710318	0.00674409680564	-0.00382425692471	-0.00282046119896	-0.0468026099044	0.016696269757	-0.0290845819134	-0.0870581891556	0.0119612298478	0.0182429408822	-0.0151446927795	-0.0489715373593	-0.0496977068907	0.0247618575105	-0.0307749181838	-0.00319169867681	-0.0795612537217	-0.0599584967948	-0.0190409104103	-0.0620355283171	0.0355934669537	0.00177132549084	0.0223629173265	-0.01689077514	-0.0132940805418	0.0564991356244	0.0355089523021	-0.0399737131897	-0.0878548715386	0.0461720045873	-0.0329133655307	0.0512602573089	-0.0158751060656	-0.066719598001	0.0340903755616	-0.00438774131586
k__Bacteria;p__Bacteroidetes;c__Bacteroidia;o__Bacteroidales;f__Rikenellaceae;g__Alistipes;s__Alistipes_putredinis	0.0324900527889	-0.0313487727061	1.0	0.0503254671423	0.0065447346288	0.0252289591124	0.0244186950148	-0.00617434481137	-0.0277381578846	0.031224493909	0.0193661050062	0.0387690910563	0.0417833957434	-0.000997603652884	-0.00170088429523	0.000910607531279	-0.0288588117395	-0.0496166225171	-0.0391023362589	-0.0217924435932	-0.00304064491677	0.0262472119185	0.0230794943067	0.0115519875592	-0.00745447945366	-0.00610249140764	0.0415209101786	-0.0219433676367	0.011244964295	-0.0121254153555	0.0273890470326	-0.0463751078019	-0.00917174112034	0.0741359275021	-0.0697473345356	-0.0431316103257	0.0384861092149	-0.00115408316645	0.0375116041959	0.0213438817932	0.0112743758669	-0.0443615332176	-0.0602284834898	-0.0588195151224	0.018612398264	-0.0949840842785	-0.0378034201603	0.0311598653805	-0.0300490080663	-0.071164082533	0.0128878067624	0.00257664371955	-0.0486302330806	-0.0237370796961	-0.00563136081222	-0.0379857086015	-0.000878563301146	-0.0315777368643	-0.0113806634309
k__Bacteria;p__Bacteroidetes;c__Bacteroidia;o__Bacteroidales;f__Prevotellaceae;g__Prevotella;s__Prevotella_copri	0.00011244389076	0.000622534891899	0.0503254671423	1.0	0.00163556043295	-0.063000430763	0.0363659917039	-0.0232498924612	-0.0369841647974	-0.0465103022357	-0.0168282078871	-0.00678976323304	-0.0140576266486	0.00104494713138	0.0233986985598	-0.019340906872	-0.00567195759185	-0.0539497921826	-0.0478907624242	-0.0469373472718	0.022292086891	0.046446084329	-0.049673579801	-0.00850242209099	-0.00253575511684	0.00368162726247	0.00865670135324	0.0442227666646	-0.0369082809936	-0.0478028916405	-0.0117712301746	-0.0496016649026	0.0320924924305	-0.0445341827331	-0.00988387174603	-0.0248376684951	-0.020522737827	-0.0607431110668	-0.0286356815969	0.00177336738104	0.0375987155725	0.00931138424274	0.00294071076691	-0.0125050342735	0.0126669145434	0.0750745498434	-0.0179474062017	-0.0162949581269	0.0390599431337	0.0306542675494	-0.0312021819356	0.00701113713918	0.033961246681	-0.039729686273	-0.044595169608	0.0719756363734	0.0541514898785	0.00712801787166	0.00175919592557
k__Bacteria;p__Bacteroidetes;c__Bacteroidia;o__Bacteroidales;f__Bacteroidaceae;g__Bacteroides;s__Bacteroides_stercoris	0.0342936338478	0.0723300184376	0.0065447346288	0.00163556043295	1.0	0.000242027107104	0.08583550472	-0.0123458016034	0.0379635664465	-0.00394302668574	-0.0136115761632	-0.0542444543937	-0.0156724989207	0.0228949197682	0.00536578165166	-0.0405639373957	-0.0475239998872	-0.0178907423948	0.0269995914468	0.0524826553135	-0.0245386366309	-0.0185200443026	-0.0314137839297	-0.0254867778302	-0.0142871982336	-0.023466493309	-0.0140720962717	0.0394909234817	-0.0291288906188	-0.0708520500738	-0.0497086023594	0.0147688506709	-0.0463858555413	-0.0384956902899	-0.0394444929407	-0.0302678611821	-0.0260452844391	0.0013230554438	0.0205993294416	-0.0335333143158	-0.031744516511	-0.0331009618931	-0.00243488352249	0.0362103291718	0.0343750014601	-0.00369070067632	-0.0450718602266	0.0142713528741	0.0188849548374	-0.0509368801996	-0.0210953221994	0.0427504381273	0.046325717444	-0.0131395858181	-0.00761223350101	-0.008700625201	0.0635941064488	-0.014710477695	-0.0173994170201
k__Bacteria;p__Bacteroidetes;c__Bacteroidia;o__Bacteroidales;f__Bacteroidaceae;g__Bacteroides;s__Bacteroides_ovatus	-0.0148217870568	-0.0118578220556	0.0252289591124	-0.063000430763	0.000242027107104	1.0	0.0377514465875	0.0475310124465	0.00326565522834	0.0422488102903	-0.0142278676678	-0.00042704272679	0.0100803780551	0.0528495421469	-0.0200549651309	0.0516335017889	-0.0345541309724	-0.017652112703	-0.0828839596773	0.0377014905419	0.0184351105604	-0.0225858094032	-0.00470074437382	-0.0161093600834	-0.0463416885644	-0.0629044828971	-0.0271023126625	0.0453803947553	-0.0761503315823	-0.0115520384622	-0.00491167254737	0.0181863883132	0.0451539523382	-0.0494666708488	-0.00773302609098	0.0101966856758	0.0131087039585	-0.0447078330298	-0.0563192393985	0.0383985275288	0.0608796339961	-0.048136364401	-0.0277606183652	-0.0114862514306	-0.0132908547922	-0.000773590147029	-0.00628258649672	0.0104715323314	-0.0283944734522	-0.0387409228169	0.0409830364021	-0.0645781147823	-0.0144665587493	-0.052218543027	-0.0220693992594	-0.0395171290626	0.048312551112	-0.0205478456318	0.00435489819771
k__Bacteria;p__Bacteroidetes;c__Bacteroidia;o__Bacteroidales;f__Rikenellaceae;g__Alistipes;s__Alistipes_shahii	-0.0331208969195	-0.00884889929613	0.0244186950148	0.0363659917039	0.08583550472	0.0377514465875	1.0	-0.0227842717101	-0.0168166831814	0.00876047671946	0.000939223852296	-0.0427957478073	0.0214333106193	0.019783888158	0.0285562067734	-0.0333900222323	-0.0642477685913	-0.0469583530826	0.00518375729844	-0.0282462040367	-0.00865541797973	-0.0483148230268	-0.00669391299684	-0.0217384811447	0.00701729863939	0.0105485484281	0.0448302151571	-0.0426154970753	0.00229033752533	-0.0284818361995	-0.018567227422	-0.0582348654119	0.00557701690819	0.00177898828262	-0.0201851867627	0.0197790786124	-0.00428201071525	0.00909056897676	-0.042972326004	-0.0312871554734	-0.0479040955459	-0.0206184761232	-0.0129126063069	-0.0397054764579	-0.00471506727283	0.0248590429611	-0.00668642195877	0.0384754505857	0.00663286983888	-0.0338137811464	-0.0606249979025	0.016420486754	-0.00418421464031	0.0117725220204	0.0313200068029	0.0497609348234	0.013316088222	-0.00504037312666	0.029309180352
k__Bacteria;p__Firmicutes;c__Clostridia;o__Clostridiales;f__Ruminococcaceae;g__Faecalibacterium;s__Faecalibacterium_prausnitzii	-0.0121078404771	-0.0441505840127	-0.00617434481137	-0.0232498924612	-0.0123458016034	0.0475310124465	-0.0227842717101	1.0	-0.0172284118809	0.0407961018508	0.0132497466791	-0.091044046042	-0.0413526577435	0.0083987741983	0.0329708131659	-0.0295368954307	-0.0711682598159	-0.0333470262129	-0.0178547651436	0.00596813234904	-0.033253273006	-0.0205270049445	-0.00631347429094	-0.0325546275637	-0.0428816726616	0.00225941605426	0.033886638245	-0.0156324356515	-0.0164922749702	-0.0702065840972	0.00663842746008	-0.00592462491541	0.0191768306877	-0.0150209693948	0.040130863284	0.0126358452107	-0.0529306161902	-0.0854832902356	-0.0543408964102	-0.0308661928054	-0.0133236031161	-0.0413550742138	-0.0666658569716	-0.0502718597352	-0.0139177046705	0.00854559268106	-0.0312741580991	0.0167047847144	-0.00772368163855	-0.0107455168942	0.0568229654474	-0.000112561928587	-0.00291662525634	0.00849437511495	0.0263073979184	-0.101515801302	0.061665730071	0.0436690599673	0.0447941333721
k__Bacteria;p__Bacteroidetes;c__Bacteroidia;o__Bacteroidales;f__Rikenellaceae;g__Alistipes;s__Alistipes_finegoldii	-0.0297313549125	-0.041122184794	-0.0277381578846	-0.0369841647974	0.0379635664465	0.00326565522834	-0.0168166831814	-0.0172284118809	1.0	0.0119456145088	-0.0158586676829	-0.0270330298608	0.0113261823016	-0.013912545285	-0.0473124148427	-0.0255044985926	0.0483616104777	0.0157040370877	-0.0731069990782	0.0250545207793	0.0356596208313	0.0306573007913	0.0232072018153	-0.0076357699492	-0.0247107046683	-0.0301946863312	0.0273048811517	-0.015144690689	-0.012438158706	-0.00559781990997	0.00869671346039	0.0563059098263	0.0020509667768	0.0275005530303	-0.0071464295343	0.0523680465564	0.023076524863	-0.0645226567603	-0.0148050954947	-0.057506679219	-0.0361703173217	-0.0315562176847	0.0171251505835	-0.0848228195556	-0.00963292206368	-0.0540516937649	0.0558046015496	-0.021013359405	0.0448262237088	0.0293309003187	0.0787196779088	0.00921173340083	0.015880000488	-0.00304264375963	0.0257699968041	-0.0384609257505	-0.066074318426	-0.00177140117094	-0.0120150404974
k__Bacteria;p__Bacteroidetes;c__Bacteroidia;o__Bacteroidales;f__Porphyromonadaceae;g__Parabacteroides;s__Parabacteroides_distasonis	0.0196326808959	-0.00210135066739	0.031224493909	-0.0465103022357	-0.00394302668574	0.0422488102903	0.00876047671946	0.0407961018508	0.0119456145088	1.0	-0.057735116904	0.0581741092586	-0.0507134265462	0.0184048850555	0.0439102183483	-0.0180690857946	0.0169592801467	0.0402081228103	-0.0550663695541	-0.0442603369624	0.0382540609112	-0.0354497409872	-0.0311370123371	0.0171064721243	0.00816633861102	-0.00100974693555	-0.00728742347694	0.0501087812275	-0.0351807077877	-0.0475501014483	0.0107760611663	0.00774160864774	-0.0320073847224	-0.0467960569836	0.00375957147161	-0.0676988598653	-0.0267309349405	-0.044061204642	-0.0742397892769	0.0643677526542	-0.0283988542809	-0.00407689538548	-0.0149368408654	-0.0466194396178	0.0571774701666	0.0500892356328	0.0236998423854	-0.00484844485692	0.020243741982	0.0259948869607	-0.0253442462119	-0.000909641038247	-0.0911506725894	0.00512433929078	0.0306663155456	0.0309491835734	0.0100965835793	-0.0425627253245	0.00456281647512
k__Bacteria;p__Bacteroidetes;c__Bacteroidia;o__Bacteroidales;f__Bacteroidaceae;g__Bacteroides;s__Bacteroides_thetaiotaomicron	-0.0126137847311	-0.00960823205643	0.0193661050062	-0.0168282078871	-0.0136115761632	-0.0142278676678	0.000939223852296	0.0132497466791	-0.0158586676829	-0.057735116904	1.0	0.0260094764164	0.0355114841027	0.0343748731747	-0.077778499991	-0.0283959562811	0.0057927063417	0.0614318427231	0.0447661445254	-0.0243233824081	0.0299679179498	0.00130341366243	-0.0456663797725	-0.0422811206775	0.0160924976945	-0.0187062358812	0.00343340941452	-0.0557011530088	0.0196706145544	0.032315629845	-0.000468292137014	-0.0615226650559	0.0421495963514	-0.0395953244066	-0.0171311649777	0.0300111500336	0.00094452953174	-0.0152553723125	0.0293922812971	-0.0499413496765	-0.0187303589702	-0.0611085545833	-0.0613072588636	-0.00233935524271	0.00476046276913	-0.00329916486685	0.0471140526995	-0.0362607619766	0.0218913380878	0.029922690479	-0.0957480001945	0.00706295789266	-0.0384029428631	0.0387380380508	-0.0219227627287	0.0449506553162	-0.0284391993241	0.0165606811953	-0.0156906989207
k__Bacteria;p__Bacteroidetes;c__Bacteroidia;o__Bacteroidales;f__Bacteroidaceae;g__Bacteroides;s__Bacteroides_coprocola	-0.014066949699	-0.0217633212327	0.0387690910563	-0.00678976323304	-0.0542444543937	-0.00042704272679	-0.0427957478073	-0.091044046042	-0.0270330298608	0.0581741092586	0.0260094764164	1.0	0.0642652118025	-0.0537321290498	-0.00417207180957	-0.0229794053604	0.0336672410067	-0.0216862275953	0.0103547130391	-0.0340746042721	0.0520127978322	-0.0157296059482	-0.0387341751283	-0.0194045836041	0.0546914318346	-0.0414448716823	0.00782624708945	-0.02431665292	-0.0303232774576	0.0453958077431	0.00209411018712	-0.0217847955847	-0.00558616684297	-0.0831371397743	0.0527152931333	0.00135570887484	-0.0481885417296	-0.00493023003748	0.0127092634414	0.00558248382189	-0.0451349663873	0.0349716819393	-0.0267829148365	-0.0347534493104	0.0173272575482	-0.0591356324843	-0.00909881009429	-0.0100455964435	0.0105990345183	-0.0403639362943	0.0528518779704	0.00282686484944	-0.0251682726731	0.012219293992	-0.0431986308575	0.0548867232651	0.0159842162243	0.0416319773524	-0.0482596268665
k__Bacteria;p__Bacteroidetes;c__Bacteroidia;o__Bacteroidales;f__Bacteroidaceae;g__Bacteroides;s__Bacteroides_cellulosilyticus	0.00239194321168	-0.0113543463865	0.0417833957434	-0.0140576266486	-0.0156724989207	0.0100803780551	0.0214333106193	-0.0413526577435	0.0113261823016	-0.0507134265462	0.0355114841027	0.0642652118025	1.0	0.0312679913261	0.0602771482846	-0.0548281157341	-0.0367378204448	0.0349185395939	-0.036093103369	0.0532409608688	-0.0567549811095	-0.0204015141756	-0.0274519094001	0.0456698722681	-0.0367643707194	0.0138441186147	-0.0264880702682	-0.0128882868462	0.0316069035228	0.0508680346405	0.00280614726502	-0.032087953293	-0.0555069377139	-0.0191053553445	0.019006558536	0.00434177449286	-0.00369930476889	-0.0394373913976	-0.0267613931331	-0.0404362568672	-0.0487036675645	0.00922043097433	-0.0245909329534	-0.0291301562261	-0.0644646529082	0.0221591729814	-0.00221634997488	0.0392688623368	-0.050595007441	-0.00173761030176	-0.0388513557615	-0.0290966940905	-0.000436961788378	-0.052866914918	0.0513382246895	-0.00227688074127	-0.026237030063	-0.0258112267886	0.00870963724233
k__Bacteria;p__Bacteroidetes;c__Bacteroidia;o__Bacteroidales;f__Rikenellaceae;g__Alistipes;s__Alistipes_obesi	-0.00721509075438	-0.020983169356	-0.000997603652885	0.00104494713138	0.0228949197682	0.0528495421469	0.019783888158	0.0083987741983	-0.013912545285	0.0184048850555	0.0343748731747	-0.0537321290498	0.0312679913261	1.0	0.0227107510007	-0.040712021318	-0.0383034407714	0.00435239310779	-0.0285011501667	-0.03835171941	0.0144836194971	-0.00553656060782	-0.0487356267744	-0.0498463834996	-0.0109346624993	-0.0446007907174	0.00118911351324	-0.00959231110112	-0.0341104075281	-0.0126449753903	-0.0464208279476	-0.0136526275817	0.0190024541776	0.0117415248966	0.0353127409111	-0.0234211579814	-0.0200429141199	-0.0348554523722	-0.048886409578	-0.0115473771472	-0.0176878601634	0.040476821887	0.0284298990445	-0.0406916704915	0.0247132447657	0.0152184813951	0.00611218514338	-0.0313289128225	0.0216712625058	0.0296838162293	-0.0816915938446	-0.00566254259714	-0.0106535762707	-0.0141925497132	-0.0124661106134	0.00760427725628	0.00643063986137	-0.0238133607053	0.0217747440491
k__Bacteria;p__Firmicutes;c__Clostridia;o__Clostridiales;f__Lachnospiraceae;g__;s__[Eubacterium]_rectale	0.0140208822274	-0.00730852905802	-0.00170088429523	0.0233986985598	0.00536578165166	-0.0200549651309	0.0285562067734	0.0329708131659	-0.0473124148427	0.0439102183483	-0.077778499991	-0.00417207180957	0.0602771482846	0.0227107510007	1.0	-0.0318259842985	0.0174368153978	-0.0378733090707	0.0794116192026	0.0261624342294	-0.0582302230224	-0.0183910129722	0.0793401450151	0.0114293536516	0.0432588191653	-0.0364756056897	0.0164260803287	-0.0135925679074	-0.00624013854642	-0.0297259976385	-0.0486573704614	-0.0269498870466	-0.0141473317796	-0.0530382044064	-0.0307619740843	-0.00236955297835	-0.00667046675895	-0.0498017705649	-0.0373321361392	-0.0693811514152	-0.0124474254412	-0.0048733979309	-0.0455270923869	0.0666130238545	-0.0151482782351	-0.0460355054424	-0.00690112233176	-0.0632094593805	0.0265315711734	0.0177650871599	-0.027259542381	0.0111209303243	-0.0414721843628	-0.0739097664371	-0.00519652517891	0.0283417467592	-0.0111380312858	0.00373260722952	-0.0595997047683
k__Bacteria;p__Bacteroidetes;c__Bacteroidia;o__Bacteroidales;f__Bacteroidaceae;g__Bacteroides;s__Bacteroides_plebeius	-0.0575578468452	-0.038267478768	0.000910607531278	-0.019340906872	-0.0405639373957	0.0516335017889	-0.0333900222323	-0.0295368954307	-0.0255044985926	-0.0180690857946	-0.0283959562811	-0.0229794053604	-0.0548281157341	-0.040712021318	-0.0318259842985	1.0	-0.0176218517658	-0.0277199584077	0.0384161691787	0.0109060532693	0.00921615402818	-0.00108060372057	-0.044656026281	-0.00575567044924	0.00363405324601	0.0258135253894	-0.00590420659383	0.0437972800931	-0.00608374234508	0.0178655450615	-0.0722627772032	-0.00186859239084	-0.0542162495882	-0.0427053461775	0.0256958885331	-0.0763677173899	-0.0565075894486	0.0438826999049	0.0286444168598	0.0437557485471	0.00787645843655	-0.0247061614413	0.00649577472412	0.0216252695475	-0.00127621957962	0.0231907053551	0.0530070449443	0.014996816172	0.0524498306601	-0.0426397940871	-0.00451016427413	-0.0285147249234	0.0101953686662	0.00410775525044	-0.0109279105467	0.0179543462201	-0.00410565081044	-0.0895416746011	0.0330779602344
k__Bacteria;p__Bacteroidetes;c__Bacteroidia;o__Bacteroidales;f__Bacteroidaceae;g__Bacteroides;s__Bacteroides_fragilis	-0.0206225637629	0.0191259471083	-0.0288588117395	-0.00567195759185	-0.0475239998872	-0.0345541309724	-0.0642477685913	-0.0711682598159	0.0483616104777	0.0169592801467	0.0057927063417	0.0336672410067	-0.0367378204448	-0.0383034407714	0.0174368153978	-0.0176218517658	1.0	-0.0361159959452	-0.00314729581575	0.0130566804317	-0.039533960244	0.0148090377515	-0.00595571186815	-0.0465766188196	-0.0521949488635	-0.00612194969192	0.018643764565	0.0698563038665	0.026401568523	-0.034918469768	-0.0260006346721	-0.0123335301934	-0.00834747497838	0.00712590823779	0.00250477759885	-0.021498011949	0.0463063760195	0.0399489338877	0.0166915432866	-0.0108565319316	-0.0375045397094	0.0106622936771	0.0679535574863	-0.00776212697699	-0.0325880842439	-0.00599580476981	-0.0258610799901	-0.039701378114	0.0262844546104	-0.0598698475874	-0.0488368213034	-0.0914752812725	0.0433693471631	-0.00822859995244	-0.00764191270968	-0.00798633495223	-0.0387362053721	-0.014641974385	-0.0192030128104
k__Bacteria;p__Proteobacteria;c__Betaproteobacteria;o__Burkholderiales;f__Sutterellaceae;g__Sutterella;s__Sutterella_wadsworthensis	-0.0119425969294	-0.0648587116071	-0.0496166225171	-0.0539497921826	-0.0178907423948	-0.017652112703	-0.0469583530826	-0.0333470262129	0.0157040370877	0.0402081228103	0.0614318427231	-0.0216862275953	0.0349185395939	0.00435239310779	-0.0378733090707	-0.0277199584077	-0.0361159959452	1.0	0.0137077721571	-0.0205940057141	-0.0184652508507	-0.00315682797712	-0.0615060345631	-0.0277609607298	-0.0579728613508	-0.017175978638	-0.0380485747394	-0.0312042441207	0.0227291943321	-0.0249054175044	0.0538532335851	0.0155167394221	-0.0155447924049	0.0259247160355	0.0191342289945	-0.00705404367935	0.0229549528917	-0.00082195392536	0.0177798073256	-0.0369396451444	-0.0183812015898	-0.0091596439616	-0.05050138685	0.0424632026332	-0.0379021732573	0.0664035548789	-0.00517398891732	-0.0174860809993	-0.0337465290694	0.0269010344139	-0.0494364587916	0.027041020515	0.00132510067086	-0.0490008743826	-0.036512155055	-0.0108275578607	-0.0159962950783	-0.00806576668131	0.0138307737287
k__Bacteria;p__Bacteroidetes;c__Bacteroidia;o__Bacteroidales;f__Porphyromonadaceae;g__Barnesiella;s__Barnesiella_intestinihominis	0.00306254318533	0.00636884380013	-0.0391023362589	-0.0478907624242	0.0269995914468	-0.0828839596773	0.00518375729844	-0.0178547651436	-0.0731069990782	-0.0550663695541	0.0447661445254	0.0103547130391	-0.036093103369	-0.0285011501667	0.0794116192026	0.0384161691787	-0.00314729581575	0.0137077721571	1.0	0.0701260251405	-0.114147932209	0.0230382454055	0.0198423828092	0.0352381703862	-0.000256797505967	-0.0490584422077	0.00706335977099	0.0140242644448	-0.0468621980284	-0.00407764044207	0.00620822767403	-0.050804510097	-0.0151496808628	-0.00426219628594	-0.00835660453264	0.0105079018176	-0.0228967230295	-0.0276653690225	0.0106974744543	0.00716302454874	-0.00673639360898	-0.0159539686565	0.0240574494787	0.00442058319517	-0.0619308847699	0.00474573681574	3.58636755532e-05	-0.0419850434921	0.0373045959374	-0.0161408837164	-0.0738110919822	-0.00274666735236	-0.102975829398	-0.0524797273086	0.0195466202803	-0.0218518210487	0.0112840212642	0.023027223045	-0.038924229085
k__Bacteria;p__Bacteroidetes;c__Bacteroidia;o__Bacteroidales;f__Odoribacteraceae;g__Odoribacter;s__Odoribacter_splanchnicus	0.0117455701705	-0.017541486976	-0.0217924435932	-0.0469373472718	0.0524826553135	0.0377014905419	-0.0282462040367	0.00596813234904	0.0250545207793	-0.0442603369624	-0.0243233824081	-0.0340746042721	0.0532409608688	-0.03835171941	0.0261624342294	0.0109060532693	0.0130566804317	-0.0205940057141	0.0701260251405	1.0	0.0687128275455	0.00789941696348	0.0358021513056	-0.00835171246366	-0.0326617917072	0.0497911310994	-0.0464248802219	-0.0214342622077	0.0662867345555	-0.00535101351831	0.0300489032294	-0.0654523685698	-0.0514164454214	0.0314809098822	-0.0521700215658	0.0609212905589	-0.0404946763971	-0.028527252523	-0.0124154661174	-0.00812381805011	-0.037045048258	0.0165516140946	0.00796953345205	-0.0813980345708	0.0213123709735	-0.0175471339011	-0.0330260556604	0.0245295379226	-0.0791744947721	-0.0154186064828	-0.0236495705943	-0.000486884591257	0.0055987698762	-0.0757311873017	-0.00927166347473	-0.0360549183869	-0.0768852016562	0.00884646563621	-0.0433857039393
k__Bacteria;p__Bacteroidetes;c__Bacteroidia;o__Bacteroidales;f__Bacteroidaceae;g__Bacteroides;s__Bacteroides_salyersiae	0.0130441229404	-0.0121419932016	-0.00304064491677	0.022292086891	-0.0245386366309	0.0184351105604	-0.00865541797973	-0.033253273006	0.0356596208313	0.0382540609112	0.0299679179498	0.0520127978322	-0.0567549811095	0.0144836194971	-0.0582302230224	0.00921615402818	-0.039533960244	-0.0184652508507	-0.114147932209	0.0687128275455	1.0	0.022771456784	-0.0422549515714	0.0346848812314	0.0101709507212	-0.00497170638959	-0.0514792043536	0.0117019767988	-0.00433525942413	0.0136809870323	-0.067303060886	0.029322002737	-0.0280858463397	0.0309507029023	0.00966655452843	-0.0172662905791	-0.0573674594875	0.0471143126303	-0.00855158429763	-0.0508913607457	-0.029694370992	0.0584074484373	-0.0841082030374	0.046107537494	-0.00701021611072	-0.0317421172745	-0.0394712231005	0.00877214048997	-0.0015576892495	0.0230906372903	0.079393448933	0.0608949762749	-0.00109364586835	-0.0113736397379	0.00408925886552	-0.0149442097599	0.0590599062024	-0.0132984936977	-0.0715895124462
k__Bacteria;p__Firmicutes;c__Clostridia;o__Clostridiales;f__Ruminococcaceae;g__Ruminiclostridium;s__[Eubacterium]_siraeum	-0.0357775664679	0.0146693289127	0.0262472119185	0.046446084329	-0.0185200443026	-0.0225858094032	-0.0483148230268	-0.0205270049445	0.0306573007913	-0.0354497409872	0.00130341366243	-0.0157296059482	-0.0204015141756	-0.00553656060782	-0.0183910129722	-0.00108060372057	0.0148090377515	-0.00315682797712	0.0230382454055	0.00789941696348	0.022771456784	1.0	-0.0302384856683	-0.0651337992671	0.00374703604061	-0.0682929031697	-0.0298164607005	-0.0520262154418	-0.00141564382052	0.0240218539434	0.00366605575573	-0.000675244833818	-0.00811560096743	0.0280144490778	-0.0198266916035	0.0142068587834	0.0224039391495	-0.03213523375	-0.00557526119357	0.0222356003292	-0.0156583969461	0.0054213524131	-0.00871953691697	-0.00610469309974	-0.0370309363012	-0.0139915599731	-0.037649205907	0.00600850242479	0.0235417692449	0.0208819826114	-0.00461385904005	-0.0227140573082	-0.0430765744224	-0.0184557547339	-0.0201706592509	-0.0517781641676	-0.0112381466577	0.0318591829176	-0.0437461147829
k__Bacteria;p__Proteobacteria;c__Betaproteobacteria;o__Burkholderiales;f__Sutterellaceae;g__Parasutterella;s__Parasutterella_excrementihominis	-0.00914376075814	-0.022567623104	0.0230794943067	-0.049673579801	-0.0314137839297	-0.00470074437382	-0.00669391299684	-0.00631347429095	0.0232072018153	-0.0311370123371	-0.0456663797725	-0.0387341751283	-0.0274519094001	-0.0487356267744	0.0793401450151	-0.044656026281	-0.00595571186815	-0.0615060345631	0.0198423828092	0.0358021513056	-0.0422549515714	-0.0302384856683	1.0	0.0598717770958	-0.0164765398711	0.0155548857326	-0.0204243319002	0.043796947737	0.00374263608316	0.0259788826863	0.00134838334402	-0.0106039070417	-0.00317802276017	-0.0361398995854	-0.0145565868257	-0.00783038353133	0.0297120027398	-0.0415637848972	0.02613114932	-0.00268034216366	-0.00186844432668	0.0153855682208	-0.0121975070021	-0.0450180201777	-0.0269818432985	-0.0264741553262	-0.0891767048966	0.0479926772696	-0.0148397826245	-0.0418073792841	-0.012323466401	0.0547052169635	-0.00582650403696	0.043559990534	-0.0563059094757	0.0373721017604	-0.0148765345994	-0.0408218477261	-0.00551754655082
k__Bacteria;p__Actinobacteria;c__Actinobacteria;o__Bifidobacteriales;f__Bifidobacteriaceae;g__Bifidobacterium;s__Bifidobacterium_adolescentis	-3.67800091376e-05	0.0544501710318	0.0115519875592	-0.00850242209099	-0.0254867778302	-0.0161093600834	-0.0217384811447	-0.0325546275637	-0.0076357699492	0.0171064721243	-0.0422811206775	-0.0194045836041	0.0456698722681	-0.0498463834996	0.0114293536516	-0.00575567044924	-0.0465766188196	-0.0277609607298	0.0352381703862	-0.00835171246366	0.0346848812314	-0.0651337992671	0.0598717770958	1.0	-0.0425494947015	-0.0127003100976	0.00292170246127	-0.0467292639577	-0.0336868066319	-0.056074405113	0.00185090208962	0.0413833025266	-0.0363256233236	-0.00797176733128	-0.0167360534805	-0.0210399212704	-0.0387251387165	0.00600722523478	-0.0348762069314	-0.00820332626332	-0.0429788480975	-0.0232896601777	0.00640789272491	-0.00800302369097	0.0157475252383	0.00545829380596	0.0414818198392	0.109406034771	0.0151610765336	-0.0874650202065	-0.00376441461808	-0.0212081812097	-0.0298256235369	-0.012885092571	-0.00588733908548	0.0566367972872	0.0184680885434	-0.0593709245101	0.0224018972748
k__Bacteria;p__Firmicutes;c__Clostridia;o__Clostridiales;f__Oscillospiraceae;g__Oscillibacter;s__Oscillibacter_sp._KLE_1745	0.0844570571855	0.00674409680564	-0.00745447945366	-0.00253575511684	-0.0142871982336	-0.0463416885644	0.00701729863939	-0.0428816726616	-0.0247107046683	0.00816633861102	0.0160924976945	0.0546914318346	-0.0367643707194	-0.0109346624993	0.0432588191653	0.00363405324601	-0.0521949488635	-0.0579728613508	-0.000256797505967	-0.0326617917072	0.0101709507212	0.00374703604061	-0.0164765398711	-0.0425494947015	1.0	0.0108157720492	-0.0316583498947	-0.0119192025647	-0.0943784197067	0.0138137142638	0.0390521841242	-0.0656934912774	0.0680180029224	0.00523699599967	0.0198099764098	0.0257781515523	-0.00871900869995	-0.0267810014194	0.0420299998583	0.035240714471	-0.00808620353695	0.00632871493889	-0.0319628056907	-0.029868945173	-0.00448075489121	-0.0488645238434	-0.0642960185124	-0.0757840391753	0.0261385666291	-0.0375461203934	-0.0300174681195	0.0275109852793	-0.00718016385045	-0.0375545626666	-0.0391019966118	-0.00674317895341	-0.025288119611	-0.0136261465171	-0.0131625663131
k__Bacteria;p__Bacteroidetes;c__Bacteroidia;o__Bacteroidales;f__Bacteroidaceae;g__Bacteroides;s__Bacteroides_coprophilus	0.0265749519723	-0.00382425692471	-0.00610249140764	0.00368162726247	-0.023466493309	-0.0629044828971	0.0105485484281	0.00225941605426	-0.0301946863312	-0.00100974693555	-0.0187062358812	-0.0414448716823	0.0138441186147	-0.0446007907174	-0.0364756056897	0.0258135253894	-0.00612194969192	-0.017175978638	-0.0490584422077	0.0497911310994	-0.00497170638959	-0.0682929031697	0.0155548857326	-0.0127003100976	0.0108157720492	1.0	-0.0230196177596	-0.024144270513	0.00338488180148	0.0299085485788	-0.0319725672565	0.0160435535279	-0.0252264360768	-0.0316798513694	0.0123414498255	-0.0116998334594	-0.019035128126	-0.00898252190519	-0.017500186937	0.03812104881	-0.0470339219171	-0.0114246423842	-0.0348007154001	0.0277441608015	-0.00731467082351	-0.021296986677	0.0191322517752	0.0274071394673	-0.0722467389181	0.0193957271346	-0.022647628723	0.0504990672293	-0.0445621737078	-0.012547304219	-0.029193036057	-0.0340650778851	-0.0164011910908	0.0382696407544	0.0692944743092
k__Bacteria;p__Firmicutes;c__Clostridia;o__Clostridiales;f__Lachnospiraceae;g__Roseburia;s__Roseburia_intestinalis	-0.030677811552	-0.00282046119896	0.0415209101786	0.00865670135324	-0.0140720962717	-0.0271023126625	0.0448302151571	0.033886638245	0.0273048811517	-0.00728742347694	0.00343340941452	0.00782624708945	-0.0264880702682	0.00118911351324	0.0164260803287	-0.00590420659383	0.018643764565	-0.0380485747394	0.00706335977099	-0.0464248802219	-0.0514792043536	-0.0298164607005	-0.0204243319002	0.00292170246127	-0.0316583498947	-0.0230196177596	1.0	0.0276526173702	-0.013600427206	-0.0215575709978	-0.00520952008423	-0.0023773570394	0.0277860742087	-0.00104451790455	-0.0592787736789	0.0316157791612	0.0262858576524	-0.0128260164023	-0.0280989469164	0.00773633132442	-0.0577134912443	-0.0226243270188	0.0289799254179	-0.0740589736687	-0.0330201102879	0.00398713923472	-0.0302440729445	-0.00697781655976	-0.00128012295541	-0.0362151048843	-0.027529933456	-0.0320905771395	0.0790039520079	-0.0191202875001	0.000201437412222	0.00246643127678	0.0167114846371	0.00831640092971	-0.0189942085756
k__Bacteria;p__Firmicutes;c__Clostridia;o__Clostridiales;f__Lachnospiraceae;g__Roseburia;s__Roseburia_hominis	-0.0320006939839	-0.0468026099044	-0.0219433676367	0.0442227666646	0.0394909234817	0.0453803947553	-0.0426154970753	-0.0156324356515	-0.015144690689	0.0501087812275	-0.0557011530088	-0.02431665292	-0.0128882868462	-0.00959231110112	-0.0135925679074	0.0437972800931	0.0698563038665	-0.0312042441207	0.0140242644448	-0.0214342622077	0.0117019767988	-0.0520262154418	0.043796947737	-0.0467292639577	-0.0119192025647	-0.024144270513	0.0276526173702	1.0	-0.0522679583852	-0.061984963839	0.0615205343783	0.0212532178427	0.0104221415661	0.0291782534778	0.000777765810011	-0.0323303383554	0.0169954449161	0.00743434598575	0.00290357633247	0.0214589316882	-0.0010681337629	-0.00893272846384	-0.0273419783488	0.0265873216245	-0.017746683413	0.0240190818939	-0.0592077073918	-0.0557064331314	-0.0428764841212	-0.0752931097284	5.42885784338e-05	-0.0202115786189	-0.0141835510951	-0.0081042794748	-0.0182288188807	0.0377302650575	-0.0582612209472	-0.0465506621492	0.0393565131628
k__Bacteria;p__Bacteroidetes;c__Bacteroidia;o__Bacteroidales;f__Porphyromonadaceae;g__Parabacteroides;s__Parabacteroides_johnsonii	0.0329669493439	0.016696269757	0.011244964295	-0.0369082809936	-0.0291288906188	-0.0761503315823	0.00229033752533	-0.0164922749702	-0.012438158706	-0.0351807077877	0.0196706145544	-0.0303232774576	0.0316069035228	-0.0341104075281	-0.00624013854642	-0.00608374234508	0.026401568523	0.0227291943321	-0.0468621980284	0.0662867345555	-0.00433525942413	-0.00141564382052	0.00374263608316	-0.0336868066319	-0.0943784197067	0.00338488180148	-0.013600427206	-0.0522679583852	1.0	0.0756035350482	-0.0265623250745	0.0246026308452	0.0103554641812	0.0140722178907	0.00867625754523	-0.0158803612242	-0.0287657388483	-0.0748512740739	-0.0174710681204	-0.065437123456	0.0236585770373	-0.0132612140222	-0.0173979462165	-0.0079766120516	-0.0162062739801	-0.00348421180985	0.0151173517742	-0.0134752616315	-0.01322460384	-0.0520597967628	-0.0432105870479	-0.0359988506198	0.0274167464355	-0.0338011583882	0.0483209196072	0.0446671627532	-0.0224192291544	-0.0106971517846	-0.0231055444273
k__Bacteria;p__Actinobacteria;c__Actinobacteria;o__Bifidobacteriales;f__Bifidobacteriaceae;g__Bifidobacterium;s__Bifidobacterium_longum	0.0190343807198	-0.0290845819134	-0.0121254153555	-0.0478028916405	-0.0708520500738	-0.0115520384622	-0.0284818361995	-0.0702065840972	-0.00559781990997	-0.0475501014483	0.032315629845	0.0453958077431	0.0508680346405	-0.0126449753903	-0.0297259976385	0.0178655450615	-0.034918469768	-0.0249054175044	-0.00407764044207	-0.00535101351831	0.0136809870323	0.0240218539434	0.0259788826863	-0.056074405113	0.0138137142638	0.0299085485788	-0.0215575709978	-0.061984963839	0.0756035350482	1.0	-0.000529857467171	-0.0402054926608	-0.0444787813633	0.0442705087514	0.00849385932356	0.0141669399912	-0.0132717326781	0.00091591049531	-0.0132437829589	-0.0239169580028	0.0220098621487	-0.0250557690684	0.0820044734087	0.00566989661814	-0.0158810310046	-0.0379378769509	-0.0115738296265	-0.0254438143703	0.061920394169	0.050800341729	0.0392711075352	0.0207786939825	0.0283158523943	-0.0220566866199	-0.0407728204366	-0.00510158201503	-0.0256445269487	0.0140515564134	-0.00672795762517
