#taxonomy	k__Bacteria;p__Bacteroidetes;c__Bacteroidia;o__Bacteroidales;f__Bacteroidaceae;g__Bacteroides;s__Bacteroides_vulgatus	k__Bacteria;p__Bacteroidetes;c__Bacteroidia;o__Bacteroidales;f__Bacteroidaceae;g__Bacteroides;s__Bacteroides_uniformis	k__Bacteria;p__Bacteroidetes;c__Bacteroidia;o__Bacteroidales;f__Rikenellaceae;g__Alistipes;s__Alistipes_putredinis	k__Bacteria;p__Bacteroidetes;c__Bacteroidia;o__Bacteroidales;f__Prevotellaceae;g__Prevotella;s__Prevotella_copri	k__Bacteria;p__Bacteroidetes;c__Bacteroidia;o__Bacteroidales;f__Bacteroidaceae;g__Bacteroides;s__Bacteroides_stercoris	k__Bacteria;p__Bacteroidetes;c__Bacteroidia;o__Bacteroidales;f__Bacteroidaceae;g__Bacteroides;s__Bacteroides_ovatus	k__Bacteria;p__Bacteroidetes;c__Bacteroidia;o__Bacteroidales;f__Rikenellaceae;g__Alistipes;s__Alistipes_shahii	k__Bacteria;p__Firmicutes;c__Clostridia;o__Clostridiales;f__Ruminococcaceae;g__Faecalibacterium;s__Faecalibacterium_prausnitzii	k__Bacteria;p__Bacteroidetes;c__Bacteroidia;o__Bacteroidales;f__Rikenellaceae;g__Alistipes;s__Alistipes_finegoldii	k__Bacteria;p__Bacteroidetes;c__Bacteroidia;o__Bacteroidales;f__Porphyromonadaceae;g__Parabacteroides;s__Parabacteroides_distasonis	k__Bacteria;p__Bacteroidetes;c__Bacteroidia;o__Bacteroidales;f__Bacteroidaceae;g__Bacteroides;s__Bacteroides_thetaiotaomicron	k__Bacteria;p__Bacteroidetes;c__Bacteroidia;o__Bacteroidales;f__Bacteroidaceae;g__Bacteroides;s__Bacteroides_coprocola	k__Bacteria;p__Bacteroidetes;c__Bacteroidia;o__Bacteroidales;f__Bacteroidaceae;g__Bacteroides;s__Bacteroides_cellulosilyticus	k__Bacteria;p__Bacteroidetes;c__Bacteroidia;o__Bacteroidales;f__Rikenellaceae;g__Alistipes;s__Alistipes_obesi	k__Bacteria;p__Firmicutes;c__Clostridia;o__Clostridiales;f__Lachnospiraceae;g__;s__[Eubacterium]_rectale	k__Bacteria;p__Bacteroidetes;c__Bacteroidia;o__Bacteroidales;f__Bacteroidaceae;g__Bacteroides;s__Bacteroides_plebeius	k__Bacteria;p__Bacteroidetes;c__Bacteroidia;o__Bacteroidales;f__Bacteroidaceae;g__Bacteroides;s__Bacteroides_fragilis	k__Bacteria;p__Proteobacteria;c__Betaproteobacteria;o__Burkholderiales;f__Sutterellaceae;g__Sutterella;s__Sutterella_wadsworthensis	k__Bacteria;p__Bacteroidetes;c__Bacteroidia;o__Bacteroidales;f__Porphyromonadaceae;g__Barnesiella;s__Barnesiella_intestinihominis	k__Bacteria;p__Bacteroidetes;c__Bacteroidia;o__Bacteroidales;f__Odoribacteraceae;g__Odoribacter;s__Odoribacter_splanchnicus	k__Bacteria;p__Bacteroidetes;c__Bacteroidia;o__Bacteroidales;f__Bacteroidaceae;g__Bacteroides;s__Bacteroides_salyersiae	k__Bacteria;p__Firmicutes;c__Clostridia;o__Clostridiales;f__Ruminococcaceae;g__Ruminiclostridium;s__[Eubacterium]_siraeum	k__Bacteria;p__Proteobacteria;c__Betaproteobacteria;o__Burkholderiales;f__Sutterellaceae;g__Parasutterella;s__Parasutterella_excrementihominis	k__Bacteria;p__Actinobacteria;c__Actinobacteria;o__Bifidobacteriales;f__Bifidobacteriaceae;g__Bifidobacterium;s__Bifidobacterium_adolescentis	k__Bacteria;p__Firmicutes;c__Clostridia;o__Clostridiales;f__Oscillospiraceae;g__Oscillibacter;s__Oscillibacter_sp._KLE_1745	k__Bacteria;p__Bacteroidetes;c__Bacteroidia;o__Bacteroidales;f__Bacteroidaceae;g__Bacteroides;s__Bacteroides_coprophilus	k__Bacteria;p__Firmicutes;c__Clostridia;o__Clostridiales;f__Lachnospiraceae;g__Roseburia;s__Roseburia_intestinalis	k__Bacteria;p__Firmicutes;c__Clostridia;o__Clostridiales;f__Lachnospiraceae;g__Roseburia;s__Roseburia_hominis	k__Bacteria;p__Bacteroidetes;c__Bacteroidia;o__Bacteroidales;f__Porphyromonadaceae;g__Parabacteroides;s__Parabacteroides_johnsonii	k__Bacteria;p__Actinobacteria;c__Actinobacteria;o__Bifidobacteriales;f__Bifidobacteriaceae;g__Bifidobacterium;s__Bifidobacterium_longum	k__Bacteria;p__Firmicutes;c__Clostridia;o__Clostridiales;f__;g__Flavonifractor;s__Flavonifractor_plautii	k__Bacteria;p__Firmicutes;c__Clostridia;o__Clostridiales;f__Clostridiaceae;g__Clostridium;s__Clostridium_phoceensis	k__Bacteria;p__Verrucomicrobia;c__Verrucomicrobiae;o__Verrucomicrobiales;f__Akkermansiaceae;g__Akkermansia;s__Akkermansia_muciniphila	k__Bacteria;p__Bacteroidetes;c__Bacteroidia;o__Bacteroidales;f__Prevotellaceae;g__Paraprevotella;s__Paraprevotella_xylaniphila	k__Bacteria;p__Firmicutes;c__Clostridia;o__Clostridiales;f__Ruminococcaceae;g__Ruminococcus;s__Ruminococcus_callidus	k__Bacteria;p__Bacteroidetes;c__Bacteroidia;o__Bacteroidales;f__Rikenellaceae;g__Alistipes;s__Alistipes_senegalensis	k__Bacteria;p__Firmicutes;c__Clostridia;o__Clostridiales;f__Lachnospiraceae;g__Blautia;s__Blautia_sp._KLE_1732	k__Bacteria;p__Bacteroidetes;c__Bacteroidia;o__Bacteroidales;f__Bacteroidaceae;g__Bacteroides;s__Bacteroides_oleiciplenus	k__Bacteria;p__Firmicutes;c__Clostridia;o__Clostridiales;f__Ruminococcaceae;g__Ruminococcus;s__Ruminococcus_bicirculans	k__Bacteria;p__Bacteroidetes;c__Bacteroidia;o__Bacteroidales;f__Bacteroidaceae;g__Bacteroides;s__Bacteroides_fluxus	k__Bacteria;p__Bacteroidetes;c__Bacteroidia;o__Bacteroidales;f__Prevotellaceae;g__Prevotella;s__Prevotella_stercorea	k__Bacteria;p__Firmicutes;c__Clostridia;o__Clostridiales;f__Lachnospiraceae;g__Dorea;s__Dorea_longicatena	k__Bacteria;p__Firmicutes;c__Clostridia;o__Clostridiales;f__Eubacteriaceae;g__Eubacterium;s__[Eubacterium]_eligens	k__Bacteria;p__Firmicutes;c__Clostridia;o__Clostridiales;f__Ruminococcaceae;g__;s__Ruminococcaceae_bacterium_D16	k__Bacteria;p__Firmicutes;c__Clostridia;o__Clostridiales;f__Lachnospiraceae;g__Coprococcus;s__Coprococcus_comes	k__Bacteria;p__Proteobacteria;c__Gammaproteobacteria;o__Enterobacterales;f__Enterobacteriaceae;g__Escherichia;s__Escherichia_coli	k__Bacteria;p__Firmicutes;c__Clostridia;o__Clostridiales;f__Ruminococcaceae;g__Anaerotruncus;s__Anaerotruncus_colihominis	k__Bacteria;p__Firmicutes;c__Clostridia;o__Clostridiales;f__Lachnospiraceae;g__Blautia;s__Blautia_obeum	k__Bacteria;p__Bacteroidetes;c__Bacteroidia;o__Bacteroidales;f__Odoribacteraceae;g__Odoribacter;s__Odoribacter_laneus	k__Bacteria;p__Firmicutes;c__Clostridia;o__Clostridiales;f__Ruminococcaceae;g__Ruminiclostridium;s__[Clostridium]_leptum	k__Bacteria;p__Bacteroidetes;c__Bacteroidia;o__Bacteroidales;f__Porphyromonadaceae;g__Parabacteroides;s__Parabacteroides_goldsteinii	k__Bacteria;p__Firmicutes;c__Clostridia;o__Clostridiales;f__Lachnospiraceae;g__Anaerostipes;s__Anaerostipes_hadrus	k__Bacteria;p__Firmicutes;c__Clostridia;o__Clostridiales;f__Ruminococcaceae;g__Ruminococcus;s__Ruminococcus_lactaris	k__Bacteria;p__Firmicutes;c__Clostridia;o__Clostridiales;f__Clostridiaceae;g__Clostridium;s__Clostridium_sp._L2-50	k__Bacteria;p__Firmicutes;c__Clostridia;o__Clostridiales;f__Clostridiaceae;g__Clostridium;s__Clostridium_sp._M62/1	k__Bacteria;p__Firmicutes;c__Clostridia;o__Clostridiales;f__;g__Intestinimonas;s__Intestinimonas_butyriciproducens	k__Bacteria;p__Actinobacteria;c__Actinobacteria;o__Bifidobacteriales;f__Bifidobacteriaceae;g__Bifidobacterium;s__Bifidobacterium_bifidum	k__Bacteria;p__Firmicutes;c__Negativicutes;o__Veillonellales;f__Veillonellaceae;g__Dialister;s__Dialister_invisus	k__Bacteria;p__Bacteroidetes;c__Bacteroidia;o__Bacteroidales;f__Bacteroidaceae;g__Bacteroides;s__Bacteroides_salanitronis
k__Bacteria;p__Bacteroidetes;c__Bacteroidia;o__Bacteroidales;f__Bacteroidaceae;g__Bacteroides;s__Bacteroides_vulgatus	1.0	0.0253130924578	-0.0129971932493	-0.0295677567524	-0.0595674952073	0.0255896932444	-0.0145811216171	0.0477915468467	-0.018086297272	0.000478930708461	0.00127516921331	-0.0166968035479	-0.0224623219659	0.0425257124665	-0.0328650375871	-0.0468142909805	-0.00644757039038	-0.0770366436115	0.0249566762411	-0.0157254409569	0.00429067465367	0.00857634324004	0.0656458796699	-0.0322424982453	0.0135811236628	-0.029935035678	-0.00406354164665	-0.010040509705	-0.0200220479949	0.00880080582892	0.0520318848364	-0.0422097592578	-0.00351185153415	0.0412636800463	0.0868281096808	-0.0327812339722	0.015668775481	-0.0344317434508	-0.0268649958152	-0.00960681517864	0.00193987040361	0.0147493264547	0.00466301032072	-0.0507970919347	-0.0703604596314	0.0155730113595	0.025436970288	-0.00749186646282	-0.0267340038034	-0.0326745399692	0.0102030321328	-0.0129912386235	-0.0132910939088	-0.0463155313583	-0.0144755432254	-0.00489505325732	-0.0461613679678	0.0247403940671	-0.0474183743097
k__Bacteria;p__Bacteroidetes;c__Bacteroidia;o__Bacteroidales;f__Bacteroidaceae;g__Bacteroides;s__Bacteroides_uniformis	0.0253130924578	1.0	-0.0187820427675	-0.00705923191395	-0.0238744026648	-0.0279634996877	0.0428022571809	-0.046143629959	-0.0234572393095	-0.0555591525338	0.0566566151027	-0.0158291709099	-0.000761730415902	0.0488677125247	0.011057296173	0.0140756160602	-0.0263428164696	-0.00643900078862	-0.0593466296801	0.00561653073248	-0.0404262286448	-0.00230220720778	0.00249934214022	-0.0129556853107	0.0546840028013	0.0491326751861	0.00818654437696	-0.0168362643877	-0.0416592578973	-0.0463673694509	0.0390495503933	-0.0208073788546	-0.0859670750411	-0.0265921963013	0.0206894654979	0.0253840523337	0.00175308450492	-0.0172686407178	-0.0134934945086	-0.0207015987976	-0.0599832673979	-0.0410353436395	0.0236254828467	0.000766263651927	0.0612812819051	0.00359993589926	-0.0152425374742	0.00685497722607	-0.0204459449993	-0.0514544152112	0.0121810690265	-0.0132668879703	0.0102165772731	0.033654518361	-0.0310612594405	-0.02042970601	-0.0104837619306	0.0704680325214	0.0185004945167
k__Bacteria;p__Bacteroidetes;c__Bacteroidia;o__Bacteroidales;f__Rikenellaceae;g__Alistipes;s__Alistipes_putredinis	-0.0129971932493	-0.0187820427675	1.0	-0.0397408441022	0.0297565338198	-0.0391514580494	0.0419457887921	-0.0308033098733	-0.00204270692102	0.029074002162	-0.0951029635967	0.0191740043437	0.0454851472458	-0.0159214089086	-0.0304978405488	0.0589505988366	-0.0207672539587	0.0641785532027	-0.0238497228685	-0.0539084656779	-0.00574350995781	-0.0448733252582	-0.0514466482355	-0.00369375041391	-0.0201255872441	-0.0220070236166	-0.00558002732333	0.0293540901582	-0.0110613487792	0.0337257713984	0.00373937690218	-0.0215323601761	-0.00744889069508	0.0143803376649	3.42091916803e-05	-0.0213196781297	-0.0172513577625	0.00353220612704	-0.0113558133735	-0.058821883353	0.00480160116732	-0.0303086359234	0.00541525260959	-0.0374865262677	-0.0255941140346	-0.0402609324694	0.0709751891735	-0.0180626194794	0.0157148485394	-0.00538297329379	0.0434317710811	-0.0238134231694	-0.000316332293359	0.0175212499831	0.000315913633845	-0.0114689249374	-0.0221917045936	-0.00709649630103	0.0606646013258
k__Bacteria;p__Bacteroidetes;c__Bacteroidia;o__Bacteroidales;f__Prevotellaceae;g__Prevotella;s__Prevotella_copri	-0.0295677567524	-0.00705923191395	-0.0397408441022	1.0	-0.0687981174065	0.0683491069898	0.0134068413382	0.015599773166	0.0475627349654	-0.071386503034	0.0121347760986	-0.0988500158806	-0.0591267220741	-0.0184207919921	-0.00125209809792	0.000668836904136	-0.0135884159428	-0.0269546500352	0.0235932416218	-0.028981737863	0.00990045339853	-0.024667622002	-0.0561327043099	-0.0495343476197	-0.0195959059411	-0.0681594276072	0.0805986604112	-0.0286853253415	-0.0641702806385	-0.0179469610098	0.0485006559204	0.05212671809	0.0201908587377	0.0661200541465	0.028348204878	-0.0300195085267	0.0333034202169	-0.0162501778024	0.030704005933	0.0456103364166	-0.0446684074734	-0.0168438717091	0.0106376419242	0.00905528659217	-0.025955020746	0.0222741104961	-0.0134284253447	0.0596150719939	-0.0149942142455	0.0435231738536	0.0114007007411	0.0263030418008	-0.0150032312627	-0.0177661855073	-0.0138302974351	-0.036591162739	0.0504484509382	0.00758607793225	0.0403867806943
k__Bacteria;p__Bacteroidetes;c__Bacteroidia;o__Bacteroidales;f__Bacteroidaceae;g__Bacteroides;s__Bacteroides_stercoris	-0.0595674952073	-0.0238744026648	0.0297565338198	-0.0687981174065	1.0	0.0235224575214	-0.0230534603927	-0.00646528741437	0.00447456764517	-0.0195570253825	-0.0283049627604	0.0179969524537	-0.0427651476732	-0.0510923258989	-0.0024545937176	0.0213465039267	-0.0543172333377	-0.0493840458487	0.0141770105796	-0.0382664513647	-0.0448056157856	-0.0238898284863	0.0271346728277	-0.0159628282142	0.0359168497663	0.024164966825	0.058436562548	-0.00238320696658	-0.0591789683408	-0.0358018692842	-0.0106051974475	-0.0703345601395	0.0363562661153	0.030194247548	0.0247227739742	0.0349678140006	0.00631359746166	0.0156519780683	-0.00881836519555	0.0124476761608	0.047702135358	0.00161307770991	0.0151657126322	-0.0218476360862	-0.0263880987038	-0.0908949560017	-0.0572178932024	-0.0485077793554	0.0274318409017	0.0288901072054	0.0182837594423	-0.00907913280804	0.0158525041341	-0.0747779532465	0.0239354026155	-0.0373363365907	0.0203619407308	-0.0210096390124	0.0624108291926
k__Bacteria;p__Bacteroidetes;c__Bacteroidia;o__Bacteroidales;f__Bacteroidaceae;g__Bacteroides;s__Bacteroides_ovatus	0.0255896932444	-0.0279634996877	-0.0391514580494	0.0683491069898	0.0235224575214	1.0	-0.0125566091422	-0.0253559991861	-0.00591547229278	0.0173762903042	-0.0609732270497	0.0103339307538	-0.0735979104892	0.00248751899576	0.0108724121184	-0.0115007521246	0.033960062583	-0.00666842347461	0.000752043747071	0.0287557266721	0.0174963048111	0.0257691443038	0.0338657927765	-0.0323646714392	-0.039595985596	-0.0100037178505	0.0192534004678	0.0204450424243	0.00568166731608	-0.0198810441217	0.0435427280907	-0.0492182753629	-0.0415737648553	0.0397274310803	0.0106843263226	-0.0208586954984	0.00209683003993	0.0100612563188	0.00173942590318	-0.0048271729691	0.0607385411954	0.00917996118961	-0.0153303408586	0.0479978622753	-0.00279590040866	0.0122149069776	-0.00127780421281	-0.0399926020873	-0.0808980648584	-0.0210085486028	-0.0442040167994	-0.0256378153279	0.00892192641568	-0.0276405768057	-0.00417156062874	0.0452270373594	-0.0294540090727	-0.0359754091282	-0.0502624467617
k__Bacteria;p__Bacteroidetes;c__Bacteroidia;o__Bacteroidales;f__Rikenellaceae;g__Alistipes;s__Alistipes_shahii	-0.0145811216171	0.0428022571809	0.0419457887921	0.0134068413382	-0.0230534603927	-0.0125566091422	1.0	0.0379298333412	-0.0301599164671	-0.0078211015247	0.0179745631856	0.0115206749049	0.0258764083332	-0.0151751125723	0.0277612008866	0.0980400189126	0.020968208778	-0.0630509055444	-0.0650143617152	0.00617034780556	0.0179363729985	0.0755263786436	-0.0507410696923	-0.00633144420405	-0.0153498351722	-0.0224507626491	-0.0431930590592	-0.0341837137021	-0.0258746072833	-0.0314235296778	-0.0163959887543	-0.0048837315747	-0.0147024317185	-0.0264171969265	-0.0302900970894	-0.015587703297	0.040792483461	0.0594007709158	-0.0454162146172	0.0128582230326	0.0158203496042	-0.0115968986546	-0.065377285687	-0.0158767531654	0.030431274941	0.0298892941412	-0.0408921726147	-0.0228123609101	-0.034667619873	0.0289918935329	-0.0647644287295	0.028521047234	-0.00444898683896	-0.023131855542	0.018048289822	-0.00941345818114	0.019327715746	0.0121523751578	-0.0417334970664
k__Bacteria;p__Firmicutes;c__Clostridia;o__Clostridiales;f__Ruminococcaceae;g__Faecalibacterium;s__Faecalibacterium_prausnitzii	0.0477915468467	-0.046143629959	-0.0308033098733	0.015599773166	-0.00646528741437	-0.0253559991861	0.0379298333412	1.0	0.00667452630289	-0.00720990008684	-0.0167156762081	-0.0548098579613	0.0328669770871	0.0250665458344	-0.0271071472076	0.017464359562	0.0131530572847	-0.0322551183886	0.0756349035813	0.00693907427336	0.0126350111654	0.0455550315288	-0.0148690857918	-0.029539707226	-0.0159735402235	-0.00536374376644	-0.00390294673655	0.0113950462588	0.025386887709	0.0242403565893	-0.028303548972	-0.0701139364075	-0.0249671092593	-0.0195913027155	0.0403379695912	-0.0184606029478	0.0199522156477	-0.0238671080905	-0.00423553574588	-0.0258946895496	0.00627466382341	-0.0439204387872	-0.0484858906209	-0.0144029347199	-0.00502715351207	-0.0422101814663	-0.0496964522433	0.00753493806723	0.0640295905909	0.0168754681251	0.000250595402388	0.0156523338704	-0.0517540031938	0.0436962008429	0.017608401116	-0.0412529291778	-0.0636105038541	-0.0283619882424	-0.0254799670437
k__Bacteria;p__Bacteroidetes;c__Bacteroidia;o__Bacteroidales;f__Rikenellaceae;g__Alistipes;s__Alistipes_finegoldii	-0.018086297272	-0.0234572393095	-0.00204270692102	0.0475627349654	0.00447456764517	-0.00591547229278	-0.0301599164671	0.00667452630289	1.0	-0.0722290264307	0.0169076006662	0.015467265586	0.020675803359	-0.0543010524437	-0.0399932167427	-0.0206137279947	-0.0050907197164	-0.0238669658361	-0.0201008868663	0.0648366858975	-0.0806394974774	-0.0515640069485	-0.0397850479323	0.0082612369004	-0.0596883125056	-0.0105610249378	-0.0214782370271	-0.00197125636407	-0.0580529663789	0.0407548331288	0.0395332741269	0.0287188125637	0.000817396606763	0.0136375240739	-0.0186482395381	0.00176268267741	-0.000564647904443	0.063312879088	-0.00804107990597	0.00925011329899	-0.00628883572424	0.00673563088575	0.0284732645785	-0.042393921652	-0.0415109354086	-0.0412650946672	-0.00528888821757	-0.0124656389213	-0.0592323304028	-0.040546432656	0.0247966223448	0.034851446508	-0.0282011617113	-0.0119742663819	-0.00806136050699	0.0180021362439	0.0590725091238	-0.0193548474512	0.0567406840271
k__Bacteria;p__Bacteroidetes;c__Bacteroidia;o__Bacteroidales;f__Porphyromonadaceae;g__Parabacteroides;s__Parabacteroides_distasonis	0.000478930708461	-0.0555591525338	0.029074002162	-0.071386503034	-0.0195570253825	0.0173762903042	-0.0078211015247	-0.00720990008684	-0.0722290264307	1.0	-0.0206057440469	-0.0114537489707	0.00808042826481	-0.0690775617631	-0.0253768118334	0.0596581000075	-0.0364147504819	0.0114474759652	0.00348824108959	-0.0756232703496	0.0333688368178	0.0056510118998	0.0436151995214	-0.0229012066006	-0.0141518620517	-0.0128322574432	0.0307341011176	-0.039735647998	0.0469101269346	0.0589832417156	0.0148107892498	-0.00285656247273	-0.00890204327181	-0.0846203125698	0.00976350375407	0.0682046816872	-0.0550139463069	-0.0161869924535	-0.0321448105807	0.00189734918109	-0.00559227703369	0.0102277117849	-0.0328243673846	-0.0138331164345	-0.0119220678464	0.0144557350232	0.0422028677146	-0.0177285215659	-0.0214995831613	-0.0490038326289	-0.0496081855905	0.0546581800294	-0.0304920274662	0.0193494038605	-0.0153004777637	-0.0301599985376	0.0375372148975	-0.00596389049941	0.00284208759288
k__Bacteria;p__Bacteroidetes;c__Bacteroidia;o__Bacteroidales;f__Bacteroidaceae;g__Bacteroides;s__Bacteroides_thetaiotaomicron	0.00127516921331	0.0566566151027	-0.0951029635967	0.0121347760986	-0.0283049627604	-0.0609732270497	0.0179745631856	-0.0167156762081	0.0169076006662	-0.0206057440469	1.0	-0.000823966773356	-0.0114953769822	-0.0257315716612	-0.0231744034831	0.0633676070071	-0.0339092610849	-0.0366610138662	0.0200720545014	0.0122988691239	0.0175104194213	-0.0340362439687	-0.000701569492805	0.0130604269295	0.0104592708305	0.040022405635	-0.0583262388586	0.00941571179693	0.0207956126501	-0.0580643603544	-0.00617491480578	0.0256388127905	-0.0339750505958	-0.0076249647858	-0.0030715731841	-0.0526418091434	0.0262173395447	-0.0537380913119	0.0291085574013	0.0514719228422	0.0197638625645	-0.0593585194215	-0.0271157715111	-0.0668543788099	-0.0371924083289	0.00383679524471	0.00695397853287	0.00320103358472	-0.000895248798297	0.0132440392199	-0.056275137426	0.0748919764287	-0.00341474276137	-0.0277119834082	-4.32923260047e-05	-0.00951334577384	-0.0146284425741	-0.0401235971331	-0.0709827104117
k__Bacteria;p__Bacteroidetes;c__Bacteroidia;o__Bacteroidales;f__Bacteroidaceae;g__Bacteroides;s__Bacteroides_coprocola	-0.0166968035479	-0.0158291709099	0.0191740043437	-0.0988500158806	0.0179969524537	0.0103339307538	0.0115206749049	-0.0548098579613	0.015467265586	-0.0114537489707	-0.000823966773356	1.0	-0.0320836056191	-0.00746416860872	-0.0445143300317	0.00550505076737	-0.0259503016877	-0.000433190960362	-0.0216558194849	-0.0255658949989	0.0325326260975	-0.0174203580604	0.0493010415044	-0.039715938987	0.0164892085338	-0.026028519322	-0.00337676411824	-0.0150244729042	-0.00325782876774	0.0464575142355	-0.0302948716495	0.0379545172777	0.0313709000298	-0.0371418673073	0.00754848330249	0.0315805422625	0.0469439644294	-0.000543414247631	0.0234557733467	-0.0172005714705	-0.0683154614208	-0.048054309831	-0.0246976974143	-0.00122423648185	-0.0248513022152	-0.0185159826487	-0.00201190158105	0.0411833341572	0.0339659392343	0.0801556878141	0.00891340701027	0.0165224855023	0.0464668861659	-0.0562982022728	0.030082645214	0.0304317272113	-0.0131547959933	0.0315424238407	-0.0467612818635
k__Bacteria;p__Bacteroidetes;c__Bacteroidia;o__Bacteroidales;f__Bacteroidaceae;g__Bacteroides;s__Bacteroides_cellulosilyticus	-0.0224623219659	-0.000761730415902	0.0454851472458	-0.0591267220741	-0.0427651476732	-0.0735979104892	0.0258764083332	0.0328669770871	0.020675803359	0.00808042826481	-0.0114953769822	-0.0320836056191	1.0	-0.0214073946809	-0.0783215697348	-0.0320303295808	0.00171008286312	-0.0299991868263	0.0398781963204	0.0316560122809	-0.0135240132742	0.0676006068655	-0.00174126940456	-0.0514126573319	-0.0590910610585	-0.00752909235872	-0.00839206811166	-0.00750107698874	-0.0217955820285	0.0026800744233	-0.0145214248833	-0.0109281368475	-0.00632028704935	-0.00304362060858	-0.0471760806102	0.0252724641548	-0.00871877702176	0.0193997851641	-0.0449356044778	0.0147478168517	-0.0940809914783	0.0408636425328	-0.0251616991298	-0.037652824737	-0.0136705916952	0.0106135684987	0.0513363813597	0.00989543716856	-0.00329416529092	0.0273954863456	0.0434916233935	0.0852694471823	-0.0325523153009	0.00520933689026	-0.00940234112656	-0.00555945512211	0.00100889639138	0.030853922689	0.0213459306893
k__Bacteria;p__Bacteroidetes;c__Bacteroidia;o__Bacteroidales;f__Rikenellaceae;g__Alistipes;s__Alistipes_obesi	0.0425257124665	0.0488677125247	-0.0159214089086	-0.0184207919921	-0.0510923258989	0.00248751899576	-0.0151751125723	0.0250665458344	-0.0543010524437	-0.0690775617631	-0.0257315716612	-0.00746416860872	-0.0214073946809	1.0	0.0316468138678	-0.070239432759	-0.0250460772887	-0.0308478375743	0.0196284833922	0.0253606646781	0.0179151140009	0.0565256701182	0.042228637988	-0.0115595072228	0.0139899627309	-0.0255132377381	-0.0160061562805	-0.0240052048733	-0.00591777793183	0.0186442140135	-0.00749830982643	0.00205518941821	-0.0169109238175	0.0204535340692	-0.00154016067776	-0.0280497179692	-0.0578166057525	-0.0546128524865	0.00600149607978	0.0624964236235	-0.00244908899315	-0.0337980120722	-0.0278066963906	0.0184335027461	-0.01286169698	-0.0683562847556	0.00475157954992	0.0425198423173	0.0166498996426	-0.00813311692519	-0.0145168003	-0.00738809883329	0.105147712032	0.0415722345069	-0.0206275237146	-0.00936213989434	-0.0690789529023	-0.0210196051239	-0.0158074112825
k__Bacteria;p__Firmicutes;c__Clostridia;o__Clostridiales;f__Lachnospiraceae;g__;s__[Eubacterium]_rectale	-0.0328650375871	0.011057296173	-0.0304978405488	-0.00125209809792	-0.0024545937176	0.0108724121184	0.0277612008866	-0.0271071472076	-0.0399932167427	-0.0253768118334	-0.0231744034831	-0.0445143300317	-0.0783215697348	0.0316468138678	1.0	0.0223478676003	-0.0453097490076	-0.0235606048401	0.000984955037729	0.0527266952107	0.0297017816019	0.0430769193892	-0.0276762369764	0.0200236610739	0.00453735433587	0.0132242840348	-0.0284997138293	0.0150132930279	0.0297255897155	-0.0630359533152	-0.0382777420975	-0.0202155559901	0.00495135987474	0.0341623333229	-0.0726444481437	0.00746135026414	0.000278740980312	0.0421795969774	0.0156033000188	-0.0220173352308	0.0112342864197	-0.0378302011862	-0.00472141200042	0.0337484703694	0.0204886694016	-0.0461878990546	-0.0199914931211	0.00889981452144	0.0111568738498	-0.0339687325905	-0.0354919376923	-0.0185777949186	0.0224329455783	-0.0915269590655	0.00122824515072	0.0263180739663	0.0511318114205	0.0130593583417	-0.0564458605344
k__Bacteria;p__Bacteroidetes;c__Bacteroidia;o__Bacteroidales;f__Bacteroidaceae;g__Bacteroides;s__Bacteroides_plebeius	-0.0468142909805	0.0140756160602	0.0589505988366	0.000668836904136	0.0213465039267	-0.0115007521246	0.0980400189126	0.017464359562	-0.0206137279947	0.0596581000075	0.0633676070071	0.00550505076737	-0.0320303295808	-0.070239432759	0.0223478676003	1.0	-0.00741457010228	-0.00565797841032	0.0109614453822	-0.0577716639426	0.0393669342222	-0.0336706963495	0.0425327700605	0.0214212706868	0.0366440633556	-0.0273183802373	0.0245597488572	-0.0684471860015	-0.025346695442	0.0338172124752	-0.0344661735184	0.0243658453364	-0.000949247294512	0.0172392658856	-0.0566461940174	0.0642586416749	0.00106638803695	-0.0492646342621	0.00848138470049	-0.0306116459679	-0.00900715621993	-0.042507269987	-0.0660560851948	-0.0752866529978	-0.0425446418044	0.0482459715647	-0.0437190172043	0.00340689884393	-0.0101867896955	-0.00285534502297	-0.0428285707347	0.0237719012336	-0.0268339062999	-0.0102057737752	0.0400309085139	0.0177840686932	-0.00867131951614	0.00176798408492	-0.0257618107513
k__Bacteria;p__Bacteroidetes;c__Bacteroidia;o__Bacteroidales;f__Bacteroidaceae;g__Bacteroides;s__Bacteroides_fragilis	-0.00644757039038	-0.0263428164696	-0.0207672539587	-0.0135884159428	-0.0543172333377	0.033960062583	0.020968208778	0.0131530572847	-0.0050907197164	-0.0364147504819	-0.0339092610849	-0.0259503016877	0.00171008286312	-0.0250460772887	-0.0453097490076	-0.00741457010228	1.0	0.0253716957381	-0.0156045995075	-0.065182701782	0.0148190889442	-0.0136787018013	0.00217837506418	0.0413455712035	0.0435632948096	0.0157492771375	-0.0419551145946	-0.00818886969546	-0.0174187448206	0.0153208471495	0.0213151660042	0.0110078653079	-0.00823748632416	-0.0622353734554	0.0308818197124	-0.0287995599727	-0.00415610423626	-0.0253687279318	-0.0165286924977	-0.0337593778998	-0.00512992786708	-0.0187235990052	0.085238493098	0.0145105057758	0.0412529206581	-0.0634157872486	-0.0525874952939	0.00876082013868	0.0224514840884	0.0445054493771	0.0585521093543	0.0168903441027	-0.0545063868244	0.0606388858269	0.00351885791565	-0.0675799662731	-0.063522565468	-0.057772076807	-0.00409976159319
k__Bacteria;p__Proteobacteria;c__Betaproteobacteria;o__Burkholderiales;f__Sutterellaceae;g__Sutterella;s__Sutterella_wadsworthensis	-0.0770366436115	-0.00643900078862	0.0641785532027	-0.0269546500352	-0.0493840458487	-0.00666842347461	-0.0630509055444	-0.0322551183886	-0.0238669658361	0.0114474759652	-0.0366610138662	-0.000433190960362	-0.0299991868263	-0.0308478375743	-0.0235606048401	-0.00565797841032	0.0253716957381	1.0	-0.0453039122071	-0.0188860602622	0.000511276695144	0.012928430649	0.021081333913	-0.0306044694241	-0.00391889119692	0.0141608907782	0.0840559395373	0.0118341146268	0.0298166619403	-0.0137064261165	-0.0279535871037	-0.0848511779915	-0.00980575344148	-0.0163392015947	-0.000400813981692	-0.0358287276091	-0.00688105107228	-0.00910350561446	0.0217572056807	-0.0835715813247	0.00389265150029	0.0103347882126	-0.00666364490307	0.0128310691691	0.03910305554	0.0391495398292	-0.0636753199383	-0.00888084952249	0.0470132812284	-0.0793123154522	-1.28317488258e-05	0.0134540128717	-0.00461351232179	0.0811980478561	-0.0188512498238	0.000122691694263	0.035352396603	0.0259788843285	0.0255779381965
k__Bacteria;p__Bacteroidetes;c__Bacteroidia;o__Bacteroidales;f__Porphyromonadaceae;g__Barnesiella;s__Barnesiella_intestinihominis	0.0249566762411	-0.0593466296801	-0.0238497228685	0.0235932416218	0.0141770105796	0.000752043747071	-0.0650143617152	0.0756349035813	-0.0201008868663	0.00348824108959	0.0200720545014	-0.0216558194849	0.0398781963204	0.0196284833922	0.000984955037729	0.0109614453822	-0.0156045995075	-0.0453039122071	1.0	0.000960849070899	0.0223153648087	0.0289575041418	-0.0936393355246	-0.0572778318691	0.0217657809922	0.0254626926151	-0.0649212322484	0.0449300863262	0.00656882085214	-0.0699219420062	-0.002892612029	-0.0413194705994	-0.0531850090643	-0.0320858224777	0.0417432135581	-0.00944372901653	-0.0743859323488	-0.029407559653	-0.0271914031899	-0.0132999718397	-0.000932454358234	0.0269010577922	-0.0463706136947	0.0733317718207	-0.029777599736	-0.0589448950125	-0.0142499213359	-0.00306406868325	-0.00304276215101	-0.00454942825407	0.00652994245212	-0.0322915896033	-0.0126610759568	-0.00989345948396	-0.0404490862016	0.00760295290546	0.0202734629081	0.0506209367782	0.0293692947717
k__Bacteria;p__Bacteroidetes;c__Bacteroidia;o__Bacteroidales;f__Odoribacteraceae;g__Odoribacter;s__Odoribacter_splanchnicus	-0.0157254409569	0.00561653073248	-0.0539084656779	-0.028981737863	-0.0382664513647	0.0287557266721	0.00617034780556	0.00693907427336	0.0648366858975	-0.0756232703496	0.0122988691239	-0.0255658949989	0.0316560122809	0.0253606646781	0.0527266952107	-0.0577716639426	-0.065182701782	-0.0188860602622	0.000960849070899	1.0	-0.0261612621788	-0.00959809452807	-0.0251843188937	-0.0156216868918	-0.030192038922	-0.00546307035537	0.0526962993582	-0.0620060014328	0.0281992443446	-0.0409674932828	-0.000582913113726	-0.0484617133513	-0.00869658915681	0.0176955902073	-0.0121826484811	-0.00268927717555	-0.0449729963595	-0.0369162624072	-0.0096147931278	-0.0212715520132	0.014473034271	-0.0122807109817	0.0150055640403	0.0393346482955	-0.0640459958289	0.0144079225892	-0.0145559993916	0.0276331386523	-0.00166470962758	-0.0194277281111	0.024505283678	-0.0110589804285	-0.00684250649995	0.0234221389661	-0.0448506883851	0.0039921223213	0.0047336365189	0.0202619240001	-0.00988630159018
k__Bacteria;p__Bacteroidetes;c__Bacteroidia;o__Bacteroidales;f__Bacteroidaceae;g__Bacteroides;s__Bacteroides_salyersiae	0.00429067465367	-0.0404262286448	-0.00574350995781	0.00990045339853	-0.0448056157856	0.0174963048111	0.0179363729985	0.0126350111654	-0.0806394974774	0.0333688368178	0.0175104194213	0.0325326260975	-0.0135240132742	0.0179151140009	0.0297017816019	0.0393669342222	0.0148190889442	0.000511276695144	0.0223153648087	-0.0261612621788	1.0	0.0113249943455	-0.0438469670278	0.00876401132197	-0.0480028734428	-0.0338297890101	-0.0458117619483	0.0671279079779	0.0175849555592	-0.0187922584139	0.0366552899678	0.0197437788579	-0.0268961268012	-0.0421162200039	0.0473186175192	0.0172393827939	0.0762803639564	-0.00439507922848	-0.0516785790978	0.00593332126618	0.0139837738578	-0.0381711664917	-0.00675350014007	-0.0531501086495	-0.00215666119612	-0.0134497042858	0.0049351197787	0.0131513183405	-0.030151607901	0.0159844739406	0.0449002964096	-0.058786421103	-0.0273591019951	-0.0320702869813	0.0225384872307	0.0152616025865	-0.0222048085075	-0.0517945849526	0.0127525877204
k__Bacteria;p__Firmicutes;c__Clostridia;o__Clostridiales;f__Ruminococcaceae;g__Ruminiclostridium;s__[Eubacterium]_siraeum	0.00857634324004	-0.00230220720778	-0.0448733252582	-0.024667622002	-0.0238898284863	0.0257691443038	0.0755263786436	0.0455550315288	-0.0515640069485	0.0056510118998	-0.0340362439687	-0.0174203580604	0.0676006068655	0.0565256701182	0.0430769193892	-0.0336706963495	-0.0136787018013	0.012928430649	0.0289575041418	-0.00959809452807	0.0113249943455	1.0	0.0155028534393	0.0379640704221	0.00648930863238	-0.0699120271863	-0.0481210240206	-0.0276476708399	0.0102043742249	-0.0598424652075	-0.0422056005928	-0.0463849535934	-0.0611261904424	0.0214198979451	-0.0589532524298	-0.00570874669348	-0.0884962063816	-0.0238698039467	-0.0235133545704	-0.0306402212995	0.00652526067414	0.000440968041762	-0.0538403851799	0.026027522636	0.0560892851157	-0.0131345897363	-0.0446305174936	-0.0789333044954	-0.0501747905584	-0.00373828996191	0.00365864853314	0.0124391228359	0.0100798581317	0.0287984463099	-0.043828114833	0.0726127322768	0.0455379608934	-0.0345380822835	-0.0958213757966
k__Bacteria;p__Proteobacteria;c__Betaproteobacteria;o__Burkholderiales;f__Sutterellaceae;g__Parasutterella;s__Parasutterella_excrementihominis	0.0656458796699	0.00249934214022	-0.0514466482355	-0.0561327043099	0.0271346728277	0.0338657927765	-0.0507410696923	-0.0148690857918	-0.0397850479323	0.0436151995214	-0.000701569492805	0.0493010415044	-0.00174126940456	0.042228637988	-0.0276762369764	0.0425327700605	0.00217837506418	0.021081333913	-0.0936393355246	-0.0251843188937	-0.0438469670278	0.0155028534393	1.0	0.0158156770373	0.0509773254752	0.000222898721129	-0.039147580379	-0.0291260101786	0.0190995597083	-0.00226944221882	-0.0496602758482	-0.0139295336942	-0.00562104254452	-0.065512758022	0.0027699955901	-0.00585726786845	-0.0071041181064	0.00132478207033	0.00918599642976	-0.044202181158	-0.00539566672353	0.00186555121884	0.0101134949326	-0.0560111011099	0.0499275560762	0.0172594107122	-0.00860734083911	0.0262164657671	0.00992312982383	-0.0180179751988	0.0158208053282	-0.0313463987683	0.0169592761623	0.052922488621	0.0185325558896	0.00261507149717	-0.0100885669451	-0.00824070598236	-0.0714747328681
k__Bacteria;p__Actinobacteria;c__Actinobacteria;o__Bifidobacteriales;f__Bifidobacteriaceae;g__Bifidobacterium;s__Bifidobacterium_adolescentis	-0.0322424982453	-0.0129556853107	-0.00369375041391	-0.0495343476197	-0.0159628282142	-0.0323646714392	-0.00633144420405	-0.029539707226	0.0082612369004	-0.0229012066006	0.0130604269295	-0.039715938987	-0.0514126573319	-0.0115595072228	0.0200236610739	0.0214212706868	0.0413455712035	-0.0306044694241	-0.0572778318691	-0.0156216868918	0.00876401132197	0.0379640704221	0.0158156770373	1.0	-0.00872389605348	0.0118650363115	-0.0101844644255	-0.0192345196711	0.00729415796844	0.0302506722634	-0.0717010548823	-0.0147913054596	-0.01823842254	0.0446745480301	-0.0494941072763	-0.00267756418062	-0.038206748736	-0.0551086205318	-0.0252514102201	0.0467446255204	-0.0301577411026	-0.0326389821081	-0.0547675648903	-0.052659772936	-0.0125981467145	0.0390119410719	-0.063540544017	0.0158623850216	-0.0400710973562	-0.0281757221712	-0.00196263630248	-0.0175053953393	0.0350941044067	-0.0122567969117	-0.0172356590588	-0.121010099896	-0.0218294251205	-0.0648053007512	-0.0125284461897
k__Bacteria;p__Firmicutes;c__Clostridia;o__Clostridiales;f__Oscillospiraceae;g__Oscillibacter;s__Oscillibacter_sp._KLE_1745	0.0135811236628	0.0546840028013	-0.0201255872441	-0.0195959059411	0.0359168497663	-0.039595985596	-0.0153498351722	-0.0159735402235	-0.0596883125056	-0.0141518620517	0.0104592708305	0.0164892085338	-0.0590910610585	0.0139899627309	0.00453735433587	0.0366440633556	0.0435632948096	-0.00391889119692	0.0217657809922	-0.030192038922	-0.0480028734428	0.00648930863238	0.0509773254752	-0.00872389605348	1.0	-0.00135713292755	0.0379339867381	-0.0153221639129	0.0131159467228	0.00657592678529	-0.0612210017218	-0.0545807777624	0.0335797937776	-0.026252284933	0.0249186768084	-0.0936411901552	-0.00932531142394	-0.0199342942247	-0.00749095959792	0.0596989225723	0.0626250236893	0.0534973202582	0.0363951523688	-0.0266470390353	-0.0264602223101	-0.0307996836437	-0.00479007460945	-0.0492345139429	-0.023876848237	0.0446203082877	0.02259646679	-0.024395425597	-0.045981746439	0.0258476384836	0.0263014842159	-0.0321944817157	0.0331042898472	0.0156003958617	-0.039162429864
k__Bacteria;p__Bacteroidetes;c__Bacteroidia;o__Bacteroidales;f__Bacteroidaceae;g__Bacteroides;s__Bacteroides_coprophilus	-0.029935035678	0.0491326751861	-0.0220070236166	-0.0681594276072	0.024164966825	-0.0100037178505	-0.0224507626491	-0.00536374376644	-0.0105610249378	-0.0128322574432	0.040022405635	-0.026028519322	-0.00752909235872	-0.0255132377381	0.0132242840348	-0.0273183802373	0.0157492771375	0.0141608907782	0.0254626926151	-0.00546307035537	-0.0338297890101	-0.0699120271863	0.000222898721129	0.0118650363115	-0.00135713292755	1.0	0.000175696121858	0.0108972587819	-0.0176592187079	0.0203481765673	0.0391278229999	0.0300321117624	-0.0552115846807	-0.0078102319957	-0.0626722759073	0.0668191350735	-0.00328244279897	0.00343053075623	0.0137007037985	0.0632692730207	-0.0327840154575	-0.0468133016026	-0.00750309985275	-0.0518502757622	0.00697774308569	0.00160274589061	-0.0105729566322	0.0177521391392	-0.0249265002732	-0.0164928165751	-0.0313006413751	0.000847585439857	-0.00957677371905	0.00942549488456	0.0552262005112	-0.045551965636	0.00795564918823	-0.00151650581254	0.00333909979237
k__Bacteria;p__Firmicutes;c__Clostridia;o__Clostridiales;f__Lachnospiraceae;g__Roseburia;s__Roseburia_intestinalis	-0.00406354164665	0.00818654437696	-0.00558002732333	0.0805986604112	0.058436562548	0.0192534004678	-0.0431930590592	-0.00390294673655	-0.0214782370271	0.0307341011176	-0.0583262388586	-0.00337676411824	-0.00839206811166	-0.0160061562805	-0.0284997138293	0.0245597488572	-0.0419551145946	0.0840559395373	-0.0649212322484	0.0526962993582	-0.0458117619483	-0.0481210240206	-0.039147580379	-0.0101844644255	0.0379339867381	0.000175696121858	1.0	0.0768364304484	0.0156799136644	-0.038053312456	-0.0182584381515	-0.027792009924	-0.0680632937854	-0.0600827831846	0.00262686659484	-0.00926344511248	0.00998750601324	0.0112580098575	-0.0397642672099	-0.00842403833605	0.0326923738182	-0.0576506699141	-0.0232455225344	0.0130220592378	-0.0210333666751	-0.00265863173367	-0.016835620712	0.0745851503846	-0.0359298619195	-0.0374426070931	0.0100065333785	-0.0239596495763	-0.0153152265533	-0.00255466973724	0.0205792028095	-0.0374161436956	-0.0271234441892	0.0170014868271	0.0433654104079
k__Bacteria;p__Firmicutes;c__Clostridia;o__Clostridiales;f__Lachnospiraceae;g__Roseburia;s__Roseburia_hominis	-0.010040509705	-0.0168362643877	0.0293540901582	-0.0286853253415	-0.00238320696658	0.0204450424243	-0.0341837137021	0.0113950462588	-0.00197125636407	-0.039735647998	0.00941571179693	-0.0150244729042	-0.00750107698874	-0.0240052048733	0.0150132930279	-0.0684471860015	-0.00818886969546	0.0118341146268	0.0449300863262	-0.0620060014328	0.0671279079779	-0.0276476708399	-0.0291260101786	-0.0192345196711	-0.0153221639129	0.0108972587819	0.0768364304484	1.0	-0.0660723186561	-0.0715152292837	-0.00867540365066	0.044782551584	-0.0156601976325	-0.010359831918	-0.02941645526	-0.00569937701474	0.0321556055762	0.0164730113276	0.0360330872032	0.0601758229787	0.0259440628166	-0.0186820790044	-0.0632522626984	0.0107151507527	-0.0245659775397	0.00355551998828	0.00480761355417	-0.0429035922713	-0.0251133781322	0.00227078416224	0.00312417015581	0.00950772421723	-0.0505817362558	-0.018152104473	-0.0443914227827	0.0490181234418	0.0502290073021	0.006514446624	-0.0270839021147
k__Bacteria;p__Bacteroidetes;c__Bacteroidia;o__Bacteroidales;f__Porphyromonadaceae;g__Parabacteroides;s__Parabacteroides_johnsonii	-0.0200220479949	-0.0416592578973	-0.0110613487792	-0.0641702806385	-0.0591789683408	0.00568166731608	-0.0258746072833	0.025386887709	-0.0580529663789	0.0469101269346	0.0207956126501	-0.00325782876774	-0.0217955820285	-0.00591777793183	0.0297255897155	-0.025346695442	-0.0174187448206	0.0298166619403	0.00656882085214	0.0281992443446	0.0175849555592	0.0102043742249	0.0190995597083	0.00729415796844	0.0131159467228	-0.0176592187079	0.0156799136644	-0.0660723186561	1.0	-0.0260875876046	-0.014413448197	0.0299664344829	-0.0608541006115	-0.019834159449	0.0171554672263	-0.0283068075914	-0.0391272817441	0.00752270817921	-0.0150476161637	0.00613862846001	0.0408215335816	-0.0398426683445	0.0168304382386	0.0568893896487	-0.0170653134742	-0.0745500313802	-0.0745511287868	0.0190258037993	0.026986854329	0.00483153151962	-0.00914146293267	0.017328236897	0.0261577752531	-0.0539082980313	-0.000372023046415	-0.0813957365493	-0.0459902301134	-0.0248324434408	-0.059582121057
k__Bacteria;p__Actinobacteria;c__Actinobacteria;o__Bifidobacteriales;f__Bifidobacteriaceae;g__Bifidobacterium;s__Bifidobacterium_longum	0.00880080582892	-0.0463673694509	0.0337257713984	-0.0179469610098	-0.0358018692842	-0.0198810441217	-0.0314235296778	0.0242403565893	0.0407548331288	0.0589832417156	-0.0580643603544	0.0464575142355	0.0026800744233	0.0186442140135	-0.0630359533152	0.0338172124752	0.0153208471495	-0.0137064261165	-0.0699219420062	-0.0409674932828	-0.0187922584139	-0.0598424652075	-0.00226944221882	0.0302506722634	0.00657592678529	0.0203481765673	-0.038053312456	-0.0715152292837	-0.0260875876046	1.0	0.0252905802096	-0.0059067216877	0.036094957362	0.0102810267309	-0.0582953180466	-0.0393120613277	-0.020382044714	0.0508244497449	-0.0275987668043	0.0245733171232	-0.0147877047753	0.0551852983223	-0.0384874315085	-0.0130615461684	0.0212709716679	-0.0134160245056	-0.0353316010541	0.0397626750696	0.0520827267617	0.0450309925246	0.00284125714782	-0.0405692081014	-0.0370375227292	-0.075153529469	-0.0229098141374	-0.0124579576451	0.0304653453816	-0.0542930271228	0.00827023498025
