#taxonomy	k__Bacteria;p__Bacteroidetes;c__Bacteroidia;o__Bacteroidales;f__Bacteroidaceae;g__Bacteroides;s__Bacteroides_vulgatus	k__Bacteria;p__Bacteroidetes;c__Bacteroidia;o__Bacteroidales;f__Bacteroidaceae;g__Bacteroides;s__Bacteroides_uniformis	k__Bacteria;p__Bacteroidetes;c__Bacteroidia;o__Bacteroidales;f__Rikenellaceae;g__Alistipes;s__Alistipes_putredinis	k__Bacteria;p__Bacteroidetes;c__Bacteroidia;o__Bacteroidales;f__Prevotellaceae;g__Prevotella;s__Prevotella_copri	k__Bacteria;p__Bacteroidetes;c__Bacteroidia;o__Bacteroidales;f__Bacteroidaceae;g__Bacteroides;s__Bacteroides_stercoris	k__Bacteria;p__Bacteroidetes;c__Bacteroidia;o__Bacteroidales;f__Bacteroidaceae;g__Bacteroides;s__Bacteroides_ovatus	k__Bacteria;p__Bacteroidetes;c__Bacteroidia;o__Bacteroidales;f__Rikenellaceae;g__Alistipes;s__Alistipes_shahii	k__Bacteria;p__Firmicutes;c__Clostridia;o__Clostridiales;f__Ruminococcaceae;g__Faecalibacterium;s__Faecalibacterium_prausnitzii	k__Bacteria;p__Bacteroidetes;c__Bacteroidia;o__Bacteroidales;f__Rikenellaceae;g__Alistipes;s__Alistipes_finegoldii	k__Bacteria;p__Bacteroidetes;c__Bacteroidia;o__Bacteroidales;f__Porphyromonadaceae;g__Parabacteroides;s__Parabacteroides_distasonis	k__Bacteria;p__Bacteroidetes;c__Bacteroidia;o__Bacteroidales;f__Bacteroidaceae;g__Bacteroides;s__Bacteroides_thetaiotaomicron	k__Bacteria;p__Bacteroidetes;c__Bacteroidia;o__Bacteroidales;f__Bacteroidaceae;g__Bacteroides;s__Bacteroides_coprocola	k__Bacteria;p__Bacteroidetes;c__Bacteroidia;o__Bacteroidales;f__Bacteroidaceae;g__Bacteroides;s__Bacteroides_cellulosilyticus	k__Bacteria;p__Bacteroidetes;c__Bacteroidia;o__Bacteroidales;f__Rikenellaceae;g__Alistipes;s__Alistipes_obesi	k__Bacteria;p__Firmicutes;c__Clostridia;o__Clostridiales;f__Lachnospiraceae;g__;s__[Eubacterium]_rectale	k__Bacteria;p__Bacteroidetes;c__Bacteroidia;o__Bacteroidales;f__Bacteroidaceae;g__Bacteroides;s__Bacteroides_plebeius	k__Bacteria;p__Bacteroidetes;c__Bacteroidia;o__Bacteroidales;f__Bacteroidaceae;g__Bacteroides;s__Bacteroides_fragilis	k__Bacteria;p__Proteobacteria;c__Betaproteobacteria;o__Burkholderiales;f__Sutterellaceae;g__Sutterella;s__Sutterella_wadsworthensis	k__Bacteria;p__Bacteroidetes;c__Bacteroidia;o__Bacteroidales;f__Porphyromonadaceae;g__Barnesiella;s__Barnesiella_intestinihominis	k__Bacteria;p__Bacteroidetes;c__Bacteroidia;o__Bacteroidales;f__Odoribacteraceae;g__Odoribacter;s__Odoribacter_splanchnicus	k__Bacteria;p__Bacteroidetes;c__Bacteroidia;o__Bacteroidales;f__Bacteroidaceae;g__Bacteroides;s__Bacteroides_salyersiae	k__Bacteria;p__Firmicutes;c__Clostridia;o__Clostridiales;f__Ruminococcaceae;g__Ruminiclostridium;s__[Eubacterium]_siraeum	k__Bacteria;p__Proteobacteria;c__Betaproteobacteria;o__Burkholderiales;f__Sutterellaceae;g__Parasutterella;s__Parasutterella_excrementihominis	k__Bacteria;p__Actinobacteria;c__Actinobacteria;o__Bifidobacteriales;f__Bifidobacteriaceae;g__Bifidobacterium;s__Bifidobacterium_adolescentis	k__Bacteria;p__Firmicutes;c__Clostridia;o__Clostridiales;f__Oscillospiraceae;g__Oscillibacter;s__Oscillibacter_sp._KLE_1745	k__Bacteria;p__Bacteroidetes;c__Bacteroidia;o__Bacteroidales;f__Bacteroidaceae;g__Bacteroides;s__Bacteroides_coprophilus	k__Bacteria;p__Firmicutes;c__Clostridia;o__Clostridiales;f__Lachnospiraceae;g__Roseburia;s__Roseburia_intestinalis	k__Bacteria;p__Firmicutes;c__Clostridia;o__Clostridiales;f__Lachnospiraceae;g__Roseburia;s__Roseburia_hominis	k__Bacteria;p__Bacteroidetes;c__Bacteroidia;o__Bacteroidales;f__Porphyromonadaceae;g__Parabacteroides;s__Parabacteroides_johnsonii	k__Bacteria;p__Actinobacteria;c__Actinobacteria;o__Bifidobacteriales;f__Bifidobacteriaceae;g__Bifidobacterium;s__Bifidobacterium_longum	k__Bacteria;p__Firmicutes;c__Clostridia;o__Clostridiales;f__;g__Flavonifractor;s__Flavonifractor_plautii	k__Bacteria;p__Firmicutes;c__Clostridia;o__Clostridiales;f__Clostridiaceae;g__Clostridium;s__Clostridium_phoceensis	k__Bacteria;p__Verrucomicrobia;c__Verrucomicrobiae;o__Verrucomicrobiales;f__Akkermansiaceae;g__Akkermansia;s__Akkermansia_muciniphila	k__Bacteria;p__Bacteroidetes;c__Bacteroidia;o__Bacteroidales;f__Prevotellaceae;g__Paraprevotella;s__Paraprevotella_xylaniphila	k__Bacteria;p__Firmicutes;c__Clostridia;o__Clostridiales;f__Ruminococcaceae;g__Ruminococcus;s__Ruminococcus_callidus	k__Bacteria;p__Bacteroidetes;c__Bacteroidia;o__Bacteroidales;f__Rikenellaceae;g__Alistipes;s__Alistipes_senegalensis	k__Bacteria;p__Firmicutes;c__Clostridia;o__Clostridiales;f__Lachnospiraceae;g__Blautia;s__Blautia_sp._KLE_1732	k__Bacteria;p__Bacteroidetes;c__Bacteroidia;o__Bacteroidales;f__Bacteroidaceae;g__Bacteroides;s__Bacteroides_oleiciplenus	k__Bacteria;p__Firmicutes;c__Clostridia;o__Clostridiales;f__Ruminococcaceae;g__Ruminococcus;s__Ruminococcus_bicirculans	k__Bacteria;p__Bacteroidetes;c__Bacteroidia;o__Bacteroidales;f__Bacteroidaceae;g__Bacteroides;s__Bacteroides_fluxus	k__Bacteria;p__Bacteroidetes;c__Bacteroidia;o__Bacteroidales;f__Prevotellaceae;g__Prevotella;s__Prevotella_stercorea	k__Bacteria;p__Firmicutes;c__Clostridia;o__Clostridiales;f__Lachnospiraceae;g__Dorea;s__Dorea_longicatena	k__Bacteria;p__Firmicutes;c__Clostridia;o__Clostridiales;f__Eubacteriaceae;g__Eubacterium;s__[Eubacterium]_eligens	k__Bacteria;p__Firmicutes;c__Clostridia;o__Clostridiales;f__Ruminococcaceae;g__;s__Ruminococcaceae_bacterium_D16	k__Bacteria;p__Firmicutes;c__Clostridia;o__Clostridiales;f__Lachnospiraceae;g__Coprococcus;s__Coprococcus_comes	k__Bacteria;p__Proteobacteria;c__Gammaproteobacteria;o__Enterobacterales;f__Enterobacteriaceae;g__Escherichia;s__Escherichia_coli	k__Bacteria;p__Firmicutes;c__Clostridia;o__Clostridiales;f__Ruminococcaceae;g__Anaerotruncus;s__Anaerotruncus_colihominis	k__Bacteria;p__Firmicutes;c__Clostridia;o__Clostridiales;f__Lachnospiraceae;g__Blautia;s__Blautia_obeum	k__Bacteria;p__Bacteroidetes;c__Bacteroidia;o__Bacteroidales;f__Odoribacteraceae;g__Odoribacter;s__Odoribacter_laneus	k__Bacteria;p__Firmicutes;c__Clostridia;o__Clostridiales;f__Ruminococcaceae;g__Ruminiclostridium;s__[Clostridium]_leptum	k__Bacteria;p__Bacteroidetes;c__Bacteroidia;o__Bacteroidales;f__Porphyromonadaceae;g__Parabacteroides;s__Parabacteroides_goldsteinii	k__Bacteria;p__Firmicutes;c__Clostridia;o__Clostridiales;f__Lachnospiraceae;g__Anaerostipes;s__Anaerostipes_hadrus	k__Bacteria;p__Firmicutes;c__Clostridia;o__Clostridiales;f__Ruminococcaceae;g__Ruminococcus;s__Ruminococcus_lactaris	k__Bacteria;p__Firmicutes;c__Clostridia;o__Clostridiales;f__Clostridiaceae;g__Clostridium;s__Clostridium_sp._L2-50	k__Bacteria;p__Firmicutes;c__Clostridia;o__Clostridiales;f__Clostridiaceae;g__Clostridium;s__Clostridium_sp._M62/1	k__Bacteria;p__Firmicutes;c__Clostridia;o__Clostridiales;f__;g__Intestinimonas;s__Intestinimonas_butyriciproducens	k__Bacteria;p__Actinobacteria;c__Actinobacteria;o__Bifidobacteriales;f__Bifidobacteriaceae;g__Bifidobacterium;s__Bifidobacterium_bifidum	k__Bacteria;p__Firmicutes;c__Negativicutes;o__Veillonellales;f__Veillonellaceae;g__Dialister;s__Dialister_invisus	k__Bacteria;p__Bacteroidetes;c__Bacteroidia;o__Bacteroidales;f__Bacteroidaceae;g__Bacteroides;s__Bacteroides_salanitronis
k__Bacteria;p__Bacteroidetes;c__Bacteroidia;o__Bacteroidales;f__Bacteroidaceae;g__Bacteroides;s__Bacteroides_vulgatus	1.0	0.0180133516849	-0.0797915228324	-0.0413344453949	-0.0399557323464	0.0461063514475	0.0230162897677	0.0313419373987	0.00161048417078	-0.019754527376	-0.012174205428	-0.021960509748	0.0137435226913	-0.00611836912321	-0.0333245018006	-0.0450363655619	-0.0520771335086	0.0397779924906	-0.00192490766009	0.0630485353133	-0.0443903184458	0.0603715706437	0.0115687122198	0.00921543482959	-0.010591072486	0.0542094593271	-0.00157346100819	-0.058026083074	-0.0785154559975	-0.00685307540281	-0.0794485438657	-0.0154165419733	0.00904214118655	-0.0188698747741	0.0105485539309	-0.00422898661088	0.03633353973	-0.0794582254952	0.0107743861501	-0.0075471924488	0.00926920419074	0.0553816376462	0.00642032921264	-0.0635882470486	-0.00596684307626	0.0240245045324	-0.024281511923	0.0572350458999	-0.0120673989338	-0.00290264455526	0.0120697869931	-0.0330596832859	-0.000432778391912	-0.028743330255	0.0416968374477	0.0205197746503	-0.0308019673037	-0.0111155658541	-0.031237267193
k__Bacteria;p__Bacteroidetes;c__Bacteroidia;o__Bacteroidales;f__Bacteroidaceae;g__Bacteroides;s__Bacteroides_uniformis	0.0180133516849	1.0	-0.0388168322576	0.0549007940222	0.0394372278095	-0.00245157587588	-0.0169631227091	-0.0545142239862	0.0292077382044	-0.0254886225391	-0.0263443723302	0.0933551695734	0.0010063439703	-0.0293443240016	-0.0160305443891	-0.0404351813062	-0.0287032261733	-0.0308859122477	0.0278202406128	-0.00633324734785	-0.0448151148072	-0.0204182508868	-0.0637629317136	0.0150301102346	0.0357029439521	-0.00981387389012	0.0499864809521	0.0350545629067	0.00839853429445	-0.0107947944027	-0.00674488455778	-0.00995079947771	0.0014979127894	-0.0251719258541	-0.0536158643878	0.0177233616165	0.0546567993137	-0.00846436530267	-0.00774531048644	0.00986999441498	-0.0131288859697	-0.0403085637696	-0.0296140632788	-0.0376513946323	0.0264936658447	0.0588416977001	-0.0273796520923	-0.021649538232	0.0237733520823	-0.0147382916507	-0.00635340492944	0.00907884794939	0.0616684636991	-0.00414079341299	-0.0265373751817	-0.00468536072349	0.0202849083497	0.0344491475068	0.0108482177581
k__Bacteria;p__Bacteroidetes;c__Bacteroidia;o__Bacteroidales;f__Rikenellaceae;g__Alistipes;s__Alistipes_putredinis	-0.0797915228324	-0.0388168322576	1.0	0.0124881310535	0.0434708319658	0.0124268282782	0.0114535307377	-0.0177377948284	0.00296257231199	-0.0124766663377	0.00914626135502	-0.0259783505143	-0.0109919188339	-0.000901095058885	-0.00861859710743	-0.00787216007075	-0.0390064075244	-0.0141478822794	-0.0145651281677	-0.0608191975481	0.0220116168877	0.0295198854731	-0.0200620473364	-0.0446367216286	0.0165215657607	0.0083114392264	-0.0194552094604	-0.00156353594912	0.0621882151565	-0.0575869867196	0.0274634288887	0.0761213222996	-0.00512267021332	-0.0107210804854	-0.0107839351035	0.00344872230935	-0.000937706838939	-0.0369473661095	-0.0281962734282	0.0184049172323	-0.0015795467578	-0.0389378411885	-0.0203582963481	-0.0109536876228	-0.0347632409529	-0.0103884987194	-0.0612136674059	-0.0351541856303	0.0244586770466	-0.0222084585943	-0.0184710522202	0.00515038748709	0.0377204483581	-0.0318969180887	-0.00883564861836	-0.0832199334741	-0.00307900182375	0.0280698759973	-0.0143086224539
k__Bacteria;p__Bacteroidetes;c__Bacteroidia;o__Bacteroidales;f__Prevotellaceae;g__Prevotella;s__Prevotella_copri	-0.0413344453949	0.0549007940222	0.0124881310535	1.0	-0.0308532455686	-0.0677353764072	-0.0184007956395	0.0227269068931	0.0341592090056	0.0211689179398	0.0458453470228	-0.0742044405844	-0.0129162726371	-0.0137315782416	-0.0135605137594	0.0190596184072	0.0491066786089	-0.00708463333192	-0.0225893223714	-0.00595792885429	-0.0469715771496	-0.0162766173474	-0.0428340289282	-0.0116172248339	-0.0395315296041	-0.0777131467493	0.0315085835111	-0.00990722930793	-0.013246041798	-0.0688077223363	-0.0688801690337	-0.0204339819376	0.0134241577409	-0.0234452260633	-0.0599272490216	0.00234459050102	0.0117158309099	0.0310479092312	-0.00506540877213	-0.0440809759134	0.00133968411952	-0.0239758187207	0.0605161457929	-0.0250787938532	-0.0317430154597	0.0673276299568	-0.0370110976903	-0.038414765353	-0.0208121855568	-0.00225556388672	0.0818603153566	-0.0366523491211	-0.0505252009208	0.0604522833805	-0.0507192048598	0.0294087243871	-0.0180511487232	0.01048760674	0.00494274084548
k__Bacteria;p__Bacteroidetes;c__Bacteroidia;o__Bacteroidales;f__Bacteroidaceae;g__Bacteroides;s__Bacteroides_stercoris	-0.0399557323464	0.0394372278095	0.0434708319658	-0.0308532455686	1.0	-0.0550701478689	-0.0410074852837	-1.55468304035e-05	-0.030161034692	0.00323498915088	0.000371022706808	-0.00652392797245	0.0646969264884	-0.0289110015964	0.0208149700467	-0.00973933068647	0.0411537433954	0.0190194751702	-0.0500460237731	0.0280326902868	-0.0462976418251	0.0113992127613	0.00648599423474	0.0285519492434	-0.0193672261831	-0.0350279882474	-0.0262051363255	-0.0417220271818	0.0197990465876	0.010628832744	-0.0659952028766	-0.047088693823	-0.00986442402391	-0.0111882482527	-0.0474928206062	-0.0189438691963	-0.0202058076865	0.0129224739762	0.0441991196773	-0.0156465248762	-0.0152352116369	-0.00583250496159	-0.000252964884135	-0.0589114177444	0.09612589589	-0.0451659410718	-0.0670290793797	0.04743094417	-0.0123307344404	-0.0401905528548	0.0342446129749	0.0214789510469	0.00286885875129	-0.0652170556591	0.00858132059661	-0.00532836901107	0.0730562804828	-0.0851375198927	-0.00817801823335
k__Bacteria;p__Bacteroidetes;c__Bacteroidia;o__Bacteroidales;f__Bacteroidaceae;g__Bacteroides;s__Bacteroides_ovatus	0.0461063514475	-0.00245157587588	0.0124268282782	-0.0677353764072	-0.0550701478689	1.0	-0.0190934161449	0.0167439440499	-0.0361233521456	-0.0478345566307	-0.034873552155	0.0386796981952	-0.0232163571688	-0.0127091671107	-0.0628420329786	0.0554925554862	-0.0190224698549	-0.0132516692007	0.00130856803046	-0.0455473045544	0.0219033602506	0.0489225906689	0.0040440900526	0.037817096265	0.0569517165265	-0.000713877090557	0.0108046310264	0.0413212558215	-0.00962449545896	0.0281557200518	-0.0169536450691	-0.022073532376	0.0147000510564	-0.0557744869451	0.0279103100593	0.0505808874329	-0.0145144362453	0.029167704922	0.0297554290846	-0.00252261275989	-0.0390035747418	0.0359268839318	-0.00708372952891	-0.0143983534559	-0.0271276279486	0.0174723191017	-0.0380148316069	-0.000379011709448	-0.0682613251693	0.024055299857	0.00554353731094	0.0652788814418	-0.0307922212032	-6.3417324423e-05	0.0373012358623	-0.0192297882197	0.00102593115534	-0.00183422386976	0.0205496925541
k__Bacteria;p__Bacteroidetes;c__Bacteroidia;o__Bacteroidales;f__Rikenellaceae;g__Alistipes;s__Alistipes_shahii	0.0230162897677	-0.0169631227091	0.0114535307377	-0.0184007956395	-0.0410074852837	-0.0190934161449	1.0	0.019477280497	0.00734128547563	0.0515781631595	-0.0182120665421	-0.0173446049282	-0.102310622793	0.00890173353554	0.0249582256945	-0.0586409710508	-0.0562679401576	-0.0500551230237	-0.0391262327241	-0.0362979257951	-0.0325466478681	-0.0354453933443	-0.0292308804612	0.00924577464309	-0.0179538463984	-0.0344434584725	0.0233608352708	0.0324304328524	-0.0401709502921	0.00574459164149	-0.0311408022239	-0.0452996200455	0.0187004946559	0.0117426235459	-0.00451602965855	-0.0211973419984	-0.0292543715027	-0.0256945958206	-0.0245150912409	0.00404942437564	0.0228962981388	0.0122452516653	-0.00826816637638	0.00374158486872	0.00202227090758	0.00660629565887	-0.00714359510926	0.0309907340238	-0.00942936760787	-0.0245161219747	0.0659622203252	-0.0196441180496	-0.000658870960362	0.0285847645041	0.0354417246853	0.0309903888019	0.0181878603562	-0.0480730921652	-0.0259025963775
k__Bacteria;p__Firmicutes;c__Clostridia;o__Clostridiales;f__Ruminococcaceae;g__Faecalibacterium;s__Faecalibacterium_prausnitzii	0.0313419373987	-0.0545142239862	-0.0177377948284	0.0227269068931	-1.55468304035e-05	0.0167439440499	0.019477280497	1.0	-0.0411183130142	-0.0770870825937	0.0248959638272	0.0142899280527	-0.04502415951	0.053613466031	-0.00643567817346	0.0237207945811	0.0434220918165	0.0251138722211	-0.0299740676821	0.00834628073317	0.0304177846501	-0.0365753337878	0.0334901602083	0.0813995168277	-0.0419030845047	-0.00872512333396	0.00998344088815	0.00374195217718	-0.0158127191109	-0.0012309293903	0.0239883575625	-0.0225064717266	-0.00843484608012	0.0222198975097	0.00459409115766	-0.039394284403	-0.0522193083713	-0.000107430922137	0.03291684686	-0.0623026431451	-0.0711490931679	0.00730343771343	-0.0544106092375	0.0148546630804	0.0224183544429	0.0130037882744	-0.0629160318464	0.00308784414492	0.0681946698462	-0.00585991174374	0.00654880592616	-0.0181505188629	-0.0890611623324	-0.0441642113379	-0.0441281838947	0.0089288426619	-0.0258810311084	0.0481853675281	-0.00714842100546
k__Bacteria;p__Bacteroidetes;c__Bacteroidia;o__Bacteroidales;f__Rikenellaceae;g__Alistipes;s__Alistipes_finegoldii	0.00161048417078	0.0292077382044	0.00296257231199	0.0341592090056	-0.030161034692	-0.0361233521456	0.00734128547563	-0.0411183130142	1.0	-0.0181162067973	-0.015812367609	-0.00571627611783	-0.0729513566562	0.0430727561597	-0.00403398792689	-0.0161782620782	-0.0151045115084	-0.0994301796418	0.0124754872469	0.0132187211507	-0.0413285497116	0.00622387496568	-0.0384642079301	-0.00216765330898	-0.013259272685	0.0339695698683	-0.014854836865	-0.0232660547971	-0.0137887302245	0.0295485800324	0.00502454040876	-0.0310965710272	0.0708778419946	-0.0390220061805	-0.0603313277423	-0.00184745769994	0.0350352549088	0.00486921522347	0.0373355314406	-0.0139164659691	-0.0234559947694	-0.00304008038657	-4.53875754385e-05	0.0680342555934	0.0105279698786	-0.0563575242196	0.00588487611854	-0.0355693553063	0.00987703276605	0.0269070507074	-0.0280036394387	-0.0203474701739	-0.0416132468219	-0.0374915846716	0.0292176917288	-0.047426133367	-0.0405486832185	0.0642244627578	0.0228767896331
k__Bacteria;p__Bacteroidetes;c__Bacteroidia;o__Bacteroidales;f__Porphyromonadaceae;g__Parabacteroides;s__Parabacteroides_distasonis	-0.019754527376	-0.0254886225391	-0.0124766663377	0.0211689179398	0.00323498915088	-0.0478345566307	0.0515781631595	-0.0770870825937	-0.0181162067973	1.0	-0.00749080613528	0.0182840334478	-0.0284776138607	-0.0210848917027	-0.0376682643235	-0.0235559727946	0.00259969787585	-0.0266560311463	0.024505551731	-0.0214341014804	0.0387058632242	-0.0217148318042	-0.0101653387975	-0.0354197545462	-0.0409688994617	0.011095166629	-0.0522507853846	-0.0264643848588	0.0126684785012	-0.0179666400564	0.0360594397918	-0.0635486973814	-0.0236065397383	-0.024839323085	0.00118772370283	0.0538007730263	-0.0156019754872	-0.00226181950713	0.0205397404049	-0.0191032364039	0.0174169471383	-0.0105137214289	-0.0371077925608	0.012878898654	-0.00515790225883	-0.0308966984384	0.0345424706053	-0.0152604080513	-0.00916751998179	0.0159611098513	-0.0125768362575	0.0183065785539	0.01122638403	-0.0619438675827	0.0169958143868	0.0152548151995	0.0125424409846	-0.0138819664571	0.013710476335
k__Bacteria;p__Bacteroidetes;c__Bacteroidia;o__Bacteroidales;f__Bacteroidaceae;g__Bacteroides;s__Bacteroides_thetaiotaomicron	-0.012174205428	-0.0263443723302	0.00914626135502	0.0458453470228	0.000371022706808	-0.034873552155	-0.0182120665421	0.0248959638272	-0.015812367609	-0.00749080613528	1.0	0.00397208722802	0.00355389040735	0.0383027144067	0.000465179584827	0.0198946333744	0.0432866475775	0.00687906413504	-0.0299382278868	-0.042466853689	-0.0138842231032	-0.0477751634229	-0.010188588974	0.000832870196135	-0.0208138181786	-0.0666001731061	-0.00649293354669	0.0273626512136	-0.0442413816809	0.00166935758354	0.0201029050526	0.0693469737111	0.00128710427827	-0.112415563872	-0.00194888379846	-0.0536542903404	-0.0741901274579	-0.120223516679	0.0077286502728	-0.0590466379719	-0.0138206951354	-0.0232347684467	0.00929914035368	-0.0173974195156	-0.0573301315351	0.0100916879318	-0.0612355352296	-0.0120431268165	0.000770991528159	0.0357065238228	0.024732919802	0.0335800141139	0.0156137809625	-0.0481482071784	0.0117267501322	-0.0206763706287	0.00363149138195	0.0242547955021	0.0589079895752
k__Bacteria;p__Bacteroidetes;c__Bacteroidia;o__Bacteroidales;f__Bacteroidaceae;g__Bacteroides;s__Bacteroides_coprocola	-0.021960509748	0.0933551695734	-0.0259783505143	-0.0742044405844	-0.00652392797245	0.0386796981952	-0.0173446049282	0.0142899280527	-0.00571627611783	0.0182840334478	0.00397208722802	1.0	-0.0120868033306	-0.0849420935493	0.0106174769226	-0.0377991137658	0.024207410411	0.00627394722172	-0.0265027544326	-0.0605937956783	-0.0313809302509	-0.0185182042498	0.0201956337149	-0.00799943767877	0.0352528753227	-0.0280729502798	-0.00139214187463	-0.0659610160582	0.00106894087685	-0.0394147985418	-0.00845037294528	-0.012735375885	-0.0300636884641	-0.0315106248313	-0.0461082965476	0.033588989984	0.00547410475513	-0.0393842173944	-0.0358269240485	-0.0476841463821	-0.00342518229711	0.011966255427	0.00940228624372	0.00223621521644	0.0269270558503	0.0603474407667	-0.0286006882693	-0.00739934707747	0.00822709031061	-0.0609628999186	0.045761995848	-0.0574255342344	0.0954687641572	0.026158459002	0.0289862365394	-0.0235037404078	0.00241362610738	0.00805546532338	0.000824241977176
k__Bacteria;p__Bacteroidetes;c__Bacteroidia;o__Bacteroidales;f__Bacteroidaceae;g__Bacteroides;s__Bacteroides_cellulosilyticus	0.0137435226913	0.0010063439703	-0.0109919188339	-0.0129162726371	0.0646969264884	-0.0232163571688	-0.102310622793	-0.04502415951	-0.0729513566562	-0.0284776138607	0.00355389040735	-0.0120868033306	1.0	0.00303799408183	0.00832732771068	0.0205027044661	0.0103685907047	0.0102516785673	0.00870609671573	-0.0117945597686	0.0418642752981	-0.115100302789	-0.00604220982574	-0.0206140106257	-0.0120799855047	0.0159612868723	0.022728847046	-0.046070469088	-0.00545863599098	-0.00702401867403	0.0200649244242	0.0699849455704	-0.0186809136106	0.00179835294539	-0.0430344896856	-0.0172349382058	0.0461312581768	0.026428403573	-0.0267397886572	0.0337246755854	-0.0115228750132	0.00393014822182	0.0021556514625	-0.00880428518696	-0.01043394727	0.00143785282263	-0.00571384404992	-0.0935676003363	-0.0103389671424	0.0264049681669	0.0584064296814	-0.00506632208107	-0.0538661348836	0.0336621812144	-0.111545147831	0.0597770896525	0.0227441000852	0.0128152973468	0.013561926604
k__Bacteria;p__Bacteroidetes;c__Bacteroidia;o__Bacteroidales;f__Rikenellaceae;g__Alistipes;s__Alistipes_obesi	-0.00611836912321	-0.0293443240016	-0.000901095058885	-0.0137315782416	-0.0289110015964	-0.0127091671107	0.00890173353554	0.053613466031	0.0430727561597	-0.0210848917027	0.0383027144067	-0.0849420935493	0.00303799408183	1.0	-0.0639466835581	-0.00884735967086	-0.015473757982	-0.0169393989489	-0.0546482811219	0.0177350390843	0.0166525875045	-0.00699695416532	-0.00229420542274	-0.0522749769969	-0.0329517649417	-0.0185919677315	-0.0068582072594	0.0753733325254	-0.0176720966796	-0.0548246336094	0.063460302208	0.0548845995925	-0.00500979322332	-0.0005796346224	-0.0195348266283	-0.00340283274144	-0.0991332461975	-0.000583892848521	-0.036700392653	-0.00272176260993	0.00258926962094	0.0445548958246	-0.000385077083235	-0.0120527227143	-0.0559387567721	-0.0331631317065	-0.0449193282834	-0.0406078678989	0.0746222734463	-0.0207514956648	-0.00670343944321	-0.0122657193411	-0.0188693885238	0.0406220262307	0.0796040323779	-0.00548723937095	-0.0329848195617	-0.00210785539289	-0.0349435225573
k__Bacteria;p__Firmicutes;c__Clostridia;o__Clostridiales;f__Lachnospiraceae;g__;s__[Eubacterium]_rectale	-0.0333245018006	-0.0160305443891	-0.00861859710743	-0.0135605137594	0.0208149700467	-0.0628420329786	0.0249582256945	-0.00643567817346	-0.00403398792689	-0.0376682643235	0.000465179584827	0.0106174769226	0.00832732771068	-0.0639466835581	1.0	0.0368432555401	0.00859707046999	-0.0537029465418	-0.0183034217387	-0.0260267964299	-0.0217975747544	0.029070747951	0.000258369200908	-0.0487452156814	0.0729206330188	0.0178666753692	-0.0303978820927	-0.0603461148882	0.0211930827394	0.0268464432276	-0.00789946701013	0.0180703972765	-0.00929100952286	-0.0194301656293	0.0718856186012	0.0117846661165	0.0676962384059	0.0118797048615	-0.0285376997194	-0.0161346969468	0.0640825574672	0.00481727079714	0.0145100685378	0.0231642292674	0.0284012471416	-0.0169799991882	0.0101189457524	0.019914793791	0.0227989900432	-0.104034247349	-0.0168012443448	-0.0805516935929	-0.024172346042	0.0465912879757	0.0406651338741	-0.035160250994	-0.0105584143286	0.02670117552	-0.0749782107436
k__Bacteria;p__Bacteroidetes;c__Bacteroidia;o__Bacteroidales;f__Bacteroidaceae;g__Bacteroides;s__Bacteroides_plebeius	-0.0450363655619	-0.0404351813062	-0.00787216007075	0.0190596184072	-0.00973933068647	0.0554925554862	-0.0586409710508	0.0237207945811	-0.0161782620782	-0.0235559727946	0.0198946333744	-0.0377991137658	0.0205027044661	-0.00884735967086	0.0368432555401	1.0	-0.0363957315382	-0.0307303310433	0.00610994415919	-0.0149911010826	0.00789286470453	-0.0265289935207	0.020743352717	0.000998721268241	-0.00558149096752	0.0282407530319	0.0202780137596	-0.0126428956344	-0.0350213676404	0.0348667244995	0.0242635268859	-0.0126649305964	-0.018141040955	-0.0100470865365	0.0115250311323	-0.0136704576327	-0.00595605474737	0.0148081300579	-0.0375697601821	0.0312986052982	0.0304685946333	0.000732742568433	-0.0427139688913	-0.0545799200689	-0.0760065138101	0.00258523595724	0.013226647692	-0.0361643087995	-0.0565930824123	0.00918288149603	0.0544827502073	0.00990232371803	-0.085520022974	-0.0914703099998	-0.0806652318064	-0.0369080991737	0.0568530256682	-0.0384865353283	-0.0325110471773
k__Bacteria;p__Bacteroidetes;c__Bacteroidia;o__Bacteroidales;f__Bacteroidaceae;g__Bacteroides;s__Bacteroides_fragilis	-0.0520771335086	-0.0287032261733	-0.0390064075244	0.0491066786089	0.0411537433954	-0.0190224698549	-0.0562679401576	0.0434220918165	-0.0151045115084	0.00259969787585	0.0432866475775	0.024207410411	0.0103685907047	-0.015473757982	0.00859707046999	-0.0363957315382	1.0	0.00116731813027	-0.00419770220861	0.0044630451079	-0.0581431237647	-0.0165991409025	-0.0114242783915	-0.0258528434984	0.000386843380539	-0.0276363996204	-0.00346464308248	-0.0346833564439	-0.0107501001307	-0.0342036512927	-0.0197232576047	0.0151879161409	-0.0974500159013	0.0259127992866	-0.0120984830929	0.0109028759519	0.0153576005465	0.0438943757282	-0.0408750438518	-0.040606832134	0.0275013833507	0.00524617546161	0.0468087803438	0.00328854983089	-0.00501593346904	0.0229992318926	0.0095432618349	0.0221610731461	0.0255723920642	-0.0210523886901	-0.00900574757183	-0.0226323020962	-0.03779690117	0.0213894279253	0.0520689314646	0.0541727710045	-0.0610383646923	-0.110463870687	-0.0249087885784
k__Bacteria;p__Proteobacteria;c__Betaproteobacteria;o__Burkholderiales;f__Sutterellaceae;g__Sutterella;s__Sutterella_wadsworthensis	0.0397779924906	-0.0308859122477	-0.0141478822794	-0.00708463333192	0.0190194751702	-0.0132516692007	-0.0500551230237	0.0251138722211	-0.0994301796418	-0.0266560311463	0.00687906413504	0.00627394722172	0.0102516785673	-0.0169393989489	-0.0537029465418	-0.0307303310433	0.00116731813027	1.0	-0.00597892868227	0.0286470019068	0.0345481410413	-0.0938758792469	-0.0322586625988	-0.0112405224728	-0.0154123095397	-0.0380414404476	0.00764950499643	-0.0201639308779	-0.019978181649	0.0120700473525	-0.0550264637683	0.0520648367151	0.0070798598893	0.0467355196953	-0.049067118257	0.0129888240211	0.0211879023253	0.0126147246794	-0.0381146786372	-0.0472076568086	0.0576925348982	0.0372954550251	0.0434429780442	0.0421569293189	0.00896830773622	0.0131625615062	-0.00169727461163	-0.0254402806021	0.0319528369762	-0.0190476411804	-0.0242936500794	-0.0105116387698	0.0333518578256	-0.0255758901257	-0.0421598945728	0.0138645122058	-0.0285030340173	-0.0228295548463	-0.0305028875219
k__Bacteria;p__Bacteroidetes;c__Bacteroidia;o__Bacteroidales;f__Porphyromonadaceae;g__Barnesiella;s__Barnesiella_intestinihominis	-0.00192490766009	0.0278202406128	-0.0145651281677	-0.0225893223714	-0.0500460237731	0.00130856803046	-0.0391262327241	-0.0299740676821	0.0124754872469	0.024505551731	-0.0299382278868	-0.0265027544326	0.00870609671573	-0.0546482811219	-0.0183034217387	0.00610994415919	-0.00419770220861	-0.00597892868227	1.0	-0.0125576595965	-0.0576769173872	0.0379274862725	-0.00121982443409	0.0271527402598	-0.00905365839557	-0.0044443397949	-0.0100468774608	0.0110724085006	-0.0182783781966	-0.00751796776609	-0.0187625229495	-0.00253154812271	0.00152038408881	0.0311571611354	-0.0585951484141	-0.00405801286225	0.0430932993277	0.0230199801116	-0.0451779847435	0.00988099734686	0.061873454632	-0.0222936282728	0.0125351266485	-0.0274009624476	-0.0948813494893	-0.0191502287763	0.0411652156929	0.0160762275979	-0.00273329862739	-0.0306449920133	-0.00182208695229	0.025359037975	-0.00521774460679	-0.0181872130353	0.00865813036972	-0.00572506145915	0.0212392654489	0.00764806877536	-0.0113868247205
k__Bacteria;p__Bacteroidetes;c__Bacteroidia;o__Bacteroidales;f__Odoribacteraceae;g__Odoribacter;s__Odoribacter_splanchnicus	0.0630485353133	-0.00633324734785	-0.0608191975481	-0.00595792885429	0.0280326902868	-0.0455473045544	-0.0362979257951	0.00834628073317	0.0132187211507	-0.0214341014804	-0.042466853689	-0.0605937956783	-0.0117945597686	0.0177350390843	-0.0260267964299	-0.0149911010826	0.0044630451079	0.0286470019068	-0.0125576595965	1.0	0.0361522484527	0.0388525158818	-0.0236337369968	-0.00422345313764	0.0411262047519	-0.00528085103825	0.00831894260471	-0.0339400436463	0.0546674701889	0.0298651861827	0.0188951333205	-0.0738287627206	0.0184159567348	-0.0104690553136	-0.031807053823	0.0193867283431	0.0181593339556	0.0124805710278	0.0249220597598	0.0620505631621	-0.0310612349894	-0.045254271723	-0.014535523493	0.0162678665181	-0.0507716969735	-0.0304993205781	-0.0223609106644	0.0357349199295	0.0125322281265	-0.0376443154916	-0.0315702394183	-0.0183472999154	-0.0394776791785	0.0195643149331	0.0340693790834	-0.00729525761649	-0.0149203044846	0.00111516420702	-0.0540469493175
k__Bacteria;p__Bacteroidetes;c__Bacteroidia;o__Bacteroidales;f__Bacteroidaceae;g__Bacteroides;s__Bacteroides_salyersiae	-0.0443903184458	-0.0448151148072	0.0220116168877	-0.0469715771496	-0.0462976418251	0.0219033602506	-0.0325466478681	0.0304177846501	-0.0413285497116	0.0387058632242	-0.0138842231032	-0.0313809302509	0.0418642752981	0.0166525875045	-0.0217975747544	0.00789286470453	-0.0581431237647	0.0345481410413	-0.0576769173872	0.0361522484527	1.0	-0.0274690524748	0.0277925423401	0.0267832325887	0.0368303773423	-0.022935295405	-0.0060016962182	-0.0320932672483	0.016585184806	-0.03892876531	-0.0229102348862	-0.0363951128493	-0.0424449809714	-0.0481138317551	0.0243522491664	0.00802099006846	-0.0716239284446	0.00307829262018	-0.0316387159584	-0.0812561192352	-0.06596968641	0.0136195651773	0.00347249426261	-0.0597785619408	0.0130992018798	-0.0169496637213	-0.0314236250365	0.0123278121483	0.00499125684292	0.0402828616889	-0.0598327698583	0.0410410946293	0.00115464514695	0.036569319442	0.0303116052677	-0.0531803163067	0.0394146719527	0.00898768512676	-0.00621703772619
k__Bacteria;p__Firmicutes;c__Clostridia;o__Clostridiales;f__Ruminococcaceae;g__Ruminiclostridium;s__[Eubacterium]_siraeum	0.0603715706437	-0.0204182508868	0.0295198854731	-0.0162766173474	0.0113992127613	0.0489225906689	-0.0354453933443	-0.0365753337878	0.00622387496568	-0.0217148318042	-0.0477751634229	-0.0185182042498	-0.115100302789	-0.00699695416532	0.029070747951	-0.0265289935207	-0.0165991409025	-0.0938758792469	0.0379274862725	0.0388525158818	-0.0274690524748	1.0	-0.0360017230956	-0.0137747756102	-0.00225636257842	-0.0583251112396	-0.0437055300958	0.0126244829067	0.00320596013009	-0.0136479456475	-0.0343552983587	-0.0320332435594	0.021553120262	-0.0191819774172	0.00766172619522	0.0488697931597	0.0477476941409	0.0156608186488	-0.0502245297288	0.0300422150954	-0.066655232397	-0.0498451975386	0.00767810208504	-0.0117863085016	0.0145909509344	0.0344255306484	-0.0247618072202	0.0198184680308	-0.0368924581296	-0.00308649842476	-0.002238480351	0.0471679461698	-0.0363652760004	-0.00690417930664	0.012290038005	0.00518182108071	-0.00632217003191	0.00373748918222	0.0230265117276
k__Bacteria;p__Proteobacteria;c__Betaproteobacteria;o__Burkholderiales;f__Sutterellaceae;g__Parasutterella;s__Parasutterella_excrementihominis	0.0115687122198	-0.0637629317136	-0.0200620473364	-0.0428340289282	0.00648599423474	0.0040440900526	-0.0292308804612	0.0334901602083	-0.0384642079301	-0.0101653387975	-0.010188588974	0.0201956337149	-0.00604220982574	-0.00229420542274	0.000258369200908	0.020743352717	-0.0114242783915	-0.0322586625988	-0.00121982443409	-0.0236337369968	0.0277925423401	-0.0360017230956	1.0	0.0596839841231	-0.0495521431218	-0.0335242966158	-0.0744595704256	-0.048908445122	-0.00200722761053	-0.00574988241032	0.0206625103891	0.00748521931884	-0.0443522151162	0.00662223996019	0.0547786128129	-0.0646590581043	0.0140529982288	-0.0451169126889	-0.0181841588112	0.0159210430858	0.0489302210581	-0.0207567339069	0.0194149312046	-0.0187329212959	-0.00286136899031	0.00197097590367	0.0115614992868	-8.75766123568e-05	0.00406912090396	0.0055502534638	0.0233504673191	-0.00860509206832	-0.0271922575983	0.0202860690428	-0.0235936386845	-0.00844667990664	0.000663245382686	0.0634954403445	-0.00289166198362
k__Bacteria;p__Actinobacteria;c__Actinobacteria;o__Bifidobacteriales;f__Bifidobacteriaceae;g__Bifidobacterium;s__Bifidobacterium_adolescentis	0.00921543482959	0.0150301102346	-0.0446367216286	-0.0116172248339	0.0285519492434	0.037817096265	0.00924577464309	0.0813995168277	-0.00216765330898	-0.0354197545462	0.000832870196135	-0.00799943767877	-0.0206140106257	-0.0522749769969	-0.0487452156814	0.000998721268241	-0.0258528434984	-0.0112405224728	0.0271527402598	-0.00422345313764	0.0267832325887	-0.0137747756102	0.0596839841231	1.0	0.0397159035003	-0.0102046786069	-0.0332211995738	0.0083858583498	-0.0583523233546	0.0221362459993	-0.0491076924119	0.00398832918618	-0.00184115730548	-0.00458469800911	0.0694569231203	0.0290747152715	-0.0197036372981	0.0107447920323	-0.0158611353656	-0.0275730263433	0.0130105619461	-0.0217303232144	-0.0186917727785	-0.0074565605841	0.05787782007	-0.0674939741597	-0.000121164634796	0.00480752724301	-0.00302073734441	-0.0070215138516	-0.0503941878919	-0.0204543709015	-0.0520238434232	0.0499222186549	0.0117557241717	-0.0373300310819	-0.0543168369779	-0.0692413496439	-0.00533399322435
k__Bacteria;p__Firmicutes;c__Clostridia;o__Clostridiales;f__Oscillospiraceae;g__Oscillibacter;s__Oscillibacter_sp._KLE_1745	-0.010591072486	0.0357029439521	0.0165215657607	-0.0395315296041	-0.0193672261831	0.0569517165265	-0.0179538463984	-0.0419030845047	-0.013259272685	-0.0409688994617	-0.0208138181786	0.0352528753227	-0.0120799855047	-0.0329517649417	0.0729206330188	-0.00558149096752	0.000386843380539	-0.0154123095397	-0.00905365839557	0.0411262047519	0.0368303773423	-0.00225636257842	-0.0495521431218	0.0397159035003	1.0	-0.0292688128889	-0.00576495992111	-0.017116810286	-0.00843218237877	-0.00184789480031	-0.022328727554	-0.0246154681759	-0.019062965767	-0.0106412310132	0.0136524617314	-0.000331832657172	0.0227259600331	0.013214610968	-0.0179751796682	0.00860633350682	-0.0724626278146	0.00403448073728	0.0343534448436	-0.0530844107866	-0.0343401435919	-0.00287684722865	-0.00784080648025	-0.0141899550846	0.0287996459645	-0.00491931109981	-0.0396670589944	0.0243204422266	0.024367461358	0.00362959449119	0.05439591215	-0.0544748554125	-0.0363744693162	-0.033524172634	-0.0139889605805
k__Bacteria;p__Bacteroidetes;c__Bacteroidia;o__Bacteroidales;f__Bacteroidaceae;g__Bacteroides;s__Bacteroides_coprophilus	0.0542094593271	-0.00981387389012	0.0083114392264	-0.0777131467493	-0.0350279882474	-0.000713877090557	-0.0344434584725	-0.00872512333396	0.0339695698683	0.011095166629	-0.0666001731061	-0.0280729502798	0.0159612868723	-0.0185919677315	0.0178666753692	0.0282407530319	-0.0276363996204	-0.0380414404476	-0.0044443397949	-0.00528085103825	-0.022935295405	-0.0583251112396	-0.0335242966158	-0.0102046786069	-0.0292688128889	1.0	-0.0407329287844	0.0803708126254	-0.114751630359	-0.0782090945421	0.0497612655051	-0.0532110672746	-0.0338827251202	-0.0349653437763	0.000559244727496	-0.0509866915609	0.0179994546652	0.00905614965946	-0.0232304923591	0.0360109207444	0.00978479158327	-0.0050211599161	0.0336546645397	-0.0123501853139	-0.0751280980442	0.0191003696339	0.0353186851675	-0.0397150895913	0.0454469411254	-0.0122170174152	-0.0586567108965	0.0146246181317	-0.0558247313092	0.0379869943355	-0.0143498039023	0.0154065297004	0.0174066926148	-0.00201812697057	-0.00766928485507
k__Bacteria;p__Firmicutes;c__Clostridia;o__Clostridiales;f__Lachnospiraceae;g__Roseburia;s__Roseburia_intestinalis	-0.00157346100819	0.0499864809521	-0.0194552094604	0.0315085835111	-0.0262051363255	0.0108046310264	0.0233608352708	0.00998344088815	-0.014854836865	-0.0522507853846	-0.00649293354669	-0.00139214187463	0.022728847046	-0.0068582072594	-0.0303978820927	0.0202780137596	-0.00346464308248	0.00764950499643	-0.0100468774608	0.00831894260471	-0.0060016962182	-0.0437055300958	-0.0744595704256	-0.0332211995738	-0.00576495992111	-0.0407329287844	1.0	-0.00563293499472	-0.0201253576616	0.0139833833292	0.0292956805009	-0.0173440628223	-0.0814580828603	-0.0296916632228	0.00929543180501	0.0246138047488	0.0132699309917	0.0108357103633	-0.018671588595	0.020946060699	-0.0570248786539	-0.0239207815111	0.00793353880572	-0.0522248829492	-0.00830501299079	0.0895537545514	-0.0445626879668	-0.00533260418158	0.0715761611239	0.00159065087009	0.0303083064965	-0.0584476525026	-0.0649271752365	0.027911740307	0.0328464716435	-0.0375021909545	-0.010749864681	-0.0447979581815	-0.0186959013527
k__Bacteria;p__Firmicutes;c__Clostridia;o__Clostridiales;f__Lachnospiraceae;g__Roseburia;s__Roseburia_hominis	-0.058026083074	0.0350545629067	-0.00156353594912	-0.00990722930793	-0.0417220271818	0.0413212558215	0.0324304328524	0.00374195217718	-0.0232660547971	-0.0264643848588	0.0273626512136	-0.0659610160582	-0.046070469088	0.0753733325254	-0.0603461148882	-0.0126428956344	-0.0346833564439	-0.0201639308779	0.0110724085006	-0.0339400436463	-0.0320932672483	0.0126244829067	-0.048908445122	0.0083858583498	-0.017116810286	0.0803708126254	-0.00563293499472	1.0	0.0210406009623	-0.0383414033733	-0.0667264836884	0.0205971137059	-0.0390656894059	0.0879736621496	-0.0354844637166	-0.0347169420303	-0.053401669428	-0.0732476214101	0.0356300277702	0.00394257619908	0.00687680482811	-0.0288899227136	-0.0447468682844	-0.0169285817374	-0.0155139099806	0.00919380771117	0.0333103724384	0.0165077016989	-0.0743032322183	-0.0484190138474	-0.0569204164146	0.0480240727146	-0.0108247242553	0.0135826310455	-0.0140913002034	0.0346203961643	-0.0150861994196	-0.0406286023464	-0.00855727452388
k__Bacteria;p__Bacteroidetes;c__Bacteroidia;o__Bacteroidales;f__Porphyromonadaceae;g__Parabacteroides;s__Parabacteroides_johnsonii	-0.0785154559975	0.00839853429445	0.0621882151565	-0.013246041798	0.0197990465876	-0.00962449545896	-0.0401709502921	-0.0158127191109	-0.0137887302245	0.0126684785012	-0.0442413816809	0.00106894087685	-0.00545863599098	-0.0176720966796	0.0211930827394	-0.0350213676404	-0.0107501001307	-0.019978181649	-0.0182783781966	0.0546674701889	0.016585184806	0.00320596013009	-0.00200722761053	-0.0583523233546	-0.00843218237877	-0.114751630359	-0.0201253576616	0.0210406009623	1.0	0.00564314330511	-0.0366516127859	-0.0659514160351	-0.0659166315043	0.0268661516484	0.00189007911682	0.0364633352513	0.0217260862464	-0.0299059369018	-0.0328982023037	0.0864056726113	0.0016945096976	0.0220817708258	-0.0457176985749	-0.0079409992086	0.00426540016446	-0.0027574858729	0.0202942695751	-0.000178585198572	-0.000321208471503	0.00810593606161	-0.000957532572175	0.0151313884509	-0.0378926131244	-0.0584344553397	-0.0208820408495	-0.0446817151605	0.0600856597933	0.0119671836158	0.0665872489732
k__Bacteria;p__Actinobacteria;c__Actinobacteria;o__Bifidobacteriales;f__Bifidobacteriaceae;g__Bifidobacterium;s__Bifidobacterium_longum	-0.00685307540281	-0.0107947944027	-0.0575869867196	-0.0688077223363	0.010628832744	0.0281557200518	0.00574459164149	-0.0012309293903	0.0295485800324	-0.0179666400564	0.00166935758354	-0.0394147985418	-0.00702401867403	-0.0548246336094	0.0268464432276	0.0348667244995	-0.0342036512927	0.0120700473525	-0.00751796776609	0.0298651861827	-0.03892876531	-0.0136479456475	-0.00574988241032	0.0221362459993	-0.00184789480031	-0.0782090945421	0.0139833833292	-0.0383414033733	0.00564314330511	1.0	0.0272091986096	0.0691207877209	0.0379880243889	0.00353355004021	-0.0187961132169	0.0480654918178	-0.00611590498875	-0.0177644771864	0.0391093689791	0.0113239418348	-0.00940690045709	0.0218146705373	0.0348532978217	0.0262523183471	0.00959693621043	-0.0594634253406	-0.001745528295	-0.0370799951162	-0.0278246860699	-0.0108965059035	0.00101659425357	0.0233470581227	0.0355335033851	-0.0407081106064	0.0218402598052	0.0118137508502	0.0283095597942	0.0615859118612	-0.0466075137287
