#taxonomy	k__Bacteria;p__Bacteroidetes;c__Bacteroidia;o__Bacteroidales;f__Bacteroidaceae;g__Bacteroides;s__Bacteroides_vulgatus	k__Bacteria;p__Bacteroidetes;c__Bacteroidia;o__Bacteroidales;f__Bacteroidaceae;g__Bacteroides;s__Bacteroides_uniformis	k__Bacteria;p__Bacteroidetes;c__Bacteroidia;o__Bacteroidales;f__Rikenellaceae;g__Alistipes;s__Alistipes_putredinis	k__Bacteria;p__Bacteroidetes;c__Bacteroidia;o__Bacteroidales;f__Prevotellaceae;g__Prevotella;s__Prevotella_copri	k__Bacteria;p__Bacteroidetes;c__Bacteroidia;o__Bacteroidales;f__Bacteroidaceae;g__Bacteroides;s__Bacteroides_stercoris	k__Bacteria;p__Bacteroidetes;c__Bacteroidia;o__Bacteroidales;f__Bacteroidaceae;g__Bacteroides;s__Bacteroides_ovatus	k__Bacteria;p__Bacteroidetes;c__Bacteroidia;o__Bacteroidales;f__Rikenellaceae;g__Alistipes;s__Alistipes_shahii	k__Bacteria;p__Firmicutes;c__Clostridia;o__Clostridiales;f__Ruminococcaceae;g__Faecalibacterium;s__Faecalibacterium_prausnitzii	k__Bacteria;p__Bacteroidetes;c__Bacteroidia;o__Bacteroidales;f__Rikenellaceae;g__Alistipes;s__Alistipes_finegoldii	k__Bacteria;p__Bacteroidetes;c__Bacteroidia;o__Bacteroidales;f__Porphyromonadaceae;g__Parabacteroides;s__Parabacteroides_distasonis	k__Bacteria;p__Bacteroidetes;c__Bacteroidia;o__Bacteroidales;f__Bacteroidaceae;g__Bacteroides;s__Bacteroides_thetaiotaomicron	k__Bacteria;p__Bacteroidetes;c__Bacteroidia;o__Bacteroidales;f__Bacteroidaceae;g__Bacteroides;s__Bacteroides_coprocola	k__Bacteria;p__Bacteroidetes;c__Bacteroidia;o__Bacteroidales;f__Bacteroidaceae;g__Bacteroides;s__Bacteroides_cellulosilyticus	k__Bacteria;p__Bacteroidetes;c__Bacteroidia;o__Bacteroidales;f__Rikenellaceae;g__Alistipes;s__Alistipes_obesi	k__Bacteria;p__Firmicutes;c__Clostridia;o__Clostridiales;f__Lachnospiraceae;g__;s__[Eubacterium]_rectale	k__Bacteria;p__Bacteroidetes;c__Bacteroidia;o__Bacteroidales;f__Bacteroidaceae;g__Bacteroides;s__Bacteroides_plebeius	k__Bacteria;p__Bacteroidetes;c__Bacteroidia;o__Bacteroidales;f__Bacteroidaceae;g__Bacteroides;s__Bacteroides_fragilis	k__Bacteria;p__Proteobacteria;c__Betaproteobacteria;o__Burkholderiales;f__Sutterellaceae;g__Sutterella;s__Sutterella_wadsworthensis	k__Bacteria;p__Bacteroidetes;c__Bacteroidia;o__Bacteroidales;f__Porphyromonadaceae;g__Barnesiella;s__Barnesiella_intestinihominis	k__Bacteria;p__Bacteroidetes;c__Bacteroidia;o__Bacteroidales;f__Odoribacteraceae;g__Odoribacter;s__Odoribacter_splanchnicus	k__Bacteria;p__Bacteroidetes;c__Bacteroidia;o__Bacteroidales;f__Bacteroidaceae;g__Bacteroides;s__Bacteroides_salyersiae	k__Bacteria;p__Firmicutes;c__Clostridia;o__Clostridiales;f__Ruminococcaceae;g__Ruminiclostridium;s__[Eubacterium]_siraeum	k__Bacteria;p__Proteobacteria;c__Betaproteobacteria;o__Burkholderiales;f__Sutterellaceae;g__Parasutterella;s__Parasutterella_excrementihominis	k__Bacteria;p__Actinobacteria;c__Actinobacteria;o__Bifidobacteriales;f__Bifidobacteriaceae;g__Bifidobacterium;s__Bifidobacterium_adolescentis	k__Bacteria;p__Firmicutes;c__Clostridia;o__Clostridiales;f__Oscillospiraceae;g__Oscillibacter;s__Oscillibacter_sp._KLE_1745	k__Bacteria;p__Bacteroidetes;c__Bacteroidia;o__Bacteroidales;f__Bacteroidaceae;g__Bacteroides;s__Bacteroides_coprophilus	k__Bacteria;p__Firmicutes;c__Clostridia;o__Clostridiales;f__Lachnospiraceae;g__Roseburia;s__Roseburia_intestinalis	k__Bacteria;p__Firmicutes;c__Clostridia;o__Clostridiales;f__Lachnospiraceae;g__Roseburia;s__Roseburia_hominis	k__Bacteria;p__Bacteroidetes;c__Bacteroidia;o__Bacteroidales;f__Porphyromonadaceae;g__Parabacteroides;s__Parabacteroides_johnsonii	k__Bacteria;p__Actinobacteria;c__Actinobacteria;o__Bifidobacteriales;f__Bifidobacteriaceae;g__Bifidobacterium;s__Bifidobacterium_longum	k__Bacteria;p__Firmicutes;c__Clostridia;o__Clostridiales;f__;g__Flavonifractor;s__Flavonifractor_plautii	k__Bacteria;p__Firmicutes;c__Clostridia;o__Clostridiales;f__Clostridiaceae;g__Clostridium;s__Clostridium_phoceensis	k__Bacteria;p__Verrucomicrobia;c__Verrucomicrobiae;o__Verrucomicrobiales;f__Akkermansiaceae;g__Akkermansia;s__Akkermansia_muciniphila	k__Bacteria;p__Bacteroidetes;c__Bacteroidia;o__Bacteroidales;f__Prevotellaceae;g__Paraprevotella;s__Paraprevotella_xylaniphila	k__Bacteria;p__Firmicutes;c__Clostridia;o__Clostridiales;f__Ruminococcaceae;g__Ruminococcus;s__Ruminococcus_callidus	k__Bacteria;p__Bacteroidetes;c__Bacteroidia;o__Bacteroidales;f__Rikenellaceae;g__Alistipes;s__Alistipes_senegalensis	k__Bacteria;p__Firmicutes;c__Clostridia;o__Clostridiales;f__Lachnospiraceae;g__Blautia;s__Blautia_sp._KLE_1732	k__Bacteria;p__Bacteroidetes;c__Bacteroidia;o__Bacteroidales;f__Bacteroidaceae;g__Bacteroides;s__Bacteroides_oleiciplenus	k__Bacteria;p__Firmicutes;c__Clostridia;o__Clostridiales;f__Ruminococcaceae;g__Ruminococcus;s__Ruminococcus_bicirculans	k__Bacteria;p__Bacteroidetes;c__Bacteroidia;o__Bacteroidales;f__Bacteroidaceae;g__Bacteroides;s__Bacteroides_fluxus	k__Bacteria;p__Bacteroidetes;c__Bacteroidia;o__Bacteroidales;f__Prevotellaceae;g__Prevotella;s__Prevotella_stercorea	k__Bacteria;p__Firmicutes;c__Clostridia;o__Clostridiales;f__Lachnospiraceae;g__Dorea;s__Dorea_longicatena	k__Bacteria;p__Firmicutes;c__Clostridia;o__Clostridiales;f__Eubacteriaceae;g__Eubacterium;s__[Eubacterium]_eligens	k__Bacteria;p__Firmicutes;c__Clostridia;o__Clostridiales;f__Ruminococcaceae;g__;s__Ruminococcaceae_bacterium_D16	k__Bacteria;p__Firmicutes;c__Clostridia;o__Clostridiales;f__Lachnospiraceae;g__Coprococcus;s__Coprococcus_comes	k__Bacteria;p__Proteobacteria;c__Gammaproteobacteria;o__Enterobacterales;f__Enterobacteriaceae;g__Escherichia;s__Escherichia_coli	k__Bacteria;p__Firmicutes;c__Clostridia;o__Clostridiales;f__Ruminococcaceae;g__Anaerotruncus;s__Anaerotruncus_colihominis	k__Bacteria;p__Firmicutes;c__Clostridia;o__Clostridiales;f__Lachnospiraceae;g__Blautia;s__Blautia_obeum	k__Bacteria;p__Bacteroidetes;c__Bacteroidia;o__Bacteroidales;f__Odoribacteraceae;g__Odoribacter;s__Odoribacter_laneus	k__Bacteria;p__Firmicutes;c__Clostridia;o__Clostridiales;f__Ruminococcaceae;g__Ruminiclostridium;s__[Clostridium]_leptum	k__Bacteria;p__Bacteroidetes;c__Bacteroidia;o__Bacteroidales;f__Porphyromonadaceae;g__Parabacteroides;s__Parabacteroides_goldsteinii	k__Bacteria;p__Firmicutes;c__Clostridia;o__Clostridiales;f__Lachnospiraceae;g__Anaerostipes;s__Anaerostipes_hadrus	k__Bacteria;p__Firmicutes;c__Clostridia;o__Clostridiales;f__Ruminococcaceae;g__Ruminococcus;s__Ruminococcus_lactaris	k__Bacteria;p__Firmicutes;c__Clostridia;o__Clostridiales;f__Clostridiaceae;g__Clostridium;s__Clostridium_sp._L2-50	k__Bacteria;p__Firmicutes;c__Clostridia;o__Clostridiales;f__Clostridiaceae;g__Clostridium;s__Clostridium_sp._M62/1	k__Bacteria;p__Firmicutes;c__Clostridia;o__Clostridiales;f__;g__Intestinimonas;s__Intestinimonas_butyriciproducens	k__Bacteria;p__Actinobacteria;c__Actinobacteria;o__Bifidobacteriales;f__Bifidobacteriaceae;g__Bifidobacterium;s__Bifidobacterium_bifidum	k__Bacteria;p__Firmicutes;c__Negativicutes;o__Veillonellales;f__Veillonellaceae;g__Dialister;s__Dialister_invisus	k__Bacteria;p__Bacteroidetes;c__Bacteroidia;o__Bacteroidales;f__Bacteroidaceae;g__Bacteroides;s__Bacteroides_salanitronis
k__Bacteria;p__Bacteroidetes;c__Bacteroidia;o__Bacteroidales;f__Bacteroidaceae;g__Bacteroides;s__Bacteroides_vulgatus	1.0	-0.0152804475454	0.00817573834082	0.0453788428703	0.0779592766483	-0.0559523023721	0.00881783106404	-0.00835985088319	-0.00711236135458	-0.00557387358005	-0.0556493591573	0.0152895947301	-0.0307799696002	-0.000748485137614	0.00466597306326	-0.0150625161508	-0.0323315283801	0.0634270426376	0.0570532670953	-0.031435102499	-0.0293568521641	-0.0260522352433	-0.0211951171852	0.0279053483162	0.0354654324958	0.0158873488034	-0.0565352504324	0.0135288955159	-0.0170440241675	0.0367095879552	0.0232703228465	-0.0308030556105	0.029612512292	0.000661099252013	-0.00306986466757	-0.0663238930461	-0.0323319661993	0.0320074702395	-0.0396258175386	0.0142702505293	-0.0115387648606	-0.035502844963	-0.0509233143163	-0.0144818416414	0.0753347501325	0.0103926700057	0.00949040613073	0.00150220124734	-0.0640891567113	-0.00667602014053	-0.000979538959175	-0.0746635533898	-0.0132017038975	0.0477889213715	-0.0249450032427	-0.0409396638796	-0.0254421543627	0.0228763644939	0.00997350648418
k__Bacteria;p__Bacteroidetes;c__Bacteroidia;o__Bacteroidales;f__Bacteroidaceae;g__Bacteroides;s__Bacteroides_uniformis	-0.0152804475454	1.0	0.0373687213996	-0.0221724303401	-0.0457892692342	0.0228427625903	0.0214468178717	-0.0651829912641	0.0770003889389	-0.00238909606879	-0.0195362243653	0.00306434025193	-0.0278166698313	-0.00632889871714	-0.00432102123559	-0.0418126594904	0.0095727327199	-0.082484395866	0.0489507000333	-0.0182744650001	0.00920395126906	-0.0158741105978	0.00350467230732	-0.0308467168859	-0.0291045058578	-0.0127472207764	-0.00476586936784	0.0580572305623	0.00796011687016	-0.0246789756602	-0.0299257198239	-0.0265206644597	0.0153819198325	-0.0203779967245	-0.0211539815264	-0.022730642272	0.0117461853208	0.00892069449124	0.0187622899469	-0.0130351963796	-0.0349766109265	-0.0461897355782	0.0344833820352	-0.0249032841268	0.00944940398474	-0.0149301345214	0.0100299886425	-0.00685708681974	0.0106407765695	-0.0143069664673	0.0312935541507	-0.00857605797034	-0.0192985348223	-0.0647214987517	-0.0594391421203	0.0236639723008	0.0670169174568	-0.0205993687948	-0.0316869357774
k__Bacteria;p__Bacteroidetes;c__Bacteroidia;o__Bacteroidales;f__Rikenellaceae;g__Alistipes;s__Alistipes_putredinis	0.00817573834082	0.0373687213996	1.0	0.0371980937822	0.0137666572523	-0.0209723261284	0.0499464910772	-0.0183289809596	-0.0348967269291	-0.0554699202044	0.00494008271952	-0.0736075145625	-0.0219880516932	-0.0302716097044	0.0131460265431	-0.0175761797587	-0.114162367234	0.0654957245025	0.00843876848416	-0.0253225275375	0.0370350963796	-0.0166223724308	0.0114109854782	-0.0111700290067	-0.0182088612581	-0.0520036330936	0.0227497529683	0.000287332063291	-0.0410265533069	-0.0884726210901	-0.0477806883406	-0.044849692401	-0.0330005030571	0.0337953327679	0.0236486567635	0.0976485299203	-0.0569474144778	-0.0214739631891	0.0783012536095	-0.0419235272273	-0.0396850254306	-0.016439519401	-0.0283546120553	-0.0732159480741	0.0230755009323	-0.0598201509682	0.0457250253556	-0.109355310853	0.0276631825578	0.0120289203145	0.00435902721678	-0.0388781007451	0.0436061695854	0.0141012497206	-0.00536542891667	-0.0687163576231	0.00718699760062	-0.00924045937114	0.0641108735293
k__Bacteria;p__Bacteroidetes;c__Bacteroidia;o__Bacteroidales;f__Prevotellaceae;g__Prevotella;s__Prevotella_copri	0.0453788428703	-0.0221724303401	0.0371980937822	1.0	-0.0530735594138	-0.0124801652228	-0.0372581288613	0.0117291617079	-0.0375733520676	0.0692049828751	0.0349795681526	-0.0247793706037	-0.0388506977459	0.0416890135421	0.0533745541351	0.0204872341236	0.0164108801828	-0.0452172492452	0.000151912166227	-0.0531477731007	-0.00642243715994	0.0259363266627	-0.0106014288159	0.0434721695523	-0.013705928763	-0.0144791523841	0.0198733091812	-0.00221971097773	-0.000789992850441	0.0178488057889	-0.0314080455547	0.0426806746507	0.052921641882	-0.0436936802028	-0.0539713264039	-0.0343449960647	0.0303706622109	-0.0473814454724	-0.0455795783829	0.0470458670773	0.00572285706385	0.0128240269844	-0.0673876634693	-0.0371934952336	-0.0029226629759	0.0111410515492	-0.0360820282068	-0.0040308831683	-0.0278730950889	0.0150201646707	0.0153453085427	-0.0236794675578	0.0571028170415	0.0142292924313	0.00687466709661	0.0375590084752	-0.0557664936935	-0.0329457916479	-0.0211253626943
k__Bacteria;p__Bacteroidetes;c__Bacteroidia;o__Bacteroidales;f__Bacteroidaceae;g__Bacteroides;s__Bacteroides_stercoris	0.0779592766483	-0.0457892692342	0.0137666572523	-0.0530735594138	1.0	-0.0144813987647	0.0414375712144	-0.0297103780884	-0.00506860155547	0.0485132078558	-0.0344262021666	0.0159069915873	-0.0359228005428	0.0114118176039	0.0505354758153	0.00871989572382	0.0220243132706	-0.00520717298633	0.0199585731142	-0.0125401039162	0.00312671579142	-0.0403976796842	0.0100103844455	-0.0127548559789	-0.0407254581402	0.0205696633858	-0.00276797765943	0.023068374062	-0.00627994378458	0.0548157044799	0.0214261762477	0.00131792004406	-0.0547843152638	-0.025955256883	0.0321558014405	-0.0311232312159	-0.0224049728697	-0.0308490131945	-0.0170284923497	0.0249577382936	-0.0186392598464	-0.0405690859027	-0.0637548120323	-0.0174770365469	0.0164948983308	-0.0497996822995	-0.0834755441307	-0.0472340558251	-0.0134518913724	0.0611202120791	-0.0248353068874	-0.0233974260888	0.0025026846421	-0.0779163910176	-0.00804065516851	-0.00091552517113	0.0231067034933	0.0227207579933	-0.00942879714882
k__Bacteria;p__Bacteroidetes;c__Bacteroidia;o__Bacteroidales;f__Bacteroidaceae;g__Bacteroides;s__Bacteroides_ovatus	-0.0559523023721	0.0228427625903	-0.0209723261284	-0.0124801652228	-0.0144813987647	1.0	0.00480964360203	-0.0211299280143	-0.00399398219333	0.033447014549	0.00176702285745	-0.0415785534292	0.0690806032045	0.0968699410233	-0.0709873758412	-0.00527276197773	0.0144038015408	-0.0568672095168	0.0351384983065	-0.0520967135246	0.0176090082224	-0.0252308889508	0.0207841288991	0.0199966247556	-0.00712814271798	0.0195456346004	-0.0934496147118	-0.0116637376681	-0.0452800217741	-0.0117104563091	-0.0585433067454	-0.0150082304452	-0.0293885628139	-0.0100457286802	-0.0609880437566	-0.0775506479867	-0.00292401064666	0.0222895763947	-0.0358618757713	0.00881501936842	-0.021657361339	-0.0267276789355	-0.0249348319463	0.0425192158208	0.00518808512038	0.0567381789538	0.0295174605293	0.0266811279606	-0.0104504701577	0.0671058720934	-0.0489696379077	-0.0217514853701	0.0556066076421	0.00023718991698	-0.00898282258511	-0.0308564590332	0.0178138461556	0.00898416222378	-0.0667690982831
k__Bacteria;p__Bacteroidetes;c__Bacteroidia;o__Bacteroidales;f__Rikenellaceae;g__Alistipes;s__Alistipes_shahii	0.00881783106404	0.0214468178717	0.0499464910772	-0.0372581288613	0.0414375712144	0.00480964360203	1.0	-0.032950910961	0.0267687349987	-0.024683279882	-0.0294030436456	-0.0481161093998	0.0210306581908	-0.051103335759	0.0115066372764	-0.0650963569355	0.00952902324806	0.0138655074287	-0.00190270837344	-0.0229972206647	-0.00106468760614	-0.0479875950382	-0.0121198708005	-0.0113963781387	-0.020724184405	0.016085701286	-0.0415042014083	-0.0215570080549	0.0617041775902	0.0112232854489	-0.0509492713266	0.0180522689354	0.00619423343897	0.0385135004951	-0.0565205380606	-0.0188697498058	0.0111714437086	-0.00510197508261	-0.0360855788418	-0.0350379827468	-0.0662701329238	0.015759782084	-0.00192427517225	0.0877002752766	-0.0193600625736	0.0727686512079	-0.00550654647625	0.0106180617972	0.00575422791795	0.00708230003762	0.029837066534	-0.071174253984	-0.00437512656018	0.00267259932098	0.0281425493245	-0.0336784408099	0.0427208835013	-0.0627668625243	-0.014765170315
k__Bacteria;p__Firmicutes;c__Clostridia;o__Clostridiales;f__Ruminococcaceae;g__Faecalibacterium;s__Faecalibacterium_prausnitzii	-0.00835985088319	-0.0651829912641	-0.0183289809596	0.0117291617079	-0.0297103780884	-0.0211299280143	-0.032950910961	1.0	-0.064318379822	0.0245650350959	0.00547442811469	0.0287359907951	-0.0223189984924	-0.0439393329775	0.0360682159892	-0.0559379362596	0.0492864919327	-0.0451378464346	-0.00677595894141	0.0129674380303	-0.0377968842701	-0.0335718808172	0.0292938164255	0.00706500899146	-0.00145780928396	-0.0475489981556	-0.0288176583732	-0.0337174419011	-0.0203509252132	0.031809235593	0.0660640494002	-0.0117002196596	-0.0422976340235	-0.0433864292962	0.00078227397259	0.0141484010303	0.0183493224009	-0.0330321668769	0.0422311752373	0.0111463378456	-0.0284898731989	0.00989954373228	-0.0252652482083	0.0249892504665	-0.00522183934287	-0.00785558892264	-0.0491459828868	0.0206830694754	0.00786823376977	-0.0286135763773	-0.0178350746825	-0.0156404049625	-0.00303423030503	-0.0170017306702	-0.0324627312564	0.0482537838064	0.0378193075473	-0.00527096771293	0.0472620322002
k__Bacteria;p__Bacteroidetes;c__Bacteroidia;o__Bacteroidales;f__Rikenellaceae;g__Alistipes;s__Alistipes_finegoldii	-0.00711236135458	0.0770003889389	-0.0348967269291	-0.0375733520676	-0.00506860155547	-0.00399398219333	0.0267687349987	-0.064318379822	1.0	0.0230769581311	0.00117243664919	0.0210394937451	0.0743090141829	0.0375155366845	0.0038084826985	0.0433380678872	-0.0374106495572	-0.0149020533427	-0.0127849016806	-0.0154405533485	-0.0198826106656	-0.0157167513792	-0.0566814687335	-0.030366262235	0.0145680187957	-0.00594665235898	-0.0117818354675	0.0199388362978	0.0342030048384	0.0379198467438	-0.0335549655873	-0.00796232214016	0.00777933813611	-0.00812051633755	0.011894737563	-0.0369811665989	7.60027850845e-05	-0.0037546598438	-0.0475662327089	-0.0548189897231	0.0491307273019	-0.0514031572147	-0.042692012624	-0.0557897458702	0.00120068340438	-0.0534303996717	-0.0565858974495	0.0153358424308	-0.0677173546193	-0.00234606810249	0.0207559350465	-0.0104166766138	0.0236441727871	0.0691586575053	-0.0386910922659	0.026076803978	-0.0366922598936	-0.0200405078164	-0.00623957085789
k__Bacteria;p__Bacteroidetes;c__Bacteroidia;o__Bacteroidales;f__Porphyromonadaceae;g__Parabacteroides;s__Parabacteroides_distasonis	-0.00557387358005	-0.00238909606879	-0.0554699202044	0.0692049828751	0.0485132078558	0.033447014549	-0.024683279882	0.0245650350959	0.0230769581311	1.0	-0.0418559887984	0.0556136182558	-0.00835874847865	-0.0324612635478	0.0195192268618	0.0018091420736	0.0543148584293	-0.0127788520548	-0.0711928387783	-0.0136194134937	-0.00142831816292	-0.0212817692381	0.0356952579384	-0.0102909851559	-0.000332403801489	0.0227756303013	0.0533312873579	-0.00730501942023	-0.00125207243117	0.0146004104344	-0.0171160513325	0.0040729303276	-0.0155727579672	0.00657707787715	-0.0602146527038	0.0194766944367	-0.0294887270131	-0.0153904196257	0.00648665529936	0.00638298240959	0.0389663585365	0.00027479517927	-0.106377607048	-0.0230022052387	-0.027180253671	-0.00187591060815	-0.0918405353627	0.019287696056	-0.0160780435965	0.0120545116545	-0.0652911583667	-0.0363125401268	0.0206451418869	-0.0105840431947	0.0440888272692	-0.0311838568951	-0.00291662267877	3.00742163196e-05	-0.0335451872451
k__Bacteria;p__Bacteroidetes;c__Bacteroidia;o__Bacteroidales;f__Bacteroidaceae;g__Bacteroides;s__Bacteroides_thetaiotaomicron	-0.0556493591573	-0.0195362243653	0.00494008271952	0.0349795681526	-0.0344262021666	0.00176702285745	-0.0294030436456	0.00547442811469	0.00117243664919	-0.0418559887984	1.0	0.00444797483759	-0.0508400400791	0.00146195600257	-0.0375638547317	-0.0125387850656	0.0692036979391	-0.00359204938928	-0.0429304864823	-0.0397956239184	-0.0351094007908	-0.00772400678528	0.089624369682	-0.0573472152771	-0.00141252017977	0.0332380338773	0.0292239882939	-0.00775132136853	-0.0476072144838	-0.0531799226447	-0.0206441697388	-0.0192798516023	-0.0256420329858	-0.0314571798146	0.0101615144557	0.0238698571912	-0.0460933088475	-0.0440027620419	-0.0122666755459	-0.0106012559065	-0.0115147015606	0.0189631692609	-0.0352663767253	-0.0391659148133	0.0170340121308	-0.033357844504	-0.0324390178976	-0.0548396725266	0.00714495949311	-0.0473428236456	-0.0962883502536	0.0480072892717	0.0214911991393	0.0264343814889	-0.0232134065391	0.0278521612132	-0.0140269550362	0.0155739786254	0.0548463803927
k__Bacteria;p__Bacteroidetes;c__Bacteroidia;o__Bacteroidales;f__Bacteroidaceae;g__Bacteroides;s__Bacteroides_coprocola	0.0152895947301	0.00306434025193	-0.0736075145625	-0.0247793706037	0.0159069915873	-0.0415785534292	-0.0481161093998	0.0287359907951	0.0210394937451	0.0556136182558	0.00444797483759	1.0	0.0114545650571	-0.0339192437652	-0.0224585188261	0.0240490057315	0.0340126518304	0.03134245682	-0.0415670433069	0.00446415413539	0.0249673377382	-0.0192860713067	-0.0232397920145	-0.00262130318931	-0.0571359828129	-0.0327031390855	0.0308119369952	0.0333963076145	0.0260302438901	-0.0241841725114	-0.0155404444998	-0.0201621530329	0.0129936837766	-0.046962965726	-0.0142656917095	-0.0106510301028	-0.0714330128859	-0.0206102916969	-0.0446069059704	-0.010298959542	-0.00224240903266	-0.00345483971979	0.0719579307487	0.0692178178375	0.0284294638893	-0.0325724320723	0.0276724430289	-0.071488848486	-0.0638222172789	-0.0107998816358	-0.0612307151199	0.00853321270514	-0.0157964329574	-0.0388844863307	0.0161800965334	0.0337409431144	-0.0155810554535	0.00108133945598	-0.0164239331101
k__Bacteria;p__Bacteroidetes;c__Bacteroidia;o__Bacteroidales;f__Bacteroidaceae;g__Bacteroides;s__Bacteroides_cellulosilyticus	-0.0307799696002	-0.0278166698313	-0.0219880516932	-0.0388506977459	-0.0359228005428	0.0690806032045	0.0210306581908	-0.0223189984924	0.0743090141829	-0.00835874847865	-0.0508400400791	0.0114545650571	1.0	0.0286439622093	-0.0589355384278	0.000960591342458	-0.0362678204259	0.0312922151749	-0.00572759435557	0.0332931271208	0.0738349342629	-0.0210612949597	-0.0159575319682	-0.0123706354116	-0.0577781617368	0.00345246978028	0.00895074924659	0.00479466782498	-0.0267139154449	0.0414273697373	-0.0147881338189	-0.0053439495356	0.0119857875484	0.0253201881762	0.0158390350328	-0.0324129336703	0.00586266767273	-0.0340757940298	0.0100935803302	-0.0328685696246	0.0656851737921	0.00977404479924	-0.0198913640152	-0.0328993079153	-0.0929631761816	0.01631450256	-0.0244835586153	0.0218014921355	-0.0129554966076	-0.0560346852566	0.000219349012856	-0.00415764111019	-0.00610574539185	-0.0117925170717	0.0537892060128	0.0148210942668	-0.0222853338174	0.0111723056837	-0.0493769210142
k__Bacteria;p__Bacteroidetes;c__Bacteroidia;o__Bacteroidales;f__Rikenellaceae;g__Alistipes;s__Alistipes_obesi	-0.000748485137614	-0.00632889871714	-0.0302716097044	0.0416890135421	0.0114118176039	0.0968699410233	-0.051103335759	-0.0439393329775	0.0375155366845	-0.0324612635478	0.00146195600257	-0.0339192437652	0.0286439622093	1.0	-0.019483204652	-0.0331661505927	0.0257934703462	0.00305126120227	0.000857724528205	-0.0974628180134	-0.00963128101192	0.0102581398313	0.0108009711397	-0.00886696576802	0.0185519341054	-0.012991600962	0.01176448943	-0.0109440301819	-0.0309447971335	-0.060244424309	-0.0436584697573	-0.0350798310599	-0.0898848574546	-0.0233711304616	-0.0266472670475	-0.0235620231519	0.0331899837247	0.00738250163087	-0.00239541989896	0.0389398775799	-0.107018773923	-0.0611099972516	-0.000241809150639	-0.0667923435095	0.00530239078975	-0.0413579127927	0.0604497916749	-0.0212087734205	-0.00508998881191	0.0454474953296	-0.00363594773901	-0.00766945836759	-0.0244235841876	-0.0147044128316	0.0519100810109	-0.00269434577938	0.0226884304307	-0.00800550708759	-0.0294249302493
k__Bacteria;p__Firmicutes;c__Clostridia;o__Clostridiales;f__Lachnospiraceae;g__;s__[Eubacterium]_rectale	0.00466597306326	-0.00432102123559	0.0131460265431	0.0533745541351	0.0505354758153	-0.0709873758412	0.0115066372764	0.0360682159892	0.0038084826985	0.0195192268618	-0.0375638547317	-0.0224585188261	-0.0589355384278	-0.019483204652	1.0	-0.0469606591125	-0.00275553692375	-0.0302368875658	-0.00134566862269	0.0395319920474	-0.0553758137652	0.0472649347204	0.0126153273402	-0.0332398943362	-0.0477505581552	-0.000958972133426	-0.020710911424	0.00571860410654	0.0410445194669	-0.019345838349	0.0264227449799	-0.0243512632723	0.0243253821118	0.0205009116619	-0.0137503356276	-0.084877676816	-0.0551357724362	0.0243048601531	-0.00326035494338	-0.000892859595766	-0.0181692226647	-0.0778699115539	0.0247980636824	0.0135265473026	-0.0674298708285	0.0491425160771	-0.0307514598632	-0.0238613872899	-0.0669881302387	0.0185936977597	0.0111384302156	0.0217513256231	-0.0185645854634	0.0131227118943	-0.0449228872615	-0.0012682028755	-0.0143649216753	0.0101323263553	0.00402405031322
k__Bacteria;p__Bacteroidetes;c__Bacteroidia;o__Bacteroidales;f__Bacteroidaceae;g__Bacteroides;s__Bacteroides_plebeius	-0.0150625161508	-0.0418126594904	-0.0175761797587	0.0204872341236	0.00871989572382	-0.00527276197773	-0.0650963569355	-0.0559379362596	0.0433380678872	0.0018091420736	-0.0125387850656	0.0240490057315	0.000960591342458	-0.0331661505927	-0.0469606591125	1.0	0.0204059419898	0.0129859922213	0.0584188903156	0.00279511570872	0.00947245913405	-0.0628116977261	-0.0830609495428	-0.0303778644669	-0.00866656658219	0.0503210864812	0.0197042863418	0.00052677741558	0.0194932227393	-0.037932622472	0.00600061275144	0.0776250726301	-0.0312533516283	0.0288335843688	-0.0158371771812	0.0312922945799	0.0240215447602	-0.0625401057564	-0.0703820461867	-0.0510926214241	0.00756381066655	-0.0613524935196	-0.0368565532397	-0.0149736487515	-0.012948543121	-0.0356581269481	-0.0492554830394	0.0164857015673	0.0121503385076	-0.00787860832402	-0.0166842636961	-0.0131701236465	-0.112069632561	0.0017123715029	-0.0222364059816	0.0256065249423	0.0251623483323	0.0229206010424	-0.0216500296263
k__Bacteria;p__Bacteroidetes;c__Bacteroidia;o__Bacteroidales;f__Bacteroidaceae;g__Bacteroides;s__Bacteroides_fragilis	-0.0323315283801	0.0095727327199	-0.114162367234	0.0164108801828	0.0220243132706	0.0144038015408	0.00952902324806	0.0492864919327	-0.0374106495572	0.0543148584293	0.0692036979391	0.0340126518304	-0.0362678204259	0.0257934703462	-0.00275553692375	0.0204059419898	1.0	0.0101062290347	0.00526117070519	0.0585593716298	-0.0542132887341	0.00915292821313	0.0452871996817	-0.0245414429688	-0.0195045051576	-0.0124645466197	0.0357384438408	0.00841559363923	-0.0349159911059	0.0158513750156	0.0434451525014	-0.0274060602193	0.0697584464443	-0.0110697774766	0.0246961295329	0.0201781198687	-0.0173386422529	-0.0644054475915	0.0224662092786	-0.0502900010206	-0.0205120791962	0.0268504111543	-0.0436554662488	0.0274218882088	-0.0532533981265	0.0283238046856	-0.0672787089266	0.0919170326565	-0.048232696779	0.00598919439122	-0.0023138324586	-0.0458065071694	-0.00536499615581	0.000802059927994	0.00771716251923	-0.00513166352153	-0.0651783205324	0.0250045805235	-0.0577283773145
k__Bacteria;p__Proteobacteria;c__Betaproteobacteria;o__Burkholderiales;f__Sutterellaceae;g__Sutterella;s__Sutterella_wadsworthensis	0.0634270426376	-0.082484395866	0.0654957245025	-0.0452172492452	-0.00520717298633	-0.0568672095168	0.0138655074287	-0.0451378464346	-0.0149020533427	-0.0127788520548	-0.00359204938928	0.03134245682	0.0312922151749	0.00305126120227	-0.0302368875658	0.0129859922213	0.0101062290347	1.0	-0.0331659688916	0.0235369462637	-0.00147108517116	0.0148629361997	0.0259236058525	-0.0190840870023	-0.0273513183017	-0.0670835833982	0.0096577773517	-0.0351428644298	0.00339182511076	0.00834002529489	-0.0175178294795	0.0264729908298	0.067012835209	-0.0264246404601	0.0171843543522	0.0207587077199	-0.0193810067689	-0.036519586054	-0.00360668607507	-0.012635503056	-0.044515467422	0.0190205601046	0.0325935419709	0.00442937128396	0.0628142374419	-0.0459099244501	-0.0113766743989	-0.00140740115348	0.0577191043068	-0.0256492076752	0.0175614115362	-0.0218588415256	0.0118020042123	0.00138565188455	-0.00415643890938	0.00898202527772	-0.037092082384	-0.0435762466712	-0.0343355689918
k__Bacteria;p__Bacteroidetes;c__Bacteroidia;o__Bacteroidales;f__Porphyromonadaceae;g__Barnesiella;s__Barnesiella_intestinihominis	0.0570532670953	0.0489507000333	0.00843876848416	0.000151912166227	0.0199585731142	0.0351384983065	-0.00190270837344	-0.00677595894141	-0.0127849016806	-0.0711928387783	-0.0429304864823	-0.0415670433069	-0.00572759435557	0.000857724528205	-0.00134566862269	0.0584188903156	0.00526117070519	-0.0331659688916	1.0	0.0680294736652	-0.0331087942734	0.038290719561	0.00157662497364	-0.0119996855838	0.0389047985298	-0.0307155101807	0.0577843109809	0.0225254282881	-0.00193182300652	0.0399859553431	-0.0575831252311	-0.0326548846988	-0.0178443698447	-0.00669310641978	-0.0194509968183	0.016781334461	-0.029356726914	0.0165899625963	0.0409293717437	0.0515035240639	-0.0323877243985	0.0117064873007	0.000257565263075	0.0115561067969	-0.0360059590017	-0.0700817721417	-0.0519093822251	-0.0796026953628	0.00154070762166	-0.01064400983	-0.0248597986859	0.0135666019078	0.0115604720775	-0.00480157701012	-0.00482151514078	-0.0212474686505	-0.0516811869289	-0.0353695538793	-0.0422148081983
k__Bacteria;p__Bacteroidetes;c__Bacteroidia;o__Bacteroidales;f__Odoribacteraceae;g__Odoribacter;s__Odoribacter_splanchnicus	-0.031435102499	-0.0182744650001	-0.0253225275375	-0.0531477731007	-0.0125401039162	-0.0520967135246	-0.0229972206647	0.0129674380303	-0.0154405533485	-0.0136194134937	-0.0397956239184	0.00446415413539	0.0332931271208	-0.0974628180134	0.0395319920474	0.00279511570872	0.0585593716298	0.0235369462637	0.0680294736652	1.0	-0.0368621787805	0.039486150565	-0.0210308529929	-0.0501350189176	-0.0730123696076	-0.00566052866568	0.00927067033261	0.025198999619	-0.00418349427119	-0.0174353475117	0.0198672086307	-0.00275832795421	-0.0610550428346	-0.0112265584873	-0.0233598297991	0.0227080614752	0.00158086769136	-0.0504273218641	-0.00211079094799	0.0250540640386	-0.0408178666775	-0.000989879924871	0.0117707867905	0.0235484246079	-0.00723285084773	0.0156822676222	-0.0295724759272	0.0403952291623	-0.0453458536915	-0.00843561649121	-0.000125352254746	-0.0125261310766	0.00116056210271	-0.0810135952009	0.00656339057477	-0.0668369863405	-0.0330414475574	-0.0303610462253	0.0819862339116
k__Bacteria;p__Bacteroidetes;c__Bacteroidia;o__Bacteroidales;f__Bacteroidaceae;g__Bacteroides;s__Bacteroides_salyersiae	-0.0293568521641	0.00920395126906	0.0370350963796	-0.00642243715994	0.00312671579142	0.0176090082224	-0.00106468760614	-0.0377968842701	-0.0198826106656	-0.00142831816292	-0.0351094007908	0.0249673377382	0.0738349342629	-0.00963128101192	-0.0553758137652	0.00947245913405	-0.0542132887341	-0.00147108517116	-0.0331087942734	-0.0368621787805	1.0	-0.0184528369095	0.0158370560423	-0.0197168193562	-0.0615100737776	0.0506119203683	0.0527427366552	-0.00407001261713	0.0214600217289	0.0157094913157	-0.0367930004273	-0.0506692582919	0.0665086478031	0.0102258483884	-0.0624558535255	-0.0210703687433	-0.0188858869841	0.00142259615694	0.0220831152156	-0.0534147572017	0.00534887470394	0.0333982546349	-0.0627449413913	-0.0241132093475	-0.00920961853794	-0.0782800482532	-0.00846272034808	0.0121144822034	-0.0560180318583	0.0315067878483	-0.0328604388151	-0.0116736246076	-0.0553148897206	0.00569820572392	-0.0605953476402	-0.0109149144774	0.0655815508665	-0.0327727837248	0.0148013830116
k__Bacteria;p__Firmicutes;c__Clostridia;o__Clostridiales;f__Ruminococcaceae;g__Ruminiclostridium;s__[Eubacterium]_siraeum	-0.0260522352433	-0.0158741105978	-0.0166223724308	0.0259363266627	-0.0403976796842	-0.0252308889508	-0.0479875950382	-0.0335718808172	-0.0157167513792	-0.0212817692381	-0.00772400678528	-0.0192860713067	-0.0210612949597	0.0102581398313	0.0472649347204	-0.0628116977261	0.00915292821313	0.0148629361997	0.038290719561	0.039486150565	-0.0184528369095	1.0	0.0252061017966	-0.0860763006899	-0.044296913563	-0.0111025105727	0.0257609187784	-0.0111460801355	0.00226973597905	0.00931215091561	0.0345521880268	-0.0163609269833	-0.0283745099971	-0.0535845483799	0.0286397830133	-0.0318783200186	-0.0514963571034	-0.0080615792973	0.00302091169809	0.00315330442845	-0.027590995952	-0.0689599681576	0.0229785063674	-0.00417837716952	0.0033578600783	-0.00602053336517	-0.0329153612343	0.00698615872907	-0.026319271628	0.0390337477684	0.00376917726428	0.0191383110089	-0.0356110106147	-0.0149947208074	0.0607568234577	0.0412760066188	-0.0756870154612	0.0269917067838	-0.00355247354019
k__Bacteria;p__Proteobacteria;c__Betaproteobacteria;o__Burkholderiales;f__Sutterellaceae;g__Parasutterella;s__Parasutterella_excrementihominis	-0.0211951171852	0.00350467230732	0.0114109854782	-0.0106014288159	0.0100103844455	0.0207841288991	-0.0121198708005	0.0292938164255	-0.0566814687335	0.0356952579384	0.089624369682	-0.0232397920145	-0.0159575319682	0.0108009711397	0.0126153273402	-0.0830609495428	0.0452871996817	0.0259236058525	0.00157662497364	-0.0210308529929	0.0158370560423	0.0252061017966	1.0	0.0349494939294	-0.0351623379117	0.026178304352	-0.0132727589606	-0.0332523754132	-0.0634099778791	-0.0061710435114	0.00340260533636	-0.0386919850682	-0.0351013352932	-0.0268212162677	-0.0373885237425	-0.0509394649275	0.0126553589018	0.000472317777075	-0.00340865598478	-0.0410961159393	-0.054143163134	-0.0224613139403	-0.0254307713777	-0.0309659504931	0.0135780048491	0.0174964916089	0.0234025845317	-0.0012879857613	-0.0396807398307	-0.0178210789094	0.0416662338912	-0.0117090208073	-0.018239197859	0.023972135575	-0.0313313945554	-0.0244210812975	-0.0168707080729	0.0299585656714	-0.0320511781191
k__Bacteria;p__Actinobacteria;c__Actinobacteria;o__Bifidobacteriales;f__Bifidobacteriaceae;g__Bifidobacterium;s__Bifidobacterium_adolescentis	0.0279053483162	-0.0308467168859	-0.0111700290067	0.0434721695523	-0.0127548559789	0.0199966247556	-0.0113963781387	0.00706500899146	-0.030366262235	-0.0102909851559	-0.0573472152771	-0.00262130318931	-0.0123706354116	-0.00886696576802	-0.0332398943362	-0.0303778644669	-0.0245414429688	-0.0190840870023	-0.0119996855838	-0.0501350189176	-0.0197168193562	-0.0860763006899	0.0349494939294	1.0	0.00352980233345	0.0107169548569	-0.0225852108269	-0.00922038516828	-0.0305885691204	-0.0276321392001	-0.0490363106807	0.0133171392629	0.0306290880721	-0.035370367558	-0.0394014998463	-0.0207400614621	-0.0262963408331	-0.00761762410387	0.0129413734369	-0.0323942465546	0.0165637430056	0.0342483461565	-0.0399022457419	-0.00778488403634	-0.0051648531419	0.0123869809434	0.0393607274319	-0.0390899557784	0.00783343480054	-0.0390989654492	-0.00101616337772	-0.100900937566	-0.045646447619	0.0146134301875	-0.0707266813745	-0.0380136151746	-0.0285028138002	0.000376930018773	0.0278492891659
k__Bacteria;p__Firmicutes;c__Clostridia;o__Clostridiales;f__Oscillospiraceae;g__Oscillibacter;s__Oscillibacter_sp._KLE_1745	0.0354654324958	-0.0291045058578	-0.0182088612581	-0.013705928763	-0.0407254581402	-0.00712814271798	-0.020724184405	-0.00145780928396	0.0145680187957	-0.000332403801489	-0.00141252017977	-0.0571359828129	-0.0577781617368	0.0185519341054	-0.0477505581552	-0.00866656658219	-0.0195045051576	-0.0273513183017	0.0389047985298	-0.0730123696076	-0.0615100737776	-0.044296913563	-0.0351623379117	0.00352980233345	1.0	0.0679797772796	0.0162495227063	0.000532857123735	-0.0242866629191	0.0216589924899	-0.049713759896	-0.0205336915773	-0.0125492078592	0.00411041086319	0.0423677839666	0.0330736318259	-0.0115409458868	-0.0206023670286	-0.0384135609755	-0.0178374400475	-0.0305725239099	-0.0377499845778	0.016744285968	0.011295460794	-0.0202518510133	0.0312999545173	0.00409743145409	0.0814241271813	0.015926777018	0.0137974051124	-0.0681218693593	0.00157103163585	0.0220811777192	-0.036865885262	-0.000968248398917	-0.0298912941372	0.0155829944388	-0.0242866298291	-0.0290475800638
k__Bacteria;p__Bacteroidetes;c__Bacteroidia;o__Bacteroidales;f__Bacteroidaceae;g__Bacteroides;s__Bacteroides_coprophilus	0.0158873488034	-0.0127472207764	-0.0520036330936	-0.0144791523841	0.0205696633858	0.0195456346004	0.016085701286	-0.0475489981556	-0.00594665235898	0.0227756303013	0.0332380338773	-0.0327031390855	0.00345246978028	-0.012991600962	-0.000958972133426	0.0503210864812	-0.0124645466197	-0.0670835833982	-0.0307155101807	-0.00566052866568	0.0506119203683	-0.0111025105727	0.026178304352	0.0107169548569	0.0679797772796	1.0	-0.0570172949553	0.00358932962308	-0.0119564730686	-0.00986003556103	-0.0442640300746	0.0298494056082	-0.0176839919456	0.00485088974251	-0.013134605052	-0.0540852412103	-0.016430290951	-0.0616956199802	-0.00419523511704	-0.0266772072045	-0.0205021380826	-0.0373277137953	-0.0230049734962	-0.0498692789516	-0.00875444254192	-0.0087241344043	0.0151641873888	0.029640913315	-0.0092340068191	0.00810128666843	-0.0239569439462	-0.0467654133408	0.00247144650267	-0.00813002467125	-0.0561537481235	0.012000145014	-0.0690237614535	-0.0186921293427	-0.00576537792117
k__Bacteria;p__Firmicutes;c__Clostridia;o__Clostridiales;f__Lachnospiraceae;g__Roseburia;s__Roseburia_intestinalis	-0.0565352504324	-0.00476586936784	0.0227497529683	0.0198733091812	-0.00276797765943	-0.0934496147118	-0.0415042014083	-0.0288176583732	-0.0117818354675	0.0533312873579	0.0292239882939	0.0308119369952	0.0089507492466	0.01176448943	-0.020710911424	0.0197042863418	0.0357384438408	0.0096577773517	0.0577843109809	0.00927067033261	0.0527427366552	0.0257609187784	-0.0132727589606	-0.0225852108269	0.0162495227063	-0.0570172949553	1.0	0.0117920553514	0.0176391315654	-0.0385670415214	0.000834439370653	-0.0472630007354	-0.0367745457439	-0.0976032151032	0.0381447238837	-0.0391900020541	-0.018017239977	-0.00766076574179	0.00481973139369	0.00868088083053	-0.0350247119872	-0.0135913547365	0.0500491465809	-0.0718420189071	-0.0339678536042	-0.0198353105516	-0.0129941147334	0.02078963897	0.0273023982475	-0.00385791243348	-0.0328720651699	0.0132030293395	0.0186205019318	-0.0164820408124	-0.0183077532672	-0.0568787741746	-0.032644621	0.0201992019739	0.0260332150784
k__Bacteria;p__Firmicutes;c__Clostridia;o__Clostridiales;f__Lachnospiraceae;g__Roseburia;s__Roseburia_hominis	0.0135288955159	0.0580572305623	0.000287332063291	-0.00221971097773	0.023068374062	-0.0116637376681	-0.0215570080549	-0.0337174419011	0.0199388362978	-0.00730501942023	-0.00775132136853	0.0333963076145	0.00479466782498	-0.0109440301819	0.00571860410654	0.00052677741558	0.00841559363923	-0.0351428644298	0.0225254282881	0.025198999619	-0.00407001261713	-0.0111460801355	-0.0332523754132	-0.00922038516828	0.000532857123735	0.00358932962308	0.0117920553514	1.0	-0.0193634183226	0.00593904215782	-0.0153298468507	-0.0939793347896	0.0583458720939	-0.00362493117398	-0.01760432678	-0.011732415961	-0.0638126455826	0.0491177866435	-0.0757203700325	-0.0285791851394	0.0210642749612	0.0134782791079	0.0309733266626	-0.00914307431098	-0.0231498692984	0.0312858881215	0.0625039539736	0.0370556130086	-0.0139268416353	0.0343825039611	-0.0556969840768	0.0325548440072	-0.0108654601026	-0.0338030219504	0.048596242989	0.00194176949172	-0.0606036306804	-0.0442957357864	-0.0141017531513
k__Bacteria;p__Bacteroidetes;c__Bacteroidia;o__Bacteroidales;f__Porphyromonadaceae;g__Parabacteroides;s__Parabacteroides_johnsonii	-0.0170440241675	0.00796011687016	-0.0410265533069	-0.000789992850441	-0.00627994378458	-0.0452800217741	0.0617041775902	-0.0203509252132	0.0342030048384	-0.00125207243117	-0.0476072144838	0.0260302438901	-0.0267139154449	-0.0309447971335	0.0410445194669	0.0194932227393	-0.0349159911059	0.00339182511076	-0.00193182300652	-0.00418349427119	0.0214600217289	0.00226973597905	-0.0634099778791	-0.0305885691204	-0.0242866629191	-0.0119564730686	0.0176391315654	-0.0193634183226	1.0	-0.0186675922261	-0.0309683146614	-0.000933324790317	-0.040613470994	-0.010578701155	0.0342166136465	0.00292820699517	0.0183828967093	-0.0357040409065	-0.0685641274475	-0.0167745298646	0.0273372736121	-0.0322187050351	-0.00262471513564	0.0595353044504	-0.0030531705197	-0.0842550495857	0.0361605046655	0.0131419386359	-0.0628186060451	-0.0672357478767	0.00752845312424	0.0227447816531	0.0290787627197	0.0128389376639	-0.0587734561549	-0.08789480296	-0.0507162802907	0.0198516670002	0.0333750522612
k__Bacteria;p__Actinobacteria;c__Actinobacteria;o__Bifidobacteriales;f__Bifidobacteriaceae;g__Bifidobacterium;s__Bifidobacterium_longum	0.0367095879552	-0.0246789756602	-0.0884726210901	0.0178488057889	0.0548157044799	-0.0117104563091	0.0112232854489	0.031809235593	0.0379198467438	0.0146004104344	-0.0531799226447	-0.0241841725114	0.0414273697373	-0.060244424309	-0.019345838349	-0.037932622472	0.0158513750156	0.00834002529489	0.0399859553431	-0.0174353475117	0.0157094913157	0.00931215091561	-0.0061710435114	-0.0276321392001	0.0216589924899	-0.00986003556103	-0.0385670415214	0.00593904215782	-0.0186675922261	1.0	-0.0128854767913	0.015958690535	0.0264479081086	-0.0373350505229	-0.0228549132504	-0.0195714760919	0.0110937068204	-0.0186531592656	-0.0137290494244	-0.00402344961302	0.0771431143061	0.00205509718278	-0.0171989113578	-0.0296444903903	-0.0493064207635	-0.0284386423514	-0.0410578085799	-0.0265811322007	-0.0737289101043	0.0134692583487	0.0358614879211	-0.0441129090395	0.0384387561384	0.00105122482763	0.036610642897	0.00322776978587	-0.0338049641464	-0.0405878594008	-0.00355442265683
