#taxonomy	k__Bacteria;p__Bacteroidetes;c__Bacteroidia;o__Bacteroidales;f__Bacteroidaceae;g__Bacteroides;s__Bacteroides_vulgatus	k__Bacteria;p__Bacteroidetes;c__Bacteroidia;o__Bacteroidales;f__Bacteroidaceae;g__Bacteroides;s__Bacteroides_uniformis	k__Bacteria;p__Bacteroidetes;c__Bacteroidia;o__Bacteroidales;f__Rikenellaceae;g__Alistipes;s__Alistipes_putredinis	k__Bacteria;p__Bacteroidetes;c__Bacteroidia;o__Bacteroidales;f__Prevotellaceae;g__Prevotella;s__Prevotella_copri	k__Bacteria;p__Bacteroidetes;c__Bacteroidia;o__Bacteroidales;f__Bacteroidaceae;g__Bacteroides;s__Bacteroides_stercoris	k__Bacteria;p__Bacteroidetes;c__Bacteroidia;o__Bacteroidales;f__Bacteroidaceae;g__Bacteroides;s__Bacteroides_ovatus	k__Bacteria;p__Bacteroidetes;c__Bacteroidia;o__Bacteroidales;f__Rikenellaceae;g__Alistipes;s__Alistipes_shahii	k__Bacteria;p__Firmicutes;c__Clostridia;o__Clostridiales;f__Ruminococcaceae;g__Faecalibacterium;s__Faecalibacterium_prausnitzii	k__Bacteria;p__Bacteroidetes;c__Bacteroidia;o__Bacteroidales;f__Rikenellaceae;g__Alistipes;s__Alistipes_finegoldii	k__Bacteria;p__Bacteroidetes;c__Bacteroidia;o__Bacteroidales;f__Porphyromonadaceae;g__Parabacteroides;s__Parabacteroides_distasonis	k__Bacteria;p__Bacteroidetes;c__Bacteroidia;o__Bacteroidales;f__Bacteroidaceae;g__Bacteroides;s__Bacteroides_thetaiotaomicron	k__Bacteria;p__Bacteroidetes;c__Bacteroidia;o__Bacteroidales;f__Bacteroidaceae;g__Bacteroides;s__Bacteroides_coprocola	k__Bacteria;p__Bacteroidetes;c__Bacteroidia;o__Bacteroidales;f__Bacteroidaceae;g__Bacteroides;s__Bacteroides_cellulosilyticus	k__Bacteria;p__Bacteroidetes;c__Bacteroidia;o__Bacteroidales;f__Rikenellaceae;g__Alistipes;s__Alistipes_obesi	k__Bacteria;p__Firmicutes;c__Clostridia;o__Clostridiales;f__Lachnospiraceae;g__;s__[Eubacterium]_rectale	k__Bacteria;p__Bacteroidetes;c__Bacteroidia;o__Bacteroidales;f__Bacteroidaceae;g__Bacteroides;s__Bacteroides_plebeius	k__Bacteria;p__Bacteroidetes;c__Bacteroidia;o__Bacteroidales;f__Bacteroidaceae;g__Bacteroides;s__Bacteroides_fragilis	k__Bacteria;p__Proteobacteria;c__Betaproteobacteria;o__Burkholderiales;f__Sutterellaceae;g__Sutterella;s__Sutterella_wadsworthensis	k__Bacteria;p__Bacteroidetes;c__Bacteroidia;o__Bacteroidales;f__Porphyromonadaceae;g__Barnesiella;s__Barnesiella_intestinihominis	k__Bacteria;p__Bacteroidetes;c__Bacteroidia;o__Bacteroidales;f__Odoribacteraceae;g__Odoribacter;s__Odoribacter_splanchnicus	k__Bacteria;p__Bacteroidetes;c__Bacteroidia;o__Bacteroidales;f__Bacteroidaceae;g__Bacteroides;s__Bacteroides_salyersiae	k__Bacteria;p__Firmicutes;c__Clostridia;o__Clostridiales;f__Ruminococcaceae;g__Ruminiclostridium;s__[Eubacterium]_siraeum	k__Bacteria;p__Proteobacteria;c__Betaproteobacteria;o__Burkholderiales;f__Sutterellaceae;g__Parasutterella;s__Parasutterella_excrementihominis	k__Bacteria;p__Actinobacteria;c__Actinobacteria;o__Bifidobacteriales;f__Bifidobacteriaceae;g__Bifidobacterium;s__Bifidobacterium_adolescentis	k__Bacteria;p__Firmicutes;c__Clostridia;o__Clostridiales;f__Oscillospiraceae;g__Oscillibacter;s__Oscillibacter_sp._KLE_1745	k__Bacteria;p__Bacteroidetes;c__Bacteroidia;o__Bacteroidales;f__Bacteroidaceae;g__Bacteroides;s__Bacteroides_coprophilus	k__Bacteria;p__Firmicutes;c__Clostridia;o__Clostridiales;f__Lachnospiraceae;g__Roseburia;s__Roseburia_intestinalis	k__Bacteria;p__Firmicutes;c__Clostridia;o__Clostridiales;f__Lachnospiraceae;g__Roseburia;s__Roseburia_hominis	k__Bacteria;p__Bacteroidetes;c__Bacteroidia;o__Bacteroidales;f__Porphyromonadaceae;g__Parabacteroides;s__Parabacteroides_johnsonii	k__Bacteria;p__Actinobacteria;c__Actinobacteria;o__Bifidobacteriales;f__Bifidobacteriaceae;g__Bifidobacterium;s__Bifidobacterium_longum	k__Bacteria;p__Firmicutes;c__Clostridia;o__Clostridiales;f__;g__Flavonifractor;s__Flavonifractor_plautii	k__Bacteria;p__Firmicutes;c__Clostridia;o__Clostridiales;f__Clostridiaceae;g__Clostridium;s__Clostridium_phoceensis	k__Bacteria;p__Verrucomicrobia;c__Verrucomicrobiae;o__Verrucomicrobiales;f__Akkermansiaceae;g__Akkermansia;s__Akkermansia_muciniphila	k__Bacteria;p__Bacteroidetes;c__Bacteroidia;o__Bacteroidales;f__Prevotellaceae;g__Paraprevotella;s__Paraprevotella_xylaniphila	k__Bacteria;p__Firmicutes;c__Clostridia;o__Clostridiales;f__Ruminococcaceae;g__Ruminococcus;s__Ruminococcus_callidus	k__Bacteria;p__Bacteroidetes;c__Bacteroidia;o__Bacteroidales;f__Rikenellaceae;g__Alistipes;s__Alistipes_senegalensis	k__Bacteria;p__Firmicutes;c__Clostridia;o__Clostridiales;f__Lachnospiraceae;g__Blautia;s__Blautia_sp._KLE_1732	k__Bacteria;p__Bacteroidetes;c__Bacteroidia;o__Bacteroidales;f__Bacteroidaceae;g__Bacteroides;s__Bacteroides_oleiciplenus	k__Bacteria;p__Firmicutes;c__Clostridia;o__Clostridiales;f__Ruminococcaceae;g__Ruminococcus;s__Ruminococcus_bicirculans	k__Bacteria;p__Bacteroidetes;c__Bacteroidia;o__Bacteroidales;f__Bacteroidaceae;g__Bacteroides;s__Bacteroides_fluxus	k__Bacteria;p__Bacteroidetes;c__Bacteroidia;o__Bacteroidales;f__Prevotellaceae;g__Prevotella;s__Prevotella_stercorea	k__Bacteria;p__Firmicutes;c__Clostridia;o__Clostridiales;f__Lachnospiraceae;g__Dorea;s__Dorea_longicatena	k__Bacteria;p__Firmicutes;c__Clostridia;o__Clostridiales;f__Eubacteriaceae;g__Eubacterium;s__[Eubacterium]_eligens	k__Bacteria;p__Firmicutes;c__Clostridia;o__Clostridiales;f__Ruminococcaceae;g__;s__Ruminococcaceae_bacterium_D16	k__Bacteria;p__Firmicutes;c__Clostridia;o__Clostridiales;f__Lachnospiraceae;g__Coprococcus;s__Coprococcus_comes	k__Bacteria;p__Proteobacteria;c__Gammaproteobacteria;o__Enterobacterales;f__Enterobacteriaceae;g__Escherichia;s__Escherichia_coli	k__Bacteria;p__Firmicutes;c__Clostridia;o__Clostridiales;f__Ruminococcaceae;g__Anaerotruncus;s__Anaerotruncus_colihominis	k__Bacteria;p__Firmicutes;c__Clostridia;o__Clostridiales;f__Lachnospiraceae;g__Blautia;s__Blautia_obeum	k__Bacteria;p__Bacteroidetes;c__Bacteroidia;o__Bacteroidales;f__Odoribacteraceae;g__Odoribacter;s__Odoribacter_laneus	k__Bacteria;p__Firmicutes;c__Clostridia;o__Clostridiales;f__Ruminococcaceae;g__Ruminiclostridium;s__[Clostridium]_leptum	k__Bacteria;p__Bacteroidetes;c__Bacteroidia;o__Bacteroidales;f__Porphyromonadaceae;g__Parabacteroides;s__Parabacteroides_goldsteinii	k__Bacteria;p__Firmicutes;c__Clostridia;o__Clostridiales;f__Lachnospiraceae;g__Anaerostipes;s__Anaerostipes_hadrus	k__Bacteria;p__Firmicutes;c__Clostridia;o__Clostridiales;f__Ruminococcaceae;g__Ruminococcus;s__Ruminococcus_lactaris	k__Bacteria;p__Firmicutes;c__Clostridia;o__Clostridiales;f__Clostridiaceae;g__Clostridium;s__Clostridium_sp._L2-50	k__Bacteria;p__Firmicutes;c__Clostridia;o__Clostridiales;f__Clostridiaceae;g__Clostridium;s__Clostridium_sp._M62/1	k__Bacteria;p__Firmicutes;c__Clostridia;o__Clostridiales;f__;g__Intestinimonas;s__Intestinimonas_butyriciproducens	k__Bacteria;p__Actinobacteria;c__Actinobacteria;o__Bifidobacteriales;f__Bifidobacteriaceae;g__Bifidobacterium;s__Bifidobacterium_bifidum	k__Bacteria;p__Firmicutes;c__Negativicutes;o__Veillonellales;f__Veillonellaceae;g__Dialister;s__Dialister_invisus	k__Bacteria;p__Bacteroidetes;c__Bacteroidia;o__Bacteroidales;f__Bacteroidaceae;g__Bacteroides;s__Bacteroides_salanitronis
k__Bacteria;p__Bacteroidetes;c__Bacteroidia;o__Bacteroidales;f__Bacteroidaceae;g__Bacteroides;s__Bacteroides_vulgatus	1.0	0.00370579030393	-0.0202232109641	-0.0223433455267	-0.01383256195	-0.00867924150931	0.0260955174498	0.0184496448649	-0.00332102768271	-0.00619831949711	0.000987424665066	0.0829791787493	0.0305079540644	-0.00953219425677	-0.0287705220602	-0.0267152347074	-0.016127934447	0.0106378273577	-0.0057667552086	-0.0746805664308	0.0345792250046	-0.0060490887408	0.000656024143342	-0.037687380358	-0.0345533639551	-0.0426007191702	-0.0681500414006	0.00107348760623	-0.0194816240959	-0.013998941637	-0.0161203859092	-0.0605478013338	0.0121007066652	-0.0235238175681	-0.0192712130035	0.0223111543747	-0.00647542166565	-0.0468163509734	-7.83893318407e-05	-0.0294739218607	-0.0198511215785	-0.0478880616593	-0.0261434395729	0.0129019172488	-0.00101241999537	-0.0143063922471	-0.0955651910826	-0.0257502099888	-0.024042416045	0.022749756731	0.0247308983858	0.0401124909587	-0.0373173233817	-0.00203895205253	-0.0049866163761	-0.0110872980233	-0.0205560873635	0.0421405850128	0.0187593007048
k__Bacteria;p__Bacteroidetes;c__Bacteroidia;o__Bacteroidales;f__Bacteroidaceae;g__Bacteroides;s__Bacteroides_uniformis	0.00370579030393	1.0	0.0183860485062	-0.00759560995067	-0.037796999263	-0.0358078485319	-0.0187818462973	-0.0223198396942	0.0378821521614	0.024691049192	-0.0253329459537	0.0159461019762	-0.0306170752379	-0.000631000798048	0.000251498301046	-0.00102488097996	-0.00742591138568	0.0319649229269	-0.0338726101211	-0.00756308350319	1.37773882611e-05	-0.0111359725024	0.0256710433676	-0.0495407054493	-0.00460053414974	-0.00992779457989	0.0127210632198	-0.0266985261545	-0.0221662882077	0.0609908325399	0.01245361233	-0.0576836050768	0.0371860607859	-0.0308063465335	-0.0291313378418	0.0435094280428	-0.00525179941811	0.0113403242693	0.0277615177818	0.00539946179926	0.0542618435419	-0.0249483778126	-0.0111260164459	-0.0337973152557	-0.0512319541463	-0.0012324930262	0.0414687039863	-0.0872021774862	-0.035008404472	-0.00267623901044	-0.0219081422165	-0.0744636290513	0.0118829695823	-0.0722640569351	-0.010233682533	-0.0962785815689	0.00901653608105	0.0241498946711	0.00791086228523
k__Bacteria;p__Bacteroidetes;c__Bacteroidia;o__Bacteroidales;f__Rikenellaceae;g__Alistipes;s__Alistipes_putredinis	-0.0202232109641	0.0183860485062	1.0	0.0215064624345	0.034176213454	0.0467384400576	0.0203637162093	0.024856204464	-0.0432634292918	-0.0433404679619	-0.0200996592609	0.0196151563516	-0.00271874617505	0.0526275791458	0.00189546427786	-0.00288614296202	0.0653542450146	0.0449008259934	-0.0156071528006	-0.0394835819102	-0.00506159284959	-0.0341239221136	-0.00167735542978	-0.048847229023	0.0274742163846	-0.0344223379314	-0.0105167901795	0.0100295881696	-0.0398242106527	-0.0437737841297	-0.0537715911088	0.0538179064723	0.0576081732167	-0.000428295225821	-0.0187296142205	-0.0343409285331	0.0308985640471	-0.00812484467556	-0.00927657631132	-0.0169049624531	-0.00582554682634	0.0625978842816	-0.0369077341491	0.0472494237548	-0.0305428624851	-0.0112251267563	0.0480509363621	-0.0244231092272	-0.0631322925393	-0.0213635652711	-0.0480507035797	-0.0475247136555	-0.00519011758752	-0.0327843793002	-0.00762563691605	-0.0435216378376	0.0568283773583	-0.0153150760023	-0.0307833343438
k__Bacteria;p__Bacteroidetes;c__Bacteroidia;o__Bacteroidales;f__Prevotellaceae;g__Prevotella;s__Prevotella_copri	-0.0223433455267	-0.00759560995067	0.0215064624345	1.0	-0.0610265289435	-0.0359594260361	-0.00580897298909	-0.0548901099561	-0.0405770507799	0.000930237202785	-0.0352864625509	-0.0677335773224	0.0132485609954	-0.0476064407707	0.0416487999787	0.0170644977016	0.0225107500508	-0.0540698378449	0.0665897506086	-0.0902359259259	0.0574086518217	0.018399967243	-0.0635413800867	0.0474013949003	-0.112867012726	-0.0157076002074	0.0227506756348	-0.0531957215701	-0.0348309578304	-0.0106304354762	-0.0179329452038	-0.0153403972654	0.0241161339437	-0.0376887900697	0.0523812233902	0.00540948978392	0.0311827553639	-0.00105826404155	-0.00370678359193	-0.00406967948749	0.0146313041804	-0.00407056112504	-0.042570772919	0.003030744466	-0.0412042341355	0.0263878929123	-0.0165332790109	0.0198633742142	0.0208238262734	-0.020875818283	-0.0640168492571	-0.0423647311112	-0.0229996473734	-0.0228703217608	-0.0222441584706	-0.0732591175086	0.0289058139243	0.0385349034819	-4.98093536461e-05
k__Bacteria;p__Bacteroidetes;c__Bacteroidia;o__Bacteroidales;f__Bacteroidaceae;g__Bacteroides;s__Bacteroides_stercoris	-0.01383256195	-0.037796999263	0.034176213454	-0.0610265289435	1.0	-0.016903502456	-0.0069946595374	0.00578206720948	0.0208805994869	-0.0218927558585	0.0578595880676	-0.0273805467496	-0.0338991482259	-0.042223651448	0.00533927106765	-0.00783489405519	-0.0394623738367	0.0263502406858	-0.0309079575991	0.0368832800441	-0.00270854102508	-0.034647511349	-0.0555053881702	0.00537280674226	0.029630104219	0.0198980578537	0.0163067126312	0.00781634045025	-0.0211035006337	-0.0284109571252	0.00136352358223	0.0372583951378	0.0316702441106	-0.0118405929117	0.0125192491175	-0.0329516861181	-0.00234113647051	-0.017260776015	-0.0438764485506	-0.018371525822	-0.0590373620923	0.0659569349133	0.0150183152657	-0.00689131712974	0.00169310369043	0.00134707071403	0.0481205055734	-0.080475994029	0.0154415946385	-0.0450447312073	0.0220517248141	-0.010774099689	0.0290350318673	-0.00316376891368	-0.0294347643042	0.0454759123445	-0.0372025389085	-0.0170034841781	-0.0677186662631
k__Bacteria;p__Bacteroidetes;c__Bacteroidia;o__Bacteroidales;f__Bacteroidaceae;g__Bacteroides;s__Bacteroides_ovatus	-0.00867924150931	-0.0358078485319	0.0467384400576	-0.0359594260361	-0.016903502456	1.0	-0.0638915551694	-0.00608408588418	0.0243822755771	-0.0670279840679	0.030424006557	-0.000605353772821	-0.113006043784	-0.0106055932415	-0.0244984008214	0.0120439307695	-0.00498983010178	-0.00990436495913	0.00772905382207	-0.0790074218072	-0.0057902832713	0.00273144143283	0.0182512319245	-0.0164765926649	-0.00400703261919	0.0606383647389	-0.0262549227137	0.0138493776999	-0.00898874489618	-0.0147697759746	-0.0579559932451	-0.0268435757169	-0.0199582803031	0.0101477494396	0.0394189650157	-0.0398032897795	-0.00353000755833	-0.051920254641	0.048525087825	0.0282792967529	-0.0112971482892	7.27619146665e-05	0.0221481883936	-0.0439498774909	-0.0599251892457	-0.00494544181855	0.0265883591693	-0.0163688735946	-0.010529908333	0.0167451800118	-0.0336502966712	-0.032780887022	-0.0697703749405	-0.00612720400223	-0.0347132754767	0.00844452256721	0.0166586160874	0.0727904916129	-0.0650441363465
k__Bacteria;p__Bacteroidetes;c__Bacteroidia;o__Bacteroidales;f__Rikenellaceae;g__Alistipes;s__Alistipes_shahii	0.0260955174498	-0.0187818462973	0.0203637162093	-0.00580897298909	-0.0069946595374	-0.0638915551694	1.0	-0.0358378955467	-0.0120377181799	0.0135182271318	-0.0642895616835	-0.051009874041	0.0225476433545	-0.00364863056763	0.01476795609	-0.0348002963864	0.0156422617515	-0.0277402562089	-0.0290679546238	0.0212075499977	-0.0200249798802	0.0544287573696	-0.00559801417938	-0.0457990966285	-0.0433628119891	-0.0669468646517	-0.00460169458525	0.0015231650427	-0.0118456237767	-0.0265194412379	-0.0453569521897	-0.0158234191018	-0.037533056261	-0.0134158743355	0.0148534300924	0.0137939214289	0.0683033271175	-0.00757292399665	-0.0487543802257	-3.76132812511e-05	0.00339898458215	-0.0186791535916	0.0231951747565	0.0418223542927	-0.0171444736003	-0.0158809738589	-0.0106268294829	0.0244916065598	-0.0250914646197	-0.0276322238957	-0.0379638624302	0.0873479819812	0.0142053566766	-0.0730892097493	0.021933559572	0.0562345883062	0.00491251054528	-0.0205013853961	0.00448484238859
k__Bacteria;p__Firmicutes;c__Clostridia;o__Clostridiales;f__Ruminococcaceae;g__Faecalibacterium;s__Faecalibacterium_prausnitzii	0.0184496448649	-0.0223198396942	0.024856204464	-0.0548901099561	0.00578206720948	-0.00608408588418	-0.0358378955467	1.0	-0.0273570659327	-0.0169095981027	0.0682021191554	-0.013527018131	-0.0261424218288	-0.0220993196639	-0.00215360190115	-0.00866118222616	0.0102995836945	-0.0584660258054	0.0196241093945	0.018925098933	-0.032685870737	-0.0177424456945	0.0490147266791	0.0168063991142	0.0160021340413	0.00181640068524	0.0536581432101	0.0123432058244	0.0477075444837	-0.0400638385473	-0.034663701352	-0.0180585394037	0.0244662390309	0.00221607756093	-0.0176454863561	0.0222189193597	-0.0133279026203	0.0391737710408	-0.0344509547619	-0.0433250177267	0.0324458831364	0.0115915400885	0.0101861998098	-0.00574331297359	0.0619821479771	0.00273028925786	0.0121879394746	-0.0162423114444	-0.0506897480002	-0.0260660334876	-0.0473723175152	-0.0398114197881	-0.0195125880123	-0.0506264282298	0.00580802790843	0.0383589412147	-0.00287607828954	-0.0521480955976	-0.0425408016367
k__Bacteria;p__Bacteroidetes;c__Bacteroidia;o__Bacteroidales;f__Rikenellaceae;g__Alistipes;s__Alistipes_finegoldii	-0.00332102768271	0.0378821521614	-0.0432634292918	-0.0405770507799	0.0208805994869	0.0243822755771	-0.0120377181799	-0.0273570659327	1.0	-0.0101119409317	-0.11398133962	-0.025981824277	-0.00544210702619	-0.0400892835516	-0.0263455936539	0.0270940842759	0.00745427174965	0.0161878500236	-0.0180134647745	0.0345154552487	-0.0155571113976	-0.0480634836958	-0.0381694588442	0.0160770628711	0.0795599137786	-0.0531944626864	-0.0227351270048	-0.0684662454591	0.05890225749	-0.016477012171	-0.0344034634119	-0.0334568827047	0.0424536063418	-0.0260006301858	0.00209118717634	0.0457309106743	-0.0345012794859	-0.029636725533	-0.000293241188634	0.0107918178674	0.00790715011852	-0.0264457827063	-0.0281086010303	0.0152807939878	-0.000536267240007	-0.00317127682387	0.0261799827532	-0.0356578012885	-0.0317387767672	0.0543493369782	-0.0293910425909	0.0423150502939	-0.0438489571742	-0.0455035951994	-0.0503456467717	-0.00652756290736	-0.0807394812136	-0.0303623950774	-0.0257766359709
k__Bacteria;p__Bacteroidetes;c__Bacteroidia;o__Bacteroidales;f__Porphyromonadaceae;g__Parabacteroides;s__Parabacteroides_distasonis	-0.00619831949711	0.024691049192	-0.0433404679619	0.000930237202785	-0.0218927558585	-0.0670279840679	0.0135182271318	-0.0169095981027	-0.0101119409317	1.0	-0.0210248563888	0.0435023254273	-0.0304341334311	-0.0207566572306	-0.0126292589962	-0.0107124680325	0.00890075430555	0.0101534324148	-0.0699058258362	-8.14435666123e-05	0.023230446585	-0.00911552040596	0.0321543590156	-0.0168234650356	-0.0603231958743	-0.0247527470685	-0.00519426568301	0.0145246960625	0.0288066937709	0.0978673897347	0.0453156578533	-0.0856998875464	0.00945285736625	-0.00215169565313	-0.0373384288529	-0.0101331375559	-0.015821492021	-0.00076016623746	0.0103112481244	-0.0391305243563	-0.0245397871481	-0.0124730332541	-0.0104473325703	0.0493200442052	-0.0846453645747	0.0281649065559	-0.00957394344522	-0.0114041279258	-0.0453955744943	-0.014829127126	-0.0521646408854	0.0188830908903	-0.0136042542939	-0.00158160870283	0.0415432415262	0.0147567588259	0.0672107866242	-0.047496834429	0.0465816225761
k__Bacteria;p__Bacteroidetes;c__Bacteroidia;o__Bacteroidales;f__Bacteroidaceae;g__Bacteroides;s__Bacteroides_thetaiotaomicron	0.000987424665066	-0.0253329459537	-0.0200996592609	-0.0352864625509	0.0578595880676	0.030424006557	-0.0642895616835	0.0682021191554	-0.11398133962	-0.0210248563888	1.0	-0.0131917354778	-0.0157597473002	0.0112848646033	0.0191358285975	-0.0577128183279	0.016878790204	-0.0186726983161	-0.0548578501322	0.0667442908943	-0.0261728249033	-0.0357441673209	0.0684024531654	-0.0306830214622	0.018305551684	-0.0469143207646	0.00405568520374	0.0073578106752	-0.0142692449616	0.01541487003	-0.0191073926659	-0.05808350367	0.000932208843266	-0.0131100883226	-0.000349815606435	-0.0241755790799	-0.0250130650715	0.0295642550122	0.0497204087654	0.0316686852751	-0.0394946297072	0.015601500297	-0.0541150259322	0.0191017095295	-0.0319695978454	0.0240976307753	-0.0254121759736	-0.0402033094123	0.000760598549865	-0.0601456403169	0.0281943205626	-0.00146433477025	-0.0585769956269	0.0255022550998	-0.0350134981867	-0.0225237859392	0.0315856702671	-0.0855259078794	0.0196962197358
k__Bacteria;p__Bacteroidetes;c__Bacteroidia;o__Bacteroidales;f__Bacteroidaceae;g__Bacteroides;s__Bacteroides_coprocola	0.0829791787493	0.0159461019762	0.0196151563516	-0.0677335773224	-0.0273805467496	-0.000605353772821	-0.051009874041	-0.013527018131	-0.025981824277	0.0435023254273	-0.0131917354778	1.0	0.00873992534007	0.00445223997656	0.0390014735144	0.0102393294087	0.0430237250321	-0.0237306222763	0.0625014494432	0.0332074885372	0.0227776703307	-0.0227473154	0.0829278131404	-0.0262917968149	-0.0441690153942	-0.0720294661996	-0.0329358005722	-0.0569739221979	-0.0248223250286	-0.0569598799715	0.019302938818	-0.0424555254737	0.0518036228718	-0.029710059341	0.0318642211669	-0.0327183118718	-0.0134095820182	-0.0407508269314	-0.030236649762	-0.0147754431813	-0.00951242887472	-0.0081487026186	-0.00532528335637	-0.0409699786065	-0.056771691069	-0.00887096168506	-0.0468354894983	-0.00603959536986	0.0977760816649	-0.0234590200587	0.0174667257573	0.00867041694903	-0.0263691047868	-0.0111806747255	0.0529296413271	-0.0608858717048	-0.0452419654537	-0.0458033882088	0.0823435205982
k__Bacteria;p__Bacteroidetes;c__Bacteroidia;o__Bacteroidales;f__Bacteroidaceae;g__Bacteroides;s__Bacteroides_cellulosilyticus	0.0305079540644	-0.0306170752379	-0.00271874617505	0.0132485609954	-0.0338991482259	-0.113006043784	0.0225476433545	-0.0261424218288	-0.00544210702619	-0.0304341334311	-0.0157597473002	0.00873992534007	1.0	-0.038159153914	-0.0359709528577	0.0557976749472	0.023746230029	0.0281996124571	-0.0265255625573	0.029840081666	-0.0291232865966	0.013258997711	0.0021078418384	0.0466113512638	-0.0322434928876	0.0333113040651	-0.0562241137865	-0.0954072762022	0.0516753502822	-0.043582843409	-0.0106473033609	0.00396414237166	0.02521369373	-0.0384739086088	-0.0493944406534	-0.117440625812	-0.0241419434075	-0.0247508589807	0.0339023182916	0.0291933098626	-0.0268074194803	-0.0214425845562	-0.0352535910066	0.0544479174447	-0.0219168907958	0.0716197062175	-0.0165693650656	0.0645767197371	-0.00659542832429	-0.0427734503873	0.0238150131762	-0.0183058288733	0.0372672052022	-0.0652178861743	-0.0355025113475	0.0110491832097	0.0694127160695	0.0258198782362	0.0141823672196
k__Bacteria;p__Bacteroidetes;c__Bacteroidia;o__Bacteroidales;f__Rikenellaceae;g__Alistipes;s__Alistipes_obesi	-0.00953219425677	-0.000631000798047	0.0526275791458	-0.0476064407707	-0.042223651448	-0.0106055932415	-0.00364863056763	-0.0220993196639	-0.0400892835516	-0.0207566572306	0.0112848646033	0.00445223997656	-0.038159153914	1.0	0.0324621468735	0.00775048788407	-0.0217105097605	0.0321844731082	-0.0451474085873	-0.0349077616031	-0.0262412611403	-0.0357130658382	0.0306653049419	-0.000111836753455	-0.00484787445395	-0.0106646037692	0.000610535928076	-0.0154789093297	-0.00740680022682	-0.0518794754579	-0.030995550152	0.00107294788278	-0.00170628289184	-0.00200959962427	0.0327910682956	-0.0136507045804	0.0747375238933	0.00220168873727	-0.027767693515	-0.0640281670545	-0.018673613425	-0.0135371202673	-0.024674909988	0.00902019726039	-0.0269773326061	0.00457854640716	0.00141418456634	-0.0155134429627	0.0335228671392	-0.00217208117469	-0.0167234580669	-0.0456134860549	0.0262648170981	0.0117703098344	-0.00493870382272	-0.00387102571373	0.00797025299178	-0.0218745108925	-0.0137188067273
k__Bacteria;p__Firmicutes;c__Clostridia;o__Clostridiales;f__Lachnospiraceae;g__;s__[Eubacterium]_rectale	-0.0287705220602	0.000251498301046	0.00189546427786	0.0416487999787	0.00533927106765	-0.0244984008214	0.01476795609	-0.00215360190115	-0.0263455936539	-0.0126292589962	0.0191358285975	0.0390014735144	-0.0359709528577	0.0324621468735	1.0	0.0131524498379	0.0549094590395	-0.0285984318729	-0.0581920143072	-0.021906562949	0.0384821237662	-0.00204067461575	-0.00343837126226	0.0236664926644	-0.00504008438462	-0.017909330912	0.0592454295809	-0.011200079902	0.00842610992444	0.0304044247421	-0.0455984967047	-0.00314419956304	0.0115839882345	-0.0197381399034	-0.029923586442	-0.0074633895598	-0.0340515427747	-0.0450151983131	0.004427949125	-0.0598559432248	0.0135405791043	-0.0133221029692	-0.0744305488306	0.00889197325413	-0.029487571592	0.00831444162474	0.00948592236165	0.00838015264905	0.0198830772178	0.0340229218203	-0.0172139426916	-0.0184105601333	0.01764948933	-0.0161600693696	-0.0132548435105	-0.0317033131967	-0.0242685616099	-0.00239842760336	-0.0281743608218
k__Bacteria;p__Bacteroidetes;c__Bacteroidia;o__Bacteroidales;f__Bacteroidaceae;g__Bacteroides;s__Bacteroides_plebeius	-0.0267152347074	-0.00102488097996	-0.00288614296202	0.0170644977016	-0.00783489405519	0.0120439307695	-0.0348002963864	-0.00866118222616	0.0270940842759	-0.0107124680325	-0.0577128183279	0.0102393294087	0.0557976749472	0.00775048788407	0.0131524498379	1.0	-0.00911832434546	0.0123759029281	0.0730132420639	-0.0244094643846	-0.0233405127919	-0.031505706011	-0.00275370834555	-0.0451399553478	-0.0369240886491	-0.0219282613154	-0.041278877836	-0.0195870298579	-0.00596348116792	-0.00271255572614	-0.0639952369336	0.00438969816373	-0.018183418341	0.0238643366092	-0.00465420158446	0.0127142390057	-0.0458854097685	-0.0481793847341	-0.0308392118239	-0.00950808628718	-0.0569420712101	-0.0169371428312	0.00932693744493	-0.0750049614303	0.00776665236805	0.00681497583723	0.0327802052384	0.0320796868594	-0.0486116114821	0.0611398586443	-0.0284511118209	-0.0435099019588	-0.0761638010726	0.0300290818244	0.0395889195115	-0.0136760652468	0.0251280634682	-0.0401839146099	0.0188405856101
k__Bacteria;p__Bacteroidetes;c__Bacteroidia;o__Bacteroidales;f__Bacteroidaceae;g__Bacteroides;s__Bacteroides_fragilis	-0.016127934447	-0.00742591138568	0.0653542450146	0.0225107500508	-0.0394623738367	-0.00498983010178	0.0156422617515	0.0102995836945	0.00745427174965	0.00890075430555	0.016878790204	0.0430237250321	0.023746230029	-0.0217105097605	0.0549094590395	-0.00911832434546	1.0	-0.0156023289025	-0.0700770959049	-0.0012523438673	-0.0237984233421	0.0853879346942	-0.0649038697654	0.0156142060531	-0.0563341747543	0.013825455849	-0.00222799197897	-0.0255859744536	0.00636349710545	0.0317087494096	-0.0058922706937	0.0272172228393	-0.0313914700358	0.0987599821195	-0.0509477716558	-0.0357781052582	0.0237046251721	0.0151814746349	0.0638457385908	-0.0111708142805	0.0484688780425	-0.0181915201761	-0.0570979946297	-0.016534379853	-0.0535012465196	-0.00573082648266	-0.0195704528811	-0.0111304463538	0.00564044851867	0.0156947395683	-0.0713262032871	-0.0111402434393	0.0126906031167	-0.0562468559235	0.000314656772209	-0.0644487159322	0.0269036823049	0.0237719516475	0.0174973986748
k__Bacteria;p__Proteobacteria;c__Betaproteobacteria;o__Burkholderiales;f__Sutterellaceae;g__Sutterella;s__Sutterella_wadsworthensis	0.0106378273577	0.0319649229269	0.0449008259934	-0.0540698378449	0.0263502406858	-0.00990436495913	-0.0277402562089	-0.0584660258054	0.0161878500236	0.0101534324148	-0.0186726983161	-0.0237306222763	0.0281996124571	0.0321844731082	-0.0285984318729	0.0123759029281	-0.0156023289025	1.0	-0.0182615149759	-0.0458079036856	0.00037649260845	-0.00966984380149	-0.0258533795274	0.00636415682135	-0.000212425917431	0.0380815647112	-0.0155495932899	0.0404201722817	-0.0182477110389	0.000718879338068	0.0339265297714	-0.00965022188444	-0.00455376446363	-0.0176878478874	-0.038313609476	-0.00817849393556	-0.0317848511212	0.040424135448	0.0470913712772	-0.05576917854	-0.0147116504021	0.00325126007948	0.00538019300108	-0.0600540422384	0.00110699309392	-0.0033714125454	0.0363364935346	-0.0138018591222	0.0636931281069	-0.00699052536813	0.0202950716487	0.0105407222106	-0.0271939282304	-0.0508061969539	-0.0606871925183	-0.00600595589622	0.00101122207825	0.0390600319046	-0.0592375596226
k__Bacteria;p__Bacteroidetes;c__Bacteroidia;o__Bacteroidales;f__Porphyromonadaceae;g__Barnesiella;s__Barnesiella_intestinihominis	-0.0057667552086	-0.0338726101211	-0.0156071528006	0.0665897506086	-0.0309079575991	0.00772905382207	-0.0290679546238	0.0196241093945	-0.0180134647745	-0.0699058258362	-0.0548578501322	0.0625014494432	-0.0265255625573	-0.0451474085873	-0.0581920143072	0.0730132420639	-0.0700770959049	-0.0182615149759	1.0	0.00701666656645	-0.0537972922075	0.0340810535122	-0.0138854378233	-0.0525165310969	0.00956375460926	0.0248067823223	0.0240969150093	-0.0606804890182	0.00289343084116	0.0140003272246	-0.0156694568135	-0.0104769919643	-0.00498454531599	-0.00960336577299	-0.0195699389677	-0.0345413039879	-0.045863747063	0.0110772616847	-0.0220659195953	-0.0136745410449	0.0279298795539	0.012779149834	0.0100611889038	-0.0223442734764	0.0388267656698	0.0398306469718	-0.0295472484421	-0.0217876778509	-0.0515508520579	-0.0475075845346	-0.0217775394399	-0.0398119496847	0.0135905092485	-0.00534731655424	0.00581255565285	0.0529080919464	0.00716529246107	-0.060549050775	0.0381697981994
k__Bacteria;p__Bacteroidetes;c__Bacteroidia;o__Bacteroidales;f__Odoribacteraceae;g__Odoribacter;s__Odoribacter_splanchnicus	-0.0746805664308	-0.00756308350319	-0.0394835819102	-0.0902359259259	0.0368832800441	-0.0790074218072	0.0212075499977	0.018925098933	0.0345154552487	-8.14435666123e-05	0.0667442908943	0.0332074885372	0.029840081666	-0.0349077616031	-0.021906562949	-0.0244094643846	-0.0012523438673	-0.0458079036856	0.00701666656645	1.0	-0.0537485618955	-0.0061019484795	0.0200100020128	-0.0584463237473	-0.00474066753179	-0.0660355239467	-0.0146934787743	0.0173418542672	-0.0078427671305	-0.0015532681522	0.0420971875849	-0.053987016887	-0.0281805345979	-0.000696371917291	-0.0466770651331	0.00706408821871	-0.0619379928134	-0.0272963220153	0.000697874535901	0.0412210625319	-0.0432942014854	-0.0172358058564	0.0562889517117	-0.0382436845375	0.0396259533345	-0.0510700141707	-0.0342843508972	-0.0273037841063	0.0104112690396	-0.0794675463862	0.0737393973036	-0.0419278542451	0.0589924653576	-0.00764802104748	0.0113911435974	-0.015161630514	-0.0410398731578	-0.0371265101867	0.0124941201978
k__Bacteria;p__Bacteroidetes;c__Bacteroidia;o__Bacteroidales;f__Bacteroidaceae;g__Bacteroides;s__Bacteroides_salyersiae	0.0345792250046	1.37773882612e-05	-0.00506159284959	0.0574086518217	-0.00270854102508	-0.0057902832713	-0.0200249798802	-0.032685870737	-0.0155571113976	0.023230446585	-0.0261728249033	0.0227776703307	-0.0291232865966	-0.0262412611403	0.0384821237662	-0.0233405127919	-0.0237984233421	0.00037649260845	-0.0537972922075	-0.0537485618955	1.0	0.0511445280524	-0.0370243628775	0.00195362472436	0.0091327096147	-0.0273668939603	-0.00559097678507	0.0266962391206	-0.0148425090136	-0.0273199296045	0.0188426533652	0.117441712713	-0.02326045431	0.00272248161294	0.03858743026	-0.00286040856629	0.0224319092746	0.00956249069421	-0.0868263378332	-0.021508848104	-0.00659267944873	0.0144528087892	-0.0239346941561	0.0111082172955	0.0198828524333	0.0626692509396	-0.0327727472775	-0.0456044867948	0.0034451040999	-0.00330129869899	-0.00870174094515	-0.0817804415953	0.0491334780724	0.0484225495117	0.0410475429842	-0.0109713567596	-0.0177809705707	-0.0675066767924	0.049161562966
k__Bacteria;p__Firmicutes;c__Clostridia;o__Clostridiales;f__Ruminococcaceae;g__Ruminiclostridium;s__[Eubacterium]_siraeum	-0.0060490887408	-0.0111359725024	-0.0341239221136	0.018399967243	-0.034647511349	0.00273144143283	0.0544287573696	-0.0177424456945	-0.0480634836958	-0.00911552040596	-0.0357441673209	-0.0227473154	0.013258997711	-0.0357130658382	-0.00204067461575	-0.031505706011	0.0853879346942	-0.00966984380149	0.0340810535122	-0.0061019484795	0.0511445280524	1.0	-0.0529263347869	0.0166208264558	-0.027837096122	0.0123823408692	-0.0115298834848	-0.0342858000415	0.00649626154282	-0.0781862727588	0.0271896089539	0.0170786202635	-0.0420746836842	0.0311494443873	-0.0143772133694	0.0255778798758	0.0215566581979	0.000757646730242	0.0201932807606	-0.00116369804236	-0.059333822891	0.027283660051	-0.0163216315718	-0.00677926989516	0.0327944926183	-0.0235279752565	-0.0360441767036	-0.0721442126882	-0.0655452885804	0.00215915416433	-0.0818598353594	0.0151450673844	0.00756119749462	-0.000284373207571	0.00612633269939	0.000458904159572	0.0364377846871	0.00247807764516	-0.0120295127024
k__Bacteria;p__Proteobacteria;c__Betaproteobacteria;o__Burkholderiales;f__Sutterellaceae;g__Parasutterella;s__Parasutterella_excrementihominis	0.000656024143342	0.0256710433676	-0.00167735542978	-0.0635413800867	-0.0555053881702	0.0182512319245	-0.00559801417938	0.0490147266791	-0.0381694588442	0.0321543590156	0.0684024531654	0.0829278131404	0.0021078418384	0.0306653049419	-0.00343837126226	-0.00275370834555	-0.0649038697654	-0.0258533795274	-0.0138854378233	0.0200100020128	-0.0370243628775	-0.0529263347869	1.0	-0.0326594351101	-0.0381540409188	-0.0563837970572	0.0155165602821	-0.0160944173336	-0.0402700016338	0.00458208722114	-0.0187694732685	0.0256941869619	-0.0144336546133	0.0235446068692	-0.0121628282946	0.0114609472634	-0.0926573850287	-0.0241424981486	0.021532440756	0.0208756870892	-0.0232402819771	-0.0164836312553	0.0157997283491	0.0294379195536	-0.00961030591349	-0.00449524846829	-0.0220892265038	0.0299749309882	-0.101377005175	-0.0254291600567	-0.0147385302891	-0.089950779107	0.0194022547513	-0.0322329356523	0.0213194984309	0.0205913173969	-0.0755590211878	0.028757446454	0.0257841379239
k__Bacteria;p__Actinobacteria;c__Actinobacteria;o__Bifidobacteriales;f__Bifidobacteriaceae;g__Bifidobacterium;s__Bifidobacterium_adolescentis	-0.037687380358	-0.0495407054493	-0.048847229023	0.0474013949003	0.00537280674226	-0.0164765926649	-0.0457990966285	0.0168063991142	0.0160770628711	-0.0168234650356	-0.0306830214622	-0.0262917968149	0.0466113512638	-0.000111836753455	0.0236664926644	-0.0451399553478	0.0156142060531	0.00636415682135	-0.0525165310969	-0.0584463237473	0.00195362472436	0.0166208264558	-0.0326594351101	1.0	0.0376575173273	-0.0108567445751	-0.00943898546231	-0.0183348369841	0.0229965352139	0.0175246894382	0.0497698945807	0.0154717656614	0.0504764963137	-0.0577778143772	-0.0473662519715	0.0187438948894	0.015700424666	0.0319263243098	-0.0249259021854	0.0375575720247	0.010700076072	-0.0211037389919	-0.0180579129495	0.0354009371269	-0.0195657641254	-0.0136662387353	0.0210784208136	-0.0272940596493	-0.00434320944736	0.0552772421079	-0.0607770985589	-0.0201541335941	-0.0217010140724	-0.0421241522424	-0.0267389586835	0.0127458835835	-0.0310135355747	0.0117006998927	-0.0155559558996
k__Bacteria;p__Firmicutes;c__Clostridia;o__Clostridiales;f__Oscillospiraceae;g__Oscillibacter;s__Oscillibacter_sp._KLE_1745	-0.0345533639551	-0.00460053414975	0.0274742163846	-0.112867012726	0.029630104219	-0.00400703261919	-0.0433628119891	0.0160021340413	0.0795599137786	-0.0603231958743	0.018305551684	-0.0441690153942	-0.0322434928876	-0.00484787445395	-0.00504008438462	-0.0369240886491	-0.0563341747543	-0.000212425917431	0.00956375460926	-0.00474066753179	0.0091327096147	-0.027837096122	-0.0381540409188	0.0376575173273	1.0	-0.040914729848	0.0122370252806	-0.0239845009795	-0.014615449429	0.0289640721809	-0.0105627734621	-0.0217936148024	0.0594893669866	0.0534334544913	-0.0415696075303	-0.0435721469769	-0.0238309197303	0.017175317997	0.0383454971033	-0.033373862819	-0.0551404689568	0.0938323167151	-0.0582200725465	-0.0421981289358	0.0681331926484	-0.00143325247306	-0.0648048366909	0.0481168799688	-0.0137292371793	0.00936469994272	0.0670440424689	-0.0237527911509	0.00725913817376	0.0315368537081	-0.0259150306098	0.0331451231713	0.0048008592757	0.0419415843286	-0.0516381267235
k__Bacteria;p__Bacteroidetes;c__Bacteroidia;o__Bacteroidales;f__Bacteroidaceae;g__Bacteroides;s__Bacteroides_coprophilus	-0.0426007191702	-0.00992779457989	-0.0344223379314	-0.0157076002074	0.0198980578537	0.0606383647389	-0.0669468646517	0.00181640068524	-0.0531944626864	-0.0247527470685	-0.0469143207646	-0.0720294661996	0.0333113040651	-0.0106646037692	-0.017909330912	-0.0219282613154	0.013825455849	0.0380815647112	0.0248067823223	-0.0660355239467	-0.0273668939603	0.0123823408692	-0.0563837970572	-0.0108567445751	-0.040914729848	1.0	-0.0222639567584	-0.0378307708234	0.00269311617064	0.0144994229986	-0.0421799561482	-0.0210846875872	-0.0628288629222	0.027884315391	0.0502964227451	0.03296421183	0.0289378630162	-0.0393213491439	0.0173784798113	0.00992420796293	0.0448574783273	-0.076541992666	-0.00133813365306	-0.0842282219965	-0.00733245886568	0.0216617188669	-0.00363895226653	0.0113625339152	-0.0161790403808	0.00767031398643	-0.0359766978047	-0.0273601550186	0.0245017440642	0.0551501405506	-0.0510108108317	0.0119252239633	-0.0544495049193	0.018873294244	-0.0307599293044
k__Bacteria;p__Firmicutes;c__Clostridia;o__Clostridiales;f__Lachnospiraceae;g__Roseburia;s__Roseburia_intestinalis	-0.0681500414006	0.0127210632198	-0.0105167901795	0.0227506756348	0.0163067126312	-0.0262549227137	-0.00460169458525	0.0536581432101	-0.0227351270048	-0.00519426568301	0.00405568520374	-0.0329358005722	-0.0562241137865	0.000610535928076	0.0592454295809	-0.041278877836	-0.00222799197897	-0.0155495932899	0.0240969150093	-0.0146934787743	-0.00559097678507	-0.0115298834848	0.0155165602821	-0.00943898546231	0.0122370252806	-0.0222639567584	1.0	0.0147957071108	-0.0121218539891	0.0211920216418	0.0192181075549	0.00549685791561	0.0064754254865	-0.049106073237	0.014715041502	-0.00578714848859	0.0670089112428	0.0131939830842	0.0443624507525	0.0396953988763	-0.0334215528711	-0.0190291835142	0.00792526528971	0.00105339836774	0.0231484155083	0.0265516570662	-0.0225528595767	-0.0256859569501	-0.0186126814456	-0.0320856497961	-0.0256554393468	-0.000178285186956	-0.050835921485	-0.05755996165	-0.0498976741419	0.015413575484	0.00287543762146	0.00203888160633	-0.0191867950245
k__Bacteria;p__Firmicutes;c__Clostridia;o__Clostridiales;f__Lachnospiraceae;g__Roseburia;s__Roseburia_hominis	0.00107348760623	-0.0266985261545	0.0100295881696	-0.0531957215701	0.00781634045025	0.0138493776999	0.0015231650427	0.0123432058244	-0.0684662454591	0.0145246960625	0.0073578106752	-0.0569739221979	-0.0954072762022	-0.0154789093297	-0.011200079902	-0.0195870298579	-0.0255859744536	0.0404201722817	-0.0606804890182	0.0173418542672	0.0266962391206	-0.0342858000415	-0.0160944173336	-0.0183348369841	-0.0239845009795	-0.0378307708234	0.0147957071108	1.0	0.00520901270393	-0.00391526450633	-0.046387193196	0.0168696967474	-0.0529538228851	-0.0681098122824	0.0136610897022	0.0683640216565	0.0177679090469	-0.0372921802245	-0.0274941752419	0.00501092597439	-0.0643977105083	0.00727160853926	-0.017393561516	0.0196332080743	0.0113794848002	-0.0144294403029	0.0245373256243	0.027326237803	0.00268595096112	-0.0347276707106	0.0187790250187	0.0254364349303	-0.0742821029538	0.0302284713291	0.0165884307108	-0.00750218737422	0.0581795481091	0.0447766927753	-0.0222957697008
k__Bacteria;p__Bacteroidetes;c__Bacteroidia;o__Bacteroidales;f__Porphyromonadaceae;g__Parabacteroides;s__Parabacteroides_johnsonii	-0.0194816240959	-0.0221662882077	-0.0398242106527	-0.0348309578304	-0.0211035006337	-0.00898874489618	-0.0118456237767	0.0477075444837	0.05890225749	0.0288066937709	-0.0142692449616	-0.0248223250286	0.0516753502822	-0.00740680022682	0.00842610992444	-0.00596348116792	0.00636349710545	-0.0182477110389	0.00289343084116	-0.0078427671305	-0.0148425090136	0.00649626154282	-0.0402700016338	0.0229965352139	-0.014615449429	0.00269311617064	-0.0121218539891	0.00520901270393	1.0	-0.041062010848	-0.0227007158757	-0.0300276120807	-0.030234627854	-0.00942665970985	-0.0509025195819	0.0145600079106	-0.0241102313192	-0.00587461250988	0.0264769205536	-0.00494964916918	-0.00985118946212	0.0299360828705	-0.038513154193	0.000478117537382	-0.0731215516422	0.00742980357812	-0.0215373167817	-0.000775623556711	-0.0136155971114	0.0429798730212	-0.0521495954228	0.0204260372872	-0.0213218181913	-0.019516847904	0.0107373345824	-0.0281019125597	0.00789262393393	0.00143081691459	-0.0495973088369
k__Bacteria;p__Actinobacteria;c__Actinobacteria;o__Bifidobacteriales;f__Bifidobacteriaceae;g__Bifidobacterium;s__Bifidobacterium_longum	-0.013998941637	0.0609908325399	-0.0437737841297	-0.0106304354762	-0.0284109571252	-0.0147697759746	-0.0265194412379	-0.0400638385473	-0.016477012171	0.0978673897347	0.01541487003	-0.0569598799715	-0.043582843409	-0.0518794754579	0.0304044247421	-0.00271255572614	0.0317087494096	0.000718879338068	0.0140003272246	-0.0015532681522	-0.0273199296045	-0.0781862727588	0.00458208722114	0.0175246894382	0.0289640721809	0.0144994229986	0.0211920216418	-0.00391526450633	-0.041062010848	1.0	0.041290286547	-0.0224556322327	-0.064255342605	0.0172002795407	0.00230294211607	-0.0316037568987	-0.0444675193844	-0.0446796198319	0.0429760492875	-0.0281158536766	0.0316387949923	0.00331712555202	0.0190792712187	-0.0342947297226	-0.0201331228453	-0.042384636742	-0.00838929118769	0.0121486328768	0.0534402504539	0.0377602757429	0.0132072178468	-0.00714448816698	0.0142000477718	-0.0148364811214	0.0281057386615	0.0657075690004	-0.0481140687934	-0.0148727256715	-0.0218370010069
