#taxonomy	k__Bacteria;p__Bacteroidetes;c__Bacteroidia;o__Bacteroidales;f__Bacteroidaceae;g__Bacteroides;s__Bacteroides_vulgatus	k__Bacteria;p__Bacteroidetes;c__Bacteroidia;o__Bacteroidales;f__Bacteroidaceae;g__Bacteroides;s__Bacteroides_uniformis	k__Bacteria;p__Bacteroidetes;c__Bacteroidia;o__Bacteroidales;f__Rikenellaceae;g__Alistipes;s__Alistipes_putredinis	k__Bacteria;p__Bacteroidetes;c__Bacteroidia;o__Bacteroidales;f__Prevotellaceae;g__Prevotella;s__Prevotella_copri	k__Bacteria;p__Bacteroidetes;c__Bacteroidia;o__Bacteroidales;f__Bacteroidaceae;g__Bacteroides;s__Bacteroides_stercoris	k__Bacteria;p__Bacteroidetes;c__Bacteroidia;o__Bacteroidales;f__Bacteroidaceae;g__Bacteroides;s__Bacteroides_ovatus	k__Bacteria;p__Bacteroidetes;c__Bacteroidia;o__Bacteroidales;f__Rikenellaceae;g__Alistipes;s__Alistipes_shahii	k__Bacteria;p__Firmicutes;c__Clostridia;o__Clostridiales;f__Ruminococcaceae;g__Faecalibacterium;s__Faecalibacterium_prausnitzii	k__Bacteria;p__Bacteroidetes;c__Bacteroidia;o__Bacteroidales;f__Rikenellaceae;g__Alistipes;s__Alistipes_finegoldii	k__Bacteria;p__Bacteroidetes;c__Bacteroidia;o__Bacteroidales;f__Porphyromonadaceae;g__Parabacteroides;s__Parabacteroides_distasonis	k__Bacteria;p__Bacteroidetes;c__Bacteroidia;o__Bacteroidales;f__Bacteroidaceae;g__Bacteroides;s__Bacteroides_thetaiotaomicron	k__Bacteria;p__Bacteroidetes;c__Bacteroidia;o__Bacteroidales;f__Bacteroidaceae;g__Bacteroides;s__Bacteroides_coprocola	k__Bacteria;p__Bacteroidetes;c__Bacteroidia;o__Bacteroidales;f__Bacteroidaceae;g__Bacteroides;s__Bacteroides_cellulosilyticus	k__Bacteria;p__Bacteroidetes;c__Bacteroidia;o__Bacteroidales;f__Rikenellaceae;g__Alistipes;s__Alistipes_obesi	k__Bacteria;p__Firmicutes;c__Clostridia;o__Clostridiales;f__Lachnospiraceae;g__;s__[Eubacterium]_rectale	k__Bacteria;p__Bacteroidetes;c__Bacteroidia;o__Bacteroidales;f__Bacteroidaceae;g__Bacteroides;s__Bacteroides_plebeius	k__Bacteria;p__Bacteroidetes;c__Bacteroidia;o__Bacteroidales;f__Bacteroidaceae;g__Bacteroides;s__Bacteroides_fragilis	k__Bacteria;p__Proteobacteria;c__Betaproteobacteria;o__Burkholderiales;f__Sutterellaceae;g__Sutterella;s__Sutterella_wadsworthensis	k__Bacteria;p__Bacteroidetes;c__Bacteroidia;o__Bacteroidales;f__Porphyromonadaceae;g__Barnesiella;s__Barnesiella_intestinihominis	k__Bacteria;p__Bacteroidetes;c__Bacteroidia;o__Bacteroidales;f__Odoribacteraceae;g__Odoribacter;s__Odoribacter_splanchnicus	k__Bacteria;p__Bacteroidetes;c__Bacteroidia;o__Bacteroidales;f__Bacteroidaceae;g__Bacteroides;s__Bacteroides_salyersiae	k__Bacteria;p__Firmicutes;c__Clostridia;o__Clostridiales;f__Ruminococcaceae;g__Ruminiclostridium;s__[Eubacterium]_siraeum	k__Bacteria;p__Proteobacteria;c__Betaproteobacteria;o__Burkholderiales;f__Sutterellaceae;g__Parasutterella;s__Parasutterella_excrementihominis	k__Bacteria;p__Actinobacteria;c__Actinobacteria;o__Bifidobacteriales;f__Bifidobacteriaceae;g__Bifidobacterium;s__Bifidobacterium_adolescentis	k__Bacteria;p__Firmicutes;c__Clostridia;o__Clostridiales;f__Oscillospiraceae;g__Oscillibacter;s__Oscillibacter_sp._KLE_1745	k__Bacteria;p__Bacteroidetes;c__Bacteroidia;o__Bacteroidales;f__Bacteroidaceae;g__Bacteroides;s__Bacteroides_coprophilus	k__Bacteria;p__Firmicutes;c__Clostridia;o__Clostridiales;f__Lachnospiraceae;g__Roseburia;s__Roseburia_intestinalis	k__Bacteria;p__Firmicutes;c__Clostridia;o__Clostridiales;f__Lachnospiraceae;g__Roseburia;s__Roseburia_hominis	k__Bacteria;p__Bacteroidetes;c__Bacteroidia;o__Bacteroidales;f__Porphyromonadaceae;g__Parabacteroides;s__Parabacteroides_johnsonii	k__Bacteria;p__Actinobacteria;c__Actinobacteria;o__Bifidobacteriales;f__Bifidobacteriaceae;g__Bifidobacterium;s__Bifidobacterium_longum	k__Bacteria;p__Firmicutes;c__Clostridia;o__Clostridiales;f__;g__Flavonifractor;s__Flavonifractor_plautii	k__Bacteria;p__Firmicutes;c__Clostridia;o__Clostridiales;f__Clostridiaceae;g__Clostridium;s__Clostridium_phoceensis	k__Bacteria;p__Verrucomicrobia;c__Verrucomicrobiae;o__Verrucomicrobiales;f__Akkermansiaceae;g__Akkermansia;s__Akkermansia_muciniphila	k__Bacteria;p__Bacteroidetes;c__Bacteroidia;o__Bacteroidales;f__Prevotellaceae;g__Paraprevotella;s__Paraprevotella_xylaniphila	k__Bacteria;p__Firmicutes;c__Clostridia;o__Clostridiales;f__Ruminococcaceae;g__Ruminococcus;s__Ruminococcus_callidus	k__Bacteria;p__Bacteroidetes;c__Bacteroidia;o__Bacteroidales;f__Rikenellaceae;g__Alistipes;s__Alistipes_senegalensis	k__Bacteria;p__Firmicutes;c__Clostridia;o__Clostridiales;f__Lachnospiraceae;g__Blautia;s__Blautia_sp._KLE_1732	k__Bacteria;p__Bacteroidetes;c__Bacteroidia;o__Bacteroidales;f__Bacteroidaceae;g__Bacteroides;s__Bacteroides_oleiciplenus	k__Bacteria;p__Firmicutes;c__Clostridia;o__Clostridiales;f__Ruminococcaceae;g__Ruminococcus;s__Ruminococcus_bicirculans	k__Bacteria;p__Bacteroidetes;c__Bacteroidia;o__Bacteroidales;f__Bacteroidaceae;g__Bacteroides;s__Bacteroides_fluxus	k__Bacteria;p__Bacteroidetes;c__Bacteroidia;o__Bacteroidales;f__Prevotellaceae;g__Prevotella;s__Prevotella_stercorea	k__Bacteria;p__Firmicutes;c__Clostridia;o__Clostridiales;f__Lachnospiraceae;g__Dorea;s__Dorea_longicatena	k__Bacteria;p__Firmicutes;c__Clostridia;o__Clostridiales;f__Eubacteriaceae;g__Eubacterium;s__[Eubacterium]_eligens	k__Bacteria;p__Firmicutes;c__Clostridia;o__Clostridiales;f__Ruminococcaceae;g__;s__Ruminococcaceae_bacterium_D16	k__Bacteria;p__Firmicutes;c__Clostridia;o__Clostridiales;f__Lachnospiraceae;g__Coprococcus;s__Coprococcus_comes	k__Bacteria;p__Proteobacteria;c__Gammaproteobacteria;o__Enterobacterales;f__Enterobacteriaceae;g__Escherichia;s__Escherichia_coli	k__Bacteria;p__Firmicutes;c__Clostridia;o__Clostridiales;f__Ruminococcaceae;g__Anaerotruncus;s__Anaerotruncus_colihominis	k__Bacteria;p__Firmicutes;c__Clostridia;o__Clostridiales;f__Lachnospiraceae;g__Blautia;s__Blautia_obeum	k__Bacteria;p__Bacteroidetes;c__Bacteroidia;o__Bacteroidales;f__Odoribacteraceae;g__Odoribacter;s__Odoribacter_laneus	k__Bacteria;p__Firmicutes;c__Clostridia;o__Clostridiales;f__Ruminococcaceae;g__Ruminiclostridium;s__[Clostridium]_leptum	k__Bacteria;p__Bacteroidetes;c__Bacteroidia;o__Bacteroidales;f__Porphyromonadaceae;g__Parabacteroides;s__Parabacteroides_goldsteinii	k__Bacteria;p__Firmicutes;c__Clostridia;o__Clostridiales;f__Lachnospiraceae;g__Anaerostipes;s__Anaerostipes_hadrus	k__Bacteria;p__Firmicutes;c__Clostridia;o__Clostridiales;f__Ruminococcaceae;g__Ruminococcus;s__Ruminococcus_lactaris	k__Bacteria;p__Firmicutes;c__Clostridia;o__Clostridiales;f__Clostridiaceae;g__Clostridium;s__Clostridium_sp._L2-50	k__Bacteria;p__Firmicutes;c__Clostridia;o__Clostridiales;f__Clostridiaceae;g__Clostridium;s__Clostridium_sp._M62/1	k__Bacteria;p__Firmicutes;c__Clostridia;o__Clostridiales;f__;g__Intestinimonas;s__Intestinimonas_butyriciproducens	k__Bacteria;p__Actinobacteria;c__Actinobacteria;o__Bifidobacteriales;f__Bifidobacteriaceae;g__Bifidobacterium;s__Bifidobacterium_bifidum	k__Bacteria;p__Firmicutes;c__Negativicutes;o__Veillonellales;f__Veillonellaceae;g__Dialister;s__Dialister_invisus	k__Bacteria;p__Bacteroidetes;c__Bacteroidia;o__Bacteroidales;f__Bacteroidaceae;g__Bacteroides;s__Bacteroides_salanitronis
k__Bacteria;p__Bacteroidetes;c__Bacteroidia;o__Bacteroidales;f__Bacteroidaceae;g__Bacteroides;s__Bacteroides_vulgatus	1.0	-0.0250272560989	-0.0230270144523	-0.0254076169313	0.0079817181864	0.0400619461666	0.00701316253729	-0.0287258889046	-0.00459740982362	-0.0206509887609	-0.029398399032	0.0451895437642	-0.0455281049341	-0.047854716626	-0.00539671597183	-0.051571030402	-0.0140653333527	0.0449232754345	0.00147289689563	0.000724397647303	-0.0337124764007	0.0150505453265	0.0218270761477	0.0703913077143	0.0618731413086	0.0258509153212	0.00340873998124	-0.0183354814655	-0.0318144476981	-0.0206990191094	-0.0340589680846	0.000364771915946	0.0248758217953	-0.0335789964639	0.0429335248685	0.0379208121021	-0.0141405024728	-0.0651801292631	-0.0581674559548	0.0134514790375	0.0187334042	-0.0506399660459	-0.00705915448082	0.00338228521166	-0.0203678382246	0.00306854600829	-0.00522980343775	-0.0349749535878	0.00990439226767	-0.0139247043464	0.00400729042344	-0.0295235071751	0.0184401421837	0.0492345964597	0.0167937674052	-0.0700078536709	0.0473524452718	-0.0498748234109	-0.0727322535701
k__Bacteria;p__Bacteroidetes;c__Bacteroidia;o__Bacteroidales;f__Bacteroidaceae;g__Bacteroides;s__Bacteroides_uniformis	-0.0250272560989	1.0	-0.0442195589489	-0.000457487629888	-0.0187283167226	-0.0224679050137	-0.024891362232	-0.00724495212252	-0.0292834054399	4.06238763019e-05	-0.0447588469057	-0.0122258307634	-0.0158524033302	0.0959138770672	-0.0533608760143	-0.0227698191875	0.0237785636344	-0.0892208030167	-0.00438579006685	-0.0345031400072	0.0150045677635	-0.030908280683	-0.0407453079092	0.0251052556517	-0.0197014123287	0.0224524561484	-0.0328423883803	0.00570015153341	0.0119942334608	-0.055587341325	-0.0454685139439	0.0411869401721	-0.0780374033311	-0.00463509061354	-0.0166102026708	0.0122203441616	0.0540194291555	0.0155651274485	-0.0160088211024	-0.018296201067	0.0469400280967	0.00561622701029	-0.0297106159824	-0.00257002756787	-0.0931098770518	-0.0128723736067	-0.00585734586486	0.0348744494099	-0.0177927182069	0.0191803399946	-0.0370050913551	0.00562839543061	-0.0580680685792	-0.0238289709021	-0.024434637028	-0.0208859458192	-0.0072804919962	-0.0210271625891	0.0320658402989
k__Bacteria;p__Bacteroidetes;c__Bacteroidia;o__Bacteroidales;f__Rikenellaceae;g__Alistipes;s__Alistipes_putredinis	-0.0230270144523	-0.0442195589489	1.0	-0.0217904963548	-0.0166535436254	-0.0173044495739	0.0237424172166	0.00101292398401	0.0667806093372	-0.00637410834884	-0.0052039782842	0.0419648367259	0.0644621376274	0.0244846044579	0.0598186984091	-0.0533280569639	0.0118626538781	-0.064082053631	0.0733579919328	-0.00907975056983	-0.0859620168911	-0.0135993569402	0.0304649245403	0.0362458705246	-0.0306827860779	-0.0319176190499	-0.0374721300927	0.0086504090465	0.0142752466484	0.0430287733821	0.00975036867797	-0.068192640882	0.0107937646171	0.00549656691157	0.0244810886754	-0.0231856523516	0.0155078735218	-0.0432107701734	-0.0585855101786	0.0280501958431	0.0156258034834	0.018542711288	-0.0154915047571	0.00715436337102	0.00357405047271	-0.0485042129413	-0.0321673257187	-0.0156554965873	0.00248244095817	0.0118219614027	-0.00702674706696	-0.0366271651821	-0.0578224500796	-0.0600819794795	0.0426209721782	-0.0436364314478	-0.00584651813692	0.012522158205	-0.0904954530325
k__Bacteria;p__Bacteroidetes;c__Bacteroidia;o__Bacteroidales;f__Prevotellaceae;g__Prevotella;s__Prevotella_copri	-0.0254076169313	-0.000457487629888	-0.0217904963548	1.0	-0.0664005806345	0.00435928890536	-0.0318150123216	0.0207589567767	-0.0285794948957	-0.039727560695	-0.0485468125863	-0.00680342527156	-0.105432001193	-0.0368124320772	-0.029293304518	0.0097029766598	-0.0422407615443	-0.0398072323712	-0.011053844813	0.0538548579693	0.0403115566175	-0.0061349893634	-0.0504316833389	0.0629921862954	0.00405976568973	0.010354832511	0.0286464561508	-0.00783821720182	-0.0499256665743	-0.0244699594189	0.0156801287517	0.0465731761521	-0.0881645371338	0.0389645738357	0.0306007672413	-0.066259881799	0.0270475716409	-0.0351115863541	0.0260678178705	-0.0207837724894	0.0229219451197	-0.00643779377505	0.0147010750315	0.0340309984962	-0.0387532457942	-0.00288806872953	0.00601468058752	-0.0649552524934	0.0114609069589	-0.0157477234387	0.00967729398132	-0.00744493940698	-0.0358490954208	-0.0479951062821	0.0464310601594	0.0115198988548	0.0141099369688	-0.0349630077634	-0.0269057419174
k__Bacteria;p__Bacteroidetes;c__Bacteroidia;o__Bacteroidales;f__Bacteroidaceae;g__Bacteroides;s__Bacteroides_stercoris	0.0079817181864	-0.0187283167226	-0.0166535436254	-0.0664005806345	1.0	-0.0209083228865	0.0130927192592	0.0001129349542	0.00637243376763	-0.0190723979679	0.047396018164	-0.0411828897999	-0.0790443216143	-0.0324108672446	-0.0504441949315	-0.0268313366084	0.0143934221419	-0.0375390437684	-0.0173267651337	-0.0378949814825	-0.0131814827029	-0.0284210483156	-0.0782273373117	-0.029532594644	-0.000243314045001	-0.00447720084744	0.0397224284903	-0.0142624533422	0.0114547336488	0.0972474639418	0.0177347798285	0.0284752270215	-0.0512711938401	0.0141261048804	0.0410150881797	-0.00639805372302	-0.0541019313304	0.00938084649358	-0.00211267888884	0.00557076658555	-0.0770919077242	0.0173075179101	-0.0166572830771	-0.000459886252508	-0.0188706606122	0.0855922909799	-0.00917711518686	0.0571965776526	-0.0280447781742	-0.0535061883173	-0.0220756016471	-0.0029577904273	0.00363698035825	0.0242578937236	-0.0209003647971	0.0393823730629	-0.041340020442	-0.00751807931171	-0.0165970935523
k__Bacteria;p__Bacteroidetes;c__Bacteroidia;o__Bacteroidales;f__Bacteroidaceae;g__Bacteroides;s__Bacteroides_ovatus	0.0400619461666	-0.0224679050137	-0.0173044495739	0.00435928890536	-0.0209083228865	1.0	0.00343242022882	0.0110423192075	-0.000150836571891	0.0176322146789	-0.079109846772	0.0290295166745	-0.0233504614725	-0.0371082948008	0.0181581691874	0.00805542270399	0.0302911799964	-0.0376063954979	0.00326641453441	-0.0169157780548	0.00771952007849	-0.0318042780228	-0.00662798420351	0.0250552244863	-0.0877870244804	0.0338300281782	-0.0490131149365	-0.0344600467267	0.054434874679	0.0412177219124	-0.0635130694933	0.00144612017427	-0.0190695191586	-0.0010453885366	0.0166986867697	-0.00874397285879	-0.0454503953198	0.039633810335	-0.00480187861766	-0.0284476594568	-0.0375390601489	0.00771500413119	-0.0178514655805	0.00887990887414	0.00392634323971	-0.0501892584116	0.012658109937	0.0169582969883	0.0239392390407	-0.0223046442344	-0.0425526925745	0.0153897012214	-0.0319232737499	-0.0798813148697	0.0164778297865	-0.022527985709	0.00466218769058	-0.0370186099154	-0.0756071952061
k__Bacteria;p__Bacteroidetes;c__Bacteroidia;o__Bacteroidales;f__Rikenellaceae;g__Alistipes;s__Alistipes_shahii	0.00701316253729	-0.024891362232	0.0237424172166	-0.0318150123216	0.0130927192592	0.00343242022882	1.0	-0.0161942099773	-0.0469916427107	-0.0648638813638	-0.0542713513534	-0.0475746407443	-0.00245338804593	0.0217586602673	-0.0410822998775	-0.0532726370298	0.0493631885467	0.0102715737856	-0.0539411519581	-0.0278609898623	0.0133170092762	0.00498984959811	-0.0364982491436	-0.0399006810755	-0.00394082215639	-0.0333264662932	-0.0113731851114	0.00947100207675	-0.0452587686553	0.0498069843612	0.0370910471595	-0.0470544402798	0.0335867313338	-0.0563156746022	-0.00842367249432	0.0143151160632	-0.0238948225532	-0.0181410881595	0.0284515501234	0.0194133725395	-0.0712845394889	-0.0173872901927	0.0543959723541	-0.0433769061838	-0.0385834767716	0.01586570892	0.00593622024302	-0.0101444558748	-0.0136192656373	0.0522717530372	0.0540070774936	0.0622217795491	-0.0229464272513	-0.0245681968253	0.0319490427749	0.0080533906965	-0.0190154210288	0.0434084015353	-0.0803516714139
k__Bacteria;p__Firmicutes;c__Clostridia;o__Clostridiales;f__Ruminococcaceae;g__Faecalibacterium;s__Faecalibacterium_prausnitzii	-0.0287258889046	-0.00724495212252	0.00101292398401	0.0207589567767	0.0001129349542	0.0110423192075	-0.0161942099773	1.0	-0.0325027314218	-0.0725126934541	0.0462984712894	-0.0122061218343	0.0506390318542	-0.0380510673284	0.00214312121711	-0.0203608958655	0.00862958137893	-0.0389927174814	-0.0108910327577	0.0306065240433	-0.0251952604188	-0.0299560270423	-0.0558667693754	-0.0452546453035	-0.0376098054799	-0.0327791037703	-0.0561896940053	-0.00816142485227	0.0531216206443	0.0182124886301	0.00451482549117	-0.00286573592752	-0.0111500585994	-0.0155311787659	-0.0260441028123	-0.00565695354711	-0.0486786261157	0.0823043559715	0.0012394677981	0.0516188634927	0.00976969017433	-0.0410319736203	0.004660340175	-0.0104146645425	0.01374276687	0.0328805921906	-0.000743757361137	0.0276461461851	-0.00258299848054	-0.0208116418307	0.0544070368803	0.0617145486849	0.00461121710788	0.0110409502482	-0.0214032576286	0.0442623376247	-0.0488365457202	-0.0452929400355	-0.00531401855531
k__Bacteria;p__Bacteroidetes;c__Bacteroidia;o__Bacteroidales;f__Rikenellaceae;g__Alistipes;s__Alistipes_finegoldii	-0.00459740982362	-0.0292834054399	0.0667806093372	-0.0285794948957	0.00637243376763	-0.000150836571891	-0.0469916427107	-0.0325027314218	1.0	-0.0241755362572	0.0250610148976	-0.0382740304706	-0.0394061390345	-0.0241468151233	0.0217987378735	0.010763949487	8.57041441779e-05	-0.00864362235864	-0.0219447529475	-0.0221557954759	-0.0133177721584	0.0122852774591	-0.0518630201337	-0.0309935688599	-0.0190450810734	0.0331856647643	0.0121022968347	0.00920563088593	-0.0387808669504	0.0162450070145	0.0284504535111	0.0253477935571	-0.00323425775234	0.0183067860875	0.00700720937577	-0.0971957505048	-0.0549000599403	-0.0236095559689	-0.0320628368694	0.0167517194332	-0.0401007868647	0.0431504838468	-0.0551047078627	0.00208486351597	-0.0202506472646	-0.0519952113848	0.0108342914346	-0.0511389173233	0.00715775257372	0.0444257251299	-0.025146903897	0.0263026940469	0.00109565116901	0.0437107946684	0.0595239369155	0.0515154950139	0.0257572037386	-0.0472771441821	0.0124809026991
k__Bacteria;p__Bacteroidetes;c__Bacteroidia;o__Bacteroidales;f__Porphyromonadaceae;g__Parabacteroides;s__Parabacteroides_distasonis	-0.0206509887609	4.06238763019e-05	-0.00637410834884	-0.039727560695	-0.0190723979679	0.0176322146789	-0.0648638813638	-0.0725126934541	-0.0241755362572	1.0	-0.0466605559215	-0.0348790225371	0.0122512473698	0.0162971146962	0.0390606577071	0.0230192429111	-0.0543954578163	0.0136037028103	0.00625111498431	-0.0149349459028	0.0129532808999	0.022518394486	-0.0675367068647	0.00555710788232	-0.00516533798262	-0.00937814301452	-0.00406655218074	-0.00459713584731	0.013377304129	-0.0177723971119	-0.0289776661732	-0.0154468689843	-0.013284098275	-0.0488012796034	-0.0187546415056	-0.0356504095887	0.0578874400622	0.026465075884	-0.0247817235145	-0.00454839298558	0.0295822218329	0.0295410067178	0.0721907603862	-0.000324677795063	-0.031179358503	0.0252027201427	-0.0140583821202	0.0114937194397	-0.00492484257561	-0.0259594560574	-0.03332152461	-0.00799925992124	0.0074511778874	-0.0271290283862	0.0251290251697	-0.0156837632075	0.059446278333	0.0235018123768	0.0213919133776
k__Bacteria;p__Bacteroidetes;c__Bacteroidia;o__Bacteroidales;f__Bacteroidaceae;g__Bacteroides;s__Bacteroides_thetaiotaomicron	-0.029398399032	-0.0447588469057	-0.0052039782842	-0.0485468125863	0.047396018164	-0.079109846772	-0.0542713513534	0.0462984712894	0.0250610148976	-0.0466605559215	1.0	0.0118096289583	-0.0176589858483	-0.0170622015384	-0.0256179414337	0.0604289048033	-0.0144814621499	-0.0845073110543	-0.0337452273248	0.00233520059619	0.0450857169078	0.00210462699114	-0.00942213255672	-0.0240057170808	0.0595565914672	0.005164989062	0.0237112065436	0.0354187285959	0.0331879823512	-0.0207178921084	0.0380686677155	0.01943492104	0.00599072429582	-0.0571848705096	-0.0512399462015	-0.0561776423567	-0.0166487629567	-0.0700699139104	-0.0294856462878	0.0191870863356	-0.00665556486838	0.0595896639742	-0.0431787532073	-0.0330306097046	-0.0103727939782	0.000574715011785	0.0058816810916	0.0516231924035	0.0132451696493	-0.0302347850871	0.00149982322272	0.0457365311899	-0.07728415788	-0.028721389794	0.0301251077951	-0.0359876206718	0.0370542306904	0.0203498227332	-0.0332345685919
k__Bacteria;p__Bacteroidetes;c__Bacteroidia;o__Bacteroidales;f__Bacteroidaceae;g__Bacteroides;s__Bacteroides_coprocola	0.0451895437642	-0.0122258307634	0.0419648367259	-0.00680342527156	-0.0411828897999	0.0290295166745	-0.0475746407443	-0.0122061218343	-0.0382740304706	-0.0348790225371	0.0118096289583	1.0	0.00301866487681	0.00129554897192	0.00618147077286	-0.0768161776714	0.00575014176484	-0.0412105835175	-0.0117750187736	-0.0406986597431	0.0532530713113	-0.0511613970094	-0.020105176004	-0.0234595254732	0.0415908541738	-0.0407795875106	0.0139054993712	0.0244973407622	0.00145183939938	-0.0186899971985	-0.00486822238474	-0.0158355609916	0.0231871327353	-0.00122624354973	-0.043304919324	-2.24080300559e-05	-0.0269297900817	0.0636437573862	-0.0340165905569	0.0423891795684	-0.0209356613299	0.000928281409295	0.0247203692926	0.0228891812045	-0.0450657689997	-0.0285712187067	0.0300764004626	-0.013272667419	-0.0252177418642	-0.071449961585	-0.0533089786685	0.0319264951123	-0.0513758785704	0.010104512234	-0.00474685165969	0.0505245786583	0.0250060076919	-0.038178864086	0.00436110845627
k__Bacteria;p__Bacteroidetes;c__Bacteroidia;o__Bacteroidales;f__Bacteroidaceae;g__Bacteroides;s__Bacteroides_cellulosilyticus	-0.0455281049341	-0.0158524033302	0.0644621376274	-0.105432001193	-0.0790443216143	-0.0233504614725	-0.00245338804593	0.0506390318542	-0.0394061390345	0.0122512473698	-0.0176589858483	0.00301866487681	1.0	-0.00880298411369	0.0208878600517	0.0591913814241	0.00602389390801	0.00788319318763	-0.0390887738669	-0.0236266332177	-0.0276361598966	-0.0236246815542	0.0393052779479	0.0807298923189	-0.0539854774255	-0.0202116587381	-0.00769762470912	-0.0242535857957	-0.0233536908294	-0.000804156548394	0.0147312037121	-0.0609041250771	0.0421654037546	-0.0198993861004	0.0685514262197	-0.00967183575305	-0.0135087669843	-0.00863877314159	0.0202087539699	0.018613114225	0.0634541499323	0.0213736914781	0.010559552532	0.000348075167326	-0.0228816000562	-0.0236749553531	-0.00602182462083	-0.0623713834454	-0.0170741652578	-0.0272607320443	-0.002361848272	-0.0416199482572	-0.0565286268412	0.0212645165869	-0.0254437417482	-0.00214233501753	-0.04791738102	0.0175043209927	0.00442902308609
k__Bacteria;p__Bacteroidetes;c__Bacteroidia;o__Bacteroidales;f__Rikenellaceae;g__Alistipes;s__Alistipes_obesi	-0.047854716626	0.0959138770672	0.0244846044579	-0.0368124320772	-0.0324108672446	-0.0371082948008	0.0217586602673	-0.0380510673284	-0.0241468151233	0.0162971146962	-0.0170622015384	0.00129554897192	-0.00880298411369	1.0	0.0158433413926	0.0263925385013	0.0750965996765	0.00484469541281	0.0113321677043	-0.0577816625065	0.0168319523786	-0.0656028014879	0.022173295091	-0.0400435541729	-0.0843800524154	-0.056650654092	0.034934324516	-0.00766458320848	0.00825097893027	0.0277102691943	-0.00616258739096	-0.00891112216642	0.014324018221	0.0937042598495	-0.00535431848388	0.0256806376909	0.0267882861448	-0.0560042101494	-0.0247576996575	-0.0606526232533	0.0444490537776	-0.0628844719497	-0.0193526783776	0.0659342419609	-0.0149664159259	0.0630106905226	-0.0473967967901	-0.0081836498724	0.0375293662776	-0.0151484736471	-0.0196098305396	-0.0594888518422	-0.084614247335	-0.0278353814164	-0.0283719444359	-0.0221115045067	-0.0318387112408	-0.0338692423092	-0.0191706797998
k__Bacteria;p__Firmicutes;c__Clostridia;o__Clostridiales;f__Lachnospiraceae;g__;s__[Eubacterium]_rectale	-0.00539671597183	-0.0533608760143	0.0598186984091	-0.029293304518	-0.0504441949315	0.0181581691874	-0.0410822998775	0.00214312121711	0.0217987378735	0.0390606577071	-0.0256179414337	0.00618147077286	0.0208878600517	0.0158433413926	1.0	-0.0160054187567	-0.042505030559	0.0480939679923	-0.00350445774048	-0.0377833808268	-0.0244007152273	0.01107762502	-0.00723920594737	-0.0276134042078	-0.0277610342897	-0.0881825119354	-0.00158738323523	0.00108433912718	-0.00351314651814	-0.0147837592264	-0.0148451269237	0.00728895014233	0.0251849723698	0.0588221430134	-0.00208826798117	-0.0283544478588	0.0185178680908	0.00367801080421	-0.0303429552868	0.0112986453461	0.00653261057547	-0.0738728954822	-0.0471536054736	0.00202402208656	0.00359141266346	-0.0498754390209	-0.0132895128156	0.0309431039403	-0.00546002736363	0.0105947631244	0.00846311128073	-0.0545660470193	0.0617352405081	-0.0215743630085	0.05432965288	0.0465156165879	-0.0586519595466	-0.0256651545969	-0.0197845012742
k__Bacteria;p__Bacteroidetes;c__Bacteroidia;o__Bacteroidales;f__Bacteroidaceae;g__Bacteroides;s__Bacteroides_plebeius	-0.051571030402	-0.0227698191875	-0.0533280569639	0.0097029766598	-0.0268313366084	0.00805542270399	-0.0532726370298	-0.0203608958655	0.010763949487	0.0230192429111	0.0604289048033	-0.0768161776714	0.0591913814241	0.0263925385013	-0.0160054187567	1.0	-0.0115151452896	0.0103561026188	-0.0543512296266	-0.00734986439804	-0.0725075852936	0.0354268538895	-0.00663456557949	-0.0107687653676	-0.00890283358005	0.00210624948481	-0.0603796223166	-0.0187038885673	-0.0438057051528	0.0347112535238	0.040848367252	0.0294942933926	0.000707768823354	0.0138257690227	0.0060140437856	0.0111985000729	-0.00252729565202	-0.0294301507954	0.023084219685	-0.0804425721499	0.0112827751676	-0.0528152292113	-0.021081889327	-0.0257160830834	0.00327492529322	-0.0483181714142	0.0148027404618	-0.00376542907555	0.045972609729	0.0261418505758	0.023091639438	-0.0332033478522	0.0494046869018	0.0769360659731	0.0166867816519	-0.0336537361176	-0.045461542826	0.0260342327875	0.0403676729241
k__Bacteria;p__Bacteroidetes;c__Bacteroidia;o__Bacteroidales;f__Bacteroidaceae;g__Bacteroides;s__Bacteroides_fragilis	-0.0140653333527	0.0237785636344	0.0118626538781	-0.0422407615443	0.0143934221419	0.0302911799964	0.0493631885467	0.00862958137893	8.57041441779e-05	-0.0543954578163	-0.0144814621499	0.00575014176484	0.00602389390801	0.0750965996765	-0.042505030559	-0.0115151452896	1.0	0.019012392196	-0.0634356422594	0.0600875874918	-0.0350409980032	-0.00992796483422	0.0567405022872	-0.0126643014713	0.016248352195	0.0153226405196	0.00624570805561	0.0171676074213	-0.0319653632852	-0.0169289530428	-0.029787268669	-0.00516922838553	-0.0167221688737	0.0547173597602	-0.018477515945	-0.00669491189919	-0.0137461293531	0.0119482206865	-0.029807049028	-0.0477764905012	0.011851337546	-0.0335278568671	-0.0548658863616	-0.00245788939801	-0.0111613819992	-0.00940848144804	0.0117702284353	0.00185398436385	-0.0331285083372	-0.0105543905418	0.00238561762395	-0.00752388377791	-0.0157094005719	0.0389979642475	0.00568546760711	-0.069616261033	-0.0425725690433	0.0140565259912	-0.00371855942941
k__Bacteria;p__Proteobacteria;c__Betaproteobacteria;o__Burkholderiales;f__Sutterellaceae;g__Sutterella;s__Sutterella_wadsworthensis	0.0449232754345	-0.0892208030167	-0.064082053631	-0.0398072323712	-0.0375390437684	-0.0376063954979	0.0102715737856	-0.0389927174814	-0.00864362235864	0.0136037028103	-0.0845073110543	-0.0412105835175	0.00788319318763	0.00484469541281	0.0480939679923	0.0103561026188	0.019012392196	1.0	-0.0171142938635	-0.030975282193	0.00810634828312	-0.0703761509362	-0.00955264130193	-0.0120511517508	-0.0520604656275	-0.0210204173865	0.0477229423873	-0.0638722175136	0.00309733216496	0.0279898058172	0.0200579100177	-0.0231464652743	-0.00400113832255	0.0396308376521	-0.012738245633	0.00787066285191	0.0345531385532	0.0900874318414	-0.031508066777	-0.03227565752	0.0286440677041	0.000711658791643	-0.0243100507156	0.0136231971543	-0.0524928197218	0.00780914836427	-0.0493833852286	0.00763707874229	-0.0211489712276	-0.00332143595464	0.0048068310254	-0.0712731139188	-0.00683879129788	0.00763135540421	-0.0572355359066	0.0047167252185	-0.0141722956301	-0.0155570870127	0.00959522875609
k__Bacteria;p__Bacteroidetes;c__Bacteroidia;o__Bacteroidales;f__Porphyromonadaceae;g__Barnesiella;s__Barnesiella_intestinihominis	0.00147289689563	-0.00438579006685	0.0733579919328	-0.011053844813	-0.0173267651337	0.00326641453441	-0.0539411519581	-0.0108910327577	-0.0219447529475	0.00625111498431	-0.0337452273248	-0.0117750187736	-0.0390887738669	0.0113321677043	-0.00350445774048	-0.0543512296266	-0.0634356422594	-0.0171142938635	1.0	-0.0359703348853	-0.04095842702	0.0192984235827	0.0381898053529	0.0165976592164	-0.00309429733902	0.0436219668057	-0.0159979002659	-0.0687709192515	-0.0383890217864	-0.0345274828088	-0.0236251112408	0.0543762574016	0.0121614873793	-0.0627597635087	-0.053089228604	0.00777262942206	-0.00717742859166	0.00317562690952	-0.00165969338513	0.0575684437558	0.0424183905132	0.00626174795459	-0.0158935125638	-0.0298299069576	-0.0159571394843	-0.0384529685995	0.0432526916453	-0.0222573671088	0.00965913958034	-0.0466422248754	0.016935734432	-0.0496441859194	-0.0220959680154	-0.00904798652625	0.0269985561724	-0.0186276568125	0.0274065943999	-0.0316332876856	-0.0341835024338
k__Bacteria;p__Bacteroidetes;c__Bacteroidia;o__Bacteroidales;f__Odoribacteraceae;g__Odoribacter;s__Odoribacter_splanchnicus	0.000724397647303	-0.0345031400072	-0.00907975056983	0.0538548579693	-0.0378949814825	-0.0169157780548	-0.0278609898623	0.0306065240433	-0.0221557954759	-0.0149349459028	0.00233520059619	-0.0406986597431	-0.0236266332177	-0.0577816625065	-0.0377833808268	-0.00734986439804	0.0600875874918	-0.030975282193	-0.0359703348853	1.0	0.00721184055033	-0.0046228642537	0.014488105142	-0.0415333059925	-0.000896521211083	-0.0251469835968	-0.052991119114	0.000669098486125	0.0058036313474	-0.0463107511186	-0.00481248102059	-0.0159209496427	-0.0218748197644	-0.0490040552917	0.0465894998085	0.0473920264225	0.00152485631581	-0.0108548646201	0.0284852109617	0.0462976475213	-0.0183160949318	-0.0195114289427	0.0400996377865	-0.0366759189417	-0.0277659428098	-0.0500786591624	0.0495462172819	0.0305691308954	-0.0676436068362	0.00378574382689	0.031838331115	0.0792614645004	-0.0594735371317	0.0120354259641	-0.0117167800856	0.0251312094489	0.0887040903327	-0.035809339554	-0.00519290521434
k__Bacteria;p__Bacteroidetes;c__Bacteroidia;o__Bacteroidales;f__Bacteroidaceae;g__Bacteroides;s__Bacteroides_salyersiae	-0.0337124764007	0.0150045677635	-0.0859620168911	0.0403115566175	-0.0131814827029	0.00771952007849	0.0133170092762	-0.0251952604188	-0.0133177721584	0.0129532808999	0.0450857169078	0.0532530713113	-0.0276361598966	0.0168319523786	-0.0244007152273	-0.0725075852936	-0.0350409980032	0.00810634828312	-0.04095842702	0.00721184055033	1.0	0.00733974371721	-0.048442783512	0.0216879691046	0.00699492918378	-0.00207415077358	0.0201657264691	0.00898869313605	0.0164511761055	0.0427203121075	0.000666695049767	-0.0280296014666	-0.0198567871328	-0.00941375918993	0.0424647579321	-0.0308532547598	-0.0516007619249	-0.0937571029199	-0.000786531165373	-0.0422269821318	-0.00928631268743	0.0365918405923	-0.0386846063669	0.00871661325204	-0.0011327976772	-0.0415044058258	-0.0440851152263	-0.026390975076	0.0271146826936	-0.00593842704333	0.0509236767316	-0.0816737322994	-0.0337718971264	-0.0225030191103	-0.00257233365884	0.083012898107	-0.0420617606373	0.0393383618545	0.036899075417
k__Bacteria;p__Firmicutes;c__Clostridia;o__Clostridiales;f__Ruminococcaceae;g__Ruminiclostridium;s__[Eubacterium]_siraeum	0.0150505453265	-0.030908280683	-0.0135993569402	-0.0061349893634	-0.0284210483156	-0.0318042780228	0.00498984959811	-0.0299560270423	0.0122852774591	0.022518394486	0.00210462699114	-0.0511613970094	-0.0236246815542	-0.0656028014879	0.01107762502	0.0354268538895	-0.00992796483422	-0.0703761509362	0.0192984235827	-0.0046228642537	0.00733974371721	1.0	-0.04845030241	-0.0553654850986	-0.0078095465506	0.0344816092004	-0.00430209607374	0.0275023520122	0.0043313729987	0.0116930716021	-0.0386888997387	-0.0465247086107	-0.025928284138	-0.0356581041536	0.0516853146754	0.00192590986262	0.0255934355159	-0.00945094838992	0.0602227915148	-0.0124361475385	-0.0829294205084	0.0580301348037	0.0348582864932	-0.00584226777407	0.00657580437302	-0.0329588618389	0.0125068639793	-0.00393664664675	0.0517038126298	-0.0266170176978	-0.00861646139945	-0.0116287833561	0.0257397471677	0.0635494172751	-0.0260439148843	-0.0150125250578	0.00619327247325	0.020049956564	0.0272811228802
k__Bacteria;p__Proteobacteria;c__Betaproteobacteria;o__Burkholderiales;f__Sutterellaceae;g__Parasutterella;s__Parasutterella_excrementihominis	0.0218270761477	-0.0407453079092	0.0304649245403	-0.0504316833389	-0.0782273373117	-0.00662798420351	-0.0364982491436	-0.0558667693754	-0.0518630201337	-0.0675367068647	-0.00942213255672	-0.020105176004	0.0393052779479	0.022173295091	-0.00723920594737	-0.00663456557949	0.0567405022872	-0.00955264130193	0.0381898053529	0.014488105142	-0.048442783512	-0.04845030241	1.0	0.00514924875374	-0.0343017741598	0.00940839649798	0.0120252162565	0.0402784623738	-0.00123160834248	0.0456094758474	-0.0171352494602	-0.0191180482964	-0.00274256652921	0.0212176390515	-0.0461899874601	0.0190252795643	-0.0315399974138	-0.00841875708877	-0.0298541573704	-0.0242178910582	0.0438759284817	0.0171732016331	-0.0417396106541	-0.0576081986521	-0.0427036382345	-0.00571760790334	8.88311913862e-05	0.0295203547832	0.0555622741469	-0.00055954611803	0.0146959284431	0.0196852451174	-0.00570124211763	-0.0243600001771	-0.016189428609	-0.0080767910437	0.0288308011619	-0.0264072585454	-0.0384110802604
k__Bacteria;p__Actinobacteria;c__Actinobacteria;o__Bifidobacteriales;f__Bifidobacteriaceae;g__Bifidobacterium;s__Bifidobacterium_adolescentis	0.0703913077143	0.0251052556517	0.0362458705246	0.0629921862954	-0.029532594644	0.0250552244863	-0.0399006810755	-0.0452546453035	-0.0309935688599	0.00555710788232	-0.0240057170808	-0.0234595254732	0.0807298923189	-0.0400435541729	-0.0276134042078	-0.0107687653676	-0.0126643014713	-0.0120511517508	0.0165976592164	-0.0415333059925	0.0216879691046	-0.0553654850986	0.00514924875374	1.0	0.0393984884919	-0.0456645861619	-0.0452683137525	-0.005610220101	0.0104356185058	-0.0176567388594	0.0556075374542	0.0418212512193	-0.0210340811726	-0.0373609061186	-0.0104257459604	-0.0548559250937	0.0124671844117	0.00403225414003	-0.0845599215442	-0.0331894480199	-0.0035344767642	0.0294456893157	-0.00510294305995	-0.0135074852885	0.0354905379013	-0.0339861208355	-0.0220084650223	-0.0391250218763	-0.0511994988865	0.0293832693664	0.0182825953946	0.00343526439492	-0.0231920690584	-0.0340524929666	0.026282889982	-0.0435421773557	0.0104454137257	0.0458974928644	-0.00174212849519
k__Bacteria;p__Firmicutes;c__Clostridia;o__Clostridiales;f__Oscillospiraceae;g__Oscillibacter;s__Oscillibacter_sp._KLE_1745	0.0618731413086	-0.0197014123287	-0.0306827860779	0.00405976568973	-0.000243314045001	-0.0877870244804	-0.00394082215639	-0.0376098054799	-0.0190450810734	-0.00516533798262	0.0595565914672	0.0415908541738	-0.0539854774255	-0.0843800524154	-0.0277610342897	-0.00890283358005	0.016248352195	-0.0520604656275	-0.00309429733902	-0.000896521211083	0.00699492918378	-0.0078095465506	-0.0343017741598	0.0393984884919	1.0	-0.021197986581	-0.0423240448209	0.0655084779233	-0.0430926157432	0.0302116032774	0.0110288726076	-0.0242128629729	0.00674741890411	0.0392248675496	-0.0812771147935	-0.0717594315877	-0.0202314188016	-0.0237073808289	0.0191862330597	0.0228912010402	-0.00105885743763	-0.0239092852304	-0.050702686784	-0.030059077899	0.0123938399923	-0.07198975939	0.0268042766898	-0.0521018723791	-0.0022452412418	0.069679392115	0.0178507933216	0.053827336328	-0.00411912821133	0.0162630194362	0.0108184337817	-0.0482040665232	-0.00492293795514	-0.0110793914002	-0.00327495233749
k__Bacteria;p__Bacteroidetes;c__Bacteroidia;o__Bacteroidales;f__Bacteroidaceae;g__Bacteroides;s__Bacteroides_coprophilus	0.0258509153212	0.0224524561484	-0.0319176190499	0.010354832511	-0.00447720084744	0.0338300281782	-0.0333264662932	-0.0327791037703	0.0331856647643	-0.00937814301452	0.005164989062	-0.0407795875106	-0.0202116587381	-0.056650654092	-0.0881825119354	0.00210624948481	0.0153226405196	-0.0210204173865	0.0436219668057	-0.0251469835968	-0.00207415077358	0.0344816092004	0.00940839649798	-0.0456645861619	-0.021197986581	1.0	-0.00758770847629	-0.00455280842002	-0.0257768319832	0.0214547311625	-0.0228907132977	-0.0146065437743	-0.0550761828859	-0.0204761408529	0.035253503014	-0.0116028629882	0.00400189948311	-0.0286648894961	-0.0459106583254	0.0283406091396	-0.017414645944	-0.0265770022604	-0.0219328566457	-0.0715660626915	0.0439897547368	-0.0338432458591	-0.0445956958131	-0.00736472830625	0.0144128701584	-0.0320356392981	-0.0219279991817	-0.00114925457706	0.0153908698664	-0.0436638755864	-0.00444760956554	-0.0196699231039	-0.00304858315609	-0.0356585224519	0.0186859800543
k__Bacteria;p__Firmicutes;c__Clostridia;o__Clostridiales;f__Lachnospiraceae;g__Roseburia;s__Roseburia_intestinalis	0.00340873998125	-0.0328423883803	-0.0374721300927	0.0286464561508	0.0397224284903	-0.0490131149365	-0.0113731851114	-0.0561896940053	0.0121022968347	-0.00406655218074	0.0237112065436	0.0139054993712	-0.00769762470912	0.034934324516	-0.00158738323523	-0.0603796223166	0.00624570805561	0.0477229423873	-0.0159979002659	-0.052991119114	0.0201657264691	-0.00430209607374	0.0120252162565	-0.0452683137525	-0.0423240448209	-0.00758770847629	1.0	-0.00166968917326	-0.0701816565504	-0.00546932846874	0.0310310503495	-0.0184699643838	-0.00423990304775	0.0250331794421	0.0195658149823	0.0204806235831	0.0145270450265	-0.0167205361046	2.42495678937e-05	0.00457500017719	-0.0113280087599	-0.0297817280525	-0.0233043212787	0.0564537449914	-0.0271653890713	0.0268278378112	-0.00772866924896	0.0561178555658	-0.0686309335878	-0.0496361568256	-0.0421448697825	-0.0135641005253	-0.0135935553223	-0.0541162471008	-0.0170081769505	-0.0476055368593	0.00779915817127	0.0319218415916	-0.0619404456517
k__Bacteria;p__Firmicutes;c__Clostridia;o__Clostridiales;f__Lachnospiraceae;g__Roseburia;s__Roseburia_hominis	-0.0183354814655	0.00570015153341	0.0086504090465	-0.00783821720182	-0.0142624533422	-0.0344600467267	0.00947100207675	-0.00816142485227	0.00920563088593	-0.00459713584731	0.0354187285959	0.0244973407622	-0.0242535857957	-0.00766458320848	0.00108433912718	-0.0187038885673	0.0171676074213	-0.0638722175136	-0.0687709192515	0.000669098486125	0.00898869313605	0.0275023520122	0.0402784623738	-0.005610220101	0.0655084779233	-0.00455280842002	-0.00166968917326	1.0	0.0177772771572	-0.0156444080582	-0.0195255969197	-0.034718647041	-0.0176010697821	-0.0557505732642	-0.01156931418	-0.0149633844846	0.0130195726038	0.0116711365825	0.0317306410888	-0.0570268085353	-0.00942310932855	0.0271873930107	0.00616315440787	-0.0557136813996	0.0461395900106	-0.0474058848708	-0.0628151135413	-0.020631491394	-0.00597426621955	-0.0226836915967	0.0638046000934	0.0341591223679	0.0231909777583	0.0036741479043	-0.0576715831561	-0.0274361570715	-0.0353080754756	-0.000848078966706	-0.0260443227046
k__Bacteria;p__Bacteroidetes;c__Bacteroidia;o__Bacteroidales;f__Porphyromonadaceae;g__Parabacteroides;s__Parabacteroides_johnsonii	-0.0318144476981	0.0119942334608	0.0142752466484	-0.0499256665743	0.0114547336488	0.054434874679	-0.0452587686553	0.0531216206443	-0.0387808669504	0.013377304129	0.0331879823512	0.00145183939938	-0.0233536908294	0.00825097893027	-0.00351314651814	-0.0438057051528	-0.0319653632852	0.00309733216496	-0.0383890217864	0.0058036313474	0.0164511761055	0.0043313729987	-0.00123160834248	0.0104356185058	-0.0430926157432	-0.0257768319832	-0.0701816565504	0.0177772771572	1.0	-0.0315524199261	0.0367073301762	0.030859117677	-0.0878548590668	-0.0253849694436	-0.0211991928089	-0.00651269931428	0.047441461158	0.0526653044552	-0.0168380267805	0.0104350206059	0.0269560986246	0.0122990119748	0.0242788399538	-0.00732003863731	0.0537514675137	0.00747879031643	-0.0195522758873	0.0397868836822	-0.0193185860372	-0.0429513269902	-0.0105188814879	0.00474857583314	0.0482394568071	-0.0128208419786	-0.0692080810055	-0.0119663601405	-0.00337611219623	-0.0732991077592	-0.0126184969066
k__Bacteria;p__Actinobacteria;c__Actinobacteria;o__Bifidobacteriales;f__Bifidobacteriaceae;g__Bifidobacterium;s__Bifidobacterium_longum	-0.0206990191094	-0.055587341325	0.0430287733821	-0.0244699594189	0.0972474639418	0.0412177219124	0.0498069843612	0.0182124886301	0.0162450070145	-0.0177723971119	-0.0207178921084	-0.0186899971985	-0.000804156548394	0.0277102691943	-0.0147837592264	0.0347112535238	-0.0169289530428	0.0279898058172	-0.0345274828088	-0.0463107511186	0.0427203121075	0.0116930716021	0.0456094758474	-0.0176567388594	0.0302116032774	0.0214547311625	-0.00546932846873	-0.0156444080582	-0.0315524199261	1.0	0.0088865613981	0.0746965131086	0.0429552085904	0.0797197790858	0.0117069183062	-0.0404220210727	-0.0441839838786	0.00656364670406	-0.00660828294446	-0.0100324313492	-0.0219016170043	0.0503104644855	-0.00518974425002	0.00448801178872	-0.0944501851263	-0.0100813183141	-0.0434843455356	-0.0765067200804	-0.0264156538455	-0.0227719677311	0.0198343253814	-0.00948630684509	-0.0133579163305	-0.0435633216216	0.0387244013026	-0.00361340125408	-0.065472326489	-0.0199764065415	-0.0646884044135
