#taxonomy	k__Bacteria;p__Bacteroidetes;c__Bacteroidia;o__Bacteroidales;f__Bacteroidaceae;g__Bacteroides;s__Bacteroides_vulgatus	k__Bacteria;p__Bacteroidetes;c__Bacteroidia;o__Bacteroidales;f__Bacteroidaceae;g__Bacteroides;s__Bacteroides_uniformis	k__Bacteria;p__Bacteroidetes;c__Bacteroidia;o__Bacteroidales;f__Rikenellaceae;g__Alistipes;s__Alistipes_putredinis	k__Bacteria;p__Bacteroidetes;c__Bacteroidia;o__Bacteroidales;f__Prevotellaceae;g__Prevotella;s__Prevotella_copri	k__Bacteria;p__Bacteroidetes;c__Bacteroidia;o__Bacteroidales;f__Bacteroidaceae;g__Bacteroides;s__Bacteroides_stercoris	k__Bacteria;p__Bacteroidetes;c__Bacteroidia;o__Bacteroidales;f__Bacteroidaceae;g__Bacteroides;s__Bacteroides_ovatus	k__Bacteria;p__Bacteroidetes;c__Bacteroidia;o__Bacteroidales;f__Rikenellaceae;g__Alistipes;s__Alistipes_shahii	k__Bacteria;p__Firmicutes;c__Clostridia;o__Clostridiales;f__Ruminococcaceae;g__Faecalibacterium;s__Faecalibacterium_prausnitzii	k__Bacteria;p__Bacteroidetes;c__Bacteroidia;o__Bacteroidales;f__Rikenellaceae;g__Alistipes;s__Alistipes_finegoldii	k__Bacteria;p__Bacteroidetes;c__Bacteroidia;o__Bacteroidales;f__Porphyromonadaceae;g__Parabacteroides;s__Parabacteroides_distasonis	k__Bacteria;p__Bacteroidetes;c__Bacteroidia;o__Bacteroidales;f__Bacteroidaceae;g__Bacteroides;s__Bacteroides_thetaiotaomicron	k__Bacteria;p__Bacteroidetes;c__Bacteroidia;o__Bacteroidales;f__Bacteroidaceae;g__Bacteroides;s__Bacteroides_coprocola	k__Bacteria;p__Bacteroidetes;c__Bacteroidia;o__Bacteroidales;f__Bacteroidaceae;g__Bacteroides;s__Bacteroides_cellulosilyticus	k__Bacteria;p__Bacteroidetes;c__Bacteroidia;o__Bacteroidales;f__Rikenellaceae;g__Alistipes;s__Alistipes_obesi	k__Bacteria;p__Firmicutes;c__Clostridia;o__Clostridiales;f__Lachnospiraceae;g__;s__[Eubacterium]_rectale	k__Bacteria;p__Bacteroidetes;c__Bacteroidia;o__Bacteroidales;f__Bacteroidaceae;g__Bacteroides;s__Bacteroides_plebeius	k__Bacteria;p__Bacteroidetes;c__Bacteroidia;o__Bacteroidales;f__Bacteroidaceae;g__Bacteroides;s__Bacteroides_fragilis	k__Bacteria;p__Proteobacteria;c__Betaproteobacteria;o__Burkholderiales;f__Sutterellaceae;g__Sutterella;s__Sutterella_wadsworthensis	k__Bacteria;p__Bacteroidetes;c__Bacteroidia;o__Bacteroidales;f__Porphyromonadaceae;g__Barnesiella;s__Barnesiella_intestinihominis	k__Bacteria;p__Bacteroidetes;c__Bacteroidia;o__Bacteroidales;f__Odoribacteraceae;g__Odoribacter;s__Odoribacter_splanchnicus	k__Bacteria;p__Bacteroidetes;c__Bacteroidia;o__Bacteroidales;f__Bacteroidaceae;g__Bacteroides;s__Bacteroides_salyersiae	k__Bacteria;p__Firmicutes;c__Clostridia;o__Clostridiales;f__Ruminococcaceae;g__Ruminiclostridium;s__[Eubacterium]_siraeum	k__Bacteria;p__Proteobacteria;c__Betaproteobacteria;o__Burkholderiales;f__Sutterellaceae;g__Parasutterella;s__Parasutterella_excrementihominis	k__Bacteria;p__Actinobacteria;c__Actinobacteria;o__Bifidobacteriales;f__Bifidobacteriaceae;g__Bifidobacterium;s__Bifidobacterium_adolescentis	k__Bacteria;p__Firmicutes;c__Clostridia;o__Clostridiales;f__Oscillospiraceae;g__Oscillibacter;s__Oscillibacter_sp._KLE_1745	k__Bacteria;p__Bacteroidetes;c__Bacteroidia;o__Bacteroidales;f__Bacteroidaceae;g__Bacteroides;s__Bacteroides_coprophilus	k__Bacteria;p__Firmicutes;c__Clostridia;o__Clostridiales;f__Lachnospiraceae;g__Roseburia;s__Roseburia_intestinalis	k__Bacteria;p__Firmicutes;c__Clostridia;o__Clostridiales;f__Lachnospiraceae;g__Roseburia;s__Roseburia_hominis	k__Bacteria;p__Bacteroidetes;c__Bacteroidia;o__Bacteroidales;f__Porphyromonadaceae;g__Parabacteroides;s__Parabacteroides_johnsonii	k__Bacteria;p__Actinobacteria;c__Actinobacteria;o__Bifidobacteriales;f__Bifidobacteriaceae;g__Bifidobacterium;s__Bifidobacterium_longum	k__Bacteria;p__Firmicutes;c__Clostridia;o__Clostridiales;f__;g__Flavonifractor;s__Flavonifractor_plautii	k__Bacteria;p__Firmicutes;c__Clostridia;o__Clostridiales;f__Clostridiaceae;g__Clostridium;s__Clostridium_phoceensis	k__Bacteria;p__Verrucomicrobia;c__Verrucomicrobiae;o__Verrucomicrobiales;f__Akkermansiaceae;g__Akkermansia;s__Akkermansia_muciniphila	k__Bacteria;p__Bacteroidetes;c__Bacteroidia;o__Bacteroidales;f__Prevotellaceae;g__Paraprevotella;s__Paraprevotella_xylaniphila	k__Bacteria;p__Firmicutes;c__Clostridia;o__Clostridiales;f__Ruminococcaceae;g__Ruminococcus;s__Ruminococcus_callidus	k__Bacteria;p__Bacteroidetes;c__Bacteroidia;o__Bacteroidales;f__Rikenellaceae;g__Alistipes;s__Alistipes_senegalensis	k__Bacteria;p__Firmicutes;c__Clostridia;o__Clostridiales;f__Lachnospiraceae;g__Blautia;s__Blautia_sp._KLE_1732	k__Bacteria;p__Bacteroidetes;c__Bacteroidia;o__Bacteroidales;f__Bacteroidaceae;g__Bacteroides;s__Bacteroides_oleiciplenus	k__Bacteria;p__Firmicutes;c__Clostridia;o__Clostridiales;f__Ruminococcaceae;g__Ruminococcus;s__Ruminococcus_bicirculans	k__Bacteria;p__Bacteroidetes;c__Bacteroidia;o__Bacteroidales;f__Bacteroidaceae;g__Bacteroides;s__Bacteroides_fluxus	k__Bacteria;p__Bacteroidetes;c__Bacteroidia;o__Bacteroidales;f__Prevotellaceae;g__Prevotella;s__Prevotella_stercorea	k__Bacteria;p__Firmicutes;c__Clostridia;o__Clostridiales;f__Lachnospiraceae;g__Dorea;s__Dorea_longicatena	k__Bacteria;p__Firmicutes;c__Clostridia;o__Clostridiales;f__Eubacteriaceae;g__Eubacterium;s__[Eubacterium]_eligens	k__Bacteria;p__Firmicutes;c__Clostridia;o__Clostridiales;f__Ruminococcaceae;g__;s__Ruminococcaceae_bacterium_D16	k__Bacteria;p__Firmicutes;c__Clostridia;o__Clostridiales;f__Lachnospiraceae;g__Coprococcus;s__Coprococcus_comes	k__Bacteria;p__Proteobacteria;c__Gammaproteobacteria;o__Enterobacterales;f__Enterobacteriaceae;g__Escherichia;s__Escherichia_coli	k__Bacteria;p__Firmicutes;c__Clostridia;o__Clostridiales;f__Ruminococcaceae;g__Anaerotruncus;s__Anaerotruncus_colihominis	k__Bacteria;p__Firmicutes;c__Clostridia;o__Clostridiales;f__Lachnospiraceae;g__Blautia;s__Blautia_obeum	k__Bacteria;p__Bacteroidetes;c__Bacteroidia;o__Bacteroidales;f__Odoribacteraceae;g__Odoribacter;s__Odoribacter_laneus	k__Bacteria;p__Firmicutes;c__Clostridia;o__Clostridiales;f__Ruminococcaceae;g__Ruminiclostridium;s__[Clostridium]_leptum	k__Bacteria;p__Bacteroidetes;c__Bacteroidia;o__Bacteroidales;f__Porphyromonadaceae;g__Parabacteroides;s__Parabacteroides_goldsteinii	k__Bacteria;p__Firmicutes;c__Clostridia;o__Clostridiales;f__Lachnospiraceae;g__Anaerostipes;s__Anaerostipes_hadrus	k__Bacteria;p__Firmicutes;c__Clostridia;o__Clostridiales;f__Ruminococcaceae;g__Ruminococcus;s__Ruminococcus_lactaris	k__Bacteria;p__Firmicutes;c__Clostridia;o__Clostridiales;f__Clostridiaceae;g__Clostridium;s__Clostridium_sp._L2-50	k__Bacteria;p__Firmicutes;c__Clostridia;o__Clostridiales;f__Clostridiaceae;g__Clostridium;s__Clostridium_sp._M62/1	k__Bacteria;p__Firmicutes;c__Clostridia;o__Clostridiales;f__;g__Intestinimonas;s__Intestinimonas_butyriciproducens	k__Bacteria;p__Actinobacteria;c__Actinobacteria;o__Bifidobacteriales;f__Bifidobacteriaceae;g__Bifidobacterium;s__Bifidobacterium_bifidum	k__Bacteria;p__Firmicutes;c__Negativicutes;o__Veillonellales;f__Veillonellaceae;g__Dialister;s__Dialister_invisus	k__Bacteria;p__Bacteroidetes;c__Bacteroidia;o__Bacteroidales;f__Bacteroidaceae;g__Bacteroides;s__Bacteroides_salanitronis
k__Bacteria;p__Bacteroidetes;c__Bacteroidia;o__Bacteroidales;f__Bacteroidaceae;g__Bacteroides;s__Bacteroides_vulgatus	1.0	-0.0193761654754	0.0487029469351	-0.0351788078001	-0.058092931973	0.0496847901996	0.0136046537992	0.0513187049582	0.0363417957855	0.0102200550575	-0.0880636329711	-0.00362259457447	-0.0917366379194	-0.0600187307916	-0.00466220921299	0.016354892639	-0.0418351799033	0.0091470308924	-0.0117555921141	0.00982245292884	-0.0182727121917	0.0348607793573	-0.076042558918	-0.0150736752471	-0.0516368446762	-0.000139607937009	0.0103478558497	-0.0453664087821	0.011561470804	0.0470141436553	0.0103162841294	0.0499661285672	-0.0234341829219	-0.0264288005621	0.000449086760266	0.0317065589705	0.0293756005925	-0.0194937665758	-0.0669946407778	0.000605046263008	-0.0639337380234	-0.0287392357417	0.0405947024799	0.024695883576	-0.0361232912207	0.012835889118	0.00470924659226	0.0186304676623	0.0170666797807	-0.0415019542483	-0.0477322973875	-0.0136573889319	-0.0314359321885	0.014892882964	0.02551705327	0.0481699096172	-0.033268331486	0.0134588387659	-0.0161946691738
k__Bacteria;p__Bacteroidetes;c__Bacteroidia;o__Bacteroidales;f__Bacteroidaceae;g__Bacteroides;s__Bacteroides_uniformis	-0.0193761654754	1.0	-0.0625926410436	0.0372417967317	-0.0387023876366	-0.018696620824	0.0143060731242	-0.00876168228735	0.0272142802628	-0.0877941047296	0.0436311966653	0.032360117274	-0.0472088732396	0.0558759605102	-0.0308501658288	-0.0292751656726	-0.0222672499667	-0.0485883533622	0.0189885698624	-0.0556856530841	0.0306393938254	-0.0324261076436	-0.0264438699643	0.00652658256393	0.0285693566862	-0.0103645193831	0.0152158420528	0.0784881083096	0.0251246202284	0.0173103813739	0.0160562944561	-0.0178517473056	-0.0321742640422	0.00759707218963	0.0103760774534	-0.00882959094064	0.0117100292806	-0.0513881424746	-0.0279607365466	-0.0438258300281	0.00803641859025	0.00438287731917	-0.0621337647796	0.0368511170051	-0.035096664255	-0.0038014495422	-0.0136555687208	0.0010090839396	0.0346721116834	-0.0281301644161	-0.0173346389159	-0.00359455848539	-0.0194753293211	-0.023234458118	-0.0355721457998	-0.068395403559	-0.0203867227724	0.0242645028144	0.0210921168539
k__Bacteria;p__Bacteroidetes;c__Bacteroidia;o__Bacteroidales;f__Rikenellaceae;g__Alistipes;s__Alistipes_putredinis	0.0487029469351	-0.0625926410436	1.0	-0.0249781368094	0.0278988989119	-0.0460382267198	-0.0127644360957	0.0309963869806	-0.0187946415834	-0.015656269412	-0.0696649932578	-0.0369380480804	-0.0142151352414	-0.0137925312558	-0.0274382262731	-0.00889490624395	0.0117392947799	0.0245972373114	0.0320138810093	0.0347914338309	-0.00960772037553	0.0124809691452	0.0584741872288	0.00775495423586	0.0343922879597	0.0345945089891	-0.0375715477356	-0.028811964184	0.0134140544388	-0.0358396659814	-0.0233924019033	-0.029164171873	-0.064244621176	-0.0159948563548	-0.0433937603321	0.0220500485589	0.0126839632559	0.00752738559133	0.0166645699692	0.0123661474364	-0.0247874544212	-0.0891497994341	0.065376740066	-0.0296174664658	0.0476016872152	-0.0210351686208	-0.00283958489954	0.056467626971	-0.00921998957652	0.00862169800676	-0.00399637435785	-0.103139229953	-0.0171206931636	0.0175329555845	0.0408613792577	0.00985221238893	-0.0157721443739	-0.0495557096548	-0.0513679372463
k__Bacteria;p__Bacteroidetes;c__Bacteroidia;o__Bacteroidales;f__Prevotellaceae;g__Prevotella;s__Prevotella_copri	-0.0351788078001	0.0372417967317	-0.0249781368094	1.0	-0.0117330663477	-0.101459809713	-0.0365727873459	-0.0663707851266	-0.0556984729591	-0.00584074235364	0.0266931799457	0.00602842807923	-0.0277231879574	0.0147844391794	0.0214224517842	-0.0251017579102	-0.00244757450212	0.0163821135753	-0.0291352793559	-0.089519090313	0.0236307279699	-0.0104552240712	-0.0273681608869	0.0300136318322	-0.0465944962575	-0.00487909182154	-0.0423783551939	0.0156402168556	0.00720213832884	0.0196211638625	0.0124358474177	0.000734496610662	0.00138979680547	0.0103466735181	-0.0617658899958	-0.0438644344327	0.03085907697	-0.0150543578783	0.0162529743205	-0.026448146167	-0.0206817985085	0.0396420957961	0.0411949324537	0.0149311009905	0.0184730624866	-0.00582362511972	0.0458185438232	0.0404660516825	-0.0229362079157	-0.0382774891481	0.0184851898068	-0.0442305162529	-0.0123300024906	-0.0278364778682	-0.0132579100941	-0.0113109753359	0.00390910590457	-0.0577480297683	0.00486308380833
k__Bacteria;p__Bacteroidetes;c__Bacteroidia;o__Bacteroidales;f__Bacteroidaceae;g__Bacteroides;s__Bacteroides_stercoris	-0.058092931973	-0.0387023876366	0.0278988989119	-0.0117330663477	1.0	-0.0189805533924	-0.022472763996	0.00135627519705	-0.0413128661034	-0.0113421579701	0.00601136996283	0.0296432665434	0.0142278407902	-0.024997021494	-0.0386605234265	0.00211509102003	0.0299319821892	0.0340636948828	-0.00999877722625	0.0641821937553	0.00533727612466	-0.0199485063373	-0.0312416832806	-0.0259490738832	-3.56177213647e-05	0.00081646578438	6.1957313214e-05	-0.0165962632251	-0.01594731764	-0.00991123175637	0.0379496717128	0.0394236780798	0.00119234514704	-0.0217297749423	-0.0148664868668	-0.00033292066242	0.0566998744906	0.0143544822313	-0.0408067010947	0.0261980639718	-0.003934051751	-0.0806022359197	-0.0399647824711	0.0247354177197	-0.0112964381387	0.000871285383107	-0.0195844984756	-0.00602009049901	-0.0429429411012	-0.00441447588195	-0.00337332571178	0.00470936155663	-0.0114081786777	-0.0311636255383	0.0448628016642	-0.00672034310049	0.003108318719	-0.0305353234998	0.00680970722075
k__Bacteria;p__Bacteroidetes;c__Bacteroidia;o__Bacteroidales;f__Bacteroidaceae;g__Bacteroides;s__Bacteroides_ovatus	0.0496847901996	-0.018696620824	-0.0460382267198	-0.101459809713	-0.0189805533924	1.0	-0.000994392470677	-0.0280187618073	0.0070337950634	-0.0220478581889	0.0640513681086	0.000368686994415	-0.0663210689898	-0.0549542659304	-0.00313996840676	-0.0035216013402	0.00295129169212	-0.00298845865059	-0.032078988142	-0.00120896970896	-0.0804464480296	-0.00694899292509	0.0356521245357	0.0272575329011	-0.0543058676912	-0.00402623348841	-0.0408524248016	0.00694608685826	-0.0129896820682	-0.0261115486174	0.0187104614054	0.0427875763463	-0.00148141536457	-0.0115498964034	0.0169149208337	-0.0273535464827	0.00425230649476	-0.00506849752654	0.0123118079754	0.0311788524244	-0.0310685718373	-0.0606516015064	0.000675093270104	-0.0456727343974	-0.0402286294566	-0.0360117966675	-0.0544766181794	0.019288291321	0.0410811162609	-0.0722941417763	-0.00414874708568	-0.0288009090255	-0.00648630252046	0.0243129531113	0.0499129769559	-0.000594072640624	-0.0362196790556	0.0252563987607	0.000556842008141
k__Bacteria;p__Bacteroidetes;c__Bacteroidia;o__Bacteroidales;f__Rikenellaceae;g__Alistipes;s__Alistipes_shahii	0.0136046537992	0.0143060731242	-0.0127644360957	-0.0365727873459	-0.022472763996	-0.000994392470677	1.0	0.00446511775633	0.0359597219889	-0.00587673534834	-0.00804620205075	-0.00300747318399	-0.0529490941573	-0.0311288020702	0.034253839811	0.0280667190304	0.0135916527168	0.0222034400952	0.0255392608873	-0.0229104227664	-0.0310848923728	0.02429823697	-0.0376641566492	0.00451039799998	-0.050141728584	0.00947248779352	-0.00461985875311	-0.0267451580226	0.0308400403617	-0.047106753548	-0.00934257834688	0.00697516591967	-0.00355228585968	-0.00423916913065	-0.0161447074347	0.0484577109172	0.0133745053232	-0.0493089852839	0.0385527950019	0.0224776651011	0.0617512349916	0.0148249214428	-0.0209867753589	-0.0401352586739	-0.00261303837197	-0.0232769735932	-0.0260996210848	-0.0186883498715	0.00510457069752	0.00662993445023	0.00692556889619	-0.0184171762254	0.0438294915857	-0.0197782212288	0.0285519921053	-0.00107393958306	-0.0385920516193	-0.00896702586461	-0.0311743488487
k__Bacteria;p__Firmicutes;c__Clostridia;o__Clostridiales;f__Ruminococcaceae;g__Faecalibacterium;s__Faecalibacterium_prausnitzii	0.0513187049582	-0.00876168228735	0.0309963869806	-0.0663707851266	0.00135627519705	-0.0280187618073	0.00446511775633	1.0	0.0279971584242	-0.00208563142989	-0.011904425297	-0.0668214522898	0.0262494221545	0.00608749091064	0.027902594607	0.0486732630472	-0.0103435941659	-0.00771190164037	-0.00384493277496	-0.0148698892936	-0.0341167188922	-0.0572677634869	-0.0443442466556	0.0556760899064	-0.0516899188097	0.0132719134811	0.0102855749234	0.0305472119348	0.0043284621685	-0.00809153950811	0.058567995342	-0.0334506678083	0.0134271706695	-0.055057198784	0.0415456988369	-0.0384993115966	-0.0444030376652	0.0235811836472	-0.0451968834642	-0.0489487017229	-0.0279549012163	0.0177047340278	-0.00413343074596	-0.00304979448288	0.0174566010228	0.0322610595328	-0.0444033036422	0.0381445007335	-0.0594910154255	-0.00971484002728	-0.0117023270076	-0.0466938044047	-0.0486768730274	-0.0438698256992	-0.0371533825157	-0.0155667367371	0.0617856202976	0.0253801284182	-0.0384365079538
k__Bacteria;p__Bacteroidetes;c__Bacteroidia;o__Bacteroidales;f__Rikenellaceae;g__Alistipes;s__Alistipes_finegoldii	0.0363417957855	0.0272142802628	-0.0187946415834	-0.0556984729591	-0.0413128661034	0.0070337950634	0.0359597219889	0.0279971584242	1.0	-0.00739684010181	-0.0170321929932	-0.0456602003891	0.020205198086	0.0374048646997	0.0687341224768	0.0316252187825	0.059592269329	0.0199713378143	0.0570389951011	0.0229318462712	-0.0155714797615	0.0339971068055	-0.042330430694	-0.074391319275	0.00143848362017	0.00644765170883	-0.0126725017194	0.0276672914357	-0.00519975790256	0.0265591833033	-0.0262632034666	-0.0170205411145	0.0321980726032	0.0335061927654	-0.00175149732456	0.0289762324411	-0.0183575086587	-0.000253222482988	-0.0298625495711	-0.0911789871962	-0.0541585783853	-0.0890548161228	0.0109019342776	0.00210750860706	-0.0397718573746	-0.0428410089235	-0.0481630534987	-0.0140090327297	0.0310527143411	-0.0246442674662	-0.0220613094162	-0.0255379363077	-0.0178734322088	0.0456956226677	0.0448580800834	-0.0074386482792	0.0031549612777	-0.011101906435	-0.00709050078705
k__Bacteria;p__Bacteroidetes;c__Bacteroidia;o__Bacteroidales;f__Porphyromonadaceae;g__Parabacteroides;s__Parabacteroides_distasonis	0.0102200550575	-0.0877941047296	-0.015656269412	-0.00584074235364	-0.0113421579701	-0.0220478581889	-0.00587673534834	-0.00208563142989	-0.00739684010181	1.0	-0.0189818431996	0.0244623365033	-0.0379210789612	0.0143764850889	-0.0140218328153	-0.0816355730877	-0.0336921027588	-0.00281651426311	0.00484225918781	0.0331400415363	-0.0694107410671	0.00800469281197	-0.0105151767323	-0.0668548957732	0.0390984022034	0.0372897390787	0.028701926532	-0.0261561453082	-0.0600422310559	0.0326632842205	-0.0773855086381	-0.0267263760834	0.0172565463498	-0.0363968100337	0.0313884151184	0.00599612528028	-0.00559914861971	0.0135593412907	0.0664825129746	-0.0164930362826	-0.0195309157001	0.0416756074684	-0.0137280394314	-0.0378135236923	0.0142950226412	-0.0247107437635	0.00642878688191	-0.0270372238809	-0.0225951823669	0.0453710704965	0.0332549553403	-0.0686912109974	0.0135227798631	0.031786360491	-0.0514893529302	-0.0124096715846	-0.0141041715943	-0.0299965814292	-0.0176952719889
k__Bacteria;p__Bacteroidetes;c__Bacteroidia;o__Bacteroidales;f__Bacteroidaceae;g__Bacteroides;s__Bacteroides_thetaiotaomicron	-0.0880636329711	0.0436311966653	-0.0696649932578	0.0266931799457	0.00601136996283	0.0640513681086	-0.00804620205075	-0.011904425297	-0.0170321929932	-0.0189818431996	1.0	-0.00133989898324	-0.0361689919374	-0.0441805243882	0.00740814937893	-0.033468673919	0.0563945534734	0.0415669052883	-0.0654580726031	0.0372991153988	-0.0355710399375	0.0367985837677	-0.0188812321137	-0.0137060769453	-0.00659106496592	-0.0355473385436	0.0394597132887	-0.00476066254045	-0.0370216469734	-0.0560839330748	0.0214133314687	-0.033796411177	-0.0461236294388	-0.0629150883408	-0.0532554359833	0.0232744090385	-0.0621860450178	-0.0589505716617	0.0394452712679	-0.0437156558568	0.0065599231347	0.0371782740991	-0.00114956080555	-0.0587235852811	0.0130265650899	0.0350329076209	0.0349442936824	-0.0739585290465	-0.0369947810881	-0.013529571382	0.0102803255855	0.0246556605063	-0.0123565347069	-0.053991903329	0.00130346095782	0.0223214417085	-0.0281627298058	-0.0210405512393	0.0374051566358
k__Bacteria;p__Bacteroidetes;c__Bacteroidia;o__Bacteroidales;f__Bacteroidaceae;g__Bacteroides;s__Bacteroides_coprocola	-0.00362259457447	0.032360117274	-0.0369380480804	0.00602842807923	0.0296432665434	0.000368686994415	-0.00300747318399	-0.0668214522898	-0.0456602003891	0.0244623365033	-0.00133989898324	1.0	-0.0179487971705	-0.0325657067904	0.0238270748689	-0.069570543388	0.0284967988748	-0.0185489377819	0.0149827188298	-0.0199982515461	-0.0131309474488	-0.0574411875689	-0.0642408794253	0.0077994722917	0.0168187488519	-0.0148465706714	0.0677956521696	-0.0146740519288	0.0168112791504	-0.0224964760165	-0.0312428314718	-0.0256679038347	0.0510334184746	0.0658227870106	-0.00629538120823	-0.0527177487194	0.0244691434009	-0.00387418567732	0.0259510412356	-0.0310110257897	0.0294391939033	0.000243946202548	0.0027093763933	-0.0550225363203	-0.0958942578661	0.0420986744689	0.0196791115303	-0.00457516433987	-0.0912230518291	0.0117411864453	-0.00215258144652	0.0140005959205	0.0694390363848	0.0141480546365	-0.00479577380631	0.00924801878792	-0.0288848377366	-0.0297299394209	0.0649628564096
k__Bacteria;p__Bacteroidetes;c__Bacteroidia;o__Bacteroidales;f__Bacteroidaceae;g__Bacteroides;s__Bacteroides_cellulosilyticus	-0.0917366379194	-0.0472088732396	-0.0142151352414	-0.0277231879574	0.0142278407902	-0.0663210689898	-0.0529490941573	0.0262494221545	0.020205198086	-0.0379210789612	-0.0361689919374	-0.0179487971705	1.0	0.0470402430006	-0.0247302419119	0.0331837281672	0.00946190604517	0.0257403833905	-0.00999078826824	0.0337697145839	0.0433941566691	-0.00365850214585	0.0341020822342	-0.0210458404322	0.0120901589827	0.00595730912146	-0.0157525643496	-0.0414375072974	-0.0179682760731	-0.0271487799613	0.0225200567556	-0.0807483130358	0.0337419446431	0.0317414433565	0.0156786034084	-0.0360878148459	-0.0592536617843	-0.0041145870645	-0.0132564697167	-0.057677700466	-0.0173706716648	0.0121077326451	0.0133925452202	-0.00322956537782	-0.00830484984923	-0.0486480701991	-0.0652910263486	-0.0438473532851	-0.0481562230425	0.0381225854365	-0.0188941553871	-0.00495930282462	-0.0244996199226	-0.0576788105997	-0.030306375107	0.000393592131503	0.0259970054181	0.0421854264186	-0.0506437196116
k__Bacteria;p__Bacteroidetes;c__Bacteroidia;o__Bacteroidales;f__Rikenellaceae;g__Alistipes;s__Alistipes_obesi	-0.0600187307916	0.0558759605102	-0.0137925312558	0.0147844391794	-0.024997021494	-0.0549542659304	-0.0311288020702	0.00608749091064	0.0374048646997	0.0143764850889	-0.0441805243882	-0.0325657067904	0.0470402430006	1.0	0.0600976243534	-0.0249098907511	0.0152791355202	-0.00730534853752	0.0118713539889	0.00666303415915	-0.0121449246312	0.00792830300304	0.0244163924642	0.00537099377152	-0.0366556879392	0.0323745204915	-0.0781129801085	-0.00882403226519	0.0227742932692	0.00883307785447	0.0138207963692	-0.0753309768825	0.0153954975776	0.0202646226226	-0.0823833079724	0.0744008848753	-0.0540213549411	-0.0257036155431	0.0254356042179	-0.0593800689369	-0.00591811739415	0.00498400436306	-0.0404513244096	0.0651134077364	-0.0447157302736	0.00734903912185	-0.00283012481957	0.0540071940668	-0.0183245689271	-0.0332479736556	-0.0239591873087	-0.025615717998	0.0404530220111	-0.02692330751	-0.0268864496211	-0.0983692460251	0.0373494653433	-0.00244756880436	-0.00958465014363
k__Bacteria;p__Firmicutes;c__Clostridia;o__Clostridiales;f__Lachnospiraceae;g__;s__[Eubacterium]_rectale	-0.00466220921299	-0.0308501658288	-0.0274382262731	0.0214224517842	-0.0386605234265	-0.00313996840676	0.034253839811	0.027902594607	0.0687341224768	-0.0140218328153	0.00740814937893	0.0238270748689	-0.0247302419119	0.0600976243534	1.0	0.0262471359847	-0.0202703425118	0.031394385546	-0.0456046269932	-0.0103759750082	0.0364478848062	0.00350518193448	0.0161091899506	0.0633107580328	-0.0687194363495	-0.064346909559	-0.0272389924503	-0.0344089859622	-0.0479018461904	-0.0201765721868	-0.0204687104881	0.0566298466072	-0.0283373944612	0.0511168824314	0.0220271162503	0.00758919975791	0.02525311919	0.0281739895102	-0.0463087798603	-0.0673176081211	-0.0929186227944	-0.0114729983935	-0.064653642025	-0.052485325004	0.010823887366	-0.027415409457	0.0234167822256	-0.0071964558848	-0.0139398325819	-0.045256150052	-0.00379770187578	0.0074583893005	-0.0173942212386	-0.0580942977031	0.0180646091976	-0.0376394169436	-0.0358667860061	-0.00910944734637	0.0118670640716
k__Bacteria;p__Bacteroidetes;c__Bacteroidia;o__Bacteroidales;f__Bacteroidaceae;g__Bacteroides;s__Bacteroides_plebeius	0.016354892639	-0.0292751656726	-0.00889490624395	-0.0251017579102	0.00211509102003	-0.0035216013402	0.0280667190304	0.0486732630472	0.0316252187825	-0.0816355730877	-0.033468673919	-0.069570543388	0.0331837281672	-0.0249098907511	0.0262471359847	1.0	0.00888799518797	-0.03814985541	-0.0173079043998	-0.0151571529049	0.0022689536993	0.0398148772877	0.0303328153334	-0.0535016471052	0.0317452624828	-0.0468928482878	-0.0332627812991	-0.0718361593631	0.0394972791602	-0.0191271547756	-0.0105348601197	0.0124948232522	0.00731157287574	0.01328284166	0.0045706330245	0.0380366267592	0.00123806967775	-0.0137384419719	-0.0683316694655	-0.0520277529041	-0.00580318303502	-0.0174631661428	-0.0233017507584	-0.0386338507042	-0.0215150503478	-0.0103546118152	-0.0511839630014	-0.00831035813105	0.00922538610205	0.0146243284673	0.00171416510702	-0.0833868415799	0.0134530537852	0.0214586011235	-0.0065452633356	0.0307368745488	-0.068747113021	-0.000793103132665	0.0703898586096
k__Bacteria;p__Bacteroidetes;c__Bacteroidia;o__Bacteroidales;f__Bacteroidaceae;g__Bacteroides;s__Bacteroides_fragilis	-0.0418351799033	-0.0222672499667	0.0117392947799	-0.00244757450212	0.0299319821892	0.00295129169212	0.0135916527168	-0.0103435941659	0.059592269329	-0.0336921027588	0.0563945534734	0.0284967988748	0.00946190604517	0.0152791355202	-0.0202703425118	0.00888799518797	1.0	0.0296713734712	-0.0321827298612	-0.0016325119598	0.02464951154	-0.0428181611114	0.00360707639786	0.0235814482716	0.0148333994406	-0.0821057277094	0.00106726053693	0.028988283974	-0.0389405861838	-0.0495585768957	0.0399071718266	0.0258862703392	-0.0116401083773	0.0730740365845	-0.0386257129167	-0.0283938634158	-0.0408820100057	0.0353053044241	0.0119188746623	0.0236869385614	-0.0211503701326	-0.0701117371115	0.0410153450567	-0.0457798405112	-0.0633221708307	-0.0423344904871	-0.00847374327488	-0.023956953374	-0.0109548327005	-0.0550780665155	-0.0299500378953	-0.020920899794	-0.0119256791734	0.0361918343348	-0.0369536431936	0.0195766425581	-0.0750808002743	-0.0279382414494	0.0250483923257
k__Bacteria;p__Proteobacteria;c__Betaproteobacteria;o__Burkholderiales;f__Sutterellaceae;g__Sutterella;s__Sutterella_wadsworthensis	0.0091470308924	-0.0485883533622	0.0245972373114	0.0163821135753	0.0340636948828	-0.00298845865059	0.0222034400952	-0.00771190164037	0.0199713378143	-0.00281651426311	0.0415669052883	-0.0185489377819	0.0257403833905	-0.00730534853752	0.031394385546	-0.03814985541	0.0296713734712	1.0	-0.0753437928175	0.0741015832793	-0.0197467369331	-0.0246461938129	0.0109352512331	-0.0350682925903	0.0251672858656	-0.00603517805673	-0.0346021757049	-0.0211079003221	0.0166693352002	-0.00819666167166	-0.0201547569043	-0.0211838827422	0.0125447721431	-0.0162374152685	-0.0193558484384	-0.00784073012336	-0.0362654208845	-0.0219052715987	0.0653636967736	-0.00684677195495	0.0119391579538	-0.00832912045425	-0.00116650112471	-0.0277253325141	0.00160229570349	-0.0398354271333	-0.00938033465053	-0.00379320883849	0.002031055167	-0.0120287445894	-0.0475227908521	0.0616095440739	-0.0339556639829	-0.00480711470982	-0.0242444146984	0.0264240410069	-0.0660000435892	-0.0229443612687	-0.0248469081422
k__Bacteria;p__Bacteroidetes;c__Bacteroidia;o__Bacteroidales;f__Porphyromonadaceae;g__Barnesiella;s__Barnesiella_intestinihominis	-0.0117555921141	0.0189885698624	0.0320138810093	-0.0291352793559	-0.00999877722625	-0.032078988142	0.0255392608873	-0.00384493277496	0.0570389951011	0.00484225918781	-0.0654580726031	0.0149827188298	-0.00999078826824	0.0118713539889	-0.0456046269932	-0.0173079043998	-0.0321827298612	-0.0753437928175	1.0	-0.0718427989778	0.0289611480069	-0.0346630035892	0.0279245735431	0.022366463087	0.0297737066589	-0.0230875464425	-0.0222712910218	0.0540872240304	-0.0292709353038	-0.0369268279235	-0.0355811861348	-0.0192947265675	-0.0356851997284	0.0206432525333	-0.0675768631605	0.0168458073225	-0.0281031589818	-0.0161205686998	0.0283526076783	0.00664000408336	-0.0442989172169	-0.0203837822081	0.0175664595455	0.0508839956777	0.0306343717665	0.0623006345718	-0.0187745417808	0.0326070542185	-0.0414951013127	0.00846091961896	-0.00877517888068	-0.00484026384229	-0.0170251903437	-0.0518885075405	0.0161650846101	0.000582673459773	-0.00556746256667	-0.0100096184254	0.01384260719
k__Bacteria;p__Bacteroidetes;c__Bacteroidia;o__Bacteroidales;f__Odoribacteraceae;g__Odoribacter;s__Odoribacter_splanchnicus	0.00982245292884	-0.0556856530841	0.0347914338309	-0.089519090313	0.0641821937553	-0.00120896970896	-0.0229104227664	-0.0148698892936	0.0229318462712	0.0331400415363	0.0372991153988	-0.0199982515461	0.0337697145839	0.00666303415915	-0.0103759750082	-0.0151571529049	-0.0016325119598	0.0741015832793	-0.0718427989778	1.0	0.0337872231684	-0.0148014081119	0.0308363682051	-0.058201863069	0.0387009810975	0.013585423182	0.0403339996339	-0.0427721022696	0.00250715898497	-0.0794499497051	-0.029474408598	0.024932476068	-0.0246354155442	-0.0458433394907	0.0589836232179	-0.0171655088259	-0.0211859471929	0.0372350541602	0.0373321744754	0.0150493667549	-0.00588238242506	-0.0091989567687	0.0105848563632	-0.0120270925604	0.0318880491934	-0.064901554524	-0.0373785788048	-0.0507808493729	0.0109701809895	-0.0308847891511	-0.03030662853	0.0179942482883	-0.0214133205296	-0.000535279552467	-0.0322894567158	0.0533024832385	0.0211875973966	-0.0405783989387	0.0346432767709
k__Bacteria;p__Bacteroidetes;c__Bacteroidia;o__Bacteroidales;f__Bacteroidaceae;g__Bacteroides;s__Bacteroides_salyersiae	-0.0182727121917	0.0306393938254	-0.00960772037553	0.0236307279699	0.00533727612466	-0.0804464480296	-0.0310848923728	-0.0341167188922	-0.0155714797615	-0.0694107410671	-0.0355710399375	-0.0131309474488	0.0433941566691	-0.0121449246312	0.0364478848062	0.0022689536993	0.02464951154	-0.0197467369331	0.0289611480069	0.0337872231684	1.0	-0.0229853664192	-0.0385328924639	-0.016156550828	-0.0609277655622	-0.0195446104526	-0.0059729096202	-0.017931646195	0.0542224786115	-0.049980731794	0.0115711630161	-0.0108520516003	-0.028626618618	0.0100798610346	0.00681897377314	0.0605061744417	-0.0462791628281	0.0385147787326	0.0284953210297	0.0402255401629	0.0414592610386	-0.0336367976299	0.0652346442509	-0.00282454826784	-0.0752173640587	-0.0676461297597	-0.0391478348708	-0.0276649812587	0.00227462346199	0.00309750859512	-0.0649840435338	-0.0181627217907	0.0215948131062	-0.0195582495878	-0.0246413799433	-0.0464694690428	-0.000818838088722	0.00674478499927	-0.0319112588017
k__Bacteria;p__Firmicutes;c__Clostridia;o__Clostridiales;f__Ruminococcaceae;g__Ruminiclostridium;s__[Eubacterium]_siraeum	0.0348607793573	-0.0324261076436	0.0124809691452	-0.0104552240712	-0.0199485063373	-0.00694899292509	0.02429823697	-0.0572677634869	0.0339971068055	0.00800469281197	0.0367985837677	-0.0574411875689	-0.00365850214585	0.00792830300304	0.00350518193448	0.0398148772877	-0.0428181611114	-0.0246461938129	-0.0346630035892	-0.0148014081119	-0.0229853664192	1.0	-0.056382166286	-0.0902121846813	-0.0336190998077	-0.00583716821166	-0.0260818872438	0.00707641399256	-0.0318052545291	0.0215285513551	-0.0296240616267	0.0095257320326	0.0121354215264	0.0641212588085	-0.00939258565599	0.0374583053995	0.0364791902985	0.0513280743993	0.00775950417267	-0.0179463767069	-0.022000468345	0.0509087545986	-0.00207192454017	0.0360040440514	0.00742619666474	-0.0161037735803	-0.0225002661346	-0.0709448077881	0.0197221943398	-0.029885139783	-0.0143317218208	-0.0276920860255	-0.0183061433221	-0.0224519394301	0.0449567461038	0.00502992001309	0.0312273672579	0.00532519482781	-0.0452671708048
k__Bacteria;p__Proteobacteria;c__Betaproteobacteria;o__Burkholderiales;f__Sutterellaceae;g__Parasutterella;s__Parasutterella_excrementihominis	-0.076042558918	-0.0264438699643	0.0584741872288	-0.0273681608869	-0.0312416832806	0.0356521245357	-0.0376641566492	-0.0443442466556	-0.042330430694	-0.0105151767323	-0.0188812321137	-0.0642408794253	0.0341020822342	0.0244163924642	0.0161091899506	0.0303328153334	0.00360707639786	0.0109352512331	0.0279245735431	0.0308363682051	-0.0385328924639	-0.056382166286	1.0	0.042267877397	0.0336719297597	0.0188394801103	-0.0468306699521	0.0138085481854	-0.0166371057688	0.0222206830146	-0.0792697739313	0.00521245157788	-0.0495155571891	-0.026106116447	0.05835314736	0.0330438913094	-0.0565537733946	0.0154439793324	0.0525375136169	-0.0239035594073	-0.0182952308795	0.0422230742118	-0.00756494675009	0.00924940741942	-0.078033371511	-0.0117555147096	-0.0291535763603	0.071101777658	0.0288784979351	-0.00232630819095	-0.0205382224689	-0.0401108794316	-0.0724050122408	0.0816274249828	0.0201671413376	0.0291224899332	0.00920153594618	-0.0210836665854	-0.0635796076839
k__Bacteria;p__Actinobacteria;c__Actinobacteria;o__Bifidobacteriales;f__Bifidobacteriaceae;g__Bifidobacterium;s__Bifidobacterium_adolescentis	-0.0150736752471	0.00652658256393	0.00775495423586	0.0300136318322	-0.0259490738832	0.0272575329011	0.00451039799998	0.0556760899064	-0.074391319275	-0.0668548957732	-0.0137060769453	0.0077994722917	-0.0210458404322	0.00537099377152	0.0633107580328	-0.0535016471052	0.0235814482716	-0.0350682925903	0.022366463087	-0.058201863069	-0.016156550828	-0.0902121846813	0.042267877397	1.0	-0.0687659391603	0.027335972372	-0.0241367147141	-0.0541653722501	0.0112265924626	-0.0338034781961	0.0196430967722	-0.0472310402109	-0.00296613665584	-0.0294130922853	-0.00544329961996	-0.0145075758773	0.00575715674673	-0.0176196743835	0.0547310758103	0.0114255960467	-0.0344080467985	0.0423354549253	-0.0280565271723	-0.0145052063782	0.0104231215707	-0.00690260991513	0.0138725243207	-0.023805065057	-0.0642302155677	0.019893960727	-0.0230857788676	0.0163190549714	0.0203309338127	-0.0116204344008	0.00512343431973	0.0523459044202	0.00721911038638	-0.0289200571467	-0.0621219780499
k__Bacteria;p__Firmicutes;c__Clostridia;o__Clostridiales;f__Oscillospiraceae;g__Oscillibacter;s__Oscillibacter_sp._KLE_1745	-0.0516368446762	0.0285693566862	0.0343922879597	-0.0465944962575	-3.56177213645e-05	-0.0543058676912	-0.050141728584	-0.0516899188097	0.00143848362017	0.0390984022034	-0.00659106496592	0.0168187488519	0.0120901589827	-0.0366556879392	-0.0687194363495	0.0317452624828	0.0148333994406	0.0251672858656	0.0297737066589	0.0387009810975	-0.0609277655622	-0.0336190998077	0.0336719297597	-0.0687659391603	1.0	-0.00398634482815	-0.0404813588461	-0.00707310929143	-0.0159642946981	-0.00519733716467	-0.00867966636798	-0.024958837845	0.0157626154492	-0.00801614091608	-0.0158850884305	0.0367655325103	0.0338054494736	-0.0132880683992	-0.0356399140913	-0.00912264175523	-0.0253039560763	-0.0251663896717	0.0785815977921	0.0128705785102	0.0391502091073	0.013083140848	-0.00666002484784	-0.0285667410101	0.0312259374367	0.0330377694827	-0.00122452997495	0.0244763515212	-0.0176641694298	-0.0489733081866	-0.00254552775739	-0.0161548076295	-0.0030101285159	0.0281849629112	0.0215765836989
k__Bacteria;p__Bacteroidetes;c__Bacteroidia;o__Bacteroidales;f__Bacteroidaceae;g__Bacteroides;s__Bacteroides_coprophilus	-0.000139607937009	-0.0103645193831	0.0345945089891	-0.00487909182154	0.00081646578438	-0.00402623348841	0.00947248779352	0.0132719134811	0.00644765170883	0.0372897390787	-0.0355473385436	-0.0148465706714	0.00595730912146	0.0323745204915	-0.064346909559	-0.0468928482878	-0.0821057277094	-0.00603517805672	-0.0230875464425	0.013585423182	-0.0195446104526	-0.00583716821166	0.0188394801103	0.027335972372	-0.00398634482815	1.0	-0.0295642234966	-0.0255784381137	-0.041196020219	-0.0300036922326	-0.0669632311942	-0.0651525717812	0.0330318475145	0.0195183271778	0.000503574156178	-0.0139972114085	-0.0348540886802	-0.0227537485618	0.0204104323542	0.0215656572536	-0.0465530192526	-0.0294203040441	0.012530505181	-0.0292649541043	-0.0123384374654	-0.092854327124	0.0431049166479	0.0182158403282	0.0193349539846	-0.0101216941508	-0.0217795698642	-0.000720439506517	-0.0397298624605	0.0403509216697	-0.0220433812514	0.0137054840322	0.0120414805053	0.0222908016734	-0.0141151540297
k__Bacteria;p__Firmicutes;c__Clostridia;o__Clostridiales;f__Lachnospiraceae;g__Roseburia;s__Roseburia_intestinalis	0.0103478558497	0.0152158420528	-0.0375715477356	-0.0423783551939	6.1957313214e-05	-0.0408524248016	-0.00461985875311	0.0102855749234	-0.0126725017194	0.028701926532	0.0394597132887	0.0677956521696	-0.0157525643496	-0.0781129801085	-0.0272389924503	-0.0332627812991	0.00106726053693	-0.0346021757049	-0.0222712910218	0.0403339996339	-0.0059729096202	-0.0260818872438	-0.0468306699521	-0.0241367147141	-0.0404813588461	-0.0295642234966	1.0	0.0333134193858	0.0214944925699	-0.0130244375609	-0.0181893319518	-0.078896034297	-0.0636162901654	-0.018428478675	0.0344894956082	-0.0149875818383	0.0281241356441	0.0427035619477	0.0172643211858	-0.00951997407986	0.0313387364094	0.0342734067154	-0.0438350921412	-0.00104084139977	0.0144171244314	0.0378197475931	-0.0404010232342	-0.0216050594911	0.00868557918062	-0.0662108544636	0.0163525801776	0.0418691569102	0.0185680749899	0.0104106666846	-0.0984781854127	-0.00709140279336	-0.024349647159	0.0686261532897	-0.0406522223076
k__Bacteria;p__Firmicutes;c__Clostridia;o__Clostridiales;f__Lachnospiraceae;g__Roseburia;s__Roseburia_hominis	-0.0453664087821	0.0784881083096	-0.028811964184	0.0156402168556	-0.0165962632251	0.00694608685826	-0.0267451580226	0.0305472119348	0.0276672914357	-0.0261561453082	-0.00476066254045	-0.0146740519288	-0.0414375072974	-0.00882403226519	-0.0344089859622	-0.0718361593631	0.028988283974	-0.0211079003221	0.0540872240304	-0.0427721022696	-0.017931646195	0.00707641399256	0.0138085481854	-0.0541653722501	-0.00707310929143	-0.0255784381137	0.0333134193858	1.0	0.0592146072308	0.0339665205607	0.00471196097111	-0.0342578287991	-0.0207395841264	-0.0489405158604	-0.0487363052904	-0.0790766786363	-0.059471737703	0.0335712852248	0.0253041528029	0.0368428779519	-0.01649407155	-0.0555013913296	-0.0389163109108	-0.0101307284683	0.0191499475109	-0.0160356115404	-0.0294886327292	0.017925254676	-0.0534813956003	-0.0223332189412	0.00227682265256	0.0057058899149	-0.0409204788304	0.0779014445397	0.0135493039391	0.0128976271864	-0.0564705613061	0.0155875618894	0.00491394121297
k__Bacteria;p__Bacteroidetes;c__Bacteroidia;o__Bacteroidales;f__Porphyromonadaceae;g__Parabacteroides;s__Parabacteroides_johnsonii	0.011561470804	0.0251246202284	0.0134140544388	0.00720213832884	-0.01594731764	-0.0129896820682	0.0308400403617	0.0043284621685	-0.00519975790256	-0.0600422310559	-0.0370216469734	0.0168112791504	-0.0179682760731	0.0227742932692	-0.0479018461904	0.0394972791602	-0.0389405861838	0.0166693352002	-0.0292709353038	0.00250715898497	0.0542224786115	-0.0318052545291	-0.0166371057688	0.0112265924626	-0.0159642946981	-0.041196020219	0.0214944925699	0.0592146072308	1.0	-0.0314383751474	-0.00756037879702	0.0169099575013	0.0209276291827	-0.0201284632615	-0.0193099868608	-0.00256447573726	-0.026733900481	-0.0194235654434	-0.00225265366472	0.0345664407519	-0.000881174827658	-0.00558834148396	-0.01737446262	0.0282360629646	-0.0323105206561	0.01247144029	0.0171322148085	-0.0459503927007	0.0135064925145	-0.0478812199545	-0.0082132507432	0.0105223660129	0.0581363236704	-0.0126995600196	-0.0743818519388	0.0110437082209	-0.0770440897736	-0.0350608814105	-0.0090918389828
k__Bacteria;p__Actinobacteria;c__Actinobacteria;o__Bifidobacteriales;f__Bifidobacteriaceae;g__Bifidobacterium;s__Bifidobacterium_longum	0.0470141436553	0.0173103813739	-0.0358396659814	0.0196211638625	-0.00991123175637	-0.0261115486174	-0.047106753548	-0.00809153950811	0.0265591833033	0.0326632842205	-0.0560839330748	-0.0224964760165	-0.0271487799613	0.00883307785447	-0.0201765721868	-0.0191271547756	-0.0495585768957	-0.00819666167166	-0.0369268279235	-0.0794499497051	-0.049980731794	0.0215285513551	0.0222206830146	-0.0338034781961	-0.00519733716467	-0.0300036922326	-0.0130244375609	0.0339665205607	-0.0314383751474	1.0	0.0383346017993	0.0228656225806	-0.000964750766544	-0.0390354677749	-0.025227212634	0.0442275663179	-0.0551462697032	-0.0457957282838	0.0137444583561	0.0720670223753	-0.0257914130533	0.06390794904	0.0307986420569	-0.034607641279	-0.00148336920071	-0.00151554679661	0.0257272459232	0.0463707099031	-0.0110499666518	-0.0173251271669	0.00106513279144	-0.0222648894723	-0.0141779787964	0.0242800380967	0.00336497728046	0.041765211682	0.00676875135006	-0.0204499935083	-0.0281062477521
