#taxonomy	k__Bacteria;p__Bacteroidetes;c__Bacteroidia;o__Bacteroidales;f__Bacteroidaceae;g__Bacteroides;s__Bacteroides_vulgatus	k__Bacteria;p__Bacteroidetes;c__Bacteroidia;o__Bacteroidales;f__Bacteroidaceae;g__Bacteroides;s__Bacteroides_uniformis	k__Bacteria;p__Bacteroidetes;c__Bacteroidia;o__Bacteroidales;f__Rikenellaceae;g__Alistipes;s__Alistipes_putredinis	k__Bacteria;p__Bacteroidetes;c__Bacteroidia;o__Bacteroidales;f__Prevotellaceae;g__Prevotella;s__Prevotella_copri	k__Bacteria;p__Bacteroidetes;c__Bacteroidia;o__Bacteroidales;f__Bacteroidaceae;g__Bacteroides;s__Bacteroides_stercoris	k__Bacteria;p__Bacteroidetes;c__Bacteroidia;o__Bacteroidales;f__Bacteroidaceae;g__Bacteroides;s__Bacteroides_ovatus	k__Bacteria;p__Bacteroidetes;c__Bacteroidia;o__Bacteroidales;f__Rikenellaceae;g__Alistipes;s__Alistipes_shahii	k__Bacteria;p__Firmicutes;c__Clostridia;o__Clostridiales;f__Ruminococcaceae;g__Faecalibacterium;s__Faecalibacterium_prausnitzii	k__Bacteria;p__Bacteroidetes;c__Bacteroidia;o__Bacteroidales;f__Rikenellaceae;g__Alistipes;s__Alistipes_finegoldii	k__Bacteria;p__Bacteroidetes;c__Bacteroidia;o__Bacteroidales;f__Porphyromonadaceae;g__Parabacteroides;s__Parabacteroides_distasonis	k__Bacteria;p__Bacteroidetes;c__Bacteroidia;o__Bacteroidales;f__Bacteroidaceae;g__Bacteroides;s__Bacteroides_thetaiotaomicron	k__Bacteria;p__Bacteroidetes;c__Bacteroidia;o__Bacteroidales;f__Bacteroidaceae;g__Bacteroides;s__Bacteroides_coprocola	k__Bacteria;p__Bacteroidetes;c__Bacteroidia;o__Bacteroidales;f__Bacteroidaceae;g__Bacteroides;s__Bacteroides_cellulosilyticus	k__Bacteria;p__Bacteroidetes;c__Bacteroidia;o__Bacteroidales;f__Rikenellaceae;g__Alistipes;s__Alistipes_obesi	k__Bacteria;p__Firmicutes;c__Clostridia;o__Clostridiales;f__Lachnospiraceae;g__;s__[Eubacterium]_rectale	k__Bacteria;p__Bacteroidetes;c__Bacteroidia;o__Bacteroidales;f__Bacteroidaceae;g__Bacteroides;s__Bacteroides_plebeius	k__Bacteria;p__Bacteroidetes;c__Bacteroidia;o__Bacteroidales;f__Bacteroidaceae;g__Bacteroides;s__Bacteroides_fragilis	k__Bacteria;p__Proteobacteria;c__Betaproteobacteria;o__Burkholderiales;f__Sutterellaceae;g__Sutterella;s__Sutterella_wadsworthensis	k__Bacteria;p__Bacteroidetes;c__Bacteroidia;o__Bacteroidales;f__Porphyromonadaceae;g__Barnesiella;s__Barnesiella_intestinihominis	k__Bacteria;p__Bacteroidetes;c__Bacteroidia;o__Bacteroidales;f__Odoribacteraceae;g__Odoribacter;s__Odoribacter_splanchnicus	k__Bacteria;p__Bacteroidetes;c__Bacteroidia;o__Bacteroidales;f__Bacteroidaceae;g__Bacteroides;s__Bacteroides_salyersiae	k__Bacteria;p__Firmicutes;c__Clostridia;o__Clostridiales;f__Ruminococcaceae;g__Ruminiclostridium;s__[Eubacterium]_siraeum	k__Bacteria;p__Proteobacteria;c__Betaproteobacteria;o__Burkholderiales;f__Sutterellaceae;g__Parasutterella;s__Parasutterella_excrementihominis	k__Bacteria;p__Actinobacteria;c__Actinobacteria;o__Bifidobacteriales;f__Bifidobacteriaceae;g__Bifidobacterium;s__Bifidobacterium_adolescentis	k__Bacteria;p__Firmicutes;c__Clostridia;o__Clostridiales;f__Oscillospiraceae;g__Oscillibacter;s__Oscillibacter_sp._KLE_1745	k__Bacteria;p__Bacteroidetes;c__Bacteroidia;o__Bacteroidales;f__Bacteroidaceae;g__Bacteroides;s__Bacteroides_coprophilus	k__Bacteria;p__Firmicutes;c__Clostridia;o__Clostridiales;f__Lachnospiraceae;g__Roseburia;s__Roseburia_intestinalis	k__Bacteria;p__Firmicutes;c__Clostridia;o__Clostridiales;f__Lachnospiraceae;g__Roseburia;s__Roseburia_hominis	k__Bacteria;p__Bacteroidetes;c__Bacteroidia;o__Bacteroidales;f__Porphyromonadaceae;g__Parabacteroides;s__Parabacteroides_johnsonii	k__Bacteria;p__Actinobacteria;c__Actinobacteria;o__Bifidobacteriales;f__Bifidobacteriaceae;g__Bifidobacterium;s__Bifidobacterium_longum	k__Bacteria;p__Firmicutes;c__Clostridia;o__Clostridiales;f__;g__Flavonifractor;s__Flavonifractor_plautii	k__Bacteria;p__Firmicutes;c__Clostridia;o__Clostridiales;f__Clostridiaceae;g__Clostridium;s__Clostridium_phoceensis	k__Bacteria;p__Verrucomicrobia;c__Verrucomicrobiae;o__Verrucomicrobiales;f__Akkermansiaceae;g__Akkermansia;s__Akkermansia_muciniphila	k__Bacteria;p__Bacteroidetes;c__Bacteroidia;o__Bacteroidales;f__Prevotellaceae;g__Paraprevotella;s__Paraprevotella_xylaniphila	k__Bacteria;p__Firmicutes;c__Clostridia;o__Clostridiales;f__Ruminococcaceae;g__Ruminococcus;s__Ruminococcus_callidus	k__Bacteria;p__Bacteroidetes;c__Bacteroidia;o__Bacteroidales;f__Rikenellaceae;g__Alistipes;s__Alistipes_senegalensis	k__Bacteria;p__Firmicutes;c__Clostridia;o__Clostridiales;f__Lachnospiraceae;g__Blautia;s__Blautia_sp._KLE_1732	k__Bacteria;p__Bacteroidetes;c__Bacteroidia;o__Bacteroidales;f__Bacteroidaceae;g__Bacteroides;s__Bacteroides_oleiciplenus	k__Bacteria;p__Firmicutes;c__Clostridia;o__Clostridiales;f__Ruminococcaceae;g__Ruminococcus;s__Ruminococcus_bicirculans	k__Bacteria;p__Bacteroidetes;c__Bacteroidia;o__Bacteroidales;f__Bacteroidaceae;g__Bacteroides;s__Bacteroides_fluxus	k__Bacteria;p__Bacteroidetes;c__Bacteroidia;o__Bacteroidales;f__Prevotellaceae;g__Prevotella;s__Prevotella_stercorea	k__Bacteria;p__Firmicutes;c__Clostridia;o__Clostridiales;f__Lachnospiraceae;g__Dorea;s__Dorea_longicatena	k__Bacteria;p__Firmicutes;c__Clostridia;o__Clostridiales;f__Eubacteriaceae;g__Eubacterium;s__[Eubacterium]_eligens	k__Bacteria;p__Firmicutes;c__Clostridia;o__Clostridiales;f__Ruminococcaceae;g__;s__Ruminococcaceae_bacterium_D16	k__Bacteria;p__Firmicutes;c__Clostridia;o__Clostridiales;f__Lachnospiraceae;g__Coprococcus;s__Coprococcus_comes	k__Bacteria;p__Proteobacteria;c__Gammaproteobacteria;o__Enterobacterales;f__Enterobacteriaceae;g__Escherichia;s__Escherichia_coli	k__Bacteria;p__Firmicutes;c__Clostridia;o__Clostridiales;f__Ruminococcaceae;g__Anaerotruncus;s__Anaerotruncus_colihominis	k__Bacteria;p__Firmicutes;c__Clostridia;o__Clostridiales;f__Lachnospiraceae;g__Blautia;s__Blautia_obeum	k__Bacteria;p__Bacteroidetes;c__Bacteroidia;o__Bacteroidales;f__Odoribacteraceae;g__Odoribacter;s__Odoribacter_laneus	k__Bacteria;p__Firmicutes;c__Clostridia;o__Clostridiales;f__Ruminococcaceae;g__Ruminiclostridium;s__[Clostridium]_leptum	k__Bacteria;p__Bacteroidetes;c__Bacteroidia;o__Bacteroidales;f__Porphyromonadaceae;g__Parabacteroides;s__Parabacteroides_goldsteinii	k__Bacteria;p__Firmicutes;c__Clostridia;o__Clostridiales;f__Lachnospiraceae;g__Anaerostipes;s__Anaerostipes_hadrus	k__Bacteria;p__Firmicutes;c__Clostridia;o__Clostridiales;f__Ruminococcaceae;g__Ruminococcus;s__Ruminococcus_lactaris	k__Bacteria;p__Firmicutes;c__Clostridia;o__Clostridiales;f__Clostridiaceae;g__Clostridium;s__Clostridium_sp._L2-50	k__Bacteria;p__Firmicutes;c__Clostridia;o__Clostridiales;f__Clostridiaceae;g__Clostridium;s__Clostridium_sp._M62/1	k__Bacteria;p__Firmicutes;c__Clostridia;o__Clostridiales;f__;g__Intestinimonas;s__Intestinimonas_butyriciproducens	k__Bacteria;p__Actinobacteria;c__Actinobacteria;o__Bifidobacteriales;f__Bifidobacteriaceae;g__Bifidobacterium;s__Bifidobacterium_bifidum	k__Bacteria;p__Firmicutes;c__Negativicutes;o__Veillonellales;f__Veillonellaceae;g__Dialister;s__Dialister_invisus	k__Bacteria;p__Bacteroidetes;c__Bacteroidia;o__Bacteroidales;f__Bacteroidaceae;g__Bacteroides;s__Bacteroides_salanitronis
k__Bacteria;p__Bacteroidetes;c__Bacteroidia;o__Bacteroidales;f__Bacteroidaceae;g__Bacteroides;s__Bacteroides_vulgatus	1.0	0.0622889429808	-0.0207837918709	0.0406602212968	-0.0459882225304	-0.0387406970851	-0.0235812242083	0.00467571401631	0.00317374844252	0.020159751883	0.007889400299	0.00583300556359	0.0105215083013	-0.00113120047141	0.0348213132767	0.0610561927707	-0.0307486620385	-0.040158938937	0.0410456098133	-0.029417583647	0.0411349414696	-0.0399855450156	-0.0100322831836	-0.0252140561703	-0.0383883390792	-0.0115683425434	-0.030744114221	-0.0250485606771	-0.0340672912632	-0.00550030878911	0.0222614170483	-0.0445800850744	0.0175465657589	-0.0545968015746	0.0568947583789	0.0364883283294	-0.0279058889586	-0.0094419054419	0.00728938640482	-0.0399130657697	0.00727727052189	0.00991250241653	-0.0311445180741	-0.0461898506794	-0.0212522486979	-0.0231213144082	0.0227178964987	-0.0191105188911	0.0319007014192	0.0465627883204	0.00299489966937	0.00786324054873	-0.0158177162923	-0.0192198441183	-0.0516290291302	-0.011597110945	0.0107891492203	-0.01572570468	-0.0162988724579
k__Bacteria;p__Bacteroidetes;c__Bacteroidia;o__Bacteroidales;f__Bacteroidaceae;g__Bacteroides;s__Bacteroides_uniformis	0.0622889429808	1.0	0.00968656227221	0.041438656841	0.0505535687588	0.0163119263634	-0.0224699753617	-0.0159933417646	-0.00265976677322	-0.0167336554468	-0.0150421850749	-0.0371781539779	0.0309675503298	-0.0863148196243	-0.0314719190013	-0.0561307022499	0.051325749137	-0.00471221697147	-0.038038684764	-0.0380004194547	0.0218851851782	0.00109185427056	-0.0399785699417	-0.0275079272511	-0.0335171184456	0.00895482386297	-0.00256371950442	-0.00620522007509	-0.0438049786852	0.0284962563827	0.0155157875421	-0.0126157464224	0.0139399654478	-0.0191176479704	0.0305858500777	0.0342543561261	0.0159136880952	0.0292126451201	-0.0316404548703	-0.0719977071407	-0.0544872743316	-0.0214224064522	0.00847556475999	-0.000744844966073	0.0148666318159	0.096170283894	-0.0386611095159	-0.015608558501	0.0313999012407	0.00626136878665	-0.00593019458287	0.0234591710434	-0.000534740714568	0.0114771826531	-0.0186558695774	0.0226760642699	0.0479233845017	-0.00500762674844	-0.0682905789823
k__Bacteria;p__Bacteroidetes;c__Bacteroidia;o__Bacteroidales;f__Rikenellaceae;g__Alistipes;s__Alistipes_putredinis	-0.0207837918709	0.00968656227221	1.0	-0.0060755678232	0.00648197600084	0.061028234335	0.0119727730512	-0.0647697663176	-0.0327065616336	0.0315211308033	0.0607599559003	0.00520023837425	-0.00420450490881	0.00258383921535	0.0265710369647	0.0330988609622	-0.00555788205234	0.0203833054868	-0.00797338619872	-0.0162789029444	0.0426386704655	-0.0323977065906	-0.0459791383882	-0.0496232973541	0.00432182485143	0.0238185372978	-0.0354085248398	-0.0641650766679	-0.00815117683379	-0.0136956823797	-0.065995510483	-0.0335439423381	0.0127665159813	0.021611213473	0.0383906311207	-0.0142726940313	0.0209806003827	-0.0587221171904	-0.051011051932	-0.00666916708357	0.0497113900026	-0.0241607778741	-0.0431463715076	0.0379750593511	-0.0894167939775	-0.00804564155004	0.0134699075539	-0.0206396350849	0.0344431590373	-0.0240844327862	0.00327945344162	-0.0258934668708	0.0121856886221	-0.0208790433369	0.0246804169692	0.0157781238875	-0.0141215105288	-0.0372625345693	0.0192770660873
k__Bacteria;p__Bacteroidetes;c__Bacteroidia;o__Bacteroidales;f__Prevotellaceae;g__Prevotella;s__Prevotella_copri	0.0406602212968	0.041438656841	-0.0060755678232	1.0	-0.0206251153481	-0.0163292373355	0.0449765313254	0.00304052979933	-0.0744964514787	-0.0189428813747	0.000817041168096	0.0789951504208	-0.0178792583698	-0.0205596572393	0.0409745791276	-0.0144938567515	0.00255749536719	-0.0262577026971	0.0254646306964	-0.0196674600299	0.00779812801524	0.0485273059264	-0.0458929435931	0.0114832020854	0.0295446242325	-0.0158449777789	-0.0235959298675	-0.0443157779599	-0.0143284480125	-0.0773164487446	-0.0387843325477	0.0472564779656	-0.00590217795505	-0.012493996824	-0.0133464233454	0.0100018605414	-0.0275329670955	0.0125722163307	-0.0384348017429	0.0265147306249	-0.00604133544907	-0.0405239460176	-0.0160800948334	0.00978394307495	-0.0210257697676	-0.0480621183027	0.0146727921888	0.00674654257132	-0.01493474133	-0.0509086056779	-0.0164867550766	0.0134869982006	-0.00829610016289	-0.0462100050454	-0.000171327579089	0.0204184882964	-0.00368435083714	0.00397806365821	-0.00543860608678
k__Bacteria;p__Bacteroidetes;c__Bacteroidia;o__Bacteroidales;f__Bacteroidaceae;g__Bacteroides;s__Bacteroides_stercoris	-0.0459882225304	0.0505535687588	0.00648197600084	-0.0206251153481	1.0	-0.0450297581738	-0.0299454206931	0.0445074043299	-0.0930421278871	-0.0143026009693	0.0417442996583	0.0193219746673	-0.0268574724743	0.078059703795	-0.00430665495357	-0.000252935964953	-0.0560059355365	0.0394344648634	0.0389287294108	0.0184328314803	0.0127313076233	-0.0503781291614	0.0167656371483	-0.0388572226145	-0.0234982338534	-0.0225330291489	-0.0235365096006	0.00303931940525	0.0102381426736	0.0566698122362	0.0643592134894	-0.0286987209009	0.0131133035536	-0.00172818201563	-0.0200395785358	-0.01929347745	-0.0207022938272	0.00689051574674	-0.0157836422768	-0.0259551935904	0.0632033924179	-0.0164683666094	0.0127732405892	-0.0196992151459	0.0356069501476	-0.0337356900692	0.0126917322063	0.0427274004659	0.00720697138541	-0.0380801451143	0.0191571341288	0.00492385249098	-0.0259714807547	0.00157171614519	-0.0441262734288	0.0143194087867	-0.0266831138074	-0.0738059683886	-0.043743653231
k__Bacteria;p__Bacteroidetes;c__Bacteroidia;o__Bacteroidales;f__Bacteroidaceae;g__Bacteroides;s__Bacteroides_ovatus	-0.0387406970851	0.0163119263634	0.061028234335	-0.0163292373355	-0.0450297581738	1.0	-0.0279396537868	-0.0161083988558	0.0678340587873	-0.0257249392756	-0.0093618144135	0.0321020250103	0.017336607248	-0.0259971084133	-0.0392078058977	0.0228747269427	-0.0199873055471	-0.0354578793513	-0.0246761095112	-0.0370723111013	0.0163177243405	-0.0316850359627	-0.0354028090589	0.0578775770307	0.0120626782731	-0.0886165758338	0.00309176580591	-0.0332271586028	-0.0294749499454	0.00945553243222	-0.0285154200157	0.00996574881753	-0.0435560636351	-0.0074529988498	-0.00210976923758	-0.0105815057139	-0.0066530423159	-0.0383941671907	-0.0376581688561	-0.0144312337139	-0.0299830265455	0.0566858777899	-0.0296098997287	0.0212059671405	0.0281200879591	-0.00525778372174	0.0397857253169	-0.00680384724543	-0.0385185437749	-0.0649794133156	0.0481161155519	-0.0297462432326	-0.00261737275896	-0.0377005966264	-0.013072758681	0.0451333120858	0.0273228492725	0.0202086047269	0.00560044535252
k__Bacteria;p__Bacteroidetes;c__Bacteroidia;o__Bacteroidales;f__Rikenellaceae;g__Alistipes;s__Alistipes_shahii	-0.0235812242083	-0.0224699753617	0.0119727730512	0.0449765313254	-0.0299454206931	-0.0279396537868	1.0	-0.0587278199778	0.0473398636784	0.0123252422408	0.00183765257205	-0.0112535272622	-0.0290407411572	-0.00312066643712	-0.0204078802756	0.0603804854899	-0.0336400466394	0.0466974950781	0.0337533814456	-0.0259335888079	0.00251108277014	-0.0305996808165	0.003523639671	-0.0276737110121	0.00865373211046	-0.0140125238885	-0.001916146275	-0.00655320611115	-0.00478829354237	0.0337048684367	-0.0205147456821	-0.0738269957456	0.0904841871142	-0.0539786115343	-0.0552442749999	-0.0681304461391	0.00418992265659	0.0266837265759	-0.0464582910877	-0.00894600473805	0.00329852535281	-0.0762747402147	0.00881812785937	0.0165189828482	-0.0513383183559	-0.0217750087774	0.00416749974595	0.031306669339	-0.0349282355194	-0.0228801291869	0.0427586213349	0.00420940230635	-0.0378509892688	-0.0541086860123	-0.037478138298	0.00706419229243	0.000379713521512	-0.0412698415535	0.0146139546664
k__Bacteria;p__Firmicutes;c__Clostridia;o__Clostridiales;f__Ruminococcaceae;g__Faecalibacterium;s__Faecalibacterium_prausnitzii	0.00467571401631	-0.0159933417646	-0.0647697663176	0.00304052979933	0.0445074043299	-0.0161083988558	-0.0587278199778	1.0	0.00654430489989	0.0254731720562	0.00621513377236	-0.00767502926607	-0.0254044123123	0.0206456882023	-0.0338785561895	0.0251466993145	0.00195491112196	0.0424362087581	-0.0419528701637	0.015771186406	-0.0244346948194	0.00107748686137	-0.0329690716061	-0.0249621068214	0.0380320603969	0.0157109333346	0.00306329004219	0.0330206866952	0.036834586919	0.0378731903441	-0.0108817469426	0.0246236807256	0.00226870784861	-0.0552867899094	0.0132024941517	-0.0281755662485	0.0416947582169	0.00375586682126	0.0162346884613	0.00424618086483	0.0216765774865	0.0188829133797	-0.012093921474	0.0682355429518	-0.0175445470049	-0.0936283232211	-0.0204095151089	-0.0323419342665	-0.00164608409251	-0.0315135661223	0.00898261993408	-0.0776682847806	-0.0400175983173	-0.0389137455705	-0.0319006212822	-0.0419863309153	-0.0192586489447	-0.0516556040331	-0.019347357002
k__Bacteria;p__Bacteroidetes;c__Bacteroidia;o__Bacteroidales;f__Rikenellaceae;g__Alistipes;s__Alistipes_finegoldii	0.00317374844252	-0.00265976677322	-0.0327065616336	-0.0744964514787	-0.0930421278871	0.0678340587873	0.0473398636784	0.00654430489989	1.0	-0.0780846180079	-0.0441089176988	-0.00937160478628	-0.070787748139	0.0130142436501	-0.0308576083816	0.00565379436276	0.0427215954248	-0.0269255781124	-0.0265321091368	0.0177149571747	-0.0619998254885	-0.0359097405588	-0.0284932986649	0.0300567006667	-0.0636964381249	-0.0501013665935	-0.00579037149147	0.028188493703	-0.0274007534741	-0.0155905649271	0.0220216635772	0.0485108783916	0.0365925189465	0.0100118079986	-0.0301175552177	0.00303866505663	-0.0280710966147	-0.0393027246598	-0.0761308239735	-0.00617007302339	0.00477288060575	-0.00736777589008	0.0424528861207	0.0687200897636	-0.0800875588516	0.058569997555	-0.00602285278756	0.000894116478278	-0.00734224590767	0.0341323531965	-0.0289643879017	-0.0160524199515	0.00197819280794	-0.0101897617733	0.0127921894438	-0.0435714761113	0.00375913346648	0.00856052423295	-0.0714777498555
k__Bacteria;p__Bacteroidetes;c__Bacteroidia;o__Bacteroidales;f__Porphyromonadaceae;g__Parabacteroides;s__Parabacteroides_distasonis	0.020159751883	-0.0167336554468	0.0315211308033	-0.0189428813747	-0.0143026009693	-0.0257249392756	0.0123252422408	0.0254731720562	-0.0780846180079	1.0	0.0470856208792	-0.0783163684153	-0.0231241114551	-0.0410680133556	0.0234408193079	-0.0332857961281	-0.020555001904	0.0334825114294	0.0170268215633	-0.0463739900947	-0.0583105505254	0.000617561296154	-0.0355954192501	-0.0206101739213	0.0174544669294	0.0173131390524	-0.035618995243	0.00697728866114	-0.0274130694847	-0.0420685296577	-0.0437608360188	0.00672297959956	-0.0433683867687	-0.00242992393854	-0.0190618197092	-0.0244741533741	0.0345774075543	-0.0127775883947	0.00450864786665	-0.0188896967145	0.0138769033571	-0.0446870974297	0.0659348516663	0.0259347332058	-0.000596656699787	0.0457566476731	0.0542992936933	0.0140769338449	-0.0230853119786	-0.0248557806577	0.0238733478757	-0.00259410130094	-0.0481806892471	-0.0148949189654	0.0557699445541	-0.0339170415382	0.00791748648526	0.0867969341804	-0.0796950332276
k__Bacteria;p__Bacteroidetes;c__Bacteroidia;o__Bacteroidales;f__Bacteroidaceae;g__Bacteroides;s__Bacteroides_thetaiotaomicron	0.007889400299	-0.0150421850749	0.0607599559003	0.000817041168096	0.0417442996583	-0.0093618144135	0.00183765257205	0.00621513377236	-0.0441089176988	0.0470856208792	1.0	-0.00488034695238	-0.0147413099938	-0.0491602979582	-0.0855866561696	0.0137025505196	-0.0390350470894	-0.103528152417	-0.00192129337332	-0.00363090804972	0.0116882317204	0.0419680837435	-0.00623668034433	0.0242617795516	-0.010258631825	0.0368748431094	0.00154858973196	-0.000127048730447	0.0191695262311	-0.0364152937094	-0.00653559946106	-0.0544140975723	-0.0429223071304	-0.0320735636052	-0.0312083056913	-0.00140859506157	-0.0244130613686	0.0292421446447	-0.0291404244711	0.076056292423	0.00685102323578	-0.0525940118145	0.0375270623028	-0.0363953723181	-0.0669767966419	0.0155733436981	-0.000786158817002	0.0333340777256	-0.0685420942688	-0.00731778255424	0.0683924963409	-0.00973967312057	-0.0257336581699	0.032458110284	-0.0236233811651	0.0173499864138	0.0482624268933	0.0174385808863	-0.00796041201519
k__Bacteria;p__Bacteroidetes;c__Bacteroidia;o__Bacteroidales;f__Bacteroidaceae;g__Bacteroides;s__Bacteroides_coprocola	0.00583300556359	-0.0371781539779	0.00520023837425	0.0789951504208	0.0193219746673	0.0321020250103	-0.0112535272622	-0.00767502926607	-0.00937160478628	-0.0783163684153	-0.00488034695238	1.0	-0.0500771257889	0.00093844512291	0.0137415575019	-0.0439767314394	0.0529228488794	0.00525501104769	-0.0123611152872	0.00486360928267	-0.00393008710761	0.0188550159124	-0.0130837865544	-0.0107649041703	-0.00684989082957	0.059648484487	-0.058832471783	0.0337738644658	0.0278776432959	-0.0161874026428	-0.0316401170204	-0.0346159101803	0.046587547816	-0.0452005279226	0.037225311562	-0.0657196737977	-0.0374822259058	0.0431831637837	-0.0111920019093	-0.00943943522877	-0.0120929716148	-0.0322854817653	-0.0440834914783	0.0258880735674	0.0639803719641	-0.0220843215831	-0.0623591716233	-0.000835370204251	-0.0255350191198	0.00814165089796	-0.0234103682411	-0.00127730365248	0.0210766387005	-0.0192118206526	0.0223812645498	-0.0377413471544	-0.0190190141203	-0.0231213391133	-0.00937498287055
k__Bacteria;p__Bacteroidetes;c__Bacteroidia;o__Bacteroidales;f__Bacteroidaceae;g__Bacteroides;s__Bacteroides_cellulosilyticus	0.0105215083013	0.0309675503298	-0.00420450490881	-0.0178792583698	-0.0268574724743	0.017336607248	-0.0290407411572	-0.0254044123123	-0.070787748139	-0.0231241114551	-0.0147413099938	-0.0500771257889	1.0	-0.0150646046186	0.0395043955121	-0.0251604405943	0.00668664138383	0.0662984423916	-0.00884680381105	0.00129744381563	0.0172494243692	-0.029015036045	-0.0354383572618	-0.00602847235975	0.0598107822615	-0.0608428464358	0.0291426430741	-0.0139210163183	0.0777215961075	0.0198360927154	-0.0248469704998	-0.0093393180942	-0.0377057419465	-0.0576487600198	-0.0244570523412	-0.0249723423864	0.00715736170369	0.0143153936825	0.0133815026467	-0.0592821982205	-0.0105984211401	0.0284236508525	-0.00378130382166	0.0111936214105	-0.0073060066044	-0.0163007959639	-0.0107684137216	0.0146080619299	-0.0187580543386	-0.0189547937899	0.0397058624847	-0.00376028137207	-0.00279599063226	-0.0174273884813	-0.00469672302481	-0.0245228677542	0.00859352108848	-0.0051496328803	-0.0152838528193
k__Bacteria;p__Bacteroidetes;c__Bacteroidia;o__Bacteroidales;f__Rikenellaceae;g__Alistipes;s__Alistipes_obesi	-0.00113120047141	-0.0863148196243	0.00258383921535	-0.0205596572393	0.078059703795	-0.0259971084133	-0.00312066643712	0.0206456882023	0.0130142436501	-0.0410680133556	-0.0491602979582	0.00093844512291	-0.0150646046186	1.0	-0.062621908142	0.032828807421	-0.0356247030491	-0.0924017705572	-0.0150049614197	-0.0104437645925	-0.0103432014115	0.00861665941771	0.0028357872168	0.0589331604382	-0.0171016395003	-0.0417120388122	0.000958806757964	0.00166031143686	-0.0501831638143	0.0272638481793	-0.00566608106574	-0.0429778091152	0.0226318998451	0.0406004262376	-0.0121542259839	0.00725111250951	-0.0262016372279	-0.0514372203532	-0.0101105147788	0.0122627306886	-0.0261549358904	0.0131657846354	0.00760280481529	-0.05212141974	0.0347108724164	-0.0240562016784	-0.0529208056045	0.00055502546703	0.0240193431141	-0.021376667641	0.0398305689182	-0.036134323636	0.0202917560246	0.0086714707111	0.0335837624237	-0.0421491212776	0.00545573174538	-0.020184161318	0.00174755595123
k__Bacteria;p__Firmicutes;c__Clostridia;o__Clostridiales;f__Lachnospiraceae;g__;s__[Eubacterium]_rectale	0.0348213132767	-0.0314719190013	0.0265710369647	0.0409745791276	-0.00430665495357	-0.0392078058977	-0.0204078802756	-0.0338785561895	-0.0308576083816	0.0234408193079	-0.0855866561696	0.0137415575019	0.0395043955121	-0.062621908142	1.0	0.0451732184718	-0.0149400809387	0.00638170515513	0.00965560474251	-0.0217637865215	0.0206818774582	-0.0753057225841	0.0190685151825	0.0254044950551	-0.0328441276796	-0.0556961717511	-0.0384945069424	-0.0182799934835	0.025600969076	0.0195650240686	-0.00659171888907	0.0207282478078	-0.0516807356197	-0.00736771462893	0.0228754655983	0.00205412288315	0.0217050038306	0.016335141316	0.00579734006099	-0.00768946706643	-0.0643975589115	0.0212874985473	-0.0202542480452	0.0379058213365	-0.019778595098	0.00186194051021	-0.0229114792997	-0.0968288937858	-0.0130142176853	-0.000597342722947	-0.0166774413245	0.0381747205752	0.0201979503723	0.0458740787105	-0.00233213099347	-0.022984159478	0.00824319145599	0.0309261508598	-0.0646912943143
k__Bacteria;p__Bacteroidetes;c__Bacteroidia;o__Bacteroidales;f__Bacteroidaceae;g__Bacteroides;s__Bacteroides_plebeius	0.0610561927707	-0.0561307022499	0.0330988609622	-0.0144938567515	-0.000252935964953	0.0228747269427	0.0603804854899	0.0251466993145	0.00565379436276	-0.0332857961281	0.0137025505196	-0.0439767314394	-0.0251604405943	0.032828807421	0.0451732184718	1.0	0.0419362318393	0.0208021219244	-0.0173250748928	-0.0597526490542	0.111954935974	0.0176871011125	0.00141581074293	0.0059671871939	-0.0303488738485	0.0163629944977	-0.0699460068362	-0.037095490759	0.0263620467874	0.00221253333384	0.00661316351364	-0.0406356045175	-0.00351577328952	-0.00966284699298	-0.0458204476721	-0.0494491482629	-0.0581707504408	-0.00262509879611	0.00874272514953	-0.0494980001335	-0.0126850320279	-0.0101668816961	-0.0455689414119	0.0123919336725	-0.0223934669632	0.0106224412836	0.0297043813486	0.00949027257603	0.00109279236681	-0.0678874509769	-0.0120862853712	0.00169873967259	-0.00408413464915	-0.023197373988	-0.0206055847981	0.0228715682209	-0.0267125630742	-0.0207837757741	0.0263133413025
k__Bacteria;p__Bacteroidetes;c__Bacteroidia;o__Bacteroidales;f__Bacteroidaceae;g__Bacteroides;s__Bacteroides_fragilis	-0.0307486620385	0.051325749137	-0.00555788205234	0.00255749536719	-0.0560059355365	-0.0199873055471	-0.0336400466394	0.00195491112196	0.0427215954248	-0.020555001904	-0.0390350470894	0.0529228488794	0.00668664138383	-0.0356247030491	-0.0149400809387	0.0419362318393	1.0	-0.016944845945	0.0199473489841	0.0182595800599	-0.0364500098734	0.0500922215904	0.00107694371617	-0.0245470266508	-0.0200907554285	0.00348009649546	-0.0235940606801	-0.036609338614	-0.00116564014484	-0.0153046150822	-0.00879122800525	0.00669879919918	0.0362842522304	0.0442382995982	-0.0235328937066	-0.0502318114611	0.00402229454528	0.0605108759027	0.0537070958469	-0.0429677948995	-0.058863771206	-0.016196307498	-0.0175139673475	0.0291996244293	0.0110117600176	0.00272353844581	-0.0604691290447	-0.0318017279523	-0.0133703166202	-0.0594588876105	0.0231290518575	-0.0234190878859	-8.34011942519e-05	-0.0470304370106	0.00725367958791	-0.0438913902417	0.0278041037951	0.0432799887446	-0.0473800717757
k__Bacteria;p__Proteobacteria;c__Betaproteobacteria;o__Burkholderiales;f__Sutterellaceae;g__Sutterella;s__Sutterella_wadsworthensis	-0.040158938937	-0.00471221697147	0.0203833054868	-0.0262577026971	0.0394344648634	-0.0354578793513	0.0466974950781	0.0424362087581	-0.0269255781124	0.0334825114294	-0.103528152417	0.00525501104769	0.0662984423916	-0.0924017705572	0.00638170515513	0.0208021219244	-0.016944845945	1.0	-0.0181218702029	-0.0352773812498	0.0458558907507	-0.0132875120055	-0.000667105021635	-0.0226823697055	-0.0133160219222	-0.0127050406508	0.0156513290044	0.0363233485718	0.00874167544324	0.0402477330308	-0.0543669183509	-0.0361207611671	0.0111460569521	-0.00734902263906	0.0444605584565	0.00658168323289	-0.0181003258307	-0.0371842065293	0.0270716169039	-0.0113725988763	-0.0557571809902	-0.0513937854493	-0.0205233533833	0.0311628455502	-0.0520213957574	0.0234012502532	0.00683885084748	-0.0669804146731	0.0429031919277	-0.0363260929162	0.00752291093148	-0.0248608497486	0.013297165599	-0.026036754259	0.0265579378159	-0.0190030325803	0.00103066092209	-0.0192760777258	-0.0406412132935
k__Bacteria;p__Bacteroidetes;c__Bacteroidia;o__Bacteroidales;f__Porphyromonadaceae;g__Barnesiella;s__Barnesiella_intestinihominis	0.0410456098133	-0.038038684764	-0.00797338619872	0.0254646306964	0.0389287294108	-0.0246761095112	0.0337533814456	-0.0419528701637	-0.0265321091368	0.0170268215633	-0.00192129337332	-0.0123611152872	-0.00884680381105	-0.0150049614197	0.00965560474251	-0.0173250748928	0.0199473489841	-0.0181218702029	1.0	-0.0451965186809	0.0818107673539	-0.00191972621464	-0.00398583691232	-0.0469100332235	-0.0207470653704	-0.00117338467133	-0.00045018075281	0.0263420293343	-0.0454785671162	-0.0110693340001	0.00553305824122	-0.0463459455459	0.0125106131758	0.0625116161618	-0.00697356855182	-0.0192036153931	-0.0377729908853	-0.0501575884505	0.0286071886259	-0.0178193057738	-0.0518955170149	-0.0538361589486	-0.0604264535651	-0.0376633755996	-0.0303001164241	0.00255082619707	-0.0276214767355	0.038163377162	0.0514355013844	-0.0326204690453	-0.0691909492712	0.0374071820668	-0.00803798995968	0.0198304936424	-0.062700966425	-0.0101539573249	0.026019973448	-0.0249368457932	0.0284836744176
k__Bacteria;p__Bacteroidetes;c__Bacteroidia;o__Bacteroidales;f__Odoribacteraceae;g__Odoribacter;s__Odoribacter_splanchnicus	-0.029417583647	-0.0380004194547	-0.0162789029444	-0.0196674600299	0.0184328314803	-0.0370723111013	-0.0259335888079	0.015771186406	0.0177149571747	-0.0463739900947	-0.00363090804972	0.00486360928267	0.00129744381563	-0.0104437645925	-0.0217637865215	-0.0597526490542	0.0182595800599	-0.0352773812498	-0.0451965186809	1.0	0.0358107365773	-0.00205877501899	0.0147793767183	-0.0195668108307	-0.0582173961187	-0.024694113874	-0.00518993337332	-0.0139787305105	0.00470485604336	-0.00554418753152	0.0131778435744	-0.041166436839	0.0144141948243	0.0113931570493	-0.00612466235211	-0.008812796552	0.0341762552523	0.000343652005402	-0.0302379001697	0.0281093398784	-0.0302839099451	0.0121983753094	0.0235198203915	0.040634766803	-0.0480501873714	-0.0399280440252	-0.00782533111443	-0.0194444049952	-0.0465148623216	0.0197534291445	-0.0301831292363	-0.0646091586865	-0.0114724899334	0.0104031341882	-0.0112308155804	-0.0385795209886	-0.0844909602747	-0.0350125125327	0.0178955895066
k__Bacteria;p__Bacteroidetes;c__Bacteroidia;o__Bacteroidales;f__Bacteroidaceae;g__Bacteroides;s__Bacteroides_salyersiae	0.0411349414696	0.0218851851782	0.0426386704655	0.00779812801524	0.0127313076233	0.0163177243405	0.00251108277014	-0.0244346948194	-0.0619998254885	-0.0583105505254	0.0116882317204	-0.00393008710761	0.0172494243692	-0.0103432014115	0.0206818774582	0.111954935974	-0.0364500098734	0.0458558907507	0.0818107673539	0.0358107365773	1.0	0.0305161601102	-0.0854985370119	-0.00823522509699	-0.001511949988	-0.0618125920815	0.0235197311648	-0.0069324354006	0.0127701473443	0.000197452534899	0.00807910997265	0.00253766863633	-0.00647102693829	0.00720423488548	-0.0277193905353	-0.00750499707116	-0.0607841441366	0.0278734314276	-0.00496274768463	-0.0351845807331	-0.0211575928972	0.0126414716243	-0.00427004722553	-0.0422126317486	-0.00430264036233	-0.0482159408047	-0.0132345515722	-0.0052187883446	0.0172495476916	-0.0340425141777	-0.0536900551632	-0.0257078938756	-0.0342773846223	-0.0175113778365	-0.00516763604111	0.0224697241912	-0.0400728132804	-0.0678804791998	0.0240981570945
k__Bacteria;p__Firmicutes;c__Clostridia;o__Clostridiales;f__Ruminococcaceae;g__Ruminiclostridium;s__[Eubacterium]_siraeum	-0.0399855450156	0.00109185427056	-0.0323977065906	0.0485273059264	-0.0503781291614	-0.0316850359627	-0.0305996808165	0.00107748686137	-0.0359097405588	0.000617561296154	0.0419680837435	0.0188550159124	-0.029015036045	0.00861665941771	-0.0753057225841	0.0176871011125	0.0500922215904	-0.0132875120055	-0.00191972621464	-0.00205877501899	0.0305161601102	1.0	0.0354087339083	0.0305646278649	-0.0404918249114	-0.0051993094824	-0.0181632822993	0.00948499690711	-0.0394287425271	0.0268973571639	-0.081074956056	-0.0293277466648	-0.0242526198085	0.0472824789941	-0.00863827200861	-0.0363364386846	0.0139705281505	0.0506385273375	-0.00159164123208	-0.013898376103	-0.021581726979	0.0598711646876	0.0279625262764	-0.00981013395218	0.00937587283473	-0.00514887263199	0.0368082947642	-0.00255653109425	-0.0132106962948	0.0174245607008	0.021560913183	-0.0234663514667	-0.00585387587787	0.000452571064462	-0.0518287268812	0.00500648723175	-0.0900116200323	0.0124396411417	-0.0198576797406
k__Bacteria;p__Proteobacteria;c__Betaproteobacteria;o__Burkholderiales;f__Sutterellaceae;g__Parasutterella;s__Parasutterella_excrementihominis	-0.0100322831836	-0.0399785699417	-0.0459791383882	-0.0458929435931	0.0167656371483	-0.0354028090589	0.003523639671	-0.0329690716061	-0.0284932986649	-0.0355954192501	-0.00623668034433	-0.0130837865544	-0.0354383572618	0.0028357872168	0.0190685151825	0.00141581074293	0.00107694371617	-0.000667105021635	-0.00398583691232	0.0147793767183	-0.0854985370119	0.0354087339083	1.0	-0.0319575355673	0.0182241581991	0.00891028071714	-0.0248189302657	-0.0142627624263	-0.00824963975058	-0.0328617831275	0.0328236204474	-0.0198030644573	-0.0555935933908	0.0144131625232	0.0424056247021	0.0266768680911	-0.0156780631232	-0.049331003494	-0.0317374907423	0.012279256467	0.0140938721151	0.0558975273232	0.0185736378743	-0.0130844319862	0.0404272657105	-0.00279053597857	-0.0113218844116	0.0375971404465	-0.0477292966733	0.0367236815327	-0.0373458225478	-0.0445655796371	0.0150994362557	0.0201596195438	-0.00117486029881	0.0338826031157	0.0143058062016	-0.0315317756498	0.071057514067
k__Bacteria;p__Actinobacteria;c__Actinobacteria;o__Bifidobacteriales;f__Bifidobacteriaceae;g__Bifidobacterium;s__Bifidobacterium_adolescentis	-0.0252140561703	-0.0275079272511	-0.0496232973541	0.0114832020854	-0.0388572226145	0.0578775770307	-0.0276737110121	-0.0249621068214	0.0300567006667	-0.0206101739213	0.0242617795516	-0.0107649041703	-0.00602847235975	0.0589331604382	0.0254044950551	0.0059671871939	-0.0245470266508	-0.0226823697055	-0.0469100332235	-0.0195668108307	-0.00823522509699	0.0305646278649	-0.0319575355673	1.0	-0.00456185441044	-0.0215035058508	0.0497271419884	-0.0127338354334	-0.0236821784057	-0.0145214366038	-0.048110116896	0.0311605230409	-0.0268646053848	-0.00952420553492	0.0140201328133	-0.0855366998627	0.0194999315496	-0.0256990741295	0.00232215642224	0.0188627623247	0.0264161944844	-0.023294084044	0.0147380887141	0.0331063289114	0.0361995303775	-0.00347977026617	-0.032836751929	0.0230580924055	0.0223192192435	-0.0386767748421	-0.0659457797702	0.032343637499	-0.0206801625122	-0.0142835525885	-0.0523387014036	0.0495529981172	-0.0422182240281	-0.00191627426766	0.0629852594667
k__Bacteria;p__Firmicutes;c__Clostridia;o__Clostridiales;f__Oscillospiraceae;g__Oscillibacter;s__Oscillibacter_sp._KLE_1745	-0.0383883390792	-0.0335171184456	0.00432182485143	0.0295446242325	-0.0234982338534	0.0120626782731	0.00865373211046	0.0380320603969	-0.0636964381249	0.0174544669294	-0.010258631825	-0.00684989082957	0.0598107822615	-0.0171016395003	-0.0328441276796	-0.0303488738485	-0.0200907554285	-0.0133160219222	-0.0207470653704	-0.0582173961187	-0.001511949988	-0.0404918249114	0.0182241581991	-0.00456185441044	1.0	0.0416636235473	-0.0498854410837	0.0288706237621	-0.0126785501866	-0.0176098415678	0.0180301444897	0.0195460086689	-0.00238203508319	0.0272089588452	0.0404099930479	-0.0210777629833	-0.0163542262335	-0.0164170578052	0.0028341931578	0.0270483731766	-0.0173520142209	0.042958764078	-0.00345175010421	-0.00899213150178	-0.0724167793794	-0.00640940292835	0.0271630550276	0.0377966267673	-0.0385321729317	0.025099366877	0.0311636766869	0.00681409344367	-0.0377255829957	-0.00883267914679	0.0395411175446	0.00701455477348	-0.0477648375707	-0.000618404185587	-0.0246521078114
k__Bacteria;p__Bacteroidetes;c__Bacteroidia;o__Bacteroidales;f__Bacteroidaceae;g__Bacteroides;s__Bacteroides_coprophilus	-0.0115683425434	0.00895482386297	0.0238185372978	-0.0158449777789	-0.0225330291489	-0.0886165758338	-0.0140125238885	0.0157109333346	-0.0501013665935	0.0173131390524	0.0368748431094	0.059648484487	-0.0608428464358	-0.0417120388122	-0.0556961717511	0.0163629944977	0.00348009649546	-0.0127050406508	-0.00117338467133	-0.024694113874	-0.0618125920815	-0.0051993094824	0.00891028071714	-0.0215035058508	0.0416636235473	1.0	-0.0281994902408	0.0297800000341	-0.00371757375927	0.0135827989487	0.0519269515158	0.0110297791301	-0.0125040701727	0.00434888285045	-0.0399638051622	-0.0376217408281	-0.0168242999563	0.0239395524484	0.020292853146	-0.00526863799746	-0.00132341507553	-0.0293716775883	-0.0568971295578	-0.0374185224104	-0.068724070132	0.00530367897208	0.00420981671242	-0.0238844380246	-0.00974068346918	0.00184042804406	0.00399161636171	0.016942735917	-0.0205255457643	0.0274696288129	0.0540613207288	0.0256798646659	-0.0339612410686	-0.0214023146706	-0.0476851141727
k__Bacteria;p__Firmicutes;c__Clostridia;o__Clostridiales;f__Lachnospiraceae;g__Roseburia;s__Roseburia_intestinalis	-0.030744114221	-0.00256371950442	-0.0354085248398	-0.0235959298675	-0.0235365096006	0.00309176580591	-0.001916146275	0.00306329004219	-0.00579037149147	-0.035618995243	0.00154858973196	-0.058832471783	0.0291426430741	0.000958806757964	-0.0384945069424	-0.0699460068362	-0.0235940606801	0.0156513290044	-0.00045018075281	-0.00518993337332	0.0235197311648	-0.0181632822993	-0.0248189302657	0.0497271419884	-0.0498854410837	-0.0281994902408	1.0	-0.0121426719464	0.0345027397938	0.0175408844988	-0.0202097733892	-0.0104295824097	-0.0112213265287	-0.0701935270223	-0.0488583950838	-0.0591695493061	0.0205710872188	-0.0166383039517	0.0161358209725	0.0781295179464	0.00779911680015	-0.0266234496689	-0.0335143479883	-0.00392428864814	-0.0159888170365	-0.00534499847746	0.0805122320191	0.0100594108748	0.0139797041	0.0511079293992	-0.0222409320498	0.0382571302106	-0.0437223099978	0.0174741203779	-0.0283935304582	-0.0160411191539	0.00428117850276	0.0368670200036	0.0598342184356
k__Bacteria;p__Firmicutes;c__Clostridia;o__Clostridiales;f__Lachnospiraceae;g__Roseburia;s__Roseburia_hominis	-0.0250485606771	-0.00620522007509	-0.0641650766679	-0.0443157779599	0.00303931940525	-0.0332271586028	-0.00655320611115	0.0330206866952	0.028188493703	0.00697728866114	-0.000127048730447	0.0337738644658	-0.0139210163183	0.00166031143686	-0.0182799934835	-0.037095490759	-0.036609338614	0.0363233485718	0.0263420293343	-0.0139787305105	-0.0069324354006	0.00948499690711	-0.0142627624263	-0.0127338354334	0.0288706237621	0.0297800000341	-0.0121426719464	1.0	0.042169504796	0.00119048260871	0.0433337215432	-0.0294477425663	-0.062638449635	-0.0407564225312	0.0310132011949	-0.0387068807579	-0.0391278680804	-0.0436243349362	-0.034858795358	-0.0115946492708	0.0654431113679	-0.00649839967116	-0.0166733803598	-0.0250291316673	0.0180515050462	-0.00997597056502	-0.00053319865991	0.000148621215932	0.00136025259367	0.0237590406909	-0.0714355061035	0.00539002285835	-0.0102474863148	0.0144426666149	-0.00539087593781	-0.00126445367843	0.0323948147275	-0.0493926864779	-0.0323932960981
k__Bacteria;p__Bacteroidetes;c__Bacteroidia;o__Bacteroidales;f__Porphyromonadaceae;g__Parabacteroides;s__Parabacteroides_johnsonii	-0.0340672912632	-0.0438049786852	-0.00815117683379	-0.0143284480125	0.0102381426736	-0.0294749499454	-0.00478829354237	0.036834586919	-0.0274007534741	-0.0274130694847	0.0191695262311	0.0278776432959	0.0777215961075	-0.0501831638143	0.025600969076	0.0263620467874	-0.00116564014484	0.00874167544324	-0.0454785671162	0.00470485604336	0.0127701473443	-0.0394287425271	-0.00824963975058	-0.0236821784057	-0.0126785501866	-0.00371757375927	0.0345027397938	0.042169504796	1.0	0.0458839282196	0.00550941768623	-0.0555329152077	-0.026133467711	-0.0486086750181	-0.00180445796286	-0.0611384257577	0.00281199653941	-0.0258820045763	0.00866090079969	-0.055730647425	-0.012437743681	-0.0294887507121	0.0205533883642	-0.0187443111238	0.0324569137877	-0.00545622923694	0.0267357347824	-0.0339035018352	-0.0306606520878	-0.035828326523	0.0332163867577	-0.00464255128418	-0.00753559502247	0.000914277920979	-0.0110639143726	0.0362077571737	-0.0369421014165	0.0470742174466	0.0279487137697
k__Bacteria;p__Actinobacteria;c__Actinobacteria;o__Bifidobacteriales;f__Bifidobacteriaceae;g__Bifidobacterium;s__Bifidobacterium_longum	-0.00550030878911	0.0284962563827	-0.0136956823797	-0.0773164487446	0.0566698122362	0.00945553243222	0.0337048684367	0.0378731903441	-0.0155905649271	-0.0420685296577	-0.0364152937094	-0.0161874026428	0.0198360927154	0.0272638481793	0.0195650240686	0.00221253333384	-0.0153046150822	0.0402477330308	-0.0110693340001	-0.00554418753152	0.000197452534899	0.0268973571639	-0.0328617831275	-0.0145214366038	-0.0176098415678	0.0135827989487	0.0175408844988	0.00119048260871	0.0458839282196	1.0	0.0142423222055	-0.0133922493379	-0.00758135674765	-0.00474901007634	-0.0247421962447	-0.0479871159043	-0.0465470483466	0.0795608430266	0.0182979863949	-0.0500647031736	0.0259255564636	-0.0533194293915	-0.0130110134609	0.00483114539556	-0.0378865962393	0.0300107752042	0.0409818878118	0.0116456022496	-0.0647265137108	0.0142148111813	0.0729555263292	-0.0555339913694	-0.00732960833428	-0.0457997608609	-0.0174185481088	-0.0372453595111	0.0291438854273	0.0482583919191	-0.0539315706857
