#taxonomy	k__Bacteria;p__Bacteroidetes;c__Bacteroidia;o__Bacteroidales;f__Bacteroidaceae;g__Bacteroides;s__Bacteroides_vulgatus	k__Bacteria;p__Bacteroidetes;c__Bacteroidia;o__Bacteroidales;f__Bacteroidaceae;g__Bacteroides;s__Bacteroides_uniformis	k__Bacteria;p__Bacteroidetes;c__Bacteroidia;o__Bacteroidales;f__Rikenellaceae;g__Alistipes;s__Alistipes_putredinis	k__Bacteria;p__Bacteroidetes;c__Bacteroidia;o__Bacteroidales;f__Prevotellaceae;g__Prevotella;s__Prevotella_copri	k__Bacteria;p__Bacteroidetes;c__Bacteroidia;o__Bacteroidales;f__Bacteroidaceae;g__Bacteroides;s__Bacteroides_stercoris	k__Bacteria;p__Bacteroidetes;c__Bacteroidia;o__Bacteroidales;f__Bacteroidaceae;g__Bacteroides;s__Bacteroides_ovatus	k__Bacteria;p__Bacteroidetes;c__Bacteroidia;o__Bacteroidales;f__Rikenellaceae;g__Alistipes;s__Alistipes_shahii	k__Bacteria;p__Firmicutes;c__Clostridia;o__Clostridiales;f__Ruminococcaceae;g__Faecalibacterium;s__Faecalibacterium_prausnitzii	k__Bacteria;p__Bacteroidetes;c__Bacteroidia;o__Bacteroidales;f__Rikenellaceae;g__Alistipes;s__Alistipes_finegoldii	k__Bacteria;p__Bacteroidetes;c__Bacteroidia;o__Bacteroidales;f__Porphyromonadaceae;g__Parabacteroides;s__Parabacteroides_distasonis	k__Bacteria;p__Bacteroidetes;c__Bacteroidia;o__Bacteroidales;f__Bacteroidaceae;g__Bacteroides;s__Bacteroides_thetaiotaomicron	k__Bacteria;p__Bacteroidetes;c__Bacteroidia;o__Bacteroidales;f__Bacteroidaceae;g__Bacteroides;s__Bacteroides_coprocola	k__Bacteria;p__Bacteroidetes;c__Bacteroidia;o__Bacteroidales;f__Bacteroidaceae;g__Bacteroides;s__Bacteroides_cellulosilyticus	k__Bacteria;p__Bacteroidetes;c__Bacteroidia;o__Bacteroidales;f__Rikenellaceae;g__Alistipes;s__Alistipes_obesi	k__Bacteria;p__Firmicutes;c__Clostridia;o__Clostridiales;f__Lachnospiraceae;g__;s__[Eubacterium]_rectale	k__Bacteria;p__Bacteroidetes;c__Bacteroidia;o__Bacteroidales;f__Bacteroidaceae;g__Bacteroides;s__Bacteroides_plebeius	k__Bacteria;p__Bacteroidetes;c__Bacteroidia;o__Bacteroidales;f__Bacteroidaceae;g__Bacteroides;s__Bacteroides_fragilis	k__Bacteria;p__Proteobacteria;c__Betaproteobacteria;o__Burkholderiales;f__Sutterellaceae;g__Sutterella;s__Sutterella_wadsworthensis	k__Bacteria;p__Bacteroidetes;c__Bacteroidia;o__Bacteroidales;f__Porphyromonadaceae;g__Barnesiella;s__Barnesiella_intestinihominis	k__Bacteria;p__Bacteroidetes;c__Bacteroidia;o__Bacteroidales;f__Odoribacteraceae;g__Odoribacter;s__Odoribacter_splanchnicus	k__Bacteria;p__Bacteroidetes;c__Bacteroidia;o__Bacteroidales;f__Bacteroidaceae;g__Bacteroides;s__Bacteroides_salyersiae	k__Bacteria;p__Firmicutes;c__Clostridia;o__Clostridiales;f__Ruminococcaceae;g__Ruminiclostridium;s__[Eubacterium]_siraeum	k__Bacteria;p__Proteobacteria;c__Betaproteobacteria;o__Burkholderiales;f__Sutterellaceae;g__Parasutterella;s__Parasutterella_excrementihominis	k__Bacteria;p__Actinobacteria;c__Actinobacteria;o__Bifidobacteriales;f__Bifidobacteriaceae;g__Bifidobacterium;s__Bifidobacterium_adolescentis	k__Bacteria;p__Firmicutes;c__Clostridia;o__Clostridiales;f__Oscillospiraceae;g__Oscillibacter;s__Oscillibacter_sp._KLE_1745	k__Bacteria;p__Bacteroidetes;c__Bacteroidia;o__Bacteroidales;f__Bacteroidaceae;g__Bacteroides;s__Bacteroides_coprophilus	k__Bacteria;p__Firmicutes;c__Clostridia;o__Clostridiales;f__Lachnospiraceae;g__Roseburia;s__Roseburia_intestinalis	k__Bacteria;p__Firmicutes;c__Clostridia;o__Clostridiales;f__Lachnospiraceae;g__Roseburia;s__Roseburia_hominis	k__Bacteria;p__Bacteroidetes;c__Bacteroidia;o__Bacteroidales;f__Porphyromonadaceae;g__Parabacteroides;s__Parabacteroides_johnsonii	k__Bacteria;p__Actinobacteria;c__Actinobacteria;o__Bifidobacteriales;f__Bifidobacteriaceae;g__Bifidobacterium;s__Bifidobacterium_longum	k__Bacteria;p__Firmicutes;c__Clostridia;o__Clostridiales;f__;g__Flavonifractor;s__Flavonifractor_plautii	k__Bacteria;p__Firmicutes;c__Clostridia;o__Clostridiales;f__Clostridiaceae;g__Clostridium;s__Clostridium_phoceensis	k__Bacteria;p__Verrucomicrobia;c__Verrucomicrobiae;o__Verrucomicrobiales;f__Akkermansiaceae;g__Akkermansia;s__Akkermansia_muciniphila	k__Bacteria;p__Bacteroidetes;c__Bacteroidia;o__Bacteroidales;f__Prevotellaceae;g__Paraprevotella;s__Paraprevotella_xylaniphila	k__Bacteria;p__Firmicutes;c__Clostridia;o__Clostridiales;f__Ruminococcaceae;g__Ruminococcus;s__Ruminococcus_callidus	k__Bacteria;p__Bacteroidetes;c__Bacteroidia;o__Bacteroidales;f__Rikenellaceae;g__Alistipes;s__Alistipes_senegalensis	k__Bacteria;p__Firmicutes;c__Clostridia;o__Clostridiales;f__Lachnospiraceae;g__Blautia;s__Blautia_sp._KLE_1732	k__Bacteria;p__Bacteroidetes;c__Bacteroidia;o__Bacteroidales;f__Bacteroidaceae;g__Bacteroides;s__Bacteroides_oleiciplenus	k__Bacteria;p__Firmicutes;c__Clostridia;o__Clostridiales;f__Ruminococcaceae;g__Ruminococcus;s__Ruminococcus_bicirculans	k__Bacteria;p__Bacteroidetes;c__Bacteroidia;o__Bacteroidales;f__Bacteroidaceae;g__Bacteroides;s__Bacteroides_fluxus	k__Bacteria;p__Bacteroidetes;c__Bacteroidia;o__Bacteroidales;f__Prevotellaceae;g__Prevotella;s__Prevotella_stercorea	k__Bacteria;p__Firmicutes;c__Clostridia;o__Clostridiales;f__Lachnospiraceae;g__Dorea;s__Dorea_longicatena	k__Bacteria;p__Firmicutes;c__Clostridia;o__Clostridiales;f__Eubacteriaceae;g__Eubacterium;s__[Eubacterium]_eligens	k__Bacteria;p__Firmicutes;c__Clostridia;o__Clostridiales;f__Ruminococcaceae;g__;s__Ruminococcaceae_bacterium_D16	k__Bacteria;p__Firmicutes;c__Clostridia;o__Clostridiales;f__Lachnospiraceae;g__Coprococcus;s__Coprococcus_comes	k__Bacteria;p__Proteobacteria;c__Gammaproteobacteria;o__Enterobacterales;f__Enterobacteriaceae;g__Escherichia;s__Escherichia_coli	k__Bacteria;p__Firmicutes;c__Clostridia;o__Clostridiales;f__Ruminococcaceae;g__Anaerotruncus;s__Anaerotruncus_colihominis	k__Bacteria;p__Firmicutes;c__Clostridia;o__Clostridiales;f__Lachnospiraceae;g__Blautia;s__Blautia_obeum	k__Bacteria;p__Bacteroidetes;c__Bacteroidia;o__Bacteroidales;f__Odoribacteraceae;g__Odoribacter;s__Odoribacter_laneus	k__Bacteria;p__Firmicutes;c__Clostridia;o__Clostridiales;f__Ruminococcaceae;g__Ruminiclostridium;s__[Clostridium]_leptum	k__Bacteria;p__Bacteroidetes;c__Bacteroidia;o__Bacteroidales;f__Porphyromonadaceae;g__Parabacteroides;s__Parabacteroides_goldsteinii	k__Bacteria;p__Firmicutes;c__Clostridia;o__Clostridiales;f__Lachnospiraceae;g__Anaerostipes;s__Anaerostipes_hadrus	k__Bacteria;p__Firmicutes;c__Clostridia;o__Clostridiales;f__Ruminococcaceae;g__Ruminococcus;s__Ruminococcus_lactaris	k__Bacteria;p__Firmicutes;c__Clostridia;o__Clostridiales;f__Clostridiaceae;g__Clostridium;s__Clostridium_sp._L2-50	k__Bacteria;p__Firmicutes;c__Clostridia;o__Clostridiales;f__Clostridiaceae;g__Clostridium;s__Clostridium_sp._M62/1	k__Bacteria;p__Firmicutes;c__Clostridia;o__Clostridiales;f__;g__Intestinimonas;s__Intestinimonas_butyriciproducens	k__Bacteria;p__Actinobacteria;c__Actinobacteria;o__Bifidobacteriales;f__Bifidobacteriaceae;g__Bifidobacterium;s__Bifidobacterium_bifidum	k__Bacteria;p__Firmicutes;c__Negativicutes;o__Veillonellales;f__Veillonellaceae;g__Dialister;s__Dialister_invisus	k__Bacteria;p__Bacteroidetes;c__Bacteroidia;o__Bacteroidales;f__Bacteroidaceae;g__Bacteroides;s__Bacteroides_salanitronis
k__Bacteria;p__Bacteroidetes;c__Bacteroidia;o__Bacteroidales;f__Bacteroidaceae;g__Bacteroides;s__Bacteroides_vulgatus	1.0	0.0646688157557	0.000951560665133	-0.0210118946592	0.00263831278956	-0.0537785948236	-0.0103349277077	0.00430674203423	-0.0181647619921	0.0468358578651	-0.0231397616481	-0.0500572991107	-0.0492745562041	-0.00982827825969	0.00586950747882	-0.0280132604267	0.0356644424296	0.00341138935986	-0.0385064027755	-0.0823152900973	-0.0566912269101	0.0397961132631	0.0160349789049	0.0114124350739	0.0215281032016	0.00975493594221	-0.0455156344932	-0.0455526732532	0.0148770404929	0.0096571035018	0.014378477689	0.00184106521782	-0.0260952319949	-0.0109637649395	0.019543552633	-0.0646926167055	0.0368004988141	0.00749458668984	-0.00120730802537	-0.0566516108153	-0.0684441025445	0.0803118767071	-0.000711772383573	0.0259384597197	0.0295030850078	-0.026872563596	-0.00820826270846	0.0439736636994	-0.0262383995801	0.0113075462468	-0.0349799439665	-0.0322537513064	-0.03849818111	0.017525072603	0.00997265847494	0.0258567855428	-0.035782816256	-0.0238679695614	0.0135518676501
k__Bacteria;p__Bacteroidetes;c__Bacteroidia;o__Bacteroidales;f__Bacteroidaceae;g__Bacteroides;s__Bacteroides_uniformis	0.0646688157557	1.0	0.0362539523674	-0.020677150461	0.0270391994014	-0.022383648038	-0.0309671899212	0.00679924678472	0.00984809488555	0.0445845474675	-0.00670627316523	0.00868536068219	0.0238830337579	0.0696685952072	-0.0311372598539	0.072305655095	0.0404383471045	0.022534853973	-0.0418599404774	-0.0039508070038	-0.00397369324442	0.0125532922705	0.070999693261	-0.0331814589256	0.0385915790594	-0.0412786206589	-0.00466284443571	-0.0176743848758	-0.000707593009095	-0.0228863948984	-0.0496755268723	0.0584453365978	0.0526739526175	0.0422168367746	-0.0317894919866	-0.00958286575719	-0.0461218969148	0.0115129302133	0.026906282762	-0.0387337497712	-0.0578412494477	-0.0684260798564	-0.0339488926887	-0.0029245111405	-0.0610347400783	0.0392628328167	0.0499833742151	0.0163598727189	-0.0292453474928	-0.0733477691641	-0.0504369512882	0.0467039510864	-0.0691930900532	-0.017497806315	-0.0108819054086	-0.0621718331043	-0.00766235884354	-0.0623753995686	-0.01488447416
k__Bacteria;p__Bacteroidetes;c__Bacteroidia;o__Bacteroidales;f__Rikenellaceae;g__Alistipes;s__Alistipes_putredinis	0.000951560665133	0.0362539523674	1.0	0.0195279579984	-0.0481128357113	0.00680225241991	0.0291301627562	-0.0277750019897	-0.0319919523489	-0.0572408571163	-0.00135529017993	0.010175505668	0.00160320131147	0.0133145728094	-0.0396333236418	-0.0110133666065	0.00536100416529	-0.00759623032588	0.0054452091794	-0.027812986935	0.0300656182804	-0.00367965120397	-0.022568959908	0.0194253165161	-0.0344784290648	-0.0101756545087	-0.02922964114	0.0191795523739	0.000684966327416	-0.0317852648832	0.0133879966042	-0.0394998755787	0.040773807259	-0.00996822989919	0.0114207592009	-0.0129263027447	0.0287454817201	0.0104841292399	-0.0521800223655	-0.0473892895421	0.0238571536442	-0.019770812611	0.0108752915173	-0.0280316472294	-0.0617770513746	0.0205165410361	-0.0331266312611	0.00350726234794	0.066540228928	-0.0163024107423	0.00713045890805	-0.0168293689405	0.0216759404235	-0.0360640315745	0.0140566187649	-0.0141861150101	-0.00384936430004	-0.0026457142326	0.000350739958253
k__Bacteria;p__Bacteroidetes;c__Bacteroidia;o__Bacteroidales;f__Prevotellaceae;g__Prevotella;s__Prevotella_copri	-0.0210118946592	-0.020677150461	0.0195279579984	1.0	0.0585652520896	-0.0702793668132	-0.0374695428674	0.0465582087104	-0.0822108505613	-0.031819170937	0.0355892150167	-0.0248952192725	-0.0176160343738	-0.0314755507052	0.00947555456179	-0.00139248854493	0.0416437267493	0.0649811273293	-0.0475717761562	-0.0200445504294	0.0551285951479	-0.0224683299178	0.002580428157	-0.0452900813002	-0.0211508366903	-0.0882830494492	0.00412545149908	0.0583691314155	-0.0207099777565	0.0287852488221	0.00802055751073	-0.0587589078424	-0.0429427883309	-0.0212239152698	-0.0605004374102	0.00507688668336	-0.0447438171521	0.00374509091739	-0.0175989181944	-0.00403089970245	0.0161752161404	0.0326512565358	-0.00989425444822	-0.056143181861	-0.0211895091997	-0.0337085586419	0.0435153786147	-0.0321033089046	0.0219879574941	0.03142332387	-0.0632773286615	0.0320469578902	0.0131753840583	0.0516819905946	-0.0128613858814	0.0438134785067	-0.00548514745278	-0.0431320117512	-0.0127852673375
k__Bacteria;p__Bacteroidetes;c__Bacteroidia;o__Bacteroidales;f__Bacteroidaceae;g__Bacteroides;s__Bacteroides_stercoris	0.00263831278956	0.0270391994014	-0.0481128357113	0.0585652520896	1.0	0.0342292539912	-0.0500698479194	-0.0372038618581	-0.00511606672374	-0.000164033931152	-0.0412772843929	-0.0756174183091	-0.0416369010877	0.0257062356463	-0.00665977838901	0.0244693472894	-0.00453602010545	-0.00137033530366	0.05403859251	0.0175242042987	0.0261544687638	-0.0287969462691	-0.0291468457829	-0.00905305705737	0.0164807451874	-0.0365524476562	0.0153262014403	0.0400591133595	0.0431369452382	-0.0105072276379	-0.0358109430298	0.0306584237463	0.037106966215	0.000433457539273	-0.0719500487079	0.0159208992342	0.0630441348245	-0.0569171492868	-0.0232853695523	-0.0390929886049	-0.0561426324994	-0.00447344823665	0.0360677539578	-0.0877828991063	-0.0143733905139	-0.0218298125339	0.008828114987	0.0219836396934	-0.0237333399052	-0.0508045240021	-0.046702201705	-0.0413937471424	-0.0800795803617	-0.00637829494533	-0.0399754657564	-0.0599430054234	0.0195917580751	-0.0105158662425	-0.0253837119243
k__Bacteria;p__Bacteroidetes;c__Bacteroidia;o__Bacteroidales;f__Bacteroidaceae;g__Bacteroides;s__Bacteroides_ovatus	-0.0537785948236	-0.022383648038	0.00680225241991	-0.0702793668132	0.0342292539912	1.0	-0.0167272073265	-0.0227768665244	0.00566957098134	-0.0415017576418	0.0537999029477	-0.0307328824276	0.0452915073327	0.0514456574931	0.0745033521176	-0.0203978373029	-0.0240213064875	-0.012280296545	-0.0162342878911	0.035906704631	-0.0697201443534	-0.001217506971	-0.0136069163686	0.0393900637622	-0.0171998547636	-0.0379145419026	-0.0217726859346	-0.0207150268463	0.0189177188995	-0.000629467639049	-0.0424862220619	-0.0529318030199	0.0300577630615	-0.0221210815135	0.0270045921632	-0.0214646853475	0.0226992802072	0.0018374869986	-0.0275092997957	-0.0468579902079	0.0182623991926	0.0147228265304	0.0283765139324	0.0160356963136	-0.0110915275175	-0.00225474686233	0.0127869536067	-0.0350346161176	-0.0432949260482	-0.0099085226731	-0.0380804105283	-0.0291384203387	-0.0620718631045	-0.0269231341951	-0.0241871972329	-0.0700765462148	0.0437985534537	0.0122989556135	0.00779455043791
k__Bacteria;p__Bacteroidetes;c__Bacteroidia;o__Bacteroidales;f__Rikenellaceae;g__Alistipes;s__Alistipes_shahii	-0.0103349277077	-0.0309671899212	0.0291301627562	-0.0374695428674	-0.0500698479194	-0.0167272073265	1.0	-0.0324506264769	0.00431047051531	-0.0422187120493	-0.0119862907368	-0.0215609599737	-0.00954088979241	-0.00554135203588	0.0809133694865	-0.0591655090469	-0.0430888805636	0.00433177011441	-0.120469096552	-0.0852858653732	-0.0458008479882	-0.0033939454894	-0.0343380814918	-0.0166992150852	-0.0111754940272	0.0132502272246	-0.0563055087958	0.0310268700167	-0.0340555785579	0.0106492134271	0.0787547852108	-0.02446305211	-0.0494723644309	-0.00788808716804	0.00873945361551	-0.0412527849169	0.0374684892045	0.0107243319499	-0.00850267443347	-0.00994356125272	0.0641667983046	0.00949307015045	0.0262730110639	-0.0360187396858	0.0303681057467	0.0205724675661	-0.0318018744014	0.0500506300202	0.0616903651853	-0.0257168191224	-0.0334942765475	-0.0916158325252	-0.0341298914993	-0.005793948524	-0.0238825815712	-0.0179536711103	0.0219534929181	0.0125485372971	-0.0607827551135
k__Bacteria;p__Firmicutes;c__Clostridia;o__Clostridiales;f__Ruminococcaceae;g__Faecalibacterium;s__Faecalibacterium_prausnitzii	0.00430674203423	0.00679924678472	-0.0277750019897	0.0465582087104	-0.0372038618581	-0.0227768665244	-0.0324506264769	1.0	0.057786327681	-0.0264448407608	0.0543183824365	0.0747516300396	-0.0391068961788	-0.0276578005964	-0.0275281239588	-0.00626431705451	-0.0178059979227	-0.0026112197604	0.0296468534728	0.0189610397365	0.0379221391817	0.00598453842075	-0.0138071342619	-0.0334747610267	-0.033926110033	0.0199407763953	0.0370898065856	-0.0122001197728	0.0216886205352	-0.0437515351187	0.048526501202	-0.0456346660215	-0.0552441200679	0.0142449115063	0.00717912827413	0.00876911831926	-0.0160607370023	-0.0524884913057	-0.0800743328364	0.0402832913164	0.0383433866215	0.0198159255096	-0.0984414105136	0.00514779991588	-0.0487285119352	-0.00610799159155	-0.0187989546714	-0.00891377064976	0.0929815593895	0.00108149349059	-0.00163613579953	-0.0064300741367	0.00343670190695	0.0175480418562	-0.00108940601291	0.023036598477	0.0131221102098	-0.0687109636544	0.0211365402141
k__Bacteria;p__Bacteroidetes;c__Bacteroidia;o__Bacteroidales;f__Rikenellaceae;g__Alistipes;s__Alistipes_finegoldii	-0.0181647619921	0.00984809488555	-0.0319919523489	-0.0822108505613	-0.00511606672374	0.00566957098134	0.00431047051531	0.057786327681	1.0	-0.0316102771168	0.0028420175499	-0.0145315629092	0.0556131614678	0.03994892744	-0.0264300231914	-0.0666586360431	-0.0132302140668	0.0113208201549	0.0125885173001	-0.039245890453	-0.0309341621406	-0.0481548486453	0.00754783055973	-0.0211309437821	-0.0385034090799	0.00255950740358	-0.0229052186768	0.0150892239691	-0.058982177703	-0.0758600492324	-0.0358462715492	-0.0164946676589	0.00291359689202	0.0129132649829	0.0124672200897	0.00871605544618	0.0175196827148	-0.00183470868474	0.0679561031413	-0.0415932084725	-0.0204197290073	0.0327694138872	-0.0133311951131	-0.0105044494212	0.00931138428405	0.0041597760857	-0.0430711063757	-0.0588165576028	-0.0206665178455	-0.0332000678381	-0.0120071826824	0.001371130484	-0.0159754382886	0.00368137767933	0.00714061173297	0.0106447307863	0.025603024272	0.00253979670504	-0.00745109988938
k__Bacteria;p__Bacteroidetes;c__Bacteroidia;o__Bacteroidales;f__Porphyromonadaceae;g__Parabacteroides;s__Parabacteroides_distasonis	0.0468358578651	0.0445845474675	-0.0572408571163	-0.031819170937	-0.000164033931152	-0.0415017576418	-0.0422187120493	-0.0264448407608	-0.0316102771168	1.0	0.00429409122102	-0.00960387192784	-0.00291647700432	0.0140114876785	-0.00897979079305	0.00969712602645	0.0193732195948	-0.0197423376691	-0.00278544540622	0.0271405652867	0.022461909245	0.0141174404683	0.0167170837362	-0.0604648669134	0.0279805442122	-0.0147833653249	-0.0206923213782	-0.00195523207584	0.0416741792252	0.0060727636813	-0.000411152831093	-0.0586955745081	0.0466920684774	-0.0458463340499	-0.0361444355045	0.0403728367721	-0.0847600172581	0.00813579848944	0.0236156307126	0.0209566845644	0.00344862951038	0.0107292334525	-0.0463017658177	-0.0121588065888	-0.00644336333134	-0.00757212040819	0.030381827156	0.0127984235589	-0.01571296962	0.0126170386595	0.00227937942489	-0.0404821529135	-0.0031507034262	0.0374513497002	-0.0505018514667	0.000727645005896	0.00229080036001	-0.0395730919597	-0.00966480911078
k__Bacteria;p__Bacteroidetes;c__Bacteroidia;o__Bacteroidales;f__Bacteroidaceae;g__Bacteroides;s__Bacteroides_thetaiotaomicron	-0.0231397616481	-0.00670627316523	-0.00135529017993	0.0355892150167	-0.0412772843929	0.0537999029477	-0.0119862907368	0.0543183824365	0.0028420175499	0.00429409122102	1.0	-0.0311343529271	-0.0292210130847	0.0320965043213	-0.027771391247	-0.0103697787072	-0.0134895042567	-0.0144723848479	0.0570482417071	-0.0167677453318	-0.0742196281477	-0.0337407597953	-0.0498541372405	0.0292140392538	-0.0228467638065	-0.00692692522387	-0.0224973977136	0.0152686768603	-0.023549163037	-0.0475308581291	0.0142280155273	0.0134366992367	-0.00661100739089	-0.0243442322133	-0.0143693155483	-0.0219880920247	0.0105365526211	0.040391395976	-0.0327340336469	-0.020178456872	0.0147750556058	0.00470511055047	-0.00779237510893	-0.0279696811636	0.0221083741703	-0.0273351144558	-0.027217409069	0.0366524965617	0.00275660391855	0.0225332669472	-0.00325305447411	-0.0497612181861	0.00289813932071	-0.0655019736193	-0.0150056122852	-0.0233577546263	0.0230801626668	-0.054858950507	-0.0217783326842
k__Bacteria;p__Bacteroidetes;c__Bacteroidia;o__Bacteroidales;f__Bacteroidaceae;g__Bacteroides;s__Bacteroides_coprocola	-0.0500572991107	0.00868536068219	0.010175505668	-0.0248952192725	-0.0756174183091	-0.0307328824276	-0.0215609599737	0.0747516300396	-0.0145315629092	-0.00960387192784	-0.0311343529271	1.0	-0.00779295258664	-0.0129934146001	-0.0526270782714	-0.0511688716049	0.0272285036008	-0.091973510091	-0.00482088168449	-0.0826484722982	-0.049492275496	0.0239252385495	-0.017604949455	0.0288904912227	0.0161923732262	-0.0183434651092	-0.00862198937225	0.0469217986328	-0.0161702424144	0.00207347582582	0.0366127983147	0.027696971458	0.0368043177526	-0.0442785154406	-0.0434286609588	-0.0176107817914	-0.00527610524942	0.0201376056287	0.0256629820985	-0.0669863884246	0.0498039117922	-0.031322206258	5.28395699105e-05	0.0208083603385	-0.0691360299683	0.0443973678747	0.000290900690356	0.025444361217	0.0318325419091	0.0537302721588	-0.0397391112576	-0.0639524164817	0.00849148403323	-0.0240358112065	-0.0228706917944	-0.0508514112865	0.0134425056555	-0.00562418616915	0.0552109051757
k__Bacteria;p__Bacteroidetes;c__Bacteroidia;o__Bacteroidales;f__Bacteroidaceae;g__Bacteroides;s__Bacteroides_cellulosilyticus	-0.0492745562041	0.0238830337579	0.00160320131147	-0.0176160343738	-0.0416369010877	0.0452915073327	-0.00954088979241	-0.0391068961788	0.0556131614678	-0.00291647700432	-0.0292210130847	-0.00779295258664	1.0	-0.0540916017995	-0.0352564928637	0.00397571515369	0.0311061430087	0.0536470167945	-0.00559231580493	0.00974016148842	0.0409085923508	0.00247101569216	0.0205807235653	0.024944080537	0.00554435257554	-0.0180683509387	-0.0531408971286	0.0270947282559	-0.0276537677239	-0.0273859065778	0.0130181485853	0.032054728421	-0.0312796285248	-0.0107633445746	-0.0385397039135	-0.00990167098479	0.0121160512383	0.024124810294	0.0221666465663	-0.00112205873172	-0.0524104061667	-0.00463500250731	-0.0400530195554	-0.0421130153159	-0.00587216428762	0.0100268317134	-0.0422908449266	0.00238886395918	0.00183623506419	0.0278611743964	-0.0168194719035	-0.0216055597121	0.0291802977991	0.0317604888544	0.0608050893069	-0.0273610959342	-0.0338107161173	-0.0258853501544	-0.0849824125613
k__Bacteria;p__Bacteroidetes;c__Bacteroidia;o__Bacteroidales;f__Rikenellaceae;g__Alistipes;s__Alistipes_obesi	-0.00982827825969	0.0696685952072	0.0133145728094	-0.0314755507052	0.0257062356463	0.0514456574931	-0.00554135203588	-0.0276578005964	0.03994892744	0.0140114876785	0.0320965043213	-0.0129934146001	-0.0540916017995	1.0	0.0430173584269	-0.0466169696906	0.0187369702153	-0.0148715342848	-0.0081189406395	0.0108391380343	-0.00923036270598	-0.0020359261726	-0.0414278167785	-0.0542579261713	0.0576216112162	0.0294731208922	0.053900863293	-0.0331871073467	0.0337640099073	-0.0197949639493	-0.0856709448112	0.00189852530633	-0.00179918209135	-0.00106099072928	-0.0257173007368	-0.0210384139147	-0.054327698237	0.0434841890044	-0.0601526736548	-0.0103548319273	-0.0831641219993	-0.0403702372808	-0.0260624908762	0.0794559500134	-0.021201831431	-0.0150551701352	-0.0165776324381	-0.0538094453454	-0.0377544587552	0.0378422990489	0.00162217141323	0.0143048069635	-0.0268593589175	-0.0117870092228	-0.0598065214713	-0.00075375417668	0.0220158026369	0.0856609834149	-0.0666454546882
k__Bacteria;p__Firmicutes;c__Clostridia;o__Clostridiales;f__Lachnospiraceae;g__;s__[Eubacterium]_rectale	0.00586950747882	-0.0311372598539	-0.0396333236418	0.00947555456179	-0.00665977838901	0.0745033521176	0.0809133694865	-0.0275281239588	-0.0264300231914	-0.00897979079305	-0.027771391247	-0.0526270782714	-0.0352564928637	0.0430173584269	1.0	-0.030437834521	0.0316590287529	-0.0355656292744	0.0289663508592	0.02274751086	0.0460445520138	-0.00132753880629	0.0884238591762	0.0164653057733	-0.0201385729744	0.0805704276882	-0.0518511872324	-0.0602086118798	-0.0157505058071	-0.0254947449392	-0.00376188803435	5.40533914031e-05	0.023558922742	-0.0831949314952	0.0133302615383	-0.0154086048473	0.00715485092939	0.0405021934789	-0.034301206909	-0.027728194207	0.0545668868454	0.0436917703456	0.0260721283269	0.0147090300098	0.0103576848677	-0.0511688765751	-0.0549067893342	-0.0627006124259	0.00347107791798	-0.0115728889882	-0.00181224912001	0.0451359611108	-0.000743174671676	0.0128852413686	-0.089586754757	0.0605477992875	0.00662095721154	-0.0227800055653	-0.0426588957164
k__Bacteria;p__Bacteroidetes;c__Bacteroidia;o__Bacteroidales;f__Bacteroidaceae;g__Bacteroides;s__Bacteroides_plebeius	-0.0280132604267	0.072305655095	-0.0110133666065	-0.00139248854493	0.0244693472894	-0.0203978373029	-0.0591655090469	-0.00626431705451	-0.0666586360431	0.00969712602645	-0.0103697787072	-0.0511688716049	0.00397571515369	-0.0466169696906	-0.030437834521	1.0	-0.0101243549497	0.0244289887384	0.0180412458473	-0.0301507479327	-0.0642435524791	0.0337903404437	-0.00212895851926	0.0147723630197	0.000175404157574	0.0450978675894	0.000596861631784	-0.0254608958031	0.021118649801	-0.0189027012049	-0.0158465769698	0.0219831349267	0.0162861447774	0.0346365843551	-0.0150473550404	-0.0152318867414	-0.0431811385951	0.0264686251149	-0.00981968515371	-0.0677110606944	-0.0279980794743	-0.0782918634599	-0.00388408628908	0.0100014168191	-0.0605818617415	-0.0158185493527	-0.00395600947353	-0.0438499691698	-0.0369135189758	-0.0169290383752	0.0735263550539	-0.0335234521299	0.000978221022642	0.040280141935	-0.0207140349269	0.0532965345138	0.0448385152994	0.020548133202	-0.0135409391533
k__Bacteria;p__Bacteroidetes;c__Bacteroidia;o__Bacteroidales;f__Bacteroidaceae;g__Bacteroides;s__Bacteroides_fragilis	0.0356644424296	0.0404383471045	0.00536100416529	0.0416437267493	-0.00453602010545	-0.0240213064875	-0.0430888805636	-0.0178059979227	-0.0132302140668	0.0193732195948	-0.0134895042567	0.0272285036008	0.0311061430087	0.0187369702153	0.0316590287529	-0.0101243549497	1.0	-0.0280272943142	0.00887064593889	-0.0669372743428	-0.0106747078953	-0.00613640232159	-0.0253602750413	-0.0348732296224	-0.017021224022	0.0098001433855	-0.0210087954651	0.00146187537927	-0.0556302587411	-0.0252098686929	-0.0398300388893	-0.0369602498651	0.0292192911583	-0.0111033821009	-0.0349020091608	-0.0132849379135	-0.0343156708629	-0.0492722318703	0.0164114236398	0.0364631384877	-0.00277976256564	-0.0472645771462	-0.0261399731109	-0.0248197850215	-0.0600477070409	0.0537350382518	-0.00147467808123	-0.0115665883794	0.0181095733225	-0.0110580365203	-0.0315793928623	-0.0306941442049	-0.00995815077371	0.0087042936722	-0.0454642134805	-0.00651987649499	-0.0389779421619	0.0391723705727	-0.0508489790042
k__Bacteria;p__Proteobacteria;c__Betaproteobacteria;o__Burkholderiales;f__Sutterellaceae;g__Sutterella;s__Sutterella_wadsworthensis	0.00341138935986	0.022534853973	-0.00759623032588	0.0649811273293	-0.00137033530366	-0.012280296545	0.00433177011441	-0.0026112197604	0.0113208201549	-0.0197423376691	-0.0144723848479	-0.091973510091	0.0536470167945	-0.0148715342848	-0.0355656292744	0.0244289887384	-0.0280272943142	1.0	0.00725526263349	-0.0161576886866	-0.0197365288385	-0.0261175328259	-0.0213147964885	-0.0227621603486	0.00995639097237	-0.0387651432497	-0.00367974594213	-0.0187557539311	-0.0100973310614	0.0149647661796	-0.0392119087976	-0.0597429532678	-0.000467134115067	0.0199329125758	-0.0655887073698	-0.032171358243	0.063921051288	-0.0170428155765	-0.0289652818891	-0.0374902032934	-0.0341200962662	-0.0118393494408	-0.00979585777885	0.0599639066843	-0.0300366570375	-0.0328391273347	-0.025299763687	-0.0535653484223	-0.0434380876511	0.0393143338397	0.0526039477787	0.0181711116892	-0.0345076636335	-0.0197026302187	0.0353115330746	-0.0361550877918	-0.0435312842066	0.0143035238358	0.044744440627
k__Bacteria;p__Bacteroidetes;c__Bacteroidia;o__Bacteroidales;f__Porphyromonadaceae;g__Barnesiella;s__Barnesiella_intestinihominis	-0.0385064027755	-0.0418599404774	0.0054452091794	-0.0475717761562	0.05403859251	-0.0162342878911	-0.120469096552	0.0296468534728	0.0125885173001	-0.00278544540622	0.0570482417071	-0.00482088168449	-0.00559231580493	-0.0081189406395	0.0289663508592	0.0180412458473	0.00887064593889	0.00725526263349	1.0	-0.0197515348619	0.0885507928543	0.00763929363617	0.0225452120081	0.00459376394966	-0.0432355823475	0.0157653323566	0.0306498076748	-0.0104945552475	0.0584086966242	-0.00467211160936	-0.0541122376399	0.0297108189454	-0.0212659052043	-0.0235728929753	-0.0195197814885	-0.0664736666922	0.0669830368731	-0.0119682813657	0.0529381988043	0.017669619099	-0.010128241916	-0.0456189556795	0.0244504805404	-0.0263314473957	-0.0365800715877	-0.0312248557995	0.0531830714871	0.023188921184	0.00513743493939	-0.0200322050902	-0.0582183510114	0.0142558550651	-0.0105805134989	-0.0728538698312	0.0474702335561	-0.0343972152883	-0.0385160142434	0.00841060694486	-0.0543182462998
k__Bacteria;p__Bacteroidetes;c__Bacteroidia;o__Bacteroidales;f__Odoribacteraceae;g__Odoribacter;s__Odoribacter_splanchnicus	-0.0823152900973	-0.0039508070038	-0.027812986935	-0.0200445504294	0.0175242042987	0.035906704631	-0.0852858653732	0.0189610397365	-0.039245890453	0.0271405652867	-0.0167677453318	-0.0826484722982	0.00974016148842	0.0108391380343	0.02274751086	-0.0301507479327	-0.0669372743428	-0.0161576886866	-0.0197515348619	1.0	-0.0914124073796	-0.0225292357238	-0.0368414979937	0.00404471425237	0.0103144291744	0.0253238988843	0.040482532925	-0.0173966658523	-0.0699587655617	-0.0415266260498	-0.0200804511413	0.00271721117294	-0.00400069180498	0.0576398142545	-0.041838994447	-0.0144134257016	-0.0711367528384	0.00922197574028	-0.0116741896472	-0.08662677941	0.0473504372878	-0.00421407834172	0.0310525622809	-0.0156775082583	-0.0301856295441	-0.00571298322196	-0.0434344857976	-0.0154488768447	-0.0102666754468	-0.0406764182985	-0.0035056607438	-0.0617054925126	-0.0438719216582	0.0200081615687	0.0387006100663	0.0291786020879	0.105075202846	0.00393602879682	0.00907158840822
k__Bacteria;p__Bacteroidetes;c__Bacteroidia;o__Bacteroidales;f__Bacteroidaceae;g__Bacteroides;s__Bacteroides_salyersiae	-0.0566912269101	-0.00397369324442	0.0300656182804	0.0551285951479	0.0261544687638	-0.0697201443534	-0.0458008479882	0.0379221391817	-0.0309341621406	0.022461909245	-0.0742196281477	-0.049492275496	0.0409085923508	-0.00923036270598	0.0460445520138	-0.0642435524791	-0.0106747078953	-0.0197365288385	0.0885507928543	-0.0914124073796	1.0	-0.0428342205269	-0.0250468435806	0.0168218470709	0.0113961870373	-0.0184540318891	0.0346739754263	0.0270228083362	0.0408022735648	-0.0320709846184	0.0018317216879	-0.0612735557906	-0.0320363074788	0.0243644707343	0.0237526550441	-0.0457788094508	0.0244119010393	-0.0316585741132	-0.00472884844901	-0.0201853844357	0.00559469283769	-0.0551191667341	-0.0495445864752	-0.0153103384633	-0.0553274222592	0.0316714444617	-0.039892718248	-0.00776209383133	-0.00419355003899	0.0132205625399	-0.0244502232931	-0.0111158658902	0.0759497120121	0.0396662995285	0.00921606906381	-0.0378410875957	0.00421206561643	-0.040065436776	-0.0108256816342
k__Bacteria;p__Firmicutes;c__Clostridia;o__Clostridiales;f__Ruminococcaceae;g__Ruminiclostridium;s__[Eubacterium]_siraeum	0.0397961132631	0.0125532922705	-0.00367965120397	-0.0224683299178	-0.0287969462691	-0.001217506971	-0.0033939454894	0.00598453842075	-0.0481548486453	0.0141174404683	-0.0337407597953	0.0239252385495	0.00247101569216	-0.0020359261726	-0.00132753880629	0.0337903404437	-0.00613640232159	-0.0261175328259	0.00763929363617	-0.0225292357238	-0.0428342205269	1.0	0.0219698301827	-0.0169719835111	0.0195229364795	0.0274266526784	-0.0505933954268	0.0505314343196	0.0502324091217	0.0189958949259	-0.0304554303645	-0.0289922848709	0.0410369947723	-0.0434879507935	-0.00399126838247	-0.0316057844542	0.0152437762445	-0.0161168483651	-0.00577746748395	-0.0255821731811	-0.0538249269042	-0.011370094978	0.000516508367186	-0.00586172388436	0.00176515672623	-0.0383241967768	0.0314160809107	-0.00982275742029	-0.00477574652256	-0.0173851077131	0.0167525195263	0.0335288763396	-0.00132998340214	-0.0177945767263	0.0172621446564	-0.00157350570866	-0.0276714430563	0.0239480004162	-0.00163671375365
k__Bacteria;p__Proteobacteria;c__Betaproteobacteria;o__Burkholderiales;f__Sutterellaceae;g__Parasutterella;s__Parasutterella_excrementihominis	0.0160349789049	0.070999693261	-0.022568959908	0.002580428157	-0.0291468457829	-0.0136069163686	-0.0343380814918	-0.0138071342619	0.00754783055973	0.0167170837362	-0.0498541372405	-0.017604949455	0.0205807235653	-0.0414278167785	0.0884238591762	-0.00212895851926	-0.0253602750413	-0.0213147964885	0.0225452120081	-0.0368414979937	-0.0250468435806	0.0219698301827	1.0	0.0270509382181	-0.0026722244022	-0.0589217550743	-0.0295591177073	-0.00636096880954	0.011638967796	0.000238017221125	-0.00920859067623	-0.00334360600873	-0.0332255130359	0.00273513829959	0.00655382020813	-0.0249457575526	-0.0957629995883	0.017467283708	0.019382795144	0.0207458342383	-0.0540666638272	-0.0311924327802	-0.0319805271924	0.0175135554191	0.0457188725593	-0.00146282009834	0.0190862529755	0.00181903624828	-0.0655259628109	0.030612704402	-0.00147163441411	-0.0684265371672	-0.00343512749848	-0.0569744403104	-0.0521075237638	-0.00462455200833	-5.11330119873e-05	0.0165939518069	-0.0176137522608
k__Bacteria;p__Actinobacteria;c__Actinobacteria;o__Bifidobacteriales;f__Bifidobacteriaceae;g__Bifidobacterium;s__Bifidobacterium_adolescentis	0.0114124350739	-0.0331814589256	0.0194253165161	-0.0452900813002	-0.00905305705737	0.0393900637622	-0.0166992150852	-0.0334747610267	-0.0211309437821	-0.0604648669134	0.0292140392538	0.0288904912227	0.024944080537	-0.0542579261713	0.0164653057733	0.0147723630197	-0.0348732296224	-0.0227621603486	0.00459376394966	0.00404471425237	0.0168218470709	-0.0169719835111	0.0270509382181	1.0	0.0374232575768	0.0570342035411	0.0666488059369	-0.0251254863912	0.0651708772059	-0.0245949138279	-0.0304063019387	0.0190309936553	-0.0486068182081	0.000360142565179	0.0156148822792	-0.0338624264884	-0.0107960864716	-0.0790380874073	-0.0124102231821	0.0399082605034	-0.0091233968995	-0.0253854386834	0.0428925337152	0.0334169152511	0.0458698859745	0.0417537193368	0.0409921259562	-0.0586160169013	0.00678925440431	-0.00811515030105	-0.0254933597444	-0.0137888807955	-0.00984360335607	-0.0354890233661	-0.0219801086961	-0.0397730954256	-0.0419142765271	-0.0990247883771	-0.00646516736512
k__Bacteria;p__Firmicutes;c__Clostridia;o__Clostridiales;f__Oscillospiraceae;g__Oscillibacter;s__Oscillibacter_sp._KLE_1745	0.0215281032016	0.0385915790594	-0.0344784290648	-0.0211508366903	0.0164807451874	-0.0171998547636	-0.0111754940272	-0.033926110033	-0.0385034090799	0.0279805442122	-0.0228467638065	0.0161923732262	0.00554435257554	0.0576216112162	-0.0201385729744	0.000175404157574	-0.017021224022	0.00995639097237	-0.0432355823475	0.0103144291744	0.0113961870373	0.0195229364795	-0.0026722244022	0.0374232575768	1.0	-0.031302717881	0.0174393374461	0.00555628820437	0.0447906339765	0.0413759072777	0.0022003633126	-0.00429336372223	-0.0323187277984	0.00769235891627	-0.00143049687306	0.0263398787531	-0.0346109447925	-0.0336023482998	-0.0376153548464	0.00203223618212	0.0310464327726	-0.0490460218093	-0.0700286718864	-0.0387654882102	0.00923845132131	0.00913386264407	-0.0407311467594	0.0102647488332	-0.0469072011259	-0.0298653371354	-0.0431909205614	-0.0229552201538	-0.0485669649609	0.0231926775284	0.0426760974079	-0.00666761763075	-0.00765162195253	-0.000338877612847	-0.0204406784536
k__Bacteria;p__Bacteroidetes;c__Bacteroidia;o__Bacteroidales;f__Bacteroidaceae;g__Bacteroides;s__Bacteroides_coprophilus	0.00975493594221	-0.0412786206589	-0.0101756545087	-0.0882830494492	-0.0365524476562	-0.0379145419026	0.0132502272246	0.0199407763953	0.00255950740358	-0.0147833653249	-0.00692692522387	-0.0183434651092	-0.0180683509387	0.0294731208922	0.0805704276882	0.0450978675894	0.0098001433855	-0.0387651432497	0.0157653323566	0.0253238988843	-0.0184540318891	0.0274266526784	-0.0589217550743	0.0570342035411	-0.031302717881	1.0	0.0362346430274	-0.0435471154678	0.0240808336287	0.0451981847784	-0.0114619159454	-0.0372704947316	-0.023733056918	-0.0257574464825	-0.0142307533426	0.0226336960708	0.0132368204196	0.00581611154193	-0.0212232349846	-0.0216084693215	0.0080767290564	-0.0267995641746	-0.0186451176084	-0.0105322515646	0.034971162601	-0.0567428839903	-0.00859404273553	-0.00279725217419	0.00890769932254	-0.0669767393543	-0.00718411229417	0.0405602969617	0.0106814662531	0.0320733435544	-0.0281018062598	-0.0467779237622	-0.00332923557868	0.0069531822411	-0.0358234250506
k__Bacteria;p__Firmicutes;c__Clostridia;o__Clostridiales;f__Lachnospiraceae;g__Roseburia;s__Roseburia_intestinalis	-0.0455156344932	-0.00466284443571	-0.02922964114	0.00412545149908	0.0153262014403	-0.0217726859346	-0.0563055087958	0.0370898065856	-0.0229052186768	-0.0206923213782	-0.0224973977136	-0.00862198937225	-0.0531408971286	0.053900863293	-0.0518511872324	0.000596861631784	-0.0210087954651	-0.00367974594213	0.0306498076748	0.040482532925	0.0346739754263	-0.0505933954268	-0.0295591177073	0.0666488059369	0.0174393374461	0.0362346430274	1.0	-0.0429762705335	0.00865031373236	0.0385052587228	-0.0279193800528	-0.0723430271086	0.0102781434288	-0.0117181918907	0.038129312893	0.000959229430139	-0.0564011242362	-0.0458581304696	0.0237920859514	-0.030720277749	0.00100289836665	-0.0433718049253	0.00203826373222	-0.0207096808016	0.051988278671	-0.0185901556527	0.0168195571949	-0.0450079377464	-0.0379577274321	-0.0289737100955	-0.0502258025587	-0.0264422705754	0.0253212166437	-0.0402712835552	-0.0513924131918	-0.0393301800146	0.0394992232423	0.0192596351545	-0.00874124071424
k__Bacteria;p__Firmicutes;c__Clostridia;o__Clostridiales;f__Lachnospiraceae;g__Roseburia;s__Roseburia_hominis	-0.0455526732532	-0.0176743848758	0.0191795523739	0.0583691314155	0.0400591133595	-0.0207150268463	0.0310268700167	-0.0122001197728	0.0150892239691	-0.00195523207584	0.0152686768603	0.0469217986328	0.0270947282559	-0.0331871073467	-0.0602086118798	-0.0254608958031	0.00146187537927	-0.0187557539311	-0.0104945552475	-0.0173966658523	0.0270228083362	0.0505314343196	-0.00636096880954	-0.0251254863912	0.00555628820437	-0.0435471154678	-0.0429762705335	1.0	-0.0204524923775	-0.00522677079928	-0.0916272461186	0.043911289432	-0.0190612770272	-0.0698877363698	-0.0317683646792	0.00659591072584	-0.0347076520596	0.105022895046	-0.0311249822089	-0.0860344388329	-0.0134514201121	-0.0425846533799	-0.00836993396612	-0.020389521907	-0.019295062753	-0.0290467992541	-0.0317817825995	-0.0896230328827	-0.0088850322233	0.00725944278991	-0.00744965989128	-0.0567308510775	0.0193489314964	-0.0185057463327	-0.0283697031044	0.0155129465783	-0.0202565325036	0.00999367850321	0.0218811135128
k__Bacteria;p__Bacteroidetes;c__Bacteroidia;o__Bacteroidales;f__Porphyromonadaceae;g__Parabacteroides;s__Parabacteroides_johnsonii	0.0148770404929	-0.000707593009095	0.000684966327416	-0.0207099777565	0.0431369452382	0.0189177188995	-0.0340555785579	0.0216886205352	-0.058982177703	0.0416741792252	-0.023549163037	-0.0161702424144	-0.0276537677239	0.0337640099073	-0.0157505058071	0.021118649801	-0.0556302587411	-0.0100973310614	0.0584086966242	-0.0699587655617	0.0408022735648	0.0502324091217	0.011638967796	0.0651708772059	0.0447906339765	0.0240808336287	0.00865031373236	-0.0204524923775	1.0	-0.0492171649654	-0.0459381737838	-0.00646346088314	0.00239359628428	-0.00457778333461	0.00532834696719	-0.0670443126364	-0.0219296160678	-0.0328828884971	-0.0511847381971	0.0337994932831	-0.0775289922544	-0.00653522648228	-0.0448661896897	0.0221831019343	0.00699386913549	-0.023723940425	0.0234021156336	0.0223417395251	0.0224568560405	0.00993001546776	0.00176278813674	0.0709831802644	-0.0239371710535	-0.0615728228064	-0.027979437986	0.0619756122491	-0.00549718596769	-0.0321965270997	-0.00202164516952
k__Bacteria;p__Actinobacteria;c__Actinobacteria;o__Bifidobacteriales;f__Bifidobacteriaceae;g__Bifidobacterium;s__Bifidobacterium_longum	0.0096571035018	-0.0228863948984	-0.0317852648832	0.0287852488221	-0.0105072276379	-0.000629467639049	0.0106492134271	-0.0437515351187	-0.0758600492324	0.0060727636813	-0.0475308581291	0.00207347582582	-0.0273859065778	-0.0197949639493	-0.0254947449392	-0.0189027012049	-0.0252098686929	0.0149647661796	-0.00467211160936	-0.0415266260498	-0.0320709846184	0.0189958949259	0.000238017221125	-0.0245949138279	0.0413759072777	0.0451981847784	0.0385052587228	-0.00522677079928	-0.0492171649654	1.0	0.0155879930784	0.0814493601139	-0.0316771376967	-0.0592604097774	-0.0575990567691	0.00939318911132	0.0786002097938	0.0690854106675	0.0399210603569	-0.0638604916185	-0.0355145776586	0.0187762434363	0.0163068288971	-0.00354603343817	-0.0772789876372	0.0170374287253	0.00236148838149	-0.0206988581063	-0.0151380748263	-0.0211069959564	-0.0410022789796	-0.0417191670541	-0.00575813885799	-0.00611437608087	0.0184640867599	-0.00345205024272	0.00176465240299	-0.00624324237492	-0.0474408593264
