#taxonomy	k__Bacteria;p__Bacteroidetes;c__Bacteroidia;o__Bacteroidales;f__Bacteroidaceae;g__Bacteroides;s__Bacteroides_vulgatus	k__Bacteria;p__Bacteroidetes;c__Bacteroidia;o__Bacteroidales;f__Bacteroidaceae;g__Bacteroides;s__Bacteroides_uniformis	k__Bacteria;p__Bacteroidetes;c__Bacteroidia;o__Bacteroidales;f__Rikenellaceae;g__Alistipes;s__Alistipes_putredinis	k__Bacteria;p__Bacteroidetes;c__Bacteroidia;o__Bacteroidales;f__Prevotellaceae;g__Prevotella;s__Prevotella_copri	k__Bacteria;p__Bacteroidetes;c__Bacteroidia;o__Bacteroidales;f__Bacteroidaceae;g__Bacteroides;s__Bacteroides_stercoris	k__Bacteria;p__Bacteroidetes;c__Bacteroidia;o__Bacteroidales;f__Bacteroidaceae;g__Bacteroides;s__Bacteroides_ovatus	k__Bacteria;p__Bacteroidetes;c__Bacteroidia;o__Bacteroidales;f__Rikenellaceae;g__Alistipes;s__Alistipes_shahii	k__Bacteria;p__Firmicutes;c__Clostridia;o__Clostridiales;f__Ruminococcaceae;g__Faecalibacterium;s__Faecalibacterium_prausnitzii	k__Bacteria;p__Bacteroidetes;c__Bacteroidia;o__Bacteroidales;f__Rikenellaceae;g__Alistipes;s__Alistipes_finegoldii	k__Bacteria;p__Bacteroidetes;c__Bacteroidia;o__Bacteroidales;f__Porphyromonadaceae;g__Parabacteroides;s__Parabacteroides_distasonis	k__Bacteria;p__Bacteroidetes;c__Bacteroidia;o__Bacteroidales;f__Bacteroidaceae;g__Bacteroides;s__Bacteroides_thetaiotaomicron	k__Bacteria;p__Bacteroidetes;c__Bacteroidia;o__Bacteroidales;f__Bacteroidaceae;g__Bacteroides;s__Bacteroides_coprocola	k__Bacteria;p__Bacteroidetes;c__Bacteroidia;o__Bacteroidales;f__Bacteroidaceae;g__Bacteroides;s__Bacteroides_cellulosilyticus	k__Bacteria;p__Bacteroidetes;c__Bacteroidia;o__Bacteroidales;f__Rikenellaceae;g__Alistipes;s__Alistipes_obesi	k__Bacteria;p__Firmicutes;c__Clostridia;o__Clostridiales;f__Lachnospiraceae;g__;s__[Eubacterium]_rectale	k__Bacteria;p__Bacteroidetes;c__Bacteroidia;o__Bacteroidales;f__Bacteroidaceae;g__Bacteroides;s__Bacteroides_plebeius	k__Bacteria;p__Bacteroidetes;c__Bacteroidia;o__Bacteroidales;f__Bacteroidaceae;g__Bacteroides;s__Bacteroides_fragilis	k__Bacteria;p__Proteobacteria;c__Betaproteobacteria;o__Burkholderiales;f__Sutterellaceae;g__Sutterella;s__Sutterella_wadsworthensis	k__Bacteria;p__Bacteroidetes;c__Bacteroidia;o__Bacteroidales;f__Porphyromonadaceae;g__Barnesiella;s__Barnesiella_intestinihominis	k__Bacteria;p__Bacteroidetes;c__Bacteroidia;o__Bacteroidales;f__Odoribacteraceae;g__Odoribacter;s__Odoribacter_splanchnicus	k__Bacteria;p__Bacteroidetes;c__Bacteroidia;o__Bacteroidales;f__Bacteroidaceae;g__Bacteroides;s__Bacteroides_salyersiae	k__Bacteria;p__Firmicutes;c__Clostridia;o__Clostridiales;f__Ruminococcaceae;g__Ruminiclostridium;s__[Eubacterium]_siraeum	k__Bacteria;p__Proteobacteria;c__Betaproteobacteria;o__Burkholderiales;f__Sutterellaceae;g__Parasutterella;s__Parasutterella_excrementihominis	k__Bacteria;p__Actinobacteria;c__Actinobacteria;o__Bifidobacteriales;f__Bifidobacteriaceae;g__Bifidobacterium;s__Bifidobacterium_adolescentis	k__Bacteria;p__Firmicutes;c__Clostridia;o__Clostridiales;f__Oscillospiraceae;g__Oscillibacter;s__Oscillibacter_sp._KLE_1745	k__Bacteria;p__Bacteroidetes;c__Bacteroidia;o__Bacteroidales;f__Bacteroidaceae;g__Bacteroides;s__Bacteroides_coprophilus	k__Bacteria;p__Firmicutes;c__Clostridia;o__Clostridiales;f__Lachnospiraceae;g__Roseburia;s__Roseburia_intestinalis	k__Bacteria;p__Firmicutes;c__Clostridia;o__Clostridiales;f__Lachnospiraceae;g__Roseburia;s__Roseburia_hominis	k__Bacteria;p__Bacteroidetes;c__Bacteroidia;o__Bacteroidales;f__Porphyromonadaceae;g__Parabacteroides;s__Parabacteroides_johnsonii	k__Bacteria;p__Actinobacteria;c__Actinobacteria;o__Bifidobacteriales;f__Bifidobacteriaceae;g__Bifidobacterium;s__Bifidobacterium_longum	k__Bacteria;p__Firmicutes;c__Clostridia;o__Clostridiales;f__;g__Flavonifractor;s__Flavonifractor_plautii	k__Bacteria;p__Firmicutes;c__Clostridia;o__Clostridiales;f__Clostridiaceae;g__Clostridium;s__Clostridium_phoceensis	k__Bacteria;p__Verrucomicrobia;c__Verrucomicrobiae;o__Verrucomicrobiales;f__Akkermansiaceae;g__Akkermansia;s__Akkermansia_muciniphila	k__Bacteria;p__Bacteroidetes;c__Bacteroidia;o__Bacteroidales;f__Prevotellaceae;g__Paraprevotella;s__Paraprevotella_xylaniphila	k__Bacteria;p__Firmicutes;c__Clostridia;o__Clostridiales;f__Ruminococcaceae;g__Ruminococcus;s__Ruminococcus_callidus	k__Bacteria;p__Bacteroidetes;c__Bacteroidia;o__Bacteroidales;f__Rikenellaceae;g__Alistipes;s__Alistipes_senegalensis	k__Bacteria;p__Firmicutes;c__Clostridia;o__Clostridiales;f__Lachnospiraceae;g__Blautia;s__Blautia_sp._KLE_1732	k__Bacteria;p__Bacteroidetes;c__Bacteroidia;o__Bacteroidales;f__Bacteroidaceae;g__Bacteroides;s__Bacteroides_oleiciplenus	k__Bacteria;p__Firmicutes;c__Clostridia;o__Clostridiales;f__Ruminococcaceae;g__Ruminococcus;s__Ruminococcus_bicirculans	k__Bacteria;p__Bacteroidetes;c__Bacteroidia;o__Bacteroidales;f__Bacteroidaceae;g__Bacteroides;s__Bacteroides_fluxus	k__Bacteria;p__Bacteroidetes;c__Bacteroidia;o__Bacteroidales;f__Prevotellaceae;g__Prevotella;s__Prevotella_stercorea	k__Bacteria;p__Firmicutes;c__Clostridia;o__Clostridiales;f__Lachnospiraceae;g__Dorea;s__Dorea_longicatena	k__Bacteria;p__Firmicutes;c__Clostridia;o__Clostridiales;f__Eubacteriaceae;g__Eubacterium;s__[Eubacterium]_eligens	k__Bacteria;p__Firmicutes;c__Clostridia;o__Clostridiales;f__Ruminococcaceae;g__;s__Ruminococcaceae_bacterium_D16	k__Bacteria;p__Firmicutes;c__Clostridia;o__Clostridiales;f__Lachnospiraceae;g__Coprococcus;s__Coprococcus_comes	k__Bacteria;p__Proteobacteria;c__Gammaproteobacteria;o__Enterobacterales;f__Enterobacteriaceae;g__Escherichia;s__Escherichia_coli	k__Bacteria;p__Firmicutes;c__Clostridia;o__Clostridiales;f__Ruminococcaceae;g__Anaerotruncus;s__Anaerotruncus_colihominis	k__Bacteria;p__Firmicutes;c__Clostridia;o__Clostridiales;f__Lachnospiraceae;g__Blautia;s__Blautia_obeum	k__Bacteria;p__Bacteroidetes;c__Bacteroidia;o__Bacteroidales;f__Odoribacteraceae;g__Odoribacter;s__Odoribacter_laneus	k__Bacteria;p__Firmicutes;c__Clostridia;o__Clostridiales;f__Ruminococcaceae;g__Ruminiclostridium;s__[Clostridium]_leptum	k__Bacteria;p__Bacteroidetes;c__Bacteroidia;o__Bacteroidales;f__Porphyromonadaceae;g__Parabacteroides;s__Parabacteroides_goldsteinii	k__Bacteria;p__Firmicutes;c__Clostridia;o__Clostridiales;f__Lachnospiraceae;g__Anaerostipes;s__Anaerostipes_hadrus	k__Bacteria;p__Firmicutes;c__Clostridia;o__Clostridiales;f__Ruminococcaceae;g__Ruminococcus;s__Ruminococcus_lactaris	k__Bacteria;p__Firmicutes;c__Clostridia;o__Clostridiales;f__Clostridiaceae;g__Clostridium;s__Clostridium_sp._L2-50	k__Bacteria;p__Firmicutes;c__Clostridia;o__Clostridiales;f__Clostridiaceae;g__Clostridium;s__Clostridium_sp._M62/1	k__Bacteria;p__Firmicutes;c__Clostridia;o__Clostridiales;f__;g__Intestinimonas;s__Intestinimonas_butyriciproducens	k__Bacteria;p__Actinobacteria;c__Actinobacteria;o__Bifidobacteriales;f__Bifidobacteriaceae;g__Bifidobacterium;s__Bifidobacterium_bifidum	k__Bacteria;p__Firmicutes;c__Negativicutes;o__Veillonellales;f__Veillonellaceae;g__Dialister;s__Dialister_invisus	k__Bacteria;p__Bacteroidetes;c__Bacteroidia;o__Bacteroidales;f__Bacteroidaceae;g__Bacteroides;s__Bacteroides_salanitronis
k__Bacteria;p__Bacteroidetes;c__Bacteroidia;o__Bacteroidales;f__Bacteroidaceae;g__Bacteroides;s__Bacteroides_vulgatus	1.0	0.0309763667594	0.0546421846817	-0.0371289098671	0.0125598930789	-0.0227880726291	-0.0152017041283	-0.0594094725721	-0.00839872651022	0.00108428148069	0.0291760569164	-0.000730243487493	0.0345774782879	-0.0301256107887	0.0223271073331	-0.00577285336354	-0.0119234883259	-0.00444839765638	-0.0114041699779	-0.00773074102227	-0.0125811551926	0.0334738602761	-0.0279880275295	-0.0560649597068	0.0524938618459	-0.00919423874387	-0.0754125151002	-0.0387732533797	0.0368938795836	-0.0320463899802	-0.0124621762674	0.00729973912487	-0.0028374939313	0.0653465782637	-0.0692328134537	-0.0278417650482	-0.0147493784448	0.0394063545127	-0.00172699249521	0.0109098111074	-0.0566164029929	0.0408674941899	-0.018852376409	-0.0268276795074	-0.0605697363903	-0.0138512684939	-0.0251854720872	0.0178560700359	-0.0370292304726	0.00565201924027	0.00632757037841	-0.0322618930395	-0.0807622002606	-0.0206934800933	0.048781188881	0.0133255727769	-0.0344779527757	0.0161724187295	-0.00241442062704
k__Bacteria;p__Bacteroidetes;c__Bacteroidia;o__Bacteroidales;f__Bacteroidaceae;g__Bacteroides;s__Bacteroides_uniformis	0.0309763667594	1.0	-0.0689359163588	-0.00523861632594	-0.00759486108174	-0.0444638239612	-0.034460555489	0.0487037285924	0.0241142059255	0.0379128853693	-0.0466843986584	0.0117063391637	0.0394126679422	0.0387342875611	-0.0219233751822	0.0211384085864	-0.00643834920096	-0.013594846601	-0.0403687779089	-0.0109209546706	0.0167432937893	-0.0337091345967	-0.0735262748714	-0.015021930459	-0.0575142130671	-0.00931207378313	-0.0417464631559	-0.0429676378575	-0.053197567781	-0.0221311112318	0.0725008635988	-0.0520894408788	0.0317571635904	-0.0195705916855	-0.00365957361642	-0.00724485231981	-0.00837673260606	-0.00771140840503	-0.0254249164901	-0.0315027835995	-0.00478797002393	-0.0120733080005	-0.0149433746923	-0.00163777973823	-0.0328275836718	-0.0561472554391	0.0367342074691	-0.045228676693	0.00183674023627	-0.00533986796826	0.0561642111586	-0.0207469514386	0.0210856243483	0.0153356031549	-0.0261317348846	-0.0584612246924	-0.0820954258685	0.00701412024593	-0.00600520312446
k__Bacteria;p__Bacteroidetes;c__Bacteroidia;o__Bacteroidales;f__Rikenellaceae;g__Alistipes;s__Alistipes_putredinis	0.0546421846817	-0.0689359163588	1.0	0.0491208051464	0.0293582384022	-0.00206841809242	0.00431714782514	-0.0413157515191	0.0137365563247	0.0113011880736	0.0573657599028	-0.0346668195488	-0.0121880199777	0.000705554421305	-0.0348947702483	-0.0311102394804	-0.035156331491	-0.0483367246538	0.0126643980118	0.0409512242397	-0.0688719667801	-0.0224000022244	-0.00944001961785	-0.0532852897305	-0.00317974892362	0.00171547470854	-0.0534636697935	0.018724449674	-0.0354497486772	-0.0560187090393	-0.00394790888374	0.0124874530061	0.0325873706599	0.0264149062609	0.00153698494158	0.0277302839904	0.0109160070196	0.0183035626221	-0.0302464934495	-0.00840985928047	0.099226225202	0.0688919719741	-0.0682182985657	0.0459262568917	-0.0610721833803	0.0156034769167	0.0431763541115	0.0486483945331	-0.0173339877382	0.0250709492281	0.0144401383465	-0.00694273125531	0.0143057925156	0.0114709655537	-0.0489610518625	0.0194393144453	-0.0763953057673	-0.0383460457474	-0.0361390640748
k__Bacteria;p__Bacteroidetes;c__Bacteroidia;o__Bacteroidales;f__Prevotellaceae;g__Prevotella;s__Prevotella_copri	-0.0371289098671	-0.00523861632594	0.0491208051464	1.0	0.0331858399103	0.0209201720251	-0.0239550503975	-0.00827413090663	0.00423513750748	0.0928317097162	-0.0319045339544	-0.0752612117724	-0.00875988649173	0.0046995775734	-0.0115406537685	0.0694943085258	0.00695536248073	-0.0105581751011	0.00253705533306	0.0344879303583	0.0818654718792	-0.0280848647907	-0.00970856258564	-0.00627027217757	0.0322327523681	-0.0168437172862	-0.0193391068259	-0.0675612590889	0.000608441083331	0.0464000904159	-0.0139000835653	-0.000438810171503	-0.0258014565187	-0.0290431940996	-0.0218727445369	-0.0458997755554	0.0411142479909	-0.0329466821987	-0.0329693043654	-0.0219311451696	-0.0537143487847	-0.00566961494591	0.043025736879	-0.0125950925693	-0.0133678402863	0.003552488223	-0.0449980647021	-0.0254150283883	-0.0153265798773	-0.0803764524963	-0.0789481873786	0.0126609018712	-0.0548673380409	-0.00493454116594	-0.0183727364746	0.0187685100245	0.0270398183089	0.0196108637561	0.0354257501278
k__Bacteria;p__Bacteroidetes;c__Bacteroidia;o__Bacteroidales;f__Bacteroidaceae;g__Bacteroides;s__Bacteroides_stercoris	0.0125598930789	-0.00759486108174	0.0293582384022	0.0331858399103	1.0	-0.00057543860535	-0.0327367802207	-0.0334540980794	0.0062137342737	0.0479785567944	-0.0477224107665	-0.0676695528426	-0.0373309242735	-0.00691977503153	-0.0564901077066	-0.0418578676761	0.026228333714	-0.0456880842684	0.0598797042915	0.0474120793935	-0.0844279023118	-0.0818993064007	-0.00466617790558	-0.00720998603683	-0.0361826532428	-0.0293637837035	-0.00514873237579	0.0306765261374	-0.0531480825331	-0.0726051397795	0.00868632421093	-0.000575739237055	-0.0548913254272	-0.0637351624166	0.0185751195158	0.0226809469069	0.0136675612267	-0.0156188003929	-0.075238897248	-0.00178678071079	-0.0461065269124	-0.0386348984248	0.0163039606341	-0.039088074368	0.0277066100205	-0.0250682004324	0.0360796251889	0.0731642160685	-0.0502937557211	0.0419684627767	0.0539234034011	0.0330946102163	0.01876421534	0.0812002026267	-0.0250051448896	0.0211764000357	-0.0629761534564	-0.0363021587682	0.0324062048475
k__Bacteria;p__Bacteroidetes;c__Bacteroidia;o__Bacteroidales;f__Bacteroidaceae;g__Bacteroides;s__Bacteroides_ovatus	-0.0227880726291	-0.0444638239612	-0.00206841809242	0.0209201720251	-0.00057543860535	1.0	-0.0294515145491	0.0338007788977	-0.00698784088471	-0.0173308103954	0.0264334554877	-0.00164040367978	-0.056930796437	-0.110471084288	-0.0656886512739	-0.0404487700868	0.0222525772195	-0.0652836179526	-0.0143699259567	-0.0242504812188	0.0335901861303	0.049349664318	-0.0540035695169	-0.039457773058	-0.055128047619	0.0133074566167	-0.00938368670574	-0.0175480408076	-0.0182614706591	0.0149432547087	0.0199298953813	-0.0110330684937	0.0419206725035	-0.0430106386423	-0.00093202675507	-0.00896432048878	0.0431094287112	-0.000246568930837	-0.0629843214652	-0.0635130990933	-0.00917193645584	-0.0272047944421	-0.00902775668376	-0.046583057046	0.00339780356535	0.0523608028422	-0.0137248702328	-0.0881488937728	-0.0293012260153	0.0215880241842	0.0418511243369	-0.0181729213248	-0.0027456322015	-0.0241326920308	-0.0453617508853	0.0561962568434	-0.00378499282289	-0.00695162568695	-0.0381231553051
k__Bacteria;p__Bacteroidetes;c__Bacteroidia;o__Bacteroidales;f__Rikenellaceae;g__Alistipes;s__Alistipes_shahii	-0.0152017041283	-0.034460555489	0.00431714782514	-0.0239550503975	-0.0327367802207	-0.0294515145491	1.0	0.0143417271312	-0.0507844359447	-0.0132724531515	-0.0200000205175	0.0256136662898	0.0547736152189	-0.0016400272886	-0.0268480136874	-0.0102808743278	0.0254085131521	0.0373838400501	0.00212936439058	0.028668680222	-0.0592367460506	0.00351360204946	-0.0678423671066	0.0546434729316	-0.0252521291693	-0.0106674279895	0.0166233525412	-0.0106732409705	-0.0386342910509	0.0312142978084	-0.0260966291979	0.0422255940336	0.0062213784896	-0.0166900543508	-0.0138357500866	-0.026762114956	-0.036000116907	0.00647381516309	-0.0192839471789	-0.0155006665109	-0.0880529637275	-0.0259463383028	-0.0271114925993	0.0209650523692	-0.0262451346795	-0.0039944315256	-0.0286320618061	-0.0171530001178	-0.0634090685629	0.00732811805134	-0.0132558253495	0.00580520457833	0.0128627154661	-0.0652133816891	0.0622672856043	-0.0810982001229	0.0533872966775	0.0358098611416	-0.00975975585381
k__Bacteria;p__Firmicutes;c__Clostridia;o__Clostridiales;f__Ruminococcaceae;g__Faecalibacterium;s__Faecalibacterium_prausnitzii	-0.0594094725721	0.0487037285924	-0.0413157515191	-0.00827413090663	-0.0334540980794	0.0338007788977	0.0143417271312	1.0	0.0413377586233	0.0158424722233	0.0113461697271	-0.0434809382569	-0.0672567407417	-0.00515104856788	-0.0110193220467	-0.00268735068497	0.0252211056373	-0.00123212459513	-0.011209189446	-0.0178692823512	-0.0178851378643	-0.0128896189354	-0.00378148915886	0.064296264892	-0.0224862306782	-0.0168050669898	-0.0369989680707	-0.0518665809501	0.000930510449655	-0.0301896257044	0.0418549819792	-0.0532059903163	-0.0405026707981	0.0204082086731	-0.0218397675418	-0.052363863191	-0.0474270878196	0.0416431609307	-0.00041128540923	0.0226921761732	-0.0759917944444	0.0275886609648	-0.0944152429139	-0.0728487722991	0.0168168140124	-0.0445099759301	-0.0385452898911	-0.0316669027226	-0.0339575387319	-0.00316050439389	-0.019657410903	-0.00835624875934	-0.000427133977924	0.0149797748723	-0.0121292470811	0.0525453314731	0.0044505099418	-0.00354916806993	-0.00945031234702
k__Bacteria;p__Bacteroidetes;c__Bacteroidia;o__Bacteroidales;f__Rikenellaceae;g__Alistipes;s__Alistipes_finegoldii	-0.00839872651022	0.0241142059255	0.0137365563247	0.00423513750748	0.0062137342737	-0.00698784088471	-0.0507844359447	0.0413377586233	1.0	-0.0452469609029	0.000201379251856	0.0286107023651	0.0236209003755	0.0288302889646	0.0516524230643	-0.0259264186177	0.0166027617578	-0.0216927949083	0.0321152865038	0.0358418266432	-0.0235487091286	0.0634881370916	-0.0142729231096	-0.0379944299872	-0.0839662398757	0.0167545837498	-0.00583483340707	0.0452321637413	-0.084246423229	-0.0186276579906	-0.0276396319816	-0.0472138193333	-0.00230792393576	-0.00375945481578	0.0021876171861	-0.0588179083359	0.0580073378763	0.0017182350306	-0.0570902315765	-0.0501199846997	0.0360953309694	-0.0165722884129	-0.0434309976739	0.0214265095515	0.0424305461129	-0.00443828789542	-0.0132833402069	-0.0152318802791	-0.00851590878814	-0.0550571271689	-0.0927420583914	0.00884663739808	0.0215083045693	0.00813809027556	0.000853614844409	0.0268054539354	-0.0290489355015	0.0286279299048	-0.0297135208719
k__Bacteria;p__Bacteroidetes;c__Bacteroidia;o__Bacteroidales;f__Porphyromonadaceae;g__Parabacteroides;s__Parabacteroides_distasonis	0.00108428148069	0.0379128853693	0.0113011880736	0.0928317097162	0.0479785567944	-0.0173308103954	-0.0132724531515	0.0158424722233	-0.0452469609029	1.0	0.0241908790428	0.0466766901009	-0.0393262596759	-0.0218744551951	0.00830297494759	-0.0354463198895	0.0415848584536	-0.0565080736503	-0.0277282781926	0.0225388896314	-0.0196297834526	-0.0139321657347	0.0456639933847	0.040203470207	-0.0126242089584	0.0419175612264	0.0676693499271	-0.0436602564398	-0.032021787137	-0.0178264556887	0.0169893410505	-0.0289038827891	0.00329999455652	-0.020608814237	-0.0109373530752	0.0377781936875	-0.0408436603322	-0.0206976919743	0.0901212713864	-0.0176767230807	-0.0336195459158	-0.0362026188141	-0.023665590281	-0.0395688572275	-0.0549617996462	0.0200322127774	0.00902180864748	0.0148991829416	-0.00479691651936	-0.00854970622122	-0.0182301461424	-0.0467084560351	0.0588732696499	-0.0371436930036	-0.0377066266733	0.0267612198452	-0.00629943654662	0.0102314471347	-0.00857079762537
k__Bacteria;p__Bacteroidetes;c__Bacteroidia;o__Bacteroidales;f__Bacteroidaceae;g__Bacteroides;s__Bacteroides_thetaiotaomicron	0.0291760569164	-0.0466843986584	0.0573657599028	-0.0319045339544	-0.0477224107665	0.0264334554877	-0.0200000205175	0.0113461697271	0.000201379251856	0.0241908790428	1.0	-0.02375963765	0.0270073605215	-0.0171864946727	0.0245288810261	0.00180140603647	0.0501976001326	-0.0140179133798	-0.0346062764646	0.0244333030551	0.03651405569	0.0181438262335	0.0180143052172	0.0155805517708	-0.0251532812706	-0.0237848516046	-0.00840685932367	0.024432493284	-0.000652726573779	-0.0404300314012	-0.019975447141	0.0174840847519	-0.0058583016	-0.0114680334551	0.0192423141569	-0.0202937643211	0.00383562890931	0.0439692090735	-0.0122264246597	0.0448290053663	-0.0293104247053	0.0104959272858	-0.0351844870652	-0.0706695800213	-0.00117084637645	-0.0297147517156	-0.0314447405803	-0.0611831979746	-0.022168006496	-0.0372720148451	-0.0456201000398	-0.0209407031565	-0.0415473614147	0.00655150720654	0.0148194025587	0.0295137000105	0.0389208557594	0.0119755442245	-0.0381417809607
k__Bacteria;p__Bacteroidetes;c__Bacteroidia;o__Bacteroidales;f__Bacteroidaceae;g__Bacteroides;s__Bacteroides_coprocola	-0.000730243487493	0.0117063391637	-0.0346668195488	-0.0752612117724	-0.0676695528426	-0.00164040367978	0.0256136662898	-0.0434809382569	0.0286107023651	0.0466766901009	-0.02375963765	1.0	0.012461564563	-0.00796953396513	0.0498966415501	-0.0143164709124	0.0176225106338	-0.00167137578815	-0.0377232939794	0.00189351866895	-0.0201316209566	-0.00862918009924	-0.0122291038871	-0.0454065506282	-0.01908093729	-0.00969551864986	-0.0249631073728	-0.00740959888689	0.0456485061291	-0.0116355501785	0.0653454373052	-0.0317604201161	-0.0052871691873	0.0345726793154	-0.0298858361123	-0.0266518910712	0.0441339685858	0.00864829805888	0.0022461385739	-0.0388604302228	-0.0117979960645	-0.0845172247647	-0.0240520496325	-0.0413889737982	-0.0185085730955	-0.0435138425916	0.0415192055121	-0.0390785643926	-0.0234093682136	0.041379487016	-0.0330170386121	0.00915710216848	-0.0267481086035	-0.0221988670331	0.00024518856023	-0.0809457545101	-0.04798953268	0.0265678659832	-0.0903745856309
k__Bacteria;p__Bacteroidetes;c__Bacteroidia;o__Bacteroidales;f__Bacteroidaceae;g__Bacteroides;s__Bacteroides_cellulosilyticus	0.0345774782879	0.0394126679422	-0.0121880199777	-0.00875988649173	-0.0373309242735	-0.056930796437	0.0547736152189	-0.0672567407417	0.0236209003755	-0.0393262596759	0.0270073605215	0.012461564563	1.0	-0.0219868912857	-0.0130874825278	-0.00100480715178	0.0407311877936	-0.02253732463	-0.0750651984662	0.0302235923649	0.0281738888988	-0.0539566718652	-0.0186821863893	0.00157562254528	-0.0295353883321	0.00646552541589	0.0307107760007	0.0449312365907	0.0122987231935	-0.0400618401353	0.0368793118732	-0.0217864618363	-0.0241123328293	0.0266486266404	-0.0113066061889	-0.0683600191377	0.0563287617655	-0.027597702429	0.0298678952078	0.0586048321862	0.00108168211539	0.0578117894739	-0.0191535245861	-0.0392983044582	-0.00154631292494	-0.0268283782036	-0.0174206157486	-0.0409582954901	-0.0322702488662	-0.0491572206488	0.0340295341166	0.0235465375361	-9.46539120029e-05	0.0698803066962	-0.0924934102268	-0.0467715213869	-0.0234693599009	-0.0501814931734	0.0231152725347
k__Bacteria;p__Bacteroidetes;c__Bacteroidia;o__Bacteroidales;f__Rikenellaceae;g__Alistipes;s__Alistipes_obesi	-0.0301256107887	0.0387342875611	0.000705554421305	0.0046995775734	-0.00691977503153	-0.110471084288	-0.0016400272886	-0.00515104856788	0.0288302889646	-0.0218744551951	-0.0171864946727	-0.00796953396513	-0.0219868912857	1.0	-0.0199483621947	-0.0240168709477	0.0279295268525	0.0601891832273	-0.0360794641268	0.00700914890735	-0.0472417320513	0.0517122362332	0.0633391925942	-0.016429075074	0.00355679418825	0.0204754455303	0.00293952032786	-0.0314859256309	0.00104984830541	0.021449413203	-0.00496361241841	-0.0560432274473	-0.0205021765221	-0.00942101505458	-0.0183122248616	-0.0206573758819	-0.0668534215364	-0.0173170086382	-0.0103489808035	-0.0177446448542	-0.0282787478118	-0.0506884706251	0.0341575221307	0.0361356996067	0.0383829216419	-0.0260727456091	0.0459175913652	0.00790659988762	-0.0384523347498	-0.020950889553	0.0342188668576	-0.084673353964	-0.0301016228743	-0.00184734135176	0.0479549770691	-0.0105626077261	0.0110321924809	-0.0272470424635	-0.00910569809058
k__Bacteria;p__Firmicutes;c__Clostridia;o__Clostridiales;f__Lachnospiraceae;g__;s__[Eubacterium]_rectale	0.0223271073331	-0.0219233751822	-0.0348947702483	-0.0115406537685	-0.0564901077066	-0.0656886512739	-0.0268480136874	-0.0110193220467	0.0516524230643	0.00830297494759	0.0245288810261	0.0498966415501	-0.0130874825278	-0.0199483621947	1.0	0.0235127935218	-0.0372518044166	-0.00267721700951	0.0228984196539	0.0498823428266	-0.0185112775324	-0.00754033642457	0.000835803224069	-0.0382489078007	0.0269024272028	-0.0381428463044	0.0281386579297	0.0264840619795	-0.0104317252222	-0.0535907943949	-0.0216806918717	-0.0220633997732	-0.0882586148142	-0.0385461793292	0.027172625158	0.0599712836505	-0.0489757516204	0.00569827033461	-0.00480716396872	-0.0637474518891	-0.0427333059198	0.0606234477667	0.0354740532151	-0.0223520387314	-0.044527951994	0.0141385187164	-0.0293127727851	0.00181492827967	0.0133244218653	-0.0242118456101	0.0505846818517	-0.022183009572	-0.0476901392344	-0.0439989855628	0.0146871835626	0.00367753200477	0.0346002073522	0.0250952946638	0.0548452226531
k__Bacteria;p__Bacteroidetes;c__Bacteroidia;o__Bacteroidales;f__Bacteroidaceae;g__Bacteroides;s__Bacteroides_plebeius	-0.00577285336354	0.0211384085864	-0.0311102394804	0.0694943085258	-0.0418578676761	-0.0404487700868	-0.0102808743278	-0.00268735068497	-0.0259264186177	-0.0354463198895	0.00180140603647	-0.0143164709124	-0.00100480715178	-0.0240168709477	0.0235127935218	1.0	-0.0586581717434	-0.0310022494194	0.0128928415555	0.037621163071	0.0091169411974	0.00637719253868	-0.0502002227448	-0.00722292766297	-0.0049489782315	-0.0146924146248	-0.028912260024	-0.0603525507157	-0.0813601788458	0.0311066706009	0.0187105250935	0.0279415669162	-0.0216252649569	-0.000501165266006	-0.0165262095918	0.013873839315	-0.00509844263389	0.0634433680546	-0.0399107034727	0.0347271057009	-0.00554964594868	0.000272712230165	0.0355727700894	-0.0427426412633	-0.0471034782647	-0.0400266814426	0.0152076270318	-0.0534665705022	-0.00797134965692	0.0202249017011	0.0354615611987	0.0169339549811	-0.0508275043019	0.0822417929194	-0.0204041052142	-0.0277101517427	-0.0329567235955	0.05506064879	0.0194433909353
k__Bacteria;p__Bacteroidetes;c__Bacteroidia;o__Bacteroidales;f__Bacteroidaceae;g__Bacteroides;s__Bacteroides_fragilis	-0.0119234883259	-0.00643834920096	-0.035156331491	0.00695536248073	0.026228333714	0.0222525772195	0.0254085131521	0.0252211056373	0.0166027617578	0.0415848584536	0.0501976001326	0.0176225106338	0.0407311877936	0.0279295268525	-0.0372518044166	-0.0586581717434	1.0	-0.00329678917859	-0.0318159825987	-0.0494532104627	0.0167430281488	-0.0062865258284	-0.00177674211171	-0.0224147727671	-0.0488535797631	0.038545761165	-0.0137043435906	-0.0361141100518	0.0281715472637	-0.0324157570319	0.0478311564024	-0.0211797704491	0.0518976078823	-0.0277873433844	0.0268235785392	0.00713231581732	-0.0300313793149	-0.0270632992346	-0.043229856887	0.0411741685016	0.00105336810057	-0.00482222969989	0.00428570147172	-0.00336660428075	-0.015531379217	-0.0251273142731	-0.00856696278288	-0.0335268284039	-0.0201222069853	-0.0251609446662	0.0266014800712	-0.0170703875243	0.0147280500097	0.000506845130869	0.0525587271113	-0.0180584737894	0.0205996731299	0.0151042899579	0.0285183086176
k__Bacteria;p__Proteobacteria;c__Betaproteobacteria;o__Burkholderiales;f__Sutterellaceae;g__Sutterella;s__Sutterella_wadsworthensis	-0.00444839765638	-0.013594846601	-0.0483367246538	-0.0105581751011	-0.0456880842684	-0.0652836179526	0.0373838400501	-0.00123212459513	-0.0216927949083	-0.0565080736503	-0.0140179133798	-0.00167137578815	-0.02253732463	0.0601891832273	-0.00267721700951	-0.0310022494194	-0.00329678917859	1.0	0.0422183273322	-0.0227313657195	0.0549943913331	-0.0455641248153	-0.0205258076298	-0.00115565966933	0.0618171213086	-0.0205092655891	-0.0447369170843	-0.055806581231	0.0328668277978	0.0805057790652	-0.1098726563	-0.0206709683285	0.00482234704428	-0.00255453083592	-0.0249469152921	-0.05167758038	-0.0115738208624	-0.038691650912	0.00653323604898	-0.0410649150526	0.0175375599203	0.00264157380262	0.0682613920143	0.0120125098981	0.0262086063621	-0.0475510323411	-0.0457931349311	-0.00868146848784	-0.0104195968188	0.0184996971434	-0.0265986191373	0.0322496278974	0.0307173898474	-0.0460598438555	0.0369248230849	-0.0559690432861	0.0277859177473	-0.00669314405606	0.0217755904677
k__Bacteria;p__Bacteroidetes;c__Bacteroidia;o__Bacteroidales;f__Porphyromonadaceae;g__Barnesiella;s__Barnesiella_intestinihominis	-0.0114041699779	-0.0403687779089	0.0126643980118	0.00253705533306	0.0598797042915	-0.0143699259567	0.00212936439058	-0.011209189446	0.0321152865038	-0.0277282781926	-0.0346062764646	-0.0377232939794	-0.0750651984662	-0.0360794641268	0.0228984196539	0.0128928415555	-0.0318159825987	0.0422183273322	1.0	-0.0360388186991	-0.0282092606958	-0.0652977411771	-0.0388904324128	-0.0252093257827	0.0155798609444	-0.0690857756932	0.00174185551519	0.0424010829732	0.0664034889736	0.00359813051663	0.0339492290619	-0.0310164074658	-0.0315042754306	0.074091966202	0.0293833672888	-0.0137003398784	-0.0217502984375	0.0505639131043	-0.0275560799194	-0.0553310406214	-0.00160569624726	-0.0447085789445	0.0141207855792	-0.0103074268763	0.00676457559144	-0.0577443241949	-0.00610170904095	0.00916292979201	-0.0296197225897	-0.0354555836104	0.0135628089146	0.0163138280268	0.0565277506484	-0.0222135373757	0.00592951318133	-0.078210048889	-0.0334754879684	-0.0438031657462	-0.00799776698171
k__Bacteria;p__Bacteroidetes;c__Bacteroidia;o__Bacteroidales;f__Odoribacteraceae;g__Odoribacter;s__Odoribacter_splanchnicus	-0.00773074102227	-0.0109209546706	0.0409512242397	0.0344879303583	0.0474120793935	-0.0242504812188	0.028668680222	-0.0178692823512	0.0358418266432	0.0225388896314	0.0244333030551	0.00189351866895	0.0302235923649	0.00700914890735	0.0498823428266	0.037621163071	-0.0494532104627	-0.0227313657195	-0.0360388186991	1.0	0.00343286666934	0.00830744158358	-0.0144928482678	-0.0304348897511	0.0427940522773	0.0109942004489	-0.00266019499251	-0.0120443927602	0.0330733558079	-0.00773276733626	0.0101029469063	0.0204709726113	0.0454089869056	0.0339796552645	-0.0460234114805	0.00238604314771	-0.00137586302743	0.0171898316762	-0.0395664458284	0.0106698099448	-0.0229575740498	-0.0240700864937	-0.0261365965658	-0.0217917452776	-0.00563418098832	-0.0781701328684	0.00613280364611	-0.00100900455895	0.0263209056864	-0.0783108301497	0.00749468786036	-0.017788281558	-0.0441409410024	-0.0295502906848	-0.0341799382543	0.0289853363308	-0.0507401397133	0.0127279803532	0.000144246549408
k__Bacteria;p__Bacteroidetes;c__Bacteroidia;o__Bacteroidales;f__Bacteroidaceae;g__Bacteroides;s__Bacteroides_salyersiae	-0.0125811551926	0.0167432937893	-0.0688719667801	0.0818654718792	-0.0844279023118	0.0335901861303	-0.0592367460506	-0.0178851378643	-0.0235487091286	-0.0196297834526	0.03651405569	-0.0201316209566	0.0281738888988	-0.0472417320513	-0.0185112775324	0.0091169411974	0.0167430281488	0.0549943913331	-0.0282092606958	0.00343286666934	1.0	-0.0234710401505	-0.0294171245159	-0.0119316123113	0.0716569912259	-0.0519285944335	-0.0196659100743	-0.0193793047762	-0.0177120015286	-0.0152893406456	-0.0644020622163	-0.0492108213142	-0.0182506470298	0.0156799328059	-0.037831705592	0.0134758639115	-0.0183175089851	-0.0262841743899	0.0286762209749	-0.0736681598495	-0.0356449070814	0.0301791828151	0.0413272640098	-0.024562378517	-0.0428944173306	0.00477866429363	-0.022676128917	-0.0192314358871	-0.0569008907623	0.00973818779744	-0.00997099327174	0.0244143605042	0.0107791596341	0.0272786946646	0.0347474118128	0.00207020361132	-0.109242320184	-0.00655094906446	0.00267521558243
k__Bacteria;p__Firmicutes;c__Clostridia;o__Clostridiales;f__Ruminococcaceae;g__Ruminiclostridium;s__[Eubacterium]_siraeum	0.0334738602761	-0.0337091345967	-0.0224000022244	-0.0280848647907	-0.0818993064007	0.049349664318	0.00351360204946	-0.0128896189354	0.0634881370916	-0.0139321657347	0.0181438262335	-0.00862918009924	-0.0539566718652	0.0517122362332	-0.00754033642457	0.00637719253868	-0.0062865258284	-0.0455641248153	-0.0652977411771	0.00830744158358	-0.0234710401505	1.0	0.0207952028681	0.00526592582469	-0.0329081584439	-0.0174240926633	-0.00281945091079	-0.00137751127989	0.0206426556533	0.00924185591631	-0.0227335840924	-0.0345883083196	0.00496649157718	0.00448538307567	-0.00164187003265	-0.0471734513441	-0.0190379845797	-0.0185813972038	-0.000562265862373	-0.0377319924653	-0.0029524592835	-0.0245744417902	-0.03585710914	-0.017361387685	-0.00381017971916	0.0326733306043	-0.00763433530773	-0.0187211908193	-0.00853191682119	0.0222089642377	-0.000575722973529	0.0224951677617	-0.00191288669402	-0.0284152703977	0.0252064161935	0.0167069875455	-0.016514432945	0.0198560011887	-0.04003381135
k__Bacteria;p__Proteobacteria;c__Betaproteobacteria;o__Burkholderiales;f__Sutterellaceae;g__Parasutterella;s__Parasutterella_excrementihominis	-0.0279880275295	-0.0735262748714	-0.00944001961785	-0.00970856258564	-0.00466617790558	-0.0540035695169	-0.0678423671066	-0.00378148915886	-0.0142729231096	0.0456639933847	0.0180143052172	-0.0122291038871	-0.0186821863893	0.0633391925942	0.000835803224069	-0.0502002227448	-0.00177674211171	-0.0205258076298	-0.0388904324128	-0.0144928482678	-0.0294171245159	0.0207952028681	1.0	0.0281245352643	-0.00301413833677	-0.039387246053	0.0236714075441	-0.0730075667555	-0.0235554576878	0.0380857234897	0.0204037561196	-0.0365753502165	0.0319761013431	-0.022999421241	0.0274257341563	-0.0408422887996	-0.0382518392727	0.00999558977969	0.0342267766004	0.0163942482483	0.0400512147984	-0.0327595498807	-0.0678740857264	-0.0141447659765	-0.0291501104554	-0.0130324490429	0.0204072093701	0.00883832570386	-0.0294757193501	0.00794132286296	-0.0552164224723	0.0141612950844	-0.0396347119171	0.0232038789382	0.0220561951231	0.050236042196	-0.0483552502994	0.0210174139982	-0.00329491166249
k__Bacteria;p__Actinobacteria;c__Actinobacteria;o__Bifidobacteriales;f__Bifidobacteriaceae;g__Bifidobacterium;s__Bifidobacterium_adolescentis	-0.0560649597068	-0.015021930459	-0.0532852897305	-0.00627027217757	-0.00720998603683	-0.039457773058	0.0546434729316	0.064296264892	-0.0379944299872	0.040203470207	0.0155805517708	-0.0454065506282	0.00157562254528	-0.016429075074	-0.0382489078007	-0.00722292766297	-0.0224147727671	-0.00115565966933	-0.0252093257827	-0.0304348897511	-0.0119316123113	0.00526592582469	0.0281245352643	1.0	-0.0185794263984	-0.0237415712384	-0.00223732026718	-0.0205999583352	0.023896298493	0.036025414387	-0.0179062401772	0.000930753520756	-0.00624501053645	-0.0223405704391	0.0421693909068	0.0134867634181	0.0181143725609	0.0411801890558	-0.00508373738529	0.060456879366	-0.0607833176564	0.0252883873697	0.0253716738741	0.0243403590133	-0.0373609658042	-0.0139829506851	-0.0179199889523	0.0047131896839	-0.00496427130876	0.00917543073657	-0.0072521440161	0.0302006029284	-0.0699494258042	-0.0459853949057	-0.0176777664523	-0.012650609497	-0.0275852163456	0.0179151299624	-0.0680352914779
k__Bacteria;p__Firmicutes;c__Clostridia;o__Clostridiales;f__Oscillospiraceae;g__Oscillibacter;s__Oscillibacter_sp._KLE_1745	0.0524938618459	-0.0575142130671	-0.00317974892362	0.0322327523681	-0.0361826532428	-0.055128047619	-0.0252521291693	-0.0224862306782	-0.0839662398757	-0.0126242089584	-0.0251532812706	-0.01908093729	-0.0295353883321	0.00355679418825	0.0269024272028	-0.0049489782315	-0.0488535797631	0.0618171213086	0.0155798609444	0.0427940522773	0.0716569912259	-0.0329081584439	-0.00301413833677	-0.0185794263984	1.0	-0.0299864704214	0.0312927160265	-0.0308073504422	-0.0408216568488	0.0285503679025	0.0309936622819	-0.0526241858152	-0.0508860805572	0.0594807143599	-0.0144248278402	0.0148237474594	-0.0233655762818	-0.02706182243	0.011750666406	-0.0812200116116	-0.0367340497618	0.030651214196	0.0206874191554	0.0412077458673	-0.0295179643528	0.0746859737202	0.0433290318397	-0.0807518069025	0.026919296204	-0.0250687457575	-0.0420311055776	-0.00804187160058	0.0363132791235	0.0587315160654	0.0223459120709	0.0180158418915	-0.0086475270867	-0.0458746352688	0.00683977428236
k__Bacteria;p__Bacteroidetes;c__Bacteroidia;o__Bacteroidales;f__Bacteroidaceae;g__Bacteroides;s__Bacteroides_coprophilus	-0.00919423874387	-0.00931207378313	0.00171547470854	-0.0168437172862	-0.0293637837035	0.0133074566167	-0.0106674279895	-0.0168050669898	0.0167545837498	0.0419175612264	-0.0237848516046	-0.00969551864986	0.00646552541589	0.0204754455303	-0.0381428463044	-0.0146924146248	0.038545761165	-0.0205092655891	-0.0690857756932	0.0109942004489	-0.0519285944335	-0.0174240926633	-0.039387246053	-0.0237415712384	-0.0299864704214	1.0	-0.0146547696645	0.00865627573266	0.056416766039	-0.00504624552522	0.0221758710775	-0.019509289281	0.0293013725635	0.00761598400535	0.0134318626824	-0.0226015155097	-0.0637163995214	-0.00165052932794	0.00280991567627	0.0121218443672	-0.0262492230674	0.0158525885883	-0.0211874978712	-0.0305886066135	0.0421036266965	0.0115074554225	-0.112756861667	-0.0337982265838	-0.0124392703208	0.02185133776	0.0389685734814	-0.038999717504	-0.0129662593718	0.00672378129681	-0.0368999861064	-0.0185228643834	-0.00222765669341	0.00415877116443	-0.0311247346175
k__Bacteria;p__Firmicutes;c__Clostridia;o__Clostridiales;f__Lachnospiraceae;g__Roseburia;s__Roseburia_intestinalis	-0.0754125151002	-0.0417464631559	-0.0534636697935	-0.0193391068259	-0.00514873237579	-0.00938368670574	0.0166233525412	-0.0369989680707	-0.00583483340707	0.0676693499271	-0.00840685932367	-0.0249631073728	0.0307107760007	0.00293952032786	0.0281386579297	-0.028912260024	-0.0137043435906	-0.0447369170843	0.00174185551519	-0.00266019499251	-0.0196659100743	-0.00281945091079	0.0236714075441	-0.00223732026718	0.0312927160265	-0.0146547696645	1.0	0.00845860394218	-0.0377419168264	-0.0515722730783	-0.0244228991083	-0.0318355307962	-0.0025557642304	0.0309470363218	-0.00259544759967	-0.0279252631273	-0.040493450331	-0.0926042446244	0.0540298076856	0.0510414586268	-0.0189068814563	-0.0206093011336	-0.0295694175829	-0.0795055468029	-0.0715712106244	0.0720857474684	-0.0502260066421	-0.0132505106503	0.00847875002522	-0.0495670606295	0.0242989741809	-0.00842331408055	-0.0126103712722	0.0280557745874	-0.0519640206848	0.0041338933228	0.0641670542257	0.0446014777951	0.0311737263192
k__Bacteria;p__Firmicutes;c__Clostridia;o__Clostridiales;f__Lachnospiraceae;g__Roseburia;s__Roseburia_hominis	-0.0387732533797	-0.0429676378575	0.018724449674	-0.0675612590889	0.0306765261374	-0.0175480408076	-0.0106732409705	-0.0518665809501	0.0452321637413	-0.0436602564398	0.024432493284	-0.00740959888689	0.0449312365907	-0.0314859256309	0.0264840619795	-0.0603525507157	-0.0361141100518	-0.055806581231	0.0424010829732	-0.0120443927602	-0.0193793047762	-0.00137751127989	-0.0730075667555	-0.0205999583352	-0.0308073504422	0.00865627573266	0.00845860394218	1.0	0.0161631780609	0.0282091725936	-0.013044833301	0.0300554256176	0.00865622001783	-0.0743073318746	-0.0358375331611	0.0474796141131	0.0644342687295	-0.0240254019438	-0.0263438687536	-0.073414405131	-0.052061323492	-0.010340238546	0.0230282613682	-0.00436657694918	0.037872463543	-0.0238125738249	0.0248428684484	0.00782759121532	-0.00478515678598	0.00726373357091	0.0155829553851	-0.0292949254097	-0.0126230351201	0.0126174547268	-0.0191459964523	0.0144175907823	0.0610061143413	-0.00715453695375	-0.0566418569312
k__Bacteria;p__Bacteroidetes;c__Bacteroidia;o__Bacteroidales;f__Porphyromonadaceae;g__Parabacteroides;s__Parabacteroides_johnsonii	0.0368938795836	-0.053197567781	-0.0354497486772	0.000608441083331	-0.0531480825331	-0.0182614706591	-0.0386342910509	0.000930510449655	-0.084246423229	-0.032021787137	-0.000652726573779	0.0456485061291	0.0122987231935	0.00104984830541	-0.0104317252222	-0.0813601788458	0.0281715472637	0.0328668277978	0.0664034889736	0.0330733558079	-0.0177120015286	0.0206426556533	-0.0235554576878	0.023896298493	-0.0408216568488	0.056416766039	-0.0377419168264	0.0161631780609	1.0	0.0354272021977	-0.0107522353061	0.025522385909	-0.0675641659984	0.00696243989579	-0.07790644647	-0.00566376491696	-0.0281673273735	0.03588711199	0.023580956367	0.00809095663131	-0.00185558783573	0.00101808733742	-0.0612405424112	0.0281941317412	0.0583567711383	-0.0685132546355	0.037307575567	-0.0104536318626	-0.0174744709834	0.0565690781648	-0.00679104730126	-0.032859856059	-0.0504961301157	-0.0601760706723	0.00491391444311	-0.017058289955	-0.019643520808	0.0175630049781	0.0461983930334
k__Bacteria;p__Actinobacteria;c__Actinobacteria;o__Bifidobacteriales;f__Bifidobacteriaceae;g__Bifidobacterium;s__Bifidobacterium_longum	-0.0320463899802	-0.0221311112318	-0.0560187090393	0.0464000904159	-0.0726051397795	0.0149432547087	0.0312142978084	-0.0301896257044	-0.0186276579906	-0.0178264556887	-0.0404300314012	-0.0116355501785	-0.0400618401353	0.021449413203	-0.0535907943949	0.0311066706009	-0.0324157570319	0.0805057790652	0.00359813051663	-0.00773276733626	-0.0152893406456	0.00924185591631	0.0380857234897	0.036025414387	0.0285503679025	-0.00504624552522	-0.0515722730783	0.0282091725936	0.0354272021977	1.0	0.0237378715194	0.0129130177682	-0.0727326280008	-0.0287040290272	-0.0733546093235	-0.0159385702436	-0.0118016652226	0.0749820190566	-0.0316018090039	0.0388754620489	0.00366766897899	0.0610914037615	-0.0555911962286	-0.0519105688602	-0.010864623936	0.0544645475358	-0.067574097469	0.00895907500984	-0.0100346946216	-0.0331673887305	0.0126019964846	0.0678145995429	-0.0530309207728	-0.0586442678276	-0.00240114813669	-0.0372901849286	0.0143563752977	-0.0725772993799	0.0312268604235
