#taxonomy	k__Bacteria;p__Bacteroidetes;c__Bacteroidia;o__Bacteroidales;f__Bacteroidaceae;g__Bacteroides;s__Bacteroides_vulgatus	k__Bacteria;p__Bacteroidetes;c__Bacteroidia;o__Bacteroidales;f__Bacteroidaceae;g__Bacteroides;s__Bacteroides_uniformis	k__Bacteria;p__Bacteroidetes;c__Bacteroidia;o__Bacteroidales;f__Rikenellaceae;g__Alistipes;s__Alistipes_putredinis	k__Bacteria;p__Bacteroidetes;c__Bacteroidia;o__Bacteroidales;f__Prevotellaceae;g__Prevotella;s__Prevotella_copri	k__Bacteria;p__Bacteroidetes;c__Bacteroidia;o__Bacteroidales;f__Bacteroidaceae;g__Bacteroides;s__Bacteroides_stercoris	k__Bacteria;p__Bacteroidetes;c__Bacteroidia;o__Bacteroidales;f__Bacteroidaceae;g__Bacteroides;s__Bacteroides_ovatus	k__Bacteria;p__Bacteroidetes;c__Bacteroidia;o__Bacteroidales;f__Rikenellaceae;g__Alistipes;s__Alistipes_shahii	k__Bacteria;p__Firmicutes;c__Clostridia;o__Clostridiales;f__Ruminococcaceae;g__Faecalibacterium;s__Faecalibacterium_prausnitzii	k__Bacteria;p__Bacteroidetes;c__Bacteroidia;o__Bacteroidales;f__Rikenellaceae;g__Alistipes;s__Alistipes_finegoldii	k__Bacteria;p__Bacteroidetes;c__Bacteroidia;o__Bacteroidales;f__Porphyromonadaceae;g__Parabacteroides;s__Parabacteroides_distasonis	k__Bacteria;p__Bacteroidetes;c__Bacteroidia;o__Bacteroidales;f__Bacteroidaceae;g__Bacteroides;s__Bacteroides_thetaiotaomicron	k__Bacteria;p__Bacteroidetes;c__Bacteroidia;o__Bacteroidales;f__Bacteroidaceae;g__Bacteroides;s__Bacteroides_coprocola	k__Bacteria;p__Bacteroidetes;c__Bacteroidia;o__Bacteroidales;f__Bacteroidaceae;g__Bacteroides;s__Bacteroides_cellulosilyticus	k__Bacteria;p__Bacteroidetes;c__Bacteroidia;o__Bacteroidales;f__Rikenellaceae;g__Alistipes;s__Alistipes_obesi	k__Bacteria;p__Firmicutes;c__Clostridia;o__Clostridiales;f__Lachnospiraceae;g__;s__[Eubacterium]_rectale	k__Bacteria;p__Bacteroidetes;c__Bacteroidia;o__Bacteroidales;f__Bacteroidaceae;g__Bacteroides;s__Bacteroides_plebeius	k__Bacteria;p__Bacteroidetes;c__Bacteroidia;o__Bacteroidales;f__Bacteroidaceae;g__Bacteroides;s__Bacteroides_fragilis	k__Bacteria;p__Proteobacteria;c__Betaproteobacteria;o__Burkholderiales;f__Sutterellaceae;g__Sutterella;s__Sutterella_wadsworthensis	k__Bacteria;p__Bacteroidetes;c__Bacteroidia;o__Bacteroidales;f__Porphyromonadaceae;g__Barnesiella;s__Barnesiella_intestinihominis	k__Bacteria;p__Bacteroidetes;c__Bacteroidia;o__Bacteroidales;f__Odoribacteraceae;g__Odoribacter;s__Odoribacter_splanchnicus	k__Bacteria;p__Bacteroidetes;c__Bacteroidia;o__Bacteroidales;f__Bacteroidaceae;g__Bacteroides;s__Bacteroides_salyersiae	k__Bacteria;p__Firmicutes;c__Clostridia;o__Clostridiales;f__Ruminococcaceae;g__Ruminiclostridium;s__[Eubacterium]_siraeum	k__Bacteria;p__Proteobacteria;c__Betaproteobacteria;o__Burkholderiales;f__Sutterellaceae;g__Parasutterella;s__Parasutterella_excrementihominis	k__Bacteria;p__Actinobacteria;c__Actinobacteria;o__Bifidobacteriales;f__Bifidobacteriaceae;g__Bifidobacterium;s__Bifidobacterium_adolescentis	k__Bacteria;p__Firmicutes;c__Clostridia;o__Clostridiales;f__Oscillospiraceae;g__Oscillibacter;s__Oscillibacter_sp._KLE_1745	k__Bacteria;p__Bacteroidetes;c__Bacteroidia;o__Bacteroidales;f__Bacteroidaceae;g__Bacteroides;s__Bacteroides_coprophilus	k__Bacteria;p__Firmicutes;c__Clostridia;o__Clostridiales;f__Lachnospiraceae;g__Roseburia;s__Roseburia_intestinalis	k__Bacteria;p__Firmicutes;c__Clostridia;o__Clostridiales;f__Lachnospiraceae;g__Roseburia;s__Roseburia_hominis	k__Bacteria;p__Bacteroidetes;c__Bacteroidia;o__Bacteroidales;f__Porphyromonadaceae;g__Parabacteroides;s__Parabacteroides_johnsonii	k__Bacteria;p__Actinobacteria;c__Actinobacteria;o__Bifidobacteriales;f__Bifidobacteriaceae;g__Bifidobacterium;s__Bifidobacterium_longum	k__Bacteria;p__Firmicutes;c__Clostridia;o__Clostridiales;f__;g__Flavonifractor;s__Flavonifractor_plautii	k__Bacteria;p__Firmicutes;c__Clostridia;o__Clostridiales;f__Clostridiaceae;g__Clostridium;s__Clostridium_phoceensis	k__Bacteria;p__Verrucomicrobia;c__Verrucomicrobiae;o__Verrucomicrobiales;f__Akkermansiaceae;g__Akkermansia;s__Akkermansia_muciniphila	k__Bacteria;p__Bacteroidetes;c__Bacteroidia;o__Bacteroidales;f__Prevotellaceae;g__Paraprevotella;s__Paraprevotella_xylaniphila	k__Bacteria;p__Firmicutes;c__Clostridia;o__Clostridiales;f__Ruminococcaceae;g__Ruminococcus;s__Ruminococcus_callidus	k__Bacteria;p__Bacteroidetes;c__Bacteroidia;o__Bacteroidales;f__Rikenellaceae;g__Alistipes;s__Alistipes_senegalensis	k__Bacteria;p__Firmicutes;c__Clostridia;o__Clostridiales;f__Lachnospiraceae;g__Blautia;s__Blautia_sp._KLE_1732	k__Bacteria;p__Bacteroidetes;c__Bacteroidia;o__Bacteroidales;f__Bacteroidaceae;g__Bacteroides;s__Bacteroides_oleiciplenus	k__Bacteria;p__Firmicutes;c__Clostridia;o__Clostridiales;f__Ruminococcaceae;g__Ruminococcus;s__Ruminococcus_bicirculans	k__Bacteria;p__Bacteroidetes;c__Bacteroidia;o__Bacteroidales;f__Bacteroidaceae;g__Bacteroides;s__Bacteroides_fluxus	k__Bacteria;p__Bacteroidetes;c__Bacteroidia;o__Bacteroidales;f__Prevotellaceae;g__Prevotella;s__Prevotella_stercorea	k__Bacteria;p__Firmicutes;c__Clostridia;o__Clostridiales;f__Lachnospiraceae;g__Dorea;s__Dorea_longicatena	k__Bacteria;p__Firmicutes;c__Clostridia;o__Clostridiales;f__Eubacteriaceae;g__Eubacterium;s__[Eubacterium]_eligens	k__Bacteria;p__Firmicutes;c__Clostridia;o__Clostridiales;f__Ruminococcaceae;g__;s__Ruminococcaceae_bacterium_D16	k__Bacteria;p__Firmicutes;c__Clostridia;o__Clostridiales;f__Lachnospiraceae;g__Coprococcus;s__Coprococcus_comes	k__Bacteria;p__Proteobacteria;c__Gammaproteobacteria;o__Enterobacterales;f__Enterobacteriaceae;g__Escherichia;s__Escherichia_coli	k__Bacteria;p__Firmicutes;c__Clostridia;o__Clostridiales;f__Ruminococcaceae;g__Anaerotruncus;s__Anaerotruncus_colihominis	k__Bacteria;p__Firmicutes;c__Clostridia;o__Clostridiales;f__Lachnospiraceae;g__Blautia;s__Blautia_obeum	k__Bacteria;p__Bacteroidetes;c__Bacteroidia;o__Bacteroidales;f__Odoribacteraceae;g__Odoribacter;s__Odoribacter_laneus	k__Bacteria;p__Firmicutes;c__Clostridia;o__Clostridiales;f__Ruminococcaceae;g__Ruminiclostridium;s__[Clostridium]_leptum	k__Bacteria;p__Bacteroidetes;c__Bacteroidia;o__Bacteroidales;f__Porphyromonadaceae;g__Parabacteroides;s__Parabacteroides_goldsteinii	k__Bacteria;p__Firmicutes;c__Clostridia;o__Clostridiales;f__Lachnospiraceae;g__Anaerostipes;s__Anaerostipes_hadrus	k__Bacteria;p__Firmicutes;c__Clostridia;o__Clostridiales;f__Ruminococcaceae;g__Ruminococcus;s__Ruminococcus_lactaris	k__Bacteria;p__Firmicutes;c__Clostridia;o__Clostridiales;f__Clostridiaceae;g__Clostridium;s__Clostridium_sp._L2-50	k__Bacteria;p__Firmicutes;c__Clostridia;o__Clostridiales;f__Clostridiaceae;g__Clostridium;s__Clostridium_sp._M62/1	k__Bacteria;p__Firmicutes;c__Clostridia;o__Clostridiales;f__;g__Intestinimonas;s__Intestinimonas_butyriciproducens	k__Bacteria;p__Actinobacteria;c__Actinobacteria;o__Bifidobacteriales;f__Bifidobacteriaceae;g__Bifidobacterium;s__Bifidobacterium_bifidum	k__Bacteria;p__Firmicutes;c__Negativicutes;o__Veillonellales;f__Veillonellaceae;g__Dialister;s__Dialister_invisus	k__Bacteria;p__Bacteroidetes;c__Bacteroidia;o__Bacteroidales;f__Bacteroidaceae;g__Bacteroides;s__Bacteroides_salanitronis
k__Bacteria;p__Bacteroidetes;c__Bacteroidia;o__Bacteroidales;f__Bacteroidaceae;g__Bacteroides;s__Bacteroides_vulgatus	1.0	-0.0668040255251	0.00689425525625	-0.00787385732104	0.0195790547712	-0.0283453295872	0.0645124953856	-0.00744746857872	0.00975438105113	0.0169843533906	-0.0217673804105	-0.00679411714724	-0.0359926646183	0.0243673950015	-0.112314771269	-0.0481321153299	-0.00531495102752	0.012464520747	0.0110166633585	0.026280931306	-0.020749445847	-0.0492021332614	0.00506343348923	0.0384475766801	0.0599043237968	-0.040032601318	0.067610996089	-0.0446954696452	-0.0128639904316	-0.0520158318352	0.0253481279022	-0.0347635431552	-0.0425785173919	-0.00022947300304	-0.0275160420728	-0.0466184420047	-0.00964755453095	-0.017490899635	0.0299652553268	-0.0221115028801	-0.0214635008832	0.00748057334483	0.00497152448914	0.0233192255726	-0.0150025808558	0.0273150503802	-0.0181407330095	-0.0258263558601	0.000777402705682	-0.0312675628971	-0.0179452845035	-0.0203274720379	-0.0439131008174	0.0436923457294	-0.0233079358505	-0.0370394203544	0.0153809621001	0.00440714626959	0.0693233892624
k__Bacteria;p__Bacteroidetes;c__Bacteroidia;o__Bacteroidales;f__Bacteroidaceae;g__Bacteroides;s__Bacteroides_uniformis	-0.0668040255251	1.0	0.0319451386311	0.00210258606195	0.0313361500867	-0.0241647180113	-0.0369076064449	-0.0316386152594	-0.0152051555923	-0.00279699438519	-0.0289126204323	-0.0464484311167	-0.0602828442307	0.0274801476304	0.0194040694259	-0.0369759840017	-0.00310374848959	0.0416645634007	-0.00128070156757	-0.0095215197633	0.0182523154259	0.00451263575424	-0.012888965169	0.0132524116181	-0.00759987318414	0.00250500468485	0.000829670972967	0.0111965598286	-0.0316619939723	0.0123877146554	0.0475394101811	-0.0625505314303	-0.0579138410685	-0.0088766258754	0.00463457444527	-0.0552746953373	0.0219226776018	-0.0112204544121	-0.076890498811	0.0389738603434	-0.0105999476481	0.00379079568009	-0.0195921680038	-0.0198079841104	-0.00844221334593	-0.0177654110115	-0.0236517681089	0.0112496844765	-0.00493060323989	-0.0484085412335	0.0141974973555	-0.0241521450533	0.0255978215529	-0.0160231209696	0.039212482619	0.00225614242302	-0.0062774052367	0.0211512837713	0.0258255257566
k__Bacteria;p__Bacteroidetes;c__Bacteroidia;o__Bacteroidales;f__Rikenellaceae;g__Alistipes;s__Alistipes_putredinis	0.00689425525625	0.0319451386311	1.0	-0.0401598205098	0.0252106983257	-0.109131758559	0.00492169714279	-0.0318472245193	0.0366926274589	0.0463698409127	-0.0544815916686	-0.0304068593035	-0.0269828715136	0.0094332488831	0.0434937419904	0.0902311737068	-0.0275050689924	0.0265664288049	-0.0383717646994	-0.0147128883549	0.0205338858778	-0.00312470305281	0.0521375476276	-0.0126861717472	-0.0148758831603	0.0436218070942	-0.0503618925118	-0.0488339906614	0.000354345469484	0.0202299711005	-0.0533444690549	-0.0141564736273	0.00732324075891	-0.0437684565126	-0.012016569335	0.00465097860878	0.101621393838	0.0114664258232	0.0312223571544	0.0291480196463	-0.0618820098044	-0.0397916506897	-0.0180953975514	-0.025051521797	0.0325966798667	0.00644288644713	0.00993773113725	-0.0225216097049	-0.00381515881241	-0.00867331437498	0.00824976242105	0.0285375347238	-0.0129427220093	-0.0519732680965	0.00747357646102	0.0405899126743	-0.0543774204412	0.0175170750876	0.0202807348069
k__Bacteria;p__Bacteroidetes;c__Bacteroidia;o__Bacteroidales;f__Prevotellaceae;g__Prevotella;s__Prevotella_copri	-0.00787385732104	0.00210258606195	-0.0401598205098	1.0	0.0301864774033	0.00778874021512	0.038852418933	0.000394727666861	-0.0189381719266	-0.00474139851695	-0.0521507300645	-0.0293800311576	-0.0325510803226	-0.0263878759101	0.0295891923581	0.0538991303085	-0.0303126301842	-0.00774914830887	-0.0153640186748	-0.000334945529161	-0.0127414261354	0.00376148845368	-0.0134464506089	-0.0135374098454	0.0145154343392	-0.0355304839572	-0.046920085461	0.0155440450245	-0.0439822455867	-0.0280160441564	-0.0526659091181	-0.00178352559136	-0.0126739253384	0.0567004384041	-0.100666034315	-0.0410048973103	-0.0562040880154	0.0294658992021	-0.0372460899073	-0.00927453408026	-0.0461716269424	-0.0511147826885	-0.0305261888361	0.0671837815319	-0.0474855305112	0.0393320541713	0.0109692686346	-0.049036857552	-0.0327599699589	0.0293511628052	-0.0113278053605	0.0143313891023	-0.0627706049053	0.0360292310493	0.00949569272061	0.012807400917	-0.00434197638385	0.0196533795074	-0.000835438482585
k__Bacteria;p__Bacteroidetes;c__Bacteroidia;o__Bacteroidales;f__Bacteroidaceae;g__Bacteroides;s__Bacteroides_stercoris	0.0195790547712	0.0313361500867	0.0252106983257	0.0301864774033	1.0	0.00613524513621	-0.043706065738	-0.00556411928449	-0.0168910723962	0.0643842929852	-0.0141765690671	-0.0186704276123	-0.0450834658515	0.0194199277474	0.00988758623078	-0.0242962006607	-0.0466417597959	0.00145150888942	0.00571330435521	-0.0565101290307	0.00103911951997	0.0179513244946	0.0156553900293	0.00428337797262	-0.0164440787152	-0.00293653742138	-0.0028778287777	-0.0957906714661	-0.0217032397913	-0.00485743786493	-0.0347024354144	0.0466632030066	-0.00536640411576	-0.0238147730851	0.00285706501238	0.0149717638555	0.00196978882381	-0.0156017635554	-0.00295082744145	0.0152772517407	-0.0360268914535	0.0619026710725	-0.0500551083107	0.00159575582911	0.00940919547259	0.0119974997772	-0.0614544109804	-0.0181856908567	0.0189488167687	0.0262636358075	-0.0494808303863	-0.0452234942941	-0.0492840052026	-0.0497856521971	0.0405969376494	-0.00221840028649	-0.0162211496454	0.00157964355851	0.0205709981232
k__Bacteria;p__Bacteroidetes;c__Bacteroidia;o__Bacteroidales;f__Bacteroidaceae;g__Bacteroides;s__Bacteroides_ovatus	-0.0283453295872	-0.0241647180113	-0.109131758559	0.00778874021512	0.00613524513621	1.0	0.0715831561656	-0.0155738392227	0.00399357216327	0.0327947348658	-0.0279400635034	-0.0191554493912	-0.0143485054119	-0.0467928535541	-1.26095215055e-05	0.00175478503463	0.0162946615288	-0.0178912178697	-0.0559803647512	-0.0403830164452	0.00547127742812	-0.065501910499	0.0219446825292	-0.0110457566958	-0.0333598616017	-0.0454631231433	-0.02020724102	0.0123545645697	0.000709846485961	-0.0118323276776	-0.0234204470762	-0.0139790590089	0.0145248186372	0.0338924801466	-0.0484997449427	0.0497920741402	-0.0241610882728	0.0548392512398	0.0257618783025	-0.0576559430437	0.0143385362387	-0.00782663574039	0.0114793300965	-0.0329247160981	-0.0334569966791	-0.0269170293919	-0.0431176887028	-0.0277460287921	0.00160015959378	-0.0542059016907	-0.0280646687987	0.0395213947938	0.0734480276719	-0.0367978154524	0.0444053760244	-0.00322491941343	0.0173508104052	-0.00379140050245	-0.0149160294064
k__Bacteria;p__Bacteroidetes;c__Bacteroidia;o__Bacteroidales;f__Rikenellaceae;g__Alistipes;s__Alistipes_shahii	0.0645124953856	-0.0369076064449	0.00492169714279	0.038852418933	-0.043706065738	0.0715831561656	1.0	-0.0633349602378	0.00703597019831	0.00140488663611	-0.0406803783103	0.0123879215828	0.0178181702909	-0.0186122226449	-0.044073650788	-0.017679659008	0.0126692056025	-0.00206115497646	-0.00496622278891	-0.0229437887819	0.00471526551354	-0.0563881666525	-0.0247852554615	0.00596280788095	-0.0427299539739	-0.0484162802564	-0.0746472993932	0.0135745615472	0.0190087586255	0.00604010909777	0.0024705154255	-0.0494213362998	-0.00294325382025	-0.0172860144794	-0.0381722110106	0.0559365012428	0.0394785315016	0.00237333925566	-0.0245714409351	-0.00519028407216	-0.024908783417	-0.0250698785603	0.00356295270834	0.0515580749214	0.00247224438463	-0.0252354549894	4.10501571613e-05	-0.0159292725925	0.0230208524979	-0.0410452114966	-0.0476674404433	0.066613713808	-0.0180981084776	-0.0121938842159	0.0183192553422	0.0593804103475	-0.0430480603521	-0.020635987193	-0.00974658724147
k__Bacteria;p__Firmicutes;c__Clostridia;o__Clostridiales;f__Ruminococcaceae;g__Faecalibacterium;s__Faecalibacterium_prausnitzii	-0.00744746857872	-0.0316386152594	-0.0318472245193	0.000394727666861	-0.00556411928449	-0.0155738392227	-0.0633349602378	1.0	0.0327447852343	-0.000953061193666	0.00600483075616	0.0112126526719	-0.039248767535	0.0299808684147	-0.014432147014	0.0276377210281	0.00821548399744	-0.00531108066547	-0.0633100037768	-0.0192429147159	-0.0327430408263	-0.0277821441171	-0.0270112695614	0.0317999614724	-0.00450242653803	0.00935517864051	0.000162232410435	0.0144375541515	0.0324123183462	0.0172411465846	-0.0171820791339	-0.0202317703001	-0.0162593283767	-0.0846724212682	-0.0106526713629	0.0145414012918	0.0244681229015	-0.0363957531872	-0.0949051123266	-0.0319794125844	0.021991221953	-0.0692903169408	-0.0288625299803	0.00610587231865	0.0251886318835	0.0238878923918	0.00991550144374	-0.00880424290441	-0.0329848227527	0.0281050743985	0.058710243224	-0.0450121013014	-0.0539938832234	-0.028472823635	-0.025107149515	-0.0582739661132	0.0459507946413	-0.047640990614	-0.00195899182262
k__Bacteria;p__Bacteroidetes;c__Bacteroidia;o__Bacteroidales;f__Rikenellaceae;g__Alistipes;s__Alistipes_finegoldii	0.00975438105113	-0.0152051555923	0.0366926274589	-0.0189381719266	-0.0168910723962	0.00399357216327	0.00703597019831	0.0327447852343	1.0	0.00748645134036	-0.0169901430193	0.0107927690433	-0.044348125386	0.0387971930489	-0.0491625397799	-0.0208364154074	-0.00467204679879	-0.000141781328932	0.0343898936933	-0.00257839274933	-0.0311164073742	0.00825769136714	-0.0261950082091	-0.103090828044	-0.0348792907804	-0.0109994488368	0.0200872961077	-0.00707455807049	-0.0322721063358	0.0829057399154	-0.00236536467845	-0.0115652871455	-0.0399316299817	-0.0209723632846	0.0484936449682	-0.000608265059556	-0.00854007018128	-0.0135456684566	-0.0204563196659	-0.0291942854616	-0.00371201597463	0.0151185208664	0.00138399162812	-0.011175472811	0.0192872955755	-0.0199033547768	0.0289655022796	-0.0138238015043	0.000165624039911	-0.0353856914334	0.01824165487	0.0313235915957	0.0234749761649	0.0297238715177	0.0312100687674	-0.0286309314995	0.0033406710016	0.00865142420447	-0.0540962653659
k__Bacteria;p__Bacteroidetes;c__Bacteroidia;o__Bacteroidales;f__Porphyromonadaceae;g__Parabacteroides;s__Parabacteroides_distasonis	0.0169843533906	-0.00279699438519	0.0463698409127	-0.00474139851695	0.0643842929852	0.0327947348658	0.00140488663611	-0.000953061193666	0.00748645134036	1.0	-0.0416531435474	-0.0145483121753	0.00332396851354	0.0342798933589	0.0132626378838	-0.0763486283057	-0.0239465559118	0.0182358855462	-0.065692807002	-0.0441082736417	-0.0134188401928	0.0160021288055	0.0370115776721	-0.00645441397142	-0.0395504175724	-0.0239593124276	0.0205134630736	-0.0285538087596	0.0103381372249	-0.00184437009478	-0.0369277220006	-0.0160227050601	-0.0402871760896	-0.0526730824574	0.0238935334945	-0.00261947761917	-0.0374868837727	0.00876120506392	0.0102208254831	-0.00407925395422	0.0244118502645	0.00653350478287	0.0485403991878	-0.0278740310201	-0.0491068491069	-0.0202818593581	0.0403635024104	0.012179001855	-0.00476269281592	0.0353406705835	0.0571007699049	-0.0319732021015	0.0635210451525	-0.0011241109663	0.00706474854326	-0.0176168044911	-0.0328848517333	-0.0411728068438	0.0167231161214
k__Bacteria;p__Bacteroidetes;c__Bacteroidia;o__Bacteroidales;f__Bacteroidaceae;g__Bacteroides;s__Bacteroides_thetaiotaomicron	-0.0217673804105	-0.0289126204323	-0.0544815916686	-0.0521507300645	-0.0141765690671	-0.0279400635034	-0.0406803783103	0.00600483075616	-0.0169901430193	-0.0416531435474	1.0	-0.000880341938157	0.0723325505593	-0.0495058998993	-0.0310690164637	0.0124137896499	-0.0427486021125	-0.0172046946141	-0.0222216443671	0.0385899934096	0.0276886957552	0.0180961638004	-0.0399594397961	-0.041864923962	-0.00749519352872	-0.0092096658854	-0.0269787438925	0.0200189723771	-0.00741361949367	-0.00404444902024	0.0187417422164	-0.0052260456969	-0.0385198447715	-0.0487695403033	-0.00279725550859	0.0153468464222	0.0257713589821	-0.0252144722533	0.0269308869418	0.00563109178763	-0.0468548206354	-0.0328367476527	0.0186796441564	-0.000461005216121	-0.0156284561319	0.0197865249519	-0.0162863935026	-0.0298204295541	0.0241823882192	-0.0102793349826	0.0479142496504	0.0078169818548	0.0123587304954	0.0693549965673	-0.0399742020329	-0.00779243782081	-0.00496781690214	-0.0211540502996	-0.0175559917117
k__Bacteria;p__Bacteroidetes;c__Bacteroidia;o__Bacteroidales;f__Bacteroidaceae;g__Bacteroides;s__Bacteroides_coprocola	-0.00679411714724	-0.0464484311167	-0.0304068593035	-0.0293800311576	-0.0186704276123	-0.0191554493912	0.0123879215828	0.0112126526719	0.0107927690433	-0.0145483121753	-0.000880341938157	1.0	-0.00760131068043	-0.00365448062977	-0.0137370323407	-0.00745475441497	-0.054218778096	-0.0901337259651	0.00332801896749	0.0186363543628	-0.0447016496688	-0.0816411381703	-0.0330828051452	-0.0104384332651	0.0238435455553	0.0301713093876	0.0246471547116	0.0137556428686	0.0214168191465	-0.0030997867105	0.0394026138334	0.0144105251063	-0.103415414885	-0.033237315448	0.026831545811	0.00475291602975	-0.00687823013896	-0.0106290570791	0.0301989423424	0.0346642246609	-0.0436834250277	0.0615087971706	0.0278769703796	0.00123561953665	0.00496139313136	-0.0511844080494	-0.0279186596239	-0.0282525535091	0.0617758667237	0.0445561273974	0.0372036256412	-0.00295851865042	0.00530976692332	-0.0150501440495	0.0142066957855	0.0398656110528	-0.0399772739748	-0.00155224031096	0.00725692486242
k__Bacteria;p__Bacteroidetes;c__Bacteroidia;o__Bacteroidales;f__Bacteroidaceae;g__Bacteroides;s__Bacteroides_cellulosilyticus	-0.0359926646183	-0.0602828442307	-0.0269828715136	-0.0325510803226	-0.0450834658515	-0.0143485054119	0.0178181702909	-0.039248767535	-0.044348125386	0.00332396851354	0.0723325505593	-0.00760131068043	1.0	-0.0363282096262	-0.00177636440296	0.0882878333178	0.0293925754303	0.00966650837381	0.0362499338875	0.000832525300659	-0.0152925622871	0.0208515874717	-0.0445632336655	-0.0247155123335	-0.0615905401431	-0.0473005355294	-0.0370852986757	0.0151779660134	0.0143033402195	-0.0659884167817	-0.00803973548281	-0.000429383959225	0.00979400575308	-0.0108302543904	0.0342268568692	-0.0649520792992	0.0362369043922	0.0132600150155	-0.0114753905558	-0.0108904640919	-0.0301729067642	-0.00415170627579	-0.0281904346516	-0.0468763824896	-0.0204422900953	-0.050969777442	0.00499852077243	-0.0315349060137	0.0213764734858	0.0122817652906	-0.00581710104096	0.00581984591913	-0.0372840067112	-0.0237715962471	0.00285714969759	0.0287553841114	-0.00036306296763	0.00308421520062	-0.0892916982917
k__Bacteria;p__Bacteroidetes;c__Bacteroidia;o__Bacteroidales;f__Rikenellaceae;g__Alistipes;s__Alistipes_obesi	0.0243673950015	0.0274801476304	0.0094332488831	-0.0263878759101	0.0194199277474	-0.0467928535541	-0.0186122226449	0.0299808684147	0.0387971930489	0.0342798933589	-0.0495058998993	-0.00365448062977	-0.0363282096262	1.0	-0.0347059656371	-0.0266839816881	-0.0534617884139	-0.0316264769256	-0.0273945978047	-0.0446958010133	-0.0394721149121	-0.0383696200604	0.0250154448927	-0.00549297376035	-0.0150895959844	-0.0176728236183	-0.00118244883023	-0.0589841480187	-0.00190130187782	0.00266919449192	0.0516149813836	0.0253928739264	-0.0244879165601	0.0405202983324	0.0439651612385	0.0381533318707	0.00984500679019	-0.0395832414996	0.00758164382124	-0.012029566917	0.0324310943948	-0.0021252947136	-0.0488704191331	0.0109286209374	0.00753605173286	0.0272623205799	-0.0579706410928	0.0224062920888	-0.000725214962625	-0.0227529663817	-0.000405314181686	-0.0421967074301	-0.00426059493803	0.0474751917303	0.0401682021171	0.0323891176291	-0.0398843254425	0.0061832599741	-0.0238971951154
k__Bacteria;p__Firmicutes;c__Clostridia;o__Clostridiales;f__Lachnospiraceae;g__;s__[Eubacterium]_rectale	-0.112314771269	0.0194040694259	0.0434937419904	0.0295891923581	0.00988758623078	-1.26095215054e-05	-0.044073650788	-0.014432147014	-0.0491625397799	0.0132626378838	-0.0310690164637	-0.0137370323407	-0.00177636440296	-0.0347059656371	1.0	-0.00760768587362	0.000674143362959	0.0440935332712	-0.00304108084237	0.0508959761074	-0.0110170951227	-0.0198939061713	0.0148292121858	0.0331959416527	0.0842546532535	0.0287257622785	-0.0435675302012	-0.0161437886682	-0.0418994616887	-0.0371998730128	-0.0308649912308	0.00534096978806	-0.0100146593883	0.0176375567592	0.00763469102909	-0.0248606665369	-0.00239466868303	-0.0343154831994	-0.010844784878	-0.0311809830886	-0.0328844426224	0.0258203870498	0.0230843589881	-0.0772198284727	0.0397736950981	-0.0155364778553	0.101774672565	-0.0170677912295	0.0228541537293	-0.0491581257405	0.0296304913821	-0.00551336263571	0.0595323173947	0.0254107659784	-0.0497283097546	-0.0219103578981	0.0159097384028	-0.0317742292292	-0.0236326848319
k__Bacteria;p__Bacteroidetes;c__Bacteroidia;o__Bacteroidales;f__Bacteroidaceae;g__Bacteroides;s__Bacteroides_plebeius	-0.0481321153299	-0.0369759840017	0.0902311737068	0.0538991303085	-0.0242962006607	0.00175478503463	-0.017679659008	0.0276377210281	-0.0208364154074	-0.0763486283057	0.0124137896499	-0.00745475441497	0.0882878333178	-0.0266839816881	-0.00760768587362	1.0	0.00531257387237	-0.0138612660665	0.0212910506033	-0.00946976216008	-0.0286971343071	-0.00839863068559	-0.0171063026863	0.0201094130684	0.0087339311866	-0.016752057167	-0.0555674334297	0.018264823856	0.0107632433385	0.0104650975149	-0.00512184397778	-0.0281785584501	-0.0405477654664	0.00908884467415	-0.0345154624013	0.0162566305968	0.0428893047894	-0.0538164031696	-0.0496150814454	-0.00359961730328	-0.0294775798159	0.0323478262313	-0.106864529902	0.00147703761725	-0.00439551263394	0.0231176319124	-0.00223524883076	0.0284465109915	0.0153031290273	0.0636737179668	0.00306901525149	0.0403135623271	-0.00570244835793	-0.036408276236	-0.00472565180705	-0.0489380842278	-0.0059826815225	-0.016033157869	-0.0530799483463
k__Bacteria;p__Bacteroidetes;c__Bacteroidia;o__Bacteroidales;f__Bacteroidaceae;g__Bacteroides;s__Bacteroides_fragilis	-0.00531495102752	-0.00310374848959	-0.0275050689924	-0.0303126301842	-0.0466417597959	0.0162946615288	0.0126692056025	0.00821548399744	-0.00467204679879	-0.0239465559118	-0.0427486021125	-0.054218778096	0.0293925754303	-0.0534617884139	0.000674143362959	0.00531257387237	1.0	-0.0174316209641	-0.0405880240143	0.000826218131652	-0.0127154605106	-0.0574099365859	-0.02595833103	-0.0244613958416	0.0554660012859	-0.0364057186142	0.0155628440697	-0.022939677788	-0.0131477113112	-0.00361689476455	0.0288977596614	-0.00120874638162	0.0332550839406	-0.0750732623876	-0.00416367477981	0.00650982613394	-0.0256755194648	-0.0731747822862	-0.03677164006	-0.0353471750035	0.0649184532624	-0.0145667558571	-0.0432248979488	0.0266472478137	0.0108274677544	-0.0222043403871	0.00722514514145	-0.0177268819953	0.0221326178539	0.0125421042648	-0.0650945202812	0.0454367438953	0.0337508042813	-0.00603718742301	0.0306730178184	-0.04171970499	0.0385622575292	-0.0312401305461	0.0447831122658
k__Bacteria;p__Proteobacteria;c__Betaproteobacteria;o__Burkholderiales;f__Sutterellaceae;g__Sutterella;s__Sutterella_wadsworthensis	0.012464520747	0.0416645634007	0.0265664288049	-0.00774914830887	0.00145150888942	-0.0178912178697	-0.00206115497646	-0.00531108066547	-0.000141781328932	0.0182358855462	-0.0172046946141	-0.0901337259651	0.00966650837381	-0.0316264769256	0.0440935332712	-0.0138612660665	-0.0174316209641	1.0	-0.0113636757147	0.00632289401095	0.0131452909933	0.0306270951494	-0.0112420369445	-0.045025737586	0.00282780536731	-0.0477119035892	-0.0238367371502	-0.0264995904179	-0.0206074901441	0.00543226135774	-0.0111550906437	0.0298090362266	0.0595597185573	-0.064483311618	-0.0215721441446	-0.0191518538047	-0.011956355112	0.0509995222385	0.0451796181119	0.040545953463	0.00566182855643	-0.018826625563	-0.109208494151	-0.00874365491183	-0.0251657668786	-0.0150065958881	0.0302870320089	0.0183450415026	-0.00600334241612	-0.0790226663311	0.0267923963464	0.0243705658523	-0.0056536080683	0.0128328724068	-0.00210084488711	-0.00460508392669	0.0388768017087	0.0189523865038	-0.0777732441148
k__Bacteria;p__Bacteroidetes;c__Bacteroidia;o__Bacteroidales;f__Porphyromonadaceae;g__Barnesiella;s__Barnesiella_intestinihominis	0.0110166633585	-0.00128070156757	-0.0383717646994	-0.0153640186748	0.00571330435521	-0.0559803647512	-0.00496622278891	-0.0633100037768	0.0343898936933	-0.065692807002	-0.0222216443671	0.00332801896749	0.0362499338875	-0.0273945978047	-0.00304108084237	0.0212910506033	-0.0405880240143	-0.0113636757147	1.0	-0.00564889894213	0.0420346288391	-0.0178773302284	-0.000958884451363	-0.0557159857474	0.0313233628419	0.0404986405937	-0.056831879001	-0.0633727180745	-0.0262292799365	-0.033843610815	0.0378114154637	-0.00618269877032	-0.0059974184048	0.0258987500023	-0.0123771183878	0.00661877041386	-0.0414049194599	-0.0170104458232	-0.00430346686848	-0.0256485194628	-0.0242838809105	-0.0680818855645	-0.0372961278817	0.0403992000239	-0.00192332981487	-0.00603720873997	-0.00872378666856	0.0351139800007	0.0806905061378	-0.0144238068504	-0.0723743061725	-0.00680551194889	-0.0310735118545	-0.052568554112	0.00774394144104	-0.0174034130056	-0.0374496351781	0.0678298140292	-0.0102067052488
k__Bacteria;p__Bacteroidetes;c__Bacteroidia;o__Bacteroidales;f__Odoribacteraceae;g__Odoribacter;s__Odoribacter_splanchnicus	0.026280931306	-0.0095215197633	-0.0147128883549	-0.000334945529161	-0.0565101290307	-0.0403830164452	-0.0229437887819	-0.0192429147159	-0.00257839274933	-0.0441082736417	0.0385899934096	0.0186363543628	0.000832525300659	-0.0446958010133	0.0508959761074	-0.00946976216008	0.000826218131652	0.00632289401095	-0.00564889894213	1.0	0.0394065836324	0.0341798594287	-0.0609836502965	-0.0135856361977	0.0919405591198	-0.0216049923748	-0.0613463934975	-0.049204747128	0.0304191884428	0.0455569174983	0.00365968124575	-0.0438259727474	-0.0193201508225	-0.0622263168836	-0.0745903112311	-0.0208640639324	0.0135828951002	-0.00389384771838	-0.0529883169411	-0.033644735094	-0.0254604165813	0.00828022181806	0.00545449458698	0.0137035499753	-0.0526317985275	-0.0231751883965	0.0473441778923	-0.064529809905	0.0087920685961	-0.00711658777483	-0.00333768072017	-0.0396162402877	-0.019343761715	0.0357238410511	-0.0291410158059	-0.0219993768089	-0.0528362276628	-0.0089646417082	-0.0190625787636
k__Bacteria;p__Bacteroidetes;c__Bacteroidia;o__Bacteroidales;f__Bacteroidaceae;g__Bacteroides;s__Bacteroides_salyersiae	-0.020749445847	0.0182523154259	0.0205338858778	-0.0127414261354	0.00103911951997	0.00547127742812	0.00471526551354	-0.0327430408263	-0.0311164073742	-0.0134188401928	0.0276886957552	-0.0447016496688	-0.0152925622871	-0.0394721149121	-0.0110170951227	-0.0286971343071	-0.0127154605106	0.0131452909933	0.0420346288391	0.0394065836324	1.0	-0.0483413377843	-0.0262955467006	-0.0153408471725	-0.0669183061709	0.00537952855608	0.0256653338755	-0.0158361675536	0.0213731770109	0.041236413842	0.0394104905773	-0.00964061696222	0.0611074782172	0.0141552629445	-0.0200738345802	-0.00111114869691	0.0111821520498	-0.0226593289476	0.0106362783832	0.0138586864919	0.00204829866223	0.00133285200892	0.0471062810643	-0.0541826554411	-0.0199024392739	0.0142885413227	-0.00332870130595	0.013139352358	-0.0210213120878	0.00641298322435	-0.0193906725248	-0.0295461116858	-0.0282364381569	-0.0608238520264	-0.0199737475441	0.0443692916142	-0.00698587982854	0.0351884988811	0.018649907848
k__Bacteria;p__Firmicutes;c__Clostridia;o__Clostridiales;f__Ruminococcaceae;g__Ruminiclostridium;s__[Eubacterium]_siraeum	-0.0492021332614	0.00451263575424	-0.00312470305281	0.00376148845368	0.0179513244946	-0.065501910499	-0.0563881666525	-0.0277821441171	0.00825769136714	0.0160021288055	0.0180961638004	-0.0816411381703	0.0208515874717	-0.0383696200604	-0.0198939061713	-0.00839863068559	-0.0574099365859	0.0306270951494	-0.0178773302284	0.0341798594287	-0.0483413377843	1.0	0.0482271590246	0.00223870419028	-0.0120110059341	-0.0193338167796	-0.0198764156167	-0.00324216902156	-0.023307084435	-0.0297264503481	-0.023495433381	-0.00168855666982	0.044197752294	-0.0630026532532	0.000607408151576	-0.0314063720089	-0.0639611902332	0.00792084059687	0.0651084131673	-0.0408139287511	-0.0264658055464	0.0538561085904	-0.110856553769	-0.081261495942	-0.0144938838225	-0.00424435921872	-0.0328081841867	-0.0127078005603	0.0312227985912	0.0125552621877	-0.0150039194795	-0.0515111856399	0.0371460835427	0.0600684144558	-0.00695332947146	-0.0142511552513	-0.0543411921167	-0.0282100192734	0.0181167635842
k__Bacteria;p__Proteobacteria;c__Betaproteobacteria;o__Burkholderiales;f__Sutterellaceae;g__Parasutterella;s__Parasutterella_excrementihominis	0.00506343348923	-0.012888965169	0.0521375476276	-0.0134464506089	0.0156553900293	0.0219446825292	-0.0247852554615	-0.0270112695614	-0.0261950082091	0.0370115776721	-0.0399594397961	-0.0330828051452	-0.0445632336655	0.0250154448927	0.0148292121858	-0.0171063026863	-0.02595833103	-0.0112420369445	-0.000958884451363	-0.0609836502965	-0.0262955467006	0.0482271590246	1.0	-0.00364038609571	-0.017638439197	-0.0339944160532	-0.0429454090378	0.0262975669736	-0.000971201397859	-0.0241765151139	-0.00401711945777	-0.0740696124733	-0.034509416996	0.0441095193727	0.00155833796091	-0.0431186200189	-0.0159138983422	-0.0068801342297	0.00506975382151	-0.00805878536205	-0.0233575026215	-0.000680232676024	-0.000940927764295	-0.0103185057926	-0.00812547809073	-0.0321258987465	0.0462874233224	-0.0846203616798	-0.00607553289237	-0.0114064112035	-0.0902853925727	-0.00383056802361	-0.00130027866386	-0.013811367138	-0.00300599853474	-0.034581482617	0.0190692542366	-0.00788122527763	0.0844382968544
k__Bacteria;p__Actinobacteria;c__Actinobacteria;o__Bifidobacteriales;f__Bifidobacteriaceae;g__Bifidobacterium;s__Bifidobacterium_adolescentis	0.0384475766801	0.0132524116181	-0.0126861717472	-0.0135374098454	0.00428337797262	-0.0110457566958	0.00596280788095	0.0317999614724	-0.103090828044	-0.00645441397142	-0.041864923962	-0.0104384332651	-0.0247155123335	-0.00549297376035	0.0331959416527	0.0201094130684	-0.0244613958416	-0.045025737586	-0.0557159857474	-0.0135856361977	-0.0153408471725	0.00223870419028	-0.00364038609571	1.0	-0.00357418554553	-0.0130380409371	-0.0259323184405	-0.0269386789796	-0.0208617514341	-0.0122844101353	0.049675098935	0.0269263594217	-0.0130502567696	0.017983532464	-0.0130273919042	0.00929984089494	-0.0485856575608	0.0185501728135	0.0176482167771	-0.0204259888081	-0.0250269006416	0.00036289477381	-0.00929837053809	-0.0611279667211	-0.0193096225096	0.0479502375861	0.00956383454914	0.0221340983347	-0.00969488741928	0.013484161942	-0.0905682694899	0.0036308936295	-0.00257865974365	-0.0161808776126	-0.00287857247418	0.0314290341686	-0.0446350697133	0.0223350373604	0.0169752516147
k__Bacteria;p__Firmicutes;c__Clostridia;o__Clostridiales;f__Oscillospiraceae;g__Oscillibacter;s__Oscillibacter_sp._KLE_1745	0.0599043237968	-0.00759987318414	-0.0148758831603	0.0145154343392	-0.0164440787152	-0.0333598616017	-0.0427299539739	-0.00450242653803	-0.0348792907804	-0.0395504175724	-0.00749519352872	0.0238435455553	-0.0615905401431	-0.0150895959844	0.0842546532535	0.0087339311866	0.0554660012859	0.00282780536731	0.0313233628419	0.0919405591198	-0.0669183061709	-0.0120110059341	-0.017638439197	-0.00357418554553	1.0	0.0192170286434	0.0172109639433	-0.0496966862496	-0.0384586762039	0.0150031025054	-0.041990657402	0.0480653979322	-0.0245813913971	-0.0425835477328	0.0193056824977	-0.00470847614949	0.0259459125931	-0.0650204160924	-0.0438563929353	-0.058563897676	-0.00511460006232	-3.71736070859e-05	-0.0014437920774	-0.0418010807734	-0.0541073055028	-0.00106454977414	-0.00682696190284	0.026964618452	0.000593900863843	-0.0104210119568	-0.0160180216364	0.038108416761	0.00131657129417	0.0122984626891	-0.076164881804	-0.00627718584795	-0.031157962349	-0.0309997633659	0.00900950309063
k__Bacteria;p__Bacteroidetes;c__Bacteroidia;o__Bacteroidales;f__Bacteroidaceae;g__Bacteroides;s__Bacteroides_coprophilus	-0.040032601318	0.00250500468485	0.0436218070942	-0.0355304839572	-0.00293653742138	-0.0454631231433	-0.0484162802564	0.00935517864051	-0.0109994488368	-0.0239593124276	-0.0092096658854	0.0301713093876	-0.0473005355294	-0.0176728236183	0.0287257622785	-0.016752057167	-0.0364057186142	-0.0477119035892	0.0404986405937	-0.0216049923748	0.00537952855608	-0.0193338167796	-0.0339944160532	-0.0130380409371	0.0192170286434	1.0	0.0108251599369	-0.00993449969289	0.0302516956598	-0.0663402820356	-0.0509238344594	-0.0072201180524	0.00503609676809	0.00991058936309	-0.0221043948581	0.00285339578763	0.0248720913054	-0.0158057608278	0.0466850660024	0.00645791820338	-0.0540741792889	-0.0144079142192	0.0167803225383	0.034867698318	0.0456991050887	-0.0105532801034	0.0236067320172	0.00859047807679	-0.0328927561435	0.0101535954163	0.0243976155878	-0.0134102938219	0.0280887499184	-0.019962085685	-0.0404987846105	0.0221082529017	0.0113490059935	0.0536449249075	0.00812118539243
k__Bacteria;p__Firmicutes;c__Clostridia;o__Clostridiales;f__Lachnospiraceae;g__Roseburia;s__Roseburia_intestinalis	0.067610996089	0.000829670972967	-0.0503618925118	-0.046920085461	-0.0028778287777	-0.02020724102	-0.0746472993932	0.000162232410435	0.0200872961077	0.0205134630736	-0.0269787438925	0.0246471547116	-0.0370852986757	-0.00118244883023	-0.0435675302012	-0.0555674334297	0.0155628440697	-0.0238367371502	-0.056831879001	-0.0613463934975	0.0256653338755	-0.0198764156167	-0.0429454090378	-0.0259323184405	0.0172109639433	0.0108251599369	1.0	0.00342306193137	-0.0375350680336	0.00480181730236	-0.0185538422654	0.0169067696679	-0.0440836531902	-0.0392116667698	0.0448761578183	0.0156158372059	-0.0106887536846	0.0470941836298	-0.0109739274656	-0.0165355603068	0.00593126112626	0.00171863868041	0.00715638677364	-0.00674959007094	-0.0431242745264	-0.0723823919736	-0.0131700995417	-0.0153738016602	0.0117204720805	0.0345152628357	-0.052765989013	0.0369388022124	0.00121147609643	-0.0255456969063	-0.0371451703765	-0.0231231430471	0.0419863870396	0.0631310930604	0.0423369335783
k__Bacteria;p__Firmicutes;c__Clostridia;o__Clostridiales;f__Lachnospiraceae;g__Roseburia;s__Roseburia_hominis	-0.0446954696452	0.0111965598286	-0.0488339906614	0.0155440450245	-0.0957906714661	0.0123545645697	0.0135745615472	0.0144375541515	-0.00707455807049	-0.0285538087596	0.0200189723771	0.0137556428686	0.0151779660134	-0.0589841480187	-0.0161437886682	0.018264823856	-0.022939677788	-0.0264995904179	-0.0633727180745	-0.049204747128	-0.0158361675536	-0.00324216902156	0.0262975669736	-0.0269386789796	-0.0496966862496	-0.00993449969289	0.00342306193137	1.0	-0.0566097879269	0.0588459937076	0.0610965072842	-0.0122657280871	-0.0271509064287	-0.00593563000497	-0.00872745499484	-0.0466821714011	0.00557969029014	0.0129024211593	-0.00964210944492	-0.0561208963126	-0.0348561748199	-0.0141122832922	0.0155627428325	0.0688794476912	-0.0394268187802	-0.0541252300344	-0.00666949607491	-0.0316470051313	-0.0677602462981	0.0293369605439	-0.0328297415507	0.00276296000112	0.0527948139004	0.0304252303936	0.0220222831138	-0.0121094929508	0.016045364658	0.00689040400029	0.0326607018381
k__Bacteria;p__Bacteroidetes;c__Bacteroidia;o__Bacteroidales;f__Porphyromonadaceae;g__Parabacteroides;s__Parabacteroides_johnsonii	-0.0128639904316	-0.0316619939723	0.000354345469484	-0.0439822455867	-0.0217032397913	0.000709846485961	0.0190087586255	0.0324123183462	-0.0322721063358	0.0103381372249	-0.00741361949367	0.0214168191465	0.0143033402195	-0.00190130187782	-0.0418994616887	0.0107632433385	-0.0131477113112	-0.0206074901441	-0.0262292799365	0.0304191884428	0.0213731770109	-0.023307084435	-0.000971201397859	-0.0208617514341	-0.0384586762039	0.0302516956598	-0.0375350680336	-0.0566097879269	1.0	-0.00189819036382	0.0603818728042	0.00186458141625	-0.00978609804234	0.0374517539614	-0.000124752847569	0.0216781475246	-0.00351721410199	0.00378943459011	-0.00588986818266	-0.0116143567536	-0.0257859800658	-0.0510942526044	0.0351063346507	0.0378073463606	-0.0303994182031	-0.0277504748914	-0.039595020917	-0.0400887674194	-0.0310760179438	-0.0355577492058	0.0013820319367	0.0266326936035	-0.0102505346125	-0.0694453959713	-0.0681026647091	0.0197966054852	0.031653367569	-0.0288556142667	0.0188747108023
