#taxonomy	k__Bacteria;p__Bacteroidetes;c__Bacteroidia;o__Bacteroidales;f__Bacteroidaceae;g__Bacteroides;s__Bacteroides_vulgatus	k__Bacteria;p__Bacteroidetes;c__Bacteroidia;o__Bacteroidales;f__Bacteroidaceae;g__Bacteroides;s__Bacteroides_uniformis	k__Bacteria;p__Bacteroidetes;c__Bacteroidia;o__Bacteroidales;f__Rikenellaceae;g__Alistipes;s__Alistipes_putredinis	k__Bacteria;p__Bacteroidetes;c__Bacteroidia;o__Bacteroidales;f__Prevotellaceae;g__Prevotella;s__Prevotella_copri	k__Bacteria;p__Bacteroidetes;c__Bacteroidia;o__Bacteroidales;f__Bacteroidaceae;g__Bacteroides;s__Bacteroides_stercoris	k__Bacteria;p__Bacteroidetes;c__Bacteroidia;o__Bacteroidales;f__Bacteroidaceae;g__Bacteroides;s__Bacteroides_ovatus	k__Bacteria;p__Bacteroidetes;c__Bacteroidia;o__Bacteroidales;f__Rikenellaceae;g__Alistipes;s__Alistipes_shahii	k__Bacteria;p__Firmicutes;c__Clostridia;o__Clostridiales;f__Ruminococcaceae;g__Faecalibacterium;s__Faecalibacterium_prausnitzii	k__Bacteria;p__Bacteroidetes;c__Bacteroidia;o__Bacteroidales;f__Rikenellaceae;g__Alistipes;s__Alistipes_finegoldii	k__Bacteria;p__Bacteroidetes;c__Bacteroidia;o__Bacteroidales;f__Porphyromonadaceae;g__Parabacteroides;s__Parabacteroides_distasonis	k__Bacteria;p__Bacteroidetes;c__Bacteroidia;o__Bacteroidales;f__Bacteroidaceae;g__Bacteroides;s__Bacteroides_thetaiotaomicron	k__Bacteria;p__Bacteroidetes;c__Bacteroidia;o__Bacteroidales;f__Bacteroidaceae;g__Bacteroides;s__Bacteroides_coprocola	k__Bacteria;p__Bacteroidetes;c__Bacteroidia;o__Bacteroidales;f__Bacteroidaceae;g__Bacteroides;s__Bacteroides_cellulosilyticus	k__Bacteria;p__Bacteroidetes;c__Bacteroidia;o__Bacteroidales;f__Rikenellaceae;g__Alistipes;s__Alistipes_obesi	k__Bacteria;p__Firmicutes;c__Clostridia;o__Clostridiales;f__Lachnospiraceae;g__;s__[Eubacterium]_rectale	k__Bacteria;p__Bacteroidetes;c__Bacteroidia;o__Bacteroidales;f__Bacteroidaceae;g__Bacteroides;s__Bacteroides_plebeius	k__Bacteria;p__Bacteroidetes;c__Bacteroidia;o__Bacteroidales;f__Bacteroidaceae;g__Bacteroides;s__Bacteroides_fragilis	k__Bacteria;p__Proteobacteria;c__Betaproteobacteria;o__Burkholderiales;f__Sutterellaceae;g__Sutterella;s__Sutterella_wadsworthensis	k__Bacteria;p__Bacteroidetes;c__Bacteroidia;o__Bacteroidales;f__Porphyromonadaceae;g__Barnesiella;s__Barnesiella_intestinihominis	k__Bacteria;p__Bacteroidetes;c__Bacteroidia;o__Bacteroidales;f__Odoribacteraceae;g__Odoribacter;s__Odoribacter_splanchnicus	k__Bacteria;p__Bacteroidetes;c__Bacteroidia;o__Bacteroidales;f__Bacteroidaceae;g__Bacteroides;s__Bacteroides_salyersiae	k__Bacteria;p__Firmicutes;c__Clostridia;o__Clostridiales;f__Ruminococcaceae;g__Ruminiclostridium;s__[Eubacterium]_siraeum	k__Bacteria;p__Proteobacteria;c__Betaproteobacteria;o__Burkholderiales;f__Sutterellaceae;g__Parasutterella;s__Parasutterella_excrementihominis	k__Bacteria;p__Actinobacteria;c__Actinobacteria;o__Bifidobacteriales;f__Bifidobacteriaceae;g__Bifidobacterium;s__Bifidobacterium_adolescentis	k__Bacteria;p__Firmicutes;c__Clostridia;o__Clostridiales;f__Oscillospiraceae;g__Oscillibacter;s__Oscillibacter_sp._KLE_1745	k__Bacteria;p__Bacteroidetes;c__Bacteroidia;o__Bacteroidales;f__Bacteroidaceae;g__Bacteroides;s__Bacteroides_coprophilus	k__Bacteria;p__Firmicutes;c__Clostridia;o__Clostridiales;f__Lachnospiraceae;g__Roseburia;s__Roseburia_intestinalis	k__Bacteria;p__Firmicutes;c__Clostridia;o__Clostridiales;f__Lachnospiraceae;g__Roseburia;s__Roseburia_hominis	k__Bacteria;p__Bacteroidetes;c__Bacteroidia;o__Bacteroidales;f__Porphyromonadaceae;g__Parabacteroides;s__Parabacteroides_johnsonii	k__Bacteria;p__Actinobacteria;c__Actinobacteria;o__Bifidobacteriales;f__Bifidobacteriaceae;g__Bifidobacterium;s__Bifidobacterium_longum	k__Bacteria;p__Firmicutes;c__Clostridia;o__Clostridiales;f__;g__Flavonifractor;s__Flavonifractor_plautii	k__Bacteria;p__Firmicutes;c__Clostridia;o__Clostridiales;f__Clostridiaceae;g__Clostridium;s__Clostridium_phoceensis	k__Bacteria;p__Verrucomicrobia;c__Verrucomicrobiae;o__Verrucomicrobiales;f__Akkermansiaceae;g__Akkermansia;s__Akkermansia_muciniphila	k__Bacteria;p__Bacteroidetes;c__Bacteroidia;o__Bacteroidales;f__Prevotellaceae;g__Paraprevotella;s__Paraprevotella_xylaniphila	k__Bacteria;p__Firmicutes;c__Clostridia;o__Clostridiales;f__Ruminococcaceae;g__Ruminococcus;s__Ruminococcus_callidus	k__Bacteria;p__Bacteroidetes;c__Bacteroidia;o__Bacteroidales;f__Rikenellaceae;g__Alistipes;s__Alistipes_senegalensis	k__Bacteria;p__Firmicutes;c__Clostridia;o__Clostridiales;f__Lachnospiraceae;g__Blautia;s__Blautia_sp._KLE_1732	k__Bacteria;p__Bacteroidetes;c__Bacteroidia;o__Bacteroidales;f__Bacteroidaceae;g__Bacteroides;s__Bacteroides_oleiciplenus	k__Bacteria;p__Firmicutes;c__Clostridia;o__Clostridiales;f__Ruminococcaceae;g__Ruminococcus;s__Ruminococcus_bicirculans	k__Bacteria;p__Bacteroidetes;c__Bacteroidia;o__Bacteroidales;f__Bacteroidaceae;g__Bacteroides;s__Bacteroides_fluxus	k__Bacteria;p__Bacteroidetes;c__Bacteroidia;o__Bacteroidales;f__Prevotellaceae;g__Prevotella;s__Prevotella_stercorea	k__Bacteria;p__Firmicutes;c__Clostridia;o__Clostridiales;f__Lachnospiraceae;g__Dorea;s__Dorea_longicatena	k__Bacteria;p__Firmicutes;c__Clostridia;o__Clostridiales;f__Eubacteriaceae;g__Eubacterium;s__[Eubacterium]_eligens	k__Bacteria;p__Firmicutes;c__Clostridia;o__Clostridiales;f__Ruminococcaceae;g__;s__Ruminococcaceae_bacterium_D16	k__Bacteria;p__Firmicutes;c__Clostridia;o__Clostridiales;f__Lachnospiraceae;g__Coprococcus;s__Coprococcus_comes	k__Bacteria;p__Proteobacteria;c__Gammaproteobacteria;o__Enterobacterales;f__Enterobacteriaceae;g__Escherichia;s__Escherichia_coli	k__Bacteria;p__Firmicutes;c__Clostridia;o__Clostridiales;f__Ruminococcaceae;g__Anaerotruncus;s__Anaerotruncus_colihominis	k__Bacteria;p__Firmicutes;c__Clostridia;o__Clostridiales;f__Lachnospiraceae;g__Blautia;s__Blautia_obeum	k__Bacteria;p__Bacteroidetes;c__Bacteroidia;o__Bacteroidales;f__Odoribacteraceae;g__Odoribacter;s__Odoribacter_laneus	k__Bacteria;p__Firmicutes;c__Clostridia;o__Clostridiales;f__Ruminococcaceae;g__Ruminiclostridium;s__[Clostridium]_leptum	k__Bacteria;p__Bacteroidetes;c__Bacteroidia;o__Bacteroidales;f__Porphyromonadaceae;g__Parabacteroides;s__Parabacteroides_goldsteinii	k__Bacteria;p__Firmicutes;c__Clostridia;o__Clostridiales;f__Lachnospiraceae;g__Anaerostipes;s__Anaerostipes_hadrus	k__Bacteria;p__Firmicutes;c__Clostridia;o__Clostridiales;f__Ruminococcaceae;g__Ruminococcus;s__Ruminococcus_lactaris	k__Bacteria;p__Firmicutes;c__Clostridia;o__Clostridiales;f__Clostridiaceae;g__Clostridium;s__Clostridium_sp._L2-50	k__Bacteria;p__Firmicutes;c__Clostridia;o__Clostridiales;f__Clostridiaceae;g__Clostridium;s__Clostridium_sp._M62/1	k__Bacteria;p__Firmicutes;c__Clostridia;o__Clostridiales;f__;g__Intestinimonas;s__Intestinimonas_butyriciproducens	k__Bacteria;p__Actinobacteria;c__Actinobacteria;o__Bifidobacteriales;f__Bifidobacteriaceae;g__Bifidobacterium;s__Bifidobacterium_bifidum	k__Bacteria;p__Firmicutes;c__Negativicutes;o__Veillonellales;f__Veillonellaceae;g__Dialister;s__Dialister_invisus	k__Bacteria;p__Bacteroidetes;c__Bacteroidia;o__Bacteroidales;f__Bacteroidaceae;g__Bacteroides;s__Bacteroides_salanitronis
k__Bacteria;p__Bacteroidetes;c__Bacteroidia;o__Bacteroidales;f__Bacteroidaceae;g__Bacteroides;s__Bacteroides_vulgatus	1.0	-0.0772614590622	-0.0180907561741	0.0124113189041	0.022322753602	-0.0465119590698	0.0179910129878	0.0379461250929	0.0183481739666	0.0372062015454	-0.0269179202605	0.00163118282879	-0.0474945296044	0.0197351195737	-0.0221230033215	0.0764444625557	-0.051327425454	-0.0247671994638	-0.0357783667509	-0.0115931786689	-0.0158070307431	-0.0643273795687	-0.0773244673521	-0.0240115853532	0.0433093000706	-0.019778849525	0.0530243004235	0.0402155517347	-0.0551852788076	0.00348654124423	-0.0220877169343	-0.0369396327995	-0.0321539580204	-0.014346295869	-0.0258052085019	0.0221029244521	-0.0151182846375	-0.0142556511716	0.00163154384356	0.0070452804788	-0.00422389871187	0.0285977564457	0.0320653652432	0.0174667865732	-0.0425588089397	-0.0352731760819	0.0107242781022	-0.050339312002	-0.0274575301288	-0.0225277327424	-0.0426992972115	0.00479120159037	0.0234147202944	0.0044396962384	-0.0677415544756	-0.0698588765556	-0.0303571788371	0.008994340562	0.00178757653944
k__Bacteria;p__Bacteroidetes;c__Bacteroidia;o__Bacteroidales;f__Bacteroidaceae;g__Bacteroides;s__Bacteroides_uniformis	-0.0772614590622	1.0	0.0191659645874	0.0409163973569	-0.0478236964938	-0.0110016855985	-0.0426719327375	-0.0616467483582	-0.0697604887699	0.0171028265041	0.0135652655149	-0.0707468841267	0.00471349682281	-0.0193479530531	0.031931703265	-0.00517698623108	0.0141006035633	-0.0476330264834	0.00596249257006	-0.0740812862088	0.0281678941055	-0.0654190191491	-0.00704101686836	0.0438714021586	-0.0118991651861	-0.0420180345093	-0.00703515745881	-0.02244675409	-0.0548781057477	-0.00214353637647	0.0446251520305	-0.0557260511225	-0.0298701230674	-0.0666698609972	0.0148154858414	-0.0262595087162	0.0331216347614	-0.0332186429813	-0.0101540484343	0.0616225422827	-0.00748089063957	-0.032408969112	0.0079846143633	-0.0402308366634	-0.00273895453041	0.0200848818068	0.0419234248939	0.0110769086359	-0.0256527436057	-0.0205946574435	0.030223453081	0.0192275515449	0.06007473525	-0.0202432941529	-0.0232059984631	0.0306847835626	-0.0105197893776	-0.039756793991	0.0680825316437
k__Bacteria;p__Bacteroidetes;c__Bacteroidia;o__Bacteroidales;f__Rikenellaceae;g__Alistipes;s__Alistipes_putredinis	-0.0180907561741	0.0191659645874	1.0	0.0234353477946	0.0257397548828	0.0211415012001	-0.0248764132721	0.0120359922684	0.0161296696822	-0.0181389798215	0.0172189448919	0.030644353019	0.0627588130348	-0.0279945061379	-0.0191358001402	-0.0337557609751	-0.0524864816224	-0.0134066218061	-0.0582492741359	0.0381852869073	0.014128412065	-0.0291513718904	-0.0305200723804	0.0317648533797	-0.0283555311145	0.00435122749553	-0.0440643254482	-0.026866245988	-0.0278093320298	-0.0290425291958	0.0427279694805	0.00385069298684	-0.0678591011926	0.0182552727112	-0.0809608176575	-0.00101050774272	0.0445648061648	0.0229738458688	0.01409754986	-0.0439793465819	-0.0251820437126	-0.0127790553949	-0.00573330990195	0.0393163521169	0.0549832961565	-0.0428732206609	0.0208317095684	0.00330435221773	-0.0767288118028	0.0200384632116	0.0202127980868	-0.0245261963755	0.0208430107618	0.0457730617077	-0.0391333132838	-0.0210671112457	-0.0158785736839	0.0561076217257	0.011074363212
k__Bacteria;p__Bacteroidetes;c__Bacteroidia;o__Bacteroidales;f__Prevotellaceae;g__Prevotella;s__Prevotella_copri	0.0124113189041	0.0409163973569	0.0234353477946	1.0	-0.00269761768593	-0.0436898686549	-0.0372558496248	0.0220884470157	-0.0015304558985	0.0128619573754	0.0438761416583	0.0193462537084	-0.0222789775168	0.00585779046236	0.0291780647222	-0.00762356051911	0.000983696663397	-0.0496788427815	0.0117224747695	-0.0019882884775	0.0151198672517	-0.0366003514588	0.0225824956255	-0.016844998639	-0.0240539764743	-0.0072270891113	-0.001870909911	-0.0420028872255	-0.0166605792308	-0.0273625770473	0.0300791835569	-0.0497121284467	0.00574294744522	0.00711466036862	-0.0062204303476	-0.0393247869566	-0.0104874275156	0.0130537868977	0.0163015675496	-0.0366059272632	0.0153969677437	0.052737238271	-0.0429370128825	-0.00533426935471	-0.0463150044482	0.0249650701088	-0.0374198383747	-0.0142169636645	0.0255788006037	-0.0190911823237	-0.0529313294626	0.0534199307627	-0.0570721364409	0.00665930578778	0.0149614383881	-0.0470061730018	-0.039120840361	0.0139339399018	-0.0365961927253
k__Bacteria;p__Bacteroidetes;c__Bacteroidia;o__Bacteroidales;f__Bacteroidaceae;g__Bacteroides;s__Bacteroides_stercoris	0.022322753602	-0.0478236964938	0.0257397548828	-0.00269761768593	1.0	0.0523685735108	-0.0158389533511	0.0117347864005	0.0479620052841	-0.0162900213165	-0.041335013145	0.0139763388834	0.0212338420932	0.0115808678922	-0.0362130312209	-0.0160519386632	0.00626105933132	0.0279600363883	-0.0130252669757	0.0640329722641	-0.0134229107684	-0.0218235683102	-0.0322150201318	0.0110472568026	-0.00396479910479	0.0617512667633	-0.037232595264	0.00308668153046	-0.0289185592038	-0.00789279677703	-0.0260396487582	0.034152701152	-0.0454677609	-0.0254532475676	-0.0409141933478	-0.0301508018883	-0.0507531990223	0.0228826957636	0.0221204767017	0.0419282201809	-0.043305464076	0.00354624088675	-0.0142415530237	-0.0340598334672	-0.035027387437	-0.0367308681056	-0.0235859524246	-0.0136942386539	-0.0726079669564	-0.0585385216897	0.00424465677341	0.0274867778298	0.0279742269778	0.0187017804811	0.0127360099874	0.0328624938154	-0.055830012875	0.00411569803814	0.0572694892301
k__Bacteria;p__Bacteroidetes;c__Bacteroidia;o__Bacteroidales;f__Bacteroidaceae;g__Bacteroides;s__Bacteroides_ovatus	-0.0465119590698	-0.0110016855985	0.0211415012001	-0.0436898686549	0.0523685735108	1.0	-0.0878874057153	-0.0237183334877	-0.0105852844389	0.015929633586	-0.0620408415268	0.000295012190412	0.00558618887963	0.0634659083367	0.0165459418831	0.0630248337094	-0.045839540334	-0.0250995497052	-0.0468077288564	0.0238155217554	0.0387806900476	0.0243741764702	0.0380976065101	-0.0549237522229	-0.0661110827453	-0.0528636182142	-0.0262163373853	-0.0168959939169	0.051610001806	-0.0618169092815	0.0196754688862	0.0187814883938	0.0655650609489	-0.0306964124573	0.00785914810027	-0.0240030210441	-0.0506490186618	0.0304559627932	-0.0379817357985	-0.0260582403132	-0.00791984921031	0.0130311931036	-0.0353286101114	-0.055961140968	-0.0359605719535	-0.0144742857762	0.0135015219602	0.0814166655822	-0.0202984902746	0.0666593991947	-0.0526711782418	-0.0111525999604	-0.0440075599641	-0.00604506039544	0.0326914701447	0.0596689362492	-0.058056879786	0.00453395583743	0.0222095455124
k__Bacteria;p__Bacteroidetes;c__Bacteroidia;o__Bacteroidales;f__Rikenellaceae;g__Alistipes;s__Alistipes_shahii	0.0179910129878	-0.0426719327375	-0.0248764132721	-0.0372558496248	-0.0158389533511	-0.0878874057153	1.0	0.0302444597384	-0.038812641432	0.0179358528492	-0.0439057568509	0.0155385953433	-0.0338043680952	-0.0145762394828	-0.0826437326443	0.0421005390816	-0.00868028500392	0.00622746515151	0.0301034012053	-0.0345359969047	0.0125079393574	0.0211090948107	0.0168589442188	-0.0346885924844	-0.0530704812332	-0.0371279150215	0.0411697659012	0.0109184999711	-0.0412445038496	-0.0429763695283	-0.0199146177997	0.0171898748867	0.000475788912005	0.00486392802595	-0.0299681766626	-0.0293723179177	-0.03543017403	0.0242071856143	-0.0664333249551	-0.00546975362582	-0.0644343802098	-0.0118620000821	-0.0240323675452	-0.01742811704	0.0210208787082	-0.0393915525956	-0.00230069232985	0.0465694076524	0.000442450397173	-0.0394635140072	0.0709289376559	0.0159505214135	-0.0461843434471	0.0301766164849	0.00684925581159	0.0365890870927	0.015428174996	-0.0126975327696	-0.057550220783
k__Bacteria;p__Firmicutes;c__Clostridia;o__Clostridiales;f__Ruminococcaceae;g__Faecalibacterium;s__Faecalibacterium_prausnitzii	0.0379461250929	-0.0616467483582	0.0120359922684	0.0220884470157	0.0117347864005	-0.0237183334877	0.0302444597384	1.0	-0.00915699099156	-0.0174001184989	0.0172109355157	0.0185254362713	-0.0499300131886	-0.0200404058277	-0.0366902095058	-0.0610344824976	-0.00865719081109	0.071201117052	-0.036143406401	-0.00284912834501	0.0359805402678	0.00620630056338	-0.0344471974875	-0.0353651342657	-0.000599843556939	-0.00508070979476	-0.0409192032136	0.0219597056568	-0.070711067648	-0.00265035267429	-0.0057460154527	0.0202168228394	0.0196614947505	-0.0264363298501	0.00582866823018	-0.0204164446066	-0.0178505664004	-0.0144373882452	-0.0524490893729	-0.00440192540199	0.00917662254051	0.0223888919443	-0.0338429028069	-0.0446557041552	0.0353221710016	-0.0271982105841	-0.00229055614769	-0.0502865833683	-0.0015370329477	0.0875688356528	0.0534445446802	-0.0579751003994	0.00489451547309	-0.0790457934648	-0.00259617356939	0.0340205534564	0.0201859571124	0.00761461249126	-0.024552750486
k__Bacteria;p__Bacteroidetes;c__Bacteroidia;o__Bacteroidales;f__Rikenellaceae;g__Alistipes;s__Alistipes_finegoldii	0.0183481739666	-0.0697604887699	0.0161296696822	-0.0015304558985	0.0479620052841	-0.0105852844389	-0.038812641432	-0.00915699099156	1.0	0.0032951772947	0.0442750112908	0.0266767677857	-0.0247935132684	0.0351030577454	-0.00257730551093	0.00356065139614	-0.0522926427599	0.0643549354593	-0.027771200751	0.0093339272158	-0.0375967434124	0.0254883163913	-0.0111082964587	-0.0599700504747	-0.0221740458753	0.0180673108332	0.00769324598329	-0.00771434050707	-0.0374578363362	-0.000997928121931	0.00628786900576	-0.0385195002116	0.0449581390052	0.0137187532776	0.0548978855345	-0.0121274171183	0.0012152113761	0.00995469744572	0.0400841722909	-0.0225740765328	-0.0829056020622	0.037163076472	-0.036756333817	0.0256796757318	-0.00857958265327	0.0440568540112	-0.0532742943509	-0.0119375082081	-0.0235512192003	-0.0233077092675	-0.00430888665331	0.0527953158158	-0.0170371194863	0.0664579613894	0.0290844299263	-0.0274166857745	-0.0305519746918	0.0134195674632	-0.00205508513065
k__Bacteria;p__Bacteroidetes;c__Bacteroidia;o__Bacteroidales;f__Porphyromonadaceae;g__Parabacteroides;s__Parabacteroides_distasonis	0.0372062015454	0.0171028265041	-0.0181389798215	0.0128619573754	-0.0162900213165	0.015929633586	0.0179358528492	-0.0174001184989	0.0032951772947	1.0	0.00150944225189	0.0159199833959	-0.0223233529672	-0.12300629643	-0.00848148278015	0.00227584884355	-0.00308225695104	-0.00664752360955	0.0154917769668	-0.0388394598135	-0.0630512985836	0.0124706367124	-0.00560984724736	-0.0426052969224	0.0125736329697	-0.00857387952787	-0.0082357455021	-0.0197879733121	-0.0256977889311	-0.0390237145169	0.0254947889539	0.0125033545621	0.0550083324609	0.0277883017498	0.0548940685661	-0.0677666517877	-0.00729998600258	-0.0239062065127	-0.0372650641611	0.0065735020575	0.0324678999012	-0.0299871602235	-0.0556709959458	0.0220910967748	-0.0802262513093	-0.0199888437665	-0.0332463023317	0.0223910245575	0.0138426974127	0.0243024409554	-0.0219671025052	-0.0288747985416	-0.0110235696602	0.0277307139113	-0.0151536789346	-0.00953999157524	-0.0383364184179	0.0437452273723	-0.0611481558173
k__Bacteria;p__Bacteroidetes;c__Bacteroidia;o__Bacteroidales;f__Bacteroidaceae;g__Bacteroides;s__Bacteroides_thetaiotaomicron	-0.0269179202605	0.0135652655149	0.0172189448919	0.0438761416583	-0.041335013145	-0.0620408415268	-0.0439057568509	0.0172109355157	0.0442750112908	0.00150944225189	1.0	-0.077200287256	0.0116837506278	-0.0682909648726	0.00243186904745	0.0355619700245	0.0371402896078	-0.0346814983736	-0.056950764536	-0.0464284587447	0.0270697071314	0.00743908472712	-0.0515304093708	-0.0169281100451	0.0199228392544	-0.0453717041949	-0.0433078216569	-0.0587171978048	0.00641885524106	-0.0124625846531	0.00488694119764	-0.00922650655277	0.030393304493	-0.00594155213691	0.0225249883679	-0.00616584186643	0.0279493180964	0.00397796740589	0.0159613319632	-0.0737211030177	0.0428771353719	-0.0518276099284	0.00183072854007	-0.0405200762094	-0.00709674025798	-0.0156224532182	-0.0306551573274	0.0527750167626	-0.00849581543283	-0.00910075055881	0.014896559609	0.0273574691803	0.0131648259392	0.0256328490245	-0.0205223472546	-0.0402451476235	-0.0387104130483	-0.0568199362957	0.0151731572159
k__Bacteria;p__Bacteroidetes;c__Bacteroidia;o__Bacteroidales;f__Bacteroidaceae;g__Bacteroides;s__Bacteroides_coprocola	0.00163118282879	-0.0707468841267	0.030644353019	0.0193462537084	0.0139763388834	0.000295012190412	0.0155385953433	0.0185254362713	0.0266767677857	0.0159199833959	-0.077200287256	1.0	0.0672709618905	0.0334613701495	-0.00232458022806	-0.0313302431799	-0.0204584465924	-0.0382797757163	0.00501271089991	0.0583020304256	-0.00214097275928	0.0133210890327	-0.0748392733369	-0.0578748300681	-0.0283384020302	0.0258189602346	0.0523827970675	0.0163353242659	-0.0327199006353	0.0132928945551	0.0183163495963	-0.0226981658905	-0.00444044080945	-0.0278179463875	0.0237897005548	0.00791487881312	-0.00263105352158	0.0345708669266	0.00374067923772	-0.0283765793994	-0.0572314568047	-0.0908857881109	0.0720673363428	-0.0154263120316	-0.0232512566701	-0.0507524212702	0.0181808435447	-0.0188430697257	-0.0134821257591	0.038123917439	-0.0883091234963	-0.0384888429571	0.0509577817175	-0.00637344525475	-0.0161964228674	0.00138720431187	0.0198864657447	-0.0056285638296	0.0307983676172
k__Bacteria;p__Bacteroidetes;c__Bacteroidia;o__Bacteroidales;f__Bacteroidaceae;g__Bacteroides;s__Bacteroides_cellulosilyticus	-0.0474945296044	0.00471349682281	0.0627588130348	-0.0222789775168	0.0212338420932	0.00558618887963	-0.0338043680952	-0.0499300131886	-0.0247935132684	-0.0223233529672	0.0116837506278	0.0672709618905	1.0	0.0356420717956	-0.0267694491469	-0.021993861501	-0.0521490294618	-0.0246196753161	0.00140547274889	0.00183918774559	-0.0375416072178	-0.0116057751655	-0.00297855353856	-0.0777177649474	-0.00368132137547	0.0447806572297	-0.00567556759722	0.00841620481378	-0.0227724360402	0.0524483306502	0.0625041294722	-0.0756005434707	-0.0228916219988	0.0212279856251	0.0414178081291	-0.0576660123401	-0.0564084857389	0.0269807565284	-0.0682786143149	-0.0674710865903	0.00589673250592	-0.0557329094067	0.00125276959559	-0.050842785674	-0.0251478387663	-0.0399970161386	0.00283685676518	-0.0161527016873	-0.0189939976771	-0.000207505033585	-0.0161698473166	-0.0339652778418	-0.00876276765485	0.0372629373008	-0.0573421565733	0.034451129332	0.0277778744343	-0.0406971750933	0.0312399959463
k__Bacteria;p__Bacteroidetes;c__Bacteroidia;o__Bacteroidales;f__Rikenellaceae;g__Alistipes;s__Alistipes_obesi	0.0197351195737	-0.0193479530531	-0.0279945061379	0.00585779046236	0.0115808678922	0.0634659083367	-0.0145762394828	-0.0200404058277	0.0351030577454	-0.12300629643	-0.0682909648726	0.0334613701495	0.0356420717956	1.0	-0.00355211598905	-0.00778146714689	-0.0349708464472	-0.00400425565795	-0.0295049967659	0.0423879066006	-0.00574046600802	-0.00258499755874	-0.0252731515162	0.0300860277261	-0.00176292029969	-0.0512915059391	0.0202443204332	-0.00874018052975	-0.0272617916299	-0.0074898187198	-0.0108407298995	0.00554432442015	0.00398310919007	-0.0256050182683	0.0710089316716	-0.00291291948463	-0.0184480766871	-0.0588034990293	0.00250877921216	-0.0515138957616	-0.0621862861387	-0.0246809005609	0.0094577807896	-0.0655803071324	-0.00251656150918	0.0453148905036	0.0415237076599	-0.0910657488684	0.0370799147614	-0.0106455196145	-0.0241365046974	-0.0290804423111	-0.0724216921342	0.003530482075	-0.0220474679505	-0.0292276545822	0.0344523126978	-0.0107206906541	-0.0399440189301
k__Bacteria;p__Firmicutes;c__Clostridia;o__Clostridiales;f__Lachnospiraceae;g__;s__[Eubacterium]_rectale	-0.0221230033215	0.031931703265	-0.0191358001402	0.0291780647222	-0.0362130312209	0.0165459418831	-0.0826437326443	-0.0366902095058	-0.00257730551093	-0.00848148278015	0.00243186904745	-0.00232458022806	-0.0267694491469	-0.00355211598905	1.0	-0.0238870113842	-0.0361588451125	-0.0581953285427	0.0714188123314	-0.0903980756132	0.0030108050022	0.00612663386908	0.027698171088	-0.00598964486141	0.0481270832992	-0.0240089942544	-0.0138026100238	0.0587317904174	-0.0139027342025	0.0181432633464	0.0523639984432	0.0571022481354	0.00524023147066	-0.00684802423309	-0.00136731789037	0.04807786244	-0.0146505685242	0.0204415718293	-0.00074101640806	-0.0725647546047	0.0309780353449	0.0314114612337	-0.0244966304673	0.0184371710301	0.0104767018169	-0.0168274910989	-0.0233171769178	0.0168870160639	-0.00336153296628	-0.0494412104308	-0.0540060837314	-0.0127495186455	-0.0369052662898	-0.059044359708	-0.0258449041656	-0.0295874522062	-0.0440735128571	0.0138144220787	-0.0272335546744
k__Bacteria;p__Bacteroidetes;c__Bacteroidia;o__Bacteroidales;f__Bacteroidaceae;g__Bacteroides;s__Bacteroides_plebeius	0.0764444625557	-0.00517698623108	-0.0337557609751	-0.00762356051911	-0.0160519386632	0.0630248337094	0.0421005390816	-0.0610344824976	0.00356065139614	0.00227584884355	0.0355619700245	-0.0313302431799	-0.021993861501	-0.00778146714689	-0.0238870113842	1.0	0.0627395494466	0.0657534354216	0.0174042254949	-0.00261395165295	0.0613074757207	0.0041344890412	0.0565144218012	-0.0205425144237	-0.0409957524008	-0.00987913466341	-0.0417749160702	0.0251496798985	0.00666111445777	-0.0467833747301	0.0336377744335	-0.0435574446815	-0.040963671681	0.0232907827207	0.0644564323462	0.0452824738761	0.00741580022292	-0.0137275365059	0.0124781226436	-0.0212391144017	-0.0270299830559	-0.0118408385793	-0.0131831718111	-0.0410188658947	-0.0458381522693	0.0179118128683	-0.0929662913506	0.0780663306522	0.016758842382	-0.0655925693567	-0.0173925647531	-0.00748989974814	-0.0256002581283	-0.0482197633821	-0.00732282795731	-0.112417064135	-0.0234394641333	-0.0456534258243	-0.0743785381322
k__Bacteria;p__Bacteroidetes;c__Bacteroidia;o__Bacteroidales;f__Bacteroidaceae;g__Bacteroides;s__Bacteroides_fragilis	-0.051327425454	0.0141006035633	-0.0524864816224	0.000983696663397	0.00626105933132	-0.045839540334	-0.00868028500392	-0.00865719081109	-0.0522926427599	-0.00308225695104	0.0371402896078	-0.0204584465924	-0.0521490294618	-0.0349708464472	-0.0361588451125	0.0627395494466	1.0	0.00364252797933	-0.0126507671184	0.000835935043859	-0.00109948974716	-0.0322439002256	0.0149502790525	-0.0163885589258	0.0113321922315	-0.015775969228	-0.0195758260982	-0.0338194468932	0.0760631159855	0.00372901964192	0.00815423080181	-0.041918040827	-0.0522329167125	-0.0107802707302	0.00334557794431	0.000254092455572	0.0265452148641	0.0270050267939	-0.0406803518687	0.0248049263521	0.0013216022831	-0.00359219729442	-0.035743521116	-0.0319772209959	0.01577151777	0.0125899454181	0.00207018440179	-0.0144524479458	-0.0166937620118	0.0177889337638	-0.017442803802	-0.0284787455322	-0.0270708292272	-0.0221365227855	0.0350332237238	-0.0559425380658	-0.0145135078298	0.0985935530852	0.00616071065257
k__Bacteria;p__Proteobacteria;c__Betaproteobacteria;o__Burkholderiales;f__Sutterellaceae;g__Sutterella;s__Sutterella_wadsworthensis	-0.0247671994638	-0.0476330264834	-0.0134066218061	-0.0496788427815	0.0279600363883	-0.0250995497052	0.00622746515151	0.071201117052	0.0643549354593	-0.00664752360955	-0.0346814983736	-0.0382797757163	-0.0246196753161	-0.00400425565795	-0.0581953285427	0.0657534354216	0.00364252797933	1.0	-0.00949027230947	0.0315725074838	0.0319256516404	-0.0670446474563	-0.0339135513162	-0.00903858987535	0.064167673861	-0.0639779994304	-0.0353692678124	-0.00878227865105	-0.0105493688986	0.00770616867998	-0.00469278819061	-0.0624091536062	0.0260911839725	-0.0579362221973	-0.0467780885519	-0.0487080754292	0.00725603174513	-0.01490375864	-0.0112868611033	-0.0105506989313	-0.0279490583901	-0.0316378136141	0.0363360134603	0.00638905331594	-0.0363159536819	-0.0485315778823	-0.0125334546545	-0.00216732994714	-0.00309041238117	0.00523319344314	0.0259172153457	0.0346419393979	0.015371976502	-0.0355830791884	-0.00965246743951	-0.0543961044304	-0.0427286345646	0.0320334764934	0.017976784072
k__Bacteria;p__Bacteroidetes;c__Bacteroidia;o__Bacteroidales;f__Porphyromonadaceae;g__Barnesiella;s__Barnesiella_intestinihominis	-0.0357783667509	0.00596249257006	-0.0582492741359	0.0117224747695	-0.0130252669757	-0.0468077288564	0.0301034012053	-0.036143406401	-0.027771200751	0.0154917769668	-0.056950764536	0.00501271089991	0.00140547274889	-0.0295049967659	0.0714188123314	0.0174042254949	-0.0126507671184	-0.00949027230947	1.0	-0.0495682229613	-0.0305680480661	0.0187116198372	-0.0461520209662	-0.0498092777399	-0.00543807247344	-0.01629504604	0.0208676574303	0.0215221791778	-0.00944320704648	0.022269554144	0.0828675482986	-0.0479195304526	0.00718586030884	-0.00889554751894	0.0491123973349	0.0652312824019	0.0147022540451	-0.014249244638	0.0102623526824	-0.0378863459072	-0.0486818333903	-0.0177078639813	0.0318661807019	-0.03685381405	-0.0448468375492	-0.0119430461392	0.0268397386511	-0.010547824366	0.10473684681	-0.0870193177313	-0.0069208706396	-0.0818061044361	-0.026149399427	0.0187341623307	-0.042103713601	0.0371386326318	-0.0134044535356	0.0183182912301	-0.038365488337
k__Bacteria;p__Bacteroidetes;c__Bacteroidia;o__Bacteroidales;f__Odoribacteraceae;g__Odoribacter;s__Odoribacter_splanchnicus	-0.0115931786689	-0.0740812862088	0.0381852869073	-0.0019882884775	0.0640329722641	0.0238155217554	-0.0345359969047	-0.00284912834501	0.0093339272158	-0.0388394598135	-0.0464284587447	0.0583020304256	0.00183918774559	0.0423879066006	-0.0903980756132	-0.00261395165295	0.000835935043859	0.0315725074838	-0.0495682229613	1.0	-0.010975523548	0.0289750748856	0.0382939381071	0.0321285641109	0.0161829407814	-0.0225955731629	0.00730036020452	-0.000980632585298	0.0139819494638	-0.00373602369499	0.034999411934	-0.0467798920555	0.00719599810271	0.0277131762016	-0.0115095113865	-0.0551065095709	0.00490872433195	0.0455571532965	-0.0842214276152	0.0379718723734	-0.00871881515031	0.0324118438206	-0.0312350022166	0.0068012066369	-0.0625123301499	-0.0304573940851	-0.077749140791	-0.0297731339888	-0.0197292804289	0.0252264832033	-0.0497439238031	-0.0464152993278	-0.0072543309671	-0.0171748552724	0.0408720185146	-0.0105614540868	-0.0604743259295	-0.0276136079565	0.00741252372244
k__Bacteria;p__Bacteroidetes;c__Bacteroidia;o__Bacteroidales;f__Bacteroidaceae;g__Bacteroides;s__Bacteroides_salyersiae	-0.0158070307431	0.0281678941055	0.014128412065	0.0151198672517	-0.0134229107684	0.0387806900476	0.0125079393574	0.0359805402678	-0.0375967434124	-0.0630512985836	0.0270697071314	-0.00214097275928	-0.0375416072178	-0.00574046600802	0.0030108050022	0.0613074757207	-0.00109948974716	0.0319256516404	-0.0305680480661	-0.010975523548	1.0	0.00694111175385	-0.0221325338738	-0.0717373697126	0.0243329164418	-0.105503546697	0.00697130532021	0.00521756094604	-0.00679237170307	-0.014194173954	-0.0326400258704	-0.00938959612767	0.00209626080392	-0.0389708258992	0.0153177428387	-0.08842941315	0.0348748964368	0.000299852568049	-0.068110151624	-0.00576583396894	-0.0141077577479	0.0275259936747	-0.0109171637519	-0.0112398960461	-0.00152320777913	-0.0333699598964	-0.0738868447148	0.0138783145691	0.0427721553006	0.0984250909932	0.0126045538859	0.0655393767656	0.00635152367712	-0.0331355854673	0.0228695904097	-0.0673510701342	-0.0705098613825	-0.0141828969582	-0.023606165452
k__Bacteria;p__Firmicutes;c__Clostridia;o__Clostridiales;f__Ruminococcaceae;g__Ruminiclostridium;s__[Eubacterium]_siraeum	-0.0643273795687	-0.0654190191491	-0.0291513718904	-0.0366003514588	-0.0218235683102	0.0243741764702	0.0211090948107	0.00620630056338	0.0254883163913	0.0124706367124	0.00743908472712	0.0133210890327	-0.0116057751655	-0.00258499755874	0.00612663386908	0.0041344890412	-0.0322439002256	-0.0670446474563	0.0187116198372	0.0289750748856	0.00694111175385	1.0	-0.000372436810297	-0.08612126179	0.0337141695347	0.0275468986287	-0.000616528542338	-0.00692555812972	-0.0391114983872	0.0350837506302	-0.043230987534	0.0505090968835	0.00226098264302	0.00824735622602	0.0164485344437	0.00974232496466	-0.0619446178415	-0.050291351058	0.0441136653543	0.0263359854382	-0.0451603838336	-0.0456736062949	0.0533050564554	0.0334810095461	-0.0290442206814	-0.0443896859534	-0.0153246944932	-0.00973594694855	0.0402985829647	-0.0487174596201	-0.00981743266884	0.0857078178694	-0.00875413952413	0.0561564840977	0.00590768731401	0.0247068243791	0.00144270078744	-0.00782725170207	-0.011672213037
k__Bacteria;p__Proteobacteria;c__Betaproteobacteria;o__Burkholderiales;f__Sutterellaceae;g__Parasutterella;s__Parasutterella_excrementihominis	-0.0773244673521	-0.00704101686836	-0.0305200723804	0.0225824956255	-0.0322150201318	0.0380976065101	0.0168589442188	-0.0344471974875	-0.0111082964587	-0.00560984724736	-0.0515304093708	-0.0748392733369	-0.00297855353856	-0.0252731515162	0.027698171088	0.0565144218012	0.0149502790525	-0.0339135513162	-0.0461520209662	0.0382939381071	-0.0221325338738	-0.000372436810297	1.0	0.0185725029651	0.01697018666	0.00281298669274	-0.0379513324487	-0.0313563839107	0.0208277360705	-0.0493816408416	0.0229283746148	0.0461016643545	0.0355720224171	0.00398058062681	-0.0176600068329	-0.0322377020303	-0.0716214222809	-0.0527890517356	0.0215438048757	0.010169247012	-0.00236768019071	0.0548544295835	-0.0120768949877	0.0173686851287	-0.0564496657749	0.0398685960379	-0.0427647989298	0.0213245921353	0.0461408195764	-0.053337280346	0.0148441541726	-0.0163579904694	0.0195220957758	-0.0334946171317	-0.0270546654667	-0.0055268716372	0.0668396910815	-0.088545690833	0.0348036695477
k__Bacteria;p__Actinobacteria;c__Actinobacteria;o__Bifidobacteriales;f__Bifidobacteriaceae;g__Bifidobacterium;s__Bifidobacterium_adolescentis	-0.0240115853532	0.0438714021586	0.0317648533797	-0.016844998639	0.0110472568026	-0.0549237522229	-0.0346885924844	-0.0353651342657	-0.0599700504747	-0.0426052969224	-0.0169281100451	-0.0578748300681	-0.0777177649474	0.0300860277261	-0.00598964486141	-0.0205425144237	-0.0163885589258	-0.00903858987535	-0.0498092777399	0.0321285641109	-0.0717373697126	-0.08612126179	0.0185725029651	1.0	0.014823852898	0.110880225214	-0.0717849125687	-0.0609471717843	-0.0462956302021	-0.0493154571424	0.0616950485781	0.00344810912574	-0.0780100626382	0.0246083846036	0.00162295297963	-0.0273998554388	0.0706011016196	-0.0798518633777	0.0272741572085	-0.0431916417635	0.0231607973131	-0.0378158935888	-0.0347971760688	0.0287606986203	0.0756695785543	0.0031861251849	0.0436685410507	0.0027910879788	-0.0439967103535	0.0395895665579	-0.0133283212764	-0.0410559074966	-0.0705181148228	-0.0339264277395	-0.0625065189499	0.0731662347622	0.0416822928011	0.0458142898102	0.0101144116658
k__Bacteria;p__Firmicutes;c__Clostridia;o__Clostridiales;f__Oscillospiraceae;g__Oscillibacter;s__Oscillibacter_sp._KLE_1745	0.0433093000706	-0.0118991651861	-0.0283555311145	-0.0240539764743	-0.00396479910479	-0.0661110827453	-0.0530704812332	-0.000599843556939	-0.0221740458753	0.0125736329697	0.0199228392544	-0.0283384020302	-0.00368132137547	-0.00176292029969	0.0481270832992	-0.0409957524008	0.0113321922315	0.064167673861	-0.00543807247344	0.0161829407814	0.0243329164418	0.0337141695347	0.01697018666	0.014823852898	1.0	-0.0636030608636	0.0421970648213	-0.00625304393538	0.0541885566005	-0.0545885428737	-0.0158273173157	-0.0193105360711	-0.0581599873195	0.0250884974337	-0.047913573939	-0.0706607209334	-0.0806113288016	0.0159625949182	-0.021291705132	-0.038116559076	-0.000162785171435	0.026388380035	0.047709129643	0.0313313968994	-0.00110470232774	-0.0288432420633	-0.0493120206146	-0.0569968175468	0.0389365009715	0.0330296649877	0.08254347739	0.0412631248443	-0.0298650236125	0.0314219946794	0.019544021205	0.0117371428108	-0.0346791938994	-0.0600037014854	-0.0019159843883
k__Bacteria;p__Bacteroidetes;c__Bacteroidia;o__Bacteroidales;f__Bacteroidaceae;g__Bacteroides;s__Bacteroides_coprophilus	-0.019778849525	-0.0420180345093	0.00435122749553	-0.0072270891113	0.0617512667633	-0.0528636182142	-0.0371279150215	-0.00508070979476	0.0180673108332	-0.00857387952787	-0.0453717041949	0.0258189602346	0.0447806572297	-0.0512915059391	-0.0240089942544	-0.00987913466341	-0.015775969228	-0.0639779994304	-0.01629504604	-0.0225955731629	-0.105503546697	0.0275468986287	0.00281298669274	0.110880225214	-0.0636030608636	1.0	0.0670993968228	-0.0523940137754	-0.0197305377489	-0.0286640657667	0.0478557343192	-0.00562646165648	-0.0252399886944	-0.0938791079212	-0.0324226782282	-0.027266042911	0.0108556121311	0.0754969942477	0.0455168956198	-0.0688014897206	-0.0665348834979	0.0602738605552	0.0149251775929	0.0124318620825	0.0193073554106	-0.0511971813658	-0.00576754847367	-0.0609085371727	0.0116192112049	-0.00185194821105	-0.0139858321832	-0.0129603187636	-0.0448154117214	0.0173026895447	0.00900050550397	0.0157918912317	0.0123589499902	0.0122965464389	0.0106235954038
k__Bacteria;p__Firmicutes;c__Clostridia;o__Clostridiales;f__Lachnospiraceae;g__Roseburia;s__Roseburia_intestinalis	0.0530243004235	-0.00703515745881	-0.0440643254482	-0.001870909911	-0.037232595264	-0.0262163373853	0.0411697659012	-0.0409192032136	0.00769324598329	-0.0082357455021	-0.0433078216569	0.0523827970675	-0.00567556759722	0.0202443204332	-0.0138026100238	-0.0417749160702	-0.0195758260982	-0.0353692678124	0.0208676574303	0.00730036020452	0.00697130532021	-0.000616528542338	-0.0379513324487	-0.0717849125687	0.0421970648213	0.0670993968228	1.0	-0.0552022280884	0.0201896456369	0.00271813101411	-0.0461406548469	-0.0073491615875	-0.00374800946989	0.0747606814	-0.0514718513117	0.00602667313706	-0.0603786553611	-0.0119867453577	-0.00311594840025	-0.0404360128476	0.0145908402318	0.00979950886178	-0.00487352376239	0.00694543113615	0.00153526722419	-0.0432445307814	-0.0262098432632	-0.0323050710457	-0.0106365294305	-0.0119500998651	-0.0195494228381	-0.0300513034587	0.0303907946681	0.0452515982884	-0.0101786616761	0.00817649800489	0.0094585464081	0.00848059475938	-0.0266433057736
k__Bacteria;p__Firmicutes;c__Clostridia;o__Clostridiales;f__Lachnospiraceae;g__Roseburia;s__Roseburia_hominis	0.0402155517347	-0.02244675409	-0.026866245988	-0.0420028872255	0.00308668153046	-0.0168959939169	0.0109184999711	0.0219597056568	-0.00771434050707	-0.0197879733121	-0.0587171978048	0.0163353242659	0.00841620481378	-0.00874018052975	0.0587317904174	0.0251496798985	-0.0338194468932	-0.00878227865105	0.0215221791778	-0.000980632585298	0.00521756094604	-0.00692555812972	-0.0313563839107	-0.0609471717843	-0.00625304393538	-0.0523940137754	-0.0552022280884	1.0	-0.0104815688756	0.0326589296624	-0.0287337626222	-0.0377132978271	-0.0408443058289	-0.0100452390283	-0.0186752435613	0.0954458801804	-0.00089520260734	0.0180116826695	0.003075490985	-0.00689516903071	-0.00668820517755	0.0131886940582	-0.0364955500148	-0.0971167429343	0.0242969486761	-0.0317341376147	-0.0144680989866	0.044588635821	0.017161903908	-0.0465725225522	-0.00308973617222	0.0194130917092	-0.0398797592187	0.000164843885735	-0.0309417589164	0.0111720807868	0.0255811134887	-0.0482441856818	0.00231936944573
k__Bacteria;p__Bacteroidetes;c__Bacteroidia;o__Bacteroidales;f__Porphyromonadaceae;g__Parabacteroides;s__Parabacteroides_johnsonii	-0.0551852788076	-0.0548781057477	-0.0278093320298	-0.0166605792308	-0.0289185592038	0.051610001806	-0.0412445038496	-0.070711067648	-0.0374578363362	-0.0256977889311	0.00641885524106	-0.0327199006353	-0.0227724360402	-0.0272617916299	-0.0139027342025	0.00666111445777	0.0760631159855	-0.0105493688986	-0.00944320704648	0.0139819494638	-0.00679237170307	-0.0391114983872	0.0208277360705	-0.0462956302021	0.0541885566005	-0.0197305377489	0.0201896456369	-0.0104815688756	1.0	-0.00243231910451	-0.0103645879725	-0.0338891825587	-0.0321960978437	-0.0592985825783	0.000291534438519	0.00501215242719	-0.0253223117026	0.0531322006779	0.0260937297878	0.0048525367039	-0.0766307797111	0.0409027298514	0.0694729473081	-0.0305267903749	-0.0129986764623	0.00710724592791	0.000821531532319	0.0140836070567	-0.0189508367277	0.0176563407718	0.0471029988599	-0.0561420805571	0.00757256086647	0.0615286983354	0.0245115833774	-0.0507839050217	-0.0395401711505	-0.0408851011279	0.013061989347
k__Bacteria;p__Actinobacteria;c__Actinobacteria;o__Bifidobacteriales;f__Bifidobacteriaceae;g__Bifidobacterium;s__Bifidobacterium_longum	0.00348654124423	-0.00214353637647	-0.0290425291958	-0.0273625770473	-0.00789279677703	-0.0618169092815	-0.0429763695283	-0.00265035267429	-0.000997928121931	-0.0390237145169	-0.0124625846531	0.0132928945551	0.0524483306502	-0.0074898187198	0.0181432633464	-0.0467833747301	0.00372901964192	0.00770616867998	0.022269554144	-0.00373602369499	-0.014194173954	0.0350837506302	-0.0493816408416	-0.0493154571424	-0.0545885428737	-0.0286640657667	0.00271813101411	0.0326589296624	-0.00243231910451	1.0	-0.0057576398832	-0.0133011694451	0.0480887765313	-0.032142276818	-0.0641569867844	0.01980610164	-0.0194023112349	-0.0110247123499	-0.0165005520861	0.0246894291884	0.010560698171	-0.02085605486	0.00308460628429	-0.0389820133383	-0.0370433151462	-0.0229937706051	-0.0334261004107	0.0102718754236	0.0185999548081	0.0594274007357	-0.0265989528236	0.0927702365398	-0.0205130493645	-0.0102353342728	0.0610743381586	-0.0211168022288	-0.0409840373638	-0.00404601309985	-0.0191737750326
