#taxonomy	k__Bacteria;p__Bacteroidetes;c__Bacteroidia;o__Bacteroidales;f__Bacteroidaceae;g__Bacteroides;s__Bacteroides_vulgatus	k__Bacteria;p__Bacteroidetes;c__Bacteroidia;o__Bacteroidales;f__Bacteroidaceae;g__Bacteroides;s__Bacteroides_uniformis	k__Bacteria;p__Bacteroidetes;c__Bacteroidia;o__Bacteroidales;f__Rikenellaceae;g__Alistipes;s__Alistipes_putredinis	k__Bacteria;p__Bacteroidetes;c__Bacteroidia;o__Bacteroidales;f__Prevotellaceae;g__Prevotella;s__Prevotella_copri	k__Bacteria;p__Bacteroidetes;c__Bacteroidia;o__Bacteroidales;f__Bacteroidaceae;g__Bacteroides;s__Bacteroides_stercoris	k__Bacteria;p__Bacteroidetes;c__Bacteroidia;o__Bacteroidales;f__Bacteroidaceae;g__Bacteroides;s__Bacteroides_ovatus	k__Bacteria;p__Bacteroidetes;c__Bacteroidia;o__Bacteroidales;f__Rikenellaceae;g__Alistipes;s__Alistipes_shahii	k__Bacteria;p__Firmicutes;c__Clostridia;o__Clostridiales;f__Ruminococcaceae;g__Faecalibacterium;s__Faecalibacterium_prausnitzii	k__Bacteria;p__Bacteroidetes;c__Bacteroidia;o__Bacteroidales;f__Rikenellaceae;g__Alistipes;s__Alistipes_finegoldii	k__Bacteria;p__Bacteroidetes;c__Bacteroidia;o__Bacteroidales;f__Porphyromonadaceae;g__Parabacteroides;s__Parabacteroides_distasonis	k__Bacteria;p__Bacteroidetes;c__Bacteroidia;o__Bacteroidales;f__Bacteroidaceae;g__Bacteroides;s__Bacteroides_thetaiotaomicron	k__Bacteria;p__Bacteroidetes;c__Bacteroidia;o__Bacteroidales;f__Bacteroidaceae;g__Bacteroides;s__Bacteroides_coprocola	k__Bacteria;p__Bacteroidetes;c__Bacteroidia;o__Bacteroidales;f__Bacteroidaceae;g__Bacteroides;s__Bacteroides_cellulosilyticus	k__Bacteria;p__Bacteroidetes;c__Bacteroidia;o__Bacteroidales;f__Rikenellaceae;g__Alistipes;s__Alistipes_obesi	k__Bacteria;p__Firmicutes;c__Clostridia;o__Clostridiales;f__Lachnospiraceae;g__;s__[Eubacterium]_rectale	k__Bacteria;p__Bacteroidetes;c__Bacteroidia;o__Bacteroidales;f__Bacteroidaceae;g__Bacteroides;s__Bacteroides_plebeius	k__Bacteria;p__Bacteroidetes;c__Bacteroidia;o__Bacteroidales;f__Bacteroidaceae;g__Bacteroides;s__Bacteroides_fragilis	k__Bacteria;p__Proteobacteria;c__Betaproteobacteria;o__Burkholderiales;f__Sutterellaceae;g__Sutterella;s__Sutterella_wadsworthensis	k__Bacteria;p__Bacteroidetes;c__Bacteroidia;o__Bacteroidales;f__Porphyromonadaceae;g__Barnesiella;s__Barnesiella_intestinihominis	k__Bacteria;p__Bacteroidetes;c__Bacteroidia;o__Bacteroidales;f__Odoribacteraceae;g__Odoribacter;s__Odoribacter_splanchnicus	k__Bacteria;p__Bacteroidetes;c__Bacteroidia;o__Bacteroidales;f__Bacteroidaceae;g__Bacteroides;s__Bacteroides_salyersiae	k__Bacteria;p__Firmicutes;c__Clostridia;o__Clostridiales;f__Ruminococcaceae;g__Ruminiclostridium;s__[Eubacterium]_siraeum	k__Bacteria;p__Proteobacteria;c__Betaproteobacteria;o__Burkholderiales;f__Sutterellaceae;g__Parasutterella;s__Parasutterella_excrementihominis	k__Bacteria;p__Actinobacteria;c__Actinobacteria;o__Bifidobacteriales;f__Bifidobacteriaceae;g__Bifidobacterium;s__Bifidobacterium_adolescentis	k__Bacteria;p__Firmicutes;c__Clostridia;o__Clostridiales;f__Oscillospiraceae;g__Oscillibacter;s__Oscillibacter_sp._KLE_1745	k__Bacteria;p__Bacteroidetes;c__Bacteroidia;o__Bacteroidales;f__Bacteroidaceae;g__Bacteroides;s__Bacteroides_coprophilus	k__Bacteria;p__Firmicutes;c__Clostridia;o__Clostridiales;f__Lachnospiraceae;g__Roseburia;s__Roseburia_intestinalis	k__Bacteria;p__Firmicutes;c__Clostridia;o__Clostridiales;f__Lachnospiraceae;g__Roseburia;s__Roseburia_hominis	k__Bacteria;p__Bacteroidetes;c__Bacteroidia;o__Bacteroidales;f__Porphyromonadaceae;g__Parabacteroides;s__Parabacteroides_johnsonii	k__Bacteria;p__Actinobacteria;c__Actinobacteria;o__Bifidobacteriales;f__Bifidobacteriaceae;g__Bifidobacterium;s__Bifidobacterium_longum	k__Bacteria;p__Firmicutes;c__Clostridia;o__Clostridiales;f__;g__Flavonifractor;s__Flavonifractor_plautii	k__Bacteria;p__Firmicutes;c__Clostridia;o__Clostridiales;f__Clostridiaceae;g__Clostridium;s__Clostridium_phoceensis	k__Bacteria;p__Verrucomicrobia;c__Verrucomicrobiae;o__Verrucomicrobiales;f__Akkermansiaceae;g__Akkermansia;s__Akkermansia_muciniphila	k__Bacteria;p__Bacteroidetes;c__Bacteroidia;o__Bacteroidales;f__Prevotellaceae;g__Paraprevotella;s__Paraprevotella_xylaniphila	k__Bacteria;p__Firmicutes;c__Clostridia;o__Clostridiales;f__Ruminococcaceae;g__Ruminococcus;s__Ruminococcus_callidus	k__Bacteria;p__Bacteroidetes;c__Bacteroidia;o__Bacteroidales;f__Rikenellaceae;g__Alistipes;s__Alistipes_senegalensis	k__Bacteria;p__Firmicutes;c__Clostridia;o__Clostridiales;f__Lachnospiraceae;g__Blautia;s__Blautia_sp._KLE_1732	k__Bacteria;p__Bacteroidetes;c__Bacteroidia;o__Bacteroidales;f__Bacteroidaceae;g__Bacteroides;s__Bacteroides_oleiciplenus	k__Bacteria;p__Firmicutes;c__Clostridia;o__Clostridiales;f__Ruminococcaceae;g__Ruminococcus;s__Ruminococcus_bicirculans	k__Bacteria;p__Bacteroidetes;c__Bacteroidia;o__Bacteroidales;f__Bacteroidaceae;g__Bacteroides;s__Bacteroides_fluxus	k__Bacteria;p__Bacteroidetes;c__Bacteroidia;o__Bacteroidales;f__Prevotellaceae;g__Prevotella;s__Prevotella_stercorea	k__Bacteria;p__Firmicutes;c__Clostridia;o__Clostridiales;f__Lachnospiraceae;g__Dorea;s__Dorea_longicatena	k__Bacteria;p__Firmicutes;c__Clostridia;o__Clostridiales;f__Eubacteriaceae;g__Eubacterium;s__[Eubacterium]_eligens	k__Bacteria;p__Firmicutes;c__Clostridia;o__Clostridiales;f__Ruminococcaceae;g__;s__Ruminococcaceae_bacterium_D16	k__Bacteria;p__Firmicutes;c__Clostridia;o__Clostridiales;f__Lachnospiraceae;g__Coprococcus;s__Coprococcus_comes	k__Bacteria;p__Proteobacteria;c__Gammaproteobacteria;o__Enterobacterales;f__Enterobacteriaceae;g__Escherichia;s__Escherichia_coli	k__Bacteria;p__Firmicutes;c__Clostridia;o__Clostridiales;f__Ruminococcaceae;g__Anaerotruncus;s__Anaerotruncus_colihominis	k__Bacteria;p__Firmicutes;c__Clostridia;o__Clostridiales;f__Lachnospiraceae;g__Blautia;s__Blautia_obeum	k__Bacteria;p__Bacteroidetes;c__Bacteroidia;o__Bacteroidales;f__Odoribacteraceae;g__Odoribacter;s__Odoribacter_laneus	k__Bacteria;p__Firmicutes;c__Clostridia;o__Clostridiales;f__Ruminococcaceae;g__Ruminiclostridium;s__[Clostridium]_leptum	k__Bacteria;p__Bacteroidetes;c__Bacteroidia;o__Bacteroidales;f__Porphyromonadaceae;g__Parabacteroides;s__Parabacteroides_goldsteinii	k__Bacteria;p__Firmicutes;c__Clostridia;o__Clostridiales;f__Lachnospiraceae;g__Anaerostipes;s__Anaerostipes_hadrus	k__Bacteria;p__Firmicutes;c__Clostridia;o__Clostridiales;f__Ruminococcaceae;g__Ruminococcus;s__Ruminococcus_lactaris	k__Bacteria;p__Firmicutes;c__Clostridia;o__Clostridiales;f__Clostridiaceae;g__Clostridium;s__Clostridium_sp._L2-50	k__Bacteria;p__Firmicutes;c__Clostridia;o__Clostridiales;f__Clostridiaceae;g__Clostridium;s__Clostridium_sp._M62/1	k__Bacteria;p__Firmicutes;c__Clostridia;o__Clostridiales;f__;g__Intestinimonas;s__Intestinimonas_butyriciproducens	k__Bacteria;p__Actinobacteria;c__Actinobacteria;o__Bifidobacteriales;f__Bifidobacteriaceae;g__Bifidobacterium;s__Bifidobacterium_bifidum	k__Bacteria;p__Firmicutes;c__Negativicutes;o__Veillonellales;f__Veillonellaceae;g__Dialister;s__Dialister_invisus	k__Bacteria;p__Bacteroidetes;c__Bacteroidia;o__Bacteroidales;f__Bacteroidaceae;g__Bacteroides;s__Bacteroides_salanitronis
k__Bacteria;p__Bacteroidetes;c__Bacteroidia;o__Bacteroidales;f__Bacteroidaceae;g__Bacteroides;s__Bacteroides_vulgatus	1.0	-0.0346288515269	0.0286963056749	-0.0121176694732	-0.0188883186937	-0.00609977246633	-0.0149299456283	-0.0242353476906	0.000544653849333	-0.0282870941974	0.0341967840599	0.0221137052417	-0.0454572561297	0.0225153539663	0.00827543174527	0.0287537573992	-0.0360655897373	-0.00970665598904	-0.0280488685178	-0.0289178955792	-0.0167385164818	-0.0216157595041	0.0176887978959	-0.00539692537031	0.0112875179599	0.0240508993747	-0.00450614925097	-0.037223770489	-0.0355353315052	0.00289064669527	-0.0177764651583	-0.0236449277057	-0.0176335102925	-0.0199291701617	0.0324567652741	-0.0404936299232	-0.0703674126535	-0.000565856273621	0.08245901884	-0.00799447328965	0.0116410983976	0.027939108382	0.0350066748556	-0.00145550620049	0.0391030946302	0.0498617361703	0.0116766918636	0.0525364531119	-0.0123116058056	-0.0129692916098	-0.00808447573457	0.0350096640891	0.0128369017233	-0.0613176996688	0.029153441736	-0.0247593720263	-0.0739172759524	-0.0308994837601	0.0290211135463
k__Bacteria;p__Bacteroidetes;c__Bacteroidia;o__Bacteroidales;f__Bacteroidaceae;g__Bacteroides;s__Bacteroides_uniformis	-0.0346288515269	1.0	0.0202896367264	-0.0204524575555	0.124774084458	0.0280991479477	-0.0348464303354	-0.0107828601672	-0.00769673013459	-0.0348612465671	0.0315560402473	-0.054716147045	0.0896583133414	0.0374115254571	-0.032714183393	0.0436236661694	-0.0552660750119	-0.0552623935018	-0.0304152729118	0.015325469664	-0.00504546075215	-0.00344582043161	0.0123807531258	0.0306976798085	0.0274614724613	-0.103854422688	-0.0342079671491	-0.0228490607313	-0.0179660854254	-0.101848193194	-0.015784999938	-0.0392238680903	0.0583074943225	-0.0169522324273	-0.00348808796228	-0.000621475708286	-0.0489076357385	0.00918674760368	-0.0108817458226	0.0304495649158	0.0615816712671	-0.0350738189952	-0.08664439601	-0.103821201378	0.0518266454623	-0.014959943329	0.0291390137333	-0.0189933952081	0.0149079588369	-0.055654425904	-0.0260451174334	-0.0198405571383	0.00401988176135	-0.103727723298	-0.0129747379596	0.00747347866966	-0.0325526258541	-0.0664533015829	-0.0276124130242
k__Bacteria;p__Bacteroidetes;c__Bacteroidia;o__Bacteroidales;f__Rikenellaceae;g__Alistipes;s__Alistipes_putredinis	0.0286963056749	0.0202896367264	1.0	0.00556150196311	-0.0278484357423	0.0135651321692	-0.0489395478617	-0.0364926515073	-0.00206117447099	0.0201416296487	0.0120305442568	-0.0779073374573	-0.0487457214651	-0.0320865569798	0.0518248562634	0.0260378784794	0.0310466066082	0.00449520635389	0.000425297580275	-0.0145924944619	-0.0422891166414	0.0293657398409	-0.0212729598725	0.0327989806509	-0.0486396518718	-0.030986535092	-0.0156543140326	0.0746128484352	-0.00665352556548	-0.0199081402798	-0.0228500575749	-0.0151444026445	0.0150568691072	-0.046251929625	-0.0242111259811	0.0197055255487	-0.0293471461032	-0.0107595978622	0.0174648962233	-0.0620051263577	-0.0517673666306	-0.0379674735269	0.0198666308212	-0.0220042794751	-0.0703089279219	0.0302128069025	0.0120074194053	0.0436006401147	0.0217418515521	0.0181340274728	0.0525601050238	0.0208062406965	-0.0078630694462	-0.0352709993811	-0.0301837479018	0.00987392189064	-0.0115672084997	-0.0364221531413	-0.0130002467474
k__Bacteria;p__Bacteroidetes;c__Bacteroidia;o__Bacteroidales;f__Prevotellaceae;g__Prevotella;s__Prevotella_copri	-0.0121176694732	-0.0204524575555	0.00556150196311	1.0	-0.0151521047506	0.0147461964423	0.0195036369971	0.0274676725233	-0.0468548737178	-0.0635762745867	0.0176727904065	0.00548435297345	-0.00896627603861	-0.0779688109388	-0.0437602310532	-0.0611594575676	-0.0207992253578	-0.0407700421117	0.000476008968412	0.0298666744068	-0.0444321969294	0.00534924802751	-0.0289031030718	-0.00921816547169	-0.0378965410089	0.0101711027254	0.010694364798	-0.00628297299607	-0.0176775749668	0.072766209947	0.00468688747945	-0.00056122066064	-0.044076804789	0.0111919674507	0.0149606697203	0.0177007470416	-0.010766285278	0.012212563631	0.0162655880613	-0.0149390306155	0.0332827013018	-0.0611497317878	0.00203864864787	0.0821869982979	-0.040701645647	-0.0511376654609	0.00016740408022	-0.0861022668315	-0.0382990371477	-0.0380386609615	-0.0365108069664	-0.0125118632259	-0.0089794173661	0.0023541909774	0.0143000342248	0.033304543318	0.00189660506895	-0.0445010819442	0.00448193819378
k__Bacteria;p__Bacteroidetes;c__Bacteroidia;o__Bacteroidales;f__Bacteroidaceae;g__Bacteroides;s__Bacteroides_stercoris	-0.0188883186937	0.124774084458	-0.0278484357423	-0.0151521047506	1.0	-0.00545366028044	-0.00283814951493	-0.00108920015461	-0.00234475040682	0.0018524471218	0.0335333557196	0.00432693806458	0.0222703580985	0.0184135610505	0.0139873321621	0.0387539662518	0.0623226310167	0.0634942919016	-0.0304996966744	-0.0349404310965	-0.0152279599011	-0.0379178541239	-0.0199832337753	-0.0103429597209	0.0062914038874	0.0116150182711	0.0079919717772	0.0117004373745	-0.0157773601377	0.000842903488508	-0.0662777564778	0.00118352539254	-0.00329629420153	0.00110431914485	-0.0159140888344	0.0127555572384	-0.0313955592223	-0.0448176107841	-0.0133165014042	-0.0136271990714	-0.00337419244521	-0.0761745237277	0.00823880943923	0.0679861893888	0.0194888396929	-0.0163752172047	0.00676066240068	-0.0743861309086	0.0102395749876	0.0323673378305	-0.0253407911122	0.00154373650805	0.0180887649855	-0.0156083541751	-0.0209738013808	-0.0391192097675	-0.0275253547819	-0.0335450105222	0.026126046813
k__Bacteria;p__Bacteroidetes;c__Bacteroidia;o__Bacteroidales;f__Bacteroidaceae;g__Bacteroides;s__Bacteroides_ovatus	-0.00609977246633	0.0280991479477	0.0135651321692	0.0147461964423	-0.00545366028044	1.0	-0.0504461077184	0.000263160461716	-0.063425998139	-0.00262006714124	-0.0126879138297	0.0171477295672	-0.00476190255818	-0.0630123348056	-0.0392274135302	-0.0236837725134	5.61465327486e-05	0.0215013964866	-0.00486818345125	-0.0322592606865	0.0170198797132	-0.00905178849516	-0.0106483333729	0.0109154185865	-0.0700206568615	-0.041735623224	-0.0303232750181	-0.0424841630837	-0.0479868594116	-0.0223289689051	-0.0205969454116	-0.0578574478869	-0.0105340103687	-0.040095021933	0.0287755841506	-0.0239247051356	-0.00620579901662	0.0139184851905	0.0496591695557	-0.0128086500628	-0.0224360214186	0.0185212897513	0.0694489321349	-0.0284258890357	-0.0283301239354	-0.0337646691683	0.0181442104251	0.0701690549251	0.0238095230727	-0.0262403962875	0.0465150508464	-0.0218841160531	-0.0228080171128	-0.0413004667158	-0.029462148534	-0.0268300606352	-0.00355525395618	0.0557352674566	-0.000694666001622
k__Bacteria;p__Bacteroidetes;c__Bacteroidia;o__Bacteroidales;f__Rikenellaceae;g__Alistipes;s__Alistipes_shahii	-0.0149299456283	-0.0348464303354	-0.0489395478617	0.0195036369971	-0.00283814951493	-0.0504461077184	1.0	0.0333182097596	-0.0129620038466	-0.00206118838463	0.0574038493669	0.0262087088353	-0.0366987885454	0.00413152419035	-0.0419564189189	0.0332387702526	0.045400493249	-0.0346856870223	-0.0522911458642	0.0155639398977	0.0161764727615	0.035473208642	0.0715468126967	0.0195766811309	-0.0452257763463	0.031448854099	0.00692622965897	-0.0398699196725	-0.00335316679381	0.0397580195725	-0.0289390154079	-0.0132659695938	0.0334208997721	0.00157489490961	-0.0221906680106	-0.0763168322937	0.000524646930683	-0.00972067470304	0.0247840182925	0.049599064943	0.0368983903374	-0.0625106844162	-0.0215635396872	0.0104434433951	0.0535012556413	-0.0840064359207	0.0185177463895	0.00141438624827	-0.00750292131771	-0.00568680494812	0.0288925246933	0.086719078559	-0.0588209948257	-0.00769756581708	-0.00693622010051	-0.0579854166747	0.00366422917822	-0.0348047211798	-0.00571904385345
k__Bacteria;p__Firmicutes;c__Clostridia;o__Clostridiales;f__Ruminococcaceae;g__Faecalibacterium;s__Faecalibacterium_prausnitzii	-0.0242353476906	-0.0107828601672	-0.0364926515073	0.0274676725233	-0.00108920015461	0.000263160461716	0.0333182097596	1.0	-0.0425181084454	-0.0285184679023	-0.0357814712681	0.0757006582655	-0.0233063669906	-0.0245647928272	0.00865133371942	0.0310240321876	-0.0323651022082	-0.0393587345991	-0.00707776756223	-0.014886710159	0.0125467276116	0.0108795995201	0.00804341603522	-0.024085570976	-0.000448103429543	-0.0301792867667	-0.0235688861492	0.00115556386426	0.0314675461117	-0.0106213175311	-0.00951315180149	0.0189244554447	-0.0604031427116	-0.00693115649936	0.0196184451836	0.0014931235502	-0.0140897607546	0.0271636966461	-0.0250524212933	-0.000473720222929	0.00192192480206	0.0358196267043	-0.00137945355532	0.0165414197167	-0.00422996766074	0.00880794113293	-0.0422420153109	0.0143559299402	-0.0481138631547	-0.0595648733813	-0.0235838805448	-0.0660372493226	0.00941190521539	-0.0021919389741	-0.00619858572929	-0.00794152853835	0.0264020224446	-0.0596677576329	-0.00807043810941
k__Bacteria;p__Bacteroidetes;c__Bacteroidia;o__Bacteroidales;f__Rikenellaceae;g__Alistipes;s__Alistipes_finegoldii	0.000544653849333	-0.00769673013459	-0.00206117447099	-0.0468548737178	-0.00234475040682	-0.063425998139	-0.0129620038466	-0.0425181084454	1.0	0.0443634237167	0.0395887638905	-0.0276960755368	-0.00850831484522	-0.0432944294371	0.00484846677602	0.029656852225	-0.0767444083806	0.0414796917832	0.0296400786586	-0.00350018484802	-0.0435789253864	-0.065130185968	-0.0149059852486	0.0859777177988	-0.0306034600368	0.00973858977216	-0.0252833309454	-0.0433070579185	-0.0247493696696	-0.0262860833501	-0.0248636852023	-0.0201687303507	-0.00173295316407	-0.0129011962271	0.0291169152441	0.00202050413878	0.0687668118566	0.00927480177733	-0.00661896992054	-0.0320627743133	-0.0684513406194	-0.0526216067317	-0.0225981404409	-0.0093444964712	0.00575855990275	0.0188923550689	0.0601317048571	-0.0214759676821	0.00440837684286	-0.0230227354759	-0.050578353388	0.0152197616026	-0.0145566632688	-0.0687620840567	0.044741020287	0.000706260845097	-0.0634451571443	-0.0368942190715	-0.0568761037402
k__Bacteria;p__Bacteroidetes;c__Bacteroidia;o__Bacteroidales;f__Porphyromonadaceae;g__Parabacteroides;s__Parabacteroides_distasonis	-0.0282870941974	-0.0348612465671	0.0201416296487	-0.0635762745867	0.0018524471218	-0.00262006714124	-0.00206118838463	-0.0285184679023	0.0443634237167	1.0	-0.0198829371869	-0.0749521613701	0.0130538120014	-0.000746488855368	-0.0475142046354	-0.00885738642335	0.0515303155871	-0.0633547791724	0.0622746079892	-0.0527128666458	-0.0251699246414	0.00709044410204	0.0178413767382	0.0313511380468	-0.0728677998663	-0.0512905607526	0.00721290109818	-0.00193336753947	0.0170213521747	-0.0157510353106	-0.00883252814325	-0.0390153861765	0.0163483707216	-0.0162400343835	0.00176638883734	0.0226917934533	0.0467314067815	-0.00862890690648	-0.0351520049854	-0.0577433604739	0.0326798673423	-0.0139602192071	-0.0649048224413	-0.0266225286454	0.0213674381964	-0.0257155989547	0.0285429041074	0.0234727619318	0.080093056326	-0.029654962689	-0.0821749707399	-0.00179452726177	-0.0165755188846	0.0358589951102	-0.0461707206734	-0.0627858438016	-0.064496095437	-0.0285320152499	-0.0197893851012
k__Bacteria;p__Bacteroidetes;c__Bacteroidia;o__Bacteroidales;f__Bacteroidaceae;g__Bacteroides;s__Bacteroides_thetaiotaomicron	0.0341967840599	0.0315560402473	0.0120305442568	0.0176727904065	0.0335333557196	-0.0126879138297	0.0574038493669	-0.0357814712681	0.0395887638905	-0.0198829371869	1.0	0.0199708393138	-0.0183022749467	-0.014426451633	-0.0232599524993	-0.0040987581041	-0.00733186610352	0.0105253110881	-0.0215861332262	-0.00795802290587	0.00578446961721	-0.0461964307115	-0.039986155528	0.00789154820018	-0.0118342043267	-0.00660594870566	0.00314609034905	-0.0274212112077	0.00323054483254	-0.0173344655376	0.0631961724208	0.0551379198692	0.0114484461774	0.0434526027131	-0.0433019256825	-0.0552139677188	0.0553165324341	0.0237896144076	-0.0359062989979	-0.0589957232172	-0.0138108007938	0.0295965464149	0.0252517192156	-0.00973773976343	0.0807719827698	-0.0433783334944	0.0387429524252	-0.0729323747438	-0.0169984016087	-0.0197233693485	-0.0335185887873	0.0547695160277	-0.0240922873496	-0.0471028381177	-0.0319403975488	-0.00158740165198	0.0498767734104	-0.0124484712573	-0.145783099122
k__Bacteria;p__Bacteroidetes;c__Bacteroidia;o__Bacteroidales;f__Bacteroidaceae;g__Bacteroides;s__Bacteroides_coprocola	0.0221137052417	-0.054716147045	-0.0779073374573	0.00548435297345	0.00432693806458	0.0171477295672	0.0262087088353	0.0757006582655	-0.0276960755368	-0.0749521613701	0.0199708393138	1.0	-0.0418401462306	-0.00475222315925	0.0508281603113	0.0267240214731	-0.0523313976848	-0.0441025844803	-0.100197746141	-0.0576561437723	0.00460512888923	0.0356489254547	0.0388700504891	-0.012450024735	-0.069206488107	-0.0501821117677	-0.0373700873731	-0.0327788794739	0.00401739248648	-0.085273338884	0.0127106357003	-0.0239707801408	0.0901772134293	0.0475359242534	0.0235123592166	0.0134276844669	0.065613460051	-0.01863937354	0.0666628313673	-0.0211723702617	0.0183905584356	0.00897425424604	-0.0748713228959	0.0402236322431	-0.0358872869316	0.000802791582531	0.0231920814964	0.0190841625811	-0.0381308312477	-0.0145904834197	-0.0507130558406	0.044402324571	-0.0402962833672	-0.0133407871679	-0.0103902916398	-0.0512264371971	0.0450142389817	-0.0355938601309	0.0187168261524
k__Bacteria;p__Bacteroidetes;c__Bacteroidia;o__Bacteroidales;f__Bacteroidaceae;g__Bacteroides;s__Bacteroides_cellulosilyticus	-0.0454572561297	0.0896583133414	-0.0487457214651	-0.00896627603861	0.0222703580985	-0.00476190255818	-0.0366987885454	-0.0233063669906	-0.00850831484522	0.0130538120014	-0.0183022749467	-0.0418401462306	1.0	-0.0343881305817	0.034458644392	-0.0364009096259	0.0260297532682	0.014431839257	0.0182445654884	0.0755443648933	-0.0289256156762	-0.0236719067443	-0.0751563050835	-0.0183872991585	0.0322009897556	-0.0210112988094	-0.0227699873423	-0.049965041268	-0.0554630841167	0.015044199465	-0.00175322717366	-0.012425700255	0.0408484204221	0.00187084046587	-0.0350479293853	-0.0147286661508	0.0211003258142	-0.026251790803	-0.00209400454038	-0.0293193585616	0.0230214952531	-0.0505231970828	-0.0350650130082	-0.0436718449168	0.0119381707891	-0.00708863824409	0.0145099655012	0.0160527857791	0.00142677747033	0.00411084766915	0.00484383180778	-0.0308984675063	-0.0343900231843	-0.0667444713531	0.0675619511059	0.011145086439	0.0203379036219	0.00267864027554	-0.0111790022295
k__Bacteria;p__Bacteroidetes;c__Bacteroidia;o__Bacteroidales;f__Rikenellaceae;g__Alistipes;s__Alistipes_obesi	0.0225153539663	0.0374115254571	-0.0320865569798	-0.0779688109388	0.0184135610505	-0.0630123348056	0.00413152419035	-0.0245647928272	-0.0432944294371	-0.000746488855368	-0.014426451633	-0.00475222315925	-0.0343881305817	1.0	0.0271623640493	0.00589988895077	-0.00752799042537	-0.0249304161147	-0.0377330207161	0.0451311589828	0.000180209618445	-0.0283082205784	-0.00631720969599	-0.0728108551803	0.0517590661155	-0.0599959073646	0.0269520947797	0.00933502759962	-0.0263599382619	-0.0755747849535	-0.0742985150654	0.0362531997537	0.0105556101887	-0.000543449840532	-0.0241954758397	-0.0449736696517	-0.0494252694249	-0.0625407937518	-0.0384256501444	-0.0848109051513	0.0454020006396	-0.0437424275946	-0.0827962364611	-0.0580045664096	0.0139439784984	-0.0626888458046	0.0298754119148	-0.0251961273993	-0.00107214842587	0.0183693071046	-0.0561833605116	0.00536515784923	0.0605931117348	0.0309056424705	-0.0311136588471	-0.0254124965088	0.00257870739755	0.0321214410828	0.0265133956484
k__Bacteria;p__Firmicutes;c__Clostridia;o__Clostridiales;f__Lachnospiraceae;g__;s__[Eubacterium]_rectale	0.00827543174527	-0.032714183393	0.0518248562634	-0.0437602310532	0.013987332162	-0.0392274135302	-0.0419564189189	0.00865133371942	0.00484846677602	-0.0475142046354	-0.0232599524993	0.0508281603113	0.034458644392	0.0271623640493	1.0	0.017479224564	-0.0317506242174	0.00430661270117	0.0822636825324	0.0026225137086	-0.0033198927334	-0.0657576316813	-0.0316894364416	-0.0239660215084	-0.0454217219063	-0.0133020025108	0.0517242067477	-0.042698175968	-0.0106858608125	-0.0233349128761	-0.0775600851847	-0.0804140526369	-0.0773918083978	0.00504094312757	-0.0299083597715	-0.0183592272527	0.0019784971481	-0.0149860159614	-0.0205030529352	-0.0430292287482	0.0136360170662	-0.00363778080811	-0.0573715109261	0.0128013627233	0.000442508624176	0.00416828655315	0.0226016028533	-0.0382150926679	-0.0143137223635	0.00798466355864	0.0497948812122	-0.0418352352766	0.026540386798	0.0445049055407	-0.0190709273763	0.0109315659723	-0.0265886358977	-0.0263587275188	-0.0136628887531
k__Bacteria;p__Bacteroidetes;c__Bacteroidia;o__Bacteroidales;f__Bacteroidaceae;g__Bacteroides;s__Bacteroides_plebeius	0.0287537573992	0.0436236661694	0.0260378784794	-0.0611594575676	0.0387539662518	-0.0236837725134	0.0332387702526	0.0310240321876	0.029656852225	-0.00885738642335	-0.0040987581041	0.0267240214731	-0.0364009096259	0.00589988895077	0.017479224564	1.0	-0.0230026294235	-0.00921331164832	0.00656418757046	0.0148900900476	0.00270531469322	-0.0291914500926	-0.0202940142859	-0.0340072413084	-0.0497780578273	0.0573843260146	-0.0385107476993	0.0206504618016	0.0219527764348	0.0299289458077	-0.059353981638	0.00531501738667	0.012432050838	-0.0143254177587	-0.0152999459103	0.041266053	-0.0370024451207	-0.0739568509746	-0.0208867604922	-0.0559504567297	0.0583349629639	0.0455503583036	0.0145132844943	-0.063565484805	-0.0427627715909	-0.0435135886909	-0.0242483878313	-0.0617072541019	-0.0119277273417	0.0198741071282	0.0495575837266	-0.0325420426555	-0.0425817632173	-0.0249426155603	-0.0220771498663	0.0149733043539	-0.00255580453286	0.0503208154633	-0.00800211723485
k__Bacteria;p__Bacteroidetes;c__Bacteroidia;o__Bacteroidales;f__Bacteroidaceae;g__Bacteroides;s__Bacteroides_fragilis	-0.0360655897373	-0.0552660750119	0.0310466066082	-0.0207992253578	0.0623226310167	5.61465327486e-05	0.045400493249	-0.0323651022082	-0.0767444083806	0.0515303155871	-0.00733186610352	-0.0523313976848	0.0260297532682	-0.00752799042537	-0.0317506242174	-0.0230026294235	1.0	-0.0180980337	-0.0070612111688	0.0036931763655	0.011167485552	-0.050153012153	0.040337302351	-0.0472599917025	0.0011148876844	-0.0499905628516	-0.0542164806683	0.051112041888	-0.0117067501908	0.0104285690361	0.00173752906879	0.0198429837832	0.0360576186494	-0.0444258847956	-0.0131829587552	0.00390535755684	0.0318266355237	-0.0334403971996	-0.0474917514948	-0.00311177026207	-0.00205331083308	-0.00103686085583	0.01139393718	-0.0165074500822	-0.0191952079482	0.00361045851904	-0.0524827537769	-0.0100701944977	-0.0585488061827	-0.0141228849911	0.0416418182789	-0.0531169406827	-0.0144868754432	0.0319924018732	0.0447776041876	-0.00443801441531	0.0113878719262	-0.0338562749105	-0.0556550633561
k__Bacteria;p__Proteobacteria;c__Betaproteobacteria;o__Burkholderiales;f__Sutterellaceae;g__Sutterella;s__Sutterella_wadsworthensis	-0.00970665598904	-0.0552623935018	0.00449520635389	-0.0407700421117	0.0634942919016	0.0215013964866	-0.0346856870223	-0.0393587345991	0.0414796917832	-0.0633547791724	0.0105253110881	-0.0441025844803	0.014431839257	-0.0249304161147	0.00430661270117	-0.00921331164832	-0.0180980337	1.0	0.000933350723235	-0.00641932301353	-0.0253789804728	-0.0294281430782	0.0242613802952	-0.0813423464169	-0.021242458421	0.0573434692784	-0.0701445384471	-0.0484987643799	-0.0280565419015	0.0271833194634	-0.0272799182397	-0.0295293431758	-0.00492837228545	-0.0298066092864	0.0146486605033	-0.00522220839103	-0.00983301520174	0.0131318075265	0.000617375289382	0.0314766608838	0.0176115591669	-0.0458111153181	-0.0339452608695	0.0216422695309	0.0254124380721	0.00635513482238	-0.0687158520942	-0.0469773681428	0.0617159805497	0.0104675024293	-0.0287786933048	-0.0467701568888	-0.0237685566231	0.00654261032934	-0.0611014522584	0.0970432202614	-0.0358285607275	0.0134548467551	-0.0293342564304
k__Bacteria;p__Bacteroidetes;c__Bacteroidia;o__Bacteroidales;f__Porphyromonadaceae;g__Barnesiella;s__Barnesiella_intestinihominis	-0.0280488685178	-0.0304152729118	0.000425297580275	0.000476008968413	-0.0304996966744	-0.00486818345125	-0.0522911458642	-0.00707776756223	0.0296400786586	0.0622746079892	-0.0215861332262	-0.100197746141	0.0182445654884	-0.0377330207161	0.0822636825324	0.00656418757046	-0.0070612111688	0.000933350723235	1.0	0.0152529436751	-0.0344663965757	-0.0325499448153	0.0256461483612	-0.0601448764372	0.0427915563393	0.021329920359	-0.0335650807943	0.0313606913237	-0.0165157369117	0.0851766713369	0.0327183436972	-0.0648455906015	0.0292334242053	-0.03201853443	-0.00231719527852	-0.0497155433387	0.0294014584899	-0.0148970710025	0.0169459228189	-0.0280912047396	-0.0277421353787	-0.0193307365418	-0.0255402672472	0.000419418431488	-0.00284675339718	0.00943187613024	-0.0282747618187	0.0166457697333	-0.0142633766136	0.0088577347562	-0.0124942141199	0.00069995984622	0.0281256902577	0.0071708116755	-0.084478230479	7.51898110575e-07	0.0113018815843	0.0204594012592	-0.00192721983611
k__Bacteria;p__Bacteroidetes;c__Bacteroidia;o__Bacteroidales;f__Odoribacteraceae;g__Odoribacter;s__Odoribacter_splanchnicus	-0.0289178955792	0.015325469664	-0.0145924944619	0.0298666744068	-0.0349404310965	-0.0322592606865	0.0155639398977	-0.014886710159	-0.00350018484802	-0.0527128666458	-0.00795802290587	-0.0576561437723	0.0755443648933	0.0451311589828	0.0026225137086	0.0148900900476	0.0036931763655	-0.00641932301353	0.0152529436751	1.0	0.00235988816308	0.0276628980104	-0.00051455601678	-0.0512155569875	-0.0351038200472	-0.0777599264414	-0.0277815130145	-0.0698904125877	-0.00616214759749	-0.0145906855783	-0.00983132583908	0.0635091386145	0.0332515570034	-0.066387599836	-0.0480612225051	-0.02149528683	0.00658829697762	0.00829866872318	-0.0216750724598	-0.0287185603228	0.0460881639136	0.0056167515739	0.00447082959942	-0.0116440355294	-0.0119625812639	-0.00341274546169	-0.0665576347836	-0.0386439809115	-0.0275162712797	-0.0454644493245	-0.021823593271	0.0409469282038	0.00348703048116	-0.0392350010163	-0.0123788800519	-0.0290379877697	-0.00755426996164	0.0287624868648	0.0146156679913
k__Bacteria;p__Bacteroidetes;c__Bacteroidia;o__Bacteroidales;f__Bacteroidaceae;g__Bacteroides;s__Bacteroides_salyersiae	-0.0167385164818	-0.00504546075215	-0.0422891166414	-0.0444321969294	-0.0152279599011	0.0170198797132	0.0161764727615	0.0125467276116	-0.0435789253864	-0.0251699246414	0.00578446961721	0.00460512888923	-0.0289256156762	0.000180209618444	-0.0033198927334	0.00270531469322	0.011167485552	-0.0253789804728	-0.0344663965757	0.00235988816308	1.0	0.0645781200515	-0.075807764297	-0.00672723689347	0.0150689239326	0.0193746479746	-0.00824385093706	-0.022061227355	-0.00457739110221	0.0224943705463	0.0497681784775	-0.00787463796602	0.0435657508591	-0.012689761987	-0.00761351764677	0.0290307118553	-0.082426245573	-0.036254826038	0.0541029525702	-0.0183881831626	-0.00762591717798	0.00319056145922	0.0516282471538	-0.0282487708785	0.0283567052139	-0.0660784947663	0.00981391024901	0.0157530316491	-0.0377265727613	0.0350845805769	0.00696268877451	0.0192301722317	-0.0230047525262	0.0510421041938	-0.0731925997844	-0.0761814118174	0.00456734852067	-0.0640910677894	-0.00799863804001
k__Bacteria;p__Firmicutes;c__Clostridia;o__Clostridiales;f__Ruminococcaceae;g__Ruminiclostridium;s__[Eubacterium]_siraeum	-0.0216157595041	-0.00344582043161	0.0293657398409	0.00534924802751	-0.0379178541239	-0.00905178849516	0.035473208642	0.0108795995201	-0.065130185968	0.00709044410204	-0.0461964307115	0.0356489254547	-0.0236719067443	-0.0283082205784	-0.0657576316813	-0.0291914500926	-0.050153012153	-0.0294281430782	-0.0325499448153	0.0276628980104	0.0645781200515	1.0	-0.00440353178139	0.0720109126905	-0.0389896452506	-0.048242046407	-0.0321284708727	0.0149238939975	-0.0240400101773	0.0277555016416	-0.0704256293683	0.0411836375642	-0.0100304884525	-0.0359207367771	-0.0262872012677	-0.0169359951217	-0.0455165627066	0.00494511509386	0.0104482601348	0.00623891525033	0.0672890849053	-0.0409391087212	0.00587515707035	0.00857639622711	-0.0112186081866	-0.00755487531995	-0.0312810412713	0.0501180663979	0.0303079952428	-0.0596152776641	0.00945744248418	0.0261016082015	-0.000374589621771	0.0313242746744	0.0290602171223	-0.0100190447749	-0.0111128339289	-0.012637742882	0.0110330526194
k__Bacteria;p__Proteobacteria;c__Betaproteobacteria;o__Burkholderiales;f__Sutterellaceae;g__Parasutterella;s__Parasutterella_excrementihominis	0.0176887978959	0.0123807531258	-0.0212729598725	-0.0289031030718	-0.0199832337753	-0.0106483333729	0.0715468126967	0.00804341603522	-0.0149059852486	0.0178413767382	-0.039986155528	0.0388700504891	-0.0751563050835	-0.00631720969599	-0.0316894364416	-0.0202940142859	0.040337302351	0.0242613802952	0.0256461483612	-0.00051455601678	-0.075807764297	-0.00440353178139	1.0	-0.0515356929081	0.0181621037454	-0.0291630702897	-0.0698243755478	-0.0214930949563	0.00364721095076	1.05319460342e-05	-0.0537579894013	0.0244851561339	-0.0107604620018	0.0696129026884	-0.00674215490194	-0.0346459164709	-0.00362540996624	-0.00966727220404	-0.0480222515876	0.0634999201997	-0.030481092402	0.0579552653107	0.00966866605453	-0.0504194850739	-0.00703148169442	-0.0321651255416	-0.00985309711639	-0.0221249958631	-0.0242784222759	0.0450700107037	0.0298247981324	-0.0508824878593	-0.000643715295226	-0.00742090962673	-0.0160787089919	-0.0288293369228	0.0115830073736	-0.0036065022773	-0.0426937467172
k__Bacteria;p__Actinobacteria;c__Actinobacteria;o__Bifidobacteriales;f__Bifidobacteriaceae;g__Bifidobacterium;s__Bifidobacterium_adolescentis	-0.00539692537031	0.0306976798085	0.0327989806509	-0.0092181654717	-0.0103429597209	0.0109154185865	0.0195766811309	-0.024085570976	0.0859777177988	0.0313511380468	0.00789154820018	-0.012450024735	-0.0183872991585	-0.0728108551803	-0.0239660215084	-0.0340072413084	-0.0472599917025	-0.0813423464169	-0.0601448764372	-0.0512155569875	-0.00672723689346	0.0720109126905	-0.0515356929081	1.0	0.034576972667	-0.0352241413821	-0.0295454402733	-0.0508890028837	-0.0247611842793	-0.0435827928087	0.00775284984712	-0.025145594478	-0.0786325837041	-0.0351330460306	-0.0338782617327	-0.00910218609227	0.0544569530473	0.0096334349366	-0.0132807640296	0.0633439683663	-0.0697469236302	-0.0011735425874	-0.0495634577941	0.0444791015591	-0.0618987899332	0.0634084601668	-0.00086429697305	-0.0347407272971	-0.0172670049381	0.0300031638618	0.0309127570933	0.00441975068549	0.0501913617636	-0.0396995411726	-0.0474613729721	0.0215742072138	-0.0525991768012	-0.0378477673971	-0.0742155795201
k__Bacteria;p__Firmicutes;c__Clostridia;o__Clostridiales;f__Oscillospiraceae;g__Oscillibacter;s__Oscillibacter_sp._KLE_1745	0.0112875179599	0.0274614724613	-0.0486396518718	-0.0378965410089	0.0062914038874	-0.0700206568615	-0.0452257763463	-0.000448103429543	-0.0306034600368	-0.0728677998663	-0.0118342043267	-0.069206488107	0.0322009897556	0.0517590661155	-0.0454217219063	-0.0497780578273	0.0011148876844	-0.021242458421	0.0427915563393	-0.0351038200472	0.0150689239326	-0.0389896452506	0.0181621037454	0.034576972667	1.0	-0.0325301288747	0.01968389113	-0.0477684718428	-0.0238420202932	-0.00859506934753	-0.0320551686683	-0.0172865106291	-0.000369681799437	-0.0367946331331	0.00300312465269	0.0078576106037	-0.033061096468	-0.00851115962897	0.0150434181406	-0.00938410005864	-0.0471025818596	0.0376332097896	-0.0104754009407	0.0201681161642	-0.039296481956	0.0670722949312	-0.0117596066078	-0.0563962300897	0.0605752720036	-0.00437615491237	0.0863387969168	-0.00119299859655	-0.00759805245109	-0.0687737249152	-0.0527535390473	-0.00178643587732	-0.0133446168955	-0.033994948802	-0.0619403421883
k__Bacteria;p__Bacteroidetes;c__Bacteroidia;o__Bacteroidales;f__Bacteroidaceae;g__Bacteroides;s__Bacteroides_coprophilus	0.0240508993747	-0.103854422688	-0.030986535092	0.0101711027254	0.0116150182711	-0.041735623224	0.031448854099	-0.0301792867667	0.00973858977216	-0.0512905607526	-0.00660594870566	-0.0501821117677	-0.0210112988094	-0.0599959073646	-0.0133020025108	0.0573843260146	-0.0499905628516	0.0573434692784	0.021329920359	-0.0777599264414	0.0193746479746	-0.048242046407	-0.0291630702897	-0.0352241413821	-0.0325301288747	1.0	-0.00483962656478	-0.010697760313	0.0297656437905	0.000662017236198	0.0152920231744	0.0252532264098	0.0336235856574	0.00339281329911	0.0204175102854	-0.0151026745524	-0.0110975124664	-0.0321608666942	0.00252169918642	0.0162258047721	-0.0143508921	-0.0819187303199	-0.0125845965519	-0.0111301651301	0.0675924896211	0.0511787110714	-0.0189073040987	-0.0831771422795	0.0228330639704	-0.0674337065518	0.00422223234904	0.01642707479	-0.0237746545045	-0.00965526967388	0.0952960648665	-0.0439826060355	0.016639338431	0.0343516654934	-0.00644038873925
k__Bacteria;p__Firmicutes;c__Clostridia;o__Clostridiales;f__Lachnospiraceae;g__Roseburia;s__Roseburia_intestinalis	-0.00450614925097	-0.0342079671491	-0.0156543140326	0.010694364798	0.0079919717772	-0.0303232750181	0.00692622965897	-0.0235688861492	-0.0252833309454	0.00721290109818	0.00314609034905	-0.0373700873731	-0.0227699873423	0.0269520947797	0.0517242067477	-0.0385107476993	-0.0542164806683	-0.0701445384471	-0.0335650807943	-0.0277815130145	-0.00824385093706	-0.0321284708727	-0.0698243755478	-0.0295454402733	0.01968389113	-0.00483962656478	1.0	0.0245572505806	0.0346935449058	0.0287629373842	0.0140428599395	0.0139049918982	-0.0198380635385	0.0131043694139	-0.0160154839328	0.0316290865926	-0.0610153649239	0.0146171476714	-0.0757224684184	-0.00474587357311	-0.0301850275692	-0.047866722311	-0.0578505578748	-0.0189230920562	-0.0193194937821	0.0334216996015	0.0451818200058	-0.0274591327739	0.031536227446	-0.0187153775496	-0.0600355497707	-0.0482938695929	0.0265188640937	0.0604119452839	-0.0353684789553	-0.0291716276272	0.00971078592419	-0.0233058997295	0.0365752391023
k__Bacteria;p__Firmicutes;c__Clostridia;o__Clostridiales;f__Lachnospiraceae;g__Roseburia;s__Roseburia_hominis	-0.037223770489	-0.0228490607313	0.0746128484352	-0.00628297299607	0.0117004373745	-0.0424841630837	-0.0398699196725	0.00115556386426	-0.0433070579185	-0.00193336753947	-0.0274212112077	-0.0327788794739	-0.049965041268	0.00933502759962	-0.042698175968	0.0206504618016	0.051112041888	-0.0484987643799	0.0313606913237	-0.0698904125877	-0.022061227355	0.0149238939975	-0.0214930949563	-0.0508890028837	-0.0477684718428	-0.010697760313	0.0245572505806	1.0	0.0104259195006	0.000427931317029	0.0390155004218	-0.0223420955375	0.0121431070187	-0.00111115159847	-0.0442596431545	-0.0680802258785	0.000186615038434	-0.0296166142315	-0.061690320927	-0.0332848060497	0.00101906195963	0.0376225111064	-0.0150303464759	-0.0749305471795	-0.0463174493517	-0.0617156545897	-0.00290188109242	0.0118247888882	0.0189947701952	-0.0312837800802	0.0134926868793	0.0166604750561	0.0202418796386	0.0151786854896	-0.00758805063616	0.0601299573153	-0.000269377366448	0.0014514063236	0.0182603214626
k__Bacteria;p__Bacteroidetes;c__Bacteroidia;o__Bacteroidales;f__Porphyromonadaceae;g__Parabacteroides;s__Parabacteroides_johnsonii	-0.0355353315052	-0.0179660854254	-0.00665352556548	-0.0176775749668	-0.0157773601377	-0.0479868594116	-0.00335316679381	0.0314675461117	-0.0247493696696	0.0170213521747	0.00323054483254	0.00401739248648	-0.0554630841167	-0.0263599382619	-0.0106858608125	0.0219527764348	-0.0117067501908	-0.0280565419015	-0.0165157369117	-0.00616214759749	-0.00457739110221	-0.0240400101773	0.00364721095076	-0.0247611842793	-0.0238420202932	0.0297656437905	0.0346935449058	0.0104259195006	1.0	0.0246086025702	0.00101988126829	0.0717830774231	-0.0468419346186	0.0205306341334	-0.0250945255059	0.0724689153444	0.00451014878121	-0.0226862435898	-0.00300742737918	0.0023553973269	-0.011114371991	0.0140041235435	0.0157836938918	-0.0483483824023	-0.00447698532036	0.0172219503424	-0.0351146256031	0.00011600327741	0.0251532532488	0.0139563430244	-0.015795093501	-0.0740449499054	-0.0721074726245	0.0189709635795	-0.00994473517122	0.0289065640066	0.0381745238095	-0.00909838003113	-0.0162195635611
k__Bacteria;p__Actinobacteria;c__Actinobacteria;o__Bifidobacteriales;f__Bifidobacteriaceae;g__Bifidobacterium;s__Bifidobacterium_longum	0.00289064669527	-0.101848193194	-0.0199081402798	0.072766209947	0.000842903488508	-0.0223289689051	0.0397580195725	-0.0106213175311	-0.0262860833501	-0.0157510353106	-0.0173344655376	-0.085273338884	0.015044199465	-0.0755747849535	-0.0233349128761	0.0299289458077	0.0104285690361	0.0271833194634	0.0851766713369	-0.0145906855783	0.0224943705463	0.0277555016416	1.05319460342e-05	-0.0435827928087	-0.00859506934753	0.000662017236198	0.0287629373842	0.000427931317029	0.0246086025702	1.0	0.0114238182433	-0.032107993064	0.0501344696404	-0.0143032446343	-0.00669299890147	0.00387798187535	-0.035595189068	-0.0445066813518	-0.0653556856269	0.0113506699692	0.016499950596	-0.0610407077161	0.0581852424167	-0.0521984284603	-0.015510371995	0.0486702357807	-0.0685650365574	0.00857317246684	0.0168648507418	0.0416636702912	0.00830093897713	0.0371673132454	-0.0125609712999	-0.0102735154961	-0.0213361546264	-0.0494024288282	-0.0310951616865	0.00515602457559	0.00768006709098
