#taxonomy	k__Bacteria;p__Bacteroidetes;c__Bacteroidia;o__Bacteroidales;f__Bacteroidaceae;g__Bacteroides;s__Bacteroides_vulgatus	k__Bacteria;p__Bacteroidetes;c__Bacteroidia;o__Bacteroidales;f__Bacteroidaceae;g__Bacteroides;s__Bacteroides_uniformis	k__Bacteria;p__Bacteroidetes;c__Bacteroidia;o__Bacteroidales;f__Rikenellaceae;g__Alistipes;s__Alistipes_putredinis	k__Bacteria;p__Bacteroidetes;c__Bacteroidia;o__Bacteroidales;f__Prevotellaceae;g__Prevotella;s__Prevotella_copri	k__Bacteria;p__Bacteroidetes;c__Bacteroidia;o__Bacteroidales;f__Bacteroidaceae;g__Bacteroides;s__Bacteroides_stercoris	k__Bacteria;p__Bacteroidetes;c__Bacteroidia;o__Bacteroidales;f__Bacteroidaceae;g__Bacteroides;s__Bacteroides_ovatus	k__Bacteria;p__Bacteroidetes;c__Bacteroidia;o__Bacteroidales;f__Rikenellaceae;g__Alistipes;s__Alistipes_shahii	k__Bacteria;p__Firmicutes;c__Clostridia;o__Clostridiales;f__Ruminococcaceae;g__Faecalibacterium;s__Faecalibacterium_prausnitzii	k__Bacteria;p__Bacteroidetes;c__Bacteroidia;o__Bacteroidales;f__Rikenellaceae;g__Alistipes;s__Alistipes_finegoldii	k__Bacteria;p__Bacteroidetes;c__Bacteroidia;o__Bacteroidales;f__Porphyromonadaceae;g__Parabacteroides;s__Parabacteroides_distasonis	k__Bacteria;p__Bacteroidetes;c__Bacteroidia;o__Bacteroidales;f__Bacteroidaceae;g__Bacteroides;s__Bacteroides_thetaiotaomicron	k__Bacteria;p__Bacteroidetes;c__Bacteroidia;o__Bacteroidales;f__Bacteroidaceae;g__Bacteroides;s__Bacteroides_coprocola	k__Bacteria;p__Bacteroidetes;c__Bacteroidia;o__Bacteroidales;f__Bacteroidaceae;g__Bacteroides;s__Bacteroides_cellulosilyticus	k__Bacteria;p__Bacteroidetes;c__Bacteroidia;o__Bacteroidales;f__Rikenellaceae;g__Alistipes;s__Alistipes_obesi	k__Bacteria;p__Firmicutes;c__Clostridia;o__Clostridiales;f__Lachnospiraceae;g__;s__[Eubacterium]_rectale	k__Bacteria;p__Bacteroidetes;c__Bacteroidia;o__Bacteroidales;f__Bacteroidaceae;g__Bacteroides;s__Bacteroides_plebeius	k__Bacteria;p__Bacteroidetes;c__Bacteroidia;o__Bacteroidales;f__Bacteroidaceae;g__Bacteroides;s__Bacteroides_fragilis	k__Bacteria;p__Proteobacteria;c__Betaproteobacteria;o__Burkholderiales;f__Sutterellaceae;g__Sutterella;s__Sutterella_wadsworthensis	k__Bacteria;p__Bacteroidetes;c__Bacteroidia;o__Bacteroidales;f__Porphyromonadaceae;g__Barnesiella;s__Barnesiella_intestinihominis	k__Bacteria;p__Bacteroidetes;c__Bacteroidia;o__Bacteroidales;f__Odoribacteraceae;g__Odoribacter;s__Odoribacter_splanchnicus	k__Bacteria;p__Bacteroidetes;c__Bacteroidia;o__Bacteroidales;f__Bacteroidaceae;g__Bacteroides;s__Bacteroides_salyersiae	k__Bacteria;p__Firmicutes;c__Clostridia;o__Clostridiales;f__Ruminococcaceae;g__Ruminiclostridium;s__[Eubacterium]_siraeum	k__Bacteria;p__Proteobacteria;c__Betaproteobacteria;o__Burkholderiales;f__Sutterellaceae;g__Parasutterella;s__Parasutterella_excrementihominis	k__Bacteria;p__Actinobacteria;c__Actinobacteria;o__Bifidobacteriales;f__Bifidobacteriaceae;g__Bifidobacterium;s__Bifidobacterium_adolescentis	k__Bacteria;p__Firmicutes;c__Clostridia;o__Clostridiales;f__Oscillospiraceae;g__Oscillibacter;s__Oscillibacter_sp._KLE_1745	k__Bacteria;p__Bacteroidetes;c__Bacteroidia;o__Bacteroidales;f__Bacteroidaceae;g__Bacteroides;s__Bacteroides_coprophilus	k__Bacteria;p__Firmicutes;c__Clostridia;o__Clostridiales;f__Lachnospiraceae;g__Roseburia;s__Roseburia_intestinalis	k__Bacteria;p__Firmicutes;c__Clostridia;o__Clostridiales;f__Lachnospiraceae;g__Roseburia;s__Roseburia_hominis	k__Bacteria;p__Bacteroidetes;c__Bacteroidia;o__Bacteroidales;f__Porphyromonadaceae;g__Parabacteroides;s__Parabacteroides_johnsonii	k__Bacteria;p__Actinobacteria;c__Actinobacteria;o__Bifidobacteriales;f__Bifidobacteriaceae;g__Bifidobacterium;s__Bifidobacterium_longum	k__Bacteria;p__Firmicutes;c__Clostridia;o__Clostridiales;f__;g__Flavonifractor;s__Flavonifractor_plautii	k__Bacteria;p__Firmicutes;c__Clostridia;o__Clostridiales;f__Clostridiaceae;g__Clostridium;s__Clostridium_phoceensis	k__Bacteria;p__Verrucomicrobia;c__Verrucomicrobiae;o__Verrucomicrobiales;f__Akkermansiaceae;g__Akkermansia;s__Akkermansia_muciniphila	k__Bacteria;p__Bacteroidetes;c__Bacteroidia;o__Bacteroidales;f__Prevotellaceae;g__Paraprevotella;s__Paraprevotella_xylaniphila	k__Bacteria;p__Firmicutes;c__Clostridia;o__Clostridiales;f__Ruminococcaceae;g__Ruminococcus;s__Ruminococcus_callidus	k__Bacteria;p__Bacteroidetes;c__Bacteroidia;o__Bacteroidales;f__Rikenellaceae;g__Alistipes;s__Alistipes_senegalensis	k__Bacteria;p__Firmicutes;c__Clostridia;o__Clostridiales;f__Lachnospiraceae;g__Blautia;s__Blautia_sp._KLE_1732	k__Bacteria;p__Bacteroidetes;c__Bacteroidia;o__Bacteroidales;f__Bacteroidaceae;g__Bacteroides;s__Bacteroides_oleiciplenus	k__Bacteria;p__Firmicutes;c__Clostridia;o__Clostridiales;f__Ruminococcaceae;g__Ruminococcus;s__Ruminococcus_bicirculans	k__Bacteria;p__Bacteroidetes;c__Bacteroidia;o__Bacteroidales;f__Bacteroidaceae;g__Bacteroides;s__Bacteroides_fluxus	k__Bacteria;p__Bacteroidetes;c__Bacteroidia;o__Bacteroidales;f__Prevotellaceae;g__Prevotella;s__Prevotella_stercorea	k__Bacteria;p__Firmicutes;c__Clostridia;o__Clostridiales;f__Lachnospiraceae;g__Dorea;s__Dorea_longicatena	k__Bacteria;p__Firmicutes;c__Clostridia;o__Clostridiales;f__Eubacteriaceae;g__Eubacterium;s__[Eubacterium]_eligens	k__Bacteria;p__Firmicutes;c__Clostridia;o__Clostridiales;f__Ruminococcaceae;g__;s__Ruminococcaceae_bacterium_D16	k__Bacteria;p__Firmicutes;c__Clostridia;o__Clostridiales;f__Lachnospiraceae;g__Coprococcus;s__Coprococcus_comes	k__Bacteria;p__Proteobacteria;c__Gammaproteobacteria;o__Enterobacterales;f__Enterobacteriaceae;g__Escherichia;s__Escherichia_coli	k__Bacteria;p__Firmicutes;c__Clostridia;o__Clostridiales;f__Ruminococcaceae;g__Anaerotruncus;s__Anaerotruncus_colihominis	k__Bacteria;p__Firmicutes;c__Clostridia;o__Clostridiales;f__Lachnospiraceae;g__Blautia;s__Blautia_obeum	k__Bacteria;p__Bacteroidetes;c__Bacteroidia;o__Bacteroidales;f__Odoribacteraceae;g__Odoribacter;s__Odoribacter_laneus	k__Bacteria;p__Firmicutes;c__Clostridia;o__Clostridiales;f__Ruminococcaceae;g__Ruminiclostridium;s__[Clostridium]_leptum	k__Bacteria;p__Bacteroidetes;c__Bacteroidia;o__Bacteroidales;f__Porphyromonadaceae;g__Parabacteroides;s__Parabacteroides_goldsteinii	k__Bacteria;p__Firmicutes;c__Clostridia;o__Clostridiales;f__Lachnospiraceae;g__Anaerostipes;s__Anaerostipes_hadrus	k__Bacteria;p__Firmicutes;c__Clostridia;o__Clostridiales;f__Ruminococcaceae;g__Ruminococcus;s__Ruminococcus_lactaris	k__Bacteria;p__Firmicutes;c__Clostridia;o__Clostridiales;f__Clostridiaceae;g__Clostridium;s__Clostridium_sp._L2-50	k__Bacteria;p__Firmicutes;c__Clostridia;o__Clostridiales;f__Clostridiaceae;g__Clostridium;s__Clostridium_sp._M62/1	k__Bacteria;p__Firmicutes;c__Clostridia;o__Clostridiales;f__;g__Intestinimonas;s__Intestinimonas_butyriciproducens	k__Bacteria;p__Actinobacteria;c__Actinobacteria;o__Bifidobacteriales;f__Bifidobacteriaceae;g__Bifidobacterium;s__Bifidobacterium_bifidum	k__Bacteria;p__Firmicutes;c__Negativicutes;o__Veillonellales;f__Veillonellaceae;g__Dialister;s__Dialister_invisus	k__Bacteria;p__Bacteroidetes;c__Bacteroidia;o__Bacteroidales;f__Bacteroidaceae;g__Bacteroides;s__Bacteroides_salanitronis
k__Bacteria;p__Bacteroidetes;c__Bacteroidia;o__Bacteroidales;f__Bacteroidaceae;g__Bacteroides;s__Bacteroides_vulgatus	1.0	-0.0147042645326	-0.0141930904723	0.00581712972068	-0.0173561494235	0.0228702747373	0.044433863235	-0.0364966363866	0.0246374111576	-0.0459645559968	0.0153794651105	-0.0255138256562	0.0294866894017	0.0201844197807	0.00673154697455	-0.0472437330785	-0.0341001537545	-0.0159269980373	-0.0349845221685	0.017616849897	-0.058819645738	-0.05288766764	-0.0152937733745	-0.0233653527013	-0.0906934837077	-0.0183857863051	0.0136788555329	-0.0155293990328	0.0264118546599	-0.0470414521209	0.0617260969132	-0.0195972228064	0.00193317304493	0.00142813086635	0.00498466348949	-0.0321063450776	0.0370910702191	0.00977965251701	-0.0179864186052	-0.0058374510199	0.0298261723068	-0.0268004053254	-0.0112936171742	-0.0247715330347	-0.0338859794554	-0.0737290930666	0.0431551011486	-0.0294747917119	0.0152291828488	-0.0114159125936	-0.0306162175353	-0.0301779935211	-0.0266128514234	0.00245918175571	0.0331169036064	0.0145725140699	-0.0313560814185	0.0341319293216	-0.0274605955073
k__Bacteria;p__Bacteroidetes;c__Bacteroidia;o__Bacteroidales;f__Bacteroidaceae;g__Bacteroides;s__Bacteroides_uniformis	-0.0147042645326	1.0	0.033938204976	0.00463996731109	-0.0282221770025	0.0294268254588	0.0869932009657	0.0129738820101	0.017630634029	0.0180029148358	-0.00489205848259	-0.0426208603822	-0.028074606928	-0.0320671168018	0.0383400112823	-0.0409247646081	-0.0483084917271	-0.0350768186012	-0.0337865604291	0.0228275876346	0.0120905744246	0.0429187191558	-0.00672312503648	0.0217083039655	-0.0345073695447	0.047968467192	-0.0663857101956	0.00684958352797	0.00498134145796	-0.0200507672251	-0.0406944932166	-0.0608647194622	0.00429227718886	-0.0555427747241	0.000743576496993	0.0538387817573	0.0138684030394	-0.0506146839793	0.00945913492484	0.0065097783044	-0.0348125646523	-0.0516484616737	0.033517377218	0.0127144734173	-0.0186802504371	0.0672691639757	-0.0630720351185	-0.02597257577	-0.0385548251435	-0.0178280482764	0.0547165564862	-0.0348735639275	-0.0252712547938	-0.0518087792034	0.0389899165833	-0.0377608183346	-0.0265140408908	-0.0459415034956	-0.0571519425498
k__Bacteria;p__Bacteroidetes;c__Bacteroidia;o__Bacteroidales;f__Rikenellaceae;g__Alistipes;s__Alistipes_putredinis	-0.0141930904723	0.033938204976	1.0	-0.0141492618478	-0.0074632229342	-0.082815438459	-0.0380356244728	-0.0543135894143	0.0174033565096	0.00966950566778	-0.0320950554057	0.0134308889549	-0.00238221760601	0.0317018446213	-0.0196623917119	0.00150210159913	-0.00635633410922	-0.00158286815111	0.0140929561374	-0.00732719195404	0.0092091083891	0.00437989728504	0.0368915830152	0.0208174366483	-0.024455584942	-0.000608981460445	0.0446813136565	-0.0386042555194	0.0719656968053	-0.0562633321633	0.0175929754461	0.0160973424699	-0.0417492513368	-0.00449600011359	-0.0385191050455	-0.00335925462813	-0.0711379619602	-0.0657177764557	-0.0793044418011	-0.0609630051168	-0.0464230958357	-0.01190477098	-0.0165523082534	-0.0600517984924	-0.00681344565423	-0.0234802596562	-0.102447653132	-0.00653344591424	0.0232670510236	0.0146423259234	0.00232953014002	0.0358134702901	0.0339387987699	-0.0197391964558	0.000492615955397	0.0109317250128	-0.0284012246971	-0.0171364504867	0.0136162423767
k__Bacteria;p__Bacteroidetes;c__Bacteroidia;o__Bacteroidales;f__Prevotellaceae;g__Prevotella;s__Prevotella_copri	0.00581712972068	0.00463996731109	-0.0141492618478	1.0	-0.0388360259965	-0.0284740149145	0.0477368135146	0.0169815577972	-0.00235826951248	-0.0193923247878	-0.010326968667	0.00318446008637	-0.0393497554636	-0.00854013539398	-0.0427852653441	-0.0127247621782	-0.0399501929473	0.0654257786384	-0.0536299814314	-0.0535811252798	0.0109504342599	-0.0127080062978	0.0784213762415	0.0190956297328	-0.0209395374025	0.025136421087	-0.0597283151063	-0.102599930911	0.000722850767429	-0.00208385240802	-0.0317801101494	0.0533383849674	0.0145536060751	0.0356181058928	-0.0175233540267	-0.0750619243347	-0.00391004925904	0.0181049361702	-0.00122133383164	-0.0542898241997	0.0202961811002	-0.0149058071037	-0.0153414937734	-0.0654971969328	-0.0186438877562	-0.0152012453235	0.0291848543311	0.0013478780837	-0.0301564657026	-0.00561905431797	-0.0548075690258	-0.043799803383	0.0435764892489	0.0155463108932	-0.0166628115321	0.0336474082763	-0.0173932784874	-0.016489501646	-0.0582879256782
k__Bacteria;p__Bacteroidetes;c__Bacteroidia;o__Bacteroidales;f__Bacteroidaceae;g__Bacteroides;s__Bacteroides_stercoris	-0.0173561494235	-0.0282221770025	-0.0074632229342	-0.0388360259965	1.0	-0.00804976699801	0.0314242729957	-0.0415840645318	-0.0414355413732	0.0106487321883	-0.0326993416857	-0.00191042798724	0.0454006164407	-0.0136542218391	0.0281189478268	-0.0139691745681	0.0317416312658	0.00214988781462	0.0314622292261	0.0345829662305	0.00503769698828	-0.0665321780666	-0.0491195416553	-0.0557542721252	-0.0183399739702	0.025099349564	0.0141859404312	0.0370031274957	-0.0182118499542	0.031050711322	-0.0218063479849	-0.0200250625589	-0.0188546526521	0.0529147861247	-0.0395181890551	-0.0726933470065	-0.0593872413101	0.035128495143	-0.0378226200187	0.051220289576	-0.0360424353842	-0.0612909604373	0.00816661376992	-0.0616862252799	-0.0647965182525	-0.000564711844421	-0.0450120672579	-0.0119826933301	-0.0512156736281	0.0201023390321	-0.0463900100373	-0.0531858447327	-0.00810882939675	0.0360520957054	0.0353533472131	0.000783936278611	-0.0196853034299	-0.0166269856508	0.042405655711
k__Bacteria;p__Bacteroidetes;c__Bacteroidia;o__Bacteroidales;f__Bacteroidaceae;g__Bacteroides;s__Bacteroides_ovatus	0.0228702747373	0.0294268254588	-0.082815438459	-0.0284740149145	-0.00804976699801	1.0	-0.0414748293111	0.0108257426884	-0.0774649840677	0.00559626907504	-0.0166334617855	0.00628251026847	0.00302413399296	0.00483921035318	0.0311291520457	-0.0410763389569	0.0287343959015	0.00728108000453	0.0255590182695	0.0139943458159	-0.00850763926499	-0.00568961754473	0.00348605291059	-0.00968978983091	0.0209664851889	-0.0407361386473	0.0214130251874	0.0183384972309	0.00210644286302	0.0134813893832	-0.0607072557037	0.0542586340187	0.0161700904567	0.0133115261855	-0.00329120643723	-0.0527285594603	-0.0292680800968	0.0386780597448	0.0358292424614	-0.0843832765062	-0.0237787376316	-0.0167585239068	-0.0491481055134	-0.0773724887994	-0.00556288930986	-0.0112481016993	0.052696149752	-0.046449380621	0.0384019876274	0.012784646147	-0.0103159718493	0.0329345132948	0.0295828638355	0.00388883715774	-0.0348781739889	-0.0325937584856	0.0182916651537	-0.0350913490242	0.0180885606382
k__Bacteria;p__Bacteroidetes;c__Bacteroidia;o__Bacteroidales;f__Rikenellaceae;g__Alistipes;s__Alistipes_shahii	0.044433863235	0.0869932009657	-0.0380356244728	0.0477368135146	0.0314242729957	-0.0414748293111	1.0	0.0411461437734	-0.00172602888339	-0.0176249200881	0.0727988723428	0.00171214907192	-0.0350058625204	0.0133060458761	-0.0740910234495	-0.0990734313693	0.0484876731616	0.0986706511492	-0.074072033405	-0.022998175036	-0.0105513701058	0.00773315327973	-0.00523122784588	-0.0719332436226	-0.045204656343	-0.0141022573346	0.023692919769	-0.079038678811	-0.0327367310584	-0.0392897811719	0.0464083280635	0.011715199559	-0.0103121291664	-0.0221349524555	-0.0682926460335	-0.002510437176	0.0100944205298	0.0421013985994	0.0361148761396	0.00787881605305	-0.00269602983878	-0.00789104664824	0.0133280098668	-0.0262213336847	-0.044943733487	-0.0115827800721	-0.0129986291237	-0.0571451815816	0.047938676699	-0.0119605442885	0.0252949592876	-0.0246991230605	0.00753651526218	-0.0197713743162	0.0200950649441	-0.0888207732139	-0.0323343540029	-0.0481857884015	-0.0136768665238
k__Bacteria;p__Firmicutes;c__Clostridia;o__Clostridiales;f__Ruminococcaceae;g__Faecalibacterium;s__Faecalibacterium_prausnitzii	-0.0364966363866	0.0129738820101	-0.0543135894143	0.0169815577972	-0.0415840645318	0.0108257426884	0.0411461437734	1.0	0.022879960065	0.0155825043737	0.012695011256	-0.0648654890895	-0.00855872029329	-0.0553068294401	-0.0383874841193	-0.0345909842438	0.0298989272544	0.0051920226365	-0.074275113411	-0.0652758046466	-0.00153126730637	-0.0107075542025	-0.0234323981329	-0.00128100666735	-0.0218771241606	-0.022622164638	0.0396203949163	0.00350972492033	-0.0505289237987	0.0547333472859	0.0246722149379	-0.00829590928539	-0.0376791540058	-0.0109844846564	-0.0615308010524	-0.0174131522262	0.021011695035	-0.0173626566146	0.0244563413866	0.00273823073582	0.0173018028246	0.00750311135106	0.0606941866607	0.0155855384727	0.0839260878916	0.00509020484173	-0.0126269525969	-0.0175292279904	0.0193811217823	0.0139775901855	-0.0211758537062	0.0478554746609	-0.0072805732972	-0.00439634308494	-0.0472215166156	-0.0146068316274	-0.0716661875433	-0.0387744562018	-0.0434471520532
k__Bacteria;p__Bacteroidetes;c__Bacteroidia;o__Bacteroidales;f__Rikenellaceae;g__Alistipes;s__Alistipes_finegoldii	0.0246374111576	0.017630634029	0.0174033565096	-0.00235826951248	-0.0414355413732	-0.0774649840677	-0.00172602888339	0.022879960065	1.0	-0.0856260058612	0.103342487553	-0.0226759099332	-0.0041994874702	0.000579528845464	-0.0648083240931	0.0152744700612	0.0054287260773	-0.0265496778684	-0.0607513100767	-0.0101752049842	-0.0624385581538	0.00295705255251	-0.0287161470172	-0.0359842609147	0.0093788777746	0.00547758730561	0.0123425627523	0.0379994886774	0.0545723622417	0.0800400736152	0.0205726897643	-0.0349896135293	-0.0172383802033	-0.0220447066791	0.0225520438487	-0.0272634092265	0.0620995568343	0.011030625676	0.0229904830968	-0.00889454869695	-0.0533168125143	-0.0365613335912	-0.0241545635869	-0.0420573388084	0.0327133383625	-0.0104252671915	-0.0316716430921	0.00595143960912	-0.0297271188477	-0.0257845910056	-0.0783761171815	-0.0439278804175	-0.0433873987033	-0.0150039318379	-0.0216393630346	-0.0765060578804	-0.104422699753	-0.0174654734162	-0.0428985218285
k__Bacteria;p__Bacteroidetes;c__Bacteroidia;o__Bacteroidales;f__Porphyromonadaceae;g__Parabacteroides;s__Parabacteroides_distasonis	-0.0459645559968	0.0180029148358	0.00966950566778	-0.0193923247878	0.0106487321883	0.00559626907504	-0.0176249200881	0.0155825043737	-0.0856260058612	1.0	-0.0333539720111	0.0343064042719	-0.0435418864051	0.0289447179227	-0.0173081291339	0.0107708815735	-0.0311202704273	-0.0781971778897	-0.0292849267732	-0.0111431608207	0.00431740465687	0.011291091218	-0.0216917366503	-0.0165357257175	-0.042585466248	-0.0452695791692	-0.0277160786673	-0.048090583896	-0.0117782463677	0.00686928024614	0.00142699406104	0.0053731640249	0.0461222777062	-0.0456350442837	0.000111435154164	0.0314807992546	0.0361368052479	-0.0157132366766	0.0107500525959	0.0530793150889	0.00665514606894	-0.0205695313139	0.0095961534861	0.00860995317939	-0.0935748500527	0.0722314200139	0.0485768540958	-0.0557847805528	-0.00181199947537	0.0539154707462	0.0898455573995	0.0084861554043	-0.0248399690792	-0.0181785357102	-0.0275750806711	0.00798710538859	-0.0436062254811	-0.000591303118981	-0.00577668993029
k__Bacteria;p__Bacteroidetes;c__Bacteroidia;o__Bacteroidales;f__Bacteroidaceae;g__Bacteroides;s__Bacteroides_thetaiotaomicron	0.0153794651105	-0.00489205848259	-0.0320950554057	-0.010326968667	-0.0326993416857	-0.0166334617855	0.0727988723428	0.012695011256	0.103342487553	-0.0333539720111	1.0	-0.0469094751941	0.0265937715895	-0.0192721588464	-0.0439814201785	0.0414832463102	-0.049392114627	0.0203782430015	-0.00699734984241	-0.0724741840694	-0.012059142255	-0.0190361988854	0.0132248115492	-0.0228401355691	-0.0217321895749	0.0589217784782	-0.00587288607191	0.0373461493086	-0.0661550760552	-0.0488788174005	-0.0368306517313	0.0211235089655	-0.046008530535	-0.0436421437694	-0.0329206814883	-0.00700471088416	-0.00614664801106	0.0545630442988	0.0129348726146	-0.0210851659874	0.0451219808816	0.0295452705366	-0.0629837382466	-0.0529335170095	0.00177049110845	-0.0453261234118	-0.0150105487915	-0.00245090592193	-0.0879183353176	-0.00311746883758	-0.0373509967509	-0.0123984523137	0.009544730967	0.020798800776	-0.0395859992992	-0.0507316258151	-0.0571401959731	-0.0209157425645	-0.0333171403046
k__Bacteria;p__Bacteroidetes;c__Bacteroidia;o__Bacteroidales;f__Bacteroidaceae;g__Bacteroides;s__Bacteroides_coprocola	-0.0255138256562	-0.0426208603822	0.0134308889549	0.00318446008637	-0.00191042798724	0.00628251026847	0.00171214907192	-0.0648654890895	-0.0226759099332	0.0343064042719	-0.0469094751941	1.0	-0.0495444807927	0.0491933730762	0.0227463907168	0.0273382428805	-0.0136648087826	-0.0270922585201	0.0194945334251	0.00502296322938	-0.0427000913215	-0.021146318494	0.0556770639221	0.0213547145419	-0.0830459722052	0.00440098458706	-0.0547365959166	-0.00319637837783	-0.0151358663021	0.000961311453525	-0.0202220564533	-0.0221649509104	0.0946129202816	0.00545869247371	-0.0350946326316	-0.0618145941256	-0.0203716221294	-0.016361450558	-0.0358017257127	0.085536352764	-0.0436024493573	-0.00237892406261	0.0374474421974	-0.0242114918824	-0.0322754487811	-0.0632095829007	0.0179492322117	-0.00112132243183	0.0423402918604	-0.0267657145595	-0.0789540969217	0.0193948665857	-0.0352232104104	0.00521899086667	-0.0313920371933	0.0139071594639	-0.0388903473975	-0.0157921931106	7.968236565e-05
k__Bacteria;p__Bacteroidetes;c__Bacteroidia;o__Bacteroidales;f__Bacteroidaceae;g__Bacteroides;s__Bacteroides_cellulosilyticus	0.0294866894017	-0.028074606928	-0.00238221760601	-0.0393497554636	0.0454006164407	0.00302413399296	-0.0350058625204	-0.00855872029329	-0.0041994874702	-0.0435418864051	0.0265937715895	-0.0495444807927	1.0	-0.0644835636551	0.0081343423357	-0.0220761152707	-0.0120511578057	-0.0523057073367	0.0295650017373	0.0801115114558	-0.0272954699306	0.0234263208183	-0.0206203236228	-0.0384866003428	-0.00183354991489	0.0273652107075	0.030152792125	-0.0109607092149	-0.0296187747871	-0.0156390294441	-0.00818363239541	0.00945586045743	-0.0630368864675	0.00964120279708	0.00817410663876	0.0217440722481	0.0212045647763	0.0579083908897	-0.033449660649	-0.0238043393946	0.00688808391395	-0.0254449247987	0.0282733390483	-0.0269119750021	-0.0679516985442	0.00719245143903	-0.0283898055741	-0.0459355494661	-0.0597946660725	0.0357263080609	-0.0185255218444	-0.0152172108374	0.0102756137759	0.0344447432498	-0.0508762963395	-0.0485178828503	0.00313962688202	-0.0368829492495	0.0146913035151
k__Bacteria;p__Bacteroidetes;c__Bacteroidia;o__Bacteroidales;f__Rikenellaceae;g__Alistipes;s__Alistipes_obesi	0.0201844197807	-0.0320671168018	0.0317018446213	-0.00854013539398	-0.0136542218391	0.00483921035318	0.0133060458761	-0.0553068294401	0.000579528845465	0.0289447179227	-0.0192721588464	0.0491933730762	-0.0644835636551	1.0	0.00110771706358	-0.00507991152122	0.0236838141101	0.0332808731545	-0.0203897280379	-0.0207576791738	-0.00726204020434	-0.0359268155308	-0.0753376788742	-0.00649681541743	0.0286214259533	0.0117812067179	-0.0594808538265	0.0127185871651	-0.0520890996088	-0.0158151638851	0.0158735311656	-0.0634625467877	-0.0235145549732	-0.00934990878868	0.0455182682812	-0.0119003739937	-0.0414817029262	0.0209145378334	0.0112043727005	-0.0406221486673	0.076793201191	-0.0378272816929	0.0133520070478	0.0205663705526	-0.0478592566214	-0.0404464858741	0.085278071397	-0.0681972481661	0.00212111944863	-0.00284376399751	0.0403598834723	-0.014200394388	-0.0341696655356	-0.0508929747418	-0.059536581403	-0.0120010087779	0.0526211809867	0.0198965293294	0.00809595859193
k__Bacteria;p__Firmicutes;c__Clostridia;o__Clostridiales;f__Lachnospiraceae;g__;s__[Eubacterium]_rectale	0.00673154697455	0.0383400112823	-0.0196623917119	-0.0427852653441	0.0281189478268	0.0311291520457	-0.0740910234495	-0.0383874841193	-0.0648083240931	-0.0173081291339	-0.0439814201785	0.0227463907168	0.0081343423357	0.00110771706358	1.0	-0.0194004310405	0.0127027053317	-0.0130203415527	-0.00623481231906	0.0135315470205	-0.000292686921295	-0.00657444260895	-0.0176272710108	0.0119217272908	0.0239930895529	-0.050913735295	0.0540492241433	0.0694112340688	-0.00952543121521	0.0440658055049	0.0115854663651	-0.0195632209503	-0.0225509520229	-0.0473779769392	-0.0154451958131	-0.0197859745881	-0.00613381342252	-0.0446655649046	0.0360709651428	-0.0466308277082	-0.0060349794202	0.014811484411	-0.012139020424	0.0469533841172	0.00096675576926	-0.0603228144742	-0.0361808463772	-0.0181912556906	0.0219305736362	-0.0454211602265	-0.00306415310068	-0.0144430579864	-0.000120691001393	-0.0278772060549	-0.042885705197	-0.025998024411	0.0319581250608	-0.0421426795414	0.010668074526
k__Bacteria;p__Bacteroidetes;c__Bacteroidia;o__Bacteroidales;f__Bacteroidaceae;g__Bacteroides;s__Bacteroides_plebeius	-0.0472437330785	-0.0409247646081	0.00150210159913	-0.0127247621782	-0.0139691745681	-0.0410763389569	-0.0990734313693	-0.0345909842438	0.0152744700612	0.0107708815735	0.0414832463102	0.0273382428805	-0.0220761152707	-0.00507991152122	-0.0194004310405	1.0	-0.0149382286852	0.00860199920757	-0.0231490649132	-0.0293355817672	-0.0474818269377	-0.0447893186559	-0.00961291321577	-0.0522988223776	0.0521365439975	-0.0184629523831	0.00125782460713	0.0340659255094	-0.0358265815378	-0.0288194388143	-0.00947161989806	0.0224113429917	-0.00853788238171	-0.00928496795364	0.0218217931053	0.00140405772805	-0.020221693395	0.0143969267127	0.0195850259469	0.0171958460513	-0.0735154158393	-0.000213891337482	0.0179452656743	0.00282764691251	-0.00569293583072	-0.0437614628352	0.00402956295565	-0.0101794339324	-0.0615684250289	-0.069856243765	-0.0112003500682	-0.031639856914	0.0105465980808	-0.0222417576602	-0.0154119028015	0.0493814788742	0.0067897513408	-0.0308877084403	0.0783609042312
k__Bacteria;p__Bacteroidetes;c__Bacteroidia;o__Bacteroidales;f__Bacteroidaceae;g__Bacteroides;s__Bacteroides_fragilis	-0.0341001537545	-0.0483084917271	-0.00635633410922	-0.0399501929473	0.0317416312658	0.0287343959015	0.0484876731616	0.0298989272544	0.0054287260773	-0.0311202704273	-0.049392114627	-0.0136648087826	-0.0120511578057	0.0236838141101	0.0127027053317	-0.0149382286852	1.0	-0.0504020436877	-0.0379903605255	0.0284010402596	0.0701564102318	0.00486765295882	-0.0764016900685	0.0241654541694	-0.0623903888163	-0.0258544798698	-0.0539542559665	-0.0637311214925	-0.0273398200442	0.0396518667242	0.0216894178766	-0.0263822691475	-0.0752311170838	-0.0422808639158	-0.0147488752269	0.0475011618036	-0.00768169715155	-0.00369282037877	-0.0731698674778	0.00213995511087	-0.042135225398	-0.01297664391	-0.0157899980744	0.0253858616068	-0.0495294920371	0.013741960056	-0.0295802593234	-0.023811366581	0.050596122041	0.00920578542128	-0.000417362578417	-0.067525302825	-0.0475819627582	0.00196132179261	0.0552937513011	0.0370931099315	-0.0305931733275	0.0108000062886	0.0575183745758
k__Bacteria;p__Proteobacteria;c__Betaproteobacteria;o__Burkholderiales;f__Sutterellaceae;g__Sutterella;s__Sutterella_wadsworthensis	-0.0159269980373	-0.0350768186012	-0.00158286815111	0.0654257786384	0.00214988781462	0.00728108000453	0.0986706511492	0.0051920226365	-0.0265496778684	-0.0781971778897	0.0203782430015	-0.0270922585201	-0.0523057073367	0.0332808731545	-0.0130203415527	0.00860199920757	-0.0504020436877	1.0	0.0135648591758	0.0370837784833	0.0245364511851	-0.0106430123078	0.0314260868648	-0.0534378676937	-0.0850869041903	0.0013712669586	0.0192414355506	-0.0225471286475	0.013045989494	-0.0109785820445	-0.0541854789245	-0.025647635822	-0.0466808432545	-0.0268642437831	-0.000619452641802	0.0579986255435	0.0328325486853	-0.023043470969	-0.035658147123	-0.0658196522801	-0.0425819879557	-0.0215582540636	0.0250762783021	0.0325291412703	-0.0518813830641	0.0285023392333	-0.0604319094157	0.0232154778559	-0.00696651137757	0.0053742454154	0.0393050218404	-0.0753462021337	0.00635302893885	-0.0227960981228	-0.0883686481279	-0.0870903977715	-0.00600672478951	-0.0272488461931	0.0172951871709
k__Bacteria;p__Bacteroidetes;c__Bacteroidia;o__Bacteroidales;f__Porphyromonadaceae;g__Barnesiella;s__Barnesiella_intestinihominis	-0.0349845221685	-0.0337865604291	0.0140929561374	-0.0536299814314	0.0314622292261	0.0255590182695	-0.074072033405	-0.074275113411	-0.0607513100767	-0.0292849267732	-0.00699734984241	0.0194945334251	0.0295650017373	-0.0203897280379	-0.00623481231906	-0.0231490649132	-0.0379903605255	0.0135648591758	1.0	0.0441068287533	-0.0352367814405	0.00440623821974	-0.0205615160478	-0.0903085995307	-0.0223089376303	-0.0179278036277	-0.0673866736905	0.0151098641575	-0.037358099204	0.00119823400434	0.0398522152804	0.0337955779331	0.0249711484232	-0.0506038592748	-0.0492934423839	-0.00519090238276	-0.0252202635911	-0.0374845429817	-0.0507559652802	0.00350331765071	0.00529827162308	0.0310132251353	0.00324350173711	-0.0120898302771	-0.0251747539097	-0.0201009050572	0.0249283673841	0.00802111059003	-0.0307546580546	-0.0450515345088	0.00788636941518	-0.00244694871104	-0.0264110757638	-0.0354950629165	-0.016040820793	0.0122264184939	0.0419000505828	-0.0114095877234	-0.00357550532458
k__Bacteria;p__Bacteroidetes;c__Bacteroidia;o__Bacteroidales;f__Odoribacteraceae;g__Odoribacter;s__Odoribacter_splanchnicus	0.017616849897	0.0228275876346	-0.00732719195404	-0.0535811252798	0.0345829662305	0.0139943458159	-0.022998175036	-0.0652758046466	-0.0101752049842	-0.0111431608207	-0.0724741840694	0.00502296322938	0.0801115114558	-0.0207576791738	0.0135315470205	-0.0293355817672	0.0284010402596	0.0370837784833	0.0441068287533	1.0	-0.0373347035582	-0.0724953112524	-0.0247739039605	-0.0270211334041	-0.0210166056036	0.0568606599988	0.00649092521068	0.057481466671	0.0148596096749	-0.0146947792685	-0.053281538941	0.00351223463203	-0.0542922581067	-0.00242261044726	-0.0141167081874	-0.024504800762	-0.0298023793136	-0.0180164051817	0.0528271055844	-0.0261320587384	-0.0360336777626	-0.0723806301041	-0.031445053186	-0.0524039042954	-0.0690740488785	0.00928515387624	-0.0333394560439	0.0332976915667	0.0107532022886	0.0799377049668	-0.026482331198	-0.107978215201	-0.0103409503388	-0.0105688920775	0.00873506453279	0.019515113352	0.0590681856501	0.0138729065428	0.0334538714612
k__Bacteria;p__Bacteroidetes;c__Bacteroidia;o__Bacteroidales;f__Bacteroidaceae;g__Bacteroides;s__Bacteroides_salyersiae	-0.058819645738	0.0120905744246	0.0092091083891	0.0109504342599	0.00503769698828	-0.00850763926499	-0.0105513701058	-0.00153126730637	-0.0624385581538	0.00431740465687	-0.012059142255	-0.0427000913215	-0.0272954699306	-0.00726204020434	-0.000292686921295	-0.0474818269377	0.0701564102318	0.0245364511851	-0.0352367814405	-0.0373347035582	1.0	0.0146983637531	-0.00704755986934	-0.0352297119124	0.00239068955995	-0.0307961583556	0.0055745786265	0.0176854322384	-0.0312113313642	-0.000353619524211	0.00260344965643	0.0395787204621	0.0526804762268	-0.045296666977	0.0357708900766	-0.0389112710218	-0.0268785366896	0.0211522136309	-0.0297208880676	-0.0314074082322	0.0138217060854	0.0511512716078	0.0469342572943	-0.0504589107394	-0.0285219726828	0.0396597006477	-0.0121490645577	0.000994531289383	-0.00765283563986	0.0119109243886	-0.0191382170143	-0.0769496876882	0.00881393359789	-0.00738977310941	-0.00868222094219	0.0979286836128	0.0283474892048	-0.00800722314636	-0.0202013250789
k__Bacteria;p__Firmicutes;c__Clostridia;o__Clostridiales;f__Ruminococcaceae;g__Ruminiclostridium;s__[Eubacterium]_siraeum	-0.05288766764	0.0429187191558	0.00437989728504	-0.0127080062978	-0.0665321780666	-0.00568961754473	0.00773315327973	-0.0107075542025	0.00295705255251	0.011291091218	-0.0190361988854	-0.021146318494	0.0234263208183	-0.0359268155308	-0.00657444260895	-0.0447893186559	0.00486765295882	-0.0106430123078	0.00440623821974	-0.0724953112524	0.0146983637531	1.0	0.0373443269486	-0.0432942173997	-0.0134037433532	-0.0286735954721	-0.0141708623597	0.00823385237121	-0.0225129949119	-0.0608333565088	0.0290204863614	-0.0064727457499	-0.00825113513475	-0.00099095396889	0.0100740009081	0.0119437970708	-0.0460371120816	0.0406817453878	0.0530266979676	-0.0440779083765	0.0470453959247	0.0745680882898	-0.0253988277909	-0.0202458845783	0.0110625146679	0.0533784317223	0.033913738868	0.0226279893004	-0.0435990162921	0.0178895986068	-0.0153210754107	0.0299941914937	-0.0780448853375	-0.0321919907197	0.0332505977609	0.0712989785471	0.0048509146262	-0.0479294021878	0.0107094128408
k__Bacteria;p__Proteobacteria;c__Betaproteobacteria;o__Burkholderiales;f__Sutterellaceae;g__Parasutterella;s__Parasutterella_excrementihominis	-0.0152937733745	-0.00672312503648	0.0368915830152	0.0784213762415	-0.0491195416553	0.00348605291059	-0.00523122784588	-0.0234323981329	-0.0287161470172	-0.0216917366503	0.0132248115492	0.0556770639221	-0.0206203236228	-0.0753376788742	-0.0176272710108	-0.00961291321577	-0.0764016900685	0.0314260868648	-0.0205615160478	-0.0247739039605	-0.00704755986934	0.0373443269486	1.0	-2.90325073082e-07	-0.0327605566131	-0.0262209387821	0.00665306711338	0.0721002121886	-0.0235124466141	0.0389033071009	0.02983996624	0.0504616050623	0.0284484260596	-0.0198228919255	-0.00458985086068	0.0129327621593	-0.045654890032	0.0186869117738	0.0199598680764	0.0120796998894	-0.0458544036613	-0.0199668563486	-0.0237452935866	-0.0188734092817	0.0120208477385	-0.0651433875717	-0.0100478757236	-0.0599743857391	-0.0539471982133	-0.0604306670361	0.0416451387582	-0.00577512918819	0.0196263807862	-0.00415754300967	0.0205252102995	-0.0627789350589	-0.0239804972869	0.0341282189414	0.0273400366997
k__Bacteria;p__Actinobacteria;c__Actinobacteria;o__Bifidobacteriales;f__Bifidobacteriaceae;g__Bifidobacterium;s__Bifidobacterium_adolescentis	-0.0233653527013	0.0217083039655	0.0208174366483	0.0190956297328	-0.0557542721252	-0.00968978983091	-0.0719332436226	-0.00128100666735	-0.0359842609147	-0.0165357257175	-0.0228401355691	0.0213547145419	-0.0384866003428	-0.00649681541743	0.0119217272908	-0.0522988223776	0.0241654541694	-0.0534378676937	-0.0903085995307	-0.0270211334041	-0.0352297119124	-0.0432942173997	-2.90325073083e-07	1.0	0.0546421177832	-0.071288431215	-0.0810302146467	0.00542092937604	0.0353011850045	-0.00341449931684	0.00380830165945	0.00382959350092	-0.0505949112526	-0.0480590617777	-0.0220636749816	-0.00713018674262	0.0396556584131	-0.0247941708855	0.0184737989206	-0.0582489678001	0.048592189734	0.0378941282896	0.00857023681535	-0.0267234083342	-0.0549889534801	-0.0173414476958	0.010070290928	-0.00766615946664	-0.0268342816853	-0.0532013410879	-0.00394964296154	0.00941252666652	-0.01939665375	-0.000569410336005	0.0579677460779	-0.00385321761924	-0.0206664513254	-0.0359060190632	0.0684674514722
k__Bacteria;p__Firmicutes;c__Clostridia;o__Clostridiales;f__Oscillospiraceae;g__Oscillibacter;s__Oscillibacter_sp._KLE_1745	-0.0906934837077	-0.0345073695447	-0.024455584942	-0.0209395374025	-0.0183399739702	0.0209664851889	-0.045204656343	-0.0218771241606	0.0093788777746	-0.042585466248	-0.0217321895749	-0.0830459722052	-0.00183354991489	0.0286214259533	0.0239930895529	0.0521365439975	-0.0623903888163	-0.0850869041903	-0.0223089376303	-0.0210166056036	0.00239068955995	-0.0134037433532	-0.0327605566131	0.0546421177832	1.0	-0.0311332600634	-0.0910795893416	0.0678447993966	0.0218368730348	0.00443433494294	0.0499371659398	0.00384679180664	0.0117457756486	0.00648317318447	0.0508474583382	-0.0368573573963	0.0446328774333	-0.0765899089396	-0.0230550595049	-0.00624011308058	0.00651382765365	0.0266973163302	-0.0214544648655	-0.00896966582654	-0.0276493920024	-0.0239062888471	0.0332232228788	-0.0284399897821	-0.00981865897726	0.0634079703404	0.0190803094976	-0.0384778839883	0.0150907257917	0.0570618996227	-0.0261987368687	-0.0688944922743	0.0354342136811	-0.0173072741683	-0.0249994504455
k__Bacteria;p__Bacteroidetes;c__Bacteroidia;o__Bacteroidales;f__Bacteroidaceae;g__Bacteroides;s__Bacteroides_coprophilus	-0.0183857863051	0.047968467192	-0.000608981460445	0.025136421087	0.025099349564	-0.0407361386473	-0.0141022573346	-0.022622164638	0.00547758730561	-0.0452695791692	0.0589217784782	0.00440098458706	0.0273652107075	0.0117812067179	-0.050913735295	-0.0184629523831	-0.0258544798698	0.0013712669586	-0.0179278036277	0.0568606599988	-0.0307961583556	-0.0286735954721	-0.0262209387821	-0.071288431215	-0.0311332600634	1.0	-0.0262359543511	-0.114370763904	-0.0384426315567	-0.0625125022066	-0.0532756604255	0.00631090554916	0.00683534967292	0.00660466588976	0.0526689554332	-0.0106412570871	-0.00406717390361	-0.0645920637238	-0.0562695433642	0.02408256708	-0.0245126552842	-0.00995295462206	-0.0320280580843	0.0612810337626	-0.0440233369666	0.0372958116737	0.0450887154895	-0.047033604711	0.0224952910985	-0.0187609210439	0.0199895227238	-0.0568626933796	0.00914758809116	-4.79247082643e-05	0.0156333233461	-0.0237687184413	0.0158508048234	-0.0186844519998	-0.0169107186846
k__Bacteria;p__Firmicutes;c__Clostridia;o__Clostridiales;f__Lachnospiraceae;g__Roseburia;s__Roseburia_intestinalis	0.0136788555329	-0.0663857101956	0.0446813136565	-0.0597283151063	0.0141859404312	0.0214130251874	0.023692919769	0.0396203949163	0.0123425627523	-0.0277160786673	-0.00587288607191	-0.0547365959166	0.030152792125	-0.0594808538265	0.0540492241433	0.00125782460713	-0.0539542559665	0.0192414355506	-0.0673866736905	0.00649092521068	0.0055745786265	-0.0141708623597	0.00665306711338	-0.0810302146467	-0.0910795893416	-0.0262359543511	1.0	0.0283976600468	-0.00666030811895	-0.0759243830005	0.00533054052372	-0.00778407980508	0.00997850452375	-0.0306330484709	-0.0418497424225	0.000866640036117	0.0296479924951	-0.0793303689579	0.0268184903303	0.0540452181423	0.036786600652	-0.0296412978107	0.0165478020577	-0.0406820869495	0.00412984089438	-0.00639342838243	-0.00599200790675	-0.0401893624774	-0.0147714199055	0.0141533383742	0.0122642481112	0.0198617238989	-0.00820146537143	0.0279771537096	0.0460958634122	0.00596409356283	0.0127208030051	0.0101740484434	0.00344533114285
k__Bacteria;p__Firmicutes;c__Clostridia;o__Clostridiales;f__Lachnospiraceae;g__Roseburia;s__Roseburia_hominis	-0.0155293990328	0.00684958352797	-0.0386042555194	-0.102599930911	0.0370031274957	0.0183384972309	-0.079038678811	0.00350972492033	0.0379994886774	-0.048090583896	0.0373461493086	-0.00319637837783	-0.0109607092149	0.0127185871651	0.0694112340688	0.0340659255094	-0.0637311214925	-0.0225471286475	0.0151098641575	0.057481466671	0.0176854322384	0.00823385237121	0.0721002121886	0.00542092937604	0.0678447993966	-0.114370763904	0.0283976600468	1.0	0.0244763360192	0.0425442135038	0.00840968955804	0.0350079160143	-0.0784050659513	-0.00974387585702	-0.0157252583164	-0.0438018668101	-0.0575928433053	0.0136489872186	0.0088834675067	-0.0343681153862	-0.0117335263077	-0.0654981932588	-0.00476700318182	-0.065433481502	0.00671392013884	-0.0106143094285	0.0161388489983	0.0167550674733	0.0333048876384	-0.003976455862	-0.0255840375479	0.00701527558849	0.025234579483	-0.00395783496354	-0.053333354535	-0.0345565641944	-0.0222138585454	0.0163465516218	-0.012465021687
k__Bacteria;p__Bacteroidetes;c__Bacteroidia;o__Bacteroidales;f__Porphyromonadaceae;g__Parabacteroides;s__Parabacteroides_johnsonii	0.0264118546599	0.00498134145796	0.0719656968053	0.000722850767429	-0.0182118499542	0.00210644286302	-0.0327367310584	-0.0505289237987	0.0545723622417	-0.0117782463677	-0.0661550760552	-0.0151358663021	-0.0296187747871	-0.0520890996088	-0.00952543121521	-0.0358265815378	-0.0273398200442	0.013045989494	-0.037358099204	0.0148596096749	-0.0312113313642	-0.0225129949119	-0.0235124466141	0.0353011850045	0.0218368730348	-0.0384426315567	-0.00666030811895	0.0244763360192	1.0	-0.0023007417399	-0.0231047266043	-0.0290192439993	-0.0733467114291	0.0247227514129	-0.0724915095252	0.0339340315126	0.00999936324567	-0.00164206073009	0.0420935475164	-0.0219360078295	-0.0426409328762	-0.0377945631727	0.0106056132922	-0.0264855177723	0.0980691521404	-0.0560627316149	-0.00365032324784	-0.0218034878496	0.00592849985985	-0.0109779744616	-0.0127381662653	-0.0152778044163	-0.0193765106205	-0.00329659933932	-0.0714640345835	-0.0280368529031	-0.0595116572411	0.0368586777563	-0.080678322436
k__Bacteria;p__Actinobacteria;c__Actinobacteria;o__Bifidobacteriales;f__Bifidobacteriaceae;g__Bifidobacterium;s__Bifidobacterium_longum	-0.0470414521209	-0.0200507672251	-0.0562633321633	-0.00208385240802	0.031050711322	0.0134813893832	-0.0392897811719	0.0547333472859	0.0800400736152	0.00686928024614	-0.0488788174005	0.000961311453525	-0.0156390294441	-0.0158151638851	0.0440658055049	-0.0288194388143	0.0396518667242	-0.0109785820445	0.00119823400434	-0.0146947792685	-0.00035361952421	-0.0608333565088	0.0389033071009	-0.00341449931684	0.00443433494294	-0.0625125022066	-0.0759243830005	0.0425442135038	-0.0023007417399	1.0	0.0189814785888	0.0223693891429	0.0313485542629	-0.00320388321399	0.0347070678813	0.0776308901327	0.0288208342192	-0.0202819417957	-0.0427910525377	-0.0721558846495	-0.0581199486323	-0.00678377116655	-0.0221162480222	-0.00936185198888	0.0157692167719	-0.0243052688273	-0.00518894847507	-0.0191448572403	0.0200497296627	-0.0620602674803	-0.0403094661071	-0.0271996288204	-0.0446262194393	0.0489494880614	0.0130995365829	-0.0212333186595	-0.0580338137756	0.0212195266232	-0.00161867753245
