#taxonomy	k__Bacteria;p__Bacteroidetes;c__Bacteroidia;o__Bacteroidales;f__Bacteroidaceae;g__Bacteroides;s__Bacteroides_vulgatus	k__Bacteria;p__Bacteroidetes;c__Bacteroidia;o__Bacteroidales;f__Bacteroidaceae;g__Bacteroides;s__Bacteroides_uniformis	k__Bacteria;p__Bacteroidetes;c__Bacteroidia;o__Bacteroidales;f__Rikenellaceae;g__Alistipes;s__Alistipes_putredinis	k__Bacteria;p__Bacteroidetes;c__Bacteroidia;o__Bacteroidales;f__Prevotellaceae;g__Prevotella;s__Prevotella_copri	k__Bacteria;p__Bacteroidetes;c__Bacteroidia;o__Bacteroidales;f__Bacteroidaceae;g__Bacteroides;s__Bacteroides_stercoris	k__Bacteria;p__Bacteroidetes;c__Bacteroidia;o__Bacteroidales;f__Bacteroidaceae;g__Bacteroides;s__Bacteroides_ovatus	k__Bacteria;p__Bacteroidetes;c__Bacteroidia;o__Bacteroidales;f__Rikenellaceae;g__Alistipes;s__Alistipes_shahii	k__Bacteria;p__Firmicutes;c__Clostridia;o__Clostridiales;f__Ruminococcaceae;g__Faecalibacterium;s__Faecalibacterium_prausnitzii	k__Bacteria;p__Bacteroidetes;c__Bacteroidia;o__Bacteroidales;f__Rikenellaceae;g__Alistipes;s__Alistipes_finegoldii	k__Bacteria;p__Bacteroidetes;c__Bacteroidia;o__Bacteroidales;f__Porphyromonadaceae;g__Parabacteroides;s__Parabacteroides_distasonis	k__Bacteria;p__Bacteroidetes;c__Bacteroidia;o__Bacteroidales;f__Bacteroidaceae;g__Bacteroides;s__Bacteroides_thetaiotaomicron	k__Bacteria;p__Bacteroidetes;c__Bacteroidia;o__Bacteroidales;f__Bacteroidaceae;g__Bacteroides;s__Bacteroides_coprocola	k__Bacteria;p__Bacteroidetes;c__Bacteroidia;o__Bacteroidales;f__Bacteroidaceae;g__Bacteroides;s__Bacteroides_cellulosilyticus	k__Bacteria;p__Bacteroidetes;c__Bacteroidia;o__Bacteroidales;f__Rikenellaceae;g__Alistipes;s__Alistipes_obesi	k__Bacteria;p__Firmicutes;c__Clostridia;o__Clostridiales;f__Lachnospiraceae;g__;s__[Eubacterium]_rectale	k__Bacteria;p__Bacteroidetes;c__Bacteroidia;o__Bacteroidales;f__Bacteroidaceae;g__Bacteroides;s__Bacteroides_plebeius	k__Bacteria;p__Bacteroidetes;c__Bacteroidia;o__Bacteroidales;f__Bacteroidaceae;g__Bacteroides;s__Bacteroides_fragilis	k__Bacteria;p__Proteobacteria;c__Betaproteobacteria;o__Burkholderiales;f__Sutterellaceae;g__Sutterella;s__Sutterella_wadsworthensis	k__Bacteria;p__Bacteroidetes;c__Bacteroidia;o__Bacteroidales;f__Porphyromonadaceae;g__Barnesiella;s__Barnesiella_intestinihominis	k__Bacteria;p__Bacteroidetes;c__Bacteroidia;o__Bacteroidales;f__Odoribacteraceae;g__Odoribacter;s__Odoribacter_splanchnicus	k__Bacteria;p__Bacteroidetes;c__Bacteroidia;o__Bacteroidales;f__Bacteroidaceae;g__Bacteroides;s__Bacteroides_salyersiae	k__Bacteria;p__Firmicutes;c__Clostridia;o__Clostridiales;f__Ruminococcaceae;g__Ruminiclostridium;s__[Eubacterium]_siraeum	k__Bacteria;p__Proteobacteria;c__Betaproteobacteria;o__Burkholderiales;f__Sutterellaceae;g__Parasutterella;s__Parasutterella_excrementihominis	k__Bacteria;p__Actinobacteria;c__Actinobacteria;o__Bifidobacteriales;f__Bifidobacteriaceae;g__Bifidobacterium;s__Bifidobacterium_adolescentis	k__Bacteria;p__Firmicutes;c__Clostridia;o__Clostridiales;f__Oscillospiraceae;g__Oscillibacter;s__Oscillibacter_sp._KLE_1745	k__Bacteria;p__Bacteroidetes;c__Bacteroidia;o__Bacteroidales;f__Bacteroidaceae;g__Bacteroides;s__Bacteroides_coprophilus	k__Bacteria;p__Firmicutes;c__Clostridia;o__Clostridiales;f__Lachnospiraceae;g__Roseburia;s__Roseburia_intestinalis	k__Bacteria;p__Firmicutes;c__Clostridia;o__Clostridiales;f__Lachnospiraceae;g__Roseburia;s__Roseburia_hominis	k__Bacteria;p__Bacteroidetes;c__Bacteroidia;o__Bacteroidales;f__Porphyromonadaceae;g__Parabacteroides;s__Parabacteroides_johnsonii	k__Bacteria;p__Actinobacteria;c__Actinobacteria;o__Bifidobacteriales;f__Bifidobacteriaceae;g__Bifidobacterium;s__Bifidobacterium_longum	k__Bacteria;p__Firmicutes;c__Clostridia;o__Clostridiales;f__;g__Flavonifractor;s__Flavonifractor_plautii	k__Bacteria;p__Firmicutes;c__Clostridia;o__Clostridiales;f__Clostridiaceae;g__Clostridium;s__Clostridium_phoceensis	k__Bacteria;p__Verrucomicrobia;c__Verrucomicrobiae;o__Verrucomicrobiales;f__Akkermansiaceae;g__Akkermansia;s__Akkermansia_muciniphila	k__Bacteria;p__Bacteroidetes;c__Bacteroidia;o__Bacteroidales;f__Prevotellaceae;g__Paraprevotella;s__Paraprevotella_xylaniphila	k__Bacteria;p__Firmicutes;c__Clostridia;o__Clostridiales;f__Ruminococcaceae;g__Ruminococcus;s__Ruminococcus_callidus	k__Bacteria;p__Bacteroidetes;c__Bacteroidia;o__Bacteroidales;f__Rikenellaceae;g__Alistipes;s__Alistipes_senegalensis	k__Bacteria;p__Firmicutes;c__Clostridia;o__Clostridiales;f__Lachnospiraceae;g__Blautia;s__Blautia_sp._KLE_1732	k__Bacteria;p__Bacteroidetes;c__Bacteroidia;o__Bacteroidales;f__Bacteroidaceae;g__Bacteroides;s__Bacteroides_oleiciplenus	k__Bacteria;p__Firmicutes;c__Clostridia;o__Clostridiales;f__Ruminococcaceae;g__Ruminococcus;s__Ruminococcus_bicirculans	k__Bacteria;p__Bacteroidetes;c__Bacteroidia;o__Bacteroidales;f__Bacteroidaceae;g__Bacteroides;s__Bacteroides_fluxus	k__Bacteria;p__Bacteroidetes;c__Bacteroidia;o__Bacteroidales;f__Prevotellaceae;g__Prevotella;s__Prevotella_stercorea	k__Bacteria;p__Firmicutes;c__Clostridia;o__Clostridiales;f__Lachnospiraceae;g__Dorea;s__Dorea_longicatena	k__Bacteria;p__Firmicutes;c__Clostridia;o__Clostridiales;f__Eubacteriaceae;g__Eubacterium;s__[Eubacterium]_eligens	k__Bacteria;p__Firmicutes;c__Clostridia;o__Clostridiales;f__Ruminococcaceae;g__;s__Ruminococcaceae_bacterium_D16	k__Bacteria;p__Firmicutes;c__Clostridia;o__Clostridiales;f__Lachnospiraceae;g__Coprococcus;s__Coprococcus_comes	k__Bacteria;p__Proteobacteria;c__Gammaproteobacteria;o__Enterobacterales;f__Enterobacteriaceae;g__Escherichia;s__Escherichia_coli	k__Bacteria;p__Firmicutes;c__Clostridia;o__Clostridiales;f__Ruminococcaceae;g__Anaerotruncus;s__Anaerotruncus_colihominis	k__Bacteria;p__Firmicutes;c__Clostridia;o__Clostridiales;f__Lachnospiraceae;g__Blautia;s__Blautia_obeum	k__Bacteria;p__Bacteroidetes;c__Bacteroidia;o__Bacteroidales;f__Odoribacteraceae;g__Odoribacter;s__Odoribacter_laneus	k__Bacteria;p__Firmicutes;c__Clostridia;o__Clostridiales;f__Ruminococcaceae;g__Ruminiclostridium;s__[Clostridium]_leptum	k__Bacteria;p__Bacteroidetes;c__Bacteroidia;o__Bacteroidales;f__Porphyromonadaceae;g__Parabacteroides;s__Parabacteroides_goldsteinii	k__Bacteria;p__Firmicutes;c__Clostridia;o__Clostridiales;f__Lachnospiraceae;g__Anaerostipes;s__Anaerostipes_hadrus	k__Bacteria;p__Firmicutes;c__Clostridia;o__Clostridiales;f__Ruminococcaceae;g__Ruminococcus;s__Ruminococcus_lactaris	k__Bacteria;p__Firmicutes;c__Clostridia;o__Clostridiales;f__Clostridiaceae;g__Clostridium;s__Clostridium_sp._L2-50	k__Bacteria;p__Firmicutes;c__Clostridia;o__Clostridiales;f__Clostridiaceae;g__Clostridium;s__Clostridium_sp._M62/1	k__Bacteria;p__Firmicutes;c__Clostridia;o__Clostridiales;f__;g__Intestinimonas;s__Intestinimonas_butyriciproducens	k__Bacteria;p__Actinobacteria;c__Actinobacteria;o__Bifidobacteriales;f__Bifidobacteriaceae;g__Bifidobacterium;s__Bifidobacterium_bifidum	k__Bacteria;p__Firmicutes;c__Negativicutes;o__Veillonellales;f__Veillonellaceae;g__Dialister;s__Dialister_invisus	k__Bacteria;p__Bacteroidetes;c__Bacteroidia;o__Bacteroidales;f__Bacteroidaceae;g__Bacteroides;s__Bacteroides_salanitronis
k__Bacteria;p__Bacteroidetes;c__Bacteroidia;o__Bacteroidales;f__Bacteroidaceae;g__Bacteroides;s__Bacteroides_vulgatus	1.0	0.00136791452644	-0.0128827477018	0.0458322300574	0.0226390245264	-0.000936646193193	-0.0283941379531	-0.0719172293996	0.022761170123	-0.0676216946889	0.00921247152531	-0.0530667214473	0.0204834564252	-0.0162552369493	-0.026492752292	-0.000325267688581	-0.0496735193197	-0.0489225961923	-0.00385543891892	0.0145394404182	0.0391931549743	-0.00449595501766	-0.0142385980015	-0.0237390407067	0.000119486908009	0.05522341933	-0.0171560555667	-0.0605643538031	-0.0425721894273	-0.020299861398	-0.0212929726845	-0.0327601535281	0.0442334436581	-0.0229200503776	-0.0462643861852	-0.0586196136584	0.00077717285563	-0.000196776844774	0.0134724921082	-0.0447631654978	0.00529966785567	-0.0324952356885	0.0522450428969	0.0764169880808	0.0128624374813	-0.0143791800591	-0.0230740152467	0.0225217277247	0.0179684527618	0.0225146622393	0.013646412446	-0.0856577557806	0.0055596922707	-0.0506341691705	-0.0271289616752	0.00143245549457	0.0384328039451	-0.00942376408704	-0.0692279297386
k__Bacteria;p__Bacteroidetes;c__Bacteroidia;o__Bacteroidales;f__Bacteroidaceae;g__Bacteroides;s__Bacteroides_uniformis	0.00136791452644	1.0	-0.0337626008829	-0.0780287368446	-0.0212087194229	-0.0156137126591	-0.0445426000144	-0.0254875833221	0.0180664448544	0.0491346991484	0.00707549687974	-0.00246283559415	-0.0458700057493	-0.0371426078799	0.0354634942808	-0.0536307223265	0.0343248789753	0.0171420550921	0.0265682129185	0.021431563073	-0.0801297201773	0.0215300101425	0.00792287969714	-0.0510394851194	0.0533642257532	-0.0376707997598	-0.0339439892311	-0.0258153769449	-0.0235683995914	-0.0266531803861	-0.0482061684271	0.0070423693364	0.00852085350403	-0.0181940368258	0.0371223629336	-0.0134726667658	0.0134013078832	-0.0023933274677	-0.0148437071034	-0.0295493626922	0.0353072175067	-0.0134563577108	-0.0241383085039	-0.0259517378163	0.0183440345373	0.0249449059738	-0.0105994079735	0.00580338576555	-0.0750420445217	-0.0257860243165	-0.0220921802059	0.0129758828378	-0.0255012949672	-0.0204150501567	-0.0266400218327	-0.0234679238824	0.00631465830221	0.0161919968749	0.0159661859155
k__Bacteria;p__Bacteroidetes;c__Bacteroidia;o__Bacteroidales;f__Rikenellaceae;g__Alistipes;s__Alistipes_putredinis	-0.0128827477018	-0.0337626008829	1.0	-0.0123004339775	-0.0310210507277	0.00124369982748	-0.0399888927975	0.016470288837	-0.0182504229518	0.0264351396619	-0.00930314010893	0.0239141604113	0.0560517683271	-0.0110206125911	-0.0257888684072	0.00100674188021	-0.0522155625759	-0.000925269286233	0.00824021160558	-0.0171922800029	-0.0462548532188	-0.0330361925974	-0.0703433277849	0.0528230520901	-0.0464351500909	-0.0393486299292	-0.0080657763671	0.0177362642982	-0.0182794853516	-0.0160173904899	0.0819092195986	0.00981383806358	-0.0362751557932	-0.0271001714267	0.0358894934674	0.0165992567859	0.00761445301138	0.0173219996982	0.00627261254342	-0.0852704930925	-0.0469104069752	0.0881329143745	-0.0305597100054	-0.0156467860443	0.0754051293855	-0.0451990099899	-0.0215274443777	0.0128435628082	0.0281359503482	-0.0366801195829	0.00336018865761	0.00173122779463	-0.0452917429338	-0.013942013495	-0.00615860369619	-0.00606377261039	0.00825682473298	-0.0140691813731	-0.0430506572083
k__Bacteria;p__Bacteroidetes;c__Bacteroidia;o__Bacteroidales;f__Prevotellaceae;g__Prevotella;s__Prevotella_copri	0.0458322300574	-0.0780287368446	-0.0123004339775	1.0	0.0330100685792	0.0389837478453	-0.0379611983913	-0.0297747442845	0.02004135156	-0.0583182085577	0.00693176770478	0.0347565619918	0.00837993698775	0.00624073714993	0.0272009279496	0.0340789875098	-0.0124136901333	-0.0283880834533	-5.29592084562e-05	-0.0295044489195	-0.0128946770664	0.014498390565	0.0501491762609	-0.0611984662442	0.0142825840346	-0.0645600090159	0.018601680439	-0.0253743609115	-0.013696357067	-0.00584192620765	0.0407781092461	0.00711722656308	-0.0333563245218	-0.0164988978981	-0.0683881605308	-0.0536377040395	-0.0233281788853	0.0200115546623	0.02675504219	0.0511964841778	-0.0257910261036	0.0397782014539	-0.0389013474936	0.0398808659978	0.0175052149772	0.00961324796058	-0.0188816554705	-0.00437506166676	0.0622011170949	-0.035992939752	0.0559157580179	0.00188434625048	-0.0870732045153	0.000338916559569	-0.0873996191687	0.00257137742226	-0.0718022348957	-0.031471375686	0.0089280501148
k__Bacteria;p__Bacteroidetes;c__Bacteroidia;o__Bacteroidales;f__Bacteroidaceae;g__Bacteroides;s__Bacteroides_stercoris	0.0226390245264	-0.0212087194229	-0.0310210507277	0.0330100685792	1.0	0.014856838414	-0.0593655030553	0.00459392009823	0.0433977617782	0.0182206019925	0.00576053339245	0.0183914959498	-0.0596241679423	-0.0198600621195	-0.0152533311984	0.0164683392141	0.0292688697555	0.00132378744487	-0.015340410177	-0.0332818840823	-0.0488097645271	-0.00672097141005	-0.0533081868601	-0.0168169471698	0.0243959208788	-0.0284795068928	-0.00035812635954	-0.0404619039898	-0.0783075580995	-0.0253910274327	-0.00943766976258	-0.00194705524652	-0.0238379023191	0.0145559944969	0.0749549259978	-0.0490910953057	0.0608520139905	-0.0878192722122	-0.0543423155039	0.0121199793925	-0.0238008080801	-0.0443719318249	0.00749053869739	-0.0136764083414	-0.0311828558498	0.0722908121449	-0.036820604058	0.0261872201504	0.00821878198373	0.0186860712478	0.0497049796314	0.000938307374355	0.0686776835067	0.0245708384394	-0.0258474088387	-0.00822085006985	0.00587896766396	-0.00255987167181	0.0267632977993
k__Bacteria;p__Bacteroidetes;c__Bacteroidia;o__Bacteroidales;f__Bacteroidaceae;g__Bacteroides;s__Bacteroides_ovatus	-0.000936646193193	-0.0156137126591	0.00124369982748	0.0389837478453	0.014856838414	1.0	-0.0114129135157	-0.0516502349631	-0.0498777822971	0.0501776924051	-0.00925679357528	0.0269232426953	-0.033237513672	-0.024142225647	-0.0203390605461	-0.0030109096707	0.0281270392775	-0.0091648478662	0.0185044041142	0.019308146662	-0.0907115409914	0.0121548118266	0.0332265390391	0.000778207444633	-0.0456796325545	-0.00161414974587	-0.0151914532404	0.0187378518151	0.0671567543217	-0.0581633556314	-0.0269961441179	-0.0318280296266	-0.0263029022608	0.0573308546704	-0.0277330122049	-0.00658800121435	0.0106754208546	-0.0219486189138	-0.0162542595005	-0.0368353060554	-0.0359987021585	-0.00919946784058	-0.0238583995618	-0.0210069767839	-0.0352797438692	-0.0874428467983	0.0273700332261	-0.037683860709	-0.00481651224148	-0.0299029134499	-0.00430765658715	0.00254315677317	-0.0436404034466	0.0799534199812	0.013726099819	-0.0594397979907	-0.0335872215288	0.00795241641746	-0.0126176223536
k__Bacteria;p__Bacteroidetes;c__Bacteroidia;o__Bacteroidales;f__Rikenellaceae;g__Alistipes;s__Alistipes_shahii	-0.0283941379531	-0.0445426000144	-0.0399888927975	-0.0379611983913	-0.0593655030553	-0.0114129135157	1.0	0.0406181065551	-0.0313966069662	0.0128709799633	-0.0187986439805	0.0791059689137	-0.0306809886603	-0.031379488728	-0.0739336589751	0.0413040802114	0.0194204543746	0.0257886224536	0.0106603152444	0.045737127607	-0.0363403187881	-0.0458293353462	0.0243253024906	0.0271938643124	-0.0487813497692	0.00586698906147	0.0382506293439	-0.0256062551309	0.0464658009958	-0.0429010255179	0.0290102140301	-0.0198596022617	0.0062380589473	0.014882558956	-0.0369940198918	0.00461465569279	0.0121400516438	-0.027106619828	0.0125168930244	0.0355533185876	-0.00271554564468	0.0282417898204	-0.0120879579933	-0.0382896049936	-0.0556098336826	-0.107757589752	0.0301671203279	-0.0517670841055	-0.00599154586652	0.020583236458	0.0103661645597	0.0199556851574	-0.0679932898257	-0.030993243978	-0.0259269910991	-0.00688074081919	-0.0173982107712	-0.0458047350962	-0.0507630423204
k__Bacteria;p__Firmicutes;c__Clostridia;o__Clostridiales;f__Ruminococcaceae;g__Faecalibacterium;s__Faecalibacterium_prausnitzii	-0.0719172293996	-0.0254875833221	0.016470288837	-0.0297747442845	0.00459392009823	-0.0516502349631	0.0406181065551	1.0	-0.00666740684198	0.00203731535801	-0.0208912756164	0.0342166218357	-0.0223582698934	0.0234672791284	0.000725141417444	0.0392585741965	0.0305521277496	-0.0224676100352	0.00877135463657	0.00207080538132	0.0156965072309	-0.049376321584	-0.0188140753747	0.0064429002893	0.0101438625429	-0.0734157168093	0.0269900638434	-0.0850563564998	-0.0041257122701	-0.0137481973055	-0.0605281497897	-0.0106403459966	0.0243493634603	-0.040982691512	-0.0376309187791	0.00743354387624	-0.0288674881451	-0.0495131815872	0.0111708954137	0.0100398184007	0.0111247269044	-0.014945300157	-0.0509741567763	0.0160733386611	0.0202566478533	0.00633680711603	0.0161275829597	0.0145103891823	0.00114781755247	0.00944895365979	-0.0338814277821	-0.0300141440363	-0.0140515504501	-0.00785292152291	-0.0681224397693	0.0113523999816	-0.0535659747282	-0.0385965386268	0.0215398372282
k__Bacteria;p__Bacteroidetes;c__Bacteroidia;o__Bacteroidales;f__Rikenellaceae;g__Alistipes;s__Alistipes_finegoldii	0.022761170123	0.0180664448544	-0.0182504229518	0.02004135156	0.0433977617782	-0.0498777822971	-0.0313966069662	-0.00666740684198	1.0	0.0158052887074	0.0221529283021	-0.0113418410211	0.0300321924154	-0.0500652862593	-0.0334746892909	0.0226683963616	0.0152267495705	0.0196631750273	0.0133752695686	-0.0379223100872	-0.0716244554606	0.0204820951114	-0.0385099271281	0.044934489386	-0.0195582241784	0.0411910651662	-0.0562463720937	0.0315115567102	0.00586236544617	-0.0186421843065	-0.0754961310328	-0.0128618513262	-0.0845099558207	-0.0251189299542	-0.0510677761558	-0.0882122666352	-0.026402057012	0.0414725667507	0.0418673519406	0.00455680361612	0.0493844239637	0.0151665336401	0.0324413436167	0.0134163127475	0.064584148057	-0.0254408313506	0.010627448031	-0.00518458340937	0.0120786240868	0.00176678211742	-0.0343201782637	-0.0269189737241	0.0153815063607	-0.0210171831292	-0.0488732259054	-0.0505909302065	0.0167806431667	0.0590498415571	-0.0193086827495
k__Bacteria;p__Bacteroidetes;c__Bacteroidia;o__Bacteroidales;f__Porphyromonadaceae;g__Parabacteroides;s__Parabacteroides_distasonis	-0.0676216946889	0.0491346991484	0.0264351396619	-0.0583182085577	0.0182206019925	0.0501776924051	0.0128709799633	0.00203731535801	0.0158052887074	1.0	-0.0127445985664	-0.00412960127902	-0.0939960558752	-0.0205838216027	-0.0339610658309	0.00250812068445	-0.00105828999957	-0.00371052718385	-0.00324569999311	-0.036669060957	-0.074580954545	-0.00193175402617	-0.0186788389889	0.00521077836488	-0.0238264220402	0.00199072086285	-0.0463107874317	-0.0520480705752	-0.12285613304	-0.0765364926737	-0.0041244208462	0.0381322319588	-0.042402977455	-0.00424543016301	0.0191446071029	-0.00327558287091	-0.0434752782015	0.000305848041041	-0.0195609858571	0.0110284394284	-0.026588004462	-0.019644723033	-0.0189927145034	-0.00571608172352	-0.0551592894482	-0.0643715275828	-0.0157146567563	0.0197322087265	-0.0514800264344	0.0498660453048	-0.00377012948054	0.00907092399157	-0.0339375957271	0.00546201849287	0.00847201049233	0.0400214277507	0.0667505949616	-0.06797620609	-0.0632890571412
k__Bacteria;p__Bacteroidetes;c__Bacteroidia;o__Bacteroidales;f__Bacteroidaceae;g__Bacteroides;s__Bacteroides_thetaiotaomicron	0.00921247152531	0.00707549687974	-0.00930314010893	0.00693176770478	0.00576053339245	-0.00925679357528	-0.0187986439805	-0.0208912756164	0.0221529283021	-0.0127445985664	1.0	-0.0228465288572	-0.0317914663592	-0.00880219068624	-0.0549592451676	-0.0289040282537	-0.03825064519	0.0167602689956	-0.000694146515157	0.0526610151286	-0.0214797544448	0.0332076003683	-0.00486068451837	0.0525180475962	-0.0398740634228	-0.0231803919024	-0.0647493485647	-0.0184269307865	0.0328337237453	-0.0111217515724	0.0383835594483	-0.00785597542685	-0.0400573125717	0.0032011084582	0.00577502057071	-0.000263402862794	0.016280234478	-0.0226348391979	0.0117529472206	0.0307405916718	0.0175111756442	0.0112083949612	-0.0179720617045	0.0396931378653	0.0542498954886	-0.0411984128716	-0.0784081012244	-0.0431367700456	0.0442009735237	0.101563610875	0.0317752085868	-0.0170754126889	-0.0265606210072	-0.0445319843925	0.0459288463493	-0.0344931031493	-0.00477181728597	0.0159075692784	-0.0121895608913
k__Bacteria;p__Bacteroidetes;c__Bacteroidia;o__Bacteroidales;f__Bacteroidaceae;g__Bacteroides;s__Bacteroides_coprocola	-0.0530667214473	-0.00246283559415	0.0239141604113	0.0347565619918	0.0183914959498	0.0269232426953	0.0791059689137	0.0342166218357	-0.0113418410211	-0.00412960127902	-0.0228465288572	1.0	-0.0683562872932	0.0305261855368	0.0199849444705	-0.00142539717482	0.00958291780607	0.0345519062709	0.0804906822186	0.02859396933	0.0285181482226	-0.0201778422117	-0.00543990030199	0.0597437898778	0.0309116024905	-0.0686017131658	0.00464754286218	0.0256861060318	-0.0117028317505	-0.0224988211847	-0.0622078930832	-0.071362803992	-0.033558843994	0.00295211615414	-0.0236286148553	0.0234988087402	-0.0568584724603	2.41021772069e-05	-0.0579751373021	-0.0389594932534	0.0222557016258	-0.0143926878582	0.0147405208248	-0.0320842176357	0.00389310346218	-0.0138687488198	0.0406299298357	0.0597697191325	-0.00392915007822	0.0340778525293	0.0698546502702	0.040203032392	0.0211006236002	0.0030964354316	0.00405025141604	-0.0790006641376	-0.0563911417779	-0.0365850011301	0.0208478193886
k__Bacteria;p__Bacteroidetes;c__Bacteroidia;o__Bacteroidales;f__Bacteroidaceae;g__Bacteroides;s__Bacteroides_cellulosilyticus	0.0204834564252	-0.0458700057493	0.0560517683271	0.00837993698775	-0.0596241679423	-0.033237513672	-0.0306809886603	-0.0223582698934	0.0300321924154	-0.0939960558752	-0.0317914663592	-0.0683562872932	1.0	0.0352609198557	-0.0279621988529	0.0143239152256	0.0211193245862	0.0325214894649	-0.0190922197987	0.0356040232448	0.000336098108253	-0.0397977802875	0.0095861467616	-0.0376521007308	0.0537756059733	0.0498821196038	0.00776035249208	0.0309813730685	0.0918160599891	0.0321186276578	-0.0436611926416	-0.0232354978685	-0.0107282870451	0.00511123038837	-0.00381546572072	-0.0547809137168	-0.0275982412224	-0.0549191411593	-0.00526410583241	-0.0151579920499	-0.0181874783735	-0.0223386758222	0.0493371855095	-0.0108474781059	0.0489695936548	-0.0156497965587	-0.039596488409	-0.0582446622561	-0.0240451767204	-0.0411530712458	-0.0378612272192	-0.0483108015894	-0.0148601854204	0.0219363182085	-0.0451810544707	0.0242316924154	-0.0561736811818	0.0135861296626	-0.00468639863575
k__Bacteria;p__Bacteroidetes;c__Bacteroidia;o__Bacteroidales;f__Rikenellaceae;g__Alistipes;s__Alistipes_obesi	-0.0162552369493	-0.0371426078799	-0.0110206125911	0.00624073714993	-0.0198600621195	-0.024142225647	-0.031379488728	0.0234672791284	-0.0500652862593	-0.0205838216027	-0.00880219068624	0.0305261855368	0.0352609198557	1.0	-0.0380701191394	0.0186903425327	0.0301808915502	-0.00981810367018	0.0039602779796	0.0200860333819	-0.00988677790468	-0.0311021142589	-0.0212222771384	-0.0278748267987	0.00875714416978	-0.0461853231073	-0.0309103212396	-0.0103667092884	-0.102336936013	0.00620086140578	-0.00609920861611	-0.031755027181	0.0321566250807	-0.0184262032179	-0.00289492028623	-0.0204309752446	-0.0739199434075	0.0152787768534	-0.0410149619612	-0.0413807389731	-0.00357813267301	0.0440890484661	0.0500295674431	-0.0432301261703	0.0067968936643	-0.110980678689	-0.00208895896033	0.0800724140825	-0.0669441739972	0.0200361586894	-0.013919737445	-0.0111936316927	0.00568874317894	-0.0277627810857	0.017626251293	0.0214579958718	-0.0475782691635	0.0165326558463	0.0428828703516
k__Bacteria;p__Firmicutes;c__Clostridia;o__Clostridiales;f__Lachnospiraceae;g__;s__[Eubacterium]_rectale	-0.026492752292	0.0354634942808	-0.0257888684072	0.0272009279496	-0.0152533311984	-0.0203390605461	-0.0739336589751	0.000725141417444	-0.033474689291	-0.0339610658309	-0.0549592451676	0.0199849444705	-0.0279621988529	-0.0380701191394	1.0	0.0165284408891	0.0185737340919	0.0939745860708	-0.0503926198094	-0.0555822494422	0.0111509239966	-0.0165261936903	-0.00638845600155	-0.0068376210537	-0.0312182194057	0.00408886329399	-0.0339529147594	0.025327231954	-0.0626624573605	-0.0447353628851	0.0247130615162	-0.00948350829292	-0.0187413019051	0.0557463159343	0.0248650052256	0.0922359739974	-0.0696734659798	-0.0268705942803	-0.00584935681461	0.00783392279852	0.0132550410179	0.0329010127522	-0.0532837745671	0.0178002656659	0.025655340896	0.0372895137924	-0.0201709913072	0.0455456157519	0.048730726657	0.0394906935211	-0.0740475000788	-0.00881499751753	0.0146359945768	0.0065159931973	0.0186509371584	-0.0290615801267	-0.00316282182039	-0.00619132533258	-0.0793651148383
k__Bacteria;p__Bacteroidetes;c__Bacteroidia;o__Bacteroidales;f__Bacteroidaceae;g__Bacteroides;s__Bacteroides_plebeius	-0.000325267688581	-0.0536307223265	0.00100674188021	0.0340789875098	0.0164683392141	-0.0030109096707	0.0413040802114	0.0392585741965	0.0226683963616	0.00250812068445	-0.0289040282537	-0.00142539717482	0.0143239152256	0.0186903425327	0.0165284408891	1.0	-0.0173887702456	0.0167294531066	-0.0134103851101	-0.0225947719529	-0.013155532939	-0.03061683496	-0.00419523269322	-0.0262246165179	-0.00606526300095	-0.049908025529	0.0486690103008	-0.0782685272681	-0.00324261574756	-0.0221695326268	-0.0481691667533	-0.0217862707215	-0.0570067414235	0.00500257085439	-0.0559700926264	-0.0226580246427	-0.0330414415096	0.0179457336954	-0.00738754587059	0.0600897824532	-0.0323227110921	0.00375361976425	0.0560151913603	-0.0172521048002	-0.0553911190889	0.0283055370992	0.0579699066787	0.033424208523	-0.0150847574825	-0.0295572776654	-0.0496006378469	0.0080189346119	-0.00249226421796	-0.0296689449641	-0.0504604494356	0.0757993502664	0.0322801042582	0.00976853453471	0.0252668860127
k__Bacteria;p__Bacteroidetes;c__Bacteroidia;o__Bacteroidales;f__Bacteroidaceae;g__Bacteroides;s__Bacteroides_fragilis	-0.0496735193197	0.0343248789753	-0.0522155625759	-0.0124136901333	0.0292688697555	0.0281270392775	0.0194204543746	0.0305521277496	0.0152267495705	-0.00105828999957	-0.03825064519	0.00958291780607	0.0211193245862	0.0301808915502	0.0185737340919	-0.0173887702456	1.0	0.043940708998	-0.0621975100047	-0.0208586105653	-0.0358602490774	-0.0355329814728	-0.00196407275375	-0.0532903134325	-0.0352361769568	-0.00418551844233	0.0234824265796	0.0234173628758	-0.000310339222178	-0.0353840576322	0.0402584891204	-0.00884896158167	-0.00317692122631	0.012605440115	-0.00405893422557	-0.0364360111318	-0.044792580821	0.00135386988	0.0524240349213	-0.0234159625488	-0.0182473925165	-0.0625867806084	-0.0129829308399	0.0485639480298	0.0644981544362	-0.0546865117814	-0.000115767816466	-0.0146079807149	-0.0958036328396	0.0432232365674	-0.00608216462448	-0.0545217663291	-0.00678340650642	0.0570848834198	-0.0414855949979	-0.0663548572889	-0.0403582773839	0.0379759160401	-0.0450890542383
k__Bacteria;p__Proteobacteria;c__Betaproteobacteria;o__Burkholderiales;f__Sutterellaceae;g__Sutterella;s__Sutterella_wadsworthensis	-0.0489225961923	0.0171420550921	-0.000925269286233	-0.0283880834533	0.00132378744487	-0.0091648478662	0.0257886224536	-0.0224676100352	0.0196631750273	-0.00371052718385	0.0167602689956	0.0345519062709	0.0325214894649	-0.00981810367018	0.0939745860708	0.0167294531066	0.043940708998	1.0	-0.0239845477586	-0.021119484713	0.0250689992708	-0.074760443699	-0.0501762753406	0.0391622563242	-0.0284042853831	-0.0273554872165	-0.00117643233124	-0.0449538061107	0.00842547538266	-0.0380516906132	0.0107428484198	-0.0851250951877	0.0398055923051	-0.0138011752537	0.0113531255934	-0.0119666367277	-0.074577512355	0.0427840060579	0.00693246998594	-0.00494477937799	0.00534334771309	0.00649019139638	0.0187521912326	-0.00935408293418	0.107506336703	-0.0398232071618	0.0357637038004	-0.00654866780625	-0.0113895454693	-0.0292739137347	-0.039184625588	-0.03974769531	0.0554980393546	0.020532638385	-0.101532727713	-0.0256926908423	-0.00605832518021	-0.0690353228935	-0.0156202469969
k__Bacteria;p__Bacteroidetes;c__Bacteroidia;o__Bacteroidales;f__Porphyromonadaceae;g__Barnesiella;s__Barnesiella_intestinihominis	-0.00385543891892	0.0265682129185	0.00824021160558	-5.29592084563e-05	-0.015340410177	0.0185044041142	0.0106603152444	0.00877135463657	0.0133752695686	-0.00324569999311	-0.000694146515157	0.0804906822186	-0.0190922197987	0.0039602779796	-0.0503926198094	-0.0134103851101	-0.0621975100047	-0.0239845477586	1.0	-0.00416069093145	-0.0489175981179	-0.155611559495	0.032091383961	-0.0662662784069	-0.0328713660906	-0.0142099029057	-0.0213180337248	0.0115693650287	0.0247226389062	-0.0424999593842	0.0206529488251	-0.0236534572939	-0.0793468205398	-0.0215663512942	-0.0430271951453	-0.0050865782556	0.0346228338049	-0.051904816514	-0.0260539708936	-0.0307954922241	0.0680466989497	-0.0315135042765	-0.0788026998258	0.0340874545245	-0.0294208596452	0.0292184708557	0.0259063441399	0.00853285298026	-0.0655947616448	0.0329794449962	0.00977650123085	-0.00431920640039	-0.0335944011393	0.0577831859448	0.0195185582044	-0.0384925046222	0.00172473491681	-0.00489998270244	0.0119224748884
k__Bacteria;p__Bacteroidetes;c__Bacteroidia;o__Bacteroidales;f__Odoribacteraceae;g__Odoribacter;s__Odoribacter_splanchnicus	0.0145394404182	0.021431563073	-0.0171922800029	-0.0295044489195	-0.0332818840823	0.019308146662	0.045737127607	0.00207080538132	-0.0379223100872	-0.036669060957	0.0526610151286	0.02859396933	0.0356040232448	0.0200860333819	-0.0555822494422	-0.0225947719529	-0.0208586105653	-0.021119484713	-0.00416069093145	1.0	0.00021099640381	-0.0578956475467	0.0242461084089	0.0105947682357	-0.0516047242067	0.00980633871619	0.0560013586459	-0.0236900371682	0.0504123147043	-0.0856650461965	-0.0506563351641	-0.0582845391679	0.0279510240839	0.00838093805672	-0.0502659417975	0.00762662475067	0.0146546438276	0.0331490029951	-0.0264803003929	-0.0501366229503	0.0268914989175	-0.0376299721417	0.00379926020631	-0.0273368798903	-0.0256967427575	0.0254074689229	-0.00762582155708	-0.0522654252081	0.0189872537647	0.00516218196012	0.0559825007628	-0.0351544715229	-0.0478668525917	0.00711537987513	-0.0127722540906	0.0307374984401	-0.0492060492901	0.0282776253908	0.0253817605898
k__Bacteria;p__Bacteroidetes;c__Bacteroidia;o__Bacteroidales;f__Bacteroidaceae;g__Bacteroides;s__Bacteroides_salyersiae	0.0391931549743	-0.0801297201773	-0.0462548532188	-0.0128946770664	-0.0488097645271	-0.0907115409914	-0.0363403187881	0.0156965072309	-0.0716244554606	-0.074580954545	-0.0214797544448	0.0285181482226	0.000336098108253	-0.00988677790468	0.0111509239966	-0.013155532939	-0.0358602490774	0.0250689992708	-0.0489175981179	0.00021099640381	1.0	-0.0152485847636	-0.023899045923	-0.0178673314928	-0.0434328671344	-0.00777074675744	-0.0214423352842	0.0186627395615	0.0180662092266	-0.0229823704567	0.0441537934168	-0.00976955112477	-0.00923885109921	-0.0644736776533	0.0586153606026	0.0482044154298	-0.00793224572323	-0.0122801678158	0.0204687785697	-0.00340417672533	-0.045561722304	0.0485091234708	-0.0121464415456	-0.016437211518	-0.0498685443772	0.0190518285393	0.0184689729347	-0.0637910918696	-0.0363367996194	-0.0432681798997	-0.0328786038323	0.0134467834839	-0.0103203019822	0.0338781380542	0.0184645856517	-0.00817793894382	0.0579720235523	0.00722413863259	0.0320330106475
k__Bacteria;p__Firmicutes;c__Clostridia;o__Clostridiales;f__Ruminococcaceae;g__Ruminiclostridium;s__[Eubacterium]_siraeum	-0.00449595501766	0.0215300101425	-0.0330361925974	0.014498390565	-0.00672097141005	0.0121548118266	-0.0458293353462	-0.049376321584	0.0204820951114	-0.00193175402617	0.0332076003683	-0.0201778422117	-0.0397977802875	-0.0311021142589	-0.0165261936903	-0.03061683496	-0.0355329814728	-0.074760443699	-0.155611559495	-0.0578956475467	-0.0152485847636	1.0	-0.0402082880719	0.0148684421789	-0.0107730546662	0.05065342942	-0.0466590106195	-0.0383007391867	-0.0305531061474	0.0112697655271	-0.0231877791969	0.00249790856226	0.0296434808537	-0.0450157117355	-0.0638709933753	-0.0352528938312	0.0205931628566	0.00889244356089	0.0108565906065	0.0221537452531	-0.0613792711493	-0.0431250077289	0.0793099027042	0.00352312523369	-0.0549943017588	0.0225882557323	0.0205612669668	0.00228495451669	0.0500771019981	0.0134229997258	0.00931070138289	0.000655098854848	0.0392871660054	-0.020079290661	-0.0542424013977	0.0901888534317	0.0124789909729	0.0107583906014	-0.0278081555778
k__Bacteria;p__Proteobacteria;c__Betaproteobacteria;o__Burkholderiales;f__Sutterellaceae;g__Parasutterella;s__Parasutterella_excrementihominis	-0.0142385980015	0.00792287969714	-0.0703433277849	0.0501491762609	-0.0533081868601	0.0332265390391	0.0243253024906	-0.0188140753747	-0.0385099271281	-0.0186788389889	-0.00486068451837	-0.00543990030199	0.0095861467616	-0.0212222771384	-0.00638845600155	-0.00419523269322	-0.00196407275375	-0.0501762753406	0.032091383961	0.0242461084089	-0.023899045923	-0.0402082880719	1.0	0.0127259890387	-0.0269117089445	0.00325941930686	-0.0156415812768	0.0201274542173	0.0108175278876	0.0152437711232	-0.0412551561568	-0.026377677671	-0.011480581544	-0.05550034544	-0.0179316869661	-0.0794358683154	-0.0137328991194	0.00830745583446	0.0222338384154	0.0665963505395	0.0189303060616	0.0111019193437	-0.0113480128219	0.0858353473385	-0.00201398348752	-0.0545886588419	0.00329670719116	0.0423792644768	0.0181742850093	-0.000488882339115	0.0100914079886	0.00175135307169	-0.11492353129	0.015187258985	-0.0294175921436	-0.0397985515879	0.0257557175513	0.00267651715299	0.0374462942626
k__Bacteria;p__Actinobacteria;c__Actinobacteria;o__Bifidobacteriales;f__Bifidobacteriaceae;g__Bifidobacterium;s__Bifidobacterium_adolescentis	-0.0237390407067	-0.0510394851194	0.0528230520901	-0.0611984662442	-0.0168169471698	0.000778207444633	0.0271938643124	0.0064429002893	0.044934489386	0.00521077836488	0.0525180475962	0.0597437898778	-0.0376521007308	-0.0278748267987	-0.0068376210537	-0.0262246165179	-0.0532903134325	0.0391622563242	-0.0662662784069	0.0105947682357	-0.0178673314928	0.0148684421789	0.0127259890387	1.0	0.0710641084451	0.0459542738006	0.0196105082249	0.00833124400184	-0.0473582802772	-0.0394069367172	-0.0117498852421	0.0118573625739	-0.00973645841467	-0.0387821484605	-0.0360460249926	0.0201115804893	0.00980637481943	0.0102939606939	-0.0365525766211	-0.00266438731691	0.033382936515	-0.0489672006714	0.00881322108798	-0.0122874090608	-6.1276016537e-05	-0.0367225693939	-0.0604457020887	0.00934249654014	0.00850080323738	-0.0173966318468	-0.0482575721468	0.0106079178789	-0.034594168985	-0.0240187492427	-0.0238593096671	-0.0342025192974	-0.0187910455423	0.0329231903706	-0.0650890451734
k__Bacteria;p__Firmicutes;c__Clostridia;o__Clostridiales;f__Oscillospiraceae;g__Oscillibacter;s__Oscillibacter_sp._KLE_1745	0.000119486908009	0.0533642257532	-0.0464351500909	0.0142825840346	0.0243959208788	-0.0456796325545	-0.0487813497692	0.0101438625429	-0.0195582241784	-0.0238264220402	-0.0398740634228	0.0309116024905	0.0537756059733	0.00875714416978	-0.0312182194057	-0.00606526300095	-0.0352361769568	-0.0284042853831	-0.0328713660906	-0.0516047242067	-0.0434328671344	-0.0107730546662	-0.0269117089445	0.0710641084451	1.0	0.0574902250406	-0.0181529143043	-0.0133662913565	-0.00172616172404	0.0252102245664	-0.0670145406366	0.00933703716	-0.0101500248442	0.0425243829896	0.031635916597	-0.0102847182392	-0.0471856221307	-0.000524812046605	-0.00983383028824	-0.0422677960152	-0.0347505815116	-0.0748614202832	0.0237280084839	0.0131122031193	0.0312656790733	-0.00876245216514	0.0586417803246	0.00480910878425	0.032164957536	0.00993134297507	-0.0263046297858	-0.0284105737605	0.097466783097	-0.0199435437885	-0.0169540826395	-0.00633109245663	0.0243459635558	-0.0202398857798	0.00323825366141
k__Bacteria;p__Bacteroidetes;c__Bacteroidia;o__Bacteroidales;f__Bacteroidaceae;g__Bacteroides;s__Bacteroides_coprophilus	0.05522341933	-0.0376707997598	-0.0393486299292	-0.0645600090159	-0.0284795068928	-0.00161414974587	0.00586698906147	-0.0734157168093	0.0411910651662	0.00199072086285	-0.0231803919024	-0.0686017131658	0.0498821196038	-0.0461853231073	0.00408886329399	-0.049908025529	-0.00418551844233	-0.0273554872165	-0.0142099029057	0.00980633871619	-0.00777074675744	0.05065342942	0.00325941930686	0.0459542738006	0.0574902250406	1.0	0.0199408333441	-0.0113941951107	-0.0858066933509	0.0282250534062	0.0325402636548	-0.00726519196626	0.0334793029619	-0.00164291926722	-0.00555229098433	0.00783903979521	-0.00999641241634	-0.0371964388582	-0.0385200271924	-0.0318426123271	0.0880795368803	-0.0402296074715	-0.0219548462947	0.011028485074	0.0371080590098	-0.0670803619093	-0.0108974310773	0.0114954858364	0.0350680912609	-0.0079362547865	0.00844016319832	-0.050954439682	0.010716221123	-0.0696762770676	0.000170165597789	-0.00481324139118	-0.0178822069759	-0.0455605489082	0.0404683388012
k__Bacteria;p__Firmicutes;c__Clostridia;o__Clostridiales;f__Lachnospiraceae;g__Roseburia;s__Roseburia_intestinalis	-0.0171560555667	-0.0339439892311	-0.0080657763671	0.018601680439	-0.00035812635954	-0.0151914532404	0.0382506293439	0.0269900638434	-0.0562463720937	-0.0463107874317	-0.0647493485647	0.00464754286218	0.00776035249208	-0.0309103212396	-0.0339529147594	0.0486690103008	0.0234824265796	-0.00117643233124	-0.0213180337248	0.0560013586459	-0.0214423352842	-0.0466590106195	-0.0156415812768	0.0196105082249	-0.0181529143043	0.0199408333441	1.0	-0.0421841237148	0.0041367249718	0.0697674740209	-0.0181502254059	0.0332241258253	-0.0261708869115	-0.00990956853013	0.00819747208012	-0.00733824906174	-0.0503857086023	-0.0258565365242	-0.0611892757536	-0.00465490577086	0.070583339688	0.0301259040905	-0.0615407228461	0.0155112407329	-0.0760092735905	-0.0166151643401	0.0520138478035	-0.031481705063	-0.0186885680732	0.0097064379752	0.0157604018221	0.0109282521622	-0.0842221844542	-0.0143552394821	-0.00243973377141	-0.00210599469813	-0.00434806633201	-0.0102929137075	0.0114364385803
k__Bacteria;p__Firmicutes;c__Clostridia;o__Clostridiales;f__Lachnospiraceae;g__Roseburia;s__Roseburia_hominis	-0.0605643538031	-0.0258153769449	0.0177362642982	-0.0253743609115	-0.0404619039898	0.0187378518151	-0.0256062551309	-0.0850563564998	0.0315115567102	-0.0520480705752	-0.0184269307865	0.0256861060318	0.0309813730685	-0.0103667092884	0.025327231954	-0.0782685272681	0.0234173628758	-0.0449538061107	0.0115693650287	-0.0236900371682	0.0186627395615	-0.0383007391867	0.0201274542173	0.00833124400184	-0.0133662913565	-0.0113941951107	-0.0421841237148	1.0	0.0401573936947	0.0419181288663	-0.0122164931152	0.0200788604898	-0.0100165130815	-0.0659209198275	-0.00347246252199	0.0576534981536	-0.0203468865326	0.00787737815139	-0.0670498374427	0.0351137858466	-0.0327258201509	-0.0773440841153	0.0123624692792	-0.0127593745396	0.0125983388953	-0.029783447963	-0.0400544296039	0.0366935293651	-0.0476092306196	0.00561558252728	0.00219578688418	0.0405762389438	0.0458864777411	-0.0177512457881	-0.0532067675964	-0.00173503426687	-0.0370227196868	-0.0379582851193	-0.0460753441746
k__Bacteria;p__Bacteroidetes;c__Bacteroidia;o__Bacteroidales;f__Porphyromonadaceae;g__Parabacteroides;s__Parabacteroides_johnsonii	-0.0425721894273	-0.0235683995914	-0.0182794853516	-0.013696357067	-0.0783075580995	0.0671567543217	0.0464658009958	-0.0041257122701	0.00586236544617	-0.12285613304	0.0328337237453	-0.0117028317505	0.0918160599891	-0.102336936013	-0.0626624573605	-0.00324261574756	-0.000310339222178	0.00842547538266	0.0247226389062	0.0504123147043	0.0180662092266	-0.0305531061474	0.0108175278876	-0.0473582802772	-0.00172616172404	-0.0858066933509	0.0041367249718	0.0401573936947	1.0	0.0748390108718	-0.0430019815219	-0.00390805620508	-0.0341347728579	0.00431421795214	0.0453006868088	0.0481728118175	-0.0598936657767	0.0547477399452	-0.00443521967428	0.00287350469488	-0.0837982783028	-0.0224454014855	-0.0308089877774	0.0163981581349	-0.00227452829622	0.0078825891195	-0.0490075070053	-0.0486792412233	0.0143513776343	-0.022600530336	0.0382918843781	-0.0150675703774	-0.0135907456739	-0.046121451508	-0.0199907942991	-0.00543445030649	0.00236850597527	0.0147712307739	-0.0437583523453
k__Bacteria;p__Actinobacteria;c__Actinobacteria;o__Bifidobacteriales;f__Bifidobacteriaceae;g__Bifidobacterium;s__Bifidobacterium_longum	-0.020299861398	-0.0266531803861	-0.0160173904899	-0.00584192620765	-0.0253910274327	-0.0581633556314	-0.0429010255179	-0.0137481973055	-0.0186421843065	-0.0765364926737	-0.0111217515724	-0.0224988211847	0.0321186276578	0.00620086140578	-0.0447353628851	-0.0221695326268	-0.0353840576322	-0.0380516906132	-0.0424999593842	-0.0856650461965	-0.0229823704567	0.0112697655271	0.0152437711232	-0.0394069367172	0.0252102245664	0.0282250534062	0.0697674740208	0.0419181288663	0.0748390108718	1.0	-0.0182026138153	-0.0115250946279	-0.0364330009789	0.0291358024181	-0.0556950200338	0.0146210587431	-0.033868607247	0.0202648999515	-0.0648145700572	0.0165582060146	-0.0241934107103	-0.0102298533311	-0.00167985257301	-0.00673213719554	-0.0161726567122	-0.0190694650885	-0.00989302123961	-0.0518927669857	-0.0324312034013	-0.0654364479843	-0.0243665833554	0.0108998957159	0.0181340960585	-0.062900239229	-0.0393005639696	0.0368557260767	0.00264715186668	0.00172674282088	0.0316663077869
