#taxonomy	k__Bacteria;p__Bacteroidetes;c__Bacteroidia;o__Bacteroidales;f__Bacteroidaceae;g__Bacteroides;s__Bacteroides_vulgatus	k__Bacteria;p__Bacteroidetes;c__Bacteroidia;o__Bacteroidales;f__Bacteroidaceae;g__Bacteroides;s__Bacteroides_uniformis	k__Bacteria;p__Bacteroidetes;c__Bacteroidia;o__Bacteroidales;f__Rikenellaceae;g__Alistipes;s__Alistipes_putredinis	k__Bacteria;p__Bacteroidetes;c__Bacteroidia;o__Bacteroidales;f__Prevotellaceae;g__Prevotella;s__Prevotella_copri	k__Bacteria;p__Bacteroidetes;c__Bacteroidia;o__Bacteroidales;f__Bacteroidaceae;g__Bacteroides;s__Bacteroides_stercoris	k__Bacteria;p__Bacteroidetes;c__Bacteroidia;o__Bacteroidales;f__Bacteroidaceae;g__Bacteroides;s__Bacteroides_ovatus	k__Bacteria;p__Bacteroidetes;c__Bacteroidia;o__Bacteroidales;f__Rikenellaceae;g__Alistipes;s__Alistipes_shahii	k__Bacteria;p__Firmicutes;c__Clostridia;o__Clostridiales;f__Ruminococcaceae;g__Faecalibacterium;s__Faecalibacterium_prausnitzii	k__Bacteria;p__Bacteroidetes;c__Bacteroidia;o__Bacteroidales;f__Rikenellaceae;g__Alistipes;s__Alistipes_finegoldii	k__Bacteria;p__Bacteroidetes;c__Bacteroidia;o__Bacteroidales;f__Porphyromonadaceae;g__Parabacteroides;s__Parabacteroides_distasonis	k__Bacteria;p__Bacteroidetes;c__Bacteroidia;o__Bacteroidales;f__Bacteroidaceae;g__Bacteroides;s__Bacteroides_thetaiotaomicron	k__Bacteria;p__Bacteroidetes;c__Bacteroidia;o__Bacteroidales;f__Bacteroidaceae;g__Bacteroides;s__Bacteroides_coprocola	k__Bacteria;p__Bacteroidetes;c__Bacteroidia;o__Bacteroidales;f__Bacteroidaceae;g__Bacteroides;s__Bacteroides_cellulosilyticus	k__Bacteria;p__Bacteroidetes;c__Bacteroidia;o__Bacteroidales;f__Rikenellaceae;g__Alistipes;s__Alistipes_obesi	k__Bacteria;p__Firmicutes;c__Clostridia;o__Clostridiales;f__Lachnospiraceae;g__;s__[Eubacterium]_rectale	k__Bacteria;p__Bacteroidetes;c__Bacteroidia;o__Bacteroidales;f__Bacteroidaceae;g__Bacteroides;s__Bacteroides_plebeius	k__Bacteria;p__Bacteroidetes;c__Bacteroidia;o__Bacteroidales;f__Bacteroidaceae;g__Bacteroides;s__Bacteroides_fragilis	k__Bacteria;p__Proteobacteria;c__Betaproteobacteria;o__Burkholderiales;f__Sutterellaceae;g__Sutterella;s__Sutterella_wadsworthensis	k__Bacteria;p__Bacteroidetes;c__Bacteroidia;o__Bacteroidales;f__Porphyromonadaceae;g__Barnesiella;s__Barnesiella_intestinihominis	k__Bacteria;p__Bacteroidetes;c__Bacteroidia;o__Bacteroidales;f__Odoribacteraceae;g__Odoribacter;s__Odoribacter_splanchnicus	k__Bacteria;p__Bacteroidetes;c__Bacteroidia;o__Bacteroidales;f__Bacteroidaceae;g__Bacteroides;s__Bacteroides_salyersiae	k__Bacteria;p__Firmicutes;c__Clostridia;o__Clostridiales;f__Ruminococcaceae;g__Ruminiclostridium;s__[Eubacterium]_siraeum	k__Bacteria;p__Proteobacteria;c__Betaproteobacteria;o__Burkholderiales;f__Sutterellaceae;g__Parasutterella;s__Parasutterella_excrementihominis	k__Bacteria;p__Actinobacteria;c__Actinobacteria;o__Bifidobacteriales;f__Bifidobacteriaceae;g__Bifidobacterium;s__Bifidobacterium_adolescentis	k__Bacteria;p__Firmicutes;c__Clostridia;o__Clostridiales;f__Oscillospiraceae;g__Oscillibacter;s__Oscillibacter_sp._KLE_1745	k__Bacteria;p__Bacteroidetes;c__Bacteroidia;o__Bacteroidales;f__Bacteroidaceae;g__Bacteroides;s__Bacteroides_coprophilus	k__Bacteria;p__Firmicutes;c__Clostridia;o__Clostridiales;f__Lachnospiraceae;g__Roseburia;s__Roseburia_intestinalis	k__Bacteria;p__Firmicutes;c__Clostridia;o__Clostridiales;f__Lachnospiraceae;g__Roseburia;s__Roseburia_hominis	k__Bacteria;p__Bacteroidetes;c__Bacteroidia;o__Bacteroidales;f__Porphyromonadaceae;g__Parabacteroides;s__Parabacteroides_johnsonii	k__Bacteria;p__Actinobacteria;c__Actinobacteria;o__Bifidobacteriales;f__Bifidobacteriaceae;g__Bifidobacterium;s__Bifidobacterium_longum	k__Bacteria;p__Firmicutes;c__Clostridia;o__Clostridiales;f__;g__Flavonifractor;s__Flavonifractor_plautii	k__Bacteria;p__Firmicutes;c__Clostridia;o__Clostridiales;f__Clostridiaceae;g__Clostridium;s__Clostridium_phoceensis	k__Bacteria;p__Verrucomicrobia;c__Verrucomicrobiae;o__Verrucomicrobiales;f__Akkermansiaceae;g__Akkermansia;s__Akkermansia_muciniphila	k__Bacteria;p__Bacteroidetes;c__Bacteroidia;o__Bacteroidales;f__Prevotellaceae;g__Paraprevotella;s__Paraprevotella_xylaniphila	k__Bacteria;p__Firmicutes;c__Clostridia;o__Clostridiales;f__Ruminococcaceae;g__Ruminococcus;s__Ruminococcus_callidus	k__Bacteria;p__Bacteroidetes;c__Bacteroidia;o__Bacteroidales;f__Rikenellaceae;g__Alistipes;s__Alistipes_senegalensis	k__Bacteria;p__Firmicutes;c__Clostridia;o__Clostridiales;f__Lachnospiraceae;g__Blautia;s__Blautia_sp._KLE_1732	k__Bacteria;p__Bacteroidetes;c__Bacteroidia;o__Bacteroidales;f__Bacteroidaceae;g__Bacteroides;s__Bacteroides_oleiciplenus	k__Bacteria;p__Firmicutes;c__Clostridia;o__Clostridiales;f__Ruminococcaceae;g__Ruminococcus;s__Ruminococcus_bicirculans	k__Bacteria;p__Bacteroidetes;c__Bacteroidia;o__Bacteroidales;f__Bacteroidaceae;g__Bacteroides;s__Bacteroides_fluxus	k__Bacteria;p__Bacteroidetes;c__Bacteroidia;o__Bacteroidales;f__Prevotellaceae;g__Prevotella;s__Prevotella_stercorea	k__Bacteria;p__Firmicutes;c__Clostridia;o__Clostridiales;f__Lachnospiraceae;g__Dorea;s__Dorea_longicatena	k__Bacteria;p__Firmicutes;c__Clostridia;o__Clostridiales;f__Eubacteriaceae;g__Eubacterium;s__[Eubacterium]_eligens	k__Bacteria;p__Firmicutes;c__Clostridia;o__Clostridiales;f__Ruminococcaceae;g__;s__Ruminococcaceae_bacterium_D16	k__Bacteria;p__Firmicutes;c__Clostridia;o__Clostridiales;f__Lachnospiraceae;g__Coprococcus;s__Coprococcus_comes	k__Bacteria;p__Proteobacteria;c__Gammaproteobacteria;o__Enterobacterales;f__Enterobacteriaceae;g__Escherichia;s__Escherichia_coli	k__Bacteria;p__Firmicutes;c__Clostridia;o__Clostridiales;f__Ruminococcaceae;g__Anaerotruncus;s__Anaerotruncus_colihominis	k__Bacteria;p__Firmicutes;c__Clostridia;o__Clostridiales;f__Lachnospiraceae;g__Blautia;s__Blautia_obeum	k__Bacteria;p__Bacteroidetes;c__Bacteroidia;o__Bacteroidales;f__Odoribacteraceae;g__Odoribacter;s__Odoribacter_laneus	k__Bacteria;p__Firmicutes;c__Clostridia;o__Clostridiales;f__Ruminococcaceae;g__Ruminiclostridium;s__[Clostridium]_leptum	k__Bacteria;p__Bacteroidetes;c__Bacteroidia;o__Bacteroidales;f__Porphyromonadaceae;g__Parabacteroides;s__Parabacteroides_goldsteinii	k__Bacteria;p__Firmicutes;c__Clostridia;o__Clostridiales;f__Lachnospiraceae;g__Anaerostipes;s__Anaerostipes_hadrus	k__Bacteria;p__Firmicutes;c__Clostridia;o__Clostridiales;f__Ruminococcaceae;g__Ruminococcus;s__Ruminococcus_lactaris	k__Bacteria;p__Firmicutes;c__Clostridia;o__Clostridiales;f__Clostridiaceae;g__Clostridium;s__Clostridium_sp._L2-50	k__Bacteria;p__Firmicutes;c__Clostridia;o__Clostridiales;f__Clostridiaceae;g__Clostridium;s__Clostridium_sp._M62/1	k__Bacteria;p__Firmicutes;c__Clostridia;o__Clostridiales;f__;g__Intestinimonas;s__Intestinimonas_butyriciproducens	k__Bacteria;p__Actinobacteria;c__Actinobacteria;o__Bifidobacteriales;f__Bifidobacteriaceae;g__Bifidobacterium;s__Bifidobacterium_bifidum	k__Bacteria;p__Firmicutes;c__Negativicutes;o__Veillonellales;f__Veillonellaceae;g__Dialister;s__Dialister_invisus	k__Bacteria;p__Bacteroidetes;c__Bacteroidia;o__Bacteroidales;f__Bacteroidaceae;g__Bacteroides;s__Bacteroides_salanitronis
k__Bacteria;p__Bacteroidetes;c__Bacteroidia;o__Bacteroidales;f__Bacteroidaceae;g__Bacteroides;s__Bacteroides_vulgatus	1.0	-0.00521899006553	-0.0186888575128	-0.0339723215345	0.00806597698426	-0.0523842938915	-0.0620442786512	-0.00807228545867	0.0741490855391	-0.0126375537445	0.118877423537	0.0143872752803	0.0493648718047	0.0850199299702	-0.0210069441038	-0.0113460594361	-0.0116750975322	-0.0118549934367	0.0219261924684	-0.00305791881657	-0.0611113647905	0.00770230239528	0.021576755185	-0.0152616560354	-0.0176505722118	-0.0452148615825	-0.00695776589947	0.0556091387452	-0.0142298187852	-0.0254238486643	-0.0173065767604	0.0258750826481	-0.0145331923055	-0.0277762995465	-0.02312608976	-0.0312001024497	-0.0312444854375	0.0278041057567	-0.0279183089749	-0.0488629200002	-0.0716438815342	-0.100595346246	-0.0416036755865	-0.0793633281951	-0.0418534889534	0.0276068172249	-0.0225267408227	-0.018307839656	-0.0457069469117	-0.0256535563678	0.00895218520058	0.0110501998431	0.0451435545586	0.00727739024506	0.0115717829121	0.00613692168774	-0.0821434914528	0.00160412343501	0.0213610213825
k__Bacteria;p__Bacteroidetes;c__Bacteroidia;o__Bacteroidales;f__Bacteroidaceae;g__Bacteroides;s__Bacteroides_uniformis	-0.00521899006553	1.0	0.0262640667552	-0.0745784598409	-0.0487193039597	-0.00790108257816	0.0329029520403	-0.0754483899172	0.0601995261095	0.0346253012223	-0.0263083339574	0.0312149614981	-0.0315420931641	-0.0606367954016	0.0152445313575	-0.0437220451842	-0.025255949069	0.0479746987892	-0.0533766215775	-0.00917072723212	-0.00801025725472	-0.0129938092248	-0.0665693745597	0.029797388907	-0.0177761634926	0.0191862488398	0.0458182310066	-0.000502611025745	0.000931285787385	-0.111196386294	-0.0331782326327	0.0220435648678	-0.0253258477315	0.0155779754667	-0.0412396290389	-0.0304420257727	-0.0345248841399	-0.0853852128225	-0.00915839353593	-0.0316765120401	0.0257278975205	-0.0145248080013	-0.00361041430545	-0.0390889460933	-0.0550912151213	0.0302454241549	-0.0236251302129	-0.00322043326729	-0.0490312204496	0.0112592211881	-0.0210773008684	-0.0205275906409	-0.0149910114601	-0.0539256894771	-0.0139320282165	-0.00201729774004	0.02185226732	0.0544093577338	0.0439505042568
k__Bacteria;p__Bacteroidetes;c__Bacteroidia;o__Bacteroidales;f__Rikenellaceae;g__Alistipes;s__Alistipes_putredinis	-0.0186888575128	0.0262640667552	1.0	0.00331432874816	0.0293407688393	-0.0722285448934	0.0129627455436	-0.0375894662241	-0.0412441642815	0.0298369407956	0.0525809271951	-0.0261407216715	0.0635416386644	0.0174162474454	0.0203406065294	-0.0404799416968	0.00483569622992	-0.0547248974461	0.0479496027181	-0.0869484753384	-0.0351438278194	0.0399408664199	0.0109567989639	0.00693369645802	0.0193566433385	-0.0585314325098	-0.101222106361	0.108760469821	-0.0323757189015	0.0443804047235	-0.063437612922	-0.0683131474097	-0.0358871807457	-0.00326698488576	-0.013154164255	-0.0306245683995	0.0218247080129	-0.0366641684899	-0.00630466186386	-0.03334987139	-0.0102398651918	-0.00325858438566	-0.0855877821006	-0.00774220096533	0.0248736926133	-0.0280226476502	-0.0977913679128	-0.0119837867626	0.00558204663569	-0.0568301021802	-0.0290923657006	0.0150730100663	0.0178534097039	0.0246717990901	0.0441199671084	0.0187955159092	0.0424563163585	0.0475023203306	-0.0191993895726
k__Bacteria;p__Bacteroidetes;c__Bacteroidia;o__Bacteroidales;f__Prevotellaceae;g__Prevotella;s__Prevotella_copri	-0.0339723215345	-0.0745784598409	0.00331432874816	1.0	-0.0177517440368	0.0231743568822	-0.0147229574667	4.68669432261e-05	-0.0220995246879	-0.0260164794091	-0.0669320640416	-0.00392616045137	-0.0532949968629	-0.00970117907846	-0.00963336270923	-0.0283192309028	-0.00894794617188	-0.0435160544374	0.00197979147582	0.0699077583853	0.0194985573611	-0.0707982377198	-0.0133361509629	-0.00509407104921	0.0322504269698	-0.0325548273221	-0.0229569969917	0.0149305589394	-0.00534180054667	-0.00312071325994	-0.0347652344226	-0.00365209806361	0.0430296108534	0.00672042941834	0.0212796466319	0.036439896446	-0.041220888551	0.0610084439597	-0.0172843885567	-0.0332559884784	0.0120479501034	-0.00456743093862	-0.0368284660303	0.00946894273181	0.00160665958683	-0.0333421688746	-0.00910765998773	-0.0971977470284	0.011007857257	0.0539914141989	-0.0359855444285	-0.0480435138494	-0.0111764248166	-0.0220046451782	0.0348434594611	-0.00984631644004	-0.040246224867	-0.00085912150038	-0.0147623053121
k__Bacteria;p__Bacteroidetes;c__Bacteroidia;o__Bacteroidales;f__Bacteroidaceae;g__Bacteroides;s__Bacteroides_stercoris	0.00806597698426	-0.0487193039597	0.0293407688393	-0.0177517440368	1.0	0.0155623253776	-0.0768888550524	-0.00433101303996	0.0155482135868	0.0121349458742	-0.0283559542812	0.0647117561512	-0.00385046176088	0.0127265145227	-0.0111654780552	-0.010107300105	0.0189110294031	-0.0118430518446	-0.0100723829434	0.0224834953451	-0.00345727037936	-0.00428939171355	-0.038025779436	0.0123813463689	0.0165482644049	0.0106565290281	-0.0199377200397	-0.00992468148065	0.016176078124	-0.00903910310646	-0.0534245334414	-0.0333109577006	0.0132821026332	0.0203878802095	0.0171773327012	-0.0180058926973	-0.0177822470145	-0.0335251863333	0.0314429619969	-0.0666727394147	0.0577720463527	0.0201707829438	-0.0214677903885	0.0339819842017	0.0581129459101	0.0185333524136	-0.0559111363211	-0.0847302997835	-0.0374044534646	-0.0359320609779	0.0210449680406	0.0713804726457	0.0367811358785	-0.0490960195461	-0.00193408293489	0.0181828571232	0.0103239143253	-0.0043522907684	-0.0570206620523
k__Bacteria;p__Bacteroidetes;c__Bacteroidia;o__Bacteroidales;f__Bacteroidaceae;g__Bacteroides;s__Bacteroides_ovatus	-0.0523842938915	-0.00790108257816	-0.0722285448934	0.0231743568822	0.0155623253776	1.0	-0.0101651202495	-0.00126246419018	-0.0514743054489	-0.0336956568791	0.00170068428835	0.0292219211324	-0.0494839775589	-0.0177087265122	-0.0203517120913	-0.0402741090229	-0.0350602675343	-0.0586804218111	-0.0114656965897	0.0255258968364	-0.0252212274367	0.0371036336272	0.0280789714947	0.0424808535909	0.0060219485857	0.0129086429853	-0.0428344814488	-0.0266276022983	0.065192400822	-0.0145210372354	0.0168621953337	0.0131892854751	0.0589249318679	0.00173415076593	0.0490757492329	-0.015802032108	-0.0173758237358	0.00482000425145	-0.0700368274666	0.012938566031	0.065342663405	0.0214117679635	-0.0375758961148	0.0127197167943	-0.040357984701	0.00149205139216	0.046117838741	0.0375669707877	-0.0427116865613	-0.0394954443436	-0.0806442755132	0.0292136828142	-0.0261954938272	0.00698147593584	-0.0313050927705	-0.0320638660969	-0.0207436246939	-0.0634852595043	-0.0529188698163
k__Bacteria;p__Bacteroidetes;c__Bacteroidia;o__Bacteroidales;f__Rikenellaceae;g__Alistipes;s__Alistipes_shahii	-0.0620442786512	0.0329029520403	0.0129627455436	-0.0147229574667	-0.0768888550524	-0.0101651202495	1.0	0.0416270970122	0.0260441586288	0.00454900101398	0.0176344295573	-0.116688815104	-0.0186345413095	-0.0112742046766	0.0532961786518	-0.0397407236643	0.0214883138095	0.0106540409823	-0.0157554447833	-0.0303896793839	-0.0265545359451	0.0270230865925	0.0130042971811	-0.0119049462097	-0.00453312361772	-0.0269681716681	-0.00385513323833	0.0374377987894	-0.0727993884084	-0.0578865020124	0.0347194572888	-0.0303078886154	-0.0657351842145	-0.022932216068	0.0154196325348	0.0140926452134	0.0679142065492	-0.0307028974271	-0.013149075619	0.00210422143319	-0.0491503918254	0.0373852902598	-0.0422277651233	0.0235084804342	0.018225239819	-0.0349881139526	0.0332031592398	0.0196072969877	0.05021382162	-0.00675590186744	0.0314321188428	0.0112895220941	-0.0168570631737	-0.0373642201487	-0.0330191723872	0.0310986781349	-0.0105560253374	-0.0379785702107	-0.0223565141619
k__Bacteria;p__Firmicutes;c__Clostridia;o__Clostridiales;f__Ruminococcaceae;g__Faecalibacterium;s__Faecalibacterium_prausnitzii	-0.00807228545867	-0.0754483899172	-0.0375894662241	4.6866943226e-05	-0.00433101303996	-0.00126246419018	0.0416270970122	1.0	0.0288212872538	0.0299399265829	-0.0197097197752	0.0149000212905	-0.0480984639274	-0.0160833251697	-0.00804841299373	0.0153810517494	-0.056047237567	0.0426430797895	0.0141181304785	-0.0561483643804	-0.0220361684711	-0.0686455629427	-0.0497605333315	-0.0162920047188	-0.0536484938505	0.0251710797402	0.0601147202548	-0.0150577775687	0.0215841211189	0.00669752064147	0.00645333351303	-0.0293561933933	0.021502508562	0.000904159397918	0.0424867268886	-0.0751054270198	0.0269358696595	-0.111369583106	0.00141217028597	0.0371535808211	-0.0580184627062	-0.0298261117437	-0.00801470722307	-0.000679262257327	-0.0948465958116	0.0658469380453	-0.0518342175641	-0.0592095534421	-0.0624599724147	-0.0259913397042	-0.0265144048448	-0.091559457018	-0.0514944050064	-0.0212837956045	-0.0237059194323	-0.00664012660024	-0.00407558711545	0.00605878254153	0.0318935837003
k__Bacteria;p__Bacteroidetes;c__Bacteroidia;o__Bacteroidales;f__Rikenellaceae;g__Alistipes;s__Alistipes_finegoldii	0.0741490855391	0.0601995261095	-0.0412441642815	-0.0220995246879	0.0155482135868	-0.0514743054489	0.0260441586288	0.0288212872538	1.0	0.0250575565329	0.0188792256307	-0.00228487686792	-0.0584034696529	0.0155335608468	-0.0180003336829	0.0160693822127	-0.0733800136711	-0.024653128398	0.0488954736257	-0.0919974657531	-0.0172860115058	-0.00304097777759	0.00199490960945	-0.0895694395286	0.0295480018596	0.0201542822682	-0.033126946851	-0.0221772199246	0.0372659538696	-0.0204318590634	-0.00972586228714	0.00927500969657	-0.0041063742351	0.00466195405421	-0.0250795390068	-0.00942374613301	-0.0649055147228	-0.0209824154431	0.0202733429163	-0.0112444397207	-0.0216350879129	-0.035095045414	-0.033789953791	0.000592001524153	-0.0269306949333	-0.0136739948741	0.00553805362249	0.00486117742119	-0.0517156785655	0.0373743621584	-0.0216959032233	-0.0476951425152	-0.0361163199792	0.0120829850005	-0.0484987829714	0.0128140399783	-0.00634313060032	-0.0020871223532	0.0173008332036
k__Bacteria;p__Bacteroidetes;c__Bacteroidia;o__Bacteroidales;f__Porphyromonadaceae;g__Parabacteroides;s__Parabacteroides_distasonis	-0.0126375537445	0.0346253012223	0.0298369407956	-0.0260164794091	0.0121349458742	-0.0336956568791	0.00454900101398	0.0299399265829	0.0250575565329	1.0	0.0345658233939	0.0298565801535	-0.00130350254247	-0.00816487991822	-0.0454968051372	-0.00555398990547	0.0322204428524	0.000819287062479	0.0411560562986	0.0102598192855	0.13243253201	0.0501353211915	-0.0324881679396	-0.0150713760978	-0.018456580771	-0.0588067014017	-0.0328176387037	-0.0559075210784	0.0837577836281	-0.0398158787262	-0.01618320859	0.00302176230826	-0.0365235285381	-0.0355499735379	-0.0197119962012	-0.0726502523815	-0.00116675129237	-0.0448976433737	0.0192296206032	-0.0383526391128	0.0143033289085	-0.0472610584942	-0.0252559284639	-0.0194940522621	-0.00518120664068	-0.0440110023211	0.0371488884498	-0.00754385087368	-0.0178405217572	-0.0393505640329	-0.0636039910416	0.0132522363309	-0.0360848671251	-0.0162638504627	-0.0326096368698	0.00926436233456	-0.000645471459743	-0.0111185153187	-0.0219375383747
k__Bacteria;p__Bacteroidetes;c__Bacteroidia;o__Bacteroidales;f__Bacteroidaceae;g__Bacteroides;s__Bacteroides_thetaiotaomicron	0.118877423537	-0.0263083339574	0.0525809271951	-0.0669320640416	-0.0283559542812	0.00170068428835	0.0176344295573	-0.0197097197752	0.0188792256307	0.0345658233939	1.0	-0.0313676559304	-0.0106816432689	-0.0608310091932	-0.00636291686081	0.0248660895943	-0.0343803722388	0.016776015404	0.0442512920855	-0.000957987573322	0.0331997730025	0.0195234815731	0.00864899381755	-0.00937859009774	-0.0247513249097	-0.0424336479426	0.037916161266	0.0375496131476	-0.0251190397143	0.00434865008358	-0.0337136929374	0.0348929218315	-0.00589965801762	-0.00441388097367	0.00308882566723	-0.0308866148411	-0.0184866650926	-0.0658869072265	0.0520718374788	-0.00829749066695	0.0559332672438	-0.0559841621289	-0.0168918436478	0.00627910928339	-0.0137408384864	-0.0120961197367	0.0174052616781	0.0293946697373	-0.0242552444181	-0.0142381213918	-0.0224480259546	-0.0199755790333	0.00222966925665	0.0114033753802	0.0375391565214	0.00537566406869	-0.0374329833831	-0.00858272036226	-0.0488435494087
k__Bacteria;p__Bacteroidetes;c__Bacteroidia;o__Bacteroidales;f__Bacteroidaceae;g__Bacteroides;s__Bacteroides_coprocola	0.0143872752803	0.0312149614981	-0.0261407216715	-0.00392616045137	0.0647117561512	0.0292219211324	-0.116688815104	0.0149000212905	-0.00228487686792	0.0298565801535	-0.0313676559304	1.0	0.00465621318493	-0.0448905642146	-0.0104858378562	-0.011250679525	-0.0112323952421	-0.0519324623378	0.0229334377548	-0.0602161299398	-0.0289127703531	-0.0216128435301	0.0222241109977	-0.0622916783723	0.000903434647291	-0.0511434698571	-0.0157870810046	-0.0107843007499	0.00356899626801	0.027644445288	-0.0276722322591	-0.0110531963753	-0.0636273050166	-0.0154604315382	-0.00681397684897	0.06096774856	-0.0180427383393	-0.0321887069848	-0.00266205069979	0.0188338322907	0.0195997663457	0.0179923843599	-0.00541643069755	-0.0118143878835	0.00400137408818	-0.00288820930606	-0.0197479952341	-0.0298241453057	0.0132885410483	-0.0253352516737	-0.0149085717746	0.00886880187827	-0.0795408846489	-0.0291717134173	0.0697130110941	0.0323616176461	-0.0438614124197	-0.0311790020061	0.00824057891337
k__Bacteria;p__Bacteroidetes;c__Bacteroidia;o__Bacteroidales;f__Bacteroidaceae;g__Bacteroides;s__Bacteroides_cellulosilyticus	0.0493648718047	-0.0315420931641	0.0635416386644	-0.0532949968629	-0.00385046176088	-0.0494839775589	-0.0186345413095	-0.0480984639274	-0.0584034696529	-0.00130350254247	-0.0106816432689	0.00465621318493	1.0	-0.00445458257547	0.0331032785416	-0.00726542207	-0.0279728538594	-0.0310431853977	-0.0542289933585	-0.0677360855903	0.00601014335201	-0.026751207556	0.0209505961615	0.0191257430396	-0.0750939377339	-0.0103823024884	-0.0391096815006	0.0502029290561	0.0739411128194	-0.0681919440033	-0.00648599109334	-0.00831170770647	0.00199572629298	0.096941672816	0.0301370148897	0.0315795083393	-0.00470657933662	0.0415926440351	0.00696426927364	-0.0630323042417	-0.0580599016045	0.0390118671398	0.00812267404797	0.0136289464073	-0.0285049386475	0.046328964488	0.0172123775098	-0.0286785684515	-0.0542001950851	-0.0287847999159	-0.0376608779414	-0.0151852726335	0.012279882204	-0.0172439798693	0.0419640209471	-0.0217639241167	0.0274876039027	-0.0638731387265	-0.0237793744749
k__Bacteria;p__Bacteroidetes;c__Bacteroidia;o__Bacteroidales;f__Rikenellaceae;g__Alistipes;s__Alistipes_obesi	0.0850199299702	-0.0606367954016	0.0174162474454	-0.00970117907846	0.0127265145227	-0.0177087265122	-0.0112742046766	-0.0160833251697	0.0155335608468	-0.00816487991822	-0.0608310091932	-0.0448905642146	-0.00445458257547	1.0	-0.0115199641717	-0.0204806062097	0.0496666035289	0.0274311573577	0.0467424284571	0.0484922963721	-0.0465363822846	-0.0273821601061	-0.0188179357238	-0.00960562586848	0.022108006133	0.0252402236115	0.0142677751643	-0.0695067189393	0.00908059581966	-0.00465026911431	-0.022709272907	-0.0803978987561	-0.00909022809018	-0.0126780828712	0.0327499730809	-0.032016363103	-0.0555208176568	-0.0228725917074	-5.10563640089e-05	0.00417054930515	0.0158530936009	-0.0571805659396	0.0183424969216	-0.000114574285037	-0.0516456926551	-0.0334523475219	-0.0292758605325	0.0472396873873	0.00781305651246	-0.0428456181159	0.0225477576188	0.0438740147088	-0.00343088819649	0.0477291733426	0.0278474766375	-0.0363696403643	-0.0403081062802	-0.0449891756701	-0.0254828653458
k__Bacteria;p__Firmicutes;c__Clostridia;o__Clostridiales;f__Lachnospiraceae;g__;s__[Eubacterium]_rectale	-0.0210069441038	0.0152445313575	0.0203406065294	-0.00963336270923	-0.0111654780552	-0.0203517120913	0.0532961786518	-0.00804841299373	-0.0180003336829	-0.0454968051372	-0.00636291686081	-0.0104858378562	0.0331032785416	-0.0115199641717	1.0	0.0195727855673	0.012300133065	0.0220606182931	0.018995396427	-0.0306015443256	-0.0484675169281	-0.0326184091534	-0.0167868218233	-0.03922635574	0.00285276305947	-0.0190190941503	-0.0160722630856	-0.0299384538221	0.028600315458	-0.0365097165994	0.0225031267639	-0.0208839767928	0.0198896391766	0.00912427172735	-0.00166639002145	-0.000473400184403	0.0108005375715	-0.0468251600151	0.0487179088721	0.00690831063879	-0.0138757076423	-0.00231091762033	0.0165283753033	-0.0144226859715	-0.00157376649865	-0.0711408647296	-0.0231440105574	-0.043021193433	0.0260425743502	-0.0446810949943	-0.00884903357822	0.0447335603437	-0.038518699262	0.0122431308012	0.0580323394184	0.0920634477153	-0.0261015119281	-0.0074325723547	0.0328243548292
k__Bacteria;p__Bacteroidetes;c__Bacteroidia;o__Bacteroidales;f__Bacteroidaceae;g__Bacteroides;s__Bacteroides_plebeius	-0.0113460594361	-0.0437220451842	-0.0404799416968	-0.0283192309028	-0.010107300105	-0.0402741090229	-0.0397407236643	0.0153810517494	0.0160693822127	-0.00555398990547	0.0248660895943	-0.011250679525	-0.00726542207	-0.0204806062097	0.0195727855673	1.0	-0.0422190683926	0.0226400340842	0.00456708005701	-0.0286704506273	0.00215553438713	-0.0473496666146	0.0216620942088	-0.0259973623973	-0.0239977192858	-0.0762980555097	0.036806003933	-0.0251376568763	-0.0173017380101	-0.0107360494998	-0.0762334240318	0.042200801265	-0.025350755175	-0.041282949011	-0.0201967501052	-5.68979215159e-05	0.0229351755493	-0.0426347041792	-0.0368891582869	0.0432609254872	-0.0448946562996	-0.00976313200195	0.0158459961642	0.00639944429548	0.0094162460927	-0.0688467176999	0.0442823742954	-0.0744073332951	-0.0131218818269	0.0187075261977	0.00529163285214	-0.0249725096453	-0.0763751226229	-0.0130964485451	-0.0213121886101	-0.0193553032408	0.0648120127491	-0.0558974320433	0.0382632389592
k__Bacteria;p__Bacteroidetes;c__Bacteroidia;o__Bacteroidales;f__Bacteroidaceae;g__Bacteroides;s__Bacteroides_fragilis	-0.0116750975322	-0.025255949069	0.00483569622992	-0.00894794617188	0.0189110294031	-0.0350602675343	0.0214883138095	-0.056047237567	-0.0733800136711	0.0322204428524	-0.0343803722388	-0.0112323952421	-0.0279728538594	0.0496666035289	0.012300133065	-0.0422190683926	1.0	-0.0204502827573	-0.0458373525549	0.00114864049858	0.0326831288695	0.0241959129772	-0.0079168899627	0.0273171255305	0.0305082017045	-0.00669572203708	-0.0317119315571	-0.0555932465549	-0.0362623648794	-0.00151097066077	-0.00836958334965	-0.0190421656498	-0.0380025501283	0.0242783366199	-0.0133652141474	-0.0611876559806	0.0139954340454	0.00959498658429	0.0119275882045	0.0191812638759	0.00592762900848	-0.0840391990907	0.0558625006647	-0.0308352591154	-0.0208075936124	0.040520895809	-0.0251029396693	-0.0101990388558	-0.0393098202889	-0.0447891650847	-0.0364742508231	0.0502852008176	-0.0137063933773	0.0488590641861	0.0329738061491	0.0417573815079	-0.0400513098302	-0.0479217392687	-0.0221136992261
k__Bacteria;p__Proteobacteria;c__Betaproteobacteria;o__Burkholderiales;f__Sutterellaceae;g__Sutterella;s__Sutterella_wadsworthensis	-0.0118549934367	0.0479746987892	-0.0547248974461	-0.0435160544374	-0.0118430518446	-0.0586804218111	0.0106540409823	0.0426430797895	-0.024653128398	0.000819287062479	0.016776015404	-0.0519324623378	-0.0310431853977	0.0274311573577	0.0220606182931	0.0226400340842	-0.0204502827573	1.0	0.00434074336664	0.0146616456579	0.00274090288819	-0.0161548311187	-0.0112640555511	-0.004570601404	-0.00825584002214	0.0782480630282	-0.023087993742	-0.0306065911725	-0.00935366807278	0.0325005076185	-0.0776320983253	0.00469005719981	0.0334158151088	-0.0877202636	0.00035069557111	-0.0365532487568	0.0140636711573	0.00903991009627	0.0135762678004	-0.0699316118454	-0.00180179361331	-0.0108007157379	0.0156450744052	-0.0330866224676	0.0596633656963	-0.0449727724165	-0.0522475461353	0.010198209265	0.0457409643009	-0.0400549779252	-0.00534572122815	-0.0704032112162	0.00891019747301	0.00179028933595	0.00370499511171	-0.0229429807634	-0.0308425069701	0.0256250655103	-0.0570927021668
k__Bacteria;p__Bacteroidetes;c__Bacteroidia;o__Bacteroidales;f__Porphyromonadaceae;g__Barnesiella;s__Barnesiella_intestinihominis	0.0219261924684	-0.0533766215775	0.0479496027181	0.00197979147582	-0.0100723829434	-0.0114656965897	-0.0157554447833	0.0141181304785	0.0488954736257	0.0411560562986	0.0442512920855	0.0229334377548	-0.0542289933585	0.0467424284571	0.018995396427	0.00456708005701	-0.0458373525549	0.00434074336664	1.0	-0.0139709686157	-0.0195289063255	0.0205285731329	-0.0439435914582	-0.0938930068627	-0.0229879094256	-0.0318245376635	-0.0726888366467	-0.0405575462692	-0.0373852041219	0.0547577242607	-0.0440203170252	-0.0132296759124	0.0199462802579	0.00429724449622	0.0555107253699	-0.0192492434652	-0.0669435217538	-0.0850468248398	-0.0115800927814	0.0536144355507	-0.0027872788063	-0.0313960878351	-0.044332823505	0.0407675890349	-0.0327071971759	-0.0244314122072	0.0668553341409	-0.000270544784774	-0.0819802325075	-0.0591538513693	-0.0292087688428	0.0450189776231	0.0286496056583	-0.00953626813844	-0.0115399217507	-0.0188160787929	0.0148616172093	0.0404710816077	-0.0607264855245
k__Bacteria;p__Bacteroidetes;c__Bacteroidia;o__Bacteroidales;f__Odoribacteraceae;g__Odoribacter;s__Odoribacter_splanchnicus	-0.00305791881657	-0.00917072723212	-0.0869484753384	0.0699077583853	0.0224834953451	0.0255258968364	-0.0303896793839	-0.0561483643804	-0.0919974657531	0.0102598192855	-0.000957987573322	-0.0602161299398	-0.0677360855903	0.0484922963721	-0.0306015443256	-0.0286704506273	0.00114864049858	0.0146616456579	-0.0139709686157	1.0	0.0485345772665	-0.0739482570616	-0.0342359771619	-0.00553339738555	-0.0900648648351	-0.0438092918394	-0.01841451776	0.0754980920608	0.0245697394642	0.0567332633509	-0.0273755037108	0.0553392152559	0.0404143505463	-0.0160176023534	0.0318410431443	-0.0299219980521	-0.00701047520406	-8.26743253067e-05	-0.0554977865285	-0.00678767695673	0.0400496909284	-0.017086381551	0.0286291640755	0.00819066966083	-0.00276426803149	-0.000847332260412	-0.030812339449	-0.00236691841655	-0.0438210932095	1.54293675973e-05	0.00527957742204	-0.0424767396645	-0.0157832400829	-0.0826089739122	-0.0279154389866	0.0206192171105	0.0223692690893	-0.0450397981988	0.0262523830709
k__Bacteria;p__Bacteroidetes;c__Bacteroidia;o__Bacteroidales;f__Bacteroidaceae;g__Bacteroides;s__Bacteroides_salyersiae	-0.0611113647905	-0.00801025725472	-0.0351438278194	0.0194985573611	-0.00345727037936	-0.0252212274367	-0.0265545359451	-0.0220361684711	-0.0172860115058	0.13243253201	0.0331997730025	-0.0289127703531	0.00601014335201	-0.0465363822846	-0.0484675169281	0.00215553438713	0.0326831288695	0.00274090288819	-0.0195289063255	0.0485345772665	1.0	-0.0116143042857	0.0559805784362	0.0246844277077	-0.0418838124718	0.0076879137175	-0.0514065622913	0.000316809208454	-0.0366470002265	0.0129590414801	0.00517007100172	-0.0334985570129	0.0432553014248	-0.00327786684406	-0.0261643442171	-0.0315034937476	-0.033454910799	-0.0170893333864	0.0449145505486	0.0714099859179	-0.0546284852812	0.028554391534	-0.0161960249345	-0.0544701558656	0.00587850754205	-0.00718364413851	0.055929728372	0.0316071946988	-0.0460396907756	-0.0358549471243	0.00161668701627	0.0184674244197	-0.0224547854869	0.0101027500815	-0.0220104290944	-0.0512352130051	-0.106752121899	-0.0387611484831	0.0150270285832
k__Bacteria;p__Firmicutes;c__Clostridia;o__Clostridiales;f__Ruminococcaceae;g__Ruminiclostridium;s__[Eubacterium]_siraeum	0.00770230239528	-0.0129938092248	0.0399408664199	-0.0707982377198	-0.00428939171355	0.0371036336272	0.0270230865925	-0.0686455629427	-0.00304097777759	0.0501353211915	0.0195234815731	-0.0216128435301	-0.026751207556	-0.0273821601061	-0.0326184091534	-0.0473496666146	0.0241959129772	-0.0161548311187	0.0205285731329	-0.0739482570616	-0.0116143042857	1.0	-0.00340751140476	-0.00605144011033	-0.0245255242116	0.00768547938229	-0.0265032641312	0.00611013611649	-0.0301464821052	-0.0123720337125	-0.0181316856068	0.0171229562762	-0.0468759546822	-0.054401848413	0.00892775428358	-0.0309936745895	-0.015572148742	0.0311390098472	-0.000984098536487	-0.0374415239696	0.0323708658654	-0.00120761136027	-0.0799475838712	-0.0140371392733	0.0314460063744	0.0580950404673	-0.0330118244315	0.0693793396392	0.0429774323738	0.0753892983229	-0.0713925405755	-0.00753727013268	-0.0281056640148	0.00173842660626	-0.0328527868672	0.0183661453039	0.0036430842112	-0.0193278214898	-0.0238620027281
k__Bacteria;p__Proteobacteria;c__Betaproteobacteria;o__Burkholderiales;f__Sutterellaceae;g__Parasutterella;s__Parasutterella_excrementihominis	0.021576755185	-0.0665693745597	0.0109567989639	-0.0133361509629	-0.038025779436	0.0280789714947	0.0130042971811	-0.0497605333315	0.00199490960945	-0.0324881679396	0.00864899381755	0.0222241109977	0.0209505961615	-0.0188179357238	-0.0167868218233	0.0216620942088	-0.0079168899627	-0.0112640555511	-0.0439435914582	-0.0342359771619	0.0559805784362	-0.00340751140476	1.0	-0.0275444516157	-0.00824189517571	-0.0393026697786	-0.0585874294887	0.021633874157	0.0332150396208	-0.0277730769342	0.0347686464298	-0.0878727206867	0.0112993032086	0.0121927010058	-0.0564854043046	-0.014639447367	-0.00894951816159	0.032076769125	0.0183462798534	-0.0307489274073	0.00546827687375	-0.0511060813097	-0.0339436720905	0.0379405034373	-0.0115387696895	-0.0163707452101	-0.0681928724473	-0.0695654433273	0.0106086942423	0.0370075410321	-0.0780421383055	0.00536565809544	-0.0221099103689	0.0298915493347	-0.00361830852209	0.0695223055302	-0.00577864961774	-0.0557166036737	0.00132069588326
k__Bacteria;p__Actinobacteria;c__Actinobacteria;o__Bifidobacteriales;f__Bifidobacteriaceae;g__Bifidobacterium;s__Bifidobacterium_adolescentis	-0.0152616560354	0.029797388907	0.00693369645802	-0.00509407104921	0.0123813463689	0.0424808535909	-0.0119049462097	-0.0162920047188	-0.0895694395286	-0.0150713760978	-0.00937859009774	-0.0622916783723	0.0191257430396	-0.00960562586848	-0.03922635574	-0.0259973623973	0.0273171255305	-0.004570601404	-0.0938930068627	-0.00553339738555	0.0246844277077	-0.00605144011033	-0.0275444516157	1.0	0.0154237429944	0.0362915466311	0.0270715832253	0.00797462747065	-0.00266925280684	-0.077714342269	0.0302314837155	0.00214626969157	0.00595266860673	0.0103546645642	0.00061557119161	-0.0938193249719	0.0308386080322	-0.0493285871126	-0.00957358324445	-0.0182954683714	-0.0448349563073	-0.0418715014276	-0.000152564862458	0.00131295025881	0.0168087072946	-0.0170026826404	-0.00857244596873	0.0679321640984	0.0970903964738	0.0170403122689	0.0318298166615	-0.0122984299117	0.00210897501034	0.0052582125051	-0.0283009788291	-0.0494772887234	-0.0200638547674	-0.0419707178375	-0.0639865298483
k__Bacteria;p__Firmicutes;c__Clostridia;o__Clostridiales;f__Oscillospiraceae;g__Oscillibacter;s__Oscillibacter_sp._KLE_1745	-0.0176505722118	-0.0177761634926	0.0193566433385	0.0322504269698	0.0165482644049	0.0060219485857	-0.00453312361772	-0.0536484938505	0.0295480018596	-0.018456580771	-0.0247513249097	0.000903434647291	-0.0750939377339	0.022108006133	0.00285276305947	-0.0239977192858	0.0305082017045	-0.00825584002214	-0.0229879094256	-0.0900648648351	-0.0418838124718	-0.0245255242116	-0.00824189517571	0.0154237429944	1.0	-0.0922842199747	0.0358986484323	-0.0537064594889	-0.0281742775847	-0.0478554082144	-0.0268180724918	-0.0272433035897	0.00874834230616	-0.00972096286478	-0.0285980496725	0.0237190223798	-0.0532644989817	0.0091333851777	0.0138734833022	0.0169466248814	-0.0393036625847	-0.0377188752994	0.0268703508522	0.0676355643484	0.0273748140465	0.0209523557872	-0.0384211751034	-0.0340995720585	-0.00963034824889	-0.0347401148977	-0.00632296477001	-0.0182860511496	0.021222458894	-0.0164315099056	0.00763048820335	-0.0456957684477	-0.0271728423014	-0.0571632604721	-0.0266775395407
k__Bacteria;p__Bacteroidetes;c__Bacteroidia;o__Bacteroidales;f__Bacteroidaceae;g__Bacteroides;s__Bacteroides_coprophilus	-0.0452148615825	0.0191862488398	-0.0585314325098	-0.0325548273221	0.0106565290281	0.0129086429853	-0.0269681716681	0.0251710797402	0.0201542822682	-0.0588067014017	-0.0424336479426	-0.0511434698571	-0.0103823024884	0.0252402236115	-0.0190190941503	-0.0762980555097	-0.00669572203708	0.0782480630282	-0.0318245376635	-0.0438092918394	0.0076879137175	0.00768547938229	-0.0393026697786	0.0362915466311	-0.0922842199747	1.0	0.0463371315145	-0.0407432231397	-0.00876217766543	0.0128541385599	0.0096568034568	0.0758386373223	-0.00872583171657	-0.00194921173775	0.00234746978634	0.03636480013	-0.00526654091459	-0.023255373197	-0.0112130873748	0.0142696598633	-0.000976705095085	0.00054868273256	0.0292299412567	-0.0714388037844	-0.0444194396558	-0.0170677357398	-0.0176523306304	-0.0210048060279	0.0282522851773	-0.0112211419922	-0.0320190841379	0.0230032995804	-0.0199037232945	0.0238198313272	-0.00718162990609	-0.0143101947856	0.0692095256473	0.042407538743	-0.0275470604406
k__Bacteria;p__Firmicutes;c__Clostridia;o__Clostridiales;f__Lachnospiraceae;g__Roseburia;s__Roseburia_intestinalis	-0.00695776589947	0.0458182310066	-0.101222106361	-0.0229569969917	-0.0199377200397	-0.0428344814488	-0.00385513323833	0.0601147202548	-0.033126946851	-0.0328176387037	0.037916161266	-0.0157870810046	-0.0391096815006	0.0142677751643	-0.0160722630856	0.036806003933	-0.0317119315571	-0.023087993742	-0.0726888366467	-0.01841451776	-0.0514065622913	-0.0265032641312	-0.0585874294887	0.0270715832253	0.0358986484323	0.0463371315145	1.0	0.00160401489591	-0.0308055336949	-0.0571557601326	0.029567396274	-0.0248502407101	-0.083794344053	0.0621590017338	-0.031000008444	-0.00146904187224	0.074662122944	-0.0251317365876	-0.0209183855976	-0.0221914087339	-0.0244253845826	0.01491966424	0.0254069788964	0.0135507462467	0.05599940612	0.0367232095117	0.0182995904544	0.00564277898411	0.0145570527275	-0.0204452411239	0.0417428441583	-0.0222520753877	0.0495664903263	0.00150658955812	-0.00167489776325	-0.000201069184906	-0.00642317977471	-0.0351951931059	0.043844364238
k__Bacteria;p__Firmicutes;c__Clostridia;o__Clostridiales;f__Lachnospiraceae;g__Roseburia;s__Roseburia_hominis	0.0556091387452	-0.000502611025745	0.108760469821	0.0149305589394	-0.00992468148065	-0.0266276022983	0.0374377987894	-0.0150577775687	-0.0221772199246	-0.0559075210784	0.0375496131476	-0.0107843007499	0.0502029290561	-0.0695067189393	-0.0299384538221	-0.0251376568763	-0.0555932465549	-0.0306065911725	-0.0405575462692	0.0754980920608	0.000316809208454	0.00611013611649	0.021633874157	0.00797462747065	-0.0537064594889	-0.0407432231397	0.00160401489591	1.0	-0.0113608779816	-0.0448159389522	-0.0124405860306	-0.0405008928909	-0.0158457469702	0.0541784656043	-0.0194820539374	0.0178649429421	-0.0273006182194	0.00847013930731	0.00444565713902	-0.0485399688936	-0.00129329169652	-0.00576842827622	-0.0149703883775	-0.0881554445067	-0.0792661765584	0.0419581045647	-0.0526335158254	-0.0120930961541	-0.0214870164017	0.0133565218042	-0.00688553279969	0.0249226588999	0.029983470865	-0.00856782322508	-0.058671598707	0.060162048813	-0.0418901439851	-0.0152674710784	-0.0123617559523
k__Bacteria;p__Bacteroidetes;c__Bacteroidia;o__Bacteroidales;f__Porphyromonadaceae;g__Parabacteroides;s__Parabacteroides_johnsonii	-0.0142298187852	0.000931285787385	-0.0323757189015	-0.00534180054667	0.016176078124	0.065192400822	-0.0727993884084	0.0215841211189	0.0372659538696	0.0837577836281	-0.0251190397143	0.00356899626801	0.0739411128194	0.00908059581966	0.028600315458	-0.0173017380101	-0.0362623648794	-0.00935366807278	-0.0373852041219	0.0245697394642	-0.0366470002265	-0.0301464821052	0.0332150396208	-0.00266925280684	-0.0281742775847	-0.00876217766543	-0.0308055336949	-0.0113608779816	1.0	-0.0237002945582	0.0014158311928	-0.0164043896469	0.021784934092	-0.0168096369215	-0.0333941571948	0.024645267838	-0.0501109531696	0.0240472915679	-0.0382630304601	-0.0142579401371	-0.0228805245048	-0.00408812059191	-0.0435700134383	-0.0099981836787	-0.0401677091773	-0.0247947449724	0.0286306983056	0.0356660537866	-0.0102010388782	-0.047599749803	-0.0394047404875	-0.068833486063	-0.024706124789	-0.003370524915	-0.0244365596071	0.0386089340384	-0.0165258508085	0.0242322473493	0.0225867641132
k__Bacteria;p__Actinobacteria;c__Actinobacteria;o__Bifidobacteriales;f__Bifidobacteriaceae;g__Bifidobacterium;s__Bifidobacterium_longum	-0.0254238486643	-0.111196386294	0.0443804047235	-0.00312071325994	-0.00903910310646	-0.0145210372354	-0.0578865020124	0.00669752064147	-0.0204318590634	-0.0398158787262	0.00434865008358	0.027644445288	-0.0681919440033	-0.00465026911431	-0.0365097165994	-0.0107360494998	-0.00151097066077	0.0325005076185	0.0547577242607	0.0567332633509	0.0129590414801	-0.0123720337125	-0.0277730769342	-0.077714342269	-0.0478554082144	0.0128541385599	-0.0571557601326	-0.0448159389522	-0.0237002945582	1.0	-0.0333192271983	0.0204398264351	-0.0745493233185	-0.0423815159833	0.0233773058636	0.0408849779211	0.00590846803762	-0.0145384102279	0.0159805145193	0.0953398827894	-0.0321763129372	0.00841172267797	-0.0125688448879	0.020906174825	0.00580025818057	0.0221503590375	-0.00517541419158	0.0448575193925	-0.0384701093546	0.00890867905875	0.00109544336186	-0.00574227328086	-0.0547120154417	0.00196406926009	-0.0223812921123	-0.0111481148699	-0.0119001322974	0.0341027955415	0.0151829073075
