#taxonomy	k__Bacteria;p__Bacteroidetes;c__Bacteroidia;o__Bacteroidales;f__Bacteroidaceae;g__Bacteroides;s__Bacteroides_vulgatus	k__Bacteria;p__Bacteroidetes;c__Bacteroidia;o__Bacteroidales;f__Bacteroidaceae;g__Bacteroides;s__Bacteroides_uniformis	k__Bacteria;p__Bacteroidetes;c__Bacteroidia;o__Bacteroidales;f__Rikenellaceae;g__Alistipes;s__Alistipes_putredinis	k__Bacteria;p__Bacteroidetes;c__Bacteroidia;o__Bacteroidales;f__Prevotellaceae;g__Prevotella;s__Prevotella_copri	k__Bacteria;p__Bacteroidetes;c__Bacteroidia;o__Bacteroidales;f__Bacteroidaceae;g__Bacteroides;s__Bacteroides_stercoris	k__Bacteria;p__Bacteroidetes;c__Bacteroidia;o__Bacteroidales;f__Bacteroidaceae;g__Bacteroides;s__Bacteroides_ovatus	k__Bacteria;p__Bacteroidetes;c__Bacteroidia;o__Bacteroidales;f__Rikenellaceae;g__Alistipes;s__Alistipes_shahii	k__Bacteria;p__Firmicutes;c__Clostridia;o__Clostridiales;f__Ruminococcaceae;g__Faecalibacterium;s__Faecalibacterium_prausnitzii	k__Bacteria;p__Bacteroidetes;c__Bacteroidia;o__Bacteroidales;f__Rikenellaceae;g__Alistipes;s__Alistipes_finegoldii	k__Bacteria;p__Bacteroidetes;c__Bacteroidia;o__Bacteroidales;f__Porphyromonadaceae;g__Parabacteroides;s__Parabacteroides_distasonis	k__Bacteria;p__Bacteroidetes;c__Bacteroidia;o__Bacteroidales;f__Bacteroidaceae;g__Bacteroides;s__Bacteroides_thetaiotaomicron	k__Bacteria;p__Bacteroidetes;c__Bacteroidia;o__Bacteroidales;f__Bacteroidaceae;g__Bacteroides;s__Bacteroides_coprocola	k__Bacteria;p__Bacteroidetes;c__Bacteroidia;o__Bacteroidales;f__Bacteroidaceae;g__Bacteroides;s__Bacteroides_cellulosilyticus	k__Bacteria;p__Bacteroidetes;c__Bacteroidia;o__Bacteroidales;f__Rikenellaceae;g__Alistipes;s__Alistipes_obesi	k__Bacteria;p__Firmicutes;c__Clostridia;o__Clostridiales;f__Lachnospiraceae;g__;s__[Eubacterium]_rectale	k__Bacteria;p__Bacteroidetes;c__Bacteroidia;o__Bacteroidales;f__Bacteroidaceae;g__Bacteroides;s__Bacteroides_plebeius	k__Bacteria;p__Bacteroidetes;c__Bacteroidia;o__Bacteroidales;f__Bacteroidaceae;g__Bacteroides;s__Bacteroides_fragilis	k__Bacteria;p__Proteobacteria;c__Betaproteobacteria;o__Burkholderiales;f__Sutterellaceae;g__Sutterella;s__Sutterella_wadsworthensis	k__Bacteria;p__Bacteroidetes;c__Bacteroidia;o__Bacteroidales;f__Porphyromonadaceae;g__Barnesiella;s__Barnesiella_intestinihominis	k__Bacteria;p__Bacteroidetes;c__Bacteroidia;o__Bacteroidales;f__Odoribacteraceae;g__Odoribacter;s__Odoribacter_splanchnicus	k__Bacteria;p__Bacteroidetes;c__Bacteroidia;o__Bacteroidales;f__Bacteroidaceae;g__Bacteroides;s__Bacteroides_salyersiae	k__Bacteria;p__Firmicutes;c__Clostridia;o__Clostridiales;f__Ruminococcaceae;g__Ruminiclostridium;s__[Eubacterium]_siraeum	k__Bacteria;p__Proteobacteria;c__Betaproteobacteria;o__Burkholderiales;f__Sutterellaceae;g__Parasutterella;s__Parasutterella_excrementihominis	k__Bacteria;p__Actinobacteria;c__Actinobacteria;o__Bifidobacteriales;f__Bifidobacteriaceae;g__Bifidobacterium;s__Bifidobacterium_adolescentis	k__Bacteria;p__Firmicutes;c__Clostridia;o__Clostridiales;f__Oscillospiraceae;g__Oscillibacter;s__Oscillibacter_sp._KLE_1745	k__Bacteria;p__Bacteroidetes;c__Bacteroidia;o__Bacteroidales;f__Bacteroidaceae;g__Bacteroides;s__Bacteroides_coprophilus	k__Bacteria;p__Firmicutes;c__Clostridia;o__Clostridiales;f__Lachnospiraceae;g__Roseburia;s__Roseburia_intestinalis	k__Bacteria;p__Firmicutes;c__Clostridia;o__Clostridiales;f__Lachnospiraceae;g__Roseburia;s__Roseburia_hominis	k__Bacteria;p__Bacteroidetes;c__Bacteroidia;o__Bacteroidales;f__Porphyromonadaceae;g__Parabacteroides;s__Parabacteroides_johnsonii	k__Bacteria;p__Actinobacteria;c__Actinobacteria;o__Bifidobacteriales;f__Bifidobacteriaceae;g__Bifidobacterium;s__Bifidobacterium_longum	k__Bacteria;p__Firmicutes;c__Clostridia;o__Clostridiales;f__;g__Flavonifractor;s__Flavonifractor_plautii	k__Bacteria;p__Firmicutes;c__Clostridia;o__Clostridiales;f__Clostridiaceae;g__Clostridium;s__Clostridium_phoceensis	k__Bacteria;p__Verrucomicrobia;c__Verrucomicrobiae;o__Verrucomicrobiales;f__Akkermansiaceae;g__Akkermansia;s__Akkermansia_muciniphila	k__Bacteria;p__Bacteroidetes;c__Bacteroidia;o__Bacteroidales;f__Prevotellaceae;g__Paraprevotella;s__Paraprevotella_xylaniphila	k__Bacteria;p__Firmicutes;c__Clostridia;o__Clostridiales;f__Ruminococcaceae;g__Ruminococcus;s__Ruminococcus_callidus	k__Bacteria;p__Bacteroidetes;c__Bacteroidia;o__Bacteroidales;f__Rikenellaceae;g__Alistipes;s__Alistipes_senegalensis	k__Bacteria;p__Firmicutes;c__Clostridia;o__Clostridiales;f__Lachnospiraceae;g__Blautia;s__Blautia_sp._KLE_1732	k__Bacteria;p__Bacteroidetes;c__Bacteroidia;o__Bacteroidales;f__Bacteroidaceae;g__Bacteroides;s__Bacteroides_oleiciplenus	k__Bacteria;p__Firmicutes;c__Clostridia;o__Clostridiales;f__Ruminococcaceae;g__Ruminococcus;s__Ruminococcus_bicirculans	k__Bacteria;p__Bacteroidetes;c__Bacteroidia;o__Bacteroidales;f__Bacteroidaceae;g__Bacteroides;s__Bacteroides_fluxus	k__Bacteria;p__Bacteroidetes;c__Bacteroidia;o__Bacteroidales;f__Prevotellaceae;g__Prevotella;s__Prevotella_stercorea	k__Bacteria;p__Firmicutes;c__Clostridia;o__Clostridiales;f__Lachnospiraceae;g__Dorea;s__Dorea_longicatena	k__Bacteria;p__Firmicutes;c__Clostridia;o__Clostridiales;f__Eubacteriaceae;g__Eubacterium;s__[Eubacterium]_eligens	k__Bacteria;p__Firmicutes;c__Clostridia;o__Clostridiales;f__Ruminococcaceae;g__;s__Ruminococcaceae_bacterium_D16	k__Bacteria;p__Firmicutes;c__Clostridia;o__Clostridiales;f__Lachnospiraceae;g__Coprococcus;s__Coprococcus_comes	k__Bacteria;p__Proteobacteria;c__Gammaproteobacteria;o__Enterobacterales;f__Enterobacteriaceae;g__Escherichia;s__Escherichia_coli	k__Bacteria;p__Firmicutes;c__Clostridia;o__Clostridiales;f__Ruminococcaceae;g__Anaerotruncus;s__Anaerotruncus_colihominis	k__Bacteria;p__Firmicutes;c__Clostridia;o__Clostridiales;f__Lachnospiraceae;g__Blautia;s__Blautia_obeum	k__Bacteria;p__Bacteroidetes;c__Bacteroidia;o__Bacteroidales;f__Odoribacteraceae;g__Odoribacter;s__Odoribacter_laneus	k__Bacteria;p__Firmicutes;c__Clostridia;o__Clostridiales;f__Ruminococcaceae;g__Ruminiclostridium;s__[Clostridium]_leptum	k__Bacteria;p__Bacteroidetes;c__Bacteroidia;o__Bacteroidales;f__Porphyromonadaceae;g__Parabacteroides;s__Parabacteroides_goldsteinii	k__Bacteria;p__Firmicutes;c__Clostridia;o__Clostridiales;f__Lachnospiraceae;g__Anaerostipes;s__Anaerostipes_hadrus	k__Bacteria;p__Firmicutes;c__Clostridia;o__Clostridiales;f__Ruminococcaceae;g__Ruminococcus;s__Ruminococcus_lactaris	k__Bacteria;p__Firmicutes;c__Clostridia;o__Clostridiales;f__Clostridiaceae;g__Clostridium;s__Clostridium_sp._L2-50	k__Bacteria;p__Firmicutes;c__Clostridia;o__Clostridiales;f__Clostridiaceae;g__Clostridium;s__Clostridium_sp._M62/1	k__Bacteria;p__Firmicutes;c__Clostridia;o__Clostridiales;f__;g__Intestinimonas;s__Intestinimonas_butyriciproducens	k__Bacteria;p__Actinobacteria;c__Actinobacteria;o__Bifidobacteriales;f__Bifidobacteriaceae;g__Bifidobacterium;s__Bifidobacterium_bifidum	k__Bacteria;p__Firmicutes;c__Negativicutes;o__Veillonellales;f__Veillonellaceae;g__Dialister;s__Dialister_invisus	k__Bacteria;p__Bacteroidetes;c__Bacteroidia;o__Bacteroidales;f__Bacteroidaceae;g__Bacteroides;s__Bacteroides_salanitronis
k__Bacteria;p__Bacteroidetes;c__Bacteroidia;o__Bacteroidales;f__Bacteroidaceae;g__Bacteroides;s__Bacteroides_vulgatus	1.0	-0.0270060155585	0.0512633438882	-0.00118603375349	-0.0204855791452	0.0102082553997	-0.0109203427813	-0.0194973436099	-0.0353167622494	0.0523924318032	-0.0570873665072	-0.0278866840862	-0.080882052033	-0.0511817215881	-0.00342913959634	-0.0447722466117	-0.0490776269551	-0.0103677481343	0.0078528008644	0.0311431457932	0.0110034680243	-0.0210930110439	0.00345216794169	0.00400695239015	0.0322437959065	-0.0301747811255	-0.0224589693843	0.0240941343122	-0.00717710580156	-0.0299321062536	0.0276882664086	-0.04464785838	-0.0605344996971	-0.00323386305276	0.0245073413232	0.00563670678557	-0.0544316064641	0.00617009364698	0.0290555523817	-0.032192365541	-0.0519616666397	-0.0320489164255	-0.0159618909409	-0.0547796564699	0.0469923413891	-0.0386810960224	-0.0145189779835	-0.0865573843643	0.034114785022	0.00966030467428	0.0364147021666	-0.0231300852623	-0.0493400117205	-0.033449812928	-0.0306990866287	0.0142306228813	-0.0472726853212	0.0289359115131	0.0394817326345
k__Bacteria;p__Bacteroidetes;c__Bacteroidia;o__Bacteroidales;f__Bacteroidaceae;g__Bacteroides;s__Bacteroides_uniformis	-0.0270060155585	1.0	-0.0176159774231	-0.0376370691724	-0.0593157316714	0.0746039996583	-0.0456343240195	0.00852497198274	0.0436153954145	-0.0375685934192	0.0355609543771	-0.0217355178888	-0.0758565779441	0.00451165623747	-0.00411320736067	-0.0242599942165	0.0816004029666	-0.0677402781174	0.0202181069517	0.0283553310145	-0.0463267625475	0.0728086407741	-0.0667755285192	0.00308207693034	-0.0302201540575	-0.0165675555426	-0.00277809659807	0.0159720886304	-0.0253663337134	-0.0466040036047	-0.0103270580834	-0.0108004370344	-0.0662124950219	0.0625543558908	0.0248933496798	0.0256701968217	0.0204276891993	0.0291403764286	0.040817957139	-0.0122335652547	0.0524872851226	-0.050645250124	-0.00846139719676	-0.00544579768026	0.0056760553557	-0.0189082225897	-0.0178506184179	-0.0406108876215	-0.00423576115301	-0.000433520389582	0.00428006288994	0.0304025154815	-0.0374270753976	-0.0014550535324	-0.0440921471911	-0.0087648987174	-0.0111499859556	-0.0117313450465	-0.0248121695625
k__Bacteria;p__Bacteroidetes;c__Bacteroidia;o__Bacteroidales;f__Rikenellaceae;g__Alistipes;s__Alistipes_putredinis	0.0512633438882	-0.0176159774231	1.0	0.0338797169343	0.049203964451	-0.0387543951924	0.0514286314467	-0.0478192020266	-0.018301139643	-0.0149268458081	0.0244322447402	-0.0553613021469	-0.0737264903801	0.0454836580665	0.0642552574616	-0.0491085401373	0.0532427404753	-0.0464276646548	0.0161154314514	0.0041088448512	-0.00107712258824	-0.0220272315937	-0.0239140070536	-0.00331950230269	-0.00153321491065	-0.0252212949995	0.00824815109931	-0.0383459270142	0.0369232886257	0.0610928031791	0.0261343829435	-0.0122710138172	0.0131041071131	0.00375820059271	-0.0780819582143	-0.0146726984086	-0.0860541242046	-0.00486039117795	-0.0743223018556	-0.022364949184	0.00291872962936	0.00763238187059	-0.0443695221296	-0.0177089975783	0.050953049118	0.0176894302899	-0.00267355959163	-0.0170848524597	0.0116971777187	-0.0424062250725	-0.0136096205168	-0.0275890892315	-0.0360814023757	0.000284421330933	-0.0568783494112	0.0135738700583	0.0124931967966	-0.0517475740959	0.0334274658448
k__Bacteria;p__Bacteroidetes;c__Bacteroidia;o__Bacteroidales;f__Prevotellaceae;g__Prevotella;s__Prevotella_copri	-0.00118603375349	-0.0376370691724	0.0338797169343	1.0	-0.0662683952112	-0.0397605383321	-0.0395505194985	-0.0347674334953	0.0178091556166	-0.0183443626024	0.0211705521622	0.0160460342867	0.0346810094125	-0.0473824852903	-0.0214186130899	0.0559543310899	-0.00809190280058	0.0841894054089	-0.062867756939	-0.0607517353231	-0.0551398236361	0.027904524773	-0.00695703296634	-0.124106395584	0.0422461013608	-0.0172429648038	0.00865273970694	-0.0404019359948	0.00875774491612	0.064895319021	-0.0767415442982	0.0397502053882	0.0729268932142	-0.0230396073938	0.0351394950991	0.0543386646749	-0.0609614278175	-0.000917832241131	-0.0160597097277	0.0010923407172	-0.00878718570186	0.0455952971861	-0.0568635390755	-0.0521378967943	0.000868568338708	0.00961488287932	0.0350273448192	0.0822639149759	-0.017408173485	-0.00842016841524	-0.00809854699852	-0.00332422595048	-0.0884813942509	-0.0417858804786	-0.0364229811046	0.0669745791547	-0.00844570040574	0.0387426618631	0.0622338551073
k__Bacteria;p__Bacteroidetes;c__Bacteroidia;o__Bacteroidales;f__Bacteroidaceae;g__Bacteroides;s__Bacteroides_stercoris	-0.0204855791452	-0.0593157316714	0.049203964451	-0.0662683952112	1.0	-0.0280827810696	0.0340912789302	0.0269668330778	-0.0361315501093	0.00230485092831	-0.033475134692	0.00153593825684	-0.00645252917234	-0.0406210258536	0.00735549759005	0.0158053598507	0.0118882929139	0.0313387349946	-0.0146147585434	-0.00244733607158	-0.0349231775655	-0.0676451615893	-0.0163661551335	-0.0483082472889	-0.0357026453285	-0.0093539035577	0.00409579047982	0.0094602017075	0.0148728993453	-0.0147940006975	0.0234977971358	-0.0240160085136	-0.0352190380479	-0.0332402751454	0.0503688902958	-0.0532599157443	-0.0361997516291	-0.0104982089778	-0.0445858263777	-0.0424582810993	0.0428772552002	0.0377253082676	0.0202236237087	0.0483101394966	0.0158970473694	-0.0866861180015	0.0186499290343	-0.0279498511082	0.000961140681483	-0.0774977245544	-0.00074164764069	-0.00554067937107	-0.00294480163697	0.0166803231892	0.0239719279556	0.0287381923353	0.000404772550066	-0.069231652111	-0.0243618792557
k__Bacteria;p__Bacteroidetes;c__Bacteroidia;o__Bacteroidales;f__Bacteroidaceae;g__Bacteroides;s__Bacteroides_ovatus	0.0102082553997	0.0746039996583	-0.0387543951924	-0.0397605383321	-0.0280827810696	1.0	-0.0085452797338	-0.0904843520941	0.00359482130919	0.0302670933806	-0.0466352360597	0.00741968834702	-0.069709705676	-0.0236260800534	-0.0380659139109	-0.00156236713394	0.0346811495631	-0.0525796990136	-0.0089792883754	-0.0264443566337	0.0140516145295	0.0781662394893	-0.0720831798449	0.0367984529407	-0.0427691740099	-0.0645970868117	0.0181834511082	-0.0232009042178	-0.0480374408104	0.0298408658224	-0.0569170271766	0.0132458005113	-0.00812072079506	-0.0435812759342	0.0533576207878	-0.0177398893486	0.0508496932686	0.0668117014527	-0.00872801292288	-0.0139146080224	0.03745907367	-0.00920310493734	-0.0225702034579	0.0481963383858	-0.0086215425855	0.0248396234757	0.0641203856949	-0.0285029093875	0.00888078138169	0.0803295275524	-0.00269255504948	-0.0770529611484	-0.0130428374716	-0.0383335705999	-0.0394010003842	0.00796387221687	-0.0290255697682	-0.0741811902455	-0.00992329710656
k__Bacteria;p__Bacteroidetes;c__Bacteroidia;o__Bacteroidales;f__Rikenellaceae;g__Alistipes;s__Alistipes_shahii	-0.0109203427813	-0.0456343240195	0.0514286314467	-0.0395505194985	0.0340912789302	-0.0085452797338	1.0	-0.1136558879	-0.0225982875924	-0.0382862132661	-0.0367576697951	-0.039716019327	-0.0603186782896	-0.0226360100978	0.00929378523757	0.0116066077034	-0.00736049787297	-0.0947233047878	-0.0579271294233	-0.0152111993258	-0.0330083058233	0.0108536659476	-0.0283106028695	0.0440953876039	-0.0140271729291	-0.057365506494	0.0556088925399	0.005579485782	-0.00169915831976	0.0359340173197	-0.00699859833915	0.0266562979947	0.0262720622795	-0.0838887702959	0.0491262656572	-0.0703812451087	0.0567693243984	-0.00245738722137	-0.00611444546778	0.0619740993141	-0.0662183338209	0.0499120361846	-0.00912565890616	0.0178547819296	0.0583534856759	0.00635223143712	-0.0362652973566	-0.108292542312	0.0251236561501	0.055538974291	-0.0219030423541	-0.0185028863031	0.0399036254766	-0.0429192872483	-0.054253947081	0.0299136423547	-0.00685694105977	0.00564938776449	0.0200319317621
k__Bacteria;p__Firmicutes;c__Clostridia;o__Clostridiales;f__Ruminococcaceae;g__Faecalibacterium;s__Faecalibacterium_prausnitzii	-0.0194973436099	0.00852497198274	-0.0478192020266	-0.0347674334953	0.0269668330778	-0.0904843520941	-0.1136558879	1.0	-0.0185284990907	-0.0292635144913	0.00750020299503	0.0011788531956	-0.0088091233749	0.00391833817688	-0.0532753847457	-0.00663350686217	0.0141983000017	0.01992505652	0.0160101839647	0.0247982636246	-0.00893465466248	-0.0677877711498	-0.0041416561422	0.0208405829904	-0.00521437196234	0.0222121648014	-0.0540129166088	-0.0355012657909	-0.0215080848644	-0.0718573271885	0.033714043678	0.0381659185543	-0.0426473448461	0.015048341025	-0.0219817467129	0.054593488934	-0.0147980667102	0.043418801143	-0.0345329114297	0.0192967678865	-0.0101344880397	-0.0103879337372	-0.0446622095541	0.0266283960456	0.00433260530729	-0.0611147016419	0.00819376584485	0.0186417727169	-0.0283389819327	-0.0473638922471	-0.0220595682116	-0.0133807224519	-0.0220192712851	0.0497172605558	-0.0183940202336	0.0358399162602	-0.000754529409029	0.0191171631219	0.0546202260663
k__Bacteria;p__Bacteroidetes;c__Bacteroidia;o__Bacteroidales;f__Rikenellaceae;g__Alistipes;s__Alistipes_finegoldii	-0.0353167622494	0.0436153954145	-0.018301139643	0.0178091556166	-0.0361315501093	0.00359482130919	-0.0225982875924	-0.0185284990907	1.0	-0.0202032903877	-0.0685437034211	-0.00510868759342	-0.0488753798444	0.0423167404459	0.0639306569164	0.0125467118511	0.0282144804773	-0.0116653638012	0.0264245247476	0.0516180898355	0.0237992830359	0.0111156382581	-0.0260962566381	0.0045408239281	0.00213388419803	-0.0477641375861	0.0129929785906	-0.0317880517677	-0.0167784286325	-0.0158333105905	-0.0205283407263	0.00137049278473	-0.0572695166533	-0.0130371034498	-0.0157556678221	-0.0153479244697	0.0131234907753	-0.0113633706246	0.0180064186415	0.0340292907017	-0.017830341	-0.00674628353762	0.0299525071152	-0.0377698577033	0.0073889261943	0.0611079765866	-0.0024553112353	-0.0417777693081	-0.0355343724071	-0.0516051000682	0.0209064988507	0.0441090895129	-0.0215251990249	-0.0471380943023	0.020339877563	-0.0308339211042	-0.0541323109936	0.0384271836724	-0.0236838932833
k__Bacteria;p__Bacteroidetes;c__Bacteroidia;o__Bacteroidales;f__Porphyromonadaceae;g__Parabacteroides;s__Parabacteroides_distasonis	0.0523924318032	-0.0375685934192	-0.0149268458081	-0.0183443626024	0.00230485092831	0.0302670933806	-0.0382862132661	-0.0292635144913	-0.0202032903877	1.0	0.0123255429709	-0.0161477330477	0.0311706794538	-0.0713724800312	0.0235158486492	0.000503996707413	-0.0311243528852	0.0007634941416	-0.0444605155492	-0.0391837125151	0.0524262376541	0.0382938421789	-0.00182699676981	0.0315395003571	-0.0282380303646	-0.0612240584665	-0.0721574833784	0.0175058980125	-0.0494501490367	-0.00371544030474	0.0643754768623	-0.00786709923346	-0.0465775917311	-0.0895966288582	-0.0616607925549	0.0269133508317	-0.10194450432	0.0213232875499	0.0145382554944	0.00635626012203	0.021745578683	-0.00187317802482	-0.0244455228411	-0.0521579515713	-0.0427713994755	-0.040522067201	0.0722506682175	-0.0573470438555	-0.06313297601	0.0660286827501	-0.00466698234708	0.0442096054253	-0.086080040541	0.0357352268221	0.0117563277566	0.044816403789	0.0106422905096	-0.00560817520079	-0.0534318343032
k__Bacteria;p__Bacteroidetes;c__Bacteroidia;o__Bacteroidales;f__Bacteroidaceae;g__Bacteroides;s__Bacteroides_thetaiotaomicron	-0.0570873665072	0.0355609543771	0.0244322447402	0.0211705521622	-0.033475134692	-0.0466352360597	-0.0367576697951	0.00750020299503	-0.0685437034211	0.0123255429709	1.0	-0.000454150244154	-0.0141402292859	0.00647659695447	0.0484930810137	-0.0286315756845	-0.0651580809922	-0.0366355465306	-0.021261796173	-0.0225801948898	-0.0182020456014	0.0603596362986	-0.0578850074571	0.0327888198174	-0.0177145124795	0.00133579081871	-0.0360947310007	-0.0121814487195	-0.0103744856866	-0.0173911237325	-0.000320984130137	-0.09809855873	-0.0353321875365	-0.000903138537215	0.0190931613386	0.00125293673804	0.027771803745	0.0544637849862	0.0270027095714	0.0604454492528	0.0158689889645	-0.0335649221534	-0.0123998858764	-0.0511792168799	0.0264811194932	-0.00315751154413	-0.00302554236097	0.0368747789252	-0.0342470842909	-0.0386919167392	-0.0235532273346	-0.0265634270895	-0.00364981154648	0.00895669439674	0.00930636638555	-0.0337090183295	-0.00248661933368	0.0844909160159	0.0397702616382
k__Bacteria;p__Bacteroidetes;c__Bacteroidia;o__Bacteroidales;f__Bacteroidaceae;g__Bacteroides;s__Bacteroides_coprocola	-0.0278866840862	-0.0217355178888	-0.0553613021469	0.0160460342867	0.00153593825684	0.00741968834702	-0.039716019327	0.0011788531956	-0.00510868759342	-0.0161477330477	-0.000454150244154	1.0	-0.0391989657691	-0.0428798308699	-0.0147826446027	-0.00852498443099	-0.017559604857	0.0134001944276	0.0278341400895	-0.0463246004052	0.0193020820033	-0.026388061143	-0.0142973887542	0.0144036961956	-0.0237733149124	0.01151370227	-0.0495883545512	-0.0520666715344	-0.0230761198592	-0.0194178491471	-0.0437529806953	-0.0110558621261	-0.00287954044684	-0.00642384386927	-0.0497615075138	-0.095123351816	0.000451334795279	0.000784069165651	-0.0313996054068	-0.0218479856288	-0.0637464828683	-0.0255796158573	0.0452307914497	-0.0273556558246	0.00866343829624	-0.0179150413741	-0.00587819364027	0.0102330539667	0.0607747442167	0.00213687009835	-0.0531714303263	0.0342997889975	-0.0580167737503	0.0401161739154	-0.0559856565274	0.043425839049	0.0802855484378	-0.0336892504773	-0.061405273392
k__Bacteria;p__Bacteroidetes;c__Bacteroidia;o__Bacteroidales;f__Bacteroidaceae;g__Bacteroides;s__Bacteroides_cellulosilyticus	-0.080882052033	-0.0758565779441	-0.0737264903801	0.0346810094125	-0.00645252917234	-0.069709705676	-0.0603186782896	-0.0088091233749	-0.0488753798444	0.0311706794538	-0.0141402292859	-0.0391989657691	1.0	-0.0273936682043	-0.0537520130999	0.0596081405986	-0.0262523690021	-0.022926096966	-0.0397688325096	-0.0654700800785	0.0138978167547	-0.0452587106829	-0.0276675336096	-0.0252990485224	0.0075648557815	-0.00757211440371	-0.0231610256837	-0.0166148115024	0.00589730438728	0.022800611889	-0.0320810187957	0.0100803333807	-0.0602247270387	-0.0449252363401	0.0475147031849	-0.092310835614	0.0360520066238	-0.0334186669064	-0.016916596703	-0.00311383079641	-0.0814362529298	-0.031660319199	0.0690027555092	-0.037592674829	-0.0135493988467	0.0124668051094	0.0109727217545	0.0213199792772	-0.0369965544517	0.0239010268965	-0.0485852945483	-0.0173417409373	0.0597171641354	0.0309837414989	0.0249451584641	-0.0304617566048	-0.0588876820801	-0.00115857953868	-0.00756483045124
k__Bacteria;p__Bacteroidetes;c__Bacteroidia;o__Bacteroidales;f__Rikenellaceae;g__Alistipes;s__Alistipes_obesi	-0.0511817215881	0.00451165623747	0.0454836580665	-0.0473824852903	-0.0406210258536	-0.0236260800534	-0.0226360100978	0.00391833817688	0.0423167404459	-0.0713724800312	0.00647659695447	-0.0428798308699	-0.0273936682043	1.0	0.000745489795583	0.0274762071424	0.0865626726045	-0.0483033072391	0.0267077105486	-0.00183434496473	0.0326427797043	0.015754849648	-0.0275599744983	-0.0319317536064	-0.00397075120031	0.0575947103175	-0.05295155608	0.00810619189764	0.0231663938041	-0.0242950176197	0.0249694093544	-0.014842197031	-0.0419709624364	-0.0435200791273	-0.0239431961298	0.0222844424215	-0.0037609661163	0.0349784962472	-0.000197767079124	-0.00552042890591	0.000790834757329	0.0319741947507	-0.000700557904045	-0.0411557208013	0.0475846235923	0.0283545399347	0.0251071770606	-0.00316174160036	-0.0738837253913	-0.0181185658233	-0.0382723879885	0.0264591672506	0.0208364374916	-0.0200343535661	-0.0194072894296	-0.034289276588	-0.0148186011575	-0.0449874317499	-0.00153264230349
k__Bacteria;p__Firmicutes;c__Clostridia;o__Clostridiales;f__Lachnospiraceae;g__;s__[Eubacterium]_rectale	-0.00342913959634	-0.00411320736067	0.0642552574616	-0.0214186130899	0.00735549759005	-0.0380659139109	0.00929378523757	-0.0532753847457	0.0639306569164	0.0235158486493	0.0484930810137	-0.0147826446027	-0.0537520130999	0.000745489795583	1.0	-0.011905746941	0.00957020094725	0.0177524600018	-0.0520251097138	-0.00804193646961	-0.0288019278474	-0.0310699235757	-0.0169789451365	-0.0592701718427	0.00557043436651	0.0824742988319	0.0764175782691	-0.00788988309636	-0.020499763932	-0.0448635223387	-0.0379423726167	0.0719744037427	-0.0649489332134	-0.0646553479791	0.0310817257806	0.00683005459699	-0.0823311897824	-0.0200005645301	-0.0189013818539	-0.0561030084066	-0.0648855824732	-0.0696996283112	-0.000214357217386	0.0267783658473	-0.0348106882979	0.022671144026	0.018501634255	0.0480693713093	-0.0180323607651	0.0771956944461	0.0301961368171	0.0266085909452	0.0215757442371	-0.0342513673375	0.0427891858702	-0.0180099356912	0.0744774968471	-0.0284526389115	-0.0320868044457
k__Bacteria;p__Bacteroidetes;c__Bacteroidia;o__Bacteroidales;f__Bacteroidaceae;g__Bacteroides;s__Bacteroides_plebeius	-0.0447722466117	-0.0242599942165	-0.0491085401373	0.0559543310899	0.0158053598507	-0.00156236713394	0.0116066077034	-0.00663350686217	0.0125467118511	0.000503996707413	-0.0286315756845	-0.00852498443099	0.0596081405986	0.0274762071424	-0.011905746941	1.0	-0.00744765304378	-0.0312467658289	0.00116296158301	0.0859841298338	-0.0585296942937	-0.0281131577826	-0.0120027104366	-0.073952664655	0.011513792717	0.0380748689868	0.048341843069	-0.0386352696503	0.00298982044342	-0.0615387674718	0.0446389542987	0.0677020729687	0.0536924745194	-0.0307352307443	0.023384003372	0.0120011031547	-0.049610812643	-0.00168171125102	0.00943519687858	-0.0641132139729	0.0450521391155	0.034490674723	-0.0422316727262	-0.00554112931467	0.0333334386556	-0.0317412556034	0.0323418448711	0.0642824777992	-0.030748505062	-0.0101838226474	-0.0124716022971	-0.0949747701145	0.0143626670997	0.0105690503497	-0.0600330820782	-0.0229521814174	-0.07095167647	-0.0474909176701	-0.000690550200364
k__Bacteria;p__Bacteroidetes;c__Bacteroidia;o__Bacteroidales;f__Bacteroidaceae;g__Bacteroides;s__Bacteroides_fragilis	-0.0490776269551	0.0816004029666	0.0532427404753	-0.00809190280058	0.0118882929139	0.0346811495631	-0.00736049787297	0.0141983000017	0.0282144804773	-0.0311243528852	-0.0651580809922	-0.017559604857	-0.0262523690021	0.0865626726045	0.00957020094725	-0.00744765304378	1.0	-0.0298031490195	0.0460891980773	-0.0291488866893	-0.0483466647277	0.0208553969514	-0.0277827923502	-0.0128720761057	0.0164359450621	-0.0149671827593	0.0144596864324	-0.0783074679443	0.0172373734958	0.00725561549906	0.037363716716	0.0129049746146	0.022522201044	0.00213282707114	-0.0460106816025	0.0436100438855	-0.0325741880779	-0.0154775486122	-0.0278800551775	-0.0740706852838	0.0246275733934	-0.0251538239425	-0.0282301638761	-0.00906707463176	-0.0378736873379	-0.00778638306622	-0.0606635978692	-0.056768659049	-0.0549336826585	-0.00163365021484	-0.0278575446095	0.0257774347741	0.0074363341491	-0.0311816578636	-0.0413290705066	0.0646119573664	-0.00493870554247	-0.0239930277993	-0.00459235646714
k__Bacteria;p__Proteobacteria;c__Betaproteobacteria;o__Burkholderiales;f__Sutterellaceae;g__Sutterella;s__Sutterella_wadsworthensis	-0.0103677481343	-0.0677402781174	-0.0464276646548	0.0841894054089	0.0313387349946	-0.0525796990136	-0.0947233047878	0.01992505652	-0.0116653638012	0.0007634941416	-0.0366355465306	0.0134001944276	-0.022926096966	-0.0483033072391	0.0177524600018	-0.0312467658289	-0.0298031490195	1.0	0.0588749982316	0.0360660796445	0.0374891297298	0.00255592029924	0.0438722802632	-0.0033717457651	0.034447671031	-0.0284563297439	0.0167229844008	0.0109936718723	0.0296044749136	-0.077843239873	0.0699759779941	0.00923110747125	0.0182734772314	0.0218414089786	-0.0151173519506	0.00363903897748	0.0095329577723	-0.0349423509326	-0.0342937364372	0.0197136566925	0.0247565964401	0.0839307104108	-0.0571993208015	0.0361304671545	-0.00550201656481	-0.0247516203795	-0.0944160080366	0.0109089090031	0.0203424471227	-0.0364485962606	0.0579141940446	-0.03066528384	0.0558397832927	-0.00396692124026	-0.0242648469177	0.0239110469193	0.0171832175195	-0.0357510097145	-0.0782505046468
k__Bacteria;p__Bacteroidetes;c__Bacteroidia;o__Bacteroidales;f__Porphyromonadaceae;g__Barnesiella;s__Barnesiella_intestinihominis	0.0078528008644	0.0202181069517	0.0161154314514	-0.062867756939	-0.0146147585434	-0.0089792883754	-0.0579271294233	0.0160101839647	0.0264245247476	-0.0444605155492	-0.021261796173	0.0278341400895	-0.0397688325096	0.0267077105486	-0.0520251097138	0.00116296158301	0.0460891980773	0.0588749982316	1.0	-0.0190368881397	-0.0203726786663	-0.0337875915408	0.0592131744077	-0.0304192315604	0.0293395645057	-0.0268526432781	0.0408384026447	-0.0181223359513	0.0154080879117	0.0566476533886	-0.0368665670861	-0.0327696318366	-0.0163320315367	-0.0027737817224	-0.0328842141383	0.0705954203786	-0.0158376691208	0.00609218551969	0.0561262068723	-0.0346562616131	0.0082435575154	-0.0604061276597	-0.0240208223648	-0.0564314353714	0.00715582356398	-0.00757801612767	-0.0305998144978	-0.0145210330127	0.0418582434277	-0.0138420723652	-0.000453469261073	-0.0419902441196	-0.0176942927672	-0.0411057799597	-0.0216530444887	0.00848389080558	0.0574766079154	-0.0633473558398	-0.0526073479896
k__Bacteria;p__Bacteroidetes;c__Bacteroidia;o__Bacteroidales;f__Odoribacteraceae;g__Odoribacter;s__Odoribacter_splanchnicus	0.0311431457932	0.0283553310145	0.0041088448512	-0.0607517353231	-0.00244733607158	-0.0264443566337	-0.0152111993258	0.0247982636246	0.0516180898355	-0.0391837125151	-0.0225801948898	-0.0463246004052	-0.0654700800785	-0.00183434496473	-0.00804193646961	0.0859841298338	-0.0291488866893	0.0360660796445	-0.0190368881397	1.0	0.034711618853	0.0121183288748	-0.0379964147781	-0.0381142632588	-0.0598392156856	-0.0140721807507	0.0537746660913	-0.016083677829	-0.0504106907856	-0.0141044553151	-0.0985204008389	0.00084148159222	0.0623194152707	-0.010301022235	0.0541191791787	-0.0237271800799	-0.0380336949199	0.00414637938316	-0.0237375846239	-0.00520521990725	-0.0413135152914	-0.0163895733231	-0.0237677852156	0.0258284029609	0.0209619571013	0.0151437425781	-0.0515431583322	0.0151024027757	-0.0249746322812	-0.0193385980499	0.0191424583303	-0.0179359696844	0.0275489723654	-0.102181642116	0.0091608256946	-0.00969010367886	-0.0187977442612	-0.00303896235746	-0.023531256736
k__Bacteria;p__Bacteroidetes;c__Bacteroidia;o__Bacteroidales;f__Bacteroidaceae;g__Bacteroides;s__Bacteroides_salyersiae	0.0110034680243	-0.0463267625475	-0.00107712258824	-0.0551398236361	-0.0349231775655	0.0140516145295	-0.0330083058233	-0.00893465466248	0.0237992830359	0.0524262376541	-0.0182020456014	0.0193020820033	0.0138978167547	0.0326427797043	-0.0288019278474	-0.0585296942937	-0.0483466647277	0.0374891297298	-0.0203726786663	0.034711618853	1.0	-0.00902027375914	-0.0585324204369	-0.0285805528224	-0.0305960481432	-0.0113527056946	0.00695614082991	-0.0948105766591	-0.0471712046976	0.0436204290951	0.00876206836799	-0.0590110339545	0.00508409591811	0.0199289449599	0.0046613760332	-0.0489376960131	0.0631582660255	-0.0158593858912	0.0187973892427	0.0238889718109	-0.0146866741857	0.0340530846496	0.0265355507119	-0.0367141888402	-0.0272651334076	-0.076459187987	0.018796087988	0.0236169132533	-0.0630273350609	0.0446941817116	-0.0337414416364	-0.0494675690241	0.0368387906768	0.00724246153721	0.0764668987983	-0.0106349630968	0.0624174017433	0.0363920154088	-0.0194290790026
k__Bacteria;p__Firmicutes;c__Clostridia;o__Clostridiales;f__Ruminococcaceae;g__Ruminiclostridium;s__[Eubacterium]_siraeum	-0.0210930110439	0.0728086407741	-0.0220272315937	0.027904524773	-0.0676451615893	0.0781662394893	0.0108536659476	-0.0677877711498	0.0111156382581	0.0382938421789	0.0603596362986	-0.026388061143	-0.0452587106829	0.015754849648	-0.0310699235757	-0.0281131577826	0.0208553969514	0.00255592029924	-0.0337875915408	0.0121183288748	-0.00902027375914	1.0	0.00316483652397	0.0306013608731	0.0188901403195	-0.00835899399765	-0.0568500962069	0.0122535914449	-0.0360429762326	-0.0445361376465	0.0276694502022	-0.0437056699561	0.0133983083851	-0.000135040599255	0.0233309646008	-0.0637434406762	0.0247897924469	0.0785172923453	-0.0785912555243	-0.00655409954946	0.0181359822152	-0.0276021215257	-0.028843796246	0.0392045347121	-0.0296324709704	-0.0605182171572	-0.0371483289464	0.01966400743	-0.0354674613572	-0.0353498333194	0.00238143746204	0.025143972955	0.0174394019047	-0.0178424846589	0.0719429389905	0.00442962211636	0.0279908501759	0.0349707973835	0.0175623408393
k__Bacteria;p__Proteobacteria;c__Betaproteobacteria;o__Burkholderiales;f__Sutterellaceae;g__Parasutterella;s__Parasutterella_excrementihominis	0.00345216794169	-0.0667755285192	-0.0239140070536	-0.00695703296634	-0.0163661551335	-0.0720831798449	-0.0283106028695	-0.0041416561422	-0.0260962566381	-0.00182699676981	-0.0578850074571	-0.0142973887542	-0.0276675336096	-0.0275599744983	-0.0169789451365	-0.0120027104366	-0.0277827923502	0.0438722802632	0.0592131744077	-0.0379964147781	-0.0585324204369	0.00316483652397	1.0	0.0123194875441	-0.0246696556755	0.0616937462424	0.0082216776908	-0.00785281606141	0.0301028750647	0.00600783492879	-0.0454475384413	-0.0263553098672	-0.0358251237195	-0.00583921334125	0.00903991329274	0.0595111418276	-0.0352735436251	-0.0385861674761	0.031146222373	-0.0368872783568	0.027135639436	-0.0305832289358	-0.00320225058073	-0.0184566828822	-0.0140687578284	0.00277165296115	0.020951822867	-0.013454007688	0.0439661333945	-0.0149187557781	-0.0350176217951	0.0081410122805	0.0346436295484	0.00497859215772	0.0244146907027	0.00703325777109	0.00816740840369	-0.0163783837515	-0.0410944641505
k__Bacteria;p__Actinobacteria;c__Actinobacteria;o__Bifidobacteriales;f__Bifidobacteriaceae;g__Bifidobacterium;s__Bifidobacterium_adolescentis	0.00400695239015	0.00308207693034	-0.00331950230269	-0.124106395584	-0.0483082472889	0.0367984529407	0.0440953876039	0.0208405829904	0.0045408239281	0.0315395003571	0.0327888198174	0.0144036961956	-0.0252990485224	-0.0319317536064	-0.0592701718427	-0.073952664655	-0.0128720761057	-0.0033717457651	-0.0304192315604	-0.0381142632588	-0.0285805528224	0.0306013608731	0.0123194875441	1.0	0.0410245897595	0.0635973808232	0.0235787425271	-0.0248149597401	-0.00533270702886	0.0421078664464	-0.000614474604325	0.0245295082299	-0.0362410904517	-0.0151687857294	-0.00484683503201	-0.0115346221967	-0.000887355763091	0.0252777082364	-0.0437745722749	0.0556404119765	0.0135480041812	-0.0100034936914	0.0241649178291	-0.00598603181713	-0.0483192244534	0.014921955963	-0.00724209100399	0.000254409145427	0.0362103038292	0.0568895157229	-0.0442680846142	0.00616900147165	-0.0840181067359	-0.036196843107	-0.0490842762911	0.00658357312634	-0.0488437860442	0.0363745473384	0.0345337211992
k__Bacteria;p__Firmicutes;c__Clostridia;o__Clostridiales;f__Oscillospiraceae;g__Oscillibacter;s__Oscillibacter_sp._KLE_1745	0.0322437959065	-0.0302201540575	-0.00153321491065	0.0422461013608	-0.0357026453285	-0.0427691740099	-0.0140271729291	-0.00521437196234	0.00213388419803	-0.0282380303646	-0.0177145124795	-0.0237733149124	0.0075648557815	-0.00397075120031	0.00557043436651	0.011513792717	0.0164359450621	0.034447671031	0.0293395645057	-0.0598392156856	-0.0305960481432	0.0188901403195	-0.0246696556755	0.0410245897595	1.0	0.0490480188108	-0.044021804427	0.0171040662036	-0.0554413956904	-0.0298209284223	-0.00807549130987	-0.00242724035155	-0.0493869214017	-0.0300023246075	-0.0436692893762	-0.0378560363402	-0.0185379477134	-0.0131535834846	0.0737162263303	-0.0210377205831	0.0107171395885	-0.00681154792612	-0.00539357715818	0.0155223415632	-0.0152880507177	-0.0550852651863	-0.0222408778789	-0.00548581923971	-0.0171247967426	0.00978122163847	-0.0495231938507	-0.0456742286207	-0.0287855141855	0.0372414193887	0.00785839677214	0.0052785996889	-0.0427742538996	0.0347615285457	-0.0130367991001
k__Bacteria;p__Bacteroidetes;c__Bacteroidia;o__Bacteroidales;f__Bacteroidaceae;g__Bacteroides;s__Bacteroides_coprophilus	-0.0301747811255	-0.0165675555426	-0.0252212949995	-0.0172429648038	-0.0093539035577	-0.0645970868117	-0.057365506494	0.0222121648014	-0.0477641375861	-0.0612240584665	0.00133579081871	0.01151370227	-0.00757211440371	0.0575947103175	0.0824742988319	0.0380748689868	-0.0149671827593	-0.0284563297439	-0.0268526432781	-0.0140721807507	-0.0113527056946	-0.00835899399765	0.0616937462424	0.0635973808232	0.0490480188108	1.0	-0.0440236228529	0.0247921322388	0.0336814432265	-0.0469283598441	0.0153776539792	-0.00287554067692	0.0352682226956	0.0485296416205	-0.0511223642158	0.053784624797	0.0373239035388	0.0010918383451	-0.0726681232466	0.0235482004325	-0.0906224987808	0.0192147608542	-0.0253981308664	0.014561490319	-0.0790928495177	0.00504924436348	0.0319856309843	-0.000249418406579	-0.00944448475402	-0.0192747734578	0.00895350096441	0.00238722533496	0.0185942358313	-0.0133460241237	0.0144535151539	-0.0450102291459	-0.042610366449	0.00413809585486	-0.0509509113599
k__Bacteria;p__Firmicutes;c__Clostridia;o__Clostridiales;f__Lachnospiraceae;g__Roseburia;s__Roseburia_intestinalis	-0.0224589693843	-0.00277809659807	0.00824815109931	0.00865273970694	0.00409579047982	0.0181834511082	0.0556088925399	-0.0540129166088	0.0129929785906	-0.0721574833784	-0.0360947310007	-0.0495883545512	-0.0231610256837	-0.05295155608	0.0764175782691	0.048341843069	0.0144596864324	0.0167229844008	0.0408384026447	0.0537746660913	0.00695614082991	-0.0568500962069	0.0082216776908	0.0235787425271	-0.044021804427	-0.0440236228529	1.0	0.0130017656208	-0.0115897330288	-0.0569607877619	0.00423045981428	0.0161264125847	-0.0649512307905	-0.0315196173474	-0.00828162024392	0.0239468095366	-0.0733062176943	-0.0718826233484	-0.0335361266668	0.0449757538517	0.0384832112757	0.0180578163427	0.10635413432	-0.0551837911834	-0.0177542496345	-0.0173984520144	0.0495402968678	-0.116749767142	0.0514931651195	-0.0781710952216	-0.0574169248118	-0.0885383393002	0.0461568781044	0.0119953960006	0.0221878559159	-0.0134536113774	-0.0142630433646	-0.00204010716345	-0.0571498708668
k__Bacteria;p__Firmicutes;c__Clostridia;o__Clostridiales;f__Lachnospiraceae;g__Roseburia;s__Roseburia_hominis	0.0240941343122	0.0159720886304	-0.0383459270142	-0.0404019359948	0.0094602017075	-0.0232009042178	0.005579485782	-0.0355012657909	-0.0317880517677	0.0175058980125	-0.0121814487195	-0.0520666715344	-0.0166148115024	0.00810619189764	-0.00788988309636	-0.0386352696503	-0.0783074679443	0.0109936718723	-0.0181223359513	-0.016083677829	-0.0948105766591	0.0122535914449	-0.00785281606141	-0.0248149597401	0.0171040662036	0.0247921322388	0.0130017656208	1.0	0.0290533607312	-0.0228123863535	-0.0256895757106	-0.00260596028228	-0.0370502604606	0.0103098493198	-0.0316128212745	0.00441174386139	-0.0436224286691	-0.0459014684598	-0.0243554050082	0.0289874525837	-0.0041897379811	0.00684114205107	0.0282897038398	0.0182152228803	0.0210111800409	-0.00559915172723	0.00680400039974	-0.00840006765465	0.00433746326493	-0.0614834017183	0.0274133101403	-0.00589224302133	-0.0672335090605	0.0158630455812	-0.000438026633196	-0.0289913804245	0.00760500189392	-0.0393719122584	0.000647422480897
k__Bacteria;p__Bacteroidetes;c__Bacteroidia;o__Bacteroidales;f__Porphyromonadaceae;g__Parabacteroides;s__Parabacteroides_johnsonii	-0.00717710580156	-0.0253663337134	0.0369232886257	0.00875774491612	0.0148728993453	-0.0480374408104	-0.00169915831976	-0.0215080848644	-0.0167784286325	-0.0494501490367	-0.0103744856866	-0.0230761198592	0.00589730438728	0.0231663938041	-0.020499763932	0.00298982044342	0.0172373734958	0.0296044749136	0.0154080879117	-0.0504106907856	-0.0471712046976	-0.0360429762326	0.0301028750647	-0.00533270702886	-0.0554413956904	0.0336814432265	-0.0115897330288	0.0290533607312	1.0	0.0477927117561	0.0648447836704	0.048402415114	0.000565910169892	0.0229700507111	-0.0848557938533	-0.0387022976354	0.00154368863917	0.0366848603216	-0.0199553422202	-0.0323668619886	0.0243724895802	0.0049768309747	-0.0654520246419	-0.0514760849805	-0.0296989721323	-0.0418976435745	0.00869652579437	0.0197961906617	0.0250604326435	-0.0550775446537	-0.0452688526349	0.0463130521572	0.0101416509442	-0.0195339024198	-0.00511153493409	-0.001298713938	0.028301711401	-0.04105439741	-0.00456329201433
k__Bacteria;p__Actinobacteria;c__Actinobacteria;o__Bifidobacteriales;f__Bifidobacteriaceae;g__Bifidobacterium;s__Bifidobacterium_longum	-0.0299321062536	-0.0466040036047	0.0610928031791	0.064895319021	-0.0147940006975	0.0298408658224	0.0359340173197	-0.0718573271885	-0.0158333105905	-0.00371544030474	-0.0173911237325	-0.0194178491471	0.022800611889	-0.0242950176197	-0.0448635223387	-0.0615387674718	0.00725561549906	-0.077843239873	0.0566476533886	-0.0141044553151	0.0436204290951	-0.0445361376465	0.00600783492879	0.0421078664464	-0.0298209284223	-0.0469283598441	-0.0569607877619	-0.0228123863535	0.0477927117561	1.0	-0.0228914078866	0.0296188727437	0.0201247837708	-0.0347597901842	-0.0619198220424	-0.0851337191856	-0.0214044181467	-0.0622831420279	-0.00527778134078	-0.0102510543477	0.0229128774148	0.0327621649796	0.0366581054034	-0.0736290838645	-0.0378005454645	-0.0305020528821	-0.0183752511854	-0.0639962065775	0.0223528456634	0.0273501222507	0.0187316505175	0.0325573228708	-0.00919892774626	0.00215143587787	-0.0278734130098	0.00993547888692	0.00518017168614	-0.0955048686661	-0.00134241704856
