#taxonomy	k__Bacteria;p__Bacteroidetes;c__Bacteroidia;o__Bacteroidales;f__Bacteroidaceae;g__Bacteroides;s__Bacteroides_vulgatus	k__Bacteria;p__Bacteroidetes;c__Bacteroidia;o__Bacteroidales;f__Bacteroidaceae;g__Bacteroides;s__Bacteroides_uniformis	k__Bacteria;p__Bacteroidetes;c__Bacteroidia;o__Bacteroidales;f__Rikenellaceae;g__Alistipes;s__Alistipes_putredinis	k__Bacteria;p__Bacteroidetes;c__Bacteroidia;o__Bacteroidales;f__Prevotellaceae;g__Prevotella;s__Prevotella_copri	k__Bacteria;p__Bacteroidetes;c__Bacteroidia;o__Bacteroidales;f__Bacteroidaceae;g__Bacteroides;s__Bacteroides_stercoris	k__Bacteria;p__Bacteroidetes;c__Bacteroidia;o__Bacteroidales;f__Bacteroidaceae;g__Bacteroides;s__Bacteroides_ovatus	k__Bacteria;p__Bacteroidetes;c__Bacteroidia;o__Bacteroidales;f__Rikenellaceae;g__Alistipes;s__Alistipes_shahii	k__Bacteria;p__Firmicutes;c__Clostridia;o__Clostridiales;f__Ruminococcaceae;g__Faecalibacterium;s__Faecalibacterium_prausnitzii	k__Bacteria;p__Bacteroidetes;c__Bacteroidia;o__Bacteroidales;f__Rikenellaceae;g__Alistipes;s__Alistipes_finegoldii	k__Bacteria;p__Bacteroidetes;c__Bacteroidia;o__Bacteroidales;f__Porphyromonadaceae;g__Parabacteroides;s__Parabacteroides_distasonis	k__Bacteria;p__Bacteroidetes;c__Bacteroidia;o__Bacteroidales;f__Bacteroidaceae;g__Bacteroides;s__Bacteroides_thetaiotaomicron	k__Bacteria;p__Bacteroidetes;c__Bacteroidia;o__Bacteroidales;f__Bacteroidaceae;g__Bacteroides;s__Bacteroides_coprocola	k__Bacteria;p__Bacteroidetes;c__Bacteroidia;o__Bacteroidales;f__Bacteroidaceae;g__Bacteroides;s__Bacteroides_cellulosilyticus	k__Bacteria;p__Bacteroidetes;c__Bacteroidia;o__Bacteroidales;f__Rikenellaceae;g__Alistipes;s__Alistipes_obesi	k__Bacteria;p__Firmicutes;c__Clostridia;o__Clostridiales;f__Lachnospiraceae;g__;s__[Eubacterium]_rectale	k__Bacteria;p__Bacteroidetes;c__Bacteroidia;o__Bacteroidales;f__Bacteroidaceae;g__Bacteroides;s__Bacteroides_plebeius	k__Bacteria;p__Bacteroidetes;c__Bacteroidia;o__Bacteroidales;f__Bacteroidaceae;g__Bacteroides;s__Bacteroides_fragilis	k__Bacteria;p__Proteobacteria;c__Betaproteobacteria;o__Burkholderiales;f__Sutterellaceae;g__Sutterella;s__Sutterella_wadsworthensis	k__Bacteria;p__Bacteroidetes;c__Bacteroidia;o__Bacteroidales;f__Porphyromonadaceae;g__Barnesiella;s__Barnesiella_intestinihominis	k__Bacteria;p__Bacteroidetes;c__Bacteroidia;o__Bacteroidales;f__Odoribacteraceae;g__Odoribacter;s__Odoribacter_splanchnicus	k__Bacteria;p__Bacteroidetes;c__Bacteroidia;o__Bacteroidales;f__Bacteroidaceae;g__Bacteroides;s__Bacteroides_salyersiae	k__Bacteria;p__Firmicutes;c__Clostridia;o__Clostridiales;f__Ruminococcaceae;g__Ruminiclostridium;s__[Eubacterium]_siraeum	k__Bacteria;p__Proteobacteria;c__Betaproteobacteria;o__Burkholderiales;f__Sutterellaceae;g__Parasutterella;s__Parasutterella_excrementihominis	k__Bacteria;p__Actinobacteria;c__Actinobacteria;o__Bifidobacteriales;f__Bifidobacteriaceae;g__Bifidobacterium;s__Bifidobacterium_adolescentis	k__Bacteria;p__Firmicutes;c__Clostridia;o__Clostridiales;f__Oscillospiraceae;g__Oscillibacter;s__Oscillibacter_sp._KLE_1745	k__Bacteria;p__Bacteroidetes;c__Bacteroidia;o__Bacteroidales;f__Bacteroidaceae;g__Bacteroides;s__Bacteroides_coprophilus	k__Bacteria;p__Firmicutes;c__Clostridia;o__Clostridiales;f__Lachnospiraceae;g__Roseburia;s__Roseburia_intestinalis	k__Bacteria;p__Firmicutes;c__Clostridia;o__Clostridiales;f__Lachnospiraceae;g__Roseburia;s__Roseburia_hominis	k__Bacteria;p__Bacteroidetes;c__Bacteroidia;o__Bacteroidales;f__Porphyromonadaceae;g__Parabacteroides;s__Parabacteroides_johnsonii	k__Bacteria;p__Actinobacteria;c__Actinobacteria;o__Bifidobacteriales;f__Bifidobacteriaceae;g__Bifidobacterium;s__Bifidobacterium_longum	k__Bacteria;p__Firmicutes;c__Clostridia;o__Clostridiales;f__;g__Flavonifractor;s__Flavonifractor_plautii	k__Bacteria;p__Firmicutes;c__Clostridia;o__Clostridiales;f__Clostridiaceae;g__Clostridium;s__Clostridium_phoceensis	k__Bacteria;p__Verrucomicrobia;c__Verrucomicrobiae;o__Verrucomicrobiales;f__Akkermansiaceae;g__Akkermansia;s__Akkermansia_muciniphila	k__Bacteria;p__Bacteroidetes;c__Bacteroidia;o__Bacteroidales;f__Prevotellaceae;g__Paraprevotella;s__Paraprevotella_xylaniphila	k__Bacteria;p__Firmicutes;c__Clostridia;o__Clostridiales;f__Ruminococcaceae;g__Ruminococcus;s__Ruminococcus_callidus	k__Bacteria;p__Bacteroidetes;c__Bacteroidia;o__Bacteroidales;f__Rikenellaceae;g__Alistipes;s__Alistipes_senegalensis	k__Bacteria;p__Firmicutes;c__Clostridia;o__Clostridiales;f__Lachnospiraceae;g__Blautia;s__Blautia_sp._KLE_1732	k__Bacteria;p__Bacteroidetes;c__Bacteroidia;o__Bacteroidales;f__Bacteroidaceae;g__Bacteroides;s__Bacteroides_oleiciplenus	k__Bacteria;p__Firmicutes;c__Clostridia;o__Clostridiales;f__Ruminococcaceae;g__Ruminococcus;s__Ruminococcus_bicirculans	k__Bacteria;p__Bacteroidetes;c__Bacteroidia;o__Bacteroidales;f__Bacteroidaceae;g__Bacteroides;s__Bacteroides_fluxus	k__Bacteria;p__Bacteroidetes;c__Bacteroidia;o__Bacteroidales;f__Prevotellaceae;g__Prevotella;s__Prevotella_stercorea	k__Bacteria;p__Firmicutes;c__Clostridia;o__Clostridiales;f__Lachnospiraceae;g__Dorea;s__Dorea_longicatena	k__Bacteria;p__Firmicutes;c__Clostridia;o__Clostridiales;f__Eubacteriaceae;g__Eubacterium;s__[Eubacterium]_eligens	k__Bacteria;p__Firmicutes;c__Clostridia;o__Clostridiales;f__Ruminococcaceae;g__;s__Ruminococcaceae_bacterium_D16	k__Bacteria;p__Firmicutes;c__Clostridia;o__Clostridiales;f__Lachnospiraceae;g__Coprococcus;s__Coprococcus_comes	k__Bacteria;p__Proteobacteria;c__Gammaproteobacteria;o__Enterobacterales;f__Enterobacteriaceae;g__Escherichia;s__Escherichia_coli	k__Bacteria;p__Firmicutes;c__Clostridia;o__Clostridiales;f__Ruminococcaceae;g__Anaerotruncus;s__Anaerotruncus_colihominis	k__Bacteria;p__Firmicutes;c__Clostridia;o__Clostridiales;f__Lachnospiraceae;g__Blautia;s__Blautia_obeum	k__Bacteria;p__Bacteroidetes;c__Bacteroidia;o__Bacteroidales;f__Odoribacteraceae;g__Odoribacter;s__Odoribacter_laneus	k__Bacteria;p__Firmicutes;c__Clostridia;o__Clostridiales;f__Ruminococcaceae;g__Ruminiclostridium;s__[Clostridium]_leptum	k__Bacteria;p__Bacteroidetes;c__Bacteroidia;o__Bacteroidales;f__Porphyromonadaceae;g__Parabacteroides;s__Parabacteroides_goldsteinii	k__Bacteria;p__Firmicutes;c__Clostridia;o__Clostridiales;f__Lachnospiraceae;g__Anaerostipes;s__Anaerostipes_hadrus	k__Bacteria;p__Firmicutes;c__Clostridia;o__Clostridiales;f__Ruminococcaceae;g__Ruminococcus;s__Ruminococcus_lactaris	k__Bacteria;p__Firmicutes;c__Clostridia;o__Clostridiales;f__Clostridiaceae;g__Clostridium;s__Clostridium_sp._L2-50	k__Bacteria;p__Firmicutes;c__Clostridia;o__Clostridiales;f__Clostridiaceae;g__Clostridium;s__Clostridium_sp._M62/1	k__Bacteria;p__Firmicutes;c__Clostridia;o__Clostridiales;f__;g__Intestinimonas;s__Intestinimonas_butyriciproducens	k__Bacteria;p__Actinobacteria;c__Actinobacteria;o__Bifidobacteriales;f__Bifidobacteriaceae;g__Bifidobacterium;s__Bifidobacterium_bifidum	k__Bacteria;p__Firmicutes;c__Negativicutes;o__Veillonellales;f__Veillonellaceae;g__Dialister;s__Dialister_invisus	k__Bacteria;p__Bacteroidetes;c__Bacteroidia;o__Bacteroidales;f__Bacteroidaceae;g__Bacteroides;s__Bacteroides_salanitronis
k__Bacteria;p__Bacteroidetes;c__Bacteroidia;o__Bacteroidales;f__Bacteroidaceae;g__Bacteroides;s__Bacteroides_vulgatus	1.0	-0.00654184403147	-0.00184682390052	-0.0496117686256	-0.0504639117744	-0.0766296918224	-0.0407442994899	0.00441752257629	-0.0281485601423	-0.0432843057093	0.0433390553596	-0.00422140717826	-0.0174987537192	0.0525331123948	0.0193496510106	-0.0129333490582	-0.00396645974437	-0.00747948978884	-0.0901809685265	-0.00110695905792	0.0355840780097	-0.00246205455484	-0.000308206277529	-0.011398026242	-0.0177748040239	-0.0236477887966	0.0156276976109	0.0776966194718	-0.000450726700666	0.0123289621132	-0.0122469286565	-0.0619210626618	0.00279036373891	-0.0382979033987	0.0607654943368	0.0558382914551	-0.0684713076278	-0.00831856470277	-0.0669232359838	-0.0265369661165	0.0521942731753	-0.0119133323325	-0.0331226111636	-0.0227894157884	0.0508060389408	-0.0161142979047	-0.00328858166015	-0.0218097545168	-0.0312934078818	-0.0140797727757	-0.0451742810841	-0.00388845252592	0.0453787559467	0.0510389824609	-0.0102324149248	-0.0134150730282	0.0059835462307	-0.0304907404141	0.0124188434565
k__Bacteria;p__Bacteroidetes;c__Bacteroidia;o__Bacteroidales;f__Bacteroidaceae;g__Bacteroides;s__Bacteroides_uniformis	-0.00654184403147	1.0	0.0049904952797	-0.00859245931424	-0.0396335330366	0.033768065673	0.0512647651892	0.0387830367057	-0.00445491823118	0.0480211902778	0.0181455167913	-0.0609601208991	-0.0438386536123	0.0217042934885	0.014117556614	0.0319206400884	-0.0205100295347	-0.0238235274623	0.0801410874046	-0.0393527152236	-0.0337898954227	-0.0422740993668	0.0119590906665	0.0702095656581	-0.0220008973285	0.0107102809043	-0.0496671788634	-0.00811747835055	-0.0272274469603	-0.0708252006965	0.0296124328347	-0.0554022482157	-0.0088586840857	-0.034121284815	-0.0783599123357	-0.00559324934683	-0.0354721935657	0.0173609164054	0.00093246628966	0.0142864121015	-0.0408284516124	-0.0359065961419	-0.0253458900669	0.0289592145605	-0.0204398098898	0.0690448472277	0.00833341522013	0.0148278818743	0.0104296692579	0.0268569927365	-0.00503335648515	-0.0299462542509	-0.0353090812322	0.0207004716397	-0.0806637784275	0.00918334501961	-0.0525328818287	0.0535412878345	0.0340675030733
k__Bacteria;p__Bacteroidetes;c__Bacteroidia;o__Bacteroidales;f__Rikenellaceae;g__Alistipes;s__Alistipes_putredinis	-0.00184682390052	0.0049904952797	1.0	0.0933809354868	0.00495327498162	0.0206919288779	-0.024782910065	0.0223902448414	-0.0188330784432	-0.00657569789372	-0.0382598424862	0.0134044270647	-0.0304963092559	-0.00628514920141	0.0153966451681	-0.0493831608538	0.0180189415496	0.00085394174272	0.00439665431508	0.0184890917929	0.0428769100754	-0.0498276613061	0.0252384718606	-0.0550447877078	-0.0223247873425	0.0154499542629	0.0170222277096	0.00251021504233	-0.0558930801672	0.0411658846167	0.00153248708336	-0.0496197953877	-0.00769973879252	-0.0215841419707	-0.0204902110266	-0.0385297291389	0.00447866384652	-0.0100014049273	-0.0409242543516	-0.0699589408873	0.00659888175974	-0.0212443657415	-0.00659069639615	-0.0657654506743	-0.0772082166763	0.0145031217729	-0.000103838477859	-0.0298018600137	0.0679821311727	-0.0120341542807	-0.00181935931892	-0.00561131553174	0.0587163326945	0.0167433188488	-0.0227115477354	0.0207773756498	-0.0438621991826	0.0127652585487	0.0592043186584
k__Bacteria;p__Bacteroidetes;c__Bacteroidia;o__Bacteroidales;f__Prevotellaceae;g__Prevotella;s__Prevotella_copri	-0.0496117686256	-0.00859245931424	0.0933809354868	1.0	0.00976026744737	0.00165901240512	0.0124615910333	0.00455304726903	0.00904525078771	0.0216087290039	0.0452940075168	-0.064788519427	-0.0227238978329	-0.0574136996134	-0.02756535807	-0.0160470631545	0.0419642934237	-0.0487678004212	0.0199698091228	-0.0365125485177	-0.041848711051	0.0388184580202	-0.0633051716558	0.0044349529574	-0.00535695724155	0.0401698055633	-0.0150167554069	-0.0609300054298	-0.0636431492056	-0.0245083196312	0.0233933733264	-0.00165647185055	-0.0151364711045	-0.0256821948703	-0.0136147173616	-0.0629039301083	-0.0597111853861	-0.0443505910772	0.0109026623624	-0.0706977498261	0.0106087215001	0.0833895603643	-0.0550650753728	0.0336930410829	-0.00417322716204	-0.0596606289682	-0.0274313187429	0.0307005293074	0.0461172794406	-0.013790362273	0.0512384025075	-0.0567111854714	-0.0393580472771	-0.0825313151383	0.0217718927801	-0.0130857970518	0.0405066045426	0.0186171319859	-0.0353261397729
k__Bacteria;p__Bacteroidetes;c__Bacteroidia;o__Bacteroidales;f__Bacteroidaceae;g__Bacteroides;s__Bacteroides_stercoris	-0.0504639117744	-0.0396335330366	0.00495327498162	0.00976026744737	1.0	0.025242110649	-0.0500953003924	-0.0384473332507	0.0636627364192	-0.0227693976539	0.0572454761748	0.00961793301643	0.0305007648051	-0.0104123225043	-0.0163742079779	0.00104300613972	-0.0895587579219	-0.0362995466685	0.00872298611952	-0.0284448341955	0.00430633994227	-0.0027726578391	0.0108648860645	-0.00207057138596	0.000937446023438	0.0237116690914	-0.0209594525429	-0.0152333031348	-0.000226685148254	-0.0912236466637	-0.0325329984552	-0.10088410367	-0.0483337941522	-0.0187226087428	0.0155022584072	-0.0546560141186	0.0213463416432	-0.0785567702266	0.0323693480158	-0.0121709498742	0.0269207679483	-0.0301872230956	0.011431399549	-0.0227525743486	0.000883897641838	-0.02955941773	-0.00858916877962	-0.00120397452385	0.0257335003034	-0.053851821141	-0.0142371075747	0.00519660974056	0.00134271676042	-0.0642778571794	-0.0352885483415	-0.014110821678	0.0186290875076	-0.00878524925152	-0.0248203161428
k__Bacteria;p__Bacteroidetes;c__Bacteroidia;o__Bacteroidales;f__Bacteroidaceae;g__Bacteroides;s__Bacteroides_ovatus	-0.0766296918224	0.033768065673	0.0206919288779	0.00165901240512	0.025242110649	1.0	0.0402971224454	-0.0314004555436	0.0462014391504	-0.0282495407832	0.0273894130285	0.00252688927297	-0.0628431067187	-0.0369004686008	0.00946411099206	-0.0146209672616	-0.0623799246011	0.00645381257924	0.0701744896969	0.0484813669753	-0.0426791681743	0.00635947695647	-0.00571737609259	-0.0179524101914	-0.0256795329289	0.0110945905745	0.0112949718796	-0.0237767548081	-0.0197539583829	0.00771972184227	0.0152609332333	-0.0485985395537	-0.0090488273862	0.00260283516536	0.0192235666588	-0.00426098048165	-0.0432004627836	-0.0152891106921	0.00766637071526	-0.0151600044804	-0.0136327745139	-0.00828076639149	-0.0112820164344	0.0233698995133	0.00870443926187	0.0610715320726	0.00530281223721	0.0332734021488	0.0708245318493	-0.0248388360551	-0.0148999281462	-0.0273309496548	-0.0145910407145	0.00230944789724	-0.00591024766028	-0.0285207065822	-0.0590858197631	0.0377531722488	-0.000252446140493
k__Bacteria;p__Bacteroidetes;c__Bacteroidia;o__Bacteroidales;f__Rikenellaceae;g__Alistipes;s__Alistipes_shahii	-0.0407442994899	0.0512647651892	-0.024782910065	0.0124615910333	-0.0500953003924	0.0402971224454	1.0	-0.0258527292152	-0.0102053693797	0.0233361661718	-0.0292962236131	-0.0597778881735	-0.00706977008802	0.00872787659789	-0.00618074782412	0.0402478211814	0.0055985870938	0.0114986230902	-0.0431427915971	-0.0198515495573	-0.00634938520117	-0.050116886873	-0.0440883657804	0.0237421198409	-0.00818612012501	-0.00332769273486	-0.047287897091	-0.00449258196646	-0.0459621038887	-0.0453577813854	0.0519473734142	0.00707830272404	0.0129630420351	-0.0105223096903	-0.0576500460112	-0.0362587623173	0.0147901008592	-0.0456338471082	0.0168491887008	-0.0757993508968	-0.0664057234602	0.0278032056895	-0.0145866516274	-0.0357462999044	-0.021075649038	0.0730436438238	0.0378811393061	-0.0361764065545	-0.0187617194222	0.00576068669285	-0.045445070897	0.0114163369173	-0.0502970878377	0.0166057005587	-0.0219185742954	-0.0176946500767	-0.0642277890379	-0.0062703522774	-0.0680874350403
k__Bacteria;p__Firmicutes;c__Clostridia;o__Clostridiales;f__Ruminococcaceae;g__Faecalibacterium;s__Faecalibacterium_prausnitzii	0.00441752257629	0.0387830367057	0.0223902448414	0.00455304726903	-0.0384473332507	-0.0314004555436	-0.0258527292152	1.0	-0.0439324728267	0.0121523339726	-0.0956220297858	0.0115951980284	-0.0381530092168	0.0508235246252	0.0466727344698	0.00615688102727	-0.0137900015665	-0.0253066664873	-0.020376482846	0.0288050588598	-0.0343855934509	0.0423811680274	-0.021839662202	-0.0129342536774	-0.0497837971561	0.000203175958062	0.0293381705114	-0.0314575975931	-0.00495374690494	-0.0372972504462	-0.0145930139977	-0.0375473422196	-0.00324272583522	-0.0250492600798	-0.0379624067503	-0.00902805546845	-0.0732188183046	0.040925436592	0.0296636269751	-0.0230480166813	-0.0325328921816	-0.00249020478188	0.0788633151206	-0.00689848091414	0.0100955822017	0.0296878907682	-0.058583997189	0.0363345450278	0.0550043756496	0.0173606714302	0.0699521359492	-0.0165736488851	0.0299208904088	0.0125129130629	0.00296010435106	-0.0395719632384	0.0438573714156	-0.0129045236025	-0.0183665652121
k__Bacteria;p__Bacteroidetes;c__Bacteroidia;o__Bacteroidales;f__Rikenellaceae;g__Alistipes;s__Alistipes_finegoldii	-0.0281485601423	-0.00445491823118	-0.0188330784432	0.00904525078771	0.0636627364192	0.0462014391504	-0.0102053693797	-0.0439324728267	1.0	-0.00988478049613	0.0312133942606	0.0447180390397	-0.0263221467507	-0.0394902796604	0.0338808715335	0.00729541249017	-0.00178990000843	0.0108251465775	-0.023523985377	0.00963044159931	0.00124902148585	-0.0700800889023	0.0114707984177	-0.00859781003241	-0.0470110555084	0.00837943764455	-0.0107367771463	-0.0258380202951	-0.0452944035749	0.00333232120621	-0.0306635789549	-0.00827522696639	-0.0367544347151	-0.0345925407717	0.0277663635357	0.0293163393856	-0.0690729188013	-0.00244070728995	-0.0594820071927	-0.0613638326428	-0.0203645154925	0.0049840942784	-0.0349464341144	0.0897856716971	-0.00975574468482	-0.0359416593547	-0.0825421429844	0.0865705845739	0.00465681465041	2.97829754067e-05	-0.0232628296351	0.074863767455	-0.0160123344046	0.0397018294327	-0.00741325012117	-0.0122599973646	-0.0259943243459	-0.0384500374499	-0.0199324441553
k__Bacteria;p__Bacteroidetes;c__Bacteroidia;o__Bacteroidales;f__Porphyromonadaceae;g__Parabacteroides;s__Parabacteroides_distasonis	-0.0432843057093	0.0480211902778	-0.00657569789372	0.0216087290039	-0.0227693976539	-0.0282495407832	0.0233361661718	0.0121523339726	-0.00988478049613	1.0	0.0255477805919	0.0249887838967	0.0267827357483	0.0575493189259	-0.00752684690949	0.00459461710007	0.01406553149	0.0358263289743	-0.0415825271785	0.0140059105519	-0.0566005712019	0.0291491299482	-0.033833418027	0.0239795161043	-0.0383874691181	-0.0198196125038	0.0208887695319	0.0230107372183	-0.0510797230007	-0.0107265490424	-0.0846636301939	-0.0478506953562	0.00571697290016	-0.0102490257431	0.0169757953957	-0.0219856156345	-0.0129000202703	-0.0207455581445	0.0123313893922	0.00244365065068	0.0107773734845	-0.0140296870673	0.0344953438212	0.00363865264756	0.0160026186646	0.0538088891889	-0.0236079514115	-0.0198421922885	-0.0379744490937	-0.0463010620701	-0.0539623107645	0.0132405161347	-0.055889034042	0.0572594353291	0.0544418905573	-0.0118007432272	-0.0134086365989	-0.0358101479168	-0.0275870287537
k__Bacteria;p__Bacteroidetes;c__Bacteroidia;o__Bacteroidales;f__Bacteroidaceae;g__Bacteroides;s__Bacteroides_thetaiotaomicron	0.0433390553596	0.0181455167913	-0.0382598424862	0.0452940075168	0.0572454761748	0.0273894130285	-0.0292962236131	-0.0956220297858	0.0312133942606	0.0255477805919	1.0	-0.0394182469791	-0.0231864300827	-0.0120211588241	0.0181276645698	-0.072656380693	-0.071926346545	0.0318475841317	-0.057132702793	-0.0237035889066	-0.0713222788894	-0.011807021802	-0.0344431680367	0.0304435034221	0.0956850253657	-0.0187090181155	-0.0242479930199	-0.0550352217777	0.00948279798702	-0.0436211989556	0.00773099338172	-0.0134348813977	0.0281689069355	-0.00086828157027	-0.0161687446109	-0.0116209088729	-0.0219956360462	0.012195289125	0.0122494869546	-0.00480567784644	0.0106917629905	-0.0443897267638	-0.011261271107	-0.000633661921029	0.044425649652	0.0385269421398	-0.0117527606032	-0.0165430622487	-0.00122368689168	0.0354347725277	-0.0617941776571	-0.0289203892239	-0.0833490271449	0.0131234596455	0.0536366510454	-0.0128436527112	-0.0672095756148	-0.0569347023932	0.0365127806218
k__Bacteria;p__Bacteroidetes;c__Bacteroidia;o__Bacteroidales;f__Bacteroidaceae;g__Bacteroides;s__Bacteroides_coprocola	-0.00422140717826	-0.0609601208991	0.0134044270647	-0.064788519427	0.00961793301643	0.00252688927297	-0.0597778881735	0.0115951980284	0.0447180390397	0.0249887838967	-0.0394182469791	1.0	-0.050938608281	0.0191284183408	0.000201623842186	0.0186306998268	0.0518030454683	-0.00867695181956	-0.0122227828877	0.01317051183	-0.0475919804884	-0.0659980056724	0.0344664052556	-0.0273035677321	0.016933877799	0.0356268780031	0.0300216992467	0.0631815944319	-0.00868213536262	-0.03687513387	-0.01994754579	0.0195577723841	0.00642876996451	-0.0658183005904	-0.0113980368787	0.0378809326375	-0.00824887663436	0.000878581466909	-0.0499732936746	-0.0132661880462	-0.0394027600819	-0.0107562330143	-0.0048632598341	-0.0443684972844	0.014438380008	-0.019970174221	0.0479520684033	-0.046224471402	0.0166719130863	-0.0254028981943	-0.0529367610906	0.0506766286592	0.0241739764275	-0.0154923346207	-0.0553735869024	0.0221836617889	-0.0175190542797	-0.020964280871	0.0228212586398
k__Bacteria;p__Bacteroidetes;c__Bacteroidia;o__Bacteroidales;f__Bacteroidaceae;g__Bacteroides;s__Bacteroides_cellulosilyticus	-0.0174987537192	-0.0438386536123	-0.0304963092559	-0.0227238978329	0.0305007648051	-0.0628431067187	-0.00706977008802	-0.0381530092168	-0.0263221467507	0.0267827357483	-0.0231864300827	-0.050938608281	1.0	-0.0272709418274	-0.0425439536628	0.0255440998736	-0.0260040375971	-0.0409487069058	0.0552531511449	0.0314323332223	-0.0095262853199	-0.0486652407501	-0.0142567446088	0.00331521810895	0.0464588748351	0.0641510125573	0.0508175434795	5.43432044482e-05	0.0122581091411	-0.0310283016812	-0.0430544572021	-0.00435341810334	0.00924080805561	0.0101619300222	0.0375658443256	-0.0178452353289	0.00069581962547	-0.0233722602703	0.0187581581199	-0.0209945696717	-0.0376896235701	-0.0303645654147	-0.0032865915801	-0.0423310720339	-0.0527298873152	-0.010147984717	0.0150889431151	0.023683077654	0.00722471653496	0.00761509935562	-0.0627692001176	0.0177797976548	0.0129870300142	-0.0241605179644	-0.0250657977846	-0.0185071911489	-0.0688679828525	-0.00513174714521	0.00320675666999
k__Bacteria;p__Bacteroidetes;c__Bacteroidia;o__Bacteroidales;f__Rikenellaceae;g__Alistipes;s__Alistipes_obesi	0.0525331123948	0.0217042934885	-0.00628514920141	-0.0574136996134	-0.0104123225043	-0.0369004686008	0.00872787659789	0.0508235246252	-0.0394902796604	0.0575493189259	-0.0120211588241	0.0191284183408	-0.0272709418274	1.0	-0.0656598849054	-0.0272218499096	-0.0308954260087	0.00693675975028	0.0297298297829	-0.0367088762274	0.00733726248282	0.026694324957	0.0129432925394	-0.0457644107777	-0.0351318815868	0.050056383353	0.0278099717497	0.0140484484933	0.0238677989572	0.0324950384088	-0.0157441471357	-0.0225272046518	-0.00870096234677	-0.00934384951502	-0.00467700614769	-0.0312085078995	-0.0204263559201	0.0234308773778	0.0235406773779	-0.00256609088625	0.0415660152021	0.0146096386004	-0.0172211599881	-0.0753446352904	0.00492357356101	0.00165590194694	-0.0381301712798	0.0621255241202	-0.0261891514892	-0.0320283290679	0.0180637369497	0.00899009301323	0.0157408055905	-0.000364070937528	0.0487749114081	-0.0161648108907	-0.0514390511641	-0.00211332287446	-0.00832391844399
k__Bacteria;p__Firmicutes;c__Clostridia;o__Clostridiales;f__Lachnospiraceae;g__;s__[Eubacterium]_rectale	0.0193496510106	0.014117556614	0.0153966451681	-0.02756535807	-0.0163742079779	0.00946411099206	-0.00618074782412	0.0466727344698	0.0338808715335	-0.00752684690949	0.0181276645698	0.000201623842186	-0.0425439536628	-0.0656598849054	1.0	0.0007707719181	-0.0231126547108	-0.00328220681157	0.00876328911556	0.0445633792132	0.014548696386	-0.00857386723342	-0.0649287078856	-0.0176091619899	-0.0384233812276	-0.0109462652075	-0.0845833538634	-0.0171986166909	-0.0650288005883	-0.0556434947704	-0.0123590536318	-0.027177458746	-0.0226488316331	0.0120106370471	-0.0273390115687	0.00748533823532	-0.0285226796904	-0.0624335236566	-0.0456750556442	0.00534890975158	-0.0453387619993	-0.0159781539691	-0.00561833720474	0.0281370224634	-0.0824681566547	-0.00476115332707	-0.0397590640419	0.00522146473901	-0.00187605692601	0.0309990738316	0.00751261924811	-0.022371453812	0.0495266029813	-0.0273304501689	-0.0193699688591	0.0210974609964	0.0212575194282	-0.03895301674	-0.00444856106245
k__Bacteria;p__Bacteroidetes;c__Bacteroidia;o__Bacteroidales;f__Bacteroidaceae;g__Bacteroides;s__Bacteroides_plebeius	-0.0129333490582	0.0319206400884	-0.0493831608538	-0.0160470631545	0.00104300613972	-0.0146209672616	0.0402478211814	0.00615688102727	0.00729541249017	0.00459461710007	-0.072656380693	0.0186306998268	0.0255440998736	-0.0272218499096	0.0007707719181	1.0	-0.0504093956203	0.00298106034455	0.0242648966636	-0.0116185556685	0.0114674568053	-0.0430534614387	0.013740410118	-0.0164834390774	0.00107082745596	0.0204362070452	-0.108060870358	0.0519580864531	-0.0176814194094	-0.0490272190949	-0.00425430949004	-0.0461744287835	-0.0136516618299	0.00860458680521	-0.00261338153815	0.000148666655209	0.0166090293409	-0.0224304516162	0.00328271283816	0.0455113867586	-0.0472772941004	0.0206897741113	0.0302244642347	0.0141744034808	-0.00282060622476	0.00996423348686	-0.0435126999994	-0.0527601934145	-0.0279793240786	-0.0298155956409	-0.00654213360933	0.0369258692005	-0.00965551376159	-0.0494599961403	0.0562205653258	-0.0165374392413	0.0557687127636	0.00811797486584	0.0126776253696
k__Bacteria;p__Bacteroidetes;c__Bacteroidia;o__Bacteroidales;f__Bacteroidaceae;g__Bacteroides;s__Bacteroides_fragilis	-0.00396645974437	-0.0205100295347	0.0180189415496	0.0419642934237	-0.0895587579219	-0.0623799246011	0.0055985870938	-0.0137900015665	-0.00178990000843	0.01406553149	-0.071926346545	0.0518030454683	-0.0260040375971	-0.0308954260087	-0.0231126547108	-0.0504093956203	1.0	0.040757954187	0.0276324046515	-0.00582688233093	0.00993098645916	0.020300745358	-0.0262067103612	-0.00221060679003	-0.0352976465693	-0.0565762535959	0.0240024286948	0.0390454789832	-0.0177026361647	0.0693527635781	0.0439134353688	-0.00269959925599	0.00652436254715	-0.0202876219914	0.0316770711474	0.0118727224114	0.028487988027	-0.0182685054511	-0.0108597809088	0.0153191430147	-0.0173019929837	-0.0220854612167	-0.0404979790496	0.0244978750315	-0.0575167226761	0.0382433536594	-0.0330737686567	-0.030865984726	-0.0599438461692	0.00597502637329	-0.0198009910556	0.0557660037024	-0.0737115345342	-0.0141852315915	0.0435660790751	-0.0608181936891	0.0242427817245	0.0260193906948	0.00468220379588
k__Bacteria;p__Proteobacteria;c__Betaproteobacteria;o__Burkholderiales;f__Sutterellaceae;g__Sutterella;s__Sutterella_wadsworthensis	-0.00747948978884	-0.0238235274623	0.00085394174272	-0.0487678004212	-0.0362995466685	0.00645381257924	0.0114986230902	-0.0253066664873	0.0108251465775	0.0358263289743	0.0318475841317	-0.00867695181956	-0.0409487069058	0.00693675975028	-0.00328220681157	0.00298106034455	0.040757954187	1.0	-0.0157437882681	-0.0486801800152	0.0141974188906	0.0375202008789	0.0286204743463	-0.0306224380495	0.0466926720365	-0.00507514343005	0.0142385930777	-0.00828526502924	-0.04878001086	0.000463825727381	-0.0372840771591	-0.0310850836464	-0.0180204843489	-0.0228378330437	0.00283899781753	0.0147603793439	-0.0639108522712	0.0155686549783	-0.0405141845259	0.0515472238623	-0.0214395473918	-0.0135137607561	-0.00133193761272	0.025226932232	-0.013717241721	-0.0390203078853	-0.0247321004939	0.0138627036425	-0.0273075099741	0.0381271751721	0.00839379728509	-0.0242210745228	0.00628978964335	0.0541817861509	0.0035273834307	-0.0386046434064	-0.0227748919428	0.00458205617364	-0.0218728528691
k__Bacteria;p__Bacteroidetes;c__Bacteroidia;o__Bacteroidales;f__Porphyromonadaceae;g__Barnesiella;s__Barnesiella_intestinihominis	-0.0901809685265	0.0801410874046	0.00439665431508	0.0199698091228	0.00872298611952	0.0701744896969	-0.0431427915971	-0.020376482846	-0.023523985377	-0.0415825271785	-0.057132702793	-0.0122227828877	0.0552531511449	0.0297298297829	0.00876328911556	0.0242648966636	0.0276324046515	-0.0157437882681	1.0	-0.0214507334745	0.0261106475422	0.0101823751172	0.0730312689495	0.0470603500546	-0.0170137057674	-0.0242683477098	-0.0116541307099	-0.00684036998014	-0.0187027047116	-0.00931966784992	-0.0183148719236	0.0195240112308	0.000375156250951	-0.00637407080834	-0.0382691165339	0.0343543739117	0.0223258775704	0.00394289864594	0.0456062888801	-0.0508476493799	-0.0905978213	-0.0480365218182	0.0469934991491	-0.0408689204991	0.0327858866852	-0.0781339803248	0.00188547572753	-0.0416234053894	-0.00153453667464	0.0164276204602	0.00935132998309	-0.0685119555196	-0.0549970883044	-0.00933903920814	-0.040489519281	0.0103837948284	-0.0725029559148	0.00170166425445	0.0122042736826
k__Bacteria;p__Bacteroidetes;c__Bacteroidia;o__Bacteroidales;f__Odoribacteraceae;g__Odoribacter;s__Odoribacter_splanchnicus	-0.00110695905791	-0.0393527152236	0.0184890917929	-0.0365125485177	-0.0284448341955	0.0484813669753	-0.0198515495573	0.0288050588598	0.00963044159931	0.0140059105519	-0.0237035889066	0.01317051183	0.0314323332223	-0.0367088762274	0.0445633792132	-0.0116185556685	-0.00582688233093	-0.0486801800152	-0.0214507334745	1.0	-0.00859841629365	-0.00128905532261	-0.0226698615475	-0.0663854972967	-0.0286187811378	-0.0550768471253	-0.0649922897145	-0.0176392614437	0.0108256980772	-0.0110676425436	-0.0119989728966	-0.0456784898244	0.0211422415167	0.00918229657797	-0.0501002710196	-0.00229955078357	-0.00377431941446	-0.00962172322652	-0.0321591044646	-0.0249304040307	0.0625790946767	-0.0223154124829	0.0293730343887	-0.0423593826346	0.00314283806002	0.0153828478751	0.0253730102633	0.00941638043267	-0.0198842070601	0.0377971663876	-0.025193497643	-0.0370236662354	-0.0556294575994	0.0151226730517	0.0332580000652	-0.0135043146427	-0.00330797798169	0.0244918676721	-0.0463313172354
k__Bacteria;p__Bacteroidetes;c__Bacteroidia;o__Bacteroidales;f__Bacteroidaceae;g__Bacteroides;s__Bacteroides_salyersiae	0.0355840780097	-0.0337898954227	0.0428769100754	-0.041848711051	0.00430633994227	-0.0426791681743	-0.00634938520117	-0.0343855934509	0.00124902148585	-0.0566005712019	-0.0713222788894	-0.0475919804884	-0.0095262853199	0.00733726248282	0.014548696386	0.0114674568053	0.00993098645916	0.0141974188906	0.0261106475422	-0.00859841629365	1.0	0.00973979887531	-0.00404338270868	0.0497790731666	0.0260874549293	-0.00224598116807	-0.0538371640359	-0.0575289540813	0.037046736055	0.011580976425	-0.0122272239477	-0.0279718236596	0.0144236149424	0.0311117316259	0.0193907940227	0.0352002523255	-0.0103618055312	0.0777607723617	-0.0350030775494	0.0266725413436	-0.0146833271646	-0.00239083084472	-0.0239684749358	0.0112959685157	-0.039104495765	-0.0414668043526	-0.0482751205624	0.0591574127182	0.0262292285193	-0.00347513535457	-0.0282452954126	-0.0454205578328	-0.00508305557867	-0.0873837017083	-0.00994421264851	-0.0302876333968	0.0417798063885	0.0228635535228	-0.0406491738808
k__Bacteria;p__Firmicutes;c__Clostridia;o__Clostridiales;f__Ruminococcaceae;g__Ruminiclostridium;s__[Eubacterium]_siraeum	-0.00246205455484	-0.0422740993668	-0.0498276613061	0.0388184580202	-0.0027726578391	0.00635947695647	-0.050116886873	0.0423811680274	-0.0700800889023	0.0291491299482	-0.011807021802	-0.0659980056724	-0.0486652407501	0.026694324957	-0.00857386723342	-0.0430534614387	0.020300745358	0.0375202008789	0.0101823751172	-0.00128905532261	0.00973979887531	1.0	-0.0641035535811	0.00895942145515	-0.0298056643006	0.0204023871147	-0.0248612659611	-0.0691632062607	0.0203661268654	0.0625731460034	0.0311502669487	-0.0175877191011	-0.0433185117452	0.0536120264431	0.00101279567898	0.0449441418685	-0.057702308343	0.0492494722087	-0.0803135337479	-0.0160645375769	0.0315968275406	-0.0295762944865	0.0155129302477	-0.0241965115166	-0.036985430989	-0.0206814061238	-0.0436121102504	0.0236802114016	-0.0114115273128	0.0166115821542	-0.00468347923178	-0.0608176311795	0.0122051397987	0.0165383679842	0.00596902427876	0.0395565304175	-0.0628197280222	-0.0486337336616	0.0201304558321
k__Bacteria;p__Proteobacteria;c__Betaproteobacteria;o__Burkholderiales;f__Sutterellaceae;g__Parasutterella;s__Parasutterella_excrementihominis	-0.000308206277529	0.0119590906665	0.0252384718606	-0.0633051716558	0.0108648860645	-0.00571737609259	-0.0440883657804	-0.021839662202	0.0114707984177	-0.033833418027	-0.0344431680367	0.0344664052556	-0.0142567446088	0.0129432925394	-0.0649287078856	0.013740410118	-0.0262067103612	0.0286204743463	0.0730312689495	-0.0226698615475	-0.00404338270868	-0.0641035535811	1.0	0.000579702053419	0.000304190518553	0.0109531220487	0.0330266253477	-0.0344429030025	-0.0829834842831	0.0532702965218	0.0354258717185	0.0283107399169	-0.113875011438	0.000306849627993	0.0290767586744	-0.0438391099193	-0.073351666613	0.041189156116	-0.0322142422228	0.083017318509	0.0181564019948	0.00739489097773	-0.0124633665247	-0.0443224123736	-0.0324807602016	0.0402908773751	0.0292094622613	0.0207738916908	-0.013198027156	-0.0552748312345	-0.0112387958061	-0.0517541727559	-0.0279391671346	-0.0656668771806	0.00615546808689	-0.0426144829719	-0.0419761844225	0.0207156409852	-0.00932842412264
k__Bacteria;p__Actinobacteria;c__Actinobacteria;o__Bifidobacteriales;f__Bifidobacteriaceae;g__Bifidobacterium;s__Bifidobacterium_adolescentis	-0.011398026242	0.0702095656581	-0.0550447877078	0.0044349529574	-0.00207057138596	-0.0179524101914	0.0237421198409	-0.0129342536774	-0.00859781003241	0.0239795161043	0.0304435034221	-0.0273035677321	0.00331521810895	-0.0457644107777	-0.0176091619899	-0.0164834390774	-0.00221060679003	-0.0306224380495	0.0470603500546	-0.0663854972967	0.0497790731666	0.00895942145515	0.000579702053419	1.0	0.00602162273744	0.0321148570947	0.0327824085906	-0.0291003278337	-0.0409085046937	0.00745595875414	0.0208651289117	0.0122306711952	-0.0171863067501	-0.0026355944424	0.00436623121641	0.0323534570088	-0.0114982735046	0.00462269815217	-0.0738582259936	-0.104967920864	0.00376360865224	0.0420095269941	-0.00971636220034	0.0240931427306	-0.00988296274576	-0.0133928195907	0.0311471880497	0.0184825613108	0.0247907436779	-0.0183558596976	-0.0416122910434	-0.0283083884035	0.0108670643522	-0.0421919650071	-0.0743909296575	0.0326725464523	-0.00700550320214	-0.047973872345	-0.0489432340093
k__Bacteria;p__Firmicutes;c__Clostridia;o__Clostridiales;f__Oscillospiraceae;g__Oscillibacter;s__Oscillibacter_sp._KLE_1745	-0.0177748040239	-0.0220008973285	-0.0223247873425	-0.00535695724155	0.000937446023438	-0.0256795329289	-0.00818612012501	-0.0497837971561	-0.0470110555084	-0.0383874691181	0.0956850253657	0.016933877799	0.0464588748351	-0.0351318815868	-0.0384233812276	0.00107082745596	-0.0352976465693	0.0466926720365	-0.0170137057674	-0.0286187811378	0.0260874549293	-0.0298056643006	0.000304190518554	0.00602162273744	1.0	0.015790855992	-0.00262433791813	-0.0196507360655	-0.0204800671234	0.0639953430826	0.00768863617778	0.0197205263773	-0.0412708509322	-0.0545849552668	0.0171913173837	-0.0588507213464	-0.0569074581185	-0.0938058844152	-0.0700989478929	-0.0255234753638	-0.0185339536319	0.0328510756748	0.00172514382615	0.0758637868033	-0.00193950447744	0.0358442929903	0.0405433406226	-0.0367808947085	0.0355865797918	-0.0433782501596	-0.0232119903265	0.0426987415204	0.0621627990876	-0.0144797262107	0.0790934181164	0.0619546933677	-0.0148500557344	0.00519503065205	-0.0109816671659
k__Bacteria;p__Bacteroidetes;c__Bacteroidia;o__Bacteroidales;f__Bacteroidaceae;g__Bacteroides;s__Bacteroides_coprophilus	-0.0236477887966	0.0107102809043	0.0154499542629	0.0401698055633	0.0237116690914	0.0110945905745	-0.00332769273485	0.000203175958062	0.00837943764455	-0.0198196125038	-0.0187090181155	0.0356268780031	0.0641510125573	0.050056383353	-0.0109462652075	0.0204362070452	-0.0565762535959	-0.00507514343005	-0.0242683477098	-0.0550768471253	-0.00224598116807	0.0204023871147	0.0109531220487	0.0321148570947	0.015790855992	1.0	-0.00765581686545	-0.0327400827708	-0.0439382764287	-0.0673217100519	0.0472961535508	-0.0177475264995	-0.0350973357541	0.00205565809999	0.00326985317395	-0.0257157799938	0.0329970049178	-0.0296519952954	-0.0456024760252	-0.00964313655288	-0.0352341824176	-0.0270644968355	0.00560445042553	0.0160925400947	0.0211454528099	-0.0113857587976	-0.0578834471548	-0.0304127592634	-0.0123422516841	-0.0183916095278	-0.038526705426	-0.0154557754233	-0.0883022832129	-0.0111601077069	0.00686002471369	-0.00471816130548	-0.038110215672	-0.0340220328143	-0.0125007353941
k__Bacteria;p__Firmicutes;c__Clostridia;o__Clostridiales;f__Lachnospiraceae;g__Roseburia;s__Roseburia_intestinalis	0.0156276976109	-0.0496671788634	0.0170222277096	-0.0150167554069	-0.0209594525429	0.0112949718796	-0.047287897091	0.0293381705114	-0.0107367771463	0.0208887695319	-0.0242479930199	0.0300216992467	0.0508175434795	0.0278099717497	-0.0845833538634	-0.108060870358	0.0240024286948	0.0142385930777	-0.0116541307099	-0.0649922897145	-0.0538371640359	-0.0248612659611	0.0330266253477	0.0327824085906	-0.00262433791813	-0.00765581686545	1.0	0.0269246797555	0.00661212565628	0.0348108293415	-0.0414059726909	0.0120073596997	-0.0296858923704	0.0401701581066	0.0163522412902	-0.113845634732	0.00495105362426	-0.0431702406645	0.0173825063518	0.0477861565912	0.0153651866563	-0.0141835280065	-0.0148834810443	0.0171678987377	-0.0393671049894	-0.0237623649294	-0.0101931073778	-0.0138949709726	0.0233800704775	0.0165322178754	-0.0650640715708	-0.0114461211457	-0.0166175934078	0.050298972746	0.0342340288889	-0.0336916355697	-0.0630371817259	-0.0456587008129	0.0371645875885
k__Bacteria;p__Firmicutes;c__Clostridia;o__Clostridiales;f__Lachnospiraceae;g__Roseburia;s__Roseburia_hominis	0.0776966194718	-0.00811747835055	0.00251021504233	-0.0609300054298	-0.0152333031348	-0.0237767548081	-0.00449258196646	-0.0314575975931	-0.0258380202951	0.0230107372183	-0.0550352217777	0.0631815944319	5.43432044482e-05	0.0140484484933	-0.0171986166909	0.0519580864531	0.0390454789832	-0.00828526502924	-0.00684036998014	-0.0176392614437	-0.0575289540813	-0.0691632062607	-0.0344429030025	-0.0291003278337	-0.0196507360655	-0.0327400827708	0.0269246797555	1.0	-0.00409149372157	-0.026441384952	0.045640508676	0.020285000206	0.0403978362865	0.0213881544896	-0.0217795132742	-0.0627022752853	-0.0473031510716	0.0189883872702	-0.00440071596218	0.0283115586576	0.0130812427203	0.0267736239103	-0.0456063222741	0.000321395427442	-0.00393758112727	-0.0466600299524	-0.0265385625422	-0.0662874780024	-0.0374425713078	-0.0264162753032	0.00787153349001	0.0282638408747	0.0297281832637	0.0287562996269	0.00588569716529	0.0605611506141	-0.00206219125627	0.0138583778758	0.000496124191102
k__Bacteria;p__Bacteroidetes;c__Bacteroidia;o__Bacteroidales;f__Porphyromonadaceae;g__Parabacteroides;s__Parabacteroides_johnsonii	-0.000450726700666	-0.0272274469603	-0.0558930801672	-0.0636431492056	-0.000226685148254	-0.0197539583829	-0.0459621038887	-0.00495374690494	-0.0452944035749	-0.0510797230007	0.00948279798702	-0.00868213536262	0.0122581091411	0.0238677989572	-0.0650288005883	-0.0176814194094	-0.0177026361647	-0.04878001086	-0.0187027047116	0.0108256980772	0.037046736055	0.0203661268654	-0.0829834842831	-0.0409085046937	-0.0204800671234	-0.0439382764287	0.00661212565628	-0.00409149372157	1.0	-0.0652610206932	0.0493714662302	-0.00569196017084	0.0349615368897	-0.0564055498641	0.0356213281866	0.0213933114131	-0.0330448312213	0.0204338842762	-0.104746782406	0.00727583582282	-0.0393004127005	-0.0178017986533	0.0727521312087	-0.0201371596748	0.0155174601718	0.0018742052716	-0.0176782753385	0.00257560808362	-0.0210908345234	-0.0416393246532	-0.0470582581433	0.0183498409396	-0.020725322725	0.00266812470958	-0.0155410044484	-0.00999661917209	-0.0250258239223	0.0333957593792	0.070511669787
k__Bacteria;p__Actinobacteria;c__Actinobacteria;o__Bifidobacteriales;f__Bifidobacteriaceae;g__Bifidobacterium;s__Bifidobacterium_longum	0.0123289621132	-0.0708252006965	0.0411658846167	-0.0245083196312	-0.0912236466637	0.00771972184227	-0.0453577813854	-0.0372972504462	0.00333232120621	-0.0107265490424	-0.0436211989556	-0.03687513387	-0.0310283016812	0.0324950384088	-0.0556434947704	-0.0490272190949	0.0693527635781	0.000463825727381	-0.00931966784992	-0.0110676425436	0.011580976425	0.0625731460034	0.0532702965218	0.00745595875414	0.0639953430826	-0.0673217100519	0.0348108293415	-0.026441384952	-0.0652610206932	1.0	-0.0587853405064	0.00395441378649	-0.0604045922376	-0.00840753707831	0.023627104878	0.0419728231676	-0.0517999232666	0.0266679824277	-0.0391542348245	-0.0266733368096	-0.0480602301499	-0.0691096631709	-0.0632216317864	-0.013866809205	0.0354085953403	-0.0466443912021	0.00162892022503	-0.0382341334772	0.0281232089444	-0.00365997825016	-0.0723067459343	0.0353201409201	0.0666002450114	0.0104925887129	0.0727442284048	-0.0199079536126	-0.0344408726694	-0.0565475518116	0.0127755172687
