#taxonomy	k__Bacteria;p__Bacteroidetes;c__Bacteroidia;o__Bacteroidales;f__Bacteroidaceae;g__Bacteroides;s__Bacteroides_vulgatus	k__Bacteria;p__Bacteroidetes;c__Bacteroidia;o__Bacteroidales;f__Bacteroidaceae;g__Bacteroides;s__Bacteroides_uniformis	k__Bacteria;p__Bacteroidetes;c__Bacteroidia;o__Bacteroidales;f__Rikenellaceae;g__Alistipes;s__Alistipes_putredinis	k__Bacteria;p__Bacteroidetes;c__Bacteroidia;o__Bacteroidales;f__Prevotellaceae;g__Prevotella;s__Prevotella_copri	k__Bacteria;p__Bacteroidetes;c__Bacteroidia;o__Bacteroidales;f__Bacteroidaceae;g__Bacteroides;s__Bacteroides_stercoris	k__Bacteria;p__Bacteroidetes;c__Bacteroidia;o__Bacteroidales;f__Bacteroidaceae;g__Bacteroides;s__Bacteroides_ovatus	k__Bacteria;p__Bacteroidetes;c__Bacteroidia;o__Bacteroidales;f__Rikenellaceae;g__Alistipes;s__Alistipes_shahii	k__Bacteria;p__Firmicutes;c__Clostridia;o__Clostridiales;f__Ruminococcaceae;g__Faecalibacterium;s__Faecalibacterium_prausnitzii	k__Bacteria;p__Bacteroidetes;c__Bacteroidia;o__Bacteroidales;f__Rikenellaceae;g__Alistipes;s__Alistipes_finegoldii	k__Bacteria;p__Bacteroidetes;c__Bacteroidia;o__Bacteroidales;f__Porphyromonadaceae;g__Parabacteroides;s__Parabacteroides_distasonis	k__Bacteria;p__Bacteroidetes;c__Bacteroidia;o__Bacteroidales;f__Bacteroidaceae;g__Bacteroides;s__Bacteroides_thetaiotaomicron	k__Bacteria;p__Bacteroidetes;c__Bacteroidia;o__Bacteroidales;f__Bacteroidaceae;g__Bacteroides;s__Bacteroides_coprocola	k__Bacteria;p__Bacteroidetes;c__Bacteroidia;o__Bacteroidales;f__Bacteroidaceae;g__Bacteroides;s__Bacteroides_cellulosilyticus	k__Bacteria;p__Bacteroidetes;c__Bacteroidia;o__Bacteroidales;f__Rikenellaceae;g__Alistipes;s__Alistipes_obesi	k__Bacteria;p__Firmicutes;c__Clostridia;o__Clostridiales;f__Lachnospiraceae;g__;s__[Eubacterium]_rectale	k__Bacteria;p__Bacteroidetes;c__Bacteroidia;o__Bacteroidales;f__Bacteroidaceae;g__Bacteroides;s__Bacteroides_plebeius	k__Bacteria;p__Bacteroidetes;c__Bacteroidia;o__Bacteroidales;f__Bacteroidaceae;g__Bacteroides;s__Bacteroides_fragilis	k__Bacteria;p__Proteobacteria;c__Betaproteobacteria;o__Burkholderiales;f__Sutterellaceae;g__Sutterella;s__Sutterella_wadsworthensis	k__Bacteria;p__Bacteroidetes;c__Bacteroidia;o__Bacteroidales;f__Porphyromonadaceae;g__Barnesiella;s__Barnesiella_intestinihominis	k__Bacteria;p__Bacteroidetes;c__Bacteroidia;o__Bacteroidales;f__Odoribacteraceae;g__Odoribacter;s__Odoribacter_splanchnicus	k__Bacteria;p__Bacteroidetes;c__Bacteroidia;o__Bacteroidales;f__Bacteroidaceae;g__Bacteroides;s__Bacteroides_salyersiae	k__Bacteria;p__Firmicutes;c__Clostridia;o__Clostridiales;f__Ruminococcaceae;g__Ruminiclostridium;s__[Eubacterium]_siraeum	k__Bacteria;p__Proteobacteria;c__Betaproteobacteria;o__Burkholderiales;f__Sutterellaceae;g__Parasutterella;s__Parasutterella_excrementihominis	k__Bacteria;p__Actinobacteria;c__Actinobacteria;o__Bifidobacteriales;f__Bifidobacteriaceae;g__Bifidobacterium;s__Bifidobacterium_adolescentis	k__Bacteria;p__Firmicutes;c__Clostridia;o__Clostridiales;f__Oscillospiraceae;g__Oscillibacter;s__Oscillibacter_sp._KLE_1745	k__Bacteria;p__Bacteroidetes;c__Bacteroidia;o__Bacteroidales;f__Bacteroidaceae;g__Bacteroides;s__Bacteroides_coprophilus	k__Bacteria;p__Firmicutes;c__Clostridia;o__Clostridiales;f__Lachnospiraceae;g__Roseburia;s__Roseburia_intestinalis	k__Bacteria;p__Firmicutes;c__Clostridia;o__Clostridiales;f__Lachnospiraceae;g__Roseburia;s__Roseburia_hominis	k__Bacteria;p__Bacteroidetes;c__Bacteroidia;o__Bacteroidales;f__Porphyromonadaceae;g__Parabacteroides;s__Parabacteroides_johnsonii	k__Bacteria;p__Actinobacteria;c__Actinobacteria;o__Bifidobacteriales;f__Bifidobacteriaceae;g__Bifidobacterium;s__Bifidobacterium_longum	k__Bacteria;p__Firmicutes;c__Clostridia;o__Clostridiales;f__;g__Flavonifractor;s__Flavonifractor_plautii	k__Bacteria;p__Firmicutes;c__Clostridia;o__Clostridiales;f__Clostridiaceae;g__Clostridium;s__Clostridium_phoceensis	k__Bacteria;p__Verrucomicrobia;c__Verrucomicrobiae;o__Verrucomicrobiales;f__Akkermansiaceae;g__Akkermansia;s__Akkermansia_muciniphila	k__Bacteria;p__Bacteroidetes;c__Bacteroidia;o__Bacteroidales;f__Prevotellaceae;g__Paraprevotella;s__Paraprevotella_xylaniphila	k__Bacteria;p__Firmicutes;c__Clostridia;o__Clostridiales;f__Ruminococcaceae;g__Ruminococcus;s__Ruminococcus_callidus	k__Bacteria;p__Bacteroidetes;c__Bacteroidia;o__Bacteroidales;f__Rikenellaceae;g__Alistipes;s__Alistipes_senegalensis	k__Bacteria;p__Firmicutes;c__Clostridia;o__Clostridiales;f__Lachnospiraceae;g__Blautia;s__Blautia_sp._KLE_1732	k__Bacteria;p__Bacteroidetes;c__Bacteroidia;o__Bacteroidales;f__Bacteroidaceae;g__Bacteroides;s__Bacteroides_oleiciplenus	k__Bacteria;p__Firmicutes;c__Clostridia;o__Clostridiales;f__Ruminococcaceae;g__Ruminococcus;s__Ruminococcus_bicirculans	k__Bacteria;p__Bacteroidetes;c__Bacteroidia;o__Bacteroidales;f__Bacteroidaceae;g__Bacteroides;s__Bacteroides_fluxus	k__Bacteria;p__Bacteroidetes;c__Bacteroidia;o__Bacteroidales;f__Prevotellaceae;g__Prevotella;s__Prevotella_stercorea	k__Bacteria;p__Firmicutes;c__Clostridia;o__Clostridiales;f__Lachnospiraceae;g__Dorea;s__Dorea_longicatena	k__Bacteria;p__Firmicutes;c__Clostridia;o__Clostridiales;f__Eubacteriaceae;g__Eubacterium;s__[Eubacterium]_eligens	k__Bacteria;p__Firmicutes;c__Clostridia;o__Clostridiales;f__Ruminococcaceae;g__;s__Ruminococcaceae_bacterium_D16	k__Bacteria;p__Firmicutes;c__Clostridia;o__Clostridiales;f__Lachnospiraceae;g__Coprococcus;s__Coprococcus_comes	k__Bacteria;p__Proteobacteria;c__Gammaproteobacteria;o__Enterobacterales;f__Enterobacteriaceae;g__Escherichia;s__Escherichia_coli	k__Bacteria;p__Firmicutes;c__Clostridia;o__Clostridiales;f__Ruminococcaceae;g__Anaerotruncus;s__Anaerotruncus_colihominis	k__Bacteria;p__Firmicutes;c__Clostridia;o__Clostridiales;f__Lachnospiraceae;g__Blautia;s__Blautia_obeum	k__Bacteria;p__Bacteroidetes;c__Bacteroidia;o__Bacteroidales;f__Odoribacteraceae;g__Odoribacter;s__Odoribacter_laneus	k__Bacteria;p__Firmicutes;c__Clostridia;o__Clostridiales;f__Ruminococcaceae;g__Ruminiclostridium;s__[Clostridium]_leptum	k__Bacteria;p__Bacteroidetes;c__Bacteroidia;o__Bacteroidales;f__Porphyromonadaceae;g__Parabacteroides;s__Parabacteroides_goldsteinii	k__Bacteria;p__Firmicutes;c__Clostridia;o__Clostridiales;f__Lachnospiraceae;g__Anaerostipes;s__Anaerostipes_hadrus	k__Bacteria;p__Firmicutes;c__Clostridia;o__Clostridiales;f__Ruminococcaceae;g__Ruminococcus;s__Ruminococcus_lactaris	k__Bacteria;p__Firmicutes;c__Clostridia;o__Clostridiales;f__Clostridiaceae;g__Clostridium;s__Clostridium_sp._L2-50	k__Bacteria;p__Firmicutes;c__Clostridia;o__Clostridiales;f__Clostridiaceae;g__Clostridium;s__Clostridium_sp._M62/1	k__Bacteria;p__Firmicutes;c__Clostridia;o__Clostridiales;f__;g__Intestinimonas;s__Intestinimonas_butyriciproducens	k__Bacteria;p__Actinobacteria;c__Actinobacteria;o__Bifidobacteriales;f__Bifidobacteriaceae;g__Bifidobacterium;s__Bifidobacterium_bifidum	k__Bacteria;p__Firmicutes;c__Negativicutes;o__Veillonellales;f__Veillonellaceae;g__Dialister;s__Dialister_invisus	k__Bacteria;p__Bacteroidetes;c__Bacteroidia;o__Bacteroidales;f__Bacteroidaceae;g__Bacteroides;s__Bacteroides_salanitronis
k__Bacteria;p__Bacteroidetes;c__Bacteroidia;o__Bacteroidales;f__Bacteroidaceae;g__Bacteroides;s__Bacteroides_vulgatus	1.0	0.0129357662467	-0.00516856760431	0.0593775158444	-0.00786733897084	-0.00413742403484	0.00420433899666	-0.0364666179349	0.011968743555	-0.00707403075752	-0.0114637989654	-0.0131288391271	-0.014797608451	-0.0123599612707	0.0226053586763	-0.0136237769312	-0.038608594879	0.0241367993576	-0.0288901335988	0.0121095482946	-0.0724757638299	-0.023468076296	-0.00106179780194	-0.0664994854844	0.0472466251357	0.0640841392783	0.0550538750323	-0.0427967970704	0.0131482522559	0.0181089148725	0.00604710208441	-0.02876800741	0.0181536549578	-0.0131077601864	-0.0254910480705	-0.0070731691491	0.029303537322	-0.00677029625351	0.0213505330499	-0.0199865916406	-0.00826094489744	-0.0360531664741	0.00451853373577	0.0422643342989	0.0120981006606	-0.0120619427856	-0.12368121836	-0.0350186864148	0.0149093894412	-0.0746572087551	-0.0157348647189	0.0174464279931	-0.00491012201616	0.00700421405507	0.00517074918559	0.0497842351452	-0.0728581365389	-0.0310653388834	0.012187429967
k__Bacteria;p__Bacteroidetes;c__Bacteroidia;o__Bacteroidales;f__Bacteroidaceae;g__Bacteroides;s__Bacteroides_uniformis	0.0129357662467	1.0	-0.0325871044704	-0.0348543669908	-0.0188831219704	-0.0047548707844	0.0192512562727	-0.0677806945195	0.0134955391946	-0.0287813609181	-0.0207844872918	-0.0315218778296	-0.113879184465	0.0150448314295	-0.0486723675204	0.0126971525609	-0.0722585082063	-0.0065711585627	-0.0524585331023	0.011468510157	-0.0278527343867	0.0367887766046	-0.0474690297606	-0.00577021685574	-0.0434802264253	1.75138163522e-05	0.0328310198616	0.00969627338323	-0.00920963984415	-0.0300231610981	0.0272843378887	0.0362289488478	-0.0380397574989	0.024015333958	0.00289778151673	-0.0287089110611	0.0777751481608	-0.0221352212262	-0.0133071215002	-0.0348265162324	-0.0380238745021	0.056725534513	-0.0476798843415	-0.0466945723927	-0.0168492981069	-0.0217945904355	0.00606917775131	-0.0226245795509	0.0345509191782	-0.0287347182899	0.0016063761721	0.051973250392	-0.0254588847467	-0.0110592294153	-0.0262748094048	0.00192573267205	0.0577311745268	0.0598064234097	0.0282275879063
k__Bacteria;p__Bacteroidetes;c__Bacteroidia;o__Bacteroidales;f__Rikenellaceae;g__Alistipes;s__Alistipes_putredinis	-0.00516856760431	-0.0325871044704	1.0	-0.044906219983	-0.0249804630172	0.0529192932776	-0.0594311278094	-0.0647579043974	-0.00221405585084	0.00342834344649	-0.0161869028354	0.00927173869667	-0.00287005721772	-0.0146832481223	0.0794413388164	-0.0233718788684	-0.0378070984488	-0.00758648161408	0.0122418377552	-0.00267961527425	-0.0928177353979	-0.0333980949989	0.00193061322269	0.0331670367125	0.0259323101569	-0.0955363444242	-0.100755072341	0.00428905780331	-0.0420858923483	0.0400101082115	0.0123218358416	0.0357922358128	0.0381653909163	0.0704192344458	0.0493356213197	-0.00665600300483	0.0158037151269	-0.0158759261358	0.0122629259647	0.0205557119959	-0.0101146978649	-0.010129798378	-0.101607767224	-0.00612798146404	-0.0695523776798	-0.0043288911064	-0.014700073812	-0.0182572386277	-0.00223472859239	-0.0164810482983	-0.0496753291127	-0.0159718554296	-0.0308751277478	-0.00304305823766	0.0999499446641	0.00998802608986	0.0755367788479	0.0228871904947	-0.0145787601954
k__Bacteria;p__Bacteroidetes;c__Bacteroidia;o__Bacteroidales;f__Prevotellaceae;g__Prevotella;s__Prevotella_copri	0.0593775158444	-0.0348543669908	-0.044906219983	1.0	-0.0118985751326	-0.0520576514062	0.0273280093722	-0.00426819723664	0.0471043533157	-0.0358677089857	0.020144686335	0.0700415987559	0.0711109657326	0.0130542708565	-0.0204221994177	-0.0189475437705	-0.106198212331	-0.0322649899372	-0.020487042372	0.00720048022194	-0.0149248601689	-0.0172800357266	0.0432234054805	-0.0553905094102	-0.0230391607021	-0.0694318784611	-0.0140842468818	-0.0223248361566	0.0047116424675	0.054537156949	0.0790615801334	-0.0638941642088	0.00979078693896	-0.0334309874897	0.01345005932	0.00900926067945	0.0783640997735	-0.043772441346	0.0232367437029	-0.0233960917334	0.00634694494047	0.0106762321829	0.00829634908439	0.067481131252	-0.0115284971095	-0.00186594861542	-0.010653124649	-0.0251445835469	0.0196150734871	-0.0232055870857	-0.0579737073036	0.0132706685392	0.01435034862	-0.0108058479227	0.00426984545949	0.0221711095008	-0.0622560624624	0.00843695316437	-0.020007656842
k__Bacteria;p__Bacteroidetes;c__Bacteroidia;o__Bacteroidales;f__Bacteroidaceae;g__Bacteroides;s__Bacteroides_stercoris	-0.00786733897084	-0.0188831219704	-0.0249804630172	-0.0118985751326	1.0	-0.00535265661798	-0.0262898163477	-0.000469399764408	-0.0202744263196	0.0369082080486	-0.0348995254645	0.0138909004095	0.0612051328519	0.00801911608038	0.0488019980396	-0.0451069771355	-0.0167653154075	0.00703165248069	0.0410586469765	-0.0184479908152	0.0099475184228	-0.0349220557899	-0.00985814051543	-0.0247627037063	0.017837122943	-0.0425510486052	0.00739699936709	0.0917539607853	0.0836207288802	-0.0464049682979	-0.0134783250151	-0.0337717900241	-0.0397755419748	-0.041978559565	-0.0158080941918	0.00989769808509	-0.0296698415249	-0.010315739538	-0.0399027504596	0.0246713761318	0.00688264328326	-0.0767787030112	-0.00870215766859	-0.0639775658693	-0.0692038624695	-0.0304056234859	0.0211968264308	0.0353734002754	0.0117030871116	0.065885349157	-0.0433104456976	-0.0179085262879	-0.0339604179618	-0.0441112820624	-0.0398885768108	0.0322518477889	0.0332832480287	-0.0117382492504	-0.0144474541494
k__Bacteria;p__Bacteroidetes;c__Bacteroidia;o__Bacteroidales;f__Bacteroidaceae;g__Bacteroides;s__Bacteroides_ovatus	-0.00413742403484	-0.0047548707844	0.0529192932776	-0.0520576514062	-0.00535265661798	1.0	0.0092074607072	0.0735928202918	0.0618472455569	-0.0230188602445	0.00769054875665	-0.0193536541527	0.0357545997808	-0.0620821118741	-0.00690957495839	0.0194998857784	0.0503099453274	0.0729888702018	-0.097141115877	-0.0553171170916	0.0128933662968	-0.000381415662783	0.0135863317693	-0.0570926818773	-0.00636588919774	0.0167057275596	-0.00516921579321	-0.0525304642089	-0.033904296081	-0.111981471974	-0.0292567400181	0.00269049377823	0.0125895898684	0.0260472887273	-0.0401806799136	5.92385344289e-05	-0.0242976846373	-0.0527576425	0.0500989023719	0.0156748462723	0.0124680251136	-0.0405134633781	-0.0285989777344	-0.0179344846043	-0.0695304081528	0.015018658974	0.03245170193	0.0105548611476	0.0261731362365	0.0342475020319	-0.0630029077799	-0.0361688808142	-0.0529293155955	0.00397120118967	-0.00795580353427	-0.015581443116	0.0125957105943	0.0100078657805	-0.0453402970524
k__Bacteria;p__Bacteroidetes;c__Bacteroidia;o__Bacteroidales;f__Rikenellaceae;g__Alistipes;s__Alistipes_shahii	0.00420433899666	0.0192512562727	-0.0594311278094	0.0273280093722	-0.0262898163477	0.0092074607072	1.0	-0.00844357498749	0.00573298367067	-0.00773353220421	0.0382483238564	-0.0416278968209	0.0339182305722	-0.0103664097299	-0.0234832411723	0.00958378084727	-0.0317357371944	-0.0167536481408	-0.0425495369652	0.0404086666751	-0.0339497322361	-0.0260849554607	-0.0410126043946	0.103103321807	0.0165409824216	-0.030999212301	0.0179925733286	0.0173593739128	0.074953489122	-0.019445876849	-0.0630323165168	0.018519756273	-0.0273250529521	-0.0567773818572	-0.0522701241524	0.0474194255087	-0.0308008619587	-0.00629122613293	-0.00595512542721	-0.020753903148	0.0512709926622	-0.00502975475516	-0.0363091807479	-0.0172101856512	-0.057356796253	0.0203185568007	-0.000703406175326	-0.0330359695872	-0.00265929467487	0.00164193284079	0.00764422880109	0.0190013435875	-0.0474699173122	-0.033560652286	-0.0103164422245	0.0185418177439	0.00172950309494	-0.0026150134614	0.0135456765637
k__Bacteria;p__Firmicutes;c__Clostridia;o__Clostridiales;f__Ruminococcaceae;g__Faecalibacterium;s__Faecalibacterium_prausnitzii	-0.0364666179349	-0.0677806945195	-0.0647579043974	-0.00426819723664	-0.000469399764408	0.0735928202918	-0.00844357498749	1.0	-0.0221197067281	0.0479957248956	-0.0243435936197	-0.0191529971004	-0.0260236132136	-0.019380287178	-0.0312375233498	0.036435768951	-0.00491261663786	0.0147622674191	-0.0190806580423	0.00154013915623	0.00657025637298	-0.00132036907802	-0.0226168753002	-0.0282242820517	-0.0704068211583	-0.0254368207572	0.0129802229136	0.000377535373388	0.0123145380662	-0.0222572220154	-0.0274549628965	0.00724885706695	-0.00579573288354	-0.01867857644	0.0355131571398	0.0228685789492	-0.045591749114	0.0346156126571	-0.0140325760158	0.0245894040923	-0.0576237187835	-0.00909565553285	-0.0201960229414	0.0231967584966	-0.02371739995	-0.0101955265799	0.0156933519018	0.00522505426606	-0.032468000793	-0.0422463513978	-0.0248016793064	-0.0240994186932	-0.00637585627424	0.0343114648476	-0.0185361353629	0.0489647522631	-0.0220750657849	0.00389748881202	-0.0188742136442
k__Bacteria;p__Bacteroidetes;c__Bacteroidia;o__Bacteroidales;f__Rikenellaceae;g__Alistipes;s__Alistipes_finegoldii	0.011968743555	0.0134955391946	-0.00221405585084	0.0471043533157	-0.0202744263196	0.0618472455569	0.00573298367067	-0.0221197067281	1.0	0.0145533815307	-0.0359356171158	-0.00821831120869	-0.0530725802915	0.00271178385184	-0.01548111251	-0.0433683655619	-0.0123157859322	-0.0264837554426	0.00418598720585	0.0248986613933	-0.00950429161152	-0.0347488591306	-0.0496983760814	0.0270608137523	0.00895962425286	-0.0376105860627	-0.000509623152017	-0.00646411363593	-0.0535274097563	-0.00659149095408	0.00107200303773	-0.0272919548675	-0.057029450051	0.0119098630799	0.015898941466	-0.0128704475661	0.0199043971655	-0.0667089954809	0.0530309717185	-0.0125284307713	0.0217897752578	0.00681442142323	0.0217388569155	0.0154589646568	-0.0265372087773	-0.0386583888437	0.0553342591244	0.0283071546409	0.0742753359005	-0.0374738659096	-0.0181270293732	-0.00741110986409	0.00326474473221	0.00305269468108	-0.0127424835174	0.0374399512228	0.01960065063	-0.0392755618578	-0.00924066006764
k__Bacteria;p__Bacteroidetes;c__Bacteroidia;o__Bacteroidales;f__Porphyromonadaceae;g__Parabacteroides;s__Parabacteroides_distasonis	-0.00707403075752	-0.0287813609181	0.00342834344649	-0.0358677089857	0.0369082080486	-0.0230188602445	-0.00773353220421	0.0479957248956	0.0145533815307	1.0	-0.0901834146652	-0.0203665353585	0.0432591901653	-0.0463040963322	-0.0406253291499	-0.015348875181	-0.0167162232942	0.0174882149558	0.0486004270343	-0.0304449317325	0.0039601577899	0.0177236837465	-0.0214313452789	0.0272695758577	-0.0270277238694	-0.0711473076159	-0.01538870965	-0.0262905493754	-0.0270374166244	-0.0292143211552	-0.0229306191225	0.0027249901741	0.000320790789235	-0.0159055977182	-0.0113487002655	-0.0107303667172	-0.0560565501937	0.0393977782725	0.0133349128561	-0.05204311399	0.0466778640565	-0.0153254154994	0.0455656422823	-0.0600399143915	0.0158639252501	-0.0161707097466	-0.0100191927038	0.00198349118598	-0.0139468350266	0.0183256125895	-0.0349025497111	0.0212349258187	-0.026786106807	-0.00259162924187	0.0166759661804	0.0371887730959	0.0271756971697	0.033295812722	-0.00250387521826
k__Bacteria;p__Bacteroidetes;c__Bacteroidia;o__Bacteroidales;f__Bacteroidaceae;g__Bacteroides;s__Bacteroides_thetaiotaomicron	-0.0114637989654	-0.0207844872918	-0.0161869028354	0.020144686335	-0.0348995254645	0.00769054875665	0.0382483238564	-0.0243435936197	-0.0359356171158	-0.0901834146652	1.0	-0.0178248104144	-0.0232557796963	-0.0251531669348	0.00693403984026	0.0256527545587	-0.00653399790365	0.0171721311757	0.0191667744201	-0.0154718626027	-0.0838914188293	0.0111575253205	0.0442864781297	-0.0296134821672	-0.047909344298	-0.0458838621813	-0.0679739880736	-0.0126615668668	0.0129154833622	0.0767034664104	0.0142882619177	0.00886970107357	-0.00579316943445	0.00231458832396	0.039332624156	-0.0267301730425	0.00297059015765	-0.0933030464992	0.0423587067526	-0.00970939353891	-0.0227844199915	0.0487848193016	0.0381126231705	0.0494110055951	-0.0395765139997	0.0333850683097	-0.0265149762237	-0.0410265204977	-0.0292448712774	0.0347744787106	-0.085430512486	-0.0793788252604	-0.0281706716473	-0.0626910761937	0.00062460344967	-0.0370533602453	-0.0106702541062	0.0220842923882	-0.0586979322102
k__Bacteria;p__Bacteroidetes;c__Bacteroidia;o__Bacteroidales;f__Bacteroidaceae;g__Bacteroides;s__Bacteroides_coprocola	-0.0131288391271	-0.0315218778296	0.00927173869667	0.0700415987559	0.0138909004095	-0.0193536541527	-0.0416278968209	-0.0191529971004	-0.00821831120869	-0.0203665353585	-0.0178248104144	1.0	-0.0221147538726	0.0186099022102	0.0228334916069	-0.00697486130641	0.0220243361737	0.00577529186139	-0.010606914761	-0.0282548520751	0.00484800580914	0.0242827908525	0.0460645899491	0.034233941994	0.0312903884159	0.0323581342633	0.0286722678593	-0.0511166341944	-0.00872114273953	-0.0363157534386	-0.0439211919966	-0.0108288688341	0.0431688499065	-0.0226686772751	0.0206088697203	-0.0598531903868	-0.0394934120998	-0.015428704261	0.039415208775	0.04476070263	-0.0758884796905	-0.00573870629548	-0.0309433172748	0.0289446415028	0.0166060801242	-0.0179997179947	-0.00924585074957	-0.0158585831653	0.0431354200949	-0.0233949135589	-0.0244777439835	-0.0262273145803	0.00616532144219	0.00483826762571	-0.033909808174	0.0111749492952	-0.0103093154973	-0.0395744997919	0.0144202056288
k__Bacteria;p__Bacteroidetes;c__Bacteroidia;o__Bacteroidales;f__Bacteroidaceae;g__Bacteroides;s__Bacteroides_cellulosilyticus	-0.014797608451	-0.113879184465	-0.00287005721772	0.0711109657326	0.0612051328519	0.0357545997808	0.0339182305722	-0.0260236132136	-0.0530725802915	0.0432591901653	-0.0232557796963	-0.0221147538726	1.0	-0.0426630918515	-0.0104883299296	0.00100979856422	0.0162197674083	0.00396458557219	-0.0152273657578	0.00636347304201	0.0291002196229	0.00939949449315	-0.0335023860931	0.00434194933757	-0.00327666452467	0.00511681162493	0.0221383837129	-0.00437103339724	0.00677835178159	-0.0300723107306	-0.0291068833217	-0.0504343595445	-0.0075888206144	0.0174820667825	-6.21501238003e-05	-0.00043812042689	-0.0491112422944	-0.0834568914008	-0.039444330835	0.0262295234669	0.0866570013676	0.0250291019045	-0.0566223824084	-0.0609969201559	-0.0016255224661	-0.0145705918053	0.0143641595853	0.0067837365071	0.0176685657366	0.0318083636865	-0.0189572025045	-0.00606910937147	-0.00308335324138	0.0474865713123	-0.0152759196187	-0.0554173806876	-0.0179184949843	-0.0209401082795	-0.070094153924
k__Bacteria;p__Bacteroidetes;c__Bacteroidia;o__Bacteroidales;f__Rikenellaceae;g__Alistipes;s__Alistipes_obesi	-0.0123599612707	0.0150448314295	-0.0146832481223	0.0130542708565	0.00801911608038	-0.0620821118741	-0.0103664097299	-0.019380287178	0.00271178385184	-0.0463040963322	-0.0251531669348	0.0186099022102	-0.0426630918515	1.0	-0.020627009489	0.0187091240032	0.000285630448596	0.0315477511956	0.00801809793052	-0.0490658568272	0.0233818560357	0.0422937866388	-0.00932272895979	0.0260328833351	-0.0339934905503	-0.0185490766943	-0.0158858108687	0.0094036002139	-0.11928315413	-0.00876757681406	0.0315902972967	-0.0264099297282	0.0469531301038	-0.0578525315015	0.043923540749	0.044942615655	0.119630661274	-0.0156657646811	-0.0107430033926	-0.00927427534453	0.00103487284712	-0.0271213333396	0.0284171961962	-0.0273076325818	-0.0114471570236	-0.0640136700469	-0.00641445635773	0.0397557919649	-0.00834187822377	0.0178522360753	0.0302471736879	-0.0201199929386	0.0380197692002	0.0273016402377	-0.0244563252173	-0.0449332049283	0.00563346495661	-0.0313136405139	0.0384027430344
k__Bacteria;p__Firmicutes;c__Clostridia;o__Clostridiales;f__Lachnospiraceae;g__;s__[Eubacterium]_rectale	0.0226053586763	-0.0486723675204	0.0794413388164	-0.0204221994177	0.0488019980396	-0.00690957495839	-0.0234832411723	-0.0312375233498	-0.01548111251	-0.0406253291499	0.00693403984026	0.0228334916069	-0.0104883299296	-0.020627009489	1.0	-0.0123755108275	0.024894801604	0.00487127287819	-0.024968941389	0.00410435065455	-0.0575217734988	-0.0333188498587	0.0352445899006	-0.0482149312408	-0.0331909320124	0.0139799396115	0.00697053337994	0.00791201905833	0.00906590898947	-0.0123702491477	0.0200449595187	0.00426609980841	0.0272292893291	0.000751430626799	-0.00938690401925	0.0166265785286	-0.0188796318338	-0.0130236485471	-0.062430066407	0.016445728497	-0.0107440661757	-0.0575233667803	0.00104926537563	0.0443732014952	-0.0453622886972	0.046681204369	0.00271952665644	0.0618465530383	-0.0700259413764	-0.0464890966343	-0.0549661551486	-0.035460785525	-0.0931084435896	-0.00936931806351	-0.0372166304711	-0.0147476859171	0.0155184378215	-0.0551197230592	0.0331325678937
k__Bacteria;p__Bacteroidetes;c__Bacteroidia;o__Bacteroidales;f__Bacteroidaceae;g__Bacteroides;s__Bacteroides_plebeius	-0.0136237769312	0.0126971525609	-0.0233718788684	-0.0189475437705	-0.0451069771355	0.0194998857784	0.00958378084727	0.036435768951	-0.0433683655619	-0.015348875181	0.0256527545587	-0.00697486130641	0.00100979856422	0.0187091240032	-0.0123755108275	1.0	0.0408933893657	-0.0536218708406	-0.0249055356357	-0.0743563048821	-0.109793099031	-0.0201050623845	-0.04762976974	0.0125037794001	-0.0107548549958	0.072080896654	-0.0503100207478	-0.063194552739	0.053784324463	0.0356495448457	0.00990367438328	0.0404415017702	-0.0291978247052	0.0204056362128	-0.0372469688512	-0.0238940885234	-0.0322976620556	-0.0524371558724	0.0279526557903	-0.0371024192525	-0.0301661204233	-0.0606252047072	-0.0234780550516	-0.0582899855188	-0.0190656476256	-0.0287687615998	0.029900446843	-0.00889199965598	0.0522408027341	-0.00431784353484	-0.0259439030284	0.0250311771077	-0.00591650404731	-0.0189417999885	-0.0235412226814	0.0062335600122	-0.0368441631804	0.0247948725694	-0.0280255900873
k__Bacteria;p__Bacteroidetes;c__Bacteroidia;o__Bacteroidales;f__Bacteroidaceae;g__Bacteroides;s__Bacteroides_fragilis	-0.038608594879	-0.0722585082063	-0.0378070984488	-0.106198212331	-0.0167653154075	0.0503099453274	-0.0317357371944	-0.00491261663786	-0.0123157859322	-0.0167162232942	-0.00653399790365	0.0220243361737	0.0162197674083	0.000285630448596	0.024894801604	0.0408933893657	1.0	0.0160720323464	-0.0160839796357	0.052878433868	-0.0856883734999	-0.0175058274649	0.00676459664356	-0.0255500936333	-0.0374089694556	-0.00708424416206	-0.00512808225136	-0.00755201798336	-0.0131548685007	-0.00420684291969	-0.015417236371	-0.0402654712218	0.00929677612737	-0.0212068507794	0.00807913758013	0.012690544881	-0.039510661402	-0.0106633418912	0.0130664878537	-0.00370756089181	-0.00703173694234	-0.0587747052923	-0.0123557611938	0.0561558899643	0.0146063251356	-0.0177996493041	-0.0344827480664	-0.0717403169372	-0.0382408116722	0.0100658465005	-0.0435172172364	-0.0210778994905	-0.0415138380049	-0.0254005673742	-0.0235020839157	-0.0401834899456	0.0225705406965	0.0093054752362	0.0300571599814
k__Bacteria;p__Proteobacteria;c__Betaproteobacteria;o__Burkholderiales;f__Sutterellaceae;g__Sutterella;s__Sutterella_wadsworthensis	0.0241367993576	-0.0065711585627	-0.00758648161408	-0.0322649899372	0.00703165248069	0.0729888702018	-0.0167536481408	0.0147622674191	-0.0264837554426	0.0174882149558	0.0171721311757	0.00577529186139	0.00396458557219	0.0315477511956	0.00487127287819	-0.0536218708406	0.0160720323464	1.0	0.020961386517	0.00121370388258	-0.022743006443	-0.0171539683808	0.0256657304337	-0.0221146791086	-0.0562055008773	-0.0710951444881	0.00703924439256	-0.0501066638884	0.00572712971886	-0.0764375956441	0.0312772281165	-0.001030453393	-0.00657737085036	0.0519025337349	0.00865980026362	-0.00358670482337	-0.017247249173	-0.0396836274798	-0.0805754430416	0.0251542231563	-0.0320076065408	-0.0273139937097	-0.00198105235063	-0.0456513975979	-0.0565932766643	-0.0356476934116	-0.00861143005918	-0.0664695715723	-0.0283062649483	0.00370623005173	0.0446434146696	-0.0442596757581	0.0197804000913	-0.0240239385639	-0.0619560747304	0.0209305659904	0.0291132979593	-0.0318373171133	0.0164799895952
k__Bacteria;p__Bacteroidetes;c__Bacteroidia;o__Bacteroidales;f__Porphyromonadaceae;g__Barnesiella;s__Barnesiella_intestinihominis	-0.0288901335988	-0.0524585331023	0.0122418377552	-0.020487042372	0.0410586469765	-0.097141115877	-0.0425495369652	-0.0190806580423	0.00418598720585	0.0486004270343	0.0191667744201	-0.010606914761	-0.0152273657578	0.00801809793052	-0.024968941389	-0.0249055356357	-0.0160839796357	0.020961386517	1.0	-0.0141558030679	0.0209367362371	-0.00711663372872	0.0196555367275	0.0189653203596	0.0210629660439	-0.0155278183629	0.0449572218129	-0.0296383148651	0.017317338511	-0.0388259144203	-0.0229658744114	-0.036198429631	0.0319632829291	0.00221134114382	0.0351223647376	-0.0450028822028	0.0214986727581	-0.0223100503482	-0.0130293516185	-0.0361078716144	-0.0334700748994	-0.0332422868347	-0.027098838712	0.0295861733818	0.00859379829034	-0.0798708602324	0.00785877351333	-0.0319300450054	0.0361070513373	-0.0391737659373	-0.00899676899107	0.0521721371888	0.0641787651046	0.0213264416226	0.00779548882516	0.00115676828476	-0.0883998484743	-0.0241404082241	-0.00953905227298
k__Bacteria;p__Bacteroidetes;c__Bacteroidia;o__Bacteroidales;f__Odoribacteraceae;g__Odoribacter;s__Odoribacter_splanchnicus	0.0121095482946	0.011468510157	-0.00267961527425	0.00720048022194	-0.0184479908152	-0.0553171170916	0.0404086666751	0.00154013915623	0.0248986613933	-0.0304449317325	-0.0154718626027	-0.0282548520751	0.00636347304201	-0.0490658568272	0.00410435065455	-0.0743563048821	0.052878433868	0.00121370388258	-0.0141558030679	1.0	-0.0237417866153	0.0119069552648	-0.0431382349169	-0.00553372219886	0.00153189105125	-0.0186970615998	0.00901975110315	-0.0785514145766	-0.0150711941896	0.0362552957556	-0.0431593168387	-0.00688381131101	-0.0290867734659	-0.0263516274502	-0.00818347731978	0.0798361189088	-0.0052610089113	-0.0585617672979	-0.0502406344848	-0.0111961316176	-0.0110893714788	-0.0437498847444	-0.0349283286673	-0.00627367084961	-0.0338608096826	-0.0107428215873	0.0077428154652	-0.0202179179944	0.00567660425192	0.0329107727798	0.0286565291687	0.0316185045984	-0.00966841452307	0.013889031572	-0.0458735532152	-0.0450574016839	-0.0037298557928	-0.00442986863191	0.043055866475
k__Bacteria;p__Bacteroidetes;c__Bacteroidia;o__Bacteroidales;f__Bacteroidaceae;g__Bacteroides;s__Bacteroides_salyersiae	-0.0724757638299	-0.0278527343867	-0.0928177353979	-0.0149248601689	0.0099475184228	0.0128933662968	-0.0339497322361	0.00657025637298	-0.00950429161152	0.0039601577899	-0.0838914188293	0.00484800580914	0.0291002196229	0.0233818560357	-0.0575217734988	-0.109793099031	-0.0856883734999	-0.022743006443	0.0209367362371	-0.0237417866153	1.0	0.0237962991759	-0.0238318741376	-0.0104106108582	-0.00661072712586	0.0452893619255	-0.0302661920448	0.0110334869951	0.0637507510931	0.00822796276753	-0.00663582393754	0.0230762688816	-0.0502474938884	0.0471520728188	0.0388139522957	-0.0194743807613	-0.0157094155183	0.0133205340361	-0.0449359479735	-0.0519606528483	0.0126536513967	-0.040782508889	-0.0391193959719	0.0161639867476	-0.0500195605566	0.0206300218944	0.00499568294155	0.0236927815046	-0.0688005817481	-0.0196035697381	-0.0347034804997	-0.0400980007235	-0.0382399137239	0.0044401056489	-0.0461236336103	0.0171662400605	0.0492445199531	0.0100980247895	-0.0132092841928
k__Bacteria;p__Firmicutes;c__Clostridia;o__Clostridiales;f__Ruminococcaceae;g__Ruminiclostridium;s__[Eubacterium]_siraeum	-0.023468076296	0.0367887766046	-0.0333980949989	-0.0172800357266	-0.0349220557899	-0.000381415662783	-0.0260849554607	-0.00132036907802	-0.0347488591306	0.0177236837465	0.0111575253205	0.0242827908525	0.00939949449315	0.0422937866388	-0.0333188498587	-0.0201050623845	-0.0175058274649	-0.0171539683808	-0.00711663372872	0.0119069552648	0.0237962991759	1.0	-0.038309062535	0.00203890014583	-0.0313697692482	0.0442674909678	-0.045012194685	-0.0502209236678	0.0237846546681	0.0115259135244	0.00909892135589	0.0220961314262	-0.0370432258101	-0.0977212028762	-0.0285998728004	0.0226477077974	0.0185264176457	0.0175127688067	0.00748473575658	0.0290216437704	-0.0132058424122	-0.00539486551128	-0.0332885026516	0.0115942808556	-0.0292115057705	-0.0303073535243	0.0245074225457	-0.0510681566668	-0.0255675198556	-0.0242159918256	0.00423633450275	0.0199374266492	-0.0129860400464	-0.0392881196525	-0.00438805897565	-0.0232734368214	0.00571599140504	0.0324464763486	-0.0567866128265
k__Bacteria;p__Proteobacteria;c__Betaproteobacteria;o__Burkholderiales;f__Sutterellaceae;g__Parasutterella;s__Parasutterella_excrementihominis	-0.00106179780194	-0.0474690297606	0.00193061322269	0.0432234054805	-0.00985814051543	0.0135863317693	-0.0410126043946	-0.0226168753002	-0.0496983760814	-0.0214313452789	0.0442864781297	0.0460645899491	-0.0335023860931	-0.00932272895979	0.0352445899006	-0.04762976974	0.00676459664356	0.0256657304337	0.0196555367275	-0.0431382349169	-0.0238318741376	-0.038309062535	1.0	0.0430132711674	-0.0318482599034	-0.00300015836176	-0.00282331645568	-0.0276209416566	-0.0751071385453	-0.0102269662599	-0.053172608819	-0.0446792536977	-0.0468519356209	-0.0069020641815	-0.0467088091003	-0.0107587584069	-0.00275375091045	-0.0452195018292	0.00983625232412	-0.0379919593914	0.00424926687788	-0.0254927732501	0.0847959211236	-0.0123279394525	-0.0431467183621	-0.0130637081401	-0.00621862837841	0.0140596360931	-0.0552486189333	0.0310713282019	-0.00336896058302	-0.0485991255563	-0.00281283569439	-0.0978879877515	-0.0113684358596	-0.0449391721714	-0.0298695136318	-0.0283026133689	0.0410582192258
k__Bacteria;p__Actinobacteria;c__Actinobacteria;o__Bifidobacteriales;f__Bifidobacteriaceae;g__Bifidobacterium;s__Bifidobacterium_adolescentis	-0.0664994854844	-0.00577021685574	0.0331670367125	-0.0553905094102	-0.0247627037063	-0.0570926818773	0.103103321807	-0.0282242820517	0.0270608137523	0.0272695758577	-0.0296134821672	0.034233941994	0.00434194933757	0.0260328833351	-0.0482149312408	0.0125037794001	-0.0255500936333	-0.0221146791086	0.0189653203596	-0.00553372219886	-0.0104106108582	0.00203890014583	0.0430132711674	1.0	-0.0399727664222	-0.0146432237335	-0.0363462319965	-0.00563935457133	-0.0245623867912	0.0364105502363	-0.0509238324341	-0.0563522116526	0.0425097453726	-0.0429794040233	0.0432139576518	-0.0317983731841	-0.0230101987149	0.0249096636341	-0.0120955535844	-0.0271740069778	0.0398551932752	0.0405862202191	0.00415925898995	-0.0449805749686	0.0339301829748	-0.0240193779065	-0.0221657468518	-0.0246686433103	0.0624912978605	-0.0253930522207	-0.0212332120078	-0.00769203020678	-0.0439629348744	-0.0156655836482	-0.026747914441	0.0289006398203	0.014759246148	-0.0193337039988	-0.104209956397
k__Bacteria;p__Firmicutes;c__Clostridia;o__Clostridiales;f__Oscillospiraceae;g__Oscillibacter;s__Oscillibacter_sp._KLE_1745	0.0472466251357	-0.0434802264253	0.0259323101569	-0.0230391607021	0.017837122943	-0.00636588919774	0.0165409824216	-0.0704068211583	0.00895962425286	-0.0270277238694	-0.047909344298	0.0312903884159	-0.00327666452467	-0.0339934905503	-0.0331909320124	-0.0107548549958	-0.0374089694556	-0.0562055008773	0.0210629660439	0.00153189105125	-0.00661072712586	-0.0313697692482	-0.0318482599034	-0.0399727664222	1.0	0.00278137006974	-0.0254268692645	0.00418748652461	-0.020575036584	0.0179379522073	0.00670461365638	0.0010629138032	-0.00280257845681	0.00481341746091	-0.0342050362415	0.020582223839	0.0263592838027	-0.0121113893148	0.0274402393129	0.00474506618249	-0.018334022718	-0.0237796325485	-0.0348416140163	-0.092060514826	0.0142511415011	0.0409709445468	-0.0238810239892	-0.00716911340845	-0.0280187343921	-0.0251023374644	-0.00300074554605	-0.0266675120769	-0.0288116894998	0.0213402660967	0.0490525358557	0.0151183990025	0.0341353417282	-0.00886670378381	0.029129401227
k__Bacteria;p__Bacteroidetes;c__Bacteroidia;o__Bacteroidales;f__Bacteroidaceae;g__Bacteroides;s__Bacteroides_coprophilus	0.0640841392783	1.75138163521e-05	-0.0955363444242	-0.0694318784611	-0.0425510486052	0.0167057275596	-0.030999212301	-0.0254368207572	-0.0376105860627	-0.0711473076159	-0.0458838621813	0.0323581342633	0.00511681162493	-0.0185490766943	0.0139799396115	0.072080896654	-0.00708424416206	-0.0710951444881	-0.0155278183629	-0.0186970615998	0.0452893619255	0.0442674909678	-0.00300015836176	-0.0146432237335	0.00278137006974	1.0	-8.47456417591e-05	-0.0473378524444	-0.019927240775	-0.0195565737609	-0.0147803978631	0.0185057711084	0.0566856166665	0.0426550260043	-0.061138009934	-0.00251265593469	0.00793640987672	-0.0379994403399	0.0405896616457	-0.0744588237824	0.017448556157	0.00850400799954	-0.0330717099396	0.0719718419944	-0.0459831320849	-0.0274069538033	-0.0140257133125	-0.0385399308519	-0.0149806362365	-0.0592362732045	0.00331799185997	0.0190367052801	-0.0143899508427	-0.0521943367412	0.0277190287544	-0.0450146571797	0.00570065270939	-0.0298643184947	0.00859157949276
k__Bacteria;p__Firmicutes;c__Clostridia;o__Clostridiales;f__Lachnospiraceae;g__Roseburia;s__Roseburia_intestinalis	0.0550538750323	0.0328310198616	-0.100755072341	-0.0140842468818	0.00739699936709	-0.00516921579321	0.0179925733286	0.0129802229136	-0.000509623152017	-0.01538870965	-0.0679739880736	0.0286722678593	0.0221383837129	-0.0158858108687	0.00697053337994	-0.0503100207478	-0.00512808225136	0.00703924439256	0.0449572218129	0.00901975110315	-0.0302661920448	-0.045012194685	-0.00282331645568	-0.0363462319965	-0.0254268692645	-8.4745641759e-05	1.0	-0.0522645120695	-0.00517850635631	-0.0102932314804	0.00357540181424	0.0055074181967	-0.0128838071266	-0.0197626884889	0.088643377701	-0.0368299445255	0.0112805583082	-0.0307086729867	-0.0440155652901	-0.0305619416868	-0.0161664311167	0.0169670703591	-0.0632274808341	-0.047975127894	-0.00141058725388	0.0284458832986	-0.0299929301667	-0.0262851222865	-0.06439696338	-0.068559945828	0.0268867348411	0.0268231347017	0.0383987492388	-0.0231695551164	-0.0374351139664	-0.0295048494491	-0.0427674513008	-0.0831569456134	0.012502828753
k__Bacteria;p__Firmicutes;c__Clostridia;o__Clostridiales;f__Lachnospiraceae;g__Roseburia;s__Roseburia_hominis	-0.0427967970704	0.00969627338323	0.00428905780331	-0.0223248361566	0.0917539607853	-0.0525304642089	0.0173593739128	0.000377535373388	-0.00646411363593	-0.0262905493754	-0.0126615668668	-0.0511166341944	-0.00437103339724	0.0094036002139	0.00791201905833	-0.063194552739	-0.00755201798336	-0.0501066638884	-0.0296383148651	-0.0785514145766	0.0110334869951	-0.0502209236678	-0.0276209416566	-0.00563935457133	0.00418748652461	-0.0473378524444	-0.0522645120695	1.0	-0.0141653362692	-0.0546693582833	0.045177605386	-0.0376597925467	-0.0221422221225	-0.0275825896287	0.0204128328602	0.038354245903	-0.0116320490049	0.052003542675	0.0763343705893	0.000530318090009	-0.0898294140226	-0.026530644565	-0.00625801887185	0.105137775548	-0.00870465234917	0.0446281657567	0.0142622998029	0.00673242806974	-0.0271485219428	-0.0148903674139	-0.004014615459	0.0489916309645	0.0616254902756	-0.025132989451	0.0125485194722	-0.0253017548712	0.010034699604	0.00623410290388	0.00751425283283
k__Bacteria;p__Bacteroidetes;c__Bacteroidia;o__Bacteroidales;f__Porphyromonadaceae;g__Parabacteroides;s__Parabacteroides_johnsonii	0.0131482522559	-0.00920963984415	-0.0420858923483	0.0047116424675	0.0836207288802	-0.033904296081	0.074953489122	0.0123145380662	-0.0535274097563	-0.0270374166244	0.0129154833622	-0.00872114273953	0.00677835178159	-0.11928315413	0.00906590898947	0.053784324463	-0.0131548685007	0.00572712971886	0.017317338511	-0.0150711941896	0.0637507510931	0.0237846546681	-0.0751071385453	-0.0245623867912	-0.020575036584	-0.019927240775	-0.00517850635631	-0.0141653362692	1.0	0.0118276667881	0.000172243236303	0.036916224554	-0.0451696477169	-0.0333772629514	-0.028384985812	-0.0683187358521	0.0304566497845	0.0361098109985	0.056845933603	0.0097149957929	0.000616244993534	0.0657901335575	0.0360980196054	-0.000321678567235	-0.0246742825647	-0.0225425831759	-0.00176360077309	-0.000740184651056	-0.00673229698465	0.0219698051923	0.00817938251222	-0.0412027563985	0.00691111178949	-0.0349055711286	-0.0141994167919	0.028811966471	-0.0532859323776	-0.00700880499879	-0.0491491351339
k__Bacteria;p__Actinobacteria;c__Actinobacteria;o__Bifidobacteriales;f__Bifidobacteriaceae;g__Bifidobacterium;s__Bifidobacterium_longum	0.0181089148725	-0.0300231610981	0.0400101082115	0.054537156949	-0.0464049682979	-0.111981471974	-0.019445876849	-0.0222572220154	-0.00659149095408	-0.0292143211552	0.0767034664104	-0.0363157534386	-0.0300723107306	-0.00876757681406	-0.0123702491477	0.0356495448457	-0.00420684291969	-0.0764375956441	-0.0388259144203	0.0362552957556	0.00822796276753	0.0115259135244	-0.0102269662599	0.0364105502363	0.0179379522073	-0.0195565737609	-0.0102932314804	-0.0546693582833	0.0118276667881	1.0	0.0068462427955	-0.018884064535	-0.00220888121329	0.0145079180577	0.0302783319061	-0.00023223837748	-0.0522157885255	0.0308402876784	-0.00216233475217	-0.0219406879472	-0.0264496734154	-0.0923365229921	-0.0390398081207	0.00235963542405	0.0128346754687	-0.000417470734988	-0.0210963736505	0.000414675771067	-0.00147171602493	-0.0192522727587	-0.0335614912357	-0.00953573150281	0.00474860115292	0.0565978784859	0.0365159844222	-0.0525164041832	-0.00093802820623	0.00594413151998	0.00463154948903
