#taxonomy	k__Bacteria;p__Bacteroidetes;c__Bacteroidia;o__Bacteroidales;f__Bacteroidaceae;g__Bacteroides;s__Bacteroides_vulgatus	k__Bacteria;p__Bacteroidetes;c__Bacteroidia;o__Bacteroidales;f__Bacteroidaceae;g__Bacteroides;s__Bacteroides_uniformis	k__Bacteria;p__Bacteroidetes;c__Bacteroidia;o__Bacteroidales;f__Rikenellaceae;g__Alistipes;s__Alistipes_putredinis	k__Bacteria;p__Bacteroidetes;c__Bacteroidia;o__Bacteroidales;f__Prevotellaceae;g__Prevotella;s__Prevotella_copri	k__Bacteria;p__Bacteroidetes;c__Bacteroidia;o__Bacteroidales;f__Bacteroidaceae;g__Bacteroides;s__Bacteroides_stercoris	k__Bacteria;p__Bacteroidetes;c__Bacteroidia;o__Bacteroidales;f__Bacteroidaceae;g__Bacteroides;s__Bacteroides_ovatus	k__Bacteria;p__Bacteroidetes;c__Bacteroidia;o__Bacteroidales;f__Rikenellaceae;g__Alistipes;s__Alistipes_shahii	k__Bacteria;p__Firmicutes;c__Clostridia;o__Clostridiales;f__Ruminococcaceae;g__Faecalibacterium;s__Faecalibacterium_prausnitzii	k__Bacteria;p__Bacteroidetes;c__Bacteroidia;o__Bacteroidales;f__Rikenellaceae;g__Alistipes;s__Alistipes_finegoldii	k__Bacteria;p__Bacteroidetes;c__Bacteroidia;o__Bacteroidales;f__Porphyromonadaceae;g__Parabacteroides;s__Parabacteroides_distasonis	k__Bacteria;p__Bacteroidetes;c__Bacteroidia;o__Bacteroidales;f__Bacteroidaceae;g__Bacteroides;s__Bacteroides_thetaiotaomicron	k__Bacteria;p__Bacteroidetes;c__Bacteroidia;o__Bacteroidales;f__Bacteroidaceae;g__Bacteroides;s__Bacteroides_coprocola	k__Bacteria;p__Bacteroidetes;c__Bacteroidia;o__Bacteroidales;f__Bacteroidaceae;g__Bacteroides;s__Bacteroides_cellulosilyticus	k__Bacteria;p__Bacteroidetes;c__Bacteroidia;o__Bacteroidales;f__Rikenellaceae;g__Alistipes;s__Alistipes_obesi	k__Bacteria;p__Firmicutes;c__Clostridia;o__Clostridiales;f__Lachnospiraceae;g__;s__[Eubacterium]_rectale	k__Bacteria;p__Bacteroidetes;c__Bacteroidia;o__Bacteroidales;f__Bacteroidaceae;g__Bacteroides;s__Bacteroides_plebeius	k__Bacteria;p__Bacteroidetes;c__Bacteroidia;o__Bacteroidales;f__Bacteroidaceae;g__Bacteroides;s__Bacteroides_fragilis	k__Bacteria;p__Proteobacteria;c__Betaproteobacteria;o__Burkholderiales;f__Sutterellaceae;g__Sutterella;s__Sutterella_wadsworthensis	k__Bacteria;p__Bacteroidetes;c__Bacteroidia;o__Bacteroidales;f__Porphyromonadaceae;g__Barnesiella;s__Barnesiella_intestinihominis	k__Bacteria;p__Bacteroidetes;c__Bacteroidia;o__Bacteroidales;f__Odoribacteraceae;g__Odoribacter;s__Odoribacter_splanchnicus	k__Bacteria;p__Bacteroidetes;c__Bacteroidia;o__Bacteroidales;f__Bacteroidaceae;g__Bacteroides;s__Bacteroides_salyersiae	k__Bacteria;p__Firmicutes;c__Clostridia;o__Clostridiales;f__Ruminococcaceae;g__Ruminiclostridium;s__[Eubacterium]_siraeum	k__Bacteria;p__Proteobacteria;c__Betaproteobacteria;o__Burkholderiales;f__Sutterellaceae;g__Parasutterella;s__Parasutterella_excrementihominis	k__Bacteria;p__Actinobacteria;c__Actinobacteria;o__Bifidobacteriales;f__Bifidobacteriaceae;g__Bifidobacterium;s__Bifidobacterium_adolescentis	k__Bacteria;p__Firmicutes;c__Clostridia;o__Clostridiales;f__Oscillospiraceae;g__Oscillibacter;s__Oscillibacter_sp._KLE_1745	k__Bacteria;p__Bacteroidetes;c__Bacteroidia;o__Bacteroidales;f__Bacteroidaceae;g__Bacteroides;s__Bacteroides_coprophilus	k__Bacteria;p__Firmicutes;c__Clostridia;o__Clostridiales;f__Lachnospiraceae;g__Roseburia;s__Roseburia_intestinalis	k__Bacteria;p__Firmicutes;c__Clostridia;o__Clostridiales;f__Lachnospiraceae;g__Roseburia;s__Roseburia_hominis	k__Bacteria;p__Bacteroidetes;c__Bacteroidia;o__Bacteroidales;f__Porphyromonadaceae;g__Parabacteroides;s__Parabacteroides_johnsonii	k__Bacteria;p__Actinobacteria;c__Actinobacteria;o__Bifidobacteriales;f__Bifidobacteriaceae;g__Bifidobacterium;s__Bifidobacterium_longum	k__Bacteria;p__Firmicutes;c__Clostridia;o__Clostridiales;f__;g__Flavonifractor;s__Flavonifractor_plautii	k__Bacteria;p__Firmicutes;c__Clostridia;o__Clostridiales;f__Clostridiaceae;g__Clostridium;s__Clostridium_phoceensis	k__Bacteria;p__Verrucomicrobia;c__Verrucomicrobiae;o__Verrucomicrobiales;f__Akkermansiaceae;g__Akkermansia;s__Akkermansia_muciniphila	k__Bacteria;p__Bacteroidetes;c__Bacteroidia;o__Bacteroidales;f__Prevotellaceae;g__Paraprevotella;s__Paraprevotella_xylaniphila	k__Bacteria;p__Firmicutes;c__Clostridia;o__Clostridiales;f__Ruminococcaceae;g__Ruminococcus;s__Ruminococcus_callidus	k__Bacteria;p__Bacteroidetes;c__Bacteroidia;o__Bacteroidales;f__Rikenellaceae;g__Alistipes;s__Alistipes_senegalensis	k__Bacteria;p__Firmicutes;c__Clostridia;o__Clostridiales;f__Lachnospiraceae;g__Blautia;s__Blautia_sp._KLE_1732	k__Bacteria;p__Bacteroidetes;c__Bacteroidia;o__Bacteroidales;f__Bacteroidaceae;g__Bacteroides;s__Bacteroides_oleiciplenus	k__Bacteria;p__Firmicutes;c__Clostridia;o__Clostridiales;f__Ruminococcaceae;g__Ruminococcus;s__Ruminococcus_bicirculans	k__Bacteria;p__Bacteroidetes;c__Bacteroidia;o__Bacteroidales;f__Bacteroidaceae;g__Bacteroides;s__Bacteroides_fluxus	k__Bacteria;p__Bacteroidetes;c__Bacteroidia;o__Bacteroidales;f__Prevotellaceae;g__Prevotella;s__Prevotella_stercorea	k__Bacteria;p__Firmicutes;c__Clostridia;o__Clostridiales;f__Lachnospiraceae;g__Dorea;s__Dorea_longicatena	k__Bacteria;p__Firmicutes;c__Clostridia;o__Clostridiales;f__Eubacteriaceae;g__Eubacterium;s__[Eubacterium]_eligens	k__Bacteria;p__Firmicutes;c__Clostridia;o__Clostridiales;f__Ruminococcaceae;g__;s__Ruminococcaceae_bacterium_D16	k__Bacteria;p__Firmicutes;c__Clostridia;o__Clostridiales;f__Lachnospiraceae;g__Coprococcus;s__Coprococcus_comes	k__Bacteria;p__Proteobacteria;c__Gammaproteobacteria;o__Enterobacterales;f__Enterobacteriaceae;g__Escherichia;s__Escherichia_coli	k__Bacteria;p__Firmicutes;c__Clostridia;o__Clostridiales;f__Ruminococcaceae;g__Anaerotruncus;s__Anaerotruncus_colihominis	k__Bacteria;p__Firmicutes;c__Clostridia;o__Clostridiales;f__Lachnospiraceae;g__Blautia;s__Blautia_obeum	k__Bacteria;p__Bacteroidetes;c__Bacteroidia;o__Bacteroidales;f__Odoribacteraceae;g__Odoribacter;s__Odoribacter_laneus	k__Bacteria;p__Firmicutes;c__Clostridia;o__Clostridiales;f__Ruminococcaceae;g__Ruminiclostridium;s__[Clostridium]_leptum	k__Bacteria;p__Bacteroidetes;c__Bacteroidia;o__Bacteroidales;f__Porphyromonadaceae;g__Parabacteroides;s__Parabacteroides_goldsteinii	k__Bacteria;p__Firmicutes;c__Clostridia;o__Clostridiales;f__Lachnospiraceae;g__Anaerostipes;s__Anaerostipes_hadrus	k__Bacteria;p__Firmicutes;c__Clostridia;o__Clostridiales;f__Ruminococcaceae;g__Ruminococcus;s__Ruminococcus_lactaris	k__Bacteria;p__Firmicutes;c__Clostridia;o__Clostridiales;f__Clostridiaceae;g__Clostridium;s__Clostridium_sp._L2-50	k__Bacteria;p__Firmicutes;c__Clostridia;o__Clostridiales;f__Clostridiaceae;g__Clostridium;s__Clostridium_sp._M62/1	k__Bacteria;p__Firmicutes;c__Clostridia;o__Clostridiales;f__;g__Intestinimonas;s__Intestinimonas_butyriciproducens	k__Bacteria;p__Actinobacteria;c__Actinobacteria;o__Bifidobacteriales;f__Bifidobacteriaceae;g__Bifidobacterium;s__Bifidobacterium_bifidum	k__Bacteria;p__Firmicutes;c__Negativicutes;o__Veillonellales;f__Veillonellaceae;g__Dialister;s__Dialister_invisus	k__Bacteria;p__Bacteroidetes;c__Bacteroidia;o__Bacteroidales;f__Bacteroidaceae;g__Bacteroides;s__Bacteroides_salanitronis
k__Bacteria;p__Bacteroidetes;c__Bacteroidia;o__Bacteroidales;f__Bacteroidaceae;g__Bacteroides;s__Bacteroides_vulgatus	1.0	-0.0129925950927	0.0300736525438	0.000107714469486	0.010949118349	-0.0436478001576	0.0203465727283	-0.0518593609722	-0.0468333507963	0.00437340931823	-0.00794420349782	0.0599118555637	0.000642830479638	-0.00211738294493	-0.0483329714572	-0.0169377692116	-0.0155053031847	-0.071766477977	0.0105501577557	0.0359974129965	-0.0410468627153	-0.0272811318954	-0.0158554900584	-0.01125896687	-0.0295416752821	-0.0181592101276	0.0249287274501	-0.0329733873284	0.0176042355498	-0.0719532406885	-0.000284836838787	-0.00763404704982	0.0800429902847	0.00814143227243	-0.00941088810555	-0.0161867047579	0.0604454868883	-0.0682918544347	-0.0119264698327	-0.0253967373767	-0.0699889071946	-0.0171107608413	0.0326920457756	-0.0298939076294	0.0847916708092	0.0140366793428	-0.0395756657109	-0.0724351988568	-0.0105976001305	0.018456544043	-0.0421837258006	-0.00128164593456	0.0270878483737	0.00058681036935	0.052970160117	0.0104751666476	-0.0528584476327	-0.102991668369	0.0665501126489
k__Bacteria;p__Bacteroidetes;c__Bacteroidia;o__Bacteroidales;f__Bacteroidaceae;g__Bacteroides;s__Bacteroides_uniformis	-0.0129925950927	1.0	-0.0099530910373	0.0215531393246	-0.000370098887017	0.0220899079348	-0.0111360809724	0.0289426180178	-0.0319296258471	-0.0182002837374	-0.0194178416682	0.0341631692461	-0.0410250621433	-0.0307477843988	-0.0794902356342	0.0538862845281	-0.00268547927946	-0.0238566178783	-0.0320529231802	-0.0801087838563	-0.0234708165813	-0.00422043312354	-0.00815577027832	0.00923815063126	0.036359639325	-0.0112477842549	-0.00401680029348	-0.00176789400961	-0.0272817776134	-0.033158112003	0.0252098127477	0.0647903145842	-0.0624818771947	-0.0241069847257	0.0312929057767	0.00616789971265	-0.0191707774588	0.0268915573646	-0.00749611233305	0.0102400938278	-0.045176996183	0.00271092356457	-0.0440698679211	-0.0495737432517	-0.00922098738311	-0.0675564245845	0.0284962957319	0.0216298852912	-0.01720949296	0.074674934867	0.000220999253113	-0.00211037126294	0.0281998808928	-0.0129993426508	0.0258570352763	-0.0656757629469	-0.016268805328	-0.0161733360002	0.0377198332657
k__Bacteria;p__Bacteroidetes;c__Bacteroidia;o__Bacteroidales;f__Rikenellaceae;g__Alistipes;s__Alistipes_putredinis	0.0300736525438	-0.0099530910373	1.0	0.0191606341425	0.0248161140461	-0.0394902947288	-0.0219577377702	-0.00534686241302	0.0153620522947	-0.0747133863835	-0.0102522648213	-0.0600858006509	0.0635244048944	-0.0339410816613	-0.0283185325107	-0.0161593026489	0.0476036424423	0.0386616468783	-0.00323307590839	0.0634970473926	-0.0145749393138	0.0163802827628	0.0202119824828	-0.0216318842275	-0.0765870437444	-0.0128577449374	-0.0503166084433	-0.0696301052115	-0.00642301594737	-0.0365373021283	-0.0396882528806	0.0388389103792	0.0616486316947	0.00346212564844	-0.0406551177532	0.0361918138903	-0.0313634887498	-0.0166521136312	0.0145718279424	0.0432101128236	0.0563040294787	0.0105988172544	-0.0224198666531	-0.0508915647258	0.0343778055911	-0.0366161040679	0.000615799181658	-0.0201155907131	0.0246510985628	-0.0107634144538	-0.0119080743975	0.0569701986528	-0.0537218024028	0.019838239654	-0.0360705443184	-0.101596441428	-0.0524976776082	-0.0238519663046	-0.0273930895749
k__Bacteria;p__Bacteroidetes;c__Bacteroidia;o__Bacteroidales;f__Prevotellaceae;g__Prevotella;s__Prevotella_copri	0.000107714469486	0.0215531393246	0.0191606341425	1.0	0.0872289788442	-0.0353654763593	0.0421287410637	-0.0784910438471	-0.0483479069605	-0.00761243258051	0.02060675538	-0.0209808548249	0.030292758062	0.0155082500386	-0.0216801614927	-0.000683657692374	-0.0819575407888	0.000557896922816	-0.0280861943963	0.0142549908775	0.0139080821319	0.0112935179599	-0.0130036091395	-0.0198030970968	0.0177034985439	-0.0266044406585	-0.0297018329463	0.0422808511393	-0.0116624034769	-0.000238678637165	-0.0189036830353	0.00673076337783	-0.077817477315	0.0104311599194	-0.0127863510866	0.0330926806223	-0.0224783502101	0.0105234346405	-0.00542394793701	-0.0646771234949	-0.0486186964097	-0.0326583917974	0.0414110549409	0.0043715051347	0.0341739468916	-0.0116068478024	0.00365408553416	0.0312397674185	0.0478226574728	0.0134720770505	0.0045610273069	-0.0627531367322	-0.00688855425041	-0.00338807165785	-0.0554023883963	0.0366136983898	-0.0165404144823	-0.0180468606681	-0.0461953196322
k__Bacteria;p__Bacteroidetes;c__Bacteroidia;o__Bacteroidales;f__Bacteroidaceae;g__Bacteroides;s__Bacteroides_stercoris	0.010949118349	-0.000370098887018	0.0248161140461	0.0872289788442	1.0	-0.039185910877	-0.0175357228196	0.0347618387233	-0.0369617073162	0.00929365491269	0.0218788360517	0.0219821469553	-0.0679480797039	0.0287216076525	-0.0223307591229	0.00737681151549	-0.0217237707548	-0.0364637606769	-0.0693091493125	-0.088519160314	-0.017468765824	-0.0060261386883	0.00387269196023	-0.0204310590017	-0.0540828856212	-0.00940209872393	0.0085897865186	0.00820968937422	0.00971386650431	-0.0313237872664	-0.0456912288572	0.00265780814242	0.0247187362018	-0.0278376601244	-0.0198563688862	-0.00286391721879	-0.0300238216412	0.0104502220493	-0.0232614069621	-0.0521344561842	0.0467424550149	-0.0721330005903	0.0463498011246	0.0317950625641	0.0195674711931	0.00279208515461	-0.023420293397	0.0118183505084	0.0107943533706	0.0286934763851	-0.016538638386	0.00255980002088	0.00831239881722	0.0430742312134	-0.025410583685	-0.00873581374994	-0.0464562321766	0.111315935499	0.0350930864238
k__Bacteria;p__Bacteroidetes;c__Bacteroidia;o__Bacteroidales;f__Bacteroidaceae;g__Bacteroides;s__Bacteroides_ovatus	-0.0436478001576	0.0220899079348	-0.0394902947288	-0.0353654763593	-0.039185910877	1.0	-0.0162570773133	-0.00766937167016	-0.00258791039068	-0.0304262314874	0.00357021671505	0.0203662287122	0.0131631184188	-0.0402532429834	-0.0107361799029	0.0140124497192	-0.0363379171117	-0.0568629017696	0.0142733117829	0.0104859386811	-0.0311304976291	-0.0311233892816	0.0247529230443	0.0110908098119	0.0111668564923	-0.042524472454	0.0454078352883	0.0513139361319	-0.0141473456383	0.0526344419673	0.0154809433773	-0.0366092740751	-0.0154502097113	0.00782458643129	-0.0439877957442	-0.0361158390232	-0.0240146101012	-0.0128467897408	-0.0387525532805	0.0600862325967	-0.0442293099128	-0.0192157317193	0.0246664940655	-0.0522817385914	-0.0227309222891	-0.0665736044407	0.032723609049	-0.0360150274331	0.0140081432551	-0.0499234575895	0.0206898532942	-0.0065561038999	0.00529544179144	-0.0116073299993	-0.00501357707613	-0.0223335238061	-0.0167431213365	-0.0473369457774	0.0222222992846
k__Bacteria;p__Bacteroidetes;c__Bacteroidia;o__Bacteroidales;f__Rikenellaceae;g__Alistipes;s__Alistipes_shahii	0.0203465727283	-0.0111360809724	-0.0219577377702	0.0421287410637	-0.0175357228196	-0.0162570773133	1.0	-0.0213497826776	-0.0283653777644	-0.0631051566353	-0.0270708422483	-0.098362011906	-0.0605933202277	-0.00463894124703	-0.0390057148763	-0.0830186837205	-0.00527196966698	0.0678352715738	0.0311372270362	0.0506746230312	0.0120250676042	-0.0509661253163	-0.0101868945777	-0.0149723775098	0.00136664175825	-0.00567264806522	-0.0035756487996	0.0086457405196	0.0243063475227	-0.0129276389522	-0.0287181375176	0.0309955330429	0.028350812424	0.0591284131173	-0.021770306983	-0.0568834716037	-0.00970408613332	0.0338960788813	-0.0207860787575	-0.0768780422151	-0.0572064608343	-0.0212663440839	0.0591791015065	0.0525795164446	0.0259575313832	-0.0274432503598	-0.0459521909479	0.00262214109873	-0.0480941482922	0.0280430871075	-0.00322181031486	-0.0123554857093	-0.0156276814654	0.0351515744034	-0.0202063510124	-0.0547133088345	-0.0365490912241	-0.0323008778015	0.0292924240937
k__Bacteria;p__Firmicutes;c__Clostridia;o__Clostridiales;f__Ruminococcaceae;g__Faecalibacterium;s__Faecalibacterium_prausnitzii	-0.0518593609722	0.0289426180178	-0.00534686241302	-0.0784910438471	0.0347618387233	-0.00766937167016	-0.0213497826776	1.0	0.0332089424753	-0.0692063297895	-0.0594947203628	-0.00511692214724	-0.0405649001585	-0.0661488633695	0.00430056380163	0.0334978345436	-0.0439718810812	-0.0489417212114	0.0334358242042	0.0346624829736	0.0188731316732	-0.0126706227124	0.03446826405	0.0137278912618	-0.0411256327736	0.00734501681685	-0.054799732951	-0.0436096571315	0.091756448757	-0.0201616353834	-0.0434304472393	0.0289331115754	0.000122450081733	-0.0919007658879	-0.0640169877666	-0.0158244491057	0.0201885671243	-0.0909422477309	-0.0201433187981	-0.0192605865671	-0.0118251924774	0.011765572951	0.0182144361066	-0.0766136814038	-0.0209608042863	-0.000888289892544	-0.0396863526618	0.00817435705146	-0.0164911613233	0.0221993836452	-0.0176041563731	0.0100755483408	-0.0092742590259	-0.0141476033827	-0.0245489006404	-0.0770842375519	0.0175043573934	0.0150874169042	0.00381019971497
k__Bacteria;p__Bacteroidetes;c__Bacteroidia;o__Bacteroidales;f__Rikenellaceae;g__Alistipes;s__Alistipes_finegoldii	-0.0468333507963	-0.0319296258471	0.0153620522947	-0.0483479069605	-0.0369617073162	-0.00258791039068	-0.0283653777644	0.0332089424753	1.0	0.0262365414912	0.0391892705156	-0.00807094492886	-0.0546283398531	-0.00370806883179	-0.0457160574056	-0.0369865942996	-0.0208829778167	0.0427145096526	0.0108566025506	-0.0628302436501	-0.0423365746238	0.0178472243592	0.0140044513771	0.0249534346209	-0.0132794999115	0.0260253923237	-0.0264756511865	-0.0579273850939	-0.0135965775183	-0.0645827457907	-0.02704318104	-0.00184161465786	-0.0294744170059	0.00636785405664	-0.00376207201444	-0.00729578273916	0.00849647356118	-0.0111987434036	0.0401298961313	-0.048670764115	0.0252394046487	0.0177357327743	0.00437250840589	-0.0342860961715	0.0296263176254	0.0338472463231	0.011049115472	0.0126592792594	-0.00212548893522	-0.00640989066159	-0.0861265065987	0.0512568825742	0.0128189347845	0.00790638568659	-0.00936697025352	-0.00326171316423	0.0452888788108	0.0117776071869	-0.0525480311803
k__Bacteria;p__Bacteroidetes;c__Bacteroidia;o__Bacteroidales;f__Porphyromonadaceae;g__Parabacteroides;s__Parabacteroides_distasonis	0.00437340931823	-0.0182002837374	-0.0747133863835	-0.00761243258051	0.00929365491269	-0.0304262314874	-0.0631051566353	-0.0692063297895	0.0262365414912	1.0	-0.0004351979505	0.0139127907535	0.0324194688031	0.00338391934436	-0.0930140546037	0.00116728017886	-0.0302225193924	0.0442766936019	0.0212294652433	-0.014045480883	-0.033605603959	0.0272936501806	0.0205760634515	0.0135418772278	0.013788956797	-0.0194784556366	-0.0179529225284	0.0479212382752	-0.0759235294426	-0.0482806537565	-0.00566158177153	-0.014041369076	0.0237640296964	0.0098424098476	0.0174364801214	-0.0360352913589	0.101055930685	6.00722131852e-05	-0.0758011080227	-0.0316391750571	-0.0468446756855	0.0381908903739	0.0442311669436	0.0367412570344	-0.0538502544137	0.00867865156331	-0.0216872948344	0.00282701472781	-0.0433125702659	-0.00547205661395	-0.0271409631063	0.0199605258149	0.0421784161515	-0.0386809539174	0.0315500988456	0.0141419312013	0.0420935121258	-0.0053232581825	-0.0188886139555
k__Bacteria;p__Bacteroidetes;c__Bacteroidia;o__Bacteroidales;f__Bacteroidaceae;g__Bacteroides;s__Bacteroides_thetaiotaomicron	-0.00794420349782	-0.0194178416682	-0.0102522648213	0.02060675538	0.0218788360517	0.00357021671505	-0.0270708422483	-0.0594947203628	0.0391892705156	-0.0004351979505	1.0	0.0579480422904	0.00427747331493	-0.043891326691	0.0189736661364	-0.00319481515095	-0.0264107804497	-0.0169503761141	-0.0275214547159	-0.0761525129861	-0.0224883074336	0.0120227451379	-0.00200753674377	-0.00657195678241	-0.0285614992341	-0.0917153712422	-0.00592715341722	-0.0206960690215	0.0181385215566	-0.047511351699	-0.0309201750827	-0.041393787896	0.00725728879039	0.0209408945826	-0.0333731568895	0.010692435223	-0.0343860436567	-0.0395091965301	-0.0245016121158	-0.0301413485816	-0.003604434466	-0.0237212966621	0.0133925855971	0.0485920406014	0.0248040498077	0.0239698045015	-0.0214722206423	0.0114033594231	0.0144051800438	-0.0271594924048	0.0536652835635	-0.00211320003696	-0.000645696497039	-0.0370513214807	0.0328311529535	0.0836393225235	-0.00114338949042	0.0421941718751	0.0175133746311
k__Bacteria;p__Bacteroidetes;c__Bacteroidia;o__Bacteroidales;f__Bacteroidaceae;g__Bacteroides;s__Bacteroides_coprocola	0.0599118555637	0.0341631692461	-0.0600858006509	-0.0209808548249	0.0219821469553	0.0203662287122	-0.098362011906	-0.00511692214724	-0.00807094492886	0.0139127907535	0.0579480422904	1.0	-0.00138085660911	0.0170024088068	0.00217447770181	0.0406295989198	0.000764037484339	-0.0176070407708	-0.00877933043358	-0.088394239694	-0.0413616719756	-0.0462394464563	-0.00786223472525	0.000174413511917	-0.0100902149328	-0.0199719435864	0.0139611306868	0.030752279696	0.00937977767602	0.0156235450214	4.9524787757e-05	-0.0740197160208	0.0241911594039	-0.0175665442396	0.015426101663	0.0220435781474	-0.000677598760317	-0.107402041866	0.0161337187445	0.00794221476296	-0.0963735685413	-0.0368568465841	-0.0442750393974	-0.0476551407772	-0.00741536681192	-0.0155589460124	-0.0540368145386	0.0150977639827	-0.023149497935	0.00394833091034	0.0463588097298	-0.0251656560116	0.00649758867206	0.00955212994588	0.0153177463335	0.0206396752838	-0.0381103958548	0.0604308688093	-0.0207052795994
k__Bacteria;p__Bacteroidetes;c__Bacteroidia;o__Bacteroidales;f__Bacteroidaceae;g__Bacteroides;s__Bacteroides_cellulosilyticus	0.000642830479638	-0.0410250621433	0.0635244048944	0.030292758062	-0.0679480797039	0.0131631184188	-0.0605933202277	-0.0405649001585	-0.0546283398531	0.0324194688031	0.00427747331493	-0.00138085660911	1.0	0.018432032194	0.0379533832589	0.0164537077839	0.0338376901121	-0.0371901581713	-0.0205522247438	-0.0115415823913	0.00977724451989	-0.0378878869343	-0.0917324541218	-0.0274193620269	-0.0495145745271	-0.0339175450388	0.056873168637	0.012232485564	-0.0533658439323	0.0425686546083	0.036127661489	-0.081232623603	-0.00508797257536	0.0387883127961	-0.0564747197972	-0.0180243581259	0.0098644240573	0.0252981231821	-0.0017928629472	-0.0162259976197	0.00922445907487	0.00457320559717	0.0326271526713	-0.0225628701393	-0.0118619380347	0.0229030125904	0.010164341097	0.0395008525391	-0.0245356810648	0.0232436332806	0.00246308379083	-0.00316014555196	-0.0922877858575	0.035128888231	-0.0429557515364	-0.00863642078221	0.00796584552219	0.0428686695345	-0.0123260023192
k__Bacteria;p__Bacteroidetes;c__Bacteroidia;o__Bacteroidales;f__Rikenellaceae;g__Alistipes;s__Alistipes_obesi	-0.00211738294493	-0.0307477843988	-0.0339410816613	0.0155082500386	0.0287216076525	-0.0402532429834	-0.00463894124703	-0.0661488633695	-0.00370806883179	0.00338391934436	-0.043891326691	0.0170024088068	0.018432032194	1.0	-0.0112465022045	0.0154236264275	-0.0120887259711	0.0561806244224	0.0225513399617	-0.0388713683717	0.0295988439775	-0.0153718956621	-0.0583875406065	0.00020122706562	0.000809063440891	-0.0084328278272	0.00802087315099	-0.0140147771419	0.025390576008	0.0280048727898	-0.0430865329866	0.0385011980832	-0.0553531328173	0.0641891586111	-0.0702421207	0.0167799851919	-0.0141805645588	0.0309095258158	-0.0559414044598	0.00521582668216	-0.0253525240905	-0.0192911995549	-0.0387019743844	0.0463773320145	0.0359907530277	-0.0991236002343	-0.0698179797017	0.0121098949919	0.0187693033943	-0.05553441661	-0.0398598232851	-0.074258110661	-0.0154111102817	-0.00812009058386	-0.0178005248301	0.00580035974614	0.00828867105172	0.067742608833	-0.00873438318875
k__Bacteria;p__Firmicutes;c__Clostridia;o__Clostridiales;f__Lachnospiraceae;g__;s__[Eubacterium]_rectale	-0.0483329714572	-0.0794902356342	-0.0283185325107	-0.0216801614927	-0.0223307591229	-0.0107361799029	-0.0390057148763	0.00430056380163	-0.0457160574056	-0.0930140546037	0.0189736661364	0.00217447770181	0.0379533832589	-0.0112465022045	1.0	-0.0293359409795	-0.0380476763159	0.00868744961989	0.021247617192	2.5884760316e-05	-0.0172286199599	0.0271003552236	0.0517865487097	0.0402238198692	0.0120297016853	-0.0533425296914	-0.0553511372028	0.0424672207163	0.0165054454026	-0.0369489081042	0.0262638407403	0.0580364888145	0.0241582574094	-0.0210478559269	0.0204538295177	0.0427128186856	0.0312469721976	0.0961132860129	0.0101862512786	-0.0690447099176	0.0284317720703	-0.039899937194	-0.00304612776081	-0.0461413324738	-0.0263870916728	0.0434096472954	-0.0398315014584	-0.0539607351579	-0.0322178248782	-0.0485159570795	-0.0231676454035	0.00613684877508	0.0152771310309	0.0789094437877	0.000508252420933	0.0225421191693	0.0193381351111	0.0156811366199	-0.0688910782844
k__Bacteria;p__Bacteroidetes;c__Bacteroidia;o__Bacteroidales;f__Bacteroidaceae;g__Bacteroides;s__Bacteroides_plebeius	-0.0169377692116	0.0538862845281	-0.0161593026489	-0.000683657692374	0.00737681151549	0.0140124497192	-0.0830186837205	0.0334978345436	-0.0369865942996	0.00116728017886	-0.00319481515095	0.0406295989198	0.0164537077839	0.0154236264275	-0.0293359409795	1.0	-0.025342611651	0.0189084601539	-0.0159959200554	-0.0447136640124	0.0922512131579	-0.0513929899596	-0.0387603387511	0.0326715196643	0.0901768010907	-0.0364197799582	-0.0484973319649	0.00803037379297	0.0633241211979	0.069864718822	0.0347509782363	-0.0260403267586	-0.0364054787918	-0.0733987898016	-0.0882855080141	-0.0420486272577	-0.0273297742629	-0.026805123164	-0.0702739093626	0.00241241246227	0.0144344700042	-0.00426522469801	-0.0625386064938	-0.0316812601683	0.00726516279354	0.00634909179176	0.0310425481262	0.0508707009922	-0.0615164997829	-0.0135637889861	0.0316693447459	-0.0478187561076	-0.059140913086	0.0139425725354	-0.0697116184217	0.0152471798012	-0.0463201450803	-0.0238714067717	0.0566798776027
k__Bacteria;p__Bacteroidetes;c__Bacteroidia;o__Bacteroidales;f__Bacteroidaceae;g__Bacteroides;s__Bacteroides_fragilis	-0.0155053031847	-0.00268547927946	0.0476036424423	-0.0819575407888	-0.0217237707548	-0.0363379171117	-0.00527196966698	-0.0439718810812	-0.0208829778167	-0.0302225193924	-0.0264107804497	0.000764037484339	0.0338376901121	-0.0120887259711	-0.0380476763159	-0.025342611651	1.0	-0.0689854555168	-0.0907377204595	-0.0400685982669	0.0200561282082	0.00513722467633	0.0216323362772	-0.0106761553792	0.0223988427484	0.0412739516408	-0.0111181391169	0.0325202078562	0.0475086786256	0.0279791271515	-0.0169868509843	0.00712245559682	-0.00724164138868	-0.0176545451466	0.0377408743855	0.0396512106356	0.00967388475169	-0.00298566450807	-0.0399841501051	0.0108308987794	-0.0129478805282	0.0102334770723	-0.00790045469049	0.0978646427818	-0.0121081187147	0.00980356885637	-0.00131403548928	0.0274465736034	-0.0338819811867	0.0259589314626	0.0237150079918	-0.0183718652684	-0.0118797501339	-0.0198116999844	-0.0482949497304	-0.0457012886216	-0.0140299498117	-0.0956809073284	-0.0233309793459
k__Bacteria;p__Proteobacteria;c__Betaproteobacteria;o__Burkholderiales;f__Sutterellaceae;g__Sutterella;s__Sutterella_wadsworthensis	-0.071766477977	-0.0238566178783	0.0386616468783	0.000557896922816	-0.0364637606769	-0.0568629017696	0.0678352715738	-0.0489417212114	0.0427145096526	0.0442766936019	-0.0169503761141	-0.0176070407708	-0.0371901581713	0.0561806244224	0.00868744961989	0.0189084601539	-0.0689854555168	1.0	-0.0862415295519	0.0352216899194	-0.0641062410661	-0.0002222996612	-0.0681759915367	-0.00805485348192	0.0126106942957	0.0853574417342	0.017251549981	0.0222295457513	-0.0434302121656	0.00923251660277	-0.00621937677755	-0.0386865029076	0.0145777211481	-0.0361583784919	-0.0185366880167	0.0234739303112	-0.0312483599466	0.00742381059863	0.030109598288	-0.00833242302803	-0.0927223107593	-0.0202109394478	0.0481514899492	-0.013526802871	-0.0117778988412	-0.0163668332103	0.0455794041797	-0.00309551850488	-0.0113935294052	-0.0294506330722	0.00973670423163	-0.0123903562521	0.00500663442912	-0.0065578784702	0.0391218485062	0.0400618291314	-0.0052271470277	0.00451838992412	-0.00825599045808
k__Bacteria;p__Bacteroidetes;c__Bacteroidia;o__Bacteroidales;f__Porphyromonadaceae;g__Barnesiella;s__Barnesiella_intestinihominis	0.0105501577557	-0.0320529231802	-0.00323307590839	-0.0280861943963	-0.0693091493125	0.0142733117829	0.0311372270362	0.0334358242042	0.0108566025506	0.0212294652433	-0.0275214547159	-0.00877933043358	-0.0205522247438	0.0225513399617	0.021247617192	-0.0159959200554	-0.0907377204595	-0.0862415295519	1.0	0.0711569403529	-0.0554720763124	-0.02481919798	0.00853575850812	0.042770203477	0.00678819316455	-0.00785262917223	0.0208103439034	-0.0660607770127	-0.0400932567962	-0.0313833972853	-0.0264952714875	-0.024394801912	0.0167846694319	0.0336775254973	0.0417685119278	0.00566197030805	0.00260191119292	-0.0299850441711	-0.00898319651291	0.000991190007839	0.041015738438	0.00671002179222	-0.0368007821506	0.0131838943521	0.0146041190698	0.00464924130225	0.0394234673573	0.0575384222445	-0.0982152002329	-0.0037882032458	-0.00136642967664	-0.0236757710687	-0.000988083533619	0.00888878582578	-0.00962503070508	-0.0143157147133	0.00384913034729	0.00924483533888	-0.0421176973023
k__Bacteria;p__Bacteroidetes;c__Bacteroidia;o__Bacteroidales;f__Odoribacteraceae;g__Odoribacter;s__Odoribacter_splanchnicus	0.0359974129965	-0.0801087838563	0.0634970473926	0.0142549908775	-0.088519160314	0.0104859386811	0.0506746230312	0.0346624829736	-0.0628302436501	-0.014045480883	-0.0761525129861	-0.088394239694	-0.0115415823913	-0.0388713683717	2.5884760316e-05	-0.0447136640124	-0.0400685982669	0.0352216899194	0.0711569403529	1.0	-0.012283207061	0.0143851838839	-0.0709754122625	-0.018159772081	0.0631806864723	-0.0214621764749	0.0141259407817	-0.049259926034	0.01648571581	-0.0552011880322	-0.0204118241877	0.0444167401325	0.00610455253136	0.00913367869848	-0.00566192496106	-0.00477960152282	0.0381499063164	-0.05197658701	-0.0348236120497	-0.0412180348651	-0.0326778782566	0.0086504617059	-0.0490632780979	-0.0376771679281	-0.0119271945131	-0.00484263296518	-0.00467578398257	-0.0011062617562	0.0543823195975	0.0175452759352	0.0324720801675	0.0658086694704	-0.00499631097523	-0.00272691414529	-0.0739114076819	-0.00319116046195	0.0813914302305	0.0315070792698	-0.00559158447035
k__Bacteria;p__Bacteroidetes;c__Bacteroidia;o__Bacteroidales;f__Bacteroidaceae;g__Bacteroides;s__Bacteroides_salyersiae	-0.0410468627153	-0.0234708165813	-0.0145749393138	0.0139080821319	-0.017468765824	-0.0311304976291	0.0120250676042	0.0188731316732	-0.0423365746238	-0.033605603959	-0.0224883074336	-0.0413616719756	0.00977724451989	0.0295988439775	-0.0172286199599	0.0922512131579	0.0200561282082	-0.0641062410661	-0.0554720763124	-0.012283207061	1.0	0.0489506527384	-0.0064689485979	-0.0177879539528	0.0343052188867	-0.0287182313137	0.0142560991436	0.00438229222332	0.0331641125995	0.005110089383	-0.0112534363023	0.0674368076431	-0.0275374389174	0.010701284003	0.00244209431747	0.038735184669	-0.0415777454024	-0.0543984884239	0.0118922971605	-0.0356332652856	-0.0143010579643	-0.00151368188211	0.0340885516458	-0.0311810269228	-0.059713027431	0.00596392721048	-0.0160500715996	-0.0464444936497	0.00798132619527	-0.00495455654926	-0.0524805892952	-0.0104071780784	-0.00575500673016	0.0333808450194	0.0844022110487	-0.033153653628	-0.0416841505779	-0.0403553654043	0.00497127071108
k__Bacteria;p__Firmicutes;c__Clostridia;o__Clostridiales;f__Ruminococcaceae;g__Ruminiclostridium;s__[Eubacterium]_siraeum	-0.0272811318954	-0.00422043312354	0.0163802827628	0.0112935179599	-0.0060261386883	-0.0311233892816	-0.0509661253163	-0.0126706227124	0.0178472243592	0.0272936501806	0.0120227451379	-0.0462394464563	-0.0378878869343	-0.0153718956621	0.0271003552236	-0.0513929899596	0.00513722467633	-0.0002222996612	-0.02481919798	0.0143851838839	0.0489506527384	1.0	-0.0357209515159	-0.0599464500389	-0.0162410941016	-0.0829402118088	-0.0760760564146	-0.0304044578104	0.00345293625003	0.0559266884662	-0.0170172545016	-0.0510980694038	0.0115118877692	0.00765488283107	0.0171110730516	-0.0604370504377	-0.0196057858357	-0.067503916485	-0.0225408781754	0.00697567676984	0.0613833173945	-0.0332280714799	0.011016150281	-0.0585325141732	0.00577680448668	0.0603864804087	-0.0065805107775	-0.0232182311181	-0.0129474874333	0.00837863646934	0.0230348212486	0.00587323066106	-0.0665712409183	-0.00716733057808	-0.019177207582	0.0150917821219	0.0235636196915	-0.0291207022082	0.0408745929378
k__Bacteria;p__Proteobacteria;c__Betaproteobacteria;o__Burkholderiales;f__Sutterellaceae;g__Parasutterella;s__Parasutterella_excrementihominis	-0.0158554900584	-0.00815577027832	0.0202119824828	-0.0130036091395	0.00387269196023	0.0247529230443	-0.0101868945777	0.03446826405	0.0140044513771	0.0205760634515	-0.00200753674377	-0.00786223472525	-0.0917324541218	-0.0583875406065	0.0517865487097	-0.0387603387511	0.0216323362772	-0.0681759915367	0.00853575850812	-0.0709754122625	-0.0064689485979	-0.0357209515159	1.0	-0.00769996102829	-0.0182230697618	-0.0208835373851	0.0485031635295	0.0367262005293	-0.0149234787967	-0.036887570356	0.0165471454778	-0.00657756459049	0.0439282463902	-0.0273959315216	0.0400882599811	-0.0334580193923	0.0520627785771	-0.0116112597345	0.0327572110915	-0.0138830212334	-0.0560005206949	-0.0165423496314	-0.0510885834479	0.0136919477832	0.00668144487395	0.0100420007543	-0.0663559947013	-0.0121186413866	-0.00987710602738	0.0538049164629	0.00647245990573	0.0082600927678	0.0745746683238	-0.0629341338041	-0.00905958943738	0.0237480738765	0.0209678942898	-0.0640783266847	-0.00203773928871
k__Bacteria;p__Actinobacteria;c__Actinobacteria;o__Bifidobacteriales;f__Bifidobacteriaceae;g__Bifidobacterium;s__Bifidobacterium_adolescentis	-0.01125896687	0.00923815063126	-0.0216318842275	-0.0198030970968	-0.0204310590017	0.0110908098119	-0.0149723775098	0.0137278912618	0.0249534346209	0.0135418772278	-0.00657195678241	0.000174413511917	-0.0274193620269	0.00020122706562	0.0402238198692	0.0326715196643	-0.0106761553792	-0.00805485348192	0.042770203477	-0.018159772081	-0.0177879539528	-0.0599464500389	-0.00769996102829	1.0	-0.00667348008946	0.0510892474982	-0.0057310063085	0.0458318275019	-0.0212669879914	0.0388553632241	-8.12989037897e-05	0.0090659439171	-0.0286845352755	-0.0395215854676	0.0304248021517	-0.0271012929388	-0.0415400274155	-0.012699486905	0.00606970961275	-0.0125923638735	-0.00791126893799	0.0299136442768	-0.0337070888263	-0.0620431136858	0.0241354706509	0.0154739932746	0.00108011538974	0.0108942802563	-0.080566516505	0.00237276901301	0.0330117102266	-0.00701583480649	-0.00223739615979	-0.0419102544891	-0.0180770935723	-0.0236267928376	0.12636085391	0.0100496424398	0.00959725974967
k__Bacteria;p__Firmicutes;c__Clostridia;o__Clostridiales;f__Oscillospiraceae;g__Oscillibacter;s__Oscillibacter_sp._KLE_1745	-0.0295416752821	0.036359639325	-0.0765870437444	0.0177034985439	-0.0540828856212	0.0111668564923	0.00136664175825	-0.0411256327736	-0.0132794999115	0.013788956797	-0.0285614992341	-0.0100902149328	-0.0495145745271	0.000809063440891	0.0120297016853	0.0901768010907	0.0223988427484	0.0126106942957	0.00678819316455	0.0631806864723	0.0343052188867	-0.0162410941016	-0.0182230697618	-0.00667348008946	1.0	0.00363582155324	-0.047724824483	-0.0271859562796	0.000709572542204	-0.0517540453581	0.0481084161932	-0.0241137583418	-0.0017309716325	0.0109192572366	0.0554035997654	-0.00422396185168	-0.00021676896178	-0.0509432604798	-0.0675962773977	0.00966449711315	-0.00276638101829	0.000260756675936	-0.0774068688675	-0.0540889360269	-0.0971131510328	-0.0631131821434	0.0653116686201	0.00743646430863	0.0359578861893	-0.0189809592182	-0.0121098434013	-0.0408240938202	0.0281997053609	0.0476047659716	-0.0465737189401	0.060643154335	0.0331331881896	-0.0305827058766	-0.0233047435389
k__Bacteria;p__Bacteroidetes;c__Bacteroidia;o__Bacteroidales;f__Bacteroidaceae;g__Bacteroides;s__Bacteroides_coprophilus	-0.0181592101276	-0.0112477842549	-0.0128577449374	-0.0266044406585	-0.00940209872393	-0.042524472454	-0.00567264806522	0.00734501681685	0.0260253923237	-0.0194784556366	-0.0917153712422	-0.0199719435864	-0.0339175450388	-0.0084328278272	-0.0533425296914	-0.0364197799582	0.0412739516408	0.0853574417342	-0.00785262917223	-0.0214621764749	-0.0287182313137	-0.0829402118088	-0.0208835373851	0.0510892474982	0.00363582155324	1.0	-0.0397281582261	0.0135752449365	-0.00581601371168	-0.0124652563151	0.0367629567441	-0.0346298095167	0.0344000936854	0.00863682151271	0.0584011988722	-0.025312608805	0.0268045826725	-0.06389810151	0.00453742167456	0.0024860898046	0.0258392900588	0.0277269607495	0.0302098774843	-0.00980963658542	0.106517366731	-0.0968176076491	0.06143200216	0.0280464434621	-0.00583335744756	-0.00759344234566	0.00515661155962	-0.03091202066	0.0142139162435	0.0225685835183	0.0076136797879	-0.0131704068573	-0.0134392007216	-0.00511811056287	0.0138511390935
k__Bacteria;p__Firmicutes;c__Clostridia;o__Clostridiales;f__Lachnospiraceae;g__Roseburia;s__Roseburia_intestinalis	0.0249287274501	-0.00401680029348	-0.0503166084433	-0.0297018329463	0.0085897865186	0.0454078352883	-0.0035756487996	-0.054799732951	-0.0264756511865	-0.0179529225284	-0.00592715341722	0.0139611306868	0.056873168637	0.00802087315099	-0.0553511372028	-0.0484973319649	-0.0111181391169	0.017251549981	0.0208103439034	0.0141259407817	0.0142560991436	-0.0760760564146	0.0485031635295	-0.0057310063085	-0.047724824483	-0.0397281582261	1.0	-0.024025424658	0.0201561525537	-0.0403272091237	0.00382383855286	-0.0229860956139	-0.0262250169675	0.0793786363184	-9.72286640881e-05	-0.0423470166288	-0.0262530657546	-0.0253049748582	-0.0235408217912	-0.0245430084816	-0.00483023470009	-0.048575191188	0.0633531992246	-0.0435134372288	-0.0641564248147	-0.0350586229874	0.040414528893	-0.0286840754127	0.0105597460354	0.0105621813995	-0.0384685017288	-0.00780069978321	-0.0564022062823	0.0627581530123	-0.00168425781592	-0.000563883306541	-0.0418528779487	-0.0376081184919	-0.0184771310401
k__Bacteria;p__Firmicutes;c__Clostridia;o__Clostridiales;f__Lachnospiraceae;g__Roseburia;s__Roseburia_hominis	-0.0329733873284	-0.00176789400961	-0.0696301052115	0.0422808511393	0.00820968937422	0.0513139361319	0.0086457405196	-0.0436096571315	-0.0579273850939	0.0479212382752	-0.0206960690215	0.030752279696	0.012232485564	-0.0140147771419	0.0424672207163	0.00803037379297	0.0325202078562	0.0222295457513	-0.0660607770127	-0.049259926034	0.00438229222332	-0.0304044578104	0.0367262005293	0.0458318275019	-0.0271859562796	0.0135752449365	-0.024025424658	1.0	-0.0348662264656	-0.00753276332543	-0.00877429143175	0.0159426807831	-0.0699915171764	-0.0342678926844	-0.037633187637	-0.0240746206008	0.00674696785523	0.0655727379436	0.0106448823031	-0.000727965436001	0.0239513299976	0.0502445518025	0.00290620426566	-0.015521590733	-0.0463454827434	-0.0726766116788	0.0033757894031	-0.0464542822185	0.0547059074746	0.0471907453187	0.0086391093981	-0.0279002008777	-0.0161755103923	0.065838316159	0.0253671833173	-0.0571510134769	0.04419530234	0.0927654866966	-0.0124246831149
k__Bacteria;p__Bacteroidetes;c__Bacteroidia;o__Bacteroidales;f__Porphyromonadaceae;g__Parabacteroides;s__Parabacteroides_johnsonii	0.0176042355498	-0.0272817776134	-0.00642301594737	-0.0116624034769	0.00971386650431	-0.0141473456383	0.0243063475227	0.091756448757	-0.0135965775183	-0.0759235294426	0.0181385215566	0.00937977767602	-0.0533658439323	0.025390576008	0.0165054454026	0.0633241211979	0.0475086786256	-0.0434302121656	-0.0400932567962	0.01648571581	0.0331641125995	0.00345293625003	-0.0149234787967	-0.0212669879914	0.000709572542204	-0.00581601371168	0.0201561525537	-0.0348662264657	1.0	-0.0111767278033	0.0429943855657	0.0344661051486	-0.0081685108718	-0.0548939511413	-0.0218869169981	0.0194432039552	-0.0513851782165	-0.00363107848455	-0.0349740573638	0.0262911182753	-0.00472818213932	-0.0896277290963	-0.0169444555937	-0.0869810462235	-0.0632462297553	-0.00978799239197	-0.014868935046	0.00350584233912	-0.000485662363246	0.0100142567862	-0.0322366187717	-0.0586087880786	-0.0182593416986	-0.0669081124802	-0.000232355820303	0.0515261924998	-0.0238444443813	0.00199742181677	0.0167700582045
k__Bacteria;p__Actinobacteria;c__Actinobacteria;o__Bifidobacteriales;f__Bifidobacteriaceae;g__Bifidobacterium;s__Bifidobacterium_longum	-0.0719532406885	-0.033158112003	-0.0365373021283	-0.000238678637165	-0.0313237872664	0.0526344419673	-0.0129276389522	-0.0201616353834	-0.0645827457907	-0.0482806537565	-0.047511351699	0.0156235450214	0.0425686546083	0.0280048727898	-0.0369489081042	0.069864718822	0.0279791271515	0.00923251660277	-0.0313833972853	-0.0552011880322	0.005110089383	0.0559266884662	-0.036887570356	0.0388553632241	-0.0517540453581	-0.0124652563151	-0.0403272091237	-0.00753276332543	-0.0111767278033	1.0	-0.0203755860246	0.0264445013243	0.0266004274139	-0.0117856213995	-0.0597357495023	0.000540700778185	-0.0106688090798	-0.0181618242317	-0.037554726093	-0.00446477770769	-0.0144907783525	-0.0117354994556	0.0164807908854	0.00911982677218	0.00368110540419	0.0361177119189	0.0194180249586	-0.000988738166649	0.0146287014425	-0.0260564617165	0.0244608006904	-0.0525811690338	-0.0579341060546	0.0280300907759	-0.0613600160807	-0.00752074576286	0.037558772169	0.0188520286004	-0.0366332082123
