#taxonomy	k__Bacteria;p__Bacteroidetes;c__Bacteroidia;o__Bacteroidales;f__Bacteroidaceae;g__Bacteroides;s__Bacteroides_vulgatus	k__Bacteria;p__Bacteroidetes;c__Bacteroidia;o__Bacteroidales;f__Bacteroidaceae;g__Bacteroides;s__Bacteroides_uniformis	k__Bacteria;p__Bacteroidetes;c__Bacteroidia;o__Bacteroidales;f__Rikenellaceae;g__Alistipes;s__Alistipes_putredinis	k__Bacteria;p__Bacteroidetes;c__Bacteroidia;o__Bacteroidales;f__Prevotellaceae;g__Prevotella;s__Prevotella_copri	k__Bacteria;p__Bacteroidetes;c__Bacteroidia;o__Bacteroidales;f__Bacteroidaceae;g__Bacteroides;s__Bacteroides_stercoris	k__Bacteria;p__Bacteroidetes;c__Bacteroidia;o__Bacteroidales;f__Bacteroidaceae;g__Bacteroides;s__Bacteroides_ovatus	k__Bacteria;p__Bacteroidetes;c__Bacteroidia;o__Bacteroidales;f__Rikenellaceae;g__Alistipes;s__Alistipes_shahii	k__Bacteria;p__Firmicutes;c__Clostridia;o__Clostridiales;f__Ruminococcaceae;g__Faecalibacterium;s__Faecalibacterium_prausnitzii	k__Bacteria;p__Bacteroidetes;c__Bacteroidia;o__Bacteroidales;f__Rikenellaceae;g__Alistipes;s__Alistipes_finegoldii	k__Bacteria;p__Bacteroidetes;c__Bacteroidia;o__Bacteroidales;f__Porphyromonadaceae;g__Parabacteroides;s__Parabacteroides_distasonis	k__Bacteria;p__Bacteroidetes;c__Bacteroidia;o__Bacteroidales;f__Bacteroidaceae;g__Bacteroides;s__Bacteroides_thetaiotaomicron	k__Bacteria;p__Bacteroidetes;c__Bacteroidia;o__Bacteroidales;f__Bacteroidaceae;g__Bacteroides;s__Bacteroides_coprocola	k__Bacteria;p__Bacteroidetes;c__Bacteroidia;o__Bacteroidales;f__Bacteroidaceae;g__Bacteroides;s__Bacteroides_cellulosilyticus	k__Bacteria;p__Bacteroidetes;c__Bacteroidia;o__Bacteroidales;f__Rikenellaceae;g__Alistipes;s__Alistipes_obesi	k__Bacteria;p__Firmicutes;c__Clostridia;o__Clostridiales;f__Lachnospiraceae;g__;s__[Eubacterium]_rectale	k__Bacteria;p__Bacteroidetes;c__Bacteroidia;o__Bacteroidales;f__Bacteroidaceae;g__Bacteroides;s__Bacteroides_plebeius	k__Bacteria;p__Bacteroidetes;c__Bacteroidia;o__Bacteroidales;f__Bacteroidaceae;g__Bacteroides;s__Bacteroides_fragilis	k__Bacteria;p__Proteobacteria;c__Betaproteobacteria;o__Burkholderiales;f__Sutterellaceae;g__Sutterella;s__Sutterella_wadsworthensis	k__Bacteria;p__Bacteroidetes;c__Bacteroidia;o__Bacteroidales;f__Porphyromonadaceae;g__Barnesiella;s__Barnesiella_intestinihominis	k__Bacteria;p__Bacteroidetes;c__Bacteroidia;o__Bacteroidales;f__Odoribacteraceae;g__Odoribacter;s__Odoribacter_splanchnicus	k__Bacteria;p__Bacteroidetes;c__Bacteroidia;o__Bacteroidales;f__Bacteroidaceae;g__Bacteroides;s__Bacteroides_salyersiae	k__Bacteria;p__Firmicutes;c__Clostridia;o__Clostridiales;f__Ruminococcaceae;g__Ruminiclostridium;s__[Eubacterium]_siraeum	k__Bacteria;p__Proteobacteria;c__Betaproteobacteria;o__Burkholderiales;f__Sutterellaceae;g__Parasutterella;s__Parasutterella_excrementihominis	k__Bacteria;p__Actinobacteria;c__Actinobacteria;o__Bifidobacteriales;f__Bifidobacteriaceae;g__Bifidobacterium;s__Bifidobacterium_adolescentis	k__Bacteria;p__Firmicutes;c__Clostridia;o__Clostridiales;f__Oscillospiraceae;g__Oscillibacter;s__Oscillibacter_sp._KLE_1745	k__Bacteria;p__Bacteroidetes;c__Bacteroidia;o__Bacteroidales;f__Bacteroidaceae;g__Bacteroides;s__Bacteroides_coprophilus	k__Bacteria;p__Firmicutes;c__Clostridia;o__Clostridiales;f__Lachnospiraceae;g__Roseburia;s__Roseburia_intestinalis	k__Bacteria;p__Firmicutes;c__Clostridia;o__Clostridiales;f__Lachnospiraceae;g__Roseburia;s__Roseburia_hominis	k__Bacteria;p__Bacteroidetes;c__Bacteroidia;o__Bacteroidales;f__Porphyromonadaceae;g__Parabacteroides;s__Parabacteroides_johnsonii	k__Bacteria;p__Actinobacteria;c__Actinobacteria;o__Bifidobacteriales;f__Bifidobacteriaceae;g__Bifidobacterium;s__Bifidobacterium_longum	k__Bacteria;p__Firmicutes;c__Clostridia;o__Clostridiales;f__;g__Flavonifractor;s__Flavonifractor_plautii	k__Bacteria;p__Firmicutes;c__Clostridia;o__Clostridiales;f__Clostridiaceae;g__Clostridium;s__Clostridium_phoceensis	k__Bacteria;p__Verrucomicrobia;c__Verrucomicrobiae;o__Verrucomicrobiales;f__Akkermansiaceae;g__Akkermansia;s__Akkermansia_muciniphila	k__Bacteria;p__Bacteroidetes;c__Bacteroidia;o__Bacteroidales;f__Prevotellaceae;g__Paraprevotella;s__Paraprevotella_xylaniphila	k__Bacteria;p__Firmicutes;c__Clostridia;o__Clostridiales;f__Ruminococcaceae;g__Ruminococcus;s__Ruminococcus_callidus	k__Bacteria;p__Bacteroidetes;c__Bacteroidia;o__Bacteroidales;f__Rikenellaceae;g__Alistipes;s__Alistipes_senegalensis	k__Bacteria;p__Firmicutes;c__Clostridia;o__Clostridiales;f__Lachnospiraceae;g__Blautia;s__Blautia_sp._KLE_1732	k__Bacteria;p__Bacteroidetes;c__Bacteroidia;o__Bacteroidales;f__Bacteroidaceae;g__Bacteroides;s__Bacteroides_oleiciplenus	k__Bacteria;p__Firmicutes;c__Clostridia;o__Clostridiales;f__Ruminococcaceae;g__Ruminococcus;s__Ruminococcus_bicirculans	k__Bacteria;p__Bacteroidetes;c__Bacteroidia;o__Bacteroidales;f__Bacteroidaceae;g__Bacteroides;s__Bacteroides_fluxus	k__Bacteria;p__Bacteroidetes;c__Bacteroidia;o__Bacteroidales;f__Prevotellaceae;g__Prevotella;s__Prevotella_stercorea	k__Bacteria;p__Firmicutes;c__Clostridia;o__Clostridiales;f__Lachnospiraceae;g__Dorea;s__Dorea_longicatena	k__Bacteria;p__Firmicutes;c__Clostridia;o__Clostridiales;f__Eubacteriaceae;g__Eubacterium;s__[Eubacterium]_eligens	k__Bacteria;p__Firmicutes;c__Clostridia;o__Clostridiales;f__Ruminococcaceae;g__;s__Ruminococcaceae_bacterium_D16	k__Bacteria;p__Firmicutes;c__Clostridia;o__Clostridiales;f__Lachnospiraceae;g__Coprococcus;s__Coprococcus_comes	k__Bacteria;p__Proteobacteria;c__Gammaproteobacteria;o__Enterobacterales;f__Enterobacteriaceae;g__Escherichia;s__Escherichia_coli	k__Bacteria;p__Firmicutes;c__Clostridia;o__Clostridiales;f__Ruminococcaceae;g__Anaerotruncus;s__Anaerotruncus_colihominis	k__Bacteria;p__Firmicutes;c__Clostridia;o__Clostridiales;f__Lachnospiraceae;g__Blautia;s__Blautia_obeum	k__Bacteria;p__Bacteroidetes;c__Bacteroidia;o__Bacteroidales;f__Odoribacteraceae;g__Odoribacter;s__Odoribacter_laneus	k__Bacteria;p__Firmicutes;c__Clostridia;o__Clostridiales;f__Ruminococcaceae;g__Ruminiclostridium;s__[Clostridium]_leptum	k__Bacteria;p__Bacteroidetes;c__Bacteroidia;o__Bacteroidales;f__Porphyromonadaceae;g__Parabacteroides;s__Parabacteroides_goldsteinii	k__Bacteria;p__Firmicutes;c__Clostridia;o__Clostridiales;f__Lachnospiraceae;g__Anaerostipes;s__Anaerostipes_hadrus	k__Bacteria;p__Firmicutes;c__Clostridia;o__Clostridiales;f__Ruminococcaceae;g__Ruminococcus;s__Ruminococcus_lactaris	k__Bacteria;p__Firmicutes;c__Clostridia;o__Clostridiales;f__Clostridiaceae;g__Clostridium;s__Clostridium_sp._L2-50	k__Bacteria;p__Firmicutes;c__Clostridia;o__Clostridiales;f__Clostridiaceae;g__Clostridium;s__Clostridium_sp._M62/1	k__Bacteria;p__Firmicutes;c__Clostridia;o__Clostridiales;f__;g__Intestinimonas;s__Intestinimonas_butyriciproducens	k__Bacteria;p__Actinobacteria;c__Actinobacteria;o__Bifidobacteriales;f__Bifidobacteriaceae;g__Bifidobacterium;s__Bifidobacterium_bifidum	k__Bacteria;p__Firmicutes;c__Negativicutes;o__Veillonellales;f__Veillonellaceae;g__Dialister;s__Dialister_invisus	k__Bacteria;p__Bacteroidetes;c__Bacteroidia;o__Bacteroidales;f__Bacteroidaceae;g__Bacteroides;s__Bacteroides_salanitronis
k__Bacteria;p__Bacteroidetes;c__Bacteroidia;o__Bacteroidales;f__Bacteroidaceae;g__Bacteroides;s__Bacteroides_vulgatus	1.0	-0.00360553420433	0.0265120447425	-0.0567204465433	-0.0127881598996	0.0431081515464	-0.0971931760362	-0.0583889657001	-0.00843180276609	-0.0296367977138	0.017113149363	-0.00130201841024	-0.0274028826206	0.0889942331446	0.00143929894615	-0.129771661836	-0.0154707927568	0.0109822451509	0.00876732405911	-0.0383945261624	-0.0327134212693	-0.0262852978265	-0.00924519512778	-0.00986478555621	-0.00200773027341	-0.0567687397592	-0.0709363347465	0.0242515640473	0.00283546993497	0.0573312272952	-0.00816157609924	-0.0604005573551	-0.069519996692	-0.0193882278764	-0.00743445659209	-0.0127606249229	-0.00922163790416	0.0251428936728	-0.0379354536974	-0.00498094570138	0.042868653877	0.0150822755618	-0.0863307542662	-0.00947810816887	-0.0244195949514	-0.0546429499402	0.0538870592785	-0.0291328316011	-0.0214876566315	-0.0326471593009	-0.0396654324421	0.02693026427	-0.0272028220118	-0.0207513155033	0.0681331212251	-0.0202232530125	-0.0117416841587	-0.0576136543927	0.0615318007522
k__Bacteria;p__Bacteroidetes;c__Bacteroidia;o__Bacteroidales;f__Bacteroidaceae;g__Bacteroides;s__Bacteroides_uniformis	-0.00360553420433	1.0	-0.0499118434611	0.0264012014832	0.0431365036201	-0.0816577055935	-0.0252998948497	-2.75815020027e-05	-0.0169137799643	-0.0136115754087	-0.0388344935469	-0.0244200246736	-0.019780009472	0.00282809508278	-0.0527892660469	-0.0368400129629	-0.0228427373953	0.0276727302476	-0.00979194994301	-0.0109637059422	-0.00452758861075	-0.0481482870027	-0.0209366010615	-0.0747584690867	-0.0329418902531	0.0408178075663	-0.0151630198994	-0.0630096047868	0.0210103636786	0.0148911782983	-0.0172646735493	-0.0125728495622	-0.0671677590055	0.049685638656	-0.00955661889345	0.0487161708602	-0.0519385547908	-8.72672029486e-05	-0.00455378140956	-0.0464253130693	-0.0423701275212	0.0512057133865	-0.0103149952954	0.0178380726726	-0.00326409522904	0.0178515082582	-0.0164174219395	0.0166683508517	-0.00881526006535	-0.00288420871573	0.0149293970961	-0.0276609323019	0.0260643887008	-0.00615814891634	0.0089716373425	0.0244811117159	-0.0167355817713	0.0194533479253	-0.0547648717522
k__Bacteria;p__Bacteroidetes;c__Bacteroidia;o__Bacteroidales;f__Rikenellaceae;g__Alistipes;s__Alistipes_putredinis	0.0265120447425	-0.0499118434611	1.0	-0.000422754090363	0.0725916998954	-0.0367193189829	0.0222042291634	-0.0338195123365	0.0499215012942	-0.00493979490867	0.0346105858579	0.0361837355244	-0.0682847747287	-0.0164670699652	-0.0285807314265	-0.0361431212245	-0.0262644410853	-0.0301484771305	-0.00925231215564	0.0469509738496	-0.0233399231559	-0.0453360840329	-0.0407905649065	0.052577246011	-0.0711262442541	-0.0178036686303	-0.0250927183544	-0.000818319335339	0.0333123335765	0.0489583921705	-0.0279508359711	0.0272943054974	-0.0216150234618	0.0392693303838	-0.0808106834215	-0.0172977985547	-0.0424866923484	-0.0666350303012	-0.0221366637286	-0.054243048902	-0.0320899840696	-0.0412274166494	-0.00902262288041	0.0304976227068	0.0397054413145	0.0377936786842	-0.0275630310363	0.0191601872719	-0.0474209866876	-0.00442125093338	-0.0388926917054	0.00287310806734	0.00676543051031	0.0814405254172	0.00778333979835	-0.0470361078786	0.0347225851083	-0.0342138219357	-0.0403921832928
k__Bacteria;p__Bacteroidetes;c__Bacteroidia;o__Bacteroidales;f__Prevotellaceae;g__Prevotella;s__Prevotella_copri	-0.0567204465433	0.0264012014832	-0.000422754090363	1.0	-0.0143766762251	-0.0204223558829	-0.0381373302321	0.00624879134418	0.021665227997	0.100572270042	0.0528383570004	-0.0455658916279	-0.012355788176	-0.0181484165319	0.0393135710964	-0.0234260816476	0.0282056181192	-0.0285689405507	-0.0597033797582	-0.0068431934295	0.0268991232698	-0.017957475289	-0.00254942730302	-0.00627344536513	0.0331922453022	-0.0158830098795	0.000918944265496	0.032582689051	0.00117858721973	0.000225161277764	-0.0342078134436	-0.0519329086269	-0.0414902404709	0.00226584147847	0.0100425945081	-0.0379477616011	0.0220901263058	0.00386326676457	-0.00449178006377	0.0195722964069	-0.072689892101	-0.104110691641	-0.0290101769178	-0.0198287690195	-0.0460014123975	-0.0351891190472	-0.0702815775902	-0.0447559448498	0.00254949261102	0.0272432162096	-0.0203134492737	-0.0293624462968	-0.0207675562499	-0.0156284896667	-0.00912664397325	0.0183585223822	-0.0377398957285	0.0545686688777	0.0589297956769
k__Bacteria;p__Bacteroidetes;c__Bacteroidia;o__Bacteroidales;f__Bacteroidaceae;g__Bacteroides;s__Bacteroides_stercoris	-0.0127881598996	0.0431365036201	0.0725916998954	-0.0143766762251	1.0	-0.0441498055489	0.0494890363069	-0.0315962755314	0.0674889421993	-0.0253369201175	0.00280652176216	-0.0602839721173	-0.067238446021	-0.0321567448789	-0.0407084424072	-0.00333112548194	-0.00595222253309	-0.0242976612439	-0.0158152637221	-0.0598023663096	-0.0115068796342	-0.0429088564411	-0.0142314718872	0.0497618648987	0.0458463170256	-0.0376706634415	0.0188540905011	-0.0145876481795	-0.00450399110441	-0.0280477205141	0.0301869501171	-0.0281232333316	-0.0579399468098	-0.0183274151008	-0.0399678186514	-0.0215232580764	-0.0266206657395	-0.0485815954603	-0.0379281548483	-0.0289903574426	0.0488212550812	-0.0349841679652	-0.035053983824	-0.00474515453982	-0.0222234481673	0.0514366585107	0.0260755802977	-0.015916893903	-0.0677703141937	-0.0153535559707	0.0468023379431	-0.0204592555729	0.0298738123251	0.028081930427	-0.0522571520761	0.018926631579	-0.00867802157171	-0.0102168527572	-0.0489981334296
k__Bacteria;p__Bacteroidetes;c__Bacteroidia;o__Bacteroidales;f__Bacteroidaceae;g__Bacteroides;s__Bacteroides_ovatus	0.0431081515464	-0.0816577055935	-0.0367193189829	-0.0204223558829	-0.0441498055489	1.0	-0.0207694861609	0.00288000836836	-0.0141218928352	0.0171502404926	-0.0180382571887	-0.0221698926642	0.0350213734154	0.00521463564003	0.00872892940092	-0.00515810432155	-0.0741528714772	0.00253234915223	0.0173571916918	0.00967114388242	-0.0364519647024	-0.0234870933635	-0.0370181384994	-0.00295077896861	-0.00526205005545	-0.00739452860352	-0.00822880694688	0.0854265303889	-0.0309350724701	-0.0888962365152	-0.0393841020486	0.0196601183276	0.0208701443129	-0.0130281936758	0.0429135902163	-0.0129135270799	-0.0345789672625	0.0357343733663	0.0014096782831	-0.0595228135114	-0.0224669819602	-0.0538372923778	0.0502443719403	-0.00209946112415	-0.018688028889	-0.0276875864213	0.00992843576578	-0.0108676054085	-0.0636897223689	-0.0659141861728	-0.0173902306787	0.023500070803	-0.0374781345453	0.0353954145268	0.0556835490345	0.0239987381305	0.000155218262446	0.000903896696229	0.0426895769957
k__Bacteria;p__Bacteroidetes;c__Bacteroidia;o__Bacteroidales;f__Rikenellaceae;g__Alistipes;s__Alistipes_shahii	-0.0971931760362	-0.0252998948497	0.0222042291634	-0.0381373302321	0.0494890363069	-0.0207694861609	1.0	-0.0307173496115	-0.0443234704664	0.0209325924826	-0.0450449719773	-0.0104450351267	-0.0214895611954	-0.0173627570253	0.0173904706778	0.0444182515664	-0.0566775855682	-0.015667104141	0.0305016884565	-0.0173275267145	-0.0364474718391	0.0747153920863	-0.0603625922009	-0.0429398746969	-0.0503155582652	-0.0409539408898	0.0605546832186	0.0554378601986	-0.0327799981443	0.0519352808031	0.0204905379071	0.000245957814828	0.010657363376	-0.0272501938121	0.0395015934283	-0.0718697201039	-0.0229070147644	-0.0221401138134	-0.00782440361322	-0.0372198215032	-0.0312323366327	-0.0355808475491	0.0187853547754	-0.0206203547383	0.0303588674758	0.013613859365	0.00634672403442	-0.0246780205171	0.0436137548542	-0.0223327572821	-0.0230605977382	-0.0731231211142	0.00609830544326	-0.0611254100099	0.00751181103229	0.0221090622807	0.0107695259414	-0.0708430775756	0.00329254723397
k__Bacteria;p__Firmicutes;c__Clostridia;o__Clostridiales;f__Ruminococcaceae;g__Faecalibacterium;s__Faecalibacterium_prausnitzii	-0.0583889657001	-2.75815020026e-05	-0.0338195123365	0.00624879134418	-0.0315962755314	0.00288000836836	-0.0307173496115	1.0	0.0518556947411	0.011021601727	-0.0527892575864	-0.0108433961163	-0.013446492736	0.0101915323167	-0.0811513329857	0.00972867308121	-0.00113945342778	-0.0243526602665	-0.00140988024997	-0.103237610967	-0.0564885368145	0.011086850556	0.0188212447708	0.0150155499841	-0.0200434586344	-0.0187615994391	0.0377572370666	-0.0318794875096	-0.0189051902613	0.00583223989267	-0.070821226306	-0.041584381371	-0.0277928240002	-0.0763269528902	0.0431873583066	0.0131482352538	0.000329256413246	0.0436218641357	0.0031972847905	0.00819792155113	0.0037340785729	-0.00551032055611	0.0057163311298	0.0336137588613	0.0317201039779	0.00366455251817	-0.00638224124343	-0.00943059741625	0.018361733485	-0.0277698184939	0.00974747040715	-0.0504449167073	-0.0530454869248	-0.00439818257881	-0.000805716174931	0.00502727957838	-0.0105141568246	-0.00807756955789	-0.0106828113017
k__Bacteria;p__Bacteroidetes;c__Bacteroidia;o__Bacteroidales;f__Rikenellaceae;g__Alistipes;s__Alistipes_finegoldii	-0.00843180276609	-0.0169137799643	0.0499215012942	0.021665227997	0.0674889421993	-0.0141218928352	-0.0443234704664	0.0518556947411	1.0	-0.00715877057846	-0.0305226493918	-0.0682619034917	-0.0265351577615	-0.0242787286306	-0.025071588009	-0.0295360591259	-0.0469805898437	0.0278935855244	-0.0653297025114	0.00853283190381	0.0403999242964	-0.0768239942398	0.0410819311229	-0.0553662443954	0.006272004691	-0.0238783328387	0.0147102995828	0.0252770555125	-0.0326709285017	-0.0253373458202	0.0066139964253	0.0556714179874	-0.0113759561172	-0.0304814811132	-0.0203357020821	-0.0698023032129	0.0469229602209	-0.0301057296747	-0.0533838640782	0.0338175825662	0.00387641773343	-0.00400597425875	-0.0254851255468	-0.00126878466297	-0.00442178174962	-0.0472057137603	-0.00552478873202	0.0350736827837	-0.000334383605159	-0.0360948213346	0.0115780345608	0.0193862903069	-0.0148051598102	0.0195895965918	0.0203312112128	-0.0221000699073	-0.000694881481319	0.0121916408989	-0.0301194742744
k__Bacteria;p__Bacteroidetes;c__Bacteroidia;o__Bacteroidales;f__Porphyromonadaceae;g__Parabacteroides;s__Parabacteroides_distasonis	-0.0296367977138	-0.0136115754087	-0.00493979490867	0.100572270042	-0.0253369201175	0.0171502404926	0.0209325924826	0.011021601727	-0.00715877057846	1.0	-0.00230067736289	0.0286906924495	0.0259496707789	-0.0139818752272	-0.0368169479401	0.030172051082	-0.0311588857313	0.00977039477928	-0.0113488647307	-0.0267802003918	-0.0778597291685	-0.0245636409626	-0.0411395382851	-0.0350924073909	0.0387258844747	0.0430928638	-0.0675080623121	0.040481922032	0.032199851461	-0.024291412608	0.0354485435348	0.0260209326949	0.0176820816061	-0.0584932791051	0.0290103779823	-0.00374613018989	0.0146561840812	0.00663064942938	-0.0326600423085	0.0318556514381	-0.0290713596395	0.0124911647403	0.0773521370901	0.0277246721838	-0.0462595212462	-0.0433895343707	-0.000412742437994	0.0294707153543	-0.00395219051248	-0.0171595885866	-0.0126607370256	-0.035587973737	-0.0316700209287	0.0210784355313	-0.0458108142076	0.0411874225367	-0.0269942024767	-0.00742853797224	-0.0203284087037
k__Bacteria;p__Bacteroidetes;c__Bacteroidia;o__Bacteroidales;f__Bacteroidaceae;g__Bacteroides;s__Bacteroides_thetaiotaomicron	0.017113149363	-0.0388344935469	0.0346105858579	0.0528383570004	0.00280652176216	-0.0180382571887	-0.0450449719773	-0.0527892575864	-0.0305226493918	-0.00230067736289	1.0	-0.047333563489	-0.0263290912823	0.00124835097062	-0.0312416276106	0.0430879511371	-0.0445328518227	-0.050451991701	0.0605804693458	-0.0226390168553	0.0487806765949	0.0267641090739	-0.0385218445153	0.0626295780396	-0.0139405559956	0.035032586507	-0.00516640174944	-0.0422505516365	-0.0639461324392	-0.0306358111901	0.0384443389418	-0.0265260359218	-0.0311682780028	0.042912108946	-0.00564050734651	0.0455065445371	-0.0400794292716	-0.00204080200848	-0.0175468199861	-0.0180496217844	0.0037111754309	-0.0113628824635	-0.0566124627331	-0.001778455701	-0.0350848910493	0.074111052778	0.0205004405954	0.0686737857127	-0.0163926912048	-0.0108057844406	-0.0193681295428	-0.0348572477949	-0.0308037879018	-0.00870534291178	-0.00680510215332	-0.0200278077168	0.0290088432922	0.016802169004	0.0431137347334
k__Bacteria;p__Bacteroidetes;c__Bacteroidia;o__Bacteroidales;f__Bacteroidaceae;g__Bacteroides;s__Bacteroides_coprocola	-0.00130201841024	-0.0244200246736	0.0361837355244	-0.0455658916279	-0.0602839721173	-0.0221698926642	-0.0104450351267	-0.0108433961163	-0.0682619034917	0.0286906924495	-0.047333563489	1.0	-0.0251965197671	-0.0202070876364	0.010806811599	0.0658940281406	0.0668744188235	0.0057427130922	0.0115786374645	0.0117778736189	0.00218555425632	-0.0525257124766	-0.0553540201861	-0.0169879774137	-0.0558834575036	-0.0106592107378	0.0904518243758	-0.0411166139455	-0.0460965677403	-0.00713688974779	0.0586829694773	0.0106227042005	-0.0557517887393	-0.0674089708211	-0.0115488180744	-0.00473174124881	-0.0267795004496	0.106331089484	-0.0394714758185	0.000287019382266	0.0214982373946	0.0329815341549	0.00656199536695	-0.0111183495599	-0.00575328514001	-0.0533784257634	-0.0300256225987	0.0374180543456	-0.0172249464441	-0.0742067593034	-0.0579745823438	0.0245218597342	-0.0635254481579	0.0107622015038	-0.00416428705627	0.0230933017619	-0.0025448002802	-0.00996050651207	-0.0362937057117
k__Bacteria;p__Bacteroidetes;c__Bacteroidia;o__Bacteroidales;f__Bacteroidaceae;g__Bacteroides;s__Bacteroides_cellulosilyticus	-0.0274028826206	-0.019780009472	-0.0682847747287	-0.012355788176	-0.067238446021	0.0350213734154	-0.0214895611954	-0.013446492736	-0.0265351577615	0.0259496707789	-0.0263290912823	-0.0251965197671	1.0	0.0230991132563	0.0307852856985	-0.0747310694758	-0.043469124954	-0.02186470195	0.0338500676697	0.0167390511152	-0.00541845870165	0.0500696224581	-0.032380383517	0.0630855142642	0.0198240017053	0.0713689706102	-0.00510592894946	0.0107003709905	0.0224436814617	-0.0864684175061	-0.0034188705026	-0.0182478861295	0.0188908724074	0.00216528149827	-0.0699781078447	-0.00764855865668	-0.0323607316713	-0.00244189011567	-0.0169981341048	-0.0175717433838	-0.00700050278283	0.0369684981946	0.0212829248104	-0.0161586356734	-0.0255167329376	0.0142174259974	-0.00765454533564	-0.0619955516587	0.0182131459656	0.018655243407	0.00890143742048	-0.0180882351791	-0.0917933561565	0.0218072358513	0.00375363476946	0.0113254650399	-0.0340120177764	-0.0177555422105	-0.026396055278
k__Bacteria;p__Bacteroidetes;c__Bacteroidia;o__Bacteroidales;f__Rikenellaceae;g__Alistipes;s__Alistipes_obesi	0.0889942331446	0.00282809508278	-0.0164670699652	-0.0181484165319	-0.0321567448789	0.00521463564003	-0.0173627570253	0.0101915323167	-0.0242787286306	-0.0139818752272	0.00124835097062	-0.0202070876364	0.0230991132563	1.0	0.0232809559876	0.0281476651647	0.0344012070191	-0.0523659200979	-0.0264106029761	-0.0389076410491	-0.0832315346769	0.027678948336	0.061189583635	0.0203620022809	-0.0131816061524	-0.00201848022157	-0.0296807668826	0.0190102001462	-0.00148822290498	0.05211546476	0.00108390723987	0.0259402653394	0.0143197705499	0.0222157533247	-0.0218273813542	0.00129523358753	0.00667226440991	-0.000774824050063	-0.0756186053096	-0.0603298363041	-0.034245204714	0.0271461031442	-0.0276648299267	-0.0582917428609	-0.0351250363747	-0.0469635876478	-0.0173047887883	0.0295451109518	-0.0630150569593	-0.0106036253803	-0.0147616225725	0.0226431988344	0.0162538237654	-0.00839373465468	-0.0154245823157	-0.0508237045986	-0.0193951601132	0.019761621133	-0.041751231847
k__Bacteria;p__Firmicutes;c__Clostridia;o__Clostridiales;f__Lachnospiraceae;g__;s__[Eubacterium]_rectale	0.00143929894615	-0.0527892660469	-0.0285807314265	0.0393135710964	-0.0407084424072	0.00872892940092	0.0173904706778	-0.0811513329857	-0.025071588009	-0.0368169479401	-0.0312416276106	0.010806811599	0.0307852856985	0.0232809559876	1.0	-0.0494806300891	-0.0633698480271	-0.063104569028	0.0326866630072	-0.0272791443361	-0.057503843815	-0.0207133387341	0.0230193125141	-0.00640315864038	-0.0140766490877	-0.0475617957799	0.0670540330869	-0.00638041084575	-0.00184961729138	0.02202986127	0.0121385328708	-0.0306274225168	-0.0102380215174	-0.0254950273609	0.0241526217532	0.0124224525607	0.00993363251408	-0.0779084083975	0.0108832859724	-0.0133369444146	0.0312038285304	-0.0499024317747	0.0251621658979	0.0309848049591	-0.019601237023	-0.0386066807975	0.00280437409132	-0.0845546286317	0.00793172084749	0.0104962178875	0.0287475315899	-0.020371876854	0.0423014364269	-0.0213341755048	-0.031477442808	-0.0740071061692	0.0148841475367	0.0413928084223	-0.0428319864133
k__Bacteria;p__Bacteroidetes;c__Bacteroidia;o__Bacteroidales;f__Bacteroidaceae;g__Bacteroides;s__Bacteroides_plebeius	-0.129771661836	-0.0368400129629	-0.0361431212245	-0.0234260816476	-0.00333112548194	-0.00515810432155	0.0444182515664	0.00972867308121	-0.0295360591259	0.030172051082	0.0430879511371	0.0658940281406	-0.0747310694758	0.0281476651647	-0.0494806300891	1.0	0.00737035708196	-0.0106255683568	-0.037964787237	-0.0178933999814	0.0262422723414	0.0126491661436	0.0461190932115	0.0314500850935	-0.0368145886082	0.013867012589	0.0622440937495	-0.00277653776969	-0.028333626281	-0.0752806997243	-0.0531613957032	-0.0535240910038	-0.0434668146215	-0.0336647052734	-0.0396090445691	0.00428544844305	0.00857651741862	0.0579147857865	-0.0076563652268	0.00859230654264	-0.00235341015378	-0.0420656190001	-0.0125858980581	0.0108527068397	-0.0202253778745	0.0213826457007	-0.0153558236163	0.00921773129938	-0.0561178007274	-0.0164334678309	-0.0311130654533	0.00491176123102	0.0330591156294	-0.0613580047096	-0.0461477802065	0.0826088011542	0.01714608475	-0.0130013863704	0.0382703488747
k__Bacteria;p__Bacteroidetes;c__Bacteroidia;o__Bacteroidales;f__Bacteroidaceae;g__Bacteroides;s__Bacteroides_fragilis	-0.0154707927568	-0.0228427373953	-0.0262644410853	0.0282056181192	-0.00595222253309	-0.0741528714772	-0.0566775855682	-0.00113945342778	-0.0469805898437	-0.0311588857313	-0.0445328518227	0.0668744188235	-0.043469124954	0.0344012070191	-0.0633698480271	0.00737035708196	1.0	0.000487624577883	-0.00851005092712	-0.000631384336238	0.0024703862934	0.0405967905096	-0.0450252885154	0.00461605625004	-0.00605910554093	0.051163597606	-0.0186208521213	0.0555847337615	0.0779410897488	-0.000416635463802	-0.0262114328357	-0.00936695866498	-0.036322822388	-0.0154838752322	0.00410599116054	-0.010207067336	0.0487723798168	0.0181324255505	-0.0298098615489	-0.0389137626755	-0.0464800901068	0.00216884884414	-0.0246003900655	0.0259054583904	0.0246930326205	-0.0220534008555	-0.00668862319846	-0.0536047027845	-0.050338481373	0.0265088587597	-0.0818724256331	0.0143348822449	0.00259216995435	-0.0227858908353	-0.0111336618259	-0.0165971675661	0.00408400528612	0.0509092315906	0.0154286581463
k__Bacteria;p__Proteobacteria;c__Betaproteobacteria;o__Burkholderiales;f__Sutterellaceae;g__Sutterella;s__Sutterella_wadsworthensis	0.0109822451509	0.0276727302476	-0.0301484771305	-0.0285689405507	-0.0242976612439	0.00253234915223	-0.015667104141	-0.0243526602665	0.0278935855244	0.00977039477928	-0.050451991701	0.0057427130922	-0.02186470195	-0.0523659200979	-0.063104569028	-0.0106255683568	0.000487624577884	1.0	-0.0322151750141	-0.0442242422101	0.0423525850365	0.0167537804733	0.0194666221117	-0.0496302563998	-0.0210051211995	-0.00982744136629	-0.0144336457697	-0.0695910365854	0.0109176110617	-0.0542806302108	-0.0304019806685	0.000148927765608	-0.0104665859669	-0.0319263792993	-0.0124439852299	-0.0444783204474	0.0700346795488	-0.0296255840024	0.0241750251505	0.0432885730052	-0.0292780664862	-0.102543694284	0.0460392471356	0.0312203388638	0.0273463409781	-0.0560879247803	0.0792235071633	-0.0015713454282	-0.0322003943206	-0.0609985155936	0.026711996894	0.0654993987668	-0.0195816429625	0.0347417913049	-0.0376463628175	0.0355007082464	0.0354364442451	-0.00501833977586	0.0249632884508
k__Bacteria;p__Bacteroidetes;c__Bacteroidia;o__Bacteroidales;f__Porphyromonadaceae;g__Barnesiella;s__Barnesiella_intestinihominis	0.00876732405911	-0.00979194994301	-0.00925231215564	-0.0597033797582	-0.0158152637221	0.0173571916918	0.0305016884565	-0.00140988024997	-0.0653297025114	-0.0113488647307	0.0605804693458	0.0115786374645	0.0338500676697	-0.0264106029761	0.0326866630072	-0.037964787237	-0.00851005092712	-0.0322151750141	1.0	-0.0340411224131	-0.0209176705101	0.00119258253306	0.005997911286	0.0382501747443	-0.0390384721088	0.0215728692776	0.0212620736358	0.0222860034742	-0.0737239625554	-0.00693492902618	0.010215119691	0.0428463115687	-0.0305868600777	-0.0543262957782	0.00149019466479	-0.035607562522	-0.0107390991516	0.012308063057	-0.0186353717659	-0.0529246725765	0.0356981659776	-0.0998544252626	-0.0326222801818	-0.0379975392671	-0.0718402075142	0.0134301998847	-0.0104254536692	-0.0190557978237	-0.0200781152367	0.000680364045877	0.0465528345516	-0.0242541423511	0.0790485115356	-0.0328505699557	-0.0109978628139	-0.00865055977593	0.0304397059452	-0.0273721517733	-0.0257239832621
k__Bacteria;p__Bacteroidetes;c__Bacteroidia;o__Bacteroidales;f__Odoribacteraceae;g__Odoribacter;s__Odoribacter_splanchnicus	-0.0383945261624	-0.0109637059422	0.0469509738496	-0.0068431934295	-0.0598023663096	0.00967114388242	-0.0173275267145	-0.103237610967	0.00853283190381	-0.0267802003918	-0.0226390168553	0.0117778736189	0.0167390511152	-0.0389076410491	-0.0272791443361	-0.0178933999814	-0.000631384336238	-0.0442242422101	-0.0340411224131	1.0	-0.0479419779378	-0.09183619856	-0.0481395052228	-0.0279568466601	0.0249634600166	0.00294642698382	-0.0237479082906	-0.00111670199873	0.00102031336875	0.0307552176448	-0.0148716534624	-0.0366641561781	-0.0107362334103	0.0274530124383	0.0187252041824	0.0435674819712	0.0454519929789	0.0195016998455	0.0471302665825	0.00362686340491	0.0386890528385	0.0810464152453	0.0164816249522	-0.0322664648567	-0.0439874393603	-0.049644308717	-0.0312880161464	-0.00529438899591	0.00733648513537	0.0740540036402	0.00275987554016	-0.0793403243847	-0.02916317441	-0.001351293747	-0.000471490867042	-0.0758079054384	-0.0526903828225	-0.0283153926911	-0.025438135597
k__Bacteria;p__Bacteroidetes;c__Bacteroidia;o__Bacteroidales;f__Bacteroidaceae;g__Bacteroides;s__Bacteroides_salyersiae	-0.0327134212693	-0.00452758861075	-0.0233399231559	0.0268991232698	-0.0115068796342	-0.0364519647024	-0.0364474718391	-0.0564885368145	0.0403999242964	-0.0778597291685	0.0487806765949	0.00218555425632	-0.00541845870165	-0.0832315346769	-0.057503843815	0.0262422723414	0.0024703862934	0.0423525850365	-0.0209176705101	-0.0479419779378	1.0	-0.0182525444378	0.0584362643485	0.0439738499132	-0.0234487127952	-0.126979677061	0.0677512480795	-0.042494619885	-0.0397478216722	-0.012262425535	0.0288928512874	-0.0313585642645	0.0527531526763	0.0294395466939	-0.0902391691397	-0.034897396609	-0.0198168853613	-0.00273260808651	0.00999420943086	-0.0229401608038	-0.00976795179886	-0.0225028765917	0.0183081701001	0.0100509942889	0.0237152990088	0.0704711623555	0.02222526613	-0.0425508270235	-0.011509841235	-0.0934665676298	-0.0256324282833	0.0275132330915	-0.0187969813976	0.00496819027713	-0.029991769428	-0.0568356569994	0.00345754035778	-0.0239448838052	-0.000652511472262
k__Bacteria;p__Firmicutes;c__Clostridia;o__Clostridiales;f__Ruminococcaceae;g__Ruminiclostridium;s__[Eubacterium]_siraeum	-0.0262852978265	-0.0481482870027	-0.0453360840329	-0.017957475289	-0.0429088564411	-0.0234870933635	0.0747153920863	0.011086850556	-0.0768239942398	-0.0245636409626	0.0267641090739	-0.0525257124766	0.0500696224581	0.027678948336	-0.0207133387341	0.0126491661436	0.0405967905096	0.0167537804733	0.00119258253306	-0.09183619856	-0.0182525444378	1.0	-0.0368664224679	-0.0499736569207	0.0374073626521	-0.0623506046957	-0.00166385693936	-0.111887230921	-0.0817141824218	-0.00220342673884	0.0428287169008	-0.0495031660403	0.0683669310203	0.00860519025824	-0.0182819608581	-0.0142665242734	-0.0242945307905	-0.0260629892167	0.0115649378112	0.0243810725658	-0.0672136444591	-0.0363878814559	0.00608663998979	-0.0111166979165	0.0252795244177	0.00146746320856	0.0505599428492	-0.0646030039923	0.0202025679667	0.00302210890008	0.0209221910185	-0.0188734653047	-0.00261683082088	0.0666766222539	0.000829715736659	-0.0911101484318	0.142943978519	0.0131835999508	0.0456705698859
k__Bacteria;p__Proteobacteria;c__Betaproteobacteria;o__Burkholderiales;f__Sutterellaceae;g__Parasutterella;s__Parasutterella_excrementihominis	-0.00924519512778	-0.0209366010615	-0.0407905649065	-0.00254942730302	-0.0142314718872	-0.0370181384994	-0.0603625922009	0.0188212447708	0.0410819311229	-0.0411395382851	-0.0385218445153	-0.0553540201861	-0.032380383517	0.061189583635	0.0230193125141	0.0461190932115	-0.0450252885154	0.0194666221117	0.005997911286	-0.0481395052228	0.0584362643485	-0.0368664224679	1.0	-0.0418511555372	-0.0836838000277	-0.0706791177427	0.0196990903449	-0.0226364643606	-0.0861787210335	-0.023370977743	-0.00322047280612	-0.00627060180419	0.0469808018478	0.103175164359	-0.0123841028248	0.0205524753452	-0.0722146895714	0.00941058525111	0.0441645337975	-0.0163828910518	-0.0128970163927	0.0412932524925	-0.0400742250837	0.0192405885024	-0.0298512597281	-0.0206512733049	-0.0302634913566	0.0138102561401	0.0155848483055	0.0184314598747	0.0398926356738	0.0711276222944	0.020828938092	-0.0411448128197	-0.0326871296257	0.0127785143675	-0.00216602789494	0.0181901775005	0.017920920351
k__Bacteria;p__Actinobacteria;c__Actinobacteria;o__Bifidobacteriales;f__Bifidobacteriaceae;g__Bifidobacterium;s__Bifidobacterium_adolescentis	-0.00986478555621	-0.0747584690867	0.052577246011	-0.00627344536513	0.0497618648987	-0.00295077896861	-0.0429398746969	0.0150155499841	-0.0553662443954	-0.0350924073909	0.0626295780396	-0.0169879774137	0.0630855142642	0.0203620022809	-0.00640315864038	0.0314500850935	0.00461605625004	-0.0496302563998	0.0382501747443	-0.0279568466601	0.0439738499132	-0.0499736569207	-0.0418511555372	1.0	0.0640813211758	-0.0303248206291	-0.0324094964338	0.00872908374189	-0.0378917354461	-0.0270161989543	-0.00891295623334	-0.0300402376145	0.0101680830856	-0.0584405329937	0.00277918951152	0.0260005664354	0.0572513861142	-0.00993161041951	-0.0946053586175	-0.0440366208455	-0.0112202950819	-0.0236787252895	0.00595637286319	-0.0203285235353	0.0167228180534	-0.0882005394948	0.00607467644237	-0.03416362952	-0.0290541102683	-0.094875965308	-0.0221606688763	-0.0530829987442	0.0362797261507	-0.0277381265912	0.0104588541706	0.0236628623178	0.00388070946096	-0.0638366996992	0.0711069902583
k__Bacteria;p__Firmicutes;c__Clostridia;o__Clostridiales;f__Oscillospiraceae;g__Oscillibacter;s__Oscillibacter_sp._KLE_1745	-0.00200773027341	-0.0329418902531	-0.0711262442541	0.0331922453022	0.0458463170256	-0.00526205005545	-0.0503155582652	-0.0200434586344	0.006272004691	0.0387258844747	-0.0139405559956	-0.0558834575036	0.0198240017053	-0.0131816061524	-0.0140766490877	-0.0368145886082	-0.00605910554093	-0.0210051211995	-0.0390384721088	0.0249634600166	-0.0234487127952	0.0374073626521	-0.0836838000277	0.0640813211758	1.0	0.0194602284834	-0.0578884965597	-0.0558945185512	-0.00422410113959	-0.00965692969044	0.102418963713	0.0157430074918	0.030956586552	-0.00367032563827	0.0315555966503	0.0105390469184	-0.0260103118241	-0.0313688079079	0.0270849577893	-0.0302173924542	-0.0879807341339	-0.0156305822303	-0.0339486081495	0.0380958601684	-0.00880660859572	0.0531010411852	0.0139056309333	0.100746828898	-0.0261290167468	0.000367824699708	-0.0285902777174	-0.0273954431478	-0.0165221166482	-0.0477614480938	-0.0818435128551	-0.0571878864768	0.0408147949139	0.0301139648683	-0.0581283051101
k__Bacteria;p__Bacteroidetes;c__Bacteroidia;o__Bacteroidales;f__Bacteroidaceae;g__Bacteroides;s__Bacteroides_coprophilus	-0.0567687397592	0.0408178075663	-0.0178036686303	-0.0158830098795	-0.0376706634415	-0.00739452860352	-0.0409539408898	-0.0187615994391	-0.0238783328387	0.0430928638	0.035032586507	-0.0106592107378	0.0713689706102	-0.00201848022157	-0.0475617957799	0.013867012589	0.051163597606	-0.00982744136629	0.0215728692776	0.00294642698382	-0.126979677061	-0.0623506046957	-0.0706791177427	-0.0303248206291	0.0194602284834	1.0	-0.0220080268183	-0.000310745508227	0.0255176675852	0.00182224259405	-0.0342146431581	-0.00515638554462	0.0017481228011	0.0179701868459	-0.00611957318312	0.0160335801411	0.0696612268908	0.0077038342069	-0.0107815407912	-0.0641631708577	-0.0212070967963	-0.01034147317	-0.0215840099275	-0.0383729897104	0.0298681436573	0.0425041715038	-0.0100390180666	-0.0295836751599	0.0380416730011	0.0164139890844	-0.0280420571912	-0.0133039288687	-0.0124578326507	0.0450261291389	-0.0171839627666	-0.0610764309735	-0.0361718807352	-0.0208953008008	-0.000838344464732
k__Bacteria;p__Firmicutes;c__Clostridia;o__Clostridiales;f__Lachnospiraceae;g__Roseburia;s__Roseburia_intestinalis	-0.0709363347465	-0.0151630198994	-0.0250927183544	0.000918944265496	0.0188540905011	-0.00822880694688	0.0605546832186	0.0377572370666	0.0147102995828	-0.0675080623121	-0.00516640174944	0.0904518243758	-0.00510592894946	-0.0296807668826	0.0670540330869	0.0622440937495	-0.0186208521213	-0.0144336457697	0.0212620736358	-0.0237479082906	0.0677512480795	-0.00166385693936	0.0196990903449	-0.0324094964338	-0.0578884965597	-0.0220080268183	1.0	0.0312971948567	-0.108356390042	0.0406994669298	-0.00297342593852	-0.00964249361775	-0.00375720796556	0.0617040133263	-0.0389483612932	-0.0283094320559	0.0031424138159	-0.0306037818911	-0.0245774447624	0.0304791967413	-0.0779868503016	0.0268550956832	0.0200933014541	-0.0463051892423	0.0119549880719	-0.0653778528138	-0.0601105782247	-0.0100620271813	-0.0229361942667	-0.0328681119082	-0.0133270606772	-0.0726606846101	-0.00474936005541	-0.0210549902897	0.0483433899863	0.00343486375926	-0.0286218596966	-0.0390197820698	-0.0580633677788
k__Bacteria;p__Firmicutes;c__Clostridia;o__Clostridiales;f__Lachnospiraceae;g__Roseburia;s__Roseburia_hominis	0.0242515640473	-0.0630096047868	-0.000818319335339	0.032582689051	-0.0145876481795	0.0854265303889	0.0554378601986	-0.0318794875096	0.0252770555125	0.040481922032	-0.0422505516365	-0.0411166139455	0.0107003709905	0.0190102001462	-0.00638041084575	-0.00277653776969	0.0555847337615	-0.0695910365854	0.0222860034742	-0.00111670199873	-0.042494619885	-0.111887230921	-0.0226364643606	0.00872908374189	-0.0558945185512	-0.000310745508227	0.0312971948567	1.0	-0.00562192966946	0.0109731551211	-0.0507189109399	-0.0103622920427	-0.0297575871499	0.0207354353098	0.0204553957109	-0.00578986373727	-0.017386174754	-0.0158126712158	-0.00379039052	0.0158788451219	0.055162523446	-0.00256762534557	-0.00420197437223	-0.0113453103738	-0.0276328751145	0.01684234165	0.0705776530656	-0.0248106664574	-0.07063383099	-0.0894132175931	-0.0509927907128	-0.0317516836892	-0.0111903627934	-0.024756223848	0.0693365477844	0.00654662614584	-0.0572836506661	-0.0126421507575	-0.0588108045672
k__Bacteria;p__Bacteroidetes;c__Bacteroidia;o__Bacteroidales;f__Porphyromonadaceae;g__Parabacteroides;s__Parabacteroides_johnsonii	0.00283546993497	0.0210103636786	0.0333123335765	0.00117858721973	-0.00450399110441	-0.0309350724701	-0.0327799981443	-0.0189051902613	-0.0326709285017	0.032199851461	-0.0639461324392	-0.0460965677403	0.0224436814617	-0.00148822290498	-0.00184961729138	-0.028333626281	0.0779410897488	0.0109176110617	-0.0737239625554	0.00102031336875	-0.0397478216722	-0.0817141824218	-0.0861787210335	-0.0378917354461	-0.00422410113959	0.0255176675852	-0.108356390042	-0.00562192966946	1.0	-0.010647721985	-0.00472912825801	0.0164532886282	0.0122358263273	-0.0363345746689	-0.0194710458211	0.037524332404	0.0387938167099	0.0322680824033	-0.0272047500904	-0.028444970631	-0.00244818120628	-0.0108971671514	-0.00433068116662	0.00527521438758	0.024828888424	-0.0187772915095	0.0207890891896	0.0163354075683	0.0482265903999	-0.0169975495211	-0.00336396403997	0.0438054105505	0.0280568995581	0.0219249800931	-0.0483929140578	0.0171771931023	-0.108650518093	0.0306798615943	-0.00809032676418
k__Bacteria;p__Actinobacteria;c__Actinobacteria;o__Bifidobacteriales;f__Bifidobacteriaceae;g__Bifidobacterium;s__Bifidobacterium_longum	0.0573312272952	0.0148911782983	0.0489583921705	0.000225161277764	-0.0280477205141	-0.0888962365152	0.0519352808031	0.00583223989267	-0.0253373458202	-0.024291412608	-0.0306358111901	-0.00713688974779	-0.0864684175061	0.05211546476	0.02202986127	-0.0752806997243	-0.000416635463802	-0.0542806302108	-0.00693492902618	0.0307552176448	-0.012262425535	-0.00220342673884	-0.023370977743	-0.0270161989543	-0.00965692969044	0.00182224259405	0.0406994669298	0.0109731551211	-0.010647721985	1.0	0.0339944269219	-0.0151834042814	0.0229929839649	0.0122130952278	-0.0139373585415	-0.0020356276836	0.0021907800053	-0.0312753213523	-0.0123252922097	-0.028704901393	-0.00358555473524	0.0168710950333	-0.0180422629304	-0.0161891997441	-0.0148951788341	0.028788350845	0.031363095248	-0.0782362998847	0.0669550729564	-0.00950389259454	0.0237276068602	-0.0171661591648	-0.0983623871864	-0.0394197669157	0.0144077997286	-0.0122749768264	0.0272848472761	0.0323988514982	-0.0718498699398
