#taxonomy	k__Bacteria;p__Bacteroidetes;c__Bacteroidia;o__Bacteroidales;f__Bacteroidaceae;g__Bacteroides;s__Bacteroides_vulgatus	k__Bacteria;p__Bacteroidetes;c__Bacteroidia;o__Bacteroidales;f__Bacteroidaceae;g__Bacteroides;s__Bacteroides_uniformis	k__Bacteria;p__Bacteroidetes;c__Bacteroidia;o__Bacteroidales;f__Rikenellaceae;g__Alistipes;s__Alistipes_putredinis	k__Bacteria;p__Bacteroidetes;c__Bacteroidia;o__Bacteroidales;f__Prevotellaceae;g__Prevotella;s__Prevotella_copri	k__Bacteria;p__Bacteroidetes;c__Bacteroidia;o__Bacteroidales;f__Bacteroidaceae;g__Bacteroides;s__Bacteroides_stercoris	k__Bacteria;p__Bacteroidetes;c__Bacteroidia;o__Bacteroidales;f__Bacteroidaceae;g__Bacteroides;s__Bacteroides_ovatus	k__Bacteria;p__Bacteroidetes;c__Bacteroidia;o__Bacteroidales;f__Rikenellaceae;g__Alistipes;s__Alistipes_shahii	k__Bacteria;p__Firmicutes;c__Clostridia;o__Clostridiales;f__Ruminococcaceae;g__Faecalibacterium;s__Faecalibacterium_prausnitzii	k__Bacteria;p__Bacteroidetes;c__Bacteroidia;o__Bacteroidales;f__Rikenellaceae;g__Alistipes;s__Alistipes_finegoldii	k__Bacteria;p__Bacteroidetes;c__Bacteroidia;o__Bacteroidales;f__Porphyromonadaceae;g__Parabacteroides;s__Parabacteroides_distasonis	k__Bacteria;p__Bacteroidetes;c__Bacteroidia;o__Bacteroidales;f__Bacteroidaceae;g__Bacteroides;s__Bacteroides_thetaiotaomicron	k__Bacteria;p__Bacteroidetes;c__Bacteroidia;o__Bacteroidales;f__Bacteroidaceae;g__Bacteroides;s__Bacteroides_coprocola	k__Bacteria;p__Bacteroidetes;c__Bacteroidia;o__Bacteroidales;f__Bacteroidaceae;g__Bacteroides;s__Bacteroides_cellulosilyticus	k__Bacteria;p__Bacteroidetes;c__Bacteroidia;o__Bacteroidales;f__Rikenellaceae;g__Alistipes;s__Alistipes_obesi	k__Bacteria;p__Firmicutes;c__Clostridia;o__Clostridiales;f__Lachnospiraceae;g__;s__[Eubacterium]_rectale	k__Bacteria;p__Bacteroidetes;c__Bacteroidia;o__Bacteroidales;f__Bacteroidaceae;g__Bacteroides;s__Bacteroides_plebeius	k__Bacteria;p__Bacteroidetes;c__Bacteroidia;o__Bacteroidales;f__Bacteroidaceae;g__Bacteroides;s__Bacteroides_fragilis	k__Bacteria;p__Proteobacteria;c__Betaproteobacteria;o__Burkholderiales;f__Sutterellaceae;g__Sutterella;s__Sutterella_wadsworthensis	k__Bacteria;p__Bacteroidetes;c__Bacteroidia;o__Bacteroidales;f__Porphyromonadaceae;g__Barnesiella;s__Barnesiella_intestinihominis	k__Bacteria;p__Bacteroidetes;c__Bacteroidia;o__Bacteroidales;f__Odoribacteraceae;g__Odoribacter;s__Odoribacter_splanchnicus	k__Bacteria;p__Bacteroidetes;c__Bacteroidia;o__Bacteroidales;f__Bacteroidaceae;g__Bacteroides;s__Bacteroides_salyersiae	k__Bacteria;p__Firmicutes;c__Clostridia;o__Clostridiales;f__Ruminococcaceae;g__Ruminiclostridium;s__[Eubacterium]_siraeum	k__Bacteria;p__Proteobacteria;c__Betaproteobacteria;o__Burkholderiales;f__Sutterellaceae;g__Parasutterella;s__Parasutterella_excrementihominis	k__Bacteria;p__Actinobacteria;c__Actinobacteria;o__Bifidobacteriales;f__Bifidobacteriaceae;g__Bifidobacterium;s__Bifidobacterium_adolescentis	k__Bacteria;p__Firmicutes;c__Clostridia;o__Clostridiales;f__Oscillospiraceae;g__Oscillibacter;s__Oscillibacter_sp._KLE_1745	k__Bacteria;p__Bacteroidetes;c__Bacteroidia;o__Bacteroidales;f__Bacteroidaceae;g__Bacteroides;s__Bacteroides_coprophilus	k__Bacteria;p__Firmicutes;c__Clostridia;o__Clostridiales;f__Lachnospiraceae;g__Roseburia;s__Roseburia_intestinalis	k__Bacteria;p__Firmicutes;c__Clostridia;o__Clostridiales;f__Lachnospiraceae;g__Roseburia;s__Roseburia_hominis	k__Bacteria;p__Bacteroidetes;c__Bacteroidia;o__Bacteroidales;f__Porphyromonadaceae;g__Parabacteroides;s__Parabacteroides_johnsonii	k__Bacteria;p__Actinobacteria;c__Actinobacteria;o__Bifidobacteriales;f__Bifidobacteriaceae;g__Bifidobacterium;s__Bifidobacterium_longum	k__Bacteria;p__Firmicutes;c__Clostridia;o__Clostridiales;f__;g__Flavonifractor;s__Flavonifractor_plautii	k__Bacteria;p__Firmicutes;c__Clostridia;o__Clostridiales;f__Clostridiaceae;g__Clostridium;s__Clostridium_phoceensis	k__Bacteria;p__Verrucomicrobia;c__Verrucomicrobiae;o__Verrucomicrobiales;f__Akkermansiaceae;g__Akkermansia;s__Akkermansia_muciniphila	k__Bacteria;p__Bacteroidetes;c__Bacteroidia;o__Bacteroidales;f__Prevotellaceae;g__Paraprevotella;s__Paraprevotella_xylaniphila	k__Bacteria;p__Firmicutes;c__Clostridia;o__Clostridiales;f__Ruminococcaceae;g__Ruminococcus;s__Ruminococcus_callidus	k__Bacteria;p__Bacteroidetes;c__Bacteroidia;o__Bacteroidales;f__Rikenellaceae;g__Alistipes;s__Alistipes_senegalensis	k__Bacteria;p__Firmicutes;c__Clostridia;o__Clostridiales;f__Lachnospiraceae;g__Blautia;s__Blautia_sp._KLE_1732	k__Bacteria;p__Bacteroidetes;c__Bacteroidia;o__Bacteroidales;f__Bacteroidaceae;g__Bacteroides;s__Bacteroides_oleiciplenus	k__Bacteria;p__Firmicutes;c__Clostridia;o__Clostridiales;f__Ruminococcaceae;g__Ruminococcus;s__Ruminococcus_bicirculans	k__Bacteria;p__Bacteroidetes;c__Bacteroidia;o__Bacteroidales;f__Bacteroidaceae;g__Bacteroides;s__Bacteroides_fluxus	k__Bacteria;p__Bacteroidetes;c__Bacteroidia;o__Bacteroidales;f__Prevotellaceae;g__Prevotella;s__Prevotella_stercorea	k__Bacteria;p__Firmicutes;c__Clostridia;o__Clostridiales;f__Lachnospiraceae;g__Dorea;s__Dorea_longicatena	k__Bacteria;p__Firmicutes;c__Clostridia;o__Clostridiales;f__Eubacteriaceae;g__Eubacterium;s__[Eubacterium]_eligens	k__Bacteria;p__Firmicutes;c__Clostridia;o__Clostridiales;f__Ruminococcaceae;g__;s__Ruminococcaceae_bacterium_D16	k__Bacteria;p__Firmicutes;c__Clostridia;o__Clostridiales;f__Lachnospiraceae;g__Coprococcus;s__Coprococcus_comes	k__Bacteria;p__Proteobacteria;c__Gammaproteobacteria;o__Enterobacterales;f__Enterobacteriaceae;g__Escherichia;s__Escherichia_coli	k__Bacteria;p__Firmicutes;c__Clostridia;o__Clostridiales;f__Ruminococcaceae;g__Anaerotruncus;s__Anaerotruncus_colihominis	k__Bacteria;p__Firmicutes;c__Clostridia;o__Clostridiales;f__Lachnospiraceae;g__Blautia;s__Blautia_obeum	k__Bacteria;p__Bacteroidetes;c__Bacteroidia;o__Bacteroidales;f__Odoribacteraceae;g__Odoribacter;s__Odoribacter_laneus	k__Bacteria;p__Firmicutes;c__Clostridia;o__Clostridiales;f__Ruminococcaceae;g__Ruminiclostridium;s__[Clostridium]_leptum	k__Bacteria;p__Bacteroidetes;c__Bacteroidia;o__Bacteroidales;f__Porphyromonadaceae;g__Parabacteroides;s__Parabacteroides_goldsteinii	k__Bacteria;p__Firmicutes;c__Clostridia;o__Clostridiales;f__Lachnospiraceae;g__Anaerostipes;s__Anaerostipes_hadrus	k__Bacteria;p__Firmicutes;c__Clostridia;o__Clostridiales;f__Ruminococcaceae;g__Ruminococcus;s__Ruminococcus_lactaris	k__Bacteria;p__Firmicutes;c__Clostridia;o__Clostridiales;f__Clostridiaceae;g__Clostridium;s__Clostridium_sp._L2-50	k__Bacteria;p__Firmicutes;c__Clostridia;o__Clostridiales;f__Clostridiaceae;g__Clostridium;s__Clostridium_sp._M62/1	k__Bacteria;p__Firmicutes;c__Clostridia;o__Clostridiales;f__;g__Intestinimonas;s__Intestinimonas_butyriciproducens	k__Bacteria;p__Actinobacteria;c__Actinobacteria;o__Bifidobacteriales;f__Bifidobacteriaceae;g__Bifidobacterium;s__Bifidobacterium_bifidum	k__Bacteria;p__Firmicutes;c__Negativicutes;o__Veillonellales;f__Veillonellaceae;g__Dialister;s__Dialister_invisus	k__Bacteria;p__Bacteroidetes;c__Bacteroidia;o__Bacteroidales;f__Bacteroidaceae;g__Bacteroides;s__Bacteroides_salanitronis
k__Bacteria;p__Bacteroidetes;c__Bacteroidia;o__Bacteroidales;f__Bacteroidaceae;g__Bacteroides;s__Bacteroides_vulgatus	1.0	-0.0187609839808	-0.0358343522614	-0.0235772292797	-0.00397495422448	-0.0343084537067	-0.00176264576079	0.0173105755929	0.0443037467114	0.000271040957115	-0.057158880308	-0.0110617750303	0.0225179594624	-0.0113414069967	0.016213733341	0.0738783854986	0.0258425174587	-0.0217593228964	-0.0449234585822	0.0343896804521	0.0155462444079	-0.0180767976099	0.0357842794032	0.000806441949527	-0.0283803076197	0.0155760115753	0.0938938378059	0.068962322811	-0.00101682961881	-0.0174898143974	-0.00751319330578	-0.0453876143022	-0.103621964611	-0.0536786944157	0.0365743016749	-0.0224709360529	-0.0538525442988	0.047778349913	-0.0438687765478	0.00291595789666	-0.0441448976079	0.0138997337247	0.026081975968	-0.0520296968204	0.0423145495736	-0.0185907340674	0.00124772775211	-0.0148799412085	-0.0218777913495	-0.0384755537524	-0.0154138184315	-0.0183801001566	-0.0266896522407	-0.0101597524155	-0.000570605414875	0.0668266722424	0.0159940554951	0.0112508667337	0.0447643064231
k__Bacteria;p__Bacteroidetes;c__Bacteroidia;o__Bacteroidales;f__Bacteroidaceae;g__Bacteroides;s__Bacteroides_uniformis	-0.0187609839808	1.0	-0.0311277841404	-0.0166721167026	-0.0244709724452	0.0176078650691	0.0218517535841	-0.0139946587055	0.0447726614876	0.0343505888135	-0.0601274941657	0.0125742026974	-0.0304072643872	0.0366626451081	0.0589079365382	-0.0236882112045	0.0415714547364	0.03578737371	-0.00121939461153	-0.0112055880657	-0.0488387529505	-0.0953100172968	0.0309110904454	-0.0288328928781	0.0290938751776	-0.00919388875123	-0.00135335549172	0.0145857863987	-0.0309811343606	-0.0088182851196	-0.00661140796655	-0.0206470105678	0.0647592635642	0.0091947922282	0.0155980465561	-0.0753642900734	0.029784937367	-0.00217929075734	-0.0163703837339	0.010300681013	-0.0122212780521	0.0305323055845	0.0473108895207	0.0416015999129	0.0411048133127	0.0202549409778	-0.055861086464	-0.0371504020996	0.0174184744513	-0.0196023747895	-0.0691413099152	-0.0227233323972	0.0174870623661	0.0884768191051	-0.0134561570877	-0.000378125027479	-0.0153038233805	-0.0327840891649	-0.0162108108092
k__Bacteria;p__Bacteroidetes;c__Bacteroidia;o__Bacteroidales;f__Rikenellaceae;g__Alistipes;s__Alistipes_putredinis	-0.0358343522614	-0.0311277841404	1.0	-0.0454427500897	0.000823157886703	-0.0528334973772	0.11326761119	-0.0166272849769	-0.0836121004437	-0.0460557410067	-0.0877437727239	-0.0666696125506	0.0445242405642	0.013151960297	-0.0108960041454	-0.0462977999503	0.0457960486147	-0.00557120641664	0.0632160923034	0.0522380223942	0.0119144828902	-0.0305837756129	0.00195337433492	-0.0698590286492	-0.0407113284363	-0.0518842034395	-0.0269397728505	0.000776157935221	0.00503056604281	-0.0255940652269	0.00406197685305	0.042839624355	-0.00275720211147	-0.0273258444363	-0.0201699255866	-0.0498045277672	0.0598328260716	-0.0164952761047	0.0440685421163	-0.010687710485	0.0456888858858	-0.00360786451302	-0.0521471317175	-0.0375209432248	-0.0716984533861	-0.11812844843	0.0323699548883	-0.0735371804473	0.0145932002483	-0.0562913199833	0.0142857333095	-0.00579504099204	0.055208933076	0.00214079956154	0.0800625467817	-0.0170703119674	-0.0193128860188	0.0190885505923	-0.0514366099409
k__Bacteria;p__Bacteroidetes;c__Bacteroidia;o__Bacteroidales;f__Prevotellaceae;g__Prevotella;s__Prevotella_copri	-0.0235772292797	-0.0166721167026	-0.0454427500897	1.0	0.000964547712527	0.047581079406	-0.00154486102309	-0.0481583111529	0.0139828593361	-0.00641000402239	0.0413824352425	-0.0162690699585	-0.0217287394471	-0.0296851161281	-0.0649393166138	0.0219646202112	0.0798879010843	0.0106799556147	-0.0707489053055	0.0244001416374	0.00694424318393	0.0304051138714	-0.0612706138336	0.0272705061714	0.0539129538223	-0.0118866508591	0.0342108682939	-0.012327979014	-0.0527041798353	-0.0622059594358	-0.0447665411819	-0.0230358647427	-0.0396528203987	-0.0139645871964	-0.0811825612572	0.0464720765424	0.0157446924862	-0.028045000343	-0.0247478074706	-0.0221603549441	-0.044540912592	0.0283472866278	-0.0373289124515	-0.0274488347518	0.0442021117663	-0.0512511179903	0.0014708815792	-0.0319314759319	-0.0244128504695	-0.0488697701623	-0.0623125655948	-0.00937127335358	0.0400061477127	0.0207074341704	-0.00221529267186	-0.0456845528821	-0.0282055531283	0.0139328637921	0.0216513131727
k__Bacteria;p__Bacteroidetes;c__Bacteroidia;o__Bacteroidales;f__Bacteroidaceae;g__Bacteroides;s__Bacteroides_stercoris	-0.00397495422448	-0.0244709724452	0.000823157886703	0.000964547712527	1.0	-0.00761959055809	0.0360158180049	0.0713078222024	-0.0116255844542	-0.0430072704503	-0.0546569146266	0.0136101630999	-0.0546480249417	0.0157235784221	-0.0164406963024	0.0670084804962	-0.0684065030881	-0.0115122391297	-0.00880909515523	-0.0138854956047	0.00675899052422	-0.0515520935566	-0.00626346520168	-0.0430981319509	0.0380755813132	0.0378799249408	0.0130085994987	-0.0530494540326	0.0120799795151	-0.0157695618565	-0.0173195529046	-0.0540042572109	0.00148562980391	-0.00960186107134	-0.00945664629365	0.0264564290192	-0.0426991816911	-0.0288613573107	0.0391681338459	-0.00780158679903	-0.0181820633145	-0.0937560016796	-0.00568659609604	0.0397382953933	-0.000568096485869	-0.0488358556977	-0.0301212580154	-0.0708177986504	-0.0148785371705	-0.050730709854	-0.0718176462713	0.0641220025767	-0.00464251421783	0.00988936634756	-0.0577058628234	-0.0104179017874	-0.0688760498585	-0.00192003036733	0.0533879476382
k__Bacteria;p__Bacteroidetes;c__Bacteroidia;o__Bacteroidales;f__Bacteroidaceae;g__Bacteroides;s__Bacteroides_ovatus	-0.0343084537067	0.0176078650691	-0.0528334973772	0.047581079406	-0.00761959055809	1.0	-0.0274572425576	-0.0234217334227	-0.00760020087497	0.0123411818732	0.0115127774324	0.00397370973647	-0.0223710344433	-0.0262622502863	-0.0422373726069	0.00361281355519	-0.052899265905	-0.0148998045157	-0.0093150896274	-0.0559415360843	0.0163467819988	-0.0150995315871	-0.0489867152786	-0.027804163506	0.0569375853583	-0.0335580290073	-0.0537290191449	0.0124565980648	-0.0354420580028	0.0675099469374	-0.010755952622	0.0364110729784	0.0175652987576	-0.0336416732625	0.00279920096243	-0.0401950789777	-0.0393909157955	-0.0606746081711	0.00910026029201	-0.0416182785092	0.0425878884243	0.0180757103942	0.046264584219	-0.0308140998804	-0.0665801982305	-0.0233630837892	-0.014343256964	-0.0288837841311	0.0120976569617	-0.0314579344909	0.00802556811704	-0.0495430104504	-0.0256608322549	-0.0452048776318	-0.0294135570265	-0.0105031909778	0.0261013274163	0.0172965567182	0.0109802686672
k__Bacteria;p__Bacteroidetes;c__Bacteroidia;o__Bacteroidales;f__Rikenellaceae;g__Alistipes;s__Alistipes_shahii	-0.00176264576079	0.0218517535841	0.11326761119	-0.00154486102309	0.0360158180049	-0.0274572425576	1.0	0.0142856984907	0.0167703736516	-0.084942508719	-0.00807134306579	-0.0140777419979	0.0281208884762	0.0316829668423	0.0201708052985	-0.00117403510361	-0.0244499118368	0.000912382969629	-0.0320469524365	-0.0214113948429	-0.0153966854832	0.0240080613732	-0.0895961714372	0.0237451574235	-0.0244763208387	-0.0111141624022	0.00728290438902	-0.00812871945304	-0.00557625268956	0.0421612508677	-0.0459688785359	-0.00789723411917	-0.0345168497613	-0.00315515395758	0.00621750730451	-0.0242936774438	-0.00134340779947	0.0162731757262	0.0316985181375	-0.0191381531841	-0.0447974230077	-0.0379489044091	-0.0699832291738	0.0213846358268	-0.0100981563639	0.0402232474313	-0.0322735862308	-0.024125259468	-0.0354612095086	-0.00278879770375	0.0348608257892	-0.0392635429298	-0.0137346453937	-0.0276562994987	0.0168822745858	-0.0269598064434	-0.0395897846213	-0.0468592763424	0.019352288983
k__Bacteria;p__Firmicutes;c__Clostridia;o__Clostridiales;f__Ruminococcaceae;g__Faecalibacterium;s__Faecalibacterium_prausnitzii	0.0173105755929	-0.0139946587055	-0.0166272849769	-0.0481583111529	0.0713078222024	-0.0234217334227	0.0142856984907	1.0	0.00668882659038	-0.0377496816862	-0.00106672669453	0.0103061741266	-0.0343600312516	0.0446344045257	0.00660795183478	0.0422784682011	-0.0530353368467	-0.014531151165	0.0268021078993	0.0373033983943	-0.061852990534	0.0190433915492	-0.00302363387223	-0.0845733471679	-0.047307648919	-0.0295599430905	0.0487993781737	0.00139600950987	-0.012179759151	0.025835663592	-0.0342439392555	-0.00492737247838	0.00857141860093	0.0268183889501	-0.00550227828901	-0.0841415934934	-0.0385701579248	-0.00890308981294	-0.0708309743199	0.00193788361886	-0.0191486284431	-0.00146645272258	0.0278180820929	-0.0549134315469	0.0100703755966	-0.0315883196523	0.00871629327414	0.00846339682199	0.0361542059934	-0.0391782937975	-0.0546914403671	0.0313547008316	0.0185878764063	0.00882358609288	-0.0118948619816	-0.0335186033031	0.00105762070395	0.00525807489705	-0.0810669384211
k__Bacteria;p__Bacteroidetes;c__Bacteroidia;o__Bacteroidales;f__Rikenellaceae;g__Alistipes;s__Alistipes_finegoldii	0.0443037467114	0.0447726614876	-0.0836121004437	0.0139828593361	-0.0116255844542	-0.00760020087497	0.0167703736516	0.00668882659038	1.0	0.018287682329	0.00914839064661	-0.0812136489158	0.0443767755933	-0.0201173528617	0.0118963427945	0.129191042412	-0.066318516635	0.0439708513526	0.0313738362378	-0.0356220861441	0.059262973211	-0.0219472800428	-0.057690880602	-0.0172308174057	0.00248198341786	0.00694886857888	0.0401068056053	-0.0173129939213	0.0957218144147	-0.0234084226435	0.054920742555	0.0874018792038	0.0612570564923	-0.0296614189743	-0.027095411355	0.0198119768673	0.0152404955921	-0.0134973794218	-0.0219921004803	-0.0804604438306	-0.024539192508	0.0167051334873	-0.0488778822171	-0.0183429135319	0.0245336501168	-0.0244552313338	0.0215294232905	-0.105969456013	-0.0399267398081	-0.0274620632242	0.0154989550804	0.021094943262	-0.0505213931912	0.0203008906213	-0.0323462779013	-0.0295019809543	-0.0053119753682	-0.0548360370657	-0.0216054522633
k__Bacteria;p__Bacteroidetes;c__Bacteroidia;o__Bacteroidales;f__Porphyromonadaceae;g__Parabacteroides;s__Parabacteroides_distasonis	0.000271040957115	0.0343505888135	-0.0460557410067	-0.00641000402239	-0.0430072704503	0.0123411818732	-0.084942508719	-0.0377496816862	0.018287682329	1.0	0.0112139565869	0.0178103128956	-0.00208379886666	0.00727981882754	0.0274000633666	-0.0172530906404	-0.00396261000447	-0.0243790956538	-0.0531928359409	-0.00613357121951	-0.0220730669451	0.040400039192	-0.0382561030366	-0.0414466096961	-0.0167502623685	0.0115531185597	-0.0646536047595	-0.0194017529878	-0.0249173673142	0.045924990027	0.0283302189121	-0.0533882365394	-0.0660779423418	-0.0195915432193	0.0138960805281	-0.0274116654688	-0.0945475936082	0.0509641670627	-0.041030078886	-0.0436114254426	0.0426551567916	0.0208203894018	-0.0186176274155	0.0134006178659	-0.0186252858109	-0.002477812896	0.0212049472148	0.0102325434259	0.0150518736826	-0.0401064775515	0.0154379944779	0.0298577472727	-0.0172294088719	-0.033266948956	0.0424404457624	-0.0269742446297	0.0395905144169	0.019873815735	-0.0414925426208
k__Bacteria;p__Bacteroidetes;c__Bacteroidia;o__Bacteroidales;f__Bacteroidaceae;g__Bacteroides;s__Bacteroides_thetaiotaomicron	-0.057158880308	-0.0601274941657	-0.0877437727239	0.0413824352425	-0.0546569146266	0.0115127774324	-0.00807134306579	-0.00106672669453	0.00914839064661	0.0112139565869	1.0	0.00850858586995	-0.0315158185911	-0.0120030209422	0.0277368521476	0.0188792707029	0.0183549807195	-0.0391517020516	-0.0906340355747	0.0494135633049	-0.0128125247718	-0.0523892387268	0.0322944857753	0.0644713619843	-0.0205849431451	-0.0270482054029	-0.0635628468563	-0.00182780904934	0.00144179963291	-0.00207857649545	-0.023976702592	-0.037897910791	0.0027464120596	-0.0157352841728	-0.0596305408923	0.0767623181169	-0.0338256625596	-0.0147011411934	-0.0117168064977	0.00516206096108	-0.0371255395958	-0.00592153404212	-0.0321325673268	0.0144471418602	-0.045714811909	-0.0288385856097	-0.0490379061738	0.0499092027639	0.0245169317133	0.0787296030065	0.0259838456942	-0.0162083192375	0.0313860831223	-0.0167233944862	-0.0609695148985	-0.000407153907471	-0.0242375446205	-0.0565809861935	-0.0275136892197
k__Bacteria;p__Bacteroidetes;c__Bacteroidia;o__Bacteroidales;f__Bacteroidaceae;g__Bacteroides;s__Bacteroides_coprocola	-0.0110617750303	0.0125742026974	-0.0666696125506	-0.0162690699585	0.0136101630999	0.00397370973647	-0.0140777419979	0.0103061741266	-0.0812136489158	0.0178103128956	0.00850858586995	1.0	-0.00353153091959	-0.0732068817834	-0.00645551223863	-0.026737660249	0.0533498507096	-0.0265360330794	-0.0143797152065	0.0297562023578	-0.0139801573448	-0.00250612727314	0.0201707750806	-0.014493320938	0.0317509431984	-0.0206631399191	-0.0752386280576	-0.0474511722987	1.66486446903e-05	0.0368650918375	-0.0211665941483	-0.0400299996602	0.0605333273894	-0.00663063747242	0.0132343949904	-0.00884853529544	-0.0165478793091	-0.0268632205125	-0.000657892167171	0.0336542062099	0.0129791155699	0.0481222450888	0.0447039950207	-5.7671539298e-05	0.0202249057192	-0.0586688150632	-0.0173604274665	0.0139701787357	-0.0416903374307	-0.0538602359222	0.0619762437548	-0.0298327361852	-0.0181087122371	0.00734670810223	-0.0348087607977	-0.0180713232536	-0.0650252424836	-0.0282508262107	-2.80572514123e-05
k__Bacteria;p__Bacteroidetes;c__Bacteroidia;o__Bacteroidales;f__Bacteroidaceae;g__Bacteroides;s__Bacteroides_cellulosilyticus	0.0225179594624	-0.0304072643872	0.0445242405642	-0.0217287394471	-0.0546480249417	-0.0223710344433	0.0281208884762	-0.0343600312516	0.0443767755933	-0.00208379886666	-0.0315158185911	-0.00353153091959	1.0	0.0168341704225	-0.0747097870015	-0.00739250008956	-0.00163849283529	-0.00836530859878	0.00887491680073	-0.0020888461105	-0.0294188478581	-0.00895752798424	-0.0155355856671	-0.00418253124954	-0.0834927877221	0.0339253793564	0.0287793133251	-0.00189290441711	0.0498781752709	-0.0360543407377	-0.0399299976318	0.0476155019354	0.0292593994912	-0.0592619873651	0.00628823752092	0.0265119922189	-0.0211313365316	-0.0115576035797	0.00856740392427	0.00585119367181	-0.0341704590751	-0.0214196493642	-0.0276999283984	-0.0477222649088	0.0423564151329	-0.0463265188123	-0.0428711555424	-0.0255869554906	0.000471047991014	-0.0321575824259	-0.0392882633999	-0.0349221446404	-0.026586650218	-0.0560690398385	0.0205431950662	-2.05387619763e-05	0.0479872679246	0.0150672873471	-0.0604063144252
k__Bacteria;p__Bacteroidetes;c__Bacteroidia;o__Bacteroidales;f__Rikenellaceae;g__Alistipes;s__Alistipes_obesi	-0.0113414069967	0.0366626451081	0.013151960297	-0.0296851161281	0.0157235784221	-0.0262622502863	0.0316829668423	0.0446344045257	-0.0201173528617	0.00727981882754	-0.0120030209422	-0.0732068817834	0.0168341704225	1.0	0.0200004493699	-0.0564203478884	-0.0539118888151	-0.0135910517014	0.0864164133312	0.012273897691	-0.0517108112778	-0.0521953542548	-0.0297637569195	0.0302991004127	-0.0121674956739	5.86954769507e-05	-0.0143551641786	-0.0329852658061	0.00710659548513	0.0525287798965	-0.0110276032218	0.0427598487313	-0.0398610992601	0.00596305989899	-0.0079270460657	0.0226441369763	0.0284274069896	-0.000331228339347	-0.00588512462176	0.00353689586668	-0.0607314086143	0.0179328837059	-0.0564571940495	0.0114719323874	-0.0125296135453	0.00658745368358	-0.00773306329075	0.0313578877858	0.0542338267089	-0.00889714436149	0.0187803951874	-0.0759897955427	0.0342075760632	-0.0435108660481	0.00917455517977	-0.0052739056224	-0.00371017699853	-0.00406109914997	-0.0348979215623
k__Bacteria;p__Firmicutes;c__Clostridia;o__Clostridiales;f__Lachnospiraceae;g__;s__[Eubacterium]_rectale	0.016213733341	0.0589079365382	-0.0108960041454	-0.0649393166138	-0.0164406963024	-0.0422373726069	0.0201708052985	0.00660795183478	0.0118963427945	0.0274000633666	0.0277368521476	-0.00645551223863	-0.0747097870015	0.0200004493699	1.0	-0.0517810267793	-0.0370867106183	0.0478608560673	-0.0423136596874	-0.0205369883567	-0.0154159887291	-0.0125091783207	-0.0754620200576	-0.0335985060971	0.0253881391767	-0.0185910317454	0.0279239311036	-0.066645649087	-0.0378447355352	0.0312492137231	0.00619462915637	0.0519874409492	0.0279837536405	0.0141142675341	0.0340505079672	-0.0109122837026	-0.0417477984179	0.00937603705752	-0.0427524267665	-0.0342442632189	-0.0123254229649	-0.0229027795236	0.0462937896722	-0.0131369692912	0.0397343020722	-0.00209203388397	-0.0492641755924	-0.0275559014311	-0.0716872802407	0.00222800474014	-0.0537594419363	-0.0147767113435	-0.00341618238561	-0.0211123405023	0.0156433893702	-0.0350294301057	-0.0182995443768	-0.0990518546194	-0.0365569711876
k__Bacteria;p__Bacteroidetes;c__Bacteroidia;o__Bacteroidales;f__Bacteroidaceae;g__Bacteroides;s__Bacteroides_plebeius	0.0738783854986	-0.0236882112045	-0.0462977999503	0.0219646202112	0.0670084804962	0.00361281355519	-0.00117403510361	0.0422784682011	0.129191042412	-0.0172530906404	0.0188792707029	-0.026737660249	-0.00739250008956	-0.0564203478884	-0.0517810267793	1.0	0.00760413074822	-0.0324177228945	0.053332696955	-0.0189014536381	0.0133564453101	0.0022702374418	-0.0659734746921	-0.0345901870965	-0.0592110058644	-0.0546331228041	-0.00834049044859	0.0146815587383	-0.0380395681862	-0.0482772412976	0.011229870322	-0.00965693606071	-0.0185733380806	-0.0117066672931	-0.0379769498957	-0.00456080854617	0.0258874334715	-0.040615751222	-0.00678209815616	0.00172354030296	0.0201935685607	0.0114798864531	0.0644043332324	0.0118416582806	-0.00838091842549	0.0462102511973	-0.00207565438994	-0.0518082673702	0.0442302247241	-0.0235572387506	-0.0117934877676	0.0416077134123	0.00348275425846	-0.0210592761081	-0.023812469076	-0.0456173510172	0.0326070147038	-0.00244742428566	-0.0537267521072
k__Bacteria;p__Bacteroidetes;c__Bacteroidia;o__Bacteroidales;f__Bacteroidaceae;g__Bacteroides;s__Bacteroides_fragilis	0.0258425174587	0.0415714547364	0.0457960486147	0.0798879010843	-0.0684065030881	-0.052899265905	-0.0244499118368	-0.0530353368467	-0.066318516635	-0.00396261000447	0.0183549807195	0.0533498507096	-0.00163849283529	-0.0539118888151	-0.0370867106183	0.00760413074822	1.0	-0.0515160934376	-0.0165837247909	-0.0266386115083	0.0129412411754	0.102337041704	0.0323621001729	-0.0019873780568	-0.0634897618903	0.0309690423587	0.0115878394894	0.0166710584853	-0.00667780604877	0.0250885841697	0.0266404653471	-0.0186525675516	0.0522437731744	-0.0341094655919	-0.019899774101	0.0274471088305	0.00991975754299	-0.0724939309056	0.00109977700152	0.0396155271703	-0.0193404011518	0.024532047104	-0.0634902731473	0.00646757711261	0.0172473223201	0.0191549337567	-0.0321916056014	0.00799649452245	-0.0510505395841	0.0264402253543	-0.0135466777638	-0.0667787216524	-0.00358381169807	-0.0253840598555	0.0362908976952	-0.00428161897011	-0.0338658563106	0.0357326685433	0.00952339167769
k__Bacteria;p__Proteobacteria;c__Betaproteobacteria;o__Burkholderiales;f__Sutterellaceae;g__Sutterella;s__Sutterella_wadsworthensis	-0.0217593228964	0.03578737371	-0.00557120641664	0.0106799556147	-0.0115122391297	-0.0148998045157	0.000912382969629	-0.014531151165	0.0439708513526	-0.0243790956538	-0.0391517020516	-0.0265360330794	-0.00836530859878	-0.0135910517014	0.0478608560673	-0.0324177228945	-0.0515160934376	1.0	-0.0289283050649	-0.0144217249139	-0.0156691220027	0.0275060377174	0.0626516475583	0.00368718532106	-0.0201920989469	0.01398154284	-0.0705356265913	-0.0644928561747	0.0244770780511	0.0134615624319	-0.0228583007185	0.0119151209746	0.0511570300201	-0.00514504067924	0.0130728563857	-0.0179909784027	0.00630881888775	0.0549167480623	0.0418474029457	-0.0194321595593	0.0126141168115	-0.0376276680136	-0.00932766066325	0.00806260724132	-0.0103875496967	-0.0144298696591	0.0301554286047	-0.0870043643261	-0.000531825925372	-0.0421367803007	0.0093989429011	0.0600406998505	-0.00386712075606	-0.0448790824	0.00637940772322	-0.0187676568158	-0.0602260585258	-0.0326875434951	-0.0364956020052
k__Bacteria;p__Bacteroidetes;c__Bacteroidia;o__Bacteroidales;f__Porphyromonadaceae;g__Barnesiella;s__Barnesiella_intestinihominis	-0.0449234585822	-0.00121939461153	0.0632160923034	-0.0707489053055	-0.00880909515523	-0.0093150896274	-0.0320469524365	0.0268021078993	0.0313738362378	-0.0531928359409	-0.0906340355747	-0.0143797152065	0.00887491680073	0.0864164133312	-0.0423136596874	0.053332696955	-0.0165837247909	-0.0289283050649	1.0	-0.0388867763077	-0.0955261730258	0.00428202439503	0.0417678990539	0.0473045691824	-0.0243209300161	0.00757215777683	-0.0309404111432	0.0563754142709	-0.0324235398584	0.0268914802352	-0.0240136699875	-0.0115923823484	-0.0452655901904	-0.0159514083242	-0.0172740653996	-0.0423483653325	-0.0316134867403	-0.0128090424461	0.00578196317775	0.00845063717376	-0.0669424677514	0.0650482977873	-0.0364651687777	-0.00256508602079	-0.0212614816634	0.0405607136432	-0.0254706559737	-0.0252902702464	-0.00306306874192	-0.0601075917858	0.0175540683811	0.0243583453012	-0.0169137020005	-0.0521855068448	-0.0342517078218	-0.00979660564056	0.0338862312209	0.013525108895	0.027480208758
k__Bacteria;p__Bacteroidetes;c__Bacteroidia;o__Bacteroidales;f__Odoribacteraceae;g__Odoribacter;s__Odoribacter_splanchnicus	0.0343896804521	-0.0112055880657	0.0522380223942	0.0244001416374	-0.0138854956047	-0.0559415360843	-0.0214113948429	0.0373033983943	-0.0356220861441	-0.00613357121951	0.0494135633049	0.0297562023578	-0.0020888461105	0.012273897691	-0.0205369883567	-0.0189014536381	-0.0266386115083	-0.0144217249139	-0.0388867763077	1.0	-0.0605755703475	-0.00524839238083	0.0280807586085	-0.0345946419792	-0.0181544570556	-0.0433985872624	0.0300766319506	-0.0180182567429	-0.00307080031362	-0.0268198250659	-0.00774772060081	0.00831254694232	-0.0817193175693	0.00273277266101	-0.0425183482974	0.0215502944873	-0.00575047869011	-0.0139410749844	-0.0173442936969	-0.0349962296744	0.0455130368228	-0.0308597946191	-0.0255466013392	-0.0246516567601	-0.00752087099846	-0.0352613963007	0.016102585471	0.0101535972467	-0.0489979042778	0.052478096666	0.0114794770557	0.0562029267486	-0.0091203655301	0.0130808694853	-0.00877028151976	-0.0182356259268	-0.0516996744569	0.051520579439	0.0031708075654
k__Bacteria;p__Bacteroidetes;c__Bacteroidia;o__Bacteroidales;f__Bacteroidaceae;g__Bacteroides;s__Bacteroides_salyersiae	0.0155462444079	-0.0488387529505	0.0119144828902	0.00694424318393	0.00675899052422	0.0163467819988	-0.0153966854832	-0.061852990534	0.059262973211	-0.0220730669451	-0.0128125247718	-0.0139801573448	-0.0294188478581	-0.0517108112778	-0.0154159887291	0.0133564453101	0.0129412411754	-0.0156691220027	-0.0955261730258	-0.0605755703475	1.0	-0.0629010854321	-0.0316886839853	-0.0411112859798	0.00551802246903	0.00437486875934	0.00525334655964	-0.0555257433392	-0.00358951260596	0.0421567943556	-0.0208876504056	0.0207687780642	-0.0785422199479	-0.031013654734	0.0212877210918	-0.0102256371647	0.011126070012	0.112437502979	-0.0402355693523	0.025776381017	0.000440442643161	0.0313626177533	-0.00218088847616	0.0193744281327	0.00116492183264	0.0378508258827	-0.000258295857486	-0.0919097639027	-0.00348963220357	-0.0301554078156	0.0501370547016	0.0250690071868	0.0435947979676	0.0338092835907	0.0358639458469	-0.0323001710881	-0.041273361495	-0.00533381090726	-0.0239090041736
k__Bacteria;p__Firmicutes;c__Clostridia;o__Clostridiales;f__Ruminococcaceae;g__Ruminiclostridium;s__[Eubacterium]_siraeum	-0.0180767976099	-0.0953100172968	-0.0305837756129	0.0304051138714	-0.0515520935566	-0.0150995315871	0.0240080613732	0.0190433915492	-0.0219472800428	0.040400039192	-0.0523892387268	-0.00250612727314	-0.00895752798424	-0.0521953542548	-0.0125091783207	0.0022702374418	0.102337041704	0.0275060377174	0.00428202439503	-0.00524839238083	-0.0629010854321	1.0	-0.0292546859854	-0.0321231235643	0.0150997641499	0.0334501050775	-0.0773919130039	-0.0288315825062	0.0240715853427	-0.000795230098367	-0.0456766359062	0.0243915789911	-9.39003010033e-05	0.025203118199	-0.0157874734602	-0.0942227024283	-0.0267527311709	-0.0311568027244	0.00363164263296	0.0201492492387	0.00846122343821	-0.0385961808455	-0.0161047262725	0.00932629259118	-0.0408610059418	-0.04977919031	-0.0201236402496	-0.0045861506337	0.00615811651851	0.0184436468339	-0.0275814808349	-0.00811398816972	0.0238751568665	-0.0222202861715	-0.0304925755443	0.00563048425322	-0.0537983818605	0.0897552864918	0.0153820504201
k__Bacteria;p__Proteobacteria;c__Betaproteobacteria;o__Burkholderiales;f__Sutterellaceae;g__Parasutterella;s__Parasutterella_excrementihominis	0.0357842794032	0.0309110904454	0.00195337433492	-0.0612706138336	-0.00626346520168	-0.0489867152786	-0.0895961714372	-0.00302363387223	-0.057690880602	-0.0382561030366	0.0322944857753	0.0201707750806	-0.0155355856671	-0.0297637569195	-0.0754620200576	-0.0659734746921	0.0323621001729	0.0626516475583	0.0417678990539	0.0280807586085	-0.0316886839853	-0.0292546859854	1.0	-0.0732126662492	-0.00921022627758	-0.0186203154203	-0.0137145021791	-0.0731560949864	-0.00844588533881	-0.0796407446937	-0.0126127351324	-0.036865508835	-0.124449696581	-0.0570410376059	-0.0141302566778	0.0117356785615	0.0578663966607	-0.0456429676091	-0.00489834354856	0.00975488797524	-0.044283313153	-0.0526536231222	-0.0707449823317	-0.0515699208406	0.0154065575373	0.0358884273518	-0.00259462567859	-0.00404350823303	0.0039693724756	-0.0181457526336	0.0472578586135	0.0329653406888	0.0222215658685	0.0675615275555	-0.0418655384494	-0.0110148487387	-0.00900641630481	-0.0122471082772	0.057569692261
k__Bacteria;p__Actinobacteria;c__Actinobacteria;o__Bifidobacteriales;f__Bifidobacteriaceae;g__Bifidobacterium;s__Bifidobacterium_adolescentis	0.000806441949526	-0.0288328928781	-0.0698590286492	0.0272705061714	-0.0430981319509	-0.027804163506	0.0237451574235	-0.0845733471679	-0.0172308174057	-0.0414466096961	0.0644713619843	-0.014493320938	-0.00418253124954	0.0302991004127	-0.0335985060971	-0.0345901870965	-0.0019873780568	0.00368718532106	0.0473045691824	-0.0345946419792	-0.0411112859798	-0.0321231235643	-0.0732126662492	1.0	0.0230931465027	-0.0211959822583	0.0355238776046	0.0216799912639	0.0414932236687	-0.0245535219365	0.0939742291817	-0.0379215174467	-0.0193470430399	-0.0267654658243	0.000178689905126	-0.0174428802314	-0.00530922314556	0.0116800131527	0.0243978759068	0.002151365134	0.0134446009024	0.0383164114722	-0.0677479807153	-0.0463349938407	-0.0177945943616	0.000224742442747	0.00119209212226	0.0061166414348	-0.00503339849854	0.044647393982	0.0103768207299	0.0680242693031	-0.0399440781316	0.00834886898004	-0.00489942380214	-0.027045852584	-0.00984019183371	-0.0628388698916	0.0324799682001
k__Bacteria;p__Firmicutes;c__Clostridia;o__Clostridiales;f__Oscillospiraceae;g__Oscillibacter;s__Oscillibacter_sp._KLE_1745	-0.0283803076197	0.0290938751776	-0.0407113284363	0.0539129538223	0.0380755813132	0.0569375853583	-0.0244763208387	-0.047307648919	0.00248198341786	-0.0167502623685	-0.0205849431451	0.0317509431984	-0.0834927877221	-0.0121674956739	0.0253881391767	-0.0592110058644	-0.0634897618903	-0.0201920989469	-0.0243209300161	-0.0181544570556	0.00551802246903	0.0150997641499	-0.00921022627758	0.0230931465027	1.0	0.0231046602232	0.037227799184	-0.0319850802741	0.00336205416483	-0.0112872274339	-0.0304566946526	-0.00499216678246	-0.010384475808	-0.0424035196672	-0.0179396237678	0.0387427335823	-0.0426008736607	-0.055937026314	0.0369970669907	-0.0426494053045	-0.0070427183888	0.0154386935227	-0.00774793543197	-0.00780814427029	0.0229160612884	-0.0480858654495	-0.0276479148588	-0.0173276425707	-0.0576933829213	-0.0251326725063	0.00999721871649	0.0326541185028	-0.0306966583491	-0.0186860410606	-0.0302341093275	-0.0142464248546	-0.0115237613099	-0.0298268394743	0.0162624765326
k__Bacteria;p__Bacteroidetes;c__Bacteroidia;o__Bacteroidales;f__Bacteroidaceae;g__Bacteroides;s__Bacteroides_coprophilus	0.0155760115753	-0.00919388875123	-0.0518842034395	-0.0118866508591	0.0378799249408	-0.0335580290073	-0.0111141624022	-0.0295599430905	0.00694886857888	0.0115531185597	-0.0270482054029	-0.0206631399191	0.0339253793564	5.86954769508e-05	-0.0185910317454	-0.0546331228041	0.0309690423587	0.01398154284	0.00757215777683	-0.0433985872624	0.00437486875934	0.0334501050775	-0.0186203154203	-0.0211959822583	0.0231046602232	1.0	0.00106033357318	-0.00656198626217	-0.060083894704	0.0618379870656	-0.0410414298645	0.0672094914049	-0.034630454199	0.0034196523696	0.0461525992945	-0.0822363689658	-0.0355052713819	-0.0126311512193	-0.0580071523297	0.0175759310411	-0.0241370913186	0.0130079943992	0.0365442984266	0.0680223071515	-0.0379221210293	-0.0531252570531	0.0138940099687	0.0405422539812	-0.0102069862062	-0.0847028812721	0.00715062092392	-0.00312334073505	0.0260015855702	0.00527891061671	0.0206348546149	-0.0233798155847	-0.00338889946674	0.00121913377307	0.0567636256593
k__Bacteria;p__Firmicutes;c__Clostridia;o__Clostridiales;f__Lachnospiraceae;g__Roseburia;s__Roseburia_intestinalis	0.0938938378059	-0.00135335549172	-0.0269397728505	0.0342108682939	0.0130085994987	-0.0537290191449	0.00728290438902	0.0487993781737	0.0401068056053	-0.0646536047595	-0.0635628468563	-0.0752386280576	0.0287793133251	-0.0143551641786	0.0279239311036	-0.00834049044859	0.0115878394894	-0.0705356265913	-0.0309404111432	0.0300766319506	0.00525334655964	-0.0773919130039	-0.0137145021791	0.0355238776046	0.037227799184	0.00106033357318	1.0	-0.0363178204292	0.00702668305852	-0.0211028426039	-0.0818216133367	0.00374602346847	-0.0533633150482	0.0282484972239	0.0531991861219	-0.0201684659046	0.0288858166708	-0.0447093190778	-0.0135551039539	-0.013464405499	-0.0854997755293	0.0205684565636	-0.0555552405917	-0.0182605171748	-0.0360895900028	0.0285955628726	-0.00337336834962	-0.0107137285912	-0.00358734149939	0.00559400221052	-0.00419534521012	0.0248187306043	-0.00590756601691	0.0230973692484	0.0178861339057	-0.00796854578424	0.0169265668165	-0.00215339038739	-0.0119846815545
k__Bacteria;p__Firmicutes;c__Clostridia;o__Clostridiales;f__Lachnospiraceae;g__Roseburia;s__Roseburia_hominis	0.068962322811	0.0145857863987	0.000776157935221	-0.012327979014	-0.0530494540326	0.0124565980648	-0.00812871945304	0.00139600950987	-0.0173129939213	-0.0194017529878	-0.00182780904934	-0.0474511722987	-0.00189290441711	-0.0329852658061	-0.066645649087	0.0146815587383	0.0166710584853	-0.0644928561747	0.0563754142709	-0.0180182567429	-0.0555257433392	-0.0288315825062	-0.0731560949864	0.0216799912639	-0.0319850802741	-0.00656198626217	-0.0363178204292	1.0	0.0138934909259	0.00610268914871	-0.0152055055489	0.0209228916134	-0.0167153632341	-0.0219257609092	0.0214966357188	0.0551248971691	0.0706622300537	-0.0435298387771	-0.00478384048737	0.0260034181493	-0.0731425208598	0.0448245899618	0.0163852900504	-0.0363276709742	-0.00670837628758	-0.0130840229967	-0.0505127775201	0.063143765158	0.000293852731403	0.000543412605514	-0.0281116380605	-0.00386498807773	0.0662125617415	0.0039387867529	-0.0483446739695	0.0246672533097	0.059738136695	-0.0195893982647	0.0266820014124
k__Bacteria;p__Bacteroidetes;c__Bacteroidia;o__Bacteroidales;f__Porphyromonadaceae;g__Parabacteroides;s__Parabacteroides_johnsonii	-0.00101682961881	-0.0309811343606	0.00503056604281	-0.0527041798353	0.0120799795151	-0.0354420580028	-0.00557625268956	-0.012179759151	0.0957218144147	-0.0249173673142	0.00144179963291	1.66486446903e-05	0.0498781752709	0.00710659548513	-0.0378447355352	-0.0380395681862	-0.00667780604877	0.0244770780511	-0.0324235398584	-0.00307080031362	-0.00358951260596	0.0240715853427	-0.00844588533881	0.0414932236687	0.00336205416483	-0.060083894704	0.00702668305852	0.0138934909259	1.0	-0.0379177760812	-0.0193224348323	-0.0988780069831	-0.0258652301847	-0.0704777369342	0.0076893420684	0.0655380579644	-0.019349605817	0.00327632672556	0.0641619599599	0.0925424201685	-0.0432935695853	-0.025361761853	-0.050375746221	-0.00325051682921	-0.0279885168157	-0.0139781850699	0.0257500426459	-0.000250359089739	0.0377063057943	-0.0318087125796	0.0833404661314	0.0353669645437	-0.0174316269966	-0.0313437092135	0.0503027928491	-0.0265064020034	-0.0722778338091	0.010030317949	0.0206849487936
k__Bacteria;p__Actinobacteria;c__Actinobacteria;o__Bifidobacteriales;f__Bifidobacteriaceae;g__Bifidobacterium;s__Bifidobacterium_longum	-0.0174898143974	-0.0088182851196	-0.0255940652269	-0.0622059594358	-0.0157695618565	0.0675099469374	0.0421612508677	0.025835663592	-0.0234084226435	0.045924990027	-0.00207857649545	0.0368650918375	-0.0360543407377	0.0525287798965	0.0312492137231	-0.0482772412976	0.0250885841697	0.0134615624319	0.0268914802352	-0.0268198250659	0.0421567943556	-0.000795230098367	-0.0796407446937	-0.0245535219365	-0.0112872274339	0.0618379870656	-0.0211028426039	0.00610268914871	-0.0379177760812	1.0	-0.05388252327	-0.0922916680793	-0.023688894376	-0.0375877670336	0.0102139816719	0.0182066257263	-0.0209272338285	0.0326306314222	0.0241471960693	-0.0392385817339	0.0245045459697	-0.0318597655988	-0.00872841496571	-0.0198108009544	-0.00303738611974	-0.00516218261137	0.00999578080447	-0.0375381754603	0.019888864032	-0.0170823775736	-0.0095801059125	-0.0138756882628	0.0251118534552	-0.0169187156972	0.00388081240157	-0.0114297418468	-0.0251122589227	0.0159323353991	-0.0134568977218
