#taxonomy	k__Bacteria;p__Bacteroidetes;c__Bacteroidia;o__Bacteroidales;f__Bacteroidaceae;g__Bacteroides;s__Bacteroides_vulgatus	k__Bacteria;p__Bacteroidetes;c__Bacteroidia;o__Bacteroidales;f__Bacteroidaceae;g__Bacteroides;s__Bacteroides_uniformis	k__Bacteria;p__Bacteroidetes;c__Bacteroidia;o__Bacteroidales;f__Rikenellaceae;g__Alistipes;s__Alistipes_putredinis	k__Bacteria;p__Bacteroidetes;c__Bacteroidia;o__Bacteroidales;f__Prevotellaceae;g__Prevotella;s__Prevotella_copri	k__Bacteria;p__Bacteroidetes;c__Bacteroidia;o__Bacteroidales;f__Bacteroidaceae;g__Bacteroides;s__Bacteroides_stercoris	k__Bacteria;p__Bacteroidetes;c__Bacteroidia;o__Bacteroidales;f__Bacteroidaceae;g__Bacteroides;s__Bacteroides_ovatus	k__Bacteria;p__Bacteroidetes;c__Bacteroidia;o__Bacteroidales;f__Rikenellaceae;g__Alistipes;s__Alistipes_shahii	k__Bacteria;p__Firmicutes;c__Clostridia;o__Clostridiales;f__Ruminococcaceae;g__Faecalibacterium;s__Faecalibacterium_prausnitzii	k__Bacteria;p__Bacteroidetes;c__Bacteroidia;o__Bacteroidales;f__Rikenellaceae;g__Alistipes;s__Alistipes_finegoldii	k__Bacteria;p__Bacteroidetes;c__Bacteroidia;o__Bacteroidales;f__Porphyromonadaceae;g__Parabacteroides;s__Parabacteroides_distasonis	k__Bacteria;p__Bacteroidetes;c__Bacteroidia;o__Bacteroidales;f__Bacteroidaceae;g__Bacteroides;s__Bacteroides_thetaiotaomicron	k__Bacteria;p__Bacteroidetes;c__Bacteroidia;o__Bacteroidales;f__Bacteroidaceae;g__Bacteroides;s__Bacteroides_coprocola	k__Bacteria;p__Bacteroidetes;c__Bacteroidia;o__Bacteroidales;f__Bacteroidaceae;g__Bacteroides;s__Bacteroides_cellulosilyticus	k__Bacteria;p__Bacteroidetes;c__Bacteroidia;o__Bacteroidales;f__Rikenellaceae;g__Alistipes;s__Alistipes_obesi	k__Bacteria;p__Firmicutes;c__Clostridia;o__Clostridiales;f__Lachnospiraceae;g__;s__[Eubacterium]_rectale	k__Bacteria;p__Bacteroidetes;c__Bacteroidia;o__Bacteroidales;f__Bacteroidaceae;g__Bacteroides;s__Bacteroides_plebeius	k__Bacteria;p__Bacteroidetes;c__Bacteroidia;o__Bacteroidales;f__Bacteroidaceae;g__Bacteroides;s__Bacteroides_fragilis	k__Bacteria;p__Proteobacteria;c__Betaproteobacteria;o__Burkholderiales;f__Sutterellaceae;g__Sutterella;s__Sutterella_wadsworthensis	k__Bacteria;p__Bacteroidetes;c__Bacteroidia;o__Bacteroidales;f__Porphyromonadaceae;g__Barnesiella;s__Barnesiella_intestinihominis	k__Bacteria;p__Bacteroidetes;c__Bacteroidia;o__Bacteroidales;f__Odoribacteraceae;g__Odoribacter;s__Odoribacter_splanchnicus	k__Bacteria;p__Bacteroidetes;c__Bacteroidia;o__Bacteroidales;f__Bacteroidaceae;g__Bacteroides;s__Bacteroides_salyersiae	k__Bacteria;p__Firmicutes;c__Clostridia;o__Clostridiales;f__Ruminococcaceae;g__Ruminiclostridium;s__[Eubacterium]_siraeum	k__Bacteria;p__Proteobacteria;c__Betaproteobacteria;o__Burkholderiales;f__Sutterellaceae;g__Parasutterella;s__Parasutterella_excrementihominis	k__Bacteria;p__Actinobacteria;c__Actinobacteria;o__Bifidobacteriales;f__Bifidobacteriaceae;g__Bifidobacterium;s__Bifidobacterium_adolescentis	k__Bacteria;p__Firmicutes;c__Clostridia;o__Clostridiales;f__Oscillospiraceae;g__Oscillibacter;s__Oscillibacter_sp._KLE_1745	k__Bacteria;p__Bacteroidetes;c__Bacteroidia;o__Bacteroidales;f__Bacteroidaceae;g__Bacteroides;s__Bacteroides_coprophilus	k__Bacteria;p__Firmicutes;c__Clostridia;o__Clostridiales;f__Lachnospiraceae;g__Roseburia;s__Roseburia_intestinalis	k__Bacteria;p__Firmicutes;c__Clostridia;o__Clostridiales;f__Lachnospiraceae;g__Roseburia;s__Roseburia_hominis	k__Bacteria;p__Bacteroidetes;c__Bacteroidia;o__Bacteroidales;f__Porphyromonadaceae;g__Parabacteroides;s__Parabacteroides_johnsonii	k__Bacteria;p__Actinobacteria;c__Actinobacteria;o__Bifidobacteriales;f__Bifidobacteriaceae;g__Bifidobacterium;s__Bifidobacterium_longum	k__Bacteria;p__Firmicutes;c__Clostridia;o__Clostridiales;f__;g__Flavonifractor;s__Flavonifractor_plautii	k__Bacteria;p__Firmicutes;c__Clostridia;o__Clostridiales;f__Clostridiaceae;g__Clostridium;s__Clostridium_phoceensis	k__Bacteria;p__Verrucomicrobia;c__Verrucomicrobiae;o__Verrucomicrobiales;f__Akkermansiaceae;g__Akkermansia;s__Akkermansia_muciniphila	k__Bacteria;p__Bacteroidetes;c__Bacteroidia;o__Bacteroidales;f__Prevotellaceae;g__Paraprevotella;s__Paraprevotella_xylaniphila	k__Bacteria;p__Firmicutes;c__Clostridia;o__Clostridiales;f__Ruminococcaceae;g__Ruminococcus;s__Ruminococcus_callidus	k__Bacteria;p__Bacteroidetes;c__Bacteroidia;o__Bacteroidales;f__Rikenellaceae;g__Alistipes;s__Alistipes_senegalensis	k__Bacteria;p__Firmicutes;c__Clostridia;o__Clostridiales;f__Lachnospiraceae;g__Blautia;s__Blautia_sp._KLE_1732	k__Bacteria;p__Bacteroidetes;c__Bacteroidia;o__Bacteroidales;f__Bacteroidaceae;g__Bacteroides;s__Bacteroides_oleiciplenus	k__Bacteria;p__Firmicutes;c__Clostridia;o__Clostridiales;f__Ruminococcaceae;g__Ruminococcus;s__Ruminococcus_bicirculans	k__Bacteria;p__Bacteroidetes;c__Bacteroidia;o__Bacteroidales;f__Bacteroidaceae;g__Bacteroides;s__Bacteroides_fluxus	k__Bacteria;p__Bacteroidetes;c__Bacteroidia;o__Bacteroidales;f__Prevotellaceae;g__Prevotella;s__Prevotella_stercorea	k__Bacteria;p__Firmicutes;c__Clostridia;o__Clostridiales;f__Lachnospiraceae;g__Dorea;s__Dorea_longicatena	k__Bacteria;p__Firmicutes;c__Clostridia;o__Clostridiales;f__Eubacteriaceae;g__Eubacterium;s__[Eubacterium]_eligens	k__Bacteria;p__Firmicutes;c__Clostridia;o__Clostridiales;f__Ruminococcaceae;g__;s__Ruminococcaceae_bacterium_D16	k__Bacteria;p__Firmicutes;c__Clostridia;o__Clostridiales;f__Lachnospiraceae;g__Coprococcus;s__Coprococcus_comes	k__Bacteria;p__Proteobacteria;c__Gammaproteobacteria;o__Enterobacterales;f__Enterobacteriaceae;g__Escherichia;s__Escherichia_coli	k__Bacteria;p__Firmicutes;c__Clostridia;o__Clostridiales;f__Ruminococcaceae;g__Anaerotruncus;s__Anaerotruncus_colihominis	k__Bacteria;p__Firmicutes;c__Clostridia;o__Clostridiales;f__Lachnospiraceae;g__Blautia;s__Blautia_obeum	k__Bacteria;p__Bacteroidetes;c__Bacteroidia;o__Bacteroidales;f__Odoribacteraceae;g__Odoribacter;s__Odoribacter_laneus	k__Bacteria;p__Firmicutes;c__Clostridia;o__Clostridiales;f__Ruminococcaceae;g__Ruminiclostridium;s__[Clostridium]_leptum	k__Bacteria;p__Bacteroidetes;c__Bacteroidia;o__Bacteroidales;f__Porphyromonadaceae;g__Parabacteroides;s__Parabacteroides_goldsteinii	k__Bacteria;p__Firmicutes;c__Clostridia;o__Clostridiales;f__Lachnospiraceae;g__Anaerostipes;s__Anaerostipes_hadrus	k__Bacteria;p__Firmicutes;c__Clostridia;o__Clostridiales;f__Ruminococcaceae;g__Ruminococcus;s__Ruminococcus_lactaris	k__Bacteria;p__Firmicutes;c__Clostridia;o__Clostridiales;f__Clostridiaceae;g__Clostridium;s__Clostridium_sp._L2-50	k__Bacteria;p__Firmicutes;c__Clostridia;o__Clostridiales;f__Clostridiaceae;g__Clostridium;s__Clostridium_sp._M62/1	k__Bacteria;p__Firmicutes;c__Clostridia;o__Clostridiales;f__;g__Intestinimonas;s__Intestinimonas_butyriciproducens	k__Bacteria;p__Actinobacteria;c__Actinobacteria;o__Bifidobacteriales;f__Bifidobacteriaceae;g__Bifidobacterium;s__Bifidobacterium_bifidum	k__Bacteria;p__Firmicutes;c__Negativicutes;o__Veillonellales;f__Veillonellaceae;g__Dialister;s__Dialister_invisus	k__Bacteria;p__Bacteroidetes;c__Bacteroidia;o__Bacteroidales;f__Bacteroidaceae;g__Bacteroides;s__Bacteroides_salanitronis
k__Bacteria;p__Bacteroidetes;c__Bacteroidia;o__Bacteroidales;f__Bacteroidaceae;g__Bacteroides;s__Bacteroides_vulgatus	1.0	-0.0860542572225	-0.0289598334085	-0.0230446139782	-0.0603797553002	0.000322768467719	-0.00464425793062	0.00218166923655	-0.00408087258599	-0.0348679174283	-0.0153474515092	-0.0340836185946	-0.0410270184907	0.00504455730234	0.0662275094812	0.000774966584683	0.0108292071234	-0.0119621916316	0.0355230266456	0.00820540698183	0.000657686284274	0.00660090754234	-0.0228523883784	0.028070045855	-0.00271346747077	-0.0364977795613	0.00237866079465	-0.0549044753578	0.0253037995564	-0.00141947108737	0.0146926109391	0.00475541936593	-0.0438558556393	-0.0160640381457	0.0352134002874	0.0132143123906	-0.0219094622783	0.0572282595843	-0.00496266062478	0.0156879978932	-0.0365964956987	0.0129700009014	-0.057098310058	0.0648963395082	-0.0237374050164	0.0167065582065	0.0217345709173	-0.0135323353278	-0.0443799663718	-0.010247973969	0.063170055514	-0.0355130392964	0.0270943111236	-0.0260899429642	-0.0051575570703	-0.0213192194022	0.00818743016934	-0.0236688164221	0.022038541038
k__Bacteria;p__Bacteroidetes;c__Bacteroidia;o__Bacteroidales;f__Bacteroidaceae;g__Bacteroides;s__Bacteroides_uniformis	-0.0860542572225	1.0	-0.0050379373942	0.0120751620293	-0.0392950894676	0.0405581015762	-0.0406100750772	-0.0289359610922	-0.0391092592712	0.0207061643267	-0.00400354576728	0.0305010283457	0.00511752626713	0.0129678627729	-0.038229267658	-0.031468059789	-0.00186219281664	0.0204496685961	0.00933243105672	0.00961442170118	-0.00304376761587	-0.0554136158746	-0.00379832428506	-0.0120865524173	-0.0343850187124	0.0147652667677	-0.0810748588885	-0.0618374955893	-0.0159331677863	-0.0278000917164	-0.015597452263	-0.0373012682037	0.0177755598318	0.0792275796802	-0.0529076805169	-0.0258989515193	0.0181608939861	0.0407401491916	-0.0350020303302	0.0501888501076	0.034501775417	0.021027815692	-0.0413451988696	0.0581685245653	-0.0418792959989	-0.026420715809	0.0265521017472	0.0419210457081	-0.0247022482864	-0.00921412194609	-0.0302144745172	-0.0196126207019	-0.0631082540747	-0.0494687195546	-0.00572404976398	0.00694871275735	-0.0441495584935	-0.0193671379629	-0.0552621348155
k__Bacteria;p__Bacteroidetes;c__Bacteroidia;o__Bacteroidales;f__Rikenellaceae;g__Alistipes;s__Alistipes_putredinis	-0.0289598334085	-0.0050379373942	1.0	0.0314278783713	-0.0723211380434	-0.0402467215292	0.0314476187684	-0.019800102504	0.0105704166508	-0.0773682790462	-0.00273776383878	-0.00932286078733	-0.0168114057797	0.0493999864764	-0.0462703568526	-0.026253736945	-0.05125204961	0.0251041441952	0.0152375120456	-0.0353950237594	0.0384042052126	0.0418743565765	0.00523556026917	0.0499640776404	0.0174059001036	0.0242395654498	-0.0777599458068	0.0670533356318	-0.0486005522555	0.00140861346385	-0.0412146140618	-0.00963119219423	0.00970009963948	0.000799104618419	0.00341390862505	0.0636470680363	0.0544317414494	-0.00188681122946	-0.0312432926731	-0.0150194606873	-0.0326752212312	0.00438164841354	-0.0642189334742	-0.0592823729675	0.0337618860565	-0.0166649253253	-0.00706186330087	0.0185037724337	-0.0742711923991	-0.0764222883549	-0.0371376896763	0.0110479257413	-0.0309223489002	-0.0270365464643	-0.056633295162	0.00895365505037	0.00469662150471	0.0458296552547	-0.0632717740518
k__Bacteria;p__Bacteroidetes;c__Bacteroidia;o__Bacteroidales;f__Prevotellaceae;g__Prevotella;s__Prevotella_copri	-0.0230446139782	0.0120751620293	0.0314278783713	1.0	-0.00608402997688	-0.0254384219112	0.0140246166504	-0.00822707346315	0.035401861332	0.0155628317382	0.0252107786092	0.0522689289251	0.00068712382603	-0.040996728649	0.00567911216779	0.0240837078634	-0.0165241056567	-0.0207553111154	-0.02224384642	-0.00334902646072	0.000111026014146	-0.0198074013681	-0.0214431813039	-0.0555693074059	0.041722977574	0.0291168195	-0.00175671148855	0.00486535967575	-0.0404567319167	-0.0168372305623	-0.0407275060546	-0.0196215909294	0.024584263232	0.0106183900564	-0.0633487638512	-0.00332412533706	-0.0198421200038	0.0321778113734	0.0549133259279	-0.0526940178569	0.0183130976899	-0.0296157164644	-0.0630022181396	0.0436868782195	-0.0216060275845	-0.0133419486992	-0.0361165662097	0.00749073406108	0.0448614764789	-0.0709801012553	0.0286336816408	0.03519042313	0.0567427057635	0.0258679968308	0.0230451548742	-0.0395839664012	-0.0187168543196	-0.0485999522748	-0.0356891698566
k__Bacteria;p__Bacteroidetes;c__Bacteroidia;o__Bacteroidales;f__Bacteroidaceae;g__Bacteroides;s__Bacteroides_stercoris	-0.0603797553002	-0.0392950894676	-0.0723211380434	-0.00608402997688	1.0	-0.0491348967887	-8.95874270421e-05	0.00165288159132	0.027916165477	-0.0170660109361	0.000122987209609	-0.0668410879147	0.0226323819796	-0.0450543128304	0.0211549108486	0.0312239015905	-0.0275385434723	-0.0643419595832	0.0468267009038	0.0368753443335	-0.0383374849595	0.0631344895883	-0.0467405826708	0.00420470419405	0.0684656351521	-0.0569321099966	-0.0270558866059	-0.0265595354322	-0.00479257406503	0.0256403106155	0.0127228940389	0.048411533774	0.067960227939	0.0462277399721	-0.0402403371127	-0.056234680179	0.0569461135613	-0.0337531599975	-0.00235715226841	-0.00744698897047	-0.0306598155359	0.0167522711355	0.00550802264097	0.0170807421446	-0.0635889719986	-0.0759268427663	-0.0190272745621	0.0389829168248	0.0489420733031	-0.0363593729366	-0.0411202270221	0.000626769326002	0.00629899689462	0.021752484937	-0.0619685085372	-0.0260507672771	0.0263088126199	-0.0116648951563	-0.026802963286
k__Bacteria;p__Bacteroidetes;c__Bacteroidia;o__Bacteroidales;f__Bacteroidaceae;g__Bacteroides;s__Bacteroides_ovatus	0.000322768467719	0.0405581015762	-0.0402467215292	-0.0254384219112	-0.0491348967887	1.0	0.00719897170467	0.068135964664	0.00866396461658	-0.0434784767849	-0.0345564643297	-0.0172882742508	-0.0702389316517	0.0053337935164	0.00734995471621	-0.023569690219	-0.047409804119	0.0509702318284	0.00269727791828	0.0566185973475	0.0941727732257	-0.024011849562	0.0349031202952	-0.043255363967	-0.0158598346979	-0.00683116043945	0.0987432036105	-0.0303569484618	-0.0103358700168	-0.00673409436597	0.000966268484852	0.00268118063873	-0.0135004958832	-0.0321820477384	-0.0363223632268	-0.0456545938084	-0.0798067167391	-8.78065204713e-05	-0.0161276333586	-0.0404224129055	-0.0484935040924	-0.0376148722168	0.0236094470948	-0.00698706632368	-0.0553252128679	-0.0111769365504	-0.0379631340654	0.039972944101	0.0391735665195	-0.0292336840885	-0.0524664028531	0.0373174567512	0.13136493586	0.000736263730809	-0.00905076951615	0.0493666205308	-0.00917490049927	-0.00602436128292	-0.0375728452905
k__Bacteria;p__Bacteroidetes;c__Bacteroidia;o__Bacteroidales;f__Rikenellaceae;g__Alistipes;s__Alistipes_shahii	-0.00464425793062	-0.0406100750772	0.0314476187684	0.0140246166504	-8.95874270421e-05	0.00719897170467	1.0	-0.0124157269893	-0.0293915369576	-0.0134895592709	-0.0122865386529	-0.019204335935	-0.0360160971065	0.0265200730811	-0.00882752335879	-0.0675511997765	-0.020158548094	-0.02227276056	0.0688139549917	0.0172398112705	0.0376757170049	-0.0581788125641	-0.019446916532	-0.0262680697637	0.00767284385847	-0.0156299806366	-0.0332180187161	-0.0224690787658	0.00978534177657	-0.046830148385	-0.0275513292443	-0.0431714522852	0.00211876079562	-0.0358829867832	0.00243946864973	0.00371408868212	-0.0389013332358	-0.00904768487369	-0.050803651175	-0.00870543583917	0.0441638894083	-0.00196696793369	-0.00974275159108	-0.0181995252841	0.0340177384742	0.0577551082393	-0.00966452234907	-0.0399268839669	-0.0538062237988	-0.0549505076759	0.00344511947434	-0.0392209921088	-0.023413958112	0.0429522819416	-0.0196050653718	-0.0262086856733	0.0394955886003	-0.0458890667515	-0.0273564999689
k__Bacteria;p__Firmicutes;c__Clostridia;o__Clostridiales;f__Ruminococcaceae;g__Faecalibacterium;s__Faecalibacterium_prausnitzii	0.00218166923655	-0.0289359610922	-0.019800102504	-0.00822707346315	0.00165288159132	0.068135964664	-0.0124157269893	1.0	-0.00272842586244	-0.0113416212874	0.00698807541042	-0.0337186765371	-0.0216119415438	-0.0850424196308	0.0240487305034	0.0627714985724	0.0244971984445	0.00942010509485	-0.065315373538	0.000479328575475	-0.0108379139468	0.0509300784001	0.038666624947	-0.0602556728162	0.0409964595726	0.00194514191848	-0.0228506789401	0.0526220980097	0.00712176554838	-0.0290731540185	0.0034626190213	-0.0561654514779	-0.00761178856682	-0.00360682527551	0.0288837339114	-0.0263041902299	0.0223978918063	0.0200844443388	0.0199077573169	-0.0571548067884	-0.0314701191977	0.0250832121126	-0.0145376645367	-0.0500220508657	-0.0561028787297	0.0599599336965	-0.0144103517865	-0.0770227988755	0.0229408062377	-0.0336907370362	-0.0383562927678	-0.0642165437945	-0.00264490982178	0.00364886741527	-0.0363846643385	-0.0377171833964	-0.0465349259004	0.0235862793036	-0.0326075696278
k__Bacteria;p__Bacteroidetes;c__Bacteroidia;o__Bacteroidales;f__Rikenellaceae;g__Alistipes;s__Alistipes_finegoldii	-0.00408087258599	-0.0391092592712	0.0105704166508	0.035401861332	0.027916165477	0.00866396461658	-0.0293915369576	-0.00272842586244	1.0	0.042137908794	-0.0378713790307	-0.0407890290105	-0.0126975157543	-0.0603848338821	0.00336188164199	-0.0513753438667	-0.0422736992509	-0.0209868648852	-0.00166717387283	0.0210584757589	0.0339675141502	-0.000752463644187	-0.024978628014	0.0387774420586	0.0341351702811	-0.0877887611728	0.000987124187629	-0.0104474569177	-0.0116827333332	0.0127078700476	-0.0178643580247	-0.0244970307931	0.0158374245896	0.0405222373297	0.000258550606257	-0.0270966318259	-0.0127035968545	-0.0325271541469	-0.00274621802323	-0.00529316594313	-0.0351468744694	0.0102726911631	0.0108058668513	0.00150846749294	0.021977921273	-0.0241725188298	-0.0321837068424	0.0521768057956	-0.0477949672411	-0.0621756711182	0.0283387491518	-0.0228786526471	0.0397671277433	0.0327188406139	-0.0241898290784	-0.0739392495905	-0.00591089022788	-0.0426089150319	-0.0271629316324
k__Bacteria;p__Bacteroidetes;c__Bacteroidia;o__Bacteroidales;f__Porphyromonadaceae;g__Parabacteroides;s__Parabacteroides_distasonis	-0.0348679174283	0.0207061643267	-0.0773682790462	0.0155628317382	-0.0170660109361	-0.0434784767849	-0.0134895592709	-0.0113416212874	0.042137908794	1.0	-0.00739034908242	0.031842592625	-0.0169061468905	-0.054226775089	-0.0120788731727	-0.0337436985418	0.0206685154619	-0.0309809275944	0.0425437128435	-0.0830149967905	-0.0385990427804	0.0640959115155	-0.0577425868018	-0.0125482078855	-0.0113956444297	-0.00859572594431	0.0288182095368	-0.0228600030467	0.031615988319	0.016019873036	0.033401253934	-0.0471319571607	-0.00679834333092	0.0012896225211	-0.0127984227583	-0.00406144910739	0.0152728985137	-0.0586025155992	-0.00896126513621	-0.0340246938793	0.0300412125403	0.0512373061135	-0.0495618318889	0.0118542042317	-0.0207447509708	-0.0962343009586	0.000574245979643	0.0419905670651	0.0154595268406	0.0989387886351	0.0109140393782	-0.0187463572295	-0.0131029435031	-0.0031532626024	-0.0389559133348	-0.00071808832197	-0.0638962924346	0.0282553207259	0.00462993478365
k__Bacteria;p__Bacteroidetes;c__Bacteroidia;o__Bacteroidales;f__Bacteroidaceae;g__Bacteroides;s__Bacteroides_thetaiotaomicron	-0.0153474515092	-0.00400354576728	-0.00273776383878	0.0252107786092	0.000122987209609	-0.0345564643297	-0.0122865386529	0.00698807541042	-0.0378713790307	-0.00739034908242	1.0	0.014750116504	-0.00195125107053	0.0108630579487	-0.00124370727577	-0.00479121287111	-0.0143361799747	-0.0419438585237	-0.0140769962965	-0.0188143531708	-0.0427509288739	0.0116668318539	-0.0366146316846	0.0251617446492	0.0362460467516	-0.0303445292725	0.0199077946267	-0.066678888108	-0.0173713839669	0.0251102371553	0.05634517392	0.00726991392865	0.0571134359628	-0.0762728629133	0.018833672597	-0.0446977610074	-0.00838671118264	-0.0451508316669	0.00225844472181	0.00114193131883	0.00510063726066	0.0519485135243	-0.0156474846225	-0.00170256033551	0.0214649282055	-0.0582821482597	-0.0159790761378	-0.0197536275495	-0.028578006404	-0.060684003788	-0.0402766177585	0.0730306673295	0.0424949311134	0.0261059363411	0.0362128618617	-0.0105847052981	0.0355088050378	-0.056964296667	0.0499963671078
k__Bacteria;p__Bacteroidetes;c__Bacteroidia;o__Bacteroidales;f__Bacteroidaceae;g__Bacteroides;s__Bacteroides_coprocola	-0.0340836185946	0.0305010283457	-0.00932286078733	0.0522689289251	-0.0668410879147	-0.0172882742508	-0.019204335935	-0.0337186765371	-0.0407890290105	0.031842592625	0.014750116504	1.0	0.0202006322984	-0.0832255107054	-0.0427237385942	-0.0182271279754	0.00941538680216	0.036778248454	0.013549202509	0.017092656528	-0.0235029775394	0.0161049699315	0.0244996797736	-0.0853938071311	0.0423138012711	0.0332044615626	-0.0227679875437	-0.00524986960396	0.00509263801658	0.025822725663	0.0693810149107	-0.0446680478748	-0.0321656485866	-0.00704422016211	-0.068536697978	-0.0409122676853	0.0253975551463	0.0548571030671	-0.0257737404803	-0.0134311799314	0.0208904051962	0.0277082496407	-0.0727929879416	-0.00251335282118	0.00549232481434	-0.0314181600013	-0.00889445469407	-0.00465991233935	0.0423502526808	-0.00784713039245	0.033884754536	0.0113189041297	-0.0494353106966	-0.032946783635	0.00612251100794	-0.0154713900682	0.0234516199188	-0.0718476638783	-0.0363197456858
k__Bacteria;p__Bacteroidetes;c__Bacteroidia;o__Bacteroidales;f__Bacteroidaceae;g__Bacteroides;s__Bacteroides_cellulosilyticus	-0.0410270184907	0.00511752626713	-0.0168114057797	0.00068712382603	0.0226323819796	-0.0702389316517	-0.0360160971065	-0.0216119415438	-0.0126975157543	-0.0169061468905	-0.00195125107053	0.0202006322984	1.0	-0.00737704670594	-0.0414727986999	0.0184149942372	0.0117105640314	0.0129209288031	0.0207610131243	-0.0255117519477	-0.00097715459166	0.0156050268343	0.0742348552029	-0.00841148937548	-0.0865972767476	-0.0561202714581	-0.000941357318121	0.0245575353872	0.0371683123237	-0.0309923760004	-0.0231274346142	-0.03395992107	0.0415300688039	-0.0492710258117	0.0138409779653	0.0209835443978	-0.0455604305849	0.0263026612514	0.0149969240219	0.0664822043461	0.0131165609421	0.00862812575833	-0.00310546535835	-0.0506992535248	-0.0134783959216	0.0378741666854	-0.0198541751329	-0.0655660393026	0.0442484485078	0.0389052343442	-0.0232103342769	-0.0235546766498	-0.0307804370571	-0.0126695753554	0.0202157759197	-0.0570170375	-0.00436828767548	-0.00179715961852	-0.0298179765114
k__Bacteria;p__Bacteroidetes;c__Bacteroidia;o__Bacteroidales;f__Rikenellaceae;g__Alistipes;s__Alistipes_obesi	0.00504455730234	0.0129678627729	0.0493999864764	-0.040996728649	-0.0450543128304	0.0053337935164	0.0265200730811	-0.0850424196308	-0.0603848338821	-0.054226775089	0.0108630579487	-0.0832255107054	-0.00737704670594	1.0	-0.00974112143449	-0.00974092672612	-0.0142646507209	0.0129199183889	-0.0111146855958	0.0294584860727	-0.0642248733077	0.0558855437756	-0.0362318134643	0.0781059266405	-0.0245754933271	0.000834720542815	-0.0449476977195	-0.0152256111795	-0.00666140154302	-0.0144940813635	-0.0197523081271	0.00437540275705	0.0551014150954	-0.0452243385872	-0.0663886669892	-0.0432340314387	-0.019691840586	0.0675838231166	0.0251634289442	0.0410625678631	0.0198967549774	-0.018671314976	0.0286818533215	-0.014315365472	-0.0256594399626	0.00766060111726	-0.0124938910849	-0.0581836560427	-0.0490754632381	0.0826213699649	-0.0787745274713	-0.0533049543456	-0.0163113903256	-0.0227658389579	-0.0176324137075	0.0372303477499	-0.0907696420491	-0.0290055320254	-0.0114226293598
k__Bacteria;p__Firmicutes;c__Clostridia;o__Clostridiales;f__Lachnospiraceae;g__;s__[Eubacterium]_rectale	0.0662275094812	-0.038229267658	-0.0462703568526	0.00567911216779	0.0211549108486	0.00734995471621	-0.00882752335879	0.0240487305034	0.00336188164199	-0.0120788731727	-0.00124370727577	-0.0427237385942	-0.0414727986999	-0.00974112143449	1.0	0.0450640569777	0.00792791464736	-0.0199723356079	0.0267379678502	-0.0250348066636	-0.051042370375	0.0208281476146	-0.0307294820096	0.00175173263765	-0.0296745628067	-0.0211030201499	0.0292866797879	0.0089702844399	0.0273371064015	0.045304343604	-0.0145808303842	0.00407915831942	-0.039113635133	-0.0276448653739	-0.0134132231344	-0.0271915033375	-0.0370072287502	0.0103597235999	0.0110570879252	-0.0809075347647	-0.0521777781913	-0.00226101847181	0.00847851763064	-0.00891569864728	-0.0577198087749	0.0029927504314	-0.0214875888834	-0.0133878912851	-0.0464429595303	0.00788210547783	0.0354518821068	-0.0412558689464	0.0138536963039	0.00255353970638	0.0119825893777	0.00938159150322	0.0268576881414	0.00678880621127	0.0419950152155
k__Bacteria;p__Bacteroidetes;c__Bacteroidia;o__Bacteroidales;f__Bacteroidaceae;g__Bacteroides;s__Bacteroides_plebeius	0.000774966584683	-0.031468059789	-0.026253736945	0.0240837078634	0.0312239015905	-0.023569690219	-0.0675511997765	0.0627714985724	-0.0513753438667	-0.0337436985418	-0.00479121287111	-0.0182271279754	0.0184149942372	-0.00974092672612	0.0450640569777	1.0	-0.037783023449	0.0174243189903	-0.0559664659894	-0.0189373626764	-0.0821897537808	-0.0588395794941	0.0218270138347	-0.0245055455283	-0.0808934726586	0.00540805458599	0.0122364568721	0.0153073190532	0.0229551447214	-0.0513910207328	-0.0233445799337	-0.0505087240104	-0.00500960968318	0.00867997243229	0.0151675439629	0.0736837120245	-0.0238134026945	-0.0287767600302	-0.00795477300634	0.0206302950143	-0.0254718400834	0.0208855676262	0.0188087060074	-0.0214479750097	-0.0218999199142	-0.00302879002338	-0.0269817107061	0.0520599356475	0.0244578311224	0.0552875654518	-0.00485731664311	0.0273686053592	-0.0155090945073	-0.0178047185618	-0.00128871834468	0.0227275377399	0.0510562003088	-0.0374100798691	-0.000161503799174
k__Bacteria;p__Bacteroidetes;c__Bacteroidia;o__Bacteroidales;f__Bacteroidaceae;g__Bacteroides;s__Bacteroides_fragilis	0.0108292071234	-0.00186219281664	-0.05125204961	-0.0165241056567	-0.0275385434723	-0.047409804119	-0.020158548094	0.0244971984445	-0.0422736992509	0.0206685154619	-0.0143361799747	0.00941538680216	0.0117105640314	-0.0142646507209	0.00792791464736	-0.037783023449	1.0	0.0724834762892	-0.047180676983	-0.0777362551214	0.000565258215271	-0.0491230063189	-0.00240281108999	-0.0780275449255	-0.0179275405408	0.119287426198	-0.0252918345338	0.0367832263477	0.00810155369521	-0.034330391404	0.0671289473958	-0.0137533657612	2.28333131116e-05	0.0200954232758	-0.0335670717045	-0.0237487791271	0.00889465170533	-0.0587905192179	-0.030298657016	0.0532525342539	0.00437421984396	0.00293155603348	-0.032345238806	0.0112468729508	0.0295111477672	-0.0239294141484	0.0244726054286	0.0531975540213	-0.0328153191651	-0.00907710618201	-0.0886766824813	0.0300146471676	0.0185089028296	0.0114538488981	0.0421877912855	-0.0322425908463	0.0452693911396	-0.0210610226198	-0.0575022118298
k__Bacteria;p__Proteobacteria;c__Betaproteobacteria;o__Burkholderiales;f__Sutterellaceae;g__Sutterella;s__Sutterella_wadsworthensis	-0.0119621916316	0.0204496685961	0.0251041441952	-0.0207553111154	-0.0643419595832	0.0509702318284	-0.02227276056	0.00942010509485	-0.0209868648852	-0.0309809275944	-0.0419438585237	0.036778248454	0.0129209288031	0.0129199183889	-0.0199723356079	0.0174243189903	0.0724834762892	1.0	-0.0329101859293	-0.00726861580605	-0.0825858340644	-0.00740714880054	0.0106761130283	0.0026066139592	0.00308866133044	-0.0630205162926	0.0184420919747	0.0466970331433	0.0245223435052	0.0268846425003	0.01396382494	0.0160331464782	-0.00833733021648	0.0112528911947	-0.0154138552573	0.0521718652185	-0.016239893333	0.0189394598446	-0.0490887301345	-0.00647390524595	-0.0664475122617	-0.0528064553204	-0.0319839841854	0.000514023291801	-0.0651690581938	-0.00463236041287	0.00819364852166	0.0293863951916	-0.00255956681551	-0.0467057350702	0.00232074682348	-0.0440103683501	-0.0262228087809	-0.0438212498754	-0.0249442371749	-0.0159467779503	0.0362391389999	-0.000799702899931	-0.034059000243
k__Bacteria;p__Bacteroidetes;c__Bacteroidia;o__Bacteroidales;f__Porphyromonadaceae;g__Barnesiella;s__Barnesiella_intestinihominis	0.0355230266456	0.00933243105672	0.0152375120456	-0.02224384642	0.0468267009038	0.00269727791828	0.0688139549917	-0.065315373538	-0.00166717387283	0.0425437128435	-0.0140769962965	0.013549202509	0.0207610131243	-0.0111146855958	0.0267379678502	-0.0559664659894	-0.047180676983	-0.0329101859293	1.0	-0.015421821837	0.0144588622453	-0.0223931279821	-0.0369962085497	0.117321125609	-0.0371789837035	-0.0610492572218	0.0279819564515	-0.0328035532559	0.0228822803471	0.027792408382	-0.0463041528801	-0.0631477345714	-0.101784131562	-0.0209524738889	0.0444311710748	0.0484447897741	0.0278879878846	-0.068784261009	0.0180447066642	-0.00543620222916	-0.0721557109158	0.0474060224163	-0.0264156867526	-0.0260329988264	-0.00866708508694	0.0555668003751	-0.0400341580482	0.0165575024667	-0.00420416848691	0.0556130617063	0.0321530824452	-0.0436028657786	0.0517025451216	-0.0150130062538	-0.0613118334067	-0.0187797270083	-0.00918601627844	0.00556418767081	-0.0732078078604
k__Bacteria;p__Bacteroidetes;c__Bacteroidia;o__Bacteroidales;f__Odoribacteraceae;g__Odoribacter;s__Odoribacter_splanchnicus	0.00820540698183	0.00961442170118	-0.0353950237594	-0.00334902646072	0.0368753443335	0.0566185973475	0.0172398112705	0.000479328575475	0.0210584757589	-0.0830149967905	-0.0188143531708	0.017092656528	-0.0255117519477	0.0294584860727	-0.0250348066636	-0.0189373626764	-0.0777362551214	-0.00726861580605	-0.015421821837	1.0	-0.0207183567411	-0.0102124572568	-0.0251245943061	-0.0957059381308	0.0308128020689	-0.0616138805468	-0.0303476616049	0.0666693182518	-0.00116305205936	-0.0194673972721	0.0115460432324	0.0052680349494	-0.0113498052968	0.00324932542092	-0.00326012036485	0.058656717056	0.0129614078879	0.00596139195381	0.048558468169	-0.045432279802	-0.0345870850902	-0.0207464091326	0.0179195006604	-0.0279158956096	-0.0205626727754	0.0300804476312	-0.00936203045023	0.0197321849149	-0.034480902902	0.0392333948906	-0.0306264966581	-0.0565122929873	-0.00749641483622	-0.0356242362093	-0.00135506697202	0.0322334748267	0.0883520892763	0.0200041898674	0.0116349823967
k__Bacteria;p__Bacteroidetes;c__Bacteroidia;o__Bacteroidales;f__Bacteroidaceae;g__Bacteroides;s__Bacteroides_salyersiae	0.000657686284274	-0.00304376761587	0.0384042052126	0.000111026014147	-0.0383374849595	0.0941727732257	0.0376757170049	-0.0108379139468	0.0339675141502	-0.0385990427804	-0.0427509288739	-0.0235029775394	-0.00097715459166	-0.0642248733077	-0.051042370375	-0.0821897537808	0.000565258215271	-0.0825858340644	0.0144588622453	-0.0207183567411	1.0	-0.0111135156183	0.0131234944357	0.00930856497559	-0.00749175828178	-0.00959333322259	0.0554635044491	0.0218554668269	-0.0173251870775	0.0165919718684	-0.0565551405161	0.0124493246591	0.0486869550533	-0.0424318515775	0.0326981956446	0.00783551941052	0.014018703711	-0.0639962751995	-0.0230046985411	-0.0192033876433	-0.0398010604293	0.0381671564752	0.0187655147577	0.0126228428842	-0.0153988342352	0.0324287828696	0.00641879182267	-0.0306856568515	0.0145567518715	0.0247294797129	0.0407219558624	0.0193142460383	-0.025732692306	-0.0528925062936	-0.0449793762037	0.00841706514117	-0.00289918698039	-0.0154018768604	-0.0440903174616
k__Bacteria;p__Firmicutes;c__Clostridia;o__Clostridiales;f__Ruminococcaceae;g__Ruminiclostridium;s__[Eubacterium]_siraeum	0.00660090754234	-0.0554136158746	0.0418743565765	-0.0198074013681	0.0631344895883	-0.024011849562	-0.0581788125641	0.0509300784001	-0.000752463644187	0.0640959115155	0.0116668318539	0.0161049699315	0.0156050268343	0.0558855437756	0.0208281476146	-0.0588395794941	-0.0491230063189	-0.00740714880054	-0.0223931279821	-0.0102124572568	-0.0111135156183	1.0	0.0195743043823	0.0171615355232	0.0170140744652	0.0226458064744	-0.0383079132479	-0.0629943720122	-0.065610573932	0.0176426478938	-0.00760932985859	-0.00463386628711	0.00468829006386	-0.00154365842923	-0.0294076214151	-0.00838022930614	-0.0220720449053	0.00555098512239	-0.00850186593112	-0.056799930169	0.0186557547862	-0.00292708651798	0.0356872442036	-0.0205880305995	-0.0135251338417	0.00173989757575	-0.000978308084321	-0.0455794136374	-0.0321835659125	0.0323194586644	0.0227895276574	0.0155091956371	-0.00717368751407	-0.0388469538049	0.014389065576	-0.000120015866407	-0.0469661799193	-0.0309639230547	-0.00948560983224
k__Bacteria;p__Proteobacteria;c__Betaproteobacteria;o__Burkholderiales;f__Sutterellaceae;g__Parasutterella;s__Parasutterella_excrementihominis	-0.0228523883784	-0.00379832428506	0.00523556026917	-0.0214431813039	-0.0467405826708	0.0349031202952	-0.019446916532	0.038666624947	-0.024978628014	-0.0577425868018	-0.0366146316846	0.0244996797736	0.0742348552029	-0.0362318134643	-0.0307294820096	0.0218270138347	-0.00240281108999	0.0106761130283	-0.0369962085497	-0.0251245943061	0.0131234944357	0.0195743043823	1.0	-0.0577371630943	-0.0310846405046	-0.0333249587376	0.0371781013555	-0.0118439594054	-0.0458995594278	0.010095809222	-0.00748948424706	-0.00897070706447	0.000783946342518	0.045231560422	-0.0647840057564	0.00112703800417	-0.0011928877811	-0.00999912673002	-0.00782719690992	-0.0119716984849	0.0135933938534	-0.0140574567341	-0.037289373235	0.0168995228808	0.0443866439045	0.0319940807457	-0.0040623434342	-0.0150945663937	0.00316285041641	-0.0325691553719	0.0001324814883	0.0143997525896	0.00165250613789	0.0101338406441	0.00131803139381	-0.0105934515501	0.0134885016908	-0.00486145635275	-0.0264586884521
k__Bacteria;p__Actinobacteria;c__Actinobacteria;o__Bifidobacteriales;f__Bifidobacteriaceae;g__Bifidobacterium;s__Bifidobacterium_adolescentis	0.028070045855	-0.0120865524173	0.0499640776404	-0.0555693074059	0.00420470419405	-0.043255363967	-0.0262680697637	-0.0602556728162	0.0387774420586	-0.0125482078855	0.0251617446492	-0.0853938071311	-0.00841148937548	0.0781059266405	0.00175173263765	-0.0245055455283	-0.0780275449255	0.0026066139592	0.117321125609	-0.0957059381308	0.00930856497559	0.0171615355232	-0.0577371630943	1.0	-0.024366717033	0.00221644917889	0.0159138621132	-0.00766622024449	-0.0193638314251	-0.0689360656385	-0.0106861446491	-0.0561363584375	-0.0586205730021	-0.0383506702905	0.00463517140663	-0.0347476891096	-0.015575794475	-0.041934058278	0.0187456275128	-0.0489656657011	0.0366160959295	-0.0167788225082	-0.0325641064955	0.110326902087	0.00373004335118	-0.0443976164739	-0.00917343594932	-0.00687466989757	-0.0354381810028	-0.00252245353252	-0.0329277860109	-0.078541795176	-0.0526803374243	-0.0289182280834	-0.0237635858829	0.00946441814404	0.0592803089845	-0.0402874961928	0.0374623537397
k__Bacteria;p__Firmicutes;c__Clostridia;o__Clostridiales;f__Oscillospiraceae;g__Oscillibacter;s__Oscillibacter_sp._KLE_1745	-0.00271346747077	-0.0343850187124	0.0174059001036	0.041722977574	0.0684656351521	-0.0158598346979	0.00767284385847	0.0409964595726	0.0341351702811	-0.0113956444297	0.0362460467516	0.0423138012711	-0.0865972767476	-0.0245754933271	-0.0296745628067	-0.0808934726586	-0.0179275405408	0.00308866133044	-0.0371789837035	0.0308128020689	-0.00749175828178	0.0170140744652	-0.0310846405046	-0.024366717033	1.0	-0.0187594304883	-0.0546045213495	-0.0200309328079	-0.0222405142325	0.0196451216675	-0.0246211001676	-0.0349845391756	-0.044242854965	0.00111386342311	-0.0285489302678	0.0375492615311	-0.00391374658566	0.0425882795107	0.0112764258822	-0.0168403129729	0.0315399809625	0.0291595766693	-0.0352732140158	-0.0823673703563	0.0204293570803	-0.047985284608	0.011759550761	-0.0362701986261	-0.0397632190012	-0.0688138083383	-0.041921174846	-0.0646906889443	-0.00153937605016	-0.0825896007961	-0.0135905700129	-0.0642684747859	0.0144256121185	-0.032928740565	0.0171373524604
k__Bacteria;p__Bacteroidetes;c__Bacteroidia;o__Bacteroidales;f__Bacteroidaceae;g__Bacteroides;s__Bacteroides_coprophilus	-0.0364977795613	0.0147652667677	0.0242395654498	0.0291168195	-0.0569321099966	-0.00683116043945	-0.0156299806366	0.00194514191848	-0.0877887611728	-0.00859572594431	-0.0303445292725	0.0332044615626	-0.0561202714581	0.000834720542815	-0.0211030201499	0.00540805458599	0.119287426198	-0.0630205162926	-0.0610492572218	-0.0616138805468	-0.00959333322259	0.0226458064744	-0.0333249587376	0.00221644917889	-0.0187594304883	1.0	-0.0210486728954	-0.0160175237055	0.0315243578223	-0.0395094431642	0.00727146327166	-0.0333733640327	0.00800132434942	0.0466133178807	-0.0393137122666	-0.0238970691441	-0.0356026578689	-0.0227328675229	0.047166907213	0.0290463720061	0.0703474783462	-0.0426191349022	-0.0404880953944	-0.0138096451224	-0.0326665509106	-0.00446414753963	0.00174293580137	0.0139260700114	-0.00885318098224	-0.0360021972624	-0.0333389029507	0.0539193123783	-0.00278564184872	0.00288846070887	0.0826200914086	-0.0494761495747	-0.0682544561292	0.000145804870332	0.000365222313678
k__Bacteria;p__Firmicutes;c__Clostridia;o__Clostridiales;f__Lachnospiraceae;g__Roseburia;s__Roseburia_intestinalis	0.00237866079465	-0.0810748588885	-0.0777599458068	-0.00175671148855	-0.0270558866059	0.0987432036105	-0.0332180187161	-0.0228506789401	0.000987124187629	0.0288182095368	0.0199077946267	-0.0227679875437	-0.000941357318121	-0.0449476977195	0.0292866797879	0.0122364568721	-0.0252918345338	0.0184420919747	0.0279819564515	-0.0303476616049	0.0554635044491	-0.0383079132479	0.0371781013555	0.0159138621132	-0.0546045213495	-0.0210486728954	1.0	-0.0276865493823	0.00379426236768	-0.0310900668501	-0.0376401515545	-0.0200294748774	-0.0139461637384	-0.0172015096805	-0.01166260464	-0.00828738117195	0.0235632427803	0.0186668833044	-0.0040891823304	0.00809143146809	-0.0213231492655	0.0052447783135	0.00299903600387	-0.0768988498936	-0.02006591764	0.0565692893532	0.00470503324082	0.0179812063636	-0.0622043968934	0.0277939290737	-0.0276832309515	0.0735095598036	-0.103646961956	-0.0097514595373	-0.0185071661262	0.0210871449821	-0.00298872580224	-0.00730688286948	0.036542686523
k__Bacteria;p__Firmicutes;c__Clostridia;o__Clostridiales;f__Lachnospiraceae;g__Roseburia;s__Roseburia_hominis	-0.0549044753578	-0.0618374955893	0.0670533356318	0.00486535967575	-0.0265595354322	-0.0303569484618	-0.0224690787658	0.0526220980097	-0.0104474569177	-0.0228600030467	-0.066678888108	-0.00524986960396	0.0245575353872	-0.0152256111795	0.0089702844399	0.0153073190532	0.0367832263477	0.0466970331433	-0.0328035532559	0.0666693182518	0.0218554668269	-0.0629943720122	-0.0118439594054	-0.00766622024449	-0.0200309328079	-0.0160175237055	-0.0276865493823	1.0	0.0512408952284	-0.0306287375922	-0.0485042810714	-0.0238836185312	0.0364464357315	0.0479817197196	-0.0335529325315	-0.0331825020072	-0.0912167254107	0.0308248779835	-0.074068782315	0.0299224867459	0.00267927315167	-0.0373275074286	0.0296798307624	-0.0268348428496	0.000759605035361	0.00138768216426	0.000499645656209	-0.0051311881556	-0.00304321097881	0.0471826410106	-0.0575738129819	-0.00307155008648	-0.0134592014264	-0.00391874927564	0.024348940937	0.0173160989976	0.0143188126833	0.0496651354299	-0.0194594487001
k__Bacteria;p__Bacteroidetes;c__Bacteroidia;o__Bacteroidales;f__Porphyromonadaceae;g__Parabacteroides;s__Parabacteroides_johnsonii	0.0253037995564	-0.0159331677863	-0.0486005522555	-0.0404567319167	-0.00479257406503	-0.0103358700168	0.00978534177657	0.00712176554838	-0.0116827333332	0.031615988319	-0.0173713839669	0.00509263801658	0.0371683123237	-0.00666140154302	0.0273371064015	0.0229551447214	0.00810155369521	0.0245223435052	0.0228822803471	-0.00116305205936	-0.0173251870775	-0.065610573932	-0.0458995594278	-0.0193638314251	-0.0222405142325	0.0315243578223	0.00379426236768	0.0512408952284	1.0	0.00972160587177	-0.00319456370483	-0.0499676612298	0.0408655972202	-0.0732479762502	-0.0455071039107	0.0112128886139	0.0253539619967	-0.0848082292312	-0.0403570995366	-0.0302838742222	0.00379830002323	0.0446217172771	0.00224655515459	0.00986827277199	0.071183156951	0.000825726256039	-0.0990374368346	-0.00367791619248	0.0243856967261	-0.00882221878859	-0.00318301696411	0.0088752054703	0.0337644408887	0.0235940798287	0.00518108486757	-0.00326903915371	-0.00873026115967	-0.0241001932123	0.0210499996969
k__Bacteria;p__Actinobacteria;c__Actinobacteria;o__Bifidobacteriales;f__Bifidobacteriaceae;g__Bifidobacterium;s__Bifidobacterium_longum	-0.00141947108737	-0.0278000917164	0.00140861346385	-0.0168372305623	0.0256403106155	-0.00673409436597	-0.046830148385	-0.0290731540185	0.0127078700476	0.016019873036	0.0251102371553	0.025822725663	-0.0309923760004	-0.0144940813635	0.045304343604	-0.0513910207328	-0.034330391404	0.0268846425003	0.027792408382	-0.0194673972721	0.0165919718684	0.0176426478938	0.010095809222	-0.0689360656385	0.0196451216675	-0.0395094431642	-0.0310900668501	-0.0306287375922	0.00972160587177	1.0	-0.0568169822225	0.0339209199752	0.0533725208635	-0.0131714511565	0.0197437681287	-0.0011354841817	-0.0516759034317	0.0301617896317	0.0167134048524	0.000648523751269	-0.0399551716477	0.0331717486662	-0.0199116386334	-0.0267003598683	0.00622331356592	-0.0308524191213	-0.0730119966694	-0.022612885778	0.0331620941816	-0.021360281298	0.0745930598113	-0.0123911505955	-0.0205503587531	-0.0191151952461	-0.038546410344	-0.0146550280807	-0.0190519478193	-0.0069511352565	-0.0372534001094
