#taxonomy	k__Bacteria;p__Bacteroidetes;c__Bacteroidia;o__Bacteroidales;f__Bacteroidaceae;g__Bacteroides;s__Bacteroides_vulgatus	k__Bacteria;p__Bacteroidetes;c__Bacteroidia;o__Bacteroidales;f__Bacteroidaceae;g__Bacteroides;s__Bacteroides_uniformis	k__Bacteria;p__Bacteroidetes;c__Bacteroidia;o__Bacteroidales;f__Rikenellaceae;g__Alistipes;s__Alistipes_putredinis	k__Bacteria;p__Bacteroidetes;c__Bacteroidia;o__Bacteroidales;f__Prevotellaceae;g__Prevotella;s__Prevotella_copri	k__Bacteria;p__Bacteroidetes;c__Bacteroidia;o__Bacteroidales;f__Bacteroidaceae;g__Bacteroides;s__Bacteroides_stercoris	k__Bacteria;p__Bacteroidetes;c__Bacteroidia;o__Bacteroidales;f__Bacteroidaceae;g__Bacteroides;s__Bacteroides_ovatus	k__Bacteria;p__Bacteroidetes;c__Bacteroidia;o__Bacteroidales;f__Rikenellaceae;g__Alistipes;s__Alistipes_shahii	k__Bacteria;p__Firmicutes;c__Clostridia;o__Clostridiales;f__Ruminococcaceae;g__Faecalibacterium;s__Faecalibacterium_prausnitzii	k__Bacteria;p__Bacteroidetes;c__Bacteroidia;o__Bacteroidales;f__Rikenellaceae;g__Alistipes;s__Alistipes_finegoldii	k__Bacteria;p__Bacteroidetes;c__Bacteroidia;o__Bacteroidales;f__Porphyromonadaceae;g__Parabacteroides;s__Parabacteroides_distasonis	k__Bacteria;p__Bacteroidetes;c__Bacteroidia;o__Bacteroidales;f__Bacteroidaceae;g__Bacteroides;s__Bacteroides_thetaiotaomicron	k__Bacteria;p__Bacteroidetes;c__Bacteroidia;o__Bacteroidales;f__Bacteroidaceae;g__Bacteroides;s__Bacteroides_coprocola	k__Bacteria;p__Bacteroidetes;c__Bacteroidia;o__Bacteroidales;f__Bacteroidaceae;g__Bacteroides;s__Bacteroides_cellulosilyticus	k__Bacteria;p__Bacteroidetes;c__Bacteroidia;o__Bacteroidales;f__Rikenellaceae;g__Alistipes;s__Alistipes_obesi	k__Bacteria;p__Firmicutes;c__Clostridia;o__Clostridiales;f__Lachnospiraceae;g__;s__[Eubacterium]_rectale	k__Bacteria;p__Bacteroidetes;c__Bacteroidia;o__Bacteroidales;f__Bacteroidaceae;g__Bacteroides;s__Bacteroides_plebeius	k__Bacteria;p__Bacteroidetes;c__Bacteroidia;o__Bacteroidales;f__Bacteroidaceae;g__Bacteroides;s__Bacteroides_fragilis	k__Bacteria;p__Proteobacteria;c__Betaproteobacteria;o__Burkholderiales;f__Sutterellaceae;g__Sutterella;s__Sutterella_wadsworthensis	k__Bacteria;p__Bacteroidetes;c__Bacteroidia;o__Bacteroidales;f__Porphyromonadaceae;g__Barnesiella;s__Barnesiella_intestinihominis	k__Bacteria;p__Bacteroidetes;c__Bacteroidia;o__Bacteroidales;f__Odoribacteraceae;g__Odoribacter;s__Odoribacter_splanchnicus	k__Bacteria;p__Bacteroidetes;c__Bacteroidia;o__Bacteroidales;f__Bacteroidaceae;g__Bacteroides;s__Bacteroides_salyersiae	k__Bacteria;p__Firmicutes;c__Clostridia;o__Clostridiales;f__Ruminococcaceae;g__Ruminiclostridium;s__[Eubacterium]_siraeum	k__Bacteria;p__Proteobacteria;c__Betaproteobacteria;o__Burkholderiales;f__Sutterellaceae;g__Parasutterella;s__Parasutterella_excrementihominis	k__Bacteria;p__Actinobacteria;c__Actinobacteria;o__Bifidobacteriales;f__Bifidobacteriaceae;g__Bifidobacterium;s__Bifidobacterium_adolescentis	k__Bacteria;p__Firmicutes;c__Clostridia;o__Clostridiales;f__Oscillospiraceae;g__Oscillibacter;s__Oscillibacter_sp._KLE_1745	k__Bacteria;p__Bacteroidetes;c__Bacteroidia;o__Bacteroidales;f__Bacteroidaceae;g__Bacteroides;s__Bacteroides_coprophilus	k__Bacteria;p__Firmicutes;c__Clostridia;o__Clostridiales;f__Lachnospiraceae;g__Roseburia;s__Roseburia_intestinalis	k__Bacteria;p__Firmicutes;c__Clostridia;o__Clostridiales;f__Lachnospiraceae;g__Roseburia;s__Roseburia_hominis	k__Bacteria;p__Bacteroidetes;c__Bacteroidia;o__Bacteroidales;f__Porphyromonadaceae;g__Parabacteroides;s__Parabacteroides_johnsonii	k__Bacteria;p__Actinobacteria;c__Actinobacteria;o__Bifidobacteriales;f__Bifidobacteriaceae;g__Bifidobacterium;s__Bifidobacterium_longum	k__Bacteria;p__Firmicutes;c__Clostridia;o__Clostridiales;f__;g__Flavonifractor;s__Flavonifractor_plautii	k__Bacteria;p__Firmicutes;c__Clostridia;o__Clostridiales;f__Clostridiaceae;g__Clostridium;s__Clostridium_phoceensis	k__Bacteria;p__Verrucomicrobia;c__Verrucomicrobiae;o__Verrucomicrobiales;f__Akkermansiaceae;g__Akkermansia;s__Akkermansia_muciniphila	k__Bacteria;p__Bacteroidetes;c__Bacteroidia;o__Bacteroidales;f__Prevotellaceae;g__Paraprevotella;s__Paraprevotella_xylaniphila	k__Bacteria;p__Firmicutes;c__Clostridia;o__Clostridiales;f__Ruminococcaceae;g__Ruminococcus;s__Ruminococcus_callidus	k__Bacteria;p__Bacteroidetes;c__Bacteroidia;o__Bacteroidales;f__Rikenellaceae;g__Alistipes;s__Alistipes_senegalensis	k__Bacteria;p__Firmicutes;c__Clostridia;o__Clostridiales;f__Lachnospiraceae;g__Blautia;s__Blautia_sp._KLE_1732	k__Bacteria;p__Bacteroidetes;c__Bacteroidia;o__Bacteroidales;f__Bacteroidaceae;g__Bacteroides;s__Bacteroides_oleiciplenus	k__Bacteria;p__Firmicutes;c__Clostridia;o__Clostridiales;f__Ruminococcaceae;g__Ruminococcus;s__Ruminococcus_bicirculans	k__Bacteria;p__Bacteroidetes;c__Bacteroidia;o__Bacteroidales;f__Bacteroidaceae;g__Bacteroides;s__Bacteroides_fluxus	k__Bacteria;p__Bacteroidetes;c__Bacteroidia;o__Bacteroidales;f__Prevotellaceae;g__Prevotella;s__Prevotella_stercorea	k__Bacteria;p__Firmicutes;c__Clostridia;o__Clostridiales;f__Lachnospiraceae;g__Dorea;s__Dorea_longicatena	k__Bacteria;p__Firmicutes;c__Clostridia;o__Clostridiales;f__Eubacteriaceae;g__Eubacterium;s__[Eubacterium]_eligens	k__Bacteria;p__Firmicutes;c__Clostridia;o__Clostridiales;f__Ruminococcaceae;g__;s__Ruminococcaceae_bacterium_D16	k__Bacteria;p__Firmicutes;c__Clostridia;o__Clostridiales;f__Lachnospiraceae;g__Coprococcus;s__Coprococcus_comes	k__Bacteria;p__Proteobacteria;c__Gammaproteobacteria;o__Enterobacterales;f__Enterobacteriaceae;g__Escherichia;s__Escherichia_coli	k__Bacteria;p__Firmicutes;c__Clostridia;o__Clostridiales;f__Ruminococcaceae;g__Anaerotruncus;s__Anaerotruncus_colihominis	k__Bacteria;p__Firmicutes;c__Clostridia;o__Clostridiales;f__Lachnospiraceae;g__Blautia;s__Blautia_obeum	k__Bacteria;p__Bacteroidetes;c__Bacteroidia;o__Bacteroidales;f__Odoribacteraceae;g__Odoribacter;s__Odoribacter_laneus	k__Bacteria;p__Firmicutes;c__Clostridia;o__Clostridiales;f__Ruminococcaceae;g__Ruminiclostridium;s__[Clostridium]_leptum	k__Bacteria;p__Bacteroidetes;c__Bacteroidia;o__Bacteroidales;f__Porphyromonadaceae;g__Parabacteroides;s__Parabacteroides_goldsteinii	k__Bacteria;p__Firmicutes;c__Clostridia;o__Clostridiales;f__Lachnospiraceae;g__Anaerostipes;s__Anaerostipes_hadrus	k__Bacteria;p__Firmicutes;c__Clostridia;o__Clostridiales;f__Ruminococcaceae;g__Ruminococcus;s__Ruminococcus_lactaris	k__Bacteria;p__Firmicutes;c__Clostridia;o__Clostridiales;f__Clostridiaceae;g__Clostridium;s__Clostridium_sp._L2-50	k__Bacteria;p__Firmicutes;c__Clostridia;o__Clostridiales;f__Clostridiaceae;g__Clostridium;s__Clostridium_sp._M62/1	k__Bacteria;p__Firmicutes;c__Clostridia;o__Clostridiales;f__;g__Intestinimonas;s__Intestinimonas_butyriciproducens	k__Bacteria;p__Actinobacteria;c__Actinobacteria;o__Bifidobacteriales;f__Bifidobacteriaceae;g__Bifidobacterium;s__Bifidobacterium_bifidum	k__Bacteria;p__Firmicutes;c__Negativicutes;o__Veillonellales;f__Veillonellaceae;g__Dialister;s__Dialister_invisus	k__Bacteria;p__Bacteroidetes;c__Bacteroidia;o__Bacteroidales;f__Bacteroidaceae;g__Bacteroides;s__Bacteroides_salanitronis
k__Bacteria;p__Bacteroidetes;c__Bacteroidia;o__Bacteroidales;f__Bacteroidaceae;g__Bacteroides;s__Bacteroides_vulgatus	1.0	0.037783848458	-0.0192858933839	0.0139920721193	0.00318082112257	-0.057767561942	0.0560857379807	0.0134427741538	-0.0070367477842	-0.0294713326545	-0.0107732945546	-0.0149258017753	-0.0516058415499	0.0162449174711	0.074897176691	-0.0185166164668	-0.0627624351895	0.0769835399057	0.0254127228122	-0.057537927742	-0.0936934560577	-0.00430204124233	-0.0154062472576	-0.022157195053	-0.0142235493699	-0.0345674351154	-0.0217214102126	-0.0640527407474	-0.0427756565536	0.0349468443711	-0.035521832708	0.0577468464696	-0.0291806686933	-0.0302795054993	0.00493586246079	-0.0361759859861	0.0188386510063	0.0173029132164	-0.0268592297642	-0.0438833028691	0.0514149745912	-0.0123192286588	-0.00663457607256	-0.0256610702411	0.0822445411937	-0.00253760864108	0.00670243196077	-0.0489862619848	-0.0673099578823	0.0455001955087	-0.00223055346408	0.0437392648803	-0.00763508095181	-0.0234913871698	0.0217216474516	-0.0319860040632	-0.0757162730058	-0.0131838557615	-0.0673990684094
k__Bacteria;p__Bacteroidetes;c__Bacteroidia;o__Bacteroidales;f__Bacteroidaceae;g__Bacteroides;s__Bacteroides_uniformis	0.037783848458	1.0	0.0297753753887	-0.0195668227739	-0.00436557174727	-0.048265987478	0.0386695702724	-0.0215364705614	0.09738935325	-0.0206292756319	-0.0607450656788	-0.0247112497872	-0.0359785403611	-0.00933149926539	-0.0425218331371	0.0126668802371	0.0269261853886	-0.0314128390031	-0.0413224647951	-0.0382413696667	0.0097112549946	0.0354412214919	-0.0127207807287	0.0277362040133	-0.013569627589	0.0154309347287	-0.00857219694332	-0.00321299939466	0.0309639305919	-0.0529805446476	-0.0249002040086	-0.00490265341878	-0.0380867375425	-0.0397287832615	-0.00993507516445	-0.0559150677616	-0.0499387096915	-0.0141994427173	0.0612373885983	-0.0299050581564	-0.0105779148604	-0.0419855265858	-0.00168811134308	-0.041178308772	-0.0514938746267	0.0262464713465	-0.0469690916325	0.0311964779349	-0.00174577746016	-0.0537142185091	-0.0644804018354	-0.013801802031	-0.0144032018521	-0.0302049356333	0.050676730481	-0.00663002732924	-0.00683158429743	0.0555372136294	-0.0475407742429
k__Bacteria;p__Bacteroidetes;c__Bacteroidia;o__Bacteroidales;f__Rikenellaceae;g__Alistipes;s__Alistipes_putredinis	-0.0192858933839	0.0297753753887	1.0	-0.117829264183	0.0318776266485	-0.0222517309887	0.0540095120541	-0.0281681551608	-0.0453758514525	0.00750215202986	0.0321200874795	0.0206309489592	-0.0655698524159	-0.0415391047168	-0.0182981306553	0.0514757099099	-0.00524482590862	0.0347316017234	-0.0488302359485	-0.0366057254366	0.0110030182384	-3.45770448846e-06	-0.0661284929537	0.0241926882064	0.0276923830411	-0.0316117108188	0.0350520948957	0.0332757617277	0.0147991854556	-0.0299873722831	-0.0476947073484	0.0918628619356	-0.0513345365706	0.0289520742109	0.0669519826646	0.0306291441266	-0.0108068553354	0.0144863919581	-0.00751856444711	-0.0378523942312	-0.132033152412	-0.00952245138212	0.00496026989141	0.0220112504638	0.0153702279026	-0.00322921922931	-0.0128337529448	-0.0156416216707	-0.0251950700005	-0.0197953659261	-0.0293746475097	0.00940407470799	0.0439241166766	-0.00570964084634	0.0162071481446	0.0119902821693	-0.0988773432682	-0.0371001859242	-0.0112593164595
k__Bacteria;p__Bacteroidetes;c__Bacteroidia;o__Bacteroidales;f__Prevotellaceae;g__Prevotella;s__Prevotella_copri	0.0139920721193	-0.0195668227739	-0.117829264183	1.0	0.00942032900506	0.0340334732386	-0.0385351553819	0.0315045386683	-0.0449938138445	0.0347191550338	-0.0251834686916	-0.0400595283893	0.00753585227237	0.00817461640172	-0.0387102505982	0.0235975922145	-0.017709463187	0.0375201245447	0.0106895017589	0.0118472549982	0.0405608247558	-0.0458533591002	0.00363240029648	-0.00579085093966	0.00353547825028	0.0132068044814	-0.0111492283406	0.0425401466136	0.00131392221514	0.0468332628414	0.0103018853276	-0.0625680907465	-0.0391588099047	-0.00507120700574	0.00292359084185	0.0147052353829	0.0366459283719	-0.10086379945	-0.106605147694	-0.0428240535577	-0.00889629336784	0.00765491800412	-0.0113346399062	0.00863214513553	0.00820195302128	-0.0205497470831	-0.0715342018696	-0.07588754024	-0.00701655546977	0.0319086423657	0.0474465649688	0.030612205094	-3.55710069044e-05	-0.0411335643999	-0.016770182788	-0.0953447144257	-0.0285114576975	0.0221011633863	-0.0573016586689
k__Bacteria;p__Bacteroidetes;c__Bacteroidia;o__Bacteroidales;f__Bacteroidaceae;g__Bacteroides;s__Bacteroides_stercoris	0.00318082112257	-0.00436557174727	0.0318776266485	0.00942032900506	1.0	-0.0244502895923	-0.000672108990691	-0.00746279789792	0.0189749270039	0.0175865194867	-0.0491907698931	0.0428419897534	0.00897203539896	-0.0329369397668	0.0552368436939	-0.0505962708289	-0.0165716076386	-0.0372749141241	0.0141908340987	-0.0161772672649	-0.0169858958951	0.0158191379208	-0.0415684754161	-0.0893261229304	0.0108419205752	-0.0303435024323	-0.0235672732161	0.0139622893754	-0.0778001566006	-0.0389682280758	-0.0312417689403	0.0841224499223	-0.0240677200042	-0.0254980482477	0.044006410495	0.0258948933563	-0.01032812791	0.0242300636059	-0.0490005786313	-0.0374205800958	0.00266792768417	0.0194803054433	-0.028453945207	-0.0704501444429	0.0307310194692	-0.00589065231098	-0.0517484557928	-0.00859108284343	0.00255237170923	-0.0217628324427	0.0157499786056	0.0249080452862	-0.0497182418349	-0.0342331399194	-0.0113076925992	0.00106240395919	0.0193206979825	0.0406255403665	0.0681846934717
k__Bacteria;p__Bacteroidetes;c__Bacteroidia;o__Bacteroidales;f__Bacteroidaceae;g__Bacteroides;s__Bacteroides_ovatus	-0.057767561942	-0.048265987478	-0.0222517309887	0.0340334732386	-0.0244502895923	1.0	-0.00656346475015	-0.0805553785942	-0.0617579814805	0.0117252470003	-0.00695639313094	-0.0392630370209	0.0373324140532	-0.0271788633971	-0.0176257682074	-0.00110052095881	-0.0564586004581	0.0663664559557	-0.0249202913596	0.0703264384726	-0.0483219743713	0.0309095512933	-0.0222578144401	-0.0380219197313	0.0541646739962	0.00735517952902	-0.000435149535697	-0.0629960083426	0.000784222011553	-0.00907008932869	-0.000808083516032	0.0111593045441	0.0110787174319	0.00584546898432	0.000627474503965	-0.0198928853531	-0.0175124835503	-0.0343391933016	-0.013467830844	0.000601095903495	0.0284568392608	0.0372361750438	-0.0178211067553	-0.000804507693996	0.0194393177619	-0.0279786488745	-0.0528647362787	-0.0248738118109	-0.0230655408409	-0.0541067976667	0.00518373895472	-0.0130687015128	0.00196642533264	-0.0335080993336	-0.0255833045096	-0.0368443810163	0.0385472247271	-0.00703264590341	-0.00582251050862
k__Bacteria;p__Bacteroidetes;c__Bacteroidia;o__Bacteroidales;f__Rikenellaceae;g__Alistipes;s__Alistipes_shahii	0.0560857379807	0.0386695702724	0.0540095120541	-0.0385351553819	-0.000672108990691	-0.00656346475015	1.0	-0.0597216441511	-0.00701709290011	-0.0230199748095	0.0565898224687	0.0236100684797	-0.0337928333459	0.0291364608872	-0.00256954877483	-0.0791695136846	0.0120035197338	0.0170866452283	0.0148302294117	-0.00823687309706	0.0142496915094	0.00447680182871	-0.0133356050645	0.0212790179552	-0.042488768758	-0.00813163479674	0.0485042831387	-0.0466295304932	0.0136676250479	0.0260404311722	-0.0106339174108	0.0131260828354	0.00882699155073	0.0132820732946	-0.0534501914897	0.0277377843568	0.0139406402302	-0.0336965827054	-0.0339528255735	-0.0205557139992	-0.0294058601192	-0.0709857769248	-0.0504144310975	-0.0145526486973	-0.0324230591434	-0.0839319619494	0.00650348505929	0.000187877778199	0.0136177361007	-0.0227564051999	-0.00728580376328	0.0111572216307	0.0278092409728	0.0329838662437	-0.0689105459604	-0.0177923599179	-0.0140972444073	0.00192513899378	0.0240077984616
k__Bacteria;p__Firmicutes;c__Clostridia;o__Clostridiales;f__Ruminococcaceae;g__Faecalibacterium;s__Faecalibacterium_prausnitzii	0.0134427741538	-0.0215364705614	-0.0281681551608	0.0315045386683	-0.00746279789792	-0.0805553785942	-0.0597216441511	1.0	-0.0242517677061	0.0345586147255	0.00300103061542	-0.0545928173589	0.00477569325416	0.0280561659109	0.00995761218788	-0.0221167837829	-0.0301487431488	0.0395458891325	0.00619294298674	-0.0550401531193	-0.0144592359904	-0.0627231757844	-0.0376828029084	-0.0428760133889	-0.0497166618342	0.051190865651	-0.0640559498632	-0.0234664775193	0.00249001275079	0.0296090494336	0.048470120605	-0.048395232758	0.0332861598415	0.0123942854034	-0.0487830760126	-0.014351067147	-0.0175798454241	0.0202085834696	0.0344621127223	-0.0315035300457	-0.0164978086128	0.0384448702848	-0.0442377526921	-0.0504671639513	-0.0912029903069	-0.0190712440401	0.0250663485152	-0.0417825787755	0.0200939741496	0.0143097260638	-0.0356299698004	-0.0174449451535	0.0188629204018	0.00826834117805	-0.0522849126164	-0.00766986747241	0.0569952247788	-0.00775110776498	-0.0197129137619
k__Bacteria;p__Bacteroidetes;c__Bacteroidia;o__Bacteroidales;f__Rikenellaceae;g__Alistipes;s__Alistipes_finegoldii	-0.0070367477842	0.09738935325	-0.0453758514525	-0.0449938138445	0.0189749270039	-0.0617579814805	-0.00701709290011	-0.0242517677061	1.0	-0.0182394449841	-0.0123248089245	-0.0386023500192	-0.0736344812335	-0.0203979287798	-0.0580379605168	-0.0375279330258	0.0115412297048	-0.00576164440336	0.0124059979124	0.0182494903714	-0.00538129839582	-0.0297726140413	0.0184535972665	-0.0114257593568	0.0360807853046	0.0223989571031	-0.0172363968729	-0.0219699196309	-0.00127088149536	-0.0237025864809	0.0193427739838	0.016937145418	-0.0533607550223	-0.00922883180879	-0.0154852967813	0.0137928250556	0.000119647453068	0.0214611611216	-0.0713043172776	-0.0248479330958	0.00301389386805	-0.0132364667297	0.027105339092	-0.0265105710234	-0.0526107650787	-0.0261467814052	-0.0340211749529	-0.0310612943568	0.0225599661843	-0.00539792226023	-0.0299806965603	-0.0699288793845	0.0105704329995	0.00246810657318	0.0196574516672	-0.0311338318483	0.000945301800366	-0.0177375103775	-0.0311861127792
k__Bacteria;p__Bacteroidetes;c__Bacteroidia;o__Bacteroidales;f__Porphyromonadaceae;g__Parabacteroides;s__Parabacteroides_distasonis	-0.0294713326545	-0.0206292756319	0.00750215202986	0.0347191550338	0.0175865194867	0.0117252470003	-0.0230199748095	0.0345586147255	-0.0182394449841	1.0	0.014024626327	0.0346905086066	0.0774820062438	-0.0369621681324	0.0245619081847	-0.0208395503282	-0.0447243527074	-0.0118481180356	0.0148146011755	0.0308156019549	0.00296300237598	-0.0122317719653	-0.0341134436828	0.0195235596844	-0.00308222106152	-0.029665656727	0.0286021081056	-0.104610823654	0.0431876216004	-0.00413157582577	0.0314075018441	-0.0137813314196	0.00309439295891	-0.0221356202644	0.0441823748782	-0.0194284668253	-0.0156607816232	0.00796584385098	-0.0982656914552	0.029754031443	-0.0430180575645	-0.00996298881629	0.0266436254945	-0.0189555862256	-0.0143054733868	-0.0439994121832	0.0148033227108	-0.0025124923233	-0.0295240078648	-0.0241172386942	-0.0692064629871	0.0292646966228	0.0393645434405	-0.0351982748386	-0.0148620464968	-0.0841481093312	-0.0423703179345	-0.0520296287685	-0.0725516475965
k__Bacteria;p__Bacteroidetes;c__Bacteroidia;o__Bacteroidales;f__Bacteroidaceae;g__Bacteroides;s__Bacteroides_thetaiotaomicron	-0.0107732945546	-0.0607450656788	0.0321200874795	-0.0251834686916	-0.0491907698931	-0.00695639313094	0.0565898224687	0.00300103061542	-0.0123248089245	0.014024626327	1.0	-0.0224845817183	0.0232497043431	-0.0310674715013	0.00498885027738	0.00459253187356	-0.0121871518849	0.0105281986039	0.0310905294373	-0.000984116864697	-0.0268381634015	-0.0522331311908	-0.0434831715271	0.0561213663781	-0.0379010478651	-0.104821687584	0.0312263145042	-0.0583561226463	-0.0327065759668	0.00820382642691	0.0107069000257	0.010905167182	-0.0599658819107	-0.00269082989684	0.0273361969301	-0.0478559772977	-0.0469883852337	0.0087420905146	0.0573227485068	0.0203795476124	0.0131623332318	0.00315347397955	0.0115122592618	-0.0881597232513	-0.0563827759799	-0.0152540355546	0.0246246265406	0.0195076023934	-0.0668186400779	0.004773121923	0.0478132984617	-0.00968290756483	0.0565620818289	-0.0328311351723	-0.0373985510077	0.00361241559729	-0.0827358968236	-0.0468381388034	-0.0298086280539
k__Bacteria;p__Bacteroidetes;c__Bacteroidia;o__Bacteroidales;f__Bacteroidaceae;g__Bacteroides;s__Bacteroides_coprocola	-0.0149258017753	-0.0247112497872	0.0206309489592	-0.0400595283893	0.0428419897534	-0.0392630370209	0.0236100684797	-0.0545928173589	-0.0386023500192	0.0346905086066	-0.0224845817183	1.0	-0.0227356846907	-0.048257616389	-0.0380002659093	-0.022427965491	-0.0286003097186	-0.00297561721456	0.0313361898259	0.0343813021094	-0.0544345434207	0.0232185991744	-0.0266181627337	-0.00835707221483	-0.00771132153119	-0.0225562575998	-0.0655900964486	-0.00301558140995	-0.0298198552385	-0.00504923349508	0.00177129074327	0.0600330517375	-0.0286344318499	0.0190320572375	0.0276402739627	0.0060734205296	-0.0371498892808	0.0580950678096	-0.0365625521972	-0.0303669786158	-0.0591453760854	0.0243273494056	0.00190432844865	0.00894270641888	0.0239865284217	0.0417330519134	-0.0360682858084	-0.0228955271017	0.017723186847	-0.064250307192	-0.0319547807269	-0.00722790408684	0.0131969448458	0.0605602596593	0.0412264797631	-0.00351127651638	0.00861055631834	0.00634663785827	-0.00541524017208
k__Bacteria;p__Bacteroidetes;c__Bacteroidia;o__Bacteroidales;f__Bacteroidaceae;g__Bacteroides;s__Bacteroides_cellulosilyticus	-0.0516058415499	-0.0359785403611	-0.0655698524159	0.00753585227237	0.00897203539896	0.0373324140532	-0.0337928333459	0.00477569325416	-0.0736344812335	0.0774820062438	0.0232497043431	-0.0227356846907	1.0	-0.0312096900683	-0.0580419767031	0.0324922838019	-0.0408285712743	0.0174963735492	0.010462052768	0.00269195126736	-0.0329720354825	-0.045615293192	0.00922166299858	0.0208295012026	0.0125346772534	-0.00244950833975	0.0274817851991	-0.0717892438693	-0.0162002523088	-0.0438278442724	0.0555647509217	-0.0831128997898	-0.0209295982733	-0.0925997622749	-0.0477813813228	-0.0507901646495	-0.00316609522486	0.0105611949259	-0.0129977987961	0.0477479676709	-0.0276660342212	0.0196814567883	-0.0112362088782	0.050732904198	-0.06291464706	-0.0193388522455	-0.0344957079543	-0.0656601893264	0.00101793422232	-0.034180487162	0.0292641831948	0.0350853678995	-0.0251824637799	0.0458056283273	0.00755208937536	-0.0323905685681	-0.0268158571648	-0.0129686103552	-0.0199224005347
k__Bacteria;p__Bacteroidetes;c__Bacteroidia;o__Bacteroidales;f__Rikenellaceae;g__Alistipes;s__Alistipes_obesi	0.0162449174711	-0.00933149926539	-0.0415391047168	0.00817461640172	-0.0329369397668	-0.0271788633971	0.0291364608872	0.0280561659109	-0.0203979287798	-0.0369621681324	-0.0310674715013	-0.048257616389	-0.0312096900683	1.0	-0.0107988428914	-0.0569014564262	-0.0414375944181	0.0161888866129	-0.0563236006566	0.0123704363446	-0.013544441648	0.0385351335615	0.00108356236895	0.0257168179884	-0.0153689951643	0.0521589406455	-0.0484995737088	0.0124412946799	-0.00970507686596	-0.0194263806455	-0.0200883138507	-0.0474532603142	0.0428007106036	0.00994306265676	0.0130137396926	-0.0832374776129	-0.0211975434339	-0.0480453229186	-0.0733000526708	-0.00893329302203	0.00992950527837	-0.0568974547432	-0.0117699453879	0.0191347707144	0.0182101702608	-0.00927645888071	0.0173720380754	0.00740393781237	0.0236029336758	-0.00251517339543	0.0513774755457	0.027922530497	0.0282576780539	-0.0407159248684	-0.0203363575935	-0.0299780130782	-0.0126813625038	0.0312053311365	-0.0148058171898
k__Bacteria;p__Firmicutes;c__Clostridia;o__Clostridiales;f__Lachnospiraceae;g__;s__[Eubacterium]_rectale	0.074897176691	-0.0425218331371	-0.0182981306553	-0.0387102505982	0.0552368436939	-0.0176257682074	-0.00256954877483	0.00995761218788	-0.0580379605168	0.0245619081847	0.00498885027738	-0.0380002659093	-0.0580419767031	-0.0107988428914	1.0	-0.0719268745051	-0.0127105646939	-0.0107313689538	-0.0349642998476	-0.00685206462145	0.0401732975412	-0.0138150839662	-0.0012034481511	-0.00984673544726	0.0418287613811	-0.000341918052353	-0.0429255101285	-0.0362598916603	-0.0141852021761	-0.00915161187166	0.029228041937	-0.0117127454892	-0.0142215328279	-0.0902057326185	0.0368195517855	-0.0209186449257	-0.0853531885446	0.00669603516265	0.0244219866698	0.00878365472311	-0.0359732414018	0.085205095401	-0.0561528099726	0.0165525576767	-0.0290108295402	-0.0542954071047	-0.0476412221557	0.0312824721122	-0.0945123659002	0.023427656191	0.00472970265115	0.0155851992565	-0.069876346907	-0.0103805354589	0.033958116114	0.0184499475953	0.00478431665509	-0.00436828697098	-0.000643037273597
k__Bacteria;p__Bacteroidetes;c__Bacteroidia;o__Bacteroidales;f__Bacteroidaceae;g__Bacteroides;s__Bacteroides_plebeius	-0.0185166164668	0.0126668802371	0.0514757099099	0.0235975922145	-0.0505962708289	-0.00110052095881	-0.0791695136846	-0.0221167837829	-0.0375279330258	-0.0208395503282	0.00459253187356	-0.022427965491	0.0324922838019	-0.0569014564262	-0.0719268745051	1.0	-0.0176527164496	0.00506035709363	0.0234777735452	0.00859794115472	-0.0238270011128	-0.00156556974858	-0.0231774168839	-0.0344846640993	-0.0144630911388	0.00142349484966	0.0143321625817	-0.00212490756123	-0.0197013836584	0.0523935082786	-0.0109609321225	-0.0283412504057	0.0361283912372	0.0660082822787	-0.0101625129518	0.00244479534264	0.0261194247608	0.0111188555544	0.023887690744	0.0674770380999	-0.00878258933259	0.00545857043478	0.0162966353324	0.0254742390944	-0.0118734486771	0.00103791783202	-0.0200635830665	-0.058258107134	0.0284288661126	-0.0120475694237	-0.0729627249272	-0.0773513254344	-0.0124272714203	0.0323951811764	0.0637832290124	0.0322216966715	-0.00958088060673	0.0153826127353	-0.0373283413891
k__Bacteria;p__Bacteroidetes;c__Bacteroidia;o__Bacteroidales;f__Bacteroidaceae;g__Bacteroides;s__Bacteroides_fragilis	-0.0627624351895	0.0269261853886	-0.00524482590862	-0.017709463187	-0.0165716076386	-0.0564586004581	0.0120035197338	-0.0301487431488	0.0115412297048	-0.0447243527074	-0.0121871518849	-0.0286003097186	-0.0408285712743	-0.0414375944181	-0.0127105646939	-0.0176527164496	1.0	-0.0234151647525	0.0238101357338	-0.0528851549394	-0.00522099165217	-0.0824654289069	0.0690038569912	-0.0600114574859	-0.0380991521831	0.0132052034241	0.0380991689443	0.0442064501479	0.0411273432138	0.0190106284472	-0.103780556695	0.016542584735	0.0367429151018	-0.0375101630049	-0.0140023262935	-0.0139518875623	0.0501389153955	-0.0383339298551	-0.0566949751693	-0.0333666974858	0.00888244582232	-0.00248056831408	-0.0689383881892	-0.0243966059665	0.0122327273158	-0.0172617652559	0.0448883361986	-0.0174732470553	-0.0184457621707	0.0431330992419	-0.0353199254727	0.00978896018215	0.00787477233805	0.0139766309599	0.0261691758502	0.0507047688857	0.0505976695751	-0.0175402130624	-0.0152057806732
k__Bacteria;p__Proteobacteria;c__Betaproteobacteria;o__Burkholderiales;f__Sutterellaceae;g__Sutterella;s__Sutterella_wadsworthensis	0.0769835399057	-0.0314128390031	0.0347316017234	0.0375201245447	-0.0372749141241	0.0663664559557	0.0170866452283	0.0395458891325	-0.00576164440336	-0.0118481180356	0.0105281986039	-0.00297561721456	0.0174963735492	0.0161888866129	-0.0107313689538	0.00506035709363	-0.0234151647525	1.0	-0.014886362248	0.0197209702344	-0.0378886952728	-0.00945122069654	0.0319716900522	-0.065467154622	-0.001196965908	-0.0375048946365	-0.00768643023732	-0.0295239533327	0.018525930536	-0.00211348106631	-0.0127515280991	0.0138793193509	-0.104557061871	-0.0428522575209	-0.0219857603862	-0.0201196352164	0.00365160887064	0.0541479064734	0.00843103532752	-0.0342845417459	-0.023665511802	0.00233724689468	0.0402470284757	0.00264318641914	-0.0700561343055	0.0254826088598	-0.0941875175006	0.0060254669231	-0.104771773568	-0.034229891341	0.00887748002037	-0.0722350134425	-0.0131388434664	0.00300538203538	-0.00120047478098	-0.0578432855432	0.0604917964156	-0.0199225025556	-0.00781118198585
k__Bacteria;p__Bacteroidetes;c__Bacteroidia;o__Bacteroidales;f__Porphyromonadaceae;g__Barnesiella;s__Barnesiella_intestinihominis	0.0254127228122	-0.0413224647951	-0.0488302359485	0.0106895017589	0.0141908340987	-0.0249202913596	0.0148302294117	0.00619294298674	0.0124059979124	0.0148146011755	0.0310905294373	0.0313361898259	0.010462052768	-0.0563236006566	-0.0349642998476	0.0234777735452	0.0238101357338	-0.014886362248	1.0	-0.00991449725362	-0.0614081006442	-0.0154677196562	-0.0535964236332	0.074727348936	-0.0344162272042	0.014962527296	-0.0740394321257	0.0130277211595	-0.036569527909	0.0225157114308	0.0208707156871	-0.0332442811535	-0.0265699487301	0.000921670971758	0.0068573094039	0.0522131847661	-0.0557950319007	0.0180467419619	0.0395562791172	-0.0534912601284	-0.0276103391523	-0.0474785651625	-0.0039557142463	0.031343513096	-0.096239535856	-0.00233816785108	-0.022716827799	0.000537567292585	-0.014813854996	0.0190253845312	-0.0120325641087	0.0102436346799	-0.0154497756389	-0.0067189784644	0.00158253412577	0.0280494357992	-0.0781882675232	-0.0462824962586	-0.0104083014882
k__Bacteria;p__Bacteroidetes;c__Bacteroidia;o__Bacteroidales;f__Odoribacteraceae;g__Odoribacter;s__Odoribacter_splanchnicus	-0.057537927742	-0.0382413696667	-0.0366057254366	0.0118472549982	-0.0161772672649	0.0703264384726	-0.00823687309706	-0.0550401531193	0.0182494903714	0.0308156019549	-0.000984116864698	0.0343813021094	0.00269195126736	0.0123704363446	-0.00685206462145	0.00859794115472	-0.0528851549394	0.0197209702344	-0.00991449725362	1.0	0.00255924098659	-0.00240566551276	0.0146465755802	-0.0178194828043	0.0362650304484	-0.00606539502233	-0.0180094099031	-0.0163742957032	-0.00507243625809	0.0238240648955	-0.0243815889659	-0.0723588831267	0.0124964266841	-0.04167253017	0.0102689938276	-0.0381872756273	-0.0504127163547	-0.00647848767999	0.0301850633024	0.00751720796889	0.0444222153232	-0.0508022752913	0.00330887662337	-0.0213164759838	0.0523305466493	-0.0286137324108	-0.0279833656668	0.00347592335201	-0.0280095475812	0.0251383608326	-0.0101515827121	0.0128297176762	0.0446431538814	-0.0147521577433	-0.0387068428384	0.0254952724278	-0.0334172753989	0.000752450347871	0.00968275339541
k__Bacteria;p__Bacteroidetes;c__Bacteroidia;o__Bacteroidales;f__Bacteroidaceae;g__Bacteroides;s__Bacteroides_salyersiae	-0.0936934560577	0.0097112549946	0.0110030182384	0.0405608247558	-0.0169858958951	-0.0483219743713	0.0142496915094	-0.0144592359904	-0.00538129839582	0.00296300237598	-0.0268381634015	-0.0544345434207	-0.0329720354825	-0.013544441648	0.0401732975412	-0.0238270011128	-0.00522099165217	-0.0378886952728	-0.0614081006442	0.00255924098659	1.0	-0.0383511610718	-0.0444867234569	-0.0520889015274	0.0159200597077	0.00816349852306	-0.0349408473437	-0.105894867344	0.0476879297692	0.0118229153127	-0.0444968903256	-0.0205097858641	-0.0358405490305	-0.0565599399089	-0.0879054697926	-0.0323229518553	0.00640107323338	-0.0128311260696	0.0442374763714	-0.0110716057124	0.00906413123591	0.050276398609	0.0563102707021	-0.00519831130407	-0.0182572880134	0.0562308785619	0.0123014404913	0.0190581518118	-0.00631544039307	-0.00709449790673	-0.00591957939027	0.0464278599542	0.00585598836364	-0.0271659592207	-0.00909068178492	-0.0035969648945	0.048588440563	0.054900307508	-0.00350078715083
k__Bacteria;p__Firmicutes;c__Clostridia;o__Clostridiales;f__Ruminococcaceae;g__Ruminiclostridium;s__[Eubacterium]_siraeum	-0.00430204124233	0.0354412214919	-3.45770448846e-06	-0.0458533591002	0.0158191379208	0.0309095512933	0.00447680182871	-0.0627231757844	-0.0297726140413	-0.0122317719653	-0.0522331311908	0.0232185991744	-0.045615293192	0.0385351335615	-0.0138150839662	-0.00156556974858	-0.0824654289069	-0.00945122069654	-0.0154677196562	-0.00240566551276	-0.0383511610718	1.0	-0.0379379992931	0.0115170999226	0.0250384803221	-0.00709372120477	0.0615971423897	0.000507275347391	-0.0439686731731	-0.0188862877014	0.0017221224284	-0.0287994332527	-0.0138839400379	0.00316260026939	-0.061180986854	0.0416270150234	0.0016009283446	0.0570682911245	0.0189577222191	-0.0404359539973	-0.0721868666633	-0.0467899078506	0.0136494785871	0.0369556037642	-0.0619746201668	-0.031550431073	-0.00481569361009	-0.000602868559082	-0.031512770929	-0.0391565027407	-0.0572611430741	0.0313328227298	-0.000404325521792	0.0213037411025	-0.0392552824586	0.0482896467543	0.00726365959427	-0.0312188771915	0.0622877622134
k__Bacteria;p__Proteobacteria;c__Betaproteobacteria;o__Burkholderiales;f__Sutterellaceae;g__Parasutterella;s__Parasutterella_excrementihominis	-0.0154062472576	-0.0127207807287	-0.0661284929537	0.00363240029648	-0.0415684754161	-0.0222578144401	-0.0133356050645	-0.0376828029084	0.0184535972665	-0.0341134436828	-0.0434831715271	-0.0266181627337	0.00922166299858	0.00108356236895	-0.0012034481511	-0.0231774168839	0.0690038569912	0.0319716900522	-0.0535964236332	0.0146465755802	-0.0444867234569	-0.0379379992931	1.0	0.0242947109881	-0.0128945756121	0.0183054096229	0.0433537876262	-0.0264768617977	0.0420730013275	-0.0020215052724	-0.0175612501647	-0.00678388879764	-0.00170613687876	-0.0290245560516	0.0279291881952	-0.0776727656811	0.0277793982609	-0.0298906492556	0.00635253333754	0.0252438693232	0.0402898449333	-0.0882068630696	-0.0775508835495	0.00831824149159	-0.026090583052	-0.0898729440257	0.0904695416045	0.0563435764586	0.0169292930794	-0.0148127309179	-0.0140050866806	-0.0260803805944	-0.0281620767106	-0.0356018350728	-0.0196605162587	-0.0438634055799	-0.00746616303205	0.00689722831709	-0.0221241850881
k__Bacteria;p__Actinobacteria;c__Actinobacteria;o__Bifidobacteriales;f__Bifidobacteriaceae;g__Bifidobacterium;s__Bifidobacterium_adolescentis	-0.022157195053	0.0277362040133	0.0241926882064	-0.00579085093966	-0.0893261229304	-0.0380219197313	0.0212790179552	-0.0428760133889	-0.0114257593568	0.0195235596844	0.0561213663781	-0.00835707221483	0.0208295012026	0.0257168179884	-0.00984673544726	-0.0344846640993	-0.0600114574859	-0.065467154622	0.074727348936	-0.0178194828043	-0.0520889015274	0.0115170999226	0.0242947109881	1.0	-0.0439840031251	-0.0753031119999	0.00295660730444	-0.00401342974549	-0.0190224577139	0.0314670444855	0.00821359789755	-0.0101899907	0.0140741732823	-0.0566534880503	-0.0487850452452	0.0454204339658	-0.0052178947486	-0.0239527421008	-0.00212514514459	0.0161356644706	-0.0111760940233	0.0365383630081	-0.0285418828479	0.0615021668353	-0.0241490114117	0.00672913670957	-0.00452359076539	-0.0360637162422	-0.026995808671	-0.0403687751449	0.0223998555573	0.0176016267387	-0.0704499320401	0.0176214774405	-0.0805149449199	-0.0336516481957	-0.00755231902589	0.0247799113815	-0.00882842725169
k__Bacteria;p__Firmicutes;c__Clostridia;o__Clostridiales;f__Oscillospiraceae;g__Oscillibacter;s__Oscillibacter_sp._KLE_1745	-0.0142235493699	-0.013569627589	0.0276923830411	0.00353547825028	0.0108419205752	0.0541646739962	-0.042488768758	-0.0497166618342	0.0360807853046	-0.00308222106152	-0.0379010478651	-0.00771132153119	0.0125346772534	-0.0153689951643	0.0418287613811	-0.0144630911388	-0.0380991521831	-0.001196965908	-0.0344162272042	0.0362650304484	0.0159200597077	0.0250384803221	-0.0128945756121	-0.0439840031251	1.0	-0.00529497860205	0.0148743960378	-0.0208071743788	-0.05868412851	-0.00955639026321	-0.0453012888475	-0.0274324856744	0.027614004682	-0.0257524210325	0.0101346387654	0.0163495601855	-0.0150606132773	-0.0343837412083	-0.0185118850921	-0.0227105064591	0.00359706507111	-0.00451821914181	0.00871593649109	-0.0333535433268	0.0254130625772	0.0154260501489	-0.00617027327364	0.014028687697	0.0220404339912	-0.0439883251872	0.0425737228998	-0.0880821357045	-0.0234521448162	-0.0385273293823	-0.0188063496525	-0.0189502931812	-0.0191545956702	-0.0197215022301	-0.00339767960954
k__Bacteria;p__Bacteroidetes;c__Bacteroidia;o__Bacteroidales;f__Bacteroidaceae;g__Bacteroides;s__Bacteroides_coprophilus	-0.0345674351154	0.0154309347287	-0.0316117108188	0.0132068044814	-0.0303435024323	0.00735517952902	-0.00813163479674	0.051190865651	0.0223989571031	-0.029665656727	-0.104821687584	-0.0225562575998	-0.00244950833975	0.0521589406455	-0.000341918052353	0.00142349484966	0.0132052034241	-0.0375048946365	0.014962527296	-0.00606539502233	0.00816349852306	-0.00709372120477	0.0183054096229	-0.0753031119999	-0.00529497860205	1.0	-0.0848707608889	0.0310661020729	0.0627279436169	-0.0489805419941	-0.0302978579896	0.00550896853625	0.084797214212	0.00955768763811	0.00975704153633	-0.0275088607128	-0.055874530765	-0.00068352571184	0.0473378523995	-0.0122483000769	-0.0017548914044	0.00262413061833	0.0144655996434	-0.044430635836	-0.0428935778517	0.0306202379805	-0.0106228427396	0.0121391722767	-0.0316501372586	0.0312342777368	-0.0173869432141	-0.0699861113867	-0.0782123698956	-0.102616133945	0.00857283064381	-0.0493844444868	-0.0100463323564	0.0268964508569	-0.000470377593254
k__Bacteria;p__Firmicutes;c__Clostridia;o__Clostridiales;f__Lachnospiraceae;g__Roseburia;s__Roseburia_intestinalis	-0.0217214102126	-0.00857219694332	0.0350520948957	-0.0111492283406	-0.0235672732161	-0.000435149535697	0.0485042831387	-0.0640559498632	-0.0172363968729	0.0286021081056	0.0312263145042	-0.0655900964486	0.0274817851991	-0.0484995737088	-0.0429255101285	0.0143321625817	0.0380991689443	-0.00768643023732	-0.0740394321257	-0.0180094099031	-0.0349408473437	0.0615971423897	0.0433537876262	0.00295660730444	0.0148743960378	-0.0848707608889	1.0	0.0052609396362	0.0384971696269	-0.0153758579823	-0.0497537859353	-0.0137840475353	-0.0294789786063	0.0240747124105	-0.101046508233	0.00432441243752	-0.0990613719617	0.00900527977575	0.00541299206746	-0.0806782168742	-0.0449080853419	-0.0800046634541	-0.00990124114859	-0.00815104455153	0.0111455264628	-0.0253047507182	0.0106925494287	0.0264077708116	0.00703589200594	-0.0528731033532	0.0192176918689	-0.0640365138758	0.00964559539715	-0.0185774598221	0.0735443278815	-0.0132374610218	-0.0308026009632	-0.00182962216365	-0.00723410285935
k__Bacteria;p__Firmicutes;c__Clostridia;o__Clostridiales;f__Lachnospiraceae;g__Roseburia;s__Roseburia_hominis	-0.0640527407474	-0.00321299939466	0.0332757617277	0.0425401466136	0.0139622893754	-0.0629960083426	-0.0466295304932	-0.0234664775193	-0.0219699196309	-0.104610823654	-0.0583561226463	-0.00301558140995	-0.0717892438693	0.0124412946799	-0.0362598916603	-0.00212490756123	0.0442064501479	-0.0295239533327	0.0130277211595	-0.0163742957032	-0.105894867344	0.000507275347391	-0.0264768617977	-0.00401342974549	-0.0208071743788	0.0310661020729	0.0052609396362	1.0	0.0516045702803	0.0420787524316	0.0228959186468	0.0146818483235	-0.00211499409138	0.0915796216809	0.0225062305295	-0.076644503069	0.016631673435	0.0282956300922	-0.021700231049	0.0422507544294	-0.0482238950168	-0.0565023910912	0.0443432706884	0.0144035937163	-0.0527191596605	0.00811946257759	-0.011308870026	0.0276329836286	-0.00413433738453	-0.0378472315461	0.0105940366183	-0.0625598476523	-0.0648129421042	-0.00821769504066	0.0351310435371	-0.060050373599	-0.0248147798029	-0.0352209317831	-0.0144744417724
k__Bacteria;p__Bacteroidetes;c__Bacteroidia;o__Bacteroidales;f__Porphyromonadaceae;g__Parabacteroides;s__Parabacteroides_johnsonii	-0.0427756565536	0.0309639305919	0.0147991854556	0.00131392221514	-0.0778001566006	0.000784222011553	0.0136676250479	0.00249001275079	-0.00127088149536	0.0431876216004	-0.0327065759668	-0.0298198552385	-0.0162002523088	-0.00970507686596	-0.0141852021761	-0.0197013836584	0.0411273432138	0.018525930536	-0.036569527909	-0.00507243625809	0.0476879297692	-0.0439686731731	0.0420730013275	-0.0190224577139	-0.05868412851	0.0627279436169	0.0384971696269	0.0516045702803	1.0	0.0109132123398	-0.0815385827113	0.0366765026436	-0.0207904945234	0.0666865434075	-0.0191817296441	0.00956819061554	-0.0145575176291	-0.0515975040912	-0.000181086388593	-0.0611787090819	0.03132414762	0.00157756993988	0.0100966225985	-0.129331697472	-0.103707285286	-0.0159920447947	-0.00494940602987	-0.0174233948756	-0.0171352579117	-0.0301958592133	0.0327927004578	0.00968017811527	0.038886830344	-0.0745141425066	-0.0489156387357	-0.0195725317562	0.00831161742741	0.00810360352245	-0.0342609721734
k__Bacteria;p__Actinobacteria;c__Actinobacteria;o__Bifidobacteriales;f__Bifidobacteriaceae;g__Bifidobacterium;s__Bifidobacterium_longum	0.0349468443711	-0.0529805446476	-0.0299873722831	0.0468332628414	-0.0389682280758	-0.00907008932869	0.0260404311722	0.0296090494336	-0.0237025864809	-0.00413157582577	0.00820382642691	-0.00504923349508	-0.0438278442724	-0.0194263806455	-0.00915161187166	0.0523935082786	0.0190106284472	-0.00211348106631	0.0225157114308	0.0238240648955	0.0118229153127	-0.0188862877014	-0.0020215052724	0.0314670444855	-0.00955639026321	-0.0489805419941	-0.0153758579823	0.0420787524316	0.0109132123398	1.0	-0.0193998169365	-0.021821402049	0.0285276408621	-0.0962807186761	0.0293514737314	0.00962953518718	0.057060221324	-0.0342428214723	0.011561876235	-0.0197710426305	-0.0780165108962	-0.0128100914044	-0.0172265141607	-0.00695427830471	-0.000399692164978	-0.0324637811478	0.0031493273957	0.0501007677653	-0.0263067792208	-0.00251113246974	0.0194657536997	0.00286671906737	0.0298811536086	-0.060177128303	0.00427436300787	-0.0255097870657	0.0567145626554	-0.0812525330067	-0.0378709575082
