#taxonomy	k__Bacteria;p__Bacteroidetes;c__Bacteroidia;o__Bacteroidales;f__Bacteroidaceae;g__Bacteroides;s__Bacteroides_vulgatus	k__Bacteria;p__Bacteroidetes;c__Bacteroidia;o__Bacteroidales;f__Bacteroidaceae;g__Bacteroides;s__Bacteroides_uniformis	k__Bacteria;p__Bacteroidetes;c__Bacteroidia;o__Bacteroidales;f__Rikenellaceae;g__Alistipes;s__Alistipes_putredinis	k__Bacteria;p__Bacteroidetes;c__Bacteroidia;o__Bacteroidales;f__Prevotellaceae;g__Prevotella;s__Prevotella_copri	k__Bacteria;p__Bacteroidetes;c__Bacteroidia;o__Bacteroidales;f__Bacteroidaceae;g__Bacteroides;s__Bacteroides_stercoris	k__Bacteria;p__Bacteroidetes;c__Bacteroidia;o__Bacteroidales;f__Bacteroidaceae;g__Bacteroides;s__Bacteroides_ovatus	k__Bacteria;p__Bacteroidetes;c__Bacteroidia;o__Bacteroidales;f__Rikenellaceae;g__Alistipes;s__Alistipes_shahii	k__Bacteria;p__Firmicutes;c__Clostridia;o__Clostridiales;f__Ruminococcaceae;g__Faecalibacterium;s__Faecalibacterium_prausnitzii	k__Bacteria;p__Bacteroidetes;c__Bacteroidia;o__Bacteroidales;f__Rikenellaceae;g__Alistipes;s__Alistipes_finegoldii	k__Bacteria;p__Bacteroidetes;c__Bacteroidia;o__Bacteroidales;f__Porphyromonadaceae;g__Parabacteroides;s__Parabacteroides_distasonis	k__Bacteria;p__Bacteroidetes;c__Bacteroidia;o__Bacteroidales;f__Bacteroidaceae;g__Bacteroides;s__Bacteroides_thetaiotaomicron	k__Bacteria;p__Bacteroidetes;c__Bacteroidia;o__Bacteroidales;f__Bacteroidaceae;g__Bacteroides;s__Bacteroides_coprocola	k__Bacteria;p__Bacteroidetes;c__Bacteroidia;o__Bacteroidales;f__Bacteroidaceae;g__Bacteroides;s__Bacteroides_cellulosilyticus	k__Bacteria;p__Bacteroidetes;c__Bacteroidia;o__Bacteroidales;f__Rikenellaceae;g__Alistipes;s__Alistipes_obesi	k__Bacteria;p__Firmicutes;c__Clostridia;o__Clostridiales;f__Lachnospiraceae;g__;s__[Eubacterium]_rectale	k__Bacteria;p__Bacteroidetes;c__Bacteroidia;o__Bacteroidales;f__Bacteroidaceae;g__Bacteroides;s__Bacteroides_plebeius	k__Bacteria;p__Bacteroidetes;c__Bacteroidia;o__Bacteroidales;f__Bacteroidaceae;g__Bacteroides;s__Bacteroides_fragilis	k__Bacteria;p__Proteobacteria;c__Betaproteobacteria;o__Burkholderiales;f__Sutterellaceae;g__Sutterella;s__Sutterella_wadsworthensis	k__Bacteria;p__Bacteroidetes;c__Bacteroidia;o__Bacteroidales;f__Porphyromonadaceae;g__Barnesiella;s__Barnesiella_intestinihominis	k__Bacteria;p__Bacteroidetes;c__Bacteroidia;o__Bacteroidales;f__Odoribacteraceae;g__Odoribacter;s__Odoribacter_splanchnicus	k__Bacteria;p__Bacteroidetes;c__Bacteroidia;o__Bacteroidales;f__Bacteroidaceae;g__Bacteroides;s__Bacteroides_salyersiae	k__Bacteria;p__Firmicutes;c__Clostridia;o__Clostridiales;f__Ruminococcaceae;g__Ruminiclostridium;s__[Eubacterium]_siraeum	k__Bacteria;p__Proteobacteria;c__Betaproteobacteria;o__Burkholderiales;f__Sutterellaceae;g__Parasutterella;s__Parasutterella_excrementihominis	k__Bacteria;p__Actinobacteria;c__Actinobacteria;o__Bifidobacteriales;f__Bifidobacteriaceae;g__Bifidobacterium;s__Bifidobacterium_adolescentis	k__Bacteria;p__Firmicutes;c__Clostridia;o__Clostridiales;f__Oscillospiraceae;g__Oscillibacter;s__Oscillibacter_sp._KLE_1745	k__Bacteria;p__Bacteroidetes;c__Bacteroidia;o__Bacteroidales;f__Bacteroidaceae;g__Bacteroides;s__Bacteroides_coprophilus	k__Bacteria;p__Firmicutes;c__Clostridia;o__Clostridiales;f__Lachnospiraceae;g__Roseburia;s__Roseburia_intestinalis	k__Bacteria;p__Firmicutes;c__Clostridia;o__Clostridiales;f__Lachnospiraceae;g__Roseburia;s__Roseburia_hominis	k__Bacteria;p__Bacteroidetes;c__Bacteroidia;o__Bacteroidales;f__Porphyromonadaceae;g__Parabacteroides;s__Parabacteroides_johnsonii	k__Bacteria;p__Actinobacteria;c__Actinobacteria;o__Bifidobacteriales;f__Bifidobacteriaceae;g__Bifidobacterium;s__Bifidobacterium_longum	k__Bacteria;p__Firmicutes;c__Clostridia;o__Clostridiales;f__;g__Flavonifractor;s__Flavonifractor_plautii	k__Bacteria;p__Firmicutes;c__Clostridia;o__Clostridiales;f__Clostridiaceae;g__Clostridium;s__Clostridium_phoceensis	k__Bacteria;p__Verrucomicrobia;c__Verrucomicrobiae;o__Verrucomicrobiales;f__Akkermansiaceae;g__Akkermansia;s__Akkermansia_muciniphila	k__Bacteria;p__Bacteroidetes;c__Bacteroidia;o__Bacteroidales;f__Prevotellaceae;g__Paraprevotella;s__Paraprevotella_xylaniphila	k__Bacteria;p__Firmicutes;c__Clostridia;o__Clostridiales;f__Ruminococcaceae;g__Ruminococcus;s__Ruminococcus_callidus	k__Bacteria;p__Bacteroidetes;c__Bacteroidia;o__Bacteroidales;f__Rikenellaceae;g__Alistipes;s__Alistipes_senegalensis	k__Bacteria;p__Firmicutes;c__Clostridia;o__Clostridiales;f__Lachnospiraceae;g__Blautia;s__Blautia_sp._KLE_1732	k__Bacteria;p__Bacteroidetes;c__Bacteroidia;o__Bacteroidales;f__Bacteroidaceae;g__Bacteroides;s__Bacteroides_oleiciplenus	k__Bacteria;p__Firmicutes;c__Clostridia;o__Clostridiales;f__Ruminococcaceae;g__Ruminococcus;s__Ruminococcus_bicirculans	k__Bacteria;p__Bacteroidetes;c__Bacteroidia;o__Bacteroidales;f__Bacteroidaceae;g__Bacteroides;s__Bacteroides_fluxus	k__Bacteria;p__Bacteroidetes;c__Bacteroidia;o__Bacteroidales;f__Prevotellaceae;g__Prevotella;s__Prevotella_stercorea	k__Bacteria;p__Firmicutes;c__Clostridia;o__Clostridiales;f__Lachnospiraceae;g__Dorea;s__Dorea_longicatena	k__Bacteria;p__Firmicutes;c__Clostridia;o__Clostridiales;f__Eubacteriaceae;g__Eubacterium;s__[Eubacterium]_eligens	k__Bacteria;p__Firmicutes;c__Clostridia;o__Clostridiales;f__Ruminococcaceae;g__;s__Ruminococcaceae_bacterium_D16	k__Bacteria;p__Firmicutes;c__Clostridia;o__Clostridiales;f__Lachnospiraceae;g__Coprococcus;s__Coprococcus_comes	k__Bacteria;p__Proteobacteria;c__Gammaproteobacteria;o__Enterobacterales;f__Enterobacteriaceae;g__Escherichia;s__Escherichia_coli	k__Bacteria;p__Firmicutes;c__Clostridia;o__Clostridiales;f__Ruminococcaceae;g__Anaerotruncus;s__Anaerotruncus_colihominis	k__Bacteria;p__Firmicutes;c__Clostridia;o__Clostridiales;f__Lachnospiraceae;g__Blautia;s__Blautia_obeum	k__Bacteria;p__Bacteroidetes;c__Bacteroidia;o__Bacteroidales;f__Odoribacteraceae;g__Odoribacter;s__Odoribacter_laneus	k__Bacteria;p__Firmicutes;c__Clostridia;o__Clostridiales;f__Ruminococcaceae;g__Ruminiclostridium;s__[Clostridium]_leptum	k__Bacteria;p__Bacteroidetes;c__Bacteroidia;o__Bacteroidales;f__Porphyromonadaceae;g__Parabacteroides;s__Parabacteroides_goldsteinii	k__Bacteria;p__Firmicutes;c__Clostridia;o__Clostridiales;f__Lachnospiraceae;g__Anaerostipes;s__Anaerostipes_hadrus	k__Bacteria;p__Firmicutes;c__Clostridia;o__Clostridiales;f__Ruminococcaceae;g__Ruminococcus;s__Ruminococcus_lactaris	k__Bacteria;p__Firmicutes;c__Clostridia;o__Clostridiales;f__Clostridiaceae;g__Clostridium;s__Clostridium_sp._L2-50	k__Bacteria;p__Firmicutes;c__Clostridia;o__Clostridiales;f__Clostridiaceae;g__Clostridium;s__Clostridium_sp._M62/1	k__Bacteria;p__Firmicutes;c__Clostridia;o__Clostridiales;f__;g__Intestinimonas;s__Intestinimonas_butyriciproducens	k__Bacteria;p__Actinobacteria;c__Actinobacteria;o__Bifidobacteriales;f__Bifidobacteriaceae;g__Bifidobacterium;s__Bifidobacterium_bifidum	k__Bacteria;p__Firmicutes;c__Negativicutes;o__Veillonellales;f__Veillonellaceae;g__Dialister;s__Dialister_invisus	k__Bacteria;p__Bacteroidetes;c__Bacteroidia;o__Bacteroidales;f__Bacteroidaceae;g__Bacteroides;s__Bacteroides_salanitronis
k__Bacteria;p__Bacteroidetes;c__Bacteroidia;o__Bacteroidales;f__Bacteroidaceae;g__Bacteroides;s__Bacteroides_vulgatus	1.0	0.079808744652	-0.0973331490468	-0.0492323391561	-0.0113250307469	0.000741494991708	0.0885929540551	-0.0388167551767	-0.0178427332437	0.0226338382978	-0.0279181229493	-0.0109039068975	-0.0312492307905	-0.00938803468829	0.0273664661673	0.0306707249132	-0.0506620826294	-0.0196159822782	-0.102773393881	-0.0131999792178	0.0149345797738	0.0087348084819	0.000110517036055	-0.0249804146015	-0.00325464431341	-0.0102066077926	0.0602460210083	0.00578982147863	-0.044751566132	-0.0609164610894	0.0282232046289	-0.0311164051204	0.0194595309727	0.0296094645824	0.00313776097037	-0.00188236011099	0.0260033588242	-0.000469083449329	-0.0149171719457	-0.0687479232889	-0.063181473908	-0.0590310500776	-0.0269152119064	0.00552070764393	-0.0191765369359	-0.0569904345679	0.0217174653985	0.0123284776963	0.0215645893891	-0.0182027968278	-0.00669780475002	-0.012293815741	0.00859571497886	-0.00026256277488	-0.0258489008525	0.0247729495624	-0.00742201917426	0.0418657145208	-0.0282204240123
k__Bacteria;p__Bacteroidetes;c__Bacteroidia;o__Bacteroidales;f__Bacteroidaceae;g__Bacteroides;s__Bacteroides_uniformis	0.079808744652	1.0	-0.00671363188346	-0.0209522858283	0.068931242984	-0.0043421022656	-0.0538545329574	-0.089961975575	-0.0266745982575	-0.036458474168	-0.0292030693741	0.0634537802841	0.00743814928901	0.0550510879485	0.00480153236149	-0.0466070334064	-0.00689239565501	-0.00634995185634	0.0298964551809	-0.0302335459831	0.0566489306589	-0.0196269813723	0.00288896504799	-0.0492224824154	-0.0529404609321	-0.00821948085551	0.00771830789059	0.0279429832358	-0.0368191898174	-0.0216714531075	-0.0182328105663	0.0395510024227	-0.0329729514554	0.00637747413252	0.00959145597864	-0.0508113075666	-0.03794143121	0.00816919495396	0.0269920251372	-0.0595773680142	-0.0189712865607	-0.077627442831	0.0160795802245	0.00349543087485	0.0604982089894	-0.021452902646	-0.0350730975514	-0.0450441537067	0.00654165860967	-0.0360274000345	0.0114709482783	0.00417879472877	0.0399394391713	0.023307128877	-0.0211675957	0.00553752852708	0.0413823802972	-0.0629709187901	-0.0279115009906
k__Bacteria;p__Bacteroidetes;c__Bacteroidia;o__Bacteroidales;f__Rikenellaceae;g__Alistipes;s__Alistipes_putredinis	-0.0973331490468	-0.00671363188346	1.0	-0.01894730977	0.0197871192797	-0.0094105796457	0.0410176601732	0.0276519684598	0.0184557159806	-0.0123505909418	-0.0409463222777	0.0548759390906	-0.00757685195361	-0.054841545336	-0.0162782354183	-0.0368263925359	0.00957469927523	-0.00424046344002	0.0518925690895	0.0271746225834	-0.0358868903105	-0.0225166123038	0.0471803928521	-0.056547369015	-0.000373932548864	0.0145686408302	-0.0203952129537	-0.0378707029768	0.0614422249932	-0.0535458953972	-0.0442154441728	-0.047649943607	0.0093725623929	-0.0029276574946	-0.0353577767152	0.0110663550532	0.00207657143926	-0.0237011196823	-0.00943198329215	-0.038633055466	-0.0163083099913	0.0252662739278	-0.0140123172787	-0.0114858197882	-0.0802633524355	-0.00584153056344	-0.0399735847141	-0.07591490479	0.0125840622087	-0.032106726396	-0.0252175448653	0.0569690212073	-0.0476872463984	0.00401102908563	-0.0287230753845	-0.0397324257297	0.00503387909868	-0.0490891270821	-0.0184237847685
k__Bacteria;p__Bacteroidetes;c__Bacteroidia;o__Bacteroidales;f__Prevotellaceae;g__Prevotella;s__Prevotella_copri	-0.0492323391561	-0.0209522858283	-0.01894730977	1.0	0.0107580700482	-0.0361918905137	0.0368859114676	-0.0355794548398	-0.0204730168678	-0.0018180916835	0.0633103294665	-0.0495499939132	0.00228684541232	-0.0293751410064	-0.0243448186463	-0.0551457366069	-0.0347364814649	-0.0496320964312	0.0586030670545	-0.0115721663854	-0.0153478483061	-0.0117909086134	-0.0158081478922	-0.0225371264594	-0.00356028317742	0.00407646675443	-0.0280491771252	-0.036483479215	-0.0404290567599	0.0673061933503	-0.0861746460019	-0.0817043041531	0.048333599149	0.00526149447117	0.0100629437067	-0.0134625020502	-0.0317395897736	0.0100376665197	0.0145911468018	-0.0045847410081	-0.00803568067533	-0.0295574386507	0.0142507099385	-0.0027472941016	-0.0190511272479	-0.0738888353792	0.00979732241952	0.0179816142398	-0.0965037206942	-0.0407934584182	-0.0453901962843	-0.00102801103867	0.0846829615287	0.0380538808252	0.0161771997285	0.0133349610515	-0.0214278393315	-0.0321860891164	0.0138949531962
k__Bacteria;p__Bacteroidetes;c__Bacteroidia;o__Bacteroidales;f__Bacteroidaceae;g__Bacteroides;s__Bacteroides_stercoris	-0.0113250307469	0.068931242984	0.0197871192797	0.0107580700482	1.0	-0.0451890915317	-0.0210602891948	-0.0148735479938	-0.0270310692297	0.00159176832616	-0.0383476467446	-0.0410948436144	-0.0442147139072	-0.0168605233836	0.00495545881005	0.033066165026	-0.00877043298312	0.0292487469877	-0.00395855309066	-0.0358945856159	0.0250827450459	0.00925261133165	-0.0496563372226	-0.0568542769749	-0.0208638254884	2.68552636272e-05	-0.000323348110631	-0.0430861139843	0.00666408680216	-0.0105830600643	0.00115292683909	0.0298780049948	-0.00968649471296	-0.0277309080709	0.0352944915703	-0.0376110832303	0.00479653693361	-0.0334619959363	0.0577736495296	-0.0355042882992	0.0233892319221	-0.00130878358705	0.0125315511284	-0.0294546315576	-0.0298989616712	-0.0452779577622	-0.0452307554039	-0.0229520919555	5.64726199646e-05	-0.0417342503662	-0.0247971653229	0.0620789509149	-0.0408365359276	0.014496983477	-0.0443307085556	0.0699853088901	0.0345011929563	0.0114351146437	0.015794748876
k__Bacteria;p__Bacteroidetes;c__Bacteroidia;o__Bacteroidales;f__Bacteroidaceae;g__Bacteroides;s__Bacteroides_ovatus	0.000741494991707	-0.0043421022656	-0.0094105796457	-0.0361918905137	-0.0451890915317	1.0	-0.0560511886555	-0.00278333413252	-0.0886762248734	0.0179066453864	0.0532720334569	0.0726084735566	-0.00383405982767	-0.035824696216	-0.00419228273177	-0.0313302534372	0.00971747381405	0.0112251742533	-0.0393312111111	0.0248058781488	-0.0109713002811	0.0154503724852	0.00533994282041	-0.0219797281161	-0.0873597532973	-0.0480825158503	0.0623205508704	-0.0506665391525	-0.0322639774568	0.00741173791921	0.0719731989529	-0.0379797688301	-0.0362343456475	0.0559798010753	-0.00105779300858	-0.0424485187032	0.0352664524548	0.0661139963864	-0.0241071039772	-0.000498927739803	-0.000470927582852	-0.0984257552296	0.0256968698301	0.0205183386889	-0.0237575292828	-0.0380413534945	-0.0403981099704	-0.0698428055659	-0.0100810173604	0.0169070449	0.0304919424767	-0.013516436754	-0.0142560816684	-0.0397801006432	0.0340268591974	-0.0692693767244	0.0101005958565	-0.0227571248635	-0.0177657012669
k__Bacteria;p__Bacteroidetes;c__Bacteroidia;o__Bacteroidales;f__Rikenellaceae;g__Alistipes;s__Alistipes_shahii	0.0885929540551	-0.0538545329574	0.0410176601732	0.0368859114676	-0.0210602891948	-0.0560511886555	1.0	0.0158061279343	0.010210132062	0.0164269660125	-0.00199525294	0.0321891050825	0.0157108170625	-0.0519346765417	-0.0238292278504	-0.109573506132	-0.0367434430746	-0.0676212486586	0.0438617375092	-0.0500150407058	-0.0302018640852	0.0179020564065	-0.00950337454871	0.029330710184	0.0087857402071	0.0141338319303	0.0278773780237	-0.0198658605737	-0.000850002597022	-0.0275478089647	-0.0227121468205	0.00420519018172	-0.0273757934174	0.0294208625728	-0.00866889930971	-0.0448546054751	0.00449195922238	-0.0334928467057	0.0213026400263	-0.0307365985318	0.0368226080524	0.024245752473	-0.0697829717951	0.0488000400165	-0.0107502606824	-0.0240358726389	-0.0421307189637	0.0393923529274	-0.0414233456026	-0.076084764818	-0.0425398461185	0.0483743805964	-0.0277239711537	0.0162702913075	-0.00742263049604	-0.00231301590927	-0.035133218446	0.00281090948824	0.014232475962
k__Bacteria;p__Firmicutes;c__Clostridia;o__Clostridiales;f__Ruminococcaceae;g__Faecalibacterium;s__Faecalibacterium_prausnitzii	-0.0388167551767	-0.089961975575	0.0276519684598	-0.0355794548398	-0.0148735479938	-0.00278333413252	0.0158061279343	1.0	0.00349773290556	-0.0283542908044	0.0308397509074	-0.00723897258736	-0.019840253838	-0.0309997920249	0.0015283963903	-0.0209574105728	-0.0353628130533	-0.033948528785	0.0244451054714	-0.00325481490963	-0.0323283643347	-0.0353933782863	0.0335233163446	-0.0693852721189	-0.0207242859336	0.00304925912939	-0.00709272380764	-0.0342677355675	-0.032735792977	0.0392062971011	0.0113719404597	0.028669605506	-0.0102776001415	-0.0166549735863	-0.00882445294049	0.0459895917214	-0.0380390336951	-0.0137455712601	0.0327012509879	-0.0309954517574	-0.0511767867631	0.0765433976756	0.0168187844624	-0.016019778135	-0.0116258906672	0.0142145449485	-0.0700288065237	0.0473184956043	0.013535758089	-0.0236541300057	0.00684464092764	-0.0192944114833	-0.0341637794639	0.0179958173694	-0.0225544828448	-0.00357614211321	-0.0692492675483	0.0326993397189	-0.0165971833796
k__Bacteria;p__Bacteroidetes;c__Bacteroidia;o__Bacteroidales;f__Rikenellaceae;g__Alistipes;s__Alistipes_finegoldii	-0.0178427332437	-0.0266745982575	0.0184557159806	-0.0204730168678	-0.0270310692297	-0.0886762248734	0.010210132062	0.00349773290556	1.0	0.0305392882617	-0.0233402247977	-0.0125382415515	0.0383626004468	-0.0151749316344	0.0126125455779	0.00268049265435	0.0641560055754	0.00608544369768	-0.0193200026115	-0.00128941217892	-0.0017522208413	0.0262034261757	-0.0018498307224	-0.0148981330202	0.018553565363	-0.0266213423624	0.0450893073956	0.0269476544968	0.0721785771462	-0.00636791240102	-0.0487237044502	0.00423607746057	-0.030261992746	0.038129825874	0.00299420665655	-0.00517942046985	-0.0552482930319	-0.0227742779285	-0.00250846060558	0.0165016270744	-0.0494113103024	-0.0414271010995	-0.0394836958273	-0.0338084017284	-0.0396607263532	0.00142538726413	0.0105869707612	0.0296695279488	-0.0502792671856	0.0123637689711	-0.000924042511369	0.0124358981857	0.0436097842786	-0.013046881757	-0.0290811694028	-0.0450271460076	-0.00339852794152	-0.0481415311155	0.00256761098622
k__Bacteria;p__Bacteroidetes;c__Bacteroidia;o__Bacteroidales;f__Porphyromonadaceae;g__Parabacteroides;s__Parabacteroides_distasonis	0.0226338382978	-0.036458474168	-0.0123505909418	-0.0018180916835	0.00159176832616	0.0179066453864	0.0164269660125	-0.0283542908044	0.0305392882617	1.0	0.0107626415767	0.0203354963541	0.00543772073054	0.0184684245861	-0.021834664798	0.00608225609604	-0.0115636279954	0.0271364111626	-0.0370176227196	-0.0310581392469	0.0205777127969	-0.0253844680143	0.0226098283327	0.0164709822132	-0.0559928076156	0.0324940426207	0.0105023461102	-0.00754629350553	-0.0522962531167	0.00998345517753	-0.0456582803333	-0.0094879315865	-0.0816695568441	-0.0376151821954	0.0853531603517	-0.0306969189671	-0.000577683717641	-0.0210284177915	0.0445851181667	0.0197476146594	-0.0388127278226	-0.0060522665519	0.0377428072716	0.0161799053853	0.0287975634662	0.00201098272056	-0.02426500056	-0.0611868865971	-0.00810675083275	-0.021374964762	0.0564889911192	0.012045946171	0.0976528709075	-0.0391674876662	-0.019805972797	-0.0564169031378	0.00132439542596	-0.031686749263	0.0095937693187
k__Bacteria;p__Bacteroidetes;c__Bacteroidia;o__Bacteroidales;f__Bacteroidaceae;g__Bacteroides;s__Bacteroides_thetaiotaomicron	-0.0279181229493	-0.0292030693741	-0.0409463222777	0.0633103294665	-0.0383476467446	0.0532720334569	-0.00199525294	0.0308397509074	-0.0233402247977	0.0107626415767	1.0	0.058269947041	-0.031461323401	-0.0145576309119	-0.0322130142256	-0.0356555269089	-0.0330404982616	0.0238741247519	-0.0854399503544	0.0211827814458	-0.0652514480687	0.00645249818355	0.0147364125835	-0.0396950505764	0.0809538420675	-0.0306100510891	-0.0700961886656	-0.0844945465961	-0.0781203744991	0.0417775159089	-0.0150915463563	-0.0609585770697	-0.0249607169509	0.0485833261838	-0.058345745297	-0.00390943182975	0.0263455022785	0.00514548976344	0.00761802950582	0.0101772194927	-0.0333151834166	-0.0635601323774	-0.021123111623	-0.0476961181351	0.0127619758952	0.00565802660185	0.00169715275342	-0.0370049000546	0.0319593575794	0.00521798123145	-0.00710434464796	0.0160672077422	0.0352109268176	-0.00112191852359	0.0048535325704	-0.00615083497117	0.00585661042962	0.0702159233548	0.0304503861457
k__Bacteria;p__Bacteroidetes;c__Bacteroidia;o__Bacteroidales;f__Bacteroidaceae;g__Bacteroides;s__Bacteroides_coprocola	-0.0109039068975	0.0634537802841	0.0548759390906	-0.0495499939132	-0.0410948436144	0.0726084735566	0.0321891050825	-0.00723897258736	-0.0125382415515	0.0203354963541	0.058269947041	1.0	0.0239980663321	0.0516676982073	0.00572749550925	0.0335790713965	0.0651064093463	-0.0304490041313	-0.0469654694145	0.0150502278434	-0.0217645520863	0.0287138314998	0.00907800388282	-0.0183968400461	0.0729573601468	-0.0115289267806	-0.0223027721927	-0.0200537567282	0.00309864432184	-0.00057083109605	-0.01759220843	0.061921843136	-0.0861660707682	-0.00715515671344	0.0106459054391	-0.0316870076911	0.0374316794138	-0.0292777835448	0.0223940200392	-0.030179588809	-0.0284346622992	0.0536195167093	0.0529775572383	0.0064790186512	-0.0573993613152	-0.0156618409365	-0.00628592234185	0.0218333736176	0.00639306796767	-0.0322890597716	-0.0226150073011	0.00855375785808	-0.0224375380034	-0.00231719863924	-0.035248635966	-0.0242850933914	-0.00709737180719	-0.0517635753731	-0.0563804398126
k__Bacteria;p__Bacteroidetes;c__Bacteroidia;o__Bacteroidales;f__Bacteroidaceae;g__Bacteroides;s__Bacteroides_cellulosilyticus	-0.0312492307905	0.00743814928901	-0.00757685195361	0.00228684541232	-0.0442147139072	-0.00383405982767	0.0157108170625	-0.019840253838	0.0383626004468	0.00543772073054	-0.031461323401	0.0239980663321	1.0	-0.027492858698	-0.009117774596	0.0527482616499	-0.0455607705657	-0.0383636476951	0.00168328157598	-0.0548940418696	0.00261533529788	0.0310399844934	-0.0549273428378	-0.0109485694023	0.0151060197808	-0.032178895609	-0.0101367826451	-0.108230437794	-0.035285018671	-0.0342468343724	-0.00607437864073	-0.0375174760347	-0.0362905454673	-0.0282962253751	0.00420205326327	-0.0144933317918	0.0215010461297	0.0209029424426	0.0266692376524	0.00575043796749	0.00504611511307	-0.0238476048599	0.0289709958431	0.021635090397	-0.0596435338838	0.0304962995828	-0.00426229992326	0.0389372664532	0.0186988952055	-0.0405407529814	-0.037294380927	0.0146227554504	-0.0166001479694	0.00993852848659	0.0750745817533	0.091270990438	-0.0141030017345	-0.0805420561009	-0.00500390257837
k__Bacteria;p__Bacteroidetes;c__Bacteroidia;o__Bacteroidales;f__Rikenellaceae;g__Alistipes;s__Alistipes_obesi	-0.00938803468829	0.0550510879485	-0.054841545336	-0.0293751410064	-0.0168605233836	-0.035824696216	-0.0519346765417	-0.0309997920249	-0.0151749316344	0.0184684245861	-0.0145576309119	0.0516676982073	-0.027492858698	1.0	0.0541174932413	0.00508760164929	-0.00617112086341	0.0263138868351	0.0134878342109	0.0173136332541	-0.0147282188263	0.00507927215366	0.0319306517148	0.0462035421855	-0.00815170839847	-0.0113894151704	-0.0139616478387	-0.0149096521067	-0.0310397031656	-0.0543541640102	0.0656346135559	-0.0351390646219	0.0315596708947	-0.0337984894055	0.0334722577828	0.00752807494968	-0.0248279669822	-0.0544849585381	0.0147937269917	-0.074325861924	0.0086498431879	-0.0197574147291	0.0765344241116	0.00961052929583	0.00869534301548	-0.0206217236958	-0.0212299126268	0.0547148173642	0.00645679094134	-0.0120926813227	-0.0325589683788	-0.0444446710011	0.0112227336402	0.0417523333511	-0.0122054445097	0.0235444844689	-0.0201887184667	-0.0515238307203	0.0184673930664
k__Bacteria;p__Firmicutes;c__Clostridia;o__Clostridiales;f__Lachnospiraceae;g__;s__[Eubacterium]_rectale	0.0273664661673	0.00480153236149	-0.0162782354183	-0.0243448186463	0.00495545881005	-0.00419228273177	-0.0238292278504	0.0015283963903	0.0126125455779	-0.021834664798	-0.0322130142256	0.00572749550925	-0.009117774596	0.0541174932413	1.0	-0.0265160458873	-0.046836729929	0.0629244993323	-0.0602075225372	-0.00642564899838	0.00474720948096	-0.00747009943349	-0.033962529639	0.0465681980868	-0.0240718251567	0.019766503756	-0.0799317880109	-0.0277590278226	0.00975324733125	0.0493818316436	0.00371561687859	-0.0400172581353	-0.0764939007702	0.0660529187947	0.0218303271074	0.0181738528101	-0.0631615236665	0.00383028926576	-0.0576966060111	0.0211308688266	0.0027033761894	-0.00979489752974	0.000387706485543	-0.0299996453953	-0.0438886987676	-0.00380885597627	0.0768231356262	-0.0157486892137	-0.0105793048323	-0.00415699753241	0.0214206682766	-0.0439942474104	-0.0272203887184	0.130819613521	-0.0149353067349	-0.02736802123	0.0198221432107	0.0518772593092	-0.0720638645044
k__Bacteria;p__Bacteroidetes;c__Bacteroidia;o__Bacteroidales;f__Bacteroidaceae;g__Bacteroides;s__Bacteroides_plebeius	0.0306707249132	-0.0466070334064	-0.0368263925359	-0.0551457366069	0.033066165026	-0.0313302534372	-0.109573506132	-0.0209574105728	0.00268049265435	0.00608225609604	-0.0356555269089	0.0335790713965	0.0527482616499	0.00508760164929	-0.0265160458873	1.0	-0.0316457626696	-0.000311756449466	0.0299424214976	-0.0543257868042	0.0249880819177	0.0214329677653	-0.00387553002652	-0.0372939283367	-0.0282218919612	-0.0177804987375	0.00262939995313	0.00965415500958	-0.0141942504264	-0.0308836267227	0.0311194295368	-0.0110042741122	-0.0182277419775	-0.0445996243951	-0.0344156473024	-0.0662723735119	0.0206345106894	-0.0209590431827	0.0536034932784	-0.0361601090962	0.028114005269	-0.0142783536541	0.0161034460223	-0.0297785233452	0.0147759244249	0.0630211518022	0.0197754557201	0.0040001644336	0.03318847568	0.0266012882285	0.0102338248989	-0.0187920220611	-0.0187157160851	0.017234161171	0.0234534245054	-0.0151271489003	0.0146559158595	-0.0358319440697	-0.0166289137541
k__Bacteria;p__Bacteroidetes;c__Bacteroidia;o__Bacteroidales;f__Bacteroidaceae;g__Bacteroides;s__Bacteroides_fragilis	-0.0506620826294	-0.00689239565501	0.00957469927523	-0.0347364814649	-0.00877043298312	0.00971747381405	-0.0367434430746	-0.0353628130533	0.0641560055754	-0.0115636279954	-0.0330404982616	0.0651064093463	-0.0455607705657	-0.00617112086341	-0.046836729929	-0.0316457626696	1.0	-0.0410182095052	0.0128838360221	-0.00967848007493	-0.0129736822523	0.000722617295381	0.00575471407466	-0.0592957851163	0.00637618552077	-0.0503775962922	-0.0489023067633	0.0105974839295	-0.000121560899503	0.0176680853467	-0.0194334197929	-0.0175555816653	0.0264490203321	-0.0300080670878	-0.0179664437191	-0.0640632333712	-0.01962418503	0.028388582664	-0.0364195222583	0.0173123793961	0.0140489302724	-0.0245387933252	0.00950791291452	-0.0194761400974	-0.0177448078802	0.00638385131259	-0.0229252153462	-0.0253336159154	-0.0105788779906	0.0258836233959	-0.023391608193	-0.0443427800442	0.0266035666599	0.0369273344906	0.0531135746504	-0.0272265862054	-0.0230637949869	-0.0342261281589	-0.000876625062561
k__Bacteria;p__Proteobacteria;c__Betaproteobacteria;o__Burkholderiales;f__Sutterellaceae;g__Sutterella;s__Sutterella_wadsworthensis	-0.0196159822782	-0.00634995185634	-0.00424046344002	-0.0496320964312	0.0292487469877	0.0112251742533	-0.0676212486586	-0.033948528785	0.00608544369768	0.0271364111626	0.0238741247519	-0.0304490041313	-0.0383636476951	0.0263138868351	0.0629244993323	-0.000311756449466	-0.0410182095052	1.0	-0.0390127389727	-0.000285847100723	-0.0602039273905	0.0111469110412	-0.039161630886	-0.058150555451	0.0264319567032	-0.086198915205	0.0285887328246	-0.0555679301703	0.0766281026276	-0.0384280039575	-0.00964908350146	0.0255984839584	-0.00709258491302	-0.0486787900934	0.062579234265	0.0222980837087	0.00699309078713	-0.0187508631866	0.0149721307159	-0.013245574547	0.046218276789	0.0397242033187	-0.0352253502895	0.0189198306176	0.0336218537974	0.00743097890605	-0.0620622686397	-0.0238944623108	0.0350047547434	-0.0166286105822	-0.0713372684157	0.0899969881862	-0.0113983875146	0.00496124473022	-0.0258755363331	-0.0150110390136	-0.00301972364446	-0.0240919653374	-0.0857180676748
k__Bacteria;p__Bacteroidetes;c__Bacteroidia;o__Bacteroidales;f__Porphyromonadaceae;g__Barnesiella;s__Barnesiella_intestinihominis	-0.102773393881	0.0298964551809	0.0518925690895	0.0586030670545	-0.00395855309066	-0.0393312111111	0.0438617375092	0.0244451054714	-0.0193200026115	-0.0370176227196	-0.0854399503544	-0.0469654694145	0.00168328157598	0.0134878342109	-0.0602075225372	0.0299424214976	0.0128838360221	-0.0390127389727	1.0	-0.0342457900983	-0.0813012319258	-0.062490944272	-0.00533779524763	0.108542822412	0.0226234857948	0.0265446675741	0.0273368104461	-0.0705173427105	-0.0175469023435	0.0280018219375	-0.0245935135921	0.0130456814853	-0.0125100372987	0.0537670903987	0.000845763306363	0.0885649829194	-0.0513510458818	0.0587284972809	-0.0237287175597	0.0238603142961	0.0380276615076	-0.0190084441804	-0.0219017970911	0.0142815973037	0.0172416162025	0.102573043619	0.0156557255416	-0.00155306095166	0.0391358284529	-0.0789335561139	-0.0295674981209	0.0108382419746	-0.0620677945801	-0.0181795203207	-0.0177888105796	-0.0461614222617	-0.029097684427	-0.0218677984488	0.0506118549864
k__Bacteria;p__Bacteroidetes;c__Bacteroidia;o__Bacteroidales;f__Odoribacteraceae;g__Odoribacter;s__Odoribacter_splanchnicus	-0.0131999792178	-0.0302335459831	0.0271746225834	-0.0115721663854	-0.0358945856159	0.0248058781488	-0.0500150407058	-0.00325481490963	-0.00128941217892	-0.0310581392469	0.0211827814458	0.0150502278434	-0.0548940418696	0.0173136332541	-0.00642564899838	-0.0543257868042	-0.00967848007493	-0.000285847100723	-0.0342457900983	1.0	0.0206145347098	-0.0610371899019	-0.019558541641	0.0729725663464	-0.0512872253239	-0.0494805161533	0.0645461907455	0.0774339073762	-0.00455178390392	-0.0492190234004	-0.0312137941368	-0.0447658890556	0.017718471854	-0.0670470317736	-0.0402006466907	0.0566252609023	0.0240635521573	-0.0184176994361	-0.04063711642	0.0322538455931	-0.00546980834475	0.0098022672206	0.0271423502973	-0.0012846109456	-0.0663621268741	0.00309711017927	-0.0274218666191	-0.0352259075758	-0.0480727260349	0.0292186344378	0.00837620293907	-0.00587115922399	-0.0324390678643	-0.0144484336066	-0.0117705243913	-0.0578774370951	-0.0407989938899	0.0594429758536	-0.0225343216619
k__Bacteria;p__Bacteroidetes;c__Bacteroidia;o__Bacteroidales;f__Bacteroidaceae;g__Bacteroides;s__Bacteroides_salyersiae	0.0149345797738	0.0566489306589	-0.0358868903105	-0.0153478483061	0.0250827450459	-0.0109713002811	-0.0302018640852	-0.0323283643347	-0.0017522208413	0.0205777127969	-0.0652514480687	-0.0217645520863	0.00261533529788	-0.0147282188263	0.00474720948096	0.0249880819177	-0.0129736822523	-0.0602039273905	-0.0813012319258	0.0206145347098	1.0	0.0726670394115	0.023138121928	-0.0205061413602	0.0199480563602	-0.0631408526666	0.0513609644796	0.00883505420476	0.0250116601719	-0.00301270928892	-0.0735003043342	0.0123681256596	-0.00038357654174	-0.0657544073637	-0.0149076747078	0.049813280941	-0.0717406747976	0.0290064937184	0.010181778317	0.0556585077265	-0.0869288915455	-0.0238856679832	-0.0645256062497	-0.0630628257528	-0.0289484920564	-0.0136906503133	0.0174729975826	-0.0728651825069	0.0215556195104	-0.0212903881214	0.0162387833524	-0.0952966405226	-0.0439794402826	-0.0212836348635	-0.0176440612498	-0.012629492579	-0.0107372868047	-0.0226206422231	0.0216828465867
k__Bacteria;p__Firmicutes;c__Clostridia;o__Clostridiales;f__Ruminococcaceae;g__Ruminiclostridium;s__[Eubacterium]_siraeum	0.0087348084819	-0.0196269813723	-0.0225166123038	-0.0117909086134	0.00925261133165	0.0154503724852	0.0179020564065	-0.0353933782863	0.0262034261757	-0.0253844680143	0.00645249818355	0.0287138314998	0.0310399844934	0.00507927215366	-0.00747009943349	0.0214329677653	0.000722617295381	0.0111469110412	-0.062490944272	-0.0610371899019	0.0726670394115	1.0	0.0234810505232	-0.0381208425451	-0.0224162339051	0.0172841992674	-0.0116986897503	0.018680100236	0.0420994573972	-0.0105894523931	0.0261214338964	-0.0216581938411	0.0156522782418	0.0276985498573	-0.0287535296273	-0.0142446077556	-0.00600409726247	-0.0222550647683	0.010517568807	0.0156013867535	-0.0562268469565	-0.0177476380446	-0.0318817333334	-0.0310665173264	-0.0309456579778	-0.0465584778383	0.00664121524585	-0.0258996885123	-0.0739031973077	-0.0480782093682	-0.0526121220817	-0.0127932806633	-0.00220856688383	0.0339136832131	-0.019890079773	0.0723648428602	-0.00999110595825	0.0179830964906	-0.0471223794887
k__Bacteria;p__Proteobacteria;c__Betaproteobacteria;o__Burkholderiales;f__Sutterellaceae;g__Parasutterella;s__Parasutterella_excrementihominis	0.000110517036055	0.00288896504799	0.0471803928521	-0.0158081478922	-0.0496563372226	0.00533994282041	-0.00950337454871	0.0335233163446	-0.0018498307224	0.0226098283327	0.0147364125835	0.00907800388282	-0.0549273428378	0.0319306517148	-0.033962529639	-0.00387553002652	0.00575471407466	-0.039161630886	-0.00533779524763	-0.019558541641	0.023138121928	0.0234810505232	1.0	0.00542447042574	-0.0548963156802	-0.0184213484621	-0.0459335450812	-0.0234019434992	-0.0201179138003	-0.0298430718893	-0.0014062022917	-0.0381091954778	0.0265427053969	-0.00038937324598	-0.017625165974	-0.0559973472814	0.0368486952878	-0.0796996902307	-0.115490020419	0.0213144981425	-0.109326824337	-0.0542503693228	0.0357572244858	0.0160791804093	0.012683589436	0.00719154464481	-0.0235163448021	-0.0550519459817	-0.0038261208776	-0.0229053827432	-0.0627054433304	0.0629132686898	-0.00715304825252	-0.0346641484939	0.00723161505774	-0.108744497521	0.0437045714734	0.0487667876035	-0.00725191375721
k__Bacteria;p__Actinobacteria;c__Actinobacteria;o__Bifidobacteriales;f__Bifidobacteriaceae;g__Bifidobacterium;s__Bifidobacterium_adolescentis	-0.0249804146015	-0.0492224824154	-0.056547369015	-0.0225371264594	-0.0568542769749	-0.0219797281161	0.029330710184	-0.0693852721189	-0.0148981330202	0.0164709822132	-0.0396950505764	-0.0183968400461	-0.0109485694023	0.0462035421855	0.0465681980868	-0.0372939283367	-0.0592957851163	-0.058150555451	0.108542822412	0.0729725663464	-0.0205061413602	-0.0381208425451	0.00542447042574	1.0	-0.0215603378607	-0.0266063114412	0.032136680026	-0.024317504723	0.00779941218254	-0.014511426555	0.022341879967	-0.0381954862372	0.0408966683298	0.0319925069881	-0.037392761922	-0.0259792106037	-0.0318175449683	-0.0419746669827	0.0129610723665	-0.0143554424013	-0.00101420519116	0.0651479005975	-0.0507651116766	0.0130192873715	0.0291253672173	-0.0144838503686	-0.0256502923842	0.0324831497739	-0.0500063814712	-0.0456073444775	-0.0154139165155	-0.0093116380468	-0.00580400724431	-0.0354212991307	-0.00776292952768	-0.00817968473489	0.0168181759447	-0.0122604593204	0.027798597476
k__Bacteria;p__Firmicutes;c__Clostridia;o__Clostridiales;f__Oscillospiraceae;g__Oscillibacter;s__Oscillibacter_sp._KLE_1745	-0.00325464431341	-0.0529404609321	-0.000373932548864	-0.00356028317742	-0.0208638254884	-0.0873597532973	0.0087857402071	-0.0207242859336	0.018553565363	-0.0559928076156	0.0809538420675	0.0729573601468	0.0151060197808	-0.00815170839847	-0.0240718251567	-0.0282218919612	0.00637618552077	0.0264319567032	0.0226234857948	-0.0512872253239	0.0199480563602	-0.0224162339051	-0.0548963156802	-0.0215603378607	1.0	0.0110333086942	-0.0131642638705	0.00601686019801	0.0170109269952	-0.0077253385992	-0.00057063249658	-0.0229890241233	-0.0308858831734	-0.0383015403953	0.00965256484525	-0.0238830298658	-0.0616033567106	-0.0406542481659	0.0448259828505	0.0216535683889	0.0146264544507	0.0183772791647	-0.0588661923921	0.0713027961888	-0.0442436246947	-0.0658444019027	-0.0112070124814	0.0395353402331	-0.00824553440077	-0.059905188455	-0.0429712135511	-0.00896800093058	-0.0158958896521	0.0608286188304	-0.019700415456	0.00646842019979	0.0306131305096	0.00989761019057	0.0486960832052
k__Bacteria;p__Bacteroidetes;c__Bacteroidia;o__Bacteroidales;f__Bacteroidaceae;g__Bacteroides;s__Bacteroides_coprophilus	-0.0102066077926	-0.00821948085551	0.0145686408302	0.00407646675443	2.68552636272e-05	-0.0480825158503	0.0141338319303	0.00304925912939	-0.0266213423624	0.0324940426207	-0.0306100510891	-0.0115289267806	-0.032178895609	-0.0113894151704	0.019766503756	-0.0177804987375	-0.0503775962922	-0.086198915205	0.0265446675741	-0.0494805161533	-0.0631408526666	0.0172841992674	-0.0184213484621	-0.0266063114412	0.0110333086942	1.0	0.0542591241093	-0.0147826883931	-0.0296380566108	0.0445260058123	-0.0254699411221	-0.00427245134741	0.00393514193567	-0.0395513593699	0.0107615885036	-0.00817392184419	-0.0497211875826	-0.0111873642755	-0.0296567947438	-0.038774049998	0.0872256729457	0.0214203589049	-0.0558221737015	0.013413749362	0.029094582236	-0.0625310492768	-0.0341201247544	-0.000865942030641	-0.0254139613145	-0.0173174718608	0.00859644946081	0.0327137116017	-0.016900903761	0.0395568456336	-0.00335108697131	0.0307818540275	-0.0740667943034	0.0438493819611	-0.041659630604
k__Bacteria;p__Firmicutes;c__Clostridia;o__Clostridiales;f__Lachnospiraceae;g__Roseburia;s__Roseburia_intestinalis	0.0602460210083	0.00771830789059	-0.0203952129537	-0.0280491771252	-0.000323348110631	0.0623205508704	0.0278773780237	-0.00709272380764	0.0450893073956	0.0105023461102	-0.0700961886656	-0.0223027721927	-0.0101367826451	-0.0139616478387	-0.0799317880109	0.00262939995313	-0.0489023067633	0.0285887328246	0.0273368104461	0.0645461907455	0.0513609644796	-0.0116986897503	-0.0459335450812	0.032136680026	-0.0131642638705	0.0542591241093	1.0	-0.0128538524765	-0.00836428723233	-0.00934260881299	-0.0543612305808	0.0141759944599	0.00562074375278	0.00423414039403	0.0157509832197	0.0134803495937	-0.0479159289956	0.0564478181746	-0.0575203720535	-0.0502299702641	-0.0581824380468	-0.03695418189	0.0397035074721	-0.0208929915871	-0.0148852457903	0.059504060351	-0.0872696612039	0.0114960973859	-0.00694726908797	-0.0242576105374	-0.0243078465897	-0.00448467080247	0.0232693121842	0.0257554651258	-0.0509096320496	-0.0143330400681	0.00299758186367	0.0410232636779	-0.0631515411739
k__Bacteria;p__Firmicutes;c__Clostridia;o__Clostridiales;f__Lachnospiraceae;g__Roseburia;s__Roseburia_hominis	0.00578982147863	0.0279429832358	-0.0378707029768	-0.036483479215	-0.0430861139843	-0.0506665391525	-0.0198658605737	-0.0342677355675	0.0269476544968	-0.00754629350553	-0.0844945465961	-0.0200537567282	-0.108230437794	-0.0149096521067	-0.0277590278226	0.00965415500958	0.0105974839295	-0.0555679301703	-0.0705173427105	0.0774339073762	0.00883505420476	0.018680100236	-0.0234019434992	-0.024317504723	0.00601686019801	-0.0147826883931	-0.0128538524765	1.0	0.0455442631133	0.0171573472308	-0.0266678011871	0.0191878480292	-0.0213065539289	-0.0385380834078	-0.00239667340468	0.0394494955933	0.0175948109009	0.0946935071711	0.00228387948558	-0.0165796961797	0.0086861123558	-0.00656760538555	0.0442024920292	0.0406036554295	0.0331340165768	0.0203539656501	0.114337175333	-0.0336695150804	0.00484388095383	-0.0215550117271	0.00354905622712	0.0153401675159	-0.0653618423038	-0.02460609063	-0.0293191862957	-0.0133746112299	-0.0690808501521	-0.0454822331673	0.0123223739056
k__Bacteria;p__Bacteroidetes;c__Bacteroidia;o__Bacteroidales;f__Porphyromonadaceae;g__Parabacteroides;s__Parabacteroides_johnsonii	-0.044751566132	-0.0368191898174	0.0614422249932	-0.0404290567599	0.00666408680216	-0.0322639774568	-0.000850002597022	-0.032735792977	0.0721785771462	-0.0522962531167	-0.0781203744991	0.00309864432184	-0.035285018671	-0.0310397031656	0.00975324733125	-0.0141942504264	-0.000121560899503	0.0766281026276	-0.0175469023435	-0.00455178390392	0.0250116601719	0.0420994573972	-0.0201179138003	0.00779941218254	0.0170109269952	-0.0296380566108	-0.00836428723233	0.0455442631133	1.0	-0.0120790702562	-0.0363516215619	0.0551222758764	0.0616861207549	-0.050946689084	-0.00541335543884	-0.0590978166938	-0.0629811964793	-0.0816013911521	0.011828537451	-0.0165346269974	0.02762997147	0.00265539475662	0.00527567153564	-0.0332289633833	0.0811612994991	-0.0195376693256	-0.00884575640159	-0.0553753317395	-0.0166599342744	0.027137760364	-0.0236114155621	-0.00728193769739	0.0169803221332	-0.0113892459866	0.0179498832683	-0.00515009072461	-0.0121463559945	-0.0185348079524	-0.0109161098008
k__Bacteria;p__Actinobacteria;c__Actinobacteria;o__Bifidobacteriales;f__Bifidobacteriaceae;g__Bifidobacterium;s__Bifidobacterium_longum	-0.0609164610894	-0.0216714531075	-0.0535458953972	0.0673061933503	-0.0105830600643	0.00741173791921	-0.0275478089647	0.0392062971011	-0.00636791240102	0.00998345517753	0.0417775159089	-0.00057083109605	-0.0342468343724	-0.0543541640102	0.0493818316436	-0.0308836267227	0.0176680853467	-0.0384280039575	0.0280018219375	-0.0492190234004	-0.00301270928892	-0.0105894523931	-0.0298430718893	-0.014511426555	-0.0077253385992	0.0445260058123	-0.00934260881299	0.0171573472308	-0.0120790702562	1.0	-0.0240202049637	0.0224108557714	-0.0152106403079	-0.0180097124323	-0.0161369340788	0.00440392943165	0.00480549105355	-0.0423393915184	0.0395094466166	-0.0323975295744	0.00428494382794	-0.010658945533	0.00284224726587	-0.0229922298104	-0.044480404116	0.00495963499676	0.059289333357	-0.0342028314425	0.00571423846073	-0.00195086878504	0.0345499896924	0.00391768139345	-0.00115480487088	0.00903837625298	-0.0154824977329	-0.0170160153999	-0.00687349930516	-0.0341333419936	-0.0141744224382
