#taxonomy	k__Bacteria;p__Bacteroidetes;c__Bacteroidia;o__Bacteroidales;f__Bacteroidaceae;g__Bacteroides;s__Bacteroides_vulgatus	k__Bacteria;p__Bacteroidetes;c__Bacteroidia;o__Bacteroidales;f__Bacteroidaceae;g__Bacteroides;s__Bacteroides_uniformis	k__Bacteria;p__Bacteroidetes;c__Bacteroidia;o__Bacteroidales;f__Rikenellaceae;g__Alistipes;s__Alistipes_putredinis	k__Bacteria;p__Bacteroidetes;c__Bacteroidia;o__Bacteroidales;f__Prevotellaceae;g__Prevotella;s__Prevotella_copri	k__Bacteria;p__Bacteroidetes;c__Bacteroidia;o__Bacteroidales;f__Bacteroidaceae;g__Bacteroides;s__Bacteroides_stercoris	k__Bacteria;p__Bacteroidetes;c__Bacteroidia;o__Bacteroidales;f__Bacteroidaceae;g__Bacteroides;s__Bacteroides_ovatus	k__Bacteria;p__Bacteroidetes;c__Bacteroidia;o__Bacteroidales;f__Rikenellaceae;g__Alistipes;s__Alistipes_shahii	k__Bacteria;p__Firmicutes;c__Clostridia;o__Clostridiales;f__Ruminococcaceae;g__Faecalibacterium;s__Faecalibacterium_prausnitzii	k__Bacteria;p__Bacteroidetes;c__Bacteroidia;o__Bacteroidales;f__Rikenellaceae;g__Alistipes;s__Alistipes_finegoldii	k__Bacteria;p__Bacteroidetes;c__Bacteroidia;o__Bacteroidales;f__Porphyromonadaceae;g__Parabacteroides;s__Parabacteroides_distasonis	k__Bacteria;p__Bacteroidetes;c__Bacteroidia;o__Bacteroidales;f__Bacteroidaceae;g__Bacteroides;s__Bacteroides_thetaiotaomicron	k__Bacteria;p__Bacteroidetes;c__Bacteroidia;o__Bacteroidales;f__Bacteroidaceae;g__Bacteroides;s__Bacteroides_coprocola	k__Bacteria;p__Bacteroidetes;c__Bacteroidia;o__Bacteroidales;f__Bacteroidaceae;g__Bacteroides;s__Bacteroides_cellulosilyticus	k__Bacteria;p__Bacteroidetes;c__Bacteroidia;o__Bacteroidales;f__Rikenellaceae;g__Alistipes;s__Alistipes_obesi	k__Bacteria;p__Firmicutes;c__Clostridia;o__Clostridiales;f__Lachnospiraceae;g__;s__[Eubacterium]_rectale	k__Bacteria;p__Bacteroidetes;c__Bacteroidia;o__Bacteroidales;f__Bacteroidaceae;g__Bacteroides;s__Bacteroides_plebeius	k__Bacteria;p__Bacteroidetes;c__Bacteroidia;o__Bacteroidales;f__Bacteroidaceae;g__Bacteroides;s__Bacteroides_fragilis	k__Bacteria;p__Proteobacteria;c__Betaproteobacteria;o__Burkholderiales;f__Sutterellaceae;g__Sutterella;s__Sutterella_wadsworthensis	k__Bacteria;p__Bacteroidetes;c__Bacteroidia;o__Bacteroidales;f__Porphyromonadaceae;g__Barnesiella;s__Barnesiella_intestinihominis	k__Bacteria;p__Bacteroidetes;c__Bacteroidia;o__Bacteroidales;f__Odoribacteraceae;g__Odoribacter;s__Odoribacter_splanchnicus	k__Bacteria;p__Bacteroidetes;c__Bacteroidia;o__Bacteroidales;f__Bacteroidaceae;g__Bacteroides;s__Bacteroides_salyersiae	k__Bacteria;p__Firmicutes;c__Clostridia;o__Clostridiales;f__Ruminococcaceae;g__Ruminiclostridium;s__[Eubacterium]_siraeum	k__Bacteria;p__Proteobacteria;c__Betaproteobacteria;o__Burkholderiales;f__Sutterellaceae;g__Parasutterella;s__Parasutterella_excrementihominis	k__Bacteria;p__Actinobacteria;c__Actinobacteria;o__Bifidobacteriales;f__Bifidobacteriaceae;g__Bifidobacterium;s__Bifidobacterium_adolescentis	k__Bacteria;p__Firmicutes;c__Clostridia;o__Clostridiales;f__Oscillospiraceae;g__Oscillibacter;s__Oscillibacter_sp._KLE_1745	k__Bacteria;p__Bacteroidetes;c__Bacteroidia;o__Bacteroidales;f__Bacteroidaceae;g__Bacteroides;s__Bacteroides_coprophilus	k__Bacteria;p__Firmicutes;c__Clostridia;o__Clostridiales;f__Lachnospiraceae;g__Roseburia;s__Roseburia_intestinalis	k__Bacteria;p__Firmicutes;c__Clostridia;o__Clostridiales;f__Lachnospiraceae;g__Roseburia;s__Roseburia_hominis	k__Bacteria;p__Bacteroidetes;c__Bacteroidia;o__Bacteroidales;f__Porphyromonadaceae;g__Parabacteroides;s__Parabacteroides_johnsonii	k__Bacteria;p__Actinobacteria;c__Actinobacteria;o__Bifidobacteriales;f__Bifidobacteriaceae;g__Bifidobacterium;s__Bifidobacterium_longum	k__Bacteria;p__Firmicutes;c__Clostridia;o__Clostridiales;f__;g__Flavonifractor;s__Flavonifractor_plautii	k__Bacteria;p__Firmicutes;c__Clostridia;o__Clostridiales;f__Clostridiaceae;g__Clostridium;s__Clostridium_phoceensis	k__Bacteria;p__Verrucomicrobia;c__Verrucomicrobiae;o__Verrucomicrobiales;f__Akkermansiaceae;g__Akkermansia;s__Akkermansia_muciniphila	k__Bacteria;p__Bacteroidetes;c__Bacteroidia;o__Bacteroidales;f__Prevotellaceae;g__Paraprevotella;s__Paraprevotella_xylaniphila	k__Bacteria;p__Firmicutes;c__Clostridia;o__Clostridiales;f__Ruminococcaceae;g__Ruminococcus;s__Ruminococcus_callidus	k__Bacteria;p__Bacteroidetes;c__Bacteroidia;o__Bacteroidales;f__Rikenellaceae;g__Alistipes;s__Alistipes_senegalensis	k__Bacteria;p__Firmicutes;c__Clostridia;o__Clostridiales;f__Lachnospiraceae;g__Blautia;s__Blautia_sp._KLE_1732	k__Bacteria;p__Bacteroidetes;c__Bacteroidia;o__Bacteroidales;f__Bacteroidaceae;g__Bacteroides;s__Bacteroides_oleiciplenus	k__Bacteria;p__Firmicutes;c__Clostridia;o__Clostridiales;f__Ruminococcaceae;g__Ruminococcus;s__Ruminococcus_bicirculans	k__Bacteria;p__Bacteroidetes;c__Bacteroidia;o__Bacteroidales;f__Bacteroidaceae;g__Bacteroides;s__Bacteroides_fluxus	k__Bacteria;p__Bacteroidetes;c__Bacteroidia;o__Bacteroidales;f__Prevotellaceae;g__Prevotella;s__Prevotella_stercorea	k__Bacteria;p__Firmicutes;c__Clostridia;o__Clostridiales;f__Lachnospiraceae;g__Dorea;s__Dorea_longicatena	k__Bacteria;p__Firmicutes;c__Clostridia;o__Clostridiales;f__Eubacteriaceae;g__Eubacterium;s__[Eubacterium]_eligens	k__Bacteria;p__Firmicutes;c__Clostridia;o__Clostridiales;f__Ruminococcaceae;g__;s__Ruminococcaceae_bacterium_D16	k__Bacteria;p__Firmicutes;c__Clostridia;o__Clostridiales;f__Lachnospiraceae;g__Coprococcus;s__Coprococcus_comes	k__Bacteria;p__Proteobacteria;c__Gammaproteobacteria;o__Enterobacterales;f__Enterobacteriaceae;g__Escherichia;s__Escherichia_coli	k__Bacteria;p__Firmicutes;c__Clostridia;o__Clostridiales;f__Ruminococcaceae;g__Anaerotruncus;s__Anaerotruncus_colihominis	k__Bacteria;p__Firmicutes;c__Clostridia;o__Clostridiales;f__Lachnospiraceae;g__Blautia;s__Blautia_obeum	k__Bacteria;p__Bacteroidetes;c__Bacteroidia;o__Bacteroidales;f__Odoribacteraceae;g__Odoribacter;s__Odoribacter_laneus	k__Bacteria;p__Firmicutes;c__Clostridia;o__Clostridiales;f__Ruminococcaceae;g__Ruminiclostridium;s__[Clostridium]_leptum	k__Bacteria;p__Bacteroidetes;c__Bacteroidia;o__Bacteroidales;f__Porphyromonadaceae;g__Parabacteroides;s__Parabacteroides_goldsteinii	k__Bacteria;p__Firmicutes;c__Clostridia;o__Clostridiales;f__Lachnospiraceae;g__Anaerostipes;s__Anaerostipes_hadrus	k__Bacteria;p__Firmicutes;c__Clostridia;o__Clostridiales;f__Ruminococcaceae;g__Ruminococcus;s__Ruminococcus_lactaris	k__Bacteria;p__Firmicutes;c__Clostridia;o__Clostridiales;f__Clostridiaceae;g__Clostridium;s__Clostridium_sp._L2-50	k__Bacteria;p__Firmicutes;c__Clostridia;o__Clostridiales;f__Clostridiaceae;g__Clostridium;s__Clostridium_sp._M62/1	k__Bacteria;p__Firmicutes;c__Clostridia;o__Clostridiales;f__;g__Intestinimonas;s__Intestinimonas_butyriciproducens	k__Bacteria;p__Actinobacteria;c__Actinobacteria;o__Bifidobacteriales;f__Bifidobacteriaceae;g__Bifidobacterium;s__Bifidobacterium_bifidum	k__Bacteria;p__Firmicutes;c__Negativicutes;o__Veillonellales;f__Veillonellaceae;g__Dialister;s__Dialister_invisus	k__Bacteria;p__Bacteroidetes;c__Bacteroidia;o__Bacteroidales;f__Bacteroidaceae;g__Bacteroides;s__Bacteroides_salanitronis
k__Bacteria;p__Bacteroidetes;c__Bacteroidia;o__Bacteroidales;f__Bacteroidaceae;g__Bacteroides;s__Bacteroides_vulgatus	1.0	-0.0755834910225	-0.0234940955631	-0.0491313382335	0.0329200225542	-0.0701513228223	0.0366435373824	-0.0123498335074	0.0610061987725	0.0229136722944	-0.00618713350224	-0.0106736162318	-0.027570474224	0.00130201754968	-0.033417256125	-0.0454106694286	0.00642946397106	0.00352083928864	-0.0639565080769	-0.0205726021059	0.0730589662996	0.0690563830063	-0.0235035616309	-0.000890117629548	-0.0735496076567	-0.028219449499	-0.0755684821217	-0.0277176932666	-0.0159557222652	-0.00153801329413	0.00923186092875	-0.00980886463063	0.0192329370163	0.00742425788906	-0.0954361387676	-0.0588234129929	0.00706137162869	0.0414308749585	0.00216340200791	0.0159301631506	0.00378908264596	-0.00325229469729	-0.0826262426094	-0.0574151855158	0.0824337062402	-0.000978035688283	-0.004261827754	-0.00988299365192	-0.0247177549714	-0.028480479952	0.012329010799	-0.0341828050884	-0.035270082983	-0.0570936360696	-0.00863086625871	0.00135649322776	0.0818617003516	-0.0141603555919	-0.0153743058021
k__Bacteria;p__Bacteroidetes;c__Bacteroidia;o__Bacteroidales;f__Bacteroidaceae;g__Bacteroides;s__Bacteroides_uniformis	-0.0755834910225	1.0	0.00112577959379	0.0192645780985	-0.0199034165263	-0.000264513336413	0.0151864040782	-0.0320000618163	0.0207071663316	-0.0206928201788	-0.0324733265384	0.039598672215	-0.0340506788579	0.0134272643293	0.00547770375247	0.0540248537297	0.0224441458334	0.0472631315057	-0.0193455646607	-0.0879344238871	-0.00362007687859	0.0159129634284	0.0127337499197	0.0607281184486	0.0293655403483	-0.0159859655368	0.00961164928465	-0.00880995460725	-0.00597161740899	0.0189740375323	-0.0558451882298	0.00892575658259	-0.0093484734097	0.0527705008191	0.0117842887971	0.0236451249907	0.0325338908132	-0.0447723192256	-0.0266465415166	-0.0825185960622	0.00278814735879	0.00905330107413	-0.0714375624083	-0.0121816101448	-0.0518176700321	-0.0308531694463	-0.0164666882261	-0.0339007406362	-0.0849305036415	0.0359377981815	0.074278279681	-0.00720887123409	-0.0897901302416	0.0117310250627	0.0161353131114	-0.0953937825662	-0.0800391537097	-0.0568802352674	0.000442993748442
k__Bacteria;p__Bacteroidetes;c__Bacteroidia;o__Bacteroidales;f__Rikenellaceae;g__Alistipes;s__Alistipes_putredinis	-0.0234940955631	0.00112577959379	1.0	0.0493164098265	-0.0358115066027	0.030963095733	-0.0294663253199	-0.0103672954548	-0.0458130123538	0.017449764584	0.0298117751422	-0.0569030651677	0.0221920521084	0.010156272638	0.0263557394439	0.0647952847121	-0.0190767822366	-0.0213684234858	0.0179154397671	-0.0159387865245	0.00428857822252	-0.0388398080497	-0.0328687900788	0.0245850424473	-0.0408807805202	-0.059135670401	-0.0497992550254	0.0153858360966	-0.0700950588335	-0.00751738625	-0.00520347032255	-0.023149106382	0.0137725310296	0.0638134289887	-0.0149252608527	-0.0144823154608	0.0475172621546	-0.0318331764088	-0.0710482740929	-0.0194091848995	0.00472103247607	-0.0392242738198	0.0284091454495	0.0252630856179	-0.0731377488862	-0.0476822481174	-0.0578416822486	-0.00501351847275	0.0264732528293	-0.0229280397002	0.0144016604007	0.000812954211179	0.00900226543729	-0.0105470428203	0.0330445765253	0.0339566441783	-0.00242620914261	0.0342209950517	-0.0052409228514
k__Bacteria;p__Bacteroidetes;c__Bacteroidia;o__Bacteroidales;f__Prevotellaceae;g__Prevotella;s__Prevotella_copri	-0.0491313382335	0.0192645780985	0.0493164098265	1.0	-0.0153211182204	0.0516795546827	0.00589631440478	0.0226890980991	-0.0214225674189	0.0199425684776	-0.00249099217314	-0.109337244737	-0.0182787788598	0.0639525487385	-0.0133164673638	0.011422354467	0.0245600148761	-0.0499533313338	-0.0636440280691	-0.00169713781137	-0.0265990651301	-0.0784193881239	-0.0356391133364	0.0374624809928	0.0111247824511	-0.0657079301038	-0.0544677209427	-0.024483854456	0.0394504642105	-0.043780185221	0.0641061333744	-0.0277267901653	-0.0470178085446	0.0491200102296	0.000738032417521	0.0360852788625	0.0679086563746	-0.0539682320201	0.00504404026884	-0.040155052495	-0.011634821461	0.000681399504113	0.0322401173374	-0.00855726718623	-0.0120001793498	-0.00941374284148	-0.0630609530427	0.0223519216274	-0.00365114226759	0.0287569601222	-0.0857897475564	-0.0194356454137	0.00208329945469	0.0433279769707	0.0142905815952	-0.0175575711888	0.00855909482108	-0.0118968118735	0.0503551563119
k__Bacteria;p__Bacteroidetes;c__Bacteroidia;o__Bacteroidales;f__Bacteroidaceae;g__Bacteroides;s__Bacteroides_stercoris	0.0329200225542	-0.0199034165263	-0.0358115066027	-0.0153211182204	1.0	0.0399289160175	0.0525620106384	0.0272846008447	0.0371640841281	0.0341716192711	-0.0518282335609	-0.0399594028034	-0.0654411362531	0.00438657484066	-0.0830147531379	0.0255322966054	-0.0442316984612	-0.0286080028708	-0.00101462516541	0.0781383234102	-0.0114621699989	-0.0380865598735	0.00336417647369	-0.0582316851375	-0.0177038762272	-0.0183745921159	0.0509348187597	-0.0241715122548	-0.0186723807178	-0.0369079218383	-0.0463032015239	-0.0452039613303	0.0571690328945	0.0193778979454	-0.0399423694308	-0.0294192715656	-0.0099982524939	0.0207896324523	0.0411493838808	0.0219617753755	0.117592122	-0.0590064023138	-0.0528606651795	0.011877491269	0.000107600898962	-0.0488014037296	-0.0850868916159	0.0228071933247	0.0561129509375	0.0026388087025	-0.0117119326043	-0.0608130091558	0.0299429766292	0.0215091953248	-0.0304228602346	-0.0366109138662	0.0226288286103	-0.0505158015887	-0.0494027834082
k__Bacteria;p__Bacteroidetes;c__Bacteroidia;o__Bacteroidales;f__Bacteroidaceae;g__Bacteroides;s__Bacteroides_ovatus	-0.0701513228223	-0.000264513336413	0.030963095733	0.0516795546827	0.0399289160175	1.0	0.042375620672	-0.0138705282056	0.0017995385746	-0.0309604094679	0.0810403080474	-0.027756389621	-0.0155277110688	-0.0261904446016	-0.00222292414827	-0.0088500052651	-0.041942090497	-0.0786592061899	-0.00268136778005	-0.0320201769588	-0.0830602757097	-0.0103046547824	0.00906188888448	-0.0333819656299	-0.0226086191472	-0.0146366649446	-0.0161251799091	0.0103779838806	0.0858418108165	0.00847601138092	0.0138973136363	-0.0383303969263	0.0351373644349	0.0158978648398	0.0012216016505	0.0213142040303	-0.0278120738729	-0.0130060732624	-0.0174170153949	-0.00607940882501	0.0213602904047	-0.0881273513424	0.00989038138373	-0.0586148183167	-0.0484949493339	-0.0057239210584	-0.0604078863182	-0.0277739512714	0.0174752072484	-0.0340147419526	0.0121487940216	-0.043823708479	-0.0284381086454	0.0488097896139	0.0280932005983	-0.0666079804897	-0.0418542137864	0.0312319057147	0.0212628062817
k__Bacteria;p__Bacteroidetes;c__Bacteroidia;o__Bacteroidales;f__Rikenellaceae;g__Alistipes;s__Alistipes_shahii	0.0366435373824	0.0151864040782	-0.0294663253199	0.00589631440478	0.0525620106384	0.042375620672	1.0	-0.0316409759115	0.0331730798247	-0.021497300235	0.022850836355	-0.0821142603252	-0.0222566497539	-0.0531232658034	-0.0320604565812	0.0112844182292	-0.0162341684083	-0.00193596412158	0.00933268311988	-0.0356542833292	0.0127332352752	-0.0203257686463	-0.0477408371411	-0.00556873726833	0.0160080541926	0.0224395625197	0.0276929527003	0.0333957440287	0.0335697854898	-0.0370128878589	0.0864467149417	-0.0614458203924	0.0311119651417	-0.0470279845449	0.0080074038629	-0.0164636381937	0.0563333546283	-0.0209223384135	0.0477149436601	-0.0109238857246	0.0134850928906	-0.0436218698107	-0.0584199931462	0.00267808906852	-0.0342767003268	-0.0284503451726	-0.0787971409463	-0.048901853199	0.010537871394	-0.0131645516273	0.0394905890227	-0.0580444702439	0.0317182930729	-0.0543521813112	0.00653404841274	-0.0528467681404	0.0116872190153	-0.0409448958129	-0.0128218166174
k__Bacteria;p__Firmicutes;c__Clostridia;o__Clostridiales;f__Ruminococcaceae;g__Faecalibacterium;s__Faecalibacterium_prausnitzii	-0.0123498335074	-0.0320000618163	-0.0103672954548	0.0226890980991	0.0272846008447	-0.0138705282056	-0.0316409759115	1.0	-0.0977024136174	-0.0151081769274	0.0294686729928	-0.0114671168022	0.0306572395019	0.0178325642628	-0.0275876717257	0.0388250402535	0.008594894805	-0.0923294937963	-0.0258366669962	-0.0208221601383	-0.0200489021559	0.00213786247742	-0.0376915309226	0.032911394174	-0.00309710509979	0.00980714260716	0.066583151668	0.0193118816405	-0.00593902231921	-0.0257271976918	-0.0390064824646	-0.0446179307221	0.0274667887644	0.0453208647962	-0.0410537854609	0.00939130217844	0.0192361784895	-0.0141505040861	-0.0371316168673	-0.0367857201821	0.0586996614361	-0.0796784281755	0.0406769575471	0.0497759384373	-0.0386789405522	0.00906219089329	0.0240470644031	-0.0116439431652	-0.0272275934555	-0.00801894528512	-0.0364985848639	-0.0281666886464	0.0273330216964	-0.0249749482682	-0.0155296482974	0.0265852660593	-0.00272683273881	0.0453576629701	-0.0122573066457
k__Bacteria;p__Bacteroidetes;c__Bacteroidia;o__Bacteroidales;f__Rikenellaceae;g__Alistipes;s__Alistipes_finegoldii	0.0610061987725	0.0207071663316	-0.0458130123538	-0.0214225674189	0.0371640841281	0.0017995385746	0.0331730798247	-0.0977024136174	1.0	-0.013930467946	-0.0145685411617	-0.0106700031953	-0.00533879955114	0.021397266211	0.0149405367822	-0.0506254993018	0.0167335086031	0.0616182582451	-0.0711558249606	0.00830978439139	-0.0280634839288	0.0283080970188	0.00981207822197	0.0308163994657	-0.0115416024767	0.00993367012976	-0.0246318228126	-0.00393779811878	0.0321331726353	0.0164870181154	-0.0344094203892	-0.000822125230307	-0.0166056956815	0.0180898729965	-0.0765244145361	-0.0291987420825	-0.00413279758942	-0.0870094284381	0.00877586964902	0.0266819769297	-0.0507695206748	0.0108715686448	-0.0421896426032	0.0520931277301	0.00157523240008	0.0494298390094	-0.0917950175196	-0.0274591099237	-0.0344770885547	0.0147287671515	-0.00505577990159	-0.057900803146	-0.00203417120949	-0.035159498214	0.0176099182989	-0.0280986254656	-0.000778460458233	-0.0189909111445	-0.0147248881828
k__Bacteria;p__Bacteroidetes;c__Bacteroidia;o__Bacteroidales;f__Porphyromonadaceae;g__Parabacteroides;s__Parabacteroides_distasonis	0.0229136722944	-0.0206928201788	0.017449764584	0.0199425684776	0.0341716192711	-0.0309604094679	-0.021497300235	-0.0151081769274	-0.013930467946	1.0	-0.0378174495771	-0.0552844366594	0.057225009464	-0.041458321387	0.00175128041907	0.0761251610965	0.0646423344003	-0.0544913036075	0.0755642154958	-0.0264253508943	-0.0702332258463	-0.0110229472187	-0.0173955499133	-0.0459412243038	-0.0301447681062	-0.00146318352334	0.00860230732657	-0.0367699004873	-0.0461731183082	-0.0347422259675	-0.0504733727993	0.0198926688849	-0.0112686532314	-0.0398350531539	-0.0065517254256	-0.0529611788344	-0.000625820218168	0.00876279284898	0.0067674307136	-0.0282437255002	-0.0719895738535	-0.00364425591571	0.025839476483	-0.0946489189874	-0.0165630083736	0.0351497029347	-0.0255670426698	-0.0115732932767	0.00996674638233	0.068515666079	0.00402436678052	-0.0274671021855	-0.036571643828	-0.0389781534371	0.00904966547708	0.0110874290055	-0.0243000085384	0.0403984785463	0.00650110507461
k__Bacteria;p__Bacteroidetes;c__Bacteroidia;o__Bacteroidales;f__Bacteroidaceae;g__Bacteroides;s__Bacteroides_thetaiotaomicron	-0.00618713350224	-0.0324733265384	0.0298117751422	-0.00249099217314	-0.0518282335609	0.0810403080474	0.022850836355	0.0294686729928	-0.0145685411617	-0.0378174495771	1.0	0.00920651441285	0.00419275056289	0.024906138033	0.013383443133	-0.00382886897947	-0.0734567124472	0.0455099384131	-0.0408383772178	0.0349804992603	0.0334518307494	-0.0277472128791	0.0764392100017	-0.0347794186917	0.010394242923	0.0215739356997	0.0469326722231	0.00809649142562	0.0194073402123	0.0225980640195	0.00273382368553	-0.00778360460835	-0.00548581215971	0.0169485934651	-0.0257323378301	-0.0380406963161	0.0430491804061	-0.0312463780018	-0.0085046430878	-0.00418169699897	-0.0259453883566	-0.0254308347692	-0.00168269621557	-0.0203776395755	-0.0499279947177	-0.0189965790756	0.0321528345329	0.0143779551761	-0.0395414080269	-0.0238530855038	-0.0375518448759	-0.0319382638321	-0.0387398124979	0.00762719650768	-0.0123837723938	-0.0141999518403	0.0158472647502	0.0158886713782	-0.0200435436087
k__Bacteria;p__Bacteroidetes;c__Bacteroidia;o__Bacteroidales;f__Bacteroidaceae;g__Bacteroides;s__Bacteroides_coprocola	-0.0106736162318	0.039598672215	-0.0569030651677	-0.109337244737	-0.0399594028034	-0.027756389621	-0.0821142603252	-0.0114671168022	-0.0106700031953	-0.0552844366594	0.00920651441285	1.0	-0.0086508840642	-0.00319855904103	-0.0245873687986	0.0477436948629	0.0372863464608	0.0122503802371	-0.041481618056	-0.0228303003342	0.0413962323519	6.09890740124e-05	0.00120703143168	-0.0277396993786	0.031351013821	-0.0176257492659	-0.0234192149789	-0.00802833126167	0.0286401834891	0.0247758415455	-0.0536270108428	-0.00336996733529	-0.0433330210886	0.0157777301387	0.0342255013414	-0.0229416544876	-0.0257166115862	0.00268426436693	0.0226623566294	-0.0103304675228	-0.0101152486061	0.00439853674081	-0.0179392887238	-0.0865435171301	-0.011993722271	-0.00858588965858	0.0644504025012	0.0121742255978	-0.0384114252748	-0.00377193488241	-0.0556636568341	0.0202267174553	0.0290996698109	0.000844230542733	-0.0159587266671	0.0142054124101	-0.0479865782986	-0.00331131313928	0.0171220311772
k__Bacteria;p__Bacteroidetes;c__Bacteroidia;o__Bacteroidales;f__Bacteroidaceae;g__Bacteroides;s__Bacteroides_cellulosilyticus	-0.027570474224	-0.0340506788579	0.0221920521084	-0.0182787788598	-0.0654411362531	-0.0155277110688	-0.0222566497539	0.0306572395019	-0.00533879955114	0.057225009464	0.00419275056289	-0.0086508840642	1.0	-0.081952687707	-0.00592684211319	0.0178333219158	-0.0167818755929	-0.0231996984549	0.0191381033627	-0.0132712481858	-0.0267010973464	0.0694735544883	0.046229949733	0.012360327289	-0.0222259379948	-0.046538470532	-0.00910566549906	0.0175377173176	0.0297076765074	0.0613411559253	0.00131106068438	0.0153545980875	-0.00260398804954	-0.0264065350571	-0.00261796299841	-0.0107941975031	-0.0280258679491	-0.0232307866036	-0.0300726578027	0.00132421302322	-0.068678316049	-0.0247966312927	-0.0146343759219	-0.00252682792796	0.044693508837	-0.00587686275795	0.0123778684104	-0.0131964971657	-0.00123375066768	0.0437845910904	-0.00690128139166	-0.0651993203112	0.0140870165852	-0.00614288271795	-0.0153732621127	0.0583071738684	0.0375985567864	-0.00930717460349	0.0374536705376
k__Bacteria;p__Bacteroidetes;c__Bacteroidia;o__Bacteroidales;f__Rikenellaceae;g__Alistipes;s__Alistipes_obesi	0.00130201754968	0.0134272643293	0.010156272638	0.0639525487385	0.00438657484066	-0.0261904446016	-0.0531232658034	0.0178325642628	0.021397266211	-0.041458321387	0.024906138033	-0.00319855904103	-0.081952687707	1.0	0.0414459532897	-0.0770435809217	-0.0293225282693	-0.0274078329359	-0.0233145891223	0.0149822262575	0.0409797515856	-0.0384390234285	-0.0459351978051	-0.0209951434461	0.0129006670582	-0.0278634900127	-0.0164896521737	-0.0715616746619	0.040923099466	0.0371724620095	0.00400471828923	-0.0250629004219	-0.0301715172065	0.0599630987344	0.0235458392043	-0.0241641201544	-0.0454228020696	-0.028021838017	-0.0965384090162	-0.0590205606222	0.00997944418309	0.0237532290699	0.0223994752251	0.0205069282168	-0.0237571796004	0.00924120761864	0.0377766191287	-0.0250165292981	-0.0541891360392	-0.0800026166989	-0.0514720974263	0.0267043797935	0.0586284577136	-0.00184898441766	-0.00943115033341	-0.0365284713091	-0.0115766694698	0.0220584900151	0.00784569018209
k__Bacteria;p__Firmicutes;c__Clostridia;o__Clostridiales;f__Lachnospiraceae;g__;s__[Eubacterium]_rectale	-0.033417256125	0.00547770375247	0.0263557394439	-0.0133164673638	-0.0830147531379	-0.00222292414827	-0.0320604565812	-0.0275876717257	0.0149405367822	0.00175128041907	0.013383443133	-0.0245873687986	-0.00592684211319	0.0414459532897	1.0	0.00481901798822	0.00257653081735	-0.0522178541253	-0.0137561015905	0.000494258799829	-0.00345350541982	0.0351513186965	-0.00964323464529	-0.0332959522751	-0.0170133963374	-0.0504543220543	0.0158152114555	0.00473470797838	-0.061358595414	0.0311478880347	-0.0189631128503	0.0172474484359	-0.0372009969812	-0.0583535812542	-0.0607606112224	-0.0618804358032	-0.0125081870908	-0.0205251064298	0.014878010339	0.0319478831778	-0.0285548628152	-0.0159549897191	-0.00578487216332	0.0377942453458	-0.00168824096985	-0.0806754050537	-0.0349930375564	-0.00480864229231	-0.0311186132632	-0.0173183838371	-0.0479792046493	-0.0183358173737	0.0415900671322	0.0309722843698	0.017143851318	0.00197503877014	0.0155845242631	0.042122219505	0.00398167835327
k__Bacteria;p__Bacteroidetes;c__Bacteroidia;o__Bacteroidales;f__Bacteroidaceae;g__Bacteroides;s__Bacteroides_plebeius	-0.0454106694286	0.0540248537297	0.0647952847121	0.011422354467	0.0255322966054	-0.0088500052651	0.0112844182292	0.0388250402535	-0.0506254993018	0.0761251610965	-0.00382886897947	0.0477436948629	0.0178333219158	-0.0770435809217	0.00481901798822	1.0	-0.0243918092978	-0.0329272141995	0.0280645660764	0.0325841352396	-0.0381897454337	-0.0209849823656	-0.0313995986174	0.047211354307	-0.00662536418952	-0.0333403089012	0.0377649464773	-0.0136660584409	-0.0507856732992	-0.0541387318505	-0.0296758841595	0.0154282290686	-0.000279848943824	-0.0143572574377	-0.0128414252186	-0.0203228793249	-0.0286559442945	-0.0266520134754	0.0193579871752	0.001163176377	-0.0501078206198	-0.028251237494	-0.0419762981149	-0.0231054999076	0.00528819944748	-0.0109459130077	-0.0416637967721	-0.0378795147694	-0.0334729443538	0.0238425564778	0.0239498226644	-0.00538995854998	0.0115256034702	-0.0377936597665	-0.0271718143825	-0.045129702218	0.0605286262204	-0.0211429520954	-0.0498734254843
k__Bacteria;p__Bacteroidetes;c__Bacteroidia;o__Bacteroidales;f__Bacteroidaceae;g__Bacteroides;s__Bacteroides_fragilis	0.00642946397106	0.0224441458334	-0.0190767822366	0.0245600148761	-0.0442316984612	-0.041942090497	-0.0162341684083	0.008594894805	0.0167335086031	0.0646423344003	-0.0734567124472	0.0372863464608	-0.0167818755929	-0.0293225282693	0.00257653081735	-0.0243918092978	1.0	0.00739087186425	0.0146810580989	-0.0103727684051	-3.78778528338e-06	0.00760746578459	-0.0324691575093	-0.0298534893566	-0.00587902830686	-0.0575417842018	-0.0579176309547	0.0363568675016	-0.0488712946922	-0.0285913363253	-0.0143759552373	-0.00740651621327	-0.112992202252	0.0686254313464	-0.00630128622437	0.0509789000509	-0.018573967006	-0.00811090583759	-0.0377850675566	0.0132679467522	0.00656953263884	0.0721246057465	0.0194858642994	-0.0329785942007	0.0138519854911	-0.00367049906886	-0.0553275315114	-0.0338509670635	0.00846454431122	-0.0246435429471	0.0228703384865	-0.0334427281221	-0.0669825371879	0.0616399709298	-0.00132239472159	-0.0203353123378	-0.00900282567785	-0.0267318752395	0.0590161641512
k__Bacteria;p__Proteobacteria;c__Betaproteobacteria;o__Burkholderiales;f__Sutterellaceae;g__Sutterella;s__Sutterella_wadsworthensis	0.00352083928864	0.0472631315057	-0.0213684234858	-0.0499533313338	-0.0286080028708	-0.0786592061899	-0.00193596412158	-0.0923294937963	0.0616182582451	-0.0544913036075	0.0455099384131	0.0122503802371	-0.0231996984549	-0.0274078329359	-0.0522178541253	-0.0329272141995	0.00739087186425	1.0	-0.0718246477762	0.0103941586927	-0.0060473181971	0.0152189721867	-0.0362213315229	-0.0580747214431	-0.00201098006709	0.0179855027595	-0.036095718767	-0.0688773392711	0.0292417453379	0.00147954986033	-0.00693698517775	-0.0277969665843	0.0450177355772	0.0573747841394	0.0585322130126	0.0580674858996	-0.00472692562517	-0.0320771887802	-0.0227881632463	-0.0432659145731	0.0227445454721	0.00545621862279	0.0537084051263	-0.0663787659887	0.0248710547719	-0.0261831744568	-0.0176310583569	-0.0267539759816	0.0148315602362	-0.00549290850982	0.0221229535993	-0.0571678277748	-0.0783533171656	0.0395519534162	-0.00649834664221	0.0611585301753	-0.0343218532934	0.0258083518493	0.0179935067216
k__Bacteria;p__Bacteroidetes;c__Bacteroidia;o__Bacteroidales;f__Porphyromonadaceae;g__Barnesiella;s__Barnesiella_intestinihominis	-0.0639565080769	-0.0193455646607	0.0179154397671	-0.0636440280691	-0.00101462516541	-0.00268136778005	0.00933268311988	-0.0258366669962	-0.0711558249606	0.0755642154958	-0.0408383772178	-0.041481618056	0.0191381033627	-0.0233145891223	-0.0137561015905	0.0280645660764	0.0146810580989	-0.0718246477762	1.0	-0.000907701689953	-0.021621800271	-0.0212375929651	0.0164130967891	0.0475533339446	-0.0198320128437	0.0241626447177	0.0495730303389	-0.0189730719808	-0.0253379325404	0.0432843925824	-0.098741630086	0.0563105665747	-0.0475958423757	-0.0137011052796	0.00384532096287	-0.0238168865459	-0.0291320638894	-0.0502293153602	0.0104735235678	-0.0496324696367	-0.0151131112847	-0.0283970866416	-0.000581994200362	-0.0326645531483	0.00545167204646	-0.0069472236022	0.00241065325315	-0.0301049388782	0.00121846296218	0.0018098338721	0.0351505750839	0.00532293595518	-0.00560892228967	0.0352021904732	-0.047966566708	-0.0759282768496	-0.00475435341854	-0.0198064160215	0.0261637607313
k__Bacteria;p__Bacteroidetes;c__Bacteroidia;o__Bacteroidales;f__Odoribacteraceae;g__Odoribacter;s__Odoribacter_splanchnicus	-0.0205726021059	-0.0879344238871	-0.0159387865245	-0.00169713781137	0.0781383234102	-0.0320201769588	-0.0356542833292	-0.0208221601383	0.00830978439139	-0.0264253508943	0.0349804992603	-0.0228303003342	-0.0132712481858	0.0149822262575	0.000494258799829	0.0325841352396	-0.0103727684051	0.0103941586927	-0.000907701689953	1.0	-0.0314580568924	-0.0409178190514	-0.0152278946497	0.029304028164	-0.0421505257395	0.0172100842615	-0.0231252343605	-0.0278079154459	-0.0192817455149	-0.0433281869799	-0.0177924147919	0.0425928733194	-0.0160772550331	-0.0218976528314	-0.0609929255882	0.0548129216301	-0.0592666239939	0.0263728633461	-0.00825458349249	-0.0203072491349	-0.068258810482	-0.0128943581117	0.00223349080255	-0.00719695264244	0.0363294103751	-0.0063017489866	0.00276824978494	-0.0115479900844	-0.0610487235088	-0.040500966433	-0.0399074778976	0.0280007194262	0.0784862735889	0.0214287182065	-0.0625788567784	0.00190616023223	0.0438864533799	-0.0070022934058	-0.00243341429958
k__Bacteria;p__Bacteroidetes;c__Bacteroidia;o__Bacteroidales;f__Bacteroidaceae;g__Bacteroides;s__Bacteroides_salyersiae	0.0730589662996	-0.00362007687859	0.00428857822252	-0.0265990651301	-0.0114621699989	-0.0830602757097	0.0127332352752	-0.0200489021559	-0.0280634839288	-0.0702332258463	0.0334518307494	0.0413962323519	-0.0267010973464	0.0409797515856	-0.00345350541982	-0.0381897454337	-3.78778528324e-06	-0.0060473181971	-0.021621800271	-0.0314580568924	1.0	0.0377565670337	-0.0461430647207	-0.0200894430811	-0.0194831570825	-0.0446024467639	0.0235983059655	-0.0142301575331	0.0164310577141	0.0760840307593	-0.0180128908363	0.00489495941528	0.0214341283164	-0.00273892967496	-0.0448914755957	0.00941534381503	0.00803667612201	0.00448027783125	-0.0420745259187	-0.00360801285686	-0.0970703772428	0.00549860675707	-0.0406514414559	0.00371273700562	-0.0111147545595	-0.0478065058361	0.0580376963396	0.0435864909777	-0.00904547600934	-0.00228870828553	-0.0250106788979	-0.0321673394094	-0.0192892827493	0.0118749909912	0.0294609242901	-0.00811498161623	-0.0245614270906	0.00884164825287	0.0109373815491
k__Bacteria;p__Firmicutes;c__Clostridia;o__Clostridiales;f__Ruminococcaceae;g__Ruminiclostridium;s__[Eubacterium]_siraeum	0.0690563830063	0.0159129634284	-0.0388398080497	-0.0784193881239	-0.0380865598735	-0.0103046547824	-0.0203257686463	0.00213786247742	0.0283080970188	-0.0110229472187	-0.0277472128791	6.09890740124e-05	0.0694735544883	-0.0384390234285	0.0351513186965	-0.0209849823656	0.00760746578459	0.0152189721867	-0.0212375929651	-0.0409178190514	0.0377565670337	1.0	-0.026844230625	0.0459151412931	-0.0641061639147	-0.0210301530119	-0.0524299298705	-0.0303999895486	-0.0923417289847	-0.0216725652586	-0.0427860390103	-0.0516516016765	-0.034129722385	-0.0845117093556	0.0199264295876	-0.014422935026	-0.0433754677521	0.0157878612953	-0.0251370493867	-0.0431993742954	-0.0446959620323	0.0132600065382	0.0123985325311	0.0432057043031	-0.0349000153346	-0.0331041733011	-0.0560006146287	-0.0456866175617	0.00781699158723	-0.00184844953121	0.0192467335158	0.0134208877784	0.0181989700175	0.0287054532843	0.00545625926994	-0.08624335415	0.0195044469882	-0.00302333572553	0.0244155261145
k__Bacteria;p__Proteobacteria;c__Betaproteobacteria;o__Burkholderiales;f__Sutterellaceae;g__Parasutterella;s__Parasutterella_excrementihominis	-0.0235035616309	0.0127337499197	-0.0328687900788	-0.0356391133364	0.00336417647369	0.00906188888448	-0.0477408371411	-0.0376915309226	0.00981207822197	-0.0173955499133	0.0764392100017	0.00120703143168	0.046229949733	-0.0459351978051	-0.00964323464529	-0.0313995986174	-0.0324691575093	-0.0362213315229	0.0164130967891	-0.0152278946497	-0.0461430647207	-0.026844230625	1.0	-0.00265007011392	0.0528934645682	0.0243611875349	-0.0295597568497	-0.0181176908309	0.0229568250779	0.051565008541	0.0295084692497	-0.0716017358272	-0.0176403564099	-0.0407591645147	0.0398697612297	-0.0193026453047	-0.00259621080678	0.00418567677179	0.0706925480111	-0.0471140357901	0.00445376859595	-0.0127262055037	0.0139873877012	-0.0369626989836	0.0458646465638	0.0418573322698	-0.00272890539041	-0.0518099930284	-0.0869086357063	-0.0426170351714	0.019451126899	-0.036820667387	0.0573724868865	0.0106924758931	0.0168734483168	-0.0396647904715	0.00774270698373	-0.00669302153056	-0.0667197756345
k__Bacteria;p__Actinobacteria;c__Actinobacteria;o__Bifidobacteriales;f__Bifidobacteriaceae;g__Bifidobacterium;s__Bifidobacterium_adolescentis	-0.000890117629548	0.0607281184486	0.0245850424473	0.0374624809928	-0.0582316851375	-0.0333819656299	-0.00556873726833	0.032911394174	0.0308163994657	-0.0459412243038	-0.0347794186917	-0.0277396993786	0.012360327289	-0.0209951434461	-0.0332959522751	0.047211354307	-0.0298534893566	-0.0580747214431	0.0475533339446	0.029304028164	-0.0200894430811	0.0459151412931	-0.00265007011392	1.0	0.022401272978	0.028705694658	0.0081771420258	-0.102909882419	-0.0562836232378	-0.0206814070255	0.0581843033584	0.0052777233048	-0.0746729675291	-0.025190018025	0.0438761166534	0.0089448646994	-0.00587131990176	-0.0643896016748	-0.0697111548712	-0.0516110681035	0.0456149862128	-0.0332088724463	-0.0275413299177	0.0655037435763	-0.0828251267879	-0.0113018295084	-0.0122921727213	0.0399442256774	-0.0927098106377	-0.0081257464549	0.00458982131084	-0.015475523927	-0.0678990949766	-0.0184953984548	-0.02377828004	-0.00031336513538	0.0229831764703	0.0169151248018	0.0237974089726
k__Bacteria;p__Firmicutes;c__Clostridia;o__Clostridiales;f__Oscillospiraceae;g__Oscillibacter;s__Oscillibacter_sp._KLE_1745	-0.0735496076567	0.0293655403483	-0.0408807805202	0.0111247824511	-0.0177038762272	-0.0226086191472	0.0160080541926	-0.00309710509979	-0.0115416024767	-0.0301447681062	0.010394242923	0.031351013821	-0.0222259379948	0.0129006670582	-0.0170133963374	-0.00662536418952	-0.00587902830686	-0.00201098006709	-0.0198320128437	-0.0421505257395	-0.0194831570825	-0.0641061639147	0.0528934645682	0.022401272978	1.0	0.0666796076972	0.0132937562314	0.0414258488181	-0.0416240175918	-0.0342592770712	-0.0128883498342	0.00075260696636	-0.0249490401413	0.0561090892922	-0.0336887496241	-0.0275289099866	0.00839115931215	-0.0263126110208	-0.0439427547309	0.00981454841647	-0.0102552851594	-0.0477115840896	0.0180280453422	0.0205083333141	0.0513426074267	-0.00411209426578	-0.0422138440874	-0.00631783601821	-0.012343905962	-0.0243159894165	0.0205193819086	0.0489189327752	-0.0152069971168	-0.0188013472347	0.05821702623	0.00688095478051	-0.0280336004253	-0.0283517754693	-0.0271194435944
k__Bacteria;p__Bacteroidetes;c__Bacteroidia;o__Bacteroidales;f__Bacteroidaceae;g__Bacteroides;s__Bacteroides_coprophilus	-0.028219449499	-0.0159859655368	-0.059135670401	-0.0657079301038	-0.0183745921159	-0.0146366649446	0.0224395625197	0.00980714260716	0.00993367012976	-0.00146318352334	0.0215739356997	-0.0176257492659	-0.046538470532	-0.0278634900127	-0.0504543220543	-0.0333403089012	-0.0575417842018	0.0179855027595	0.0241626447177	0.0172100842615	-0.0446024467639	-0.0210301530119	0.0243611875349	0.028705694658	0.0666796076972	1.0	-0.0873649639217	0.0262402043326	-0.0615399417001	-0.0242009362387	0.0483369505373	-0.0312277030456	-0.0636076826731	0.00843357851335	-0.00135033373097	-0.00120314747322	-0.0191463155968	0.0207560089322	0.00443182913206	0.03696096843	0.024109719327	-0.0300180831617	-0.0353161968968	0.0141493967606	-0.0500727241564	0.00590000206388	0.0163867056605	0.0387820411251	0.006446643693	-0.062415162159	-0.0242224212709	-0.0238496633001	0.0369301740812	0.0508613663763	-0.0246525560285	-0.00107354561561	-0.0507668094808	-0.0313741925099	-0.0591071173508
k__Bacteria;p__Firmicutes;c__Clostridia;o__Clostridiales;f__Lachnospiraceae;g__Roseburia;s__Roseburia_intestinalis	-0.0755684821217	0.00961164928465	-0.0497992550254	-0.0544677209427	0.0509348187597	-0.0161251799091	0.0276929527003	0.066583151668	-0.0246318228126	0.00860230732657	0.0469326722231	-0.0234192149789	-0.00910566549906	-0.0164896521737	0.0158152114555	0.0377649464773	-0.0579176309547	-0.036095718767	0.0495730303389	-0.0231252343605	0.0235983059655	-0.0524299298705	-0.0295597568497	0.0081771420258	0.0132937562314	-0.0873649639217	1.0	0.0027619206952	0.0246879465474	-0.0314463600271	0.0526291123419	0.0120238001283	-0.0299694467733	-0.085473279049	-0.00927857751097	-0.00315647034216	0.0501732593145	-0.0106731709352	0.0172020966031	0.00509394355318	-0.0748849097514	-0.02902119128	0.0134026847584	-0.00911123555083	-0.0694806769633	-0.00883607639762	-0.0325094801887	-0.0156804471484	0.026669834304	0.0196822172317	-0.00611943101947	0.0235966745844	0.0264479037186	-0.0213570800207	0.0363638223334	0.0472140176057	0.0147085999327	0.0105004677952	-0.0437022374692
k__Bacteria;p__Firmicutes;c__Clostridia;o__Clostridiales;f__Lachnospiraceae;g__Roseburia;s__Roseburia_hominis	-0.0277176932666	-0.00880995460725	0.0153858360966	-0.024483854456	-0.0241715122548	0.0103779838806	0.0333957440287	0.0193118816405	-0.00393779811878	-0.0367699004873	0.00809649142562	-0.00802833126167	0.0175377173176	-0.0715616746619	0.00473470797838	-0.0136660584409	0.0363568675016	-0.0688773392711	-0.0189730719808	-0.0278079154459	-0.0142301575331	-0.0303999895486	-0.0181176908309	-0.102909882419	0.0414258488181	0.0262402043326	0.0027619206952	1.0	-0.0111151779917	-0.0799194455552	-0.00284181972085	0.011097543503	0.0348956007573	-0.0807174099751	-0.0660954652598	-0.00721409630722	0.0529779811964	-0.0352881037555	0.0418471509039	-0.0156316617993	-0.0336604669449	0.0668551565511	-0.0187692708506	-0.0102784723312	-0.0168102286523	0.00702651693949	-0.0117295616502	-0.0019827421303	0.0156675551028	-0.0506523131775	-0.00329268182095	-0.0273103934729	0.062226540954	-0.0351371776833	0.00663381251828	0.0587534626277	0.0147914122772	0.00101105197794	-0.0092881303939
k__Bacteria;p__Bacteroidetes;c__Bacteroidia;o__Bacteroidales;f__Porphyromonadaceae;g__Parabacteroides;s__Parabacteroides_johnsonii	-0.0159557222652	-0.00597161740899	-0.0700950588335	0.0394504642105	-0.0186723807178	0.0858418108165	0.0335697854898	-0.00593902231921	0.0321331726353	-0.0461731183082	0.0194073402123	0.0286401834891	0.0297076765074	0.040923099466	-0.061358595414	-0.0507856732992	-0.0488712946922	0.0292417453379	-0.0253379325404	-0.0192817455149	0.0164310577141	-0.0923417289847	0.0229568250779	-0.0562836232378	-0.0416240175918	-0.0615399417001	0.0246879465474	-0.0111151779917	1.0	0.0570305917506	0.0141157270171	-0.011590056458	0.0430043132534	0.0146877902459	-0.0366190148629	-0.0402084150745	0.0566664327669	-0.0660818929634	-0.0390732895783	-0.00189916729423	-0.0282924260687	-0.0269313812267	-0.0133587515461	-0.0222302532667	0.00715774727264	0.0244753472521	0.0203464745219	-0.0210642617952	-0.0337637944149	-0.0158803416193	0.0097952621777	0.0220634036817	-0.026330893943	-0.0780120726152	0.0107114839794	-0.0479299387304	-0.0556351131437	-0.0460476816154	-0.00965702764352
k__Bacteria;p__Actinobacteria;c__Actinobacteria;o__Bifidobacteriales;f__Bifidobacteriaceae;g__Bifidobacterium;s__Bifidobacterium_longum	-0.00153801329413	0.0189740375323	-0.00751738625	-0.043780185221	-0.0369079218383	0.00847601138092	-0.0370128878589	-0.0257271976918	0.0164870181154	-0.0347422259675	0.0225980640195	0.0247758415455	0.0613411559253	0.0371724620095	0.0311478880347	-0.0541387318505	-0.0285913363253	0.00147954986033	0.0432843925824	-0.0433281869799	0.0760840307593	-0.0216725652586	0.051565008541	-0.0206814070255	-0.0342592770712	-0.0242009362387	-0.0314463600271	-0.0799194455552	0.0570305917506	1.0	-0.0640760069172	0.0316299857109	0.0408328999358	-0.0336443772775	0.0554062562668	-0.0337122664317	-0.0392199780974	-0.0274205682952	-0.00409747958125	0.0179062554252	-0.0139140731338	-0.00753360915403	0.0448516048422	0.0314020010983	-0.0521710670454	0.0338640112775	-0.0430518310116	0.0200392247516	0.0320780837647	-0.0104176649715	0.0257459864449	-0.0403814569043	-0.0242357780194	-0.0835117280014	0.0187122680241	0.0187565650346	0.0688761388337	-0.0235920371596	-0.0625957488035
