#taxonomy	k__Bacteria;p__Bacteroidetes;c__Bacteroidia;o__Bacteroidales;f__Bacteroidaceae;g__Bacteroides;s__Bacteroides_vulgatus	k__Bacteria;p__Bacteroidetes;c__Bacteroidia;o__Bacteroidales;f__Bacteroidaceae;g__Bacteroides;s__Bacteroides_uniformis	k__Bacteria;p__Bacteroidetes;c__Bacteroidia;o__Bacteroidales;f__Rikenellaceae;g__Alistipes;s__Alistipes_putredinis	k__Bacteria;p__Bacteroidetes;c__Bacteroidia;o__Bacteroidales;f__Prevotellaceae;g__Prevotella;s__Prevotella_copri	k__Bacteria;p__Bacteroidetes;c__Bacteroidia;o__Bacteroidales;f__Bacteroidaceae;g__Bacteroides;s__Bacteroides_stercoris	k__Bacteria;p__Bacteroidetes;c__Bacteroidia;o__Bacteroidales;f__Bacteroidaceae;g__Bacteroides;s__Bacteroides_ovatus	k__Bacteria;p__Bacteroidetes;c__Bacteroidia;o__Bacteroidales;f__Rikenellaceae;g__Alistipes;s__Alistipes_shahii	k__Bacteria;p__Firmicutes;c__Clostridia;o__Clostridiales;f__Ruminococcaceae;g__Faecalibacterium;s__Faecalibacterium_prausnitzii	k__Bacteria;p__Bacteroidetes;c__Bacteroidia;o__Bacteroidales;f__Rikenellaceae;g__Alistipes;s__Alistipes_finegoldii	k__Bacteria;p__Bacteroidetes;c__Bacteroidia;o__Bacteroidales;f__Porphyromonadaceae;g__Parabacteroides;s__Parabacteroides_distasonis	k__Bacteria;p__Bacteroidetes;c__Bacteroidia;o__Bacteroidales;f__Bacteroidaceae;g__Bacteroides;s__Bacteroides_thetaiotaomicron	k__Bacteria;p__Bacteroidetes;c__Bacteroidia;o__Bacteroidales;f__Bacteroidaceae;g__Bacteroides;s__Bacteroides_coprocola	k__Bacteria;p__Bacteroidetes;c__Bacteroidia;o__Bacteroidales;f__Bacteroidaceae;g__Bacteroides;s__Bacteroides_cellulosilyticus	k__Bacteria;p__Bacteroidetes;c__Bacteroidia;o__Bacteroidales;f__Rikenellaceae;g__Alistipes;s__Alistipes_obesi	k__Bacteria;p__Firmicutes;c__Clostridia;o__Clostridiales;f__Lachnospiraceae;g__;s__[Eubacterium]_rectale	k__Bacteria;p__Bacteroidetes;c__Bacteroidia;o__Bacteroidales;f__Bacteroidaceae;g__Bacteroides;s__Bacteroides_plebeius	k__Bacteria;p__Bacteroidetes;c__Bacteroidia;o__Bacteroidales;f__Bacteroidaceae;g__Bacteroides;s__Bacteroides_fragilis	k__Bacteria;p__Proteobacteria;c__Betaproteobacteria;o__Burkholderiales;f__Sutterellaceae;g__Sutterella;s__Sutterella_wadsworthensis	k__Bacteria;p__Bacteroidetes;c__Bacteroidia;o__Bacteroidales;f__Porphyromonadaceae;g__Barnesiella;s__Barnesiella_intestinihominis	k__Bacteria;p__Bacteroidetes;c__Bacteroidia;o__Bacteroidales;f__Odoribacteraceae;g__Odoribacter;s__Odoribacter_splanchnicus	k__Bacteria;p__Bacteroidetes;c__Bacteroidia;o__Bacteroidales;f__Bacteroidaceae;g__Bacteroides;s__Bacteroides_salyersiae	k__Bacteria;p__Firmicutes;c__Clostridia;o__Clostridiales;f__Ruminococcaceae;g__Ruminiclostridium;s__[Eubacterium]_siraeum	k__Bacteria;p__Proteobacteria;c__Betaproteobacteria;o__Burkholderiales;f__Sutterellaceae;g__Parasutterella;s__Parasutterella_excrementihominis	k__Bacteria;p__Actinobacteria;c__Actinobacteria;o__Bifidobacteriales;f__Bifidobacteriaceae;g__Bifidobacterium;s__Bifidobacterium_adolescentis	k__Bacteria;p__Firmicutes;c__Clostridia;o__Clostridiales;f__Oscillospiraceae;g__Oscillibacter;s__Oscillibacter_sp._KLE_1745	k__Bacteria;p__Bacteroidetes;c__Bacteroidia;o__Bacteroidales;f__Bacteroidaceae;g__Bacteroides;s__Bacteroides_coprophilus	k__Bacteria;p__Firmicutes;c__Clostridia;o__Clostridiales;f__Lachnospiraceae;g__Roseburia;s__Roseburia_intestinalis	k__Bacteria;p__Firmicutes;c__Clostridia;o__Clostridiales;f__Lachnospiraceae;g__Roseburia;s__Roseburia_hominis	k__Bacteria;p__Bacteroidetes;c__Bacteroidia;o__Bacteroidales;f__Porphyromonadaceae;g__Parabacteroides;s__Parabacteroides_johnsonii	k__Bacteria;p__Actinobacteria;c__Actinobacteria;o__Bifidobacteriales;f__Bifidobacteriaceae;g__Bifidobacterium;s__Bifidobacterium_longum	k__Bacteria;p__Firmicutes;c__Clostridia;o__Clostridiales;f__;g__Flavonifractor;s__Flavonifractor_plautii	k__Bacteria;p__Firmicutes;c__Clostridia;o__Clostridiales;f__Clostridiaceae;g__Clostridium;s__Clostridium_phoceensis	k__Bacteria;p__Verrucomicrobia;c__Verrucomicrobiae;o__Verrucomicrobiales;f__Akkermansiaceae;g__Akkermansia;s__Akkermansia_muciniphila	k__Bacteria;p__Bacteroidetes;c__Bacteroidia;o__Bacteroidales;f__Prevotellaceae;g__Paraprevotella;s__Paraprevotella_xylaniphila	k__Bacteria;p__Firmicutes;c__Clostridia;o__Clostridiales;f__Ruminococcaceae;g__Ruminococcus;s__Ruminococcus_callidus	k__Bacteria;p__Bacteroidetes;c__Bacteroidia;o__Bacteroidales;f__Rikenellaceae;g__Alistipes;s__Alistipes_senegalensis	k__Bacteria;p__Firmicutes;c__Clostridia;o__Clostridiales;f__Lachnospiraceae;g__Blautia;s__Blautia_sp._KLE_1732	k__Bacteria;p__Bacteroidetes;c__Bacteroidia;o__Bacteroidales;f__Bacteroidaceae;g__Bacteroides;s__Bacteroides_oleiciplenus	k__Bacteria;p__Firmicutes;c__Clostridia;o__Clostridiales;f__Ruminococcaceae;g__Ruminococcus;s__Ruminococcus_bicirculans	k__Bacteria;p__Bacteroidetes;c__Bacteroidia;o__Bacteroidales;f__Bacteroidaceae;g__Bacteroides;s__Bacteroides_fluxus	k__Bacteria;p__Bacteroidetes;c__Bacteroidia;o__Bacteroidales;f__Prevotellaceae;g__Prevotella;s__Prevotella_stercorea	k__Bacteria;p__Firmicutes;c__Clostridia;o__Clostridiales;f__Lachnospiraceae;g__Dorea;s__Dorea_longicatena	k__Bacteria;p__Firmicutes;c__Clostridia;o__Clostridiales;f__Eubacteriaceae;g__Eubacterium;s__[Eubacterium]_eligens	k__Bacteria;p__Firmicutes;c__Clostridia;o__Clostridiales;f__Ruminococcaceae;g__;s__Ruminococcaceae_bacterium_D16	k__Bacteria;p__Firmicutes;c__Clostridia;o__Clostridiales;f__Lachnospiraceae;g__Coprococcus;s__Coprococcus_comes	k__Bacteria;p__Proteobacteria;c__Gammaproteobacteria;o__Enterobacterales;f__Enterobacteriaceae;g__Escherichia;s__Escherichia_coli	k__Bacteria;p__Firmicutes;c__Clostridia;o__Clostridiales;f__Ruminococcaceae;g__Anaerotruncus;s__Anaerotruncus_colihominis	k__Bacteria;p__Firmicutes;c__Clostridia;o__Clostridiales;f__Lachnospiraceae;g__Blautia;s__Blautia_obeum	k__Bacteria;p__Bacteroidetes;c__Bacteroidia;o__Bacteroidales;f__Odoribacteraceae;g__Odoribacter;s__Odoribacter_laneus	k__Bacteria;p__Firmicutes;c__Clostridia;o__Clostridiales;f__Ruminococcaceae;g__Ruminiclostridium;s__[Clostridium]_leptum	k__Bacteria;p__Bacteroidetes;c__Bacteroidia;o__Bacteroidales;f__Porphyromonadaceae;g__Parabacteroides;s__Parabacteroides_goldsteinii	k__Bacteria;p__Firmicutes;c__Clostridia;o__Clostridiales;f__Lachnospiraceae;g__Anaerostipes;s__Anaerostipes_hadrus	k__Bacteria;p__Firmicutes;c__Clostridia;o__Clostridiales;f__Ruminococcaceae;g__Ruminococcus;s__Ruminococcus_lactaris	k__Bacteria;p__Firmicutes;c__Clostridia;o__Clostridiales;f__Clostridiaceae;g__Clostridium;s__Clostridium_sp._L2-50	k__Bacteria;p__Firmicutes;c__Clostridia;o__Clostridiales;f__Clostridiaceae;g__Clostridium;s__Clostridium_sp._M62/1	k__Bacteria;p__Firmicutes;c__Clostridia;o__Clostridiales;f__;g__Intestinimonas;s__Intestinimonas_butyriciproducens	k__Bacteria;p__Actinobacteria;c__Actinobacteria;o__Bifidobacteriales;f__Bifidobacteriaceae;g__Bifidobacterium;s__Bifidobacterium_bifidum	k__Bacteria;p__Firmicutes;c__Negativicutes;o__Veillonellales;f__Veillonellaceae;g__Dialister;s__Dialister_invisus	k__Bacteria;p__Bacteroidetes;c__Bacteroidia;o__Bacteroidales;f__Bacteroidaceae;g__Bacteroides;s__Bacteroides_salanitronis
k__Bacteria;p__Bacteroidetes;c__Bacteroidia;o__Bacteroidales;f__Bacteroidaceae;g__Bacteroides;s__Bacteroides_vulgatus	1.0	0.0244032351016	0.0318886823302	-0.018920718213	-0.00397353873689	0.0487130685367	0.0130624547551	-0.00654052034709	0.0198840433751	-0.00480901021489	-0.0719413118126	-0.00209590851485	0.000815657877079	-0.000195229443226	0.00412668426259	0.00414620093971	0.00124313047565	-0.0101644379382	-0.0292461014409	-0.00760698427932	-0.00125181092866	-0.0132622238397	0.0250372293842	0.0267211313152	-0.0794592077696	-0.0187221110459	-0.0233383272719	0.0323186902203	-0.018626233254	0.0123151077949	-0.0275154435351	-0.0688053343483	-0.0161370776524	-0.00730141136434	0.0290315378173	0.0218920502295	0.000295499278641	-0.0490120947033	-0.00412233140644	-0.066480325246	-0.0342611302101	0.0156869301989	0.0154075429878	0.0270947026345	0.00277172204177	-0.00116452132896	-0.0248519797763	0.0270166446894	-0.0236202943147	0.00444467424841	0.0329618885337	0.00404654427734	-0.0401141968788	-0.087793723926	0.0185919708274	0.0257997564608	-0.023786060201	0.0259130563798	-0.0360389577658
k__Bacteria;p__Bacteroidetes;c__Bacteroidia;o__Bacteroidales;f__Bacteroidaceae;g__Bacteroides;s__Bacteroides_uniformis	0.0244032351016	1.0	-0.0815575153291	-0.0172397900004	-0.042525782782	-0.00424323168865	0.0316340907514	-0.0815993406181	0.0527252552073	0.049646321275	0.0475201724795	-0.0552706897293	-0.0457320052786	-0.0377307212319	-0.00363760818394	-0.0242242404521	0.0240489254571	-0.012572404099	-0.104132785989	-0.0189388965324	0.0323482332945	-0.0199807690199	-0.0653458697338	-0.0377454627402	0.00122880201478	-0.0353146459818	-0.0238896631404	0.0196099633196	0.0160369589347	0.0537680064393	-0.0547775845502	0.0323875643585	0.0137414869014	0.0138381122797	0.0411791189908	-0.0411895939676	-0.0266636852003	0.00889344937219	0.0260289870585	-0.0625144361615	-0.0382062298613	0.00806773986123	-0.0528548634054	0.0275987823911	0.0247855057307	-0.0253948799417	0.0164672862588	-0.048088141442	-0.0258818324507	-0.0101634208958	0.0362653475101	-0.0244872488235	0.0127631684434	-0.00257027372172	-0.0166550873635	-0.0551121374285	-0.0149991809137	0.0166274260685	-0.00378412235272
k__Bacteria;p__Bacteroidetes;c__Bacteroidia;o__Bacteroidales;f__Rikenellaceae;g__Alistipes;s__Alistipes_putredinis	0.0318886823302	-0.0815575153291	1.0	0.0126435437731	0.0204139349023	0.00599957888521	0.0271276410519	-0.0152033659912	0.00992354430003	-0.00987386748915	0.0221846859564	-0.029536813902	0.0354880177573	0.037423829877	0.0713532074778	-0.026102794234	-0.060004278409	-0.0263701822741	0.000149378370633	0.0355611136738	0.0285269967295	-0.0351544647423	0.02972034352	0.0293679123787	-0.0423212950585	0.00535688739762	-0.00213569448442	0.0175704207083	-0.0437752699578	0.0190043131156	-0.0305934196298	0.00671870549083	0.074480201812	-0.00196905837927	0.00355095107602	-0.00871061124446	-0.0472875003689	-0.0290081624186	-0.0229078476343	0.020614032799	-0.0659094006106	0.0784912958808	-0.011179121114	0.0325895245726	-0.06844603514	-0.013067248785	-0.0259161381995	-0.0288314652914	-0.0580858890909	0.0431924509947	-0.0684110991087	-0.0383876280191	0.0468433411875	0.00280849029384	0.0441164301001	-0.0036715463108	0.00781804458753	-0.0509954611835	-0.0155828479702
k__Bacteria;p__Bacteroidetes;c__Bacteroidia;o__Bacteroidales;f__Prevotellaceae;g__Prevotella;s__Prevotella_copri	-0.018920718213	-0.0172397900004	0.0126435437731	1.0	0.054286263866	0.0129928343937	0.0107536629349	-0.0299664090797	0.00539812626109	0.0032495438399	0.0176146896786	0.0332113239477	-0.0359707470371	0.0360734494122	-0.0262848254875	-0.000565930270735	-0.0528613516131	0.0231487601106	0.0333742861965	-0.0118475309068	-0.0202848971662	-0.0222417945238	0.000802434676193	-0.00922207920926	-0.0276658335125	0.00263100998788	-0.0473610642605	-0.0183964925118	0.0141832367064	-0.0255230082021	0.0267734344102	0.0136063395328	-0.00612609768437	-0.0401749906666	-0.0532056915684	-0.0321452171678	0.0136881621864	-0.00557830172919	-0.0267867410953	0.0667163385542	-0.0257930067407	0.0468336393653	0.00872009528504	0.0121908392598	-0.0268000317099	-0.0745552619357	-0.0573909946069	-0.00156562686847	0.0391793908027	0.0199823250605	-0.035683883189	0.027493573057	0.0120099571182	0.0341057769905	-0.011357632213	-0.000106759965146	-0.0693121634243	-0.0120477909593	-0.0518116571427
k__Bacteria;p__Bacteroidetes;c__Bacteroidia;o__Bacteroidales;f__Bacteroidaceae;g__Bacteroides;s__Bacteroides_stercoris	-0.00397353873689	-0.042525782782	0.0204139349023	0.054286263866	1.0	-0.0212200208239	-0.0735628786868	-0.0349554025588	-0.00510719551034	0.021991709434	-0.0631466686006	-0.0381026628026	0.013513933189	-0.0258607577587	-0.0261021481673	0.0310101078486	-0.0693611168861	-0.0158122212521	-0.00682649907081	-0.0408011261448	-0.00367619167881	-0.0170738784347	0.0226508076944	-0.0172564199001	-0.0118257066022	-0.0173812195281	0.0549507251109	-0.0135832987477	0.0116118729694	0.000735225679684	0.0495659913776	0.00153645468636	-0.00792864779416	-0.0572202329286	0.0123529344097	0.0618031898834	-0.0296030731915	0.0456260006101	0.0442716016532	-0.0110923447405	0.0383331941912	-0.0554061497675	-0.0302830241682	-0.0322477934242	0.0398555123206	0.0686502472954	0.0194800232578	0.023588019782	0.0170247174443	-0.0294681687797	-0.0180820701454	-0.0244185075373	-0.0351311916585	-0.0138290547046	0.0267720358097	-0.00249524814421	-0.0525742691648	0.0201846145589	-0.0731123053401
k__Bacteria;p__Bacteroidetes;c__Bacteroidia;o__Bacteroidales;f__Bacteroidaceae;g__Bacteroides;s__Bacteroides_ovatus	0.0487130685367	-0.00424323168865	0.00599957888521	0.0129928343937	-0.0212200208239	1.0	-0.0335153722582	0.00693144955886	0.0268255980902	-0.0316696841522	-0.0240430860821	-0.00110912960231	-0.0507629607095	-0.0671485547187	-0.00200346230032	0.0505120033972	-0.012393154475	-0.0985660122385	0.0504809360002	-0.0302543933318	0.0116762224042	-0.039282443389	0.0472061355549	0.0212852014172	-0.0150309561941	-0.0641121832286	-0.00818291584205	0.0567014084755	-0.032583063905	-0.0271465679135	-0.0163317647908	-0.00912348321174	-0.00827955095845	-0.0122294372441	-0.0251449488372	-0.0227055854919	-0.0798017058173	-0.0599857106838	-0.0620563673548	0.0130455892729	0.0512707624584	0.0181499509427	0.00590612081984	0.00713344956864	-0.0300792020738	0.00363064046006	-0.0404688120852	-0.0307527556917	-0.0361942518675	0.038532018564	-0.0424634784902	0.0105538275985	-0.0059902688323	-0.0549322337286	-0.00970053735408	-0.0331224630542	-0.00571841233089	0.016897813351	0.00186492929541
k__Bacteria;p__Bacteroidetes;c__Bacteroidia;o__Bacteroidales;f__Rikenellaceae;g__Alistipes;s__Alistipes_shahii	0.0130624547551	0.0316340907514	0.0271276410519	0.0107536629349	-0.0735628786868	-0.0335153722582	1.0	-0.0359392408733	0.0498701784715	-0.0585841839886	0.0070262425462	0.022946516554	-0.017378437227	-0.0142149940237	-0.0979320462786	-0.0620067622582	-0.0326665381357	-0.0461139001787	0.0457293455093	0.0112599706132	-0.0436136060193	-0.0569068554892	0.0029583886501	0.0319448746764	-0.0741316197515	0.0121872406344	-0.0209641067676	0.0120738187378	0.0276170619667	0.000552197539757	-0.00416982974114	0.0384884433205	0.0166902387186	-0.020463939071	0.00979184024508	-0.0565879360477	-0.0368436925256	-0.0311620133478	0.0287110721838	-0.120233596747	-0.0479532435841	-0.0121142963163	0.0244811795836	0.0554653177788	-0.0403184896979	0.0762437537529	-0.091220057734	-0.0408947207407	-0.0232435138212	0.022365655235	-0.0239059249183	0.0120452733065	0.0289573023959	0.0164168789859	0.0072351444771	-0.0901943622232	0.0147401285566	-0.077193049118	0.0244005881388
k__Bacteria;p__Firmicutes;c__Clostridia;o__Clostridiales;f__Ruminococcaceae;g__Faecalibacterium;s__Faecalibacterium_prausnitzii	-0.00654052034709	-0.0815993406181	-0.0152033659912	-0.0299664090797	-0.0349554025588	0.00693144955886	-0.0359392408733	1.0	-0.0300204958225	-0.0376434761659	0.0310244384708	-0.0415166538241	0.00708452102759	-0.0408406572797	0.0663023340242	0.0275732417677	-0.0396400311078	0.0451816517935	0.0517214618022	0.012870727739	0.0385057481388	-0.0394582190335	-0.0209616134362	-0.0148647366814	0.0667365189115	-0.0196096177589	-0.0253581347108	-0.0361723930665	-0.014094634609	-0.0561241265687	-0.0153021053175	-0.0340455814004	0.0140461188687	-0.0249111909707	0.0559092951502	-0.0105514306239	-0.00355991639092	-0.0655653204792	0.0280036900813	0.0843753255577	0.00772672580033	-0.0372917571829	-0.00721487545256	0.0460119531626	-0.0171436758209	-0.0594003856204	-0.0267413381587	-0.0408296863894	-0.0116100353204	-0.0197242450916	0.0103059540976	-0.0175815358818	-0.0705879775175	-0.0302541775653	0.0160307473171	0.0191254748852	0.0606069324726	-0.020263645012	0.0412205013257
k__Bacteria;p__Bacteroidetes;c__Bacteroidia;o__Bacteroidales;f__Rikenellaceae;g__Alistipes;s__Alistipes_finegoldii	0.0198840433751	0.0527252552073	0.00992354430003	0.00539812626109	-0.00510719551034	0.0268255980902	0.0498701784715	-0.0300204958225	1.0	-0.0353093218085	-0.00500434273419	0.0445650117331	-0.0200139219087	-0.171705816672	-0.0566723447898	-0.017229701348	-0.0760301801488	-0.0569651999827	-5.72919008214e-05	-0.0465902608566	0.0645295489788	-0.0353076660191	-0.0200756089243	-0.00795950674535	-0.0204017916138	-0.0322674377633	0.0446227980184	-0.00355842994659	-0.0809607709242	0.0147354500352	0.00126508464409	0.0332504568703	-0.0113336341824	0.018862039269	0.0141339457631	0.00891060353272	-0.0533376438844	-0.0359858564348	-0.00311673853186	-0.061058969148	0.0653091256719	0.0263351089714	0.0503215350331	0.0028174126829	-0.0364024708784	-0.021756171809	-0.00997162868065	0.0271689627657	-0.0580278104155	-0.0381029705416	-0.0432259979901	-0.0262902659698	0.0474535994584	0.0708088113795	-0.0442803601779	0.00760402183943	0.0173363482265	-0.0139878482938	0.0135532177177
k__Bacteria;p__Bacteroidetes;c__Bacteroidia;o__Bacteroidales;f__Porphyromonadaceae;g__Parabacteroides;s__Parabacteroides_distasonis	-0.00480901021489	0.049646321275	-0.00987386748915	0.0032495438399	0.021991709434	-0.0316696841522	-0.0585841839886	-0.0376434761659	-0.0353093218085	1.0	0.0289541660366	-0.0379386035631	-0.0114845556415	0.01757547249	-0.00506680791179	0.0127974418607	-0.0204908981812	-0.0626931224858	-0.00828728034996	0.0119922737137	-0.0624601750484	-0.0380381258507	-0.0364061266172	0.0199523148155	-0.0759454585428	-0.00383968663229	0.0076954611385	0.0622563873362	0.010672868446	-0.0233457071035	0.0395525267088	0.0149478311353	0.0249056144769	0.0227520704198	0.0126154083839	0.0294682327503	0.0305104903458	0.0453903206502	-0.0838120216248	-0.0481063424228	0.0331994354073	-0.0742590801406	-0.00933336962165	-0.0330096549963	-0.0495463252315	-0.000481718205396	0.0518832091576	-0.0119371022067	0.0027978860997	-0.0398372921646	-0.0177436773053	-0.0797878007092	-0.0276725288859	-0.0156291444847	0.00965258399382	0.0137879723871	-0.0207931263469	0.0641278735898	-0.0208064962627
k__Bacteria;p__Bacteroidetes;c__Bacteroidia;o__Bacteroidales;f__Bacteroidaceae;g__Bacteroides;s__Bacteroides_thetaiotaomicron	-0.0719413118126	0.0475201724795	0.0221846859564	0.0176146896786	-0.0631466686006	-0.0240430860821	0.0070262425462	0.0310244384708	-0.00500434273419	0.0289541660366	1.0	0.0203948940115	-0.0474055114421	0.0434160089072	-0.0457255421166	0.00886975148124	0.0338087962171	-0.029424453266	0.00828481402448	-0.0591633768879	-0.0286818445156	0.0260672305054	-0.0232201215118	0.0444372860416	-0.031919412565	0.0346863911016	-0.100045044746	0.0176617971563	-0.0555193835187	0.0266623679327	0.052672407343	-0.00862270369898	0.0136462059568	0.0496722225597	-0.00162542949222	0.0254673049116	-0.0258906281993	-0.0857106820515	-0.0327938303613	-0.0101664801901	-0.0156538200735	0.0100829310308	0.0278061435898	-0.0561263823441	-0.0179611319018	-0.0100780566822	-0.0533165887406	-0.000107174764629	-0.0168145960951	-0.00406182676977	-0.00574819105015	-0.00757765601547	0.0433707850765	0.00463071269513	-0.0215530143655	-0.0457275588944	0.0155970207075	0.0522228207229	0.0580113654981
k__Bacteria;p__Bacteroidetes;c__Bacteroidia;o__Bacteroidales;f__Bacteroidaceae;g__Bacteroides;s__Bacteroides_coprocola	-0.00209590851485	-0.0552706897293	-0.029536813902	0.0332113239477	-0.0381026628026	-0.00110912960231	0.022946516554	-0.0415166538241	0.0445650117331	-0.0379386035631	0.0203948940115	1.0	-0.00708012660848	-0.0165971272282	0.00855656753127	-0.0307130559684	0.0344523140485	0.0108564665351	-0.0328771411642	0.0296738433128	-0.0522190698905	-0.0428136951457	-0.00499519275851	-0.0562260115148	-0.049846361891	0.0548941952981	0.0479404961946	0.00835577407496	-0.0122206524292	-0.0316139833338	-0.0155240791104	-0.0447630138419	0.0290784434794	-0.0114477593313	-0.0832801991851	-0.0707907273116	-0.0590625526653	0.0176217222674	-0.0288526945406	0.0453343458623	-0.0194172501075	0.0507382097351	-0.00544452566994	-0.0645608317063	-0.0310142503767	0.00947553934998	-0.0152241784314	0.0116437470443	0.030201353285	0.00176036079476	-0.000674813820148	-0.053999357705	-0.016210607502	-0.0525207416191	-0.0299914664291	0.0648288541411	0.00267432831478	0.0321483544081	-0.0756445189813
k__Bacteria;p__Bacteroidetes;c__Bacteroidia;o__Bacteroidales;f__Bacteroidaceae;g__Bacteroides;s__Bacteroides_cellulosilyticus	0.000815657877079	-0.0457320052786	0.0354880177573	-0.0359707470371	0.013513933189	-0.0507629607095	-0.017378437227	0.00708452102759	-0.0200139219087	-0.0114845556415	-0.0474055114421	-0.00708012660848	1.0	-0.0582234827688	0.0145424800894	0.0037986143473	-0.0289272673523	0.00454506546767	0.00694940933898	-0.0306687425503	0.00643884309226	-0.0293161284575	0.0354901361805	-0.00837924929601	0.0233867957662	0.0213772926772	-0.0110633904822	-0.0661766744684	-0.010572673667	-0.0117004810756	0.0682305232976	-0.00323249232317	0.0191971529165	-0.0431474425802	-0.0250173855571	-0.0323429021848	-0.0447244585137	0.0225836743795	-0.0299701451766	-0.00675986828277	0.0969550424446	-0.0702362036883	0.0126104493493	-0.0692882890137	-0.0180570181332	-0.00157762787343	0.0530588529116	0.00644309767516	-0.0284507148896	0.0205515345506	0.0322649655443	0.0116234337296	-0.0322317164757	-0.0692608081868	-0.0561679759267	0.0473638655672	-0.00394833896792	-0.0350609613372	0.0120247584656
k__Bacteria;p__Bacteroidetes;c__Bacteroidia;o__Bacteroidales;f__Rikenellaceae;g__Alistipes;s__Alistipes_obesi	-0.000195229443226	-0.0377307212319	0.037423829877	0.0360734494122	-0.0258607577587	-0.0671485547187	-0.0142149940237	-0.0408406572797	-0.171705816672	0.01757547249	0.0434160089072	-0.0165971272282	-0.0582234827688	1.0	0.0237053088272	0.0159771324674	0.0584175276157	0.0603674844549	0.0127224741609	0.0207403717074	-0.00382987902817	-0.00931560160834	-0.0506984886433	-0.0357259254321	-0.0581233791974	0.0545822891552	0.0110346294101	0.0269394744928	-0.028249778281	-0.0517073314825	0.00969628641288	-0.032773986652	-0.00669215110914	0.0171297307822	-0.00925522774211	0.00458541216318	-0.0149637800003	0.00993597682047	0.0615629148455	-0.0351043448984	0.016985777948	0.0181374923768	-0.00827237553387	0.0172863937099	-0.0755270851203	0.035892597879	0.0346364187659	-0.01220974342	-0.0324899582506	0.0126937912785	-0.035358894732	-0.0565816917175	-0.0294147043812	0.000764876447846	-0.0136859532201	-0.0322870763531	-0.0257743859486	-0.011318919663	0.0300310068731
k__Bacteria;p__Firmicutes;c__Clostridia;o__Clostridiales;f__Lachnospiraceae;g__;s__[Eubacterium]_rectale	0.00412668426259	-0.00363760818394	0.0713532074778	-0.0262848254875	-0.0261021481673	-0.00200346230032	-0.0979320462786	0.0663023340242	-0.0566723447898	-0.00506680791179	-0.0457255421166	0.00855656753127	0.0145424800894	0.0237053088272	1.0	-0.0370088071841	-0.0572146361492	0.0197119083316	-0.0455686442054	-0.0600762715237	-0.0233313056511	0.000629900776022	-0.0801074010161	-0.0206661029491	-0.0457772642828	0.0537053628898	0.0231240178595	0.0393351177851	0.0253099385583	0.00477934942013	-0.0559298278892	-0.0458813535492	-0.0657200493612	-0.00483675558549	-0.00902186595311	-0.0379863165279	0.019323466081	-0.0321541953191	0.0182017773691	0.0166539326337	0.0368856421519	0.0154399034632	-0.0123652150969	-0.0335295673719	0.0144552297473	-0.035098000542	0.0194966225634	-0.0209803558415	-0.0650085167205	-0.00859599347617	-0.0223289274764	-0.0280380310166	-0.0222119909326	0.0105907728747	0.0295923592486	0.0592996338276	0.0679899816602	0.028562524406	-0.0648341005803
k__Bacteria;p__Bacteroidetes;c__Bacteroidia;o__Bacteroidales;f__Bacteroidaceae;g__Bacteroides;s__Bacteroides_plebeius	0.00414620093971	-0.0242242404521	-0.026102794234	-0.000565930270735	0.0310101078486	0.0505120033972	-0.0620067622582	0.0275732417677	-0.017229701348	0.0127974418607	0.00886975148124	-0.0307130559684	0.0037986143473	0.0159771324674	-0.0370088071841	1.0	-0.022067517687	0.0250140958623	-0.0756991381792	-0.0218459410938	-0.00857479571383	0.0267481774334	0.00164013597287	0.0468203413096	0.0112058409156	0.017253100863	-0.00510691135694	-0.00851673686758	0.000352623726764	-0.0278780050534	-0.0526091500552	-0.0332792971184	0.0437914176778	0.00143760718562	-0.0358022117102	0.0198037551252	-0.0628849312513	-0.0228579593296	-0.0332133241797	0.0195004351318	-0.00335736804712	0.0132860904848	-0.00983305143746	-0.0656486128475	0.0185216428718	-0.0211576637506	-0.053865215477	-0.0147962614068	0.00222209521789	-0.061010063488	0.0111079325763	-0.0218198886324	-0.0756760014687	0.0348746197341	-0.0109825166438	0.012093547617	-0.0341167729891	0.0263068999805	-0.0204543564328
k__Bacteria;p__Bacteroidetes;c__Bacteroidia;o__Bacteroidales;f__Bacteroidaceae;g__Bacteroides;s__Bacteroides_fragilis	0.00124313047565	0.0240489254571	-0.060004278409	-0.0528613516131	-0.0693611168861	-0.012393154475	-0.0326665381357	-0.0396400311078	-0.0760301801488	-0.0204908981812	0.0338087962171	0.0344523140485	-0.0289272673523	0.0584175276157	-0.0572146361492	-0.022067517687	1.0	0.0592449474519	0.0137955798448	0.0012886112974	-0.0076497203248	-0.0732463371469	-0.0410933628512	-0.020939938526	0.075254831933	0.0350755980209	-0.0221731424171	0.0261643916862	0.034453493134	-0.077745081664	0.00540410792511	3.56879582164e-05	0.0423548403249	-0.0269648590651	0.031700022234	-0.101440256498	0.00490520308662	-0.00689363514366	0.00905631888495	-0.026181375763	0.0323605559471	0.0219101250157	0.0365512688983	0.0375978964197	-0.0116165052345	0.00574304016309	0.0254702589677	0.0230164420254	0.0835495346898	0.0946220402529	-0.000316578950347	-0.0530538034386	-0.0308348708085	-0.0324441431564	-0.0131685033697	-0.00418513729169	-0.0316953098248	-0.0276984927496	-0.044152537
k__Bacteria;p__Proteobacteria;c__Betaproteobacteria;o__Burkholderiales;f__Sutterellaceae;g__Sutterella;s__Sutterella_wadsworthensis	-0.0101644379382	-0.012572404099	-0.0263701822741	0.0231487601106	-0.0158122212521	-0.0985660122385	-0.0461139001787	0.0451816517935	-0.0569651999827	-0.0626931224858	-0.029424453266	0.0108564665351	0.00454506546767	0.0603674844549	0.0197119083316	0.0250140958623	0.0592449474519	1.0	0.0545626168825	-0.0198284277399	0.00568104988132	-0.0454870932732	-0.052632670095	0.0660283181808	-0.0176773345209	-0.124504775263	0.0116874614823	-0.0684152355917	0.010005759997	0.00983804255584	-0.0279673179241	0.0243498597181	-0.0353776669349	-0.0682169618799	0.0869821250138	-0.0232335919332	-0.0283732720038	-0.107753000899	-0.0636333733515	0.0276852585517	0.0454671300345	0.0594289979496	-0.0552529859221	0.00681895354548	-0.000429758920041	-0.0498849347786	0.0240191055256	-0.0134236255226	0.0107201646208	-0.0474290351601	0.0142760316081	0.0294809685549	-0.0447881617873	0.0157010688508	0.00215689340704	-0.0080864412179	0.0467504014474	-0.0642298753615	-0.0165157802113
k__Bacteria;p__Bacteroidetes;c__Bacteroidia;o__Bacteroidales;f__Porphyromonadaceae;g__Barnesiella;s__Barnesiella_intestinihominis	-0.0292461014409	-0.104132785989	0.000149378370633	0.0333742861965	-0.00682649907081	0.0504809360002	0.0457293455093	0.0517214618022	-5.72919008213e-05	-0.00828728034996	0.00828481402448	-0.0328771411642	0.00694940933898	0.0127224741609	-0.0455686442054	-0.0756991381792	0.0137955798448	0.0545626168825	1.0	-0.0613928705079	0.0284709732669	0.043963354333	0.0296792554976	0.0321144053701	0.0351744097237	-0.0700479452411	-0.00599784100941	-0.00334315631068	-0.0021328416601	-0.0504881925054	0.0126892033992	0.0583855539322	-0.0285486851678	-0.0731701508044	0.0582340805203	0.00701124240159	0.00638236051517	-0.0892851036182	-0.00269751852676	0.0193658724817	0.0144160743618	-0.0176197784049	0.024715693691	0.0207926220542	-0.0157418324019	-0.0520679980138	0.00101677195243	0.00777656408795	0.0304201668171	0.0121528522218	-0.0379245888096	0.0136971790032	-0.0819447933432	-0.0686080981779	-0.0598583061616	-0.0544898010458	-0.0347877720098	-0.0503783816331	0.0422238137579
k__Bacteria;p__Bacteroidetes;c__Bacteroidia;o__Bacteroidales;f__Odoribacteraceae;g__Odoribacter;s__Odoribacter_splanchnicus	-0.00760698427932	-0.0189388965324	0.0355611136738	-0.0118475309068	-0.0408011261448	-0.0302543933318	0.0112599706132	0.012870727739	-0.0465902608566	0.0119922737137	-0.0591633768879	0.0296738433128	-0.0306687425503	0.0207403717074	-0.0600762715237	-0.0218459410938	0.0012886112974	-0.0198284277399	-0.0613928705079	1.0	0.0426987491203	0.0322437406913	0.00404548351031	0.0102971720658	-0.0314384309439	0.0227239937083	0.0202152244803	0.0493495110542	0.00452383444471	0.0103735568567	-0.0232856995489	-0.022375393334	0.0366160522276	-0.031391277507	0.00192647717981	-0.0448119185224	0.02627973007	0.0165466279796	-0.0353646528133	-0.0619788895739	-0.011182724191	-0.0611047871982	0.00770393531048	0.0266182513865	-0.056187390425	0.0224281916857	-0.0152141311171	0.0757355492373	0.00191514298842	-0.0437053353287	-0.000240774261769	0.00534218774326	-0.0272840835574	0.00610508495779	0.0021342692817	0.0393096514245	-0.0204496332556	-0.0421455954498	0.0216403671935
k__Bacteria;p__Bacteroidetes;c__Bacteroidia;o__Bacteroidales;f__Bacteroidaceae;g__Bacteroides;s__Bacteroides_salyersiae	-0.00125181092866	0.0323482332945	0.0285269967295	-0.0202848971662	-0.00367619167881	0.0116762224042	-0.0436136060193	0.0385057481388	0.0645295489788	-0.0624601750484	-0.0286818445156	-0.0522190698905	0.00643884309226	-0.00382987902817	-0.0233313056511	-0.00857479571383	-0.0076497203248	0.00568104988132	0.0284709732669	0.0426987491203	1.0	-0.00790744848767	-0.0191627834125	0.00915439212212	-0.0534974758268	-0.0504508694719	0.0253210044146	0.0269830861023	-0.0339862786444	-0.0278685783367	-0.0424922028742	0.0354679781109	0.0075662243317	0.0358717021986	-0.0658270424567	-0.0141439204526	-0.017763371218	0.0226283100396	0.0587654075887	-0.0319775360611	-0.0714868506567	-0.000208239573898	-0.00857280849814	0.0624167195578	0.0178772640392	-0.0246403637967	0.0069784641941	-0.0488270097591	-0.0154019097624	0.0207535739073	-0.0152557400567	-0.00202161534627	0.0319426667634	0.0207663700661	-0.00339953410882	-0.0239013319935	0.0517710299944	-0.00324291461499	0.0384347215047
k__Bacteria;p__Firmicutes;c__Clostridia;o__Clostridiales;f__Ruminococcaceae;g__Ruminiclostridium;s__[Eubacterium]_siraeum	-0.0132622238397	-0.0199807690199	-0.0351544647423	-0.0222417945238	-0.0170738784347	-0.039282443389	-0.0569068554892	-0.0394582190335	-0.0353076660191	-0.0380381258507	0.0260672305054	-0.0428136951457	-0.0293161284575	-0.00931560160834	0.000629900776022	0.0267481774334	-0.0732463371469	-0.0454870932732	0.043963354333	0.0322437406913	-0.00790744848767	1.0	0.00615054197912	-0.00368489278859	0.0225761702446	0.00358642617422	0.02483093443	-0.0656503720671	0.00590449181522	0.0543431978451	-0.0265947966567	-0.00980774721471	-0.0295657643759	-0.034090908468	-0.0181794417501	-0.0347366408341	0.0216497478669	0.00935111008966	0.000367529847687	0.05188024496	-0.0318706243729	0.0238964553173	-0.00345118263724	-0.04335743542	-0.0427460282026	0.00725174804998	-0.00742173327926	0.0405422561008	0.0434644941374	0.0354937485886	0.0337843195028	0.0106788749557	0.0104612756083	-0.017596948351	-0.0524232168525	0.0125106848281	-0.0600383725006	0.00253644264651	-0.0145138707021
k__Bacteria;p__Proteobacteria;c__Betaproteobacteria;o__Burkholderiales;f__Sutterellaceae;g__Parasutterella;s__Parasutterella_excrementihominis	0.0250372293842	-0.0653458697338	0.02972034352	0.000802434676193	0.0226508076944	0.0472061355549	0.0029583886501	-0.0209616134362	-0.0200756089243	-0.0364061266172	-0.0232201215118	-0.00499519275851	0.0354901361805	-0.0506984886433	-0.0801074010161	0.00164013597287	-0.0410933628512	-0.052632670095	0.0296792554976	0.00404548351031	-0.0191627834125	0.00615054197912	1.0	0.00561041936602	-0.0247036514659	-0.00460021685231	0.0583563570367	-0.0471115800994	0.0353551134924	-0.0026259910562	-0.00787000912765	-0.0532549494697	-0.0228767088015	0.000599510122352	-0.00853944368528	-0.0266750634786	-0.00338812390981	0.0237355472356	-0.0118489552358	-0.0708712097586	-0.012044054693	-0.0553510739106	-0.00958864409168	0.0815089424485	0.0434138207299	0.0356688122669	-0.0234075677	0.00781592103911	-0.0198081340664	0.012063116267	0.00903655654111	0.00611797791018	0.0654624837074	-0.0123647592957	-0.027703144225	-0.0166500288623	-0.00997260409444	0.0613277957647	-0.0132589539573
k__Bacteria;p__Actinobacteria;c__Actinobacteria;o__Bifidobacteriales;f__Bifidobacteriaceae;g__Bifidobacterium;s__Bifidobacterium_adolescentis	0.0267211313152	-0.0377454627402	0.0293679123787	-0.00922207920926	-0.0172564199001	0.0212852014172	0.0319448746764	-0.0148647366814	-0.00795950674535	0.0199523148155	0.0444372860416	-0.0562260115148	-0.00837924929601	-0.0357259254321	-0.0206661029491	0.0468203413096	-0.020939938526	0.0660283181808	0.0321144053701	0.0102971720658	0.00915439212212	-0.00368489278859	0.00561041936602	1.0	-0.0262949357407	0.00655313513509	-0.0531542110628	-0.0621987895827	-0.0455908704813	-0.0873060848924	0.00315121314572	-0.00832647331175	-0.0137667270643	-0.072062854382	0.0172888651475	-0.00793631692438	-0.0570117205237	0.0019501686033	0.0275957034628	-0.026503604925	0.0240305118749	-0.017967007334	0.0422879436702	0.0116726671221	-0.0461394055799	-0.0319642161069	-0.0463599807178	0.00856382714083	-0.0640601224833	-0.0580454355966	-0.00539400561565	0.0605408576053	0.0115298220419	0.0619101553266	-0.0661105625952	0.00167944188975	0.0219745447067	-0.0373392065809	0.02830642143
k__Bacteria;p__Firmicutes;c__Clostridia;o__Clostridiales;f__Oscillospiraceae;g__Oscillibacter;s__Oscillibacter_sp._KLE_1745	-0.0794592077696	0.00122880201478	-0.0423212950585	-0.0276658335125	-0.0118257066022	-0.0150309561941	-0.0741316197515	0.0667365189115	-0.0204017916138	-0.0759454585428	-0.031919412565	-0.049846361891	0.0233867957662	-0.0581233791974	-0.0457772642828	0.0112058409156	0.075254831933	-0.0176773345209	0.0351744097237	-0.0314384309439	-0.0534974758268	0.0225761702446	-0.0247036514659	-0.0262949357407	1.0	-0.00927832689104	0.0240572051027	-0.0303935765801	-0.0140163980682	0.00536956293677	-0.0108238039791	-0.000677174816328	-0.0761655035124	0.0206916341558	-0.0575408301892	-0.000997299568261	0.0507484341352	-0.00560317564	-0.0220348598379	-0.00167499036571	0.0228400697014	0.0276598931689	0.0185247559535	-0.0201304358227	0.0268656673688	0.0947194806074	-0.0097133640862	-0.00414003044587	-0.00948588054661	0.00725887299479	0.0459994803581	-0.0442837431086	-0.0708721265037	0.023422165378	-0.0179383454351	-0.0109141889869	-0.00903535692369	-0.00452316266081	0.000735744343299
k__Bacteria;p__Bacteroidetes;c__Bacteroidia;o__Bacteroidales;f__Bacteroidaceae;g__Bacteroides;s__Bacteroides_coprophilus	-0.0187221110459	-0.0353146459818	0.00535688739762	0.00263100998788	-0.0173812195281	-0.0641121832286	0.0121872406344	-0.0196096177589	-0.0322674377633	-0.00383968663229	0.0346863911016	0.0548941952981	0.0213772926772	0.0545822891552	0.0537053628898	0.017253100863	0.0350755980209	-0.124504775263	-0.0700479452411	0.0227239937083	-0.0504508694719	0.00358642617422	-0.00460021685231	0.00655313513509	-0.00927832689104	1.0	0.0182362663206	-0.0422232389725	0.0674184539944	0.0277147490347	0.0283080943897	-0.00360936629568	0.0267201343147	0.00582305585884	0.0208162641037	0.0202281500539	0.0194651251026	-0.102513927862	-0.015090743607	-0.069925739308	-0.0657759513222	-0.0355379828104	0.00499180665386	-0.0159627347417	0.0876676243516	0.0160203755789	-0.019603032031	-0.0993389298527	0.0223660937714	0.0724168726221	0.0402775253135	-0.0399911024921	0.0188957412704	-0.00104959379245	0.0418855886464	0.0397854635508	0.0310752153007	0.024022597414	-0.038005972636
k__Bacteria;p__Firmicutes;c__Clostridia;o__Clostridiales;f__Lachnospiraceae;g__Roseburia;s__Roseburia_intestinalis	-0.0233383272719	-0.0238896631404	-0.00213569448442	-0.0473610642605	0.0549507251109	-0.00818291584205	-0.0209641067676	-0.0253581347108	0.0446227980184	0.0076954611385	-0.100045044746	0.0479404961946	-0.0110633904822	0.0110346294101	0.0231240178595	-0.00510691135694	-0.0221731424171	0.0116874614823	-0.00599784100941	0.0202152244803	0.0253210044146	0.02483093443	0.0583563570367	-0.0531542110628	0.0240572051027	0.0182362663206	1.0	-0.0201431528816	-0.0201090945848	-0.0418432758196	0.00175368433684	-0.0179135191245	-0.0456061756184	0.0110646383338	0.065838188391	-0.00921346222071	0.00780597558497	-0.015812126343	-0.0333825477319	0.058887043255	-0.0965850247007	-0.0222993026906	-0.0443181659339	0.00728168575057	-0.046042550805	-0.0624185573186	-0.0246282070338	0.0488132734042	0.030412509209	-0.082332016282	-0.0374200647128	-0.0394796712473	0.0387357105388	0.0622355165768	-0.0168123646582	-0.0186162176372	0.071275735329	-0.0178925066966	-0.00981274802948
k__Bacteria;p__Firmicutes;c__Clostridia;o__Clostridiales;f__Lachnospiraceae;g__Roseburia;s__Roseburia_hominis	0.0323186902203	0.0196099633196	0.0175704207083	-0.0183964925118	-0.0135832987477	0.0567014084755	0.0120738187378	-0.0361723930665	-0.00355842994659	0.0622563873362	0.0176617971563	0.00835577407496	-0.0661766744684	0.0269394744928	0.0393351177851	-0.00851673686758	0.0261643916862	-0.0684152355917	-0.00334315631068	0.0493495110542	0.0269830861023	-0.0656503720671	-0.0471115800994	-0.0621987895827	-0.0303935765801	-0.0422232389725	-0.0201431528816	1.0	-0.0188494796006	-0.0276158678781	0.00377092510649	0.0311752848162	-0.0424341552525	-0.0120871852924	-0.0719503586069	-0.00773397298131	-0.0035615520243	0.00985699629607	-0.0230525727955	-0.00576873183052	-0.0216282368854	0.0380576170177	-0.037031291687	0.0253731530784	-0.0514559004763	-0.00200615634864	-0.0376170332347	-0.0229995014117	0.0140565639837	-0.044331151313	0.0123942365243	-0.0456849830264	0.078844551666	0.00161062150322	0.0357965841506	0.0168486068307	-0.0062874154792	-0.0267576036031	-0.00870736266918
k__Bacteria;p__Bacteroidetes;c__Bacteroidia;o__Bacteroidales;f__Porphyromonadaceae;g__Parabacteroides;s__Parabacteroides_johnsonii	-0.018626233254	0.0160369589347	-0.0437752699578	0.0141832367064	0.0116118729694	-0.032583063905	0.0276170619667	-0.014094634609	-0.0809607709242	0.010672868446	-0.0555193835187	-0.0122206524292	-0.010572673667	-0.028249778281	0.0253099385583	0.000352623726764	0.034453493134	0.010005759997	-0.0021328416601	0.00452383444471	-0.0339862786444	0.00590449181522	0.0353551134924	-0.0455908704813	-0.0140163980682	0.0674184539944	-0.0201090945848	-0.0188494796006	1.0	-0.0240617569571	0.00662024354943	0.0186443379873	-0.0517351566313	-0.0280559807488	-0.0282660030615	-0.018502126753	-0.0290490884693	-0.0197541747814	0.0272078352815	0.0153476113945	0.0292887111673	-0.0104382975979	0.0245831635262	0.00567511083556	0.00196332619884	0.0144462242623	0.0141083243844	0.0843985112767	-0.00697858327995	-0.0409880651139	0.001731520947	-0.0061308845254	-0.0712621008759	-0.0109853373847	-0.0155486858053	0.0272348065854	-0.0176659609539	-0.00709866765673	-0.0840896580207
k__Bacteria;p__Actinobacteria;c__Actinobacteria;o__Bifidobacteriales;f__Bifidobacteriaceae;g__Bifidobacterium;s__Bifidobacterium_longum	0.0123151077949	0.0537680064393	0.0190043131156	-0.0255230082021	0.000735225679685	-0.0271465679135	0.000552197539757	-0.0561241265687	0.0147354500352	-0.0233457071035	0.0266623679327	-0.0316139833338	-0.0117004810756	-0.0517073314825	0.00477934942013	-0.0278780050534	-0.077745081664	0.00983804255584	-0.0504881925054	0.0103735568567	-0.0278685783367	0.0543431978451	-0.0026259910562	-0.0873060848924	0.00536956293677	0.0277147490347	-0.0418432758196	-0.0276158678781	-0.0240617569571	1.0	0.0335827638667	0.0229588560903	0.040338007547	-0.0184186641767	-0.0331993028637	0.0518487661213	0.0120343902957	0.0882378207029	-0.00194610359391	-0.059073745729	-0.00871967613216	-0.00427370445692	-0.0301813286097	-0.00704974964834	0.016409586947	0.042121962778	-0.0147795416396	-0.00388698114828	-0.0294648928444	-0.0343930271235	0.027314252431	0.00556522625969	0.06960718744	-0.0272096259161	0.0412102691821	-0.00444974418014	-0.0401744835684	-0.0640147636052	0.0188112221632
