#taxonomy	k__Bacteria;p__Bacteroidetes;c__Bacteroidia;o__Bacteroidales;f__Bacteroidaceae;g__Bacteroides;s__Bacteroides_vulgatus	k__Bacteria;p__Bacteroidetes;c__Bacteroidia;o__Bacteroidales;f__Bacteroidaceae;g__Bacteroides;s__Bacteroides_uniformis	k__Bacteria;p__Bacteroidetes;c__Bacteroidia;o__Bacteroidales;f__Rikenellaceae;g__Alistipes;s__Alistipes_putredinis	k__Bacteria;p__Bacteroidetes;c__Bacteroidia;o__Bacteroidales;f__Prevotellaceae;g__Prevotella;s__Prevotella_copri	k__Bacteria;p__Bacteroidetes;c__Bacteroidia;o__Bacteroidales;f__Bacteroidaceae;g__Bacteroides;s__Bacteroides_stercoris	k__Bacteria;p__Bacteroidetes;c__Bacteroidia;o__Bacteroidales;f__Bacteroidaceae;g__Bacteroides;s__Bacteroides_ovatus	k__Bacteria;p__Bacteroidetes;c__Bacteroidia;o__Bacteroidales;f__Rikenellaceae;g__Alistipes;s__Alistipes_shahii	k__Bacteria;p__Firmicutes;c__Clostridia;o__Clostridiales;f__Ruminococcaceae;g__Faecalibacterium;s__Faecalibacterium_prausnitzii	k__Bacteria;p__Bacteroidetes;c__Bacteroidia;o__Bacteroidales;f__Rikenellaceae;g__Alistipes;s__Alistipes_finegoldii	k__Bacteria;p__Bacteroidetes;c__Bacteroidia;o__Bacteroidales;f__Porphyromonadaceae;g__Parabacteroides;s__Parabacteroides_distasonis	k__Bacteria;p__Bacteroidetes;c__Bacteroidia;o__Bacteroidales;f__Bacteroidaceae;g__Bacteroides;s__Bacteroides_thetaiotaomicron	k__Bacteria;p__Bacteroidetes;c__Bacteroidia;o__Bacteroidales;f__Bacteroidaceae;g__Bacteroides;s__Bacteroides_coprocola	k__Bacteria;p__Bacteroidetes;c__Bacteroidia;o__Bacteroidales;f__Bacteroidaceae;g__Bacteroides;s__Bacteroides_cellulosilyticus	k__Bacteria;p__Bacteroidetes;c__Bacteroidia;o__Bacteroidales;f__Rikenellaceae;g__Alistipes;s__Alistipes_obesi	k__Bacteria;p__Firmicutes;c__Clostridia;o__Clostridiales;f__Lachnospiraceae;g__;s__[Eubacterium]_rectale	k__Bacteria;p__Bacteroidetes;c__Bacteroidia;o__Bacteroidales;f__Bacteroidaceae;g__Bacteroides;s__Bacteroides_plebeius	k__Bacteria;p__Bacteroidetes;c__Bacteroidia;o__Bacteroidales;f__Bacteroidaceae;g__Bacteroides;s__Bacteroides_fragilis	k__Bacteria;p__Proteobacteria;c__Betaproteobacteria;o__Burkholderiales;f__Sutterellaceae;g__Sutterella;s__Sutterella_wadsworthensis	k__Bacteria;p__Bacteroidetes;c__Bacteroidia;o__Bacteroidales;f__Porphyromonadaceae;g__Barnesiella;s__Barnesiella_intestinihominis	k__Bacteria;p__Bacteroidetes;c__Bacteroidia;o__Bacteroidales;f__Odoribacteraceae;g__Odoribacter;s__Odoribacter_splanchnicus	k__Bacteria;p__Bacteroidetes;c__Bacteroidia;o__Bacteroidales;f__Bacteroidaceae;g__Bacteroides;s__Bacteroides_salyersiae	k__Bacteria;p__Firmicutes;c__Clostridia;o__Clostridiales;f__Ruminococcaceae;g__Ruminiclostridium;s__[Eubacterium]_siraeum	k__Bacteria;p__Proteobacteria;c__Betaproteobacteria;o__Burkholderiales;f__Sutterellaceae;g__Parasutterella;s__Parasutterella_excrementihominis	k__Bacteria;p__Actinobacteria;c__Actinobacteria;o__Bifidobacteriales;f__Bifidobacteriaceae;g__Bifidobacterium;s__Bifidobacterium_adolescentis	k__Bacteria;p__Firmicutes;c__Clostridia;o__Clostridiales;f__Oscillospiraceae;g__Oscillibacter;s__Oscillibacter_sp._KLE_1745	k__Bacteria;p__Bacteroidetes;c__Bacteroidia;o__Bacteroidales;f__Bacteroidaceae;g__Bacteroides;s__Bacteroides_coprophilus	k__Bacteria;p__Firmicutes;c__Clostridia;o__Clostridiales;f__Lachnospiraceae;g__Roseburia;s__Roseburia_intestinalis	k__Bacteria;p__Firmicutes;c__Clostridia;o__Clostridiales;f__Lachnospiraceae;g__Roseburia;s__Roseburia_hominis	k__Bacteria;p__Bacteroidetes;c__Bacteroidia;o__Bacteroidales;f__Porphyromonadaceae;g__Parabacteroides;s__Parabacteroides_johnsonii	k__Bacteria;p__Actinobacteria;c__Actinobacteria;o__Bifidobacteriales;f__Bifidobacteriaceae;g__Bifidobacterium;s__Bifidobacterium_longum	k__Bacteria;p__Firmicutes;c__Clostridia;o__Clostridiales;f__;g__Flavonifractor;s__Flavonifractor_plautii	k__Bacteria;p__Firmicutes;c__Clostridia;o__Clostridiales;f__Clostridiaceae;g__Clostridium;s__Clostridium_phoceensis	k__Bacteria;p__Verrucomicrobia;c__Verrucomicrobiae;o__Verrucomicrobiales;f__Akkermansiaceae;g__Akkermansia;s__Akkermansia_muciniphila	k__Bacteria;p__Bacteroidetes;c__Bacteroidia;o__Bacteroidales;f__Prevotellaceae;g__Paraprevotella;s__Paraprevotella_xylaniphila	k__Bacteria;p__Firmicutes;c__Clostridia;o__Clostridiales;f__Ruminococcaceae;g__Ruminococcus;s__Ruminococcus_callidus	k__Bacteria;p__Bacteroidetes;c__Bacteroidia;o__Bacteroidales;f__Rikenellaceae;g__Alistipes;s__Alistipes_senegalensis	k__Bacteria;p__Firmicutes;c__Clostridia;o__Clostridiales;f__Lachnospiraceae;g__Blautia;s__Blautia_sp._KLE_1732	k__Bacteria;p__Bacteroidetes;c__Bacteroidia;o__Bacteroidales;f__Bacteroidaceae;g__Bacteroides;s__Bacteroides_oleiciplenus	k__Bacteria;p__Firmicutes;c__Clostridia;o__Clostridiales;f__Ruminococcaceae;g__Ruminococcus;s__Ruminococcus_bicirculans	k__Bacteria;p__Bacteroidetes;c__Bacteroidia;o__Bacteroidales;f__Bacteroidaceae;g__Bacteroides;s__Bacteroides_fluxus	k__Bacteria;p__Bacteroidetes;c__Bacteroidia;o__Bacteroidales;f__Prevotellaceae;g__Prevotella;s__Prevotella_stercorea	k__Bacteria;p__Firmicutes;c__Clostridia;o__Clostridiales;f__Lachnospiraceae;g__Dorea;s__Dorea_longicatena	k__Bacteria;p__Firmicutes;c__Clostridia;o__Clostridiales;f__Eubacteriaceae;g__Eubacterium;s__[Eubacterium]_eligens	k__Bacteria;p__Firmicutes;c__Clostridia;o__Clostridiales;f__Ruminococcaceae;g__;s__Ruminococcaceae_bacterium_D16	k__Bacteria;p__Firmicutes;c__Clostridia;o__Clostridiales;f__Lachnospiraceae;g__Coprococcus;s__Coprococcus_comes	k__Bacteria;p__Proteobacteria;c__Gammaproteobacteria;o__Enterobacterales;f__Enterobacteriaceae;g__Escherichia;s__Escherichia_coli	k__Bacteria;p__Firmicutes;c__Clostridia;o__Clostridiales;f__Ruminococcaceae;g__Anaerotruncus;s__Anaerotruncus_colihominis	k__Bacteria;p__Firmicutes;c__Clostridia;o__Clostridiales;f__Lachnospiraceae;g__Blautia;s__Blautia_obeum	k__Bacteria;p__Bacteroidetes;c__Bacteroidia;o__Bacteroidales;f__Odoribacteraceae;g__Odoribacter;s__Odoribacter_laneus	k__Bacteria;p__Firmicutes;c__Clostridia;o__Clostridiales;f__Ruminococcaceae;g__Ruminiclostridium;s__[Clostridium]_leptum	k__Bacteria;p__Bacteroidetes;c__Bacteroidia;o__Bacteroidales;f__Porphyromonadaceae;g__Parabacteroides;s__Parabacteroides_goldsteinii	k__Bacteria;p__Firmicutes;c__Clostridia;o__Clostridiales;f__Lachnospiraceae;g__Anaerostipes;s__Anaerostipes_hadrus	k__Bacteria;p__Firmicutes;c__Clostridia;o__Clostridiales;f__Ruminococcaceae;g__Ruminococcus;s__Ruminococcus_lactaris	k__Bacteria;p__Firmicutes;c__Clostridia;o__Clostridiales;f__Clostridiaceae;g__Clostridium;s__Clostridium_sp._L2-50	k__Bacteria;p__Firmicutes;c__Clostridia;o__Clostridiales;f__Clostridiaceae;g__Clostridium;s__Clostridium_sp._M62/1	k__Bacteria;p__Firmicutes;c__Clostridia;o__Clostridiales;f__;g__Intestinimonas;s__Intestinimonas_butyriciproducens	k__Bacteria;p__Actinobacteria;c__Actinobacteria;o__Bifidobacteriales;f__Bifidobacteriaceae;g__Bifidobacterium;s__Bifidobacterium_bifidum	k__Bacteria;p__Firmicutes;c__Negativicutes;o__Veillonellales;f__Veillonellaceae;g__Dialister;s__Dialister_invisus	k__Bacteria;p__Bacteroidetes;c__Bacteroidia;o__Bacteroidales;f__Bacteroidaceae;g__Bacteroides;s__Bacteroides_salanitronis
k__Bacteria;p__Bacteroidetes;c__Bacteroidia;o__Bacteroidales;f__Bacteroidaceae;g__Bacteroides;s__Bacteroides_vulgatus	1.0	0.0103747886987	-0.00887362948841	-0.0347543289341	-0.0556232103174	-0.0135486127187	0.0670689089858	-0.0281419172286	0.0585619296232	0.0329003174166	-0.0314286661666	0.0546932898017	-0.0392976756746	-0.0426635673826	0.00602739629068	-0.0279148662392	-0.00270434256752	-0.028209138494	-0.0152644745373	-0.041432390423	0.0178418751535	0.0537176635474	-0.00910154223656	-0.0651036221314	0.0151903265321	-0.0234800846165	-0.0237788171856	0.0200535484386	0.0408650854317	-0.0421463888016	0.00374800476274	-0.0166871680999	0.0594374093166	-0.00821843515237	-0.0637935972703	-0.0484057396874	-0.0572869580811	0.0373840207479	-0.00892168970522	-0.0697591031911	-0.0587510554568	-0.0381326166696	0.0864334581164	0.0730408281372	0.0162398838506	-2.5802953327e-05	-0.0147206296153	-0.00281424558624	-0.010359817466	-0.0395971619807	-0.00543364624132	-0.0141451774173	-0.00632154965138	0.0329717717847	-0.0253013904009	-0.021064492582	0.012640170899	-0.00236137175367	0.0608666213061
k__Bacteria;p__Bacteroidetes;c__Bacteroidia;o__Bacteroidales;f__Bacteroidaceae;g__Bacteroides;s__Bacteroides_uniformis	0.0103747886987	1.0	-0.0641118146756	-0.0204284749023	-0.0230990579237	-0.00506840776063	0.016943654317	-0.0305141474336	-0.050456919496	0.00106552453428	-0.028733990924	-0.0219408854064	0.0146202048634	-0.0114910855265	0.0444163718852	0.0478378833816	-0.0348201705786	0.0823407415408	0.0334795265299	-0.0168018283972	0.0457332589217	-0.0554497380236	-0.013582253312	0.00456915930596	0.00225142104428	-0.0152978463275	-0.0314131461401	-0.0468249323163	0.0247976496313	-0.020281315714	0.058035049679	-0.00181941636795	0.0155956422033	-0.00351120917094	-0.0139524575854	0.0181449153472	-0.0713848410555	0.00310602703948	-0.00319666819133	0.0153045363225	-0.0625655328892	0.0560297737369	0.0372778551892	-0.0581488010238	-0.0657415066048	0.00459073424332	-0.0245598048185	-0.0303795344228	-0.0245960241238	-0.0355097299875	0.0459558255333	-0.00730158042176	-0.0103396509574	0.00722081266936	-0.0463191200601	-0.0074013112316	-0.0336796168347	-0.0314177516568	0.0227599209998
k__Bacteria;p__Bacteroidetes;c__Bacteroidia;o__Bacteroidales;f__Rikenellaceae;g__Alistipes;s__Alistipes_putredinis	-0.00887362948841	-0.0641118146756	1.0	-0.00323015629913	-0.0181952794815	-0.0433157671546	0.0305444628026	6.0161254996e-05	-0.0298043092221	-0.0434848057075	-0.00220836412493	-0.00177068943695	0.00657639927085	0.00329669288439	0.0453173820052	-0.00942151145892	-0.00482057595642	-0.0018826859481	0.0438311475409	-0.00960739324536	-0.0314080269759	0.00441173585875	-0.0614085431289	-0.0151278896882	-0.0266119141205	0.0275103455924	0.0401783040007	0.00497687615308	0.0072378381967	0.0245607252585	-0.0110286544234	0.00749604184524	-0.0164074028074	-0.0151798296723	-0.0137923617535	0.0921684688941	0.00924317635333	-0.0853842273194	0.0135687804617	-0.0124019724658	-0.0487620400433	-0.004841900066	-0.0253068098526	0.0222756479968	-0.019381361897	-0.0294470161076	-0.0759936349128	-0.0571595261473	0.0358694688694	-0.00987090998537	-0.0655869778061	0.0189549773869	0.00624865085561	-0.0224719969627	-0.0706924985747	0.0148900181366	-0.0458107424752	-0.00243791446006	-0.0322271851048
k__Bacteria;p__Bacteroidetes;c__Bacteroidia;o__Bacteroidales;f__Prevotellaceae;g__Prevotella;s__Prevotella_copri	-0.0347543289341	-0.0204284749023	-0.00323015629913	1.0	-0.0294486688547	-0.0310592065912	0.0390868987194	0.0100712161796	0.0636094958865	-0.016388310737	-0.01178644106	0.0575678721413	-0.00667545417155	-0.0801716569341	0.0279515205961	-0.0456939921299	-0.0219462950665	-0.0365742031192	-0.0818166746956	-0.0118679104126	-0.0331279399145	-0.0216010108448	0.00956820976692	-0.035401884487	-0.0775769683193	0.00472659035085	0.0306508688358	0.00504885588918	-0.0562517390478	-0.0503291405267	0.00304537221432	0.0193353630273	0.0685191695501	0.052166843581	-0.03493724082	0.0260646515564	-0.0291227140092	-0.00877869960453	0.00906274124612	-0.00166173133089	-0.090982905281	0.0351806716479	0.00126926311261	0.00991375409578	-0.0446419784448	0.00894666292532	-0.0339047095381	0.0424668804685	0.0253473470788	-0.0332382116412	0.000169381115017	-0.0343525739026	-0.0174251325602	-0.0136712955803	0.0277704647612	0.0165427257599	0.0307058675918	0.0481608106814	-0.00019830379242
k__Bacteria;p__Bacteroidetes;c__Bacteroidia;o__Bacteroidales;f__Bacteroidaceae;g__Bacteroides;s__Bacteroides_stercoris	-0.0556232103174	-0.0230990579237	-0.0181952794815	-0.0294486688547	1.0	0.0267269059165	-0.0617826670689	-0.0555105271427	-0.0340015921502	0.0361635195906	-0.0435729778355	0.0371603333828	-0.0292745160385	-0.0205360625517	-0.00931350974516	-0.0286684960633	-0.0588457159245	0.0332727431705	-0.0398011311247	-0.013925665202	0.0245187479447	-0.0190059174148	-0.0140927009736	0.0273169316488	-0.0198916970305	-0.0104679615442	0.0534969969159	-0.00145803359879	-0.0336905340116	-0.0288513255503	-0.028948354888	-0.060397680505	-0.0136731102924	0.00389191625191	0.053574586459	0.0698753761716	-0.00331126325916	-0.00587803426651	0.0157114794653	0.0146731662285	-0.0163489050171	0.00552918664797	0.029499636108	0.000332624633087	-0.0434870215193	-0.00639337032109	0.0120200586941	-0.00675967765718	-0.015541723913	-0.0781193617807	-0.047846103835	0.0533237977167	-0.013008906885	0.0126643893721	0.0462482724158	0.113516384267	-0.0797757051776	-0.00515791845039	-0.0128603099208
k__Bacteria;p__Bacteroidetes;c__Bacteroidia;o__Bacteroidales;f__Bacteroidaceae;g__Bacteroides;s__Bacteroides_ovatus	-0.0135486127187	-0.00506840776063	-0.0433157671546	-0.0310592065912	0.0267269059165	1.0	0.0325180471999	-0.0308061761114	-0.041433144429	-0.0162705797895	-0.0346865749888	-0.010418940413	-0.000783033945987	-0.00508410723783	-0.0177669905765	-0.0274444785592	0.0258098107491	-0.00174222528334	-0.00891542232856	-0.0568760604227	-0.011765239994	0.00648068147184	0.0305438939967	-0.0106825800673	0.0527205858438	-0.0520614386661	-0.0316665525798	-0.00895411928593	-0.0206320758148	0.0278437059568	0.0321119060499	-0.0237274697286	0.0464620212665	-0.0228763718911	0.0484887400656	0.0138247902309	0.00919916876466	-0.00126313089918	-0.00701389732486	-0.0554950297948	-0.0143478554886	0.0142897281981	0.0272671916343	0.0415175639004	-0.0405861842267	-0.0167218743284	0.0367208277984	0.0502116780404	-0.0568156968503	0.0133024334313	-0.0642449689679	-0.00468686393541	0.0131359581424	-0.019670002828	-0.0220103774272	-0.00485343305923	0.0103579611498	-0.0538620397683	-0.00240786512025
k__Bacteria;p__Bacteroidetes;c__Bacteroidia;o__Bacteroidales;f__Rikenellaceae;g__Alistipes;s__Alistipes_shahii	0.0670689089858	0.016943654317	0.0305444628026	0.0390868987194	-0.0617826670689	0.0325180471999	1.0	0.00044856311661	-0.00833083848158	-0.0635737901237	-0.0261857285675	0.0371846866155	-0.0178115402605	-0.0779901974274	0.0103891605042	0.0186458192783	0.0206067420524	-0.0381256983819	0.0105341092225	-0.0664008628766	0.00800850422281	-0.038381735046	0.020579972216	-0.0161485296972	0.0150277969852	0.0189926182953	0.0469348027294	-0.0286414053077	-0.0155125089054	0.0146759268111	-0.0710093438243	-0.0294902005491	-0.0400300684265	-0.00830705307373	0.0421028067153	-0.0414939562177	0.0224270863073	-0.00890404098028	-0.0324822346584	-0.0239937702455	-0.0769080108852	0.0264771264459	0.0331856765077	-0.00283560829867	-0.0370262139934	-0.0255463509354	0.0341029363719	-0.0805905593661	-0.0457736836038	-0.0038731455003	-0.000186131987279	0.0784011289379	-0.00855979199401	-0.0749642799669	0.0328692436053	-0.0342189948226	0.0436608069452	0.0201182322594	0.0180391470421
k__Bacteria;p__Firmicutes;c__Clostridia;o__Clostridiales;f__Ruminococcaceae;g__Faecalibacterium;s__Faecalibacterium_prausnitzii	-0.0281419172286	-0.0305141474336	6.0161254996e-05	0.0100712161796	-0.0555105271427	-0.0308061761114	0.00044856311661	1.0	-0.0192426929457	0.0651619977897	-0.0215094814694	-0.0188896269267	0.00861287344054	-0.00370926849116	0.0302365514674	0.0663329399312	0.016565362455	0.0470195953452	0.0176209655356	-0.0143432740712	-0.01883698717	0.000499688979101	-0.08914762302	-0.00858823720343	-0.0176944252064	-0.00541279982271	-0.0281841886752	0.0527849265272	0.0559384540599	0.00202114213754	-0.0119890100771	0.00312592492617	-0.0512689457409	0.0483588824558	-0.00499506592332	-0.00884981205569	-0.000479522494146	0.0621616583886	0.0144025443061	0.0398463963294	-0.00563162810381	0.0108717263016	-0.0255976582405	-0.0332173612043	-0.0386173451963	-0.034561500508	-0.0321442942854	-0.0282335198403	-0.0399232408135	-0.00175652904629	0.0668225314389	-0.0804982434287	-0.0274760976077	-0.0344465998479	-0.00995834628751	0.00135696196057	-0.0539037519324	-0.0141817342398	0.0336960918985
k__Bacteria;p__Bacteroidetes;c__Bacteroidia;o__Bacteroidales;f__Rikenellaceae;g__Alistipes;s__Alistipes_finegoldii	0.0585619296232	-0.050456919496	-0.0298043092221	0.0636094958864	-0.0340015921502	-0.041433144429	-0.00833083848158	-0.0192426929457	1.0	-0.00342528606291	0.00686059774342	0.00112625107794	0.0159921585245	-0.0406319170162	-0.0142974653717	-0.0141417534357	-0.00256456543397	0.0427510374116	-0.0238970017025	-0.00805552518678	-0.0352623554971	0.0388934977018	0.0159888712232	-0.0720898821994	0.0191238228514	-0.0129489090098	-0.0242555414947	-0.0150138227957	-0.0128881564213	-0.0666066623823	-0.0113261109269	0.0259813609437	0.0321509349331	0.0175960624795	-0.0364606999932	-0.0280005368279	-0.0194531522451	-0.0210643998241	-0.0469816138192	0.00105136576808	0.055479926025	0.103841651232	-0.0427721435693	-0.0522660208489	-0.0224436504115	-0.0497512424462	-0.00548951873369	-0.0133272980016	-0.0202402775473	0.0260524435688	-0.00465996012481	-0.0105976583697	0.0341135893518	0.0114368390865	0.0162685069389	-0.0671058776973	-0.063066339063	-0.0714890003869	0.00705473052094
k__Bacteria;p__Bacteroidetes;c__Bacteroidia;o__Bacteroidales;f__Porphyromonadaceae;g__Parabacteroides;s__Parabacteroides_distasonis	0.0329003174166	0.00106552453428	-0.0434848057075	-0.016388310737	0.0361635195906	-0.0162705797895	-0.0635737901237	0.0651619977897	-0.00342528606291	1.0	0.0135173853009	-0.0581453516616	0.053859669922	0.0379162361315	-0.0760957700416	0.00750104337037	-0.0536929185966	-0.00423951741584	-0.00166889693517	0.0457224623661	-0.0055010389328	0.005035176634	0.0182242845983	-0.0416775440691	0.0168889677186	0.0254016449969	-0.0207416620009	-0.0435531099825	-0.0146806118173	-0.0409880009034	0.0124853807716	-0.0133747016581	-0.038534799699	-0.000830867803678	-0.0109949111137	-0.0425281424601	-0.00427477237077	0.0912304803666	0.0415300664172	0.0217695242963	-0.0193351859442	-0.0339098109583	-0.0127735205394	-0.0652330290022	0.0375887868475	-0.0386898822064	-0.0273920755092	0.0154183886448	-0.0697300119645	-0.0593899572669	0.0562965748892	-0.0477223917737	0.0228108348253	0.06805517424	-0.0569924346475	0.0512048922327	-0.0392904307319	-0.0766751080375	-0.00131662467477
k__Bacteria;p__Bacteroidetes;c__Bacteroidia;o__Bacteroidales;f__Bacteroidaceae;g__Bacteroides;s__Bacteroides_thetaiotaomicron	-0.0314286661666	-0.028733990924	-0.00220836412493	-0.01178644106	-0.0435729778354	-0.0346865749888	-0.0261857285675	-0.0215094814694	0.00686059774342	0.0135173853009	1.0	-0.00789112283662	0.0328326556842	0.0125677366767	0.00830141321284	-0.0517572434652	-0.00652279824204	0.00190415284465	0.0528598883034	0.0457856017933	0.0389561755069	0.0441985406672	0.00958158345026	-0.0218595298987	-0.0755811062291	-0.00107420196343	0.0262260258611	0.0340266552641	0.00346989261709	0.0299172016086	0.00212479411657	0.0393360232669	-0.0555681364052	0.00577433208614	0.0572089443319	-0.0318227696004	0.0315790891024	-0.0298834967966	-0.0550938973824	0.0302714375184	0.0322526594789	0.000502843322917	-0.00673599457421	-0.0367350880455	-0.0306436176567	-0.0690027448903	-0.015208319447	-0.0171728208394	0.0173995003489	-0.0145999343248	0.014873105097	0.00527185063153	0.00798412018208	0.00823829763504	0.0162863015663	0.00170705498142	-0.0279275499368	-0.0675004803202	-0.0208374167374
k__Bacteria;p__Bacteroidetes;c__Bacteroidia;o__Bacteroidales;f__Bacteroidaceae;g__Bacteroides;s__Bacteroides_coprocola	0.0546932898017	-0.0219408854064	-0.00177068943695	0.0575678721413	0.0371603333828	-0.010418940413	0.0371846866155	-0.0188896269267	0.00112625107794	-0.0581453516616	-0.00789112283662	1.0	-0.0516739249327	0.020499860344	0.0104992947048	0.0118451425116	-0.00670107599439	-0.0313681582379	-0.0387617181863	0.0103933644978	-0.0302631345803	-0.082903872076	0.0029338230799	-0.0194373992973	-0.0433504302421	0.00489655799883	-0.050045113475	-0.00337384112523	-0.0206292170478	-0.0220429428841	-0.0683987903167	-0.00683001447403	-0.0250037574764	-0.0270396954343	-0.00580394548192	-0.0753077742949	-0.0500088303712	-0.0222331501562	0.0201918100375	-0.0158813186323	-0.0433506816747	-0.00167668952808	-0.0603443114152	0.0394293032578	0.0530025674866	0.0357053915972	-0.0565198521724	-0.00326133252057	0.0329980153558	0.0218997407677	0.0504179763445	0.0132963077606	-0.00707066129443	-8.0739754087e-06	0.0687571113721	-0.0507788118688	-0.0199170350551	0.0282735907163	-0.0456683489784
k__Bacteria;p__Bacteroidetes;c__Bacteroidia;o__Bacteroidales;f__Bacteroidaceae;g__Bacteroides;s__Bacteroides_cellulosilyticus	-0.0392976756746	0.0146202048634	0.00657639927085	-0.00667545417155	-0.0292745160385	-0.000783033945987	-0.0178115402605	0.00861287344054	0.0159921585245	0.053859669922	0.0328326556842	-0.0516739249327	1.0	0.0114205133197	0.00818083517993	0.0116675357142	-0.0225675446534	-0.0258029500052	-0.0145531368768	0.027251126541	-0.00158842440396	-0.0505906235449	0.0370958335757	0.0237598327887	0.01489150443	0.0384448419611	0.0203456521941	-0.0126786470379	-0.03351506884	0.00988939645704	0.0272316069544	-0.0612901394889	0.0465571532601	0.0381034120855	-0.0100766023313	0.0474063532957	-0.0534560562893	-0.0681894626871	0.0581448893137	0.0245122025874	-0.0334152580547	-0.0299523289025	-0.0136679056126	0.0101295584373	-0.00389699604257	-0.0452027502007	-0.0386696365451	-0.0135654431714	0.024569443433	-0.066308429385	-0.0117904969473	0.0314804126693	0.0233264454873	-0.00499485578554	-0.0527079681016	-0.0113763046157	0.00935084830585	0.0193280075956	-0.0589672565325
k__Bacteria;p__Bacteroidetes;c__Bacteroidia;o__Bacteroidales;f__Rikenellaceae;g__Alistipes;s__Alistipes_obesi	-0.0426635673826	-0.0114910855265	0.00329669288439	-0.0801716569341	-0.0205360625517	-0.00508410723783	-0.0779901974274	-0.00370926849116	-0.0406319170162	0.0379162361315	0.0125677366767	0.020499860344	0.0114205133197	1.0	0.0422777877591	-0.00295709252399	-0.0414035998312	-0.019477820991	-0.0757513821291	-0.0543694438782	0.00184244093003	0.0118072085584	0.0143582154108	-0.0363179712875	-0.0015425417603	-0.048867713424	0.0077900718294	-0.0362443435281	-0.0379164513316	0.0136235283548	0.0143672149442	0.000770310007157	-0.0343537172593	-0.0238070120375	-0.000910121524947	-0.0255746018975	-0.0330022853588	0.0190539797477	0.00617763231673	-0.105476328776	-0.00793298656761	0.0224023365963	0.0074426982179	0.0270305226501	-0.064828495471	-0.00617334158356	0.0209278279111	0.0603724173759	-0.00335491008971	-0.0528835074237	-0.0313545800151	0.0343979048043	0.012223437828	0.0350194127667	0.0487883066115	-0.029161871547	0.0248479916227	0.0324240031183	0.00527208579407
k__Bacteria;p__Firmicutes;c__Clostridia;o__Clostridiales;f__Lachnospiraceae;g__;s__[Eubacterium]_rectale	0.00602739629068	0.0444163718852	0.0453173820052	0.0279515205961	-0.00931350974516	-0.0177669905765	0.0103891605042	0.0302365514674	-0.0142974653717	-0.0760957700416	0.00830141321284	0.0104992947048	0.00818083517993	0.0422777877591	1.0	-0.00184508769616	0.00468480303742	-0.0319020978245	-0.00208759102361	0.00687777539742	0.0193293142618	0.00679920910596	-0.0196872009552	-0.0128949522205	-0.0141900183823	-0.0252844312595	-0.0446673825807	-0.00153878591304	0.0237690450603	0.000893536383321	-0.0647550941863	-0.0434895445589	-0.0250508323505	-0.00286970216567	-0.0175872515639	0.000919820629068	-0.0103927074186	-0.00558621268825	0.047397995298	0.0128830691993	-0.00385823267794	-0.0323305321923	0.018230684268	-0.0262771852877	-0.0537573182432	-0.0580164639289	-0.0907754171359	0.0407018744288	-0.0567006120084	-0.0340773968055	0.0006703974432	-0.0211813013888	0.00409231661399	0.00448085264311	-0.0529347398932	-0.0148753699213	0.0110481671272	0.0218788580358	-0.0113523838054
k__Bacteria;p__Bacteroidetes;c__Bacteroidia;o__Bacteroidales;f__Bacteroidaceae;g__Bacteroides;s__Bacteroides_plebeius	-0.0279148662392	0.0478378833816	-0.00942151145892	-0.0456939921299	-0.0286684960633	-0.0274444785592	0.0186458192783	0.0663329399312	-0.0141417534357	0.00750104337037	-0.0517572434652	0.0118451425116	0.0116675357142	-0.00295709252399	-0.00184508769616	1.0	0.0370846562138	-0.0400747544355	0.000715850938079	-0.0959188525309	0.0475822368486	-0.0217347946967	-0.017563859982	0.0401263047195	-0.0191001429068	0.0125426952149	-0.0339249614219	-0.029437930222	0.02904676605	-0.0768776596063	0.000186043215982	-0.0345897941507	0.0436309794677	0.0354106096846	0.0405825182414	0.0606343674708	-0.00131595375106	-0.0272297470797	0.00113840749735	0.00597959919009	0.0102855673037	0.0576108140416	0.0337339960888	0.0310206087718	-0.0745712249239	-0.0313889712341	-0.0492908902567	-0.0663404595338	-0.00895388578052	-0.0163173696003	-0.0116575383328	-0.00389450534172	-0.0417838728805	-0.0175385119825	-0.0108296460629	0.00575497494757	0.00248351524077	-0.0683144023444	0.0740637178418
k__Bacteria;p__Bacteroidetes;c__Bacteroidia;o__Bacteroidales;f__Bacteroidaceae;g__Bacteroides;s__Bacteroides_fragilis	-0.00270434256752	-0.0348201705786	-0.00482057595642	-0.0219462950665	-0.0588457159245	0.0258098107491	0.0206067420524	0.016565362455	-0.00256456543397	-0.0536929185966	-0.00652279824204	-0.00670107599439	-0.0225675446534	-0.0414035998312	0.00468480303742	0.0370846562138	1.0	-0.00184828754702	-0.071604991952	-0.00230904756552	-0.0142363665361	-0.0391315450685	0.0104374286702	0.0211561474707	0.0698430462031	0.00813656132215	0.0616201291365	0.0177382691193	0.0421746191708	-0.0162754036739	-0.0198331635632	-0.0585294497381	-0.0133202734155	-0.0438790667255	-0.0325342786381	0.029989552604	-0.0732852913084	-0.00567627028038	-0.0414094508922	-0.0837408480139	0.0142062244052	-0.0133387427981	0.0275092213049	0.0508469445841	0.0932764005021	0.0417523998871	-0.00253152728769	-0.0235990598143	0.0991086142113	0.050298109912	0.0739572921963	-0.011352521672	-0.0352619339981	-0.0234784739992	0.00910066139244	0.0345087184303	-0.0238703089258	0.032526126809	-0.0483325866434
k__Bacteria;p__Proteobacteria;c__Betaproteobacteria;o__Burkholderiales;f__Sutterellaceae;g__Sutterella;s__Sutterella_wadsworthensis	-0.028209138494	0.0823407415408	-0.0018826859481	-0.0365742031192	0.0332727431705	-0.00174222528334	-0.0381256983819	0.0470195953452	0.0427510374116	-0.00423951741584	0.00190415284465	-0.0313681582379	-0.0258029500052	-0.019477820991	-0.0319020978245	-0.0400747544355	-0.00184828754702	1.0	-0.0804365075904	0.0163146691098	-0.0320332922567	0.0214930401639	0.0121099837552	0.0389376753049	0.00396365117206	0.00113929175919	-0.0266484712644	0.00425867668983	-0.0171952387493	0.0404001711296	-0.0164836346023	-0.00635488122431	0.008221743244	0.0446165216844	0.0344235673367	-0.0574028381265	0.0473110444438	-0.0252602094865	-0.0983202067959	-0.0599854177914	0.0101423232439	0.00119317402134	-0.0227412638407	-0.0288706607712	0.0504560222759	0.024492898887	-0.0541835883532	0.0286481913273	-0.0172616485764	-0.0560752138368	0.000197875481071	-0.00189067150651	-0.0143367270378	-0.0356648810099	0.0299200795125	-0.0343844553609	0.0329556053034	-0.0817116751937	0.020367847832
k__Bacteria;p__Bacteroidetes;c__Bacteroidia;o__Bacteroidales;f__Porphyromonadaceae;g__Barnesiella;s__Barnesiella_intestinihominis	-0.0152644745373	0.0334795265299	0.0438311475409	-0.0818166746956	-0.0398011311247	-0.00891542232856	0.0105341092225	0.0176209655356	-0.0238970017025	-0.00166889693517	0.0528598883034	-0.0387617181863	-0.0145531368768	-0.0757513821291	-0.00208759102361	0.000715850938078	-0.071604991952	-0.0804365075904	1.0	0.0155431521166	0.0239129153018	-0.0110118666141	0.0409503483585	0.0120111693048	0.0194939316572	0.0171505644907	0.0428184004117	0.0202974188127	0.00883204111262	-0.0294643091847	-0.0282232415751	0.0525057993061	-0.0138627000962	0.00387292681843	0.0455334760463	-0.0434236229723	-0.0420025562897	-0.00922120595816	0.122114576017	0.0403351336504	0.00495251710528	-0.0349523543473	0.00722163395692	-0.0558539396158	-0.0301985236884	-0.0313708691819	-0.0126093336508	0.0221420555721	0.0184192573946	-0.000453916040196	-0.0677163625256	-0.0130572985425	0.0169126697218	-0.0435922455973	0.00291664698154	-0.052344942309	-0.00618413826563	-0.00266982242548	-0.0274679203636
k__Bacteria;p__Bacteroidetes;c__Bacteroidia;o__Bacteroidales;f__Odoribacteraceae;g__Odoribacter;s__Odoribacter_splanchnicus	-0.041432390423	-0.0168018283972	-0.00960739324536	-0.0118679104126	-0.013925665202	-0.0568760604227	-0.0664008628766	-0.0143432740712	-0.00805552518678	0.0457224623661	0.0457856017933	0.0103933644978	0.027251126541	-0.0543694438782	0.00687777539742	-0.0959188525309	-0.00230904756552	0.0163146691098	0.0155431521166	1.0	-0.0714922611483	-0.0245103054319	0.0744442341168	0.0150223498649	-0.072249567572	0.0365114198694	-0.0472740245357	-0.0251138638699	0.0677108635905	-0.0391770920125	-0.0867788763482	-0.0299585841113	-0.0786687993508	-0.0202634076533	-0.0316318359463	0.00570187546495	-0.054496618748	0.0511960395993	0.0126899353507	-0.0119632105179	-0.0182513403344	0.0380945495722	-0.00714254382024	0.0198426672077	0.00876254643201	-0.0429520394435	0.0145251511094	0.0111082055559	-0.0710262824034	0.0161122065567	0.00232538157837	0.0243179371111	0.00836797764562	-0.0274504449013	-0.0591411833941	-0.00853467253765	0.0573868029974	-0.0361999444032	-0.00163749944536
k__Bacteria;p__Bacteroidetes;c__Bacteroidia;o__Bacteroidales;f__Bacteroidaceae;g__Bacteroides;s__Bacteroides_salyersiae	0.0178418751535	0.0457332589217	-0.0314080269759	-0.0331279399145	0.0245187479447	-0.011765239994	0.00800850422281	-0.01883698717	-0.0352623554971	-0.0055010389328	0.0389561755069	-0.0302631345803	-0.00158842440396	0.00184244093003	0.0193293142618	0.0475822368486	-0.0142363665361	-0.0320332922567	0.0239129153018	-0.0714922611483	1.0	0.021248727778	0.0292106602904	-0.00620355451068	-0.0578267756642	-0.00796461309223	0.00565656162963	0.0134237819898	0.0187321390863	0.00244531103552	0.023906684806	-0.0323716152339	-0.0536009171541	-0.0253890695145	-0.00606708559147	0.0247345229569	0.0472015301598	-0.00749335297703	-0.0399825902886	0.00836467221654	0.0143680181176	-0.029189021485	-0.0228320391096	-0.0313737355095	-0.0336283560924	-0.0355908085078	-0.00286942046677	0.0444579636563	-0.0194154847817	0.0044286776052	0.0211976830757	-0.045536684186	-0.0812921742863	0.00537627229817	0.00181509023535	-0.0240827121306	0.0360704324697	-0.0166375968582	-0.0226420147071
k__Bacteria;p__Firmicutes;c__Clostridia;o__Clostridiales;f__Ruminococcaceae;g__Ruminiclostridium;s__[Eubacterium]_siraeum	0.0537176635474	-0.0554497380236	0.00441173585875	-0.0216010108448	-0.0190059174148	0.00648068147184	-0.038381735046	0.000499688979101	0.0388934977018	0.005035176634	0.0441985406672	-0.082903872076	-0.0505906235449	0.0118072085584	0.00679920910596	-0.0217347946967	-0.0391315450685	0.0214930401639	-0.0110118666141	-0.0245103054319	0.021248727778	1.0	-0.0356418016807	-0.0727652876332	-0.0316054423547	-0.0274040670226	-0.0522676899708	-0.0481846579197	0.0202600248398	0.0140541281724	0.0145222358226	0.0158838320426	0.021414723993	-0.0419074228783	-0.00349932294947	0.0299873651708	0.0652300185927	-0.0309538728096	0.00622860419051	0.0080653252513	0.00177757790201	0.0420348245757	0.0277869361443	-0.0471917734563	0.0758952455158	0.0707667380766	-0.0429664785229	-0.0292059852977	0.0413387540261	-0.0689522651178	-0.00664283157271	-0.00378155295001	0.0223649651631	0.00636055960783	0.00205222537997	-0.00252951351952	-0.0119482825484	-0.0285131551879	0.0183330899178
k__Bacteria;p__Proteobacteria;c__Betaproteobacteria;o__Burkholderiales;f__Sutterellaceae;g__Parasutterella;s__Parasutterella_excrementihominis	-0.00910154223656	-0.013582253312	-0.0614085431289	0.00956820976692	-0.0140927009736	0.0305438939967	0.020579972216	-0.08914762302	0.0159888712232	0.0182242845983	0.00958158345026	0.0029338230799	0.0370958335757	0.0143582154108	-0.0196872009552	-0.017563859982	0.0104374286702	0.0121099837552	0.0409503483585	0.0744442341168	0.0292106602904	-0.0356418016807	1.0	0.0180244618275	-0.0517758199798	0.0290203018876	0.0133570430241	-0.0489886638962	-0.0127223688445	-0.033819021891	0.0759254125526	0.0583910666755	-0.0154876343865	-0.06644391593	-0.0153655214237	-0.0142963798799	0.0115410846157	0.0596691144668	0.00722674530578	-0.0366104954735	-0.0381276525021	0.00861388140175	-0.0678154126641	0.0170033887042	-0.000240452542905	-0.0535385521838	-0.0176229740664	-0.00977199333534	-0.0121907035297	0.012427008107	-0.0509296884603	0.0170748864966	0.0229732292289	-0.0219732708708	-0.0463902281387	0.00255853814006	0.00189632086982	0.024168695077	-0.0398854756165
k__Bacteria;p__Actinobacteria;c__Actinobacteria;o__Bifidobacteriales;f__Bifidobacteriaceae;g__Bifidobacterium;s__Bifidobacterium_adolescentis	-0.0651036221314	0.00456915930596	-0.0151278896882	-0.035401884487	0.0273169316488	-0.0106825800673	-0.0161485296972	-0.00858823720343	-0.0720898821994	-0.0416775440691	-0.0218595298987	-0.0194373992973	0.0237598327887	-0.0363179712875	-0.0128949522205	0.0401263047195	0.0211561474707	0.0389376753049	0.0120111693048	0.0150223498649	-0.00620355451068	-0.0727652876332	0.0180244618275	1.0	-0.0280717797064	0.0809374398873	-0.00758749169003	-0.049549852054	0.0305417886259	-0.0173692353444	-0.0394752780913	-0.0357685742269	-0.00684318471409	-0.0673937355737	-0.0107725309104	-0.033265309394	-0.00814692485837	-0.00476794459781	0.0314630095812	0.0515373040389	-0.000437298949229	-0.0221142927401	0.054850961315	-0.0016466116136	-0.0189472433986	-0.0431176509623	0.0683229752171	-0.0283262330372	-0.0290396751169	0.00349246837162	0.0410803558841	0.023520361132	0.0795185326166	0.0179384826633	-0.0331774670782	-0.020436327869	-0.00048204440879	-0.00175548390887	0.0569414586552
k__Bacteria;p__Firmicutes;c__Clostridia;o__Clostridiales;f__Oscillospiraceae;g__Oscillibacter;s__Oscillibacter_sp._KLE_1745	0.0151903265321	0.00225142104428	-0.0266119141205	-0.0775769683193	-0.0198916970305	0.0527205858438	0.0150277969852	-0.0176944252064	0.0191238228514	0.0168889677186	-0.0755811062291	-0.0433504302421	0.01489150443	-0.0015425417603	-0.0141900183823	-0.0191001429068	0.0698430462031	0.00396365117206	0.0194939316572	-0.072249567572	-0.0578267756642	-0.0316054423547	-0.0517758199798	-0.0280717797064	1.0	-0.0444528280628	-0.0227811765201	0.0133265355704	0.0115127675222	-0.00853547465815	-0.00334323110682	-0.0853381406289	0.0478317427077	-0.0276377126266	0.0249514746772	0.0221968835011	-0.00723505504999	-0.010582551152	-0.00106727958128	-0.0208509114175	-0.0232489059439	0.0168570640356	0.0452323949222	-0.0231545815553	0.0148324253495	-0.0158558816044	0.0369378744723	0.0478772072769	0.0399585401018	-0.0281534163519	0.0250941805926	0.00450078283904	-0.0141179567389	-0.0368768193553	0.00479398428873	0.000278995087793	0.0407376365697	0.0286082577626	-0.0403961274647
k__Bacteria;p__Bacteroidetes;c__Bacteroidia;o__Bacteroidales;f__Bacteroidaceae;g__Bacteroides;s__Bacteroides_coprophilus	-0.0234800846165	-0.0152978463275	0.0275103455924	0.00472659035085	-0.0104679615442	-0.0520614386661	0.0189926182953	-0.00541279982271	-0.0129489090098	0.0254016449969	-0.00107420196343	0.00489655799883	0.0384448419611	-0.048867713424	-0.0252844312595	0.0125426952149	0.00813656132215	0.00113929175919	0.0171505644907	0.0365114198694	-0.00796461309223	-0.0274040670226	0.0290203018876	0.0809374398873	-0.0444528280628	1.0	-0.0266138677662	-0.0265862903121	-0.0144196467281	-0.0546194163243	0.00693409929257	-0.00923217378913	-0.0132873127919	0.00427900709807	-0.0709351808864	-0.0220419147182	-0.00212333554735	-0.00707270872705	-0.0155678320633	0.0100759072141	-0.000322088004086	0.0135328415526	-0.0634621032698	0.00338472564383	0.0276750777459	0.0742806836409	-0.0326843421762	-0.0197839357284	0.00769438067923	-0.0153300960362	0.000360258683235	-0.0477617177701	-0.0392177813771	0.00930126177928	-0.0470409649955	0.0119041375957	-0.0347615434261	0.00115474806273	-0.00946637097733
k__Bacteria;p__Firmicutes;c__Clostridia;o__Clostridiales;f__Lachnospiraceae;g__Roseburia;s__Roseburia_intestinalis	-0.0237788171856	-0.0314131461401	0.0401783040007	0.0306508688358	0.0534969969159	-0.0316665525798	0.0469348027294	-0.0281841886752	-0.0242555414947	-0.0207416620009	0.0262260258611	-0.050045113475	0.0203456521941	0.0077900718294	-0.0446673825807	-0.0339249614219	0.0616201291365	-0.0266484712644	0.0428184004117	-0.0472740245357	0.00565656162963	-0.0522676899708	0.0133570430241	-0.00758749169003	-0.0227811765201	-0.0266138677662	1.0	-0.0193640463471	-0.00970366906526	0.00859116270094	0.0114176994552	-0.0274392897264	0.00537757495386	-0.0234557600724	-0.0125999780347	-0.0683467901325	0.018294526272	0.0544534254463	0.0236749992193	-0.00428994516696	0.0323688212578	0.0209507502988	0.0310849419573	-0.0143546528196	0.0271208078305	0.0353659190322	0.0240317864554	-0.0846873444463	0.0120232577826	-0.00647661243961	-0.0348258129049	0.0168382350179	6.22047099178e-05	-0.0161888021369	-0.000543010408574	0.0390791386893	-0.0310988047482	-0.00657559751411	-0.0586786667072
k__Bacteria;p__Firmicutes;c__Clostridia;o__Clostridiales;f__Lachnospiraceae;g__Roseburia;s__Roseburia_hominis	0.0200535484386	-0.0468249323163	0.00497687615308	0.00504885588918	-0.00145803359879	-0.00895411928593	-0.0286414053077	0.0527849265272	-0.0150138227957	-0.0435531099825	0.0340266552641	-0.00337384112523	-0.0126786470379	-0.0362443435281	-0.00153878591304	-0.029437930222	0.0177382691193	0.00425867668983	0.0202974188127	-0.0251138638699	0.0134237819898	-0.0481846579197	-0.0489886638962	-0.049549852054	0.0133265355704	-0.0265862903121	-0.0193640463471	1.0	0.00139256856538	0.000565209268664	0.00889521544507	0.00423307084896	0.00120683291217	-0.0618994626433	0.0482866937963	0.00755098271786	-0.0261318975763	-0.0202923849797	-0.0379240445457	-0.0439990611479	0.0132991736458	-0.0317894896529	0.0073701816154	-0.0106851051926	-0.0671220574876	0.0447156531347	0.00660439401213	0.0744244630625	-0.0242786657703	-0.0477281940351	-0.0681985596295	0.0416593698455	-0.00532515563452	0.00644108763609	0.00263818193403	-0.0577737754714	-0.0138115938102	-0.0354005652656	-0.0141395149818
k__Bacteria;p__Bacteroidetes;c__Bacteroidia;o__Bacteroidales;f__Porphyromonadaceae;g__Parabacteroides;s__Parabacteroides_johnsonii	0.0408650854317	0.0247976496313	0.0072378381967	-0.0562517390478	-0.0336905340116	-0.0206320758148	-0.0155125089054	0.0559384540599	-0.0128881564213	-0.0146806118173	0.00346989261709	-0.0206292170478	-0.03351506884	-0.0379164513316	0.0237690450603	0.02904676605	0.0421746191708	-0.0171952387493	0.00883204111262	0.0677108635905	0.0187321390863	0.0202600248398	-0.0127223688445	0.0305417886259	0.0115127675222	-0.0144196467281	-0.00970366906526	0.00139256856538	1.0	-0.0385240557151	0.0590402000159	-0.0165715867992	-0.00667828959887	-0.0245860057399	-0.0367813807951	0.00177681251425	0.00571064940765	-0.0179985758865	0.0441760627771	0.00883680361028	-0.0383940596782	0.0498107195946	0.0121572351496	-0.0389866950119	-0.00234887361957	-0.014249391274	-0.0027456002051	-0.104241471842	-0.0235900630243	0.041565223901	-0.0613165359653	0.0245624002047	-0.0191399678767	0.0101699707482	0.0011561263503	0.0314202217011	-0.0151242155745	0.0356206633925	-0.00705585349377
k__Bacteria;p__Actinobacteria;c__Actinobacteria;o__Bifidobacteriales;f__Bifidobacteriaceae;g__Bifidobacterium;s__Bifidobacterium_longum	-0.0421463888016	-0.020281315714	0.0245607252585	-0.0503291405267	-0.0288513255503	0.0278437059568	0.0146759268111	0.00202114213754	-0.0666066623823	-0.0409880009034	0.0299172016086	-0.0220429428841	0.00988939645704	0.0136235283548	0.000893536383321	-0.0768776596063	-0.0162754036739	0.0404001711296	-0.0294643091847	-0.0391770920125	0.00244531103552	0.0140541281724	-0.033819021891	-0.0173692353444	-0.00853547465815	-0.0546194163243	0.00859116270094	0.000565209268664	-0.0385240557151	1.0	-0.0642687765805	0.0153519212037	0.0305636732148	0.068657414081	0.0443654477906	0.0502477335528	-0.00949953343766	0.036995791259	-0.0404379592604	-0.0617642203632	-0.021888590997	-0.0577438129059	-0.0451500269202	-0.0489228331498	0.0292718179389	0.0225103638956	-0.02857460664	0.0255295139114	0.0343080841864	0.00332535728499	-0.00678471400909	-0.0540801850196	-0.0242378902368	-0.0233791235708	0.0255633102212	-0.0656567794238	0.0214011187307	0.0481849001242	0.0154446685483
