#taxonomy	k__Bacteria;p__Bacteroidetes;c__Bacteroidia;o__Bacteroidales;f__Bacteroidaceae;g__Bacteroides;s__Bacteroides_vulgatus	k__Bacteria;p__Bacteroidetes;c__Bacteroidia;o__Bacteroidales;f__Bacteroidaceae;g__Bacteroides;s__Bacteroides_uniformis	k__Bacteria;p__Bacteroidetes;c__Bacteroidia;o__Bacteroidales;f__Rikenellaceae;g__Alistipes;s__Alistipes_putredinis	k__Bacteria;p__Bacteroidetes;c__Bacteroidia;o__Bacteroidales;f__Prevotellaceae;g__Prevotella;s__Prevotella_copri	k__Bacteria;p__Bacteroidetes;c__Bacteroidia;o__Bacteroidales;f__Bacteroidaceae;g__Bacteroides;s__Bacteroides_stercoris	k__Bacteria;p__Bacteroidetes;c__Bacteroidia;o__Bacteroidales;f__Bacteroidaceae;g__Bacteroides;s__Bacteroides_ovatus	k__Bacteria;p__Bacteroidetes;c__Bacteroidia;o__Bacteroidales;f__Rikenellaceae;g__Alistipes;s__Alistipes_shahii	k__Bacteria;p__Firmicutes;c__Clostridia;o__Clostridiales;f__Ruminococcaceae;g__Faecalibacterium;s__Faecalibacterium_prausnitzii	k__Bacteria;p__Bacteroidetes;c__Bacteroidia;o__Bacteroidales;f__Rikenellaceae;g__Alistipes;s__Alistipes_finegoldii	k__Bacteria;p__Bacteroidetes;c__Bacteroidia;o__Bacteroidales;f__Porphyromonadaceae;g__Parabacteroides;s__Parabacteroides_distasonis	k__Bacteria;p__Bacteroidetes;c__Bacteroidia;o__Bacteroidales;f__Bacteroidaceae;g__Bacteroides;s__Bacteroides_thetaiotaomicron	k__Bacteria;p__Bacteroidetes;c__Bacteroidia;o__Bacteroidales;f__Bacteroidaceae;g__Bacteroides;s__Bacteroides_coprocola	k__Bacteria;p__Bacteroidetes;c__Bacteroidia;o__Bacteroidales;f__Bacteroidaceae;g__Bacteroides;s__Bacteroides_cellulosilyticus	k__Bacteria;p__Bacteroidetes;c__Bacteroidia;o__Bacteroidales;f__Rikenellaceae;g__Alistipes;s__Alistipes_obesi	k__Bacteria;p__Firmicutes;c__Clostridia;o__Clostridiales;f__Lachnospiraceae;g__;s__[Eubacterium]_rectale	k__Bacteria;p__Bacteroidetes;c__Bacteroidia;o__Bacteroidales;f__Bacteroidaceae;g__Bacteroides;s__Bacteroides_plebeius	k__Bacteria;p__Bacteroidetes;c__Bacteroidia;o__Bacteroidales;f__Bacteroidaceae;g__Bacteroides;s__Bacteroides_fragilis	k__Bacteria;p__Proteobacteria;c__Betaproteobacteria;o__Burkholderiales;f__Sutterellaceae;g__Sutterella;s__Sutterella_wadsworthensis	k__Bacteria;p__Bacteroidetes;c__Bacteroidia;o__Bacteroidales;f__Porphyromonadaceae;g__Barnesiella;s__Barnesiella_intestinihominis	k__Bacteria;p__Bacteroidetes;c__Bacteroidia;o__Bacteroidales;f__Odoribacteraceae;g__Odoribacter;s__Odoribacter_splanchnicus	k__Bacteria;p__Bacteroidetes;c__Bacteroidia;o__Bacteroidales;f__Bacteroidaceae;g__Bacteroides;s__Bacteroides_salyersiae	k__Bacteria;p__Firmicutes;c__Clostridia;o__Clostridiales;f__Ruminococcaceae;g__Ruminiclostridium;s__[Eubacterium]_siraeum	k__Bacteria;p__Proteobacteria;c__Betaproteobacteria;o__Burkholderiales;f__Sutterellaceae;g__Parasutterella;s__Parasutterella_excrementihominis	k__Bacteria;p__Actinobacteria;c__Actinobacteria;o__Bifidobacteriales;f__Bifidobacteriaceae;g__Bifidobacterium;s__Bifidobacterium_adolescentis	k__Bacteria;p__Firmicutes;c__Clostridia;o__Clostridiales;f__Oscillospiraceae;g__Oscillibacter;s__Oscillibacter_sp._KLE_1745	k__Bacteria;p__Bacteroidetes;c__Bacteroidia;o__Bacteroidales;f__Bacteroidaceae;g__Bacteroides;s__Bacteroides_coprophilus	k__Bacteria;p__Firmicutes;c__Clostridia;o__Clostridiales;f__Lachnospiraceae;g__Roseburia;s__Roseburia_intestinalis	k__Bacteria;p__Firmicutes;c__Clostridia;o__Clostridiales;f__Lachnospiraceae;g__Roseburia;s__Roseburia_hominis	k__Bacteria;p__Bacteroidetes;c__Bacteroidia;o__Bacteroidales;f__Porphyromonadaceae;g__Parabacteroides;s__Parabacteroides_johnsonii	k__Bacteria;p__Actinobacteria;c__Actinobacteria;o__Bifidobacteriales;f__Bifidobacteriaceae;g__Bifidobacterium;s__Bifidobacterium_longum	k__Bacteria;p__Firmicutes;c__Clostridia;o__Clostridiales;f__;g__Flavonifractor;s__Flavonifractor_plautii	k__Bacteria;p__Firmicutes;c__Clostridia;o__Clostridiales;f__Clostridiaceae;g__Clostridium;s__Clostridium_phoceensis	k__Bacteria;p__Verrucomicrobia;c__Verrucomicrobiae;o__Verrucomicrobiales;f__Akkermansiaceae;g__Akkermansia;s__Akkermansia_muciniphila	k__Bacteria;p__Bacteroidetes;c__Bacteroidia;o__Bacteroidales;f__Prevotellaceae;g__Paraprevotella;s__Paraprevotella_xylaniphila	k__Bacteria;p__Firmicutes;c__Clostridia;o__Clostridiales;f__Ruminococcaceae;g__Ruminococcus;s__Ruminococcus_callidus	k__Bacteria;p__Bacteroidetes;c__Bacteroidia;o__Bacteroidales;f__Rikenellaceae;g__Alistipes;s__Alistipes_senegalensis	k__Bacteria;p__Firmicutes;c__Clostridia;o__Clostridiales;f__Lachnospiraceae;g__Blautia;s__Blautia_sp._KLE_1732	k__Bacteria;p__Bacteroidetes;c__Bacteroidia;o__Bacteroidales;f__Bacteroidaceae;g__Bacteroides;s__Bacteroides_oleiciplenus	k__Bacteria;p__Firmicutes;c__Clostridia;o__Clostridiales;f__Ruminococcaceae;g__Ruminococcus;s__Ruminococcus_bicirculans	k__Bacteria;p__Bacteroidetes;c__Bacteroidia;o__Bacteroidales;f__Bacteroidaceae;g__Bacteroides;s__Bacteroides_fluxus	k__Bacteria;p__Bacteroidetes;c__Bacteroidia;o__Bacteroidales;f__Prevotellaceae;g__Prevotella;s__Prevotella_stercorea	k__Bacteria;p__Firmicutes;c__Clostridia;o__Clostridiales;f__Lachnospiraceae;g__Dorea;s__Dorea_longicatena	k__Bacteria;p__Firmicutes;c__Clostridia;o__Clostridiales;f__Eubacteriaceae;g__Eubacterium;s__[Eubacterium]_eligens	k__Bacteria;p__Firmicutes;c__Clostridia;o__Clostridiales;f__Ruminococcaceae;g__;s__Ruminococcaceae_bacterium_D16	k__Bacteria;p__Firmicutes;c__Clostridia;o__Clostridiales;f__Lachnospiraceae;g__Coprococcus;s__Coprococcus_comes	k__Bacteria;p__Proteobacteria;c__Gammaproteobacteria;o__Enterobacterales;f__Enterobacteriaceae;g__Escherichia;s__Escherichia_coli	k__Bacteria;p__Firmicutes;c__Clostridia;o__Clostridiales;f__Ruminococcaceae;g__Anaerotruncus;s__Anaerotruncus_colihominis	k__Bacteria;p__Firmicutes;c__Clostridia;o__Clostridiales;f__Lachnospiraceae;g__Blautia;s__Blautia_obeum	k__Bacteria;p__Bacteroidetes;c__Bacteroidia;o__Bacteroidales;f__Odoribacteraceae;g__Odoribacter;s__Odoribacter_laneus	k__Bacteria;p__Firmicutes;c__Clostridia;o__Clostridiales;f__Ruminococcaceae;g__Ruminiclostridium;s__[Clostridium]_leptum	k__Bacteria;p__Bacteroidetes;c__Bacteroidia;o__Bacteroidales;f__Porphyromonadaceae;g__Parabacteroides;s__Parabacteroides_goldsteinii	k__Bacteria;p__Firmicutes;c__Clostridia;o__Clostridiales;f__Lachnospiraceae;g__Anaerostipes;s__Anaerostipes_hadrus	k__Bacteria;p__Firmicutes;c__Clostridia;o__Clostridiales;f__Ruminococcaceae;g__Ruminococcus;s__Ruminococcus_lactaris	k__Bacteria;p__Firmicutes;c__Clostridia;o__Clostridiales;f__Clostridiaceae;g__Clostridium;s__Clostridium_sp._L2-50	k__Bacteria;p__Firmicutes;c__Clostridia;o__Clostridiales;f__Clostridiaceae;g__Clostridium;s__Clostridium_sp._M62/1	k__Bacteria;p__Firmicutes;c__Clostridia;o__Clostridiales;f__;g__Intestinimonas;s__Intestinimonas_butyriciproducens	k__Bacteria;p__Actinobacteria;c__Actinobacteria;o__Bifidobacteriales;f__Bifidobacteriaceae;g__Bifidobacterium;s__Bifidobacterium_bifidum	k__Bacteria;p__Firmicutes;c__Negativicutes;o__Veillonellales;f__Veillonellaceae;g__Dialister;s__Dialister_invisus	k__Bacteria;p__Bacteroidetes;c__Bacteroidia;o__Bacteroidales;f__Bacteroidaceae;g__Bacteroides;s__Bacteroides_salanitronis
k__Bacteria;p__Bacteroidetes;c__Bacteroidia;o__Bacteroidales;f__Bacteroidaceae;g__Bacteroides;s__Bacteroides_vulgatus	1.0	0.0565560458506	-0.00822397169754	-0.0302728205527	-0.0540696924611	-0.00665041288542	-0.0354590925538	-0.0414296933164	-0.00767882072982	-0.0538046388431	-0.00990636395612	0.0288888815409	0.057891947085	-0.0477621276012	-0.0173433704194	-0.018761953256	0.0565295882755	-0.0605392088318	0.029510225128	-0.0390574318282	-0.0693876923807	-0.0220265004761	-0.0375854076838	-0.0132765127262	-0.0352102125583	-0.0667312735106	-0.0127479379248	0.0428957952251	-0.0152840478592	0.0450384741515	-0.0231657152763	0.000483723806737	0.030064715472	-0.0608782053266	0.00611965525775	-0.000792357438322	-0.0126444712279	-0.0428623710133	-0.0121854103537	-0.0496222390576	-0.050489826159	0.040002308945	0.0212394493861	0.0116805266674	0.0149052099933	-0.0509054601476	-0.0838323903996	-0.0315566902563	-0.00723237517808	0.0134336134425	-0.0185361108599	0.00499520877596	-0.0163095793489	-0.0246430517495	0.00524362700755	0.0530943065391	0.0340511592456	0.0302867160253	-0.011559786922
k__Bacteria;p__Bacteroidetes;c__Bacteroidia;o__Bacteroidales;f__Bacteroidaceae;g__Bacteroides;s__Bacteroides_uniformis	0.0565560458506	1.0	0.0203656768018	-0.0288745298399	0.0220822134703	0.000766144281608	-0.0454742975634	-0.0058474081561	-0.0778676195401	-0.0551854532696	0.0290294899628	0.0179483722879	-0.0290267997798	0.00477162030315	-0.0149599833106	-0.0680272095748	-0.0330509923324	-0.0111287961571	0.000398009066345	-0.0868197247793	-0.00436373996523	-0.0461252980422	0.00404612684294	0.0229915609507	0.00131015492319	-0.00588131451947	-0.071074578117	0.00548144645774	0.0428521508424	-0.00172538870388	-0.0120710974779	-0.0164637089288	0.0273509582756	-0.0292734181248	0.00426604398801	-0.00587812590429	-0.00573661158221	-0.0291146194615	-0.00467812847195	0.0767164986031	0.051687811602	-0.033188371571	-0.0542640622552	-0.0152794853986	0.00307268830466	-0.0165525475523	-0.0696430601641	-0.00994245806798	-0.0476937445323	0.00342612233309	0.0179008846002	0.0302219558843	-0.0459355642861	0.0862194106973	-0.0120741175444	-0.0422677717802	-0.00292454141821	0.000827763578857	-0.0415098685232
k__Bacteria;p__Bacteroidetes;c__Bacteroidia;o__Bacteroidales;f__Rikenellaceae;g__Alistipes;s__Alistipes_putredinis	-0.00822397169754	0.0203656768018	1.0	-0.0122034262516	0.0694910962766	-0.0580608833669	0.0384262053537	-0.0183518946487	0.00635655643842	-0.0114399050325	-0.0139336113034	0.00145431355334	-0.028907425202	0.00329933285933	-0.0626377327394	0.00353159427672	-0.0410378967364	-0.00905113575312	-0.0648717087274	0.00679779090839	0.0166519867235	-0.00334169048001	-0.0690280975573	0.0334940826034	-0.0470817235049	0.00191959935355	-0.0278806659623	-0.0369868093578	0.0173454686095	0.00366810038575	-0.0476270513283	0.0559781416827	-0.0330542447771	0.0287381795107	-0.04320968685	-0.0396958090531	0.0106629529373	-0.0114611631432	0.0179901570129	-0.00274657899701	0.0372901334653	-0.000948749783655	-0.0505007535839	-0.0415083872883	0.0187065878639	-0.0469037591974	-0.0320376055882	-0.0308121724233	0.00960459570143	-0.0253335801532	0.00737322594335	-0.0292681819239	-0.0135289874225	0.00198333114032	0.016091525602	-0.00982264270729	-0.00974100792111	-0.0101875613698	0.065583977293
k__Bacteria;p__Bacteroidetes;c__Bacteroidia;o__Bacteroidales;f__Prevotellaceae;g__Prevotella;s__Prevotella_copri	-0.0302728205527	-0.0288745298399	-0.0122034262516	1.0	-0.00625042272714	-0.0121702708964	-0.0345485105216	-0.0619812596379	0.0144527374086	-0.008103483364	0.0280125416193	-0.0376460465893	-0.0176804299738	-0.0340935022898	-0.053650865974	0.0324513555117	-0.0263402469897	-0.00440860968879	0.0407386108955	0.0267220139098	-0.0215219827082	0.0335883265999	-0.0488272645421	0.0239285755958	-0.042142251042	0.0589331268812	-0.0452075485733	0.0362039050971	-0.0205123802383	-0.0485653310273	0.0840758781798	-0.0678664768507	-0.0199059766521	-0.0127963394355	-0.0257268527513	0.0335821135066	0.0147332136297	-0.0329239341384	-0.0164460383193	0.0491815677129	0.0272118885775	-0.0587319106393	0.00927123470859	-0.0606569526284	-0.0478221643214	0.0245582854571	0.00629265901734	-0.00354145437122	-0.0132502617601	0.0070330765342	0.0193991798106	-0.105125467083	0.0222887521918	-0.0173046770728	0.0254254654659	0.0100344860615	0.00868376983435	0.010095112773	-0.0142421496232
k__Bacteria;p__Bacteroidetes;c__Bacteroidia;o__Bacteroidales;f__Bacteroidaceae;g__Bacteroides;s__Bacteroides_stercoris	-0.0540696924611	0.0220822134703	0.0694910962766	-0.00625042272714	1.0	-0.0444414390413	-0.0198837394334	0.0341492976729	-0.00409677427886	0.0299393625924	0.0491123199659	-0.0588293025601	0.0319421047814	-0.0765829701734	0.011116741894	-0.0480007727302	0.0165856423379	-0.0147917215677	-0.0114926741387	-0.0372606190391	-0.0257041809437	-0.0286465661953	-0.092433673199	0.0537641371767	-0.0465181566801	0.0235901013301	-0.039424650362	0.00532690282605	-0.00541193513764	-0.0416181448937	-0.0192670989669	0.00676268065458	-0.0221340961159	0.0211544857897	0.00743644701228	0.00111413814058	-0.00388046649702	0.00950530026913	0.0101849346907	0.0830633557066	-0.0387540396511	-0.0243277936712	0.0318935432796	0.0634359422432	-0.0567309941318	-0.0158546575951	-0.012445894132	-0.00776647097371	-0.0414727007037	-0.0231642970167	-0.0254189591751	-0.025841597398	0.0297600452011	0.0161632923363	0.0198314641001	-0.0700168171568	-0.00865804717399	0.0725260548298	-0.00282722605025
k__Bacteria;p__Bacteroidetes;c__Bacteroidia;o__Bacteroidales;f__Bacteroidaceae;g__Bacteroides;s__Bacteroides_ovatus	-0.00665041288542	0.000766144281608	-0.0580608833669	-0.0121702708964	-0.0444414390413	1.0	0.067547282586	0.0194746650731	-0.0535161059738	0.00477468836816	-0.0212304491495	-0.0109622112322	-0.0258902417499	0.0191653220212	0.041865771028	-0.049838235622	0.0127899884903	-0.00569652326613	-0.0223524287884	0.0169476221214	-0.00880996723067	0.0225083712682	0.0324941594333	-0.00752140281198	0.0223647718356	0.00896197088791	-0.0178288529531	-0.00585013369419	-0.027090196523	-0.0403149318609	0.00834720826001	-0.0128022422329	-0.109393718073	-0.0163090309489	-0.0199878135717	0.0196279638845	0.0385519334191	-0.0325525011401	0.00642402313819	0.015448500827	-0.0185010860848	0.0341337854846	0.0166643103773	-0.00398891078061	0.0363401959929	0.00886024886401	0.0352993810204	-0.0564431206128	-0.00660021053687	-0.0861592438228	0.0221498474956	-0.011430021064	-0.0691509719707	-0.0671171228306	-0.0364217525166	-0.0238409254579	0.0343945004011	0.0192434348922	0.0100486739116
k__Bacteria;p__Bacteroidetes;c__Bacteroidia;o__Bacteroidales;f__Rikenellaceae;g__Alistipes;s__Alistipes_shahii	-0.0354590925538	-0.0454742975634	0.0384262053537	-0.0345485105216	-0.0198837394334	0.067547282586	1.0	-0.0354414520142	-0.0396671531544	-0.00846127003492	-0.058667795107	0.00910471023778	-0.00998216842093	-0.0262802617822	-0.0416129649066	0.0403265485317	-0.0873653016653	0.0170831123881	0.0462352432453	-0.0929163083376	-3.19055058038e-05	-0.0060371654027	0.00943629261025	-0.0313878369808	0.0182561330215	-0.0197580529549	-0.0158090120381	0.00676873328473	-0.0377990008308	0.0365765741421	-0.0442517111231	-0.013489941782	0.0183394689991	-0.0205983388826	-0.0704177297413	-0.0082815601632	-0.0337104173929	0.0732520903425	-0.0497573022573	-0.029247510075	-0.0627176331739	-0.00657245131002	-0.0270189436141	-0.0316882961074	0.00997468859958	0.00675882669163	0.0164703225957	0.0711564265233	-0.0144062046889	0.0216182831263	0.00774835667438	0.0421154648549	0.0242035980156	-0.050838085676	0.0130157829363	-0.046663030185	-0.0521683076887	-0.0181267516957	0.0400747470995
k__Bacteria;p__Firmicutes;c__Clostridia;o__Clostridiales;f__Ruminococcaceae;g__Faecalibacterium;s__Faecalibacterium_prausnitzii	-0.0414296933164	-0.0058474081561	-0.0183518946487	-0.0619812596379	0.0341492976729	0.0194746650731	-0.0354414520142	1.0	0.00208526539694	0.0236035382818	-0.00940586430627	0.0141463135646	-0.025927342862	-0.000841615801209	0.0724241339531	0.00371554488847	0.0495303017697	-0.0261029358098	-0.00235548206435	-0.00539941415374	0.0504893393059	0.000967948912459	0.0260906904544	0.0623293294218	0.0164084340333	0.0205371687824	-0.0325067659542	-0.0942489030956	-0.06176901816	-0.0162103073396	-0.0140668631426	0.0408599149185	-0.00313979048457	-0.0786903081214	-0.0270440540242	-0.0680179543353	-0.029594085217	0.00969756325261	-0.0620411951099	-0.015804891542	-0.0755509036494	-0.0391879048411	-0.00898533762554	-0.00680521732697	-0.0794824466793	-0.0323311270206	-0.0774457359702	-0.0196057269451	0.0252597996438	-0.0388062985047	-0.0223918551879	-0.105187991258	-0.00817695241305	-0.0331315379742	0.0373616882554	-0.00298087043721	0.0167666339501	-0.0786312582644	0.116766006233
k__Bacteria;p__Bacteroidetes;c__Bacteroidia;o__Bacteroidales;f__Rikenellaceae;g__Alistipes;s__Alistipes_finegoldii	-0.00767882072982	-0.0778676195401	0.00635655643842	0.0144527374086	-0.00409677427886	-0.0535161059738	-0.0396671531544	0.00208526539694	1.0	0.00491653209895	0.0258502561074	-0.0204456910357	-0.0490663826784	-0.0248018747183	-0.0138714612268	-0.0102381599413	0.0132149995945	0.00590070276685	0.0255890541638	-0.0350596886876	0.0583021208163	-0.00705469506156	-0.0694510278787	0.00488125360488	-0.0497451354163	-0.0501774310999	0.0271195029886	-0.073260133876	-0.0283118056194	-0.015237347976	0.0582524361842	-0.0243919813749	0.0259528993208	0.0232097113147	-0.0484512408937	-0.01544489114	-0.0018059255284	-0.0347916353209	0.0349952297438	-0.000208722155537	0.015807058974	-0.0277330957557	-0.00799165257688	-0.0869330451549	-0.0416806937183	-0.00983151435844	-0.0461814818236	0.0807593945657	-0.00359403202893	-0.0423875757272	-0.0194540918175	-0.0996027979904	-0.0529861799293	0.0402069704471	0.0165357167801	-0.0547799698646	0.041203880443	0.01461593428	-0.00200798374691
k__Bacteria;p__Bacteroidetes;c__Bacteroidia;o__Bacteroidales;f__Porphyromonadaceae;g__Parabacteroides;s__Parabacteroides_distasonis	-0.0538046388431	-0.0551854532696	-0.0114399050325	-0.008103483364	0.0299393625924	0.00477468836816	-0.00846127003492	0.0236035382818	0.00491653209895	1.0	0.0133478080799	0.00519296085331	0.00261216366979	-0.0405291826099	-0.0410421863871	-0.0705274018231	-0.00484708531074	-0.0809977374323	0.0343253974463	0.0397691121151	-0.0181538323018	0.0042345962399	-0.0255916658732	0.0286074520086	-0.0112044715198	0.0273714468069	0.0285712986575	0.0107209677817	0.0274297999749	0.0262071966562	0.0257383696612	-0.0726921815891	-0.0269547818635	-0.0234479960002	-0.0352351601605	-0.0448949213314	-0.0406142988432	-0.00641151848282	-0.000119589010679	-0.0247552605875	-0.00862424196299	-0.0252688120219	0.00237471295068	-0.0372698813496	-0.018537145524	-0.0263344026129	0.0046395945184	0.0269184382382	-0.0216540372452	-0.033047341644	-0.0773023722782	-0.013346379645	0.0113737679943	0.0274847201494	0.00223050261185	0.00261888457012	0.00796009139433	-0.0291036526855	-0.0285081812728
k__Bacteria;p__Bacteroidetes;c__Bacteroidia;o__Bacteroidales;f__Bacteroidaceae;g__Bacteroides;s__Bacteroides_thetaiotaomicron	-0.00990636395612	0.0290294899628	-0.0139336113034	0.0280125416193	0.0491123199659	-0.0212304491495	-0.058667795107	-0.00940586430627	0.0258502561074	0.0133478080799	1.0	-0.058953355147	-0.0544881581087	-0.0216710985942	-0.0332845383931	0.033312724838	-0.0155236026465	0.0621112793095	0.03518204631	-0.0492362190221	0.00429779616318	-0.0291711491048	-0.0222288093515	-0.0173953383155	0.0567317526151	0.00266578070441	-0.0179558665355	-0.0544947260054	-0.0284775788646	0.0608753965775	0.0200105201291	0.027569151821	-0.058487119037	-0.0219427896701	-0.0533497767118	0.00261515227633	-0.0579470898504	0.0100608608722	-0.047201348081	-0.00956545542416	-0.0461349908537	0.0221158484477	-0.071983226766	0.0539881379517	-0.0562590385181	-0.00662757547149	0.044551909595	0.0117614926844	-0.0286021094343	0.00311478033106	0.0464163279492	-0.0680203657302	-0.0570598474863	-0.00119441845642	0.00174131265031	5.73041814798e-05	-0.0648395174936	-0.00263891000405	0.0584478926369
k__Bacteria;p__Bacteroidetes;c__Bacteroidia;o__Bacteroidales;f__Bacteroidaceae;g__Bacteroides;s__Bacteroides_coprocola	0.0288888815409	0.0179483722879	0.00145431355334	-0.0376460465893	-0.0588293025601	-0.0109622112322	0.00910471023778	0.0141463135646	-0.0204456910357	0.00519296085331	-0.058953355147	1.0	0.0468896166679	0.027135687224	-0.0139493502505	0.0213643178657	-0.00482743089212	-0.0216232669039	-0.046174710463	0.00895747701255	-0.0727458422437	-0.000347817726531	0.0169230741763	-0.0592422548105	-0.0180893110848	0.0178802291333	0.0306705094545	-0.0164791457086	-0.00126520370374	0.0141523717863	-0.0221801774569	0.00476064141133	0.0549468659262	0.010866776662	-0.011543624128	-0.0393961259121	-0.0569797189205	0.00863738890153	-0.0150126224664	-0.0391812133681	-0.037562663826	-0.00583225580365	0.000755076283302	0.0068775475705	-0.0140529807895	0.0365476591627	-0.015449622409	-0.01701819549	-0.0151505236255	-0.0368950911704	0.00533618191539	-0.032403456456	0.0545522234931	-0.0274886798827	0.0208659237493	-0.0329161986513	0.0725534303264	-0.0232438122511	-0.0131162509218
k__Bacteria;p__Bacteroidetes;c__Bacteroidia;o__Bacteroidales;f__Bacteroidaceae;g__Bacteroides;s__Bacteroides_cellulosilyticus	0.057891947085	-0.0290267997798	-0.028907425202	-0.0176804299738	0.0319421047814	-0.0258902417499	-0.00998216842093	-0.025927342862	-0.0490663826784	0.00261216366979	-0.0544881581087	0.0468896166679	1.0	-0.0154313897466	0.00363154675624	0.0455309427058	-0.0676424511563	-0.0273999622978	-0.0291792558449	0.0456998239369	-0.00795806722167	0.0200815649403	0.0295511889427	-0.0375829143571	-0.036671970429	0.0475861781586	0.0877280115442	0.0238642140737	0.0268372503032	-0.0538312378934	0.0232214838106	-0.0106458597228	-0.0252840075033	-0.0532329944364	0.0514592822722	0.0535160155364	-0.086407177766	0.0207050824232	0.0364635518115	-0.0605451128065	-0.0456584261242	-0.00780207641637	-0.0343899244244	0.0137232641068	-0.0180643769892	-0.0169311454121	0.0315580847713	0.0232482265138	-0.0227899921849	-0.0292330110678	-0.0622062729493	-0.041304929616	-0.00014824045142	-0.0266395308066	-0.0209000473797	-0.0307640822893	-0.0352089489787	0.0542866021986	-0.0678447640003
k__Bacteria;p__Bacteroidetes;c__Bacteroidia;o__Bacteroidales;f__Rikenellaceae;g__Alistipes;s__Alistipes_obesi	-0.0477621276012	0.00477162030315	0.00329933285933	-0.0340935022898	-0.0765829701734	0.0191653220212	-0.0262802617822	-0.000841615801209	-0.0248018747183	-0.0405291826099	-0.0216710985942	0.027135687224	-0.0154313897466	1.0	0.0189183379517	-0.00980334164245	-0.0294178632499	-0.0290047071943	-0.0346180174442	-0.0485858556108	-0.000535085603214	-0.0287728288606	0.036896936228	-0.0126768100321	-0.0441379611102	-0.0166010988902	-0.0564479800727	0.00802622946623	-0.0209469873487	-0.0642209899175	-0.00947310837572	-0.0497675767547	-0.0212064097219	-0.0560164954213	-0.0575512721877	-0.00830391188307	0.0128339623744	-0.0196771349954	0.0065124476192	0.0049318944171	0.00120133065142	-0.0328413954044	0.00558740506006	0.0173978080329	0.00315910566172	-0.030078399044	0.0310516170842	0.0165052225269	0.0123310073276	-0.0117959872736	0.0319000262096	-0.0141209788237	0.0242656894701	-0.00669243788907	-0.0187181223059	0.12272471505	-0.12306038885	0.0989053072957	-0.0476599065327
k__Bacteria;p__Firmicutes;c__Clostridia;o__Clostridiales;f__Lachnospiraceae;g__;s__[Eubacterium]_rectale	-0.0173433704194	-0.0149599833106	-0.0626377327394	-0.053650865974	0.011116741894	0.041865771028	-0.0416129649066	0.0724241339531	-0.0138714612268	-0.0410421863871	-0.0332845383931	-0.0139493502505	0.00363154675624	0.0189183379517	1.0	0.0148964924553	-0.0404741487555	0.00798756120402	-0.0248170242728	-0.0486540389293	-0.00561466431602	0.0235266734077	-0.00996544197054	0.00811022714717	0.0102353757443	-0.00233442185185	-0.0217806969748	-0.0119949838076	0.0155101804887	0.00726132266813	-0.00443706554367	-0.00334655346735	0.0347214172073	-0.0735817640523	0.0323760104484	-0.0241801710857	-3.72331118138e-05	-0.00839683049324	-0.0575187519342	0.0296099590747	-0.0108723145599	0.0339145553868	-0.0215175079468	0.0220705177836	0.0874877641122	0.0401898533676	-0.0226380062511	-1.91300691546e-05	0.0151740284195	0.00980949160326	0.031022175527	-0.029921163524	0.0225114725761	-0.0143677803791	-0.0501855817541	0.0161957934156	-0.0655944008164	0.00185557562874	0.0112003038448
k__Bacteria;p__Bacteroidetes;c__Bacteroidia;o__Bacteroidales;f__Bacteroidaceae;g__Bacteroides;s__Bacteroides_plebeius	-0.018761953256	-0.0680272095748	0.00353159427672	0.0324513555117	-0.0480007727302	-0.049838235622	0.0403265485317	0.00371554488847	-0.0102381599413	-0.0705274018231	0.033312724838	0.0213643178657	0.0455309427058	-0.00980334164245	0.0148964924553	1.0	-0.0562453170283	0.00494315118051	-0.00333109096972	-0.0184109327129	-0.01451319863	0.0115119509777	0.00630966908193	0.00754954463802	-0.0161298014791	-0.0514819550626	-0.0292259988971	0.00827493612582	-0.0210282877886	-0.0573200238321	-0.0565728456949	0.0394099305806	-0.00523051725519	-0.0778413649405	-0.00728099700877	-0.0078934544198	-0.0472340294272	0.0158101593412	-0.0131092132609	-0.0105221408553	0.046064085085	-0.00535944169384	-0.00530293831898	-0.0589902069701	0.0230400872468	-0.0184608515232	-0.0254629641192	0.00642108514602	0.0284315480701	0.0480781352873	-0.0399991813698	0.00243566056394	0.0152400975516	-0.0259194750802	0.0510068670333	0.00367163457854	-0.00414390368919	-0.0681149684003	-0.0384672738342
k__Bacteria;p__Bacteroidetes;c__Bacteroidia;o__Bacteroidales;f__Bacteroidaceae;g__Bacteroides;s__Bacteroides_fragilis	0.0565295882755	-0.0330509923324	-0.0410378967364	-0.0263402469897	0.0165856423379	0.0127899884903	-0.0873653016653	0.0495303017697	0.0132149995945	-0.00484708531074	-0.0155236026465	-0.00482743089212	-0.0676424511563	-0.0294178632499	-0.0404741487555	-0.0562453170283	1.0	-0.0137003740243	-0.0156821650738	-0.00886528021901	0.013792859717	-0.0283762745749	0.0169465528105	-0.0699710557783	-0.0137192381228	-0.015749584408	0.0472553819557	0.00424093716918	-0.00599818145484	-0.0238966649936	-0.0264080223739	0.0215341563202	-0.00278741338615	-0.0104443800811	-0.036096009162	0.0342831817095	-0.0336469999597	0.00298042495325	-0.0153679880467	0.0126783624949	-0.0271868737273	0.00193616383129	-0.0362049226066	0.030122128234	0.0634788109999	0.0774912142271	-0.0654007246229	-0.0298705734898	-0.0361847685299	0.00198538812669	-0.0150061229823	0.00616449477562	-0.0427948847178	-0.032884505789	0.0448402027827	-0.0872400994656	0.00950396103443	0.0343101082299	-0.0419301367108
k__Bacteria;p__Proteobacteria;c__Betaproteobacteria;o__Burkholderiales;f__Sutterellaceae;g__Sutterella;s__Sutterella_wadsworthensis	-0.0605392088318	-0.0111287961571	-0.00905113575312	-0.0044086096888	-0.0147917215677	-0.00569652326613	0.0170831123881	-0.0261029358098	0.00590070276685	-0.0809977374323	0.0621112793095	-0.0216232669039	-0.0273999622978	-0.0290047071943	0.00798756120402	0.00494315118051	-0.0137003740243	1.0	0.0124235705624	-0.0687825331479	-0.0269011946952	0.0258455073208	-0.038944535195	0.0449257024665	-0.0182979432244	0.0162772510179	-0.0119853651497	0.0581185018129	-0.0773989639366	-0.0239281073071	0.00423798879617	-0.0124654557884	-0.0145572724638	-0.00721051293466	0.0120453315203	0.0202901553723	0.0231161877325	0.0039160550769	-0.0525295937093	0.047639754006	-0.00613691267845	0.00583445713206	-0.00504584225206	-0.012893648143	-0.0190857591095	0.0105176498223	0.00238923765575	-0.0582831226241	0.0393307961482	0.02858451785	0.0036095065136	-0.0199448125389	-0.0230745112095	-0.00584286657344	0.0732298231093	0.0498664287394	-0.0477192138833	-0.0292348805043	0.00687110904197
k__Bacteria;p__Bacteroidetes;c__Bacteroidia;o__Bacteroidales;f__Porphyromonadaceae;g__Barnesiella;s__Barnesiella_intestinihominis	0.029510225128	0.000398009066345	-0.0648717087274	0.0407386108955	-0.0114926741387	-0.0223524287884	0.0462352432453	-0.00235548206435	0.0255890541638	0.0343253974463	0.03518204631	-0.046174710463	-0.0291792558449	-0.0346180174442	-0.0248170242728	-0.00333109096972	-0.0156821650738	0.0124235705624	1.0	-0.0160046791714	-0.049128669092	-0.0174043588103	-0.00806817420966	-0.0197261746471	-0.018946097318	0.00846592541772	-0.0289949887939	0.0650989924749	-0.0358397967303	0.0455347873411	0.00151867748298	-0.00275003231023	0.0261480104646	0.0270852609754	-0.00774842984233	0.0358131072619	0.0582238046305	-0.0742269001341	-0.0792428735598	0.00871775166746	-0.0787136908012	-0.0417207417606	-0.0532852691453	-0.0179942095898	0.0144903774198	-0.0151715256955	-0.00332198874918	0.0247009582765	-0.011964563295	-0.0126265783748	0.0372910663452	-0.0107818407303	-0.0252922809595	-0.00104025060399	0.0244536636868	-0.0240217802973	-0.0420983306321	-0.0500835146354	-0.00218822306362
k__Bacteria;p__Bacteroidetes;c__Bacteroidia;o__Bacteroidales;f__Odoribacteraceae;g__Odoribacter;s__Odoribacter_splanchnicus	-0.0390574318282	-0.0868197247793	0.00679779090839	0.0267220139098	-0.0372606190391	0.0169476221214	-0.0929163083376	-0.00539941415374	-0.0350596886876	0.0397691121151	-0.0492362190221	0.00895747701255	0.0456998239369	-0.0485858556108	-0.0486540389293	-0.0184109327129	-0.00886528021901	-0.0687825331479	-0.0160046791714	1.0	0.0383667059417	0.00302227393184	0.0616471619695	-0.0450279981742	-0.0664023391144	-0.00155510156109	0.0162706740155	-0.0137006990346	-0.0110193040599	-0.00608341309031	0.0298773339365	0.00706607016942	0.0182092891811	-0.0136629612222	-0.0442164034849	0.00508878320399	-0.0255076211185	0.0168950621303	-0.0298525401032	-0.038187482091	-0.00197600490581	0.0717310180339	0.0244354860711	0.0352198857261	0.0708728703657	0.0612207346897	0.00791735964459	-0.0177825957405	0.0166270961878	-0.0287404362903	-0.0064798298306	-0.0391210664487	0.018976958166	-0.0231861274687	-0.0187625625691	0.0220147576157	-0.0117640259999	0.0302657315026	0.0115137351201
k__Bacteria;p__Bacteroidetes;c__Bacteroidia;o__Bacteroidales;f__Bacteroidaceae;g__Bacteroides;s__Bacteroides_salyersiae	-0.0693876923807	-0.00436373996523	0.0166519867235	-0.0215219827082	-0.0257041809437	-0.00880996723067	-3.19055058038e-05	0.0504893393059	0.0583021208163	-0.0181538323018	0.00429779616318	-0.0727458422437	-0.00795806722167	-0.000535085603214	-0.00561466431602	-0.01451319863	0.013792859717	-0.0269011946952	-0.049128669092	0.0383667059417	1.0	0.0167987610773	-0.076228704134	-0.031853534154	-0.0379301534963	-0.0541414885418	-0.0386850906435	-0.0243629148479	0.0909806307902	0.0032018652242	0.0446191851223	0.0462667071117	-0.0875269929283	0.0181486724048	0.00923424464361	-0.0153427246984	-0.0653837565494	-0.00739378031485	-0.0288981259746	-0.0415278881502	-0.0545680224969	0.0684104606428	-0.0507364514105	0.00227626022643	-0.0116838854346	-0.0537148070399	-0.0375403905612	-0.0457782217759	-0.0449021303544	-0.0190676604774	0.0305380910746	0.0227742523851	-0.101647028392	0.0137530723483	-0.0492954136386	-0.0204934823718	-0.0321504728606	0.0302649897834	-0.0684853643944
k__Bacteria;p__Firmicutes;c__Clostridia;o__Clostridiales;f__Ruminococcaceae;g__Ruminiclostridium;s__[Eubacterium]_siraeum	-0.0220265004761	-0.0461252980422	-0.00334169048001	0.0335883265999	-0.0286465661953	0.0225083712682	-0.0060371654027	0.000967948912459	-0.00705469506156	0.0042345962399	-0.0291711491048	-0.000347817726531	0.0200815649403	-0.0287728288606	0.0235266734077	0.0115119509777	-0.0283762745749	0.0258455073208	-0.0174043588103	0.00302227393184	0.0167987610773	1.0	-0.0111165684435	-0.0393899392472	-0.00562578028514	-0.0446072538236	-0.0454997228042	-0.0325677697083	-0.0301235143268	-0.0254838273007	-0.0336568822487	0.02059034482	-0.0624906823106	0.0235871561044	0.0199576408384	-0.0473608450585	0.0166553288495	-0.0629770521698	-0.0334985676138	-0.0682670394871	0.010545786334	0.00728476038488	0.0560584333125	-0.0365740038812	-0.0250952693711	-0.0606476177734	0.072391548611	-0.0691031734702	0.0414022211651	0.014062578554	-0.000239258730762	-0.000871962513816	-0.0194755598852	0.0415913836086	-0.0335038916239	0.0342821813112	-0.0847999450201	-0.0357712737633	0.000325452345722
k__Bacteria;p__Proteobacteria;c__Betaproteobacteria;o__Burkholderiales;f__Sutterellaceae;g__Parasutterella;s__Parasutterella_excrementihominis	-0.0375854076838	0.00404612684294	-0.0690280975573	-0.0488272645421	-0.092433673199	0.0324941594333	0.00943629261025	0.0260906904544	-0.0694510278787	-0.0255916658732	-0.0222288093515	0.0169230741763	0.0295511889427	0.036896936228	-0.00996544197054	0.00630966908193	0.0169465528105	-0.038944535195	-0.00806817420966	0.0616471619695	-0.076228704134	-0.0111165684435	1.0	0.0130185464832	-0.0322101865669	0.0732777878481	-0.00573041908738	0.0186848895969	-0.00850417686608	0.0517367788765	-0.0115868598217	0.00457227080476	-0.0200987126244	-0.0363540167719	-0.0314112911455	-0.00616827680508	-0.00917802497388	-0.0492521913167	-0.0319522830985	-0.0327972205566	0.0214033987921	-0.0051528099455	0.025432107321	-0.046770172559	-0.00852227436188	0.0595157501123	-0.0106727432454	-0.0225949651795	-0.012092166762	0.0535526198325	-0.00695105803473	-0.00654935392464	-0.0229747278066	-0.105983013527	-0.115858222334	0.0467135523502	0.0791731250349	-0.0218835234586	-0.0328871929492
k__Bacteria;p__Actinobacteria;c__Actinobacteria;o__Bifidobacteriales;f__Bifidobacteriaceae;g__Bifidobacterium;s__Bifidobacterium_adolescentis	-0.0132765127262	0.0229915609507	0.0334940826034	0.0239285755958	0.0537641371767	-0.00752140281198	-0.0313878369808	0.0623293294218	0.00488125360488	0.0286074520086	-0.0173953383155	-0.0592422548105	-0.0375829143571	-0.0126768100321	0.00811022714717	0.00754954463802	-0.0699710557783	0.0449257024665	-0.0197261746471	-0.0450279981742	-0.031853534154	-0.0393899392472	0.0130185464832	1.0	0.00178343674874	-0.0257202955311	-0.065243593637	0.0355351593857	0.0231765486654	-0.0484236780929	-0.0305319623243	0.012357193127	0.0010913576019	0.0263495248155	0.0106874380913	-0.093513755592	0.00865476562492	-0.0198432890364	-0.00413199594385	-0.052704794044	-0.0214945060224	0.0544511328575	-0.0312279560695	-0.0661091390644	0.0132764163672	0.0551622245343	-0.0899640941973	-0.0252061134362	-0.0163085458176	0.024659240876	-0.061648314396	0.0105425617121	0.0568677109988	-0.0180795519361	-0.0106863815846	-0.00190965258833	0.011650802924	-0.0547622015275	0.0141236299302
k__Bacteria;p__Firmicutes;c__Clostridia;o__Clostridiales;f__Oscillospiraceae;g__Oscillibacter;s__Oscillibacter_sp._KLE_1745	-0.0352102125583	0.00131015492319	-0.0470817235049	-0.042142251042	-0.0465181566801	0.0223647718356	0.0182561330215	0.0164084340333	-0.0497451354163	-0.0112044715198	0.0567317526151	-0.0180893110848	-0.036671970429	-0.0441379611102	0.0102353757443	-0.0161298014791	-0.0137192381228	-0.0182979432244	-0.018946097318	-0.0664023391144	-0.0379301534963	-0.00562578028514	-0.0322101865669	0.00178343674874	1.0	0.0299842041554	0.0204362803582	0.0566219701144	0.0260549290357	-0.0198805181111	0.0131550111113	-0.0287212241753	-0.0294710043502	-0.0296038009259	0.0590560048026	0.0240189129842	-0.0365090889131	0.0610415531175	0.00153393793979	-0.00414795085885	0.0628569368337	-0.0100510747157	-0.0265176857884	-0.0178777203579	-0.0267023111103	-0.00898527857329	-0.00707328901792	0.0107873492473	-0.00150645199319	0.0448546227494	0.0148420333259	-0.0150883006605	0.00783407054521	0.0059899342982	-0.0570873719678	-0.0232445095094	0.0230647960783	-0.0656354534497	-0.0240545463179
k__Bacteria;p__Bacteroidetes;c__Bacteroidia;o__Bacteroidales;f__Bacteroidaceae;g__Bacteroides;s__Bacteroides_coprophilus	-0.0667312735106	-0.00588131451947	0.00191959935355	0.0589331268812	0.0235901013301	0.00896197088791	-0.0197580529549	0.0205371687824	-0.0501774310999	0.0273714468069	0.00266578070441	0.0178802291333	0.0475861781586	-0.0166010988902	-0.00233442185185	-0.0514819550626	-0.015749584408	0.0162772510179	0.00846592541772	-0.00155510156109	-0.0541414885418	-0.0446072538236	0.0732777878481	-0.0257202955311	0.0299842041554	1.0	0.00102147924636	-0.00363347081703	-0.0522244371959	-0.00454875250603	-0.071106585509	-0.0479545206712	-0.0546394610346	-0.0135910841957	0.0692014682573	-0.018070142403	-0.00716484401248	-0.00749700238009	-0.0412092294176	0.0462925268379	0.0082867528208	-0.0231581263749	0.012307911182	0.00842214249547	-0.0160843695042	-0.0322273081496	0.0473234936483	0.0014374019551	0.0212662596914	0.0295281007125	-0.0506308045104	-0.0202965660422	-0.00348515164368	-0.117601677746	-0.0685637500586	-0.0103901839167	0.0345766808541	0.0238683331233	0.0422706385662
k__Bacteria;p__Firmicutes;c__Clostridia;o__Clostridiales;f__Lachnospiraceae;g__Roseburia;s__Roseburia_intestinalis	-0.0127479379248	-0.071074578117	-0.0278806659623	-0.0452075485733	-0.039424650362	-0.0178288529531	-0.0158090120381	-0.0325067659542	0.0271195029886	0.0285712986575	-0.0179558665355	0.0306705094545	0.0877280115442	-0.0564479800727	-0.0217806969748	-0.0292259988971	0.0472553819557	-0.0119853651497	-0.0289949887939	0.0162706740155	-0.0386850906435	-0.0454997228042	-0.00573041908738	-0.065243593637	0.0204362803582	0.00102147924636	1.0	0.0121189617996	-0.00578427439318	0.00889207447391	0.0136365117352	-0.0217685615709	0.00295367678441	0.0176085895832	-0.0184440606484	-0.0159049950953	-0.0558272651858	0.00728396719316	-0.0307569644205	0.016997586729	0.0434900592529	-0.0390124067629	-0.0216141580887	0.0437108719858	-0.0562320160734	-0.0133577694521	-0.0198548905392	0.00617040297364	0.0391075826271	0.00435804017368	0.0133128250483	0.00285859071649	0.0727195945236	0.0122506482659	-0.00495917185619	-0.0356327620607	0.0192203361048	0.0248816464676	-0.00675317119079
k__Bacteria;p__Firmicutes;c__Clostridia;o__Clostridiales;f__Lachnospiraceae;g__Roseburia;s__Roseburia_hominis	0.0428957952251	0.00548144645774	-0.0369868093578	0.0362039050971	0.00532690282604	-0.00585013369419	0.00676873328473	-0.0942489030956	-0.073260133876	0.0107209677817	-0.0544947260054	-0.0164791457086	0.0238642140737	0.00802622946623	-0.0119949838076	0.00827493612582	0.00424093716918	0.0581185018129	0.0650989924749	-0.0137006990346	-0.0243629148479	-0.0325677697083	0.0186848895969	0.0355351593857	0.0566219701144	-0.00363347081703	0.0121189617996	1.0	0.0436005452748	-0.0389538516485	0.00683836636765	-0.0712570784999	-0.0167201777968	-0.0226879189375	0.0499794871678	0.0235355559256	-0.0109791677042	0.0236047544566	-0.00665091553146	-0.0231140828771	0.031806325047	-0.0836158518328	-0.0115510649641	0.0141579225636	-0.0316148267634	-0.00292955753342	-0.0152773296961	0.0583137425965	-0.030628065612	-0.0148861257947	0.0386692716305	-0.0041757231593	0.0172821821044	-0.0424460032187	-0.033211460811	-0.00242884780065	-0.0150849014349	0.0110419331442	-0.00432742432857
k__Bacteria;p__Bacteroidetes;c__Bacteroidia;o__Bacteroidales;f__Porphyromonadaceae;g__Parabacteroides;s__Parabacteroides_johnsonii	-0.0152840478592	0.0428521508424	0.0173454686095	-0.0205123802383	-0.00541193513764	-0.027090196523	-0.0377990008308	-0.06176901816	-0.0283118056194	0.0274297999749	-0.0284775788646	-0.00126520370374	0.0268372503032	-0.0209469873487	0.0155101804887	-0.0210282877886	-0.00599818145484	-0.0773989639366	-0.0358397967303	-0.0110193040599	0.0909806307902	-0.0301235143268	-0.00850417686608	0.0231765486654	0.0260549290357	-0.0522244371959	-0.00578427439318	0.0436005452748	1.0	-0.0494414303943	0.00236340284804	-0.0188425973768	-0.0527868106338	-0.00978642399459	0.0016695536916	0.0773788375631	0.0597139424864	-0.063415946021	-0.0108826360451	-0.00499320038591	0.0147997274134	0.0352410813249	-0.0657251659342	-0.0155996787475	0.00279391690179	-0.0209132262799	-0.0354193288227	-0.0408676308633	-0.0461067217844	-0.0231708531696	-0.0663263853194	-0.0158168578619	-0.0299033946279	0.0555739194137	0.00535357139786	0.0227036814495	-0.00519101945248	-0.0194945038961	-0.0540133839709
k__Bacteria;p__Actinobacteria;c__Actinobacteria;o__Bifidobacteriales;f__Bifidobacteriaceae;g__Bifidobacterium;s__Bifidobacterium_longum	0.0450384741515	-0.00172538870388	0.00366810038575	-0.0485653310273	-0.0416181448937	-0.0403149318609	0.0365765741421	-0.0162103073396	-0.015237347976	0.0262071966562	0.0608753965775	0.0141523717863	-0.0538312378934	-0.0642209899175	0.00726132266813	-0.0573200238321	-0.0238966649936	-0.0239281073071	0.0455347873411	-0.00608341309031	0.0032018652242	-0.0254838273007	0.0517367788765	-0.0484236780929	-0.0198805181111	-0.00454875250603	0.00889207447391	-0.0389538516485	-0.0494414303943	1.0	-0.0174511312841	-0.0176132532161	0.039587099082	-0.0619549510613	-0.00760912361698	0.0316437922961	0.0111917744455	-0.0166859182966	-0.0229223914505	-0.02870875891	-0.0210719870894	-0.0386249645853	-0.00832626438452	0.0652620119156	0.0103396826167	-0.0235865045811	-0.0369911577532	0.0208657563184	0.00155958234893	0.0138584351162	0.0159174129293	0.0140832360495	0.0151213521439	-0.0391017343841	-0.0326865908654	-0.0465952196352	0.0421242203754	-0.0303451160714	-0.030110657667
