#taxonomy	k__Bacteria;p__Bacteroidetes;c__Bacteroidia;o__Bacteroidales;f__Bacteroidaceae;g__Bacteroides;s__Bacteroides_vulgatus	k__Bacteria;p__Bacteroidetes;c__Bacteroidia;o__Bacteroidales;f__Bacteroidaceae;g__Bacteroides;s__Bacteroides_uniformis	k__Bacteria;p__Bacteroidetes;c__Bacteroidia;o__Bacteroidales;f__Rikenellaceae;g__Alistipes;s__Alistipes_putredinis	k__Bacteria;p__Bacteroidetes;c__Bacteroidia;o__Bacteroidales;f__Prevotellaceae;g__Prevotella;s__Prevotella_copri	k__Bacteria;p__Bacteroidetes;c__Bacteroidia;o__Bacteroidales;f__Bacteroidaceae;g__Bacteroides;s__Bacteroides_stercoris	k__Bacteria;p__Bacteroidetes;c__Bacteroidia;o__Bacteroidales;f__Bacteroidaceae;g__Bacteroides;s__Bacteroides_ovatus	k__Bacteria;p__Bacteroidetes;c__Bacteroidia;o__Bacteroidales;f__Rikenellaceae;g__Alistipes;s__Alistipes_shahii	k__Bacteria;p__Firmicutes;c__Clostridia;o__Clostridiales;f__Ruminococcaceae;g__Faecalibacterium;s__Faecalibacterium_prausnitzii	k__Bacteria;p__Bacteroidetes;c__Bacteroidia;o__Bacteroidales;f__Rikenellaceae;g__Alistipes;s__Alistipes_finegoldii	k__Bacteria;p__Bacteroidetes;c__Bacteroidia;o__Bacteroidales;f__Porphyromonadaceae;g__Parabacteroides;s__Parabacteroides_distasonis	k__Bacteria;p__Bacteroidetes;c__Bacteroidia;o__Bacteroidales;f__Bacteroidaceae;g__Bacteroides;s__Bacteroides_thetaiotaomicron	k__Bacteria;p__Bacteroidetes;c__Bacteroidia;o__Bacteroidales;f__Bacteroidaceae;g__Bacteroides;s__Bacteroides_coprocola	k__Bacteria;p__Bacteroidetes;c__Bacteroidia;o__Bacteroidales;f__Bacteroidaceae;g__Bacteroides;s__Bacteroides_cellulosilyticus	k__Bacteria;p__Bacteroidetes;c__Bacteroidia;o__Bacteroidales;f__Rikenellaceae;g__Alistipes;s__Alistipes_obesi	k__Bacteria;p__Firmicutes;c__Clostridia;o__Clostridiales;f__Lachnospiraceae;g__;s__[Eubacterium]_rectale	k__Bacteria;p__Bacteroidetes;c__Bacteroidia;o__Bacteroidales;f__Bacteroidaceae;g__Bacteroides;s__Bacteroides_plebeius	k__Bacteria;p__Bacteroidetes;c__Bacteroidia;o__Bacteroidales;f__Bacteroidaceae;g__Bacteroides;s__Bacteroides_fragilis	k__Bacteria;p__Proteobacteria;c__Betaproteobacteria;o__Burkholderiales;f__Sutterellaceae;g__Sutterella;s__Sutterella_wadsworthensis	k__Bacteria;p__Bacteroidetes;c__Bacteroidia;o__Bacteroidales;f__Porphyromonadaceae;g__Barnesiella;s__Barnesiella_intestinihominis	k__Bacteria;p__Bacteroidetes;c__Bacteroidia;o__Bacteroidales;f__Odoribacteraceae;g__Odoribacter;s__Odoribacter_splanchnicus	k__Bacteria;p__Bacteroidetes;c__Bacteroidia;o__Bacteroidales;f__Bacteroidaceae;g__Bacteroides;s__Bacteroides_salyersiae	k__Bacteria;p__Firmicutes;c__Clostridia;o__Clostridiales;f__Ruminococcaceae;g__Ruminiclostridium;s__[Eubacterium]_siraeum	k__Bacteria;p__Proteobacteria;c__Betaproteobacteria;o__Burkholderiales;f__Sutterellaceae;g__Parasutterella;s__Parasutterella_excrementihominis	k__Bacteria;p__Actinobacteria;c__Actinobacteria;o__Bifidobacteriales;f__Bifidobacteriaceae;g__Bifidobacterium;s__Bifidobacterium_adolescentis	k__Bacteria;p__Firmicutes;c__Clostridia;o__Clostridiales;f__Oscillospiraceae;g__Oscillibacter;s__Oscillibacter_sp._KLE_1745	k__Bacteria;p__Bacteroidetes;c__Bacteroidia;o__Bacteroidales;f__Bacteroidaceae;g__Bacteroides;s__Bacteroides_coprophilus	k__Bacteria;p__Firmicutes;c__Clostridia;o__Clostridiales;f__Lachnospiraceae;g__Roseburia;s__Roseburia_intestinalis	k__Bacteria;p__Firmicutes;c__Clostridia;o__Clostridiales;f__Lachnospiraceae;g__Roseburia;s__Roseburia_hominis	k__Bacteria;p__Bacteroidetes;c__Bacteroidia;o__Bacteroidales;f__Porphyromonadaceae;g__Parabacteroides;s__Parabacteroides_johnsonii	k__Bacteria;p__Actinobacteria;c__Actinobacteria;o__Bifidobacteriales;f__Bifidobacteriaceae;g__Bifidobacterium;s__Bifidobacterium_longum	k__Bacteria;p__Firmicutes;c__Clostridia;o__Clostridiales;f__;g__Flavonifractor;s__Flavonifractor_plautii	k__Bacteria;p__Firmicutes;c__Clostridia;o__Clostridiales;f__Clostridiaceae;g__Clostridium;s__Clostridium_phoceensis	k__Bacteria;p__Verrucomicrobia;c__Verrucomicrobiae;o__Verrucomicrobiales;f__Akkermansiaceae;g__Akkermansia;s__Akkermansia_muciniphila	k__Bacteria;p__Bacteroidetes;c__Bacteroidia;o__Bacteroidales;f__Prevotellaceae;g__Paraprevotella;s__Paraprevotella_xylaniphila	k__Bacteria;p__Firmicutes;c__Clostridia;o__Clostridiales;f__Ruminococcaceae;g__Ruminococcus;s__Ruminococcus_callidus	k__Bacteria;p__Bacteroidetes;c__Bacteroidia;o__Bacteroidales;f__Rikenellaceae;g__Alistipes;s__Alistipes_senegalensis	k__Bacteria;p__Firmicutes;c__Clostridia;o__Clostridiales;f__Lachnospiraceae;g__Blautia;s__Blautia_sp._KLE_1732	k__Bacteria;p__Bacteroidetes;c__Bacteroidia;o__Bacteroidales;f__Bacteroidaceae;g__Bacteroides;s__Bacteroides_oleiciplenus	k__Bacteria;p__Firmicutes;c__Clostridia;o__Clostridiales;f__Ruminococcaceae;g__Ruminococcus;s__Ruminococcus_bicirculans	k__Bacteria;p__Bacteroidetes;c__Bacteroidia;o__Bacteroidales;f__Bacteroidaceae;g__Bacteroides;s__Bacteroides_fluxus	k__Bacteria;p__Bacteroidetes;c__Bacteroidia;o__Bacteroidales;f__Prevotellaceae;g__Prevotella;s__Prevotella_stercorea	k__Bacteria;p__Firmicutes;c__Clostridia;o__Clostridiales;f__Lachnospiraceae;g__Dorea;s__Dorea_longicatena	k__Bacteria;p__Firmicutes;c__Clostridia;o__Clostridiales;f__Eubacteriaceae;g__Eubacterium;s__[Eubacterium]_eligens	k__Bacteria;p__Firmicutes;c__Clostridia;o__Clostridiales;f__Ruminococcaceae;g__;s__Ruminococcaceae_bacterium_D16	k__Bacteria;p__Firmicutes;c__Clostridia;o__Clostridiales;f__Lachnospiraceae;g__Coprococcus;s__Coprococcus_comes	k__Bacteria;p__Proteobacteria;c__Gammaproteobacteria;o__Enterobacterales;f__Enterobacteriaceae;g__Escherichia;s__Escherichia_coli	k__Bacteria;p__Firmicutes;c__Clostridia;o__Clostridiales;f__Ruminococcaceae;g__Anaerotruncus;s__Anaerotruncus_colihominis	k__Bacteria;p__Firmicutes;c__Clostridia;o__Clostridiales;f__Lachnospiraceae;g__Blautia;s__Blautia_obeum	k__Bacteria;p__Bacteroidetes;c__Bacteroidia;o__Bacteroidales;f__Odoribacteraceae;g__Odoribacter;s__Odoribacter_laneus	k__Bacteria;p__Firmicutes;c__Clostridia;o__Clostridiales;f__Ruminococcaceae;g__Ruminiclostridium;s__[Clostridium]_leptum	k__Bacteria;p__Bacteroidetes;c__Bacteroidia;o__Bacteroidales;f__Porphyromonadaceae;g__Parabacteroides;s__Parabacteroides_goldsteinii	k__Bacteria;p__Firmicutes;c__Clostridia;o__Clostridiales;f__Lachnospiraceae;g__Anaerostipes;s__Anaerostipes_hadrus	k__Bacteria;p__Firmicutes;c__Clostridia;o__Clostridiales;f__Ruminococcaceae;g__Ruminococcus;s__Ruminococcus_lactaris	k__Bacteria;p__Firmicutes;c__Clostridia;o__Clostridiales;f__Clostridiaceae;g__Clostridium;s__Clostridium_sp._L2-50	k__Bacteria;p__Firmicutes;c__Clostridia;o__Clostridiales;f__Clostridiaceae;g__Clostridium;s__Clostridium_sp._M62/1	k__Bacteria;p__Firmicutes;c__Clostridia;o__Clostridiales;f__;g__Intestinimonas;s__Intestinimonas_butyriciproducens	k__Bacteria;p__Actinobacteria;c__Actinobacteria;o__Bifidobacteriales;f__Bifidobacteriaceae;g__Bifidobacterium;s__Bifidobacterium_bifidum	k__Bacteria;p__Firmicutes;c__Negativicutes;o__Veillonellales;f__Veillonellaceae;g__Dialister;s__Dialister_invisus	k__Bacteria;p__Bacteroidetes;c__Bacteroidia;o__Bacteroidales;f__Bacteroidaceae;g__Bacteroides;s__Bacteroides_salanitronis
k__Bacteria;p__Bacteroidetes;c__Bacteroidia;o__Bacteroidales;f__Bacteroidaceae;g__Bacteroides;s__Bacteroides_vulgatus	1.0	0.0085218827996	-0.0282706896037	-0.00823506103966	0.0486782439922	-0.0181740065958	-0.0409320319318	-0.0366524604942	-0.0521186811247	0.0297994583969	0.0264382380948	0.0209376646274	0.0170528916945	0.0257998149255	0.00954373145927	0.0371328369742	0.0583357285813	0.0144089535026	0.0240995795564	-0.0268728016993	0.0154472538107	-0.0871099828423	-0.0691502854031	0.00257029634128	0.0179343267187	0.00700388458994	-0.0113287128548	-0.0117516298576	-0.0361596355659	0.0364541778133	0.0349792985421	-0.0519409453505	-0.0213975386403	-0.0204832828635	-0.0127561536564	0.102700190571	-0.0363905270594	-0.00113423779613	-0.0581244976981	-0.042025192888	-0.021327596178	-0.0393757110896	-0.0424236937013	-0.000987424904153	0.0102272554963	-0.0540369876925	0.0523146084142	0.00473244295079	-0.0298788111154	-0.0409376233557	-0.0456529866589	-0.0373708069615	0.045370843127	0.0306239586078	0.0242419711932	0.00772681188358	0.00943675409675	-0.0256329377818	-0.0554574200839
k__Bacteria;p__Bacteroidetes;c__Bacteroidia;o__Bacteroidales;f__Bacteroidaceae;g__Bacteroides;s__Bacteroides_uniformis	0.0085218827996	1.0	-0.0241226817023	-0.0617326321722	0.025928898748	-0.0360526040242	-0.0749808597667	-0.00932492931113	-0.0112324009955	-0.043240457252	0.00984973033439	0.0145163710484	-0.0253537892918	0.0614533257353	-0.0923313666936	0.0299229581547	-0.027356540861	0.0250796893933	0.00544460623985	-0.0252510890767	-0.0217414764925	-0.0131366361018	-0.0237092436062	-0.0352908914207	0.0157740988686	-0.0225939041014	0.0276225515377	-0.0322560556742	-0.0122435525786	-0.0350417480395	-0.00513306632952	-0.00200217435516	-0.0188177999539	-0.0295488986578	-0.0257459208907	-0.094420949573	-0.0416449222601	-0.0786577019411	-0.00286222066611	-0.017502017616	-0.00932378221729	-0.0591450530715	-0.055793058475	-0.00765576161507	-0.0367749812187	-0.0164773796086	-0.0238664036	0.0012592394139	-0.00652462255621	-0.0266880364462	0.014951314413	-0.0387793723459	0.0345135867439	0.000461422941239	-0.0891406322637	-0.0378990250975	0.0173914806254	0.0467473474241	0.0213359254809
k__Bacteria;p__Bacteroidetes;c__Bacteroidia;o__Bacteroidales;f__Rikenellaceae;g__Alistipes;s__Alistipes_putredinis	-0.0282706896037	-0.0241226817023	1.0	-0.0498370078161	0.00848464890283	-0.0307482740559	-0.0276990758662	0.00647129949685	-0.0363775230863	-0.0112651895423	0.0194997986602	-0.0428024884736	0.0489110125405	-0.0206952942486	-0.0504672805422	-0.00586733971369	-0.0281643319544	-0.0345616977212	0.0285691700257	-0.0410169690583	0.00526613913521	0.0180319311541	-0.00930862221792	0.0249248513249	-0.0729384045333	0.040005776653	0.00807087125037	-0.0222085050345	0.0117499079139	-0.0473963122742	-0.0168906429394	0.0375606672126	0.0122032992934	-0.013159520328	-0.0395436741228	0.0160106734	-0.0443758204126	0.0283892750503	-0.0564541726973	0.0118771011406	0.0192802132343	0.0148659610606	-0.0239421060979	0.031927268872	-0.0430656251917	-0.0218121153165	-0.0437670275723	0.0407293070288	0.0458549029687	0.0732125454606	-0.00760128245058	-0.020365245961	0.00850214129898	-0.00279120379528	-0.00626471131976	-0.059051985318	-0.00353304298428	-0.0242618492975	-0.0376526972781
k__Bacteria;p__Bacteroidetes;c__Bacteroidia;o__Bacteroidales;f__Prevotellaceae;g__Prevotella;s__Prevotella_copri	-0.00823506103966	-0.0617326321722	-0.0498370078161	1.0	-0.0587360783094	-0.00772486973166	-0.074500728788	0.0210568038275	-0.0153896119457	0.050244166043	-0.0221114032408	-0.0889496970485	0.0156469996438	-0.0688472216684	-0.00187450591353	0.0603829458706	-0.053610102125	-0.0491241978599	-0.0207232197423	0.00719246097917	0.0212339496104	-0.0490531345296	0.00517376294222	-0.0547966797211	0.032043483507	-0.05377459864	0.00298346316404	-0.0196429575855	0.0296839095073	0.00123768014701	-0.00127827072774	-0.047911932621	0.0133195714272	0.0095111674541	-0.0327903177726	0.0347558610714	-0.0708875641048	-0.00190662188339	0.0221114246833	0.00188558143824	0.0204098296838	-0.0394931652879	-0.0235131116054	-0.01498631448	0.0730754277423	0.0346448652412	-0.0123190748815	-0.0569453967239	0.0462271782538	-0.0242912982127	-0.0692379990708	-0.0296499474293	-0.0264835693359	0.0604175246024	-0.00817607826471	0.0454976663029	0.000554092286421	-0.102699597098	-0.0153857145893
k__Bacteria;p__Bacteroidetes;c__Bacteroidia;o__Bacteroidales;f__Bacteroidaceae;g__Bacteroides;s__Bacteroides_stercoris	0.0486782439922	0.025928898748	0.00848464890283	-0.0587360783094	1.0	0.00400303817241	0.00279604746453	0.00571566757754	0.0625205383818	-0.0391634692485	0.0332788706699	0.0526024031628	0.0313421137742	-0.0186155189301	-0.0343146107905	-0.0239585962102	-0.0426158518645	0.0362136135746	-0.0331796694207	-0.0203046856929	0.0103073218432	-0.0334399783046	-0.010517411713	-0.0205424032939	0.0246881152681	0.0211582423226	-0.0271196924013	0.0270793056466	-0.0180680778413	0.0227959195208	-0.0343480224068	0.0198638929865	-0.0110817992963	0.00921731137562	-0.0039117322271	-0.0827101910267	0.0302867891178	0.0315255623979	-0.0440881613511	0.00321412903474	-0.0206387942254	-0.0149779127391	-0.0792390151685	-0.0316408192625	-0.0161816377565	0.0254649502272	0.0391228575341	-0.0370446543661	0.0146898838713	-0.0323603523693	-0.00588524529128	-0.0534784443617	0.0104860903424	-0.0630388423798	-0.0438068175338	0.00524301749224	-0.0486670709044	0.0125269174826	-0.0175668619735
k__Bacteria;p__Bacteroidetes;c__Bacteroidia;o__Bacteroidales;f__Bacteroidaceae;g__Bacteroides;s__Bacteroides_ovatus	-0.0181740065958	-0.0360526040242	-0.0307482740559	-0.00772486973166	0.00400303817241	1.0	-0.0105205826868	0.00706772414253	-0.0258925257282	0.0192745770624	0.0337967702813	0.00140894290558	0.0269447612172	-0.0150156996241	-0.0098329272338	-0.0481818032953	0.0111643461561	0.0339433666001	-0.0405452817912	0.0401857560106	0.00868909222518	-0.0211298530048	-0.00692114778265	-0.0360997166354	0.0289656649748	-0.0197375040545	0.00270024921528	-0.0414075283546	-0.0250122719957	-0.0228750647378	-0.0306973921823	-0.0225995592944	-0.0171742246196	-0.0223779834944	-0.0377340736505	0.00213107687579	0.0075435058487	0.039724979911	0.00123413371252	0.0449212270612	0.0239157824639	0.00426152066804	-0.0192777686983	-0.0153008406337	-0.0201746325645	-0.00847454925653	-0.0855576376983	0.00598844407716	-0.0483465294832	-0.0846671862538	-0.049745579135	-0.0411485532397	-0.000819899072108	0.0275462470204	-0.0192578655801	-0.011963504427	0.006681705434	-0.0478481509103	0.07522388904
k__Bacteria;p__Bacteroidetes;c__Bacteroidia;o__Bacteroidales;f__Rikenellaceae;g__Alistipes;s__Alistipes_shahii	-0.0409320319318	-0.0749808597667	-0.0276990758662	-0.074500728788	0.00279604746453	-0.0105205826868	1.0	0.0265458910159	-0.0179561175881	0.0214367102678	-0.00427318071911	-0.0470271538558	0.0570529678407	0.0930442889149	0.0267933742514	-0.0568186018771	0.00634143295667	0.0442953029419	-0.0122306756628	-0.0511115643395	0.00402027462663	-0.0228505041188	-0.00244692728978	-0.0324371636338	-0.00129043438268	-0.0418533481901	-0.0485143885586	-0.00906392084173	0.00313927513079	-0.0232040025365	-0.092842012945	0.0188648271143	0.016732347354	0.00427580477738	0.0218902010262	0.00523466067998	0.0766294211171	-0.0674051336833	0.048423532951	0.0615686034981	0.00895835876876	-0.0551557354307	0.0163585236486	-0.0447553320601	0.0437508734936	0.0204570968366	-0.00456220741795	-0.058825708197	0.0616556302223	0.00905827036787	-0.0703333196164	-0.00681422013649	-0.0301729727393	-0.00501778884082	-0.047922001365	0.0403619900174	0.0326375959203	-0.0298291897296	-0.0206713448918
k__Bacteria;p__Firmicutes;c__Clostridia;o__Clostridiales;f__Ruminococcaceae;g__Faecalibacterium;s__Faecalibacterium_prausnitzii	-0.0366524604942	-0.00932492931113	0.00647129949685	0.0210568038275	0.00571566757754	0.00706772414253	0.0265458910159	1.0	-0.0182825725288	0.0550356272913	0.0133983648452	-0.00713186143476	0.00840962664668	0.0362415868281	-0.000346225083297	-0.000320124470187	-0.0394225819959	0.0131906587988	-0.0709043131792	-0.0491845700001	0.0128212401948	-0.0358995923532	-0.0645064683655	0.00182118175642	0.0331363128284	-0.0490293397601	0.105384586767	0.0459546433325	0.0110100343091	-0.0485910580641	-0.0184072200301	-0.0578830933444	-0.047452429166	0.0505076345956	-0.0361210092562	0.0336817923642	-0.0449207989877	-0.0139478555982	0.00960135163826	0.0485879388473	0.0329699674248	-0.037587431143	-0.0234529895227	0.012081296451	-0.0198499526912	-0.0269690998686	-0.0616571232183	0.0181459669794	-0.0536575559887	-0.0418858725764	-0.013470310539	-0.0318351027482	-0.0444997466837	-0.0831169946958	-0.00426636179144	0.00382834029507	-0.0438147952153	0.0185116308496	-0.0433372011632
k__Bacteria;p__Bacteroidetes;c__Bacteroidia;o__Bacteroidales;f__Rikenellaceae;g__Alistipes;s__Alistipes_finegoldii	-0.0521186811247	-0.0112324009955	-0.0363775230863	-0.0153896119457	0.0625205383818	-0.0258925257282	-0.0179561175881	-0.0182825725288	1.0	0.0384883671288	-0.0335249986424	-0.0224583464387	-0.0565746040313	-0.0145805575373	-0.0601104554669	-0.0194189367973	-0.0455970089396	-0.00397204457833	-0.0392239417521	0.000650799603771	0.00912912736121	-0.00196951850359	-0.0212703779066	0.0386601374221	0.0257174088299	-0.00223229195393	-0.0203890168647	-0.00738623125089	0.0260464471239	-0.0314998933662	-0.0279827431548	-0.0575628618734	0.0304017028054	0.0142739067912	-0.0512352202098	0.00891244591391	0.0388361132074	-0.0337537330367	0.0467801741237	-0.0209205141659	-0.0233565719775	0.00752531581176	-0.0182467980185	0.0183276943761	0.00572725125741	0.031665153694	-0.0210460361135	0.0139708613437	-0.0243136938123	-0.0329851494643	0.0211133880024	0.068112059756	0.0141818093411	-0.0150163271281	0.019297958652	-0.0345677195517	-0.0315624635962	-0.0557881405091	-0.0727136698429
k__Bacteria;p__Bacteroidetes;c__Bacteroidia;o__Bacteroidales;f__Porphyromonadaceae;g__Parabacteroides;s__Parabacteroides_distasonis	0.0297994583969	-0.043240457252	-0.0112651895423	0.050244166043	-0.0391634692485	0.0192745770624	0.0214367102678	0.0550356272913	0.0384883671288	1.0	-0.00246966109471	-0.0398397890864	-0.00654546622846	0.0194079280906	-0.0140842191688	0.0452300698292	-0.0277423303557	-0.0235819337793	0.00276010847713	0.0355879019404	-0.00901094784037	0.0315677139305	0.0227854183132	0.0212284459394	-0.00739361062256	-0.0167668248061	0.0198961810632	-0.0197028616576	-0.0109560756479	0.0174765907348	-0.00160537632164	-0.028350208698	-0.00478448475822	-0.091285916303	-0.0323088372895	-0.00183122119058	-0.044806830932	0.0299013600112	0.0561193674591	-0.0841004062833	-0.00287862374772	0.0129712580687	-0.0395452714498	-0.0229144008395	0.0264238480876	-0.00435163254338	0.0381129492635	-0.0292082373408	-0.0100741873723	-0.032257622033	-0.0271387314338	-0.0462711771206	-0.0399636269884	-0.0214680333724	-0.0252951991964	-0.0183551855271	-0.0208447771029	-0.0421301158601	0.0145563594341
k__Bacteria;p__Bacteroidetes;c__Bacteroidia;o__Bacteroidales;f__Bacteroidaceae;g__Bacteroides;s__Bacteroides_thetaiotaomicron	0.0264382380948	0.00984973033439	0.0194997986602	-0.0221114032408	0.0332788706699	0.0337967702813	-0.00427318071911	0.0133983648452	-0.0335249986424	-0.00246966109471	1.0	-8.67848322372e-05	-0.0142913156948	-0.0340339538294	-0.00757475578572	-0.0648801903822	0.0210776107655	0.0134757017445	-0.00661693695808	-0.0414978178355	-0.0320269730992	-0.0113424233729	0.0123116788706	0.00863378941516	-0.00330946196284	-0.00650190496731	0.0272127317561	-0.052305947229	-0.00881458943915	0.0141665370625	-0.0578484272023	0.0426080946749	-0.0244232362541	0.0398056775842	-0.0200222300756	-0.0595056560233	0.0172836992246	-0.0155219610181	-0.0641239995374	-0.0795423499746	0.0267099366286	0.00647364753819	-0.0656148964943	-0.0231859422448	-0.0154563719661	0.0264856552736	0.0266218287132	0.00930763155171	-0.00786671892353	0.0361053438616	-0.00342524579215	-0.00639197421875	-0.0722518997375	-0.014368050762	0.00667726964262	-0.0285143063546	-0.0284551291277	0.0186732329349	-0.039523024916
k__Bacteria;p__Bacteroidetes;c__Bacteroidia;o__Bacteroidales;f__Bacteroidaceae;g__Bacteroides;s__Bacteroides_coprocola	0.0209376646274	0.0145163710484	-0.0428024884736	-0.0889496970485	0.0526024031628	0.00140894290558	-0.0470271538558	-0.00713186143476	-0.0224583464387	-0.0398397890864	-8.67848322372e-05	1.0	-0.0243593041731	0.0102202550938	-0.0496805209006	-0.0384081462294	0.0528509449801	0.00924499241864	-0.0491850010473	-0.0502009082103	-0.00296640318106	0.014686147357	-0.0288297267149	-0.013299403426	-0.0208530957753	-0.0364900304184	0.0156496597323	-0.0136425676842	-0.0642242386281	0.00260690049556	-0.00451977128	-0.0249772285142	0.0693888633515	0.0257027950235	0.00888656756093	-0.0188629523685	0.0352748727549	-0.0198408467818	-0.0805548540064	-0.000871772767574	-0.051280194526	-0.0303827821973	-0.00129090298158	-0.0436398590294	-0.0718045920036	-0.0455049962279	0.0351618821353	0.0305075337125	-0.0354573043912	-0.0515063084508	0.0255186378512	0.0549680024277	0.0160256191586	-0.0869762831012	0.013728323119	0.0549157031876	-0.0426372176081	0.0205437928457	0.0216588604227
k__Bacteria;p__Bacteroidetes;c__Bacteroidia;o__Bacteroidales;f__Bacteroidaceae;g__Bacteroides;s__Bacteroides_cellulosilyticus	0.0170528916945	-0.0253537892918	0.0489110125405	0.0156469996438	0.0313421137742	0.0269447612172	0.0570529678407	0.00840962664668	-0.0565746040313	-0.00654546622845	-0.0142913156948	-0.0243593041731	1.0	-0.0299149716257	-0.0331699266513	0.0171471252825	-0.0467791287746	-0.038562161777	0.0662700261653	-0.0164463469405	-0.0525879009385	-0.00662665713675	0.0158474882602	0.054220498134	0.0137387701432	0.00764599414868	0.0335372504493	-0.0498715274898	0.0325301590039	0.0528778970933	-0.0185248001388	0.0166226453008	-0.0166434137711	0.0176542980036	-0.0504165795761	-0.0745017322377	-0.0241538487986	0.057598579845	-0.0430716939961	-0.026800605387	0.0123387783641	0.0697405053508	-0.0486729644641	0.0245313802143	-0.0885163255409	0.0470142593656	-0.0169038724017	-0.0247184688714	-0.00457642594595	-0.0212736812883	-0.00489287002954	0.0865776744082	-0.0125117653377	-0.0230284849243	0.0252182641883	-0.0463392438268	0.0364386583278	-0.00911790243303	-0.0156092003652
k__Bacteria;p__Bacteroidetes;c__Bacteroidia;o__Bacteroidales;f__Rikenellaceae;g__Alistipes;s__Alistipes_obesi	0.0257998149255	0.0614533257353	-0.0206952942486	-0.0688472216684	-0.0186155189301	-0.0150156996241	0.0930442889149	0.0362415868281	-0.0145805575373	0.0194079280906	-0.0340339538294	0.0102202550938	-0.0299149716257	1.0	0.0102968385503	0.0635732155267	0.0175195627903	0.0689287603139	0.012073708062	-0.0387878197491	0.00711278096442	-0.0212755482986	-0.0529689209882	0.0124506156261	-0.0297096049911	-0.0385742630334	0.0308058893521	0.0570129416154	0.0165786483306	-0.024079224148	-0.0392842473888	-0.0340518068219	-0.0184284019356	0.0145789818304	-0.00528703368981	-0.0114944871565	0.00183929009218	-0.0131822874523	-0.0027454862034	-0.014742206141	-0.0135604081135	-0.0296372801563	-0.0141003333431	-0.0457233668898	-0.0363040038804	-0.0533639841853	-0.0105966569471	-0.00142269176315	0.054547908422	-0.0222749081359	-0.111149985916	-0.0376120271587	0.00220197891762	0.00877673674984	-0.0361398099276	-0.06996915915	0.0248984700329	-0.00128515192269	-0.0253098002062
k__Bacteria;p__Firmicutes;c__Clostridia;o__Clostridiales;f__Lachnospiraceae;g__;s__[Eubacterium]_rectale	0.00954373145927	-0.0923313666936	-0.0504672805422	-0.00187450591353	-0.0343146107905	-0.0098329272338	0.0267933742514	-0.000346225083297	-0.0601104554669	-0.0140842191688	-0.00757475578572	-0.0496805209006	-0.0331699266513	0.0102968385503	1.0	0.00942669746393	-0.00109792363434	-0.0308555822335	0.0618419665182	-0.0253089978596	-0.0274277308678	0.0373021880178	0.00620422296083	0.0470745813561	-0.0119179732231	-0.0442594503624	-0.00344181290535	-0.0784241721319	-0.10659656274	-0.00909121258878	-0.0352406489433	-0.0676249437858	0.00949442116597	-0.0339931417773	0.0521076838623	-0.0640598084978	0.045159163482	0.0684272839739	-0.0371495498914	0.0215901886305	0.00362749485524	0.0108312899212	0.00394495930727	0.0204341309753	0.0195223347254	-0.092295765637	0.0229823834798	-0.062616635972	-0.0431222593251	-0.0344021463922	0.0123206761828	0.0689580900105	-0.0482781651648	0.0530833288199	0.00146695883714	-0.00646809366188	-0.0133430188068	0.0162922286857	-0.0151865430758
k__Bacteria;p__Bacteroidetes;c__Bacteroidia;o__Bacteroidales;f__Bacteroidaceae;g__Bacteroides;s__Bacteroides_plebeius	0.0371328369742	0.0299229581547	-0.00586733971369	0.0603829458706	-0.0239585962102	-0.0481818032953	-0.0568186018771	-0.000320124470187	-0.0194189367973	0.0452300698292	-0.0648801903822	-0.0384081462294	0.0171471252825	0.0635732155267	0.00942669746393	1.0	-0.0192967578408	-0.0541890959357	0.0273089599162	0.0331578469203	-0.0489855883518	-0.0535716373019	0.0274341144325	0.0792685494503	-0.0548597696485	-0.0237414314192	-0.0121394443385	-0.0618919541095	0.0465281131204	-0.0140300044784	-0.0322782781709	0.0242504826879	-0.0902321013274	-0.0761306710799	0.0637930834091	0.00704030478144	-0.0534350167166	0.0582656660746	0.0335241523965	0.000775686923021	0.00849962931124	0.0209965548995	0.00930781289368	-0.018582233434	-0.0250218300801	0.0082137285318	-0.00936925651581	0.0059791455489	0.00325268001626	-0.0266474988109	-0.0257429341814	0.00114187256896	-0.0184477491251	0.0246322309133	-0.0164295214561	0.0323245593644	-0.0239401370834	-0.0669711628844	-0.00978275847382
k__Bacteria;p__Bacteroidetes;c__Bacteroidia;o__Bacteroidales;f__Bacteroidaceae;g__Bacteroides;s__Bacteroides_fragilis	0.0583357285813	-0.027356540861	-0.0281643319544	-0.053610102125	-0.0426158518645	0.0111643461561	0.00634143295667	-0.0394225819959	-0.0455970089396	-0.0277423303557	0.0210776107655	0.0528509449801	-0.0467791287746	0.0175195627903	-0.00109792363434	-0.0192967578408	1.0	0.0336223229521	-0.0225560191314	-0.045365891604	-0.0317737514288	0.0292069106323	0.0263855235999	0.0528219594578	-0.0194952427415	-0.0144526192807	-0.0606822965768	0.026568594222	-0.0362330370629	-0.00991331906385	0.0371117835838	0.0177490085134	-0.0322389510665	0.00100297931828	-0.0273399932925	-0.0181488371213	-0.0428784262365	-0.081374025502	0.00657092231954	-0.012740502887	-0.0197687798152	0.0259317926809	-0.00295782922687	-0.00108876328346	0.024356860267	-0.00442870238629	-0.0758758427857	-0.0203552068088	-0.0707382855379	0.0204577781885	-0.0497725383839	-0.0577053325029	-0.0220439344175	0.024106149292	0.0274738631613	0.049882791799	0.0223471847015	-0.087984970865	-0.0245304346281
k__Bacteria;p__Proteobacteria;c__Betaproteobacteria;o__Burkholderiales;f__Sutterellaceae;g__Sutterella;s__Sutterella_wadsworthensis	0.0144089535026	0.0250796893933	-0.0345616977212	-0.0491241978599	0.0362136135746	0.0339433666001	0.0442953029419	0.0131906587988	-0.00397204457833	-0.0235819337793	0.0134757017445	0.00924499241864	-0.038562161777	0.0689287603139	-0.0308555822335	-0.0541890959357	0.0336223229521	1.0	-0.0185643315065	-0.00447091707171	-0.00733254084322	-0.1412459672	-0.0101804664147	0.00159958955935	-0.0354175047488	-0.0108025306929	-0.00847448469067	0.0761971198699	-0.0228111520561	-0.0381448984325	-0.0600232618412	-0.0121328488654	0.0179289670402	-0.0123074441229	0.0337499865207	-0.00337304993826	-0.0123528904825	0.00908113937057	-0.0363293588763	-0.0168548244589	-0.0859315034813	0.0131647999848	-0.0176473688465	-0.0395168720484	-0.0296117585378	-0.0571810318209	0.0206400878449	-3.43626275013e-05	-0.0399669626647	-0.0126581077086	0.0844924826975	0.00938854109233	-0.0525827755402	0.0456693691509	0.02719828503	-0.0456591494235	-0.0120504699577	-0.0214784585127	0.00176448431339
k__Bacteria;p__Bacteroidetes;c__Bacteroidia;o__Bacteroidales;f__Porphyromonadaceae;g__Barnesiella;s__Barnesiella_intestinihominis	0.0240995795564	0.00544460623985	0.0285691700257	-0.0207232197423	-0.0331796694207	-0.0405452817912	-0.0122306756628	-0.0709043131792	-0.0392239417521	0.00276010847713	-0.00661693695808	-0.0491850010473	0.0662700261653	0.012073708062	0.0618419665182	0.0273089599162	-0.0225560191314	-0.0185643315065	1.0	0.0230591167201	0.00121510315419	-0.00279544895645	-0.0296218959861	0.0518675596559	0.0167909336765	0.0151008424672	-0.00480890931718	-0.0587818045115	-0.0570109624921	-0.051246613436	0.0220264423544	-0.0427207751147	-0.0254541035103	-0.0693873287248	-0.00343514915045	-0.00201862859565	-0.0484224249836	0.0348846577713	0.0679468486964	-0.0274829116592	0.00334025842532	-0.0359931019509	-0.0161353690541	-0.0476240602926	0.00861504632231	-0.0196104979351	0.0354493696243	0.00689741976298	-0.0503473349682	0.00266512455856	-0.0534370316116	-0.0147800171484	-0.061665240166	0.0459816623115	-0.0292055136274	-0.00746425914291	0.0648546049571	0.0270763221923	0.0171880017555
k__Bacteria;p__Bacteroidetes;c__Bacteroidia;o__Bacteroidales;f__Odoribacteraceae;g__Odoribacter;s__Odoribacter_splanchnicus	-0.0268728016993	-0.0252510890767	-0.0410169690583	0.00719246097917	-0.0203046856929	0.0401857560106	-0.0511115643395	-0.0491845700001	0.000650799603771	0.0355879019404	-0.0414978178355	-0.0502009082103	-0.0164463469405	-0.0387878197491	-0.0253089978596	0.0331578469203	-0.045365891604	-0.00447091707171	0.0230591167201	1.0	0.0250305705584	-0.0238002385341	-0.0202816382552	0.00261534493174	-0.0593166472012	0.0396223739663	-0.0710958272221	-0.0293626842114	-0.0386133242482	0.00087540733122	0.0175853117413	0.0293673306374	-0.0142745149471	0.0137168722905	-0.0385858243176	0.0353470652118	-0.0101320722476	-0.0978140733111	0.0472605650594	0.0302902669752	0.0262899165949	0.00316919752947	-0.0206308493695	-0.0615993867413	0.0123844739329	0.0143582080978	-0.00654935843626	-0.0290914413887	-0.0365795451944	0.048635266758	-0.0133970943867	-0.00498661127482	0.0137092592107	0.0294109524232	-0.0309954148182	-0.0449334165743	-0.010920351588	-0.00483763228963	0.0102218345304
k__Bacteria;p__Bacteroidetes;c__Bacteroidia;o__Bacteroidales;f__Bacteroidaceae;g__Bacteroides;s__Bacteroides_salyersiae	0.0154472538107	-0.0217414764925	0.00526613913521	0.0212339496104	0.0103073218432	0.00868909222518	0.00402027462663	0.0128212401948	0.00912912736121	-0.00901094784037	-0.0320269730992	-0.00296640318106	-0.0525879009385	0.00711278096442	-0.0274277308678	-0.0489855883518	-0.0317737514288	-0.00733254084322	0.00121510315419	0.0250305705584	1.0	0.0158883921092	-0.0066840285764	0.0161177879971	-0.0944019194928	0.0338149333435	-0.036984935704	0.0192454177682	0.0320119942641	-0.0135532706018	0.00349939625035	0.0108860635476	-0.0373106433669	-0.0161697739002	0.0034743925618	0.0244926208351	0.0555320562653	-0.0899830494325	-0.0217268425697	0.0094609202538	0.0496428170007	-0.00485975943657	-0.0186638088676	-0.0109023821062	0.00742004780404	0.0148701534835	-0.00690355144846	-0.134796475335	0.0539472611044	0.0241988619084	-0.0414226873597	-0.00414771901411	-0.0156030893104	-0.0115249065783	0.00819033684753	-0.0895090593004	0.0245628404697	-0.012620483587	0.0488568622451
k__Bacteria;p__Firmicutes;c__Clostridia;o__Clostridiales;f__Ruminococcaceae;g__Ruminiclostridium;s__[Eubacterium]_siraeum	-0.0871099828423	-0.0131366361018	0.0180319311541	-0.0490531345296	-0.0334399783046	-0.0211298530048	-0.0228505041188	-0.0358995923532	-0.00196951850359	0.0315677139305	-0.0113424233729	0.014686147357	-0.00662665713675	-0.0212755482986	0.0373021880178	-0.0535716373019	0.0292069106323	-0.1412459672	-0.00279544895645	-0.0238002385341	0.0158883921092	1.0	-0.0261883034058	0.0363175773744	0.0128071566338	-0.0187929978466	0.0135337806859	0.00901843186438	0.00675094867827	0.00758230734005	-0.0061112653479	0.00132456320712	1.54537342703e-05	0.0462302995707	-9.34534506175e-05	-0.00211459740481	0.0222980494831	-0.0320673334675	0.0116873094553	0.00680188082755	0.0253489682094	0.0379607247641	0.0631446483538	-0.0674295458748	-0.00860877780529	-0.00388937678751	-0.0458614650944	-0.00576909358642	-0.00807585866386	-0.0463038539461	-0.00251438088884	-0.0444930895095	0.0399158725266	-0.0588745435386	-0.0990732885164	0.00759781930324	0.0168257547595	-0.00587260740981	0.0790411592774
k__Bacteria;p__Proteobacteria;c__Betaproteobacteria;o__Burkholderiales;f__Sutterellaceae;g__Parasutterella;s__Parasutterella_excrementihominis	-0.0691502854031	-0.0237092436062	-0.00930862221792	0.00517376294222	-0.010517411713	-0.00692114778265	-0.00244692728978	-0.0645064683655	-0.0212703779066	0.0227854183132	0.0123116788706	-0.0288297267149	0.0158474882602	-0.0529689209882	0.00620422296083	0.0274341144325	0.0263855235999	-0.0101804664147	-0.0296218959861	-0.0202816382552	-0.0066840285764	-0.0261883034058	1.0	-0.0153845038712	0.0237452161422	0.0147237150324	-0.0427244259432	-0.0257394641149	-0.0797761928647	0.0373378052572	-0.0277280492506	0.0474487289836	0.0138174179035	-0.0133413098661	-0.0385540027783	0.0092065417098	-0.0419287766593	0.00331329982619	-0.0227476676645	-0.0104057301451	-0.071312594372	-0.0469456307285	-0.010375457033	0.00131097247113	-0.0116151377461	-0.0179044278585	-0.0403934458171	0.0516203273818	-0.010567146454	0.0197086640035	-0.00373599167279	-0.0327945188742	0.00421112927847	0.0526096344351	0.00914787136008	-0.0246164620325	-0.0396690424583	0.0409437479171	0.0282623090203
k__Bacteria;p__Actinobacteria;c__Actinobacteria;o__Bifidobacteriales;f__Bifidobacteriaceae;g__Bifidobacterium;s__Bifidobacterium_adolescentis	0.00257029634128	-0.0352908914207	0.0249248513249	-0.0547966797211	-0.0205424032939	-0.0360997166354	-0.0324371636338	0.00182118175642	0.0386601374221	0.0212284459394	0.00863378941516	-0.013299403426	0.054220498134	0.0124506156261	0.0470745813561	0.0792685494503	0.0528219594578	0.00159958955935	0.0518675596559	0.00261534493174	0.0161177879971	0.0363175773744	-0.0153845038712	1.0	0.00106708039084	-0.0619317608585	0.0220304371303	-0.00901042850732	-0.0190259723463	-0.0613746420848	0.010887767711	-0.00140392491274	0.0161696082403	-0.0494923261862	0.020776034204	-0.013490566184	-0.0647722796502	0.00105596751799	-0.00493291293009	-0.0347929781546	-0.00918470839143	-0.0172275358805	-0.000479428487058	0.0360343588119	-0.0135914161856	0.0414434951213	0.00547030218306	-0.0167550569047	-0.0791431325178	-0.0137771720556	0.00142937435832	0.0923246035544	0.0106279371956	0.031806850948	-0.0159151693754	-0.045387152306	0.0256206249218	0.000882627702954	0.0110860083568
k__Bacteria;p__Firmicutes;c__Clostridia;o__Clostridiales;f__Oscillospiraceae;g__Oscillibacter;s__Oscillibacter_sp._KLE_1745	0.0179343267187	0.0157740988686	-0.0729384045333	0.032043483507	0.0246881152681	0.0289656649748	-0.00129043438268	0.0331363128284	0.0257174088299	-0.00739361062256	-0.00330946196284	-0.0208530957753	0.0137387701432	-0.0297096049911	-0.0119179732231	-0.0548597696485	-0.0194952427415	-0.0354175047488	0.0167909336765	-0.0593166472012	-0.0944019194928	0.0128071566338	0.0237452161422	0.00106708039084	1.0	-0.0408255079723	-0.0224416587568	0.00321992722206	0.00410121962691	-0.0390375306795	0.0334397786115	0.0741985230301	-0.0411872988829	0.0363276919899	0.00701523874055	0.0366465574978	0.0132488893556	0.0232983031323	0.008451717736	-0.0345489166303	-0.0447982861144	0.0359384756932	-0.0027346008927	-0.0317273366248	-0.0121010326031	-0.0504393688792	0.0663614370096	-0.0519021610532	0.00664388187681	-0.0421858951663	-0.0626302621888	-0.0563006017785	-0.00157878247462	-0.0157002923653	-0.0142556293644	0.0288963655309	-0.0138181528263	0.0272287034045	-0.0520276455626
k__Bacteria;p__Bacteroidetes;c__Bacteroidia;o__Bacteroidales;f__Bacteroidaceae;g__Bacteroides;s__Bacteroides_coprophilus	0.00700388458994	-0.0225939041014	0.040005776653	-0.05377459864	0.0211582423226	-0.0197375040545	-0.0418533481901	-0.0490293397601	-0.00223229195393	-0.0167668248061	-0.00650190496731	-0.0364900304184	0.00764599414868	-0.0385742630334	-0.0442594503624	-0.0237414314192	-0.0144526192807	-0.0108025306929	0.0151008424672	0.0396223739663	0.0338149333435	-0.0187929978466	0.0147237150324	-0.0619317608585	-0.0408255079723	1.0	0.00300619486346	0.0101329302374	0.033263512894	-0.0391923495844	-0.0291123564717	0.0294609136289	-0.0379881906607	-0.0012354063151	-0.0219008640842	0.0547118777037	0.00459113526567	-0.0168368673551	0.0097293508894	0.0187794320746	-0.00694362296564	0.0159814228933	-0.0800839221231	0.0245409416721	-0.0236336431166	0.00680645365073	0.0279658031874	0.0176789673262	0.00175578592602	0.0316393950483	-0.0147004599198	-0.00933959490728	-0.0668695193748	-0.0324516227063	-0.0752659521046	0.0411443897827	-0.0409101473711	-0.0209016146088	0.060024026703
k__Bacteria;p__Firmicutes;c__Clostridia;o__Clostridiales;f__Lachnospiraceae;g__Roseburia;s__Roseburia_intestinalis	-0.0113287128548	0.0276225515377	0.00807087125037	0.00298346316404	-0.0271196924013	0.00270024921528	-0.0485143885586	0.105384586767	-0.0203890168647	0.0198961810632	0.0272127317561	0.0156496597323	0.0335372504493	0.0308058893521	-0.00344181290535	-0.0121394443385	-0.0606822965768	-0.00847448469067	-0.00480890931718	-0.0710958272221	-0.036984935704	0.0135337806859	-0.0427244259432	0.0220304371303	-0.0224416587568	0.00300619486346	1.0	-0.00116470192656	-0.00804673607313	0.0182570712199	-0.105767514393	0.0106760832364	0.0480810844623	0.0487121223182	-0.0327293677957	0.00392107006893	-0.0257824370147	0.0091825886526	-0.0452133277065	-0.0314428167242	-0.0358850126491	-0.0003688444342	0.00884280277987	0.0135674604491	-0.0681730796245	-0.0435011954835	-0.00489563540206	0.0200483841877	0.00652527974971	-0.0332134089041	-0.0475787369664	-0.0122507621131	0.0204784167001	-0.0226768709459	-0.036328371841	0.00447964949843	0.00152307369292	-0.0977990128371	0.0470779604673
k__Bacteria;p__Firmicutes;c__Clostridia;o__Clostridiales;f__Lachnospiraceae;g__Roseburia;s__Roseburia_hominis	-0.0117516298576	-0.0322560556742	-0.0222085050345	-0.0196429575855	0.0270793056466	-0.0414075283546	-0.00906392084173	0.0459546433325	-0.00738623125089	-0.0197028616576	-0.052305947229	-0.0136425676842	-0.0498715274898	0.0570129416154	-0.0784241721319	-0.0618919541095	0.026568594222	0.0761971198699	-0.0587818045115	-0.0293626842114	0.0192454177682	0.00901843186438	-0.0257394641149	-0.00901042850732	0.00321992722206	0.0101329302374	-0.00116470192656	1.0	0.0164524674464	-0.0208728089286	0.0194141968881	0.0116242784242	-0.0283393655335	0.0179973902749	-0.0233087255704	-0.0481153099188	-0.075769302154	0.0111039159788	0.00324218970265	-0.0309014843651	0.0277669912375	-0.0487751155374	-0.00205361141173	0.0275776404412	0.00325043349995	0.028253526185	0.0135922893678	-0.0196376922267	0.00283706038464	-0.0112991593924	0.0200074293468	-0.0545843526298	-0.047094965116	0.0820038347895	-0.0260919854762	-0.0136071500772	-0.0239014538899	-0.0161903336175	0.0517860477871
k__Bacteria;p__Bacteroidetes;c__Bacteroidia;o__Bacteroidales;f__Porphyromonadaceae;g__Parabacteroides;s__Parabacteroides_johnsonii	-0.0361596355659	-0.0122435525786	0.0117499079139	0.0296839095073	-0.0180680778413	-0.0250122719957	0.00313927513079	0.0110100343091	0.0260464471239	-0.0109560756479	-0.00881458943915	-0.0642242386281	0.0325301590039	0.0165786483306	-0.10659656274	0.0465281131204	-0.0362330370629	-0.0228111520561	-0.0570109624921	-0.0386133242482	0.0320119942641	0.00675094867827	-0.0797761928647	-0.0190259723463	0.00410121962691	0.033263512894	-0.00804673607313	0.0164524674464	1.0	0.00136744954556	-0.0115321358412	-0.00518982830909	0.0591355712179	0.0526638564087	-0.0211039373424	-0.0345655647959	0.00229233470656	-0.0359227116718	-0.0246106817332	0.0104503938491	0.07411914973	-0.0795490272037	0.0220197910837	-0.0444969881449	-0.0525310532867	-0.0204586269457	-0.0206685273784	0.0116182422784	-0.0519930293787	-0.010246069021	-0.0144425346514	-0.0219976148405	0.022157508197	-0.0637132622043	0.0149497008735	-0.0103858652754	0.040324166	0.0418453628899	-0.0650746433541
k__Bacteria;p__Actinobacteria;c__Actinobacteria;o__Bifidobacteriales;f__Bifidobacteriaceae;g__Bifidobacterium;s__Bifidobacterium_longum	0.0364541778133	-0.0350417480395	-0.0473963122742	0.00123768014701	0.0227959195208	-0.0228750647378	-0.0232040025365	-0.0485910580641	-0.0314998933662	0.0174765907348	0.0141665370625	0.00260690049556	0.0528778970933	-0.024079224148	-0.00909121258878	-0.0140300044784	-0.00991331906385	-0.0381448984325	-0.051246613436	0.00087540733122	-0.0135532706018	0.00758230734005	0.0373378052572	-0.0613746420848	-0.0390375306795	-0.0391923495844	0.0182570712199	-0.0208728089286	0.00136744954556	1.0	0.0852640413914	-0.0311548197133	0.0193214122479	-0.0864107131289	0.0651769847615	0.0211749896547	-0.0491296627914	0.00513527932902	-0.0505283536344	-0.0182422696236	-0.0117365377229	0.00434409544339	0.0063093778608	0.012312120684	-0.0164542024846	-0.0421972467169	0.0160665690521	0.00044739561741	-0.0240185989066	0.0274341110909	-0.0635177721644	-0.043833872923	-0.0274597240467	-0.0140701552711	0.0116030280827	-0.0307060678358	-0.0598687094957	0.0331332652607	-0.0376447318346
