#taxonomy	k__Bacteria;p__Bacteroidetes;c__Bacteroidia;o__Bacteroidales;f__Bacteroidaceae;g__Bacteroides;s__Bacteroides_vulgatus	k__Bacteria;p__Bacteroidetes;c__Bacteroidia;o__Bacteroidales;f__Bacteroidaceae;g__Bacteroides;s__Bacteroides_uniformis	k__Bacteria;p__Bacteroidetes;c__Bacteroidia;o__Bacteroidales;f__Rikenellaceae;g__Alistipes;s__Alistipes_putredinis	k__Bacteria;p__Bacteroidetes;c__Bacteroidia;o__Bacteroidales;f__Prevotellaceae;g__Prevotella;s__Prevotella_copri	k__Bacteria;p__Bacteroidetes;c__Bacteroidia;o__Bacteroidales;f__Bacteroidaceae;g__Bacteroides;s__Bacteroides_stercoris	k__Bacteria;p__Bacteroidetes;c__Bacteroidia;o__Bacteroidales;f__Bacteroidaceae;g__Bacteroides;s__Bacteroides_ovatus	k__Bacteria;p__Bacteroidetes;c__Bacteroidia;o__Bacteroidales;f__Rikenellaceae;g__Alistipes;s__Alistipes_shahii	k__Bacteria;p__Firmicutes;c__Clostridia;o__Clostridiales;f__Ruminococcaceae;g__Faecalibacterium;s__Faecalibacterium_prausnitzii	k__Bacteria;p__Bacteroidetes;c__Bacteroidia;o__Bacteroidales;f__Rikenellaceae;g__Alistipes;s__Alistipes_finegoldii	k__Bacteria;p__Bacteroidetes;c__Bacteroidia;o__Bacteroidales;f__Porphyromonadaceae;g__Parabacteroides;s__Parabacteroides_distasonis	k__Bacteria;p__Bacteroidetes;c__Bacteroidia;o__Bacteroidales;f__Bacteroidaceae;g__Bacteroides;s__Bacteroides_thetaiotaomicron	k__Bacteria;p__Bacteroidetes;c__Bacteroidia;o__Bacteroidales;f__Bacteroidaceae;g__Bacteroides;s__Bacteroides_coprocola	k__Bacteria;p__Bacteroidetes;c__Bacteroidia;o__Bacteroidales;f__Bacteroidaceae;g__Bacteroides;s__Bacteroides_cellulosilyticus	k__Bacteria;p__Bacteroidetes;c__Bacteroidia;o__Bacteroidales;f__Rikenellaceae;g__Alistipes;s__Alistipes_obesi	k__Bacteria;p__Firmicutes;c__Clostridia;o__Clostridiales;f__Lachnospiraceae;g__;s__[Eubacterium]_rectale	k__Bacteria;p__Bacteroidetes;c__Bacteroidia;o__Bacteroidales;f__Bacteroidaceae;g__Bacteroides;s__Bacteroides_plebeius	k__Bacteria;p__Bacteroidetes;c__Bacteroidia;o__Bacteroidales;f__Bacteroidaceae;g__Bacteroides;s__Bacteroides_fragilis	k__Bacteria;p__Proteobacteria;c__Betaproteobacteria;o__Burkholderiales;f__Sutterellaceae;g__Sutterella;s__Sutterella_wadsworthensis	k__Bacteria;p__Bacteroidetes;c__Bacteroidia;o__Bacteroidales;f__Porphyromonadaceae;g__Barnesiella;s__Barnesiella_intestinihominis	k__Bacteria;p__Bacteroidetes;c__Bacteroidia;o__Bacteroidales;f__Odoribacteraceae;g__Odoribacter;s__Odoribacter_splanchnicus	k__Bacteria;p__Bacteroidetes;c__Bacteroidia;o__Bacteroidales;f__Bacteroidaceae;g__Bacteroides;s__Bacteroides_salyersiae	k__Bacteria;p__Firmicutes;c__Clostridia;o__Clostridiales;f__Ruminococcaceae;g__Ruminiclostridium;s__[Eubacterium]_siraeum	k__Bacteria;p__Proteobacteria;c__Betaproteobacteria;o__Burkholderiales;f__Sutterellaceae;g__Parasutterella;s__Parasutterella_excrementihominis	k__Bacteria;p__Actinobacteria;c__Actinobacteria;o__Bifidobacteriales;f__Bifidobacteriaceae;g__Bifidobacterium;s__Bifidobacterium_adolescentis	k__Bacteria;p__Firmicutes;c__Clostridia;o__Clostridiales;f__Oscillospiraceae;g__Oscillibacter;s__Oscillibacter_sp._KLE_1745	k__Bacteria;p__Bacteroidetes;c__Bacteroidia;o__Bacteroidales;f__Bacteroidaceae;g__Bacteroides;s__Bacteroides_coprophilus	k__Bacteria;p__Firmicutes;c__Clostridia;o__Clostridiales;f__Lachnospiraceae;g__Roseburia;s__Roseburia_intestinalis	k__Bacteria;p__Firmicutes;c__Clostridia;o__Clostridiales;f__Lachnospiraceae;g__Roseburia;s__Roseburia_hominis	k__Bacteria;p__Bacteroidetes;c__Bacteroidia;o__Bacteroidales;f__Porphyromonadaceae;g__Parabacteroides;s__Parabacteroides_johnsonii	k__Bacteria;p__Actinobacteria;c__Actinobacteria;o__Bifidobacteriales;f__Bifidobacteriaceae;g__Bifidobacterium;s__Bifidobacterium_longum	k__Bacteria;p__Firmicutes;c__Clostridia;o__Clostridiales;f__;g__Flavonifractor;s__Flavonifractor_plautii	k__Bacteria;p__Firmicutes;c__Clostridia;o__Clostridiales;f__Clostridiaceae;g__Clostridium;s__Clostridium_phoceensis	k__Bacteria;p__Verrucomicrobia;c__Verrucomicrobiae;o__Verrucomicrobiales;f__Akkermansiaceae;g__Akkermansia;s__Akkermansia_muciniphila	k__Bacteria;p__Bacteroidetes;c__Bacteroidia;o__Bacteroidales;f__Prevotellaceae;g__Paraprevotella;s__Paraprevotella_xylaniphila	k__Bacteria;p__Firmicutes;c__Clostridia;o__Clostridiales;f__Ruminococcaceae;g__Ruminococcus;s__Ruminococcus_callidus	k__Bacteria;p__Bacteroidetes;c__Bacteroidia;o__Bacteroidales;f__Rikenellaceae;g__Alistipes;s__Alistipes_senegalensis	k__Bacteria;p__Firmicutes;c__Clostridia;o__Clostridiales;f__Lachnospiraceae;g__Blautia;s__Blautia_sp._KLE_1732	k__Bacteria;p__Bacteroidetes;c__Bacteroidia;o__Bacteroidales;f__Bacteroidaceae;g__Bacteroides;s__Bacteroides_oleiciplenus	k__Bacteria;p__Firmicutes;c__Clostridia;o__Clostridiales;f__Ruminococcaceae;g__Ruminococcus;s__Ruminococcus_bicirculans	k__Bacteria;p__Bacteroidetes;c__Bacteroidia;o__Bacteroidales;f__Bacteroidaceae;g__Bacteroides;s__Bacteroides_fluxus	k__Bacteria;p__Bacteroidetes;c__Bacteroidia;o__Bacteroidales;f__Prevotellaceae;g__Prevotella;s__Prevotella_stercorea	k__Bacteria;p__Firmicutes;c__Clostridia;o__Clostridiales;f__Lachnospiraceae;g__Dorea;s__Dorea_longicatena	k__Bacteria;p__Firmicutes;c__Clostridia;o__Clostridiales;f__Eubacteriaceae;g__Eubacterium;s__[Eubacterium]_eligens	k__Bacteria;p__Firmicutes;c__Clostridia;o__Clostridiales;f__Ruminococcaceae;g__;s__Ruminococcaceae_bacterium_D16	k__Bacteria;p__Firmicutes;c__Clostridia;o__Clostridiales;f__Lachnospiraceae;g__Coprococcus;s__Coprococcus_comes	k__Bacteria;p__Proteobacteria;c__Gammaproteobacteria;o__Enterobacterales;f__Enterobacteriaceae;g__Escherichia;s__Escherichia_coli	k__Bacteria;p__Firmicutes;c__Clostridia;o__Clostridiales;f__Ruminococcaceae;g__Anaerotruncus;s__Anaerotruncus_colihominis	k__Bacteria;p__Firmicutes;c__Clostridia;o__Clostridiales;f__Lachnospiraceae;g__Blautia;s__Blautia_obeum	k__Bacteria;p__Bacteroidetes;c__Bacteroidia;o__Bacteroidales;f__Odoribacteraceae;g__Odoribacter;s__Odoribacter_laneus	k__Bacteria;p__Firmicutes;c__Clostridia;o__Clostridiales;f__Ruminococcaceae;g__Ruminiclostridium;s__[Clostridium]_leptum	k__Bacteria;p__Bacteroidetes;c__Bacteroidia;o__Bacteroidales;f__Porphyromonadaceae;g__Parabacteroides;s__Parabacteroides_goldsteinii	k__Bacteria;p__Firmicutes;c__Clostridia;o__Clostridiales;f__Lachnospiraceae;g__Anaerostipes;s__Anaerostipes_hadrus	k__Bacteria;p__Firmicutes;c__Clostridia;o__Clostridiales;f__Ruminococcaceae;g__Ruminococcus;s__Ruminococcus_lactaris	k__Bacteria;p__Firmicutes;c__Clostridia;o__Clostridiales;f__Clostridiaceae;g__Clostridium;s__Clostridium_sp._L2-50	k__Bacteria;p__Firmicutes;c__Clostridia;o__Clostridiales;f__Clostridiaceae;g__Clostridium;s__Clostridium_sp._M62/1	k__Bacteria;p__Firmicutes;c__Clostridia;o__Clostridiales;f__;g__Intestinimonas;s__Intestinimonas_butyriciproducens	k__Bacteria;p__Actinobacteria;c__Actinobacteria;o__Bifidobacteriales;f__Bifidobacteriaceae;g__Bifidobacterium;s__Bifidobacterium_bifidum	k__Bacteria;p__Firmicutes;c__Negativicutes;o__Veillonellales;f__Veillonellaceae;g__Dialister;s__Dialister_invisus	k__Bacteria;p__Bacteroidetes;c__Bacteroidia;o__Bacteroidales;f__Bacteroidaceae;g__Bacteroides;s__Bacteroides_salanitronis
k__Bacteria;p__Bacteroidetes;c__Bacteroidia;o__Bacteroidales;f__Bacteroidaceae;g__Bacteroides;s__Bacteroides_vulgatus	1.0	-0.0428603845538	-0.046388747099	0.0149665949634	0.00461445446353	0.0528146551922	-0.0400626843021	0.014012910713	0.042152577401	0.00129913380847	-0.0532778156342	0.0051420297867	0.0126210440655	-0.00432062833339	-0.0325959417037	0.00568608686343	-0.0157579082585	-0.0390536836486	0.0103482865908	0.00906837405288	0.0219910629928	0.00841558827716	0.0645717122155	0.0506362002875	-0.0362683622228	-0.100383936605	0.0273259306212	-0.0589021214932	-0.0124019027707	-0.0723130823284	-0.0394704928412	0.0390078135043	-0.00701489272905	-0.00106744591581	-0.0562305279229	-0.0262593635085	-0.0515037963288	-0.0343017113007	0.004302067486	-0.0611145164969	0.0289294059144	-0.0189153299939	-0.0375953097805	0.028996197468	-0.0268959993472	-0.0227588139243	0.0726710844696	-0.00954763837347	-0.0994519902366	0.00927595729093	0.020886153713	0.049511443136	-0.037710310314	-0.0121367652037	0.0338130435115	-0.00231032176713	-0.0270913510475	0.0328209299038	-0.0306484548593
k__Bacteria;p__Bacteroidetes;c__Bacteroidia;o__Bacteroidales;f__Bacteroidaceae;g__Bacteroides;s__Bacteroides_uniformis	-0.0428603845538	1.0	-0.0218225553448	-0.0351318077063	-0.00196461201268	0.0640651213835	-0.0132095124646	0.0154106965649	-0.00617750578411	-0.0172364479106	-0.0161990240828	0.00831558567573	-0.0302557645605	-0.0715258427575	0.00212141127239	-0.0168464799172	-0.0443410334174	0.0538540047432	0.0312150449119	-0.0452718596092	-0.056921292363	-0.0154734926846	-0.0479062815255	-0.0249468070349	0.000365257680746	-0.00712763574924	0.059954345601	0.0173852361224	-0.0360973773691	-0.00402127927895	-0.0383785202943	-0.0192700535601	0.0537144423064	-0.0510876662482	-0.0471870235906	0.013679839985	-0.0541512144213	-0.00137516003788	-0.0426310588983	-0.024167774007	0.00942679840001	-0.00246012439768	-0.0336650072827	-0.0176453752928	-0.0177033075579	0.0550627577882	-0.006644488115	-0.0410945183407	-0.0106844045905	-0.0413787042318	-0.0770580720387	-0.0206992689631	-0.0242779780372	0.0204744346994	-0.0399751122286	0.029692145722	-0.0128853986679	0.00461448072915	0.00125995657446
k__Bacteria;p__Bacteroidetes;c__Bacteroidia;o__Bacteroidales;f__Rikenellaceae;g__Alistipes;s__Alistipes_putredinis	-0.046388747099	-0.0218225553448	1.0	-0.0717621865151	0.0063263862701	0.00966317766043	0.0575543528757	-0.0844635533323	-0.0376362886718	-0.0125223148081	-0.0387655529642	-0.053287498396	-0.0140043070012	-0.0096137803729	0.0154580172713	-0.0148860826439	0.0693976785426	0.0194306708304	-0.0438638272442	0.0414717536037	-0.0249273497104	0.0552403854939	-0.00635841472528	0.0399384242764	-0.0550682966447	0.0751842998693	-0.023870679721	0.00704725646905	-0.0183831856022	0.0135532374244	-0.0494938983457	0.000568605402626	0.0145235539124	-0.0211970057191	0.0449473705477	-0.0275913556304	0.0340938471462	-0.0337031596829	0.0143519091828	0.00965991011075	0.0611577474618	0.0362733069996	-0.0540386887785	-0.0402194656218	-0.0122683857398	0.0837074755559	0.0240456673671	-0.033218460026	-0.106830688208	-0.0535543072556	0.0483249764383	-0.0540222640787	-0.0426987481039	-0.0389456861662	-0.00693295340515	0.00636512490207	-0.0247761910844	-0.0146093682113	0.0488442244382
k__Bacteria;p__Bacteroidetes;c__Bacteroidia;o__Bacteroidales;f__Prevotellaceae;g__Prevotella;s__Prevotella_copri	0.0149665949634	-0.0351318077063	-0.0717621865151	1.0	-0.0431210275859	0.0948043956357	-0.109405488919	-0.0319346101688	-0.00400446634828	0.054326867325	0.0104094905197	-0.0459459322634	0.0340585522701	-0.0332084893697	-0.0177452826485	0.0312661889351	0.0145575726453	-4.81709529816e-05	-0.0585925171683	-0.0183129238003	0.0174421957001	-0.0207139878734	-0.0443710244437	0.0453272598345	-0.015522928852	-0.0386061093733	-0.0287483119345	0.0590194418155	-0.04124109625	0.0684739638345	-0.0374958167311	-0.000945259985616	-0.0319723415467	-0.0810818032503	0.0319182352258	-0.000755318450045	0.00632722796874	0.00852039558121	-0.0530687811491	0.045265079636	-0.0110352600546	-0.0450099605352	-0.00493948036962	-0.0183400496575	-0.00791926863117	0.0298062227565	0.0183030220399	0.020274077499	0.00860347649069	-0.0318019894808	-0.00363390914729	0.0210800246322	-0.0198301001598	0.0566276772617	0.0116670580061	0.00797059966023	0.0211123407714	-0.0158358611945	-0.0216962762307
k__Bacteria;p__Bacteroidetes;c__Bacteroidia;o__Bacteroidales;f__Bacteroidaceae;g__Bacteroides;s__Bacteroides_stercoris	0.00461445446353	-0.00196461201268	0.0063263862701	-0.0431210275859	1.0	-0.073938664546	0.0304317243417	-0.0567089433496	0.0206707604122	-0.0709922103552	-0.00267052514512	-0.0737326432623	0.00287682071071	-0.0208578474482	-0.0579934064171	0.0287596207003	-0.00377226925375	0.0219120313256	-0.0239812661388	0.0183291328177	0.0371628898591	0.0438259400064	0.0247720649863	-0.0427552815133	0.0257504112311	-0.0123687567378	-0.00109756171353	0.00906810059532	0.0158822178758	0.0110285204593	-0.0560884273035	0.0210334718741	0.016242529507	0.0114800440648	-0.00824635952903	0.0977259702724	-0.0115397107686	-0.0965872526648	-0.0176240475577	0.00976516683812	0.0109141335943	-0.0435980132893	-0.0272930608015	0.0193718507013	-0.00608956985499	-0.0230929778168	-0.0227338991683	0.0710425026019	0.0305796671623	-0.0268689887871	0.0392725513414	0.0396910397994	0.028086565135	-0.0761426960743	-0.0078586720432	-0.0115431547488	0.0656049592057	-0.00926113841963	-0.0173278204614
k__Bacteria;p__Bacteroidetes;c__Bacteroidia;o__Bacteroidales;f__Bacteroidaceae;g__Bacteroides;s__Bacteroides_ovatus	0.0528146551922	0.0640651213835	0.00966317766043	0.0948043956357	-0.073938664546	1.0	0.0579293484891	0.0305791619497	0.0319809886731	-0.00400757393134	-0.0124946661435	0.022279785003	-0.0543395737671	-0.0240117144085	-0.00362522411021	-0.00766704559596	-0.0796204390989	-0.0351344500318	0.0107578151057	-0.0565404960494	-0.0150033729869	-0.0446210789864	0.0180719630829	-0.0774359844688	-0.0248832249323	0.0354188640848	0.00206828103217	0.027869360617	-0.0469221399706	-0.0231834882505	-0.0163462388478	-0.0400449375201	0.0435686988389	-0.0324785662265	0.00715545675299	-0.00757167674765	-0.04695560969	-0.044320195962	0.00786838119155	-0.0179030855549	0.00472936046183	0.0238288885806	-0.0160116628221	0.0241518488469	-0.0147315387628	0.0530510839657	-0.0229826316215	-0.0439624380969	-0.0664066090195	0.0129644542894	0.0242796836773	-0.0671526671141	-0.0108714960568	0.0256040292788	-0.0228055929182	0.0271613941399	-0.0326518187971	-0.0653929053915	-0.0477042144536
k__Bacteria;p__Bacteroidetes;c__Bacteroidia;o__Bacteroidales;f__Rikenellaceae;g__Alistipes;s__Alistipes_shahii	-0.0400626843021	-0.0132095124646	0.0575543528757	-0.109405488919	0.0304317243417	0.0579293484891	1.0	0.00980450736962	-0.0222525250085	-0.0285019430706	0.0125576845395	0.0364759304296	-0.0286114874949	-0.040858093845	-0.0474322525697	-0.0432368922884	-0.0336301162409	0.0136132878917	0.0144436437732	0.0251742830615	-0.00789235539654	0.00583701610727	-0.0348797404955	-0.0414994227078	0.0509881088883	0.00100748069012	-0.0440158725957	-0.00927127326106	0.0277836734535	-0.0553952097457	-0.00833670914874	0.0110371958844	-0.00827056909808	0.0278542721128	-0.0276668011626	-0.0350502704995	0.0442657875133	-0.0254414284117	0.010527552944	-0.0296819729657	-0.015201816614	0.0271707328716	0.0194601927719	0.0276469207021	0.0764060611661	0.0385082312525	-0.0304951214308	0.00619937982515	-0.0788546162435	-0.014963068603	-0.0223919669216	-0.00854505002803	-0.0297969615181	0.00865549689485	-0.0193450633843	0.0313849189968	0.0275829400826	0.0176173350328	0.0496351554721
k__Bacteria;p__Firmicutes;c__Clostridia;o__Clostridiales;f__Ruminococcaceae;g__Faecalibacterium;s__Faecalibacterium_prausnitzii	0.014012910713	0.0154106965649	-0.0844635533323	-0.0319346101688	-0.0567089433496	0.0305791619497	0.00980450736962	1.0	-0.00686787445304	-0.0275949658106	-0.042243719351	-0.0130298689642	0.0441026163653	0.058360391581	0.0029403948181	-0.0275282134094	-0.0988777740018	-0.027568184946	-0.0251971485863	-0.0282181378281	-0.0799918258098	0.00838410961563	-0.00436973550722	-0.029094070964	-0.00442244632544	-0.00808462545612	-0.0406719708112	-0.0429154257097	0.00576785201562	0.0798987695422	0.015360604488	-0.0249173650959	0.00599014691883	0.0521374866261	-0.0429128313181	-0.00277992994767	-0.0116269159579	0.00659764193005	0.0494672704159	-0.0296335030514	-0.0630234580453	-0.00166817068746	0.0562338280644	0.000916178894586	-0.00107037256494	-0.0310513961896	0.0421169666063	0.0169620352646	-0.067647052804	-0.0268356653378	0.0111142164658	-0.0781795313035	-0.0166727909356	-0.0347155663083	-0.0187003967904	0.0537167584739	-0.059967443771	0.0671246534919	-0.00544520172466
k__Bacteria;p__Bacteroidetes;c__Bacteroidia;o__Bacteroidales;f__Rikenellaceae;g__Alistipes;s__Alistipes_finegoldii	0.042152577401	-0.00617750578411	-0.0376362886718	-0.00400446634828	0.0206707604122	0.0319809886731	-0.0222525250085	-0.00686787445304	1.0	0.0295360008666	-0.0311891353184	-0.00705362335499	-0.0393652116194	-0.0654636485585	-0.016571726105	-0.0162722563982	-0.0082852728519	-0.00905803938232	0.0745965066786	0.0287616243439	-0.00152017708822	0.00338725594808	0.0735762534381	-0.0292666659932	-0.083471325643	0.0217711040432	-0.067490511836	0.00878008323893	-0.0405719481714	-0.00961235689296	-0.017936113875	-0.016076764644	-0.0432250450224	0.037335937099	0.00274397901867	-0.0390751299272	0.00713631721263	0.00928423584537	0.0278852651996	-0.017020898895	0.017003450036	0.00450227134366	-0.0397988034496	0.0128241959559	0.0277893078255	0.0597026217278	0.0496355178301	0.0149542219523	0.0104843739576	0.0181080810612	-0.0371854612883	0.0522808722886	0.00912204941184	-0.0150519646078	-0.0702155621109	-0.0721597612938	-0.00576832262217	0.0180602045441	-0.0492641671942
k__Bacteria;p__Bacteroidetes;c__Bacteroidia;o__Bacteroidales;f__Porphyromonadaceae;g__Parabacteroides;s__Parabacteroides_distasonis	0.00129913380847	-0.0172364479106	-0.0125223148081	0.054326867325	-0.0709922103552	-0.00400757393134	-0.0285019430706	-0.0275949658106	0.0295360008666	1.0	-0.0554720732118	0.0385860825728	0.0195935638063	-0.0197248612433	-0.0114738208543	0.0348082379418	-0.00725778429951	0.0196163605037	0.0411788562982	-0.0158797658116	-0.030171889178	-0.0383451326977	-0.00300165427316	-0.00554680648109	0.0219681282396	-0.0141213061548	-0.0216673786966	0.0267832052622	-0.0444774548424	0.0805496373767	0.0327748451727	-0.0323033596367	0.0346261469621	-0.0356050562883	-0.00992382844208	-0.0332580281318	-0.0365118714304	-0.0117711594128	0.0442516500944	-0.0836142390088	0.0113454799366	0.0433273833556	-0.0266241385345	-0.0534258605935	-0.0613580774279	0.0407448418505	-0.028558384989	-0.056568535141	-0.0083515988344	-0.0475395096852	-0.023559081173	0.0194241667543	-0.0549812552292	-0.0266413424432	-0.00780131553967	-0.0192975718518	0.0499926820176	0.0191244771346	0.00375109105851
k__Bacteria;p__Bacteroidetes;c__Bacteroidia;o__Bacteroidales;f__Bacteroidaceae;g__Bacteroides;s__Bacteroides_thetaiotaomicron	-0.0532778156342	-0.0161990240828	-0.0387655529642	0.0104094905197	-0.00267052514512	-0.0124946661435	0.0125576845395	-0.042243719351	-0.0311891353184	-0.0554720732118	1.0	-0.0137311668116	-0.00223988396761	0.000210300768339	-0.0353368149667	-0.0228650506776	-0.0321202537145	-0.0319479411506	0.0300022083192	0.0150173310915	0.00187216007033	-0.072424118431	-0.0136602274448	-0.0477875994492	-0.0221958974748	0.00360296910688	0.04119966245	0.00472764163302	0.014801734123	0.0254170986767	-0.0283474326113	-0.0646924500157	0.0393514023506	-0.0845089859272	0.0902501930996	-0.0693621632932	0.111947471688	0.0117849025761	0.0160118204417	0.0456438700015	-0.0205832719566	0.0601496318801	0.0708769397566	0.0311939328892	0.0306763016905	-0.028373551267	-0.0477995256762	-0.0177620179689	-0.0127416879766	0.0817442481758	0.0255262032864	0.0718456088558	0.0153387833244	-0.0182575095949	-0.051927762071	-0.0317822302942	0.0621207237648	-0.0222181410917	0.0024465017346
k__Bacteria;p__Bacteroidetes;c__Bacteroidia;o__Bacteroidales;f__Bacteroidaceae;g__Bacteroides;s__Bacteroides_coprocola	0.0051420297867	0.00831558567573	-0.053287498396	-0.0459459322634	-0.0737326432623	0.022279785003	0.0364759304296	-0.0130298689642	-0.00705362335499	0.0385860825728	-0.0137311668116	1.0	-0.0386307005964	0.0526618158721	-0.0130195101864	0.0104426280045	0.0041843680256	-0.0371448037528	-0.0513478312134	0.0288794054955	0.000649311642732	0.0131323581627	-0.0451378542719	0.0135466974956	0.019418728372	0.0151857724951	-0.0553928498876	-0.0954254071474	0.0190598423713	-0.0720839002631	0.000318947350911	0.0235713705915	-0.0705700435993	-0.00872864902403	-0.0154722558789	-0.000368444970929	-0.0123247741413	0.0103395523404	-0.0763469145117	0.00150968531699	-0.0483474439833	0.00193155398113	-0.084949195594	-0.00298371893284	-0.00704687427884	-0.0237360406065	-0.0010925631325	0.009864073212	-0.00206234413292	-0.0796780580866	0.0345608923935	-0.0246300241874	-0.0293840156319	0.0080422817546	0.0565633826689	-0.00790511740855	0.0195849249118	-0.0189974799775	0.000906334507901
k__Bacteria;p__Bacteroidetes;c__Bacteroidia;o__Bacteroidales;f__Bacteroidaceae;g__Bacteroides;s__Bacteroides_cellulosilyticus	0.0126210440655	-0.0302557645605	-0.0140043070012	0.0340585522701	0.00287682071071	-0.0543395737671	-0.0286114874949	0.0441026163653	-0.0393652116194	0.0195935638063	-0.00223988396761	-0.0386307005964	1.0	-0.0290257128899	0.0120174982193	-0.0242157851155	0.0289454990314	-0.0394528023797	-0.0183668660717	0.00738317528562	-0.046568501578	0.0214053215235	-0.0560129646854	0.0573977820349	0.0176192198979	0.00815094507754	-0.037937623937	0.0209943254235	-0.00587787149713	-0.0438740078468	0.00541033336344	-0.0392325877965	-0.0159644810784	-0.030140321376	0.0233447705987	-0.0193489793071	-0.0202644430414	0.000549030501259	-0.0327308074587	-0.0118661402132	-0.0141698364597	-0.02148918571	-0.0295618912145	0.0265257209	-0.0361046352684	-0.0578133531239	0.00456788608149	0.0220238739654	-0.013359410221	-0.0200007191173	-0.0200362649716	-0.0317460493539	-0.066018790303	-0.00262838707896	0.0101024386045	0.0267150620915	-0.00735009370703	-0.00502478155249	0.00882130565558
k__Bacteria;p__Bacteroidetes;c__Bacteroidia;o__Bacteroidales;f__Rikenellaceae;g__Alistipes;s__Alistipes_obesi	-0.00432062833339	-0.0715258427575	-0.0096137803729	-0.0332084893697	-0.0208578474482	-0.0240117144085	-0.040858093845	0.058360391581	-0.0654636485585	-0.0197248612433	0.000210300768339	0.0526618158721	-0.0290257128899	1.0	-0.0304441682405	0.0390471372999	0.0115185462555	-0.0500816907909	0.00533182004373	0.0266087129347	-0.0323209387327	0.0359626740775	-0.0374407758148	0.0442146525346	-0.0541441232421	-0.0270310924329	-0.0303952626458	-0.000988975830485	-0.0106689994257	0.00647590528428	0.0208675756244	0.0201746598382	-0.019219172372	-0.00866404988767	-0.0106272620901	0.0348825892422	0.00140530414403	0.0125388983818	-0.0216068583339	-0.0409187979206	-0.0463202209734	-0.0173243622483	-0.0439229253042	-0.0253445999962	0.0127911324807	-0.0175592292481	0.0126759524554	-0.000823014553301	0.0121003047574	0.00712296993702	-0.0150362984793	0.0154983937194	-0.0347430370243	-0.00761990347184	-0.0564732315649	-0.00745275582093	0.034175301199	-0.021589552826	-0.0111034342053
k__Bacteria;p__Firmicutes;c__Clostridia;o__Clostridiales;f__Lachnospiraceae;g__;s__[Eubacterium]_rectale	-0.0325959417037	0.00212141127239	0.0154580172713	-0.0177452826485	-0.0579934064171	-0.00362522411021	-0.0474322525697	0.0029403948181	-0.016571726105	-0.0114738208543	-0.0353368149667	-0.0130195101864	0.0120174982193	-0.0304441682405	1.0	0.0012235248003	-0.0364199192862	-0.047661796427	-0.0508079865148	-0.0126357154795	-0.036561784763	0.0212729733031	-0.000990800525887	-0.0040688880397	-0.00604859641452	-0.0559265868995	-0.000425976241031	0.00815301411722	0.0151192580558	-0.00185158906156	-0.0488883714182	-0.0248080538593	-0.0389019395167	-0.0324311871026	-0.0101419144361	-0.000189040870895	-0.0394163984761	-0.0106071763001	0.0029523626902	0.042149874038	0.00196216855455	0.00777256973273	0.0288879470185	-0.0191575602232	-0.0110832293251	0.00288656800136	0.0465144859349	-0.0954531361847	0.0736772269844	0.0242198338305	0.032794049738	0.0120866614022	0.045004938236	-0.0275906027741	-0.0240195017402	0.00864677689558	-0.00581423962835	-0.0267148804131	0.00202175616175
k__Bacteria;p__Bacteroidetes;c__Bacteroidia;o__Bacteroidales;f__Bacteroidaceae;g__Bacteroides;s__Bacteroides_plebeius	0.00568608686343	-0.0168464799172	-0.0148860826439	0.0312661889351	0.0287596207003	-0.00766704559596	-0.0432368922884	-0.0275282134094	-0.0162722563982	0.0348082379418	-0.0228650506776	0.0104426280045	-0.0242157851155	0.0390471372999	0.0012235248003	1.0	-0.0163996205534	0.0134069962684	0.0484591103947	0.0231820325733	0.0335889852374	-0.03513609602	-0.0182455719826	-0.00646667762301	-0.014360676394	-0.0391001864176	-0.0444610672912	-0.013372571337	0.00834710135964	-0.0196390130197	0.0306021899986	-0.0283740458936	-0.00783560786981	0.0646607444875	-0.0163919676471	-0.063530617945	-0.0289365045851	-0.0231043339803	-0.0310605640076	0.0366886085959	0.0429169870496	-0.0267512362842	-0.00803238161936	0.00369398892129	0.00440662963901	0.00794509895759	-0.0736481685999	0.076943563545	-0.0159761571766	0.039842240669	-0.0309835714987	0.0680856781363	-0.0325518012442	-0.00932757118405	-0.0364964232878	-0.0221703414201	-0.002345749566	-0.029814098272	0.0442311026864
k__Bacteria;p__Bacteroidetes;c__Bacteroidia;o__Bacteroidales;f__Bacteroidaceae;g__Bacteroides;s__Bacteroides_fragilis	-0.0157579082585	-0.0443410334174	0.0693976785426	0.0145575726453	-0.00377226925375	-0.0796204390989	-0.0336301162409	-0.0988777740018	-0.0082852728519	-0.00725778429951	-0.0321202537145	0.0041843680256	0.0289454990314	0.0115185462555	-0.0364199192862	-0.0163996205534	1.0	-0.0276294147278	-6.25880020043e-05	0.0303195300483	-0.0303001030483	-0.00519698825877	-0.0283007401812	-0.00325033245247	0.0234320930732	-0.038114256284	0.0577027451498	0.0363916530151	-0.0111239103759	-0.0111532799675	-0.00117806763965	-0.00279466659227	-0.025660541367	0.0117459442126	0.0262804616556	0.0188132697711	-0.0449407849848	-0.0129793400357	-0.0131718838132	-0.0161723924095	0.0637894800254	0.00273143666481	0.0492431629577	-0.0544918348875	-0.0514389808761	0.00736040675221	0.00980102435186	-0.0578983692146	0.0140971275965	-0.0321809210942	0.0393663009685	0.00843843436793	-0.073191403238	0.0360249195063	-0.0781596840127	0.0322294053823	0.00804321423582	0.027994962019	0.00635730361301
k__Bacteria;p__Proteobacteria;c__Betaproteobacteria;o__Burkholderiales;f__Sutterellaceae;g__Sutterella;s__Sutterella_wadsworthensis	-0.0390536836486	0.0538540047432	0.0194306708304	-4.81709529816e-05	0.0219120313256	-0.0351344500318	0.0136132878917	-0.027568184946	-0.00905803938232	0.0196163605037	-0.0319479411506	-0.0371448037528	-0.0394528023797	-0.0500816907909	-0.047661796427	0.0134069962684	-0.0276294147278	1.0	0.0336001058445	-0.00464311660146	-0.00963127333056	0.0175063157562	0.0440403448691	0.000312890485844	0.0880077334911	-0.0672437318671	-0.0111264290051	-0.0143197994461	0.0478964792502	-0.0239387521347	-0.00602651598781	-0.0558355758782	0.018483413208	0.0325844963536	-0.0432559372373	-0.0245184895689	-0.00556386577367	0.00366797061067	-0.0108730229128	0.053827855675	-0.035308395856	0.0327007054748	0.0127672217443	0.00725976504646	-0.0569803215523	0.0347457099157	-0.0527180298636	-0.0248679232597	-0.0293746107686	0.00561576075241	0.00612089551989	-0.0453453264496	0.0173387341225	-0.0132669700678	-0.0375856262525	-0.0135309763114	0.0380385174295	0.0399449254998	0.0148959042959
k__Bacteria;p__Bacteroidetes;c__Bacteroidia;o__Bacteroidales;f__Porphyromonadaceae;g__Barnesiella;s__Barnesiella_intestinihominis	0.0103482865908	0.0312150449119	-0.0438638272442	-0.0585925171683	-0.0239812661388	0.0107578151057	0.0144436437732	-0.0251971485863	0.0745965066786	0.0411788562982	0.0300022083192	-0.0513478312134	-0.0183668660717	0.00533182004373	-0.0508079865148	0.0484591103947	-6.25880020042e-05	0.0336001058445	1.0	0.0414078450125	-0.0274686457947	-0.0426885873424	0.0499599532821	-0.0685360706095	0.0558019506914	0.052517520314	-0.00456713149835	0.0117513963033	-0.0284440557063	-0.0489016240593	0.0463128728854	-0.0314162435051	0.0183900816561	0.0339976637804	0.00124109458802	-0.0352932862189	-0.0130622284199	0.0217409200337	0.0547829831875	0.0156134608691	-0.0441560008299	-0.0847154758123	-0.0668963439199	-0.0383974931607	-0.0175976988371	-0.0173338688655	-0.0524776732341	-0.0352968627507	-0.0728012143103	-0.0204954972396	-0.0398733953263	0.0284836549459	0.00990363396542	0.019264372597	-0.0924988122481	-0.0102660870237	0.0129075130068	-0.0371570812506	0.0290597838803
k__Bacteria;p__Bacteroidetes;c__Bacteroidia;o__Bacteroidales;f__Odoribacteraceae;g__Odoribacter;s__Odoribacter_splanchnicus	0.00906837405288	-0.0452718596092	0.0414717536037	-0.0183129238003	0.0183291328177	-0.0565404960494	0.0251742830615	-0.0282181378281	0.0287616243439	-0.0158797658116	0.0150173310915	0.0288794054955	0.00738317528562	0.0266087129347	-0.0126357154795	0.0231820325733	0.0303195300483	-0.00464311660146	0.0414078450125	1.0	0.0500210796741	-0.0256890015086	0.0563870875065	-0.0371007980999	0.0624861193503	0.0340142025756	-0.0378514683516	-0.0406578298047	0.00711406726177	-0.0269840431216	0.00235034840862	-0.0306839441323	0.0285261727407	-0.00479351643086	0.0103308181384	0.00963553563798	0.000222446158646	-0.04971281775	-0.0163959823551	-0.0743666037308	-0.0443547597875	-0.00466229702211	-0.0403719134614	-0.0275732220824	-0.0248106064241	-0.0407619899103	-0.00649786231828	-0.0635202881338	0.0529181478329	-0.0211308065131	-0.0111167763882	-0.0014463367533	-0.0702997641184	0.00304968986566	-0.056342970798	0.0943900153313	0.0618208508554	-0.028570924767	0.00967455752316
k__Bacteria;p__Bacteroidetes;c__Bacteroidia;o__Bacteroidales;f__Bacteroidaceae;g__Bacteroides;s__Bacteroides_salyersiae	0.0219910629928	-0.056921292363	-0.0249273497104	0.0174421957001	0.0371628898591	-0.0150033729869	-0.00789235539654	-0.0799918258098	-0.00152017708822	-0.030171889178	0.00187216007033	0.000649311642732	-0.046568501578	-0.0323209387327	-0.036561784763	0.0335889852374	-0.0303001030483	-0.00963127333056	-0.0274686457947	0.0500210796741	1.0	0.0144604721086	-0.0753747640764	-0.0526329600626	-0.0386474220469	0.0135053461135	-0.0152392198091	0.0238575994061	0.0295264400935	0.00486262741257	-0.0221811081448	0.0494156538398	-0.0202721834118	-0.00909702063953	-0.0530861338456	-0.0640705645079	0.0195907813163	-0.0143915643646	-0.0439744815044	0.0671127481483	0.043790643461	0.00917714299314	-0.00381691606227	-0.0419199271013	0.0144843654714	0.039468176061	-0.0210521528937	0.0359901646683	0.0305496927103	0.0502169059876	0.00977284127144	-0.00935009953471	-0.0123377573994	-0.039184872712	-0.016853196173	0.0424132743846	-0.00801683835608	0.0403465752022	-0.0303274746967
k__Bacteria;p__Firmicutes;c__Clostridia;o__Clostridiales;f__Ruminococcaceae;g__Ruminiclostridium;s__[Eubacterium]_siraeum	0.00841558827716	-0.0154734926846	0.0552403854939	-0.0207139878734	0.0438259400064	-0.0446210789864	0.00583701610727	0.00838410961563	0.00338725594808	-0.0383451326977	-0.072424118431	0.0131323581627	0.0214053215235	0.0359626740775	0.0212729733031	-0.03513609602	-0.00519698825877	0.0175063157562	-0.0426885873424	-0.0256890015086	0.0144604721086	1.0	-0.00889886822989	0.00065836046686	0.00343633577114	-0.0126563902515	0.0310172872063	-0.00882090026639	0.0241122442349	-0.0260995719076	-0.014343453249	-0.045758304059	0.015018899046	-0.0385934994419	-0.034485827461	-0.0134071631076	0.0285559339501	-0.0238012922112	-0.0315404332569	0.0176849425976	-0.0025325539339	0.00258441873858	-0.00632049044181	-0.00781361389131	0.00503971376716	-0.0200160267493	-0.068185480735	-0.0622210432845	-0.0130238988802	-0.00647085681136	-0.0164307274657	0.0189795040691	0.120460460307	0.00137003274396	-0.0606574689719	-0.0124370349249	-0.0360022397749	-0.0466077825305	-0.00793907168208
k__Bacteria;p__Proteobacteria;c__Betaproteobacteria;o__Burkholderiales;f__Sutterellaceae;g__Parasutterella;s__Parasutterella_excrementihominis	0.0645717122155	-0.0479062815255	-0.00635841472528	-0.0443710244437	0.0247720649863	0.0180719630829	-0.0348797404955	-0.00436973550722	0.0735762534381	-0.00300165427316	-0.0136602274448	-0.0451378542719	-0.0560129646854	-0.0374407758148	-0.000990800525887	-0.0182455719826	-0.0283007401812	0.0440403448691	0.0499599532821	0.0563870875065	-0.0753747640764	-0.00889886822989	1.0	-0.0405696210689	0.0197064948369	-0.0371374678731	-0.106164880667	0.100817637678	-0.0606072042399	0.00338323313729	-0.0143116066293	-0.0203843390081	-0.0421371234438	0.0265580815843	-0.0306933495864	-0.0199388339973	0.0191619044528	-0.00697094989782	-0.0172417807125	0.0145584588116	0.0105785445082	0.00536755075474	0.0570321718125	0.0364330103887	0.0310058360287	-0.0442047022916	0.0532837111434	-0.0462971162856	0.0634021757163	-0.0216539055363	0.0288252278179	-0.00783343868071	-0.0189156357406	-0.0964268817242	0.0160603508593	-0.0198902127529	0.000357816367387	-0.0444787248681	-0.0274733150771
k__Bacteria;p__Actinobacteria;c__Actinobacteria;o__Bifidobacteriales;f__Bifidobacteriaceae;g__Bifidobacterium;s__Bifidobacterium_adolescentis	0.0506362002875	-0.0249468070349	0.0399384242764	0.0453272598345	-0.0427552815133	-0.0774359844688	-0.0414994227078	-0.029094070964	-0.0292666659932	-0.00554680648109	-0.0477875994492	0.0135466974956	0.0573977820349	0.0442146525346	-0.0040688880397	-0.00646667762301	-0.00325033245247	0.000312890485844	-0.0685360706095	-0.0371007980999	-0.0526329600626	0.00065836046686	-0.0405696210689	1.0	0.0316075963047	-0.011858065615	-0.0263585639062	0.0424525515166	-0.0585804671261	0.0584855580097	0.034555893963	-0.0526482983496	-0.0825910752556	-0.00082237471834	-0.0236151452007	0.00132598927996	-0.0254039340491	-0.0188081011346	-0.0311593721987	-0.0511600688753	-0.0233438670527	0.0505361098805	0.0163765748767	-0.0263633311936	-0.0473179413552	-0.0463447084624	-0.00329085268394	-0.044710010058	0.025904400116	0.00552383894256	0.0405063200409	-0.0661688402148	0.00503472507707	-0.0801919162702	-0.0262421212612	-0.0207281578604	-0.00648189033108	0.0131553763684	-0.0326156209329
k__Bacteria;p__Firmicutes;c__Clostridia;o__Clostridiales;f__Oscillospiraceae;g__Oscillibacter;s__Oscillibacter_sp._KLE_1745	-0.0362683622228	0.000365257680746	-0.0550682966447	-0.015522928852	0.0257504112311	-0.0248832249323	0.0509881088883	-0.00442244632544	-0.083471325643	0.0219681282396	-0.0221958974748	0.019418728372	0.0176192198979	-0.0541441232421	-0.00604859641452	-0.014360676394	0.0234320930732	0.0880077334911	0.0558019506914	0.0624861193503	-0.0386474220469	0.00343633577114	0.0197064948369	0.0316075963047	1.0	-0.0406988070659	0.0378615696128	-0.0179750981188	-0.0435641236756	-0.0392107855576	0.00820362574578	0.0246977650431	0.00699049718524	-0.0055644220749	0.0190835495539	-0.00652737554472	0.0623810347505	-0.022822267707	0.0555911520618	0.011333475623	-0.0455635683682	0.0525101306649	-0.000860590960926	0.0126171168314	-0.073351141062	-0.036981010035	-0.0554250525567	-0.0981878789585	-0.0176780799663	-0.0551190535564	0.030766680273	-0.022661727452	-0.0462988833248	0.0351591640895	-0.0175497000071	0.00836265574419	0.00886157767598	-0.0196802317329	0.0206510546976
k__Bacteria;p__Bacteroidetes;c__Bacteroidia;o__Bacteroidales;f__Bacteroidaceae;g__Bacteroides;s__Bacteroides_coprophilus	-0.100383936605	-0.00712763574924	0.0751842998693	-0.0386061093733	-0.0123687567378	0.0354188640848	0.00100748069012	-0.00808462545612	0.0217711040432	-0.0141213061548	0.00360296910688	0.0151857724951	0.00815094507754	-0.0270310924329	-0.0559265868995	-0.0391001864176	-0.038114256284	-0.0672437318671	0.052517520314	0.0340142025756	0.0135053461135	-0.0126563902515	-0.0371374678731	-0.011858065615	-0.0406988070659	1.0	0.0144612512514	-0.0258787329503	-0.00456037691965	0.0181988343302	-0.0661324755354	0.00703027373203	-0.0300851271933	0.0459326980627	0.0211557539084	-0.00906989169288	-0.0301361411869	-0.0477642170278	-0.0746796916162	-0.00647115698938	-0.0562211811815	0.0418654304741	0.0158453710207	0.0641308757909	-0.0374623853295	-0.0318902421283	0.0330270998239	0.0139837874144	-0.00419450501135	-0.0351918353438	-0.0302242446956	-0.0614209738508	0.0115737942427	-0.029908529297	0.00769308370975	-0.0176288928406	-0.00878657435189	-0.0342323693881	0.0433781923189
k__Bacteria;p__Firmicutes;c__Clostridia;o__Clostridiales;f__Lachnospiraceae;g__Roseburia;s__Roseburia_intestinalis	0.0273259306212	0.059954345601	-0.023870679721	-0.0287483119345	-0.00109756171353	0.00206828103217	-0.0440158725957	-0.0406719708112	-0.067490511836	-0.0216673786966	0.04119966245	-0.0553928498876	-0.037937623937	-0.0303952626458	-0.000425976241031	-0.0444610672912	0.0577027451498	-0.0111264290051	-0.00456713149835	-0.0378514683516	-0.0152392198091	0.0310172872063	-0.106164880667	-0.0263585639062	0.0378615696128	0.0144612512514	1.0	-0.0142430231638	-0.0450920369713	-0.00949370019918	-0.000880027612485	-0.0186945454247	0.0291875960279	0.0186827828384	-0.0690166507944	0.0184538130796	-0.0350279218389	-0.0519538809597	-0.0575064567704	-0.0143750514779	-0.034141023331	0.0243180248908	0.00831566739059	0.02533457108	-0.0125173985524	-0.0446293570136	0.00636056469548	-0.0119238520432	-0.0107521039086	0.02566803438	-0.00697416786508	0.0397628259733	0.0173656544901	0.0251515801956	-0.000848403871827	-0.0220487182086	-0.036970365826	-0.0463781344518	-0.0304725631013
k__Bacteria;p__Firmicutes;c__Clostridia;o__Clostridiales;f__Lachnospiraceae;g__Roseburia;s__Roseburia_hominis	-0.0589021214932	0.0173852361224	0.00704725646905	0.0590194418155	0.00906810059532	0.027869360617	-0.00927127326106	-0.0429154257097	0.00878008323893	0.0267832052622	0.00472764163302	-0.0954254071474	0.0209943254235	-0.000988975830485	0.00815301411722	-0.013372571337	0.0363916530151	-0.0143197994461	0.0117513963033	-0.0406578298047	0.0238575994061	-0.00882090026639	0.100817637678	0.0424525515166	-0.0179750981188	-0.0258787329503	-0.0142430231638	1.0	-0.0223643066843	-0.0287205292145	0.0481380196096	-0.0252693002545	0.0522546846559	-0.0276144657384	-0.0131109630147	0.00821056908573	-0.0332048663592	0.0590136903547	0.021386616242	0.0158323464921	-0.0286568186883	-0.00838207762523	0.02711160023	-0.0856010839371	0.0149927985293	-0.0101490641238	-0.0548364919965	-0.0137202573536	0.0716149868212	0.00545607059764	-0.0122598038492	0.003402853793	0.0161429235784	0.0150244545544	-0.05781684027	-0.0247668067748	-0.082130021664	-0.0198008549916	0.0111428992723
k__Bacteria;p__Bacteroidetes;c__Bacteroidia;o__Bacteroidales;f__Porphyromonadaceae;g__Parabacteroides;s__Parabacteroides_johnsonii	-0.0124019027707	-0.0360973773691	-0.0183831856022	-0.04124109625	0.0158822178758	-0.0469221399706	0.0277836734535	0.00576785201562	-0.0405719481714	-0.0444774548424	0.014801734123	0.0190598423713	-0.00587787149713	-0.0106689994257	0.0151192580558	0.00834710135964	-0.0111239103759	0.0478964792502	-0.0284440557063	0.00711406726177	0.0295264400935	0.0241122442349	-0.0606072042399	-0.0585804671261	-0.0435641236756	-0.00456037691965	-0.0450920369713	-0.0223643066843	1.0	0.0080038293408	0.0295240014912	-0.0125000605758	-0.0571185306027	0.0163809260816	-0.0557552611548	-0.0287794437235	-0.00115608129551	-0.00489333901116	0.0276898519509	-0.0654834402196	-0.0132946716133	-0.0215840564754	-0.0205554606416	-0.0154451266731	-0.00135133526771	-0.0451402084549	0.0161297076196	-0.00164225374719	-0.0800923210415	-0.0326106935176	0.0333864247128	0.0175993653102	0.00419828022443	0.028590009134	0.0332652581958	0.0553035281733	-0.0182084123258	0.0247879763039	-0.0143460794358
k__Bacteria;p__Actinobacteria;c__Actinobacteria;o__Bifidobacteriales;f__Bifidobacteriaceae;g__Bifidobacterium;s__Bifidobacterium_longum	-0.0723130823284	-0.00402127927895	0.0135532374244	0.0684739638345	0.0110285204593	-0.0231834882505	-0.0553952097457	0.0798987695422	-0.00961235689296	0.0805496373767	0.0254170986767	-0.0720839002631	-0.0438740078468	0.00647590528428	-0.00185158906156	-0.0196390130197	-0.0111532799675	-0.0239387521347	-0.0489016240593	-0.0269840431216	0.00486262741257	-0.0260995719076	0.00338323313729	0.0584855580097	-0.0392107855576	0.0181988343302	-0.00949370019918	-0.0287205292145	0.0080038293408	1.0	0.00482611037312	-0.0328650271133	-0.0523704817302	-0.0135597023924	-0.000406500799194	-0.0346272734149	-0.0224598742658	-0.0668702976772	-0.00180580384189	-0.00243277735996	0.0480702704796	0.0589873573756	0.0305846106022	-0.0504840196223	-0.0477036076966	0.0172477206188	0.0280427731113	0.013703389566	-0.0206377104867	-0.0497116409562	0.0347945361366	-0.0278137446132	-0.011752822222	-0.0257139695275	0.0586239482964	-0.0156067606869	0.0190745166435	0.000226374933159	-0.0279975131384
