#taxonomy	k__Bacteria;p__Bacteroidetes;c__Bacteroidia;o__Bacteroidales;f__Bacteroidaceae;g__Bacteroides;s__Bacteroides_vulgatus	k__Bacteria;p__Bacteroidetes;c__Bacteroidia;o__Bacteroidales;f__Bacteroidaceae;g__Bacteroides;s__Bacteroides_uniformis	k__Bacteria;p__Bacteroidetes;c__Bacteroidia;o__Bacteroidales;f__Rikenellaceae;g__Alistipes;s__Alistipes_putredinis	k__Bacteria;p__Bacteroidetes;c__Bacteroidia;o__Bacteroidales;f__Prevotellaceae;g__Prevotella;s__Prevotella_copri	k__Bacteria;p__Bacteroidetes;c__Bacteroidia;o__Bacteroidales;f__Bacteroidaceae;g__Bacteroides;s__Bacteroides_stercoris	k__Bacteria;p__Bacteroidetes;c__Bacteroidia;o__Bacteroidales;f__Bacteroidaceae;g__Bacteroides;s__Bacteroides_ovatus	k__Bacteria;p__Bacteroidetes;c__Bacteroidia;o__Bacteroidales;f__Rikenellaceae;g__Alistipes;s__Alistipes_shahii	k__Bacteria;p__Firmicutes;c__Clostridia;o__Clostridiales;f__Ruminococcaceae;g__Faecalibacterium;s__Faecalibacterium_prausnitzii	k__Bacteria;p__Bacteroidetes;c__Bacteroidia;o__Bacteroidales;f__Rikenellaceae;g__Alistipes;s__Alistipes_finegoldii	k__Bacteria;p__Bacteroidetes;c__Bacteroidia;o__Bacteroidales;f__Porphyromonadaceae;g__Parabacteroides;s__Parabacteroides_distasonis	k__Bacteria;p__Bacteroidetes;c__Bacteroidia;o__Bacteroidales;f__Bacteroidaceae;g__Bacteroides;s__Bacteroides_thetaiotaomicron	k__Bacteria;p__Bacteroidetes;c__Bacteroidia;o__Bacteroidales;f__Bacteroidaceae;g__Bacteroides;s__Bacteroides_coprocola	k__Bacteria;p__Bacteroidetes;c__Bacteroidia;o__Bacteroidales;f__Bacteroidaceae;g__Bacteroides;s__Bacteroides_cellulosilyticus	k__Bacteria;p__Bacteroidetes;c__Bacteroidia;o__Bacteroidales;f__Rikenellaceae;g__Alistipes;s__Alistipes_obesi	k__Bacteria;p__Firmicutes;c__Clostridia;o__Clostridiales;f__Lachnospiraceae;g__;s__[Eubacterium]_rectale	k__Bacteria;p__Bacteroidetes;c__Bacteroidia;o__Bacteroidales;f__Bacteroidaceae;g__Bacteroides;s__Bacteroides_plebeius	k__Bacteria;p__Bacteroidetes;c__Bacteroidia;o__Bacteroidales;f__Bacteroidaceae;g__Bacteroides;s__Bacteroides_fragilis	k__Bacteria;p__Proteobacteria;c__Betaproteobacteria;o__Burkholderiales;f__Sutterellaceae;g__Sutterella;s__Sutterella_wadsworthensis	k__Bacteria;p__Bacteroidetes;c__Bacteroidia;o__Bacteroidales;f__Porphyromonadaceae;g__Barnesiella;s__Barnesiella_intestinihominis	k__Bacteria;p__Bacteroidetes;c__Bacteroidia;o__Bacteroidales;f__Odoribacteraceae;g__Odoribacter;s__Odoribacter_splanchnicus	k__Bacteria;p__Bacteroidetes;c__Bacteroidia;o__Bacteroidales;f__Bacteroidaceae;g__Bacteroides;s__Bacteroides_salyersiae	k__Bacteria;p__Firmicutes;c__Clostridia;o__Clostridiales;f__Ruminococcaceae;g__Ruminiclostridium;s__[Eubacterium]_siraeum	k__Bacteria;p__Proteobacteria;c__Betaproteobacteria;o__Burkholderiales;f__Sutterellaceae;g__Parasutterella;s__Parasutterella_excrementihominis	k__Bacteria;p__Actinobacteria;c__Actinobacteria;o__Bifidobacteriales;f__Bifidobacteriaceae;g__Bifidobacterium;s__Bifidobacterium_adolescentis	k__Bacteria;p__Firmicutes;c__Clostridia;o__Clostridiales;f__Oscillospiraceae;g__Oscillibacter;s__Oscillibacter_sp._KLE_1745	k__Bacteria;p__Bacteroidetes;c__Bacteroidia;o__Bacteroidales;f__Bacteroidaceae;g__Bacteroides;s__Bacteroides_coprophilus	k__Bacteria;p__Firmicutes;c__Clostridia;o__Clostridiales;f__Lachnospiraceae;g__Roseburia;s__Roseburia_intestinalis	k__Bacteria;p__Firmicutes;c__Clostridia;o__Clostridiales;f__Lachnospiraceae;g__Roseburia;s__Roseburia_hominis	k__Bacteria;p__Bacteroidetes;c__Bacteroidia;o__Bacteroidales;f__Porphyromonadaceae;g__Parabacteroides;s__Parabacteroides_johnsonii	k__Bacteria;p__Actinobacteria;c__Actinobacteria;o__Bifidobacteriales;f__Bifidobacteriaceae;g__Bifidobacterium;s__Bifidobacterium_longum	k__Bacteria;p__Firmicutes;c__Clostridia;o__Clostridiales;f__;g__Flavonifractor;s__Flavonifractor_plautii	k__Bacteria;p__Firmicutes;c__Clostridia;o__Clostridiales;f__Clostridiaceae;g__Clostridium;s__Clostridium_phoceensis	k__Bacteria;p__Verrucomicrobia;c__Verrucomicrobiae;o__Verrucomicrobiales;f__Akkermansiaceae;g__Akkermansia;s__Akkermansia_muciniphila	k__Bacteria;p__Bacteroidetes;c__Bacteroidia;o__Bacteroidales;f__Prevotellaceae;g__Paraprevotella;s__Paraprevotella_xylaniphila	k__Bacteria;p__Firmicutes;c__Clostridia;o__Clostridiales;f__Ruminococcaceae;g__Ruminococcus;s__Ruminococcus_callidus	k__Bacteria;p__Bacteroidetes;c__Bacteroidia;o__Bacteroidales;f__Rikenellaceae;g__Alistipes;s__Alistipes_senegalensis	k__Bacteria;p__Firmicutes;c__Clostridia;o__Clostridiales;f__Lachnospiraceae;g__Blautia;s__Blautia_sp._KLE_1732	k__Bacteria;p__Bacteroidetes;c__Bacteroidia;o__Bacteroidales;f__Bacteroidaceae;g__Bacteroides;s__Bacteroides_oleiciplenus	k__Bacteria;p__Firmicutes;c__Clostridia;o__Clostridiales;f__Ruminococcaceae;g__Ruminococcus;s__Ruminococcus_bicirculans	k__Bacteria;p__Bacteroidetes;c__Bacteroidia;o__Bacteroidales;f__Bacteroidaceae;g__Bacteroides;s__Bacteroides_fluxus	k__Bacteria;p__Bacteroidetes;c__Bacteroidia;o__Bacteroidales;f__Prevotellaceae;g__Prevotella;s__Prevotella_stercorea	k__Bacteria;p__Firmicutes;c__Clostridia;o__Clostridiales;f__Lachnospiraceae;g__Dorea;s__Dorea_longicatena	k__Bacteria;p__Firmicutes;c__Clostridia;o__Clostridiales;f__Eubacteriaceae;g__Eubacterium;s__[Eubacterium]_eligens	k__Bacteria;p__Firmicutes;c__Clostridia;o__Clostridiales;f__Ruminococcaceae;g__;s__Ruminococcaceae_bacterium_D16	k__Bacteria;p__Firmicutes;c__Clostridia;o__Clostridiales;f__Lachnospiraceae;g__Coprococcus;s__Coprococcus_comes	k__Bacteria;p__Proteobacteria;c__Gammaproteobacteria;o__Enterobacterales;f__Enterobacteriaceae;g__Escherichia;s__Escherichia_coli	k__Bacteria;p__Firmicutes;c__Clostridia;o__Clostridiales;f__Ruminococcaceae;g__Anaerotruncus;s__Anaerotruncus_colihominis	k__Bacteria;p__Firmicutes;c__Clostridia;o__Clostridiales;f__Lachnospiraceae;g__Blautia;s__Blautia_obeum	k__Bacteria;p__Bacteroidetes;c__Bacteroidia;o__Bacteroidales;f__Odoribacteraceae;g__Odoribacter;s__Odoribacter_laneus	k__Bacteria;p__Firmicutes;c__Clostridia;o__Clostridiales;f__Ruminococcaceae;g__Ruminiclostridium;s__[Clostridium]_leptum	k__Bacteria;p__Bacteroidetes;c__Bacteroidia;o__Bacteroidales;f__Porphyromonadaceae;g__Parabacteroides;s__Parabacteroides_goldsteinii	k__Bacteria;p__Firmicutes;c__Clostridia;o__Clostridiales;f__Lachnospiraceae;g__Anaerostipes;s__Anaerostipes_hadrus	k__Bacteria;p__Firmicutes;c__Clostridia;o__Clostridiales;f__Ruminococcaceae;g__Ruminococcus;s__Ruminococcus_lactaris	k__Bacteria;p__Firmicutes;c__Clostridia;o__Clostridiales;f__Clostridiaceae;g__Clostridium;s__Clostridium_sp._L2-50	k__Bacteria;p__Firmicutes;c__Clostridia;o__Clostridiales;f__Clostridiaceae;g__Clostridium;s__Clostridium_sp._M62/1	k__Bacteria;p__Firmicutes;c__Clostridia;o__Clostridiales;f__;g__Intestinimonas;s__Intestinimonas_butyriciproducens	k__Bacteria;p__Actinobacteria;c__Actinobacteria;o__Bifidobacteriales;f__Bifidobacteriaceae;g__Bifidobacterium;s__Bifidobacterium_bifidum	k__Bacteria;p__Firmicutes;c__Negativicutes;o__Veillonellales;f__Veillonellaceae;g__Dialister;s__Dialister_invisus	k__Bacteria;p__Bacteroidetes;c__Bacteroidia;o__Bacteroidales;f__Bacteroidaceae;g__Bacteroides;s__Bacteroides_salanitronis
k__Bacteria;p__Bacteroidetes;c__Bacteroidia;o__Bacteroidales;f__Bacteroidaceae;g__Bacteroides;s__Bacteroides_vulgatus	1.0	-0.011035529924	0.00172547878021	0.00897814812493	-0.0262129513489	0.0132362129225	-0.0233225250822	-0.0439948689575	-0.0412290960824	-0.0366317122085	-0.00216475797011	0.00468539606405	-0.0341176227329	-0.0168688979466	-0.00513676309925	-0.0217647382761	-0.0402760881482	0.0663779527131	0.0546266280809	0.0650283989615	-0.0487070186668	-0.0211080467049	0.0133249511604	0.057336258306	-0.0270605370904	-0.0757730699459	0.0183104403753	0.0170639692724	-0.0472597201042	0.0507767216275	-0.0448720002524	-0.00134724048408	0.0241335481303	-0.0388169246948	0.0453472911507	0.0160554265877	-0.00434248248672	-0.013695763844	-0.0184205752872	-0.0247482973844	0.037525703838	0.0324345856172	-0.0427347031643	-0.00349936059545	-0.0136360545859	-0.0322124353926	-0.0290408346289	0.0334454395676	0.0498623352266	0.020994909256	-0.0296548492837	0.0168706102831	-0.0394789495442	-0.0524589979599	-0.0809522495083	-0.0236093558593	-0.0070540893122	0.0805266606746	-0.00501459221137
k__Bacteria;p__Bacteroidetes;c__Bacteroidia;o__Bacteroidales;f__Bacteroidaceae;g__Bacteroides;s__Bacteroides_uniformis	-0.011035529924	1.0	0.0143018726913	-0.0673575126889	-0.0607098872198	-0.0109478465871	0.000316940010245	-0.0116554351398	-0.0628294069301	0.0185860010747	0.0238385949446	0.0282212045531	-0.00753385886311	-0.042279751456	-0.0797197465655	-0.0204404715631	-2.05706632707e-05	-0.0342127315581	-0.0121225439455	0.0103181381981	0.0698744158004	-0.00608352675406	-0.0120793555761	0.0292984393165	0.00846804414957	-0.0272232819844	-0.0478668101939	0.00608358609061	0.0408160615518	0.00990485603349	-0.0274283827928	-0.00680124997935	0.0109534902324	-0.00567757867776	-0.0254653643446	-0.0542443983023	-0.0794196917099	0.0230044229505	-0.00883930321421	-0.0440184461553	-0.0302707140094	-0.000984440281686	0.0045302897046	0.00985420622482	0.00855558983296	-0.00983481378131	-0.000734603480163	-0.052000332047	0.000756459686219	-0.018949543904	-0.00757176447256	0.021266679386	0.0282030808766	-0.0164113710261	0.0600065393196	-0.0160105581501	-0.00660384818755	-0.0411634344786	0.0142651086371
k__Bacteria;p__Bacteroidetes;c__Bacteroidia;o__Bacteroidales;f__Rikenellaceae;g__Alistipes;s__Alistipes_putredinis	0.00172547878021	0.0143018726913	1.0	-0.0113014658705	0.000470848607567	-0.000508948576508	0.01339030429	-0.0826009690533	0.118371348533	0.0112409021779	0.0115088417152	-0.0416530585465	-0.0290927778181	-0.0472329317158	-0.0552374844927	-0.0301533176548	-0.018721689668	0.0350544378955	0.00584473801692	-0.0583459138818	-0.0346212370246	0.00312812143735	0.0193013822609	-0.023193349974	0.0210911547966	-0.0583518203882	0.0331276343798	-0.0162360996887	-0.058973151554	-0.0290384896689	-0.0300881135839	-0.0448864672358	0.0555451014628	0.00484067904667	-0.0166581447991	-0.0589089085199	0.0189237822127	-0.0108851781402	-0.00964106444845	-0.0342051322615	-0.0449015256757	-0.0254938466436	0.0835874081508	-0.0739900398865	0.00649459637942	-0.00513122257385	-0.0309477125235	-0.0204682440625	-0.0317101609005	-0.0517061941103	-0.000684069348892	-0.0587209385756	0.0319914866546	0.0557397119872	0.0225239178155	0.0370657943397	-0.0325006620569	-0.0524803613679	0.0984143572806
k__Bacteria;p__Bacteroidetes;c__Bacteroidia;o__Bacteroidales;f__Prevotellaceae;g__Prevotella;s__Prevotella_copri	0.00897814812493	-0.0673575126889	-0.0113014658705	1.0	0.0628691678275	0.0203706159593	0.0301758916169	-0.0245939793755	-0.00850839826478	-0.0660943944692	0.0630529045602	-0.00423754493133	0.04212587977	-0.0989009011506	0.0638432524382	-0.00824907859826	-0.0311152823273	0.0190115008803	0.0286657326521	-0.00738162023727	-0.0401697911374	0.0310997633313	0.0259463149723	-0.0124692818433	-0.0332846991273	0.00861673041107	-0.054688483792	-0.0447116241262	0.0428461913403	-0.0168978589931	-0.0951873505186	0.0282183944205	-0.0409379432881	0.00908507342926	0.0177977495242	-0.048779371574	0.0346011401341	-0.0161787267493	0.0366232846655	0.030614547035	-0.0680202074628	-0.0343105935463	-0.023988053368	-0.0325040654276	-0.0127217484519	-0.00403691087461	0.0113948816209	-0.00855496474403	-0.0568010718892	-0.0798446102797	0.0103493727573	0.0250052701681	0.0181750158811	-0.0130028728858	0.00754835134781	-0.0475762476496	-0.0227900601925	0.0400026120623	-0.0212405926432
k__Bacteria;p__Bacteroidetes;c__Bacteroidia;o__Bacteroidales;f__Bacteroidaceae;g__Bacteroides;s__Bacteroides_stercoris	-0.0262129513489	-0.0607098872198	0.000470848607567	0.0628691678275	1.0	-0.00169192406852	-0.0414138233697	0.0402718844409	-0.00185171108695	0.0565673460038	-0.0196988436008	0.0244122811489	0.011477555271	0.00349440619204	0.010562322248	0.0170376097056	-0.0227834178973	0.0112641083079	-0.00965857320586	-0.0390841628769	-0.0125038438137	-0.00883596394085	-0.000714714625689	0.0432628515945	0.0399613077499	0.0501242949945	-0.00726229625216	0.0282177930804	0.00231106733412	0.0377297512686	0.0189307166953	-0.0156781439602	-0.000567541755664	0.0155999435699	-0.0185345834764	-0.00482176423295	-0.0711213914712	-0.0288370070483	-0.0139438984673	-0.0115454515083	0.041785912003	-0.00487648721474	-0.0222742285239	-0.0577904351052	0.00697523450347	-0.0201275949473	-0.0366424252358	0.0296897120847	0.032772462578	-0.0323725827215	-0.0288141390552	-0.0140010560629	0.0287724784425	-0.00878749467359	-0.026054226603	0.0594475424897	-0.070374687094	-0.0355547450961	-0.0745737695299
k__Bacteria;p__Bacteroidetes;c__Bacteroidia;o__Bacteroidales;f__Bacteroidaceae;g__Bacteroides;s__Bacteroides_ovatus	0.0132362129225	-0.0109478465871	-0.000508948576508	0.0203706159593	-0.00169192406852	1.0	-0.000262739951118	-0.0293980303549	0.0331465269653	-0.0433961898949	-0.0259368743551	-0.0629590065051	-0.0840650222408	0.0231202752211	-0.0351207210667	-0.00839181855339	-0.00348604798155	0.0119119252253	-0.021366031974	0.0306180672888	-0.00587204151714	0.0240073068803	-0.0462568530618	-0.00758477325936	-0.0320018125364	-0.0128368437559	-0.0279793839309	0.00154083636934	0.0168547207063	-0.0134136184518	-0.0754327735362	-0.0469224179946	0.0125583249573	-0.039320302645	-0.0356010015193	0.0812312132223	0.0464780843212	-0.0286337735557	-0.0293284489668	0.0103821965314	-0.0513729791565	-0.0363233901247	0.00976358623231	0.0239816054921	0.0546231941987	0.0260856188425	0.054808109733	-0.0254236268385	0.00902328627788	-0.0421219537983	0.022545162	-0.0383425750537	-0.0288145584796	0.088443582385	-0.0352233586002	0.0382745155227	-0.0447568158077	-0.0413753591136	-0.0184361669578
k__Bacteria;p__Bacteroidetes;c__Bacteroidia;o__Bacteroidales;f__Rikenellaceae;g__Alistipes;s__Alistipes_shahii	-0.0233225250822	0.000316940010245	0.01339030429	0.0301758916169	-0.0414138233697	-0.000262739951118	1.0	-0.0774373305978	-0.0272457161069	-0.0800779157135	-0.0776764665845	-0.0198259065668	-0.0337195850152	-0.0228793487795	-0.0397131681547	-0.0470088735152	0.0186709598928	-0.0283715525115	-0.0166486405339	-0.0330835861522	0.0319521647486	-0.0213395751044	-0.0169593078934	-0.0295459766284	0.050628596452	-0.0310233166477	-0.00719135493549	0.0437866325088	-0.0270930528665	-0.0228567898376	0.0794400388786	0.0346968163178	-0.0126782650626	0.0176996479625	0.0297264026704	0.0188523623661	0.0303083380887	-0.0106794702026	-0.00935358484775	-0.0304817700801	-0.00773038690143	-0.011886267409	-0.0476166018235	-0.00620392934022	0.00411227372965	0.0504404604675	-0.000709895977205	-0.0581543336326	0.0555752067271	-0.0295870106972	-0.01266509863	-0.0212358517075	0.0225921685539	-0.0120509674014	-0.000737496659816	-0.00270866953297	-0.0160533849617	0.0102516776188	-0.00305400262828
k__Bacteria;p__Firmicutes;c__Clostridia;o__Clostridiales;f__Ruminococcaceae;g__Faecalibacterium;s__Faecalibacterium_prausnitzii	-0.0439948689575	-0.0116554351398	-0.0826009690533	-0.0245939793755	0.0402718844409	-0.0293980303549	-0.0774373305978	1.0	-0.0178235447663	-0.00437565960031	-0.00726783198879	0.029074238109	0.00646812376231	-0.00378207009153	0.0246698525327	0.049862370502	0.0374085007104	-0.0511633270448	-0.0113181172133	-0.0223098496209	-0.00607703165637	-0.0315654516154	0.00103216001012	0.0142621463196	-0.0378370746267	0.0285242542016	-0.0734669955843	-0.0682554096155	-0.0362896553328	0.00793209756055	0.0367373337254	0.0709562046624	-0.0740449173063	0.0691356443788	-0.0484647850097	-0.0550231284721	-0.0454754676241	0.00637214175063	-0.015678548097	0.0095601469304	0.00530687393584	-0.0421833441876	0.0162721659584	0.0342196294059	0.0199832771507	-0.0575090553542	-0.053542101756	-0.0334183863647	-0.0182557047963	0.00678020226804	0.0537069148349	-0.00917713751601	-0.0131069469093	0.0311042391104	0.0396886005026	-0.0280120492107	-0.0628148505246	0.0672010610525	-0.00970611710027
k__Bacteria;p__Bacteroidetes;c__Bacteroidia;o__Bacteroidales;f__Rikenellaceae;g__Alistipes;s__Alistipes_finegoldii	-0.0412290960824	-0.0628294069301	0.118371348533	-0.00850839826478	-0.00185171108695	0.0331465269653	-0.0272457161069	-0.0178235447663	1.0	0.041134279979	-0.0691583205288	-0.0419819583982	0.0169207444269	-0.0200517392237	-0.0251617922038	-0.0212676232804	0.0335908400359	-0.0229137990693	0.00414818752404	-0.0186230899461	0.018965746042	-0.0142492131548	-0.0187607688722	0.0306647453555	0.0102673477365	-0.00801651050288	0.0228420600471	-0.0236626152784	-0.00560857862656	-0.0194333886001	-0.0456245467597	-0.0176798169755	-0.0422458413612	0.0062529235625	-0.0573336184273	-0.0102991738414	0.0324629453356	0.0581414439702	-0.000612825509406	0.00822811840543	0.0319964145724	0.0455395777016	0.0410469727689	-0.0396965138848	-0.0393014277096	-0.0101429002014	-0.023758792864	-0.00140412398734	-0.026259055295	-0.00170220252883	-0.0227655059503	-0.0240980160106	0.0249094483826	0.0199384322821	0.0325249974244	0.0156450509428	-0.0144264788246	-0.00814015497174	-0.0281794753156
k__Bacteria;p__Bacteroidetes;c__Bacteroidia;o__Bacteroidales;f__Porphyromonadaceae;g__Parabacteroides;s__Parabacteroides_distasonis	-0.0366317122085	0.0185860010747	0.0112409021779	-0.0660943944692	0.0565673460038	-0.0433961898949	-0.0800779157135	-0.00437565960031	0.041134279979	1.0	-0.0053643881017	-0.0528364575543	-0.025720278582	0.0152625966325	-0.0846576243284	0.00103041696732	0.0332274946425	0.00175474219093	-0.0386101975914	-0.0218733696912	0.00981594349057	0.0589114407352	0.00179363941586	-0.0417813920028	0.027157483611	0.0567953796071	-0.0089041863864	-0.00319055736595	0.0169238534957	-0.00397489483526	0.0193788684332	-0.0237628397438	-0.00645068809021	-0.0301332814833	-0.0505027833684	0.0124715319025	-0.0100452508338	0.0202530282399	-0.00061203676913	-0.0581146256298	-0.0601932358974	0.0124407649521	-0.026581581744	-0.0374684214802	-0.0157233983556	0.0398463695913	0.0316893180067	-0.0425933533378	-0.0123644446759	-0.0100068316761	-0.0624943400364	0.024180171592	-0.0258089479583	-0.0157806770351	0.00441099347842	-0.0274826108134	-0.00110204767087	0.0644872988806	-0.0105186943726
k__Bacteria;p__Bacteroidetes;c__Bacteroidia;o__Bacteroidales;f__Bacteroidaceae;g__Bacteroides;s__Bacteroides_thetaiotaomicron	-0.00216475797011	0.0238385949446	0.0115088417152	0.0630529045602	-0.0196988436008	-0.0259368743551	-0.0776764665845	-0.00726783198879	-0.0691583205288	-0.0053643881017	1.0	-0.0294744854154	-0.0387169227707	-0.0236374261418	0.060732118568	-0.0358686233684	-0.0109789591026	-0.000257520977955	0.000850795632723	0.0711134469421	0.0161159592423	0.0292260946192	-0.00406133096593	0.0535251684202	-0.0251318703204	-0.0243785318493	0.00209470531462	0.0154257461047	0.0121887933426	0.035245841846	0.0245023795617	0.00546357238612	0.0645510574251	-0.00322751506614	-0.0781094772965	0.0329924860831	-0.0362068082792	-0.0250857815702	-0.00478665412288	-0.063142087506	-0.0259696240516	-0.0460862204689	0.00814437346083	-0.0796733880302	-0.000580245603229	-0.0588168887055	0.0791091091315	-0.00666668326736	0.0336751142039	0.00306408804311	0.0269170296572	0.00232613041894	-0.0790321055719	-0.0288071590971	-0.00930550167334	-0.0141845571846	-0.0328006884923	-0.0107737308399	-0.0195818828671
k__Bacteria;p__Bacteroidetes;c__Bacteroidia;o__Bacteroidales;f__Bacteroidaceae;g__Bacteroides;s__Bacteroides_coprocola	0.00468539606405	0.0282212045531	-0.0416530585465	-0.00423754493133	0.0244122811489	-0.0629590065051	-0.0198259065668	0.029074238109	-0.0419819583982	-0.0528364575543	-0.0294744854154	1.0	0.031608512057	-0.00792366765014	-0.00896718311788	0.0476590059123	-0.0418994866053	0.0409247004679	-0.00870264940802	0.0302857606315	-0.04898306118	-0.0240656970757	-0.007841796215	-0.0155627931069	0.0480510202578	-0.00233577611562	0.00935754812423	-0.0075063302698	-0.0010951926058	-0.0424817927707	0.047626274349	-0.00512334440985	0.0382200703838	-0.00914090863515	0.0201488178274	0.0302399662707	-0.0205686043327	0.0581243124543	-0.0387285988649	-0.0253050388775	0.0199350139688	0.00323073997221	0.0266122959165	0.0494990200062	0.0536116711889	-0.0467069536156	0.0152775463521	-0.0611735280854	0.0389508222475	0.0631885386881	-0.01252717134	-0.0284107719743	0.0433498466035	-0.0132751737629	-0.0608672506133	-0.0111527312044	0.0518753545247	0.00527061114973	0.0157822947037
k__Bacteria;p__Bacteroidetes;c__Bacteroidia;o__Bacteroidales;f__Bacteroidaceae;g__Bacteroides;s__Bacteroides_cellulosilyticus	-0.0341176227329	-0.00753385886311	-0.0290927778181	0.04212587977	0.011477555271	-0.0840650222408	-0.0337195850152	0.00646812376231	0.0169207444269	-0.025720278582	-0.0387169227707	0.031608512057	1.0	0.0105618860535	-0.0202089512076	0.00108725607171	0.0569347177523	-0.0431974454572	-0.0273647960164	-0.00586380389119	0.0570206860197	-0.0398317340781	0.0230456475603	-0.0222815771985	-0.0555266830174	-0.039912862026	0.0412915610507	0.0392255120671	-0.00621812978835	-0.013337154667	0.00159204990386	0.0242520995226	-0.069376864523	-0.00684228016922	-0.0120302163081	0.000371371167717	-0.0235472356966	0.0167649622297	0.0253869909467	0.00472986085817	-0.00258416878205	-0.0281736440292	0.0316418039253	-0.0487499946288	-0.000831976271619	-0.00725944483864	-0.0261524387657	-0.0452585021964	0.00371794061194	0.0307122955714	0.00451280362321	0.0367685322254	0.0145669683191	0.060914197383	0.00884623983564	-0.0321068652561	0.0156300726214	-0.068538423039	0.000927116100845
k__Bacteria;p__Bacteroidetes;c__Bacteroidia;o__Bacteroidales;f__Rikenellaceae;g__Alistipes;s__Alistipes_obesi	-0.0168688979466	-0.042279751456	-0.0472329317158	-0.0989009011506	0.00349440619204	0.0231202752211	-0.0228793487795	-0.00378207009153	-0.0200517392237	0.0152625966325	-0.0236374261418	-0.00792366765014	0.0105618860535	1.0	0.000398857878841	0.0498208561427	-0.0285789863687	-0.0152939093827	0.00856836648336	-0.0411432553807	-0.0363251093553	-0.0272935930582	0.0380006225465	-0.0314353417635	-0.00230249752674	0.0386046022348	-0.020710344758	-0.0315439056627	-0.00724813209549	-0.0338982229821	-0.0182104238213	0.00463690762423	-0.0182269696605	0.0163954431486	0.018423039123	0.0716460425605	-0.023780811947	-0.0380220010485	-0.00258370998044	0.0156375489537	-0.0541576913773	-0.0075156497659	-0.0624273855459	-0.0304854874698	0.0543037629206	0.0246454816326	-0.038851153811	-0.0293298468395	0.0280301173363	-0.0197806538988	0.00453350504191	0.0326568944923	0.015387238099	-0.0163376863435	-0.0359052428019	0.0471048263311	0.0301403204118	-0.0194052881159	0.0426503055898
k__Bacteria;p__Firmicutes;c__Clostridia;o__Clostridiales;f__Lachnospiraceae;g__;s__[Eubacterium]_rectale	-0.00513676309925	-0.0797197465655	-0.0552374844927	0.0638432524382	0.010562322248	-0.0351207210667	-0.0397131681547	0.0246698525327	-0.0251617922038	-0.0846576243284	0.060732118568	-0.00896718311788	-0.0202089512076	0.000398857878841	1.0	0.00488839330423	0.00458018573862	-0.0130384012308	0.0170870666035	-0.00070374851319	-0.0435704418308	-0.0395776754127	0.0255239225099	-0.0360044079135	-0.0101372898119	-0.0763580693669	-0.0395783226526	-0.0711491745037	0.0490142825687	-0.00953711663239	0.00183041388514	0.0031811523721	-0.0675414921834	-0.0398672727655	-0.0453143986043	-0.00138605241302	-0.0162102636288	-0.0450189182109	0.014876979659	0.0183437894241	0.0358673312469	-0.0370984150741	-0.0174003614217	-0.0378024128014	0.00129343668602	-0.00937925243722	-0.0498314159576	0.0110434765999	0.033677500071	0.000524708913943	-0.0619938436004	0.0390759415472	0.00323907468746	-0.0471641348194	-0.0130881038494	-0.0191857768087	0.0216898567523	-0.0576373238131	-0.0382582279171
k__Bacteria;p__Bacteroidetes;c__Bacteroidia;o__Bacteroidales;f__Bacteroidaceae;g__Bacteroides;s__Bacteroides_plebeius	-0.0217647382761	-0.0204404715631	-0.0301533176548	-0.00824907859826	0.0170376097056	-0.00839181855339	-0.0470088735152	0.049862370502	-0.0212676232804	0.00103041696732	-0.0358686233684	0.0476590059123	0.00108725607171	0.0498208561427	0.00488839330423	1.0	0.00230232176187	-0.0287637945889	-0.00186562587388	0.035114706251	-0.0221558585568	-0.0745610097886	-0.0122222728372	-0.0478982721562	0.018616150678	0.0526254512752	-0.0185436223418	0.00165586040533	0.0121557988653	-0.00662354994396	-0.0864932005267	-0.0686384698193	0.01680705592	0.0421468155955	-0.0321819060914	-0.0440410368326	0.00758909497043	0.043008645219	0.0247484762749	-0.013806464686	-0.046159249783	-0.0287170832147	-0.0392843543932	0.0239583782535	0.0233109914334	0.0400837656215	-0.0518912829557	-0.0467667428368	-0.0269933231425	-0.0176050287273	0.0103291199389	0.0367157441172	0.0406294403558	-0.014584370064	-0.00614776729152	0.000415785811649	-0.0134018565476	-0.042325213383	-0.0100412346012
k__Bacteria;p__Bacteroidetes;c__Bacteroidia;o__Bacteroidales;f__Bacteroidaceae;g__Bacteroides;s__Bacteroides_fragilis	-0.0402760881482	-2.05706632706e-05	-0.018721689668	-0.0311152823273	-0.0227834178973	-0.00348604798155	0.0186709598928	0.0374085007104	0.0335908400359	0.0332274946425	-0.0109789591026	-0.0418994866053	0.0569347177523	-0.0285789863687	0.00458018573862	0.00230232176187	1.0	0.0354515644539	0.0141999740344	0.0168260123477	-0.00560484613687	-0.0191786608252	0.0551213600008	-0.00536487002566	-0.0314893062282	-0.0186048115671	0.0563487712215	-0.0173282225214	-0.00347328128818	-0.0181273877176	0.011195224098	-0.0688018946718	-0.113931632238	-0.0434010563392	0.0392158941436	0.00899976295746	-0.0451812670135	-0.072902896886	-0.0515869026825	-0.0278878553409	-0.0480932410471	0.0107402746194	0.0110234548234	0.000552555449638	-0.0306156221827	-0.0257956413878	0.023889161024	0.0227457453172	-0.00620039911699	-0.0110573725396	-0.011111816493	-0.0484213656287	-0.00645706012121	0.027274090963	0.00550947513877	-0.0805193941275	0.0521457579427	0.0039954705911	-0.0431520913359
k__Bacteria;p__Proteobacteria;c__Betaproteobacteria;o__Burkholderiales;f__Sutterellaceae;g__Sutterella;s__Sutterella_wadsworthensis	0.0663779527131	-0.0342127315581	0.0350544378955	0.0190115008803	0.0112641083079	0.0119119252253	-0.0283715525115	-0.0511633270448	-0.0229137990693	0.00175474219093	-0.000257520977955	0.0409247004679	-0.0431974454572	-0.0152939093827	-0.0130384012308	-0.0287637945889	0.0354515644539	1.0	0.0097301336729	-0.026019797335	0.00687461177838	0.0277235153258	0.00637966393236	-0.0408470194183	-0.0230141868534	-0.0281643901084	0.0214191126998	0.0493535512701	-0.0307020032053	-0.0431198330732	0.0382203431708	-0.0301304185893	0.00118686302185	-0.0412720033357	0.0404573728821	-0.00801516606101	0.0236785868308	-0.016868990774	0.0292829231163	-0.0184603558505	0.00989444006542	-0.0480430887741	0.0361274079185	0.0365085992487	0.0163429810596	-0.0329292864763	0.0161388115054	-0.00516412580584	0.0577514523395	-0.0634150679772	-0.0243265763503	0.0471937075168	-0.0638133538648	-0.0951323984063	-0.0881318747526	-0.0231139559402	-0.0678984016373	-0.0420014781569	-0.0861665040297
k__Bacteria;p__Bacteroidetes;c__Bacteroidia;o__Bacteroidales;f__Porphyromonadaceae;g__Barnesiella;s__Barnesiella_intestinihominis	0.0546266280809	-0.0121225439455	0.00584473801692	0.0286657326521	-0.00965857320586	-0.021366031974	-0.0166486405339	-0.0113181172133	0.00414818752404	-0.0386101975914	0.000850795632723	-0.00870264940802	-0.0273647960164	0.00856836648336	0.0170870666035	-0.00186562587388	0.0141999740344	0.0097301336729	1.0	-0.0107823715686	-0.0634753475113	-0.0739213414214	-0.0735666229672	-0.0126049208197	-0.00296337512099	0.0370033485703	-0.032870214991	-0.00439358990417	-0.0253770891109	-0.0386657468534	-0.0667636727522	-0.041546011085	0.0867087404384	-0.0246248355329	0.0119517970935	0.00106175569228	0.0516434422641	0.0351883025617	0.020415504691	-0.0810154234172	0.00241775524174	-0.0281395207893	-0.00723112126422	-0.00459766219226	-0.0175147838177	-0.0360054959579	-0.0633356578297	0.0159786954588	0.0650307220473	-0.0262988100398	0.0300528113781	-0.0531474219844	0.0120858414425	0.0278191003902	0.0706353510476	0.0224201507912	-0.0368876343483	-0.020842080554	-0.0173067762205
k__Bacteria;p__Bacteroidetes;c__Bacteroidia;o__Bacteroidales;f__Odoribacteraceae;g__Odoribacter;s__Odoribacter_splanchnicus	0.0650283989615	0.0103181381981	-0.0583459138818	-0.00738162023727	-0.0390841628769	0.0306180672888	-0.0330835861522	-0.0223098496209	-0.0186230899461	-0.0218733696912	0.0711134469421	0.0302857606315	-0.00586380389119	-0.0411432553807	-0.00070374851319	0.035114706251	0.0168260123477	-0.026019797335	-0.0107823715686	1.0	-0.0292103757516	-0.0110838790767	-0.00817267107616	0.0324802870138	-0.000341070644614	-0.00253182561213	0.0361740387826	0.0405472631881	-0.0317788025941	-0.0069482577307	-0.0017665787362	0.00113013294029	-0.0616529418771	0.00406283571205	0.0020652002216	-0.0371021194615	-0.00725946010557	0.00594316688268	0.00797210978496	-0.0796915479081	-0.0395075412053	0.0279963864485	0.0195139643366	0.0210065447153	-0.0181845245408	-0.0429593669811	0.0267831433602	0.0309468672139	-0.0161546517255	-0.0178513607626	-0.0201417763177	0.000203121567254	-0.000444677589775	-0.0238821204431	-0.0730412097972	-0.0408293022818	-0.0404164071706	0.00395388845793	0.00730677077944
k__Bacteria;p__Bacteroidetes;c__Bacteroidia;o__Bacteroidales;f__Bacteroidaceae;g__Bacteroides;s__Bacteroides_salyersiae	-0.0487070186668	0.0698744158004	-0.0346212370246	-0.0401697911374	-0.0125038438137	-0.00587204151714	0.0319521647486	-0.00607703165637	0.018965746042	0.00981594349057	0.0161159592423	-0.04898306118	0.0570206860197	-0.0363251093553	-0.0435704418308	-0.0221558585568	-0.00560484613687	0.00687461177838	-0.0634753475113	-0.0292103757516	1.0	-0.0325570113533	-0.0101265395938	-0.0987502867589	0.048976537901	-0.0122798066025	0.0365603358652	0.00734125768213	-0.0491686259433	0.139092206385	0.0350552318036	-0.0360245122107	-0.00251316527039	0.0308003546646	-0.0149288488852	0.0179171088302	0.000832722171048	-0.0224129546486	-0.010621024025	0.053901161825	-0.0516052813448	-0.0542845931282	-0.0643402112355	0.0304729363595	0.0432908828117	-0.0472179142473	0.00223478648457	0.000303384623393	0.0142899806715	0.0234430331254	0.0163913616676	0.00417020310399	0.0351360477394	-0.0162431484161	-0.0499467137417	-0.0296435888971	0.0709626292281	-0.0315113489938	-0.00566002538575
k__Bacteria;p__Firmicutes;c__Clostridia;o__Clostridiales;f__Ruminococcaceae;g__Ruminiclostridium;s__[Eubacterium]_siraeum	-0.0211080467049	-0.00608352675406	0.00312812143735	0.0310997633313	-0.00883596394085	0.0240073068803	-0.0213395751044	-0.0315654516154	-0.0142492131548	0.0589114407352	0.0292260946192	-0.0240656970757	-0.0398317340781	-0.0272935930582	-0.0395776754127	-0.0745610097886	-0.0191786608252	0.0277235153258	-0.0739213414214	-0.0110838790767	-0.0325570113533	1.0	-0.000536450772326	0.0316801959833	-0.0355082918484	-0.0407822361833	-0.0121629349707	0.0460752319649	-0.00685032606921	-0.0495514606026	-0.050576219489	0.0286633017118	0.013541961577	0.0523316270138	-0.0164989061158	0.0158451262277	0.0164739043292	-0.0310779493914	-0.00200639237019	-0.0105940592633	0.00195671301038	0.00729159312394	-0.0204777530113	-0.0139282627349	-0.0514789442448	0.0380917613476	0.00261144992645	-0.0440645972495	-0.0029177374004	-0.0492467730419	0.0195889395973	-0.0187952379294	0.0390841479565	0.0329372852948	0.051534226992	0.019931717737	0.0366986445934	-0.021163694541	-0.032061368402
k__Bacteria;p__Proteobacteria;c__Betaproteobacteria;o__Burkholderiales;f__Sutterellaceae;g__Parasutterella;s__Parasutterella_excrementihominis	0.0133249511604	-0.0120793555761	0.0193013822609	0.0259463149723	-0.000714714625689	-0.0462568530618	-0.0169593078934	0.00103216001012	-0.0187607688722	0.00179363941586	-0.00406133096593	-0.007841796215	0.0230456475603	0.0380006225465	0.0255239225099	-0.0122222728372	0.0551213600008	0.00637966393236	-0.0735666229672	-0.00817267107616	-0.0101265395938	-0.000536450772327	1.0	-0.00560925644045	-0.0423877012397	-0.0199897955461	-0.039572910689	-0.138882579348	-0.0678944171484	-0.02234093227	-0.00197037283134	0.0776641577748	-0.0531416317366	-0.0385993102419	0.0131148155298	0.0401829717191	-0.00497007116811	-0.0209016570593	-0.00242294141674	-0.0217967440621	0.012461083406	0.0234498922167	-0.0520478891325	-0.0267340834786	-0.0859099432166	-0.0295072410677	0.00329015438729	-0.0641226510554	-0.00145336327632	0.0114791250255	-0.0525154353077	-0.0406835396459	-0.0503835829481	-0.0669224395671	0.019872829437	-0.00283568773792	0.00285849862875	-0.0289717542942	0.00524344487706
k__Bacteria;p__Actinobacteria;c__Actinobacteria;o__Bifidobacteriales;f__Bifidobacteriaceae;g__Bifidobacterium;s__Bifidobacterium_adolescentis	0.057336258306	0.0292984393165	-0.023193349974	-0.0124692818433	0.0432628515945	-0.00758477325936	-0.0295459766284	0.0142621463196	0.0306647453555	-0.0417813920028	0.0535251684202	-0.0155627931069	-0.0222815771985	-0.0314353417635	-0.0360044079135	-0.0478982721562	-0.00536487002566	-0.0408470194183	-0.0126049208197	0.0324802870138	-0.0987502867589	0.0316801959833	-0.00560925644045	1.0	0.0646689285914	-0.039835291559	-0.00737170635491	-0.00488906555985	0.00255445682804	-0.0468105460013	-0.00202207965258	-0.0227549868112	-0.0599628448034	0.0983553206996	-0.00620026178837	0.0490182972375	0.0194432593867	-0.0331209460538	0.00771651255161	-0.00294021345595	0.0198960476993	0.0036597513634	-0.0271516523807	-0.0528261190628	-0.0461050213062	-0.0071515258466	0.0299050645882	0.0167884284237	-0.0579759168338	-0.0298777096697	0.0187800893294	-0.00417952478026	0.00505468656991	0.0131983404984	0.00412069585675	-0.0291431414054	-0.0379840229599	-0.00772521678561	-0.0100682908028
k__Bacteria;p__Firmicutes;c__Clostridia;o__Clostridiales;f__Oscillospiraceae;g__Oscillibacter;s__Oscillibacter_sp._KLE_1745	-0.0270605370904	0.00846804414957	0.0210911547966	-0.0332846991273	0.0399613077499	-0.0320018125364	0.050628596452	-0.0378370746267	0.0102673477365	0.027157483611	-0.0251318703204	0.0480510202578	-0.0555266830174	-0.00230249752674	-0.0101372898119	0.018616150678	-0.0314893062282	-0.0230141868534	-0.00296337512099	-0.000341070644614	0.048976537901	-0.0355082918484	-0.0423877012397	0.0646689285914	1.0	0.0137678159377	0.0382067056678	-0.0809894144091	-0.0414872877997	-0.0225644491704	0.0341732358465	0.0142597422422	-0.0478085096658	-0.0610672312239	0.0454070297163	0.0243168676724	-0.0746064048863	-0.045390566161	-0.0612957174077	-0.00102823384757	-0.0331030802749	-0.0108316009309	-0.0582016447881	0.0165729106161	-0.0444152446658	-0.0256568254377	0.0114407779141	0.0726749570566	0.018710311424	0.0164839153348	0.00803763744235	0.0053465307818	-0.0440466980103	-0.0480709962641	0.00828999345905	-0.00389914802885	-0.0112034463442	-0.000926843143421	0.0557330568873
k__Bacteria;p__Bacteroidetes;c__Bacteroidia;o__Bacteroidales;f__Bacteroidaceae;g__Bacteroides;s__Bacteroides_coprophilus	-0.0757730699459	-0.0272232819844	-0.0583518203882	0.00861673041107	0.0501242949945	-0.0128368437559	-0.0310233166477	0.0285242542016	-0.00801651050288	0.0567953796071	-0.0243785318493	-0.00233577611562	-0.039912862026	0.0386046022348	-0.0763580693669	0.0526254512752	-0.0186048115671	-0.0281643901084	0.0370033485703	-0.00253182561213	-0.0122798066025	-0.0407822361833	-0.0199897955461	-0.039835291559	0.0137678159377	1.0	-0.0577288354887	7.66419955011e-05	-0.00982565049252	0.0342321714656	0.0162791825132	-0.0414849473293	-0.0329061174686	0.0393776347203	-0.00911395232916	-0.0740426005369	0.0335747963298	0.0114580870328	0.0345155513088	-0.049528432983	-0.0136361173642	-0.0342594640624	-0.0440079249692	-0.0350944197302	0.00675998715503	-0.00347496845892	-0.073222694637	-0.0400902982847	0.0176725100393	0.0303965219145	0.0523057896816	-0.0110101253227	0.0666776637126	-0.0738130420278	0.00771407919086	0.039119805313	0.0128206868402	0.00746119714107	-0.0715997704072
k__Bacteria;p__Firmicutes;c__Clostridia;o__Clostridiales;f__Lachnospiraceae;g__Roseburia;s__Roseburia_intestinalis	0.0183104403753	-0.0478668101939	0.0331276343798	-0.054688483792	-0.00726229625216	-0.0279793839309	-0.00719135493549	-0.0734669955843	0.0228420600471	-0.0089041863864	0.00209470531462	0.00935754812423	0.0412915610507	-0.020710344758	-0.0395783226526	-0.0185436223418	0.0563487712215	0.0214191126998	-0.032870214991	0.0361740387826	0.0365603358652	-0.0121629349707	-0.039572910689	-0.00737170635491	0.0382067056678	-0.0577288354887	1.0	0.040088770962	0.0382001470489	-0.0124166991654	0.0794790891272	-0.0328347513947	0.0139997543389	-0.0503239075204	0.0183595585305	0.0173569191102	-0.0490931483433	-0.0233496166428	-0.0750500935777	-0.0440653874364	-0.00922509981706	0.0378399524812	-0.0384502484198	-0.0734686702661	-0.0509861402296	0.0629398246554	-0.00427301824417	0.0296402965568	0.0150063174302	-0.0252593912566	-0.0575891283944	-0.0177015445269	-0.0396374267222	0.0131015840899	-0.0206190023711	-0.0271905619002	-0.0149870749247	0.0388574180609	-0.0236802001751
k__Bacteria;p__Firmicutes;c__Clostridia;o__Clostridiales;f__Lachnospiraceae;g__Roseburia;s__Roseburia_hominis	0.0170639692724	0.00608358609061	-0.0162360996887	-0.0447116241262	0.0282177930804	0.00154083636934	0.0437866325088	-0.0682554096155	-0.0236626152784	-0.00319055736595	0.0154257461047	-0.0075063302698	0.0392255120671	-0.0315439056627	-0.0711491745037	0.00165586040533	-0.0173282225214	0.0493535512701	-0.00439358990417	0.0405472631881	0.00734125768213	0.0460752319649	-0.138882579348	-0.00488906555985	-0.0809894144091	7.66419955011e-05	0.040088770962	1.0	0.00971659291115	-0.0532368593156	0.0151759609388	0.0402922327267	-0.0317953637977	-0.0458163929754	-0.00651358347288	-8.89236737956e-05	-0.0115637694999	-0.00129191507473	-0.00443232369319	-0.0329477608774	0.00615940918487	0.00347287858818	0.0347538493366	0.00214667095581	0.0750980625897	-0.0310103980031	0.0238255567009	-0.0470500157935	0.00466006693573	0.0203539007852	0.0159833860485	-0.0626525764536	-0.0535002842323	0.00348946377493	0.00676377611164	-0.0153385872522	0.0616987936237	-0.02453177787	0.0729614535258
k__Bacteria;p__Bacteroidetes;c__Bacteroidia;o__Bacteroidales;f__Porphyromonadaceae;g__Parabacteroides;s__Parabacteroides_johnsonii	-0.0472597201042	0.0408160615518	-0.058973151554	0.0428461913403	0.00231106733412	0.0168547207063	-0.0270930528665	-0.0362896553328	-0.00560857862656	0.0169238534957	0.0121887933426	-0.0010951926058	-0.00621812978835	-0.00724813209549	0.0490142825687	0.0121557988653	-0.00347328128818	-0.0307020032053	-0.0253770891109	-0.0317788025941	-0.0491686259433	-0.00685032606921	-0.0678944171484	0.00255445682804	-0.0414872877997	-0.00982565049252	0.0382001470489	0.00971659291115	1.0	-0.00754982368528	0.0161559757918	-0.0571193729172	-0.0316990974428	0.0129381290164	0.0200337876558	-0.00888691037761	0.0135986006477	-0.024335791442	-0.0133374948842	0.0381826800397	-0.0459857582692	0.020024515704	-0.0226795094754	-0.0515211194979	-0.0248655475947	-0.0385804164759	0.0331758729431	-0.0178353328989	0.0015903899358	-0.0298508542932	0.0240995125848	-0.025848542153	0.0490571853287	0.0229580614632	0.0246952966071	-0.043963060168	-0.0208751586157	0.00396557069521	-0.0322604104455
k__Bacteria;p__Actinobacteria;c__Actinobacteria;o__Bifidobacteriales;f__Bifidobacteriaceae;g__Bifidobacterium;s__Bifidobacterium_longum	0.0507767216275	0.00990485603349	-0.0290384896689	-0.0168978589931	0.0377297512686	-0.0134136184518	-0.0228567898376	0.00793209756055	-0.0194333886001	-0.00397489483526	0.035245841846	-0.0424817927707	-0.013337154667	-0.0338982229821	-0.00953711663239	-0.00662354994396	-0.0181273877176	-0.0431198330732	-0.0386657468534	-0.0069482577307	0.139092206385	-0.0495514606026	-0.02234093227	-0.0468105460013	-0.0225644491704	0.0342321714656	-0.0124166991654	-0.0532368593156	-0.00754982368528	1.0	0.03551407447	-0.0156048339724	0.00954292256875	0.0138686700119	0.0175593660092	-0.151768966432	0.0315959943989	-0.024533642959	0.00497923647534	-0.0337923420433	0.0223292403689	-0.0303406570054	-0.0459695792812	0.00132638728557	-0.0171363746922	0.0230831850973	-0.0323946810836	0.0312432890641	0.0303387014723	-0.084387687803	0.0415888320223	0.00405010455362	0.0484982157438	-0.0204586376549	0.0217877117655	-0.0607879538725	0.0416009643254	0.0296083937609	0.0345051232451
