#taxonomy	k__Bacteria;p__Bacteroidetes;c__Bacteroidia;o__Bacteroidales;f__Bacteroidaceae;g__Bacteroides;s__Bacteroides_vulgatus	k__Bacteria;p__Bacteroidetes;c__Bacteroidia;o__Bacteroidales;f__Bacteroidaceae;g__Bacteroides;s__Bacteroides_uniformis	k__Bacteria;p__Bacteroidetes;c__Bacteroidia;o__Bacteroidales;f__Rikenellaceae;g__Alistipes;s__Alistipes_putredinis	k__Bacteria;p__Bacteroidetes;c__Bacteroidia;o__Bacteroidales;f__Prevotellaceae;g__Prevotella;s__Prevotella_copri	k__Bacteria;p__Bacteroidetes;c__Bacteroidia;o__Bacteroidales;f__Bacteroidaceae;g__Bacteroides;s__Bacteroides_stercoris	k__Bacteria;p__Bacteroidetes;c__Bacteroidia;o__Bacteroidales;f__Bacteroidaceae;g__Bacteroides;s__Bacteroides_ovatus	k__Bacteria;p__Bacteroidetes;c__Bacteroidia;o__Bacteroidales;f__Rikenellaceae;g__Alistipes;s__Alistipes_shahii	k__Bacteria;p__Firmicutes;c__Clostridia;o__Clostridiales;f__Ruminococcaceae;g__Faecalibacterium;s__Faecalibacterium_prausnitzii	k__Bacteria;p__Bacteroidetes;c__Bacteroidia;o__Bacteroidales;f__Rikenellaceae;g__Alistipes;s__Alistipes_finegoldii	k__Bacteria;p__Bacteroidetes;c__Bacteroidia;o__Bacteroidales;f__Porphyromonadaceae;g__Parabacteroides;s__Parabacteroides_distasonis	k__Bacteria;p__Bacteroidetes;c__Bacteroidia;o__Bacteroidales;f__Bacteroidaceae;g__Bacteroides;s__Bacteroides_thetaiotaomicron	k__Bacteria;p__Bacteroidetes;c__Bacteroidia;o__Bacteroidales;f__Bacteroidaceae;g__Bacteroides;s__Bacteroides_coprocola	k__Bacteria;p__Bacteroidetes;c__Bacteroidia;o__Bacteroidales;f__Bacteroidaceae;g__Bacteroides;s__Bacteroides_cellulosilyticus	k__Bacteria;p__Bacteroidetes;c__Bacteroidia;o__Bacteroidales;f__Rikenellaceae;g__Alistipes;s__Alistipes_obesi	k__Bacteria;p__Firmicutes;c__Clostridia;o__Clostridiales;f__Lachnospiraceae;g__;s__[Eubacterium]_rectale	k__Bacteria;p__Bacteroidetes;c__Bacteroidia;o__Bacteroidales;f__Bacteroidaceae;g__Bacteroides;s__Bacteroides_plebeius	k__Bacteria;p__Bacteroidetes;c__Bacteroidia;o__Bacteroidales;f__Bacteroidaceae;g__Bacteroides;s__Bacteroides_fragilis	k__Bacteria;p__Proteobacteria;c__Betaproteobacteria;o__Burkholderiales;f__Sutterellaceae;g__Sutterella;s__Sutterella_wadsworthensis	k__Bacteria;p__Bacteroidetes;c__Bacteroidia;o__Bacteroidales;f__Porphyromonadaceae;g__Barnesiella;s__Barnesiella_intestinihominis	k__Bacteria;p__Bacteroidetes;c__Bacteroidia;o__Bacteroidales;f__Odoribacteraceae;g__Odoribacter;s__Odoribacter_splanchnicus	k__Bacteria;p__Bacteroidetes;c__Bacteroidia;o__Bacteroidales;f__Bacteroidaceae;g__Bacteroides;s__Bacteroides_salyersiae	k__Bacteria;p__Firmicutes;c__Clostridia;o__Clostridiales;f__Ruminococcaceae;g__Ruminiclostridium;s__[Eubacterium]_siraeum	k__Bacteria;p__Proteobacteria;c__Betaproteobacteria;o__Burkholderiales;f__Sutterellaceae;g__Parasutterella;s__Parasutterella_excrementihominis	k__Bacteria;p__Actinobacteria;c__Actinobacteria;o__Bifidobacteriales;f__Bifidobacteriaceae;g__Bifidobacterium;s__Bifidobacterium_adolescentis	k__Bacteria;p__Firmicutes;c__Clostridia;o__Clostridiales;f__Oscillospiraceae;g__Oscillibacter;s__Oscillibacter_sp._KLE_1745	k__Bacteria;p__Bacteroidetes;c__Bacteroidia;o__Bacteroidales;f__Bacteroidaceae;g__Bacteroides;s__Bacteroides_coprophilus	k__Bacteria;p__Firmicutes;c__Clostridia;o__Clostridiales;f__Lachnospiraceae;g__Roseburia;s__Roseburia_intestinalis	k__Bacteria;p__Firmicutes;c__Clostridia;o__Clostridiales;f__Lachnospiraceae;g__Roseburia;s__Roseburia_hominis	k__Bacteria;p__Bacteroidetes;c__Bacteroidia;o__Bacteroidales;f__Porphyromonadaceae;g__Parabacteroides;s__Parabacteroides_johnsonii	k__Bacteria;p__Actinobacteria;c__Actinobacteria;o__Bifidobacteriales;f__Bifidobacteriaceae;g__Bifidobacterium;s__Bifidobacterium_longum	k__Bacteria;p__Firmicutes;c__Clostridia;o__Clostridiales;f__;g__Flavonifractor;s__Flavonifractor_plautii	k__Bacteria;p__Firmicutes;c__Clostridia;o__Clostridiales;f__Clostridiaceae;g__Clostridium;s__Clostridium_phoceensis	k__Bacteria;p__Verrucomicrobia;c__Verrucomicrobiae;o__Verrucomicrobiales;f__Akkermansiaceae;g__Akkermansia;s__Akkermansia_muciniphila	k__Bacteria;p__Bacteroidetes;c__Bacteroidia;o__Bacteroidales;f__Prevotellaceae;g__Paraprevotella;s__Paraprevotella_xylaniphila	k__Bacteria;p__Firmicutes;c__Clostridia;o__Clostridiales;f__Ruminococcaceae;g__Ruminococcus;s__Ruminococcus_callidus	k__Bacteria;p__Bacteroidetes;c__Bacteroidia;o__Bacteroidales;f__Rikenellaceae;g__Alistipes;s__Alistipes_senegalensis	k__Bacteria;p__Firmicutes;c__Clostridia;o__Clostridiales;f__Lachnospiraceae;g__Blautia;s__Blautia_sp._KLE_1732	k__Bacteria;p__Bacteroidetes;c__Bacteroidia;o__Bacteroidales;f__Bacteroidaceae;g__Bacteroides;s__Bacteroides_oleiciplenus	k__Bacteria;p__Firmicutes;c__Clostridia;o__Clostridiales;f__Ruminococcaceae;g__Ruminococcus;s__Ruminococcus_bicirculans	k__Bacteria;p__Bacteroidetes;c__Bacteroidia;o__Bacteroidales;f__Bacteroidaceae;g__Bacteroides;s__Bacteroides_fluxus	k__Bacteria;p__Bacteroidetes;c__Bacteroidia;o__Bacteroidales;f__Prevotellaceae;g__Prevotella;s__Prevotella_stercorea	k__Bacteria;p__Firmicutes;c__Clostridia;o__Clostridiales;f__Lachnospiraceae;g__Dorea;s__Dorea_longicatena	k__Bacteria;p__Firmicutes;c__Clostridia;o__Clostridiales;f__Eubacteriaceae;g__Eubacterium;s__[Eubacterium]_eligens	k__Bacteria;p__Firmicutes;c__Clostridia;o__Clostridiales;f__Ruminococcaceae;g__;s__Ruminococcaceae_bacterium_D16	k__Bacteria;p__Firmicutes;c__Clostridia;o__Clostridiales;f__Lachnospiraceae;g__Coprococcus;s__Coprococcus_comes	k__Bacteria;p__Proteobacteria;c__Gammaproteobacteria;o__Enterobacterales;f__Enterobacteriaceae;g__Escherichia;s__Escherichia_coli	k__Bacteria;p__Firmicutes;c__Clostridia;o__Clostridiales;f__Ruminococcaceae;g__Anaerotruncus;s__Anaerotruncus_colihominis	k__Bacteria;p__Firmicutes;c__Clostridia;o__Clostridiales;f__Lachnospiraceae;g__Blautia;s__Blautia_obeum	k__Bacteria;p__Bacteroidetes;c__Bacteroidia;o__Bacteroidales;f__Odoribacteraceae;g__Odoribacter;s__Odoribacter_laneus	k__Bacteria;p__Firmicutes;c__Clostridia;o__Clostridiales;f__Ruminococcaceae;g__Ruminiclostridium;s__[Clostridium]_leptum	k__Bacteria;p__Bacteroidetes;c__Bacteroidia;o__Bacteroidales;f__Porphyromonadaceae;g__Parabacteroides;s__Parabacteroides_goldsteinii	k__Bacteria;p__Firmicutes;c__Clostridia;o__Clostridiales;f__Lachnospiraceae;g__Anaerostipes;s__Anaerostipes_hadrus	k__Bacteria;p__Firmicutes;c__Clostridia;o__Clostridiales;f__Ruminococcaceae;g__Ruminococcus;s__Ruminococcus_lactaris	k__Bacteria;p__Firmicutes;c__Clostridia;o__Clostridiales;f__Clostridiaceae;g__Clostridium;s__Clostridium_sp._L2-50	k__Bacteria;p__Firmicutes;c__Clostridia;o__Clostridiales;f__Clostridiaceae;g__Clostridium;s__Clostridium_sp._M62/1	k__Bacteria;p__Firmicutes;c__Clostridia;o__Clostridiales;f__;g__Intestinimonas;s__Intestinimonas_butyriciproducens	k__Bacteria;p__Actinobacteria;c__Actinobacteria;o__Bifidobacteriales;f__Bifidobacteriaceae;g__Bifidobacterium;s__Bifidobacterium_bifidum	k__Bacteria;p__Firmicutes;c__Negativicutes;o__Veillonellales;f__Veillonellaceae;g__Dialister;s__Dialister_invisus	k__Bacteria;p__Bacteroidetes;c__Bacteroidia;o__Bacteroidales;f__Bacteroidaceae;g__Bacteroides;s__Bacteroides_salanitronis
k__Bacteria;p__Bacteroidetes;c__Bacteroidia;o__Bacteroidales;f__Bacteroidaceae;g__Bacteroides;s__Bacteroides_vulgatus	1.0	0.00333099512027	-0.0457710660836	-0.0175238997144	-0.0561380540061	0.0081860364993	-0.00970245635176	0.00850298508219	0.0380067961525	-0.0331957275702	-0.0142487081362	0.0327388884941	-0.0216818056105	-0.0860764129951	0.0198966645956	-0.0784329213693	-0.0239526760121	0.00638505493265	-0.0346632416621	-0.00550218374054	0.014382595689	-0.0375741809559	-0.0493622741338	0.0317133895728	0.0195305834724	0.0161313210232	0.00986155410647	0.00208103881289	0.0199318560287	0.029134658702	-0.075347006474	-0.00499930770446	-0.00368990442981	-0.0293029382757	0.0433687063123	0.0439770848742	-0.0250346820664	-0.0137571817075	0.00641070875973	0.000704852116866	-0.00820725602271	0.0172008252674	-0.0530003441095	-0.0547676350273	0.0242268510782	0.0239890555832	-0.0348357046397	0.0158823292993	-0.0568699234149	-0.038042874688	-0.0379482013843	-0.0194318935645	0.0147943307557	0.00481947394112	-0.000145378139683	0.00221197825165	-0.0387357106381	-0.0238734738558	-0.0481626883084
k__Bacteria;p__Bacteroidetes;c__Bacteroidia;o__Bacteroidales;f__Bacteroidaceae;g__Bacteroides;s__Bacteroides_uniformis	0.00333099512027	1.0	-0.014862021934	0.00799124093362	0.0141768715785	-0.0253330058675	-0.0548223719831	-0.0528070404414	-0.0464217791926	-0.0687383583288	-0.025739252257	-0.0285291055885	-0.0247325798837	-0.103282684184	-0.00833432906001	-0.0178950425241	0.0233465800276	-0.0873665025245	0.0163838037791	0.00845358295213	-0.021168587064	-0.0174002990392	-0.026113601186	-0.0106547183383	0.0162614111605	0.0190213103735	-0.0245732226724	0.0477216501245	-0.0112703425278	-0.0521691693363	-0.000245172734082	-0.0257244245681	0.0264006086137	0.0105543506401	-0.0308101355811	0.0675358943793	0.0460314837535	0.0432299172844	0.0532681415999	0.00108681381647	-0.0173136470249	-0.0484568738977	-0.0472968446002	0.00300627116622	0.0239320496227	0.04652741904	-0.0299564159826	0.0223613250322	-0.00561862521635	-0.01036743075	0.0027110086692	0.0342215045051	0.0185397677234	0.0068660540286	-0.00747242543313	0.00697946272456	-0.0221279671226	0.0568430718742	-0.0228646880904
k__Bacteria;p__Bacteroidetes;c__Bacteroidia;o__Bacteroidales;f__Rikenellaceae;g__Alistipes;s__Alistipes_putredinis	-0.0457710660836	-0.014862021934	1.0	-0.0399259930611	0.0319198595204	-0.00199282165908	-0.0283327916591	-0.0126973329566	-0.05941815257	0.0878610320174	-0.0556413064545	-0.032200590478	-0.0150380665601	-0.0450860854304	0.048262358653	-0.0345246451039	-0.03358590254	-0.0369783736126	-0.0559766244998	0.0122746885078	-0.0156808737032	0.00571883366849	-0.0672173855395	0.0020353585852	-0.0257299572008	-0.0533744867019	0.0485762613046	0.00688306391515	0.0480576364723	-0.0107752505458	-0.0168260074081	0.0451200841007	0.0848029037321	-0.0637259739712	-0.0256289613549	0.00366075057482	0.00221664319189	-0.0476079150722	0.0144499940155	0.0834382709186	0.035096221434	-0.0130775755812	0.00235512757783	-0.0181088394943	0.0579255945828	-0.0331937823498	0.00930449177491	-0.0476284434175	-0.0462375391696	-0.0554767094993	0.0179522027755	-0.0630909743956	0.0162600716815	0.0393595915716	-0.0314941461861	-0.0710701159265	-0.032698740271	0.0236091149944	0.000192199358223
k__Bacteria;p__Bacteroidetes;c__Bacteroidia;o__Bacteroidales;f__Prevotellaceae;g__Prevotella;s__Prevotella_copri	-0.0175238997144	0.00799124093362	-0.0399259930611	1.0	-0.0206534917446	-0.000377480519734	0.00581210310564	0.0600384443164	0.0167741670321	-0.0586193790364	-0.00392110199286	0.0571417875059	-0.0394506843925	-0.0537591504375	0.0190658091131	-0.0526986925971	-0.0671159162533	-0.022227115697	0.0428025459254	-0.00805136636594	-0.0255698969608	-0.0245245357356	0.002734419788	-0.0252397247065	-0.0243775042053	-0.00455292077597	-0.0379188209295	0.0175008120186	-0.023087682206	-0.030688635938	-0.0949501681794	0.0321684578499	-0.0301484855263	0.00938593540471	0.0529343211933	-0.0179843491973	-0.0049581160449	0.0727000899351	-0.0553743799223	-0.000313067823773	-0.0495881708081	-0.00837603563087	0.0583485020733	-0.066421358581	-0.0192195826898	-0.0443793488546	-0.0866142307529	-0.0354509017152	0.00395149249212	-0.0102124114002	0.0326410275535	-0.000141941217445	-0.0533476878453	0.015235990397	0.0186276769747	-0.0183853717643	-0.0337427870138	0.0427461523022	0.00552448339442
k__Bacteria;p__Bacteroidetes;c__Bacteroidia;o__Bacteroidales;f__Bacteroidaceae;g__Bacteroides;s__Bacteroides_stercoris	-0.0561380540061	0.0141768715785	0.0319198595204	-0.0206534917446	1.0	0.0254262676047	-0.0525451153111	-0.0555841157178	-0.00754233208097	-0.0281797109057	-0.00417793169464	-0.0177337542372	-0.0137769637318	0.0192912027715	0.0226353604095	-0.0157014620595	0.0578383956224	-0.0152303173167	-0.000475303988079	-0.0166645199471	-0.025207665255	-0.0449731461792	0.0703958969882	-0.0189973517953	-0.00964939748532	-0.029419319566	0.0170470801134	-0.058715062182	-0.0305224586979	0.0501398056879	-0.0827547928622	0.0105497871969	-0.0219604234229	-0.0423969645852	-0.0470361226132	0.0338528887288	0.0298538568089	-0.0297345015386	0.0232620504001	-0.0382116162282	-0.0200696353285	0.0107552949387	-0.0130419212683	0.0903455753472	0.00259134436719	-0.00431766853381	0.0253039305187	0.0110842575243	-0.0185783274084	-0.0844558644339	0.041604180912	-0.00502677006128	0.0423241205606	-0.0230852660429	-0.0084064306553	0.0111874749857	-0.068682380873	-0.0426170703858	0.0357260980421
k__Bacteria;p__Bacteroidetes;c__Bacteroidia;o__Bacteroidales;f__Bacteroidaceae;g__Bacteroides;s__Bacteroides_ovatus	0.0081860364993	-0.0253330058675	-0.00199282165908	-0.000377480519734	0.0254262676047	1.0	0.0327695718107	-0.0488587261698	0.0460117458512	-0.0491145233787	-0.0952656149526	0.0179366815737	-0.0860342416021	0.0517841597782	-0.0554651428182	0.0215044790655	-0.0263143687855	0.00488057785927	-0.0540111813596	0.0359645966344	-0.0602055302157	-0.0515762638645	-0.0190534087287	-0.0365765619136	-0.0255318406342	-0.00343477713144	-0.00885829992276	0.0107787285674	-0.077216772996	0.0386625942836	0.0596469413028	-0.0292310217648	-0.0127381905478	0.0185949353618	-0.0304569514966	-0.0529128000614	-0.0200429668582	-0.00444019521173	0.0272881558573	0.00509806601972	-0.0386772640273	-0.039813695676	-0.0100942780215	0.0528754796249	-0.0279541242268	0.00681616988205	-0.00240001018556	-0.0341324596651	-0.0107771959027	0.029236294035	-0.0592563281986	0.0383012641368	-0.0116981613852	0.0139027440073	-0.0545435407456	0.0827825974661	0.01545029805	0.0663004756137	-0.0298582764973
k__Bacteria;p__Bacteroidetes;c__Bacteroidia;o__Bacteroidales;f__Rikenellaceae;g__Alistipes;s__Alistipes_shahii	-0.00970245635176	-0.0548223719831	-0.0283327916591	0.00581210310564	-0.0525451153111	0.0327695718107	1.0	0.0690804851161	0.00104683728111	-0.00172241706566	0.0451086524954	-0.00662527118969	0.00161662420568	-0.0123606372157	-0.0455633006634	0.0220540420574	-0.0777819136273	0.0627774328811	-0.0520629923105	0.00391677057801	0.011387519173	-0.0513779306129	0.0132323636847	-0.0247381574425	-0.083680634939	0.00468081989679	-0.0624315407849	0.0536484558216	0.00202816632798	0.0534337628909	-0.0407301517901	-0.0688141197494	-0.0395282937096	-0.0122756744619	-0.0478358504025	-0.0318342028745	-0.0479738339663	0.0789989902672	0.0173681298268	-0.02601871171	-0.0678209913539	-0.0518450530723	0.0148664329761	-0.0316260722784	0.0205534254022	0.0408175343123	0.0159666884805	0.0281357868587	0.014688057818	-0.0499574803334	-0.0719726096161	0.00771257398603	-0.0241843484856	-0.00618633485145	-0.0464132637192	0.00732876396083	0.0617412277934	0.000487018670889	-0.00502817772668
k__Bacteria;p__Firmicutes;c__Clostridia;o__Clostridiales;f__Ruminococcaceae;g__Faecalibacterium;s__Faecalibacterium_prausnitzii	0.00850298508219	-0.0528070404414	-0.0126973329566	0.0600384443164	-0.0555841157178	-0.0488587261698	0.0690804851161	1.0	0.0411336904016	0.0429871353595	0.0242818960085	-0.00400299855181	-0.00287969851463	0.0164370234368	-0.00404712352228	0.0174978581522	0.0361322469074	-0.0678189987362	-0.0843532543677	0.0304933353057	-0.0525768690729	-0.0532865102005	-0.0109395746651	-0.0113279358117	-0.0543120892501	-0.0176291314292	-0.0445959632903	0.0151060814193	-0.00830927866501	-0.00708460049496	0.00859028527662	-0.0448723656328	-0.0947922451513	-0.016869784412	0.00641363998075	-0.0062187829642	-0.0306741448665	-0.0141071510922	-0.0882771281408	0.0558672969332	-0.0357293355532	-0.0401477975145	0.0372233767654	-0.0451092401616	-0.0367212446897	-0.0322530086247	-0.00794080777333	0.00566305925418	-0.0913022955069	0.00456062931598	0.00923009697029	-0.0630133754278	0.0227521292591	-0.00424199968726	-0.00488726871652	0.00575537381435	0.0143506737065	0.023278065353	-0.00345731430231
k__Bacteria;p__Bacteroidetes;c__Bacteroidia;o__Bacteroidales;f__Rikenellaceae;g__Alistipes;s__Alistipes_finegoldii	0.0380067961525	-0.0464217791926	-0.05941815257	0.0167741670321	-0.00754233208097	0.0460117458512	0.00104683728111	0.0411336904016	1.0	-0.0405031442336	-0.0361461258001	-0.0301739719486	-0.0739886362158	-0.00479980141805	-0.0593636217295	-0.0518623943321	0.0228076803674	-0.0275619774243	0.0502683430899	0.053540256171	-0.0350625250119	-0.0622400478338	-0.0141619651088	-0.0233539712397	0.00195310080571	-0.0168648762941	-0.0572415559458	-0.0111589632617	0.0205425256807	-0.00580877593642	0.020695608676	-0.0367336930878	-0.0380271432629	0.0401083572056	-0.00412913534647	0.0193080014227	0.0120638814365	0.0191362896681	-0.00996433314564	0.0224683090055	-0.0466459354551	0.0218150779179	-0.00661792575327	0.0293590910872	-0.0282475459115	0.0167349944367	-0.00208347975812	0.0166679193724	-0.00775331783012	-0.0227996427792	-0.0556583901504	-0.0499055914211	-0.0306185913706	-0.0318465299147	0.0468362789501	-0.0184532707956	-0.0498624095842	-0.0447133428101	-0.00903735074449
k__Bacteria;p__Bacteroidetes;c__Bacteroidia;o__Bacteroidales;f__Porphyromonadaceae;g__Parabacteroides;s__Parabacteroides_distasonis	-0.0331957275702	-0.0687383583288	0.0878610320174	-0.0586193790364	-0.0281797109057	-0.0491145233787	-0.00172241706566	0.0429871353595	-0.0405031442336	1.0	0.0314927517473	0.00444516921024	-0.055433724957	0.0192982355886	-0.0123740473692	0.000653158434091	0.0356601903745	-0.0399733001191	0.000620591839041	0.0223111902648	0.0130368154627	-0.0185231539022	0.0329669883986	-0.0656189777934	0.00820406769833	0.0602686584873	0.0662938119397	-0.0385635932992	0.00942313844443	-0.039649601688	-0.00357544704055	-0.0119454493508	-0.0298226128512	0.0126935826762	0.0127716752643	-0.0305702559535	0.0246451279414	-0.0381320452576	0.0241502326432	-0.00242398303143	0.0362682873829	-0.00416080529205	-0.0272863202448	-0.0130883952103	-0.019445424028	-0.0474717380098	0.0483915020341	-0.0265274587635	-0.011214460534	0.00747998029343	0.00625564554466	-0.0147940933899	-0.0303495787259	-0.0606591681096	-0.0263868550976	-0.047240002743	0.0244653279822	-0.0566407250404	0.0215259011598
k__Bacteria;p__Bacteroidetes;c__Bacteroidia;o__Bacteroidales;f__Bacteroidaceae;g__Bacteroides;s__Bacteroides_thetaiotaomicron	-0.0142487081362	-0.025739252257	-0.0556413064545	-0.00392110199286	-0.00417793169464	-0.0952656149526	0.0451086524954	0.0242818960085	-0.0361461258001	0.0314927517473	1.0	0.0268693448076	0.0155190754034	-0.0515334476018	-0.0447669055653	3.09821277734e-05	0.0213385859444	0.00752918881796	0.0243652810429	0.0142938698133	0.0383472314973	-0.0504624471623	-0.0819078335056	-0.0876127644842	0.0260525503043	0.0330391642129	0.0340822718479	-0.0763497827466	-0.0630184484016	0.00290878183285	-0.0701412633836	-0.0315366227823	-0.0367483897138	0.0158620936124	-0.00266703297314	0.0372284785812	-0.0032856373259	-0.0306045378268	-0.0251576825242	-0.0253587520502	-0.033252454986	0.0212471684493	0.0390766336891	-0.0415061156984	-0.07181911617	-0.0504158685467	-0.009683464993	-0.00442147852478	0.0319504226378	-0.0112511430364	-0.0108473378281	0.0276546104657	-0.0273620981836	-0.0599001399788	0.032799073381	-0.0100267395118	0.0234365682664	0.0155670055757	0.00914977568035
k__Bacteria;p__Bacteroidetes;c__Bacteroidia;o__Bacteroidales;f__Bacteroidaceae;g__Bacteroides;s__Bacteroides_coprocola	0.0327388884941	-0.0285291055885	-0.032200590478	0.0571417875059	-0.0177337542372	0.0179366815737	-0.00662527118969	-0.0040029985518	-0.0301739719486	0.00444516921024	0.0268693448076	1.0	-0.00257387450941	0.0295131104796	-0.0337542087692	-0.0734531443789	0.0343442434949	0.000705635323551	-0.0229755173032	-0.00147984025212	-0.0412579303788	-0.0252282631987	-0.0331879777296	0.0228810613907	-0.0665354365562	-0.0649964754067	-0.0272188010821	-0.0335207772107	0.033893570365	-0.0227362840989	-0.0430544211161	-0.00912634924844	-0.0147376903798	0.00794803226648	-0.0247347255519	0.0630487576223	-0.048005592685	-0.039312906014	-0.0780624748955	-0.0435280204379	-0.0359769500137	0.0214286510537	0.0375509660758	-0.0214219055349	-0.0265641624812	-0.000172825700947	0.0264950423146	-0.0252808904106	0.0464391914987	-0.00217329977606	-0.0177987673203	-0.0130499932136	-0.0125111884098	0.0089147590339	-0.00840366701547	0.0202532361469	-0.0258372558369	-0.00477579270995	-0.0730854168098
k__Bacteria;p__Bacteroidetes;c__Bacteroidia;o__Bacteroidales;f__Bacteroidaceae;g__Bacteroides;s__Bacteroides_cellulosilyticus	-0.0216818056105	-0.0247325798837	-0.0150380665601	-0.0394506843925	-0.0137769637318	-0.0860342416021	0.00161662420568	-0.00287969851463	-0.0739886362158	-0.055433724957	0.0155190754034	-0.00257387450941	1.0	0.0356445707867	-0.00397921281582	-0.0262132831229	0.028328908123	-0.0132314955062	0.0300054082574	0.0174137573845	0.00735910714162	0.027123247484	0.0197020125416	-0.0166416716191	0.043437118641	-0.00609993623386	-0.0304021338228	0.00908365207018	-0.0157763112222	0.0571456296097	0.00807263922857	0.00775462045195	0.0311982092386	0.0114659231143	-0.0117053131829	-0.00209246284445	-0.0476170091617	-0.0305153302379	-0.06023977152	0.0020876498554	-0.0194348922307	-0.0379536464428	-0.0130136429163	-0.0328208931777	0.00842531865729	0.0126305623595	-0.000335532241102	0.0191917530437	0.00297221721853	0.0187078310788	-0.0607461075977	0.0467362999496	0.0258777994055	0.0281697998538	0.00220246797877	-0.0484853292461	0.0164648773867	-0.0186751023435	0.034045792532
k__Bacteria;p__Bacteroidetes;c__Bacteroidia;o__Bacteroidales;f__Rikenellaceae;g__Alistipes;s__Alistipes_obesi	-0.0860764129951	-0.103282684184	-0.0450860854304	-0.0537591504375	0.0192912027715	0.0517841597782	-0.0123606372157	0.0164370234368	-0.00479980141805	0.0192982355886	-0.0515334476018	0.0295131104796	0.0356445707867	1.0	-0.0331446060318	-0.0900952489352	0.0568677723554	-0.0427495777261	0.0256502711311	-0.0265802676204	-0.0630440633505	0.02882333766	-0.0349930604645	-0.0323861066834	-0.0362749679492	0.0825861475127	-0.05516001317	-0.0148475672962	0.0130324786834	0.0335381708087	-0.0316588130891	0.0234807359089	-0.0181293910752	0.0350048022507	-0.0727778648489	-0.0297633129159	-0.00603109624386	0.0212143003306	-0.0506923299093	-0.0272713892036	0.0790770431509	0.000286777621299	-0.0541105791741	0.0310832057929	0.0150338988387	-0.0237417731079	0.011994979127	0.0393383149408	0.030110452885	-0.0243275150702	0.0195981416906	-0.0598587241812	0.0398605525429	0.000244959352756	-0.0364585735178	-0.00399562358674	-0.00681541891598	0.00854175841604	-0.0196793860208
k__Bacteria;p__Firmicutes;c__Clostridia;o__Clostridiales;f__Lachnospiraceae;g__;s__[Eubacterium]_rectale	0.0198966645956	-0.00833432906001	0.048262358653	0.0190658091131	0.0226353604095	-0.0554651428182	-0.0455633006634	-0.00404712352228	-0.0593636217295	-0.0123740473692	-0.0447669055653	-0.0337542087692	-0.00397921281582	-0.0331446060318	1.0	-0.044637693582	-0.00256373736897	-0.0401678520929	-0.0261388492093	-0.0220270115074	0.0365439790402	-0.0150611859692	0.0556721637649	-0.0327984233966	0.0618492066001	-0.0132619455775	-0.0347199034522	0.0546405737034	0.00275825473299	-0.0245556594843	0.0514692198617	-0.0199223100558	-0.027976902507	-0.00138706837256	-0.0196954712246	-0.0328495313971	0.0271850417018	-0.0180083834449	0.066234272831	-0.100733566992	0.0300967303696	0.0479450588389	0.0163176307358	-0.0118991505885	-0.0176413756752	-0.0441055977072	-0.0407550123627	0.00479966709266	-0.0593794707968	-0.0484517379898	0.049697329814	0.0130980309292	-1.83916448515e-05	-0.00646868389224	-0.0362345699995	-0.036070769467	0.0941731658344	-0.0180021748587	-0.0131545703195
k__Bacteria;p__Bacteroidetes;c__Bacteroidia;o__Bacteroidales;f__Bacteroidaceae;g__Bacteroides;s__Bacteroides_plebeius	-0.0784329213693	-0.0178950425241	-0.0345246451039	-0.0526986925971	-0.0157014620595	0.0215044790655	0.0220540420574	0.0174978581522	-0.0518623943321	0.000653158434091	3.09821277734e-05	-0.0734531443789	-0.0262132831229	-0.0900952489352	-0.044637693582	1.0	-0.0350172526451	0.012954596361	-0.0560302099665	0.0151433136764	0.0733337050434	-0.0743778247031	-0.0470695607417	-0.0132298590959	0.00433821222388	8.63254289511e-06	0.0167927512207	0.0338143743891	0.0466553905824	-0.0141131927786	0.0090632258367	-0.0556800751274	-0.0523683739675	0.0254418215607	0.0122179308743	0.00260587567999	-0.00156301533964	0.0210395750079	0.0230840326751	-0.02837574114	0.00442709263982	0.0228902566608	0.0293813531595	-0.0334066886991	0.0073267926807	-0.0484888142559	0.00255391905112	-0.0406238688043	0.0572990952149	-0.0305147475204	-0.0172415552444	0.00691498347321	0.00774941536963	-0.0307236136534	-0.0608892768268	0.0152497129042	-0.00683178284056	-0.03681708901	0.0577812471299
k__Bacteria;p__Bacteroidetes;c__Bacteroidia;o__Bacteroidales;f__Bacteroidaceae;g__Bacteroides;s__Bacteroides_fragilis	-0.0239526760121	0.0233465800276	-0.03358590254	-0.0671159162533	0.0578383956224	-0.0263143687855	-0.0777819136273	0.0361322469074	0.0228076803674	0.0356601903745	0.0213385859444	0.0343442434949	0.028328908123	0.0568677723554	-0.00256373736897	-0.0350172526451	1.0	-0.0463330543666	0.0191916301374	0.0164017846337	-0.00519394963084	-0.0382157706026	-0.00878578887396	0.0853066586264	-0.0549416391841	-0.00947133838639	-0.027406599935	0.0516329151297	0.0263366539729	0.0649225750016	-0.0156486221376	0.0170057084275	0.00162256787474	-0.0259678633315	0.00222887758546	0.0341476366509	-0.00298150771643	-0.0579306889316	-0.0158111376623	0.091307443376	-0.00637377255107	-0.0111817058436	-0.0433478919399	0.00679983258834	-0.0607739174641	0.0251420388542	-0.0158631252278	-0.0542654080027	-0.0116653933915	-0.10412696235	-0.0625092030534	0.0293406894882	0.00393096489897	0.00959484842515	0.0221245900056	-0.00257608246602	-0.0178010916455	-0.0222225584567	-0.0383827720207
k__Bacteria;p__Proteobacteria;c__Betaproteobacteria;o__Burkholderiales;f__Sutterellaceae;g__Sutterella;s__Sutterella_wadsworthensis	0.00638505493265	-0.0873665025245	-0.0369783736126	-0.022227115697	-0.0152303173167	0.00488057785927	0.0627774328811	-0.0678189987362	-0.0275619774243	-0.0399733001191	0.00752918881796	0.000705635323551	-0.0132314955062	-0.0427495777261	-0.0401678520929	0.012954596361	-0.0463330543666	1.0	-0.00640623399895	-0.0753836866438	-0.0285271174556	0.0477420466201	-0.0618266484015	0.0169848825985	-0.0866196058569	0.0938260701689	-0.029156807521	-0.10234471583	0.000821865090815	-0.0481079882999	-0.0202826560861	0.00793122683706	-0.0474318988693	0.00499514341186	0.00629794119101	0.0188045385512	0.0321236835387	0.00589352746236	0.00264725624991	-0.0213172978476	-0.071898532003	-0.00722953197037	-0.0281573553228	0.0348369802794	0.00244253402679	0.0355951231646	0.0384920940309	0.00422090216505	-0.0342673244395	-0.00432301505831	-0.0218645265767	0.0256121070815	-0.00581554770232	0.017963756147	-0.0309507902632	0.067915526842	0.00631656278898	-0.00292015657019	-0.00808690098361
k__Bacteria;p__Bacteroidetes;c__Bacteroidia;o__Bacteroidales;f__Porphyromonadaceae;g__Barnesiella;s__Barnesiella_intestinihominis	-0.0346632416621	0.0163838037791	-0.0559766244998	0.0428025459254	-0.000475303988079	-0.0540111813596	-0.0520629923105	-0.0843532543677	0.0502683430899	0.000620591839041	0.0243652810429	-0.0229755173032	0.0300054082574	0.0256502711311	-0.0261388492093	-0.0560302099665	0.0191916301374	-0.00640623399895	1.0	-0.076731917319	0.0100641231624	-0.054117115189	0.021491020557	-0.0414203881899	0.00750948747202	0.0407374412852	-0.0337761218244	-0.0106625628903	-0.00639512342173	-0.0535611100702	0.0175851193828	-0.00128113326997	0.00372798309407	-0.0357577898559	-0.0524928720339	0.0274078592306	-0.0657959372608	-0.0534162618739	-0.0261452764148	-0.0143790097588	-0.0999286956437	0.00728499559921	-0.00224140902226	-0.0093800933877	0.0213474703802	-0.00507935771195	-0.0327713421938	-0.0200631647296	-0.0298231417723	0.0210908286684	0.0102248149476	0.0246200074174	-0.0223911974342	0.000976626045429	0.00768684380004	0.0418383821986	0.00138653377455	0.00760622898641	-0.0434939701629
k__Bacteria;p__Bacteroidetes;c__Bacteroidia;o__Bacteroidales;f__Odoribacteraceae;g__Odoribacter;s__Odoribacter_splanchnicus	-0.00550218374054	0.00845358295213	0.0122746885078	-0.00805136636594	-0.0166645199471	0.0359645966344	0.00391677057801	0.0304933353057	0.053540256171	0.0223111902648	0.0142938698133	-0.00147984025212	0.0174137573845	-0.0265802676204	-0.0220270115074	0.0151433136764	0.0164017846337	-0.0753836866438	-0.076731917319	1.0	0.0228124998241	0.0228126909098	0.0377421414408	0.0223703515487	-0.0115704835803	-0.0108420949341	-0.00947896444758	0.0175559852157	-0.0160310222933	0.0270658423341	0.0133265889451	0.0226867138343	-0.056128931889	-0.00294971833799	-0.0244943441598	0.00811599148868	-0.0332704587443	0.00294353986931	-0.0515799926166	0.0149672019588	0.0321694815966	-0.0238896904571	-0.0512842158903	0.0121468393631	0.0441685456395	-0.0332625205675	-0.0522671938648	-0.00336873949762	-0.072846417575	-0.00921695467828	-0.0235930919983	0.013130283654	0.00566217495225	-0.0980029070629	-0.00577138121322	0.0257059703436	-0.00649903850839	0.0582855860907	-0.000410713496071
k__Bacteria;p__Bacteroidetes;c__Bacteroidia;o__Bacteroidales;f__Bacteroidaceae;g__Bacteroides;s__Bacteroides_salyersiae	0.014382595689	-0.021168587064	-0.0156808737032	-0.0255698969608	-0.025207665255	-0.0602055302157	0.011387519173	-0.0525768690729	-0.0350625250119	0.0130368154627	0.0383472314973	-0.0412579303788	0.00735910714162	-0.0630440633505	0.0365439790402	0.0733337050434	-0.00519394963084	-0.0285271174556	0.0100641231624	0.0228124998241	1.0	-0.0445605551523	-0.0411373298665	-0.0129514692491	-0.0350145022362	0.0015292864817	-0.0572066063129	0.0165239328658	0.0759184996976	0.0171437108891	0.0259454897679	0.0319698554664	0.0367296939076	-0.00328321588462	0.0650463593952	-0.0680947584801	-0.0191562300336	-0.055366705251	-0.0162183441332	-0.0420773115046	-0.000659027693001	-0.0396715772958	-0.0287279498787	0.0603472936046	0.0402619230022	-0.0222099106088	0.0496021297418	-0.0578490198202	0.010186404612	0.0158206785874	-0.00290024754696	-0.0135721348837	0.0242869729651	0.0424515878025	-0.0497884340063	-0.0500977475597	0.00778408733966	0.00196409109937	0.021318330625
k__Bacteria;p__Firmicutes;c__Clostridia;o__Clostridiales;f__Ruminococcaceae;g__Ruminiclostridium;s__[Eubacterium]_siraeum	-0.0375741809559	-0.0174002990392	0.00571883366849	-0.0245245357356	-0.0449731461792	-0.0515762638645	-0.0513779306129	-0.0532865102005	-0.0622400478338	-0.0185231539022	-0.0504624471623	-0.0252282631987	0.027123247484	0.02882333766	-0.0150611859692	-0.0743778247031	-0.0382157706026	0.0477420466201	-0.054117115189	0.0228126909098	-0.0445605551523	1.0	-0.0552413861214	0.00766471059725	-0.0344534227535	-0.0216541634412	0.0475545910422	-0.011878533747	-0.0807235611569	-0.0387228905036	-0.0199619630949	0.00967354705504	-0.00212154178718	-0.0160102520115	-0.00234550786764	0.00610663295191	-0.012338240637	0.0296989292499	0.00816920451835	0.0495428449536	0.0759735873305	0.00289813273531	-0.0293065931776	-0.0419049953731	-0.0347746406152	0.019221399702	-0.0345642616421	-0.0110421969436	0.0285508429161	0.0291801289297	-0.040249765226	-0.0377607618402	-0.0123930113954	-0.0151208639061	-0.00482394027285	-0.0151443483751	-0.0181323087477	0.0108265487241	0.0146202008555
k__Bacteria;p__Proteobacteria;c__Betaproteobacteria;o__Burkholderiales;f__Sutterellaceae;g__Parasutterella;s__Parasutterella_excrementihominis	-0.0493622741338	-0.026113601186	-0.0672173855395	0.002734419788	0.0703958969882	-0.0190534087287	0.0132323636847	-0.0109395746651	-0.0141619651088	0.0329669883986	-0.0819078335056	-0.0331879777296	0.0197020125416	-0.0349930604645	0.0556721637649	-0.0470695607417	-0.00878578887397	-0.0618266484015	0.021491020557	0.0377421414408	-0.0411373298665	-0.0552413861214	1.0	-0.0156466544702	0.0105309416561	-0.00135467487188	-0.0212558435892	0.00216540746007	0.0256949792615	-0.0212785474766	0.00115208118485	-0.0279271083083	0.00500383765067	0.0369491852422	-0.00250496570747	-0.0573016983918	-0.00283062748529	-0.0109072848208	0.0116827162541	-0.0646460818911	0.016543394232	-0.0103561714414	-0.0412864519844	0.0101633701384	-0.021675739869	0.0290993645836	0.0249711328314	0.0257289709388	0.0053633274944	0.0442813630475	0.00505171215952	0.0367896613279	-0.0217067217879	-0.0519574569138	-0.0659086176399	-0.0540429546457	0.0205347497132	0.0670672041417	-0.00653669083463
k__Bacteria;p__Actinobacteria;c__Actinobacteria;o__Bifidobacteriales;f__Bifidobacteriaceae;g__Bifidobacterium;s__Bifidobacterium_adolescentis	0.0317133895728	-0.0106547183383	0.0020353585852	-0.0252397247065	-0.0189973517953	-0.0365765619136	-0.0247381574425	-0.0113279358117	-0.0233539712397	-0.0656189777934	-0.0876127644842	0.0228810613907	-0.0166416716191	-0.0323861066834	-0.0327984233966	-0.0132298590959	0.0853066586264	0.0169848825985	-0.0414203881899	0.0223703515487	-0.0129514692491	0.00766471059725	-0.0156466544702	1.0	0.0425692161153	-0.0853619067557	0.01722834846	-0.0317953656753	0.0336559015823	0.0683716091932	0.0274405790973	0.0208896127364	-0.000957972461633	-0.024204764155	0.027255013795	0.0146531993146	-0.0532725171229	-0.0201502605238	0.0121206894136	-0.0109057872408	0.0231824444364	-0.0127613523148	0.0452052394576	0.00399271951596	-0.00978920723785	-0.0104549588065	0.0310726829058	0.00730047262807	-0.0330542173802	-0.0254070435793	-0.0750657514263	-0.0495830280266	-0.0367070946609	-0.0417991156204	0.0162082814521	0.040606552207	-0.00390226531208	-0.0275211621108	-0.0703299835291
k__Bacteria;p__Firmicutes;c__Clostridia;o__Clostridiales;f__Oscillospiraceae;g__Oscillibacter;s__Oscillibacter_sp._KLE_1745	0.0195305834724	0.0162614111605	-0.0257299572008	-0.0243775042053	-0.00964939748532	-0.0255318406342	-0.083680634939	-0.0543120892501	0.00195310080571	0.00820406769833	0.0260525503043	-0.0665354365562	0.043437118641	-0.0362749679492	0.0618492066001	0.00433821222388	-0.0549416391841	-0.0866196058569	0.00750948747202	-0.0115704835803	-0.0350145022362	-0.0344534227535	0.0105309416561	0.0425692161153	1.0	0.012187272261	0.0556025333831	0.0114144649932	-0.115211910288	0.00303785903044	0.000907852358728	0.0159481191597	0.0223206350109	0.0339775902647	0.0107194450545	-0.0479125406209	0.0131342013308	0.0124153403919	-0.0457084552959	-0.0573396267253	0.0366937551303	0.0172967426853	-0.0162574251885	-0.0256172747495	0.0225944863849	0.0169717935278	-0.0329544579347	0.0446653578719	0.0655583179452	0.000322740202646	-0.0165315307075	0.0152602956878	-0.0122030316742	-0.0106101791717	0.000437361927368	-0.0162661637155	-0.0293821975587	0.0161885606661	0.102747325665
k__Bacteria;p__Bacteroidetes;c__Bacteroidia;o__Bacteroidales;f__Bacteroidaceae;g__Bacteroides;s__Bacteroides_coprophilus	0.0161313210232	0.0190213103735	-0.0533744867019	-0.00455292077597	-0.029419319566	-0.00343477713144	0.00468081989679	-0.0176291314292	-0.0168648762941	0.0602686584873	0.0330391642129	-0.0649964754067	-0.00609993623386	0.0825861475127	-0.0132619455775	8.63254289504e-06	-0.00947133838639	0.0938260701689	0.0407374412852	-0.0108420949341	0.0015292864817	-0.0216541634412	-0.00135467487188	-0.0853619067557	0.012187272261	1.0	0.00521597644773	-0.0172602484032	-0.0176554224144	0.0537881599666	-0.0689993105591	-0.045654313804	0.031137621585	-0.000115001138656	-0.0794861307437	0.00174512561911	0.0233219521596	-0.0278806033877	-0.00166090551282	-0.00296282474006	0.0404782272653	0.0292426064139	0.00347441571879	-0.00802639707499	0.0243387458853	0.0153328804041	-0.0120098402049	-0.0217152233522	-0.0428562889276	-0.00433813331922	-0.0169119257629	-0.020706714314	-0.0226628130751	-0.0199778346204	0.0363972818571	-0.0358126932209	-0.0179958952832	0.0331286777008	-0.0325217752041
k__Bacteria;p__Firmicutes;c__Clostridia;o__Clostridiales;f__Lachnospiraceae;g__Roseburia;s__Roseburia_intestinalis	0.00986155410647	-0.0245732226724	0.0485762613046	-0.0379188209295	0.0170470801134	-0.00885829992276	-0.0624315407849	-0.0445959632903	-0.0572415559458	0.0662938119397	0.0340822718479	-0.0272188010821	-0.0304021338228	-0.05516001317	-0.0347199034522	0.0167927512207	-0.027406599935	-0.029156807521	-0.0337761218244	-0.00947896444758	-0.0572066063129	0.0475545910422	-0.0212558435892	0.01722834846	0.0556025333831	0.00521597644773	1.0	-0.00791572802527	-0.0477847850516	-0.0395079874559	-0.00978194069748	-0.0746944688581	-0.0102431692833	0.00138670273922	-0.0356492885468	-0.0137592583216	-0.0335350037026	-0.0371917067336	-0.00538611792028	0.0593564597501	0.0438921931232	0.0197609863063	-0.0392449774899	-0.0299574181039	-0.0488773560864	0.0266007604779	0.0444261102256	0.00138424030922	0.0265204032973	0.0165688440017	-0.0291528706304	0.0482755264376	-0.0331298463344	-0.0180763877015	0.0300158979575	0.0380801392778	-0.0653780022086	-0.0196163916764	-0.00353983394112
k__Bacteria;p__Firmicutes;c__Clostridia;o__Clostridiales;f__Lachnospiraceae;g__Roseburia;s__Roseburia_hominis	0.00208103881289	0.0477216501245	0.00688306391515	0.0175008120186	-0.058715062182	0.0107787285674	0.0536484558216	0.0151060814193	-0.0111589632617	-0.0385635932992	-0.0763497827466	-0.0335207772107	0.00908365207018	-0.0148475672962	0.0546405737034	0.0338143743891	0.0516329151297	-0.10234471583	-0.0106625628903	0.0175559852157	0.0165239328658	-0.011878533747	0.00216540746007	-0.0317953656753	0.0114144649932	-0.0172602484032	-0.00791572802527	1.0	0.0559353919791	-0.051948779423	-0.0224393868749	-0.0273275302364	-0.0222464612442	-0.108008250796	-0.0187140329399	-0.00180653593373	-0.074524971563	0.0588615523225	0.000778153112457	0.059574253543	0.000186937584239	-0.026269522501	-0.0282788251557	0.0306360550127	0.00935748129334	-0.0228981814388	0.00903956161031	-0.0284381206842	-0.0252524732551	0.0200294479465	0.0654596886339	0.018855677037	-0.0537239687843	-0.0274700256866	-0.0290236814903	-0.0152940231692	0.00293033152261	-0.0153804013124	-0.0119043844893
k__Bacteria;p__Bacteroidetes;c__Bacteroidia;o__Bacteroidales;f__Porphyromonadaceae;g__Parabacteroides;s__Parabacteroides_johnsonii	0.0199318560287	-0.0112703425278	0.0480576364723	-0.023087682206	-0.0305224586979	-0.077216772996	0.00202816632798	-0.00830927866501	0.0205425256807	0.00942313844443	-0.0630184484016	0.033893570365	-0.0157763112222	0.0130324786834	0.00275825473299	0.0466553905824	0.0263366539729	0.000821865090815	-0.00639512342173	-0.0160310222933	0.0759184996976	-0.0807235611569	0.0256949792615	0.0336559015823	-0.115211910288	-0.0176554224144	-0.0477847850516	0.0559353919791	1.0	-0.015950036117	-0.0104364792498	-0.00523697230322	0.00672801480429	-0.130662108999	0.0343456873305	-0.0421361016037	-0.0189572702376	-0.00162686465753	-0.0171866872935	-0.00629482765977	-0.000387282939595	-0.0166097310847	0.0454235445175	0.00331782081895	0.0221051835924	-0.0221853843576	-0.0215670681449	-0.00378658951046	0.0271315718725	0.0466019416673	0.0437069537839	-0.0345503004511	-0.0331879462333	-0.0308093479419	-0.00776004160451	-0.0467054549254	0.00315846528463	0.0106397927756	-0.0339071680369
k__Bacteria;p__Actinobacteria;c__Actinobacteria;o__Bifidobacteriales;f__Bifidobacteriaceae;g__Bifidobacterium;s__Bifidobacterium_longum	0.029134658702	-0.0521691693363	-0.0107752505458	-0.030688635938	0.0501398056879	0.0386625942836	0.0534337628909	-0.00708460049496	-0.00580877593642	-0.039649601688	0.00290878183285	-0.0227362840989	0.0571456296097	0.0335381708087	-0.0245556594843	-0.0141131927786	0.0649225750016	-0.0481079882999	-0.0535611100702	0.0270658423341	0.0171437108891	-0.0387228905036	-0.0212785474766	0.0683716091932	0.00303785903044	0.0537881599666	-0.0395079874559	-0.051948779423	-0.015950036117	1.0	-0.00516529237623	-0.0569152307383	0.0415693512598	-0.00165450436755	0.0118587625245	0.0203683955676	-0.0317532865274	-0.01290195407	-0.00244496109307	0.0849054691061	0.0129880706441	-0.00875593251586	-0.0333321500652	-0.0103240118736	-0.0162294465941	0.0300854713965	0.0118549551768	-0.08570699205	0.00194884419994	-0.030750417757	-0.0778134937395	-0.0312345146683	0.013614064488	0.0417968439427	-0.0125972439729	0.014149984568	-0.00202607815467	-0.0275791523944	0.0462634466489
