#taxonomy	k__Bacteria;p__Bacteroidetes;c__Bacteroidia;o__Bacteroidales;f__Bacteroidaceae;g__Bacteroides;s__Bacteroides_vulgatus	k__Bacteria;p__Bacteroidetes;c__Bacteroidia;o__Bacteroidales;f__Bacteroidaceae;g__Bacteroides;s__Bacteroides_uniformis	k__Bacteria;p__Bacteroidetes;c__Bacteroidia;o__Bacteroidales;f__Rikenellaceae;g__Alistipes;s__Alistipes_putredinis	k__Bacteria;p__Bacteroidetes;c__Bacteroidia;o__Bacteroidales;f__Prevotellaceae;g__Prevotella;s__Prevotella_copri	k__Bacteria;p__Bacteroidetes;c__Bacteroidia;o__Bacteroidales;f__Bacteroidaceae;g__Bacteroides;s__Bacteroides_stercoris	k__Bacteria;p__Bacteroidetes;c__Bacteroidia;o__Bacteroidales;f__Bacteroidaceae;g__Bacteroides;s__Bacteroides_ovatus	k__Bacteria;p__Bacteroidetes;c__Bacteroidia;o__Bacteroidales;f__Rikenellaceae;g__Alistipes;s__Alistipes_shahii	k__Bacteria;p__Firmicutes;c__Clostridia;o__Clostridiales;f__Ruminococcaceae;g__Faecalibacterium;s__Faecalibacterium_prausnitzii	k__Bacteria;p__Bacteroidetes;c__Bacteroidia;o__Bacteroidales;f__Rikenellaceae;g__Alistipes;s__Alistipes_finegoldii	k__Bacteria;p__Bacteroidetes;c__Bacteroidia;o__Bacteroidales;f__Porphyromonadaceae;g__Parabacteroides;s__Parabacteroides_distasonis	k__Bacteria;p__Bacteroidetes;c__Bacteroidia;o__Bacteroidales;f__Bacteroidaceae;g__Bacteroides;s__Bacteroides_thetaiotaomicron	k__Bacteria;p__Bacteroidetes;c__Bacteroidia;o__Bacteroidales;f__Bacteroidaceae;g__Bacteroides;s__Bacteroides_coprocola	k__Bacteria;p__Bacteroidetes;c__Bacteroidia;o__Bacteroidales;f__Bacteroidaceae;g__Bacteroides;s__Bacteroides_cellulosilyticus	k__Bacteria;p__Bacteroidetes;c__Bacteroidia;o__Bacteroidales;f__Rikenellaceae;g__Alistipes;s__Alistipes_obesi	k__Bacteria;p__Firmicutes;c__Clostridia;o__Clostridiales;f__Lachnospiraceae;g__;s__[Eubacterium]_rectale	k__Bacteria;p__Bacteroidetes;c__Bacteroidia;o__Bacteroidales;f__Bacteroidaceae;g__Bacteroides;s__Bacteroides_plebeius	k__Bacteria;p__Bacteroidetes;c__Bacteroidia;o__Bacteroidales;f__Bacteroidaceae;g__Bacteroides;s__Bacteroides_fragilis	k__Bacteria;p__Proteobacteria;c__Betaproteobacteria;o__Burkholderiales;f__Sutterellaceae;g__Sutterella;s__Sutterella_wadsworthensis	k__Bacteria;p__Bacteroidetes;c__Bacteroidia;o__Bacteroidales;f__Porphyromonadaceae;g__Barnesiella;s__Barnesiella_intestinihominis	k__Bacteria;p__Bacteroidetes;c__Bacteroidia;o__Bacteroidales;f__Odoribacteraceae;g__Odoribacter;s__Odoribacter_splanchnicus	k__Bacteria;p__Bacteroidetes;c__Bacteroidia;o__Bacteroidales;f__Bacteroidaceae;g__Bacteroides;s__Bacteroides_salyersiae	k__Bacteria;p__Firmicutes;c__Clostridia;o__Clostridiales;f__Ruminococcaceae;g__Ruminiclostridium;s__[Eubacterium]_siraeum	k__Bacteria;p__Proteobacteria;c__Betaproteobacteria;o__Burkholderiales;f__Sutterellaceae;g__Parasutterella;s__Parasutterella_excrementihominis	k__Bacteria;p__Actinobacteria;c__Actinobacteria;o__Bifidobacteriales;f__Bifidobacteriaceae;g__Bifidobacterium;s__Bifidobacterium_adolescentis	k__Bacteria;p__Firmicutes;c__Clostridia;o__Clostridiales;f__Oscillospiraceae;g__Oscillibacter;s__Oscillibacter_sp._KLE_1745	k__Bacteria;p__Bacteroidetes;c__Bacteroidia;o__Bacteroidales;f__Bacteroidaceae;g__Bacteroides;s__Bacteroides_coprophilus	k__Bacteria;p__Firmicutes;c__Clostridia;o__Clostridiales;f__Lachnospiraceae;g__Roseburia;s__Roseburia_intestinalis	k__Bacteria;p__Firmicutes;c__Clostridia;o__Clostridiales;f__Lachnospiraceae;g__Roseburia;s__Roseburia_hominis	k__Bacteria;p__Bacteroidetes;c__Bacteroidia;o__Bacteroidales;f__Porphyromonadaceae;g__Parabacteroides;s__Parabacteroides_johnsonii	k__Bacteria;p__Actinobacteria;c__Actinobacteria;o__Bifidobacteriales;f__Bifidobacteriaceae;g__Bifidobacterium;s__Bifidobacterium_longum	k__Bacteria;p__Firmicutes;c__Clostridia;o__Clostridiales;f__;g__Flavonifractor;s__Flavonifractor_plautii	k__Bacteria;p__Firmicutes;c__Clostridia;o__Clostridiales;f__Clostridiaceae;g__Clostridium;s__Clostridium_phoceensis	k__Bacteria;p__Verrucomicrobia;c__Verrucomicrobiae;o__Verrucomicrobiales;f__Akkermansiaceae;g__Akkermansia;s__Akkermansia_muciniphila	k__Bacteria;p__Bacteroidetes;c__Bacteroidia;o__Bacteroidales;f__Prevotellaceae;g__Paraprevotella;s__Paraprevotella_xylaniphila	k__Bacteria;p__Firmicutes;c__Clostridia;o__Clostridiales;f__Ruminococcaceae;g__Ruminococcus;s__Ruminococcus_callidus	k__Bacteria;p__Bacteroidetes;c__Bacteroidia;o__Bacteroidales;f__Rikenellaceae;g__Alistipes;s__Alistipes_senegalensis	k__Bacteria;p__Firmicutes;c__Clostridia;o__Clostridiales;f__Lachnospiraceae;g__Blautia;s__Blautia_sp._KLE_1732	k__Bacteria;p__Bacteroidetes;c__Bacteroidia;o__Bacteroidales;f__Bacteroidaceae;g__Bacteroides;s__Bacteroides_oleiciplenus	k__Bacteria;p__Firmicutes;c__Clostridia;o__Clostridiales;f__Ruminococcaceae;g__Ruminococcus;s__Ruminococcus_bicirculans	k__Bacteria;p__Bacteroidetes;c__Bacteroidia;o__Bacteroidales;f__Bacteroidaceae;g__Bacteroides;s__Bacteroides_fluxus	k__Bacteria;p__Bacteroidetes;c__Bacteroidia;o__Bacteroidales;f__Prevotellaceae;g__Prevotella;s__Prevotella_stercorea	k__Bacteria;p__Firmicutes;c__Clostridia;o__Clostridiales;f__Lachnospiraceae;g__Dorea;s__Dorea_longicatena	k__Bacteria;p__Firmicutes;c__Clostridia;o__Clostridiales;f__Eubacteriaceae;g__Eubacterium;s__[Eubacterium]_eligens	k__Bacteria;p__Firmicutes;c__Clostridia;o__Clostridiales;f__Ruminococcaceae;g__;s__Ruminococcaceae_bacterium_D16	k__Bacteria;p__Firmicutes;c__Clostridia;o__Clostridiales;f__Lachnospiraceae;g__Coprococcus;s__Coprococcus_comes	k__Bacteria;p__Proteobacteria;c__Gammaproteobacteria;o__Enterobacterales;f__Enterobacteriaceae;g__Escherichia;s__Escherichia_coli	k__Bacteria;p__Firmicutes;c__Clostridia;o__Clostridiales;f__Ruminococcaceae;g__Anaerotruncus;s__Anaerotruncus_colihominis	k__Bacteria;p__Firmicutes;c__Clostridia;o__Clostridiales;f__Lachnospiraceae;g__Blautia;s__Blautia_obeum	k__Bacteria;p__Bacteroidetes;c__Bacteroidia;o__Bacteroidales;f__Odoribacteraceae;g__Odoribacter;s__Odoribacter_laneus	k__Bacteria;p__Firmicutes;c__Clostridia;o__Clostridiales;f__Ruminococcaceae;g__Ruminiclostridium;s__[Clostridium]_leptum	k__Bacteria;p__Bacteroidetes;c__Bacteroidia;o__Bacteroidales;f__Porphyromonadaceae;g__Parabacteroides;s__Parabacteroides_goldsteinii	k__Bacteria;p__Firmicutes;c__Clostridia;o__Clostridiales;f__Lachnospiraceae;g__Anaerostipes;s__Anaerostipes_hadrus	k__Bacteria;p__Firmicutes;c__Clostridia;o__Clostridiales;f__Ruminococcaceae;g__Ruminococcus;s__Ruminococcus_lactaris	k__Bacteria;p__Firmicutes;c__Clostridia;o__Clostridiales;f__Clostridiaceae;g__Clostridium;s__Clostridium_sp._L2-50	k__Bacteria;p__Firmicutes;c__Clostridia;o__Clostridiales;f__Clostridiaceae;g__Clostridium;s__Clostridium_sp._M62/1	k__Bacteria;p__Firmicutes;c__Clostridia;o__Clostridiales;f__;g__Intestinimonas;s__Intestinimonas_butyriciproducens	k__Bacteria;p__Actinobacteria;c__Actinobacteria;o__Bifidobacteriales;f__Bifidobacteriaceae;g__Bifidobacterium;s__Bifidobacterium_bifidum	k__Bacteria;p__Firmicutes;c__Negativicutes;o__Veillonellales;f__Veillonellaceae;g__Dialister;s__Dialister_invisus	k__Bacteria;p__Bacteroidetes;c__Bacteroidia;o__Bacteroidales;f__Bacteroidaceae;g__Bacteroides;s__Bacteroides_salanitronis
k__Bacteria;p__Bacteroidetes;c__Bacteroidia;o__Bacteroidales;f__Bacteroidaceae;g__Bacteroides;s__Bacteroides_vulgatus	1.0	-0.0412483695406	-0.0237137906109	0.0344035751931	-0.00118759288858	-0.023607650699	0.00905409654508	0.0423533026813	0.0374408980635	0.0378781710081	-0.0189040161362	-0.0370632190371	-0.0273946887872	-0.0222872508306	-0.0118261379881	0.0125830465103	-0.0320398686064	-0.00614390284011	-0.0142138737336	-0.0104467019717	-0.0235571663717	-0.0313014678008	-0.00392067103819	0.0424494144896	-0.0150215251695	0.051983541836	-0.0667816519965	0.0118536128303	-0.0376358387494	0.00502748864593	-0.0184358839787	-0.0337999396322	0.0139512104399	0.0173509018469	0.0136279001372	-0.0204003725298	-0.0280543517697	-0.006983840102	-0.0473997139451	-0.0470259026439	0.0364161112828	-0.0236697766317	-0.0248132237722	-0.0158032692742	-0.00354758418104	-0.0574923897029	0.0196527785524	-0.0226167296716	-0.0571917449184	0.0135522427185	0.0358361669274	6.44063020554e-05	-0.0502004990356	-0.0417767850742	0.037645946006	-0.00294695318297	0.00334657886406	-0.00554208746569	-0.0089341053426
k__Bacteria;p__Bacteroidetes;c__Bacteroidia;o__Bacteroidales;f__Bacteroidaceae;g__Bacteroides;s__Bacteroides_uniformis	-0.0412483695406	1.0	-0.00153029432849	-0.0931848447059	0.0545314101084	0.0559926225844	-0.0501632907635	-0.0143670782008	0.0294551490259	-0.0648714487275	-0.0885311058365	-0.00208435906968	-0.00265517786607	-0.0482398260981	-0.0160490799468	0.00246684212915	-0.0277621383664	-0.0300552567552	0.053127406586	-0.0411380450787	0.0157022726612	-0.00666746429011	0.0354252921102	0.0230520615913	0.00132390340944	-0.0420934753934	-0.0400643179	-0.00149322309348	0.0711528226588	0.0251205108737	-0.0187757396608	-0.0602250788298	0.0602257247981	-0.0132415506691	0.0415523702385	0.0114865406049	-0.0335394876643	0.00192134078534	0.0254662096295	-0.0276341150587	0.0242399644558	-0.0199817261216	-0.0235794919167	0.0477203370766	-0.0298618666887	0.0562531393681	-0.0189348170183	-0.00584620074548	0.0128933853946	0.00334724714217	-0.00780462257247	0.0065866113622	-0.0663731635021	0.0197987208006	-0.0418886302062	-0.0617391355418	-0.0241768913436	-0.031943170183	-0.0334036158806
k__Bacteria;p__Bacteroidetes;c__Bacteroidia;o__Bacteroidales;f__Rikenellaceae;g__Alistipes;s__Alistipes_putredinis	-0.0237137906109	-0.00153029432849	1.0	0.0251142592761	0.00868772421092	0.0116441736974	-0.0546573629131	-0.0513269377374	-0.0226649078198	0.0376636035962	-0.0106424375473	-0.000829687908295	0.0399621505913	0.00203154937674	-0.101139168176	-0.0791710907834	-0.00326782976496	-0.0019082710905	0.0113252801732	-0.0385819612311	-0.0420650286466	0.0186709462877	-0.00643137354964	-0.00238135978369	0.00171009905808	-0.0194886800389	-0.016818640321	-0.0579781232557	-0.0227433016052	-0.0143811249057	-0.00875092336483	0.0368702470753	-0.00661597058824	0.0624684508093	-0.0205084240841	0.0169606121904	0.0653059740826	-0.0212181046343	0.0184073654479	-0.00397641917851	-0.000636684921021	0.0265619937216	-0.0134743057055	-0.0145345200094	0.0515233138702	0.0173063208502	-0.0112600207887	0.014292846853	-0.0408417537077	-0.0102695358027	-0.00668625473977	0.0148445218765	0.0260530635751	0.0021643210235	-0.039015992364	-0.0300065203556	0.0508250594186	0.020789995642	-0.0736382148895
k__Bacteria;p__Bacteroidetes;c__Bacteroidia;o__Bacteroidales;f__Prevotellaceae;g__Prevotella;s__Prevotella_copri	0.0344035751931	-0.0931848447059	0.0251142592761	1.0	-0.00965429640038	-0.0188139248691	-0.0203445641891	0.00784104644809	-0.0267311889408	0.0535157512341	0.0226474839394	0.0398418978855	0.0111934497792	-0.00927474617477	-0.0118464985275	0.00655861021647	0.0104192942471	0.00244339394674	-0.0832643556617	0.00999360777283	-0.0228649843356	-0.0121594963027	-0.0113170753996	-0.0727955511661	-0.0573365985485	-0.0786444493697	0.013199691993	-0.0532544704441	0.0188203336789	-0.0473343092123	0.02628944541	-0.0181040628776	-0.0823729596272	-0.0129671575123	0.0065305688436	0.0334659753838	0.000287906970085	0.00438575378403	-0.0510168711272	0.00186601487228	-0.0360078974292	0.0505368639056	-0.0137556993374	0.0163829113333	0.0231180442497	-0.0394482286162	-0.0238239997571	0.0585658088457	-0.0819683130724	-0.02905312049	0.0294855971536	-0.024112186114	-0.0258997294489	-0.0537729339843	-0.0830083987461	0.0589236348778	0.0239898464363	0.0270918707953	0.0207028428961
k__Bacteria;p__Bacteroidetes;c__Bacteroidia;o__Bacteroidales;f__Bacteroidaceae;g__Bacteroides;s__Bacteroides_stercoris	-0.00118759288858	0.0545314101084	0.00868772421092	-0.00965429640038	1.0	0.0965162326421	-0.0154024981837	-0.0461931994307	0.0242823246199	-0.0390645126166	-0.00186960707899	-0.0535265189825	0.0339679001981	0.0280827942124	-0.039917978378	0.0143752042123	-0.0399515803802	-0.0783362854233	0.0668984497557	-0.00146651863979	0.0470011128422	-0.0276459071072	0.00363310922951	1.14024599501e-05	-0.0762397078558	0.0154415270652	-0.0243740844816	0.0104798148471	0.0240762195821	-0.0202278304186	-0.026200318497	-0.0991597850789	-0.0391698217597	-0.00122247094801	-0.0274128373881	-0.00217274859473	-0.030102399053	0.0169626471871	0.0334448370775	0.0134172826144	0.0150865607886	0.0543515686235	-0.0660526096804	-0.0942385069045	0.0229925836172	-0.0303472625084	-0.015492304594	0.0685485988629	-0.0188033246926	-0.0441694937423	-0.0623989940843	0.0125164300687	-0.0452615681005	0.087016601059	0.0249055625428	-0.0446281371106	0.0307310520079	0.0247813450728	0.000425232709301
k__Bacteria;p__Bacteroidetes;c__Bacteroidia;o__Bacteroidales;f__Bacteroidaceae;g__Bacteroides;s__Bacteroides_ovatus	-0.023607650699	0.0559926225844	0.0116441736974	-0.0188139248691	0.0965162326421	1.0	0.0296179737739	-0.018467881348	0.0305810944172	-0.0753284803783	-0.0330880543187	0.0629327410045	0.0140400523888	0.0174226623049	-0.0696727662425	-0.00668550891289	-0.00430009596653	0.0103366736147	0.0387682227586	0.0267113969225	-0.0839881014458	0.00949852712465	0.0426182461716	0.0269765292794	0.0142501433131	-0.0360197946482	-0.0144032639371	-0.0102132226162	0.0301266986116	-0.101307183223	-0.0352619899351	0.0135411226235	-0.0122955805377	-0.082186669699	-0.0222510117201	0.0201537694888	-0.0233446063947	-0.0478748468572	-0.0250406632319	-0.00637329033155	-0.0338462415969	-0.0103658586452	0.011732626268	0.0257532422653	0.0155209334887	0.00465764128499	0.0169098810478	-0.0749902808491	0.022073565496	0.0366951824749	-0.0752317625804	-0.0206454687028	0.0460082201636	0.0282596011779	-0.0293536491496	-0.042201808411	-0.0471448614753	0.00989875662038	-0.0382735868193
k__Bacteria;p__Bacteroidetes;c__Bacteroidia;o__Bacteroidales;f__Rikenellaceae;g__Alistipes;s__Alistipes_shahii	0.00905409654508	-0.0501632907635	-0.0546573629131	-0.0203445641891	-0.0154024981837	0.0296179737739	1.0	-0.00767857954925	-0.0568990272613	0.019758551187	0.020420022055	-0.0285105365526	0.0348790502805	0.00963777787989	-0.0322211649765	-0.0381786073968	-0.00430466654989	-0.000126114954592	0.00897771910895	-0.116778544106	0.0208601163546	-0.013926081502	-0.0217617846686	0.0335916650979	0.0342283623678	-0.0230171177816	-0.00247275972802	-0.0285354422443	-0.0382717699842	-0.00590779685849	0.0917157815068	-0.00446211536742	-0.0116932658518	-0.0161703906627	-0.0345928381592	-0.0281084431322	-0.00639204360663	-0.0582116783477	-0.0271324675727	-0.00368764722877	-0.0263527929864	0.0614279287973	0.0439045937451	-0.00336283916577	0.043270572894	-0.0494844268952	0.0354337147098	0.013873150717	0.0057421182518	0.0813379991669	-0.0773050549473	0.0126655814962	-0.0130573374884	-0.0296207109679	-0.0401776447343	-0.00150996895222	0.0259191913727	0.0103878201887	-0.0486531171327
k__Bacteria;p__Firmicutes;c__Clostridia;o__Clostridiales;f__Ruminococcaceae;g__Faecalibacterium;s__Faecalibacterium_prausnitzii	0.0423533026813	-0.0143670782008	-0.0513269377374	0.00784104644809	-0.0461931994307	-0.018467881348	-0.00767857954925	1.0	-0.0161898982132	0.0383979761463	-0.0231629489224	-0.047666612714	-0.00292699139477	0.0453902058318	-0.0373659802745	0.0121123479046	-0.0306642437925	0.0459858524509	0.0685944374635	-0.00960929003522	-0.0421982217512	0.0321164070834	0.00255943608387	-0.00254349613206	0.00806631192978	0.0155129282713	0.00854848364895	-0.0564231327938	-0.00761040359635	0.0265667369009	0.0367911590119	0.00409028720369	0.00742402302765	0.025179878192	0.0149354558062	-0.0805882903432	-0.0458928776728	-0.038341877774	-0.0299901377275	-0.024260084505	-0.0904098688399	0.0383917839237	0.00074331439506	0.0455884759897	0.0319552553461	-0.0627522432709	0.0189616830011	-0.0717585009139	0.00374536616997	-0.0250029183516	-0.0451392357746	0.0637991853292	-0.00629155534836	0.00651909587884	0.00267372207403	-0.0167640244932	-0.00911777473787	-0.00568868699832	-0.0221740069411
k__Bacteria;p__Bacteroidetes;c__Bacteroidia;o__Bacteroidales;f__Rikenellaceae;g__Alistipes;s__Alistipes_finegoldii	0.0374408980635	0.0294551490259	-0.0226649078198	-0.0267311889408	0.0242823246199	0.0305810944172	-0.0568990272613	-0.0161898982132	1.0	0.0213521285975	0.000690373751082	-0.0122586349006	0.0160759531793	-0.0587229000097	-0.0210604159362	0.0296402466409	-0.00524828593949	0.0170881818324	0.0224039101566	0.0323060691668	0.0337710860534	0.00130787389877	-0.0485622834688	-0.0258426471868	0.0332997827317	-0.0473432308954	-0.00966006703843	-0.033310060453	0.0104744452242	0.00868281804802	-0.0350228222192	-0.0175134240453	0.00886876438767	0.00850615262584	-0.0372988692534	0.0522123859107	0.0386541460469	0.0312304502331	0.0415322341067	-0.00675383502167	0.0142134019928	-0.0472382866657	0.0161712470281	-0.0539985937139	0.0268329900538	0.0355594193163	-0.00576262728234	-0.000398413720686	0.0152530169892	-0.0158009954372	-0.021044782372	-0.0130026827264	-0.0170425285623	-0.00666063067513	-0.0110588518667	-0.0300458916245	-0.0394336874968	0.00407034862407	-0.0293868923065
k__Bacteria;p__Bacteroidetes;c__Bacteroidia;o__Bacteroidales;f__Porphyromonadaceae;g__Parabacteroides;s__Parabacteroides_distasonis	0.0378781710081	-0.0648714487275	0.0376636035962	0.0535157512341	-0.0390645126166	-0.0753284803783	0.019758551187	0.0383979761463	0.0213521285975	1.0	-0.00976934680278	0.00816665560829	0.0393260086486	-0.0271317221943	-0.0500230571268	0.087126758184	0.00429142370736	-0.00321273557489	-0.0428555972343	0.0288721918039	-0.0583057982671	-0.0031547915555	-0.0253195433786	0.00197026157143	0.00602138424278	-0.0347554394278	0.0135931347222	-0.0240485556436	-0.0242161835117	-0.0193575074706	-0.0174041992451	-0.0489002384393	0.0105712366699	-0.0386114567607	0.0218500633189	-0.0523971677774	0.0683779520079	0.0239446980552	-0.0379295713969	0.0115841854924	-0.046158660032	0.0116541288144	0.0144111399691	0.0184456160337	0.0183173359904	-0.0128272296208	-0.0172659565633	0.0255939352297	0.0142670696871	-0.00919340184811	0.0239526326038	-0.00750865431383	0.0159893747163	-0.0378739624826	-0.0105781880208	-0.0405883046038	0.0279117921161	-0.02802276981	-0.0471129879782
k__Bacteria;p__Bacteroidetes;c__Bacteroidia;o__Bacteroidales;f__Bacteroidaceae;g__Bacteroides;s__Bacteroides_thetaiotaomicron	-0.0189040161362	-0.0885311058365	-0.0106424375473	0.0226474839394	-0.00186960707899	-0.0330880543187	0.020420022055	-0.0231629489224	0.000690373751082	-0.00976934680278	1.0	0.0117328935154	-0.0376055409488	-0.0626068934344	-0.0258393483923	0.0618691564583	0.00133083857283	0.022181298574	0.024740940949	-0.00669289720679	0.0249219834281	0.0135506919174	-0.0292856894307	0.0340575294142	0.0788495832959	0.0563005432105	0.0551175316868	-0.038225008526	0.0224179967207	0.00258693830318	-0.0619414147051	-0.00232309890436	-0.0216838263894	-0.077291264272	-0.0889872792314	-0.0495750370768	-0.014727747387	0.0568463085416	0.0212760766174	0.00167922597024	-0.0225992246686	-0.0186682379084	-0.027997979815	-0.048707493016	-0.035660932223	0.0335900114205	-0.0240115930139	-0.0295799596463	0.0270829095475	0.0066074484288	-0.0868408163443	-0.00743831897317	-0.0053292641943	0.0492238248508	-0.0231104436444	0.099463957123	-0.0293777060536	-0.00927332076453	0.0731647225991
k__Bacteria;p__Bacteroidetes;c__Bacteroidia;o__Bacteroidales;f__Bacteroidaceae;g__Bacteroides;s__Bacteroides_coprocola	-0.0370632190371	-0.00208435906968	-0.000829687908295	0.0398418978855	-0.0535265189825	0.0629327410045	-0.0285105365526	-0.047666612714	-0.0122586349006	0.00816665560829	0.0117328935154	1.0	0.0237748787003	0.0185972710464	0.0864824712691	0.0287270302293	-0.0579812740766	-0.0576917591041	-0.0461954407422	-0.0664354200601	-0.0068000934841	0.0270077691932	-0.0114776094686	-0.0182078675453	0.000537433267131	0.0429904591816	-0.0569272944481	-0.0387125830143	-0.010661707861	-0.062642247644	0.0018420692763	0.000691015205706	0.0265499463034	0.0331003856255	-0.0081074019429	-0.00390764106443	-0.0330984701031	-0.00710675725046	0.0353608519337	-0.0143780943336	0.0388290979364	-0.0271353825404	0.0446028188734	0.0622421507235	-0.0154053132317	-0.00490809469679	0.0558183970224	0.00121387000574	-0.0948436109562	-0.0879208963203	-0.0431223502473	-0.0166058680365	-0.00764269923529	-0.0526323624147	-0.0312921901725	-0.0158278970443	-0.0305348005032	0.00634614798611	0.0205764461802
k__Bacteria;p__Bacteroidetes;c__Bacteroidia;o__Bacteroidales;f__Bacteroidaceae;g__Bacteroides;s__Bacteroides_cellulosilyticus	-0.0273946887872	-0.00265517786607	0.0399621505913	0.0111934497792	0.0339679001981	0.0140400523888	0.0348790502805	-0.00292699139477	0.0160759531793	0.0393260086486	-0.0376055409488	0.0237748787003	1.0	-0.0366783121834	0.00125997477045	-0.0106051533276	-0.0158536781168	0.0137227777514	-0.0306466356509	-0.00627088444319	0.0639915747947	0.0294912268372	-0.0408772648443	0.00847158193517	0.0240259759332	-0.0732377989857	-0.0577797680432	0.00652761784684	0.00503261521941	0.0600931085282	-0.0307595544678	-0.0393004239344	-0.0475593654356	0.062414400864	0.00870479253603	-0.00723506701395	-0.0286037886748	-0.0731591582628	0.0566739406735	-0.0936064714267	0.0363383979538	0.000545700173104	0.046857243318	0.00122483045795	0.0384739543898	-0.0613015522833	-0.0142407958389	-0.0396277904519	-0.030719586208	-0.0715184281101	-0.0746683277414	-0.073704051772	-0.0106438266663	0.00934079815937	0.0366223437355	0.0182076314764	-0.0223484478743	-0.0131441845829	-0.0256178263385
k__Bacteria;p__Bacteroidetes;c__Bacteroidia;o__Bacteroidales;f__Rikenellaceae;g__Alistipes;s__Alistipes_obesi	-0.0222872508306	-0.0482398260981	0.00203154937674	-0.00927474617477	0.0280827942124	0.0174226623049	0.00963777787989	0.0453902058318	-0.0587229000097	-0.0271317221943	-0.0626068934344	0.0185972710464	-0.0366783121834	1.0	0.000723743991796	-0.000524993486564	-0.0380480027356	-0.0417116572142	-0.0355783826559	0.00035987125598	0.00969784662713	0.0986594182954	-0.00491970403918	0.015671324745	0.0298950111778	-0.0224535049845	-0.00241843979895	0.0270286742301	0.0789402581319	0.0279499525608	-0.0105637313966	0.0129902503108	0.0527809253217	0.0225415481234	0.0172310887644	-0.0141617214159	0.00695681725404	0.0240391820122	-0.00180565895544	-0.0247364923057	0.044627562135	-0.0515471259958	0.00356297734712	-0.0187039807233	-0.0188984557579	-0.0288283013739	0.0361765922897	0.000673742574718	-0.0368386920148	-0.0607274041632	-0.02068597305	-0.0374809200299	-0.000848339088377	-0.0403710422065	0.0445717873914	-0.0499927289872	-0.02511226196	0.031652612336	0.00333811755405
k__Bacteria;p__Firmicutes;c__Clostridia;o__Clostridiales;f__Lachnospiraceae;g__;s__[Eubacterium]_rectale	-0.0118261379881	-0.0160490799468	-0.101139168176	-0.0118464985275	-0.039917978378	-0.0696727662425	-0.0322211649765	-0.0373659802745	-0.0210604159362	-0.0500230571268	-0.0258393483923	0.0864824712691	0.00125997477045	0.000723743991796	1.0	0.0298941457024	-0.00345522980933	0.0198920028574	-0.071728638841	-0.0240755883034	0.0208632761629	0.0043809264532	-0.0396841113043	0.0291571473301	0.0131344211364	-0.0356352411551	0.0205653839478	0.000913281463437	-0.0526638889926	-0.0746105694737	0.0218388048934	0.045497387545	0.0105797933846	-0.0393209000389	-0.0593536578122	0.0513273196296	-0.0107340050053	-0.0384659432547	0.0288037871331	0.0727956356312	0.0212216967087	-0.0411564270086	-0.00803747618802	-0.00895280691915	-0.0166457621145	0.00710323968118	-0.0349707470132	0.00275711635954	-0.0295083769614	-0.0512858004659	-0.0261351895991	0.0110290179353	0.012355107235	-0.0014253513168	0.0223310829485	-0.0412647064864	-0.00430590935984	0.024346249637	0.022428080112
k__Bacteria;p__Bacteroidetes;c__Bacteroidia;o__Bacteroidales;f__Bacteroidaceae;g__Bacteroides;s__Bacteroides_plebeius	0.0125830465103	0.00246684212915	-0.0791710907834	0.00655861021647	0.0143752042123	-0.00668550891289	-0.0381786073968	0.0121123479046	0.0296402466409	0.087126758184	0.0618691564583	0.0287270302293	-0.0106051533276	-0.000524993486564	0.0298941457024	1.0	0.0290923740036	0.0164529918122	-0.047498314561	0.033629517396	-0.076274919346	-0.00642934572689	-0.0188118618294	-0.00590829768471	-0.0154622180122	0.000823353068084	-0.0308618893389	-0.0629562303541	-0.0786167527872	0.00282725342442	-0.0501566153459	0.0117479972892	-0.0255225417843	-0.0433790579639	0.039937036065	-0.0333369942456	-0.0332694372252	-0.0132578810417	-0.0621293192069	-0.0648332175407	-0.0619114823116	0.00578722584595	-0.0103987559515	-0.00673615661021	0.0129602011717	0.0340797879985	0.00068413297028	0.0410336171708	0.0251493396066	0.0405907918226	0.0493652487941	-0.0105767249926	-0.0336762958906	0.00344925172481	0.0246071669654	-0.0247884449264	0.0297461840532	-0.0127536546918	-0.0308625345913
k__Bacteria;p__Bacteroidetes;c__Bacteroidia;o__Bacteroidales;f__Bacteroidaceae;g__Bacteroides;s__Bacteroides_fragilis	-0.0320398686064	-0.0277621383664	-0.00326782976496	0.0104192942471	-0.0399515803802	-0.00430009596653	-0.00430466654989	-0.0306642437925	-0.00524828593949	0.00429142370736	0.00133083857283	-0.0579812740766	-0.0158536781168	-0.0380480027356	-0.00345522980933	0.0290923740036	1.0	0.040759963129	-0.00274913515289	0.0178221564977	0.0731303500649	-0.0259807932991	-0.0247816722499	-0.0172671816725	0.015928011819	-0.041282033274	-0.0618010869989	0.0546669411757	-0.053999920444	0.0442137113325	0.0146927974134	0.0336191873279	0.00118582598888	-0.0219649538418	0.00646431788593	0.0067011654225	0.045777321334	0.00591576311767	-0.0803373405088	0.00350698841739	-0.0264788081679	-0.0547817441469	0.00258031197111	-0.0448539959172	-0.0295602277365	0.00227020079681	0.015362578643	-0.00307148551195	0.0624667789271	0.00970652004325	0.0455619022623	-0.0143895119986	-0.0252044199047	-0.038789065368	-0.00481857746486	-0.0204098873614	0.0592887966146	0.0114910714509	0.0268849521978
k__Bacteria;p__Proteobacteria;c__Betaproteobacteria;o__Burkholderiales;f__Sutterellaceae;g__Sutterella;s__Sutterella_wadsworthensis	-0.00614390284011	-0.0300552567552	-0.0019082710905	0.00244339394674	-0.0783362854233	0.0103366736147	-0.000126114954592	0.0459858524509	0.0170881818324	-0.00321273557489	0.022181298574	-0.0576917591041	0.0137227777514	-0.0417116572142	0.0198920028574	0.0164529918122	0.040759963129	1.0	0.0101987608742	0.0403149068886	0.00531487530693	-0.0375417744838	-0.0395104609018	-0.0376257073003	-0.000593379440814	-0.0569868744303	0.0603153420702	-0.00501111342984	-0.00864893044673	0.0173295131624	0.0522180462262	0.00492808275953	0.0182759767594	-0.0382318847974	-0.0333594300786	0.0287974654064	-0.0441377853716	0.0138952289958	-0.00513316763884	-0.0302523574863	-0.0291731197772	0.00352687575119	0.0361768183135	-0.0365376008006	0.024125755348	0.0245247468084	-0.0305918508789	-0.0505210592807	-0.0257750712635	0.0209665069384	0.0379310399892	-0.015993695144	0.0466709112063	-0.015175556734	0.0106541176905	0.0171602808813	-0.0831118228968	-0.0199866007621	-0.0232711512878
k__Bacteria;p__Bacteroidetes;c__Bacteroidia;o__Bacteroidales;f__Porphyromonadaceae;g__Barnesiella;s__Barnesiella_intestinihominis	-0.0142138737336	0.053127406586	0.0113252801732	-0.0832643556617	0.0668984497557	0.0387682227586	0.00897771910895	0.0685944374635	0.0224039101566	-0.0428555972343	0.024740940949	-0.0461954407422	-0.0306466356509	-0.0355783826559	-0.071728638841	-0.047498314561	-0.00274913515289	0.0101987608742	1.0	4.40864807983e-05	-0.0180622949629	0.00254145333668	-0.0152648854627	0.0332854649998	0.0352039484263	-0.0554099996635	-0.0113214337207	0.00906794162491	-0.0136926300476	0.0245835330377	-0.0465133476425	-0.0262407339871	-0.00940019157206	0.0236260569922	-0.0212767409461	-0.00320116253546	-0.0116401045225	-0.0537818853499	0.00663539566662	-0.0661249673155	0.0224611964212	-0.0255337126098	-0.0207082369435	-0.00111837806129	-0.0518321042369	-0.064760512432	0.057254833123	-0.00235557002202	-0.0221680609254	-0.00724602602397	-0.0383418997221	0.0523787298764	0.00212723249167	0.0222773535314	0.0215378565867	-0.000848595322231	-0.00895947265622	-0.0187853304853	0.00457332815383
k__Bacteria;p__Bacteroidetes;c__Bacteroidia;o__Bacteroidales;f__Odoribacteraceae;g__Odoribacter;s__Odoribacter_splanchnicus	-0.0104467019717	-0.0411380450787	-0.0385819612311	0.00999360777283	-0.00146651863979	0.0267113969225	-0.116778544106	-0.00960929003522	0.0323060691668	0.0288721918039	-0.00669289720679	-0.0664354200601	-0.00627088444319	0.00035987125598	-0.0240755883034	0.033629517396	0.0178221564977	0.0403149068886	4.40864807983e-05	1.0	0.00170486408678	0.0147414602155	-0.0156147488496	0.03980656166	0.0195820441654	-0.0342589050747	0.00178492417477	-0.00988255491124	0.00113534167195	0.00338028846254	-0.0353751398279	0.0220816428783	-0.0558567292209	0.00872247161947	-0.0248896117425	0.0445803838032	-0.0541235194627	-0.0278903962652	-0.0196428218385	-0.0562576420873	0.00141934572445	-0.0514324340104	0.013246561571	0.0132662554541	-0.0415616898256	0.00482942423989	0.0233722522769	-0.037771930405	-0.00665937834588	0.00652010309877	-0.0673637940593	-0.0295933812143	0.00270804392853	0.00576386033991	0.0157625252267	0.0136366036951	-0.0785928489677	-0.00360066571202	0.00989474287165
k__Bacteria;p__Bacteroidetes;c__Bacteroidia;o__Bacteroidales;f__Bacteroidaceae;g__Bacteroides;s__Bacteroides_salyersiae	-0.0235571663717	0.0157022726612	-0.0420650286466	-0.0228649843356	0.0470011128422	-0.0839881014458	0.0208601163546	-0.0421982217512	0.0337710860534	-0.0583057982671	0.0249219834281	-0.0068000934841	0.0639915747947	0.00969784662713	0.0208632761629	-0.076274919346	0.0731303500649	0.00531487530693	-0.0180622949629	0.00170486408678	1.0	0.0262399300829	0.0525809115272	-0.0139883090064	-0.0159970971648	-0.0595584484396	0.0347364743554	0.0457183728884	-0.00761217765984	0.0112171331556	0.00987749267922	-0.0292148684767	-0.0706071206895	0.0756219173934	-0.0124373363693	-0.0478540221441	0.0174760345384	-0.00237796299893	0.00342118310211	-0.00397474180195	0.07018756327	0.0248245537457	-0.0521814086176	0.0238265366954	0.0389079332931	-0.0162757835256	-0.0527110349381	0.00337191495611	-0.00910223490308	-0.0732310063645	-0.00123898224185	-0.0376864400832	0.0142113018748	-0.016707463046	-0.0607997903284	-0.0134325597852	0.0286007509315	-0.0281926574816	0.0174594908447
k__Bacteria;p__Firmicutes;c__Clostridia;o__Clostridiales;f__Ruminococcaceae;g__Ruminiclostridium;s__[Eubacterium]_siraeum	-0.0313014678008	-0.00666746429011	0.0186709462877	-0.0121594963027	-0.0276459071072	0.00949852712465	-0.013926081502	0.0321164070834	0.00130787389877	-0.0031547915555	0.0135506919174	0.0270077691932	0.0294912268372	0.0986594182954	0.0043809264532	-0.00642934572689	-0.0259807932991	-0.0375417744838	0.00254145333668	0.0147414602155	0.0262399300829	1.0	0.0609758417084	-0.0244175016463	-0.0735734023667	-0.0340614483356	0.0252213422225	-0.0125221753734	0.0118153935409	0.0576002934975	-0.00616012793384	-0.0650813714405	0.00842059773161	0.0406825238928	-0.0941355014932	0.00483648215455	-0.044749445621	0.056184830123	-0.0103040310091	-0.0117826039937	-0.0155334605705	0.0044676874673	0.0341367137353	-0.00245972570133	-0.0108324826983	-0.0482483595221	-0.0258557846745	0.00323075491428	-0.013723372861	0.0193320536355	0.0095415748848	-0.013202705882	-0.020841078182	0.00153842990012	-0.0179086887078	-0.0396351325094	-0.0312265610504	-0.0271753126392	-0.00379719004332
k__Bacteria;p__Proteobacteria;c__Betaproteobacteria;o__Burkholderiales;f__Sutterellaceae;g__Parasutterella;s__Parasutterella_excrementihominis	-0.00392067103819	0.0354252921102	-0.00643137354964	-0.0113170753996	0.00363310922951	0.0426182461716	-0.0217617846686	0.00255943608387	-0.0485622834688	-0.0253195433786	-0.0292856894307	-0.0114776094686	-0.0408772648443	-0.00491970403918	-0.0396841113043	-0.0188118618294	-0.0247816722499	-0.0395104609018	-0.0152648854627	-0.0156147488496	0.0525809115272	0.0609758417084	1.0	0.0512206032831	-0.0326682166767	-0.0640342884715	-0.0247919096592	0.0317357169076	0.0136895592955	0.0518270220518	9.84469247767e-05	-0.0920973342723	-0.0735096863418	0.0450168291	0.0209765060321	-0.0611441794687	0.0254182990232	-0.00978222881374	0.00690313456363	-0.071906382652	-0.0399892716159	0.0262438261244	0.0232917519732	-0.0200022732592	0.00186383577181	0.0333509146921	0.0069386338579	0.0420908521786	-0.044281363498	-0.00757512565211	-0.0204389739473	-0.0489996351647	-0.0475915517098	-0.0162031200543	-0.0432414814382	-0.0340002991342	0.00131289669221	0.0524520857227	-0.0475880280409
k__Bacteria;p__Actinobacteria;c__Actinobacteria;o__Bifidobacteriales;f__Bifidobacteriaceae;g__Bifidobacterium;s__Bifidobacterium_adolescentis	0.0424494144896	0.0230520615913	-0.00238135978369	-0.0727955511661	1.14024599501e-05	0.0269765292794	0.0335916650979	-0.00254349613206	-0.0258426471868	0.00197026157143	0.0340575294142	-0.0182078675453	0.00847158193517	0.015671324745	0.0291571473301	-0.00590829768471	-0.0172671816725	-0.0376257073003	0.0332854649998	0.03980656166	-0.0139883090064	-0.0244175016463	0.0512206032831	1.0	-0.0126843295452	0.0136572683017	0.0140460844534	-0.0118317099573	-0.0159494716836	-0.0164162036988	0.0120621505971	-0.0690451403103	-0.0365211650075	-0.0316935902964	-0.0112226068539	-0.0211541835599	-0.00164308383798	0.0207322538739	0.0138327773703	0.088357305919	0.0252132477777	0.0146262419022	-0.0559146652475	-0.00702949348982	-0.0269878451772	0.0372501624076	-0.000414990965058	-0.00253426926767	-0.0803731847516	-0.0215304220546	0.00641063984085	-0.0203865189606	-0.031404856953	-0.0653675799905	0.0842130245159	-0.0153810138081	-0.0559207414769	-0.0338947973395	-0.0229498121214
k__Bacteria;p__Firmicutes;c__Clostridia;o__Clostridiales;f__Oscillospiraceae;g__Oscillibacter;s__Oscillibacter_sp._KLE_1745	-0.0150215251695	0.00132390340944	0.00171009905808	-0.0573365985485	-0.0762397078558	0.0142501433131	0.0342283623678	0.00806631192978	0.0332997827317	0.00602138424278	0.0788495832959	0.000537433267131	0.0240259759332	0.0298950111778	0.0131344211364	-0.0154622180122	0.015928011819	-0.000593379440814	0.0352039484263	0.0195820441654	-0.0159970971648	-0.0735734023667	-0.0326682166767	-0.0126843295452	1.0	-0.0560827321143	0.0201253738657	0.00250782761605	-0.0495290267364	-0.0311484491427	0.00581555997686	-0.0162313418576	0.0587990880224	-0.0426945236909	-0.0279813381894	0.0356281230285	0.0344839330304	-0.0152093023219	-0.00192123897679	-0.00504001805774	0.0134006010272	-0.101684220727	-0.00385023862141	-0.0466001098145	0.0190224636086	-0.0424295800413	-0.0286916789614	-0.0286810582801	0.051946248665	-0.0486851857836	-0.0554687725387	-0.00887687856659	-0.00613794185288	-0.00388131854236	0.0330594341952	-0.0158019134829	0.0378621612794	-0.0238508290462	0.00422529540805
k__Bacteria;p__Bacteroidetes;c__Bacteroidia;o__Bacteroidales;f__Bacteroidaceae;g__Bacteroides;s__Bacteroides_coprophilus	0.051983541836	-0.0420934753934	-0.0194886800389	-0.0786444493697	0.0154415270652	-0.0360197946482	-0.0230171177816	0.0155129282713	-0.0473432308954	-0.0347554394278	0.0563005432105	0.0429904591816	-0.0732377989857	-0.0224535049845	-0.0356352411551	0.000823353068084	-0.041282033274	-0.0569868744303	-0.0554099996635	-0.0342589050747	-0.0595584484396	-0.0340614483356	-0.0640342884715	0.0136572683017	-0.0560827321143	1.0	0.0132903266656	0.0352293904232	-0.0160355911747	-0.040117815967	-0.023558669185	0.00633708464805	0.00775465079342	-0.0253383964133	-0.00405788107095	-0.0660410810953	0.04693281069	0.0362451589898	-0.0177850030111	0.0637694740587	0.00922948288553	0.0423159287301	-0.0332469229548	-0.0171883615213	-0.0329297807663	0.0282912675935	0.0332751123243	0.0156414602267	-0.0197097447765	0.0652413254502	0.00585261431916	0.054031348414	0.0187221783118	0.000596042051739	-0.0179029934411	-0.0287501624855	0.0103436083639	-0.00619728716064	-0.0551089325549
k__Bacteria;p__Firmicutes;c__Clostridia;o__Clostridiales;f__Lachnospiraceae;g__Roseburia;s__Roseburia_intestinalis	-0.0667816519965	-0.0400643179	-0.016818640321	0.013199691993	-0.0243740844816	-0.0144032639371	-0.00247275972802	0.00854848364895	-0.00966006703843	0.0135931347222	0.0551175316868	-0.0569272944481	-0.0577797680432	-0.00241843979895	0.0205653839478	-0.0308618893389	-0.0618010869989	0.0603153420702	-0.0113214337207	0.00178492417477	0.0347364743554	0.0252213422225	-0.0247919096592	0.0140460844534	0.0201253738657	0.0132903266656	1.0	-0.0541362958297	0.0469049669695	-0.0712974710977	-0.0236800022016	-0.0261720069873	-0.0115810115225	0.034489495625	0.0407407716652	-0.0648534827339	0.017533651368	-0.0371586742004	0.0229029726331	-0.046029730512	0.0294083941223	0.0115690258601	-0.0242157676774	0.0315214377706	0.0250852934894	0.0482506441786	0.0560608895235	-0.0638892809039	0.0434508322053	0.0349249462778	0.0168589954305	0.0387378616797	-0.00398256203357	0.00538934541068	-0.0285848827713	0.0166431048054	-0.0189065067613	0.00830681570723	-0.0150525587182
k__Bacteria;p__Firmicutes;c__Clostridia;o__Clostridiales;f__Lachnospiraceae;g__Roseburia;s__Roseburia_hominis	0.0118536128303	-0.00149322309348	-0.0579781232557	-0.0532544704441	0.0104798148471	-0.0102132226162	-0.0285354422443	-0.0564231327938	-0.033310060453	-0.0240485556436	-0.038225008526	-0.0387125830143	0.00652761784684	0.0270286742301	0.000913281463437	-0.0629562303541	0.0546669411757	-0.00501111342984	0.00906794162491	-0.00988255491124	0.0457183728884	-0.0125221753734	0.0317357169076	-0.0118317099573	0.00250782761605	0.0352293904232	-0.0541362958297	1.0	-0.0440789679788	0.0292242965978	-0.0204266122779	-0.0168311057067	-0.0663028314778	-0.0176591928993	-0.00803777791277	-0.0355642732669	-0.0242481456347	0.0122819674638	0.0428877056433	0.0249371764369	-0.00694660149328	0.00499496912435	-0.00573467326734	-0.0366028539343	0.0146552118128	-0.0421685797995	-0.00311721202743	-0.0293878690436	-0.0363143452281	-0.0302630124743	0.00184535505593	-0.0181495004638	-0.00141903441434	0.0249391666404	-0.0469964124476	-0.00815383042509	0.046027768667	-0.00603204372238	-0.052091169595
k__Bacteria;p__Bacteroidetes;c__Bacteroidia;o__Bacteroidales;f__Porphyromonadaceae;g__Parabacteroides;s__Parabacteroides_johnsonii	-0.0376358387494	0.0711528226588	-0.0227433016052	0.0188203336789	0.0240762195821	0.0301266986116	-0.0382717699842	-0.00761040359635	0.0104744452242	-0.0242161835117	0.0224179967207	-0.010661707861	0.00503261521941	0.0789402581319	-0.0526638889926	-0.0786167527872	-0.053999920444	-0.00864893044673	-0.0136926300476	0.00113534167195	-0.00761217765984	0.0118153935409	0.0136895592955	-0.0159494716836	-0.0495290267364	-0.0160355911747	0.0469049669695	-0.0440789679788	1.0	-0.00488371636827	-0.033793708736	-0.0477330495242	-0.0262041086867	-0.0403866298296	-0.011371995762	-0.0437238933596	-0.0681181608754	-0.0159825252748	-0.0407714434322	-0.0283085726765	-0.0613747514166	-0.0118017416076	0.00777852514152	-0.0331075335005	-0.00371897779041	-0.0498315607566	-0.0208192075196	-0.0552919199805	0.00133345925639	-0.0816600871574	-0.0707445459296	0.00869951071763	0.0581580865315	-0.0209883582645	0.0696189453989	-0.0679064356674	-0.0433522855847	0.0607107314229	-0.0599211586486
k__Bacteria;p__Actinobacteria;c__Actinobacteria;o__Bifidobacteriales;f__Bifidobacteriaceae;g__Bifidobacterium;s__Bifidobacterium_longum	0.00502748864593	0.0251205108737	-0.0143811249057	-0.0473343092123	-0.0202278304186	-0.101307183223	-0.00590779685849	0.0265667369009	0.00868281804802	-0.0193575074706	0.00258693830318	-0.062642247644	0.0600931085282	0.0279499525608	-0.0746105694737	0.00282725342442	0.0442137113325	0.0173295131624	0.0245835330377	0.00338028846254	0.0112171331556	0.0576002934975	0.0518270220518	-0.0164162036988	-0.0311484491427	-0.040117815967	-0.0712974710977	0.0292242965978	-0.00488371636827	1.0	-0.0240716439224	-0.0245973027945	-0.000288920895739	0.0571715237231	-0.0114496292403	0.0523511979319	-0.00909017871273	-0.0153676034487	-0.0304654488371	-0.0535549032274	-0.05294725698	0.0156215707551	-0.00163946110978	-0.0335824769659	0.0178565089893	-0.0549083639167	-0.00370020936982	0.0350342049401	-0.0475493058308	-0.0390068723355	0.0129176082996	0.0514586878912	0.00833292269324	0.0114206635844	0.00626128937993	0.0576253796479	-0.00715098273752	-0.068436685393	-0.0404882545753
