#taxonomy	k__Bacteria;p__Bacteroidetes;c__Bacteroidia;o__Bacteroidales;f__Bacteroidaceae;g__Bacteroides;s__Bacteroides_vulgatus	k__Bacteria;p__Bacteroidetes;c__Bacteroidia;o__Bacteroidales;f__Bacteroidaceae;g__Bacteroides;s__Bacteroides_uniformis	k__Bacteria;p__Bacteroidetes;c__Bacteroidia;o__Bacteroidales;f__Rikenellaceae;g__Alistipes;s__Alistipes_putredinis	k__Bacteria;p__Bacteroidetes;c__Bacteroidia;o__Bacteroidales;f__Prevotellaceae;g__Prevotella;s__Prevotella_copri	k__Bacteria;p__Bacteroidetes;c__Bacteroidia;o__Bacteroidales;f__Bacteroidaceae;g__Bacteroides;s__Bacteroides_stercoris	k__Bacteria;p__Bacteroidetes;c__Bacteroidia;o__Bacteroidales;f__Bacteroidaceae;g__Bacteroides;s__Bacteroides_ovatus	k__Bacteria;p__Bacteroidetes;c__Bacteroidia;o__Bacteroidales;f__Rikenellaceae;g__Alistipes;s__Alistipes_shahii	k__Bacteria;p__Firmicutes;c__Clostridia;o__Clostridiales;f__Ruminococcaceae;g__Faecalibacterium;s__Faecalibacterium_prausnitzii	k__Bacteria;p__Bacteroidetes;c__Bacteroidia;o__Bacteroidales;f__Rikenellaceae;g__Alistipes;s__Alistipes_finegoldii	k__Bacteria;p__Bacteroidetes;c__Bacteroidia;o__Bacteroidales;f__Porphyromonadaceae;g__Parabacteroides;s__Parabacteroides_distasonis	k__Bacteria;p__Bacteroidetes;c__Bacteroidia;o__Bacteroidales;f__Bacteroidaceae;g__Bacteroides;s__Bacteroides_thetaiotaomicron	k__Bacteria;p__Bacteroidetes;c__Bacteroidia;o__Bacteroidales;f__Bacteroidaceae;g__Bacteroides;s__Bacteroides_coprocola	k__Bacteria;p__Bacteroidetes;c__Bacteroidia;o__Bacteroidales;f__Bacteroidaceae;g__Bacteroides;s__Bacteroides_cellulosilyticus	k__Bacteria;p__Bacteroidetes;c__Bacteroidia;o__Bacteroidales;f__Rikenellaceae;g__Alistipes;s__Alistipes_obesi	k__Bacteria;p__Firmicutes;c__Clostridia;o__Clostridiales;f__Lachnospiraceae;g__;s__[Eubacterium]_rectale	k__Bacteria;p__Bacteroidetes;c__Bacteroidia;o__Bacteroidales;f__Bacteroidaceae;g__Bacteroides;s__Bacteroides_plebeius	k__Bacteria;p__Bacteroidetes;c__Bacteroidia;o__Bacteroidales;f__Bacteroidaceae;g__Bacteroides;s__Bacteroides_fragilis	k__Bacteria;p__Proteobacteria;c__Betaproteobacteria;o__Burkholderiales;f__Sutterellaceae;g__Sutterella;s__Sutterella_wadsworthensis	k__Bacteria;p__Bacteroidetes;c__Bacteroidia;o__Bacteroidales;f__Porphyromonadaceae;g__Barnesiella;s__Barnesiella_intestinihominis	k__Bacteria;p__Bacteroidetes;c__Bacteroidia;o__Bacteroidales;f__Odoribacteraceae;g__Odoribacter;s__Odoribacter_splanchnicus	k__Bacteria;p__Bacteroidetes;c__Bacteroidia;o__Bacteroidales;f__Bacteroidaceae;g__Bacteroides;s__Bacteroides_salyersiae	k__Bacteria;p__Firmicutes;c__Clostridia;o__Clostridiales;f__Ruminococcaceae;g__Ruminiclostridium;s__[Eubacterium]_siraeum	k__Bacteria;p__Proteobacteria;c__Betaproteobacteria;o__Burkholderiales;f__Sutterellaceae;g__Parasutterella;s__Parasutterella_excrementihominis	k__Bacteria;p__Actinobacteria;c__Actinobacteria;o__Bifidobacteriales;f__Bifidobacteriaceae;g__Bifidobacterium;s__Bifidobacterium_adolescentis	k__Bacteria;p__Firmicutes;c__Clostridia;o__Clostridiales;f__Oscillospiraceae;g__Oscillibacter;s__Oscillibacter_sp._KLE_1745	k__Bacteria;p__Bacteroidetes;c__Bacteroidia;o__Bacteroidales;f__Bacteroidaceae;g__Bacteroides;s__Bacteroides_coprophilus	k__Bacteria;p__Firmicutes;c__Clostridia;o__Clostridiales;f__Lachnospiraceae;g__Roseburia;s__Roseburia_intestinalis	k__Bacteria;p__Firmicutes;c__Clostridia;o__Clostridiales;f__Lachnospiraceae;g__Roseburia;s__Roseburia_hominis	k__Bacteria;p__Bacteroidetes;c__Bacteroidia;o__Bacteroidales;f__Porphyromonadaceae;g__Parabacteroides;s__Parabacteroides_johnsonii	k__Bacteria;p__Actinobacteria;c__Actinobacteria;o__Bifidobacteriales;f__Bifidobacteriaceae;g__Bifidobacterium;s__Bifidobacterium_longum	k__Bacteria;p__Firmicutes;c__Clostridia;o__Clostridiales;f__;g__Flavonifractor;s__Flavonifractor_plautii	k__Bacteria;p__Firmicutes;c__Clostridia;o__Clostridiales;f__Clostridiaceae;g__Clostridium;s__Clostridium_phoceensis	k__Bacteria;p__Verrucomicrobia;c__Verrucomicrobiae;o__Verrucomicrobiales;f__Akkermansiaceae;g__Akkermansia;s__Akkermansia_muciniphila	k__Bacteria;p__Bacteroidetes;c__Bacteroidia;o__Bacteroidales;f__Prevotellaceae;g__Paraprevotella;s__Paraprevotella_xylaniphila	k__Bacteria;p__Firmicutes;c__Clostridia;o__Clostridiales;f__Ruminococcaceae;g__Ruminococcus;s__Ruminococcus_callidus	k__Bacteria;p__Bacteroidetes;c__Bacteroidia;o__Bacteroidales;f__Rikenellaceae;g__Alistipes;s__Alistipes_senegalensis	k__Bacteria;p__Firmicutes;c__Clostridia;o__Clostridiales;f__Lachnospiraceae;g__Blautia;s__Blautia_sp._KLE_1732	k__Bacteria;p__Bacteroidetes;c__Bacteroidia;o__Bacteroidales;f__Bacteroidaceae;g__Bacteroides;s__Bacteroides_oleiciplenus	k__Bacteria;p__Firmicutes;c__Clostridia;o__Clostridiales;f__Ruminococcaceae;g__Ruminococcus;s__Ruminococcus_bicirculans	k__Bacteria;p__Bacteroidetes;c__Bacteroidia;o__Bacteroidales;f__Bacteroidaceae;g__Bacteroides;s__Bacteroides_fluxus	k__Bacteria;p__Bacteroidetes;c__Bacteroidia;o__Bacteroidales;f__Prevotellaceae;g__Prevotella;s__Prevotella_stercorea	k__Bacteria;p__Firmicutes;c__Clostridia;o__Clostridiales;f__Lachnospiraceae;g__Dorea;s__Dorea_longicatena	k__Bacteria;p__Firmicutes;c__Clostridia;o__Clostridiales;f__Eubacteriaceae;g__Eubacterium;s__[Eubacterium]_eligens	k__Bacteria;p__Firmicutes;c__Clostridia;o__Clostridiales;f__Ruminococcaceae;g__;s__Ruminococcaceae_bacterium_D16	k__Bacteria;p__Firmicutes;c__Clostridia;o__Clostridiales;f__Lachnospiraceae;g__Coprococcus;s__Coprococcus_comes	k__Bacteria;p__Proteobacteria;c__Gammaproteobacteria;o__Enterobacterales;f__Enterobacteriaceae;g__Escherichia;s__Escherichia_coli	k__Bacteria;p__Firmicutes;c__Clostridia;o__Clostridiales;f__Ruminococcaceae;g__Anaerotruncus;s__Anaerotruncus_colihominis	k__Bacteria;p__Firmicutes;c__Clostridia;o__Clostridiales;f__Lachnospiraceae;g__Blautia;s__Blautia_obeum	k__Bacteria;p__Bacteroidetes;c__Bacteroidia;o__Bacteroidales;f__Odoribacteraceae;g__Odoribacter;s__Odoribacter_laneus	k__Bacteria;p__Firmicutes;c__Clostridia;o__Clostridiales;f__Ruminococcaceae;g__Ruminiclostridium;s__[Clostridium]_leptum	k__Bacteria;p__Bacteroidetes;c__Bacteroidia;o__Bacteroidales;f__Porphyromonadaceae;g__Parabacteroides;s__Parabacteroides_goldsteinii	k__Bacteria;p__Firmicutes;c__Clostridia;o__Clostridiales;f__Lachnospiraceae;g__Anaerostipes;s__Anaerostipes_hadrus	k__Bacteria;p__Firmicutes;c__Clostridia;o__Clostridiales;f__Ruminococcaceae;g__Ruminococcus;s__Ruminococcus_lactaris	k__Bacteria;p__Firmicutes;c__Clostridia;o__Clostridiales;f__Clostridiaceae;g__Clostridium;s__Clostridium_sp._L2-50	k__Bacteria;p__Firmicutes;c__Clostridia;o__Clostridiales;f__Clostridiaceae;g__Clostridium;s__Clostridium_sp._M62/1	k__Bacteria;p__Firmicutes;c__Clostridia;o__Clostridiales;f__;g__Intestinimonas;s__Intestinimonas_butyriciproducens	k__Bacteria;p__Actinobacteria;c__Actinobacteria;o__Bifidobacteriales;f__Bifidobacteriaceae;g__Bifidobacterium;s__Bifidobacterium_bifidum	k__Bacteria;p__Firmicutes;c__Negativicutes;o__Veillonellales;f__Veillonellaceae;g__Dialister;s__Dialister_invisus	k__Bacteria;p__Bacteroidetes;c__Bacteroidia;o__Bacteroidales;f__Bacteroidaceae;g__Bacteroides;s__Bacteroides_salanitronis
k__Bacteria;p__Bacteroidetes;c__Bacteroidia;o__Bacteroidales;f__Bacteroidaceae;g__Bacteroides;s__Bacteroides_vulgatus	1.0	-0.0231998337768	-0.0116796276665	-0.0312332516273	-0.00458818937058	0.0131392748069	0.0204242798559	0.00354755022813	0.0243218264195	0.0529398011598	-0.0264454922359	0.00798804528376	-0.0145106303477	-0.00893756429947	0.0393156464453	-0.0965723303029	-0.0033073478019	0.0170428857137	0.0521709389592	-0.00369995883423	-0.03784943608	-0.0431706007149	-0.0170646554163	-0.0405715869938	-0.0581353923704	0.0221580293412	-0.0583073850765	0.0227140269483	-0.0471585718097	0.0051253633091	0.0310264442927	-0.00772170198458	0.0267213263706	-0.0400916444898	-0.0366364765668	0.049466962857	-0.0171253991048	0.0320470075098	0.0160614575265	-0.018264478157	0.0172032732725	-0.02983313499	-0.00369956965756	-0.028560664572	-0.0299130610953	-0.0331766846813	0.014776033514	-0.00913157869936	0.0396352254152	-0.00688475658458	0.00628963403975	-0.0389883768142	0.0701015202736	-0.0229377346091	-0.0416938147454	-0.00440274661814	0.0369243010554	-0.0504760603337	0.00471777297919
k__Bacteria;p__Bacteroidetes;c__Bacteroidia;o__Bacteroidales;f__Bacteroidaceae;g__Bacteroides;s__Bacteroides_uniformis	-0.0231998337768	1.0	-0.0356738260416	0.025889445874	0.00290020667509	0.027403395828	0.0132682091883	-0.0598659152265	0.0780228293166	-0.0128283332151	0.0334345270531	-0.0162045144408	-0.0358473537045	0.0111412473033	-0.00334401538451	0.0173453359541	0.0109219081982	-0.0231266576831	0.00902011239238	-0.0136099783981	-0.0328634536375	0.00590639123189	0.0249322985606	-0.0305407604053	-0.0181835346897	-0.022176346423	-0.0596079272361	-0.033033780867	0.0898141461547	0.0925184525434	-0.0428847579635	0.0333586259738	-0.0103766572053	0.00671012280077	0.00019275195932	0.0454457358049	0.00691122856695	-0.0305289654712	-0.0281177884526	-0.0571241889725	-0.0123794610881	-0.0145161662135	-0.0292603082101	0.00216917522135	-0.0749431313484	-0.0424697227981	-0.0216613002284	-0.0260956465903	-0.0254540164989	-0.0202336850231	0.036895566085	0.021800917983	-0.0156536366536	-0.0518718522908	-0.0214356170878	-0.0332503142256	-0.0143810440764	-0.00864311185874	0.0408433481638
k__Bacteria;p__Bacteroidetes;c__Bacteroidia;o__Bacteroidales;f__Rikenellaceae;g__Alistipes;s__Alistipes_putredinis	-0.0116796276665	-0.0356738260416	1.0	-0.0701254735353	-0.0213922932324	0.0168595272801	0.00242973961808	0.00126248746676	-0.0555939387212	0.0114712777677	-0.0244640522969	-0.020818235032	-0.0453397177434	0.0499557295057	0.0546326554337	0.0363185297021	-0.0415281986787	-0.0475434373965	-0.0286481514186	-0.0414169877698	-0.0362435060152	-0.0150095040838	-0.00815314665992	-0.0255345689113	0.017819143888	-0.000729359806187	0.0330190485145	-0.0232898356516	0.0335578384759	-0.000269997384302	-0.00565173211903	-0.0610733747361	0.00327874823889	0.0358410845321	-0.0322881863776	0.0391924199838	-0.0377774909469	-0.0170050266849	-0.0213805871487	-0.00105421315239	0.0232930416963	0.0222282110839	-0.0267703877445	-0.0486676499354	-0.0795418401196	-0.0464512509619	-0.0278075016343	-0.0288589274655	0.00423997439237	-0.0686185190175	-0.0832226206762	0.00566549341725	-0.0191255150293	-0.044343826553	0.0216594594468	0.0258548046425	0.0417192684183	0.00386832238163	0.0434488215863
k__Bacteria;p__Bacteroidetes;c__Bacteroidia;o__Bacteroidales;f__Prevotellaceae;g__Prevotella;s__Prevotella_copri	-0.0312332516273	0.025889445874	-0.0701254735353	1.0	0.0382394736383	-0.0424246095481	0.00623852337536	-0.0386342347676	0.00153614151248	-0.00705316235438	-0.10946294669	-0.0302146777964	-0.00573697112072	-0.0325264347229	-0.00391416777388	0.0295933772276	0.0150046619087	0.050900913712	-0.0474765038846	0.0184335451885	-0.0606091511164	-0.0493577956641	-0.00694571215554	0.0582487394848	-0.0512275785082	-0.086369660689	-0.0233104036614	-0.0459302972445	0.0260168763878	0.0176626155417	0.00393048330936	0.0424905206733	-0.0358864035297	0.000387168864622	0.0232091416978	-0.0305113319363	-0.0174085862538	-0.0770383126736	-0.0399988849611	-0.0354696462567	0.0415891185119	0.0352144404995	-0.0272360749939	-0.0143977103856	0.0301536845182	0.0304300500345	-0.0637977993217	-0.0267203853666	0.064610112091	0.0289495569202	0.0491139618981	-0.0620096927264	-0.0564198420278	-0.00737131542985	0.0339077121483	0.0152826120323	-0.086277947707	-0.0398292908448	0.0544932765865
k__Bacteria;p__Bacteroidetes;c__Bacteroidia;o__Bacteroidales;f__Bacteroidaceae;g__Bacteroides;s__Bacteroides_stercoris	-0.00458818937058	0.00290020667509	-0.0213922932324	0.0382394736383	1.0	-0.0312390788256	0.0850895543076	0.0188149695348	0.0329520986255	-0.00932447537738	-0.0152787091413	-0.0938130627842	-0.00168343320738	0.0205465321747	0.000896472933157	0.0153800021715	0.00204972385764	-0.0296251928564	-0.00271459507949	-0.0323975538205	0.0341396891977	0.035358490024	-0.0174677016093	-0.0012523769777	-0.0159734780588	-0.0521815565904	-0.0812743688206	-0.107909826007	0.00622836121697	0.0617522180471	0.0489278942207	0.0129127589095	-0.0618289558552	0.00474562888413	0.0212274468603	0.00962706020095	0.0260536062606	0.0244101386464	-0.00988891837669	0.0238567109919	-0.00445742228067	-0.000843576777061	-0.0624748307916	0.0265181750886	0.0118525110576	0.0130825477281	-0.00184362977724	-0.0315378319339	-0.0572339002149	0.0110416643781	-0.0419854489108	0.0262815073112	-0.00752891658721	-0.0290265263524	-0.00480461929916	0.0205556163975	0.0316983279617	-0.0240816290964	-0.0525859955345
k__Bacteria;p__Bacteroidetes;c__Bacteroidia;o__Bacteroidales;f__Bacteroidaceae;g__Bacteroides;s__Bacteroides_ovatus	0.0131392748069	0.027403395828	0.0168595272801	-0.0424246095481	-0.0312390788256	1.0	-0.0619976003243	-0.00890966328701	-0.0575590572027	-0.0210995901367	0.0113317782997	-0.0192576841913	-0.0490517406684	0.0111762350172	0.0159987389197	-0.0509958606556	0.00598363697904	0.00699720255112	-0.033840132301	0.0229971888915	0.0408848849795	-0.0183748818395	-0.0522437254467	0.0122369372415	-0.0585909828231	-0.0320488400478	-0.0366935807173	-0.081296696334	0.00444677370283	-0.0447214202011	-0.0288807321289	-0.0860351048961	-0.0271268802451	-0.00750921966681	-0.0184461393783	-0.0113795133123	0.0332808435435	-0.000820314786283	0.00921011531048	-0.0166709858936	-0.0379891181367	0.022338540887	0.00843426463426	0.0336393012077	0.00569564919769	0.0539696823574	0.0235365300928	-0.0607398092903	-0.0255855493161	-0.0355520567451	-0.00745618512946	-0.05026439346	-0.00104059538423	0.0221779919277	-0.0204082687146	-0.0282321674832	0.0874644323116	-0.0101778499635	-0.0798204058065
k__Bacteria;p__Bacteroidetes;c__Bacteroidia;o__Bacteroidales;f__Rikenellaceae;g__Alistipes;s__Alistipes_shahii	0.0204242798559	0.0132682091883	0.00242973961808	0.00623852337536	0.0850895543076	-0.0619976003243	1.0	-0.0303535923	-0.0404584142508	-0.0100251975465	0.0117650515645	0.000871732103671	-0.034381538159	0.0248434661697	-0.0311504569893	0.0112883628175	0.00837085034581	-0.0117452290147	0.0123367843623	-0.0421201779091	-0.020553581805	-0.0748468831376	0.0174609103693	0.00643299203285	-0.0128896021249	-0.0631695596895	0.0436654692165	0.0251016897321	-0.0140602318334	0.0340311298191	-0.0278480829325	-0.0769057010216	-0.00998359443156	-0.0240267875544	0.0672920122107	-0.0320384406303	-0.0114182225857	-0.0104736970094	0.00417229805759	-0.0252393472189	0.0413940740844	-0.036172669347	0.0509201405823	-0.0286830781862	-0.00287857922336	-0.0146162816633	-0.00442321861392	-0.083424595132	0.00160946925829	-0.00621574528272	0.0417010273045	0.0323562478949	-0.0760540558474	-0.0223869405597	0.00827578406247	-0.00295826350563	0.00687391334693	-0.0818230513276	0.0470525774554
k__Bacteria;p__Firmicutes;c__Clostridia;o__Clostridiales;f__Ruminococcaceae;g__Faecalibacterium;s__Faecalibacterium_prausnitzii	0.00354755022813	-0.0598659152265	0.00126248746676	-0.0386342347676	0.0188149695348	-0.00890966328701	-0.0303535923	1.0	0.00747907776809	-0.0023633721729	0.00374332739994	0.0534832558257	-0.0332100532125	-0.0365131541709	-0.0160549334406	0.00317960675461	0.0658518702766	-0.021751391392	-0.0331155153823	-0.028903473431	-0.0753681387384	-0.00527921981303	0.0267285472585	-0.0102967430479	-0.00243868371226	0.00211512449961	-0.00709409633852	-0.035299101567	0.00979541211476	-0.0554451735016	0.0400931965812	-0.00325301284803	0.0365140158434	-4.66792315176e-05	0.055753334234	-0.00165177118946	-0.0725392790347	0.0218188466168	-0.118639523268	0.0182564316205	0.0165299068756	0.0615513415067	-0.0347989687031	-0.0475815524048	-0.00598574137843	-0.0214562129598	0.0181602132741	0.0109296103674	-0.0349415534633	-0.000593903459503	-0.0310183087596	-0.0124984830335	-0.0113756222189	-0.035707422962	0.0399978688418	-0.0367054671055	0.0148457705086	-0.00884524859955	-0.0203674426123
k__Bacteria;p__Bacteroidetes;c__Bacteroidia;o__Bacteroidales;f__Rikenellaceae;g__Alistipes;s__Alistipes_finegoldii	0.0243218264195	0.0780228293166	-0.0555939387212	0.00153614151248	0.0329520986255	-0.0575590572027	-0.0404584142508	0.00747907776809	1.0	-0.0196940165914	-0.0050403888923	-0.0119740951578	0.0261312585395	0.00629429593506	0.000845190198076	-0.0034003049601	0.00759677730729	-0.00418588293712	-0.000247034298221	-0.0524572112039	0.0165935691654	-0.0774677516958	0.00536372300579	-0.00883589073359	-0.0417561873008	-0.0673039597997	-0.0039873607882	-0.00200266563136	-0.0309610538641	-0.0398170031304	-0.00861754976419	-0.0347440145233	-0.0430514907065	0.00348770913568	-0.0295346752262	-0.0252766961516	0.00410482816219	-0.0215820383465	-0.0313614108647	-0.0738975920303	-0.00503836010748	-0.0101927146893	0.0124467756823	-0.0205764856158	0.0819772593604	-0.021704063484	-0.00857525486079	-0.0098539888974	0.0130499127582	0.0112461031842	-0.0213788310128	-0.023613813988	-0.0170208381827	0.0118680834037	-0.00725803536334	-0.0617478199501	0.0575940402487	0.101374665496	0.0238601780456
k__Bacteria;p__Bacteroidetes;c__Bacteroidia;o__Bacteroidales;f__Porphyromonadaceae;g__Parabacteroides;s__Parabacteroides_distasonis	0.0529398011598	-0.0128283332151	0.0114712777677	-0.00705316235438	-0.00932447537738	-0.0210995901367	-0.0100251975465	-0.0023633721729	-0.0196940165914	1.0	-0.0451022492923	-0.0287023527355	-0.00432706894275	-0.0357371688369	0.0248762576329	-0.0381034228103	0.0158868653312	-0.0283174462566	0.0305443575176	-0.00387001301052	0.00214760825921	-0.0170718584027	0.0173883014846	-0.00957706840054	0.0321163019034	-0.00390673020366	0.0544323992965	-0.0689552825091	0.00273926012724	-0.0300684055722	-0.00617762645987	0.0135049181616	-0.029545144923	0.00583490349195	-0.0281321320028	-0.0597482140389	0.0242425124473	0.0505798108399	-0.0186046408469	0.0127256515899	-0.0133296718951	-0.0209527421166	-0.0258400198216	0.00450696728949	-0.00119269991616	0.0215811375386	-0.00465535437492	0.0150692455538	0.0261437181402	0.0269344291321	-0.0328102428862	-0.0488974428415	-0.0404680808603	-0.0125760050752	-0.0300253727607	-0.0744730183546	-0.0342005296946	0.00216289874527	0.0459254389042
k__Bacteria;p__Bacteroidetes;c__Bacteroidia;o__Bacteroidales;f__Bacteroidaceae;g__Bacteroides;s__Bacteroides_thetaiotaomicron	-0.0264454922359	0.0334345270531	-0.0244640522969	-0.10946294669	-0.0152787091413	0.0113317782997	0.0117650515645	0.00374332739994	-0.0050403888923	-0.0451022492923	1.0	0.0190788825992	0.00430178274958	-0.00922495951553	0.0593353550983	-0.0597986801171	-0.0134709994925	-0.0348628696521	-0.0616037858642	-0.016310602264	0.0211913239325	-0.0112239711805	0.0496540038147	0.0522425783403	-0.017027951164	-0.0119045029093	-0.0735005104705	0.0326499239786	-0.0416196094692	-0.0173958386505	0.0172030817929	-0.0237005786518	-0.00882080426452	-0.00826407881732	0.0200997662347	0.0417134408611	-0.0364803020321	0.0130507702988	-0.0316993974832	0.0756099304491	0.0159469369169	-0.0502795804742	-0.00519639820698	-0.00709901922412	-0.037011588974	-0.0666048611079	-0.0117054937527	0.00590821968141	0.0476414169183	0.0234282729838	0.0314723202362	-0.00158330217231	0.00287341858579	-0.0141749909222	-0.0163197807604	-0.0296158951326	-0.00875404666411	-0.0130043377805	-0.0109716986121
k__Bacteria;p__Bacteroidetes;c__Bacteroidia;o__Bacteroidales;f__Bacteroidaceae;g__Bacteroides;s__Bacteroides_coprocola	0.00798804528376	-0.0162045144408	-0.020818235032	-0.0302146777964	-0.0938130627842	-0.0192576841913	0.000871732103671	0.0534832558257	-0.0119740951578	-0.0287023527355	0.0190788825992	1.0	0.0126333657014	0.0152815978676	0.0167293312958	0.00877254909093	-0.00633667791113	-0.0331093939561	-0.056570264661	0.0489561473404	-0.039422653294	-0.0373668742928	-0.0426928384457	6.62895243865e-06	-0.02978643562	-0.0201161396128	-0.0368417583453	0.0320532083526	0.00514591066354	-0.0825460759853	-0.138258654755	-0.0386236637894	0.0275606214373	-0.0608036739677	-0.00133489081305	-0.0489391472753	-0.0388050227789	0.0079963992625	-0.0275075726982	0.078996777578	-0.0337574285889	-0.0403539578064	-0.0271166019951	-0.0484383137146	0.0404875961135	0.0312720501621	0.0420486805328	-0.024008426613	-0.131955696625	0.00772035455764	-0.0221323319603	0.0335049196774	-0.0109400422903	0.0663156836614	-0.0187138609099	-0.00247062337869	-0.0351136304618	-0.0272022524837	-0.0834437950163
k__Bacteria;p__Bacteroidetes;c__Bacteroidia;o__Bacteroidales;f__Bacteroidaceae;g__Bacteroides;s__Bacteroides_cellulosilyticus	-0.0145106303477	-0.0358473537045	-0.0453397177434	-0.00573697112072	-0.00168343320738	-0.0490517406684	-0.034381538159	-0.0332100532125	0.0261312585395	-0.00432706894275	0.00430178274958	0.0126333657014	1.0	-0.0694864345383	0.0135968222935	0.0551222163771	0.053949058865	-0.00872307631954	0.0186930566051	-0.0124513361098	-0.0147335139158	0.00141428283972	-0.0322651622212	-0.0413249651177	-0.0484508296712	-0.0558026947317	-0.0507868211667	-0.0596358108645	-0.0110130695156	0.0200511668533	-0.0131964201939	-0.0117362915203	0.0319384376602	0.0222909778663	-0.0497405363226	-0.0282820136658	0.0162532425655	-0.0283243709569	-0.0281679310413	0.00759118643567	0.0162183403815	-0.0582966455278	0.00821860302934	-0.0524051890779	0.12297508987	-0.00208462779192	-0.0374628408168	0.0171270731187	-0.00768153897989	-0.0459613146989	-0.00215253605274	0.0566705904782	0.00459875727226	-0.0371074149332	-0.00411069251021	0.0447299541369	-0.0176321608495	-0.046892110286	-0.0175635605458
k__Bacteria;p__Bacteroidetes;c__Bacteroidia;o__Bacteroidales;f__Rikenellaceae;g__Alistipes;s__Alistipes_obesi	-0.00893756429947	0.0111412473033	0.0499557295057	-0.0325264347229	0.0205465321747	0.0111762350172	0.0248434661697	-0.0365131541709	0.00629429593506	-0.0357371688369	-0.00922495951553	0.0152815978676	-0.0694864345383	1.0	0.035572575324	-0.0208842434119	0.0341129411863	0.00930820805678	-0.0114893546369	-0.0246054940626	-0.0161772261594	0.0265882180371	0.0306152899116	0.0681340771094	-0.00757082769831	0.0154567278361	0.0103516046626	0.0132750626435	0.0116733013386	-0.0314629444643	-0.0632369508293	0.0461540432397	0.00160714685264	-0.022115472542	0.0168255183023	-0.0522439212233	0.00978364361197	-0.0172056102436	-0.0247782751549	-0.0208297133869	-0.0214479520612	-0.0322160667621	0.00899684680858	0.026836670673	0.00301048833513	-0.0846652665518	0.00212602406597	0.0204974420525	-0.00213469884292	-0.0473941305308	-0.00837860578063	-0.0198978147421	-0.0469229016789	-0.0254727280931	0.0255593819281	-0.0702912401582	0.027205168623	-0.0310639695436	-0.0331884159208
k__Bacteria;p__Firmicutes;c__Clostridia;o__Clostridiales;f__Lachnospiraceae;g__;s__[Eubacterium]_rectale	0.0393156464453	-0.00334401538451	0.0546326554337	-0.00391416777388	0.000896472933157	0.0159987389197	-0.0311504569893	-0.0160549334406	0.000845190198076	0.0248762576329	0.0593353550983	0.0167293312958	0.0135968222935	0.035572575324	1.0	0.0459435185504	0.0190961523986	0.0402388862359	0.000409203474791	-0.0371033192811	-0.00700669367572	-0.0350281071535	0.0148852124933	0.0342441342014	-0.0521614646069	-0.0223633326089	-0.031182994433	-0.0291709771653	-0.00472537795238	0.0123196254837	-0.0273412636069	0.0506297982706	0.0739890705946	-0.00792569462464	-0.0116912594383	-0.0358685515901	-0.027549184202	0.00959984659961	0.00817324549261	-0.00932798386228	-0.0250977285092	-0.0231311546846	-0.0218092761633	0.0134873636	0.0287546282136	0.0268511416487	-0.0799061445619	0.00834574758802	-0.0434577251148	-0.0365402789422	-0.0619714710217	-0.0602850982502	-0.079494097839	-0.00485638932663	-0.028370464989	0.0210413920559	-0.0807347218189	0.015674439394	-0.0588515884795
k__Bacteria;p__Bacteroidetes;c__Bacteroidia;o__Bacteroidales;f__Bacteroidaceae;g__Bacteroides;s__Bacteroides_plebeius	-0.0965723303029	0.0173453359541	0.0363185297021	0.0295933772276	0.0153800021715	-0.0509958606556	0.0112883628175	0.00317960675461	-0.0034003049601	-0.0381034228103	-0.0597986801171	0.00877254909093	0.0551222163771	-0.0208842434119	0.0459435185504	1.0	0.0249752765894	0.0463219003631	-0.0958773613899	0.101199889981	-0.032904806478	0.00606682551677	0.00273165786958	0.0182553682334	0.00615521810369	-0.0265923512441	-0.0296518786459	-0.0553959542479	0.0275867971957	-0.0474691480179	-0.0598183388824	-0.0341922047397	0.00287122259256	-0.0270873304041	0.0176347002258	0.00193730834012	-0.0169423579118	-0.043666888097	0.0187796579159	0.0104708684767	-0.00510267663401	-0.0287993585981	-0.00276600747249	0.00619773408596	0.00624128836417	0.025908984691	-0.016251313611	-0.0152863880948	-0.0583337401038	-0.0930759843238	-0.0630602194478	0.00675959049341	0.00203154396874	0.00118896275301	-0.0301001604538	0.0474317881849	-0.0302457256245	0.0284991807164	0.0142499600483
k__Bacteria;p__Bacteroidetes;c__Bacteroidia;o__Bacteroidales;f__Bacteroidaceae;g__Bacteroides;s__Bacteroides_fragilis	-0.0033073478019	0.0109219081982	-0.0415281986787	0.0150046619087	0.00204972385764	0.00598363697904	0.00837085034581	0.0658518702766	0.00759677730729	0.0158868653312	-0.0134709994925	-0.00633667791113	0.053949058865	0.0341129411863	0.0190961523986	0.0249752765894	1.0	-0.00727379146435	-0.0450838173555	-0.0386859609696	0.042500494659	-0.0304532884431	-0.0345321595107	-0.0297433744344	0.00152275679243	-0.0222834377544	0.00988967031379	-0.0111261669988	-0.0494852273937	-0.0279726257639	-0.0275416793736	-0.010834746897	0.0504969144001	-0.0583406773531	-0.0418524158272	-0.00551247509283	-0.0715460923608	-0.0448629179121	-0.0557791460827	-0.0414109949682	-0.0235022171321	0.00807651959035	0.00138170166837	-0.0241817084835	-0.0188783919483	-0.0124752355649	-0.0462965297491	-0.00534873947784	0.0228251001735	-0.0136686859924	-0.0181159584989	-0.0536302171449	-0.0223595387157	-0.0593954576345	0.0178528111703	0.0301018395224	0.0155846841727	-0.0780223891217	-0.0192303931851
k__Bacteria;p__Proteobacteria;c__Betaproteobacteria;o__Burkholderiales;f__Sutterellaceae;g__Sutterella;s__Sutterella_wadsworthensis	0.0170428857137	-0.0231266576831	-0.0475434373965	0.050900913712	-0.0296251928564	0.00699720255112	-0.0117452290147	-0.021751391392	-0.00418588293712	-0.0283174462566	-0.0348628696521	-0.0331093939561	-0.00872307631954	0.00930820805678	0.0402388862359	0.0463219003631	-0.00727379146435	1.0	0.0176664570161	-0.0193166723085	-0.073689933222	0.011961084068	-0.0394583051331	-0.00750035902113	-0.0211169441123	0.00191424055136	0.0187501755071	0.00222433908199	-0.0440873099548	-0.0322949779646	0.0556948517713	-0.0269375890169	0.017482767795	-0.027484467652	-0.0325650031104	0.0358120626848	-0.0377065666083	-0.0596135296734	-0.0038938056074	-0.0129958995809	-0.0515883755503	-0.00330936997393	-0.0526014583202	-0.0492791044519	0.0195016756271	0.0272531792871	0.0629820302684	-0.0748378813409	-0.0323935305162	-0.0398407181554	0.00708776847524	0.0190261968841	0.0195294514375	-0.0214536862432	-0.0267180253182	-0.00674445165135	0.0330357690281	0.023024161729	0.037997638982
k__Bacteria;p__Bacteroidetes;c__Bacteroidia;o__Bacteroidales;f__Porphyromonadaceae;g__Barnesiella;s__Barnesiella_intestinihominis	0.0521709389592	0.00902011239238	-0.0286481514186	-0.0474765038846	-0.00271459507949	-0.033840132301	0.0123367843623	-0.0331155153823	-0.000247034298221	0.0305443575176	-0.0616037858642	-0.056570264661	0.0186930566051	-0.0114893546369	0.000409203474791	-0.0958773613899	-0.0450838173555	0.0176664570161	1.0	-0.045139748279	0.0134254861039	0.00255368526999	0.0227183156265	-0.0399758265016	-0.0289314550838	0.0333610628549	0.02514893075	-0.0235415690186	-0.0198733091037	-0.0659365520382	0.0420131282435	-0.0492576997755	-0.0360151907463	0.0389191775678	0.0109113065998	0.0472276621296	-0.0140287657431	0.0241006629758	-0.00836593742466	-0.0223802205056	-0.044670705128	0.0216051901882	0.000889529655738	0.005103798885	0.0137286725584	0.0102992773337	0.0239094676016	-0.0341470738821	-0.0325027347895	-0.0287370748114	-0.0144469930838	-0.000530622299077	0.0217176184729	0.0362309325091	-0.0573250479791	-0.0438148437631	-0.0175468550116	0.0236886198289	0.0307038560067
k__Bacteria;p__Bacteroidetes;c__Bacteroidia;o__Bacteroidales;f__Odoribacteraceae;g__Odoribacter;s__Odoribacter_splanchnicus	-0.00369995883423	-0.0136099783981	-0.0414169877698	0.0184335451885	-0.0323975538205	0.0229971888915	-0.0421201779091	-0.028903473431	-0.0524572112039	-0.00387001301052	-0.016310602264	0.0489561473404	-0.0124513361098	-0.0246054940626	-0.0371033192811	0.101199889981	-0.0386859609696	-0.0193166723085	-0.045139748279	1.0	-0.0112692923726	0.0386973323797	-0.027950575422	-0.0543713992402	-0.0648118243386	0.105418821798	-0.00368072089228	-0.0549477263894	-0.00292664428992	0.0383399938083	-0.00598118853019	0.00794134780769	-0.0205910117398	0.0298548505555	-0.000263116304622	-0.0280551067362	-0.041896132538	0.017793778166	-0.0124367355825	-0.0437505138008	0.0201442649105	-0.0200124400066	0.0299903225408	-0.0102127154695	-0.0585011178739	0.0554661587534	0.0361073260417	-0.0181905438864	-0.0305996747757	-0.0122033328303	0.0591416072274	0.0364459091698	0.00162154209708	-0.0191124609672	-0.0322767548349	-0.0110103579785	0.0358706380752	-0.0242233862988	0.0865442869482
k__Bacteria;p__Bacteroidetes;c__Bacteroidia;o__Bacteroidales;f__Bacteroidaceae;g__Bacteroides;s__Bacteroides_salyersiae	-0.03784943608	-0.0328634536375	-0.0362435060152	-0.0606091511164	0.0341396891977	0.0408848849795	-0.020553581805	-0.0753681387384	0.0165935691654	0.00214760825921	0.0211913239325	-0.039422653294	-0.0147335139158	-0.0161772261594	-0.00700669367572	-0.032904806478	0.042500494659	-0.073689933222	0.0134254861039	-0.0112692923726	1.0	-0.0513254853598	0.0113730392862	0.00351390700364	0.0525367466775	0.0119376992832	-0.0476953652995	-0.0508320917366	-0.0176840677036	0.0182454039864	-0.0474283920515	-0.000767112624696	-0.0701309156308	0.00174588901288	0.0222428929561	0.00191029439786	-0.0283764820571	0.0782140390162	-0.0242130214682	0.024964098557	-0.0147720585537	-0.04028363467	-0.0374464879782	0.0198562226305	-0.00345521040694	-0.0251095700875	-0.00312529408553	0.0282537956298	0.0655433448813	0.0308457783013	-0.00322707186472	0.0129029513855	-0.0851422128625	0.0187105409633	-0.0234183610296	-0.0378309191703	0.00313286475679	-0.0853780270258	0.0016372072365
k__Bacteria;p__Firmicutes;c__Clostridia;o__Clostridiales;f__Ruminococcaceae;g__Ruminiclostridium;s__[Eubacterium]_siraeum	-0.0431706007149	0.00590639123189	-0.0150095040838	-0.0493577956641	0.035358490024	-0.0183748818395	-0.0748468831376	-0.00527921981303	-0.0774677516958	-0.0170718584027	-0.0112239711805	-0.0373668742928	0.00141428283972	0.0265882180371	-0.0350281071535	0.00606682551677	-0.0304532884431	0.011961084068	0.00255368526999	0.0386973323797	-0.0513254853598	1.0	0.0270903460912	0.0504168640311	-0.0288268188578	-0.0311649361158	0.0870921574319	-0.000559961097752	-0.0112101036713	-0.0138324160645	-0.0218980411076	0.00465324846841	0.0752163820091	-0.00150495425599	0.0200555595224	-0.0108238351158	-0.0464563136463	-0.0510197904328	0.0737147363716	-0.0191779062905	-0.0451355232118	-0.0417194065917	-0.0934562651964	0.0295538347666	-0.0476100301214	0.056849608889	-0.0176994139679	-0.00057187387558	-0.062077845476	0.00611395470733	0.0206207213249	0.00614211054566	0.0411560543551	0.0424548881319	-0.03696642895	0.00608694793595	-0.0425523789908	-0.0154807173001	0.0636531868515
k__Bacteria;p__Proteobacteria;c__Betaproteobacteria;o__Burkholderiales;f__Sutterellaceae;g__Parasutterella;s__Parasutterella_excrementihominis	-0.0170646554163	0.0249322985606	-0.00815314665992	-0.00694571215554	-0.0174677016093	-0.0522437254467	0.0174609103693	0.0267285472585	0.00536372300579	0.0173883014846	0.0496540038147	-0.0426928384457	-0.0322651622212	0.0306152899116	0.0148852124933	0.00273165786958	-0.0345321595107	-0.0394583051331	0.0227183156265	-0.027950575422	0.0113730392862	0.0270903460912	1.0	0.0273643102993	-0.000885940137102	0.000420044263375	0.0153130172121	0.0333738624219	0.0315067683996	-0.0399013492643	0.0515950522672	-0.0292649595604	-0.0203178520775	-0.00214968142792	0.0550300646573	0.00148497280634	-0.00336971025448	-0.0222893615583	-0.1084020808	-0.0460183266246	0.00707749389297	0.0500030109452	-0.0584526278918	0.00623223414805	-0.0221002465693	-0.0738380197092	0.026232134924	0.0945380615109	0.0423690441685	0.0340972304361	0.0127391993919	0.0256302743538	-0.0476316987228	0.00399941683855	0.0285970751166	-0.0209979630698	-0.0413256581074	-0.0912533175985	-0.0363535096764
k__Bacteria;p__Actinobacteria;c__Actinobacteria;o__Bifidobacteriales;f__Bifidobacteriaceae;g__Bifidobacterium;s__Bifidobacterium_adolescentis	-0.0405715869938	-0.0305407604053	-0.0255345689113	0.0582487394848	-0.0012523769777	0.0122369372415	0.00643299203285	-0.0102967430479	-0.00883589073359	-0.00957706840054	0.0522425783403	6.62895243865e-06	-0.0413249651177	0.0681340771094	0.0342441342014	0.0182553682334	-0.0297433744344	-0.00750035902113	-0.0399758265016	-0.0543713992402	0.00351390700364	0.0504168640311	0.0273643102993	1.0	-0.0382476921144	0.002617829953	0.00911768403104	0.081146644196	-0.0419862532005	0.00984472555303	-0.0317921213401	-0.0171054052071	-0.0714458646868	-0.00105925135157	0.0219670932148	-0.0323292279606	-0.00037288417177	-0.0821691977927	0.0363559024189	-0.0276504023169	-0.010965646963	-0.0203210805373	-0.0822830256039	-0.0122074098889	-0.0325332603208	-0.0114636045799	-0.0121483917433	-0.00973603863886	-0.0277919152268	-0.0128577931868	-0.00461910648134	-0.0135560882294	-0.0424207209983	-0.0150487115723	-0.0163823400056	-0.00301634003817	0.101463386073	-0.00175602591501	-0.00978985491749
k__Bacteria;p__Firmicutes;c__Clostridia;o__Clostridiales;f__Oscillospiraceae;g__Oscillibacter;s__Oscillibacter_sp._KLE_1745	-0.0581353923704	-0.0181835346897	0.017819143888	-0.0512275785082	-0.0159734780588	-0.0585909828231	-0.0128896021249	-0.00243868371226	-0.0417561873008	0.0321163019034	-0.017027951164	-0.02978643562	-0.0484508296712	-0.00757082769831	-0.0521614646069	0.00615521810369	0.00152275679243	-0.0211169441123	-0.0289314550838	-0.0648118243386	0.0525367466775	-0.0288268188578	-0.000885940137101	-0.0382476921144	1.0	0.0532843679061	0.00101032560078	-0.0573809383696	-0.00183332242128	-0.00545221930817	-0.069465644685	-0.130902623317	-0.0375827033096	0.0832470673671	-0.00580866340618	-0.00229249503626	0.0240354861536	-0.0111965911613	-0.0197794413076	-0.0595327550811	-0.000386579487479	-0.0164881975556	0.0796832686278	0.00118168430069	-0.00788355866877	0.0154935310149	0.0468421805056	0.0149485649211	-0.0128335103031	0.0517899431959	0.0318949337678	-0.0312754111234	-0.0299853697415	0.0169177503906	-0.0595056734077	0.0283958955527	-0.0270507668917	-0.0220780977742	-0.0273274654263
k__Bacteria;p__Bacteroidetes;c__Bacteroidia;o__Bacteroidales;f__Bacteroidaceae;g__Bacteroides;s__Bacteroides_coprophilus	0.0221580293412	-0.022176346423	-0.000729359806187	-0.086369660689	-0.0521815565904	-0.0320488400478	-0.0631695596895	0.00211512449961	-0.0673039597997	-0.00390673020366	-0.0119045029093	-0.0201161396128	-0.0558026947317	0.0154567278361	-0.0223633326089	-0.0265923512441	-0.0222834377544	0.00191424055136	0.0333610628549	0.105418821798	0.0119376992832	-0.0311649361158	0.000420044263375	0.002617829953	0.0532843679061	1.0	-0.0327030939552	0.0384974573417	-0.00713576110437	0.0100790527024	-0.059014440763	0.0452885312898	-0.0349931508732	0.0481096939784	-0.081084743533	0.0237954973204	-0.022469715466	-0.0101731271003	-0.0796203715231	0.0538366592345	0.0125626644906	0.00945527365701	0.00189339677094	-0.00199878772656	0.00890396476616	-0.0675323256125	0.00960945123518	0.0614893243091	-0.0446964225544	0.0490095067638	0.0320042231579	-0.0147591081501	-0.0268999513687	0.00804671884827	-0.0448792319662	-0.0217453368661	0.0111296858816	-0.00251423673329	2.56452020529e-05
k__Bacteria;p__Firmicutes;c__Clostridia;o__Clostridiales;f__Lachnospiraceae;g__Roseburia;s__Roseburia_intestinalis	-0.0583073850765	-0.0596079272361	0.0330190485145	-0.0233104036614	-0.0812743688206	-0.0366935807173	0.0436654692165	-0.00709409633852	-0.0039873607882	0.0544323992965	-0.0735005104705	-0.0368417583453	-0.0507868211667	0.0103516046626	-0.031182994433	-0.0296518786459	0.00988967031379	0.0187501755071	0.02514893075	-0.00368072089228	-0.0476953652995	0.0870921574319	0.0153130172121	0.00911768403104	0.00101032560078	-0.0327030939552	1.0	-0.0212739673399	-0.0340490367582	-0.0176385233342	-0.00919095949179	-0.0244737988113	-0.0194605569817	-0.0797056174597	-0.0531813850217	0.0326721892248	0.0209619852504	-0.0249887179676	-0.0337444124611	0.0159916252661	-0.0508923320163	0.00682431789194	-0.0754626663076	-0.02795472865	-0.0515566299671	-0.021704895087	0.019111304033	-0.0207873246178	-0.046739176396	-0.0148664089708	-0.00398415012344	0.0932406327707	-0.0396161605603	0.0274783263825	0.0485822373579	-0.0640967172914	0.00272671418923	0.00234561181301	0.00910413775945
k__Bacteria;p__Firmicutes;c__Clostridia;o__Clostridiales;f__Lachnospiraceae;g__Roseburia;s__Roseburia_hominis	0.0227140269483	-0.033033780867	-0.0232898356516	-0.0459302972445	-0.107909826007	-0.081296696334	0.0251016897321	-0.035299101567	-0.00200266563136	-0.0689552825091	0.0326499239786	0.0320532083526	-0.0596358108645	0.0132750626435	-0.0291709771653	-0.0553959542479	-0.0111261669988	0.00222433908199	-0.0235415690186	-0.0549477263894	-0.0508320917366	-0.000559961097752	0.0333738624219	0.081146644196	-0.0573809383696	0.0384974573417	-0.0212739673399	1.0	-0.00383964268175	-0.0184399451491	0.00422260191593	0.071347614078	0.00462661038294	0.0491990123894	0.0573921342995	-0.0415484960172	-0.053135338375	0.0336676264301	0.0426190278564	-0.0348097271769	0.0306758364208	0.027957868582	-0.0255038886355	-0.0400319809524	-0.0498211945217	-0.0468764004846	-0.0160319376942	0.0166194868856	-0.0506779425689	-0.0185052515123	0.0556716195996	-0.042936100302	-0.00221065297706	-0.0482850300475	-0.0247169429164	0.0742172674117	-0.0166244496451	-0.0409039802659	-0.0178354916401
k__Bacteria;p__Bacteroidetes;c__Bacteroidia;o__Bacteroidales;f__Porphyromonadaceae;g__Parabacteroides;s__Parabacteroides_johnsonii	-0.0471585718097	0.0898141461547	0.0335578384759	0.0260168763878	0.00622836121697	0.00444677370283	-0.0140602318334	0.00979541211476	-0.0309610538641	0.00273926012724	-0.0416196094692	0.00514591066354	-0.0110130695156	0.0116733013386	-0.00472537795238	0.0275867971957	-0.0494852273937	-0.0440873099548	-0.0198733091037	-0.00292664428992	-0.0176840677036	-0.0112101036713	0.0315067683996	-0.0419862532005	-0.00183332242128	-0.00713576110437	-0.0340490367582	-0.00383964268175	1.0	0.0457589759247	-0.0694155150384	0.00484938503859	0.0550824709124	0.0524498361376	-0.0563984238988	-0.0299025962473	-0.0456716474717	-0.0282554200964	0.00498728895876	0.00622231962115	-0.00336107609445	-0.00571113541384	-0.000128156776058	0.0364932997969	-0.000555832797464	-0.0453139994885	0.035328877169	-0.0223913580449	0.0544171420911	-0.0377833021962	0.00828519327605	0.0050085611302	-0.00041439621285	-0.0121568288252	-0.0561805598938	0.0051371948611	0.00310488205034	-0.0445072045476	0.0156155942246
k__Bacteria;p__Actinobacteria;c__Actinobacteria;o__Bifidobacteriales;f__Bifidobacteriaceae;g__Bifidobacterium;s__Bifidobacterium_longum	0.0051253633091	0.0925184525434	-0.000269997384302	0.0176626155417	0.0617522180471	-0.0447214202011	0.0340311298191	-0.0554451735016	-0.0398170031304	-0.0300684055722	-0.0173958386505	-0.0825460759853	0.0200511668533	-0.0314629444643	0.0123196254837	-0.0474691480179	-0.0279726257639	-0.0322949779646	-0.0659365520382	0.0383399938083	0.0182454039864	-0.0138324160645	-0.0399013492643	0.00984472555303	-0.00545221930817	0.0100790527024	-0.0176385233342	-0.0184399451491	0.0457589759247	1.0	0.0310608833722	0.0559690160682	0.0445868739545	-0.0184064006901	-0.0831944994244	-0.0221966842715	-0.067659548158	0.0135843809118	0.0345827032767	-0.0474402956053	-0.0596979927421	0.0187487844089	-0.0250149977087	0.00576669104537	0.0090409115019	-0.00856079611403	0.0269585386136	-0.0039963165481	-0.036759100126	-0.0501267023279	0.00239826868836	-0.0377538815933	-0.0606633228893	0.0386190858871	0.0201883497405	0.00788864421239	0.00273776756122	-0.0415795138676	0.000866385762447
