#taxonomy	k__Bacteria;p__Bacteroidetes;c__Bacteroidia;o__Bacteroidales;f__Bacteroidaceae;g__Bacteroides;s__Bacteroides_vulgatus	k__Bacteria;p__Bacteroidetes;c__Bacteroidia;o__Bacteroidales;f__Bacteroidaceae;g__Bacteroides;s__Bacteroides_uniformis	k__Bacteria;p__Bacteroidetes;c__Bacteroidia;o__Bacteroidales;f__Rikenellaceae;g__Alistipes;s__Alistipes_putredinis	k__Bacteria;p__Bacteroidetes;c__Bacteroidia;o__Bacteroidales;f__Prevotellaceae;g__Prevotella;s__Prevotella_copri	k__Bacteria;p__Bacteroidetes;c__Bacteroidia;o__Bacteroidales;f__Bacteroidaceae;g__Bacteroides;s__Bacteroides_stercoris	k__Bacteria;p__Bacteroidetes;c__Bacteroidia;o__Bacteroidales;f__Bacteroidaceae;g__Bacteroides;s__Bacteroides_ovatus	k__Bacteria;p__Bacteroidetes;c__Bacteroidia;o__Bacteroidales;f__Rikenellaceae;g__Alistipes;s__Alistipes_shahii	k__Bacteria;p__Firmicutes;c__Clostridia;o__Clostridiales;f__Ruminococcaceae;g__Faecalibacterium;s__Faecalibacterium_prausnitzii	k__Bacteria;p__Bacteroidetes;c__Bacteroidia;o__Bacteroidales;f__Rikenellaceae;g__Alistipes;s__Alistipes_finegoldii	k__Bacteria;p__Bacteroidetes;c__Bacteroidia;o__Bacteroidales;f__Porphyromonadaceae;g__Parabacteroides;s__Parabacteroides_distasonis	k__Bacteria;p__Bacteroidetes;c__Bacteroidia;o__Bacteroidales;f__Bacteroidaceae;g__Bacteroides;s__Bacteroides_thetaiotaomicron	k__Bacteria;p__Bacteroidetes;c__Bacteroidia;o__Bacteroidales;f__Bacteroidaceae;g__Bacteroides;s__Bacteroides_coprocola	k__Bacteria;p__Bacteroidetes;c__Bacteroidia;o__Bacteroidales;f__Bacteroidaceae;g__Bacteroides;s__Bacteroides_cellulosilyticus	k__Bacteria;p__Bacteroidetes;c__Bacteroidia;o__Bacteroidales;f__Rikenellaceae;g__Alistipes;s__Alistipes_obesi	k__Bacteria;p__Firmicutes;c__Clostridia;o__Clostridiales;f__Lachnospiraceae;g__;s__[Eubacterium]_rectale	k__Bacteria;p__Bacteroidetes;c__Bacteroidia;o__Bacteroidales;f__Bacteroidaceae;g__Bacteroides;s__Bacteroides_plebeius	k__Bacteria;p__Bacteroidetes;c__Bacteroidia;o__Bacteroidales;f__Bacteroidaceae;g__Bacteroides;s__Bacteroides_fragilis	k__Bacteria;p__Proteobacteria;c__Betaproteobacteria;o__Burkholderiales;f__Sutterellaceae;g__Sutterella;s__Sutterella_wadsworthensis	k__Bacteria;p__Bacteroidetes;c__Bacteroidia;o__Bacteroidales;f__Porphyromonadaceae;g__Barnesiella;s__Barnesiella_intestinihominis	k__Bacteria;p__Bacteroidetes;c__Bacteroidia;o__Bacteroidales;f__Odoribacteraceae;g__Odoribacter;s__Odoribacter_splanchnicus	k__Bacteria;p__Bacteroidetes;c__Bacteroidia;o__Bacteroidales;f__Bacteroidaceae;g__Bacteroides;s__Bacteroides_salyersiae	k__Bacteria;p__Firmicutes;c__Clostridia;o__Clostridiales;f__Ruminococcaceae;g__Ruminiclostridium;s__[Eubacterium]_siraeum	k__Bacteria;p__Proteobacteria;c__Betaproteobacteria;o__Burkholderiales;f__Sutterellaceae;g__Parasutterella;s__Parasutterella_excrementihominis	k__Bacteria;p__Actinobacteria;c__Actinobacteria;o__Bifidobacteriales;f__Bifidobacteriaceae;g__Bifidobacterium;s__Bifidobacterium_adolescentis	k__Bacteria;p__Firmicutes;c__Clostridia;o__Clostridiales;f__Oscillospiraceae;g__Oscillibacter;s__Oscillibacter_sp._KLE_1745	k__Bacteria;p__Bacteroidetes;c__Bacteroidia;o__Bacteroidales;f__Bacteroidaceae;g__Bacteroides;s__Bacteroides_coprophilus	k__Bacteria;p__Firmicutes;c__Clostridia;o__Clostridiales;f__Lachnospiraceae;g__Roseburia;s__Roseburia_intestinalis	k__Bacteria;p__Firmicutes;c__Clostridia;o__Clostridiales;f__Lachnospiraceae;g__Roseburia;s__Roseburia_hominis	k__Bacteria;p__Bacteroidetes;c__Bacteroidia;o__Bacteroidales;f__Porphyromonadaceae;g__Parabacteroides;s__Parabacteroides_johnsonii	k__Bacteria;p__Actinobacteria;c__Actinobacteria;o__Bifidobacteriales;f__Bifidobacteriaceae;g__Bifidobacterium;s__Bifidobacterium_longum	k__Bacteria;p__Firmicutes;c__Clostridia;o__Clostridiales;f__;g__Flavonifractor;s__Flavonifractor_plautii	k__Bacteria;p__Firmicutes;c__Clostridia;o__Clostridiales;f__Clostridiaceae;g__Clostridium;s__Clostridium_phoceensis	k__Bacteria;p__Verrucomicrobia;c__Verrucomicrobiae;o__Verrucomicrobiales;f__Akkermansiaceae;g__Akkermansia;s__Akkermansia_muciniphila	k__Bacteria;p__Bacteroidetes;c__Bacteroidia;o__Bacteroidales;f__Prevotellaceae;g__Paraprevotella;s__Paraprevotella_xylaniphila	k__Bacteria;p__Firmicutes;c__Clostridia;o__Clostridiales;f__Ruminococcaceae;g__Ruminococcus;s__Ruminococcus_callidus	k__Bacteria;p__Bacteroidetes;c__Bacteroidia;o__Bacteroidales;f__Rikenellaceae;g__Alistipes;s__Alistipes_senegalensis	k__Bacteria;p__Firmicutes;c__Clostridia;o__Clostridiales;f__Lachnospiraceae;g__Blautia;s__Blautia_sp._KLE_1732	k__Bacteria;p__Bacteroidetes;c__Bacteroidia;o__Bacteroidales;f__Bacteroidaceae;g__Bacteroides;s__Bacteroides_oleiciplenus	k__Bacteria;p__Firmicutes;c__Clostridia;o__Clostridiales;f__Ruminococcaceae;g__Ruminococcus;s__Ruminococcus_bicirculans	k__Bacteria;p__Bacteroidetes;c__Bacteroidia;o__Bacteroidales;f__Bacteroidaceae;g__Bacteroides;s__Bacteroides_fluxus	k__Bacteria;p__Bacteroidetes;c__Bacteroidia;o__Bacteroidales;f__Prevotellaceae;g__Prevotella;s__Prevotella_stercorea	k__Bacteria;p__Firmicutes;c__Clostridia;o__Clostridiales;f__Lachnospiraceae;g__Dorea;s__Dorea_longicatena	k__Bacteria;p__Firmicutes;c__Clostridia;o__Clostridiales;f__Eubacteriaceae;g__Eubacterium;s__[Eubacterium]_eligens	k__Bacteria;p__Firmicutes;c__Clostridia;o__Clostridiales;f__Ruminococcaceae;g__;s__Ruminococcaceae_bacterium_D16	k__Bacteria;p__Firmicutes;c__Clostridia;o__Clostridiales;f__Lachnospiraceae;g__Coprococcus;s__Coprococcus_comes	k__Bacteria;p__Proteobacteria;c__Gammaproteobacteria;o__Enterobacterales;f__Enterobacteriaceae;g__Escherichia;s__Escherichia_coli	k__Bacteria;p__Firmicutes;c__Clostridia;o__Clostridiales;f__Ruminococcaceae;g__Anaerotruncus;s__Anaerotruncus_colihominis	k__Bacteria;p__Firmicutes;c__Clostridia;o__Clostridiales;f__Lachnospiraceae;g__Blautia;s__Blautia_obeum	k__Bacteria;p__Bacteroidetes;c__Bacteroidia;o__Bacteroidales;f__Odoribacteraceae;g__Odoribacter;s__Odoribacter_laneus	k__Bacteria;p__Firmicutes;c__Clostridia;o__Clostridiales;f__Ruminococcaceae;g__Ruminiclostridium;s__[Clostridium]_leptum	k__Bacteria;p__Bacteroidetes;c__Bacteroidia;o__Bacteroidales;f__Porphyromonadaceae;g__Parabacteroides;s__Parabacteroides_goldsteinii	k__Bacteria;p__Firmicutes;c__Clostridia;o__Clostridiales;f__Lachnospiraceae;g__Anaerostipes;s__Anaerostipes_hadrus	k__Bacteria;p__Firmicutes;c__Clostridia;o__Clostridiales;f__Ruminococcaceae;g__Ruminococcus;s__Ruminococcus_lactaris	k__Bacteria;p__Firmicutes;c__Clostridia;o__Clostridiales;f__Clostridiaceae;g__Clostridium;s__Clostridium_sp._L2-50	k__Bacteria;p__Firmicutes;c__Clostridia;o__Clostridiales;f__Clostridiaceae;g__Clostridium;s__Clostridium_sp._M62/1	k__Bacteria;p__Firmicutes;c__Clostridia;o__Clostridiales;f__;g__Intestinimonas;s__Intestinimonas_butyriciproducens	k__Bacteria;p__Actinobacteria;c__Actinobacteria;o__Bifidobacteriales;f__Bifidobacteriaceae;g__Bifidobacterium;s__Bifidobacterium_bifidum	k__Bacteria;p__Firmicutes;c__Negativicutes;o__Veillonellales;f__Veillonellaceae;g__Dialister;s__Dialister_invisus	k__Bacteria;p__Bacteroidetes;c__Bacteroidia;o__Bacteroidales;f__Bacteroidaceae;g__Bacteroides;s__Bacteroides_salanitronis
k__Bacteria;p__Bacteroidetes;c__Bacteroidia;o__Bacteroidales;f__Bacteroidaceae;g__Bacteroides;s__Bacteroides_vulgatus	1.0	-0.00867299083779	-0.0114707218955	-0.0583142079136	0.0453370195351	-0.0197752733669	-0.0454377949641	-0.0218142047312	-0.0502512400346	-0.0443174116403	-0.00118729549326	-0.080017915299	0.00105948902944	0.010764409811	-0.0113693585549	0.0147571358056	0.0308426828273	-0.0466046462635	0.0428272722513	0.00677851653208	-0.0508584368034	-0.0479064155355	-0.0137590687698	0.0522708936259	-0.0585326502563	-0.0859561717161	-0.011084367507	-0.0494800139511	-0.0069603479999	-0.00219154010652	-0.0319483643357	0.0602422950217	0.0041515934589	0.056244295309	-0.0165771539976	0.0140929470451	-0.00877613238421	0.0312546229231	-0.0461452557999	-0.00876136488073	-0.000355988150441	-0.0574623172716	-0.0665234553826	-0.0243123308918	0.0111232272636	0.0424727560874	0.0295962854977	0.0682703016007	-0.0270870591998	-0.0013581330562	0.0452462658188	0.0174698474318	-0.0165667295598	0.0117197694101	0.0040221554235	0.0098621582933	-0.0201134800044	-0.045043778494	0.0424045901568
k__Bacteria;p__Bacteroidetes;c__Bacteroidia;o__Bacteroidales;f__Bacteroidaceae;g__Bacteroides;s__Bacteroides_uniformis	-0.00867299083779	1.0	-0.00798304128398	-0.00347394892155	-0.0439972596967	0.0123808390431	0.0194488327915	-0.0355125627608	-0.0181504671016	-0.0180444795721	-0.102240227298	0.0325085018231	-0.00578838039835	-0.0114277481947	-0.00855789686149	-0.0364512992533	-0.0363150041273	0.0201676872039	-0.0171735812826	-0.0521352210416	0.00742779778126	-0.0112779154506	-0.018084100527	0.106365934865	0.0447814648109	0.013559196476	-0.0457540999995	-0.00402184185751	-0.075707767043	-0.0214558174734	0.0153489018404	-0.00632372007678	-0.0141839496022	-0.041698257383	-0.0277025336012	0.0348502525908	-0.0287399678007	0.0111901177481	-0.0273340682052	-0.0482366778524	-0.0206390327159	0.00470942589611	-0.021453025735	-0.0105513902864	0.00438108938593	-0.00711713236189	0.0095828914797	-0.0420271810613	0.0231224380386	0.00405083053634	0.0348094505516	-0.0105661782676	0.0674753412821	-0.0140002673708	-0.0383931462998	-0.0184299265513	0.0334561270302	-0.0593164635618	0.0311368545723
k__Bacteria;p__Bacteroidetes;c__Bacteroidia;o__Bacteroidales;f__Rikenellaceae;g__Alistipes;s__Alistipes_putredinis	-0.0114707218955	-0.00798304128398	1.0	0.0471029433891	-0.0319224187669	0.00161627084454	0.00811077799331	-0.0362632976433	0.000775772129258	0.0451207076162	0.00560667474715	0.0270234375951	0.0586931655176	-0.00989607868081	0.00126377574299	-0.0354555070383	0.0298644750757	-0.0221228648976	-0.042348115638	-0.0842911523826	0.00411585979853	-0.00902816111381	0.0570116753519	0.021386201471	0.0223926801868	0.00113837077683	-0.0436452448871	-0.0395022519081	-0.0398031189854	0.00865480602764	-0.0178468300683	-0.0349183434783	-0.0238916635856	-0.04958454017	0.052974640467	-0.0364023957598	-0.0215174314399	0.00548744704704	-0.0190860666148	-0.0688951750157	-0.00405441190561	-0.0656733793017	0.00573177602498	0.0449169149105	-0.0217012493054	0.0171081483663	-0.0161126014819	-0.0273678905414	-0.0431097669675	-0.0144346603017	0.021956959763	-0.0425992361221	-0.0397945967253	-0.0320488494369	0.00864320598212	0.0345382143152	-0.0296303439811	0.0155596004076	-0.0128972315107
k__Bacteria;p__Bacteroidetes;c__Bacteroidia;o__Bacteroidales;f__Prevotellaceae;g__Prevotella;s__Prevotella_copri	-0.0583142079136	-0.00347394892155	0.0471029433891	1.0	-0.094086722549	-0.0404706527469	-0.0112833618876	0.0206654539013	0.00648184618256	-0.0350549502062	-0.0300508686496	0.0587821842185	0.0389706210957	0.00345409873723	0.0550015181013	-0.00313605946119	-0.0515110327375	-0.0637519864406	-0.0100129420686	-0.00318813686906	-0.0285450639848	0.033723835479	0.00565503790661	-0.0482248880597	0.00954483887748	-0.040239502841	-0.0104351199894	0.000162108370462	0.0337427668009	-0.0508667122016	0.0235768329384	-0.0182023825809	-0.0436352081159	-0.00931632036096	0.0312421554497	0.0182320336436	0.00590933079291	-0.025059160352	0.00263446906006	0.0755872698587	0.00124710557404	-0.00514543804122	0.000746598831388	0.00911915756733	0.00373596868346	-0.020188251688	-0.0256526892165	-0.0231284808974	-0.0306383610071	-0.0126564763496	0.00411348816742	0.0183724315206	0.0738161032235	-0.0066876467975	-0.0838085353552	0.0332424744057	0.0179331925965	0.0237007918117	-0.0569767857607
k__Bacteria;p__Bacteroidetes;c__Bacteroidia;o__Bacteroidales;f__Bacteroidaceae;g__Bacteroides;s__Bacteroides_stercoris	0.0453370195351	-0.0439972596967	-0.0319224187669	-0.094086722549	1.0	-0.0776087024337	-0.0370494714871	0.0591229431939	-0.0513225673939	0.0232382894873	-0.0508912279124	-0.0267630146713	-0.0213955008225	0.00363624044274	0.0346235032503	-0.0417637729037	-0.0151971283746	0.0251412059774	-0.0085464166319	0.00459731449106	-0.00505738011239	-0.0669186643434	-0.0393682641236	0.000275940123616	0.00625372051011	-0.0262525630916	0.0072824861417	0.00249502316425	0.00247044939826	0.00438270407359	-0.0668419471957	0.00474096345588	-0.0378139340842	-0.0300779037312	-0.000624737569094	0.0300802754607	-0.00770844958776	-0.0213025549317	-0.0298021942447	0.0414578538444	0.0413537973341	-0.0304254581134	-0.000615761333405	0.0310545523188	-0.0218582616469	0.0436463841723	0.00233703942946	-0.00198863184716	0.0355086278575	-0.0155196436327	0.0702862319032	-0.00431999973864	-0.0258084573037	-0.0163072514125	0.042953168356	0.012573580421	0.0272995332926	-0.0548175050645	0.0699283793871
k__Bacteria;p__Bacteroidetes;c__Bacteroidia;o__Bacteroidales;f__Bacteroidaceae;g__Bacteroides;s__Bacteroides_ovatus	-0.0197752733669	0.0123808390431	0.00161627084454	-0.0404706527469	-0.0776087024337	1.0	-0.114227615206	-0.0527034458068	0.003337323148	-0.017415303201	-0.0518639173098	0.00286824781018	-0.00205185488306	0.0519359805921	0.000860260552671	-0.00725936639202	-0.0452063099675	0.00497219827556	0.0640643176589	0.00798240630047	-0.0245899698229	0.0178405223	-0.0267535145681	-0.0562492749728	-0.0510560451026	0.052265483586	0.0101539925795	-0.0586488538979	0.0143990745037	-0.0164643734182	0.0182828500401	-0.0319026559507	0.0306386789739	0.0419510438303	0.0499288784757	-0.0391712460558	0.0145438685019	-0.00818321751879	0.00429201787131	-0.00219713700126	-0.00849349620697	-0.0186539470342	0.0244520331898	0.00659591582648	-0.00244464646611	-0.00478418157699	-0.0284811880233	0.027299421682	0.026045020698	0.0259423373536	-0.0208554712746	0.0081634561748	0.0385665392178	-0.0446594118098	0.00018917488599	0.0115391276272	0.0126122555885	-0.0640608040342	-0.0446175024428
k__Bacteria;p__Bacteroidetes;c__Bacteroidia;o__Bacteroidales;f__Rikenellaceae;g__Alistipes;s__Alistipes_shahii	-0.0454377949641	0.0194488327915	0.00811077799331	-0.0112833618876	-0.0370494714871	-0.114227615206	1.0	0.0212374669127	0.0747550680541	0.0218207793775	0.0266657077873	-0.0309795479533	0.0286177093482	0.0144503600051	-0.0162070173395	0.00267730480999	-0.0387831952221	-0.0271766565488	-0.0172869047947	-0.00850169820496	0.0271203445443	0.0152146218654	0.0217541443252	-0.0163965263728	-0.0112776486329	-0.085021900234	0.0282341931685	-0.0175061422581	-0.0421724883316	-0.0183014107473	-0.0178573415127	-0.0856861495801	-0.0101631431053	0.0615769299428	0.0327145166463	0.00408347829539	-0.0781038643205	-0.0712862816521	0.0662963706524	0.0195363306103	-0.0131270948978	0.022532575079	-0.000836094859404	-0.0631751624921	-0.0131727421813	-0.101297568149	0.00398523681406	0.0514639078119	0.00927288722682	0.00437414860729	-0.0604907002611	-0.0226495845887	-0.0684451243693	0.0446664339404	0.0302793082038	-0.0397308793112	0.0288260738785	-0.00503682645838	-0.0282997191394
k__Bacteria;p__Firmicutes;c__Clostridia;o__Clostridiales;f__Ruminococcaceae;g__Faecalibacterium;s__Faecalibacterium_prausnitzii	-0.0218142047312	-0.0355125627608	-0.0362632976433	0.0206654539013	0.0591229431939	-0.0527034458068	0.0212374669127	1.0	-0.0488895273694	-0.084203145686	0.105877121219	-0.0317571250319	-0.0847250384162	-0.0220579886816	-0.0585156840341	-0.0179741373418	0.0142894759872	0.0500932948869	-0.00621825514977	0.00886402446687	-0.0204183948736	0.0398441895216	-0.027401002299	-0.0605352524414	0.0637919520995	-0.0218835143722	-0.0146315398962	-0.00709300338163	-0.0337620511905	0.0887215449079	0.0174271443316	-0.0397881006173	-0.0165771356001	-0.0778376539191	0.0551527052022	0.0402141475907	-0.0349823424911	0.0307147149984	0.00519625588337	0.018684752705	0.0374717710927	0.0327180440488	-0.00581783561395	-0.00545793114988	-0.00192289706803	0.0238990714606	-0.0736242930626	0.025995847546	-0.00250326083578	-0.00204285866619	0.00816390808449	-0.049207676874	0.014094890803	0.04340099952	0.00498093966296	-0.0352333976263	-0.000691982943201	-0.0396432769349	-0.0648490634321
k__Bacteria;p__Bacteroidetes;c__Bacteroidia;o__Bacteroidales;f__Rikenellaceae;g__Alistipes;s__Alistipes_finegoldii	-0.0502512400346	-0.0181504671016	0.000775772129258	0.00648184618256	-0.0513225673939	0.003337323148	0.0747550680541	-0.0488895273694	1.0	0.025625143359	-0.0725049403102	0.00012688018312	0.0645972657353	-0.0755573496892	-0.0766516373629	-0.08445659613	0.00487164524951	-0.0452981588573	-0.021621027023	-0.0639394555481	-0.000458865176435	-0.0635748032137	-0.00228990490666	0.046958607213	-0.0275935485936	0.00124178958637	-0.00855547319068	0.0684893682031	0.0128922767342	-0.0480058424346	0.00873847337892	-0.026091569584	0.0760101372414	0.0364782147757	0.00476544929375	0.0112243961982	0.0158189017492	0.0508036200181	-0.0563346618933	0.0505626003973	-0.0160890394457	0.0189358890364	0.0664773205554	-0.0587054717946	-0.0541268858723	-0.0184110809651	-0.0225191082213	-0.0334120941941	0.0170719900237	0.0499595177109	-0.0246244121333	-0.0056032143687	-0.0165157734342	-0.0673160359388	-0.00697638670254	0.0340784977576	-0.0124126031969	0.0109938675413	-0.0250474427138
k__Bacteria;p__Bacteroidetes;c__Bacteroidia;o__Bacteroidales;f__Porphyromonadaceae;g__Parabacteroides;s__Parabacteroides_distasonis	-0.0443174116403	-0.0180444795721	0.0451207076162	-0.0350549502062	0.0232382894873	-0.017415303201	0.0218207793775	-0.084203145686	0.025625143359	1.0	0.0380805131564	0.0401361446068	-0.0544956097388	-0.0427071276561	0.000123418408388	-0.00567445899539	-0.044614916984	0.0221291795983	-0.0364649468384	-0.0618443404124	-0.0963282196614	-0.0336925187201	-0.0230787277942	0.0235236344279	0.00487163049287	0.0011742652456	-0.0317096083868	-0.0556607623157	-0.0332837016058	-0.0542818829101	-0.0186456074424	0.0693799555559	0.00225535831742	-0.00776027354263	-0.00517971048408	-0.110594757809	-0.028131268282	-0.0624030522109	0.0417198653944	0.0322332729727	0.0680860622038	0.0299598757077	-0.0156487254705	-0.0164749185882	-0.0119264648289	-0.00121972366826	-0.0186136354362	-0.0211038886642	0.0158630631731	-0.0209892584033	0.0466886642157	-0.0217955231502	0.075167123049	0.00649090922057	-0.0150592040646	-0.0498936352645	-0.035877764214	0.0236936853497	-0.00934580270563
k__Bacteria;p__Bacteroidetes;c__Bacteroidia;o__Bacteroidales;f__Bacteroidaceae;g__Bacteroides;s__Bacteroides_thetaiotaomicron	-0.00118729549326	-0.102240227298	0.00560667474715	-0.0300508686496	-0.0508912279124	-0.0518639173098	0.0266657077873	0.105877121219	-0.0725049403102	0.0380805131564	1.0	0.0473639973691	-0.0557156472365	-0.0374806776422	-0.0298081985661	-0.0259446030516	-0.0412096646376	-0.00182388688241	0.039425494273	0.0194117491524	0.00165449997634	-0.0598347958528	-0.0222367599867	-0.0373971042697	0.0116397447444	0.00218158300633	0.0153753923357	0.0192132145384	-0.0685285183679	-0.0297056037455	0.026547353631	0.045278264999	-0.0425171891525	-0.0253533575463	0.0210683291279	0.081300304848	-0.0269073457006	-0.0276442157723	0.00988704568946	-0.0404644318587	-0.00027147194003	-0.0708884764496	0.0122109935066	-0.0194526023855	-0.00489093528444	0.00352229895242	0.0149831592326	0.0312939297617	-0.0141893070396	-0.013712345473	-0.0381127451305	0.0123353930646	0.0320408828022	0.0625951396885	0.0117190988086	-0.015907571433	-0.0796632606665	0.00351884148487	-0.0566397097578
k__Bacteria;p__Bacteroidetes;c__Bacteroidia;o__Bacteroidales;f__Bacteroidaceae;g__Bacteroides;s__Bacteroides_coprocola	-0.080017915299	0.0325085018231	0.0270234375951	0.0587821842185	-0.0267630146713	0.00286824781018	-0.0309795479533	-0.0317571250319	0.00012688018312	0.0401361446068	0.0473639973691	1.0	-0.00395196183245	0.00403408654666	-0.0625973673482	-0.0412108164492	-0.0308132060915	-0.00366705791229	-0.0204135129604	0.0084783214495	0.00213173781511	0.0617460496424	-0.0353687842868	-0.0816349841374	0.0132169833079	0.00202783738586	-0.0333032945775	-0.0751263994617	0.0245228214447	-0.0902629047932	-0.003448188491	-0.0683279037525	0.0398633973165	0.00999114237049	0.037239666378	-0.0108554808809	0.011053038691	-0.00209646137241	-0.00774339614502	-0.00772983113497	-0.0290604723505	-0.112292458013	-0.00115984938639	-0.000482185254492	-0.00545014242194	-0.00284656699373	0.00417688369105	0.0616300678953	0.0120636973053	-0.00993491794289	-0.00356073885413	0.0422361328728	-0.0536481260284	0.0657280482428	0.0149860583848	0.0576915933228	-0.0474404387988	-0.042048454164	0.0171163855302
k__Bacteria;p__Bacteroidetes;c__Bacteroidia;o__Bacteroidales;f__Bacteroidaceae;g__Bacteroides;s__Bacteroides_cellulosilyticus	0.00105948902944	-0.00578838039835	0.0586931655176	0.0389706210957	-0.0213955008225	-0.00205185488306	0.0286177093482	-0.0847250384162	0.0645972657353	-0.0544956097388	-0.0557156472365	-0.00395196183245	1.0	0.0723141089733	0.0339734419081	0.0338710042549	-0.00305044221045	0.0184738578392	-0.0157432395131	-0.0567961810702	0.0827895066273	0.0311112263524	0.0285418710565	-0.0471267225518	-0.0326548361524	0.0103595490693	-0.00714394084171	0.00703142397422	0.00955298509111	0.0546835903396	0.0104238550661	-0.00457556431472	0.0243467107314	-0.0829085425765	-0.0491341495275	-0.0535368201119	0.0148053904038	0.00431672195873	0.0491481250927	-0.0610905225618	-0.0058871151406	-0.0266341025479	0.00573559639144	-0.0126840165126	0.0170025999449	-0.0484080525551	-0.0360401757034	-0.055480523102	-0.0687995040388	0.0394613415167	0.0382241285485	-0.0570149186528	-0.0528666205454	-0.0173183708063	0.0604663574008	-0.0452389426188	-0.0338381587303	-0.0119702502717	0.0180046714196
k__Bacteria;p__Bacteroidetes;c__Bacteroidia;o__Bacteroidales;f__Rikenellaceae;g__Alistipes;s__Alistipes_obesi	0.010764409811	-0.0114277481947	-0.00989607868081	0.00345409873723	0.00363624044274	0.0519359805921	0.0144503600051	-0.0220579886816	-0.0755573496892	-0.0427071276561	-0.0374806776422	0.00403408654666	0.0723141089733	1.0	-0.109119940637	0.00769289787222	0.0170653695114	-0.0264517448312	0.0359758497599	0.0263490877147	-0.00629997172494	-0.0337543014366	0.0541251929391	0.00893805623896	-0.0367596859537	0.046644163542	0.00944047278339	0.0784323641272	0.00820778644855	-0.0369259363148	-0.00186159325653	-0.0428379861636	-0.0391957047738	0.01666986793	-0.037083852727	-0.00982619506065	-0.0213031619706	-0.0407394148861	0.00488375170918	0.0316363511259	-0.0218520743029	0.0135833113115	-0.127302632453	-0.0578401699224	0.00864934435062	0.0579442299549	0.0119134548707	-0.00823098681695	0.00558841946674	0.031539867914	-0.0241101477805	-0.0162637514696	-0.0514134052651	-0.0180408023211	-0.0075483297828	0.0314618808316	0.00692793860991	-0.00442268174095	-0.0337555416073
k__Bacteria;p__Firmicutes;c__Clostridia;o__Clostridiales;f__Lachnospiraceae;g__;s__[Eubacterium]_rectale	-0.0113693585549	-0.00855789686149	0.00126377574299	0.0550015181013	0.0346235032503	0.000860260552671	-0.0162070173395	-0.0585156840341	-0.0766516373629	0.000123418408388	-0.0298081985661	-0.0625973673482	0.0339734419081	-0.109119940637	1.0	0.0225745639717	0.0495994128247	0.00932724150242	0.0147840605608	0.00184112113309	-0.0739493051034	0.00401066751363	0.0198930914571	-0.00841294800803	-0.0372490200222	-0.0163478004336	0.0120050611845	-0.000172283393704	-0.0288228066891	0.0229343528051	0.0913209889022	0.0526097810674	0.0212444943147	-0.0334006639659	0.0140197046353	0.00399096901354	-0.0412939502557	0.0114453259665	-0.0745151277309	0.00836336661609	-0.0526913989152	-0.012874120806	0.0903411287828	-0.0565296554628	-0.044959468996	-0.04629679706	0.00846163864695	-0.00060396586934	-0.0160762814248	0.0144992164034	-0.0562681504734	-0.0193671429205	0.00573245046962	-0.00338013309361	-0.0147730782811	-0.00342724012725	0.0016674701539	-0.00354336800386	-0.0164474546778
k__Bacteria;p__Bacteroidetes;c__Bacteroidia;o__Bacteroidales;f__Bacteroidaceae;g__Bacteroides;s__Bacteroides_plebeius	0.0147571358056	-0.0364512992533	-0.0354555070383	-0.00313605946119	-0.0417637729037	-0.00725936639202	0.00267730480999	-0.0179741373418	-0.08445659613	-0.00567445899539	-0.0259446030516	-0.0412108164492	0.0338710042549	0.00769289787222	0.0225745639717	1.0	0.0212349961685	-0.00306023990995	0.0132891497785	0.00375457021918	0.0402399357875	-0.0211192694787	-0.00390373079699	-0.00795682378524	-0.000344829961971	0.000199813822256	0.0488052961241	0.0200155911094	-0.00164356300122	-0.0527538476559	-0.029505372465	-0.00277344336586	0.042631158748	-0.0285316595586	-0.0165858106762	0.0185355816242	-0.0351388354076	-1.63538238437e-05	-0.0237941207011	0.0305164959675	0.0672633446183	-0.00550759636526	0.00245912258629	0.0421000086472	-0.056896303809	0.0811250574295	-0.00396986114835	0.0337517761703	0.0195930118602	-0.0482665796369	0.0382659496943	-0.0362288213338	-0.0400965941265	0.0110496133581	0.0251296434017	-0.00589225164661	0.0449724183029	-0.0130646098453	0.00434166438533
k__Bacteria;p__Bacteroidetes;c__Bacteroidia;o__Bacteroidales;f__Bacteroidaceae;g__Bacteroides;s__Bacteroides_fragilis	0.0308426828273	-0.0363150041273	0.0298644750757	-0.0515110327375	-0.0151971283746	-0.0452063099675	-0.0387831952221	0.0142894759872	0.00487164524951	-0.044614916984	-0.0412096646376	-0.0308132060915	-0.00305044221045	0.0170653695114	0.0495994128247	0.0212349961685	1.0	0.0035867121152	-0.0316123762387	0.0409885521488	0.0114737781794	-0.0170616737222	0.00836970739267	-0.0042866398513	-0.0234425898249	-0.0113311838385	0.0209306782937	-0.0602207180974	-0.0356792387556	0.0179876926917	-0.0343294257977	0.0101822052905	-0.0930124924011	-0.0133354927153	0.0116225925147	-0.0594238245601	0.0360038834285	-0.0151307166084	0.0128361988573	0.0520214509328	0.0259935049989	0.00423363822711	0.0119256948754	-0.00597699816645	-0.0402133575795	0.0132902035481	-0.0557927545445	-0.0233010320699	0.00293803694601	0.000277131836984	-0.0369362928496	0.0403072386694	-0.0630002284062	-0.0105098668154	-0.0162873555822	0.0750639177156	-0.00689512087567	-0.0103156893836	-0.023479289937
k__Bacteria;p__Proteobacteria;c__Betaproteobacteria;o__Burkholderiales;f__Sutterellaceae;g__Sutterella;s__Sutterella_wadsworthensis	-0.0466046462635	0.0201676872039	-0.0221228648976	-0.0637519864406	0.0251412059774	0.00497219827556	-0.0271766565488	0.0500932948869	-0.0452981588573	0.0221291795983	-0.00182388688241	-0.00366705791229	0.0184738578392	-0.0264517448312	0.00932724150242	-0.00306023990995	0.0035867121152	1.0	-0.0879754728455	-0.00338268574672	0.0270597640586	-0.017516728078	0.00074540759053	-0.00793405863416	-0.036962382353	0.0314110531459	-0.000448838704128	-0.0120958877551	-0.0498717355509	-0.0494891341839	0.0513052067649	0.0120272273442	-0.0442655590267	-0.0311997189849	0.044723462725	-0.0100200489027	-0.00867696402999	-0.00564284902751	0.0455460769262	-0.0425390837139	0.000948289996788	-0.00138122515663	-0.0565892450029	0.0339531086394	0.0355296430302	-0.0127981441484	0.0599089646661	-0.0955879804437	0.015784577091	0.0290692958176	-0.0642823463396	0.00337178661145	-0.0457186478772	0.0492122599708	0.0370453294898	0.0156250976546	0.00168784459121	0.0239563864477	-0.00723823244507
k__Bacteria;p__Bacteroidetes;c__Bacteroidia;o__Bacteroidales;f__Porphyromonadaceae;g__Barnesiella;s__Barnesiella_intestinihominis	0.0428272722513	-0.0171735812826	-0.042348115638	-0.0100129420686	-0.0085464166319	0.0640643176589	-0.0172869047947	-0.00621825514977	-0.021621027023	-0.0364649468384	0.039425494273	-0.0204135129604	-0.0157432395131	0.0359758497599	0.0147840605608	0.0132891497785	-0.0316123762387	-0.0879754728455	1.0	0.124251714839	-0.0381935966638	-0.0400850221422	-0.0146509426486	-0.0369533192648	-0.0143903629218	-0.00028442315943	0.00649455766493	0.0324044612557	0.0117924201088	0.00684467242692	-0.00236998969879	-0.0252009062932	0.0106459694057	0.0291292309422	-0.0254394873485	0.0843228514929	0.00554140113527	-0.0547982045498	-0.00016618638615	0.00568532557233	0.0555714377203	-0.0223587930751	-0.0688411585841	-0.045971630332	-0.0554069609349	0.00243525176995	-0.0106391796898	0.0110477712433	-0.036595196377	-0.0297443432708	0.0115903698531	0.00323863171897	0.00774958162109	-0.00160145585037	-0.00570573903099	0.0196031937825	-0.0165840081883	0.0162022393052	-0.0971247913279
k__Bacteria;p__Bacteroidetes;c__Bacteroidia;o__Bacteroidales;f__Odoribacteraceae;g__Odoribacter;s__Odoribacter_splanchnicus	0.00677851653208	-0.0521352210416	-0.0842911523826	-0.00318813686906	0.00459731449106	0.00798240630047	-0.00850169820496	0.00886402446687	-0.0639394555481	-0.0618443404124	0.0194117491524	0.0084783214495	-0.0567961810702	0.0263490877147	0.00184112113309	0.00375457021918	0.0409885521488	-0.00338268574672	0.124251714839	1.0	-0.0390572700042	0.00413641595913	-0.0875170191215	0.0216233915656	-0.0122102608018	-0.0276376895183	-0.0125983036644	-0.0196345484196	-0.0164282505398	0.00497802787121	0.0512599316833	0.0292765075359	0.000902548029243	-0.0174186383516	-0.0552622219367	0.00129576115326	-0.0270481959258	0.0102373945927	-0.0528940751696	-0.0327509271798	0.0100265881267	-0.0493055267298	-0.0597580605919	-0.00607135390679	0.00440533892946	-0.0127893850687	0.0055044581274	0.0088885385066	-0.0545592840736	-0.00847998567834	0.00178978124498	0.0216420680601	0.037439599717	-0.0515031555562	0.00705478950727	0.0781095131146	-0.00970667020698	-0.0410455471548	-0.00168368562696
k__Bacteria;p__Bacteroidetes;c__Bacteroidia;o__Bacteroidales;f__Bacteroidaceae;g__Bacteroides;s__Bacteroides_salyersiae	-0.0508584368034	0.00742779778126	0.00411585979853	-0.0285450639848	-0.00505738011239	-0.0245899698229	0.0271203445443	-0.0204183948736	-0.000458865176435	-0.0963282196614	0.00165449997634	0.00213173781511	0.0827895066273	-0.00629997172494	-0.0739493051034	0.0402399357875	0.0114737781794	0.0270597640586	-0.0381935966638	-0.0390572700042	1.0	0.0174343430949	0.0246249751197	0.0260722695383	-0.0406289280797	-0.0439729384707	-0.00795558011253	-0.029817581814	0.0313727898801	0.0600305222574	-0.0601467287307	-0.0184395941021	0.0108482598052	0.0231441613515	0.00820540604326	-0.0249075036412	-0.0226473056392	0.0251685470534	0.038706533109	0.0208724945883	-0.0731310369531	-0.0135929783639	-0.00952341126262	-0.0717084707927	0.116467738561	-0.00165953065592	-0.00607089985996	-0.0219146282147	-0.0304503947922	-0.0395696271686	0.0524588438126	0.0293573819105	0.0187811220375	0.0277660771208	0.00146343241046	-0.0227847156935	-0.0210384964343	-0.0548721656682	-0.0429977392863
k__Bacteria;p__Firmicutes;c__Clostridia;o__Clostridiales;f__Ruminococcaceae;g__Ruminiclostridium;s__[Eubacterium]_siraeum	-0.0479064155355	-0.0112779154506	-0.00902816111381	0.033723835479	-0.0669186643434	0.0178405223	0.0152146218654	0.0398441895216	-0.0635748032137	-0.0336925187201	-0.0598347958528	0.0617460496424	0.0311112263524	-0.0337543014366	0.00401066751363	-0.0211192694787	-0.0170616737222	-0.017516728078	-0.0400850221422	0.00413641595913	0.0174343430949	1.0	-0.0462129475106	0.0255310257091	-0.0692936630095	0.00405502517489	-0.0564373655299	-0.0205772143379	-0.0334395569226	-0.0331159136922	-0.00305580273157	0.0278644650742	-0.0236104423545	-0.00267941731104	0.0340187053453	-0.0274227378697	-0.0622755595726	-0.00915672136434	0.0130619340951	0.0110484286657	0.00749649074738	-0.01277515443	0.0147867341996	-0.0183805500437	-0.0205514040836	-0.0240886657521	-0.0102292600534	0.0511001992572	-0.0173824237342	-0.0226686059332	0.00948579089451	0.00891058869996	-0.041458794954	-0.0190837927393	-0.0280872149841	0.0368324011391	-0.00178139675429	0.0276714164999	-0.0182170283009
k__Bacteria;p__Proteobacteria;c__Betaproteobacteria;o__Burkholderiales;f__Sutterellaceae;g__Parasutterella;s__Parasutterella_excrementihominis	-0.0137590687698	-0.018084100527	0.0570116753519	0.00565503790661	-0.0393682641236	-0.0267535145681	0.0217541443252	-0.027401002299	-0.00228990490666	-0.0230787277942	-0.0222367599867	-0.0353687842868	0.0285418710565	0.0541251929391	0.0198930914571	-0.00390373079699	0.00836970739267	0.00074540759053	-0.0146509426486	-0.0875170191215	0.0246249751197	-0.0462129475106	1.0	-0.00695802083038	-0.0404886230133	-0.0293964236957	-0.0232076582579	0.0357560852631	0.0150868186867	-0.0301404898188	0.00527347435189	-0.0844585224174	-0.0274147919262	-0.00288258860617	-0.0152165012693	0.0327823920255	0.0413705711491	-0.0400036975149	-0.0361600447419	0.0132642919268	-0.0596839452451	-0.0186566982834	-0.00419483886512	0.0502700580148	-0.0342510033469	-0.00776644129448	-0.0661290245731	-0.0877846551748	-0.0296999590174	-0.03481150975	0.0220508714788	0.0107851907658	-0.0205283297399	0.0300122722984	0.0505172965714	-0.0101567170499	-0.0407722151739	-0.0264478355885	0.020226865697
k__Bacteria;p__Actinobacteria;c__Actinobacteria;o__Bifidobacteriales;f__Bifidobacteriaceae;g__Bifidobacterium;s__Bifidobacterium_adolescentis	0.0522708936259	0.106365934865	0.021386201471	-0.0482248880597	0.000275940123616	-0.0562492749728	-0.0163965263728	-0.0605352524414	0.046958607213	0.0235236344279	-0.0373971042697	-0.0816349841374	-0.0471267225518	0.00893805623896	-0.00841294800803	-0.00795682378524	-0.0042866398513	-0.00793405863416	-0.0369533192648	0.0216233915656	0.0260722695383	0.0255310257091	-0.00695802083038	1.0	0.0114857958139	-0.0221631097138	-0.0565104243264	-0.00914343339989	-0.021066010805	-0.0263550014695	-0.0501357465896	0.00998830757683	-0.00136598473496	0.0337040665776	-0.0541215154893	0.0147414996804	-0.0192672590089	0.0530870849945	0.0171076290573	-0.105969500358	-0.0207200588104	0.0188407785417	-0.0173727338468	-0.0415864584884	-0.0174139699198	-0.000698720954542	0.0168189694263	-0.0331193700591	-0.0055556253569	0.0413872630911	-0.0251937929124	0.0343759288357	-0.0322669107868	-0.00527497260102	0.0318268805589	-0.0152616019143	-0.0269705644178	-0.0576880055091	-0.0301771258691
k__Bacteria;p__Firmicutes;c__Clostridia;o__Clostridiales;f__Oscillospiraceae;g__Oscillibacter;s__Oscillibacter_sp._KLE_1745	-0.0585326502563	0.0447814648109	0.0223926801868	0.00954483887748	0.00625372051011	-0.0510560451026	-0.0112776486329	0.0637919520995	-0.0275935485936	0.00487163049287	0.0116397447444	0.0132169833079	-0.0326548361524	-0.0367596859537	-0.0372490200222	-0.000344829961971	-0.0234425898249	-0.036962382353	-0.0143903629218	-0.0122102608018	-0.0406289280797	-0.0692936630095	-0.0404886230133	0.0114857958139	1.0	0.00327863088818	0.0354319558198	-0.0178252149871	0.0286901106956	-0.0077743304552	-0.017453778533	-0.0454573896104	0.0452035488229	-0.0557567010039	0.0213325919904	-0.0140910715517	-0.0410156740777	0.0316550460024	0.0355629362593	-0.010214620458	-0.0327864721887	-0.0534761815121	-0.00172308163054	-0.0279763857737	-0.00377857723882	0.0209073373121	-0.0708073390738	0.026241132601	0.0244127924271	-0.0230734756564	-0.011735598052	-0.0174910364136	-0.0833178612536	-0.0543003981298	-0.0118619402098	-0.0199408991066	-0.0160927660801	-0.0274010422628	0.0313576617691
k__Bacteria;p__Bacteroidetes;c__Bacteroidia;o__Bacteroidales;f__Bacteroidaceae;g__Bacteroides;s__Bacteroides_coprophilus	-0.0859561717161	0.013559196476	0.00113837077683	-0.040239502841	-0.0262525630916	0.052265483586	-0.085021900234	-0.0218835143722	0.00124178958637	0.0011742652456	0.00218158300633	0.00202783738586	0.0103595490693	0.046644163542	-0.0163478004336	0.000199813822256	-0.0113311838385	0.0314110531459	-0.00028442315943	-0.0276376895183	-0.0439729384707	0.00405502517489	-0.0293964236957	-0.0221631097138	0.00327863088818	1.0	-0.0477215302246	0.0287688283879	-0.0123426975427	0.0133455657613	-0.0094694508608	-0.0503836695897	0.00546303730812	-0.0406853493238	0.0124892783121	-0.0229083663699	0.00474662230655	0.0217642350284	-0.0307380677147	-0.00600996999101	0.0235501033178	0.0166713918016	0.00843712128343	-0.00508592869385	0.00962785305498	0.00141823807784	0.0127651901471	0.0261625122482	-0.071550942782	0.0318153470628	0.0720965512258	-0.0815451218675	-0.0327904203392	-0.0282049406095	-0.0646685790218	-0.0747943867147	-0.0498326020274	-0.00826236791184	-0.0619974739012
k__Bacteria;p__Firmicutes;c__Clostridia;o__Clostridiales;f__Lachnospiraceae;g__Roseburia;s__Roseburia_intestinalis	-0.011084367507	-0.0457540999995	-0.0436452448871	-0.0104351199894	0.0072824861417	0.0101539925795	0.0282341931685	-0.0146315398962	-0.00855547319068	-0.0317096083868	0.0153753923357	-0.0333032945775	-0.00714394084171	0.00944047278339	0.0120050611845	0.0488052961241	0.0209306782937	-0.000448838704128	0.00649455766493	-0.0125983036644	-0.00795558011253	-0.0564373655299	-0.0232076582579	-0.0565104243264	0.0354319558198	-0.0477215302246	1.0	0.0254247606732	0.0524739443076	-0.0214459203625	-0.00326432647784	-0.0129229581509	-0.0246205425169	-0.00799720390778	0.0137373049726	0.0905548951683	-0.058932450853	-0.00216806632855	-0.0721742797053	0.0134665758049	-0.0408439623848	-0.046068464563	-0.00788519357678	0.0554360640106	0.025695638589	-0.00757469772834	0.0508695338101	-0.0328090842721	-0.0254469707283	0.00887241740134	-0.0104956221978	0.00385988484307	-0.00849707696239	0.0136032343578	-0.0360360750994	-0.0176167230339	0.0570925956415	-0.0591668546067	0.0244413291648
k__Bacteria;p__Firmicutes;c__Clostridia;o__Clostridiales;f__Lachnospiraceae;g__Roseburia;s__Roseburia_hominis	-0.0494800139511	-0.00402184185751	-0.0395022519081	0.000162108370462	0.00249502316425	-0.0586488538979	-0.0175061422581	-0.00709300338163	0.0684893682031	-0.0556607623157	0.0192132145384	-0.0751263994617	0.00703142397422	0.0784323641272	-0.000172283393704	0.0200155911094	-0.0602207180974	-0.0120958877551	0.0324044612557	-0.0196345484196	-0.029817581814	-0.0205772143379	0.0357560852631	-0.00914343339989	-0.0178252149871	0.0287688283879	0.0254247606732	1.0	0.00304748134283	-0.0549207708929	0.0152795200799	0.0556676289801	0.0124934461998	-0.00810296277743	0.00625931035637	-0.002675557353	0.00747353708386	0.060596266049	-0.0241780354544	-0.00949502245898	0.000733507837842	0.00871640155042	0.054301449712	0.00492463615717	-0.00691104392974	0.00730653053808	0.0209393845447	-0.0343944273398	-0.044474696364	-0.051938624156	-0.046838342902	-0.000175554517273	0.0296040268194	-0.000263420871085	0.0176731590201	-0.00935839568688	-0.0221521978597	0.0316023776225	0.00637884267085
k__Bacteria;p__Bacteroidetes;c__Bacteroidia;o__Bacteroidales;f__Porphyromonadaceae;g__Parabacteroides;s__Parabacteroides_johnsonii	-0.0069603479999	-0.075707767043	-0.0398031189854	0.0337427668009	0.00247044939826	0.0143990745037	-0.0421724883316	-0.0337620511905	0.0128922767342	-0.0332837016058	-0.0685285183679	0.0245228214447	0.00955298509111	0.00820778644855	-0.0288228066891	-0.00164356300122	-0.0356792387556	-0.0498717355509	0.0117924201088	-0.0164282505398	0.0313727898801	-0.0334395569226	0.0150868186867	-0.021066010805	0.0286901106956	-0.0123426975427	0.0524739443076	0.00304748134283	1.0	-0.0250122973531	-0.0055752930531	0.0386894898634	0.0048379802237	0.032956875909	-0.0279886060781	0.00460817306045	-0.0305828951121	-0.0460237565076	-0.0184163835562	0.0260017419964	-0.00476854790118	0.0626367240402	0.02521648987	0.034142934194	-0.0568665041	-0.0176885914923	-0.0194353773273	-0.0277536583284	0.00178325299769	-0.00127683049092	-0.0495967825547	-0.000951331772114	0.0139747345233	-0.00057849461963	-0.0247277386374	-0.0209886434337	0.0321166573256	-0.0124381547276	0.0406628760161
k__Bacteria;p__Actinobacteria;c__Actinobacteria;o__Bifidobacteriales;f__Bifidobacteriaceae;g__Bifidobacterium;s__Bifidobacterium_longum	-0.00219154010652	-0.0214558174734	0.00865480602764	-0.0508667122016	0.00438270407359	-0.0164643734182	-0.0183014107473	0.0887215449079	-0.0480058424346	-0.0542818829101	-0.0297056037455	-0.0902629047932	0.0546835903396	-0.0369259363148	0.0229343528051	-0.0527538476559	0.0179876926917	-0.0494891341839	0.00684467242692	0.00497802787121	0.0600305222574	-0.0331159136922	-0.0301404898188	-0.0263550014695	-0.0077743304552	0.0133455657613	-0.0214459203625	-0.0549207708929	-0.0250122973531	1.0	0.0143676770377	0.0313795982815	0.0217076938331	-0.0330424895581	-0.0490854120104	-0.0196383385134	-0.0510212988496	0.0054538276059	-0.0315236555788	-0.0265957775712	0.0416299880768	0.0816470149682	-0.0237503383254	0.0155928208637	0.00126782789852	0.0241330575737	-0.0186850699053	0.048050016399	-0.0291555393931	0.00925470337072	0.01017393144	-0.0189486460749	-0.0381400544949	-0.0206841413246	-0.0212349472557	-0.0252483577141	0.00523496295113	0.0435521354698	-0.0590700224452
