#taxonomy	k__Bacteria;p__Bacteroidetes;c__Bacteroidia;o__Bacteroidales;f__Bacteroidaceae;g__Bacteroides;s__Bacteroides_vulgatus	k__Bacteria;p__Bacteroidetes;c__Bacteroidia;o__Bacteroidales;f__Bacteroidaceae;g__Bacteroides;s__Bacteroides_uniformis	k__Bacteria;p__Bacteroidetes;c__Bacteroidia;o__Bacteroidales;f__Rikenellaceae;g__Alistipes;s__Alistipes_putredinis	k__Bacteria;p__Bacteroidetes;c__Bacteroidia;o__Bacteroidales;f__Prevotellaceae;g__Prevotella;s__Prevotella_copri	k__Bacteria;p__Bacteroidetes;c__Bacteroidia;o__Bacteroidales;f__Bacteroidaceae;g__Bacteroides;s__Bacteroides_stercoris	k__Bacteria;p__Bacteroidetes;c__Bacteroidia;o__Bacteroidales;f__Bacteroidaceae;g__Bacteroides;s__Bacteroides_ovatus	k__Bacteria;p__Bacteroidetes;c__Bacteroidia;o__Bacteroidales;f__Rikenellaceae;g__Alistipes;s__Alistipes_shahii	k__Bacteria;p__Firmicutes;c__Clostridia;o__Clostridiales;f__Ruminococcaceae;g__Faecalibacterium;s__Faecalibacterium_prausnitzii	k__Bacteria;p__Bacteroidetes;c__Bacteroidia;o__Bacteroidales;f__Rikenellaceae;g__Alistipes;s__Alistipes_finegoldii	k__Bacteria;p__Bacteroidetes;c__Bacteroidia;o__Bacteroidales;f__Porphyromonadaceae;g__Parabacteroides;s__Parabacteroides_distasonis	k__Bacteria;p__Bacteroidetes;c__Bacteroidia;o__Bacteroidales;f__Bacteroidaceae;g__Bacteroides;s__Bacteroides_thetaiotaomicron	k__Bacteria;p__Bacteroidetes;c__Bacteroidia;o__Bacteroidales;f__Bacteroidaceae;g__Bacteroides;s__Bacteroides_coprocola	k__Bacteria;p__Bacteroidetes;c__Bacteroidia;o__Bacteroidales;f__Bacteroidaceae;g__Bacteroides;s__Bacteroides_cellulosilyticus	k__Bacteria;p__Bacteroidetes;c__Bacteroidia;o__Bacteroidales;f__Rikenellaceae;g__Alistipes;s__Alistipes_obesi	k__Bacteria;p__Firmicutes;c__Clostridia;o__Clostridiales;f__Lachnospiraceae;g__;s__[Eubacterium]_rectale	k__Bacteria;p__Bacteroidetes;c__Bacteroidia;o__Bacteroidales;f__Bacteroidaceae;g__Bacteroides;s__Bacteroides_plebeius	k__Bacteria;p__Bacteroidetes;c__Bacteroidia;o__Bacteroidales;f__Bacteroidaceae;g__Bacteroides;s__Bacteroides_fragilis	k__Bacteria;p__Proteobacteria;c__Betaproteobacteria;o__Burkholderiales;f__Sutterellaceae;g__Sutterella;s__Sutterella_wadsworthensis	k__Bacteria;p__Bacteroidetes;c__Bacteroidia;o__Bacteroidales;f__Porphyromonadaceae;g__Barnesiella;s__Barnesiella_intestinihominis	k__Bacteria;p__Bacteroidetes;c__Bacteroidia;o__Bacteroidales;f__Odoribacteraceae;g__Odoribacter;s__Odoribacter_splanchnicus	k__Bacteria;p__Bacteroidetes;c__Bacteroidia;o__Bacteroidales;f__Bacteroidaceae;g__Bacteroides;s__Bacteroides_salyersiae	k__Bacteria;p__Firmicutes;c__Clostridia;o__Clostridiales;f__Ruminococcaceae;g__Ruminiclostridium;s__[Eubacterium]_siraeum	k__Bacteria;p__Proteobacteria;c__Betaproteobacteria;o__Burkholderiales;f__Sutterellaceae;g__Parasutterella;s__Parasutterella_excrementihominis	k__Bacteria;p__Actinobacteria;c__Actinobacteria;o__Bifidobacteriales;f__Bifidobacteriaceae;g__Bifidobacterium;s__Bifidobacterium_adolescentis	k__Bacteria;p__Firmicutes;c__Clostridia;o__Clostridiales;f__Oscillospiraceae;g__Oscillibacter;s__Oscillibacter_sp._KLE_1745	k__Bacteria;p__Bacteroidetes;c__Bacteroidia;o__Bacteroidales;f__Bacteroidaceae;g__Bacteroides;s__Bacteroides_coprophilus	k__Bacteria;p__Firmicutes;c__Clostridia;o__Clostridiales;f__Lachnospiraceae;g__Roseburia;s__Roseburia_intestinalis	k__Bacteria;p__Firmicutes;c__Clostridia;o__Clostridiales;f__Lachnospiraceae;g__Roseburia;s__Roseburia_hominis	k__Bacteria;p__Bacteroidetes;c__Bacteroidia;o__Bacteroidales;f__Porphyromonadaceae;g__Parabacteroides;s__Parabacteroides_johnsonii	k__Bacteria;p__Actinobacteria;c__Actinobacteria;o__Bifidobacteriales;f__Bifidobacteriaceae;g__Bifidobacterium;s__Bifidobacterium_longum	k__Bacteria;p__Firmicutes;c__Clostridia;o__Clostridiales;f__;g__Flavonifractor;s__Flavonifractor_plautii	k__Bacteria;p__Firmicutes;c__Clostridia;o__Clostridiales;f__Clostridiaceae;g__Clostridium;s__Clostridium_phoceensis	k__Bacteria;p__Verrucomicrobia;c__Verrucomicrobiae;o__Verrucomicrobiales;f__Akkermansiaceae;g__Akkermansia;s__Akkermansia_muciniphila	k__Bacteria;p__Bacteroidetes;c__Bacteroidia;o__Bacteroidales;f__Prevotellaceae;g__Paraprevotella;s__Paraprevotella_xylaniphila	k__Bacteria;p__Firmicutes;c__Clostridia;o__Clostridiales;f__Ruminococcaceae;g__Ruminococcus;s__Ruminococcus_callidus	k__Bacteria;p__Bacteroidetes;c__Bacteroidia;o__Bacteroidales;f__Rikenellaceae;g__Alistipes;s__Alistipes_senegalensis	k__Bacteria;p__Firmicutes;c__Clostridia;o__Clostridiales;f__Lachnospiraceae;g__Blautia;s__Blautia_sp._KLE_1732	k__Bacteria;p__Bacteroidetes;c__Bacteroidia;o__Bacteroidales;f__Bacteroidaceae;g__Bacteroides;s__Bacteroides_oleiciplenus	k__Bacteria;p__Firmicutes;c__Clostridia;o__Clostridiales;f__Ruminococcaceae;g__Ruminococcus;s__Ruminococcus_bicirculans	k__Bacteria;p__Bacteroidetes;c__Bacteroidia;o__Bacteroidales;f__Bacteroidaceae;g__Bacteroides;s__Bacteroides_fluxus	k__Bacteria;p__Bacteroidetes;c__Bacteroidia;o__Bacteroidales;f__Prevotellaceae;g__Prevotella;s__Prevotella_stercorea	k__Bacteria;p__Firmicutes;c__Clostridia;o__Clostridiales;f__Lachnospiraceae;g__Dorea;s__Dorea_longicatena	k__Bacteria;p__Firmicutes;c__Clostridia;o__Clostridiales;f__Eubacteriaceae;g__Eubacterium;s__[Eubacterium]_eligens	k__Bacteria;p__Firmicutes;c__Clostridia;o__Clostridiales;f__Ruminococcaceae;g__;s__Ruminococcaceae_bacterium_D16	k__Bacteria;p__Firmicutes;c__Clostridia;o__Clostridiales;f__Lachnospiraceae;g__Coprococcus;s__Coprococcus_comes	k__Bacteria;p__Proteobacteria;c__Gammaproteobacteria;o__Enterobacterales;f__Enterobacteriaceae;g__Escherichia;s__Escherichia_coli	k__Bacteria;p__Firmicutes;c__Clostridia;o__Clostridiales;f__Ruminococcaceae;g__Anaerotruncus;s__Anaerotruncus_colihominis	k__Bacteria;p__Firmicutes;c__Clostridia;o__Clostridiales;f__Lachnospiraceae;g__Blautia;s__Blautia_obeum	k__Bacteria;p__Bacteroidetes;c__Bacteroidia;o__Bacteroidales;f__Odoribacteraceae;g__Odoribacter;s__Odoribacter_laneus	k__Bacteria;p__Firmicutes;c__Clostridia;o__Clostridiales;f__Ruminococcaceae;g__Ruminiclostridium;s__[Clostridium]_leptum	k__Bacteria;p__Bacteroidetes;c__Bacteroidia;o__Bacteroidales;f__Porphyromonadaceae;g__Parabacteroides;s__Parabacteroides_goldsteinii	k__Bacteria;p__Firmicutes;c__Clostridia;o__Clostridiales;f__Lachnospiraceae;g__Anaerostipes;s__Anaerostipes_hadrus	k__Bacteria;p__Firmicutes;c__Clostridia;o__Clostridiales;f__Ruminococcaceae;g__Ruminococcus;s__Ruminococcus_lactaris	k__Bacteria;p__Firmicutes;c__Clostridia;o__Clostridiales;f__Clostridiaceae;g__Clostridium;s__Clostridium_sp._L2-50	k__Bacteria;p__Firmicutes;c__Clostridia;o__Clostridiales;f__Clostridiaceae;g__Clostridium;s__Clostridium_sp._M62/1	k__Bacteria;p__Firmicutes;c__Clostridia;o__Clostridiales;f__;g__Intestinimonas;s__Intestinimonas_butyriciproducens	k__Bacteria;p__Actinobacteria;c__Actinobacteria;o__Bifidobacteriales;f__Bifidobacteriaceae;g__Bifidobacterium;s__Bifidobacterium_bifidum	k__Bacteria;p__Firmicutes;c__Negativicutes;o__Veillonellales;f__Veillonellaceae;g__Dialister;s__Dialister_invisus	k__Bacteria;p__Bacteroidetes;c__Bacteroidia;o__Bacteroidales;f__Bacteroidaceae;g__Bacteroides;s__Bacteroides_salanitronis
k__Bacteria;p__Bacteroidetes;c__Bacteroidia;o__Bacteroidales;f__Bacteroidaceae;g__Bacteroides;s__Bacteroides_vulgatus	1.0	-0.0221263903175	-0.0466672169618	0.030009172566	-0.036793095287	0.0234833060372	-0.0381775044989	-0.0600363393755	-0.0813009629922	-0.014081911173	0.0374207185006	0.0275539268554	0.00222044672309	-0.00415956897892	0.0231878037432	-0.0170290758395	-0.0144578027406	-0.0036297408113	-0.0308213196107	-0.0342158387375	-0.0430895266594	-0.0327241810219	-0.0102028345056	-0.0404824690969	-0.108310062705	-0.0552217041942	0.00763091708262	0.000202162160379	-0.014312553548	-0.0418089793049	0.0428077532138	-0.0186320933406	-0.023832391536	0.00831278627199	-0.0146584099954	0.0219195149926	-0.0414093812391	-0.0220163674752	-0.0594304655121	0.0228889524528	0.0347779414541	0.022390034449	-0.0500139010509	-0.0536193303976	0.0497460257594	-0.0102205159232	-0.0485359862443	-0.0313053712195	0.053635281031	-0.0454635204034	0.0327482407287	-0.00689110140522	0.0121442757317	0.0983041060346	-0.0347135789259	0.00317989956761	0.0284741138814	-0.0293289155734	0.0313263585264
k__Bacteria;p__Bacteroidetes;c__Bacteroidia;o__Bacteroidales;f__Bacteroidaceae;g__Bacteroides;s__Bacteroides_uniformis	-0.0221263903175	1.0	-0.00243624104673	-0.0578160770852	-0.00468265651788	0.0605719383386	-0.0332318615372	0.0481107767289	-0.0308706156309	0.0647226978676	0.00791406390456	-0.0124067917628	-0.0658448112609	0.0048305486311	-0.059079078954	-0.000758158027238	-0.00376942697389	-0.0390272946376	0.00202276211335	-0.00108805576604	0.102566392618	-0.0227830235535	0.0436063357725	0.0263205484364	0.0217319534069	-0.0590566094758	-0.0474351696445	0.0263592691935	0.00303854181142	-0.0274246719647	0.042322081512	0.0115118448126	-0.00592646965844	-0.0289925789385	-0.00216170428062	0.00719567479952	0.0678257503393	0.0183197460991	-0.0121281722632	0.00850121440178	0.0139758431771	0.0162696505297	-0.0152273861759	-0.00582409976082	-0.0803757412007	-0.0189963570289	0.0106910706985	0.00228772279299	-0.0228683034597	-0.0447683394764	-0.0327206374688	-0.0314035635491	-0.023282804027	-0.0442784279144	-0.00711588090719	-0.0819312202165	-0.0516207270751	0.00514943100114	0.0205862888681
k__Bacteria;p__Bacteroidetes;c__Bacteroidia;o__Bacteroidales;f__Rikenellaceae;g__Alistipes;s__Alistipes_putredinis	-0.0466672169618	-0.00243624104673	1.0	-0.0680991159573	0.0599107233626	-0.0214332633052	-0.00946101706872	-0.0603027188819	-0.00193426362627	0.0539061409183	-0.0542736678347	-0.00109247849217	0.0260016249269	-0.00684272128488	-0.0557153274667	-0.0711561219197	0.0222421821835	-0.00311362578565	-0.0417968302607	-0.0098632011232	-0.0473869696209	-0.0386541656009	-0.0446009726206	0.0379846415488	-0.0397141077863	0.0325607252109	-0.0149032152841	-0.0412595608205	0.00715511292677	0.0196145389009	-0.000634293872939	0.0346732183767	-0.00768433281152	0.011698493392	0.0329229327752	-0.0351828437012	0.0270614083801	-0.0238665328482	0.0246373817138	-0.0123225800014	0.00946814844172	0.0210695736603	0.0404603181213	-0.0190427269314	-0.00270310744915	-0.0264117842951	-0.0149090003631	0.045588372532	0.0164188346705	-0.010011176344	0.0181676492219	-0.0106399534654	-0.0349995143225	-0.0261874546444	-0.00961748631514	-0.0210103895137	-0.0705775468555	-0.0500007492923	-0.0241456247259
k__Bacteria;p__Bacteroidetes;c__Bacteroidia;o__Bacteroidales;f__Prevotellaceae;g__Prevotella;s__Prevotella_copri	0.030009172566	-0.0578160770852	-0.0680991159573	1.0	-0.0126137996022	-0.0664605763577	-0.0336782563351	0.0326185576068	-0.0442503882637	0.051138482024	0.0456780647671	0.00743167217917	0.0191760679951	-0.0192560889475	0.0199791116604	0.0911535049247	0.0267090637626	-0.00977478770444	-0.0191442898197	-0.0485146928797	0.039356307637	-0.0201026761809	-0.0821489152204	0.000631100318834	0.00746474660284	0.029539230213	-0.00822127905189	0.0232480827004	-0.00461274711356	0.0162388811162	0.0420918248632	0.0256826007672	-0.0169403916994	-0.0318738469326	0.0006776329356	0.0403933150846	-0.0208844720223	0.0370688801105	-0.00179609477611	-0.0849228743346	-0.0282478273786	0.0333589360513	0.0143286498487	8.85323112594e-05	-0.0557405845144	-0.0368309413279	0.0173716086563	-0.0398567959468	-0.0368449063342	0.0130213113413	-0.0112661110765	-0.034310639861	0.019694080393	-0.11215248569	-0.00981974484746	0.00880039338422	0.0277715295162	-0.0281561641076	-0.0213516568235
k__Bacteria;p__Bacteroidetes;c__Bacteroidia;o__Bacteroidales;f__Bacteroidaceae;g__Bacteroides;s__Bacteroides_stercoris	-0.036793095287	-0.00468265651788	0.0599107233626	-0.0126137996022	1.0	-0.0820927365195	-0.0101068176695	0.000668199500314	0.000982291515811	-0.0330763992089	-0.0916562222872	-0.00871269478137	0.0500044157176	0.0357726052179	-0.0688176872558	0.0027015607441	0.0299009665786	0.0144816766923	-0.0597747229633	0.00644752353568	0.00400512271219	0.0241618433345	-0.0498563342941	-0.0205663999257	0.000465713226333	-0.0547524148009	-0.0216613376979	0.0172316347828	-0.00707487801777	-0.0218610236527	-0.0108450680995	0.0214765081434	0.0392040540306	-0.0465828639611	-0.0230019059811	-0.0249194891146	-0.0715872523279	0.0501471576552	-0.076517849175	-0.00602739180942	0.00854218853647	-0.0389377781073	-0.0502020294652	-0.0241252034375	-0.0333676674129	0.035734118255	0.0656859656006	0.00815040452676	-0.0396362619541	0.0562042112151	0.00892049240709	-0.0334883138676	0.0199915046516	-0.0225042875112	-0.0394569706268	-0.0318508038848	-0.0127232337475	-0.0481605977558	-0.0395611066384
k__Bacteria;p__Bacteroidetes;c__Bacteroidia;o__Bacteroidales;f__Bacteroidaceae;g__Bacteroides;s__Bacteroides_ovatus	0.0234833060372	0.0605719383386	-0.0214332633052	-0.0664605763577	-0.0820927365195	1.0	0.0522067375324	-0.0107920932933	-0.00791930810804	-0.0311067463489	0.0579442685755	-0.0625656060039	-0.0786731303015	0.0412201872055	-0.00362943890169	0.0743028020179	0.0288420497598	0.0140212389544	-0.0972839077983	0.0540084979528	-0.00187303637905	-0.0181923703554	-0.00193501362281	0.0263708311044	-0.00676959702101	0.00289543089348	-0.0276138675764	0.0467962738476	-0.0197777431139	0.00708549467559	0.0169310642632	0.0114539768736	-0.0307270612621	0.00362807542156	-0.0379307565469	0.0388843681495	-0.0459653388934	-0.0305932775807	-0.0821421718883	-0.0348887835187	-0.00619571974729	-0.0165466964174	-0.00509275474524	0.00857953150028	-0.0263640692683	-0.0458940476652	0.00872633745088	-0.0147236253784	-0.00240609203575	0.0245264773806	-0.0297546994715	-0.0719515792529	0.0222289574401	-0.0181157302273	0.0123660133742	-0.023179174832	0.0306910058975	0.025796303367	-0.0541622582618
k__Bacteria;p__Bacteroidetes;c__Bacteroidia;o__Bacteroidales;f__Rikenellaceae;g__Alistipes;s__Alistipes_shahii	-0.0381775044989	-0.0332318615372	-0.00946101706872	-0.0336782563351	-0.0101068176695	0.0522067375324	1.0	0.013174449673	-0.00707937902151	0.0453065976395	0.0269199200501	-0.0530319725514	0.0201026802527	0.0119978215189	0.0431542607622	-0.0710933901221	-0.000600055371552	0.0245895338678	-0.0191671251661	0.00451118274327	-0.0057188922278	-0.0393629573438	-0.029095884402	-0.0458182360225	-0.0579919504143	0.0514221799441	0.0243944295476	0.0120140712484	0.0042853151211	-0.00717109519427	-0.0117935215671	-0.0309043598948	0.0343441580309	-0.00440934020381	-0.0266425825026	-0.0743605609729	-0.0165381642795	-0.00794143800985	0.065898933039	-0.00696444642991	0.0133859099606	-0.0201699168691	-0.0249734458507	-0.00772153139767	-0.0680503218296	-0.0142372322411	-0.0436888071854	0.0120303417097	0.0415018465507	-0.0509106188983	0.0441565152297	-0.0628368747712	0.010028960195	0.00368495660883	-0.0383835720716	-0.0542956805122	0.0315319933519	-0.0587757220403	-0.0367533084004
k__Bacteria;p__Firmicutes;c__Clostridia;o__Clostridiales;f__Ruminococcaceae;g__Faecalibacterium;s__Faecalibacterium_prausnitzii	-0.0600363393755	0.0481107767289	-0.0603027188819	0.0326185576068	0.000668199500314	-0.0107920932933	0.013174449673	1.0	0.0281136224803	-0.00361056755035	0.0182773904014	-0.0234902067685	-0.0464286046005	-0.026989593724	-0.0199440002938	0.0438710789412	-0.0707087183251	-0.0240574157881	-0.0182881730055	-0.0338512172249	0.0198147468229	0.0269138374915	0.0461526752461	-0.0677848622792	0.112479015319	-0.00625408297363	0.00226739937856	-0.0197246074525	0.0464174061357	-0.00988537548104	0.0345163291203	-0.00357916926951	0.0164842593226	-0.0368017463521	-0.0120759813977	-0.0103106448357	-0.00516431168424	0.0377333423466	-0.000285889893474	-0.0119034773449	-0.0398757444578	-0.00047616978956	-0.00582233243438	0.014465241915	-8.86258443912e-05	0.0400351208052	0.0732610721375	0.00330487000982	0.0343523978506	0.0294900033423	-0.00426329942571	-0.0101193919471	-0.0298601861898	-0.0564655677712	-0.0114726967756	0.0487934559554	0.0393656742945	-0.0683253019065	-0.0177073655017
k__Bacteria;p__Bacteroidetes;c__Bacteroidia;o__Bacteroidales;f__Rikenellaceae;g__Alistipes;s__Alistipes_finegoldii	-0.0813009629922	-0.0308706156309	-0.00193426362627	-0.0442503882637	0.000982291515811	-0.00791930810804	-0.00707937902151	0.0281136224803	1.0	0.0218519199493	-0.00885915444322	-0.00864483190391	0.0466197139275	-0.00111571408074	-0.0943752833841	-0.0649446906447	-0.0345792707469	0.0622300706172	-0.0305012419899	0.000619537523141	-0.0499338051921	-0.00161701256342	0.0231959037332	-0.0434477990034	0.0298266314617	-0.0240400914216	-0.0353694161918	-0.0203522072713	0.0372774531705	-0.0347497287047	0.0130984157072	0.0629685202354	0.0121794798202	0.00236406196291	0.00458976577296	0.0268182264153	-0.0453808514361	-0.0291709616572	0.0176453626065	0.0283969709868	0.0326850235176	-0.0052793600115	-0.0230370509797	-0.0106906254893	0.0627407685296	0.0464588181257	-0.0352747515687	-0.0472179098522	-0.0225963819515	-0.0335200899287	-0.054973850753	-0.0687752161509	0.0128162494145	0.0348494558276	0.0211460880811	-0.0366692295459	-0.00877824673033	-0.0282380442041	-0.00553958042319
k__Bacteria;p__Bacteroidetes;c__Bacteroidia;o__Bacteroidales;f__Porphyromonadaceae;g__Parabacteroides;s__Parabacteroides_distasonis	-0.014081911173	0.0647226978676	0.0539061409183	0.051138482024	-0.0330763992089	-0.0311067463489	0.0453065976395	-0.00361056755035	0.0218519199493	1.0	0.0718536106396	-0.091980286887	-0.0504281700061	0.0340534439886	0.0250491456321	-0.0160380827168	0.0383619751863	-0.0331155297687	-0.0322917106455	0.00495226550175	-0.0695420914713	-0.0784770039103	-0.0428313983541	0.0372350689099	-0.0659840966114	-0.0667880554983	0.0596595508308	-0.0768591413082	-0.0319215354077	-0.0207714026767	0.0198201164518	0.0162848844312	0.0123817566555	-0.0295567108381	0.0126365025277	0.0929125342085	0.0529153491239	-0.00848512897997	0.0372763203551	0.01243012387	-0.00755135128085	0.00227210438838	0.00444692355694	-0.0168149465611	-0.0894273791527	-0.0069807776704	0.0404876830194	-0.0505572678582	-0.0296911757166	-0.0600740843956	-0.0523704999558	0.0507388169295	0.0398313181594	0.0276986260392	0.0115733958891	-0.0562547892704	0.0541757111782	0.0334757269053	0.0005030300677
k__Bacteria;p__Bacteroidetes;c__Bacteroidia;o__Bacteroidales;f__Bacteroidaceae;g__Bacteroides;s__Bacteroides_thetaiotaomicron	0.0374207185006	0.00791406390456	-0.0542736678347	0.0456780647671	-0.0916562222872	0.0579442685755	0.0269199200501	0.0182773904014	-0.00885915444322	0.0718536106396	1.0	0.00867329776483	0.0163825858299	-0.0715133377354	-0.051480242987	0.000487735298286	0.000599613522871	-0.0656687342478	0.0146785522293	0.0200401091103	0.0144962788473	-0.0123182843696	-0.0370609729262	0.0681615326842	-0.0215247165339	-0.0583604905263	0.0579504940565	-0.0138990272077	0.0306523894569	-0.0291058104398	0.0340033195455	0.0628119577793	-0.0173442230631	-0.0254511157579	0.017145696977	-0.0105968026535	0.00457285755046	-0.0272841202246	0.0159075880328	-0.0617007998754	0.0126296877398	0.0114054548889	-0.0151205700578	0.0256901509994	-0.0657380644498	-0.0599223191437	-0.0147450643281	-0.00865783769022	0.0141702452635	-0.00863201462332	-0.0765192700954	0.0102124505714	-0.064346094486	-0.000485190668496	0.00372012537658	-0.05765926397	0.00275326585331	0.0300081643175	0.0198930790469
k__Bacteria;p__Bacteroidetes;c__Bacteroidia;o__Bacteroidales;f__Bacteroidaceae;g__Bacteroides;s__Bacteroides_coprocola	0.0275539268554	-0.0124067917628	-0.00109247849217	0.00743167217917	-0.00871269478137	-0.0625656060039	-0.0530319725514	-0.0234902067685	-0.00864483190391	-0.091980286887	0.00867329776483	1.0	0.0366752042489	-0.0367466014195	-0.0187368691165	-0.00885878748534	-0.0304710912002	0.0367272921208	-0.0336900930294	0.0285046534998	0.0116320294226	-0.0393863634236	-0.0550363751338	0.0545725598627	0.016472200686	-0.0396822256736	-0.0237196030782	-0.0305303305268	0.0534176823807	0.0173679540155	0.0169227894216	0.00413182461333	0.0372149677301	0.0162359931349	-0.0347734622255	-0.0518935466579	0.0324266741494	0.0267175040924	-0.0391536280889	-0.0105159757285	-0.0205767392932	0.0145141218623	0.0501370281936	-0.0590714153608	0.0736501183288	-0.0361356431502	0.0458731577497	-0.0142236842792	-0.0513362559341	-0.080567147766	0.00778624267015	0.00849553764532	-0.0413951436751	-0.0290508893007	-0.0689061306602	0.0435704253149	0.00324236680672	0.00833682481513	0.0549281992941
k__Bacteria;p__Bacteroidetes;c__Bacteroidia;o__Bacteroidales;f__Bacteroidaceae;g__Bacteroides;s__Bacteroides_cellulosilyticus	0.00222044672309	-0.0658448112609	0.0260016249269	0.0191760679951	0.0500044157176	-0.0786731303015	0.0201026802527	-0.0464286046005	0.0466197139275	-0.0504281700061	0.0163825858299	0.0366752042489	1.0	0.00822371072424	0.00997594132017	-0.0747666285376	-0.0235876117317	0.0409598187111	0.00470664375984	0.00386180537033	-0.0117829392796	-0.0265082005809	-0.0233567616177	-0.0171118098895	0.00905389856322	-0.00623585087726	0.0150378005487	-0.0260801915997	0.0499454260181	-0.0218839121281	-0.00290034680386	-0.033986581361	-0.00258639550813	0.0253026633612	0.0804419782102	-0.061823825412	-0.0868439034294	-0.0414614151027	0.00810128197481	-0.0367013072537	-0.0785356985382	-0.0198295008506	0.0405198221453	0.0346672335652	-0.00343904856632	0.0196150546075	-0.055180034519	-0.0141609705393	0.016671337888	0.026674736072	0.00674454428247	-0.0616465351348	0.0224181918117	0.0225149259211	-0.0535637455335	0.00550858790326	-0.0404884102998	0.0625757119734	-0.00450268910415
k__Bacteria;p__Bacteroidetes;c__Bacteroidia;o__Bacteroidales;f__Rikenellaceae;g__Alistipes;s__Alistipes_obesi	-0.00415956897892	0.0048305486311	-0.00684272128488	-0.0192560889475	0.0357726052179	0.0412201872055	0.0119978215189	-0.026989593724	-0.00111571408074	0.0340534439886	-0.0715133377354	-0.0367466014195	0.00822371072424	1.0	-0.0397950971813	-0.0228930772365	-0.0321097575208	0.0595497906198	0.00962099947635	-0.0216898077108	0.0156382123336	0.0366130541704	-0.0187473680349	0.0087048235105	-0.0132471346337	-0.0160886364514	-0.0577031721829	-0.0033202791251	0.00547559128767	0.00268868097506	0.0128067260965	-0.0178471237231	-0.0415424109116	-0.0379870034853	-0.045666227155	0.0735406208496	0.0201776329118	0.0495024678916	0.000623383326496	0.00580603873526	0.035135190086	-0.0154674697043	0.0573691854537	0.00316378752667	-0.0312845641858	0.014123940512	-0.029491257056	0.0102502001278	-0.041779581224	0.0519575345876	0.00921897941868	-0.00663119213318	0.00669156750534	0.0413010751052	-0.0322111781592	0.000180956908797	-0.0267605121397	-0.0132252683248	-0.0169394053466
k__Bacteria;p__Firmicutes;c__Clostridia;o__Clostridiales;f__Lachnospiraceae;g__;s__[Eubacterium]_rectale	0.0231878037432	-0.059079078954	-0.0557153274667	0.0199791116604	-0.0688176872558	-0.00362943890169	0.0431542607622	-0.0199440002938	-0.0943752833841	0.0250491456321	-0.051480242987	-0.0187368691165	0.00997594132017	-0.0397950971813	1.0	0.0220565954066	-0.0494001920049	-0.0219452249096	0.0553864350096	0.00393650907263	-0.00552303189461	0.00612481355106	-0.00223893951796	0.0517052356383	-0.00935638555963	0.00828104427043	0.0101040727563	-0.00729110963559	-0.0641411471488	-0.0373523217148	-0.0140462619121	-0.043572228253	0.0550325393294	0.0365914067342	-0.0275163070812	-0.019765642278	0.00205603487007	-0.0107752052601	-0.0101498845646	0.00134622689331	0.0095332319302	-0.0106731491375	-0.0556614877919	0.00157282125843	0.10409357538	-0.00825719651061	-0.0273785762108	-0.0351161429756	0.0123426701459	0.0131782832978	-0.0332963096324	0.0450107790782	-0.00550060771679	0.072720486925	0.0410709592673	0.0054581241583	-0.00435216609213	0.0369485655632	-0.0382801936983
k__Bacteria;p__Bacteroidetes;c__Bacteroidia;o__Bacteroidales;f__Bacteroidaceae;g__Bacteroides;s__Bacteroides_plebeius	-0.0170290758395	-0.000758158027238	-0.0711561219197	0.0911535049247	0.0027015607441	0.0743028020179	-0.0710933901221	0.0438710789412	-0.0649446906447	-0.0160380827168	0.000487735298286	-0.00885878748534	-0.0747666285376	-0.0228930772365	0.0220565954066	1.0	-0.0218062749474	-0.0155629632217	0.0615143133068	-0.0157376444648	0.00470823405664	0.00122900611566	-0.0208908087473	-0.0672915790452	0.0132679813452	0.0241747842884	0.0273809955234	-0.0529127982485	-0.0521605599317	0.001734799922	-0.0257499954491	0.0613393584524	-0.0150596098486	0.0244123032751	-0.0263516946995	0.0102880838843	-0.0197410170715	-0.0458584943089	-0.00135804924538	-0.0120256070478	0.00579381754698	-0.0236917773017	-0.0121924732888	-0.0157194579865	-0.036994788377	-0.0180990750248	-0.0167150800189	-0.0106004466317	0.00323835462935	0.0262123226399	0.0961384490368	-0.0327678766138	-0.034264668271	-0.0133601402631	0.0435907207937	-0.0512486510968	-0.00526924542724	0.0133909952114	-0.0421336016257
k__Bacteria;p__Bacteroidetes;c__Bacteroidia;o__Bacteroidales;f__Bacteroidaceae;g__Bacteroides;s__Bacteroides_fragilis	-0.0144578027406	-0.00376942697389	0.0222421821835	0.0267090637626	0.0299009665786	0.0288420497598	-0.000600055371552	-0.0707087183251	-0.0345792707469	0.0383619751863	0.000599613522871	-0.0304710912002	-0.0235876117317	-0.0321097575208	-0.0494001920049	-0.0218062749474	1.0	0.0141159455183	-0.0390990740695	0.0421012774665	-0.00687517006267	0.0511472483565	0.00973277254847	-0.0388559323765	-0.0676162086065	0.0332680483642	0.0254690438555	-0.0111070862068	0.0318824897532	-0.0391887871488	-0.0575267926711	0.0082404231948	-0.0715027187862	-0.0309089242243	0.0503901600519	0.0458419665008	-0.0141593848996	0.0351522625625	-0.0520423430577	0.0298190249665	0.000582162001735	0.0186593643366	-0.058903970265	0.017552387735	0.0366555824407	0.0104591164057	0.0288874859934	-0.0299278188873	-0.0488114276344	0.0217003420433	-0.0280664871073	0.0632280059446	-0.0763967071343	-0.0304289427321	0.037059875134	0.0577418529016	0.00377913489543	0.0118313294854	0.0403748577883
k__Bacteria;p__Proteobacteria;c__Betaproteobacteria;o__Burkholderiales;f__Sutterellaceae;g__Sutterella;s__Sutterella_wadsworthensis	-0.0036297408113	-0.0390272946376	-0.00311362578565	-0.00977478770444	0.0144816766923	0.0140212389544	0.0245895338678	-0.0240574157881	0.0622300706172	-0.0331155297687	-0.0656687342478	0.0367272921208	0.0409598187111	0.0595497906198	-0.0219452249096	-0.0155629632217	0.0141159455183	1.0	-0.0170987659141	-0.0727586420404	-0.0208374207996	0.0170370050994	-0.0289792100185	-0.0300838264566	0.0370817645759	0.00526381014108	0.0228300607118	-0.0354150494499	-0.0313652456324	-0.0623329334153	0.0166955772109	-0.0739971587817	0.0388743197962	0.0386413606895	0.00706569683467	-0.0446178198376	0.0116735680447	0.012708288297	0.0654448276715	0.040582147918	-0.0186403858846	0.0323301771735	0.0696812919966	-0.0367412976426	0.0035355098935	0.00474686640091	0.0417573005559	0.0325250217647	0.0121202141396	0.0215697195582	-0.0437266782519	-0.0555438911661	-0.0190019046365	0.00532012535034	0.0242554609641	0.0194114454449	-0.0645154093984	0.0524764839935	-0.0166204369136
k__Bacteria;p__Bacteroidetes;c__Bacteroidia;o__Bacteroidales;f__Porphyromonadaceae;g__Barnesiella;s__Barnesiella_intestinihominis	-0.0308213196107	0.00202276211335	-0.0417968302607	-0.0191442898197	-0.0597747229633	-0.0972839077983	-0.0191671251661	-0.0182881730055	-0.0305012419899	-0.0322917106455	0.0146785522293	-0.0336900930294	0.00470664375984	0.00962099947635	0.0553864350096	0.0615143133068	-0.0390990740695	-0.0170987659141	1.0	-0.0404571986262	-0.00605363604101	-0.0282137259669	0.0126013462423	-0.041144562683	0.0296886311167	0.00697175152339	-0.00744821631277	-0.0126307268203	0.041764811927	-0.0215449333325	-0.0251577110975	0.0222195550199	-0.0096691978935	-0.0164989459145	-0.0173670226472	-0.0115920845297	0.0426620914745	0.0320836855122	-0.00399026982692	0.0144955515242	-0.0379784233167	0.0363927087162	0.00368560727218	-0.0168242218004	0.0091446160463	-0.00668436883603	0.0163817462547	0.0497136151477	0.0463406296076	-0.0437504435549	-0.0135143205821	-0.0373977623513	-0.000459134687352	-0.021502143078	-0.0211447133382	0.0553735593088	-0.00029627321406	-0.0254062204082	0.00367124028077
k__Bacteria;p__Bacteroidetes;c__Bacteroidia;o__Bacteroidales;f__Odoribacteraceae;g__Odoribacter;s__Odoribacter_splanchnicus	-0.0342158387375	-0.00108805576604	-0.0098632011232	-0.0485146928797	0.00644752353568	0.0540084979528	0.00451118274327	-0.0338512172249	0.000619537523141	0.00495226550175	0.0200401091103	0.0285046534998	0.00386180537033	-0.0216898077108	0.00393650907263	-0.0157376444648	0.0421012774665	-0.0727586420404	-0.0404571986262	1.0	-0.0136355774306	-0.00159895966869	-0.0119425314594	0.011691836301	0.00363684769671	0.028120667106	0.0476515589449	-0.0622814972057	-0.0578068876354	-0.0195972663025	-0.0662786090186	-0.0228119427781	-0.0407754777261	-0.0127781942623	-0.00770669130371	-0.0382719750661	0.0363204756023	0.0122332103573	0.00969880389986	-0.0311649166127	0.0352268804612	-0.016330883232	0.0325440603398	0.051636020836	0.00692643854804	-0.00551948540825	-0.0248744761979	0.0745161407078	0.0086698071869	0.010458535647	-0.0135569925078	-0.0547008860446	0.00660527213235	-0.0291771561218	-0.0288854189215	-0.0285441491846	-0.0289653202383	-0.096015609788	-0.0217120866716
k__Bacteria;p__Bacteroidetes;c__Bacteroidia;o__Bacteroidales;f__Bacteroidaceae;g__Bacteroides;s__Bacteroides_salyersiae	-0.0430895266594	0.102566392618	-0.0473869696209	0.039356307637	0.00400512271219	-0.00187303637905	-0.0057188922278	0.0198147468229	-0.0499338051921	-0.0695420914713	0.0144962788473	0.0116320294226	-0.0117829392796	0.0156382123336	-0.0055230318946	0.00470823405664	-0.00687517006267	-0.0208374207996	-0.00605363604101	-0.0136355774306	1.0	-0.00462647818531	0.127734473317	-0.0469124148462	-0.00720283188239	-0.000853149355145	0.00133351193361	-0.0266420563396	-0.0238952965939	-0.0394853734861	0.0132648792044	-0.0273770429373	-0.012100104352	-0.0497556160866	-0.0246333111962	-0.0733919997224	-0.0463914738963	-0.106281598608	-0.0723531048904	-0.0138212190725	-0.0364028052982	-0.0479742070185	0.0248356549751	-0.0177042966139	0.0346796942409	0.0149026600997	-0.0538867721623	0.0392960788086	-0.0235571097747	-0.0431690093391	0.00871299383335	0.0486595584646	-0.0686867867176	-0.00871191729792	0.00687369924249	0.026477470585	-0.0025988025796	-0.0134335384539	0.0422653069159
k__Bacteria;p__Firmicutes;c__Clostridia;o__Clostridiales;f__Ruminococcaceae;g__Ruminiclostridium;s__[Eubacterium]_siraeum	-0.0327241810219	-0.0227830235535	-0.0386541656009	-0.0201026761809	0.0241618433345	-0.0181923703554	-0.0393629573438	0.0269138374915	-0.00161701256342	-0.0784770039103	-0.0123182843696	-0.0393863634236	-0.0265082005809	0.0366130541704	0.00612481355106	0.00122900611566	0.0511472483565	0.0170370050994	-0.0282137259669	-0.00159895966869	-0.00462647818531	1.0	-0.0428559195992	-0.0282772630983	-0.0563497404898	-0.0266524568166	-0.0502061914718	0.092696050778	-0.0606395732369	-0.018266966868	-0.050419800823	-0.0446604607974	-0.00921856604063	-0.0191749711965	-0.0444166633514	0.0429647477111	-0.0198211506057	0.0384414850288	0.0106200585731	0.0245025340388	0.00122212584712	-0.00031744151206	-0.0394998162114	-0.0168728947075	0.0602350505493	0.0398013079273	-0.0243466992423	0.0123439129696	-0.0197115557921	0.0307423724336	-0.0781623405203	-0.0315193475425	0.0323068319932	-0.0524631069374	0.0105066755585	0.0280346666785	-0.0179934847255	-0.000750828202179	-0.00442299571613
k__Bacteria;p__Proteobacteria;c__Betaproteobacteria;o__Burkholderiales;f__Sutterellaceae;g__Parasutterella;s__Parasutterella_excrementihominis	-0.0102028345056	0.0436063357725	-0.0446009726206	-0.0821489152204	-0.0498563342941	-0.00193501362281	-0.029095884402	0.0461526752461	0.0231959037332	-0.0428313983541	-0.0370609729262	-0.0550363751338	-0.0233567616177	-0.0187473680349	-0.00223893951796	-0.0208908087473	0.00973277254847	-0.0289792100185	0.0126013462423	-0.0119425314594	0.127734473317	-0.0428559195992	1.0	-0.0953087133089	-0.049552176459	0.0426759408319	-0.0378231742345	-0.0158941512132	-0.0244390561033	-0.0599263485926	0.0277807336627	0.0496534248347	-0.0525720829724	-0.0530974384449	-0.0346144878128	0.0196616989579	0.0096960018334	-0.0818794007891	-0.0344386753877	0.0349853481987	-0.000862256883226	-0.0106639874283	-0.000631042440519	0.0315750480118	-0.0146458206324	-0.0390612654829	0.0179729654396	0.0116326121308	0.0344666636416	-0.0371034264249	-0.00982254119643	0.00742639287373	-0.0170995537575	0.0634896103959	-0.0154809053167	-0.0490485791026	0.0145719231429	0.0123465042219	0.0330543553987
k__Bacteria;p__Actinobacteria;c__Actinobacteria;o__Bifidobacteriales;f__Bifidobacteriaceae;g__Bifidobacterium;s__Bifidobacterium_adolescentis	-0.0404824690969	0.0263205484364	0.0379846415488	0.000631100318834	-0.0205663999257	0.0263708311044	-0.0458182360225	-0.0677848622792	-0.0434477990034	0.0372350689099	0.0681615326842	0.0545725598627	-0.0171118098895	0.0087048235105	0.0517052356383	-0.0672915790452	-0.0388559323765	-0.0300838264566	-0.041144562683	0.011691836301	-0.0469124148462	-0.0282772630983	-0.0953087133089	1.0	0.0016167278099	-0.0194926868723	0.0224322974265	0.0215823147418	-0.0196909218448	0.0337060598622	-0.0194144834026	-0.00695268060871	0.0420617252222	-0.0349343898977	0.0536245809517	-0.0260742730491	-0.0677825801423	0.0563648447217	-0.0347728789022	0.0520425133257	0.00532779723443	-0.00574081219338	-0.0481912917886	-0.017723676991	-0.0199603367768	-0.0149801984328	-0.00150202007488	0.033451294237	-0.0124540412069	-0.0484600677695	-0.022257927025	-0.00743554732392	0.026601250364	-0.096113621226	0.00730682630997	-0.0315271783596	0.0149172292242	0.0607680634677	-0.015481506754
k__Bacteria;p__Firmicutes;c__Clostridia;o__Clostridiales;f__Oscillospiraceae;g__Oscillibacter;s__Oscillibacter_sp._KLE_1745	-0.108310062705	0.0217319534069	-0.0397141077863	0.00746474660284	0.000465713226333	-0.00676959702101	-0.0579919504143	0.112479015319	0.0298266314617	-0.0659840966114	-0.0215247165339	0.016472200686	0.00905389856322	-0.0132471346337	-0.00935638555963	0.0132679813452	-0.0676162086065	0.0370817645759	0.0296886311167	0.00363684769671	-0.00720283188239	-0.0563497404898	-0.049552176459	0.0016167278099	1.0	-0.0606449572062	-0.0558539206767	-0.0165339727075	0.0199353535399	0.0555580733351	0.0227822199812	0.0248933376666	-0.0233700412835	-0.0032458678312	0.0078997177313	0.0321073679626	-0.00853726330469	0.0136836841117	-0.0181729220019	0.0378368246248	-0.0131628608355	0.0622701634689	-0.0461712476089	-0.0677944690632	-0.0544843754037	0.00549154146118	0.0127729821336	-0.0528917250612	-0.022732298253	0.00312165569497	0.00333928729266	-0.0275930297839	-0.0699481294935	0.014898102793	-0.0390407763749	0.0132056034781	0.00316479026153	-0.0121934915859	-0.0330596132829
k__Bacteria;p__Bacteroidetes;c__Bacteroidia;o__Bacteroidales;f__Bacteroidaceae;g__Bacteroides;s__Bacteroides_coprophilus	-0.0552217041942	-0.0590566094758	0.0325607252109	0.029539230213	-0.0547524148009	0.00289543089348	0.0514221799441	-0.00625408297363	-0.0240400914216	-0.0667880554983	-0.0583604905263	-0.0396822256736	-0.00623585087726	-0.0160886364514	0.00828104427043	0.0241747842884	0.0332680483642	0.00526381014108	0.00697175152339	0.028120667106	-0.000853149355145	-0.0266524568166	0.0426759408319	-0.0194926868723	-0.0606449572062	1.0	0.0223538566764	0.032772296993	-0.0198397315275	-0.0325345333447	0.00248933166463	0.0231941126206	0.0466598676758	-0.0188531208176	0.0177292812164	-0.0196235532849	-0.0716382231343	0.00592630802568	0.0168730808565	-0.0380706174656	-0.0169214827533	-0.0539883704272	0.0706301666309	0.0288285032731	0.00570033914699	-0.0463283184099	-0.0103544378722	0.0258311754352	-0.0362891954059	-0.0637748829976	0.0281909249627	-0.0510339083998	0.010656296042	-0.0609192656393	0.0296476226895	0.0200262850603	0.00966447474411	-0.0281295389759	0.022113201769
k__Bacteria;p__Firmicutes;c__Clostridia;o__Clostridiales;f__Lachnospiraceae;g__Roseburia;s__Roseburia_intestinalis	0.00763091708262	-0.0474351696445	-0.0149032152841	-0.00822127905189	-0.0216613376979	-0.0276138675764	0.0243944295476	0.00226739937856	-0.0353694161918	0.0596595508308	0.0579504940565	-0.0237196030782	0.0150378005487	-0.0577031721829	0.0101040727563	0.0273809955234	0.0254690438555	0.0228300607118	-0.00744821631277	0.0476515589449	0.00133351193361	-0.0502061914718	-0.0378231742345	0.0224322974265	-0.0558539206767	0.0223538566764	1.0	-0.0739097648915	-0.0184920541776	-0.0387578342476	0.00216661515393	0.00333855198295	-0.023829762454	0.0166919372786	0.0405078606383	-0.0240959901766	-0.0386525494113	-0.0650532007969	0.0160252230025	0.0348476787453	-0.0241148155448	-0.0381729859767	-0.0302364343921	-0.00312198509611	0.0124545384582	0.0153448568927	-0.0599564559362	-0.055924698516	0.0695712892529	-0.0220026765466	-0.0370876397441	0.0413422195527	-0.04210130543	0.0194257737304	-0.0033284114098	0.00278750459412	-0.0272493148234	-0.0384049304877	0.026952446597
k__Bacteria;p__Firmicutes;c__Clostridia;o__Clostridiales;f__Lachnospiraceae;g__Roseburia;s__Roseburia_hominis	0.000202162160379	0.0263592691935	-0.0412595608205	0.0232480827004	0.0172316347828	0.0467962738476	0.0120140712484	-0.0197246074525	-0.0203522072713	-0.0768591413082	-0.0138990272077	-0.0305303305268	-0.0260801915997	-0.0033202791251	-0.00729110963559	-0.0529127982485	-0.0111070862068	-0.0354150494499	-0.0126307268203	-0.0622814972057	-0.0266420563396	0.092696050778	-0.0158941512132	0.0215823147418	-0.0165339727075	0.032772296993	-0.0739097648915	1.0	0.0379621088316	-0.021200450129	-0.0386027514073	-0.0816747781692	0.0330757803948	-0.0107039614832	-0.00317030997942	-0.0268955819986	-0.0139240216194	0.00194219539047	0.0187689630716	-0.0381892250413	-0.031655078575	0.00315345926481	0.00940653202354	0.0395876475925	-0.0138100335473	-0.0265186790721	-0.0366963198998	0.00138095698977	-0.0142259283269	0.00869895742984	0.0158935475318	-0.0514506165731	-0.0074321680757	0.0186132202982	-0.0187074079365	-0.0612141856281	-0.0188164338357	-0.0523711887373	-0.0229283954235
k__Bacteria;p__Bacteroidetes;c__Bacteroidia;o__Bacteroidales;f__Porphyromonadaceae;g__Parabacteroides;s__Parabacteroides_johnsonii	-0.014312553548	0.00303854181142	0.00715511292677	-0.00461274711356	-0.00707487801777	-0.0197777431139	0.0042853151211	0.0464174061357	0.0372774531705	-0.0319215354077	0.0306523894569	0.0534176823807	0.0499454260181	0.00547559128767	-0.0641411471488	-0.0521605599317	0.0318824897532	-0.0313652456324	0.041764811927	-0.0578068876354	-0.0238952965939	-0.0606395732369	-0.0244390561033	-0.0196909218448	0.0199353535399	-0.0198397315275	-0.0184920541776	0.0379621088316	1.0	-0.0255320483104	0.0843510628783	-0.0614763747936	-0.0692843988587	0.0358397061825	-0.0181721242291	-0.011936320355	0.000292507106891	-0.0293846146787	-0.0074416587909	-0.0225294095866	0.000395849435696	-0.00234880214131	-0.0105862938283	-0.0914634195188	-0.0599926201583	0.0625622563308	0.0509444856301	0.00168764895076	0.00917850493416	0.0545237478844	0.0161498577836	-0.0432528093291	-0.0743600034876	-0.0489153938482	0.0416606519762	-0.0428883532057	-0.0570609141566	0.0562108252407	-0.0301897384176
k__Bacteria;p__Actinobacteria;c__Actinobacteria;o__Bifidobacteriales;f__Bifidobacteriaceae;g__Bifidobacterium;s__Bifidobacterium_longum	-0.0418089793049	-0.0274246719647	0.0196145389009	0.0162388811162	-0.0218610236527	0.00708549467559	-0.00717109519427	-0.00988537548104	-0.0347497287047	-0.0207714026767	-0.0291058104398	0.0173679540155	-0.0218839121281	0.00268868097506	-0.0373523217148	0.001734799922	-0.0391887871488	-0.0623329334153	-0.0215449333325	-0.0195972663025	-0.0394853734861	-0.018266966868	-0.0599263485926	0.0337060598622	0.0555580733351	-0.0325345333447	-0.0387578342476	-0.021200450129	-0.0255320483104	1.0	-0.0259554617587	0.0447178160988	0.0256182766863	0.025277935607	0.0565124338685	-0.0600011994867	-0.0157611423089	-0.0166634256971	0.0641561883434	0.0101368641335	0.00891691336765	0.0210353653208	-0.0117620423386	-0.041327756823	-0.0499796417192	-0.00461229085436	0.0229127144491	-0.0161460470197	-0.0697838249603	0.0576411774869	0.0205062010251	-0.0126448527815	0.0128908767102	0.00832977075499	0.00162605955912	-0.0163971523601	0.047316680529	-0.0491633122293	-0.00463107473255
