#taxonomy	k__Bacteria;p__Bacteroidetes;c__Bacteroidia;o__Bacteroidales;f__Bacteroidaceae;g__Bacteroides;s__Bacteroides_vulgatus	k__Bacteria;p__Bacteroidetes;c__Bacteroidia;o__Bacteroidales;f__Bacteroidaceae;g__Bacteroides;s__Bacteroides_uniformis	k__Bacteria;p__Bacteroidetes;c__Bacteroidia;o__Bacteroidales;f__Rikenellaceae;g__Alistipes;s__Alistipes_putredinis	k__Bacteria;p__Bacteroidetes;c__Bacteroidia;o__Bacteroidales;f__Prevotellaceae;g__Prevotella;s__Prevotella_copri	k__Bacteria;p__Bacteroidetes;c__Bacteroidia;o__Bacteroidales;f__Bacteroidaceae;g__Bacteroides;s__Bacteroides_stercoris	k__Bacteria;p__Bacteroidetes;c__Bacteroidia;o__Bacteroidales;f__Bacteroidaceae;g__Bacteroides;s__Bacteroides_ovatus	k__Bacteria;p__Bacteroidetes;c__Bacteroidia;o__Bacteroidales;f__Rikenellaceae;g__Alistipes;s__Alistipes_shahii	k__Bacteria;p__Firmicutes;c__Clostridia;o__Clostridiales;f__Ruminococcaceae;g__Faecalibacterium;s__Faecalibacterium_prausnitzii	k__Bacteria;p__Bacteroidetes;c__Bacteroidia;o__Bacteroidales;f__Rikenellaceae;g__Alistipes;s__Alistipes_finegoldii	k__Bacteria;p__Bacteroidetes;c__Bacteroidia;o__Bacteroidales;f__Porphyromonadaceae;g__Parabacteroides;s__Parabacteroides_distasonis	k__Bacteria;p__Bacteroidetes;c__Bacteroidia;o__Bacteroidales;f__Bacteroidaceae;g__Bacteroides;s__Bacteroides_thetaiotaomicron	k__Bacteria;p__Bacteroidetes;c__Bacteroidia;o__Bacteroidales;f__Bacteroidaceae;g__Bacteroides;s__Bacteroides_coprocola	k__Bacteria;p__Bacteroidetes;c__Bacteroidia;o__Bacteroidales;f__Bacteroidaceae;g__Bacteroides;s__Bacteroides_cellulosilyticus	k__Bacteria;p__Bacteroidetes;c__Bacteroidia;o__Bacteroidales;f__Rikenellaceae;g__Alistipes;s__Alistipes_obesi	k__Bacteria;p__Firmicutes;c__Clostridia;o__Clostridiales;f__Lachnospiraceae;g__;s__[Eubacterium]_rectale	k__Bacteria;p__Bacteroidetes;c__Bacteroidia;o__Bacteroidales;f__Bacteroidaceae;g__Bacteroides;s__Bacteroides_plebeius	k__Bacteria;p__Bacteroidetes;c__Bacteroidia;o__Bacteroidales;f__Bacteroidaceae;g__Bacteroides;s__Bacteroides_fragilis	k__Bacteria;p__Proteobacteria;c__Betaproteobacteria;o__Burkholderiales;f__Sutterellaceae;g__Sutterella;s__Sutterella_wadsworthensis	k__Bacteria;p__Bacteroidetes;c__Bacteroidia;o__Bacteroidales;f__Porphyromonadaceae;g__Barnesiella;s__Barnesiella_intestinihominis	k__Bacteria;p__Bacteroidetes;c__Bacteroidia;o__Bacteroidales;f__Odoribacteraceae;g__Odoribacter;s__Odoribacter_splanchnicus	k__Bacteria;p__Bacteroidetes;c__Bacteroidia;o__Bacteroidales;f__Bacteroidaceae;g__Bacteroides;s__Bacteroides_salyersiae	k__Bacteria;p__Firmicutes;c__Clostridia;o__Clostridiales;f__Ruminococcaceae;g__Ruminiclostridium;s__[Eubacterium]_siraeum	k__Bacteria;p__Proteobacteria;c__Betaproteobacteria;o__Burkholderiales;f__Sutterellaceae;g__Parasutterella;s__Parasutterella_excrementihominis	k__Bacteria;p__Actinobacteria;c__Actinobacteria;o__Bifidobacteriales;f__Bifidobacteriaceae;g__Bifidobacterium;s__Bifidobacterium_adolescentis	k__Bacteria;p__Firmicutes;c__Clostridia;o__Clostridiales;f__Oscillospiraceae;g__Oscillibacter;s__Oscillibacter_sp._KLE_1745	k__Bacteria;p__Bacteroidetes;c__Bacteroidia;o__Bacteroidales;f__Bacteroidaceae;g__Bacteroides;s__Bacteroides_coprophilus	k__Bacteria;p__Firmicutes;c__Clostridia;o__Clostridiales;f__Lachnospiraceae;g__Roseburia;s__Roseburia_intestinalis	k__Bacteria;p__Firmicutes;c__Clostridia;o__Clostridiales;f__Lachnospiraceae;g__Roseburia;s__Roseburia_hominis	k__Bacteria;p__Bacteroidetes;c__Bacteroidia;o__Bacteroidales;f__Porphyromonadaceae;g__Parabacteroides;s__Parabacteroides_johnsonii	k__Bacteria;p__Actinobacteria;c__Actinobacteria;o__Bifidobacteriales;f__Bifidobacteriaceae;g__Bifidobacterium;s__Bifidobacterium_longum	k__Bacteria;p__Firmicutes;c__Clostridia;o__Clostridiales;f__;g__Flavonifractor;s__Flavonifractor_plautii	k__Bacteria;p__Firmicutes;c__Clostridia;o__Clostridiales;f__Clostridiaceae;g__Clostridium;s__Clostridium_phoceensis	k__Bacteria;p__Verrucomicrobia;c__Verrucomicrobiae;o__Verrucomicrobiales;f__Akkermansiaceae;g__Akkermansia;s__Akkermansia_muciniphila	k__Bacteria;p__Bacteroidetes;c__Bacteroidia;o__Bacteroidales;f__Prevotellaceae;g__Paraprevotella;s__Paraprevotella_xylaniphila	k__Bacteria;p__Firmicutes;c__Clostridia;o__Clostridiales;f__Ruminococcaceae;g__Ruminococcus;s__Ruminococcus_callidus	k__Bacteria;p__Bacteroidetes;c__Bacteroidia;o__Bacteroidales;f__Rikenellaceae;g__Alistipes;s__Alistipes_senegalensis	k__Bacteria;p__Firmicutes;c__Clostridia;o__Clostridiales;f__Lachnospiraceae;g__Blautia;s__Blautia_sp._KLE_1732	k__Bacteria;p__Bacteroidetes;c__Bacteroidia;o__Bacteroidales;f__Bacteroidaceae;g__Bacteroides;s__Bacteroides_oleiciplenus	k__Bacteria;p__Firmicutes;c__Clostridia;o__Clostridiales;f__Ruminococcaceae;g__Ruminococcus;s__Ruminococcus_bicirculans	k__Bacteria;p__Bacteroidetes;c__Bacteroidia;o__Bacteroidales;f__Bacteroidaceae;g__Bacteroides;s__Bacteroides_fluxus	k__Bacteria;p__Bacteroidetes;c__Bacteroidia;o__Bacteroidales;f__Prevotellaceae;g__Prevotella;s__Prevotella_stercorea	k__Bacteria;p__Firmicutes;c__Clostridia;o__Clostridiales;f__Lachnospiraceae;g__Dorea;s__Dorea_longicatena	k__Bacteria;p__Firmicutes;c__Clostridia;o__Clostridiales;f__Eubacteriaceae;g__Eubacterium;s__[Eubacterium]_eligens	k__Bacteria;p__Firmicutes;c__Clostridia;o__Clostridiales;f__Ruminococcaceae;g__;s__Ruminococcaceae_bacterium_D16	k__Bacteria;p__Firmicutes;c__Clostridia;o__Clostridiales;f__Lachnospiraceae;g__Coprococcus;s__Coprococcus_comes	k__Bacteria;p__Proteobacteria;c__Gammaproteobacteria;o__Enterobacterales;f__Enterobacteriaceae;g__Escherichia;s__Escherichia_coli	k__Bacteria;p__Firmicutes;c__Clostridia;o__Clostridiales;f__Ruminococcaceae;g__Anaerotruncus;s__Anaerotruncus_colihominis	k__Bacteria;p__Firmicutes;c__Clostridia;o__Clostridiales;f__Lachnospiraceae;g__Blautia;s__Blautia_obeum	k__Bacteria;p__Bacteroidetes;c__Bacteroidia;o__Bacteroidales;f__Odoribacteraceae;g__Odoribacter;s__Odoribacter_laneus	k__Bacteria;p__Firmicutes;c__Clostridia;o__Clostridiales;f__Ruminococcaceae;g__Ruminiclostridium;s__[Clostridium]_leptum	k__Bacteria;p__Bacteroidetes;c__Bacteroidia;o__Bacteroidales;f__Porphyromonadaceae;g__Parabacteroides;s__Parabacteroides_goldsteinii	k__Bacteria;p__Firmicutes;c__Clostridia;o__Clostridiales;f__Lachnospiraceae;g__Anaerostipes;s__Anaerostipes_hadrus	k__Bacteria;p__Firmicutes;c__Clostridia;o__Clostridiales;f__Ruminococcaceae;g__Ruminococcus;s__Ruminococcus_lactaris	k__Bacteria;p__Firmicutes;c__Clostridia;o__Clostridiales;f__Clostridiaceae;g__Clostridium;s__Clostridium_sp._L2-50	k__Bacteria;p__Firmicutes;c__Clostridia;o__Clostridiales;f__Clostridiaceae;g__Clostridium;s__Clostridium_sp._M62/1	k__Bacteria;p__Firmicutes;c__Clostridia;o__Clostridiales;f__;g__Intestinimonas;s__Intestinimonas_butyriciproducens	k__Bacteria;p__Actinobacteria;c__Actinobacteria;o__Bifidobacteriales;f__Bifidobacteriaceae;g__Bifidobacterium;s__Bifidobacterium_bifidum	k__Bacteria;p__Firmicutes;c__Negativicutes;o__Veillonellales;f__Veillonellaceae;g__Dialister;s__Dialister_invisus	k__Bacteria;p__Bacteroidetes;c__Bacteroidia;o__Bacteroidales;f__Bacteroidaceae;g__Bacteroides;s__Bacteroides_salanitronis
k__Bacteria;p__Bacteroidetes;c__Bacteroidia;o__Bacteroidales;f__Bacteroidaceae;g__Bacteroides;s__Bacteroides_vulgatus	1.0	-0.00578662756215	-0.0316001185297	-0.0675560512883	0.0109306920838	-0.00346951708718	-0.00446859746359	-0.00253689077643	-0.0559128547338	-0.0110712983379	0.011085431995	-0.0148790380206	-0.0257086880933	0.0809415227446	0.02973982439	0.0409588897948	-0.0257790241831	0.0305390832975	-0.0169394248719	0.0856964449145	-0.0120780570849	-0.0313602516361	-0.0810710908344	0.015464645693	0.0625756693489	0.0106703257724	-0.0716108064814	-0.0342435798008	-0.0614194495449	-0.0324989434836	-0.0803638843003	0.0902589327656	0.0530094875597	-0.00592754323184	0.036587562297	0.0209097569237	-0.083407733994	-0.036963996646	-0.00954854786472	-0.0522665466055	-0.0446667397266	0.02180307536	0.00344225614445	-0.0237492157436	0.0360600954415	-0.0458592799889	-0.0311839937966	-0.0219351697425	0.107179946142	-0.034032470006	-0.00179211301177	0.0243981986311	0.0541521176619	0.012256503165	-0.067359276327	-0.0313534902063	0.024574625321	-0.00413707354491	-0.0361530799483
k__Bacteria;p__Bacteroidetes;c__Bacteroidia;o__Bacteroidales;f__Bacteroidaceae;g__Bacteroides;s__Bacteroides_uniformis	-0.00578662756215	1.0	0.0389050291108	-0.00804743462461	0.040152829154	0.0116448101861	-0.0409434981309	-0.0307942665147	-0.0538489576025	-0.00785313035887	-0.0360374841899	-0.0579234500118	0.0771779952954	-0.0240086722856	-0.0204947455119	0.0400993257816	0.00920865099198	-0.0178998232524	0.015561732934	-0.0131113357888	-0.016667778239	-0.071628621432	0.0375911036344	-0.0221656848346	-0.00157358699896	-0.0407531070841	-0.00339059021666	-0.00101144848441	-0.0286565038955	0.0337480392037	-0.00582576199858	-0.0452584616719	-0.0454830744954	0.0631960313801	-0.0331777222936	0.0616909107281	-0.000933479196585	0.0676721318613	-0.028446143388	-0.010357009877	-0.0178367289523	-0.0518242766752	0.0288108747719	-0.0158337069025	-0.0628988615692	-0.0311030040483	-0.0773265192203	-0.0685579190748	-0.0170989421411	0.0221974277645	0.0519111669206	0.021711296577	-0.0927543415561	-0.00721091242986	-0.0110677599564	-0.0033529420427	-0.000239485665533	0.0010093819425	0.0166376103446
k__Bacteria;p__Bacteroidetes;c__Bacteroidia;o__Bacteroidales;f__Rikenellaceae;g__Alistipes;s__Alistipes_putredinis	-0.0316001185297	0.0389050291108	1.0	-0.0168553599335	-0.0382302833009	0.0257263381986	0.00574493344212	-0.00743927042136	0.00959002568265	0.0246577290808	-0.0621982869679	0.00993970750688	0.0483976942748	0.0239942634614	0.027816643804	0.0150875998802	0.0201259368359	-0.0481762239795	0.0231303762836	-0.0468402511846	0.00978103283748	0.0156877630352	0.0264688223261	-0.0703802024922	-0.0692036481792	-0.000433110881962	0.0256014015348	0.0161978139242	0.0164081938291	0.02896873446	0.0311537384362	0.0181395849377	0.0886442017992	-0.0048921582222	-0.0114534683181	0.0510226917327	-0.0752297232217	0.0847038504261	-0.0249690725581	-0.042029965284	-0.0444196651312	0.106395954951	0.00547051252914	0.0735573459461	-0.00911889985855	0.0315176632148	-0.0594211319273	0.00267316875324	-0.0698570199387	-0.00245428105688	-0.0706036333685	-0.0241423667513	-0.0271736494731	-0.0686233550617	0.0482911898714	-0.0165453505226	-0.00603911573354	0.00533011627201	-0.0262834586846
k__Bacteria;p__Bacteroidetes;c__Bacteroidia;o__Bacteroidales;f__Prevotellaceae;g__Prevotella;s__Prevotella_copri	-0.0675560512883	-0.00804743462461	-0.0168553599335	1.0	0.0669380648068	-0.0416520540482	-0.00888050688793	-0.0196252587018	-0.00424130116545	-0.0111823980291	0.00383853705213	0.0222646988078	0.0197201788744	-0.0516507058197	-0.0289116494974	-0.0807808121771	0.0395298954928	-0.035027632857	0.0373501082431	0.0455302186037	0.033836908403	-0.00582677374331	0.0141838409245	-0.00796477383727	-0.0252717373959	0.00285528330905	-0.0483077635683	-0.0336647280563	0.0264608889098	0.0113722193805	-0.0154680101792	0.0123094201132	0.0225355686876	0.029154041533	-0.0543685264694	-0.0779252557579	-0.0267905778427	-0.0402033117591	-0.0318554828589	-0.0204475801678	-0.0166715332698	-0.0243237864247	0.00462380582396	-0.0408840994029	-0.0324967739919	0.032204818977	-0.0234464364056	0.0754418206633	0.0112113860968	-0.0397788318494	-0.00383636207915	-0.0367991041809	-0.092437783819	-0.0147302063083	0.0200265104004	0.0227813071968	0.0339787433197	0.0571559466019	-0.0441407664664
k__Bacteria;p__Bacteroidetes;c__Bacteroidia;o__Bacteroidales;f__Bacteroidaceae;g__Bacteroides;s__Bacteroides_stercoris	0.0109306920838	0.040152829154	-0.0382302833009	0.0669380648068	1.0	-0.0701745632054	-0.0404356519464	-0.00789401165716	-0.0745960026383	0.0010412670812	-0.0175605062591	-0.0271117705811	0.0559492902101	-0.0464796115563	-0.00218961502275	-0.0726630416659	-0.0491911483511	0.0195047670422	0.0335486707054	-0.0349297362957	-0.0437785132571	-0.00537128938815	-0.0698274563381	0.101084117213	-0.0326604362913	-0.0329947468752	-0.00684594789543	-0.00771562068206	-0.0713071154819	0.058141180516	0.0352110458315	0.0143806792749	-0.0667162397889	0.0546276541612	0.0299476371376	-0.0428452686362	0.0553905922125	0.0177546391997	0.0130211455511	-0.0295859356001	-0.0407034312717	-0.0322261309054	-0.064085096959	-0.041909508918	-0.0389958949539	0.0209113726717	-0.0756614601637	0.0312052842991	0.0147644649389	0.0526989904185	0.0402228727904	-0.026290477616	-0.00504439735924	-0.0797687378108	0.0196518517087	-0.0804669256618	-0.014972336591	-0.0348251693679	-0.0403151444227
k__Bacteria;p__Bacteroidetes;c__Bacteroidia;o__Bacteroidales;f__Bacteroidaceae;g__Bacteroides;s__Bacteroides_ovatus	-0.00346951708718	0.0116448101861	0.0257263381986	-0.0416520540482	-0.0701745632054	1.0	0.0448561025789	0.0760325625478	-0.0181859877742	0.0209204698026	-0.00973962723376	-0.0470855331172	0.0243879336729	0.0167452012608	0.0398299695849	0.0247074289741	0.0190542800388	-0.0118974983631	0.0172816814395	0.0318845000333	-0.0163953563786	-0.053876252111	0.0236958000926	-0.0163523393538	0.0150120319258	0.00160729422704	-0.0137394899042	-0.0215602228395	0.0153525003407	0.0109891164294	-0.0568752421775	-0.0612438070276	-0.0042664046384	-0.0135433966124	0.0140615802302	-0.0208485510896	0.0069459199074	-0.000775348957106	-0.0592459410883	0.024523840098	0.0604956793525	-0.0109628241151	-0.0172607849245	-0.00987219259947	-0.0188318736133	-0.0855547788817	-0.0387328380875	0.0613614976686	-0.0330170337341	-0.0188496535197	-0.0278829625695	0.0207635074223	0.019246881876	-0.0271279548784	-0.0520180755909	-0.035829189333	-0.0141825712148	0.00677649450546	0.0704585873546
k__Bacteria;p__Bacteroidetes;c__Bacteroidia;o__Bacteroidales;f__Rikenellaceae;g__Alistipes;s__Alistipes_shahii	-0.00446859746359	-0.0409434981309	0.00574493344212	-0.00888050688793	-0.0404356519464	0.0448561025789	1.0	0.0243364919864	-0.00891091022753	-0.0409930115619	-0.0335829149265	-0.0386348181123	-0.0127209075192	-0.0270436647957	-0.0203442760825	0.0223103841066	-0.0423944718107	0.000383177637958	-0.0577864831136	0.0150691953303	0.006888759528	0.0314302874724	-0.056020756376	-0.0288585613374	0.0390243196161	-0.075325729911	-0.0133351252387	-0.0216675121074	-0.060880695159	0.0649489603445	-0.0684896044789	-0.0268283807174	-0.0510873825613	0.0143608167142	-0.00628704692743	0.00155440987918	0.0479014811695	0.041268599969	0.00427673771995	-0.0239344344738	0.012325273888	-0.0496913393741	-0.0531540757417	-0.0133067398799	0.0210504710579	0.0148020282828	0.013315724562	0.0576387747788	-0.00655526541233	-0.0242658046853	0.0347414564369	-0.0257779279062	-0.00727347779501	0.0392107910697	0.000515410204193	-0.0205625537998	0.00662125964481	-0.0350208517998	-0.0645826394119
k__Bacteria;p__Firmicutes;c__Clostridia;o__Clostridiales;f__Ruminococcaceae;g__Faecalibacterium;s__Faecalibacterium_prausnitzii	-0.00253689077643	-0.0307942665147	-0.00743927042136	-0.0196252587018	-0.00789401165716	0.0760325625478	0.0243364919864	1.0	-0.0535812641571	-0.0777658675068	0.028312761338	0.0565527145168	-0.0263038787235	-0.08177590717	-0.0436500754197	0.0259221419188	-0.0301859752724	-0.0133647954479	-0.00198672493694	0.0102451692966	0.0335071441432	-0.0349413031005	-0.0148003930242	0.0197882263733	-0.0270186901461	0.0322536806131	0.00519130122936	-0.0117256176556	-0.0139431089537	-0.00173369230642	-0.0139055722024	-0.0269420205695	0.0222136194189	-0.0895071801651	-0.048166529045	-0.0421901761633	-0.0466532077631	0.0140743377703	-0.0445949861967	0.0738215981767	-0.00288861801241	-0.05359872463	0.0124428650393	0.0202372917326	0.0127463629101	-0.052352491305	0.00906365959148	0.0554811277304	-0.0257624702479	0.0478238312551	0.0286064372673	-0.0337667163983	-0.0125467589659	0.011803113856	0.0205545279143	0.0432844913798	-0.0629844247999	0.0259024655363	-0.0133902383118
k__Bacteria;p__Bacteroidetes;c__Bacteroidia;o__Bacteroidales;f__Rikenellaceae;g__Alistipes;s__Alistipes_finegoldii	-0.0559128547338	-0.0538489576025	0.00959002568265	-0.00424130116545	-0.0745960026383	-0.0181859877742	-0.00891091022753	-0.0535812641571	1.0	0.0250692042516	-0.00107309931217	0.00964295091991	-0.10896383613	-0.0206751295236	0.0291904523998	-0.0439662854008	-0.0442955368194	-0.060142014037	-0.0310781190882	-0.0156805365216	0.00839339072019	-0.0126536053909	0.0574484798966	-0.0238415653333	-0.0215329738489	-0.0427165722465	0.0546881631131	-0.00761602413068	0.0295031239139	0.00873357649136	-0.00564861161891	0.0204819060629	-0.044755916041	-0.000996343718268	0.00383573453306	0.00150578445709	-0.0512885820703	0.0523231410548	0.0206102707915	-0.0666132473421	-0.0103993810358	0.00539492122947	0.0176710134342	0.00883718397059	0.0554320880716	-0.0339449494638	-0.0058612292931	-0.0418966899773	-0.0162843660592	-0.0264266440015	-0.000969898545532	0.0096243782494	-0.0228813264913	0.019712930224	0.0144603782734	-0.0174082686577	0.0421376384637	0.0308390716149	-0.0254626370846
k__Bacteria;p__Bacteroidetes;c__Bacteroidia;o__Bacteroidales;f__Porphyromonadaceae;g__Parabacteroides;s__Parabacteroides_distasonis	-0.0110712983379	-0.00785313035887	0.0246577290808	-0.0111823980291	0.0010412670812	0.0209204698026	-0.0409930115619	-0.0777658675068	0.0250692042516	1.0	-0.0690548177847	-0.0490064290014	0.0500719848568	0.030594004632	0.010813642538	0.0406553153646	0.0212599607505	-0.0415348540483	0.00415739263351	-0.0208440900088	-0.0139755518377	0.0147201112761	0.016262553489	-0.00452929070145	-0.00822879523023	-0.0152282730101	0.00860286528787	-0.06666678917	-0.0662045166877	-0.0458440927076	-0.00108941914466	-0.0654714514463	-0.0309139236761	0.010191356067	-0.022340316583	-0.0111725188064	0.00173743292721	-0.0467795207326	-9.93644164089e-05	0.0713208746291	0.0213764397158	0.0309692866236	-0.0589349129813	-0.00729146250718	-0.024778871248	0.0331135842125	0.0530387883712	-0.0137181722691	-0.0821446189534	-0.0145360298408	-0.0414038954574	0.0112368205194	0.0180890966091	-0.0230198842052	-0.0835482651244	-0.0239308406118	0.0182380908272	0.0927114323646	0.079261694438
k__Bacteria;p__Bacteroidetes;c__Bacteroidia;o__Bacteroidales;f__Bacteroidaceae;g__Bacteroides;s__Bacteroides_thetaiotaomicron	0.011085431995	-0.0360374841899	-0.0621982869679	0.00383853705213	-0.0175605062591	-0.00973962723376	-0.0335829149265	0.028312761338	-0.00107309931217	-0.0690548177847	1.0	-0.0034357504372	0.0460988240716	0.00329645227097	0.038348271714	-0.0885037594538	-0.0232689344586	-0.0207419552595	0.00954122184342	0.081115149837	-0.000287752454277	0.0256967005022	-0.0355391918121	0.0333294118149	-0.0326553501955	-0.0349512676349	0.0106769183797	-0.0436498717034	0.07295906619	0.0033554580185	-0.0458426683538	-0.00826919768672	0.000184717258423	0.0233746541532	0.00312292570586	-0.0491690181286	0.0145577994124	-0.0881533818111	-0.00599749728194	-0.00263563887093	-0.00412842349381	0.0773587191769	-0.0373741954239	0.073869217059	-0.0469384387444	-0.0216152713212	-0.0318390752272	0.0986913882669	-0.01630045952	-0.0101985228569	0.0214361616897	0.0201654803734	-0.004779216225	0.0415259304368	-0.0535479554626	-0.0617800192922	0.0311545276327	-0.0407574271749	0.0397601809276
k__Bacteria;p__Bacteroidetes;c__Bacteroidia;o__Bacteroidales;f__Bacteroidaceae;g__Bacteroides;s__Bacteroides_coprocola	-0.0148790380206	-0.0579234500118	0.00993970750688	0.0222646988078	-0.0271117705811	-0.0470855331172	-0.0386348181123	0.0565527145168	0.00964295091991	-0.0490064290014	-0.0034357504372	1.0	-0.0270404783996	-0.112122716565	0.0287261188489	-0.105899750871	0.0266325934001	0.0377367073009	-0.00382661875355	-0.0570698091357	0.0502031873541	-0.0523083141546	-0.00451510991911	-0.0171368305201	-0.0366878645769	-0.032077818693	0.062764311493	0.0369513434393	0.0250034047373	0.0124153426329	-0.01095881221	-0.0305100601733	0.00937627427043	-0.0124275437492	-0.0118748147438	0.0252330350469	-0.0208692465165	0.0164577603778	0.0679947600077	-0.0151825987791	0.0289688719229	0.0358158746939	-0.0694979009784	-0.0593561013489	0.0240786631207	-0.040410243662	0.0169520891903	0.00639168816036	-0.0135804083351	0.0146537121071	0.0376882007883	-0.0301761512908	-0.0133094183398	-0.0103473347621	-0.0441166871235	0.00409444770019	-0.00541243085547	-0.0702072502646	0.0646879865943
k__Bacteria;p__Bacteroidetes;c__Bacteroidia;o__Bacteroidales;f__Bacteroidaceae;g__Bacteroides;s__Bacteroides_cellulosilyticus	-0.0257086880933	0.0771779952954	0.0483976942748	0.0197201788744	0.0559492902101	0.0243879336729	-0.0127209075192	-0.0263038787235	-0.10896383613	0.0500719848568	0.0460988240716	-0.0270404783996	1.0	-0.038981998181	-0.0113329395099	-0.0464472364687	-0.00858143064308	-0.0097512941352	-0.0146713763948	-0.0333395895866	0.0538513973293	0.0110539410543	-0.000486359120604	-0.0209737045675	-0.0518338207092	-0.0204141001822	0.0305580944179	-0.0258202562218	0.00928482643756	-0.00499059533078	0.0155129061257	-0.0359133582442	-0.0225622092628	0.0204146991223	-0.0149934781196	0.0469473872761	-0.013596794162	-0.0434078861189	-0.0279461923019	-0.032901574331	0.0187410038849	-0.0349365081139	-0.0344784303011	-0.0499526890943	0.0211189709079	-0.0390359246142	-0.0262929286428	-0.0134637382136	-0.0369321571005	-0.0315660871588	-0.0522931282756	-0.00264026850815	-0.0458319328109	0.0133915879376	0.0385768824671	0.0829075551225	-0.0615792668538	-0.0306011253778	0.00552260058253
k__Bacteria;p__Bacteroidetes;c__Bacteroidia;o__Bacteroidales;f__Rikenellaceae;g__Alistipes;s__Alistipes_obesi	0.0809415227446	-0.0240086722856	0.0239942634614	-0.0516507058197	-0.0464796115563	0.0167452012608	-0.0270436647957	-0.08177590717	-0.0206751295236	0.030594004632	0.00329645227097	-0.112122716565	-0.038981998181	1.0	-0.064492255992	-0.00414016714487	-0.0391979472104	-0.0340033723298	0.00644889320092	0.00573634891035	0.0949872662535	-0.035346416199	-0.00522814502162	0.0332699128594	0.0439928928955	-0.00842437763263	0.0303175126936	-0.00318748992095	0.0121142330316	-0.0874054399379	0.0189600462769	-0.0334463437949	0.000179930621674	0.0770432742688	0.0147401097466	-0.0403071002286	0.0197461840385	-0.0399308878331	-0.0121944297712	-0.0303819219527	-0.0155991277669	0.00840123435447	-0.0063361948828	0.000450723026585	-0.0482447720371	0.0399176800403	-0.0124688575807	0.036213014063	0.00986007792418	-0.0646792080828	-0.0368268541656	0.0392198632594	0.0504322634303	-0.0110569046245	0.0116769115414	0.014375552659	-0.000205176089534	-0.0572120592198	-0.00839968128476
k__Bacteria;p__Firmicutes;c__Clostridia;o__Clostridiales;f__Lachnospiraceae;g__;s__[Eubacterium]_rectale	0.02973982439	-0.0204947455119	0.027816643804	-0.0289116494974	-0.00218961502275	0.0398299695849	-0.0203442760825	-0.0436500754197	0.0291904523998	0.010813642538	0.038348271714	0.0287261188489	-0.0113329395099	-0.064492255992	1.0	-0.0161610553817	-0.0714500725551	-0.0397231834614	0.0261434546051	-0.0390375404328	0.0605264842659	0.0190714347908	-0.064115284321	-0.0593098295947	-0.0720841713073	-0.0115791617676	0.0375447684464	-0.013228472154	-0.0266740594798	-0.0211903104478	-0.0213131405728	0.0395393953805	-0.0249474569801	0.0140712903327	0.0103856453651	-0.00944888004924	-0.0167791938509	-0.00487492017298	-0.00647685178795	-0.0164882989165	-0.0326296224953	0.0115863602721	-0.0144770284449	0.00520871358709	0.0274656819297	-0.01666706011	0.00987693553474	-0.0047354947536	-0.0618781333073	-0.028019925864	0.00803498452227	0.0180983293288	0.0224956450081	0.0224329777203	-0.0569764698338	-0.0186332567305	-0.0216289434052	0.058319781197	-0.00869687450994
k__Bacteria;p__Bacteroidetes;c__Bacteroidia;o__Bacteroidales;f__Bacteroidaceae;g__Bacteroides;s__Bacteroides_plebeius	0.0409588897948	0.0400993257816	0.0150875998802	-0.0807808121771	-0.0726630416659	0.0247074289741	0.0223103841066	0.0259221419188	-0.0439662854008	0.0406553153646	-0.0885037594538	-0.105899750871	-0.0464472364687	-0.00414016714487	-0.0161610553817	1.0	0.053156798623	0.0378389863302	0.0371765742945	0.00921283378525	-0.0474416781732	-0.0692477376553	0.0340036396825	0.000929905937388	0.0550210153251	0.0323968171352	-0.0548558908512	-0.0295017016431	-0.053389516387	0.0329351806004	0.0646463769541	-0.0510063831499	-0.033014465091	0.0355298471931	-0.0442964082771	-0.00734071665658	0.0084263375789	-0.00735509765707	0.0630008437427	0.0395035508349	0.0314036566392	-0.0493678779111	-0.023263668081	0.0202317644044	0.00217686646528	-0.0246947603379	0.0330351278334	-0.0520356521316	0.0564657312771	-0.0302124543457	-0.0606501771145	0.036977574152	-0.025800322455	-0.0118317129249	-0.00513525463118	-0.0190290154403	-0.0765342364304	0.0430029883807	-0.0413298320446
k__Bacteria;p__Bacteroidetes;c__Bacteroidia;o__Bacteroidales;f__Bacteroidaceae;g__Bacteroides;s__Bacteroides_fragilis	-0.0257790241831	0.00920865099198	0.0201259368359	0.0395298954928	-0.0491911483511	0.0190542800388	-0.0423944718107	-0.0301859752724	-0.0442955368194	0.0212599607505	-0.0232689344586	0.0266325934001	-0.00858143064308	-0.0391979472104	-0.0714500725551	0.053156798623	1.0	-0.0119078583912	-0.00255030107214	-0.0202364674255	0.0126227858504	0.0491499731235	0.00395047163266	0.00605951507615	-0.0490210574991	0.0212599861774	0.0253073886997	-0.0152706147903	-0.0251451389051	-0.00304447801826	0.0257760762733	-0.0018767366277	-0.0579524429869	-0.0402920661744	-0.0149822596873	-0.00618671818172	-0.034326448944	-0.0342829663754	0.00499665513665	-0.07731167909	-0.0163445876348	-0.0421873176394	0.0114248364872	-0.0989016445983	0.0272110610183	-0.020145633143	0.0554974382815	-0.0133444875486	-0.0329632226018	0.0151594190877	0.00299757509239	-0.0504976814018	0.010972061177	0.0434076000324	-0.035650031827	-0.07543178163	0.0194428105857	-0.0561209595805	0.011068481991
k__Bacteria;p__Proteobacteria;c__Betaproteobacteria;o__Burkholderiales;f__Sutterellaceae;g__Sutterella;s__Sutterella_wadsworthensis	0.0305390832975	-0.0178998232524	-0.0481762239795	-0.035027632857	0.0195047670422	-0.0118974983631	0.000383177637958	-0.0133647954479	-0.060142014037	-0.0415348540483	-0.0207419552595	0.0377367073009	-0.0097512941352	-0.0340033723298	-0.0397231834614	0.0378389863302	-0.0119078583912	1.0	-0.00563101790259	-0.0313157699022	0.0219744185398	-0.0577315148098	-0.00690157095534	0.0639928080619	-0.00778880895805	0.0841277861761	-0.037549989251	-0.0711485839145	0.011675975508	0.000737185558505	-0.0293814334581	-0.0208346742927	-0.0188849539725	0.0167311101913	-0.0128839933596	-0.0220613995082	-0.0449175043975	0.0744981470758	0.053479606068	0.0137565819736	-0.0322764991712	-0.0588596889681	0.0458262611787	-0.00609705622494	-0.0221736873091	0.00998310272829	0.0331389670231	-0.0168305019954	0.0215008290121	0.0464271486308	-0.00899298088462	-0.0407470742603	0.00838287102706	-0.0178358836652	-0.0523599631754	-0.0689730541002	0.00607015911759	-0.100968041182	0.0169651723749
k__Bacteria;p__Bacteroidetes;c__Bacteroidia;o__Bacteroidales;f__Porphyromonadaceae;g__Barnesiella;s__Barnesiella_intestinihominis	-0.0169394248719	0.015561732934	0.0231303762836	0.0373501082431	0.0335486707054	0.0172816814395	-0.0577864831136	-0.00198672493694	-0.0310781190882	0.00415739263351	0.00954122184342	-0.00382661875355	-0.0146713763948	0.00644889320092	0.0261434546051	0.0371765742945	-0.00255030107214	-0.00563101790259	1.0	0.0161398317427	9.33363694373e-05	0.011550113449	0.00529607049335	-0.083619819052	-0.00500812343419	-0.0499128296849	-0.018500227239	0.0433272574019	0.0274449307558	-0.0252650737442	-0.0324616194159	-0.0288157259049	0.0162444932546	0.112531678962	0.0220020126131	0.0346421976225	-0.00917930589658	-0.00164320956559	-0.02139339317	0.0141253730694	-0.046124909657	-0.0106266654973	-0.0287521524851	0.0441213586553	-0.0559560327757	0.0272333269664	-0.0320150429715	0.0186194711455	-0.000469064847946	0.00292888377896	0.0426848046827	-0.125399340972	0.0179122993008	-0.026284243737	0.0237820381694	-0.0912401270658	-0.0640025055417	-0.0218657172795	-0.0169118703616
k__Bacteria;p__Bacteroidetes;c__Bacteroidia;o__Bacteroidales;f__Odoribacteraceae;g__Odoribacter;s__Odoribacter_splanchnicus	0.0856964449145	-0.0131113357888	-0.0468402511846	0.0455302186037	-0.0349297362957	0.0318845000333	0.0150691953303	0.0102451692966	-0.0156805365216	-0.0208440900088	0.081115149837	-0.0570698091357	-0.0333395895866	0.00573634891035	-0.0390375404328	0.00921283378525	-0.0202364674255	-0.0313157699022	0.0161398317427	1.0	0.044297736768	-0.0551189718242	-0.018396192107	-0.075107393319	-0.0441377216243	-0.064837093389	0.00706289697865	-0.0451518057403	-0.0135781970235	-0.0499447966036	0.00281500312787	0.0595442681661	0.00540152183717	0.0145385446917	-0.0278992722648	-0.0375456301105	0.00716515312495	-0.0212702795266	0.0601474450993	0.0478261444637	-0.00215481835823	-0.0492555482264	-0.0129483697093	-0.0114530404816	-0.0471323295071	-0.0290039365851	-0.0201312351256	0.0183617108569	0.0525461961173	-0.0060734521765	0.008944330119	-0.0108931213626	-0.0171110174931	0.051553907186	-0.0413320679102	0.0215757583668	0.01911430049	-0.0238270378288	0.0447949809562
k__Bacteria;p__Bacteroidetes;c__Bacteroidia;o__Bacteroidales;f__Bacteroidaceae;g__Bacteroides;s__Bacteroides_salyersiae	-0.0120780570849	-0.016667778239	0.00978103283748	0.033836908403	-0.0437785132571	-0.0163953563786	0.006888759528	0.0335071441432	0.00839339072019	-0.0139755518377	-0.000287752454277	0.0502031873541	0.0538513973293	0.0949872662535	0.0605264842659	-0.0474416781732	0.0126227858504	0.0219744185398	9.33363694373e-05	0.044297736768	1.0	-0.024560518798	-0.0348447873889	0.046462894655	0.0497252795276	-0.0798117479066	-0.0349989014726	0.0056851912705	-0.0469271251346	0.0426218948653	0.0568503055049	0.00597539329848	-0.0583202773397	-0.0130058407381	-0.00626403364644	0.070895279884	0.00902757459744	-0.0198091695996	0.0285718132856	0.00817483390565	-0.0687102828557	-0.0226176730127	0.00257946182957	-0.0687784380488	-0.0263777402366	-0.0166427541437	-0.0101253116872	0.0141665796955	0.0403827272733	-0.0625987873521	0.0566083747886	-0.0387698811892	0.0302678988211	-0.00465228744825	-0.01776233412	0.0773309427034	0.0233665460763	-0.0675113901931	0.00907415433197
k__Bacteria;p__Firmicutes;c__Clostridia;o__Clostridiales;f__Ruminococcaceae;g__Ruminiclostridium;s__[Eubacterium]_siraeum	-0.0313602516361	-0.071628621432	0.0156877630352	-0.00582677374331	-0.00537128938815	-0.053876252111	0.0314302874724	-0.0349413031005	-0.0126536053909	0.0147201112761	0.0256967005022	-0.0523083141546	0.0110539410543	-0.035346416199	0.0190714347908	-0.0692477376553	0.0491499731235	-0.0577315148098	0.011550113449	-0.0551189718242	-0.024560518798	1.0	-0.123056242816	0.0352816748649	-0.0193495473916	0.0622247067732	-0.00343845476136	-0.0308317484419	-0.0104742351529	-0.0428663087926	-0.0327703446377	-0.016234987494	-0.0206513355514	0.0129418254377	0.0262665008698	0.0379954371205	-0.0326325793049	0.0241423288094	0.00220643180035	-0.0050047075921	-0.0148378031172	-0.0335869963536	0.0229928154181	-0.00565876349809	-0.0545829370758	0.0299237607612	-0.0335898753942	0.0107326566786	0.00455893273939	0.0149244727037	0.0262173362436	-0.0176637094649	-0.0436281084838	-0.00888672299378	0.0380615375963	-0.0121051772449	0.0253381458553	-0.0368519035719	-0.00268294013738
k__Bacteria;p__Proteobacteria;c__Betaproteobacteria;o__Burkholderiales;f__Sutterellaceae;g__Parasutterella;s__Parasutterella_excrementihominis	-0.0810710908344	0.0375911036344	0.0264688223261	0.0141838409245	-0.0698274563381	0.0236958000926	-0.056020756376	-0.0148003930242	0.0574484798966	0.016262553489	-0.0355391918121	-0.00451510991911	-0.000486359120604	-0.00522814502162	-0.064115284321	0.0340036396825	0.00395047163266	-0.00690157095534	0.00529607049335	-0.018396192107	-0.0348447873889	-0.123056242816	1.0	0.016502697333	0.00458703296577	-0.0413586626531	-0.00524714108886	-0.00904482016322	-0.0441453952002	-0.00485658960975	-0.00133478242015	-0.0408230182194	0.0021724713928	0.0561094882826	-0.0084316786301	-0.0529502904977	0.000993592491706	-0.0190801300876	-0.0104777198624	-0.0192018767331	0.0453510182058	-0.0141938193636	-0.0138717170805	-0.0124163938555	-0.0247794193431	-0.0333969508535	0.0371671123793	-0.0479496230965	0.0170988500205	-0.0909182768303	0.0321941771756	0.0284756348038	0.0378595670101	-0.0506303243363	0.020367542084	0.0221246171121	-0.0346330050413	-0.0143398156452	-0.0122075805316
k__Bacteria;p__Actinobacteria;c__Actinobacteria;o__Bifidobacteriales;f__Bifidobacteriaceae;g__Bifidobacterium;s__Bifidobacterium_adolescentis	0.015464645693	-0.0221656848346	-0.0703802024922	-0.00796477383726	0.101084117213	-0.0163523393538	-0.0288585613374	0.0197882263733	-0.0238415653333	-0.00452929070145	0.0333294118149	-0.0171368305201	-0.0209737045675	0.0332699128594	-0.0593098295947	0.000929905937388	0.00605951507615	0.0639928080619	-0.083619819052	-0.075107393319	0.046462894655	0.0352816748649	0.016502697333	1.0	-0.066548041377	0.00688422267404	-0.0180173659197	0.00658078051789	0.0111418523275	-0.036470452872	-0.00156864511111	-0.00222703750859	-0.00386996918571	-0.0290097355826	0.0181663755391	0.0231919219076	0.0384892779128	-0.0160691572975	0.0393467282116	-0.0285008402337	0.00535302824177	-0.0377476583632	0.00597713553111	-0.0329105683358	-0.0206420426818	-0.0188051244074	0.0428409883399	-0.0739793387421	0.0264217339269	0.0485709281903	-0.0245531536277	-0.0120289976703	-0.0296185760623	-0.0451850237757	0.00213803345969	0.0211287126389	-0.0060403623122	-0.0452967246301	0.0131533805331
k__Bacteria;p__Firmicutes;c__Clostridia;o__Clostridiales;f__Oscillospiraceae;g__Oscillibacter;s__Oscillibacter_sp._KLE_1745	0.0625756693489	-0.00157358699896	-0.0692036481792	-0.0252717373959	-0.0326604362913	0.0150120319258	0.0390243196161	-0.0270186901461	-0.0215329738489	-0.00822879523023	-0.0326553501955	-0.0366878645769	-0.0518338207092	0.0439928928955	-0.0720841713073	0.0550210153251	-0.0490210574991	-0.00778880895805	-0.00500812343419	-0.0441377216243	0.0497252795276	-0.0193495473916	0.00458703296577	-0.066548041377	1.0	0.00307298265806	0.0631946851878	0.0117671562472	-0.0318341716966	0.000258676827282	0.0257384116571	0.075554981538	-0.0351764985095	-0.0023783001763	0.0012217910196	0.0241300203629	-0.0682639158804	0.0104011074971	0.0490414666482	0.0194043939317	-0.0118641480562	-0.0348639354774	-0.0218115775538	-0.0399706897291	-0.0463884533791	0.0165175123399	-0.00631137110384	-0.0368556619267	0.0219618467923	-0.0236394440359	-0.0405479353489	-0.0410031085223	0.000277260593629	-0.00640789727464	0.00888273000127	0.0566843851457	0.0182432172129	-0.0168326141148	0.0565536803182
k__Bacteria;p__Bacteroidetes;c__Bacteroidia;o__Bacteroidales;f__Bacteroidaceae;g__Bacteroides;s__Bacteroides_coprophilus	0.0106703257724	-0.0407531070841	-0.000433110881962	0.00285528330905	-0.0329947468752	0.00160729422704	-0.075325729911	0.0322536806131	-0.0427165722465	-0.0152282730101	-0.0349512676349	-0.032077818693	-0.0204141001822	-0.00842437763263	-0.0115791617676	0.0323968171352	0.0212599861774	0.0841277861761	-0.0499128296849	-0.064837093389	-0.0798117479066	0.0622247067732	-0.0413586626531	0.00688422267404	0.00307298265806	1.0	0.0193479392771	-0.00217685321857	-0.0427421712894	0.0182538347993	0.0195758735563	-0.0204863496376	-0.0742568625309	0.0117336931188	-0.0583643335319	0.0442770939873	0.0305233192756	0.0206955106424	-0.0107649990301	0.0537293571442	0.0286350076074	0.0101230472499	0.00941397950741	0.0172864536324	-0.024657630702	0.0191047164171	0.0210931108519	0.00318729080071	-0.0180527993048	0.0160085920868	-0.0561763782008	-0.0263715099915	-0.0140718195924	-0.0308373408161	0.0294244695571	-0.00422868832081	-0.060131448747	-0.0187027284722	0.00480508824189
k__Bacteria;p__Firmicutes;c__Clostridia;o__Clostridiales;f__Lachnospiraceae;g__Roseburia;s__Roseburia_intestinalis	-0.0716108064814	-0.00339059021666	0.0256014015348	-0.0483077635683	-0.00684594789543	-0.0137394899042	-0.0133351252387	0.00519130122936	0.0546881631131	0.00860286528787	0.0106769183797	0.062764311493	0.0305580944179	0.0303175126936	0.0375447684464	-0.0548558908512	0.0253073886997	-0.037549989251	-0.018500227239	0.00706289697865	-0.0349989014726	-0.00343845476136	-0.00524714108886	-0.0180173659197	0.0631946851878	0.0193479392771	1.0	-0.00282030503143	-0.01087738195	0.00427317362482	0.0413964970448	0.0401564272083	-0.0395207370765	-0.00129421626581	-0.05172768583	0.0582323194851	-0.101874541392	0.0322673019771	-0.0897586126153	0.0537528295847	-0.0359478819974	-0.0127701320961	-0.0104499163043	-0.028204583921	0.0123355447336	-0.0691910016276	-0.0187867868814	0.018852397828	-0.118092619646	-0.0295845952563	-0.0493256067113	-0.0180871114322	0.0112374169552	-0.0493618801498	-0.0299568719352	0.0393165722181	-0.0170614343156	0.0556394787985	0.0380135813106
k__Bacteria;p__Firmicutes;c__Clostridia;o__Clostridiales;f__Lachnospiraceae;g__Roseburia;s__Roseburia_hominis	-0.0342435798008	-0.00101144848441	0.0161978139242	-0.0336647280563	-0.00771562068206	-0.0215602228395	-0.0216675121074	-0.0117256176556	-0.00761602413068	-0.06666678917	-0.0436498717034	0.0369513434393	-0.0258202562218	-0.00318748992095	-0.013228472154	-0.0295017016431	-0.0152706147903	-0.0711485839145	0.0433272574019	-0.0451518057403	0.0056851912705	-0.0308317484419	-0.00904482016322	0.00658078051789	0.0117671562472	-0.00217685321857	-0.00282030503143	1.0	-0.00853574165664	-0.0505984554015	-0.0110997052958	-0.0224226419523	-0.0368072655868	-0.0442843036168	-0.0262735146245	0.0395892888968	-0.0510539773643	-0.0435688612818	0.0649829090712	0.0404246941059	-0.0467279735167	0.0218434432731	-0.024638724773	0.0171833190314	-0.0380844440773	-0.0147096616526	-0.0092174711518	0.0106211673692	-0.0709379910368	-0.0189331159968	-0.0392233304158	-0.0685875797781	0.0136956725639	-0.00552456027634	-0.0257401374887	-0.00634756092733	-0.00237320350661	-0.0147237666603	-0.027354924501
k__Bacteria;p__Bacteroidetes;c__Bacteroidia;o__Bacteroidales;f__Porphyromonadaceae;g__Parabacteroides;s__Parabacteroides_johnsonii	-0.0614194495449	-0.0286565038955	0.0164081938291	0.0264608889098	-0.0713071154819	0.0153525003407	-0.060880695159	-0.0139431089537	0.0295031239139	-0.0662045166877	0.07295906619	0.0250034047373	0.00928482643756	0.0121142330316	-0.0266740594798	-0.053389516387	-0.0251451389051	0.011675975508	0.0274449307558	-0.0135781970235	-0.0469271251346	-0.0104742351529	-0.0441453952002	0.0111418523275	-0.0318341716966	-0.0427421712894	-0.01087738195	-0.00853574165664	1.0	0.0762192270504	-0.0247804601078	0.0538155948141	-0.0312341729636	-0.0339208933973	-0.0129658934837	-0.034810011529	0.036445014713	-0.0725752156813	0.00897450859854	0.00922461827081	-0.0258778942894	0.0226151157742	-0.000415970713778	0.0211358553815	0.0567509068304	-0.0418328605273	-0.0283779348334	-0.0404963491987	-0.0193647198952	-0.0452611031786	-0.0161309539068	0.0043166383116	-0.0425302286052	-0.0488604269934	-0.0452563572054	0.0447735945007	-0.0106125499299	0.0148878578109	-0.0144300253575
k__Bacteria;p__Actinobacteria;c__Actinobacteria;o__Bifidobacteriales;f__Bifidobacteriaceae;g__Bifidobacterium;s__Bifidobacterium_longum	-0.0324989434836	0.0337480392037	0.02896873446	0.0113722193805	0.058141180516	0.0109891164294	0.0649489603445	-0.00173369230642	0.00873357649136	-0.0458440927076	0.0033554580185	0.0124153426329	-0.00499059533078	-0.0874054399379	-0.0211903104478	0.0329351806004	-0.00304447801826	0.000737185558505	-0.0252650737442	-0.0499447966036	0.0426218948653	-0.0428663087926	-0.00485658960975	-0.036470452872	0.000258676827282	0.0182538347993	0.00427317362482	-0.0505984554015	0.0762192270504	1.0	-0.0155904721307	-0.058351767025	0.0049091352462	-0.0229749262652	0.0146448687663	0.0401146972248	-0.0650790621308	-0.0032141886287	0.0170508756931	-0.0184357745099	-0.0238546026578	-0.0542939510722	-0.0387199780743	0.00888178229881	0.0362658210102	-0.0318876838703	-0.0106157688002	-0.0775624514363	-0.0650931926041	-0.012756438295	0.0578796555103	0.0684038154011	0.0019718136386	-0.0473701377912	0.0244550035578	-0.0114336414172	-0.0154316055671	-0.0138291899093	0.0296619080527
