#taxonomy	k__Bacteria;p__Bacteroidetes;c__Bacteroidia;o__Bacteroidales;f__Bacteroidaceae;g__Bacteroides;s__Bacteroides_vulgatus	k__Bacteria;p__Bacteroidetes;c__Bacteroidia;o__Bacteroidales;f__Bacteroidaceae;g__Bacteroides;s__Bacteroides_uniformis	k__Bacteria;p__Bacteroidetes;c__Bacteroidia;o__Bacteroidales;f__Rikenellaceae;g__Alistipes;s__Alistipes_putredinis	k__Bacteria;p__Bacteroidetes;c__Bacteroidia;o__Bacteroidales;f__Prevotellaceae;g__Prevotella;s__Prevotella_copri	k__Bacteria;p__Bacteroidetes;c__Bacteroidia;o__Bacteroidales;f__Bacteroidaceae;g__Bacteroides;s__Bacteroides_stercoris	k__Bacteria;p__Bacteroidetes;c__Bacteroidia;o__Bacteroidales;f__Bacteroidaceae;g__Bacteroides;s__Bacteroides_ovatus	k__Bacteria;p__Bacteroidetes;c__Bacteroidia;o__Bacteroidales;f__Rikenellaceae;g__Alistipes;s__Alistipes_shahii	k__Bacteria;p__Firmicutes;c__Clostridia;o__Clostridiales;f__Ruminococcaceae;g__Faecalibacterium;s__Faecalibacterium_prausnitzii	k__Bacteria;p__Bacteroidetes;c__Bacteroidia;o__Bacteroidales;f__Rikenellaceae;g__Alistipes;s__Alistipes_finegoldii	k__Bacteria;p__Bacteroidetes;c__Bacteroidia;o__Bacteroidales;f__Porphyromonadaceae;g__Parabacteroides;s__Parabacteroides_distasonis	k__Bacteria;p__Bacteroidetes;c__Bacteroidia;o__Bacteroidales;f__Bacteroidaceae;g__Bacteroides;s__Bacteroides_thetaiotaomicron	k__Bacteria;p__Bacteroidetes;c__Bacteroidia;o__Bacteroidales;f__Bacteroidaceae;g__Bacteroides;s__Bacteroides_coprocola	k__Bacteria;p__Bacteroidetes;c__Bacteroidia;o__Bacteroidales;f__Bacteroidaceae;g__Bacteroides;s__Bacteroides_cellulosilyticus	k__Bacteria;p__Bacteroidetes;c__Bacteroidia;o__Bacteroidales;f__Rikenellaceae;g__Alistipes;s__Alistipes_obesi	k__Bacteria;p__Firmicutes;c__Clostridia;o__Clostridiales;f__Lachnospiraceae;g__;s__[Eubacterium]_rectale	k__Bacteria;p__Bacteroidetes;c__Bacteroidia;o__Bacteroidales;f__Bacteroidaceae;g__Bacteroides;s__Bacteroides_plebeius	k__Bacteria;p__Bacteroidetes;c__Bacteroidia;o__Bacteroidales;f__Bacteroidaceae;g__Bacteroides;s__Bacteroides_fragilis	k__Bacteria;p__Proteobacteria;c__Betaproteobacteria;o__Burkholderiales;f__Sutterellaceae;g__Sutterella;s__Sutterella_wadsworthensis	k__Bacteria;p__Bacteroidetes;c__Bacteroidia;o__Bacteroidales;f__Porphyromonadaceae;g__Barnesiella;s__Barnesiella_intestinihominis	k__Bacteria;p__Bacteroidetes;c__Bacteroidia;o__Bacteroidales;f__Odoribacteraceae;g__Odoribacter;s__Odoribacter_splanchnicus	k__Bacteria;p__Bacteroidetes;c__Bacteroidia;o__Bacteroidales;f__Bacteroidaceae;g__Bacteroides;s__Bacteroides_salyersiae	k__Bacteria;p__Firmicutes;c__Clostridia;o__Clostridiales;f__Ruminococcaceae;g__Ruminiclostridium;s__[Eubacterium]_siraeum	k__Bacteria;p__Proteobacteria;c__Betaproteobacteria;o__Burkholderiales;f__Sutterellaceae;g__Parasutterella;s__Parasutterella_excrementihominis	k__Bacteria;p__Actinobacteria;c__Actinobacteria;o__Bifidobacteriales;f__Bifidobacteriaceae;g__Bifidobacterium;s__Bifidobacterium_adolescentis	k__Bacteria;p__Firmicutes;c__Clostridia;o__Clostridiales;f__Oscillospiraceae;g__Oscillibacter;s__Oscillibacter_sp._KLE_1745	k__Bacteria;p__Bacteroidetes;c__Bacteroidia;o__Bacteroidales;f__Bacteroidaceae;g__Bacteroides;s__Bacteroides_coprophilus	k__Bacteria;p__Firmicutes;c__Clostridia;o__Clostridiales;f__Lachnospiraceae;g__Roseburia;s__Roseburia_intestinalis	k__Bacteria;p__Firmicutes;c__Clostridia;o__Clostridiales;f__Lachnospiraceae;g__Roseburia;s__Roseburia_hominis	k__Bacteria;p__Bacteroidetes;c__Bacteroidia;o__Bacteroidales;f__Porphyromonadaceae;g__Parabacteroides;s__Parabacteroides_johnsonii	k__Bacteria;p__Actinobacteria;c__Actinobacteria;o__Bifidobacteriales;f__Bifidobacteriaceae;g__Bifidobacterium;s__Bifidobacterium_longum	k__Bacteria;p__Firmicutes;c__Clostridia;o__Clostridiales;f__;g__Flavonifractor;s__Flavonifractor_plautii	k__Bacteria;p__Firmicutes;c__Clostridia;o__Clostridiales;f__Clostridiaceae;g__Clostridium;s__Clostridium_phoceensis	k__Bacteria;p__Verrucomicrobia;c__Verrucomicrobiae;o__Verrucomicrobiales;f__Akkermansiaceae;g__Akkermansia;s__Akkermansia_muciniphila	k__Bacteria;p__Bacteroidetes;c__Bacteroidia;o__Bacteroidales;f__Prevotellaceae;g__Paraprevotella;s__Paraprevotella_xylaniphila	k__Bacteria;p__Firmicutes;c__Clostridia;o__Clostridiales;f__Ruminococcaceae;g__Ruminococcus;s__Ruminococcus_callidus	k__Bacteria;p__Bacteroidetes;c__Bacteroidia;o__Bacteroidales;f__Rikenellaceae;g__Alistipes;s__Alistipes_senegalensis	k__Bacteria;p__Firmicutes;c__Clostridia;o__Clostridiales;f__Lachnospiraceae;g__Blautia;s__Blautia_sp._KLE_1732	k__Bacteria;p__Bacteroidetes;c__Bacteroidia;o__Bacteroidales;f__Bacteroidaceae;g__Bacteroides;s__Bacteroides_oleiciplenus	k__Bacteria;p__Firmicutes;c__Clostridia;o__Clostridiales;f__Ruminococcaceae;g__Ruminococcus;s__Ruminococcus_bicirculans	k__Bacteria;p__Bacteroidetes;c__Bacteroidia;o__Bacteroidales;f__Bacteroidaceae;g__Bacteroides;s__Bacteroides_fluxus	k__Bacteria;p__Bacteroidetes;c__Bacteroidia;o__Bacteroidales;f__Prevotellaceae;g__Prevotella;s__Prevotella_stercorea	k__Bacteria;p__Firmicutes;c__Clostridia;o__Clostridiales;f__Lachnospiraceae;g__Dorea;s__Dorea_longicatena	k__Bacteria;p__Firmicutes;c__Clostridia;o__Clostridiales;f__Eubacteriaceae;g__Eubacterium;s__[Eubacterium]_eligens	k__Bacteria;p__Firmicutes;c__Clostridia;o__Clostridiales;f__Ruminococcaceae;g__;s__Ruminococcaceae_bacterium_D16	k__Bacteria;p__Firmicutes;c__Clostridia;o__Clostridiales;f__Lachnospiraceae;g__Coprococcus;s__Coprococcus_comes	k__Bacteria;p__Proteobacteria;c__Gammaproteobacteria;o__Enterobacterales;f__Enterobacteriaceae;g__Escherichia;s__Escherichia_coli	k__Bacteria;p__Firmicutes;c__Clostridia;o__Clostridiales;f__Ruminococcaceae;g__Anaerotruncus;s__Anaerotruncus_colihominis	k__Bacteria;p__Firmicutes;c__Clostridia;o__Clostridiales;f__Lachnospiraceae;g__Blautia;s__Blautia_obeum	k__Bacteria;p__Bacteroidetes;c__Bacteroidia;o__Bacteroidales;f__Odoribacteraceae;g__Odoribacter;s__Odoribacter_laneus	k__Bacteria;p__Firmicutes;c__Clostridia;o__Clostridiales;f__Ruminococcaceae;g__Ruminiclostridium;s__[Clostridium]_leptum	k__Bacteria;p__Bacteroidetes;c__Bacteroidia;o__Bacteroidales;f__Porphyromonadaceae;g__Parabacteroides;s__Parabacteroides_goldsteinii	k__Bacteria;p__Firmicutes;c__Clostridia;o__Clostridiales;f__Lachnospiraceae;g__Anaerostipes;s__Anaerostipes_hadrus	k__Bacteria;p__Firmicutes;c__Clostridia;o__Clostridiales;f__Ruminococcaceae;g__Ruminococcus;s__Ruminococcus_lactaris	k__Bacteria;p__Firmicutes;c__Clostridia;o__Clostridiales;f__Clostridiaceae;g__Clostridium;s__Clostridium_sp._L2-50	k__Bacteria;p__Firmicutes;c__Clostridia;o__Clostridiales;f__Clostridiaceae;g__Clostridium;s__Clostridium_sp._M62/1	k__Bacteria;p__Firmicutes;c__Clostridia;o__Clostridiales;f__;g__Intestinimonas;s__Intestinimonas_butyriciproducens	k__Bacteria;p__Actinobacteria;c__Actinobacteria;o__Bifidobacteriales;f__Bifidobacteriaceae;g__Bifidobacterium;s__Bifidobacterium_bifidum	k__Bacteria;p__Firmicutes;c__Negativicutes;o__Veillonellales;f__Veillonellaceae;g__Dialister;s__Dialister_invisus	k__Bacteria;p__Bacteroidetes;c__Bacteroidia;o__Bacteroidales;f__Bacteroidaceae;g__Bacteroides;s__Bacteroides_salanitronis
k__Bacteria;p__Bacteroidetes;c__Bacteroidia;o__Bacteroidales;f__Bacteroidaceae;g__Bacteroides;s__Bacteroides_vulgatus	1.0	0.0294831887204	0.00681688357318	-0.0703041884521	0.00228807684202	-0.00516136089598	-0.00308006880502	0.00858366845937	0.0134472438496	-0.00121491158175	0.0123660745584	-0.0325658831213	-0.0356879006194	-0.0494384925478	-0.00461101971034	0.0436135870479	0.0394083571747	-0.00360582868578	-0.0152507929919	-0.0302811096532	-0.00399077388049	0.0460330666952	-0.017832753882	-0.00479563187651	-0.0444793878139	-0.0367773406872	0.0343436835294	0.0252018648801	0.000609710940078	0.0075288904136	0.0126758559204	0.0343114087607	-0.0323545750351	-0.0736207488978	0.00163409843599	-0.0376647988187	-0.0403614268386	-0.0150626425745	0.00234714734773	-0.0310765466519	0.0174697499396	0.0188657598375	-0.0614441033321	-0.00579089664209	0.0284856195238	-0.0157880311907	-0.0534249096721	-0.0344380999345	0.0210687391324	0.0473200244046	-0.00360063193285	0.0360689252252	-0.0122136612608	-0.0516987493136	-0.0394728437976	0.00329955533867	-0.0311282285414	0.00244648099552	0.0356253043751
k__Bacteria;p__Bacteroidetes;c__Bacteroidia;o__Bacteroidales;f__Bacteroidaceae;g__Bacteroides;s__Bacteroides_uniformis	0.0294831887204	1.0	-0.0154813317318	0.0121562930229	0.00281165523914	-0.015861551544	-0.0262800597229	-0.0665003889513	-0.022114851938	-0.017556811754	-0.00781260857352	0.00362784450873	-0.0363905514447	-0.0396966814783	-0.0013826653781	-0.00421352450827	-0.0972237514249	-0.0351942047766	-0.0397077249992	-0.052120482742	-0.0485278548063	-0.0217663378398	-0.033525066686	0.0136727678257	0.0249602842824	-0.0149506874066	0.018434795728	0.0200294948071	0.00849042031969	0.0155373104142	0.000333923021078	-0.0441948185933	0.0028688074949	-0.0177939026364	-0.00456599331212	-0.0244639548735	0.0536932929809	-0.0263653251812	-0.0181294401945	0.00846261185344	0.0467129928437	0.042950387064	0.0128320125416	0.0506889262072	-0.0201606521097	0.0496007530239	0.00184628300358	0.0349839623897	-0.0264163562231	0.00418660191508	0.0160689978073	-0.00241082394512	-0.0217084718979	-0.0268803156934	0.0329202629543	0.0316634458274	-0.0175461528809	0.00773174389283	-0.0754558283206
k__Bacteria;p__Bacteroidetes;c__Bacteroidia;o__Bacteroidales;f__Rikenellaceae;g__Alistipes;s__Alistipes_putredinis	0.00681688357318	-0.0154813317318	1.0	0.00324789497424	-0.0675716177176	-0.0674027220328	0.00832107328523	-0.00629664329981	-0.0368303769337	-0.0253490541649	-0.0322072768904	0.0498702172082	0.052945011422	-0.0118696996975	0.0312429640693	-0.00621979723022	0.01459306716	-0.0588088080721	-0.0334035271554	0.0251401843876	-0.020910051039	0.00954371945906	-0.00653640624038	-0.0140298245457	-0.0314503748021	0.0577386653038	0.0339964458702	0.00675432951675	-0.0262082659203	0.0336180180372	-0.0207262444781	-0.026914486719	-0.0257245611716	-0.0168397420898	-0.0200353955646	-0.00847390723046	-0.000913186946337	-0.0540905966058	0.00565693536453	0.0173723746658	-0.0113939570441	-0.0270392697104	-0.00670844285743	-0.0163881619007	-0.029370334206	-0.00163653304569	-0.0505384484562	0.00781165349377	-0.0431066913368	-0.0326903998644	-0.0140592622484	-0.0120191725143	-0.0143254792436	-0.0286626087157	0.0513397529872	-0.0233976762425	-0.00689180667213	-0.0090675100806	-0.00505251558614
k__Bacteria;p__Bacteroidetes;c__Bacteroidia;o__Bacteroidales;f__Prevotellaceae;g__Prevotella;s__Prevotella_copri	-0.0703041884521	0.0121562930229	0.00324789497424	1.0	0.0438140347431	-0.021477591471	-0.0302823914274	0.0143660904274	-0.0526145355259	0.0338270828317	-0.0244070108919	0.0205706409762	-0.00750867054339	-0.014413558258	-0.0557844689794	-0.0415837958335	0.0213261395751	-0.0469080300278	-0.0247081115888	-0.0357974545811	0.0169059357531	0.0132323911516	0.0400699333979	-0.033115080436	0.0501909030815	-0.0342070099941	0.012783559402	0.00749553554071	0.000925038072061	-0.0190784301729	-0.0185390269745	-0.0566282004206	-0.072232906811	-0.00267546087177	-0.0518414529795	-0.0316106965936	-0.0325441582877	-0.0266311976137	0.00222176793321	0.049217823086	-0.0112952624945	-0.00185071003986	-0.0322173096122	-0.0184259276859	-0.0290535099028	0.0146057221293	-0.0103395388858	0.0235253509886	-0.00299197991863	-0.0374015593564	-0.0261884913308	0.0586854374833	-0.0154533336407	0.0608211724799	0.00749074031578	-0.0268710548656	0.0285768480971	-0.0158838653178	0.0179612990284
k__Bacteria;p__Bacteroidetes;c__Bacteroidia;o__Bacteroidales;f__Bacteroidaceae;g__Bacteroides;s__Bacteroides_stercoris	0.00228807684202	0.00281165523914	-0.0675716177176	0.0438140347431	1.0	0.0184241055574	-0.107457728181	-0.0416465753471	-0.0763210283729	0.0132879482999	-0.0386046042788	0.006023977144	-0.0216690915321	-0.00787474472316	0.0136197859426	0.0573788671801	-0.0206892260826	0.0202545367161	0.0130132523198	-0.0329405243522	-0.000665613984663	0.0231997129044	0.0255550055353	0.0451678941128	0.0167043998795	-0.00648722512208	-0.04298855368	-0.0317724820652	0.0334949992044	-0.0155325239135	-0.0254736545549	-0.00473361141661	0.0328177718403	-0.0463591467615	-0.00882827683283	0.0124870630241	0.0121417111788	0.0491369272079	0.00312867076664	0.0136481472553	0.0398230886235	-0.0526217243293	-0.0473760611347	0.0276320345442	0.0197364875357	-0.00309468356679	-0.0277123670967	0.0267670931774	-0.0858881797768	0.0249165879407	0.0261451407535	0.00636309965927	-0.0174149220008	-0.00579161462125	-0.0163134297993	-0.0737622766191	-0.010990045999	-0.0643009684718	0.00624770414433
k__Bacteria;p__Bacteroidetes;c__Bacteroidia;o__Bacteroidales;f__Bacteroidaceae;g__Bacteroides;s__Bacteroides_ovatus	-0.00516136089598	-0.015861551544	-0.0674027220328	-0.021477591471	0.0184241055574	1.0	-0.0696794759923	0.0338733615657	-0.0219530566168	-0.0851884828083	0.0628222680635	-0.0183655170074	0.0141656523676	-0.0116352562344	-0.0243652931654	-0.0550268314226	0.0635158456313	0.0341589891176	-0.0355689216954	0.00408580899419	0.0380174992413	0.0131784427898	0.0293647844726	0.0368284156486	0.00358642798557	-0.0201668121548	-0.0324876075286	0.0227694920634	-0.0146055218802	0.0314042469922	0.0443189255457	0.0076222061328	-0.0757981225596	0.0226779046688	-0.0489710767756	0.00754487325421	0.0572702835343	-0.0246340678825	0.00364023839649	-0.00143644251267	-0.0135044354688	-0.00607499884417	0.0281995029989	-0.0779704241188	-0.0402146414968	0.00718794551395	0.0165400950716	0.0147219450204	-0.0462940643236	-0.0241283980655	-0.00973203386017	-0.0688078746097	0.00341655868782	-0.0973152776034	0.0127892046433	-0.0142050322361	0.0204443111842	-0.0218294439809	-0.0297822916717
k__Bacteria;p__Bacteroidetes;c__Bacteroidia;o__Bacteroidales;f__Rikenellaceae;g__Alistipes;s__Alistipes_shahii	-0.00308006880502	-0.0262800597229	0.00832107328523	-0.0302823914274	-0.107457728181	-0.0696794759923	1.0	-0.0547592886559	-0.0368324754137	0.0244711079491	0.0278334693088	-0.0331968618255	0.0291578889163	0.0339605227898	0.0584312291229	-0.0206775460702	-0.0282181484923	-0.00751470744574	0.0129952345337	0.0147169229442	0.00619320126232	-0.0495062201537	-0.064787040979	-0.0125191506686	-0.014404496608	0.0360538205934	0.0143055815229	0.0132714042356	-0.00699372567017	0.0259825797255	-0.0473359092619	-0.00244596817945	0.0130597778035	-0.0244788634102	-0.0602534758314	-0.0425825049764	0.00572409724265	0.0200110943653	0.00906828328472	-0.00258070718844	0.025146668714	-0.0231501739344	0.0153645201641	-0.0265453589386	-0.0127467939566	-0.0391644166737	0.0619041589286	0.0565692253771	0.0203145639718	-0.0326154184814	0.0351053471208	-0.00379234446911	-0.0091821577938	0.0227375398527	-0.0129135291114	0.00558837869823	-0.0348783423411	0.0382050965102	-0.025292780634
k__Bacteria;p__Firmicutes;c__Clostridia;o__Clostridiales;f__Ruminococcaceae;g__Faecalibacterium;s__Faecalibacterium_prausnitzii	0.00858366845937	-0.0665003889513	-0.00629664329981	0.0143660904274	-0.0416465753471	0.0338733615657	-0.0547592886559	1.0	0.0312376423329	-0.0450186394722	0.0409904255129	0.0174653487361	-0.0112967209287	-0.0740801437391	0.00535302607813	-0.0542401254613	0.00251962284058	0.0231356343147	0.0585791556987	-0.0229939431841	-0.0264236879045	0.00497910033061	-0.0224291628034	0.0371050845107	-0.0499514474475	-0.022578616342	-0.0172119127547	-0.00203068515063	0.00451400452334	-0.0563137411071	-0.0258908107073	-0.0414806916573	-0.035284969577	-0.0257524651833	-0.0357441292686	0.0513671160617	0.0365271680597	0.0254554323351	-0.0536438675805	0.0311751426827	0.00153751309936	0.0472395668948	-0.0297713323379	-0.0047654264148	-0.0454108767295	0.0152133723279	-0.0121625173551	-0.000308795774811	0.0175954809258	-0.0290464776925	0.018387582205	0.0406561369355	-0.0423692967203	0.0335986010606	-0.0303127383311	0.0145853616791	0.030860702386	-0.0194382138475	0.00177944652383
k__Bacteria;p__Bacteroidetes;c__Bacteroidia;o__Bacteroidales;f__Rikenellaceae;g__Alistipes;s__Alistipes_finegoldii	0.0134472438496	-0.022114851938	-0.0368303769337	-0.0526145355259	-0.0763210283729	-0.0219530566168	-0.0368324754137	0.0312376423329	1.0	0.0603904199841	0.00476287957676	0.0228679468498	-0.0393831669057	-0.0798390454997	-0.0184986197235	0.0606092114102	-0.0486926364558	0.0363819221056	-0.0113206639711	-0.0593966164892	-0.00703212658739	-0.0300967006658	0.0362066629836	-0.000989058107546	0.0359838873668	0.0197304423661	-0.0298361348776	-0.00621322930149	-0.0199162608882	-0.0103780732239	-0.0276373735421	0.0253007034978	0.0371692832505	-0.0295582553868	-0.00408815317199	-0.0357293142207	0.0491843979284	-0.0880671137094	-0.0681352538967	-0.0573844887509	-0.0760968532178	-0.0226903058725	-0.0788052785173	-0.013434997512	0.0543452660774	0.0317350325254	-0.0108683989961	0.0474985472667	0.0150981346716	0.0324913817285	0.00909432985574	-0.0512420103708	0.0608494757773	-0.0083916393236	-0.0361046421937	0.0469196351624	-0.0204817824477	0.000504546233462	0.0745954432025
k__Bacteria;p__Bacteroidetes;c__Bacteroidia;o__Bacteroidales;f__Porphyromonadaceae;g__Parabacteroides;s__Parabacteroides_distasonis	-0.00121491158175	-0.017556811754	-0.0253490541649	0.0338270828317	0.0132879482999	-0.0851884828083	0.0244711079491	-0.0450186394722	0.0603904199841	1.0	0.0728043090418	0.00224292976953	0.0141768636385	0.0427005995169	0.00428124632423	-0.0541902902564	-0.0343680831829	0.0711466610327	0.018472455002	-0.0067120152791	-0.0568951367134	-0.0519194360163	-0.0169464690518	0.0192482967872	0.030686424802	-0.00778546347708	0.0255736669386	0.0210426347466	0.0559631274237	-0.0547647819162	-0.101548621414	-0.0143670363476	0.0208614687391	-0.0275887236093	-0.0117103869163	-0.0806893482614	-0.0255283632394	0.014777773264	-0.066212814753	-0.0185211237084	0.020940042137	7.72116455162e-05	-0.0612055043528	0.0111067868912	-0.047655419258	0.0266497511183	-0.0184299359515	0.0486663679631	-0.0365739161983	-0.0109943614926	-0.0526926577531	0.000702326302968	-0.050543685583	0.0147016775658	-0.0518173809435	-0.0149978734058	-0.0194890896111	-0.0472857193286	-0.034724900969
k__Bacteria;p__Bacteroidetes;c__Bacteroidia;o__Bacteroidales;f__Bacteroidaceae;g__Bacteroides;s__Bacteroides_thetaiotaomicron	0.0123660745584	-0.00781260857352	-0.0322072768904	-0.0244070108919	-0.0386046042788	0.0628222680635	0.0278334693088	0.0409904255129	0.00476287957676	0.0728043090418	1.0	0.0191254528571	-0.0384298475209	-0.0518225609596	-0.0275476676241	-0.0529751957134	-0.0294615059672	0.0669661004622	0.00833168309768	-0.0406996123954	-0.0211425457293	-0.0169885670063	-0.0655119978559	-0.0112086243814	0.0365320264033	0.0354482420187	0.00443656590338	-0.00741097465056	-0.0434712239603	0.0229320118784	0.00163990777577	0.0195924547479	-0.0512073899806	0.00381642792521	-0.0569066518855	0.0205098876781	0.0140257132099	0.0185124861686	-0.00662329227721	0.000916741190872	-0.0702097968206	-0.0214907900772	-0.0103852006383	-0.0572481675563	-0.0306938184453	0.0662220440727	-0.0042054599506	0.0214499713982	-0.0132301327085	-0.07357699072	0.0567996122095	0.022445709903	-0.0426866565654	0.0111521611976	0.0204767932607	-0.0909428576572	0.0363879923164	-0.0342647534408	0.0405813577885
k__Bacteria;p__Bacteroidetes;c__Bacteroidia;o__Bacteroidales;f__Bacteroidaceae;g__Bacteroides;s__Bacteroides_coprocola	-0.0325658831213	0.00362784450873	0.0498702172082	0.0205706409762	0.006023977144	-0.0183655170074	-0.0331968618255	0.0174653487361	0.0228679468498	0.00224292976953	0.0191254528571	1.0	-0.029571386716	-0.0383292986361	-0.00586428252554	0.00463269927507	-0.00554152619461	-0.0607606089479	-0.0349459608032	0.0569066682598	-0.0715257045924	-0.114417186485	0.0541180554444	0.0137119782578	0.0226593123988	-0.0321841398436	0.0226974569278	-0.0422973646348	0.0188521534692	-0.0512183706667	-0.0110299839135	-0.0360511328734	-0.00331728145074	0.036226182249	0.0145677312101	-0.0115183830072	-0.00169060389725	0.0599951931661	-0.0131639507679	0.0310054963915	-0.0366006779113	0.00264309976769	-0.0370813283308	-0.0160943142152	-0.00534919048297	-0.00682432420768	0.00707972534946	-0.0153804493619	0.00729853714136	-0.00497879970001	0.0675415845564	-0.0269896704679	0.0235078874695	-0.0216471894217	-0.0280777747968	0.0183307053363	0.0172408406194	0.00015424120518	-0.0790789636669
k__Bacteria;p__Bacteroidetes;c__Bacteroidia;o__Bacteroidales;f__Bacteroidaceae;g__Bacteroides;s__Bacteroides_cellulosilyticus	-0.0356879006194	-0.0363905514447	0.052945011422	-0.00750867054339	-0.0216690915321	0.0141656523676	0.0291578889163	-0.0112967209287	-0.0393831669057	0.0141768636385	-0.0384298475209	-0.029571386716	1.0	-0.0342858794285	-0.0219023105678	-0.0837072259705	0.0085543978674	-0.0610049089954	-0.0236248102512	0.043756739993	0.116619331352	0.0440919471206	0.0239111211042	-0.0299707561596	-0.0441280291159	-0.01910870456	-0.0764729005026	0.0305194201964	0.0168574373902	-0.04860598816	0.0120951997464	0.0207653340887	0.026122761732	0.0341327511109	-0.0150802137905	-0.0245153098212	-0.0775991629163	0.0169807228245	-0.0315434549793	0.0180003155802	-0.0267438440517	0.0479988060297	0.0425555649453	0.0259229316596	-0.035515729852	-0.0140606889597	0.0567116055112	0.0135215774258	0.00343673512753	0.0161620903355	0.00127037720393	0.0408855258766	-0.0216245015239	0.0222683410955	0.0168588468987	-0.0751698494658	-0.0596123424791	0.051277112468	0.0192115175386
k__Bacteria;p__Bacteroidetes;c__Bacteroidia;o__Bacteroidales;f__Rikenellaceae;g__Alistipes;s__Alistipes_obesi	-0.0494384925478	-0.0396966814783	-0.0118696996975	-0.014413558258	-0.00787474472316	-0.0116352562344	0.0339605227898	-0.0740801437391	-0.0798390454997	0.0427005995169	-0.0518225609596	-0.0383292986361	-0.0342858794285	1.0	-0.00484608559159	0.0380324443065	-0.0191393200067	0.0334362877224	-0.00674847487819	0.0556471993255	-0.037733046617	-0.0211752626198	-0.0154717950531	-0.0800882059284	-0.00638613426947	-0.0683453944132	0.0564873262561	-0.0160746022877	0.0283515754586	0.000558283003436	-0.114388154228	0.0290891138313	-0.0359554202081	-0.0350217543857	0.00179795086079	0.0336966615553	-0.0230290249327	0.0409909129134	0.0433154333583	0.00768677420659	-0.0373646451065	-0.0424797560713	-0.0368011890323	0.00826479070009	0.000243001656303	-0.0497188196212	0.0305195144753	-0.015535222342	-0.0410864937601	0.00575720813148	0.0343646097728	-0.044465279334	-0.0296592717354	0.00336449150465	0.0527316504917	0.0579748013188	-0.0350596563933	-0.0168776868988	0.00974238189248
k__Bacteria;p__Firmicutes;c__Clostridia;o__Clostridiales;f__Lachnospiraceae;g__;s__[Eubacterium]_rectale	-0.00461101971034	-0.0013826653781	0.0312429640693	-0.0557844689794	0.0136197859426	-0.0243652931654	0.0584312291229	0.00535302607813	-0.0184986197235	0.00428124632423	-0.0275476676241	-0.00586428252554	-0.0219023105678	-0.00484608559159	1.0	0.0104133753545	-0.0150739090462	0.026325179481	-0.00518328760392	-0.012899246831	-0.0121848038972	-0.00615541474353	0.036933122839	0.0178512634437	0.0223874673212	-0.0169501911281	-0.0126800946946	0.00743943862765	-0.04866723108	-0.00739976526532	-0.0122408919718	-0.0326384334544	-0.0306585591186	0.00222054739801	-0.0185017254607	-0.01807885737	0.0255082217784	0.0538466410107	-0.0554060050171	0.0238044103364	-0.042979834782	-0.00552522839077	0.00837688898047	0.010089387064	-0.0210921672249	-0.031104561039	0.0112472216328	-0.0249293833015	-0.0193243552317	0.0178319347243	-0.0267979966595	0.0615097749473	-0.0620568773951	0.0116640500038	-0.054499623938	-0.046322117351	-0.013136808475	0.0322819983056	-0.0210273954052
k__Bacteria;p__Bacteroidetes;c__Bacteroidia;o__Bacteroidales;f__Bacteroidaceae;g__Bacteroides;s__Bacteroides_plebeius	0.0436135870479	-0.00421352450827	-0.00621979723022	-0.0415837958335	0.0573788671801	-0.0550268314226	-0.0206775460702	-0.0542401254613	0.0606092114102	-0.0541902902564	-0.0529751957134	0.00463269927507	-0.0837072259705	0.0380324443065	0.0104133753545	1.0	-0.00997014557551	0.0234555662641	-0.0314850472372	-0.0503249697368	0.00442649922529	-0.0311255817127	-0.0312198323211	-0.0464871763314	-0.0327799671367	0.0167388164409	0.00611315099545	0.00330715754251	0.0324082126517	0.025330910234	0.056555030831	0.0102751477643	0.0582508439374	-0.0408066115137	-0.0818026287232	-0.0126443280837	0.022219148285	0.00341600806973	-0.0535303032861	-0.115816748387	0.0608429617237	-0.0412309174448	-0.0931599058386	-0.0410204397871	0.0615982617954	0.00876898667679	-0.0379149039571	-0.00859300220906	-0.0215644783792	0.0249434489115	-0.0827075164379	-0.00614700534032	0.0709807923636	0.0478104073965	-0.0159574458966	0.0485582497097	-0.0597749601164	-0.0408198355774	-0.00070700306268
k__Bacteria;p__Bacteroidetes;c__Bacteroidia;o__Bacteroidales;f__Bacteroidaceae;g__Bacteroides;s__Bacteroides_fragilis	0.0394083571747	-0.0972237514249	0.01459306716	0.0213261395751	-0.0206892260826	0.0635158456313	-0.0282181484923	0.00251962284058	-0.0486926364558	-0.0343680831829	-0.0294615059672	-0.00554152619461	0.0085543978674	-0.0191393200067	-0.0150739090462	-0.00997014557551	1.0	-0.0689870931574	-0.0498294656339	-0.0103536812493	-0.0596111982274	-0.0454438751141	-0.0279939122273	-0.00166798521707	-0.0297779992604	-0.0634008643097	-0.00916360594181	-0.050862212361	0.000295480249796	0.0205224819992	-0.0610137570752	0.0216089481906	-0.011766069756	0.0435151619709	0.00364789762243	-7.45167404004e-05	-0.00198540758927	0.0384604000469	0.00655819939862	0.043572888831	0.0129618523444	-0.00154856581133	-0.00148742105361	-0.0115243862887	-0.0422970632779	0.00121634799449	0.0260483709914	0.0806042403805	0.00607107195677	0.011630875286	-0.0573863297507	-0.0428431734576	0.0278058314137	-0.0473585251538	0.0188044291187	1.28115984134e-05	-0.0663715591957	0.0440452200673	-0.0618968536041
k__Bacteria;p__Proteobacteria;c__Betaproteobacteria;o__Burkholderiales;f__Sutterellaceae;g__Sutterella;s__Sutterella_wadsworthensis	-0.00360582868578	-0.0351942047766	-0.0588088080721	-0.0469080300278	0.0202545367161	0.0341589891176	-0.00751470744574	0.0231356343147	0.0363819221056	0.0711466610327	0.0669661004622	-0.0607606089479	-0.0610049089954	0.0334362877224	0.026325179481	0.0234555662641	-0.0689870931574	1.0	0.0521599008262	0.0577609170716	0.000182915322715	-0.055518869181	-0.0982421055496	-0.0370247496938	0.0342776141272	-0.0111009317334	0.0757677632217	0.0107235368021	-0.0252190174607	0.015659281728	-0.00967299823872	-0.0697434216868	-0.0238427966534	0.0327630028475	-0.0744530643735	0.0497923996551	-0.0421168756893	0.00609792371541	-0.0228280521747	-0.0471962223799	0.0668117414331	0.0499859294324	0.0146626992138	-0.0336058793475	-0.0106062301099	0.0091160288241	-0.0172412349992	-0.0137402640327	-0.0709323397978	0.0273819373472	-0.0328223563577	0.0297093111359	-0.0396558243359	-0.00451437294245	-0.0454976166844	-0.0366052540597	-0.0338246892231	0.0110376841047	0.0207766376753
k__Bacteria;p__Bacteroidetes;c__Bacteroidia;o__Bacteroidales;f__Porphyromonadaceae;g__Barnesiella;s__Barnesiella_intestinihominis	-0.0152507929919	-0.0397077249992	-0.0334035271554	-0.0247081115888	0.0130132523198	-0.0355689216954	0.0129952345337	0.0585791556987	-0.0113206639711	0.018472455002	0.00833168309768	-0.0349459608032	-0.0236248102512	-0.00674847487819	-0.00518328760392	-0.0314850472372	-0.0498294656339	0.0521599008262	1.0	-0.0742096980115	0.0357602917785	-0.0353470084681	-0.0263095751409	-0.0471822570183	-0.0478517533126	0.0241719326674	0.0140372026783	-0.0262565664872	0.0283155976837	-0.0247853917076	-0.0268148240889	0.00204974711845	-0.00482404500616	-0.0387264845574	0.0378982452846	0.00241702412866	-0.0622491097787	0.0497939380162	0.0441306529219	-0.00590231094303	0.0281255038894	-0.0338623071636	0.0378734257216	-0.0404074248236	-0.0656767254869	-0.0339182199214	0.0385591761529	-0.0330072288295	-0.0175979501502	0.0305089397489	0.0312030562768	-0.0235021823871	0.0404955759441	-0.0104173864532	-0.00316438593481	-0.0101502836026	-0.0357325703421	-0.0131471611357	0.00731605684856
k__Bacteria;p__Bacteroidetes;c__Bacteroidia;o__Bacteroidales;f__Odoribacteraceae;g__Odoribacter;s__Odoribacter_splanchnicus	-0.0302811096532	-0.052120482742	0.0251401843876	-0.0357974545811	-0.0329405243522	0.00408580899419	0.0147169229442	-0.0229939431841	-0.0593966164892	-0.0067120152791	-0.0406996123954	0.0569066682598	0.043756739993	0.0556471993255	-0.012899246831	-0.0503249697368	-0.0103536812493	0.0577609170716	-0.0742096980115	1.0	-0.00930215923882	0.00195201334731	0.0151295527439	-0.062786437063	-0.00475738146221	-0.00378626878783	0.0909974657094	-0.0832740850275	-0.0196524814322	-0.0131776225304	-0.0322812354358	-0.0378963472827	0.0118906802608	-0.0179669056868	-0.000335851898627	-0.0413402913254	-0.0453878405506	0.0681197007135	0.0374543332101	-0.0179298225423	-0.0274723310657	-0.0532595163288	0.0665137287557	-0.0428266067987	0.0435674476145	0.0627304635059	0.0777453779531	-0.0227033830243	0.0593673689329	-0.00685992947667	-0.0829011626525	0.0703749613932	0.0586794533213	0.0207877350853	0.0116489437194	-0.115135518149	-0.0127129419967	-0.0116685238256	0.017355660613
k__Bacteria;p__Bacteroidetes;c__Bacteroidia;o__Bacteroidales;f__Bacteroidaceae;g__Bacteroides;s__Bacteroides_salyersiae	-0.00399077388049	-0.0485278548063	-0.020910051039	0.0169059357531	-0.000665613984663	0.0380174992413	0.00619320126232	-0.0264236879045	-0.00703212658739	-0.0568951367134	-0.0211425457293	-0.0715257045924	0.116619331352	-0.037733046617	-0.0121848038972	0.00442649922529	-0.0596111982274	0.000182915322715	0.0357602917785	-0.00930215923882	1.0	0.0339009507311	0.105558118216	0.0251752100681	-0.0682864308905	0.0175286390035	-0.0609304376286	0.00646690140242	-0.0300679293988	-0.0164220815865	0.050651825649	-0.0210959593764	-0.00549393154613	0.00114281571668	-0.00228493062571	-0.00365737309859	-0.0282054850103	0.0568032884754	-0.0626990756487	-0.0281118321091	0.0521307362466	0.055966102214	0.0238445662962	0.0453359184095	-0.0632682561995	-0.0219294136768	-0.017491804478	0.0469368010453	0.0240046598678	-0.0131063343554	-0.0211321424789	-0.0573029351016	0.0443430218655	-0.0197834632561	-0.0359044961531	-0.0548326160219	-0.0512856980654	0.0689342446369	0.014289870609
k__Bacteria;p__Firmicutes;c__Clostridia;o__Clostridiales;f__Ruminococcaceae;g__Ruminiclostridium;s__[Eubacterium]_siraeum	0.0460330666952	-0.0217663378398	0.00954371945906	0.0132323911516	0.0231997129044	0.0131784427898	-0.0495062201537	0.00497910033061	-0.0300967006658	-0.0519194360163	-0.0169885670063	-0.114417186485	0.0440919471206	-0.0211752626198	-0.00615541474353	-0.0311255817127	-0.0454438751141	-0.055518869181	-0.0353470084681	0.00195201334731	0.0339009507311	1.0	0.00984404309517	0.0406444074456	-0.0253696780184	-0.0852016136894	0.018305716872	-0.063815027004	0.00796809966911	0.0342003383619	0.044958669335	-0.00304462613919	-0.0437822708654	0.0129390521247	-0.0324788662974	0.00872449022872	-0.0310153478113	-0.0337671547771	0.0216285788041	-0.04965197653	-0.00532526334889	-0.0109677772964	-0.00743530292019	-0.00599810757224	0.00354935814566	0.0373404331086	-0.0366487744853	0.0122201161267	-0.00840030416868	-0.0634737420323	-0.0288688261917	0.00850196925266	0.0191655505341	-0.0436900853393	0.0578613158708	-0.0254770832107	0.0184773819527	-0.0432160824951	-0.00914089802926
k__Bacteria;p__Proteobacteria;c__Betaproteobacteria;o__Burkholderiales;f__Sutterellaceae;g__Parasutterella;s__Parasutterella_excrementihominis	-0.017832753882	-0.033525066686	-0.00653640624038	0.0400699333979	0.0255550055353	0.0293647844726	-0.064787040979	-0.0224291628034	0.0362066629836	-0.0169464690518	-0.0655119978559	0.0541180554444	0.0239111211042	-0.0154717950531	0.036933122839	-0.0312198323211	-0.0279939122273	-0.0982421055496	-0.0263095751409	0.0151295527439	0.105558118216	0.00984404309517	1.0	0.000319249095615	-0.00625884249634	-0.00578373289668	-0.00352594378748	0.00615572849151	-0.0163494005269	-0.0116037358217	-0.0360387562519	-0.0348569343062	-0.0118248543357	-0.0518901167781	0.0653379889267	-0.0089709852499	-0.0512648080917	0.0415832897165	-0.0435920440708	-0.0153738398125	0.0142941568373	-0.0103095189187	-0.0551131397954	0.0567342922007	-0.0303822878838	-0.0144754410758	-0.011754298065	-0.0105235870817	0.0627294674767	-0.0726115539503	-0.043936615637	-0.0346549054564	0.0577782445021	-0.00636271481438	0.0198533821435	0.00488638500482	-0.0380408093656	-0.0411727360901	-0.0544944952839
k__Bacteria;p__Actinobacteria;c__Actinobacteria;o__Bifidobacteriales;f__Bifidobacteriaceae;g__Bifidobacterium;s__Bifidobacterium_adolescentis	-0.00479563187651	0.0136727678257	-0.0140298245457	-0.033115080436	0.0451678941128	0.0368284156486	-0.0125191506686	0.0371050845107	-0.000989058107546	0.0192482967872	-0.0112086243814	0.0137119782578	-0.0299707561596	-0.0800882059284	0.0178512634437	-0.0464871763314	-0.00166798521707	-0.0370247496938	-0.0471822570183	-0.062786437063	0.0251752100681	0.0406444074456	0.000319249095615	1.0	-0.101189022157	-0.00788064278485	-0.0405333322015	0.00472371566646	-0.0527572650435	0.0343871097154	-0.0251637378513	-0.0240690185515	0.0238987729917	0.027495043978	-0.0220823829388	-0.05117483046	-0.0629286933052	0.0292890379103	0.00453346419701	-0.0267836808023	-0.00280118153153	0.0222041092246	-0.0281807647141	0.0388265390391	0.0226191248921	0.0259550264954	0.0192625944412	-0.0519017519532	-0.0262087878178	0.0330149484089	0.0300268723922	0.00755947281879	-0.0628171030337	-0.0462563941649	0.0469090023425	-0.010167809647	0.00657188716339	-0.0690046866617	0.00740743304189
k__Bacteria;p__Firmicutes;c__Clostridia;o__Clostridiales;f__Oscillospiraceae;g__Oscillibacter;s__Oscillibacter_sp._KLE_1745	-0.0444793878139	0.0249602842824	-0.0314503748021	0.0501909030815	0.0167043998795	0.00358642798557	-0.014404496608	-0.0499514474475	0.0359838873668	0.030686424802	0.0365320264033	0.0226593123988	-0.0441280291159	-0.00638613426947	0.0223874673212	-0.0327799671367	-0.0297779992604	0.0342776141272	-0.0478517533126	-0.00475738146221	-0.0682864308905	-0.0253696780184	-0.00625884249634	-0.101189022157	1.0	-0.0177159732307	-0.0512730601211	-0.0168321276222	0.0259614914234	-0.0348731496396	0.0565495845132	0.0222353782346	-0.0342903037345	0.0874712878125	0.022420667414	0.0318958208196	-0.0575827973969	-0.00646640200883	0.0139605626387	0.0237365766445	-0.0534100355625	-0.0544810180392	-0.0294702196534	-0.0322067822884	0.0129558600472	-0.0683575263692	-0.020623778712	-0.0190528064946	0.00219203534052	-0.020590385903	-0.0246124097275	-0.0245295660989	-0.0110021154735	0.0696055259218	0.0264518748134	-0.0263891845951	0.0159456936081	-0.0495116768461	-0.0129535384756
k__Bacteria;p__Bacteroidetes;c__Bacteroidia;o__Bacteroidales;f__Bacteroidaceae;g__Bacteroides;s__Bacteroides_coprophilus	-0.0367773406872	-0.0149506874066	0.0577386653038	-0.0342070099941	-0.00648722512208	-0.0201668121548	0.0360538205934	-0.022578616342	0.0197304423661	-0.00778546347708	0.0354482420187	-0.0321841398436	-0.01910870456	-0.0683453944132	-0.0169501911281	0.0167388164409	-0.0634008643097	-0.0111009317334	0.0241719326674	-0.00378626878783	0.0175286390035	-0.0852016136894	-0.00578373289668	-0.00788064278485	-0.0177159732307	1.0	-0.0465146565288	0.0339165563774	0.0294907868133	-0.00515097104058	0.0102436141651	0.0263255558808	-0.0130108863271	-0.00366492808084	0.00288532889829	-0.0239800414333	0.0101488313889	0.00727488486945	0.0886858590657	-0.0270333441416	0.0232489684861	-0.0167196430226	-0.0134996087394	-0.0240423359155	0.0233801639417	-0.0150535510032	-0.0261832399971	-0.05484095497	0.0392431424559	-0.0281020494747	0.0274814813846	-0.0390260698449	-0.0369769396811	-0.0295693457047	0.0161963195899	0.0312333475922	0.0255401466315	-0.00397656756805	-0.0567450102598
k__Bacteria;p__Firmicutes;c__Clostridia;o__Clostridiales;f__Lachnospiraceae;g__Roseburia;s__Roseburia_intestinalis	0.0343436835294	0.018434795728	0.0339964458702	0.012783559402	-0.04298855368	-0.0324876075286	0.0143055815229	-0.0172119127547	-0.0298361348776	0.0255736669386	0.00443656590338	0.0226974569278	-0.0764729005026	0.0564873262561	-0.0126800946946	0.00611315099545	-0.00916360594181	0.0757677632217	0.0140372026783	0.0909974657094	-0.0609304376286	0.018305716872	-0.00352594378748	-0.0405333322015	-0.0512730601211	-0.0465146565288	1.0	-0.0119218369821	-0.0724486825547	-0.0181750078079	-0.0351913398064	0.00673811901383	-0.0125726768758	-0.000373001072951	-0.00969489861923	0.00583080049871	-0.0149411826624	-0.0431678803061	0.00611884963372	-0.0418525646265	-0.0140625656455	-0.0710409918154	-0.00420158299955	0.01147206427	0.0335009734165	-0.0163177279666	-0.00910988844555	-0.0353993418996	-0.00621694499037	0.0224498424931	0.0306924798053	0.0330100884882	0.00913824127229	-0.0260408190772	-0.0820384546214	-0.00505993706445	0.0134044508602	0.0319398091956	-0.0393060876155
k__Bacteria;p__Firmicutes;c__Clostridia;o__Clostridiales;f__Lachnospiraceae;g__Roseburia;s__Roseburia_hominis	0.0252018648801	0.0200294948071	0.00675432951675	0.00749553554071	-0.0317724820652	0.0227694920634	0.0132714042356	-0.00203068515063	-0.00621322930149	0.0210426347466	-0.00741097465056	-0.0422973646348	0.0305194201964	-0.0160746022877	0.00743943862765	0.00330715754251	-0.050862212361	0.0107235368021	-0.0262565664872	-0.0832740850275	0.00646690140242	-0.063815027004	0.00615572849151	0.00472371566646	-0.0168321276222	0.0339165563774	-0.0119218369821	1.0	-0.00968128695812	-0.00425377840068	-0.0420149524862	-0.0115503125969	-0.0212456518705	-0.0136919483185	-0.0252744857828	0.0299080575675	-0.0171832035834	-0.0144016396401	-0.0213654433989	-0.0655458821724	0.0392396914959	0.0342289936028	-0.0354976288589	-0.0314055355308	0.0130141716073	0.0510902191067	-0.0121402400222	-0.0464044801245	0.0247246653117	-0.0326227077728	0.0165811598395	0.0296025699413	-0.0131565056041	0.014778857133	-0.06172139712	-0.00893914123888	-0.00762909478373	0.0372728341683	-0.00282844055929
k__Bacteria;p__Bacteroidetes;c__Bacteroidia;o__Bacteroidales;f__Porphyromonadaceae;g__Parabacteroides;s__Parabacteroides_johnsonii	0.000609710940078	0.00849042031969	-0.0262082659203	0.000925038072061	0.0334949992044	-0.0146055218802	-0.00699372567017	0.00451400452334	-0.0199162608882	0.0559631274237	-0.0434712239603	0.0188521534692	0.0168574373902	0.0283515754586	-0.04866723108	0.0324082126517	0.000295480249796	-0.0252190174607	0.0283155976837	-0.0196524814322	-0.0300679293988	0.00796809966911	-0.0163494005269	-0.0527572650435	0.0259614914234	0.0294907868133	-0.0724486825547	-0.00968128695812	1.0	-0.0218964776272	0.0254255578116	0.0201230424579	-0.0207201148808	-0.0599815689396	-0.00730580498428	-0.0525951293285	-0.00543380991813	0.0324718416424	-0.049416465687	0.0174539170106	0.050791840792	-0.0402312539108	0.0163502932863	-0.0488385541973	-0.0498519783159	-0.0158569586985	-0.0717615978967	0.0280486023262	0.0129095493438	0.0324946785412	0.0516170155323	0.0523255577409	0.0125261770375	0.0660795920389	0.0566031413261	0.0282775756027	0.0293403028202	0.0183913226024	-0.0643591080171
k__Bacteria;p__Actinobacteria;c__Actinobacteria;o__Bifidobacteriales;f__Bifidobacteriaceae;g__Bifidobacterium;s__Bifidobacterium_longum	0.0075288904136	0.0155373104142	0.0336180180372	-0.0190784301729	-0.0155325239135	0.0314042469922	0.0259825797255	-0.0563137411071	-0.0103780732239	-0.0547647819162	0.0229320118784	-0.0512183706667	-0.04860598816	0.000558283003436	-0.00739976526532	0.025330910234	0.0205224819992	0.015659281728	-0.0247853917076	-0.0131776225304	-0.0164220815865	0.0342003383619	-0.0116037358217	0.0343871097154	-0.0348731496396	-0.00515097104058	-0.0181750078079	-0.00425377840068	-0.0218964776272	1.0	-0.00689039407006	-0.00967591173	0.0164511263326	-0.0119112378331	-0.0366895780043	0.0443999254495	-0.0430606628306	-0.038229412087	-0.0131785361018	0.00985985541288	-0.0115415453472	0.018342865254	0.00894160423275	0.0284648778884	-0.0428602934764	0.0149230227534	-0.0666215460613	-0.0276810024551	-0.0154518836479	0.0300655030008	0.00446001318857	-0.030351643236	0.0202754501772	0.00439824361249	0.0255688876379	0.0186027105935	0.0128167586749	-0.0227216658129	0.0372022287205
