#taxonomy	k__Bacteria;p__Bacteroidetes;c__Bacteroidia;o__Bacteroidales;f__Bacteroidaceae;g__Bacteroides;s__Bacteroides_vulgatus	k__Bacteria;p__Bacteroidetes;c__Bacteroidia;o__Bacteroidales;f__Bacteroidaceae;g__Bacteroides;s__Bacteroides_uniformis	k__Bacteria;p__Bacteroidetes;c__Bacteroidia;o__Bacteroidales;f__Rikenellaceae;g__Alistipes;s__Alistipes_putredinis	k__Bacteria;p__Bacteroidetes;c__Bacteroidia;o__Bacteroidales;f__Prevotellaceae;g__Prevotella;s__Prevotella_copri	k__Bacteria;p__Bacteroidetes;c__Bacteroidia;o__Bacteroidales;f__Bacteroidaceae;g__Bacteroides;s__Bacteroides_stercoris	k__Bacteria;p__Bacteroidetes;c__Bacteroidia;o__Bacteroidales;f__Bacteroidaceae;g__Bacteroides;s__Bacteroides_ovatus	k__Bacteria;p__Bacteroidetes;c__Bacteroidia;o__Bacteroidales;f__Rikenellaceae;g__Alistipes;s__Alistipes_shahii	k__Bacteria;p__Firmicutes;c__Clostridia;o__Clostridiales;f__Ruminococcaceae;g__Faecalibacterium;s__Faecalibacterium_prausnitzii	k__Bacteria;p__Bacteroidetes;c__Bacteroidia;o__Bacteroidales;f__Rikenellaceae;g__Alistipes;s__Alistipes_finegoldii	k__Bacteria;p__Bacteroidetes;c__Bacteroidia;o__Bacteroidales;f__Porphyromonadaceae;g__Parabacteroides;s__Parabacteroides_distasonis	k__Bacteria;p__Bacteroidetes;c__Bacteroidia;o__Bacteroidales;f__Bacteroidaceae;g__Bacteroides;s__Bacteroides_thetaiotaomicron	k__Bacteria;p__Bacteroidetes;c__Bacteroidia;o__Bacteroidales;f__Bacteroidaceae;g__Bacteroides;s__Bacteroides_coprocola	k__Bacteria;p__Bacteroidetes;c__Bacteroidia;o__Bacteroidales;f__Bacteroidaceae;g__Bacteroides;s__Bacteroides_cellulosilyticus	k__Bacteria;p__Bacteroidetes;c__Bacteroidia;o__Bacteroidales;f__Rikenellaceae;g__Alistipes;s__Alistipes_obesi	k__Bacteria;p__Firmicutes;c__Clostridia;o__Clostridiales;f__Lachnospiraceae;g__;s__[Eubacterium]_rectale	k__Bacteria;p__Bacteroidetes;c__Bacteroidia;o__Bacteroidales;f__Bacteroidaceae;g__Bacteroides;s__Bacteroides_plebeius	k__Bacteria;p__Bacteroidetes;c__Bacteroidia;o__Bacteroidales;f__Bacteroidaceae;g__Bacteroides;s__Bacteroides_fragilis	k__Bacteria;p__Proteobacteria;c__Betaproteobacteria;o__Burkholderiales;f__Sutterellaceae;g__Sutterella;s__Sutterella_wadsworthensis	k__Bacteria;p__Bacteroidetes;c__Bacteroidia;o__Bacteroidales;f__Porphyromonadaceae;g__Barnesiella;s__Barnesiella_intestinihominis	k__Bacteria;p__Bacteroidetes;c__Bacteroidia;o__Bacteroidales;f__Odoribacteraceae;g__Odoribacter;s__Odoribacter_splanchnicus	k__Bacteria;p__Bacteroidetes;c__Bacteroidia;o__Bacteroidales;f__Bacteroidaceae;g__Bacteroides;s__Bacteroides_salyersiae	k__Bacteria;p__Firmicutes;c__Clostridia;o__Clostridiales;f__Ruminococcaceae;g__Ruminiclostridium;s__[Eubacterium]_siraeum	k__Bacteria;p__Proteobacteria;c__Betaproteobacteria;o__Burkholderiales;f__Sutterellaceae;g__Parasutterella;s__Parasutterella_excrementihominis	k__Bacteria;p__Actinobacteria;c__Actinobacteria;o__Bifidobacteriales;f__Bifidobacteriaceae;g__Bifidobacterium;s__Bifidobacterium_adolescentis	k__Bacteria;p__Firmicutes;c__Clostridia;o__Clostridiales;f__Oscillospiraceae;g__Oscillibacter;s__Oscillibacter_sp._KLE_1745	k__Bacteria;p__Bacteroidetes;c__Bacteroidia;o__Bacteroidales;f__Bacteroidaceae;g__Bacteroides;s__Bacteroides_coprophilus	k__Bacteria;p__Firmicutes;c__Clostridia;o__Clostridiales;f__Lachnospiraceae;g__Roseburia;s__Roseburia_intestinalis	k__Bacteria;p__Firmicutes;c__Clostridia;o__Clostridiales;f__Lachnospiraceae;g__Roseburia;s__Roseburia_hominis	k__Bacteria;p__Bacteroidetes;c__Bacteroidia;o__Bacteroidales;f__Porphyromonadaceae;g__Parabacteroides;s__Parabacteroides_johnsonii	k__Bacteria;p__Actinobacteria;c__Actinobacteria;o__Bifidobacteriales;f__Bifidobacteriaceae;g__Bifidobacterium;s__Bifidobacterium_longum	k__Bacteria;p__Firmicutes;c__Clostridia;o__Clostridiales;f__;g__Flavonifractor;s__Flavonifractor_plautii	k__Bacteria;p__Firmicutes;c__Clostridia;o__Clostridiales;f__Clostridiaceae;g__Clostridium;s__Clostridium_phoceensis	k__Bacteria;p__Verrucomicrobia;c__Verrucomicrobiae;o__Verrucomicrobiales;f__Akkermansiaceae;g__Akkermansia;s__Akkermansia_muciniphila	k__Bacteria;p__Bacteroidetes;c__Bacteroidia;o__Bacteroidales;f__Prevotellaceae;g__Paraprevotella;s__Paraprevotella_xylaniphila	k__Bacteria;p__Firmicutes;c__Clostridia;o__Clostridiales;f__Ruminococcaceae;g__Ruminococcus;s__Ruminococcus_callidus	k__Bacteria;p__Bacteroidetes;c__Bacteroidia;o__Bacteroidales;f__Rikenellaceae;g__Alistipes;s__Alistipes_senegalensis	k__Bacteria;p__Firmicutes;c__Clostridia;o__Clostridiales;f__Lachnospiraceae;g__Blautia;s__Blautia_sp._KLE_1732	k__Bacteria;p__Bacteroidetes;c__Bacteroidia;o__Bacteroidales;f__Bacteroidaceae;g__Bacteroides;s__Bacteroides_oleiciplenus	k__Bacteria;p__Firmicutes;c__Clostridia;o__Clostridiales;f__Ruminococcaceae;g__Ruminococcus;s__Ruminococcus_bicirculans	k__Bacteria;p__Bacteroidetes;c__Bacteroidia;o__Bacteroidales;f__Bacteroidaceae;g__Bacteroides;s__Bacteroides_fluxus	k__Bacteria;p__Bacteroidetes;c__Bacteroidia;o__Bacteroidales;f__Prevotellaceae;g__Prevotella;s__Prevotella_stercorea	k__Bacteria;p__Firmicutes;c__Clostridia;o__Clostridiales;f__Lachnospiraceae;g__Dorea;s__Dorea_longicatena	k__Bacteria;p__Firmicutes;c__Clostridia;o__Clostridiales;f__Eubacteriaceae;g__Eubacterium;s__[Eubacterium]_eligens	k__Bacteria;p__Firmicutes;c__Clostridia;o__Clostridiales;f__Ruminococcaceae;g__;s__Ruminococcaceae_bacterium_D16	k__Bacteria;p__Firmicutes;c__Clostridia;o__Clostridiales;f__Lachnospiraceae;g__Coprococcus;s__Coprococcus_comes	k__Bacteria;p__Proteobacteria;c__Gammaproteobacteria;o__Enterobacterales;f__Enterobacteriaceae;g__Escherichia;s__Escherichia_coli	k__Bacteria;p__Firmicutes;c__Clostridia;o__Clostridiales;f__Ruminococcaceae;g__Anaerotruncus;s__Anaerotruncus_colihominis	k__Bacteria;p__Firmicutes;c__Clostridia;o__Clostridiales;f__Lachnospiraceae;g__Blautia;s__Blautia_obeum	k__Bacteria;p__Bacteroidetes;c__Bacteroidia;o__Bacteroidales;f__Odoribacteraceae;g__Odoribacter;s__Odoribacter_laneus	k__Bacteria;p__Firmicutes;c__Clostridia;o__Clostridiales;f__Ruminococcaceae;g__Ruminiclostridium;s__[Clostridium]_leptum	k__Bacteria;p__Bacteroidetes;c__Bacteroidia;o__Bacteroidales;f__Porphyromonadaceae;g__Parabacteroides;s__Parabacteroides_goldsteinii	k__Bacteria;p__Firmicutes;c__Clostridia;o__Clostridiales;f__Lachnospiraceae;g__Anaerostipes;s__Anaerostipes_hadrus	k__Bacteria;p__Firmicutes;c__Clostridia;o__Clostridiales;f__Ruminococcaceae;g__Ruminococcus;s__Ruminococcus_lactaris	k__Bacteria;p__Firmicutes;c__Clostridia;o__Clostridiales;f__Clostridiaceae;g__Clostridium;s__Clostridium_sp._L2-50	k__Bacteria;p__Firmicutes;c__Clostridia;o__Clostridiales;f__Clostridiaceae;g__Clostridium;s__Clostridium_sp._M62/1	k__Bacteria;p__Firmicutes;c__Clostridia;o__Clostridiales;f__;g__Intestinimonas;s__Intestinimonas_butyriciproducens	k__Bacteria;p__Actinobacteria;c__Actinobacteria;o__Bifidobacteriales;f__Bifidobacteriaceae;g__Bifidobacterium;s__Bifidobacterium_bifidum	k__Bacteria;p__Firmicutes;c__Negativicutes;o__Veillonellales;f__Veillonellaceae;g__Dialister;s__Dialister_invisus	k__Bacteria;p__Bacteroidetes;c__Bacteroidia;o__Bacteroidales;f__Bacteroidaceae;g__Bacteroides;s__Bacteroides_salanitronis
k__Bacteria;p__Bacteroidetes;c__Bacteroidia;o__Bacteroidales;f__Bacteroidaceae;g__Bacteroides;s__Bacteroides_vulgatus	1.0	-0.0189609156376	0.00870927631727	-0.0839148106225	0.0427342041398	0.0355616295612	-0.0866371873159	-0.001973268423	0.0363556278928	-0.0452261775172	0.0014390554505	0.0709313955663	-0.0366364318335	0.0433801168095	-0.0366058673617	-0.0213262381612	-0.0178955847892	-0.00178843195869	0.00603646626589	-0.0274450361925	-0.0197046277312	-0.0608067830316	-0.0389516223131	-0.0719249945098	0.00444966985679	0.0111171996726	-0.054447401056	-0.0214732170202	-0.00774173253561	0.00430800923033	0.0206503639796	0.00112820476438	-0.00492753355348	0.00346347910065	0.0171736832239	-0.00899137572705	0.0491737195667	-0.023144298266	-0.0311866870748	-0.0561030634319	-0.00298152684347	0.0903822658275	0.00573953038028	-0.0138587773286	0.0549256792586	-0.0499417045829	-0.0419648256813	-0.00907280250349	-0.0296718170324	-0.0158345544351	0.00716287570722	-0.0272275110058	-0.0598002792482	-0.00787910026458	0.0186853432853	-0.0251084540475	-0.0787248437669	0.0395028132271	0.0111663958333
k__Bacteria;p__Bacteroidetes;c__Bacteroidia;o__Bacteroidales;f__Bacteroidaceae;g__Bacteroides;s__Bacteroides_uniformis	-0.0189609156376	1.0	-0.046484240106	-0.100440699992	-0.0362980879514	-0.0499567874791	0.0241499895065	0.0559396598218	-0.0267578556692	-0.0111393162453	-0.0375075105207	-0.0082516821135	-0.021095256171	0.00824331987697	0.0272036975726	0.0411481138363	-0.00466453198998	-0.0405559012019	-0.0519350744238	0.0367447246349	0.083185313611	-0.0260409848106	-0.0495097169916	-0.0225340159563	0.0176384002832	-0.0176727223211	0.00749194680041	0.017251637761	-0.0526792037739	0.000199654338021	0.00986296256342	-0.0191151763456	-0.0578529889559	0.0264216747474	-0.00860098492476	-0.0519700558125	0.0134724866588	-0.0718432230144	0.0309771540015	-0.0559049049041	-0.0226400106478	-0.0374205683751	0.00956241272486	-0.0575411178528	0.0144238918101	-0.000931954804399	-0.0185977149989	0.0391331701387	0.0671666277932	-0.0380362726717	-0.0024816172252	0.0322749182517	-0.0757966737445	0.0252366083701	0.0394702495899	0.0761443525499	0.0522694940269	-0.0584836492431	-0.0493797251464
k__Bacteria;p__Bacteroidetes;c__Bacteroidia;o__Bacteroidales;f__Rikenellaceae;g__Alistipes;s__Alistipes_putredinis	0.00870927631727	-0.046484240106	1.0	-0.0454570845483	0.0135983126036	-0.00668532675998	-0.0562850747631	0.0480382130437	-0.0749358717446	-0.0276765136951	0.0225763122661	-0.00133076100642	-0.0125379192971	-0.0356909275657	0.00592211892499	-0.0399370748678	0.0128784393859	-0.0283667538541	0.0129979604269	-0.0322812947447	-0.0645663159177	0.0272014006512	-0.0689413047618	0.00388237090749	0.0463445754081	-0.0131754125966	-0.0245956838703	0.0513793250608	-0.00665244464904	4.29312241407e-05	-0.0127987465964	0.0295723713122	0.0140059369689	-0.00534880048203	-0.0141685965613	0.0255725874958	0.00208108715098	0.0156662746375	-0.0164592200725	-0.0338043015559	-0.00988003462741	0.0349757975745	-0.0120039635697	0.0330219330057	-0.0480619723071	-0.0169118175902	0.0435262918811	-0.0253324871453	-1.81692117677e-05	-0.0820227133691	-0.00439596764715	-0.023227994392	0.000728744203933	-0.0293302633277	-0.0134188615338	0.0591793769003	-0.0355450519818	-0.0263759598302	0.0835205169572
k__Bacteria;p__Bacteroidetes;c__Bacteroidia;o__Bacteroidales;f__Prevotellaceae;g__Prevotella;s__Prevotella_copri	-0.0839148106225	-0.100440699992	-0.0454570845483	1.0	-0.0118427014119	-0.0553423885875	-0.0235257584936	0.043860527791	0.00159104021191	0.0143936931386	0.00910022457421	-0.0538454340449	-0.00273557164204	0.0252853434718	0.000281784669729	-0.0437333765104	-0.0137683291721	-0.0160486830898	0.00173751829123	-0.0587211271074	-0.00258231790597	0.0250253531518	-0.0143267465467	0.0534933643206	0.0213210311024	-0.0382060298617	0.0135943394417	-0.0624590590201	0.0353812706522	-0.0329415941763	-0.0678611106992	-0.00991112206011	0.0498237509447	0.0492311623766	-0.0188890623342	0.033055204436	0.0323978313512	0.0285768742256	-0.0137321645701	0.0132107450939	0.0135938223513	-0.0273856173095	0.0162599621634	-0.075179113156	0.0794306930819	0.0534764149377	-0.0235531787177	-0.101017702753	-0.0334053745147	-0.0209273985492	-0.0121004896014	0.00662457569556	-0.00699446895874	-0.0178962640898	0.0030819357716	-0.00312318269571	-0.0045431135865	0.0388398110247	0.00465250361166
k__Bacteria;p__Bacteroidetes;c__Bacteroidia;o__Bacteroidales;f__Bacteroidaceae;g__Bacteroides;s__Bacteroides_stercoris	0.0427342041398	-0.0362980879514	0.0135983126036	-0.0118427014119	1.0	0.0584926083401	-0.0246470977387	-0.0380149440349	-0.0269152728561	0.00366850012837	0.00696547644815	-0.0551608734548	-0.0730908554657	0.0441988625909	0.00424917475183	0.00655177525635	0.031494906994	0.0119218296006	-0.0362566685836	-0.00475261757395	0.0327268170961	0.0222701766905	0.0516529347089	-0.00714889627716	0.0468128190878	0.00408230571842	0.0274596396518	0.0153375027298	-0.02713092514	-0.0110536058674	0.0217978461716	-0.0102423203115	0.022425829431	-0.0502066125309	0.0285385536225	-0.0622619769151	-0.0254875400622	-0.0187383151382	0.0495650057653	0.00242812864709	0.00426946090473	-0.0560406716809	0.0101832382652	0.0264443959262	0.0180668464281	0.0394545434218	-0.0292758057373	0.00474428186635	-0.011683643052	-0.0479869721418	-0.0643879922539	-0.0150503020858	-0.019004938614	-0.0173189259934	-0.0100057868312	-0.00646599801182	0.0033615639866	0.0261670283193	0.0105895213065
k__Bacteria;p__Bacteroidetes;c__Bacteroidia;o__Bacteroidales;f__Bacteroidaceae;g__Bacteroides;s__Bacteroides_ovatus	0.0355616295612	-0.0499567874791	-0.00668532675998	-0.0553423885875	0.0584926083401	1.0	-5.77395258529e-05	0.0585428868184	0.0144655084519	-0.0588116943743	0.0130943131687	-0.0489035944051	-0.0376234119264	0.0434587201134	0.0137101300882	0.0180503683723	-0.020039059519	0.0117834687281	-0.00202773538694	0.0028797597186	-0.0432143020651	-0.0500948929096	-0.0431860868313	0.00151697697471	-0.00398244074114	0.00606818232438	0.0154423439525	-0.0369836520842	-0.0690063496207	-0.000353819039413	-0.0476531444182	0.00663353168259	-0.0124808355049	-0.0289299227745	0.0549225173907	-0.0607399092358	-0.0212742830074	-0.0229837214806	0.0116842407291	-0.0233629464336	0.0253215069604	0.0168574081623	0.0278949138324	-0.0447116417728	0.0256752087825	-0.0252747164625	-0.0338802046969	-0.00610832013999	0.0458335969345	0.0279691856935	0.0207233200309	-0.0220289712823	-0.0156698594663	0.0213117192443	-0.0297738360581	-0.0601553089304	-0.0042223900907	-0.00234844144298	0.0124358171507
k__Bacteria;p__Bacteroidetes;c__Bacteroidia;o__Bacteroidales;f__Rikenellaceae;g__Alistipes;s__Alistipes_shahii	-0.0866371873159	0.0241499895065	-0.0562850747631	-0.0235257584936	-0.0246470977387	-5.77395258531e-05	1.0	0.0590218349723	-0.0194608633763	-0.0411202888859	-0.0051336763428	0.0244565694401	-0.0331382855789	0.00839857150217	-0.0195073075785	0.0150299234022	0.0236702652844	-0.0153473253361	-0.0309844747831	-0.023623302823	-0.0460099026472	0.0146995828664	-0.0966006474174	0.0325147322038	-0.0430312522438	-0.0402613162619	-0.0122335260295	0.00122356183879	0.00772734584946	-0.0188841260267	0.012716495829	-0.0299775663199	-0.016253066275	-0.0502119952968	-0.040488121977	0.0164924616536	0.0117320119914	0.00385945447176	-0.0051227980637	0.0597233057309	0.00277604937529	-0.032522785806	0.0143382465232	-0.01902547902	-0.0551909365496	-0.059322284921	0.0102383966669	-0.0752869304311	0.00775073151512	-0.00701570367114	0.0114691936842	0.0225787201549	-0.00652000888247	0.0330617277218	-0.0954108468481	0.0159633582884	0.0117130071055	0.044992476077	-0.0298482129219
k__Bacteria;p__Firmicutes;c__Clostridia;o__Clostridiales;f__Ruminococcaceae;g__Faecalibacterium;s__Faecalibacterium_prausnitzii	-0.001973268423	0.0559396598218	0.0480382130437	0.043860527791	-0.0380149440349	0.0585428868184	0.0590218349723	1.0	0.0848565843027	-0.0222948330466	0.0369431851953	-0.0313320800817	-0.0542652381697	-0.0670980156901	0.000999419481623	-0.0273331213303	0.0360382723164	-0.0386045639619	0.0180733243626	-0.00108690227745	-0.0576118184985	-0.0484067251554	-0.0470926350192	-0.0183539620485	-0.0288384982847	-0.0221885840799	-0.00316909956713	0.0512295146732	-0.0258037357698	-0.0542764569828	-0.0315973199629	-0.0314254703661	-0.0513972609494	0.00685891308863	0.0199284842426	0.0220571772546	0.0487801566713	-0.013469367177	-0.101943421377	0.0556104360183	-0.0254034908438	-0.107050111304	0.00525522930666	-0.041660927323	-0.0527782563047	0.0176640396772	-0.0755026206286	-0.0226018532444	-0.0136580364084	0.0252056424509	-0.0305390613651	0.000620118424254	-0.0176774462183	0.0420102309092	-0.0435129010097	-0.00835956224109	-0.0256977865131	-0.0558755882439	0.00342285480955
k__Bacteria;p__Bacteroidetes;c__Bacteroidia;o__Bacteroidales;f__Rikenellaceae;g__Alistipes;s__Alistipes_finegoldii	0.0363556278928	-0.0267578556692	-0.0749358717446	0.00159104021191	-0.0269152728561	0.0144655084519	-0.0194608633763	0.0848565843027	1.0	0.00507725002266	-0.00195023392777	-0.0176223957123	0.0229607391042	-0.00824608864359	-0.0111027093925	0.0282008029525	-0.0169707639601	-0.0247367780489	-0.000312634496945	-0.000778326380696	-0.0412970247713	-0.0169777077925	-0.0235125213537	0.0880011046405	-0.0196426627803	-0.0853691428698	-0.0101696924593	-0.0176226420271	-0.0714467411022	-0.00787105742468	0.00726762928759	0.0115211962448	-0.0133758436803	0.0130604245778	-0.00213992347502	0.00870573551767	0.0207832563232	-0.0267153501018	-0.0685019034207	0.00138997680077	-0.0813415088857	-0.0246734832286	-0.0131344495231	-0.0534169913879	-0.0319163180189	-0.0278368637909	-0.027316144086	-0.0264616972329	0.000594758561873	0.0504014708412	-0.106364604798	-0.00133922476781	-0.0351501136452	-0.00738223685837	0.00656474793395	-0.0271586113977	-0.0103523544362	-0.0167366223754	-0.0197077986469
k__Bacteria;p__Bacteroidetes;c__Bacteroidia;o__Bacteroidales;f__Porphyromonadaceae;g__Parabacteroides;s__Parabacteroides_distasonis	-0.0452261775172	-0.0111393162453	-0.0276765136951	0.0143936931386	0.00366850012837	-0.0588116943743	-0.0411202888859	-0.0222948330466	0.00507725002266	1.0	-0.00933038342608	-0.0376856296943	0.0149959790222	0.0559745501415	-0.0458842633648	0.0624721127817	0.0423328973987	0.00312172395044	-0.00461855289941	-0.0411595482001	-0.0118408880071	0.0615752393589	-0.00352375513424	-0.0443570487912	0.0171493725046	-0.0440024971799	0.0438094958282	0.0190805308655	-0.0209575439175	0.00618391939088	0.0615057378466	0.0181854759261	-0.0201583698462	0.0309262180445	0.0450974743197	-0.0300731561847	-0.0446325972788	0.0341044606916	-0.0251937192813	-0.0454318513062	-0.0292734175284	-0.0186970321755	-0.0340089058464	-0.0342137134542	0.0276713098931	-0.0138820806962	0.00297197265255	0.030225208983	-0.0472173351916	-0.0490079728739	0.0181874402683	0.00288025894661	-0.0189831339135	-0.0295842506588	-0.0279859275454	0.0606987419217	-0.00446487286744	-0.0412725105105	-0.0131255685907
k__Bacteria;p__Bacteroidetes;c__Bacteroidia;o__Bacteroidales;f__Bacteroidaceae;g__Bacteroides;s__Bacteroides_thetaiotaomicron	0.0014390554505	-0.0375075105207	0.0225763122661	0.00910022457421	0.00696547644815	0.0130943131687	-0.0051336763428	0.0369431851953	-0.00195023392777	-0.00933038342608	1.0	-0.0300851717621	-0.00739414137394	-0.00308168818631	-0.0108964266588	-0.0555609052277	-0.0387271346983	-0.0418351031318	-0.0461202504349	-0.0193368055492	-0.0212778201318	-0.0152570424979	0.0157857203329	0.0159265358832	-0.0542598819246	-0.000913605063565	0.0507476248486	0.0621426385989	-0.0399505462868	0.0458919555176	-0.0433196135311	-0.00782263789714	-0.0185803658933	0.00170716277478	-0.025190243165	0.0600336544321	0.0590796459861	-0.0277883042011	-0.0427725544652	0.0560443019218	0.0193380835959	-0.0293274461749	0.0315153598125	-0.0774322186963	-0.0505508865409	-0.0108870575234	0.00210731517275	-0.0241402549333	-0.072491775323	-0.00997250820147	-0.0422327687982	-0.0102212879101	0.0277954262041	0.0426684684984	-0.0369194875943	0.00892284413521	-0.0498543047782	-0.0755210796059	0.0137978838968
k__Bacteria;p__Bacteroidetes;c__Bacteroidia;o__Bacteroidales;f__Bacteroidaceae;g__Bacteroides;s__Bacteroides_coprocola	0.0709313955663	-0.0082516821135	-0.00133076100642	-0.0538454340449	-0.0551608734548	-0.0489035944051	0.0244565694401	-0.0313320800817	-0.0176223957123	-0.0376856296943	-0.0300851717621	1.0	0.0207294933985	0.00608817184788	-0.0721905025479	0.00491659476633	0.00513030028949	0.0191437913255	-0.0449143500488	-0.0279391560132	-0.0266604874961	-0.0361121938924	-0.0353563070056	-0.0563486824299	-0.0462705562454	0.0104178324888	-0.0388438268095	0.0156521242546	-0.0426044198464	0.0218161154887	0.0115594770292	-0.0425792091908	-0.0251221149628	-0.000676158421262	0.0233499796161	-0.0101319257927	-0.0427702308858	0.0172322393748	-0.0111053137595	0.0118554493078	-0.0181946829557	-0.00792420917522	-0.00154457007465	0.0131795974002	0.0315179421262	-0.0336994619392	-0.052254803941	0.0529545190059	0.0271487244229	-0.0403428941276	0.00726120215699	0.0411191071477	0.0203289587382	0.0626755568725	0.0178579108184	-0.0484181567698	-0.076292563574	-0.0102995203711	-0.0490859029807
k__Bacteria;p__Bacteroidetes;c__Bacteroidia;o__Bacteroidales;f__Bacteroidaceae;g__Bacteroides;s__Bacteroides_cellulosilyticus	-0.0366364318335	-0.021095256171	-0.0125379192971	-0.00273557164204	-0.0730908554657	-0.0376234119264	-0.0331382855789	-0.0542652381697	0.0229607391042	0.0149959790222	-0.00739414137394	0.0207294933985	1.0	-0.058847989534	-0.0445079908372	-0.0452787471732	-0.0271170661963	-0.0227400338903	0.0674536541321	0.0120622021063	-0.0852962063902	-0.00770553929914	0.00240383790142	0.0494440612077	-0.00375597292762	0.0131590239855	-0.00655719188182	0.0397031433154	0.027102232717	0.0637468718198	-0.0314466459426	-0.0205892595753	-0.0287482969796	0.0136767268737	0.0318412711184	0.027636615773	0.0242478165855	-0.0108097160468	-0.0216718591721	-0.00275371584269	-0.039342085844	-0.0423949467224	0.000922720336468	-0.0591417622922	0.00903302491331	0.0729605239915	0.0305272149699	-0.0718969746564	-0.0109877490256	-0.0775828813822	-0.0461280863168	0.0519647625154	-0.0151798426933	0.110600036579	-0.0150987339867	0.0334467573844	-0.0190441846577	-0.0307577913502	0.0435682246882
k__Bacteria;p__Bacteroidetes;c__Bacteroidia;o__Bacteroidales;f__Rikenellaceae;g__Alistipes;s__Alistipes_obesi	0.0433801168095	0.00824331987697	-0.0356909275657	0.0252853434718	0.0441988625909	0.0434587201134	0.00839857150217	-0.0670980156901	-0.00824608864359	0.0559745501415	-0.00308168818631	0.00608817184788	-0.058847989534	1.0	0.00381678565089	-0.0430116608262	-0.0217037656428	0.0386557792689	-0.0294495581539	-0.013142324078	-0.0586102593212	-0.0719224588119	-0.0220876740578	-0.0338296454416	0.0198736372234	-0.0447253257456	0.0634476858647	0.00359014611476	-0.0386887304714	0.0178110088615	-0.0430634373332	-0.0188874411551	0.0654428307887	0.0310808703453	0.0202824492972	-0.0624820586013	0.0197855359141	0.0014347117686	-0.0959271215135	0.0219920853878	0.0158647816052	-0.0124814100359	0.020072616368	-0.0258327025641	-0.0273097113588	-0.0128660734156	0.0290819468851	-0.0606537075218	-0.0430805237096	0.0143331832496	-0.068758666312	-0.00856466624986	-0.0225747421742	-0.0187294913786	0.0560096488752	-0.0813103928796	0.0252884264855	-0.0627667668783	-0.00257476071658
k__Bacteria;p__Firmicutes;c__Clostridia;o__Clostridiales;f__Lachnospiraceae;g__;s__[Eubacterium]_rectale	-0.0366058673617	0.0272036975726	0.00592211892499	0.000281784669729	0.00424917475183	0.0137101300882	-0.0195073075785	0.000999419481623	-0.0111027093925	-0.0458842633648	-0.0108964266588	-0.0721905025479	-0.0445079908372	0.00381678565089	1.0	0.0102448894232	0.0822463369701	-0.0240305070573	-0.0433072756935	-0.0524114301681	-0.0174091240566	-0.0422705339349	0.0320299540458	-0.0538911244677	0.00796161154182	0.0108870891493	-0.0269046668787	-0.0508995121757	-0.00250534264682	0.0321437491191	-0.00323792937419	0.0275242668677	-0.0110472806038	-0.0417557841854	0.000394035084147	-0.000794257281774	-0.0188583667961	0.00449364515105	-0.0231798438337	0.00673042443554	0.0131388700641	0.0283609885701	0.0763028818069	-0.00788817498169	-0.0432151286517	0.0329749801081	-0.0537152327381	0.0244566956652	-0.0260377733021	-0.0803590222046	0.00752031096432	0.0141086663427	-0.0138607167929	0.0179926419731	0.00126499142632	0.0583778553949	-0.0090357444229	-0.0180858909437	-0.0061234154935
k__Bacteria;p__Bacteroidetes;c__Bacteroidia;o__Bacteroidales;f__Bacteroidaceae;g__Bacteroides;s__Bacteroides_plebeius	-0.0213262381612	0.0411481138363	-0.0399370748678	-0.0437333765104	0.00655177525635	0.0180503683723	0.0150299234022	-0.0273331213303	0.0282008029525	0.0624721127817	-0.0555609052277	0.00491659476633	-0.0452787471732	-0.0430116608262	0.0102448894232	1.0	-0.0334258493274	0.0424479845374	0.0275711412499	0.00757088900795	-0.0649520947042	-0.0144415385877	-0.0298131736583	-0.0028753381619	-0.0023973803526	-0.0127921518749	-0.0569652139653	-0.0492235662039	0.023924556873	-0.00707808713424	-0.0208205076379	0.0367004049492	-0.0122701896922	-0.00408838514867	0.0486172751727	-0.039109491287	-0.0248017837989	0.0140615919638	-0.0219281913564	-0.0734730193838	-0.0131921313333	0.0308486406627	-0.0264038671443	0.0293527016636	0.0121860619015	0.0150502234344	-0.103839981631	-0.0747885358395	0.0542369090532	-0.0744531164165	0.0123331497572	-0.010772926228	-0.0462130391745	0.0128038681317	-0.0750247558293	-0.0196969306094	0.0476935382039	0.0141326570957	0.0131012868769
k__Bacteria;p__Bacteroidetes;c__Bacteroidia;o__Bacteroidales;f__Bacteroidaceae;g__Bacteroides;s__Bacteroides_fragilis	-0.0178955847892	-0.00466453198998	0.0128784393859	-0.0137683291721	0.031494906994	-0.020039059519	0.0236702652844	0.0360382723164	-0.0169707639601	0.0423328973987	-0.0387271346983	0.00513030028949	-0.0271170661963	-0.0217037656428	0.0822463369701	-0.0334258493274	1.0	0.0331225853414	-0.0616034176232	-0.027688570593	-0.0341081287116	-0.0338709429009	0.00948167802134	-0.0206165715467	0.00317477900203	-0.0292595088766	-0.0079151271742	0.0239623385383	-0.016237975668	-0.078900219494	-0.0177076456302	-0.0232124577829	-0.00881560033029	-0.00725952584271	0.0395528921161	0.0538655425254	-0.0198980892815	0.0438306485698	0.0282986975899	-0.00626893849178	0.0119210631297	0.00599185248593	-0.0128893003176	0.0644794333498	-0.0683831449638	0.0143991303289	-0.0337716859865	-0.0520957215463	0.000156811869505	0.058472204563	0.0353497329575	-0.0414043339245	-0.0106117059162	-0.00747703228168	-0.0511685522451	-0.0486977456497	-0.0203045938314	0.0311723146569	-0.0119511582939
k__Bacteria;p__Proteobacteria;c__Betaproteobacteria;o__Burkholderiales;f__Sutterellaceae;g__Sutterella;s__Sutterella_wadsworthensis	-0.00178843195869	-0.0405559012019	-0.0283667538541	-0.0160486830898	0.0119218296006	0.0117834687281	-0.0153473253361	-0.0386045639619	-0.0247367780489	0.00312172395044	-0.0418351031318	0.0191437913255	-0.0227400338903	0.0386557792689	-0.0240305070573	0.0424479845374	0.0331225853414	1.0	-0.0197076019997	-0.0279241021892	0.0254322767509	0.0127571381649	0.016924736149	-0.0321571280721	-0.0201284282555	-0.0366886163331	-0.0556330167426	-0.0159267121303	0.0226316914141	-0.0261519369463	-0.02629405667	-0.00563329034993	0.0181419079801	-0.00131137040888	-0.0399907824433	-0.0288059136275	0.0286734589079	0.0307755644051	-0.020620608999	-0.0762732945005	0.053439328399	0.0285707193477	0.00832861044856	0.00632022886608	0.0626309468081	-0.0327106292072	0.0299343037955	-0.103233725646	-0.0943643574962	0.0378634856556	0.00689894098903	0.0313961097257	0.0680695784956	0.0699954828288	0.0173066063188	-0.0372986626719	-0.0282084048003	-0.0184655672543	0.00810744785588
k__Bacteria;p__Bacteroidetes;c__Bacteroidia;o__Bacteroidales;f__Porphyromonadaceae;g__Barnesiella;s__Barnesiella_intestinihominis	0.00603646626589	-0.0519350744238	0.0129979604269	0.00173751829123	-0.0362566685836	-0.00202773538694	-0.0309844747831	0.0180733243626	-0.000312634496945	-0.00461855289941	-0.0461202504349	-0.0449143500488	0.0674536541321	-0.0294495581539	-0.0433072756935	0.0275711412499	-0.0616034176232	-0.0197076019997	1.0	-0.027109090663	-0.0473341123605	0.0182510809902	0.0210383600618	0.00478227814911	0.0223474032238	0.0511812941581	-0.0377895650653	0.0488209341355	-0.0183601204636	0.00846942327123	-0.0215756022108	0.0519722452717	-0.0721425003116	-0.005691810719	-0.0328144134131	-0.0179341212326	-0.0227603134926	-0.0108668204743	-0.00234702293254	0.0146481128193	-0.0411116844532	-0.058721483864	0.0137128208847	-0.0920824733088	-0.0197151511585	0.00106403918544	-0.00155736494117	-0.00345792688907	-0.0209242545307	-0.0231378557679	0.0272817010546	-0.00587060056759	-0.00426898343114	-0.00472676613722	-0.049258744904	0.0688634126625	0.0324980049214	-0.0133230878953	-0.00898833840733
k__Bacteria;p__Bacteroidetes;c__Bacteroidia;o__Bacteroidales;f__Odoribacteraceae;g__Odoribacter;s__Odoribacter_splanchnicus	-0.0274450361925	0.0367447246349	-0.0322812947447	-0.0587211271074	-0.00475261757395	0.0028797597186	-0.023623302823	-0.00108690227745	-0.000778326380696	-0.0411595482001	-0.0193368055492	-0.0279391560132	0.0120622021063	-0.013142324078	-0.0524114301681	0.00757088900795	-0.027688570593	-0.0279241021892	-0.027109090663	1.0	-0.0391931310368	-0.0393996411044	0.00124548731165	-0.0755159032666	-0.0206387816571	0.0659970945283	-0.0475269041621	0.00969325783808	-0.0278796168476	-0.0190823050721	-0.0179681478634	-0.010656579264	0.0167188547487	-0.0378214479268	-0.0573401593542	-0.0127679546457	-0.0097433848341	0.0319891060336	-0.0673807210338	0.0369968647416	-0.0315599947549	-0.0191231876507	-0.00161707138461	-0.0398312796821	-0.040456483138	-0.0195409560423	0.0469805354151	0.0300229130964	0.0228761291101	0.0286539851307	0.0461570301012	-0.0601213440793	0.0379303958112	-0.0913343926635	0.00403324006655	-0.000484541485282	-0.00422998929847	0.0190918199689	-0.059400289779
k__Bacteria;p__Bacteroidetes;c__Bacteroidia;o__Bacteroidales;f__Bacteroidaceae;g__Bacteroides;s__Bacteroides_salyersiae	-0.0197046277312	0.083185313611	-0.0645663159177	-0.00258231790597	0.0327268170961	-0.0432143020651	-0.0460099026472	-0.0576118184985	-0.0412970247713	-0.0118408880071	-0.0212778201318	-0.0266604874961	-0.0852962063902	-0.0586102593212	-0.0174091240566	-0.0649520947042	-0.0341081287116	0.0254322767509	-0.0473341123605	-0.0391931310368	1.0	-0.0103837050195	-0.0456628956521	-0.0731719191298	-9.65532424585e-05	-0.00583775902614	-0.0049742283354	0.00106583449154	-0.00975086341239	0.000893733675645	0.0341735370939	0.0379298607409	0.0560115260739	0.00481636726359	-0.0685871883311	-0.012793398571	0.00352290306222	-0.0448781757397	0.0796202655269	-0.0158302263548	0.00930408507616	0.0207496875669	-0.0286008431551	-0.0264794868262	-0.0274784140689	0.037252192963	0.0414531787195	0.0150819271981	-0.0142911295701	-0.000938586963697	-0.00720976220193	-0.0323800358206	-0.0155039854012	0.018377892073	0.0398197862959	-0.00151124970244	0.053009036787	-0.0179882413047	0.0617394431952
k__Bacteria;p__Firmicutes;c__Clostridia;o__Clostridiales;f__Ruminococcaceae;g__Ruminiclostridium;s__[Eubacterium]_siraeum	-0.0608067830316	-0.0260409848106	0.0272014006512	0.0250253531518	0.0222701766905	-0.0500948929096	0.0146995828664	-0.0484067251554	-0.0169777077925	0.0615752393589	-0.0152570424979	-0.0361121938924	-0.00770553929914	-0.0719224588119	-0.0422705339349	-0.0144415385877	-0.0338709429009	0.0127571381649	0.0182510809902	-0.0393996411044	-0.0103837050195	1.0	-0.0359100267189	0.0531060094179	-0.0127096415191	-0.0580449839742	0.034031678464	0.0143977503233	-0.0104878824309	0.00120644975496	0.00784082594499	0.0452932686001	0.0046535125646	-0.0676801439438	0.0354968931616	-0.00195537448217	-0.000600983823607	0.00475512320153	-0.00423170851139	-0.03602410918	0.00343828828728	0.0160834005542	-0.0231286866194	0.0204134571803	-0.0628838664327	0.00188881270796	0.0386491838674	-0.0525163865785	0.0124248459786	-0.0241881256074	0.00427595346948	0.0665240974439	0.0571674329616	0.0795295277102	-0.0340084029687	-0.0366704599509	-0.049326218661	0.00934585214999	0.000316991224559
k__Bacteria;p__Proteobacteria;c__Betaproteobacteria;o__Burkholderiales;f__Sutterellaceae;g__Parasutterella;s__Parasutterella_excrementihominis	-0.0389516223131	-0.0495097169916	-0.0689413047618	-0.0143267465467	0.0516529347089	-0.0431860868313	-0.0966006474174	-0.0470926350192	-0.0235125213537	-0.00352375513424	0.0157857203329	-0.0353563070056	0.00240383790142	-0.0220876740578	0.0320299540458	-0.0298131736583	0.00948167802134	0.016924736149	0.0210383600618	0.00124548731165	-0.0456628956521	-0.0359100267189	1.0	0.0436077893532	-0.0907713602937	-0.0725134600185	0.00529962828041	-0.00467511967894	0.0213901782973	-0.05900975105	-0.0675615212836	-0.027411977896	-0.0255850141177	-0.0141320068818	-0.0642712830111	-0.0496516350366	0.0357675415395	-0.0443129601641	-0.0367852034276	-0.000967303357235	-0.039927279827	-0.011257701075	0.0176146127297	0.0872069383675	0.0496735696768	0.0127373413771	0.0280397839159	0.0143884491957	0.0261901217643	-0.011698149275	0.0177848355553	-0.0592387622238	0.0405267947054	0.00625878955872	-0.02693215977	0.023321567347	-0.0412375674717	-0.00253734513522	-0.0253231208258
k__Bacteria;p__Actinobacteria;c__Actinobacteria;o__Bifidobacteriales;f__Bifidobacteriaceae;g__Bifidobacterium;s__Bifidobacterium_adolescentis	-0.0719249945098	-0.0225340159563	0.00388237090749	0.0534933643206	-0.00714889627716	0.00151697697471	0.0325147322038	-0.0183539620485	0.0880011046405	-0.0443570487912	0.0159265358832	-0.0563486824299	0.0494440612077	-0.0338296454416	-0.0538911244677	-0.0028753381619	-0.0206165715467	-0.0321571280721	0.00478227814911	-0.0755159032666	-0.0731719191298	0.0531060094179	0.0436077893532	1.0	-0.0563957245053	-0.0250532515485	0.0520312017941	0.0153882416532	-0.0034238659185	-0.00417730162637	0.029347890336	-0.00784343153713	0.0347759926076	-0.082602150549	0.0204451182508	-0.0240410974544	0.040590632183	-0.0120115708278	0.0474262374564	-0.0600511923918	0.0334182897177	-0.0407229278715	-0.0489933825104	0.0379225709476	-0.0269569978512	-0.0471101482312	0.0508458227222	0.0442696481355	0.0247229412262	-0.0131719572414	-0.0740871782681	-0.011086225359	-0.000672175156761	-0.0360616031905	0.00712228009863	0.00566312442183	-0.0144504023323	-0.021074456853	0.0133114431479
k__Bacteria;p__Firmicutes;c__Clostridia;o__Clostridiales;f__Oscillospiraceae;g__Oscillibacter;s__Oscillibacter_sp._KLE_1745	0.00444966985679	0.0176384002832	0.0463445754081	0.0213210311024	0.0468128190878	-0.00398244074114	-0.0430312522438	-0.0288384982847	-0.0196426627803	0.0171493725046	-0.0542598819246	-0.0462705562454	-0.00375597292762	0.0198736372234	0.00796161154182	-0.0023973803526	0.00317477900203	-0.0201284282555	0.0223474032238	-0.0206387816571	-9.65532424585e-05	-0.0127096415191	-0.0907713602937	-0.0563957245053	1.0	0.00715953051121	-0.00685765003033	-0.0536935521834	-0.0162283275986	-0.015922986103	-0.00521844914583	0.00471561574208	0.0080672155205	0.010813498701	0.00477018835043	-0.0126593847969	0.0328279073884	0.0159962863874	-0.0398268504457	-0.0356652692965	-0.02147006136	-0.0416611875605	-0.0201659949925	-0.0145247201813	-0.056366355558	0.0917090681403	-0.043043333253	0.0881335347149	-0.0675662513949	-0.0353491531297	-0.0244777627935	0.0664300573745	0.00778775797393	-0.0452390031268	0.0229361538217	0.000252384620154	-0.0146110464313	0.041087090809	-0.0253672862467
k__Bacteria;p__Bacteroidetes;c__Bacteroidia;o__Bacteroidales;f__Bacteroidaceae;g__Bacteroides;s__Bacteroides_coprophilus	0.0111171996726	-0.0176727223211	-0.0131754125966	-0.0382060298617	0.00408230571842	0.00606818232438	-0.0402613162619	-0.0221885840799	-0.0853691428698	-0.0440024971799	-0.000913605063565	0.0104178324888	0.0131590239855	-0.0447253257456	0.0108870891493	-0.0127921518749	-0.0292595088766	-0.0366886163331	0.0511812941581	0.0659970945283	-0.00583775902614	-0.0580449839742	-0.0725134600185	-0.0250532515485	0.00715953051121	1.0	-0.011204054152	-0.0392540993773	0.0441664692573	0.0289358280754	0.0552295273437	-0.0176211113877	0.0274971309099	-0.043227064968	-0.0627994205184	-0.0161266699287	-0.0240863533838	0.0456976117872	-0.0179106920977	-0.0264501838834	-0.00904965008046	0.00963440804603	-0.0263713698641	-0.0283469191735	0.0106525000429	-0.0517649980075	0.0190036511537	0.00979920417564	-0.0195893662492	0.0114648183052	0.0298300370228	-0.062830597571	0.0132710251344	-0.0354079853395	0.00490207654033	0.00889998160593	-0.0162624445122	-0.025244591772	-0.0428078446259
k__Bacteria;p__Firmicutes;c__Clostridia;o__Clostridiales;f__Lachnospiraceae;g__Roseburia;s__Roseburia_intestinalis	-0.054447401056	0.00749194680041	-0.0245956838703	0.0135943394417	0.0274596396518	0.0154423439525	-0.0122335260295	-0.00316909956713	-0.0101696924593	0.0438094958282	0.0507476248486	-0.0388438268095	-0.00655719188181	0.0634476858647	-0.0269046668787	-0.0569652139653	-0.0079151271742	-0.0556330167426	-0.0377895650653	-0.0475269041621	-0.0049742283354	0.034031678464	0.00529962828041	0.0520312017941	-0.00685765003033	-0.011204054152	1.0	0.0106635804867	-0.0191608754329	0.00464691569423	0.00508072822356	0.0028362333487	-0.0389188815451	-0.070356556793	0.0089531755503	0.00323730591693	0.0284163350372	0.0209109288337	0.0207118118247	0.0171433740693	-0.00551890122239	-0.00294378417331	-0.029417572868	0.00431074031871	0.0186605846957	-0.036977273778	-0.0211576195029	0.00511360530466	0.0192469741933	-0.0691727394307	0.0210911746139	-0.00152310846708	0.0141091101622	-0.0123698645175	-0.0667484306293	-0.0450501864816	0.0605484465437	-0.0217896553913	0.0198037094575
k__Bacteria;p__Firmicutes;c__Clostridia;o__Clostridiales;f__Lachnospiraceae;g__Roseburia;s__Roseburia_hominis	-0.0214732170202	0.017251637761	0.0513793250608	-0.0624590590201	0.0153375027298	-0.0369836520842	0.00122356183879	0.0512295146732	-0.0176226420271	0.0190805308655	0.0621426385989	0.0156521242546	0.0397031433154	0.00359014611476	-0.0508995121757	-0.0492235662039	0.0239623385383	-0.0159267121303	0.0488209341355	0.00969325783808	0.00106583449154	0.0143977503233	-0.00467511967894	0.0153882416532	-0.0536935521834	-0.0392540993773	0.0106635804867	1.0	-0.0269057080738	-0.00938574363573	-0.0371694233301	-0.00853271521431	0.0502843902347	0.0118653580731	0.0291153890888	-0.0305727623313	-0.0466168376579	-0.0365082280625	-0.004998514269	0.00536521244251	-0.0141404743605	-0.0503242116427	0.00592985701817	-0.048144658849	0.00703625966267	-0.0565254057134	-0.0158566696719	0.0219412302049	-0.0354852516618	0.00841922006971	-0.01840666572	-0.0957293422444	0.00889785988238	-0.00660317993533	-0.0570164058279	-0.0203049529192	-0.0283420474574	-0.097026428847	-0.0279785347657
k__Bacteria;p__Bacteroidetes;c__Bacteroidia;o__Bacteroidales;f__Porphyromonadaceae;g__Parabacteroides;s__Parabacteroides_johnsonii	-0.00774173253561	-0.0526792037739	-0.00665244464904	0.0353812706522	-0.02713092514	-0.0690063496207	0.00772734584946	-0.0258037357698	-0.0714467411022	-0.0209575439175	-0.0399505462868	-0.0426044198464	0.027102232717	-0.0386887304714	-0.00250534264682	0.023924556873	-0.016237975668	0.0226316914141	-0.0183601204636	-0.0278796168476	-0.00975086341239	-0.0104878824309	0.0213901782973	-0.0034238659185	-0.0162283275986	0.0441664692573	-0.0191608754329	-0.0269057080738	1.0	-0.02355145406	0.0332129688268	0.0249477568636	0.00977978999832	0.00511235357206	-0.0090855746377	0.0246854161329	-0.0284270051331	0.0260662572789	-0.0723602762996	0.0027523016159	-0.00400362445385	-0.0566929783452	-0.0238970921516	-0.00253486972807	0.0195936776095	0.0717412857754	-0.0649649942982	0.00275772172036	0.0405875279917	0.0186143231136	-0.0207545284696	-0.0473785499463	0.0147547058031	0.00085574649886	0.011711369613	0.0349543232708	0.0101158896519	0.00703505915097	0.00797078968063
k__Bacteria;p__Actinobacteria;c__Actinobacteria;o__Bifidobacteriales;f__Bifidobacteriaceae;g__Bifidobacterium;s__Bifidobacterium_longum	0.00430800923033	0.000199654338021	4.29312241407e-05	-0.0329415941763	-0.0110536058674	-0.000353819039413	-0.0188841260267	-0.0542764569828	-0.00787105742468	0.00618391939088	0.0458919555176	0.0218161154887	0.0637468718198	0.0178110088615	0.0321437491191	-0.00707808713424	-0.078900219494	-0.0261519369463	0.00846942327123	-0.0190823050721	0.000893733675645	0.00120644975496	-0.05900975105	-0.00417730162637	-0.015922986103	0.0289358280754	0.00464691569423	-0.00938574363573	-0.02355145406	1.0	0.00925370447265	-0.00639085305645	0.00206054281978	0.0339607817094	0.0492064619808	0.0182551328807	-0.00264846180261	0.004200624913	0.00878102694416	0.0169655356097	-0.00729514806774	-0.00206997066095	0.0285805646659	-0.0681356883616	0.0150128305745	-0.0106591656177	-0.000407480414615	0.00668261748276	-0.0112726370445	-0.0284407899691	-0.00993347415945	-0.00902356774884	0.0392388320112	-0.05682108784	0.0288082811471	-0.0340769196374	0.0197755035567	0.00023424909453	-0.0822822643147
