#taxonomy	k__Bacteria;p__Bacteroidetes;c__Bacteroidia;o__Bacteroidales;f__Bacteroidaceae;g__Bacteroides;s__Bacteroides_vulgatus	k__Bacteria;p__Bacteroidetes;c__Bacteroidia;o__Bacteroidales;f__Bacteroidaceae;g__Bacteroides;s__Bacteroides_uniformis	k__Bacteria;p__Bacteroidetes;c__Bacteroidia;o__Bacteroidales;f__Rikenellaceae;g__Alistipes;s__Alistipes_putredinis	k__Bacteria;p__Bacteroidetes;c__Bacteroidia;o__Bacteroidales;f__Prevotellaceae;g__Prevotella;s__Prevotella_copri	k__Bacteria;p__Bacteroidetes;c__Bacteroidia;o__Bacteroidales;f__Bacteroidaceae;g__Bacteroides;s__Bacteroides_stercoris	k__Bacteria;p__Bacteroidetes;c__Bacteroidia;o__Bacteroidales;f__Bacteroidaceae;g__Bacteroides;s__Bacteroides_ovatus	k__Bacteria;p__Bacteroidetes;c__Bacteroidia;o__Bacteroidales;f__Rikenellaceae;g__Alistipes;s__Alistipes_shahii	k__Bacteria;p__Firmicutes;c__Clostridia;o__Clostridiales;f__Ruminococcaceae;g__Faecalibacterium;s__Faecalibacterium_prausnitzii	k__Bacteria;p__Bacteroidetes;c__Bacteroidia;o__Bacteroidales;f__Rikenellaceae;g__Alistipes;s__Alistipes_finegoldii	k__Bacteria;p__Bacteroidetes;c__Bacteroidia;o__Bacteroidales;f__Porphyromonadaceae;g__Parabacteroides;s__Parabacteroides_distasonis	k__Bacteria;p__Bacteroidetes;c__Bacteroidia;o__Bacteroidales;f__Bacteroidaceae;g__Bacteroides;s__Bacteroides_thetaiotaomicron	k__Bacteria;p__Bacteroidetes;c__Bacteroidia;o__Bacteroidales;f__Bacteroidaceae;g__Bacteroides;s__Bacteroides_coprocola	k__Bacteria;p__Bacteroidetes;c__Bacteroidia;o__Bacteroidales;f__Bacteroidaceae;g__Bacteroides;s__Bacteroides_cellulosilyticus	k__Bacteria;p__Bacteroidetes;c__Bacteroidia;o__Bacteroidales;f__Rikenellaceae;g__Alistipes;s__Alistipes_obesi	k__Bacteria;p__Firmicutes;c__Clostridia;o__Clostridiales;f__Lachnospiraceae;g__;s__[Eubacterium]_rectale	k__Bacteria;p__Bacteroidetes;c__Bacteroidia;o__Bacteroidales;f__Bacteroidaceae;g__Bacteroides;s__Bacteroides_plebeius	k__Bacteria;p__Bacteroidetes;c__Bacteroidia;o__Bacteroidales;f__Bacteroidaceae;g__Bacteroides;s__Bacteroides_fragilis	k__Bacteria;p__Proteobacteria;c__Betaproteobacteria;o__Burkholderiales;f__Sutterellaceae;g__Sutterella;s__Sutterella_wadsworthensis	k__Bacteria;p__Bacteroidetes;c__Bacteroidia;o__Bacteroidales;f__Porphyromonadaceae;g__Barnesiella;s__Barnesiella_intestinihominis	k__Bacteria;p__Bacteroidetes;c__Bacteroidia;o__Bacteroidales;f__Odoribacteraceae;g__Odoribacter;s__Odoribacter_splanchnicus	k__Bacteria;p__Bacteroidetes;c__Bacteroidia;o__Bacteroidales;f__Bacteroidaceae;g__Bacteroides;s__Bacteroides_salyersiae	k__Bacteria;p__Firmicutes;c__Clostridia;o__Clostridiales;f__Ruminococcaceae;g__Ruminiclostridium;s__[Eubacterium]_siraeum	k__Bacteria;p__Proteobacteria;c__Betaproteobacteria;o__Burkholderiales;f__Sutterellaceae;g__Parasutterella;s__Parasutterella_excrementihominis	k__Bacteria;p__Actinobacteria;c__Actinobacteria;o__Bifidobacteriales;f__Bifidobacteriaceae;g__Bifidobacterium;s__Bifidobacterium_adolescentis	k__Bacteria;p__Firmicutes;c__Clostridia;o__Clostridiales;f__Oscillospiraceae;g__Oscillibacter;s__Oscillibacter_sp._KLE_1745	k__Bacteria;p__Bacteroidetes;c__Bacteroidia;o__Bacteroidales;f__Bacteroidaceae;g__Bacteroides;s__Bacteroides_coprophilus	k__Bacteria;p__Firmicutes;c__Clostridia;o__Clostridiales;f__Lachnospiraceae;g__Roseburia;s__Roseburia_intestinalis	k__Bacteria;p__Firmicutes;c__Clostridia;o__Clostridiales;f__Lachnospiraceae;g__Roseburia;s__Roseburia_hominis	k__Bacteria;p__Bacteroidetes;c__Bacteroidia;o__Bacteroidales;f__Porphyromonadaceae;g__Parabacteroides;s__Parabacteroides_johnsonii	k__Bacteria;p__Actinobacteria;c__Actinobacteria;o__Bifidobacteriales;f__Bifidobacteriaceae;g__Bifidobacterium;s__Bifidobacterium_longum	k__Bacteria;p__Firmicutes;c__Clostridia;o__Clostridiales;f__;g__Flavonifractor;s__Flavonifractor_plautii	k__Bacteria;p__Firmicutes;c__Clostridia;o__Clostridiales;f__Clostridiaceae;g__Clostridium;s__Clostridium_phoceensis	k__Bacteria;p__Verrucomicrobia;c__Verrucomicrobiae;o__Verrucomicrobiales;f__Akkermansiaceae;g__Akkermansia;s__Akkermansia_muciniphila	k__Bacteria;p__Bacteroidetes;c__Bacteroidia;o__Bacteroidales;f__Prevotellaceae;g__Paraprevotella;s__Paraprevotella_xylaniphila	k__Bacteria;p__Firmicutes;c__Clostridia;o__Clostridiales;f__Ruminococcaceae;g__Ruminococcus;s__Ruminococcus_callidus	k__Bacteria;p__Bacteroidetes;c__Bacteroidia;o__Bacteroidales;f__Rikenellaceae;g__Alistipes;s__Alistipes_senegalensis	k__Bacteria;p__Firmicutes;c__Clostridia;o__Clostridiales;f__Lachnospiraceae;g__Blautia;s__Blautia_sp._KLE_1732	k__Bacteria;p__Bacteroidetes;c__Bacteroidia;o__Bacteroidales;f__Bacteroidaceae;g__Bacteroides;s__Bacteroides_oleiciplenus	k__Bacteria;p__Firmicutes;c__Clostridia;o__Clostridiales;f__Ruminococcaceae;g__Ruminococcus;s__Ruminococcus_bicirculans	k__Bacteria;p__Bacteroidetes;c__Bacteroidia;o__Bacteroidales;f__Bacteroidaceae;g__Bacteroides;s__Bacteroides_fluxus	k__Bacteria;p__Bacteroidetes;c__Bacteroidia;o__Bacteroidales;f__Prevotellaceae;g__Prevotella;s__Prevotella_stercorea	k__Bacteria;p__Firmicutes;c__Clostridia;o__Clostridiales;f__Lachnospiraceae;g__Dorea;s__Dorea_longicatena	k__Bacteria;p__Firmicutes;c__Clostridia;o__Clostridiales;f__Eubacteriaceae;g__Eubacterium;s__[Eubacterium]_eligens	k__Bacteria;p__Firmicutes;c__Clostridia;o__Clostridiales;f__Ruminococcaceae;g__;s__Ruminococcaceae_bacterium_D16	k__Bacteria;p__Firmicutes;c__Clostridia;o__Clostridiales;f__Lachnospiraceae;g__Coprococcus;s__Coprococcus_comes	k__Bacteria;p__Proteobacteria;c__Gammaproteobacteria;o__Enterobacterales;f__Enterobacteriaceae;g__Escherichia;s__Escherichia_coli	k__Bacteria;p__Firmicutes;c__Clostridia;o__Clostridiales;f__Ruminococcaceae;g__Anaerotruncus;s__Anaerotruncus_colihominis	k__Bacteria;p__Firmicutes;c__Clostridia;o__Clostridiales;f__Lachnospiraceae;g__Blautia;s__Blautia_obeum	k__Bacteria;p__Bacteroidetes;c__Bacteroidia;o__Bacteroidales;f__Odoribacteraceae;g__Odoribacter;s__Odoribacter_laneus	k__Bacteria;p__Firmicutes;c__Clostridia;o__Clostridiales;f__Ruminococcaceae;g__Ruminiclostridium;s__[Clostridium]_leptum	k__Bacteria;p__Bacteroidetes;c__Bacteroidia;o__Bacteroidales;f__Porphyromonadaceae;g__Parabacteroides;s__Parabacteroides_goldsteinii	k__Bacteria;p__Firmicutes;c__Clostridia;o__Clostridiales;f__Lachnospiraceae;g__Anaerostipes;s__Anaerostipes_hadrus	k__Bacteria;p__Firmicutes;c__Clostridia;o__Clostridiales;f__Ruminococcaceae;g__Ruminococcus;s__Ruminococcus_lactaris	k__Bacteria;p__Firmicutes;c__Clostridia;o__Clostridiales;f__Clostridiaceae;g__Clostridium;s__Clostridium_sp._L2-50	k__Bacteria;p__Firmicutes;c__Clostridia;o__Clostridiales;f__Clostridiaceae;g__Clostridium;s__Clostridium_sp._M62/1	k__Bacteria;p__Firmicutes;c__Clostridia;o__Clostridiales;f__;g__Intestinimonas;s__Intestinimonas_butyriciproducens	k__Bacteria;p__Actinobacteria;c__Actinobacteria;o__Bifidobacteriales;f__Bifidobacteriaceae;g__Bifidobacterium;s__Bifidobacterium_bifidum	k__Bacteria;p__Firmicutes;c__Negativicutes;o__Veillonellales;f__Veillonellaceae;g__Dialister;s__Dialister_invisus	k__Bacteria;p__Bacteroidetes;c__Bacteroidia;o__Bacteroidales;f__Bacteroidaceae;g__Bacteroides;s__Bacteroides_salanitronis
k__Bacteria;p__Bacteroidetes;c__Bacteroidia;o__Bacteroidales;f__Bacteroidaceae;g__Bacteroides;s__Bacteroides_vulgatus	1.0	-0.074248468426	-0.0582550821189	-0.0358204421585	-0.080136341671	-0.0547385580249	-0.0243560459756	0.00119457549783	0.0540805900248	0.0402662913893	-0.0308516277786	0.0300287592022	-0.0153244477524	0.0605317002941	0.00356713388431	0.0502892403419	0.00202386544415	-0.0201682858347	0.0408107946489	0.0734482860313	0.0186771164119	0.0116843955433	0.00353709029013	-0.0491000688112	-0.0106021869882	-0.0510454399544	-0.0703283818172	-0.0118460776592	-0.0145140703303	0.0151207303564	0.0181717172401	-0.012647740806	-0.0175474138197	-0.00753988553643	-0.0536097339661	0.0179697751976	0.00185743620697	-0.0854895040654	0.0216921125649	-0.00659487670402	-0.0389722945808	0.0263786059266	-0.0220828548366	-0.0137202107723	-0.0423270049543	0.00422400998901	-0.0125810180198	-0.0133156328617	0.0158592709603	0.0348114700144	0.00708041757328	0.0236304854884	0.0301033328937	0.0163659086438	0.0168238027701	-0.0188678566427	-0.0536603287219	-0.0430336705679	0.0141559706226
k__Bacteria;p__Bacteroidetes;c__Bacteroidia;o__Bacteroidales;f__Bacteroidaceae;g__Bacteroides;s__Bacteroides_uniformis	-0.074248468426	1.0	0.0810475501723	-0.0203034792476	0.0157741961058	-0.00406197076919	0.0275908178069	0.0357667347668	-0.040498423305	0.0378698839203	-0.00253472009641	-0.00218554420125	-0.0285188934704	-0.0409277594117	-0.00589598888284	-0.0454087210932	0.0481174292423	0.0973567576197	0.00254566600678	-0.0370838176546	-0.0151757576121	-0.0131177703127	-0.0350026629985	0.0113546167751	0.0376473334927	0.0126630305966	-0.04493592259	-0.0186368192372	-0.0147969203674	-0.0673032918304	-0.0189705619289	0.067119230498	-0.0305599591333	0.00663020808609	-0.0378644798359	0.0163871855025	0.0391779519883	0.01768804458	0.0512009613879	-0.00409816155542	-0.0151082256312	-0.0678416018075	-0.0728299216826	-0.0272264212677	-0.0158657660691	-0.018724640129	-0.0811018971924	-0.0362119992262	0.0491690943392	0.0562558926097	0.0240210128338	-0.0624790180999	0.0216757455444	-0.0225822425106	0.038974668554	-0.0327215193783	-0.0855056437174	0.0125999445233	-0.0197171856531
k__Bacteria;p__Bacteroidetes;c__Bacteroidia;o__Bacteroidales;f__Rikenellaceae;g__Alistipes;s__Alistipes_putredinis	-0.0582550821189	0.0810475501723	1.0	-0.108908110533	0.0969486399605	-0.031339468921	0.00272520588232	0.00772449133737	0.0300222805626	0.0571134500487	-0.0426062493836	-0.0686997180767	-0.0262487099173	0.0251270503941	-0.0998744011883	-0.000851670351487	-0.0454430750665	0.0784966411078	-0.0286477966211	-0.0532181855827	-0.0224440855954	0.0286408754553	0.0146757817679	-0.0241183336807	-0.0345927842568	0.0458299026663	0.0312723629343	-0.0366717516757	-0.0452659232426	-0.0518730587768	-0.0024460098803	0.0142224006702	0.0288866438428	-0.0285177032871	0.00054010757324	-0.0268536040439	-0.0381959827919	-0.00917057807908	-0.021299314392	-0.0519469392279	0.030346685142	-0.00121337551261	0.0300267009022	-0.0296945496415	-0.00703893593622	-0.0199063685022	0.044343121881	-0.086167687031	-0.0369897678601	0.0319858717616	-0.0293602569598	0.0224978146905	-0.0146908444728	0.0179604557695	-0.044426553954	-0.00976336801988	-0.0578592793249	0.0431256148428	-0.0425511091777
k__Bacteria;p__Bacteroidetes;c__Bacteroidia;o__Bacteroidales;f__Prevotellaceae;g__Prevotella;s__Prevotella_copri	-0.0358204421585	-0.0203034792476	-0.108908110533	1.0	0.0326416002946	-0.0389998064053	-0.0574478847476	0.0114527143981	0.080583181524	0.0376642857857	-0.0394089626777	-0.0406874047215	0.0155805640627	0.0260942674127	-0.0103596015766	0.00507366956837	0.0409188760372	-0.0585539666725	-0.0616929110761	0.0368536183915	-0.00236557037959	0.00989545673135	-0.0330563391281	-0.0177539828442	0.0580800105982	0.0215391219075	0.0192039197757	-0.0523615271297	0.0812029771584	-0.047159548424	-0.043067580341	-0.00371812625478	0.0374977895552	-0.00556225216756	-0.00833119821149	-0.0718440859673	-0.027063168097	-0.00425252812032	0.0201666119314	-0.00966641346708	-0.0338208861622	0.0276770823774	-0.0128688528248	0.00964051818535	-0.0434794932556	-0.0247975581729	-0.0701557689038	0.0095024668744	-0.0609960591256	0.0381477355212	0.0231845593004	0.0423430686813	-0.00947239048282	-0.0226633645178	0.032018549948	0.00837911385545	0.0778498775535	-0.0167711137886	-0.0122113734169
k__Bacteria;p__Bacteroidetes;c__Bacteroidia;o__Bacteroidales;f__Bacteroidaceae;g__Bacteroides;s__Bacteroides_stercoris	-0.080136341671	0.0157741961058	0.0969486399605	0.0326416002946	1.0	-0.004962908419	-0.00481845744584	-0.0419666291583	0.0259192726363	-0.00133530875526	0.0126141258382	-0.0107247678383	-0.0509674002344	-0.0247809339239	-0.00411361418391	-0.0193345139831	-0.023862518964	0.04677592676	-0.0704992059195	0.0351368323301	-0.010997283794	-0.0622531998611	-0.0247832721791	0.0160788005857	0.00409010808608	-0.0413733615843	0.00681188572869	0.113099202002	-0.054587841462	-0.0780505256524	-0.0714388415079	0.000215289337434	0.041450666768	-0.02032756739	0.00194708105908	0.0181285181082	-0.00205039418921	-0.0467638746887	-0.00836951659534	-0.0618823559055	-0.0144093753665	-0.0445714517165	-0.0834373682303	-0.0640671581502	0.053289907227	-0.0581262055222	0.0735489773097	-0.0346815943934	-0.0276462921496	-0.0465726646973	0.0893496325342	-0.0552668850442	-0.0565807377788	0.0391541752789	-0.0369333028831	-0.0101082579488	0.0174889441173	-0.0248371841717	0.0691770220182
k__Bacteria;p__Bacteroidetes;c__Bacteroidia;o__Bacteroidales;f__Bacteroidaceae;g__Bacteroides;s__Bacteroides_ovatus	-0.0547385580249	-0.00406197076919	-0.031339468921	-0.0389998064053	-0.004962908419	1.0	0.000769688577797	-0.0568886396938	0.00943834106676	0.00378864615753	0.00933608859063	0.0494758448291	0.000310525037303	0.0447975664109	0.0153582674194	0.0638689887738	0.00857675604286	-0.0110484804589	-0.0108451657538	-0.0583485201758	0.0263596833163	-0.0481819430438	0.0315334270748	-0.0501916985372	0.00134608282466	-0.0294235949084	-0.0126607965644	0.029203253782	0.0152611742009	0.0450522650468	-0.0323714284812	-0.0237955136074	-0.0906666590491	-0.0485855325942	-0.0400462702441	0.024051191492	-0.00400877425222	-0.0176027630332	-0.00153978373958	0.0475240046277	0.0311059631425	-0.0155069873061	-0.00939287579772	0.0271366394439	-0.0994781372565	0.070112991303	-0.0491710241831	-0.0119213383542	-0.0647015535373	-0.0341004262903	0.0540664227905	-0.0374711755361	0.00320181128039	0.0478284563304	0.00332843065878	0.102865446992	-0.0177978409993	-0.027163753732	0.00672902701652
k__Bacteria;p__Bacteroidetes;c__Bacteroidia;o__Bacteroidales;f__Rikenellaceae;g__Alistipes;s__Alistipes_shahii	-0.0243560459756	0.0275908178069	0.00272520588232	-0.0574478847476	-0.00481845744584	0.000769688577797	1.0	0.0156729455281	-0.0170753815571	-0.0101378931778	0.0274353919577	0.0477432449591	0.0112659211121	-0.0617384074783	0.0166048504807	-0.0382468243382	-0.0256029072097	0.00930648794387	-0.0234931656537	-0.0321555486066	-0.0111676575339	0.0243931023973	0.00108840501765	-0.00439535367559	-0.00949330229129	-0.00461538586305	-0.0346999235674	0.0481448539005	-0.0255175801869	0.0208184085093	-0.00469088077089	-0.0256455534373	0.0255425969271	0.0749969472255	-0.0775358031787	0.0298495734133	0.00860306536959	0.095836697131	-0.0614184406352	-0.0340811939909	0.0426544310985	0.0408834983977	-0.0811485402431	-0.011985459457	-0.0791643956599	-0.000716505888364	-0.0770725769562	0.0445108821418	0.00333390685821	0.00873470455196	0.0455312921318	0.014674442744	-0.0160609990993	0.038061956096	0.00700016527808	0.0537054948095	0.0435821027156	0.0416137385975	-0.0133349187501
k__Bacteria;p__Firmicutes;c__Clostridia;o__Clostridiales;f__Ruminococcaceae;g__Faecalibacterium;s__Faecalibacterium_prausnitzii	0.00119457549783	0.0357667347668	0.00772449133737	0.0114527143981	-0.0419666291583	-0.0568886396938	0.0156729455281	1.0	0.000900508483846	-0.070287585738	0.0226502691631	0.0233747070226	-0.0467823014523	0.0278013233558	-0.0624328285193	-0.0251666948134	-0.0534605924757	-0.0140563278072	-0.0127503579193	0.0179383804328	0.0149239634344	0.0774679984807	-0.00962058853909	0.0155113005689	-0.0133271369851	-0.0920953720711	-0.0366293391233	0.0826338562563	-0.0598152150374	-0.00495813486005	-0.0313536893352	-0.132768895951	0.0306776057023	-0.0268619583952	0.022958521942	-0.0205826220858	-0.0404010616713	-0.0259761042648	-0.0629341370715	0.0148302343999	0.00512851516428	0.0616450926703	-0.0252989558093	0.0223390749418	0.029072793981	-0.0459614162937	-0.0143290395337	0.0177367342315	0.0202218144878	-0.00971983139379	0.0542240878623	-0.0113139708717	-0.0214867720793	-1.60357865051e-05	-0.0496454365628	0.0871994984266	-0.0334384317248	-0.00895506923228	-0.0432006729482
k__Bacteria;p__Bacteroidetes;c__Bacteroidia;o__Bacteroidales;f__Rikenellaceae;g__Alistipes;s__Alistipes_finegoldii	0.0540805900248	-0.040498423305	0.0300222805626	0.080583181524	0.0259192726363	0.00943834106676	-0.0170753815571	0.000900508483846	1.0	0.043333518252	0.049680955862	-0.00447875702802	0.0017569240128	-0.0143795270455	0.0105926368174	0.0778975469052	-0.00355135649357	0.00185398938685	0.026185822778	-0.0219382127348	0.0576141271423	-0.0222451064562	-0.0376836012179	0.076819137662	-0.0542279381392	-0.0223901742454	-0.0302204505876	-0.0196033758652	-0.0514150499454	-0.0109053133556	0.00253670220568	-0.028073637661	0.0103496313762	-0.106327748778	-0.015623567224	0.0114128663281	-0.0873666437752	-0.0167061301305	-0.0282141720107	0.00605151436608	-0.0100594822009	-0.100186480644	-0.0513148012751	-0.0821836328795	-0.0408797666264	-0.042066321187	0.0102970674743	-0.0484348508515	-0.0103692753603	-0.0197800972622	-0.0453144598661	-0.0107604771065	-0.0221554698736	0.0559516228061	-0.0554979243566	0.0394942889338	-0.00125132367103	-0.024218240885	0.0383028909481
k__Bacteria;p__Bacteroidetes;c__Bacteroidia;o__Bacteroidales;f__Porphyromonadaceae;g__Parabacteroides;s__Parabacteroides_distasonis	0.0402662913893	0.0378698839203	0.0571134500487	0.0376642857857	-0.00133530875526	0.00378864615753	-0.0101378931778	-0.070287585738	0.043333518252	1.0	0.0091120229812	0.00500762683141	-0.0346663749751	-0.001368250441	-0.0987245932087	-0.0523938989291	-0.0273222156172	-0.016651792886	0.0321669242397	-0.0347639665027	0.0178722814312	0.0350016624304	-0.0263411312554	0.0145311942854	-0.0475237502207	0.0186023842334	-0.0515116360926	-0.0861108913121	-0.0407742932633	0.0486474772	0.0294884481393	0.00181374443323	-0.0829370195419	-0.0447066427997	-0.00952747147281	-0.00501456029116	-0.0376955526161	0.0131715081383	-0.074930187902	-0.0753366703003	-0.0417956019239	-0.0142933008893	0.0452693997677	0.110623472316	-0.0525076322392	-0.0140779384457	0.00844357245376	0.00976749581501	-0.0127031216619	0.0552059682038	-0.0592885003906	-0.00236547521582	0.0155673820469	-0.0389088663304	-0.0118338218379	-0.0454889239611	-0.0112700801999	-0.0091180965733	-0.0318662040138
k__Bacteria;p__Bacteroidetes;c__Bacteroidia;o__Bacteroidales;f__Bacteroidaceae;g__Bacteroides;s__Bacteroides_thetaiotaomicron	-0.0308516277786	-0.00253472009641	-0.0426062493836	-0.0394089626777	0.0126141258382	0.00933608859063	0.0274353919577	0.0226502691631	0.049680955862	0.0091120229812	1.0	-0.0200204077532	-0.0316009193667	-0.0202758058236	-0.0735010454678	-0.0286068020788	-0.0184038221845	0.0063321987069	-0.0357515255086	-0.0343629250875	-0.00355755103635	0.0127049490786	0.0762001529916	0.0402639166206	-0.0627749369995	-0.0117703595365	-0.021583115891	0.0646138697902	-0.068895166322	0.0651250785012	0.00228409092797	-0.0604058351101	-0.0720375189981	0.0210997532892	-0.000420940254982	-0.0694343925698	-0.00406567448131	0.016161342052	-0.0505950462835	0.0036490427963	-0.0662924888581	0.00791292761016	-0.00788408569912	-0.0326834943205	0.0134761595285	-0.0592036301693	0.0690944544708	0.0122063175361	0.0166946424061	-0.0150931130033	-0.0104282845474	-0.0127218384887	-0.0203286819794	-0.019261887374	-0.01940668332	0.0211460516798	-0.00710248892165	-0.0396313444335	0.0141523193817
k__Bacteria;p__Bacteroidetes;c__Bacteroidia;o__Bacteroidales;f__Bacteroidaceae;g__Bacteroides;s__Bacteroides_coprocola	0.0300287592022	-0.00218554420125	-0.0686997180767	-0.0406874047215	-0.0107247678383	0.0494758448291	0.0477432449591	0.0233747070226	-0.00447875702802	0.00500762683141	-0.0200204077532	1.0	-0.0223363329872	-0.0341154843273	-0.088601179912	0.0508178879441	-0.0282278217891	-0.0075957501117	-0.0311215153255	-0.113443736062	-0.0239848618023	-0.0405637669061	0.0180223854532	-0.0986308104481	0.029176765311	0.0198383265451	-0.00495239459741	0.015650916499	0.0393215916316	-0.0343504946387	0.0219090609191	0.0445402394286	-0.0477064377169	0.00942434984332	0.00975996176405	0.000435327659651	-0.00593367519714	-0.0209787003338	0.0244957766315	0.027310363071	0.0294967085362	-0.0374799908194	-0.0206869337786	-0.0477569990253	-0.00762721292971	0.0151711959471	-0.051280214717	-0.0123709657261	-0.00773594437567	-0.0373582577662	0.00916941338384	-0.00417695075614	0.0645635687442	0.0300417288128	0.0278717527511	-0.012036627492	0.0618242266311	0.0157352574263	0.0047263342632
k__Bacteria;p__Bacteroidetes;c__Bacteroidia;o__Bacteroidales;f__Bacteroidaceae;g__Bacteroides;s__Bacteroides_cellulosilyticus	-0.0153244477524	-0.0285188934704	-0.0262487099173	0.0155805640627	-0.0509674002344	0.000310525037303	0.0112659211121	-0.0467823014523	0.0017569240128	-0.0346663749751	-0.0316009193667	-0.0223363329872	1.0	0.0069651713387	0.00629654381851	-0.0133139850281	-0.00701245138263	-0.0864701815316	-0.03854768486	-0.0457560881215	-0.0230947959192	0.0498224572562	-0.0230545954778	-0.0354621044301	-0.0172218388999	-0.00605171038417	0.0232487990329	-0.055318539139	0.01600277358	-0.0264153409052	-0.0665799661029	-0.053993294667	0.0100552067664	0.0197447009165	0.00558425112845	0.00743799831385	0.00947897203023	-0.0896769100897	-0.0310706274998	-0.0555792228946	-0.0413960204328	0.0480837731346	-0.048572803241	0.0268496016128	0.0122533279531	0.00672774652247	0.03132661583	-0.00803692385447	0.0623624450618	0.0213123932034	-0.0560640534025	0.00587876769009	-0.0680026767886	-0.0215512767087	-0.0276152629155	0.00144619444492	0.0743951471608	-0.0298985359554	-0.00596668383048
k__Bacteria;p__Bacteroidetes;c__Bacteroidia;o__Bacteroidales;f__Rikenellaceae;g__Alistipes;s__Alistipes_obesi	0.0605317002941	-0.0409277594117	0.0251270503941	0.0260942674127	-0.0247809339239	0.0447975664109	-0.0617384074783	0.0278013233558	-0.0143795270455	-0.001368250441	-0.0202758058236	-0.0341154843273	0.0069651713387	1.0	-0.0116577634398	-0.013612034982	0.0271536015505	-0.0126737253076	0.00904284755681	-0.0549436184906	-0.0157378860803	0.0394935650634	-0.0222558316175	-0.0437727252504	-0.058534106242	-0.0557959415756	-0.000409438652461	-0.0603760187174	0.00152559321384	0.0387244026328	-0.0469789210416	-0.0427425510657	-0.0496922242838	0.0140319054372	-0.00878986724275	-0.016472026681	0.00453908235453	-0.00532055512798	-0.0521828598825	-0.0973893030585	-0.0121982475955	0.0219428679879	0.0698072425878	0.0207394139129	-0.0010979970315	0.00972970310886	0.00208381581379	-0.00410890918837	-0.00338070827693	0.0437409491356	0.00970087673721	-0.0308328636377	-0.000265871045274	-0.00177549526601	-0.0427195393867	-0.00370124882172	0.0173186364921	-0.0412853926088	-0.0323126341902
k__Bacteria;p__Firmicutes;c__Clostridia;o__Clostridiales;f__Lachnospiraceae;g__;s__[Eubacterium]_rectale	0.00356713388431	-0.00589598888284	-0.0998744011883	-0.0103596015766	-0.00411361418391	0.0153582674194	0.0166048504807	-0.0624328285193	0.0105926368174	-0.0987245932087	-0.0735010454678	-0.088601179912	0.00629654381851	-0.0116577634398	1.0	-0.015611936139	-0.0434481675185	-0.0588436921873	-0.00677118733973	0.00604306285765	-0.0140735538713	-0.0104723910217	-0.0896071811463	-0.0133864286789	-0.0183410988533	0.0119001435817	-0.0286443660715	-0.0183141875433	0.0304797825754	-0.018049034172	-0.00128773484932	-0.0198410454156	0.0442666724745	0.00243984227574	-0.0341133390165	0.00800327962496	0.0724929913065	-0.0350788504018	-0.00673637570293	-0.0576038297819	0.0355062799561	0.00624273465723	-0.0065835454472	-0.0277867968686	-0.0499818682773	0.00812457064862	0.00888572153426	0.00265106170537	0.010483637647	-0.0209220961694	0.0655530375454	-0.00752811864057	-0.0193683063944	0.0402427973167	-0.0618821417788	-0.0665436661967	-0.024288835378	0.0763357900366	-0.0662368781253
k__Bacteria;p__Bacteroidetes;c__Bacteroidia;o__Bacteroidales;f__Bacteroidaceae;g__Bacteroides;s__Bacteroides_plebeius	0.0502892403419	-0.0454087210932	-0.000851670351487	0.00507366956837	-0.0193345139831	0.0638689887738	-0.0382468243382	-0.0251666948134	0.0778975469052	-0.0523938989291	-0.0286068020788	0.0508178879441	-0.0133139850281	-0.013612034982	-0.015611936139	1.0	-0.0684507865337	0.0406639884668	-0.0837479019769	-0.0112484507893	0.00464700942446	-0.0496521723153	-0.00795297699495	0.00608024654393	0.0753441357749	0.00213126627824	0.0289588720979	-0.0465123303146	-0.0578385352706	-0.0554898401745	-0.0270488110733	-0.0435825275852	-0.0579792611965	0.00854867159811	0.00312472220737	-0.00947080199468	0.00376974066666	-0.0162958829436	0.0357821839399	-0.0106194341124	-0.0273446442284	-0.0288800386349	0.0240761400085	0.00294837744893	0.0190476623146	-0.0352464355206	-0.00775654814383	0.00958396630952	-0.12009393533	0.0321097633705	0.0110879663306	0.000856180243358	0.0614713881663	-0.0247828565805	0.00157787757669	0.0258358699406	0.0211641128902	0.0137315955136	0.00214613239997
k__Bacteria;p__Bacteroidetes;c__Bacteroidia;o__Bacteroidales;f__Bacteroidaceae;g__Bacteroides;s__Bacteroides_fragilis	0.00202386544415	0.0481174292423	-0.0454430750665	0.0409188760372	-0.023862518964	0.00857675604286	-0.0256029072097	-0.0534605924757	-0.00355135649357	-0.0273222156172	-0.0184038221845	-0.0282278217891	-0.00701245138263	0.0271536015505	-0.0434481675185	-0.0684507865337	1.0	0.0949933710773	-0.00535903774914	0.0064193664669	0.00380695227974	-0.0444273014246	0.00393093568547	-0.0128548152897	-0.0505721075436	-0.0851673366553	0.0216784021054	0.00243107639964	-0.0065193965731	-0.0111558391598	-0.0395995592968	0.077062938911	0.00116667033942	0.00745389934792	0.0123430997805	0.00332582638211	-0.0332795912598	-0.00173029774429	0.00316016482808	0.00528653695996	0.020946576886	-0.0664974209787	0.0203286393476	0.0110651938933	0.00325300839956	-0.00600975348985	-0.0577958479468	0.05075232988	0.0190213357502	0.017951657322	-0.0378265055015	0.00806199547256	-0.0258350722405	0.0432043762204	-0.00593459910446	0.0217740957518	0.0164647898779	-0.0698938575478	-0.0130990141633
k__Bacteria;p__Proteobacteria;c__Betaproteobacteria;o__Burkholderiales;f__Sutterellaceae;g__Sutterella;s__Sutterella_wadsworthensis	-0.0201682858347	0.0973567576197	0.0784966411078	-0.0585539666725	0.04677592676	-0.0110484804589	0.00930648794387	-0.0140563278072	0.00185398938685	-0.016651792886	0.0063321987069	-0.0075957501117	-0.0864701815316	-0.0126737253076	-0.0588436921873	0.0406639884668	0.0949933710773	1.0	-0.0705794372867	-0.0838051873679	-0.052830475538	-0.0823870200916	-0.0380028388312	-0.0341807867264	0.013411272788	-0.0230113842518	0.0138656711723	-0.0386651372899	-0.0317864727591	-0.0597145212082	0.0669374665387	0.0101247331419	-0.00703689464274	0.038501673135	-0.00639807934346	-0.00486713394334	0.0271296156569	-0.0291822775171	0.0158075582737	-0.0278483751337	-0.0138552646584	0.0510574154162	0.0127331713379	0.0242499617855	-0.0614971167162	0.0032701865239	-0.0579207329723	-0.00810152600412	-0.0208584112576	0.00447056857221	-0.0410596325669	-0.0643026315973	-0.0479798350615	-0.0483980325896	-0.0586793008926	0.0732513655627	-0.0332982413902	0.0125686661871	-0.0799657087296
k__Bacteria;p__Bacteroidetes;c__Bacteroidia;o__Bacteroidales;f__Porphyromonadaceae;g__Barnesiella;s__Barnesiella_intestinihominis	0.0408107946489	0.00254566600678	-0.0286477966211	-0.0616929110761	-0.0704992059195	-0.0108451657538	-0.0234931656537	-0.0127503579193	0.026185822778	0.0321669242397	-0.0357515255086	-0.0311215153255	-0.03854768486	0.00904284755681	-0.00677118733973	-0.0837479019769	-0.00535903774914	-0.0705794372867	1.0	0.0148405813635	-0.0188070762726	0.0254489581894	-0.0402824977526	0.0691844776324	-0.00587636716245	-0.0289004421339	-0.0277769906424	-0.0349746449631	0.0240061846554	0.00163992496525	-0.023831547808	-0.0389312478431	0.109675092953	0.0799295471837	-0.0655052744977	0.0193237505366	0.0141669049397	0.0608391133826	-0.0220864095088	0.0176121475539	0.0767258332864	-0.0686074213877	0.0313281793823	-0.083801269438	-0.028607622807	0.0155388109794	-0.0625127707086	-0.0512811871617	-0.0505941412667	-0.0338454060901	0.0014809579835	-0.0185130567962	0.0317334174776	-0.0171228200368	0.0353472428014	-0.0217425072052	-0.0256411407327	0.0030586186342	0.0362375213665
k__Bacteria;p__Bacteroidetes;c__Bacteroidia;o__Bacteroidales;f__Odoribacteraceae;g__Odoribacter;s__Odoribacter_splanchnicus	0.0734482860313	-0.0370838176546	-0.0532181855827	0.0368536183915	0.0351368323301	-0.0583485201758	-0.0321555486066	0.0179383804328	-0.0219382127348	-0.0347639665027	-0.0343629250875	-0.113443736062	-0.0457560881215	-0.0549436184906	0.00604306285765	-0.0112484507893	0.0064193664669	-0.0838051873679	0.0148405813635	1.0	0.0692959562052	-0.0036862866871	-0.0521821821017	0.0160781563106	-0.00445034579748	0.0231063012808	-0.0993797541573	-0.0141557562691	-0.0272251793921	-0.0565379827645	-0.0836856699168	-0.00612448833022	0.00197581325045	-0.00437050858407	-0.0398812212331	-0.0778890864328	0.0383714034081	-0.0389869756943	0.0911048203737	0.00503903629525	0.0158530268823	-0.0207885721537	-0.0228291585216	0.0209179502979	-0.0214164495922	-0.0612912468195	0.0402816914759	0.0151464840976	0.000973728436588	0.011922625125	-0.0348635822581	0.0321152579614	-0.000162133335637	0.0265302901936	0.0747056028616	-0.0583820383841	0.00933192127089	-0.00134652008155	-0.0549200434731
k__Bacteria;p__Bacteroidetes;c__Bacteroidia;o__Bacteroidales;f__Bacteroidaceae;g__Bacteroides;s__Bacteroides_salyersiae	0.0186771164119	-0.0151757576121	-0.0224440855954	-0.00236557037959	-0.010997283794	0.0263596833163	-0.0111676575339	0.0149239634344	0.0576141271423	0.0178722814312	-0.00355755103635	-0.0239848618023	-0.0230947959192	-0.0157378860803	-0.0140735538713	0.00464700942446	0.00380695227974	-0.052830475538	-0.0188070762726	0.0692959562052	1.0	-0.00480684687417	-0.0169877385262	0.00691475874736	-0.0111875106199	-0.0113935598586	0.0179820326593	0.0275754759628	-0.0329305326882	-0.0157325169158	-0.00893615777451	0.0424484167441	-0.0625996012474	-0.00250461734358	-0.0738910436046	-0.0323531943699	-0.0146874036406	-0.0449439521421	-0.0149272317374	-0.0616534480666	0.0526052435609	-0.0238311372851	-0.0117565041051	-0.0718420662729	-0.00282982806887	-0.0274624089668	-0.0140183394792	-0.00681391986842	0.0417206113376	-0.0919513131454	0.0374365739215	0.0367593855567	0.0228650606251	-0.0964929338524	0.0616748649417	0.0273432254754	-0.0273409313252	-0.00516789903239	0.00180052371219
k__Bacteria;p__Firmicutes;c__Clostridia;o__Clostridiales;f__Ruminococcaceae;g__Ruminiclostridium;s__[Eubacterium]_siraeum	0.0116843955433	-0.0131177703127	0.0286408754553	0.00989545673135	-0.0622531998611	-0.0481819430438	0.0243931023973	0.0774679984807	-0.0222451064562	0.0350016624304	0.0127049490786	-0.0405637669061	0.0498224572562	0.0394935650634	-0.0104723910217	-0.0496521723153	-0.0444273014246	-0.0823870200916	0.0254489581894	-0.0036862866871	-0.00480684687417	1.0	0.0345595599065	-0.00262842666369	-0.0270560311973	0.0389911143118	-0.0212985533084	-0.006604906826	-0.0667816719266	0.0353975820108	-0.0297452692196	-0.013672682382	-0.0486773475819	-0.0132085166217	0.00817383009506	0.115853266012	-0.0707168327625	-0.0344038120218	-0.0580042964486	0.0727738300479	-0.0605723742592	-0.0273644532576	0.0554657431328	-0.0195926937242	-0.018468017457	-0.0579681739513	0.0534816549575	-0.108710139039	0.0177601876396	0.0466938100246	0.0322195445006	0.0327093583815	-0.0247419218072	-0.00374642630929	0.0100126067427	0.02745756998	0.0161393774948	0.0463966649293	-0.00328758377507
k__Bacteria;p__Proteobacteria;c__Betaproteobacteria;o__Burkholderiales;f__Sutterellaceae;g__Parasutterella;s__Parasutterella_excrementihominis	0.00353709029013	-0.0350026629985	0.0146757817679	-0.0330563391281	-0.0247832721791	0.0315334270748	0.00108840501765	-0.00962058853909	-0.0376836012179	-0.0263411312554	0.0762001529916	0.0180223854532	-0.0230545954778	-0.0222558316175	-0.0896071811463	-0.00795297699495	0.00393093568547	-0.0380028388312	-0.0402824977526	-0.0521821821017	-0.0169877385262	0.0345595599065	1.0	0.0692574144592	-0.00983970009691	-0.0185940028388	-0.0487240920521	-0.00644376260683	0.00289902193414	-0.0464473778501	-0.0431037663785	0.021917692306	-0.050899400392	-0.064384046565	-0.0672311458243	-0.0576944711063	0.00925477732246	-0.00366251432427	-0.0730339891052	0.0141990346984	-0.0824107691459	-0.0587064018825	0.042001255384	-0.0123593659031	-0.0137461320548	0.104805941372	0.0969703909858	0.0135611788779	0.012042827072	0.038203057243	0.00194045644093	-0.0330757484931	0.0292986340965	-0.0226600657239	-0.0537237875341	-0.075399726802	-0.0320071954438	-0.0477705708531	-0.0130301833828
k__Bacteria;p__Actinobacteria;c__Actinobacteria;o__Bifidobacteriales;f__Bifidobacteriaceae;g__Bifidobacterium;s__Bifidobacterium_adolescentis	-0.0491000688112	0.0113546167751	-0.0241183336807	-0.0177539828442	0.0160788005857	-0.0501916985372	-0.00439535367559	0.0155113005689	0.076819137662	0.0145311942854	0.0402639166206	-0.0986308104481	-0.0354621044301	-0.0437727252504	-0.0133864286789	0.00608024654393	-0.0128548152897	-0.0341807867264	0.0691844776324	0.0160781563106	0.00691475874736	-0.00262842666369	0.0692574144592	1.0	0.0238889612596	-0.0463148619948	-0.0360399001852	0.00604424638041	0.0321249141574	-0.00673706640566	0.00379182904761	-0.0144390156079	-0.0634463977232	-0.0648811475645	0.0105268663528	0.0282689998519	-0.0516549726698	-0.00132404091208	-0.00848906051692	-0.0148928946908	0.0377305981251	0.0136062809567	0.000774739464083	0.0122746635354	-0.0190593373144	-0.00160078634892	-0.062358547283	0.00127519388422	-0.0222738302912	-0.0308328975507	-0.0301674745396	-0.0213710459851	0.0600165197833	-0.0996554067207	0.0628611266179	-0.00969508998683	-0.0175267849787	0.0107327933129	-0.0306798967245
k__Bacteria;p__Firmicutes;c__Clostridia;o__Clostridiales;f__Oscillospiraceae;g__Oscillibacter;s__Oscillibacter_sp._KLE_1745	-0.0106021869882	0.0376473334927	-0.0345927842568	0.0580800105982	0.00409010808608	0.00134608282466	-0.00949330229129	-0.0133271369851	-0.0542279381392	-0.0475237502207	-0.0627749369995	0.029176765311	-0.0172218388999	-0.058534106242	-0.0183410988533	0.0753441357749	-0.0505721075436	0.013411272788	-0.00587636716245	-0.00445034579748	-0.0111875106199	-0.0270560311973	-0.00983970009691	0.0238889612596	1.0	-0.0555388913428	-0.0286801582472	-0.0118368748529	-0.0780052134015	-0.0249008721044	0.0575140792698	-0.0700709183026	-0.013910510926	-0.00610795441762	-0.101494537799	0.0120173983462	-0.0600479336399	0.00999460796451	-0.00741310806075	0.0262085944231	-0.00616479056527	-0.018240711636	-0.028013095602	-0.025355538469	-0.0288338394635	0.00128637636133	-0.052175127022	0.0070734023099	-0.0419545486973	-0.022332474653	-0.0113208960701	0.0125791632755	0.00390825260867	0.0165607519841	-0.0193825947711	0.0363291848242	-0.027464682309	0.0308135709339	0.0148309812733
k__Bacteria;p__Bacteroidetes;c__Bacteroidia;o__Bacteroidales;f__Bacteroidaceae;g__Bacteroides;s__Bacteroides_coprophilus	-0.0510454399544	0.0126630305966	0.0458299026663	0.0215391219075	-0.0413733615843	-0.0294235949084	-0.00461538586305	-0.0920953720711	-0.0223901742454	0.0186023842334	-0.0117703595365	0.0198383265451	-0.00605171038417	-0.0557959415756	0.0119001435817	0.00213126627824	-0.0851673366553	-0.0230113842518	-0.0289004421339	0.0231063012808	-0.0113935598586	0.0389911143118	-0.0185940028388	-0.0463148619948	-0.0555388913428	1.0	-0.0139332855565	0.0162757285307	0.0633127550669	0.103481094316	0.0340846215801	0.0294728297114	-0.0148906466185	0.00600623056494	0.0534891698694	-0.103014426055	-0.00281433409933	0.0188627629791	0.00120959126659	0.00175999260134	-0.028910720289	-0.0362199946136	0.0282229597468	-0.00181109654897	0.0360644053749	-0.0455352028506	-0.0119193246448	-0.0226457520634	-0.0430104714872	0.0211030924978	-0.00932850781528	-0.00385099521281	0.0173979057737	0.0125080635578	-0.0161942221868	0.0552980705107	-0.0504742364322	0.0468850829348	0.0545610618848
k__Bacteria;p__Firmicutes;c__Clostridia;o__Clostridiales;f__Lachnospiraceae;g__Roseburia;s__Roseburia_intestinalis	-0.0703283818172	-0.04493592259	0.0312723629343	0.0192039197757	0.00681188572869	-0.0126607965644	-0.0346999235674	-0.0366293391233	-0.0302204505876	-0.0515116360926	-0.021583115891	-0.00495239459741	0.0232487990329	-0.000409438652461	-0.0286443660715	0.0289588720979	0.0216784021054	0.0138656711723	-0.0277769906424	-0.0993797541573	0.0179820326593	-0.0212985533084	-0.0487240920521	-0.0360399001852	-0.0286801582472	-0.0139332855565	1.0	-0.056767201385	-0.0274300402501	0.0293440183851	-0.0801361942356	-0.00534391039562	0.00909383172371	-0.036189561346	0.0771000910019	0.0235538365088	-0.0453961639189	-0.0166764557938	-0.0207627034594	-0.0167269739018	-0.0571687277692	0.0154305608228	0.00293265306385	0.0182544414639	0.0134993420514	0.00537295790888	-0.015303238577	0.0610301291789	0.00653909446303	-0.0676735057993	-0.0288370891652	0.0269122548084	-0.0351845827154	-0.0235056690368	0.0344942282046	-0.00133178244386	0.0334787359723	-0.0536090619274	0.0114118565584
k__Bacteria;p__Firmicutes;c__Clostridia;o__Clostridiales;f__Lachnospiraceae;g__Roseburia;s__Roseburia_hominis	-0.0118460776592	-0.0186368192372	-0.0366717516757	-0.0523615271297	0.113099202002	0.029203253782	0.0481448539005	0.0826338562563	-0.0196033758652	-0.0861108913121	0.0646138697902	0.015650916499	-0.055318539139	-0.0603760187174	-0.0183141875433	-0.0465123303146	0.00243107639964	-0.0386651372899	-0.0349746449631	-0.0141557562691	0.0275754759628	-0.006604906826	-0.00644376260683	0.00604424638041	-0.0118368748529	0.0162757285307	-0.056767201385	1.0	0.0372314091744	0.018452255923	0.0080222279887	-0.0495647331611	-0.0248701228547	-0.0521113073999	-0.025434350196	0.00689958192202	-0.0422108891924	0.017455473597	-0.0837645517243	0.0249803697495	-0.0475098768356	-0.0290046437731	0.0350430998085	-0.0572293832098	0.052231846935	0.0251148719137	0.0335520938382	-0.0441132291309	0.0170854481318	-0.106896951856	-0.0596550511396	-0.032016241714	-0.0191828678777	0.0728953887534	0.0102618475785	0.0121542397918	-0.0173948977448	-0.064963010102	0.0111672829577
k__Bacteria;p__Bacteroidetes;c__Bacteroidia;o__Bacteroidales;f__Porphyromonadaceae;g__Parabacteroides;s__Parabacteroides_johnsonii	-0.0145140703303	-0.0147969203674	-0.0452659232426	0.0812029771584	-0.054587841462	0.0152611742009	-0.0255175801869	-0.0598152150374	-0.0514150499454	-0.0407742932633	-0.068895166322	0.0393215916316	0.01600277358	0.00152559321384	0.0304797825754	-0.0578385352706	-0.0065193965731	-0.0317864727591	0.0240061846554	-0.0272251793921	-0.0329305326882	-0.0667816719266	0.00289902193414	0.0321249141574	-0.0780052134015	0.0633127550669	-0.0274300402501	0.0372314091744	1.0	0.111325141338	0.0148426985173	-0.0120655415655	-0.0246728437402	-0.0271467822565	0.074155395027	-0.00882295874221	0.0455602158494	-0.046523089645	-0.00145688976107	-0.0297114762675	-0.0272089749934	-0.0333025119146	-0.0177466178218	0.0109610917292	0.0473749452352	-0.0401311693112	-0.0547013880425	0.00680226295919	-0.0265059377104	-0.00610497592854	-0.0586809005807	0.0616653194055	-0.00277350424405	-0.0177273890855	-0.0261681330395	-0.000472958407525	-0.0923964341943	0.0345440303937	-0.00676605786146
k__Bacteria;p__Actinobacteria;c__Actinobacteria;o__Bifidobacteriales;f__Bifidobacteriaceae;g__Bifidobacterium;s__Bifidobacterium_longum	0.0151207303564	-0.0673032918304	-0.0518730587768	-0.047159548424	-0.0780505256524	0.0450522650468	0.0208184085093	-0.00495813486005	-0.0109053133556	0.0486474772	0.0651250785012	-0.0343504946387	-0.0264153409052	0.0387244026328	-0.018049034172	-0.0554898401745	-0.0111558391598	-0.0597145212082	0.00163992496525	-0.0565379827645	-0.0157325169158	0.0353975820108	-0.0464473778501	-0.00673706640566	-0.0249008721044	0.103481094316	0.0293440183851	0.018452255923	0.111325141338	1.0	0.0132936504046	-0.0614231747187	-0.00423374766282	0.00456679042144	-0.0417825127996	-0.0376850140403	-0.0173943130818	-0.0419588024585	0.0119225675019	0.024110066952	-0.0487110339241	-0.0385389507488	0.0282249268532	0.0561908501092	0.0567846846407	0.0161219999621	-0.0133693978459	0.00664434122124	-0.011382720224	0.00797529241953	-0.0275267714218	0.0548880430862	-0.00705599718776	-0.0529763952353	-0.00267450326316	-0.00640150890677	-0.0126202324601	0.0202729987947	-0.0100313680236
