#taxonomy	k__Bacteria;p__Bacteroidetes;c__Bacteroidia;o__Bacteroidales;f__Bacteroidaceae;g__Bacteroides;s__Bacteroides_vulgatus	k__Bacteria;p__Bacteroidetes;c__Bacteroidia;o__Bacteroidales;f__Bacteroidaceae;g__Bacteroides;s__Bacteroides_uniformis	k__Bacteria;p__Bacteroidetes;c__Bacteroidia;o__Bacteroidales;f__Rikenellaceae;g__Alistipes;s__Alistipes_putredinis	k__Bacteria;p__Bacteroidetes;c__Bacteroidia;o__Bacteroidales;f__Prevotellaceae;g__Prevotella;s__Prevotella_copri	k__Bacteria;p__Bacteroidetes;c__Bacteroidia;o__Bacteroidales;f__Bacteroidaceae;g__Bacteroides;s__Bacteroides_stercoris	k__Bacteria;p__Bacteroidetes;c__Bacteroidia;o__Bacteroidales;f__Bacteroidaceae;g__Bacteroides;s__Bacteroides_ovatus	k__Bacteria;p__Bacteroidetes;c__Bacteroidia;o__Bacteroidales;f__Rikenellaceae;g__Alistipes;s__Alistipes_shahii	k__Bacteria;p__Firmicutes;c__Clostridia;o__Clostridiales;f__Ruminococcaceae;g__Faecalibacterium;s__Faecalibacterium_prausnitzii	k__Bacteria;p__Bacteroidetes;c__Bacteroidia;o__Bacteroidales;f__Rikenellaceae;g__Alistipes;s__Alistipes_finegoldii	k__Bacteria;p__Bacteroidetes;c__Bacteroidia;o__Bacteroidales;f__Porphyromonadaceae;g__Parabacteroides;s__Parabacteroides_distasonis	k__Bacteria;p__Bacteroidetes;c__Bacteroidia;o__Bacteroidales;f__Bacteroidaceae;g__Bacteroides;s__Bacteroides_thetaiotaomicron	k__Bacteria;p__Bacteroidetes;c__Bacteroidia;o__Bacteroidales;f__Bacteroidaceae;g__Bacteroides;s__Bacteroides_coprocola	k__Bacteria;p__Bacteroidetes;c__Bacteroidia;o__Bacteroidales;f__Bacteroidaceae;g__Bacteroides;s__Bacteroides_cellulosilyticus	k__Bacteria;p__Bacteroidetes;c__Bacteroidia;o__Bacteroidales;f__Rikenellaceae;g__Alistipes;s__Alistipes_obesi	k__Bacteria;p__Firmicutes;c__Clostridia;o__Clostridiales;f__Lachnospiraceae;g__;s__[Eubacterium]_rectale	k__Bacteria;p__Bacteroidetes;c__Bacteroidia;o__Bacteroidales;f__Bacteroidaceae;g__Bacteroides;s__Bacteroides_plebeius	k__Bacteria;p__Bacteroidetes;c__Bacteroidia;o__Bacteroidales;f__Bacteroidaceae;g__Bacteroides;s__Bacteroides_fragilis	k__Bacteria;p__Proteobacteria;c__Betaproteobacteria;o__Burkholderiales;f__Sutterellaceae;g__Sutterella;s__Sutterella_wadsworthensis	k__Bacteria;p__Bacteroidetes;c__Bacteroidia;o__Bacteroidales;f__Porphyromonadaceae;g__Barnesiella;s__Barnesiella_intestinihominis	k__Bacteria;p__Bacteroidetes;c__Bacteroidia;o__Bacteroidales;f__Odoribacteraceae;g__Odoribacter;s__Odoribacter_splanchnicus	k__Bacteria;p__Bacteroidetes;c__Bacteroidia;o__Bacteroidales;f__Bacteroidaceae;g__Bacteroides;s__Bacteroides_salyersiae	k__Bacteria;p__Firmicutes;c__Clostridia;o__Clostridiales;f__Ruminococcaceae;g__Ruminiclostridium;s__[Eubacterium]_siraeum	k__Bacteria;p__Proteobacteria;c__Betaproteobacteria;o__Burkholderiales;f__Sutterellaceae;g__Parasutterella;s__Parasutterella_excrementihominis	k__Bacteria;p__Actinobacteria;c__Actinobacteria;o__Bifidobacteriales;f__Bifidobacteriaceae;g__Bifidobacterium;s__Bifidobacterium_adolescentis	k__Bacteria;p__Firmicutes;c__Clostridia;o__Clostridiales;f__Oscillospiraceae;g__Oscillibacter;s__Oscillibacter_sp._KLE_1745	k__Bacteria;p__Bacteroidetes;c__Bacteroidia;o__Bacteroidales;f__Bacteroidaceae;g__Bacteroides;s__Bacteroides_coprophilus	k__Bacteria;p__Firmicutes;c__Clostridia;o__Clostridiales;f__Lachnospiraceae;g__Roseburia;s__Roseburia_intestinalis	k__Bacteria;p__Firmicutes;c__Clostridia;o__Clostridiales;f__Lachnospiraceae;g__Roseburia;s__Roseburia_hominis	k__Bacteria;p__Bacteroidetes;c__Bacteroidia;o__Bacteroidales;f__Porphyromonadaceae;g__Parabacteroides;s__Parabacteroides_johnsonii	k__Bacteria;p__Actinobacteria;c__Actinobacteria;o__Bifidobacteriales;f__Bifidobacteriaceae;g__Bifidobacterium;s__Bifidobacterium_longum	k__Bacteria;p__Firmicutes;c__Clostridia;o__Clostridiales;f__;g__Flavonifractor;s__Flavonifractor_plautii	k__Bacteria;p__Firmicutes;c__Clostridia;o__Clostridiales;f__Clostridiaceae;g__Clostridium;s__Clostridium_phoceensis	k__Bacteria;p__Verrucomicrobia;c__Verrucomicrobiae;o__Verrucomicrobiales;f__Akkermansiaceae;g__Akkermansia;s__Akkermansia_muciniphila	k__Bacteria;p__Bacteroidetes;c__Bacteroidia;o__Bacteroidales;f__Prevotellaceae;g__Paraprevotella;s__Paraprevotella_xylaniphila	k__Bacteria;p__Firmicutes;c__Clostridia;o__Clostridiales;f__Ruminococcaceae;g__Ruminococcus;s__Ruminococcus_callidus	k__Bacteria;p__Bacteroidetes;c__Bacteroidia;o__Bacteroidales;f__Rikenellaceae;g__Alistipes;s__Alistipes_senegalensis	k__Bacteria;p__Firmicutes;c__Clostridia;o__Clostridiales;f__Lachnospiraceae;g__Blautia;s__Blautia_sp._KLE_1732	k__Bacteria;p__Bacteroidetes;c__Bacteroidia;o__Bacteroidales;f__Bacteroidaceae;g__Bacteroides;s__Bacteroides_oleiciplenus	k__Bacteria;p__Firmicutes;c__Clostridia;o__Clostridiales;f__Ruminococcaceae;g__Ruminococcus;s__Ruminococcus_bicirculans	k__Bacteria;p__Bacteroidetes;c__Bacteroidia;o__Bacteroidales;f__Bacteroidaceae;g__Bacteroides;s__Bacteroides_fluxus	k__Bacteria;p__Bacteroidetes;c__Bacteroidia;o__Bacteroidales;f__Prevotellaceae;g__Prevotella;s__Prevotella_stercorea	k__Bacteria;p__Firmicutes;c__Clostridia;o__Clostridiales;f__Lachnospiraceae;g__Dorea;s__Dorea_longicatena	k__Bacteria;p__Firmicutes;c__Clostridia;o__Clostridiales;f__Eubacteriaceae;g__Eubacterium;s__[Eubacterium]_eligens	k__Bacteria;p__Firmicutes;c__Clostridia;o__Clostridiales;f__Ruminococcaceae;g__;s__Ruminococcaceae_bacterium_D16	k__Bacteria;p__Firmicutes;c__Clostridia;o__Clostridiales;f__Lachnospiraceae;g__Coprococcus;s__Coprococcus_comes	k__Bacteria;p__Proteobacteria;c__Gammaproteobacteria;o__Enterobacterales;f__Enterobacteriaceae;g__Escherichia;s__Escherichia_coli	k__Bacteria;p__Firmicutes;c__Clostridia;o__Clostridiales;f__Ruminococcaceae;g__Anaerotruncus;s__Anaerotruncus_colihominis	k__Bacteria;p__Firmicutes;c__Clostridia;o__Clostridiales;f__Lachnospiraceae;g__Blautia;s__Blautia_obeum	k__Bacteria;p__Bacteroidetes;c__Bacteroidia;o__Bacteroidales;f__Odoribacteraceae;g__Odoribacter;s__Odoribacter_laneus	k__Bacteria;p__Firmicutes;c__Clostridia;o__Clostridiales;f__Ruminococcaceae;g__Ruminiclostridium;s__[Clostridium]_leptum	k__Bacteria;p__Bacteroidetes;c__Bacteroidia;o__Bacteroidales;f__Porphyromonadaceae;g__Parabacteroides;s__Parabacteroides_goldsteinii	k__Bacteria;p__Firmicutes;c__Clostridia;o__Clostridiales;f__Lachnospiraceae;g__Anaerostipes;s__Anaerostipes_hadrus	k__Bacteria;p__Firmicutes;c__Clostridia;o__Clostridiales;f__Ruminococcaceae;g__Ruminococcus;s__Ruminococcus_lactaris	k__Bacteria;p__Firmicutes;c__Clostridia;o__Clostridiales;f__Clostridiaceae;g__Clostridium;s__Clostridium_sp._L2-50	k__Bacteria;p__Firmicutes;c__Clostridia;o__Clostridiales;f__Clostridiaceae;g__Clostridium;s__Clostridium_sp._M62/1	k__Bacteria;p__Firmicutes;c__Clostridia;o__Clostridiales;f__;g__Intestinimonas;s__Intestinimonas_butyriciproducens	k__Bacteria;p__Actinobacteria;c__Actinobacteria;o__Bifidobacteriales;f__Bifidobacteriaceae;g__Bifidobacterium;s__Bifidobacterium_bifidum	k__Bacteria;p__Firmicutes;c__Negativicutes;o__Veillonellales;f__Veillonellaceae;g__Dialister;s__Dialister_invisus	k__Bacteria;p__Bacteroidetes;c__Bacteroidia;o__Bacteroidales;f__Bacteroidaceae;g__Bacteroides;s__Bacteroides_salanitronis
k__Bacteria;p__Bacteroidetes;c__Bacteroidia;o__Bacteroidales;f__Bacteroidaceae;g__Bacteroides;s__Bacteroides_vulgatus	1.0	0.0303200577877	0.0254179752924	-0.0474648931582	-0.0811308597051	-0.0618088011848	-0.023070070409	-0.0399867391011	-0.0165800176359	-0.0440111849796	-0.0162960223692	-0.026804925367	-0.0710225982046	-0.0160352613812	-0.0318671648081	0.0817497660197	0.00554151222801	-0.0994101149896	-0.0110103767223	-0.0266568887628	-0.0487204465238	-0.028871543457	-0.0179572110384	0.0264899579953	-0.0451391380883	-0.0580428383022	0.005280065547	-0.0140289257542	-0.0135100717323	-0.0648824705915	-0.0480191539576	-0.0100352186013	0.0863438656112	-0.0737136391365	-0.00689929699974	-0.048042255034	0.0716140111426	-0.0263063754478	0.042321095495	-0.000650380333346	-0.0100305709279	-0.0227783298746	0.0177100722887	0.0596305487551	0.022597977243	-0.0495497503168	0.0185944394842	0.0181772276636	0.0412176818394	0.00400952335493	0.0080274794287	0.0253584680519	-0.028372470198	-0.094410264097	-0.0185840271879	0.0110405924648	-0.0627104231462	0.000107831945117	-0.0305774904008
k__Bacteria;p__Bacteroidetes;c__Bacteroidia;o__Bacteroidales;f__Bacteroidaceae;g__Bacteroides;s__Bacteroides_uniformis	0.0303200577877	1.0	0.0282344347875	-0.0071681939165	0.000692992030799	-0.0653255522469	-0.0364748501806	0.00861788972822	0.0104520954334	-0.0404311663344	-0.0119477425316	-0.0621538343448	-0.028275696869	-0.0190877537015	-0.0452480290973	0.0338654079739	-0.0145701577863	-0.00443342789783	0.00923217359401	-0.0438556242536	0.0308800754986	-0.0288244512303	-0.00431127447005	0.0718515220986	0.0317253444434	0.0217814317855	0.0206307386446	0.0213188835667	-0.0523266032506	-0.0160337263578	0.0473703149167	-0.0612189223163	0.0128611883049	-0.0214658809376	-0.106216185012	-0.0156389838419	-0.0162417623957	0.0289787714277	-0.0457305984131	-0.0695073580213	-0.00655557233383	0.00405571552586	-0.00777919850584	-0.000703281731577	0.000929640992051	-0.020817355103	0.0061431178005	-0.0464517511275	0.0134219634579	0.050831338489	-0.0640396503012	-0.025936166201	-0.00199547204165	0.0503626463802	-0.01412489362	0.0417895919323	0.0403279763565	-0.0294903119847	-0.0112456097392
k__Bacteria;p__Bacteroidetes;c__Bacteroidia;o__Bacteroidales;f__Rikenellaceae;g__Alistipes;s__Alistipes_putredinis	0.0254179752924	0.0282344347875	1.0	-0.0255574791004	-0.0489348742331	-0.0221755028152	-0.0909753351771	-0.0522210364443	0.0357798519175	0.0405055911681	-0.0164165069549	-0.0174207980769	0.0205197974091	-0.0602146798353	-0.00856715378891	0.00707204198204	-0.0501060127584	-0.0869412975841	-0.0282847063661	0.00900557813873	0.0456268147224	0.00850952806452	-0.0139957248937	0.0392421348088	-0.00758124937075	0.0194513573674	0.0107714825161	0.0134906141147	0.0415182553162	0.0146876054823	-0.0632878058388	-0.0541368512591	-0.010892906936	-0.00177691762921	0.0350926947531	-0.0636271436569	-0.0304329947018	0.00922134156016	0.0277284519736	-0.0199551219262	-0.0693149888907	-0.021399269458	-0.0236577414139	-0.0443267978016	-0.00831087597992	0.00742857696281	0.0743239748013	-0.0619421438969	-0.044641635888	0.0317713284536	0.0662986307402	0.00684019929441	0.00534513113122	-0.00509707080442	-0.0197846028249	-0.0178063623366	-0.0636562319911	-0.000853106132571	0.0504775943148
k__Bacteria;p__Bacteroidetes;c__Bacteroidia;o__Bacteroidales;f__Prevotellaceae;g__Prevotella;s__Prevotella_copri	-0.0474648931582	-0.0071681939165	-0.0255574791004	1.0	-0.0334264853801	0.00677872371935	-0.0356360969818	0.0171828463248	-0.0238641912114	0.0231216797295	0.00590831878904	-0.0483706291564	-0.0347150556042	0.0169004514523	-0.00999839926474	0.0455580050203	0.013404834587	-0.0206267236258	-0.00126009557208	0.0662065012001	-0.0809081461013	0.0331355769292	-0.062344084734	-0.0645750631889	-0.00668334321899	0.0541779041696	-0.057045141107	0.0705784848744	-0.0108340312395	-0.0486565469822	-0.0135160547638	0.060207614003	-0.0201585020219	-0.0190259359288	0.0197429549204	0.00765844111433	0.0209135753097	-0.0194460526425	-0.0212758571474	-0.0237812042028	0.0414338458215	0.0121156254401	-0.00549874355341	-0.0151768024422	0.013825753698	-0.0116593786412	0.031221745752	-0.0935521440022	-0.0424530766336	-0.0177987955165	0.00467782569433	-0.0404539535126	-0.0203286995089	-0.00507098253125	0.00230097009958	-0.0090997128382	-0.0298106543477	-0.0347157583889	-0.0628251374513
k__Bacteria;p__Bacteroidetes;c__Bacteroidia;o__Bacteroidales;f__Bacteroidaceae;g__Bacteroides;s__Bacteroides_stercoris	-0.0811308597051	0.000692992030799	-0.0489348742331	-0.0334264853801	1.0	-0.0309779298106	0.02368633786	0.0208647361514	-0.0712993633526	0.0181245473097	-0.00641529668446	-0.00392781419255	0.0578050174712	-0.0333197932337	0.0572211313045	-0.0475671599051	-0.0772650439719	-0.0358216635774	-0.00652292677134	-0.0297593961718	0.00204161282765	-0.0313811281135	0.0241443000052	0.00211027117077	-0.014425711768	0.00861458044602	0.0263902010481	-0.0322399248011	0.0321527405271	0.046240961478	0.0171646539885	-0.00440440110464	-0.0239502057049	-0.0103115864258	-0.0553887036456	0.0213761983939	0.015053519079	0.011224373705	-0.00494872632778	-0.0210141787491	-0.0478331611363	-0.0400922495868	0.0182504719638	-0.0671180879507	-0.0243540809899	0.0138613615846	-0.0435470211492	-0.00248013943589	-0.00982647526383	0.00916007328781	-0.0488471880175	0.00910164148272	-0.0111179549642	-0.0152006569472	-0.0190517693156	-0.0306929950377	-0.0498614998083	-0.0386139588591	-0.00436303062505
k__Bacteria;p__Bacteroidetes;c__Bacteroidia;o__Bacteroidales;f__Bacteroidaceae;g__Bacteroides;s__Bacteroides_ovatus	-0.0618088011848	-0.0653255522469	-0.0221755028152	0.00677872371935	-0.0309779298106	1.0	-0.0016233819922	-0.0668688311484	0.0410957076527	0.00142985413367	0.0253215635896	0.00779079956498	-0.0706122746602	-0.0315422403913	0.0172330115671	-0.00510734769288	-0.0189540986446	-0.0352843147566	0.00692488813844	-0.0373015009549	0.0285451961027	-0.0193599323591	0.0125791143586	-0.0250389148138	0.00912070375693	-0.0364560779327	-0.0343755839886	-3.37304996424e-05	-0.101614655995	0.010931413666	-0.0526988774282	-0.0667869812485	0.0381933765012	0.057440778594	0.0186280842874	0.0354115180847	-0.0503073939283	-0.0128020401782	0.00158697974476	0.0136561272639	-0.0380123222276	-0.0306396163261	0.00777890980999	-0.0581591968525	-0.00762017321847	-0.0195399470633	-0.0196852880358	0.0151787727284	0.0059484312387	-0.0378466736883	-0.0293671475879	0.0166447958372	-0.0129138574596	0.0209173252626	-0.0517155182345	0.000964666853967	-0.0429068298092	-0.0397724577795	-0.0387830630707
k__Bacteria;p__Bacteroidetes;c__Bacteroidia;o__Bacteroidales;f__Rikenellaceae;g__Alistipes;s__Alistipes_shahii	-0.023070070409	-0.0364748501806	-0.0909753351771	-0.0356360969818	0.02368633786	-0.0016233819922	1.0	-0.0128013444556	0.107543116099	-0.0282264757267	-0.00298025393424	-0.0121989884123	-0.0544982714906	-0.0255971041173	0.0327589522583	-0.0279292350499	0.00473564178038	0.0397221823483	-0.0144764060082	0.0101105110051	-0.0111203891752	0.0339161462322	0.00518102387484	-0.0299681254247	0.000367188227905	0.0655868316561	-0.0515515420477	-0.0363082494115	0.032560351031	-0.00969834116579	0.0280917956056	0.0367416126531	-0.0142664827056	-0.0542718417717	-0.0672154733449	-0.049994915426	-0.0357237159441	-0.00266599427044	-0.00654318565843	0.0114049378272	0.00583177626371	-0.00145785805365	-0.0249556901559	0.02837339036	-0.060284577012	-0.0469095421135	-0.0401514740242	-0.0259938247441	0.0491588261512	0.041339114416	-0.0126993345386	-0.0460101147436	-0.0777378755908	-0.0265304015823	-0.0353614878787	0.0278012322603	0.00657247342099	0.0460210564629	-0.0301257884433
k__Bacteria;p__Firmicutes;c__Clostridia;o__Clostridiales;f__Ruminococcaceae;g__Faecalibacterium;s__Faecalibacterium_prausnitzii	-0.0399867391011	0.00861788972822	-0.0522210364443	0.0171828463248	0.0208647361514	-0.0668688311484	-0.0128013444556	1.0	0.0169478032215	-0.0215441929413	-0.000137179085813	-0.00532699104943	-0.0194312065497	0.0104429024222	0.0172730782337	0.00103227286993	0.039481039351	0.031686871988	-0.0037955050158	-0.0115655647356	0.0177140929816	0.0353072278649	-0.0406850819301	0.0276413310522	-0.00802989477466	-0.0250871887681	-0.0582383181216	0.0527592918817	0.0337832784416	0.0161266446578	-0.00834536555438	-0.0739196850861	0.0363628212502	0.0480240846085	0.0585343646127	-0.00800767625672	-0.00523042021362	-0.00761215693345	0.0574766699975	0.0243672414755	-0.0300845221863	-0.00945719619304	-0.0322352474534	-0.0415305093448	-0.0444972556106	-0.0442042355644	-0.0361812481957	-0.00363814670856	0.00398168283386	0.0516909117624	-0.0380423394821	-0.0205951881638	0.0212399651371	0.0194554663581	-1.12137773697e-05	-0.0153693759906	-0.0900392331108	0.0114497714247	-0.0276802402283
k__Bacteria;p__Bacteroidetes;c__Bacteroidia;o__Bacteroidales;f__Rikenellaceae;g__Alistipes;s__Alistipes_finegoldii	-0.0165800176359	0.0104520954334	0.0357798519175	-0.0238641912114	-0.0712993633526	0.0410957076527	0.107543116099	0.0169478032215	1.0	-0.00547823857568	-0.0430034990199	-0.0648684749417	0.00426760321656	-0.0267493583752	-0.0147659157665	-0.0140588965624	-0.0333835664589	0.0167695298883	0.0139376774005	0.0892431164578	-0.0247365975558	0.0273170657025	-0.025628645563	-0.00318744884099	-0.0358559593151	-0.0185851138812	-0.00216950213672	-0.0181332819105	-0.0199857142082	-0.0868614084984	0.0231655159869	0.0403194666386	0.0120293802418	-0.0439282398537	-0.0241945073419	0.0245893711249	-0.00201608342243	-0.0326187298007	0.00407086307823	-0.0104003481804	0.0556313988791	-0.0571735134713	-0.0208171380629	-0.0210770800629	0.117304401599	-0.0118069423449	-0.0264009263623	-0.00108829639946	-0.0593133792021	-0.0568433277526	0.0100802973377	0.0103799209963	-0.00307540899812	-0.0660481701763	0.0225622433275	0.0426123086411	-0.0238746463746	-0.0477070447606	-0.0782111570105
k__Bacteria;p__Bacteroidetes;c__Bacteroidia;o__Bacteroidales;f__Porphyromonadaceae;g__Parabacteroides;s__Parabacteroides_distasonis	-0.0440111849796	-0.0404311663344	0.0405055911681	0.0231216797295	0.0181245473097	0.00142985413367	-0.0282264757267	-0.0215441929413	-0.00547823857568	1.0	0.00336680543284	-0.0138407624222	-0.111173565009	-0.0854119742245	0.0224951896206	-0.00887207269455	-0.0312749510808	-0.0293009209121	-0.0766217305355	-0.0126485431888	0.0828484942031	-0.0214472796687	-0.0236167469534	-0.0285905843717	0.0281287534969	-0.0443085226759	0.0368027782959	0.0715246919384	-0.0265377733739	0.0306169831104	0.00393903305389	0.0177514948137	-0.0519441917827	-0.00154917426345	0.0105146742333	0.0743064038015	-0.0499919332877	-0.0234519309818	-0.0639541113696	0.00652399927891	0.0371526520317	-0.0122355509506	8.08200458876e-05	0.00757803552612	-0.0408162540599	-0.00707319354868	-0.11129896273	-0.0156130013971	0.0315515890923	-0.0404713008075	0.00287338699249	0.0614833058178	0.0415055742144	0.0112234565568	-0.00190779950911	-0.00481878101239	0.045912738215	0.0568095688065	-0.0504695576071
k__Bacteria;p__Bacteroidetes;c__Bacteroidia;o__Bacteroidales;f__Bacteroidaceae;g__Bacteroides;s__Bacteroides_thetaiotaomicron	-0.0162960223692	-0.0119477425316	-0.0164165069549	0.00590831878904	-0.00641529668446	0.0253215635896	-0.00298025393424	-0.000137179085813	-0.0430034990199	0.00336680543284	1.0	0.000257082337463	0.0201903848326	-0.027710575832	0.0387473128638	-0.0304954500731	-0.0779114820769	0.01093574251	-0.0125545810735	0.0139975172498	-0.0166967750413	-0.0675122843761	-0.0330839917177	0.0371099716694	0.0272347544072	-0.01021304235	-0.011100467439	-0.0178190944562	-0.0715513680289	-0.0409801247555	-0.00444408836088	0.00487985557821	0.0209816917966	0.0369700606048	-0.0457157181706	0.00294269962867	-0.0496424634982	0.0313245444537	0.00507105712948	-0.00828848328205	-0.00892019373141	-0.0182196254308	-0.0877082963966	-0.0221832556835	0.00733343608875	-0.0555158737429	-0.0531764227313	-0.0183259774668	-0.0733991267021	-0.00572264686429	-0.000770688431681	-0.041416413399	-0.0578688088487	0.000320865070667	-0.0303006783697	0.0103113144722	-0.0381380000931	0.00809903128896	0.0612676785101
k__Bacteria;p__Bacteroidetes;c__Bacteroidia;o__Bacteroidales;f__Bacteroidaceae;g__Bacteroides;s__Bacteroides_coprocola	-0.026804925367	-0.0621538343448	-0.0174207980769	-0.0483706291564	-0.00392781419255	0.00779079956498	-0.0121989884123	-0.00532699104943	-0.0648684749417	-0.0138407624222	0.000257082337463	1.0	-0.0405120403405	-0.0390526207818	-0.0440371060521	-0.0176759107671	-0.0252264920407	0.000408807457062	-0.0747405556618	-0.0749647842331	-0.012805165975	-0.0112735758686	-0.0122526227726	-0.0409054150204	0.0439762822823	-0.0298349661281	-0.00884850554445	0.0102985263793	-0.073697407391	0.0453610114648	-0.030955740381	0.019230744115	-0.0460615426804	-0.0362527428763	-0.0252851152291	-0.122669932061	-0.0201272302792	-0.0339160320619	0.0586271910197	0.00235486384191	0.031124141504	-0.00673504934362	-0.0161124123331	0.0287187936667	0.015978463695	-0.00890938143624	-0.0395534219179	-0.0130543548429	-0.0539245207467	0.0364422914761	0.0312003903184	-0.0630259658674	-0.0232409024064	0.00270889615696	-0.0184578887946	0.0709095030612	0.0156092046781	0.0119032137389	0.0248404968853
k__Bacteria;p__Bacteroidetes;c__Bacteroidia;o__Bacteroidales;f__Bacteroidaceae;g__Bacteroides;s__Bacteroides_cellulosilyticus	-0.0710225982046	-0.028275696869	0.0205197974091	-0.0347150556042	0.0578050174712	-0.0706122746602	-0.0544982714906	-0.0194312065497	0.00426760321656	-0.111173565009	0.0201903848326	-0.0405120403405	1.0	-0.000810789213698	-0.0800062940277	-0.0100837791755	0.0365277608757	-0.024736690957	0.0388514604741	-0.00375755445343	-0.0286316458494	0.0083239032621	-0.0643687096982	0.0377039808552	0.0149899002374	0.00847177525241	0.0412681898128	0.00571394076734	-0.0273586356065	-0.00195715672549	0.0204118639919	0.00438931350942	-0.0273901683196	0.0474506599359	-0.0403141438393	0.00492107683288	-0.0261422614927	-0.0866749244707	0.00215415933415	-0.0698925791683	0.0253885665686	-0.0792421395375	0.000339978252687	-0.0430589959474	-0.008371858944	0.0254292934099	-0.026509495898	-0.0304613158719	0.0045642170467	-0.0420029524815	0.0293159606737	-0.0792199574723	0.0436189472541	-0.0107928303697	-0.00594255380355	-0.0461150267785	0.0553532143467	-0.000531408833618	0.0227179586772
k__Bacteria;p__Bacteroidetes;c__Bacteroidia;o__Bacteroidales;f__Rikenellaceae;g__Alistipes;s__Alistipes_obesi	-0.0160352613812	-0.0190877537015	-0.0602146798353	0.0169004514523	-0.0333197932337	-0.0315422403913	-0.0255971041173	0.0104429024222	-0.0267493583752	-0.0854119742245	-0.027710575832	-0.0390526207818	-0.000810789213698	1.0	-0.0286545206239	0.00778680868933	-0.0470149883023	0.066748782503	-0.0312838092523	0.0923890482537	-0.0418084903373	0.0192075806947	0.0254831757616	-0.0631269538646	-0.025122242496	-0.034140752088	-0.0101001918309	-0.0138010049696	0.0367754307352	0.0121890058943	-0.0356065183285	0.00683506175434	-0.0272986579176	0.0241330904416	0.0198022133193	-0.0234446023046	0.0277309148092	-0.00366546640681	0.0213863403037	0.0384770252988	-0.0275823653466	0.00275446942884	0.014097429239	-0.0418397354974	0.0190806550492	-0.0295684504908	-0.0542220594026	0.0246091971212	0.0698513482626	0.0173962243233	-0.049026178398	0.0102495332377	0.000917609266615	-0.0866811612147	0.0209839693643	0.000456056563082	0.00318131541195	0.00652600075231	-0.104378796651
k__Bacteria;p__Firmicutes;c__Clostridia;o__Clostridiales;f__Lachnospiraceae;g__;s__[Eubacterium]_rectale	-0.0318671648081	-0.0452480290973	-0.00856715378891	-0.00999839926474	0.0572211313045	0.0172330115671	0.0327589522583	0.0172730782337	-0.0147659157665	0.0224951896206	0.0387473128638	-0.0440371060521	-0.0800062940277	-0.0286545206239	1.0	-0.0145458264804	-0.0161313036839	-0.0567687941804	0.0270712751268	0.0624942522308	-0.0311545552339	-0.0587866111369	0.0176635897673	-0.0166730020714	0.0382269366504	0.0203893941444	-0.0200382038323	-0.00475427635827	-0.00953639459139	0.000445930581699	-0.016523850031	-0.0253764045214	-0.0629169110145	-0.04009450061	-0.0214536720513	-0.0355289682996	-0.0212475390255	-0.0532500755646	-0.0367858345578	-0.0239803547783	0.0692811272388	0.0225015785868	-0.0688914885487	-0.0560942023874	0.0212421053637	-0.0941387087268	-0.0691756964817	0.0383599395322	-0.032724390328	0.0676657895936	0.00708023324799	0.000311607380825	-0.0151110301141	0.00808194888985	-0.00734596718146	-0.0552131874936	-0.0575858617092	-0.00209876698508	0.0349983224547
k__Bacteria;p__Bacteroidetes;c__Bacteroidia;o__Bacteroidales;f__Bacteroidaceae;g__Bacteroides;s__Bacteroides_plebeius	0.0817497660197	0.0338654079739	0.00707204198204	0.0455580050203	-0.0475671599051	-0.00510734769288	-0.0279292350499	0.00103227286993	-0.0140588965624	-0.00887207269455	-0.0304954500731	-0.0176759107671	-0.0100837791755	0.00778680868933	-0.0145458264804	1.0	-0.037446884881	-0.0461355555548	0.089998983426	-0.0200809365736	0.0307179843267	0.0514015656538	0.0211080713441	0.0425593492876	-0.0280803518571	-0.103299890498	-0.0563470363042	-0.0373488224649	-0.0250400095744	-0.0198718931358	0.031809120814	-0.082939447289	-0.0268979248211	0.00716226734313	0.00143902814649	-0.00404682278579	0.0113888870583	-0.0011384857985	-0.0126006271498	0.0169370147904	-0.0277333984666	-0.0418076347421	0.0087016862333	0.0563609858759	-0.0539479600484	-0.048939877626	-0.0439931800361	0.0138948352631	-0.0145891733341	-0.00426535955065	-0.0944786058225	0.0731539083128	-0.0495531292065	-0.0579730765603	-0.00500602376409	0.00458213382447	-0.0167430614597	0.0346858911042	-0.017928738144
k__Bacteria;p__Bacteroidetes;c__Bacteroidia;o__Bacteroidales;f__Bacteroidaceae;g__Bacteroides;s__Bacteroides_fragilis	0.00554151222801	-0.0145701577863	-0.0501060127584	0.013404834587	-0.0772650439719	-0.0189540986446	0.00473564178038	0.039481039351	-0.0333835664589	-0.0312749510808	-0.0779114820769	-0.0252264920407	0.0365277608757	-0.0470149883023	-0.0161313036839	-0.037446884881	1.0	-0.00192455511263	0.0111806453879	-0.0372236994528	0.0150741188662	0.0190241586169	-0.0511067014871	-0.0625576297367	0.0182990607419	0.0445426214582	-0.0166011322428	0.0257407477263	-0.0207473017181	-0.0373473179956	0.00685825173621	-0.0607297166333	0.00324916683427	0.0233405076743	0.00809709764629	-0.0185633257653	-0.00164571355476	-0.058000768446	-0.0490512128121	0.021005453118	-0.0679333932882	-0.011333362332	-0.014626607265	-0.0257464220844	-0.00911681003099	0.0146835752855	0.00221597823561	-0.0212887536778	0.014898750081	0.0219491032499	0.0537188572111	-0.00106959195421	0.0422049616264	-0.0355538931701	0.00760622248601	0.0169662179331	0.00560780038157	-0.0488014889218	-0.0302656855183
k__Bacteria;p__Proteobacteria;c__Betaproteobacteria;o__Burkholderiales;f__Sutterellaceae;g__Sutterella;s__Sutterella_wadsworthensis	-0.0994101149896	-0.00443342789783	-0.0869412975841	-0.0206267236258	-0.0358216635774	-0.0352843147566	0.0397221823483	0.031686871988	0.0167695298883	-0.0293009209121	0.01093574251	0.000408807457062	-0.024736690957	0.066748782503	-0.0567687941804	-0.0461355555548	-0.00192455511263	1.0	0.000122468922423	-0.0574353875327	0.0147076899127	0.0672158795459	0.0391446560232	-0.0591325658852	0.02089288563	-0.0327220090486	0.0152545835211	-0.0220555866356	-0.00527291316384	0.0710536530495	-0.0370839171266	-0.0349423049476	0.0348866934285	-0.0637100896891	0.0577618424212	0.0240828404572	-0.00816143428316	-0.0613417467041	0.012500858993	-0.00125804862365	0.0128936676497	-0.00277042884768	-0.0515074523172	-0.0570549368165	0.0407224095025	-0.0144016505226	-0.0460279719587	0.0705484729058	-0.0415970070708	-0.0162474976926	-0.00809102625607	0.0946698506439	-0.0402566989141	-0.0537903906194	0.0136732235468	-0.0284778090157	0.00618782496581	-0.0857139001852	0.0220115672878
k__Bacteria;p__Bacteroidetes;c__Bacteroidia;o__Bacteroidales;f__Porphyromonadaceae;g__Barnesiella;s__Barnesiella_intestinihominis	-0.0110103767223	0.00923217359401	-0.0282847063661	-0.00126009557208	-0.00652292677134	0.00692488813844	-0.0144764060082	-0.0037955050158	0.0139376774005	-0.0766217305355	-0.0125545810735	-0.0747405556618	0.0388514604741	-0.0312838092523	0.0270712751268	0.089998983426	0.0111806453879	0.000122468922423	1.0	-0.0247319400474	0.0321767181257	-0.0204713207573	0.00480342995101	-0.00259912828383	0.00707621664736	-0.00760338900007	-0.0395315922439	-0.0124487617881	-0.126401119411	-0.0265394859498	-0.00233391782414	0.0283154234875	-0.0416457981471	0.04450222011	0.0337638586049	-0.0114842204622	0.0699662858187	-0.000602317015605	-0.0724268450873	0.0156032282713	0.00787253231834	0.010148382233	-0.02634094468	0.0162652683845	0.0204413810858	-0.00335187964681	-0.0215686002623	-0.0281679810699	-0.0201057208438	-0.0213222925612	-0.0630643496233	-0.00729838512019	0.00785378243597	0.000673983837122	0.0294811797303	-0.0304717099529	0.0195649459818	-0.00465519948009	-0.00775002814389
k__Bacteria;p__Bacteroidetes;c__Bacteroidia;o__Bacteroidales;f__Odoribacteraceae;g__Odoribacter;s__Odoribacter_splanchnicus	-0.0266568887628	-0.0438556242536	0.00900557813873	0.0662065012001	-0.0297593961718	-0.0373015009549	0.0101105110051	-0.0115655647356	0.0892431164578	-0.0126485431888	0.0139975172498	-0.0749647842331	-0.00375755445343	0.0923890482537	0.0624942522308	-0.0200809365736	-0.0372236994528	-0.0574353875327	-0.0247319400474	1.0	-0.0171647832831	-0.0277077922238	0.0386229478891	-0.00113282550537	-0.0119554026303	0.0156239004121	0.0120088544074	0.00125742084943	-0.0111820731341	-0.0736449098449	0.0316900538978	-0.0694036590459	-0.00868471317084	0.027236725558	-0.0632404422431	-0.0251965651044	-0.118215800024	0.0315928960202	0.0148467297356	0.0349175900053	0.00776513200364	-0.00814501827735	-0.0594433519585	0.0110133585904	-0.0632652306396	0.032918583184	0.00408101203878	0.0207073984357	-0.037018377256	0.0216035713619	0.0150025217626	-0.0234720271937	-0.0245361604819	-0.00648413836913	-0.0690648894003	-0.011246350673	-0.00217955903477	-0.0289438309179	0.0254653372431
k__Bacteria;p__Bacteroidetes;c__Bacteroidia;o__Bacteroidales;f__Bacteroidaceae;g__Bacteroides;s__Bacteroides_salyersiae	-0.0487204465238	0.0308800754986	0.0456268147224	-0.0809081461013	0.00204161282765	0.0285451961027	-0.0111203891752	0.0177140929816	-0.0247365975558	0.0828484942031	-0.0166967750413	-0.012805165975	-0.0286316458494	-0.0418084903373	-0.0311545552339	0.0307179843267	0.0150741188662	0.0147076899127	0.0321767181257	-0.0171647832831	1.0	-0.0157728959979	-0.0476335021793	0.0363706193974	-0.0268679492847	-0.0149132509863	-0.0160707200413	-0.0350624624153	0.0213824888718	-0.0503751077263	-0.0470120513854	0.00999739024736	-0.00689703550039	0.0459485745219	-0.0464996556295	-0.00336676447071	0.00915160760349	-0.000696584975091	-0.0240752446211	0.0243159050701	-0.0367839894147	-0.0181394481464	-0.00269038110719	0.0742194936309	-0.0554161649219	0.00303993568232	-0.0691230302342	0.0313304456149	-0.0606764851782	0.0216834368248	-0.0107674271528	0.0367755753103	-0.061002857346	-0.0125843864973	-0.040564461648	0.0232147643484	-0.00691914020834	-0.0880279200262	-0.0461991164242
k__Bacteria;p__Firmicutes;c__Clostridia;o__Clostridiales;f__Ruminococcaceae;g__Ruminiclostridium;s__[Eubacterium]_siraeum	-0.028871543457	-0.0288244512303	0.00850952806452	0.0331355769292	-0.0313811281135	-0.0193599323591	0.0339161462322	0.0353072278649	0.0273170657025	-0.0214472796687	-0.0675122843761	-0.0112735758686	0.0083239032621	0.0192075806947	-0.0587866111369	0.0514015656538	0.0190241586169	0.0672158795459	-0.0204713207573	-0.0277077922238	-0.0157728959979	1.0	-0.0227093092654	-0.0326839072632	-0.117533512582	-0.0906481802927	-0.00500987531655	-0.0278527925966	0.0434276765236	0.0233041373681	0.0075490108223	-0.0136564496663	0.00914236348894	-0.0234842819053	-0.0184626003711	-0.0326196806524	-0.0814808307712	-0.0578416321639	-0.118697611732	0.0161532602101	0.021510745612	-0.0246983238965	0.0357856351692	-0.021066190194	-0.0684033719966	-0.0507314413697	0.0158998346421	-0.0380434009085	0.0443300345261	-0.0123175481915	-0.0586960696994	-0.0336952537926	0.00398912328531	-0.0223094452629	0.0223706217345	-0.00887666267626	0.00853386179326	-0.00593298153168	0.0157511069744
k__Bacteria;p__Proteobacteria;c__Betaproteobacteria;o__Burkholderiales;f__Sutterellaceae;g__Parasutterella;s__Parasutterella_excrementihominis	-0.0179572110384	-0.00431127447005	-0.0139957248937	-0.062344084734	0.0241443000052	0.0125791143586	0.00518102387484	-0.0406850819301	-0.025628645563	-0.0236167469534	-0.0330839917177	-0.0122526227726	-0.0643687096982	0.0254831757616	0.0176635897673	0.0211080713441	-0.0511067014871	0.0391446560232	0.00480342995101	0.0386229478891	-0.0476335021793	-0.0227093092654	1.0	0.00850561847969	0.00794172955742	-0.0319733138483	-0.0340528317549	-0.0364986305918	-0.0152605712869	-0.0213254388527	0.00822847234576	0.00375475926892	-0.0150572937229	-0.0459897866781	0.0467817086731	0.0240917065846	-0.0473772886701	-0.00420731357243	0.00738628273325	-0.0474109623131	-0.0432285046598	-0.000478207607499	0.0264585718425	-0.00299257608273	-0.0102418308942	0.0229688120913	-0.061221406263	-0.00840022513585	-0.0150412924156	-0.0304266662549	0.00946162497244	0.0545673536505	0.000559379405426	-0.00102002966858	-0.0748151264278	0.0140494095684	0.0472177918211	0.0227998665676	0.0225675080213
k__Bacteria;p__Actinobacteria;c__Actinobacteria;o__Bifidobacteriales;f__Bifidobacteriaceae;g__Bifidobacterium;s__Bifidobacterium_adolescentis	0.0264899579953	0.0718515220986	0.0392421348088	-0.0645750631889	0.00211027117077	-0.0250389148138	-0.0299681254247	0.0276413310522	-0.00318744884099	-0.0285905843717	0.0371099716694	-0.0409054150204	0.0377039808552	-0.0631269538646	-0.0166730020714	0.0425593492876	-0.0625576297367	-0.0591325658852	-0.00259912828383	-0.00113282550537	0.0363706193974	-0.0326839072632	0.00850561847969	1.0	0.0073233319024	0.0183212117633	0.0460377541376	-0.00271581619504	0.0131932481042	-0.0429394167134	-0.0173523956945	0.0680506691381	-0.0506090239504	-0.0459986761619	-0.0284107687968	-0.0130611369734	-0.013983745552	-0.0200380840894	-0.0274811336036	-0.027932303775	0.0115708623941	-0.0440785592173	-9.64876384438e-05	-0.0829010049042	-0.0801530959085	0.00699539271729	0.0084574201382	0.00195822595896	-0.0470644286933	0.00791644218068	0.0072847340668	-0.0115541719394	0.0190010318553	-0.0364917064142	-0.0332501791126	0.0303505077432	-0.0216415682987	-0.0135703801588	-0.0175373355039
k__Bacteria;p__Firmicutes;c__Clostridia;o__Clostridiales;f__Oscillospiraceae;g__Oscillibacter;s__Oscillibacter_sp._KLE_1745	-0.0451391380883	0.0317253444434	-0.00758124937075	-0.00668334321898	-0.014425711768	0.00912070375693	0.000367188227905	-0.00802989477466	-0.0358559593151	0.0281287534969	0.0272347544072	0.0439762822823	0.0149899002374	-0.025122242496	0.0382269366504	-0.0280803518571	0.0182990607419	0.02089288563	0.00707621664736	-0.0119554026303	-0.0268679492847	-0.117533512582	0.00794172955742	0.0073233319024	1.0	0.00582335933156	-0.0413401902492	-0.0851132114557	0.0157896249928	-0.0247651191715	-0.015713192775	0.0456766209117	0.0508845353546	0.00553285392552	-0.0383288298599	-0.00268696962184	-0.0318303492397	-0.0541541966417	0.0334489632794	-0.0251801188861	-0.0912956473881	-0.0356127205849	-0.0158362170506	-0.0237587330626	-0.00622289893258	0.0450187804805	-0.0916622029046	-0.00429153133649	-0.05488913484	-0.0792864273793	-0.0406061391011	-0.0158345866516	-0.00864969279164	-0.0189659504207	0.0342610395085	-0.00790243508702	0.0970042128606	-0.0535085226953	0.00131029487597
k__Bacteria;p__Bacteroidetes;c__Bacteroidia;o__Bacteroidales;f__Bacteroidaceae;g__Bacteroides;s__Bacteroides_coprophilus	-0.0580428383022	0.0217814317855	0.0194513573674	0.0541779041696	0.00861458044602	-0.0364560779327	0.0655868316561	-0.0250871887681	-0.0185851138812	-0.0443085226759	-0.01021304235	-0.0298349661281	0.00847177525241	-0.034140752088	0.0203893941444	-0.103299890498	0.0445426214582	-0.0327220090486	-0.00760338900007	0.0156239004121	-0.0149132509863	-0.0906481802927	-0.0319733138483	0.0183212117633	0.00582335933156	1.0	-0.00132389683842	-0.00289143336048	0.0104657494997	-0.0135222553134	-0.00724694695213	-0.0488349262646	-0.0594355413938	-0.00266586954783	-0.0397488538417	-0.00899931186786	-0.0139191667789	-0.0131922525125	0.0200393135768	0.0304904508783	-0.0042646392501	0.00567324253269	-0.00124915231911	-0.0436018047918	-0.0178621189648	0.0375950664492	-0.0584710070196	-0.065781612479	-0.0182609960674	-0.0345829141574	0.0251951173381	-0.0381960256144	-0.0237505578764	0.0133465145056	-0.0189087098454	0.0468815391778	-0.0530278557536	-0.053737124781	0.00069204386198
k__Bacteria;p__Firmicutes;c__Clostridia;o__Clostridiales;f__Lachnospiraceae;g__Roseburia;s__Roseburia_intestinalis	0.005280065547	0.0206307386446	0.0107714825161	-0.057045141107	0.0263902010481	-0.0343755839886	-0.0515515420477	-0.0582383181216	-0.00216950213672	0.0368027782959	-0.011100467439	-0.00884850554445	0.0412681898128	-0.0101001918309	-0.0200382038323	-0.0563470363042	-0.0166011322428	0.0152545835211	-0.0395315922439	0.0120088544074	-0.0160707200413	-0.00500987531655	-0.0340528317549	0.0460377541376	-0.0413401902492	-0.00132389683842	1.0	-0.0805212509217	-0.0468856568918	-0.0679647441035	-0.0742025803374	0.00130403640863	-0.0101300052454	0.0249607648238	-0.00842243495428	-0.0276746435956	-0.06598521572	0.0617752684846	0.0705709618356	0.00303617666689	0.00420061673136	-0.00024006843932	-0.0196494709883	0.0480622146392	0.0115463024462	0.0167043828934	0.119184180968	0.0226448861112	-0.00988796913561	-0.0417152000589	-0.0766125750993	0.0188896169164	-0.00111919315112	0.00085139233007	-0.0225239734394	-0.0680409751716	-0.0070579662064	-0.00409927857336	0.0205677934744
k__Bacteria;p__Firmicutes;c__Clostridia;o__Clostridiales;f__Lachnospiraceae;g__Roseburia;s__Roseburia_hominis	-0.0140289257542	0.0213188835667	0.0134906141147	0.0705784848744	-0.0322399248011	-3.37304996424e-05	-0.0363082494115	0.0527592918817	-0.0181332819105	0.0715246919384	-0.0178190944562	0.0102985263793	0.00571394076734	-0.0138010049696	-0.00475427635827	-0.0373488224649	0.0257407477263	-0.0220555866356	-0.0124487617881	0.00125742084943	-0.0350624624153	-0.0278527925966	-0.0364986305918	-0.00271581619504	-0.0851132114557	-0.00289143336048	-0.0805212509217	1.0	-0.0479480626487	-0.0443448592716	0.0666872768316	0.0581076307339	-0.064364470483	0.0237919322411	-0.0216909357585	0.0281533215031	-0.0387700042096	-0.0651450973583	-0.023996058469	0.0132428790561	0.00157711233957	-0.0146743204605	-0.0506766512522	-0.00419015024078	0.0314740915925	0.0202968615112	0.000307103249662	-0.0626678363911	-0.022901923741	-0.00642433401184	0.0590907815589	-0.0561342105864	0.0214183449492	0.0932919440765	0.0282109041174	-0.0454581676018	-0.0651956798769	0.0251509180249	0.051739627516
k__Bacteria;p__Bacteroidetes;c__Bacteroidia;o__Bacteroidales;f__Porphyromonadaceae;g__Parabacteroides;s__Parabacteroides_johnsonii	-0.0135100717323	-0.0523266032506	0.0415182553162	-0.0108340312395	0.0321527405271	-0.101614655995	0.032560351031	0.0337832784416	-0.0199857142082	-0.0265377733739	-0.0715513680289	-0.073697407391	-0.0273586356065	0.0367754307352	-0.00953639459139	-0.0250400095744	-0.0207473017181	-0.00527291316384	-0.126401119411	-0.0111820731341	0.0213824888718	0.0434276765236	-0.0152605712869	0.0131932481042	0.0157896249928	0.0104657494997	-0.0468856568918	-0.0479480626487	1.0	-0.0466990013513	0.0030677326134	-0.00382897759312	0.0155623657985	0.0389320217934	0.011591733593	-0.0307873329146	0.0570254628525	0.0550894570872	-0.00622001533292	-0.0789985393424	0.0158777275744	-0.00175078285747	-0.0591007571624	-0.0605945953245	0.0149675173114	-0.025168118813	-0.0373077247531	0.00523098662968	-0.0468230545411	-0.0147051103757	-0.0631459911569	-0.0309027142546	-0.086628684337	0.0253520824634	0.00848742891581	-0.00463891674741	-0.0645002216005	0.0125558326886	0.0855612174276
k__Bacteria;p__Actinobacteria;c__Actinobacteria;o__Bifidobacteriales;f__Bifidobacteriaceae;g__Bifidobacterium;s__Bifidobacterium_longum	-0.0648824705915	-0.0160337263578	0.0146876054823	-0.0486565469822	0.046240961478	0.010931413666	-0.00969834116579	0.0161266446578	-0.0868614084984	0.0306169831104	-0.0409801247555	0.0453610114648	-0.00195715672549	0.0121890058943	0.000445930581699	-0.0198718931358	-0.0373473179956	0.0710536530495	-0.0265394859498	-0.0736449098449	-0.0503751077263	0.0233041373681	-0.0213254388527	-0.0429394167134	-0.0247651191715	-0.0135222553134	-0.0679647441035	-0.0443448592716	-0.0466990013513	1.0	-0.0116094075532	-0.0036814746491	0.0557949836777	-0.0218177524678	0.0181929036559	-0.00944046571494	-0.0691221736144	-0.0423391112299	-0.0423073326539	-0.017370159592	-0.0221805353567	-0.0392988884962	0.00501865020189	0.0749874430375	-0.0222375846593	-0.0366954165902	0.0504300040566	0.0491439711219	0.062997519427	0.00942995276122	-0.00628647910738	-0.0474603463484	-0.0155791474882	-0.0466003333766	-0.030227424808	-0.0778070575695	0.00743658348859	-0.0156746907321	0.0229718795772
