#taxonomy	k__Bacteria;p__Bacteroidetes;c__Bacteroidia;o__Bacteroidales;f__Bacteroidaceae;g__Bacteroides;s__Bacteroides_vulgatus	k__Bacteria;p__Bacteroidetes;c__Bacteroidia;o__Bacteroidales;f__Bacteroidaceae;g__Bacteroides;s__Bacteroides_uniformis	k__Bacteria;p__Bacteroidetes;c__Bacteroidia;o__Bacteroidales;f__Rikenellaceae;g__Alistipes;s__Alistipes_putredinis	k__Bacteria;p__Bacteroidetes;c__Bacteroidia;o__Bacteroidales;f__Prevotellaceae;g__Prevotella;s__Prevotella_copri	k__Bacteria;p__Bacteroidetes;c__Bacteroidia;o__Bacteroidales;f__Bacteroidaceae;g__Bacteroides;s__Bacteroides_stercoris	k__Bacteria;p__Bacteroidetes;c__Bacteroidia;o__Bacteroidales;f__Bacteroidaceae;g__Bacteroides;s__Bacteroides_ovatus	k__Bacteria;p__Bacteroidetes;c__Bacteroidia;o__Bacteroidales;f__Rikenellaceae;g__Alistipes;s__Alistipes_shahii	k__Bacteria;p__Firmicutes;c__Clostridia;o__Clostridiales;f__Ruminococcaceae;g__Faecalibacterium;s__Faecalibacterium_prausnitzii	k__Bacteria;p__Bacteroidetes;c__Bacteroidia;o__Bacteroidales;f__Rikenellaceae;g__Alistipes;s__Alistipes_finegoldii	k__Bacteria;p__Bacteroidetes;c__Bacteroidia;o__Bacteroidales;f__Porphyromonadaceae;g__Parabacteroides;s__Parabacteroides_distasonis	k__Bacteria;p__Bacteroidetes;c__Bacteroidia;o__Bacteroidales;f__Bacteroidaceae;g__Bacteroides;s__Bacteroides_thetaiotaomicron	k__Bacteria;p__Bacteroidetes;c__Bacteroidia;o__Bacteroidales;f__Bacteroidaceae;g__Bacteroides;s__Bacteroides_coprocola	k__Bacteria;p__Bacteroidetes;c__Bacteroidia;o__Bacteroidales;f__Bacteroidaceae;g__Bacteroides;s__Bacteroides_cellulosilyticus	k__Bacteria;p__Bacteroidetes;c__Bacteroidia;o__Bacteroidales;f__Rikenellaceae;g__Alistipes;s__Alistipes_obesi	k__Bacteria;p__Firmicutes;c__Clostridia;o__Clostridiales;f__Lachnospiraceae;g__;s__[Eubacterium]_rectale	k__Bacteria;p__Bacteroidetes;c__Bacteroidia;o__Bacteroidales;f__Bacteroidaceae;g__Bacteroides;s__Bacteroides_plebeius	k__Bacteria;p__Bacteroidetes;c__Bacteroidia;o__Bacteroidales;f__Bacteroidaceae;g__Bacteroides;s__Bacteroides_fragilis	k__Bacteria;p__Proteobacteria;c__Betaproteobacteria;o__Burkholderiales;f__Sutterellaceae;g__Sutterella;s__Sutterella_wadsworthensis	k__Bacteria;p__Bacteroidetes;c__Bacteroidia;o__Bacteroidales;f__Porphyromonadaceae;g__Barnesiella;s__Barnesiella_intestinihominis	k__Bacteria;p__Bacteroidetes;c__Bacteroidia;o__Bacteroidales;f__Odoribacteraceae;g__Odoribacter;s__Odoribacter_splanchnicus	k__Bacteria;p__Bacteroidetes;c__Bacteroidia;o__Bacteroidales;f__Bacteroidaceae;g__Bacteroides;s__Bacteroides_salyersiae	k__Bacteria;p__Firmicutes;c__Clostridia;o__Clostridiales;f__Ruminococcaceae;g__Ruminiclostridium;s__[Eubacterium]_siraeum	k__Bacteria;p__Proteobacteria;c__Betaproteobacteria;o__Burkholderiales;f__Sutterellaceae;g__Parasutterella;s__Parasutterella_excrementihominis	k__Bacteria;p__Actinobacteria;c__Actinobacteria;o__Bifidobacteriales;f__Bifidobacteriaceae;g__Bifidobacterium;s__Bifidobacterium_adolescentis	k__Bacteria;p__Firmicutes;c__Clostridia;o__Clostridiales;f__Oscillospiraceae;g__Oscillibacter;s__Oscillibacter_sp._KLE_1745	k__Bacteria;p__Bacteroidetes;c__Bacteroidia;o__Bacteroidales;f__Bacteroidaceae;g__Bacteroides;s__Bacteroides_coprophilus	k__Bacteria;p__Firmicutes;c__Clostridia;o__Clostridiales;f__Lachnospiraceae;g__Roseburia;s__Roseburia_intestinalis	k__Bacteria;p__Firmicutes;c__Clostridia;o__Clostridiales;f__Lachnospiraceae;g__Roseburia;s__Roseburia_hominis	k__Bacteria;p__Bacteroidetes;c__Bacteroidia;o__Bacteroidales;f__Porphyromonadaceae;g__Parabacteroides;s__Parabacteroides_johnsonii	k__Bacteria;p__Actinobacteria;c__Actinobacteria;o__Bifidobacteriales;f__Bifidobacteriaceae;g__Bifidobacterium;s__Bifidobacterium_longum	k__Bacteria;p__Firmicutes;c__Clostridia;o__Clostridiales;f__;g__Flavonifractor;s__Flavonifractor_plautii	k__Bacteria;p__Firmicutes;c__Clostridia;o__Clostridiales;f__Clostridiaceae;g__Clostridium;s__Clostridium_phoceensis	k__Bacteria;p__Verrucomicrobia;c__Verrucomicrobiae;o__Verrucomicrobiales;f__Akkermansiaceae;g__Akkermansia;s__Akkermansia_muciniphila	k__Bacteria;p__Bacteroidetes;c__Bacteroidia;o__Bacteroidales;f__Prevotellaceae;g__Paraprevotella;s__Paraprevotella_xylaniphila	k__Bacteria;p__Firmicutes;c__Clostridia;o__Clostridiales;f__Ruminococcaceae;g__Ruminococcus;s__Ruminococcus_callidus	k__Bacteria;p__Bacteroidetes;c__Bacteroidia;o__Bacteroidales;f__Rikenellaceae;g__Alistipes;s__Alistipes_senegalensis	k__Bacteria;p__Firmicutes;c__Clostridia;o__Clostridiales;f__Lachnospiraceae;g__Blautia;s__Blautia_sp._KLE_1732	k__Bacteria;p__Bacteroidetes;c__Bacteroidia;o__Bacteroidales;f__Bacteroidaceae;g__Bacteroides;s__Bacteroides_oleiciplenus	k__Bacteria;p__Firmicutes;c__Clostridia;o__Clostridiales;f__Ruminococcaceae;g__Ruminococcus;s__Ruminococcus_bicirculans	k__Bacteria;p__Bacteroidetes;c__Bacteroidia;o__Bacteroidales;f__Bacteroidaceae;g__Bacteroides;s__Bacteroides_fluxus	k__Bacteria;p__Bacteroidetes;c__Bacteroidia;o__Bacteroidales;f__Prevotellaceae;g__Prevotella;s__Prevotella_stercorea	k__Bacteria;p__Firmicutes;c__Clostridia;o__Clostridiales;f__Lachnospiraceae;g__Dorea;s__Dorea_longicatena	k__Bacteria;p__Firmicutes;c__Clostridia;o__Clostridiales;f__Eubacteriaceae;g__Eubacterium;s__[Eubacterium]_eligens	k__Bacteria;p__Firmicutes;c__Clostridia;o__Clostridiales;f__Ruminococcaceae;g__;s__Ruminococcaceae_bacterium_D16	k__Bacteria;p__Firmicutes;c__Clostridia;o__Clostridiales;f__Lachnospiraceae;g__Coprococcus;s__Coprococcus_comes	k__Bacteria;p__Proteobacteria;c__Gammaproteobacteria;o__Enterobacterales;f__Enterobacteriaceae;g__Escherichia;s__Escherichia_coli	k__Bacteria;p__Firmicutes;c__Clostridia;o__Clostridiales;f__Ruminococcaceae;g__Anaerotruncus;s__Anaerotruncus_colihominis	k__Bacteria;p__Firmicutes;c__Clostridia;o__Clostridiales;f__Lachnospiraceae;g__Blautia;s__Blautia_obeum	k__Bacteria;p__Bacteroidetes;c__Bacteroidia;o__Bacteroidales;f__Odoribacteraceae;g__Odoribacter;s__Odoribacter_laneus	k__Bacteria;p__Firmicutes;c__Clostridia;o__Clostridiales;f__Ruminococcaceae;g__Ruminiclostridium;s__[Clostridium]_leptum	k__Bacteria;p__Bacteroidetes;c__Bacteroidia;o__Bacteroidales;f__Porphyromonadaceae;g__Parabacteroides;s__Parabacteroides_goldsteinii	k__Bacteria;p__Firmicutes;c__Clostridia;o__Clostridiales;f__Lachnospiraceae;g__Anaerostipes;s__Anaerostipes_hadrus	k__Bacteria;p__Firmicutes;c__Clostridia;o__Clostridiales;f__Ruminococcaceae;g__Ruminococcus;s__Ruminococcus_lactaris	k__Bacteria;p__Firmicutes;c__Clostridia;o__Clostridiales;f__Clostridiaceae;g__Clostridium;s__Clostridium_sp._L2-50	k__Bacteria;p__Firmicutes;c__Clostridia;o__Clostridiales;f__Clostridiaceae;g__Clostridium;s__Clostridium_sp._M62/1	k__Bacteria;p__Firmicutes;c__Clostridia;o__Clostridiales;f__;g__Intestinimonas;s__Intestinimonas_butyriciproducens	k__Bacteria;p__Actinobacteria;c__Actinobacteria;o__Bifidobacteriales;f__Bifidobacteriaceae;g__Bifidobacterium;s__Bifidobacterium_bifidum	k__Bacteria;p__Firmicutes;c__Negativicutes;o__Veillonellales;f__Veillonellaceae;g__Dialister;s__Dialister_invisus	k__Bacteria;p__Bacteroidetes;c__Bacteroidia;o__Bacteroidales;f__Bacteroidaceae;g__Bacteroides;s__Bacteroides_salanitronis
k__Bacteria;p__Bacteroidetes;c__Bacteroidia;o__Bacteroidales;f__Bacteroidaceae;g__Bacteroides;s__Bacteroides_vulgatus	1.0	0.0904582655307	-0.0489947808946	-3.79721484241e-05	0.0325969787413	-0.0588108743094	-0.0616936444795	-0.0256026606909	-0.0641631576722	-0.109759825243	-0.00415116509969	-0.0662183362225	-0.0403825299418	-0.076001113785	-0.0292433883366	0.0165145724759	-0.00685875094523	-0.0232810715281	0.0208498294547	-0.00829582572693	-0.0478121100054	0.0590398126296	0.0172703937622	0.0357556819107	-0.11491018471	-0.00821079581907	-0.03576885036	0.00529678568731	-0.0376570304717	-0.0713751158437	0.121902588303	-0.0348279592883	0.0338692994774	-0.00437589701653	-0.0149588139247	0.0199945509934	-0.0477096904644	0.000489716992411	-0.0695791492786	-0.00746796659592	-0.0482564498236	0.0185833910428	0.0131693064464	0.000352318337488	0.0560515462322	0.085902197583	-0.00640145711567	0.0237782274159	-0.0289880328288	0.0837604189494	-0.0329208233844	-0.047500819894	0.0101099648309	-0.0141517087909	-0.0181507103901	-0.00637703399978	0.00301577764188	0.00712065775876	0.023176282223
k__Bacteria;p__Bacteroidetes;c__Bacteroidia;o__Bacteroidales;f__Bacteroidaceae;g__Bacteroides;s__Bacteroides_uniformis	0.0904582655307	1.0	-0.0538333810919	-0.0705119792992	-0.0412414836876	0.0172556977232	-0.0242808965279	0.0529787121422	-0.0192589543366	0.0213647199359	-0.0495708790486	0.0169462202639	-0.100305391744	-0.0372992116789	0.0215991279776	-0.0252746560415	-0.0168416413618	0.0039460943628	0.00119063811162	-0.00104271595414	0.113184439072	-0.0136920295666	-0.025431312376	0.0740375148527	-0.00845237256984	-0.0662304462029	-0.0649610279016	-0.0584479300302	-0.00528247058015	-0.0486839100314	-0.0174132706853	-0.0220315779693	0.0329048755243	-0.0422129609148	-0.0144035449753	-0.0386585241506	-0.00118460714688	0.0358247562614	-0.00505434040561	-0.0464467281836	0.0256891982442	0.028494388467	-0.0210503216324	-0.00142768796502	-0.0529261826495	-0.0571030419126	0.0140047760787	0.0175944185554	0.00912801349515	-0.0421748778625	0.0378544858323	0.0303500456199	-0.0642907416144	0.0316312641082	0.00428502571122	-0.0272219253584	0.0111803640739	0.0781911256364	-0.0248770541952
k__Bacteria;p__Bacteroidetes;c__Bacteroidia;o__Bacteroidales;f__Rikenellaceae;g__Alistipes;s__Alistipes_putredinis	-0.0489947808946	-0.0538333810919	1.0	-0.0117733155503	-0.0211935853608	0.00105840908571	-0.00692070610199	-0.00724969036178	-0.0399633913055	0.0527298424957	0.018718983779	0.00364884196033	0.0720868255216	0.0148612438209	0.00830488635249	-0.00177416890321	-0.0164852351552	0.00359615713898	0.0706809209854	-0.0720967693841	-0.0364315385832	-0.0680819989395	0.0752460845976	0.0169008762735	-0.00559751096484	-0.00742987672852	0.0240541028305	0.00410536532408	-0.0665605590274	-0.0585595118754	-0.0637713101221	0.0150404091371	-0.000817792289609	-0.0771755759538	-0.0149903615868	-0.010760996986	-0.0166225417225	-0.00477854924573	0.0320176997922	-0.00828986431524	-0.0261777181961	-0.0763204531491	-0.0110814174347	-0.0125456622695	-0.00366493359293	-0.0785014445313	0.013215689922	-0.0519822386958	-0.0439086705896	-0.0320803018312	-0.035744606902	0.0307437144709	-0.0711184066274	-0.0486248735379	-0.0230258644511	0.0255030474307	0.038112615886	0.0872529315679	-0.0566974091456
k__Bacteria;p__Bacteroidetes;c__Bacteroidia;o__Bacteroidales;f__Prevotellaceae;g__Prevotella;s__Prevotella_copri	-3.79721484241e-05	-0.0705119792992	-0.0117733155503	1.0	-0.0637119221614	-0.0270161529214	0.0699470772591	0.0316871347515	0.00733165713877	0.0262782358302	-0.00274518955071	-0.0201741549582	0.0299018674161	-0.0537616741447	0.0238193828787	-0.0736668789406	0.0254088417618	0.0028192428292	0.0360421705773	0.00870297563399	-0.0117386903333	-0.00269113936098	-0.0364257707627	-0.0334501411105	0.0114090410716	0.00106054202338	0.00831216078278	0.00546199263502	-0.0280354668585	-0.0242557837663	-0.00264743901848	-0.0355778870003	0.000700811641673	0.00403588840791	0.0206186093618	-0.0213047296191	-0.0216552777315	-0.0329159745426	-0.0189159523633	0.0261288006708	0.0365906751045	0.0351932392146	0.0191950371854	0.00957836699539	-0.0438141081249	-0.0159778492251	0.0381399818699	-0.0338738729955	-0.00243086296542	0.0280606969901	-0.0159798280752	-0.00997753371079	0.0583276884926	0.00447619328075	0.0202890717886	-0.0295587821077	0.0190002908826	-0.00811026554978	-0.0763283202851
k__Bacteria;p__Bacteroidetes;c__Bacteroidia;o__Bacteroidales;f__Bacteroidaceae;g__Bacteroides;s__Bacteroides_stercoris	0.0325969787413	-0.0412414836876	-0.0211935853608	-0.0637119221614	1.0	0.00754861017075	0.00816827946488	0.0147333667826	-0.00274392675421	0.0353640889571	0.103033730216	0.0378760785377	-0.0334598002548	0.00164756175903	0.00402605084165	-0.0301477060817	-0.0349188958064	-0.0400877413596	0.0283755014776	0.0537750431794	0.0092161357706	0.010504783511	-0.0194858514827	0.0379476385828	-0.0101196801885	-0.022809857195	-0.0285335298524	-0.0339960944971	-0.0799345597882	-0.00463843165969	-0.0254919398173	0.0505184673182	0.0148077702112	0.0646874177067	0.0116195146932	-0.00144393292455	-0.0250026515449	-0.0348758992612	-0.0241617207098	-0.0835505113309	0.0367246526214	-0.0955277637373	-0.0216598217187	-0.0470892908596	-0.00583933632594	0.00412417559215	-0.0333427821719	0.0435455371737	-0.00512566320755	-0.00183747683237	0.0145734607433	-0.00611533503638	-0.0136671745184	0.0254261522874	-0.0558119422856	-0.058447911232	0.0181918657844	0.00322658262735	0.00646588544533
k__Bacteria;p__Bacteroidetes;c__Bacteroidia;o__Bacteroidales;f__Bacteroidaceae;g__Bacteroides;s__Bacteroides_ovatus	-0.0588108743094	0.0172556977232	0.00105840908571	-0.0270161529214	0.00754861017075	1.0	0.0275585196866	-0.0190675302698	-0.0214694750844	-0.0588763878004	0.00517738943098	-0.00778607598117	0.0422892304178	-0.0696832920795	0.000456725045472	-0.0481125401945	8.24532705815e-05	-0.000109281188122	0.0300835695291	-0.0645128291691	0.0267871004646	-0.0966558550789	-0.029443455167	0.0586970787743	0.0595645996312	0.0651346827168	0.0190732283049	-0.0285290909666	0.0200861299505	0.0472669311361	-0.0450133701079	-0.0852394336115	-0.0540999551836	-0.014587403125	-0.0176380056292	-0.0142803627649	-0.0329208118701	-0.019142004689	-0.0314237589985	0.0296281955177	0.00786533134952	0.0400564666168	0.0158370235517	0.0344953587528	-0.0230913929247	0.0719646641025	-0.00224610382408	-0.045182652722	-0.0682982040202	0.0303474662299	0.0269111979733	0.0185555526809	-0.00225804663566	0.0282388441837	-0.0159872887156	-0.00764152938625	0.0175103696927	0.0283621785905	-0.0232189463828
k__Bacteria;p__Bacteroidetes;c__Bacteroidia;o__Bacteroidales;f__Rikenellaceae;g__Alistipes;s__Alistipes_shahii	-0.0616936444795	-0.0242808965279	-0.00692070610199	0.0699470772591	0.00816827946488	0.0275585196866	1.0	-0.00237413816067	0.00704185909064	-0.0654090668991	-0.016863055874	-0.0520057274434	-0.00713168568078	0.0146738945542	0.0224893730207	-0.0867351220189	0.00294855764356	-0.0893885184515	0.0207628027157	0.097849066369	-0.0836330443296	-0.0629570054595	0.0431601337974	-0.00867002501472	0.0459611071488	-0.0115774473451	0.0436581479096	-0.035501548218	0.0308580233736	0.0455062988595	-0.0904625472124	0.00559747743408	-0.0409108524811	-0.0296893091182	-0.00148031720808	0.0168765572697	-0.0194075764244	0.0143357650464	0.0507456124061	0.0777260428988	-0.0493751748928	0.010221944426	0.0114350038086	0.0535357180947	0.0234502678469	0.0028892649875	-0.0107562873664	-0.0402028755189	0.00939545021998	-0.0315929097703	0.0134526905719	-0.0393516670247	0.0233640934469	-0.0263284127664	-0.0326018850186	-0.00607892272242	-0.0232674466993	-0.0106844262312	0.0258963996583
k__Bacteria;p__Firmicutes;c__Clostridia;o__Clostridiales;f__Ruminococcaceae;g__Faecalibacterium;s__Faecalibacterium_prausnitzii	-0.0256026606909	0.0529787121422	-0.00724969036178	0.0316871347515	0.0147333667826	-0.0190675302698	-0.00237413816067	1.0	0.0545338200802	-0.00645842180695	-0.0164475191668	0.0523084087058	0.0270720640628	-0.0139270577534	-0.0119349141614	0.113309855172	-0.027028138047	-0.0150305202643	-0.00347417875076	-0.0315278622575	-0.00790018396329	-0.0497858778884	0.0251545180542	0.0296675369535	-0.0673051235164	-0.062407596114	-0.0504406035027	-0.0798221102261	-0.0422320984556	-0.0536276222773	0.0157826208915	0.0042519854619	-0.0208388442273	-0.0355108159972	-0.0787068046959	0.0268844941971	0.0386331720334	-0.0669351615822	0.0198853329859	-0.04208498057	-0.0214902145024	-0.0272226056069	-0.0250395962773	-0.0172914964583	-0.0464957534593	0.00910776133012	0.0581293979309	-0.018600905537	-0.00748712479181	-0.0268199146636	-0.0280173407533	-0.0274089967921	-0.0440064603449	-0.0289182055144	-0.0323142548041	-0.00361337791218	0.00442030208504	-0.0295679137853	0.00504615034498
k__Bacteria;p__Bacteroidetes;c__Bacteroidia;o__Bacteroidales;f__Rikenellaceae;g__Alistipes;s__Alistipes_finegoldii	-0.0641631576722	-0.0192589543366	-0.0399633913055	0.00733165713877	-0.00274392675421	-0.0214694750844	0.00704185909064	0.0545338200802	1.0	0.0742377778929	0.0149510327367	0.0153753191884	0.0238082964562	-0.0405440320411	0.0558323959714	-0.00647453212954	-0.00386069420405	0.0762201921932	-0.0325012092388	0.00340425688633	-0.00627587134034	0.0373942716236	-0.0501738148682	-0.0255748780389	-0.0102727519288	-0.0500439972713	0.0901489494113	-0.0474374368663	0.0299703774835	-0.0313274289859	0.0288888354486	0.000481972780623	-0.022141644496	-0.0413788960602	-0.0489243960701	-0.0596271990461	0.0033199484531	-0.0377123798441	-0.0949304495821	-0.00711546100961	0.0516643475931	-0.0150844479576	-0.0204855969542	0.00671880964944	-0.000791970398675	-0.0572255617736	-0.0345863865118	-0.00373139503555	-0.0417426525955	-0.0138513474839	-0.0274780140851	-0.0487190151973	-0.0451576745527	-0.0506473025765	0.0138457886556	-0.0159684376492	0.0341379162902	-0.022765946946	0.0115888577394
k__Bacteria;p__Bacteroidetes;c__Bacteroidia;o__Bacteroidales;f__Porphyromonadaceae;g__Parabacteroides;s__Parabacteroides_distasonis	-0.109759825243	0.0213647199359	0.0527298424957	0.0262782358302	0.0353640889571	-0.0588763878004	-0.0654090668991	-0.00645842180695	0.0742377778929	1.0	-0.0308328519224	0.0516781174525	0.017691617979	0.0201580860147	0.0215388585718	0.0222137063192	0.0114834911573	-0.032947132971	-0.079179388834	-0.0350503602977	0.0188329086274	0.0142218820281	-0.0473398794344	0.0296430663612	-0.0240478126838	0.012140532531	0.0500702938159	0.00750390174341	-0.0324049789019	-0.0226396373024	-0.00122769680462	-0.0498383137881	0.0191686744065	0.0139322317985	-0.0187037785034	-0.050325008415	0.0217556642181	-0.0231742142523	-0.00411934316027	-0.0290375323591	0.0152673070263	-0.014268408673	0.0160963928943	0.0327064804802	-0.0433550393239	-0.00480850400677	-0.0265767931656	-0.0736124624914	-0.0520739925944	0.0216682567977	0.00356240110012	0.0787136871326	0.0514188301167	0.0145694858417	-0.0419940247381	-0.0710301971306	-0.0336507776567	-0.0202896152858	-0.00641503093301
k__Bacteria;p__Bacteroidetes;c__Bacteroidia;o__Bacteroidales;f__Bacteroidaceae;g__Bacteroides;s__Bacteroides_thetaiotaomicron	-0.00415116509969	-0.0495708790486	0.018718983779	-0.00274518955071	0.103033730216	0.00517738943098	-0.016863055874	-0.0164475191668	0.0149510327367	-0.0308328519224	1.0	-0.0383377750685	0.0110855467652	0.00633820756813	-0.0479400136609	-0.0164403678476	-0.0362050358541	0.0346372368264	-0.0203201605428	-0.00737590331373	-0.0418556687027	0.0289856485172	0.0418963827873	0.00235584603907	-0.115210878142	-0.0337852881802	-0.0591346988269	0.0420796441633	-0.0404705199558	0.0579284438291	-0.00904205605099	0.0910368089242	-0.0384028537853	0.13027508324	-0.0519567947719	-0.004465955684	-0.0145507985922	-0.0623194765804	0.0207883560964	-0.0258209846285	-0.0781937171644	-0.00973231094009	-0.0540205708934	-0.0399652343956	0.0389384459351	0.0276094458918	0.0280956340328	0.0106846068572	0.0306031867541	-0.00944459616178	-0.0183797667927	-0.00459769657628	-0.0106923030254	-0.0768887890398	-0.0259598614282	-0.0253033682715	0.0156106955732	-0.0325452624989	0.00889652964514
k__Bacteria;p__Bacteroidetes;c__Bacteroidia;o__Bacteroidales;f__Bacteroidaceae;g__Bacteroides;s__Bacteroides_coprocola	-0.0662183362225	0.0169462202639	0.00364884196033	-0.0201741549582	0.0378760785377	-0.00778607598117	-0.0520057274434	0.0523084087058	0.0153753191884	0.0516781174525	-0.0383377750685	1.0	0.0778306692586	-0.0220948210053	0.02220484103	0.011775294313	-0.023270167242	-0.0387740468807	-0.00935049717813	-0.0512572902355	0.0531261979139	0.0350132981248	-0.0191125360027	0.0220537746684	-0.0159881608978	-0.0450844410861	-0.0192539142581	0.0152984323584	-0.0342636272957	-0.0248312840157	0.0301046044097	-0.00580140766439	-0.0408466420005	0.0179771985323	-0.0174224737815	-0.0118523661373	-0.00426349562429	-0.0426773291512	-0.0165221383707	-0.0205736224081	0.023619045605	0.0337306288658	-0.0121813947827	0.0494098161632	-0.0182337927123	0.00382740112957	-0.0641346003986	-0.0217490094293	-0.129375322882	0.000264084895106	-0.0223845848882	-0.0596909170492	0.0217845702458	-0.0592785118832	0.0807009170258	-0.039297753682	-0.0162590956138	0.0332226510489	0.0334187105458
k__Bacteria;p__Bacteroidetes;c__Bacteroidia;o__Bacteroidales;f__Bacteroidaceae;g__Bacteroides;s__Bacteroides_cellulosilyticus	-0.0403825299418	-0.100305391744	0.0720868255216	0.0299018674161	-0.0334598002548	0.0422892304178	-0.00713168568078	0.0270720640628	0.0238082964562	0.017691617979	0.0110855467652	0.0778306692586	1.0	0.0524717900294	0.045190377498	-0.000334851596808	0.0362832706061	0.0471241550859	-0.0440978625384	-0.0336827554805	0.0261845114607	0.0431771565205	-0.0519078383144	-0.0378879722367	-0.0101295686983	0.0218071707108	-0.0360348698173	0.0526214706963	-0.00690597739327	0.032819279733	-0.0930886833693	-0.128742439701	0.0148191230619	0.0489921699644	-0.0191507281732	0.0213365726005	-0.0522312690839	0.0122976204286	0.00828248180295	-0.0401783235201	0.0544197013513	-0.0481583740005	0.00188305274938	0.0518194686597	4.61627423198e-05	-0.00277605389282	-0.0247283255409	0.0149702821539	-0.00542069518868	0.0158010783719	-0.0484242729742	0.0277507138687	0.0435616364272	0.00924946600731	0.0047932986124	0.0219085630688	-0.0244134139775	-0.0298989871758	-0.0413392599185
k__Bacteria;p__Bacteroidetes;c__Bacteroidia;o__Bacteroidales;f__Rikenellaceae;g__Alistipes;s__Alistipes_obesi	-0.076001113785	-0.0372992116789	0.0148612438209	-0.0537616741447	0.00164756175903	-0.0696832920795	0.0146738945542	-0.0139270577534	-0.0405440320411	0.0201580860147	0.00633820756813	-0.0220948210053	0.0524717900294	1.0	0.0948022826948	-0.00257739355462	-0.0445444292308	-0.06961156703	-0.0186272675981	-0.0282739610459	-0.0461953453413	-0.0462571466071	0.0173694501821	-0.062363724731	0.0431855392811	0.0246407157208	-0.0301136770819	0.00676378611979	0.0165259542886	0.0196962474996	-0.0218969624967	-0.0903889326945	-0.0310395279609	0.00888654921355	-0.0299026819403	-0.029189965433	-0.0263152951922	-0.0483644637883	-0.0133413078227	-0.0908031121854	0.000235364076337	-0.0232689638102	-0.000674810871023	0.056212754448	-0.0763634613403	-0.0402032660659	-0.0185070099114	-0.00348073409795	0.019217182835	0.0725374446122	0.0372819610297	-0.0317782039579	-0.0211968156946	0.000703287779573	-0.0182502471595	-0.00646745420488	-0.0501863396987	0.00988523336765	-0.00896363810775
k__Bacteria;p__Firmicutes;c__Clostridia;o__Clostridiales;f__Lachnospiraceae;g__;s__[Eubacterium]_rectale	-0.0292433883366	0.0215991279776	0.00830488635249	0.0238193828787	0.00402605084165	0.000456725045472	0.0224893730207	-0.0119349141614	0.0558323959714	0.0215388585718	-0.0479400136609	0.02220484103	0.045190377498	0.0948022826948	1.0	0.0761481491125	0.0131689581474	0.0382216752569	0.0137191766666	-0.0568766622694	-0.032427257122	0.00147389533696	-0.0314306887082	-0.0250351713819	0.0275341092876	-0.0468911184218	-0.0509155131509	0.00828748158226	-0.026860232281	0.0692508434218	-0.0112160274657	0.0665639806111	-0.0186530389187	-0.0523508377148	-0.0090682967784	-0.0391520435601	0.0170972196809	0.0189697452042	0.0269693696941	-0.0343862656799	-0.0370159694496	-0.0241900166684	-0.062851852822	-0.0165858686306	0.000908716811968	-0.0172688576749	-0.15258713689	0.0510628429306	0.0329033878803	-0.0559514367088	0.0509208502076	-0.0177013044516	0.025186189771	-0.039323937232	-0.0254085487968	-0.0127220458153	0.00918129066356	0.0462830974134	0.0168597462386
k__Bacteria;p__Bacteroidetes;c__Bacteroidia;o__Bacteroidales;f__Bacteroidaceae;g__Bacteroides;s__Bacteroides_plebeius	0.0165145724759	-0.0252746560415	-0.00177416890321	-0.0736668789406	-0.0301477060817	-0.0481125401945	-0.0867351220189	0.113309855172	-0.00647453212954	0.0222137063192	-0.0164403678476	0.011775294313	-0.000334851596808	-0.00257739355462	0.0761481491125	1.0	0.102522169772	-0.028151520164	-0.0445985013665	-0.0266279879314	-0.029819291848	-0.0643660683026	-0.00368342873562	-0.0120598136391	-0.0459330141607	0.0205096587891	-0.0389955415697	-0.0525581378522	0.0169493382638	0.0008561629919	-0.0196275512542	0.000577517034843	-0.0346122976477	0.0352567212959	0.0438366363914	0.0112291937868	0.00561532443569	-0.0178077946267	0.00561979090783	0.0546319768188	-0.0888850537848	0.0370187094241	-0.0764514579525	-0.0245674949056	0.0407957295604	-0.0550938287898	-0.0399904238426	0.0489920885447	-0.0351082817136	0.00546036910513	-0.0835201505623	-0.0133261703579	-0.0250643736595	-0.0524340306501	0.0613425484662	-0.0314733606951	-0.0241106711948	0.0190197771343	-0.0126415523087
k__Bacteria;p__Bacteroidetes;c__Bacteroidia;o__Bacteroidales;f__Bacteroidaceae;g__Bacteroides;s__Bacteroides_fragilis	-0.00685875094523	-0.0168416413618	-0.0164852351552	0.0254088417618	-0.0349188958064	8.24532705816e-05	0.00294855764356	-0.027028138047	-0.00386069420405	0.0114834911573	-0.0362050358541	-0.023270167242	0.0362832706061	-0.0445444292308	0.0131689581474	0.102522169772	1.0	0.014756647859	0.000475056758754	0.00682529417396	-0.00217661412097	-0.00836157219576	-0.0116186339577	0.0625831239331	-0.0945368196415	0.00635561671025	-0.0274368868496	0.00520046353371	0.0315856434595	-0.0351475034665	-0.059582358303	-0.074301428665	0.0185072730643	-0.0768126965766	0.00209711883152	0.0486443168181	-0.00704255532347	0.0417556115334	0.00367708575084	-0.0270326998087	0.052474052556	-0.0402424780277	0.0501176359897	-0.0833277663219	-0.038146024939	-0.0690118983609	-0.0257079707914	-0.0483967226938	-0.0840186113108	-0.035866038813	0.0154849630088	-0.0296181033386	0.039918835504	-0.0369030777851	0.0608719082861	-0.0347839842254	-0.0332506811273	-0.0327643419358	-0.0342396009842
k__Bacteria;p__Proteobacteria;c__Betaproteobacteria;o__Burkholderiales;f__Sutterellaceae;g__Sutterella;s__Sutterella_wadsworthensis	-0.0232810715281	0.0039460943628	0.00359615713898	0.0028192428292	-0.0400877413596	-0.000109281188122	-0.0893885184515	-0.0150305202643	0.0762201921932	-0.032947132971	0.0346372368264	-0.0387740468807	0.0471241550859	-0.06961156703	0.0382216752569	-0.028151520164	0.014756647859	1.0	-0.0823331587934	-0.0538936966046	0.00789272082965	0.0206183145997	-0.00302682068058	-0.0256596157043	-0.0155497370284	-0.0494789309571	-0.0555512109054	-0.0398812342672	-0.0370119266739	0.0346451771243	-0.0297303585678	-0.0254412851726	0.00925650547155	-0.015438112575	-0.032959733877	-0.0231425852921	-0.0724665450035	0.0100225884643	0.0340309403803	0.0618975870439	0.0363322733023	-0.0130097418958	-0.0302501211419	-0.0126796639098	-0.0129164512113	0.0344075628414	-0.00571317140558	-0.0177026824783	-0.0255126700523	0.002601873074	0.00386743505216	-0.0202558125659	-0.0162110251028	0.0204254732735	0.0208270833819	0.0244844528986	-0.0651384063931	0.0122916002232	-0.00305476593404
k__Bacteria;p__Bacteroidetes;c__Bacteroidia;o__Bacteroidales;f__Porphyromonadaceae;g__Barnesiella;s__Barnesiella_intestinihominis	0.0208498294547	0.00119063811162	0.0706809209854	0.0360421705773	0.0283755014776	0.0300835695291	0.0207628027157	-0.00347417875076	-0.0325012092388	-0.079179388834	-0.0203201605428	-0.00935049717813	-0.0440978625384	-0.0186272675981	0.0137191766666	-0.0445985013665	0.000475056758754	-0.0823331587934	1.0	0.0112671571992	0.0086612004948	-0.0331851675355	-0.040281224164	0.0279827648592	0.0847918795092	0.0690199259428	0.00424152791871	-0.0151170498769	-0.0339304273944	-0.0216415857916	0.0194247685895	-0.0683741353751	-0.0281077825688	-0.0686156871573	-0.0584112084149	0.0226527701751	-0.00323614786745	-0.0355746381354	0.0386664425435	-0.0179384270243	0.024129198727	-0.0535943775041	-0.0173066012652	0.046545474587	0.0215436017592	-0.0276569791979	-0.0302387237123	0.0059064173518	-0.0110483908236	-0.0981712135854	0.0192091785178	-0.0484133441542	0.034751494975	-0.012491920837	-0.0516050238678	-0.0244324526692	0.00584674977868	0.0278149373131	-0.0545658023358
k__Bacteria;p__Bacteroidetes;c__Bacteroidia;o__Bacteroidales;f__Odoribacteraceae;g__Odoribacter;s__Odoribacter_splanchnicus	-0.00829582572693	-0.00104271595414	-0.0720967693841	0.00870297563399	0.0537750431794	-0.0645128291691	0.097849066369	-0.0315278622575	0.00340425688633	-0.0350503602977	-0.00737590331373	-0.0512572902355	-0.0336827554805	-0.0282739610459	-0.0568766622694	-0.0266279879314	0.00682529417396	-0.0538936966046	0.0112671571992	1.0	0.00437883841792	0.0670514343881	-0.0114460954229	-0.0533285329231	0.0417157334097	0.0124018397425	0.017876407235	0.0592257028639	-0.067638546112	-0.0976813977496	0.0082131904032	-0.00517053721839	0.0434392871278	0.0202909410294	0.0238686388167	0.00826686425451	-0.0331987742337	-0.00145824796447	0.0280851294232	-0.0570891135284	0.000922475852433	0.0053754913399	0.0190471764717	0.00517135324497	-0.0338934473103	-0.0549532574085	0.0778019269069	0.0200199503881	0.0154669574555	0.0720936044058	-0.0500847950032	-0.0308478079448	-0.0511250698116	-0.00110700025907	0.0194861549634	-0.0273755911788	-0.0618889909852	-0.00956374756167	0.0424888995163
k__Bacteria;p__Bacteroidetes;c__Bacteroidia;o__Bacteroidales;f__Bacteroidaceae;g__Bacteroides;s__Bacteroides_salyersiae	-0.0478121100054	0.113184439072	-0.0364315385832	-0.0117386903333	0.0092161357706	0.0267871004646	-0.0836330443296	-0.00790018396329	-0.00627587134034	0.0188329086274	-0.0418556687027	0.0531261979139	0.0261845114607	-0.0461953453413	-0.032427257122	-0.029819291848	-0.00217661412097	0.00789272082965	0.0086612004948	0.00437883841792	1.0	0.0645987475896	0.0177795660456	0.0627746631315	1.54258242506e-05	0.0183691301319	0.0281627946726	-0.0496344182422	0.00245174379352	-0.014436420135	-0.00152933917475	-0.0266043086753	0.028799283858	-0.0012165941264	0.0446133784684	-0.0627727424776	-0.0456193288832	-0.0431381133468	0.0401738196448	-0.0343600402339	-0.0127734614958	-0.0909687984724	0.0557565848325	-0.0109785677053	-0.0298292752968	-0.0226300923105	0.00398633620946	-0.0348215948836	0.0173681405961	-0.0442625027353	0.026780903258	0.0250646488467	-0.0306634495227	-0.0240575636005	-0.0248876922927	-0.0461908786807	-0.0475070352861	-0.0122416931541	0.0174854068021
k__Bacteria;p__Firmicutes;c__Clostridia;o__Clostridiales;f__Ruminococcaceae;g__Ruminiclostridium;s__[Eubacterium]_siraeum	0.0590398126296	-0.0136920295666	-0.0680819989395	-0.00269113936098	0.010504783511	-0.0966558550789	-0.0629570054595	-0.0497858778884	0.0373942716236	0.0142218820281	0.0289856485172	0.0350132981248	0.0431771565205	-0.0462571466071	0.00147389533696	-0.0643660683026	-0.00836157219576	0.0206183145997	-0.0331851675355	0.0670514343881	0.0645987475896	1.0	-0.0459412701483	0.00487080148623	0.00124361835486	0.0172957741763	-0.0483918469868	-0.0109671873397	-0.00523406370481	-0.0310418438901	-0.00877498675658	-0.0176202437491	0.0954390435967	-0.0206055895764	0.030358828886	-0.0353300567271	-0.0842644331414	-0.00975523295054	-0.0761980879266	0.0329006038448	0.00248629238617	-0.061040952269	0.00240207550675	-0.0264177495349	-0.0305062806804	-0.036735685821	0.104072638707	-0.0346030042143	0.0479774267979	0.0173984444727	-0.0499219398394	-0.0287597604509	-0.0265681131243	0.00401723930711	-0.00015266646383	-0.087768464611	-0.035877235188	0.0119164558497	-0.0302433839549
k__Bacteria;p__Proteobacteria;c__Betaproteobacteria;o__Burkholderiales;f__Sutterellaceae;g__Parasutterella;s__Parasutterella_excrementihominis	0.0172703937622	-0.025431312376	0.0752460845976	-0.0364257707627	-0.0194858514827	-0.029443455167	0.0431601337974	0.0251545180542	-0.0501738148682	-0.0473398794344	0.0418963827873	-0.0191125360027	-0.0519078383144	0.0173694501821	-0.0314306887082	-0.00368342873562	-0.0116186339577	-0.00302682068058	-0.040281224164	-0.0114460954229	0.0177795660456	-0.0459412701483	1.0	0.0137154072357	0.00470171874614	-0.00470029666729	0.0797648440018	0.0183485598503	0.0272362522266	-0.0526277540378	0.0313157941112	-0.0281353721481	-0.0261503554134	-0.111470046638	0.020129457156	-0.0115621860675	0.00355206755562	-0.0729205580411	0.0407760036259	-0.015462880268	-0.0288987060514	-0.0140813253824	0.00507830150814	-0.0437443183653	0.0427451814584	-0.0524672658947	0.00866809803642	-0.0450995023848	0.00491550285665	0.058942962926	0.00963902463649	-0.0448117460539	-0.0617763731117	-0.0377973235665	-0.0212052660691	0.0181737893794	-0.0333279234341	0.0035374793317	0.028937937757
k__Bacteria;p__Actinobacteria;c__Actinobacteria;o__Bifidobacteriales;f__Bifidobacteriaceae;g__Bifidobacterium;s__Bifidobacterium_adolescentis	0.0357556819107	0.0740375148527	0.0169008762735	-0.0334501411105	0.0379476385828	0.0586970787743	-0.00867002501472	0.0296675369535	-0.0255748780389	0.0296430663612	0.00235584603907	0.0220537746684	-0.0378879722367	-0.062363724731	-0.0250351713819	-0.0120598136391	0.0625831239331	-0.0256596157043	0.0279827648592	-0.0533285329231	0.0627746631315	0.00487080148623	0.0137154072357	1.0	-0.0049265220568	-0.0394608178681	-0.0444658323545	0.0728321828041	0.0474279380321	-0.0398710674176	-0.0764208471253	-0.0416024135705	-0.0261370339878	0.0390607503825	-0.000514773906608	0.00835475087742	-0.0124411658644	0.0134778713342	0.0669311397566	-0.0556580863104	-0.0448503423031	-0.0927558737168	0.020113911636	-0.0146987161587	-0.0126607067933	0.0163541929061	0.0258819767049	-0.0708709496695	-0.0182938817532	-0.102242313544	-0.0159869944657	-0.028612849891	-0.00906121337747	-0.0332544905818	0.00144482466933	0.0328734059751	-0.0597616797217	-0.0253642991278	-0.0133323136349
k__Bacteria;p__Firmicutes;c__Clostridia;o__Clostridiales;f__Oscillospiraceae;g__Oscillibacter;s__Oscillibacter_sp._KLE_1745	-0.11491018471	-0.00845237256984	-0.00559751096484	0.0114090410716	-0.0101196801885	0.0595645996312	0.0459611071488	-0.0673051235164	-0.0102727519288	-0.0240478126838	-0.115210878142	-0.0159881608978	-0.0101295686983	0.0431855392811	0.0275341092876	-0.0459330141607	-0.0945368196415	-0.0155497370284	0.0847918795092	0.0417157334097	1.54258242505e-05	0.00124361835486	0.00470171874614	-0.0049265220568	1.0	0.0381597842155	-0.0405662640684	0.0204883647774	-0.00515425210433	0.0304878412476	-0.102295159386	-0.00632492548331	-0.0382971436753	-0.0109350291345	0.0633026586633	0.0311228113058	-0.0838976328132	0.0369299631856	0.0540243993281	-0.0142106116439	-0.00160493640063	-0.0274430096875	0.0260622617186	-0.0140520873771	-0.0322751156186	-0.0139985654862	-0.0276161876525	-0.0303232847163	0.014035204288	-0.0731270125118	-0.0547303969875	-0.0760478206813	-0.0478131519072	0.0439389439776	0.0443436740393	0.00253337277751	-0.0155072552757	-0.0383740957843	-0.0157507970479
k__Bacteria;p__Bacteroidetes;c__Bacteroidia;o__Bacteroidales;f__Bacteroidaceae;g__Bacteroides;s__Bacteroides_coprophilus	-0.00821079581907	-0.0662304462029	-0.00742987672852	0.00106054202338	-0.022809857195	0.0651346827168	-0.0115774473451	-0.062407596114	-0.0500439972713	0.012140532531	-0.0337852881802	-0.0450844410861	0.0218071707108	0.0246407157208	-0.0468911184218	0.0205096587891	0.00635561671025	-0.0494789309571	0.0690199259428	0.0124018397425	0.0183691301319	0.0172957741763	-0.00470029666729	-0.0394608178681	0.0381597842155	1.0	0.0515830214577	-0.0217656232722	0.0501941496612	0.0565650705214	-0.00816548467702	-0.0499333900291	-0.0172092567818	-0.010532248944	-0.0608400379473	0.0168169770328	-0.0202325936194	0.00883972793349	-0.100550857742	-0.0346350231433	-0.00115589839501	0.0356474879436	0.00994362450669	-0.00673578498363	0.00765673826869	-0.0545588445706	0.00616670600968	0.0809962066415	-0.0415968449459	0.00183177272225	-0.0224386163713	-0.0828117241352	0.0267483107442	0.0608059112796	-0.0559762248637	-0.0647299139281	-0.021303579933	-0.00987618800841	0.0166989388153
k__Bacteria;p__Firmicutes;c__Clostridia;o__Clostridiales;f__Lachnospiraceae;g__Roseburia;s__Roseburia_intestinalis	-0.03576885036	-0.0649610279016	0.0240541028305	0.00831216078278	-0.0285335298524	0.0190732283049	0.0436581479096	-0.0504406035027	0.0901489494113	0.0500702938159	-0.0591346988269	-0.0192539142581	-0.0360348698173	-0.0301136770819	-0.0509155131509	-0.0389955415697	-0.0274368868496	-0.0555512109054	0.00424152791871	0.017876407235	0.0281627946726	-0.0483918469868	0.0797648440018	-0.0444658323545	-0.0405662640684	0.0515830214577	1.0	0.0262604157291	0.0203933076909	0.0102319999245	0.0305014705742	0.0299111047681	-0.0273300178188	0.0316847843004	0.0345314359129	-0.0422454047057	-0.0205536942133	0.0503171111266	0.00857576583619	-0.0219853058867	-0.0438496198645	-0.00328598934185	-0.0146535764825	-0.0654232973744	-0.0116432698439	0.000461449782404	-0.00735503617707	-0.0462260922941	-0.0749230497928	0.0455214187812	0.0148614019618	0.0237648313935	-0.0194952098729	-0.00109891828123	0.0592007242381	0.00146099486854	-0.0490563215857	0.004708475348	-0.0267641589949
k__Bacteria;p__Firmicutes;c__Clostridia;o__Clostridiales;f__Lachnospiraceae;g__Roseburia;s__Roseburia_hominis	0.00529678568731	-0.0584479300302	0.00410536532408	0.00546199263502	-0.0339960944971	-0.0285290909666	-0.035501548218	-0.0798221102261	-0.0474374368663	0.00750390174341	0.0420796441633	0.0152984323584	0.0526214706963	0.00676378611979	0.00828748158226	-0.0525581378522	0.00520046353371	-0.0398812342672	-0.0151170498769	0.0592257028639	-0.0496344182422	-0.0109671873397	0.0183485598503	0.0728321828041	0.0204883647774	-0.0217656232722	0.0262604157291	1.0	-0.0204593743967	0.0373885661752	0.00926898238291	0.0822287860502	-0.00192781320449	0.00811859137001	0.0413420161305	0.000162562561194	-0.0011020257058	0.0314845193037	0.0135193195374	-0.108213507859	0.0097250796967	0.0169970661699	-0.0224474191257	0.023789064756	0.00111889174981	0.0166009396962	-0.0161879619372	0.0014538585627	-0.0267311790979	-0.0346715107844	-0.0260160535499	-0.0868590579663	-0.0438794413185	-0.0199037779061	-0.0437700296323	0.0172710724224	0.0102608612404	-0.00262813678552	-0.0241696645149
k__Bacteria;p__Bacteroidetes;c__Bacteroidia;o__Bacteroidales;f__Porphyromonadaceae;g__Parabacteroides;s__Parabacteroides_johnsonii	-0.0376570304717	-0.00528247058015	-0.0665605590274	-0.0280354668585	-0.0799345597882	0.0200861299505	0.0308580233736	-0.0422320984556	0.0299703774835	-0.0324049789019	-0.0404705199558	-0.0342636272957	-0.00690597739327	0.0165259542886	-0.026860232281	0.0169493382638	0.0315856434595	-0.0370119266739	-0.0339304273944	-0.067638546112	0.00245174379352	-0.00523406370481	0.0272362522266	0.0474279380321	-0.00515425210433	0.0501941496612	0.0203933076909	-0.0204593743967	1.0	0.0500181793002	-0.0228304299079	-0.038369932756	0.0217957030639	-0.0217660575317	-0.00592482161462	-0.0290406126654	0.041748903465	-0.017441559052	-0.0316604946766	0.028256627111	0.0620665988282	-0.0106011239821	-0.0156544982985	0.0357022580869	0.00594380277309	-0.0981621541797	0.0180211288812	0.0509900687434	0.00284795610242	0.00530658545323	-0.0367996343119	0.0334156986477	-0.0405260608355	0.0127214780852	0.0400830254384	-0.00307400412525	0.0130230059739	-0.070570403361	0.0449144483149
k__Bacteria;p__Actinobacteria;c__Actinobacteria;o__Bifidobacteriales;f__Bifidobacteriaceae;g__Bifidobacterium;s__Bifidobacterium_longum	-0.0713751158437	-0.0486839100314	-0.0585595118754	-0.0242557837663	-0.00463843165969	0.0472669311361	0.0455062988595	-0.0536276222773	-0.0313274289859	-0.0226396373024	0.0579284438291	-0.0248312840157	0.032819279733	0.0196962474996	0.0692508434218	0.0008561629919	-0.0351475034665	0.0346451771243	-0.0216415857916	-0.0976813977496	-0.014436420135	-0.0310418438901	-0.0526277540378	-0.0398710674176	0.0304878412476	0.0565650705214	0.0102319999245	0.0373885661752	0.0500181793002	1.0	-0.0156315497163	0.0160499369167	-0.0303581330553	-0.0270007631694	-0.0580303979173	0.0145353281488	0.00711156445528	-0.0507506347678	0.0231631439534	-0.0204628437914	0.028574807417	-0.020383375295	-0.0441348937886	0.0354067182866	-0.0175400324127	-0.0458898547776	-0.0321427622832	0.0081562452811	0.0381809730352	-0.0768449152039	-0.0348814816194	0.0423924107204	-0.0182470229954	-0.00926778678112	-0.0302168420706	-0.0616263995465	-0.0813791513525	-0.0252181234242	0.00148736490133
