#taxonomy	k__Bacteria;p__Bacteroidetes;c__Bacteroidia;o__Bacteroidales;f__Bacteroidaceae;g__Bacteroides;s__Bacteroides_vulgatus	k__Bacteria;p__Bacteroidetes;c__Bacteroidia;o__Bacteroidales;f__Bacteroidaceae;g__Bacteroides;s__Bacteroides_uniformis	k__Bacteria;p__Bacteroidetes;c__Bacteroidia;o__Bacteroidales;f__Rikenellaceae;g__Alistipes;s__Alistipes_putredinis	k__Bacteria;p__Bacteroidetes;c__Bacteroidia;o__Bacteroidales;f__Prevotellaceae;g__Prevotella;s__Prevotella_copri	k__Bacteria;p__Bacteroidetes;c__Bacteroidia;o__Bacteroidales;f__Bacteroidaceae;g__Bacteroides;s__Bacteroides_stercoris	k__Bacteria;p__Bacteroidetes;c__Bacteroidia;o__Bacteroidales;f__Bacteroidaceae;g__Bacteroides;s__Bacteroides_ovatus	k__Bacteria;p__Bacteroidetes;c__Bacteroidia;o__Bacteroidales;f__Rikenellaceae;g__Alistipes;s__Alistipes_shahii	k__Bacteria;p__Firmicutes;c__Clostridia;o__Clostridiales;f__Ruminococcaceae;g__Faecalibacterium;s__Faecalibacterium_prausnitzii	k__Bacteria;p__Bacteroidetes;c__Bacteroidia;o__Bacteroidales;f__Rikenellaceae;g__Alistipes;s__Alistipes_finegoldii	k__Bacteria;p__Bacteroidetes;c__Bacteroidia;o__Bacteroidales;f__Porphyromonadaceae;g__Parabacteroides;s__Parabacteroides_distasonis	k__Bacteria;p__Bacteroidetes;c__Bacteroidia;o__Bacteroidales;f__Bacteroidaceae;g__Bacteroides;s__Bacteroides_thetaiotaomicron	k__Bacteria;p__Bacteroidetes;c__Bacteroidia;o__Bacteroidales;f__Bacteroidaceae;g__Bacteroides;s__Bacteroides_coprocola	k__Bacteria;p__Bacteroidetes;c__Bacteroidia;o__Bacteroidales;f__Bacteroidaceae;g__Bacteroides;s__Bacteroides_cellulosilyticus	k__Bacteria;p__Bacteroidetes;c__Bacteroidia;o__Bacteroidales;f__Rikenellaceae;g__Alistipes;s__Alistipes_obesi	k__Bacteria;p__Firmicutes;c__Clostridia;o__Clostridiales;f__Lachnospiraceae;g__;s__[Eubacterium]_rectale	k__Bacteria;p__Bacteroidetes;c__Bacteroidia;o__Bacteroidales;f__Bacteroidaceae;g__Bacteroides;s__Bacteroides_plebeius	k__Bacteria;p__Bacteroidetes;c__Bacteroidia;o__Bacteroidales;f__Bacteroidaceae;g__Bacteroides;s__Bacteroides_fragilis	k__Bacteria;p__Proteobacteria;c__Betaproteobacteria;o__Burkholderiales;f__Sutterellaceae;g__Sutterella;s__Sutterella_wadsworthensis	k__Bacteria;p__Bacteroidetes;c__Bacteroidia;o__Bacteroidales;f__Porphyromonadaceae;g__Barnesiella;s__Barnesiella_intestinihominis	k__Bacteria;p__Bacteroidetes;c__Bacteroidia;o__Bacteroidales;f__Odoribacteraceae;g__Odoribacter;s__Odoribacter_splanchnicus	k__Bacteria;p__Bacteroidetes;c__Bacteroidia;o__Bacteroidales;f__Bacteroidaceae;g__Bacteroides;s__Bacteroides_salyersiae	k__Bacteria;p__Firmicutes;c__Clostridia;o__Clostridiales;f__Ruminococcaceae;g__Ruminiclostridium;s__[Eubacterium]_siraeum	k__Bacteria;p__Proteobacteria;c__Betaproteobacteria;o__Burkholderiales;f__Sutterellaceae;g__Parasutterella;s__Parasutterella_excrementihominis	k__Bacteria;p__Actinobacteria;c__Actinobacteria;o__Bifidobacteriales;f__Bifidobacteriaceae;g__Bifidobacterium;s__Bifidobacterium_adolescentis	k__Bacteria;p__Firmicutes;c__Clostridia;o__Clostridiales;f__Oscillospiraceae;g__Oscillibacter;s__Oscillibacter_sp._KLE_1745	k__Bacteria;p__Bacteroidetes;c__Bacteroidia;o__Bacteroidales;f__Bacteroidaceae;g__Bacteroides;s__Bacteroides_coprophilus	k__Bacteria;p__Firmicutes;c__Clostridia;o__Clostridiales;f__Lachnospiraceae;g__Roseburia;s__Roseburia_intestinalis	k__Bacteria;p__Firmicutes;c__Clostridia;o__Clostridiales;f__Lachnospiraceae;g__Roseburia;s__Roseburia_hominis	k__Bacteria;p__Bacteroidetes;c__Bacteroidia;o__Bacteroidales;f__Porphyromonadaceae;g__Parabacteroides;s__Parabacteroides_johnsonii	k__Bacteria;p__Actinobacteria;c__Actinobacteria;o__Bifidobacteriales;f__Bifidobacteriaceae;g__Bifidobacterium;s__Bifidobacterium_longum	k__Bacteria;p__Firmicutes;c__Clostridia;o__Clostridiales;f__;g__Flavonifractor;s__Flavonifractor_plautii	k__Bacteria;p__Firmicutes;c__Clostridia;o__Clostridiales;f__Clostridiaceae;g__Clostridium;s__Clostridium_phoceensis	k__Bacteria;p__Verrucomicrobia;c__Verrucomicrobiae;o__Verrucomicrobiales;f__Akkermansiaceae;g__Akkermansia;s__Akkermansia_muciniphila	k__Bacteria;p__Bacteroidetes;c__Bacteroidia;o__Bacteroidales;f__Prevotellaceae;g__Paraprevotella;s__Paraprevotella_xylaniphila	k__Bacteria;p__Firmicutes;c__Clostridia;o__Clostridiales;f__Ruminococcaceae;g__Ruminococcus;s__Ruminococcus_callidus	k__Bacteria;p__Bacteroidetes;c__Bacteroidia;o__Bacteroidales;f__Rikenellaceae;g__Alistipes;s__Alistipes_senegalensis	k__Bacteria;p__Firmicutes;c__Clostridia;o__Clostridiales;f__Lachnospiraceae;g__Blautia;s__Blautia_sp._KLE_1732	k__Bacteria;p__Bacteroidetes;c__Bacteroidia;o__Bacteroidales;f__Bacteroidaceae;g__Bacteroides;s__Bacteroides_oleiciplenus	k__Bacteria;p__Firmicutes;c__Clostridia;o__Clostridiales;f__Ruminococcaceae;g__Ruminococcus;s__Ruminococcus_bicirculans	k__Bacteria;p__Bacteroidetes;c__Bacteroidia;o__Bacteroidales;f__Bacteroidaceae;g__Bacteroides;s__Bacteroides_fluxus	k__Bacteria;p__Bacteroidetes;c__Bacteroidia;o__Bacteroidales;f__Prevotellaceae;g__Prevotella;s__Prevotella_stercorea	k__Bacteria;p__Firmicutes;c__Clostridia;o__Clostridiales;f__Lachnospiraceae;g__Dorea;s__Dorea_longicatena	k__Bacteria;p__Firmicutes;c__Clostridia;o__Clostridiales;f__Eubacteriaceae;g__Eubacterium;s__[Eubacterium]_eligens	k__Bacteria;p__Firmicutes;c__Clostridia;o__Clostridiales;f__Ruminococcaceae;g__;s__Ruminococcaceae_bacterium_D16	k__Bacteria;p__Firmicutes;c__Clostridia;o__Clostridiales;f__Lachnospiraceae;g__Coprococcus;s__Coprococcus_comes	k__Bacteria;p__Proteobacteria;c__Gammaproteobacteria;o__Enterobacterales;f__Enterobacteriaceae;g__Escherichia;s__Escherichia_coli	k__Bacteria;p__Firmicutes;c__Clostridia;o__Clostridiales;f__Ruminococcaceae;g__Anaerotruncus;s__Anaerotruncus_colihominis	k__Bacteria;p__Firmicutes;c__Clostridia;o__Clostridiales;f__Lachnospiraceae;g__Blautia;s__Blautia_obeum	k__Bacteria;p__Bacteroidetes;c__Bacteroidia;o__Bacteroidales;f__Odoribacteraceae;g__Odoribacter;s__Odoribacter_laneus	k__Bacteria;p__Firmicutes;c__Clostridia;o__Clostridiales;f__Ruminococcaceae;g__Ruminiclostridium;s__[Clostridium]_leptum	k__Bacteria;p__Bacteroidetes;c__Bacteroidia;o__Bacteroidales;f__Porphyromonadaceae;g__Parabacteroides;s__Parabacteroides_goldsteinii	k__Bacteria;p__Firmicutes;c__Clostridia;o__Clostridiales;f__Lachnospiraceae;g__Anaerostipes;s__Anaerostipes_hadrus	k__Bacteria;p__Firmicutes;c__Clostridia;o__Clostridiales;f__Ruminococcaceae;g__Ruminococcus;s__Ruminococcus_lactaris	k__Bacteria;p__Firmicutes;c__Clostridia;o__Clostridiales;f__Clostridiaceae;g__Clostridium;s__Clostridium_sp._L2-50	k__Bacteria;p__Firmicutes;c__Clostridia;o__Clostridiales;f__Clostridiaceae;g__Clostridium;s__Clostridium_sp._M62/1	k__Bacteria;p__Firmicutes;c__Clostridia;o__Clostridiales;f__;g__Intestinimonas;s__Intestinimonas_butyriciproducens	k__Bacteria;p__Actinobacteria;c__Actinobacteria;o__Bifidobacteriales;f__Bifidobacteriaceae;g__Bifidobacterium;s__Bifidobacterium_bifidum	k__Bacteria;p__Firmicutes;c__Negativicutes;o__Veillonellales;f__Veillonellaceae;g__Dialister;s__Dialister_invisus	k__Bacteria;p__Bacteroidetes;c__Bacteroidia;o__Bacteroidales;f__Bacteroidaceae;g__Bacteroides;s__Bacteroides_salanitronis
k__Bacteria;p__Bacteroidetes;c__Bacteroidia;o__Bacteroidales;f__Bacteroidaceae;g__Bacteroides;s__Bacteroides_vulgatus	1.0	-0.0152624798384	0.0180769708824	-0.0353347973857	-0.0413768365578	-0.0835080453975	0.0367130761881	-0.0312675605662	-0.0140885535455	-0.00425671726729	-0.0239827725124	-0.00799524423693	0.0184512575432	-0.0631452680881	-0.0724063419562	0.0291385732995	-0.112261527889	0.032912536512	0.0460792788481	0.0343898685512	-0.0385178552673	-0.0585433027726	0.0192486630681	0.0583588596611	-0.0146606976609	0.0914575837468	0.0353980308132	-0.0201579800106	-0.0520018687886	-0.0700267460999	0.00991851868795	-0.0345352546192	0.0279677981778	0.00326874893187	0.0373031042587	-0.0250710142925	0.0444954173039	-0.00698574899416	0.00281449474559	0.00606217706919	0.019847335419	0.0182512138472	0.0395761843818	-0.0265943557801	0.0193830862202	0.0200118610176	-0.00834592087043	0.000762364648621	-0.0159927579401	0.0427736702046	-0.0811671958939	0.0503073677042	0.0616749329044	0.0319106145069	-0.0169649455409	-0.0676450771928	0.0253170306445	-0.0528582817839	0.0196307787973
k__Bacteria;p__Bacteroidetes;c__Bacteroidia;o__Bacteroidales;f__Bacteroidaceae;g__Bacteroides;s__Bacteroides_uniformis	-0.0152624798384	1.0	-0.0172622094735	-0.0297006542918	-0.0488557236368	0.0222580220322	0.00793241408874	0.0125941300121	-0.0503715394239	0.0483913007871	0.0316478228517	-0.0114943332817	0.0260227422873	-0.00853743194401	-0.0129363055254	-0.0612272512463	0.0538129069672	-0.0436463358656	-0.048476062177	-0.0821684020064	-0.022612891958	-0.0192421021042	0.0100066663544	0.00800367675331	0.0375618508468	0.0210778082872	0.0530464650345	0.0704159726575	-0.0464390999026	0.0313876680274	0.0486423410349	-0.0414117918001	0.0435248761391	0.0280352697081	0.0289603392854	0.000551750401647	-0.0459744259675	-0.00975842938573	0.0238815748743	-0.0463832054815	-0.0483145778755	-0.0359709427169	0.00721215339245	-0.0692678215366	-0.0645625002706	-0.100335878438	-0.0351491942592	-0.00923833534052	0.0122926881916	0.0150134939593	0.0133146192271	-0.0669611737727	-0.0861868278638	0.00130812515547	-0.000312654870964	-0.00931534366429	-0.0987247387242	0.0329661587656	-0.0374465750152
k__Bacteria;p__Bacteroidetes;c__Bacteroidia;o__Bacteroidales;f__Rikenellaceae;g__Alistipes;s__Alistipes_putredinis	0.0180769708824	-0.0172622094735	1.0	0.0149821009391	0.0230404638143	-0.0811836293592	-0.0378288684965	0.00261517583916	-0.017318984275	-0.0132848696834	-0.0490798004952	-0.0198047376771	0.0269824681276	0.0324322740427	-0.0510899277023	-0.0668066406957	-0.0423110729044	0.0503345674571	0.0608611953738	-0.0239762134551	0.00944563364567	0.0887109870262	-0.0633256236756	-0.0751694635338	0.0109172135359	-0.0701637390542	0.0169305027362	-0.0953156280893	-0.0237292849349	-0.0538522984227	0.0275629646115	-0.0214292714943	-0.085425852049	0.0115599209353	-0.0351871615437	0.0861206590916	-0.029242157685	-0.0056237106633	-0.00979391563259	-0.00502745426488	-0.0242284352725	0.0308596379802	-0.0266617406362	-0.0964821478147	-0.0421440600134	0.0415345240565	0.0564699167074	0.0293399827415	-0.0431069581554	-0.00367584935995	-0.040862186564	0.0345661168406	0.0304828424721	-0.0109307120192	0.0480146299371	0.0541969708488	0.0522845733002	0.005112923525	0.014653296183
k__Bacteria;p__Bacteroidetes;c__Bacteroidia;o__Bacteroidales;f__Prevotellaceae;g__Prevotella;s__Prevotella_copri	-0.0353347973857	-0.0297006542918	0.0149821009391	1.0	0.0256819622691	-0.074042379183	0.0113448104028	-0.0231590570355	-0.0174736881296	-0.0614747159025	-0.0232098438694	-0.0102798611838	-0.0569331652801	0.0466357958645	-0.021773965721	-0.0276346458054	-0.0100284057103	-0.0336386032224	-0.0197430399882	-0.0346055899506	0.023054667186	-0.0274068363758	0.0365581046251	0.055310337794	0.00630758946589	0.0102935219742	-0.0273639349003	-0.0585747899664	-0.0413317986492	-0.0110168133746	-0.0235324169723	0.0472000403407	-0.0176253473983	-0.0101344906236	-0.00353873115774	-0.0300125501148	-0.0142004637608	0.0287975536466	-0.0708068677912	0.0309415879309	-0.0803541582149	-0.00122897572709	-0.0433806703091	-0.0788854435406	-0.0210567358389	0.0192604318046	0.00952884827282	-0.0537218419029	0.0105779721715	-0.0433273858573	0.0629138683049	0.0286455463811	0.0153604545927	0.0632700118193	-0.0317884726603	-0.0203447728553	0.0289178827954	-0.015532154748	-0.0225619505193
k__Bacteria;p__Bacteroidetes;c__Bacteroidia;o__Bacteroidales;f__Bacteroidaceae;g__Bacteroides;s__Bacteroides_stercoris	-0.0413768365578	-0.0488557236368	0.0230404638143	0.0256819622691	1.0	-0.0218307255433	0.0129324827343	-0.00351254495516	-0.0163702750834	-0.0647893869528	-0.0429016387718	-0.0715517851301	-0.00814106576952	0.0239909274304	0.0864021921063	0.0168243964492	-0.0066318990833	-0.0203131476356	0.00512700683487	0.0352412713565	-0.0355826878525	-0.0506968846983	-0.0379366156818	0.0160589167178	0.0259270786738	-0.0114962077481	-0.0278662167717	0.00599580537557	-0.0112211600962	-0.0106867357863	-0.000694979142864	0.0317406671701	0.04529198502	0.0562519604187	-0.0133352171796	0.0516208832273	-0.0642583072892	-0.00316504016909	-0.0942270962339	-0.00481894758461	-0.00795769364231	-0.0314771637113	0.0209214661337	0.027335030403	0.0100149367314	0.00674412090412	-0.00053697023302	-0.0302213213344	-0.0144042135453	0.0154600526859	0.0572561382693	-0.074416213908	0.0136706201863	-0.0702966980316	-0.0660566248443	0.0574857282892	-0.00163495346229	0.027246791861	-0.0331545680091
k__Bacteria;p__Bacteroidetes;c__Bacteroidia;o__Bacteroidales;f__Bacteroidaceae;g__Bacteroides;s__Bacteroides_ovatus	-0.0835080453975	0.0222580220322	-0.0811836293592	-0.074042379183	-0.0218307255433	1.0	-0.014861364026	0.0941727017486	-0.0304579118067	-0.00433812060012	0.0722944502933	-0.0561275073377	-0.0486959319686	-0.0663438804001	-0.00258469680138	0.0100570553434	0.0271787340206	0.0297038011128	-0.0626199703951	-0.0420820315641	0.0059276374261	-0.024439659001	0.0200289377141	-0.00583755540326	-0.0437844396414	0.0199397718048	-0.038629389274	0.0290387613194	-0.059827627722	-0.0315260166655	-0.0238204775801	0.075573586658	-0.032527130811	0.00767479363462	0.00230778636237	-0.00326619222498	0.0301614457051	-0.0177852376029	0.0272600157538	-0.0201219722318	-0.0176188327255	-0.043177353509	0.0206820980192	-0.0064920211476	-0.0109157090698	0.0057777412228	-0.00466301980775	0.00681434187861	-0.0464384786494	-0.027587830097	-0.0441479997818	0.0320525260226	-0.0154278279889	0.00274045627858	0.013808937554	0.014202811023	-0.00393814759347	0.0283953237662	0.00170894526629
k__Bacteria;p__Bacteroidetes;c__Bacteroidia;o__Bacteroidales;f__Rikenellaceae;g__Alistipes;s__Alistipes_shahii	0.0367130761881	0.00793241408874	-0.0378288684965	0.0113448104028	0.0129324827343	-0.014861364026	1.0	-0.0549901160704	-0.038145457674	0.0208828606945	-0.0634782348762	0.0243587838147	0.0354774978688	-0.0379352010317	-0.0487020932857	0.00140862716007	-0.0872297519012	-0.00685630840868	0.00176249522323	-0.0564995902229	-0.00259179278489	-0.034699177388	-0.0658555962015	-0.0215564637758	0.0290908156357	0.0468287378853	-0.0185900492197	0.0441825692739	-0.0185631219792	0.0488910059949	-0.0149176731074	-0.0468875809693	-0.0595612226511	-0.0067141243762	0.0844711697158	0.0449368379847	0.00858564934453	-0.0208928410607	-0.0787831796598	-0.0149061321512	0.0429213813343	-0.0418811001542	0.006843879735	0.0725105896505	0.0139737087966	-0.00720316982141	-0.033375636778	0.0185720735857	-0.0223388380376	-0.0178543081019	0.0167473216788	-0.0604989846475	0.0136305755237	-0.0291423717007	-0.0468256488596	-0.0544070693261	-0.0508552859264	-0.0484774153921	-0.0428746505994
k__Bacteria;p__Firmicutes;c__Clostridia;o__Clostridiales;f__Ruminococcaceae;g__Faecalibacterium;s__Faecalibacterium_prausnitzii	-0.0312675605662	0.0125941300121	0.00261517583916	-0.0231590570355	-0.00351254495516	0.0941727017486	-0.0549901160704	1.0	0.0448548515293	-0.0162277210993	0.0298643402461	0.0406947478345	-0.0611474157081	0.0192630367499	0.0154285745409	0.0249237607336	-0.0385482461179	-0.0108735501773	0.00295467862815	-0.0197021668306	-0.0715890227153	-0.0120586942519	-0.0089621810458	0.0341714264518	-0.0209985009738	-0.101703321467	-0.0418822175432	0.0170986566784	-0.04179361653	0.00722456370227	0.0233104326484	-0.0256793264573	0.0644339452182	-0.0771588622013	-0.0382503788427	0.0524412740356	-0.00328441580841	-0.0817461623668	0.0642791257703	-0.0470125382224	-0.0078183139664	0.0116689717497	0.0359743541622	0.050126884136	0.0428392347921	-0.0195857296051	-0.026376256909	-0.0101338181493	0.0190257493291	0.041881964335	-0.073106616144	-0.0808664669499	-0.0391833597519	0.0205342595247	-0.0371076417374	-0.0139480825212	-0.0173848005657	0.0344828174814	0.0122027632088
k__Bacteria;p__Bacteroidetes;c__Bacteroidia;o__Bacteroidales;f__Rikenellaceae;g__Alistipes;s__Alistipes_finegoldii	-0.0140885535455	-0.0503715394239	-0.017318984275	-0.0174736881296	-0.0163702750834	-0.0304579118067	-0.038145457674	0.0448548515293	1.0	0.064280043163	0.0367066973084	0.0198424266216	0.0747528742644	0.0317368329695	-0.0745353967102	-0.00499797320088	-0.0633755443876	0.0569633387372	-0.00182206317186	0.0586042685609	-0.00989117086972	0.0211482895665	0.00515697812475	0.00523664930905	-0.0660554315373	-0.0350815431703	0.0688713479187	0.0359959656375	0.0362155028162	0.0540922877347	-0.0171296800389	-0.0218665189527	-0.0128510053114	-0.0439045103042	0.00197083701057	-0.0348418644883	-0.0346397994206	-0.00358664524435	-0.0448513014977	-0.00857786942258	0.00273295522495	-0.0139531909156	-0.0535920833535	0.00664947276089	0.0215927713402	-0.00859668137813	0.0906429516873	0.00116017821107	-0.027855508233	0.0672701191349	-0.0285946284925	-0.0497568039752	-0.0512149348627	-0.037858012975	0.0135453882025	-0.0814288716551	0.0375976496601	0.00894811361037	-0.010057407679
k__Bacteria;p__Bacteroidetes;c__Bacteroidia;o__Bacteroidales;f__Porphyromonadaceae;g__Parabacteroides;s__Parabacteroides_distasonis	-0.00425671726729	0.0483913007871	-0.0132848696834	-0.0614747159025	-0.0647893869528	-0.00433812060012	0.0208828606945	-0.0162277210993	0.064280043163	1.0	-0.0700144100639	-0.0356829110803	0.0167638776111	-0.0463935431888	0.0143153708111	0.00952776915549	-0.0427174530635	0.0109759425549	-0.0784561304988	-0.0318437841634	0.0296586317561	0.0815360018918	-0.0670945172386	-0.0797507435284	-0.0172377025533	-0.0481192206053	-0.00695725193585	-0.0266801410039	0.0383892861545	-0.0432351125348	-0.0143897922298	0.0711893810333	0.0189047349354	-0.0147755599139	0.0041840502468	-0.0678759266063	-0.0082361164974	-0.0628252521964	-0.077071086248	-0.0380579900154	0.00668872528731	-0.0419022395429	-0.0331363289623	-0.0448459709049	-0.0181767653588	-0.0221519155437	-0.0229716116562	-0.035425409895	-0.0302155212801	0.0737567134574	0.0498672568701	-0.00159645973898	0.0293056974268	-0.0135034021357	0.0564395539656	-0.0221366007176	0.0430245909508	-0.0460798398357	-0.0477250298623
k__Bacteria;p__Bacteroidetes;c__Bacteroidia;o__Bacteroidales;f__Bacteroidaceae;g__Bacteroides;s__Bacteroides_thetaiotaomicron	-0.0239827725124	0.0316478228517	-0.0490798004952	-0.0232098438694	-0.0429016387718	0.0722944502933	-0.0634782348762	0.0298643402461	0.0367066973084	-0.0700144100639	1.0	0.0431345001814	0.0271402066454	0.0523303504603	0.0416659928351	-0.00386200189733	0.0621540497896	0.0585817100625	0.0594115948402	0.0565519567374	-0.0461373924906	-0.0020940748782	0.00321606862645	0.0253563355879	0.0125657710366	-0.0679398244332	0.0014600395186	-0.0225116357307	0.0127509151542	0.016817563723	0.0402285030953	-0.0211006993558	-0.0214379895756	0.00351530690028	-0.0688335014906	-0.0898659448905	0.0555900660315	0.0480727265587	0.0383489724797	0.0243817728223	-0.09631675163	0.00599544237541	-0.0381742151711	0.0221500825785	0.0346480549217	-0.0479363592272	-7.03376988296e-05	-0.045480069226	-0.0393987862182	-0.0576593229593	-0.0627295181953	-0.014868225947	-0.0380763967304	-0.0178609227907	-0.0153729880097	-0.00823774917276	-0.0188395346879	-0.052522302805	0.0542879388551
k__Bacteria;p__Bacteroidetes;c__Bacteroidia;o__Bacteroidales;f__Bacteroidaceae;g__Bacteroides;s__Bacteroides_coprocola	-0.00799524423693	-0.0114943332817	-0.0198047376771	-0.0102798611838	-0.0715517851301	-0.0561275073377	0.0243587838147	0.0406947478345	0.0198424266216	-0.0356829110803	0.0431345001814	1.0	-0.00176590553541	-0.00270103512859	-0.0524337883622	-0.00648987196776	0.029169214149	-0.0164518731576	-0.0631848672039	-0.00352487957604	-0.00372660673072	-0.0290349771619	-0.0347019291373	0.00912356860114	0.0171391304903	-0.0707141097189	-0.0106878078753	-0.0299846091334	-0.0374474157922	-0.0169285043513	-0.0127407100705	-0.070024172924	0.0496292309529	0.000405318156468	0.0141826015734	-0.0113118959303	0.0358104415592	-0.0294965322365	-0.0132414836753	-0.0210029830853	-0.00807908239014	0.0798621006614	0.0025820217542	-0.0177109024868	0.00164726667851	-0.0334662135336	0.0364499691544	-0.0560900689822	-0.00472094338867	0.074939142259	0.0089962976116	0.0306559809023	-0.0759020109997	0.0556983891402	0.0895218452207	-0.0062764960271	0.0407824818029	-0.0297411294102	-0.0450308592577
k__Bacteria;p__Bacteroidetes;c__Bacteroidia;o__Bacteroidales;f__Bacteroidaceae;g__Bacteroides;s__Bacteroides_cellulosilyticus	0.0184512575432	0.0260227422873	0.0269824681276	-0.0569331652801	-0.00814106576952	-0.0486959319686	0.0354774978688	-0.0611474157081	0.0747528742644	0.0167638776111	0.0271402066454	-0.00176590553541	1.0	-0.0575613298065	-0.0202844564204	0.00464983225702	-0.0317663191613	-0.0792548394126	-0.010912469229	0.0485045530666	-0.00659873174482	-0.0314145618369	-0.0588122335438	-0.0434395442835	0.016572328584	-0.00425056765635	-0.0359746429016	-0.0372680073668	0.0319528645388	0.0291957026803	0.0588747090916	0.0431379454127	-0.0437831385197	-0.0219607328135	-0.049310625321	0.0189278735809	0.0671549942389	0.0225541239159	-0.0389132668651	0.0210468628718	-0.0408260124772	-0.0146216161848	0.0407120857327	0.0743260045591	-0.0968860415834	-0.073484100749	0.0272580011549	0.0928401614147	-0.0034933178092	-0.0738862705747	0.0129937804534	-0.0631565963786	0.0112655493549	0.0939540969233	-0.0632378000945	-0.0310133351742	-0.0323545478038	-0.0482568069758	0.042560584451
k__Bacteria;p__Bacteroidetes;c__Bacteroidia;o__Bacteroidales;f__Rikenellaceae;g__Alistipes;s__Alistipes_obesi	-0.0631452680881	-0.00853743194401	0.0324322740427	0.0466357958645	0.0239909274304	-0.0663438804001	-0.0379352010317	0.0192630367499	0.0317368329695	-0.0463935431888	0.0523303504603	-0.00270103512859	-0.0575613298065	1.0	-0.075423877963	-0.0372969503469	0.0146874907139	0.000128640957545	0.0639380273703	0.0566966208798	0.0346670295585	0.05405588882	-0.0678821835032	-0.0382502836584	-0.00222252710222	0.0305605679682	0.0898923203435	0.0185185444876	-0.00947796363364	0.0215129217673	0.0414564629205	-0.00729785429026	-0.013670131939	-0.0347698375041	-0.0312590392813	-0.0132022835401	0.0138330029956	0.010070990635	-0.0389196541242	-0.02033758645	-0.0479818827778	-0.0156515488655	-0.0710605645984	-0.0415414558614	0.0389129907682	0.0476670954956	0.00768592192181	0.0613688882421	-0.0297613354577	0.0173674042881	0.0225484111859	0.0085004305496	-0.0738129583437	-0.0236449425629	0.00763442877521	-0.0539607374703	-0.0416063816465	0.0295622969895	-0.0131012807066
k__Bacteria;p__Firmicutes;c__Clostridia;o__Clostridiales;f__Lachnospiraceae;g__;s__[Eubacterium]_rectale	-0.0724063419562	-0.0129363055254	-0.0510899277023	-0.021773965721	0.0864021921063	-0.00258469680138	-0.0487020932857	0.0154285745409	-0.0745353967102	0.0143153708111	0.0416659928351	-0.0524337883622	-0.0202844564204	-0.075423877963	1.0	-0.0398464704093	0.0281026715183	0.0179910448964	-0.0274013424699	0.0319026364312	0.0199366060289	-0.0385259836417	0.0482316226977	0.00823590482976	0.00267022008703	-0.0479873473028	0.0474345047014	0.0378078079104	-0.0053684967765	0.0495096069404	0.0209494778553	0.0384098228959	-0.0287221165542	0.0476025523097	0.0304541095513	-0.0534650509654	-0.0637538130851	-0.0225300945017	-0.0376966202992	0.0231216334356	0.00216924983128	0.0053074903175	-0.0602355719119	-0.0138018412946	-0.0042055811603	0.0106559071344	-0.0501064678784	0.0216964246533	-0.0061384922814	0.0187753612794	-0.0134145895544	-0.00375157784929	-0.00992679118236	-0.0293455719635	-0.0210677996035	-0.050999384505	-0.0608534421182	0.0595768508955	-0.0263996855855
k__Bacteria;p__Bacteroidetes;c__Bacteroidia;o__Bacteroidales;f__Bacteroidaceae;g__Bacteroides;s__Bacteroides_plebeius	0.0291385732995	-0.0612272512463	-0.0668066406957	-0.0276346458054	0.0168243964492	0.0100570553434	0.00140862716007	0.0249237607336	-0.00499797320088	0.00952776915549	-0.00386200189733	-0.00648987196776	0.00464983225702	-0.0372969503469	-0.0398464704093	1.0	0.00675413587165	0.0182155284994	0.0793202165753	-0.100877092881	-0.0160006564275	0.026517568068	0.0175568334767	0.0491540466528	0.0493356284645	0.0167631091646	-0.00847113763901	-0.00612850726781	-0.020097624857	0.0373870907193	0.0492065542593	-0.0346527053543	-0.0545948249352	-0.0601985060793	0.00643690047207	-0.11765136502	-0.0629620832735	0.0179138632694	0.0291131406419	-0.00478815119791	-0.0516967018387	-0.0291705126019	0.0559607114954	-0.0297594119824	-0.0304118160026	-0.0351774705541	-0.0491822966132	0.00101717055128	-0.0298459933785	-0.0244637261562	-0.0731391158639	-0.00303919003095	0.00659063804207	-0.107044925591	-0.0495482430754	0.032753254302	-0.0475523670143	0.0409999082835	-0.0543336762238
k__Bacteria;p__Bacteroidetes;c__Bacteroidia;o__Bacteroidales;f__Bacteroidaceae;g__Bacteroides;s__Bacteroides_fragilis	-0.112261527889	0.0538129069672	-0.0423110729044	-0.0100284057103	-0.0066318990833	0.0271787340206	-0.0872297519012	-0.0385482461179	-0.0633755443876	-0.0427174530635	0.0621540497896	0.029169214149	-0.0317663191613	0.0146874907139	0.0281026715183	0.00675413587165	1.0	-0.0154132949966	-0.0140709789494	-0.0699711163932	-0.0245824652169	-0.0695223470219	-0.00190785157808	0.0483173860967	0.00892335799581	-0.0356180239291	-0.0209018746197	-0.0364305541925	0.0287908256022	0.0175202665791	-0.0344263146863	-0.0464376644781	-0.0208253622601	0.087532773636	0.0726228072644	-0.0493598053233	-0.0302524905145	0.0465231166507	0.00869763022735	0.0333908972732	-0.0677998861654	0.0174659595681	0.0145630950218	0.0155039354405	0.0206090102812	0.0615200186571	0.00565561039207	0.019159844411	-0.0121312703241	0.0458845409368	-0.0678889777066	-0.0177990646792	-0.0328860727914	0.009958188739	0.0129580646133	0.00221295869274	-0.0563376273949	-0.084926787373	-0.0392438927276
k__Bacteria;p__Proteobacteria;c__Betaproteobacteria;o__Burkholderiales;f__Sutterellaceae;g__Sutterella;s__Sutterella_wadsworthensis	0.032912536512	-0.0436463358656	0.0503345674571	-0.0336386032224	-0.0203131476356	0.0297038011128	-0.00685630840868	-0.0108735501773	0.0569633387372	0.0109759425549	0.0585817100625	-0.0164518731576	-0.0792548394126	0.000128640957545	0.0179910448964	0.0182155284994	-0.0154132949966	1.0	0.0152840304585	0.0154576735629	-0.00442026886006	0.00848361406803	0.0386706376017	0.00838593892196	-0.0177745215068	-0.054521250987	-0.0478651737585	0.0187589878353	-0.0427772863217	-0.0613930392836	0.0289921827105	-0.0675454896462	0.0702681658169	-0.0187295049318	-7.66637002002e-05	-0.0246233966755	0.00452611739604	0.03831886266	-0.0665679529082	-0.0910393112153	-0.0194677498498	0.0156417360859	-0.0147257426482	0.0138471507736	-0.00777391781247	0.0562812415864	-0.0103845916901	0.012422510749	-0.0844313183836	0.0292621328367	0.0321958277858	0.025542309949	-0.00438697371847	-0.109369682184	-0.019476052352	-0.0725147584654	-0.03770659602	-0.00619658943369	-0.0907871077456
k__Bacteria;p__Bacteroidetes;c__Bacteroidia;o__Bacteroidales;f__Porphyromonadaceae;g__Barnesiella;s__Barnesiella_intestinihominis	0.0460792788481	-0.048476062177	0.0608611953738	-0.0197430399882	0.00512700683487	-0.0626199703951	0.00176249522323	0.00295467862815	-0.00182206317186	-0.0784561304988	0.0594115948402	-0.0631848672039	-0.010912469229	0.0639380273703	-0.0274013424699	0.0793202165753	-0.0140709789494	0.0152840304585	1.0	-0.0328838322504	-0.0695340646845	-0.017836485932	0.0120871615009	-0.0496041283368	0.083309751015	0.103157574127	-0.0437681778679	-0.00727398822919	-0.0114263296403	-0.0958730964629	-0.0327319079662	0.0447244900686	0.037735170847	-0.0156032372134	-0.0142673512596	-0.056740967197	-0.0911789606252	0.0277854674447	-0.0015350854976	0.0941981232663	0.0231601552823	0.00222670352921	0.0515618695877	-0.0597237200001	-0.0188226504857	0.000883873810607	-0.00801273578925	-0.0997798877337	0.0667818180317	0.00428770863387	-0.0433576765556	-0.0274901357432	-0.031508485544	0.0526704571538	-0.0936308102292	0.0390625610258	-0.0937013896096	-0.0157572228388	0.0590352133706
k__Bacteria;p__Bacteroidetes;c__Bacteroidia;o__Bacteroidales;f__Odoribacteraceae;g__Odoribacter;s__Odoribacter_splanchnicus	0.0343898685512	-0.0821684020064	-0.0239762134551	-0.0346055899506	0.0352412713565	-0.0420820315641	-0.0564995902229	-0.0197021668306	0.0586042685609	-0.0318437841634	0.0565519567374	-0.00352487957604	0.0485045530666	0.0566966208798	0.0319026364312	-0.100877092881	-0.0699711163932	0.0154576735629	-0.0328838322504	1.0	0.0202787219675	0.0175731241292	-0.0398426920113	-0.0599053261024	-0.0942816564696	0.0258462988249	0.00377913731541	-0.0271992289695	-0.0633070698397	-0.059276949092	-0.0978484462813	0.00604513148529	-0.0314583957665	-0.0644395811697	0.045771191329	-0.0261710365573	0.0267730731593	-0.0765769068482	0.0133503070876	-0.0098672926959	0.0638154615344	0.0318466680316	-0.0159308159019	0.0187836463314	0.0112269308077	0.0108815421328	-0.0240116548805	0.0213141359559	0.0125917693121	0.0765214942429	-0.0203201273355	-0.0424308515011	-0.0184530934644	0.055470419455	0.00414538149941	0.0129057366638	-0.00719404128289	-0.00805414500494	0.0282454794682
k__Bacteria;p__Bacteroidetes;c__Bacteroidia;o__Bacteroidales;f__Bacteroidaceae;g__Bacteroides;s__Bacteroides_salyersiae	-0.0385178552673	-0.022612891958	0.00944563364567	0.023054667186	-0.0355826878525	0.0059276374261	-0.00259179278489	-0.0715890227153	-0.00989117086972	0.0296586317561	-0.0461373924906	-0.00372660673072	-0.00659873174482	0.0346670295585	0.0199366060289	-0.0160006564275	-0.0245824652169	-0.00442026886006	-0.0695340646845	0.0202787219675	1.0	-0.0399901468435	0.0149032024003	0.011510654013	-0.00347748094217	-0.0672690945981	-0.0034651057681	0.00707174378657	0.0235184907764	-0.0110101980212	0.0464843265869	-0.0588776492056	-0.00208089383648	0.00115847090915	-0.0449186254942	-0.00224207883789	-0.0757526140308	-0.00578509542468	0.0751501721353	-0.0590286599168	0.0104156797942	0.00917561877441	-0.0937038263141	-0.0441717713589	0.0680324823123	-0.0237535183254	-0.0084212721609	0.0220615541412	-0.0446995387116	-0.111932661665	0.0115349047023	-0.0250085878377	0.025534353791	-0.0538749317575	0.0863455971793	-0.076577797534	-0.00297760409239	0.0504952607204	0.0615202702091
k__Bacteria;p__Firmicutes;c__Clostridia;o__Clostridiales;f__Ruminococcaceae;g__Ruminiclostridium;s__[Eubacterium]_siraeum	-0.0585433027726	-0.0192421021042	0.0887109870262	-0.0274068363758	-0.0506968846983	-0.024439659001	-0.034699177388	-0.0120586942519	0.0211482895665	0.0815360018918	-0.0020940748782	-0.0290349771619	-0.0314145618369	0.05405588882	-0.0385259836417	0.026517568068	-0.0695223470219	0.00848361406803	-0.017836485932	0.0175731241292	-0.0399901468435	1.0	0.0197333288565	0.00520143310103	0.00245200994494	0.0147285664229	0.021540217506	-0.0103412777163	-0.0113605421924	-0.0152724054474	-0.0262457780637	-0.0734015118826	-0.0143919278074	0.0036700361854	-0.0703185432961	0.00329691670482	0.0185304186169	0.0421435221636	0.01195164978	-0.0132819771327	0.0246488867267	-0.0439596443961	-0.0553406722891	-0.0352978490386	0.0267578165303	0.00716930512547	0.0192869356004	-0.00922102183462	0.0986384312684	0.0969266858204	-0.0345079168262	-0.037902753537	-0.0609545522841	0.0370028066934	0.0280069015777	0.000691347497437	-0.00348299595539	0.0396763250665	0.00489643720925
k__Bacteria;p__Proteobacteria;c__Betaproteobacteria;o__Burkholderiales;f__Sutterellaceae;g__Parasutterella;s__Parasutterella_excrementihominis	0.0192486630681	0.0100066663544	-0.0633256236756	0.0365581046251	-0.0379366156818	0.0200289377141	-0.0658555962015	-0.0089621810458	0.00515697812475	-0.0670945172386	0.00321606862645	-0.0347019291373	-0.0588122335438	-0.0678821835032	0.0482316226977	0.0175568334767	-0.00190785157808	0.0386706376017	0.0120871615009	-0.0398426920113	0.0149032024003	0.0197333288565	1.0	0.00494516201525	0.0179906465772	-0.0300220498764	0.0523825851956	-0.0190638815493	0.0198947875091	-0.00814021275396	7.46222823154e-05	-0.0501685408711	-0.0276299768361	-0.017573414753	-0.0690936580325	-0.00535231998674	0.0427156616589	0.0151172277646	0.0015442480422	-0.015106692372	-0.0327382056402	-0.038045536187	-0.0405843315574	-0.0281908207405	0.0640669018441	-0.044292548083	-0.0285477275676	-0.054319396078	-0.0682447184048	-0.0497352945263	-0.00755226961493	0.0358222033737	-0.0427566909899	-0.0369601512875	-0.0671385603354	-0.0387967381256	0.0294435658332	-0.0188076114483	0.0865477243873
k__Bacteria;p__Actinobacteria;c__Actinobacteria;o__Bifidobacteriales;f__Bifidobacteriaceae;g__Bifidobacterium;s__Bifidobacterium_adolescentis	0.0583588596611	0.00800367675331	-0.0751694635338	0.055310337794	0.0160589167178	-0.00583755540326	-0.0215564637758	0.0341714264518	0.00523664930905	-0.0797507435284	0.0253563355879	0.00912356860114	-0.0434395442835	-0.0382502836584	0.00823590482976	0.0491540466528	0.0483173860967	0.00838593892196	-0.0496041283368	-0.0599053261024	0.011510654013	0.00520143310103	0.00494516201525	1.0	-0.00867055163835	-0.0163817933899	0.0250898194956	-0.0499113277786	0.094269762409	-0.0501074804698	0.0298018602893	-0.0159214624922	-0.00176806805763	-0.07159984233	-0.0396312493261	-0.0773662520514	0.0476594362887	-0.0762869303334	-0.06732837807	-0.00832982334209	-0.0599495433673	-0.0270843151765	0.0128611557742	-0.0339348651603	-0.0959672524594	-0.063098978675	0.0201912415601	0.0205606063294	0.0579953784516	-0.00647490157704	-0.0266258246673	-0.0190451001474	-0.0211571777926	0.0697109184208	0.00469335846727	-0.0149942309973	0.0214257347308	-0.0546233545969	-0.0924103263857
k__Bacteria;p__Firmicutes;c__Clostridia;o__Clostridiales;f__Oscillospiraceae;g__Oscillibacter;s__Oscillibacter_sp._KLE_1745	-0.0146606976609	0.0375618508468	0.0109172135359	0.00630758946589	0.0259270786738	-0.0437844396414	0.0290908156357	-0.0209985009738	-0.0660554315373	-0.0172377025533	0.0125657710366	0.0171391304903	0.016572328584	-0.00222252710222	0.00267022008703	0.0493356284645	0.00892335799581	-0.0177745215068	0.083309751015	-0.0942816564696	-0.00347748094217	0.00245200994494	0.0179906465772	-0.00867055163835	1.0	-0.0508555438332	-0.0900330156355	-0.0245766786896	-0.0149417776113	-0.0264157672329	-0.0495877205325	-0.0653604208832	0.0269128313326	0.0720138643065	0.0374115004426	0.0331331731375	-0.0173478260243	0.0404953720862	0.0412899126787	0.0297566919946	-0.068009972675	-0.0273801907256	0.0505440024907	-0.0277587136556	0.0157624536363	0.0513777940419	-0.0136605854202	-0.071763452423	-0.0196691134657	-0.111171096372	-0.0331698722675	-0.00219526737022	0.0203481035673	-0.0517000137281	0.0155840711231	-0.0215841203251	-0.0359781684959	0.0227372103392	0.0175479870805
k__Bacteria;p__Bacteroidetes;c__Bacteroidia;o__Bacteroidales;f__Bacteroidaceae;g__Bacteroides;s__Bacteroides_coprophilus	0.0914575837468	0.0210778082872	-0.0701637390542	0.0102935219742	-0.0114962077481	0.0199397718048	0.0468287378853	-0.101703321467	-0.0350815431703	-0.0481192206053	-0.0679398244332	-0.0707141097189	-0.00425056765635	0.0305605679682	-0.0479873473028	0.0167631091646	-0.0356180239291	-0.054521250987	0.103157574127	0.0258462988249	-0.0672690945981	0.0147285664229	-0.0300220498764	-0.0163817933899	-0.0508555438332	1.0	0.0419783341439	0.0307807551617	0.0369483507272	-0.0229434486914	-0.0403484412805	-0.0224386306772	0.0233330681145	-0.0517290694756	0.0479239546058	-0.024078901419	-0.0528420944173	0.0179134532685	0.0269838877512	-0.0491039218045	-0.045270546564	-0.00636850162498	-0.0219458032213	-0.0516014848774	-0.072677343707	-0.000468566102468	0.04108706517	0.0279999803351	-0.0650815639028	0.0128807184376	-0.0299899693481	0.0109478240282	-0.0553146966812	0.0112692380525	0.034144583584	0.00540359018003	0.0400832838096	0.0146806662461	-0.0656691839317
k__Bacteria;p__Firmicutes;c__Clostridia;o__Clostridiales;f__Lachnospiraceae;g__Roseburia;s__Roseburia_intestinalis	0.0353980308132	0.0530464650345	0.0169305027362	-0.0273639349003	-0.0278662167717	-0.038629389274	-0.0185900492197	-0.0418822175432	0.0688713479187	-0.00695725193585	0.0014600395186	-0.0106878078753	-0.0359746429016	0.0898923203435	0.0474345047014	-0.00847113763901	-0.0209018746197	-0.0478651737585	-0.0437681778679	0.00377913731541	-0.0034651057681	0.021540217506	0.0523825851956	0.0250898194956	-0.0900330156355	0.0419783341439	1.0	-0.0285741678133	-0.021123855986	-0.030431534705	-0.0476344678921	0.0500983803915	-0.0180453654991	-0.032505461296	-0.0846799226857	-0.015299000062	-0.000285077853548	-0.0483043084569	0.0243885017976	0.04226905531	-0.0352626009809	0.0433411566172	-0.11719891903	0.0166234627477	-0.0428582801493	0.0566353666455	0.0227511458372	0.0588697029667	0.0421372786059	-0.128449431098	0.0349575441158	0.0410594076523	-0.0361811487384	-0.023563517952	0.0385129273331	0.0335513421545	0.0464722858392	-0.0100615113732	-0.0382154107012
k__Bacteria;p__Firmicutes;c__Clostridia;o__Clostridiales;f__Lachnospiraceae;g__Roseburia;s__Roseburia_hominis	-0.0201579800106	0.0704159726575	-0.0953156280893	-0.0585747899664	0.00599580537557	0.0290387613194	0.0441825692739	0.0170986566784	0.0359959656375	-0.0266801410039	-0.0225116357307	-0.0299846091334	-0.0372680073668	0.0185185444876	0.0378078079104	-0.00612850726781	-0.0364305541925	0.0187589878353	-0.00727398822919	-0.0271992289695	0.00707174378657	-0.0103412777163	-0.0190638815493	-0.0499113277786	-0.0245766786896	0.0307807551617	-0.0285741678133	1.0	0.0348286056729	-0.0208226009279	-0.0362889693836	0.00285720848532	0.0250662747278	-0.0142820540204	0.0133796793293	0.0209301286409	0.00672132055898	0.0531612957832	0.0228568081034	0.00122796295235	-0.00778656192172	-0.0803830017369	-0.0364183671089	0.0635800095061	0.030978478947	-0.0376570875022	0.0403886579885	-0.027058396231	-0.00270231482722	-0.0539116437718	-0.0289426314238	-0.00795032383393	-0.0801938685568	-0.0126869683569	-0.00111345651641	-0.0438148414013	0.0515386346436	-0.0545072144811	-0.0512679713505
k__Bacteria;p__Bacteroidetes;c__Bacteroidia;o__Bacteroidales;f__Porphyromonadaceae;g__Parabacteroides;s__Parabacteroides_johnsonii	-0.0520018687886	-0.0464390999026	-0.0237292849349	-0.0413317986492	-0.0112211600962	-0.059827627722	-0.0185631219792	-0.04179361653	0.0362155028162	0.0383892861545	0.0127509151542	-0.0374474157922	0.0319528645388	-0.00947796363364	-0.0053684967765	-0.020097624857	0.0287908256022	-0.0427772863217	-0.0114263296403	-0.0633070698397	0.0235184907764	-0.0113605421924	0.0198947875091	0.094269762409	-0.0149417776113	0.0369483507272	-0.021123855986	0.0348286056729	1.0	8.37878561976e-05	-0.0521471615876	0.00178684744199	-0.0421166585243	-0.0267023619839	-0.0494358271868	0.0273271206282	-0.0312659367851	-0.0101483653061	0.0264472749693	-0.00197061853295	0.010893532039	0.00316235689482	0.0133214462672	-0.00590369497136	-0.0144575963476	-0.0257412164022	-0.024937095878	0.0399360722165	0.0354844058997	-0.0393002962466	0.0133881025638	0.00632647105003	-0.0110130057998	-0.0124323260959	-0.0172222630103	-0.0411159256787	-0.056573789755	0.0331140169506	-0.0140684261839
k__Bacteria;p__Actinobacteria;c__Actinobacteria;o__Bifidobacteriales;f__Bifidobacteriaceae;g__Bifidobacterium;s__Bifidobacterium_longum	-0.0700267460999	0.0313876680274	-0.0538522984227	-0.0110168133746	-0.0106867357863	-0.0315260166655	0.0488910059949	0.00722456370227	0.0540922877347	-0.0432351125348	0.016817563723	-0.0169285043513	0.0291957026803	0.0215129217673	0.0495096069404	0.0373870907193	0.0175202665791	-0.0613930392836	-0.0958730964629	-0.059276949092	-0.0110101980212	-0.0152724054474	-0.00814021275396	-0.0501074804698	-0.0264157672329	-0.0229434486914	-0.030431534705	-0.0208226009279	8.37878561976e-05	1.0	-0.0152807188324	0.00840032104833	-0.0461360901715	0.105190361324	-0.0423510558162	0.031283656099	-0.0578042754793	0.0220235382686	0.0448936007209	-0.0210576714819	0.0440067478034	0.0162659822152	0.0301812286654	0.0504552336882	-0.0277795010917	-0.0684186835168	0.0213283759724	0.0156131033292	0.0135883813736	0.0120197566601	0.0138985241268	-0.0217272460594	0.00836073024949	-0.0105121254864	-0.0516056404635	-0.0147921459666	-0.0485252874575	-0.0414631796556	-0.0183900143187
