#taxonomy	k__Bacteria;p__Bacteroidetes;c__Bacteroidia;o__Bacteroidales;f__Bacteroidaceae;g__Bacteroides;s__Bacteroides_vulgatus	k__Bacteria;p__Bacteroidetes;c__Bacteroidia;o__Bacteroidales;f__Bacteroidaceae;g__Bacteroides;s__Bacteroides_uniformis	k__Bacteria;p__Bacteroidetes;c__Bacteroidia;o__Bacteroidales;f__Rikenellaceae;g__Alistipes;s__Alistipes_putredinis	k__Bacteria;p__Bacteroidetes;c__Bacteroidia;o__Bacteroidales;f__Prevotellaceae;g__Prevotella;s__Prevotella_copri	k__Bacteria;p__Bacteroidetes;c__Bacteroidia;o__Bacteroidales;f__Bacteroidaceae;g__Bacteroides;s__Bacteroides_stercoris	k__Bacteria;p__Bacteroidetes;c__Bacteroidia;o__Bacteroidales;f__Bacteroidaceae;g__Bacteroides;s__Bacteroides_ovatus	k__Bacteria;p__Bacteroidetes;c__Bacteroidia;o__Bacteroidales;f__Rikenellaceae;g__Alistipes;s__Alistipes_shahii	k__Bacteria;p__Firmicutes;c__Clostridia;o__Clostridiales;f__Ruminococcaceae;g__Faecalibacterium;s__Faecalibacterium_prausnitzii	k__Bacteria;p__Bacteroidetes;c__Bacteroidia;o__Bacteroidales;f__Rikenellaceae;g__Alistipes;s__Alistipes_finegoldii	k__Bacteria;p__Bacteroidetes;c__Bacteroidia;o__Bacteroidales;f__Porphyromonadaceae;g__Parabacteroides;s__Parabacteroides_distasonis	k__Bacteria;p__Bacteroidetes;c__Bacteroidia;o__Bacteroidales;f__Bacteroidaceae;g__Bacteroides;s__Bacteroides_thetaiotaomicron	k__Bacteria;p__Bacteroidetes;c__Bacteroidia;o__Bacteroidales;f__Bacteroidaceae;g__Bacteroides;s__Bacteroides_coprocola	k__Bacteria;p__Bacteroidetes;c__Bacteroidia;o__Bacteroidales;f__Bacteroidaceae;g__Bacteroides;s__Bacteroides_cellulosilyticus	k__Bacteria;p__Bacteroidetes;c__Bacteroidia;o__Bacteroidales;f__Rikenellaceae;g__Alistipes;s__Alistipes_obesi	k__Bacteria;p__Firmicutes;c__Clostridia;o__Clostridiales;f__Lachnospiraceae;g__;s__[Eubacterium]_rectale	k__Bacteria;p__Bacteroidetes;c__Bacteroidia;o__Bacteroidales;f__Bacteroidaceae;g__Bacteroides;s__Bacteroides_plebeius	k__Bacteria;p__Bacteroidetes;c__Bacteroidia;o__Bacteroidales;f__Bacteroidaceae;g__Bacteroides;s__Bacteroides_fragilis	k__Bacteria;p__Proteobacteria;c__Betaproteobacteria;o__Burkholderiales;f__Sutterellaceae;g__Sutterella;s__Sutterella_wadsworthensis	k__Bacteria;p__Bacteroidetes;c__Bacteroidia;o__Bacteroidales;f__Porphyromonadaceae;g__Barnesiella;s__Barnesiella_intestinihominis	k__Bacteria;p__Bacteroidetes;c__Bacteroidia;o__Bacteroidales;f__Odoribacteraceae;g__Odoribacter;s__Odoribacter_splanchnicus	k__Bacteria;p__Bacteroidetes;c__Bacteroidia;o__Bacteroidales;f__Bacteroidaceae;g__Bacteroides;s__Bacteroides_salyersiae	k__Bacteria;p__Firmicutes;c__Clostridia;o__Clostridiales;f__Ruminococcaceae;g__Ruminiclostridium;s__[Eubacterium]_siraeum	k__Bacteria;p__Proteobacteria;c__Betaproteobacteria;o__Burkholderiales;f__Sutterellaceae;g__Parasutterella;s__Parasutterella_excrementihominis	k__Bacteria;p__Actinobacteria;c__Actinobacteria;o__Bifidobacteriales;f__Bifidobacteriaceae;g__Bifidobacterium;s__Bifidobacterium_adolescentis	k__Bacteria;p__Firmicutes;c__Clostridia;o__Clostridiales;f__Oscillospiraceae;g__Oscillibacter;s__Oscillibacter_sp._KLE_1745	k__Bacteria;p__Bacteroidetes;c__Bacteroidia;o__Bacteroidales;f__Bacteroidaceae;g__Bacteroides;s__Bacteroides_coprophilus	k__Bacteria;p__Firmicutes;c__Clostridia;o__Clostridiales;f__Lachnospiraceae;g__Roseburia;s__Roseburia_intestinalis	k__Bacteria;p__Firmicutes;c__Clostridia;o__Clostridiales;f__Lachnospiraceae;g__Roseburia;s__Roseburia_hominis	k__Bacteria;p__Bacteroidetes;c__Bacteroidia;o__Bacteroidales;f__Porphyromonadaceae;g__Parabacteroides;s__Parabacteroides_johnsonii	k__Bacteria;p__Actinobacteria;c__Actinobacteria;o__Bifidobacteriales;f__Bifidobacteriaceae;g__Bifidobacterium;s__Bifidobacterium_longum	k__Bacteria;p__Firmicutes;c__Clostridia;o__Clostridiales;f__;g__Flavonifractor;s__Flavonifractor_plautii	k__Bacteria;p__Firmicutes;c__Clostridia;o__Clostridiales;f__Clostridiaceae;g__Clostridium;s__Clostridium_phoceensis	k__Bacteria;p__Verrucomicrobia;c__Verrucomicrobiae;o__Verrucomicrobiales;f__Akkermansiaceae;g__Akkermansia;s__Akkermansia_muciniphila	k__Bacteria;p__Bacteroidetes;c__Bacteroidia;o__Bacteroidales;f__Prevotellaceae;g__Paraprevotella;s__Paraprevotella_xylaniphila	k__Bacteria;p__Firmicutes;c__Clostridia;o__Clostridiales;f__Ruminococcaceae;g__Ruminococcus;s__Ruminococcus_callidus	k__Bacteria;p__Bacteroidetes;c__Bacteroidia;o__Bacteroidales;f__Rikenellaceae;g__Alistipes;s__Alistipes_senegalensis	k__Bacteria;p__Firmicutes;c__Clostridia;o__Clostridiales;f__Lachnospiraceae;g__Blautia;s__Blautia_sp._KLE_1732	k__Bacteria;p__Bacteroidetes;c__Bacteroidia;o__Bacteroidales;f__Bacteroidaceae;g__Bacteroides;s__Bacteroides_oleiciplenus	k__Bacteria;p__Firmicutes;c__Clostridia;o__Clostridiales;f__Ruminococcaceae;g__Ruminococcus;s__Ruminococcus_bicirculans	k__Bacteria;p__Bacteroidetes;c__Bacteroidia;o__Bacteroidales;f__Bacteroidaceae;g__Bacteroides;s__Bacteroides_fluxus	k__Bacteria;p__Bacteroidetes;c__Bacteroidia;o__Bacteroidales;f__Prevotellaceae;g__Prevotella;s__Prevotella_stercorea	k__Bacteria;p__Firmicutes;c__Clostridia;o__Clostridiales;f__Lachnospiraceae;g__Dorea;s__Dorea_longicatena	k__Bacteria;p__Firmicutes;c__Clostridia;o__Clostridiales;f__Eubacteriaceae;g__Eubacterium;s__[Eubacterium]_eligens	k__Bacteria;p__Firmicutes;c__Clostridia;o__Clostridiales;f__Ruminococcaceae;g__;s__Ruminococcaceae_bacterium_D16	k__Bacteria;p__Firmicutes;c__Clostridia;o__Clostridiales;f__Lachnospiraceae;g__Coprococcus;s__Coprococcus_comes	k__Bacteria;p__Proteobacteria;c__Gammaproteobacteria;o__Enterobacterales;f__Enterobacteriaceae;g__Escherichia;s__Escherichia_coli	k__Bacteria;p__Firmicutes;c__Clostridia;o__Clostridiales;f__Ruminococcaceae;g__Anaerotruncus;s__Anaerotruncus_colihominis	k__Bacteria;p__Firmicutes;c__Clostridia;o__Clostridiales;f__Lachnospiraceae;g__Blautia;s__Blautia_obeum	k__Bacteria;p__Bacteroidetes;c__Bacteroidia;o__Bacteroidales;f__Odoribacteraceae;g__Odoribacter;s__Odoribacter_laneus	k__Bacteria;p__Firmicutes;c__Clostridia;o__Clostridiales;f__Ruminococcaceae;g__Ruminiclostridium;s__[Clostridium]_leptum	k__Bacteria;p__Bacteroidetes;c__Bacteroidia;o__Bacteroidales;f__Porphyromonadaceae;g__Parabacteroides;s__Parabacteroides_goldsteinii	k__Bacteria;p__Firmicutes;c__Clostridia;o__Clostridiales;f__Lachnospiraceae;g__Anaerostipes;s__Anaerostipes_hadrus	k__Bacteria;p__Firmicutes;c__Clostridia;o__Clostridiales;f__Ruminococcaceae;g__Ruminococcus;s__Ruminococcus_lactaris	k__Bacteria;p__Firmicutes;c__Clostridia;o__Clostridiales;f__Clostridiaceae;g__Clostridium;s__Clostridium_sp._L2-50	k__Bacteria;p__Firmicutes;c__Clostridia;o__Clostridiales;f__Clostridiaceae;g__Clostridium;s__Clostridium_sp._M62/1	k__Bacteria;p__Firmicutes;c__Clostridia;o__Clostridiales;f__;g__Intestinimonas;s__Intestinimonas_butyriciproducens	k__Bacteria;p__Actinobacteria;c__Actinobacteria;o__Bifidobacteriales;f__Bifidobacteriaceae;g__Bifidobacterium;s__Bifidobacterium_bifidum	k__Bacteria;p__Firmicutes;c__Negativicutes;o__Veillonellales;f__Veillonellaceae;g__Dialister;s__Dialister_invisus	k__Bacteria;p__Bacteroidetes;c__Bacteroidia;o__Bacteroidales;f__Bacteroidaceae;g__Bacteroides;s__Bacteroides_salanitronis
k__Bacteria;p__Bacteroidetes;c__Bacteroidia;o__Bacteroidales;f__Bacteroidaceae;g__Bacteroides;s__Bacteroides_vulgatus	1.0	-0.0145914194107	0.0253211478336	-0.00746646401742	-0.00445946539078	-0.0889051313302	0.0340747223826	-0.0220593651987	-0.0472237538731	-0.0110967118402	0.0022648902695	-0.0262619495843	0.0091509241784	0.0341068326867	-0.0561326011559	0.0869296108754	0.0170354841624	-0.000779961444637	-0.0106212875261	-0.0504991170788	-0.0252544913207	0.0161212631645	-0.0530931066208	-0.0329036099241	-0.0637697195541	0.0132519042659	-0.0572122099351	-0.033796661088	-0.0220232128724	-0.110651915706	-0.0396205468875	-0.00926757878034	0.0537061058304	-0.0307645745258	-0.000150951983661	0.023427085112	-0.00241441888283	0.0029439847012	-0.0785390500387	-0.0414293282175	0.0152195752312	0.0160881081527	-0.0824029020923	0.00147661949528	0.031119295177	0.0101739977259	-0.0329261947447	-0.0995360985014	-0.0200547957038	0.105836081308	-0.0226424413783	-0.034137856178	-0.0305280080628	-0.0773830223565	0.0790699759994	-8.32897382174e-05	0.00756154058761	0.000521940714839	0.0128696668911
k__Bacteria;p__Bacteroidetes;c__Bacteroidia;o__Bacteroidales;f__Bacteroidaceae;g__Bacteroides;s__Bacteroides_uniformis	-0.0145914194107	1.0	-0.083335302293	-0.0828375003547	0.0560022191468	-0.0598232781251	-0.0492865708618	0.0426220422809	0.0241059576183	-0.00483213506934	0.0147242371586	-0.00799606312358	-0.0749932163715	-0.128246194928	0.00429228565456	0.0828990824047	0.0270911831711	-0.0760384604694	-0.0378132908827	-0.0108382143558	0.00233319440178	-0.00638673124375	-0.0027609141862	0.0369711937174	0.0389012694446	0.00402731539395	0.0756059187982	-0.0107108904266	-0.0396888046511	0.0403353177882	0.0399198042402	-0.0742728147125	-0.0231916914905	0.0195087791242	-0.0597554729567	-0.0118268067853	0.0283730201162	-0.00636585218066	-0.0867656516471	-0.0314883500435	-0.0280250246693	-0.0799812817324	0.0345898578273	0.0231689080762	0.0109302659646	0.0648180288897	0.0601556239796	0.0472965168267	-0.0774375841025	0.0201240993051	-0.0591871383784	-0.0111576948965	-0.0237393239664	0.00577880363557	0.0226964047564	-0.00423432618624	-0.000706500170257	-0.0129570837084	-0.0838160588275
k__Bacteria;p__Bacteroidetes;c__Bacteroidia;o__Bacteroidales;f__Rikenellaceae;g__Alistipes;s__Alistipes_putredinis	0.0253211478336	-0.083335302293	1.0	0.0315427134393	-0.0635323798986	-0.0711000607163	-0.0173451554121	0.0293685783719	0.0417098460209	-0.00951754108672	-0.0171907107527	-0.0471129319835	0.0180957777507	-0.00207734256621	-0.0223178148559	-0.0587197043008	-0.0258846332391	0.053074924242	0.0610117106359	-0.0216349499369	0.00670084935298	-0.0271980096206	0.00997299965913	-0.0404997625674	-0.0854536580923	0.0119034808609	0.0417167060677	0.0301452803299	0.0228280733722	-0.118281090099	0.0456237550444	0.0108843674074	-0.00931714583661	0.0509975633496	0.0382909423822	0.00901171970369	-0.0424747183652	-0.0195794979985	-0.0255035791338	0.0572608421786	-0.0152150366618	0.0331540638452	-0.0337708794581	-0.0365119930315	0.00515239939346	0.0175980372154	0.00348299923782	-0.0713956014703	0.0454285645454	0.0146424294416	-0.0425145147824	-0.109075271144	-0.0157326495825	-0.0589093152478	-0.0182699633917	-0.00190604078841	-0.0375873272611	-0.046457152635	-0.015316051374
k__Bacteria;p__Bacteroidetes;c__Bacteroidia;o__Bacteroidales;f__Prevotellaceae;g__Prevotella;s__Prevotella_copri	-0.00746646401742	-0.0828375003547	0.0315427134393	1.0	-0.00565984555042	0.035062459196	-0.0334371518306	-0.0111487800089	-0.0355660265848	-0.0296293388806	0.0683576461646	0.016277595107	-0.0695525880538	-0.0653191822576	-0.0124298221998	-0.0388944194766	0.0502295913106	-0.04582743759	0.0236772773689	-0.0249591682076	-0.0103509373288	-0.0419914662409	-0.0441720841256	0.037451117401	0.0238617671573	0.0280890736757	-0.0312596388749	-0.0744524286125	0.0334243596861	0.0401353734855	-0.0395616880163	-0.0139022579049	-0.10466202822	-0.0753008611766	-0.0222859499695	0.000138731763944	0.0103906754419	-0.0311214862737	-0.0434160922654	0.0260864488895	-0.0472281243049	-0.0125352138401	-0.0680234102738	0.00724624507531	0.0536851965523	0.0137510209369	-0.0485314190335	7.51695400188e-05	-0.0484909938682	-0.0134350648806	0.0439724275128	0.0132590994413	0.0165861444614	0.0767491666114	-0.0209896514295	0.00882832759355	-0.00509774104273	-0.0431092712314	-0.0786096590052
k__Bacteria;p__Bacteroidetes;c__Bacteroidia;o__Bacteroidales;f__Bacteroidaceae;g__Bacteroides;s__Bacteroides_stercoris	-0.00445946539078	0.0560022191468	-0.0635323798986	-0.00565984555042	1.0	0.00265641835981	-0.00530865576765	-0.0140381858099	0.0171263765739	-0.00609423341573	0.012820417608	-0.0252003501446	-0.0130648595135	-0.0197661138678	-0.0225746957305	-0.0280351421414	0.0419661752664	-6.0494882669e-05	0.0196713705948	-0.0209938541328	-0.0725459148748	0.00917009474156	0.00374029138703	-0.0440249022256	-0.0367046554864	0.0559957207349	-0.0922724577955	0.0108803797649	0.00326292313253	-0.0499928066023	0.00748744248135	-0.0330149976322	0.0181952828855	0.0230280048882	-0.0360866934294	-0.0402868630888	0.0173614112071	-0.0268078302913	-0.018100867543	-0.053116927231	0.043486429536	-0.0117610532379	0.0601852724787	-0.0143320565353	0.0446170965047	0.0631890392852	0.0120610910852	-0.0573399565771	-0.0261381015051	-0.0673840586661	-0.0183901287496	0.0465109235612	-0.0498033373616	-0.0336099417102	0.00330900022706	0.0133756846819	0.026605678009	0.0390990450253	-0.038107886174
k__Bacteria;p__Bacteroidetes;c__Bacteroidia;o__Bacteroidales;f__Bacteroidaceae;g__Bacteroides;s__Bacteroides_ovatus	-0.0889051313302	-0.0598232781251	-0.0711000607163	0.035062459196	0.00265641835981	1.0	-0.0307546711737	0.00695666407757	-0.0411419341868	-0.0151859631319	-0.0722209765205	-0.00950753066176	0.0237513343752	-0.0271449950449	-0.00955498327544	-0.0607400493022	-0.0297756659604	-0.0613601625382	-0.0288346162329	0.0428393603264	0.0680279721776	0.0227684205978	0.0211961603902	-0.0206177489704	0.00058632686145	0.0430458143566	0.0177516876278	0.042868833729	-0.0159452934248	0.0599451801737	-0.0162667961705	-0.044036964623	-0.069481705856	-0.0401461492177	0.039081168064	-0.0103337735808	-0.0718101005166	0.00264744942424	0.0447994354837	-0.0585446950774	0.0361239030256	0.0487281671478	-0.0533806197773	-0.0138361942033	-0.00235962496735	-0.023989606205	-0.0509966433442	-0.0237517756123	0.0204629003472	-0.00321967150428	-0.0358067078464	0.0811282891484	-0.00680147423915	0.0163926226609	0.027705672265	-0.00566927286081	-0.0326420052775	-0.0609586359597	-0.0203763372936
k__Bacteria;p__Bacteroidetes;c__Bacteroidia;o__Bacteroidales;f__Rikenellaceae;g__Alistipes;s__Alistipes_shahii	0.0340747223826	-0.0492865708618	-0.0173451554121	-0.0334371518306	-0.00530865576765	-0.0307546711737	1.0	-0.0785159948542	-0.0733652981996	-0.0147794940699	-0.018376349856	-0.0384942398361	-0.0463390260377	-0.0532233896326	8.70498443943e-05	0.0436287968174	0.0397491123497	-0.00483629209338	-0.0566887322893	0.0306950164361	0.0173727408963	0.0228050850962	0.0800128412397	-0.0409099523324	-0.0504375849482	-0.0332013257751	-0.0548837718293	0.019014292566	-0.0316216765463	-0.0477327642406	-0.0267990862882	-0.075839332917	0.0162497781612	0.0465101586261	-0.0349534437789	-0.0258475939051	0.0032540155119	0.00982981771022	0.078469520176	-0.00246358600364	-0.0231313550128	-0.0409981130524	0.0398048028934	0.0176652004725	0.00162915890649	-0.0413630510109	-0.00950338625825	-0.0141263687494	-0.0130641023441	-0.00130594815415	0.046105304626	-0.0740811901629	0.0315313558909	0.0345805380518	0.000939013592826	-0.0809644047299	0.0377431229952	-0.0163517986957	0.0397487919337
k__Bacteria;p__Firmicutes;c__Clostridia;o__Clostridiales;f__Ruminococcaceae;g__Faecalibacterium;s__Faecalibacterium_prausnitzii	-0.0220593651987	0.0426220422809	0.0293685783719	-0.0111487800089	-0.0140381858099	0.00695666407757	-0.0785159948542	1.0	0.0469736290418	0.0263259530767	-0.0860818049671	-0.00551562859176	0.0235498904466	-0.0508975779714	0.0534220232925	-0.00766965052456	-0.00828730480765	-0.0223184131332	-0.044503537744	-0.0294761445189	0.00104756092221	-0.0285933755468	-0.00725188720454	0.00861254145888	0.0248600554519	-0.052109983662	0.0400298017375	-0.0268007359178	-0.00287469331231	0.0148687408782	-0.0795712698075	-0.0719057643957	0.000104585819919	-0.03137857222	0.0412912065623	-0.00722613333884	0.00494693440302	0.0363427018549	0.0174937629058	0.0297508415571	-0.00463741835332	-0.0343293216003	0.0297918576042	0.0168803536841	0.0655936761538	-0.0131250727696	-0.0600491190311	0.0395790922639	0.00974583069041	0.00129034271165	0.0170906860434	-0.013564540351	-0.0564368684161	-0.0645159222583	-0.0306574610691	-0.0218077127926	-0.00309854857283	-0.0207044234601	-0.01789222829
k__Bacteria;p__Bacteroidetes;c__Bacteroidia;o__Bacteroidales;f__Rikenellaceae;g__Alistipes;s__Alistipes_finegoldii	-0.0472237538731	0.0241059576183	0.0417098460209	-0.0355660265848	0.0171263765739	-0.0411419341868	-0.0733652981996	0.0469736290418	1.0	-0.0196734383471	-0.0395839866163	0.00623560186268	-0.000694199775778	-0.0162549837468	-0.011053790078	-0.00147379161901	0.0249484945582	0.0195630671299	0.0412396665174	-0.0653594899704	0.00676135796853	-0.0730847441161	-0.00558965227891	-0.027933234533	0.0632435861709	-0.00364226305299	-0.02518700576	0.0447023530171	0.0232870270982	-0.0251573155625	-0.0447945938339	0.0261534873547	-0.0356745718055	-0.00326204466043	-0.0299563742825	0.0110193120034	0.0232990046622	-0.116096690381	0.00228551216867	-0.00497223818411	-0.0169573394561	0.027136803085	0.00632635787428	0.0277185778068	0.0334108603909	-0.0289842050296	-0.00535647571245	-0.0205491013209	-0.0618808401064	0.0599010683115	-0.0177504887034	0.025531132277	-0.0214589430983	-0.0451540195333	-0.0737827026771	-0.0492838146766	-0.109880368605	0.0198005198029	-0.0264890690291
k__Bacteria;p__Bacteroidetes;c__Bacteroidia;o__Bacteroidales;f__Porphyromonadaceae;g__Parabacteroides;s__Parabacteroides_distasonis	-0.0110967118402	-0.00483213506934	-0.00951754108672	-0.0296293388806	-0.00609423341573	-0.0151859631319	-0.0147794940699	0.0263259530767	-0.0196734383471	1.0	0.0512181451928	-0.0298185484334	0.0162666676244	-0.00142685088165	-0.0146858443094	-0.00395511485382	0.0556670211891	-0.0510619347751	0.0102380413512	-0.0729140877927	0.000502731325216	-0.0132300182373	0.0444597397413	0.0668574895556	0.0350082774503	0.0011898935544	-0.0751256548289	-0.0636762654187	-0.0663332190596	0.016411204342	-0.0306037114524	-0.0314512752345	0.0359254529768	0.0284517300368	-0.0616339070796	-0.0367573168976	-0.0011629989824	0.0173090877274	-0.0394147951011	-0.00186175939783	-0.0671836362824	0.0157830436076	0.00977332697424	-0.0112122821416	0.0370992199964	0.0177208703321	-0.110152571284	0.0412255862875	0.015920120378	-0.00229685269808	-0.0218475525626	0.0131302446882	-0.0454280094761	-0.0315702971902	-0.0283472474686	0.0182813362639	-0.0515681538768	-0.013914382974	-0.0401915466004
k__Bacteria;p__Bacteroidetes;c__Bacteroidia;o__Bacteroidales;f__Bacteroidaceae;g__Bacteroides;s__Bacteroides_thetaiotaomicron	0.0022648902695	0.0147242371586	-0.0171907107527	0.0683576461646	0.012820417608	-0.0722209765205	-0.018376349856	-0.0860818049671	-0.0395839866163	0.0512181451928	1.0	-0.00527993928597	-0.0220683871224	-0.0154511895821	-0.066627459729	0.0535607563068	0.0195142097041	-0.0342610840347	0.0638230119177	-0.0248524221706	-0.00277333290922	0.0411839381549	-0.00619080012175	-0.0287340955633	-0.065601704836	-0.0392907606105	-0.0204427687032	-0.0365746971307	-0.064255857163	0.0544842064961	-0.00728680876209	0.000647928079328	-0.0382781848828	0.032957841752	-0.050659781323	0.00812667837101	-0.0332908909224	-0.0675611535049	-0.0460175512335	-0.013636330203	0.0155548918746	-0.00844874577514	-0.0240110977073	-0.0366722531886	-0.010689514022	0.0205047612697	-0.040235755343	-0.0254063691339	-0.00732939041436	0.0226639295389	0.0283063205539	-0.0398841943176	-0.0168527198235	-0.0132770984752	0.0188316706381	-0.0498490653971	0.0258516479101	0.0499012239761	-0.0131412493836
k__Bacteria;p__Bacteroidetes;c__Bacteroidia;o__Bacteroidales;f__Bacteroidaceae;g__Bacteroides;s__Bacteroides_coprocola	-0.0262619495843	-0.00799606312358	-0.0471129319835	0.016277595107	-0.0252003501446	-0.00950753066176	-0.0384942398361	-0.00551562859176	0.00623560186268	-0.0298185484334	-0.00527993928597	1.0	-0.0479263652837	0.032454400084	0.0462319762037	0.0231605226609	0.034321053135	0.0189425183598	-0.0232744673153	0.0269415838887	-0.040647388536	-0.0188311231477	0.0559345483947	-0.070212625007	-0.0481755574709	-0.0298766798176	0.0268949721808	0.0218763700679	0.0289875327783	-0.040213282542	0.0570400406994	1.24531986796e-05	-0.0284250186115	-0.0374632203709	0.0760542993197	-0.0042847939198	0.0302126451439	0.0205897102864	0.00694863100905	-0.0353876458022	0.0212522617874	0.0193795455906	-0.0287990725848	-0.0337752260867	-0.0830083111534	-0.00588728619124	0.0280704494898	-0.012304156466	0.0260556078961	0.00819031920298	-0.0355436475516	0.0293932701329	-0.149798977285	0.0450613376691	-0.0408019032667	-0.0292056052639	-0.0107877198196	-0.0436636092271	-0.0170014963244
k__Bacteria;p__Bacteroidetes;c__Bacteroidia;o__Bacteroidales;f__Bacteroidaceae;g__Bacteroides;s__Bacteroides_cellulosilyticus	0.0091509241784	-0.0749932163715	0.0180957777507	-0.0695525880538	-0.0130648595135	0.0237513343752	-0.0463390260377	0.0235498904466	-0.000694199775778	0.0162666676244	-0.0220683871224	-0.0479263652837	1.0	-0.0472363057412	-0.0157152722993	-0.093259502199	0.00346817671582	-0.0556777787468	-0.0619432342648	-0.00117309705873	0.0146990161748	-0.0486448879185	0.00429516007883	-0.106225991001	-0.00968019324501	-0.0468276658472	-0.00952037316533	0.0483795318573	0.0719180711793	-0.0404547019209	0.0516783129463	-0.00966720376043	-0.00957989461756	-0.00452506540714	-0.0452993974756	-0.0233140307481	-0.0486947599806	0.112416660197	-0.0560037247132	-0.00352389847986	0.0178547882901	-0.0404306393185	-0.0217210397052	0.0579094534908	-0.037070337998	0.0602393301291	0.0118785360422	-0.00513223984072	-0.00631477863472	-0.0233223642713	0.0147748823776	0.00985341620312	0.00565410876381	-0.0502382515735	-0.0442570056531	-0.0580518028011	-0.0335161877827	0.00545392066738	-0.0515299952348
k__Bacteria;p__Bacteroidetes;c__Bacteroidia;o__Bacteroidales;f__Rikenellaceae;g__Alistipes;s__Alistipes_obesi	0.0341068326867	-0.128246194928	-0.00207734256621	-0.0653191822576	-0.0197661138678	-0.0271449950449	-0.0532233896326	-0.0508975779714	-0.0162549837468	-0.00142685088165	-0.0154511895821	0.032454400084	-0.0472363057412	1.0	-0.0255672828571	-0.0336818547498	-0.00025307893225	-0.0345770946098	0.016359508989	-0.0220644637905	0.0376242632108	0.00456798650158	-0.0181551445458	-0.0539357311178	0.000728987864607	-0.017338651318	-0.0233409904799	0.045546784352	0.0322308422661	0.0462668781639	0.0249522020945	0.00643866928121	0.0150997471929	0.0184473369635	0.011881397605	-0.0551801080294	-0.0230658855004	-0.0349012559965	-0.00174107186942	-0.0699405514676	-0.035288051603	-0.0417576691389	0.0394683156453	-0.0470523433023	-0.0041751994678	0.0113063050795	0.0511826453006	-0.00416545082194	-0.00218227416147	0.0481414622888	0.0256368700365	-0.0170622308265	0.0325588121272	-0.0486388714718	-0.0255395205359	-0.0687417814508	-0.0256320056969	0.0183686723353	-0.052454839419
k__Bacteria;p__Firmicutes;c__Clostridia;o__Clostridiales;f__Lachnospiraceae;g__;s__[Eubacterium]_rectale	-0.0561326011559	0.00429228565456	-0.0223178148559	-0.0124298221998	-0.0225746957305	-0.00955498327544	8.70498443944e-05	0.0534220232925	-0.011053790078	-0.0146858443094	-0.066627459729	0.0462319762037	-0.0157152722993	-0.0255672828571	1.0	0.0157947368303	0.00305350106507	-0.0304773765319	0.0148482992968	0.00317113401657	0.0276691761376	-0.0992583668749	-0.0415881209688	0.0011676347346	0.0414737423647	-0.0090984240056	-0.0740149301272	0.0472504563516	-0.0600445627895	-0.0149338366885	-0.0383492744824	0.0813940071029	0.0251408342965	-0.0243331254942	0.0167888993717	0.0456970329991	0.0337228322238	0.0088252826323	-0.0179660786396	0.0448611966804	0.014057977912	-0.00058556848996	-0.0487110713503	0.0206538615092	-0.0187414739164	-0.0129373152932	0.00722814684257	-0.0498614629806	0.0518804504048	-0.139031836709	-0.0784158578687	0.00893711126824	0.00483591002123	0.026881549773	0.035501183555	0.0206463913806	-0.0494731351407	-0.0528898177568	-0.0441415968257
k__Bacteria;p__Bacteroidetes;c__Bacteroidia;o__Bacteroidales;f__Bacteroidaceae;g__Bacteroides;s__Bacteroides_plebeius	0.0869296108754	0.0828990824047	-0.0587197043008	-0.0388944194766	-0.0280351421414	-0.0607400493022	0.0436287968174	-0.00766965052456	-0.00147379161901	-0.00395511485382	0.0535607563068	0.0231605226609	-0.093259502199	-0.0336818547498	0.0157947368303	1.0	-0.004259434429	0.00117160038382	0.0262738931122	0.0468608763222	-0.0243310266982	0.00990984238445	0.0662935671796	-0.0418227994413	-0.0198468048685	-0.0539764787084	0.0089915607621	-0.0451561071186	-0.00923507214145	0.0195873196454	0.0121151662831	0.0885885043029	-0.0523365363793	-0.0471571838577	-0.0204920234759	-0.0342858508016	-0.0490268944164	-0.0382617717503	-0.0149513763578	0.00800479520285	0.00902887680631	-0.0540639097001	-0.0465062432041	0.0411289798988	-0.0148661911121	-0.0322381902458	0.101637667352	-0.0769801130817	-0.072599733609	0.00027780873156	0.0253089276192	-0.0738463286703	0.0285169999843	-0.053775823223	0.0269849301658	-0.0771124455191	0.0630925749663	-0.0256270726525	0.0100641351293
k__Bacteria;p__Bacteroidetes;c__Bacteroidia;o__Bacteroidales;f__Bacteroidaceae;g__Bacteroides;s__Bacteroides_fragilis	0.0170354841624	0.0270911831711	-0.0258846332391	0.0502295913106	0.0419661752664	-0.0297756659604	0.0397491123497	-0.00828730480765	0.0249484945582	0.0556670211891	0.0195142097041	0.034321053135	0.00346817671582	-0.00025307893225	0.00305350106507	-0.004259434429	1.0	-0.0499335271238	-0.0295333231951	0.00382120836937	-0.0328039907216	-0.0239840183283	-0.0220927706763	-0.00541902483515	-0.0120047340095	0.0388210703942	-0.0442020242613	-0.0431528241736	0.0153934812016	0.0126112218473	-0.0162804217016	-0.000466964577514	-0.0392911312234	-0.0787323893576	-0.0745791435226	0.0271024731503	-0.06545248317	-0.00552602175282	-0.0172931674452	0.0331149713781	0.0328493984991	-0.0607759473317	-0.0346017930016	-0.0400156199743	-0.0227036999404	-0.00689340992634	-0.0480044226916	0.0153969949575	0.0151305704216	0.0269246335166	0.0202997750851	0.0263612284266	0.00138247405797	-0.0332874357215	-0.0165966088821	-0.0274328992363	-0.0112837712225	-0.0545364371634	0.0153869451645
k__Bacteria;p__Proteobacteria;c__Betaproteobacteria;o__Burkholderiales;f__Sutterellaceae;g__Sutterella;s__Sutterella_wadsworthensis	-0.000779961444637	-0.0760384604694	0.053074924242	-0.04582743759	-6.0494882669e-05	-0.0613601625382	-0.00483629209338	-0.0223184131332	0.0195630671299	-0.0510619347751	-0.0342610840347	0.0189425183598	-0.0556777787468	-0.0345770946098	-0.0304773765319	0.00117160038382	-0.0499335271238	1.0	0.0502381144755	0.0258017109049	-0.0437923389822	-0.051326818384	-0.0306997485487	-0.0189729698503	-0.052115869427	-0.0304171854818	0.0150632254887	-0.0193979026135	-0.000629294604563	-0.0237346118076	-0.0489684168329	0.00852556976336	0.0107440879842	-0.0717028783133	0.000534753500062	-0.0177817024831	-0.0244546317865	0.0150947945491	-0.0164062751193	-0.0330945283093	-0.0348681312998	-0.0324857229514	0.0319287125095	3.80722738921e-05	-0.0243545026714	0.00474201758546	0.0279554547099	0.0763145052137	0.0270124834749	0.00480067796926	0.01042683709	-0.0258905432367	-0.00859156957813	-0.0259382869849	0.0235908798808	0.0205402185749	-0.0439177731426	0.000731322623477	-0.0570177781123
k__Bacteria;p__Bacteroidetes;c__Bacteroidia;o__Bacteroidales;f__Porphyromonadaceae;g__Barnesiella;s__Barnesiella_intestinihominis	-0.0106212875261	-0.0378132908827	0.0610117106359	0.0236772773689	0.0196713705948	-0.0288346162329	-0.0566887322893	-0.044503537744	0.0412396665174	0.0102380413512	0.0638230119177	-0.0232744673153	-0.0619432342648	0.016359508989	0.0148482992968	0.0262738931122	-0.0295333231951	0.0502381144755	1.0	-0.016117524022	0.0260068605859	0.00802716093278	-0.0531279976332	0.0534503287015	0.0446958598507	0.00306318681506	-0.034358809258	-0.0272734897801	0.00479205570015	-0.0105148294673	-0.0113222592659	0.00420565444219	0.0315106330958	0.0111439900871	-0.0223598978391	-0.079302970743	-0.0205110899172	0.038244949975	0.0352253612642	0.0532998493499	-0.0868467559842	0.0107413403907	-0.0521068431325	-0.0682941668537	-0.0802285357729	0.0273747862472	0.0303557178997	-0.00829891482261	0.00174742527392	-0.0221287110066	0.0168195567401	-0.0315256734695	-0.00429940266466	-0.00982456859061	0.0356091134222	0.0160188254257	0.0572527977166	-0.0365395405404	-0.0121775651979
k__Bacteria;p__Bacteroidetes;c__Bacteroidia;o__Bacteroidales;f__Odoribacteraceae;g__Odoribacter;s__Odoribacter_splanchnicus	-0.0504991170788	-0.0108382143558	-0.0216349499369	-0.0249591682076	-0.0209938541328	0.0428393603264	0.0306950164361	-0.0294761445189	-0.0653594899704	-0.0729140877927	-0.0248524221706	0.0269415838887	-0.00117309705873	-0.0220644637905	0.00317113401657	0.0468608763222	0.00382120836937	0.0258017109049	-0.016117524022	1.0	-0.073441009898	-0.0560499454307	-0.0193112208841	-0.0193236978784	0.012643234394	-0.0215991060085	0.0110793117903	-0.0525941442651	-0.00531555343653	0.0270644479032	-0.0182300956945	-0.0198257432944	-0.0556858900913	-0.0423041709147	-0.0175630184481	0.0285437614605	-0.0257958669599	-0.0282335065999	0.00429995854251	0.0598490593383	0.00668788785869	-0.0110903748319	0.0561014463156	0.0220391662774	-0.00268491017893	-0.08104110096	-0.0480822387594	-0.0321910513267	-0.0294707012948	-0.0688770435333	0.0132968118993	-0.0245974440458	0.038859362467	0.00967620600535	0.0156123315428	0.0670643305663	-0.0662231962583	0.0211998546554	0.0182715666251
k__Bacteria;p__Bacteroidetes;c__Bacteroidia;o__Bacteroidales;f__Bacteroidaceae;g__Bacteroides;s__Bacteroides_salyersiae	-0.0252544913207	0.00233319440178	0.00670084935298	-0.0103509373288	-0.0725459148748	0.0680279721776	0.0173727408963	0.00104756092221	0.00676135796853	0.000502731325216	-0.00277333290922	-0.040647388536	0.0146990161748	0.0376242632108	0.0276691761376	-0.0243310266982	-0.0328039907216	-0.0437923389822	0.0260068605859	-0.073441009898	1.0	0.0208421534085	-0.0435080993293	-0.00764547921827	0.0499077917449	0.0270732536333	-0.080389578717	0.000112283772097	0.0569944203384	-0.0916609620318	0.00890858722702	-0.0014309188358	-0.0329170212991	0.0159403583212	0.0247154859728	-0.0196881261082	0.0244451909407	-0.000769401995201	0.00433652056482	0.0127997215598	-0.0127496138949	0.0184854507041	-0.0181006064462	-0.0244144841246	-0.0223778983416	-0.0895112294344	0.000759117047172	-0.00222367925194	-0.0689371559701	-0.0623185447308	-0.0459312403611	0.0193272661774	0.0119044524511	-0.0264668605502	-0.0316368319171	-0.0252425174131	-0.0619839172978	0.0345621576465	-0.00557959211446
k__Bacteria;p__Firmicutes;c__Clostridia;o__Clostridiales;f__Ruminococcaceae;g__Ruminiclostridium;s__[Eubacterium]_siraeum	0.0161212631645	-0.00638673124375	-0.0271980096206	-0.0419914662409	0.00917009474156	0.0227684205978	0.0228050850962	-0.0285933755468	-0.0730847441161	-0.0132300182373	0.0411839381549	-0.0188311231477	-0.0486448879185	0.00456798650158	-0.0992583668749	0.00990984238445	-0.0239840183283	-0.051326818384	0.00802716093278	-0.0560499454307	0.0208421534085	1.0	0.0182986732392	0.0338625617669	0.0166632756504	-0.0584204913824	-0.0167727893716	0.0229391954416	0.0457541892618	-0.0139866029702	-0.0473817868183	-0.0865507230468	0.0224862896902	-0.0443045386591	0.0393103437482	-0.017960458412	-0.0423446199947	0.00985540330688	-0.0143104325227	-0.0160333281001	-0.0589361541641	0.0255944123641	-0.0547217358584	-0.0738329689114	0.0276766311211	-0.0487700139	-0.0312323621877	-0.059893115551	0.0229446708239	-0.0564060130944	0.0546654320835	-0.0512275507346	-0.0346324292387	0.0310686807766	-0.0268355911076	0.0478324990374	0.0256549039038	-0.0610273274381	-0.0139901304015
k__Bacteria;p__Proteobacteria;c__Betaproteobacteria;o__Burkholderiales;f__Sutterellaceae;g__Parasutterella;s__Parasutterella_excrementihominis	-0.0530931066208	-0.0027609141862	0.00997299965913	-0.0441720841256	0.00374029138703	0.0211961603902	0.0800128412397	-0.00725188720454	-0.00558965227891	0.0444597397413	-0.00619080012175	0.0559345483947	0.00429516007883	-0.0181551445458	-0.0415881209688	0.0662935671796	-0.0220927706763	-0.0306997485487	-0.0531279976332	-0.0193112208841	-0.0435080993293	0.0182986732392	1.0	-0.072250164967	-0.00112773089507	-0.0446858323935	-0.00978687074181	-0.0166300521212	-0.0149028410516	-0.0193370237434	-0.00741134310525	-0.0517112655905	-0.0595084903145	-0.00623286531564	0.000540567648282	-0.0213607468106	0.00863766915337	-0.0357425748335	0.0075727033456	0.0178812489603	-0.0078455597237	-0.0236284653078	-0.00794922258349	0.0371217426479	-0.0191460892426	-0.0583896224348	0.0215842233327	0.000695236368462	-0.00668118696943	0.0408901327673	0.0389297550586	0.0138872870125	0.0116112679454	0.0284988461378	-0.0559726302651	-0.040108605369	-0.00896989478326	-0.0104407044386	0.0406175371202
k__Bacteria;p__Actinobacteria;c__Actinobacteria;o__Bifidobacteriales;f__Bifidobacteriaceae;g__Bifidobacterium;s__Bifidobacterium_adolescentis	-0.0329036099241	0.0369711937174	-0.0404997625674	0.037451117401	-0.0440249022256	-0.0206177489704	-0.0409099523324	0.00861254145888	-0.027933234533	0.0668574895556	-0.0287340955633	-0.070212625007	-0.106225991001	-0.0539357311178	0.0011676347346	-0.0418227994413	-0.00541902483515	-0.0189729698503	0.0534503287015	-0.0193236978784	-0.00764547921827	0.0338625617669	-0.072250164967	1.0	-0.0116163375294	-0.00763241080202	-0.0283272873746	0.020187887581	0.00607270076618	0.0274992628412	-0.00435001534369	0.0194742575362	-0.0748819509226	0.0677366122825	-0.00203229288513	-0.0945048924965	-0.0504502798047	-0.0317696308473	-0.0563424537625	0.0533544551594	0.0313001421497	-0.0173756821306	0.0508070677321	0.0230926188816	0.0355092932844	-0.0579118007196	-0.0707037347761	-0.0169798318809	0.0312882504183	-0.040544938739	-0.0308917772115	-0.0346091462604	-0.0308971514666	-0.042415623154	0.0178467978263	-0.0896029440026	-0.0633061005015	-0.0706903741121	0.000614040680854
k__Bacteria;p__Firmicutes;c__Clostridia;o__Clostridiales;f__Oscillospiraceae;g__Oscillibacter;s__Oscillibacter_sp._KLE_1745	-0.0637697195541	0.0389012694446	-0.0854536580923	0.0238617671573	-0.0367046554864	0.00058632686145	-0.0504375849482	0.0248600554519	0.0632435861709	0.0350082774503	-0.065601704836	-0.0481755574709	-0.00968019324501	0.000728987864607	0.0414737423647	-0.0198468048685	-0.0120047340095	-0.052115869427	0.0446958598507	0.012643234394	0.0499077917449	0.0166632756504	-0.00112773089507	-0.0116163375294	1.0	-0.126623629914	-0.0486855840535	-0.0694570181332	0.00645696684678	0.0173567789994	-0.00131104697949	-0.0256149405451	-0.0007755630213	-0.00667763680116	0.0202513821113	0.0414116505285	-0.00120071710784	-0.0405199654251	0.00443265263493	0.0402876623484	0.0822267567095	0.0484694854033	0.00280040400743	-0.00313228325575	-0.0809322140326	-0.0829679069709	-0.0813731766185	0.0261878821616	0.00730301312522	-0.0432759038864	-0.0598091456747	-0.0596508137662	-0.0365790746536	-0.0654433411501	-0.0614237802466	0.028705539221	-0.0273237725376	0.0432108090848	0.00503472622999
k__Bacteria;p__Bacteroidetes;c__Bacteroidia;o__Bacteroidales;f__Bacteroidaceae;g__Bacteroides;s__Bacteroides_coprophilus	0.0132519042659	0.00402731539395	0.0119034808609	0.0280890736757	0.0559957207349	0.0430458143566	-0.0332013257751	-0.052109983662	-0.00364226305299	0.0011898935544	-0.0392907606105	-0.0298766798176	-0.0468276658472	-0.017338651318	-0.0090984240056	-0.0539764787084	0.0388210703942	-0.0304171854818	0.00306318681506	-0.0215991060085	0.0270732536333	-0.0584204913824	-0.0446858323935	-0.00763241080202	-0.126623629914	1.0	-0.0568354261104	0.00482601686435	0.0220930063906	-0.0128994620359	0.0472913819508	0.0346887536119	-0.0563039768532	-0.0298868072913	0.0347497363154	0.0127973003919	0.035134690445	-0.0512888369046	0.0112013586721	-0.0466299755366	-0.0297023783091	0.0161633320781	-0.00325858104165	-0.0200270447617	0.0705360030243	0.00957778002085	0.0780203019604	-0.0887000692584	0.00802952749697	-0.044627280736	0.0251886786631	0.0303014387786	0.00406118176024	0.05458824008	-0.0366026145174	-0.00225870507535	0.0156941112896	-0.0232034699975	-0.0832229597598
k__Bacteria;p__Firmicutes;c__Clostridia;o__Clostridiales;f__Lachnospiraceae;g__Roseburia;s__Roseburia_intestinalis	-0.0572122099351	0.0756059187982	0.0417167060677	-0.0312596388749	-0.0922724577955	0.0177516876278	-0.0548837718293	0.0400298017375	-0.02518700576	-0.0751256548289	-0.0204427687032	0.0268949721808	-0.00952037316533	-0.0233409904799	-0.0740149301272	0.0089915607621	-0.0442020242613	0.0150632254887	-0.034358809258	0.0110793117903	-0.080389578717	-0.0167727893716	-0.00978687074181	-0.0283272873746	-0.0486855840535	-0.0568354261104	1.0	-0.0133826670299	-0.00490846124722	0.0225653941766	-0.0297584810495	-0.00475414202068	0.00738231178776	-0.0521139176982	0.0544714468674	-0.055409031498	-0.0180763637121	-0.0215332929106	0.0233262599782	-0.025881216264	-0.0954003526779	0.0417303906262	-0.0265681483197	0.0762912451478	-0.0198169659978	0.00541566090338	0.0306846480481	0.0422353186125	-0.0121609330994	0.0190932753357	-0.0500443756966	-0.0300679441705	0.037206542359	0.0177493956473	0.0282715252552	-0.0485828592217	0.063203271165	-0.023353897135	0.0419033679617
k__Bacteria;p__Firmicutes;c__Clostridia;o__Clostridiales;f__Lachnospiraceae;g__Roseburia;s__Roseburia_hominis	-0.033796661088	-0.0107108904266	0.0301452803299	-0.0744524286125	0.0108803797649	0.042868833729	0.019014292566	-0.0268007359178	0.0447023530171	-0.0636762654187	-0.0365746971307	0.0218763700679	0.0483795318573	0.045546784352	0.0472504563516	-0.0451561071186	-0.0431528241736	-0.0193979026135	-0.0272734897801	-0.0525941442651	0.000112283772097	0.0229391954416	-0.0166300521212	0.020187887581	-0.0694570181332	0.00482601686435	-0.0133826670299	1.0	-0.0389858037426	0.000264283467165	-0.0540503151225	-0.0633581610121	-0.00792776808599	-0.018280750311	-0.0222686357252	-0.00815099607223	-0.13516117625	0.0381296812761	0.0359531406578	-0.0139366071177	-0.0338412706027	-0.0255787275101	-0.00255116960722	-0.0333187513811	0.0322001397338	0.00633193858733	0.0113463372324	-0.0131846149026	0.0178904783077	-0.04465551102	0.0496563788164	-0.0312147909034	0.00329446953616	-0.0205203074042	-0.00709268377225	0.0440279377166	0.0337461493608	-0.0282273336792	0.0435474975093
k__Bacteria;p__Bacteroidetes;c__Bacteroidia;o__Bacteroidales;f__Porphyromonadaceae;g__Parabacteroides;s__Parabacteroides_johnsonii	-0.0220232128724	-0.0396888046511	0.0228280733722	0.0334243596861	0.00326292313253	-0.0159452934248	-0.0316216765463	-0.00287469331231	0.0232870270982	-0.0663332190596	-0.064255857163	0.0289875327783	0.0719180711793	0.0322308422661	-0.0600445627895	-0.00923507214145	0.0153934812016	-0.000629294604563	0.00479205570015	-0.00531555343653	0.0569944203384	0.0457541892618	-0.0149028410516	0.00607270076618	0.00645696684678	0.0220930063906	-0.00490846124722	-0.0389858037426	1.0	-0.0567118844151	0.0526864865494	-0.00861713383734	-0.0652856685052	0.0176343379301	-0.0792045947351	0.0212686360944	-0.0790175810611	0.0321951427124	-0.017479464384	-0.0390413917455	0.00495124455313	-0.0123251168512	-0.0178362925659	-0.0756385277409	0.0244330628448	0.0135748065219	-0.0212442111108	-0.0105220352995	-0.013569808515	0.0307532976217	0.0332284056088	-0.105131425117	0.0403167708724	0.00181190408562	-0.0145959071505	0.0422454407469	-0.0796926837444	-0.0114713711388	0.017869219928
k__Bacteria;p__Actinobacteria;c__Actinobacteria;o__Bifidobacteriales;f__Bifidobacteriaceae;g__Bifidobacterium;s__Bifidobacterium_longum	-0.110651915706	0.0403353177882	-0.118281090099	0.0401353734855	-0.0499928066023	0.0599451801737	-0.0477327642406	0.0148687408782	-0.0251573155625	0.016411204342	0.0544842064961	-0.040213282542	-0.0404547019209	0.0462668781639	-0.0149338366885	0.0195873196454	0.0126112218473	-0.0237346118076	-0.0105148294673	0.0270644479032	-0.0916609620318	-0.0139866029702	-0.0193370237434	0.0274992628412	0.0173567789994	-0.0128994620359	0.0225653941766	0.000264283467165	-0.0567118844151	1.0	0.00277323429941	-0.011650675893	-0.00811453067748	-0.0298863868499	-0.0543432826755	-0.0560239823646	-0.0362933494068	0.00260754976428	0.0240487078227	0.0805112589051	0.00485180980491	-0.0174854602696	0.00438667582993	0.00925648644956	0.0570933762552	-0.0102726450296	-0.0259893728394	-0.0321987537406	-0.0625596617511	-0.0591684604313	0.0554402463724	-0.0744888442065	-0.100797343619	0.0085929341697	-0.036274116518	-0.0256390869969	0.0331274230046	-0.0122769884174	0.0106729559693
