#taxonomy	k__Bacteria;p__Bacteroidetes;c__Bacteroidia;o__Bacteroidales;f__Bacteroidaceae;g__Bacteroides;s__Bacteroides_vulgatus	k__Bacteria;p__Bacteroidetes;c__Bacteroidia;o__Bacteroidales;f__Bacteroidaceae;g__Bacteroides;s__Bacteroides_uniformis	k__Bacteria;p__Bacteroidetes;c__Bacteroidia;o__Bacteroidales;f__Rikenellaceae;g__Alistipes;s__Alistipes_putredinis	k__Bacteria;p__Bacteroidetes;c__Bacteroidia;o__Bacteroidales;f__Prevotellaceae;g__Prevotella;s__Prevotella_copri	k__Bacteria;p__Bacteroidetes;c__Bacteroidia;o__Bacteroidales;f__Bacteroidaceae;g__Bacteroides;s__Bacteroides_stercoris	k__Bacteria;p__Bacteroidetes;c__Bacteroidia;o__Bacteroidales;f__Bacteroidaceae;g__Bacteroides;s__Bacteroides_ovatus	k__Bacteria;p__Bacteroidetes;c__Bacteroidia;o__Bacteroidales;f__Rikenellaceae;g__Alistipes;s__Alistipes_shahii	k__Bacteria;p__Firmicutes;c__Clostridia;o__Clostridiales;f__Ruminococcaceae;g__Faecalibacterium;s__Faecalibacterium_prausnitzii	k__Bacteria;p__Bacteroidetes;c__Bacteroidia;o__Bacteroidales;f__Rikenellaceae;g__Alistipes;s__Alistipes_finegoldii	k__Bacteria;p__Bacteroidetes;c__Bacteroidia;o__Bacteroidales;f__Porphyromonadaceae;g__Parabacteroides;s__Parabacteroides_distasonis	k__Bacteria;p__Bacteroidetes;c__Bacteroidia;o__Bacteroidales;f__Bacteroidaceae;g__Bacteroides;s__Bacteroides_thetaiotaomicron	k__Bacteria;p__Bacteroidetes;c__Bacteroidia;o__Bacteroidales;f__Bacteroidaceae;g__Bacteroides;s__Bacteroides_coprocola	k__Bacteria;p__Bacteroidetes;c__Bacteroidia;o__Bacteroidales;f__Bacteroidaceae;g__Bacteroides;s__Bacteroides_cellulosilyticus	k__Bacteria;p__Bacteroidetes;c__Bacteroidia;o__Bacteroidales;f__Rikenellaceae;g__Alistipes;s__Alistipes_obesi	k__Bacteria;p__Firmicutes;c__Clostridia;o__Clostridiales;f__Lachnospiraceae;g__;s__[Eubacterium]_rectale	k__Bacteria;p__Bacteroidetes;c__Bacteroidia;o__Bacteroidales;f__Bacteroidaceae;g__Bacteroides;s__Bacteroides_plebeius	k__Bacteria;p__Bacteroidetes;c__Bacteroidia;o__Bacteroidales;f__Bacteroidaceae;g__Bacteroides;s__Bacteroides_fragilis	k__Bacteria;p__Proteobacteria;c__Betaproteobacteria;o__Burkholderiales;f__Sutterellaceae;g__Sutterella;s__Sutterella_wadsworthensis	k__Bacteria;p__Bacteroidetes;c__Bacteroidia;o__Bacteroidales;f__Porphyromonadaceae;g__Barnesiella;s__Barnesiella_intestinihominis	k__Bacteria;p__Bacteroidetes;c__Bacteroidia;o__Bacteroidales;f__Odoribacteraceae;g__Odoribacter;s__Odoribacter_splanchnicus	k__Bacteria;p__Bacteroidetes;c__Bacteroidia;o__Bacteroidales;f__Bacteroidaceae;g__Bacteroides;s__Bacteroides_salyersiae	k__Bacteria;p__Firmicutes;c__Clostridia;o__Clostridiales;f__Ruminococcaceae;g__Ruminiclostridium;s__[Eubacterium]_siraeum	k__Bacteria;p__Proteobacteria;c__Betaproteobacteria;o__Burkholderiales;f__Sutterellaceae;g__Parasutterella;s__Parasutterella_excrementihominis	k__Bacteria;p__Actinobacteria;c__Actinobacteria;o__Bifidobacteriales;f__Bifidobacteriaceae;g__Bifidobacterium;s__Bifidobacterium_adolescentis	k__Bacteria;p__Firmicutes;c__Clostridia;o__Clostridiales;f__Oscillospiraceae;g__Oscillibacter;s__Oscillibacter_sp._KLE_1745	k__Bacteria;p__Bacteroidetes;c__Bacteroidia;o__Bacteroidales;f__Bacteroidaceae;g__Bacteroides;s__Bacteroides_coprophilus	k__Bacteria;p__Firmicutes;c__Clostridia;o__Clostridiales;f__Lachnospiraceae;g__Roseburia;s__Roseburia_intestinalis	k__Bacteria;p__Firmicutes;c__Clostridia;o__Clostridiales;f__Lachnospiraceae;g__Roseburia;s__Roseburia_hominis	k__Bacteria;p__Bacteroidetes;c__Bacteroidia;o__Bacteroidales;f__Porphyromonadaceae;g__Parabacteroides;s__Parabacteroides_johnsonii	k__Bacteria;p__Actinobacteria;c__Actinobacteria;o__Bifidobacteriales;f__Bifidobacteriaceae;g__Bifidobacterium;s__Bifidobacterium_longum	k__Bacteria;p__Firmicutes;c__Clostridia;o__Clostridiales;f__;g__Flavonifractor;s__Flavonifractor_plautii	k__Bacteria;p__Firmicutes;c__Clostridia;o__Clostridiales;f__Clostridiaceae;g__Clostridium;s__Clostridium_phoceensis	k__Bacteria;p__Verrucomicrobia;c__Verrucomicrobiae;o__Verrucomicrobiales;f__Akkermansiaceae;g__Akkermansia;s__Akkermansia_muciniphila	k__Bacteria;p__Bacteroidetes;c__Bacteroidia;o__Bacteroidales;f__Prevotellaceae;g__Paraprevotella;s__Paraprevotella_xylaniphila	k__Bacteria;p__Firmicutes;c__Clostridia;o__Clostridiales;f__Ruminococcaceae;g__Ruminococcus;s__Ruminococcus_callidus	k__Bacteria;p__Bacteroidetes;c__Bacteroidia;o__Bacteroidales;f__Rikenellaceae;g__Alistipes;s__Alistipes_senegalensis	k__Bacteria;p__Firmicutes;c__Clostridia;o__Clostridiales;f__Lachnospiraceae;g__Blautia;s__Blautia_sp._KLE_1732	k__Bacteria;p__Bacteroidetes;c__Bacteroidia;o__Bacteroidales;f__Bacteroidaceae;g__Bacteroides;s__Bacteroides_oleiciplenus	k__Bacteria;p__Firmicutes;c__Clostridia;o__Clostridiales;f__Ruminococcaceae;g__Ruminococcus;s__Ruminococcus_bicirculans	k__Bacteria;p__Bacteroidetes;c__Bacteroidia;o__Bacteroidales;f__Bacteroidaceae;g__Bacteroides;s__Bacteroides_fluxus	k__Bacteria;p__Bacteroidetes;c__Bacteroidia;o__Bacteroidales;f__Prevotellaceae;g__Prevotella;s__Prevotella_stercorea	k__Bacteria;p__Firmicutes;c__Clostridia;o__Clostridiales;f__Lachnospiraceae;g__Dorea;s__Dorea_longicatena	k__Bacteria;p__Firmicutes;c__Clostridia;o__Clostridiales;f__Eubacteriaceae;g__Eubacterium;s__[Eubacterium]_eligens	k__Bacteria;p__Firmicutes;c__Clostridia;o__Clostridiales;f__Ruminococcaceae;g__;s__Ruminococcaceae_bacterium_D16	k__Bacteria;p__Firmicutes;c__Clostridia;o__Clostridiales;f__Lachnospiraceae;g__Coprococcus;s__Coprococcus_comes	k__Bacteria;p__Proteobacteria;c__Gammaproteobacteria;o__Enterobacterales;f__Enterobacteriaceae;g__Escherichia;s__Escherichia_coli	k__Bacteria;p__Firmicutes;c__Clostridia;o__Clostridiales;f__Ruminococcaceae;g__Anaerotruncus;s__Anaerotruncus_colihominis	k__Bacteria;p__Firmicutes;c__Clostridia;o__Clostridiales;f__Lachnospiraceae;g__Blautia;s__Blautia_obeum	k__Bacteria;p__Bacteroidetes;c__Bacteroidia;o__Bacteroidales;f__Odoribacteraceae;g__Odoribacter;s__Odoribacter_laneus	k__Bacteria;p__Firmicutes;c__Clostridia;o__Clostridiales;f__Ruminococcaceae;g__Ruminiclostridium;s__[Clostridium]_leptum	k__Bacteria;p__Bacteroidetes;c__Bacteroidia;o__Bacteroidales;f__Porphyromonadaceae;g__Parabacteroides;s__Parabacteroides_goldsteinii	k__Bacteria;p__Firmicutes;c__Clostridia;o__Clostridiales;f__Lachnospiraceae;g__Anaerostipes;s__Anaerostipes_hadrus	k__Bacteria;p__Firmicutes;c__Clostridia;o__Clostridiales;f__Ruminococcaceae;g__Ruminococcus;s__Ruminococcus_lactaris	k__Bacteria;p__Firmicutes;c__Clostridia;o__Clostridiales;f__Clostridiaceae;g__Clostridium;s__Clostridium_sp._L2-50	k__Bacteria;p__Firmicutes;c__Clostridia;o__Clostridiales;f__Clostridiaceae;g__Clostridium;s__Clostridium_sp._M62/1	k__Bacteria;p__Firmicutes;c__Clostridia;o__Clostridiales;f__;g__Intestinimonas;s__Intestinimonas_butyriciproducens	k__Bacteria;p__Actinobacteria;c__Actinobacteria;o__Bifidobacteriales;f__Bifidobacteriaceae;g__Bifidobacterium;s__Bifidobacterium_bifidum	k__Bacteria;p__Firmicutes;c__Negativicutes;o__Veillonellales;f__Veillonellaceae;g__Dialister;s__Dialister_invisus	k__Bacteria;p__Bacteroidetes;c__Bacteroidia;o__Bacteroidales;f__Bacteroidaceae;g__Bacteroides;s__Bacteroides_salanitronis
k__Bacteria;p__Bacteroidetes;c__Bacteroidia;o__Bacteroidales;f__Bacteroidaceae;g__Bacteroides;s__Bacteroides_vulgatus	1.0	-0.10143208163	0.028998235978	-0.0174932365381	-0.0135745031479	0.00125906690527	-0.0522644754979	-0.0502907916105	-0.0813865809587	-0.00742929432662	0.0116514787296	0.01024292117	-0.0162259129634	-0.0183886925051	0.0338050374449	-0.0231523944525	-0.0459670962523	0.0469377890427	-0.0134684658874	-0.00467557131126	-0.000799643645966	0.0167803761799	-0.0875389599603	-0.0433584874835	-0.0326163321067	0.00317921600083	-0.0416665132658	0.0340363819198	-0.0149429505041	-0.0324132606204	0.0144585515484	-0.0257657081818	0.0302843803524	0.0766208260623	0.0393686006157	-0.0377234384819	-0.022500216895	0.0515739099134	-0.0412646107937	-0.0250246725647	-0.0171733124118	-0.0424400065291	0.0349189816321	0.0251874759787	-0.0485862460107	0.044738549782	0.00391853722844	-0.0445157409612	-0.0771282112831	-0.0611585785433	0.0683756504729	-0.0259394775368	-0.00461701984972	-0.0433105149324	0.0445233445965	0.00162377563632	-0.0263420683862	0.0250623335889	-0.0162210585815
k__Bacteria;p__Bacteroidetes;c__Bacteroidia;o__Bacteroidales;f__Bacteroidaceae;g__Bacteroides;s__Bacteroides_uniformis	-0.10143208163	1.0	0.000305388857854	0.0495933844713	0.00954639052599	-0.0203232061306	-0.00485251235745	-0.0360709022703	0.0308954861045	0.0157857993249	-0.0359962369052	0.0609219378672	-0.0352013862439	0.0334539823136	-0.00129780269527	0.00905760638881	0.0357895670749	-0.0583415172268	-0.0483924140259	-0.0319018369821	-0.0600652258108	0.0132832979725	-0.0568897621072	-0.032326540532	-0.0212275872066	-0.0219998292549	-0.00724090724569	0.0132021765348	0.0393057557238	-0.0345189417327	0.0399787152828	0.000378078790198	0.0238963583589	-0.0184055948527	-0.017413548507	-0.0616249372351	0.0143217385726	-0.0253396363473	0.0449641982586	0.0440608871667	-0.048631700719	0.00333522509265	-0.084424054443	0.0456275565409	-0.0526866413181	0.0634568690295	-0.0293973424744	-0.0499535151254	-0.0401930374745	0.0329494680558	-0.0130468645412	0.0197657929062	0.0302818394509	0.0426830574673	0.0164548877746	-0.0543580337905	-0.00314214914351	-0.012746441296	0.00345763346669
k__Bacteria;p__Bacteroidetes;c__Bacteroidia;o__Bacteroidales;f__Rikenellaceae;g__Alistipes;s__Alistipes_putredinis	0.028998235978	0.000305388857854	1.0	-0.0582516216505	-0.021931310523	0.0489234172581	-0.00618030683179	-0.0303884712403	0.000192194156355	0.0652787007522	0.0691115472179	-0.0416343755122	-0.004282007311	-0.0177532801921	0.000103683930511	-0.0161873893691	-0.00475180802726	0.00268318778914	-0.0111212725636	0.0270014341526	0.00962437123736	0.0476036049278	-0.045508300262	-0.010558346808	-0.057311244998	0.0180782150796	-0.0317113814158	0.0308315188267	-0.00459617095088	-0.00813121626914	-0.0264353999005	-0.00622209841044	-0.00579202946703	-0.0601369031021	-0.0042965693291	0.0119396000183	-0.00829244947922	-0.0996557523236	-0.080038321165	0.0169525650184	0.0311127734791	-0.00122637004809	-0.0696607971569	0.0138125799684	-0.00801781235731	-0.0500274044183	0.0215659944861	0.037121877674	-0.0492016381107	0.0274406226222	-0.0560819246295	0.0784033283906	-0.00147992359821	-0.0138188926251	0.0188217421998	-0.0596983911153	0.0442781669801	0.0188065417084	0.0255821978725
k__Bacteria;p__Bacteroidetes;c__Bacteroidia;o__Bacteroidales;f__Prevotellaceae;g__Prevotella;s__Prevotella_copri	-0.0174932365381	0.0495933844713	-0.0582516216505	1.0	0.0169666275496	-0.030391317699	-0.0529306950873	0.00246812284892	-0.0350600454555	-0.0465660182495	-0.0506366783355	-0.00112029386642	0.0182039287645	-0.00579474660875	0.123721211252	-0.0667277803641	-0.0352536160802	-0.00505328073306	0.0282261661658	0.00838108586148	-0.00812998116891	-0.00793889814917	0.024382229342	-0.0422502043139	-0.0481737787977	-0.0305436318378	-0.0177918052953	-0.0116856807759	-0.0697450344004	0.0582312256639	0.00872452642479	-0.0358513226287	-0.0343044770485	0.0614296616786	0.0558722820535	0.0372819037944	0.0202910398458	0.0128673216504	-0.0305062555827	0.0222841089116	0.00863643031748	0.0209166239487	-0.0560113874268	-0.0201619408685	0.00688331732169	-0.0381695644194	-0.0231437534726	-0.00606831210241	0.00222008510699	0.0558419313891	0.0409779659878	-0.106721077191	-0.0403272965035	-0.00275850281968	0.0272096048107	0.0417876340495	0.0449705482773	0.00280888803228	0.0175774293157
k__Bacteria;p__Bacteroidetes;c__Bacteroidia;o__Bacteroidales;f__Bacteroidaceae;g__Bacteroides;s__Bacteroides_stercoris	-0.0135745031479	0.00954639052599	-0.021931310523	0.0169666275496	1.0	-0.0126182976163	-0.0539056293599	-0.0596053902744	-0.0190327228691	-0.0272799522021	-0.0750108568202	-0.0365108575781	-0.0280678383782	0.0321854823725	-0.0396081075593	0.0329280404874	0.0573078661701	-0.0568948922487	-0.0565074419933	0.0208839888867	-0.0178076472967	0.0320986672475	0.00218656094821	0.00710281261509	0.0178387778856	-0.01821175079	0.050785488049	-0.0162462446418	-0.0042943022757	-0.0553596599983	-0.0344146075414	-0.0036368122753	0.0890222726073	-0.0870478372934	-0.0312286216089	-0.0646429574554	0.023360143537	0.0272017021002	-0.0382516507203	-0.0367426786242	-0.0236165273094	-0.0270006586058	-0.0226904967858	0.0618139437049	-0.0595441101332	-0.000747607534441	0.0463105396627	0.0168023841774	-0.0278912962122	-0.0500302799519	-0.0344243473801	-0.0136464507076	-0.0405422886697	0.0120264475619	0.0600534007071	-0.0199286398956	-0.0204854848932	0.0400363202599	-0.014316580163
k__Bacteria;p__Bacteroidetes;c__Bacteroidia;o__Bacteroidales;f__Bacteroidaceae;g__Bacteroides;s__Bacteroides_ovatus	0.00125906690527	-0.0203232061306	0.0489234172581	-0.030391317699	-0.0126182976163	1.0	-0.0460645027038	0.0460265646461	-0.0300730906622	0.0383880544175	0.0112422327534	0.0790438504215	0.0302162548517	0.0221852223873	-0.00871841006771	-0.0410412312126	0.0617656904776	-0.0219773858921	-0.0202791024272	0.0478515272777	-0.0149917687915	-0.0125764060386	-0.055196025624	-0.0488765421003	0.0417439286613	-0.0169818915396	-0.0580944562519	0.0583563299173	-0.0385860997428	0.0247175336267	-0.042097496112	-0.046016336587	-0.00152919189015	-0.0407333417822	0.00298015995855	-0.0453110326428	-0.0581114822257	-0.018691151947	-0.0367664724065	-0.0146775518235	-0.0113168197391	-0.0635570353021	-0.0765452655517	0.0193190188414	-0.0490599663505	0.0524640067071	-0.0441186704536	0.037407361193	0.00327276514002	-0.0457873603376	0.0434334699504	0.063076511568	-0.0744806634163	0.00256769475471	-0.0280221447341	-0.0184054193317	-0.0775641259755	0.00942505153673	0.0276893473626
k__Bacteria;p__Bacteroidetes;c__Bacteroidia;o__Bacteroidales;f__Rikenellaceae;g__Alistipes;s__Alistipes_shahii	-0.0522644754979	-0.00485251235745	-0.00618030683179	-0.0529306950873	-0.0539056293599	-0.0460645027038	1.0	0.0676598460034	0.044491809128	-0.0516690582849	-0.00983234880884	-0.0280815469572	-0.108624840324	-0.0300235712667	0.00165352741224	-0.0207580399715	-0.0357112966165	-0.0323124526701	0.0316297430186	-0.0704725370867	-0.0641324085123	0.0189016909474	-0.0232902080212	0.0378893807104	-0.0363256258436	0.0610905258527	0.0423977270059	-0.0143828623811	-0.056270273676	-0.0156322117839	-0.018419346183	-0.00631676741576	-0.0114355589149	0.0269533512222	-0.0372516552707	-0.0517212182042	0.024763777578	-0.065463897448	0.0195369509166	0.0178841976047	0.0323358249922	0.0414590893706	0.0788696520271	-0.0564967743166	0.0674347778598	-0.0102094084416	-0.00713089857543	-0.00600674505886	0.065266227916	-0.0273536455576	0.0366063519707	0.00135025934801	-0.0530603013224	0.014360815684	-0.024461528563	-0.00177249279994	0.0652067936486	-0.0586573496419	0.0551268902363
k__Bacteria;p__Firmicutes;c__Clostridia;o__Clostridiales;f__Ruminococcaceae;g__Faecalibacterium;s__Faecalibacterium_prausnitzii	-0.0502907916105	-0.0360709022703	-0.0303884712403	0.00246812284892	-0.0596053902744	0.0460265646461	0.0676598460034	1.0	-0.00281531052358	-0.0314152276399	0.00716847458657	-0.00915564910115	0.0151383483135	-0.0415724101277	-0.01792555378	0.0218704995241	-0.0229955685459	0.047469965495	0.0296118248518	-0.0337129481104	-0.00542077356066	-0.0447438645433	0.0543305408793	-0.0114644756988	-0.00992995244023	-0.0492568664577	0.0595189371625	-0.0383762458959	0.0038571350025	-0.0305397825043	0.0384834083554	-0.0527317155475	-0.0589804260139	0.0514873369261	0.0627327849765	0.038206984573	-0.0427062741776	-0.0182401656157	-0.0059613572174	-0.0741837473718	-0.022424486291	-0.00533922345412	-0.0661548659823	-0.0391744793773	0.0597190934439	-0.0506272057994	-0.0634231809391	-0.101942463975	0.0225005525433	0.0258418717941	0.0286105479369	0.0197380710589	0.0304281254415	0.0419167262613	-0.0241677817426	-0.0694991971485	-0.0274667449488	0.0133171148453	-0.00799672007704
k__Bacteria;p__Bacteroidetes;c__Bacteroidia;o__Bacteroidales;f__Rikenellaceae;g__Alistipes;s__Alistipes_finegoldii	-0.0813865809587	0.0308954861045	0.000192194156355	-0.0350600454555	-0.0190327228691	-0.0300730906622	0.044491809128	-0.00281531052358	1.0	0.0250671829497	-0.123622540929	-0.026642530388	0.0300594620625	0.0227673486148	-0.0234824474999	-0.0690957635079	0.0518937375743	-0.0418922285211	0.00314898008951	-0.0444225876877	-0.0355830109414	0.0013918269484	-0.014668137626	-0.0454828263377	-0.0175220614356	-0.0186719407043	0.0286491510366	0.0274445101636	-0.00837566274607	-0.00477084705594	0.00344540792293	0.027609700761	0.0166150488843	-0.0647119934237	0.0194400149674	0.0204964053199	-0.0838545216186	0.00364381307289	0.0476695264799	-0.0266970309843	7.36133910141e-05	-0.0444269948456	0.0112516223029	0.0585053237648	0.0286419420034	-0.0560437312482	0.031387638844	-0.0279399888518	0.0209415468889	-0.0117250345085	-0.022247908035	-0.0516712970202	0.0487676830281	-0.0178214011977	0.0589793417714	-0.0175653615883	0.0978791865237	-0.016327165312	-0.029905314923
k__Bacteria;p__Bacteroidetes;c__Bacteroidia;o__Bacteroidales;f__Porphyromonadaceae;g__Parabacteroides;s__Parabacteroides_distasonis	-0.00742929432662	0.0157857993249	0.0652787007522	-0.0465660182495	-0.0272799522021	0.0383880544175	-0.0516690582849	-0.0314152276399	0.0250671829497	1.0	0.00673236778387	0.00663583317741	0.0833216314299	0.0228488789965	-0.000779708806784	0.0752857786363	0.0215229673029	-0.037954045231	0.0375127093878	-0.112820708539	-0.0618170659419	0.00811759898251	0.0227506252013	0.00145583546065	-0.0357995976929	-0.00837885443382	0.0393774468148	-0.0900942237385	-0.0730201698368	0.0375528692547	-0.0318247886559	0.0255764776697	0.017098611167	-0.0398058439196	-0.00700155895794	0.0336122004298	-0.014633648081	-0.0413048597678	0.0720114174026	-0.0575417176727	0.00086900569442	0.0128675927983	-0.0330531887932	-0.0591763961884	-0.0217281532219	-0.0559023317172	-0.00633872839741	0.0489891478668	0.048772418022	-0.0566371414311	-0.021112045448	0.00321844342634	0.0031349934326	-0.125578958723	-0.0741338771121	0.0126376207548	-0.0259144181374	-0.0182985181623	0.00974361985029
k__Bacteria;p__Bacteroidetes;c__Bacteroidia;o__Bacteroidales;f__Bacteroidaceae;g__Bacteroides;s__Bacteroides_thetaiotaomicron	0.0116514787296	-0.0359962369052	0.0691115472179	-0.0506366783355	-0.0750108568202	0.0112422327534	-0.00983234880884	0.00716847458657	-0.123622540929	0.00673236778387	1.0	0.00371614394337	0.0354136020561	-0.0576469747902	0.061065462056	-0.0607251126167	-0.0234736862617	0.050230895479	0.0421719098606	-0.00835497164495	0.0208182678217	-0.00257077533523	0.0312519362109	-0.0149736782806	-0.059695410294	-0.0074636192863	0.00370286670585	-0.0205986882926	-0.0335611139304	-0.042556609165	-0.0269056495633	0.0287979876945	0.0206096568486	-0.015742351329	-0.0294784990096	0.0118502215506	-0.0563512272346	-0.0175152473285	-0.0475556362887	-0.043047803051	0.0251096386822	-0.0467550108774	-0.0674642539142	-0.046321555828	-0.0549930765884	0.0420463523897	-0.021691410793	0.00680737431911	-0.0256109834457	-0.0158070121824	0.046489842004	0.0825171593935	-0.0447516491414	-0.0764762972137	-0.0423576065852	-0.031669827356	-0.0293190105501	0.000959277741034	-0.0816691780385
k__Bacteria;p__Bacteroidetes;c__Bacteroidia;o__Bacteroidales;f__Bacteroidaceae;g__Bacteroides;s__Bacteroides_coprocola	0.01024292117	0.0609219378672	-0.0416343755122	-0.00112029386642	-0.0365108575781	0.0790438504215	-0.0280815469572	-0.00915564910115	-0.026642530388	0.00663583317741	0.00371614394337	1.0	-0.0435798394497	-0.00636451109316	-0.031309673858	0.00714057934594	-0.0803573826673	0.031264912928	-0.0348299100642	0.0236901952488	0.0578754721955	0.0577643033392	0.0754941182352	-0.0428069791369	0.0131958350659	-0.0143050889987	-0.0529162213247	-0.0410753725622	0.0124372789421	0.0164050121766	-0.0159204484749	-0.0350946979384	-0.0082372273175	0.0252202560247	0.0216708413405	0.0195299014666	-0.0387731791065	0.00903918544073	-0.0338174026882	-0.0238949007037	0.00582536216449	0.0561109216208	-0.0292087052185	0.0203854789569	-0.00660896781342	0.015900365011	-0.0319627323173	-0.0615763635524	-0.0738432660972	-0.00204932049603	0.0478453802662	-0.0344127168131	0.0368936748992	0.0111591227241	-0.016463574527	-0.0119910700141	-0.0224601911789	0.0131875856804	-0.0869902878837
k__Bacteria;p__Bacteroidetes;c__Bacteroidia;o__Bacteroidales;f__Bacteroidaceae;g__Bacteroides;s__Bacteroides_cellulosilyticus	-0.0162259129634	-0.0352013862439	-0.004282007311	0.0182039287645	-0.0280678383782	0.0302162548517	-0.108624840324	0.0151383483135	0.0300594620625	0.0833216314299	0.0354136020561	-0.0435798394497	1.0	-0.0114178030488	-0.0414531677891	-0.0296792308542	-0.0432116535655	-0.046243557774	-0.017689902798	-0.0647367721592	0.0245547883352	-0.0464587363022	0.0919995221099	0.0303039780912	-0.0139249181609	-0.00430589820837	0.0466983947518	-0.0760747474938	-0.0830669487465	-0.0012472695732	-0.000131029389721	0.0213286928636	-0.0264512714326	-0.0381375052286	0.0158302492463	-0.0394884412261	-0.028467756386	-0.00290923866599	-0.0503305888388	-0.0495471242373	-0.0200000080286	-0.0337287589472	-0.0984914018289	-0.0161864072685	0.0394631337892	-0.0630202737795	-0.0326870092769	0.0363701825229	0.0361984859072	0.0484376205716	0.0587864760295	0.0368049666475	-0.0973616253943	-0.00928856561062	0.0883448754923	-0.0189715716853	-0.0307126789089	-0.020071871422	-0.0377955989995
k__Bacteria;p__Bacteroidetes;c__Bacteroidia;o__Bacteroidales;f__Rikenellaceae;g__Alistipes;s__Alistipes_obesi	-0.0183886925051	0.0334539823136	-0.0177532801921	-0.00579474660875	0.0321854823725	0.0221852223873	-0.0300235712667	-0.0415724101277	0.0227673486148	0.0228488789965	-0.0576469747902	-0.00636451109316	-0.0114178030488	1.0	-0.00787601779569	-0.0464391922557	-0.0287878688865	-0.0211509558727	0.0110748971585	-0.0536954938117	-0.0354442723062	-0.03262053883	0.0804368914996	0.00503371059795	-0.0145863650313	0.0285752932751	-0.00497403157692	0.0943445527792	-0.0340818728678	0.0773443003685	-0.0167258503879	0.00444772613254	0.013959522032	-0.00539393268723	0.016664980921	-0.0233718000057	-0.0539252915875	0.0401819687849	-0.0051967004929	0.0459108005855	-0.0774531386953	-0.0428360528478	0.0158095889008	-0.0725131900951	-0.00386716273845	0.0146817135793	0.0531961145186	-0.0182609681468	-0.104843727076	-0.0107676359664	-0.0516808394681	-0.0171066084187	-0.00898648141207	-0.0684832313734	-0.0332867511566	-0.00902278741656	-0.0511174209344	0.00634083737484	0.0389330250368
k__Bacteria;p__Firmicutes;c__Clostridia;o__Clostridiales;f__Lachnospiraceae;g__;s__[Eubacterium]_rectale	0.0338050374449	-0.00129780269528	0.000103683930511	0.123721211252	-0.0396081075593	-0.00871841006771	0.00165352741224	-0.01792555378	-0.0234824474999	-0.000779708806784	0.061065462056	-0.031309673858	-0.0414531677891	-0.00787601779569	1.0	0.0159862546176	0.0135285298745	-0.0398238020005	-0.0394683214406	0.0359197777914	0.0135022231668	0.0493200650277	-0.00330902562215	-0.0358612204381	-0.00540398213288	-0.0681082603315	-0.0683719594778	-0.038570909135	-0.0524149533236	0.00865785831512	-0.0570768867195	0.00348394914851	-0.0267714329158	-0.0275893400386	0.0302005923483	-0.0480749900727	0.000384136649108	-0.0189016195989	0.00953133332022	-0.00688613851219	0.0042979622807	-0.0469616003094	0.0225942514956	0.0249509419313	-0.0189300252082	-0.00203611187104	0.00769569693101	-0.0622958909114	0.00568847967229	0.0515242524875	-0.00801336398929	-0.0939463547082	-0.0196818179461	-0.0117599830978	0.0405809224519	-0.0934792267256	0.000118236125042	-0.0562283626724	0.0187492702461
k__Bacteria;p__Bacteroidetes;c__Bacteroidia;o__Bacteroidales;f__Bacteroidaceae;g__Bacteroides;s__Bacteroides_plebeius	-0.0231523944525	0.00905760638881	-0.0161873893691	-0.0667277803641	0.0329280404874	-0.0410412312126	-0.0207580399715	0.0218704995241	-0.0690957635079	0.0752857786363	-0.0607251126167	0.00714057934594	-0.0296792308542	-0.0464391922557	0.0159862546176	1.0	-0.0422126982361	-0.0403981333407	-0.0108636104502	-0.000893545295247	-0.00445740434047	-0.0373178339162	-0.0118476626742	0.0240490670844	0.0731242735337	-0.0687000445461	-0.0346202763242	-0.00597356929855	0.0148872392031	-0.0058932819149	0.0440544894534	0.0166777435147	-0.0510807593305	-0.0462888487465	-0.00304277580806	0.00687965794455	0.0291636398491	0.0390357222906	-0.0467632891137	-0.00684494675115	-0.00705042265656	-0.00151675895977	-0.0384685616545	-0.00611315846135	-0.000982478736133	0.0652840783051	-0.030904204295	-0.0488513826166	-0.0368670427953	-0.0838564432879	0.0135483006602	-0.0513795415978	-0.0296910504375	-0.00208650243906	-0.0192475188001	0.0290674248423	0.0533919677315	-0.0222255304959	-0.0514937377196
k__Bacteria;p__Bacteroidetes;c__Bacteroidia;o__Bacteroidales;f__Bacteroidaceae;g__Bacteroides;s__Bacteroides_fragilis	-0.0459670962523	0.0357895670749	-0.00475180802726	-0.0352536160802	0.0573078661701	0.0617656904776	-0.0357112966165	-0.0229955685459	0.0518937375743	0.0215229673029	-0.0234736862617	-0.0803573826673	-0.0432116535655	-0.0287878688865	0.0135285298745	-0.0422126982361	1.0	-0.034719929439	-0.0730168899952	-0.002512399084	0.0190559028736	-0.0254076422371	-0.0353092965716	-0.0545474291216	0.00884582075822	0.0322557629418	-0.0672999374582	0.0277956957765	0.0029060179045	-0.0730223569347	0.0357771262602	0.0369966763299	0.0147011421549	-0.0212907168398	-0.012151207895	0.0151793264441	0.0431683359333	-0.00274788605215	0.0146417861847	0.0362212698472	0.0437604962114	-0.0249107244408	0.00319732988399	0.00471271749378	-0.0110403087277	-0.0144050413464	-0.0279314674606	-0.0228547375036	-0.0347558410486	-0.0475587994246	-0.013797273911	-0.0736717256904	-0.0281859535047	-0.0681100804135	-0.00623169672213	-0.00440793440844	-0.0131865727376	-0.0600363424756	0.0888487931276
k__Bacteria;p__Proteobacteria;c__Betaproteobacteria;o__Burkholderiales;f__Sutterellaceae;g__Sutterella;s__Sutterella_wadsworthensis	0.0469377890427	-0.0583415172268	0.00268318778914	-0.00505328073306	-0.0568948922487	-0.0219773858921	-0.0323124526701	0.047469965495	-0.0418922285211	-0.037954045231	0.050230895479	0.031264912928	-0.046243557774	-0.0211509558727	-0.0398238020005	-0.0403981333407	-0.034719929439	1.0	-0.0340719656111	-0.0532029683467	-0.039822128212	-0.0434069782023	0.0140454153369	-0.0295894540172	-0.00467004715091	0.0749481449905	0.0532589577886	0.0011900718045	0.0102933873428	0.0239112368256	0.0362131156204	0.00987900458126	0.0239826209178	0.0629678693635	-0.04264385833	0.0352871567307	0.0507971139973	-0.0754718553226	-0.0865174318834	-0.0436837874584	0.047029929741	-0.0692560739674	-0.037988638331	-0.00374624077088	0.0181517378511	0.0502912591375	-0.0515485619199	-0.00641492968941	-0.0871538322077	-0.0269739433489	-0.0321544949126	-0.0535839206996	0.00594164190498	-0.0688313758615	-0.00376946254404	-0.0110331188553	-0.00365056422685	-0.027455663769	0.00766360270147
k__Bacteria;p__Bacteroidetes;c__Bacteroidia;o__Bacteroidales;f__Porphyromonadaceae;g__Barnesiella;s__Barnesiella_intestinihominis	-0.0134684658874	-0.0483924140259	-0.0111212725636	0.0282261661658	-0.0565074419933	-0.0202791024272	0.0316297430186	0.0296118248518	0.00314898008951	0.0375127093878	0.0421719098606	-0.0348299100642	-0.017689902798	0.0110748971585	-0.0394683214406	-0.0108636104502	-0.0730168899952	-0.0340719656111	1.0	0.0336977331429	0.0161486596666	-0.103906151264	0.0754219037441	-0.0171135507522	-0.0561457588064	-0.0378813211655	0.035714094771	-0.00943778983629	-0.0162127697121	0.0113120337551	0.0853623745791	-0.0461047338336	-0.0429147911614	0.0118245572023	0.0113655298237	-0.000763184135128	-0.0462212091032	0.0169217354245	0.0286750934911	0.0836818559527	0.00178781534877	-0.0190333719519	0.0371966307743	0.0372965875895	-0.083688975179	-0.0661256108293	0.0534039499959	0.0245325140625	0.0392646574955	0.00100093007769	-0.045550980201	0.000445807745553	-0.0333910357044	0.0148870372244	-0.010292979504	-0.0419814855336	-0.0605859595404	0.000433831229762	-0.0745635252918
k__Bacteria;p__Bacteroidetes;c__Bacteroidia;o__Bacteroidales;f__Odoribacteraceae;g__Odoribacter;s__Odoribacter_splanchnicus	-0.00467557131126	-0.0319018369821	0.0270014341526	0.00838108586148	0.0208839888867	0.0478515272777	-0.0704725370867	-0.0337129481104	-0.0444225876877	-0.112820708539	-0.00835497164495	0.0236901952488	-0.0647367721592	-0.0536954938117	0.0359197777914	-0.000893545295247	-0.002512399084	-0.0532029683467	0.0336977331429	1.0	0.0151110162685	-0.033424401667	-0.0642434629346	-0.0294429567773	0.0172528343816	0.0266078219187	0.076010246403	-0.0675595784146	0.0104507989665	0.00641061538107	0.021945349407	0.00767724448545	-0.0144639605555	0.0137137183571	0.053575958362	-0.0506052352903	-0.0733545229978	-0.0617281315186	-0.0343689028507	0.056944562526	0.0576621255781	-0.0153556219798	-0.0211263567673	0.00607026740836	-0.0531635295877	0.0574467709936	-0.0458823357675	-0.0239055561659	0.0256425598613	-0.0237809848206	-0.0619667244915	0.0355218920342	-0.0174926490704	-0.0570958978359	0.00211792926626	-0.0182299678768	-0.00362419715804	0.0154592140797	-0.0359038090367
k__Bacteria;p__Bacteroidetes;c__Bacteroidia;o__Bacteroidales;f__Bacteroidaceae;g__Bacteroides;s__Bacteroides_salyersiae	-0.000799643645966	-0.0600652258108	0.00962437123736	-0.00812998116891	-0.0178076472967	-0.0149917687915	-0.0641324085123	-0.00542077356066	-0.0355830109414	-0.0618170659419	0.0208182678217	0.0578754721955	0.0245547883352	-0.0354442723062	0.0135022231668	-0.00445740434047	0.0190559028736	-0.039822128212	0.0161486596666	0.0151110162685	1.0	0.00261630592832	-0.0900864660971	0.0385150171691	-0.0359208956483	-0.0308119442765	-0.0389517459362	-0.05730277786	-0.00110185450705	-0.0260053611039	-0.0562521924782	-0.00201285578604	-0.0385958292639	0.00689201455239	-0.0288180058815	0.0344479225343	0.0010845377268	-0.00284244292307	0.0163534063976	0.0134208780547	-0.0159909488025	0.0193876587965	-0.00135322456231	-0.0224872349775	0.0237926408195	-0.0528917114587	-0.0234959721823	0.03909809057	-0.0456242253414	-0.0444515045127	-0.0164589260867	0.0326508819651	-0.0371081777962	-0.00735013130473	-0.0309052883343	-0.00517279207717	-0.0173221809621	0.0252457217053	0.0275692551391
k__Bacteria;p__Firmicutes;c__Clostridia;o__Clostridiales;f__Ruminococcaceae;g__Ruminiclostridium;s__[Eubacterium]_siraeum	0.0167803761799	0.0132832979725	0.0476036049278	-0.00793889814917	0.0320986672475	-0.0125764060386	0.0189016909474	-0.0447438645433	0.0013918269484	0.00811759898251	-0.00257077533523	0.0577643033392	-0.0464587363022	-0.03262053883	0.0493200650277	-0.0373178339162	-0.0254076422371	-0.0434069782023	-0.103906151264	-0.033424401667	0.00261630592832	1.0	0.0232415285415	0.0352408279119	-0.0121501402885	-0.145971144589	0.00597512596001	0.0221610041635	-0.0225123234001	-0.0650671661984	-0.0283458410977	-0.0181374885589	-0.0618954249435	-0.0284894182298	0.0223324210584	0.0418596605101	-0.059845491966	-0.0289867957881	0.0101343972971	-0.0139087204358	-0.0481461279699	0.0178055619491	-0.00309934052797	0.0552405312953	-0.012519395125	0.0351459012299	-0.0233742867933	0.0315776056465	0.0234398187411	0.0340849789288	-0.00615616105158	0.0105953743638	-0.00696942483057	-0.039124197973	0.0297900028023	-0.0225864063027	-0.0741285663788	0.0719447987484	-0.0497693805345
k__Bacteria;p__Proteobacteria;c__Betaproteobacteria;o__Burkholderiales;f__Sutterellaceae;g__Parasutterella;s__Parasutterella_excrementihominis	-0.0875389599603	-0.0568897621072	-0.045508300262	0.024382229342	0.00218656094821	-0.055196025624	-0.0232902080212	0.0543305408793	-0.014668137626	0.0227506252013	0.0312519362109	0.0754941182352	0.0919995221099	0.0804368914996	-0.00330902562215	-0.0118476626742	-0.0353092965716	0.0140454153369	0.0754219037441	-0.0642434629346	-0.0900864660971	0.0232415285415	1.0	-0.0355981873829	-0.0329532380311	-0.0952147944496	0.0284490551675	-0.0417163286406	-0.0574454485495	-0.0103974906702	-0.0199477810205	-0.0211484448921	-0.000936551781142	-0.0334040215144	-0.0262262448868	-0.0382234613466	0.0215091557097	0.0332512195819	0.0205013580169	-0.0737609368488	-0.00769493593416	-0.0699792073962	-0.0380191758547	0.00862197840919	-0.00167688403829	0.0321640264363	-0.0727768531396	0.00770058684581	-0.0867566305772	0.04920606442	-0.00516650275579	-0.0309947585046	-0.0928948079648	-0.000735530429945	0.0161702927054	-0.0457424694451	0.0475059296871	-0.0278553767624	-0.000814344379303
k__Bacteria;p__Actinobacteria;c__Actinobacteria;o__Bifidobacteriales;f__Bifidobacteriaceae;g__Bifidobacterium;s__Bifidobacterium_adolescentis	-0.0433584874835	-0.032326540532	-0.010558346808	-0.0422502043139	0.00710281261509	-0.0488765421003	0.0378893807104	-0.0114644756988	-0.0454828263377	0.00145583546065	-0.0149736782806	-0.0428069791369	0.0303039780912	0.00503371059795	-0.0358612204381	0.0240490670844	-0.0545474291216	-0.0295894540172	-0.0171135507522	-0.0294429567773	0.0385150171691	0.0352408279119	-0.0355981873829	1.0	-0.0754229155729	0.00542904711787	-0.00805819350465	-0.0179286555434	-0.00973807683274	0.0359079465195	0.0593624719799	-0.0696554703763	0.0132675627134	-0.0247414346329	-0.0150442707932	-0.0155744740889	-0.0196884227851	-0.00596635608846	-0.0175502144368	-0.0112182606773	0.0322182554272	-0.0365817126028	0.00386945711033	-0.0418129267487	-0.00298570544951	0.0551425434457	-0.0073553406711	0.0370372051005	-0.0475666192214	0.00023176389771	0.0404662945219	0.0163331241073	0.0524151584237	-0.035679853554	0.0310589586244	-0.00795405989055	-0.0436896833886	-0.0155651768983	-0.014874863999
k__Bacteria;p__Firmicutes;c__Clostridia;o__Clostridiales;f__Oscillospiraceae;g__Oscillibacter;s__Oscillibacter_sp._KLE_1745	-0.0326163321067	-0.0212275872066	-0.057311244998	-0.0481737787977	0.0178387778856	0.0417439286613	-0.0363256258436	-0.00992995244023	-0.0175220614356	-0.0357995976929	-0.059695410294	0.0131958350659	-0.0139249181609	-0.0145863650313	-0.00540398213288	0.0731242735337	0.00884582075822	-0.00467004715091	-0.0561457588064	0.0172528343816	-0.0359208956483	-0.0121501402885	-0.0329532380311	-0.0754229155729	1.0	-0.117554825339	0.0353000408751	0.0413947316454	-0.0628023108874	-0.0569121187812	0.0484185535807	0.00416063568822	0.0657640607429	-0.00573836737324	0.0121087848441	-0.0758714051142	0.0215075669014	-0.026687114583	0.0418168631111	-0.0130841827974	0.00610324972715	-0.0465476103104	-0.0642326023044	-0.0568114793019	-0.0510662279965	0.014779772238	-0.0567445862287	-0.0375234403056	-0.0280139883448	-0.00212799320465	0.0148153097695	0.00694709872693	-0.0280701226726	0.0584250092144	-0.0884041887934	0.00527015977726	-0.0455140649308	0.0372003386104	0.0461359546614
k__Bacteria;p__Bacteroidetes;c__Bacteroidia;o__Bacteroidales;f__Bacteroidaceae;g__Bacteroides;s__Bacteroides_coprophilus	0.00317921600083	-0.0219998292549	0.0180782150796	-0.0305436318378	-0.01821175079	-0.0169818915396	0.0610905258527	-0.0492568664577	-0.0186719407043	-0.00837885443382	-0.0074636192863	-0.0143050889987	-0.00430589820837	0.0285752932751	-0.0681082603315	-0.0687000445461	0.0322557629418	0.0749481449905	-0.0378813211655	0.0266078219187	-0.0308119442765	-0.145971144589	-0.0952147944496	0.00542904711787	-0.117554825339	1.0	-0.00172819959524	-0.0381328590125	0.0259275316927	0.0404395658552	-0.0456949189265	-0.0544089754682	-0.0536042495598	0.000785015840756	0.00943457206489	0.00181563307492	0.035577018757	0.0185235009493	-0.0214780397925	0.0483993632478	-0.0944616443329	0.0351213023897	0.0434192432189	0.0564811492853	0.036694035671	-0.0346460660396	0.0712586437604	-0.0536650170429	-0.0221308568258	0.00329063358812	-0.0491344558794	-0.0155134686959	0.0264432268015	-0.0355006914227	0.031580292708	-0.00199131862236	-0.0253768877257	-0.00579441071741	0.0189573986374
k__Bacteria;p__Firmicutes;c__Clostridia;o__Clostridiales;f__Lachnospiraceae;g__Roseburia;s__Roseburia_intestinalis	-0.0416665132658	-0.00724090724569	-0.0317113814158	-0.0177918052953	0.050785488049	-0.0580944562519	0.0423977270059	0.0595189371625	0.0286491510366	0.0393774468148	0.00370286670585	-0.0529162213247	0.0466983947518	-0.00497403157692	-0.0683719594778	-0.0346202763242	-0.0672999374582	0.0532589577886	0.035714094771	0.076010246403	-0.0389517459362	0.00597512596001	0.0284490551675	-0.00805819350465	0.0353000408751	-0.00172819959524	1.0	-0.00899182625302	-0.0043263187675	-0.0393961630853	0.0867924519705	-0.00430127297523	0.063418233664	-0.0448144500286	-0.0338945164336	0.0496959771565	-0.0578158671834	-0.0251922917352	0.00669755582285	-0.0564886279971	0.0295329003089	-0.0206104714478	0.00593826910889	-0.0299832216864	0.0351470614354	0.0409545244702	-0.0217435378888	-0.0596291962247	-0.0324364696072	-0.0464170188154	-0.0465294088377	-0.00399481988353	-0.0047852847015	-0.0352546573094	-0.000619083326978	-0.0157697880554	0.0160161046796	0.051245389271	0.017925048185
k__Bacteria;p__Firmicutes;c__Clostridia;o__Clostridiales;f__Lachnospiraceae;g__Roseburia;s__Roseburia_hominis	0.0340363819198	0.0132021765348	0.0308315188267	-0.0116856807759	-0.0162462446418	0.0583563299173	-0.0143828623811	-0.0383762458959	0.0274445101636	-0.0900942237385	-0.0205986882926	-0.0410753725622	-0.0760747474938	0.0943445527792	-0.038570909135	-0.00597356929855	0.0277956957765	0.0011900718045	-0.00943778983629	-0.0675595784146	-0.05730277786	0.0221610041635	-0.0417163286406	-0.0179286555434	0.0413947316454	-0.0381328590125	-0.00899182625302	1.0	-0.0426067862675	-0.0485594597727	-0.0138264364858	-0.0367025134996	0.0874822692693	0.011387004974	-0.0134420880471	-0.018814155016	-0.00953153259819	0.00832901436275	-0.0505239901806	0.000465811764638	-0.0293038468931	-0.0437358375242	-0.010553886563	-0.0177925484608	-0.0374765736152	-0.0337463570876	0.0528831165358	-0.00213795392286	-0.0605903454974	0.0941150365368	-0.0509426611652	0.0124978157989	0.0609992261107	-0.0438751278083	-0.0225633652173	-0.0501352119145	0.0430724080222	-0.0253075163414	0.0097204949224
k__Bacteria;p__Bacteroidetes;c__Bacteroidia;o__Bacteroidales;f__Porphyromonadaceae;g__Parabacteroides;s__Parabacteroides_johnsonii	-0.0149429505041	0.0393057557238	-0.00459617095088	-0.0697450344004	-0.0042943022757	-0.0385860997428	-0.056270273676	0.0038571350025	-0.00837566274607	-0.0730201698368	-0.0335611139304	0.0124372789421	-0.0830669487465	-0.0340818728678	-0.0524149533236	0.0148872392031	0.0029060179045	0.0102933873428	-0.0162127697121	0.0104507989665	-0.00110185450705	-0.0225123234001	-0.0574454485495	-0.00973807683274	-0.0628023108874	0.0259275316927	-0.0043263187675	-0.0426067862675	1.0	0.021647519021	-0.0512268350042	-0.0192896634914	0.0193906926248	-0.00116888237735	-0.00426122239996	0.0564549153004	-0.0837131293794	-0.0196062483828	-0.0205816298065	0.0155950133386	-0.017446351604	0.0114509026888	-0.0433961380013	-0.0339739806262	0.0163353296559	-0.0325446590759	-0.0604767202705	0.0753762732674	-0.0160157467552	0.0484680223345	-0.0274176911277	0.0234217498268	0.0270500420729	-0.0387158290945	0.0229343167875	0.0268557748648	-0.00681187332133	-0.00978604354303	-0.00474668545974
k__Bacteria;p__Actinobacteria;c__Actinobacteria;o__Bifidobacteriales;f__Bifidobacteriaceae;g__Bifidobacterium;s__Bifidobacterium_longum	-0.0324132606204	-0.0345189417327	-0.00813121626914	0.0582312256639	-0.0553596599983	0.0247175336267	-0.0156322117839	-0.0305397825043	-0.00477084705594	0.0375528692547	-0.042556609165	0.0164050121766	-0.0012472695732	0.0773443003685	0.00865785831512	-0.0058932819149	-0.0730223569347	0.0239112368256	0.0113120337551	0.00641061538107	-0.0260053611039	-0.0650671661984	-0.0103974906702	0.0359079465195	-0.0569121187812	0.0404395658552	-0.0393961630853	-0.0485594597727	0.021647519021	1.0	-0.0140208503498	-0.0321946853396	-0.058496806345	-0.0178210375844	-0.0300861541551	-0.0266042481837	-0.0275379069236	-0.00731638729427	-0.00361841395802	0.0386392761707	-0.07440667479	-0.0180372154874	-0.040503361701	0.0284638571649	0.0235089704128	0.0284715031468	-0.0373292674383	-0.049417565096	0.0466245309793	0.0111801272208	-0.0531675204071	0.0626184306236	0.0474871475177	-0.00806986843254	-0.0160420730479	-0.0304403827896	0.0162419790251	0.0125392716322	0.00170344353943
