#taxonomy	k__Bacteria;p__Bacteroidetes;c__Bacteroidia;o__Bacteroidales;f__Bacteroidaceae;g__Bacteroides;s__Bacteroides_vulgatus	k__Bacteria;p__Bacteroidetes;c__Bacteroidia;o__Bacteroidales;f__Bacteroidaceae;g__Bacteroides;s__Bacteroides_uniformis	k__Bacteria;p__Bacteroidetes;c__Bacteroidia;o__Bacteroidales;f__Rikenellaceae;g__Alistipes;s__Alistipes_putredinis	k__Bacteria;p__Bacteroidetes;c__Bacteroidia;o__Bacteroidales;f__Prevotellaceae;g__Prevotella;s__Prevotella_copri	k__Bacteria;p__Bacteroidetes;c__Bacteroidia;o__Bacteroidales;f__Bacteroidaceae;g__Bacteroides;s__Bacteroides_stercoris	k__Bacteria;p__Bacteroidetes;c__Bacteroidia;o__Bacteroidales;f__Bacteroidaceae;g__Bacteroides;s__Bacteroides_ovatus	k__Bacteria;p__Bacteroidetes;c__Bacteroidia;o__Bacteroidales;f__Rikenellaceae;g__Alistipes;s__Alistipes_shahii	k__Bacteria;p__Firmicutes;c__Clostridia;o__Clostridiales;f__Ruminococcaceae;g__Faecalibacterium;s__Faecalibacterium_prausnitzii	k__Bacteria;p__Bacteroidetes;c__Bacteroidia;o__Bacteroidales;f__Rikenellaceae;g__Alistipes;s__Alistipes_finegoldii	k__Bacteria;p__Bacteroidetes;c__Bacteroidia;o__Bacteroidales;f__Porphyromonadaceae;g__Parabacteroides;s__Parabacteroides_distasonis	k__Bacteria;p__Bacteroidetes;c__Bacteroidia;o__Bacteroidales;f__Bacteroidaceae;g__Bacteroides;s__Bacteroides_thetaiotaomicron	k__Bacteria;p__Bacteroidetes;c__Bacteroidia;o__Bacteroidales;f__Bacteroidaceae;g__Bacteroides;s__Bacteroides_coprocola	k__Bacteria;p__Bacteroidetes;c__Bacteroidia;o__Bacteroidales;f__Bacteroidaceae;g__Bacteroides;s__Bacteroides_cellulosilyticus	k__Bacteria;p__Bacteroidetes;c__Bacteroidia;o__Bacteroidales;f__Rikenellaceae;g__Alistipes;s__Alistipes_obesi	k__Bacteria;p__Firmicutes;c__Clostridia;o__Clostridiales;f__Lachnospiraceae;g__;s__[Eubacterium]_rectale	k__Bacteria;p__Bacteroidetes;c__Bacteroidia;o__Bacteroidales;f__Bacteroidaceae;g__Bacteroides;s__Bacteroides_plebeius	k__Bacteria;p__Bacteroidetes;c__Bacteroidia;o__Bacteroidales;f__Bacteroidaceae;g__Bacteroides;s__Bacteroides_fragilis	k__Bacteria;p__Proteobacteria;c__Betaproteobacteria;o__Burkholderiales;f__Sutterellaceae;g__Sutterella;s__Sutterella_wadsworthensis	k__Bacteria;p__Bacteroidetes;c__Bacteroidia;o__Bacteroidales;f__Porphyromonadaceae;g__Barnesiella;s__Barnesiella_intestinihominis	k__Bacteria;p__Bacteroidetes;c__Bacteroidia;o__Bacteroidales;f__Odoribacteraceae;g__Odoribacter;s__Odoribacter_splanchnicus	k__Bacteria;p__Bacteroidetes;c__Bacteroidia;o__Bacteroidales;f__Bacteroidaceae;g__Bacteroides;s__Bacteroides_salyersiae	k__Bacteria;p__Firmicutes;c__Clostridia;o__Clostridiales;f__Ruminococcaceae;g__Ruminiclostridium;s__[Eubacterium]_siraeum	k__Bacteria;p__Proteobacteria;c__Betaproteobacteria;o__Burkholderiales;f__Sutterellaceae;g__Parasutterella;s__Parasutterella_excrementihominis	k__Bacteria;p__Actinobacteria;c__Actinobacteria;o__Bifidobacteriales;f__Bifidobacteriaceae;g__Bifidobacterium;s__Bifidobacterium_adolescentis	k__Bacteria;p__Firmicutes;c__Clostridia;o__Clostridiales;f__Oscillospiraceae;g__Oscillibacter;s__Oscillibacter_sp._KLE_1745	k__Bacteria;p__Bacteroidetes;c__Bacteroidia;o__Bacteroidales;f__Bacteroidaceae;g__Bacteroides;s__Bacteroides_coprophilus	k__Bacteria;p__Firmicutes;c__Clostridia;o__Clostridiales;f__Lachnospiraceae;g__Roseburia;s__Roseburia_intestinalis	k__Bacteria;p__Firmicutes;c__Clostridia;o__Clostridiales;f__Lachnospiraceae;g__Roseburia;s__Roseburia_hominis	k__Bacteria;p__Bacteroidetes;c__Bacteroidia;o__Bacteroidales;f__Porphyromonadaceae;g__Parabacteroides;s__Parabacteroides_johnsonii	k__Bacteria;p__Actinobacteria;c__Actinobacteria;o__Bifidobacteriales;f__Bifidobacteriaceae;g__Bifidobacterium;s__Bifidobacterium_longum	k__Bacteria;p__Firmicutes;c__Clostridia;o__Clostridiales;f__;g__Flavonifractor;s__Flavonifractor_plautii	k__Bacteria;p__Firmicutes;c__Clostridia;o__Clostridiales;f__Clostridiaceae;g__Clostridium;s__Clostridium_phoceensis	k__Bacteria;p__Verrucomicrobia;c__Verrucomicrobiae;o__Verrucomicrobiales;f__Akkermansiaceae;g__Akkermansia;s__Akkermansia_muciniphila	k__Bacteria;p__Bacteroidetes;c__Bacteroidia;o__Bacteroidales;f__Prevotellaceae;g__Paraprevotella;s__Paraprevotella_xylaniphila	k__Bacteria;p__Firmicutes;c__Clostridia;o__Clostridiales;f__Ruminococcaceae;g__Ruminococcus;s__Ruminococcus_callidus	k__Bacteria;p__Bacteroidetes;c__Bacteroidia;o__Bacteroidales;f__Rikenellaceae;g__Alistipes;s__Alistipes_senegalensis	k__Bacteria;p__Firmicutes;c__Clostridia;o__Clostridiales;f__Lachnospiraceae;g__Blautia;s__Blautia_sp._KLE_1732	k__Bacteria;p__Bacteroidetes;c__Bacteroidia;o__Bacteroidales;f__Bacteroidaceae;g__Bacteroides;s__Bacteroides_oleiciplenus	k__Bacteria;p__Firmicutes;c__Clostridia;o__Clostridiales;f__Ruminococcaceae;g__Ruminococcus;s__Ruminococcus_bicirculans	k__Bacteria;p__Bacteroidetes;c__Bacteroidia;o__Bacteroidales;f__Bacteroidaceae;g__Bacteroides;s__Bacteroides_fluxus	k__Bacteria;p__Bacteroidetes;c__Bacteroidia;o__Bacteroidales;f__Prevotellaceae;g__Prevotella;s__Prevotella_stercorea	k__Bacteria;p__Firmicutes;c__Clostridia;o__Clostridiales;f__Lachnospiraceae;g__Dorea;s__Dorea_longicatena	k__Bacteria;p__Firmicutes;c__Clostridia;o__Clostridiales;f__Eubacteriaceae;g__Eubacterium;s__[Eubacterium]_eligens	k__Bacteria;p__Firmicutes;c__Clostridia;o__Clostridiales;f__Ruminococcaceae;g__;s__Ruminococcaceae_bacterium_D16	k__Bacteria;p__Firmicutes;c__Clostridia;o__Clostridiales;f__Lachnospiraceae;g__Coprococcus;s__Coprococcus_comes	k__Bacteria;p__Proteobacteria;c__Gammaproteobacteria;o__Enterobacterales;f__Enterobacteriaceae;g__Escherichia;s__Escherichia_coli	k__Bacteria;p__Firmicutes;c__Clostridia;o__Clostridiales;f__Ruminococcaceae;g__Anaerotruncus;s__Anaerotruncus_colihominis	k__Bacteria;p__Firmicutes;c__Clostridia;o__Clostridiales;f__Lachnospiraceae;g__Blautia;s__Blautia_obeum	k__Bacteria;p__Bacteroidetes;c__Bacteroidia;o__Bacteroidales;f__Odoribacteraceae;g__Odoribacter;s__Odoribacter_laneus	k__Bacteria;p__Firmicutes;c__Clostridia;o__Clostridiales;f__Ruminococcaceae;g__Ruminiclostridium;s__[Clostridium]_leptum	k__Bacteria;p__Bacteroidetes;c__Bacteroidia;o__Bacteroidales;f__Porphyromonadaceae;g__Parabacteroides;s__Parabacteroides_goldsteinii	k__Bacteria;p__Firmicutes;c__Clostridia;o__Clostridiales;f__Lachnospiraceae;g__Anaerostipes;s__Anaerostipes_hadrus	k__Bacteria;p__Firmicutes;c__Clostridia;o__Clostridiales;f__Ruminococcaceae;g__Ruminococcus;s__Ruminococcus_lactaris	k__Bacteria;p__Firmicutes;c__Clostridia;o__Clostridiales;f__Clostridiaceae;g__Clostridium;s__Clostridium_sp._L2-50	k__Bacteria;p__Firmicutes;c__Clostridia;o__Clostridiales;f__Clostridiaceae;g__Clostridium;s__Clostridium_sp._M62/1	k__Bacteria;p__Firmicutes;c__Clostridia;o__Clostridiales;f__;g__Intestinimonas;s__Intestinimonas_butyriciproducens	k__Bacteria;p__Actinobacteria;c__Actinobacteria;o__Bifidobacteriales;f__Bifidobacteriaceae;g__Bifidobacterium;s__Bifidobacterium_bifidum	k__Bacteria;p__Firmicutes;c__Negativicutes;o__Veillonellales;f__Veillonellaceae;g__Dialister;s__Dialister_invisus	k__Bacteria;p__Bacteroidetes;c__Bacteroidia;o__Bacteroidales;f__Bacteroidaceae;g__Bacteroides;s__Bacteroides_salanitronis
k__Bacteria;p__Bacteroidetes;c__Bacteroidia;o__Bacteroidales;f__Bacteroidaceae;g__Bacteroides;s__Bacteroides_vulgatus	1.0	-0.0255401887482	0.0435784540297	-0.0129405719652	0.0276342918171	-0.0258131863536	-0.0903021431949	-0.006609350561	-0.0229317888042	0.00723527224878	0.0288937771271	-0.0174363130114	-0.0308760329114	-0.0235617662836	-0.0437666687307	0.0263753721716	-0.00809373909726	0.0587945339958	-0.0598500737761	0.0186043332763	-0.041232268117	0.0189355539075	-0.0264356938506	0.00270933567902	-0.0205397578487	-0.0181305249606	-0.0774216164901	0.0405089184452	-0.0760481145426	-0.0173152056778	-0.00702789871573	-0.055745303934	-0.00817011588611	-0.0357566417547	-0.0123203148797	-0.0301323519647	0.0112134570903	-0.0795964247753	0.0362382151255	-0.00883358598355	-0.0239990575805	0.0327805793221	-0.0720789932262	0.0608199294816	-0.0387525438283	0.0163415958109	0.0173243728767	-0.0390356787923	0.00737715821892	-0.0334437711024	0.0229943850504	-0.0653731432287	0.0103366845215	0.0108063979088	-0.0432441476975	-0.0345818092021	0.0078686749804	0.0238920373245	0.0178707933102
k__Bacteria;p__Bacteroidetes;c__Bacteroidia;o__Bacteroidales;f__Bacteroidaceae;g__Bacteroides;s__Bacteroides_uniformis	-0.0255401887482	1.0	0.0141891482978	0.103423502763	0.0106886787372	0.0197660277945	0.0229156105394	-0.00041917809852	-0.00425066277903	0.00326062430401	-0.0584103305322	-0.0421838612749	0.0232765605681	-0.0316870058165	-0.0632613150312	-0.00909764438503	0.0359851938573	-0.11112112922	0.0153837832277	0.0183923512337	-0.0617094967326	0.0473017477613	0.0409238625272	0.0670395349635	0.012630560383	-0.0325241973638	-0.117844410943	-0.0597778190946	0.0670486364224	-0.00561194713978	-0.0197459590566	-0.0842836240826	-0.0745098319936	-0.0120972129771	0.0298564510796	0.0114518771276	0.00464273903664	0.0756854375503	-0.0683315444267	-0.0271832975641	0.00634708450197	-0.0324577194314	0.00519075806389	0.0286737526067	-0.0358556409035	0.00192051312286	0.00169998447219	-0.024531259311	-0.0606589022572	0.0111715430039	0.0189673470991	-0.0400123502963	0.0598441742911	-0.0122355444222	-0.0503466361174	-0.0132790655085	-0.0169037840791	-0.00497923530865	0.0175002659729
k__Bacteria;p__Bacteroidetes;c__Bacteroidia;o__Bacteroidales;f__Rikenellaceae;g__Alistipes;s__Alistipes_putredinis	0.0435784540297	0.0141891482978	1.0	-0.0399388536226	-0.0116857619791	0.0126764877714	0.0432119665953	0.06031172541	0.0094565175955	0.033686589268	-0.0589464138837	-0.000693310952765	-0.00838622036388	-0.045420911332	-0.0571269396546	0.00516211182275	-0.02694368489	-0.0385436730932	0.0319509232356	0.0066227880577	0.0149865886323	-0.0534710817345	0.0404709873681	0.00585182048059	-0.0104386025032	-0.0431700601264	-0.0129537549675	0.0302882149685	0.0159515307827	0.00573505462145	-0.0380288699897	0.056706789267	-0.00104026095931	0.031216224104	0.00596800393307	-0.0646747659635	-0.0348309860005	0.00184717008091	0.02818858466	-0.0211306984978	0.0424347130375	0.0230358047209	-0.0211587623422	-0.0495005074951	-0.0270474110134	-0.0327459385134	-0.04172153828	-0.0342072150817	0.0168481884756	-0.0505920890504	0.015340217737	0.00692132666297	0.0190406024525	-0.0399259023254	-0.0620590675942	-0.00286498165775	-0.0251076066422	0.0168142366861	-0.0498924391985
k__Bacteria;p__Bacteroidetes;c__Bacteroidia;o__Bacteroidales;f__Prevotellaceae;g__Prevotella;s__Prevotella_copri	-0.0129405719652	0.103423502763	-0.0399388536226	1.0	0.049214388712	-0.02371232046	0.0603314474006	-0.102347524221	-0.0167743406522	0.0463842883349	0.00553115763273	0.00877928248075	-0.00872846962015	0.0516013648559	0.0174081198835	-0.0581801271394	0.0115169969814	0.00584675842026	-0.0696707328701	0.0279460006874	0.00583438770284	-0.0299533794512	-0.0259875889471	0.0375507441748	0.00874790673521	-0.038500652554	-0.0283666617687	0.00332483809781	-0.0818934880676	0.0155891199373	-0.0121517883228	0.00543218332281	-0.0477086741251	-0.0175374920393	-0.00515975415902	-0.0330684760953	-0.0248926076292	-0.0466094084711	-0.0761843924221	-0.0560173881363	0.0363814395498	0.00354801763753	-0.0509041277709	-0.00971405966286	-0.00505173643669	-0.0291445675706	0.0233547818893	0.0403873735804	-0.000494113676094	-0.0826338501887	-0.0724757442815	-0.0744669777359	-0.0233657070998	0.0288950129567	0.00878237024446	-0.0413130313257	0.0104229132955	-0.0423124935051	0.00228086032721
k__Bacteria;p__Bacteroidetes;c__Bacteroidia;o__Bacteroidales;f__Bacteroidaceae;g__Bacteroides;s__Bacteroides_stercoris	0.0276342918171	0.0106886787372	-0.0116857619791	0.049214388712	1.0	-0.0241346493231	-0.0033155547544	-0.0401672184714	-0.00649109769323	0.00616827814757	-0.0233831804443	0.0600528387164	-0.0288354108	-0.0142719864287	-0.0652276042527	-0.0451180424819	0.00685723584497	-0.015515969802	0.0180067536242	0.032894919779	-0.00537016050407	-0.058100590792	-0.000545219061236	-0.0147320035369	-0.0372301282054	0.0399174920971	0.00985112219183	0.0262108785445	0.0578455967967	-0.00316394284827	-0.0285484992325	-0.0254996171874	-0.025197460932	0.0196894042602	-0.0452758050498	0.0212909477248	0.0807105461221	-0.0206800027726	-0.00346589609672	-0.0636581726076	0.0033124440069	-0.0110683765575	-0.0246457678583	-0.0172300182791	-0.0560889913232	-0.0160402631745	-0.0145787141237	0.0185453844005	-0.065928373143	0.0287265594804	-0.0178639521115	-0.00113533642216	-0.0354644912569	0.0197739204875	0.027233924135	-0.00552057768103	-0.0696021964725	0.0189025933343	-0.0117791245794
k__Bacteria;p__Bacteroidetes;c__Bacteroidia;o__Bacteroidales;f__Bacteroidaceae;g__Bacteroides;s__Bacteroides_ovatus	-0.0258131863536	0.0197660277945	0.0126764877714	-0.02371232046	-0.0241346493231	1.0	0.0504939936277	-0.0314100775263	0.0786146713676	0.0265014955267	0.0381834645279	0.0100955185559	0.0128502007554	-0.0769994002581	-0.0283814743603	0.0279236294884	0.00904871500197	0.0387047644013	-0.0513230745856	0.0272623147412	0.0208165778724	0.0296333440502	-0.0433591410877	-0.0978117643926	-0.0765856732183	0.0104414218786	-0.0554191863053	-0.0285551784077	-0.051136285718	-0.0505298346553	-0.0375296137766	-0.0533865607289	-0.0586667562301	-0.00948509592606	-0.0892385998893	-0.0502750167553	0.107778568932	-0.0203701163485	-0.0113881156988	0.0240375549912	0.00813894725108	-0.0131934236015	0.0074919920325	-0.0457805019877	-0.000183630256855	-0.0113206427235	-0.0293340502971	-0.0359063209484	0.00670080914225	-0.0443225695737	-0.00119062246465	0.022650704692	0.0283579416881	0.0153448085414	0.00580191033521	0.0107165211359	-0.0349814220562	-0.0418539800487	0.00159100485847
k__Bacteria;p__Bacteroidetes;c__Bacteroidia;o__Bacteroidales;f__Rikenellaceae;g__Alistipes;s__Alistipes_shahii	-0.0903021431949	0.0229156105394	0.0432119665953	0.0603314474006	-0.0033155547544	0.0504939936277	1.0	-0.0341449469264	-0.0952953342347	0.0220119018371	0.0486173271845	0.0254177395894	-0.0111999075378	-0.0524161649001	0.045763786702	-0.00748359816976	-0.0182215429711	0.0252428473978	-0.0499775005952	0.0340224227127	-0.000386137545462	0.0215284121069	-0.00187589314869	-0.0401666476469	-0.0107545548199	0.0359292716279	-0.0426233042147	-0.0555774533501	0.00612233858144	0.0491788120643	-0.018231016818	-0.0219037335736	0.0407217458555	-0.00746467045211	-0.039842147348	-0.0329475182552	-0.0119623702253	0.0209650310297	-0.0304487156454	-0.0565894376965	0.0190038696162	-0.0491411828379	0.035993712209	-0.128156229919	-0.0289067818195	0.0228818143352	0.000854722593254	-0.00179282738358	-0.0152143901121	-0.0658272241117	0.00267209868871	0.0571614234217	-0.0639484818264	-0.0168559347484	0.0255947334795	0.0693600413873	-0.0784185835718	-0.0328194632113	0.0118713759257
k__Bacteria;p__Firmicutes;c__Clostridia;o__Clostridiales;f__Ruminococcaceae;g__Faecalibacterium;s__Faecalibacterium_prausnitzii	-0.006609350561	-0.000419178098521	0.06031172541	-0.102347524221	-0.0401672184714	-0.0314100775263	-0.0341449469264	1.0	-0.0288895925783	0.00929810050847	-0.0448992752771	0.0379748736644	0.0444382794168	-0.00197829222118	-0.0209226301699	0.0201901929768	-0.0268447413625	-0.0986314707295	0.000454835982113	-0.0149071562772	-0.0838140517829	-0.0205013432912	-0.0287879255703	0.0096153909538	-0.00411776704009	0.023426107945	-0.0907951385577	-0.0363167988505	-0.0177075737938	-0.0230767264736	-0.00867906827629	0.0150123763132	-0.0622053844287	-0.0174156926618	0.0814858072946	-0.0260870515733	-0.057002429444	-0.00449837646605	-0.0269119829389	0.0536579141598	0.0141900075936	-0.0332324654221	0.0552389680574	-0.0262353470666	-0.017019178845	-0.0103364498866	-0.00754327176673	0.0184480399954	0.0155919528753	0.0204579880116	-0.0523566818885	-0.0479267950868	0.0590750314323	0.0131592070139	-0.0556999579088	0.0202505220862	-0.0101212636439	-0.0200712591487	0.0306776930834
k__Bacteria;p__Bacteroidetes;c__Bacteroidia;o__Bacteroidales;f__Rikenellaceae;g__Alistipes;s__Alistipes_finegoldii	-0.0229317888042	-0.00425066277903	0.0094565175955	-0.0167743406522	-0.00649109769323	0.0786146713676	-0.0952953342347	-0.0288895925783	1.0	-0.00542328143669	0.0642066319592	-0.0466143916721	0.0271402394667	-0.0492687816473	-0.0555827503457	-0.00880182839416	-0.0240732762086	0.0724082440619	0.0129827309171	-0.000925554885759	0.0166132846247	-0.00509898924029	-0.101705272926	0.0253030616074	0.00941589411508	0.0241276217564	0.00891184873104	0.0565613019542	0.036544091429	-0.0425082405189	-0.0125089709874	-0.00116746999908	0.0142267015099	-0.00544497502338	-0.0199047640493	-0.0503749126219	-0.0511904092258	0.000507102289314	-0.0467098942969	0.00757954187194	0.0502349787611	0.0478360428065	-0.0474362234813	-0.0688997888554	-0.0721505864215	0.0287417413603	0.0478394194456	0.0120904660345	0.00680968830282	-0.0213880469266	-0.0341376988052	-0.0286234539752	0.0366133732053	-0.0570232730221	-0.0405855583965	0.0517859702073	0.05134860206	0.0197160523866	0.0170959218545
k__Bacteria;p__Bacteroidetes;c__Bacteroidia;o__Bacteroidales;f__Porphyromonadaceae;g__Parabacteroides;s__Parabacteroides_distasonis	0.00723527224878	0.00326062430401	0.033686589268	0.0463842883349	0.00616827814757	0.0265014955267	0.0220119018371	0.00929810050847	-0.00542328143669	1.0	-0.0193422703826	0.00452394328408	0.00812115601977	0.0108586512588	-0.0588901806559	0.0206229941844	-0.0274194500869	0.0244133253505	-0.00883915352703	-0.0221184334324	-0.00351026775516	-0.043317658775	-0.0672611724815	0.00306763061902	0.0550060033689	0.0543437624367	-0.0281067097187	0.087822749992	0.0161563253914	-0.00663951459387	0.00197689435164	0.0325099257042	-0.0160660851568	-0.0587329325034	0.0298713847936	-0.0302184113102	-0.0382365376909	0.0187458836424	0.0579954006561	-0.0115783807343	-0.0979770902719	-0.102290643471	-0.0219422929406	0.0106486958077	0.0329365432843	0.00475678395167	-0.0260174923555	-0.017942228348	-0.0508543454128	-0.0729072276882	-0.0559815562303	-0.0687713969009	-0.00484522576053	-0.0212034490923	-0.0399714360118	0.0193725215508	-0.0573759531817	0.00464119600378	0.0123859294145
k__Bacteria;p__Bacteroidetes;c__Bacteroidia;o__Bacteroidales;f__Bacteroidaceae;g__Bacteroides;s__Bacteroides_thetaiotaomicron	0.0288937771271	-0.0584103305322	-0.0589464138837	0.00553115763273	-0.0233831804443	0.0381834645279	0.0486173271845	-0.0448992752771	0.0642066319592	-0.0193422703826	1.0	-0.00997028626899	-0.0388988568967	-0.0896984820325	0.0321344186774	0.00539987870547	-0.00676543674274	0.00496474511652	-0.000659221617776	-0.0228413393672	-0.0101091136489	-0.00478936051055	-0.0843503174637	0.0508937368833	-0.0357698254104	0.0416263218339	-0.000115080952326	-0.0025783160815	-0.0118745578741	-0.00286560652948	0.0346477947694	0.0640326855628	-0.0133568889688	-0.0336495619605	-0.0155546425598	-0.0860779889598	-0.0925573257675	-0.0571919859883	-0.0443533015847	0.0315865822241	-0.0411955574415	-0.0530754892205	-0.028136884004	0.0228907606754	-0.0544553068362	-0.0136322585169	-0.0151686086294	-0.0599969200294	-0.0167007485612	-0.0259489674054	0.000695247803361	-0.00332584672773	-0.0313036110371	0.0210495172746	0.00781371351818	0.0277733270582	0.0718398350014	-0.0321071301092	-0.0712382118597
k__Bacteria;p__Bacteroidetes;c__Bacteroidia;o__Bacteroidales;f__Bacteroidaceae;g__Bacteroides;s__Bacteroides_coprocola	-0.0174363130114	-0.0421838612749	-0.000693310952765	0.00877928248075	0.0600528387164	0.0100955185559	0.0254177395894	0.0379748736644	-0.0466143916721	0.00452394328408	-0.00997028626899	1.0	-0.0555332612346	0.0762228349999	-0.095446990081	-0.0435360261678	-0.0671860602277	-0.0550232081152	-0.019673960935	0.0244320347281	0.0105271964196	0.0669981934486	-0.030855222972	0.00284795014869	-0.0350049527655	-0.000715898647213	0.0449304735775	0.0374526145383	-0.00648226306168	-0.0501898251387	-0.114714742895	0.000298116077788	-0.0159788322069	-0.0219466359374	-0.00491807385473	-0.0347293408853	-0.0343690508355	0.0275624415928	-0.00820947862109	-0.0100347503358	0.0478783872708	0.0446041284747	-0.0476019387369	-0.0533876050736	0.00827580706009	-0.0315953966363	-0.00669846149998	-0.0387485372337	0.0111636761184	-0.0487443012499	-0.0380931274711	-0.0249440445857	0.017187185775	0.0409867617539	0.0229242500443	-0.0117897298479	0.00745813151184	0.0163989514798	-0.0243293652528
k__Bacteria;p__Bacteroidetes;c__Bacteroidia;o__Bacteroidales;f__Bacteroidaceae;g__Bacteroides;s__Bacteroides_cellulosilyticus	-0.0308760329114	0.0232765605681	-0.00838622036388	-0.00872846962015	-0.0288354108	0.0128502007554	-0.0111999075378	0.0444382794168	0.0271402394667	0.00812115601977	-0.0388988568967	-0.0555332612346	1.0	0.0248323620223	-0.0441428971909	-0.0947022255371	-0.0551163524847	-0.0376544579352	0.00634559175219	0.0104870723768	-0.0295111157604	-0.0268444660417	-0.0178770215536	-0.00415819877529	-0.0213814799121	0.0170485884254	0.0456084898034	0.053433024187	-0.021990358883	0.0335978771719	-0.000210749302647	-0.00670399774903	0.0618353804798	-0.043723623945	-0.0893588074647	0.0139358342088	-0.101308578725	-0.0404975219299	-0.0458152799795	-0.00449104935945	-0.0104281239683	0.0123702340147	0.0522610737427	0.0551864472147	-0.0665259724386	-0.00930840516834	0.0113966146941	0.0622202338244	-0.0062920212193	-0.0594374971532	-0.0180139769292	-0.0700005752793	0.00569341540007	-0.00852424637237	-0.0248338561783	-0.00894870781598	0.0301804070545	0.0399644774392	-0.0608423567545
k__Bacteria;p__Bacteroidetes;c__Bacteroidia;o__Bacteroidales;f__Rikenellaceae;g__Alistipes;s__Alistipes_obesi	-0.0235617662836	-0.0316870058165	-0.045420911332	0.0516013648559	-0.0142719864287	-0.0769994002581	-0.0524161649001	-0.00197829222118	-0.0492687816473	0.0108586512588	-0.0896984820325	0.0762228349999	0.0248323620223	1.0	0.0399023841549	0.0539458891201	0.0452105426985	0.0531319200134	-0.0192533978892	0.0312449729493	0.0310511242317	-0.0521097923411	0.0511724066481	-0.040451539526	-0.0924355165979	0.00513294922096	-0.0256407722969	0.0397878883403	-0.0120342729656	0.0739256034588	0.00288274129046	-0.0133795829829	-0.0300016695228	-0.0312569130454	-0.0792410990906	0.0120468718694	0.0320871646156	-0.0649770774075	0.0271276731187	-0.0476953419503	-0.054793861236	-0.026056512105	-0.0376200108052	-0.00169296143334	0.00293612146832	0.0111159778869	-0.0134676681834	0.00877709529345	0.0017464048807	-0.0235902601504	-0.0317964261329	-0.00706713872327	-0.00905027119767	-0.0397161799275	-0.0499746290463	0.0279046646294	-0.0143533526879	-0.00341732037621	-0.0451456977581
k__Bacteria;p__Firmicutes;c__Clostridia;o__Clostridiales;f__Lachnospiraceae;g__;s__[Eubacterium]_rectale	-0.0437666687307	-0.0632613150312	-0.0571269396546	0.0174081198835	-0.0652276042527	-0.0283814743603	0.045763786702	-0.0209226301699	-0.0555827503457	-0.0588901806559	0.0321344186774	-0.095446990081	-0.0441428971909	0.0399023841549	1.0	-0.0355769789453	0.0211692503231	-0.0129653532372	-0.0631901708008	-0.0108739622712	-0.0550029991246	-0.0140043775441	-0.0204810001517	0.0169285126159	-0.00451044816494	-0.0707039247203	0.0472914965814	-0.0692638320477	-0.0686741519992	-0.0704776333462	-0.0620950808277	-0.0412477968982	0.0723665331376	0.0277308819289	0.00804720336741	-0.0195545471978	-0.0548918259973	0.0481521275517	-0.0315136597025	0.0505175746411	0.0156013938248	0.026231277059	-0.0834119643169	-0.0722641083788	-0.00859671209534	0.0496694340382	-0.105589504429	-0.00976265526785	0.0467399761869	0.0422861234114	0.0030657149346	-0.0040118056231	-0.0201593382011	-0.0271456732575	-0.03357722491	0.0529190274763	-0.0254148537637	-0.0127018271637	-0.072065479183
k__Bacteria;p__Bacteroidetes;c__Bacteroidia;o__Bacteroidales;f__Bacteroidaceae;g__Bacteroides;s__Bacteroides_plebeius	0.0263753721716	-0.00909764438503	0.00516211182275	-0.0581801271394	-0.0451180424819	0.0279236294884	-0.00748359816976	0.0201901929768	-0.00880182839416	0.0206229941844	0.00539987870547	-0.0435360261678	-0.0947022255371	0.0539458891201	-0.0355769789453	1.0	-0.0237122721674	-0.113692911374	-0.0496707791476	-0.0461071932927	-0.0762671311556	0.00954321761993	-0.030575998699	-0.0650461407103	0.00718740165673	0.0289876634043	0.0255082476748	-0.00585314807152	0.0519822115993	0.00665533546607	-0.00524173935423	-0.0191476934917	-0.0027632027778	-0.0963827287531	0.0321517466936	0.030808146079	-0.0381045369913	-0.00440568503002	-0.00199560036168	-0.0262704649527	0.02169297198	0.00319387525743	0.0282491724013	0.00453622903734	0.0316982013501	-0.0425703438193	-0.00312718628255	-0.0561217634129	0.0308108387858	0.010328206267	-0.0324767684769	0.00726807128719	0.0214402675369	0.0228918340452	-0.0697588222665	-0.00839437215488	-0.0589621376203	-0.0104272504482	-0.0166616143369
k__Bacteria;p__Bacteroidetes;c__Bacteroidia;o__Bacteroidales;f__Bacteroidaceae;g__Bacteroides;s__Bacteroides_fragilis	-0.00809373909726	0.0359851938573	-0.02694368489	0.0115169969814	0.00685723584497	0.00904871500197	-0.0182215429711	-0.0268447413625	-0.0240732762086	-0.0274194500869	-0.00676543674274	-0.0671860602277	-0.0551163524847	0.0452105426985	0.0211692503231	-0.0237122721674	1.0	0.0206730886868	-0.0157804973392	-0.0530066341869	0.0381936173708	0.00211239621589	0.0965144536693	-0.0109236471723	-0.0126882790485	0.00813016042809	-0.010335428572	-0.012678503377	-0.0410225038379	-0.0697991070434	0.0643088429606	-0.0552117584358	-0.0476150156732	0.0288628591395	0.045635999706	-0.0453970538352	0.0493336341122	-0.0108141890586	-0.0891447096546	0.0111772250763	-0.0206057366272	-0.00416838839553	-0.0192457917995	-0.0108623018257	-0.102540407468	0.0107872513554	-0.0117308755201	0.0761100111041	0.00932723562432	0.0741240367367	-0.0514886587367	-0.0130892646806	-0.0585079822973	0.00694741468662	-0.0431986907506	-0.0220052969773	0.0421306487669	-0.0374113045285	0.0409860686713
k__Bacteria;p__Proteobacteria;c__Betaproteobacteria;o__Burkholderiales;f__Sutterellaceae;g__Sutterella;s__Sutterella_wadsworthensis	0.0587945339958	-0.11112112922	-0.0385436730932	0.00584675842026	-0.015515969802	0.0387047644013	0.0252428473978	-0.0986314707295	0.0724082440619	0.0244133253505	0.00496474511652	-0.0550232081152	-0.0376544579352	0.0531319200134	-0.0129653532372	-0.113692911374	0.0206730886868	1.0	0.0073141564323	0.00921402932742	0.0526806616982	-0.0230372998513	-0.0448386481092	-0.0307051418679	0.00809938342484	0.0212945370528	0.00833537032056	-0.0400311229621	-0.0452624466526	-0.0340152152816	0.00558289332643	-0.00471401603665	0.038747765514	-0.028080046295	-0.0565723249872	-0.0290856993362	0.0226278751625	-0.0380507950929	0.000427357911419	0.0317443855599	-0.0574559887034	0.0758770515241	-0.0231351890569	-0.00396983635467	-0.0494521240215	0.0649421846718	0.0628731070739	0.0566490925462	-0.0185070396741	0.00457686419297	-0.00447960461247	-0.00129638624791	-0.0185152247466	-0.061531183697	0.0143181369645	-0.0286959930965	-0.0190592372842	0.00795243679771	-0.051681275718
k__Bacteria;p__Bacteroidetes;c__Bacteroidia;o__Bacteroidales;f__Porphyromonadaceae;g__Barnesiella;s__Barnesiella_intestinihominis	-0.0598500737761	0.0153837832277	0.0319509232356	-0.0696707328701	0.0180067536242	-0.0513230745856	-0.0499775005952	0.000454835982113	0.0129827309171	-0.00883915352703	-0.000659221617776	-0.019673960935	0.00634559175219	-0.0192533978892	-0.0631901708008	-0.0496707791476	-0.0157804973392	0.0073141564323	1.0	-0.0411544661642	0.0447857647569	0.0256676495531	-0.00898398113744	0.00154090585005	-0.0226776758177	0.0573797877024	-0.0866050269894	0.0407486358873	0.00935333248382	-0.0168083334839	-0.0789924145766	0.0398308251493	0.020037401739	-0.0357958853173	0.0483499772897	-0.0327870924767	-0.0550102235092	0.0023732398358	-0.000585227630075	0.0244560757822	-0.0336407023142	-0.0600987379863	-0.0470738057646	0.0492116676632	-0.00773458700758	0.0100636876645	0.00460010053982	0.0433925091278	0.0229132854287	0.0743007621162	-0.0378173109709	0.0365664457475	-0.0144647153137	0.0289574912888	-0.0490796662749	-0.0478748094752	-0.0696122767802	-0.040520993281	-0.0334305820312
k__Bacteria;p__Bacteroidetes;c__Bacteroidia;o__Bacteroidales;f__Odoribacteraceae;g__Odoribacter;s__Odoribacter_splanchnicus	0.0186043332763	0.0183923512337	0.0066227880577	0.0279460006874	0.032894919779	0.0272623147412	0.0340224227127	-0.0149071562772	-0.000925554885759	-0.0221184334324	-0.0228413393672	0.0244320347281	0.0104870723768	0.0312449729493	-0.0108739622712	-0.0461071932927	-0.0530066341869	0.00921402932742	-0.0411544661642	1.0	-0.0105072948984	0.0551531348411	-0.00466932215294	-0.0427285799409	-0.0156502488909	0.00327826663374	-0.0719074075116	-0.0029312477356	0.00387396996998	-0.033677035494	-0.0231938763629	0.00878249759956	0.0202113137433	-0.0407886324608	-0.0345429357799	0.0366298633364	0.0379166500072	0.00749382321647	0.0154622835907	0.0279831607097	0.0123189222937	-0.0404540541911	-0.00295197130924	-0.0499376358703	-0.0300069440826	0.0277493595003	0.00962890900589	-0.068484652455	0.0530409826961	0.0254338012671	-0.0300325714291	-0.0192348812459	-0.00857569366629	-0.041104992678	-0.0672855945211	-0.00259662484531	0.0466333840615	0.0279787947499	-0.0189363449467
k__Bacteria;p__Bacteroidetes;c__Bacteroidia;o__Bacteroidales;f__Bacteroidaceae;g__Bacteroides;s__Bacteroides_salyersiae	-0.041232268117	-0.0617094967326	0.0149865886323	0.00583438770284	-0.00537016050407	0.0208165778724	-0.000386137545463	-0.0838140517829	0.0166132846247	-0.00351026775516	-0.0101091136489	0.0105271964196	-0.0295111157604	0.0310511242317	-0.0550029991246	-0.0762671311556	0.0381936173708	0.0526806616982	0.0447857647569	-0.0105072948984	1.0	-0.0394264789138	-0.0469593109574	-0.121951666087	-0.00380213054555	-0.0420071558819	-0.025132288827	0.0502404805479	0.0211708961683	-0.0139733406069	0.0243446760216	-0.00381631602045	0.017334453322	-0.000373103475194	0.00508186446288	-0.0213795509463	-0.0109011905478	-0.0625275383137	-0.0234404552382	0.0186510711635	0.0269843390958	0.0049610427594	-0.0349924961369	0.100001968539	0.104123362827	-0.039414278931	0.0105984088767	-0.0102634285077	-0.0183997400909	-0.0156668158932	0.00371451470208	-0.00114332730148	-0.0641168952866	-0.0882029345629	-0.0177215309265	-0.0252952106476	-0.0222974325294	0.000198296953213	-0.0269956582225
k__Bacteria;p__Firmicutes;c__Clostridia;o__Clostridiales;f__Ruminococcaceae;g__Ruminiclostridium;s__[Eubacterium]_siraeum	0.0189355539075	0.0473017477613	-0.0534710817345	-0.0299533794512	-0.058100590792	0.0296333440502	0.0215284121069	-0.0205013432912	-0.00509898924029	-0.043317658775	-0.00478936051055	0.0669981934486	-0.0268444660417	-0.0521097923411	-0.0140043775441	0.00954321761993	0.00211239621589	-0.0230372998513	0.0256676495531	0.0551531348411	-0.0394264789138	1.0	-0.0332088135544	-0.058214606506	-0.0314751148197	0.01304449154	-0.0362818833722	-0.022530206782	0.0460311192655	-0.0186882397309	0.00528983408206	0.00209512391313	-0.039652339126	-0.0126745227867	-0.0184757360004	-0.00870989826714	-0.0137079703549	0.047582121599	0.0328037670033	0.00137103949422	-0.0276404430654	-0.0961062321106	-0.0612146115935	-0.082019665929	-0.0151910564135	0.0133097032025	-0.0146969831487	-0.00443550045529	0.0220445899286	0.0211326882573	0.0305638914425	-0.0288300376278	-0.0140827118591	0.0220751776243	0.0705721614284	0.0410498258076	0.0189257181457	0.029053990509	0.0114919143754
k__Bacteria;p__Proteobacteria;c__Betaproteobacteria;o__Burkholderiales;f__Sutterellaceae;g__Parasutterella;s__Parasutterella_excrementihominis	-0.0264356938506	0.0409238625272	0.0404709873681	-0.0259875889471	-0.000545219061236	-0.0433591410877	-0.00187589314869	-0.0287879255703	-0.101705272926	-0.0672611724815	-0.0843503174637	-0.030855222972	-0.0178770215536	0.0511724066481	-0.0204810001517	-0.030575998699	0.0965144536693	-0.0448386481092	-0.00898398113744	-0.00466932215294	-0.0469593109574	-0.0332088135544	1.0	0.00418450024168	0.0598593237996	0.0305787108465	0.0137439076427	0.0145143655018	0.00991553640748	0.00940637128516	0.0187886403248	0.00191688860308	0.0441227833774	0.0309322610396	0.0638830631842	0.00155297281819	-0.0881072015299	-0.0711893995566	0.0249682565451	0.00261868640107	-0.074290234354	0.0425751768553	-0.011748502207	-0.0136572188809	-0.0153744808367	-0.0253405863288	-0.0653007449039	0.0443647722916	0.00964439726713	0.0415045274274	0.0250373138403	0.0475423859992	-0.0128529693777	-0.0460649471907	0.0981830930846	-0.0160658826935	-0.0191552617757	-0.0285321526315	-0.0164051148251
k__Bacteria;p__Actinobacteria;c__Actinobacteria;o__Bifidobacteriales;f__Bifidobacteriaceae;g__Bifidobacterium;s__Bifidobacterium_adolescentis	0.00270933567902	0.0670395349635	0.00585182048059	0.0375507441748	-0.0147320035369	-0.0978117643926	-0.0401666476469	0.0096153909538	0.0253030616074	0.00306763061902	0.0508937368833	0.00284795014869	-0.00415819877529	-0.040451539526	0.0169285126159	-0.0650461407103	-0.0109236471723	-0.0307051418679	0.00154090585005	-0.0427285799409	-0.121951666087	-0.058214606506	0.00418450024168	1.0	0.0244402021539	0.0231265517514	-0.0145474548566	-0.040447382997	-0.0106546084935	-0.0210381671175	0.0290210047201	-0.0727015659174	-0.0243962976433	-0.0169895397654	-0.0275531666353	0.00246331434543	-0.0379003141099	0.0822901071568	-0.000209819429594	0.00958299984129	-0.0417184029497	-0.0412569850872	-0.0149470106233	-0.0198807713636	-0.0369769210564	0.0268580831898	0.0206592265704	-0.0882040766791	-0.02787208573	-0.0110973035426	-0.012013297149	0.0442810164865	0.0285209596129	-0.0369774287113	0.044826631806	0.0072411744883	-0.064062112131	0.0143716575507	0.0501278625742
k__Bacteria;p__Firmicutes;c__Clostridia;o__Clostridiales;f__Oscillospiraceae;g__Oscillibacter;s__Oscillibacter_sp._KLE_1745	-0.0205397578487	0.012630560383	-0.0104386025032	0.00874790673521	-0.0372301282054	-0.0765856732183	-0.0107545548199	-0.00411776704009	0.00941589411508	0.0550060033689	-0.0357698254104	-0.0350049527655	-0.0213814799121	-0.0924355165979	-0.00451044816494	0.00718740165673	-0.0126882790485	0.00809938342484	-0.0226776758177	-0.0156502488909	-0.00380213054555	-0.0314751148197	0.0598593237996	0.0244402021539	1.0	-0.096700304607	0.0465088235265	0.0153330661987	-0.0152430934497	-0.0493007026443	-0.0468287284261	-0.0658277990503	-0.0466348869612	0.00568578977418	-0.00976522289647	-0.00856318363322	0.0229214929513	0.024397705331	0.0123953868772	-0.0503330965497	-0.0325288399262	0.0909145520846	-0.00723911446286	0.048401233652	0.0641131958229	-0.00976303795821	0.0323357588432	-0.113635472186	-0.0111676814344	0.0447520043115	-0.0518957537563	-0.0552683479503	0.0168217257463	-0.0410447351506	0.0181183669639	0.00198005340135	-0.0376701522404	-0.00516735878662	-0.0216004710609
k__Bacteria;p__Bacteroidetes;c__Bacteroidia;o__Bacteroidales;f__Bacteroidaceae;g__Bacteroides;s__Bacteroides_coprophilus	-0.0181305249606	-0.0325241973638	-0.0431700601264	-0.038500652554	0.0399174920971	0.0104414218786	0.0359292716279	0.023426107945	0.0241276217564	0.0543437624367	0.0416263218339	-0.000715898647213	0.0170485884254	0.00513294922096	-0.0707039247203	0.0289876634043	0.00813016042809	0.0212945370528	0.0573797877024	0.00327826663374	-0.0420071558819	0.01304449154	0.0305787108465	0.0231265517514	-0.096700304607	1.0	-0.0537416250314	0.0648800430449	-0.0128139031989	-0.0285433924308	1.46830165776e-05	-0.0244822053677	0.00785127426147	-0.0529215772725	0.016739701783	-0.0585960098398	-0.0215185338561	-0.0175130491184	-0.0371665393549	-0.0227648334134	0.0259943328194	0.0110132575476	0.0241298156435	-0.000721817282281	-0.0413666437234	0.000747267197692	-0.042812244471	0.0562253523116	-0.102136907095	0.11322086032	-0.0179393315966	0.0231797891111	-0.0758728635541	-0.0601770955483	0.00874823563524	0.00968478921423	-0.0583795408311	-0.0539566610424	0.027753298359
k__Bacteria;p__Firmicutes;c__Clostridia;o__Clostridiales;f__Lachnospiraceae;g__Roseburia;s__Roseburia_intestinalis	-0.0774216164901	-0.117844410943	-0.0129537549675	-0.0283666617687	0.00985112219183	-0.0554191863053	-0.0426233042147	-0.0907951385577	0.00891184873104	-0.0281067097187	-0.000115080952326	0.0449304735775	0.0456084898034	-0.0256407722969	0.0472914965814	0.0255082476748	-0.010335428572	0.00833537032056	-0.0866050269894	-0.0719074075116	-0.025132288827	-0.0362818833722	0.0137439076427	-0.0145474548566	0.0465088235265	-0.0537416250314	1.0	0.0505339677897	-0.00962569878291	-0.00527339678791	0.048561208107	0.0218935381298	-0.0189520659698	-0.029044937998	-0.0338436070746	0.020857564233	-0.0284115566025	0.0178042486684	-0.0467817144723	-0.011994997368	-0.0151749171891	0.0041486608121	-0.0091430728127	0.0376640951395	-0.0353277554442	-0.0585689579368	-0.00569269498029	-0.00336958353438	-0.0584217086967	0.0124696551741	-0.0165781521439	-0.0601267162119	0.00156126850877	0.0397258772938	0.0617193468816	-0.0343272582979	0.0873761806762	0.0561031804194	-0.0590134349621
k__Bacteria;p__Firmicutes;c__Clostridia;o__Clostridiales;f__Lachnospiraceae;g__Roseburia;s__Roseburia_hominis	0.0405089184452	-0.0597778190946	0.0302882149685	0.00332483809781	0.0262108785445	-0.0285551784077	-0.0555774533501	-0.0363167988505	0.0565613019542	0.087822749992	-0.0025783160815	0.0374526145383	0.053433024187	0.0397878883403	-0.0692638320477	-0.00585314807152	-0.012678503377	-0.0400311229621	0.0407486358873	-0.0029312477356	0.0502404805479	-0.022530206782	0.0145143655018	-0.040447382997	0.0153330661987	0.0648800430449	0.0505339677897	1.0	0.00584131568128	-0.0546664047413	0.00794135254911	0.072806610531	-0.0277110387236	-0.00355150679378	-0.0358513993095	0.010775949209	-0.0826305804384	-0.0569052037786	-0.000750394891881	-0.0769544151367	0.00356856722176	0.0401635797214	-0.0780578982082	-0.0516406087464	-0.0614329781941	-0.0193551203945	0.0272352831298	-0.0087859265026	0.0181751354034	-0.0591766694988	-0.0614152957309	-0.115855497216	-0.0101901557425	0.00969254903253	-0.0339859875926	-0.0541489563385	-0.0226530527905	-0.0179163463958	-0.0280225653346
k__Bacteria;p__Bacteroidetes;c__Bacteroidia;o__Bacteroidales;f__Porphyromonadaceae;g__Parabacteroides;s__Parabacteroides_johnsonii	-0.0760481145426	0.0670486364224	0.0159515307827	-0.0818934880676	0.0578455967967	-0.051136285718	0.00612233858144	-0.0177075737938	0.036544091429	0.0161563253914	-0.0118745578741	-0.00648226306168	-0.021990358883	-0.0120342729656	-0.0686741519992	0.0519822115993	-0.0410225038379	-0.0452624466526	0.00935333248382	0.00387396996998	0.0211708961683	0.0460311192655	0.00991553640748	-0.0106546084935	-0.0152430934497	-0.0128139031989	-0.00962569878291	0.00584131568128	1.0	0.0590915632739	0.00414681947517	-0.0341944873024	0.00747960277981	-0.0236686220633	-0.0133960753556	-0.0301991108692	0.0331198640245	0.0376003054167	-0.00159193553024	-0.00830525764538	0.000730020912225	-0.0354321869692	-0.000888754248027	0.00529425351218	0.0616490906244	-0.0331390809228	0.0451930458013	-0.0310275835061	0.0003396989775	-0.00665637389782	-0.00985029255092	0.00732378771819	-0.00890598594609	-0.0163055184929	-0.032096909075	-0.0141938062162	-0.0454617063028	0.0120456436	-0.0200127345712
k__Bacteria;p__Actinobacteria;c__Actinobacteria;o__Bifidobacteriales;f__Bifidobacteriaceae;g__Bifidobacterium;s__Bifidobacterium_longum	-0.0173152056778	-0.00561194713978	0.00573505462145	0.0155891199373	-0.00316394284827	-0.0505298346553	0.0491788120643	-0.0230767264736	-0.0425082405189	-0.00663951459387	-0.00286560652948	-0.0501898251387	0.0335978771719	0.0739256034588	-0.0704776333462	0.00665533546607	-0.0697991070434	-0.0340152152816	-0.0168083334839	-0.033677035494	-0.0139733406069	-0.0186882397309	0.00940637128516	-0.0210381671175	-0.0493007026443	-0.0285433924308	-0.00527339678791	-0.0546664047413	0.0590915632739	1.0	-0.0244483058124	0.0301186664868	0.0497152164423	-0.0103050195238	-0.0197594947083	0.0367733641852	-0.0737133281641	-0.0198081862894	-0.0162523461256	0.032145216994	-0.00687411635364	-0.071675353322	-0.0231491625119	-0.0464598001267	0.000963110081369	-0.103748448095	0.0375391027328	-0.0576618643565	-0.0246217623649	0.0509310836835	-0.00457318249458	0.025693934726	-0.0328187814639	-0.0456390619199	-0.0213818435012	0.0419892385767	0.0199775000789	0.0314657336104	-0.00597924615639
