#taxonomy	k__Bacteria;p__Bacteroidetes;c__Bacteroidia;o__Bacteroidales;f__Bacteroidaceae;g__Bacteroides;s__Bacteroides_vulgatus	k__Bacteria;p__Bacteroidetes;c__Bacteroidia;o__Bacteroidales;f__Bacteroidaceae;g__Bacteroides;s__Bacteroides_uniformis	k__Bacteria;p__Bacteroidetes;c__Bacteroidia;o__Bacteroidales;f__Rikenellaceae;g__Alistipes;s__Alistipes_putredinis	k__Bacteria;p__Bacteroidetes;c__Bacteroidia;o__Bacteroidales;f__Prevotellaceae;g__Prevotella;s__Prevotella_copri	k__Bacteria;p__Bacteroidetes;c__Bacteroidia;o__Bacteroidales;f__Bacteroidaceae;g__Bacteroides;s__Bacteroides_stercoris	k__Bacteria;p__Bacteroidetes;c__Bacteroidia;o__Bacteroidales;f__Bacteroidaceae;g__Bacteroides;s__Bacteroides_ovatus	k__Bacteria;p__Bacteroidetes;c__Bacteroidia;o__Bacteroidales;f__Rikenellaceae;g__Alistipes;s__Alistipes_shahii	k__Bacteria;p__Firmicutes;c__Clostridia;o__Clostridiales;f__Ruminococcaceae;g__Faecalibacterium;s__Faecalibacterium_prausnitzii	k__Bacteria;p__Bacteroidetes;c__Bacteroidia;o__Bacteroidales;f__Rikenellaceae;g__Alistipes;s__Alistipes_finegoldii	k__Bacteria;p__Bacteroidetes;c__Bacteroidia;o__Bacteroidales;f__Porphyromonadaceae;g__Parabacteroides;s__Parabacteroides_distasonis	k__Bacteria;p__Bacteroidetes;c__Bacteroidia;o__Bacteroidales;f__Bacteroidaceae;g__Bacteroides;s__Bacteroides_thetaiotaomicron	k__Bacteria;p__Bacteroidetes;c__Bacteroidia;o__Bacteroidales;f__Bacteroidaceae;g__Bacteroides;s__Bacteroides_coprocola	k__Bacteria;p__Bacteroidetes;c__Bacteroidia;o__Bacteroidales;f__Bacteroidaceae;g__Bacteroides;s__Bacteroides_cellulosilyticus	k__Bacteria;p__Bacteroidetes;c__Bacteroidia;o__Bacteroidales;f__Rikenellaceae;g__Alistipes;s__Alistipes_obesi	k__Bacteria;p__Firmicutes;c__Clostridia;o__Clostridiales;f__Lachnospiraceae;g__;s__[Eubacterium]_rectale	k__Bacteria;p__Bacteroidetes;c__Bacteroidia;o__Bacteroidales;f__Bacteroidaceae;g__Bacteroides;s__Bacteroides_plebeius	k__Bacteria;p__Bacteroidetes;c__Bacteroidia;o__Bacteroidales;f__Bacteroidaceae;g__Bacteroides;s__Bacteroides_fragilis	k__Bacteria;p__Proteobacteria;c__Betaproteobacteria;o__Burkholderiales;f__Sutterellaceae;g__Sutterella;s__Sutterella_wadsworthensis	k__Bacteria;p__Bacteroidetes;c__Bacteroidia;o__Bacteroidales;f__Porphyromonadaceae;g__Barnesiella;s__Barnesiella_intestinihominis	k__Bacteria;p__Bacteroidetes;c__Bacteroidia;o__Bacteroidales;f__Odoribacteraceae;g__Odoribacter;s__Odoribacter_splanchnicus	k__Bacteria;p__Bacteroidetes;c__Bacteroidia;o__Bacteroidales;f__Bacteroidaceae;g__Bacteroides;s__Bacteroides_salyersiae	k__Bacteria;p__Firmicutes;c__Clostridia;o__Clostridiales;f__Ruminococcaceae;g__Ruminiclostridium;s__[Eubacterium]_siraeum	k__Bacteria;p__Proteobacteria;c__Betaproteobacteria;o__Burkholderiales;f__Sutterellaceae;g__Parasutterella;s__Parasutterella_excrementihominis	k__Bacteria;p__Actinobacteria;c__Actinobacteria;o__Bifidobacteriales;f__Bifidobacteriaceae;g__Bifidobacterium;s__Bifidobacterium_adolescentis	k__Bacteria;p__Firmicutes;c__Clostridia;o__Clostridiales;f__Oscillospiraceae;g__Oscillibacter;s__Oscillibacter_sp._KLE_1745	k__Bacteria;p__Bacteroidetes;c__Bacteroidia;o__Bacteroidales;f__Bacteroidaceae;g__Bacteroides;s__Bacteroides_coprophilus	k__Bacteria;p__Firmicutes;c__Clostridia;o__Clostridiales;f__Lachnospiraceae;g__Roseburia;s__Roseburia_intestinalis	k__Bacteria;p__Firmicutes;c__Clostridia;o__Clostridiales;f__Lachnospiraceae;g__Roseburia;s__Roseburia_hominis	k__Bacteria;p__Bacteroidetes;c__Bacteroidia;o__Bacteroidales;f__Porphyromonadaceae;g__Parabacteroides;s__Parabacteroides_johnsonii	k__Bacteria;p__Actinobacteria;c__Actinobacteria;o__Bifidobacteriales;f__Bifidobacteriaceae;g__Bifidobacterium;s__Bifidobacterium_longum	k__Bacteria;p__Firmicutes;c__Clostridia;o__Clostridiales;f__;g__Flavonifractor;s__Flavonifractor_plautii	k__Bacteria;p__Firmicutes;c__Clostridia;o__Clostridiales;f__Clostridiaceae;g__Clostridium;s__Clostridium_phoceensis	k__Bacteria;p__Verrucomicrobia;c__Verrucomicrobiae;o__Verrucomicrobiales;f__Akkermansiaceae;g__Akkermansia;s__Akkermansia_muciniphila	k__Bacteria;p__Bacteroidetes;c__Bacteroidia;o__Bacteroidales;f__Prevotellaceae;g__Paraprevotella;s__Paraprevotella_xylaniphila	k__Bacteria;p__Firmicutes;c__Clostridia;o__Clostridiales;f__Ruminococcaceae;g__Ruminococcus;s__Ruminococcus_callidus	k__Bacteria;p__Bacteroidetes;c__Bacteroidia;o__Bacteroidales;f__Rikenellaceae;g__Alistipes;s__Alistipes_senegalensis	k__Bacteria;p__Firmicutes;c__Clostridia;o__Clostridiales;f__Lachnospiraceae;g__Blautia;s__Blautia_sp._KLE_1732	k__Bacteria;p__Bacteroidetes;c__Bacteroidia;o__Bacteroidales;f__Bacteroidaceae;g__Bacteroides;s__Bacteroides_oleiciplenus	k__Bacteria;p__Firmicutes;c__Clostridia;o__Clostridiales;f__Ruminococcaceae;g__Ruminococcus;s__Ruminococcus_bicirculans	k__Bacteria;p__Bacteroidetes;c__Bacteroidia;o__Bacteroidales;f__Bacteroidaceae;g__Bacteroides;s__Bacteroides_fluxus	k__Bacteria;p__Bacteroidetes;c__Bacteroidia;o__Bacteroidales;f__Prevotellaceae;g__Prevotella;s__Prevotella_stercorea	k__Bacteria;p__Firmicutes;c__Clostridia;o__Clostridiales;f__Lachnospiraceae;g__Dorea;s__Dorea_longicatena	k__Bacteria;p__Firmicutes;c__Clostridia;o__Clostridiales;f__Eubacteriaceae;g__Eubacterium;s__[Eubacterium]_eligens	k__Bacteria;p__Firmicutes;c__Clostridia;o__Clostridiales;f__Ruminococcaceae;g__;s__Ruminococcaceae_bacterium_D16	k__Bacteria;p__Firmicutes;c__Clostridia;o__Clostridiales;f__Lachnospiraceae;g__Coprococcus;s__Coprococcus_comes	k__Bacteria;p__Proteobacteria;c__Gammaproteobacteria;o__Enterobacterales;f__Enterobacteriaceae;g__Escherichia;s__Escherichia_coli	k__Bacteria;p__Firmicutes;c__Clostridia;o__Clostridiales;f__Ruminococcaceae;g__Anaerotruncus;s__Anaerotruncus_colihominis	k__Bacteria;p__Firmicutes;c__Clostridia;o__Clostridiales;f__Lachnospiraceae;g__Blautia;s__Blautia_obeum	k__Bacteria;p__Bacteroidetes;c__Bacteroidia;o__Bacteroidales;f__Odoribacteraceae;g__Odoribacter;s__Odoribacter_laneus	k__Bacteria;p__Firmicutes;c__Clostridia;o__Clostridiales;f__Ruminococcaceae;g__Ruminiclostridium;s__[Clostridium]_leptum	k__Bacteria;p__Bacteroidetes;c__Bacteroidia;o__Bacteroidales;f__Porphyromonadaceae;g__Parabacteroides;s__Parabacteroides_goldsteinii	k__Bacteria;p__Firmicutes;c__Clostridia;o__Clostridiales;f__Lachnospiraceae;g__Anaerostipes;s__Anaerostipes_hadrus	k__Bacteria;p__Firmicutes;c__Clostridia;o__Clostridiales;f__Ruminococcaceae;g__Ruminococcus;s__Ruminococcus_lactaris	k__Bacteria;p__Firmicutes;c__Clostridia;o__Clostridiales;f__Clostridiaceae;g__Clostridium;s__Clostridium_sp._L2-50	k__Bacteria;p__Firmicutes;c__Clostridia;o__Clostridiales;f__Clostridiaceae;g__Clostridium;s__Clostridium_sp._M62/1	k__Bacteria;p__Firmicutes;c__Clostridia;o__Clostridiales;f__;g__Intestinimonas;s__Intestinimonas_butyriciproducens	k__Bacteria;p__Actinobacteria;c__Actinobacteria;o__Bifidobacteriales;f__Bifidobacteriaceae;g__Bifidobacterium;s__Bifidobacterium_bifidum	k__Bacteria;p__Firmicutes;c__Negativicutes;o__Veillonellales;f__Veillonellaceae;g__Dialister;s__Dialister_invisus	k__Bacteria;p__Bacteroidetes;c__Bacteroidia;o__Bacteroidales;f__Bacteroidaceae;g__Bacteroides;s__Bacteroides_salanitronis
k__Bacteria;p__Bacteroidetes;c__Bacteroidia;o__Bacteroidales;f__Bacteroidaceae;g__Bacteroides;s__Bacteroides_vulgatus	1.0	0.0707074524787	0.0330393376555	-0.0206746386631	-0.0153801523183	-0.0532247536871	0.0358565511341	-0.0123475009958	-0.00120025501747	-0.0476138840972	-0.0109322411582	-0.0452864204755	-0.0724415468002	-0.00880924142607	-0.00323237608276	-0.0338005977405	-0.0776532882191	-0.0253318736715	0.0996965742858	-0.037316641525	-0.023588927243	-0.0135001827658	0.024761919638	-0.014593763242	-0.00836097099275	-0.0116007783076	-0.0432122496874	-0.0105933526839	-0.0253711974003	-0.0870189246235	0.040435818106	-0.0234496971719	-0.00855812626668	-0.040512413952	-0.0218919312733	-0.0416832710648	0.001758947237	0.0093019973318	-0.0558202992307	0.0157779049246	-0.00373952961854	-0.0973068753197	-0.0315272646334	0.0664652392539	-0.0389410679951	-0.0230710714301	0.0548964828943	0.0107605107863	-0.025271743157	0.0424335346334	0.0411446817542	0.0121707799578	0.00502301496378	-0.02806398893	0.0291567501084	0.0148903968458	-0.0263163001477	0.0141466336956	0.0912808984163
k__Bacteria;p__Bacteroidetes;c__Bacteroidia;o__Bacteroidales;f__Bacteroidaceae;g__Bacteroides;s__Bacteroides_uniformis	0.0707074524787	1.0	0.0416590521704	-0.0165606108778	-0.052828472375	0.0249842882161	-0.0648740999337	0.0351865071318	-0.00952065696833	0.0327851614978	-0.0936239868822	0.0187051123738	-0.0156214337669	-0.0623941208078	-0.101940042569	-0.0635401164502	-0.040970072406	-0.000579136353936	0.0259125589403	0.0809107628512	0.0501007422301	0.0245518651689	0.0406585597894	-0.0926592584439	0.0315463954096	-0.0299494582525	0.00857664865548	-0.0148288281198	0.0117344317699	-0.0355087628722	-0.035654960392	-0.00271584262295	0.00847607152108	-0.0203646843058	-0.0719326736688	-0.0372983964424	-0.00243122676289	0.0313537045938	-0.0417947924459	-0.0179200337775	0.0138352548101	0.0944506720818	-0.049745294529	0.00396698378051	0.0146503168553	0.0590560770619	-0.0256152514319	0.0659864257765	0.0474274706175	0.0195527480594	-0.0472921357422	-0.0247438862559	-0.0462947938049	0.0238401637046	0.000275798307776	-0.0459938625964	-0.0758587915575	-0.0734581285844	-0.00889077801266
k__Bacteria;p__Bacteroidetes;c__Bacteroidia;o__Bacteroidales;f__Rikenellaceae;g__Alistipes;s__Alistipes_putredinis	0.0330393376555	0.0416590521704	1.0	0.0306204952771	0.00457046074294	0.0479211809103	0.0534946737028	-0.0138781756865	0.0483951217701	0.00570189960262	-0.0481443906578	-0.0648362494344	0.0167692330273	-0.024461624975	-0.0267425828396	0.0221275123241	0.00773711844425	0.00240727557584	-0.00392378157149	-0.0242968706035	-0.0495961725857	-0.0220558646092	0.0712204046529	0.0346382293205	-0.0167902472012	-0.0616679401038	-0.0354515130732	-0.0063426851505	-0.0157135923696	0.00733618144076	-0.0225737066145	-0.0155417840019	-0.0119968728866	-0.00123212702401	0.00686011835058	-0.0432644206525	0.0165733750936	0.00302565110408	-0.00236585849964	0.0177251473315	-0.053002003732	0.0267228482593	-0.0333085272878	-0.00407010771337	-0.0267265608726	-0.0686829468689	0.0183087332676	-0.00751064800622	0.028293457906	-0.00192721807989	-0.0370056250439	-0.0402615608538	0.0773393768248	-0.075919291038	-0.0817314043696	0.0323783566891	0.0533634049698	-0.0383194519481	0.0300362450824
k__Bacteria;p__Bacteroidetes;c__Bacteroidia;o__Bacteroidales;f__Prevotellaceae;g__Prevotella;s__Prevotella_copri	-0.0206746386631	-0.0165606108778	0.0306204952771	1.0	-0.0213744411712	-0.0500988535433	-0.00618612945971	0.00116546780539	-0.0423608595517	0.0210235435551	-0.00993259250455	-0.0219000971169	-0.0570947659643	0.0199957043985	-0.0165869000113	-0.0327356327164	-0.0539063082039	-0.0528124547993	-0.038851642765	0.0109966389164	-0.0333749103083	-0.0819476836034	-0.0329690540806	0.033323470294	-0.0667257539809	0.0222039806841	0.132310874262	-0.0420600616412	-0.0317702593458	-0.0228846570603	-0.0497860908629	-0.0371769294639	-0.000673540669873	-0.0607750164033	0.033532941785	0.0122411239366	-0.0165742301874	0.0016365643939	-0.00850604144928	0.0152602951674	0.0242089050412	-0.0336440452805	0.0517598952818	-0.0910002668624	-0.048108052715	0.0104177532089	-0.0257024041219	0.0530719898839	-0.0816516042617	-0.0259879662947	0.0105219640228	-0.0238794604886	-0.0754047108511	-0.0880245171702	-0.00131066512021	-0.00829579352693	0.0161792644953	0.0447843959471	0.0114944684022
k__Bacteria;p__Bacteroidetes;c__Bacteroidia;o__Bacteroidales;f__Bacteroidaceae;g__Bacteroides;s__Bacteroides_stercoris	-0.0153801523183	-0.052828472375	0.00457046074294	-0.0213744411712	1.0	-0.0611097713824	0.0192341385165	-0.0288333715995	0.00845101317221	-0.0290183197474	0.0418218037256	-0.0103937402421	0.0608212991335	0.0183106403497	0.0105416658608	0.0802562274332	0.0138788196771	0.0262429833429	0.000397834143456	-0.0223662272325	-0.0261285741911	-0.0271797029868	-0.0347641225125	0.036529059776	-0.0337733717958	-0.0385102871752	-0.0840147762661	-0.0287662580113	-0.130201671424	-0.0337601159776	-0.00675867139932	-0.0290074416401	0.0513298665163	0.0107523105748	0.00866657932727	0.000477278767231	-0.0316213673614	-0.0247204965657	-0.0656612858599	0.00877637350402	0.000383025378907	-0.0483674514822	-0.0422071552826	0.00838215594291	0.0350599468084	-0.016339456175	-0.0405688464143	-0.0172556830274	-0.0199136935695	-0.0183072023324	-0.0375310687359	0.0630512352291	-0.0054961711803	-0.0122844160712	-0.0332917066524	0.071140584175	-0.00604355239068	-0.0570499835612	-0.0342224101661
k__Bacteria;p__Bacteroidetes;c__Bacteroidia;o__Bacteroidales;f__Bacteroidaceae;g__Bacteroides;s__Bacteroides_ovatus	-0.0532247536871	0.0249842882161	0.0479211809103	-0.0500988535433	-0.0611097713824	1.0	-0.0265371705337	0.0321935349629	0.0308457783206	-0.0515026315087	-0.0671816574003	-0.04853481563	-0.021538908902	-0.0101814793725	0.0108243406053	-0.0413114581351	0.0274696474712	-0.0123740557016	-0.0588876641492	-0.0491362134011	-0.0757750022966	-0.0199535608154	-0.0367702125292	0.000387329608323	0.0245855585967	-0.031504485779	0.00934603621249	-0.0447571079129	0.043260300475	0.0566439204116	-0.0550187108792	-0.00590931023478	-0.00198793297299	-0.0213597994457	-0.0403376732694	0.0699260858535	-0.0364266314487	-0.0111106594252	0.0258594092525	0.00579568967612	0.0223044339575	0.0604585079922	-0.0280768947409	-0.0186701992917	0.0122141205429	-0.0457202332023	0.00710931489311	-0.0572738758873	0.0395779858539	-0.0267625384351	-0.0130897235913	-0.051382123411	0.0131984891059	0.010225498196	0.0145159191314	-0.00619702917007	0.0284036967774	-0.0132352604093	-0.00210490203709
k__Bacteria;p__Bacteroidetes;c__Bacteroidia;o__Bacteroidales;f__Rikenellaceae;g__Alistipes;s__Alistipes_shahii	0.0358565511341	-0.0648740999337	0.0534946737028	-0.00618612945971	0.0192341385165	-0.0265371705337	1.0	0.0434469044851	-0.0347989707858	-0.00550648715397	0.0139112078812	0.0321182423029	-0.0381485088662	-0.00519099004478	0.118687173197	-0.0347471710495	0.0114333154052	-0.00948831479275	-0.0120331929484	-0.0208081062081	-0.0365324836942	0.0366467075236	0.057136915451	-0.0464266404605	0.0123050370226	-0.0249271831323	-0.024630021811	0.0243971438808	-0.0562873420664	-0.0766027945081	-0.00440995942677	-0.0304883879815	0.0733232543619	-0.0259237908672	-0.0284790561439	-0.0434505861348	0.0137227255939	-0.0546871334585	-0.00122550822372	-0.0147947927457	-0.0162890353484	0.0177747584139	-0.0414769540464	0.0317631520378	-0.042681676782	0.0311213171209	-0.0779142907235	0.0208036018864	-0.00972940772066	-0.00944012324158	-0.0642693076686	0.0518376026727	0.100976677503	-0.010985640332	-0.0311357347025	-0.0131230135201	0.0239487126392	-0.00087040180659	-0.00332883347201
k__Bacteria;p__Firmicutes;c__Clostridia;o__Clostridiales;f__Ruminococcaceae;g__Faecalibacterium;s__Faecalibacterium_prausnitzii	-0.0123475009958	0.0351865071318	-0.0138781756865	0.00116546780539	-0.0288333715995	0.0321935349629	0.0434469044851	1.0	-0.0128403858252	-0.03508497766	-0.0203805387975	0.0307106862431	0.0205228559575	-0.0212825841944	0.0628986284393	-0.0730877466754	0.0560351274441	0.00609518368573	-0.0152176106662	-0.0607215444468	0.0292572716367	0.0346966508699	-0.00279753306707	-0.053937912561	-0.0051942682083	-0.038990003225	-0.0954740795879	-0.0204213557472	-0.0462235845424	0.0139858623507	0.00449824459219	-0.0824658848676	-0.0180444894123	0.0315141281014	0.0514601732878	-0.0659693736855	-0.00391643648758	0.0096038279211	-0.104919252055	-0.095625847853	0.0127336624714	-0.0620833495258	0.0154734527461	-0.000643126831203	0.0854086754742	-0.0328844728101	-0.0350463854173	0.00290113219515	-0.0279099680273	0.000387591761463	-0.0789066489676	0.00698153888587	-0.0107555633861	-0.0571832204579	-0.00143205225098	0.0115495081348	0.0174582791987	0.03469088362	-0.0292869276805
k__Bacteria;p__Bacteroidetes;c__Bacteroidia;o__Bacteroidales;f__Rikenellaceae;g__Alistipes;s__Alistipes_finegoldii	-0.00120025501747	-0.00952065696833	0.0483951217701	-0.0423608595517	0.00845101317221	0.0308457783206	-0.0347989707858	-0.0128403858252	1.0	0.0167480978073	0.00557937297205	-0.0104249846423	0.0229974416813	0.0388038788805	-0.000839750094548	-0.0353688524242	-0.0245549303226	-0.0293686430899	-0.0190442367657	-0.063256386582	-0.0269127788344	0.017921105636	0.0228170081002	0.0468826104009	-0.0628975181177	-0.0440982117529	0.023805547433	0.0220005592913	0.0232079501835	0.0480033641899	0.039175720536	-0.0789795756377	-0.00984690731395	-0.0109004412603	0.0723812086719	-0.00939178332691	-0.00593899397622	-0.00955925049561	-0.0522515812701	0.0641211111765	0.0251729428157	-0.000557575305495	-0.019772754538	0.0120707232624	0.0165565496088	-0.0703391591796	0.00726134485574	0.00295478687282	-0.0161467110951	-0.0575876497975	-0.0592462376977	0.00838423982602	0.0119101464644	0.0201470818267	-0.0410774802171	0.00164347291738	-0.0913697310071	-0.106675149174	-0.00951454720263
k__Bacteria;p__Bacteroidetes;c__Bacteroidia;o__Bacteroidales;f__Porphyromonadaceae;g__Parabacteroides;s__Parabacteroides_distasonis	-0.0476138840972	0.0327851614978	0.00570189960262	0.0210235435551	-0.0290183197474	-0.0515026315087	-0.00550648715397	-0.03508497766	0.0167480978073	1.0	-0.0352361096913	0.0123210515126	-0.0514719651186	-0.0242251026274	-0.0413209628462	0.00457896890869	-0.00491513976616	-0.0206419787324	0.00083929022221	0.0448271358989	-0.0677589119539	0.0435816169239	-0.0613452786383	0.0337567063017	-0.0151184788819	0.00583171649964	-0.00373544706913	0.0307592122757	0.0362475027172	-0.101241587701	0.0127832162668	0.00615113051754	-0.0668464701941	0.00533548513328	0.0271041194262	0.0616293310492	0.0417259629953	-0.0834897474054	-0.031387494046	-0.0395799676269	0.0456795348974	-0.000279642142117	0.014325435574	0.00833307595701	0.0475401803277	0.0318017202144	-0.0608661492403	-0.0419291147931	-0.0224799064947	-0.00609106638985	0.00655179996627	0.015591283545	-0.0160097919118	0.0376311051742	-0.0177391074932	-0.0424862576742	0.0495630641738	-0.060682762153	-0.0148315718237
k__Bacteria;p__Bacteroidetes;c__Bacteroidia;o__Bacteroidales;f__Bacteroidaceae;g__Bacteroides;s__Bacteroides_thetaiotaomicron	-0.0109322411582	-0.0936239868822	-0.0481443906578	-0.00993259250455	0.0418218037256	-0.0671816574003	0.0139112078812	-0.0203805387975	0.00557937297205	-0.0352361096913	1.0	0.0507954512717	-0.0349406394266	0.0485475821507	-0.00479381282111	-0.0348917933694	-0.0274847688507	0.00837002781271	-0.0132485125052	0.0297352455356	-0.0289116944387	0.0585681947479	-0.0587146825575	0.0700281491456	0.00446096876058	-0.0296277888622	0.0771363060113	-0.00426976218622	-0.0494423943557	0.00437105400836	0.0282978600896	-0.0212914077481	-0.0548033418478	0.0167094148838	-0.108867586741	-0.00167727440901	0.0034988615793	0.0593278491936	-0.0644303160581	0.00745386703316	0.0281401591964	-0.059212526332	0.00702871657902	0.0538717003313	-0.0356253400619	-0.0918555679239	-0.00692739333186	0.020361983991	-0.00920996471304	-0.00400538942419	-0.00465634899066	0.0175885146687	0.0335274453372	-0.0211387251957	0.0110303771266	0.0326110342313	0.05532887137	-0.0542150037766	0.0300109506302
k__Bacteria;p__Bacteroidetes;c__Bacteroidia;o__Bacteroidales;f__Bacteroidaceae;g__Bacteroides;s__Bacteroides_coprocola	-0.0452864204755	0.0187051123738	-0.0648362494344	-0.0219000971169	-0.0103937402421	-0.04853481563	0.0321182423029	0.0307106862431	-0.0104249846423	0.0123210515126	0.0507954512717	1.0	0.0035397029228	-0.037891456339	-0.0633508931245	0.0622852697903	0.0376083297895	-0.0254890330565	0.00855617734556	-0.0644960283891	-0.0347938952951	0.0195437724511	-0.0279078469121	-0.0176629578109	-0.0392448792224	0.062595090435	0.00220891393358	0.000699526576923	0.00628752352093	0.0378048119659	0.0175484895805	0.00406937487359	-0.0344759786114	0.0141002105024	-0.0667538559078	0.0470517099508	-0.0331793492914	0.000181671786308	-0.0289752080628	0.0128347268913	-0.0469994798671	-0.0511999278862	-0.00682613084786	0.0127635474738	-0.0606586186649	-0.053576002907	0.0166839641512	-0.0493870755987	-0.00996303169369	-0.0746407456926	-0.052089588288	0.0458405290187	-0.0672370237891	0.0246076814897	-0.016944883863	-0.0531485325306	-0.000516899146851	0.0211812807807	0.0479785473293
k__Bacteria;p__Bacteroidetes;c__Bacteroidia;o__Bacteroidales;f__Bacteroidaceae;g__Bacteroides;s__Bacteroides_cellulosilyticus	-0.0724415468002	-0.0156214337669	0.0167692330273	-0.0570947659643	0.0608212991335	-0.021538908902	-0.0381485088662	0.0205228559575	0.0229974416813	-0.0514719651186	-0.0349406394266	0.0035397029228	1.0	-0.0263099579203	-0.028005112177	0.0218809002198	0.0587303331228	-0.0456729380124	-0.013462390395	0.0290567168355	-0.0329541701998	-0.0252668377684	0.0128859945718	0.0518995995888	-0.0406579277793	0.0093743440474	0.0396575566529	0.0508921000717	-0.00513449617183	0.0492859847501	-0.00891319051181	0.00655510536963	-0.0531213327762	0.0159825770126	-0.0274540137887	0.0203945203906	-0.0341280292349	-0.0177003660499	0.00200795439458	-0.082200489213	0.0938982745776	0.0246863827544	0.0279631306533	-0.00445561178031	-0.0567329753687	-0.0104279499138	-0.0340077222803	-0.0106279045623	0.0384906796255	-0.0418147072875	-0.00336289571468	0.00431673792692	0.0518300975839	0.0516198263035	-0.0394799969938	-0.0609034703109	-0.0401495016916	-0.0179217132041	-0.0363958793863
k__Bacteria;p__Bacteroidetes;c__Bacteroidia;o__Bacteroidales;f__Rikenellaceae;g__Alistipes;s__Alistipes_obesi	-0.00880924142607	-0.0623941208078	-0.024461624975	0.0199957043985	0.0183106403497	-0.0101814793725	-0.00519099004478	-0.0212825841944	0.0388038788805	-0.0242251026274	0.0485475821507	-0.037891456339	-0.0263099579203	1.0	-0.0112132304551	0.00406585513631	-0.0412464932403	0.0311798616658	-0.0118629100355	0.000529478866183	-0.0157899907752	-0.00534699251763	-0.0373890226195	-0.00459857721817	0.000403276316535	-0.0821992777674	0.0209212891786	0.0155426293289	-0.0119467715979	0.012153060199	-0.0319251576048	-0.0152284282817	0.103262646556	0.000550937391125	0.0178798103658	-0.0577955067829	-0.0282028335523	-0.00361521208998	-0.00628549117794	-0.0226097006507	-0.0360768267724	0.0541086714212	-0.0369075375046	0.0265489368671	-0.00307735647578	-0.0082343782444	-0.0290247994414	-0.0327381283623	-0.0123058184526	0.014385544398	-0.00401235607901	-0.0537830662494	-0.0323707533225	-0.0774330231303	-0.106239390923	0.00458912482002	-0.00631085236196	0.00143682928252	0.0278543882691
k__Bacteria;p__Firmicutes;c__Clostridia;o__Clostridiales;f__Lachnospiraceae;g__;s__[Eubacterium]_rectale	-0.00323237608276	-0.101940042569	-0.0267425828396	-0.0165869000113	0.0105416658608	0.0108243406053	0.118687173197	0.0628986284393	-0.000839750094548	-0.0413209628462	-0.00479381282111	-0.0633508931245	-0.028005112177	-0.0112132304551	1.0	-0.0130670403236	-0.0177775720731	-0.000119801852804	0.00966679695431	-0.0996201974166	0.0186537226449	0.00854664724682	-0.0405095937442	0.0123346108667	-0.0129010455352	-0.00393633151675	-0.084746381265	-0.0320869038256	0.0955082535352	0.00334214047024	-0.0507946563901	-0.0619702318716	-0.0166244860836	0.0336045388739	0.0183730156118	-0.0309576015116	-0.00420496118962	-0.0190666013187	0.0211273332155	-0.0578267474175	-0.0637096696705	0.042371045374	-0.0456896239032	-0.0265341776236	-0.00295637557681	0.0158328126993	0.0103862141107	0.0122701325588	-0.013582458798	-0.0195896455206	0.0247455068541	-0.0626844990103	0.0589258114337	0.00569117699017	-0.0203946104661	-0.0226076448081	-0.0280785943942	0.0337977939036	-0.0152615182252
k__Bacteria;p__Bacteroidetes;c__Bacteroidia;o__Bacteroidales;f__Bacteroidaceae;g__Bacteroides;s__Bacteroides_plebeius	-0.0338005977405	-0.0635401164502	0.0221275123241	-0.0327356327164	0.0802562274332	-0.0413114581351	-0.0347471710495	-0.0730877466754	-0.0353688524242	0.00457896890869	-0.0348917933694	0.0622852697903	0.0218809002198	0.00406585513631	-0.0130670403236	1.0	-0.0226368270476	0.0236423071176	-0.0882605139483	-0.0674934056374	0.0373150777441	0.0543188551788	0.0224426182767	0.0277192141694	-0.0439029078571	0.02470274294	-0.0976525772284	0.0426362932598	0.0192050022461	0.0382055125832	-0.00359330568783	-0.0104403236615	-0.0278911207865	-0.00208591165009	-0.0175642334893	-0.0289642994831	-0.00106965414435	0.0631745109372	-0.0222817295417	-0.0221680511849	-0.0621913766799	0.04836714542	-0.0887173236036	0.0362696271775	-0.0346980118382	-0.025063399506	-0.0232161638552	-0.0430031346733	0.0424552349185	0.000758595125872	-0.0304069939657	-0.0545300812951	0.016191417035	-0.0260416655016	0.0401412821573	0.00992997774336	-0.0213125678037	0.0706612110162	0.00244993392218
k__Bacteria;p__Bacteroidetes;c__Bacteroidia;o__Bacteroidales;f__Bacteroidaceae;g__Bacteroides;s__Bacteroides_fragilis	-0.0776532882191	-0.040970072406	0.00773711844425	-0.0539063082039	0.0138788196771	0.0274696474712	0.0114333154052	0.0560351274441	-0.0245549303226	-0.00491513976616	-0.0274847688507	0.0376083297895	0.0587303331228	-0.0412464932403	-0.0177775720731	-0.0226368270476	1.0	-0.0422133934986	-0.0773251396894	0.00127106347539	0.021193075155	-0.0456475202026	-0.0780105560146	-0.0476779512503	-0.00433250700498	-0.013624741723	0.031613896684	0.0305376870311	0.00136898314001	-0.0220069796527	-0.0323130211598	-0.0473129714096	-0.0317104120888	0.00621302170701	-0.035034271787	-0.0238366354823	-0.0308099088581	-0.0328811242402	-0.0116295929275	-0.072631972943	0.0189162955589	-0.0232187369892	-0.0581222215179	-0.00233027092615	-0.0402303360431	0.0184892318539	0.0250772267408	0.0769254089173	-0.011756971882	-0.0404939479997	0.0455411929778	0.00653127518298	-0.0143747619281	0.00625854535363	0.0282661264794	-0.0201565889779	0.0141713504406	0.0422993796354	-0.00268135980984
k__Bacteria;p__Proteobacteria;c__Betaproteobacteria;o__Burkholderiales;f__Sutterellaceae;g__Sutterella;s__Sutterella_wadsworthensis	-0.0253318736715	-0.000579136353936	0.00240727557584	-0.0528124547993	0.0262429833429	-0.0123740557016	-0.00948831479275	0.00609518368573	-0.0293686430899	-0.0206419787324	0.00837002781271	-0.0254890330565	-0.0456729380124	0.0311798616658	-0.000119801852804	0.0236423071176	-0.0422133934986	1.0	0.0034447592059	-0.0245569418207	0.0146136499883	-0.0176075275531	-0.0438013965911	-0.00840498382401	-0.0624848180878	-0.0309203033386	-0.0353968280393	0.00248761470731	-0.0748259383182	0.0244042879241	-0.0686042196894	-0.0796657923291	0.0213615149205	0.0422468445652	0.0262113927074	0.00922628919335	-0.0180568381678	0.0496929082388	-0.0260198007525	-0.0515968110091	-0.0443674303909	0.0349642179078	-0.0804555937815	0.0140829407108	0.0396519355438	0.00348907496438	0.0258768581599	-0.0355684873442	-0.052584057656	0.0524169297834	-0.0662410814723	-0.0329048887034	0.0938543358952	0.0644576717157	0.0904139344785	0.00422411411908	-0.00475794828964	-0.0296372299471	-0.0797708204755
k__Bacteria;p__Bacteroidetes;c__Bacteroidia;o__Bacteroidales;f__Porphyromonadaceae;g__Barnesiella;s__Barnesiella_intestinihominis	0.0996965742858	0.0259125589403	-0.00392378157149	-0.038851642765	0.000397834143456	-0.0588876641492	-0.0120331929484	-0.0152176106662	-0.0190442367657	0.00083929022221	-0.0132485125052	0.00855617734556	-0.013462390395	-0.0118629100355	0.00966679695431	-0.0882605139483	-0.0773251396894	0.0034447592059	1.0	-0.0232077767913	-0.00311655046299	0.00720353578292	-0.024426272215	0.0261936693262	-0.0252261217379	-0.068830998069	0.0364057678447	-0.0544729020653	0.0287360330598	-0.00713323274301	-0.045776233747	0.0142310593633	0.0340049088658	0.0238937253164	-0.0866165780963	0.0348031555279	-0.063402179059	0.0167825250992	-0.0309754595831	0.0318559669222	0.040066757804	0.0225742580211	0.0370988386624	0.0302507724143	0.0153940899606	0.0655219046493	-0.00133287660107	-0.0262682459668	-0.0493568416993	0.0124620567076	0.00228131652863	0.0142569038046	0.0352124058409	-0.0394010878687	-0.0400839198428	0.0595801876848	0.0155575768321	-0.019652798436	-0.00456286743645
k__Bacteria;p__Bacteroidetes;c__Bacteroidia;o__Bacteroidales;f__Odoribacteraceae;g__Odoribacter;s__Odoribacter_splanchnicus	-0.037316641525	0.0809107628512	-0.0242968706035	0.0109966389164	-0.0223662272325	-0.0491362134011	-0.0208081062081	-0.0607215444468	-0.063256386582	0.0448271358989	0.0297352455356	-0.0644960283891	0.0290567168355	0.000529478866183	-0.0996201974166	-0.0674934056374	0.00127106347539	-0.0245569418207	-0.0232077767913	1.0	0.0250065323814	-0.0284075766673	-0.0185377964321	0.007055832685	0.0288051070763	-0.0268091519153	0.0470804033356	-0.0334331285868	-0.028068803555	-0.0114931983521	-0.00782665886896	0.0273621704276	0.0335637777996	0.00890512174076	0.0429685877536	0.0682903772306	0.000977639782509	-0.0232776475051	-0.0318875707381	0.012192437497	-0.043038371398	0.0205499026363	0.000657269047167	0.0823539056192	-0.00156762129452	-0.037318644746	-0.0192389758664	0.00477737126287	-0.0728949695758	0.0670430005489	0.0884065545238	-0.0938054476028	-0.0291188521303	-0.120049389241	-0.018782085906	0.0511060724532	0.0118895915779	-0.025922192862	-0.0535460824932
k__Bacteria;p__Bacteroidetes;c__Bacteroidia;o__Bacteroidales;f__Bacteroidaceae;g__Bacteroides;s__Bacteroides_salyersiae	-0.023588927243	0.0501007422301	-0.0495961725857	-0.0333749103083	-0.0261285741911	-0.0757750022966	-0.0365324836942	0.0292572716367	-0.0269127788344	-0.0677589119539	-0.0289116944387	-0.0347938952951	-0.0329541701998	-0.0157899907752	0.0186537226449	0.0373150777441	0.021193075155	0.0146136499883	-0.00311655046299	0.0250065323814	1.0	0.0135022844004	-0.00863557921051	0.00891138356849	0.0527033246334	0.0123118468566	0.0082329734208	-0.0712884921597	-0.0341059533101	-0.095934531041	0.0909737013109	-0.0327473859747	-0.0452497567205	-0.0278783839404	0.0354908421388	-0.00011167257382	-0.0246686751982	-0.0279480592601	-0.0532602324205	-0.0213580466002	0.0167042871986	0.00120931587619	0.0530033584792	-0.0699331766362	-0.00597304857878	-0.0245480229465	-0.0500962955822	-0.0826751476606	0.00593176819478	0.00446658726666	-0.0618799139599	-0.0658041311591	-0.000297178622108	-0.000464917806859	-0.028489680906	0.0258892777234	-0.0422443768505	0.02865406631	-0.0267674190448
k__Bacteria;p__Firmicutes;c__Clostridia;o__Clostridiales;f__Ruminococcaceae;g__Ruminiclostridium;s__[Eubacterium]_siraeum	-0.0135001827658	0.0245518651689	-0.0220558646092	-0.0819476836034	-0.0271797029868	-0.0199535608154	0.0366467075236	0.0346966508699	0.017921105636	0.0435816169239	0.0585681947479	0.0195437724511	-0.0252668377684	-0.00534699251763	0.00854664724682	0.0543188551788	-0.0456475202026	-0.0176075275531	0.00720353578292	-0.0284075766673	0.0135022844004	1.0	0.00328744413031	-0.0063042752202	0.032761082823	0.0474929122904	0.0209638805078	0.0154251588618	-0.0420465173541	-0.0185738718014	-0.0116443162089	0.0111841607431	-0.0357156576436	0.0718969494796	-0.00293425553492	-0.0578749759944	-0.0414720890059	-0.00285100329923	-0.0427052708582	-0.020231701305	-0.0492127973362	-0.0298712633461	-0.0495744743452	-0.00359652701632	-0.0267948235595	0.0538658048704	0.0202285561072	-0.0606015884738	-0.0122561739994	-0.0494706569703	-0.000542962105981	-0.047044027774	-0.026875742069	0.0394282585563	-0.0592929520357	0.0731590772029	-0.0569906086074	-0.0257105068749	-0.0138879203055
k__Bacteria;p__Proteobacteria;c__Betaproteobacteria;o__Burkholderiales;f__Sutterellaceae;g__Parasutterella;s__Parasutterella_excrementihominis	0.024761919638	0.0406585597894	0.0712204046529	-0.0329690540806	-0.0347641225125	-0.0367702125292	0.057136915451	-0.00279753306707	0.0228170081002	-0.0613452786383	-0.0587146825575	-0.0279078469121	0.0128859945718	-0.0373890226195	-0.0405095937442	0.0224426182767	-0.0780105560146	-0.0438013965911	-0.024426272215	-0.0185377964321	-0.00863557921051	0.00328744413031	1.0	-0.0187564718664	-0.0150312888883	-0.0177044350144	-0.0130756348197	0.057271837617	-0.0419362270487	-0.0326590157242	0.0318639123833	-0.0454606543185	0.0232368431848	0.0649738537827	-0.0325151810256	-0.0463719142689	0.0286879538802	0.0409984836028	-0.0105348321034	0.047909256266	-0.00520135851328	-0.0222147967534	-0.0436879569011	-0.0275038272899	-0.0167974492	-0.0286892778909	0.0237470738052	-0.0353956902198	0.0348550020294	-0.0808080003154	0.0329781359736	0.0367504401032	-0.0281592926927	-0.0807355236923	-0.0443276595183	0.00904491331719	-0.0333724274379	-0.0248136237733	0.0258943696912
k__Bacteria;p__Actinobacteria;c__Actinobacteria;o__Bifidobacteriales;f__Bifidobacteriaceae;g__Bifidobacterium;s__Bifidobacterium_adolescentis	-0.014593763242	-0.0926592584439	0.0346382293205	0.033323470294	0.036529059776	0.000387329608324	-0.0464266404605	-0.053937912561	0.0468826104009	0.0337567063017	0.0700281491456	-0.0176629578109	0.0518995995888	-0.00459857721817	0.0123346108667	0.0277192141694	-0.0476779512503	-0.00840498382401	0.0261936693262	0.007055832685	0.00891138356849	-0.0063042752202	-0.0187564718664	1.0	0.000412837291326	-0.111661221803	-0.0628055745058	0.0414327369799	-0.0685639103041	0.0224324068249	-0.0301405587317	0.0352575792458	0.0088828941935	0.00573606954553	-0.0125701844421	0.0220444465657	-0.00931474152945	0.0318308120477	-0.00824246435757	-0.0308291766171	0.053922127035	-0.0532621576309	-0.0968667390069	-0.0261468174282	-0.0140719202059	-0.0191941867736	-0.023086299805	0.00357664858195	-0.00650020283694	0.0369104814485	0.00952015739716	0.0138852530928	0.055573627576	0.0239899096407	-0.0133077300286	-0.00729331052114	-0.0405932684622	-0.000899345330815	0.00783420010602
k__Bacteria;p__Firmicutes;c__Clostridia;o__Clostridiales;f__Oscillospiraceae;g__Oscillibacter;s__Oscillibacter_sp._KLE_1745	-0.00836097099275	0.0315463954096	-0.0167902472012	-0.0667257539809	-0.0337733717958	0.0245855585967	0.0123050370226	-0.0051942682083	-0.0628975181177	-0.0151184788819	0.00446096876058	-0.0392448792224	-0.0406579277793	0.000403276316535	-0.0129010455352	-0.0439029078571	-0.00433250700498	-0.0624848180878	-0.0252261217379	0.0288051070763	0.0527033246334	0.032761082823	-0.0150312888883	0.000412837291326	1.0	0.0629830909374	-0.0339791221795	0.000595675319552	-0.0118846150074	0.00619580251749	0.0694296742679	0.034396206237	0.000683729762828	-0.0029799220896	-0.0319310000611	-0.02495241586	-0.00270516335737	-0.00632197645152	6.17350216956e-06	0.00203616233549	0.0225024084348	-0.0486722495492	-0.0160118844211	0.0802936116028	-0.0172109678362	-0.0182937199941	-0.0557540512325	0.00891046763096	-0.00263065350394	-0.0149118831595	-0.0726127695072	0.0244384828782	-0.0379189324969	-0.0252001767436	-0.0975261373084	-0.0104805176226	0.0185455005979	-0.0692980402601	-0.00388712930982
k__Bacteria;p__Bacteroidetes;c__Bacteroidia;o__Bacteroidales;f__Bacteroidaceae;g__Bacteroides;s__Bacteroides_coprophilus	-0.0116007783076	-0.0299494582525	-0.0616679401038	0.0222039806841	-0.0385102871752	-0.031504485779	-0.0249271831323	-0.038990003225	-0.0440982117529	0.00583171649964	-0.0296277888622	0.062595090435	0.0093743440474	-0.0821992777674	-0.00393633151675	0.02470274294	-0.013624741723	-0.0309203033386	-0.068830998069	-0.0268091519153	0.0123118468566	0.0474929122904	-0.0177044350144	-0.111661221803	0.0629830909374	1.0	0.0211337691187	-0.105252651847	0.0262266667387	-0.0289234009781	0.0232647683719	-0.0581969887835	0.0429750778057	-0.0419449872322	-0.00800584677725	0.0487296142467	0.0292375151963	-0.0133242834639	-0.0128135505675	-0.0708722229313	0.03809353488	-0.0431009529533	0.0307863831426	-0.00371259659668	-0.0183765219361	-0.01665945129	-0.0929100634667	-0.011969291212	0.0460596957541	-0.0469989617975	0.0240104108719	-0.0339258283399	-0.0379063041419	-0.0142735124236	0.0701022252598	0.089529287247	-0.0131189049684	0.0182747146503	0.0124475991175
k__Bacteria;p__Firmicutes;c__Clostridia;o__Clostridiales;f__Lachnospiraceae;g__Roseburia;s__Roseburia_intestinalis	-0.0432122496874	0.00857664865548	-0.0354515130732	0.132310874262	-0.0840147762661	0.00934603621249	-0.024630021811	-0.0954740795879	0.023805547433	-0.00373544706913	0.0771363060113	0.00220891393358	0.0396575566529	0.0209212891786	-0.084746381265	-0.0976525772284	0.031613896684	-0.0353968280393	0.0364057678447	0.0470804033356	0.0082329734208	0.0209638805078	-0.0130756348197	-0.0628055745058	-0.0339791221795	0.0211337691187	1.0	0.00404559780696	7.0730685576e-05	-0.0642984952108	-0.025950292218	0.0429026391968	-0.029727204156	0.0598929883721	0.0227120945243	-0.0112102068119	-0.00372316064045	-0.000282740479452	0.0338087451103	0.00794115375897	-0.0363667604422	-0.0369295298417	0.0439117913651	0.0258290745896	-0.06834838989	-0.00309117834177	-0.00603951942557	-0.0878320474122	-0.0352456693846	0.0262345043806	0.0416193776363	-0.0709016372825	-0.0069025574568	-0.0569214869083	-0.0634771903056	-0.0814434112026	0.0066130712858	0.0563475257581	-0.0428594661301
k__Bacteria;p__Firmicutes;c__Clostridia;o__Clostridiales;f__Lachnospiraceae;g__Roseburia;s__Roseburia_hominis	-0.0105933526839	-0.0148288281198	-0.0063426851505	-0.0420600616412	-0.0287662580113	-0.0447571079129	0.0243971438808	-0.0204213557472	0.0220005592913	0.0307592122757	-0.00426976218622	0.000699526576923	0.0508921000717	0.0155426293289	-0.0320869038256	0.0426362932598	0.0305376870311	0.00248761470731	-0.0544729020653	-0.0334331285868	-0.0712884921597	0.0154251588618	0.057271837617	0.0414327369799	0.000595675319552	-0.105252651847	0.00404559780696	1.0	0.0185394765839	0.0122682663173	0.00149202309709	-0.0166423675605	-0.0400464844271	-0.0193040320294	-0.0676848712663	-0.10188671715	0.0101841675067	-0.0545619668268	-0.0515140377083	0.00996841300202	-0.0543383614411	-0.065154653925	0.0236509562309	-0.0511035762903	0.00759631736416	-0.0299182366622	-0.0221858112936	0.0282971408723	0.0510488151376	0.0554739100979	-0.0484476065237	0.0274157570211	0.0277255376569	-0.0112169037617	-0.0746951041956	-0.0439456202714	-0.0380774362392	0.00794376968754	-0.00264843338147
k__Bacteria;p__Bacteroidetes;c__Bacteroidia;o__Bacteroidales;f__Porphyromonadaceae;g__Parabacteroides;s__Parabacteroides_johnsonii	-0.0253711974003	0.0117344317699	-0.0157135923696	-0.0317702593458	-0.130201671424	0.043260300475	-0.0562873420664	-0.0462235845424	0.0232079501835	0.0362475027172	-0.0494423943557	0.00628752352093	-0.00513449617183	-0.0119467715979	0.0955082535352	0.0192050022461	0.00136898314001	-0.0748259383182	0.0287360330598	-0.028068803555	-0.0341059533101	-0.0420465173541	-0.0419362270487	-0.0685639103041	-0.0118846150074	0.0262266667387	7.0730685576e-05	0.0185394765839	1.0	0.008673585652	0.0845143613676	-0.0297690521561	-0.0669804314796	-0.0512057050824	-0.000143674686879	0.0114568681345	0.00173558937865	-0.0470470527114	-0.0142329211452	-0.00836987780944	0.0462110476675	0.0243845244249	-0.0352308531202	0.0404648639956	-0.00992140385151	0.0352961006202	-0.0527267571058	-0.0251251916391	-0.0154681841302	-0.0996202562945	0.0250861248076	0.0378556254662	-0.0160640499256	-0.00231195305856	0.00897344225342	0.0776354240874	0.0200642085652	-0.0394946383963	-0.0113909594525
k__Bacteria;p__Actinobacteria;c__Actinobacteria;o__Bifidobacteriales;f__Bifidobacteriaceae;g__Bifidobacterium;s__Bifidobacterium_longum	-0.0870189246235	-0.0355087628722	0.00733618144076	-0.0228846570603	-0.0337601159776	0.0566439204116	-0.0766027945081	0.0139858623507	0.0480033641899	-0.101241587701	0.00437105400836	0.0378048119659	0.0492859847501	0.012153060199	0.00334214047024	0.0382055125832	-0.0220069796527	0.0244042879241	-0.00713323274301	-0.0114931983521	-0.095934531041	-0.0185738718014	-0.0326590157242	0.0224324068249	0.00619580251749	-0.0289234009781	-0.0642984952108	0.0122682663173	0.008673585652	1.0	-0.0446262699826	-0.0696561715188	-0.0341844267625	0.000366043053981	-0.0362530210613	-0.0111770588031	-0.0306747958555	0.00657927048042	0.00505289545948	0.0742051110917	0.0261550579027	-0.00124280261747	0.00195078151923	0.0343181650578	0.0356237943634	-0.00748708385887	-0.00892179546381	0.0153943908923	0.0164304056123	-0.00146847683049	0.0273085322707	-0.0680952572613	-0.0281821427787	-0.0197259279041	-0.00269473139541	-0.0223568726891	0.0385154629119	-0.0108487488549	-0.06700058295
