#taxonomy	k__Bacteria;p__Bacteroidetes;c__Bacteroidia;o__Bacteroidales;f__Bacteroidaceae;g__Bacteroides;s__Bacteroides_vulgatus	k__Bacteria;p__Bacteroidetes;c__Bacteroidia;o__Bacteroidales;f__Bacteroidaceae;g__Bacteroides;s__Bacteroides_uniformis	k__Bacteria;p__Bacteroidetes;c__Bacteroidia;o__Bacteroidales;f__Rikenellaceae;g__Alistipes;s__Alistipes_putredinis	k__Bacteria;p__Bacteroidetes;c__Bacteroidia;o__Bacteroidales;f__Prevotellaceae;g__Prevotella;s__Prevotella_copri	k__Bacteria;p__Bacteroidetes;c__Bacteroidia;o__Bacteroidales;f__Bacteroidaceae;g__Bacteroides;s__Bacteroides_stercoris	k__Bacteria;p__Bacteroidetes;c__Bacteroidia;o__Bacteroidales;f__Bacteroidaceae;g__Bacteroides;s__Bacteroides_ovatus	k__Bacteria;p__Bacteroidetes;c__Bacteroidia;o__Bacteroidales;f__Rikenellaceae;g__Alistipes;s__Alistipes_shahii	k__Bacteria;p__Firmicutes;c__Clostridia;o__Clostridiales;f__Ruminococcaceae;g__Faecalibacterium;s__Faecalibacterium_prausnitzii	k__Bacteria;p__Bacteroidetes;c__Bacteroidia;o__Bacteroidales;f__Rikenellaceae;g__Alistipes;s__Alistipes_finegoldii	k__Bacteria;p__Bacteroidetes;c__Bacteroidia;o__Bacteroidales;f__Porphyromonadaceae;g__Parabacteroides;s__Parabacteroides_distasonis	k__Bacteria;p__Bacteroidetes;c__Bacteroidia;o__Bacteroidales;f__Bacteroidaceae;g__Bacteroides;s__Bacteroides_thetaiotaomicron	k__Bacteria;p__Bacteroidetes;c__Bacteroidia;o__Bacteroidales;f__Bacteroidaceae;g__Bacteroides;s__Bacteroides_coprocola	k__Bacteria;p__Bacteroidetes;c__Bacteroidia;o__Bacteroidales;f__Bacteroidaceae;g__Bacteroides;s__Bacteroides_cellulosilyticus	k__Bacteria;p__Bacteroidetes;c__Bacteroidia;o__Bacteroidales;f__Rikenellaceae;g__Alistipes;s__Alistipes_obesi	k__Bacteria;p__Firmicutes;c__Clostridia;o__Clostridiales;f__Lachnospiraceae;g__;s__[Eubacterium]_rectale	k__Bacteria;p__Bacteroidetes;c__Bacteroidia;o__Bacteroidales;f__Bacteroidaceae;g__Bacteroides;s__Bacteroides_plebeius	k__Bacteria;p__Bacteroidetes;c__Bacteroidia;o__Bacteroidales;f__Bacteroidaceae;g__Bacteroides;s__Bacteroides_fragilis	k__Bacteria;p__Proteobacteria;c__Betaproteobacteria;o__Burkholderiales;f__Sutterellaceae;g__Sutterella;s__Sutterella_wadsworthensis	k__Bacteria;p__Bacteroidetes;c__Bacteroidia;o__Bacteroidales;f__Porphyromonadaceae;g__Barnesiella;s__Barnesiella_intestinihominis	k__Bacteria;p__Bacteroidetes;c__Bacteroidia;o__Bacteroidales;f__Odoribacteraceae;g__Odoribacter;s__Odoribacter_splanchnicus	k__Bacteria;p__Bacteroidetes;c__Bacteroidia;o__Bacteroidales;f__Bacteroidaceae;g__Bacteroides;s__Bacteroides_salyersiae	k__Bacteria;p__Firmicutes;c__Clostridia;o__Clostridiales;f__Ruminococcaceae;g__Ruminiclostridium;s__[Eubacterium]_siraeum	k__Bacteria;p__Proteobacteria;c__Betaproteobacteria;o__Burkholderiales;f__Sutterellaceae;g__Parasutterella;s__Parasutterella_excrementihominis	k__Bacteria;p__Actinobacteria;c__Actinobacteria;o__Bifidobacteriales;f__Bifidobacteriaceae;g__Bifidobacterium;s__Bifidobacterium_adolescentis	k__Bacteria;p__Firmicutes;c__Clostridia;o__Clostridiales;f__Oscillospiraceae;g__Oscillibacter;s__Oscillibacter_sp._KLE_1745	k__Bacteria;p__Bacteroidetes;c__Bacteroidia;o__Bacteroidales;f__Bacteroidaceae;g__Bacteroides;s__Bacteroides_coprophilus	k__Bacteria;p__Firmicutes;c__Clostridia;o__Clostridiales;f__Lachnospiraceae;g__Roseburia;s__Roseburia_intestinalis	k__Bacteria;p__Firmicutes;c__Clostridia;o__Clostridiales;f__Lachnospiraceae;g__Roseburia;s__Roseburia_hominis	k__Bacteria;p__Bacteroidetes;c__Bacteroidia;o__Bacteroidales;f__Porphyromonadaceae;g__Parabacteroides;s__Parabacteroides_johnsonii	k__Bacteria;p__Actinobacteria;c__Actinobacteria;o__Bifidobacteriales;f__Bifidobacteriaceae;g__Bifidobacterium;s__Bifidobacterium_longum	k__Bacteria;p__Firmicutes;c__Clostridia;o__Clostridiales;f__;g__Flavonifractor;s__Flavonifractor_plautii	k__Bacteria;p__Firmicutes;c__Clostridia;o__Clostridiales;f__Clostridiaceae;g__Clostridium;s__Clostridium_phoceensis	k__Bacteria;p__Verrucomicrobia;c__Verrucomicrobiae;o__Verrucomicrobiales;f__Akkermansiaceae;g__Akkermansia;s__Akkermansia_muciniphila	k__Bacteria;p__Bacteroidetes;c__Bacteroidia;o__Bacteroidales;f__Prevotellaceae;g__Paraprevotella;s__Paraprevotella_xylaniphila	k__Bacteria;p__Firmicutes;c__Clostridia;o__Clostridiales;f__Ruminococcaceae;g__Ruminococcus;s__Ruminococcus_callidus	k__Bacteria;p__Bacteroidetes;c__Bacteroidia;o__Bacteroidales;f__Rikenellaceae;g__Alistipes;s__Alistipes_senegalensis	k__Bacteria;p__Firmicutes;c__Clostridia;o__Clostridiales;f__Lachnospiraceae;g__Blautia;s__Blautia_sp._KLE_1732	k__Bacteria;p__Bacteroidetes;c__Bacteroidia;o__Bacteroidales;f__Bacteroidaceae;g__Bacteroides;s__Bacteroides_oleiciplenus	k__Bacteria;p__Firmicutes;c__Clostridia;o__Clostridiales;f__Ruminococcaceae;g__Ruminococcus;s__Ruminococcus_bicirculans	k__Bacteria;p__Bacteroidetes;c__Bacteroidia;o__Bacteroidales;f__Bacteroidaceae;g__Bacteroides;s__Bacteroides_fluxus	k__Bacteria;p__Bacteroidetes;c__Bacteroidia;o__Bacteroidales;f__Prevotellaceae;g__Prevotella;s__Prevotella_stercorea	k__Bacteria;p__Firmicutes;c__Clostridia;o__Clostridiales;f__Lachnospiraceae;g__Dorea;s__Dorea_longicatena	k__Bacteria;p__Firmicutes;c__Clostridia;o__Clostridiales;f__Eubacteriaceae;g__Eubacterium;s__[Eubacterium]_eligens	k__Bacteria;p__Firmicutes;c__Clostridia;o__Clostridiales;f__Ruminococcaceae;g__;s__Ruminococcaceae_bacterium_D16	k__Bacteria;p__Firmicutes;c__Clostridia;o__Clostridiales;f__Lachnospiraceae;g__Coprococcus;s__Coprococcus_comes	k__Bacteria;p__Proteobacteria;c__Gammaproteobacteria;o__Enterobacterales;f__Enterobacteriaceae;g__Escherichia;s__Escherichia_coli	k__Bacteria;p__Firmicutes;c__Clostridia;o__Clostridiales;f__Ruminococcaceae;g__Anaerotruncus;s__Anaerotruncus_colihominis	k__Bacteria;p__Firmicutes;c__Clostridia;o__Clostridiales;f__Lachnospiraceae;g__Blautia;s__Blautia_obeum	k__Bacteria;p__Bacteroidetes;c__Bacteroidia;o__Bacteroidales;f__Odoribacteraceae;g__Odoribacter;s__Odoribacter_laneus	k__Bacteria;p__Firmicutes;c__Clostridia;o__Clostridiales;f__Ruminococcaceae;g__Ruminiclostridium;s__[Clostridium]_leptum	k__Bacteria;p__Bacteroidetes;c__Bacteroidia;o__Bacteroidales;f__Porphyromonadaceae;g__Parabacteroides;s__Parabacteroides_goldsteinii	k__Bacteria;p__Firmicutes;c__Clostridia;o__Clostridiales;f__Lachnospiraceae;g__Anaerostipes;s__Anaerostipes_hadrus	k__Bacteria;p__Firmicutes;c__Clostridia;o__Clostridiales;f__Ruminococcaceae;g__Ruminococcus;s__Ruminococcus_lactaris	k__Bacteria;p__Firmicutes;c__Clostridia;o__Clostridiales;f__Clostridiaceae;g__Clostridium;s__Clostridium_sp._L2-50	k__Bacteria;p__Firmicutes;c__Clostridia;o__Clostridiales;f__Clostridiaceae;g__Clostridium;s__Clostridium_sp._M62/1	k__Bacteria;p__Firmicutes;c__Clostridia;o__Clostridiales;f__;g__Intestinimonas;s__Intestinimonas_butyriciproducens	k__Bacteria;p__Actinobacteria;c__Actinobacteria;o__Bifidobacteriales;f__Bifidobacteriaceae;g__Bifidobacterium;s__Bifidobacterium_bifidum	k__Bacteria;p__Firmicutes;c__Negativicutes;o__Veillonellales;f__Veillonellaceae;g__Dialister;s__Dialister_invisus	k__Bacteria;p__Bacteroidetes;c__Bacteroidia;o__Bacteroidales;f__Bacteroidaceae;g__Bacteroides;s__Bacteroides_salanitronis
k__Bacteria;p__Bacteroidetes;c__Bacteroidia;o__Bacteroidales;f__Bacteroidaceae;g__Bacteroides;s__Bacteroides_vulgatus	1.0	0.0215596556238	-0.00982321093071	-0.0247344868425	-0.0283391585246	-0.0186802428773	0.064610305153	0.00115304908279	0.0378127006103	-0.034267910359	-0.0869742878292	-0.0366357669594	-0.000273407448478	-0.0595452482208	-5.50734730815e-05	-0.0569000053433	0.0379173435042	-0.0210175732418	-0.0208490453914	0.0168337196689	-0.00322017561603	-0.0541362379138	0.0379491297322	-0.0192153081301	-0.0553975628704	-0.023066324123	-0.0231493121735	-0.019206462055	-0.067213912972	-0.00497689172781	-0.0795692953574	0.0103311839392	-0.0233163431752	-0.0161705887717	-0.0220088012019	-0.0287900758807	-0.0118653689018	-0.021431033295	0.0293112512483	0.0357457984043	-0.0117785405996	0.00388271503322	-0.0152203676215	0.00520493931232	-0.0538052361806	-0.0284996806645	0.0741995724748	-0.000991387650084	0.0086680497328	-0.0282891235164	0.037391969869	0.0149450995615	-0.0138413273497	0.0203784591559	-0.0442889821945	-0.045137678001	-6.27936929513e-05	-0.00169132855167	0.0175811492198
k__Bacteria;p__Bacteroidetes;c__Bacteroidia;o__Bacteroidales;f__Bacteroidaceae;g__Bacteroides;s__Bacteroides_uniformis	0.0215596556238	1.0	0.0350076719243	-0.0353033768969	-0.0133404817002	-0.0211832790388	0.0309647901375	0.0241615833737	-0.0159213261689	0.0378332235421	-0.0100621138055	-0.0626492889144	-0.020300725056	-0.0313961614933	-0.0253151427315	-0.00974526714442	0.012417185502	-0.0668329293345	0.0032139313295	-0.00982448060482	0.0365014519332	0.0270401275799	-0.0271222579427	-0.0218452706855	0.0616193232031	-0.0709041699338	-0.00768302612794	-0.000130848245901	0.0334318031292	0.0466468861821	0.0167461369464	-0.00696971454316	-0.0388971708489	-0.0027803032121	0.0175466859091	-0.0176087286523	-0.0348746228237	-0.0645324516828	-0.0664169786188	0.00676820543848	-0.113894890775	0.0405138011528	0.0189374599083	0.0218977696277	0.0186007025111	-0.0189313655034	-0.0358400039555	-0.025826496571	-0.0498704238401	-0.0864250969913	0.0213288101621	0.0248405348268	0.00580426977327	-0.0282387388711	-0.0116982732023	-0.0953533741053	0.0192615820529	-0.0377432647923	-0.0258496400404
k__Bacteria;p__Bacteroidetes;c__Bacteroidia;o__Bacteroidales;f__Rikenellaceae;g__Alistipes;s__Alistipes_putredinis	-0.00982321093071	0.0350076719243	1.0	0.0437545065647	0.0618179123409	-0.00637370214915	-0.0367147373808	-0.0652467421405	0.036050429546	-0.0330725482279	0.0348774822634	-0.0225176371432	-0.0587243151031	-0.0398027440761	-0.036734471304	0.0292197029948	0.0336004521369	0.0179116172706	-0.0150556582615	-0.0643897864021	0.060903096857	0.0127303563335	0.0166910166142	-0.0408877037408	-0.0448991592921	0.0493259441117	0.0148776120177	0.057827615259	0.026303755606	0.0450387504456	-0.0183226803495	-0.0635907490303	0.0189102690656	-0.00450332752653	0.0227868061985	0.0595649949339	-0.075316956348	-0.045714224897	-0.0117284108267	-0.0674249031878	-0.0129552366538	-0.0141010528733	-0.0381585863566	-0.0293687161865	-0.0134838812309	-0.0433766474854	-0.0171593198605	0.0611852786737	-0.0772380568636	-0.0627972622615	0.0391873208555	0.0167083944366	-0.0817390482171	-0.000551105739422	0.0311756327737	-0.0223879853861	0.00823407327623	-0.0390526859486	0.00807796844995
k__Bacteria;p__Bacteroidetes;c__Bacteroidia;o__Bacteroidales;f__Prevotellaceae;g__Prevotella;s__Prevotella_copri	-0.0247344868425	-0.0353033768969	0.0437545065647	1.0	-0.0391692594767	-0.0482188742651	-0.0283755902611	-0.0505245321319	-0.00296159173033	0.0142015847008	0.00849344349349	0.0325240628478	-0.082193632065	-0.0141162000667	-0.0593727329327	-0.0085175645126	0.0202557560002	-0.0324567937443	-0.0136961894957	-0.0120498181	-0.0370799530746	-0.017423092771	-0.0555118467012	-0.0302415836886	0.0193236578683	-0.0171672705485	-0.0516005775174	0.0512707982248	0.055935621995	0.0326758014147	0.010402001797	-0.0040641826737	0.0296167758325	-0.071907512076	-0.0231487644175	0.0330614412352	-0.0825971621406	-0.0203684696233	-0.0245242421804	0.0141488465726	0.00168054755307	0.00768002007179	0.00426936521672	-0.00387422707288	0.00933196305777	0.0130239358578	-0.0216576202791	-0.0111058879926	-0.0953605997588	0.089877337146	-0.0188095021589	-0.033443449343	0.0272014920165	0.0464823015807	-0.0024875598764	0.0265508414969	-0.0154105838737	0.0251860287936	0.00292835601252
k__Bacteria;p__Bacteroidetes;c__Bacteroidia;o__Bacteroidales;f__Bacteroidaceae;g__Bacteroides;s__Bacteroides_stercoris	-0.0283391585246	-0.0133404817002	0.0618179123409	-0.0391692594767	1.0	0.00103429067695	-0.0311930814652	0.0522599802113	0.0130486115665	-0.0056523354363	-0.0457170329484	-0.00991310764846	-0.00811301964957	0.0299424587223	-0.0039372942885	0.0595088078664	-0.00639348828553	0.012840476075	-0.00154773755876	-0.0415166798402	-0.08092676102	0.0019868754898	-0.0698123480695	-0.0832266550182	-0.0346240725395	-0.0480043370328	-0.00588937465105	-0.0363562110837	-0.0348459285719	0.0208066591672	0.0185164326783	-0.0443802090416	-0.021660843644	0.00775081713671	-0.0493399538787	0.0391480026821	-0.0240670845958	0.0699528171441	-0.0355195747613	0.0832684769666	-0.00826935774727	-0.105173344822	0.0392745254315	-0.0962076993541	-0.0710953335089	-0.0197371370687	-0.0793444909437	0.0433631562722	-0.0350458938571	0.0202106988052	0.0711867781326	0.0570351918806	0.01155005951	-0.0500771107407	0.0131074695997	0.0688047421746	0.00615257609494	-0.0403857756095	-0.0426304212805
k__Bacteria;p__Bacteroidetes;c__Bacteroidia;o__Bacteroidales;f__Bacteroidaceae;g__Bacteroides;s__Bacteroides_ovatus	-0.0186802428773	-0.0211832790388	-0.00637370214915	-0.0482188742651	0.00103429067695	1.0	0.000368037411833	0.0562014989566	0.0275729078474	-0.0978738290862	0.0178737747948	0.012310708321	-0.0213177922407	-0.11383755577	0.0217055579576	-0.069160300253	-0.0156970492784	-0.0256787968775	-0.0486201803312	-0.0617535542035	-0.00345387910183	-0.0489874085428	0.0461600176914	-0.0174091296369	-0.0327997449032	0.00409004995474	0.00142231074084	-0.0012400484547	0.03403300042	-0.0112624231183	-0.0942223718735	-0.0326569705172	0.0432275257249	-0.0318937029218	-0.0249715331643	0.0474862400702	0.0922104775008	-0.020379658314	-0.0181220798367	-0.0431618135873	0.033670775968	0.013799189595	-0.0361746540404	-0.0369165961243	-0.0220568761844	0.00536719737355	-0.083246758855	-0.0765248468247	0.0685107911153	0.0183640564307	-0.0374476227951	-0.0313650155201	0.0481769763894	-0.0287338715203	-0.0343974072736	0.0552805928335	0.0232999160751	-0.0641181586862	-0.0743852960788
k__Bacteria;p__Bacteroidetes;c__Bacteroidia;o__Bacteroidales;f__Rikenellaceae;g__Alistipes;s__Alistipes_shahii	0.064610305153	0.0309647901375	-0.0367147373808	-0.0283755902611	-0.0311930814652	0.000368037411833	1.0	-0.034458144659	-0.00277673777327	-0.0250918311031	0.0174411252804	-0.00498982987548	0.0538331183342	0.00684768742876	-0.0290028220944	-0.0420932277576	0.00817104218834	0.0305732758334	-0.0209507275125	-0.0292272359952	0.00196005305435	0.0176641650289	0.0419708490312	-0.0655255057005	0.0153066540561	-0.00650498855729	0.0458223338937	-0.00823572255323	0.000605208731168	0.0116540547489	0.00786876912895	0.017227654626	-0.00014428882544	-0.0148415932959	-0.036951256152	-0.0634179711131	-0.0243539436783	0.0368493252644	0.00711456313936	-0.0259193873225	0.0321214021022	0.0179620552148	-0.00150980832586	-0.0677230124847	-0.0307002237441	0.03198345981	0.000415002698347	0.0600121769217	-0.0380074309001	-0.0124334052391	0.0587513062829	-0.0262556198591	-0.0263363867477	0.022698476358	-0.0415587979277	-0.0953143118595	-0.0488346150239	-0.0930764926214	0.0171056009631
k__Bacteria;p__Firmicutes;c__Clostridia;o__Clostridiales;f__Ruminococcaceae;g__Faecalibacterium;s__Faecalibacterium_prausnitzii	0.00115304908279	0.0241615833737	-0.0652467421405	-0.0505245321319	0.0522599802113	0.0562014989566	-0.034458144659	1.0	-0.00827141401652	0.0383802984216	0.0311587064499	-0.00208715365883	-0.0161443698014	0.021628309195	-0.0447862479402	-0.035004061278	-0.00820932668232	-0.0272611406812	0.0624732042325	-0.0726612669731	-0.0327282882559	0.00792011465285	0.0181047348597	-0.0748025116647	0.0477790843545	-0.00922342370898	0.00990655323399	-0.00405835169622	-0.0309640854218	0.106060084954	0.0135653675019	-0.0623937546021	0.0156135097022	-0.0424250587664	0.0267737233248	-0.0124277491603	0.0206913691271	-0.0773306290193	-0.0329280348228	0.0238155897308	-0.0776105412968	0.0217235217864	0.0100487781454	0.012905099385	0.0185865429795	0.018553786916	-0.0300398197038	0.00475531145137	-0.107881706292	-0.041394331698	-0.00513172975685	-0.00364492797005	0.0188643126392	-0.00715716553655	-0.00405096922881	-0.0376954042394	-0.0566358683417	0.024428747237	0.00672042993888
k__Bacteria;p__Bacteroidetes;c__Bacteroidia;o__Bacteroidales;f__Rikenellaceae;g__Alistipes;s__Alistipes_finegoldii	0.0378127006103	-0.0159213261689	0.036050429546	-0.00296159173033	0.0130486115665	0.0275729078474	-0.00277673777327	-0.00827141401652	1.0	0.0343692116112	0.0483629524374	0.0089319731721	-0.0447812239251	0.0205837489795	-0.0442770789693	0.00603633700163	0.0257216793506	-0.0843278323514	0.0316857408419	-0.00207049515615	0.00777237151282	0.0158704953326	0.0401951056935	0.0478363358227	-0.0252113527547	-0.0323062522303	-0.0157188660451	0.0152095748902	-0.0940859168601	0.0057517723057	-0.0273799171301	-0.029504156511	-0.069404905502	-0.00287261403898	-0.0306790140305	0.00684287429705	0.0327323291994	-0.0358739012773	-0.0808476357796	-0.0902777625002	-0.036352789148	-0.0141524511511	-0.0316125201722	-0.0228494034919	-0.0391197777287	-0.0451749146844	-0.0226760028634	0.00730432896907	0.00856883231703	-0.0141247012134	-0.0105725106039	-0.0475977757389	-0.00787581614581	0.0263331780384	0.0532330329015	-0.0244671638997	-0.060926275694	-0.032376268545	-0.00527853828637
k__Bacteria;p__Bacteroidetes;c__Bacteroidia;o__Bacteroidales;f__Porphyromonadaceae;g__Parabacteroides;s__Parabacteroides_distasonis	-0.034267910359	0.0378332235421	-0.0330725482279	0.0142015847008	-0.0056523354363	-0.0978738290862	-0.0250918311031	0.0383802984216	0.0343692116112	1.0	0.000870476341922	-0.0276605723048	-0.0198607856062	-0.0131842253137	-0.0285054314811	-0.0239022065697	-0.0184470307019	-0.00254446729164	0.00342976333805	-0.0166123224623	-0.0666379987406	-0.0856990742624	-0.0313513596077	-0.0335622810842	-0.0545973284298	-0.0861764629877	-0.0211010334126	0.0290973611823	-0.0204130702354	0.0342648721706	0.0170325535753	-0.0414638743021	-0.128712103758	0.00582041176586	-0.0110367760226	-0.0807971643511	0.0964628554937	-0.0422084322028	0.0084555013656	0.0116157948384	-0.0263625859177	-0.0835242939333	0.00190625965699	-0.0285157425855	0.00294391306068	-0.0788749611784	0.0329461304493	0.0253364569259	-0.121993710334	0.00816737468816	-0.0943646300939	0.0386926043362	-0.0241145490914	0.0408536374883	0.0289852172269	0.0903467447331	0.00297798544583	-0.0158750625819	0.0210456420472
k__Bacteria;p__Bacteroidetes;c__Bacteroidia;o__Bacteroidales;f__Bacteroidaceae;g__Bacteroides;s__Bacteroides_thetaiotaomicron	-0.0869742878292	-0.0100621138055	0.0348774822634	0.00849344349349	-0.0457170329484	0.0178737747948	0.0174411252804	0.0311587064499	0.0483629524374	0.000870476341922	1.0	-0.0703847349011	-0.0425603577231	-0.0268682135573	-0.000701566687444	-0.0666373995821	-0.0111205717542	-0.061281068234	-0.00406649309024	0.0190443682252	0.00360600470948	-0.0205266425993	0.0889320789647	0.017868378914	0.068402684043	-0.033520434725	-0.0102929375421	-0.00411701311985	-0.00292593363587	-0.0178971063943	0.00100457451383	-0.0139964997604	-0.000131142842971	-0.000782981972928	0.0192549916965	-0.000693834647611	-0.0371043529718	-0.0360866042225	-0.0368965336916	-0.0480233627409	0.0206318466789	0.0236672952604	0.0241745205432	-0.00561647074034	-0.0670215407364	-0.00156092686579	-0.0386276267267	0.0238217143059	0.0176250194104	-0.00232205227182	0.0148774458808	-0.0850125667521	0.00221577781018	0.00435109939623	0.0162710262149	0.0418931514655	-0.00450752359279	0.0106181896089	-0.0777846053172
k__Bacteria;p__Bacteroidetes;c__Bacteroidia;o__Bacteroidales;f__Bacteroidaceae;g__Bacteroides;s__Bacteroides_coprocola	-0.0366357669594	-0.0626492889144	-0.0225176371432	0.0325240628478	-0.00991310764846	0.012310708321	-0.00498982987548	-0.00208715365883	0.0089319731721	-0.0276605723048	-0.0703847349011	1.0	0.0179573210254	-0.0488367859625	0.0315873933622	-0.0867611893353	0.0217145105664	-0.0707975323017	0.011062680059	-0.031964558571	-0.091960086472	0.0017404051184	0.065047949134	-0.0131793305716	0.0190488066506	0.0464998966204	-0.0272632353546	0.0284423424326	0.029656964496	-0.0239489052325	0.026469862348	-0.0114999670129	-0.0175104030074	0.0331200636023	-0.0515934994678	-0.0594994821016	0.00961133330454	-0.0209835325519	0.0520017053651	-0.0106897506055	-0.00377895426694	0.0297396522152	0.00131611754372	-0.028306953663	0.00270217524363	-0.0296247525031	0.0306535196057	-0.0723349778652	-0.0501936135522	-0.0437181997688	0.0605206732746	-0.0541828809333	-0.0779074538969	0.0377493017602	0.04834606939	-0.0400897141088	-0.00216985585439	-0.00878054144769	0.00415966043
k__Bacteria;p__Bacteroidetes;c__Bacteroidia;o__Bacteroidales;f__Bacteroidaceae;g__Bacteroides;s__Bacteroides_cellulosilyticus	-0.000273407448478	-0.020300725056	-0.0587243151031	-0.082193632065	-0.00811301964957	-0.0213177922407	0.0538331183342	-0.0161443698014	-0.0447812239251	-0.0198607856062	-0.0425603577231	0.0179573210254	1.0	-0.0126867551505	-7.94202408193e-05	0.0244497273872	-0.0505930753944	-0.0416676740248	-0.036127089766	0.0177913788512	0.0497453411908	-0.00567740281851	-0.0149495128264	-0.06058529733	-0.0319687780062	-0.0500236947394	-0.00957088922694	0.00649687512153	-0.00626185948366	-0.00617823042461	-0.00338675466124	-0.0203220765833	-0.0101927094587	-0.0518911487215	0.0634611699617	-0.00700645074997	0.00913503118832	0.0242749890669	0.0170524861804	-0.0249336691522	0.00905523164761	-0.00757906289241	-0.0482079903938	-0.0798207662386	-0.0691743142562	0.0362786862551	0.0127131645027	0.0364658473029	0.0871251484789	-0.0146555387117	0.0248515214733	-0.0310046624419	0.0440955642829	-0.0516584095997	0.0385225379102	-0.0249727051241	-0.0195259809377	-0.0099484094964	-0.0447953369292
k__Bacteria;p__Bacteroidetes;c__Bacteroidia;o__Bacteroidales;f__Rikenellaceae;g__Alistipes;s__Alistipes_obesi	-0.0595452482208	-0.0313961614933	-0.0398027440761	-0.0141162000667	0.0299424587223	-0.11383755577	0.00684768742876	0.021628309195	0.0205837489795	-0.0131842253137	-0.0268682135573	-0.0488367859625	-0.0126867551505	1.0	-0.02078612927	0.0169650160241	-0.0381826096795	-0.0209138591348	-0.00561760299041	-0.0071288540869	-0.0110440494897	-0.0289862828397	-0.0296547439788	0.0683509749408	-0.0359290096535	-0.00758750590301	0.0544815061249	0.062729281812	-0.0126766125876	-0.0165056598239	0.0402431048146	-0.0383615007239	-0.044856153601	0.00842526843436	-0.0242048582405	-0.0224590804559	0.0410840652658	0.0493975839448	-0.0430391662974	-0.0186866951266	0.0482979745036	-0.021239673164	-0.00419534651474	-0.00887511347297	-0.0102501410159	-0.0494980855813	-0.0200719218769	0.00880858510014	-0.0121391659181	0.0116020028804	0.0442216458049	-0.0127031112014	-0.0760424358173	-0.0463735197231	-0.0160172774619	-0.109569024553	-0.012450306042	0.045556409524	-0.0643784580058
k__Bacteria;p__Firmicutes;c__Clostridia;o__Clostridiales;f__Lachnospiraceae;g__;s__[Eubacterium]_rectale	-5.50734730814e-05	-0.0253151427315	-0.036734471304	-0.0593727329327	-0.0039372942885	0.0217055579576	-0.0290028220944	-0.0447862479402	-0.0442770789693	-0.0285054314811	-0.000701566687444	0.0315873933622	-7.94202408193e-05	-0.02078612927	1.0	-0.0145954019106	0.0651854761062	0.00847809796135	0.00926101076741	-0.0197487249987	-0.0245755175615	-0.0174921952275	-0.0458193860811	0.0279766365382	0.000811723138152	0.010104394869	-0.0106993106784	-0.0272463069803	-0.00138774952684	-0.00492064126795	-0.0144142945644	-0.00516538045701	-0.0409267429655	-0.0447177293566	0.0618317103739	-0.00655907546958	0.0477098002577	0.0146262339187	0.0166130454595	0.0248212067819	-0.0933355688722	-0.0212919081037	-0.0441460340101	-0.0297084576133	0.0444330560671	0.120632728454	0.0650416315349	0.000875825829305	-0.0597179878173	0.00354359944215	-0.0266909940486	-0.0226102684615	0.000676366003375	0.00710643071742	-0.0258670613908	-0.0378100674617	-0.0335802165545	0.0429922799142	-0.0349786577996
k__Bacteria;p__Bacteroidetes;c__Bacteroidia;o__Bacteroidales;f__Bacteroidaceae;g__Bacteroides;s__Bacteroides_plebeius	-0.0569000053433	-0.00974526714442	0.0292197029948	-0.0085175645126	0.0595088078664	-0.069160300253	-0.0420932277576	-0.035004061278	0.00603633700163	-0.0239022065697	-0.0666373995821	-0.0867611893353	0.0244497273872	0.0169650160241	-0.0145954019106	1.0	-0.00483657704021	-0.0269956913741	0.00546388970939	0.0394569777523	0.0361815423821	-0.0395856261438	0.0258070261522	0.012506729806	-0.0839918834593	0.0602968286846	0.0114025014215	-0.0372525874316	-0.0418143973734	-0.0575911048871	0.00202031509972	0.0192768270098	0.0285638102165	-0.0613859432188	-0.029662185922	-0.0495293822173	0.0538529853746	-0.0203865604322	-0.0661349324579	-0.0165198778357	-0.0513706439931	0.0305139698289	0.0325215869356	-0.0170534268399	-0.0554370133536	-0.0381528625036	-0.0272610860331	-0.0544881642739	0.0432067914709	0.0176689300535	-0.0974424459947	-0.0186673947478	0.0330758954719	-0.0666219990344	-0.0390187773745	0.0184469922665	0.0349048828016	-0.10624470018	0.0556303696638
k__Bacteria;p__Bacteroidetes;c__Bacteroidia;o__Bacteroidales;f__Bacteroidaceae;g__Bacteroides;s__Bacteroides_fragilis	0.0379173435042	0.012417185502	0.0336004521369	0.0202557560002	-0.00639348828553	-0.0156970492784	0.00817104218834	-0.00820932668232	0.0257216793506	-0.0184470307019	-0.0111205717542	0.0217145105664	-0.0505930753944	-0.0381826096795	0.0651854761062	-0.00483657704021	1.0	0.00955696947104	-0.0030597966103	-0.0315718225285	-0.0192219018974	-0.00226903876247	-0.0272385450551	-0.0202360975231	-0.0215675114664	0.0436550540501	-0.0358740488439	0.0411001738852	0.0773451039597	0.0574809266529	-0.0486426619455	0.0421364902366	0.0458026118078	-0.00176920763712	-0.064481918371	-0.0436801135132	-0.0429094827236	0.11414527849	-0.0239308485593	-0.0558471128517	-0.0110228339502	0.0115429896701	0.00793637488114	-0.0230224219239	0.0094623863956	-0.0854598426299	-0.0341729937701	0.0160798356162	-0.0157523628099	0.00544743821906	0.0522700810446	-0.0398848369122	-0.0547217374659	0.0858111341476	-0.0648666278112	-0.000344655955826	0.0485932712413	0.0249224870173	-0.0125605567251
k__Bacteria;p__Proteobacteria;c__Betaproteobacteria;o__Burkholderiales;f__Sutterellaceae;g__Sutterella;s__Sutterella_wadsworthensis	-0.0210175732418	-0.0668329293345	0.0179116172706	-0.0324567937443	0.012840476075	-0.0256787968775	0.0305732758334	-0.0272611406812	-0.0843278323514	-0.00254446729164	-0.061281068234	-0.0707975323017	-0.0416676740248	-0.0209138591348	0.00847809796135	-0.0269956913741	0.00955696947104	1.0	-0.0295869653513	-0.0378325997141	0.0179692905723	0.00161254846596	-0.0680885518848	0.0267162301234	-0.0150069760007	-0.0436278855976	0.00055231870569	0.0268266946238	0.0574119761838	-0.0529037555341	-0.0217798846934	-0.0333622926313	0.0039138760593	-0.0419195791528	-0.0297084198884	0.00472764024531	-0.0249167331453	0.0146712647161	-0.0566052253065	0.0246237728933	0.00302942955985	0.0467725860303	0.0383801992802	0.0543362637338	-0.0287826360021	0.052031081549	0.0132619018564	0.0143142969823	-0.00617073697198	0.0258084213018	0.00442089137572	0.012359454326	-0.013857187653	-0.013513560402	0.061729557662	-0.0826552688388	0.0184829184591	0.0203715218035	-0.0326913702339
k__Bacteria;p__Bacteroidetes;c__Bacteroidia;o__Bacteroidales;f__Porphyromonadaceae;g__Barnesiella;s__Barnesiella_intestinihominis	-0.0208490453914	0.0032139313295	-0.0150556582615	-0.0136961894957	-0.00154773755876	-0.0486201803312	-0.0209507275125	0.0624732042325	0.0316857408419	0.00342976333805	-0.00406649309024	0.011062680059	-0.036127089766	-0.00561760299041	0.00926101076741	0.00546388970939	-0.0030597966103	-0.0295869653513	1.0	-0.0141003367167	-0.0388756317545	-0.0281702470733	-0.0146246543691	-0.0205202960345	-0.0218426327076	0.0435706883058	0.0282207771522	0.0118915375372	0.0455630925356	0.0374631093559	-0.0512326208525	-0.0211359283554	-0.0118833114887	0.0348840925849	0.0296267583581	0.0256596145706	0.00640882490648	-0.00899214170946	-0.019366117189	-0.00981418358693	-0.0044690375055	0.0111239292871	-0.0827076673223	-0.0219479581717	-0.0117558404595	-0.0247738427881	0.00606827235257	-0.0672747358452	-0.0535066604744	-0.0171336224782	0.0403512009451	-0.0460734512506	0.0157773179139	0.00641300208207	0.0700806308788	-0.0208133186978	0.00140770294451	-0.0553204780616	0.0408133424852
k__Bacteria;p__Bacteroidetes;c__Bacteroidia;o__Bacteroidales;f__Odoribacteraceae;g__Odoribacter;s__Odoribacter_splanchnicus	0.0168337196689	-0.00982448060482	-0.0643897864021	-0.0120498181	-0.0415166798402	-0.0617535542035	-0.0292272359952	-0.0726612669731	-0.00207049515615	-0.0166123224623	0.0190443682252	-0.031964558571	0.0177913788512	-0.0071288540869	-0.0197487249987	0.0394569777523	-0.0315718225285	-0.0378325997141	-0.0141003367167	1.0	-0.0220721376353	0.0775216776979	-0.0179531558783	-0.0136080921097	0.018909211566	0.0953137573408	-0.0505759644269	0.00198243889341	-0.0635478108969	-0.0401224881494	0.00222006022908	-0.0112694979071	0.00104913123166	0.0584368403763	-0.0632116486202	-0.0622484364802	-0.0372913866558	0.0194989144028	-0.0154897681584	-0.0236490632495	-0.0362850993907	0.0336543831484	-0.0946178151007	0.0233483439439	-0.0176882754751	0.054619433728	-0.00384623436042	-0.0677397209209	-0.0322927280606	0.0352521704131	0.000963588749071	0.0465935063531	0.033222006094	0.0419187791572	0.017950660774	-0.0167125590755	-0.057831244206	-0.00638175632257	0.0365005590983
k__Bacteria;p__Bacteroidetes;c__Bacteroidia;o__Bacteroidales;f__Bacteroidaceae;g__Bacteroides;s__Bacteroides_salyersiae	-0.00322017561603	0.0365014519332	0.060903096857	-0.0370799530746	-0.08092676102	-0.00345387910183	0.00196005305435	-0.0327282882559	0.00777237151282	-0.0666379987406	0.00360600470948	-0.091960086472	0.0497453411908	-0.0110440494897	-0.0245755175615	0.0361815423821	-0.0192219018974	0.0179692905723	-0.0388756317545	-0.0220721376353	1.0	-0.00301184230689	0.00296279855766	0.0187754315975	-0.0225500543336	-0.0645443728713	0.0596247545372	-0.0392681402492	0.0576928805047	-0.0756781837166	0.0172014998893	-0.0388140531358	0.00844033845566	-0.0156386692477	0.00464160104048	-0.0285722888687	-0.0938411555004	0.0186815899952	0.0527479555459	0.0106253082432	-0.0639906297398	0.0299076091523	0.00577271872302	-0.00657587564912	0.10931122645	-0.0508739093256	-0.0377970215503	0.0326415273929	-0.0049011699746	-0.0241313862274	0.0114842792231	-0.0642515828758	-0.0186086533915	-0.0245746264751	-0.104555027259	-0.0449842142437	0.021826445256	0.0101308557281	-0.00476697512955
k__Bacteria;p__Firmicutes;c__Clostridia;o__Clostridiales;f__Ruminococcaceae;g__Ruminiclostridium;s__[Eubacterium]_siraeum	-0.0541362379138	0.0270401275799	0.0127303563335	-0.017423092771	0.0019868754898	-0.0489874085428	0.0176641650289	0.00792011465285	0.0158704953326	-0.0856990742624	-0.0205266425993	0.0017404051184	-0.00567740281851	-0.0289862828397	-0.0174921952275	-0.0395856261438	-0.00226903876247	0.00161254846596	-0.0281702470733	0.0775216776979	-0.00301184230689	1.0	-0.0120458395546	0.00192014705031	-0.0134581625081	0.0629994960496	-0.00725658154508	-0.0082050319725	-0.0615319187364	-0.0136736750869	0.027727225383	0.00799950723571	0.056952148139	-0.0368114260234	-0.0333712626574	-0.048048184841	-0.0658644682537	0.0666304442938	-0.0906107338504	-0.0353549297994	-0.0275858302192	-0.0440973408076	-0.0217487475461	-0.0034593532681	-0.00375368362301	-0.0206665377074	-0.031665237378	-0.044420134274	-0.0224692453839	0.00137749045078	-0.0162524306811	0.0284708499663	-0.019900159877	-0.0593605469095	0.0393320310761	-0.00211250608852	-0.0358350432054	0.0540207148429	-0.00354973258338
k__Bacteria;p__Proteobacteria;c__Betaproteobacteria;o__Burkholderiales;f__Sutterellaceae;g__Parasutterella;s__Parasutterella_excrementihominis	0.0379491297322	-0.0271222579427	0.0166910166142	-0.0555118467012	-0.0698123480695	0.0461600176914	0.0419708490312	0.0181047348597	0.0401951056935	-0.0313513596077	0.0889320789647	0.065047949134	-0.0149495128264	-0.0296547439788	-0.0458193860811	0.0258070261522	-0.0272385450551	-0.0680885518848	-0.0146246543691	-0.0179531558783	0.00296279855766	-0.0120458395546	1.0	-0.0167182991303	-0.00634653849157	-0.0138982723716	-0.00238173530477	-0.0951617287551	0.0392843100395	-0.0276814443067	-0.0162687495511	-0.00870809412438	-0.0186663930813	-0.0233639709335	0.0908045764559	-0.0663807917193	0.0363912544553	-0.022971691771	-0.043280552989	-0.0461604826561	0.0114263590963	0.0253477844467	-0.074808239543	0.0385580642425	-0.0131032194952	-0.0112282038871	-0.0391452883828	-0.0228390464851	0.0329869404207	0.0364030043229	-0.0154622253803	0.0398924698446	0.0642106104853	0.0919906536645	-0.0666715838132	0.00759679954797	-0.0186031704851	-0.000275194824249	-0.0196379117907
k__Bacteria;p__Actinobacteria;c__Actinobacteria;o__Bifidobacteriales;f__Bifidobacteriaceae;g__Bifidobacterium;s__Bifidobacterium_adolescentis	-0.0192153081301	-0.0218452706855	-0.0408877037408	-0.0302415836886	-0.0832266550182	-0.0174091296369	-0.0655255057005	-0.0748025116647	0.0478363358227	-0.0335622810842	0.017868378914	-0.0131793305716	-0.06058529733	0.0683509749408	0.0279766365382	0.012506729806	-0.0202360975231	0.0267162301234	-0.0205202960345	-0.0136080921097	0.0187754315975	0.00192014705031	-0.0167182991303	1.0	0.0157647976396	-0.086564521652	0.00719138133615	-0.0425712228285	-0.103485056524	0.00561143278782	0.00559305312013	-0.0689690943529	-0.0408866255563	0.0016316200614	-0.109399343992	0.0139991611811	0.00477938631878	0.0454470405651	-0.00219196456716	-0.023061220025	-0.0411388465677	-0.0155244327048	-0.00781411913089	0.0160703204883	0.0386931888818	0.0148386795571	-0.00871526663352	-0.00151060757067	0.0941310890382	-0.100198650868	0.00494117484435	-0.0675267796931	-0.104444084713	0.010850736347	-0.032227439885	0.0354942147715	-0.0619407340977	0.0503033713063	0.0552756651252
k__Bacteria;p__Firmicutes;c__Clostridia;o__Clostridiales;f__Oscillospiraceae;g__Oscillibacter;s__Oscillibacter_sp._KLE_1745	-0.0553975628704	0.0616193232031	-0.0448991592921	0.0193236578683	-0.0346240725395	-0.0327997449032	0.0153066540561	0.0477790843545	-0.0252113527547	-0.0545973284298	0.068402684043	0.0190488066506	-0.0319687780062	-0.0359290096535	0.000811723138152	-0.0839918834593	-0.0215675114664	-0.0150069760007	-0.0218426327076	0.018909211566	-0.0225500543336	-0.0134581625081	-0.00634653849157	0.0157647976396	1.0	0.0252333667384	0.00776661019139	-0.0508800307051	0.0689480921276	-0.0472421717243	0.0324198239993	-0.000816682218457	-0.0113491328454	0.0309988556131	-0.0132634915928	-0.0395734629314	0.0117467201492	-0.0549831415826	0.0375240112925	-0.0296326961908	-0.018183842606	0.0445547986993	-0.0912595970667	-0.0306180650304	0.0975544622255	-0.0590643825118	-0.00550294145011	-0.00802685024168	-0.0457890760716	0.0226069654753	-0.0245337757503	-0.0196399772454	-0.0191452826675	0.0189323582718	0.0352951688828	-0.0559355394387	-0.0405467811318	-0.0036380004123	-0.0364278109265
k__Bacteria;p__Bacteroidetes;c__Bacteroidia;o__Bacteroidales;f__Bacteroidaceae;g__Bacteroides;s__Bacteroides_coprophilus	-0.023066324123	-0.0709041699338	0.0493259441117	-0.0171672705485	-0.0480043370328	0.00409004995474	-0.00650498855729	-0.00922342370898	-0.0323062522303	-0.0861764629877	-0.033520434725	0.0464998966204	-0.0500236947394	-0.00758750590301	0.010104394869	0.0602968286846	0.0436550540501	-0.0436278855976	0.0435706883058	0.0953137573408	-0.0645443728713	0.0629994960497	-0.0138982723716	-0.086564521652	0.0252333667384	1.0	0.00639899595189	0.0291322966712	-0.0386485466179	-0.0543426383897	-0.0137718422703	-0.00838021334686	-0.0826676249306	0.0756379897732	0.0470547979743	-0.0266386117981	0.0252550607678	-0.0312025649808	0.0195300958596	-0.0250660957523	0.0144277648148	-0.104141396914	0.00255621411752	-0.00411075939132	-0.0225130008731	0.0277980897598	-0.0320336481102	-0.0255798945349	-0.0249182880147	-0.0838329267733	-0.0404533297044	0.000223527110484	0.0362277196596	0.00741218094076	-0.0208114012802	-0.0112942379859	-0.0764937131069	-0.0234208428787	0.00379888938019
k__Bacteria;p__Firmicutes;c__Clostridia;o__Clostridiales;f__Lachnospiraceae;g__Roseburia;s__Roseburia_intestinalis	-0.0231493121735	-0.00768302612794	0.0148776120177	-0.0516005775174	-0.00588937465105	0.00142231074084	0.0458223338937	0.00990655323399	-0.0157188660451	-0.0211010334126	-0.0102929375421	-0.0272632353546	-0.00957088922694	0.0544815061249	-0.0106993106784	0.0114025014215	-0.0358740488439	0.00055231870569	0.0282207771522	-0.0505759644269	0.0596247545372	-0.00725658154508	-0.00238173530477	0.00719138133615	0.00776661019139	0.00639899595189	1.0	0.00105577274311	-0.0313245457539	-0.0325844543487	0.00101423711581	-0.0503866127031	-0.0826498086488	0.00579862486749	-0.0193141739673	-0.0592699899048	-0.0159022948839	-0.0525420929526	0.000892299190717	-0.0668139045518	0.0109208513803	-0.0892720049394	-0.0550757689176	0.00152404529194	-0.0438108293562	-0.0142969310221	-0.023775059845	0.00558507465591	-0.0752405576696	-0.100738685962	0.0194098946318	-0.0574018613186	0.0946720294877	-0.0204780254361	-0.0176129631138	-0.015133991594	-0.02104828093	-0.0329420250815	-0.0323347740147
k__Bacteria;p__Firmicutes;c__Clostridia;o__Clostridiales;f__Lachnospiraceae;g__Roseburia;s__Roseburia_hominis	-0.019206462055	-0.000130848245901	0.057827615259	0.0512707982248	-0.0363562110837	-0.0012400484547	-0.00823572255323	-0.00405835169622	0.0152095748902	0.0290973611823	-0.00411701311985	0.0284423424326	0.00649687512153	0.062729281812	-0.0272463069803	-0.0372525874316	0.0411001738852	0.0268266946238	0.0118915375372	0.00198243889341	-0.0392681402492	-0.0082050319725	-0.0951617287551	-0.0425712228285	-0.0508800307051	0.0291322966712	0.00105577274311	1.0	-0.046062918037	-0.00263750029975	-0.0331608495213	-0.0399669437634	0.00194061509682	0.0167782204437	-0.0252196535519	0.0130651628039	-0.111682858269	0.00906028832162	-0.052210329346	0.0168757133014	0.0185058630772	-0.0856745611634	0.018827957282	-0.0270171523218	0.0596328739685	-0.0222878254774	-0.0619827058622	0.0542641325561	-0.079159604035	-0.00293534711337	-0.0403484382585	0.0500235889006	0.0219417851273	-0.0500067258584	0.0410449980461	0.0901067080631	0.0148681371051	0.0146223322035	0.00810023832378
k__Bacteria;p__Bacteroidetes;c__Bacteroidia;o__Bacteroidales;f__Porphyromonadaceae;g__Parabacteroides;s__Parabacteroides_johnsonii	-0.067213912972	0.0334318031292	0.026303755606	0.055935621995	-0.0348459285719	0.03403300042	0.000605208731167	-0.0309640854218	-0.0940859168601	-0.0204130702354	-0.00292593363587	0.029656964496	-0.00626185948366	-0.0126766125876	-0.00138774952684	-0.0418143973734	0.0773451039597	0.0574119761838	0.0455630925356	-0.0635478108969	0.0576928805047	-0.0615319187364	0.0392843100395	-0.103485056524	0.0689480921276	-0.0386485466179	-0.0313245457539	-0.046062918037	1.0	0.0384054318511	0.0145407572455	-0.0106135224089	0.0314749575323	-0.0251139550631	-0.0416341983958	-0.0235223870941	0.0405962177658	0.00731470182051	0.0216713895537	0.028992817556	0.067109255892	-0.0468296972444	-0.0466893286055	0.00034930722083	0.0301238297629	0.0277435131356	-0.0427622125815	0.071063681847	0.0150229068758	0.038089405365	-0.0313511011211	-0.0408006779008	-0.0133322326151	-0.00028378703598	0.0313982345786	-0.0350812180243	-0.0433313041533	-0.00883774223375	-0.0777332298357
k__Bacteria;p__Actinobacteria;c__Actinobacteria;o__Bifidobacteriales;f__Bifidobacteriaceae;g__Bifidobacterium;s__Bifidobacterium_longum	-0.00497689172781	0.0466468861821	0.0450387504456	0.0326758014147	0.0208066591672	-0.0112624231183	0.0116540547489	0.106060084954	0.0057517723057	0.0342648721706	-0.0178971063943	-0.0239489052325	-0.00617823042461	-0.0165056598239	-0.00492064126795	-0.0575911048871	0.0574809266529	-0.0529037555341	0.0374631093559	-0.0401224881494	-0.0756781837166	-0.0136736750869	-0.0276814443067	0.00561143278782	-0.0472421717243	-0.0543426383897	-0.0325844543487	-0.00263750029975	0.0384054318511	1.0	-0.0537973887795	0.011495808326	-0.00869305583544	-0.00426745850195	0.0037732684748	-0.0225781301353	-0.039731532433	-0.0387968815338	0.0402976844809	-0.0127690629126	-0.101713274133	-0.00686505993598	-0.00484571295573	0.0476744187071	0.00677070440203	-0.0564930730577	-0.0240214100756	-0.0499837787846	0.00772078029345	0.0664086038859	-0.0817488630473	0.0525520383805	-0.0579455330174	0.0454432482702	-0.010882483777	-0.0526659928948	0.0224264602662	-0.0889949229702	-0.0333757836717
