#taxonomy	k__Bacteria;p__Bacteroidetes;c__Bacteroidia;o__Bacteroidales;f__Bacteroidaceae;g__Bacteroides;s__Bacteroides_vulgatus	k__Bacteria;p__Bacteroidetes;c__Bacteroidia;o__Bacteroidales;f__Bacteroidaceae;g__Bacteroides;s__Bacteroides_uniformis	k__Bacteria;p__Bacteroidetes;c__Bacteroidia;o__Bacteroidales;f__Rikenellaceae;g__Alistipes;s__Alistipes_putredinis	k__Bacteria;p__Bacteroidetes;c__Bacteroidia;o__Bacteroidales;f__Prevotellaceae;g__Prevotella;s__Prevotella_copri	k__Bacteria;p__Bacteroidetes;c__Bacteroidia;o__Bacteroidales;f__Bacteroidaceae;g__Bacteroides;s__Bacteroides_stercoris	k__Bacteria;p__Bacteroidetes;c__Bacteroidia;o__Bacteroidales;f__Bacteroidaceae;g__Bacteroides;s__Bacteroides_ovatus	k__Bacteria;p__Bacteroidetes;c__Bacteroidia;o__Bacteroidales;f__Rikenellaceae;g__Alistipes;s__Alistipes_shahii	k__Bacteria;p__Firmicutes;c__Clostridia;o__Clostridiales;f__Ruminococcaceae;g__Faecalibacterium;s__Faecalibacterium_prausnitzii	k__Bacteria;p__Bacteroidetes;c__Bacteroidia;o__Bacteroidales;f__Rikenellaceae;g__Alistipes;s__Alistipes_finegoldii	k__Bacteria;p__Bacteroidetes;c__Bacteroidia;o__Bacteroidales;f__Porphyromonadaceae;g__Parabacteroides;s__Parabacteroides_distasonis	k__Bacteria;p__Bacteroidetes;c__Bacteroidia;o__Bacteroidales;f__Bacteroidaceae;g__Bacteroides;s__Bacteroides_thetaiotaomicron	k__Bacteria;p__Bacteroidetes;c__Bacteroidia;o__Bacteroidales;f__Bacteroidaceae;g__Bacteroides;s__Bacteroides_coprocola	k__Bacteria;p__Bacteroidetes;c__Bacteroidia;o__Bacteroidales;f__Bacteroidaceae;g__Bacteroides;s__Bacteroides_cellulosilyticus	k__Bacteria;p__Bacteroidetes;c__Bacteroidia;o__Bacteroidales;f__Rikenellaceae;g__Alistipes;s__Alistipes_obesi	k__Bacteria;p__Firmicutes;c__Clostridia;o__Clostridiales;f__Lachnospiraceae;g__;s__[Eubacterium]_rectale	k__Bacteria;p__Bacteroidetes;c__Bacteroidia;o__Bacteroidales;f__Bacteroidaceae;g__Bacteroides;s__Bacteroides_plebeius	k__Bacteria;p__Bacteroidetes;c__Bacteroidia;o__Bacteroidales;f__Bacteroidaceae;g__Bacteroides;s__Bacteroides_fragilis	k__Bacteria;p__Proteobacteria;c__Betaproteobacteria;o__Burkholderiales;f__Sutterellaceae;g__Sutterella;s__Sutterella_wadsworthensis	k__Bacteria;p__Bacteroidetes;c__Bacteroidia;o__Bacteroidales;f__Porphyromonadaceae;g__Barnesiella;s__Barnesiella_intestinihominis	k__Bacteria;p__Bacteroidetes;c__Bacteroidia;o__Bacteroidales;f__Odoribacteraceae;g__Odoribacter;s__Odoribacter_splanchnicus	k__Bacteria;p__Bacteroidetes;c__Bacteroidia;o__Bacteroidales;f__Bacteroidaceae;g__Bacteroides;s__Bacteroides_salyersiae	k__Bacteria;p__Firmicutes;c__Clostridia;o__Clostridiales;f__Ruminococcaceae;g__Ruminiclostridium;s__[Eubacterium]_siraeum	k__Bacteria;p__Proteobacteria;c__Betaproteobacteria;o__Burkholderiales;f__Sutterellaceae;g__Parasutterella;s__Parasutterella_excrementihominis	k__Bacteria;p__Actinobacteria;c__Actinobacteria;o__Bifidobacteriales;f__Bifidobacteriaceae;g__Bifidobacterium;s__Bifidobacterium_adolescentis	k__Bacteria;p__Firmicutes;c__Clostridia;o__Clostridiales;f__Oscillospiraceae;g__Oscillibacter;s__Oscillibacter_sp._KLE_1745	k__Bacteria;p__Bacteroidetes;c__Bacteroidia;o__Bacteroidales;f__Bacteroidaceae;g__Bacteroides;s__Bacteroides_coprophilus	k__Bacteria;p__Firmicutes;c__Clostridia;o__Clostridiales;f__Lachnospiraceae;g__Roseburia;s__Roseburia_intestinalis	k__Bacteria;p__Firmicutes;c__Clostridia;o__Clostridiales;f__Lachnospiraceae;g__Roseburia;s__Roseburia_hominis	k__Bacteria;p__Bacteroidetes;c__Bacteroidia;o__Bacteroidales;f__Porphyromonadaceae;g__Parabacteroides;s__Parabacteroides_johnsonii	k__Bacteria;p__Actinobacteria;c__Actinobacteria;o__Bifidobacteriales;f__Bifidobacteriaceae;g__Bifidobacterium;s__Bifidobacterium_longum	k__Bacteria;p__Firmicutes;c__Clostridia;o__Clostridiales;f__;g__Flavonifractor;s__Flavonifractor_plautii	k__Bacteria;p__Firmicutes;c__Clostridia;o__Clostridiales;f__Clostridiaceae;g__Clostridium;s__Clostridium_phoceensis	k__Bacteria;p__Verrucomicrobia;c__Verrucomicrobiae;o__Verrucomicrobiales;f__Akkermansiaceae;g__Akkermansia;s__Akkermansia_muciniphila	k__Bacteria;p__Bacteroidetes;c__Bacteroidia;o__Bacteroidales;f__Prevotellaceae;g__Paraprevotella;s__Paraprevotella_xylaniphila	k__Bacteria;p__Firmicutes;c__Clostridia;o__Clostridiales;f__Ruminococcaceae;g__Ruminococcus;s__Ruminococcus_callidus	k__Bacteria;p__Bacteroidetes;c__Bacteroidia;o__Bacteroidales;f__Rikenellaceae;g__Alistipes;s__Alistipes_senegalensis	k__Bacteria;p__Firmicutes;c__Clostridia;o__Clostridiales;f__Lachnospiraceae;g__Blautia;s__Blautia_sp._KLE_1732	k__Bacteria;p__Bacteroidetes;c__Bacteroidia;o__Bacteroidales;f__Bacteroidaceae;g__Bacteroides;s__Bacteroides_oleiciplenus	k__Bacteria;p__Firmicutes;c__Clostridia;o__Clostridiales;f__Ruminococcaceae;g__Ruminococcus;s__Ruminococcus_bicirculans	k__Bacteria;p__Bacteroidetes;c__Bacteroidia;o__Bacteroidales;f__Bacteroidaceae;g__Bacteroides;s__Bacteroides_fluxus	k__Bacteria;p__Bacteroidetes;c__Bacteroidia;o__Bacteroidales;f__Prevotellaceae;g__Prevotella;s__Prevotella_stercorea	k__Bacteria;p__Firmicutes;c__Clostridia;o__Clostridiales;f__Lachnospiraceae;g__Dorea;s__Dorea_longicatena	k__Bacteria;p__Firmicutes;c__Clostridia;o__Clostridiales;f__Eubacteriaceae;g__Eubacterium;s__[Eubacterium]_eligens	k__Bacteria;p__Firmicutes;c__Clostridia;o__Clostridiales;f__Ruminococcaceae;g__;s__Ruminococcaceae_bacterium_D16	k__Bacteria;p__Firmicutes;c__Clostridia;o__Clostridiales;f__Lachnospiraceae;g__Coprococcus;s__Coprococcus_comes	k__Bacteria;p__Proteobacteria;c__Gammaproteobacteria;o__Enterobacterales;f__Enterobacteriaceae;g__Escherichia;s__Escherichia_coli	k__Bacteria;p__Firmicutes;c__Clostridia;o__Clostridiales;f__Ruminococcaceae;g__Anaerotruncus;s__Anaerotruncus_colihominis	k__Bacteria;p__Firmicutes;c__Clostridia;o__Clostridiales;f__Lachnospiraceae;g__Blautia;s__Blautia_obeum	k__Bacteria;p__Bacteroidetes;c__Bacteroidia;o__Bacteroidales;f__Odoribacteraceae;g__Odoribacter;s__Odoribacter_laneus	k__Bacteria;p__Firmicutes;c__Clostridia;o__Clostridiales;f__Ruminococcaceae;g__Ruminiclostridium;s__[Clostridium]_leptum	k__Bacteria;p__Bacteroidetes;c__Bacteroidia;o__Bacteroidales;f__Porphyromonadaceae;g__Parabacteroides;s__Parabacteroides_goldsteinii	k__Bacteria;p__Firmicutes;c__Clostridia;o__Clostridiales;f__Lachnospiraceae;g__Anaerostipes;s__Anaerostipes_hadrus	k__Bacteria;p__Firmicutes;c__Clostridia;o__Clostridiales;f__Ruminococcaceae;g__Ruminococcus;s__Ruminococcus_lactaris	k__Bacteria;p__Firmicutes;c__Clostridia;o__Clostridiales;f__Clostridiaceae;g__Clostridium;s__Clostridium_sp._L2-50	k__Bacteria;p__Firmicutes;c__Clostridia;o__Clostridiales;f__Clostridiaceae;g__Clostridium;s__Clostridium_sp._M62/1	k__Bacteria;p__Firmicutes;c__Clostridia;o__Clostridiales;f__;g__Intestinimonas;s__Intestinimonas_butyriciproducens	k__Bacteria;p__Actinobacteria;c__Actinobacteria;o__Bifidobacteriales;f__Bifidobacteriaceae;g__Bifidobacterium;s__Bifidobacterium_bifidum	k__Bacteria;p__Firmicutes;c__Negativicutes;o__Veillonellales;f__Veillonellaceae;g__Dialister;s__Dialister_invisus	k__Bacteria;p__Bacteroidetes;c__Bacteroidia;o__Bacteroidales;f__Bacteroidaceae;g__Bacteroides;s__Bacteroides_salanitronis
k__Bacteria;p__Bacteroidetes;c__Bacteroidia;o__Bacteroidales;f__Bacteroidaceae;g__Bacteroides;s__Bacteroides_vulgatus	1.0	-0.0102585079687	-0.0847991857627	-0.109468637481	0.0266827448467	-0.0172994103152	-0.0621609247906	-0.0267456078883	-0.00592727268639	0.0284146309729	0.0175597169955	-0.00551785430077	0.00402258822469	0.0116529440276	-0.0149481879729	0.0144370150693	-0.0141205430381	-0.0197374061908	0.0820547325744	0.033596576952	0.000283093384716	-0.00902820235739	0.0297308132157	0.00152472576123	0.0238370567474	-0.0459165206784	-0.0198991799538	-0.00694144883836	-0.103951262168	0.0146217195849	-0.0167515616933	-0.020235207398	0.0316730733715	0.00548646547344	0.0866951105636	0.0154248428421	-0.0825783774269	0.00859262412687	-0.0339746248901	-0.00296494325663	-0.0056809616392	-0.0124841018559	0.0462295927421	-0.0719611306316	-0.0191787602197	0.022864880089	0.0157733853241	-0.0173924744529	0.0273275853652	0.0784546592624	-0.0236517021977	0.0533520139666	0.0942747273803	-0.0284476139635	-0.0534736059934	0.0261439549268	0.0463432207567	-0.0404570460619	-0.00227394582609
k__Bacteria;p__Bacteroidetes;c__Bacteroidia;o__Bacteroidales;f__Bacteroidaceae;g__Bacteroides;s__Bacteroides_uniformis	-0.0102585079687	1.0	0.0292670619184	0.041577891187	-0.0141719971921	0.00851377202955	0.0444523794012	-0.0305444836988	0.0259222901117	0.0292037072189	0.035444135841	-0.0453137792125	0.00547286838448	-0.0630669633403	-0.0318984945826	-0.0747563464019	0.0493297832818	0.0573341556555	-0.0244169778799	0.0323968456957	-0.0534827975027	-0.060969900033	-0.0651153342792	-0.0866323466776	-0.0768013775542	0.0148371200706	0.0227284903729	-0.0128938368702	0.0669720951369	0.0414915998653	0.00448912582789	0.00469350537952	-0.0208157963701	0.00811876055375	-0.031059047862	-0.053448964096	-0.0437647352778	0.0386265687656	-0.0137501801516	-0.0593020119096	-0.00359881158328	-0.0206333100664	-0.0634244664062	0.0646703603996	-0.0468477317574	0.0229012462238	-0.0420967437511	2.98881519553e-05	-0.00181208939746	-0.0879220477723	5.37575761552e-05	0.0259316886899	0.0382526667541	-0.0174421695176	-0.0540745948243	-0.0109462343976	-0.0504227156634	-0.00296065975986	0.0617097230647
k__Bacteria;p__Bacteroidetes;c__Bacteroidia;o__Bacteroidales;f__Rikenellaceae;g__Alistipes;s__Alistipes_putredinis	-0.0847991857627	0.0292670619184	1.0	0.034036569101	-0.090988468287	-0.0395508630725	-0.017944008512	-0.0492059989086	-0.0185660212718	0.0248113481842	-0.0138586359472	0.0432620033074	0.0100773264488	-0.0253004099151	0.0125509507772	-0.0380775678475	-0.0561873214658	0.00847525727	-0.017364111509	0.00526927675707	-0.0220859075449	-0.0415509818164	-0.0173496697645	-0.0131195773042	0.00523761698677	-0.0303023194455	-0.0182358184827	0.0226832658081	-0.0363558683163	0.0463182033677	-0.0630115847045	0.0055877095786	0.010738836449	-0.000268032097505	-0.0398569883819	-0.0230683890997	-0.0447179299779	0.072166200434	0.0433744873721	0.0094214393825	-0.00394342479464	-0.0527114600774	0.00256918461911	-0.0420164314758	-0.017618734079	-0.0341556973578	0.0794767864312	-0.00466261020278	0.000555804439306	-0.0366081052604	-0.0251210372769	-0.0456081193964	0.0172100326065	-0.0485763702969	-0.0113257353567	-0.0113363643063	0.0198314146799	0.0261158214515	-0.00659297430879
k__Bacteria;p__Bacteroidetes;c__Bacteroidia;o__Bacteroidales;f__Prevotellaceae;g__Prevotella;s__Prevotella_copri	-0.109468637481	0.041577891187	0.034036569101	1.0	-0.017492845862	-0.0649581417479	0.0464092611428	0.0336348155436	-0.0461227188833	-0.0726321424852	-0.00985338743532	-0.067985170818	0.000148978800217	0.0145710269355	-0.0275728306702	-0.0151215783091	0.0145926312681	-0.0519439923681	0.016475075502	0.0464619653979	-0.0769120096958	0.0262031965642	0.0259951801786	0.0235107209618	0.00212084906695	0.008529901579	-0.0422478379368	-0.00636566805277	0.00827701494971	-0.0739970121186	0.0353579446192	-0.0191187619244	-0.0337017073665	-0.0522891752251	0.0485928923325	-0.00183823804349	-0.0052261392895	0.00260136140887	0.00586297373854	0.00894021164524	-0.0018360423403	-0.0479862047462	-0.00792149084805	-0.0284017018896	-0.0334947998019	0.00133795676718	-0.0508803869944	0.0488155004414	-0.0573221241615	-0.0163531552658	-0.0787435041394	-0.0523480204896	0.0135043446625	-0.0769826612366	-0.0543531122721	-0.036764693589	0.0047358017335	-0.0306318339932	-0.115023808331
k__Bacteria;p__Bacteroidetes;c__Bacteroidia;o__Bacteroidales;f__Bacteroidaceae;g__Bacteroides;s__Bacteroides_stercoris	0.0266827448467	-0.0141719971921	-0.090988468287	-0.017492845862	1.0	-0.0785915540949	0.00514213428284	-0.0509485587826	0.0272201930616	-0.0203734184408	-0.0286567508718	0.00790881213803	-0.0738699412398	-0.0584653072452	-0.0399516312921	0.048208117808	0.0729363343381	-0.031803572479	-0.0350113309063	0.0200305168021	-0.0373449717596	0.0161521492413	-0.0190471455891	0.0587463315469	0.00966819055053	-0.0594363299266	-0.0077521291695	0.0275519328872	-0.0171833994684	-0.0862375526363	-0.0735239176134	0.0134490485227	0.0495712256597	-0.0111142861961	-0.0730944771784	-0.0276170734039	0.00850714704168	-0.0156284966761	0.0090291627459	0.0250300078655	0.0245313899116	-0.0238028936263	0.0383055789533	0.0163884749052	0.00510423475745	0.00965481629206	0.00843009656762	-0.0448618364009	0.00950229311509	-0.0277479833413	-0.0599936497776	0.0448460976611	-0.0546489629809	0.0498666372661	0.038639151395	0.00390651441921	0.0290156713898	0.111008749657	-0.024838491567
k__Bacteria;p__Bacteroidetes;c__Bacteroidia;o__Bacteroidales;f__Bacteroidaceae;g__Bacteroides;s__Bacteroides_ovatus	-0.0172994103152	0.00851377202955	-0.0395508630725	-0.0649581417479	-0.0785915540949	1.0	0.0568050305006	0.0147614041454	-0.0169311934806	-0.0234211785778	0.00879318835136	-0.00268029751566	-0.0235385382513	-0.0710270482801	0.00814590223093	-0.0562809576607	-0.0471511861392	-0.0425749802393	0.024767397678	-0.058807167577	-0.0340476627162	0.0249239569172	0.0530112734299	0.0296772847847	0.0658348467961	-0.0385023846841	0.0112453753106	-0.0317111510532	0.0244522335066	-0.0952209201439	-0.0342300035896	0.0367221991285	0.0190151125311	0.00238998179409	0.017827247416	-0.0631114656062	0.00811320395699	-0.0484361383769	0.0890658925263	-0.0314298337392	-0.0455915734187	0.0466036286644	0.0415919160222	-0.00201086759122	-0.0770076925264	-0.0096603313984	-0.0960301911241	-0.0724325532655	0.00257227861644	0.0214355623858	0.0164746067635	-0.0750674895572	-0.00995078915251	0.042827879394	-0.0306912682051	-0.0378578821326	0.0220403734936	-0.0607887394972	0.019032921692
k__Bacteria;p__Bacteroidetes;c__Bacteroidia;o__Bacteroidales;f__Rikenellaceae;g__Alistipes;s__Alistipes_shahii	-0.0621609247906	0.0444523794012	-0.017944008512	0.0464092611428	0.00514213428284	0.0568050305006	1.0	-0.021611510864	-0.0460330668012	-0.028126061252	-0.0265671917321	0.0747576387171	-0.0465550307	-0.0132687471597	-0.0541794558821	-0.00944784812113	0.0142088772208	0.00584745714052	-0.00430498729272	0.0128849674446	-0.0458369747094	-0.00691319503149	0.0476585978923	0.0707869298939	0.00266387447945	-0.0458994875421	-0.0755006228671	0.0256657550473	-0.0511087643376	0.0593822954585	0.0458318972346	-0.00455785794854	0.0377363731641	0.0672797032605	-0.101544451253	-0.00810089715156	0.0049946108863	0.0198437583318	-0.0490413771791	-0.0778736909946	0.0741254541651	0.0111673875173	0.0220147759869	-0.0147002942733	0.00570288515902	0.0210262720472	0.0160936502243	-0.0132120891968	-0.030478208311	-0.00402814575809	-0.00146285947725	0.00798475694316	-0.0300216419211	-0.0201311833785	-0.0201185972704	-0.0156982289393	0.0763200240547	0.0219804676765	-0.0136269736503
k__Bacteria;p__Firmicutes;c__Clostridia;o__Clostridiales;f__Ruminococcaceae;g__Faecalibacterium;s__Faecalibacterium_prausnitzii	-0.0267456078883	-0.0305444836988	-0.0492059989086	0.0336348155436	-0.0509485587826	0.0147614041454	-0.021611510864	1.0	-0.0251729192899	-0.0827323272562	0.0216807776689	0.0212549154594	-0.0185947440444	-0.0137764517432	-0.0114413147997	0.0203135661526	0.0204342035705	0.0725857133479	0.0424662051621	-0.0419176307462	-0.0376963500697	-0.006304594714	0.016415007621	0.00596680156538	0.0132187533899	0.012261954075	-0.00511730959859	0.0291533056547	-0.0753420730524	-0.0900514959076	-0.0210462885333	0.077302098378	0.0271141629272	-0.038778207166	-0.0403182167736	-0.00124748908882	0.00206662932948	0.0483164661111	0.00606816708966	0.0871247439836	-0.0414420605232	-0.0379225925582	-0.0385341616135	-0.00820325939372	0.0327522730892	-0.0525208758658	-0.0445425984841	-0.006526363484	-0.027455749266	-0.0063021205213	0.0797815598668	-0.0335265486796	-0.0275196941809	-0.00355762668593	0.0161712427241	-0.0659992023023	0.0243123703632	-0.0283889623423	-0.018616473403
k__Bacteria;p__Bacteroidetes;c__Bacteroidia;o__Bacteroidales;f__Rikenellaceae;g__Alistipes;s__Alistipes_finegoldii	-0.00592727268639	0.0259222901117	-0.0185660212718	-0.0461227188833	0.0272201930616	-0.0169311934806	-0.0460330668012	-0.0251729192899	1.0	-0.0300354646238	-0.0339226974833	-0.0161624077201	-0.011883048342	-0.0287546896284	0.0070729349693	-0.0681585647033	0.0148629901161	0.029053535863	-0.0383760731869	-0.021322359372	-0.0173414147085	0.0331485199051	0.0582026785813	-0.0166448483278	-0.0374384092614	-0.0464569530711	-0.0498656492613	-0.0170888299259	0.0530407486625	0.0465946429444	-0.029506659389	0.012207779184	-0.0174020283643	0.0152795265304	0.0159281680084	-0.00478742535728	-0.034178981688	-0.0194279820016	-0.0278801842808	-0.00681629708406	-0.0482399516886	0.00428019638586	-0.0358867845683	-0.0608414262899	0.0366786288414	-0.028124151983	-0.0026848315018	-0.0151216796872	-0.0614136589677	-0.0586619520488	0.0587048736741	-0.0579877626696	-0.0252081726221	-0.0717589547357	-0.0540909781701	0.104503326472	-0.0592529380405	0.00651646368904	0.0219148520341
k__Bacteria;p__Bacteroidetes;c__Bacteroidia;o__Bacteroidales;f__Porphyromonadaceae;g__Parabacteroides;s__Parabacteroides_distasonis	0.0284146309729	0.0292037072189	0.0248113481842	-0.0726321424852	-0.0203734184408	-0.0234211785778	-0.028126061252	-0.0827323272562	-0.0300354646238	1.0	-0.000217211100742	-0.123277758622	-0.0546079348565	-0.00891151673249	-0.0826682368327	0.0583712475726	-0.0345140977185	-0.0131909416625	-0.0134963444173	-0.0411958068112	0.00342339916336	-0.00303872374501	-0.0702789663781	-0.024828055742	-0.0527298083465	-0.00834667658372	0.0204909361345	0.0548790805506	-0.0149972624623	-0.0680155068402	0.0115095212934	-0.0487446640026	0.0356273053335	-0.0306327225023	-0.0271349610199	0.0275220827258	-0.0660086433113	-0.0164467352071	0.0470549278572	-0.0196462291499	0.102575945913	0.0478406335046	0.0155800399434	-0.0160751981884	0.00542255673259	-0.0656386590721	-0.0216716377318	-0.0728397958966	0.0151099568036	-0.0369014944459	-0.0298876033222	-0.0516918146118	-0.0190703704483	-0.0434198167564	0.0400332849606	0.0478541454355	0.00867319105042	0.017502243288	-0.0465178519254
k__Bacteria;p__Bacteroidetes;c__Bacteroidia;o__Bacteroidales;f__Bacteroidaceae;g__Bacteroides;s__Bacteroides_thetaiotaomicron	0.0175597169955	0.035444135841	-0.0138586359472	-0.00985338743532	-0.0286567508718	0.00879318835136	-0.0265671917321	0.0216807776689	-0.0339226974833	-0.000217211100742	1.0	0.0606340786084	-0.0443541926763	0.00813682889592	0.00783341150964	-0.0709028494464	-0.00548317302897	0.046991971417	-0.0203320941518	-0.0527395669338	-0.00504264597509	-0.00243886104715	0.00768718164324	-0.00832145504745	0.00936494033046	-0.0297556420588	0.018241989535	-0.00325071258841	-0.0362637522918	-0.0251512660851	0.00430130670342	-0.0222961215773	0.0256656098446	-0.0317378978586	0.0903851488064	0.00513382555039	-0.0785039778943	-0.0283509023605	-0.00439540013749	0.0466300721804	-0.00702491957804	-0.0350793366304	-0.0215758979555	0.0136093026926	-0.00720254875051	-0.0768024845626	0.00976937761098	-0.06067501616	0.0705020798623	0.000818499083017	-0.0543438252571	0.0225889021339	0.0628452099745	0.0571944597953	0.0052415583405	-0.0866903747011	0.00992805342461	-0.0682424123369	-0.00157312259155
k__Bacteria;p__Bacteroidetes;c__Bacteroidia;o__Bacteroidales;f__Bacteroidaceae;g__Bacteroides;s__Bacteroides_coprocola	-0.00551785430077	-0.0453137792125	0.0432620033074	-0.067985170818	0.00790881213803	-0.00268029751566	0.0747576387171	0.0212549154594	-0.0161624077201	-0.123277758622	0.0606340786084	1.0	-0.011887277977	-0.0981810518334	0.029941111603	0.00700393229037	0.0190846557388	-0.0228577560365	-0.0494522116921	-0.0588681451029	0.0481951677176	-0.0767188227145	0.0220365521249	-0.0987456242432	-0.00418919897277	-0.0523949357304	-0.0691388407223	-0.0229042043782	-0.0499084570024	-0.0359610007039	0.0860161824972	-0.000169311235587	-0.00259609798065	0.0192516891722	-0.0823255737068	-0.000237117715919	0.0315537504851	-0.0289975123492	-0.0692119795582	0.0538266079318	-0.00788638338494	-0.0129452458903	0.0215366092304	-0.0268242274423	-0.0915730847332	-0.00941817247144	-0.0224787498466	0.00746009341646	0.0516766975576	-0.0158206099796	0.0140059742909	0.0221134327793	-0.0407731299627	0.00970209868056	-0.0564704894596	0.0388661277372	0.0509246498016	-0.00266295485365	0.0446149406081
k__Bacteria;p__Bacteroidetes;c__Bacteroidia;o__Bacteroidales;f__Bacteroidaceae;g__Bacteroides;s__Bacteroides_cellulosilyticus	0.00402258822469	0.00547286838448	0.0100773264488	0.000148978800217	-0.0738699412398	-0.0235385382513	-0.0465550307	-0.0185947440444	-0.011883048342	-0.0546079348565	-0.0443541926763	-0.011887277977	1.0	0.0336510029773	0.000225259804436	-0.0463134614528	-0.0531981569012	-0.017137640684	-0.0193007697755	-0.0156078274384	-0.0630815554855	0.0132185039405	-0.0830680068198	-0.00767714560348	-0.0468488443477	0.00711793445877	0.0331866098108	-0.0211474543219	-0.0308067334139	-0.00475192091866	0.00268344809047	-0.0493946792042	0.0126168482994	-0.0275149207123	0.0116396691933	-0.0366798909896	0.00508500488568	0.036407236756	-0.0221555830871	-0.00460419028175	-0.0250861137507	0.00326627474741	-0.082325598978	0.0188119414928	0.0065989096017	0.00828592908207	-0.0113036010461	0.055314169744	-0.0466937488864	0.0747308091184	0.0348281229561	0.0172007478053	0.0558152401673	-0.0508800026208	-0.0647722735046	-0.00342167280404	-0.0265519975108	0.0119198704367	-0.00988025605956
k__Bacteria;p__Bacteroidetes;c__Bacteroidia;o__Bacteroidales;f__Rikenellaceae;g__Alistipes;s__Alistipes_obesi	0.0116529440276	-0.0630669633403	-0.0253004099151	0.0145710269355	-0.0584653072452	-0.0710270482801	-0.0132687471597	-0.0137764517432	-0.0287546896284	-0.00891151673249	0.00813682889592	-0.0981810518334	0.0336510029773	1.0	0.0313214735523	0.0441584619228	-0.00179131249286	-0.0215317859284	-0.0597396663521	-0.04436658283	-0.0525997105038	0.0102456016247	0.0267519693854	0.00161531070728	0.00957627703885	-0.0640781018925	-0.0161134243026	-0.0128866010713	0.0207453758254	-0.0381110822998	0.044155397122	0.00350058027088	-0.00393869922247	0.0220169357124	-0.0912412234896	0.0119823920299	-0.0274898374578	0.0222089421564	-0.0190612616805	-0.00669312072875	-0.00316733259004	-0.103157786702	-0.0165779167832	-0.0234524004497	0.0562757663013	0.0443742103374	-0.0119591401295	0.0201583683299	0.000342977727292	-0.0620945011648	0.0229285413368	-0.00775549836216	0.0247165609207	-0.0023752835425	0.0354822307614	-0.00641585806277	-0.0288658884243	0.00199616835242	0.0143244315509
k__Bacteria;p__Firmicutes;c__Clostridia;o__Clostridiales;f__Lachnospiraceae;g__;s__[Eubacterium]_rectale	-0.0149481879729	-0.0318984945826	0.0125509507772	-0.0275728306702	-0.0399516312921	0.00814590223093	-0.0541794558821	-0.0114413147997	0.0070729349693	-0.0826682368327	0.00783341150964	0.029941111603	0.000225259804436	0.0313214735523	1.0	0.0276166570734	0.00480978899157	-0.00131489406789	-0.0519809662532	-0.0146763209256	0.0551306568054	-0.0145751368485	-0.0243476173204	-0.0736643318584	0.0331246168074	0.0229181608879	0.0353710746567	-0.0603272943589	-0.0525037464306	0.00503293605714	-0.0788570819735	-0.00376786568604	-0.0536985618391	-0.00428004008801	-0.0290852115555	0.0410870323263	-0.0663040696038	0.0124045518425	0.0267710366809	0.00166141344376	0.0257097286269	-0.0647600203639	0.0365685363819	-0.0629702826894	0.0353180547337	-0.0751519431175	-0.008506319951	0.00985843238296	0.0137429507326	0.045898228438	-0.0174058018217	-0.000799513635482	0.0358088475913	-0.0137097615824	0.0147084473352	0.00801389756066	0.016882936539	0.0894866215841	-0.01149252648
k__Bacteria;p__Bacteroidetes;c__Bacteroidia;o__Bacteroidales;f__Bacteroidaceae;g__Bacteroides;s__Bacteroides_plebeius	0.0144370150693	-0.0747563464019	-0.0380775678475	-0.0151215783091	0.048208117808	-0.0562809576607	-0.00944784812113	0.0203135661526	-0.0681585647033	0.0583712475726	-0.0709028494464	0.00700393229037	-0.0463134614528	0.0441584619228	0.0276166570734	1.0	-0.050475042797	0.0226840094309	-0.0986890485408	0.021831030727	0.0519770082245	-0.0209229011748	0.0654068974144	-0.00476417572468	0.0206251004656	0.00840663770195	0.0116876620125	0.00595461123472	0.0237049913234	-0.0031898265471	-0.0171318650045	-0.00269628567079	-0.0815022574552	-0.00687311322918	0.0293250700769	0.0312817140655	0.000789514782596	0.0595136862352	0.0157508609229	0.0032926957249	0.0301703585803	-0.0485800681533	-0.0750415808876	0.103527291771	-0.0338367593669	-0.0692564945831	0.00326087014064	0.036531392551	-0.0437516007249	-0.0641929013452	0.0386148163232	-0.0120207965046	-0.0494346994185	-0.0264405775147	-0.0233643808233	0.0121230142967	-0.00627763588625	-0.00431670434786	0.0774286970983
k__Bacteria;p__Bacteroidetes;c__Bacteroidia;o__Bacteroidales;f__Bacteroidaceae;g__Bacteroides;s__Bacteroides_fragilis	-0.0141205430381	0.0493297832818	-0.0561873214658	0.0145926312681	0.0729363343381	-0.0471511861392	0.0142088772208	0.0204342035705	0.0148629901161	-0.0345140977185	-0.00548317302897	0.0190846557388	-0.0531981569012	-0.00179131249286	0.00480978899157	-0.050475042797	1.0	0.0577125742436	-0.0263134568802	-0.0287592595115	0.0576232151281	-0.00386587377811	0.0390463755984	-0.0639527658533	-0.0689956081238	-0.0194401554573	-0.0220196962619	0.0742497868743	-0.0173459257514	-0.0313652600595	-0.0396570891547	0.00303801280182	-0.0334359044165	0.0106773981364	0.0107807177174	0.015707552567	-0.0242613264437	-0.0312356936434	-0.0431361567171	0.0798312755297	-0.0800121283514	0.0082930995077	-0.0470947463814	-0.00655697605519	-0.00895905021491	0.0374085150324	0.00765709807642	0.047054188402	0.00359223187731	-0.0167303493335	0.0238297631733	0.0507920750204	-0.00153782147874	0.00395194103453	-0.0358961327751	0.0159479721635	0.0655027718877	-0.0356880956881	0.0145748087663
k__Bacteria;p__Proteobacteria;c__Betaproteobacteria;o__Burkholderiales;f__Sutterellaceae;g__Sutterella;s__Sutterella_wadsworthensis	-0.0197374061908	0.0573341556555	0.00847525727	-0.0519439923681	-0.031803572479	-0.0425749802393	0.00584745714052	0.0725857133479	0.029053535863	-0.0131909416625	0.046991971417	-0.0228577560365	-0.017137640684	-0.0215317859284	-0.00131489406789	0.0226840094309	0.0577125742436	1.0	-0.0383435104376	0.0252431564869	0.062810730051	-0.0274312770937	0.0199377403983	-0.0178355737708	0.0247239375891	0.00327109594773	-0.0444022781688	-0.0677210743527	-0.0033758146234	-0.0383024948704	0.0668640212489	0.0386205441941	-0.0543028665909	-0.0378101468461	-0.018515281006	-0.0272399026893	-0.024509893619	0.054331233938	-0.0187833396414	-0.0244368750064	-0.0160951721171	0.0342007045333	-0.066398240542	-0.0128790788387	0.00970296143385	0.0465902433566	-0.0318461690579	-0.0592754256342	-0.0857082113462	-0.0758916393533	0.0265650038946	0.0440166688615	0.0804733960435	-0.00856786517117	0.0059371493824	-0.0328595044316	-0.0320765327909	-0.0659492563645	-0.115624500819
k__Bacteria;p__Bacteroidetes;c__Bacteroidia;o__Bacteroidales;f__Porphyromonadaceae;g__Barnesiella;s__Barnesiella_intestinihominis	0.0820547325744	-0.0244169778799	-0.017364111509	0.016475075502	-0.0350113309063	0.024767397678	-0.00430498729272	0.0424662051621	-0.0383760731869	-0.0134963444173	-0.0203320941518	-0.0494522116921	-0.0193007697755	-0.0597396663521	-0.0519809662532	-0.0986890485408	-0.0263134568802	-0.0383435104376	1.0	-0.0122067861416	-0.0412673027579	0.0670123766238	-0.0332285578508	0.0286565145707	-0.0491685784426	-0.0835610518474	-0.0266609922511	0.0274475995752	-0.0469900008635	0.0527738517846	-0.0259779047828	0.0188360569929	-0.0557276912691	-0.0365467764478	0.0399962757009	0.0607492599761	-0.00658594741645	-0.0435471324909	0.0495948184872	-0.0504535579536	-0.0623692172538	0.0109279501676	0.0119634669618	-0.0166500409822	0.0150800311048	-0.0759635087211	-0.0337165385988	0.0338155804537	-0.000790454350204	0.0714518236401	-0.0119991047437	-0.0229125171142	0.0273250148636	0.0425647763693	0.00463504953026	-0.013110482973	-0.0101048493576	0.0184704226663	-0.0891083042467
k__Bacteria;p__Bacteroidetes;c__Bacteroidia;o__Bacteroidales;f__Odoribacteraceae;g__Odoribacter;s__Odoribacter_splanchnicus	0.033596576952	0.0323968456957	0.00526927675707	0.0464619653979	0.0200305168021	-0.058807167577	0.0128849674446	-0.0419176307462	-0.021322359372	-0.0411958068112	-0.0527395669338	-0.0588681451029	-0.0156078274384	-0.04436658283	-0.0146763209256	0.021831030727	-0.0287592595115	0.0252431564869	-0.0122067861416	1.0	0.0283241029685	0.0334493628572	0.0700993087474	-0.0281785866674	-0.0189993428002	-0.064646256662	0.0112337857958	-0.0101414075312	0.0284033714438	0.0617801888211	-0.00522036780737	0.0391395093204	-0.0969939133033	0.0491601955653	-0.00242796695466	-0.0174967960961	0.0326376586325	-0.0264251535055	-0.0430664421043	-0.0506482946699	0.00324662929778	-0.0107301883041	-0.0123922563492	-0.0367054145232	-0.0133136888025	-0.0166584694326	-0.0326617018211	-0.0198551199345	-0.083398455341	0.0035469084216	-0.0414663033437	-0.0330307227992	-0.0452243552482	-0.061545900885	0.0279367614065	-0.0181517519105	-0.00588357402313	0.0143808605862	0.0453753560331
k__Bacteria;p__Bacteroidetes;c__Bacteroidia;o__Bacteroidales;f__Bacteroidaceae;g__Bacteroides;s__Bacteroides_salyersiae	0.000283093384716	-0.0534827975027	-0.0220859075449	-0.0769120096958	-0.0373449717596	-0.0340476627162	-0.0458369747094	-0.0376963500697	-0.0173414147085	0.00342339916336	-0.00504264597509	0.0481951677176	-0.0630815554855	-0.0525997105038	0.0551306568054	0.0519770082245	0.0576232151281	0.062810730051	-0.0412673027579	0.0283241029685	1.0	-0.0342298449454	-0.00661847606178	0.0162966682246	0.00689976727105	-0.0671834894242	0.0171030360659	-0.0153286418179	-0.0896020401402	0.020371179105	-0.0680319795361	-0.0208329863938	-0.0444915728198	-0.0604987532719	0.0492623882065	-0.030904599841	0.0261266897517	-0.0434608521499	0.0445493300371	0.0106191277293	0.001330941018	-0.030081656309	-0.0804700208813	-0.00114584012588	0.00286819469616	0.0402782695887	-0.014490995481	0.042357669405	-0.0025248509053	-0.0440432534619	0.0248393101306	0.0674534986079	0.0193641967651	0.0192736506086	0.018279299559	-0.00765190089825	-0.0131598257821	-0.0232546914478	-0.0180409663985
k__Bacteria;p__Firmicutes;c__Clostridia;o__Clostridiales;f__Ruminococcaceae;g__Ruminiclostridium;s__[Eubacterium]_siraeum	-0.00902820235739	-0.060969900033	-0.0415509818164	0.0262031965642	0.0161521492413	0.0249239569172	-0.00691319503149	-0.006304594714	0.0331485199051	-0.00303872374501	-0.00243886104715	-0.0767188227145	0.0132185039405	0.0102456016247	-0.0145751368485	-0.0209229011748	-0.00386587377811	-0.0274312770937	0.0670123766238	0.0334493628572	-0.0342298449454	1.0	-0.00310800530663	0.0270712772095	-0.0524413583598	-0.032088240502	-0.0161038311165	-0.0254794035827	0.000132743643492	-0.00696496804173	-0.0277070444938	0.0380318519803	-0.00448621582124	0.0282985658127	0.0117326801349	-0.0321866772282	0.00468533474577	-0.0113962664133	-0.0866253252502	-0.0499138509856	-0.00339445611195	-0.0191729054198	0.0352241016603	-0.00894045856173	0.0470482663204	-0.0196255951065	0.0529325887006	-0.0313720985873	-0.0142963078815	-0.011921674514	0.00329461844116	-0.000476420033123	-0.0383654164723	-0.0817285852322	0.0571199410021	0.00930132553016	0.0291008987956	-0.061282188176	0.0181831563918
k__Bacteria;p__Proteobacteria;c__Betaproteobacteria;o__Burkholderiales;f__Sutterellaceae;g__Parasutterella;s__Parasutterella_excrementihominis	0.0297308132157	-0.0651153342792	-0.0173496697645	0.0259951801786	-0.0190471455891	0.0530112734299	0.0476585978923	0.016415007621	0.0582026785813	-0.0702789663781	0.00768718164324	0.0220365521249	-0.0830680068198	0.0267519693854	-0.0243476173204	0.0654068974144	0.0390463755984	0.0199377403983	-0.0332285578508	0.0700993087474	-0.00661847606178	-0.00310800530663	1.0	-0.00488738599541	-0.0333366758669	0.0609672054629	-0.0129185626168	0.0247840247073	0.0225489113026	0.0229615963295	-0.051921583157	-0.0222024424677	0.00476851441063	-0.0229375563315	0.0133372039002	-0.0405555535898	0.00347219227885	-0.02309539713	-0.0198682962503	0.016538845952	-0.0493136711712	-0.0984932999024	-0.0185847615147	-0.0675473444014	0.00938344844199	-0.0166726731103	-0.000396614489261	-0.050223181617	-0.0544818241301	-0.0846660319026	-0.00626256052675	-0.0239409207639	-0.0630607473974	-0.0192526190786	0.0272202981813	-0.0627612837336	-0.0140012543251	-0.0132944728153	-0.10187380699
k__Bacteria;p__Actinobacteria;c__Actinobacteria;o__Bifidobacteriales;f__Bifidobacteriaceae;g__Bifidobacterium;s__Bifidobacterium_adolescentis	0.00152472576123	-0.0866323466776	-0.0131195773042	0.0235107209618	0.0587463315469	0.0296772847847	0.0707869298939	0.00596680156538	-0.0166448483278	-0.024828055742	-0.00832145504745	-0.0987456242432	-0.00767714560348	0.00161531070728	-0.0736643318584	-0.00476417572468	-0.0639527658533	-0.0178355737708	0.0286565145707	-0.0281785866674	0.0162966682246	0.0270712772095	-0.00488738599541	1.0	-0.0480966618247	0.0198880977365	0.000424233696635	-0.0137154174174	0.0136134681122	0.0253741605289	-0.0287252916306	0.0230178370393	-9.23068191383e-05	-0.0214000539734	-0.107183753011	-0.00408531830914	0.0822822112074	0.0121456685838	-0.0603601080283	-0.0374141192622	0.0327013951934	-0.0512892074102	-0.000367461207679	0.0209853786525	0.00902483848915	-0.0111920054288	0.0395447019695	-0.0251990521067	-0.0446806290925	0.00901230834485	-0.0824696288442	0.02583390905	-0.0374513824175	-0.0615880109396	-0.0447021260393	-0.0511105659537	-0.00738652793641	-0.07305692192	-0.0338201652614
k__Bacteria;p__Firmicutes;c__Clostridia;o__Clostridiales;f__Oscillospiraceae;g__Oscillibacter;s__Oscillibacter_sp._KLE_1745	0.0238370567474	-0.0768013775542	0.00523761698677	0.00212084906695	0.00966819055053	0.0658348467961	0.00266387447945	0.0132187533899	-0.0374384092614	-0.0527298083465	0.00936494033046	-0.00418919897277	-0.0468488443477	0.00957627703885	0.0331246168074	0.0206251004656	-0.0689956081238	0.0247239375891	-0.0491685784426	-0.0189993428002	0.00689976727105	-0.0524413583598	-0.0333366758669	-0.0480966618247	1.0	-0.0707877238671	-0.0770694716665	-0.00385443592495	-0.00663430642824	-0.0677035792266	0.0171262234337	-0.0276227633796	0.0219672461969	-0.0516910390619	-0.0476677341344	-0.0209360133166	-0.0348670049974	0.0386330875679	0.04191654408	-0.0755095357927	-0.0322539889262	-0.0247068442752	0.0387341804946	0.00152599569819	0.0239134488501	0.0423467087632	-0.0644174379772	0.0811843169975	0.00808747609319	-0.0344669679362	0.0457720619998	0.0784875114177	0.00735538426961	0.0464959056889	-0.0191879195572	0.00685364333978	-0.030423431992	-0.0115288006932	0.0149225355007
k__Bacteria;p__Bacteroidetes;c__Bacteroidia;o__Bacteroidales;f__Bacteroidaceae;g__Bacteroides;s__Bacteroides_coprophilus	-0.0459165206784	0.0148371200706	-0.0303023194455	0.008529901579	-0.0594363299266	-0.0385023846841	-0.0458994875421	0.012261954075	-0.0464569530711	-0.00834667658372	-0.0297556420588	-0.0523949357304	0.00711793445877	-0.0640781018925	0.0229181608879	0.00840663770195	-0.0194401554573	0.00327109594773	-0.0835610518474	-0.064646256662	-0.0671834894242	-0.032088240502	0.0609672054629	0.0198880977365	-0.0707877238671	1.0	0.0212949045443	0.00969070680219	0.0242074933859	-0.0350020782246	0.0218081295773	-0.0437415617783	-0.0664467267533	-0.12345761636	0.0527662089783	-0.039061456457	0.0796256195701	-0.00439529806526	-0.0245598127876	0.000156556142098	0.0284576247343	-0.00219466959584	0.038026237725	0.0295896676941	-0.0164340416341	0.00580003280538	0.0179829840532	0.0130896263664	-0.00942822106639	0.017564923425	-0.0276246691535	-0.057608542721	0.0222820856853	0.0608532121693	0.0351447338039	0.000145988293501	-0.00522493955803	0.0419216310646	0.00956548008666
k__Bacteria;p__Firmicutes;c__Clostridia;o__Clostridiales;f__Lachnospiraceae;g__Roseburia;s__Roseburia_intestinalis	-0.0198991799538	0.0227284903729	-0.0182358184827	-0.0422478379368	-0.0077521291695	0.0112453753106	-0.0755006228671	-0.00511730959859	-0.0498656492613	0.0204909361345	0.018241989535	-0.0691388407223	0.0331866098108	-0.0161134243026	0.0353710746567	0.0116876620125	-0.0220196962619	-0.0444022781688	-0.0266609922511	0.0112337857958	0.0171030360659	-0.0161038311165	-0.0129185626168	0.000424233696635	-0.0770694716665	0.0212949045443	1.0	0.0434427073838	0.051497210204	0.0272221208828	0.0185301340986	0.0208868763649	-0.0336126162666	-0.0510351726548	-0.0353350455147	0.0341397479995	-0.00948184480168	0.0936750521898	0.0191120837993	-0.0123700298905	-0.0257078375746	-0.0051073945307	0.00695091460643	-0.0113793407584	-0.0544149289635	-0.011907043663	-0.0586774977553	0.0594900521282	0.0302659833327	-0.0251361955316	0.00871870279065	-0.0791190671741	0.00691635283433	0.000967753894356	-0.00582257649117	0.0214723201726	-0.0353724444965	-0.104948885175	-0.0492808157739
k__Bacteria;p__Firmicutes;c__Clostridia;o__Clostridiales;f__Lachnospiraceae;g__Roseburia;s__Roseburia_hominis	-0.00694144883836	-0.0128938368702	0.0226832658081	-0.00636566805277	0.0275519328872	-0.0317111510532	0.0256657550473	0.0291533056547	-0.0170888299259	0.0548790805506	-0.00325071258841	-0.0229042043782	-0.0211474543219	-0.0128866010713	-0.0603272943589	0.00595461123472	0.0742497868743	-0.0677210743527	0.0274475995752	-0.0101414075312	-0.0153286418179	-0.0254794035827	0.0247840247073	-0.0137154174174	-0.00385443592495	0.00969070680219	0.0434427073838	1.0	0.00700071847815	-0.0194035463664	-0.0735930708582	-0.0113430969537	-0.0900073376439	-0.00932813906187	-0.051936232597	0.0115856997746	0.033849164716	0.00132895649593	-0.034399486479	-0.0156255892434	-0.0115925852247	-0.0109107733927	-0.0102492267321	-0.0237442168975	-0.0584915370689	0.00751660286086	-0.099686063271	0.0625762456385	-0.0832606152809	-0.045357889942	-0.0242807095936	-0.0117619035888	-0.0943195971952	-0.0732780528798	0.00463231678507	-0.0156108353688	-0.000868187743523	0.0243876768455	-0.0627159940231
k__Bacteria;p__Bacteroidetes;c__Bacteroidia;o__Bacteroidales;f__Porphyromonadaceae;g__Parabacteroides;s__Parabacteroides_johnsonii	-0.103951262168	0.0669720951369	-0.0363558683163	0.00827701494971	-0.0171833994684	0.0244522335066	-0.0511087643376	-0.0753420730524	0.0530407486625	-0.0149972624623	-0.0362637522918	-0.0499084570024	-0.0308067334139	0.0207453758254	-0.0525037464306	0.0237049913234	-0.0173459257514	-0.0033758146234	-0.0469900008635	0.0284033714438	-0.0896020401402	0.000132743643492	0.0225489113026	0.0136134681122	-0.00663430642824	0.0242074933859	0.051497210204	0.00700071847815	1.0	-0.0325192411864	0.085502117135	-0.0136938427724	-0.0381252041982	0.0677966074668	0.0620787252916	-0.0378710916057	0.0167587715644	-0.0173740829049	-0.0635018107689	-0.0168639537888	0.0164238383186	0.0520103048657	-0.0582229583304	-0.0301302245003	-0.0214648395164	-0.0380120986365	-0.063302120889	-0.0409926779857	0.0794302456664	-0.025290811906	-0.0582772438547	-0.041018178923	0.0195864969847	0.0290610194269	-0.0243393494707	-0.000568206454049	-0.039577783955	-0.00279968132803	0.0437921390687
k__Bacteria;p__Actinobacteria;c__Actinobacteria;o__Bifidobacteriales;f__Bifidobacteriaceae;g__Bifidobacterium;s__Bifidobacterium_longum	0.0146217195849	0.0414915998653	0.0463182033677	-0.0739970121186	-0.0862375526363	-0.0952209201439	0.0593822954585	-0.0900514959076	0.0465946429444	-0.0680155068402	-0.0251512660851	-0.0359610007039	-0.00475192091866	-0.0381110822998	0.00503293605714	-0.0031898265471	-0.0313652600595	-0.0383024948704	0.0527738517846	0.0617801888211	0.020371179105	-0.00696496804173	0.0229615963295	0.0253741605289	-0.0677035792266	-0.0350020782246	0.0272221208828	-0.0194035463664	-0.0325192411864	1.0	-0.133310481708	-0.0673999813161	-0.0406737421376	0.0410180588651	0.0766857501227	-0.00603282874695	-0.0296968706837	0.00365461192155	-0.087606613137	0.000920829330197	0.0161077194548	-0.0458007617343	-0.0547110620817	-0.0160113392612	0.0483571655713	-0.0191677328895	-0.0206426941363	0.00855460068168	-0.0463124113087	0.00198038164199	0.029031039114	-0.000270135351149	0.015110562521	-0.00679197654825	-0.0451399737995	0.0239194068801	0.00786174165429	-0.025581628335	-0.00844390412561
