#taxonomy	k__Bacteria;p__Bacteroidetes;c__Bacteroidia;o__Bacteroidales;f__Bacteroidaceae;g__Bacteroides;s__Bacteroides_vulgatus	k__Bacteria;p__Bacteroidetes;c__Bacteroidia;o__Bacteroidales;f__Bacteroidaceae;g__Bacteroides;s__Bacteroides_uniformis	k__Bacteria;p__Bacteroidetes;c__Bacteroidia;o__Bacteroidales;f__Rikenellaceae;g__Alistipes;s__Alistipes_putredinis	k__Bacteria;p__Bacteroidetes;c__Bacteroidia;o__Bacteroidales;f__Prevotellaceae;g__Prevotella;s__Prevotella_copri	k__Bacteria;p__Bacteroidetes;c__Bacteroidia;o__Bacteroidales;f__Bacteroidaceae;g__Bacteroides;s__Bacteroides_stercoris	k__Bacteria;p__Bacteroidetes;c__Bacteroidia;o__Bacteroidales;f__Bacteroidaceae;g__Bacteroides;s__Bacteroides_ovatus	k__Bacteria;p__Bacteroidetes;c__Bacteroidia;o__Bacteroidales;f__Rikenellaceae;g__Alistipes;s__Alistipes_shahii	k__Bacteria;p__Firmicutes;c__Clostridia;o__Clostridiales;f__Ruminococcaceae;g__Faecalibacterium;s__Faecalibacterium_prausnitzii	k__Bacteria;p__Bacteroidetes;c__Bacteroidia;o__Bacteroidales;f__Rikenellaceae;g__Alistipes;s__Alistipes_finegoldii	k__Bacteria;p__Bacteroidetes;c__Bacteroidia;o__Bacteroidales;f__Porphyromonadaceae;g__Parabacteroides;s__Parabacteroides_distasonis	k__Bacteria;p__Bacteroidetes;c__Bacteroidia;o__Bacteroidales;f__Bacteroidaceae;g__Bacteroides;s__Bacteroides_thetaiotaomicron	k__Bacteria;p__Bacteroidetes;c__Bacteroidia;o__Bacteroidales;f__Bacteroidaceae;g__Bacteroides;s__Bacteroides_coprocola	k__Bacteria;p__Bacteroidetes;c__Bacteroidia;o__Bacteroidales;f__Bacteroidaceae;g__Bacteroides;s__Bacteroides_cellulosilyticus	k__Bacteria;p__Bacteroidetes;c__Bacteroidia;o__Bacteroidales;f__Rikenellaceae;g__Alistipes;s__Alistipes_obesi	k__Bacteria;p__Firmicutes;c__Clostridia;o__Clostridiales;f__Lachnospiraceae;g__;s__[Eubacterium]_rectale	k__Bacteria;p__Bacteroidetes;c__Bacteroidia;o__Bacteroidales;f__Bacteroidaceae;g__Bacteroides;s__Bacteroides_plebeius	k__Bacteria;p__Bacteroidetes;c__Bacteroidia;o__Bacteroidales;f__Bacteroidaceae;g__Bacteroides;s__Bacteroides_fragilis	k__Bacteria;p__Proteobacteria;c__Betaproteobacteria;o__Burkholderiales;f__Sutterellaceae;g__Sutterella;s__Sutterella_wadsworthensis	k__Bacteria;p__Bacteroidetes;c__Bacteroidia;o__Bacteroidales;f__Porphyromonadaceae;g__Barnesiella;s__Barnesiella_intestinihominis	k__Bacteria;p__Bacteroidetes;c__Bacteroidia;o__Bacteroidales;f__Odoribacteraceae;g__Odoribacter;s__Odoribacter_splanchnicus	k__Bacteria;p__Bacteroidetes;c__Bacteroidia;o__Bacteroidales;f__Bacteroidaceae;g__Bacteroides;s__Bacteroides_salyersiae	k__Bacteria;p__Firmicutes;c__Clostridia;o__Clostridiales;f__Ruminococcaceae;g__Ruminiclostridium;s__[Eubacterium]_siraeum	k__Bacteria;p__Proteobacteria;c__Betaproteobacteria;o__Burkholderiales;f__Sutterellaceae;g__Parasutterella;s__Parasutterella_excrementihominis	k__Bacteria;p__Actinobacteria;c__Actinobacteria;o__Bifidobacteriales;f__Bifidobacteriaceae;g__Bifidobacterium;s__Bifidobacterium_adolescentis	k__Bacteria;p__Firmicutes;c__Clostridia;o__Clostridiales;f__Oscillospiraceae;g__Oscillibacter;s__Oscillibacter_sp._KLE_1745	k__Bacteria;p__Bacteroidetes;c__Bacteroidia;o__Bacteroidales;f__Bacteroidaceae;g__Bacteroides;s__Bacteroides_coprophilus	k__Bacteria;p__Firmicutes;c__Clostridia;o__Clostridiales;f__Lachnospiraceae;g__Roseburia;s__Roseburia_intestinalis	k__Bacteria;p__Firmicutes;c__Clostridia;o__Clostridiales;f__Lachnospiraceae;g__Roseburia;s__Roseburia_hominis	k__Bacteria;p__Bacteroidetes;c__Bacteroidia;o__Bacteroidales;f__Porphyromonadaceae;g__Parabacteroides;s__Parabacteroides_johnsonii	k__Bacteria;p__Actinobacteria;c__Actinobacteria;o__Bifidobacteriales;f__Bifidobacteriaceae;g__Bifidobacterium;s__Bifidobacterium_longum	k__Bacteria;p__Firmicutes;c__Clostridia;o__Clostridiales;f__;g__Flavonifractor;s__Flavonifractor_plautii	k__Bacteria;p__Firmicutes;c__Clostridia;o__Clostridiales;f__Clostridiaceae;g__Clostridium;s__Clostridium_phoceensis	k__Bacteria;p__Verrucomicrobia;c__Verrucomicrobiae;o__Verrucomicrobiales;f__Akkermansiaceae;g__Akkermansia;s__Akkermansia_muciniphila	k__Bacteria;p__Bacteroidetes;c__Bacteroidia;o__Bacteroidales;f__Prevotellaceae;g__Paraprevotella;s__Paraprevotella_xylaniphila	k__Bacteria;p__Firmicutes;c__Clostridia;o__Clostridiales;f__Ruminococcaceae;g__Ruminococcus;s__Ruminococcus_callidus	k__Bacteria;p__Bacteroidetes;c__Bacteroidia;o__Bacteroidales;f__Rikenellaceae;g__Alistipes;s__Alistipes_senegalensis	k__Bacteria;p__Firmicutes;c__Clostridia;o__Clostridiales;f__Lachnospiraceae;g__Blautia;s__Blautia_sp._KLE_1732	k__Bacteria;p__Bacteroidetes;c__Bacteroidia;o__Bacteroidales;f__Bacteroidaceae;g__Bacteroides;s__Bacteroides_oleiciplenus	k__Bacteria;p__Firmicutes;c__Clostridia;o__Clostridiales;f__Ruminococcaceae;g__Ruminococcus;s__Ruminococcus_bicirculans	k__Bacteria;p__Bacteroidetes;c__Bacteroidia;o__Bacteroidales;f__Bacteroidaceae;g__Bacteroides;s__Bacteroides_fluxus	k__Bacteria;p__Bacteroidetes;c__Bacteroidia;o__Bacteroidales;f__Prevotellaceae;g__Prevotella;s__Prevotella_stercorea	k__Bacteria;p__Firmicutes;c__Clostridia;o__Clostridiales;f__Lachnospiraceae;g__Dorea;s__Dorea_longicatena	k__Bacteria;p__Firmicutes;c__Clostridia;o__Clostridiales;f__Eubacteriaceae;g__Eubacterium;s__[Eubacterium]_eligens	k__Bacteria;p__Firmicutes;c__Clostridia;o__Clostridiales;f__Ruminococcaceae;g__;s__Ruminococcaceae_bacterium_D16	k__Bacteria;p__Firmicutes;c__Clostridia;o__Clostridiales;f__Lachnospiraceae;g__Coprococcus;s__Coprococcus_comes	k__Bacteria;p__Proteobacteria;c__Gammaproteobacteria;o__Enterobacterales;f__Enterobacteriaceae;g__Escherichia;s__Escherichia_coli	k__Bacteria;p__Firmicutes;c__Clostridia;o__Clostridiales;f__Ruminococcaceae;g__Anaerotruncus;s__Anaerotruncus_colihominis	k__Bacteria;p__Firmicutes;c__Clostridia;o__Clostridiales;f__Lachnospiraceae;g__Blautia;s__Blautia_obeum	k__Bacteria;p__Bacteroidetes;c__Bacteroidia;o__Bacteroidales;f__Odoribacteraceae;g__Odoribacter;s__Odoribacter_laneus	k__Bacteria;p__Firmicutes;c__Clostridia;o__Clostridiales;f__Ruminococcaceae;g__Ruminiclostridium;s__[Clostridium]_leptum	k__Bacteria;p__Bacteroidetes;c__Bacteroidia;o__Bacteroidales;f__Porphyromonadaceae;g__Parabacteroides;s__Parabacteroides_goldsteinii	k__Bacteria;p__Firmicutes;c__Clostridia;o__Clostridiales;f__Lachnospiraceae;g__Anaerostipes;s__Anaerostipes_hadrus	k__Bacteria;p__Firmicutes;c__Clostridia;o__Clostridiales;f__Ruminococcaceae;g__Ruminococcus;s__Ruminococcus_lactaris	k__Bacteria;p__Firmicutes;c__Clostridia;o__Clostridiales;f__Clostridiaceae;g__Clostridium;s__Clostridium_sp._L2-50	k__Bacteria;p__Firmicutes;c__Clostridia;o__Clostridiales;f__Clostridiaceae;g__Clostridium;s__Clostridium_sp._M62/1	k__Bacteria;p__Firmicutes;c__Clostridia;o__Clostridiales;f__;g__Intestinimonas;s__Intestinimonas_butyriciproducens	k__Bacteria;p__Actinobacteria;c__Actinobacteria;o__Bifidobacteriales;f__Bifidobacteriaceae;g__Bifidobacterium;s__Bifidobacterium_bifidum	k__Bacteria;p__Firmicutes;c__Negativicutes;o__Veillonellales;f__Veillonellaceae;g__Dialister;s__Dialister_invisus	k__Bacteria;p__Bacteroidetes;c__Bacteroidia;o__Bacteroidales;f__Bacteroidaceae;g__Bacteroides;s__Bacteroides_salanitronis
k__Bacteria;p__Bacteroidetes;c__Bacteroidia;o__Bacteroidales;f__Bacteroidaceae;g__Bacteroides;s__Bacteroides_vulgatus	1.0	-0.0428889296856	-0.015520547537	-0.0508637538951	-0.0263305528449	-0.0454240821148	0.00874777130068	-0.00227967787079	-0.0200716676754	-0.012853950062	-0.0296288232991	-0.00309647064954	-0.0298429905924	-0.026763919219	0.0140704720007	0.00699095816665	0.00688476413953	0.0471435356411	0.0270869657831	0.0215499987699	-0.0583862339732	-0.0557277556232	-0.0489429032977	0.00600434431437	0.0637659963256	-0.0239408127002	-0.0957352323636	0.023821582531	-0.0473566845134	-0.00534214985158	-0.0248545336115	0.0252927355404	-0.00242102420091	0.044572611978	-0.0432144140742	-0.0719286215227	0.0547007555236	-0.0105130246114	-0.0299506138175	-0.0103327765758	-0.0689835336404	-0.0394932527273	0.0192910662834	-0.0219369694336	0.0310005041081	0.0118264520497	-0.00409726191219	0.00348466460374	0.00847442543612	-0.0594668945004	0.00486716122083	-0.0096712333728	0.0605717512995	0.0258188662484	-0.0431199702814	0.00817163968415	-0.010333610042	0.00897311917503	0.0256615731092
k__Bacteria;p__Bacteroidetes;c__Bacteroidia;o__Bacteroidales;f__Bacteroidaceae;g__Bacteroides;s__Bacteroides_uniformis	-0.0428889296856	1.0	-0.0268713022328	-0.0111343228991	0.0122754437614	-0.0490505202127	-0.0526685670669	0.00384990786619	-0.0864337616353	-0.0237907569052	-0.0101606759117	-0.0401027097354	-0.0296584915141	0.000552189324333	-0.00881233941075	-0.0658518405098	0.0428147441392	0.0308059367119	-0.066013850292	-0.108153695774	-0.0530750343412	-0.0145379893966	-0.0254086211142	0.0668314455113	0.0529675846211	0.0878124238943	0.0756582161661	-0.0181976840063	-0.0127588290623	-0.0664120907889	0.0373396712676	-0.00644466778215	0.0210452164402	-0.0618935998487	-0.017862033974	-0.0296130335277	0.00706883931065	0.0141419430831	0.0205185181413	0.001769420568	-0.0142762227897	0.0656607658941	-0.0774986424009	-0.0758011804605	0.0546863910545	-0.0756906025341	-0.0119119605192	-0.0442469481559	-0.0115696389401	0.00147977235572	0.022614388463	0.0073786168866	-0.0728105552453	0.0402309144859	-0.0333570441384	-0.0266970158149	-0.00519134084896	-0.0257828887522	0.0136071893699
k__Bacteria;p__Bacteroidetes;c__Bacteroidia;o__Bacteroidales;f__Rikenellaceae;g__Alistipes;s__Alistipes_putredinis	-0.015520547537	-0.0268713022328	1.0	-0.0290768016337	0.0336979887805	-0.00477908672609	0.0427479466943	-0.0574338984582	-0.0543211850616	0.0825401460218	-0.00632331500905	0.0495158783309	0.0493434279519	-0.013268490321	-0.00377961288178	-0.0336192667645	0.0592923057003	-0.0671526433617	0.0115448688415	0.043858954825	-0.00213550637559	0.00135876806845	-0.0267991410694	-0.0573076327357	0.000828753791239	-0.0884134150636	0.0250367007866	-0.00812174997931	0.0137387617639	-0.0047982315732	-0.0339365600168	0.00909443229958	0.0129115778448	-0.00504057127916	-0.034277413647	0.0186041242014	-0.00884418243836	-0.0535461519956	-0.0185476281811	-0.0308738140499	-0.0483931806526	-0.042577805614	0.0215266522299	0.0103377073352	-0.0125850437425	-0.0151808327309	-0.0126103918175	0.013801767839	-0.0672918718657	0.0182883428718	-0.0579101945	-0.0085749363873	-0.0647741697156	-0.0254963135091	-0.00171989714672	-0.0721806353137	-0.0190795409902	-0.0325618394433	0.0223511040001
k__Bacteria;p__Bacteroidetes;c__Bacteroidia;o__Bacteroidales;f__Prevotellaceae;g__Prevotella;s__Prevotella_copri	-0.0508637538951	-0.0111343228991	-0.0290768016337	1.0	-0.0033092976163	0.0200129161631	0.0767479069073	0.0127009275775	0.00457800664761	-0.0143752362344	-0.0219342848375	0.0453908280778	0.0110299613814	-0.0717003420892	-0.0157102272266	-0.0201446350798	0.0401873894162	0.0256408683971	-0.0255825303735	0.0757609943807	0.0181727091713	-0.00540339831967	-0.0254377741691	-0.00174349394783	-0.0390415230414	0.0363338798566	-0.0497924521496	0.0114068188675	0.0412131649954	-0.00291668821095	-0.0224285095225	0.0032472331196	-0.0210847858183	0.0349217713251	0.0109255753568	0.0142003646566	-0.0339695999297	-0.00469133160213	-0.0402240305813	0.0513555758237	-0.0263817629058	-0.0529588491399	-0.00198082029136	-0.0571905288778	-0.0279930935966	-0.00672486507564	0.0215340539352	-0.0641375395699	-0.00985212235998	-0.0668699087818	0.0410021894624	0.0644956261971	-0.0125404973527	0.00511965903825	-0.0359962006791	-0.0513553926818	-0.0978993103723	0.0196007020538	-0.0323762393318
k__Bacteria;p__Bacteroidetes;c__Bacteroidia;o__Bacteroidales;f__Bacteroidaceae;g__Bacteroides;s__Bacteroides_stercoris	-0.0263305528449	0.0122754437614	0.0336979887805	-0.0033092976163	1.0	-0.0266252346388	0.0617136351189	-0.0101066852972	0.0408408372979	-0.017359159707	0.0133665687448	0.0785042729759	-0.00618498818394	0.0139421083922	-0.00514445373252	0.00798071878155	-0.00289189883674	-0.060027999773	-0.072488209716	-0.0445368015058	-0.00491906412523	0.0702908501172	-0.0324541013894	0.00481657199769	-0.0904961249344	-0.0476529822945	-0.0236862482628	0.00334343750956	-0.0256402708269	-0.0115766409641	0.0101140526148	0.00983602204587	-0.00338790648487	-0.023943711345	-0.0851185054781	0.014921423319	-0.0110768846153	-0.00742774214856	-0.028828354519	-0.0431744072903	0.0491095109916	-0.010086535002	-0.03819177875	-0.0790438580903	0.0650351902055	-0.0590919470753	-0.00121768145769	0.00953823297812	0.0460933430695	-0.0537222063841	-0.0196509850069	0.0563045875137	0.0345884338437	0.0548035448965	-0.0566002354133	0.0311617726164	-0.0195151048204	-0.000158071256885	-0.0207195824981
k__Bacteria;p__Bacteroidetes;c__Bacteroidia;o__Bacteroidales;f__Bacteroidaceae;g__Bacteroides;s__Bacteroides_ovatus	-0.0454240821148	-0.0490505202127	-0.00477908672609	0.0200129161631	-0.0266252346388	1.0	-0.0445518052418	-0.101066276071	-0.0206008096995	0.0262588011663	-0.0334923380714	0.0336163603727	-0.0458294526811	-0.0409110089312	-0.0332609613578	0.00606065071545	-0.0695911127192	0.0136576473352	0.0305936910142	0.0447877019973	-0.0831080214964	-0.0207205971618	-0.0456666873309	-0.0144692912985	0.0270323743384	0.0344903202528	-0.0176208854429	-0.0630974749331	-0.0017943073449	-0.0603690377301	-0.00315504061839	-0.0599026376384	0.0343135340758	0.025918566419	0.0126818897483	-0.00299739854426	0.006744089038	-0.0168524929225	0.000211237655947	-0.0221916555903	-0.025506609128	-0.00368122833475	0.0845836327728	-0.0572035907303	-0.0403407987963	-0.037057851662	-0.0277726746161	-0.026760430286	0.00197789337443	0.00517225927322	-0.0898351584145	0.000279231472484	-0.041951649923	0.00600634795569	-0.0124139742822	-0.0576989915842	0.00876074764798	0.0212632880355	0.0222169003913
k__Bacteria;p__Bacteroidetes;c__Bacteroidia;o__Bacteroidales;f__Rikenellaceae;g__Alistipes;s__Alistipes_shahii	0.00874777130068	-0.0526685670669	0.0427479466943	0.0767479069073	0.0617136351189	-0.0445518052418	1.0	-0.00539200986314	-0.00357930746901	0.00893492966403	-0.0820237564071	-0.0406595829575	-0.0472512255929	-0.0380763069724	-0.056543194516	0.0290253369538	-0.0269364379158	0.0437322520731	-0.0404301474317	-0.0148638755955	0.00868379254088	0.0146215008901	-0.0570815343834	-0.0158455043066	-0.00366904831479	-0.0927443949391	-0.0290886604841	0.021894201278	-0.0321830216189	-0.0626716369177	-0.0795324506048	-0.0110903595741	-0.0547528094671	0.00361575217917	-0.0300309747626	-0.0253500251957	-0.0242712962693	-0.0257464849493	-0.0393466381145	-0.0182569955822	0.0114713101433	0.0131313659987	0.0192686745309	0.010087044367	0.00609616903796	0.0477368674399	-0.0157845303143	0.0297372398107	-0.0194920525151	-0.05228864228	0.0372168033098	0.0286771425215	-0.022397184491	0.00124146319599	-0.0363635190829	-0.0470423628556	-0.0216165338829	0.0451181986308	0.0354025035457
k__Bacteria;p__Firmicutes;c__Clostridia;o__Clostridiales;f__Ruminococcaceae;g__Faecalibacterium;s__Faecalibacterium_prausnitzii	-0.00227967787079	0.00384990786619	-0.0574338984582	0.0127009275775	-0.0101066852972	-0.101066276071	-0.00539200986314	1.0	-0.0193034395472	-0.0154626386827	0.0202640034731	-0.069189353823	-0.00538062109289	-0.0391725007938	0.0495304365286	-0.00409155164623	-0.00646291334697	0.00508958370114	0.00878050482455	0.0505248196726	-0.0131891498795	0.0167943510891	0.00372466070561	-0.0107537188099	-0.0516400280935	0.0206458641411	-0.0372537164161	-0.00722522930537	-0.0547798826431	0.023097535442	0.0386009386057	-0.0679185003875	-0.0240204146478	-0.0316239635411	-0.0183558805278	-0.0218286731134	-0.0840407101168	0.00800408909506	0.0590969920899	-0.052549211633	0.065203617398	0.0496046544029	-0.0161055863979	0.0360399475902	-0.0460101589712	-0.0300947110782	0.0277702763842	0.0101029836346	0.00529382886139	0.00721830089114	-0.00232287427796	-0.0216075501653	0.0767729484851	-0.0990994661646	-0.0801996247414	-0.0128951827643	-0.0423205891569	-0.0508252057412	0.0424089458088
k__Bacteria;p__Bacteroidetes;c__Bacteroidia;o__Bacteroidales;f__Rikenellaceae;g__Alistipes;s__Alistipes_finegoldii	-0.0200716676754	-0.0864337616353	-0.0543211850616	0.00457800664761	0.0408408372979	-0.0206008096995	-0.00357930746901	-0.0193034395472	1.0	0.0246503797663	-0.00648372317343	0.0108592686029	0.0785483640273	-0.0135571411445	0.0252830156421	0.0165746605536	0.0201761433252	-0.0654839596599	-0.0589652918851	-0.0407555869632	0.0240347505989	0.00948258802969	0.0519869957264	-0.0271333049761	0.00354012339282	0.0325447324112	-0.0257228744715	0.0301227589963	0.00257034302925	-0.0823326545312	-0.00538477353244	-0.0208980355029	-0.0282968725118	-0.0375061559438	-0.0212200715017	0.0345802253553	0.023791574112	-0.0451536369644	-0.0171091933384	0.00401843016875	-0.0119126974089	-0.0210090615849	0.0206121095012	-0.0164642938236	-0.0183929505618	-0.0413128588179	0.00545429200745	0.0682388761982	-0.0185043135641	-0.0309703254313	-0.0633138968014	0.0326071094071	0.0204203594516	0.0144020019991	0.0257324746568	-0.0067533169145	0.00530045265255	0.0369772549902	-0.0760367006235
k__Bacteria;p__Bacteroidetes;c__Bacteroidia;o__Bacteroidales;f__Porphyromonadaceae;g__Parabacteroides;s__Parabacteroides_distasonis	-0.012853950062	-0.0237907569052	0.0825401460218	-0.0143752362344	-0.017359159707	0.0262588011663	0.00893492966403	-0.0154626386827	0.0246503797663	1.0	-0.019033456281	-0.00140649242207	-0.00815934437831	-0.0537002036014	0.0209164558447	-0.0327111419105	-0.00352477498043	-0.0512551412963	-0.0172725525124	0.00585790677554	0.0107100177279	-0.0127604465298	0.0247120904224	0.0309857234451	-0.0403027035818	-0.0156569096213	0.0156483476082	-0.0184515256542	0.0476230995631	-0.0686819180237	0.0223127521561	0.0537591865734	-0.0189264898183	0.0372470516658	-0.0418057067689	0.0136154124693	-0.00289020030118	0.022899114074	0.00058024887192	0.00390079551495	-0.0464058924407	-0.00388052336911	-0.0599622443044	-0.0175223960595	-0.036457113785	-0.0150330956972	-0.036461851133	0.012428620868	-0.0370692612442	0.0552610118208	0.0277461076621	0.0289847365286	-0.0499201442388	0.00119653749425	0.00708516972569	-0.0318786570533	0.0108039397584	0.00762509179834	-0.0551671486353
k__Bacteria;p__Bacteroidetes;c__Bacteroidia;o__Bacteroidales;f__Bacteroidaceae;g__Bacteroides;s__Bacteroides_thetaiotaomicron	-0.0296288232991	-0.0101606759117	-0.00632331500905	-0.0219342848375	0.0133665687448	-0.0334923380714	-0.0820237564071	0.0202640034731	-0.00648372317343	-0.019033456281	1.0	-0.00230594199846	-0.00151192522559	-0.0755148548498	-0.0193471725186	0.00562143441665	-0.0320018659736	-0.0403361678815	-0.0297504728083	-0.0205351380956	-0.00811992836966	0.0269982732242	0.000986390295354	0.0976434321639	-0.0748314693358	-0.00372413688766	0.0302311823541	-0.0868072542092	-0.0609442607999	-0.0304566132667	-0.0241497989851	0.00241646778138	-0.0265722361216	0.0498977235531	-0.0831783445133	-0.0319373348608	-0.0664982305822	0.061286245374	0.0033934469412	-0.000129786666985	-0.00473025535365	0.0424033824311	-0.0360525285653	-0.0129448454612	0.00274992828186	-0.00466949632088	-0.0189960044281	-0.0122738748097	-0.00932792717752	0.0357116989541	0.00385769015626	-0.0625293191744	-0.0143045840181	0.0368703395684	-0.00200004579412	-0.00864987232001	0.021657924934	0.0251036910838	0.0717148995548
k__Bacteria;p__Bacteroidetes;c__Bacteroidia;o__Bacteroidales;f__Bacteroidaceae;g__Bacteroides;s__Bacteroides_coprocola	-0.00309647064955	-0.0401027097354	0.0495158783309	0.0453908280778	0.0785042729759	0.0336163603727	-0.0406595829575	-0.069189353823	0.0108592686029	-0.00140649242207	-0.00230594199846	1.0	-0.0200463013862	0.0345298052876	0.0192864759503	-0.050374603885	-0.0434124534933	-0.0546456312793	-0.0913634521391	0.00939313154146	0.0672266935089	0.0155610500509	-0.00534828516685	0.0110375875958	0.047931255153	0.000614802307586	0.0781168443654	-0.0241973914529	0.0246214733457	0.00147343379101	-0.0171177144833	-0.101547860656	0.0289184722448	-0.0227102193702	-0.069778123915	-0.0308031433645	-0.00152396903513	0.0546587524184	-0.01963622123	-0.0116097855448	-0.0923050158119	0.00825671678345	-0.0242188952968	0.012736267069	-0.0433360294077	-0.0770582730076	0.00293377624807	-0.00949409390704	0.00548790543247	0.0133755851799	-0.00641769743756	-0.0214739673211	0.0550659132703	-0.0179481690538	-0.0280798245666	0.0653830304985	-0.0713513788902	0.00664054550139	0.0280871097064
k__Bacteria;p__Bacteroidetes;c__Bacteroidia;o__Bacteroidales;f__Bacteroidaceae;g__Bacteroides;s__Bacteroides_cellulosilyticus	-0.0298429905924	-0.0296584915141	0.0493434279519	0.0110299613814	-0.00618498818394	-0.0458294526811	-0.0472512255929	-0.00538062109289	0.0785483640273	-0.00815934437831	-0.00151192522559	-0.0200463013862	1.0	-0.0224750375233	-0.0109799504341	-0.0415937772752	-0.0941231845606	0.00582030019746	-0.0180746364415	0.00172063960717	-0.0134343456824	0.0227409970296	-0.00734695446672	-0.00215152919647	-0.0675359757114	0.0523847682776	0.0293595012364	0.0101032430105	0.0551073721462	0.0134014816829	0.0312176448253	0.040334187405	-0.00325774870936	-0.0634574641853	0.0706927298806	0.0736596266415	-0.0339797338752	-0.0358150203521	-0.0549864677066	0.0936175501549	-0.0267632933665	-0.0380649491416	-0.0461151067792	0.0514392819109	-0.0144815018338	-0.0343699267727	-0.0481887801719	-0.0461827690955	-0.0415102977937	-0.0612077718201	-0.100557914947	-0.0410607620601	0.0401744996898	0.0505857048702	0.084211776025	-0.023114255726	-0.118965243832	-0.0609565990106	-0.0727301693196
k__Bacteria;p__Bacteroidetes;c__Bacteroidia;o__Bacteroidales;f__Rikenellaceae;g__Alistipes;s__Alistipes_obesi	-0.026763919219	0.000552189324333	-0.013268490321	-0.0717003420892	0.0139421083922	-0.0409110089312	-0.0380763069724	-0.0391725007938	-0.0135571411445	-0.0537002036014	-0.0755148548498	0.0345298052876	-0.0224750375233	1.0	0.0216021606913	0.0258438287827	-0.0294378460595	-0.00186615252285	-0.0134772417306	-0.00927446171513	-0.0227335808513	-0.00161366379448	0.040490194237	-0.0286136010767	0.0154414605372	-0.121431082566	0.00991190837669	0.015255841495	0.0173663048558	0.000689258200355	-0.0196339958718	-0.0067158551409	0.0853223139013	0.0424653822981	-0.0834657004351	-0.0419037880686	-0.0150025959198	-0.00338561180747	0.0621228085034	0.0547545062164	-0.0152472995977	0.0143668789818	-0.0238665569941	-0.00833701606718	0.000670989864371	-0.0282157205148	-0.0325433495304	0.0289796931061	-0.0420611747816	0.0136163995466	-0.0363948041762	0.0723055706294	-0.0299088850426	-0.0484004867523	-0.0167188447438	-0.0275355065067	0.0111047421328	-0.0474781852217	-0.0367373542437
k__Bacteria;p__Firmicutes;c__Clostridia;o__Clostridiales;f__Lachnospiraceae;g__;s__[Eubacterium]_rectale	0.0140704720007	-0.00881233941075	-0.00377961288178	-0.0157102272266	-0.00514445373252	-0.0332609613578	-0.056543194516	0.0495304365286	0.0252830156421	0.0209164558447	-0.0193471725186	0.0192864759503	-0.0109799504341	0.0216021606913	1.0	-0.0276489609056	-0.006643887535	0.0458118508208	-0.0580697908641	0.0215190259445	0.0334951910285	-0.00641149008513	-0.0413605133966	0.0186150037876	0.0438456530292	-0.038352841985	-0.0189530778436	-0.0223099859616	-0.00161399339568	0.00209838124448	0.00221276614643	0.0291387007624	0.0300227992578	-0.079746370536	-0.0384991897282	-0.0150826946683	-0.0304487252002	-0.112132045397	-0.00645216614123	0.0752860266959	0.0277223615537	0.00451432472781	0.029632143944	-0.0151016202843	0.0712891504393	-0.0367022788201	-0.00144906180772	-0.0418882847811	0.0301584244037	-0.00511459804144	-0.058515830003	0.0285829917312	0.0242808739981	-0.0809180124614	-0.0673436007699	-0.0444838147868	-0.0194666407695	-0.00976332181254	-0.0661465169995
k__Bacteria;p__Bacteroidetes;c__Bacteroidia;o__Bacteroidales;f__Bacteroidaceae;g__Bacteroides;s__Bacteroides_plebeius	0.00699095816665	-0.0658518405098	-0.0336192667645	-0.0201446350798	0.00798071878155	0.00606065071545	0.0290253369538	-0.00409155164623	0.0165746605536	-0.0327111419105	0.00562143441665	-0.050374603885	-0.0415937772752	0.0258438287827	-0.0276489609056	1.0	-0.0592880590829	0.00648022662355	0.0353550646011	-0.034904181687	0.00503334968335	0.00963579305083	0.0365601132223	0.0227066617837	-0.00628342621196	-0.0247109180672	-0.0328938855433	0.0134202731821	-0.0572840714229	0.0223964717365	0.00983788914545	0.0025937917408	0.0138060238529	-0.00597019022873	0.073605609681	-0.0199250301701	-0.0766091091732	0.00595108992722	-0.0453400362012	-0.0410549369493	0.0145805996273	-0.0777650564366	0.06797024398	-0.012722687084	-0.00636609392722	0.0529047158999	0.0400174323174	-0.0505121544483	-0.0155563435232	0.0467369556257	-0.0214427080688	-0.0205908558735	0.0577926855929	0.000957438802911	0.00940721301244	-0.055385299881	0.029494339331	0.00935668706951	0.0514389832081
k__Bacteria;p__Bacteroidetes;c__Bacteroidia;o__Bacteroidales;f__Bacteroidaceae;g__Bacteroides;s__Bacteroides_fragilis	0.00688476413953	0.0428147441392	0.0592923057003	0.0401873894162	-0.00289189883674	-0.0695911127192	-0.0269364379158	-0.00646291334697	0.0201761433252	-0.00352477498043	-0.0320018659736	-0.0434124534933	-0.0941231845606	-0.0294378460595	-0.006643887535	-0.0592880590829	1.0	-0.0193636993178	0.0280400237041	-0.0225319010697	-0.0164250397451	0.0181320425479	0.00148756461461	0.0897473633244	0.0762391654443	-0.0247333683746	-0.0450075433589	-0.0417903016152	0.00868720308391	0.054436252438	-0.00419692141647	0.0495494494006	-0.0589718492465	-0.0187902541535	0.00657992012186	0.000769171316482	-0.0300773199019	0.0218842158418	-0.0163575864111	-0.0417056985691	-0.0273705526084	-0.0563400535542	0.0011574146148	-0.00539993132168	0.0256153787243	-0.0286711578009	-0.020059505348	0.0282046251351	-0.0143151328586	-0.0161396573575	-0.0434838812767	0.0424977842053	0.08635880203	-0.0178669048243	-0.0315953380813	-0.00128431441594	-0.0348879085758	-0.049357437402	0.0362253389386
k__Bacteria;p__Proteobacteria;c__Betaproteobacteria;o__Burkholderiales;f__Sutterellaceae;g__Sutterella;s__Sutterella_wadsworthensis	0.0471435356411	0.0308059367119	-0.0671526433617	0.0256408683971	-0.060027999773	0.0136576473352	0.0437322520731	0.00508958370114	-0.0654839596599	-0.0512551412963	-0.0403361678815	-0.0546456312793	0.00582030019746	-0.00186615252285	0.0458118508208	0.00648022662355	-0.0193636993178	1.0	0.0104448775422	0.00301706360365	-0.0767581506584	-0.105014522919	-0.0586780003276	0.0174554906363	-0.0286886147093	0.0469180137389	0.00253484613533	-0.0782362490332	-0.0362071001319	-0.0237298363967	0.074984528041	-0.0370771599603	-0.0386058786551	-0.00643802024614	0.0458520334925	0.0305321189079	0.0282044641434	-0.00135069908991	0.0219905313429	0.061614234385	0.0010253444906	0.00785221961409	0.0666338684124	-0.0661897147224	-0.0399317411959	-0.0432258738746	0.0334744107514	0.0233574595876	-0.00736863734809	-0.0362496366703	-0.0747689066727	0.0179133925794	0.0137694488851	-0.0106428448893	-0.0627958808374	0.0158595447154	-0.0675603607135	-0.0249590216887	-0.00256662602732
k__Bacteria;p__Bacteroidetes;c__Bacteroidia;o__Bacteroidales;f__Porphyromonadaceae;g__Barnesiella;s__Barnesiella_intestinihominis	0.0270869657831	-0.066013850292	0.0115448688415	-0.0255825303735	-0.072488209716	0.0305936910142	-0.0404301474317	0.00878050482455	-0.0589652918851	-0.0172725525124	-0.0297504728083	-0.0913634521391	-0.0180746364415	-0.0134772417306	-0.0580697908641	0.0353550646011	0.0280400237041	0.0104448775422	1.0	0.0429271540469	0.0436026311361	-0.0559851318465	0.0545183313426	-0.0291770741028	0.0153888430688	-0.00606521879044	0.0555149306501	-0.0101926064694	-0.043497201004	-0.0249581425698	-0.0289413781949	-0.0439492211661	-0.043448516156	-0.0248913722728	-0.000642365132712	0.0394135567964	0.0292986843014	-0.0433574123054	0.00798857843867	0.0186918065137	0.0173680247367	-0.0274960165493	0.00417068635089	0.0406322845577	0.0294815604297	0.022805161718	-0.0434302981636	-0.00466153823709	-0.027006796239	0.0129463126051	0.0116258275697	-0.0401030417807	-0.00653211660542	-0.0590106374846	0.0158819758944	-0.07278328559	0.0273584174728	-0.0493341252468	0.0598146175581
k__Bacteria;p__Bacteroidetes;c__Bacteroidia;o__Bacteroidales;f__Odoribacteraceae;g__Odoribacter;s__Odoribacter_splanchnicus	0.0215499987699	-0.108153695774	0.043858954825	0.0757609943807	-0.0445368015058	0.0447877019973	-0.0148638755955	0.0505248196726	-0.0407555869632	0.00585790677554	-0.0205351380956	0.00939313154146	0.00172063960717	-0.00927446171513	0.0215190259445	-0.034904181687	-0.0225319010697	0.00301706360365	0.0429271540469	1.0	-0.0608034188047	-0.0364761524825	0.0492492679257	-0.0374250732871	-0.0841468845533	-0.0546934821396	0.0232658962771	0.0049941414752	0.0170272525391	0.0171282049364	-0.0566116107998	0.0187443475392	0.0317002882903	-0.0397440733204	0.0383872410889	-0.0125423412874	-0.066041320522	0.00438352717611	0.00844976412255	0.064573491309	0.028096702403	-0.0253643980016	-0.0535376125412	0.050879453476	0.0154999736818	0.00185360555222	-0.0148610183013	0.0736236714669	0.000309813377039	0.0180695519479	-0.00535260705032	-0.0620787890729	0.00335982946236	-0.0366517505528	-0.0103047584678	-0.0229495260592	-0.0371772284649	-0.019058481441	0.0228041270001
k__Bacteria;p__Bacteroidetes;c__Bacteroidia;o__Bacteroidales;f__Bacteroidaceae;g__Bacteroides;s__Bacteroides_salyersiae	-0.0583862339732	-0.0530750343412	-0.00213550637559	0.0181727091713	-0.00491906412523	-0.0831080214964	0.00868379254088	-0.0131891498795	0.0240347505989	0.0107100177279	-0.00811992836966	0.0672266935089	-0.0134343456824	-0.0227335808513	0.0334951910285	0.00503334968335	-0.0164250397451	-0.0767581506584	0.0436026311361	-0.0608034188047	1.0	0.0242518042796	-0.0287353076996	-0.022943076394	-0.00570085194618	-0.0243247439655	0.0191033229436	-0.0353783726628	-0.0109001597576	-0.0176418882324	-0.027283798086	-0.0453967685679	-0.0493877606006	0.011196410373	0.00322985539507	-0.0377846223062	-0.0189669165241	-0.0713961774421	-0.00253398827827	-0.0362603881969	0.0689923224921	0.0556806980708	-0.0929103256768	0.0096291422159	-0.0621054536861	-0.0856383105576	-0.00645981272367	0.000488014543853	-0.0116021946087	0.00424779508427	0.0580695045247	0.0207291472341	0.00159751038535	-0.0527088261884	0.06332260047	-0.0286665866267	-0.0208020188579	0.0149196720439	-0.0356116066403
k__Bacteria;p__Firmicutes;c__Clostridia;o__Clostridiales;f__Ruminococcaceae;g__Ruminiclostridium;s__[Eubacterium]_siraeum	-0.0557277556232	-0.0145379893966	0.00135876806845	-0.00540339831967	0.0702908501172	-0.0207205971618	0.0146215008901	0.0167943510891	0.00948258802969	-0.0127604465298	0.0269982732242	0.0155610500509	0.0227409970296	-0.00161366379448	-0.00641149008513	0.00963579305083	0.0181320425479	-0.105014522919	-0.0559851318465	-0.0364761524825	0.0242518042796	1.0	-0.0479991734967	0.0719801692194	0.01409163364	-0.00534232545964	-0.0269016834219	-0.0131610350376	-0.0706615601231	-0.0160515082669	0.00143221764865	-0.0343822905761	-0.0580801966616	-0.0222106702742	0.0344964320394	-0.017076827348	-0.00308012634001	-0.0897067910703	-0.0277142745095	-0.0365486766348	0.0212112583713	0.0486565433643	-0.013423392648	0.04310559517	-0.0424209546583	0.0383993849832	0.00636644758613	0.00361899965853	0.0140383940645	-0.00293895346547	-0.0171779973078	0.00985564530913	0.0530977135341	-0.01367871187	-0.00682572074391	0.0258591290763	0.00379007291209	-0.0382531775504	0.0243243449128
k__Bacteria;p__Proteobacteria;c__Betaproteobacteria;o__Burkholderiales;f__Sutterellaceae;g__Parasutterella;s__Parasutterella_excrementihominis	-0.0489429032977	-0.0254086211142	-0.0267991410694	-0.0254377741691	-0.0324541013894	-0.0456666873309	-0.0570815343834	0.00372466070561	0.0519869957264	0.0247120904224	0.000986390295354	-0.00534828516685	-0.00734695446672	0.040490194237	-0.0413605133966	0.0365601132223	0.00148756461461	-0.0586780003276	0.0545183313426	0.0492492679257	-0.0287353076996	-0.0479991734967	1.0	-0.0793280442335	-0.00660184430612	-0.0379083048049	-0.0117135023304	0.0132811039018	0.0158262717428	0.0518509897244	0.0526403085772	-0.0720229495599	-0.0983734045668	0.0193641402526	-0.0767460649645	-0.0580661466666	-0.0257921693578	0.0487968716109	-0.00809308919422	-0.0330624074558	-0.0522815778308	0.0338552913692	-0.0333354824467	-0.00418006277955	-0.10006841075	-0.0275621053822	-0.0403588460133	0.0774095714203	0.0270687502763	0.113940196128	-0.00413510457168	0.00316920969451	-0.0114729477133	0.0199034441482	-0.0464502903546	-0.0027827398519	0.0261405118555	0.00185577579167	-0.0379650564916
k__Bacteria;p__Actinobacteria;c__Actinobacteria;o__Bifidobacteriales;f__Bifidobacteriaceae;g__Bifidobacterium;s__Bifidobacterium_adolescentis	0.00600434431437	0.0668314455113	-0.0573076327357	-0.00174349394783	0.00481657199769	-0.0144692912985	-0.0158455043066	-0.0107537188099	-0.0271333049761	0.0309857234451	0.0976434321639	0.0110375875958	-0.00215152919647	-0.0286136010767	0.0186150037876	0.0227066617837	0.0897473633244	0.0174554906363	-0.0291770741028	-0.0374250732871	-0.022943076394	0.0719801692194	-0.0793280442335	1.0	-0.0414566596051	0.054070579344	0.00374419678236	-0.0173490342588	0.000409462118843	0.0148100995423	-0.0199157387606	0.00493247217637	0.00775783100438	-0.0410835297598	-0.00668173656811	0.0318021719524	0.0242212398519	0.0558558092144	-0.041067675531	0.0334472401628	0.0166705018263	-0.00187586968399	-0.0620881246946	-0.00314549079398	0.00756734377488	-0.00318629925243	-0.0663443471589	-0.0173777785501	-0.0528644440022	-0.0265892339227	-0.015393578005	0.0130778668044	-0.0611323990117	-0.0893847586978	-0.00451777614855	0.0264050514523	-0.0805300046034	-0.075855800733	-0.0326468861558
k__Bacteria;p__Firmicutes;c__Clostridia;o__Clostridiales;f__Oscillospiraceae;g__Oscillibacter;s__Oscillibacter_sp._KLE_1745	0.0637659963256	0.0529675846211	0.000828753791239	-0.0390415230414	-0.0904961249344	0.0270323743384	-0.00366904831479	-0.0516400280935	0.00354012339282	-0.0403027035818	-0.0748314693358	0.047931255153	-0.0675359757114	0.0154414605372	0.0438456530292	-0.00628342621196	0.0762391654443	-0.0286886147093	0.0153888430688	-0.0841468845533	-0.00570085194618	0.01409163364	-0.00660184430612	-0.0414566596051	1.0	-0.0440034417614	-0.0436001193643	-0.0616001074565	0.00699011845598	0.0456700810803	-0.0540849926023	-0.0132520922316	0.0119263935787	-0.0143454600585	-0.0301985845286	-0.0331392375555	-0.0102737070056	0.0325706012607	0.00415451922935	-0.0281139520203	-0.054010858938	0.0784197008117	-0.0257420414861	0.000232868123775	0.00727634312555	0.039666137149	0.00184342807664	-0.0445314646755	-0.094648074397	-0.103690049913	-0.0284328113689	0.0468164066628	-0.0333192943991	-0.023566761606	0.0301306322022	0.0265796709153	0.00466619455678	0.0468744451988	0.0894800289247
k__Bacteria;p__Bacteroidetes;c__Bacteroidia;o__Bacteroidales;f__Bacteroidaceae;g__Bacteroides;s__Bacteroides_coprophilus	-0.0239408127002	0.0878124238943	-0.0884134150636	0.0363338798566	-0.0476529822945	0.0344903202528	-0.0927443949391	0.0206458641411	0.0325447324112	-0.0156569096213	-0.00372413688766	0.000614802307586	0.0523847682776	-0.121431082566	-0.038352841985	-0.0247109180672	-0.0247333683746	0.0469180137389	-0.00606521879044	-0.0546934821396	-0.0243247439655	-0.00534232545964	-0.0379083048049	0.054070579344	-0.0440034417614	1.0	0.00904873332357	0.0150029833385	-0.000869650380899	-0.0732495316708	0.0151555168251	-0.017631694287	-0.0267665821818	-0.00166980254537	-0.0139281122555	-0.00780373280596	-0.043102472223	-0.0248989712362	-0.0364406036421	-0.0110069200324	0.0169838818959	0.0359818058216	0.00711114081272	-0.0344657670878	-0.062775661527	-0.0273236120185	0.000216197816083	-0.0462049347741	0.0421592936604	-0.0334427260517	-0.0370363076003	0.0330065301717	0.0400580784373	-0.0155538027198	0.0154310041773	0.0112287596715	-0.00683413330078	0.0319386014755	-0.0316228490655
k__Bacteria;p__Firmicutes;c__Clostridia;o__Clostridiales;f__Lachnospiraceae;g__Roseburia;s__Roseburia_intestinalis	-0.0957352323636	0.0756582161661	0.0250367007866	-0.0497924521496	-0.0236862482628	-0.0176208854429	-0.0290886604841	-0.0372537164161	-0.0257228744715	0.0156483476082	0.0302311823541	0.0781168443654	0.0293595012364	0.00991190837669	-0.0189530778436	-0.0328938855433	-0.0450075433589	0.00253484613533	0.0555149306501	0.0232658962771	0.0191033229436	-0.0269016834219	-0.0117135023304	0.00374419678236	-0.0436001193643	0.00904873332357	1.0	-0.00135117450104	0.0276058405514	0.0281793802205	-0.046461910376	-0.0500624846605	-0.060646725956	-0.070657144895	0.0254323883249	-0.0556288142748	0.027352006834	-0.00819644007088	0.0136043699181	-0.0278852102293	-0.00439662255974	0.0127820000612	0.0220545727117	-0.0197934325316	-0.0416980994164	0.0600334001732	-0.0267190569819	-0.0325023389571	-0.00891847405761	0.0302857769298	-0.00946143156769	-0.0378402934685	-0.0260864638209	-0.0148383682743	0.0515485174522	-0.0304789265732	-0.0339991195587	-0.0785016392312	-0.0288467110861
k__Bacteria;p__Firmicutes;c__Clostridia;o__Clostridiales;f__Lachnospiraceae;g__Roseburia;s__Roseburia_hominis	0.023821582531	-0.0181976840063	-0.00812174997931	0.0114068188675	0.00334343750956	-0.0630974749331	0.021894201278	-0.00722522930537	0.0301227589963	-0.0184515256542	-0.0868072542092	-0.0241973914529	0.0101032430105	0.015255841495	-0.0223099859616	0.0134202731821	-0.0417903016152	-0.0782362490332	-0.0101926064694	0.0049941414752	-0.0353783726628	-0.0131610350376	0.0132811039018	-0.0173490342588	-0.0616001074565	0.0150029833385	-0.00135117450104	1.0	0.0261750189872	0.0134080926315	-0.00624569754274	-0.0402022021862	-0.0734661679123	0.0464746336783	0.0360281953879	-0.0333325285808	0.0349402930737	-0.011107915614	-0.0643054140161	-0.000598991568568	-0.013388015296	0.0339118301549	0.0488440761615	-0.00624350352379	-0.0102602082936	-0.0367595518155	-0.0110153257136	0.0233592282948	-0.00444872422198	-0.00811086523417	0.0226427457947	-0.0548432737244	-0.00548320394019	-0.0700860228519	-0.0708274058458	-0.0336810650369	0.00214676249779	-0.0257514105667	-0.0485673330665
k__Bacteria;p__Bacteroidetes;c__Bacteroidia;o__Bacteroidales;f__Porphyromonadaceae;g__Parabacteroides;s__Parabacteroides_johnsonii	-0.0473566845134	-0.0127588290623	0.0137387617639	0.0412131649954	-0.0256402708269	-0.0017943073449	-0.0321830216189	-0.0547798826431	0.00257034302925	0.0476230995631	-0.0609442607999	0.0246214733457	0.0551073721462	0.0173663048558	-0.00161399339568	-0.0572840714229	0.00868720308391	-0.0362071001319	-0.043497201004	0.0170272525391	-0.0109001597576	-0.0706615601231	0.0158262717428	0.000409462118843	0.00699011845598	-0.000869650380899	0.0276058405514	0.0261750189872	1.0	-0.00632694367891	-0.0558010716683	0.0575676848862	0.0432660915156	-0.0481566732744	-0.0124364168001	-0.00336081593839	0.0379325208879	0.00434631504289	0.044793882934	-0.0156994542802	-0.0323650431692	-0.0665699434419	0.00422495665292	-0.0277362405233	-0.0249697777013	-0.0462994193069	-0.00730804462035	0.0531261368953	-0.0207342433164	-0.039309290252	-0.0255439878486	-0.0257431083594	-0.00308692680438	-0.0131088654796	0.0375058452964	-0.0281420459056	-0.0103382320693	-0.064367752512	-0.0130932567238
k__Bacteria;p__Actinobacteria;c__Actinobacteria;o__Bifidobacteriales;f__Bifidobacteriaceae;g__Bifidobacterium;s__Bifidobacterium_longum	-0.00534214985158	-0.0664120907889	-0.0047982315732	-0.00291668821095	-0.0115766409641	-0.0603690377301	-0.0626716369177	0.023097535442	-0.0823326545312	-0.0686819180237	-0.0304566132667	0.00147343379101	0.0134014816829	0.000689258200355	0.00209838124448	0.0223964717365	0.054436252438	-0.0237298363967	-0.0249581425698	0.0171282049364	-0.0176418882324	-0.0160515082669	0.0518509897244	0.0148100995423	0.0456700810803	-0.0732495316708	0.0281793802205	0.0134080926315	-0.00632694367891	1.0	0.0200632077733	0.0114627075016	-0.117807702927	-0.0573941389733	-0.0265357424738	0.000587102695622	-0.0563652600765	-0.0133233906283	0.00242355223529	0.00387428814346	-0.0437996042798	-0.052813426701	-0.0576388030503	-0.0318588878972	0.0148610703957	0.0100186287911	0.0187495599148	-0.0411089596466	0.0136869798595	-0.0156820391603	-0.0504415537152	-0.123479536158	0.000998912038347	-0.0338796758628	-0.00311791498697	0.0427149024064	-0.00129938412903	-0.0424985459088	-0.0642362192576
