#taxonomy	k__Bacteria;p__Bacteroidetes;c__Bacteroidia;o__Bacteroidales;f__Bacteroidaceae;g__Bacteroides;s__Bacteroides_vulgatus	k__Bacteria;p__Bacteroidetes;c__Bacteroidia;o__Bacteroidales;f__Bacteroidaceae;g__Bacteroides;s__Bacteroides_uniformis	k__Bacteria;p__Bacteroidetes;c__Bacteroidia;o__Bacteroidales;f__Rikenellaceae;g__Alistipes;s__Alistipes_putredinis	k__Bacteria;p__Bacteroidetes;c__Bacteroidia;o__Bacteroidales;f__Prevotellaceae;g__Prevotella;s__Prevotella_copri	k__Bacteria;p__Bacteroidetes;c__Bacteroidia;o__Bacteroidales;f__Bacteroidaceae;g__Bacteroides;s__Bacteroides_stercoris	k__Bacteria;p__Bacteroidetes;c__Bacteroidia;o__Bacteroidales;f__Bacteroidaceae;g__Bacteroides;s__Bacteroides_ovatus	k__Bacteria;p__Bacteroidetes;c__Bacteroidia;o__Bacteroidales;f__Rikenellaceae;g__Alistipes;s__Alistipes_shahii	k__Bacteria;p__Firmicutes;c__Clostridia;o__Clostridiales;f__Ruminococcaceae;g__Faecalibacterium;s__Faecalibacterium_prausnitzii	k__Bacteria;p__Bacteroidetes;c__Bacteroidia;o__Bacteroidales;f__Rikenellaceae;g__Alistipes;s__Alistipes_finegoldii	k__Bacteria;p__Bacteroidetes;c__Bacteroidia;o__Bacteroidales;f__Porphyromonadaceae;g__Parabacteroides;s__Parabacteroides_distasonis	k__Bacteria;p__Bacteroidetes;c__Bacteroidia;o__Bacteroidales;f__Bacteroidaceae;g__Bacteroides;s__Bacteroides_thetaiotaomicron	k__Bacteria;p__Bacteroidetes;c__Bacteroidia;o__Bacteroidales;f__Bacteroidaceae;g__Bacteroides;s__Bacteroides_coprocola	k__Bacteria;p__Bacteroidetes;c__Bacteroidia;o__Bacteroidales;f__Bacteroidaceae;g__Bacteroides;s__Bacteroides_cellulosilyticus	k__Bacteria;p__Bacteroidetes;c__Bacteroidia;o__Bacteroidales;f__Rikenellaceae;g__Alistipes;s__Alistipes_obesi	k__Bacteria;p__Firmicutes;c__Clostridia;o__Clostridiales;f__Lachnospiraceae;g__;s__[Eubacterium]_rectale	k__Bacteria;p__Bacteroidetes;c__Bacteroidia;o__Bacteroidales;f__Bacteroidaceae;g__Bacteroides;s__Bacteroides_plebeius	k__Bacteria;p__Bacteroidetes;c__Bacteroidia;o__Bacteroidales;f__Bacteroidaceae;g__Bacteroides;s__Bacteroides_fragilis	k__Bacteria;p__Proteobacteria;c__Betaproteobacteria;o__Burkholderiales;f__Sutterellaceae;g__Sutterella;s__Sutterella_wadsworthensis	k__Bacteria;p__Bacteroidetes;c__Bacteroidia;o__Bacteroidales;f__Porphyromonadaceae;g__Barnesiella;s__Barnesiella_intestinihominis	k__Bacteria;p__Bacteroidetes;c__Bacteroidia;o__Bacteroidales;f__Odoribacteraceae;g__Odoribacter;s__Odoribacter_splanchnicus	k__Bacteria;p__Bacteroidetes;c__Bacteroidia;o__Bacteroidales;f__Bacteroidaceae;g__Bacteroides;s__Bacteroides_salyersiae	k__Bacteria;p__Firmicutes;c__Clostridia;o__Clostridiales;f__Ruminococcaceae;g__Ruminiclostridium;s__[Eubacterium]_siraeum	k__Bacteria;p__Proteobacteria;c__Betaproteobacteria;o__Burkholderiales;f__Sutterellaceae;g__Parasutterella;s__Parasutterella_excrementihominis	k__Bacteria;p__Actinobacteria;c__Actinobacteria;o__Bifidobacteriales;f__Bifidobacteriaceae;g__Bifidobacterium;s__Bifidobacterium_adolescentis	k__Bacteria;p__Firmicutes;c__Clostridia;o__Clostridiales;f__Oscillospiraceae;g__Oscillibacter;s__Oscillibacter_sp._KLE_1745	k__Bacteria;p__Bacteroidetes;c__Bacteroidia;o__Bacteroidales;f__Bacteroidaceae;g__Bacteroides;s__Bacteroides_coprophilus	k__Bacteria;p__Firmicutes;c__Clostridia;o__Clostridiales;f__Lachnospiraceae;g__Roseburia;s__Roseburia_intestinalis	k__Bacteria;p__Firmicutes;c__Clostridia;o__Clostridiales;f__Lachnospiraceae;g__Roseburia;s__Roseburia_hominis	k__Bacteria;p__Bacteroidetes;c__Bacteroidia;o__Bacteroidales;f__Porphyromonadaceae;g__Parabacteroides;s__Parabacteroides_johnsonii	k__Bacteria;p__Actinobacteria;c__Actinobacteria;o__Bifidobacteriales;f__Bifidobacteriaceae;g__Bifidobacterium;s__Bifidobacterium_longum	k__Bacteria;p__Firmicutes;c__Clostridia;o__Clostridiales;f__;g__Flavonifractor;s__Flavonifractor_plautii	k__Bacteria;p__Firmicutes;c__Clostridia;o__Clostridiales;f__Clostridiaceae;g__Clostridium;s__Clostridium_phoceensis	k__Bacteria;p__Verrucomicrobia;c__Verrucomicrobiae;o__Verrucomicrobiales;f__Akkermansiaceae;g__Akkermansia;s__Akkermansia_muciniphila	k__Bacteria;p__Bacteroidetes;c__Bacteroidia;o__Bacteroidales;f__Prevotellaceae;g__Paraprevotella;s__Paraprevotella_xylaniphila	k__Bacteria;p__Firmicutes;c__Clostridia;o__Clostridiales;f__Ruminococcaceae;g__Ruminococcus;s__Ruminococcus_callidus	k__Bacteria;p__Bacteroidetes;c__Bacteroidia;o__Bacteroidales;f__Rikenellaceae;g__Alistipes;s__Alistipes_senegalensis	k__Bacteria;p__Firmicutes;c__Clostridia;o__Clostridiales;f__Lachnospiraceae;g__Blautia;s__Blautia_sp._KLE_1732	k__Bacteria;p__Bacteroidetes;c__Bacteroidia;o__Bacteroidales;f__Bacteroidaceae;g__Bacteroides;s__Bacteroides_oleiciplenus	k__Bacteria;p__Firmicutes;c__Clostridia;o__Clostridiales;f__Ruminococcaceae;g__Ruminococcus;s__Ruminococcus_bicirculans	k__Bacteria;p__Bacteroidetes;c__Bacteroidia;o__Bacteroidales;f__Bacteroidaceae;g__Bacteroides;s__Bacteroides_fluxus	k__Bacteria;p__Bacteroidetes;c__Bacteroidia;o__Bacteroidales;f__Prevotellaceae;g__Prevotella;s__Prevotella_stercorea	k__Bacteria;p__Firmicutes;c__Clostridia;o__Clostridiales;f__Lachnospiraceae;g__Dorea;s__Dorea_longicatena	k__Bacteria;p__Firmicutes;c__Clostridia;o__Clostridiales;f__Eubacteriaceae;g__Eubacterium;s__[Eubacterium]_eligens	k__Bacteria;p__Firmicutes;c__Clostridia;o__Clostridiales;f__Ruminococcaceae;g__;s__Ruminococcaceae_bacterium_D16	k__Bacteria;p__Firmicutes;c__Clostridia;o__Clostridiales;f__Lachnospiraceae;g__Coprococcus;s__Coprococcus_comes	k__Bacteria;p__Proteobacteria;c__Gammaproteobacteria;o__Enterobacterales;f__Enterobacteriaceae;g__Escherichia;s__Escherichia_coli	k__Bacteria;p__Firmicutes;c__Clostridia;o__Clostridiales;f__Ruminococcaceae;g__Anaerotruncus;s__Anaerotruncus_colihominis	k__Bacteria;p__Firmicutes;c__Clostridia;o__Clostridiales;f__Lachnospiraceae;g__Blautia;s__Blautia_obeum	k__Bacteria;p__Bacteroidetes;c__Bacteroidia;o__Bacteroidales;f__Odoribacteraceae;g__Odoribacter;s__Odoribacter_laneus	k__Bacteria;p__Firmicutes;c__Clostridia;o__Clostridiales;f__Ruminococcaceae;g__Ruminiclostridium;s__[Clostridium]_leptum	k__Bacteria;p__Bacteroidetes;c__Bacteroidia;o__Bacteroidales;f__Porphyromonadaceae;g__Parabacteroides;s__Parabacteroides_goldsteinii	k__Bacteria;p__Firmicutes;c__Clostridia;o__Clostridiales;f__Lachnospiraceae;g__Anaerostipes;s__Anaerostipes_hadrus	k__Bacteria;p__Firmicutes;c__Clostridia;o__Clostridiales;f__Ruminococcaceae;g__Ruminococcus;s__Ruminococcus_lactaris	k__Bacteria;p__Firmicutes;c__Clostridia;o__Clostridiales;f__Clostridiaceae;g__Clostridium;s__Clostridium_sp._L2-50	k__Bacteria;p__Firmicutes;c__Clostridia;o__Clostridiales;f__Clostridiaceae;g__Clostridium;s__Clostridium_sp._M62/1	k__Bacteria;p__Firmicutes;c__Clostridia;o__Clostridiales;f__;g__Intestinimonas;s__Intestinimonas_butyriciproducens	k__Bacteria;p__Actinobacteria;c__Actinobacteria;o__Bifidobacteriales;f__Bifidobacteriaceae;g__Bifidobacterium;s__Bifidobacterium_bifidum	k__Bacteria;p__Firmicutes;c__Negativicutes;o__Veillonellales;f__Veillonellaceae;g__Dialister;s__Dialister_invisus	k__Bacteria;p__Bacteroidetes;c__Bacteroidia;o__Bacteroidales;f__Bacteroidaceae;g__Bacteroides;s__Bacteroides_salanitronis
k__Bacteria;p__Bacteroidetes;c__Bacteroidia;o__Bacteroidales;f__Bacteroidaceae;g__Bacteroides;s__Bacteroides_vulgatus	1.0	0.047172920286	0.0273994605131	0.00634698216311	-0.0925051564114	-0.106912091629	0.00669549876766	0.0316324766985	0.0389734712304	-0.0326687582755	-0.095168872548	0.0134020342187	-0.0832414391475	0.0399225326863	-0.0107983347905	0.015317757254	0.0159634708572	0.0048710832841	0.00427075480936	0.0467260624133	0.0318730855133	-0.00286382697665	-0.0357291719435	0.073535011889	0.0293940990727	-0.0224988753632	0.00880592364752	0.0457956491581	-0.039655155649	0.026410076428	-0.0547658893768	0.00459398892982	0.0375185950017	-0.0338161368733	0.0481101658357	-0.0211718574876	-0.0318189386163	-0.0331970572898	0.00871368976125	-0.121035431065	-0.0162347986851	0.0167048566609	-0.0265870835725	0.0456700191462	-0.00534080862836	-0.0579685713568	-0.0412807226598	-0.01789938411	-0.0671365449506	-0.00859625203467	0.0104348804156	-0.0575336745694	-0.00598348968732	0.0300989299762	-0.0156704766074	-0.00503373998182	0.0576380704931	0.00341062783018	-0.0179009117755
k__Bacteria;p__Bacteroidetes;c__Bacteroidia;o__Bacteroidales;f__Bacteroidaceae;g__Bacteroides;s__Bacteroides_uniformis	0.047172920286	1.0	0.0219184963692	-0.0161673130008	-0.0129704895325	-0.0525148220755	0.00673647052144	-0.028229128147	-0.0333449073512	0.0616410258481	-0.0393850758763	0.0130674070139	0.0101495683918	-0.0644471683078	-0.0407231156041	0.029967480062	-0.0663562549271	-0.0379486418267	0.0547194161792	0.0233827545043	-0.0453402336377	-0.0481299737217	0.0165884789065	-0.0235943736711	-0.0280068323958	-0.0302625038034	0.0122955803938	-0.0193855526464	-0.00337153378511	0.0379031470511	0.0104621585072	-0.0414750972215	-0.0770975229397	-0.0809423676533	-0.0114021698203	0.00812829112821	-0.0151427864089	-0.0307740577274	-0.0300664701521	-0.0476704485149	-0.0821893716416	0.0139318031345	0.0229451447782	0.0357695791742	-0.048741070135	0.00639179783847	0.0356328981656	0.0172157466509	0.0124258012245	0.00316279607924	0.0782626828088	0.0632866739107	0.0501996634578	-0.0241185710488	0.014722635831	0.00903226866568	-0.0545911606168	0.0439740086484	-0.0511911647177
k__Bacteria;p__Bacteroidetes;c__Bacteroidia;o__Bacteroidales;f__Rikenellaceae;g__Alistipes;s__Alistipes_putredinis	0.0273994605131	0.0219184963692	1.0	-0.0137335641975	0.0274934954056	-0.0134180313444	-0.013249993653	-0.057871990814	-0.0162176787873	-0.0346328609218	-0.107691045822	0.00582584658903	-0.0773445474289	-0.0241327265809	-0.0100266592899	0.0559989678336	0.00669689681221	0.0563741026465	-0.097805924295	0.00801994203111	-0.00582424004365	0.0120405727162	-0.0119059148347	0.00416014013348	0.110499866422	0.0570346769196	0.0877064149977	-0.0570815974483	0.00453142927704	0.0741585589726	-0.00476439451278	-0.0388739453299	-0.0221638197645	-0.0233079911342	-0.052416625194	-0.0461260033636	-0.0409613212482	-0.0441007524527	-0.083754375929	-0.0448140334005	0.0284398424717	-0.0290185955418	-0.0453719351091	0.0621825887474	-0.054247588118	-0.0181898174838	0.0108733888414	-0.0227839835461	0.0220371113729	-0.0232088799372	0.0541358207892	0.0201050818434	-0.05037921565	-0.0131789374621	-0.00983490267079	0.0281501982306	0.0124337513207	-0.0373324506916	-0.0488865037015
k__Bacteria;p__Bacteroidetes;c__Bacteroidia;o__Bacteroidales;f__Prevotellaceae;g__Prevotella;s__Prevotella_copri	0.00634698216311	-0.0161673130008	-0.0137335641975	1.0	-0.00765402166461	-0.0233499782	0.0205485922622	-0.00384745667537	0.0115001345601	-0.0524460206707	0.0290487715574	-0.0340850261069	0.0277849291032	-0.00355583470298	-0.0150868378441	-0.0107331770385	0.00576786998967	-0.0622325025982	-0.0429703556224	-0.0265208416474	-0.0102092486394	-0.000385988622204	-0.0479130635774	0.000623880888411	0.0517970138196	-0.0630473474755	-0.0289318158552	-0.0649886084341	-0.0081193271316	-0.0408054161473	-0.0265878120281	0.0179248672883	-0.0517893413414	0.00328344967398	0.00261331303609	-0.0437293037714	0.0085106334822	0.0313378282802	0.00649441546543	-0.00622323742837	0.031349456169	0.0354736467348	0.0201053372819	0.0212974837994	-0.0245177294349	0.0248385429929	-0.0946239592212	-0.0262105255199	-0.0272560540765	0.0148187610887	0.0145189351477	-0.0331148011046	-0.0629121759857	0.016873300037	0.0428571413627	0.0208900868367	-0.0684373094069	-0.0670197931889	-0.0294288780668
k__Bacteria;p__Bacteroidetes;c__Bacteroidia;o__Bacteroidales;f__Bacteroidaceae;g__Bacteroides;s__Bacteroides_stercoris	-0.0925051564114	-0.0129704895325	0.0274934954056	-0.00765402166461	1.0	-0.0130306855312	-0.0455163899865	-0.0286364706465	0.0152441773227	-0.0660195256833	0.0413764137572	0.000807912024344	0.0104261886985	0.00899004058876	-0.0377842019703	0.000318404756623	-0.0384535512031	-0.0197016304427	-0.00179268179223	0.0140612322778	0.0505446161944	-0.0569630263759	-0.0641262502659	-0.0160757346892	0.0933050907085	0.0446435691969	-0.0446513497682	-0.0676069842299	-0.0260838154117	0.0501093344937	0.0173628357168	-0.0587309102778	0.0183078997856	0.0297124938574	0.00894451767898	-0.0508562474188	-0.092528757448	0.0315726514709	-0.025465768984	0.0352556110591	0.0262833642062	-0.014984958464	-0.0257549281206	-0.0413911856713	-0.00948754145555	-0.0304545483645	-0.0893879261413	0.0159706952474	-0.0414782597541	0.030058813766	-0.0785707235116	-0.0157150048177	0.0604041640589	0.0149230651313	-0.0254210484874	0.018162872154	0.0453419729322	0.0117176210163	-0.0672267683462
k__Bacteria;p__Bacteroidetes;c__Bacteroidia;o__Bacteroidales;f__Bacteroidaceae;g__Bacteroides;s__Bacteroides_ovatus	-0.106912091629	-0.0525148220755	-0.0134180313444	-0.0233499782	-0.0130306855312	1.0	-0.0392217976453	0.00919094719936	0.0136037753601	-0.00455018412726	0.0606290616129	0.0475623707701	-0.0247478156292	-0.0659785732947	-0.0227794668474	-0.0435174488627	-0.0356749409102	-0.0523258552857	-0.0328835464251	0.0234924907327	0.0159894598808	0.000353951968889	0.0297464083478	-0.0589471809975	0.0189484831292	-0.0286054344709	0.00399080186932	-0.0037880923311	0.0561149048259	0.000456865112391	-0.0858251381729	0.0337553165739	-0.0186692600544	-0.0157197849703	-0.0339408156327	0.0150482944913	-0.0729466487474	0.0327414330631	0.0493500545413	0.0518462411499	-0.0131925293538	-0.00820408135359	-0.0198385581761	-0.0996927327307	0.0260460850225	0.0588741893939	-0.0417167472177	-0.00376113440126	-0.0568230627166	-0.0188490437478	0.00920705255909	0.0379499256659	-0.0262835561776	0.018339302333	-0.0012633344207	-0.000974754036854	-0.00368062156348	0.0551291578315	-0.0684642034869
k__Bacteria;p__Bacteroidetes;c__Bacteroidia;o__Bacteroidales;f__Rikenellaceae;g__Alistipes;s__Alistipes_shahii	0.00669549876766	0.00673647052144	-0.013249993653	0.0205485922622	-0.0455163899865	-0.0392217976453	1.0	-0.0694684526456	0.02112334653	-0.0126786272079	0.00673800992303	-0.00665033334198	-0.00872008071742	-0.00363565646376	-0.0218437173579	0.0188877136358	0.0208124422273	0.0515646187784	-0.0125861818721	-0.0692545737588	0.0571545428464	0.0158930281691	-0.0173474839193	-0.0558289659604	-0.059479235898	0.00306978396989	-0.00687499099758	0.00254851765146	-0.0124949893681	-0.0116077477744	0.0053978430229	-0.0091372239659	0.0219234414446	0.0182871894102	-0.0688190848731	-0.0300090423866	-0.0426847329527	0.0373051429726	-0.00776760803647	-0.00228907038567	-0.0635539083133	-0.0340629136714	0.039056044626	-0.0302503962525	-0.0496545595286	0.0438303850336	0.00298289019803	-0.0209505820642	0.0538988308447	0.000419830371019	0.0364449557573	0.0200625128476	-0.00495559573295	0.0105790596101	-0.0101217517836	-0.0861128710252	0.0306719423246	0.0270616586663	-0.0179071147348
k__Bacteria;p__Firmicutes;c__Clostridia;o__Clostridiales;f__Ruminococcaceae;g__Faecalibacterium;s__Faecalibacterium_prausnitzii	0.0316324766985	-0.028229128147	-0.057871990814	-0.00384745667537	-0.0286364706465	0.00919094719936	-0.0694684526456	1.0	0.00773559859127	0.0113388621623	-0.0116273617316	-0.0318128773725	-0.00967152968623	-0.00790197496184	-0.0142039136998	-0.00874797242518	0.0461124503965	-0.019418375145	0.0338089511315	0.0545678969551	0.0246973372908	-0.0365423298639	0.0466844269509	-0.0719024853037	-0.0294458248026	0.0207449185092	0.010224161006	0.0147830266934	-0.0139685160615	0.0622138197534	-0.0215206451658	0.0200670016482	-0.0333934435014	0.0105013354052	-0.0401501346056	-0.0420900790771	0.032723490028	-0.0476508481051	-0.0490452375783	0.0341397939833	-0.0498357007067	-0.0321698610582	0.00479530102364	-0.13221282528	0.00713629157933	-0.0169866276606	-0.0297532264993	0.0407706741752	-0.036145356316	-0.011115107041	-0.0794005396888	-0.00264875142179	-0.0270730815113	0.0230031729281	-0.0330314333426	-0.00889871295246	-0.0394239695269	-0.00451393501861	0.0504440018469
k__Bacteria;p__Bacteroidetes;c__Bacteroidia;o__Bacteroidales;f__Rikenellaceae;g__Alistipes;s__Alistipes_finegoldii	0.0389734712304	-0.0333449073512	-0.0162176787873	0.0115001345601	0.0152441773227	0.0136037753601	0.02112334653	0.00773559859127	1.0	-0.0746147000899	-0.0377915167979	-0.00843820565904	0.0413648217671	-0.0190653387083	-0.0971749648287	0.0276996372491	0.0439773095001	-0.0579005800232	0.00924961183944	-0.0383085952698	-0.00158986212578	0.0173937464794	-0.0776395946943	0.0190100668374	-0.055873763572	-0.0479098381217	-0.00676764578049	0.0678723909161	0.023685749214	0.0594418115887	-0.0167385216002	0.0155957848981	0.0144536167749	-0.0578130891166	-0.0235198871736	0.0116238481691	0.0128813178985	-0.0106405133484	0.043239677145	0.0812640567187	0.0131759744786	-0.0354053681767	-0.061799924578	-0.0539143571737	-0.0624714311912	-0.0488439560639	-0.0251641993075	0.0230184746663	-0.0274336915879	0.0356847795707	-0.042742966784	0.0520374971041	-0.0752000487174	0.0192791530885	-0.0290470345098	-0.000449251317002	-0.063765902587	-0.00413346325402	0.0367018463881
k__Bacteria;p__Bacteroidetes;c__Bacteroidia;o__Bacteroidales;f__Porphyromonadaceae;g__Parabacteroides;s__Parabacteroides_distasonis	-0.0326687582755	0.0616410258481	-0.0346328609218	-0.0524460206707	-0.0660195256833	-0.00455018412726	-0.0126786272079	0.0113388621623	-0.0746147000899	1.0	-0.0436213953668	0.0117146128393	-0.0770034173812	0.0260427406806	0.00662072917694	0.0559593473733	-0.00946143699116	-0.0340951752239	0.00345880967278	-0.0216025440117	-0.0209733261719	-0.016626424481	0.0652337999992	-0.00689581317593	0.048958943435	-0.0398802447317	0.0142596916721	0.0632388596979	-0.0750978732048	0.000752328585148	-0.0134102388298	-0.0300177979582	-0.0245652530858	0.0629458228079	-0.0619988695396	0.045586131763	-0.0393496484946	-0.0250776359199	-0.0294018101291	-0.0371074624999	0.00680047025583	-0.103227687713	-0.00282050116906	-0.0658017622646	-0.0528121965852	0.00736580584798	0.0165699766302	-0.00479201953112	0.00226179308455	-0.00644572750171	0.0194671275407	-0.00671258966731	0.0366375661254	0.0595446135313	-0.0720396730408	-0.0201091795397	-0.0861495114028	0.0137180522298	-0.098056911571
k__Bacteria;p__Bacteroidetes;c__Bacteroidia;o__Bacteroidales;f__Bacteroidaceae;g__Bacteroides;s__Bacteroides_thetaiotaomicron	-0.095168872548	-0.0393850758763	-0.107691045822	0.0290487715574	0.0413764137572	0.0606290616129	0.00673800992303	-0.0116273617316	-0.0377915167979	-0.0436213953668	1.0	0.0438158800868	-0.00037827911977	-0.00391803344419	-0.0305995172539	0.00666528889346	-0.0625581108224	-0.0165986905508	-0.0350098766049	0.0119164580614	-0.0121978060988	-0.0434443481881	0.00590222805799	0.0144147468923	0.00712774739844	-0.0408150716011	-0.0416587959833	0.00495886341763	0.00248824302687	0.00711234184265	-0.0272858247866	-0.0268320835337	0.024121382748	0.0158068592211	0.0262276964312	0.0314483024816	0.00342536293875	0.01544833794	0.00595343239606	-0.0484321835351	0.0640332633318	0.00232489348669	0.0148350641257	0.0041262809583	0.0226339810452	-0.0121252334328	0.0164807393675	0.0283247764352	0.0614162031747	-0.0436614387057	0.00828755150209	-0.0292944754665	-0.0721736200084	-0.0137404478641	-0.016118848004	-0.0788992846751	0.0167476601809	0.0333334853817	-0.0124436043285
k__Bacteria;p__Bacteroidetes;c__Bacteroidia;o__Bacteroidales;f__Bacteroidaceae;g__Bacteroides;s__Bacteroides_coprocola	0.0134020342187	0.0130674070139	0.00582584658903	-0.0340850261069	0.000807912024344	0.0475623707701	-0.00665033334198	-0.0318128773725	-0.00843820565904	0.0117146128393	0.0438158800868	1.0	-0.0203365527236	-0.033752878156	0.0318687315225	0.0215655704411	-0.071927589982	-0.00510829146113	0.0566793137229	-0.0365720976914	0.00572123835189	0.000701311536792	-0.0644738226342	-0.0125610056794	0.0527549580085	0.0793793139014	0.103551325462	-0.0338814109019	-0.041733461853	0.0207933413691	-0.0647817199644	-0.0537644877384	-0.0607599827204	-0.0186787104195	-0.0603073367493	0.00817475245828	-0.0575675029699	-0.0299685202818	0.00876584414833	-0.0270651962613	0.0150196727927	0.0590211165999	-0.00839962695764	0.0110886323677	-0.0437828628871	-0.00922558923561	-0.0599003231718	-0.0294864319541	0.00770870750473	-0.0522711764166	-0.00673205982543	-0.00639598505309	0.0282478759958	-0.0119174449856	0.041053450766	0.0345379774603	-0.0308469796633	-0.0405317332042	-0.032863113515
k__Bacteria;p__Bacteroidetes;c__Bacteroidia;o__Bacteroidales;f__Bacteroidaceae;g__Bacteroides;s__Bacteroides_cellulosilyticus	-0.0832414391475	0.0101495683918	-0.0773445474289	0.0277849291032	0.0104261886985	-0.0247478156292	-0.00872008071742	-0.00967152968623	0.0413648217671	-0.0770034173812	-0.00037827911977	-0.0203365527236	1.0	-0.0492648212751	-0.00146855286858	-0.00192776789969	0.0173808407714	-0.00717302096118	0.0142744490216	-0.0207549367367	-0.0117400885493	0.00895226354553	-0.0273428268244	-0.0245722255817	-0.0516741672349	0.00500702260495	-0.0570116175626	-0.0666414656504	0.0121535268044	-0.0037098065798	0.0860121757647	-0.122239483056	-0.0876390696508	-0.0385434643517	0.0363069681208	0.0525318244917	-0.0664392482091	0.00865912452722	-0.0217741463595	-0.0282490289735	-0.0184617279251	6.73116506887e-06	-0.0375706018088	0.0391675186182	-0.00577515842362	-0.0256439410524	-0.00817412300196	-0.0378006723651	0.0299048362546	-0.0562946672002	-0.0237352283946	-0.0142231490772	0.0501989766681	0.0305532442409	-0.0311043084256	-0.0172973015507	0.00791073360861	0.0621361455169	-0.0114822316789
k__Bacteria;p__Bacteroidetes;c__Bacteroidia;o__Bacteroidales;f__Rikenellaceae;g__Alistipes;s__Alistipes_obesi	0.0399225326863	-0.0644471683078	-0.0241327265809	-0.00355583470298	0.00899004058876	-0.0659785732947	-0.00363565646376	-0.00790197496184	-0.0190653387083	0.0260427406806	-0.00391803344419	-0.033752878156	-0.0492648212751	1.0	-0.109640425116	0.0412239297192	0.00776046919515	-0.00552024928144	-0.0354223165421	0.0535607154316	-0.0431648149214	0.011633725951	0.0549312904052	-0.00480828096208	-0.0221540862193	-0.00619976118753	0.00540451596225	0.0307260568922	0.0328060937188	-0.0502481612342	-0.0836271958199	-0.038589115001	-0.00676366126716	-0.0993753679318	-0.0573451652651	0.0584979147975	0.0308645092539	0.0436639256549	0.0103432988471	0.029236790038	0.0105149082209	-0.0653911250322	0.020855541541	0.0389353045946	-0.098427438515	0.0146463404692	-0.0138545737018	-0.00499528024164	0.0274269515611	-0.0416235171989	0.00775484812306	0.0154796856578	-0.0142313650644	0.0191264853862	-0.0106644953609	0.0113600236921	-0.0601486907166	0.02797945153	-0.0634149840117
k__Bacteria;p__Firmicutes;c__Clostridia;o__Clostridiales;f__Lachnospiraceae;g__;s__[Eubacterium]_rectale	-0.0107983347905	-0.0407231156041	-0.0100266592899	-0.0150868378441	-0.0377842019703	-0.0227794668474	-0.0218437173579	-0.0142039136998	-0.0971749648287	0.00662072917694	-0.0305995172539	0.0318687315225	-0.00146855286858	-0.109640425116	1.0	0.0132250223943	0.00660372259079	-0.00716904064632	0.0332603583349	0.0250820344042	-0.0397288681253	-0.0226974770462	-0.0249208159366	-0.0333199184263	0.0382692695751	0.0764504345697	0.0214479506974	-0.0901261801399	-0.0214690024956	0.0673739136669	-0.0320978446721	-0.0135107942191	-0.0868680106655	0.0398795615275	0.0214497817195	-0.0372931809843	-0.0104769827474	0.000484562646601	-0.0428796343733	-0.0473089285254	-0.0196012330005	-0.0311990517019	0.0337337494896	0.00114787503902	-0.0354712485739	0.0525337896024	-0.0728827945337	0.0535483489824	0.00524044506586	-0.0285964020935	0.000148785905566	-0.0264144826738	-0.0416300419898	0.0191223323424	-0.00158458524937	0.0182265776068	-0.0392474784271	0.0273386173974	0.0144344723506
k__Bacteria;p__Bacteroidetes;c__Bacteroidia;o__Bacteroidales;f__Bacteroidaceae;g__Bacteroides;s__Bacteroides_plebeius	0.015317757254	0.029967480062	0.0559989678336	-0.0107331770385	0.000318404756623	-0.0435174488627	0.0188877136358	-0.00874797242518	0.0276996372491	0.0559593473733	0.00666528889346	0.0215655704411	-0.00192776789969	0.0412239297192	0.0132250223943	1.0	-0.0857656082761	-0.0311532270968	-0.0519461012202	0.0480895142415	-0.0343120059095	-0.00904282303661	-0.0133019089846	0.00195928633257	-0.00640500256086	-0.0058734792402	0.0036423798142	-0.0524380827989	-0.0287069322301	-0.00630483839121	-0.0144510748124	-0.0714719905345	0.0478550247371	0.0120695934787	-0.00459096468987	-0.0697293767013	-0.0810072540769	-0.0323700382333	0.0399177140765	-0.0934621396036	-0.0367344430974	-0.0690496500736	-0.0180394328037	0.0520966433958	-0.0393483810441	-0.00651799362873	-0.0341936977529	-0.0318706398738	-0.0189244007437	-0.0309184065302	0.000275926601061	-0.004692769267	-0.00772370783186	0.0055449167881	-0.0249828493628	-0.00795895666965	0.0489716898247	0.0136811864705	0.0553653524035
k__Bacteria;p__Bacteroidetes;c__Bacteroidia;o__Bacteroidales;f__Bacteroidaceae;g__Bacteroides;s__Bacteroides_fragilis	0.0159634708572	-0.0663562549271	0.00669689681221	0.00576786998967	-0.0384535512031	-0.0356749409102	0.0208124422273	0.0461124503965	0.0439773095001	-0.00946143699116	-0.0625581108224	-0.071927589982	0.0173808407714	0.00776046919515	0.00660372259079	-0.0857656082761	1.0	0.0170499125347	-0.0112769244424	-0.017531296483	-0.0407883667412	-0.0439988921024	-0.0546219247537	-0.0274447378282	-0.056594385994	0.0608723329081	-0.0172540695864	-0.00242109506676	-0.0924044265951	0.000146113443133	0.0240110124128	-0.00170033609228	-0.0363848807018	0.0388660509712	0.0527413571862	-0.0490835902248	0.0285439231129	-0.0715241400379	-0.0358739489986	-0.021340277335	0.0621518694989	0.000950597018587	-0.0324975128229	-0.0186349192677	0.0713669289393	-0.0103371376199	0.0631824479223	0.00819496668778	-0.0137081988392	-0.0726002893465	0.000483192656082	-0.0421086978014	-0.0569943562537	0.0210128109825	-0.00923261959092	0.0559605227833	0.0110122241571	0.0516514290059	0.0186352261642
k__Bacteria;p__Proteobacteria;c__Betaproteobacteria;o__Burkholderiales;f__Sutterellaceae;g__Sutterella;s__Sutterella_wadsworthensis	0.0048710832841	-0.0379486418267	0.0563741026465	-0.0622325025982	-0.0197016304427	-0.0523258552857	0.0515646187784	-0.019418375145	-0.0579005800232	-0.0340951752239	-0.0165986905508	-0.00510829146113	-0.00717302096118	-0.00552024928144	-0.00716904064632	-0.0311532270968	0.0170499125347	1.0	-0.00544247739724	0.0274954629892	-0.0647426399078	0.104314642461	0.00682761773387	-0.0011085179022	0.046095389634	-0.0441284989309	-0.0308865439486	0.0216800160677	-0.0108066133094	-0.00423425054601	0.0418358941546	-0.0266584618638	-0.0110614103082	0.0137738462849	0.016501987579	-0.0489027046377	-0.00803734398423	-0.0120156147798	-0.0711046352221	-0.0158872753916	-0.015637941452	-0.0374804308526	-0.00996379243988	-0.0278050216198	0.0126378356259	0.00375470061112	0.00971611217395	0.0419980128967	-0.0174961416679	-0.0654054730921	0.0411309509771	-0.0300330174682	-0.0207752317881	0.0449782758195	-0.063782759089	-0.00801404133926	-0.0200303417989	-0.00387052185483	-0.0449704467631
k__Bacteria;p__Bacteroidetes;c__Bacteroidia;o__Bacteroidales;f__Porphyromonadaceae;g__Barnesiella;s__Barnesiella_intestinihominis	0.00427075480936	0.0547194161792	-0.097805924295	-0.0429703556224	-0.00179268179223	-0.0328835464251	-0.0125861818721	0.0338089511315	0.00924961183944	0.00345880967278	-0.0350098766049	0.0566793137229	0.0142744490216	-0.0354223165421	0.0332603583349	-0.0519461012202	-0.0112769244424	-0.00544247739724	1.0	-0.0960748594922	0.015851001173	-0.00679094163917	-0.00418341475699	0.00485373302011	0.00892663771548	0.0950394673502	-0.0637012803998	-0.012000927372	-0.0166910557451	-0.0377741078081	-0.042625851076	-0.0202792865355	-0.043368680081	0.0182755253656	0.0262704831661	0.0017380922949	-0.0529449199181	-0.0788093489924	0.0287182834421	0.0293766196303	0.0251201743276	0.0150403032492	-0.0191893370434	-0.0314201160457	-0.0206202225406	0.00784952903315	0.00992506442928	-0.0733822064354	-0.035399414273	0.0118467311212	0.0542760643191	-0.0163251231805	0.0436929410629	-0.0280082138281	0.0337888601844	-0.0261635490345	0.0199133705347	0.0377330338341	-0.0705935735985
k__Bacteria;p__Bacteroidetes;c__Bacteroidia;o__Bacteroidales;f__Odoribacteraceae;g__Odoribacter;s__Odoribacter_splanchnicus	0.0467260624133	0.0233827545043	0.00801994203111	-0.0265208416474	0.0140612322778	0.0234924907327	-0.0692545737588	0.0545678969551	-0.0383085952698	-0.0216025440117	0.0119164580614	-0.0365720976914	-0.0207549367367	0.0535607154316	0.0250820344042	0.0480895142415	-0.017531296483	0.0274954629892	-0.0960748594922	1.0	-0.0377614688163	0.0588617100277	0.0140933851847	-0.0259880886538	0.0194061717482	0.012879680406	0.00613796882524	-0.00263301439638	0.0136804949084	-0.0231472961987	0.00717567316065	-0.00175692073578	0.0145260108997	0.0302931076058	-0.00537425323133	-0.000451208008566	-0.00795841815747	0.013736609872	0.04932459598	-0.0339844645411	-0.0144780231367	-0.0238395961859	0.0135399384573	-0.060396244268	-0.0777984954772	-0.0204843074317	0.0302076352059	-0.0624930466913	-0.070624053551	-0.0748507723688	0.0572322128497	0.0142184114581	0.0375099486979	-0.0120736150921	-0.0143103651784	-0.00512689646609	-0.00741234140291	-0.0932411456422	-0.0710372703524
k__Bacteria;p__Bacteroidetes;c__Bacteroidia;o__Bacteroidales;f__Bacteroidaceae;g__Bacteroides;s__Bacteroides_salyersiae	0.0318730855133	-0.0453402336377	-0.00582424004365	-0.0102092486394	0.0505446161944	0.0159894598808	0.0571545428464	0.0246973372908	-0.00158986212578	-0.0209733261719	-0.0121978060988	0.00572123835189	-0.0117400885493	-0.0431648149214	-0.0397288681253	-0.0343120059095	-0.0407883667412	-0.0647426399078	0.015851001173	-0.0377614688163	1.0	-0.00162696886542	0.0044084494095	-0.0399887868152	0.00261885948599	-0.0614793900607	0.0307042941462	-0.00221100819582	0.0130312856094	-0.0496790009584	-0.00584018427827	0.00110988974243	-0.0297063985057	-0.0151101795672	-0.00549681243906	0.0829010088984	-0.00739413016933	-0.00889942065762	0.0406384639892	0.00940627589176	-0.0268884505102	9.32484118837e-05	-0.0457678122112	0.0120614737992	-0.046369504476	0.0131029841408	-0.0121258652002	-0.00405502392692	-0.0969442499189	0.0153983713087	-0.0401287882839	-0.0266746284453	-0.0173600405532	0.00411597684832	0.00737977746972	-0.00108290821247	-0.00462113181587	0.0285797846443	-0.0375548408782
k__Bacteria;p__Firmicutes;c__Clostridia;o__Clostridiales;f__Ruminococcaceae;g__Ruminiclostridium;s__[Eubacterium]_siraeum	-0.00286382697665	-0.0481299737217	0.0120405727162	-0.000385988622204	-0.0569630263759	0.000353951968889	0.0158930281691	-0.0365423298639	0.0173937464794	-0.016626424481	-0.0434443481881	0.000701311536792	0.00895226354553	0.011633725951	-0.0226974770462	-0.00904282303661	-0.0439988921024	0.104314642461	-0.00679094163917	0.0588617100277	-0.00162696886542	1.0	0.0372098361365	-0.0790694165259	-0.0439768624146	-0.0830652589245	0.106077686577	0.00997147791287	-0.0224310475083	-0.0425115293713	-0.0351503412373	-0.0910274888495	-0.025553604873	0.0241625152539	0.0297270202203	-0.0207307347567	-0.0349701941883	-0.0245237737853	-0.0522526889434	-0.059961297151	0.0203806298233	-0.0977833911185	-0.0569637162836	-0.0294303518507	-0.00522384772173	0.0266202843237	0.0483985633671	0.0496425018752	0.0149191767226	-0.0491985212975	-0.0285648482564	-0.0142410780062	0.0130700746261	-0.0413762904249	0.0333965278888	-0.0288939525871	-0.0146403978869	-0.0377534510343	-0.0131454095589
k__Bacteria;p__Proteobacteria;c__Betaproteobacteria;o__Burkholderiales;f__Sutterellaceae;g__Parasutterella;s__Parasutterella_excrementihominis	-0.0357291719435	0.0165884789065	-0.0119059148347	-0.0479130635774	-0.0641262502659	0.0297464083478	-0.0173474839193	0.0466844269509	-0.0776395946943	0.0652337999992	0.00590222805799	-0.0644738226342	-0.0273428268244	0.0549312904052	-0.0249208159366	-0.0133019089846	-0.0546219247537	0.00682761773387	-0.00418341475699	0.0140933851847	0.0044084494095	0.0372098361365	1.0	0.007241876714	-0.0108193141597	-0.0878945429566	-0.0970237783596	-0.00627778495243	-0.0214061125397	-0.00214819422811	0.0338469310956	0.0179998594377	0.0483929065926	0.0285939079946	-0.00381813602963	-0.0512912749808	-0.0241531165319	-0.0783267242351	0.0523772915221	0.0105910406226	-0.048678527858	-0.00722502792422	-0.00282663198014	-0.0584072169859	-0.023171275336	0.024717477836	0.00548948148456	-0.0550227228956	0.0511512072722	-0.00980361558749	-0.0365475449847	-0.0268881257073	-0.0454101497811	0.0422219245022	0.0203787167868	-0.0822832421366	-0.0684840999504	-0.0466385238948	0.00829650604774
k__Bacteria;p__Actinobacteria;c__Actinobacteria;o__Bifidobacteriales;f__Bifidobacteriaceae;g__Bifidobacterium;s__Bifidobacterium_adolescentis	0.073535011889	-0.0235943736711	0.00416014013348	0.000623880888411	-0.0160757346892	-0.0589471809975	-0.0558289659604	-0.0719024853037	0.0190100668374	-0.00689581317593	0.0144147468923	-0.0125610056794	-0.0245722255817	-0.00480828096208	-0.0333199184263	0.00195928633257	-0.0274447378282	-0.0011085179022	0.00485373302011	-0.0259880886538	-0.0399887868152	-0.0790694165259	0.007241876714	1.0	-0.0115459430247	-0.0164945807637	0.0149247249601	0.0126667243216	-0.0135962914287	0.0399626954464	0.0326906063619	-0.0248806726649	0.125570818232	0.0290867325005	-0.0121247666247	0.00637666303441	0.00924583872422	-0.0246461055036	0.0528900413408	-0.0480515706661	0.00867057986559	0.051427993237	0.0215244949278	-0.00850319983123	-0.0359167062221	-0.0324875621642	-0.122142503369	-0.0229649204233	0.0375195006353	0.0617097980894	0.0195172591903	-0.0118026260301	-0.00840253504299	-0.0134449102379	0.0125765760149	-0.00780470838661	-0.0900131048712	-0.121204464324	-0.0238170758375
k__Bacteria;p__Firmicutes;c__Clostridia;o__Clostridiales;f__Oscillospiraceae;g__Oscillibacter;s__Oscillibacter_sp._KLE_1745	0.0293940990727	-0.0280068323958	0.110499866422	0.0517970138196	0.0933050907085	0.0189484831292	-0.059479235898	-0.0294458248026	-0.055873763572	0.048958943435	0.00712774739844	0.0527549580085	-0.0516741672349	-0.0221540862193	0.0382692695751	-0.00640500256086	-0.056594385994	0.046095389634	0.00892663771548	0.0194061717482	0.00261885948599	-0.0439768624146	-0.0108193141597	-0.0115459430247	1.0	-0.0109618540091	-0.0518103841071	-0.0334137144975	0.0306961842788	-0.0390620256547	0.0116264003872	0.00940756871134	0.0123031149262	0.0034195743734	-0.0237101031031	0.0244636404102	-0.0682218962649	-0.0537953630798	-0.0161154416431	-0.0326493211763	-0.0455297636147	-0.0315346556391	0.0320838503931	-0.0458451960578	0.0158157929698	-0.0390290656226	0.0356582705854	0.0100604478493	0.00779031757625	0.0172863512922	-0.0689106738366	0.0702979529754	-0.0672663608035	-0.0233415252362	-0.0846769421027	-0.0165431001472	0.00779128063114	-0.00938817759847	-0.0944463751097
k__Bacteria;p__Bacteroidetes;c__Bacteroidia;o__Bacteroidales;f__Bacteroidaceae;g__Bacteroides;s__Bacteroides_coprophilus	-0.0224988753632	-0.0302625038034	0.0570346769196	-0.0630473474755	0.0446435691969	-0.0286054344709	0.00306978396989	0.0207449185092	-0.0479098381217	-0.0398802447317	-0.0408150716011	0.0793793139014	0.00500702260495	-0.00619976118753	0.0764504345697	-0.0058734792402	0.0608723329081	-0.0441284989309	0.0950394673502	0.012879680406	-0.0614793900607	-0.0830652589245	-0.0878945429566	-0.0164945807637	-0.0109618540091	1.0	0.0280298239319	-0.022114634594	0.0183436704447	0.0762361759998	0.0171922108026	0.0120247520006	0.00887343950316	-0.0566949580545	0.0577489333704	-0.0288705627579	-0.0413709334739	0.0185078213347	-0.023273766886	-0.0328160241065	-0.00536584092337	0.0528677804164	0.00731351108777	0.0553066865067	-0.0707840712597	0.0136126344621	0.00731900589739	-0.0448844945509	0.0073719589255	0.0246878750561	-0.00793051191295	-0.0345459454378	-0.0244307206653	0.0622751365628	0.0463119846203	-0.0131457251766	-0.0495247766766	-0.0803117838309	0.0547425667108
k__Bacteria;p__Firmicutes;c__Clostridia;o__Clostridiales;f__Lachnospiraceae;g__Roseburia;s__Roseburia_intestinalis	0.00880592364752	0.0122955803938	0.0877064149977	-0.0289318158552	-0.0446513497682	0.00399080186932	-0.00687499099758	0.010224161006	-0.00676764578049	0.0142596916721	-0.0416587959833	0.103551325462	-0.0570116175626	0.00540451596225	0.0214479506974	0.0036423798142	-0.0172540695864	-0.0308865439486	-0.0637012803998	0.00613796882524	0.0307042941462	0.106077686577	-0.0970237783596	0.0149247249601	-0.0518103841071	0.0280298239319	1.0	-0.0182110932439	0.000480463817079	-0.0664068331626	-0.0153658221448	0.0181577065803	0.00894306588141	-0.0311149738117	-0.0171533918716	-0.0493646787473	0.0530702642243	0.0192724746702	-0.0639082906175	0.0300873580114	-0.0491683301129	-0.00961481576506	-0.01896808248	-0.0205651626183	0.026007637511	-0.028098164333	-0.030034394469	-0.0373070386793	0.0178059283508	-0.0202898433277	0.00466133983546	-0.0505459176172	-0.00656335925385	-0.0974717750607	0.00880348864733	0.0034225223101	-0.0268190655572	-0.00302630764744	0.0386564190261
k__Bacteria;p__Firmicutes;c__Clostridia;o__Clostridiales;f__Lachnospiraceae;g__Roseburia;s__Roseburia_hominis	0.0457956491581	-0.0193855526464	-0.0570815974483	-0.0649886084341	-0.0676069842299	-0.0037880923311	0.00254851765147	0.0147830266934	0.0678723909161	0.0632388596979	0.00495886341763	-0.0338814109019	-0.0666414656504	0.0307260568922	-0.0901261801399	-0.0524380827989	-0.00242109506676	0.0216800160677	-0.012000927372	-0.00263301439638	-0.00221100819582	0.00997147791287	-0.00627778495243	0.0126667243216	-0.0334137144975	-0.022114634594	-0.0182110932439	1.0	0.10519951292	-0.0304977839086	-0.0266914011245	0.0301773287672	0.0157665317174	-0.0677041136529	-0.0585719335703	0.0345768359416	0.0672369647471	-0.0348599237828	-0.00173419197117	-0.00795101326507	0.00882225587288	-0.0396480200143	-0.00198642935362	0.0805558218233	0.0041256254735	-0.0651095155124	-0.0716695734491	0.0132648628295	-0.0735640038744	0.0309057214334	-0.05943244308	-0.0198604424178	-0.027779533128	-0.0175760414855	-0.0139855545137	0.0701074629754	0.0103616460043	-0.0448552740973	0.00962152240085
k__Bacteria;p__Bacteroidetes;c__Bacteroidia;o__Bacteroidales;f__Porphyromonadaceae;g__Parabacteroides;s__Parabacteroides_johnsonii	-0.039655155649	-0.00337153378511	0.00453142927704	-0.0081193271316	-0.0260838154117	0.0561149048259	-0.0124949893681	-0.0139685160615	0.023685749214	-0.0750978732048	0.00248824302687	-0.041733461853	0.0121535268044	0.0328060937188	-0.0214690024956	-0.0287069322301	-0.0924044265951	-0.0108066133094	-0.0166910557451	0.0136804949084	0.0130312856094	-0.0224310475083	-0.0214061125397	-0.0135962914287	0.0306961842788	0.0183436704447	0.000480463817079	0.10519951292	1.0	0.0444659781862	-0.00318261179242	-0.0133852304718	-0.000898741909925	-0.049846259593	0.0411810879493	-0.0372372392122	-0.00466069382683	0.0334727490642	0.0325641471762	-0.0397180429046	-0.0115755959492	-0.00269746066726	0.0127753398139	-0.0294687112687	-0.0292679726223	0.0248849076083	-0.0195869268155	-0.0684923025936	-0.00923915417626	-0.0121947769589	-0.0703703524182	-0.100917777172	0.0348464938426	-0.0574536260997	-0.0432022814368	-0.0532471675726	0.0621534696926	0.00085161713223	-0.016413436941
k__Bacteria;p__Actinobacteria;c__Actinobacteria;o__Bifidobacteriales;f__Bifidobacteriaceae;g__Bifidobacterium;s__Bifidobacterium_longum	0.026410076428	0.0379031470511	0.0741585589726	-0.0408054161473	0.0501093344937	0.000456865112391	-0.0116077477744	0.0622138197534	0.0594418115887	0.000752328585148	0.00711234184265	0.0207933413691	-0.0037098065798	-0.0502481612342	0.0673739136669	-0.00630483839121	0.000146113443133	-0.00423425054601	-0.0377741078081	-0.0231472961987	-0.0496790009584	-0.0425115293713	-0.00214819422811	0.0399626954464	-0.0390620256547	0.0762361759998	-0.0664068331626	-0.0304977839086	0.0444659781862	1.0	-0.107761394828	-0.0594254304281	0.0315222953031	0.00657987440823	0.0230819044286	-0.00995198970454	-0.131958989605	-0.0897491112719	-0.0288784979675	-0.00348325037674	-0.00516809484369	0.0553463811603	-0.0211591636193	-0.0226326919142	-0.0326915187746	-0.0320868572981	0.0258376052503	-0.0311578438496	-0.07421848111	0.0220474033377	0.007884151681	0.0193773785857	-0.0199993145962	0.0205167910962	0.00721587343277	-0.0184110354056	0.057967337161	-0.0731875501187	-0.0420665058828
