#taxonomy	k__Bacteria;p__Bacteroidetes;c__Bacteroidia;o__Bacteroidales;f__Bacteroidaceae;g__Bacteroides;s__Bacteroides_vulgatus	k__Bacteria;p__Bacteroidetes;c__Bacteroidia;o__Bacteroidales;f__Bacteroidaceae;g__Bacteroides;s__Bacteroides_uniformis	k__Bacteria;p__Bacteroidetes;c__Bacteroidia;o__Bacteroidales;f__Rikenellaceae;g__Alistipes;s__Alistipes_putredinis	k__Bacteria;p__Bacteroidetes;c__Bacteroidia;o__Bacteroidales;f__Prevotellaceae;g__Prevotella;s__Prevotella_copri	k__Bacteria;p__Bacteroidetes;c__Bacteroidia;o__Bacteroidales;f__Bacteroidaceae;g__Bacteroides;s__Bacteroides_stercoris	k__Bacteria;p__Bacteroidetes;c__Bacteroidia;o__Bacteroidales;f__Bacteroidaceae;g__Bacteroides;s__Bacteroides_ovatus	k__Bacteria;p__Bacteroidetes;c__Bacteroidia;o__Bacteroidales;f__Rikenellaceae;g__Alistipes;s__Alistipes_shahii	k__Bacteria;p__Firmicutes;c__Clostridia;o__Clostridiales;f__Ruminococcaceae;g__Faecalibacterium;s__Faecalibacterium_prausnitzii	k__Bacteria;p__Bacteroidetes;c__Bacteroidia;o__Bacteroidales;f__Rikenellaceae;g__Alistipes;s__Alistipes_finegoldii	k__Bacteria;p__Bacteroidetes;c__Bacteroidia;o__Bacteroidales;f__Porphyromonadaceae;g__Parabacteroides;s__Parabacteroides_distasonis	k__Bacteria;p__Bacteroidetes;c__Bacteroidia;o__Bacteroidales;f__Bacteroidaceae;g__Bacteroides;s__Bacteroides_thetaiotaomicron	k__Bacteria;p__Bacteroidetes;c__Bacteroidia;o__Bacteroidales;f__Bacteroidaceae;g__Bacteroides;s__Bacteroides_coprocola	k__Bacteria;p__Bacteroidetes;c__Bacteroidia;o__Bacteroidales;f__Bacteroidaceae;g__Bacteroides;s__Bacteroides_cellulosilyticus	k__Bacteria;p__Bacteroidetes;c__Bacteroidia;o__Bacteroidales;f__Rikenellaceae;g__Alistipes;s__Alistipes_obesi	k__Bacteria;p__Firmicutes;c__Clostridia;o__Clostridiales;f__Lachnospiraceae;g__;s__[Eubacterium]_rectale	k__Bacteria;p__Bacteroidetes;c__Bacteroidia;o__Bacteroidales;f__Bacteroidaceae;g__Bacteroides;s__Bacteroides_plebeius	k__Bacteria;p__Bacteroidetes;c__Bacteroidia;o__Bacteroidales;f__Bacteroidaceae;g__Bacteroides;s__Bacteroides_fragilis	k__Bacteria;p__Proteobacteria;c__Betaproteobacteria;o__Burkholderiales;f__Sutterellaceae;g__Sutterella;s__Sutterella_wadsworthensis	k__Bacteria;p__Bacteroidetes;c__Bacteroidia;o__Bacteroidales;f__Porphyromonadaceae;g__Barnesiella;s__Barnesiella_intestinihominis	k__Bacteria;p__Bacteroidetes;c__Bacteroidia;o__Bacteroidales;f__Odoribacteraceae;g__Odoribacter;s__Odoribacter_splanchnicus	k__Bacteria;p__Bacteroidetes;c__Bacteroidia;o__Bacteroidales;f__Bacteroidaceae;g__Bacteroides;s__Bacteroides_salyersiae	k__Bacteria;p__Firmicutes;c__Clostridia;o__Clostridiales;f__Ruminococcaceae;g__Ruminiclostridium;s__[Eubacterium]_siraeum	k__Bacteria;p__Proteobacteria;c__Betaproteobacteria;o__Burkholderiales;f__Sutterellaceae;g__Parasutterella;s__Parasutterella_excrementihominis	k__Bacteria;p__Actinobacteria;c__Actinobacteria;o__Bifidobacteriales;f__Bifidobacteriaceae;g__Bifidobacterium;s__Bifidobacterium_adolescentis	k__Bacteria;p__Firmicutes;c__Clostridia;o__Clostridiales;f__Oscillospiraceae;g__Oscillibacter;s__Oscillibacter_sp._KLE_1745	k__Bacteria;p__Bacteroidetes;c__Bacteroidia;o__Bacteroidales;f__Bacteroidaceae;g__Bacteroides;s__Bacteroides_coprophilus	k__Bacteria;p__Firmicutes;c__Clostridia;o__Clostridiales;f__Lachnospiraceae;g__Roseburia;s__Roseburia_intestinalis	k__Bacteria;p__Firmicutes;c__Clostridia;o__Clostridiales;f__Lachnospiraceae;g__Roseburia;s__Roseburia_hominis	k__Bacteria;p__Bacteroidetes;c__Bacteroidia;o__Bacteroidales;f__Porphyromonadaceae;g__Parabacteroides;s__Parabacteroides_johnsonii	k__Bacteria;p__Actinobacteria;c__Actinobacteria;o__Bifidobacteriales;f__Bifidobacteriaceae;g__Bifidobacterium;s__Bifidobacterium_longum	k__Bacteria;p__Firmicutes;c__Clostridia;o__Clostridiales;f__;g__Flavonifractor;s__Flavonifractor_plautii	k__Bacteria;p__Firmicutes;c__Clostridia;o__Clostridiales;f__Clostridiaceae;g__Clostridium;s__Clostridium_phoceensis	k__Bacteria;p__Verrucomicrobia;c__Verrucomicrobiae;o__Verrucomicrobiales;f__Akkermansiaceae;g__Akkermansia;s__Akkermansia_muciniphila	k__Bacteria;p__Bacteroidetes;c__Bacteroidia;o__Bacteroidales;f__Prevotellaceae;g__Paraprevotella;s__Paraprevotella_xylaniphila	k__Bacteria;p__Firmicutes;c__Clostridia;o__Clostridiales;f__Ruminococcaceae;g__Ruminococcus;s__Ruminococcus_callidus	k__Bacteria;p__Bacteroidetes;c__Bacteroidia;o__Bacteroidales;f__Rikenellaceae;g__Alistipes;s__Alistipes_senegalensis	k__Bacteria;p__Firmicutes;c__Clostridia;o__Clostridiales;f__Lachnospiraceae;g__Blautia;s__Blautia_sp._KLE_1732	k__Bacteria;p__Bacteroidetes;c__Bacteroidia;o__Bacteroidales;f__Bacteroidaceae;g__Bacteroides;s__Bacteroides_oleiciplenus	k__Bacteria;p__Firmicutes;c__Clostridia;o__Clostridiales;f__Ruminococcaceae;g__Ruminococcus;s__Ruminococcus_bicirculans	k__Bacteria;p__Bacteroidetes;c__Bacteroidia;o__Bacteroidales;f__Bacteroidaceae;g__Bacteroides;s__Bacteroides_fluxus	k__Bacteria;p__Bacteroidetes;c__Bacteroidia;o__Bacteroidales;f__Prevotellaceae;g__Prevotella;s__Prevotella_stercorea	k__Bacteria;p__Firmicutes;c__Clostridia;o__Clostridiales;f__Lachnospiraceae;g__Dorea;s__Dorea_longicatena	k__Bacteria;p__Firmicutes;c__Clostridia;o__Clostridiales;f__Eubacteriaceae;g__Eubacterium;s__[Eubacterium]_eligens	k__Bacteria;p__Firmicutes;c__Clostridia;o__Clostridiales;f__Ruminococcaceae;g__;s__Ruminococcaceae_bacterium_D16	k__Bacteria;p__Firmicutes;c__Clostridia;o__Clostridiales;f__Lachnospiraceae;g__Coprococcus;s__Coprococcus_comes	k__Bacteria;p__Proteobacteria;c__Gammaproteobacteria;o__Enterobacterales;f__Enterobacteriaceae;g__Escherichia;s__Escherichia_coli	k__Bacteria;p__Firmicutes;c__Clostridia;o__Clostridiales;f__Ruminococcaceae;g__Anaerotruncus;s__Anaerotruncus_colihominis	k__Bacteria;p__Firmicutes;c__Clostridia;o__Clostridiales;f__Lachnospiraceae;g__Blautia;s__Blautia_obeum	k__Bacteria;p__Bacteroidetes;c__Bacteroidia;o__Bacteroidales;f__Odoribacteraceae;g__Odoribacter;s__Odoribacter_laneus	k__Bacteria;p__Firmicutes;c__Clostridia;o__Clostridiales;f__Ruminococcaceae;g__Ruminiclostridium;s__[Clostridium]_leptum	k__Bacteria;p__Bacteroidetes;c__Bacteroidia;o__Bacteroidales;f__Porphyromonadaceae;g__Parabacteroides;s__Parabacteroides_goldsteinii	k__Bacteria;p__Firmicutes;c__Clostridia;o__Clostridiales;f__Lachnospiraceae;g__Anaerostipes;s__Anaerostipes_hadrus	k__Bacteria;p__Firmicutes;c__Clostridia;o__Clostridiales;f__Ruminococcaceae;g__Ruminococcus;s__Ruminococcus_lactaris	k__Bacteria;p__Firmicutes;c__Clostridia;o__Clostridiales;f__Clostridiaceae;g__Clostridium;s__Clostridium_sp._L2-50	k__Bacteria;p__Firmicutes;c__Clostridia;o__Clostridiales;f__Clostridiaceae;g__Clostridium;s__Clostridium_sp._M62/1	k__Bacteria;p__Firmicutes;c__Clostridia;o__Clostridiales;f__;g__Intestinimonas;s__Intestinimonas_butyriciproducens	k__Bacteria;p__Actinobacteria;c__Actinobacteria;o__Bifidobacteriales;f__Bifidobacteriaceae;g__Bifidobacterium;s__Bifidobacterium_bifidum	k__Bacteria;p__Firmicutes;c__Negativicutes;o__Veillonellales;f__Veillonellaceae;g__Dialister;s__Dialister_invisus	k__Bacteria;p__Bacteroidetes;c__Bacteroidia;o__Bacteroidales;f__Bacteroidaceae;g__Bacteroides;s__Bacteroides_salanitronis
k__Bacteria;p__Bacteroidetes;c__Bacteroidia;o__Bacteroidales;f__Bacteroidaceae;g__Bacteroides;s__Bacteroides_vulgatus	1.0	-0.0401696257589	0.0239809953156	-0.0391372160446	-0.0586813178544	0.0238889276202	-0.0519190969456	-0.018532701353	0.0148958425718	-0.00906107738696	-0.0862112492342	0.0180784155886	-0.0471485441123	0.0116673721009	0.0483460809107	-0.00298343272002	-0.00974938253421	-0.086383716235	0.0434127612187	-0.0109688981188	0.0280238252632	-0.055783759204	-0.0381656198874	0.0012306572315	-0.0588984143101	0.0274121801252	-0.0314112830051	0.0671945986244	-0.0310764525549	-0.0381236709029	0.0446678051091	0.0249996393542	0.0509761088451	-0.00708150423623	-0.0387610763226	0.0220079827081	-0.0134628517872	-0.00171359230063	0.000370726340674	0.0764057882134	-0.0510779920649	-0.0124144288353	-0.00214762711732	0.0261310370385	0.0221172557809	-0.0191395908581	-0.0794465786715	-0.0498981068403	0.00914525250061	-0.0342510062728	0.00135599341185	-0.0559091139986	-0.0274355914341	0.0176282006336	0.0588574248573	0.0150661141303	-0.00728205483383	-0.00976901933272	-0.00857027577118
k__Bacteria;p__Bacteroidetes;c__Bacteroidia;o__Bacteroidales;f__Bacteroidaceae;g__Bacteroides;s__Bacteroides_uniformis	-0.0401696257589	1.0	-0.00932950930115	-0.00140450600294	0.0514928097251	0.00734887250054	-0.060994561417	-0.00658106975795	0.05816286562	-0.0771183968626	-0.000551568129396	0.00345334989171	-0.0657273097555	0.00358536234136	0.0131446798196	-0.0301338591631	-0.0102724553716	0.0177321090772	0.00415118975065	0.00482678194258	0.012891589408	0.0585820760236	-0.0181321668743	-0.0553241206878	0.0330055635729	-0.0215760575335	-0.0202807729163	-0.0225007674755	-0.0480589697228	-0.00323497173065	-0.0373425043635	-0.0433673043441	0.0149851613923	0.0246120721499	-0.00811022877124	0.00486495460717	-0.0524581455268	-0.0625347551791	0.0316088834105	-0.0710007258922	0.0183354442696	0.00968286739481	-0.0168812354875	-0.0465310988721	-0.00154276470415	0.0273021975207	-0.00291486297178	0.0606832688553	-0.0811954949728	-0.0187742804837	0.0764097880321	0.0382598213556	-0.0114548277027	0.0340136323348	0.00665418542614	-0.0176660077431	0.0275363613462	-0.00460269217867	0.00644945290214
k__Bacteria;p__Bacteroidetes;c__Bacteroidia;o__Bacteroidales;f__Rikenellaceae;g__Alistipes;s__Alistipes_putredinis	0.0239809953156	-0.00932950930115	1.0	-0.0532672017572	-0.054255796619	0.0121591950691	-0.0295937382152	0.0365890559692	0.0702445340097	0.0407717554305	0.0140842228283	-0.0534217195924	-0.0095487939202	-0.0465987627109	0.00188364270161	0.00512216942694	0.00273612187203	0.00657808386289	-0.0475648282806	0.0514779343393	-0.0280259712474	0.0391868024032	0.0621721387181	0.0494357033726	-0.0225880104146	-0.0666912882067	0.000286607332308	-0.000127401426891	-0.00701007248993	-0.00714696232131	-0.00387890022161	0.0193154346309	0.025056175985	0.0156551143013	-0.0667559355026	0.0157143908485	-0.0114614008091	-0.0463898786023	0.069456342649	-0.0179937415174	-0.0218143680716	-0.0487895558068	0.00915178204084	-0.0613092613218	-0.020627695471	-0.0709471889921	-0.0235250133971	0.0492341227893	-0.0524768218261	-0.0164140396373	0.00410089426923	-0.0340685057789	0.0079182035907	-0.115884639129	-0.014627695937	-0.0067635482919	0.0545644047694	0.0452203608828	-0.081696466011
k__Bacteria;p__Bacteroidetes;c__Bacteroidia;o__Bacteroidales;f__Prevotellaceae;g__Prevotella;s__Prevotella_copri	-0.0391372160446	-0.00140450600294	-0.0532672017572	1.0	0.024806038964	0.0157652224468	-0.0749016044773	-0.015539068476	0.0220824936216	0.0350496690668	0.00147388444139	0.0495679827507	-0.00829493897955	-0.0227670027597	-0.0942277814859	0.00919520780867	-0.109289138922	0.0544471515274	-0.0326610202857	-0.0168522279863	-0.0338006000449	0.0263929565861	0.0761136857281	0.0194439819042	-0.0133436588521	-0.00782878347483	-0.0236766684432	-0.0526489170157	-0.0514165034641	-0.0475112441908	-0.0397133788426	-0.0286525567469	0.00117784769585	0.024987260709	0.0121348627972	-0.0141645672855	-0.0205906063244	-0.0552722676588	-0.0143279183399	-0.00491652476639	-0.0302585765815	0.0344066948551	0.0387290230114	-0.0134882016692	0.0267775864353	-0.042481345913	0.00258658553217	0.0212581929137	-0.0351267938224	0.0631214113255	0.0257727181942	0.0391016111221	0.00724491791064	-0.0332603087471	-0.00333814561874	-0.0496600482835	-0.0474120433376	0.00680044003598	-0.0549263867606
k__Bacteria;p__Bacteroidetes;c__Bacteroidia;o__Bacteroidales;f__Bacteroidaceae;g__Bacteroides;s__Bacteroides_stercoris	-0.0586813178544	0.0514928097251	-0.054255796619	0.024806038964	1.0	0.010952240725	0.0334642560783	0.00556961789665	0.0103726705399	-0.0258949986282	-0.0315127109625	0.0244597982777	-0.0396497786889	-0.0141395904671	0.0172203884466	0.00591913313109	-0.0115883146108	-0.0136852748694	0.03998771519	0.0175513535339	-0.000500182133958	0.0181125085322	0.0576075184789	0.0331798079445	0.060268587724	-0.000384436669316	-0.0171064076606	-0.00795732759752	-0.0102588342371	0.0350684845672	-0.000863260957589	0.0267336631394	0.0334140083046	0.0379617955554	-0.0215263162912	-0.0893387709672	-0.00121078933635	-0.0179891175573	-0.0443975189638	-0.0451987297928	-0.0307987587906	0.0145129811859	-0.0415264169293	0.0211077307609	-0.0595206751897	0.0683710710603	-0.0158838725972	-0.00481948964305	0.0117421513533	0.0132876644666	-0.00631277149105	-0.0640928506556	0.0191820929515	0.0275577857384	-0.0621602664799	-0.0158700902998	0.0330482847332	-0.0456774238155	-0.00625732209013
k__Bacteria;p__Bacteroidetes;c__Bacteroidia;o__Bacteroidales;f__Bacteroidaceae;g__Bacteroides;s__Bacteroides_ovatus	0.0238889276202	0.00734887250054	0.0121591950691	0.0157652224468	0.010952240725	1.0	0.0376706462608	0.0377440043372	-0.000720083074112	-0.0316331198338	-0.0213396774864	-0.0510818360752	-0.0568252557411	-0.0108150031104	-0.0560690939177	0.0486587248096	-0.060320620867	0.0499043925737	0.0472375811478	-0.0195849422052	0.0020082133711	-0.00571583815172	-0.0391496370415	0.0251134482887	-0.0448839866418	-0.040871954787	-0.0106382014821	-0.0415228147672	0.0233308374633	0.0174445578205	0.0333056979941	0.0495354267674	-0.0648493921958	0.0157542449608	-0.00195305024391	-0.0214868249574	-0.0459562692801	-0.00969121925542	-0.0492737919018	0.00668107202979	0.0446163341699	-0.0452064928185	-0.0681371251522	0.0137740194401	0.0139451681691	0.0407389708646	-0.0511060103151	-0.0669918640082	-0.00644567838039	-0.0605999190523	-0.0367196039594	0.0533377988764	-0.0505022239775	-0.055400924737	0.0208596489832	-0.0268709340762	-0.00541531462456	-0.0127853707942	-0.0800907111947
k__Bacteria;p__Bacteroidetes;c__Bacteroidia;o__Bacteroidales;f__Rikenellaceae;g__Alistipes;s__Alistipes_shahii	-0.0519190969456	-0.060994561417	-0.0295937382152	-0.0749016044773	0.0334642560783	0.0376706462608	1.0	0.0112879092816	0.0312189228669	0.0502256654895	0.0468125135013	-0.0473112046691	0.00595717316982	-0.0552999936133	-0.00900729446659	-0.0338338342296	-0.029446327521	0.0236100689293	0.000169656957331	0.0183662916217	0.0153441477931	0.034864802744	0.0572777297603	0.0730259250388	-0.0695013860564	0.0287429671497	0.0939449805803	-0.0547119428297	0.0151249045753	-0.0320318290994	-0.0213320275042	0.00699398610619	0.0498980696119	-0.0435058758034	0.00866346610366	-0.0320405216284	0.0404363737183	-0.081528563661	0.00558018028169	0.0134860561661	-0.0149385503599	-0.0689940175321	-0.0189376468928	-0.0275767103341	-0.022867547111	-0.0519391817776	-0.00596736733224	-0.00493943029612	0.0599560055469	0.00355126953679	-0.0355411337517	-0.0163881961766	0.00653643335027	-0.0242232243149	-0.0624166668346	-0.00520869013926	-0.0634350389253	0.0302031973739	0.0187418947075
k__Bacteria;p__Firmicutes;c__Clostridia;o__Clostridiales;f__Ruminococcaceae;g__Faecalibacterium;s__Faecalibacterium_prausnitzii	-0.018532701353	-0.00658106975795	0.0365890559692	-0.015539068476	0.00556961789665	0.0377440043372	0.0112879092816	1.0	0.0157297938072	-0.00545939610625	-0.0525929660051	0.039458370556	0.0476322858692	-0.0512052168493	-0.020989019123	-0.0319541201378	0.100106938714	-0.0547608593614	-0.0290567645784	-0.00179805777234	-0.00635354649131	0.00829182906598	-0.0518141340852	-0.0538192775633	0.0472262344766	-0.027656195632	-0.0195781218869	0.03181513589	-0.0161343725274	-0.00380001125983	0.0215527255931	-0.05192431542	-0.0290659626106	-0.00124584305991	-0.0354626374018	-0.0463960044856	0.0157854115516	0.014699415222	-0.0118263608219	0.0104449813444	-0.0018415192437	0.0184371132616	-0.0268463913826	0.0457034989277	-0.0393391595143	-0.0188132023772	-0.00604055128248	0.00130400739754	-0.040139372987	0.0427157270066	0.0255075642696	-0.0189173552431	-0.105021987619	0.00970431472312	0.00154810110207	-0.00886365326652	-0.0333203241603	-0.0222884154851	-0.0398750679842
k__Bacteria;p__Bacteroidetes;c__Bacteroidia;o__Bacteroidales;f__Rikenellaceae;g__Alistipes;s__Alistipes_finegoldii	0.0148958425718	0.05816286562	0.0702445340097	0.0220824936216	0.0103726705399	-0.000720083074112	0.0312189228669	0.0157297938072	1.0	-0.0409910585232	-0.0637192540451	-0.0510108907069	0.0267469188447	-0.0431393585382	0.0347521501782	-0.06064166899	-0.0340212536885	-0.0224639976304	-0.0678124728892	0.0213964309654	0.00646835736803	0.0384613783707	-0.00759070464832	-0.0285994736249	-0.00108253002343	-0.00505857895709	-0.0430776649087	0.0145751281798	0.00945079239702	0.0898947422091	-0.0673515076691	-0.0489862102807	0.0152975447932	-0.0111994680653	0.010641264287	-0.105204143557	-0.0701483328387	0.00294080083598	-0.0688150557701	-0.030583137081	0.0267554012118	-0.0035396174617	-0.0659821647298	0.00264907140807	0.0160219648875	0.0514637524749	-0.0252407707839	-0.00856898930459	0.0195751101561	-0.0928923222315	-0.0135785716748	0.0075429474532	0.00825911248015	0.00229386761348	-0.0527426143183	-0.00713237961582	0.0116790197356	0.0340920775384	-0.00122740781546
k__Bacteria;p__Bacteroidetes;c__Bacteroidia;o__Bacteroidales;f__Porphyromonadaceae;g__Parabacteroides;s__Parabacteroides_distasonis	-0.00906107738696	-0.0771183968626	0.0407717554305	0.0350496690668	-0.0258949986282	-0.0316331198338	0.0502256654895	-0.00545939610625	-0.0409910585232	1.0	-0.00889462199512	0.015517243804	-0.0599912691607	0.0193372932079	-0.0397328685366	-0.0578166503524	-0.0447867086565	-0.0064091779173	-0.0175763595487	-0.000972715401232	0.0935354977839	-0.0196585962549	-0.0195581482859	-0.0195469203667	-0.0173127882176	-0.0347723867406	0.0182065131276	-0.070347385804	0.0274387244697	-0.00968720299534	0.0145329936836	-0.0463586877814	0.0628581824677	-0.0256665559323	-0.00490641498345	-0.00592370991883	-0.0609212566953	0.00808297888438	-0.0267346849593	0.0393950032682	-0.106276817395	0.0286811912632	-0.0395185013355	-0.0119023272114	-0.010419320486	-0.0699077248975	0.0632509360742	0.0197504676915	0.056651527098	-0.0307913143748	-0.0599213406029	-0.0428461974413	-0.0673186709756	-0.0503026050264	0.116993683729	0.0198488521779	-0.094450974047	-0.0014312598573	0.00118748967146
k__Bacteria;p__Bacteroidetes;c__Bacteroidia;o__Bacteroidales;f__Bacteroidaceae;g__Bacteroides;s__Bacteroides_thetaiotaomicron	-0.0862112492342	-0.000551568129396	0.0140842228283	0.00147388444139	-0.0315127109625	-0.0213396774864	0.0468125135013	-0.0525929660051	-0.0637192540451	-0.00889462199512	1.0	-0.0345027990357	-0.0438528348358	-0.0223105675895	-0.0208363971401	-0.0419538663917	-0.021290775778	-0.0824842321798	0.00616526799227	0.0206283665272	0.0292286624763	0.00274462242309	-0.0147547676879	-0.0283300395789	0.0586843468035	0.026861494913	-0.0117371176122	-0.0430115414429	0.00158660304457	-0.0493427019954	-0.0184130576624	0.0333529312403	-0.0591981884721	0.0667149748485	0.0133539477818	-0.0431820375356	0.0185638179393	-0.00812318764887	-0.0253496830539	0.042542373117	-0.0450143849817	0.0304591589147	0.000574517289045	0.0244194152322	0.0426662422868	-0.0410291607435	0.0155905477744	0.0825367821672	0.00962158407849	-0.00640598050836	-0.0416265626614	-0.0145966073989	0.00661411163753	-0.000761875971875	0.00364453657222	0.0107092119756	0.00923256913627	-0.0842979045508	0.0147688512064
k__Bacteria;p__Bacteroidetes;c__Bacteroidia;o__Bacteroidales;f__Bacteroidaceae;g__Bacteroides;s__Bacteroides_coprocola	0.0180784155886	0.00345334989171	-0.0534217195924	0.0495679827507	0.0244597982777	-0.0510818360752	-0.0473112046691	0.039458370556	-0.0510108907069	0.015517243804	-0.0345027990357	1.0	0.0313540213958	0.00157764612029	-0.0374271678606	-0.063654128464	-0.0248105348698	0.0194771318965	-0.0228163920366	0.0268888328891	-0.0243812539746	0.0118667961555	0.0140965606174	-0.0135622454084	-0.0153301624194	-0.0667667863042	0.0662120783502	-0.056171055833	-0.0384516736515	0.0502966961396	-0.0571633276244	-0.0157191881826	0.0225211930756	-0.0612796867093	-0.0344219168495	0.0337237850357	-0.0426003367759	-0.0420262395087	-0.000703271389155	-0.0910588060423	-0.0511574962508	-0.0527551526857	0.0424542356232	-0.0316413875865	-0.00257615647237	0.0193466855673	-0.019462571673	-0.0279829950978	-0.0755278250528	-0.0307466759382	-0.0271173291337	-0.0269597237171	-0.035104056688	-0.0207304700922	0.036060514792	-0.0333169267426	-0.0188977222167	0.048029477792	-0.0529932246102
k__Bacteria;p__Bacteroidetes;c__Bacteroidia;o__Bacteroidales;f__Bacteroidaceae;g__Bacteroides;s__Bacteroides_cellulosilyticus	-0.0471485441123	-0.0657273097555	-0.0095487939202	-0.00829493897955	-0.0396497786889	-0.0568252557411	0.00595717316982	0.0476322858692	0.0267469188447	-0.0599912691607	-0.0438528348358	0.0313540213958	1.0	-0.0489492237169	-0.00390865493551	-0.109438431371	-0.0308184929482	-0.027998461535	-0.0148810847788	-0.0205716586924	-0.00774975840923	-0.00483852091676	0.0236288872051	0.0615357682872	-0.0898807488248	0.0311152441281	0.0129303188232	-0.0986086927128	0.076034634797	0.0507891097124	-0.0317794835623	0.0364469052028	-0.00280849671941	-0.0679220226359	0.0117991299931	0.0619494153887	-0.00605164726464	-0.021311728278	0.0035942694464	0.0422358465927	0.0157577159151	-0.076129280661	-0.0402464134436	0.0851782923443	-0.0494913119705	-0.0659738701831	0.0537434046947	0.00817555444107	0.0222004994585	-0.0392241588951	-0.00301643759202	0.0252507383505	-0.0509535282603	-0.0447457333808	0.0499679894084	-0.0428178746541	0.0113516050837	0.0294348255278	-0.00727140424352
k__Bacteria;p__Bacteroidetes;c__Bacteroidia;o__Bacteroidales;f__Rikenellaceae;g__Alistipes;s__Alistipes_obesi	0.0116673721009	0.00358536234136	-0.0465987627109	-0.0227670027597	-0.0141395904671	-0.0108150031104	-0.0552999936133	-0.0512052168493	-0.0431393585382	0.0193372932079	-0.0223105675895	0.00157764612029	-0.0489492237169	1.0	0.00176814372249	-0.0491708819186	0.0194970738799	0.0287845885834	0.00469523725011	-0.045197761884	-0.0156281365025	-0.0295608301961	-0.0436330640187	0.0591984541116	-0.0275417393047	0.0461780007893	-0.0572814209344	-0.0837486561435	0.0509905090811	0.0148470720197	-0.0202099448079	0.0349317546012	-0.00261287238414	-0.00346549220462	-0.0898440947969	0.0566324702159	0.0149728411413	0.0120504549586	-0.0168289518028	0.0316237276998	0.00361901772126	0.0114642517938	0.0220223639836	-0.0702875445793	-0.0681491054859	-0.00787031297639	-0.0576478020244	0.00270404374349	-0.0532046923897	-0.0458692686392	-0.0294250598103	0.00841364565225	0.0144566171179	0.0142844126601	0.0321612876853	-0.0141095644078	0.024039813311	-0.0133899375695	0.0358456861231
k__Bacteria;p__Firmicutes;c__Clostridia;o__Clostridiales;f__Lachnospiraceae;g__;s__[Eubacterium]_rectale	0.0483460809107	0.0131446798196	0.00188364270161	-0.0942277814859	0.0172203884466	-0.0560690939177	-0.00900729446659	-0.020989019123	0.0347521501782	-0.0397328685366	-0.0208363971401	-0.0374271678606	-0.00390865493551	0.00176814372249	1.0	-0.0193314240017	0.0582812556878	0.0686787809831	-0.0677921069832	-0.0202414635593	0.00540270060986	0.00371135420432	0.0166828316335	-0.0132840082103	-0.0578456354256	-0.0185897263287	-0.0020859783461	-0.0343435968353	-0.0494689927016	0.00648678727588	0.0944365085306	-0.0500771820703	0.0325082544828	-0.0189316037123	-0.0373283247944	0.0391322140215	-0.0398580820426	0.0037522920831	0.0137155920171	0.0281721909612	0.00626067222219	0.0164906054638	0.0193445388523	0.0306759447277	-0.0415431029733	0.0132803649814	-0.0422309179574	0.0176324728905	-0.0166313400144	0.00488678075973	0.0723241232503	-0.0733620168821	-0.0170506476675	-0.0213471879858	0.0506058256949	-0.0888174260065	0.00973676878099	-0.0124840897087	-0.02946705448
k__Bacteria;p__Bacteroidetes;c__Bacteroidia;o__Bacteroidales;f__Bacteroidaceae;g__Bacteroides;s__Bacteroides_plebeius	-0.00298343272002	-0.0301338591631	0.00512216942694	0.00919520780867	0.00591913313109	0.0486587248096	-0.0338338342296	-0.0319541201378	-0.06064166899	-0.0578166503524	-0.0419538663917	-0.063654128464	-0.109438431371	-0.0491708819186	-0.0193314240017	1.0	0.00609542842463	-0.0120768092432	-0.0605065064379	-0.00230165688952	-0.00841098433589	0.0351736696005	-0.0267116729528	-0.0776577211306	0.00579020988049	-0.0567243434695	-0.0302421134149	-0.0546976429782	-0.0803067202415	0.0306948032496	-0.0598529816268	-0.0242803922585	0.00313347363653	0.02408275526	-0.0596889295342	-0.000112325852038	-0.00992014102457	0.0405881992953	-0.0689728389918	0.0491861191499	-0.0275240618239	-0.0475868279326	-0.00113471879632	0.0278040830355	-0.00886326604033	-0.0156829688777	0.0592706449807	0.0731737052513	-0.0120513600575	-0.0507438914543	0.0249379355378	0.0301539244486	-0.00498082619556	0.00531925750286	0.0170697117658	0.00992280955358	-0.00222950494174	-0.0254231768803	-0.111924803762
k__Bacteria;p__Bacteroidetes;c__Bacteroidia;o__Bacteroidales;f__Bacteroidaceae;g__Bacteroides;s__Bacteroides_fragilis	-0.00974938253421	-0.0102724553716	0.00273612187203	-0.109289138922	-0.0115883146108	-0.060320620867	-0.029446327521	0.100106938714	-0.0340212536885	-0.0447867086565	-0.021290775778	-0.0248105348698	-0.0308184929482	0.0194970738799	0.0582812556878	0.00609542842463	1.0	0.00591797953876	0.066417351687	0.0193759497135	-0.0430945275706	0.0451732917444	0.00282108499278	0.0302984402715	-0.0577975398177	-0.017917282019	0.00686133776063	-0.0106529995457	-0.0105745135371	-0.0579395376272	-0.0282411063739	-0.014585082083	-0.0192485484075	0.0319565390688	-0.0047540910906	-0.0210308745069	-0.0273978103679	-0.0904560298279	0.0251571664614	0.00162433405036	-0.0324297720143	-0.057028821906	0.0062423448865	0.00414388303469	0.00699160035257	-0.0235785801085	-0.0833803170595	-0.0371088424368	0.01586678129	0.033687785374	-0.0130660752368	0.00490971554952	0.0265625507636	-0.0229253289792	0.0238713974934	0.087281341506	-0.00700857465826	-0.0496817314526	-0.0233430302156
k__Bacteria;p__Proteobacteria;c__Betaproteobacteria;o__Burkholderiales;f__Sutterellaceae;g__Sutterella;s__Sutterella_wadsworthensis	-0.086383716235	0.0177321090772	0.00657808386289	0.0544471515274	-0.0136852748694	0.0499043925737	0.0236100689293	-0.0547608593614	-0.0224639976304	-0.0064091779173	-0.0824842321798	0.0194771318965	-0.027998461535	0.0287845885834	0.0686787809831	-0.0120768092432	0.00591797953876	1.0	-0.106460488794	0.0121155274328	0.011605986272	0.0241136078812	-0.0399934364748	0.0183783926695	-0.0945589520209	0.0659036217751	-0.02237111709	0.0274845603085	0.0155049728505	-0.0281994556259	0.0255671877917	-0.00756078469559	-0.0325946340689	-0.00716862074794	-0.0472507625761	-0.0329597607229	-0.00736276848609	-0.00732689188214	0.00956631838127	-0.0211459930104	0.00621386641106	0.00293190669973	-0.0565033020038	-0.0615145076336	-0.0368922678286	-0.00373561120509	0.0269540241886	-0.00992841759228	-0.0610446585108	-0.0657557503394	-0.0715185595351	0.0148790654666	-0.0114176570468	0.00686624062271	-0.0387800861335	-0.0596942241783	0.012561188691	-0.0425130219024	0.0273699848935
k__Bacteria;p__Bacteroidetes;c__Bacteroidia;o__Bacteroidales;f__Porphyromonadaceae;g__Barnesiella;s__Barnesiella_intestinihominis	0.0434127612187	0.00415118975065	-0.0475648282806	-0.0326610202857	0.03998771519	0.0472375811478	0.000169656957331	-0.0290567645784	-0.0678124728892	-0.0175763595487	0.00616526799227	-0.0228163920366	-0.0148810847788	0.00469523725011	-0.0677921069832	-0.0605065064379	0.066417351687	-0.106460488794	1.0	-0.0377829972808	-0.001367441514	-0.0378958597713	-0.0128631480143	0.000470071947796	0.0752800059507	-0.0054117715871	0.0114141630181	0.00145555469989	0.0313443726474	0.0351790643669	-0.00219417350252	-0.00188583971939	-0.0528518154929	0.0545754530309	-0.0477777761538	-0.0674017902613	0.0142766184011	-0.00293816314018	0.00540935776634	0.0610339891194	-0.00410421436899	0.0414807248482	-0.050092872802	0.00973874092599	0.0149515110389	-0.0353172113783	-0.00729010914674	0.0338841472379	-0.0121240960174	-0.0196694251408	-0.00633395831845	0.0139241117213	0.0453990166905	-0.0250330084385	-0.0229686845786	0.0205446248555	-0.00634875876481	-0.0677206123806	-0.0666597843721
k__Bacteria;p__Bacteroidetes;c__Bacteroidia;o__Bacteroidales;f__Odoribacteraceae;g__Odoribacter;s__Odoribacter_splanchnicus	-0.0109688981188	0.00482678194258	0.0514779343393	-0.0168522279863	0.0175513535339	-0.0195849422052	0.0183662916217	-0.00179805777234	0.0213964309654	-0.000972715401232	0.0206283665272	0.0268888328891	-0.0205716586924	-0.045197761884	-0.0202414635593	-0.00230165688952	0.0193759497135	0.0121155274328	-0.0377829972808	1.0	0.00677329366431	-0.0148305328079	-0.00474213906473	0.0124613910876	0.0636127828959	-0.0360438421064	0.00562603548993	0.0055952835461	-0.0352612399893	0.0512033431278	-0.0218654453029	0.087538311472	-0.0485265608794	-0.026689265701	0.0465726485204	-0.0263011216583	0.0618432289025	0.0455305771937	0.0463343482582	-0.0478923283942	0.061941926191	-0.0135294235617	-0.0197019488503	0.0129683958351	-0.0550762002971	-0.0708263781604	-0.030866887105	-0.0456007443271	-0.00694853865839	-0.0330340240856	-0.0430094485282	0.0355164509781	-0.0162355795748	0.0155917117346	0.0615280345847	0.0295472206092	-0.102550632054	-0.0453142295224	-0.0088758901127
k__Bacteria;p__Bacteroidetes;c__Bacteroidia;o__Bacteroidales;f__Bacteroidaceae;g__Bacteroides;s__Bacteroides_salyersiae	0.0280238252632	0.012891589408	-0.0280259712474	-0.0338006000449	-0.000500182133958	0.0020082133711	0.0153441477931	-0.00635354649131	0.00646835736803	0.0935354977839	0.0292286624763	-0.0243812539746	-0.00774975840923	-0.0156281365025	0.00540270060986	-0.00841098433589	-0.0430945275706	0.011605986272	-0.001367441514	0.00677329366431	1.0	0.0031297064242	-0.0353644854455	-0.0377789880979	-0.0435344516311	-0.024217775651	0.0319066784181	0.00431675760327	0.0255458948011	-0.085612516582	0.0815891549259	-0.0407819232694	-0.0668444513188	0.0456594639238	0.00324446245776	-0.0420958047511	-0.0168852184566	0.083995804528	-0.0043551437006	-0.0806834405536	0.0269241451696	-0.0547421344719	-0.0459152957085	-0.0125853334485	-0.0211630142725	-0.0458489199724	-0.00295864712385	0.0459429324372	0.00531744398798	0.00650531328223	-0.041004138208	-0.0411605906342	-0.0373545823343	-0.0411823849848	-0.0281762486341	-0.0301874175664	0.0050395604847	-0.00806196097017	-0.0663455508934
k__Bacteria;p__Firmicutes;c__Clostridia;o__Clostridiales;f__Ruminococcaceae;g__Ruminiclostridium;s__[Eubacterium]_siraeum	-0.055783759204	0.0585820760236	0.0391868024032	0.0263929565861	0.0181125085322	-0.00571583815172	0.034864802744	0.00829182906598	0.0384613783707	-0.0196585962549	0.00274462242309	0.0118667961555	-0.00483852091676	-0.0295608301961	0.00371135420432	0.0351736696005	0.0451732917444	0.0241136078812	-0.0378958597713	-0.0148305328079	0.0031297064242	1.0	0.0294073196471	4.65367006071e-05	-0.0994940471728	-0.0722398369752	-0.0564526072623	-0.0480881577146	-0.0843585750985	0.0613806890305	-0.0180247076921	0.0141856599026	-0.0119193035176	0.0137639514263	-0.0641757200127	0.0655017593774	0.0117859728245	-0.0146008724636	-0.0105706701687	-0.0629306232033	0.0112349114675	0.0155276046929	-0.0313421060777	-0.100294230934	-0.0770588048332	0.0119780459873	-0.0100174886794	-0.000567860495253	-0.017473664775	0.0110459735419	-0.051668838158	0.046178573482	-0.026595781712	0.0794136168049	-0.0185877710015	-0.0044023297373	-0.0399764005447	-0.0210183020862	0.0345304590102
k__Bacteria;p__Proteobacteria;c__Betaproteobacteria;o__Burkholderiales;f__Sutterellaceae;g__Parasutterella;s__Parasutterella_excrementihominis	-0.0381656198874	-0.0181321668743	0.0621721387181	0.0761136857281	0.0576075184789	-0.0391496370415	0.0572777297603	-0.0518141340852	-0.00759070464832	-0.0195581482859	-0.0147547676879	0.0140965606174	0.0236288872051	-0.0436330640187	0.0166828316335	-0.0267116729528	0.00282108499278	-0.0399934364748	-0.0128631480143	-0.00474213906473	-0.0353644854455	0.0294073196471	1.0	-0.0168005509938	0.0077686956611	-0.0672518523086	-0.0321076329899	-0.0404710305315	-0.085002753136	-0.0144659371788	0.0495787461394	-0.0368939055393	-0.0299318699453	0.0109131375641	-0.0405090815675	0.0287746549907	0.0438858228621	0.0749403509605	-0.00778908098637	-0.0460925348078	-0.0602449612914	0.0413708783457	0.0623232689946	0.00500068255812	-0.0720934422507	-0.0706099231464	0.0204695318376	0.00484282515217	0.000855282150915	-0.00278177794928	0.0612088638702	-0.0471555427635	-0.0272587882981	0.0179985748695	-0.0707015874485	0.002201982559	-0.00418022468497	-0.00852906899715	0.0156822911598
k__Bacteria;p__Actinobacteria;c__Actinobacteria;o__Bifidobacteriales;f__Bifidobacteriaceae;g__Bifidobacterium;s__Bifidobacterium_adolescentis	0.0012306572315	-0.0553241206878	0.0494357033726	0.0194439819042	0.0331798079445	0.0251134482887	0.0730259250388	-0.0538192775633	-0.0285994736249	-0.0195469203667	-0.0283300395789	-0.0135622454084	0.0615357682872	0.0591984541116	-0.0132840082103	-0.0776577211306	0.0302984402715	0.0183783926695	0.000470071947796	0.0124613910876	-0.0377789880979	4.65367006071e-05	-0.0168005509938	1.0	-0.0120084513427	0.0164797202997	-0.0669075470195	0.0148100568288	-0.0915626700672	0.00574195915239	-0.0108334054876	-0.0620895884454	-0.0363729158418	-0.0417269924817	0.0070414706729	-0.0549488028395	0.00561737612921	0.0347319776132	0.0290600314268	0.00741142018421	-0.0457739780865	-0.00475837380118	-0.027815876692	0.0271424853589	-0.0690933624902	0.0171833125657	0.0457346417171	-0.0588554039583	0.0281234528296	0.0532646465074	0.00711438138987	-0.00438175483468	-0.00138177570094	0.00433689010124	0.0302230397561	-0.0320032122985	-0.027252571685	-0.0375042802604	0.0143494547381
k__Bacteria;p__Firmicutes;c__Clostridia;o__Clostridiales;f__Oscillospiraceae;g__Oscillibacter;s__Oscillibacter_sp._KLE_1745	-0.0588984143101	0.0330055635729	-0.0225880104146	-0.0133436588521	0.060268587724	-0.0448839866418	-0.0695013860564	0.0472262344766	-0.00108253002343	-0.0173127882176	0.0586843468035	-0.0153301624194	-0.0898807488248	-0.0275417393047	-0.0578456354256	0.00579020988049	-0.0577975398177	-0.0945589520209	0.0752800059507	0.0636127828959	-0.0435344516311	-0.0994940471728	0.0077686956611	-0.0120084513427	1.0	0.00991302924257	-0.0639769091829	0.0470868594058	-0.030279049752	-0.0721008638126	0.01388155505	0.0388403925818	-0.0931789298911	0.013900529383	-0.0160886610068	-0.045794698092	0.0479766752795	-0.0750766534567	-0.0297447788982	0.0597703415393	-0.0193656547902	0.0093585090825	0.010408544478	0.0362632127029	-0.000462310110768	-0.0688691396875	0.0228714577578	-0.00434265866676	-0.00881059416737	0.00226829948923	0.010647083083	-0.0221662726869	0.0209806523568	0.0343035230499	-0.085350599746	0.0343020201686	-0.057480081759	-0.0145295328689	-0.00264953924173
k__Bacteria;p__Bacteroidetes;c__Bacteroidia;o__Bacteroidales;f__Bacteroidaceae;g__Bacteroides;s__Bacteroides_coprophilus	0.0274121801252	-0.0215760575335	-0.0666912882067	-0.00782878347483	-0.000384436669316	-0.040871954787	0.0287429671497	-0.027656195632	-0.00505857895709	-0.0347723867406	0.026861494913	-0.0667667863042	0.0311152441281	0.0461780007893	-0.0185897263287	-0.0567243434695	-0.017917282019	0.0659036217751	-0.0054117715871	-0.0360438421064	-0.024217775651	-0.0722398369752	-0.0672518523086	0.0164797202997	0.00991302924257	1.0	-0.0329943823031	0.0332686292383	0.0210890316656	-0.0754473262517	0.0163707064347	-0.0321123808808	-0.00588381630215	-0.00532212865813	-0.00195838010356	-0.0410702356046	-0.027618807506	-0.0379614598045	0.00514118627831	-0.0145782628838	0.0415087863059	0.0280904643104	-0.0389980228843	0.0391267004596	0.0198149445378	-0.0598351125758	-0.0494253822761	-0.048029996764	-0.00773461802897	-0.00791424237506	-0.0347998803956	0.00463534245173	0.0360548121409	0.0313689295156	0.0166647269178	-0.0342215800354	0.0247490625132	-0.0523619173313	0.0316603845985
k__Bacteria;p__Firmicutes;c__Clostridia;o__Clostridiales;f__Lachnospiraceae;g__Roseburia;s__Roseburia_intestinalis	-0.0314112830051	-0.0202807729163	0.000286607332308	-0.0236766684432	-0.0171064076606	-0.0106382014821	0.0939449805803	-0.0195781218869	-0.0430776649087	0.0182065131276	-0.0117371176122	0.0662120783502	0.0129303188232	-0.0572814209344	-0.0020859783461	-0.0302421134149	0.00686133776063	-0.02237111709	0.0114141630181	0.00562603548993	0.0319066784181	-0.0564526072623	-0.0321076329899	-0.0669075470195	-0.0639769091829	-0.0329943823031	1.0	0.0519838056082	0.0684213196221	-0.0327141894997	-0.00939236842625	0.0428212193962	-0.0200129071915	-0.0077887050776	-0.0672853250035	0.0534045629113	-0.0381115196138	-0.0187842489461	-0.061312374077	0.0056678875359	-0.0615323339424	-0.0127921957559	-0.025316857925	-0.0237149212768	-0.0248165741134	-0.0313518958052	0.0528805687078	-0.020026061596	0.0195135623641	0.0116035156912	0.00347910406083	0.0447151056764	-0.0451333217661	-0.00221169065759	0.0105208648256	-0.00313982226795	0.0242331888964	-0.00738478734849	-0.00394272997668
k__Bacteria;p__Firmicutes;c__Clostridia;o__Clostridiales;f__Lachnospiraceae;g__Roseburia;s__Roseburia_hominis	0.0671945986244	-0.0225007674755	-0.000127401426891	-0.0526489170157	-0.00795732759752	-0.0415228147672	-0.0547119428297	0.03181513589	0.0145751281798	-0.0703473858039	-0.0430115414429	-0.056171055833	-0.0986086927128	-0.0837486561435	-0.0343435968353	-0.0546976429782	-0.0106529995457	0.0274845603085	0.00145555469989	0.0055952835461	0.00431675760327	-0.0480881577146	-0.0404710305315	0.0148100568288	0.0470868594058	0.0332686292383	0.0519838056082	1.0	-0.0965521000845	-0.0202637768584	-0.00745469269524	0.000207750061266	-0.00798110021762	0.0728293531855	-0.00509146716191	-0.00820391465601	-0.059798420177	0.00903512459843	-0.0738650934261	-0.0618019582955	0.0408793487088	-0.0418319658545	0.0166341189368	0.0591528989689	0.00703960640005	-0.0985516905104	-0.0868010276465	-0.0104946426584	-0.0218536786121	-0.0487091834621	-0.0208021035538	0.00260144145132	0.0114574946086	0.0169421210589	0.033168125499	0.0234913428594	-0.0337080734186	0.0584798055817	-0.00792970114072
k__Bacteria;p__Bacteroidetes;c__Bacteroidia;o__Bacteroidales;f__Porphyromonadaceae;g__Parabacteroides;s__Parabacteroides_johnsonii	-0.0310764525549	-0.0480589697228	-0.00701007248993	-0.0514165034641	-0.0102588342371	0.0233308374633	0.0151249045753	-0.0161343725274	0.00945079239702	0.0274387244697	0.00158660304457	-0.0384516736515	0.076034634797	0.0509905090811	-0.0494689927016	-0.0803067202415	-0.0105745135371	0.0155049728505	0.0313443726474	-0.0352612399893	0.0255458948011	-0.0843585750985	-0.085002753136	-0.0915626700672	-0.030279049752	0.0210890316656	0.0684213196221	-0.0965521000845	1.0	-0.0337216824391	-0.0871278315446	0.00597711796577	-0.0195211885262	0.0163970316878	0.0269124807191	0.0348266051192	-0.0775716339684	-0.00790028975324	-0.0262244266317	0.0364818572952	0.0209072504615	-0.0208101869645	-0.0804659968269	-0.0449178080959	0.0531467999134	-0.0406923597814	0.0152203126915	0.0155966330803	-0.0342389801198	-0.00826173823974	0.0291288501705	-0.0291941776581	0.0521914798344	0.0510285313381	0.0307106752437	-0.0315675199897	0.0577501628441	-0.0580271712387	0.0743791596887
k__Bacteria;p__Actinobacteria;c__Actinobacteria;o__Bifidobacteriales;f__Bifidobacteriaceae;g__Bifidobacterium;s__Bifidobacterium_longum	-0.0381236709029	-0.00323497173065	-0.00714696232131	-0.0475112441908	0.0350684845672	0.0174445578205	-0.0320318290994	-0.00380001125983	0.0898947422091	-0.00968720299534	-0.0493427019954	0.0502966961396	0.0507891097124	0.0148470720197	0.00648678727588	0.0306948032496	-0.0579395376272	-0.0281994556259	0.0351790643669	0.0512033431278	-0.085612516582	0.0613806890305	-0.0144659371788	0.00574195915239	-0.0721008638126	-0.0754473262517	-0.0327141894997	-0.0202637768584	-0.0337216824391	1.0	0.0367332812587	0.00406745057438	-0.00961118121133	0.0147112761212	-0.0545843328745	-0.0183261962158	-0.0176687701558	-0.0397166098792	0.0409114331014	-0.000586817741701	0.0428936065127	-0.0527844635785	-0.0252432578049	-0.00231096134105	0.0125726175401	0.0119857489279	-0.0104039298634	0.0202234278161	-0.0637407982414	-0.0478987851683	-0.0408456539693	-0.0389209142181	0.0363993009947	0.00811949181238	0.00753254553357	0.0684122197817	-0.0288393570301	-0.0194820483477	0.0239803066073
