#taxonomy	k__Bacteria;p__Bacteroidetes;c__Bacteroidia;o__Bacteroidales;f__Bacteroidaceae;g__Bacteroides;s__Bacteroides_vulgatus	k__Bacteria;p__Bacteroidetes;c__Bacteroidia;o__Bacteroidales;f__Bacteroidaceae;g__Bacteroides;s__Bacteroides_uniformis	k__Bacteria;p__Bacteroidetes;c__Bacteroidia;o__Bacteroidales;f__Rikenellaceae;g__Alistipes;s__Alistipes_putredinis	k__Bacteria;p__Bacteroidetes;c__Bacteroidia;o__Bacteroidales;f__Prevotellaceae;g__Prevotella;s__Prevotella_copri	k__Bacteria;p__Bacteroidetes;c__Bacteroidia;o__Bacteroidales;f__Bacteroidaceae;g__Bacteroides;s__Bacteroides_stercoris	k__Bacteria;p__Bacteroidetes;c__Bacteroidia;o__Bacteroidales;f__Bacteroidaceae;g__Bacteroides;s__Bacteroides_ovatus	k__Bacteria;p__Bacteroidetes;c__Bacteroidia;o__Bacteroidales;f__Rikenellaceae;g__Alistipes;s__Alistipes_shahii	k__Bacteria;p__Firmicutes;c__Clostridia;o__Clostridiales;f__Ruminococcaceae;g__Faecalibacterium;s__Faecalibacterium_prausnitzii	k__Bacteria;p__Bacteroidetes;c__Bacteroidia;o__Bacteroidales;f__Rikenellaceae;g__Alistipes;s__Alistipes_finegoldii	k__Bacteria;p__Bacteroidetes;c__Bacteroidia;o__Bacteroidales;f__Porphyromonadaceae;g__Parabacteroides;s__Parabacteroides_distasonis	k__Bacteria;p__Bacteroidetes;c__Bacteroidia;o__Bacteroidales;f__Bacteroidaceae;g__Bacteroides;s__Bacteroides_thetaiotaomicron	k__Bacteria;p__Bacteroidetes;c__Bacteroidia;o__Bacteroidales;f__Bacteroidaceae;g__Bacteroides;s__Bacteroides_coprocola	k__Bacteria;p__Bacteroidetes;c__Bacteroidia;o__Bacteroidales;f__Bacteroidaceae;g__Bacteroides;s__Bacteroides_cellulosilyticus	k__Bacteria;p__Bacteroidetes;c__Bacteroidia;o__Bacteroidales;f__Rikenellaceae;g__Alistipes;s__Alistipes_obesi	k__Bacteria;p__Firmicutes;c__Clostridia;o__Clostridiales;f__Lachnospiraceae;g__;s__[Eubacterium]_rectale	k__Bacteria;p__Bacteroidetes;c__Bacteroidia;o__Bacteroidales;f__Bacteroidaceae;g__Bacteroides;s__Bacteroides_plebeius	k__Bacteria;p__Bacteroidetes;c__Bacteroidia;o__Bacteroidales;f__Bacteroidaceae;g__Bacteroides;s__Bacteroides_fragilis	k__Bacteria;p__Proteobacteria;c__Betaproteobacteria;o__Burkholderiales;f__Sutterellaceae;g__Sutterella;s__Sutterella_wadsworthensis	k__Bacteria;p__Bacteroidetes;c__Bacteroidia;o__Bacteroidales;f__Porphyromonadaceae;g__Barnesiella;s__Barnesiella_intestinihominis	k__Bacteria;p__Bacteroidetes;c__Bacteroidia;o__Bacteroidales;f__Odoribacteraceae;g__Odoribacter;s__Odoribacter_splanchnicus	k__Bacteria;p__Bacteroidetes;c__Bacteroidia;o__Bacteroidales;f__Bacteroidaceae;g__Bacteroides;s__Bacteroides_salyersiae	k__Bacteria;p__Firmicutes;c__Clostridia;o__Clostridiales;f__Ruminococcaceae;g__Ruminiclostridium;s__[Eubacterium]_siraeum	k__Bacteria;p__Proteobacteria;c__Betaproteobacteria;o__Burkholderiales;f__Sutterellaceae;g__Parasutterella;s__Parasutterella_excrementihominis	k__Bacteria;p__Actinobacteria;c__Actinobacteria;o__Bifidobacteriales;f__Bifidobacteriaceae;g__Bifidobacterium;s__Bifidobacterium_adolescentis	k__Bacteria;p__Firmicutes;c__Clostridia;o__Clostridiales;f__Oscillospiraceae;g__Oscillibacter;s__Oscillibacter_sp._KLE_1745	k__Bacteria;p__Bacteroidetes;c__Bacteroidia;o__Bacteroidales;f__Bacteroidaceae;g__Bacteroides;s__Bacteroides_coprophilus	k__Bacteria;p__Firmicutes;c__Clostridia;o__Clostridiales;f__Lachnospiraceae;g__Roseburia;s__Roseburia_intestinalis	k__Bacteria;p__Firmicutes;c__Clostridia;o__Clostridiales;f__Lachnospiraceae;g__Roseburia;s__Roseburia_hominis	k__Bacteria;p__Bacteroidetes;c__Bacteroidia;o__Bacteroidales;f__Porphyromonadaceae;g__Parabacteroides;s__Parabacteroides_johnsonii	k__Bacteria;p__Actinobacteria;c__Actinobacteria;o__Bifidobacteriales;f__Bifidobacteriaceae;g__Bifidobacterium;s__Bifidobacterium_longum	k__Bacteria;p__Firmicutes;c__Clostridia;o__Clostridiales;f__;g__Flavonifractor;s__Flavonifractor_plautii	k__Bacteria;p__Firmicutes;c__Clostridia;o__Clostridiales;f__Clostridiaceae;g__Clostridium;s__Clostridium_phoceensis	k__Bacteria;p__Verrucomicrobia;c__Verrucomicrobiae;o__Verrucomicrobiales;f__Akkermansiaceae;g__Akkermansia;s__Akkermansia_muciniphila	k__Bacteria;p__Bacteroidetes;c__Bacteroidia;o__Bacteroidales;f__Prevotellaceae;g__Paraprevotella;s__Paraprevotella_xylaniphila	k__Bacteria;p__Firmicutes;c__Clostridia;o__Clostridiales;f__Ruminococcaceae;g__Ruminococcus;s__Ruminococcus_callidus	k__Bacteria;p__Bacteroidetes;c__Bacteroidia;o__Bacteroidales;f__Rikenellaceae;g__Alistipes;s__Alistipes_senegalensis	k__Bacteria;p__Firmicutes;c__Clostridia;o__Clostridiales;f__Lachnospiraceae;g__Blautia;s__Blautia_sp._KLE_1732	k__Bacteria;p__Bacteroidetes;c__Bacteroidia;o__Bacteroidales;f__Bacteroidaceae;g__Bacteroides;s__Bacteroides_oleiciplenus	k__Bacteria;p__Firmicutes;c__Clostridia;o__Clostridiales;f__Ruminococcaceae;g__Ruminococcus;s__Ruminococcus_bicirculans	k__Bacteria;p__Bacteroidetes;c__Bacteroidia;o__Bacteroidales;f__Bacteroidaceae;g__Bacteroides;s__Bacteroides_fluxus	k__Bacteria;p__Bacteroidetes;c__Bacteroidia;o__Bacteroidales;f__Prevotellaceae;g__Prevotella;s__Prevotella_stercorea	k__Bacteria;p__Firmicutes;c__Clostridia;o__Clostridiales;f__Lachnospiraceae;g__Dorea;s__Dorea_longicatena	k__Bacteria;p__Firmicutes;c__Clostridia;o__Clostridiales;f__Eubacteriaceae;g__Eubacterium;s__[Eubacterium]_eligens	k__Bacteria;p__Firmicutes;c__Clostridia;o__Clostridiales;f__Ruminococcaceae;g__;s__Ruminococcaceae_bacterium_D16	k__Bacteria;p__Firmicutes;c__Clostridia;o__Clostridiales;f__Lachnospiraceae;g__Coprococcus;s__Coprococcus_comes	k__Bacteria;p__Proteobacteria;c__Gammaproteobacteria;o__Enterobacterales;f__Enterobacteriaceae;g__Escherichia;s__Escherichia_coli	k__Bacteria;p__Firmicutes;c__Clostridia;o__Clostridiales;f__Ruminococcaceae;g__Anaerotruncus;s__Anaerotruncus_colihominis	k__Bacteria;p__Firmicutes;c__Clostridia;o__Clostridiales;f__Lachnospiraceae;g__Blautia;s__Blautia_obeum	k__Bacteria;p__Bacteroidetes;c__Bacteroidia;o__Bacteroidales;f__Odoribacteraceae;g__Odoribacter;s__Odoribacter_laneus	k__Bacteria;p__Firmicutes;c__Clostridia;o__Clostridiales;f__Ruminococcaceae;g__Ruminiclostridium;s__[Clostridium]_leptum	k__Bacteria;p__Bacteroidetes;c__Bacteroidia;o__Bacteroidales;f__Porphyromonadaceae;g__Parabacteroides;s__Parabacteroides_goldsteinii	k__Bacteria;p__Firmicutes;c__Clostridia;o__Clostridiales;f__Lachnospiraceae;g__Anaerostipes;s__Anaerostipes_hadrus	k__Bacteria;p__Firmicutes;c__Clostridia;o__Clostridiales;f__Ruminococcaceae;g__Ruminococcus;s__Ruminococcus_lactaris	k__Bacteria;p__Firmicutes;c__Clostridia;o__Clostridiales;f__Clostridiaceae;g__Clostridium;s__Clostridium_sp._L2-50	k__Bacteria;p__Firmicutes;c__Clostridia;o__Clostridiales;f__Clostridiaceae;g__Clostridium;s__Clostridium_sp._M62/1	k__Bacteria;p__Firmicutes;c__Clostridia;o__Clostridiales;f__;g__Intestinimonas;s__Intestinimonas_butyriciproducens	k__Bacteria;p__Actinobacteria;c__Actinobacteria;o__Bifidobacteriales;f__Bifidobacteriaceae;g__Bifidobacterium;s__Bifidobacterium_bifidum	k__Bacteria;p__Firmicutes;c__Negativicutes;o__Veillonellales;f__Veillonellaceae;g__Dialister;s__Dialister_invisus	k__Bacteria;p__Bacteroidetes;c__Bacteroidia;o__Bacteroidales;f__Bacteroidaceae;g__Bacteroides;s__Bacteroides_salanitronis
k__Bacteria;p__Bacteroidetes;c__Bacteroidia;o__Bacteroidales;f__Bacteroidaceae;g__Bacteroides;s__Bacteroides_vulgatus	1.0	0.0106683712057	0.0304828398133	0.00170433979702	0.00718294480451	-0.0821626419291	0.0141731504554	0.00800021336221	-0.00268971309536	-0.0207577517396	-0.0407559073442	0.0106747228938	-0.0349748522601	-0.0741898132508	-0.00403196672744	0.0101689716151	0.00942297841812	-0.0367325587441	-0.00276206702176	-0.0181800991438	-0.00634440854416	-0.0706410154484	-0.0836537049811	-0.07266331839	-0.0407113298811	0.0145505135062	0.00424789435807	-0.0358627475561	-0.00886528721139	-0.000534576955018	0.0514068236114	0.0128672541385	-0.0616957763836	-0.00328702000293	-0.0555972327006	0.0553907333153	0.0237636013088	0.0198719010962	0.00326818271229	-0.0533969774339	0.0283032995886	0.0436959258456	-0.00721747107526	-0.0188247785989	0.0407370818912	-0.0104413603327	-0.0385318249708	-0.0276118139698	0.0160310541653	0.11189043112	0.0202822912908	0.0117728257939	0.0126047542368	0.0409915098924	-0.089984458743	-0.0295755076093	-0.0112822486671	-0.0137857685493	-0.0307593924272
k__Bacteria;p__Bacteroidetes;c__Bacteroidia;o__Bacteroidales;f__Bacteroidaceae;g__Bacteroides;s__Bacteroides_uniformis	0.0106683712057	1.0	-0.0661925555626	0.0425708856541	-0.0688434998411	0.0659206968745	-0.00839283123387	0.013311778156	-0.0983684249134	-0.0164915033018	-0.0437104323496	0.0234209560003	0.0218910195211	-0.00981313846716	-0.0189379709072	0.0761811104541	0.0274054474803	0.0105803980006	-0.0236383031097	-0.0169066118409	0.0164630425589	0.0282159142282	-0.104514449608	0.0234643988112	0.016784844998	0.0633569478486	-0.0101045591144	-0.0182161614384	0.0272985372566	-0.0028359068517	-0.0571393898409	-0.0277619582676	-0.0022830174127	-0.0560984214272	0.0445187585759	-0.0209727468548	-0.0491363908264	-0.0239561828073	0.00855394523672	-0.066741528713	0.0708722343027	0.0138406860017	0.0823254301885	-0.0209108610764	-0.0466609392765	0.00354790299272	-0.0768029066569	-0.000669654780769	0.015904116788	-0.0519213577143	-0.0163125401908	-0.0254047522702	-0.0122918588543	-0.0672172864151	0.13104982572	-0.0263679265281	0.0171963763172	0.0310972139658	-0.0593054428721
k__Bacteria;p__Bacteroidetes;c__Bacteroidia;o__Bacteroidales;f__Rikenellaceae;g__Alistipes;s__Alistipes_putredinis	0.0304828398133	-0.0661925555626	1.0	-0.0633464191644	-0.0175809775502	-0.0264856635584	-0.0486264127749	-0.0672100230362	-0.0705914004319	-0.0289700299013	0.0501619847118	0.00374724870441	0.00551619695253	0.00674219865798	0.0211637210239	-0.0419155811449	0.0160786658465	-0.0789727575572	-0.0245770292482	-0.0165736034658	-0.0349550303649	0.0882512837861	0.03277040162	-0.0634265896956	-0.0227119633417	-0.0591206332493	-0.0104063799283	0.0252966589248	0.0420195794333	-0.0244334051587	0.0694645474885	0.0439119230567	0.0224829953094	0.0373236445721	-0.0463685892559	-0.0412520328854	-0.000198302214796	-0.0499751172167	-0.0810307320802	0.0114823789183	-0.0455668412036	0.0841422637483	-0.0230166418152	-0.000284809100798	0.0324546120993	-0.0594165781462	0.000245589409028	0.0915900385951	0.0166468745399	0.0198868180009	-0.000700844966278	-0.0670306631724	0.0408731632951	0.0614353299454	-0.0720754691724	-0.0495008935028	-0.056021465696	-0.0200560523237	-0.0302390011754
k__Bacteria;p__Bacteroidetes;c__Bacteroidia;o__Bacteroidales;f__Prevotellaceae;g__Prevotella;s__Prevotella_copri	0.00170433979702	0.0425708856541	-0.0633464191644	1.0	0.0107521724575	0.0122632085522	-0.0137086451901	-0.0731712681823	-0.0307944627782	-0.0293959155772	-0.030276422053	0.0172320621315	-0.0259115712185	0.0139601726716	0.00786142429781	-0.0587948071878	-0.0430956190298	-0.000502821144096	-0.0518028531746	-0.015825589873	-0.0241735173837	0.0245261584637	0.00732391461392	-0.0734213337427	-0.00630612963093	-0.000368629793982	0.0221717899001	0.022592956398	0.0154510521842	-0.0481679792667	-0.00724189269663	0.0183636682892	-0.0571397990446	-0.0192297108117	-0.0319068219836	0.0238027175805	-0.0265334844329	0.0156055963109	-0.0121018445581	0.0959148116881	0.020057207508	-0.0356298374679	-0.0396281323474	0.00248309845534	0.00960822509677	-0.00560345395592	-0.0515494400087	-0.0350067369424	0.0726295083825	-0.0860235597396	-0.0193253335376	-0.0872907952505	0.0100514304657	-0.0457205573058	-0.0398523582227	0.0388406263136	0.049363782806	-0.0078985033769	-0.00544969457637
k__Bacteria;p__Bacteroidetes;c__Bacteroidia;o__Bacteroidales;f__Bacteroidaceae;g__Bacteroides;s__Bacteroides_stercoris	0.00718294480451	-0.0688434998411	-0.0175809775502	0.0107521724575	1.0	-0.0671049482614	-0.00856898800547	-0.00800276359302	-0.0234141580277	-0.0633047876269	-0.00949699450047	0.0474021242925	0.0132948555662	-0.0641919779042	-0.0303146477856	-0.04423012558	0.0265809227212	-0.0197633211183	-0.00855785927471	0.0248393953621	-0.00732638458788	-0.0454553357844	0.00871177157562	-0.049862533962	0.0517810763835	-0.0749548105925	0.0413255344954	-0.0115481263411	-0.0177858363292	0.0207167405001	-0.00187378418234	0.00949057161499	-0.0376571055688	0.00299809822932	-0.0227141350724	-0.0318233598379	0.0317135901485	0.000466476554497	-0.0136651323721	-0.00220197950309	0.0751809860022	-0.0432433039248	-0.0144585727223	0.00368794104986	-0.0621980919887	-0.0283106583679	0.0306207189956	-0.0481102780224	-0.0339108694619	-0.00792569861297	0.0288052126019	-0.0617553209951	-0.0291702917098	-0.0248957777853	-0.023733187754	0.00506182352257	-0.046754426838	-0.00577388702728	0.0548781619739
k__Bacteria;p__Bacteroidetes;c__Bacteroidia;o__Bacteroidales;f__Bacteroidaceae;g__Bacteroides;s__Bacteroides_ovatus	-0.0821626419291	0.0659206968745	-0.0264856635584	0.0122632085522	-0.0671049482614	1.0	-0.0646859361004	-0.0746728739578	-0.134285335369	-0.0460557538445	-0.0907085011175	-0.0193548991718	0.0459362554624	0.0130923879218	-0.0171406399877	0.0185600696775	-0.0280114615219	0.0499909585662	0.0419514107606	0.0396638816231	-0.0359114376938	0.0227860945264	0.0486246294213	-0.0274779915692	-0.0500088879307	0.0233828226978	0.00394546284728	0.00988268774427	0.0733183159252	-0.0151327352772	9.12425212377e-07	-0.0003548602602	0.068543114792	0.0372255911227	0.00938477776272	0.0420951220398	-0.0214713904618	-0.0587987397038	-0.0324533053584	-0.118551356229	-0.0416375194325	0.013486511273	0.00547526556582	0.0470500004945	0.0376761476472	-0.0779374925062	-0.00530680517187	-0.0676958038457	0.0721125917218	-0.0134352898433	-0.0390442982848	0.0547658300592	0.00890449561132	0.0306858528225	-0.0578871567833	-0.0312193316844	-0.0209648259574	-0.0365886923865	0.00552704181133
k__Bacteria;p__Bacteroidetes;c__Bacteroidia;o__Bacteroidales;f__Rikenellaceae;g__Alistipes;s__Alistipes_shahii	0.0141731504554	-0.00839283123387	-0.0486264127749	-0.0137086451901	-0.00856898800547	-0.0646859361004	1.0	-0.0246306576336	0.0262359949179	0.0366819218077	0.0886728333429	0.0291969690901	-0.0238887670012	0.038070478606	-0.0114353027463	-1.45437384738e-05	0.0245029162128	0.0147412828442	-0.00677997535665	-0.0456193547055	0.0215114514607	0.00170791725736	-0.105588050348	-0.0305669706329	-0.0269048204292	0.0162927137952	-0.0785542986599	-0.0227283298288	-0.0308431003669	0.0486861396596	-0.0422325197281	-0.0348539859135	-0.041489734576	-0.0374118152058	-0.0398892378771	-0.0267559522933	0.0154036337334	-0.00910447643271	0.00012042063002	-0.0411076897918	-0.0346592963994	0.0236444510019	-0.101566483755	0.0774978961799	0.0536887314699	-0.0581914767069	-0.0438868087371	-0.0286368649127	-0.0146513681305	-0.0430511078691	0.0473387384798	-0.00411142496606	-0.0454612339361	0.0155259334261	0.0482712234668	-0.0267204260385	0.0363503859333	-0.0667922518044	-0.0215499682423
k__Bacteria;p__Firmicutes;c__Clostridia;o__Clostridiales;f__Ruminococcaceae;g__Faecalibacterium;s__Faecalibacterium_prausnitzii	0.00800021336221	0.013311778156	-0.0672100230362	-0.0731712681823	-0.00800276359302	-0.0746728739578	-0.0246306576336	1.0	0.0126740184967	0.0377589616904	-0.0275578232357	0.0153271034926	-0.0943511622925	-0.0324747607722	0.00183723353429	0.0469238668888	0.0288811932492	-0.0671916463977	0.013230732073	0.00810244264476	0.0117125147348	-0.0530285119674	-0.0512421946647	0.0289528015967	-0.0179699291597	-0.0169743112748	-0.0269588480673	0.0460011752501	-0.0369132798233	0.0218133889117	-0.0169065499133	-0.031444669417	-0.0695356256714	0.0048175974804	-0.0243372903332	-0.047521770854	-0.00613229196729	-0.0102444960972	-0.0461750860882	-0.00568895648595	-0.0163817503791	-0.00167738895591	-0.0173425154525	-0.0748818305168	0.016737560489	0.00511292307588	0.0344711002075	-0.0213434098062	0.00644402102709	0.00162119789975	-0.0550398738391	-0.0458295342713	0.00732566554393	0.00540477128396	0.0337145470168	0.0297981472115	0.00100789011218	0.0976457177425	-0.0177927192095
k__Bacteria;p__Bacteroidetes;c__Bacteroidia;o__Bacteroidales;f__Rikenellaceae;g__Alistipes;s__Alistipes_finegoldii	-0.00268971309536	-0.0983684249134	-0.0705914004319	-0.0307944627782	-0.0234141580277	-0.134285335369	0.0262359949179	0.0126740184967	1.0	-0.0739893292395	-0.0333123001231	0.0335017893541	0.0144608978088	0.0505485514545	-0.0236205486406	-0.00989870372717	-0.0174796052784	-0.000398436126974	0.0409075888377	-0.0191220526908	0.0695227852109	-0.000694456491733	-0.0132402707737	0.037567946933	-0.0485299301086	0.0269184588781	0.00821781935044	0.00969433671954	-0.0327606865184	-0.0149995543871	-0.0469848946415	-0.0250940290744	-0.0174193568174	-0.0185197267306	-0.00720756727227	-0.00894498905991	-0.0387161995037	-0.0397901471008	-0.00939200802913	0.0251661611104	-0.0670559382072	-0.0217056247243	-0.00221093403215	-0.0158106740452	0.0649979459755	0.018573292047	0.0533772424511	0.0217757784316	0.0242120657513	-0.00844093141688	-0.0298547736941	-0.0210719323908	-0.0340729200508	0.00275231439488	0.0157643615388	-0.00419961051963	0.00429932852099	0.0184616653133	0.0124406674892
k__Bacteria;p__Bacteroidetes;c__Bacteroidia;o__Bacteroidales;f__Porphyromonadaceae;g__Parabacteroides;s__Parabacteroides_distasonis	-0.0207577517396	-0.0164915033018	-0.0289700299013	-0.0293959155772	-0.0633047876269	-0.0460557538445	0.0366819218077	0.0377589616904	-0.0739893292395	1.0	-0.00279697599079	0.0161725741221	-0.0569860345155	0.0173060965097	-0.00256955424131	0.00537667340358	-0.0564187887112	0.0130113965951	-0.00388880187796	-0.0338256037958	-0.0254953954885	-0.0389685997187	0.0417777068379	0.0133496216556	-0.0201296407105	-0.00416799577131	-0.048039513075	-0.00277563604899	0.0566033904227	-0.00656903037951	0.0117479938692	-0.0465188003172	-0.0223493786738	0.0326193565229	-0.0599983604082	-0.0278474972894	0.0235633635144	0.0352046997019	-0.0400650153752	0.0749766898836	-0.0181798578107	-0.0803350683035	-0.0441297894535	0.0745547987087	-0.017345603036	-0.0521191674654	-0.0503488447969	0.00733455240708	0.0386087745277	-0.0125661305165	-0.0131740912436	-0.0131623005549	-0.00709531127569	-0.0608886198146	0.0276844504244	-0.00977243421684	-0.00687282676505	0.0745716512656	0.0459572807587
k__Bacteria;p__Bacteroidetes;c__Bacteroidia;o__Bacteroidales;f__Bacteroidaceae;g__Bacteroides;s__Bacteroides_thetaiotaomicron	-0.0407559073442	-0.0437104323496	0.0501619847118	-0.030276422053	-0.00949699450047	-0.0907085011175	0.0886728333429	-0.0275578232357	-0.0333123001231	-0.00279697599079	1.0	-0.0208917969183	-0.133627651411	0.0394757789334	-0.0268036324033	0.0311507740028	-0.0162124964727	-0.0200027024311	-0.00880596002844	0.0301307569062	0.01921744217	-0.0582133846416	-0.0263026118547	-0.0098346884163	-0.00815850738252	0.00627971007177	0.0305824468376	-0.0233686622085	0.00125835169579	-0.0171552693875	0.0460730741513	-0.0118720945388	-0.0519582157444	0.0629954290498	-0.051790767188	0.0625175150853	0.0114269897448	-0.036924689175	-0.0380941410923	0.0103777767974	-0.0115389734436	-0.0121809326449	0.0199889429067	-0.0440751987377	-0.0165268514913	-0.111680709687	0.0259186350185	0.0183601247311	-0.00935041078819	0.0205504612926	0.0970929716894	-0.0153625085507	-0.0912905921541	-0.021502160888	-0.0246498427299	0.0191737858266	0.0635348759694	0.0179936943015	0.00529812483974
k__Bacteria;p__Bacteroidetes;c__Bacteroidia;o__Bacteroidales;f__Bacteroidaceae;g__Bacteroides;s__Bacteroides_coprocola	0.0106747228938	0.0234209560003	0.00374724870441	0.0172320621315	0.0474021242925	-0.0193548991718	0.0291969690901	0.0153271034926	0.0335017893541	0.0161725741221	-0.0208917969183	1.0	0.0146926506217	0.0119415222857	-0.0345324976674	0.0304637638092	-0.0236166913264	-0.0025639192919	0.00285137722616	0.0254534892106	0.0327313097858	-0.0496961261375	0.0382334052886	0.0247576611362	0.0216912776532	0.0384265967771	0.0147865677115	-0.0398447154016	0.00691274282633	-0.0342637926575	-0.0214006462005	0.00633333749877	-0.0474205364502	-0.0172631067332	-0.0161156070833	-0.053199438495	0.00302307763863	-0.0379230212079	0.0305020341245	-0.0292174091555	0.0116327800355	-0.0943392916512	0.00660712207323	0.0170643792364	-0.0087475023001	0.0334565693463	-0.012191155884	-0.00838171650852	-0.0682765612574	-0.0242115974485	-0.0489292501655	-0.0104590472795	-0.0512616898233	0.0259285343024	-6.42655423719e-05	-0.0347529000869	-0.0586240260824	-0.0807729370338	0.0423389034503
k__Bacteria;p__Bacteroidetes;c__Bacteroidia;o__Bacteroidales;f__Bacteroidaceae;g__Bacteroides;s__Bacteroides_cellulosilyticus	-0.0349748522601	0.0218910195211	0.00551619695253	-0.0259115712185	0.0132948555662	0.0459362554624	-0.0238887670012	-0.0943511622925	0.0144608978088	-0.0569860345155	-0.133627651411	0.0146926506217	1.0	0.0140976106888	0.00879059589832	-0.0252900708769	-0.0129360099894	0.00901865587192	0.0315523878444	-0.0384730716481	0.0136470956562	-0.0452650805246	-0.052799584544	-0.0439131994946	0.042644769137	-0.0368757367607	-0.0421313800589	-0.0827271212478	-0.00807325197792	0.00162082585876	0.0795352269613	0.0121828707692	0.0383767545462	-0.0177263982948	0.0357813178168	-0.0225277278375	-0.0334793882335	-0.0398049813564	-0.0253556480318	-0.00683816908804	-0.011207010632	-0.0741788239505	0.0188600466138	-0.0896342593555	0.000970044417027	-0.0466837620067	0.0337740597914	-0.0265502309088	-0.0558418631842	0.0327011980719	-0.0733539770865	-0.00629837733444	-0.10796314655	-0.0306813648663	0.0248344955144	-0.0307476460787	0.00561546934802	-0.0649287934356	-0.0172892513529
k__Bacteria;p__Bacteroidetes;c__Bacteroidia;o__Bacteroidales;f__Rikenellaceae;g__Alistipes;s__Alistipes_obesi	-0.0741898132508	-0.00981313846716	0.00674219865798	0.0139601726716	-0.0641919779042	0.0130923879218	0.038070478606	-0.0324747607722	0.0505485514545	0.0173060965097	0.0394757789334	0.0119415222857	0.0140976106888	1.0	-0.019269099214	-0.0197105786635	0.00948070502036	0.0212707765214	-0.0851550410353	-0.0283700756277	-0.00501687311715	0.00149161872605	0.013764842065	-0.00266096558033	0.0167314720479	0.0320649795914	-0.00395345964043	-0.0164849362368	0.0496039751288	-0.0203075331575	-0.0958086227579	0.0352505023177	0.0352837301543	-0.0288872490927	-0.0497560541989	0.0377582546692	0.0172986422821	-0.029090392788	0.00215639103289	-0.0306527921768	-0.00297199285809	-0.0342946218401	0.0322383477221	-0.031753978921	-0.0521097858601	-0.00139810317643	-0.0177619323	-0.0629424192804	-0.0630960552235	0.00724439790583	-0.0828367505192	-0.0510893130136	-0.00328677409084	-0.0357982917547	-0.0309870818109	0.000597827976427	-0.0161914932316	0.00669898434355	-0.0071068823407
k__Bacteria;p__Firmicutes;c__Clostridia;o__Clostridiales;f__Lachnospiraceae;g__;s__[Eubacterium]_rectale	-0.00403196672744	-0.0189379709072	0.0211637210239	0.00786142429781	-0.0303146477856	-0.0171406399877	-0.0114353027463	0.00183723353429	-0.0236205486406	-0.00256955424131	-0.0268036324033	-0.0345324976674	0.00879059589832	-0.019269099214	1.0	0.0374368900315	-0.00151108348907	-0.0702000937383	-0.0414348164733	-0.0458852898832	0.04072288063	0.121023666838	-0.00244089433751	-0.041058382659	0.0175593246107	0.0204940242809	0.00662855065239	-0.0212041241558	0.0183361268893	0.0443283914059	0.0223221811561	0.0094173779193	0.072702040357	-0.0469340442722	0.0124801031199	0.0141180674186	-0.0350046925156	-0.0774431105272	-0.0427860895895	-0.00519095975018	-0.00167259671631	0.033452871207	-0.0094607457856	-0.0495409574852	0.0296563242924	0.00514833922282	0.00972543271323	-0.0251454316561	-0.103966082385	0.0110244757314	0.0183888647612	0.0216949484076	-0.00428053704708	0.0026648785899	-0.0444651947529	-0.0122386039947	0.0171113950423	-0.0115255994898	-0.0492761314091
k__Bacteria;p__Bacteroidetes;c__Bacteroidia;o__Bacteroidales;f__Bacteroidaceae;g__Bacteroides;s__Bacteroides_plebeius	0.0101689716151	0.0761811104541	-0.0419155811449	-0.0587948071878	-0.04423012558	0.0185600696775	-1.45437384738e-05	0.0469238668888	-0.00989870372717	0.00537667340358	0.0311507740028	0.0304637638092	-0.0252900708769	-0.0197105786635	0.0374368900315	1.0	0.0370624899915	0.0138241231741	-0.0821822115421	-0.0469499086445	0.000689520673814	0.0229382868767	-0.026299434829	0.0699294278887	0.0674312088696	-0.00261001365112	-0.0292118539462	-0.0432984949698	-0.0284525803228	-0.0731601438302	-0.0828282356279	-0.0200272146086	-0.0124879620795	-0.0664462285232	-0.0385783132858	-0.0200055022692	-0.0674664518028	0.00409784945721	-0.0550531468684	-0.0434628337402	-0.00575381590758	0.0142641509093	0.0725057811155	-0.0261017122299	-0.045659906092	-0.0482507060278	-0.0321086501292	-0.0235621512406	-0.0244160768133	-0.019749943308	-0.0412636564973	-0.0748147517057	-0.0313040407401	0.029375641698	0.0792009328177	-0.0304897104298	0.0200353110238	-0.0163298342917	-0.0123411500575
k__Bacteria;p__Bacteroidetes;c__Bacteroidia;o__Bacteroidales;f__Bacteroidaceae;g__Bacteroides;s__Bacteroides_fragilis	0.00942297841812	0.0274054474803	0.0160786658465	-0.0430956190298	0.0265809227212	-0.0280114615219	0.0245029162128	0.0288811932492	-0.0174796052784	-0.0564187887112	-0.0162124964727	-0.0236166913264	-0.0129360099894	0.00948070502036	-0.00151108348907	0.0370624899915	1.0	-0.00575228910729	0.00153217233767	-0.0311257919578	0.0558752260224	-0.014088539916	-0.0345721933695	0.00460373396939	0.032656538929	-0.0331627292229	0.024975289678	-0.00870528845839	-0.00141259748615	0.0400916813058	-0.0236907461868	0.0188994320404	0.0575467885582	0.00499131689336	-0.000635914211212	-0.0972691668913	-0.0195117485057	-0.0265473120733	-0.0158844640295	0.00935107839864	-0.0677411644293	-0.0155504565907	0.0129280236249	0.0725335787086	-2.95075619793e-05	-0.0598576633129	-0.0343930202143	-0.0554345869484	-0.0290789060299	-0.0369309974402	0.0352840664452	-0.0489320097705	-0.0257268390572	-0.0375913950247	-0.0140820550343	-0.0198673311816	-0.00444379077987	0.046789103889	0.0490216350646
k__Bacteria;p__Proteobacteria;c__Betaproteobacteria;o__Burkholderiales;f__Sutterellaceae;g__Sutterella;s__Sutterella_wadsworthensis	-0.0367325587441	0.0105803980006	-0.0789727575572	-0.000502821144096	-0.0197633211183	0.0499909585662	0.0147412828442	-0.0671916463977	-0.000398436126973	0.0130113965951	-0.0200027024311	-0.0025639192919	0.00901865587192	0.0212707765214	-0.0702000937383	0.0138241231741	-0.00575228910729	1.0	0.0291554427333	-0.0100924047396	-0.0619235025112	0.013803538538	-0.00219371678548	0.0410955915912	-0.0528990169218	0.0515337849407	-0.0107883810942	-0.0392074674046	-0.0234182306243	-0.0804813944547	0.0149848123779	-0.0185973756088	-0.0274140554969	-0.0652724808554	0.0145913619223	-0.0484906546731	0.00351975804703	0.0615982764892	0.000462442064573	0.0552363279601	0.0593962053713	-0.0304917172629	-0.00186923305686	-0.0478450914494	-0.0454939535002	0.0482177425838	-0.0977343222102	-0.0558122883183	-0.0190905358763	0.0136443954396	0.0559667379611	0.0155888814936	-0.0452507552259	0.0219009200187	0.0174787761764	-0.033966456884	-0.00239494142082	-0.0282777303386	-0.0107863520778
k__Bacteria;p__Bacteroidetes;c__Bacteroidia;o__Bacteroidales;f__Porphyromonadaceae;g__Barnesiella;s__Barnesiella_intestinihominis	-0.00276206702176	-0.0236383031097	-0.0245770292482	-0.0518028531746	-0.00855785927471	0.0419514107606	-0.00677997535665	0.013230732073	0.0409075888377	-0.00388880187796	-0.00880596002844	0.00285137722616	0.0315523878444	-0.0851550410353	-0.0414348164733	-0.0821822115421	0.00153217233767	0.0291554427333	1.0	-0.0597651272421	-0.0682269892467	-0.0282474092915	-0.0239037095108	0.0148987005745	-0.0453506855047	-0.00610107834978	-0.0148306576161	-0.0100699223323	-0.0582646504336	0.0256875148221	-0.0140496984051	0.0368440890718	-0.0117158245888	0.0425134751898	-0.00699612992999	-0.0505626501371	0.0221411614289	0.0368252397134	-0.0177838951762	-0.0152200291731	0.0431367103149	0.00599314303464	-0.0341655621079	-0.122615186118	0.0225897438171	-0.0329945813431	-0.00343096334342	-0.0461906920746	0.0458733005156	0.0131479892479	0.0174702824943	0.0276100408326	0.0317198812214	0.0535071123696	-0.00157279164457	0.00227087773521	-0.0112319478168	0.0324060107661	-0.00796094717105
k__Bacteria;p__Bacteroidetes;c__Bacteroidia;o__Bacteroidales;f__Odoribacteraceae;g__Odoribacter;s__Odoribacter_splanchnicus	-0.0181800991438	-0.0169066118409	-0.0165736034658	-0.015825589873	0.0248393953621	0.0396638816231	-0.0456193547055	0.00810244264476	-0.0191220526908	-0.0338256037958	0.0301307569062	0.0254534892106	-0.0384730716481	-0.0283700756277	-0.0458852898832	-0.0469499086445	-0.0311257919578	-0.0100924047396	-0.0597651272421	1.0	-0.00184064005243	-0.0514106046958	-0.0704419848257	0.00800497967206	0.000476318402509	-0.0801929222568	0.0315808163428	-0.00677347184263	0.01443817492	-0.0431140139963	-0.0196272492885	-0.0231801477194	-0.0718298101267	0.0164453628455	-0.0432724379132	0.00902464517047	0.0515382103775	0.0655092312562	0.0146125973636	-0.0437485524996	-0.0296294464979	-0.00609492376595	-0.00771052713827	-0.0750743570574	0.049174653033	0.109408230254	-0.0163049675673	-0.0686301139447	-0.0329551700734	-0.00866797231228	-0.0281454207654	0.0736681219703	-0.028374523188	0.00417447288963	-0.0461426168257	0.0460997439758	-0.00601099604978	0.00904467835211	-0.0634786712759
k__Bacteria;p__Bacteroidetes;c__Bacteroidia;o__Bacteroidales;f__Bacteroidaceae;g__Bacteroides;s__Bacteroides_salyersiae	-0.00634440854416	0.0164630425589	-0.0349550303649	-0.0241735173837	-0.00732638458788	-0.0359114376938	0.0215114514607	0.0117125147348	0.0695227852109	-0.0254953954885	0.01921744217	0.0327313097858	0.0136470956562	-0.00501687311715	0.04072288063	0.000689520673814	0.0558752260224	-0.0619235025112	-0.0682269892467	-0.00184064005243	1.0	-0.0401478522121	-0.0442447938829	0.0198406910357	0.0496575687841	-0.0654861025875	-0.030630409245	-0.0337989836036	-0.00257963863516	-0.0890674128622	0.01675387579	-0.0999713541839	0.00399527161931	0.0029331656788	-0.0329908327483	-0.00306353981556	-0.0332447060196	-0.0585009993507	0.0421288652815	-0.0312967874955	-0.0717699951394	0.0569876550267	-0.0311565697718	0.0597131287474	0.0286671714732	-0.0095325106998	-0.0786959876982	0.0439840225618	0.0900912102297	0.0025161607634	-0.0245416799701	-0.0763007372028	-0.0044650671079	-0.0594781863694	-0.0782223956415	-0.00683676718003	0.0197927336365	-0.0598993533338	-0.0362155400486
k__Bacteria;p__Firmicutes;c__Clostridia;o__Clostridiales;f__Ruminococcaceae;g__Ruminiclostridium;s__[Eubacterium]_siraeum	-0.0706410154484	0.0282159142282	0.0882512837861	0.0245261584637	-0.0454553357844	0.0227860945264	0.00170791725736	-0.0530285119674	-0.000694456491733	-0.0389685997187	-0.0582133846416	-0.0496961261375	-0.0452650805246	0.00149161872605	0.121023666838	0.0229382868767	-0.014088539916	0.013803538538	-0.0282474092915	-0.0514106046958	-0.0401478522121	1.0	-0.0167778542496	-0.0254644089633	0.0457416176171	-0.00750844144781	0.0135390470777	0.00278177187628	-0.0160072600629	-0.0431745213624	-0.055991576884	-0.0054979695939	0.0241304689491	0.045495718627	0.0332424570407	-0.0338880590104	0.0320585836707	0.032225083959	0.0133635054858	-0.0267025211025	-0.127736991623	0.0471932812457	-0.0611781143731	-0.04746878437	0.0629495391492	-0.0206060117999	0.0181269678041	-0.0274131007696	0.0342952408574	-0.0360397996021	0.0230398277862	0.0222384091982	-0.0502226273652	-0.0114219953232	-0.0818513477978	-0.0636321665484	-0.00744447530601	0.0353295695793	0.0275788813081
k__Bacteria;p__Proteobacteria;c__Betaproteobacteria;o__Burkholderiales;f__Sutterellaceae;g__Parasutterella;s__Parasutterella_excrementihominis	-0.0836537049811	-0.104514449608	0.03277040162	0.00732391461392	0.00871177157562	0.0486246294213	-0.105588050348	-0.0512421946647	-0.0132402707737	0.0417777068379	-0.0263026118547	0.0382334052886	-0.052799584544	0.013764842065	-0.00244089433751	-0.026299434829	-0.0345721933695	-0.00219371678548	-0.0239037095108	-0.0704419848257	-0.0442447938829	-0.0167778542496	1.0	-0.0265232935535	-0.0126799039531	-0.0537549154454	-0.0500735072943	0.0399534115889	0.00452908707938	0.0545454316473	0.0405341739237	0.0295474450829	-0.0546254149504	0.0368107747534	0.0391102061301	0.00677145501021	0.0235955788728	0.0141881425799	0.0386342868796	0.0297940389097	-0.0037137189055	0.0269740081071	-0.0524175362798	-0.0702610499128	-0.0320812198121	0.0117518630838	0.00251070395154	-0.0477358186967	-0.00452431008695	0.0524842690994	-0.0110743372774	-0.0126624326951	-0.0374080569828	-0.072875630912	-0.0413575129957	0.0190465036013	-0.0396859278963	0.0362927158606	-0.0154876815464
k__Bacteria;p__Actinobacteria;c__Actinobacteria;o__Bifidobacteriales;f__Bifidobacteriaceae;g__Bifidobacterium;s__Bifidobacterium_adolescentis	-0.07266331839	0.0234643988112	-0.0634265896956	-0.0734213337427	-0.049862533962	-0.0274779915692	-0.0305669706329	0.0289528015967	0.037567946933	0.0133496216556	-0.0098346884163	0.0247576611362	-0.0439131994946	-0.00266096558033	-0.041058382659	0.0699294278887	0.00460373396939	0.0410955915912	0.0148987005745	0.00800497967206	0.0198406910357	-0.0254644089633	-0.0265232935535	1.0	0.0357984383436	0.0179074884949	-0.0215825356135	-0.0379569061097	-0.0390211035219	0.0178263696967	-0.0300461523876	0.0697772440177	-0.0089731264257	0.031692420477	-0.021892231325	0.0302489649028	-0.0296424442549	0.0218205185783	-0.0400063106724	0.019818762593	0.0282699874606	-0.0518885540318	-0.0426777340271	0.0270681527778	-0.0245673777208	-0.0108297494742	-0.0456150166139	0.0317845189144	-0.0133669391075	-0.0975679837282	-0.0361509414436	-0.0349047951738	0.0033132257165	-0.042953758577	-0.0392409029818	0.0269962999315	0.0796427250918	0.0137661073252	-0.0418691134953
k__Bacteria;p__Firmicutes;c__Clostridia;o__Clostridiales;f__Oscillospiraceae;g__Oscillibacter;s__Oscillibacter_sp._KLE_1745	-0.0407113298811	0.016784844998	-0.0227119633417	-0.00630612963093	0.0517810763835	-0.0500088879307	-0.0269048204292	-0.0179699291597	-0.0485299301086	-0.0201296407105	-0.00815850738252	0.0216912776532	0.042644769137	0.0167314720479	0.0175593246107	0.0674312088696	0.032656538929	-0.0528990169218	-0.0453506855047	0.00047631840251	0.0496575687841	0.0457416176171	-0.0126799039531	0.0357984383436	1.0	-0.0269757099891	0.0134210105319	-0.0656744942693	0.00860345186064	-0.0231613293318	-0.0626943212418	-0.00105670629901	0.0619764005586	0.0296861786159	0.0935368754107	-0.045961891081	-0.0119749821626	-0.0589751659945	0.0198788447214	-0.057895450054	-0.0162819830772	-0.0456504768227	0.0256092617268	-0.0114307460553	-0.0142665792169	-0.00915227047025	-0.0423027950945	0.0302832485353	-0.0279887148401	-0.0059199793967	0.0051419447004	-0.0355335691387	-0.0323142647212	-0.0392024292051	0.0742717113261	-0.0202585591047	0.052750971041	0.0114016141504	-0.0609612933106
k__Bacteria;p__Bacteroidetes;c__Bacteroidia;o__Bacteroidales;f__Bacteroidaceae;g__Bacteroides;s__Bacteroides_coprophilus	0.0145505135062	0.0633569478486	-0.0591206332493	-0.000368629793982	-0.0749548105925	0.0233828226978	0.0162927137952	-0.0169743112748	0.0269184588781	-0.00416799577131	0.00627971007177	0.0384265967771	-0.0368757367607	0.0320649795914	0.0204940242809	-0.00261001365112	-0.0331627292229	0.0515337849407	-0.00610107834978	-0.0801929222568	-0.0654861025875	-0.00750844144781	-0.0537549154454	0.0179074884949	-0.0269757099891	1.0	-0.0264380460745	0.035301887951	0.016989199892	-0.0528265562407	-0.0296739338935	-0.0793348495901	0.0942296673114	-0.0260449327352	0.0231334757254	-0.0278922721491	-0.0292782491489	-0.089341266316	-0.0623696434729	-0.0291527826925	-0.0346730014851	0.00194923498822	-0.00268661437923	-0.040925508741	0.0167543866876	0.025944421395	-0.0386539012505	-0.0110327595717	0.051156468952	0.0333588533079	-0.00438526819964	0.014935246419	-0.0380208747331	-0.071861517573	0.0408509485651	0.0210873439661	0.000187051253325	-0.0478212269487	-0.0138701541107
k__Bacteria;p__Firmicutes;c__Clostridia;o__Clostridiales;f__Lachnospiraceae;g__Roseburia;s__Roseburia_intestinalis	0.00424789435807	-0.0101045591144	-0.0104063799283	0.0221717899001	0.0413255344954	0.00394546284728	-0.0785542986599	-0.0269588480673	0.00821781935044	-0.048039513075	0.0305824468376	0.0147865677115	-0.0421313800589	-0.00395345964043	0.00662855065239	-0.0292118539462	0.024975289678	-0.0107883810942	-0.0148306576161	0.0315808163428	-0.030630409245	0.0135390470777	-0.0500735072943	-0.0215825356135	0.0134210105319	-0.0264380460745	1.0	-0.00690789476822	-0.0337049642018	0.0288463496471	0.040529569136	-0.0125686539194	-0.0063994713163	0.0183590441883	-0.0228564190855	-0.0299261221226	-0.0033280349193	0.0220665072278	0.0785715788798	-0.0668265972812	-0.0810025053406	0.0583267490589	-0.03928586506	0.0345868941295	0.00210876133345	-0.0496562593908	0.0122601111488	0.00284455631418	0.0240498204448	-0.0652611048546	-0.0356441488177	0.0155604088631	-0.0492444644874	-0.0551033804414	-0.00774306377842	-0.0162059532041	-0.0540848262753	-0.0649640357742	-0.0425546538637
k__Bacteria;p__Firmicutes;c__Clostridia;o__Clostridiales;f__Lachnospiraceae;g__Roseburia;s__Roseburia_hominis	-0.0358627475561	-0.0182161614384	0.0252966589248	0.022592956398	-0.0115481263411	0.00988268774427	-0.0227283298288	0.0460011752501	0.00969433671954	-0.00277563604899	-0.0233686622085	-0.0398447154016	-0.0827271212478	-0.0164849362368	-0.0212041241558	-0.0432984949698	-0.00870528845839	-0.0392074674046	-0.0100699223323	-0.00677347184263	-0.0337989836036	0.00278177187628	0.0399534115889	-0.0379569061097	-0.0656744942693	0.035301887951	-0.00690789476822	1.0	-0.066184074048	-0.0372004403965	-0.0317957504688	-0.0273915559646	0.0151435710495	-0.0867856149951	0.00177273653755	0.00129517750829	-0.00612168785236	-0.00187713976066	-0.0361599400961	-0.0611314261883	-0.0105662291084	0.0228784512227	0.0498477014418	0.0245387551957	-0.0241424114493	-0.0051253838024	0.0413189971046	0.0294215301986	0.0400100987857	0.0264587190493	0.0205042310401	0.0154247235736	0.0389817272237	-0.0105861302256	0.00261617877185	0.0277139636066	0.0370139144138	-0.0245787630764	0.0462822755908
k__Bacteria;p__Bacteroidetes;c__Bacteroidia;o__Bacteroidales;f__Porphyromonadaceae;g__Parabacteroides;s__Parabacteroides_johnsonii	-0.00886528721139	0.0272985372566	0.0420195794333	0.0154510521842	-0.0177858363292	0.0733183159252	-0.0308431003669	-0.0369132798233	-0.0327606865184	0.0566033904227	0.00125835169579	0.00691274282633	-0.00807325197792	0.0496039751288	0.0183361268893	-0.0284525803228	-0.00141259748615	-0.0234182306243	-0.0582646504336	0.01443817492	-0.00257963863516	-0.0160072600629	0.00452908707938	-0.0390211035219	0.00860345186064	0.016989199892	-0.0337049642018	-0.066184074048	1.0	0.0476485142971	-0.0104458428791	-0.0307340420926	0.0139429838491	-0.0721155710806	-0.00317370759523	0.0515361022887	0.00241013256099	-0.054991080937	0.106472716212	0.00962049143938	-0.0142654011053	-0.0140614437009	-0.0188660976469	-0.0500401476913	-0.00267023845989	-0.00732581219564	-0.00720877907399	0.00998131627457	0.00147638979303	0.030624976641	0.00596803632073	-0.0199661646053	-0.0478012622079	0.0168281959756	-0.128476445945	0.0177453247902	0.0213200721238	-0.0293111801501	-0.0229048209204
k__Bacteria;p__Actinobacteria;c__Actinobacteria;o__Bifidobacteriales;f__Bifidobacteriaceae;g__Bifidobacterium;s__Bifidobacterium_longum	-0.000534576955018	-0.0028359068517	-0.0244334051587	-0.0481679792667	0.0207167405001	-0.0151327352772	0.0486861396596	0.0218133889117	-0.0149995543871	-0.00656903037951	-0.0171552693875	-0.0342637926575	0.00162082585876	-0.0203075331575	0.0443283914059	-0.0731601438302	0.0400916813058	-0.0804813944547	0.0256875148221	-0.0431140139963	-0.0890674128622	-0.0431745213624	0.0545454316473	0.0178263696967	-0.0231613293318	-0.0528265562407	0.0288463496471	-0.0372004403965	0.0476485142971	1.0	-0.0458486711247	-0.0244602183464	0.0213069497024	-0.00578908615339	-0.0521362851565	-0.0190461319373	-0.00181596551131	0.00670884360266	0.0118145548952	-0.0807668068835	0.0176119394647	-0.0450765198915	-0.0600677693407	-0.00207006634678	-0.0271745334739	-0.0433174642761	-0.028822946222	-0.00622623561227	-0.0649760634096	-0.0781436459068	0.0156772930032	0.0310979128413	0.0425264744063	0.107042249022	0.0208854066808	0.0277106072066	0.00975984392795	0.0109037900198	0.0378400207136
