#taxonomy	k__Bacteria;p__Bacteroidetes;c__Bacteroidia;o__Bacteroidales;f__Bacteroidaceae;g__Bacteroides;s__Bacteroides_vulgatus	k__Bacteria;p__Bacteroidetes;c__Bacteroidia;o__Bacteroidales;f__Bacteroidaceae;g__Bacteroides;s__Bacteroides_uniformis	k__Bacteria;p__Bacteroidetes;c__Bacteroidia;o__Bacteroidales;f__Rikenellaceae;g__Alistipes;s__Alistipes_putredinis	k__Bacteria;p__Bacteroidetes;c__Bacteroidia;o__Bacteroidales;f__Prevotellaceae;g__Prevotella;s__Prevotella_copri	k__Bacteria;p__Bacteroidetes;c__Bacteroidia;o__Bacteroidales;f__Bacteroidaceae;g__Bacteroides;s__Bacteroides_stercoris	k__Bacteria;p__Bacteroidetes;c__Bacteroidia;o__Bacteroidales;f__Bacteroidaceae;g__Bacteroides;s__Bacteroides_ovatus	k__Bacteria;p__Bacteroidetes;c__Bacteroidia;o__Bacteroidales;f__Rikenellaceae;g__Alistipes;s__Alistipes_shahii	k__Bacteria;p__Firmicutes;c__Clostridia;o__Clostridiales;f__Ruminococcaceae;g__Faecalibacterium;s__Faecalibacterium_prausnitzii	k__Bacteria;p__Bacteroidetes;c__Bacteroidia;o__Bacteroidales;f__Rikenellaceae;g__Alistipes;s__Alistipes_finegoldii	k__Bacteria;p__Bacteroidetes;c__Bacteroidia;o__Bacteroidales;f__Porphyromonadaceae;g__Parabacteroides;s__Parabacteroides_distasonis	k__Bacteria;p__Bacteroidetes;c__Bacteroidia;o__Bacteroidales;f__Bacteroidaceae;g__Bacteroides;s__Bacteroides_thetaiotaomicron	k__Bacteria;p__Bacteroidetes;c__Bacteroidia;o__Bacteroidales;f__Bacteroidaceae;g__Bacteroides;s__Bacteroides_coprocola	k__Bacteria;p__Bacteroidetes;c__Bacteroidia;o__Bacteroidales;f__Bacteroidaceae;g__Bacteroides;s__Bacteroides_cellulosilyticus	k__Bacteria;p__Bacteroidetes;c__Bacteroidia;o__Bacteroidales;f__Rikenellaceae;g__Alistipes;s__Alistipes_obesi	k__Bacteria;p__Firmicutes;c__Clostridia;o__Clostridiales;f__Lachnospiraceae;g__;s__[Eubacterium]_rectale	k__Bacteria;p__Bacteroidetes;c__Bacteroidia;o__Bacteroidales;f__Bacteroidaceae;g__Bacteroides;s__Bacteroides_plebeius	k__Bacteria;p__Bacteroidetes;c__Bacteroidia;o__Bacteroidales;f__Bacteroidaceae;g__Bacteroides;s__Bacteroides_fragilis	k__Bacteria;p__Proteobacteria;c__Betaproteobacteria;o__Burkholderiales;f__Sutterellaceae;g__Sutterella;s__Sutterella_wadsworthensis	k__Bacteria;p__Bacteroidetes;c__Bacteroidia;o__Bacteroidales;f__Porphyromonadaceae;g__Barnesiella;s__Barnesiella_intestinihominis	k__Bacteria;p__Bacteroidetes;c__Bacteroidia;o__Bacteroidales;f__Odoribacteraceae;g__Odoribacter;s__Odoribacter_splanchnicus	k__Bacteria;p__Bacteroidetes;c__Bacteroidia;o__Bacteroidales;f__Bacteroidaceae;g__Bacteroides;s__Bacteroides_salyersiae	k__Bacteria;p__Firmicutes;c__Clostridia;o__Clostridiales;f__Ruminococcaceae;g__Ruminiclostridium;s__[Eubacterium]_siraeum	k__Bacteria;p__Proteobacteria;c__Betaproteobacteria;o__Burkholderiales;f__Sutterellaceae;g__Parasutterella;s__Parasutterella_excrementihominis	k__Bacteria;p__Actinobacteria;c__Actinobacteria;o__Bifidobacteriales;f__Bifidobacteriaceae;g__Bifidobacterium;s__Bifidobacterium_adolescentis	k__Bacteria;p__Firmicutes;c__Clostridia;o__Clostridiales;f__Oscillospiraceae;g__Oscillibacter;s__Oscillibacter_sp._KLE_1745	k__Bacteria;p__Bacteroidetes;c__Bacteroidia;o__Bacteroidales;f__Bacteroidaceae;g__Bacteroides;s__Bacteroides_coprophilus	k__Bacteria;p__Firmicutes;c__Clostridia;o__Clostridiales;f__Lachnospiraceae;g__Roseburia;s__Roseburia_intestinalis	k__Bacteria;p__Firmicutes;c__Clostridia;o__Clostridiales;f__Lachnospiraceae;g__Roseburia;s__Roseburia_hominis	k__Bacteria;p__Bacteroidetes;c__Bacteroidia;o__Bacteroidales;f__Porphyromonadaceae;g__Parabacteroides;s__Parabacteroides_johnsonii	k__Bacteria;p__Actinobacteria;c__Actinobacteria;o__Bifidobacteriales;f__Bifidobacteriaceae;g__Bifidobacterium;s__Bifidobacterium_longum	k__Bacteria;p__Firmicutes;c__Clostridia;o__Clostridiales;f__;g__Flavonifractor;s__Flavonifractor_plautii	k__Bacteria;p__Firmicutes;c__Clostridia;o__Clostridiales;f__Clostridiaceae;g__Clostridium;s__Clostridium_phoceensis	k__Bacteria;p__Verrucomicrobia;c__Verrucomicrobiae;o__Verrucomicrobiales;f__Akkermansiaceae;g__Akkermansia;s__Akkermansia_muciniphila	k__Bacteria;p__Bacteroidetes;c__Bacteroidia;o__Bacteroidales;f__Prevotellaceae;g__Paraprevotella;s__Paraprevotella_xylaniphila	k__Bacteria;p__Firmicutes;c__Clostridia;o__Clostridiales;f__Ruminococcaceae;g__Ruminococcus;s__Ruminococcus_callidus	k__Bacteria;p__Bacteroidetes;c__Bacteroidia;o__Bacteroidales;f__Rikenellaceae;g__Alistipes;s__Alistipes_senegalensis	k__Bacteria;p__Firmicutes;c__Clostridia;o__Clostridiales;f__Lachnospiraceae;g__Blautia;s__Blautia_sp._KLE_1732	k__Bacteria;p__Bacteroidetes;c__Bacteroidia;o__Bacteroidales;f__Bacteroidaceae;g__Bacteroides;s__Bacteroides_oleiciplenus	k__Bacteria;p__Firmicutes;c__Clostridia;o__Clostridiales;f__Ruminococcaceae;g__Ruminococcus;s__Ruminococcus_bicirculans	k__Bacteria;p__Bacteroidetes;c__Bacteroidia;o__Bacteroidales;f__Bacteroidaceae;g__Bacteroides;s__Bacteroides_fluxus	k__Bacteria;p__Bacteroidetes;c__Bacteroidia;o__Bacteroidales;f__Prevotellaceae;g__Prevotella;s__Prevotella_stercorea	k__Bacteria;p__Firmicutes;c__Clostridia;o__Clostridiales;f__Lachnospiraceae;g__Dorea;s__Dorea_longicatena	k__Bacteria;p__Firmicutes;c__Clostridia;o__Clostridiales;f__Eubacteriaceae;g__Eubacterium;s__[Eubacterium]_eligens	k__Bacteria;p__Firmicutes;c__Clostridia;o__Clostridiales;f__Ruminococcaceae;g__;s__Ruminococcaceae_bacterium_D16	k__Bacteria;p__Firmicutes;c__Clostridia;o__Clostridiales;f__Lachnospiraceae;g__Coprococcus;s__Coprococcus_comes	k__Bacteria;p__Proteobacteria;c__Gammaproteobacteria;o__Enterobacterales;f__Enterobacteriaceae;g__Escherichia;s__Escherichia_coli	k__Bacteria;p__Firmicutes;c__Clostridia;o__Clostridiales;f__Ruminococcaceae;g__Anaerotruncus;s__Anaerotruncus_colihominis	k__Bacteria;p__Firmicutes;c__Clostridia;o__Clostridiales;f__Lachnospiraceae;g__Blautia;s__Blautia_obeum	k__Bacteria;p__Bacteroidetes;c__Bacteroidia;o__Bacteroidales;f__Odoribacteraceae;g__Odoribacter;s__Odoribacter_laneus	k__Bacteria;p__Firmicutes;c__Clostridia;o__Clostridiales;f__Ruminococcaceae;g__Ruminiclostridium;s__[Clostridium]_leptum	k__Bacteria;p__Bacteroidetes;c__Bacteroidia;o__Bacteroidales;f__Porphyromonadaceae;g__Parabacteroides;s__Parabacteroides_goldsteinii	k__Bacteria;p__Firmicutes;c__Clostridia;o__Clostridiales;f__Lachnospiraceae;g__Anaerostipes;s__Anaerostipes_hadrus	k__Bacteria;p__Firmicutes;c__Clostridia;o__Clostridiales;f__Ruminococcaceae;g__Ruminococcus;s__Ruminococcus_lactaris	k__Bacteria;p__Firmicutes;c__Clostridia;o__Clostridiales;f__Clostridiaceae;g__Clostridium;s__Clostridium_sp._L2-50	k__Bacteria;p__Firmicutes;c__Clostridia;o__Clostridiales;f__Clostridiaceae;g__Clostridium;s__Clostridium_sp._M62/1	k__Bacteria;p__Firmicutes;c__Clostridia;o__Clostridiales;f__;g__Intestinimonas;s__Intestinimonas_butyriciproducens	k__Bacteria;p__Actinobacteria;c__Actinobacteria;o__Bifidobacteriales;f__Bifidobacteriaceae;g__Bifidobacterium;s__Bifidobacterium_bifidum	k__Bacteria;p__Firmicutes;c__Negativicutes;o__Veillonellales;f__Veillonellaceae;g__Dialister;s__Dialister_invisus	k__Bacteria;p__Bacteroidetes;c__Bacteroidia;o__Bacteroidales;f__Bacteroidaceae;g__Bacteroides;s__Bacteroides_salanitronis
k__Bacteria;p__Bacteroidetes;c__Bacteroidia;o__Bacteroidales;f__Bacteroidaceae;g__Bacteroides;s__Bacteroides_vulgatus	1.0	-0.0571420057997	0.000690410869889	-0.0180654841572	0.0658435696392	0.00758428443206	-0.0370568527754	-0.055622671901	-0.0309655890385	-0.0578113008048	0.00357722203209	-0.0305903072597	0.0125982431071	-0.0253119083054	-0.0681685668892	0.0774363884766	0.0174452328111	0.00537036227618	-0.0528055399833	-0.017641134468	0.0173074486832	-0.00609441458611	-0.0244935652629	-0.0466528179688	0.0239561986024	-0.023112842528	-0.0479823902825	0.0989040249842	-0.0279788602215	0.0340035137116	0.0190770478639	0.0108536580323	-0.0493166027534	0.00789611512388	-0.0529559669609	-0.0159655357698	-0.0832582427298	-0.0259526107958	-0.115185042016	-0.00653386421114	-0.00288126227465	-0.0185138684272	-0.0141605072131	0.0037717138683	0.051028919963	-0.00316042307734	-0.0204879745746	0.0157427640041	-0.00113230338825	0.0277752920836	0.0167674228192	0.0175466020969	-0.043769986814	0.03382591939	-0.0566836565297	-0.00434771525143	-0.046443407802	0.0916381259061	0.0106120688475
k__Bacteria;p__Bacteroidetes;c__Bacteroidia;o__Bacteroidales;f__Bacteroidaceae;g__Bacteroides;s__Bacteroides_uniformis	-0.0571420057997	1.0	0.00246548753802	-0.0653922684747	-0.0319340054462	-0.0203450389624	0.0582237074541	-0.0605852413986	0.0966290987199	0.068069730672	0.00712794411648	-0.0200973469103	0.0196081355924	0.0041084991866	-0.0953299161778	0.0456954464681	-0.0810941846292	-0.00157753503862	0.0176505945605	-0.01131401681	0.0589882780675	-0.00110660763189	-0.0082332879897	0.000843882346522	0.0338989333122	-0.065657815354	0.0268996445993	0.00258520409023	-0.0256818146226	-0.0652441577764	-0.0456193913815	-0.000931629065628	0.00819342475681	-0.00704004894026	-0.0133506602432	0.0290139273443	0.0264231177371	-0.0252220603076	-0.00428551353492	-0.0463515096972	-0.0106043096768	-0.00145387627836	0.0116364203147	0.0657846944859	0.041627300117	0.0198032760895	-0.0392161968677	-0.0742789102346	-0.0700078176526	-0.0536231241425	0.0452311831369	0.0804538075212	-0.0109589647095	0.0314145145732	-0.074334368867	0.00251211493378	-0.0231404967446	-0.0158222494063	-0.0456878912081
k__Bacteria;p__Bacteroidetes;c__Bacteroidia;o__Bacteroidales;f__Rikenellaceae;g__Alistipes;s__Alistipes_putredinis	0.000690410869889	0.00246548753802	1.0	-0.0170851112715	-0.0964021161634	-0.0308345824039	-0.070305594963	-0.0132092205448	-0.0104401602767	0.0480446959336	0.0106600952619	0.0246331190472	0.0228991937266	-0.0262243413602	-0.00871234915612	0.0197200790861	-0.0127191927391	-0.00166828761794	-0.0441545485226	-0.0369601283897	0.00951395848973	0.0507258112149	-0.159742969508	0.0348928848053	-0.0271039110111	-0.0571953833235	-0.0639944180322	-0.0222805701387	0.0177335758732	-0.0158862962828	-0.014080846154	0.00690441053004	0.0123236575755	-0.0345898623872	-0.043648731257	-0.0394607664502	0.0693281612366	-0.0349181425577	-0.00608327452139	-0.0507136953098	-0.00808141736124	0.0398711450698	0.0130149401189	0.0449868973608	0.0174718294863	-0.00656321114471	-0.0739724893431	-0.0182949345622	-0.0842067460035	-0.0123503084685	-0.0399556547348	-0.0675187261553	0.0145490266757	-0.0273785969023	0.0037222021148	-0.000285524555896	-0.000293650833526	-0.0942470847313	0.0174838240625
k__Bacteria;p__Bacteroidetes;c__Bacteroidia;o__Bacteroidales;f__Prevotellaceae;g__Prevotella;s__Prevotella_copri	-0.0180654841572	-0.0653922684747	-0.0170851112715	1.0	-0.00992514323979	-0.0162938946738	-0.0746857785654	-0.0652596920808	-0.0370831098511	0.0177514408931	-0.0386716132866	-0.0484860598474	0.0562603029521	-0.0369308959217	0.0452873473638	-0.0759968008883	0.0779570711188	-0.031265714589	0.0449164359941	-0.0567635778963	-0.09116608199	0.00690073165782	-0.00298254323294	0.0131275288925	-0.0115817679983	0.0243601516659	-0.0375281980733	-0.0797929663498	0.00394882828388	-0.0331560230641	-0.0170918304682	-0.0395350715076	-0.0346250641944	-0.0136248035061	-0.0367279431631	-0.0288152348563	0.0125386032415	-0.084151445364	0.0189428851216	5.32840009753e-05	-0.0479991845912	-0.0794484890787	-0.0683875342977	0.0638340177484	-0.0357120177183	0.0268596620687	-0.0199613576185	-0.019994432053	0.0158445869419	-0.0386859221732	-0.00223212663572	0.00233761527156	-0.0353235033648	0.0521796404615	-0.00789695078366	0.00434004600974	-0.0915004492588	-0.0172301531371	0.0215048572028
k__Bacteria;p__Bacteroidetes;c__Bacteroidia;o__Bacteroidales;f__Bacteroidaceae;g__Bacteroides;s__Bacteroides_stercoris	0.0658435696392	-0.0319340054462	-0.0964021161634	-0.00992514323979	1.0	-0.0579005419592	-0.0494712034038	-0.0443397566845	0.0341047668792	-0.00938980057542	0.00738783491316	0.0157033043499	0.0305536548742	0.000614346158849	0.0149996966038	-0.0161406649498	0.0686931148574	-0.0849037780119	-0.0430083400431	-0.0131769420928	-0.012119750126	0.0271562315619	-0.0262126955892	0.0890229678753	0.0269995409705	-0.0468219452736	-0.0163257127609	-0.034837789627	-0.101253328685	0.0209180021109	0.0168741546204	-0.0226348353287	0.0438422854142	0.0360641936787	-0.0148250024156	0.0365784334601	-0.049375835076	0.0412790167279	-0.0443376542469	0.00345928100381	0.0308321861724	0.0261540758201	-0.0722944076999	0.00312909948384	-0.0290530651461	-0.0461856425377	-0.000529691455158	-0.0187811325662	-0.0377822942406	-0.00463254744089	-0.0470475018764	0.00933085008685	-0.0121168622587	-0.0195381849657	-0.0237174857825	0.0452164524982	-0.0946096368347	-0.0384442194478	-0.056466254484
k__Bacteria;p__Bacteroidetes;c__Bacteroidia;o__Bacteroidales;f__Bacteroidaceae;g__Bacteroides;s__Bacteroides_ovatus	0.00758428443206	-0.0203450389624	-0.0308345824039	-0.0162938946738	-0.0579005419592	1.0	0.0033507578937	-0.0610426376176	-0.00719348241094	-0.0310189143752	-0.0189702019307	-0.0185383517011	0.010151146426	-0.0220028388907	-0.00394000885411	0.0179127667677	0.00530150486467	-0.0767618239853	-0.0571060100842	0.0220229189813	0.00983352141105	-0.0122818532814	-0.0408408800164	-0.0769386339635	-0.0100204350667	0.0121273259929	0.101276531397	-0.0472129713297	-0.108909393107	0.0230311727846	-0.0317286069968	0.0599422322204	0.0102598686385	0.00790643728785	-0.0485417939158	-0.0570079863981	0.00900597130365	-0.0222777594374	-0.0111189150811	-0.0183774374561	-0.00334375527897	-0.0279067242014	0.00348274110767	-0.0314044612366	-0.0336242182393	0.00949159162278	0.0194081582065	-0.0402242188434	-0.0185693445569	0.0130193928301	0.074106196409	-0.0534642701764	-0.00231442405846	-0.0394877147781	0.0116310088674	-0.00647734171178	-0.0128022044529	-0.0170634923507	-0.0246366962986
k__Bacteria;p__Bacteroidetes;c__Bacteroidia;o__Bacteroidales;f__Rikenellaceae;g__Alistipes;s__Alistipes_shahii	-0.0370568527754	0.0582237074541	-0.070305594963	-0.0746857785654	-0.0494712034038	0.0033507578937	1.0	-0.00170030667994	-0.0289976161186	-0.0198440020585	0.0473447867929	-0.0220028115731	0.029991052598	0.0357171275257	-0.0295212971268	-0.024125667577	-0.0911714208308	0.0806812471831	-0.0367549402397	-0.033001265866	-0.0130815235214	-0.00876977393638	-0.068856154386	0.0246807810773	0.00692254842487	0.0568923751732	-0.0151314455563	0.0666941824297	0.00157934604713	0.0824754168405	0.0159488997347	0.00214698186939	-0.0572518398095	-0.0143347669286	-0.0021219010814	0.00138617741648	-0.00865762762145	0.000759746970582	-0.0202523435457	-0.043799536549	-0.00115791799305	0.0137974311268	-0.00119498926042	-0.00342759440264	-0.0545817001176	-0.0600733392301	-0.0163676006035	0.0210228212488	-0.0257238980295	-0.0148540927731	-0.0054788992255	0.041293358146	-0.0012807024428	-0.0488418108603	-0.024177816662	-0.0527101753931	-0.00999698446346	-0.0432918823856	-0.033334984516
k__Bacteria;p__Firmicutes;c__Clostridia;o__Clostridiales;f__Ruminococcaceae;g__Faecalibacterium;s__Faecalibacterium_prausnitzii	-0.055622671901	-0.0605852413986	-0.0132092205448	-0.0652596920808	-0.0443397566845	-0.0610426376176	-0.00170030667994	1.0	0.00381799988756	-0.0311306662742	-0.0291438445225	0.021253170392	0.0303535415761	-0.0243996789419	0.0260019965944	-0.0385870961874	-0.0162425409875	1.81459494582e-05	0.00301400143549	0.0193461222888	-0.0625687938332	-0.0295220228891	-0.0106804887989	0.0129797225252	-0.00959998425463	-0.0515431600099	-0.0245161655155	-0.0287188953032	0.00891711672463	-0.0044659840497	-0.0307528070381	-0.0586004834317	-0.076902344603	-0.050467843279	-0.0313002233946	-0.014134382802	0.0106967747114	0.00217479216664	0.0756554662722	0.0683866537695	0.0314371799726	-0.0356674126738	0.0592814672298	0.0667578836946	-0.00290457540096	0.0450164240575	-0.0242463173855	-0.0624795696336	0.091794990342	0.0215400133955	0.0143651940988	-0.0535614139951	0.0432437235435	-0.0673885215658	-0.0275529157405	0.0183153661823	0.0357210832213	0.0911375753694	0.0155540641262
k__Bacteria;p__Bacteroidetes;c__Bacteroidia;o__Bacteroidales;f__Rikenellaceae;g__Alistipes;s__Alistipes_finegoldii	-0.0309655890385	0.0966290987199	-0.0104401602767	-0.0370831098511	0.0341047668792	-0.00719348241094	-0.0289976161186	0.00381799988756	1.0	-0.0479309283371	0.00562205552367	-0.00960793538851	-0.000666388323027	0.0122573916437	0.0663777661642	0.019418088364	0.0563274874242	-0.0131695235555	0.0293102453497	-0.0790619915892	0.0357539652116	-0.0561506033766	0.0602298020485	-0.0849918980159	0.0413805074838	0.00276414118191	-0.0170925295247	-0.0447943001294	-0.00808169321071	-0.019993112315	-0.0188724191947	-0.0124334808013	-0.00351024592621	-0.0931992730805	-0.0454735609998	-0.0120006431806	0.00759861027473	0.0351072150667	0.00327423060635	-0.0335391853987	-0.0121341863654	0.0220164489866	0.0262601151372	-0.0919097368778	0.0583312544027	0.0500998317558	-0.00846032537159	-0.0140722364581	0.0167022006925	-0.0940906850514	0.0430529179518	-0.0653742126865	0.0514965958454	-0.00390121577387	-0.0183495454286	-0.00385093010414	-0.0335971532889	-0.0347701929632	-0.0342496630523
k__Bacteria;p__Bacteroidetes;c__Bacteroidia;o__Bacteroidales;f__Porphyromonadaceae;g__Parabacteroides;s__Parabacteroides_distasonis	-0.0578113008048	0.068069730672	0.0480446959336	0.0177514408931	-0.00938980057542	-0.0310189143752	-0.0198440020585	-0.0311306662742	-0.0479309283371	1.0	0.032614488236	-0.0480003934496	-0.0521313728682	-0.0244019880216	-0.0485260074032	0.0211447108463	-0.067340123126	-0.0624642891171	-0.00611609769649	-0.0476864875624	-0.0686149512244	-0.056597349009	0.00175937531729	-0.0644663763984	-0.0658994360441	-0.0176287440037	0.0502367107633	0.0290803946089	-0.0422905513079	0.0211818769956	-0.0171298959657	-0.0423347845097	0.0290586370164	0.0207809335789	-0.0343653787409	-0.000386926995158	0.0209010543342	0.0465587052102	-0.078545491369	-0.00238790093802	-0.00946683263296	0.0132434262903	-0.0360440396082	0.0384145135711	-0.0562832640316	0.0304981208568	0.000146171221327	0.0410080374487	-0.0220012444827	-0.101167011882	-0.0494767435085	0.0092687471839	0.0390974596628	-0.0327822003301	-0.0166890378295	-0.0653349324026	-0.0474609539906	-0.0112943843933	0.0106172855281
k__Bacteria;p__Bacteroidetes;c__Bacteroidia;o__Bacteroidales;f__Bacteroidaceae;g__Bacteroides;s__Bacteroides_thetaiotaomicron	0.00357722203209	0.00712794411648	0.0106600952619	-0.0386716132866	0.00738783491316	-0.0189702019307	0.0473447867929	-0.0291438445225	0.00562205552367	0.032614488236	1.0	-0.0550708668078	-0.0974081123592	-0.0378958613366	-0.000134276413559	0.0626301368903	0.0372368442902	0.0377534398433	0.032742566999	0.0535001080331	-0.000881380172983	0.050790968255	0.0901137607795	-0.0313562865826	-0.0377118930234	-0.0514416018738	0.00325931556836	-0.0433629691186	-0.0415841713296	0.00844410932762	0.0311218902315	-0.0127742358162	-0.0729255091436	-0.0421620800703	-0.0428915725626	-0.0130510126799	-0.0392632282519	-0.0156239810996	-0.0205201665734	-0.0248890269179	0.0177823017204	0.0504108086155	-0.0131377024104	-0.00898185706411	-0.0388173918101	0.00421412316317	-0.0418219646889	-0.0560299507494	0.00901382530434	0.0470649127313	-0.013695227605	0.0514161082537	-0.0275153117625	-0.0443682230089	-0.0602667444073	0.0228689097808	-0.0070629910235	-0.0211919487831	-0.0302293076706
k__Bacteria;p__Bacteroidetes;c__Bacteroidia;o__Bacteroidales;f__Bacteroidaceae;g__Bacteroides;s__Bacteroides_coprocola	-0.0305903072597	-0.0200973469103	0.0246331190472	-0.0484860598474	0.0157033043499	-0.0185383517011	-0.0220028115731	0.021253170392	-0.00960793538851	-0.0480003934496	-0.0550708668078	1.0	-0.0425952879972	0.0320355152625	0.0478734218541	-0.0621950789125	0.0429745061969	0.0787918534194	0.0194610214059	0.0384231093578	0.00761752132372	0.0213706137578	0.0259677211032	-0.0133293959381	0.00446120250776	0.0267954233141	-0.0789059780502	-0.00730366382186	0.0154264839386	-0.0480366821895	-0.0390464919412	-0.0976437068962	-0.00193825631197	-0.0372222662384	0.00395284075604	-0.0246622961424	-0.0250157084542	-0.0512433465936	0.0541463237586	0.000429572275472	0.0613003075566	-0.029055684449	-0.00604199339619	0.0240631704536	-0.00964174821817	-0.040667533442	-0.04203720445	-0.0247482185624	-0.0486405211235	0.0037333485981	0.0425645206573	-0.0498887419049	-0.0284320033359	0.0433577064436	0.0394011303433	0.0205967483322	-0.0563525782089	0.0385090165353	0.0340025270133
k__Bacteria;p__Bacteroidetes;c__Bacteroidia;o__Bacteroidales;f__Bacteroidaceae;g__Bacteroides;s__Bacteroides_cellulosilyticus	0.0125982431071	0.0196081355924	0.0228991937266	0.0562603029521	0.0305536548742	0.010151146426	0.029991052598	0.0303535415761	-0.000666388323027	-0.0521313728682	-0.0974081123592	-0.0425952879972	1.0	0.0176388559804	0.0510193184202	-0.0251897448116	-0.0261745095802	-0.00844615011399	0.0488222671911	-0.00615189719418	0.0114151634825	-0.0150617987048	-0.0477111580278	0.0285257498505	-0.0404576219981	-0.0337496041768	-0.0614277821863	-0.0774831899276	-0.00954782711071	0.0173362998592	-0.0624678373277	0.068618218708	-0.0693491348208	-0.0424932530469	-0.00501149872681	-0.0745556486962	0.0125094899953	-0.0134244780541	0.0185085909412	-0.088309871935	-0.0784769069887	0.00688626481597	0.00799575163994	-0.0202306323508	0.0108975003618	-0.0344409932263	-0.0570967822488	-0.0234442565026	0.0199902452197	-0.0693293447286	-0.00560020928845	0.0045049845437	0.0443727787902	0.0199193420309	-0.031404073178	-0.0180996412785	-0.0202977626173	-0.0248988691119	-0.0158257682317
k__Bacteria;p__Bacteroidetes;c__Bacteroidia;o__Bacteroidales;f__Rikenellaceae;g__Alistipes;s__Alistipes_obesi	-0.0253119083054	0.0041084991866	-0.0262243413602	-0.0369308959217	0.000614346158849	-0.0220028388907	0.0357171275257	-0.0243996789419	0.0122573916437	-0.0244019880216	-0.0378958613366	0.0320355152625	0.0176388559804	1.0	-0.0194754204802	-0.0120901796468	-0.0167684273209	0.00562388885935	0.0242055333119	0.0104522704747	-0.0401158375058	-0.0110258287509	-0.0154553178733	0.0439256214703	-0.0636817377493	-0.10617588954	-0.00109972115921	-0.0527045335899	-0.0191810018814	0.0487240938378	-0.0544684429952	-0.0157983120131	0.0372813347094	-0.0357308320818	-0.0150089894929	0.0275720758205	-0.0418941172364	-0.016916520492	0.000426003166678	0.0385169973644	-0.0614156666138	0.0176777846902	-0.023057961334	-0.0777848601998	-0.0531339048528	0.00804437871288	-0.0228454059556	0.0638235039584	-0.0474044525396	-0.0523370454037	0.0214075306765	-0.0435071418782	-0.00677255755775	0.00550728836673	0.0643220240824	-0.0948866699013	0.0293715987894	-0.000451920465045	-0.0196706696794
k__Bacteria;p__Firmicutes;c__Clostridia;o__Clostridiales;f__Lachnospiraceae;g__;s__[Eubacterium]_rectale	-0.0681685668892	-0.0953299161778	-0.00871234915612	0.0452873473638	0.0149996966038	-0.00394000885411	-0.0295212971268	0.0260019965944	0.0663777661642	-0.0485260074032	-0.00013427641356	0.0478734218541	0.0510193184202	-0.0194754204802	1.0	0.0277891154547	-0.0245284924828	0.0340020821904	-0.0169318851313	0.0202127229909	-0.0875449868367	0.0102371066677	0.0201858017778	-0.0459389569601	-0.00963913204315	-0.0367398816879	-0.0552993684383	0.0134030375689	0.0137401202227	0.0247734011678	0.0987893094679	0.00431644106352	-0.0209530308324	-0.0302133087525	-0.0595287975451	-0.00866515485461	-0.0308342346431	0.0344822347922	-0.0632214609134	0.0486747328628	-0.0591676902286	0.00538032041957	0.00672764919208	-0.0290101000439	-0.00454651122234	-0.0304187308788	-0.100534980592	0.0521860804377	0.0426338529575	-0.0522493381241	0.0557718311136	0.0191982148328	0.0229084779481	-0.0261238437129	0.00206218655006	-0.00608556684088	-0.00708703088535	-0.0409429248495	0.0554487568568
k__Bacteria;p__Bacteroidetes;c__Bacteroidia;o__Bacteroidales;f__Bacteroidaceae;g__Bacteroides;s__Bacteroides_plebeius	0.0774363884766	0.0456954464681	0.0197200790861	-0.0759968008883	-0.0161406649498	0.0179127667677	-0.024125667577	-0.0385870961874	0.019418088364	0.0211447108463	0.0626301368903	-0.0621950789125	-0.0251897448116	-0.0120901796468	0.0277891154547	1.0	0.0120508463859	-0.0117942797869	-0.0159298932671	0.0314208903435	0.0279819208988	0.027207256402	-0.0188206356118	-0.0444658113456	0.0215224164331	0.014000029407	-0.0147609036941	0.00242695578741	-0.115163163209	-0.0910251657612	0.0443477397685	0.0587137657185	-0.0159973598153	0.0304160199037	-0.0260007092543	-0.0109345970906	0.024612149168	-0.0152909724481	-0.0273839900279	-0.0782374043699	-0.063537565138	0.0404044539619	-0.004286571874	0.0182961434373	0.011990376683	0.0192981541549	-0.00907064531511	0.0196897954233	-0.02600802985	-0.0212388969637	-0.0294306586413	0.0148868419167	-0.00798255665981	-0.0597289131658	-0.029908807985	-0.0132606791226	-0.00361546388039	-0.072176386587	-0.0186871308763
k__Bacteria;p__Bacteroidetes;c__Bacteroidia;o__Bacteroidales;f__Bacteroidaceae;g__Bacteroides;s__Bacteroides_fragilis	0.0174452328111	-0.0810941846292	-0.0127191927391	0.0779570711188	0.0686931148574	0.00530150486467	-0.0911714208308	-0.0162425409875	0.0563274874242	-0.067340123126	0.0372368442902	0.0429745061969	-0.0261745095802	-0.0167684273209	-0.0245284924828	0.0120508463859	1.0	0.0109966278334	-0.0346295895818	0.0374541863024	-0.000726534734495	0.0272781667583	0.0151609016431	-0.0214417748881	-0.0388497388792	-0.0161305220394	0.00264071173848	-0.0850834949424	-0.00953456409113	-0.0276352908374	-0.00429536717439	0.0243958620073	-0.076046824899	-0.0290028167153	0.0626007471681	-0.0132206922069	-0.0105739936742	-0.0326260204998	-0.0355637161142	0.0421436673981	0.0560517644363	-0.00737592036501	0.0606701226645	0.0285793181515	-0.0223423396983	-0.0704461897043	-0.0190703173021	-0.0178893272742	-0.0586448723935	-0.0791086484454	-0.0371025389483	0.0284811164532	-0.0135753177195	-0.0795798635966	-0.0551173652898	-0.0180723334882	0.0114762978696	-0.0660718704875	0.0118282230291
k__Bacteria;p__Proteobacteria;c__Betaproteobacteria;o__Burkholderiales;f__Sutterellaceae;g__Sutterella;s__Sutterella_wadsworthensis	0.00537036227618	-0.00157753503862	-0.00166828761794	-0.031265714589	-0.0849037780119	-0.0767618239853	0.0806812471831	1.81459494582e-05	-0.0131695235555	-0.0624642891171	0.0377534398433	0.0787918534194	-0.00844615011399	0.00562388885935	0.0340020821904	-0.0117942797869	0.0109966278334	1.0	-0.0675079449365	-0.00623008204525	0.000966299426083	-0.0380753615433	0.00753452260902	-0.0565597861088	-0.0465796200859	-0.0236628698272	0.0372394983917	-0.0638574098353	0.0126988930376	-0.0404027086744	-0.0354046413905	0.0339834293404	-0.0694795642674	0.0431926533615	-0.0076716458468	-0.0758215827391	0.00787709712131	0.0351898202336	-0.0247767762086	0.0580285987992	0.0390126285265	-0.0374186122592	0.0370390961627	-0.00943444658375	-0.0190256056383	-0.0217423648791	-0.101041401559	-0.0221733763655	0.0034946640878	0.0210626223843	-0.0519900002686	0.0770522356882	-0.0160568766871	0.00634981669513	0.0211663841336	-0.0780364963012	-0.0565738301382	0.0279372722213	0.0183835829178
k__Bacteria;p__Bacteroidetes;c__Bacteroidia;o__Bacteroidales;f__Porphyromonadaceae;g__Barnesiella;s__Barnesiella_intestinihominis	-0.0528055399833	0.0176505945605	-0.0441545485226	0.0449164359941	-0.0430083400431	-0.0571060100842	-0.0367549402397	0.00301400143549	0.0293102453497	-0.00611609769649	0.032742566999	0.0194610214059	0.0488222671911	0.0242055333119	-0.0169318851313	-0.0159298932671	-0.0346295895818	-0.0675079449365	1.0	-0.0179835749489	-0.0366191789851	0.0170281397309	0.0252922180039	-0.0100840565825	-0.0279053673353	-0.0115039424368	-0.0414760840728	-0.0107542801915	-0.00478969116808	-0.000122685615683	0.00969839045908	-0.0963966968074	0.0261550928055	0.00317634207118	-0.0117718169669	-0.0219342347105	-0.00792500058638	-0.0650994000535	-0.0164565154295	-0.0395826603069	-0.0346323848687	0.0210827214169	-0.0450704147461	0.000329238264993	0.0210379755007	-0.0497017316311	-0.023342021935	0.0575578136646	0.0565738995665	-0.047946616555	0.0357916177957	0.000382566326182	0.00337138103321	0.00158476101312	0.0856085078411	0.044985141224	-0.000436845114668	-0.0095989510774	0.0212074051623
k__Bacteria;p__Bacteroidetes;c__Bacteroidia;o__Bacteroidales;f__Odoribacteraceae;g__Odoribacter;s__Odoribacter_splanchnicus	-0.017641134468	-0.01131401681	-0.0369601283897	-0.0567635778963	-0.0131769420928	0.0220229189813	-0.033001265866	0.0193461222888	-0.0790619915892	-0.0476864875624	0.0535001080331	0.0384231093578	-0.00615189719418	0.0104522704747	0.0202127229909	0.0314208903435	0.0374541863024	-0.00623008204525	-0.0179835749489	1.0	-0.0522595473795	-0.0348412529325	0.00919101094439	-0.00812012905773	0.0625712989203	-0.101560866896	0.0077815920383	-0.0727808071938	-0.0269614338313	-0.0334170431413	0.00777776053956	0.0182516593037	-0.0456681731464	0.00702190238549	0.050299021371	0.0496501251143	-0.0129705588648	-0.0736181605473	0.0167647662082	-0.0203001223838	0.0919411508858	0.000585759964899	-0.0547281189175	-0.080764350082	0.0124881054671	0.0401907289745	-0.0169746570418	0.0417512363068	-0.0498245934085	0.00861166385295	-0.0152865585043	-0.0623185314233	-0.0285602514347	0.0178072509416	0.0883592738167	-0.00220697811513	-0.0481422227114	-0.0757247105337	0.0688252309348
k__Bacteria;p__Bacteroidetes;c__Bacteroidia;o__Bacteroidales;f__Bacteroidaceae;g__Bacteroides;s__Bacteroides_salyersiae	0.0173074486832	0.0589882780675	0.00951395848973	-0.09116608199	-0.012119750126	0.00983352141105	-0.0130815235214	-0.0625687938332	0.0357539652116	-0.0686149512244	-0.000881380172983	0.00761752132372	0.0114151634825	-0.0401158375058	-0.0875449868367	0.0279819208988	-0.000726534734495	0.000966299426083	-0.0366191789851	-0.0522595473795	1.0	0.0109453861658	-0.0268955217546	-0.00324422740815	-0.0288938647018	-0.050121817689	-0.0412691914921	0.0381792596171	-0.0620999962861	-0.0500654178423	-0.0781799705663	-0.0322358234496	-0.00695094591829	-0.0115041110488	0.0395603235152	-0.00352851306881	0.0424760038427	-0.107177781315	-0.0558736561377	-0.0505174505838	-0.0509528393336	0.0391775421627	0.000579350972652	0.0124370999311	-0.0837585868786	-0.0179703418279	0.0114792929235	-0.0745281569441	0.0282947478809	0.0440860945219	0.0546085228699	0.0322484194872	0.0114532130051	-0.0285012056776	-0.00328240035271	-0.0139711585133	0.111261824742	0.0684056039519	0.00512462513552
k__Bacteria;p__Firmicutes;c__Clostridia;o__Clostridiales;f__Ruminococcaceae;g__Ruminiclostridium;s__[Eubacterium]_siraeum	-0.00609441458611	-0.00110660763189	0.0507258112149	0.00690073165782	0.0271562315619	-0.0122818532814	-0.00876977393638	-0.0295220228891	-0.0561506033766	-0.056597349009	0.050790968255	0.0213706137578	-0.0150617987048	-0.0110258287509	0.0102371066677	0.027207256402	0.0272781667583	-0.0380753615433	0.0170281397309	-0.0348412529325	0.0109453861658	1.0	-0.0203406712638	-0.022903015356	0.0345368541807	-0.0260195307815	-0.0343272152773	-0.0872441098916	-0.0357822311143	-0.0558109997147	0.00559289857713	-0.0275551041177	0.0242873208367	-0.0369583149719	-0.0162547271232	-0.0369988211152	0.0181236114209	-0.00621072109803	0.0446844080957	-0.0493235735469	0.0288353041686	0.0962056655187	0.0322747482063	0.0695257744585	-0.0663643784982	-0.094729859007	-0.0490450378821	-0.00765460433689	-0.0171762526102	0.0183366143433	-0.0059140743889	0.00896137700536	0.00378647956435	-0.0276386036869	0.0262549490527	-0.0351302101545	-0.0693922228434	-0.044799462675	-0.0600963367687
k__Bacteria;p__Proteobacteria;c__Betaproteobacteria;o__Burkholderiales;f__Sutterellaceae;g__Parasutterella;s__Parasutterella_excrementihominis	-0.0244935652629	-0.0082332879897	-0.159742969508	-0.00298254323294	-0.0262126955892	-0.0408408800164	-0.068856154386	-0.0106804887989	0.0602298020485	0.00175937531729	0.0901137607795	0.0259677211032	-0.0477111580278	-0.0154553178733	0.0201858017778	-0.0188206356118	0.0151609016431	0.00753452260902	0.0252922180039	0.00919101094439	-0.0268955217546	-0.0203406712638	1.0	0.0504954375254	-0.0403088579249	0.0123183009618	-0.00106594137075	0.0530739781818	-0.0141215952818	-0.0523088507931	-0.0556730923973	-0.0089041630464	0.0272392294016	0.0953937720406	0.0448953120846	-0.0350401187747	-0.00770835077509	-0.0198012494786	-0.028093300894	0.0175690884697	-0.0478245451821	0.0637011540856	0.0530856191467	-0.0197641718961	-0.0241732200829	-0.0116923723174	0.0753813694521	-0.0169079824051	-0.00543984885318	-0.0709150540425	-0.0312035012736	0.0154349308347	-0.0501205300673	-0.0131019089412	-0.00836679430889	0.0553082641846	-0.0154298494079	-0.0898160587956	-0.0331101824111
k__Bacteria;p__Actinobacteria;c__Actinobacteria;o__Bifidobacteriales;f__Bifidobacteriaceae;g__Bifidobacterium;s__Bifidobacterium_adolescentis	-0.0466528179688	0.000843882346521	0.0348928848053	0.0131275288925	0.0890229678753	-0.0769386339635	0.0246807810773	0.0129797225252	-0.0849918980159	-0.0644663763984	-0.0313562865826	-0.0133293959381	0.0285257498505	0.0439256214703	-0.0459389569601	-0.0444658113456	-0.0214417748881	-0.0565597861088	-0.0100840565825	-0.00812012905773	-0.00324422740815	-0.022903015356	0.0504954375254	1.0	-0.069177679505	-0.0240085034546	0.0235379294455	0.0539495656801	0.0871262660221	-0.0703407709369	0.0267091755313	0.00573637250396	0.0410466816126	-0.00341475842784	0.0787790075152	-0.0354556730512	-0.0705902581478	0.0541137715613	-0.0153427299965	-0.0350322982625	-0.0143175662955	0.0305685832213	0.0341002575743	0.0641794145622	-0.0613483373129	-0.021017513764	-0.0218074691728	0.00355794257713	-0.0432854867927	-0.0416198340289	-0.0264121970738	0.0021247728277	-0.037810513007	-0.0208878976442	-0.0430801159337	0.0675938706719	0.0366448376683	-0.0355446373291	-0.0750747086039
k__Bacteria;p__Firmicutes;c__Clostridia;o__Clostridiales;f__Oscillospiraceae;g__Oscillibacter;s__Oscillibacter_sp._KLE_1745	0.0239561986024	0.0338989333122	-0.0271039110111	-0.0115817679983	0.0269995409705	-0.0100204350667	0.00692254842487	-0.00959998425463	0.0413805074838	-0.0658994360441	-0.0377118930234	0.00446120250776	-0.0404576219981	-0.0636817377493	-0.00963913204315	0.0215224164331	-0.0388497388792	-0.0465796200859	-0.0279053673353	0.0625712989203	-0.0288938647018	0.0345368541807	-0.0403088579249	-0.069177679505	1.0	0.026718822956	-0.0737249204104	0.045776191626	-0.0116282568892	0.0136187389469	0.0177463439804	-0.0397031064914	-0.0349402098486	-0.0113482696515	-0.0169668494538	0.0243450522187	-0.0332825945261	0.0299772835418	0.011962300353	-0.0164546164479	0.0525462539806	-0.0861508259945	-0.0648347041766	-0.0436247701533	0.0909957288649	-0.0175983689927	0.0799957192019	0.0512369761516	-0.00101494272216	-0.0202327224457	-0.0440863323229	-0.0522830524274	-0.0311312943241	-0.0165487988978	0.0460944086566	0.0257308716625	0.0189457560393	0.0112765300896	-0.0161425284734
k__Bacteria;p__Bacteroidetes;c__Bacteroidia;o__Bacteroidales;f__Bacteroidaceae;g__Bacteroides;s__Bacteroides_coprophilus	-0.023112842528	-0.065657815354	-0.0571953833235	0.0243601516659	-0.0468219452736	0.0121273259929	0.0568923751732	-0.0515431600099	0.00276414118191	-0.0176287440037	-0.0514416018738	0.0267954233141	-0.0337496041768	-0.10617588954	-0.0367398816879	0.014000029407	-0.0161305220394	-0.0236628698272	-0.0115039424368	-0.101560866896	-0.050121817689	-0.0260195307815	0.0123183009618	-0.0240085034546	0.026718822956	1.0	0.0193708766838	0.00738586296197	0.0157174755367	0.0183728542406	-0.00147828734146	-0.085084326301	-0.0162370730783	-0.0420032420212	-0.00709908850986	-0.00163607027619	0.0385978921772	-0.0542854134973	0.0261463432216	0.0214455182073	-0.085206349773	0.00552779797915	-0.00512110520883	0.0167711560654	-0.0490489178955	0.0171687941188	-0.0131630587234	-0.0210747625109	-0.025771037277	-0.0352633821309	0.000904488385142	-0.0198336769403	0.0227585354963	-0.0441543060201	0.00795769286957	0.0570171769518	-0.00549475611972	-0.0221867868143	-0.025057856768
k__Bacteria;p__Firmicutes;c__Clostridia;o__Clostridiales;f__Lachnospiraceae;g__Roseburia;s__Roseburia_intestinalis	-0.0479823902825	0.0268996445993	-0.0639944180322	-0.0375281980733	-0.0163257127609	0.101276531397	-0.0151314455563	-0.0245161655155	-0.0170925295247	0.0502367107633	0.00325931556836	-0.0789059780502	-0.0614277821863	-0.00109972115921	-0.0552993684383	-0.0147609036941	0.00264071173848	0.0372394983917	-0.0414760840728	0.0077815920383	-0.0412691914921	-0.0343272152773	-0.00106594137075	0.0235379294455	-0.0737249204104	0.0193708766838	1.0	0.00908453710048	-0.0142169278992	-0.014322253442	-0.0322812430027	-0.0297557670505	0.00166243576014	-0.018070806333	0.0467154472206	-0.00655324883805	0.0129065745334	0.0382262198646	-0.0116455847278	-0.0139531787405	-0.028893083491	-0.00511880011032	0.0231017967156	0.0410285494264	-0.0468554015261	-0.0362457646687	-0.0773869363874	-0.03027484613	0.0298720685599	-0.0274374405392	0.0245959865048	-0.0162497511887	0.0217066211064	-0.0258498783686	0.00546470365329	-0.0185934615492	-0.0452234678062	-0.0590682653555	0.00770022271654
k__Bacteria;p__Firmicutes;c__Clostridia;o__Clostridiales;f__Lachnospiraceae;g__Roseburia;s__Roseburia_hominis	0.0989040249842	0.00258520409023	-0.0222805701387	-0.0797929663498	-0.034837789627	-0.0472129713297	0.0666941824297	-0.0287188953032	-0.0447943001294	0.0290803946089	-0.0433629691186	-0.00730366382186	-0.0774831899276	-0.0527045335899	0.0134030375689	0.00242695578741	-0.0850834949424	-0.0638574098353	-0.0107542801915	-0.0727808071938	0.0381792596171	-0.0872441098916	0.0530739781818	0.0539495656801	0.045776191626	0.00738586296197	0.00908453710048	1.0	-0.0440781628877	-0.0418751349916	0.00765430000205	-0.00900419583669	-0.021121523351	0.0494296116334	-0.00144748583183	0.0196805355207	-0.0412208521961	-0.00325364190402	-0.0100738624545	0.0155647916919	-0.0929700861322	-0.014345998674	0.00679195149922	0.00520194899758	0.0141448607282	0.0154103008004	-0.0392670837711	0.00184696723113	0.000862619744176	-0.0367489656092	0.00764769367019	-0.0741998267674	-0.0916509810124	0.0311830935887	-0.0148163458938	-0.0298649770587	0.00966095355309	0.00379346553021	0.00198138128573
k__Bacteria;p__Bacteroidetes;c__Bacteroidia;o__Bacteroidales;f__Porphyromonadaceae;g__Parabacteroides;s__Parabacteroides_johnsonii	-0.0279788602215	-0.0256818146226	0.0177335758732	0.00394882828388	-0.101253328685	-0.108909393107	0.00157934604713	0.00891711672463	-0.00808169321071	-0.0422905513079	-0.0415841713296	0.0154264839386	-0.00954782711071	-0.0191810018814	0.0137401202227	-0.115163163209	-0.00953456409113	0.0126988930376	-0.00478969116808	-0.0269614338313	-0.0620999962861	-0.0357822311143	-0.0141215952818	0.0871262660221	-0.0116282568892	0.0157174755367	-0.0142169278992	-0.0440781628877	1.0	0.013442088139	-0.0855883717427	0.00452883501027	0.0754185314995	-0.0516628917354	0.0644871432527	-0.0246722600023	-0.014314544537	-0.01927621984	0.00354595912108	-0.0167103822335	-0.011649448078	-0.00171292917362	0.0027894015909	-0.0264514411333	0.021571757174	0.00100892352922	-0.0620360123397	0.00232848440863	-0.0215091818519	-0.000565223254206	0.0177319259794	-0.00771967319297	-0.0766630082748	0.00782694161741	0.0115514711357	-0.0580533304428	0.0642004748743	0.0531328127099	-0.000119691223391
k__Bacteria;p__Actinobacteria;c__Actinobacteria;o__Bifidobacteriales;f__Bifidobacteriaceae;g__Bifidobacterium;s__Bifidobacterium_longum	0.0340035137116	-0.0652441577764	-0.0158862962828	-0.0331560230641	0.0209180021109	0.0230311727846	0.0824754168405	-0.0044659840497	-0.019993112315	0.0211818769956	0.00844410932762	-0.0480366821895	0.0173362998592	0.0487240938378	0.0247734011678	-0.0910251657612	-0.0276352908374	-0.0404027086744	-0.000122685615683	-0.0334170431413	-0.0500654178423	-0.0558109997147	-0.0523088507931	-0.0703407709369	0.0136187389469	0.0183728542406	-0.014322253442	-0.0418751349916	0.013442088139	1.0	0.0685465540546	-0.01399933128	-0.0210740400898	-0.0131920156142	0.0177250147948	-0.00741530359911	0.0199407305755	-0.0304563620804	-0.0255969360651	-0.0473862146786	0.0232739740605	-0.116397347819	0.0279401472694	-0.0244732889551	0.026698941084	0.00558850231471	0.039943655699	-0.0791820496728	-0.105227696459	-0.0713031991106	0.0224681748362	-0.0235071937367	-0.0116324170159	0.0817609885232	-0.0209719770668	0.0144593649291	-0.0331006675894	-0.000968644819303	-0.000934984996859
