#taxonomy	k__Bacteria;p__Bacteroidetes;c__Bacteroidia;o__Bacteroidales;f__Bacteroidaceae;g__Bacteroides;s__Bacteroides_vulgatus	k__Bacteria;p__Bacteroidetes;c__Bacteroidia;o__Bacteroidales;f__Bacteroidaceae;g__Bacteroides;s__Bacteroides_uniformis	k__Bacteria;p__Bacteroidetes;c__Bacteroidia;o__Bacteroidales;f__Rikenellaceae;g__Alistipes;s__Alistipes_putredinis	k__Bacteria;p__Bacteroidetes;c__Bacteroidia;o__Bacteroidales;f__Prevotellaceae;g__Prevotella;s__Prevotella_copri	k__Bacteria;p__Bacteroidetes;c__Bacteroidia;o__Bacteroidales;f__Bacteroidaceae;g__Bacteroides;s__Bacteroides_stercoris	k__Bacteria;p__Bacteroidetes;c__Bacteroidia;o__Bacteroidales;f__Bacteroidaceae;g__Bacteroides;s__Bacteroides_ovatus	k__Bacteria;p__Bacteroidetes;c__Bacteroidia;o__Bacteroidales;f__Rikenellaceae;g__Alistipes;s__Alistipes_shahii	k__Bacteria;p__Firmicutes;c__Clostridia;o__Clostridiales;f__Ruminococcaceae;g__Faecalibacterium;s__Faecalibacterium_prausnitzii	k__Bacteria;p__Bacteroidetes;c__Bacteroidia;o__Bacteroidales;f__Rikenellaceae;g__Alistipes;s__Alistipes_finegoldii	k__Bacteria;p__Bacteroidetes;c__Bacteroidia;o__Bacteroidales;f__Porphyromonadaceae;g__Parabacteroides;s__Parabacteroides_distasonis	k__Bacteria;p__Bacteroidetes;c__Bacteroidia;o__Bacteroidales;f__Bacteroidaceae;g__Bacteroides;s__Bacteroides_thetaiotaomicron	k__Bacteria;p__Bacteroidetes;c__Bacteroidia;o__Bacteroidales;f__Bacteroidaceae;g__Bacteroides;s__Bacteroides_coprocola	k__Bacteria;p__Bacteroidetes;c__Bacteroidia;o__Bacteroidales;f__Bacteroidaceae;g__Bacteroides;s__Bacteroides_cellulosilyticus	k__Bacteria;p__Bacteroidetes;c__Bacteroidia;o__Bacteroidales;f__Rikenellaceae;g__Alistipes;s__Alistipes_obesi	k__Bacteria;p__Firmicutes;c__Clostridia;o__Clostridiales;f__Lachnospiraceae;g__;s__[Eubacterium]_rectale	k__Bacteria;p__Bacteroidetes;c__Bacteroidia;o__Bacteroidales;f__Bacteroidaceae;g__Bacteroides;s__Bacteroides_plebeius	k__Bacteria;p__Bacteroidetes;c__Bacteroidia;o__Bacteroidales;f__Bacteroidaceae;g__Bacteroides;s__Bacteroides_fragilis	k__Bacteria;p__Proteobacteria;c__Betaproteobacteria;o__Burkholderiales;f__Sutterellaceae;g__Sutterella;s__Sutterella_wadsworthensis	k__Bacteria;p__Bacteroidetes;c__Bacteroidia;o__Bacteroidales;f__Porphyromonadaceae;g__Barnesiella;s__Barnesiella_intestinihominis	k__Bacteria;p__Bacteroidetes;c__Bacteroidia;o__Bacteroidales;f__Odoribacteraceae;g__Odoribacter;s__Odoribacter_splanchnicus	k__Bacteria;p__Bacteroidetes;c__Bacteroidia;o__Bacteroidales;f__Bacteroidaceae;g__Bacteroides;s__Bacteroides_salyersiae	k__Bacteria;p__Firmicutes;c__Clostridia;o__Clostridiales;f__Ruminococcaceae;g__Ruminiclostridium;s__[Eubacterium]_siraeum	k__Bacteria;p__Proteobacteria;c__Betaproteobacteria;o__Burkholderiales;f__Sutterellaceae;g__Parasutterella;s__Parasutterella_excrementihominis	k__Bacteria;p__Actinobacteria;c__Actinobacteria;o__Bifidobacteriales;f__Bifidobacteriaceae;g__Bifidobacterium;s__Bifidobacterium_adolescentis	k__Bacteria;p__Firmicutes;c__Clostridia;o__Clostridiales;f__Oscillospiraceae;g__Oscillibacter;s__Oscillibacter_sp._KLE_1745	k__Bacteria;p__Bacteroidetes;c__Bacteroidia;o__Bacteroidales;f__Bacteroidaceae;g__Bacteroides;s__Bacteroides_coprophilus	k__Bacteria;p__Firmicutes;c__Clostridia;o__Clostridiales;f__Lachnospiraceae;g__Roseburia;s__Roseburia_intestinalis	k__Bacteria;p__Firmicutes;c__Clostridia;o__Clostridiales;f__Lachnospiraceae;g__Roseburia;s__Roseburia_hominis	k__Bacteria;p__Bacteroidetes;c__Bacteroidia;o__Bacteroidales;f__Porphyromonadaceae;g__Parabacteroides;s__Parabacteroides_johnsonii	k__Bacteria;p__Actinobacteria;c__Actinobacteria;o__Bifidobacteriales;f__Bifidobacteriaceae;g__Bifidobacterium;s__Bifidobacterium_longum	k__Bacteria;p__Firmicutes;c__Clostridia;o__Clostridiales;f__;g__Flavonifractor;s__Flavonifractor_plautii	k__Bacteria;p__Firmicutes;c__Clostridia;o__Clostridiales;f__Clostridiaceae;g__Clostridium;s__Clostridium_phoceensis	k__Bacteria;p__Verrucomicrobia;c__Verrucomicrobiae;o__Verrucomicrobiales;f__Akkermansiaceae;g__Akkermansia;s__Akkermansia_muciniphila	k__Bacteria;p__Bacteroidetes;c__Bacteroidia;o__Bacteroidales;f__Prevotellaceae;g__Paraprevotella;s__Paraprevotella_xylaniphila	k__Bacteria;p__Firmicutes;c__Clostridia;o__Clostridiales;f__Ruminococcaceae;g__Ruminococcus;s__Ruminococcus_callidus	k__Bacteria;p__Bacteroidetes;c__Bacteroidia;o__Bacteroidales;f__Rikenellaceae;g__Alistipes;s__Alistipes_senegalensis	k__Bacteria;p__Firmicutes;c__Clostridia;o__Clostridiales;f__Lachnospiraceae;g__Blautia;s__Blautia_sp._KLE_1732	k__Bacteria;p__Bacteroidetes;c__Bacteroidia;o__Bacteroidales;f__Bacteroidaceae;g__Bacteroides;s__Bacteroides_oleiciplenus	k__Bacteria;p__Firmicutes;c__Clostridia;o__Clostridiales;f__Ruminococcaceae;g__Ruminococcus;s__Ruminococcus_bicirculans	k__Bacteria;p__Bacteroidetes;c__Bacteroidia;o__Bacteroidales;f__Bacteroidaceae;g__Bacteroides;s__Bacteroides_fluxus	k__Bacteria;p__Bacteroidetes;c__Bacteroidia;o__Bacteroidales;f__Prevotellaceae;g__Prevotella;s__Prevotella_stercorea	k__Bacteria;p__Firmicutes;c__Clostridia;o__Clostridiales;f__Lachnospiraceae;g__Dorea;s__Dorea_longicatena	k__Bacteria;p__Firmicutes;c__Clostridia;o__Clostridiales;f__Eubacteriaceae;g__Eubacterium;s__[Eubacterium]_eligens	k__Bacteria;p__Firmicutes;c__Clostridia;o__Clostridiales;f__Ruminococcaceae;g__;s__Ruminococcaceae_bacterium_D16	k__Bacteria;p__Firmicutes;c__Clostridia;o__Clostridiales;f__Lachnospiraceae;g__Coprococcus;s__Coprococcus_comes	k__Bacteria;p__Proteobacteria;c__Gammaproteobacteria;o__Enterobacterales;f__Enterobacteriaceae;g__Escherichia;s__Escherichia_coli	k__Bacteria;p__Firmicutes;c__Clostridia;o__Clostridiales;f__Ruminococcaceae;g__Anaerotruncus;s__Anaerotruncus_colihominis	k__Bacteria;p__Firmicutes;c__Clostridia;o__Clostridiales;f__Lachnospiraceae;g__Blautia;s__Blautia_obeum	k__Bacteria;p__Bacteroidetes;c__Bacteroidia;o__Bacteroidales;f__Odoribacteraceae;g__Odoribacter;s__Odoribacter_laneus	k__Bacteria;p__Firmicutes;c__Clostridia;o__Clostridiales;f__Ruminococcaceae;g__Ruminiclostridium;s__[Clostridium]_leptum	k__Bacteria;p__Bacteroidetes;c__Bacteroidia;o__Bacteroidales;f__Porphyromonadaceae;g__Parabacteroides;s__Parabacteroides_goldsteinii	k__Bacteria;p__Firmicutes;c__Clostridia;o__Clostridiales;f__Lachnospiraceae;g__Anaerostipes;s__Anaerostipes_hadrus	k__Bacteria;p__Firmicutes;c__Clostridia;o__Clostridiales;f__Ruminococcaceae;g__Ruminococcus;s__Ruminococcus_lactaris	k__Bacteria;p__Firmicutes;c__Clostridia;o__Clostridiales;f__Clostridiaceae;g__Clostridium;s__Clostridium_sp._L2-50	k__Bacteria;p__Firmicutes;c__Clostridia;o__Clostridiales;f__Clostridiaceae;g__Clostridium;s__Clostridium_sp._M62/1	k__Bacteria;p__Firmicutes;c__Clostridia;o__Clostridiales;f__;g__Intestinimonas;s__Intestinimonas_butyriciproducens	k__Bacteria;p__Actinobacteria;c__Actinobacteria;o__Bifidobacteriales;f__Bifidobacteriaceae;g__Bifidobacterium;s__Bifidobacterium_bifidum	k__Bacteria;p__Firmicutes;c__Negativicutes;o__Veillonellales;f__Veillonellaceae;g__Dialister;s__Dialister_invisus	k__Bacteria;p__Bacteroidetes;c__Bacteroidia;o__Bacteroidales;f__Bacteroidaceae;g__Bacteroides;s__Bacteroides_salanitronis
k__Bacteria;p__Bacteroidetes;c__Bacteroidia;o__Bacteroidales;f__Bacteroidaceae;g__Bacteroides;s__Bacteroides_vulgatus	1.0	0.0315709969163	0.0486871788991	-0.00593706722417	-0.00194021671491	0.00567172309559	-0.0217695713243	-0.0211679516661	0.0174027087339	0.0102840921459	0.0712386155443	-0.0142923318042	-0.0440610362375	0.0751177434639	0.0424547133085	-0.0193191091398	0.0507219193327	-0.0131426630932	0.0243261088312	0.0255699097681	0.0081171882717	0.0267719999388	0.0108059565399	-0.0304383615857	0.0046242253759	-0.0192029120041	-0.0393890763558	0.0368024076035	-0.097294432311	-0.0736617651007	-0.0269360101102	-0.0690505796068	-0.00778491955175	-0.0166251422483	-0.031990758383	-0.0309336286105	-0.0117197384985	-0.0211344155566	-0.0557427748541	0.0231962561766	0.0123655781553	-0.018419448434	0.00211851397941	-0.042615159809	0.0272785884451	-0.0303575973613	-0.0106312752305	-0.0213898232516	-0.00227861196045	0.00467804959254	0.00061085599543	-0.0277599244035	-0.0330211922038	0.008881713953	0.0687039389317	-0.0189809608065	-0.103536292283	0.0315975080984	-0.00112437395569
k__Bacteria;p__Bacteroidetes;c__Bacteroidia;o__Bacteroidales;f__Bacteroidaceae;g__Bacteroides;s__Bacteroides_uniformis	0.0315709969163	1.0	-0.00605082724098	0.0406159534812	0.0325026627365	0.000373585699688	-0.0849005732955	-0.0201838573314	-0.00394669227063	-0.0836560708675	-0.0192585668651	-0.0155160066116	-0.00113758380436	-0.08484850737	0.0153719498853	-0.024641591846	-0.0155034096846	-0.0726172420246	0.0395691728527	-0.03470422521	0.0107805344318	-0.0347568055016	-0.0658728975172	-0.0233113984582	-0.0372196397138	-0.0483925991026	-0.0719725002773	-0.0226720961563	0.0183494662551	0.0303218909839	0.0328584984207	0.064747848464	-0.0678298097799	0.00881557680781	0.0438534195453	-0.059697803106	-0.0544205611677	-0.0249243887124	0.00126111844762	-0.0277606712304	-0.00335621022118	0.0195575861564	0.0317694093589	0.000785386722424	-0.025006424262	-0.00746560317676	0.00381481458141	0.0261181130619	-0.0441092706952	-0.0383957758622	0.0417429519135	0.0205979797657	-0.0337489535179	-0.0221217776437	-0.0527286776418	-0.038062215502	-0.0500050657803	0.0681267062412	0.0431513129184
k__Bacteria;p__Bacteroidetes;c__Bacteroidia;o__Bacteroidales;f__Rikenellaceae;g__Alistipes;s__Alistipes_putredinis	0.0486871788991	-0.00605082724098	1.0	0.0228795264964	0.0199281738182	-0.0199214516887	-0.0302294231344	-0.0205338559046	0.0113537442742	-0.0118497028039	-0.0159947479473	0.0613375396848	-0.0749395610681	-0.000127604021022	-0.0348283545076	-0.0189211392233	0.0186147287788	0.0500177512652	-0.00115775893963	0.00660020309875	-0.000925775552609	-0.0345960377482	0.0191566829171	0.0703366905469	-0.0280421411302	-0.146043133809	-0.0589826814245	-0.0519589528131	-0.00435011518283	-0.0823054486339	0.0813697601417	-0.0336283083616	-0.0121139359681	-0.0419615244053	-0.043728528864	0.00382420791583	0.0160524624504	-0.044208896439	0.017228228294	-0.0307045444689	-0.0726547168617	-0.0759428459798	-0.0118324545643	-0.0102528870515	-0.103909884535	-0.00792503850016	-0.0120967325085	-0.0619504545043	-0.051484806899	-0.0732869191451	-0.0155278186472	0.014912336443	-0.0190253365697	0.00265678665093	0.03431682109	-0.0882132331728	-0.0132640990058	-0.00822474969257	-0.0826584457836
k__Bacteria;p__Bacteroidetes;c__Bacteroidia;o__Bacteroidales;f__Prevotellaceae;g__Prevotella;s__Prevotella_copri	-0.00593706722417	0.0406159534812	0.0228795264964	1.0	0.016578745894	-0.00619727675577	0.0299430406018	-0.0382118238522	0.038339608086	-0.0179841322348	-0.0363992909088	0.00153524285055	-0.0226365418528	0.00251184069016	-0.00703765372378	0.0192810808996	-0.0489926388627	-0.00959917736809	-0.0392288329534	0.00577132430216	-0.0244027225166	-0.00532370463766	-0.00461930323377	0.00442415021468	-0.0339858981866	0.000481284865352	-0.0165778245218	0.0296179218047	-0.0606128172368	0.00314499300084	0.00557984414261	-0.0789763495666	-0.00386324488327	0.0326256748449	0.005942145497	-0.0442364120698	0.0520930787497	0.0207427293833	-0.0233033588235	-0.0645010486257	-0.0113438011745	-0.029212211518	-0.0151287086087	-0.0509783437487	-0.0162657697742	0.100243918351	-0.0408218820913	0.0670483607348	0.0446215562913	-0.0136544862578	-0.0664180618362	-0.0145876675888	-0.0184344874544	-0.0451466671557	-0.0425169462457	-0.00639446333935	-0.0126183196019	-0.0184167083855	-0.000946303037335
k__Bacteria;p__Bacteroidetes;c__Bacteroidia;o__Bacteroidales;f__Bacteroidaceae;g__Bacteroides;s__Bacteroides_stercoris	-0.00194021671491	0.0325026627365	0.0199281738182	0.016578745894	1.0	0.0131001791591	-0.0789569079103	-0.0110669406279	-0.00414295919283	0.00632792102752	-0.0451007819735	-0.0450984355912	0.0122310793547	-0.0222602172988	0.0312839425542	0.0262335049692	-0.0890377016401	-0.00634522914665	0.00381832182371	-0.0111385753632	0.0373890171314	-0.0436630640484	0.053009178485	-0.0897362335772	-0.0466522445271	-0.0617954834518	-0.00457670952399	-0.00566539211772	0.0407094994467	0.0415192545124	-0.0304513977893	-0.00692925057368	-0.00651734435697	0.00152530202412	0.109166324895	-0.00385850847464	0.00481822388679	0.0153761655583	-0.0961625618876	-0.0421541735832	-0.0692677085499	-0.0270176060928	-0.0390000665001	-0.0121348043066	-0.0781413188668	0.0147616596828	-0.0150669031561	-0.0823581779428	0.00306010657146	-0.0449893990177	0.0598145463342	0.0351084947509	-0.0115430497577	0.00457033985169	-0.00404011202063	0.00359721947785	-0.0363656584291	-0.0253373005414	-0.0690159873028
k__Bacteria;p__Bacteroidetes;c__Bacteroidia;o__Bacteroidales;f__Bacteroidaceae;g__Bacteroides;s__Bacteroides_ovatus	0.00567172309559	0.000373585699688	-0.0199214516887	-0.00619727675577	0.0131001791591	1.0	-0.0197005462382	-0.0286852942107	-0.0258134272255	0.0200256774763	0.00995801947002	-0.0577401335313	0.00784462841085	-0.0735321370924	0.019860785195	0.00911833100932	0.0786442371566	0.0021161453259	-0.058644976276	0.018807083106	-0.0414277119552	-0.0408996854926	-0.0234822499798	-0.0548755603221	0.0340881815632	-0.0709766462389	0.00397792142667	0.0242166421329	0.0457911003107	0.0551777105034	0.0234090362195	0.031013293767	0.0333759497905	0.0618912916404	-0.0266240246836	-0.0256083526617	-0.00437752912736	0.025967815775	0.0231490174734	-0.00504957514658	-0.0327561711907	-0.0441385475432	-0.0471564077502	-0.0325213545452	-0.0151735670003	0.00654560389026	0.000515833561908	0.0331201816835	-0.00525901765418	-0.0143101871648	0.0243444185964	-0.0572015779967	-0.0647863598247	-0.0150455503387	-0.0173448834738	-0.0120784261055	-0.0703927898611	-0.0153093012881	-0.0130182497513
k__Bacteria;p__Bacteroidetes;c__Bacteroidia;o__Bacteroidales;f__Rikenellaceae;g__Alistipes;s__Alistipes_shahii	-0.0217695713243	-0.0849005732955	-0.0302294231344	0.0299430406018	-0.0789569079103	-0.0197005462382	1.0	-0.0602395160951	-0.0177177552332	-0.0155383442503	-0.0599306078541	0.0327717013308	-0.0231323111343	-0.00745249024678	-0.0263170646001	-0.033018866472	0.00681093090646	0.00549874486302	0.0624228494064	-0.0594785289136	-0.0267882037612	-0.0643102709059	-0.0067796390508	-0.047286488349	-0.0433127172019	-0.0316119271214	0.0568691196719	0.00634213143269	0.0100239314009	-0.00758367241141	-0.00154756545303	-0.0383875270425	0.0577842075545	0.116712127663	-0.0123718825407	-0.0133197872775	0.0131059878162	0.00948577228562	-0.00695989788339	0.00821585895872	0.0216407540567	0.0496592759959	0.0457053208487	0.0187451989224	0.000262050948449	-0.0482746675091	0.0103786295461	-0.0172243539466	0.00976495197288	-0.0601147971885	-0.00217967852138	-0.0779819324058	-0.0592465839823	-0.0772314834856	0.0349105639517	0.0112290713794	-0.00388108285011	-0.0386766887796	0.00106263748314
k__Bacteria;p__Firmicutes;c__Clostridia;o__Clostridiales;f__Ruminococcaceae;g__Faecalibacterium;s__Faecalibacterium_prausnitzii	-0.0211679516661	-0.0201838573314	-0.0205338559046	-0.0382118238522	-0.0110669406279	-0.0286852942107	-0.0602395160951	1.0	-0.0196781778915	0.00160753718584	-0.0183943523703	0.00583797579395	-0.0216291457559	-0.0414400913376	0.00157827757638	-0.0121899757326	-0.00778546498732	-0.0368148196357	-0.0346070606559	0.0438710538395	0.0372880608066	-0.00195281157229	0.0299652898134	0.0205235821788	-0.0260235773078	0.00415322463637	0.0165807235468	-0.0608161078018	-0.0202896008989	-0.0756030480218	-0.0266271173417	-0.0414298119278	-0.0253911341516	-0.0100090180657	0.0148114126649	-0.0488525751528	0.0814507850953	-0.0334166141888	0.0471806838185	-0.0104634479957	0.019719571987	-0.0306049631537	0.0186407963336	0.016880572855	-0.0281423783874	0.0258133404688	-0.0192057188392	0.0278451403388	0.00490021654431	0.000889043145265	-0.0299705684716	0.0349251205568	0.0148632137688	-0.0101659940418	-0.128830102507	-0.0750674490283	-0.0469801646134	-0.0261104939143	0.0274145077722
k__Bacteria;p__Bacteroidetes;c__Bacteroidia;o__Bacteroidales;f__Rikenellaceae;g__Alistipes;s__Alistipes_finegoldii	0.0174027087339	-0.00394669227063	0.0113537442742	0.038339608086	-0.00414295919283	-0.0258134272255	-0.0177177552332	-0.0196781778915	1.0	0.034283930401	0.0420673369455	-0.0167479304049	0.00820439824272	-0.0416737729136	0.0285410753133	0.0236198695874	-0.023365173564	-0.0193937404178	-0.0706769814756	-0.0119197651922	-0.0511800532982	-0.0104618671856	-0.0238203703725	-0.0213824444387	-0.0629088493655	-0.0145571064402	-0.0409811989875	-0.0575530741804	0.0767150390992	-0.012189629102	-0.0477117212697	-0.0933832120798	-0.0184699404203	-0.00534850622152	-0.00475538185906	0.0145795169358	-0.0366241550667	-0.0295527850493	-0.018380446806	-0.012132353529	-0.0484368974168	-0.00588866014636	-0.0414805438245	-0.0430931465126	0.0220237491101	-0.0157751732833	-0.000681027913336	0.0188450790154	-0.0517650462156	0.0514605449302	-0.0413890453043	-0.0148384136644	-0.0275994074664	0.0681073855255	0.0798605072522	-0.0521201534775	0.0166034117499	0.00432060054815	0.0330348471765
k__Bacteria;p__Bacteroidetes;c__Bacteroidia;o__Bacteroidales;f__Porphyromonadaceae;g__Parabacteroides;s__Parabacteroides_distasonis	0.0102840921459	-0.0836560708675	-0.0118497028039	-0.0179841322348	0.00632792102752	0.0200256774763	-0.0155383442503	0.00160753718584	0.034283930401	1.0	-0.00302906516724	-0.0005801285754	-0.0251629284119	-0.0174311549654	-0.00566044616585	0.039452823817	0.0149943737522	0.0103785595481	-0.0465755297127	-0.00501125311721	0.0238289676782	-0.0242462230929	0.0683286571093	0.051629083989	-0.00320214469081	0.0331772429453	-0.0204831707777	-0.0363448427345	-0.000833838690388	-0.00720808965117	0.0223557455479	-0.0331649377122	-0.0286467949361	0.0339928486009	-0.062018046762	0.000988851676027	0.0384734890447	-0.0170876039003	0.004920672044	0.00512383816326	0.0157236818595	0.0453459533005	-0.0441009690571	0.0579572991209	0.0177833763016	0.0510150791449	-0.0419140486014	-0.0840836442841	0.0701224536258	-0.0156285867357	-0.0855371308893	0.0096087707399	-0.0194583067233	-0.0645647275598	0.0383191481903	-0.0625562568575	-0.0226467443424	-0.000719897638761	-0.0101330250467
k__Bacteria;p__Bacteroidetes;c__Bacteroidia;o__Bacteroidales;f__Bacteroidaceae;g__Bacteroides;s__Bacteroides_thetaiotaomicron	0.0712386155443	-0.0192585668651	-0.0159947479473	-0.0363992909088	-0.0451007819735	0.00995801947002	-0.0599306078541	-0.0183943523703	0.0420673369455	-0.00302906516724	1.0	-0.0285837198395	-0.0893062924097	0.00965369362287	0.00185658117911	-0.0581385198426	-0.0285648563139	-0.00820173681833	-0.0713787127628	0.0149539970795	0.0230035774453	0.0345053971806	-0.0624206564365	-0.0001254207774	0.0166102482636	0.00288949446334	0.0193587300121	0.0296421171568	-0.100065082837	-0.0249615847654	0.0214378638088	-0.0077569159599	0.00670492940282	-0.0369282459472	0.0356342708251	-0.0427216448658	0.0143530981206	-0.0716915594327	-0.027026726269	0.0296228185835	-0.0102844265118	0.0425458336045	0.00187298654155	-0.0363567956025	-0.014186824913	-0.0699148918182	0.0181506936873	0.0505279620482	-0.0483143702937	0.0283926680734	-0.027957927949	0.00853855807989	-0.00171986341899	0.0244411870837	-0.0491403346227	0.0266852246709	-0.00248611954146	0.0795137449832	0.0214780591482
k__Bacteria;p__Bacteroidetes;c__Bacteroidia;o__Bacteroidales;f__Bacteroidaceae;g__Bacteroides;s__Bacteroides_coprocola	-0.0142923318042	-0.0155160066116	0.0613375396848	0.00153524285055	-0.0450984355912	-0.0577401335313	0.0327717013308	0.00583797579395	-0.0167479304049	-0.0005801285754	-0.0285837198395	1.0	-0.0454286158568	0.00917364029061	-0.0185003670699	-0.0466306318523	-0.00602086891275	0.00643232550566	0.060225384474	0.0193553210189	-0.0706020570621	-0.0891212419002	0.00135146069448	0.0393719426804	0.00916723752836	-0.0575518431542	-0.0503279666471	0.0249979910123	0.0368795764364	-0.0572442187802	-0.00348031898451	0.0315179615911	0.0388570938093	-0.0275468611626	-0.000529403456906	-0.0316345663308	0.0192559921352	-0.0161286738315	0.0284279672318	0.068964806803	-0.0901621998406	-0.0394564821515	-0.0499896629965	-0.087637435105	-0.0289940404479	0.0168914695619	0.021166957698	-0.00488431999249	0.00852766498118	-0.0160552473261	-0.0775417833838	0.0272293586946	-0.0701643521755	-0.0160367052343	-0.0486908313308	-0.0178207398009	0.0752327378244	0.0184437927354	-0.0415174363319
k__Bacteria;p__Bacteroidetes;c__Bacteroidia;o__Bacteroidales;f__Bacteroidaceae;g__Bacteroides;s__Bacteroides_cellulosilyticus	-0.0440610362375	-0.00113758380436	-0.0749395610681	-0.0226365418528	0.0122310793547	0.00784462841085	-0.0231323111343	-0.0216291457559	0.00820439824272	-0.0251629284119	-0.0893062924097	-0.0454286158568	1.0	-0.0197706713443	0.0153461786679	-0.0607324725427	-0.0414723245182	-0.0517484735854	0.0536914048185	0.0333155881819	0.0496204352789	0.0376683887534	-0.00954625594829	-0.00520347985041	0.00101704082313	-0.0319339792023	0.00010640246339	-0.0641267639025	0.00147328092446	-0.00886790356142	0.0745226281073	-0.0813337240226	-0.00947328707306	-0.00573004594358	-0.0508077577474	-0.0055469912519	0.0052519548729	-0.0740409020449	0.0641477418486	0.00274909392164	0.000483168275677	0.00430989384302	0.000132336868846	-0.00424510892515	-0.0224956202521	-0.0165862106273	-0.0315804298978	-0.0514080483813	-0.0212755130584	-0.0199682938008	-0.00908760079998	0.0450985772083	-0.033806945429	0.0493894446514	-0.000148029273632	0.0126903069078	-0.0133840315178	0.020046616166	-0.0430264869275
k__Bacteria;p__Bacteroidetes;c__Bacteroidia;o__Bacteroidales;f__Rikenellaceae;g__Alistipes;s__Alistipes_obesi	0.0751177434639	-0.08484850737	-0.000127604021022	0.00251184069016	-0.0222602172988	-0.0735321370924	-0.00745249024678	-0.0414400913376	-0.0416737729136	-0.0174311549654	0.00965369362287	0.00917364029061	-0.0197706713443	1.0	-0.0685472917065	-0.138932690581	-0.0828741493597	-0.078725603061	-0.102486776884	-0.0254939381834	-0.00644118914597	0.00600604297798	-0.0299199215029	-0.0256748928294	0.0518690227325	-0.0536968660427	0.00369808372437	0.00945162707518	0.022530947401	-0.0363864314668	0.0144838860155	0.0375701941625	0.0168515119912	-0.0526199350725	-0.0204395156833	0.0118988484857	0.13475981207	-0.0263800677884	-0.0263734996052	-0.00229306237717	-0.0650457563138	-0.0302497876045	0.0544006715398	0.0232157024991	-0.00525985080675	0.0320467338592	0.0233512258351	-0.00205032513269	-0.0210147099216	0.00484172746606	0.0336058418982	-0.0067592955355	0.020716463783	0.066375483014	-0.00912686664385	-5.88761526022e-06	0.044562272835	-0.0793112661775	0.0280343381387
k__Bacteria;p__Firmicutes;c__Clostridia;o__Clostridiales;f__Lachnospiraceae;g__;s__[Eubacterium]_rectale	0.0424547133085	0.0153719498853	-0.0348283545076	-0.00703765372378	0.0312839425542	0.019860785195	-0.0263170646001	0.00157827757638	0.0285410753133	-0.00566044616585	0.00185658117911	-0.0185003670699	0.0153461786679	-0.0685472917065	1.0	-0.0486209290642	0.0621910285725	-0.0573739669024	-0.0232210442557	0.0404014555443	-0.050040077394	0.0631515272156	0.0346278507934	-0.0615487191864	-0.00585666705413	0.00394304507526	-0.029679274757	0.0382915911657	0.013804755599	-0.0491596104741	0.0151092791459	-0.000779011569318	-0.0768927558859	0.0042106164543	-0.0234442611533	0.00190973108699	-0.0099179905418	-0.00954689288929	-0.022025159147	0.0070892849079	-0.0319284619343	-0.0765035483738	0.00585975769167	0.00690979784321	-0.0131579203227	-0.0481390112826	-0.0243063347552	-0.0980928324205	0.0185901989447	-0.014004258196	0.0305653403213	-0.0773205394936	0.0258626411296	-0.00395389730006	0.0452910306506	-0.0741302735492	-0.0222758874292	0.000726892981865	-0.10348910185
k__Bacteria;p__Bacteroidetes;c__Bacteroidia;o__Bacteroidales;f__Bacteroidaceae;g__Bacteroides;s__Bacteroides_plebeius	-0.0193191091398	-0.024641591846	-0.0189211392233	0.0192810808996	0.0262335049692	0.00911833100932	-0.033018866472	-0.0121899757326	0.0236198695874	0.039452823817	-0.0581385198426	-0.0466306318523	-0.0607324725427	-0.138932690581	-0.0486209290642	1.0	-0.0239891095359	0.0295289443387	-0.022924237201	0.00733610275203	0.00610585679266	-0.0725545581466	-0.047887555086	-0.0619757119219	-0.0108971183363	-0.0255167478185	-0.0201292080969	-0.0872285472471	0.0203541091056	0.0336099320221	-0.0213249412321	-0.0731692045539	0.057033327883	0.0398224210649	-0.000287419292973	0.0823633154446	-0.0345026560909	0.0316364644132	-0.0140920137744	-0.0426373474508	-0.0610457574966	0.00834789810624	-0.0839245727114	-0.00975866959298	0.0319331343412	0.0174540018727	-0.0441974723706	0.0476685202074	0.0153200318725	-0.00278193715771	-0.0265628057572	0.0335197102789	-0.0471728963364	0.00167040757583	0.0270408071133	-0.0213966017354	0.0186116338889	-0.0190733360933	0.0247306019046
k__Bacteria;p__Bacteroidetes;c__Bacteroidia;o__Bacteroidales;f__Bacteroidaceae;g__Bacteroides;s__Bacteroides_fragilis	0.0507219193327	-0.0155034096846	0.0186147287788	-0.0489926388627	-0.0890377016401	0.0786442371566	0.00681093090646	-0.00778546498732	-0.023365173564	0.0149943737522	-0.0285648563139	-0.00602086891275	-0.0414723245182	-0.0828741493597	0.0621910285725	-0.0239891095359	1.0	0.00186305268366	0.0455802650881	0.0224000334673	-0.046706245313	-0.00192950312585	-0.0657298613227	-0.0480532580696	-0.0218429062654	-0.0483365117645	-0.0426225490631	0.00295327137957	0.0367099369651	-0.0744860907162	-0.00921852471084	-0.046819960828	-0.0512450896353	0.0412349231309	-0.0762330246	0.010381166448	-0.0267157644252	0.0671014627153	-0.0512198434666	-0.0132424344329	-0.0278458801567	0.0270040346633	-0.0164872761354	-0.0127382197594	0.0239115207474	0.0268165178967	0.0161737278491	0.0445855317249	-0.0425142969877	0.0379155376105	-0.00394689582695	-0.0112406074502	-0.0698901013491	0.0871311058807	0.051954186522	-0.00606476711534	0.11954341837	-0.036941853557	-0.0194381002217
k__Bacteria;p__Proteobacteria;c__Betaproteobacteria;o__Burkholderiales;f__Sutterellaceae;g__Sutterella;s__Sutterella_wadsworthensis	-0.0131426630932	-0.0726172420246	0.0500177512652	-0.00959917736809	-0.00634522914665	0.0021161453259	0.00549874486302	-0.0368148196357	-0.0193937404178	0.0103785595481	-0.00820173681833	0.00643232550566	-0.0517484735854	-0.078725603061	-0.0573739669024	0.0295289443387	0.00186305268366	1.0	-0.0424856146896	0.0165748990067	0.00231404899989	-0.00580974972146	-0.0488600550415	0.0103471335224	0.00268280351483	-0.00579838116897	0.0270626399244	-0.00918318133019	-0.00904836111978	-0.0292890937164	-0.0587583344905	0.0334714344208	0.0622111717211	-0.0734426307232	9.54971742166e-05	-0.0522335679257	0.0129072597773	0.026684539326	-0.0208628813918	-0.00487688271864	-0.0121548997557	-0.0150093245234	-0.00412648610527	-0.0384060505909	0.0381319186501	-0.0138105678977	-0.0110100758508	-0.0461576207278	0.0116358722535	0.0817350685899	0.0592309698836	-0.0968881612294	-0.0411880157578	0.0152869167559	-0.00884232847253	-0.0528581215816	-0.0185231510155	0.0174997099129	0.0126609772418
k__Bacteria;p__Bacteroidetes;c__Bacteroidia;o__Bacteroidales;f__Porphyromonadaceae;g__Barnesiella;s__Barnesiella_intestinihominis	0.0243261088312	0.0395691728527	-0.00115775893963	-0.0392288329534	0.00381832182371	-0.058644976276	0.0624228494064	-0.0346070606559	-0.0706769814756	-0.0465755297127	-0.0713787127628	0.060225384474	0.0536914048185	-0.102486776884	-0.0232210442557	-0.022924237201	0.0455802650881	-0.0424856146896	1.0	-0.0438736791834	0.000709437500579	0.0164806630633	-0.0156910376516	-0.0248566221141	0.0282360208361	0.000117138211448	0.00678022896131	0.00668348231732	0.0125903839835	-0.00133156549258	0.0188983513761	-0.0367411318296	-0.00249065909102	-0.0204220435782	0.0251812108052	-0.0889734672777	0.0242311725597	0.0304378425946	-0.0978096132224	-0.0792883684082	-0.0655175308503	-0.0205623739111	-0.0176125992318	0.0169704219525	-0.059430578286	0.0131797723054	-0.0346167791314	0.0175656678703	0.0178040125796	0.0440435252407	-0.00215252680197	-0.0704395163241	0.00439099482164	-0.0486879729386	0.0640681421479	0.0441915016733	0.0225901946864	-0.0154834465255	-0.0786119985909
k__Bacteria;p__Bacteroidetes;c__Bacteroidia;o__Bacteroidales;f__Odoribacteraceae;g__Odoribacter;s__Odoribacter_splanchnicus	0.0255699097681	-0.03470422521	0.00660020309875	0.00577132430216	-0.0111385753632	0.018807083106	-0.0594785289136	0.0438710538395	-0.0119197651922	-0.00501125311721	0.0149539970795	0.0193553210189	0.0333155881819	-0.0254939381834	0.0404014555443	0.00733610275203	0.0224000334673	0.0165748990067	-0.0438736791834	1.0	-0.0473821578608	0.0148028082603	-0.0182462899169	0.039577869054	0.00786766527029	0.0333564632802	0.0589263587878	-0.0516392651357	0.00988106191327	0.023071472027	0.00618931272703	0.0384217006454	-0.0298990386747	-0.0264932921344	-0.0271114338551	-0.106366422676	-0.0934183110692	0.00888127067438	0.0316905739582	-0.0113707463481	-0.0135371784562	-0.0280088448978	0.000748917790816	-0.0134774033424	-0.0388525362285	0.0420034906797	-0.136968146691	0.00718509875813	0.0359316687741	0.00149524463082	-0.0485454047277	-0.0121055516251	0.0103647114343	-0.0316985219832	-0.0424426187413	0.0266455022183	-0.032853714258	-0.0318259528931	-0.0290096685386
k__Bacteria;p__Bacteroidetes;c__Bacteroidia;o__Bacteroidales;f__Bacteroidaceae;g__Bacteroides;s__Bacteroides_salyersiae	0.0081171882717	0.0107805344318	-0.000925775552609	-0.0244027225166	0.0373890171314	-0.0414277119552	-0.0267882037612	0.0372880608066	-0.0511800532982	0.0238289676782	0.0230035774453	-0.0706020570621	0.0496204352789	-0.00644118914597	-0.050040077394	0.00610585679266	-0.046706245313	0.00231404899989	0.000709437500578	-0.0473821578608	1.0	0.0678228003247	0.0382200379313	0.00981007577802	-0.0897424584095	-0.0181000906289	-0.000419912042819	-0.0478626620657	0.00421634855623	0.0238002778613	-0.0436550048753	-0.0644880122272	0.0113359494001	-0.0262183517432	0.043502670512	-0.0236431877071	0.0145189766282	0.0191213671012	0.0157746097684	0.00278553179524	-0.0185793083745	-0.0541458903947	-0.0264360506483	0.0798983810345	0.0212014520094	-0.138507867935	-0.00395253638341	-0.0405637756497	-0.0215250069862	0.028329754695	0.044625635129	-0.00543812556637	0.0581525568692	0.00337514652924	-0.0450356645583	-0.0151776404834	0.0254092697088	-0.0977276541874	-0.02314311466
k__Bacteria;p__Firmicutes;c__Clostridia;o__Clostridiales;f__Ruminococcaceae;g__Ruminiclostridium;s__[Eubacterium]_siraeum	0.0267719999388	-0.0347568055016	-0.0345960377482	-0.00532370463766	-0.0436630640484	-0.0408996854926	-0.0643102709059	-0.00195281157229	-0.0104618671856	-0.0242462230929	0.0345053971806	-0.0891212419002	0.0376683887534	0.00600604297798	0.0631515272156	-0.0725545581466	-0.00192950312585	-0.00580974972146	0.0164806630633	0.0148028082603	0.0678228003247	1.0	-0.0265704034561	0.0319008563589	-0.106414263622	0.0359497988278	0.0146196400365	0.0364030729942	0.0333137572463	-0.0396215083611	-0.0260755779235	0.00360300041766	-0.015493308708	0.0361195785647	0.00361251044925	0.00154242347565	-0.0213002944511	-0.0364729019713	0.00219820824757	-0.0300118412122	0.049646390072	-7.23166496286e-05	0.0160320903245	-0.0317358752255	-0.0265982264689	0.00413809078655	-0.0147327997444	-0.00271437063668	0.0841806513111	-0.0342953213322	0.0312139474183	-0.064890453526	0.0627973232947	-0.0221576494834	-0.0406449257547	-0.0703996755455	-0.00688280115385	0.00469944404449	-0.0214463405512
k__Bacteria;p__Proteobacteria;c__Betaproteobacteria;o__Burkholderiales;f__Sutterellaceae;g__Parasutterella;s__Parasutterella_excrementihominis	0.0108059565399	-0.0658728975172	0.0191566829171	-0.00461930323377	0.053009178485	-0.0234822499798	-0.0067796390508	0.0299652898134	-0.0238203703725	0.0683286571093	-0.0624206564365	0.00135146069448	-0.00954625594829	-0.0299199215029	0.0346278507934	-0.047887555086	-0.0657298613227	-0.0488600550415	-0.0156910376516	-0.0182462899169	0.0382200379313	-0.0265704034561	1.0	0.0143699117785	0.0380244448368	-0.0221151264204	-0.0147820672317	-0.0180070593574	0.0179247730594	-0.0889666895207	-0.00837857908984	0.0222442015707	0.0236797925975	-0.059492615947	-0.0599450517173	-0.0608141078464	0.0112977747396	-0.0300160251066	-0.00629352116894	0.0313680252294	-0.0320833112407	-0.0296798952997	0.0109257292096	-0.110209901826	-0.0764633434794	-0.0285188441462	-0.0078075792453	-0.0117796652456	0.0388574317273	0.0446018847704	0.0216373537293	0.0362306740015	-0.0211997987732	-0.000745491102331	0.037968354918	0.00623344052458	0.0185892809743	-0.0557576821181	0.0565148731979
k__Bacteria;p__Actinobacteria;c__Actinobacteria;o__Bifidobacteriales;f__Bifidobacteriaceae;g__Bifidobacterium;s__Bifidobacterium_adolescentis	-0.0304383615857	-0.0233113984582	0.0703366905469	0.00442415021468	-0.0897362335772	-0.0548755603221	-0.047286488349	0.0205235821788	-0.0213824444387	0.051629083989	-0.0001254207774	0.0393719426804	-0.0052034798504	-0.0256748928294	-0.0615487191864	-0.0619757119219	-0.0480532580696	0.0103471335224	-0.0248566221141	0.039577869054	0.00981007577802	0.0319008563589	0.0143699117785	1.0	0.0182806680802	-0.0520332061739	0.0221664805952	0.0308926134168	-0.0256622241516	-0.00285899801501	-0.00712437368368	-0.119639300032	-0.00479929745253	0.0111757633686	-0.0344903692512	-0.0148812910233	0.0396952061671	-0.0330071478959	-0.013632643694	0.0522867946181	-0.0253673970418	0.0222639746625	-0.0781029934159	-0.0364393827488	-0.0169750754057	0.024695439062	-0.00269684337807	-0.0456769657697	-0.0747494529752	0.0156598611263	-0.0313893480276	0.00227952339925	0.0140614605523	-0.0205287991558	-0.0461324910795	0.017311004995	-0.0887253677621	-0.0506641946122	-0.00457633646379
k__Bacteria;p__Firmicutes;c__Clostridia;o__Clostridiales;f__Oscillospiraceae;g__Oscillibacter;s__Oscillibacter_sp._KLE_1745	0.0046242253759	-0.0372196397138	-0.0280421411302	-0.0339858981866	-0.0466522445271	0.0340881815632	-0.0433127172019	-0.0260235773078	-0.0629088493655	-0.00320214469081	0.0166102482636	0.00916723752836	0.00101704082313	0.0518690227325	-0.00585666705413	-0.0108971183363	-0.0218429062654	0.00268280351483	0.0282360208361	0.00786766527029	-0.0897424584095	-0.106414263622	0.0380244448368	0.0182806680802	1.0	-0.0663491501341	0.00225410391876	-0.00395081661481	0.0370871972958	-0.0204779234253	0.0532745276372	0.0159607513847	0.0153626067697	-0.0543184564857	-0.0204579046222	-0.0313492331323	-0.0291731459222	0.0341217030904	0.0766761844016	0.0265412054469	-0.0411066680465	0.00473981178371	-0.0160449072006	0.0203126670871	-0.0372314546707	0.0465043801247	-0.0500333997138	0.00530962308723	-0.017074624775	-0.0622879302055	0.0819234511354	-0.0191616456099	0.00746486614501	0.0747436671611	0.010880918067	0.0321138712411	-0.0480221863852	-0.05016705681	-0.0905508720471
k__Bacteria;p__Bacteroidetes;c__Bacteroidia;o__Bacteroidales;f__Bacteroidaceae;g__Bacteroides;s__Bacteroides_coprophilus	-0.0192029120041	-0.0483925991026	-0.146043133809	0.000481284865352	-0.0617954834518	-0.0709766462389	-0.0316119271214	0.00415322463637	-0.0145571064402	0.0331772429453	0.00288949446334	-0.0575518431542	-0.0319339792023	-0.0536968660427	0.00394304507526	-0.0255167478185	-0.0483365117645	-0.00579838116897	0.000117138211447	0.0333564632802	-0.0181000906289	0.0359497988278	-0.0221151264204	-0.0520332061739	-0.0663491501341	1.0	0.014940351381	-0.0730651146845	-0.0330878034715	-0.020180114771	-0.103743198517	-0.0272389771546	-0.0618417820761	0.050353510357	-0.0378185013996	0.0387005993472	0.0510482125092	0.011010369168	0.00585485310259	-0.0324799933481	0.0402991771625	5.72597281747e-06	0.0186314969994	0.08632127535	-0.0232725293265	-0.0311514090056	0.00708353690017	-0.0218841750395	0.0534147496138	0.0874134856887	-0.0270437915752	0.0111715383365	0.0267104148236	-0.0372515669286	0.0343150013256	0.0232912088122	0.0571963965833	-0.018867529068	-0.0147972319878
k__Bacteria;p__Firmicutes;c__Clostridia;o__Clostridiales;f__Lachnospiraceae;g__Roseburia;s__Roseburia_intestinalis	-0.0393890763558	-0.0719725002773	-0.0589826814245	-0.0165778245218	-0.00457670952399	0.00397792142667	0.0568691196719	0.0165807235468	-0.0409811989875	-0.0204831707777	0.0193587300121	-0.0503279666471	0.00010640246339	0.00369808372437	-0.029679274757	-0.0201292080969	-0.0426225490631	0.0270626399244	0.00678022896131	0.0589263587878	-0.000419912042819	0.0146196400365	-0.0147820672317	0.0221664805952	0.00225410391876	0.014940351381	1.0	-0.00351645418558	-0.0380771436091	0.0383477331063	0.0322154525904	-0.00169793708463	-0.00777861999304	0.054983458953	0.0541119180549	-0.0308834580545	-0.0452315597116	-0.0244666885518	-0.0185986994182	0.0291826731147	-0.028566123864	0.0136067238321	0.00377600272457	-0.0894606798166	-0.0327214352229	-0.0565518578198	-0.060475775946	0.0254437521644	-0.0316807838858	0.0298871844887	0.094535108778	-0.0861393127325	0.00631315665973	-0.049335550789	0.0166938286004	-0.0325466208362	0.0338218662166	0.0146526243373	0.0632861370622
k__Bacteria;p__Firmicutes;c__Clostridia;o__Clostridiales;f__Lachnospiraceae;g__Roseburia;s__Roseburia_hominis	0.0368024076035	-0.0226720961563	-0.0519589528131	0.0296179218047	-0.00566539211772	0.0242166421329	0.00634213143269	-0.0608161078018	-0.0575530741804	-0.0363448427345	0.0296421171568	0.0249979910123	-0.0641267639025	0.00945162707518	0.0382915911657	-0.0872285472471	0.00295327137957	-0.00918318133019	0.00668348231732	-0.0516392651357	-0.0478626620657	0.0364030729942	-0.0180070593574	0.0308926134168	-0.00395081661481	-0.0730651146845	-0.00351645418558	1.0	0.00191295607845	-0.0537182005815	-0.0533546485997	-0.0220771139972	-0.023745507769	-0.000809766564735	0.00769280502418	-0.0441379352235	-0.0711355228164	0.00407496129605	0.0124769641383	-0.003510249513	0.0572237150862	0.0717349530199	-0.00312087121102	0.0540734845457	-0.0390767193673	0.00102821169324	-0.0018115380658	-0.00325969284829	-0.0265216418658	-0.0553014027253	-0.000379977174762	0.0406118157238	0.0374603910529	-0.0346653143431	0.0098409998571	0.00186378039189	-0.0701354249515	0.0834961621102	0.0461729369434
k__Bacteria;p__Bacteroidetes;c__Bacteroidia;o__Bacteroidales;f__Porphyromonadaceae;g__Parabacteroides;s__Parabacteroides_johnsonii	-0.097294432311	0.0183494662551	-0.00435011518283	-0.0606128172368	0.0407094994467	0.0457911003107	0.0100239314009	-0.0202896008989	0.0767150390992	-0.000833838690388	-0.100065082837	0.0368795764364	0.00147328092446	0.022530947401	0.013804755599	0.0203541091056	0.0367099369651	-0.00904836111978	0.0125903839835	0.00988106191327	0.00421634855623	0.0333137572463	0.0179247730594	-0.0256622241516	0.0370871972958	-0.0330878034715	-0.0380771436091	0.00191295607844	1.0	-0.0071811478612	-0.0270687233277	0.0297337053576	-0.00395091496645	0.021248645266	-0.0114257689314	0.0418076196597	0.019110246867	0.0333224573789	-0.0492446439452	-0.0198423240845	0.0609920797362	0.0597093277877	-0.0546870441023	0.0155464243693	0.0212337465803	-0.0585417192631	0.0448355240194	-0.0349304961726	-0.0537562326168	-0.0220676058377	-0.0437521324705	-0.0518921037172	-0.0010615614291	-0.0515151137259	-0.0299653979665	-0.0236385151798	-0.0218659720081	-0.0492260671193	0.0252074199655
k__Bacteria;p__Actinobacteria;c__Actinobacteria;o__Bifidobacteriales;f__Bifidobacteriaceae;g__Bifidobacterium;s__Bifidobacterium_longum	-0.0736617651007	0.0303218909839	-0.0823054486339	0.00314499300084	0.0415192545124	0.0551777105034	-0.00758367241141	-0.0756030480218	-0.012189629102	-0.00720808965117	-0.0249615847654	-0.0572442187802	-0.00886790356142	-0.0363864314668	-0.0491596104741	0.0336099320221	-0.0744860907162	-0.0292890937164	-0.00133156549258	0.023071472027	0.0238002778613	-0.0396215083611	-0.0889666895207	-0.00285899801501	-0.0204779234253	-0.020180114771	0.0383477331063	-0.0537182005815	-0.0071811478612	1.0	-0.0769864551694	-0.0864390954289	0.0817683250205	0.00400642149684	0.0130613748502	-0.030583926554	-0.0163997007137	-0.0705793381313	0.0309411785316	-0.01250458263	0.0156641166239	-0.0134445648579	-0.0733542908759	0.0166308538793	-0.0118791635494	-0.0739861680153	0.00940222924902	0.0692764282736	0.00362745005799	0.00773350715851	0.0448966990138	-0.00147328903948	0.00723602100678	-0.0163783895478	-0.01875820794	0.0562405606685	-0.0544848570575	-0.0023710584731	0.000628409363287
