#taxonomy	k__Bacteria;p__Bacteroidetes;c__Bacteroidia;o__Bacteroidales;f__Bacteroidaceae;g__Bacteroides;s__Bacteroides_vulgatus	k__Bacteria;p__Bacteroidetes;c__Bacteroidia;o__Bacteroidales;f__Bacteroidaceae;g__Bacteroides;s__Bacteroides_uniformis	k__Bacteria;p__Bacteroidetes;c__Bacteroidia;o__Bacteroidales;f__Rikenellaceae;g__Alistipes;s__Alistipes_putredinis	k__Bacteria;p__Bacteroidetes;c__Bacteroidia;o__Bacteroidales;f__Prevotellaceae;g__Prevotella;s__Prevotella_copri	k__Bacteria;p__Bacteroidetes;c__Bacteroidia;o__Bacteroidales;f__Bacteroidaceae;g__Bacteroides;s__Bacteroides_stercoris	k__Bacteria;p__Bacteroidetes;c__Bacteroidia;o__Bacteroidales;f__Bacteroidaceae;g__Bacteroides;s__Bacteroides_ovatus	k__Bacteria;p__Bacteroidetes;c__Bacteroidia;o__Bacteroidales;f__Rikenellaceae;g__Alistipes;s__Alistipes_shahii	k__Bacteria;p__Firmicutes;c__Clostridia;o__Clostridiales;f__Ruminococcaceae;g__Faecalibacterium;s__Faecalibacterium_prausnitzii	k__Bacteria;p__Bacteroidetes;c__Bacteroidia;o__Bacteroidales;f__Rikenellaceae;g__Alistipes;s__Alistipes_finegoldii	k__Bacteria;p__Bacteroidetes;c__Bacteroidia;o__Bacteroidales;f__Porphyromonadaceae;g__Parabacteroides;s__Parabacteroides_distasonis	k__Bacteria;p__Bacteroidetes;c__Bacteroidia;o__Bacteroidales;f__Bacteroidaceae;g__Bacteroides;s__Bacteroides_thetaiotaomicron	k__Bacteria;p__Bacteroidetes;c__Bacteroidia;o__Bacteroidales;f__Bacteroidaceae;g__Bacteroides;s__Bacteroides_coprocola	k__Bacteria;p__Bacteroidetes;c__Bacteroidia;o__Bacteroidales;f__Bacteroidaceae;g__Bacteroides;s__Bacteroides_cellulosilyticus	k__Bacteria;p__Bacteroidetes;c__Bacteroidia;o__Bacteroidales;f__Rikenellaceae;g__Alistipes;s__Alistipes_obesi	k__Bacteria;p__Firmicutes;c__Clostridia;o__Clostridiales;f__Lachnospiraceae;g__;s__[Eubacterium]_rectale	k__Bacteria;p__Bacteroidetes;c__Bacteroidia;o__Bacteroidales;f__Bacteroidaceae;g__Bacteroides;s__Bacteroides_plebeius	k__Bacteria;p__Bacteroidetes;c__Bacteroidia;o__Bacteroidales;f__Bacteroidaceae;g__Bacteroides;s__Bacteroides_fragilis	k__Bacteria;p__Proteobacteria;c__Betaproteobacteria;o__Burkholderiales;f__Sutterellaceae;g__Sutterella;s__Sutterella_wadsworthensis	k__Bacteria;p__Bacteroidetes;c__Bacteroidia;o__Bacteroidales;f__Porphyromonadaceae;g__Barnesiella;s__Barnesiella_intestinihominis	k__Bacteria;p__Bacteroidetes;c__Bacteroidia;o__Bacteroidales;f__Odoribacteraceae;g__Odoribacter;s__Odoribacter_splanchnicus	k__Bacteria;p__Bacteroidetes;c__Bacteroidia;o__Bacteroidales;f__Bacteroidaceae;g__Bacteroides;s__Bacteroides_salyersiae	k__Bacteria;p__Firmicutes;c__Clostridia;o__Clostridiales;f__Ruminococcaceae;g__Ruminiclostridium;s__[Eubacterium]_siraeum	k__Bacteria;p__Proteobacteria;c__Betaproteobacteria;o__Burkholderiales;f__Sutterellaceae;g__Parasutterella;s__Parasutterella_excrementihominis	k__Bacteria;p__Actinobacteria;c__Actinobacteria;o__Bifidobacteriales;f__Bifidobacteriaceae;g__Bifidobacterium;s__Bifidobacterium_adolescentis	k__Bacteria;p__Firmicutes;c__Clostridia;o__Clostridiales;f__Oscillospiraceae;g__Oscillibacter;s__Oscillibacter_sp._KLE_1745	k__Bacteria;p__Bacteroidetes;c__Bacteroidia;o__Bacteroidales;f__Bacteroidaceae;g__Bacteroides;s__Bacteroides_coprophilus	k__Bacteria;p__Firmicutes;c__Clostridia;o__Clostridiales;f__Lachnospiraceae;g__Roseburia;s__Roseburia_intestinalis	k__Bacteria;p__Firmicutes;c__Clostridia;o__Clostridiales;f__Lachnospiraceae;g__Roseburia;s__Roseburia_hominis	k__Bacteria;p__Bacteroidetes;c__Bacteroidia;o__Bacteroidales;f__Porphyromonadaceae;g__Parabacteroides;s__Parabacteroides_johnsonii	k__Bacteria;p__Actinobacteria;c__Actinobacteria;o__Bifidobacteriales;f__Bifidobacteriaceae;g__Bifidobacterium;s__Bifidobacterium_longum	k__Bacteria;p__Firmicutes;c__Clostridia;o__Clostridiales;f__;g__Flavonifractor;s__Flavonifractor_plautii	k__Bacteria;p__Firmicutes;c__Clostridia;o__Clostridiales;f__Clostridiaceae;g__Clostridium;s__Clostridium_phoceensis	k__Bacteria;p__Verrucomicrobia;c__Verrucomicrobiae;o__Verrucomicrobiales;f__Akkermansiaceae;g__Akkermansia;s__Akkermansia_muciniphila	k__Bacteria;p__Bacteroidetes;c__Bacteroidia;o__Bacteroidales;f__Prevotellaceae;g__Paraprevotella;s__Paraprevotella_xylaniphila	k__Bacteria;p__Firmicutes;c__Clostridia;o__Clostridiales;f__Ruminococcaceae;g__Ruminococcus;s__Ruminococcus_callidus	k__Bacteria;p__Bacteroidetes;c__Bacteroidia;o__Bacteroidales;f__Rikenellaceae;g__Alistipes;s__Alistipes_senegalensis	k__Bacteria;p__Firmicutes;c__Clostridia;o__Clostridiales;f__Lachnospiraceae;g__Blautia;s__Blautia_sp._KLE_1732	k__Bacteria;p__Bacteroidetes;c__Bacteroidia;o__Bacteroidales;f__Bacteroidaceae;g__Bacteroides;s__Bacteroides_oleiciplenus	k__Bacteria;p__Firmicutes;c__Clostridia;o__Clostridiales;f__Ruminococcaceae;g__Ruminococcus;s__Ruminococcus_bicirculans	k__Bacteria;p__Bacteroidetes;c__Bacteroidia;o__Bacteroidales;f__Bacteroidaceae;g__Bacteroides;s__Bacteroides_fluxus	k__Bacteria;p__Bacteroidetes;c__Bacteroidia;o__Bacteroidales;f__Prevotellaceae;g__Prevotella;s__Prevotella_stercorea	k__Bacteria;p__Firmicutes;c__Clostridia;o__Clostridiales;f__Lachnospiraceae;g__Dorea;s__Dorea_longicatena	k__Bacteria;p__Firmicutes;c__Clostridia;o__Clostridiales;f__Eubacteriaceae;g__Eubacterium;s__[Eubacterium]_eligens	k__Bacteria;p__Firmicutes;c__Clostridia;o__Clostridiales;f__Ruminococcaceae;g__;s__Ruminococcaceae_bacterium_D16	k__Bacteria;p__Firmicutes;c__Clostridia;o__Clostridiales;f__Lachnospiraceae;g__Coprococcus;s__Coprococcus_comes	k__Bacteria;p__Proteobacteria;c__Gammaproteobacteria;o__Enterobacterales;f__Enterobacteriaceae;g__Escherichia;s__Escherichia_coli	k__Bacteria;p__Firmicutes;c__Clostridia;o__Clostridiales;f__Ruminococcaceae;g__Anaerotruncus;s__Anaerotruncus_colihominis	k__Bacteria;p__Firmicutes;c__Clostridia;o__Clostridiales;f__Lachnospiraceae;g__Blautia;s__Blautia_obeum	k__Bacteria;p__Bacteroidetes;c__Bacteroidia;o__Bacteroidales;f__Odoribacteraceae;g__Odoribacter;s__Odoribacter_laneus	k__Bacteria;p__Firmicutes;c__Clostridia;o__Clostridiales;f__Ruminococcaceae;g__Ruminiclostridium;s__[Clostridium]_leptum	k__Bacteria;p__Bacteroidetes;c__Bacteroidia;o__Bacteroidales;f__Porphyromonadaceae;g__Parabacteroides;s__Parabacteroides_goldsteinii	k__Bacteria;p__Firmicutes;c__Clostridia;o__Clostridiales;f__Lachnospiraceae;g__Anaerostipes;s__Anaerostipes_hadrus	k__Bacteria;p__Firmicutes;c__Clostridia;o__Clostridiales;f__Ruminococcaceae;g__Ruminococcus;s__Ruminococcus_lactaris	k__Bacteria;p__Firmicutes;c__Clostridia;o__Clostridiales;f__Clostridiaceae;g__Clostridium;s__Clostridium_sp._L2-50	k__Bacteria;p__Firmicutes;c__Clostridia;o__Clostridiales;f__Clostridiaceae;g__Clostridium;s__Clostridium_sp._M62/1	k__Bacteria;p__Firmicutes;c__Clostridia;o__Clostridiales;f__;g__Intestinimonas;s__Intestinimonas_butyriciproducens	k__Bacteria;p__Actinobacteria;c__Actinobacteria;o__Bifidobacteriales;f__Bifidobacteriaceae;g__Bifidobacterium;s__Bifidobacterium_bifidum	k__Bacteria;p__Firmicutes;c__Negativicutes;o__Veillonellales;f__Veillonellaceae;g__Dialister;s__Dialister_invisus	k__Bacteria;p__Bacteroidetes;c__Bacteroidia;o__Bacteroidales;f__Bacteroidaceae;g__Bacteroides;s__Bacteroides_salanitronis
k__Bacteria;p__Bacteroidetes;c__Bacteroidia;o__Bacteroidales;f__Bacteroidaceae;g__Bacteroides;s__Bacteroides_vulgatus	1.0	0.0297497961092	0.0136293129798	0.0236663219971	-0.122673434912	-0.00911631308927	-0.0458069026675	-0.00260766758058	0.0162719699688	0.00718891057043	0.0610120447552	0.0706296827487	0.000530193314208	0.0576040087708	-0.0459999308538	0.103965077408	-0.0606443317385	0.0347583616717	-0.045387274273	-0.0132315149845	-0.0831773426023	-0.0728211407401	-0.00718414297698	-0.0769506668845	-0.0226955376241	-0.0703372965313	-0.0175872944101	-0.022256150936	-0.0240593808164	-0.0068701576855	-0.0279471855861	-0.0105165935013	-0.0715163388349	0.0237675022814	0.00566451117184	-0.00481481250705	0.0107960543085	0.0132543159636	0.0582003705019	-0.0198993521251	-0.0391136146823	0.0323222546702	-0.0162178862548	-0.0110699120539	-0.0160280588571	-0.00429462859866	-0.0562001974182	0.0537550209225	0.0154233956246	0.00167406570827	-0.0358574714696	-0.0267164736973	-0.0159931719677	-0.0134496484788	0.0045702520209	0.0321581953182	-0.0211924681911	0.00831474890679	-0.0557101264258
k__Bacteria;p__Bacteroidetes;c__Bacteroidia;o__Bacteroidales;f__Bacteroidaceae;g__Bacteroides;s__Bacteroides_uniformis	0.0297497961092	1.0	0.01828136726	-0.00571426010462	0.0598389420484	-0.0762004614528	-0.0224756438179	0.0202512846292	0.0294896752549	-0.0430180386833	0.00436712427829	-0.094583251662	0.017225629876	-0.0154564237003	0.00135942442493	0.044434711431	0.0754171747483	-0.0287655221034	-0.0641237071535	0.0366357272799	-0.00489641899971	0.0423218773312	0.00167956716445	-0.0332804600769	0.0188532209565	-0.0578111035009	-0.0119338686563	0.0211674876509	0.028365245082	-0.0110573830655	-0.0479886987511	-0.0101037781565	0.00919457212371	-0.0289098650515	-0.0421461046768	-0.00689037862574	0.0319955802749	0.00584131469589	0.0905218083876	0.0135761427275	-0.00796201844842	-0.0213424687229	-0.0226679785909	0.0687478294438	0.00496946635211	-0.0466428916227	0.0420248857433	0.074968207209	-0.0450591789023	-0.0254382461199	-0.0218187205192	0.0260237883648	-0.0669214417092	0.0354973879716	-0.0499392159812	-0.0577466796369	-0.0549306742234	-0.10307193302	-0.0232400940187
k__Bacteria;p__Bacteroidetes;c__Bacteroidia;o__Bacteroidales;f__Rikenellaceae;g__Alistipes;s__Alistipes_putredinis	0.0136293129798	0.01828136726	1.0	-0.0176161891007	-0.0211215296304	0.00912193108497	-0.0111329958859	0.0184580880391	0.00117626379827	-0.0228741443689	-0.00646115397171	-0.0625824958034	0.00206117994549	-0.0110561968234	0.00191053428594	0.000725951063556	-0.0697541689423	-0.0100287918707	-0.00510616390414	-0.06188239028	-0.00457014018936	-0.0294355927706	-0.041184037013	-0.0396122572105	-0.000591912163025	0.0237197743325	0.0207651364153	-0.0013516219085	0.0325400650008	-0.0176454014995	-0.0103639954331	-0.0516549728552	0.0449037220455	0.00465994443077	-0.0500941889919	-0.016270673432	-0.00540473219412	0.0194820923827	-0.0568021902393	-0.0367119369492	0.00485310159564	0.035209025319	-0.0685586998838	-0.0202260848666	-0.0849326944315	-0.0088095167858	0.0645715345324	-0.0180079652549	0.00718257233776	0.0268428093619	-0.0529923066072	0.04255405909	-0.0142364918844	-0.0619223101088	-0.0083623373863	0.0328618274633	0.0397454559017	0.00982283739965	-0.00259962506917
k__Bacteria;p__Bacteroidetes;c__Bacteroidia;o__Bacteroidales;f__Prevotellaceae;g__Prevotella;s__Prevotella_copri	0.0236663219971	-0.00571426010462	-0.0176161891007	1.0	0.032664549298	-0.0131640930518	0.00245079426157	-0.0597788239981	0.0440008246341	0.0307573233416	-0.0566477136395	0.0408154011304	0.0290677493827	-0.053300002514	-0.0655749100829	-0.0209633290904	-0.0412173700017	0.000289990523365	0.0306483557044	-0.00180586215687	0.0211519546284	-0.0502759264582	-0.0207975009384	-0.0141838729403	0.0173948347662	-0.0168989489476	-0.0536706945847	-0.0418910649543	-0.0200536655013	-0.0326692759923	-0.00235058283448	-0.00777330962664	0.0508637357684	-0.0517699511248	0.00165994785158	-0.049950833887	-0.0851555539181	0.00967053663163	0.0183310471534	0.0271071503724	-0.103479682839	-0.0531827333683	0.00402900787303	0.0154687548244	0.0100520135401	-0.00815439892466	-0.0241037322108	-0.0459790210638	0.0395624521093	0.034902780665	-0.0186122230694	-0.0379142664658	0.0632763655011	0.0287962426039	-0.00463044791607	0.00895830461287	-0.0323809647968	-0.0275642306899	0.0706794630892
k__Bacteria;p__Bacteroidetes;c__Bacteroidia;o__Bacteroidales;f__Bacteroidaceae;g__Bacteroides;s__Bacteroides_stercoris	-0.122673434912	0.0598389420484	-0.0211215296304	0.032664549298	1.0	-0.0266501288537	-0.0778546335097	0.0150127798009	-0.0186863965409	-0.0034884658705	0.0120270905509	0.00401390715664	-0.0152348774825	0.00975548945096	-0.0277019864786	0.0164489100034	-0.0982488382381	0.023169096753	0.0633753188541	-0.0510065648605	-0.0264715137545	0.0340160868979	0.00135467728835	0.0306087393452	0.0172116522284	0.0334299888638	-0.050250960007	0.0363626245946	-0.014305988676	-0.0581849255521	-0.0638394346652	-0.0471681006238	0.0121990475325	0.0693163199732	0.0193610517747	-0.0360872576713	-0.00462669881906	-0.0209447648797	0.10485535914	-0.0293361612065	-0.0716562325482	-0.0132318319855	0.0289805838001	0.0363255592942	-0.00323168341551	-0.0268387866403	-0.0199687730806	-0.0761837143611	0.0349682033998	0.0123278866042	-0.0552303708264	0.0298735504461	-0.00780536468056	-0.0111495896315	-0.0696814165971	-0.0022435958773	-0.0507023278591	0.0368266460337	0.0512877675405
k__Bacteria;p__Bacteroidetes;c__Bacteroidia;o__Bacteroidales;f__Bacteroidaceae;g__Bacteroides;s__Bacteroides_ovatus	-0.00911631308927	-0.0762004614528	0.00912193108497	-0.0131640930518	-0.0266501288537	1.0	-0.0238700091785	-0.0789155271479	0.00989437105334	-0.0394158945941	0.0147150499466	0.0221353657704	0.0272131643759	0.00705305896659	0.0291735354983	-0.000947823305763	-0.0218281213509	-0.0805447287738	-0.00989552116896	-0.0259272425894	-0.0207963686323	0.049339369359	-0.040313667812	0.04259675105	-0.0491879277792	-0.0164484852937	0.0475160460284	-0.000358324670697	-0.0314587807048	0.0220609399993	0.0316878129801	0.0052527096571	-0.0213371032032	0.0427476817815	0.0129725185172	0.00695664899432	-0.0435325775974	-0.0104642750731	-0.0586342702477	0.00170802036759	0.0362372596688	-0.0483169250565	-0.06938334737	0.031493721586	0.00621700352205	0.0279072524459	-0.0201431557447	-0.063119822515	0.0138868555237	-0.0290076194172	0.0286027735089	0.0183025914638	-0.0819079901114	0.0958018346381	0.040095411677	0.0413938173185	-0.0426893609907	-0.0322098187375	0.00372310967905
k__Bacteria;p__Bacteroidetes;c__Bacteroidia;o__Bacteroidales;f__Rikenellaceae;g__Alistipes;s__Alistipes_shahii	-0.0458069026675	-0.0224756438179	-0.0111329958859	0.00245079426157	-0.0778546335097	-0.0238700091785	1.0	0.0254316624435	-0.0395268819322	-0.0045039473886	0.00862305213724	0.0329486491209	-0.0486562628322	-0.0218376684776	-0.0213828294672	0.0262537429218	0.0330165847022	-0.0739058392536	0.0268878783365	0.0626431761002	-0.0116587977906	-0.00580766774897	-0.0484417536071	-0.0335650439991	0.00213435662377	-0.0301847497979	0.000336378924232	-0.035922905498	-0.0222594261995	-0.0266189698033	-0.0350338501264	0.00568524077751	-0.0137313782037	0.0715915196078	0.0299625692501	-0.0728713771081	-0.103759075172	0.00261623328491	0.0455422365118	0.0823548253531	0.00727056933286	0.00695459525219	-0.0132127950505	-0.0176274238817	-0.00966795193331	-0.0153028075429	-0.0102595295592	-0.055692752501	-0.019062181262	-0.0299084625647	0.0625442171535	-0.0372643691185	0.015838718519	-0.043118569593	-0.0562356590718	0.0732058246631	0.0312151856796	-0.0563332069737	-0.00437467645658
k__Bacteria;p__Firmicutes;c__Clostridia;o__Clostridiales;f__Ruminococcaceae;g__Faecalibacterium;s__Faecalibacterium_prausnitzii	-0.00260766758058	0.0202512846292	0.0184580880391	-0.0597788239981	0.0150127798009	-0.0789155271479	0.0254316624435	1.0	0.025384780558	-0.0469943493749	-0.042885911818	-0.0404471500787	0.0211519722016	-0.0235109309103	0.0198550125159	0.0491564187125	0.0336947513551	0.0407297697065	-0.0419183158481	-0.0120036705812	-0.0190377219331	-0.00865833377541	-0.0284521438418	0.00830185055949	0.0102438983214	-0.0175499971791	-0.0891352218957	0.00480988359774	-0.0145851047868	-0.0380990855584	-0.0204659641703	-0.0574818262006	0.0381599190482	-0.0574900002691	-0.00351865568873	-0.0315086757845	0.0278941810431	0.00288366173384	0.0396492453335	0.0604956026288	0.0347202120803	-0.0729277600271	-0.049780202599	0.0382039640551	-0.0433231551774	0.00482811164168	0.0162977554768	0.0617828514275	-0.0240710778156	-0.0180587930545	-0.0629183224619	-0.0287570046208	-0.0152550969686	-0.0111117750368	-0.00864897993024	-0.0703653755787	0.0232563226884	-0.0470265754487	-0.0584637689989
k__Bacteria;p__Bacteroidetes;c__Bacteroidia;o__Bacteroidales;f__Rikenellaceae;g__Alistipes;s__Alistipes_finegoldii	0.0162719699688	0.0294896752549	0.00117626379827	0.0440008246341	-0.0186863965409	0.00989437105334	-0.0395268819322	0.025384780558	1.0	-0.083881758766	0.0225156991636	-0.0440340261712	0.0316791582907	-0.0161154177509	0.0166486252848	0.0298690495783	-0.0196488448392	-0.0046457206222	0.00912294505175	-0.0213559367622	-0.0204914772028	-0.0421973172937	-0.0212998420238	-0.0269281909018	0.0499085045714	-0.0672182343013	-0.0349349668151	0.0299290238576	0.0134407261913	0.00268416232646	0.0088085294323	0.0453665293592	0.00159078255663	-0.0406714818386	-0.0808275770277	0.00299879516663	-0.0462921163671	0.0230662676833	-0.0115587557273	-0.052046938229	-0.0224261899094	-0.0204993389718	0.00417368053582	0.0424857048447	0.0282598475285	0.011610164914	0.0199369710648	0.0182123917045	-0.00801688971692	0.0271211819732	-0.0333255958136	0.00705260485387	0.0160104867381	-0.0169301777275	-0.00597933250728	-0.0517153081672	0.0130946758866	-0.0320961062605	-0.0365540884261
k__Bacteria;p__Bacteroidetes;c__Bacteroidia;o__Bacteroidales;f__Porphyromonadaceae;g__Parabacteroides;s__Parabacteroides_distasonis	0.00718891057043	-0.0430180386833	-0.0228741443689	0.0307573233416	-0.0034884658705	-0.0394158945941	-0.0045039473886	-0.0469943493749	-0.083881758766	1.0	-0.00604656056914	-0.022883570979	-0.0550817487955	-0.035653345981	-0.0227140511049	-0.024551139171	0.141249569377	0.00302453984252	0.0206291427391	0.0212260402059	-0.0249058369048	0.0256533876171	-0.0146504108373	-0.0184582461727	0.0255942047472	-0.017498293683	0.0241577210664	0.0243258114802	0.0182607777129	0.098262082374	0.00439263248345	0.0363403103855	-0.0197033342602	0.0269476931598	0.025239904032	-0.0441088519017	0.00644764311905	0.0113342939952	-0.0685361330374	-0.0758190111507	0.0438042328117	-0.011658606105	-0.0323368293962	-0.020993801554	-0.0104095039781	-0.00342808016072	0.00246192676196	0.00289198873924	0.0213593155889	-0.0166258920825	-0.0215897596222	-0.0242785170892	-0.0581887614143	-0.00348187116233	-0.0446034940857	-0.0176759929461	0.0541566483862	-0.0233629105905	-0.0108773791604
k__Bacteria;p__Bacteroidetes;c__Bacteroidia;o__Bacteroidales;f__Bacteroidaceae;g__Bacteroides;s__Bacteroides_thetaiotaomicron	0.0610120447552	0.00436712427829	-0.00646115397171	-0.0566477136395	0.0120270905509	0.0147150499466	0.00862305213724	-0.042885911818	0.0225156991636	-0.00604656056914	1.0	0.0213706120376	-0.0633724322229	-0.0260350640604	0.0783592221878	-0.0361938475665	-0.0304400709419	-0.0674316408339	-0.0612097725721	-0.00882017446589	-0.0370012141836	-0.0454365558106	-0.0409928494021	-0.0030547975428	-0.0212517100846	-0.00188004632415	-0.0181265310776	-0.0131711194501	-0.0623252735303	-0.00957716864109	-0.0459023360361	-0.0226125622853	-0.00888987959231	-0.0620784714601	-0.0594232441168	0.0394113372482	0.0375687218877	-0.0222550641294	0.0178737122178	-0.0214311334766	-0.0105058489126	0.0216563893426	-0.0321763249433	0.00787656845779	0.0422515310172	0.124643686213	-0.0384203139962	0.024927624179	-0.0417685569745	-0.0276675508637	0.0263637950266	-0.0144963819644	0.00342335776932	0.0497399884726	-0.0265968441975	-0.0543107651503	0.0195828981977	-0.00918142404135	-0.0259779723731
k__Bacteria;p__Bacteroidetes;c__Bacteroidia;o__Bacteroidales;f__Bacteroidaceae;g__Bacteroides;s__Bacteroides_coprocola	0.0706296827487	-0.094583251662	-0.0625824958034	0.0408154011304	0.00401390715664	0.0221353657704	0.0329486491209	-0.0404471500787	-0.0440340261712	-0.022883570979	0.0213706120376	1.0	0.0731288369881	0.00593852028129	-0.0529000639104	0.0269461153641	-0.0945462252452	-0.0521109493504	-0.0574284884986	0.0607546364364	-0.0624361600108	0.0248045601896	-0.0294529864072	-0.0127314602896	0.0393772019502	-0.00542459429753	1.07415928565e-05	-0.0240156320949	-0.0616736808644	-0.000696569112865	-0.0414324454122	-0.0405250062473	-0.0197996349497	0.0178742300107	0.00604764075349	-0.0336055761622	-0.0124346413639	-0.0173023637769	0.00408116421155	-0.00628646862109	-0.0164995762302	0.010908586624	-0.00340773873369	-0.0288716668548	-0.0103204178469	-0.00694822980571	-0.0734740424545	-0.00534550613789	-0.0655779112437	0.0426908117306	0.00674272274323	0.00270691304902	-0.0314073131009	-0.044306794726	-0.111538676175	-0.0468183806822	0.04219326474	-0.0314921552048	0.0320513798861
k__Bacteria;p__Bacteroidetes;c__Bacteroidia;o__Bacteroidales;f__Bacteroidaceae;g__Bacteroides;s__Bacteroides_cellulosilyticus	0.000530193314207	0.017225629876	0.00206117994549	0.0290677493827	-0.0152348774825	0.0272131643759	-0.0486562628322	0.0211519722016	0.0316791582907	-0.0550817487955	-0.0633724322229	0.0731288369881	1.0	-0.0848284549587	-0.0403119070869	-0.039140282225	-0.0041408968092	0.0290555567923	-0.0132462617326	-0.0314311376183	-0.0379594750874	-0.0309718587626	0.0853492462331	-0.00286406449732	0.01147066673	0.0322300895227	-0.0110523191839	-0.00746592110493	-0.0234165575475	0.0380512064814	0.0303775266364	-0.0340546165667	0.00914042212713	-0.0589730357554	-0.032039667747	-0.0280281359654	0.0528585681332	0.0158591616444	-0.0904994425867	-0.0154230533903	-0.0741852790328	0.0584927629191	0.0351712619041	-0.0212261090646	-0.0665086100732	-0.0674029570154	-0.0569651180826	-0.0328311156306	-0.0111470887897	-0.0114218219651	-0.0320728333588	-0.0192680008847	0.0477626897192	-0.0224341964589	-0.0221913696173	-0.0751363041615	0.0328622470356	-0.0236694698615	-0.00658920415489
k__Bacteria;p__Bacteroidetes;c__Bacteroidia;o__Bacteroidales;f__Rikenellaceae;g__Alistipes;s__Alistipes_obesi	0.0576040087708	-0.0154564237003	-0.0110561968234	-0.053300002514	0.00975548945096	0.00705305896659	-0.0218376684776	-0.0235109309103	-0.0161154177509	-0.035653345981	-0.0260350640604	0.00593852028129	-0.0848284549587	1.0	0.0021987683524	-0.0432076587293	0.0024541414918	-0.0527590436671	-0.00786581505652	0.0449847734191	-0.03567869583	-0.016133940681	0.00171492376123	-0.0170962885408	0.0162820276629	-0.00645767083224	0.0459821468789	-0.00900648866992	0.0311137013148	0.0181313635245	-0.0877066536913	-0.0515208924829	0.0520927986986	-0.018903561107	-0.0168756539767	0.0261584285886	-0.0184291243441	-0.0512239947287	-0.0587563675255	0.0035914005725	3.12811349863e-05	-0.0424765939909	-0.00615267220813	-0.0214975506236	0.062734335171	-0.0394832523232	0.00707625037608	-0.0453399278512	-0.0371440883248	0.00370505024182	-0.027946561851	0.0596303056745	-0.0720428731023	0.0353649729177	-0.0628386754403	-0.0103892944685	-0.00664168322549	-0.00125683979334	-0.00590222813295
k__Bacteria;p__Firmicutes;c__Clostridia;o__Clostridiales;f__Lachnospiraceae;g__;s__[Eubacterium]_rectale	-0.0459999308538	0.00135942442493	0.00191053428594	-0.0655749100829	-0.0277019864786	0.0291735354983	-0.0213828294672	0.0198550125159	0.0166486252848	-0.0227140511049	0.0783592221878	-0.0529000639104	-0.0403119070869	0.0021987683524	1.0	-0.0258544842648	0.00524548938218	-0.0248791231554	-0.0596809111634	-0.0178416566831	-0.0238766045843	0.0064571067477	0.010693411528	0.00359551886633	0.0343170112179	0.0138569651322	0.0361975992848	-0.0468420410535	-0.110604691474	-0.0033751009637	-0.040709425087	-0.0247205811106	-0.113963825188	-0.0416168236964	0.00872522130629	0.0278914603161	-0.0156908831039	0.00968467099675	-0.014968770413	-0.00721221998315	0.0127116370529	-0.0157029037924	0.0396914052485	0.00170890615828	-0.0425068381904	-0.0269126046355	-0.0102776969826	0.0302793840594	-0.0413311363066	0.00323116508092	0.0147956307833	-0.0551657775872	-0.0781546565782	0.0335389530667	0.0311320444505	0.0145092580389	-0.0460102009074	-0.0396927292265	-0.0448563501065
k__Bacteria;p__Bacteroidetes;c__Bacteroidia;o__Bacteroidales;f__Bacteroidaceae;g__Bacteroides;s__Bacteroides_plebeius	0.103965077408	0.044434711431	0.000725951063556	-0.0209633290904	0.0164489100034	-0.000947823305763	0.0262537429218	0.0491564187125	0.0298690495783	-0.024551139171	-0.0361938475665	0.0269461153641	-0.039140282225	-0.0432076587293	-0.0258544842648	1.0	-0.0108480805184	-0.0271533059959	-0.00454767468092	-0.0602742369062	0.0485957008217	-0.0171450348506	0.0553150148532	-0.000222178670023	0.0111951650431	0.00143484668444	-0.0292053266953	-0.032624617183	-0.0373940655381	0.0250615366136	-0.0166447145103	-0.0409096750128	-0.00554957487545	-0.0450452929002	0.0336192509082	0.00696705513259	-0.115498862846	0.0189772266875	-0.0188369493502	0.000586673336441	0.0152672667082	-0.0147949661296	6.67016444452e-05	-0.0479416510914	-0.0151694761946	-0.0549728041091	0.075219896851	-0.00106808260426	0.0205471771524	-0.0434755317268	-0.0449958571528	-0.00877048138837	0.0362506823084	-0.0135668072356	0.00442453126377	-0.0723762403348	0.0229721660182	-0.00979860335829	0.0173423401905
k__Bacteria;p__Bacteroidetes;c__Bacteroidia;o__Bacteroidales;f__Bacteroidaceae;g__Bacteroides;s__Bacteroides_fragilis	-0.0606443317385	0.0754171747483	-0.0697541689423	-0.0412173700017	-0.0982488382381	-0.0218281213509	0.0330165847022	0.0336947513551	-0.0196488448392	0.141249569377	-0.0304400709419	-0.0945462252452	-0.0041408968092	0.0024541414918	0.00524548938218	-0.0108480805184	1.0	-0.031212751078	-0.000631913240485	0.0242688094897	0.0375492793017	-0.0538205499917	-0.0333703213745	-0.0487299533088	0.0202062738698	0.000337428421574	0.00365430285083	-0.036590283984	0.0304730996543	-0.0345133934912	0.0620026322779	0.0593076928608	-0.0299482917988	0.00627360092033	-0.0102521203688	-0.0523824400778	-0.036493159998	0.0444084168461	0.0136684303324	0.0174562411127	0.0308497365453	-0.060159347528	0.0362912536954	-0.0119747445285	-0.0381588124533	-0.0879784931317	-0.0628020969569	0.00866399231036	0.00358217156153	-0.0371310393089	-0.0110225469907	-0.0105055034086	-0.0586349610729	-0.0108259655708	-0.0461233737645	0.0276695761109	-0.0741805839976	-0.0214598110759	-0.0146681421466
k__Bacteria;p__Proteobacteria;c__Betaproteobacteria;o__Burkholderiales;f__Sutterellaceae;g__Sutterella;s__Sutterella_wadsworthensis	0.0347583616717	-0.0287655221034	-0.0100287918707	0.000289990523365	0.023169096753	-0.0805447287738	-0.0739058392536	0.0407297697065	-0.0046457206222	0.00302453984252	-0.0674316408339	-0.0521109493504	0.0290555567923	-0.0527590436671	-0.0248791231554	-0.0271533059959	-0.031212751078	1.0	0.0936363639459	-0.00184627907573	-0.0421298670608	-0.0234361942683	0.0420820415265	-0.0316545749528	-0.0593368971878	-0.0366644504015	-0.0649984235831	-0.0352691443656	-0.0544237233423	-0.0529282957362	0.009179018941	0.0468908893418	-0.0369012173158	0.000647607545254	0.00360143485977	0.00182194873082	0.0213778734212	0.109664554716	-0.0287531659757	-0.0052394380074	0.0164551929764	0.0101149538245	-0.045719563145	0.017320949552	-0.0797302407517	0.0173543625898	-0.0446956104085	-0.000170275962306	-0.0589733865525	-0.0703458356964	0.0114242744669	-0.0219918177029	0.0473627138225	-0.0295823118665	0.045165040661	-0.0241633013725	-0.00382582274682	-0.0394211387825	-0.0011793171382
k__Bacteria;p__Bacteroidetes;c__Bacteroidia;o__Bacteroidales;f__Porphyromonadaceae;g__Barnesiella;s__Barnesiella_intestinihominis	-0.045387274273	-0.0641237071535	-0.00510616390414	0.0306483557044	0.0633753188541	-0.00989552116896	0.0268878783365	-0.0419183158481	0.00912294505175	0.0206291427391	-0.0612097725721	-0.0574284884986	-0.0132462617326	-0.00786581505652	-0.0596809111634	-0.00454767468092	-0.000631913240485	0.0936363639459	1.0	-0.0131045047614	0.00124910333522	-0.0256004738924	-0.0292026717343	-0.0556338877723	0.0329421201277	-0.0179982766522	0.0135290402053	0.0270009080655	0.00191709255307	-0.0290626393387	-0.0382457699586	-0.0390935619117	-0.00347280024927	0.0047753523462	-0.0579090115838	-0.0519292096967	-0.053140293395	-0.0123894669817	0.0312309542375	0.0313091023434	-0.0488106591881	-0.00789305327002	-0.0221982549028	-0.0145638408045	0.0614514521453	-0.00589384703803	-0.0330916470186	-0.0437103485822	0.00975216250328	-0.0228602493925	-0.0213855373344	-0.033877868411	-0.049841161819	0.0383078163343	-0.0231616662419	0.0241472414019	-0.0285402118721	-0.022228115624	-0.0548223830645
k__Bacteria;p__Bacteroidetes;c__Bacteroidia;o__Bacteroidales;f__Odoribacteraceae;g__Odoribacter;s__Odoribacter_splanchnicus	-0.0132315149845	0.0366357272799	-0.06188239028	-0.00180586215687	-0.0510065648605	-0.0259272425894	0.0626431761002	-0.0120036705812	-0.0213559367622	0.0212260402059	-0.00882017446589	0.0607546364364	-0.0314311376183	0.0449847734191	-0.0178416566831	-0.0602742369062	0.0242688094897	-0.00184627907573	-0.0131045047614	1.0	-0.0196270703594	-0.0324988572178	-0.0450385607113	-0.0463969606616	-0.0174202399014	-0.0366469972895	0.0581256976067	0.00294813408709	0.01286999408	-0.0173033373004	0.0341453853407	0.00789081676786	-0.0360385822823	-0.055520399935	0.0184457075007	-0.0412490166202	-0.0531553463894	-0.0155843419562	-0.0485916707219	-0.075940705913	-0.0239814275484	-0.0925865074627	0.015928082005	0.0281611154743	0.104023057232	0.0029586420068	-0.0297624785738	0.00849339512632	0.0327549905557	0.0631249362159	-0.0367074820192	-0.0497448722282	0.026129523098	0.0573351284699	0.0468861405155	-0.035558968627	-0.0228557535511	0.00318147041519	-0.03752529983
k__Bacteria;p__Bacteroidetes;c__Bacteroidia;o__Bacteroidales;f__Bacteroidaceae;g__Bacteroides;s__Bacteroides_salyersiae	-0.0831773426023	-0.00489641899971	-0.00457014018936	0.0211519546284	-0.0264715137545	-0.0207963686323	-0.0116587977906	-0.0190377219331	-0.0204914772028	-0.0249058369048	-0.0370012141836	-0.0624361600108	-0.0379594750874	-0.03567869583	-0.0238766045843	0.0485957008217	0.0375492793017	-0.0421298670608	0.00124910333522	-0.0196270703594	1.0	-0.0245830897202	0.0276951234014	0.0204011232932	-0.0546641973852	-0.0470520295146	0.100007138352	-0.0350759041728	0.00972726635958	-0.011647305293	0.0715297219649	0.0279161715267	-0.0518126720177	0.00955208227669	-0.0542901596708	-0.0531947261916	-0.0328670544349	0.00384875620568	0.0110303818003	-0.00933644338262	0.0456306827068	-0.00550502095219	-0.00290285133294	0.0289263832638	0.0181470127999	0.00173278480727	0.0273489395053	-0.0931045404355	-0.0221513473345	-0.0341995779631	0.0308119417719	0.0541042217112	0.00120582244445	-0.0657328928349	0.0608468742024	-0.0609042079632	-0.047802638753	-0.0569752190904	-0.0135041237383
k__Bacteria;p__Firmicutes;c__Clostridia;o__Clostridiales;f__Ruminococcaceae;g__Ruminiclostridium;s__[Eubacterium]_siraeum	-0.0728211407401	0.0423218773312	-0.0294355927706	-0.0502759264582	0.0340160868979	0.049339369359	-0.00580766774897	-0.00865833377541	-0.0421973172937	0.0256533876171	-0.0454365558106	0.0248045601896	-0.0309718587626	-0.016133940681	0.0064571067477	-0.0171450348506	-0.0538205499917	-0.0234361942683	-0.0256004738924	-0.0324988572178	-0.0245830897202	1.0	0.0334870294177	0.0114500956826	-0.0604611844921	0.0505192736555	0.0140825720224	0.0253827674517	-0.00529635894139	0.026725556362	0.0178127102683	-0.05441139178	0.0294072602961	-0.00801021251473	0.0173322113819	-0.00170373271006	0.00245655636581	-0.0141781422911	-0.0213926305007	0.00741352107106	-0.0506657766976	-0.0229690398693	-0.000389611595402	-3.58645707626e-05	-0.0295974324814	-0.0243666293874	0.00739391850967	0.061656045878	0.0249201402714	-0.066724575704	-0.071341205496	0.0164043298873	-0.0387539586799	0.00630424977692	-0.0121359859365	-0.0145408091581	-0.0185906444777	-0.038148276208	-0.0303409177529
k__Bacteria;p__Proteobacteria;c__Betaproteobacteria;o__Burkholderiales;f__Sutterellaceae;g__Parasutterella;s__Parasutterella_excrementihominis	-0.00718414297698	0.00167956716445	-0.041184037013	-0.0207975009384	0.00135467728835	-0.040313667812	-0.0484417536071	-0.0284521438418	-0.0212998420238	-0.0146504108373	-0.0409928494021	-0.0294529864072	0.0853492462331	0.00171492376123	0.010693411528	0.0553150148532	-0.0333703213745	0.0420820415265	-0.0292026717343	-0.0450385607113	0.0276951234014	0.0334870294177	1.0	0.0313002337192	-0.0276131502431	0.00594542100827	-0.0573176009193	-0.0245858270047	-0.0897716912298	-0.0120957728999	0.00104232838294	-0.00538173036996	-0.134949685187	0.0306165250804	0.00207794314804	0.0151505638301	0.081965687913	-0.026003590053	0.0205396707706	-0.0382616102728	-0.0212935316901	-0.0624522647483	-0.0406171433179	0.027001154813	-0.0182000118492	-0.00602498976021	-0.0173155881831	0.061310648359	-0.0571046021067	-0.0569532050425	0.0079886536721	0.0219064719712	0.0735912722501	-0.0396629013138	0.0117130177585	-0.0232131080777	-0.0657024424109	-0.0170198094364	-0.0158666824159
k__Bacteria;p__Actinobacteria;c__Actinobacteria;o__Bifidobacteriales;f__Bifidobacteriaceae;g__Bifidobacterium;s__Bifidobacterium_adolescentis	-0.0769506668845	-0.0332804600769	-0.0396122572105	-0.0141838729403	0.0306087393452	0.04259675105	-0.0335650439991	0.00830185055949	-0.0269281909018	-0.0184582461727	-0.0030547975428	-0.0127314602896	-0.00286406449732	-0.0170962885408	0.00359551886633	-0.000222178670023	-0.0487299533088	-0.0316545749528	-0.0556338877723	-0.0463969606616	0.0204011232932	0.0114500956826	0.0313002337192	1.0	-0.0232698464033	0.0171026505768	0.0747004886678	-0.0629742108168	-0.0441652711162	-0.0399214912251	0.0358512940982	0.0341497766444	-0.0554278808225	-0.0108985145914	0.0809270423721	-0.0260520582001	-0.0395341779272	0.0244352023845	-0.029867469454	-0.0133659084833	0.0566517976306	0.0526071945452	-0.0626421561972	-0.0511810567756	-0.0437958172917	0.00242261737061	-0.0465880514447	-0.0271914228206	0.0163116961439	0.0337963251851	0.0170887955659	-0.00781861757322	-0.0597570194702	-0.0287999036166	-0.0121202634415	-0.0297942344772	-0.0430122081277	0.0339050684268	-0.0537249358077
k__Bacteria;p__Firmicutes;c__Clostridia;o__Clostridiales;f__Oscillospiraceae;g__Oscillibacter;s__Oscillibacter_sp._KLE_1745	-0.0226955376241	0.0188532209565	-0.000591912163025	0.0173948347662	0.0172116522284	-0.0491879277792	0.00213435662377	0.0102438983214	0.0499085045714	0.0255942047472	-0.0212517100846	0.0393772019502	0.01147066673	0.0162820276629	0.0343170112179	0.0111951650431	0.0202062738698	-0.0593368971878	0.0329421201277	-0.0174202399014	-0.0546641973852	-0.0604611844921	-0.0276131502431	-0.0232698464033	1.0	-0.0549152362564	-0.0051601529637	0.0516759410731	-0.0392972100152	-0.0603741468858	-0.094762707564	-0.046746031003	-0.00611995798197	-0.032616347636	-0.0245387779106	-0.0502352629587	-0.0283431521725	-0.0132263160142	0.0574446673244	-0.0133857219086	0.00745624033241	-0.0189483564511	-0.012020608163	-0.0132940949567	-0.0244192012867	-0.00423268214557	-0.0419779119509	-0.00989315584677	0.0397600457986	0.000955693112471	0.0190759780387	-0.0674584742652	-0.0304809304079	0.0929555068319	0.0127125183881	-0.0631549725682	-0.0098648097682	0.00795115793527	-0.0251914531136
k__Bacteria;p__Bacteroidetes;c__Bacteroidia;o__Bacteroidales;f__Bacteroidaceae;g__Bacteroides;s__Bacteroides_coprophilus	-0.0703372965313	-0.0578111035009	0.0237197743325	-0.0168989489476	0.0334299888638	-0.0164484852937	-0.0301847497979	-0.0175499971791	-0.0672182343013	-0.017498293683	-0.00188004632415	-0.00542459429753	0.0322300895227	-0.00645767083224	0.0138569651322	0.00143484668444	0.000337428421574	-0.0366644504015	-0.0179982766522	-0.0366469972895	-0.0470520295146	0.0505192736555	0.00594542100827	0.0171026505768	-0.0549152362564	1.0	-0.0638875453933	-0.0912338397569	0.0535406090484	0.034319069025	0.000458704925283	-0.0149164024787	-0.0173224291249	0.0667069360666	-0.00695845231383	0.0246904440067	0.0225584162918	0.0316575379306	-0.0386391633554	0.000152811875761	0.0167320170458	-0.0188969113026	-0.0418532123391	-0.00794440626829	0.0203127090203	-0.0502614537135	-0.00235664721473	0.0321688171995	0.0390492912256	-0.0133231940559	0.0200916674393	-0.0375977039879	-0.035287132797	0.00483259312214	0.0394075440584	0.00961123208709	-0.0075653504721	-0.0288152990264	0.0128188447884
k__Bacteria;p__Firmicutes;c__Clostridia;o__Clostridiales;f__Lachnospiraceae;g__Roseburia;s__Roseburia_intestinalis	-0.0175872944101	-0.0119338686563	0.0207651364153	-0.0536706945847	-0.050250960007	0.0475160460284	0.000336378924232	-0.0891352218957	-0.0349349668151	0.0241577210664	-0.0181265310776	1.07415928565e-05	-0.0110523191839	0.0459821468789	0.0361975992848	-0.0292053266953	0.00365430285083	-0.0649984235831	0.0135290402053	0.0581256976067	0.100007138352	0.0140825720224	-0.0573176009193	0.0747004886678	-0.0051601529637	-0.0638875453933	1.0	0.00642376064565	-0.0617537358704	-0.0107770958672	-0.0270266999466	-0.0267370886474	-0.0137653098922	-0.100954650591	-0.0117685176594	0.0362106022743	0.041199538607	0.0533015159288	-0.00585002219924	-0.034436302651	-0.0352478472801	-0.0342462414387	-0.0121050899195	0.0159854142617	0.0158555853082	-0.143322145763	-0.0387110030466	-0.0744495173843	0.0124714925092	0.0415502082096	-0.031443736414	0.000190516728297	-0.0126257065858	-0.00219639489092	-0.0507495187144	0.0664688626093	-0.0241403247913	0.0316366992501	-0.0426056261016
k__Bacteria;p__Firmicutes;c__Clostridia;o__Clostridiales;f__Lachnospiraceae;g__Roseburia;s__Roseburia_hominis	-0.022256150936	0.0211674876509	-0.0013516219085	-0.0418910649543	0.0363626245946	-0.000358324670697	-0.035922905498	0.00480988359774	0.0299290238576	0.0243258114802	-0.0131711194501	-0.0240156320949	-0.00746592110493	-0.00900648866992	-0.0468420410535	-0.032624617183	-0.036590283984	-0.0352691443656	0.0270009080655	0.00294813408709	-0.0350759041728	0.0253827674517	-0.0245858270047	-0.0629742108168	0.0516759410731	-0.0912338397569	0.00642376064565	1.0	-0.0311701372262	-0.0975225872936	0.00223039541132	-0.0375256040658	-0.0412843015769	-0.0313704651987	-0.0445176473634	-0.0279606251872	0.0459054692569	0.0359168249601	0.0763844258413	-0.0401328922604	-0.00963256135319	-0.00655860858639	-0.119969350461	0.0554322819478	0.0362175337137	-0.037589170109	-0.04144626923	0.0570980259657	-0.0353325434607	0.0152590050884	-0.0478184617894	-0.0188966821546	-0.0178173849923	-0.0117592677485	0.0365738021487	0.0196739425848	-0.00041177031305	-0.0382420189053	-0.0302756251686
k__Bacteria;p__Bacteroidetes;c__Bacteroidia;o__Bacteroidales;f__Porphyromonadaceae;g__Parabacteroides;s__Parabacteroides_johnsonii	-0.0240593808164	0.028365245082	0.0325400650008	-0.0200536655013	-0.014305988676	-0.0314587807048	-0.0222594261995	-0.0145851047868	0.0134407261913	0.0182607777129	-0.0623252735303	-0.0616736808644	-0.0234165575475	0.0311137013148	-0.110604691474	-0.0373940655381	0.0304730996543	-0.0544237233423	0.00191709255307	0.01286999408	0.00972726635958	-0.00529635894139	-0.0897716912298	-0.0441652711162	-0.0392972100152	0.0535406090484	-0.0617537358704	-0.0311701372262	1.0	0.014866508925	-0.00658614334946	-0.0600314606858	-0.0128597452939	0.0128558439201	0.00662734282371	0.0072721327102	-0.0266350597408	-0.00488188719033	-0.0337670606197	0.0503997768092	0.0290863524273	-0.0319373305465	0.0395357598764	-0.0393369588357	0.0196880867841	-0.0660455994864	0.0334660415592	4.72425894586e-05	0.0190598384194	0.0245376268681	-0.0169844810366	-0.0082361882902	-0.0590818551272	-0.0657726566084	0.024079327977	-0.0432339660077	-0.0354983793546	0.0250836990026	-0.00758756230191
k__Bacteria;p__Actinobacteria;c__Actinobacteria;o__Bifidobacteriales;f__Bifidobacteriaceae;g__Bifidobacterium;s__Bifidobacterium_longum	-0.0068701576855	-0.0110573830655	-0.0176454014995	-0.0326692759923	-0.0581849255521	0.0220609399993	-0.0266189698033	-0.0380990855584	0.00268416232646	0.098262082374	-0.00957716864109	-0.000696569112865	0.0380512064814	0.0181313635245	-0.0033751009637	0.0250615366136	-0.0345133934912	-0.0529282957362	-0.0290626393387	-0.0173033373004	-0.011647305293	0.026725556362	-0.0120957728999	-0.0399214912251	-0.0603741468858	0.034319069025	-0.0107770958672	-0.0975225872936	0.014866508925	1.0	0.0856995089709	-0.0535046765441	-0.0269517484827	-0.0241606184981	-0.022319992325	-0.0262716888319	0.0260196991202	0.0310854451553	0.0372082720038	-0.048384659393	-0.00692588679944	0.0313306029176	0.00238179376876	-0.0109816012267	0.0406682186352	-0.000691747272624	0.00238679663077	0.0288328450093	-0.0558901738216	-0.0582222919995	0.0328248515251	0.00999306686208	0.00726220679831	0.00918444866986	-0.024290177881	-0.0101496516745	-0.0203193772743	0.0138433221662	-0.0102457691023
