#taxonomy	k__Bacteria;p__Bacteroidetes;c__Bacteroidia;o__Bacteroidales;f__Bacteroidaceae;g__Bacteroides;s__Bacteroides_vulgatus	k__Bacteria;p__Bacteroidetes;c__Bacteroidia;o__Bacteroidales;f__Bacteroidaceae;g__Bacteroides;s__Bacteroides_uniformis	k__Bacteria;p__Bacteroidetes;c__Bacteroidia;o__Bacteroidales;f__Rikenellaceae;g__Alistipes;s__Alistipes_putredinis	k__Bacteria;p__Bacteroidetes;c__Bacteroidia;o__Bacteroidales;f__Prevotellaceae;g__Prevotella;s__Prevotella_copri	k__Bacteria;p__Bacteroidetes;c__Bacteroidia;o__Bacteroidales;f__Bacteroidaceae;g__Bacteroides;s__Bacteroides_stercoris	k__Bacteria;p__Bacteroidetes;c__Bacteroidia;o__Bacteroidales;f__Bacteroidaceae;g__Bacteroides;s__Bacteroides_ovatus	k__Bacteria;p__Bacteroidetes;c__Bacteroidia;o__Bacteroidales;f__Rikenellaceae;g__Alistipes;s__Alistipes_shahii	k__Bacteria;p__Firmicutes;c__Clostridia;o__Clostridiales;f__Ruminococcaceae;g__Faecalibacterium;s__Faecalibacterium_prausnitzii	k__Bacteria;p__Bacteroidetes;c__Bacteroidia;o__Bacteroidales;f__Rikenellaceae;g__Alistipes;s__Alistipes_finegoldii	k__Bacteria;p__Bacteroidetes;c__Bacteroidia;o__Bacteroidales;f__Porphyromonadaceae;g__Parabacteroides;s__Parabacteroides_distasonis	k__Bacteria;p__Bacteroidetes;c__Bacteroidia;o__Bacteroidales;f__Bacteroidaceae;g__Bacteroides;s__Bacteroides_thetaiotaomicron	k__Bacteria;p__Bacteroidetes;c__Bacteroidia;o__Bacteroidales;f__Bacteroidaceae;g__Bacteroides;s__Bacteroides_coprocola	k__Bacteria;p__Bacteroidetes;c__Bacteroidia;o__Bacteroidales;f__Bacteroidaceae;g__Bacteroides;s__Bacteroides_cellulosilyticus	k__Bacteria;p__Bacteroidetes;c__Bacteroidia;o__Bacteroidales;f__Rikenellaceae;g__Alistipes;s__Alistipes_obesi	k__Bacteria;p__Firmicutes;c__Clostridia;o__Clostridiales;f__Lachnospiraceae;g__;s__[Eubacterium]_rectale	k__Bacteria;p__Bacteroidetes;c__Bacteroidia;o__Bacteroidales;f__Bacteroidaceae;g__Bacteroides;s__Bacteroides_plebeius	k__Bacteria;p__Bacteroidetes;c__Bacteroidia;o__Bacteroidales;f__Bacteroidaceae;g__Bacteroides;s__Bacteroides_fragilis	k__Bacteria;p__Proteobacteria;c__Betaproteobacteria;o__Burkholderiales;f__Sutterellaceae;g__Sutterella;s__Sutterella_wadsworthensis	k__Bacteria;p__Bacteroidetes;c__Bacteroidia;o__Bacteroidales;f__Porphyromonadaceae;g__Barnesiella;s__Barnesiella_intestinihominis	k__Bacteria;p__Bacteroidetes;c__Bacteroidia;o__Bacteroidales;f__Odoribacteraceae;g__Odoribacter;s__Odoribacter_splanchnicus	k__Bacteria;p__Bacteroidetes;c__Bacteroidia;o__Bacteroidales;f__Bacteroidaceae;g__Bacteroides;s__Bacteroides_salyersiae	k__Bacteria;p__Firmicutes;c__Clostridia;o__Clostridiales;f__Ruminococcaceae;g__Ruminiclostridium;s__[Eubacterium]_siraeum	k__Bacteria;p__Proteobacteria;c__Betaproteobacteria;o__Burkholderiales;f__Sutterellaceae;g__Parasutterella;s__Parasutterella_excrementihominis	k__Bacteria;p__Actinobacteria;c__Actinobacteria;o__Bifidobacteriales;f__Bifidobacteriaceae;g__Bifidobacterium;s__Bifidobacterium_adolescentis	k__Bacteria;p__Firmicutes;c__Clostridia;o__Clostridiales;f__Oscillospiraceae;g__Oscillibacter;s__Oscillibacter_sp._KLE_1745	k__Bacteria;p__Bacteroidetes;c__Bacteroidia;o__Bacteroidales;f__Bacteroidaceae;g__Bacteroides;s__Bacteroides_coprophilus	k__Bacteria;p__Firmicutes;c__Clostridia;o__Clostridiales;f__Lachnospiraceae;g__Roseburia;s__Roseburia_intestinalis	k__Bacteria;p__Firmicutes;c__Clostridia;o__Clostridiales;f__Lachnospiraceae;g__Roseburia;s__Roseburia_hominis	k__Bacteria;p__Bacteroidetes;c__Bacteroidia;o__Bacteroidales;f__Porphyromonadaceae;g__Parabacteroides;s__Parabacteroides_johnsonii	k__Bacteria;p__Actinobacteria;c__Actinobacteria;o__Bifidobacteriales;f__Bifidobacteriaceae;g__Bifidobacterium;s__Bifidobacterium_longum	k__Bacteria;p__Firmicutes;c__Clostridia;o__Clostridiales;f__;g__Flavonifractor;s__Flavonifractor_plautii	k__Bacteria;p__Firmicutes;c__Clostridia;o__Clostridiales;f__Clostridiaceae;g__Clostridium;s__Clostridium_phoceensis	k__Bacteria;p__Verrucomicrobia;c__Verrucomicrobiae;o__Verrucomicrobiales;f__Akkermansiaceae;g__Akkermansia;s__Akkermansia_muciniphila	k__Bacteria;p__Bacteroidetes;c__Bacteroidia;o__Bacteroidales;f__Prevotellaceae;g__Paraprevotella;s__Paraprevotella_xylaniphila	k__Bacteria;p__Firmicutes;c__Clostridia;o__Clostridiales;f__Ruminococcaceae;g__Ruminococcus;s__Ruminococcus_callidus	k__Bacteria;p__Bacteroidetes;c__Bacteroidia;o__Bacteroidales;f__Rikenellaceae;g__Alistipes;s__Alistipes_senegalensis	k__Bacteria;p__Firmicutes;c__Clostridia;o__Clostridiales;f__Lachnospiraceae;g__Blautia;s__Blautia_sp._KLE_1732	k__Bacteria;p__Bacteroidetes;c__Bacteroidia;o__Bacteroidales;f__Bacteroidaceae;g__Bacteroides;s__Bacteroides_oleiciplenus	k__Bacteria;p__Firmicutes;c__Clostridia;o__Clostridiales;f__Ruminococcaceae;g__Ruminococcus;s__Ruminococcus_bicirculans	k__Bacteria;p__Bacteroidetes;c__Bacteroidia;o__Bacteroidales;f__Bacteroidaceae;g__Bacteroides;s__Bacteroides_fluxus	k__Bacteria;p__Bacteroidetes;c__Bacteroidia;o__Bacteroidales;f__Prevotellaceae;g__Prevotella;s__Prevotella_stercorea	k__Bacteria;p__Firmicutes;c__Clostridia;o__Clostridiales;f__Lachnospiraceae;g__Dorea;s__Dorea_longicatena	k__Bacteria;p__Firmicutes;c__Clostridia;o__Clostridiales;f__Eubacteriaceae;g__Eubacterium;s__[Eubacterium]_eligens	k__Bacteria;p__Firmicutes;c__Clostridia;o__Clostridiales;f__Ruminococcaceae;g__;s__Ruminococcaceae_bacterium_D16	k__Bacteria;p__Firmicutes;c__Clostridia;o__Clostridiales;f__Lachnospiraceae;g__Coprococcus;s__Coprococcus_comes	k__Bacteria;p__Proteobacteria;c__Gammaproteobacteria;o__Enterobacterales;f__Enterobacteriaceae;g__Escherichia;s__Escherichia_coli	k__Bacteria;p__Firmicutes;c__Clostridia;o__Clostridiales;f__Ruminococcaceae;g__Anaerotruncus;s__Anaerotruncus_colihominis	k__Bacteria;p__Firmicutes;c__Clostridia;o__Clostridiales;f__Lachnospiraceae;g__Blautia;s__Blautia_obeum	k__Bacteria;p__Bacteroidetes;c__Bacteroidia;o__Bacteroidales;f__Odoribacteraceae;g__Odoribacter;s__Odoribacter_laneus	k__Bacteria;p__Firmicutes;c__Clostridia;o__Clostridiales;f__Ruminococcaceae;g__Ruminiclostridium;s__[Clostridium]_leptum	k__Bacteria;p__Bacteroidetes;c__Bacteroidia;o__Bacteroidales;f__Porphyromonadaceae;g__Parabacteroides;s__Parabacteroides_goldsteinii	k__Bacteria;p__Firmicutes;c__Clostridia;o__Clostridiales;f__Lachnospiraceae;g__Anaerostipes;s__Anaerostipes_hadrus	k__Bacteria;p__Firmicutes;c__Clostridia;o__Clostridiales;f__Ruminococcaceae;g__Ruminococcus;s__Ruminococcus_lactaris	k__Bacteria;p__Firmicutes;c__Clostridia;o__Clostridiales;f__Clostridiaceae;g__Clostridium;s__Clostridium_sp._L2-50	k__Bacteria;p__Firmicutes;c__Clostridia;o__Clostridiales;f__Clostridiaceae;g__Clostridium;s__Clostridium_sp._M62/1	k__Bacteria;p__Firmicutes;c__Clostridia;o__Clostridiales;f__;g__Intestinimonas;s__Intestinimonas_butyriciproducens	k__Bacteria;p__Actinobacteria;c__Actinobacteria;o__Bifidobacteriales;f__Bifidobacteriaceae;g__Bifidobacterium;s__Bifidobacterium_bifidum	k__Bacteria;p__Firmicutes;c__Negativicutes;o__Veillonellales;f__Veillonellaceae;g__Dialister;s__Dialister_invisus	k__Bacteria;p__Bacteroidetes;c__Bacteroidia;o__Bacteroidales;f__Bacteroidaceae;g__Bacteroides;s__Bacteroides_salanitronis
k__Bacteria;p__Bacteroidetes;c__Bacteroidia;o__Bacteroidales;f__Bacteroidaceae;g__Bacteroides;s__Bacteroides_vulgatus	1.0	-0.0262598627705	-0.0538568030693	0.0400339649871	-0.0147067205011	-0.00314397421055	-0.0447367004673	-0.0213512225804	-0.0774520990858	0.0227025674496	-0.0293384182922	-0.0415064995978	0.0655174493449	0.023200270536	-0.0209485053412	-0.024014632168	-0.0254848899251	0.00655357001837	-0.00472059087069	-0.0139467981976	0.00739757735597	0.00332451834715	-0.00396139986365	0.0130718676053	0.0846924847586	0.00920205410334	0.00476495174944	-0.0218723861669	-0.0271117120491	-0.00724469254193	-0.0374308081062	-0.0400003377799	-0.027496570345	0.0100056306427	0.0912776137047	0.00624465949012	-0.0153801800241	0.0561738557957	-0.07803465182	-0.00867411916361	0.0198033767863	-0.000686134257812	-0.0333960692117	-0.0999632733257	-0.0263702963039	-0.0385672994038	-0.0168354817427	0.0481853352013	0.0345483256484	0.0117280408264	-0.0370765876286	0.07096409704	-0.0160537042415	-0.0242386020799	-0.0272634091955	-0.0116242469726	-0.014608612232	-0.0327979605922	0.0277075820907
k__Bacteria;p__Bacteroidetes;c__Bacteroidia;o__Bacteroidales;f__Bacteroidaceae;g__Bacteroides;s__Bacteroides_uniformis	-0.0262598627705	1.0	0.0190323174717	-0.00711089407537	0.0381291433903	-0.0426173665917	0.0147842841046	-0.0125084980605	-0.019107498409	-0.00541580810372	0.00451956087513	0.0186382926078	0.0306654282188	-0.00501238629568	-0.0499763505986	-0.0127869412749	-0.0581433647202	0.00060679256067	-0.0488072708179	-0.0537663072982	0.00437097547528	-0.0383657768916	0.0322401531084	-0.0407602956759	0.0132040322745	-0.0542579220031	-0.00396263880691	0.0805079158266	-0.0215791411463	-0.035669958118	0.0111154457672	-0.0650849133441	-0.0218974207196	-0.0540985058507	0.0478997067465	-0.032463223479	0.0606552987977	-4.5681679764e-05	-0.0858696277303	0.102904019069	-0.0135753085726	0.0651719996781	0.017520175277	-0.0292550076055	-0.00191823624505	-0.0367231275355	-0.0195383010497	-0.0169939248058	-0.0486199244793	0.0054887766542	-0.000106936681364	-0.025923418947	-0.0336743638406	0.0577984882059	-0.00457198216428	0.0241308238088	0.0207147749857	-0.056454281557	-0.0520511607632
k__Bacteria;p__Bacteroidetes;c__Bacteroidia;o__Bacteroidales;f__Rikenellaceae;g__Alistipes;s__Alistipes_putredinis	-0.0538568030693	0.0190323174717	1.0	0.0548154656051	-0.0305952238055	-0.0568057143282	-0.0655910878378	-0.0436522177588	-0.0366013239821	-0.00625709001647	-0.0108478440937	-0.00305059593198	0.0356967310011	0.0616329842035	-0.00302954460893	-0.0478327320266	0.0184088438629	-0.0545361238925	-0.0205214828498	0.00608918588457	0.0143224618814	0.0676192572302	0.0195872269331	-0.0299080850245	-0.045039230812	-0.0156467089786	-0.005624147472	-0.0183582697202	0.00144704139311	-0.00906789414015	0.0139275051761	-0.0565743323116	0.0721590040213	0.0162037289863	-0.0580017248584	-0.018289833765	0.0223014755147	-0.0683047730617	-0.0475866100201	0.00711719771952	0.0208609858966	-0.0248687802141	-0.0423750501078	0.0318646786789	-0.0349557940897	0.040877723041	0.00543616553978	0.00283253503312	-0.00794356878099	0.0162135781474	-0.132161789192	-0.0260776176978	0.0148784478331	0.0543426132942	0.0109303174407	0.00096372871042	-0.0135906360654	-0.00209777505942	0.00664272009796
k__Bacteria;p__Bacteroidetes;c__Bacteroidia;o__Bacteroidales;f__Prevotellaceae;g__Prevotella;s__Prevotella_copri	0.0400339649871	-0.00711089407537	0.0548154656051	1.0	-0.0697911240646	-0.0658919292231	-0.0665180218211	-0.0393155537483	-0.0222010584373	0.00339026513932	0.0110027056154	0.015373309634	0.0202140555003	-0.060455370403	-0.00706215131549	-0.060678151497	0.0251873863646	-0.00373484205766	0.0212491918154	-0.0490937033745	-0.0404431299974	-0.0168359791407	-0.0317673853558	-0.0287344566036	-0.0113278875855	-0.0169063798122	0.0178590388933	-0.0466132536435	-0.0243184679166	-0.0143931715469	-0.0446564869384	0.0135263609806	0.0598523672104	0.0114719254599	-0.0140086371379	-0.0387347786263	-0.00410776117006	0.00372314474111	0.0182598513545	0.0453453511501	-0.0072564798258	-0.0138068775269	-0.0226979722098	0.0360318141923	0.038587919054	-0.0583234617377	-0.0457597255057	-0.00430341169305	-0.00183181582215	-0.0448472473951	0.0337352834916	-0.0125274798933	0.0446116893165	-0.0847376555106	-0.0424186553373	0.0450913504368	-0.0200108399112	-0.00935691094158	0.0236469813804
k__Bacteria;p__Bacteroidetes;c__Bacteroidia;o__Bacteroidales;f__Bacteroidaceae;g__Bacteroides;s__Bacteroides_stercoris	-0.0147067205011	0.0381291433903	-0.0305952238055	-0.0697911240646	1.0	0.0507169129185	0.0466969373126	-0.0533008557121	-0.00342062654859	0.0296431697761	-0.0539061199327	-0.00852337229297	0.00651289917833	-0.0631618605491	0.0115123858429	0.0367071507021	-0.0430343222496	0.0406212345995	-0.0545575856662	-0.00337996373948	-0.0355115532266	-0.0305209460114	-0.0574680758067	0.0653963092076	-0.0399372853071	-0.0230851360072	0.00416605155406	-0.0406428025127	0.0278622667792	-0.00177585290339	-0.0357904234042	0.0573572888472	0.013517984838	-0.0122529167861	0.0107245042746	-0.0285767141472	-0.100258887735	-0.0497542705939	0.00437441074326	0.0761500791251	0.0495394588279	-0.0819397473451	0.0208444208595	0.0359851370011	-0.0491354978068	0.0647070599722	0.0382627178646	-0.0237419836098	-0.00929357538801	-0.0931218927028	0.0143744223135	-0.0816769539091	-0.043885988496	-0.0483049388164	-0.032772772838	-0.0158198241033	0.0648629162391	0.0224781732391	-0.042926655806
k__Bacteria;p__Bacteroidetes;c__Bacteroidia;o__Bacteroidales;f__Bacteroidaceae;g__Bacteroides;s__Bacteroides_ovatus	-0.00314397421055	-0.0426173665917	-0.0568057143282	-0.0658919292231	0.0507169129185	1.0	-0.0694592524716	0.0289570144427	-0.0528780227132	-0.0312725915537	-0.0236982992089	-0.0300373742566	-0.0443312022069	0.0718362499488	0.0082921342922	0.0636164695419	-0.0445043116342	-0.0218008108581	0.0160693380501	-0.00330439177394	-0.0680182878723	-0.0336588135156	-0.019418686367	-0.0343412359963	-0.0227813235471	0.0076832595557	0.0069095173746	-0.00489884538034	-0.0441266270331	0.0230406333613	-0.0553275287668	0.0124749357489	0.0497462657337	-0.0147606142366	0.00114728035192	-0.0162230659551	-0.025957014488	-0.00125342437812	-0.0713224772862	-0.0874729927791	-0.0555612028649	-0.0151945302051	0.00598849679771	0.0625547006766	0.0119394459973	-0.00104543452472	0.0330250040092	-0.0393950171291	0.0301583818537	-0.0118631825069	0.0386004551648	-0.0861954096341	0.0504894755495	-0.0341193376959	0.00729860414039	-0.0686130801092	-0.0263162197029	0.0312496131644	-0.0516506170972
k__Bacteria;p__Bacteroidetes;c__Bacteroidia;o__Bacteroidales;f__Rikenellaceae;g__Alistipes;s__Alistipes_shahii	-0.0447367004673	0.0147842841046	-0.0655910878378	-0.0665180218211	0.0466969373126	-0.0694592524716	1.0	0.0123273917684	-0.0295557146626	0.0480712312414	0.0203964473878	-0.0429480990056	-0.0599534083628	0.036010300691	0.0140321241109	0.0333229709981	-0.0175801045361	0.038486164776	-0.0706924992667	-0.05692982981	0.00217977838435	-0.044022049931	-0.0787046547235	-0.0305525449764	-0.00766585562891	-0.0248863224204	0.0405821614811	0.0391574401563	0.0252113518717	0.000455290242092	0.0743940241667	0.0106467459873	0.0241703691738	0.00402494234401	-0.0205776828745	-0.00733583750881	0.000182672587817	-0.0173267309802	-0.00298276084736	-0.0438912560632	0.0090032286163	-0.0559841894751	0.0654521885703	-0.0332821639451	0.0292421346168	-0.0210845378411	0.0105309704517	-0.0826880455332	-0.0373258394401	-0.00114956496841	0.0184376441915	-0.083786666641	0.0352633706921	-0.049643660134	-0.00823242019378	0.0634979833845	0.043421369306	0.0754587768354	0.0692207151521
k__Bacteria;p__Firmicutes;c__Clostridia;o__Clostridiales;f__Ruminococcaceae;g__Faecalibacterium;s__Faecalibacterium_prausnitzii	-0.0213512225804	-0.0125084980605	-0.0436522177588	-0.0393155537483	-0.0533008557121	0.0289570144427	0.0123273917684	1.0	0.0252197566198	-0.017195316822	-0.102366337563	-0.0176159776013	-0.0814895640744	-0.0812503856121	-0.0622219608189	0.0156674748683	-0.010466020512	-0.034627771756	-0.0322136853767	0.0958463996753	-0.0493227014458	0.0539022955601	-0.0295030235462	-0.0233070146016	-0.0599828259826	-0.0651677121928	-0.0403940906184	-0.0875151774163	-0.0202535833769	-0.0800718712254	0.0671854231283	-0.0385345952834	-0.0625947841478	-0.00538501468042	0.018184556687	-0.00125952757696	-0.0413077883354	0.0149213132205	-0.0731440332092	-0.0421046601319	-0.046953835987	0.00304037064702	-0.0108890357541	-0.0373493435523	0.0685084240081	0.0557678259964	0.109816561404	0.00267979524945	-0.0327916880686	-0.0431553256544	-0.0287890871092	-0.0489182314086	-0.0480256583592	-0.0335478533781	0.0189670385002	-0.026891496733	-0.088038608714	0.0334856806505	0.0451631884608
k__Bacteria;p__Bacteroidetes;c__Bacteroidia;o__Bacteroidales;f__Rikenellaceae;g__Alistipes;s__Alistipes_finegoldii	-0.0774520990858	-0.019107498409	-0.0366013239821	-0.0222010584373	-0.00342062654859	-0.0528780227132	-0.0295557146626	0.0252197566198	1.0	-0.0161159450535	-0.0297273656687	-0.0769782447865	-0.00508306192172	0.00489124141237	-0.0283009717466	-0.0342027448142	-0.00470344551841	0.0234828565694	-0.0425848117941	-0.0592232183752	-0.0110227797981	-0.0339494301432	-0.00858402023858	0.0353152127796	-0.0245868817221	-0.0139795674671	0.0287042060858	-0.0123575899001	-0.0169984988307	-0.0151739618761	0.00169414357178	-0.0231894490272	-0.0400673738745	-0.022976021428	-0.0367274857772	-0.0570475452768	0.0499230494707	0.00209056860235	-0.00906055851768	0.0503057578589	-0.029167965801	0.0453713810778	-0.0794777455779	-0.0525317703507	-0.0197291528008	0.060232894884	0.0600306778129	-0.105222606396	0.0648941296344	-0.0197824626979	-0.0319134741442	-0.0407632363073	-0.0200251921969	-0.0272967180219	0.00649309326887	0.00946748813235	-0.0398909684228	-0.0475474111512	0.0334565396103
k__Bacteria;p__Bacteroidetes;c__Bacteroidia;o__Bacteroidales;f__Porphyromonadaceae;g__Parabacteroides;s__Parabacteroides_distasonis	0.0227025674496	-0.00541580810372	-0.00625709001647	0.00339026513932	0.0296431697761	-0.0312725915537	0.0480712312414	-0.017195316822	-0.0161159450535	1.0	0.0172421819346	-0.0267946532204	-0.00935172703118	0.00458903012934	0.014884897611	-0.0263944621898	0.0375592551633	-0.0260478816902	0.083471919847	0.0210309362967	0.00497678702127	-0.0701046364177	-0.0266565926025	0.0021130734743	-0.0289383481054	-0.00606462834256	-0.0115872867529	0.035898903482	-0.0142988341856	0.0889838121488	0.00888056861149	-0.0411307257747	-0.0269989578015	-0.0421853163153	-0.0604110992264	-0.0258470777496	0.0432337905634	0.00793561248642	-0.00647825185926	0.0135109012563	-0.023595917623	0.0155165837399	-0.0193481544443	-0.0592452617155	-0.0136449931572	-0.0986112821279	-0.0370261566895	-0.0406751573537	0.0194422175565	0.0226588704081	-0.0882504748843	-0.0112769828473	-0.00486689560072	0.0378028828495	-0.00367647050861	-0.0328953121923	0.0620150296267	0.0758220890916	0.019739997811
k__Bacteria;p__Bacteroidetes;c__Bacteroidia;o__Bacteroidales;f__Bacteroidaceae;g__Bacteroides;s__Bacteroides_thetaiotaomicron	-0.0293384182922	0.00451956087513	-0.0108478440937	0.0110027056154	-0.0539061199327	-0.0236982992089	0.0203964473878	-0.102366337563	-0.0297273656687	0.0172421819346	1.0	-0.0148734937759	0.00735240047184	0.0711615811793	0.0113541248582	-0.0281540938977	0.0141908488339	0.05808268792	-0.0513917310083	0.00709769635923	0.0439657655587	0.0124251496495	0.0174223957554	-0.0276170002175	-0.105210204358	0.0656013348266	-0.0789283831592	0.0391809250633	-0.0816533453831	0.071966094961	-0.0293747834371	0.00858990230658	0.0239340575599	0.00611958271804	-0.0228724683256	0.0286108460073	0.0202524558556	0.0208672153388	-0.00981247391483	-0.0257438784816	0.0205358014646	-0.011318390273	-0.0211171474078	0.00976171773092	0.00804082424742	-0.0642000187405	-0.0067568513177	-0.0870036187505	0.0114857800353	0.0220936678219	0.0379067841642	-0.0215657339472	-0.0309838608213	0.0111876068613	-0.0303861414048	0.0762814486518	-0.00851723765189	0.0468792285501	-0.0376856818812
k__Bacteria;p__Bacteroidetes;c__Bacteroidia;o__Bacteroidales;f__Bacteroidaceae;g__Bacteroides;s__Bacteroides_coprocola	-0.0415064995978	0.0186382926078	-0.00305059593198	0.015373309634	-0.00852337229297	-0.0300373742566	-0.0429480990056	-0.0176159776013	-0.0769782447865	-0.0267946532204	-0.0148734937759	1.0	0.0156001767792	-0.00263788213534	-0.00997416585007	-0.0203046245133	-0.0206852650806	0.0156572315315	0.0175642332213	-0.0111429560209	-0.0130465626862	-0.0768841420346	0.0203796374941	-0.0481746812825	0.059042466201	-0.00391154613035	-0.0282809738296	-0.020284977222	0.00909162247755	-0.0862283049084	0.0319637596079	-0.0336959552418	-0.0153893810765	0.065601742925	0.0687908454402	0.00541163336401	-0.0317281856958	0.0291557068184	-0.00569159905479	0.00542800744499	-0.024152974386	0.0701437293191	-0.0280452950764	-0.0318483837823	0.0971382241145	0.0109240887109	0.00314769786391	-0.0165902006585	-0.0451927276523	-0.0209379709593	-0.0362518577708	-0.00810544942999	0.0527072817671	0.00727544499906	0.0439522005518	-0.106891998127	-0.0440819095782	-0.0600874426727	-0.0178886266319
k__Bacteria;p__Bacteroidetes;c__Bacteroidia;o__Bacteroidales;f__Bacteroidaceae;g__Bacteroides;s__Bacteroides_cellulosilyticus	0.0655174493449	0.0306654282188	0.0356967310011	0.0202140555003	0.00651289917833	-0.0443312022069	-0.0599534083628	-0.0814895640744	-0.00508306192172	-0.00935172703118	0.00735240047184	0.0156001767792	1.0	0.0397711356062	0.0177894975947	-0.021728038013	0.0218294589269	-0.00188177635153	0.032960039867	0.00595162065439	-0.0774627374592	0.0375026232777	0.0187168536052	0.00133177065796	-0.00856110847524	-0.00463624672062	-0.0941099984329	-0.0608137558264	0.0166353240838	0.0829452215052	0.0542384985634	-0.0334625288718	-0.0297317617183	-0.0160730956859	-0.0427538159999	0.0825737882213	-0.0245095129054	-0.0234294695229	-0.0306266381177	0.0829177695882	0.0147427910635	-0.0309892495794	-0.0572864213253	-0.0711382839483	0.0210015580741	-0.00364291436737	0.0488499132682	-0.107806076694	0.0218689138449	0.00341507106419	-0.0571784423898	-0.0153558987859	0.0191999072972	-0.00895190107371	-0.0142715789078	-9.71034889851e-05	-0.0166250082608	0.0238801325815	-0.0348998386225
k__Bacteria;p__Bacteroidetes;c__Bacteroidia;o__Bacteroidales;f__Rikenellaceae;g__Alistipes;s__Alistipes_obesi	0.023200270536	-0.00501238629568	0.0616329842035	-0.060455370403	-0.0631618605491	0.0718362499488	0.036010300691	-0.0812503856121	0.00489124141237	0.00458903012934	0.0711615811793	-0.00263788213534	0.0397711356062	1.0	0.00745955352735	0.0333618194436	-0.0215427650291	0.00855031147639	0.00280989515592	-0.0607942461835	0.00807052011127	0.0843689015899	-0.00711974708274	-0.0313498574881	0.0183416291032	-0.00170110149727	-0.0544049944504	-0.0020805761422	-0.0151086543692	0.0117997266935	-0.0333111484779	0.0304609427397	0.0368868385007	0.017667595211	-0.0750818604416	-0.00238591073888	-0.0605717057755	0.0663409213847	-0.0517242255197	-0.0552555870016	-0.0535389203297	-0.0190280799286	0.0565632029628	0.0287130090516	-0.0124055678021	-0.0185752398223	-0.0236638040735	0.00101007154439	0.0639202189472	-0.0282424970081	-0.0377721555761	0.00398351685766	-0.0268639156238	-0.0374857461354	0.0222384616141	0.012304486338	0.00605149958112	-0.0225460145238	0.0184600725558
k__Bacteria;p__Firmicutes;c__Clostridia;o__Clostridiales;f__Lachnospiraceae;g__;s__[Eubacterium]_rectale	-0.0209485053412	-0.0499763505986	-0.00302954460893	-0.00706215131549	0.0115123858429	0.0082921342922	0.0140321241109	-0.0622219608189	-0.0283009717466	0.014884897611	0.0113541248582	-0.00997416585007	0.0177894975947	0.00745955352735	1.0	0.0262398024014	0.0374011104428	-0.0393650784133	0.0398336329843	-0.105191344289	-0.00513881074162	-0.0354284861832	0.0628991748563	-0.0174981031284	0.00608662068215	0.00157634737997	-0.0753175622529	0.00984840493629	0.0136782900711	-0.00602737731607	-0.0116945683716	0.00571801179839	-0.00742060545949	0.0203087513615	0.0213257299568	-0.0222365893371	0.026270939123	-0.0380363682743	-0.0431486571111	-0.0330650329385	0.0202412212364	-0.0268213699493	-0.0142729980629	-0.020245737757	-0.0260056987824	-0.0546446856395	0.0268192230987	0.0654601121391	0.00862736005352	0.0458724088439	0.0371628279867	0.0425124102112	0.0249895465723	-0.0339297742888	0.0452435802248	-0.0441069095191	0.00428280873358	-0.0341398063693	-0.0605664499016
k__Bacteria;p__Bacteroidetes;c__Bacteroidia;o__Bacteroidales;f__Bacteroidaceae;g__Bacteroides;s__Bacteroides_plebeius	-0.024014632168	-0.0127869412749	-0.0478327320266	-0.060678151497	0.0367071507021	0.0636164695419	0.0333229709981	0.0156674748683	-0.0342027448142	-0.0263944621898	-0.0281540938977	-0.0203046245133	-0.021728038013	0.0333618194436	0.0262398024014	1.0	-0.023202202544	-0.0737206622661	0.026131055833	-0.00279106543441	-0.00984251705162	0.0153162534293	-0.0285749979993	-0.0614599224745	-0.0987692811591	0.00243287729252	0.0214759960623	-0.0317658948951	-0.00380648701063	-0.0182290525012	-0.0579904094543	0.0455996654025	-0.0225373701571	-0.0183601576146	-0.0518804007002	0.014605508518	0.0341453239893	0.0136128130913	0.0273159577607	-0.0266240245136	-0.0333250296562	0.0263843589226	-0.0344919786072	-0.0221802590759	0.0146474353574	0.0145219109197	-0.0377390854287	-0.0364729823201	0.00731368502998	-0.0459003773762	0.00166883938543	0.000229100549688	-0.0230341709283	-0.0655573267194	-0.0373452342941	0.00763970665619	-0.00131277805775	-0.0309149789562	0.0452305419664
k__Bacteria;p__Bacteroidetes;c__Bacteroidia;o__Bacteroidales;f__Bacteroidaceae;g__Bacteroides;s__Bacteroides_fragilis	-0.0254848899251	-0.0581433647202	0.0184088438629	0.0251873863646	-0.0430343222496	-0.0445043116342	-0.0175801045361	-0.010466020512	-0.00470344551841	0.0375592551633	0.0141908488339	-0.0206852650806	0.0218294589269	-0.0215427650291	0.0374011104428	-0.023202202544	1.0	0.00506073631749	-0.00686382557843	-0.053437590307	0.0381368821281	-0.00552289714302	-0.0342470978685	0.00078940829489	-0.0591944813302	-0.0108216639674	-0.0293936723119	-0.0343593507796	0.0552134557001	-0.10066174057	-0.0309924487312	-0.0266392198451	0.026994987773	-0.0629110246226	-0.0309144765887	0.0432986960227	-0.0369536030021	0.0150744888035	-0.0521800972418	0.00388311503437	-0.0405474417985	0.0570991494551	0.0123703423815	-0.0543738401634	-0.0440929982644	-0.0259905169922	0.0410623153135	0.0120313113755	-0.0161477038644	-0.0162335545375	0.0574546459382	0.053647831689	0.0169759592321	0.0293527772241	-0.0389270626624	0.00758654955183	0.00295984665435	-0.019877005055	-0.0200778974175
k__Bacteria;p__Proteobacteria;c__Betaproteobacteria;o__Burkholderiales;f__Sutterellaceae;g__Sutterella;s__Sutterella_wadsworthensis	0.00655357001837	0.00060679256067	-0.0545361238925	-0.00373484205766	0.0406212345995	-0.0218008108581	0.038486164776	-0.034627771756	0.0234828565694	-0.0260478816902	0.05808268792	0.0156572315315	-0.00188177635153	0.00855031147639	-0.0393650784133	-0.0737206622661	0.00506073631749	1.0	0.0041594977035	0.0263262827724	0.0173227572617	0.0779806276703	0.0856690818069	-0.00978505538517	0.014813632699	-0.0329822567998	-0.0466029181957	0.0159162769845	0.0318028651891	-0.0155268361872	-0.0443288213163	-0.00956843906034	-0.0167738793252	0.0165493768587	-0.026633682349	0.031414763496	-0.0179503302598	0.00968234603462	-0.0560570275666	-0.0766386320884	0.00947849666334	-0.02577018282	-0.0539943513063	-0.0283186762618	-0.0353629258202	-0.0458619089608	0.0213291955091	0.0723917182617	-0.0328609840397	0.0580582319167	-0.0298465526277	-0.0403273494337	-0.01674189076	0.01824496428	-0.0374979016797	-0.0433390899337	-0.026216801336	-0.05376771949	-0.0215791472637
k__Bacteria;p__Bacteroidetes;c__Bacteroidia;o__Bacteroidales;f__Porphyromonadaceae;g__Barnesiella;s__Barnesiella_intestinihominis	-0.00472059087069	-0.0488072708179	-0.0205214828498	0.0212491918154	-0.0545575856662	0.0160693380501	-0.0706924992667	-0.0322136853767	-0.0425848117941	0.083471919847	-0.0513917310083	0.0175642332213	0.032960039867	0.00280989515592	0.0398336329843	0.026131055833	-0.00686382557843	0.0041594977035	1.0	-0.0241264126022	0.00557984498797	0.00601438917034	-0.0143250972294	-0.00786414200754	0.0647693088435	-0.051414199667	-0.0102043269447	0.0436395236339	-0.0855275126028	0.000547823248795	0.0456854648472	-0.0474986663747	-0.0406727658192	-0.0454078045837	0.0324935732929	-0.0131906056691	0.0155689147687	-0.0186983303959	-0.00702039440215	-0.0155363058797	-0.0697706385697	0.0247386873931	-0.0253579386816	0.00241458667787	-0.0429649293525	-0.0799946994271	-0.0389528522303	0.0048665018892	-0.00291636218902	0.0140652659996	-0.061586248764	-0.0189478315014	-0.0271132269201	-0.0317828022044	-0.0649751769686	0.0726261693097	-0.0345703604634	0.0537833942438	-0.0298014234913
k__Bacteria;p__Bacteroidetes;c__Bacteroidia;o__Bacteroidales;f__Odoribacteraceae;g__Odoribacter;s__Odoribacter_splanchnicus	-0.0139467981976	-0.0537663072982	0.00608918588457	-0.0490937033745	-0.00337996373948	-0.00330439177394	-0.05692982981	0.0958463996753	-0.0592232183752	0.0210309362967	0.00709769635923	-0.0111429560209	0.00595162065439	-0.0607942461835	-0.105191344289	-0.00279106543441	-0.053437590307	0.0263262827724	-0.0241264126022	1.0	0.0114690870615	-0.0170420167421	-0.00609750483066	-0.00927677329046	0.00745642852648	-0.0499466216616	-0.0375581329485	-0.0415960178939	-0.047425746555	-0.0159101648873	0.00950809410446	-0.0210495601686	0.00731574325972	0.011504072726	0.00545721602193	-0.0327242501212	0.0232604796987	0.0215753515038	0.0353675344195	-0.0246714324905	0.0620957355909	0.0224944423781	-0.0185236283778	-0.00443870087319	0.0241752196186	0.00444011149287	-0.0128339139107	0.0731221608319	-0.0157917670803	-0.0300151401886	0.0434697981072	-0.0344998500836	-0.0932884128487	0.0483373290177	-0.0234927009955	0.104538994826	-0.13218779271	-0.026831499264	-0.033617414777
k__Bacteria;p__Bacteroidetes;c__Bacteroidia;o__Bacteroidales;f__Bacteroidaceae;g__Bacteroides;s__Bacteroides_salyersiae	0.00739757735597	0.00437097547528	0.0143224618814	-0.0404431299974	-0.0355115532266	-0.0680182878723	0.00217977838435	-0.0493227014458	-0.0110227797981	0.00497678702127	0.0439657655587	-0.0130465626862	-0.0774627374592	0.00807052011127	-0.00513881074162	-0.00984251705162	0.0381368821281	0.0173227572617	0.00557984498797	0.0114690870615	1.0	-0.0329082762418	-0.0226826829929	-0.0485141899487	-0.0291334549092	0.0165200025301	0.0458358842737	0.0104142287564	0.0247500535819	-0.0210048936208	-0.0396977173019	-0.104073265904	-0.0657840088607	-0.00677880155739	0.0471055365534	-0.0260350575299	-0.0352408227091	-0.0771898294881	-0.0307456218592	-0.0357627745675	-0.00733684784602	-0.0354985268131	-0.0341192265973	0.0136946231822	0.0351080003367	0.0497446265473	-0.0444734531607	-0.0286904131152	0.009432503887	0.0339063553756	0.0458027247658	-0.0233707607424	0.0412877700444	-0.0387569685228	-0.090871770556	-0.0696904486185	0.0357837320524	-0.0639639273033	0.0341298690436
k__Bacteria;p__Firmicutes;c__Clostridia;o__Clostridiales;f__Ruminococcaceae;g__Ruminiclostridium;s__[Eubacterium]_siraeum	0.00332451834715	-0.0383657768916	0.0676192572302	-0.0168359791407	-0.0305209460114	-0.0336588135156	-0.044022049931	0.0539022955601	-0.0339494301432	-0.0701046364177	0.0124251496495	-0.0768841420346	0.0375026232777	0.0843689015899	-0.0354284861832	0.0153162534293	-0.00552289714302	0.0779806276703	0.00601438917034	-0.0170420167421	-0.0329082762418	1.0	0.0105260530196	-0.0348696168972	0.0564453942668	-0.0303656878611	-0.0254633542468	-0.00282931346214	-0.0547842315515	-0.018092965649	-0.00672252609385	0.0197499150368	0.0478357395711	0.0394802564685	-0.0490983856312	0.0307611725921	-0.0336473885272	0.032663909246	-0.0840966190947	-0.0219823499355	-0.0723804544583	-0.0157339201569	-0.00791777200286	-0.00583415129373	0.0462519611	-0.0437948882285	0.0535710178144	-0.0462115008984	-0.0977946890869	0.00528321403198	-0.107077467392	-0.0793245482789	0.0546413414427	-0.00107143686379	-0.0317534179523	0.0577910184645	0.035959566368	-0.00607708231979	-0.0148247700413
k__Bacteria;p__Proteobacteria;c__Betaproteobacteria;o__Burkholderiales;f__Sutterellaceae;g__Parasutterella;s__Parasutterella_excrementihominis	-0.00396139986365	0.0322401531084	0.0195872269331	-0.0317673853558	-0.0574680758067	-0.019418686367	-0.0787046547235	-0.0295030235462	-0.00858402023858	-0.0266565926025	0.0174223957554	0.0203796374941	0.0187168536052	-0.00711974708274	0.0628991748563	-0.0285749979993	-0.0342470978685	0.0856690818069	-0.0143250972294	-0.00609750483066	-0.0226826829929	0.0105260530196	1.0	-0.0132682187149	-0.056989912725	0.0232657831102	-0.0413272261161	0.0435765118389	-0.109421139323	-0.0350998266089	0.0142668857578	-0.0703476157431	0.0275179154756	-0.020032638197	-0.05791547257	0.0435076160951	-0.0242295768748	0.0345331480925	-0.0221801002738	-0.0076887313848	0.0143148207348	-0.0139105215688	0.026967391265	0.0440389712929	-0.0534299324563	-0.0321447683547	0.0391113078923	0.0449704335137	-0.0317452434537	-0.0176712664293	-0.0138125965487	0.00767051345314	0.0404129893722	0.00666482540558	-0.00791988654885	-0.0843945283668	-0.0176269502134	-0.0832436742533	-0.0181446807932
k__Bacteria;p__Actinobacteria;c__Actinobacteria;o__Bifidobacteriales;f__Bifidobacteriaceae;g__Bifidobacterium;s__Bifidobacterium_adolescentis	0.0130718676053	-0.0407602956759	-0.0299080850245	-0.0287344566036	0.0653963092076	-0.0343412359963	-0.0305525449764	-0.0233070146016	0.0353152127796	0.0021130734743	-0.0276170002175	-0.0481746812825	0.00133177065796	-0.0313498574881	-0.0174981031284	-0.0614599224745	0.00078940829489	-0.00978505538517	-0.00786414200754	-0.00927677329046	-0.0485141899487	-0.0348696168972	-0.0132682187149	1.0	-0.0486455010981	-0.0601182773982	-0.0167401409251	-0.0375303277367	-0.0325879058629	0.0329079465919	0.0445105707584	0.00596702738253	0.0631125809226	-0.0264913591631	0.00769398646312	-0.0122601410615	-0.032724259988	-0.0293585954299	0.0246209251997	-0.00588493409612	-0.0104322238688	0.00532332145879	-0.0401146610145	0.0312589108307	-0.0209844331381	-0.0226147979065	0.0176118853241	-0.0702364325654	-0.0182972394972	-0.0260144471788	0.0631540786522	-0.0595464928483	0.0142248067646	-0.00428280947245	0.0160285226975	-0.0318059185282	0.0116496501637	-0.0201199634367	0.0246487513017
k__Bacteria;p__Firmicutes;c__Clostridia;o__Clostridiales;f__Oscillospiraceae;g__Oscillibacter;s__Oscillibacter_sp._KLE_1745	0.0846924847586	0.0132040322745	-0.045039230812	-0.0113278875855	-0.0399372853071	-0.0227813235471	-0.00766585562891	-0.0599828259826	-0.0245868817221	-0.0289383481054	-0.105210204358	0.059042466201	-0.00856110847524	0.0183416291032	0.00608662068215	-0.0987692811591	-0.0591944813302	0.014813632699	0.0647693088435	0.00745642852648	-0.0291334549092	0.0564453942668	-0.056989912725	-0.0486455010981	1.0	0.0314297821831	-0.026010227275	-0.0151216028909	-0.0587895405908	-0.0613741708281	0.0158528443743	0.0113484980597	0.0142666020953	0.00186957243196	-0.0644033089974	0.0046696598891	0.00139215862861	0.0356176787588	-0.0150165369807	0.00227276353836	0.0663839886497	-0.0143294111809	-0.0150403008391	0.00418038074905	-0.0573314488488	0.0503847592994	-0.0517685300858	0.0319526744467	0.0169466004105	-0.0993816515899	-0.00504900355411	-0.0926440219117	0.00813870267318	-0.0139397815688	-0.0154671119008	-0.0321917921735	-0.00440495026664	0.0300874716366	0.00482875905148
k__Bacteria;p__Bacteroidetes;c__Bacteroidia;o__Bacteroidales;f__Bacteroidaceae;g__Bacteroides;s__Bacteroides_coprophilus	0.00920205410334	-0.0542579220031	-0.0156467089786	-0.0169063798122	-0.0230851360072	0.0076832595557	-0.0248863224204	-0.0651677121928	-0.0139795674671	-0.00606462834256	0.0656013348266	-0.00391154613035	-0.00463624672062	-0.00170110149727	0.00157634737997	0.00243287729252	-0.0108216639674	-0.0329822567998	-0.051414199667	-0.0499466216616	0.0165200025301	-0.0303656878611	0.0232657831102	-0.0601182773982	0.0314297821831	1.0	-0.0396647907372	0.0170475420563	-0.0294229468376	-0.0120580646711	-0.0394309826066	-0.0927182372401	-0.0382472727878	-0.0100642905897	-0.0412497212692	0.048502253356	-0.054706987512	0.0438103287403	0.0790672609942	-0.0569118683092	-0.025291681954	-0.0234675509821	-0.0324274335239	-0.0148807008253	0.0120789236105	0.00914726530941	0.0218348872481	-0.002593316324	0.0767048386221	-0.00330291115479	0.038144362356	-0.00175406598162	-0.048827093253	-0.0695605018517	-0.0392329724256	-0.0189601356535	0.00087543721971	-0.0512195272745	-0.0212744857788
k__Bacteria;p__Firmicutes;c__Clostridia;o__Clostridiales;f__Lachnospiraceae;g__Roseburia;s__Roseburia_intestinalis	0.00476495174944	-0.00396263880691	-0.005624147472	0.0178590388933	0.00416605155406	0.0069095173746	0.0405821614811	-0.0403940906184	0.0287042060858	-0.0115872867529	-0.0789283831592	-0.0282809738296	-0.0941099984329	-0.0544049944504	-0.0753175622529	0.0214759960623	-0.0293936723119	-0.0466029181957	-0.0102043269447	-0.0375581329485	0.0458358842737	-0.0254633542468	-0.0413272261161	-0.0167401409251	-0.026010227275	-0.0396647907372	1.0	-0.0394121717543	-0.0417109776489	0.00382639166712	0.015963015368	0.0670346659728	-0.031411992324	0.0176619573581	0.00501844351553	0.0377617730002	0.0282858052682	0.0727544778673	0.0264541315795	0.0782749831491	-0.00434093317974	-0.0709110240274	-0.0359565360073	0.0293080740166	-0.00473322332071	0.00029323811931	0.0672737276389	-0.0346812792988	-0.0593829518328	0.0139432692341	0.00952658853473	-0.0768261432094	-0.00663349643022	-0.0088698611188	-0.0269835360178	0.0178254494412	-0.0259867533587	0.02689057535	-0.0330177203404
k__Bacteria;p__Firmicutes;c__Clostridia;o__Clostridiales;f__Lachnospiraceae;g__Roseburia;s__Roseburia_hominis	-0.0218723861669	0.0805079158266	-0.0183582697202	-0.0466132536435	-0.0406428025127	-0.00489884538034	0.0391574401563	-0.0875151774163	-0.0123575899001	0.035898903482	0.0391809250633	-0.020284977222	-0.0608137558264	-0.0020805761422	0.00984840493629	-0.0317658948951	-0.0343593507796	0.0159162769845	0.0436395236339	-0.0415960178939	0.0104142287564	-0.00282931346214	0.0435765118389	-0.0375303277367	-0.0151216028909	0.0170475420563	-0.0394121717543	1.0	-0.0247867740052	-0.00709963967315	0.0391659827122	-0.0864830840531	0.0340166735252	-0.0180188743797	-0.00476583881761	-0.0590881135657	-0.0443942394184	-0.00326729011274	0.00164482960609	-0.0823373800771	0.0410382597304	-0.0488212517983	-0.00027801543955	-0.0241861591958	0.00342289464064	-0.0265816997865	0.112676925235	0.0606446096336	0.0205188717081	0.080905095072	0.0275869401172	-0.018827292848	-0.0206116142786	-0.026765198156	0.0139174403475	-0.0496102287751	-0.016594664416	0.0185960858254	-0.0242325983167
k__Bacteria;p__Bacteroidetes;c__Bacteroidia;o__Bacteroidales;f__Porphyromonadaceae;g__Parabacteroides;s__Parabacteroides_johnsonii	-0.0271117120491	-0.0215791411463	0.00144704139311	-0.0243184679166	0.0278622667792	-0.0441266270331	0.0252113518717	-0.0202535833769	-0.0169984988307	-0.0142988341856	-0.0816533453831	0.00909162247755	0.0166353240838	-0.0151086543692	0.0136782900711	-0.00380648701063	0.0552134557001	0.0318028651891	-0.0855275126028	-0.047425746555	0.0247500535819	-0.0547842315515	-0.109421139323	-0.0325879058629	-0.0587895405908	-0.0294229468376	-0.0417109776489	-0.0247867740052	1.0	-0.0251083115529	-0.0144446961816	0.0609991451738	0.0179727816338	-0.0695806224899	0.0585153531178	-0.054127037662	-0.0507757788845	0.0192082634266	0.0146354610657	0.0501453483202	-0.0276570650048	0.00183249275052	-0.010937589595	-0.0170021051919	0.0384970653166	0.00763328077885	0.00324929654019	0.0103826782077	-0.0383923744068	0.0246193223578	0.0571750568918	0.0793259592701	0.00402057191831	0.0290609758011	-0.0115119393067	-0.0370235683854	-0.0228330303436	0.021058768986	-0.00356711372373
k__Bacteria;p__Actinobacteria;c__Actinobacteria;o__Bifidobacteriales;f__Bifidobacteriaceae;g__Bifidobacterium;s__Bifidobacterium_longum	-0.00724469254193	-0.035669958118	-0.00906789414015	-0.0143931715469	-0.00177585290339	0.0230406333613	0.000455290242092	-0.0800718712254	-0.0151739618761	0.0889838121488	0.071966094961	-0.0862283049084	0.0829452215052	0.0117997266935	-0.00602737731607	-0.0182290525012	-0.10066174057	-0.0155268361872	0.000547823248795	-0.0159101648873	-0.0210048936208	-0.018092965649	-0.0350998266089	0.0329079465919	-0.0613741708281	-0.0120580646711	0.00382639166712	-0.00709963967315	-0.0251083115529	1.0	-0.0679553370473	-0.0427406061282	-0.0511338693417	-0.0193999886285	0.00972293709968	-0.0295434862617	0.0368712920059	0.000366552443975	0.0546905349641	0.0907404365817	0.0262292306565	0.00144734459478	0.0484758611512	-0.0212883600285	-0.000359898408092	0.0180249229163	0.0152831105577	0.0610703997944	0.000732073140946	0.0146811369487	0.00357898067643	-0.0238788414951	0.00285891715751	0.0109756546163	-0.0244533434612	0.0251100260721	0.0298326523364	-0.0334676911645	-0.00416208304196
