#taxonomy	k__Bacteria;p__Bacteroidetes;c__Bacteroidia;o__Bacteroidales;f__Bacteroidaceae;g__Bacteroides;s__Bacteroides_vulgatus	k__Bacteria;p__Bacteroidetes;c__Bacteroidia;o__Bacteroidales;f__Bacteroidaceae;g__Bacteroides;s__Bacteroides_uniformis	k__Bacteria;p__Bacteroidetes;c__Bacteroidia;o__Bacteroidales;f__Rikenellaceae;g__Alistipes;s__Alistipes_putredinis	k__Bacteria;p__Bacteroidetes;c__Bacteroidia;o__Bacteroidales;f__Prevotellaceae;g__Prevotella;s__Prevotella_copri	k__Bacteria;p__Bacteroidetes;c__Bacteroidia;o__Bacteroidales;f__Bacteroidaceae;g__Bacteroides;s__Bacteroides_stercoris	k__Bacteria;p__Bacteroidetes;c__Bacteroidia;o__Bacteroidales;f__Bacteroidaceae;g__Bacteroides;s__Bacteroides_ovatus	k__Bacteria;p__Bacteroidetes;c__Bacteroidia;o__Bacteroidales;f__Rikenellaceae;g__Alistipes;s__Alistipes_shahii	k__Bacteria;p__Firmicutes;c__Clostridia;o__Clostridiales;f__Ruminococcaceae;g__Faecalibacterium;s__Faecalibacterium_prausnitzii	k__Bacteria;p__Bacteroidetes;c__Bacteroidia;o__Bacteroidales;f__Rikenellaceae;g__Alistipes;s__Alistipes_finegoldii	k__Bacteria;p__Bacteroidetes;c__Bacteroidia;o__Bacteroidales;f__Porphyromonadaceae;g__Parabacteroides;s__Parabacteroides_distasonis	k__Bacteria;p__Bacteroidetes;c__Bacteroidia;o__Bacteroidales;f__Bacteroidaceae;g__Bacteroides;s__Bacteroides_thetaiotaomicron	k__Bacteria;p__Bacteroidetes;c__Bacteroidia;o__Bacteroidales;f__Bacteroidaceae;g__Bacteroides;s__Bacteroides_coprocola	k__Bacteria;p__Bacteroidetes;c__Bacteroidia;o__Bacteroidales;f__Bacteroidaceae;g__Bacteroides;s__Bacteroides_cellulosilyticus	k__Bacteria;p__Bacteroidetes;c__Bacteroidia;o__Bacteroidales;f__Rikenellaceae;g__Alistipes;s__Alistipes_obesi	k__Bacteria;p__Firmicutes;c__Clostridia;o__Clostridiales;f__Lachnospiraceae;g__;s__[Eubacterium]_rectale	k__Bacteria;p__Bacteroidetes;c__Bacteroidia;o__Bacteroidales;f__Bacteroidaceae;g__Bacteroides;s__Bacteroides_plebeius	k__Bacteria;p__Bacteroidetes;c__Bacteroidia;o__Bacteroidales;f__Bacteroidaceae;g__Bacteroides;s__Bacteroides_fragilis	k__Bacteria;p__Proteobacteria;c__Betaproteobacteria;o__Burkholderiales;f__Sutterellaceae;g__Sutterella;s__Sutterella_wadsworthensis	k__Bacteria;p__Bacteroidetes;c__Bacteroidia;o__Bacteroidales;f__Porphyromonadaceae;g__Barnesiella;s__Barnesiella_intestinihominis	k__Bacteria;p__Bacteroidetes;c__Bacteroidia;o__Bacteroidales;f__Odoribacteraceae;g__Odoribacter;s__Odoribacter_splanchnicus	k__Bacteria;p__Bacteroidetes;c__Bacteroidia;o__Bacteroidales;f__Bacteroidaceae;g__Bacteroides;s__Bacteroides_salyersiae	k__Bacteria;p__Firmicutes;c__Clostridia;o__Clostridiales;f__Ruminococcaceae;g__Ruminiclostridium;s__[Eubacterium]_siraeum	k__Bacteria;p__Proteobacteria;c__Betaproteobacteria;o__Burkholderiales;f__Sutterellaceae;g__Parasutterella;s__Parasutterella_excrementihominis	k__Bacteria;p__Actinobacteria;c__Actinobacteria;o__Bifidobacteriales;f__Bifidobacteriaceae;g__Bifidobacterium;s__Bifidobacterium_adolescentis	k__Bacteria;p__Firmicutes;c__Clostridia;o__Clostridiales;f__Oscillospiraceae;g__Oscillibacter;s__Oscillibacter_sp._KLE_1745	k__Bacteria;p__Bacteroidetes;c__Bacteroidia;o__Bacteroidales;f__Bacteroidaceae;g__Bacteroides;s__Bacteroides_coprophilus	k__Bacteria;p__Firmicutes;c__Clostridia;o__Clostridiales;f__Lachnospiraceae;g__Roseburia;s__Roseburia_intestinalis	k__Bacteria;p__Firmicutes;c__Clostridia;o__Clostridiales;f__Lachnospiraceae;g__Roseburia;s__Roseburia_hominis	k__Bacteria;p__Bacteroidetes;c__Bacteroidia;o__Bacteroidales;f__Porphyromonadaceae;g__Parabacteroides;s__Parabacteroides_johnsonii	k__Bacteria;p__Actinobacteria;c__Actinobacteria;o__Bifidobacteriales;f__Bifidobacteriaceae;g__Bifidobacterium;s__Bifidobacterium_longum	k__Bacteria;p__Firmicutes;c__Clostridia;o__Clostridiales;f__;g__Flavonifractor;s__Flavonifractor_plautii	k__Bacteria;p__Firmicutes;c__Clostridia;o__Clostridiales;f__Clostridiaceae;g__Clostridium;s__Clostridium_phoceensis	k__Bacteria;p__Verrucomicrobia;c__Verrucomicrobiae;o__Verrucomicrobiales;f__Akkermansiaceae;g__Akkermansia;s__Akkermansia_muciniphila	k__Bacteria;p__Bacteroidetes;c__Bacteroidia;o__Bacteroidales;f__Prevotellaceae;g__Paraprevotella;s__Paraprevotella_xylaniphila	k__Bacteria;p__Firmicutes;c__Clostridia;o__Clostridiales;f__Ruminococcaceae;g__Ruminococcus;s__Ruminococcus_callidus	k__Bacteria;p__Bacteroidetes;c__Bacteroidia;o__Bacteroidales;f__Rikenellaceae;g__Alistipes;s__Alistipes_senegalensis	k__Bacteria;p__Firmicutes;c__Clostridia;o__Clostridiales;f__Lachnospiraceae;g__Blautia;s__Blautia_sp._KLE_1732	k__Bacteria;p__Bacteroidetes;c__Bacteroidia;o__Bacteroidales;f__Bacteroidaceae;g__Bacteroides;s__Bacteroides_oleiciplenus	k__Bacteria;p__Firmicutes;c__Clostridia;o__Clostridiales;f__Ruminococcaceae;g__Ruminococcus;s__Ruminococcus_bicirculans	k__Bacteria;p__Bacteroidetes;c__Bacteroidia;o__Bacteroidales;f__Bacteroidaceae;g__Bacteroides;s__Bacteroides_fluxus	k__Bacteria;p__Bacteroidetes;c__Bacteroidia;o__Bacteroidales;f__Prevotellaceae;g__Prevotella;s__Prevotella_stercorea	k__Bacteria;p__Firmicutes;c__Clostridia;o__Clostridiales;f__Lachnospiraceae;g__Dorea;s__Dorea_longicatena	k__Bacteria;p__Firmicutes;c__Clostridia;o__Clostridiales;f__Eubacteriaceae;g__Eubacterium;s__[Eubacterium]_eligens	k__Bacteria;p__Firmicutes;c__Clostridia;o__Clostridiales;f__Ruminococcaceae;g__;s__Ruminococcaceae_bacterium_D16	k__Bacteria;p__Firmicutes;c__Clostridia;o__Clostridiales;f__Lachnospiraceae;g__Coprococcus;s__Coprococcus_comes	k__Bacteria;p__Proteobacteria;c__Gammaproteobacteria;o__Enterobacterales;f__Enterobacteriaceae;g__Escherichia;s__Escherichia_coli	k__Bacteria;p__Firmicutes;c__Clostridia;o__Clostridiales;f__Ruminococcaceae;g__Anaerotruncus;s__Anaerotruncus_colihominis	k__Bacteria;p__Firmicutes;c__Clostridia;o__Clostridiales;f__Lachnospiraceae;g__Blautia;s__Blautia_obeum	k__Bacteria;p__Bacteroidetes;c__Bacteroidia;o__Bacteroidales;f__Odoribacteraceae;g__Odoribacter;s__Odoribacter_laneus	k__Bacteria;p__Firmicutes;c__Clostridia;o__Clostridiales;f__Ruminococcaceae;g__Ruminiclostridium;s__[Clostridium]_leptum	k__Bacteria;p__Bacteroidetes;c__Bacteroidia;o__Bacteroidales;f__Porphyromonadaceae;g__Parabacteroides;s__Parabacteroides_goldsteinii	k__Bacteria;p__Firmicutes;c__Clostridia;o__Clostridiales;f__Lachnospiraceae;g__Anaerostipes;s__Anaerostipes_hadrus	k__Bacteria;p__Firmicutes;c__Clostridia;o__Clostridiales;f__Ruminococcaceae;g__Ruminococcus;s__Ruminococcus_lactaris	k__Bacteria;p__Firmicutes;c__Clostridia;o__Clostridiales;f__Clostridiaceae;g__Clostridium;s__Clostridium_sp._L2-50	k__Bacteria;p__Firmicutes;c__Clostridia;o__Clostridiales;f__Clostridiaceae;g__Clostridium;s__Clostridium_sp._M62/1	k__Bacteria;p__Firmicutes;c__Clostridia;o__Clostridiales;f__;g__Intestinimonas;s__Intestinimonas_butyriciproducens	k__Bacteria;p__Actinobacteria;c__Actinobacteria;o__Bifidobacteriales;f__Bifidobacteriaceae;g__Bifidobacterium;s__Bifidobacterium_bifidum	k__Bacteria;p__Firmicutes;c__Negativicutes;o__Veillonellales;f__Veillonellaceae;g__Dialister;s__Dialister_invisus	k__Bacteria;p__Bacteroidetes;c__Bacteroidia;o__Bacteroidales;f__Bacteroidaceae;g__Bacteroides;s__Bacteroides_salanitronis
k__Bacteria;p__Bacteroidetes;c__Bacteroidia;o__Bacteroidales;f__Bacteroidaceae;g__Bacteroides;s__Bacteroides_vulgatus	1.0	-0.0585258839502	-0.0666117459308	0.0116932003085	-0.0122422554667	-0.0701116938202	0.0399831972661	0.00667795357084	0.0592082929826	-0.0379518566569	0.0119460311342	-0.00696230290388	-0.00377749116141	-0.00946233990895	0.0635104436199	0.0509500088283	-0.0442734128586	-0.0431225693624	-0.00684288997116	-0.0105826998639	-0.0529692335645	0.0320693867714	-0.0152541182497	0.0550551226037	0.00494540651257	-0.0195395553509	0.0193816878768	-0.0318634548398	-0.0182476152459	-0.0464839927725	-0.00494981152229	-0.0591606412086	-0.00288463063171	0.0110954575889	0.0275076757061	1.23360747792e-05	0.00280824568314	-0.00949563423979	0.0102466208978	0.00531431693946	0.0697162021825	-0.0875799369158	0.0306382652633	-0.0339486954454	0.0315408414848	0.0175340882607	0.0331701510338	-0.0237717397668	0.0279397570364	-0.025127974386	0.0372817488155	-0.0345366364816	-0.0555531478319	0.0367419813658	-0.0479235122729	-0.00627331595885	0.0224817368788	0.0151634446031	-0.0561454924478
k__Bacteria;p__Bacteroidetes;c__Bacteroidia;o__Bacteroidales;f__Bacteroidaceae;g__Bacteroides;s__Bacteroides_uniformis	-0.0585258839502	1.0	-0.0385654123105	-0.0532559819005	-0.0083823888764	0.0377489138914	0.0537973007395	0.00541725157934	-0.00970317131338	-0.0277808960433	-0.0431563710569	0.030545894971	0.0366619523156	0.0700957284345	0.00372684768143	0.0224463308553	0.00576684980397	-0.067624706893	0.0156758477586	-0.0440001506629	0.0275389091923	-0.0175580147266	-0.0282696134002	-0.0199868613473	0.0361573999398	0.0217917566755	0.0861302328812	0.0042314135761	-0.0281581995546	0.00801834424584	-0.0383055548202	-0.0723665516552	0.00273900897065	-0.0856936815561	-0.0815528095827	0.0547259390077	-0.0331696634383	0.031020579857	-0.0190235671272	-0.0158088660957	-0.0276155538432	0.0322870602461	-0.0545948673821	-0.0125155207685	-0.0141805114804	-0.0795912868669	0.0768295704417	0.0315002176977	0.0109185158645	-0.00268214081102	-0.0373794425077	0.0271791455665	0.0157747887351	-0.0943211973315	-0.0335696179177	0.0540173625673	-0.0572193135505	0.0475750588727	-0.0318167841813
k__Bacteria;p__Bacteroidetes;c__Bacteroidia;o__Bacteroidales;f__Rikenellaceae;g__Alistipes;s__Alistipes_putredinis	-0.0666117459308	-0.0385654123105	1.0	-0.0321150591239	0.0325906807803	-0.0186861876014	-0.0410700060556	0.00266926498124	0.0281190182394	0.0678319792806	0.0171019070182	-0.0286926771617	-0.0229597745817	-0.0308925219364	-0.0398027142801	-0.0415564855522	0.0554800423873	0.0339979226413	-0.0634285859544	0.00442885306022	-0.00922436234126	0.0133184613184	-0.0455114471995	0.00600777105754	0.048877745955	0.0483736524166	0.0146823550324	-0.0123800019307	-0.090733683329	-0.0391184184532	0.0276780996171	0.0136505316759	0.000203898967538	-0.0113230633338	-0.101617089391	0.0671099871579	0.040514260176	-0.0136691657889	0.0534334937133	0.0319430136113	-0.00570840390596	-0.0285003953291	-0.037236613307	-0.0114153848058	-0.00867638831244	-0.0239755334808	-0.0464432572387	-0.0434700860328	-0.0106564480543	0.0171962860395	-0.113815857864	-0.0377212374032	-0.0273393559241	0.0571220865055	0.037715500644	-0.0948583022353	-0.00513712776134	-0.0224566941245	-0.0759152171459
k__Bacteria;p__Bacteroidetes;c__Bacteroidia;o__Bacteroidales;f__Prevotellaceae;g__Prevotella;s__Prevotella_copri	0.0116932003085	-0.0532559819005	-0.0321150591239	1.0	0.0079286861876	0.0172637269017	-0.00521796731066	0.0532120303752	-0.0168912714437	0.00993376964796	-0.0498830107708	0.054593081722	-0.0509559640439	-0.0287736575907	-0.0213058950587	-0.012320635859	0.0473624450417	0.0211348034173	-0.0330165043381	0.017526749803	-0.0621002642361	-0.0244993675641	-0.0265951369915	-0.0439691450194	-0.00827067084498	0.0657749666403	-0.0292409200911	0.00557436901704	-0.00566316272163	-0.000313348921341	-0.0270585895241	-0.0314114361042	-0.0104558152464	0.0135217007827	0.0953740208795	0.057988604183	0.0269181135786	0.0294660970696	-0.00208383295066	0.0276929747416	-0.0653464089028	-0.0213425309971	-0.00933148587553	-0.0167102124682	-0.0601819194322	-0.084003358883	0.0791126251135	-0.0311677387249	-0.0375014836002	0.0168237062779	-0.0642007930632	-0.0116287082844	0.049315838536	0.0120580970389	0.0104581710019	0.0377963552441	-0.109984232878	-0.00788481697396	-0.029394647371
k__Bacteria;p__Bacteroidetes;c__Bacteroidia;o__Bacteroidales;f__Bacteroidaceae;g__Bacteroides;s__Bacteroides_stercoris	-0.0122422554667	-0.0083823888764	0.0325906807803	0.0079286861876	1.0	-0.00340143163164	0.0420367034804	-0.0114517278613	0.00146408429988	-0.0111868967718	-0.0523714683014	-0.0396179535422	-0.0582442751986	0.00591414743698	0.0236539445249	-0.0108678951675	0.012317311343	0.00382799738868	-0.0888171990712	0.010286983488	-0.0306666730588	-0.00466687927095	-0.0369205784984	0.0652592262129	0.00768340414287	-0.0645616831706	-0.0382721283735	0.00605088945948	-0.0559983140985	-0.0381198987352	0.0693985978491	-0.0394055159248	0.0531953659375	-0.0620011796102	-0.0664206325268	-0.0535991649534	-0.0020699233841	-0.0100696679835	-0.0104919367271	-0.0385224827232	-0.0117672223284	0.0284881584796	-0.0153982770931	-0.0194615195832	-0.0176301457976	-0.0570361538166	0.0502462347605	-0.0632510507395	0.000938263359032	0.0274938981073	0.0463163661136	0.0315643112023	-0.0754050771017	-0.00997829190129	0.0333370287465	-0.0122902947739	-0.0210352092883	-0.0365504577859	0.0151329763858
k__Bacteria;p__Bacteroidetes;c__Bacteroidia;o__Bacteroidales;f__Bacteroidaceae;g__Bacteroides;s__Bacteroides_ovatus	-0.0701116938202	0.0377489138914	-0.0186861876014	0.0172637269017	-0.00340143163164	1.0	-0.0671915246045	-0.0297581223116	0.0233097634151	-0.011632816145	-0.0719588276798	-0.027847088692	0.0164386617385	0.0307166770473	-0.0301906867467	0.051630000073	0.0515568425812	0.0365951809561	-0.0213483953155	-0.046696649713	-0.0331312828855	-0.0360859592019	-0.0286067837639	-0.00590151878109	-0.00602136754158	-0.0330099098474	-0.026976647238	-0.0161267492769	0.0674618165167	-0.0535169363443	0.00317279725829	-0.0316650439865	-0.0556087563736	0.0648400532728	-0.00822247698397	0.00310172007741	0.0324236574562	0.0161071840353	-0.0135841030844	-0.0198228950069	0.0117414905779	-0.049901156616	-0.0306031002541	-0.0010400122942	0.00275075590498	-0.032738686281	-0.0526568888471	0.0160254460166	0.0141109561097	0.0263506610953	-0.0311742298997	-0.0684527629583	-0.00602019566783	-0.0219991192937	-0.0397468300919	0.0240447867919	-0.0111558997493	-0.0381621431256	-0.00143335480106
k__Bacteria;p__Bacteroidetes;c__Bacteroidia;o__Bacteroidales;f__Rikenellaceae;g__Alistipes;s__Alistipes_shahii	0.0399831972661	0.0537973007395	-0.0410700060556	-0.00521796731066	0.0420367034804	-0.0671915246045	1.0	-0.0815189065044	0.011705653048	-0.0189863369514	-0.0630849428315	0.0183133841475	-0.00126757335802	-0.0403498722489	0.0468925460758	0.0272190013614	0.00512660989795	-0.00381984246108	-0.050680407405	0.00193384203594	-0.0601979086196	-0.0173110027358	0.0271418111186	-0.0164852637384	-0.0361363200744	-0.0468322386257	-0.0211674508995	-0.0225670179058	0.0432567772066	-0.0305824683042	0.0536924711867	-0.0134006766975	-0.00850007989705	0.0412912697332	-0.0337337426401	-0.0686069281103	-0.00782502694882	0.0272335444093	-0.00756166310635	0.00109457793958	-0.0655077586101	-0.00998655954385	0.0740375346735	0.0226451414222	-0.0288533562149	-0.0185645531074	0.00875851572288	0.019690264088	0.0355873952683	-0.0119643405158	-0.00554422308473	-0.0940743834586	-0.00632713463791	0.0396151469894	-0.0811873036613	-0.0287537922455	-0.011570876883	-0.011711644181	-0.063984085161
k__Bacteria;p__Firmicutes;c__Clostridia;o__Clostridiales;f__Ruminococcaceae;g__Faecalibacterium;s__Faecalibacterium_prausnitzii	0.00667795357084	0.00541725157934	0.00266926498124	0.0532120303752	-0.0114517278613	-0.0297581223116	-0.0815189065044	1.0	-0.0258379646664	-0.0568002345568	-0.0536421068649	0.0724201322773	-0.040829456124	-0.0080286444216	-0.0344263931224	-0.0288840396254	0.0184518160469	-0.0200886212108	0.00916388673314	-0.051715084651	0.00592880551713	0.0310640453937	-0.028928140983	-0.045519034625	-0.0374113196789	0.00259171473349	-0.016293961756	-0.0474518276687	0.0464335558216	-0.0243251610257	-0.0672545071306	-0.00751384345281	-0.00907017429865	-0.0615255487375	0.00698009991977	0.0136151381518	-0.00405308428364	0.0423140761716	0.0627349969095	0.0303704157555	0.0651726787297	-0.0169079568384	-0.0114853158288	0.036320675414	-0.00804245943643	0.0110399682414	-0.0189592484687	-0.000909889885979	-0.0156158939664	-0.029570201206	0.00184840937469	-0.0381253295436	0.00333665672197	-0.0287744624326	-0.0392382379173	-0.0115836648763	-0.072338070237	0.0277119999173	-0.0781832231818
k__Bacteria;p__Bacteroidetes;c__Bacteroidia;o__Bacteroidales;f__Rikenellaceae;g__Alistipes;s__Alistipes_finegoldii	0.0592082929826	-0.00970317131338	0.0281190182394	-0.0168912714437	0.00146408429988	0.0233097634151	0.011705653048	-0.0258379646664	1.0	0.0125000932479	0.0174947827284	-0.107053456478	-0.0431640508131	0.0205881390884	0.0376002185811	-0.0627365155552	-0.0626819151295	-0.00171126809591	-0.0529565272669	0.0362047792824	-0.0659986827067	0.05787702701	-0.132998890026	-0.026182304625	-0.0034093191343	-0.0580960721812	0.0260681369551	-0.0620327729241	0.0212927165265	-0.0265177231971	0.108125666418	0.0602477115982	-0.0485472066658	-0.00876577831949	0.0099360813794	-0.00237789805868	-0.0437731969074	-0.070828936126	0.000629833313425	0.017790962974	0.0397028380824	-0.0173841750826	-0.0720596343304	-0.0156308701499	-0.00471344917818	-0.000748161109747	0.0251686725109	0.00766986964424	0.0529192667241	0.0085151416652	-0.012083263181	0.0418437184377	0.000737339439173	-0.0559555864991	-0.06482574583	-0.0423305844048	-0.0108098652535	0.0104819878877	-0.09292523492
k__Bacteria;p__Bacteroidetes;c__Bacteroidia;o__Bacteroidales;f__Porphyromonadaceae;g__Parabacteroides;s__Parabacteroides_distasonis	-0.0379518566569	-0.0277808960433	0.0678319792806	0.00993376964796	-0.0111868967718	-0.011632816145	-0.0189863369514	-0.0568002345568	0.0125000932479	1.0	0.0394425729719	0.0175514559386	-0.00675087026438	-0.0186451657072	0.0162373165385	0.0236117554455	0.0286972008355	-0.0265780853232	-0.0142126339966	0.0112568870129	0.0400531885633	-0.0866908552095	0.0397484144611	0.000462606788671	-0.0700986030605	-0.0479236506774	-0.0843724392075	0.101113600677	-0.0202237545406	0.0214971265993	-0.0034762011823	-0.00273974537585	0.0334453851862	-0.00122572266655	-0.0937008867211	-0.0517515314506	-0.0150150006502	-0.0874726627843	-0.0185126261847	-0.0221728960142	-0.0393999472771	0.00996758964469	0.0336307263123	0.019515996648	-0.0109049558168	0.0226878417993	-0.0193938614196	0.0888664631571	-0.0473414112894	0.0222329231466	-0.0112322380893	-0.0277555419882	0.0348936033232	-0.0139115206964	-0.0603227762708	-0.0216409117983	0.0515818404159	0.00770797301438	0.00257203452314
k__Bacteria;p__Bacteroidetes;c__Bacteroidia;o__Bacteroidales;f__Bacteroidaceae;g__Bacteroides;s__Bacteroides_thetaiotaomicron	0.0119460311342	-0.0431563710569	0.0171019070182	-0.0498830107708	-0.0523714683014	-0.0719588276798	-0.0630849428315	-0.0536421068649	0.0174947827284	0.0394425729719	1.0	0.00363324244471	-0.0901193459348	-0.0227054299695	-0.00456095972216	-0.0491085230561	-0.0408627104456	-0.0253954032903	-0.0321475522847	-0.00568984186284	-8.00064168619e-05	0.0158155628465	-0.0143855883051	-0.00207684126154	-0.0200085734948	0.0291705525918	0.0414182602568	-0.0357296832006	-0.059295773659	-0.0359863117332	0.0560465347114	0.0374001425189	0.0164488508027	-0.0214130606468	0.0279051201691	0.0211479108536	-0.0325357817468	0.0224599080662	-0.0272358474225	-0.0488693625712	-0.0408866870186	-0.044250374426	0.0140161135056	-0.00655606318782	-0.00827092603787	0.0201938216333	-0.0311174818103	-0.00142647274277	-0.0389353409758	0.0117204888241	-0.0136277084386	-0.0183810240624	0.00391951782556	0.0211745443927	-0.0530132011812	0.000536228683617	-0.00969135879468	-0.0237488036076	-0.0184990538668
k__Bacteria;p__Bacteroidetes;c__Bacteroidia;o__Bacteroidales;f__Bacteroidaceae;g__Bacteroides;s__Bacteroides_coprocola	-0.00696230290388	0.030545894971	-0.0286926771617	0.054593081722	-0.0396179535422	-0.027847088692	0.0183133841475	0.0724201322773	-0.107053456478	0.0175514559386	0.00363324244471	1.0	-0.0257042019733	-0.0706295925628	0.00875685443043	0.0252935607893	-0.0681573111122	-0.0203878954079	-0.0260803220758	0.0116951496883	-0.0286947819982	-0.0110983521339	0.12676460549	0.0235365280507	-0.0324956953438	-0.0866142650812	-0.00801908605893	-0.0174450267674	-0.0726379695037	0.0336684946876	0.00454114133824	0.011675927042	-0.0100617412794	0.0250960194389	0.0102391706361	0.0234643575152	-0.0540588297015	0.0465060368403	-0.00417069424857	0.00306220995477	0.120068712164	-0.0237721112845	-0.024814938642	-0.0629579822106	0.046414945096	0.0113308434361	-0.0286414970445	0.0436421847038	-0.00186366163484	-0.0359803807295	-0.0736508615401	0.0185812182852	-0.0736708841243	-0.0906581843291	0.00206672975851	-0.0302859348063	-0.00682225740532	-0.0457470347567	0.0152625916345
k__Bacteria;p__Bacteroidetes;c__Bacteroidia;o__Bacteroidales;f__Bacteroidaceae;g__Bacteroides;s__Bacteroides_cellulosilyticus	-0.00377749116141	0.0366619523156	-0.0229597745817	-0.0509559640439	-0.0582442751986	0.0164386617385	-0.00126757335802	-0.040829456124	-0.0431640508131	-0.00675087026438	-0.0901193459348	-0.0257042019733	1.0	-0.0141224847217	-0.0733555222848	-0.0265379096014	0.0344253675572	0.00946160942492	-0.0108812531251	-0.0592302654693	0.0096651757686	0.0364457812211	0.0560529443221	-0.0464115391073	-0.0243890997246	-0.0258403092335	-0.0392864693247	0.0160856960429	-0.0237813744184	0.0370597159364	0.0498846919073	0.0498328159192	-0.0247954262242	0.0534031851929	-0.0200573781465	-0.00339384310124	-0.0264938811167	0.0164994786085	0.00345786731924	-0.00324790242177	-0.0562093270455	-0.0011376408737	-0.0492159237202	-0.00772529228096	0.0155265062867	-0.0169463066542	0.0600607222645	0.0290071778725	-0.112609883904	0.0634346107735	0.0387568114108	-0.0162304625375	0.0550361319876	0.0820374850137	-0.0182047094247	-0.0536707761349	0.0150353395248	-0.0230045726324	-0.0636967173256
k__Bacteria;p__Bacteroidetes;c__Bacteroidia;o__Bacteroidales;f__Rikenellaceae;g__Alistipes;s__Alistipes_obesi	-0.00946233990895	0.0700957284345	-0.0308925219364	-0.0287736575907	0.00591414743698	0.0307166770473	-0.0403498722489	-0.0080286444216	0.0205881390884	-0.0186451657072	-0.0227054299695	-0.0706295925628	-0.0141224847217	1.0	-0.0189396118081	0.0169897326194	0.0348309487002	-0.035131048327	-0.0110571608661	-0.00551516800433	-0.0497523294568	0.0415205973753	0.0557958626092	-0.0470736933395	0.0195735918454	-0.00982170320313	0.0517925490242	0.0412040045973	-0.00351400578729	0.0143012709859	-0.0542441101721	-0.0530824043369	-0.0592665123805	0.00813803399456	-0.0230069049842	-0.0286848688569	0.0142143332393	-0.0307325546366	-0.0191756407966	-0.0472321990293	0.020000274428	-0.0071264512911	-0.0103684726135	-0.0290541477636	-0.00918892869056	0.0386716717987	-0.124430464477	-0.0965958633946	-0.0132848786412	-0.0589622804183	0.0189635415601	-0.0973702950678	-0.0331266485558	0.0505344933003	0.0471376610627	0.000638351944877	0.0135288677514	-0.00563476510869	0.0117688796797
k__Bacteria;p__Firmicutes;c__Clostridia;o__Clostridiales;f__Lachnospiraceae;g__;s__[Eubacterium]_rectale	0.0635104436199	0.00372684768143	-0.0398027142801	-0.0213058950587	0.0236539445249	-0.0301906867467	0.0468925460758	-0.0344263931224	0.0376002185811	0.0162373165385	-0.00456095972216	0.00875685443043	-0.0733555222848	-0.0189396118081	1.0	0.0193452989857	-0.0440344942454	0.0148609913899	0.00998852676579	0.0466033680298	-0.0302821315659	0.036465234531	-0.0453977342175	0.0431612648011	0.0494822599776	0.0122346148135	0.0266903320251	-0.0112374398034	-0.039463241634	-0.002362544926	-0.0216122069357	0.0264310294462	-0.0081585438142	0.031229615265	-0.0601130257469	0.0152219921363	-0.0713871230415	-0.0368922606039	0.0198649422702	-0.0614041843076	0.0192125814779	-0.0940205831963	0.0236752837953	-0.0167809963812	-0.0485944555389	0.00700583052898	-0.0524394576614	-0.00185584847609	0.0131873827364	-0.0882467350638	-0.0392589587689	-0.0261653175496	-0.0265656008183	-0.0233811071322	-0.0418471250088	0.0213509131905	0.0316721403951	0.0270768438841	-0.0116959730136
k__Bacteria;p__Bacteroidetes;c__Bacteroidia;o__Bacteroidales;f__Bacteroidaceae;g__Bacteroides;s__Bacteroides_plebeius	0.0509500088283	0.0224463308553	-0.0415564855522	-0.012320635859	-0.0108678951675	0.051630000073	0.0272190013614	-0.0288840396254	-0.0627365155552	0.0236117554455	-0.0491085230561	0.0252935607893	-0.0265379096014	0.0169897326194	0.0193452989857	1.0	-0.039581626408	-0.0087508929206	-0.0275881212763	-0.0017026550713	0.0380589862429	-0.0237261424505	-0.00855029936585	0.039940005492	-0.0536515346311	-0.0309289156945	-0.0245118857313	0.00555295851733	0.0586389229794	-0.0324400866158	0.0113572402294	0.0729495357956	0.0233521698059	-0.107120127843	-0.0160849066524	0.0188884090253	-0.0373081709302	0.00786575335469	0.02954021418	-0.00850318099966	-0.0420296485994	-0.0352463251259	0.047285177688	0.0218274858912	-0.0657055333152	-0.0636887384589	-0.0992755179675	0.0363499737248	0.0368801455452	-0.0824763618535	-0.0833780900094	-0.0702413476278	5.7820340375e-05	-0.0160214219134	0.0234297829071	0.0117726047843	-0.0309211192087	0.0084827837427	0.000726547987976
k__Bacteria;p__Bacteroidetes;c__Bacteroidia;o__Bacteroidales;f__Bacteroidaceae;g__Bacteroides;s__Bacteroides_fragilis	-0.0442734128586	0.00576684980397	0.0554800423873	0.0473624450417	0.012317311343	0.0515568425812	0.00512660989795	0.0184518160469	-0.0626819151295	0.0286972008355	-0.0408627104456	-0.0681573111122	0.0344253675572	0.0348309487002	-0.0440344942454	-0.039581626408	1.0	-0.0782711941583	-0.000182909208086	-0.0152839336835	-0.0317874268802	-0.0681581173212	0.0118630135834	0.0599461064997	-0.112311517008	-0.117018173527	-0.0323803591582	0.0191690357562	0.0292611634626	-0.00142992902969	-0.0567383578743	0.0420784305968	0.0176844618504	-0.0152581987168	-0.0201183708445	0.0306397080556	-0.0149821290719	0.0233956901223	0.011312461851	0.0214091686305	-0.030640228287	0.00117259436696	-0.04149132893	-0.0528912306292	0.0188312478529	-0.0059158591894	-0.0405385254042	0.0134912712005	-0.0323884006746	-0.0180123555944	0.0249294587126	-0.0131956034912	-0.0245013333192	-0.0188540523248	0.0184807784607	0.0758998161261	-0.0231895041378	-0.03710741435	-0.0219331526607
k__Bacteria;p__Proteobacteria;c__Betaproteobacteria;o__Burkholderiales;f__Sutterellaceae;g__Sutterella;s__Sutterella_wadsworthensis	-0.0431225693624	-0.067624706893	0.0339979226413	0.0211348034173	0.00382799738868	0.0365951809561	-0.00381984246108	-0.0200886212108	-0.00171126809591	-0.0265780853232	-0.0253954032903	-0.0203878954079	0.00946160942492	-0.035131048327	0.0148609913899	-0.0087508929206	-0.0782711941583	1.0	0.0425442215063	-0.0283985019536	-0.00346081795756	-0.0315589346156	0.0230664774997	-0.0344668098534	0.012543108141	0.0225718817448	-0.0531539679953	0.0374729447704	0.0158669712952	-0.0392283867842	0.00441623400522	0.00997431050561	-0.0458959755383	-0.0234753620018	0.0467708386082	-0.00717539045901	-0.00635152787423	0.0351165369223	0.0355451899076	-0.0448282326211	-0.0700592224693	0.0826616861898	-0.0563919317972	-0.00901824751679	0.0294960378251	-0.102049535673	-0.019187525901	-0.0918897838411	-0.0404516399508	-0.025151769973	-0.000966888168591	-0.0229760845327	0.0221648731944	0.0623970694115	-0.0049536105961	0.015613924535	-0.0910970525142	0.0263218483404	-0.00667158909218
k__Bacteria;p__Bacteroidetes;c__Bacteroidia;o__Bacteroidales;f__Porphyromonadaceae;g__Barnesiella;s__Barnesiella_intestinihominis	-0.00684288997116	0.0156758477586	-0.0634285859544	-0.0330165043381	-0.0888171990712	-0.0213483953155	-0.050680407405	0.00916388673314	-0.0529565272669	-0.0142126339966	-0.0321475522847	-0.0260803220758	-0.0108812531251	-0.0110571608661	0.00998852676579	-0.0275881212763	-0.000182909208086	0.0425442215063	1.0	-0.032534999659	0.0318266317933	-0.00553209179548	0.0566719466942	0.0730873704921	0.030541673187	-0.0576739483665	0.0160920587253	-0.0217797103144	-0.0371187173564	-0.000270754725723	-0.0316937632869	-0.00433435134525	-0.00545275900644	-0.0464465446621	-0.0176049143737	0.0822350492071	0.0256488026036	-0.0770505760698	0.013455623669	0.0400725573733	-0.0118248824918	-0.030179266482	0.023724855649	-0.00730273343234	0.0308198235865	-0.00870818701241	0.0168851546648	-0.0555268982419	0.00512836002123	-0.0639491220999	-0.0129953854398	-0.0210580654927	0.0674586568168	-0.0320071704754	0.0484191269811	0.00665482820711	0.010916480715	-0.010636908211	-0.0380571893397
k__Bacteria;p__Bacteroidetes;c__Bacteroidia;o__Bacteroidales;f__Odoribacteraceae;g__Odoribacter;s__Odoribacter_splanchnicus	-0.0105826998639	-0.0440001506629	0.00442885306022	0.017526749803	0.010286983488	-0.046696649713	0.00193384203594	-0.051715084651	0.0362047792824	0.0112568870129	-0.00568984186284	0.0116951496883	-0.0592302654693	-0.00551516800433	0.0466033680298	-0.0017026550713	-0.0152839336835	-0.0283985019536	-0.032534999659	1.0	0.0269561026593	-0.0136331773865	-0.0270913349625	-0.0895823382608	-0.0199946665604	0.000269376908914	-0.0466067020431	0.00550413909092	-0.0311783447261	0.0746932313268	-0.00435318063414	-0.0123253530776	-0.0153351974465	-0.0102393492394	-0.0154669191805	-0.0209434243926	0.00337981184233	-0.0693703786018	-0.00553486126755	-0.00418556007796	0.0377950860202	0.0246223527248	-0.0333583216152	0.046988032141	0.030531049953	0.0578595883147	-0.0096662201708	-0.0578899363015	0.0246803988487	0.00414470277689	-0.0718070104365	0.0306420931387	-0.0480797490478	0.0152775157518	0.0139815063076	0.00655405746495	-0.0306307772425	0.0118821368681	-0.0423300478539
k__Bacteria;p__Bacteroidetes;c__Bacteroidia;o__Bacteroidales;f__Bacteroidaceae;g__Bacteroides;s__Bacteroides_salyersiae	-0.0529692335645	0.0275389091923	-0.00922436234126	-0.0621002642361	-0.0306666730588	-0.0331312828855	-0.0601979086196	0.00592880551713	-0.0659986827067	0.0400531885633	-8.00064168619e-05	-0.0286947819982	0.0096651757686	-0.0497523294568	-0.0302821315659	0.0380589862429	-0.0317874268802	-0.00346081795756	0.0318266317933	0.0269561026593	1.0	-0.022121229804	0.0140120289446	0.0409109725649	0.0100201489507	-0.0374055264255	-0.00199080718084	-0.0764008513179	-0.0371394320264	-0.0258814990283	-0.0393065671685	-0.0357123759527	0.0148456352195	-0.0142488093837	-0.0132511599256	-0.12879833963	-0.0333808672574	0.0102506056126	-0.0462905870799	-0.0185677208743	-0.0352876492967	0.0146751119476	-0.0219173363671	0.0172462127447	-0.0353077084308	-0.0331337157746	0.0259783470154	-0.0487253777965	-0.0311024333899	0.060869588696	0.000379868313157	0.0851119231196	-0.0528704353767	-0.0436064991416	-0.040783309156	-0.0687110546948	0.0604190579253	0.0202650651519	-0.0590725025983
k__Bacteria;p__Firmicutes;c__Clostridia;o__Clostridiales;f__Ruminococcaceae;g__Ruminiclostridium;s__[Eubacterium]_siraeum	0.0320693867714	-0.0175580147266	0.0133184613184	-0.0244993675641	-0.00466687927095	-0.0360859592019	-0.0173110027358	0.0310640453937	0.05787702701	-0.0866908552095	0.0158155628465	-0.0110983521339	0.0364457812211	0.0415205973753	0.036465234531	-0.0237261424505	-0.0681581173212	-0.0315589346156	-0.00553209179548	-0.0136331773865	-0.022121229804	1.0	0.012439492729	0.0267430451828	-0.0284730004597	0.0371636625696	-0.00925045242994	-0.0685031485552	0.0447894254327	-0.0450599374157	-0.0283599231661	0.000270557398871	0.0050729523248	0.0385223866937	0.0651280487529	0.0473630461799	-0.0650649028491	-0.00713688214785	-0.0688420295056	-0.0292084220313	0.00452866219682	-0.0224316881252	-0.0339781416855	-0.0523804843415	-0.0480819615809	0.0628171094535	0.00010651776746	-0.0168705827528	0.0118640391503	-0.0514142663128	0.00230987773019	-0.0410928223574	-0.0586661552123	0.00752335363148	-0.0228383582631	-0.0427969204607	-0.100858581493	-0.0121283218971	-0.0384886644268
k__Bacteria;p__Proteobacteria;c__Betaproteobacteria;o__Burkholderiales;f__Sutterellaceae;g__Parasutterella;s__Parasutterella_excrementihominis	-0.0152541182497	-0.0282696134002	-0.0455114471995	-0.0265951369915	-0.0369205784984	-0.0286067837639	0.0271418111186	-0.028928140983	-0.132998890026	0.0397484144611	-0.0143855883051	0.12676460549	0.0560529443221	0.0557958626092	-0.0453977342175	-0.00855029936585	0.0118630135834	0.0230664774997	0.0566719466942	-0.0270913349625	0.0140120289446	0.012439492729	1.0	0.0181843973627	-0.0546680887081	0.0257275635996	-0.0281456146199	-0.0542136535069	-0.0236974881161	0.000146158875118	0.00185080652673	0.0176808348162	0.010818956489	-0.0250145025583	-0.0407946954472	-0.0405766954555	0.0645296042508	-0.00197259286999	-0.00284021108386	-0.000651520528324	-0.00770652893962	0.00177570451788	-0.00886083638669	0.0504827306704	0.0215059231838	-0.0702700751143	-0.0350090370017	0.0511669000597	-0.0785523687385	0.0165963321457	0.067760784843	-0.0277629614102	-0.0344618580318	-0.0165530864788	-0.0637603836317	0.0122719657758	0.0488636273792	-0.0530121936736	-0.00203091259723
k__Bacteria;p__Actinobacteria;c__Actinobacteria;o__Bifidobacteriales;f__Bifidobacteriaceae;g__Bifidobacterium;s__Bifidobacterium_adolescentis	0.0550551226037	-0.0199868613473	0.00600777105754	-0.0439691450194	0.0652592262129	-0.00590151878109	-0.0164852637384	-0.045519034625	-0.026182304625	0.000462606788671	-0.00207684126154	0.0235365280507	-0.0464115391073	-0.0470736933395	0.0431612648011	0.039940005492	0.0599461064997	-0.0344668098534	0.0730873704921	-0.0895823382608	0.0409109725649	0.0267430451828	0.0181843973627	1.0	-0.0541773193952	0.00747640158189	-0.0710802517104	0.000542125455141	-0.0551627275254	-0.0599131803775	-0.00780352581148	-0.0198339959276	-0.0778719001058	0.0269495668718	0.00607761864122	0.0206276201271	0.0443988499754	-0.0730660026067	-0.0166829846405	-0.0572118317978	0.00696974634486	0.0156975642269	0.0448622275425	0.00364319482277	-0.068175511122	-0.0233692774309	-0.06573046914	-0.0499169079042	0.0196209614382	0.090289303511	-0.0521960416822	-0.00348058752684	-0.0296247836859	-0.0787997137606	0.00710350889062	-0.0673556425653	-0.0440271221359	-0.0558771940397	-0.0562191902137
k__Bacteria;p__Firmicutes;c__Clostridia;o__Clostridiales;f__Oscillospiraceae;g__Oscillibacter;s__Oscillibacter_sp._KLE_1745	0.00494540651257	0.0361573999398	0.048877745955	-0.00827067084498	0.00768340414287	-0.00602136754158	-0.0361363200744	-0.0374113196789	-0.0034093191343	-0.0700986030605	-0.0200085734948	-0.0324956953438	-0.0243890997246	0.0195735918454	0.0494822599776	-0.0536515346311	-0.112311517008	0.012543108141	0.030541673187	-0.0199946665604	0.0100201489507	-0.0284730004597	-0.0546680887081	-0.0541773193952	1.0	0.020437749696	-0.0128504271889	-0.0384885080155	0.0286116956249	0.0288419781247	-0.0620800355643	0.0218612626032	-0.0535594945308	-0.0963512532366	-0.0608195053498	-0.0355006979043	-0.00299465946841	0.080922792312	0.0144892841908	0.000607703784487	0.0117477746157	-0.0124026556076	0.0262719316715	-0.0250773242917	0.000916336592728	0.0181337853689	0.0299470982297	0.0655936349964	0.0380494981825	-0.0610283508927	0.0606685483064	-0.0474818304314	-0.0481919053782	-0.0541244125346	-0.0726292045044	0.00568592100622	0.000808585289897	0.0813785169873	-0.029203676696
k__Bacteria;p__Bacteroidetes;c__Bacteroidia;o__Bacteroidales;f__Bacteroidaceae;g__Bacteroides;s__Bacteroides_coprophilus	-0.0195395553509	0.0217917566755	0.0483736524166	0.0657749666403	-0.0645616831706	-0.0330099098474	-0.0468322386257	0.00259171473349	-0.0580960721812	-0.0479236506774	0.0291705525918	-0.0866142650812	-0.0258403092335	-0.00982170320313	0.0122346148135	-0.0309289156945	-0.117018173527	0.0225718817448	-0.0576739483665	0.000269376908914	-0.0374055264255	0.0371636625696	0.0257275635996	0.00747640158189	0.020437749696	1.0	0.0213918729386	0.00318646737182	0.0152594776101	0.0265833220273	-0.0253315657162	0.0498801327461	0.0692586629805	-0.0150061838815	0.0426421904092	0.000367371785041	0.0311477893863	-0.050450727251	0.0172925927825	-0.108205259596	0.0070440892839	0.0279182451833	-0.00676604078502	-0.0719603001145	-0.050672054657	-0.0268408981566	0.0551754800514	-0.00605041493819	-0.00958055210607	-0.0179622103506	0.00610262931543	-0.0278916852833	0.0114022371277	-0.0325368010355	-0.0199577667392	-0.0526344770276	-0.0208005426696	0.0314899591284	0.0189836947022
k__Bacteria;p__Firmicutes;c__Clostridia;o__Clostridiales;f__Lachnospiraceae;g__Roseburia;s__Roseburia_intestinalis	0.0193816878768	0.0861302328812	0.0146823550324	-0.0292409200911	-0.0382721283735	-0.026976647238	-0.0211674508995	-0.016293961756	0.0260681369551	-0.0843724392075	0.0414182602568	-0.00801908605893	-0.0392864693247	0.0517925490242	0.0266903320251	-0.0245118857313	-0.0323803591582	-0.0531539679953	0.0160920587253	-0.0466067020431	-0.00199080718084	-0.00925045242994	-0.0281456146199	-0.0710802517104	-0.0128504271889	0.0213918729386	1.0	-0.0217250273024	-0.0307126231057	-0.0305600359293	0.0657568214172	-0.0390981956727	-0.041179602516	-0.0448265274409	-0.0192619327084	0.034304515633	-0.0218449921473	0.0201354665848	0.00831620968133	-0.0135533606882	-0.0125881923466	-0.0110235497827	-0.0518375770265	-0.0447505979724	0.0424923812697	-0.0312510417375	-0.00523518022322	0.0448713669672	0.00319468754065	-0.0613584293777	-0.0167877264934	0.00113156972097	-0.0209455563802	0.00439985595324	-0.0956920399587	-0.000838990242979	-0.0249254530157	-0.0243510840267	-0.0307990807604
k__Bacteria;p__Firmicutes;c__Clostridia;o__Clostridiales;f__Lachnospiraceae;g__Roseburia;s__Roseburia_hominis	-0.0318634548398	0.0042314135761	-0.0123800019307	0.00557436901704	0.00605088945948	-0.0161267492769	-0.0225670179058	-0.0474518276687	-0.0620327729241	0.101113600677	-0.0357296832006	-0.0174450267674	0.0160856960429	0.0412040045973	-0.0112374398034	0.00555295851733	0.0191690357562	0.0374729447704	-0.0217797103144	0.00550413909092	-0.0764008513179	-0.0685031485552	-0.0542136535069	0.000542125455141	-0.0384885080155	0.00318646737182	-0.0217250273024	1.0	0.0633500540661	-0.0370917112146	-0.0680181365289	-0.0633884061345	-0.0242285962633	0.0158264025045	-0.0285877141115	0.0564518863736	0.0645171999951	-0.00638705309024	0.0361348795736	0.0319372904795	-0.00212437517152	-0.0171796733044	-0.0239995901744	-0.0176129023317	-0.0325013328692	-0.0662935573404	0.0307304447049	0.0808480005375	-0.0342183693166	-0.037493799198	0.0339105451865	0.0133753358176	-0.0576375555933	-0.0100355005465	0.0135877363042	-0.00394709668718	0.00805738818982	-0.00108744473612	0.106546426807
k__Bacteria;p__Bacteroidetes;c__Bacteroidia;o__Bacteroidales;f__Porphyromonadaceae;g__Parabacteroides;s__Parabacteroides_johnsonii	-0.0182476152459	-0.0281581995546	-0.090733683329	-0.00566316272163	-0.0559983140985	0.0674618165167	0.0432567772066	0.0464335558216	0.0212927165265	-0.0202237545406	-0.059295773659	-0.0726379695037	-0.0237813744184	-0.00351400578729	-0.039463241634	0.0586389229794	0.0292611634626	0.0158669712952	-0.0371187173564	-0.0311783447261	-0.0371394320264	0.0447894254327	-0.0236974881161	-0.0551627275254	0.0286116956249	0.0152594776101	-0.0307126231057	0.0633500540661	1.0	0.00483950450285	0.00919642962227	0.00328495535855	0.0125018680388	0.0362836829954	-0.0499737353059	0.0499493279268	-0.0187726996836	-0.0278080728051	0.0423411960586	0.0110871801634	0.0444486718943	-0.0583708880562	0.0237778431006	-0.102045420222	0.0548426269136	-0.0252165702634	-0.0171401266221	-0.0424742340743	-0.0361704870912	-0.068231588057	0.0138051688886	0.0130067774596	-0.0540930249293	0.0758349503111	-0.0100144463382	0.0232814577807	-0.0590443519151	-0.0425733157115	-0.0220517284132
k__Bacteria;p__Actinobacteria;c__Actinobacteria;o__Bifidobacteriales;f__Bifidobacteriaceae;g__Bifidobacterium;s__Bifidobacterium_longum	-0.0464839927725	0.00801834424584	-0.0391184184532	-0.000313348921341	-0.0381198987352	-0.0535169363443	-0.0305824683042	-0.0243251610257	-0.0265177231971	0.0214971265993	-0.0359863117332	0.0336684946876	0.0370597159364	0.0143012709859	-0.002362544926	-0.0324400866158	-0.00142992902969	-0.0392283867842	-0.000270754725723	0.0746932313268	-0.0258814990283	-0.0450599374157	0.000146158875118	-0.0599131803775	0.0288419781247	0.0265833220273	-0.0305600359293	-0.0370917112146	0.00483950450285	1.0	-0.0948530849693	0.0753642166151	-0.0369349485187	-0.0437217493627	-0.0168282115497	-0.0318990549962	-0.00406033380509	0.00163465045134	-0.100241995341	-0.048916900063	0.00822341911799	0.0276883104491	-0.0289545139588	-0.00771069135698	-0.00416672426128	-0.00105799432271	0.0215151247792	-0.0354201797236	0.0140991980484	-0.0532526678921	0.0318670874439	0.040144642546	0.00407101395816	0.0569037642937	0.0116062388076	0.0191253167828	0.0412517210975	-0.0056047989257	0.00330871293994
