#taxonomy	k__Bacteria;p__Bacteroidetes;c__Bacteroidia;o__Bacteroidales;f__Bacteroidaceae;g__Bacteroides;s__Bacteroides_vulgatus	k__Bacteria;p__Bacteroidetes;c__Bacteroidia;o__Bacteroidales;f__Bacteroidaceae;g__Bacteroides;s__Bacteroides_uniformis	k__Bacteria;p__Bacteroidetes;c__Bacteroidia;o__Bacteroidales;f__Rikenellaceae;g__Alistipes;s__Alistipes_putredinis	k__Bacteria;p__Bacteroidetes;c__Bacteroidia;o__Bacteroidales;f__Prevotellaceae;g__Prevotella;s__Prevotella_copri	k__Bacteria;p__Bacteroidetes;c__Bacteroidia;o__Bacteroidales;f__Bacteroidaceae;g__Bacteroides;s__Bacteroides_stercoris	k__Bacteria;p__Bacteroidetes;c__Bacteroidia;o__Bacteroidales;f__Bacteroidaceae;g__Bacteroides;s__Bacteroides_ovatus	k__Bacteria;p__Bacteroidetes;c__Bacteroidia;o__Bacteroidales;f__Rikenellaceae;g__Alistipes;s__Alistipes_shahii	k__Bacteria;p__Firmicutes;c__Clostridia;o__Clostridiales;f__Ruminococcaceae;g__Faecalibacterium;s__Faecalibacterium_prausnitzii	k__Bacteria;p__Bacteroidetes;c__Bacteroidia;o__Bacteroidales;f__Rikenellaceae;g__Alistipes;s__Alistipes_finegoldii	k__Bacteria;p__Bacteroidetes;c__Bacteroidia;o__Bacteroidales;f__Porphyromonadaceae;g__Parabacteroides;s__Parabacteroides_distasonis	k__Bacteria;p__Bacteroidetes;c__Bacteroidia;o__Bacteroidales;f__Bacteroidaceae;g__Bacteroides;s__Bacteroides_thetaiotaomicron	k__Bacteria;p__Bacteroidetes;c__Bacteroidia;o__Bacteroidales;f__Bacteroidaceae;g__Bacteroides;s__Bacteroides_coprocola	k__Bacteria;p__Bacteroidetes;c__Bacteroidia;o__Bacteroidales;f__Bacteroidaceae;g__Bacteroides;s__Bacteroides_cellulosilyticus	k__Bacteria;p__Bacteroidetes;c__Bacteroidia;o__Bacteroidales;f__Rikenellaceae;g__Alistipes;s__Alistipes_obesi	k__Bacteria;p__Firmicutes;c__Clostridia;o__Clostridiales;f__Lachnospiraceae;g__;s__[Eubacterium]_rectale	k__Bacteria;p__Bacteroidetes;c__Bacteroidia;o__Bacteroidales;f__Bacteroidaceae;g__Bacteroides;s__Bacteroides_plebeius	k__Bacteria;p__Bacteroidetes;c__Bacteroidia;o__Bacteroidales;f__Bacteroidaceae;g__Bacteroides;s__Bacteroides_fragilis	k__Bacteria;p__Proteobacteria;c__Betaproteobacteria;o__Burkholderiales;f__Sutterellaceae;g__Sutterella;s__Sutterella_wadsworthensis	k__Bacteria;p__Bacteroidetes;c__Bacteroidia;o__Bacteroidales;f__Porphyromonadaceae;g__Barnesiella;s__Barnesiella_intestinihominis	k__Bacteria;p__Bacteroidetes;c__Bacteroidia;o__Bacteroidales;f__Odoribacteraceae;g__Odoribacter;s__Odoribacter_splanchnicus	k__Bacteria;p__Bacteroidetes;c__Bacteroidia;o__Bacteroidales;f__Bacteroidaceae;g__Bacteroides;s__Bacteroides_salyersiae	k__Bacteria;p__Firmicutes;c__Clostridia;o__Clostridiales;f__Ruminococcaceae;g__Ruminiclostridium;s__[Eubacterium]_siraeum	k__Bacteria;p__Proteobacteria;c__Betaproteobacteria;o__Burkholderiales;f__Sutterellaceae;g__Parasutterella;s__Parasutterella_excrementihominis	k__Bacteria;p__Actinobacteria;c__Actinobacteria;o__Bifidobacteriales;f__Bifidobacteriaceae;g__Bifidobacterium;s__Bifidobacterium_adolescentis	k__Bacteria;p__Firmicutes;c__Clostridia;o__Clostridiales;f__Oscillospiraceae;g__Oscillibacter;s__Oscillibacter_sp._KLE_1745	k__Bacteria;p__Bacteroidetes;c__Bacteroidia;o__Bacteroidales;f__Bacteroidaceae;g__Bacteroides;s__Bacteroides_coprophilus	k__Bacteria;p__Firmicutes;c__Clostridia;o__Clostridiales;f__Lachnospiraceae;g__Roseburia;s__Roseburia_intestinalis	k__Bacteria;p__Firmicutes;c__Clostridia;o__Clostridiales;f__Lachnospiraceae;g__Roseburia;s__Roseburia_hominis	k__Bacteria;p__Bacteroidetes;c__Bacteroidia;o__Bacteroidales;f__Porphyromonadaceae;g__Parabacteroides;s__Parabacteroides_johnsonii	k__Bacteria;p__Actinobacteria;c__Actinobacteria;o__Bifidobacteriales;f__Bifidobacteriaceae;g__Bifidobacterium;s__Bifidobacterium_longum	k__Bacteria;p__Firmicutes;c__Clostridia;o__Clostridiales;f__;g__Flavonifractor;s__Flavonifractor_plautii	k__Bacteria;p__Firmicutes;c__Clostridia;o__Clostridiales;f__Clostridiaceae;g__Clostridium;s__Clostridium_phoceensis	k__Bacteria;p__Verrucomicrobia;c__Verrucomicrobiae;o__Verrucomicrobiales;f__Akkermansiaceae;g__Akkermansia;s__Akkermansia_muciniphila	k__Bacteria;p__Bacteroidetes;c__Bacteroidia;o__Bacteroidales;f__Prevotellaceae;g__Paraprevotella;s__Paraprevotella_xylaniphila	k__Bacteria;p__Firmicutes;c__Clostridia;o__Clostridiales;f__Ruminococcaceae;g__Ruminococcus;s__Ruminococcus_callidus	k__Bacteria;p__Bacteroidetes;c__Bacteroidia;o__Bacteroidales;f__Rikenellaceae;g__Alistipes;s__Alistipes_senegalensis	k__Bacteria;p__Firmicutes;c__Clostridia;o__Clostridiales;f__Lachnospiraceae;g__Blautia;s__Blautia_sp._KLE_1732	k__Bacteria;p__Bacteroidetes;c__Bacteroidia;o__Bacteroidales;f__Bacteroidaceae;g__Bacteroides;s__Bacteroides_oleiciplenus	k__Bacteria;p__Firmicutes;c__Clostridia;o__Clostridiales;f__Ruminococcaceae;g__Ruminococcus;s__Ruminococcus_bicirculans	k__Bacteria;p__Bacteroidetes;c__Bacteroidia;o__Bacteroidales;f__Bacteroidaceae;g__Bacteroides;s__Bacteroides_fluxus	k__Bacteria;p__Bacteroidetes;c__Bacteroidia;o__Bacteroidales;f__Prevotellaceae;g__Prevotella;s__Prevotella_stercorea	k__Bacteria;p__Firmicutes;c__Clostridia;o__Clostridiales;f__Lachnospiraceae;g__Dorea;s__Dorea_longicatena	k__Bacteria;p__Firmicutes;c__Clostridia;o__Clostridiales;f__Eubacteriaceae;g__Eubacterium;s__[Eubacterium]_eligens	k__Bacteria;p__Firmicutes;c__Clostridia;o__Clostridiales;f__Ruminococcaceae;g__;s__Ruminococcaceae_bacterium_D16	k__Bacteria;p__Firmicutes;c__Clostridia;o__Clostridiales;f__Lachnospiraceae;g__Coprococcus;s__Coprococcus_comes	k__Bacteria;p__Proteobacteria;c__Gammaproteobacteria;o__Enterobacterales;f__Enterobacteriaceae;g__Escherichia;s__Escherichia_coli	k__Bacteria;p__Firmicutes;c__Clostridia;o__Clostridiales;f__Ruminococcaceae;g__Anaerotruncus;s__Anaerotruncus_colihominis	k__Bacteria;p__Firmicutes;c__Clostridia;o__Clostridiales;f__Lachnospiraceae;g__Blautia;s__Blautia_obeum	k__Bacteria;p__Bacteroidetes;c__Bacteroidia;o__Bacteroidales;f__Odoribacteraceae;g__Odoribacter;s__Odoribacter_laneus	k__Bacteria;p__Firmicutes;c__Clostridia;o__Clostridiales;f__Ruminococcaceae;g__Ruminiclostridium;s__[Clostridium]_leptum	k__Bacteria;p__Bacteroidetes;c__Bacteroidia;o__Bacteroidales;f__Porphyromonadaceae;g__Parabacteroides;s__Parabacteroides_goldsteinii	k__Bacteria;p__Firmicutes;c__Clostridia;o__Clostridiales;f__Lachnospiraceae;g__Anaerostipes;s__Anaerostipes_hadrus	k__Bacteria;p__Firmicutes;c__Clostridia;o__Clostridiales;f__Ruminococcaceae;g__Ruminococcus;s__Ruminococcus_lactaris	k__Bacteria;p__Firmicutes;c__Clostridia;o__Clostridiales;f__Clostridiaceae;g__Clostridium;s__Clostridium_sp._L2-50	k__Bacteria;p__Firmicutes;c__Clostridia;o__Clostridiales;f__Clostridiaceae;g__Clostridium;s__Clostridium_sp._M62/1	k__Bacteria;p__Firmicutes;c__Clostridia;o__Clostridiales;f__;g__Intestinimonas;s__Intestinimonas_butyriciproducens	k__Bacteria;p__Actinobacteria;c__Actinobacteria;o__Bifidobacteriales;f__Bifidobacteriaceae;g__Bifidobacterium;s__Bifidobacterium_bifidum	k__Bacteria;p__Firmicutes;c__Negativicutes;o__Veillonellales;f__Veillonellaceae;g__Dialister;s__Dialister_invisus	k__Bacteria;p__Bacteroidetes;c__Bacteroidia;o__Bacteroidales;f__Bacteroidaceae;g__Bacteroides;s__Bacteroides_salanitronis
k__Bacteria;p__Bacteroidetes;c__Bacteroidia;o__Bacteroidales;f__Bacteroidaceae;g__Bacteroides;s__Bacteroides_vulgatus	1.0	-0.0293850839132	-0.00470420823438	0.0704808318186	-0.0433924441089	0.0223259890587	-0.0290889632869	0.034669224688	-0.0406241620418	-0.00784973539085	-0.0515949506714	-0.00159164480116	0.0228619884521	-0.0497025525674	-0.0376233998927	-0.0227279813761	-0.0306025476399	-0.0204130361827	-0.0197795436179	-0.0539526109161	-0.0619346156349	0.0700022923327	0.002316415265	0.0102114198615	-0.0753592935375	0.0118277997337	0.0484954233857	0.0748828398063	-0.0158981199041	0.0139014721494	0.0495472727863	0.0258790445426	-0.0224800178119	0.0104709544	0.052426793414	0.0294421464604	-0.00926413601964	-0.0686088591498	0.0034120578021	-0.033139270163	-0.043680429121	0.0517453469453	-0.0825920205032	-0.0359889072809	-0.0192668657922	0.0193408959589	0.0257766728918	-0.074289599063	-0.0309865244098	-0.0113735982747	-0.0368381902732	-0.0280531650072	-0.0406358402337	0.0290368664195	-0.0519662854292	0.0036010646292	0.0745139027854	0.0741155695488	0.0110459515663
k__Bacteria;p__Bacteroidetes;c__Bacteroidia;o__Bacteroidales;f__Bacteroidaceae;g__Bacteroides;s__Bacteroides_uniformis	-0.0293850839132	1.0	-0.0103035920746	-0.0370370032748	0.0390915128373	0.00987848940451	-0.00394861226929	-0.092025160091	-0.0825846706645	-0.0301890633319	-0.0583346038276	-0.0377412181048	0.0493203594135	-0.0595254453254	-0.0288936370406	0.0252237824352	0.0280335538673	-0.0871970485441	0.00369118857745	-0.0254648637377	0.0532201744472	-0.0488817593845	-0.0232545790566	0.0272712734052	-0.0108462319564	-0.0133924269	-0.00126346230487	0.00199050895592	-0.0839283104432	-0.0193125269906	-0.105358602318	-0.0353179903399	0.0377764848812	0.0166391011496	0.0125410790532	0.0621312991065	0.00189021366633	0.0523647246328	-0.035084833655	-0.0447142947444	0.023536081036	-0.0420477313035	0.0164530336004	0.0182078851236	-0.0176571330296	0.0388946505144	0.0197201617727	-0.0942342595702	0.0255584450859	-0.0190919547487	0.0584644856341	0.0258651496363	-0.018011221056	-0.0199858040483	0.0852049324937	-0.00427859323009	-0.0439729374984	-0.0475611766083	0.0191126472497
k__Bacteria;p__Bacteroidetes;c__Bacteroidia;o__Bacteroidales;f__Rikenellaceae;g__Alistipes;s__Alistipes_putredinis	-0.00470420823438	-0.0103035920746	1.0	-0.00168900174829	0.0152785566875	-0.0267147047605	0.0409266457446	0.0040541007059	-0.0197819031752	-0.0275181930177	-0.0101200027889	0.0092815831546	0.0465089639454	-0.0565326308362	0.0513920529609	-0.0429144506025	0.0237917251143	-0.0498591749477	-0.0305881548377	-0.00875951549627	0.0165334271829	0.0165891040446	0.00438649618461	0.0327571891164	0.00328110582979	0.0409581115735	-0.00667271618077	0.0208893982015	0.0180910474269	-0.037240510651	0.00115341125739	0.0285604414158	-0.0281761117955	-0.00126335705872	-0.0199425238812	-0.0683402597761	-0.00841922010435	0.0070423306253	-0.0088458257689	0.00871510954979	0.0364103510366	0.00988129939204	-0.0431427291907	0.085603867516	0.00748491203888	-0.0454994424589	-0.0843423760444	0.0180169030772	-0.0419949308449	-0.0672549581771	-0.0289928395581	-0.0556624732068	0.0362207542794	-0.0332910799574	0.0303283454349	-0.0014675850062	-0.0468301780185	-0.0215818410769	-0.0540647586612
k__Bacteria;p__Bacteroidetes;c__Bacteroidia;o__Bacteroidales;f__Prevotellaceae;g__Prevotella;s__Prevotella_copri	0.0704808318186	-0.0370370032748	-0.00168900174829	1.0	-0.0587344294522	-0.00496868157688	0.0297472800979	0.0395294473337	0.0250479291769	0.0169166469871	0.0414714220562	-0.0561327681051	0.0244632554668	-0.0203292617021	-0.0456098896407	0.00843545049496	-0.00254010484092	-0.0164707093462	-0.0511551342523	-0.056138060813	-0.0534498637632	-0.00513694005151	-0.00758389904008	-0.0648816975058	-0.0564656712744	-0.0381661964107	0.0160582549982	-0.00254718297947	-0.0835183186202	0.0276753355117	0.00159663872173	-0.0334097361536	-0.0830420745583	0.0196292801313	-0.033155532866	0.0559450784459	-0.00946615862457	0.0234564712201	0.0304123501905	0.0114006209588	-0.084650039795	0.00857043475278	-0.0599312616127	0.0958034892078	-0.0251107040358	0.00253354235009	-0.00120442284803	0.0130257900424	0.0211124750224	-0.0375607979612	-0.0523794934001	-0.0208854458354	-0.034352181078	-0.00414055012964	0.041891865342	-0.0294213083271	0.00116251862485	-0.0793331975548	-0.0182904958922
k__Bacteria;p__Bacteroidetes;c__Bacteroidia;o__Bacteroidales;f__Bacteroidaceae;g__Bacteroides;s__Bacteroides_stercoris	-0.0433924441089	0.0390915128373	0.0152785566875	-0.0587344294522	1.0	-0.00877242714717	-0.0220410600468	-0.0125645815257	-0.0457264132156	0.0141619180196	0.0557905596746	-0.0441868705262	-0.0506769740241	-0.0276687571205	0.0891295458451	-0.076566082226	-0.0158112435773	-0.00906313312183	-0.0251582594487	-0.022406303782	0.0240002226389	0.00550652423238	0.0105105143705	-0.00139107804982	-0.0616015128153	-0.0156706871832	-0.0540851632338	-0.0357063369941	-0.0100217766949	0.123247464092	-0.00618954957244	-0.0191651379326	-0.0389183082547	0.0243893770154	-0.0142419574597	0.0557684913696	-0.013641732119	-0.0628356338932	0.0611417023201	-0.0703688372628	-0.0364152986552	0.0148404878583	0.0418007991771	-0.0179552960031	0.0123116972649	-0.0310308136377	0.0102758273164	-0.059519595193	0.0198905051205	-0.0326586199432	-0.0297476240566	0.0228580404791	0.00823280491406	0.012738014751	-0.00367443609065	0.0240102582634	0.0312758468336	0.012001231376	0.0335294148646
k__Bacteria;p__Bacteroidetes;c__Bacteroidia;o__Bacteroidales;f__Bacteroidaceae;g__Bacteroides;s__Bacteroides_ovatus	0.0223259890587	0.00987848940451	-0.0267147047605	-0.00496868157688	-0.00877242714717	1.0	-0.00404105923269	0.0349715520345	-0.0132905427093	-0.0592915651956	0.0478118393077	-0.0790530842814	-0.0228147268385	0.0653558183046	-0.0253306377684	-0.0243350360135	-0.0188131237516	-0.106832594632	0.0514876329594	0.00315958584759	-0.000889856426888	-0.0191036960385	0.0505727005123	0.0312083531453	-0.0714081887895	-0.0303850506037	0.03744505376	-0.0669510965218	-0.0342906326199	-0.0241132934653	-0.0544606667478	0.0246474731835	0.0734661041127	-0.018245657281	0.00114415660183	0.0605096178355	0.0392438962327	0.0555710910996	-0.0353376467983	-0.0497936796135	-0.0273214613429	-0.0116474397404	-0.0120193882395	0.0132104883405	0.0181729842712	0.0445488894934	0.0155853352265	-0.0121018563184	0.0543234102287	-0.031094088072	-0.071469337189	-0.0610473208717	-0.0760309290531	-0.034557593081	-0.0630859187364	0.0168647575138	-0.0609025934391	0.0311636949464	-0.0190988941661
k__Bacteria;p__Bacteroidetes;c__Bacteroidia;o__Bacteroidales;f__Rikenellaceae;g__Alistipes;s__Alistipes_shahii	-0.0290889632869	-0.00394861226929	0.0409266457446	0.0297472800979	-0.0220410600468	-0.00404105923269	1.0	-0.0277182997879	-0.0455441668601	-0.0123758453981	-0.0754686387481	-0.00063151817392	-0.0232404486454	-0.0264303854453	-0.0178464735348	0.0463743373529	-0.0596946876736	-0.0545319205882	-0.0431186233117	0.0448146768277	0.0659216873685	-0.0107391293065	0.0763070101995	-0.0321531855122	0.0456048254877	-0.0479424399085	-0.0848085914714	-0.00253362013397	0.00518135852495	-0.0105407304563	-0.0115005561246	-0.0575899983695	0.0269278039758	-0.0390525192377	0.00901019631044	-0.0625963967256	-0.00864775676839	-0.0687881716178	0.014272873708	-0.0392611336426	-0.0848660329008	0.0186254620936	0.0202927823761	-0.00139180496512	-0.0337762517626	0.0341208750394	0.00698575863362	-0.0566241267439	0.0404678298839	0.0221120314178	0.0154298845743	-0.0185788083897	0.00455252387331	0.0160613202262	0.030889037719	-0.0486463267179	-0.0717613276554	0.0469033065889	0.00418679802004
k__Bacteria;p__Firmicutes;c__Clostridia;o__Clostridiales;f__Ruminococcaceae;g__Faecalibacterium;s__Faecalibacterium_prausnitzii	0.034669224688	-0.092025160091	0.0040541007059	0.0395294473337	-0.0125645815257	0.0349715520345	-0.0277182997879	1.0	0.0127393938779	0.0160437113705	-0.00525793945612	-0.08056100342	0.00109218712279	0.0538728088382	-0.0408595133258	0.000981129569529	0.0114175280076	0.0719560442914	-0.0694835953845	0.0486305586839	-0.0524748388287	-0.0933905315106	0.0266891435714	-0.0232230740198	-0.0778008604211	0.0397103694208	0.00946940963296	0.00282734992662	-0.00531961650418	-0.0381293351825	-0.00546190387103	0.0128636768933	0.00901916123952	-0.0331961244848	-0.04364829792	-0.0514172219073	-0.0037175140251	-0.0265942360066	-0.0544971487712	-0.00888912025797	-0.01748748663	-0.000324482614317	-0.0485723655548	-0.0149034747938	0.000850891474809	0.0141867489966	-0.0108997727791	-0.0503172467916	-0.0297899422015	-0.0247640599791	0.0355636557331	-0.0407666438551	0.0151163309445	-0.0292002496334	0.0526283682746	-0.0477551526214	0.103225298418	-0.0375277180917	0.00831890757853
k__Bacteria;p__Bacteroidetes;c__Bacteroidia;o__Bacteroidales;f__Rikenellaceae;g__Alistipes;s__Alistipes_finegoldii	-0.0406241620418	-0.0825846706645	-0.0197819031752	0.0250479291769	-0.0457264132156	-0.0132905427093	-0.0455441668601	0.0127393938779	1.0	-0.0120267927132	-0.0352313912465	-0.0170997508581	-0.0102170177158	-0.0662401049732	-0.0280910404987	-0.00424900400435	0.0190564914692	-0.0150000006423	0.0242501096068	0.0241097624687	-0.0317765567321	0.0390725768297	0.055343361455	-0.0780145169333	-0.0503017628021	0.00267503502519	0.00324454679515	-0.0124177737808	-0.052750930454	0.0166154760486	0.0523106577667	0.0143964822555	-0.0305167273944	0.0124017355927	0.0545566036242	-0.0787076997474	0.0635968282376	0.0364635822987	0.0357471758881	-0.0365926337884	-0.00742734623704	0.0333059495981	-0.0196439187504	0.0190371681227	0.00647356589788	0.00895278798325	0.00960969380406	-0.00217594249504	-0.0476375625603	-0.0416748886253	0.0302734541374	-0.0676721342332	0.0602719867574	-0.00421168534907	-0.0671725364236	-0.00934488373059	-0.00678167812278	0.0364818776586	-0.0449086895297
k__Bacteria;p__Bacteroidetes;c__Bacteroidia;o__Bacteroidales;f__Porphyromonadaceae;g__Parabacteroides;s__Parabacteroides_distasonis	-0.00784973539085	-0.0301890633319	-0.0275181930177	0.0169166469871	0.0141619180196	-0.0592915651956	-0.0123758453981	0.0160437113705	-0.0120267927132	1.0	-0.0343795742318	-0.032826208936	-0.041305518849	0.0312354807414	-0.0352409412665	-0.0288038291293	0.0300209113337	-0.105367934953	-0.0809413782249	-0.0183300101536	-0.0198124682897	-0.0488370933099	0.0451228336402	-0.00479718043599	0.06354044857	-0.0179260140926	-0.0293654808468	-0.0715370957882	-0.0425831938286	0.0458328558445	-0.00593281287736	0.0208424092987	-0.0398453056657	0.0463460637826	-0.00822264701549	-0.0125799390514	0.0423357557394	-0.0402485578235	-0.0100060430487	-0.0699032210777	-0.0322575929587	0.0963861114007	-0.047589829987	-0.048555546739	-0.0593882736719	0.00572387555157	-0.00814872486995	0.026877568372	0.0126012094581	-0.0139817673391	-0.00343416311361	0.0514540830252	0.00190374858798	0.00235438925882	0.0458839865168	-0.00308977769367	-0.00866373191551	-0.0882571240818	0.0562148857809
k__Bacteria;p__Bacteroidetes;c__Bacteroidia;o__Bacteroidales;f__Bacteroidaceae;g__Bacteroides;s__Bacteroides_thetaiotaomicron	-0.0515949506714	-0.0583346038276	-0.0101200027889	0.0414714220562	0.0557905596746	0.0478118393077	-0.0754686387481	-0.00525793945612	-0.0352313912465	-0.0343795742318	1.0	0.0227294371222	-0.0147177761794	-0.0518519774164	-0.0395659130859	-0.0549608060453	0.0397604744606	0.063122036051	-0.0160783496202	0.0143324114752	0.00845220535913	-0.0461854093221	-0.0199698481065	-0.0346143375684	0.0202299552696	-0.00598880669583	0.0259094623008	0.000953587763777	0.031173397172	0.0759078376813	-0.0149914742348	-0.0501092419184	0.0124245049308	-0.0272800357852	-0.0558888783755	0.03615471283	-0.0365239790908	-0.0390470282051	-0.0146038084494	0.0143366699496	-0.063575192834	0.0187294238876	0.0487209477793	0.0611953658794	0.0182377839951	-0.0181943830945	-0.0707075643679	-0.0390104300261	0.0471992858455	-0.00810635250613	-0.0618425762555	-0.0393578071829	-0.00105464738509	-0.00288737148637	-0.0556399910668	-0.0261818659057	-0.0135159369507	0.0440789774329	-0.0267414328174
k__Bacteria;p__Bacteroidetes;c__Bacteroidia;o__Bacteroidales;f__Bacteroidaceae;g__Bacteroides;s__Bacteroides_coprocola	-0.00159164480116	-0.0377412181048	0.0092815831546	-0.0561327681051	-0.0441868705262	-0.0790530842814	-0.00063151817392	-0.08056100342	-0.0170997508581	-0.032826208936	0.0227294371222	1.0	0.00753323929457	-0.00722803885001	0.0640969850764	0.0376306250354	0.0514988729683	0.00813258040193	-0.0142865978503	-0.0275629777442	-0.0322949452556	-0.0149908921518	-0.00354736071038	-0.016207539377	-0.0435896393573	-0.0400794925209	0.0149364881959	0.0163444480139	0.0227458230119	-0.0370774600139	0.0256188156225	-0.0471717443301	-0.00424068439154	0.00654127230528	-0.0218299174319	0.036207176846	-0.0453094343737	0.0018264264768	-0.101737260012	-0.0638161708934	-0.0021878937533	-0.0250173346286	0.0559317271336	-0.0317839255299	-0.0242085137848	-0.0589165627439	0.0226316090774	-0.0196751413868	0.00138828761145	0.0794672231329	-0.0158382365061	-0.00113034336591	0.037065979113	-0.0105398096592	-0.126014862039	-0.0826723365297	-0.0202792590547	-0.053106259969	0.0478561986642
k__Bacteria;p__Bacteroidetes;c__Bacteroidia;o__Bacteroidales;f__Bacteroidaceae;g__Bacteroides;s__Bacteroides_cellulosilyticus	0.0228619884521	0.0493203594135	0.0465089639454	0.0244632554668	-0.0506769740241	-0.0228147268385	-0.0232404486454	0.00109218712279	-0.0102170177158	-0.041305518849	-0.0147177761794	0.00753323929457	1.0	-0.0374584289343	-0.00486181329384	-0.00399017688296	0.05295471932	0.0081085929064	-0.0329692962071	-0.000376133255921	-0.0570818726464	0.0532794891378	0.0328869667243	-0.0697648285265	-0.0411485377919	-0.0097349865432	0.060046713553	-0.0786006218197	-0.0466406072214	-0.104363883155	-0.0181359404461	-0.0427833884544	-0.0584519023421	0.0543271750567	-0.0376619582788	0.0281547265773	0.0205277576677	0.0543724250901	0.047858584229	-0.0533715005693	0.0208170016114	0.0142676343275	0.00800586208685	0.0290982412152	0.024343520201	-0.0205214257173	0.0424770628764	-0.0164347774378	0.0357709626575	-0.048699161404	-0.0284106439163	-0.0212524667667	-0.0106550798077	-0.0147816047836	-0.0159682755537	0.0315108382588	-0.0493792242234	-0.00578717553883	-0.11104883324
k__Bacteria;p__Bacteroidetes;c__Bacteroidia;o__Bacteroidales;f__Rikenellaceae;g__Alistipes;s__Alistipes_obesi	-0.0497025525674	-0.0595254453254	-0.0565326308362	-0.0203292617021	-0.0276687571205	0.0653558183046	-0.0264303854453	0.0538728088382	-0.0662401049732	0.0312354807414	-0.0518519774164	-0.00722803885001	-0.0374584289343	1.0	0.0640119700234	-0.0260517438312	-0.0548548815268	0.0492991118751	-0.0549166640404	0.0226286826871	-0.0463672857922	0.00359234198882	-0.0321944185216	0.0199941056203	0.00732151820018	-0.0189644518512	-0.00797229303818	0.00734500132408	0.0142329242632	0.00409698559583	0.0312181790078	0.00204741002019	-0.0484656966231	-0.0158224840386	-0.0100140456296	0.00477345767089	-0.0148668508945	-0.00258068811493	-0.032885635923	0.0024778606786	-5.26064627684e-05	-0.000799066093962	-0.0275094652419	-0.0180418441226	-0.0151502816662	-0.0355266171942	0.0302065599995	0.00303228752278	-0.0276706569339	-0.0446452275251	0.0232405491693	-0.0435192566385	-0.0334903552253	-0.0080332195193	0.0218827571493	0.000217452507448	-0.00148951724452	0.0140628710785	-0.0359012455348
k__Bacteria;p__Firmicutes;c__Clostridia;o__Clostridiales;f__Lachnospiraceae;g__;s__[Eubacterium]_rectale	-0.0376233998927	-0.0288936370406	0.0513920529609	-0.0456098896407	0.0891295458451	-0.0253306377684	-0.0178464735348	-0.0408595133258	-0.0280910404987	-0.0352409412665	-0.0395659130859	0.0640969850764	-0.00486181329384	0.0640119700234	1.0	0.00214541162576	0.0651999382952	-0.0413485964584	-0.0347288232612	0.00594871325565	-0.0375217926703	-0.0564549963399	-0.0217092944839	-0.0351986676109	-0.0729537796765	-0.0446031839076	0.00728920709314	-0.0208516390502	-0.0516092764761	0.00533244958501	0.0246961346198	-0.0236589339878	0.0227224586672	-0.0155084974655	0.0278166267491	0.00315496802385	-0.0573682723289	-0.00926365224617	-0.11365472365	0.0183196343951	-0.00704272997078	-0.0185499297016	-0.0179411741819	-0.0293614863972	-0.0489845116866	0.0539874689556	0.057507116049	0.0350848653811	-0.0138113443888	0.044777727373	-0.0104460366795	0.0325318399036	-0.0414273264633	0.039009710516	-0.0730418028153	0.0719202830178	0.0319243423218	0.0446915408585	-0.0199467209402
k__Bacteria;p__Bacteroidetes;c__Bacteroidia;o__Bacteroidales;f__Bacteroidaceae;g__Bacteroides;s__Bacteroides_plebeius	-0.0227279813761	0.0252237824352	-0.0429144506025	0.00843545049496	-0.076566082226	-0.0243350360135	0.0463743373529	0.000981129569529	-0.00424900400435	-0.0288038291293	-0.0549608060453	0.0376306250354	-0.00399017688296	-0.0260517438312	0.00214541162576	1.0	-0.0627964959235	-0.0537500629166	-0.00454122706599	0.0651445063394	-0.0068694753357	-0.00961707379744	0.00179021834364	0.0437580917318	0.0128507905964	0.0804211134865	-0.0664326257034	-0.0641134758158	-0.00648387188582	-0.0116376496376	-0.0302649602958	-0.102276949044	-0.0278391154786	-0.0652551539457	0.0125677795361	-0.0188746037286	-0.00373349934721	-0.0152272818808	0.0494033598751	-0.0454033103426	-0.0114597470761	-0.057305646646	0.013504309406	-0.0493558026211	-0.0809964755039	-0.0404987808898	-0.06386588488	-0.0359348584337	-0.0377157000175	0.0296961582028	0.0279212603316	-0.0619149388425	-0.00651765600811	0.0155659758604	-0.0491902136331	0.0331032116439	-0.0456957562832	0.023941815531	0.000424359857003
k__Bacteria;p__Bacteroidetes;c__Bacteroidia;o__Bacteroidales;f__Bacteroidaceae;g__Bacteroides;s__Bacteroides_fragilis	-0.0306025476399	0.0280335538673	0.0237917251143	-0.00254010484092	-0.0158112435773	-0.0188131237516	-0.0596946876736	0.0114175280076	0.0190564914692	0.0300209113337	0.0397604744606	0.0514988729683	0.05295471932	-0.0548548815268	0.0651999382952	-0.0627964959235	1.0	0.0204718704078	-0.038274982343	-0.0565295682937	-0.00663526422606	0.0211222875128	-0.0114945072616	-0.074555471582	-0.0395224468813	0.0287656702634	-0.01922531749	-0.040100125164	-0.0632190211143	0.0513172413556	-1.87678280474e-05	-0.0122598737198	0.0282443411066	0.0509569690001	-0.0538026592602	-0.0103213478567	-0.0482691948065	-0.036775696187	-0.0217778392006	-0.0641780129172	-0.0494833270306	0.0112476609943	-0.0198031708311	-0.0419674884791	-0.0543786581985	0.00484961205567	-0.0307459269704	-0.0106592223672	0.0350625353563	0.0136337141791	-0.0270074922558	0.0204971691612	0.00895187981784	-0.0653591365286	0.0583669759295	0.0267218218143	-0.0215177694617	0.0233478369128	-0.0570183113895
k__Bacteria;p__Proteobacteria;c__Betaproteobacteria;o__Burkholderiales;f__Sutterellaceae;g__Sutterella;s__Sutterella_wadsworthensis	-0.0204130361827	-0.0871970485441	-0.0498591749477	-0.0164707093462	-0.00906313312183	-0.106832594632	-0.0545319205882	0.0719560442914	-0.0150000006423	-0.105367934953	0.063122036051	0.00813258040193	0.0081085929064	0.0492991118751	-0.0413485964584	-0.0537500629166	0.0204718704078	1.0	-0.0350357097824	-0.0346355552162	-0.00494022528531	-0.049024574723	-0.0597662632595	-0.0155350604955	-0.00778017912186	-0.000661536703037	-0.0563656892095	0.0519848585942	0.0201341008396	-0.0291117938302	0.0462773651334	0.046634167802	0.0218023447818	0.0431086583458	-0.00575529941081	0.0572118023614	0.0155088466086	0.0504366929427	-0.0179935549014	-0.0168204681781	0.00318424700812	-0.00129384863291	0.0168142414375	-0.0340560270272	0.0169163771087	-0.033195884292	-0.132789571337	-0.0135183813871	0.00683912177514	0.0441503804415	-0.0456321653192	0.0398297086707	0.0412621057755	-0.026085315468	-0.0425545903264	-0.0435996760069	-0.0250914369135	0.028302524188	0.0031041617709
k__Bacteria;p__Bacteroidetes;c__Bacteroidia;o__Bacteroidales;f__Porphyromonadaceae;g__Barnesiella;s__Barnesiella_intestinihominis	-0.0197795436179	0.00369118857745	-0.0305881548377	-0.0511551342523	-0.0251582594487	0.0514876329594	-0.0431186233117	-0.0694835953845	0.0242501096068	-0.0809413782249	-0.0160783496202	-0.0142865978503	-0.0329692962071	-0.0549166640404	-0.0347288232612	-0.00454122706599	-0.038274982343	-0.0350357097824	1.0	0.0172157270681	0.0412543907631	-0.0624042742734	0.013695030058	0.00744325297735	-0.0311849607293	0.0137933824391	0.00222601183012	0.005184368335	-0.0496529629602	-0.0819612860787	-0.0762638506005	-0.020830545396	0.0616093613617	0.00314673619549	0.0855878816829	0.0647993070476	-0.0154890258824	0.000130059336696	-0.000168502179017	0.0388851340136	0.028973203946	0.0314205345869	0.00160979674307	0.0034190110053	-0.0171269778803	-0.0235485052968	-0.00354708853461	-0.0401876403581	-0.0564282861022	-0.0464799121051	-0.00580117245465	-0.00925261104812	-0.0641721102688	0.0601049504251	-0.0775495063493	0.0498060211477	-0.0570582556881	0.0252572458913	0.0317912345781
k__Bacteria;p__Bacteroidetes;c__Bacteroidia;o__Bacteroidales;f__Odoribacteraceae;g__Odoribacter;s__Odoribacter_splanchnicus	-0.0539526109161	-0.0254648637377	-0.00875951549627	-0.056138060813	-0.022406303782	0.00315958584759	0.0448146768277	0.0486305586839	0.0241097624687	-0.0183300101536	0.0143324114752	-0.0275629777442	-0.000376133255921	0.0226286826871	0.00594871325565	0.0651445063394	-0.0565295682937	-0.0346355552162	0.0172157270681	1.0	-0.0373716201616	-0.00221191093391	0.00543833466916	-0.0479100295328	0.0103777473437	-0.046889499518	-0.0218583336538	0.0390609455989	0.0286038688519	-0.058177430601	0.00238631578237	0.0123234614983	0.0188564585476	-0.0351880152625	0.000136431045123	-0.013449401665	0.0510663417604	-0.0111577383458	4.34171108289e-05	-0.0339470768166	-0.0313392548481	-1.43572455953e-05	0.00294649295622	-0.00211551050176	-0.00361470858586	0.0606227359261	-0.0477857386691	0.0459879664986	-0.0439600558509	-0.0793967901483	0.0520752305748	0.0069789280356	-0.0592725946677	-0.0196542285433	0.0249503275908	0.0536554744741	-0.00946579962408	-0.0051460634764	-0.012588809761
k__Bacteria;p__Bacteroidetes;c__Bacteroidia;o__Bacteroidales;f__Bacteroidaceae;g__Bacteroides;s__Bacteroides_salyersiae	-0.0619346156349	0.0532201744472	0.0165334271829	-0.0534498637632	0.0240002226389	-0.000889856426888	0.0659216873685	-0.0524748388287	-0.0317765567321	-0.0198124682897	0.00845220535913	-0.0322949452556	-0.0570818726464	-0.0463672857922	-0.0375217926703	-0.0068694753357	-0.00663526422606	-0.00494022528531	0.0412543907631	-0.0373716201616	1.0	-0.0230061595209	0.0155675307638	-0.0305462374974	0.0236368867802	-0.0117516841165	-0.0613031509696	-0.013088318691	-0.0711501355559	0.0346780247698	-0.0460206917703	-0.0360326620487	-0.0417715109909	-0.0174142809528	0.030126231862	0.00184588462582	0.0285633712202	-0.0393952882824	0.030491990489	-0.0334169809167	-0.0019230541064	-0.013137251603	0.0611553472781	0.00626416989883	0.0394002218285	-0.00862022058876	-0.00686402253592	-0.0351531191097	0.0397269207013	0.0305300659058	-0.0395771348238	-0.00371312348277	0.0360619233182	0.00219129335528	-0.0889371850339	-0.0303443144751	0.017907889599	0.0184055410257	-0.0192585362124
k__Bacteria;p__Firmicutes;c__Clostridia;o__Clostridiales;f__Ruminococcaceae;g__Ruminiclostridium;s__[Eubacterium]_siraeum	0.0700022923327	-0.0488817593845	0.0165891040446	-0.00513694005151	0.00550652423238	-0.0191036960385	-0.0107391293065	-0.0933905315106	0.0390725768297	-0.0488370933099	-0.0461854093221	-0.0149908921518	0.0532794891378	0.00359234198882	-0.0564549963399	-0.00961707379744	0.0211222875128	-0.049024574723	-0.0624042742734	-0.00221191093391	-0.0230061595209	1.0	0.00786387003766	-0.00092078141242	-0.0332878116853	0.0336620354513	-0.0222221397514	0.0386534796319	-0.0255808054163	0.00752890794372	0.0070489177036	0.0614562996002	0.0164298376018	0.0103904655164	0.00464485229434	0.0127986090887	-0.0156515270766	-0.0468848158287	0.0592439779524	-0.0878125836425	-0.0157922882253	-0.012466510593	-0.0261820192025	-0.0458963905329	0.00264015333854	0.067802896489	-0.0317661607105	-0.00846800186045	-0.00078845184308	-0.0518368184101	-0.0137137427796	-0.012582766524	-0.0251742876741	-0.0224501102089	0.00822144522764	-0.0619235306619	-0.0813928245767	0.0068796209823	-0.066577981979
k__Bacteria;p__Proteobacteria;c__Betaproteobacteria;o__Burkholderiales;f__Sutterellaceae;g__Parasutterella;s__Parasutterella_excrementihominis	0.002316415265	-0.0232545790566	0.00438649618461	-0.00758389904008	0.0105105143705	0.0505727005123	0.0763070101995	0.0266891435714	0.055343361455	0.0451228336402	-0.0199698481065	-0.00354736071038	0.0328869667243	-0.0321944185216	-0.0217092944839	0.00179021834364	-0.0114945072616	-0.0597662632595	0.013695030058	0.00543833466916	0.0155675307638	0.00786387003766	1.0	-0.0213026529064	-0.00127620784713	0.00141227763515	-0.0351601123225	-0.118777326244	-0.0529478551168	0.0234842347815	-0.00363504712789	-0.0538496570015	-0.0651962329152	-0.0998867398808	-0.0662631886609	0.0103160072428	0.0111022340868	-0.0634723043794	0.00965399928137	0.0509592366662	0.0102526591519	-0.0726904168917	-0.0345435687297	-0.0297210127473	-0.0221649069362	0.00933838070953	0.0635247458339	-0.00633096034694	-0.0403294216955	-0.0328530142144	-0.016317712744	-0.0253753182789	-0.0509835848996	-0.0729901449537	0.0389431251664	-0.0033374203123	-0.0480967089062	-0.0643667809941	7.03463156894e-05
k__Bacteria;p__Actinobacteria;c__Actinobacteria;o__Bifidobacteriales;f__Bifidobacteriaceae;g__Bifidobacterium;s__Bifidobacterium_adolescentis	0.0102114198615	0.0272712734052	0.0327571891164	-0.0648816975058	-0.00139107804982	0.0312083531453	-0.0321531855122	-0.0232230740198	-0.0780145169333	-0.00479718043599	-0.0346143375684	-0.016207539377	-0.0697648285265	0.0199941056203	-0.0351986676109	0.0437580917318	-0.074555471582	-0.0155350604955	0.00744325297735	-0.0479100295328	-0.0305462374974	-0.00092078141242	-0.0213026529064	1.0	-0.0753465914688	-0.0770688569869	0.00830064675918	0.0267649722786	0.0225725376461	0.0580539050628	0.010599842842	-0.0071717891529	-0.032555331105	-0.0863792166012	0.0568504534993	-0.0277505267607	-0.107750497082	0.0140227412284	-0.0701758466201	-0.0106616237087	0.0780149964155	0.00244243649285	0.0285730095405	0.0566479211021	-0.033116505136	-0.00943590574508	-0.0961204322945	0.0185844622598	-0.0221993780577	-0.0131432769875	-0.0315040418818	0.0204669990382	0.030490526832	-0.0849875476662	-0.00442926290655	0.041764976753	0.0480301874053	-0.0447612172467	0.0268768166056
k__Bacteria;p__Firmicutes;c__Clostridia;o__Clostridiales;f__Oscillospiraceae;g__Oscillibacter;s__Oscillibacter_sp._KLE_1745	-0.0753592935375	-0.0108462319564	0.00328110582979	-0.0564656712744	-0.0616015128153	-0.0714081887895	0.0456048254877	-0.0778008604211	-0.0503017628021	0.06354044857	0.0202299552696	-0.0435896393573	-0.0411485377919	0.00732151820018	-0.0729537796765	0.0128507905964	-0.0395224468813	-0.00778017912186	-0.0311849607293	0.0103777473437	0.0236368867802	-0.0332878116853	-0.00127620784713	-0.0753465914688	1.0	-0.00798861121966	0.00372099579308	0.0463209677209	-0.0372544697304	0.0401682032054	-0.012080154636	0.0236829551868	-0.0360896561726	-0.0222488413095	0.0434240560444	-0.081740853449	0.0175999198276	0.0194413637884	0.00529127726085	-0.00544174263952	0.0106723224609	0.0223304924509	0.0260126388357	0.0173454728983	-0.0176400793407	-0.0341073250671	0.00887238230171	-0.00531084475894	0.0351679548957	-0.00656523305243	-0.0425458623963	-0.0554339250465	0.0514020852664	0.0630512738055	0.0156483099391	-0.0263319674264	-0.0539574328879	-0.0277595805985	0.0249314776836
k__Bacteria;p__Bacteroidetes;c__Bacteroidia;o__Bacteroidales;f__Bacteroidaceae;g__Bacteroides;s__Bacteroides_coprophilus	0.0118277997337	-0.0133924269	0.0409581115735	-0.0381661964107	-0.0156706871832	-0.0303850506037	-0.0479424399085	0.0397103694208	0.00267503502519	-0.0179260140926	-0.00598880669583	-0.0400794925209	-0.0097349865432	-0.0189644518512	-0.0446031839076	0.0804211134865	0.0287656702634	-0.000661536703037	0.0137933824391	-0.046889499518	-0.0117516841165	0.0336620354513	0.00141227763515	-0.0770688569869	-0.00798861121966	1.0	-0.0154274971251	-0.035801357342	-0.0113695014813	-0.067589816973	0.0209050340704	-0.0019412563706	-0.0610413128902	0.0302097276109	0.0338226822416	-0.0387229427409	0.0485526351281	0.037617880987	0.0262260664353	-0.0339296253779	0.0218056782843	0.0103246396874	0.0454801544997	-0.0233563837146	-0.0257153255566	-0.0211816429315	-0.0062223314487	-0.05418850758	-0.0568015963334	-0.0116198896526	-0.0669492468243	-0.0478581659486	-0.0121122490921	0.0179087759723	-0.0484159680444	-0.0719788569243	0.0279194140955	0.0196517372409	-0.0731122018622
k__Bacteria;p__Firmicutes;c__Clostridia;o__Clostridiales;f__Lachnospiraceae;g__Roseburia;s__Roseburia_intestinalis	0.0484954233857	-0.00126346230487	-0.00667271618077	0.0160582549982	-0.0540851632338	0.03744505376	-0.0848085914714	0.00946940963296	0.00324454679515	-0.0293654808468	0.0259094623008	0.0149364881959	0.060046713553	-0.00797229303818	0.00728920709314	-0.0664326257034	-0.01922531749	-0.0563656892095	0.00222601183012	-0.0218583336538	-0.0613031509696	-0.0222221397514	-0.0351601123225	0.00830064675918	0.00372099579309	-0.0154274971251	1.0	-0.00604805447689	-0.0710502958796	-0.0319663264585	0.0101815117011	-0.0156327652312	0.0208655915706	0.0172100189578	0.00834104740514	-0.0294763208914	0.00668691065258	-0.0555223735452	-0.0134539628089	-0.031057443525	0.0585970932221	-0.0663880468406	0.0599009589466	-0.0141943832528	0.0414597231863	0.00222271135765	-0.0528112045025	-0.0377077367219	-0.0573111763891	-0.0145800208587	0.075801340109	0.0311018131847	-0.0705197023057	-0.0224469623135	-0.0813119214573	-0.02895670855	-0.0185248731754	-0.0326828931717	-0.0344804063752
k__Bacteria;p__Firmicutes;c__Clostridia;o__Clostridiales;f__Lachnospiraceae;g__Roseburia;s__Roseburia_hominis	0.0748828398063	0.00199050895592	0.0208893982015	-0.00254718297947	-0.0357063369941	-0.0669510965218	-0.00253362013397	0.00282734992662	-0.0124177737808	-0.0715370957882	0.000953587763777	0.0163444480139	-0.0786006218197	0.00734500132408	-0.0208516390502	-0.0641134758158	-0.040100125164	0.0519848585942	0.005184368335	0.0390609455989	-0.013088318691	0.0386534796319	-0.118777326244	0.0267649722786	0.0463209677209	-0.035801357342	-0.00604805447689	1.0	-0.0452142306658	0.00267274292844	-0.00279725280716	-0.02103990628	0.00407966204635	0.000736337882213	-0.0197382141156	-0.00256419469565	0.00289752735991	-0.00604673602982	-0.0362421491555	-0.00627892776434	0.00333565893656	-0.00322547634296	-0.0112550060665	-0.00756249624404	0.0199076284397	-0.00246494552896	-0.0143140665236	8.23609570412e-05	0.0180673756796	-0.0283099517129	0.0127621694672	-0.0207454247398	0.0277675289679	-0.0556535819761	0.028617102039	0.0339188171615	-0.00465368825585	-0.029483050669	0.0208509331733
k__Bacteria;p__Bacteroidetes;c__Bacteroidia;o__Bacteroidales;f__Porphyromonadaceae;g__Parabacteroides;s__Parabacteroides_johnsonii	-0.0158981199041	-0.0839283104432	0.0180910474269	-0.0835183186202	-0.0100217766949	-0.0342906326199	0.00518135852495	-0.00531961650418	-0.052750930454	-0.0425831938286	0.031173397172	0.0227458230119	-0.0466406072214	0.0142329242632	-0.0516092764761	-0.00648387188582	-0.0632190211143	0.0201341008396	-0.0496529629602	0.0286038688519	-0.0711501355559	-0.0255808054163	-0.0529478551168	0.0225725376461	-0.0372544697304	-0.0113695014813	-0.0710502958796	-0.0452142306658	1.0	0.0373039849954	0.0332026667087	-0.0358717266791	0.0151745744089	0.00694667352936	-0.0340944815094	-0.0369519919058	0.00223092241796	-0.00703157045183	0.0158929999325	-0.0355832052009	-0.0333370136313	0.0105273400809	0.0494746691456	0.0295919252447	-0.0501925806043	-0.0308505434104	-0.0558280977949	-0.0438051095697	0.00785956114854	0.0706742629371	0.0146016425835	-0.0247909159064	-0.0374276952071	-0.00180814201615	0.00992868862469	-0.0677570383282	0.0537582349947	0.0239227148094	-0.0240680925654
k__Bacteria;p__Actinobacteria;c__Actinobacteria;o__Bifidobacteriales;f__Bifidobacteriaceae;g__Bifidobacterium;s__Bifidobacterium_longum	0.0139014721494	-0.0193125269906	-0.037240510651	0.0276753355117	0.123247464092	-0.0241132934653	-0.0105407304563	-0.0381293351825	0.0166154760486	0.0458328558445	0.0759078376813	-0.0370774600139	-0.104363883155	0.00409698559583	0.00533244958501	-0.0116376496376	0.0513172413556	-0.0291117938302	-0.0819612860787	-0.058177430601	0.0346780247698	0.00752890794372	0.0234842347815	0.0580539050628	0.0401682032054	-0.067589816973	-0.0319663264585	0.00267274292844	0.0373039849954	1.0	-0.00600810079501	-0.00619848143689	-0.0917599648485	-0.0599682159334	2.91154877005e-05	0.00594134744923	-0.0386376517869	-0.00799473790854	-0.0797223271434	-0.0196703148989	0.0156938575618	0.00785209660824	-0.0505473920565	-0.020927510388	-0.0547445893128	-0.0417935047684	-0.0606526093339	0.0548925826599	0.0279601165626	-0.0075779623704	0.00126466940154	-0.0942964885303	-0.0362484346266	-0.0597358149012	0.0185163497344	0.0120738065197	0.0591006779935	-0.0483167078093	-0.0297551758157
