#taxonomy	k__Bacteria;p__Bacteroidetes;c__Bacteroidia;o__Bacteroidales;f__Bacteroidaceae;g__Bacteroides;s__Bacteroides_vulgatus	k__Bacteria;p__Bacteroidetes;c__Bacteroidia;o__Bacteroidales;f__Bacteroidaceae;g__Bacteroides;s__Bacteroides_uniformis	k__Bacteria;p__Bacteroidetes;c__Bacteroidia;o__Bacteroidales;f__Rikenellaceae;g__Alistipes;s__Alistipes_putredinis	k__Bacteria;p__Bacteroidetes;c__Bacteroidia;o__Bacteroidales;f__Prevotellaceae;g__Prevotella;s__Prevotella_copri	k__Bacteria;p__Bacteroidetes;c__Bacteroidia;o__Bacteroidales;f__Bacteroidaceae;g__Bacteroides;s__Bacteroides_stercoris	k__Bacteria;p__Bacteroidetes;c__Bacteroidia;o__Bacteroidales;f__Bacteroidaceae;g__Bacteroides;s__Bacteroides_ovatus	k__Bacteria;p__Bacteroidetes;c__Bacteroidia;o__Bacteroidales;f__Rikenellaceae;g__Alistipes;s__Alistipes_shahii	k__Bacteria;p__Firmicutes;c__Clostridia;o__Clostridiales;f__Ruminococcaceae;g__Faecalibacterium;s__Faecalibacterium_prausnitzii	k__Bacteria;p__Bacteroidetes;c__Bacteroidia;o__Bacteroidales;f__Rikenellaceae;g__Alistipes;s__Alistipes_finegoldii	k__Bacteria;p__Bacteroidetes;c__Bacteroidia;o__Bacteroidales;f__Porphyromonadaceae;g__Parabacteroides;s__Parabacteroides_distasonis	k__Bacteria;p__Bacteroidetes;c__Bacteroidia;o__Bacteroidales;f__Bacteroidaceae;g__Bacteroides;s__Bacteroides_thetaiotaomicron	k__Bacteria;p__Bacteroidetes;c__Bacteroidia;o__Bacteroidales;f__Bacteroidaceae;g__Bacteroides;s__Bacteroides_coprocola	k__Bacteria;p__Bacteroidetes;c__Bacteroidia;o__Bacteroidales;f__Bacteroidaceae;g__Bacteroides;s__Bacteroides_cellulosilyticus	k__Bacteria;p__Bacteroidetes;c__Bacteroidia;o__Bacteroidales;f__Rikenellaceae;g__Alistipes;s__Alistipes_obesi	k__Bacteria;p__Firmicutes;c__Clostridia;o__Clostridiales;f__Lachnospiraceae;g__;s__[Eubacterium]_rectale	k__Bacteria;p__Bacteroidetes;c__Bacteroidia;o__Bacteroidales;f__Bacteroidaceae;g__Bacteroides;s__Bacteroides_plebeius	k__Bacteria;p__Bacteroidetes;c__Bacteroidia;o__Bacteroidales;f__Bacteroidaceae;g__Bacteroides;s__Bacteroides_fragilis	k__Bacteria;p__Proteobacteria;c__Betaproteobacteria;o__Burkholderiales;f__Sutterellaceae;g__Sutterella;s__Sutterella_wadsworthensis	k__Bacteria;p__Bacteroidetes;c__Bacteroidia;o__Bacteroidales;f__Porphyromonadaceae;g__Barnesiella;s__Barnesiella_intestinihominis	k__Bacteria;p__Bacteroidetes;c__Bacteroidia;o__Bacteroidales;f__Odoribacteraceae;g__Odoribacter;s__Odoribacter_splanchnicus	k__Bacteria;p__Bacteroidetes;c__Bacteroidia;o__Bacteroidales;f__Bacteroidaceae;g__Bacteroides;s__Bacteroides_salyersiae	k__Bacteria;p__Firmicutes;c__Clostridia;o__Clostridiales;f__Ruminococcaceae;g__Ruminiclostridium;s__[Eubacterium]_siraeum	k__Bacteria;p__Proteobacteria;c__Betaproteobacteria;o__Burkholderiales;f__Sutterellaceae;g__Parasutterella;s__Parasutterella_excrementihominis	k__Bacteria;p__Actinobacteria;c__Actinobacteria;o__Bifidobacteriales;f__Bifidobacteriaceae;g__Bifidobacterium;s__Bifidobacterium_adolescentis	k__Bacteria;p__Firmicutes;c__Clostridia;o__Clostridiales;f__Oscillospiraceae;g__Oscillibacter;s__Oscillibacter_sp._KLE_1745	k__Bacteria;p__Bacteroidetes;c__Bacteroidia;o__Bacteroidales;f__Bacteroidaceae;g__Bacteroides;s__Bacteroides_coprophilus	k__Bacteria;p__Firmicutes;c__Clostridia;o__Clostridiales;f__Lachnospiraceae;g__Roseburia;s__Roseburia_intestinalis	k__Bacteria;p__Firmicutes;c__Clostridia;o__Clostridiales;f__Lachnospiraceae;g__Roseburia;s__Roseburia_hominis	k__Bacteria;p__Bacteroidetes;c__Bacteroidia;o__Bacteroidales;f__Porphyromonadaceae;g__Parabacteroides;s__Parabacteroides_johnsonii	k__Bacteria;p__Actinobacteria;c__Actinobacteria;o__Bifidobacteriales;f__Bifidobacteriaceae;g__Bifidobacterium;s__Bifidobacterium_longum	k__Bacteria;p__Firmicutes;c__Clostridia;o__Clostridiales;f__;g__Flavonifractor;s__Flavonifractor_plautii	k__Bacteria;p__Firmicutes;c__Clostridia;o__Clostridiales;f__Clostridiaceae;g__Clostridium;s__Clostridium_phoceensis	k__Bacteria;p__Verrucomicrobia;c__Verrucomicrobiae;o__Verrucomicrobiales;f__Akkermansiaceae;g__Akkermansia;s__Akkermansia_muciniphila	k__Bacteria;p__Bacteroidetes;c__Bacteroidia;o__Bacteroidales;f__Prevotellaceae;g__Paraprevotella;s__Paraprevotella_xylaniphila	k__Bacteria;p__Firmicutes;c__Clostridia;o__Clostridiales;f__Ruminococcaceae;g__Ruminococcus;s__Ruminococcus_callidus	k__Bacteria;p__Bacteroidetes;c__Bacteroidia;o__Bacteroidales;f__Rikenellaceae;g__Alistipes;s__Alistipes_senegalensis	k__Bacteria;p__Firmicutes;c__Clostridia;o__Clostridiales;f__Lachnospiraceae;g__Blautia;s__Blautia_sp._KLE_1732	k__Bacteria;p__Bacteroidetes;c__Bacteroidia;o__Bacteroidales;f__Bacteroidaceae;g__Bacteroides;s__Bacteroides_oleiciplenus	k__Bacteria;p__Firmicutes;c__Clostridia;o__Clostridiales;f__Ruminococcaceae;g__Ruminococcus;s__Ruminococcus_bicirculans	k__Bacteria;p__Bacteroidetes;c__Bacteroidia;o__Bacteroidales;f__Bacteroidaceae;g__Bacteroides;s__Bacteroides_fluxus	k__Bacteria;p__Bacteroidetes;c__Bacteroidia;o__Bacteroidales;f__Prevotellaceae;g__Prevotella;s__Prevotella_stercorea	k__Bacteria;p__Firmicutes;c__Clostridia;o__Clostridiales;f__Lachnospiraceae;g__Dorea;s__Dorea_longicatena	k__Bacteria;p__Firmicutes;c__Clostridia;o__Clostridiales;f__Eubacteriaceae;g__Eubacterium;s__[Eubacterium]_eligens	k__Bacteria;p__Firmicutes;c__Clostridia;o__Clostridiales;f__Ruminococcaceae;g__;s__Ruminococcaceae_bacterium_D16	k__Bacteria;p__Firmicutes;c__Clostridia;o__Clostridiales;f__Lachnospiraceae;g__Coprococcus;s__Coprococcus_comes	k__Bacteria;p__Proteobacteria;c__Gammaproteobacteria;o__Enterobacterales;f__Enterobacteriaceae;g__Escherichia;s__Escherichia_coli	k__Bacteria;p__Firmicutes;c__Clostridia;o__Clostridiales;f__Ruminococcaceae;g__Anaerotruncus;s__Anaerotruncus_colihominis	k__Bacteria;p__Firmicutes;c__Clostridia;o__Clostridiales;f__Lachnospiraceae;g__Blautia;s__Blautia_obeum	k__Bacteria;p__Bacteroidetes;c__Bacteroidia;o__Bacteroidales;f__Odoribacteraceae;g__Odoribacter;s__Odoribacter_laneus	k__Bacteria;p__Firmicutes;c__Clostridia;o__Clostridiales;f__Ruminococcaceae;g__Ruminiclostridium;s__[Clostridium]_leptum	k__Bacteria;p__Bacteroidetes;c__Bacteroidia;o__Bacteroidales;f__Porphyromonadaceae;g__Parabacteroides;s__Parabacteroides_goldsteinii	k__Bacteria;p__Firmicutes;c__Clostridia;o__Clostridiales;f__Lachnospiraceae;g__Anaerostipes;s__Anaerostipes_hadrus	k__Bacteria;p__Firmicutes;c__Clostridia;o__Clostridiales;f__Ruminococcaceae;g__Ruminococcus;s__Ruminococcus_lactaris	k__Bacteria;p__Firmicutes;c__Clostridia;o__Clostridiales;f__Clostridiaceae;g__Clostridium;s__Clostridium_sp._L2-50	k__Bacteria;p__Firmicutes;c__Clostridia;o__Clostridiales;f__Clostridiaceae;g__Clostridium;s__Clostridium_sp._M62/1	k__Bacteria;p__Firmicutes;c__Clostridia;o__Clostridiales;f__;g__Intestinimonas;s__Intestinimonas_butyriciproducens	k__Bacteria;p__Actinobacteria;c__Actinobacteria;o__Bifidobacteriales;f__Bifidobacteriaceae;g__Bifidobacterium;s__Bifidobacterium_bifidum	k__Bacteria;p__Firmicutes;c__Negativicutes;o__Veillonellales;f__Veillonellaceae;g__Dialister;s__Dialister_invisus	k__Bacteria;p__Bacteroidetes;c__Bacteroidia;o__Bacteroidales;f__Bacteroidaceae;g__Bacteroides;s__Bacteroides_salanitronis
k__Bacteria;p__Bacteroidetes;c__Bacteroidia;o__Bacteroidales;f__Bacteroidaceae;g__Bacteroides;s__Bacteroides_vulgatus	1.0	-0.0800855754375	-0.0457260861091	0.115683391275	0.0575024340699	0.0406964092422	-0.0168751338157	0.0227745926814	-0.0397596005768	0.0435459190168	0.0483348064726	0.0237894495249	-0.0732027165372	0.0314030236836	0.0148725492561	-0.0286491431248	-0.00650406441787	0.0479491679658	-0.0367886878642	-0.0332099476854	0.0228923653553	-0.0498730507205	-0.00708321477983	-0.0157132683327	-0.0341307163009	-0.0398261274846	-0.0203943978537	-0.0411137824525	0.0153149943889	-0.0130395777754	-0.0222570812644	0.0177967235998	0.0146969608995	0.0201737874642	-0.0341435436415	0.0133930718542	-0.0238668568023	-0.0399183819257	-0.0311922067912	-0.0172917313381	0.0892022247881	0.0728683543085	0.0173586465374	-0.0739671362905	-0.0307951985841	-0.0887809633402	-0.0322540018737	0.0470394297662	0.0815994089033	-0.0235880523719	0.0135153185871	-0.0203343629287	0.0499165728762	0.0199569160442	0.0360856306998	0.00659373232306	-0.0143848087271	0.0332763201259	-0.0361673642144
k__Bacteria;p__Bacteroidetes;c__Bacteroidia;o__Bacteroidales;f__Bacteroidaceae;g__Bacteroides;s__Bacteroides_uniformis	-0.0800855754375	1.0	0.0213028367458	0.0356973589095	-0.0598917922299	-0.0225597796977	0.00570997059622	0.0334857190014	-0.0279597370081	0.0110030839289	0.0119896262471	0.0668285268316	-0.0148474586128	-0.0334230522488	0.00261823334092	0.00187038528002	-0.0412987212608	-0.0567486697025	0.00753956005105	0.0166864406299	-0.0118817602653	-0.0300316982957	-0.0457215360943	-0.0492523142145	0.0040079232611	0.0196467478251	0.0236905076067	0.104363406664	-0.0647471777324	0.0676326998096	0.061464545154	-0.0302668897785	-0.0302315704184	-0.0463411147076	0.0202142742116	0.0197881174429	0.0137193031097	0.0274519032691	-0.0299428031122	-0.0142678919775	0.0292585839632	-0.0453852665085	-0.0216382022504	-0.00445615188145	0.00906524862195	-0.0183671681417	-0.0613441348095	-0.0518596122482	0.000649146228009	-0.0216980154939	0.013393484612	-0.0130778439194	-0.0201722708677	0.0173136383307	-0.0180432248498	0.0353984066698	-0.0392637244239	-0.0575068985513	-0.00898768671531
k__Bacteria;p__Bacteroidetes;c__Bacteroidia;o__Bacteroidales;f__Rikenellaceae;g__Alistipes;s__Alistipes_putredinis	-0.0457260861091	0.0213028367458	1.0	0.0272164459196	0.0378150867965	-0.043149553225	-0.0120470547439	-0.0283520634968	-0.0743152106547	0.0720564939204	0.0246137033312	-0.0609867278417	0.0276257108549	0.0285930632814	0.060293747165	-0.00637156825551	-0.0422297230051	-0.0172978183612	-0.0278212944598	0.0659547978174	-0.056811061573	-0.0549135131731	0.0447455954134	0.072471600404	0.00233869954555	0.00370236679236	-0.1056104121	-0.0184513263085	0.0436864393959	0.0592784811662	-0.0146296874529	-0.00520834846322	0.0174339775201	-0.0496677175375	-0.053374898357	0.043088249514	-0.0760491680198	0.0139389655243	-0.0127440345282	0.0174543463438	-0.0208737988623	-0.0117243351221	-0.0701962810819	-0.0115412984531	0.00442635914195	0.0447980815606	0.0673067032304	-0.0261642084523	0.00243500727436	-0.0445846611134	-0.0434250663794	-0.0482343364843	-0.0219025199085	0.0295176098376	0.0173239858552	-0.026421136888	-0.0606073642841	0.0148631073515	0.00817802148728
k__Bacteria;p__Bacteroidetes;c__Bacteroidia;o__Bacteroidales;f__Prevotellaceae;g__Prevotella;s__Prevotella_copri	0.115683391275	0.0356973589095	0.0272164459196	1.0	-0.043495416066	0.00280043790741	0.0192270879568	-0.0443673422485	-0.000229048614047	-0.027396116639	-0.00677194038741	-0.046963031137	0.0250193774133	-0.0406539192734	-0.0641825354124	0.0123637966973	-0.0125816873899	0.00766927495485	0.00956423796349	0.0232986767853	0.000881140375496	0.0230154247658	-0.0778857248402	-0.0124992575443	0.0390274328894	-0.0343733658152	0.0118197611716	-0.01239338729	0.0391917106386	0.0193096504168	-0.044643850049	-0.0530491904322	-0.0467256867478	0.0457274325664	-0.010595872746	-0.0534288473831	0.0133715014066	0.0224921669895	-0.000223436042036	0.0357262243475	-0.0244865762255	0.0239815003366	-0.018374869292	-0.0205258386265	0.00859574585252	0.0240180333867	-0.0182007554625	0.0531169374822	0.0154439436087	-0.0271394050741	-0.0399574936497	-0.0491879779697	-0.0314430793599	-0.0550402625497	-0.0503654887774	-0.0168376136131	0.000506026854615	-0.0307472715472	-0.0426316815067
k__Bacteria;p__Bacteroidetes;c__Bacteroidia;o__Bacteroidales;f__Bacteroidaceae;g__Bacteroides;s__Bacteroides_stercoris	0.0575024340699	-0.0598917922299	0.0378150867965	-0.043495416066	1.0	0.0132522117408	-0.0563216934632	-0.016470510234	-0.0275634616698	-0.0365632754517	-0.0233296497815	0.0122776848754	-0.00571239909067	0.0379011267865	0.0146956675082	0.0301691007835	0.0430427977359	0.00702251335714	-0.041438867229	0.037428472063	-0.0490914577445	0.0707164064229	-0.0788454027566	-0.00708660491179	-0.00764155259982	-0.0207049107915	0.00255816051105	-0.0366135797054	0.0069505275906	-0.0492647859885	0.039113186828	0.000418416263275	0.0419252776232	0.015567437798	-0.0192089977928	-0.0281704615856	-0.0124572439994	0.0603176196607	-0.0479361279807	0.0377672031422	0.0587735074945	-0.0400763417831	-0.063820621079	-0.0346207575094	-0.0100154116887	0.0109409295652	-0.00921143424136	-0.0341316361676	0.00543519914221	-0.0711685935729	0.0682797520934	-0.0312264360209	0.0357862430881	-0.0182943896263	0.00808789673012	-0.0163662151056	-0.0432685842331	-0.0291330405076	-0.0474669246764
k__Bacteria;p__Bacteroidetes;c__Bacteroidia;o__Bacteroidales;f__Bacteroidaceae;g__Bacteroides;s__Bacteroides_ovatus	0.0406964092422	-0.0225597796977	-0.043149553225	0.00280043790741	0.0132522117408	1.0	-0.00647905724481	0.0148424206813	-0.0203386555131	-0.0484358077766	0.0764192734045	-0.0507283100596	-0.0275696139091	-0.0379804416127	-0.0917044271104	0.027168588677	0.0122802668164	-0.0165048343763	-0.0174015899862	0.0543248228752	0.040160984735	-0.0389330395629	0.0208320134653	-0.0164174011866	-0.052412068996	0.0335059426936	-0.0409483853991	0.0647240460209	-0.0881485753687	0.0615791930209	0.0332351185233	-0.0114450477719	-0.0195888859125	-0.00948056308216	0.015262986654	0.0045058355614	-0.0252132183325	0.0608655506512	0.0198507627842	-0.0257371321014	-0.069537959465	-0.0045714131082	-0.00374552640016	-0.0261780773546	-0.0225957537422	0.00932020972425	-0.0899666850946	0.0427074774379	-0.0169728493674	0.0230211700955	0.0151472341561	0.0199175325347	-0.00896172882742	-0.0353996054929	-0.0658497195441	-0.0796517351597	-0.0226165499286	-0.0259169348777	-0.0588029568293
k__Bacteria;p__Bacteroidetes;c__Bacteroidia;o__Bacteroidales;f__Rikenellaceae;g__Alistipes;s__Alistipes_shahii	-0.0168751338157	0.00570997059622	-0.0120470547439	0.0192270879568	-0.0563216934632	-0.00647905724481	1.0	-0.0357644247603	-0.0334283228094	0.0094878959014	-0.0433235527968	0.0599618837718	0.0482136445096	-0.0299755057698	-0.0112689223459	0.0189344024906	-0.00523046969576	0.0509808545198	0.0356443907348	0.0777123303897	-0.050625852856	-0.083692671705	0.0800729269266	-0.00451868180644	0.0171339953197	-0.00585498254431	0.0122378087569	0.0506818482318	0.0230116013516	-0.025235873213	-0.020954877033	-0.016614642155	0.0343743283484	-0.0482105959909	-0.0139642195544	-0.0156704448211	-0.0958043485575	-0.0294932995199	-0.0809043772948	-0.0478346969164	-0.0090134464288	0.0564182360868	-0.0305273711659	-0.0526996000376	-0.0704137069717	-0.0104645577283	0.0503888352197	0.0444565011981	-0.0285308999001	0.021481914752	-0.0392181939054	-0.0585721620831	0.0266921372112	-0.0167079126187	0.0289110106502	-0.0420518217474	0.0225454306726	-0.00526757245137	0.00641012613679
k__Bacteria;p__Firmicutes;c__Clostridia;o__Clostridiales;f__Ruminococcaceae;g__Faecalibacterium;s__Faecalibacterium_prausnitzii	0.0227745926814	0.0334857190014	-0.0283520634968	-0.0443673422485	-0.016470510234	0.0148424206813	-0.0357644247603	1.0	-0.0194207170086	0.0169309518346	0.0116093933887	-0.0649928331219	-0.0449956468279	0.0472007485296	0.0263120220192	0.0114056708433	0.00840477500781	-0.0722974086595	-0.0272909802866	0.0508104223232	0.00284150655146	-0.0209271996061	-0.0216205547151	0.0363950348257	-0.0469761843962	-0.0176048087103	-0.0566937744356	-0.0080006991659	0.0437706280439	-0.0116109703755	-0.0419538725633	0.0279822247081	0.0332429414697	-0.0367219164289	-0.0248048434248	0.0263671921833	-0.0683961305142	-0.0309554670019	-0.00176980338765	0.000639451817186	0.0108759473648	0.0119054000583	0.0200487770819	-0.0336735207835	0.0651298881537	-0.00207165112496	-0.102500618645	-0.0291375800945	0.0147543981397	0.0259111726614	-0.0335650054289	-0.0581725149294	0.0302510431354	-0.0213836879516	-0.000139333788963	-0.0160920602993	0.0215491497859	0.0644938335555	-0.0378972443303
k__Bacteria;p__Bacteroidetes;c__Bacteroidia;o__Bacteroidales;f__Rikenellaceae;g__Alistipes;s__Alistipes_finegoldii	-0.0397596005768	-0.0279597370081	-0.0743152106547	-0.000229048614047	-0.0275634616698	-0.0203386555131	-0.0334283228094	-0.0194207170086	1.0	-0.0704080849555	0.0396146812851	0.0975712278069	-0.0124965120678	0.00329793723354	-0.0228766504183	-0.0311234754451	-0.0195322156648	-0.0312866094254	0.0162523726714	0.0300321289132	-0.0103138640353	-0.00458758754212	-0.00491025091662	-0.0513780437188	-0.0770310484463	-0.020301097716	0.0128288922827	0.0586436420547	-0.000852108444576	-0.0221481700648	0.0554726615494	-0.0395293863686	-0.046547141904	-0.0342138862052	-0.032550546241	-0.0128344765277	-0.00157576327676	-0.0439596329815	0.0492402269753	0.00771226713427	0.00426208193502	0.00161494006414	0.0347291703882	-0.0257217442466	-0.0697057051863	-0.0119265482846	-0.0992410298186	-0.0410766192992	0.055789555444	-0.027817180998	-0.0123196683155	-0.0420471238773	0.0368981257601	0.0487857489811	0.0255326172816	0.0731688716542	-0.0270867341183	0.0345614692078	0.0749546676383
k__Bacteria;p__Bacteroidetes;c__Bacteroidia;o__Bacteroidales;f__Porphyromonadaceae;g__Parabacteroides;s__Parabacteroides_distasonis	0.0435459190168	0.0110030839289	0.0720564939204	-0.027396116639	-0.0365632754517	-0.0484358077766	0.0094878959014	0.0169309518346	-0.0704080849555	1.0	-0.050663160549	0.000695596037968	0.0140188110984	0.0247253448633	-0.0580298951175	0.0704222996561	-0.0913635620385	-0.00206317820043	0.023622965326	-0.0432198486965	-0.0118816787966	-0.0380519305813	-0.00459483961858	0.0388661028643	-0.0550881871589	-0.0524692238587	0.0213424680267	-0.0445856240093	-0.0161331122559	-0.0472261422766	-0.0170504636723	-0.00592928178472	0.00127839402181	0.0122592992974	-0.0893987858888	-0.0336658231952	0.0383199629349	-0.0155515251127	-0.0206321306227	-0.00364527165324	0.0275313728947	-0.0200279557154	-0.00644275057495	0.00857644848736	0.029562074196	0.0639890138359	0.00430292962714	-0.00582673735537	-0.0821282141061	-0.0522789387934	-0.037813711496	0.0471333875587	0.0191677079701	0.0219959807526	-0.00716770851418	0.0310081860177	0.056477368941	-0.00795835720701	-0.0412158268701
k__Bacteria;p__Bacteroidetes;c__Bacteroidia;o__Bacteroidales;f__Bacteroidaceae;g__Bacteroides;s__Bacteroides_thetaiotaomicron	0.0483348064726	0.0119896262471	0.0246137033312	-0.00677194038741	-0.0233296497815	0.0764192734045	-0.0433235527968	0.0116093933887	0.0396146812851	-0.050663160549	1.0	-0.00318011266265	-0.0628427549357	-0.0712175037656	0.0185664787673	-0.0705046244314	-0.0040952269745	0.0119627682798	-0.0201706848306	0.0489748844711	-0.0478333963897	-0.0602031444376	0.0369543022804	0.0615514104211	0.0139613717491	0.0545594515133	0.0665526043708	-0.0600226707228	-0.0199226555163	-0.0207603052416	0.0368272567826	-0.00381822186301	-0.0132273878109	-0.0503518800832	-0.00405521717015	0.0231729328004	0.0728335033684	-0.0775086227177	-0.0274640063976	-0.0260581687768	-0.0330424320674	0.0177966119736	0.0118671480695	-0.0554783713685	-0.0260046706312	-0.0328105473532	0.00485656166717	0.0275144969458	-0.0600266970232	0.0300607136743	-0.00137145405505	-0.0110549526035	0.0501436095594	-0.0220199417195	-0.00708193357751	-0.0224623679499	-0.0208516699038	-0.00505255502721	0.0311823794905
k__Bacteria;p__Bacteroidetes;c__Bacteroidia;o__Bacteroidales;f__Bacteroidaceae;g__Bacteroides;s__Bacteroides_coprocola	0.0237894495249	0.0668285268316	-0.0609867278417	-0.046963031137	0.0122776848754	-0.0507283100596	0.0599618837718	-0.0649928331219	0.0975712278069	0.000695596037968	-0.00318011266265	1.0	-0.00573067458185	-0.0304332299088	-0.0191639315545	0.0316816263993	0.0354303222244	-0.00504741750169	-0.0597024511306	0.00932299938804	0.0118058056555	-0.0376767668819	0.00667488495581	-0.0756574276499	-0.0162116416728	-0.0163716361912	0.0150626274638	-0.0269972728756	-0.0814254494625	-0.0269386369342	-0.0690380514842	0.00396066120186	0.00936711174677	-0.056063334919	-0.0490516747026	-0.0259231601599	-0.000192067655308	0.00633508694569	-0.0436254690181	0.0233176682903	0.00996483044229	-0.0320413715935	0.00312298044658	-0.0214842764072	0.040653771369	0.036564175458	-0.00569480660072	0.00124724687503	0.0556701587471	0.000303984071209	-0.0248860093312	-0.0260911179334	-0.050669227989	-0.0180574355281	0.0541128313396	-0.0438734835594	0.013448296372	-0.017345100264	-0.0218696979944
k__Bacteria;p__Bacteroidetes;c__Bacteroidia;o__Bacteroidales;f__Bacteroidaceae;g__Bacteroides;s__Bacteroides_cellulosilyticus	-0.0732027165372	-0.0148474586128	0.0276257108549	0.0250193774133	-0.00571239909067	-0.0275696139091	0.0482136445096	-0.0449956468279	-0.0124965120678	0.0140188110984	-0.0628427549357	-0.00573067458185	1.0	0.0134650989971	-0.0755058908399	-0.0159896848212	0.102248436049	-0.0461083333097	-0.00170518620694	-0.0118274765968	0.00922300179398	0.0463733993973	-0.0174023582722	-0.0286199317343	0.0426272233029	0.0185424033648	-0.00524399492611	-0.0400148143088	-0.0672344926062	-0.0264581625705	0.0159659374991	0.0170066378473	-0.0483096175715	-0.00047067420239	0.0494718141206	0.0228215132838	0.0254168565409	-0.0156056155334	-0.0460005608149	-0.0623695043361	0.013150952671	-0.104328668671	-0.0196837972529	0.0632248882088	-0.0937886989838	0.0949708641669	0.0164018278909	-0.0397489860323	0.0411695408592	-0.0228748706845	0.0439660886515	0.00942202578228	-0.0281977555345	-0.0370230710107	0.0432214407791	-0.0320841830689	-0.0110736613665	-0.0491166533481	-0.0381845680029
k__Bacteria;p__Bacteroidetes;c__Bacteroidia;o__Bacteroidales;f__Rikenellaceae;g__Alistipes;s__Alistipes_obesi	0.0314030236836	-0.0334230522488	0.0285930632814	-0.0406539192734	0.0379011267865	-0.0379804416127	-0.0299755057698	0.0472007485296	0.00329793723354	0.0247253448633	-0.0712175037656	-0.0304332299088	0.0134650989971	1.0	-0.0711120585936	-0.00965219556799	-0.00977147309495	0.00883563161134	-0.0457551263385	-0.0130304742472	-0.06577046121	0.0199356654993	-0.00490019321079	0.0179239165925	0.0182430493413	-0.00505078921059	-0.0909838638151	-0.0273689719501	-0.0117397866208	-0.0819807711655	-0.0259970726971	-0.022735608381	0.0582100232408	-0.0543763757791	-0.0266546984427	0.0178234704499	-0.004528945327	0.0308951890366	0.00784759615298	0.0382659684049	0.0559788715924	-0.0202692939084	-0.0280899062696	-0.0706052811776	0.0290449915052	0.0370262132089	0.0690156092235	-0.0307153604466	-0.0332552644891	-0.0302597561678	0.0244221192502	-0.0601981569291	0.0101134448084	0.028938928374	-0.0334305982844	-0.0189493685575	-0.0107305566012	-0.0851486422775	0.00309538715626
k__Bacteria;p__Firmicutes;c__Clostridia;o__Clostridiales;f__Lachnospiraceae;g__;s__[Eubacterium]_rectale	0.0148725492561	0.00261823334092	0.060293747165	-0.0641825354124	0.0146956675082	-0.0917044271104	-0.0112689223459	0.0263120220192	-0.0228766504183	-0.0580298951175	0.0185664787673	-0.0191639315545	-0.0755058908399	-0.0711120585936	1.0	0.0296212470783	0.0748268534271	-0.0430013769774	-0.0485579315439	0.00343456648774	-0.0101414421689	-0.00924645772336	0.000211123976592	-0.0350205096183	-0.0441848539696	0.0446593366222	-0.0100378000215	0.0801824903363	-0.014674605789	0.0154303823625	-0.0157256530144	-0.0184986140755	0.0205587264707	-0.0448572028904	-0.0382359599701	0.00952168291603	0.00115838194442	-0.0353960703331	0.0338537699082	0.0814984659511	0.0241754715607	-0.0360947398995	-0.0790760754405	0.0119885706425	-0.0452054107961	-0.0339637951411	-0.0637599465674	0.00659341590487	-0.122901746025	0.0046613946555	-0.0204850075934	-0.0374734620462	-0.0279344093495	0.0177080430055	-0.0373774621107	0.0123256516757	-0.0518793937431	0.00998427985857	-0.0253409435947
k__Bacteria;p__Bacteroidetes;c__Bacteroidia;o__Bacteroidales;f__Bacteroidaceae;g__Bacteroides;s__Bacteroides_plebeius	-0.0286491431248	0.00187038528002	-0.00637156825551	0.0123637966973	0.0301691007835	0.027168588677	0.0189344024906	0.0114056708433	-0.0311234754451	0.0704222996561	-0.0705046244314	0.0316816263993	-0.0159896848212	-0.00965219556799	0.0296212470783	1.0	0.00913372657801	0.0489320459862	-0.0579075200447	-0.0444723698471	-0.0876289356156	-0.0486440695916	-0.0206665293936	-0.0254285614037	-0.00775703020955	-0.0479251190672	-0.0502632157432	-0.0429090599997	-0.0175779895682	-0.0659975637516	0.0568558132534	0.0287349384612	0.094381703866	-0.0107200372648	0.00843148925513	-0.120419998272	-0.0307256506919	-0.0303594097233	0.0275476403186	-0.0568190908297	0.0131547755262	0.0405465112039	-0.00721206872638	-0.00379027228906	-0.054315142762	0.00582913177175	0.0294413557942	-0.0669424206518	0.0149758456594	0.0716002619729	-0.0251098596486	0.0126055046866	-0.0630401563084	-0.0134479126526	0.00667008139338	0.034302809981	0.0107490304724	-0.0288909679377	-0.0144179181511
k__Bacteria;p__Bacteroidetes;c__Bacteroidia;o__Bacteroidales;f__Bacteroidaceae;g__Bacteroides;s__Bacteroides_fragilis	-0.00650406441787	-0.0412987212608	-0.0422297230051	-0.0125816873899	0.0430427977359	0.0122802668164	-0.00523046969576	0.00840477500781	-0.0195322156648	-0.0913635620385	-0.0040952269745	0.0354303222244	0.102248436049	-0.00977147309495	0.0748268534271	0.00913372657801	1.0	-0.0403821196119	0.00975174372104	-0.0451711357664	-0.0324417636842	-0.00686610471446	0.0176715927501	0.00808300486309	-0.00809140292388	0.0196835537084	0.00598247940072	0.0144794779068	-0.0578806886476	0.0826392256225	0.0172138524565	0.00451738838713	-0.0175866633952	-0.0557671541672	0.0572245079025	-0.0750221750053	-0.0627288706451	-0.0110145178488	-0.0566782604632	-0.00247086247653	-0.0368821304425	-0.0112472218992	-0.00895896170108	-0.0620267393098	-0.00811169280294	0.000365572963989	-0.0566409498168	0.00859421190968	0.00836389828807	-0.0454072216536	0.016598215378	-0.0174749259433	-0.0711874474831	-0.059954544078	-0.0494779947793	-0.0764558616456	-0.0566605414984	-0.00568333811847	-0.0500235814467
k__Bacteria;p__Proteobacteria;c__Betaproteobacteria;o__Burkholderiales;f__Sutterellaceae;g__Sutterella;s__Sutterella_wadsworthensis	0.0479491679658	-0.0567486697025	-0.0172978183612	0.00766927495485	0.00702251335714	-0.0165048343763	0.0509808545198	-0.0722974086595	-0.0312866094254	-0.00206317820043	0.0119627682798	-0.00504741750169	-0.0461083333097	0.00883563161134	-0.0430013769774	0.0489320459862	-0.0403821196119	1.0	0.000929811963947	0.0116829762067	-0.0291812617928	-0.019924447109	0.0635502396398	0.0345131377565	-0.0427845248929	-3.9873969084e-05	0.0172976220299	0.0101186419138	0.00491561749903	0.0019919529259	-0.015817085226	0.0210380752565	0.0244779574091	0.0182274972555	0.0183075128185	0.0611094328393	0.031272342768	0.0577273586465	-0.0452317270779	0.00365735199187	0.0208461366192	-0.0700855726527	-0.0182553866728	0.0300460477035	-0.0562092538274	-0.0681058511799	0.0696063816475	-0.0584045670327	-0.0297150151995	-0.0551751915916	-0.0746615621365	-0.000724656743455	-0.0219382608003	-0.029797835354	0.0340291864625	-0.00483646970146	0.0653990368915	-0.10495543048	-0.0462108181126
k__Bacteria;p__Bacteroidetes;c__Bacteroidia;o__Bacteroidales;f__Porphyromonadaceae;g__Barnesiella;s__Barnesiella_intestinihominis	-0.0367886878642	0.00753956005105	-0.0278212944598	0.00956423796349	-0.041438867229	-0.0174015899862	0.0356443907348	-0.0272909802866	0.0162523726714	0.023622965326	-0.0201706848306	-0.0597024511306	-0.00170518620694	-0.0457551263385	-0.0485579315439	-0.0579075200447	0.00975174372104	0.000929811963947	1.0	-0.0430735466729	-0.024746976832	-0.0348522141247	-0.025925057858	0.0113138536428	0.0596895814587	0.0858694470614	0.0577563523785	-0.0103103393573	-0.0525912343646	-0.0109776121204	-0.0108507408538	-0.0421927952058	-0.0742785825366	0.0221622608139	0.005152918584	-0.078216304101	-0.0619772612125	-0.0558751532423	-0.0314864379949	-0.00929771268619	-0.0221124231143	-0.071366306175	0.0526504518287	-0.0243889472019	-0.00434784643634	0.0299248236454	-0.0465565441848	0.0151325601173	-0.0159848454807	0.029073877672	-0.0720518303119	-0.00169285471858	-0.00750057868457	-0.000579410297235	-0.0682229882188	-0.0328263794013	0.0131920689341	0.0220363285693	0.0236828351686
k__Bacteria;p__Bacteroidetes;c__Bacteroidia;o__Bacteroidales;f__Odoribacteraceae;g__Odoribacter;s__Odoribacter_splanchnicus	-0.0332099476854	0.0166864406299	0.0659547978174	0.0232986767853	0.037428472063	0.0543248228752	0.0777123303897	0.0508104223232	0.0300321289132	-0.0432198486965	0.0489748844711	0.00932299938804	-0.0118274765968	-0.0130304742472	0.00343456648774	-0.0444723698471	-0.0451711357664	0.0116829762067	-0.0430735466729	1.0	0.0293382541783	-0.0471534769209	-0.0189602552893	-0.0113244676101	-0.0317699883299	-0.0307522058238	-0.00730624129308	-0.0508102067292	-0.0302172547501	-0.0963749226673	0.010795373174	0.0402826822579	0.00676851813165	-0.0251714171493	-0.0319307913227	-0.0647570606279	-0.0233144953572	-0.00944114012323	-0.0186403010419	0.0937530011102	-0.0189405563038	-0.0405903308512	-0.031760124567	-0.0050086364768	-0.00584442595035	0.0143482747553	-0.0130863266196	-0.0746641180147	-0.00417302840174	-0.0296865518482	0.0228171818393	-0.0141411571071	-0.0351159910897	-0.0417005016093	-0.106031550923	0.0389069032601	-0.00829005653453	-0.0591194837232	0.00040886471574
k__Bacteria;p__Bacteroidetes;c__Bacteroidia;o__Bacteroidales;f__Bacteroidaceae;g__Bacteroides;s__Bacteroides_salyersiae	0.0228923653553	-0.0118817602653	-0.056811061573	0.000881140375496	-0.0490914577445	0.040160984735	-0.050625852856	0.00284150655146	-0.0103138640353	-0.0118816787966	-0.0478333963897	0.0118058056555	0.00922300179398	-0.06577046121	-0.0101414421689	-0.0876289356156	-0.0324417636842	-0.0291812617928	-0.024746976832	0.0293382541783	1.0	-0.0212177016902	0.0107520232721	-0.0307490183294	0.0561546136866	-0.0126379973331	0.00297253770743	0.004931090845	0.0207093644251	0.0222499593304	-0.0156965639286	-0.000188840602326	0.00778776842818	0.0242709185544	-0.0377953728391	-0.023987076285	-0.0608048334826	-0.0122120625979	0.0192251824078	-0.00571640682119	-0.0186646415278	0.0827339890938	0.0269500625337	0.0507328981515	-0.0767257687474	0.00836658077009	0.0163856791071	-0.0552755332337	-0.0310775175667	0.0137951525638	0.00458578704883	-0.079253452627	-0.00142334073694	-0.0204260540953	0.0088463066945	0.0419011504574	-0.0557183795625	0.0211081524616	0.055174997784
k__Bacteria;p__Firmicutes;c__Clostridia;o__Clostridiales;f__Ruminococcaceae;g__Ruminiclostridium;s__[Eubacterium]_siraeum	-0.0498730507205	-0.0300316982957	-0.0549135131731	0.0230154247658	0.0707164064229	-0.0389330395629	-0.083692671705	-0.0209271996061	-0.00458758754212	-0.0380519305813	-0.0602031444376	-0.0376767668819	0.0463733993973	0.0199356654993	-0.00924645772336	-0.0486440695916	-0.00686610471446	-0.019924447109	-0.0348522141247	-0.0471534769209	-0.0212177016902	1.0	-0.0132362838032	-0.0442104331804	-0.0434405719776	-0.0784708928446	-0.00907590202345	-0.0128367201438	0.0649911563891	-0.0426815039038	-0.077260348013	-0.00453948485261	0.00451910044561	0.0127547430033	0.0133850702035	0.00812403091326	0.0556019163441	-0.0251610990048	-0.0155049897877	0.0162869046372	0.0208173678995	0.0283703984656	0.00861822507971	-0.0143656625076	0.0215201677356	0.023797471405	1.62332974157e-05	-0.00675561385038	0.00905940299402	-0.0232808500585	-0.0134268800288	-0.000719304699066	0.010735565083	-0.0258671275711	0.00524626255374	0.0570337901795	0.0902996642574	0.0236130078245	0.0386952327855
k__Bacteria;p__Proteobacteria;c__Betaproteobacteria;o__Burkholderiales;f__Sutterellaceae;g__Parasutterella;s__Parasutterella_excrementihominis	-0.00708321477983	-0.0457215360943	0.0447455954134	-0.0778857248402	-0.0788454027566	0.0208320134653	0.0800729269266	-0.0216205547151	-0.00491025091662	-0.00459483961858	0.0369543022804	0.00667488495581	-0.0174023582722	-0.00490019321079	0.000211123976592	-0.0206665293936	0.0176715927501	0.0635502396398	-0.025925057858	-0.0189602552893	0.0107520232721	-0.0132362838032	1.0	0.0225075196199	0.00399430822907	0.004301371466	-0.0797918618625	0.0343675258522	-0.0111730679981	-0.0133112171176	0.0148425114409	0.0425460294888	-0.00276669261036	-0.0281383626731	-0.0398355709686	-0.0148293523629	0.0598763814301	-0.00779050140337	0.00283620435883	-0.0191031004221	-0.118313812642	0.0133395634342	-0.000749483996448	-0.0635265125662	-0.0574604374663	-0.033924003853	-0.0535100015142	-0.0448114772889	3.87759400044e-05	-0.0129996314357	0.0315137273245	-0.0162026827467	0.00768436709235	-0.0328799575624	0.0392303106402	-0.0178087775045	0.0505614692046	0.0739370762927	0.0386367578796
k__Bacteria;p__Actinobacteria;c__Actinobacteria;o__Bifidobacteriales;f__Bifidobacteriaceae;g__Bifidobacterium;s__Bifidobacterium_adolescentis	-0.0157132683327	-0.0492523142145	0.072471600404	-0.0124992575443	-0.00708660491179	-0.0164174011866	-0.00451868180644	0.0363950348257	-0.0513780437188	0.0388661028643	0.0615514104211	-0.0756574276499	-0.0286199317343	0.0179239165925	-0.0350205096183	-0.0254285614037	0.00808300486309	0.0345131377565	0.0113138536428	-0.0113244676101	-0.0307490183294	-0.0442104331804	0.0225075196199	1.0	-0.110405200967	0.0209976220302	-0.11243772345	0.0337529298466	-0.0334056657988	-0.050662859858	-0.00278907536838	0.013411297275	0.0633648921539	-0.0357465389764	-0.0230008385359	-0.000911934007362	1.31101698457e-05	-0.059243888164	0.0216539251939	-0.00519623195411	-0.0403086475483	0.0475626769079	0.02077517008	-0.0169061145593	0.0463146164783	0.0375185650999	-0.027837903819	-0.0899222020952	0.00855112081378	-0.039182651995	0.0120698575915	0.0122883281573	0.0369667911732	-0.0222565231229	-0.0175856039385	2.67856077417e-05	-0.00881866230667	-0.0124808131058	-0.0500868542597
k__Bacteria;p__Firmicutes;c__Clostridia;o__Clostridiales;f__Oscillospiraceae;g__Oscillibacter;s__Oscillibacter_sp._KLE_1745	-0.0341307163009	0.0040079232611	0.00233869954555	0.0390274328894	-0.00764155259982	-0.052412068996	0.0171339953197	-0.0469761843962	-0.0770310484463	-0.0550881871589	0.0139613717491	-0.0162116416728	0.0426272233029	0.0182430493413	-0.0441848539696	-0.00775703020955	-0.00809140292388	-0.0427845248929	0.0596895814587	-0.0317699883299	0.0561546136866	-0.0434405719776	0.00399430822907	-0.110405200967	1.0	0.0399030764145	0.0228948241352	0.0270113826736	0.0482488828593	-0.0541021161245	-0.0499061767018	-0.00553756523271	-0.0197417759104	0.0350521345479	0.0177269562493	-0.0461740386467	0.00142010283275	-0.0747413527923	-0.115355456749	0.0106394836216	0.0461134255835	0.0563310851284	-0.0172903626816	-0.00705804478405	0.0275598645586	-0.0061910103206	0.0151713476185	-0.00437692972889	0.00594667327147	0.0244903341672	-0.00722635969052	0.00931203516591	0.00343367809406	-0.0698836753519	0.0617017192244	-0.0727756856653	-0.051729510945	-0.0198349508699	-0.0218860606092
k__Bacteria;p__Bacteroidetes;c__Bacteroidia;o__Bacteroidales;f__Bacteroidaceae;g__Bacteroides;s__Bacteroides_coprophilus	-0.0398261274846	0.0196467478251	0.00370236679236	-0.0343733658152	-0.0207049107915	0.0335059426936	-0.00585498254431	-0.0176048087103	-0.020301097716	-0.0524692238587	0.0545594515133	-0.0163716361912	0.0185424033648	-0.00505078921059	0.0446593366222	-0.0479251190672	0.0196835537084	-3.9873969084e-05	0.0858694470614	-0.0307522058238	-0.0126379973331	-0.0784708928446	0.004301371466	0.0209976220302	0.0399030764145	1.0	-0.0107613877709	0.00383628112485	0.00676561410547	0.0375499799812	0.000237815325732	0.00719939526337	0.0171201763837	-0.0229067294959	-0.06352706345	-0.0894459495126	0.00470490677564	-0.0082976982898	-0.0391946579737	0.00341704101206	-0.0767739807679	-0.00550577566541	-0.00917155511292	-0.0162235482014	-0.0221078020339	0.00224880676638	0.0701271363185	-0.0287259938138	-0.0748762587169	-0.0486559972078	-0.0410002068349	0.0159012295009	-0.00981010291927	-0.0630437131265	-0.0615843882549	-0.000288187726046	-0.0217269533988	0.0555253275718	0.0383107936845
k__Bacteria;p__Firmicutes;c__Clostridia;o__Clostridiales;f__Lachnospiraceae;g__Roseburia;s__Roseburia_intestinalis	-0.0203943978537	0.0236905076067	-0.1056104121	0.0118197611716	0.00255816051105	-0.0409483853991	0.0122378087569	-0.0566937744356	0.0128288922827	0.0213424680267	0.0665526043708	0.0150626274638	-0.00524399492611	-0.0909838638151	-0.0100378000215	-0.0502632157432	0.00598247940072	0.0172976220299	0.0577563523785	-0.00730624129308	0.00297253770743	-0.00907590202345	-0.0797918618625	-0.11243772345	0.0228948241352	-0.0107613877709	1.0	-0.00755500121748	-0.0517662035967	-0.0289345217757	-0.0550849539968	0.0359483647895	-0.0470866968791	0.0600721770559	0.0376985567384	0.0677900325063	0.0411221692173	-0.00455599048896	0.0304461438725	-0.024697438389	0.0484689613192	-0.0693337673622	-0.0422906621992	-0.0496685258499	0.0511836002035	0.00644842265873	-0.116196573731	0.0469522314542	0.00886611498979	-0.0133618840215	0.00966545621628	0.0019221337146	-0.00877180064682	-0.0223764922221	0.00849392089381	-0.0570283142753	0.0353920522638	-0.0519886732228	0.0454074490061
k__Bacteria;p__Firmicutes;c__Clostridia;o__Clostridiales;f__Lachnospiraceae;g__Roseburia;s__Roseburia_hominis	-0.0411137824525	0.104363406664	-0.0184513263085	-0.01239338729	-0.0366135797054	0.0647240460209	0.0506818482318	-0.0080006991659	0.0586436420547	-0.0445856240093	-0.0600226707228	-0.0269972728756	-0.0400148143088	-0.0273689719501	0.0801824903363	-0.0429090599997	0.0144794779068	0.0101186419138	-0.0103103393573	-0.0508102067292	0.004931090845	-0.0128367201438	0.0343675258522	0.0337529298466	0.0270113826736	0.00383628112485	-0.00755500121748	1.0	-0.0930104915911	0.065057758012	-0.00472737252281	0.0819075105146	-0.0198580249198	0.00040346587209	0.0273086366891	-0.0588885155146	-0.012339414305	0.0181285001077	-0.0326652020701	0.0165204948448	-0.0189348586878	-0.0550889170353	0.00883804871502	-0.0303004142435	-0.0795113368519	-0.0286802442938	-0.0312793240921	-0.0786936067697	0.0531706681265	0.0251390208887	-0.0645607624847	-0.0110801016107	0.0121489027988	0.0581389676409	-0.0209741960054	-0.00760301892852	-0.0327690513377	-0.0735621478994	0.0150905624104
k__Bacteria;p__Bacteroidetes;c__Bacteroidia;o__Bacteroidales;f__Porphyromonadaceae;g__Parabacteroides;s__Parabacteroides_johnsonii	0.0153149943889	-0.0647471777324	0.0436864393959	0.0391917106386	0.0069505275906	-0.0881485753687	0.0230116013516	0.0437706280439	-0.000852108444576	-0.0161331122559	-0.0199226555163	-0.0814254494625	-0.0672344926062	-0.0117397866208	-0.014674605789	-0.0175779895682	-0.0578806886476	0.00491561749903	-0.0525912343646	-0.0302172547501	0.0207093644251	0.0649911563891	-0.0111730679981	-0.0334056657988	0.0482488828593	0.00676561410547	-0.0517662035967	-0.0930104915911	1.0	-0.00325498935113	-0.0051178438339	0.0962094622351	0.0150343525468	-0.00347102076624	-0.0237094760858	-0.068790937964	0.0374232672607	-0.0681741658648	-0.0172874940212	-0.0141960749395	0.000572251607412	-0.0122225353745	0.00366210490401	0.071158113057	0.0363478683109	0.013432671758	0.0530549461772	0.0315580363732	-0.0212351757497	0.0600400374938	-0.0898467508934	0.0713804957563	0.00600262115357	0.0647555716646	-0.0342325728162	-0.0309673274346	-0.00326750289413	0.0479115295115	-0.0471588582881
k__Bacteria;p__Actinobacteria;c__Actinobacteria;o__Bifidobacteriales;f__Bifidobacteriaceae;g__Bifidobacterium;s__Bifidobacterium_longum	-0.0130395777754	0.0676326998096	0.0592784811662	0.0193096504168	-0.0492647859885	0.0615791930209	-0.025235873213	-0.0116109703755	-0.0221481700648	-0.0472261422766	-0.0207603052416	-0.0269386369342	-0.0264581625705	-0.0819807711655	0.0154303823625	-0.0659975637516	0.0826392256225	0.0019919529259	-0.0109776121204	-0.0963749226673	0.0222499593304	-0.0426815039038	-0.0133112171176	-0.050662859858	-0.0541021161245	0.0375499799812	-0.0289345217757	0.065057758012	-0.00325498935113	1.0	-0.0486193301156	-0.0777079502854	-0.0465129763974	-0.0812702460284	-0.0264900402635	-0.0471372890626	-0.0122792762788	0.000325480848471	-0.0795358521346	0.00735802520168	-0.0239344990931	0.106327215529	0.0528657052586	0.0569064621928	-0.0636266715229	-0.00259884475946	-0.0285214484572	0.0397595140869	0.00569911132996	-0.0204076793837	-0.0238041224087	-0.0381324374052	-0.00821384565351	0.0120067933535	-0.0194541917154	0.0272011599616	-0.00175300953721	0.00431300997459	0.0140422155776
