#taxonomy	k__Bacteria;p__Bacteroidetes;c__Bacteroidia;o__Bacteroidales;f__Bacteroidaceae;g__Bacteroides;s__Bacteroides_vulgatus	k__Bacteria;p__Bacteroidetes;c__Bacteroidia;o__Bacteroidales;f__Bacteroidaceae;g__Bacteroides;s__Bacteroides_uniformis	k__Bacteria;p__Bacteroidetes;c__Bacteroidia;o__Bacteroidales;f__Rikenellaceae;g__Alistipes;s__Alistipes_putredinis	k__Bacteria;p__Bacteroidetes;c__Bacteroidia;o__Bacteroidales;f__Prevotellaceae;g__Prevotella;s__Prevotella_copri	k__Bacteria;p__Bacteroidetes;c__Bacteroidia;o__Bacteroidales;f__Bacteroidaceae;g__Bacteroides;s__Bacteroides_stercoris	k__Bacteria;p__Bacteroidetes;c__Bacteroidia;o__Bacteroidales;f__Bacteroidaceae;g__Bacteroides;s__Bacteroides_ovatus	k__Bacteria;p__Bacteroidetes;c__Bacteroidia;o__Bacteroidales;f__Rikenellaceae;g__Alistipes;s__Alistipes_shahii	k__Bacteria;p__Firmicutes;c__Clostridia;o__Clostridiales;f__Ruminococcaceae;g__Faecalibacterium;s__Faecalibacterium_prausnitzii	k__Bacteria;p__Bacteroidetes;c__Bacteroidia;o__Bacteroidales;f__Rikenellaceae;g__Alistipes;s__Alistipes_finegoldii	k__Bacteria;p__Bacteroidetes;c__Bacteroidia;o__Bacteroidales;f__Porphyromonadaceae;g__Parabacteroides;s__Parabacteroides_distasonis	k__Bacteria;p__Bacteroidetes;c__Bacteroidia;o__Bacteroidales;f__Bacteroidaceae;g__Bacteroides;s__Bacteroides_thetaiotaomicron	k__Bacteria;p__Bacteroidetes;c__Bacteroidia;o__Bacteroidales;f__Bacteroidaceae;g__Bacteroides;s__Bacteroides_coprocola	k__Bacteria;p__Bacteroidetes;c__Bacteroidia;o__Bacteroidales;f__Bacteroidaceae;g__Bacteroides;s__Bacteroides_cellulosilyticus	k__Bacteria;p__Bacteroidetes;c__Bacteroidia;o__Bacteroidales;f__Rikenellaceae;g__Alistipes;s__Alistipes_obesi	k__Bacteria;p__Firmicutes;c__Clostridia;o__Clostridiales;f__Lachnospiraceae;g__;s__[Eubacterium]_rectale	k__Bacteria;p__Bacteroidetes;c__Bacteroidia;o__Bacteroidales;f__Bacteroidaceae;g__Bacteroides;s__Bacteroides_plebeius	k__Bacteria;p__Bacteroidetes;c__Bacteroidia;o__Bacteroidales;f__Bacteroidaceae;g__Bacteroides;s__Bacteroides_fragilis	k__Bacteria;p__Proteobacteria;c__Betaproteobacteria;o__Burkholderiales;f__Sutterellaceae;g__Sutterella;s__Sutterella_wadsworthensis	k__Bacteria;p__Bacteroidetes;c__Bacteroidia;o__Bacteroidales;f__Porphyromonadaceae;g__Barnesiella;s__Barnesiella_intestinihominis	k__Bacteria;p__Bacteroidetes;c__Bacteroidia;o__Bacteroidales;f__Odoribacteraceae;g__Odoribacter;s__Odoribacter_splanchnicus	k__Bacteria;p__Bacteroidetes;c__Bacteroidia;o__Bacteroidales;f__Bacteroidaceae;g__Bacteroides;s__Bacteroides_salyersiae	k__Bacteria;p__Firmicutes;c__Clostridia;o__Clostridiales;f__Ruminococcaceae;g__Ruminiclostridium;s__[Eubacterium]_siraeum	k__Bacteria;p__Proteobacteria;c__Betaproteobacteria;o__Burkholderiales;f__Sutterellaceae;g__Parasutterella;s__Parasutterella_excrementihominis	k__Bacteria;p__Actinobacteria;c__Actinobacteria;o__Bifidobacteriales;f__Bifidobacteriaceae;g__Bifidobacterium;s__Bifidobacterium_adolescentis	k__Bacteria;p__Firmicutes;c__Clostridia;o__Clostridiales;f__Oscillospiraceae;g__Oscillibacter;s__Oscillibacter_sp._KLE_1745	k__Bacteria;p__Bacteroidetes;c__Bacteroidia;o__Bacteroidales;f__Bacteroidaceae;g__Bacteroides;s__Bacteroides_coprophilus	k__Bacteria;p__Firmicutes;c__Clostridia;o__Clostridiales;f__Lachnospiraceae;g__Roseburia;s__Roseburia_intestinalis	k__Bacteria;p__Firmicutes;c__Clostridia;o__Clostridiales;f__Lachnospiraceae;g__Roseburia;s__Roseburia_hominis	k__Bacteria;p__Bacteroidetes;c__Bacteroidia;o__Bacteroidales;f__Porphyromonadaceae;g__Parabacteroides;s__Parabacteroides_johnsonii	k__Bacteria;p__Actinobacteria;c__Actinobacteria;o__Bifidobacteriales;f__Bifidobacteriaceae;g__Bifidobacterium;s__Bifidobacterium_longum	k__Bacteria;p__Firmicutes;c__Clostridia;o__Clostridiales;f__;g__Flavonifractor;s__Flavonifractor_plautii	k__Bacteria;p__Firmicutes;c__Clostridia;o__Clostridiales;f__Clostridiaceae;g__Clostridium;s__Clostridium_phoceensis	k__Bacteria;p__Verrucomicrobia;c__Verrucomicrobiae;o__Verrucomicrobiales;f__Akkermansiaceae;g__Akkermansia;s__Akkermansia_muciniphila	k__Bacteria;p__Bacteroidetes;c__Bacteroidia;o__Bacteroidales;f__Prevotellaceae;g__Paraprevotella;s__Paraprevotella_xylaniphila	k__Bacteria;p__Firmicutes;c__Clostridia;o__Clostridiales;f__Ruminococcaceae;g__Ruminococcus;s__Ruminococcus_callidus	k__Bacteria;p__Bacteroidetes;c__Bacteroidia;o__Bacteroidales;f__Rikenellaceae;g__Alistipes;s__Alistipes_senegalensis	k__Bacteria;p__Firmicutes;c__Clostridia;o__Clostridiales;f__Lachnospiraceae;g__Blautia;s__Blautia_sp._KLE_1732	k__Bacteria;p__Bacteroidetes;c__Bacteroidia;o__Bacteroidales;f__Bacteroidaceae;g__Bacteroides;s__Bacteroides_oleiciplenus	k__Bacteria;p__Firmicutes;c__Clostridia;o__Clostridiales;f__Ruminococcaceae;g__Ruminococcus;s__Ruminococcus_bicirculans	k__Bacteria;p__Bacteroidetes;c__Bacteroidia;o__Bacteroidales;f__Bacteroidaceae;g__Bacteroides;s__Bacteroides_fluxus	k__Bacteria;p__Bacteroidetes;c__Bacteroidia;o__Bacteroidales;f__Prevotellaceae;g__Prevotella;s__Prevotella_stercorea	k__Bacteria;p__Firmicutes;c__Clostridia;o__Clostridiales;f__Lachnospiraceae;g__Dorea;s__Dorea_longicatena	k__Bacteria;p__Firmicutes;c__Clostridia;o__Clostridiales;f__Eubacteriaceae;g__Eubacterium;s__[Eubacterium]_eligens	k__Bacteria;p__Firmicutes;c__Clostridia;o__Clostridiales;f__Ruminococcaceae;g__;s__Ruminococcaceae_bacterium_D16	k__Bacteria;p__Firmicutes;c__Clostridia;o__Clostridiales;f__Lachnospiraceae;g__Coprococcus;s__Coprococcus_comes	k__Bacteria;p__Proteobacteria;c__Gammaproteobacteria;o__Enterobacterales;f__Enterobacteriaceae;g__Escherichia;s__Escherichia_coli	k__Bacteria;p__Firmicutes;c__Clostridia;o__Clostridiales;f__Ruminococcaceae;g__Anaerotruncus;s__Anaerotruncus_colihominis	k__Bacteria;p__Firmicutes;c__Clostridia;o__Clostridiales;f__Lachnospiraceae;g__Blautia;s__Blautia_obeum	k__Bacteria;p__Bacteroidetes;c__Bacteroidia;o__Bacteroidales;f__Odoribacteraceae;g__Odoribacter;s__Odoribacter_laneus	k__Bacteria;p__Firmicutes;c__Clostridia;o__Clostridiales;f__Ruminococcaceae;g__Ruminiclostridium;s__[Clostridium]_leptum	k__Bacteria;p__Bacteroidetes;c__Bacteroidia;o__Bacteroidales;f__Porphyromonadaceae;g__Parabacteroides;s__Parabacteroides_goldsteinii	k__Bacteria;p__Firmicutes;c__Clostridia;o__Clostridiales;f__Lachnospiraceae;g__Anaerostipes;s__Anaerostipes_hadrus	k__Bacteria;p__Firmicutes;c__Clostridia;o__Clostridiales;f__Ruminococcaceae;g__Ruminococcus;s__Ruminococcus_lactaris	k__Bacteria;p__Firmicutes;c__Clostridia;o__Clostridiales;f__Clostridiaceae;g__Clostridium;s__Clostridium_sp._L2-50	k__Bacteria;p__Firmicutes;c__Clostridia;o__Clostridiales;f__Clostridiaceae;g__Clostridium;s__Clostridium_sp._M62/1	k__Bacteria;p__Firmicutes;c__Clostridia;o__Clostridiales;f__;g__Intestinimonas;s__Intestinimonas_butyriciproducens	k__Bacteria;p__Actinobacteria;c__Actinobacteria;o__Bifidobacteriales;f__Bifidobacteriaceae;g__Bifidobacterium;s__Bifidobacterium_bifidum	k__Bacteria;p__Firmicutes;c__Negativicutes;o__Veillonellales;f__Veillonellaceae;g__Dialister;s__Dialister_invisus	k__Bacteria;p__Bacteroidetes;c__Bacteroidia;o__Bacteroidales;f__Bacteroidaceae;g__Bacteroides;s__Bacteroides_salanitronis
k__Bacteria;p__Bacteroidetes;c__Bacteroidia;o__Bacteroidales;f__Bacteroidaceae;g__Bacteroides;s__Bacteroides_vulgatus	1.0	0.0178408213458	0.00600515153569	0.0263998067104	-0.045899009715	-0.0430654718766	-0.0785685046254	0.0432297537612	-0.0471959625482	0.0168299759546	-0.0137283675667	-0.0497332804028	0.0488263402961	-0.0411056959116	-0.00653270685498	-0.0370226820594	0.0760780228468	0.0709151846568	0.0144916904429	0.00391253848231	-0.0759861702307	-0.00898737799054	0.00602265461957	-0.0389611992208	0.0548379130704	-0.0162731924292	0.00757948614216	0.0424326761906	-0.0555054926309	-0.0030912438304	0.020658326616	-0.0136225964154	-0.00975021106681	0.000642835808835	-0.0103407514715	-0.0344417141983	-0.0507547915029	0.000919188041553	0.0221775894074	-0.0158239935772	-0.0295528664268	-0.0640223818208	-0.00197215716993	0.00095181547897	-0.0424360064338	0.0379550522411	-0.0389937255396	-0.0283585716962	-0.0589190175361	-0.0325478650342	-0.0202539091338	0.0525035594111	-0.0582434393503	0.0366115210933	-0.0360467132017	-0.0361791582226	0.0488988832869	-0.0566101454213	-0.0203094102062
k__Bacteria;p__Bacteroidetes;c__Bacteroidia;o__Bacteroidales;f__Bacteroidaceae;g__Bacteroides;s__Bacteroides_uniformis	0.0178408213458	1.0	0.0219892649272	-0.00144203866454	0.0158952246845	-0.0682309627851	0.0273064024173	0.00999903676957	0.0216112480074	0.012888902257	-0.0494699841529	0.0111870486937	-0.0167145569324	-0.00845947618174	0.00300116622091	-0.0217684602643	-0.0364192639579	-0.0559170756555	-0.0082983239486	-0.000899529391681	-0.0434107104619	0.0368614232218	-0.0518779090422	-0.0126539227085	0.00374790570652	-0.0248100169412	-0.0226992051644	-0.0397053996491	-0.0107546461009	-0.0627166415471	0.0281603925378	-0.0936980983369	0.00210810869043	-0.0542350498755	-0.0272931624445	0.0319090886352	0.0510631383482	0.0675130661097	-0.00539130654965	-0.0304135488744	-0.0243029115463	0.00313102006247	-0.02660695849	0.0644137092849	0.0508175233774	-0.0156487779226	0.0740584172449	-0.0732222990486	0.0226944014257	0.0435743785944	-0.0310056735492	0.0348055099928	-0.0322125221514	-0.0458553355905	0.0175720071251	-0.0260167099566	-0.0191432267919	-0.0814562344517	0.0261751126568
k__Bacteria;p__Bacteroidetes;c__Bacteroidia;o__Bacteroidales;f__Rikenellaceae;g__Alistipes;s__Alistipes_putredinis	0.00600515153569	0.0219892649272	1.0	0.00921760779777	-0.0621445957676	0.0643131085015	0.0419218490101	-0.0368160960619	-0.0492964271567	0.0340067341308	0.0326351244497	0.0300993613494	-0.023553722077	0.0307926841532	0.0164171853916	-0.0191307502063	-0.0541592979049	-0.0476518044991	0.0197444086942	-0.0557683177004	0.030163874826	-0.0434983022235	0.021179987484	0.015321824977	-0.0566215019544	0.000505511137293	-0.049629285688	-0.0596117728104	0.00591892673276	0.00376112950095	-0.0013622072839	0.0332196013667	0.00319550990664	-0.0563377649501	0.0215037464941	-0.0552516796692	0.0428835938263	-0.0602343406889	0.021517138369	-0.0379113203609	-0.0148401987428	-0.0102519491162	-0.08929955204	0.0373387863316	0.0518654034873	-0.0101028623305	-0.00880261789281	-0.0511271812287	-0.0367279622186	0.038118255752	-0.0375282873305	0.102469464236	-0.045492037182	0.0271143547822	-0.0188661362076	-0.00898414019912	0.055226986939	-0.00149068885414	-0.0262971182467
k__Bacteria;p__Bacteroidetes;c__Bacteroidia;o__Bacteroidales;f__Prevotellaceae;g__Prevotella;s__Prevotella_copri	0.0263998067104	-0.00144203866454	0.00921760779777	1.0	0.0371223391686	0.0122351990812	-0.0052329038828	-0.0182786282475	0.0464595492845	0.0219397197633	-0.0678296181806	-0.0675614238827	-0.0384713165194	0.00110059268086	-0.0783410908397	0.0133688196113	0.0164824219676	-0.0423327172005	0.0270318540792	-0.0400242195631	0.00799679015953	0.0335113983732	-0.025538348513	0.039721181077	-0.0527654158003	-0.0648651141954	-0.0127336077995	-0.0138399111551	-0.0362436897385	0.00766856544559	0.0066191663525	-0.0525304250781	0.0182571841663	0.0367824698291	-0.0115989540282	0.0011673570483	0.00544892887852	0.0230666120975	-0.0139625483906	-0.00733199193595	0.000583521545833	-0.127939366907	-0.053694545217	0.00787920926515	-0.0181054630736	0.0400823155121	-0.0565973682353	-0.0564968004951	0.0232375828479	0.0366120823945	-0.0355678541146	0.0184303328079	-0.0683200300838	0.0377181196191	0.0389089955244	0.00110493863769	0.0390700658096	-0.0380336911924	0.0108005204442
k__Bacteria;p__Bacteroidetes;c__Bacteroidia;o__Bacteroidales;f__Bacteroidaceae;g__Bacteroides;s__Bacteroides_stercoris	-0.045899009715	0.0158952246845	-0.0621445957676	0.0371223391686	1.0	-0.0152620694287	-0.00963667416396	0.0322894999958	0.0265719728933	0.0295850042231	0.00516668907165	0.0396217891978	-0.017864016312	-0.00689821653516	0.00795676595683	0.0521968075618	0.0627636116436	-0.0166517115414	-0.0568449535299	-0.0291573941862	0.0156832536409	0.0363427573606	0.0359992833397	0.0915533678415	-0.0835825135507	-0.00473868333203	-0.0278120535304	0.0496073886595	-0.0607190578783	-0.0153868466631	-0.0414336505095	0.0126608052164	-0.042705728365	0.0578614240814	-0.00772022843205	-0.0136944188632	-0.0541718614983	0.0241178447634	0.0228220344842	0.00413468840009	-0.0453399409523	-0.0125505052301	-0.0134933249602	-0.0404345441359	0.0454781898521	-0.0750350460754	0.0256177958152	0.00110005909104	0.0447687991024	0.0101040843788	0.00274658833472	-0.0751693215803	0.00554333792198	-0.0828523845493	-0.0657180707264	-0.0363595699989	0.00138051482642	0.024856798649	0.0190948017972
k__Bacteria;p__Bacteroidetes;c__Bacteroidia;o__Bacteroidales;f__Bacteroidaceae;g__Bacteroides;s__Bacteroides_ovatus	-0.0430654718766	-0.0682309627851	0.0643131085015	0.0122351990812	-0.0152620694287	1.0	0.0722139058878	0.0256615043207	-0.0265914698366	-0.0198514883301	-0.0960055574357	1.57589868747e-05	-0.0701151862066	0.0353498057533	-0.048261782106	0.0167364982341	0.033589118813	-0.031516034454	0.0395377127262	-0.0349563173401	0.00130969467274	0.0266599860194	-0.00505551268719	0.0121835826981	-0.0599146608899	-0.037346009008	0.0129926061115	-0.00087651281797	0.0070760486362	-0.0638670441629	-0.0734662176073	0.00501024237459	0.0435871603759	0.0213402827184	-0.0270294592065	-0.0110257305025	-0.048765459799	0.0120799172013	-0.0445108785099	-0.023891946316	0.0289559839156	-0.050733239861	0.0616841649293	-0.0708828587516	0.0079750271848	0.0102003366364	-0.076321048143	-0.050527268774	-0.0623899120897	0.02273569972	-0.0334245502776	-0.00960890950802	-0.0341635278531	-0.0121215105408	-0.0238404760591	-0.0955519344278	0.0633581436671	-0.0359655952139	0.0171008779745
k__Bacteria;p__Bacteroidetes;c__Bacteroidia;o__Bacteroidales;f__Rikenellaceae;g__Alistipes;s__Alistipes_shahii	-0.0785685046254	0.0273064024173	0.0419218490101	-0.0052329038828	-0.00963667416396	0.0722139058878	1.0	-0.00490227596796	0.0484147427031	-0.0302970655384	-0.00125156725515	-0.00339740444009	-0.0400338188318	-0.042566249539	0.0669619652448	-0.0606464359834	-0.0457341093874	-0.0291362672421	-0.00362399558663	-0.0489985406582	0.0832308552861	-0.0117815795242	-0.0455618459846	-0.0115419027397	-0.0577222677549	0.0923038638322	0.0196356264942	0.0486908183352	-0.000233100005538	-0.00564292821904	0.00497442764893	0.067830249032	-0.00664691425225	0.0209436927198	-0.0163206959559	0.0361479614461	0.00835423173742	-0.0706510892028	0.0159321015824	-0.0148352341895	0.0325852746327	-0.0132764032005	-0.0302730641818	-0.0217220556232	0.0386503670672	-0.0441526979398	-0.0415282037276	0.0230171854065	0.0201939589909	0.0395014425991	-0.0112442244038	0.0269338116077	-0.0898248276906	-0.0628945307195	-0.0453917445054	-0.0624811059038	0.014498694708	-0.0704265967551	-0.0247168960377
k__Bacteria;p__Firmicutes;c__Clostridia;o__Clostridiales;f__Ruminococcaceae;g__Faecalibacterium;s__Faecalibacterium_prausnitzii	0.0432297537612	0.00999903676957	-0.0368160960619	-0.0182786282475	0.0322894999958	0.0256615043207	-0.00490227596796	1.0	-0.00358672137544	-0.0689447635168	-0.0485720126523	0.00455401344453	0.00948624241776	-0.0717558919535	-0.00271508169859	-0.0601606327765	-0.0182900383465	-0.0343125794352	0.00120991222149	0.0377379520372	-0.0335608275773	0.024812447827	0.00561224058037	-0.0453146891058	-0.0347420837391	0.0103304452535	0.0589962188188	0.0264989198871	-0.021580590453	-0.0809161263156	-0.0039973999041	0.00944178498948	-0.0212317114346	-0.0630852835809	-0.0101261607458	-0.0901180137772	-0.0440583635197	-0.00266213722823	0.0922515069358	0.0203754244759	-0.0158700594388	-0.0339198746665	-0.014640867343	0.00841078434026	0.00518484830353	-0.0198689481504	0.0466743053405	-0.0434997257171	0.0422358722983	-0.0529211483953	-0.0215839120533	-0.0457356409237	0.006445378102	-0.041079269247	0.109803824341	-0.0674304393149	-0.0166426873712	-0.00341688103868	-0.00971426064813
k__Bacteria;p__Bacteroidetes;c__Bacteroidia;o__Bacteroidales;f__Rikenellaceae;g__Alistipes;s__Alistipes_finegoldii	-0.0471959625482	0.0216112480074	-0.0492964271567	0.0464595492845	0.0265719728933	-0.0265914698366	0.0484147427031	-0.00358672137544	1.0	-0.0176695564152	-0.0142880705228	-0.0450500359542	-0.000887611426532	-0.0121277021096	0.0179003335846	-0.0624817479377	-0.040902164885	0.0346905075019	0.0149668411204	0.00550681340387	-0.0248703834695	-0.00610735093647	0.0762895508645	-0.0366916018125	-0.0225212643194	-0.0368858473457	0.0154528272505	0.0150609286962	-0.0302593247347	-0.0347062400493	0.0648085404276	-0.0448492311845	-0.00148083919938	-0.0160198505363	0.0338296166314	0.0330127551996	0.0162430415512	0.075921586825	0.0129640077544	-0.0117377999428	0.0050373591573	-0.0269364291329	-0.0330962603372	-0.106271374311	-0.0352539537095	-0.0206408491766	0.0251085745387	0.0174401430447	0.00964512170831	-0.0121370389118	-0.0374409615216	-0.018483791205	-0.0254861810763	0.00175230867664	0.0132804806178	-0.059331985259	0.0141795417807	0.00330544046664	0.00384395298342
k__Bacteria;p__Bacteroidetes;c__Bacteroidia;o__Bacteroidales;f__Porphyromonadaceae;g__Parabacteroides;s__Parabacteroides_distasonis	0.0168299759546	0.012888902257	0.0340067341308	0.0219397197633	0.0295850042231	-0.0198514883301	-0.0302970655384	-0.0689447635168	-0.0176695564152	1.0	-0.0277866944933	-0.0677389227086	0.0105521750561	-0.0404239599396	-0.012265846838	0.0311560733937	-0.0197432526559	0.0362277049861	-0.038914493316	-0.0258367906925	-0.0304720413266	-0.0084718282752	-0.0142092200878	-0.0617262279823	-0.026755672464	-0.00697329579035	0.0506360742278	0.0118069301865	-0.042322545331	0.0423391631538	-0.0138144631002	-0.0174852795863	-0.0327250724248	-0.000949310983145	-0.0367362397289	0.0409653369018	-0.0698983627365	-0.0245883663908	-0.0015736064292	0.019190193787	0.0579705893983	-0.0185144891317	-0.0882820030732	-0.0244968084317	-0.017540617563	0.0333226301489	-0.0516368819691	-0.0132857045411	0.0152956316371	0.0200504985727	-0.0193872989195	0.0333551121879	0.0361548773124	-0.0251485812027	-0.070146456407	-0.0226749750918	-0.0362658894823	0.00504936741772	0.0588870699264
k__Bacteria;p__Bacteroidetes;c__Bacteroidia;o__Bacteroidales;f__Bacteroidaceae;g__Bacteroides;s__Bacteroides_thetaiotaomicron	-0.0137283675667	-0.0494699841529	0.0326351244497	-0.0678296181806	0.00516668907165	-0.0960055574357	-0.00125156725515	-0.0485720126523	-0.0142880705228	-0.0277866944933	1.0	-0.0102010892789	0.0317718555016	-0.0534033486362	0.0647996997726	0.102595221779	-0.0230061212087	-0.00411476154953	-0.0353955638506	-0.0467327551033	-0.0172565057239	0.0442432243013	-0.0463396204018	0.0190516363129	-0.0299843556998	-0.0449650359616	0.0517084248361	0.0710003394963	0.0208010825871	0.0542165340492	0.033138836443	0.0140041385479	-0.0179457913003	-0.0293939909003	-0.023615169569	-0.0519841132481	0.0137574495409	-0.0425579027967	-0.0544568571466	-0.0449339504725	0.00611189527782	0.0291625555462	0.0533568108375	-0.0313388473279	0.0769024238984	-0.001646860087	-0.0215902523294	-0.047097966652	-0.028213991291	0.00830952604526	-0.0264741464913	-0.0444959420435	-0.0515803169243	0.0124447547799	-0.0343669522904	-0.0846904561189	0.0167369999248	-0.00237174989735	0.0110901225694
k__Bacteria;p__Bacteroidetes;c__Bacteroidia;o__Bacteroidales;f__Bacteroidaceae;g__Bacteroides;s__Bacteroides_coprocola	-0.0497332804028	0.0111870486937	0.0300993613494	-0.0675614238827	0.0396217891978	1.57589868747e-05	-0.00339740444009	0.00455401344453	-0.0450500359542	-0.0677389227086	-0.0102010892789	1.0	-0.0194404734743	-0.0148208318094	0.00420052846919	-0.00468990840949	0.0107859600646	0.0666927298816	-0.0233011646497	-0.00192753666727	0.079038096888	-0.0405073394368	0.00928390515594	-0.0728680060015	0.0294800826183	0.0874127219445	-0.000928057938305	0.0103473839898	0.0263474421162	-0.0291313045623	-0.050659709056	-0.00766267137093	0.00835882970742	-0.0464322127833	-0.0946207795356	0.0198122486429	-0.00424460035244	-0.0115439671968	0.00145307120998	-0.0539076319622	0.00608241170232	-0.00102681205766	-0.0501850864533	-0.0473009181152	0.011891636239	0.0029893671407	-0.00511036979916	0.00694678576214	0.0414557436949	-0.00319689853119	0.0107772735804	-0.060502115247	-0.0239683405643	0.10058318419	-0.0427852725374	0.0275665646137	-0.0188233295064	-0.0288753611351	-0.0203645095429
k__Bacteria;p__Bacteroidetes;c__Bacteroidia;o__Bacteroidales;f__Bacteroidaceae;g__Bacteroides;s__Bacteroides_cellulosilyticus	0.0488263402961	-0.0167145569324	-0.023553722077	-0.0384713165194	-0.017864016312	-0.0701151862066	-0.0400338188318	0.00948624241776	-0.000887611426532	0.0105521750561	0.0317718555016	-0.0194404734743	1.0	-0.00369549480833	-0.0600217482731	0.003312988754	-0.0776320170624	0.0650476085538	-0.0199318248569	0.029842570041	0.0179244950726	-0.0176210266008	-0.0472236626708	-0.00370003514928	-0.0140857453664	0.0358489340664	-0.0561887740748	0.0423697518163	0.00283408825405	-0.0446300012094	-0.057179132245	-0.0533166148444	-0.0289667514432	-0.0503602113136	0.0309873112451	0.0208388273311	0.112115654335	-0.0362432215948	-0.0636422572374	-0.00156897238181	-0.0512566963221	0.0509073381209	0.0226536147053	-0.037228254524	-0.0595632524263	-0.020323293946	0.00326994036906	-0.0597708889273	-0.0588059309892	-0.0250094693096	0.013233826167	-0.00366622420156	0.0985650597253	-0.0156369978864	0.0254509248371	-0.0064895722681	0.0491060510526	0.00999996679938	-0.00977445029245
k__Bacteria;p__Bacteroidetes;c__Bacteroidia;o__Bacteroidales;f__Rikenellaceae;g__Alistipes;s__Alistipes_obesi	-0.0411056959116	-0.00845947618174	0.0307926841532	0.00110059268086	-0.00689821653516	0.0353498057533	-0.042566249539	-0.0717558919535	-0.0121277021096	-0.0404239599396	-0.0534033486362	-0.0148208318094	-0.00369549480833	1.0	-0.0216565594034	0.0223709168573	0.0522284122614	-0.0262499632729	0.0688477006696	0.0210092328376	-0.0244161255451	0.0142425930555	-0.0530318642348	0.0516808055935	-0.0237004822918	0.0364793175887	-0.0640476616994	0.00807982459971	-0.0141686958643	-0.0593976714191	-0.00579890923799	0.0497491897658	0.00923316320453	0.00577245069074	0.0738909275018	-0.0371385353234	-0.00413508500643	-0.00724947449827	-0.0520198420516	-0.062084998471	0.0361143980423	0.0206360504552	-0.0339719377346	-0.0327483856246	0.0183727591958	-0.00227147607936	0.0612927628667	-0.0992847012319	-0.0118941637165	-0.023480996305	-0.00728495934437	0.0262426804691	-0.0393983611195	0.0511510400483	0.00796974250387	-0.0352117063094	0.0163094166142	-0.0366351575629	0.000253175906128
k__Bacteria;p__Firmicutes;c__Clostridia;o__Clostridiales;f__Lachnospiraceae;g__;s__[Eubacterium]_rectale	-0.00653270685498	0.00300116622091	0.0164171853916	-0.0783410908397	0.00795676595683	-0.048261782106	0.0669619652448	-0.00271508169859	0.0179003335846	-0.012265846838	0.0647996997726	0.00420052846919	-0.0600217482731	-0.0216565594034	1.0	-0.00622298160955	0.000267300480903	0.0048122008154	0.0286702471682	-0.0628204586719	-0.012354888441	-0.0196027349973	-0.0532954901147	0.00241788003506	0.0293684854212	0.00210168455503	-0.0256300801096	-0.0152015392172	-0.027586641809	0.0168383332149	-0.00773317434252	0.0204099252879	0.0620936041427	-0.0144744963152	0.0133844627382	0.0249774618037	-0.00392702057039	-0.107254662816	-0.030092641479	-0.0485349252808	0.0157049065709	-0.0437628816538	0.00265573994129	-0.0101746856972	-0.0202761896869	0.0659305435703	0.0049074918549	-0.00946896519346	0.02236008383	-0.0203104193713	-0.0427605743886	0.0632816418085	-0.0169691429165	0.0352902032417	-0.0681153480148	-0.0793721324721	-0.0667650434994	-0.0917603772341	0.0885229777059
k__Bacteria;p__Bacteroidetes;c__Bacteroidia;o__Bacteroidales;f__Bacteroidaceae;g__Bacteroides;s__Bacteroides_plebeius	-0.0370226820594	-0.0217684602643	-0.0191307502063	0.0133688196113	0.0521968075618	0.0167364982341	-0.0606464359834	-0.0601606327765	-0.0624817479377	0.0311560733937	0.102595221779	-0.00468990840949	0.003312988754	0.0223709168573	-0.00622298160955	1.0	-0.0559712482233	0.0550325332736	-0.0386179169921	0.0168708144394	0.0448553814184	0.0288395069224	-0.0742843849894	-0.078176419114	0.0328708688382	-0.0606590757328	0.0305431010751	0.069818050446	-0.0313930981215	-0.06183774251	-0.0450153931618	-0.0499887780555	0.0129888572216	-0.0327624560491	-0.0303413268704	-0.0164707649469	-0.00736015116882	-0.00236229215311	-0.0227216276638	-0.0489708522512	-0.0170265897823	-0.0110300220804	0.0200585840069	-0.0213533638095	0.0472554043074	-0.0331657276771	0.0134630915999	-0.0576526090002	0.0095942034468	-0.0142842288089	-0.0761977156058	0.0308086663578	-0.0526383616482	-0.0302633304341	-0.0844567059031	0.0175688831935	-0.0468912657851	-0.0779123737816	0.0222312371007
k__Bacteria;p__Bacteroidetes;c__Bacteroidia;o__Bacteroidales;f__Bacteroidaceae;g__Bacteroides;s__Bacteroides_fragilis	0.0760780228468	-0.0364192639579	-0.0541592979049	0.0164824219676	0.0627636116436	0.033589118813	-0.0457341093874	-0.0182900383465	-0.040902164885	-0.0197432526559	-0.0230061212087	0.0107859600646	-0.0776320170624	0.0522284122614	0.000267300480903	-0.0559712482233	1.0	0.00546343533508	-9.17929855257e-05	-0.0125315986382	-0.010079495049	-0.0145462766146	-0.0102534100919	0.017611232941	-0.0171197217013	-0.0437815781928	-0.037012996369	-0.0649431975983	-0.00724458693385	-0.0570105160449	-0.0318652074315	-0.0605454556129	-0.0194966511923	-0.0304125587813	-0.0484821518194	-0.0164878216113	-0.0679108442115	-0.060437458003	-0.03240869976	-0.0320596047531	0.0372432798435	-0.0689856800713	-0.00303824860552	0.0460073986299	0.00447550521392	0.0249261276751	0.00787916129341	-0.0327162522176	0.0104019389611	0.0482182696641	-0.0544323259579	-0.0604252560791	0.0933229995941	-0.028874502176	-0.0695129519887	-0.0127961692655	-0.0881646753533	-0.0227519875577	0.0141646190382
k__Bacteria;p__Proteobacteria;c__Betaproteobacteria;o__Burkholderiales;f__Sutterellaceae;g__Sutterella;s__Sutterella_wadsworthensis	0.0709151846568	-0.0559170756555	-0.0476518044991	-0.0423327172005	-0.0166517115414	-0.031516034454	-0.0291362672421	-0.0343125794352	0.0346905075019	0.0362277049861	-0.00411476154953	0.0666927298816	0.0650476085538	-0.0262499632729	0.0048122008154	0.0550325332736	0.00546343533508	1.0	-0.0545181879777	0.00588408426012	-0.0561092891408	-0.0288478577456	-0.0235788959306	-0.00314288438276	-0.0273949446534	0.0159473246953	-0.0169926869705	-0.0144365021912	-0.0863152962501	0.044806612905	-0.0569013556835	-0.0455558689074	-0.0609245666307	0.0214131686935	-0.0196944973371	-0.0367498929279	-0.0521470912596	0.0807219663503	0.0386780241844	-0.0142674554471	-0.0200019824272	0.0219179112023	0.0408305227042	-0.00370904930035	-0.0423513539116	-0.00143796399454	0.00680565227133	0.0306105233682	0.0215645902262	-0.0122736720961	-0.00252616035494	0.0561003466979	0.0109873255538	-0.0928356175627	-0.0544005468138	0.0174143140476	-0.0162258165334	0.00710226314213	-0.0740687517184
k__Bacteria;p__Bacteroidetes;c__Bacteroidia;o__Bacteroidales;f__Porphyromonadaceae;g__Barnesiella;s__Barnesiella_intestinihominis	0.0144916904429	-0.0082983239486	0.0197444086942	0.0270318540792	-0.0568449535299	0.0395377127262	-0.00362399558663	0.00120991222149	0.0149668411204	-0.038914493316	-0.0353955638506	-0.0233011646497	-0.0199318248569	0.0688477006696	0.0286702471682	-0.0386179169921	-9.17929855257e-05	-0.0545181879777	1.0	-0.0224903493563	-0.0239701129166	-0.0205126598361	-0.0634054981167	-0.00204305689159	0.0789328248397	-0.0230351859697	-0.039011937439	0.0121187615199	-0.0389719663847	-0.039387545468	-0.0442633750568	0.105988357618	-0.0606283013155	-0.027541609491	0.0401402228812	0.00939232729941	0.0259284202456	-0.0293945360613	-0.0790963899234	-0.0714745805066	-0.0555121841744	-0.0120726281894	-0.0427171231232	-0.0190297816983	-0.0166230379653	0.0335293070151	-0.00815827410661	-0.0177987086769	0.0134890960772	-0.021149090665	0.028559636202	-0.00827062502334	0.0216786349587	0.0614852417025	0.02917843084	-0.00355645362698	-0.0464413964433	-0.00528630840994	-0.0158931030282
k__Bacteria;p__Bacteroidetes;c__Bacteroidia;o__Bacteroidales;f__Odoribacteraceae;g__Odoribacter;s__Odoribacter_splanchnicus	0.00391253848231	-0.000899529391681	-0.0557683177004	-0.0400242195631	-0.0291573941862	-0.0349563173401	-0.0489985406582	0.0377379520372	0.00550681340387	-0.0258367906925	-0.0467327551033	-0.00192753666727	0.029842570041	0.0210092328376	-0.0628204586719	0.0168708144394	-0.0125315986382	0.00588408426012	-0.0224903493563	1.0	-0.0234027865831	-0.0304169846492	0.0189068840812	-0.0615316374133	0.0279373880664	-0.0247575658958	-0.0424895504288	0.0346377816179	-0.0707416244538	0.00369773563047	0.0522807768125	-0.038154625402	-0.0269849978625	-0.0168583752081	0.0282530090546	-0.0303737409474	-0.0257232727091	0.0296657771785	-0.047164581864	-0.0751290982048	0.000930570665995	0.0392424151618	-0.0251324178814	0.0855575347185	0.0273012354032	-0.0190637648376	-0.118731755135	-0.0443944649729	-0.020889259007	-0.0349363601576	-0.0125715935072	0.00738422991804	-0.0507709819534	-0.042592505856	0.0175522203232	-0.0108941668946	0.0559109080436	-0.053435648672	0.0255962641764
k__Bacteria;p__Bacteroidetes;c__Bacteroidia;o__Bacteroidales;f__Bacteroidaceae;g__Bacteroides;s__Bacteroides_salyersiae	-0.0759861702307	-0.0434107104619	0.030163874826	0.00799679015953	0.0156832536409	0.00130969467274	0.0832308552861	-0.0335608275773	-0.0248703834695	-0.0304720413266	-0.0172565057239	0.079038096888	0.0179244950726	-0.0244161255451	-0.012354888441	0.0448553814184	-0.010079495049	-0.0561092891408	-0.0239701129166	-0.0234027865831	1.0	-0.0734774764802	0.01576281032	0.0488819657681	0.0749752195278	-0.00331032349284	-0.0631504048431	0.0243578142613	-0.0318886899871	-0.102433967489	-0.0312239719973	-0.0183257251706	4.20953186309e-05	-0.014292596604	-0.037523315118	-0.0306094867279	-0.0709809100682	-0.034223148747	0.0560471001232	0.0806811416933	0.0107216950788	-0.0296285839184	-0.099639389737	-0.0543605753494	-0.051161505756	0.0290801585368	-0.0408332528523	-0.0431859939576	-0.0327283021304	-0.0423100062623	-0.00892701409099	0.00233586385103	-0.0659348884332	0.0277035970618	0.0505185742306	-0.0490811524173	0.00534877794248	-0.0632687210754	-0.0256838833335
k__Bacteria;p__Firmicutes;c__Clostridia;o__Clostridiales;f__Ruminococcaceae;g__Ruminiclostridium;s__[Eubacterium]_siraeum	-0.00898737799054	0.0368614232218	-0.0434983022235	0.0335113983732	0.0363427573606	0.0266599860194	-0.0117815795242	0.024812447827	-0.00610735093647	-0.0084718282752	0.0442432243013	-0.0405073394368	-0.0176210266008	0.0142425930555	-0.0196027349973	0.0288395069224	-0.0145462766146	-0.0288478577456	-0.0205126598361	-0.0304169846492	-0.0734774764802	1.0	-0.0433202069374	0.0813126162983	-0.00171975975006	-0.00467085075035	-0.0140188357028	0.0127034970868	-0.0326182751627	-0.00622146219759	-0.0243032586789	0.0462651449716	-0.0646778430465	-0.0335536204906	0.00916408742156	-0.01693180709	0.0376074747233	0.0869708977787	-0.0150809269622	-0.00823046005639	-0.0464012341508	0.0107576482895	-0.00908300348724	-0.0295146049566	-0.055291492934	-0.00161162521663	-0.00752580202525	-0.0159520112753	-0.0390258921505	0.0609157367288	0.027408292362	-0.0249452981649	-0.0142212482013	-0.00952533914014	0.0280889074689	-0.00639127275401	-0.0913998180146	-0.0119596153508	0.0393379533819
k__Bacteria;p__Proteobacteria;c__Betaproteobacteria;o__Burkholderiales;f__Sutterellaceae;g__Parasutterella;s__Parasutterella_excrementihominis	0.00602265461957	-0.0518779090422	0.021179987484	-0.025538348513	0.0359992833397	-0.00505551268719	-0.0455618459846	0.00561224058037	0.0762895508645	-0.0142092200878	-0.0463396204018	0.00928390515594	-0.0472236626708	-0.0530318642348	-0.0532954901147	-0.0742843849894	-0.0102534100919	-0.0235788959306	-0.0634054981167	0.0189068840812	0.01576281032	-0.0433202069374	1.0	0.0422601358113	0.0435822685244	0.0168646988305	-0.0276029878101	-0.0274884899173	0.00530295831711	-0.0554989454978	-0.0660580391436	0.0382536389876	0.00362195622152	-0.00936970042315	0.0338274374557	-0.0443404717926	0.0467159955013	0.052484494391	-0.0469933496829	0.029775430906	0.0377825671932	0.0616427196142	0.0281634702681	0.0707853130069	0.0224107834201	-0.0441620780449	-0.0272098511737	0.0337314417831	-0.084066640445	-0.038496760857	-0.0394475526698	-0.0290294311684	0.0125310255704	-0.0311835881904	0.00936152423092	-0.0249116612623	0.0577120788936	0.00571159944592	0.0438987812562
k__Bacteria;p__Actinobacteria;c__Actinobacteria;o__Bifidobacteriales;f__Bifidobacteriaceae;g__Bifidobacterium;s__Bifidobacterium_adolescentis	-0.0389611992208	-0.0126539227085	0.015321824977	0.039721181077	0.0915533678415	0.0121835826981	-0.0115419027397	-0.0453146891058	-0.0366916018125	-0.0617262279823	0.0190516363129	-0.0728680060015	-0.00370003514929	0.0516808055935	0.00241788003506	-0.078176419114	0.017611232941	-0.00314288438276	-0.00204305689159	-0.0615316374133	0.0488819657681	0.0813126162983	0.0422601358113	1.0	-0.0663811241213	0.0271680817971	-0.076729209542	-0.00744423981352	0.0651149950988	-0.0353659722714	0.030483600246	-0.0780722073294	-0.0244352846082	-0.003223831713	-0.0337940924232	0.00668309320985	-0.0461701743294	0.024179300598	0.0047111430087	0.0345665132532	-0.0592210559931	-0.0981063830607	0.0174842979428	0.0048315119364	-0.00582010664927	-0.0281857596939	-0.00164229583414	-0.0415069554405	0.0190150077054	-0.0964263743092	-0.0383271150332	-0.0494753098788	0.00566752656418	0.0141020518172	-0.0152376558128	0.0529655718104	0.00143594873586	0.0447102982924	-0.0735632481017
k__Bacteria;p__Firmicutes;c__Clostridia;o__Clostridiales;f__Oscillospiraceae;g__Oscillibacter;s__Oscillibacter_sp._KLE_1745	0.0548379130704	0.00374790570652	-0.0566215019544	-0.0527654158003	-0.0835825135507	-0.0599146608899	-0.0577222677549	-0.0347420837391	-0.0225212643194	-0.026755672464	-0.0299843556998	0.0294800826183	-0.0140857453664	-0.0237004822918	0.0293684854212	0.0328708688382	-0.0171197217013	-0.0273949446534	0.0789328248397	0.0279373880664	0.0749752195278	-0.00171975975006	0.0435822685244	-0.0663811241213	1.0	-0.0687364988383	-0.0295689556177	0.0422237212831	0.0279475642079	0.00962348801278	0.0230873311491	0.00665772716311	-0.0161786131508	0.00251337398471	0.0240147167024	-0.0601717265612	-0.0547994419165	0.0199442190212	-0.0609786095011	-0.0759332251221	-0.0634078231977	-0.0170020524416	0.0315903288297	0.0329957540019	-0.00754351920093	-0.00305280806797	-0.0559238674176	-0.098807658437	0.0483622345578	-0.0258234311284	0.086759645435	0.0100278500873	-0.0470048285008	0.0468784632951	-0.0623653334893	-0.0800914433306	0.0365205278486	0.0733411591008	-0.071435680367
k__Bacteria;p__Bacteroidetes;c__Bacteroidia;o__Bacteroidales;f__Bacteroidaceae;g__Bacteroides;s__Bacteroides_coprophilus	-0.0162731924292	-0.0248100169412	0.000505511137293	-0.0648651141954	-0.00473868333203	-0.037346009008	0.0923038638322	0.0103304452535	-0.0368858473457	-0.00697329579035	-0.0449650359616	0.0874127219445	0.0358489340664	0.0364793175887	0.00210168455503	-0.0606590757328	-0.0437815781928	0.0159473246953	-0.0230351859697	-0.0247575658958	-0.00331032349284	-0.00467085075035	0.0168646988305	0.0271680817971	-0.0687364988383	1.0	0.0587503866944	-0.0974699216863	-0.0202609488003	-0.0516408288208	-0.039462785223	0.0106462599987	-0.0424408980658	0.0336712470939	-0.00746024451868	-0.0137140022403	0.00752719577874	-0.0266299448752	0.0141249090687	0.0816093956678	0.0619258153156	0.0671842850874	-0.0179045847982	-0.0692287069656	-0.0859127077809	0.0401647267429	0.0262959225145	0.0611470071419	-0.00713004034092	0.116968246169	-0.110570021358	-0.0358980707798	-0.0257821472869	-0.0910895135292	-0.00725488388839	-0.0326682123576	0.0353774248263	0.0396854739579	-0.00469421079364
k__Bacteria;p__Firmicutes;c__Clostridia;o__Clostridiales;f__Lachnospiraceae;g__Roseburia;s__Roseburia_intestinalis	0.00757948614216	-0.0226992051644	-0.049629285688	-0.0127336077995	-0.0278120535304	0.0129926061115	0.0196356264942	0.0589962188188	0.0154528272505	0.0506360742278	0.0517084248361	-0.000928057938305	-0.0561887740748	-0.0640476616994	-0.0256300801096	0.0305431010751	-0.037012996369	-0.0169926869705	-0.039011937439	-0.0424895504288	-0.0631504048431	-0.0140188357028	-0.0276029878101	-0.076729209542	-0.0295689556177	0.0587503866944	1.0	-0.0325883737495	0.0221357020158	0.0314579356972	-0.0159651817079	0.0082786744281	-0.000957140406888	0.0120746290509	-0.0233104759008	-0.00629380786906	-0.0191717138579	0.00340675313227	0.0200281735659	-0.0514220522429	0.0432856998662	0.0675504294744	0.0109215404911	-0.0330324864955	0.0147886105329	-0.00561814874357	0.0441254060355	-0.020074286474	0.015011305668	-0.0332440601028	-0.0511749706229	-0.00918981909791	0.0591164802716	-0.0141514064521	-0.00691347179652	0.0176085126227	0.0490954508843	-0.0542824169529	-0.0413449548421
k__Bacteria;p__Firmicutes;c__Clostridia;o__Clostridiales;f__Lachnospiraceae;g__Roseburia;s__Roseburia_hominis	0.0424326761906	-0.0397053996491	-0.0596117728104	-0.0138399111551	0.0496073886595	-0.00087651281797	0.0486908183352	0.0264989198871	0.0150609286962	0.0118069301865	0.0710003394963	0.0103473839898	0.0423697518163	0.0080798245997	-0.0152015392172	0.069818050446	-0.0649431975983	-0.0144365021912	0.0121187615199	0.0346377816179	0.0243578142613	0.0127034970868	-0.0274884899173	-0.00744423981352	0.0422237212831	-0.0974699216863	-0.0325883737495	1.0	0.0337149181556	0.018119305722	-0.0445488691293	-0.032951136842	-0.0528898581578	-0.00732864305579	-0.0152806248553	-0.0464580158956	0.0114341589063	-0.00745201581278	-0.0705730038043	0.0266474189975	-0.0639257275837	0.025673973489	-0.0228711253516	-0.05324675072	-0.00101243219855	0.0387650181051	-0.0342643465284	-0.0345208896398	-0.0441500801496	-0.0374389466044	0.0358354357335	-0.0203949886298	0.0340244854898	0.00100704404963	0.0791590808116	-0.0487706818798	-0.0237477024006	-0.0173481427039	-0.0660014502503
k__Bacteria;p__Bacteroidetes;c__Bacteroidia;o__Bacteroidales;f__Porphyromonadaceae;g__Parabacteroides;s__Parabacteroides_johnsonii	-0.0555054926309	-0.0107546461009	0.00591892673276	-0.0362436897385	-0.0607190578783	0.0070760486362	-0.000233100005538	-0.021580590453	-0.0302593247347	-0.042322545331	0.0208010825871	0.0263474421162	0.00283408825405	-0.0141686958643	-0.027586641809	-0.0313930981215	-0.00724458693385	-0.0863152962501	-0.0389719663847	-0.0707416244538	-0.0318886899871	-0.0326182751627	0.00530295831711	0.0651149950988	0.0279475642079	-0.0202609488003	0.0221357020158	0.0337149181556	1.0	-0.00202585787704	0.0303540271527	0.00452293193027	-0.0942412895301	-0.0627399570615	-0.0735808884257	0.00735415149072	0.0368087427879	-0.00356816310133	0.0424515486201	-0.0302530082394	-0.0397718782489	0.0171892830516	-0.0467028538094	0.108759818135	-0.00904654801504	0.020303883943	0.0629561596466	0.0196076266337	-0.024421492953	-0.0682693789185	0.066631020158	0.0264289693894	-0.0438138574795	-0.0148919135114	0.0509007111334	-0.0334658891007	-0.00809968658206	0.0173048745768	-0.0635466805016
k__Bacteria;p__Actinobacteria;c__Actinobacteria;o__Bifidobacteriales;f__Bifidobacteriaceae;g__Bifidobacterium;s__Bifidobacterium_longum	-0.0030912438304	-0.0627166415471	0.00376112950095	0.00766856544559	-0.0153868466631	-0.0638670441629	-0.00564292821904	-0.0809161263156	-0.0347062400493	0.0423391631538	0.0542165340492	-0.0291313045623	-0.0446300012094	-0.0593976714191	0.0168383332149	-0.06183774251	-0.0570105160449	0.044806612905	-0.039387545468	0.00369773563047	-0.102433967489	-0.00622146219759	-0.0554989454978	-0.0353659722714	0.00962348801278	-0.0516408288208	0.0314579356972	0.018119305722	-0.00202585787704	1.0	-0.0430511336609	0.00624559694617	-0.049095186579	0.0390062984346	-0.00207680342865	0.0568582262166	-0.00696469113151	-0.0554093832992	-0.0163532782816	-0.00470281382847	0.0453237992701	0.0283769213673	-0.043955784809	-0.0154358322605	-0.0215055438813	0.0482713289558	-0.0013563497536	-0.00806818646721	-0.0874820596451	0.00504065332516	-0.0277306747772	0.032015311952	0.00626601456269	-0.0295969763114	-0.00681794928825	0.0264179299883	0.00424574738806	0.0549666968796	0.0103135297989
