#taxonomy	k__Bacteria;p__Bacteroidetes;c__Bacteroidia;o__Bacteroidales;f__Bacteroidaceae;g__Bacteroides;s__Bacteroides_vulgatus	k__Bacteria;p__Bacteroidetes;c__Bacteroidia;o__Bacteroidales;f__Bacteroidaceae;g__Bacteroides;s__Bacteroides_uniformis	k__Bacteria;p__Bacteroidetes;c__Bacteroidia;o__Bacteroidales;f__Rikenellaceae;g__Alistipes;s__Alistipes_putredinis	k__Bacteria;p__Bacteroidetes;c__Bacteroidia;o__Bacteroidales;f__Prevotellaceae;g__Prevotella;s__Prevotella_copri	k__Bacteria;p__Bacteroidetes;c__Bacteroidia;o__Bacteroidales;f__Bacteroidaceae;g__Bacteroides;s__Bacteroides_stercoris	k__Bacteria;p__Bacteroidetes;c__Bacteroidia;o__Bacteroidales;f__Bacteroidaceae;g__Bacteroides;s__Bacteroides_ovatus	k__Bacteria;p__Bacteroidetes;c__Bacteroidia;o__Bacteroidales;f__Rikenellaceae;g__Alistipes;s__Alistipes_shahii	k__Bacteria;p__Firmicutes;c__Clostridia;o__Clostridiales;f__Ruminococcaceae;g__Faecalibacterium;s__Faecalibacterium_prausnitzii	k__Bacteria;p__Bacteroidetes;c__Bacteroidia;o__Bacteroidales;f__Rikenellaceae;g__Alistipes;s__Alistipes_finegoldii	k__Bacteria;p__Bacteroidetes;c__Bacteroidia;o__Bacteroidales;f__Porphyromonadaceae;g__Parabacteroides;s__Parabacteroides_distasonis	k__Bacteria;p__Bacteroidetes;c__Bacteroidia;o__Bacteroidales;f__Bacteroidaceae;g__Bacteroides;s__Bacteroides_thetaiotaomicron	k__Bacteria;p__Bacteroidetes;c__Bacteroidia;o__Bacteroidales;f__Bacteroidaceae;g__Bacteroides;s__Bacteroides_coprocola	k__Bacteria;p__Bacteroidetes;c__Bacteroidia;o__Bacteroidales;f__Bacteroidaceae;g__Bacteroides;s__Bacteroides_cellulosilyticus	k__Bacteria;p__Bacteroidetes;c__Bacteroidia;o__Bacteroidales;f__Rikenellaceae;g__Alistipes;s__Alistipes_obesi	k__Bacteria;p__Firmicutes;c__Clostridia;o__Clostridiales;f__Lachnospiraceae;g__;s__[Eubacterium]_rectale	k__Bacteria;p__Bacteroidetes;c__Bacteroidia;o__Bacteroidales;f__Bacteroidaceae;g__Bacteroides;s__Bacteroides_plebeius	k__Bacteria;p__Bacteroidetes;c__Bacteroidia;o__Bacteroidales;f__Bacteroidaceae;g__Bacteroides;s__Bacteroides_fragilis	k__Bacteria;p__Proteobacteria;c__Betaproteobacteria;o__Burkholderiales;f__Sutterellaceae;g__Sutterella;s__Sutterella_wadsworthensis	k__Bacteria;p__Bacteroidetes;c__Bacteroidia;o__Bacteroidales;f__Porphyromonadaceae;g__Barnesiella;s__Barnesiella_intestinihominis	k__Bacteria;p__Bacteroidetes;c__Bacteroidia;o__Bacteroidales;f__Odoribacteraceae;g__Odoribacter;s__Odoribacter_splanchnicus	k__Bacteria;p__Bacteroidetes;c__Bacteroidia;o__Bacteroidales;f__Bacteroidaceae;g__Bacteroides;s__Bacteroides_salyersiae	k__Bacteria;p__Firmicutes;c__Clostridia;o__Clostridiales;f__Ruminococcaceae;g__Ruminiclostridium;s__[Eubacterium]_siraeum	k__Bacteria;p__Proteobacteria;c__Betaproteobacteria;o__Burkholderiales;f__Sutterellaceae;g__Parasutterella;s__Parasutterella_excrementihominis	k__Bacteria;p__Actinobacteria;c__Actinobacteria;o__Bifidobacteriales;f__Bifidobacteriaceae;g__Bifidobacterium;s__Bifidobacterium_adolescentis	k__Bacteria;p__Firmicutes;c__Clostridia;o__Clostridiales;f__Oscillospiraceae;g__Oscillibacter;s__Oscillibacter_sp._KLE_1745	k__Bacteria;p__Bacteroidetes;c__Bacteroidia;o__Bacteroidales;f__Bacteroidaceae;g__Bacteroides;s__Bacteroides_coprophilus	k__Bacteria;p__Firmicutes;c__Clostridia;o__Clostridiales;f__Lachnospiraceae;g__Roseburia;s__Roseburia_intestinalis	k__Bacteria;p__Firmicutes;c__Clostridia;o__Clostridiales;f__Lachnospiraceae;g__Roseburia;s__Roseburia_hominis	k__Bacteria;p__Bacteroidetes;c__Bacteroidia;o__Bacteroidales;f__Porphyromonadaceae;g__Parabacteroides;s__Parabacteroides_johnsonii	k__Bacteria;p__Actinobacteria;c__Actinobacteria;o__Bifidobacteriales;f__Bifidobacteriaceae;g__Bifidobacterium;s__Bifidobacterium_longum	k__Bacteria;p__Firmicutes;c__Clostridia;o__Clostridiales;f__;g__Flavonifractor;s__Flavonifractor_plautii	k__Bacteria;p__Firmicutes;c__Clostridia;o__Clostridiales;f__Clostridiaceae;g__Clostridium;s__Clostridium_phoceensis	k__Bacteria;p__Verrucomicrobia;c__Verrucomicrobiae;o__Verrucomicrobiales;f__Akkermansiaceae;g__Akkermansia;s__Akkermansia_muciniphila	k__Bacteria;p__Bacteroidetes;c__Bacteroidia;o__Bacteroidales;f__Prevotellaceae;g__Paraprevotella;s__Paraprevotella_xylaniphila	k__Bacteria;p__Firmicutes;c__Clostridia;o__Clostridiales;f__Ruminococcaceae;g__Ruminococcus;s__Ruminococcus_callidus	k__Bacteria;p__Bacteroidetes;c__Bacteroidia;o__Bacteroidales;f__Rikenellaceae;g__Alistipes;s__Alistipes_senegalensis	k__Bacteria;p__Firmicutes;c__Clostridia;o__Clostridiales;f__Lachnospiraceae;g__Blautia;s__Blautia_sp._KLE_1732	k__Bacteria;p__Bacteroidetes;c__Bacteroidia;o__Bacteroidales;f__Bacteroidaceae;g__Bacteroides;s__Bacteroides_oleiciplenus	k__Bacteria;p__Firmicutes;c__Clostridia;o__Clostridiales;f__Ruminococcaceae;g__Ruminococcus;s__Ruminococcus_bicirculans	k__Bacteria;p__Bacteroidetes;c__Bacteroidia;o__Bacteroidales;f__Bacteroidaceae;g__Bacteroides;s__Bacteroides_fluxus	k__Bacteria;p__Bacteroidetes;c__Bacteroidia;o__Bacteroidales;f__Prevotellaceae;g__Prevotella;s__Prevotella_stercorea	k__Bacteria;p__Firmicutes;c__Clostridia;o__Clostridiales;f__Lachnospiraceae;g__Dorea;s__Dorea_longicatena	k__Bacteria;p__Firmicutes;c__Clostridia;o__Clostridiales;f__Eubacteriaceae;g__Eubacterium;s__[Eubacterium]_eligens	k__Bacteria;p__Firmicutes;c__Clostridia;o__Clostridiales;f__Ruminococcaceae;g__;s__Ruminococcaceae_bacterium_D16	k__Bacteria;p__Firmicutes;c__Clostridia;o__Clostridiales;f__Lachnospiraceae;g__Coprococcus;s__Coprococcus_comes	k__Bacteria;p__Proteobacteria;c__Gammaproteobacteria;o__Enterobacterales;f__Enterobacteriaceae;g__Escherichia;s__Escherichia_coli	k__Bacteria;p__Firmicutes;c__Clostridia;o__Clostridiales;f__Ruminococcaceae;g__Anaerotruncus;s__Anaerotruncus_colihominis	k__Bacteria;p__Firmicutes;c__Clostridia;o__Clostridiales;f__Lachnospiraceae;g__Blautia;s__Blautia_obeum	k__Bacteria;p__Bacteroidetes;c__Bacteroidia;o__Bacteroidales;f__Odoribacteraceae;g__Odoribacter;s__Odoribacter_laneus	k__Bacteria;p__Firmicutes;c__Clostridia;o__Clostridiales;f__Ruminococcaceae;g__Ruminiclostridium;s__[Clostridium]_leptum	k__Bacteria;p__Bacteroidetes;c__Bacteroidia;o__Bacteroidales;f__Porphyromonadaceae;g__Parabacteroides;s__Parabacteroides_goldsteinii	k__Bacteria;p__Firmicutes;c__Clostridia;o__Clostridiales;f__Lachnospiraceae;g__Anaerostipes;s__Anaerostipes_hadrus	k__Bacteria;p__Firmicutes;c__Clostridia;o__Clostridiales;f__Ruminococcaceae;g__Ruminococcus;s__Ruminococcus_lactaris	k__Bacteria;p__Firmicutes;c__Clostridia;o__Clostridiales;f__Clostridiaceae;g__Clostridium;s__Clostridium_sp._L2-50	k__Bacteria;p__Firmicutes;c__Clostridia;o__Clostridiales;f__Clostridiaceae;g__Clostridium;s__Clostridium_sp._M62/1	k__Bacteria;p__Firmicutes;c__Clostridia;o__Clostridiales;f__;g__Intestinimonas;s__Intestinimonas_butyriciproducens	k__Bacteria;p__Actinobacteria;c__Actinobacteria;o__Bifidobacteriales;f__Bifidobacteriaceae;g__Bifidobacterium;s__Bifidobacterium_bifidum	k__Bacteria;p__Firmicutes;c__Negativicutes;o__Veillonellales;f__Veillonellaceae;g__Dialister;s__Dialister_invisus	k__Bacteria;p__Bacteroidetes;c__Bacteroidia;o__Bacteroidales;f__Bacteroidaceae;g__Bacteroides;s__Bacteroides_salanitronis
k__Bacteria;p__Bacteroidetes;c__Bacteroidia;o__Bacteroidales;f__Bacteroidaceae;g__Bacteroides;s__Bacteroides_vulgatus	1.0	-0.0392091597592	-0.0244078000968	-0.00137212212156	0.0152436402862	-0.0169046901103	-0.0514797193658	0.0189246993718	0.0400646300605	-0.0692271174541	-0.00677875527909	-0.0975297925797	-0.0121768214667	-0.0847731678632	-0.00907989622855	-0.037669716275	0.0565721372978	-0.0456320389155	-0.0195774477492	-0.021746413405	-0.0571432760326	0.0591807380128	-0.00938747631982	-0.015277731068	-0.0262786725428	-0.0948733419027	0.00378420976242	-0.0210265397841	-0.0325821655316	0.0637678503757	-0.0448890845098	-0.0191971059133	-0.0199248215067	0.00796174322955	0.0137088801114	0.0503634475449	0.040061941529	-0.021357219557	0.00166759533229	-0.0360853043674	-0.03122688836	-0.00324440119294	0.0235870053594	0.0021431155538	-0.0772869206814	-0.0151918206442	-0.00565605024109	-0.00785191476512	-0.032671075322	0.0559785973853	-0.00701008697495	-0.0165220069666	0.00201491132201	0.0231511213291	-0.0355809355181	-0.022700822065	0.0436316624542	-0.0298139091584	-0.00354753439469
k__Bacteria;p__Bacteroidetes;c__Bacteroidia;o__Bacteroidales;f__Bacteroidaceae;g__Bacteroides;s__Bacteroides_uniformis	-0.0392091597592	1.0	0.0234223838165	-0.0363854885587	-0.0677991085795	-0.0454612307598	-0.00162306886132	-0.0354576849371	-0.055207695426	-0.0863355943848	-0.113202049332	0.0423093227323	-0.100271228361	0.0701148647207	0.00259123821597	-0.0382739460852	-0.000900641586295	-0.0315424148924	-0.0310422771904	0.0145027085225	-0.0319416816326	0.0800602702089	-0.0101625938663	0.0555449652019	0.0167932285712	-0.0217000753819	-0.0710593676974	-0.000280513470669	0.0158820886596	-0.0889226375801	-0.0772030730035	0.0234291503524	0.0281900015617	-0.048239384772	0.0261264930815	-0.0144150274706	0.0247496581896	-0.0348929210962	-0.0208830501565	-0.024077841255	0.00252056941787	-0.0197544446404	0.0821788621188	0.0813157643755	0.0361369389763	0.0427263837482	-0.0238698637793	-0.0382022704695	0.0137647614847	0.0135712965905	0.0772216563036	-0.0150637389125	0.0101697399476	0.0451333530406	0.0221385457571	-0.0180385251703	0.00787685874646	0.0233633531747	-0.0491934120454
k__Bacteria;p__Bacteroidetes;c__Bacteroidia;o__Bacteroidales;f__Rikenellaceae;g__Alistipes;s__Alistipes_putredinis	-0.0244078000968	0.0234223838165	1.0	-0.0097420167972	-0.00894936984596	-0.0547001067077	-0.00574693460398	-0.00279707043093	0.0362775466652	0.0373487000775	0.0111771525578	-0.0368458809181	-0.0326299903593	-0.000533880394307	0.0181961128066	-0.0647679415025	-0.0545429861402	-0.016219621178	0.046305541621	0.000360103167305	0.0196995611407	-0.0468769871764	-0.0183599666036	-0.0261543454151	-0.0527534153218	-0.0321104729234	-0.0668542393741	0.113464374957	0.0455617866939	0.0200703230829	-0.0387825433618	-0.00143775325053	-0.0975343350761	0.0758380075319	-0.0516908161937	0.0048613566033	0.0145703637186	0.0255515715422	0.0249728960456	-0.0502064813386	0.0747620930015	0.0430112566357	-0.00743875585956	-0.0756989776353	0.0296943314677	-0.0316706815194	-0.00921978956764	0.0536505368822	-0.0237864170147	-0.0206244485562	0.0152490108145	0.0110911042618	-0.0435205139116	0.0275366216051	-0.0238474474726	-0.0785551245425	0.0129831819876	-0.0232790502643	-0.0276668169396
k__Bacteria;p__Bacteroidetes;c__Bacteroidia;o__Bacteroidales;f__Prevotellaceae;g__Prevotella;s__Prevotella_copri	-0.00137212212156	-0.0363854885587	-0.0097420167972	1.0	0.0157895449365	-0.044843811121	0.0162520538271	0.099573683071	0.0646212606048	0.0375970271258	-0.0690512047769	-0.0263195831927	-0.0614304708984	-0.0499847789776	0.00667432211109	-0.0252173758526	-0.019356728107	0.016963826247	-0.034104548493	-0.0834449601681	0.0136353666213	-0.0113493575168	0.00522408093248	0.0160392020724	-0.0150070056672	-0.0314459234387	0.000230022469444	-0.0107802667595	0.0581149617024	-0.0431350295821	0.0166723617221	0.003789565868	-0.0850717994963	0.00284423686612	-0.0537516110718	-0.0525943288146	0.00651150460643	-0.00447783997596	0.0426245530086	0.00553646095026	-0.00347507628862	0.0506150768467	-0.044522990894	-0.0728654452743	0.00571171837656	-0.0415911657232	0.0105004013806	-0.00388428868678	0.0178655788584	0.0309282683224	-0.0347121028997	-0.0150594361803	-0.0552196242085	-0.064355763931	0.0736145937802	0.00232957747861	0.0100938368767	0.0156742514634	-0.0607621067901
k__Bacteria;p__Bacteroidetes;c__Bacteroidia;o__Bacteroidales;f__Bacteroidaceae;g__Bacteroides;s__Bacteroides_stercoris	0.0152436402862	-0.0677991085795	-0.00894936984596	0.0157895449365	1.0	-0.0947011025562	0.0591050673427	0.0308872200002	-0.0276754480597	-0.111391135775	0.0424630737063	-0.00902980278642	-0.0699206384356	0.00532399496645	-0.017979030418	0.00928567421711	-0.0136760295326	0.0126076737462	-0.027469894961	0.00147883158073	0.00466349969323	-0.0503021271801	-0.0616411879835	-0.00655451981294	0.0474065767946	-0.022060263051	0.000121447934606	0.0722131936561	-0.0442561052561	0.0133696108793	0.037083277667	0.0570923997379	-0.0772350955908	-0.0140773736681	-0.0615804041722	0.000671309540604	-0.00375214651845	-0.0162356635843	-0.0427589699349	0.00952748347796	0.0146782989247	-0.0253220601403	-0.0386587940183	-0.0135765283054	-0.0387669020807	-0.030077743576	-0.0207343740542	0.0209308963173	-0.0863610357187	0.00440556459452	0.0139673153108	0.0348518604086	0.0249188080561	-0.0351121115519	-0.0223502516076	0.0198781298867	0.0377648845383	-0.0253282574215	0.0685843232378
k__Bacteria;p__Bacteroidetes;c__Bacteroidia;o__Bacteroidales;f__Bacteroidaceae;g__Bacteroides;s__Bacteroides_ovatus	-0.0169046901103	-0.0454612307598	-0.0547001067077	-0.044843811121	-0.0947011025562	1.0	0.00508578800122	-0.0365272395931	0.00351756277109	-0.00379587764522	0.0472517955157	-0.0136802303732	-0.0329733174685	-0.065956317716	-0.0303541937599	-0.0314625618505	0.0389839552476	0.0331233020644	-0.00246652458222	-0.0387977619965	0.0297282650762	-0.0136529774399	0.0100232341444	-0.0520224662924	0.0727466323124	-0.0198220219295	0.0222575986083	-0.033475301943	0.0150592588581	-0.0111465217117	-0.0344512904568	0.0396564533402	0.0346223192631	0.0071404890043	-0.0599452177087	0.0881107286403	0.00253420613543	-0.05539232905	0.00347210375879	0.0902786029226	-0.0145904872853	-0.0237669295458	0.0194710311729	0.0122800626041	-0.0377146852667	-0.0321758418872	-0.0403829055673	0.0319924029954	-0.00157041758723	0.0198030770042	0.0419454067029	-0.0698884480377	-0.0485988532957	0.0395486490717	-0.00487493281204	-0.0358688734608	0.0010116762182	0.0707695035798	-0.0430664635109
k__Bacteria;p__Bacteroidetes;c__Bacteroidia;o__Bacteroidales;f__Rikenellaceae;g__Alistipes;s__Alistipes_shahii	-0.0514797193658	-0.00162306886132	-0.00574693460398	0.0162520538271	0.0591050673427	0.00508578800122	1.0	-0.0178011318188	0.0389801000939	-0.00597192064062	-0.0429277568913	-0.038751612086	-0.00629905293327	0.00227914413921	-0.00300140748506	0.0873045036309	0.0396384360671	-0.0548195056002	-0.0102349854232	-0.0352778585688	0.0105470850949	-0.0199459526385	0.014990775653	0.0454583287748	0.0111226960929	-0.00210187181645	0.0118076219115	-0.0567778849254	0.0386445320258	-0.010648353658	-0.0811072294925	-0.0587680841599	0.0137973489177	-0.00624746525928	-0.0386762971808	0.121126793057	-0.0185790537587	0.0412228046024	-0.0805668682148	0.0223686912129	0.0286724275989	-0.0425950266922	-0.0171135773502	-0.0201147155522	-0.0898892685354	0.00260365757945	-0.041174393366	0.0366421041176	-0.00123276411803	-0.0473834560708	-0.0230446621752	-0.0377414209635	-0.0408052921881	-0.00916943013043	0.0111831822735	-0.0218980788613	0.00696598332659	0.0335643718723	0.004149668164
k__Bacteria;p__Firmicutes;c__Clostridia;o__Clostridiales;f__Ruminococcaceae;g__Faecalibacterium;s__Faecalibacterium_prausnitzii	0.0189246993718	-0.0354576849371	-0.00279707043093	0.099573683071	0.0308872200002	-0.0365272395931	-0.0178011318188	1.0	0.0211959605828	-0.0308031896974	-0.0360030120084	0.000137667389738	-0.0523770695028	0.00337306178127	-0.0446435778708	0.0204349765324	-0.0645636356631	-0.0553130036556	-0.000101559837487	0.0578295169434	-0.0399170320148	-0.0680869426859	-0.0764227908272	-0.0730570100466	-0.0504269887353	-0.0480582279048	-0.0152727098656	-0.00321094584273	-0.00440857218188	-0.0506851425821	-0.00922443780724	0.0144307513055	-0.0218887485872	0.0151661338734	0.0390919027814	-0.00357099863026	-0.0265928317396	0.071956554508	0.0179896929582	-0.00742926337873	-0.0194070607111	0.0433437863067	-0.14195885017	-0.0649823258807	0.0528477360038	0.0300345582819	-0.0169928750262	-0.0152009281582	-0.054808331186	-0.0131823048573	0.00842283837084	-0.048755338338	0.0215605439979	-0.0308853762639	0.0149318247371	0.0144732396714	0.0517134252256	0.032227544615	0.00648779628098
k__Bacteria;p__Bacteroidetes;c__Bacteroidia;o__Bacteroidales;f__Rikenellaceae;g__Alistipes;s__Alistipes_finegoldii	0.0400646300605	-0.055207695426	0.0362775466652	0.0646212606048	-0.0276754480597	0.00351756277109	0.0389801000939	0.0211959605828	1.0	0.0136151140839	-0.0826040221238	0.0584264944355	-0.0742019445707	-0.0931454544249	-0.0292362429533	-0.020866215934	-0.0653593035213	-0.00651082286334	0.0274102837783	-0.0303635630044	0.0172848440508	-0.0357027745392	0.00741825457187	0.0279642453587	0.00771548232313	-0.0156062167212	0.0748775824493	-0.0494272059898	-0.021923759586	0.11771017627	-0.00656238491034	0.0448627259577	-0.0447435732804	-0.0160881799101	-0.0620293545815	-0.00708399235954	0.0198334685622	0.02419246592	-0.0145194925089	-0.0326902563671	0.0154783373221	-0.0845690881646	-0.046879925601	-0.0269629512859	-0.0337525432025	-0.0434997367612	-0.00526763122963	0.0402217254481	0.00552259144842	0.0176348930584	-0.0434242695241	0.0125201337591	-0.0300652067505	-0.0366337048167	-0.0739345572489	-0.0202811462322	-0.0504833720944	-0.0423894091586	-0.071803816498
k__Bacteria;p__Bacteroidetes;c__Bacteroidia;o__Bacteroidales;f__Porphyromonadaceae;g__Parabacteroides;s__Parabacteroides_distasonis	-0.0692271174541	-0.0863355943848	0.0373487000775	0.0375970271258	-0.111391135775	-0.00379587764522	-0.00597192064062	-0.0308031896974	0.0136151140839	1.0	-0.00134397588527	0.00938598121873	0.0201870993159	0.054423185675	-0.00675905438561	-0.0505492062477	0.0354391674071	0.00546218219897	0.010186138065	-0.000987865642179	0.00794979326425	-0.0546216075176	-0.0184252918322	-0.0423728533203	0.0164303406502	-0.0382679105635	0.0076962293605	-0.010967935551	0.0569537455945	-0.0996053129744	-0.0462064046445	0.0105891201754	0.00194109390654	0.00398609116567	-0.00538103419861	-0.0342586902436	-0.0276330660417	-0.0076486125828	0.0154634791812	0.0181866361322	-0.0177902757512	0.029717870547	-0.00371655922916	-0.0247314202952	0.0128004520379	-0.055905189909	0.0565303334534	-0.0155047679057	0.0201656310885	-0.0358698935692	-0.0268331020031	-0.0182385068407	-0.0418419627036	0.034784853891	0.0234094376605	0.0350800172796	0.0086788465849	-0.0235342682345	-0.0559845085335
k__Bacteria;p__Bacteroidetes;c__Bacteroidia;o__Bacteroidales;f__Bacteroidaceae;g__Bacteroides;s__Bacteroides_thetaiotaomicron	-0.00677875527909	-0.113202049332	0.0111771525578	-0.0690512047769	0.0424630737063	0.0472517955157	-0.0429277568913	-0.0360030120084	-0.0826040221238	-0.00134397588527	1.0	-0.0663229216833	0.0475408074975	0.00466853163978	-0.00440358410328	0.0344428998283	0.0164030515347	-0.00765647983789	0.0283621084726	-0.0196055075748	0.0631654818068	-0.00837877465909	0.0130496918772	-0.0336408865802	0.0117950220441	0.00216652690547	0.0482207791715	-0.0282915520451	0.00229052851343	0.0160669503686	0.00934253429493	-0.0499139029447	0.00430885674395	0.0033284608853	-0.0055286489785	-0.0469530194666	-0.023253414599	0.0592938800056	0.0300870016961	-0.0225174281676	-0.00552346510456	-0.0123450444149	0.0284411404541	0.00720289682858	0.0312411358081	0.0313207089201	-0.00676019905537	-0.0440066675284	0.0326512718851	-0.0196613805115	-0.0318906509395	-0.0445897775513	0.00419543545324	-0.0227148094506	-0.0625536566992	0.00115672108043	-0.0023443707952	-0.0119681756385	0.0117334198959
k__Bacteria;p__Bacteroidetes;c__Bacteroidia;o__Bacteroidales;f__Bacteroidaceae;g__Bacteroides;s__Bacteroides_coprocola	-0.0975297925797	0.0423093227323	-0.0368458809181	-0.0263195831927	-0.00902980278642	-0.0136802303732	-0.038751612086	0.000137667389738	0.0584264944355	0.00938598121873	-0.0663229216833	1.0	-0.0101853755457	0.0434061978944	-0.0160958558483	-0.0737287770503	0.0200798006031	0.00495369306073	0.0122760106739	-0.0254444209787	0.0365576376735	-0.0774923744759	0.0377511120712	0.00617197219835	0.0171544722414	-0.03919562108	0.0265362512726	0.016571916528	0.00786477537408	0.00173261140176	0.0254414141778	-0.00566528492154	-0.00948515034765	-0.0034887713395	-0.0023863457464	0.00142941387554	-0.0122118082249	-0.0293696036017	0.0684787435663	-0.0327487525021	-0.0022163523463	-0.0115997621358	-0.0386445402523	0.0370101981759	-0.0152764592005	-0.0520194997484	-0.0505595533338	0.0718583288803	-0.0187544916126	-0.00595002404049	0.055394838247	-0.0754468800276	-0.022063209682	-0.0139588512182	0.0449071652078	-0.0036247114213	-0.000990013552075	-0.0151797528921	-0.0405445082788
k__Bacteria;p__Bacteroidetes;c__Bacteroidia;o__Bacteroidales;f__Bacteroidaceae;g__Bacteroides;s__Bacteroides_cellulosilyticus	-0.0121768214667	-0.100271228361	-0.0326299903593	-0.0614304708984	-0.0699206384356	-0.0329733174685	-0.00629905293327	-0.0523770695028	-0.0742019445707	0.0201870993159	0.0475408074975	-0.0101853755457	1.0	0.00663571203873	0.0237604601784	0.00646281938078	-0.0178239417283	0.0792482237253	0.0272751442699	-0.0222729678095	0.00596938250653	0.0214156668316	0.0419853091039	-0.00272312284643	-0.0669116000385	0.01589116683	-0.0750016328487	0.0617909747362	0.0243099623555	0.000503626773125	-0.00716589444368	-0.0544000782696	0.0491044367035	0.00071936884475	-0.0469344452159	-0.0265610753806	-0.0332238696771	0.00680194320373	0.0597890296082	0.0100636021285	-0.054037684789	0.0102680357129	0.0405443317138	-0.00773754930534	0.0159200228157	0.0205076189219	-0.0487122814766	-0.0560423164738	0.0222943463151	-0.0229977043299	-0.064733864719	0.0867317793019	0.00327347490355	-0.0737402392277	0.0394753388508	-0.0107942420581	0.0280129385342	-0.097579541902	-0.00364471347972
k__Bacteria;p__Bacteroidetes;c__Bacteroidia;o__Bacteroidales;f__Rikenellaceae;g__Alistipes;s__Alistipes_obesi	-0.0847731678632	0.0701148647207	-0.000533880394307	-0.0499847789776	0.00532399496645	-0.065956317716	0.00227914413921	0.00337306178127	-0.0931454544249	0.054423185675	0.00466853163978	0.0434061978944	0.00663571203873	1.0	-0.0258961473864	0.0133180659729	0.0134681353221	0.00759906717904	-0.0400669267624	-0.0715468071931	-0.0586345318188	0.0414805608328	-0.0218545743605	0.0180818429914	0.00773522100835	-0.00429326061049	-0.00570778066324	-0.00426888397472	-0.0122833107637	-0.0406728332302	-0.0262511361298	0.0502349492549	0.0342215676496	0.033218627322	0.0443004717619	-0.047760501704	-0.0756096297957	-0.0252810075753	-0.077162119465	0.0427559967412	-0.0104872562671	-0.0893512822208	0.00729351733624	0.0382743094429	0.0656484447356	-0.0178603000862	-0.0235733195255	-0.0606774506759	0.0737329907321	0.00046456906887	-0.00963654684586	0.0987059828227	0.0782711937767	-0.0902810666485	-0.00854379714593	-0.0616195958524	0.0243131741296	0.0330995640473	-0.046087650634
k__Bacteria;p__Firmicutes;c__Clostridia;o__Clostridiales;f__Lachnospiraceae;g__;s__[Eubacterium]_rectale	-0.00907989622855	0.00259123821597	0.0181961128066	0.00667432211109	-0.017979030418	-0.0303541937599	-0.00300140748507	-0.0446435778708	-0.0292362429533	-0.00675905438561	-0.00440358410328	-0.0160958558483	0.0237604601784	-0.0258961473864	1.0	-0.0122161585347	0.0163704467398	-0.0629980641983	-0.0339018455962	0.00799719603426	0.0340056236145	0.0315363626648	-0.0309059161686	0.01741034054	-0.0307740019629	0.0778702733472	-0.0519041749532	-0.0620367104123	-0.03836756251	-0.0202569489697	-0.0690135317537	0.0124666609065	0.0347547617642	-0.0535946381514	-0.0684524382969	-0.044117366808	0.0674715919236	-0.0333923551129	-0.0189538061244	-0.0144063963105	-0.0321881874084	-0.0113674101564	0.0769225824981	-0.0717722585766	-0.0630144986522	0.000768143275632	-0.0927934396621	-0.00964960526775	-0.0183507073902	-0.0446181376625	0.0153828611134	-0.0201283176378	-0.0590281227727	0.0183950575895	0.013209276596	-0.00508727156855	-0.00716001240607	-0.0108288922071	-0.0588536410035
k__Bacteria;p__Bacteroidetes;c__Bacteroidia;o__Bacteroidales;f__Bacteroidaceae;g__Bacteroides;s__Bacteroides_plebeius	-0.037669716275	-0.0382739460852	-0.0647679415025	-0.0252173758526	0.00928567421711	-0.0314625618505	0.0873045036309	0.0204349765324	-0.020866215934	-0.0505492062477	0.0344428998283	-0.0737287770503	0.00646281938078	0.0133180659729	-0.0122161585347	1.0	-0.0396720337863	0.0212977554788	-0.0197169210305	-0.0191609373919	-0.0184927043144	-0.0107110029596	0.0678599045277	0.0556423053563	-0.0348445844244	0.000414210365593	-0.00838954955109	0.0127808957963	0.0051703885443	-0.00708985062394	-0.0562432221897	-0.020995200228	-0.016755586157	-0.0186035399259	-0.046333601623	0.0128666870038	0.0652892731176	0.0148371311572	-0.0460513212115	-0.078850338466	-0.0623476574494	-0.0183430701871	0.00382583225659	0.00918234612528	-0.0122997564039	0.0131053884278	0.0135212200431	-0.0721667367345	-0.0291176698742	-0.0126681426468	-0.0412119727488	-0.00601309176658	-0.0213554269479	0.00711321434059	0.0090977533231	-0.0474677801029	0.048194917533	0.0137705097546	0.0437933932214
k__Bacteria;p__Bacteroidetes;c__Bacteroidia;o__Bacteroidales;f__Bacteroidaceae;g__Bacteroides;s__Bacteroides_fragilis	0.0565721372978	-0.000900641586295	-0.0545429861402	-0.019356728107	-0.0136760295326	0.0389839552476	0.0396384360671	-0.0645636356631	-0.0653593035213	0.0354391674071	0.0164030515347	0.0200798006031	-0.0178239417283	0.0134681353221	0.0163704467398	-0.0396720337863	1.0	-0.00496421203546	0.00565751971453	-0.0250678090267	0.0074914664977	0.0382626533456	0.0193867058352	-0.0241415484173	-0.0537243216246	0.0237935472151	-0.0610900759909	0.025186617515	-0.0210498496361	-0.0211112612149	0.0169481968825	-0.0380014001164	0.0275720252372	-0.0439643695334	-0.0195685535666	-0.0322040000712	0.0547736148588	-0.102078356999	-0.0293755603022	0.0280937307273	-0.0531515032175	-0.0648306049713	-0.00307187030664	-0.0329495587937	0.0262334948519	-0.0291862991143	-0.028951693428	-0.00421289241457	0.00204666864712	-0.00852025237957	-0.00769572609926	-0.0258883478069	0.0194848230914	0.0487925034745	0.0308707197549	0.00209534440106	-0.0240839808225	-0.0339738522329	0.0173302645338
k__Bacteria;p__Proteobacteria;c__Betaproteobacteria;o__Burkholderiales;f__Sutterellaceae;g__Sutterella;s__Sutterella_wadsworthensis	-0.0456320389155	-0.0315424148924	-0.016219621178	0.016963826247	0.0126076737462	0.0331233020644	-0.0548195056002	-0.0553130036556	-0.00651082286334	0.00546218219897	-0.00765647983789	0.00495369306073	0.0792482237253	0.00759906717904	-0.0629980641983	0.0212977554788	-0.00496421203546	1.0	-0.00109105814875	0.0390531291676	0.0847036750518	-0.0045849547977	-0.033953866764	-0.0380127030306	-0.0119152269001	0.0932310407416	-0.0378581016373	-0.0860239221843	-0.026653769612	-0.0230360190786	0.024982615106	-0.045603938413	-0.0856238370526	0.00521451681074	-0.0445547147616	0.00387779251193	-0.0267970282713	-0.0813731802665	0.0151585334766	-0.0520216748736	-0.0412386638919	-0.0242404700788	0.0612576498254	-0.0122094814563	0.00883658321863	-0.0112034737737	0.0565243750194	-0.00175047966524	-0.0643049807753	-0.0124286381158	-0.0224217722713	0.0488204492219	-0.046121681294	0.029547380859	0.029666387748	-0.0579188501904	0.0337451335069	-0.0330313592074	-0.0181687902142
k__Bacteria;p__Bacteroidetes;c__Bacteroidia;o__Bacteroidales;f__Porphyromonadaceae;g__Barnesiella;s__Barnesiella_intestinihominis	-0.0195774477492	-0.0310422771904	0.046305541621	-0.034104548493	-0.027469894961	-0.00246652458222	-0.0102349854232	-0.000101559837487	0.0274102837783	0.010186138065	0.0283621084726	0.0122760106739	0.0272751442699	-0.0400669267624	-0.0339018455962	-0.0197169210305	0.00565751971453	-0.00109105814875	1.0	-0.00750083162863	-0.0736219654209	0.0532549517163	-0.00582942363804	-0.0503181562938	-0.0210499026018	-0.0581146313941	-0.073603841099	0.0162034472126	-0.00892964140693	-0.0583978058457	-0.0286218617487	-0.0987157983662	0.00626858934707	-0.00461631614827	0.0428319376344	0.0396143505066	-0.0246573520443	-0.0890293454882	0.00162773403978	-0.0079796362651	-0.0262462422714	0.044541053807	-0.078590156952	-0.0462203572961	-0.0278507610143	-0.0121306305455	0.0360538388564	0.0125909824039	0.00974288957655	0.00452649944537	-0.0235552330202	0.0180007846749	-0.0140026673151	0.0229978478911	-0.00328477839532	-0.0401406272332	-0.0181190104862	0.0456407034629	-0.0612283027649
k__Bacteria;p__Bacteroidetes;c__Bacteroidia;o__Bacteroidales;f__Odoribacteraceae;g__Odoribacter;s__Odoribacter_splanchnicus	-0.021746413405	0.0145027085225	0.000360103167305	-0.0834449601681	0.00147883158073	-0.0387977619965	-0.0352778585688	0.0578295169434	-0.0303635630044	-0.000987865642179	-0.0196055075748	-0.0254444209787	-0.0222729678095	-0.0715468071931	0.00799719603426	-0.0191609373919	-0.0250678090267	0.0390531291676	-0.00750083162863	1.0	-0.0349602988912	-0.0554804990805	-0.0745011866381	-0.00462547098774	-0.00229048982809	-0.0196218416549	-0.02512124514	-0.000836119581578	-0.0384541215743	-0.0454199935959	-0.0355729889709	-0.0226552424196	-0.00231957266278	-0.0451396572047	-0.0593130668085	0.0534831088039	0.0292253318975	-0.0418474205425	-0.0141791961645	-0.10535492168	-0.0182252709708	-0.0255674563048	0.00726333604441	-0.0580128142414	0.0303058311743	-0.0632088643342	0.0501774577097	-0.020582360682	0.0518428036249	0.0199463407904	0.0315330407111	-0.00273682468089	-0.000431593715946	0.0510383028191	0.0454656745428	-0.0077908350691	-0.012748940157	-0.00473815093996	0.0435482032626
k__Bacteria;p__Bacteroidetes;c__Bacteroidia;o__Bacteroidales;f__Bacteroidaceae;g__Bacteroides;s__Bacteroides_salyersiae	-0.0571432760326	-0.0319416816326	0.0196995611407	0.0136353666213	0.00466349969323	0.0297282650762	0.0105470850949	-0.0399170320148	0.0172848440508	0.00794979326425	0.0631654818068	0.0365576376735	0.00596938250653	-0.0586345318188	0.0340056236145	-0.0184927043144	0.0074914664977	0.0847036750518	-0.0736219654209	-0.0349602988912	1.0	-0.0322423347535	0.0110707111767	-0.0118260414261	-0.0454639443915	-0.0533554355579	0.0294512256491	0.0223083400596	-0.0529080822717	0.019620233668	0.00335079899859	0.0156026064947	-0.0380775085249	0.0680026398798	0.0498491769127	-0.0146336036133	0.0123036273204	0.00481857444384	0.0312238808474	-0.0192059255171	-0.0256575664941	0.016068194268	-0.0155883454307	-0.0592779068905	-0.0562834793155	-0.016106206734	-0.0372695159454	0.0130380495435	-0.0213628440621	0.00880993762559	-0.039886480715	-0.0364854927224	-0.0529968961645	-0.0824514814654	0.0466720750559	-0.0799485904772	-0.059557478389	0.0287805253708	-0.0837207633556
k__Bacteria;p__Firmicutes;c__Clostridia;o__Clostridiales;f__Ruminococcaceae;g__Ruminiclostridium;s__[Eubacterium]_siraeum	0.0591807380128	0.0800602702089	-0.0468769871764	-0.0113493575168	-0.0503021271801	-0.0136529774399	-0.0199459526385	-0.0680869426859	-0.0357027745392	-0.0546216075176	-0.00837877465909	-0.0774923744759	0.0214156668316	0.0414805608328	0.0315363626648	-0.0107110029596	0.0382626533456	-0.0045849547977	0.0532549517163	-0.0554804990805	-0.0322423347535	1.0	0.0201843504173	-0.0285704655056	-0.0506010195048	0.0211921034907	-0.00397206176803	-0.0308139144988	-0.0705282845222	-0.0115609278717	0.0318996218647	-0.0265528659819	0.0180918903838	-0.0582116695142	0.0322920954355	0.0413411011156	-0.00219410190657	0.0130744334903	-0.0341235954838	0.00300853334905	0.0183158216512	0.0192961444676	0.00761872558343	-0.065043063236	-0.105666855475	0.0201855931326	-0.0116739788687	0.0713976511129	-0.02007783714	-0.0124256245921	-0.00755232872148	-0.00660774215698	-0.0115803668941	-0.016060126846	0.0292505037548	0.00205513307855	-0.044637973289	0.015390606115	-0.033918446353
k__Bacteria;p__Proteobacteria;c__Betaproteobacteria;o__Burkholderiales;f__Sutterellaceae;g__Parasutterella;s__Parasutterella_excrementihominis	-0.00938747631982	-0.0101625938663	-0.0183599666036	0.00522408093248	-0.0616411879835	0.0100232341444	0.014990775653	-0.0764227908272	0.00741825457187	-0.0184252918322	0.0130496918772	0.0377511120712	0.0419853091039	-0.0218545743605	-0.0309059161686	0.0678599045277	0.0193867058352	-0.033953866764	-0.00582942363804	-0.0745011866381	0.0110707111767	0.0201843504173	1.0	-0.000150164639001	-0.0259542314345	0.0477042707762	-0.0695910274398	0.0306044315037	-0.0964080522193	-0.0927233050996	0.0373815797363	0.0021559161719	-0.0768678685749	-0.0233900702213	-0.0128245711303	-0.0450990286737	-0.0434562823937	-0.0134412185852	-0.0171795250749	0.00360935909489	-0.0728282909514	0.0235003076771	-0.0343781033503	-0.0484765557215	0.0203156814695	0.0334760198109	-0.0386557349396	-0.0481428705348	0.059886120926	-0.0895279475722	-0.0241569132246	-0.0300567451373	-0.0214158532008	0.0857876652496	-0.0603078238519	-0.0398813487582	-0.0399367821131	0.00769674759923	0.0831551261331
k__Bacteria;p__Actinobacteria;c__Actinobacteria;o__Bifidobacteriales;f__Bifidobacteriaceae;g__Bifidobacterium;s__Bifidobacterium_adolescentis	-0.015277731068	0.0555449652019	-0.0261543454151	0.0160392020724	-0.00655451981294	-0.0520224662924	0.0454583287748	-0.0730570100466	0.0279642453587	-0.0423728533203	-0.0336408865802	0.00617197219835	-0.00272312284643	0.0180818429914	0.01741034054	0.0556423053563	-0.0241415484173	-0.0380127030306	-0.0503181562938	-0.00462547098774	-0.0118260414261	-0.0285704655056	-0.000150164639001	1.0	-0.0512437078793	-0.0296082239299	0.0085733382213	0.0326064823971	0.0761764169636	-0.034438008215	0.0283759581342	0.0102777577714	-0.055882539698	0.0422789950114	0.000541189177415	0.0250857312598	-0.00218535669817	0.000771181060954	-0.0247884187092	-0.0106633680618	-0.00984194074254	-0.0555955151358	-0.0110688120301	0.0596798798671	0.0449225430328	0.00275095097851	-0.0253271611034	-0.0553264777444	-0.0544398730724	-0.041676209728	-0.0194268408388	-0.000959417370975	-0.0681878798933	-0.0028648200873	-0.0162426796967	0.0344180667659	0.026496292393	-0.0313632442072	-0.0969767946433
k__Bacteria;p__Firmicutes;c__Clostridia;o__Clostridiales;f__Oscillospiraceae;g__Oscillibacter;s__Oscillibacter_sp._KLE_1745	-0.0262786725428	0.0167932285712	-0.0527534153218	-0.0150070056672	0.0474065767946	0.0727466323124	0.0111226960929	-0.0504269887353	0.00771548232313	0.0164303406502	0.0117950220441	0.0171544722414	-0.0669116000385	0.00773522100835	-0.0307740019629	-0.0348445844244	-0.0537243216246	-0.0119152269001	-0.0210499026018	-0.00229048982809	-0.0454639443915	-0.0506010195048	-0.0259542314345	-0.0512437078793	1.0	-0.0879997058961	0.00632378078525	0.00566950971539	-0.0155516967597	-0.0131506261357	0.0618940839779	0.0004161575557	0.02920699411	0.0358747265754	0.0182509896379	0.0109902136349	-0.0416808071004	-0.00106359386507	-0.0268705696732	-0.0887071376543	0.034105193276	-0.051031008936	0.0237079218717	-0.0202743796794	0.0179844050502	-0.00852976529226	-0.031984218181	0.0174652916069	-0.0123897593734	0.0761158292271	-0.00158126397284	-0.0716174236577	-0.0322003840095	0.0542863196237	-0.0432683050464	-0.00976261328959	-0.00716448318758	-0.0647451293489	-0.0355618087193
k__Bacteria;p__Bacteroidetes;c__Bacteroidia;o__Bacteroidales;f__Bacteroidaceae;g__Bacteroides;s__Bacteroides_coprophilus	-0.0948733419027	-0.0217000753819	-0.0321104729234	-0.0314459234387	-0.022060263051	-0.0198220219295	-0.00210187181645	-0.0480582279048	-0.0156062167212	-0.0382679105635	0.00216652690547	-0.03919562108	0.01589116683	-0.00429326061049	0.0778702733472	0.000414210365593	0.0237935472151	0.0932310407416	-0.0581146313941	-0.0196218416549	-0.0533554355579	0.0211921034907	0.0477042707762	-0.0296082239299	-0.0879997058961	1.0	-0.0296343402701	-0.0450570739403	-0.0056921603476	0.0481490182164	-0.038175871024	0.0277110266016	0.0658478019721	-0.106844263492	-0.0486994646515	-0.0678207022141	-0.0267471767575	-0.0594453006363	-0.0440048482597	0.0900263272297	0.0094812542516	-0.0312341487595	-0.0149656457586	-0.0253740095195	-0.00365923735205	-0.0517913462318	-0.00375922482546	0.021518688051	0.0325197565006	-0.0232134534504	-0.0394058635977	-0.0514076147539	-0.0153361005602	0.02693115676	-0.0281412494512	0.0108953413568	-0.0198748633784	0.00874775542736	-0.0279642214032
k__Bacteria;p__Firmicutes;c__Clostridia;o__Clostridiales;f__Lachnospiraceae;g__Roseburia;s__Roseburia_intestinalis	0.00378420976242	-0.0710593676974	-0.0668542393741	0.000230022469444	0.000121447934606	0.0222575986083	0.0118076219115	-0.0152727098656	0.0748775824493	0.0076962293605	0.0482207791715	0.0265362512726	-0.0750016328487	-0.00570778066324	-0.0519041749532	-0.00838954955109	-0.0610900759909	-0.0378581016373	-0.073603841099	-0.02512124514	0.0294512256491	-0.00397206176803	-0.0695910274398	0.0085733382213	0.00632378078525	-0.0296343402701	1.0	-0.031097602535	-0.00875308566491	0.0328791273581	0.0249422829512	-0.0163280307044	0.0328788828868	-0.015495469078	0.0293156293909	-0.0986144426116	-0.00427199323828	0.0115713323588	-0.00783962904616	-0.0700692062551	0.0010117890088	-0.0967669311192	-0.0331320339308	0.0532271430333	0.0112545432908	-0.0762459550721	0.0652268249841	-0.0187548922125	-0.0318598979519	0.0436746307628	-0.00986932851149	0.0123325275839	0.0247349542422	0.0720810244259	-0.0403375616896	0.0206357932719	-0.0435147804013	0.00491198968113	-0.0387918156413
k__Bacteria;p__Firmicutes;c__Clostridia;o__Clostridiales;f__Lachnospiraceae;g__Roseburia;s__Roseburia_hominis	-0.0210265397841	-0.000280513470669	0.113464374957	-0.0107802667595	0.0722131936561	-0.033475301943	-0.0567778849254	-0.00321094584273	-0.0494272059898	-0.010967935551	-0.0282915520451	0.016571916528	0.0617909747362	-0.00426888397472	-0.0620367104123	0.0127808957963	0.025186617515	-0.0860239221843	0.0162034472126	-0.000836119581578	0.0223083400596	-0.0308139144988	0.0306044315037	0.0326064823971	0.00566950971539	-0.0450570739403	-0.031097602535	1.0	-0.00155524720833	-0.0383586539524	-0.0226280718171	0.00448381818058	-0.038702504709	-0.0436035880054	-0.0352602770639	-0.00744629019916	-0.0189473757972	0.0201192669982	0.0925301419324	-0.00580093190065	-0.0326348994042	-0.0107438286664	0.05471389325	0.0254818554884	-0.0104045091161	0.0208646375249	-0.0456306834648	0.0188383701103	0.0213970135872	0.0245765121893	-0.0301217514405	0.00287651098005	-0.0108162747461	-0.0126012952624	-0.0361843261906	0.015439717162	-0.0312885944206	-0.0607084449561	-0.0254203748552
k__Bacteria;p__Bacteroidetes;c__Bacteroidia;o__Bacteroidales;f__Porphyromonadaceae;g__Parabacteroides;s__Parabacteroides_johnsonii	-0.0325821655316	0.0158820886596	0.0455617866939	0.0581149617024	-0.0442561052561	0.0150592588581	0.0386445320258	-0.00440857218188	-0.021923759586	0.0569537455945	0.00229052851343	0.00786477537408	0.0243099623555	-0.0122833107637	-0.03836756251	0.0051703885443	-0.0210498496361	-0.026653769612	-0.00892964140693	-0.0384541215743	-0.0529080822717	-0.0705282845222	-0.0964080522193	0.0761764169636	-0.0155516967597	-0.0056921603476	-0.00875308566491	-0.00155524720833	1.0	-0.103851757968	-0.0349144097514	-0.0858658863752	-0.00248601149042	-0.0120759725225	-0.0284851276521	-0.0410191682751	0.0158496120972	-0.00961581508444	-0.0555230529492	-0.0260576194248	-0.023369767594	0.0550434663015	0.0119406288909	-0.00130415640826	0.0014576206566	0.0161587106497	0.0144266955229	0.023938158917	0.0126157077288	-0.00185487693691	0.00986034791924	-0.000680723208651	-0.039642539507	-0.0656224522221	0.0280236180004	-0.0323719393861	-0.00595085983817	-0.0322627795804	-0.0251998899495
k__Bacteria;p__Actinobacteria;c__Actinobacteria;o__Bifidobacteriales;f__Bifidobacteriaceae;g__Bifidobacterium;s__Bifidobacterium_longum	0.0637678503757	-0.0889226375801	0.0200703230829	-0.0431350295821	0.0133696108793	-0.0111465217117	-0.010648353658	-0.0506851425821	0.11771017627	-0.0996053129744	0.0160669503686	0.00173261140176	0.000503626773125	-0.0406728332302	-0.0202569489697	-0.00708985062394	-0.0211112612149	-0.0230360190786	-0.0583978058457	-0.0454199935959	0.019620233668	-0.0115609278717	-0.0927233050996	-0.034438008215	-0.0131506261357	0.0481490182164	0.0328791273581	-0.0383586539524	-0.103851757968	1.0	0.0491296279976	0.0220369748977	-0.00486109690173	0.0180548641691	0.0310380845311	-0.0502435758279	-0.0158077600668	-0.0341208210886	-0.0205664045454	0.0299527882508	-0.0785562207928	-0.0061909278226	0.0270582858273	0.019084426254	-0.0571637727154	-0.000483087669455	0.0472353707906	0.0247882887982	-0.137093289352	-0.0588910820453	-0.0637168105757	-0.0112859106153	0.0322053494665	0.100955937289	-0.0254270572675	0.0271588595684	0.0629362755718	-0.00534603174512	-0.00283172535459
