#taxonomy	k__Bacteria;p__Bacteroidetes;c__Bacteroidia;o__Bacteroidales;f__Bacteroidaceae;g__Bacteroides;s__Bacteroides_vulgatus	k__Bacteria;p__Bacteroidetes;c__Bacteroidia;o__Bacteroidales;f__Bacteroidaceae;g__Bacteroides;s__Bacteroides_uniformis	k__Bacteria;p__Bacteroidetes;c__Bacteroidia;o__Bacteroidales;f__Rikenellaceae;g__Alistipes;s__Alistipes_putredinis	k__Bacteria;p__Bacteroidetes;c__Bacteroidia;o__Bacteroidales;f__Prevotellaceae;g__Prevotella;s__Prevotella_copri	k__Bacteria;p__Bacteroidetes;c__Bacteroidia;o__Bacteroidales;f__Bacteroidaceae;g__Bacteroides;s__Bacteroides_stercoris	k__Bacteria;p__Bacteroidetes;c__Bacteroidia;o__Bacteroidales;f__Bacteroidaceae;g__Bacteroides;s__Bacteroides_ovatus	k__Bacteria;p__Bacteroidetes;c__Bacteroidia;o__Bacteroidales;f__Rikenellaceae;g__Alistipes;s__Alistipes_shahii	k__Bacteria;p__Firmicutes;c__Clostridia;o__Clostridiales;f__Ruminococcaceae;g__Faecalibacterium;s__Faecalibacterium_prausnitzii	k__Bacteria;p__Bacteroidetes;c__Bacteroidia;o__Bacteroidales;f__Rikenellaceae;g__Alistipes;s__Alistipes_finegoldii	k__Bacteria;p__Bacteroidetes;c__Bacteroidia;o__Bacteroidales;f__Porphyromonadaceae;g__Parabacteroides;s__Parabacteroides_distasonis	k__Bacteria;p__Bacteroidetes;c__Bacteroidia;o__Bacteroidales;f__Bacteroidaceae;g__Bacteroides;s__Bacteroides_thetaiotaomicron	k__Bacteria;p__Bacteroidetes;c__Bacteroidia;o__Bacteroidales;f__Bacteroidaceae;g__Bacteroides;s__Bacteroides_coprocola	k__Bacteria;p__Bacteroidetes;c__Bacteroidia;o__Bacteroidales;f__Bacteroidaceae;g__Bacteroides;s__Bacteroides_cellulosilyticus	k__Bacteria;p__Bacteroidetes;c__Bacteroidia;o__Bacteroidales;f__Rikenellaceae;g__Alistipes;s__Alistipes_obesi	k__Bacteria;p__Firmicutes;c__Clostridia;o__Clostridiales;f__Lachnospiraceae;g__;s__[Eubacterium]_rectale	k__Bacteria;p__Bacteroidetes;c__Bacteroidia;o__Bacteroidales;f__Bacteroidaceae;g__Bacteroides;s__Bacteroides_plebeius	k__Bacteria;p__Bacteroidetes;c__Bacteroidia;o__Bacteroidales;f__Bacteroidaceae;g__Bacteroides;s__Bacteroides_fragilis	k__Bacteria;p__Proteobacteria;c__Betaproteobacteria;o__Burkholderiales;f__Sutterellaceae;g__Sutterella;s__Sutterella_wadsworthensis	k__Bacteria;p__Bacteroidetes;c__Bacteroidia;o__Bacteroidales;f__Porphyromonadaceae;g__Barnesiella;s__Barnesiella_intestinihominis	k__Bacteria;p__Bacteroidetes;c__Bacteroidia;o__Bacteroidales;f__Odoribacteraceae;g__Odoribacter;s__Odoribacter_splanchnicus	k__Bacteria;p__Bacteroidetes;c__Bacteroidia;o__Bacteroidales;f__Bacteroidaceae;g__Bacteroides;s__Bacteroides_salyersiae	k__Bacteria;p__Firmicutes;c__Clostridia;o__Clostridiales;f__Ruminococcaceae;g__Ruminiclostridium;s__[Eubacterium]_siraeum	k__Bacteria;p__Proteobacteria;c__Betaproteobacteria;o__Burkholderiales;f__Sutterellaceae;g__Parasutterella;s__Parasutterella_excrementihominis	k__Bacteria;p__Actinobacteria;c__Actinobacteria;o__Bifidobacteriales;f__Bifidobacteriaceae;g__Bifidobacterium;s__Bifidobacterium_adolescentis	k__Bacteria;p__Firmicutes;c__Clostridia;o__Clostridiales;f__Oscillospiraceae;g__Oscillibacter;s__Oscillibacter_sp._KLE_1745	k__Bacteria;p__Bacteroidetes;c__Bacteroidia;o__Bacteroidales;f__Bacteroidaceae;g__Bacteroides;s__Bacteroides_coprophilus	k__Bacteria;p__Firmicutes;c__Clostridia;o__Clostridiales;f__Lachnospiraceae;g__Roseburia;s__Roseburia_intestinalis	k__Bacteria;p__Firmicutes;c__Clostridia;o__Clostridiales;f__Lachnospiraceae;g__Roseburia;s__Roseburia_hominis	k__Bacteria;p__Bacteroidetes;c__Bacteroidia;o__Bacteroidales;f__Porphyromonadaceae;g__Parabacteroides;s__Parabacteroides_johnsonii	k__Bacteria;p__Actinobacteria;c__Actinobacteria;o__Bifidobacteriales;f__Bifidobacteriaceae;g__Bifidobacterium;s__Bifidobacterium_longum	k__Bacteria;p__Firmicutes;c__Clostridia;o__Clostridiales;f__;g__Flavonifractor;s__Flavonifractor_plautii	k__Bacteria;p__Firmicutes;c__Clostridia;o__Clostridiales;f__Clostridiaceae;g__Clostridium;s__Clostridium_phoceensis	k__Bacteria;p__Verrucomicrobia;c__Verrucomicrobiae;o__Verrucomicrobiales;f__Akkermansiaceae;g__Akkermansia;s__Akkermansia_muciniphila	k__Bacteria;p__Bacteroidetes;c__Bacteroidia;o__Bacteroidales;f__Prevotellaceae;g__Paraprevotella;s__Paraprevotella_xylaniphila	k__Bacteria;p__Firmicutes;c__Clostridia;o__Clostridiales;f__Ruminococcaceae;g__Ruminococcus;s__Ruminococcus_callidus	k__Bacteria;p__Bacteroidetes;c__Bacteroidia;o__Bacteroidales;f__Rikenellaceae;g__Alistipes;s__Alistipes_senegalensis	k__Bacteria;p__Firmicutes;c__Clostridia;o__Clostridiales;f__Lachnospiraceae;g__Blautia;s__Blautia_sp._KLE_1732	k__Bacteria;p__Bacteroidetes;c__Bacteroidia;o__Bacteroidales;f__Bacteroidaceae;g__Bacteroides;s__Bacteroides_oleiciplenus	k__Bacteria;p__Firmicutes;c__Clostridia;o__Clostridiales;f__Ruminococcaceae;g__Ruminococcus;s__Ruminococcus_bicirculans	k__Bacteria;p__Bacteroidetes;c__Bacteroidia;o__Bacteroidales;f__Bacteroidaceae;g__Bacteroides;s__Bacteroides_fluxus	k__Bacteria;p__Bacteroidetes;c__Bacteroidia;o__Bacteroidales;f__Prevotellaceae;g__Prevotella;s__Prevotella_stercorea	k__Bacteria;p__Firmicutes;c__Clostridia;o__Clostridiales;f__Lachnospiraceae;g__Dorea;s__Dorea_longicatena	k__Bacteria;p__Firmicutes;c__Clostridia;o__Clostridiales;f__Eubacteriaceae;g__Eubacterium;s__[Eubacterium]_eligens	k__Bacteria;p__Firmicutes;c__Clostridia;o__Clostridiales;f__Ruminococcaceae;g__;s__Ruminococcaceae_bacterium_D16	k__Bacteria;p__Firmicutes;c__Clostridia;o__Clostridiales;f__Lachnospiraceae;g__Coprococcus;s__Coprococcus_comes	k__Bacteria;p__Proteobacteria;c__Gammaproteobacteria;o__Enterobacterales;f__Enterobacteriaceae;g__Escherichia;s__Escherichia_coli	k__Bacteria;p__Firmicutes;c__Clostridia;o__Clostridiales;f__Ruminococcaceae;g__Anaerotruncus;s__Anaerotruncus_colihominis	k__Bacteria;p__Firmicutes;c__Clostridia;o__Clostridiales;f__Lachnospiraceae;g__Blautia;s__Blautia_obeum	k__Bacteria;p__Bacteroidetes;c__Bacteroidia;o__Bacteroidales;f__Odoribacteraceae;g__Odoribacter;s__Odoribacter_laneus	k__Bacteria;p__Firmicutes;c__Clostridia;o__Clostridiales;f__Ruminococcaceae;g__Ruminiclostridium;s__[Clostridium]_leptum	k__Bacteria;p__Bacteroidetes;c__Bacteroidia;o__Bacteroidales;f__Porphyromonadaceae;g__Parabacteroides;s__Parabacteroides_goldsteinii	k__Bacteria;p__Firmicutes;c__Clostridia;o__Clostridiales;f__Lachnospiraceae;g__Anaerostipes;s__Anaerostipes_hadrus	k__Bacteria;p__Firmicutes;c__Clostridia;o__Clostridiales;f__Ruminococcaceae;g__Ruminococcus;s__Ruminococcus_lactaris	k__Bacteria;p__Firmicutes;c__Clostridia;o__Clostridiales;f__Clostridiaceae;g__Clostridium;s__Clostridium_sp._L2-50	k__Bacteria;p__Firmicutes;c__Clostridia;o__Clostridiales;f__Clostridiaceae;g__Clostridium;s__Clostridium_sp._M62/1	k__Bacteria;p__Firmicutes;c__Clostridia;o__Clostridiales;f__;g__Intestinimonas;s__Intestinimonas_butyriciproducens	k__Bacteria;p__Actinobacteria;c__Actinobacteria;o__Bifidobacteriales;f__Bifidobacteriaceae;g__Bifidobacterium;s__Bifidobacterium_bifidum	k__Bacteria;p__Firmicutes;c__Negativicutes;o__Veillonellales;f__Veillonellaceae;g__Dialister;s__Dialister_invisus	k__Bacteria;p__Bacteroidetes;c__Bacteroidia;o__Bacteroidales;f__Bacteroidaceae;g__Bacteroides;s__Bacteroides_salanitronis
k__Bacteria;p__Bacteroidetes;c__Bacteroidia;o__Bacteroidales;f__Bacteroidaceae;g__Bacteroides;s__Bacteroides_vulgatus	1.0	-0.00267317207102	-0.00492808540893	-0.0228342738088	0.0310180229216	0.0457553893721	0.00786206689727	-0.0532441408089	-0.0345312332601	0.0203587393218	-0.0449404633459	-0.0129578152556	-0.00840012447595	-0.00921654865274	0.0613625742652	-0.0199178799003	-0.0584979995194	-0.0562654356882	-0.0611857447143	0.000126355406718	-0.0790653069157	0.046802829558	-0.0244981229772	-0.00575778741315	0.0247699131405	-0.0320407246632	0.044771782872	-0.00236558135003	0.0620344204641	0.0060207379951	-0.0786928786302	0.00731505295723	-0.00908741596664	-0.0182857328084	-0.0422939033487	0.00448212217519	0.00188883813185	0.0259348311816	-0.0414568210161	-0.00974134343619	0.00313133555798	0.01585212792	-0.0934054341134	0.0195134800118	-0.0555471606481	-0.0327937544242	0.00514313573986	0.0144780797859	-0.0252760361823	-0.0234117845968	0.0453205835551	0.004898661078	-0.013030351983	-0.087400040335	-0.0054895536621	-0.0896105568369	-0.00657783154838	-0.0606001986059	0.00635424060093
k__Bacteria;p__Bacteroidetes;c__Bacteroidia;o__Bacteroidales;f__Bacteroidaceae;g__Bacteroides;s__Bacteroides_uniformis	-0.00267317207102	1.0	-0.00312939511087	-0.0919975276317	-8.29945346426e-05	-0.0208525297971	0.0240302039106	-0.0170454424677	-0.0511588714797	0.0105484176891	-0.0555584400601	-0.0218075521637	0.0071234528209	-0.0518468531427	0.0227579723833	0.040912656291	0.0104177448739	0.00197424359178	0.0424914782006	-0.0566169118051	0.0222208095615	-0.0185938507894	-0.0486635673362	0.0154969656555	0.0321719288965	-0.0105455813336	-0.0556090292754	-0.0249048285018	0.0128770833129	0.0231149712777	-0.0226881804074	-0.0567239519246	0.0373394384058	-0.066157941227	0.0449614185076	-0.0539617630035	-0.00383177764117	-0.0539910482431	-0.0639495237914	0.00749009347746	0.00165265575292	-0.0439459013391	0.0266401818182	-0.00321059493766	-0.0325715261737	0.0268416250696	-0.108532825598	-0.00773527953147	0.00374546163386	7.50274676692e-05	0.0208385960339	-0.0595219930412	0.000241590797573	0.0173370294184	0.0428330503096	-0.0301444586791	-0.0172481271429	-0.0312431538217	-0.00283118751297
k__Bacteria;p__Bacteroidetes;c__Bacteroidia;o__Bacteroidales;f__Rikenellaceae;g__Alistipes;s__Alistipes_putredinis	-0.00492808540892	-0.00312939511087	1.0	0.0424055622622	-0.0366835587122	0.00751383796	0.0298189516066	0.000289468554989	-0.0279712773045	0.054811135786	0.0369345355491	-0.0708136416731	-0.043024332316	-0.0193676971691	-0.0176445822269	0.00332025964035	-0.0290083896892	-0.0180324778518	-0.0979233994385	-0.0314171738128	-0.0409412796394	0.0430225163331	-0.000239294184573	-0.0658237748283	-0.0695795105627	-0.0149824772562	0.0202302520527	-0.0603575812517	-0.0738032062407	0.0499889143471	0.00317692012821	-0.00200972135262	-0.0640290862732	-0.020958388974	0.0369210753778	0.0429143805032	-0.0221503829929	-0.0143800412313	0.0362993846095	-0.0197432195877	0.0298411891577	-0.000759559048055	-0.0332409486969	0.0109164093815	-0.0387347714637	-0.0432431224532	-0.0249456943855	-0.0543089344455	-0.0479432858088	-0.0471902861761	-0.0934643732837	-0.00577234581177	0.101465318008	0.0104396673004	-0.00699892933629	0.027093790233	-0.0160477069948	0.00784619252081	0.0157385487388
k__Bacteria;p__Bacteroidetes;c__Bacteroidia;o__Bacteroidales;f__Prevotellaceae;g__Prevotella;s__Prevotella_copri	-0.0228342738088	-0.0919975276317	0.0424055622622	1.0	-0.0280791212453	-0.0163328773912	0.017951638717	0.0862362235854	0.0847614905143	0.0313443012577	-0.0535000339147	-0.0335424765552	0.00935016302582	0.00998311278735	0.0188407715385	0.0251837864361	-0.0338547372222	-0.0247047686133	-0.0382162198312	-0.123728288721	0.00124068783749	-0.031959804053	0.0661307183314	-0.0718398095631	-0.0203380325413	-0.0855547547732	-0.0100149971039	-0.0066134541562	-0.0249948770111	0.00786429887042	0.0100733577772	-0.002522389847	0.0463563035803	0.0665843827525	-0.0150828889609	0.0325356467555	-0.0275825322223	0.0147344538426	-0.00353618591433	0.0608615353882	-0.0588207984634	-0.00440470116043	-0.0370491220026	0.01036598626	0.0334560654202	0.0181347404316	-0.0398953475051	-0.0312716761136	-0.00537149361576	-0.0190851867795	0.0106677318044	-0.00419889918222	-0.00608523413596	-0.0317103103932	-0.0411973682376	-0.0427052156908	-0.0144755632153	-0.00372493519757	0.0700288151557
k__Bacteria;p__Bacteroidetes;c__Bacteroidia;o__Bacteroidales;f__Bacteroidaceae;g__Bacteroides;s__Bacteroides_stercoris	0.0310180229216	-8.29945346426e-05	-0.0366835587122	-0.0280791212453	1.0	0.0903388700179	0.0617607214722	-0.0382817976133	-0.0362143966165	0.0285775138779	-0.0338614115964	-0.0179501404347	0.0586734661191	-0.0375729899886	0.0189540227072	0.036531647828	-0.0604760928082	0.0417978171934	0.00962666062576	-0.00673025596827	-0.00207174541034	0.0309313065543	-0.0666190963039	-0.0498764407515	-0.0490834859993	-0.0718343141827	-0.0372803421624	0.0180859276614	-0.00443287143213	-0.00412463178148	-0.00380331583181	-0.0520450521478	0.000816664368652	0.0499591705364	-0.0190285503123	0.0218140585641	-0.0646287150213	-0.0161026588169	-0.106302886549	-0.0126494154611	-0.0319585526605	0.00160912283117	-0.0705497902046	-0.0178680930245	0.00943973712262	-0.0559920532731	0.0467743140452	-0.0327755555686	-0.00075338084117	-0.0376939149791	0.0464303025397	-0.024450641171	-0.0164968708696	0.0673420898079	0.00128501980433	0.0397816667978	-0.0260230234207	-0.0331977531128	0.0427882026002
k__Bacteria;p__Bacteroidetes;c__Bacteroidia;o__Bacteroidales;f__Bacteroidaceae;g__Bacteroides;s__Bacteroides_ovatus	0.0457553893721	-0.0208525297971	0.00751383796	-0.0163328773912	0.0903388700179	1.0	0.0131229006503	0.0108933496865	-0.0876981723096	-0.0674363069181	-0.0266201815385	-0.0562264529305	-0.00735991944453	-0.0802588512959	-0.0159394702309	-0.0288443655305	-0.0120310627648	-0.0154931016615	-0.00571849979291	-0.0360896826803	0.0172364480644	0.0386202844048	0.00318444457697	-0.0529543884261	-0.080887533255	-0.0535548864277	0.0107223290404	-0.0577586252054	0.00442733591215	-0.0202380738693	0.0123858158033	-0.0473851845811	-0.0618712743899	0.00402507499423	0.0101953655304	0.0634791040522	-0.0226913710235	0.00342968892812	0.0430375569374	0.017579479863	0.00570802865378	0.0269480964114	-0.0765954961364	-0.0310193493606	0.123339517903	-0.00296569240431	-0.0680913555742	-0.0314812134958	0.0119472576879	-0.0648497157101	-0.0407177870804	-0.0120334413906	0.0284324533405	0.0138391911748	0.0121163886654	-0.008335913917	0.0155868633712	0.0119572859552	-0.0345720751501
k__Bacteria;p__Bacteroidetes;c__Bacteroidia;o__Bacteroidales;f__Rikenellaceae;g__Alistipes;s__Alistipes_shahii	0.00786206689727	0.0240302039106	0.0298189516066	0.017951638717	0.0617607214722	0.0131229006503	1.0	-0.014909026666	-0.046783712212	-0.103509013834	0.013244887001	0.00518708515386	-0.0418486530517	-0.0462079733529	-0.0137354553982	-0.0580892173695	-0.00848551130564	-0.0115517087465	0.0355525416257	-0.057681312883	-0.00702343979469	0.0355264832693	-0.0139923179494	-0.000707612151853	-0.0044252008839	0.0209563213761	0.0168474437529	-0.0604203563059	-0.0451804890355	-0.0490864788869	-0.0133936663043	0.000360292097901	-0.0207945956374	-0.0280867435346	0.00444416015027	0.0663891133914	-0.00241175494244	-0.000656305819548	-0.00687463099086	-0.038144489692	0.0465599543216	-0.00613020146534	-0.0586873153756	0.030162157037	-0.00612068119792	-0.0506699604752	-0.0346153957848	-0.0364472386561	0.0056238639564	0.00608885091869	0.0595356080053	-0.0196651608148	-0.00789482933076	0.0792084110207	-0.0114153386293	-0.0334230756509	-0.0860253585646	0.00694578217427	-0.014315396812
k__Bacteria;p__Firmicutes;c__Clostridia;o__Clostridiales;f__Ruminococcaceae;g__Faecalibacterium;s__Faecalibacterium_prausnitzii	-0.0532441408089	-0.0170454424677	0.000289468554989	0.0862362235854	-0.0382817976133	0.0108933496865	-0.014909026666	1.0	0.0513435870034	-0.021842853458	-0.0316847429487	-0.0364557272213	-0.0169726302139	-0.054234374088	-0.0556426798043	-0.0523713743074	0.0140499457065	0.0744845358795	-0.0338473199469	-0.0335730205522	0.0505011911767	-0.0539989852006	-0.0501407762539	-0.0678573276342	-0.0829248641484	-0.000227852277454	-0.0638443631189	0.0201733593896	-0.00114680036147	0.00118442384325	-0.039238766764	0.00843813707924	-0.0246394337012	0.0245951740755	-0.00291243614071	-0.0115442328609	-0.0292989849058	0.00933902363616	-0.0387231285375	0.0479930684969	-0.0378307462947	0.0686619527495	0.0246627117192	0.00666387764532	0.0358230073416	0.0458661101994	-0.00372130686384	-0.0122180916739	0.0172534464283	0.0255935873509	-0.0149530173434	0.0231855109061	0.0125118543649	-0.018213866851	-0.00277105758682	0.00377505974004	-0.0368921209438	0.0425410254707	0.00063658998324
k__Bacteria;p__Bacteroidetes;c__Bacteroidia;o__Bacteroidales;f__Rikenellaceae;g__Alistipes;s__Alistipes_finegoldii	-0.0345312332601	-0.0511588714797	-0.0279712773045	0.0847614905143	-0.0362143966165	-0.0876981723096	-0.046783712212	0.0513435870034	1.0	-0.0290019064776	0.0483426121782	-0.037647201011	0.0146467450202	0.0193439895191	0.074872813298	-0.0652688642608	0.041355663207	0.0137284114991	-0.0104311727997	-0.0394710552601	0.0896267849535	-0.037139444428	-0.00852265466115	-0.0142450248809	0.090198789852	-0.0631694436088	-0.0490515896811	-0.0480644672826	-0.0718172463315	0.00556264752504	-0.0211182155667	-0.0367291321217	-0.031734686538	-0.00363421361825	0.0104216152642	-0.0656909842158	-0.0526017241112	-0.0392761584707	-0.0267605576336	-0.0223126241547	0.0739923445764	0.0150318408332	-0.00120127843168	0.0576657702456	-0.0440547557532	-0.0313829198274	-0.0247511525922	-0.0412654383409	-0.0761633471982	-0.0374709236143	-0.0088970942989	-0.0736857262594	0.0556174767697	-0.0433489954266	-0.0174124025154	-0.0472560898792	0.0109551407177	0.0452794353257	-0.0144224064508
k__Bacteria;p__Bacteroidetes;c__Bacteroidia;o__Bacteroidales;f__Porphyromonadaceae;g__Parabacteroides;s__Parabacteroides_distasonis	0.0203587393218	0.0105484176891	0.054811135786	0.0313443012577	0.0285775138779	-0.0674363069181	-0.103509013834	-0.021842853458	-0.0290019064776	1.0	0.0629897265815	-0.0712143784443	0.0200123568644	-0.00808501462851	-0.0900141480998	-0.0477284218441	-0.0304579125242	-0.0611766434098	-0.0544664281841	-0.100958980444	0.0678713639377	0.00854437692771	0.00550101410585	-0.0424623795509	-0.0881033099883	0.0617969061967	-0.0490654604769	-0.034625982618	-0.035300806522	0.00372958988412	0.0456954038735	0.0175151850641	0.0381901377415	-0.0248810173321	0.0239971223816	-0.0333794867021	-0.0852389293042	-0.00689301356261	-0.0707965993914	-0.0249578941331	-0.0159547624256	-0.0185860906996	-0.0313620450643	-0.0504122652571	-0.0208665312908	0.0812222594789	-0.0155743974496	0.0027504104756	0.00482015800222	-0.0149083434925	-0.0491000636384	0.0286441349991	-0.0125381862698	0.0284206053059	-0.0766287046152	-0.0162273243728	0.0110642178617	-0.0931047414758	0.0452014378492
k__Bacteria;p__Bacteroidetes;c__Bacteroidia;o__Bacteroidales;f__Bacteroidaceae;g__Bacteroides;s__Bacteroides_thetaiotaomicron	-0.0449404633459	-0.0555584400601	0.0369345355491	-0.0535000339147	-0.0338614115964	-0.0266201815385	0.013244887001	-0.0316847429487	0.0483426121782	0.0629897265815	1.0	-0.058610067394	-0.0458410031632	0.014377403238	-0.0387241134848	-0.008478118744	-0.012209330912	0.0230288711882	0.0431114638506	-0.0418035561328	0.0362434549007	-0.0484981199751	0.0244190444575	-0.0655281356288	-0.0274093611626	0.0656046473297	0.0319440358582	-0.0651040818362	-0.00242768243994	-0.01566130625	0.0715457512593	0.0572850904518	0.0878037528911	-0.0547068143179	0.0500403146052	0.00399870123525	-0.0442228822599	0.0178594533921	-0.0494909052617	-0.0434442714298	0.0579813446511	-0.0243406509892	0.0031289490825	-0.0458424884037	0.00805438176984	0.0229482411721	-0.0366027184973	-0.0569145392614	-0.0149698103075	-0.0305171503092	0.00460018957773	-0.0312018747571	-0.00997187810118	0.029510259686	-0.0338432681608	0.00931353049043	-0.0245344242026	-0.0367247488192	0.00863639632929
k__Bacteria;p__Bacteroidetes;c__Bacteroidia;o__Bacteroidales;f__Bacteroidaceae;g__Bacteroides;s__Bacteroides_coprocola	-0.0129578152556	-0.0218075521637	-0.0708136416731	-0.0335424765552	-0.0179501404347	-0.0562264529305	0.00518708515386	-0.0364557272213	-0.037647201011	-0.0712143784443	-0.058610067394	1.0	-0.0135361648996	0.0589804673492	-0.0131769956616	0.0150700300746	0.0268414735213	-0.040648648969	0.0252366763675	0.0272422513663	-0.0106996147839	-0.0174147534572	0.00295092168736	-0.0804830470572	0.0565205363062	0.0780739766455	0.0548565730569	-0.0285358186723	0.0109181781396	0.0163467657029	-0.0560776517183	-0.021704171605	-0.0486574906546	-0.0822494187495	-0.0798852882808	-0.016233787285	0.0671168669017	0.00125163028488	0.0395912329256	0.0192136453098	0.00187335074276	-0.000763657591272	0.0235418573247	0.00176349005327	-0.0618963437129	-0.0299221523179	0.033113345325	0.010808841382	-0.100546768102	-0.0123734224873	-0.0503167589593	0.0171239377232	-0.0665506745681	0.0330762093286	0.0116888228074	0.0103834480839	-0.0712765360159	0.0314404438171	-0.0311560132987
k__Bacteria;p__Bacteroidetes;c__Bacteroidia;o__Bacteroidales;f__Bacteroidaceae;g__Bacteroides;s__Bacteroides_cellulosilyticus	-0.00840012447595	0.0071234528209	-0.043024332316	0.00935016302582	0.0586734661191	-0.00735991944453	-0.0418486530517	-0.0169726302139	0.0146467450202	0.0200123568644	-0.0458410031632	-0.0135361648996	1.0	-0.0219034218442	0.0475076651912	-0.0208612574736	-0.0394871544575	0.00244946717328	0.00714178533863	0.000279406067881	-0.00854554713882	0.0586712245711	-0.0521052830617	-0.0375386950198	0.0319356139591	0.0472084514183	-0.0970772868769	-0.00978107167783	0.0493133034955	0.01368279367	0.0193030319073	-0.000463788773449	-0.10160611356	0.00667169171309	-0.0102448571482	-0.0386573501596	0.00119732439323	-0.024031673891	0.0221300151006	-0.0519302753198	0.00624876570328	-0.0131306243707	-0.0257804890011	0.0504573894281	-0.0260722898179	-0.0247530125969	0.00755016179464	-0.0633661647115	-0.00996621374984	0.00301143923616	0.0264592425625	-0.00208374398665	-0.00621714426105	-0.102204291428	0.041975597981	0.0297570099343	-0.041495709532	0.00112295417193	-0.0310465686872
k__Bacteria;p__Bacteroidetes;c__Bacteroidia;o__Bacteroidales;f__Rikenellaceae;g__Alistipes;s__Alistipes_obesi	-0.00921654865274	-0.0518468531427	-0.0193676971691	0.00998311278735	-0.0375729899886	-0.0802588512959	-0.0462079733529	-0.054234374088	0.0193439895191	-0.00808501462851	0.014377403238	0.0589804673492	-0.0219034218442	1.0	0.00657904068887	-0.0455906678583	0.0755170230873	-0.0195066130621	0.030153533502	0.0793534739821	5.36844201727e-05	-0.0525791853344	3.57332118156e-05	-0.0286604581396	-0.0681920205484	0.00905661253858	0.00600071406497	-0.0244172945773	0.0720446353879	-0.0431113354938	0.0180674392597	-0.00607300561697	0.0326287171102	-0.0512320898697	0.00753371272406	0.0146488299561	0.0370030850507	0.0250674127414	0.0871428373153	-0.0189450246861	-0.0347352108222	-0.0414395697581	-0.0239620384681	0.0264884532058	-0.0368365439209	-0.0329905035932	-0.00847952562412	0.00976698303734	0.0621449142806	-0.0551393072644	-0.0297215313356	0.0114248910504	-0.0408211535674	-0.0440244264137	-0.0221955559952	-0.013849984475	0.0176943918625	-0.0424427816776	-0.00509406859278
k__Bacteria;p__Firmicutes;c__Clostridia;o__Clostridiales;f__Lachnospiraceae;g__;s__[Eubacterium]_rectale	0.0613625742652	0.0227579723833	-0.0176445822269	0.0188407715385	0.0189540227072	-0.0159394702309	-0.0137354553982	-0.0556426798043	0.074872813298	-0.0900141480998	-0.0387241134848	-0.0131769956616	0.0475076651912	0.00657904068887	1.0	-0.0417762304156	0.0106175205434	-0.0912310821356	0.02955843787	-0.031208950489	-0.0333720225193	-0.0297461132031	-0.00630332956794	-0.0719677359874	0.0556750871889	-0.0289945041748	-0.0401604190177	0.021440374363	-0.0628531532882	-0.0285291879178	0.041211152029	-0.0123832506075	-0.0358170294095	-0.0561425428744	0.0053928952865	-0.0695378342796	-0.0307473213949	-0.0459968163176	0.0342991624553	0.00743638242147	-0.0508212662349	-0.0247022163408	0.0793905368841	-0.0629637372849	-0.0451561801819	-0.0631262417394	0.081080813054	0.0531783269148	0.0355407589519	0.0364686310057	-0.054311434909	-0.0263404023108	0.0033769674662	-0.00866918054547	-0.0405269810792	0.0704169833762	0.0135389699901	0.0341465996275	-0.0271035493875
k__Bacteria;p__Bacteroidetes;c__Bacteroidia;o__Bacteroidales;f__Bacteroidaceae;g__Bacteroides;s__Bacteroides_plebeius	-0.0199178799003	0.040912656291	0.00332025964035	0.0251837864361	0.036531647828	-0.0288443655305	-0.0580892173695	-0.0523713743074	-0.0652688642608	-0.0477284218441	-0.008478118744	0.0150700300746	-0.0208612574736	-0.0455906678583	-0.0417762304156	1.0	0.00100664351798	-0.112544942051	0.0128563289081	0.0266374108834	-0.00456038843724	-0.089577852289	-0.0545684040968	-0.00871347511031	0.0249014038017	-0.018930827077	0.0237134200611	-0.0260626693692	-0.0298968500538	0.0249190345057	0.0022215567735	0.0237961709393	-0.0433533472897	-0.0186301823089	0.00654249383546	-0.00788269618755	0.0264084740234	-0.0237284291103	-0.0127486382322	0.0346337433261	-0.0120717509426	0.0129048303702	0.00413671665915	0.0152582544564	0.0105082633872	0.00818931699096	-0.00279968781257	0.00293815343578	-0.0938443077837	-0.0552653067788	0.0416987354289	0.0428867657609	0.0127950261194	-0.00859348940031	0.0398130084654	0.0258616712955	-0.0165399427646	0.0011236864849	-0.0293190357427
k__Bacteria;p__Bacteroidetes;c__Bacteroidia;o__Bacteroidales;f__Bacteroidaceae;g__Bacteroides;s__Bacteroides_fragilis	-0.0584979995194	0.0104177448739	-0.0290083896892	-0.0338547372222	-0.0604760928082	-0.0120310627648	-0.00848551130564	0.0140499457065	0.041355663207	-0.0304579125242	-0.012209330912	0.0268414735213	-0.0394871544575	0.0755170230873	0.0106175205434	0.00100664351798	1.0	-0.0336867679189	0.0231755780696	0.0294899330467	0.0303567190746	-0.015643699127	0.0213745708321	-0.0593517950454	0.0414199127088	0.0441298886914	-0.0689544477144	-0.0184858774352	-0.0475112624892	-0.0111198904448	-0.00293264949978	-0.0129934705723	-0.0174372235013	-0.0384990665409	-0.0745705521878	-0.0368703766426	0.0614608666552	0.0487409917824	0.0441064958267	-0.0154834136392	-0.0302973414028	-0.119501243216	-0.0193689297605	-0.0392363180392	-0.0227109376401	0.0017374086286	-0.0342920891323	0.0401831222599	-0.00466957880302	-0.0622974210486	-0.0503340011183	-0.017667573971	-0.00324667327652	0.0142029344268	0.0208208233292	-0.0124191366662	0.00487125501073	-0.00199055572563	-0.0286845920152
k__Bacteria;p__Proteobacteria;c__Betaproteobacteria;o__Burkholderiales;f__Sutterellaceae;g__Sutterella;s__Sutterella_wadsworthensis	-0.0562654356882	0.00197424359178	-0.0180324778518	-0.0247047686133	0.0417978171934	-0.0154931016615	-0.0115517087465	0.0744845358795	0.0137284114991	-0.0611766434098	0.0230288711882	-0.040648648969	0.00244946717328	-0.0195066130621	-0.0912310821356	-0.112544942051	-0.0336867679189	1.0	-0.0159881169679	0.0278434249171	0.0233010356557	-0.0679102924577	-0.04115508832	0.00110514882258	-0.0376174450297	-0.0102872374707	0.0211348500956	-0.0212589003041	0.00468068836574	-0.0379052974484	-0.00393673906081	-0.0265224563419	-0.0338178681624	0.0217371860895	-0.0253942961958	-0.0508382829611	0.0454460536307	0.0525597716882	0.00248963846127	-0.024519728298	-0.0225007119929	0.0333614886525	-0.0708693791953	0.0914814589783	-0.00204300143671	0.042049871685	0.0165838086352	0.00628061388846	-0.0255899129491	-0.0444469169327	-0.0181192143742	-0.0418228409169	-0.0421050913252	0.0336020754891	0.00328195527757	-0.0302353964065	-0.0737822646199	0.0440924005104	-0.0864363534297
k__Bacteria;p__Bacteroidetes;c__Bacteroidia;o__Bacteroidales;f__Porphyromonadaceae;g__Barnesiella;s__Barnesiella_intestinihominis	-0.0611857447143	0.0424914782006	-0.0979233994385	-0.0382162198312	0.00962666062576	-0.00571849979291	0.0355525416257	-0.0338473199469	-0.0104311727997	-0.0544664281841	0.0431114638506	0.0252366763675	0.00714178533863	0.030153533502	0.02955843787	0.0128563289081	0.0231755780696	-0.0159881169679	1.0	0.0225068797441	-0.0225878673358	-0.00771296562168	-0.0598089841009	0.00550627571063	-0.0425697170427	0.0014159024025	-0.0181814950295	-0.0472895853042	0.0304329386746	0.0223155240299	-0.023745850118	-0.0600262882305	0.00370066989265	-0.0466485667369	-0.0328852301459	0.0203448113303	0.0151358134511	0.00440412529374	-0.0216316760498	-0.0505713450333	0.0144781936067	-0.0383623594894	-0.00505660265649	-0.0750079639099	-0.0600620130643	-0.0550820222177	0.019527281768	0.0212908221122	0.0282092559669	0.0390487503841	-0.010098691179	0.0634962761052	0.0249929371514	-0.0384092766523	0.0191620255875	-0.0122053764671	0.083243597082	-0.092562507033	-0.0955045590495
k__Bacteria;p__Bacteroidetes;c__Bacteroidia;o__Bacteroidales;f__Odoribacteraceae;g__Odoribacter;s__Odoribacter_splanchnicus	0.000126355406718	-0.0566169118051	-0.0314171738128	-0.123728288721	-0.00673025596827	-0.0360896826803	-0.057681312883	-0.0335730205522	-0.0394710552601	-0.100958980444	-0.0418035561328	0.0272422513663	0.000279406067881	0.0793534739821	-0.031208950489	0.0266374108834	0.0294899330467	0.0278434249171	0.0225068797441	1.0	0.0405613147874	0.0133274569936	-0.00748241539123	-0.065364199995	0.0148328038622	-0.0141215681229	-0.0365215001659	0.0357355199886	-0.00900764118856	-0.00584878055262	-0.0572405291071	-0.0594747986348	0.0057596710031	0.0277741106766	-0.0434290661471	-0.0376366072346	0.111494090683	0.00397237052737	-0.0511022922419	0.0161453091029	-0.0205774768256	-0.0563172334593	-0.0167150447127	-0.0570575907054	-0.0406477414299	-0.0359570519874	0.0210112863882	0.00411715015853	-0.0330890946365	0.0357866811011	0.0318158551262	-0.0389285008678	-0.0254733810165	0.00930679753908	0.054870573355	0.0183256014296	-0.0541782948521	-0.055769452288	0.0150620653019
k__Bacteria;p__Bacteroidetes;c__Bacteroidia;o__Bacteroidales;f__Bacteroidaceae;g__Bacteroides;s__Bacteroides_salyersiae	-0.0790653069157	0.0222208095615	-0.0409412796394	0.00124068783749	-0.00207174541034	0.0172364480644	-0.00702343979469	0.0505011911767	0.0896267849535	0.0678713639377	0.0362434549007	-0.0106996147839	-0.00854554713882	5.36844201729e-05	-0.0333720225193	-0.00456038843724	0.0303567190746	0.0233010356557	-0.0225878673358	0.0405613147874	1.0	-0.0624720013009	-0.0405689531446	0.00401617988793	-0.0167830107095	-0.0614713202398	-0.0116741753256	-0.0316489616748	0.026457627365	-0.0316930071513	-0.0384195261591	0.0744671215416	-0.0828793226501	-0.040957180045	-0.0426629174492	-0.067098017154	-0.0160280289674	-0.0538505704599	0.0517044278814	-0.0595232225468	0.00346476292422	-0.0125427972977	0.0466479007647	-0.0268204164667	-0.037871920266	0.0279300811313	0.0100334814604	-0.0580520809752	0.0210897119724	0.0458447824171	0.0493286854724	-0.0387351551031	-0.00912755814721	-0.0301352805684	0.0340147048622	0.0145431172293	-0.0194195940904	-0.0321139753467	-0.0338914301846
k__Bacteria;p__Firmicutes;c__Clostridia;o__Clostridiales;f__Ruminococcaceae;g__Ruminiclostridium;s__[Eubacterium]_siraeum	0.046802829558	-0.0185938507894	0.0430225163331	-0.031959804053	0.0309313065543	0.0386202844048	0.0355264832693	-0.0539989852006	-0.037139444428	0.00854437692771	-0.0484981199751	-0.0174147534572	0.0586712245711	-0.0525791853344	-0.0297461132031	-0.089577852289	-0.015643699127	-0.0679102924577	-0.00771296562168	0.0133274569936	-0.0624720013009	1.0	-0.0240019457829	-0.0117703834904	-0.0489119893369	0.00713814670227	-0.137584367464	0.0132979673476	-0.0262026821486	-0.00616722819491	0.058199055713	-0.00634659521923	-0.000972063191978	0.0017520602004	-0.0762646308292	-0.00389577699556	-0.0453708788164	0.0422721443179	-0.071636809811	-0.0376442144237	-0.0544447582854	-0.0133616634884	0.0136491583194	0.000484693795652	-0.0324752152133	-0.0622842639246	0.0123249771634	0.0334594811364	-0.0179038734133	0.00832308416022	-0.024154431771	-0.0175323660215	0.0363449904565	-0.00474098356908	0.0317191185842	0.0391787189222	0.0498528926659	0.0655707399506	-0.0160292819267
k__Bacteria;p__Proteobacteria;c__Betaproteobacteria;o__Burkholderiales;f__Sutterellaceae;g__Parasutterella;s__Parasutterella_excrementihominis	-0.0244981229772	-0.0486635673362	-0.000239294184573	0.0661307183314	-0.0666190963039	0.00318444457697	-0.0139923179494	-0.0501407762539	-0.00852265466115	0.00550101410585	0.0244190444575	0.00295092168736	-0.0521052830617	3.57332118156e-05	-0.00630332956794	-0.0545684040968	0.0213745708321	-0.04115508832	-0.0598089841009	-0.00748241539123	-0.0405689531446	-0.0240019457829	1.0	0.134978475797	0.0176877324599	0.0195999518665	0.0197222103855	0.00145420545197	-0.0476027989858	0.0130728533523	-0.0321224814723	-0.027035793386	-0.00629102263281	0.0354644204194	-0.00151305487407	-0.0131861516898	0.0594795735816	-0.0419090442881	0.0283163137934	0.00567965382707	-0.0317735086308	-0.0375507592017	-0.032344677421	0.0564794674643	0.0496311306307	0.0430484524595	0.0237657749333	-0.0443755484401	-0.0454061293112	-0.062594575303	0.00585392792361	-0.051860449033	-0.00435064882754	0.0310534902201	-0.065122124936	-0.0405357702883	0.0663015754214	-0.0473429620447	0.0239874147877
k__Bacteria;p__Actinobacteria;c__Actinobacteria;o__Bifidobacteriales;f__Bifidobacteriaceae;g__Bifidobacterium;s__Bifidobacterium_adolescentis	-0.00575778741315	0.0154969656555	-0.0658237748283	-0.0718398095631	-0.0498764407515	-0.0529543884261	-0.000707612151853	-0.0678573276342	-0.0142450248809	-0.0424623795509	-0.0655281356288	-0.0804830470572	-0.0375386950198	-0.0286604581396	-0.0719677359874	-0.00871347511031	-0.0593517950454	0.00110514882258	0.00550627571063	-0.065364199995	0.00401617988793	-0.0117703834904	0.134978475797	1.0	0.0519247315931	-0.0184487948903	-0.0111000572027	-0.0720596328711	-0.0682293519462	0.00500707753646	0.0230418031085	-0.0111531497514	-0.0101944930135	-0.017319204669	0.03101138613	0.0327537912013	-0.0590586476661	-0.0174356074754	-0.00856163572657	0.00128938365131	-0.0534854266114	-0.102148308191	0.0914553171623	0.0647199662324	-0.0498836470155	0.0158988419382	-0.000737762640858	0.0199551553343	-0.097257808303	-0.0471608679851	0.0483652375868	-0.0432825735223	-0.025648075998	-0.0505054884361	0.0344534909985	0.0123486396704	0.0698873187694	0.00667862673396	-0.0125582121996
k__Bacteria;p__Firmicutes;c__Clostridia;o__Clostridiales;f__Oscillospiraceae;g__Oscillibacter;s__Oscillibacter_sp._KLE_1745	0.0247699131405	0.0321719288965	-0.0695795105627	-0.0203380325413	-0.0490834859993	-0.080887533255	-0.0044252008839	-0.0829248641484	0.090198789852	-0.0881033099883	-0.0274093611626	0.0565205363062	0.0319356139591	-0.0681920205484	0.0556750871889	0.0249014038017	0.0414199127088	-0.0376174450297	-0.0425697170427	0.0148328038622	-0.0167830107095	-0.0489119893369	0.0176877324599	0.0519247315931	1.0	0.00513126392142	-0.0573815410136	-0.0744131997912	0.0862329087836	0.0405058156341	-0.0166413388508	-0.0257843281492	-0.0225576567775	0.0153151758515	-0.00383568053638	-0.0102361375187	0.0196224618541	0.00546873499425	-0.0286857409977	-0.0585474964883	-0.0608086786726	0.025429422715	0.0133740704248	0.0167499451579	-0.0644984208238	-0.00622152911033	0.0345822405235	0.0528317387698	0.020878875256	-0.0226500824616	-0.0560254902648	0.0305641341858	0.0232250553196	0.0281705427711	-0.0978104254222	0.0107363862713	0.00157522791414	-0.00729445487576	-0.0189422644229
k__Bacteria;p__Bacteroidetes;c__Bacteroidia;o__Bacteroidales;f__Bacteroidaceae;g__Bacteroides;s__Bacteroides_coprophilus	-0.0320407246632	-0.0105455813336	-0.0149824772562	-0.0855547547732	-0.0718343141827	-0.0535548864277	0.0209563213761	-0.000227852277454	-0.0631694436088	0.0617969061967	0.0656046473297	0.0780739766455	0.0472084514183	0.00905661253858	-0.0289945041748	-0.018930827077	0.0441298886914	-0.0102872374707	0.0014159024025	-0.0141215681229	-0.0614713202398	0.00713814670227	0.0195999518665	-0.0184487948903	0.00513126392142	1.0	-0.0354184641435	-0.0210105561467	0.0338234279078	-0.00609389321032	0.0317817606736	0.0112853738132	-0.0208609392937	-0.0963871445007	-0.0482680907153	-0.0295770453525	0.000304539107172	0.0238310079618	-0.0321241140183	0.00642277872442	-0.00437710439557	-0.0167414169465	-0.0447551936886	-0.0405680790548	0.0143707635353	-0.025700914125	-0.082157563499	-0.013784362254	0.0606884417699	-0.024157567299	-0.0964947386102	-0.0234171468096	-0.00624994486141	0.0311505792121	-0.0874058804424	0.0584326393801	0.0138530924225	0.00369812171661	-0.0195348661107
k__Bacteria;p__Firmicutes;c__Clostridia;o__Clostridiales;f__Lachnospiraceae;g__Roseburia;s__Roseburia_intestinalis	0.044771782872	-0.0556090292754	0.0202302520527	-0.0100149971039	-0.0372803421624	0.0107223290404	0.0168474437529	-0.0638443631189	-0.0490515896811	-0.0490654604769	0.0319440358582	0.0548565730569	-0.0970772868769	0.00600071406497	-0.0401604190177	0.0237134200611	-0.0689544477144	0.0211348500956	-0.0181814950295	-0.0365215001659	-0.0116741753256	-0.137584367464	0.0197222103855	-0.0111000572027	-0.0573815410136	-0.0354184641435	1.0	-0.0059390841198	0.0652656656677	-0.000941188909285	-0.0312086010763	-0.0238206207498	0.114728140656	-0.0255801147571	0.0122982650967	0.00321343529417	-0.0277521344278	0.00104692063126	0.0139385233411	-0.0345304067418	0.00625003357906	-0.086250413021	0.00337563368251	0.0218237506136	0.0213736004844	-0.00255813923722	0.00154673742932	0.0218095892667	-0.056486371952	-0.0389559486672	-0.0277309094412	0.0240988237501	-0.0263491042966	-0.0197817011831	0.0510831560711	-0.076430039576	0.0207081028332	0.0244695982597	-0.00891872563379
k__Bacteria;p__Firmicutes;c__Clostridia;o__Clostridiales;f__Lachnospiraceae;g__Roseburia;s__Roseburia_hominis	-0.00236558135003	-0.0249048285018	-0.0603575812517	-0.0066134541562	0.0180859276614	-0.0577586252054	-0.0604203563059	0.0201733593896	-0.0480644672826	-0.034625982618	-0.0651040818362	-0.0285358186723	-0.00978107167783	-0.0244172945773	0.021440374363	-0.0260626693692	-0.0184858774352	-0.0212589003041	-0.0472895853042	0.0357355199886	-0.0316489616748	0.0132979673476	0.00145420545197	-0.0720596328711	-0.0744131997912	-0.0210105561467	-0.0059390841198	1.0	-0.0137547143105	-0.0744857871201	-0.0817962691685	0.0812472817258	-0.0499473449395	0.0388936525833	0.0311295827325	0.00542309573705	-0.0522594257892	0.0384801968323	-0.0169454198436	-0.00266018147206	-0.0627344483668	-0.0373244055678	-0.0138208025595	-0.0261942543462	0.00876779152479	0.00931557847296	0.0366510511798	-0.0261584994202	0.0480691499532	-0.0411525397679	-0.021851674401	-0.0634284982039	-0.0689528040282	0.017504353097	0.0523020502008	-0.0326985806865	-0.0335032294471	-0.00672380370796	-0.0476164805749
k__Bacteria;p__Bacteroidetes;c__Bacteroidia;o__Bacteroidales;f__Porphyromonadaceae;g__Parabacteroides;s__Parabacteroides_johnsonii	0.0620344204641	0.0128770833129	-0.0738032062407	-0.0249948770111	-0.00443287143213	0.00442733591215	-0.0451804890355	-0.00114680036147	-0.0718172463315	-0.035300806522	-0.00242768243994	0.0109181781396	0.0493133034955	0.0720446353879	-0.0628531532882	-0.0298968500538	-0.0475112624892	0.00468068836574	0.0304329386746	-0.00900764118856	0.026457627365	-0.0262026821486	-0.0476027989858	-0.0682293519462	0.0862329087836	0.0338234279078	0.0652656656677	-0.0137547143105	1.0	0.00871984272503	-0.0381595673648	-0.00780683360799	0.0284776750674	0.0170694678735	0.00291038072515	-0.0119943102264	-0.0398868873357	-0.0132210717412	-0.011921711139	0.00224712455688	0.00832467312656	0.0318496635527	0.00546002456853	-0.0856344605159	0.0370317408836	0.0174845343163	0.005068343483	0.0107136891493	-0.113947871502	-0.0738003612001	-0.0265237096994	-0.0278925679795	-0.118117504783	0.0556792027904	-0.000252307233068	-0.0419077085929	0.00369117838863	-0.0697223644861	0.0408856297545
k__Bacteria;p__Actinobacteria;c__Actinobacteria;o__Bifidobacteriales;f__Bifidobacteriaceae;g__Bifidobacterium;s__Bifidobacterium_longum	0.0060207379951	0.0231149712777	0.0499889143471	0.00786429887042	-0.00412463178148	-0.0202380738693	-0.0490864788869	0.00118442384325	0.00556264752504	0.00372958988412	-0.01566130625	0.0163467657029	0.01368279367	-0.0431113354938	-0.0285291879178	0.0249190345057	-0.0111198904448	-0.0379052974484	0.0223155240299	-0.00584878055262	-0.0316930071513	-0.00616722819491	0.0130728533523	0.00500707753646	0.0405058156341	-0.00609389321032	-0.000941188909285	-0.0744857871201	0.00871984272503	1.0	0.00697292044095	-0.00762408515785	-0.0013839563213	0.0217749588108	-0.0654061939283	0.0108995812409	0.000428171875199	-0.00748782745137	0.00622592449777	0.0523675059684	-0.0418664391678	0.0463751946023	-0.0117814518852	-0.00938521571813	-0.0536433426233	0.0368104826094	0.0266250617179	-0.0734694114665	-0.0526709954529	-0.0475259610688	0.0220949292111	0.00858483919802	0.037057283873	-0.0119932456014	0.0503212162102	0.00534423341064	0.00609659725463	0.0233088505557	-0.0280132813173
