#taxonomy	k__Bacteria;p__Bacteroidetes;c__Bacteroidia;o__Bacteroidales;f__Bacteroidaceae;g__Bacteroides;s__Bacteroides_vulgatus	k__Bacteria;p__Bacteroidetes;c__Bacteroidia;o__Bacteroidales;f__Bacteroidaceae;g__Bacteroides;s__Bacteroides_uniformis	k__Bacteria;p__Bacteroidetes;c__Bacteroidia;o__Bacteroidales;f__Rikenellaceae;g__Alistipes;s__Alistipes_putredinis	k__Bacteria;p__Bacteroidetes;c__Bacteroidia;o__Bacteroidales;f__Prevotellaceae;g__Prevotella;s__Prevotella_copri	k__Bacteria;p__Bacteroidetes;c__Bacteroidia;o__Bacteroidales;f__Bacteroidaceae;g__Bacteroides;s__Bacteroides_stercoris	k__Bacteria;p__Bacteroidetes;c__Bacteroidia;o__Bacteroidales;f__Bacteroidaceae;g__Bacteroides;s__Bacteroides_ovatus	k__Bacteria;p__Bacteroidetes;c__Bacteroidia;o__Bacteroidales;f__Rikenellaceae;g__Alistipes;s__Alistipes_shahii	k__Bacteria;p__Firmicutes;c__Clostridia;o__Clostridiales;f__Ruminococcaceae;g__Faecalibacterium;s__Faecalibacterium_prausnitzii	k__Bacteria;p__Bacteroidetes;c__Bacteroidia;o__Bacteroidales;f__Rikenellaceae;g__Alistipes;s__Alistipes_finegoldii	k__Bacteria;p__Bacteroidetes;c__Bacteroidia;o__Bacteroidales;f__Porphyromonadaceae;g__Parabacteroides;s__Parabacteroides_distasonis	k__Bacteria;p__Bacteroidetes;c__Bacteroidia;o__Bacteroidales;f__Bacteroidaceae;g__Bacteroides;s__Bacteroides_thetaiotaomicron	k__Bacteria;p__Bacteroidetes;c__Bacteroidia;o__Bacteroidales;f__Bacteroidaceae;g__Bacteroides;s__Bacteroides_coprocola	k__Bacteria;p__Bacteroidetes;c__Bacteroidia;o__Bacteroidales;f__Bacteroidaceae;g__Bacteroides;s__Bacteroides_cellulosilyticus	k__Bacteria;p__Bacteroidetes;c__Bacteroidia;o__Bacteroidales;f__Rikenellaceae;g__Alistipes;s__Alistipes_obesi	k__Bacteria;p__Firmicutes;c__Clostridia;o__Clostridiales;f__Lachnospiraceae;g__;s__[Eubacterium]_rectale	k__Bacteria;p__Bacteroidetes;c__Bacteroidia;o__Bacteroidales;f__Bacteroidaceae;g__Bacteroides;s__Bacteroides_plebeius	k__Bacteria;p__Bacteroidetes;c__Bacteroidia;o__Bacteroidales;f__Bacteroidaceae;g__Bacteroides;s__Bacteroides_fragilis	k__Bacteria;p__Proteobacteria;c__Betaproteobacteria;o__Burkholderiales;f__Sutterellaceae;g__Sutterella;s__Sutterella_wadsworthensis	k__Bacteria;p__Bacteroidetes;c__Bacteroidia;o__Bacteroidales;f__Porphyromonadaceae;g__Barnesiella;s__Barnesiella_intestinihominis	k__Bacteria;p__Bacteroidetes;c__Bacteroidia;o__Bacteroidales;f__Odoribacteraceae;g__Odoribacter;s__Odoribacter_splanchnicus	k__Bacteria;p__Bacteroidetes;c__Bacteroidia;o__Bacteroidales;f__Bacteroidaceae;g__Bacteroides;s__Bacteroides_salyersiae	k__Bacteria;p__Firmicutes;c__Clostridia;o__Clostridiales;f__Ruminococcaceae;g__Ruminiclostridium;s__[Eubacterium]_siraeum	k__Bacteria;p__Proteobacteria;c__Betaproteobacteria;o__Burkholderiales;f__Sutterellaceae;g__Parasutterella;s__Parasutterella_excrementihominis	k__Bacteria;p__Actinobacteria;c__Actinobacteria;o__Bifidobacteriales;f__Bifidobacteriaceae;g__Bifidobacterium;s__Bifidobacterium_adolescentis	k__Bacteria;p__Firmicutes;c__Clostridia;o__Clostridiales;f__Oscillospiraceae;g__Oscillibacter;s__Oscillibacter_sp._KLE_1745	k__Bacteria;p__Bacteroidetes;c__Bacteroidia;o__Bacteroidales;f__Bacteroidaceae;g__Bacteroides;s__Bacteroides_coprophilus	k__Bacteria;p__Firmicutes;c__Clostridia;o__Clostridiales;f__Lachnospiraceae;g__Roseburia;s__Roseburia_intestinalis	k__Bacteria;p__Firmicutes;c__Clostridia;o__Clostridiales;f__Lachnospiraceae;g__Roseburia;s__Roseburia_hominis	k__Bacteria;p__Bacteroidetes;c__Bacteroidia;o__Bacteroidales;f__Porphyromonadaceae;g__Parabacteroides;s__Parabacteroides_johnsonii	k__Bacteria;p__Actinobacteria;c__Actinobacteria;o__Bifidobacteriales;f__Bifidobacteriaceae;g__Bifidobacterium;s__Bifidobacterium_longum	k__Bacteria;p__Firmicutes;c__Clostridia;o__Clostridiales;f__;g__Flavonifractor;s__Flavonifractor_plautii	k__Bacteria;p__Firmicutes;c__Clostridia;o__Clostridiales;f__Clostridiaceae;g__Clostridium;s__Clostridium_phoceensis	k__Bacteria;p__Verrucomicrobia;c__Verrucomicrobiae;o__Verrucomicrobiales;f__Akkermansiaceae;g__Akkermansia;s__Akkermansia_muciniphila	k__Bacteria;p__Bacteroidetes;c__Bacteroidia;o__Bacteroidales;f__Prevotellaceae;g__Paraprevotella;s__Paraprevotella_xylaniphila	k__Bacteria;p__Firmicutes;c__Clostridia;o__Clostridiales;f__Ruminococcaceae;g__Ruminococcus;s__Ruminococcus_callidus	k__Bacteria;p__Bacteroidetes;c__Bacteroidia;o__Bacteroidales;f__Rikenellaceae;g__Alistipes;s__Alistipes_senegalensis	k__Bacteria;p__Firmicutes;c__Clostridia;o__Clostridiales;f__Lachnospiraceae;g__Blautia;s__Blautia_sp._KLE_1732	k__Bacteria;p__Bacteroidetes;c__Bacteroidia;o__Bacteroidales;f__Bacteroidaceae;g__Bacteroides;s__Bacteroides_oleiciplenus	k__Bacteria;p__Firmicutes;c__Clostridia;o__Clostridiales;f__Ruminococcaceae;g__Ruminococcus;s__Ruminococcus_bicirculans	k__Bacteria;p__Bacteroidetes;c__Bacteroidia;o__Bacteroidales;f__Bacteroidaceae;g__Bacteroides;s__Bacteroides_fluxus	k__Bacteria;p__Bacteroidetes;c__Bacteroidia;o__Bacteroidales;f__Prevotellaceae;g__Prevotella;s__Prevotella_stercorea	k__Bacteria;p__Firmicutes;c__Clostridia;o__Clostridiales;f__Lachnospiraceae;g__Dorea;s__Dorea_longicatena	k__Bacteria;p__Firmicutes;c__Clostridia;o__Clostridiales;f__Eubacteriaceae;g__Eubacterium;s__[Eubacterium]_eligens	k__Bacteria;p__Firmicutes;c__Clostridia;o__Clostridiales;f__Ruminococcaceae;g__;s__Ruminococcaceae_bacterium_D16	k__Bacteria;p__Firmicutes;c__Clostridia;o__Clostridiales;f__Lachnospiraceae;g__Coprococcus;s__Coprococcus_comes	k__Bacteria;p__Proteobacteria;c__Gammaproteobacteria;o__Enterobacterales;f__Enterobacteriaceae;g__Escherichia;s__Escherichia_coli	k__Bacteria;p__Firmicutes;c__Clostridia;o__Clostridiales;f__Ruminococcaceae;g__Anaerotruncus;s__Anaerotruncus_colihominis	k__Bacteria;p__Firmicutes;c__Clostridia;o__Clostridiales;f__Lachnospiraceae;g__Blautia;s__Blautia_obeum	k__Bacteria;p__Bacteroidetes;c__Bacteroidia;o__Bacteroidales;f__Odoribacteraceae;g__Odoribacter;s__Odoribacter_laneus	k__Bacteria;p__Firmicutes;c__Clostridia;o__Clostridiales;f__Ruminococcaceae;g__Ruminiclostridium;s__[Clostridium]_leptum	k__Bacteria;p__Bacteroidetes;c__Bacteroidia;o__Bacteroidales;f__Porphyromonadaceae;g__Parabacteroides;s__Parabacteroides_goldsteinii	k__Bacteria;p__Firmicutes;c__Clostridia;o__Clostridiales;f__Lachnospiraceae;g__Anaerostipes;s__Anaerostipes_hadrus	k__Bacteria;p__Firmicutes;c__Clostridia;o__Clostridiales;f__Ruminococcaceae;g__Ruminococcus;s__Ruminococcus_lactaris	k__Bacteria;p__Firmicutes;c__Clostridia;o__Clostridiales;f__Clostridiaceae;g__Clostridium;s__Clostridium_sp._L2-50	k__Bacteria;p__Firmicutes;c__Clostridia;o__Clostridiales;f__Clostridiaceae;g__Clostridium;s__Clostridium_sp._M62/1	k__Bacteria;p__Firmicutes;c__Clostridia;o__Clostridiales;f__;g__Intestinimonas;s__Intestinimonas_butyriciproducens	k__Bacteria;p__Actinobacteria;c__Actinobacteria;o__Bifidobacteriales;f__Bifidobacteriaceae;g__Bifidobacterium;s__Bifidobacterium_bifidum	k__Bacteria;p__Firmicutes;c__Negativicutes;o__Veillonellales;f__Veillonellaceae;g__Dialister;s__Dialister_invisus	k__Bacteria;p__Bacteroidetes;c__Bacteroidia;o__Bacteroidales;f__Bacteroidaceae;g__Bacteroides;s__Bacteroides_salanitronis
k__Bacteria;p__Bacteroidetes;c__Bacteroidia;o__Bacteroidales;f__Bacteroidaceae;g__Bacteroides;s__Bacteroides_vulgatus	1.0	-0.00936364371664	-0.0322744679834	-0.0678085758623	-0.0510666091772	0.0170463339763	0.00781228066095	0.00499503781269	-0.0471759939649	0.0507363291921	-0.0217394992767	0.0634414261705	-0.00543333943999	0.00933848401707	-0.0506703168447	0.0373091723422	-0.0394471294651	-0.0179307388999	-0.0261243940541	0.0101481783732	0.00351876474907	0.0639429044598	0.0729268228452	-0.00319806329434	-0.025342977669	0.0357565904918	-0.0657397901272	-0.0564664003838	1.13035462336e-05	-0.0332653868635	-0.0231658695877	0.0138716347569	-0.0393256438232	0.0436660945645	0.00363753283898	0.00515390451349	-0.0218493333207	-0.0442087504118	-0.00899012146526	-0.0254109196185	-0.0378219884376	-0.0257800849265	0.00269695437271	-0.0194302071407	-0.00550779902159	-0.0341143349243	0.0561262688456	0.00913291276168	-0.0260234313369	0.00149613786781	-0.0554618886064	-0.0110565916183	-0.0107499646642	0.00250698645187	-0.000485954799733	0.0253066837005	-0.0567329824489	-0.0370627796584	0.032567662624
k__Bacteria;p__Bacteroidetes;c__Bacteroidia;o__Bacteroidales;f__Bacteroidaceae;g__Bacteroides;s__Bacteroides_uniformis	-0.00936364371664	1.0	0.0194409423578	-0.00327534935832	-0.0151757738234	-0.0697306479854	-0.0125160500019	-0.0190267738092	0.0445872982488	0.0213962727529	0.00859087082365	-0.0466310935363	-0.0495232123178	-0.0165440321481	0.0252927884926	-0.0662618683856	0.0298753004086	-0.00701199867518	0.0523736810643	0.0135135148792	-0.0330464446841	0.0220818892022	0.0128734110474	0.0406186000651	-0.0111915727595	-0.0348936121419	-0.0113754414478	-0.00493079678037	0.00889418357104	0.0761771861708	0.0349197279164	-0.0253641734936	0.0425744523405	0.0402273373034	0.0260518390447	0.0564103367422	-0.0826519983411	0.00525191600028	0.0441176108926	0.0568838019236	0.0538575777519	-0.00896060817027	-0.0157664208961	0.013283570587	-0.0566574197322	0.0707678170897	-0.00998975522704	-0.0287390680477	-0.00111040162149	-0.0984240550321	0.00190418071238	0.0354038872314	-0.0589320728586	0.0138126795542	-0.0156493056499	0.0098388918639	-0.0275720010798	0.00879515917709	0.00556094725467
k__Bacteria;p__Bacteroidetes;c__Bacteroidia;o__Bacteroidales;f__Rikenellaceae;g__Alistipes;s__Alistipes_putredinis	-0.0322744679834	0.0194409423578	1.0	-0.0184147131918	0.00992494063441	-0.0341181553928	-0.0279235806933	-0.0184647338719	-0.037372742456	-0.0451078759123	-0.10168093698	0.0731948356513	0.00855651417362	0.0333471389617	-0.0692699518221	0.0404384715787	-0.046377150397	0.0112223487191	-0.0252894340046	-0.0306365454942	-0.0225192110536	-0.0125398727168	-0.0248954639905	-0.0598711829639	-0.00360965267828	0.00270839047642	-0.00416891255097	-0.096824884657	0.0027858877501	-0.0274432710619	-0.0206014371154	-0.0334312781756	0.0346326022461	-0.0115517816403	0.0288035314312	-0.0424598571116	0.053272875075	0.02124898399	-0.0437731161871	-0.0224227578004	0.0124331050873	-0.0346204893348	-0.0171217829245	-0.0243723849471	-0.0431599000951	-0.014854864476	-0.0235800113748	-0.0851385949973	-0.0228982883066	-0.0274217039631	-0.02260836214	0.0250189929303	0.00783835569955	-0.0653790172495	0.0756448165118	-0.0439843820498	0.0372658926029	0.0163687654197	-0.00164096350135
k__Bacteria;p__Bacteroidetes;c__Bacteroidia;o__Bacteroidales;f__Prevotellaceae;g__Prevotella;s__Prevotella_copri	-0.0678085758623	-0.00327534935832	-0.0184147131918	1.0	-0.0809744411973	-0.0540318743551	-0.0370533785504	0.00769599460289	-0.0414314484817	0.00192445700985	-0.0268147922784	-0.0668585897888	-0.0541591461177	-0.027763268444	-0.0302754668497	-0.0711539711558	-0.00363015834473	0.0737087778344	0.0668575493617	-0.0621038752412	0.0231766378221	0.0200290180806	0.0086731359012	0.00712830807076	-0.0302062242423	0.00913910664168	0.0581461318244	-0.0608873685252	-0.000516961999507	0.0471976842081	-0.0123336599017	0.0240442604138	-0.0136257603463	-0.0235232590591	-0.0550557385926	0.0191001316606	-0.0148417070982	-0.0382906762375	-0.0445145725881	-0.0480754146348	0.0347377805176	-0.00660914193307	-0.00314236365002	-0.0320083871328	-0.079462279877	0.00643303988749	-0.0523974464043	-0.0420790956107	0.0306482454525	0.017778276302	0.0198369117858	0.00741559669939	-0.00227484444252	0.0214655309761	0.0785793371454	0.0876990210831	0.0172862816075	0.0176785864151	-0.0540528582244
k__Bacteria;p__Bacteroidetes;c__Bacteroidia;o__Bacteroidales;f__Bacteroidaceae;g__Bacteroides;s__Bacteroides_stercoris	-0.0510666091772	-0.0151757738234	0.00992494063441	-0.0809744411973	1.0	-0.0132977401415	-0.077226413729	0.0301601057975	-0.079284579807	-0.0518693133286	0.031962321145	-0.0430832901632	-0.0253509980859	-0.0169201404727	0.0469353466262	0.000222603627739	-0.00423485212724	-0.0119580783216	0.0395784820277	-0.0520579197316	-0.0192362110236	-0.00144563164594	-0.0125176098268	0.0641196851745	-6.07435506141e-05	-0.00207774215686	-0.0286142818283	-0.0242348994268	-0.0747783165345	-0.0409745097111	0.0166433608329	-0.0439101830683	-0.0242519539235	0.0482762459725	0.0058683001305	-0.0700136334832	0.0356344643095	0.0354293199409	-0.00400995801672	-0.0226105799398	-0.014353230821	-0.0667047413636	0.02581984454	-0.0547994242832	0.0583046859803	-0.0239700064923	-0.00203256058196	-0.0289716558293	-0.0278668815684	-0.0166119830459	-0.0224220789168	0.0124334946899	-0.0269149987184	-0.0767299016251	-0.0326510323587	-0.0179814416486	-0.0725392155385	-0.0431550690259	0.0444328238119
k__Bacteria;p__Bacteroidetes;c__Bacteroidia;o__Bacteroidales;f__Bacteroidaceae;g__Bacteroides;s__Bacteroides_ovatus	0.0170463339763	-0.0697306479854	-0.0341181553928	-0.0540318743551	-0.0132977401415	1.0	0.0375184655336	0.0334903497983	-0.0137729126644	0.0120343011236	-0.016325385315	0.0353331339125	0.0656326300417	-0.0614028422852	-0.00814157891148	-0.0286311501532	-0.0202450642099	0.107356303207	0.0160203495706	-0.0343110940128	0.0106687200174	-0.0161026609762	-0.102709097927	-0.005663876608	-0.0354570632705	0.0161857257341	0.00471382578718	0.0193508787495	-0.0552403174149	-0.0869893753082	0.0910543639219	-0.126835072978	-0.0495989481179	-0.0346827988384	-0.0357461045167	0.0361821281604	-0.014470112611	0.0285924459611	-0.0180114804687	-0.0201190866387	-0.0925849157211	-0.0366364183525	-0.0672468149451	-0.0460010349356	-0.0855416464097	0.00549661247085	0.0515107446289	0.0309865766555	-0.00855193620966	-0.0159987488873	0.0261168221923	0.0953919875821	0.0566622486728	-0.0185619861537	-0.0154495274478	-0.0664488608625	0.085009555104	-0.0451281975578	0.0270358912643
k__Bacteria;p__Bacteroidetes;c__Bacteroidia;o__Bacteroidales;f__Rikenellaceae;g__Alistipes;s__Alistipes_shahii	0.00781228066095	-0.0125160500019	-0.0279235806933	-0.0370533785504	-0.077226413729	0.0375184655336	1.0	-0.0225662800186	-0.0821076973862	-0.0102866491815	-0.0657502078424	-0.0211372883092	0.0158137631185	-0.0873501953702	0.014198492649	-0.0182095637925	-0.0620642064827	-0.0373361044563	-0.0390877357281	-0.0344946590006	-0.0122984730926	-0.00223736827094	-0.0434853314667	0.0284109708474	-0.0237779954122	0.0334285333762	0.0690021638573	0.012499750806	-0.0192021315155	-0.0516957505612	-0.00378199557734	-0.0195710523363	-0.0207984596422	-0.0914187068284	-0.0689141061372	-0.00842598697722	0.0245966127129	0.0389072731032	-0.0279377400001	0.0153316526146	0.00246940806139	-0.0339892310878	0.0435729846849	-0.00978985116708	0.0142182219099	0.0281126390548	0.041872418622	-0.0224244841552	0.016636934381	-0.00301086702411	0.00217750478324	-0.0323028626077	-0.0147083969292	0.0999178186167	-0.0404858202205	0.0149791395328	-0.0301456341131	0.0055121059743	-0.0384251971911
k__Bacteria;p__Firmicutes;c__Clostridia;o__Clostridiales;f__Ruminococcaceae;g__Faecalibacterium;s__Faecalibacterium_prausnitzii	0.00499503781269	-0.0190267738092	-0.0184647338719	0.00769599460289	0.0301601057975	0.0334903497983	-0.0225662800186	1.0	0.00510915387069	-0.0533415760534	0.0352162874493	-0.0328053483118	-0.0178799032629	0.0622288431326	-0.0295343970981	-0.0298056669303	-0.0198635655558	0.0144210983692	-0.00757169687983	-0.0528649705875	-0.00632846357729	-0.0157722101653	-0.0486639366742	-0.0125088126075	0.00732534020059	0.00973223582804	-0.0732011700862	0.0702474294843	0.043114366445	-0.0159234252636	-0.033017649232	0.0504292930826	-0.0345391872668	0.0627028518844	-0.0270918546296	-0.0186652709802	-0.0809104377212	0.0225398280254	-0.00395437997639	-0.00274723195729	-0.0497902919721	0.0892430661257	-0.0438411732431	-0.0122279229023	-0.0423880070084	0.0315928728816	-0.0203310996652	0.0256893138642	-0.0303260709664	0.0120117377903	0.0269436229374	0.0390449193226	-0.0197008538206	0.0233822103274	0.00761482069502	-0.0517319996629	0.00781073571653	-0.0463679074825	-0.0299252917912
k__Bacteria;p__Bacteroidetes;c__Bacteroidia;o__Bacteroidales;f__Rikenellaceae;g__Alistipes;s__Alistipes_finegoldii	-0.0471759939649	0.0445872982488	-0.037372742456	-0.0414314484817	-0.079284579807	-0.0137729126644	-0.0821076973862	0.00510915387069	1.0	-0.0425467660682	0.0031860711142	-0.0185905815482	-0.00297776578435	0.0364989110408	-0.00105737634915	0.0119053815655	0.116073077555	-0.0293778927377	-0.04446413039	0.0437442663799	-0.0530713716311	-0.0753079993147	0.0542825685664	-0.0290783450433	-0.0521410895525	0.00225965462423	0.030368336443	-0.018398163728	-0.0114863917745	-0.0163046066404	0.00497661737404	0.050576590133	-0.0414804710846	-0.00978591702631	-0.00936959111204	-0.00420932136597	0.0310549672737	-0.00768173379773	-0.055500496381	0.00700073030519	-0.0227023998214	-0.0506800366398	0.0535948986942	0.0111552986341	0.0301794785082	-0.0358271802892	0.0421698667688	-0.0885765789515	-0.0256137005483	-0.0331122096437	0.0212794381725	-0.0449772165061	-0.0026904835936	0.0283846877173	-0.0694602232838	-0.0535800918719	0.0102503890794	-0.025036153994	-0.0520048915149
k__Bacteria;p__Bacteroidetes;c__Bacteroidia;o__Bacteroidales;f__Porphyromonadaceae;g__Parabacteroides;s__Parabacteroides_distasonis	0.0507363291921	0.0213962727529	-0.0451078759123	0.00192445700985	-0.0518693133286	0.0120343011236	-0.0102866491815	-0.0533415760534	-0.0425467660682	1.0	0.00602910554444	-0.00951125595537	-0.0412116639955	-0.0602466332398	-0.0284396742791	-0.042450580061	-0.0100820998906	-0.0685341497996	0.0469883075919	0.0396832738332	0.019317592933	-0.0549528492368	0.0635159350173	-0.0120431687342	0.0245114005913	-0.0396399339603	0.026140833051	-0.035210397531	-0.0464486393462	0.0394561331798	0.0100811364497	0.0151261598769	-0.0506275380931	-0.0289477421975	0.0272107384445	-0.0587064745741	0.00213717098788	-0.0175461758084	0.0287882597194	0.00700875296391	-0.0135433319614	-0.0427730710413	-0.0481893813245	-0.0462980160894	-0.0231503849975	0.0148121665727	-0.0163562915982	0.00347336785428	-0.0137127123064	-0.0168815389012	-0.0137998002277	-0.0129669770735	-0.0200563015557	-0.0590025727268	-0.00730261250598	0.0995194898876	0.00969284807102	0.00246246842119	0.0433744277375
k__Bacteria;p__Bacteroidetes;c__Bacteroidia;o__Bacteroidales;f__Bacteroidaceae;g__Bacteroides;s__Bacteroides_thetaiotaomicron	-0.0217394992767	0.00859087082365	-0.10168093698	-0.0268147922784	0.031962321145	-0.016325385315	-0.0657502078424	0.0352162874493	0.0031860711142	0.00602910554444	1.0	0.00197829282327	0.0248239641104	0.0337925602533	0.0132130269824	-0.0358087673873	-0.0181449366637	-0.0308068560284	0.00393141799207	-0.0203193810339	-0.0271513704149	-0.0464878381097	-0.0313969972849	-0.0246264957453	0.0170076248867	-0.0486276911731	-0.0160543665938	0.0193585580473	-0.0231550120505	-0.0315288632038	-0.0108555488257	0.0320332795059	0.0169351547221	-0.0567213557582	0.0215406025153	0.0543438740143	-0.0750145402701	-0.0242325722218	0.0244085696364	-0.0402165539539	-0.0330027958355	0.0124799050342	-0.010428954748	0.0431877066538	-0.0494243804871	-0.0382125968311	-0.0165138808375	-0.0170203493971	-0.0165642368428	0.00232295797085	0.104972490156	-0.0255235360489	-0.0158117306115	-0.00531145729595	-0.0420114933274	0.0119971641884	-0.0178368844313	0.0145031253871	-0.055416831699
k__Bacteria;p__Bacteroidetes;c__Bacteroidia;o__Bacteroidales;f__Bacteroidaceae;g__Bacteroides;s__Bacteroides_coprocola	0.0634414261705	-0.0466310935363	0.0731948356513	-0.0668585897888	-0.0430832901632	0.0353331339125	-0.0211372883092	-0.0328053483118	-0.0185905815482	-0.00951125595537	0.00197829282327	1.0	0.0341200511156	-0.00806915771861	-0.0106321620004	-0.0504570335814	0.00209845300411	-0.0794963826507	-0.00331831503032	0.0638950463692	0.0365361403662	-0.0270263369086	0.00651933067436	-0.0435064086564	-0.00644872277556	-0.0434227567853	0.0490213613744	-0.0285211731615	0.000797910845966	-0.0266791943217	-0.0218806934607	-0.0598880152398	-0.0599622704215	0.0145986665832	-0.0785772664203	0.0254501451105	-0.00526122734634	-0.0321771517564	-0.0410370777833	0.00252228768305	-0.0117167059878	-0.0337414772071	0.0761432467058	-0.046731165081	0.0102062831961	0.0306251313941	0.0110887298159	-0.0254908385717	-0.0702201625989	-0.0419230108928	0.0431045740108	-0.00897154934984	0.08691130234	-0.0941047917586	-0.0458424895877	-0.0370763451696	0.0387050829965	-0.0112318129323	0.0297279703563
k__Bacteria;p__Bacteroidetes;c__Bacteroidia;o__Bacteroidales;f__Bacteroidaceae;g__Bacteroides;s__Bacteroides_cellulosilyticus	-0.00543333943999	-0.0495232123178	0.00855651417362	-0.0541591461177	-0.0253509980859	0.0656326300417	0.0158137631185	-0.0178799032629	-0.00297776578435	-0.0412116639955	0.0248239641104	0.0341200511156	1.0	-0.0518529674069	0.0288514933044	-0.0109468103861	0.00865418157965	0.0443475902831	-0.00442999645038	0.00859474539192	0.029870691693	-0.00478290348799	-0.0337962034054	0.00937336146851	-0.0817540927532	-0.0592019135746	0.0647898602073	0.0137984084919	-0.0232286121194	-0.0321223302336	-0.0471399709891	0.0120040986571	-0.067127494987	-0.0539183003495	0.0398151596957	-0.121088631834	0.0130659953688	0.0262846037053	-0.0526533194143	-0.0281572111128	-0.0507589552059	-0.0402851619698	0.0110719134595	0.01099140392	-0.0214042334826	0.00719474064703	-0.0528916265968	-0.024661083249	-0.0164465303136	0.0535272811348	0.0203219570499	0.0900878328292	-0.0156660847366	-0.0443425786527	-0.0299314970414	-0.0402942715655	-0.0324589705706	-0.0143629215728	-0.0571223135878
k__Bacteria;p__Bacteroidetes;c__Bacteroidia;o__Bacteroidales;f__Rikenellaceae;g__Alistipes;s__Alistipes_obesi	0.00933848401707	-0.0165440321481	0.0333471389617	-0.027763268444	-0.0169201404727	-0.0614028422852	-0.0873501953702	0.0622288431326	0.0364989110408	-0.0602466332398	0.0337925602533	-0.00806915771861	-0.0518529674069	1.0	0.0553322538165	0.0153601072807	-0.0605421367103	0.0239312869576	-0.0235217688983	-0.0596444217466	-0.0257609853016	0.0173143231242	-0.00618676413263	-0.0740417782553	-0.020093838848	-0.0209015349725	-0.0262781634737	0.0221180043136	-0.0186941094035	0.00645561580742	-0.0641738780912	0.0483125646671	0.035729606819	-0.0478746723681	0.0454395644387	-0.0251366464395	0.0467487204226	0.00767597862482	-0.0453411532085	-0.0445734107693	0.0159865907691	0.00894219822396	-0.103394710769	0.019597925725	0.00475965394644	0.0806971196071	-0.000812207486333	-0.0167953150923	-0.0201482491931	0.0829106229171	0.0495445816781	-0.0380518743318	0.00150943686873	0.0270290045376	-0.165850867791	-0.0583463493809	0.0030943538579	-0.0057619676548	-0.0110676437746
k__Bacteria;p__Firmicutes;c__Clostridia;o__Clostridiales;f__Lachnospiraceae;g__;s__[Eubacterium]_rectale	-0.0506703168447	0.0252927884926	-0.0692699518221	-0.0302754668497	0.0469353466262	-0.00814157891148	0.014198492649	-0.0295343970981	-0.00105737634915	-0.0284396742791	0.0132130269824	-0.0106321620004	0.0288514933044	0.0553322538165	1.0	-0.0143636228234	-0.00317675300204	-0.0644952281182	0.0111138353451	0.0503957993597	-0.0648630761007	0.0361939073705	-0.042805890091	-0.0302771281363	-0.0511437062821	-0.0296441954143	-0.0566450001445	0.00949476345537	-0.027815943516	0.0138409711559	-0.0187801689119	-0.0148353842639	-0.00392915131242	-0.0307798352609	-0.0442068342991	-0.0408944281157	-0.0298633039694	-0.0158441029402	-0.032820169136	-0.0602064781451	-0.00389721839163	0.0283304612181	0.11537083865	-0.0166815750862	-0.0824600121296	-0.0760485571378	0.0144335859429	-0.0609689037428	0.0342975723026	1.98330096961e-05	-0.0184948285893	0.0162768854437	-0.0264481257114	-0.00252167010022	-0.0893955296484	-0.039593279244	0.00359178770658	-0.00209781243205	0.0356690650058
k__Bacteria;p__Bacteroidetes;c__Bacteroidia;o__Bacteroidales;f__Bacteroidaceae;g__Bacteroides;s__Bacteroides_plebeius	0.0373091723422	-0.0662618683856	0.0404384715787	-0.0711539711558	0.000222603627739	-0.0286311501532	-0.0182095637925	-0.0298056669303	0.0119053815655	-0.042450580061	-0.0358087673873	-0.0504570335814	-0.0109468103861	0.0153601072807	-0.0143636228234	1.0	0.040759382559	-0.00793573990433	-0.0130432204201	-0.03301282504	-0.0595442005962	-0.00402486942099	0.0215938927263	0.0172824245503	-0.0591473440554	0.0127550138902	0.0228921362109	-0.036552709876	-0.0337600081675	-0.0115644281793	0.00944699340629	-0.0229423554452	0.0208831639062	0.0406635017532	0.0316255975919	0.0124904951217	-0.0125332667105	-0.0124853125706	0.0250573954098	0.0122674727586	-0.0126491604341	0.00638068885163	0.0488722039611	-0.0610864307777	0.0268879306449	-0.0362510842056	-0.0106004886281	0.0459351932765	-0.0570257103343	0.0293201391799	-0.0433483902663	0.00767010863737	-0.0438644215126	0.00912687684158	0.013011364705	-0.0528660420214	-0.0833868173659	-0.00584020761856	-0.0402563158214
k__Bacteria;p__Bacteroidetes;c__Bacteroidia;o__Bacteroidales;f__Bacteroidaceae;g__Bacteroides;s__Bacteroides_fragilis	-0.0394471294651	0.0298753004086	-0.046377150397	-0.00363015834473	-0.00423485212724	-0.0202450642099	-0.0620642064827	-0.0198635655558	0.116073077555	-0.0100820998906	-0.0181449366637	0.00209845300411	0.00865418157965	-0.0605421367103	-0.00317675300204	0.040759382559	1.0	0.0323890229868	0.0499920832246	-0.0544298941775	0.0400090625092	-0.0896906989773	0.0373958889092	-0.00280081217356	-0.00748012211185	0.00122798462832	-0.014981621575	0.0229768583165	-0.00471646795229	0.0344918711424	-0.0697640577974	-0.0414692119211	0.0331825236265	-0.0204300814169	-0.065381617767	-0.0412479350833	-0.0237957331922	0.0421279550815	0.0453756482994	0.00270234478041	-0.0295196101989	-0.0468352862633	-0.0794465312567	-0.0183401799265	0.030738351521	-0.0404934760502	0.0286362679108	0.0522579112114	0.0274204833151	-0.00752334251789	-0.00492454410253	-0.0233888953159	-0.00684493601081	0.00416507101104	-0.018292507123	0.00284412479238	0.00485882914831	-0.0319095421722	-0.0422615273721
k__Bacteria;p__Proteobacteria;c__Betaproteobacteria;o__Burkholderiales;f__Sutterellaceae;g__Sutterella;s__Sutterella_wadsworthensis	-0.0179307388999	-0.00701199867518	0.0112223487191	0.0737087778344	-0.0119580783216	0.107356303207	-0.0373361044563	0.0144210983692	-0.0293778927377	-0.0685341497996	-0.0308068560284	-0.0794963826507	0.0443475902831	0.0239312869576	-0.0644952281182	-0.00793573990433	0.0323890229868	1.0	0.0205429531835	-0.121848919602	-0.0257834116481	-0.0355441549019	-0.013612585642	-0.0814310316606	-0.0330567633856	-0.0276203552046	-0.012605456348	0.0234515788885	-0.0633773024702	0.0446326111661	0.0133958120923	0.0205773058645	-0.077676723532	0.0240857950867	-0.0297722230543	0.00366687532801	0.00205442861633	0.0310498927481	-0.0966794396295	-0.0798590837561	0.0417309817916	-0.0156928545406	-0.0161565579977	0.0516744197063	-0.00533949454565	0.0310774750453	0.0500616484313	0.0353214545003	0.00869574579605	0.00941279963139	-0.0156834662782	-0.00195839356935	0.000926753463222	0.0137113431264	0.0244255569349	-0.0425917529044	-0.0165377721975	0.0020050754946	0.101744409797
k__Bacteria;p__Bacteroidetes;c__Bacteroidia;o__Bacteroidales;f__Porphyromonadaceae;g__Barnesiella;s__Barnesiella_intestinihominis	-0.0261243940541	0.0523736810643	-0.0252894340046	0.0668575493617	0.0395784820277	0.0160203495706	-0.0390877357281	-0.00757169687983	-0.04446413039	0.0469883075919	0.00393141799207	-0.00331831503032	-0.00442999645038	-0.0235217688983	0.0111138353451	-0.0130432204201	0.0499920832246	0.0205429531835	1.0	0.0634741440568	-0.0436076131682	-0.0203538883039	-0.0100295124524	-0.0457592829079	0.0228522356017	-0.0291928098763	0.0114887236654	-0.0352394012726	-0.0103799398276	0.011713059516	-0.0223078804581	0.0639239091017	-0.0113402727932	0.0641566241346	0.0414333743037	0.000763931406442	-0.0185323958208	-0.0979656910257	-0.0186546752113	-0.0642579034113	-0.0316622356384	0.064538494081	-0.0040922764162	-0.00359511136854	-0.0406377123178	-0.0602103679801	-0.0309920160582	-0.0720688124343	-0.0577167953622	0.0621847748835	0.0072333087968	-0.000415779498343	-0.0545321514019	-0.089391417828	0.0422706648649	0.0355357228526	0.00899950992066	-0.0767153924317	0.0451580071198
k__Bacteria;p__Bacteroidetes;c__Bacteroidia;o__Bacteroidales;f__Odoribacteraceae;g__Odoribacter;s__Odoribacter_splanchnicus	0.0101481783732	0.0135135148792	-0.0306365454942	-0.0621038752412	-0.0520579197316	-0.0343110940128	-0.0344946590006	-0.0528649705875	0.0437442663799	0.0396832738332	-0.0203193810339	0.0638950463692	0.00859474539192	-0.0596444217466	0.0503957993597	-0.03301282504	-0.0544298941775	-0.121848919602	0.0634741440568	1.0	-0.0200341897695	0.0164665501277	-0.00423014564664	-0.053845176033	0.0532585903048	-0.0524925417537	0.0478048808643	-0.0751663875003	0.0279082775176	-0.0280442374809	-0.00568583885416	0.0493344701078	-0.0444398106883	-0.0385841769312	0.0392554833687	0.00672102662981	-0.0101796663313	-0.0211655177712	0.0309802103675	-0.0342767360239	0.0798931900772	-0.0403339864948	0.013921862143	-0.0107989125713	0.00726739372205	-0.0397125117856	-0.00601159730186	0.00736487902622	0.0332447638211	0.0310839802895	-0.107226127163	-0.000242694353066	-0.00282170030976	0.0123210970225	-0.0393664155798	-0.00572989489562	-0.0221987811225	-0.0149415264297	-0.0206124107007
k__Bacteria;p__Bacteroidetes;c__Bacteroidia;o__Bacteroidales;f__Bacteroidaceae;g__Bacteroides;s__Bacteroides_salyersiae	0.00351876474907	-0.0330464446841	-0.0225192110536	0.0231766378221	-0.0192362110236	0.0106687200174	-0.0122984730926	-0.00632846357729	-0.0530713716311	0.019317592933	-0.0271513704149	0.0365361403662	0.029870691693	-0.0257609853016	-0.0648630761007	-0.0595442005962	0.0400090625092	-0.0257834116481	-0.0436076131682	-0.0200341897695	1.0	-0.027651004148	-0.0112812945069	-0.0354852011908	-0.0486410843599	-0.0684052276756	0.0540304109973	-0.00318943534815	-0.00498483691403	0.0413146012226	-0.00574733170223	0.0195855370716	0.00653197119043	-0.0309271887758	-0.0338997902861	0.0247649932827	0.026868964287	0.0372085936899	0.02454931606	-0.0223652762978	-0.012986272627	-0.0287969631579	-0.00670602834589	0.0572304958447	-0.0501014369373	-0.0327002680101	-0.0099010825351	0.0748651040155	0.0441726072947	0.00844625686854	0.0511789154819	-0.00978688302867	-0.00512579181657	-0.0389517151467	0.0259750029472	0.023846555575	0.0414665920111	0.000306412888516	-0.0296045876689
k__Bacteria;p__Firmicutes;c__Clostridia;o__Clostridiales;f__Ruminococcaceae;g__Ruminiclostridium;s__[Eubacterium]_siraeum	0.0639429044598	0.0220818892022	-0.0125398727168	0.0200290180806	-0.00144563164594	-0.0161026609762	-0.00223736827094	-0.0157722101653	-0.0753079993147	-0.0549528492368	-0.0464878381097	-0.0270263369086	-0.00478290348799	0.0173143231242	0.0361939073705	-0.00402486942099	-0.0896906989773	-0.0355441549019	-0.0203538883039	0.0164665501277	-0.027651004148	1.0	0.0430448003943	-0.0204722882726	0.00214282722088	0.0816048200506	-0.050282647774	0.000675010806355	-0.0402125352966	-0.050909039776	0.0931450082742	-0.0591599362894	-0.0986159132891	-0.00531361073563	-0.0177815560472	-0.00266188789653	0.0422029610254	0.00392811564412	0.00733215257726	-0.0175778867578	-0.0737721491182	0.00341643191693	0.00801105265767	0.0322498783704	0.0491215340501	0.00156098784141	-0.0394121734638	-0.0490497537485	-0.0354134793161	-0.0259673509771	-0.0169728771632	-0.0399516219037	0.0209476759132	-0.00281140170489	-0.00206970134794	-0.0741823682379	-0.0344213396042	0.0187460111019	0.0638506611137
k__Bacteria;p__Proteobacteria;c__Betaproteobacteria;o__Burkholderiales;f__Sutterellaceae;g__Parasutterella;s__Parasutterella_excrementihominis	0.0729268228452	0.0128734110474	-0.0248954639905	0.0086731359012	-0.0125176098268	-0.102709097927	-0.0434853314667	-0.0486639366742	0.0542825685664	0.0635159350173	-0.0313969972849	0.00651933067436	-0.0337962034054	-0.00618676413263	-0.042805890091	0.0215938927263	0.0373958889092	-0.013612585642	-0.0100295124524	-0.00423014564664	-0.0112812945069	0.0430448003943	1.0	-0.00671932768518	-0.0344998047537	0.039563337741	0.010874745897	-0.0313359336638	-0.104881762581	-0.0694327609312	-0.0321001407515	0.0171175438512	-0.0554765066666	0.0391994967198	-0.0209175176682	-0.00340839142867	-0.00495892274169	-0.0358579113026	-0.012775328412	0.0369446387258	-0.0607452064807	0.0126301258119	-0.0254076061105	0.0242215944361	0.0772350985167	-0.0253658767861	-0.00299654405834	0.0481782919376	-0.0195134958731	-0.0442295101196	0.0174776864863	0.0193599474366	-0.032069279252	-0.0157582786629	-0.00529738925841	-0.000601544005372	-0.000714849395945	0.00552250996203	-0.0824654218154
k__Bacteria;p__Actinobacteria;c__Actinobacteria;o__Bifidobacteriales;f__Bifidobacteriaceae;g__Bifidobacterium;s__Bifidobacterium_adolescentis	-0.00319806329434	0.0406186000651	-0.0598711829639	0.00712830807076	0.0641196851745	-0.005663876608	0.0284109708474	-0.0125088126075	-0.0290783450433	-0.0120431687342	-0.0246264957453	-0.0435064086564	0.00937336146851	-0.0740417782553	-0.0302771281363	0.0172824245503	-0.00280081217356	-0.0814310316606	-0.0457592829079	-0.053845176033	-0.0354852011908	-0.0204722882726	-0.00671932768518	1.0	0.00441065277205	-0.0229258841709	-0.0929060559535	-0.0304319853894	-0.028639187959	-0.0775727053875	0.0108364645506	0.0432535678983	-0.00381201370237	-0.0537764397791	0.0393276063621	-0.0385600178588	-0.0457028249055	-0.0542034649323	-0.00206309283072	-0.0128893778355	-0.0229404407912	-0.0203475553936	-0.00359517431831	0.0395126532203	0.0230040789148	0.0442723319727	-0.0387689903447	0.00208238366264	-0.00236905505459	0.00254929381699	-0.0220051655877	0.0319436873659	0.00202927257829	-0.00245098960545	-0.0625651486621	0.00117478131793	0.0385543976694	0.0169894346176	-0.0602964028729
k__Bacteria;p__Firmicutes;c__Clostridia;o__Clostridiales;f__Oscillospiraceae;g__Oscillibacter;s__Oscillibacter_sp._KLE_1745	-0.025342977669	-0.0111915727595	-0.00360965267828	-0.0302062242423	-6.07435506141e-05	-0.0354570632705	-0.0237779954122	0.00732534020059	-0.0521410895525	0.0245114005913	0.0170076248867	-0.00644872277556	-0.0817540927532	-0.020093838848	-0.0511437062821	-0.0591473440554	-0.00748012211185	-0.0330567633856	0.0228522356017	0.0532585903048	-0.0486410843599	0.00214282722088	-0.0344998047537	0.00441065277205	1.0	-0.00481391821768	-0.000633933082814	0.00105026563908	0.00760799606898	0.00196196753612	-0.0383021484764	-0.092894233599	-0.046572864561	0.0331941288197	0.000346415139647	0.00589070439424	0.0262589922121	-0.0294860345361	0.0368967862383	-0.019219205499	-0.0106734679775	0.0283856700905	0.0267930730662	0.0583929441323	-0.0202131993413	-0.0224034880032	0.0606611249928	-0.052468464082	0.0277986184657	-0.000372314664873	-0.0210536927737	-0.0565473950561	0.017828789204	0.0549961775421	-0.0615791304603	0.0131448710705	0.00695013735398	-0.0179664683111	-0.00292186774264
k__Bacteria;p__Bacteroidetes;c__Bacteroidia;o__Bacteroidales;f__Bacteroidaceae;g__Bacteroides;s__Bacteroides_coprophilus	0.0357565904918	-0.0348936121419	0.00270839047642	0.00913910664168	-0.00207774215686	0.0161857257341	0.0334285333762	0.00973223582804	0.00225965462423	-0.0396399339603	-0.0486276911731	-0.0434227567853	-0.0592019135746	-0.0209015349725	-0.0296441954143	0.0127550138902	0.00122798462832	-0.0276203552046	-0.0291928098763	-0.0524925417537	-0.0684052276756	0.0816048200506	0.039563337741	-0.0229258841709	-0.00481391821768	1.0	-0.0340077543624	-0.0194215509911	0.00894639838114	0.0200991685896	0.00311676992786	-0.0041639899335	-0.0701766644017	0.0796335514298	0.0185343027361	-0.0113894052849	-0.0221327682509	-0.0891269824982	0.00568718414362	0.0779906202219	0.0178166738884	0.052078227306	-0.0658118063193	0.0318183749648	-0.0879253072056	0.024488587404	-0.060480526819	-0.031022070103	0.0138654942765	-0.094622114245	-0.0400442518358	0.0313826426723	0.0219629994281	0.03082847161	0.0320680658471	0.015253846627	0.0535813708092	0.0603895828505	0.0289404620855
k__Bacteria;p__Firmicutes;c__Clostridia;o__Clostridiales;f__Lachnospiraceae;g__Roseburia;s__Roseburia_intestinalis	-0.0657397901272	-0.0113754414478	-0.00416891255097	0.0581461318244	-0.0286142818283	0.00471382578718	0.0690021638573	-0.0732011700862	0.030368336443	0.026140833051	-0.0160543665938	0.0490213613744	0.0647898602073	-0.0262781634737	-0.0566450001445	0.0228921362109	-0.014981621575	-0.012605456348	0.0114887236654	0.0478048808643	0.0540304109973	-0.050282647774	0.010874745897	-0.0929060559535	-0.000633933082814	-0.0340077543624	1.0	0.00273054253578	-0.0851295702695	-0.0297544836175	-0.0574067494519	-0.0260663155349	-0.0170768290448	-0.0378978191569	0.0578449073948	-0.0468201514085	0.0651244849132	-0.00024460099624	0.00774969601818	-0.0445748267077	0.00237493981811	-0.0537051921927	-0.00376896292199	-0.0803590619087	0.0220840656185	0.0186369295207	0.0402106838671	-0.0697487666216	-0.0805156134058	-0.0524259544785	0.0250177598352	0.0637890370028	0.02365679905	0.0129406547783	0.0382572631454	-0.00187896282464	-0.0583234976936	-0.00686247099912	0.0167536701935
k__Bacteria;p__Firmicutes;c__Clostridia;o__Clostridiales;f__Lachnospiraceae;g__Roseburia;s__Roseburia_hominis	-0.0564664003838	-0.00493079678037	-0.096824884657	-0.0608873685252	-0.0242348994268	0.0193508787495	0.012499750806	0.0702474294843	-0.018398163728	-0.035210397531	0.0193585580473	-0.0285211731615	0.0137984084919	0.0221180043136	0.00949476345537	-0.036552709876	0.0229768583165	0.0234515788885	-0.0352394012726	-0.0751663875003	-0.00318943534815	0.000675010806355	-0.0313359336638	-0.0304319853894	0.00105026563908	-0.0194215509911	0.00273054253578	1.0	-0.0879203992395	-0.0588311565346	0.0254102610276	-0.0165980815225	-0.0274870493861	0.0143408982951	-0.0526932449582	0.00730375792683	-0.0254269316847	-0.0046115889292	-0.0147453030075	-0.00565961363003	0.00790427483133	-0.0485447064506	-0.00572407239188	0.0634958745704	-0.0319196361374	0.0595179639871	0.021954590432	-0.0316191801737	0.0445795174187	-0.0186312161242	-0.00981115647729	-0.033509690746	0.0527064639707	0.0114469589186	-0.0833506361269	0.00764384104052	-0.036202818166	-0.0174078736313	0.0330972337466
k__Bacteria;p__Bacteroidetes;c__Bacteroidia;o__Bacteroidales;f__Porphyromonadaceae;g__Parabacteroides;s__Parabacteroides_johnsonii	1.13035462335e-05	0.00889418357104	0.0027858877501	-0.000516961999507	-0.0747783165345	-0.0552403174149	-0.0192021315155	0.043114366445	-0.0114863917745	-0.0464486393462	-0.0231550120505	0.000797910845967	-0.0232286121194	-0.0186941094035	-0.027815943516	-0.0337600081675	-0.00471646795229	-0.0633773024702	-0.0103799398276	0.0279082775176	-0.00498483691403	-0.0402125352966	-0.104881762581	-0.028639187959	0.00760799606898	0.00894639838114	-0.0851295702695	-0.0879203992395	1.0	-0.0977322191205	0.0146791678454	-0.000253978185683	0.0115123527055	0.0104488883841	0.0494028664659	-0.00808888850627	0.0389541503183	0.0320493539587	0.0591705301073	0.0551204559466	0.00622277249891	0.00471238964851	0.0238321159629	-0.044417331602	-0.0206378774969	0.0509854297961	-0.096753189746	0.0403693914292	0.000801143108782	-0.00997807160604	-0.0595426870825	-0.00805743370491	-0.0355786905741	0.0108882897952	-0.0454283114714	-0.0435882623909	-0.00700482189439	0.0112902853716	0.0138550727938
k__Bacteria;p__Actinobacteria;c__Actinobacteria;o__Bifidobacteriales;f__Bifidobacteriaceae;g__Bifidobacterium;s__Bifidobacterium_longum	-0.0332653868635	0.0761771861708	-0.0274432710619	0.0471976842081	-0.0409745097111	-0.0869893753082	-0.0516957505612	-0.0159234252636	-0.0163046066404	0.0394561331798	-0.0315288632038	-0.0266791943217	-0.0321223302336	0.00645561580742	0.0138409711559	-0.0115644281793	0.0344918711424	0.0446326111661	0.011713059516	-0.0280442374809	0.0413146012226	-0.050909039776	-0.0694327609312	-0.0775727053875	0.00196196753612	0.0200991685896	-0.0297544836175	-0.0588311565346	-0.0977322191205	1.0	-0.0622755810581	0.047380162156	-0.0111268697597	-0.0121226784434	0.0343602026317	-0.00600034745578	0.0286225824593	-0.00782291122131	0.00742356655739	0.0628381130933	0.055962171827	-0.0231968586689	-0.0557077389593	-0.0149488482455	0.0790674752209	0.00619330267195	-0.0307088582919	0.0154572661223	-0.0600750451833	-0.021750967775	0.0701439440467	0.0273174469012	-0.0752525038571	-0.0347024939847	-0.032677775851	0.0074079163482	-0.00107283434574	0.055917195453	0.0436663715578
