#taxonomy	k__Bacteria;p__Bacteroidetes;c__Bacteroidia;o__Bacteroidales;f__Bacteroidaceae;g__Bacteroides;s__Bacteroides_vulgatus	k__Bacteria;p__Bacteroidetes;c__Bacteroidia;o__Bacteroidales;f__Bacteroidaceae;g__Bacteroides;s__Bacteroides_uniformis	k__Bacteria;p__Bacteroidetes;c__Bacteroidia;o__Bacteroidales;f__Rikenellaceae;g__Alistipes;s__Alistipes_putredinis	k__Bacteria;p__Bacteroidetes;c__Bacteroidia;o__Bacteroidales;f__Prevotellaceae;g__Prevotella;s__Prevotella_copri	k__Bacteria;p__Bacteroidetes;c__Bacteroidia;o__Bacteroidales;f__Bacteroidaceae;g__Bacteroides;s__Bacteroides_stercoris	k__Bacteria;p__Bacteroidetes;c__Bacteroidia;o__Bacteroidales;f__Bacteroidaceae;g__Bacteroides;s__Bacteroides_ovatus	k__Bacteria;p__Bacteroidetes;c__Bacteroidia;o__Bacteroidales;f__Rikenellaceae;g__Alistipes;s__Alistipes_shahii	k__Bacteria;p__Firmicutes;c__Clostridia;o__Clostridiales;f__Ruminococcaceae;g__Faecalibacterium;s__Faecalibacterium_prausnitzii	k__Bacteria;p__Bacteroidetes;c__Bacteroidia;o__Bacteroidales;f__Rikenellaceae;g__Alistipes;s__Alistipes_finegoldii	k__Bacteria;p__Bacteroidetes;c__Bacteroidia;o__Bacteroidales;f__Porphyromonadaceae;g__Parabacteroides;s__Parabacteroides_distasonis	k__Bacteria;p__Bacteroidetes;c__Bacteroidia;o__Bacteroidales;f__Bacteroidaceae;g__Bacteroides;s__Bacteroides_thetaiotaomicron	k__Bacteria;p__Bacteroidetes;c__Bacteroidia;o__Bacteroidales;f__Bacteroidaceae;g__Bacteroides;s__Bacteroides_coprocola	k__Bacteria;p__Bacteroidetes;c__Bacteroidia;o__Bacteroidales;f__Bacteroidaceae;g__Bacteroides;s__Bacteroides_cellulosilyticus	k__Bacteria;p__Bacteroidetes;c__Bacteroidia;o__Bacteroidales;f__Rikenellaceae;g__Alistipes;s__Alistipes_obesi	k__Bacteria;p__Firmicutes;c__Clostridia;o__Clostridiales;f__Lachnospiraceae;g__;s__[Eubacterium]_rectale	k__Bacteria;p__Bacteroidetes;c__Bacteroidia;o__Bacteroidales;f__Bacteroidaceae;g__Bacteroides;s__Bacteroides_plebeius	k__Bacteria;p__Bacteroidetes;c__Bacteroidia;o__Bacteroidales;f__Bacteroidaceae;g__Bacteroides;s__Bacteroides_fragilis	k__Bacteria;p__Proteobacteria;c__Betaproteobacteria;o__Burkholderiales;f__Sutterellaceae;g__Sutterella;s__Sutterella_wadsworthensis	k__Bacteria;p__Bacteroidetes;c__Bacteroidia;o__Bacteroidales;f__Porphyromonadaceae;g__Barnesiella;s__Barnesiella_intestinihominis	k__Bacteria;p__Bacteroidetes;c__Bacteroidia;o__Bacteroidales;f__Odoribacteraceae;g__Odoribacter;s__Odoribacter_splanchnicus	k__Bacteria;p__Bacteroidetes;c__Bacteroidia;o__Bacteroidales;f__Bacteroidaceae;g__Bacteroides;s__Bacteroides_salyersiae	k__Bacteria;p__Firmicutes;c__Clostridia;o__Clostridiales;f__Ruminococcaceae;g__Ruminiclostridium;s__[Eubacterium]_siraeum	k__Bacteria;p__Proteobacteria;c__Betaproteobacteria;o__Burkholderiales;f__Sutterellaceae;g__Parasutterella;s__Parasutterella_excrementihominis	k__Bacteria;p__Actinobacteria;c__Actinobacteria;o__Bifidobacteriales;f__Bifidobacteriaceae;g__Bifidobacterium;s__Bifidobacterium_adolescentis	k__Bacteria;p__Firmicutes;c__Clostridia;o__Clostridiales;f__Oscillospiraceae;g__Oscillibacter;s__Oscillibacter_sp._KLE_1745	k__Bacteria;p__Bacteroidetes;c__Bacteroidia;o__Bacteroidales;f__Bacteroidaceae;g__Bacteroides;s__Bacteroides_coprophilus	k__Bacteria;p__Firmicutes;c__Clostridia;o__Clostridiales;f__Lachnospiraceae;g__Roseburia;s__Roseburia_intestinalis	k__Bacteria;p__Firmicutes;c__Clostridia;o__Clostridiales;f__Lachnospiraceae;g__Roseburia;s__Roseburia_hominis	k__Bacteria;p__Bacteroidetes;c__Bacteroidia;o__Bacteroidales;f__Porphyromonadaceae;g__Parabacteroides;s__Parabacteroides_johnsonii	k__Bacteria;p__Actinobacteria;c__Actinobacteria;o__Bifidobacteriales;f__Bifidobacteriaceae;g__Bifidobacterium;s__Bifidobacterium_longum	k__Bacteria;p__Firmicutes;c__Clostridia;o__Clostridiales;f__;g__Flavonifractor;s__Flavonifractor_plautii	k__Bacteria;p__Firmicutes;c__Clostridia;o__Clostridiales;f__Clostridiaceae;g__Clostridium;s__Clostridium_phoceensis	k__Bacteria;p__Verrucomicrobia;c__Verrucomicrobiae;o__Verrucomicrobiales;f__Akkermansiaceae;g__Akkermansia;s__Akkermansia_muciniphila	k__Bacteria;p__Bacteroidetes;c__Bacteroidia;o__Bacteroidales;f__Prevotellaceae;g__Paraprevotella;s__Paraprevotella_xylaniphila	k__Bacteria;p__Firmicutes;c__Clostridia;o__Clostridiales;f__Ruminococcaceae;g__Ruminococcus;s__Ruminococcus_callidus	k__Bacteria;p__Bacteroidetes;c__Bacteroidia;o__Bacteroidales;f__Rikenellaceae;g__Alistipes;s__Alistipes_senegalensis	k__Bacteria;p__Firmicutes;c__Clostridia;o__Clostridiales;f__Lachnospiraceae;g__Blautia;s__Blautia_sp._KLE_1732	k__Bacteria;p__Bacteroidetes;c__Bacteroidia;o__Bacteroidales;f__Bacteroidaceae;g__Bacteroides;s__Bacteroides_oleiciplenus	k__Bacteria;p__Firmicutes;c__Clostridia;o__Clostridiales;f__Ruminococcaceae;g__Ruminococcus;s__Ruminococcus_bicirculans	k__Bacteria;p__Bacteroidetes;c__Bacteroidia;o__Bacteroidales;f__Bacteroidaceae;g__Bacteroides;s__Bacteroides_fluxus	k__Bacteria;p__Bacteroidetes;c__Bacteroidia;o__Bacteroidales;f__Prevotellaceae;g__Prevotella;s__Prevotella_stercorea	k__Bacteria;p__Firmicutes;c__Clostridia;o__Clostridiales;f__Lachnospiraceae;g__Dorea;s__Dorea_longicatena	k__Bacteria;p__Firmicutes;c__Clostridia;o__Clostridiales;f__Eubacteriaceae;g__Eubacterium;s__[Eubacterium]_eligens	k__Bacteria;p__Firmicutes;c__Clostridia;o__Clostridiales;f__Ruminococcaceae;g__;s__Ruminococcaceae_bacterium_D16	k__Bacteria;p__Firmicutes;c__Clostridia;o__Clostridiales;f__Lachnospiraceae;g__Coprococcus;s__Coprococcus_comes	k__Bacteria;p__Proteobacteria;c__Gammaproteobacteria;o__Enterobacterales;f__Enterobacteriaceae;g__Escherichia;s__Escherichia_coli	k__Bacteria;p__Firmicutes;c__Clostridia;o__Clostridiales;f__Ruminococcaceae;g__Anaerotruncus;s__Anaerotruncus_colihominis	k__Bacteria;p__Firmicutes;c__Clostridia;o__Clostridiales;f__Lachnospiraceae;g__Blautia;s__Blautia_obeum	k__Bacteria;p__Bacteroidetes;c__Bacteroidia;o__Bacteroidales;f__Odoribacteraceae;g__Odoribacter;s__Odoribacter_laneus	k__Bacteria;p__Firmicutes;c__Clostridia;o__Clostridiales;f__Ruminococcaceae;g__Ruminiclostridium;s__[Clostridium]_leptum	k__Bacteria;p__Bacteroidetes;c__Bacteroidia;o__Bacteroidales;f__Porphyromonadaceae;g__Parabacteroides;s__Parabacteroides_goldsteinii	k__Bacteria;p__Firmicutes;c__Clostridia;o__Clostridiales;f__Lachnospiraceae;g__Anaerostipes;s__Anaerostipes_hadrus	k__Bacteria;p__Firmicutes;c__Clostridia;o__Clostridiales;f__Ruminococcaceae;g__Ruminococcus;s__Ruminococcus_lactaris	k__Bacteria;p__Firmicutes;c__Clostridia;o__Clostridiales;f__Clostridiaceae;g__Clostridium;s__Clostridium_sp._L2-50	k__Bacteria;p__Firmicutes;c__Clostridia;o__Clostridiales;f__Clostridiaceae;g__Clostridium;s__Clostridium_sp._M62/1	k__Bacteria;p__Firmicutes;c__Clostridia;o__Clostridiales;f__;g__Intestinimonas;s__Intestinimonas_butyriciproducens	k__Bacteria;p__Actinobacteria;c__Actinobacteria;o__Bifidobacteriales;f__Bifidobacteriaceae;g__Bifidobacterium;s__Bifidobacterium_bifidum	k__Bacteria;p__Firmicutes;c__Negativicutes;o__Veillonellales;f__Veillonellaceae;g__Dialister;s__Dialister_invisus	k__Bacteria;p__Bacteroidetes;c__Bacteroidia;o__Bacteroidales;f__Bacteroidaceae;g__Bacteroides;s__Bacteroides_salanitronis
k__Bacteria;p__Bacteroidetes;c__Bacteroidia;o__Bacteroidales;f__Bacteroidaceae;g__Bacteroides;s__Bacteroides_vulgatus	1.0	-0.061964586216	-0.0116479450201	0.00604954402697	-0.0361879438063	-0.0266531518283	0.0118580268582	0.0146913860542	0.00893179786363	0.0369484719934	-0.0596236995293	-0.00153525703245	0.0134420656006	-0.0241024161792	0.056430310486	0.0592025776125	-0.0460221824772	0.0177544461822	0.0363277169688	-0.0129132693741	-0.0234112030193	-0.0536763821732	0.0444607131416	-0.00109123692113	-0.0609211966424	-0.0505445027654	0.0167110642782	0.0260324938975	-0.0105989831971	0.0263901582396	0.00721891761152	-0.041417572629	-0.0177368346204	-0.0186642747566	-0.0633686160535	-0.017193013392	-0.054953598218	-0.00392483281352	-0.0672353609236	0.0675198605079	-0.0721230021703	-0.0275186113919	0.0355051180638	-0.0495352637965	-0.0456616407185	0.0611399292692	-0.0490005716548	0.0266805077771	0.00831707669109	-0.0179710275951	-0.0418995991077	-0.0251886503503	0.0214823937861	0.033605560033	0.00936539091445	0.0250477795749	-0.0105884591858	-0.0150721292026	-0.0776211107855
k__Bacteria;p__Bacteroidetes;c__Bacteroidia;o__Bacteroidales;f__Bacteroidaceae;g__Bacteroides;s__Bacteroides_uniformis	-0.061964586216	1.0	0.00217858709469	0.0350114628044	-0.0278502916229	0.024220903816	0.0335118506696	0.00590165800474	-0.0247745063054	0.0290093586175	-6.36229390146e-05	-0.00473581608262	0.0200837252357	0.0577095091635	-0.00966361543106	-0.00543581078116	-0.106081993625	-0.0208988121269	0.0551512067207	-0.0175435501116	0.016915129823	-0.0159129324953	-0.0301168430789	-0.00137071758534	-0.0685727547742	0.0182412232391	-0.0719552695111	-0.00196077568506	-0.0076029619035	0.0417267103302	0.0230603912321	0.0179199699774	0.0208648572299	0.00855827072701	-0.00176434820307	-0.0239475716976	-0.0155322659696	-0.00313726894336	0.0077569364983	0.0221668217228	0.00590949949076	-0.0487431621128	-0.023084174258	-0.0652302729246	-0.0277495841061	-0.0500246208389	0.000629646483455	-0.121362453998	-0.0173443914637	-0.0237547901015	-0.0149286808176	-0.0204101215662	-0.00870380210039	-0.0582684369516	-0.0666784553487	-0.0772426345393	0.043223606514	-0.0440061752802	-0.0093579288326
k__Bacteria;p__Bacteroidetes;c__Bacteroidia;o__Bacteroidales;f__Rikenellaceae;g__Alistipes;s__Alistipes_putredinis	-0.0116479450201	0.00217858709469	1.0	0.0172082154037	0.0553411085342	-0.06523958764	0.00572107608036	-0.0300882880523	0.0458490622271	-0.0813886179894	0.026687249134	0.0192699631211	0.0329406705797	0.0382708112806	-0.000468300465901	-0.00267119205509	0.0614010551942	0.0281882922648	-0.0362591643409	-0.0693839119455	0.0229348340149	-0.0341980224766	-0.0601578686888	-0.0120111618781	-0.0676723792403	0.0329688576489	-0.0191941016588	0.03028429782	-0.0151190981444	-0.0141262496384	0.00169212914832	-0.0412309453342	0.00692991761635	-0.0122192741317	-0.0192706328196	0.0154197365617	0.00785337686364	-0.0540974398996	-0.000144507237282	-0.0832374380617	-0.0801583840895	0.0669448565683	-0.00932671391112	-0.0572062517102	-0.0336876597316	0.0495693126743	-0.0307926896387	-0.0424908513726	0.0139382740533	-0.0256205490537	0.00505424692239	0.0671225187057	0.0219815126254	0.00698709417364	-0.054357052305	-0.0445353989417	-0.0118832055644	-0.0267156732173	-0.0216142626058
k__Bacteria;p__Bacteroidetes;c__Bacteroidia;o__Bacteroidales;f__Prevotellaceae;g__Prevotella;s__Prevotella_copri	0.00604954402697	0.0350114628044	0.0172082154037	1.0	-0.0296250786144	-0.0333022055852	-0.0209627390268	-0.0393532065142	-0.0375713505364	0.0433551833503	-0.0247906180464	-0.0698161861057	-0.0384934477017	0.017600536991	-0.0438643549782	0.0250311834645	-0.0436951841015	-0.0157360799866	-0.0887562345668	0.0267668345202	0.017120617872	-0.00280155579322	-0.0136024052745	-0.0273383421239	0.0528900747036	-0.00669137770893	0.0419342837654	-0.0137314523652	-0.0412278777144	0.0505637148948	0.00786177334381	0.0546280930408	-0.0162868592727	-0.0514353272031	-0.0433206112794	0.0246668984788	-0.0603224016806	-0.0244926177222	-0.0262734374691	0.00265082098577	-0.00139926496301	0.0516679238345	0.00909347013966	0.0121402981113	-0.0822256559086	-0.0483921942467	-0.0648585617467	0.00492613572462	-0.0156031891147	0.0552926452592	0.00484795352146	-0.0145279436044	-0.0474900040272	-0.0937545514043	-0.0490503032973	-0.0753205810779	0.021182941588	-0.0334942503811	0.0377730490052
k__Bacteria;p__Bacteroidetes;c__Bacteroidia;o__Bacteroidales;f__Bacteroidaceae;g__Bacteroides;s__Bacteroides_stercoris	-0.0361879438063	-0.0278502916229	0.0553411085342	-0.0296250786144	1.0	-0.041504195776	0.0488667252516	-0.0371522618896	0.0259174796485	-0.0187974505869	-0.0941199715799	0.0286658533124	0.00424432547337	0.0111710075695	-0.0317484990522	-0.0395073078729	-0.0183352580119	-0.0910332711514	-0.030070265809	0.00759550335228	0.0289560885096	-0.00559007441752	-0.00753256592512	0.0682016730264	-0.0411201616519	-0.0105338934287	-0.00563760411229	-0.0262902445834	-0.0100146368048	-0.0794162494511	0.0366414797038	0.00752684081207	0.0215447458859	0.01263090061	-0.0223914512379	0.00986705375121	-0.0386807599332	-0.0293156580239	-0.00178973354651	-0.0494822075389	0.000972325132033	0.0698958047297	0.00799505628426	0.0385710266759	0.0132942819025	-0.0165292807079	0.0888820042468	-0.00719633103115	0.0389137495353	-0.0485312252522	-0.00573192286678	-0.00882334567582	0.0347160574586	-0.029633871234	-0.0584768101138	-0.0299237522762	-0.0704500865147	-0.00474552590632	-0.0529204812284
k__Bacteria;p__Bacteroidetes;c__Bacteroidia;o__Bacteroidales;f__Bacteroidaceae;g__Bacteroides;s__Bacteroides_ovatus	-0.0266531518283	0.024220903816	-0.06523958764	-0.0333022055852	-0.041504195776	1.0	0.0326877945433	0.0731004178959	-0.0239486523534	-0.0108612631417	-0.0403747319741	0.0488688340187	0.0175287646712	-0.0169031954372	-0.0218879638844	0.0152173892287	-0.0179674129874	-0.048002612792	0.0206354200684	0.0148332237653	0.0144929152338	-0.0107356897015	0.0234156146073	-0.0346103938177	0.0122272320419	-0.0160542028246	-0.0347584893288	-0.0493479752353	-0.0421296280299	-0.0136815269374	-0.0114134526821	-0.0575703783129	-0.0284217927005	0.00133088527977	-0.0412218600809	-0.0480767688286	-0.0430142904982	0.0516601604044	0.0940191407998	-0.00857745483557	-0.0113078001226	0.0112979927129	0.0698972659099	0.030367559741	-0.0336665148838	0.00470966015651	0.0531174306216	-0.0321137153739	-0.0303488617866	0.0197536796556	-0.0230614200571	-0.0253503295777	-0.0252245137987	0.0705240541559	0.0493536694262	-0.0151722286779	-0.024602737815	0.038467368253	-0.0177934924867
k__Bacteria;p__Bacteroidetes;c__Bacteroidia;o__Bacteroidales;f__Rikenellaceae;g__Alistipes;s__Alistipes_shahii	0.0118580268582	0.0335118506696	0.00572107608036	-0.0209627390268	0.0488667252516	0.0326877945433	1.0	0.0040536946659	0.0002878242613	-0.0292282284769	-0.0545570033361	0.0184392741158	-0.0157117862731	0.0483372189012	0.0112661555072	-0.0143881737222	-0.0619989875169	0.101995004227	0.00724972494628	-0.0561614070778	-0.0177218307723	0.0589116406552	-0.0707200946585	-0.00544929327952	-0.014490472522	0.0295489100268	-0.00193202524584	0.00171775585403	0.0163487208508	0.0415572922412	-0.056370792039	0.0353072633252	-0.0113725669321	-0.00556141865998	-0.030273854965	-0.0213475948237	-0.0168500924033	0.0297509424126	-0.0489601778282	-0.056749721016	0.0275523439855	0.00955667720904	-0.0580570294185	0.0249270911086	0.000457722492937	0.0011261458571	0.0568024189128	-0.0742986266628	0.017239311748	-0.0157805298294	0.0139701581355	0.00437230237591	-0.0586135008185	0.0626882249775	-0.0388503028389	0.0458780529139	0.0192020206889	-0.0205129684622	0.0308184272863
k__Bacteria;p__Firmicutes;c__Clostridia;o__Clostridiales;f__Ruminococcaceae;g__Faecalibacterium;s__Faecalibacterium_prausnitzii	0.0146913860542	0.00590165800474	-0.0300882880523	-0.0393532065142	-0.0371522618896	0.0731004178959	0.0040536946659	1.0	0.0022895975463	0.00937584536836	-0.00677390003739	0.0191779557772	0.112500083587	-0.00780242620978	-0.038510683553	-0.030001283158	-0.0397534254144	-0.0317412480387	-9.9597241696e-07	-0.0512077870247	-0.0235918443883	-0.0289869605661	-0.00689640518169	0.0427861873254	0.0363456906798	-0.00851599099454	-0.00259204049395	-0.0425893567191	-0.015921756528	-0.0130815549741	-0.0394940219161	-0.114170918772	0.00127692859685	-0.0267083080537	-0.0617885838576	0.0328500419363	-0.0194801311692	-0.017622463324	0.00978338798109	-0.008419075986	0.032103042224	0.0395109424039	0.00657571324087	-0.0916242637097	-0.0448922478394	0.043066796556	-0.0557699839928	-0.0127378522638	0.0104941222494	-0.0236990908458	-0.0404499169093	-0.0153444210409	-0.0243295962862	-0.00439984226381	0.00752528857709	-0.0159094386973	0.0134168413914	-0.0319509101396	-0.126326844469
k__Bacteria;p__Bacteroidetes;c__Bacteroidia;o__Bacteroidales;f__Rikenellaceae;g__Alistipes;s__Alistipes_finegoldii	0.00893179786363	-0.0247745063054	0.0458490622271	-0.0375713505364	0.0259174796485	-0.0239486523534	0.000287824261299	0.0022895975463	1.0	-0.0162656654139	-0.0195573257434	-0.0415184482851	-0.00631532930551	-0.0354873641231	-0.00844230617472	-0.0260078936456	0.0206599089911	0.0179309431533	-0.0421164581851	0.014078783477	-0.0119288500008	-0.02890005583	-0.102604754294	-0.0498564557922	0.00342241909593	-0.0604249933964	0.0189861989411	-0.0550857943478	0.0443730161076	-0.0829706198942	-0.00350276675083	-0.0417924751226	-0.00684209536727	0.0251289398807	-0.0639715693663	0.0227415530413	-0.0002282827284	-0.0111238084992	-0.0214529015997	0.0206434075195	0.0375353496551	0.0624395375501	-0.0869619966779	0.0176801614549	0.0221939029699	-0.0460754585225	-0.0613816393051	-0.0177925924393	0.0126402998032	-0.0450146243141	0.0138670735588	0.0303083131934	3.23158399619e-05	-0.0316275792475	0.050651303967	0.00495525607168	0.0112928700196	0.00872089636902	-0.0158413540491
k__Bacteria;p__Bacteroidetes;c__Bacteroidia;o__Bacteroidales;f__Porphyromonadaceae;g__Parabacteroides;s__Parabacteroides_distasonis	0.0369484719934	0.0290093586175	-0.0813886179894	0.0433551833503	-0.0187974505869	-0.0108612631417	-0.0292282284769	0.00937584536836	-0.0162656654139	1.0	0.0323777192793	-0.0377900992574	-0.0447837386104	-0.000983249079214	-0.00291169055596	-0.0262689532916	0.0465874186577	-0.0376581934949	0.000492773579043	-0.0101131843133	0.00296578892754	0.0490146874806	-0.00990776892858	0.0574653930483	-0.0260448857794	-0.0727654627224	-0.09932981665	-0.00625534187373	0.0304126657394	-0.0601829748617	0.0242821939369	-0.0775820841998	-0.0377409630821	0.0885653931401	0.00275153177913	0.014239045499	-0.0922267976523	0.0181114543096	0.00673693405857	0.0619579850004	0.0728048029523	-0.03714203621	-0.0347072696809	-0.0192712470398	-0.0301927436162	-0.0535428124646	-0.0570292992593	-0.0391182325303	-0.0523554802215	0.00109217247528	-0.00956623983386	-0.0517274491883	0.00508587363575	-0.0334421732972	0.0346866324282	0.0325034496486	0.0457552245311	-0.0442669137917	0.018249935499
k__Bacteria;p__Bacteroidetes;c__Bacteroidia;o__Bacteroidales;f__Bacteroidaceae;g__Bacteroides;s__Bacteroides_thetaiotaomicron	-0.0596236995293	-6.36229390145e-05	0.026687249134	-0.0247906180464	-0.0941199715799	-0.0403747319741	-0.0545570033361	-0.00677390003739	-0.0195573257434	0.0323777192793	1.0	0.0224943519134	-0.081491362028	-0.0816714551521	-0.0399237068212	0.0478044504676	-0.0500788381761	0.0547597692992	0.026800268696	0.0139373702568	-0.00613314454301	0.0591694378423	0.0435092368497	-0.0190021786834	0.0442744592051	-0.0278218240884	-0.0218079816868	-0.0554925592918	-0.00402304091241	-0.00900508180642	-0.063788245601	-0.0122175646369	0.0134690493018	0.0124122240377	0.0304170325578	0.00293717679147	0.0127696679372	-0.0317860827645	0.0554850981551	0.0345673489215	0.0163444119106	-0.111507627948	0.038010046058	0.0152470554245	0.00875166385278	0.0190472864569	-0.0338294873815	-0.0119259241583	-0.0298920218006	0.0564225412088	-0.00671580145835	-0.071155891156	-0.0374109959009	-0.0546136281062	-0.049461059928	-0.0325034102897	0.0037205161834	0.0358018119232	0.0462007323586
k__Bacteria;p__Bacteroidetes;c__Bacteroidia;o__Bacteroidales;f__Bacteroidaceae;g__Bacteroides;s__Bacteroides_coprocola	-0.00153525703245	-0.00473581608262	0.0192699631211	-0.0698161861057	0.0286658533124	0.0488688340187	0.0184392741158	0.0191779557772	-0.0415184482851	-0.0377900992574	0.0224943519134	1.0	0.019017782672	-0.0707988591125	-0.00977262740721	-0.0575480653304	-0.0460469225149	0.0310759435991	0.0187505669795	-0.0115395648932	0.0409849007195	0.0216708200776	-0.0272850784587	0.00780247849855	0.0105332248232	-0.0753371757429	-0.0875742246091	-0.0111924523025	-0.0590484683616	-0.0571738743418	0.0209009931826	-0.0411464073741	0.0376061066244	0.0174376056079	0.0063225992433	-0.0379043326357	-0.0151426881295	-0.031239632511	-0.0248388974355	0.00487175004544	-0.00207361961409	-0.0247425018243	9.73504716919e-05	0.0172138454564	-0.0279166120498	-0.0324966962167	-0.0058965773207	-0.0412671962733	0.0641258266164	-0.0318421561972	0.0555798284941	-0.0127391037454	-0.0118959169433	0.0496051264087	-0.00186494821474	-0.000704575130267	0.00338502512687	-0.0084238321058	0.000271176790108
k__Bacteria;p__Bacteroidetes;c__Bacteroidia;o__Bacteroidales;f__Bacteroidaceae;g__Bacteroides;s__Bacteroides_cellulosilyticus	0.0134420656006	0.0200837252357	0.0329406705797	-0.0384934477017	0.00424432547337	0.0175287646712	-0.0157117862731	0.112500083587	-0.00631532930551	-0.0447837386104	-0.081491362028	0.019017782672	1.0	0.0279927825689	-0.0699617328165	0.00779938264909	-0.0376275086852	0.00317018668047	0.00219331184325	-0.00349758804497	0.004088633305	0.0320147283014	0.0105179848438	-0.0150191536292	0.0378131288282	0.0173018848573	0.0163801579432	-0.00207754919391	-0.0339046129457	0.0529826643454	-0.0433827150574	-0.0313566976009	-0.0199707160219	-0.010801741335	0.0103034450537	-0.0986061468877	-0.00515782584114	0.00393871429635	0.00157168872443	0.0648860418285	0.0405818721738	-0.000124632378271	-0.0816352274529	-0.000483076251818	-0.0243536870336	-0.0290807062037	0.0194857123848	-0.0272435315318	-0.00111300238692	0.00913535834641	0.0895386669354	-0.0276000855466	-0.0411598638395	-0.0143285468694	0.0159136447872	-0.0781423214983	-0.0514851038038	-0.0453281289595	-0.0373274831439
k__Bacteria;p__Bacteroidetes;c__Bacteroidia;o__Bacteroidales;f__Rikenellaceae;g__Alistipes;s__Alistipes_obesi	-0.0241024161792	0.0577095091635	0.0382708112806	0.017600536991	0.0111710075695	-0.0169031954372	0.0483372189012	-0.00780242620978	-0.0354873641231	-0.000983249079214	-0.0816714551521	-0.0707988591125	0.0279927825689	1.0	-0.0653886661726	-0.0504044577548	-0.0670756474143	-0.0238518535496	0.0199290967095	-0.0371223820446	-0.0258466226085	-0.0419747314182	0.0285587632061	-0.0514020372909	0.0303462026984	-0.0575079338288	-0.0236244599554	0.0109997713241	0.00737805375079	0.02402957677	0.0350305061391	0.0347535146408	0.0195568372225	-0.0217109601049	-0.0286798421073	0.0100075981489	0.00805381693613	-0.0472741842252	-0.0449614528418	-0.0419107228606	-0.0142953361184	0.00129107011998	0.0643067969559	0.0179819982787	-0.0145359928299	0.0170210414493	-0.0977402142304	0.00524105293962	-0.058010837161	-0.0170746567088	0.0200942069327	0.00514978404881	-0.00981060818015	-0.00615316900362	-0.0124657239633	-0.065558773134	0.0599260864289	0.0122238019319	0.00385161593966
k__Bacteria;p__Firmicutes;c__Clostridia;o__Clostridiales;f__Lachnospiraceae;g__;s__[Eubacterium]_rectale	0.056430310486	-0.00966361543106	-0.000468300465901	-0.0438643549782	-0.0317484990522	-0.0218879638844	0.0112661555072	-0.038510683553	-0.00844230617472	-0.00291169055596	-0.0399237068212	-0.00977262740721	-0.0699617328165	-0.0653886661726	1.0	0.0104599801885	-0.0468683053473	-0.0268809798629	0.0173975613998	-0.0659790897987	-0.0687249517265	-0.0377042804783	0.0165357206468	-0.0232969370714	0.0131045603309	0.0280458000044	0.0182232811542	0.0058453733647	0.0148547020539	0.0250093761309	-0.0359597226933	0.0166970395093	-0.000163128076434	-0.00188106667781	-0.0185202924997	0.0127354180224	-0.0246422127905	-0.0209225775711	-0.00478594520909	0.0378652345111	0.00418627076309	0.000157392557018	-0.0218850422542	-0.0651775280586	-0.0627608102093	-0.045110193636	0.0351233832108	0.041047375433	-0.0172163310398	-0.000172449732201	0.00576619694772	0.00560029394738	0.0223460628846	0.0239079518365	-0.0441774057075	-0.0594578702084	-0.0222780513707	-0.0410277700556	0.0243411117913
k__Bacteria;p__Bacteroidetes;c__Bacteroidia;o__Bacteroidales;f__Bacteroidaceae;g__Bacteroides;s__Bacteroides_plebeius	0.0592025776125	-0.00543581078116	-0.00267119205509	0.0250311834645	-0.0395073078729	0.0152173892287	-0.0143881737222	-0.030001283158	-0.0260078936456	-0.0262689532916	0.0478044504676	-0.0575480653304	0.00779938264909	-0.0504044577548	0.0104599801885	1.0	0.00935012569154	0.0351178675049	0.0153855143174	-0.0100974598305	0.00169506498028	0.00330972211285	0.0660339841002	-0.0292305178734	-0.0350461276143	0.00692506475651	-0.0191250808443	0.0195677187701	-0.03112040235	0.00561973264664	0.00782266645863	0.00641072357293	-0.0495421867703	-0.0830983278866	-0.0451506216326	-0.0266582068951	0.0112491712654	-0.0109029637963	-0.0319400093772	0.0613843756983	-0.0534210968525	-0.117647561973	-0.03488749053	0.0184129709285	0.0297809701401	0.00101322114594	-0.0172727629007	-0.0225102750164	-0.0197318997044	-3.01027892887e-05	-0.0531990062434	-0.0295741804864	0.054296840171	-0.0072252981263	0.00322372594735	0.0141320806555	-0.0683235933757	-0.00567586196559	0.0272679910796
k__Bacteria;p__Bacteroidetes;c__Bacteroidia;o__Bacteroidales;f__Bacteroidaceae;g__Bacteroides;s__Bacteroides_fragilis	-0.0460221824772	-0.106081993625	0.0614010551942	-0.0436951841015	-0.0183352580119	-0.0179674129874	-0.0619989875169	-0.0397534254144	0.0206599089911	0.0465874186577	-0.0500788381761	-0.0460469225149	-0.0376275086852	-0.0670756474143	-0.0468683053473	0.00935012569154	1.0	-0.101531241535	0.0276004048817	0.0310960587444	0.0196346675972	0.0368086408741	-0.0483146601865	0.027881045293	0.0778710842899	-0.0431222438136	0.0168930770247	-0.0379739427745	-0.0011952382114	-0.0259176695549	0.0271368768926	-0.0265606569039	-0.00767525976943	-0.0632836074926	0.0841559122037	0.0195149093354	-0.0127488086025	-0.0154621747002	-0.0711365965467	-0.0683719900046	0.0285712285227	-0.014759663783	0.0505372773756	0.00553596097987	0.00975751388699	0.032233093189	-0.0550995222102	-0.0149124655904	-0.0504868933496	0.0632156127408	0.0445804766677	0.022404648285	0.0208751960013	-0.0237235976976	-0.01717944251	0.0299550317162	-0.0208969592982	-0.0670869587532	0.0196283185762
k__Bacteria;p__Proteobacteria;c__Betaproteobacteria;o__Burkholderiales;f__Sutterellaceae;g__Sutterella;s__Sutterella_wadsworthensis	0.0177544461822	-0.0208988121269	0.0281882922648	-0.0157360799866	-0.0910332711514	-0.048002612792	0.101995004227	-0.0317412480387	0.0179309431533	-0.0376581934949	0.0547597692992	0.0310759435991	0.00317018668047	-0.0238518535496	-0.0268809798629	0.0351178675049	-0.101531241535	1.0	-0.0426471711517	0.000148376553046	0.0653205691434	-0.0237419594582	0.00760993018503	0.0770812016189	-0.0409855719712	-0.0164462461229	0.0179777886625	-0.0540258235164	0.010301338421	-0.0299732566063	0.0322024269872	-0.0179401152276	-0.0231417992817	-0.0175151616774	-0.00475523983464	-0.0034292122316	-0.0151401959551	-0.00856086465244	-0.0304989474869	0.00835660310521	-0.0405218208267	-0.037990808061	0.027667447973	-0.0303540397683	0.017347015054	0.02223698256	-0.0566677314769	0.0296109168598	0.0266019869805	0.0162473424688	-0.0543817949831	-0.015684888937	0.00163001546995	0.0337857343197	0.00980885025464	0.0361521512721	0.0127990029351	0.0244866285533	-0.0216084228304
k__Bacteria;p__Bacteroidetes;c__Bacteroidia;o__Bacteroidales;f__Porphyromonadaceae;g__Barnesiella;s__Barnesiella_intestinihominis	0.0363277169688	0.0551512067207	-0.0362591643409	-0.0887562345668	-0.030070265809	0.0206354200684	0.00724972494628	-9.9597241696e-07	-0.0421164581851	0.000492773579043	0.026800268696	0.0187505669795	0.00219331184325	0.0199290967095	0.0173975613998	0.0153855143174	0.0276004048817	-0.0426471711517	1.0	-0.0364276453529	-0.0853479774379	0.00388288123107	0.0292817669699	0.0269721657448	0.00298671259255	0.0207711108826	-0.0657176787007	-0.0395031893031	0.0230173892744	-0.02066802425	0.00781886226954	-0.000892713650773	-0.0121456563782	-0.0201275665114	-0.0106893304775	-0.0372574860465	-0.0562972638994	0.0445506462416	-0.0425141695226	-0.045625617657	-0.017961724036	-0.0104346061812	-0.0429799672135	-0.0619799931387	-0.021990713507	0.00935501852181	0.0421638408179	-0.00244411235761	-0.0618690066458	-0.0180587525114	-0.045706717226	-0.0958489714587	0.0237778239529	-0.0176576407802	-0.000142489118226	-0.0313255675395	0.0594324039842	-0.0608894748909	0.0675189762213
k__Bacteria;p__Bacteroidetes;c__Bacteroidia;o__Bacteroidales;f__Odoribacteraceae;g__Odoribacter;s__Odoribacter_splanchnicus	-0.0129132693741	-0.0175435501116	-0.0693839119455	0.0267668345202	0.00759550335228	0.0148332237653	-0.0561614070778	-0.0512077870247	0.014078783477	-0.0101131843133	0.0139373702568	-0.0115395648932	-0.00349758804497	-0.0371223820446	-0.0659790897987	-0.0100974598305	0.0310960587444	0.000148376553046	-0.0364276453529	1.0	-0.0232138396187	-0.0288010572461	-0.022164167806	0.00113075102058	-0.0165299396916	-0.0241224221079	0.010947186584	0.00959755455225	0.0233356524614	0.025209021088	-0.00114526772633	6.88332183779e-06	-0.00635850989695	-0.0162890173346	-0.0110838000944	-0.0490027163094	-0.00694838538205	-0.0909960939953	0.00998744715226	-0.0509838855679	-0.0761415611744	0.00395329210281	0.0113607562759	-0.0415123509541	0.0743632686592	-0.0316788060389	0.0229278145125	0.0352906488652	0.0374178037946	0.0303977217396	-0.00671470081069	-0.0055834962883	-0.0434549470932	0.0248928169486	0.0241722635663	-0.0249287319846	0.0278001390196	0.11392529922	-0.0471479828476
k__Bacteria;p__Bacteroidetes;c__Bacteroidia;o__Bacteroidales;f__Bacteroidaceae;g__Bacteroides;s__Bacteroides_salyersiae	-0.0234112030193	0.016915129823	0.0229348340149	0.017120617872	0.0289560885096	0.0144929152338	-0.0177218307723	-0.0235918443883	-0.0119288500008	0.00296578892754	-0.00613314454301	0.0409849007195	0.004088633305	-0.0258466226085	-0.0687249517265	0.00169506498028	0.0196346675972	0.0653205691434	-0.0853479774379	-0.0232138396187	1.0	0.0277853316778	-0.0488561063347	-0.0534806841983	-0.0483269620897	0.0575829935654	-0.0309350803862	0.0193814626108	-0.0329273204843	0.049924898801	0.0174961407532	-0.0433089891075	-0.00322325202289	-0.0772348621789	-0.0455428994364	0.019953722894	-0.0159997654549	-0.0753776892162	-0.031569300194	-0.00911788983814	0.0219016594583	-0.0296307982146	0.0346484933506	-0.0451113515556	-0.0127889697592	0.0383126320537	-0.0675844214079	0.0186118882818	-0.0702347860791	-0.00507515375094	-0.00851611180816	0.00793469387522	0.00283215341599	0.0603484842887	0.0386211820305	-0.0198098228745	-0.053112438705	0.0121272312315	-0.0572523454442
k__Bacteria;p__Firmicutes;c__Clostridia;o__Clostridiales;f__Ruminococcaceae;g__Ruminiclostridium;s__[Eubacterium]_siraeum	-0.0536763821732	-0.0159129324953	-0.0341980224766	-0.00280155579322	-0.00559007441752	-0.0107356897015	0.0589116406552	-0.0289869605661	-0.02890005583	0.0490146874806	0.0591694378423	0.0216708200776	0.0320147283014	-0.0419747314182	-0.0377042804783	0.00330972211285	0.0368086408741	-0.0237419594582	0.00388288123107	-0.0288010572461	0.0277853316778	1.0	-0.0385630399664	0.0109945839024	0.00448592187265	-0.0440404466271	-0.0300322353696	-0.0228900333448	-0.0418172552843	-0.0244976075572	0.0587077480022	0.0383599284937	0.00813747756282	0.0427071758462	0.0830943502888	0.0285226506469	-0.0344754555258	-0.0445545337061	-0.0977353520784	-0.0287286064639	-0.0129530281129	-0.0333395715385	-0.0467987834806	0.0838318966885	-0.0296444938988	-0.020466680161	0.0801046997584	-0.00635745957197	0.0355280598788	-0.0668896178715	-0.0503401462159	-0.0196660176801	-0.0497704818317	-0.000441347650527	0.0359468603844	-0.0148587101426	-0.00280353594524	-0.0464455577046	0.039877888905
k__Bacteria;p__Proteobacteria;c__Betaproteobacteria;o__Burkholderiales;f__Sutterellaceae;g__Parasutterella;s__Parasutterella_excrementihominis	0.0444607131416	-0.0301168430789	-0.0601578686888	-0.0136024052745	-0.00753256592512	0.0234156146073	-0.0707200946585	-0.00689640518169	-0.102604754294	-0.00990776892858	0.0435092368497	-0.0272850784587	0.0105179848438	0.0285587632061	0.0165357206468	0.0660339841002	-0.0483146601865	0.00760993018503	0.0292817669699	-0.022164167806	-0.0488561063347	-0.0385630399664	1.0	-0.0794666298313	-0.0123210714137	-0.0169753929991	-0.0245338698233	0.00751315506662	0.00569758418887	-0.0245240433474	0.028039711873	0.00761378094913	-0.0019128642134	-0.0151351124226	0.0204308155574	0.0157996663585	-0.0092821820576	0.000998772841651	0.0134072532142	-0.0264069859891	-0.0022696522564	-0.0378165822315	-0.0160837892783	-0.0294895463261	-0.0123406141716	-0.0315874294716	-0.0455479873235	0.0282013267878	-0.00964950575773	-0.00724090210625	0.0380606588542	-0.0424177193119	-0.0193999609225	0.0451006437461	-0.0233329498399	0.0295885581933	0.00712621657655	0.0137988793313	-0.0147411547093
k__Bacteria;p__Actinobacteria;c__Actinobacteria;o__Bifidobacteriales;f__Bifidobacteriaceae;g__Bifidobacterium;s__Bifidobacterium_adolescentis	-0.00109123692113	-0.00137071758534	-0.0120111618781	-0.0273383421239	0.0682016730264	-0.0346103938177	-0.00544929327952	0.0427861873254	-0.0498564557922	0.0574653930483	-0.0190021786834	0.00780247849855	-0.0150191536292	-0.0514020372909	-0.0232969370714	-0.0292305178734	0.027881045293	0.0770812016189	0.0269721657448	0.00113075102058	-0.0534806841983	0.0109945839024	-0.0794666298313	1.0	0.0159643312679	0.0245499255342	-0.0575913106109	-0.058565522206	-0.0169466544949	-0.0167417923562	-0.0183108610552	-0.00612073604086	-0.0131710048255	-0.00363894871371	-0.0797793035549	-0.0371157091374	-0.0431224717228	0.0884381061386	0.00958674206331	-0.0439693656528	0.0480386757458	0.00177641801336	0.116155345023	0.0412858488016	0.0239314448496	-0.013203716547	-0.0166639547504	0.067841379359	0.0175276259077	-0.10886883412	-0.0223849148534	0.0485290376198	-0.0644985191576	0.0307284506233	-0.0147142121547	0.0056123800777	0.0330112909225	-0.00659958608018	-0.043554761842
k__Bacteria;p__Firmicutes;c__Clostridia;o__Clostridiales;f__Oscillospiraceae;g__Oscillibacter;s__Oscillibacter_sp._KLE_1745	-0.0609211966424	-0.0685727547742	-0.0676723792403	0.0528900747036	-0.0411201616519	0.0122272320419	-0.014490472522	0.0363456906798	0.00342241909593	-0.0260448857794	0.0442744592051	0.0105332248232	0.0378131288282	0.0303462026984	0.0131045603309	-0.0350461276143	0.0778710842899	-0.0409855719712	0.00298671259255	-0.0165299396916	-0.0483269620897	0.00448592187265	-0.0123210714137	0.0159643312679	1.0	0.00290810406454	-0.0213442582758	0.0798372870933	-0.0426403832259	-0.0239581724291	-0.0342589821423	-0.000913698909686	-0.0627284261491	-0.0550518902724	-0.0689417106909	-0.0652821875435	-0.0231896960682	0.0332243591427	-0.00582377437885	0.00137648422199	0.0402813726799	0.0716683662843	0.0583816324162	-0.0609112122515	-0.0405699824979	0.0449076421889	0.0135744787512	-0.0228146357208	-0.00151913787156	-0.00253337124964	0.00939285614477	-0.0126535130989	-0.0256126564068	0.0127817985228	-0.0410097942573	0.0200852708945	-0.0111589235611	0.0719634233918	-0.0483839338726
k__Bacteria;p__Bacteroidetes;c__Bacteroidia;o__Bacteroidales;f__Bacteroidaceae;g__Bacteroides;s__Bacteroides_coprophilus	-0.0505445027654	0.0182412232391	0.0329688576489	-0.00669137770893	-0.0105338934287	-0.0160542028246	0.0295489100268	-0.00851599099454	-0.0604249933964	-0.0727654627224	-0.0278218240884	-0.0753371757429	0.0173018848573	-0.0575079338288	0.0280458000044	0.00692506475651	-0.0431222438136	-0.0164462461229	0.0207711108826	-0.0241224221079	0.0575829935654	-0.0440404466271	-0.0169753929991	0.0245499255342	0.00290810406454	1.0	0.0202692956367	-0.0109217865262	0.0710335661839	-0.0410937377286	0.0403201718106	-0.0719495390283	-0.0749864695426	0.0483950119331	-0.0336321434369	0.0493607599729	0.0346910344736	-0.0461978927485	-0.0410751470958	-0.0719339015143	-0.0337890763545	-0.0129544282569	-0.0333778847659	0.0202483955034	-0.0239018603143	-0.0149681280971	-0.0206853871733	0.0179228044177	0.025312381069	0.0551136193902	0.0316929562812	-0.0605036901292	-0.0421072939834	-0.0723871782952	-0.0304121531158	0.00896747991033	-0.00658737011147	0.00825984803932	-0.0193463499444
k__Bacteria;p__Firmicutes;c__Clostridia;o__Clostridiales;f__Lachnospiraceae;g__Roseburia;s__Roseburia_intestinalis	0.0167110642782	-0.0719552695111	-0.0191941016588	0.0419342837654	-0.00563760411229	-0.0347584893288	-0.00193202524584	-0.00259204049395	0.0189861989411	-0.09932981665	-0.0218079816868	-0.0875742246091	0.0163801579432	-0.0236244599554	0.0182232811542	-0.0191250808443	0.0168930770247	0.0179777886625	-0.0657176787007	0.010947186584	-0.0309350803862	-0.0300322353696	-0.0245338698233	-0.0575913106109	-0.0213442582758	0.0202692956367	1.0	0.0124909836337	-0.00681311475812	0.0349700139128	-0.0227641077568	-0.0375141927466	0.0147301064366	0.00547348449821	0.0132661896848	-0.0622288987771	-0.0466067764694	-0.053451608811	-0.0364382966187	-0.0391261845564	0.0516511631348	-0.0309808981601	-0.00686259994281	-0.0251281222657	0.0187083983952	-0.0235989097058	-0.0288080709943	0.00627003936742	0.0631459087387	-0.0134112723559	0.0184751497066	-0.012083565127	0.0167303032226	-0.0246873652681	0.0520747291399	0.0616924726653	-0.0150766828414	0.0262398964891	0.103302299225
k__Bacteria;p__Firmicutes;c__Clostridia;o__Clostridiales;f__Lachnospiraceae;g__Roseburia;s__Roseburia_hominis	0.0260324938975	-0.00196077568506	0.03028429782	-0.0137314523652	-0.0262902445834	-0.0493479752353	0.00171775585403	-0.0425893567191	-0.0550857943478	-0.00625534187373	-0.0554925592918	-0.0111924523025	-0.00207754919391	0.0109997713241	0.0058453733647	0.0195677187701	-0.0379739427745	-0.0540258235164	-0.0395031893031	0.00959755455225	0.0193814626108	-0.0228900333448	0.00751315506662	-0.058565522206	0.0798372870933	-0.0109217865262	0.0124909836337	1.0	-0.0475651203862	-0.0155277538508	-0.0468710563811	0.00587933677446	-0.0207591762679	-0.0526284278632	-0.0167215279113	0.0408496388492	-0.0199965656778	0.0249336752956	-0.0138286230127	0.0809768991496	-0.0266620982113	0.0612159828359	-0.040889337137	-0.0623532158647	0.011197784917	0.013111475669	0.045471682996	0.00739227501574	-0.0354327899943	0.03608022326	-0.00447712387667	-0.00757528921309	-0.00632127718035	0.052666253274	-0.0491115139781	-0.0246431074705	-0.0898654432626	0.0425698063643	0.00801461233231
k__Bacteria;p__Bacteroidetes;c__Bacteroidia;o__Bacteroidales;f__Porphyromonadaceae;g__Parabacteroides;s__Parabacteroides_johnsonii	-0.0105989831971	-0.0076029619035	-0.0151190981444	-0.0412278777144	-0.0100146368048	-0.0421296280299	0.0163487208508	-0.015921756528	0.0443730161076	0.0304126657394	-0.00402304091241	-0.0590484683616	-0.0339046129457	0.00737805375079	0.0148547020539	-0.03112040235	-0.0011952382114	0.010301338421	0.0230173892744	0.0233356524614	-0.0329273204843	-0.0418172552843	0.00569758418887	-0.0169466544949	-0.0426403832259	0.0710335661839	-0.00681311475812	-0.0475651203862	1.0	-0.0164799159773	0.00481007868877	-0.0105111640728	-0.0697728610554	0.0403277655219	0.00650588164211	-0.0222795500303	0.0474126850963	0.0279686802601	-0.0281362023041	0.0467484019835	-0.0927227079956	0.0522160770872	-0.0604118773094	0.00778526644571	0.0518696539477	0.0260856861797	-0.0218390245543	-0.0516023911291	0.0369541052307	-0.0446166446467	0.00961072218822	0.0489167506672	-0.0089704679254	-0.0329836606456	-0.00922398974127	-0.0440689239932	0.0348889364562	-0.0603739929105	0.00368363166409
k__Bacteria;p__Actinobacteria;c__Actinobacteria;o__Bifidobacteriales;f__Bifidobacteriaceae;g__Bifidobacterium;s__Bifidobacterium_longum	0.0263901582396	0.0417267103302	-0.0141262496384	0.0505637148948	-0.0794162494511	-0.0136815269374	0.0415572922412	-0.0130815549741	-0.0829706198942	-0.0601829748617	-0.00900508180642	-0.0571738743418	0.0529826643454	0.02402957677	0.0250093761309	0.00561973264664	-0.0259176695549	-0.0299732566063	-0.02066802425	0.025209021088	0.049924898801	-0.0244976075572	-0.0245240433474	-0.0167417923562	-0.0239581724291	-0.0410937377286	0.0349700139128	-0.0155277538508	-0.0164799159773	1.0	0.00502408265043	-0.0349054871533	0.0493261949907	-0.0282561723446	-0.0327908744949	0.0160641810153	0.0585118886562	0.0541941651135	0.036652649372	-0.0179161199069	0.0162732290966	0.00900470368971	-0.0424311769866	0.0441987825637	-0.0540638963327	0.0567041589832	0.00315181395416	-0.021409783076	-0.0407285063254	-0.0163897373762	-0.00319690389024	-0.0628684370852	0.026109088365	0.0665298677874	-0.0298668506917	-0.0109549474295	0.00427875710682	0.0425858126523	-0.044427530121
