#taxonomy	k__Bacteria;p__Bacteroidetes;c__Bacteroidia;o__Bacteroidales;f__Bacteroidaceae;g__Bacteroides;s__Bacteroides_vulgatus	k__Bacteria;p__Bacteroidetes;c__Bacteroidia;o__Bacteroidales;f__Bacteroidaceae;g__Bacteroides;s__Bacteroides_uniformis	k__Bacteria;p__Bacteroidetes;c__Bacteroidia;o__Bacteroidales;f__Rikenellaceae;g__Alistipes;s__Alistipes_putredinis	k__Bacteria;p__Bacteroidetes;c__Bacteroidia;o__Bacteroidales;f__Prevotellaceae;g__Prevotella;s__Prevotella_copri	k__Bacteria;p__Bacteroidetes;c__Bacteroidia;o__Bacteroidales;f__Bacteroidaceae;g__Bacteroides;s__Bacteroides_stercoris	k__Bacteria;p__Bacteroidetes;c__Bacteroidia;o__Bacteroidales;f__Bacteroidaceae;g__Bacteroides;s__Bacteroides_ovatus	k__Bacteria;p__Bacteroidetes;c__Bacteroidia;o__Bacteroidales;f__Rikenellaceae;g__Alistipes;s__Alistipes_shahii	k__Bacteria;p__Firmicutes;c__Clostridia;o__Clostridiales;f__Ruminococcaceae;g__Faecalibacterium;s__Faecalibacterium_prausnitzii	k__Bacteria;p__Bacteroidetes;c__Bacteroidia;o__Bacteroidales;f__Rikenellaceae;g__Alistipes;s__Alistipes_finegoldii	k__Bacteria;p__Bacteroidetes;c__Bacteroidia;o__Bacteroidales;f__Porphyromonadaceae;g__Parabacteroides;s__Parabacteroides_distasonis	k__Bacteria;p__Bacteroidetes;c__Bacteroidia;o__Bacteroidales;f__Bacteroidaceae;g__Bacteroides;s__Bacteroides_thetaiotaomicron	k__Bacteria;p__Bacteroidetes;c__Bacteroidia;o__Bacteroidales;f__Bacteroidaceae;g__Bacteroides;s__Bacteroides_coprocola	k__Bacteria;p__Bacteroidetes;c__Bacteroidia;o__Bacteroidales;f__Bacteroidaceae;g__Bacteroides;s__Bacteroides_cellulosilyticus	k__Bacteria;p__Bacteroidetes;c__Bacteroidia;o__Bacteroidales;f__Rikenellaceae;g__Alistipes;s__Alistipes_obesi	k__Bacteria;p__Firmicutes;c__Clostridia;o__Clostridiales;f__Lachnospiraceae;g__;s__[Eubacterium]_rectale	k__Bacteria;p__Bacteroidetes;c__Bacteroidia;o__Bacteroidales;f__Bacteroidaceae;g__Bacteroides;s__Bacteroides_plebeius	k__Bacteria;p__Bacteroidetes;c__Bacteroidia;o__Bacteroidales;f__Bacteroidaceae;g__Bacteroides;s__Bacteroides_fragilis	k__Bacteria;p__Proteobacteria;c__Betaproteobacteria;o__Burkholderiales;f__Sutterellaceae;g__Sutterella;s__Sutterella_wadsworthensis	k__Bacteria;p__Bacteroidetes;c__Bacteroidia;o__Bacteroidales;f__Porphyromonadaceae;g__Barnesiella;s__Barnesiella_intestinihominis	k__Bacteria;p__Bacteroidetes;c__Bacteroidia;o__Bacteroidales;f__Odoribacteraceae;g__Odoribacter;s__Odoribacter_splanchnicus	k__Bacteria;p__Bacteroidetes;c__Bacteroidia;o__Bacteroidales;f__Bacteroidaceae;g__Bacteroides;s__Bacteroides_salyersiae	k__Bacteria;p__Firmicutes;c__Clostridia;o__Clostridiales;f__Ruminococcaceae;g__Ruminiclostridium;s__[Eubacterium]_siraeum	k__Bacteria;p__Proteobacteria;c__Betaproteobacteria;o__Burkholderiales;f__Sutterellaceae;g__Parasutterella;s__Parasutterella_excrementihominis	k__Bacteria;p__Actinobacteria;c__Actinobacteria;o__Bifidobacteriales;f__Bifidobacteriaceae;g__Bifidobacterium;s__Bifidobacterium_adolescentis	k__Bacteria;p__Firmicutes;c__Clostridia;o__Clostridiales;f__Oscillospiraceae;g__Oscillibacter;s__Oscillibacter_sp._KLE_1745	k__Bacteria;p__Bacteroidetes;c__Bacteroidia;o__Bacteroidales;f__Bacteroidaceae;g__Bacteroides;s__Bacteroides_coprophilus	k__Bacteria;p__Firmicutes;c__Clostridia;o__Clostridiales;f__Lachnospiraceae;g__Roseburia;s__Roseburia_intestinalis	k__Bacteria;p__Firmicutes;c__Clostridia;o__Clostridiales;f__Lachnospiraceae;g__Roseburia;s__Roseburia_hominis	k__Bacteria;p__Bacteroidetes;c__Bacteroidia;o__Bacteroidales;f__Porphyromonadaceae;g__Parabacteroides;s__Parabacteroides_johnsonii	k__Bacteria;p__Actinobacteria;c__Actinobacteria;o__Bifidobacteriales;f__Bifidobacteriaceae;g__Bifidobacterium;s__Bifidobacterium_longum	k__Bacteria;p__Firmicutes;c__Clostridia;o__Clostridiales;f__;g__Flavonifractor;s__Flavonifractor_plautii	k__Bacteria;p__Firmicutes;c__Clostridia;o__Clostridiales;f__Clostridiaceae;g__Clostridium;s__Clostridium_phoceensis	k__Bacteria;p__Verrucomicrobia;c__Verrucomicrobiae;o__Verrucomicrobiales;f__Akkermansiaceae;g__Akkermansia;s__Akkermansia_muciniphila	k__Bacteria;p__Bacteroidetes;c__Bacteroidia;o__Bacteroidales;f__Prevotellaceae;g__Paraprevotella;s__Paraprevotella_xylaniphila	k__Bacteria;p__Firmicutes;c__Clostridia;o__Clostridiales;f__Ruminococcaceae;g__Ruminococcus;s__Ruminococcus_callidus	k__Bacteria;p__Bacteroidetes;c__Bacteroidia;o__Bacteroidales;f__Rikenellaceae;g__Alistipes;s__Alistipes_senegalensis	k__Bacteria;p__Firmicutes;c__Clostridia;o__Clostridiales;f__Lachnospiraceae;g__Blautia;s__Blautia_sp._KLE_1732	k__Bacteria;p__Bacteroidetes;c__Bacteroidia;o__Bacteroidales;f__Bacteroidaceae;g__Bacteroides;s__Bacteroides_oleiciplenus	k__Bacteria;p__Firmicutes;c__Clostridia;o__Clostridiales;f__Ruminococcaceae;g__Ruminococcus;s__Ruminococcus_bicirculans	k__Bacteria;p__Bacteroidetes;c__Bacteroidia;o__Bacteroidales;f__Bacteroidaceae;g__Bacteroides;s__Bacteroides_fluxus	k__Bacteria;p__Bacteroidetes;c__Bacteroidia;o__Bacteroidales;f__Prevotellaceae;g__Prevotella;s__Prevotella_stercorea	k__Bacteria;p__Firmicutes;c__Clostridia;o__Clostridiales;f__Lachnospiraceae;g__Dorea;s__Dorea_longicatena	k__Bacteria;p__Firmicutes;c__Clostridia;o__Clostridiales;f__Eubacteriaceae;g__Eubacterium;s__[Eubacterium]_eligens	k__Bacteria;p__Firmicutes;c__Clostridia;o__Clostridiales;f__Ruminococcaceae;g__;s__Ruminococcaceae_bacterium_D16	k__Bacteria;p__Firmicutes;c__Clostridia;o__Clostridiales;f__Lachnospiraceae;g__Coprococcus;s__Coprococcus_comes	k__Bacteria;p__Proteobacteria;c__Gammaproteobacteria;o__Enterobacterales;f__Enterobacteriaceae;g__Escherichia;s__Escherichia_coli	k__Bacteria;p__Firmicutes;c__Clostridia;o__Clostridiales;f__Ruminococcaceae;g__Anaerotruncus;s__Anaerotruncus_colihominis	k__Bacteria;p__Firmicutes;c__Clostridia;o__Clostridiales;f__Lachnospiraceae;g__Blautia;s__Blautia_obeum	k__Bacteria;p__Bacteroidetes;c__Bacteroidia;o__Bacteroidales;f__Odoribacteraceae;g__Odoribacter;s__Odoribacter_laneus	k__Bacteria;p__Firmicutes;c__Clostridia;o__Clostridiales;f__Ruminococcaceae;g__Ruminiclostridium;s__[Clostridium]_leptum	k__Bacteria;p__Bacteroidetes;c__Bacteroidia;o__Bacteroidales;f__Porphyromonadaceae;g__Parabacteroides;s__Parabacteroides_goldsteinii	k__Bacteria;p__Firmicutes;c__Clostridia;o__Clostridiales;f__Lachnospiraceae;g__Anaerostipes;s__Anaerostipes_hadrus	k__Bacteria;p__Firmicutes;c__Clostridia;o__Clostridiales;f__Ruminococcaceae;g__Ruminococcus;s__Ruminococcus_lactaris	k__Bacteria;p__Firmicutes;c__Clostridia;o__Clostridiales;f__Clostridiaceae;g__Clostridium;s__Clostridium_sp._L2-50	k__Bacteria;p__Firmicutes;c__Clostridia;o__Clostridiales;f__Clostridiaceae;g__Clostridium;s__Clostridium_sp._M62/1	k__Bacteria;p__Firmicutes;c__Clostridia;o__Clostridiales;f__;g__Intestinimonas;s__Intestinimonas_butyriciproducens	k__Bacteria;p__Actinobacteria;c__Actinobacteria;o__Bifidobacteriales;f__Bifidobacteriaceae;g__Bifidobacterium;s__Bifidobacterium_bifidum	k__Bacteria;p__Firmicutes;c__Negativicutes;o__Veillonellales;f__Veillonellaceae;g__Dialister;s__Dialister_invisus	k__Bacteria;p__Bacteroidetes;c__Bacteroidia;o__Bacteroidales;f__Bacteroidaceae;g__Bacteroides;s__Bacteroides_salanitronis
k__Bacteria;p__Bacteroidetes;c__Bacteroidia;o__Bacteroidales;f__Bacteroidaceae;g__Bacteroides;s__Bacteroides_vulgatus	1.0	-0.00117854306858	-0.0226288038581	-0.0495239883835	-0.0478744032901	-0.00494289775064	0.00907302425953	0.0173616887087	0.0320145956635	0.0176170780562	0.0445791065694	-0.0440394519916	-0.0516225977756	-0.0751013637763	-0.0752731851424	0.044976106555	-0.0270371832882	-0.0854171119892	-0.040539428857	0.000273598508396	-0.0290685782769	-0.0117973578471	-0.0267825752439	-0.0494910045071	0.0339240034935	-0.00303874473469	-0.0794612655456	-0.0267999965134	0.0037996600599	-0.00945490944382	-0.0730021093709	-0.00116593649359	-0.0309064578165	0.0447952974096	-0.00633896722786	0.0118267329055	-0.037187107965	0.0257961713301	0.0513084831361	0.0148384413557	0.00817827651211	0.0467357483837	-0.0181482129145	0.0185111506945	0.0435899805219	-0.00397602487362	0.043316487197	0.00214344019566	0.0782758859255	-0.0381205861138	0.0243833999292	-0.0171178559248	-0.0635585308682	-0.0477566400301	-0.0340075331882	-0.0044731279152	-0.0436694867955	-0.0224807889896	-0.0290684361262
k__Bacteria;p__Bacteroidetes;c__Bacteroidia;o__Bacteroidales;f__Bacteroidaceae;g__Bacteroides;s__Bacteroides_uniformis	-0.00117854306858	1.0	0.00160825140598	-0.027291302869	-0.00732484417865	-0.00892460093024	-0.000101325524441	-0.0184533735283	-0.0623031733048	-0.0207075698603	0.0174574069772	0.082088940826	-0.03089495001	-0.00622808963373	-0.00855975175907	-0.104558697064	0.00694094563896	0.038214386147	-0.0130091552511	0.0430146505979	-0.0448573085916	-0.0399583990192	-0.0165012085646	0.0123745624502	-0.0422614786606	0.0307785491905	0.00436806282711	-0.070509149604	0.00243792794943	0.00781596420634	-0.0290536307766	0.0185595004925	0.008537000742	-0.018311536497	-0.0489376016919	0.047505356605	-0.0555034166536	0.0307310477821	-0.035771910096	-0.0753163479321	0.000194398032242	-0.0261570773908	0.0105633005834	-0.0150956817031	0.087350437552	-0.0348274578944	-0.0202822713192	0.0490749846017	0.00885918515002	-0.0597501218372	-0.0311640911616	0.0385838990208	-0.0112597399257	0.0221558491981	-0.02743484223	-0.0125413902762	-0.0216324827661	-0.0416462153647	-0.0916504618046
k__Bacteria;p__Bacteroidetes;c__Bacteroidia;o__Bacteroidales;f__Rikenellaceae;g__Alistipes;s__Alistipes_putredinis	-0.0226288038581	0.00160825140598	1.0	-0.0508831304897	0.0130095743037	0.0395819382246	-0.0228942893811	0.0506819879207	0.0217922202337	0.0489383966655	0.0188615034598	-0.028866057171	-0.00349211729262	0.01184143879	0.0284722451952	0.044974572306	0.0103675035941	-0.052004979616	0.0154950690825	-0.0277636041025	-0.0544529959805	-0.0146416391674	0.043795387836	-0.0975502741328	0.00379907425622	-0.0587440576006	-0.0677513448067	-0.0119294169036	-0.0727358538516	0.0281676269674	0.0411483894352	0.0153142441038	-0.0676225049383	-0.033104175093	0.0235952910566	-0.0625539159354	0.00126994781821	-0.0282894651502	-0.0012015344777	0.0219090304626	0.0228893958369	-0.00490294909401	-0.037239803963	-0.0346842786353	-0.0310420332694	-0.023582767967	-0.0496350366268	0.0034058729559	0.0118295413536	-0.0360577081091	-0.0247128653726	0.0544403264689	-0.0478213817479	-0.0231717731808	0.0307182760257	0.0446529434354	0.0875733751857	-0.00835756387691	0.0134011831245
k__Bacteria;p__Bacteroidetes;c__Bacteroidia;o__Bacteroidales;f__Prevotellaceae;g__Prevotella;s__Prevotella_copri	-0.0495239883835	-0.027291302869	-0.0508831304897	1.0	0.0670550023829	-0.0598051826798	-0.00592013909508	0.0439517169865	-0.0104965794703	-0.0492395963674	-0.02645622096	-0.0452521767742	-0.00582368748236	-0.0279221969556	0.013762680568	0.0931684324538	-0.0574778201183	0.0300271491571	-0.04769562918	0.0649819811324	-0.0609995319075	-0.0565940415196	-0.0166297147563	0.0131216867697	0.0578411834654	-0.00731552217378	0.0699725800947	-0.0150870894805	-0.012712339235	-0.023266107014	0.0214433115443	-0.0273721922944	-0.0122300735231	-0.0135805493345	0.0154364927482	-0.0218130828702	0.0408538435885	-0.031753269476	-0.0358543658955	0.0200876823699	-0.0137256669711	0.0291688445807	0.0393096175527	-0.0687860760805	0.0157737112148	0.0606825287485	0.0566725450221	0.00978066103455	-0.0850599832617	-0.00554610102666	-0.00698214514616	-0.051403461242	-0.0127346238097	-0.00101915272845	-0.0276914196745	-0.0312203540411	-0.00916865532396	-0.0345544459746	-0.0769786500062
k__Bacteria;p__Bacteroidetes;c__Bacteroidia;o__Bacteroidales;f__Bacteroidaceae;g__Bacteroides;s__Bacteroides_stercoris	-0.0478744032901	-0.00732484417865	0.0130095743037	0.0670550023829	1.0	0.0253323979742	0.0360766207436	-0.0314747620101	0.000810496688172	-0.123429295291	-0.0313096970232	0.0320351262027	-0.024900038457	-0.061419485533	0.0136333045988	-0.0294647655493	-0.0849218709407	-0.0305983287367	0.0651119789903	0.0134052846594	-0.000337522777916	-0.03101788817	-0.0177999072824	0.0627384986593	-0.0262919721832	-0.00309938439719	-0.0663076713079	0.0209527780124	-0.0749604155549	-0.00807164444965	0.0134250781904	0.0551882933478	0.0587248641438	-0.00633180161164	0.0401668905653	-0.0492227272393	-0.0696122899981	-0.0597354927243	0.000498485450008	-0.0228397397172	-0.0292920859576	-0.0257679797299	-0.0207531951962	-0.0095105709877	0.0454700443736	0.0814919946508	-0.0221956694388	-0.0272839510276	-0.024132023752	-0.000937594087257	-0.0068005226735	-0.0222082404242	0.00151790178464	0.0533062343104	0.0377778259849	0.0184966054778	-0.00867784634255	0.0101543539143	0.00364887819248
k__Bacteria;p__Bacteroidetes;c__Bacteroidia;o__Bacteroidales;f__Bacteroidaceae;g__Bacteroides;s__Bacteroides_ovatus	-0.00494289775064	-0.00892460093024	0.0395819382246	-0.0598051826798	0.0253323979742	1.0	-0.0313914454255	-0.0477901753923	-0.0150141895604	-0.0564524918567	-8.83167155422e-05	-0.0297779802385	0.0148348459588	0.0132344112061	-0.0508956918475	-0.0476879848752	-0.0293863632791	-0.0385115425507	0.0115541302772	-0.022663282246	-0.00848407244306	-0.00406440641863	-0.000481475762987	0.0543207821769	-0.0197281222265	-0.0478094630311	-0.0453398223227	-0.00186652007212	-0.0245452142789	-0.0617469118057	0.0150410099507	-0.012076695234	-0.0507517378414	0.0111076554994	0.0143371072687	-0.0631401097819	0.00227703418698	-0.0605801316201	-0.0468218345396	-0.0490816536989	0.011051994784	0.0500265504139	0.00155932938948	-0.0324524080487	-0.0336129013902	0.0507658715344	0.0412079051487	0.0217699394887	0.000527706421863	-0.0207825189006	-0.0236944038976	-0.0409083198773	-0.0238002092522	-0.010315237622	-0.00507562946515	-0.00583783371017	-0.03262544089	0.00930892947219	0.0313513227978
k__Bacteria;p__Bacteroidetes;c__Bacteroidia;o__Bacteroidales;f__Rikenellaceae;g__Alistipes;s__Alistipes_shahii	0.00907302425953	-0.000101325524442	-0.0228942893811	-0.00592013909508	0.0360766207436	-0.0313914454255	1.0	-0.0406794085231	-0.0832127695619	0.0134639103515	-0.00683628090228	-0.0186680075244	0.0193399516544	0.015671245577	-0.00918837451528	0.0217792894634	-0.0362800337536	-0.0338482437139	0.0143235556784	-0.0292597604084	-0.0458434703855	-0.0542785876137	0.0185560896588	0.0218612002146	-0.0493397871002	0.00603358790937	0.105476019012	-0.0324760862445	-0.0602795153123	-0.00696608488959	0.0693784746646	-0.0162326669924	-0.0398698825476	-0.0520233772852	0.0265885205197	-0.017288182885	0.0157548673681	-0.0460472552502	-0.074753374512	-0.00207430431545	0.0613440032085	-0.0443135804471	-0.00122921206172	-0.0150353476037	-0.0558423466567	-0.0237736140225	-0.0255291594105	0.0201379145337	-0.0543528616918	0.0394171997701	-0.0417940703011	0.0280140449182	-0.0335788044818	-0.00016753813567	0.0682203979925	-0.0436955500496	0.055672749056	0.00753851098492	0.0373635112766
k__Bacteria;p__Firmicutes;c__Clostridia;o__Clostridiales;f__Ruminococcaceae;g__Faecalibacterium;s__Faecalibacterium_prausnitzii	0.0173616887087	-0.0184533735283	0.0506819879207	0.0439517169865	-0.0314747620101	-0.0477901753923	-0.0406794085231	1.0	-0.053717810642	-0.103938848032	0.0528372389781	-0.0662432364218	0.0170287542852	-0.0241989490418	-0.112388717106	0.010030689201	0.00311487776763	-0.0270001311555	-0.012588788669	-0.0074117209075	-0.0168386059087	0.0188630385186	-0.0616387486562	-0.0051818563519	-0.0541300895625	0.0859626535842	0.0302878415343	-0.0469482837323	0.014074987863	-0.0143509487352	0.0726607408168	0.0208733241279	-0.027920167112	-0.0345835533381	0.00101819397398	-0.0396368459102	-0.024259543954	0.0535939093079	-0.0203937816695	0.0347852816108	-0.0197009394019	-0.0396097249015	-0.0274896020714	-0.0799633039565	-0.024179140824	0.066253647789	0.0312876230325	-0.045910505292	-0.0392265292125	0.0223672852019	-0.00782957193606	0.0914175085775	-0.0170152950126	-0.0202522690844	0.0341912139129	0.0258189835662	-0.0365159347807	0.00832054094963	0.00755185152663
k__Bacteria;p__Bacteroidetes;c__Bacteroidia;o__Bacteroidales;f__Rikenellaceae;g__Alistipes;s__Alistipes_finegoldii	0.0320145956635	-0.0623031733048	0.0217922202337	-0.0104965794703	0.000810496688172	-0.0150141895604	-0.0832127695619	-0.053717810642	1.0	-0.00386815821077	-0.0429908146413	-0.0242282999097	-0.0769775050345	-0.0185458130622	-0.00938351074895	-0.0035055732282	0.00664708370074	-0.0548091202694	-0.0475681712646	0.097613680436	-0.101551521137	-0.0600739701009	0.0567557333865	0.0279676831194	-0.0277430102461	-0.0273003222275	-0.0158715959848	-0.0387220514244	-0.00371844310389	0.0277329791715	-0.0277727125955	0.0106232580799	0.00466483764499	0.00862757212236	0.0377671058257	-0.0119471569507	0.0287683754519	-0.0252818368161	0.0182754656837	-0.0293338982746	-0.0419073504606	0.0669954289281	-0.0649622799065	-0.023128960533	0.0616731391749	0.0194136105139	-0.0140047695756	-0.00132188576535	0.00969273224358	-0.0451506345131	0.0278779421182	-0.0691308067563	-0.0170716430674	0.00136459953155	0.0121136167096	-0.00675577372756	-0.0153570199581	-0.0912784206869	0.0217288736232
k__Bacteria;p__Bacteroidetes;c__Bacteroidia;o__Bacteroidales;f__Porphyromonadaceae;g__Parabacteroides;s__Parabacteroides_distasonis	0.0176170780562	-0.0207075698603	0.0489383966655	-0.0492395963674	-0.123429295291	-0.0564524918567	0.0134639103515	-0.103938848032	-0.00386815821077	1.0	-0.0290739540577	-0.0442595693482	-0.0531379686187	-0.00588950864635	-0.0194739330341	0.0454486546223	0.0784000971983	-0.0285377424569	0.00234036593031	-0.0702462593007	-0.043226733832	0.0370270437766	-0.0698038345659	0.0448958068101	-0.0281191983287	0.0321505658335	0.0418674471558	-0.0207000088663	0.0711842173302	-0.0119873600908	-0.0202340593377	-0.047254625107	0.101215459854	-0.0292716720617	-0.0182715329872	0.0105465410184	0.0194243527751	0.0463556358535	0.00859360065984	-0.0639033671132	0.00111165041907	-0.0039057702945	-0.0055355799578	-0.0407122838271	0.0352475388607	0.039593937945	-0.0510954528609	0.0316200097069	0.0169900831269	0.000665974909419	-0.0589009529732	-0.0177836226036	-0.0141181126725	-0.000982017354327	-0.0420011904071	0.0314320862311	0.0411791258812	0.0234553047156	-0.0239602913432
k__Bacteria;p__Bacteroidetes;c__Bacteroidia;o__Bacteroidales;f__Bacteroidaceae;g__Bacteroides;s__Bacteroides_thetaiotaomicron	0.0445791065694	0.0174574069772	0.0188615034598	-0.02645622096	-0.0313096970232	-8.83167155422e-05	-0.00683628090228	0.0528372389781	-0.0429908146413	-0.0290739540577	1.0	-0.0156675836765	0.0289256622689	-0.0136876832879	0.0231863183324	-0.00471207578597	0.0447399979318	-0.0552795051785	0.0462152914868	-0.00892598242796	-0.000887153454092	-0.0657056845425	-0.00343448389436	-0.0218874826496	0.0496655043922	-0.0698977133237	-0.0377361979576	-0.0536467445045	0.0253997872647	0.0299833434703	-0.0602904213932	0.00700870268829	-0.0205695371272	-0.030014671158	-0.0357939554305	-0.0458693677695	0.0345817879141	-0.0603075988788	-0.104876687476	-0.0187149026224	-0.0359192133387	-0.0683911341901	0.0274224335359	0.0190251039194	0.0376601330743	-0.00322554314944	-0.0588414232189	-0.0248929594814	-0.0462538914394	0.0562883036639	0.00804946744991	-0.0114288028303	0.0175655590734	0.0370573026418	0.0374471674638	-0.0262758623062	-0.0173412585674	-0.0453221419301	-0.0709718593285
k__Bacteria;p__Bacteroidetes;c__Bacteroidia;o__Bacteroidales;f__Bacteroidaceae;g__Bacteroides;s__Bacteroides_coprocola	-0.0440394519916	0.082088940826	-0.028866057171	-0.0452521767742	0.0320351262027	-0.0297779802385	-0.0186680075244	-0.0662432364218	-0.0242282999097	-0.0442595693482	-0.0156675836765	1.0	-0.0037576944933	-0.057483538676	0.04198171622	0.0122477376139	-0.116056043846	0.0105825931819	-0.0157160979213	-0.0193645238708	-0.0452192266911	-0.0739453167466	0.0174128206368	0.0264905719129	-0.00582889711185	-0.0304247915802	0.012335477621	0.0854879098183	-0.0697271375548	0.0821879748269	0.0101210123432	0.0176647407398	-0.0867582707877	0.0117103368553	0.0635396847653	0.0225130335158	0.0346838959874	-0.0314088788072	0.00131192570531	-0.0686939652631	-0.0599145748974	0.00495699399291	-0.0317232775085	-0.000215293044349	-0.0180168868121	-0.0513088775416	0.0212048628131	0.0528686331357	0.0529175152023	-0.0393432834185	-0.0274956697855	0.0126304207563	-0.0778338351624	-0.0320611485987	0.0240081913467	0.0418577234458	-0.039283440339	-0.0522466503029	-0.0106791588983
k__Bacteria;p__Bacteroidetes;c__Bacteroidia;o__Bacteroidales;f__Bacteroidaceae;g__Bacteroides;s__Bacteroides_cellulosilyticus	-0.0516225977756	-0.03089495001	-0.00349211729262	-0.00582368748236	-0.024900038457	0.0148348459588	0.0193399516544	0.0170287542852	-0.0769775050345	-0.0531379686187	0.0289256622689	-0.0037576944933	1.0	-0.0291742561391	0.0602297230506	0.00797376655528	-0.0559127075662	0.00594557133561	-0.0208024400218	-0.0499468031649	-0.0385232779141	0.0246104270897	-0.0393449627938	-0.0755438778872	-0.0270262430271	-0.0770241986615	-0.00788533183837	0.0325001068879	0.0701229669279	0.0191858075194	-0.10132159328	-0.00423967970641	0.0105416335105	-0.0192773665674	-0.0309872503171	-0.000516624151271	0.00845169389377	-0.0258009110782	-0.0177361168687	0.0312509186026	0.0644212595564	0.0291303473823	-0.0117343420833	-0.0337560174231	-0.000394504260931	-0.0455877146788	-0.0472244455528	0.0176111158785	-0.0651448189324	-0.0322397155063	-0.0228309704911	0.0412414358777	0.00230660218856	-0.0178184590738	0.00615536269959	-0.0291306479231	-0.0431479913141	-0.0333838557217	-0.0264810095285
k__Bacteria;p__Bacteroidetes;c__Bacteroidia;o__Bacteroidales;f__Rikenellaceae;g__Alistipes;s__Alistipes_obesi	-0.0751013637763	-0.00622808963373	0.01184143879	-0.0279221969556	-0.061419485533	0.0132344112061	0.015671245577	-0.0241989490418	-0.0185458130622	-0.00588950864635	-0.0136876832879	-0.057483538676	-0.0291742561391	1.0	-0.0194693494616	0.0305444326749	0.0655654039067	0.0218611690672	0.0544281927132	-0.107472206003	-0.086770666838	-0.0550497627412	-0.0474469181462	0.0430094676179	0.00577683168192	-0.0222975053295	-0.0841152532905	-0.0168604998245	0.0197535284121	-0.0469406486974	-0.0443381161355	0.0387550579175	-0.00168973175338	0.0329703805629	-0.060901657683	0.0315462846737	0.0490958926493	-0.00662442544263	-0.0623916566544	0.0118322333065	-0.0166903443432	-0.00225302950748	0.00681184346759	0.0231594323576	0.0619696238194	0.0123362576244	-0.0392340967154	-0.0227273199137	0.0122997792495	0.0991829742602	0.0453343378628	-0.0487621261889	-0.0507932971526	0.0505819772015	-0.024334071686	0.0120525382298	-0.000343755363129	-0.0183660016981	-0.0100911480615
k__Bacteria;p__Firmicutes;c__Clostridia;o__Clostridiales;f__Lachnospiraceae;g__;s__[Eubacterium]_rectale	-0.0752731851424	-0.00855975175907	0.0284722451952	0.013762680568	0.0136333045988	-0.0508956918475	-0.00918837451529	-0.112388717106	-0.00938351074895	-0.0194739330341	0.0231863183324	0.04198171622	0.0602297230506	-0.0194693494616	1.0	0.0150423518913	0.0446974947348	0.0232455287499	-0.0739119794551	-0.017353090216	1.95395909349e-05	0.0624744084098	0.0253025700288	-0.0609410361343	-0.0471397778886	-0.0208535344396	0.0337612644779	-0.0120157986031	0.0246580261845	-0.0225926342185	0.0182019793582	-0.00566253127014	0.00427747582468	-0.0339547624926	-0.0275430595514	-0.0499900711844	-0.0223975297123	-0.0397370100972	-0.0286557975749	0.0325393202425	0.00920788584219	0.0127792200094	-0.039759383261	0.0296336396298	-0.0732202400834	-0.041825517588	0.0556259013254	0.00406711658128	0.059457560499	-0.0117295593859	-0.128610337764	-0.0602796403383	0.00612794940104	-0.0625340790329	0.057949797316	0.0351287424753	-0.0626178249777	0.0703125541856	-0.0776300887482
k__Bacteria;p__Bacteroidetes;c__Bacteroidia;o__Bacteroidales;f__Bacteroidaceae;g__Bacteroides;s__Bacteroides_plebeius	0.044976106555	-0.104558697064	0.044974572306	0.0931684324538	-0.0294647655493	-0.0476879848752	0.0217792894634	0.010030689201	-0.0035055732282	0.0454486546223	-0.00471207578597	0.0122477376139	0.00797376655528	0.0305444326749	0.0150423518913	1.0	-0.00774547395613	0.0159300643887	-0.0236238439827	-0.0140124128618	-0.00102025555983	0.016171801747	-0.0110257735608	-0.00532924518532	0.0361153389943	0.00908718329672	-0.0480224347483	-0.0271750992758	-0.0254950373493	-0.0397574922806	-0.0129710798979	-0.0515720789304	-0.0275858179639	-0.00315232694908	0.0746322949875	-0.0648429650203	0.0501597729677	0.021190494556	-0.0164821666207	-0.0400949985742	-0.0411078205974	-0.00656537999603	0.0128205622287	0.0110683102674	-0.0454928523133	-0.0507992479239	-0.000448451682642	-0.0424614823389	-0.00687415397799	0.0415742538307	-0.0290182132595	-0.0605962976129	-0.0393916123342	-0.0559052489794	-0.0537797047181	-0.017399244262	0.0142995661073	-0.00240502262549	-0.0680971836772
k__Bacteria;p__Bacteroidetes;c__Bacteroidia;o__Bacteroidales;f__Bacteroidaceae;g__Bacteroides;s__Bacteroides_fragilis	-0.0270371832882	0.00694094563896	0.0103675035941	-0.0574778201183	-0.0849218709407	-0.0293863632791	-0.0362800337536	0.00311487776763	0.00664708370074	0.0784000971983	0.0447399979318	-0.116056043846	-0.0559127075662	0.0655654039067	0.0446974947348	-0.00774547395613	1.0	-0.0295381563514	-0.0212069830774	-0.0599077423368	0.0952236117315	0.0635134422898	-0.0330344021281	0.0221762828796	-0.00053069681162	0.0199230193015	0.00712500078463	0.007355537699	-0.00832616178639	-0.0745550926057	0.0105716293713	0.0170920992132	-0.0263639171895	-0.0044699265481	-0.0661728082033	0.00994429210609	0.00286216040092	-0.0389900690558	0.04350095015	0.0108819134426	0.0314648184186	-0.0552610502378	-0.0330515763803	-0.047883856256	-0.120955258128	-0.0338840191789	-0.0617235632545	-0.0311874630578	-0.0568806181616	0.0607880233315	0.00893521754	0.00476441491591	0.0177018064178	-0.125387999323	0.0769418584327	-0.019756904785	-0.00242940911149	0.0410458173756	-0.0488849083212
k__Bacteria;p__Proteobacteria;c__Betaproteobacteria;o__Burkholderiales;f__Sutterellaceae;g__Sutterella;s__Sutterella_wadsworthensis	-0.0854171119892	0.038214386147	-0.052004979616	0.0300271491571	-0.0305983287367	-0.0385115425507	-0.0338482437139	-0.0270001311555	-0.0548091202694	-0.0285377424569	-0.0552795051785	0.0105825931819	0.00594557133561	0.0218611690672	0.0232455287499	0.0159300643887	-0.0295381563514	1.0	-0.0555385970003	-0.00388924777248	-0.023980728059	0.0645325295365	-0.0222896059792	-0.0123184895272	0.00707300179769	-0.0301662999914	0.0332670234755	0.0218583483876	-0.0328339924596	0.0282164533806	-0.0200481360458	-0.0862857959026	0.00554077398165	-0.0242199977462	-0.0547358769383	0.04875789121	-0.0633776971808	0.00110282635217	-0.0339489644102	-0.00636212755439	-0.0423976469502	0.028751062196	0.0409062046173	-0.0350458970637	0.0161271057219	0.0917476591811	0.00138918322803	0.0333376943751	-0.00683448003705	-0.0548506898647	-0.053424723181	0.0492817616057	-0.000344334499105	-0.0157654745836	0.0126133765549	-0.0319496877572	-0.0529001499837	0.0639963996409	-0.0427193753456
k__Bacteria;p__Bacteroidetes;c__Bacteroidia;o__Bacteroidales;f__Porphyromonadaceae;g__Barnesiella;s__Barnesiella_intestinihominis	-0.040539428857	-0.0130091552511	0.0154950690825	-0.04769562918	0.0651119789903	0.0115541302772	0.0143235556784	-0.012588788669	-0.0475681712646	0.00234036593031	0.0462152914868	-0.0157160979213	-0.0208024400218	0.0544281927132	-0.0739119794551	-0.0236238439827	-0.0212069830774	-0.0555385970003	1.0	-0.0336654126017	0.0110356179873	-0.0367104262656	-0.0743028188697	0.0451905528707	0.00165969384135	-0.0595696074101	0.0305112535768	0.00321174809585	-0.0259085419844	-0.087989964384	-0.0307682010279	-0.03870947514	0.0616786909466	-0.0591033800911	0.0226725862289	-0.095465775056	0.0819865782628	0.0145761056898	-0.0372765897795	-0.0120865925026	0.00310480033732	-0.0642111458089	0.0207158384725	0.00178205245616	-0.0211501147017	0.038306867239	0.0479123912229	0.075005860528	-0.0567664840306	-0.00804750551643	0.0774732238754	0.0320884201837	-0.101017813617	-0.0425971168518	0.0511895816762	-0.0515464466273	-0.0668626067241	0.0250490010578	-0.0385494378479
k__Bacteria;p__Bacteroidetes;c__Bacteroidia;o__Bacteroidales;f__Odoribacteraceae;g__Odoribacter;s__Odoribacter_splanchnicus	0.000273598508396	0.0430146505979	-0.0277636041025	0.0649819811324	0.0134052846594	-0.022663282246	-0.0292597604084	-0.0074117209075	0.097613680436	-0.0702462593007	-0.00892598242796	-0.0193645238708	-0.0499468031649	-0.107472206003	-0.017353090216	-0.0140124128618	-0.0599077423368	-0.00388924777248	-0.0336654126017	1.0	-0.033380426542	-0.00576328932387	0.0191565271153	-0.0662887754736	-0.0154250360655	0.0181627358916	-0.0571789045242	-0.0798543817665	0.000522864351786	0.0406137737306	-0.0397791821324	0.0701770097647	-0.0494642356427	0.0402689558114	0.0391467500012	-0.0586889588511	0.0366436136496	0.0543723607548	0.0579518806237	0.0136420633099	0.0659885450765	-0.0107140064225	-0.019639375518	0.00607726488793	-0.0344504347026	-0.0476582598734	-0.013775556082	-0.0299224952054	-0.00544550757854	-0.0186920990901	0.0139109328614	-0.0279898990442	-0.024724205445	0.0332012351399	-0.0291680436467	0.0244244170506	-0.0326666995121	0.0303140915835	-0.0338842651799
k__Bacteria;p__Bacteroidetes;c__Bacteroidia;o__Bacteroidales;f__Bacteroidaceae;g__Bacteroides;s__Bacteroides_salyersiae	-0.0290685782769	-0.0448573085916	-0.0544529959805	-0.0609995319075	-0.000337522777916	-0.00848407244306	-0.0458434703855	-0.0168386059087	-0.101551521137	-0.043226733832	-0.000887153454092	-0.0452192266911	-0.0385232779141	-0.086770666838	1.95395909349e-05	-0.00102025555983	0.0952236117315	-0.023980728059	0.0110356179873	-0.033380426542	1.0	0.0147513750116	-0.00376970644889	-0.0244252329737	0.0223184108291	0.00220541895759	0.0499571490275	0.066889862075	-0.00668548586776	-0.00651440904692	0.0465830568085	-0.011726067477	0.0549266768217	0.0175977691845	-0.0434888609053	0.0397388155171	-0.0207056860231	-0.0343859795429	0.0910950647104	-0.0892286197338	-0.0393257088641	-0.0243249027284	0.0100608196392	-0.0119995644921	0.0150185231051	-0.00930544057969	-0.0103018963246	-0.00411889719014	0.0379938582484	-0.0298801027811	-0.0465270101343	-0.0746619753321	-0.047483311194	0.030188808539	-0.0345845202735	0.015447771107	0.0309602110778	0.0120950005806	-0.0341668710181
k__Bacteria;p__Firmicutes;c__Clostridia;o__Clostridiales;f__Ruminococcaceae;g__Ruminiclostridium;s__[Eubacterium]_siraeum	-0.0117973578471	-0.0399583990192	-0.0146416391674	-0.0565940415196	-0.03101788817	-0.00406440641863	-0.0542785876137	0.0188630385186	-0.0600739701009	0.0370270437766	-0.0657056845425	-0.0739453167466	0.0246104270897	-0.0550497627412	0.0624744084098	0.016171801747	0.0635134422898	0.0645325295365	-0.0367104262656	-0.00576328932387	0.0147513750116	1.0	-0.0172144557678	0.0255348385383	-0.00438101392271	-0.0300799057866	-0.00898088548534	-0.0220768385481	0.0119908352744	0.030290246067	-0.00502382325078	-0.0173366037723	-0.0403201753539	-0.0519657292327	-0.014915844365	-0.0109064536459	-0.0274674255782	0.0421841675537	-0.00801956084571	-0.0532788107567	-0.00226800655956	0.000634980462598	-0.0803763179461	-0.115342351421	-0.0132606237084	-0.0361664159031	-0.033571850574	0.0409974283463	-0.0107159036395	-0.0157469634835	0.0088721800278	0.0695082739458	0.00472511614979	-0.0232234415453	-0.0556256935799	0.0138193780323	-0.030130657222	0.0317967483945	0.036880868276
k__Bacteria;p__Proteobacteria;c__Betaproteobacteria;o__Burkholderiales;f__Sutterellaceae;g__Parasutterella;s__Parasutterella_excrementihominis	-0.0267825752439	-0.0165012085646	0.043795387836	-0.0166297147563	-0.0177999072824	-0.000481475762987	0.0185560896588	-0.0616387486562	0.0567557333865	-0.0698038345659	-0.00343448389436	0.0174128206368	-0.0393449627938	-0.0474469181462	0.0253025700288	-0.0110257735608	-0.0330344021281	-0.0222896059792	-0.0743028188697	0.0191565271153	-0.00376970644889	-0.0172144557678	1.0	0.00178767762963	-0.0369189847071	-0.0373236408624	-0.00681849322785	-0.0227816088857	0.0487325869123	-0.0676259155972	0.0311767184814	0.025940692554	-0.0706723680048	0.0270011276897	0.056654806081	0.048493630413	-0.0912163822485	-0.00720417596983	-0.025289495724	-0.0179565663029	-0.0388650386843	-0.0241273211158	-0.00174865713226	-0.0314204883332	0.0219862077875	0.0279180018086	-0.0645051833083	-0.058040938566	-0.0250515466658	-0.0186173203926	-0.0564889061927	-0.0181920935554	0.0560789013621	-0.0453399518852	-0.0250465032027	-0.0268742149611	0.00250364347259	0.0474419881345	0.0193124759993
k__Bacteria;p__Actinobacteria;c__Actinobacteria;o__Bifidobacteriales;f__Bifidobacteriaceae;g__Bifidobacterium;s__Bifidobacterium_adolescentis	-0.0494910045071	0.0123745624502	-0.0975502741328	0.0131216867697	0.0627384986593	0.0543207821769	0.0218612002146	-0.0051818563519	0.0279676831194	0.0448958068101	-0.0218874826496	0.0264905719129	-0.0755438778872	0.0430094676179	-0.0609410361343	-0.00532924518532	0.0221762828796	-0.0123184895272	0.0451905528707	-0.0662887754736	-0.0244252329737	0.0255348385383	0.00178767762963	1.0	-0.0381395977949	-0.0271722663897	-0.0640836949909	0.0931930524101	-0.0139102898007	0.0173598122617	-0.023436409839	-0.0126147340559	-0.045691755063	0.0399789842561	-0.0210441922433	-0.0459150612793	-0.0137522191914	-0.0482944611819	0.0257522960754	-0.012109000193	0.0343949249774	-0.0339941211664	0.000726457415444	-0.0435508063803	0.0209252400273	-0.0577181631296	0.0288982782289	0.0280917525129	-0.00765278503902	0.023268561265	-0.0647452548333	-0.000670060187892	0.00291575645249	0.0571904701999	-0.00139506803464	-0.0982303791575	-0.0572794160999	0.00503456974069	-0.0302092925744
k__Bacteria;p__Firmicutes;c__Clostridia;o__Clostridiales;f__Oscillospiraceae;g__Oscillibacter;s__Oscillibacter_sp._KLE_1745	0.0339240034935	-0.0422614786606	0.00379907425622	0.0578411834654	-0.0262919721832	-0.0197281222265	-0.0493397871002	-0.0541300895625	-0.0277430102461	-0.0281191983287	0.0496655043922	-0.00582889711185	-0.0270262430271	0.00577683168192	-0.0471397778886	0.0361153389943	-0.00053069681162	0.00707300179769	0.00165969384135	-0.0154250360655	0.0223184108291	-0.00438101392271	-0.0369189847071	-0.0381395977949	1.0	0.0128345285148	0.0102650202817	-0.0635877452484	-0.00167427926624	0.0391332611674	-0.0538433782089	-0.0531300399791	-0.00517309318501	-0.0742914240804	-0.0565979999596	-0.0230724494755	0.0195330197406	-0.00281015294609	0.011151673099	0.0037645501791	-0.00588066198592	0.00931085815273	-0.020063377189	0.0603950681903	-0.00623898368413	-0.0355538303457	-0.0569793936388	-0.0658527952813	-0.0403753636643	0.0517696428461	0.0269594398013	0.029995080943	0.0184839933335	-0.0445847562886	0.0100779379305	0.0485816213743	-0.0212861001378	0.0201562386972	0.0446949434223
k__Bacteria;p__Bacteroidetes;c__Bacteroidia;o__Bacteroidales;f__Bacteroidaceae;g__Bacteroides;s__Bacteroides_coprophilus	-0.00303874473469	0.0307785491905	-0.0587440576006	-0.00731552217378	-0.00309938439719	-0.0478094630311	0.00603358790937	0.0859626535842	-0.0273003222275	0.0321505658335	-0.0698977133237	-0.0304247915802	-0.0770241986615	-0.0222975053295	-0.0208535344396	0.00908718329672	0.0199230193015	-0.0301662999914	-0.0595696074101	0.0181627358916	0.00220541895759	-0.0300799057866	-0.0373236408624	-0.0271722663897	0.0128345285148	1.0	-0.0213198192674	-0.0136882706725	0.0167759435549	-0.0635760742661	-0.0118305414883	-0.0605398860102	0.03341684067	-0.104320697562	0.0111069046712	0.0375671313088	0.0419311810659	0.0308567655245	-0.00119262127814	0.0503610280412	-0.017311123241	-0.00669775929456	-0.02207172695	-0.0495281146652	-0.0430858498577	0.0514461331045	-0.00235300654979	0.0566076517767	-0.0194829371034	0.0150082346978	0.0187750922844	-0.0564776979027	-0.0102103839903	-0.0183883832459	0.0149406480012	0.0828919163235	0.031170220226	-0.0301849764213	-0.0420474655885
k__Bacteria;p__Firmicutes;c__Clostridia;o__Clostridiales;f__Lachnospiraceae;g__Roseburia;s__Roseburia_intestinalis	-0.0794612655456	0.00436806282711	-0.0677513448067	0.0699725800947	-0.0663076713079	-0.0453398223227	0.105476019012	0.0302878415343	-0.0158715959848	0.0418674471558	-0.0377361979576	0.012335477621	-0.00788533183837	-0.0841152532905	0.0337612644779	-0.0480224347483	0.00712500078463	0.0332670234755	0.0305112535768	-0.0571789045242	0.0499571490275	-0.00898088548534	-0.00681849322785	-0.0640836949909	0.0102650202817	-0.0213198192674	1.0	0.00773630009202	-0.0385167588185	-0.00920134930403	0.0542013899969	0.00412332486828	0.0843905289395	0.043895344085	-0.0357911612409	-0.0301136360347	0.0333861626508	0.00182697119008	-0.0843154171265	0.000367293279015	0.0124038442337	0.00168361341928	0.00146253252836	-0.0822581766144	0.00512782874017	0.0136445428295	0.00796333256851	-0.0307167735334	-0.0113927026486	0.0313819772597	0.0359715153187	0.00695287355888	0.025505806487	0.0164341448644	-0.00425179844946	-0.0202844476909	-0.0228297307443	-0.00758456503717	0.00144359906607
k__Bacteria;p__Firmicutes;c__Clostridia;o__Clostridiales;f__Lachnospiraceae;g__Roseburia;s__Roseburia_hominis	-0.0267999965134	-0.070509149604	-0.0119294169036	-0.0150870894805	0.0209527780124	-0.00186652007212	-0.0324760862445	-0.0469482837323	-0.0387220514244	-0.0207000088663	-0.0536467445045	0.0854879098183	0.0325001068879	-0.0168604998245	-0.0120157986031	-0.0271750992758	0.007355537699	0.0218583483876	0.00321174809585	-0.0798543817665	0.066889862075	-0.0220768385481	-0.0227816088857	0.0931930524101	-0.0635877452484	-0.0136882706725	0.00773630009202	1.0	0.0131172772268	-0.0361606196303	-0.0438828123512	-0.0492901208887	-0.0296977043445	-0.00186919859531	-0.0033935802295	0.00187014086583	0.0135973171704	-0.0394756695589	0.0340366184897	0.0573685775958	-0.0664367239407	-0.0655019852125	-0.0465006785436	-0.0456818406621	0.0401736761018	0.0442873264157	0.000619346439949	0.0489318866634	0.0202028559193	0.0542614403341	-0.0219744098506	0.0583785807884	0.0559177130701	-0.0383760331689	0.0494734299904	0.025219580941	0.0483360571274	0.0223879924604	0.0307206853946
k__Bacteria;p__Bacteroidetes;c__Bacteroidia;o__Bacteroidales;f__Porphyromonadaceae;g__Parabacteroides;s__Parabacteroides_johnsonii	0.0037996600599	0.00243792794943	-0.0727358538516	-0.012712339235	-0.0749604155549	-0.0245452142789	-0.0602795153123	0.014074987863	-0.00371844310389	0.0711842173302	0.0253997872647	-0.0697271375548	0.0701229669279	0.0197535284121	0.0246580261845	-0.0254950373493	-0.00832616178639	-0.0328339924596	-0.0259085419844	0.000522864351786	-0.00668548586776	0.0119908352744	0.0487325869123	-0.0139102898007	-0.00167427926624	0.0167759435549	-0.0385167588185	0.0131172772268	1.0	-0.117222721116	-0.0428198479591	0.0405371627475	0.00472904189081	-0.00323928471094	-0.0113827015631	-0.0873782888007	-0.0306412007076	0.0147294669654	0.00489774309394	-0.0229005715878	0.0783448810677	-0.0382264940129	-0.0317869661293	0.0969826661523	0.00756705129917	-0.000814065816723	-0.0329740235379	0.00826497004008	-0.0536380756481	0.029887007135	-0.0173047645185	-0.00484081976901	-0.0256941973533	-0.0630846135213	0.0284853715061	-0.0136477302214	-0.0364193301702	-0.0306407214813	-0.0130081401812
k__Bacteria;p__Actinobacteria;c__Actinobacteria;o__Bifidobacteriales;f__Bifidobacteriaceae;g__Bifidobacterium;s__Bifidobacterium_longum	-0.00945490944382	0.00781596420634	0.0281676269674	-0.023266107014	-0.00807164444965	-0.0617469118057	-0.00696608488959	-0.0143509487352	0.0277329791715	-0.0119873600908	0.0299833434703	0.0821879748269	0.0191858075194	-0.0469406486974	-0.0225926342185	-0.0397574922806	-0.0745550926057	0.0282164533806	-0.087989964384	0.0406137737306	-0.00651440904692	0.030290246067	-0.0676259155972	0.0173598122617	0.0391332611674	-0.0635760742661	-0.00920134930403	-0.0361606196303	-0.117222721116	1.0	0.0649132766715	-0.021215482575	0.0177399875047	-0.00483419604125	0.00497313654214	0.0464683519962	-0.048961785177	0.000943232249686	-0.00102988959877	-0.0665629530256	0.0475193291524	0.00642218121714	-0.0479409969362	0.00234761265805	0.0772335740781	-0.0834815192483	-0.0439259911663	0.0358364680258	-0.0882628655662	-0.0462042262404	0.0583104039472	-0.0297607116517	0.0320957553767	-0.0181647269886	-0.0240621454641	0.0239020551967	0.0188240542275	-0.0707825845144	-0.051349476052
