#taxonomy	k__Bacteria;p__Bacteroidetes;c__Bacteroidia;o__Bacteroidales;f__Bacteroidaceae;g__Bacteroides;s__Bacteroides_vulgatus	k__Bacteria;p__Bacteroidetes;c__Bacteroidia;o__Bacteroidales;f__Bacteroidaceae;g__Bacteroides;s__Bacteroides_uniformis	k__Bacteria;p__Bacteroidetes;c__Bacteroidia;o__Bacteroidales;f__Rikenellaceae;g__Alistipes;s__Alistipes_putredinis	k__Bacteria;p__Bacteroidetes;c__Bacteroidia;o__Bacteroidales;f__Prevotellaceae;g__Prevotella;s__Prevotella_copri	k__Bacteria;p__Bacteroidetes;c__Bacteroidia;o__Bacteroidales;f__Bacteroidaceae;g__Bacteroides;s__Bacteroides_stercoris	k__Bacteria;p__Bacteroidetes;c__Bacteroidia;o__Bacteroidales;f__Bacteroidaceae;g__Bacteroides;s__Bacteroides_ovatus	k__Bacteria;p__Bacteroidetes;c__Bacteroidia;o__Bacteroidales;f__Rikenellaceae;g__Alistipes;s__Alistipes_shahii	k__Bacteria;p__Firmicutes;c__Clostridia;o__Clostridiales;f__Ruminococcaceae;g__Faecalibacterium;s__Faecalibacterium_prausnitzii	k__Bacteria;p__Bacteroidetes;c__Bacteroidia;o__Bacteroidales;f__Rikenellaceae;g__Alistipes;s__Alistipes_finegoldii	k__Bacteria;p__Bacteroidetes;c__Bacteroidia;o__Bacteroidales;f__Porphyromonadaceae;g__Parabacteroides;s__Parabacteroides_distasonis	k__Bacteria;p__Bacteroidetes;c__Bacteroidia;o__Bacteroidales;f__Bacteroidaceae;g__Bacteroides;s__Bacteroides_thetaiotaomicron	k__Bacteria;p__Bacteroidetes;c__Bacteroidia;o__Bacteroidales;f__Bacteroidaceae;g__Bacteroides;s__Bacteroides_coprocola	k__Bacteria;p__Bacteroidetes;c__Bacteroidia;o__Bacteroidales;f__Bacteroidaceae;g__Bacteroides;s__Bacteroides_cellulosilyticus	k__Bacteria;p__Bacteroidetes;c__Bacteroidia;o__Bacteroidales;f__Rikenellaceae;g__Alistipes;s__Alistipes_obesi	k__Bacteria;p__Firmicutes;c__Clostridia;o__Clostridiales;f__Lachnospiraceae;g__;s__[Eubacterium]_rectale	k__Bacteria;p__Bacteroidetes;c__Bacteroidia;o__Bacteroidales;f__Bacteroidaceae;g__Bacteroides;s__Bacteroides_plebeius	k__Bacteria;p__Bacteroidetes;c__Bacteroidia;o__Bacteroidales;f__Bacteroidaceae;g__Bacteroides;s__Bacteroides_fragilis	k__Bacteria;p__Proteobacteria;c__Betaproteobacteria;o__Burkholderiales;f__Sutterellaceae;g__Sutterella;s__Sutterella_wadsworthensis	k__Bacteria;p__Bacteroidetes;c__Bacteroidia;o__Bacteroidales;f__Porphyromonadaceae;g__Barnesiella;s__Barnesiella_intestinihominis	k__Bacteria;p__Bacteroidetes;c__Bacteroidia;o__Bacteroidales;f__Odoribacteraceae;g__Odoribacter;s__Odoribacter_splanchnicus	k__Bacteria;p__Bacteroidetes;c__Bacteroidia;o__Bacteroidales;f__Bacteroidaceae;g__Bacteroides;s__Bacteroides_salyersiae	k__Bacteria;p__Firmicutes;c__Clostridia;o__Clostridiales;f__Ruminococcaceae;g__Ruminiclostridium;s__[Eubacterium]_siraeum	k__Bacteria;p__Proteobacteria;c__Betaproteobacteria;o__Burkholderiales;f__Sutterellaceae;g__Parasutterella;s__Parasutterella_excrementihominis	k__Bacteria;p__Actinobacteria;c__Actinobacteria;o__Bifidobacteriales;f__Bifidobacteriaceae;g__Bifidobacterium;s__Bifidobacterium_adolescentis	k__Bacteria;p__Firmicutes;c__Clostridia;o__Clostridiales;f__Oscillospiraceae;g__Oscillibacter;s__Oscillibacter_sp._KLE_1745	k__Bacteria;p__Bacteroidetes;c__Bacteroidia;o__Bacteroidales;f__Bacteroidaceae;g__Bacteroides;s__Bacteroides_coprophilus	k__Bacteria;p__Firmicutes;c__Clostridia;o__Clostridiales;f__Lachnospiraceae;g__Roseburia;s__Roseburia_intestinalis	k__Bacteria;p__Firmicutes;c__Clostridia;o__Clostridiales;f__Lachnospiraceae;g__Roseburia;s__Roseburia_hominis	k__Bacteria;p__Bacteroidetes;c__Bacteroidia;o__Bacteroidales;f__Porphyromonadaceae;g__Parabacteroides;s__Parabacteroides_johnsonii	k__Bacteria;p__Actinobacteria;c__Actinobacteria;o__Bifidobacteriales;f__Bifidobacteriaceae;g__Bifidobacterium;s__Bifidobacterium_longum	k__Bacteria;p__Firmicutes;c__Clostridia;o__Clostridiales;f__;g__Flavonifractor;s__Flavonifractor_plautii	k__Bacteria;p__Firmicutes;c__Clostridia;o__Clostridiales;f__Clostridiaceae;g__Clostridium;s__Clostridium_phoceensis	k__Bacteria;p__Verrucomicrobia;c__Verrucomicrobiae;o__Verrucomicrobiales;f__Akkermansiaceae;g__Akkermansia;s__Akkermansia_muciniphila	k__Bacteria;p__Bacteroidetes;c__Bacteroidia;o__Bacteroidales;f__Prevotellaceae;g__Paraprevotella;s__Paraprevotella_xylaniphila	k__Bacteria;p__Firmicutes;c__Clostridia;o__Clostridiales;f__Ruminococcaceae;g__Ruminococcus;s__Ruminococcus_callidus	k__Bacteria;p__Bacteroidetes;c__Bacteroidia;o__Bacteroidales;f__Rikenellaceae;g__Alistipes;s__Alistipes_senegalensis	k__Bacteria;p__Firmicutes;c__Clostridia;o__Clostridiales;f__Lachnospiraceae;g__Blautia;s__Blautia_sp._KLE_1732	k__Bacteria;p__Bacteroidetes;c__Bacteroidia;o__Bacteroidales;f__Bacteroidaceae;g__Bacteroides;s__Bacteroides_oleiciplenus	k__Bacteria;p__Firmicutes;c__Clostridia;o__Clostridiales;f__Ruminococcaceae;g__Ruminococcus;s__Ruminococcus_bicirculans	k__Bacteria;p__Bacteroidetes;c__Bacteroidia;o__Bacteroidales;f__Bacteroidaceae;g__Bacteroides;s__Bacteroides_fluxus	k__Bacteria;p__Bacteroidetes;c__Bacteroidia;o__Bacteroidales;f__Prevotellaceae;g__Prevotella;s__Prevotella_stercorea	k__Bacteria;p__Firmicutes;c__Clostridia;o__Clostridiales;f__Lachnospiraceae;g__Dorea;s__Dorea_longicatena	k__Bacteria;p__Firmicutes;c__Clostridia;o__Clostridiales;f__Eubacteriaceae;g__Eubacterium;s__[Eubacterium]_eligens	k__Bacteria;p__Firmicutes;c__Clostridia;o__Clostridiales;f__Ruminococcaceae;g__;s__Ruminococcaceae_bacterium_D16	k__Bacteria;p__Firmicutes;c__Clostridia;o__Clostridiales;f__Lachnospiraceae;g__Coprococcus;s__Coprococcus_comes	k__Bacteria;p__Proteobacteria;c__Gammaproteobacteria;o__Enterobacterales;f__Enterobacteriaceae;g__Escherichia;s__Escherichia_coli	k__Bacteria;p__Firmicutes;c__Clostridia;o__Clostridiales;f__Ruminococcaceae;g__Anaerotruncus;s__Anaerotruncus_colihominis	k__Bacteria;p__Firmicutes;c__Clostridia;o__Clostridiales;f__Lachnospiraceae;g__Blautia;s__Blautia_obeum	k__Bacteria;p__Bacteroidetes;c__Bacteroidia;o__Bacteroidales;f__Odoribacteraceae;g__Odoribacter;s__Odoribacter_laneus	k__Bacteria;p__Firmicutes;c__Clostridia;o__Clostridiales;f__Ruminococcaceae;g__Ruminiclostridium;s__[Clostridium]_leptum	k__Bacteria;p__Bacteroidetes;c__Bacteroidia;o__Bacteroidales;f__Porphyromonadaceae;g__Parabacteroides;s__Parabacteroides_goldsteinii	k__Bacteria;p__Firmicutes;c__Clostridia;o__Clostridiales;f__Lachnospiraceae;g__Anaerostipes;s__Anaerostipes_hadrus	k__Bacteria;p__Firmicutes;c__Clostridia;o__Clostridiales;f__Ruminococcaceae;g__Ruminococcus;s__Ruminococcus_lactaris	k__Bacteria;p__Firmicutes;c__Clostridia;o__Clostridiales;f__Clostridiaceae;g__Clostridium;s__Clostridium_sp._L2-50	k__Bacteria;p__Firmicutes;c__Clostridia;o__Clostridiales;f__Clostridiaceae;g__Clostridium;s__Clostridium_sp._M62/1	k__Bacteria;p__Firmicutes;c__Clostridia;o__Clostridiales;f__;g__Intestinimonas;s__Intestinimonas_butyriciproducens	k__Bacteria;p__Actinobacteria;c__Actinobacteria;o__Bifidobacteriales;f__Bifidobacteriaceae;g__Bifidobacterium;s__Bifidobacterium_bifidum	k__Bacteria;p__Firmicutes;c__Negativicutes;o__Veillonellales;f__Veillonellaceae;g__Dialister;s__Dialister_invisus	k__Bacteria;p__Bacteroidetes;c__Bacteroidia;o__Bacteroidales;f__Bacteroidaceae;g__Bacteroides;s__Bacteroides_salanitronis
k__Bacteria;p__Bacteroidetes;c__Bacteroidia;o__Bacteroidales;f__Bacteroidaceae;g__Bacteroides;s__Bacteroides_vulgatus	1.0	0.0401057951189	-0.0203166852833	-0.00361047011353	0.0278869696262	-0.104064501	-0.0168935325305	0.0217916350405	-0.00246768328342	0.0596835250614	0.0479899337918	0.0887807421579	-0.082610815031	0.0217924473495	-0.0297833920627	0.0159403107063	-0.0159938560882	-0.0252378138342	-0.0399237331249	-0.0558899798462	0.0475481827189	-0.0239008053838	0.0326005876665	0.000547476896943	-0.0143602496734	-0.0746955969101	0.0197147394143	0.0106639721519	-0.064790238727	-0.0314335188871	0.0350102644721	-0.0901604463176	-0.0432383241203	-0.0565414697366	0.0015603071502	-0.00620681413965	-0.0207929125443	-0.0111772176567	-0.0155132691883	0.0414250971544	-0.0480091634767	0.0381333196314	-0.0515840467957	-0.071191978387	-0.0384986800132	-0.0234619267106	-0.0453464485883	0.0180467459314	0.0157460196962	-0.0100023018523	-0.0196136915245	-0.00291698312593	-0.00147237566375	-0.0733864427804	0.00401256734749	-0.0539356820043	0.0572861143256	0.0148842772888	0.0311524252632
k__Bacteria;p__Bacteroidetes;c__Bacteroidia;o__Bacteroidales;f__Bacteroidaceae;g__Bacteroides;s__Bacteroides_uniformis	0.0401057951189	1.0	0.0714018289557	-0.00531421206654	0.0201563528423	-0.0950306391024	-0.09264282383	0.0386780293946	-0.0850206085693	-0.0155555305207	0.0486090384031	0.00422501560867	-0.0538832395	-0.00263656915773	-0.0164130547667	-0.0123522783363	-0.057345017263	0.0249191300318	0.0196180691244	0.0587642133747	0.013497678532	0.0866777309565	-0.00438720855603	-0.119501153413	-0.0146877138184	0.00746661250389	-0.0310292080557	-0.0545036057879	0.03996019126	-0.0889090146326	-0.0518331634345	0.0428163258724	-0.0424447807844	-0.0664530469483	-0.0408317546207	0.0637390234157	0.0253901229781	0.0585611113651	-0.0437627808918	-0.00860634319924	0.00651891106699	-0.0913827626061	-0.0115082883704	-0.00118740090812	0.00859494084211	0.028091722753	0.000946591983705	0.0141864373838	-0.0659757262717	0.0354252303202	0.0279486181003	0.0427040523112	-0.0125998398923	-0.018779216171	-0.00148432908199	0.0295071963048	-0.00862387581838	-0.0367273078114	-0.0783411364102
k__Bacteria;p__Bacteroidetes;c__Bacteroidia;o__Bacteroidales;f__Rikenellaceae;g__Alistipes;s__Alistipes_putredinis	-0.0203166852833	0.0714018289557	1.0	-0.0368535904665	-0.00736358538112	0.0485623868199	-0.0291736746878	-0.00505378323637	-0.0400265694678	-0.0128208063084	0.0374324942615	-0.0435006012646	0.00922392611487	-0.00245883388089	-0.0154888508937	0.00816427520648	-0.0219871973547	-0.0229684276608	0.0304412570666	0.0577118180594	0.0136136898792	-0.0363411133733	-0.0413261670129	-0.00447755962828	0.0093921054071	-0.0497482925098	-0.092714056766	-0.0319283282336	-0.0978256772366	0.00862072713063	0.0693821242191	0.0302016729711	-0.0744768499614	-0.0619218427538	0.0924193592946	0.0344851913931	-0.0653175867006	-0.0503268373214	0.025208415678	-0.0224004246915	-0.0143700178411	-0.00169297044895	0.0200054581208	-0.0194343135055	0.0108154284901	-0.00919696243226	0.0463932689816	-0.0271979231143	-0.0588504274828	0.00101835048299	-0.0162841388789	0.0537451253846	-0.0329660647772	-0.0702700147686	-0.0213208272638	0.0138039400345	-0.0556376279558	0.0114290423602	-0.000805306512047
k__Bacteria;p__Bacteroidetes;c__Bacteroidia;o__Bacteroidales;f__Prevotellaceae;g__Prevotella;s__Prevotella_copri	-0.00361047011353	-0.00531421206654	-0.0368535904665	1.0	0.0264124098939	-0.092454265128	-0.127467763613	0.0293751477792	-0.0144610400963	0.0166847945083	-0.0152035308161	-0.0548855317136	-0.00287113821217	0.0231338336451	-0.0147451860065	-0.000587688516661	-0.0491068306278	-0.0271332868904	-0.0274500830035	-0.0389215763388	-0.0949783137636	-0.0290259566272	0.0547046056547	-0.0158538511362	-0.0602330150308	-0.00121310483792	0.00258798519365	-0.021310339291	-0.0376793785479	-0.0643984897676	-0.0375007112809	0.0510015575836	0.0315279346287	-0.0113329077546	-0.0210087002916	0.0363647236459	0.0259509092038	0.00942445395531	0.0113810387677	0.0538555100726	-0.0308837901997	-0.00885979830804	0.00156527562924	0.000757391196124	-0.0319832691234	-0.00817454550879	0.0181205077087	-0.0145151937854	-0.0428176337298	-0.0717155122836	0.0474336507141	-0.010190984576	-0.0242544277512	-0.0110549774125	0.00992744317653	0.0369683417955	-0.00921194139087	0.0373880104424	-0.0479921933779
k__Bacteria;p__Bacteroidetes;c__Bacteroidia;o__Bacteroidales;f__Bacteroidaceae;g__Bacteroides;s__Bacteroides_stercoris	0.0278869696262	0.0201563528423	-0.00736358538112	0.0264124098939	1.0	-0.0183969654648	-0.0221179836791	0.0179277340774	-0.0797067693051	-0.0468345366356	0.0514512858521	-0.0543490756044	-0.0329829591479	-0.00981619096107	-0.0618581282246	0.00704626148167	-0.0161035882503	-0.0263571083705	-0.0102393674698	0.0117009111546	-0.0323517693551	-0.0652367546226	-0.00289862995655	-0.0421142966186	-0.0853316615478	-0.0795699291567	-0.00639678471159	-0.0235484200911	-0.0312939322471	0.00137020690531	-0.0252001519065	0.0729625573558	0.0200798333908	0.00662624425802	-0.0886451381387	-0.0102211975261	-0.00338766995937	-0.00372338180366	-0.020247729643	-0.00342232009705	0.0223186158131	-0.0538371428078	-0.0182487450685	-0.0638613625394	-0.00523730875229	-0.0366810813999	-0.09183748762	-0.0371775536536	0.0445962649198	-0.0238598190867	0.0297829638911	-0.0157471591269	-0.0390965400145	0.0530921824959	-0.0258860687248	-0.0569713817652	0.000417319202881	-0.0110721247234	0.0185095257939
k__Bacteria;p__Bacteroidetes;c__Bacteroidia;o__Bacteroidales;f__Bacteroidaceae;g__Bacteroides;s__Bacteroides_ovatus	-0.104064501	-0.0950306391024	0.0485623868199	-0.092454265128	-0.0183969654648	1.0	0.0603651799497	-0.0676869671447	0.0185303588953	0.00985256727831	-0.0496628760026	0.0196095185541	0.0105053978484	-0.0463229690223	-0.104520570066	-0.0151674971457	0.0525496273337	0.106559328198	0.0142401596234	-0.00853679150485	-0.0659998528053	-0.0364403775559	-0.008774775317	-0.0693070089382	-0.0342306580146	0.0307780735521	0.0144653952819	0.0498400013602	0.0132552826682	0.0187480269904	0.00515416907705	-0.019427332121	-0.0208187467087	-0.00540433038323	-0.0496922183176	-0.0224026711528	0.0630842777566	-0.0326431481197	-0.0143803860005	-0.00532520725593	-0.0172181861208	0.0134588127387	-0.0860847519433	-0.0765500275658	-0.0129169867551	0.0441053322931	-0.0237104902532	0.0459691355428	-0.0299496925068	0.0355814829862	-0.0474122455979	-0.0230470837632	-0.0182197550095	-0.00332925032973	0.0035819564989	-0.00403844179183	0.0215823868155	-0.0509937536489	-0.0575434667275
k__Bacteria;p__Bacteroidetes;c__Bacteroidia;o__Bacteroidales;f__Rikenellaceae;g__Alistipes;s__Alistipes_shahii	-0.0168935325305	-0.09264282383	-0.0291736746878	-0.127467763613	-0.0221179836791	0.0603651799497	1.0	-0.0661331185348	0.0350222132705	0.0134247815692	-0.00708864533815	0.00810234996493	0.00589396651964	-0.0490180501077	0.0142299989581	-0.0235755096719	-0.00561891249377	-0.0421951228103	-0.0186789376664	0.017204741648	0.0243498983874	-0.0455617823681	-0.0106421813996	0.000512449396045	-0.051434370147	-0.0364296342091	-0.062565118881	0.047593682902	0.00542227297213	0.147982820222	-0.0115416402047	0.0202992466019	-0.0313024914146	-0.0404607243492	0.00606865962659	-0.0283451266992	0.0277948273999	0.000809190072436	-0.0278936512493	-0.0756087974288	-0.00190262880286	0.0413637578702	-0.0178880994752	0.0173849347493	0.03005632176	-0.0815300631423	-0.0544696294807	-0.0167798677442	0.0541054533479	-0.0342546948923	-0.0275408875788	-0.0193008847686	0.0726715891308	0.0066437274682	-0.0124150374708	-0.0609613297689	0.0228969747392	0.0727441828686	-0.0777091695244
k__Bacteria;p__Firmicutes;c__Clostridia;o__Clostridiales;f__Ruminococcaceae;g__Faecalibacterium;s__Faecalibacterium_prausnitzii	0.0217916350405	0.0386780293946	-0.00505378323637	0.0293751477792	0.0179277340774	-0.0676869671447	-0.0661331185348	1.0	-0.0127510527655	-0.0453822559291	-0.0962964207125	0.000542208783973	-0.0341586057897	-0.0191386177208	0.054416931821	-0.0803336043209	-0.0276447795123	0.00108692018249	-0.0177293093944	0.0445915925565	-0.0421690216517	0.0286952471226	-0.0583022898385	0.0033073520325	-0.0548971983578	0.0818208576489	-0.0958655640895	-0.0196905129606	-0.0103921705934	-0.0171015167239	0.0354624740584	-0.0457750314415	-0.0243568762985	-0.0211207791701	0.0474896262236	0.0198630710197	0.0317590011706	0.00606852597918	-0.00304954497754	0.0272367572951	-0.00298900414541	-0.0323006816677	-0.0607860926984	-0.0555797774716	-0.0865716646051	-0.0579975606023	0.00384106312538	0.00740277060778	0.00968356127106	0.0329524964097	-0.0441797318481	-0.0554539534605	0.00148896449061	-0.00660012566524	0.0258696651609	-0.0126748555405	-0.0239582252465	-0.0219340569941	0.0201620260764
k__Bacteria;p__Bacteroidetes;c__Bacteroidia;o__Bacteroidales;f__Rikenellaceae;g__Alistipes;s__Alistipes_finegoldii	-0.00246768328342	-0.0850206085693	-0.0400265694678	-0.0144610400963	-0.0797067693051	0.0185303588953	0.0350222132705	-0.0127510527655	1.0	0.00803161718028	0.0562037940546	-0.0392711444426	0.0961216895952	0.021155981598	-0.0340185499872	0.0293373674934	-0.023308777953	-0.0326549926083	-0.00892530742457	-0.0251948149252	-0.0244539990392	0.0244073275335	-0.0255554283433	-0.0137969253563	-0.0244608661574	0.0671644352083	0.0272297558812	-0.0831373432487	0.00108923995778	-0.0171834066095	0.0550511253437	-0.0395866020793	-0.0465262898148	-0.00422559238513	-0.0738133547515	0.0122234943876	-0.0470825509585	-0.00497339702326	-0.0658990950382	0.0460339258413	-0.0435038601513	0.0168582978361	-0.00120197647438	-0.077628511574	-0.0353370561023	-0.0110528018201	-0.058643931284	-0.0677566886158	0.053786767257	-0.0028222094889	-0.0313331146889	-0.0951495208168	0.0410795231481	0.00289888393076	-0.0313706475238	-0.0296886705216	0.0402179868669	0.0026012684624	-0.016649773242
k__Bacteria;p__Bacteroidetes;c__Bacteroidia;o__Bacteroidales;f__Porphyromonadaceae;g__Parabacteroides;s__Parabacteroides_distasonis	0.0596835250614	-0.0155555305207	-0.0128208063084	0.0166847945083	-0.0468345366356	0.00985256727831	0.0134247815692	-0.0453822559291	0.00803161718028	1.0	-0.0732342163386	-0.0534664459261	-0.0018757572368	-0.108634148106	0.0575819071682	-0.0277033371985	-0.0132832320638	-0.0122884909546	-0.0249344503726	0.0372944891439	0.0522406438091	-0.00818462626587	-0.00312800683601	-0.0668651001087	0.060623651337	-0.0486958736305	-0.0627408863741	-0.0536329234514	0.024878159841	0.00980962074304	0.0186276859717	-0.00367657533788	-0.0483614813473	-0.0261699364956	-0.018435623139	0.00265376839019	-0.00815449079814	0.0336262924343	-0.0381345038065	-0.0697506792709	0.00658346767768	-0.0109793310285	0.00185889490851	-0.000326272088542	0.012756102832	0.0284741382056	-0.00513028270403	-0.0143213250238	0.0268349458355	-0.0379939071862	0.00219529285442	0.00248752531654	-0.0737706464292	-0.0549456773667	-0.0252357297989	-0.0301440194859	0.0355963452117	-0.0297759757848	0.0428758701233
k__Bacteria;p__Bacteroidetes;c__Bacteroidia;o__Bacteroidales;f__Bacteroidaceae;g__Bacteroides;s__Bacteroides_thetaiotaomicron	0.0479899337918	0.0486090384031	0.0374324942615	-0.0152035308161	0.0514512858521	-0.0496628760026	-0.00708864533815	-0.0962964207125	0.0562037940546	-0.0732342163386	1.0	-0.00493734013748	0.00632057441205	-0.0460184910627	0.0515512036921	-0.0106753115694	-0.0253826629361	0.0782265675261	-0.00212726529976	-0.07602385286	0.0124402869192	0.0763569972676	0.0584194101349	-0.0282741117884	-0.0252134037416	0.029593397254	0.0220073492408	0.0374239254476	0.0117338959648	0.059994894713	0.026025562451	0.0742049376961	-0.0245167470196	-0.0371246169735	-0.0512129310344	0.00214216788646	-0.0200091815821	-0.0471188993666	-0.0520475056119	0.0276386795572	-0.0432854848176	-0.0910880951686	0.0829826076541	-0.0448716252224	-0.0702713513	-0.0300488620625	-0.0467981911555	-0.0535738630179	-0.0599046415576	0.019497405627	0.0319748463666	-0.0979279837452	-0.0086891122329	0.0142088412198	-0.0413679654334	0.0295445269298	-0.0292968369515	-0.0435719530597	-0.056471913095
k__Bacteria;p__Bacteroidetes;c__Bacteroidia;o__Bacteroidales;f__Bacteroidaceae;g__Bacteroides;s__Bacteroides_coprocola	0.0887807421579	0.00422501560867	-0.0435006012646	-0.0548855317136	-0.0543490756044	0.0196095185541	0.00810234996493	0.000542208783973	-0.0392711444426	-0.0534664459261	-0.00493734013748	1.0	-0.0593231762646	-0.00760068787058	0.0437806933237	-0.0128410357103	0.0570552359999	-0.0480783142432	0.0256416165571	0.0257750259089	0.0512423864375	-0.029035169451	0.0463195567284	-0.0221140413534	-0.00332343903848	-0.0465547723344	-0.0236643925787	0.0341991938334	-0.0191813310805	-0.00670835839373	-0.00956776186313	-0.00922589052786	-0.00403349534594	-0.0263351693643	-0.0057671439756	-0.0559470058494	0.0187609418273	-0.0356165749002	-0.0799160294933	0.0668050793736	0.0427713403727	0.0471648721891	-0.012751528637	0.0263718960695	-0.0192717485927	-0.00722694973249	-0.0449457503015	0.00785142250818	-0.0567447014863	-0.0347136312657	-0.0181152346957	0.0125100746501	-0.109589628398	-0.0145781231732	-0.0294698098139	0.0151822561019	-0.00388959182732	0.0129491475198	0.0101534542536
k__Bacteria;p__Bacteroidetes;c__Bacteroidia;o__Bacteroidales;f__Bacteroidaceae;g__Bacteroides;s__Bacteroides_cellulosilyticus	-0.082610815031	-0.0538832395	0.00922392611487	-0.00287113821217	-0.0329829591479	0.0105053978484	0.00589396651964	-0.0341586057897	0.0961216895952	-0.0018757572368	0.00632057441205	-0.0593231762646	1.0	-0.0092606758687	-0.0814781154229	-0.0749684389192	-0.0210406713951	-0.00754540139911	-0.0089038476956	0.0237226890193	-0.023569538743	0.0239292619748	0.00971034576315	0.000665761756416	0.0609329256586	-0.0313110136152	-0.0291958520702	0.00704476862253	-0.0133231518207	-0.0458502628908	-0.0513633292067	0.0144009418657	-0.0223531566026	0.0558207516915	0.0561925100251	-0.00570936204801	-0.025137391548	-0.043106722628	-0.0175296410468	0.0080622667775	0.00198360552917	-0.0137516777216	-0.0118056443095	0.0720516451397	-0.00540505048851	0.00973072105875	0.0106708294726	0.04585252999	0.00752399725427	-0.0190893966279	-0.02484624988	-0.0723710925472	-0.0412341558643	-0.0504130160271	-0.0801759199763	-0.0465822524476	-0.0545912532333	-0.0425715883153	-0.00229997578725
k__Bacteria;p__Bacteroidetes;c__Bacteroidia;o__Bacteroidales;f__Rikenellaceae;g__Alistipes;s__Alistipes_obesi	0.0217924473495	-0.00263656915773	-0.00245883388089	0.0231338336451	-0.00981619096107	-0.0463229690223	-0.0490180501077	-0.0191386177208	0.021155981598	-0.108634148106	-0.0460184910627	-0.00760068787058	-0.00926067586871	1.0	-0.010131880748	-0.0186022481299	-0.04624544471	0.0367751429647	0.0356344946159	0.0313735544566	0.0307822738399	-0.0347390477109	0.00501801515748	-0.0297195584112	0.0411267631559	0.0617117388071	0.0907623811428	0.0173684235358	0.0448184469341	-0.000221354236153	-0.00351397219343	0.00441945764939	0.0461700258656	-0.00458524650949	0.0098934887529	-0.0238133201143	-0.029937851288	-0.0160591667664	-0.0347318612658	-0.0694548459557	-0.0270618172812	0.024689037459	-0.00423945407178	-0.0709277968032	0.00180832901227	-0.0734873986281	0.0249215349601	0.0187841703061	-0.0996337910541	-0.0390341145063	-0.0422713659204	0.0018722503289	-0.00692499811078	-0.0788227773175	-0.0739429437817	-0.108255361634	-0.0714120933119	-0.0734676170862	-0.0162019071278
k__Bacteria;p__Firmicutes;c__Clostridia;o__Clostridiales;f__Lachnospiraceae;g__;s__[Eubacterium]_rectale	-0.0297833920627	-0.0164130547667	-0.0154888508937	-0.0147451860065	-0.0618581282246	-0.104520570066	0.0142299989581	0.054416931821	-0.0340185499872	0.0575819071682	0.0515512036921	0.0437806933237	-0.0814781154229	-0.010131880748	1.0	-0.0633076766842	-0.0822995544341	0.00590354799964	-0.0551259441374	0.0233903038413	0.0181537570381	-0.016314095198	0.0747839563064	-0.0241260832686	-0.0778840401003	-0.0139082462913	-0.000620186861726	-0.0447385830164	-0.000935522960076	-0.0568949451445	0.00658823691319	-0.00618476594089	-0.0803838380463	-0.0174734885917	0.0018823506794	0.00367209750082	-0.00709004382211	0.0580902030313	-0.0365930552477	-0.0444002030303	-0.0029460748055	0.00341624882527	-0.00668487667662	0.015671237893	-0.0302108394772	-0.0169661362303	0.0991983848121	-0.00263655986136	-0.0266162799985	-0.0307073790465	-0.032764499161	0.0212636166786	0.0197102674304	0.0425711913295	-0.0133458054752	0.020748574942	-0.0132973146077	0.0314919358872	0.0055476706856
k__Bacteria;p__Bacteroidetes;c__Bacteroidia;o__Bacteroidales;f__Bacteroidaceae;g__Bacteroides;s__Bacteroides_plebeius	0.0159403107063	-0.0123522783363	0.00816427520648	-0.000587688516661	0.00704626148167	-0.0151674971457	-0.0235755096719	-0.0803336043209	0.0293373674934	-0.0277033371985	-0.0106753115694	-0.0128410357103	-0.0749684389192	-0.0186022481299	-0.0633076766842	1.0	0.04308820155	-0.0177439945113	0.0186957800068	0.00978679786801	0.0409279535379	-0.00391374770275	-0.0783716045881	-0.0721580057977	-0.00976383166242	-0.00997882277963	-0.029634237784	0.0297825349492	0.00626774871444	-0.0393864252408	0.0214653970087	-0.10350428941	0.0192934144831	-0.0029628179652	0.0125921129711	-0.0672582700887	0.0170709933921	-0.00472623372226	-0.0433287877411	-0.0357902580103	-0.007941979765	-0.0308498475472	-0.00981457188589	-0.0461468631695	0.00050419194485	-0.0237685851857	0.0441467308298	0.00347594978815	-0.00621139387244	-0.0469793791822	-0.0114216381688	0.0111145662676	-0.0655192259296	-0.0196307437362	-0.0618321360588	-0.0335073365385	0.0459029719677	0.0515202678193	-0.0420871480931
k__Bacteria;p__Bacteroidetes;c__Bacteroidia;o__Bacteroidales;f__Bacteroidaceae;g__Bacteroides;s__Bacteroides_fragilis	-0.0159938560882	-0.057345017263	-0.0219871973547	-0.0491068306278	-0.0161035882503	0.0525496273337	-0.00561891249377	-0.0276447795123	-0.023308777953	-0.0132832320638	-0.0253826629361	0.0570552359999	-0.0210406713951	-0.04624544471	-0.0822995544341	0.04308820155	1.0	-0.0505877173567	-0.0231552076085	-0.0459539536001	0.0276672456075	-0.013542916834	-0.0205575737645	0.0135349940578	0.0703369582202	-0.0298375892804	0.0302421013572	-0.0469721595835	0.00790080924039	-0.0621982881455	-0.00256059935668	-0.0697998594963	0.0396364658796	0.00456276875525	-0.0366145336516	0.0334791578602	0.00414177112606	0.00338438333722	0.0615765043725	-0.0491946884904	-0.0156764363631	-0.0744137489026	0.0360041402212	0.0275623489669	0.0698335456125	-0.0221493422832	-0.043232385912	-0.0184743733626	0.0414036957529	-0.0571245662418	-0.0440205250034	-0.0230836135587	-0.0893605944005	0.00633078604442	0.0548231701004	0.0354385129102	-0.0180952613655	-0.0240149031872	-0.0166154877915
k__Bacteria;p__Proteobacteria;c__Betaproteobacteria;o__Burkholderiales;f__Sutterellaceae;g__Sutterella;s__Sutterella_wadsworthensis	-0.0252378138342	0.0249191300318	-0.0229684276608	-0.0271332868904	-0.0263571083705	0.106559328198	-0.0421951228103	0.00108692018249	-0.0326549926083	-0.0122884909546	0.0782265675261	-0.0480783142432	-0.00754540139911	0.0367751429647	0.00590354799964	-0.0177439945113	-0.0505877173567	1.0	-0.0221404380029	0.0217611718602	-0.0123509854574	0.0131907968944	0.0107890761137	-0.0182033112113	-0.0132742180446	0.0382254698033	-0.0133448682499	0.0314832785055	0.0003581430984	-0.0677241774028	-0.0810680632894	-0.039958651254	0.00425442871987	-0.0379866409372	0.0312886899206	-0.00280965400477	0.0260606913771	-0.0293766057881	-0.0582941189827	-0.0116059138326	-0.00944744307969	-0.0102889075828	-0.0157149304025	0.0338890431205	-0.0409016570807	-0.00532291538564	0.0366491402094	0.00592415563073	0.0058015074964	-0.0341570492846	0.0327569332973	-0.0511775620022	-0.0287019413087	-0.00583151991746	-0.0380496526929	0.0373616111759	0.0254697231165	-0.0265579676499	0.00765094670339
k__Bacteria;p__Bacteroidetes;c__Bacteroidia;o__Bacteroidales;f__Porphyromonadaceae;g__Barnesiella;s__Barnesiella_intestinihominis	-0.0399237331249	0.0196180691244	0.0304412570666	-0.0274500830035	-0.0102393674698	0.0142401596234	-0.0186789376664	-0.0177293093944	-0.00892530742457	-0.0249344503726	-0.00212726529976	0.0256416165571	-0.0089038476956	0.0356344946159	-0.0551259441374	0.0186957800068	-0.0231552076085	-0.0221404380029	1.0	-0.00506717372278	-0.0190492145729	-0.0693045315349	-0.0771013735523	0.00287351348545	-0.0230672571852	-0.0169412286124	-0.0493804374826	0.0169437100992	0.111687329611	0.0139220316337	-0.0440585450129	-0.0371123335821	0.0375260218314	0.0472823285728	0.0170993252364	-0.00512870478577	0.0182925924667	-0.0432768501793	-0.0379627737918	-0.0377632774661	-0.00783893983328	0.0156346945716	-0.0851437940153	0.00705269323719	-0.0103597277188	0.0313737684167	-0.0293224071592	-0.0846758751979	-0.0258463647067	-0.0988568317146	0.0489402110157	-0.0106552106257	-0.0262179374267	-0.00403933740291	-0.00258925455606	-0.0495656206625	-0.0341169311752	-0.0290400599712	0.0396988341051
k__Bacteria;p__Bacteroidetes;c__Bacteroidia;o__Bacteroidales;f__Odoribacteraceae;g__Odoribacter;s__Odoribacter_splanchnicus	-0.0558899798462	0.0587642133747	0.0577118180594	-0.0389215763388	0.0117009111546	-0.00853679150485	0.017204741648	0.0445915925565	-0.0251948149252	0.0372944891439	-0.07602385286	0.0257750259089	0.0237226890193	0.0313735544566	0.0233903038413	0.00978679786801	-0.0459539536001	0.0217611718602	-0.00506717372278	1.0	-0.0130705922415	-0.0311468500022	-0.0130526014716	-0.0157765053729	-0.0650827583944	-0.00453739381058	-0.0228337754451	-0.0539397750464	0.0192173808389	-0.11635580349	0.0155377961041	-0.0560317933008	0.0571243872413	-0.0148344433299	-0.00063431950794	-0.102533841317	0.0262764627506	-0.0737791303566	0.0886222441836	-0.0382713210057	-0.0131626460851	0.0450286984886	-0.0411633120167	-0.0497372613818	-0.0216255887922	-0.0873086211898	-0.0388272688754	-0.0420088439234	0.0344817477376	-0.0084411841792	0.0351164066173	0.0264668335119	-0.0146155926065	-0.0477209104265	0.0673410397534	-0.031029599687	0.0439645469602	-0.0288365863393	0.0128540982728
k__Bacteria;p__Bacteroidetes;c__Bacteroidia;o__Bacteroidales;f__Bacteroidaceae;g__Bacteroides;s__Bacteroides_salyersiae	0.0475481827189	0.013497678532	0.0136136898792	-0.0949783137636	-0.0323517693551	-0.0659998528053	0.0243498983874	-0.0421690216517	-0.0244539990392	0.0522406438091	0.0124402869192	0.0512423864375	-0.023569538743	0.0307822738399	0.0181537570381	0.0409279535379	0.0276672456075	-0.0123509854574	-0.0190492145729	-0.0130705922415	1.0	-0.04273516296	0.0212025329654	-0.0214378632725	0.0316031883055	-0.025319642804	-0.00374575378177	0.0377340243514	-0.051047333527	-0.0454566611869	-0.0167226658702	-0.00587017925592	-0.0124077326417	-0.0108841741512	0.0163601829945	0.0262770497798	-0.000342718720357	0.0235679786913	-0.0207284440674	-0.0763009986985	0.0165633231573	0.0064518512482	-0.0453568973161	0.00685797413481	-0.0955483738586	-0.0271637991356	-0.0594039916865	-0.0357821994634	-0.0527355008168	-0.0239491565056	-0.00973326961874	0.0823271604978	0.0245795232996	0.0208182855706	-0.0460376637977	-0.0255719750473	0.0104056096909	-0.0264311985929	-0.0292838428245
k__Bacteria;p__Firmicutes;c__Clostridia;o__Clostridiales;f__Ruminococcaceae;g__Ruminiclostridium;s__[Eubacterium]_siraeum	-0.0239008053838	0.0866777309565	-0.0363411133733	-0.0290259566272	-0.0652367546226	-0.0364403775559	-0.0455617823681	0.0286952471226	0.0244073275335	-0.00818462626587	0.0763569972676	-0.029035169451	0.0239292619748	-0.0347390477109	-0.016314095198	-0.00391374770275	-0.013542916834	0.0131907968944	-0.0693045315349	-0.0311468500022	-0.04273516296	1.0	0.0104658830108	0.000867825875697	0.0224533369923	-0.00258499508268	-0.00342990320763	0.00576781543984	-0.0375558235341	-0.00126403932034	0.010466113393	-0.0180194979673	0.0144940736278	-0.0429557031629	-0.0189281272363	-0.0173706927891	-0.0497737722733	0.0264459933648	0.0183590081235	-0.0358283666769	0.00186411326155	0.00749542816789	0.0179215806598	-0.0264582430058	0.000223289877275	0.0626265388203	-0.0389583319042	-0.0258207949111	0.000559470962808	0.0114654890505	-0.00595826691458	0.0121150020061	0.0114506013688	0.037829183371	-0.0534773676493	-0.0435265220568	0.00690988428831	0.0643347122667	0.0429840133689
k__Bacteria;p__Proteobacteria;c__Betaproteobacteria;o__Burkholderiales;f__Sutterellaceae;g__Parasutterella;s__Parasutterella_excrementihominis	0.0326005876665	-0.00438720855603	-0.0413261670129	0.0547046056547	-0.00289862995655	-0.008774775317	-0.0106421813996	-0.0583022898385	-0.0255554283433	-0.00312800683601	0.0584194101349	0.0463195567284	0.00971034576315	0.00501801515748	0.0747839563064	-0.0783716045881	-0.0205575737645	0.0107890761137	-0.0771013735523	-0.0130526014716	0.0212025329654	0.0104658830108	1.0	0.0173159172432	-0.0333708581166	0.0232494215289	0.0452675939123	0.0384047261741	-0.0447562965886	-0.0454000071102	-0.0560677975795	-0.0412501125201	0.00631146698095	-0.0443197436691	-0.0636248179094	-0.0319178331389	-0.0889507707136	-0.0686091564637	0.0297614442765	0.0340225715344	-0.0330837843116	0.00361162470067	0.018337768485	-0.0539065878989	-0.00768159203873	0.0381181328306	0.0205528618219	-0.00284619207067	0.038798410641	0.02514845207	0.000929510375226	0.0270675521162	-0.109190268965	-0.00646807427177	-0.0201031489706	-0.0128252818308	0.00631534924784	0.0308542889765	-0.047037301227
k__Bacteria;p__Actinobacteria;c__Actinobacteria;o__Bifidobacteriales;f__Bifidobacteriaceae;g__Bifidobacterium;s__Bifidobacterium_adolescentis	0.000547476896943	-0.119501153413	-0.00447755962828	-0.0158538511362	-0.0421142966186	-0.0693070089382	0.000512449396045	0.0033073520325	-0.0137969253563	-0.0668651001087	-0.0282741117884	-0.0221140413534	0.000665761756416	-0.0297195584112	-0.0241260832686	-0.0721580057977	0.0135349940578	-0.0182033112113	0.00287351348545	-0.0157765053729	-0.0214378632725	0.000867825875697	0.0173159172432	1.0	0.0561525888491	-0.0247887717256	0.019124498031	0.0151484079821	-0.0407401627302	-0.0513986650605	-0.0354593823522	-0.1029990458	0.0199004529214	0.00542976902296	0.0127689154701	-0.0609518405291	-0.068428409916	-0.0704777811891	0.0269786163292	0.00846009851389	0.058733766003	-0.0025474945591	0.011217831502	0.000560476557888	0.00657441148794	0.0254989827797	0.0082360682878	-0.0424477901024	0.0295509327438	0.00302809207395	-0.0435307273093	0.0256332267259	-0.0409130365073	-0.0285382421917	-0.00577885345059	0.0673102403351	-0.0448685962774	0.0275540118787	0.051101312325
k__Bacteria;p__Firmicutes;c__Clostridia;o__Clostridiales;f__Oscillospiraceae;g__Oscillibacter;s__Oscillibacter_sp._KLE_1745	-0.0143602496734	-0.0146877138184	0.0093921054071	-0.0602330150308	-0.0853316615478	-0.0342306580146	-0.051434370147	-0.0548971983578	-0.0244608661574	0.060623651337	-0.0252134037416	-0.00332343903848	0.0609329256586	0.0411267631559	-0.0778840401003	-0.00976383166242	0.0703369582202	-0.0132742180446	-0.0230672571852	-0.0650827583944	0.0316031883055	0.0224533369923	-0.0333708581166	0.0561525888491	1.0	-0.0379745091985	-0.0754294498979	0.0211354463271	0.0424546812212	-0.00829064583639	-0.024226816198	-0.0446360923229	-0.00671254219798	-0.0136828581182	0.0116672915418	-0.00390413968505	-0.0481606906725	0.0180218152475	-0.0198737458343	-0.0319377782156	0.0408954242812	0.000699154818409	0.0342906302059	0.00945968563171	0.0644986906556	-0.0109616827126	-0.034797614897	0.0574953005308	-0.0325373838784	-0.0167250976289	-0.0691551690732	-0.0230458817335	0.0237230678853	-0.00894245364006	0.00242391364068	0.0408799038739	-0.0182967717455	-0.0516798082129	0.043949919497
k__Bacteria;p__Bacteroidetes;c__Bacteroidia;o__Bacteroidales;f__Bacteroidaceae;g__Bacteroides;s__Bacteroides_coprophilus	-0.0746955969101	0.00746661250389	-0.0497482925098	-0.00121310483792	-0.0795699291567	0.0307780735521	-0.0364296342091	0.0818208576489	0.0671644352083	-0.0486958736305	0.029593397254	-0.0465547723344	-0.0313110136152	0.0617117388071	-0.0139082462913	-0.00997882277963	-0.0298375892804	0.0382254698033	-0.0169412286124	-0.00453739381058	-0.025319642804	-0.00258499508268	0.0232494215289	-0.0247887717256	-0.0379745091985	1.0	0.0017062944015	0.0127322733668	0.0184847736449	-0.0280389317546	-0.0130421303905	0.00279546805155	-0.0374339244552	0.0781945489697	-0.00674340869552	-0.00250662917358	-0.00963100551208	-0.00811673499267	-0.0434355059131	-0.0930491291438	-0.0817229082979	0.0231080970742	-0.0143078698368	0.000127397432132	-0.067628447478	-0.0333744362669	-0.0268578923663	0.0013238642285	-0.0057031180018	0.0301912247017	0.0131850114141	0.0481467782657	-0.0103407481966	0.0452287440614	-0.0780604822162	-0.0280178839249	0.0300289560514	-0.0425021532392	-0.0658329329839
k__Bacteria;p__Firmicutes;c__Clostridia;o__Clostridiales;f__Lachnospiraceae;g__Roseburia;s__Roseburia_intestinalis	0.0197147394143	-0.0310292080557	-0.092714056766	0.00258798519365	-0.00639678471159	0.0144653952819	-0.062565118881	-0.0958655640895	0.0272297558812	-0.0627408863741	0.0220073492408	-0.0236643925787	-0.0291958520702	0.0907623811428	-0.000620186861726	-0.029634237784	0.0302421013572	-0.0133448682499	-0.0493804374826	-0.0228337754451	-0.00374575378177	-0.00342990320763	0.0452675939123	0.019124498031	-0.0754294498979	0.0017062944015	1.0	-0.0622934149474	-0.0116912310481	-0.0510488823845	-0.00908026317499	0.0256737674961	0.0191935429047	0.021234887325	-0.0541348493871	-0.0424842264154	-0.0147967510898	-0.0662938685091	-0.00836536846312	0.00569689259978	0.0511335637523	-0.0238621842921	0.00483273359123	0.0272933948439	0.0292180339179	-0.0551140636422	0.0660644047501	0.00585581890037	0.0105977464894	-0.0252746188134	-0.0675367616122	0.013431386831	0.0406571625526	0.0404794249199	0.0453599240379	-0.00513140197295	0.0311806460648	0.0104363946463	-0.0571212444661
k__Bacteria;p__Firmicutes;c__Clostridia;o__Clostridiales;f__Lachnospiraceae;g__Roseburia;s__Roseburia_hominis	0.0106639721519	-0.0545036057879	-0.0319283282336	-0.021310339291	-0.0235484200911	0.0498400013602	0.047593682902	-0.0196905129606	-0.0831373432487	-0.0536329234514	0.0374239254476	0.0341991938334	0.00704476862253	0.0173684235358	-0.0447385830164	0.0297825349492	-0.0469721595835	0.0314832785055	0.0169437100992	-0.0539397750464	0.0377340243514	0.00576781543984	0.0384047261741	0.0151484079821	0.0211354463271	0.0127322733668	-0.0622934149474	1.0	-0.0431717586511	-0.0358164625272	0.0167415170138	-0.0311867827967	0.0416528364869	0.0169764919303	0.00629290121117	-0.0218843988794	-0.00803895117897	0.0271630589108	-0.0201168077371	-0.00535339877571	-0.0651073006641	-0.0349900012645	0.0291710421004	0.0347246725866	-0.00430562958513	0.00410096975479	-0.0488690212095	-0.0363785765205	-0.0280981341747	-0.0633775301892	-0.0018914491663	0.0639159468188	-0.0453633190069	0.0253459046867	0.00760735175692	-0.0151407069176	-0.0258505461073	-0.0474830226766	-0.00680121767222
k__Bacteria;p__Bacteroidetes;c__Bacteroidia;o__Bacteroidales;f__Porphyromonadaceae;g__Parabacteroides;s__Parabacteroides_johnsonii	-0.064790238727	0.03996019126	-0.0978256772366	-0.0376793785479	-0.0312939322471	0.0132552826682	0.00542227297213	-0.0103921705934	0.00108923995778	0.024878159841	0.0117338959648	-0.0191813310805	-0.0133231518207	0.0448184469341	-0.000935522960076	0.00626774871444	0.00790080924039	0.0003581430984	0.111687329611	0.0192173808389	-0.051047333527	-0.0375558235341	-0.0447562965886	-0.0407401627302	0.0424546812212	0.0184847736449	-0.0116912310481	-0.0431717586511	1.0	0.0308926318947	-0.0209192668003	0.0754597148033	0.000681764129212	0.101386973131	-0.0265924990924	-0.0064630860358	0.0470299089873	0.0344204757345	-0.0414676473948	-0.0762100969488	0.0409217079434	-0.0571707451594	0.016688158925	0.021616968218	-0.0147521668045	0.00226667578938	-0.0516354947638	-0.0596341050441	-0.0571919020954	-0.0511033071452	0.00933873576399	-0.00208990168436	0.0339317417801	-0.0550812312377	0.0284155758449	0.00963419923463	0.039750488476	-0.0463807739701	-0.0158145936501
k__Bacteria;p__Actinobacteria;c__Actinobacteria;o__Bifidobacteriales;f__Bifidobacteriaceae;g__Bifidobacterium;s__Bifidobacterium_longum	-0.0314335188871	-0.0889090146326	0.00862072713063	-0.0643984897676	0.00137020690531	0.0187480269904	0.147982820222	-0.0171015167239	-0.0171834066095	0.00980962074304	0.059994894713	-0.00670835839373	-0.0458502628908	-0.000221354236153	-0.0568949451445	-0.0393864252408	-0.0621982881455	-0.0677241774028	0.0139220316337	-0.11635580349	-0.0454566611869	-0.00126403932034	-0.0454000071102	-0.0513986650605	-0.00829064583639	-0.0280389317546	-0.0510488823845	-0.0358164625272	0.0308926318947	1.0	-0.0663221467772	0.0236537752739	-0.0808789670877	0.0190106690544	0.0209864409515	0.018712160028	-0.0130783606958	0.0730871819246	-0.0597377685835	0.0243981296235	-0.0260814063144	-0.0336644386772	-0.00136712282838	0.00256449779096	-0.00725621201996	0.0199726735196	0.0258728307922	-0.0223648073545	0.0306557369514	-0.0195979195972	0.0759852214155	-0.0342263855151	-0.0460362790164	-0.0387664010644	-0.0265874997563	0.0178677420249	-0.015470337067	0.00229022838238	0.0507659972053
