#taxonomy	k__Bacteria;p__Bacteroidetes;c__Bacteroidia;o__Bacteroidales;f__Bacteroidaceae;g__Bacteroides;s__Bacteroides_vulgatus	k__Bacteria;p__Bacteroidetes;c__Bacteroidia;o__Bacteroidales;f__Bacteroidaceae;g__Bacteroides;s__Bacteroides_uniformis	k__Bacteria;p__Bacteroidetes;c__Bacteroidia;o__Bacteroidales;f__Rikenellaceae;g__Alistipes;s__Alistipes_putredinis	k__Bacteria;p__Bacteroidetes;c__Bacteroidia;o__Bacteroidales;f__Prevotellaceae;g__Prevotella;s__Prevotella_copri	k__Bacteria;p__Bacteroidetes;c__Bacteroidia;o__Bacteroidales;f__Bacteroidaceae;g__Bacteroides;s__Bacteroides_stercoris	k__Bacteria;p__Bacteroidetes;c__Bacteroidia;o__Bacteroidales;f__Bacteroidaceae;g__Bacteroides;s__Bacteroides_ovatus	k__Bacteria;p__Bacteroidetes;c__Bacteroidia;o__Bacteroidales;f__Rikenellaceae;g__Alistipes;s__Alistipes_shahii	k__Bacteria;p__Firmicutes;c__Clostridia;o__Clostridiales;f__Ruminococcaceae;g__Faecalibacterium;s__Faecalibacterium_prausnitzii	k__Bacteria;p__Bacteroidetes;c__Bacteroidia;o__Bacteroidales;f__Rikenellaceae;g__Alistipes;s__Alistipes_finegoldii	k__Bacteria;p__Bacteroidetes;c__Bacteroidia;o__Bacteroidales;f__Porphyromonadaceae;g__Parabacteroides;s__Parabacteroides_distasonis	k__Bacteria;p__Bacteroidetes;c__Bacteroidia;o__Bacteroidales;f__Bacteroidaceae;g__Bacteroides;s__Bacteroides_thetaiotaomicron	k__Bacteria;p__Bacteroidetes;c__Bacteroidia;o__Bacteroidales;f__Bacteroidaceae;g__Bacteroides;s__Bacteroides_coprocola	k__Bacteria;p__Bacteroidetes;c__Bacteroidia;o__Bacteroidales;f__Bacteroidaceae;g__Bacteroides;s__Bacteroides_cellulosilyticus	k__Bacteria;p__Bacteroidetes;c__Bacteroidia;o__Bacteroidales;f__Rikenellaceae;g__Alistipes;s__Alistipes_obesi	k__Bacteria;p__Firmicutes;c__Clostridia;o__Clostridiales;f__Lachnospiraceae;g__;s__[Eubacterium]_rectale	k__Bacteria;p__Bacteroidetes;c__Bacteroidia;o__Bacteroidales;f__Bacteroidaceae;g__Bacteroides;s__Bacteroides_plebeius	k__Bacteria;p__Bacteroidetes;c__Bacteroidia;o__Bacteroidales;f__Bacteroidaceae;g__Bacteroides;s__Bacteroides_fragilis	k__Bacteria;p__Proteobacteria;c__Betaproteobacteria;o__Burkholderiales;f__Sutterellaceae;g__Sutterella;s__Sutterella_wadsworthensis	k__Bacteria;p__Bacteroidetes;c__Bacteroidia;o__Bacteroidales;f__Porphyromonadaceae;g__Barnesiella;s__Barnesiella_intestinihominis	k__Bacteria;p__Bacteroidetes;c__Bacteroidia;o__Bacteroidales;f__Odoribacteraceae;g__Odoribacter;s__Odoribacter_splanchnicus	k__Bacteria;p__Bacteroidetes;c__Bacteroidia;o__Bacteroidales;f__Bacteroidaceae;g__Bacteroides;s__Bacteroides_salyersiae	k__Bacteria;p__Firmicutes;c__Clostridia;o__Clostridiales;f__Ruminococcaceae;g__Ruminiclostridium;s__[Eubacterium]_siraeum	k__Bacteria;p__Proteobacteria;c__Betaproteobacteria;o__Burkholderiales;f__Sutterellaceae;g__Parasutterella;s__Parasutterella_excrementihominis	k__Bacteria;p__Actinobacteria;c__Actinobacteria;o__Bifidobacteriales;f__Bifidobacteriaceae;g__Bifidobacterium;s__Bifidobacterium_adolescentis	k__Bacteria;p__Firmicutes;c__Clostridia;o__Clostridiales;f__Oscillospiraceae;g__Oscillibacter;s__Oscillibacter_sp._KLE_1745	k__Bacteria;p__Bacteroidetes;c__Bacteroidia;o__Bacteroidales;f__Bacteroidaceae;g__Bacteroides;s__Bacteroides_coprophilus	k__Bacteria;p__Firmicutes;c__Clostridia;o__Clostridiales;f__Lachnospiraceae;g__Roseburia;s__Roseburia_intestinalis	k__Bacteria;p__Firmicutes;c__Clostridia;o__Clostridiales;f__Lachnospiraceae;g__Roseburia;s__Roseburia_hominis	k__Bacteria;p__Bacteroidetes;c__Bacteroidia;o__Bacteroidales;f__Porphyromonadaceae;g__Parabacteroides;s__Parabacteroides_johnsonii	k__Bacteria;p__Actinobacteria;c__Actinobacteria;o__Bifidobacteriales;f__Bifidobacteriaceae;g__Bifidobacterium;s__Bifidobacterium_longum	k__Bacteria;p__Firmicutes;c__Clostridia;o__Clostridiales;f__;g__Flavonifractor;s__Flavonifractor_plautii	k__Bacteria;p__Firmicutes;c__Clostridia;o__Clostridiales;f__Clostridiaceae;g__Clostridium;s__Clostridium_phoceensis	k__Bacteria;p__Verrucomicrobia;c__Verrucomicrobiae;o__Verrucomicrobiales;f__Akkermansiaceae;g__Akkermansia;s__Akkermansia_muciniphila	k__Bacteria;p__Bacteroidetes;c__Bacteroidia;o__Bacteroidales;f__Prevotellaceae;g__Paraprevotella;s__Paraprevotella_xylaniphila	k__Bacteria;p__Firmicutes;c__Clostridia;o__Clostridiales;f__Ruminococcaceae;g__Ruminococcus;s__Ruminococcus_callidus	k__Bacteria;p__Bacteroidetes;c__Bacteroidia;o__Bacteroidales;f__Rikenellaceae;g__Alistipes;s__Alistipes_senegalensis	k__Bacteria;p__Firmicutes;c__Clostridia;o__Clostridiales;f__Lachnospiraceae;g__Blautia;s__Blautia_sp._KLE_1732	k__Bacteria;p__Bacteroidetes;c__Bacteroidia;o__Bacteroidales;f__Bacteroidaceae;g__Bacteroides;s__Bacteroides_oleiciplenus	k__Bacteria;p__Firmicutes;c__Clostridia;o__Clostridiales;f__Ruminococcaceae;g__Ruminococcus;s__Ruminococcus_bicirculans	k__Bacteria;p__Bacteroidetes;c__Bacteroidia;o__Bacteroidales;f__Bacteroidaceae;g__Bacteroides;s__Bacteroides_fluxus	k__Bacteria;p__Bacteroidetes;c__Bacteroidia;o__Bacteroidales;f__Prevotellaceae;g__Prevotella;s__Prevotella_stercorea	k__Bacteria;p__Firmicutes;c__Clostridia;o__Clostridiales;f__Lachnospiraceae;g__Dorea;s__Dorea_longicatena	k__Bacteria;p__Firmicutes;c__Clostridia;o__Clostridiales;f__Eubacteriaceae;g__Eubacterium;s__[Eubacterium]_eligens	k__Bacteria;p__Firmicutes;c__Clostridia;o__Clostridiales;f__Ruminococcaceae;g__;s__Ruminococcaceae_bacterium_D16	k__Bacteria;p__Firmicutes;c__Clostridia;o__Clostridiales;f__Lachnospiraceae;g__Coprococcus;s__Coprococcus_comes	k__Bacteria;p__Proteobacteria;c__Gammaproteobacteria;o__Enterobacterales;f__Enterobacteriaceae;g__Escherichia;s__Escherichia_coli	k__Bacteria;p__Firmicutes;c__Clostridia;o__Clostridiales;f__Ruminococcaceae;g__Anaerotruncus;s__Anaerotruncus_colihominis	k__Bacteria;p__Firmicutes;c__Clostridia;o__Clostridiales;f__Lachnospiraceae;g__Blautia;s__Blautia_obeum	k__Bacteria;p__Bacteroidetes;c__Bacteroidia;o__Bacteroidales;f__Odoribacteraceae;g__Odoribacter;s__Odoribacter_laneus	k__Bacteria;p__Firmicutes;c__Clostridia;o__Clostridiales;f__Ruminococcaceae;g__Ruminiclostridium;s__[Clostridium]_leptum	k__Bacteria;p__Bacteroidetes;c__Bacteroidia;o__Bacteroidales;f__Porphyromonadaceae;g__Parabacteroides;s__Parabacteroides_goldsteinii	k__Bacteria;p__Firmicutes;c__Clostridia;o__Clostridiales;f__Lachnospiraceae;g__Anaerostipes;s__Anaerostipes_hadrus	k__Bacteria;p__Firmicutes;c__Clostridia;o__Clostridiales;f__Ruminococcaceae;g__Ruminococcus;s__Ruminococcus_lactaris	k__Bacteria;p__Firmicutes;c__Clostridia;o__Clostridiales;f__Clostridiaceae;g__Clostridium;s__Clostridium_sp._L2-50	k__Bacteria;p__Firmicutes;c__Clostridia;o__Clostridiales;f__Clostridiaceae;g__Clostridium;s__Clostridium_sp._M62/1	k__Bacteria;p__Firmicutes;c__Clostridia;o__Clostridiales;f__;g__Intestinimonas;s__Intestinimonas_butyriciproducens	k__Bacteria;p__Actinobacteria;c__Actinobacteria;o__Bifidobacteriales;f__Bifidobacteriaceae;g__Bifidobacterium;s__Bifidobacterium_bifidum	k__Bacteria;p__Firmicutes;c__Negativicutes;o__Veillonellales;f__Veillonellaceae;g__Dialister;s__Dialister_invisus	k__Bacteria;p__Bacteroidetes;c__Bacteroidia;o__Bacteroidales;f__Bacteroidaceae;g__Bacteroides;s__Bacteroides_salanitronis
k__Bacteria;p__Bacteroidetes;c__Bacteroidia;o__Bacteroidales;f__Bacteroidaceae;g__Bacteroides;s__Bacteroides_vulgatus	1.0	0.0364941666789	-0.0154177900504	0.0358936968513	0.0184010211323	-0.0359886046421	0.0375856229726	0.0648147492656	0.006274729484	-0.0133585150729	0.0546462444473	-0.0389626057314	-0.0381881506832	0.0277422258353	0.0913106600836	0.0108626436274	-0.0122708325418	0.00620055319446	0.044523435623	-0.0696422965144	-0.0209173805398	-0.0115649880629	0.0867563616473	0.0137965048697	-0.0588622398175	-0.0168253898919	-0.0532126616573	-0.0114530775956	-0.0169811400732	-0.00438586264788	0.032510200011	-0.0174622697785	-0.0400287839298	-0.0268109901814	0.0503079170431	0.0125383546783	-0.0445178854641	0.0463706801634	-0.0489453712243	0.00180275707369	-0.00567002775267	0.0120064499348	-0.00473528539136	-0.0791702843845	0.00992192518192	-0.0368442237043	-0.0537703645677	0.00822181752595	-0.0379579186275	-0.0669217633883	0.00947649207777	-0.0766988509446	0.0817774047603	-0.0414219220603	0.0332172193923	0.0627556412251	-0.0139678062153	-0.0263753164171	0.0298868095044
k__Bacteria;p__Bacteroidetes;c__Bacteroidia;o__Bacteroidales;f__Bacteroidaceae;g__Bacteroides;s__Bacteroides_uniformis	0.0364941666789	1.0	-0.03021113658	-0.0316123236457	-0.0153863081451	-0.104807970638	-0.0837045779634	-0.040104314869	-0.0059265828379	-0.044985317103	-0.0284952364039	0.0313917546866	0.00524059423066	0.0595098513564	-0.00308601951703	-0.099398895534	0.0155308553798	0.0586686006802	-0.0247967964662	-0.004565077897	-0.0213022004628	0.0199810852753	-0.00477562110194	-0.0543363766309	-0.00154248817551	-0.0057709006518	0.0216420106013	-0.0502722880801	0.039154868432	-0.0128118547269	0.0134743463723	0.0440333782324	-0.0128876732227	-0.0383814157129	0.0324904123411	0.0299536234208	0.0247421759615	-0.00759638668013	0.0424523654605	-0.0329880335668	0.0563266572544	0.0377841897346	0.0735607040881	-0.0772613189807	-0.0530664171044	0.0641993495604	-0.0310227266544	0.0627561186172	-0.00622799897247	-0.0400808137778	0.041745277627	0.0677073378561	-0.113564116416	0.00162002985691	-0.0585117941974	0.0119914546523	0.0765914289592	0.0527407195812	0.0187531227174
k__Bacteria;p__Bacteroidetes;c__Bacteroidia;o__Bacteroidales;f__Rikenellaceae;g__Alistipes;s__Alistipes_putredinis	-0.0154177900504	-0.03021113658	1.0	0.0224167433303	-0.0565546454328	0.00974671491889	0.0165207819706	0.0564831187959	0.0467048614323	0.0244487112955	-0.0362613829517	-0.0633271710704	-0.0276267793868	-0.0522670445736	0.0100081877982	0.032884960429	-0.0335282887276	0.0141576999604	-0.0289718699117	-0.0249017064344	-0.0706758503431	-0.0459753357832	-0.0170628369842	-0.00117791200819	-0.0413492477517	0.034231802915	-0.000830129660522	0.0411871580248	0.017927956496	-0.0521966832168	-0.00475846058065	-0.00593338677458	-0.0143820379877	0.00576271766812	-0.0562600806993	-0.0337315815545	-0.0120773724424	-0.00352674907919	-0.00995058559417	0.00407014731047	0.0167640973996	-0.053082648027	0.00599692543907	0.00880915013021	-0.0425956774013	-0.0552108923713	0.109617423748	0.0251855455611	-0.0654756865345	-0.0428394555488	0.010698208501	-0.0142340108152	-0.0444800248961	0.0369382311851	0.0171986868273	0.0257728132878	-0.0230584205558	-0.0566090724633	0.0381898417462
k__Bacteria;p__Bacteroidetes;c__Bacteroidia;o__Bacteroidales;f__Prevotellaceae;g__Prevotella;s__Prevotella_copri	0.0358936968513	-0.0316123236457	0.0224167433303	1.0	0.032875080785	-0.0448281758612	0.03275728778	0.0188491129062	0.0400340935163	0.0939252430313	0.00274939122735	-0.00533138708678	0.0310510408856	-0.0236239271889	0.0178661012749	0.0310731875125	-0.0477290973723	-0.0812938137611	0.055458299693	0.0912657851992	-0.0531532402411	-0.045279224901	0.0120494300389	-0.0127270981792	-0.0256359051654	0.0400745272036	-0.0651853185199	0.028366402886	-0.0313039087163	-0.0547793692429	0.0716482083636	0.0246718279999	0.0262602161555	0.0247795224076	0.020822231551	-0.020740934472	-0.0567397707819	0.0120328397184	0.0103841657236	-0.0275252793266	-0.0329668289842	-0.0393543089455	-0.0218139152098	-0.0549653658578	-0.00360724080826	-0.00409402212312	-0.017857364375	-0.135135777199	-0.0567814901164	-0.0343970217165	-0.0382613777505	-0.00540352354712	0.00493496363062	-0.0896835663338	-0.0202458147402	0.00184798775974	-0.00192066787822	0.0280367096735	-0.0210466398224
k__Bacteria;p__Bacteroidetes;c__Bacteroidia;o__Bacteroidales;f__Bacteroidaceae;g__Bacteroides;s__Bacteroides_stercoris	0.0184010211323	-0.0153863081451	-0.0565546454328	0.032875080785	1.0	-0.0481687353728	-0.0179168031488	0.0870505250853	0.026597592927	0.0106959836667	0.00163189734004	0.0642073465105	-0.0344815679952	-0.0151920982933	0.0472678311489	-0.0179909946009	-0.0146324069948	-0.061446795796	-0.1013071076	0.101258375311	-0.0631357080815	0.0182279881578	-0.0605975793972	-0.0261919899804	-0.0286340084403	-0.0678640775658	-0.0259874230034	-0.00267749709057	0.00981737124598	0.0145130835938	-0.0110851261855	-0.033921304328	-0.0358272842539	0.0195173209837	-0.0151815804642	0.000705600689344	0.0122144398835	-0.0290250236776	-0.0115346658306	-0.019300617009	0.0432209134989	0.0167360380516	-0.0397968887258	0.0607173974601	-0.0310678912435	-0.110429725614	0.0544675085545	0.0277902686749	0.0297319275724	0.00146640996486	-0.0693246624321	-0.0702280468851	0.0218952784965	-0.0201024826385	-0.0119716016047	-0.0248961131862	-0.0739157581556	-0.0483228624693	0.0100348044825
k__Bacteria;p__Bacteroidetes;c__Bacteroidia;o__Bacteroidales;f__Bacteroidaceae;g__Bacteroides;s__Bacteroides_ovatus	-0.0359886046421	-0.104807970638	0.00974671491889	-0.0448281758612	-0.0481687353728	1.0	0.0177210959491	-0.0737933308396	-0.0261408378963	0.0144115048385	0.0291366773485	-0.00917065396272	-0.0684102020084	-0.0144597292044	0.0122080253998	-0.0685077002329	0.00248239963759	-0.0334801410229	0.0279609205472	-0.0193646587075	-0.0495677818197	-0.117270333131	0.0303352555695	0.0314212707225	0.0261036312791	0.0316875868314	-0.0169677066905	0.00343962544305	-0.0111559463155	-0.0328214540597	0.0133263667818	-0.0232187906756	0.0550124957461	0.00702027294586	-0.049406080303	0.028810335613	0.0237577464062	0.0471597004392	-0.0270185987888	0.0623483879683	-0.0466359209741	-0.0530510397662	0.0837624586343	0.0228276721674	0.0805601645117	-0.0328791218442	0.0222107222169	-0.0694466356244	-0.0685900629983	0.0256214245509	0.0112080102054	-0.0730044860006	-0.0580404255869	-0.0429402069358	-0.0297255618053	0.0623679938244	0.0241527250703	-0.0466290292252	0.0446961870067
k__Bacteria;p__Bacteroidetes;c__Bacteroidia;o__Bacteroidales;f__Rikenellaceae;g__Alistipes;s__Alistipes_shahii	0.0375856229726	-0.0837045779634	0.0165207819706	0.03275728778	-0.0179168031488	0.0177210959491	1.0	-0.00439304238466	-0.0242377016796	-0.0143697343184	-0.0605698965168	-0.000168535102458	0.00636387903287	-0.0108170611233	-0.00675424979777	0.0986419846385	0.0281941539025	-0.120576488198	0.0199843410829	-0.0898825493929	-0.00202141943305	-0.0410398572942	-0.0655673094866	0.0947359006894	-0.0494246007693	-0.00226858407388	-0.0614816402863	0.0347214701852	0.0135727748719	0.0139683528834	-0.0152404440362	0.0575158299341	0.0382816357388	-0.00568363921006	-0.0316841797009	-0.010500066669	0.000796940574588	0.0710800405406	-0.0471139548999	-0.0404901374338	-0.0269646515705	-0.000622044848964	0.012270483155	-0.0157590267545	0.0330521900525	-0.0186233064478	-0.0102051959885	-0.0731885839255	-0.0838188628501	0.108925809768	-0.0931946549344	-0.0591433754756	-0.0506982339506	0.0427958936684	-0.00745720571312	-0.0420238415719	-0.0614203043599	0.0043738191068	0.0264375939912
k__Bacteria;p__Firmicutes;c__Clostridia;o__Clostridiales;f__Ruminococcaceae;g__Faecalibacterium;s__Faecalibacterium_prausnitzii	0.0648147492656	-0.040104314869	0.0564831187959	0.0188491129062	0.0870505250853	-0.0737933308396	-0.00439304238466	1.0	-0.0131237425493	-0.0204552480029	-0.0439828652748	0.00820225575142	-0.00167331817653	-0.0744457910764	-0.0321470132902	0.0221992874131	-0.0583870621732	0.0282742672151	-0.00646286112691	-0.0703239989716	0.0273413332798	-0.0695271523387	0.0380141139791	0.0165038649781	0.0048883658376	-0.014886028923	-0.00919946653045	0.0948401632279	-0.0417081689783	-0.0217576701982	-0.0974721180427	-0.0488769950501	0.00939621762272	-0.0021593585182	0.028500339531	-0.00679406101113	-0.0409361887587	0.0333112948257	-0.0219495633725	0.0398246006991	0.0303984961652	-0.0681552333879	-0.0135822706477	0.00215167768368	-0.0764188753392	-0.0497673206453	-0.00740050895512	-0.00405197640656	-0.0652484921654	0.0447656225614	0.0165492602941	-0.0165519701195	-0.0048954802403	-0.0105025909644	-0.00171641876476	0.000131949009398	-0.0481109479908	0.00942901563288	-0.0273043146074
k__Bacteria;p__Bacteroidetes;c__Bacteroidia;o__Bacteroidales;f__Rikenellaceae;g__Alistipes;s__Alistipes_finegoldii	0.006274729484	-0.0059265828379	0.0467048614323	0.0400340935163	0.026597592927	-0.0261408378963	-0.0242377016796	-0.0131237425493	1.0	0.0138665092809	-0.0510407843125	-0.094161573948	-0.0148472036241	-0.0701239784524	-0.0249244001938	0.0333267251742	-0.000569647634432	-0.0386092390962	0.031150039687	-0.0247163037024	-0.0136992073247	0.0344431317686	0.0822924691097	-0.0639840590319	0.00976911606472	0.0486886702135	-0.0773310689038	0.0374267375674	-0.0533582664591	-0.0663823410795	-0.0426166370835	-0.032450625322	-0.025999989756	-0.0247417865299	0.0185333832065	0.0352168278016	0.00773954877511	-0.121874455464	-0.0815913371108	0.0202345444837	-0.0563357668912	-0.0585294588573	0.0399399297114	0.0572880046353	0.0473324341218	-0.0597362806941	-0.0352567387062	0.0566428110639	-0.0408496376588	-0.0184215932293	0.0365071545601	0.0398566477051	0.0246043717597	0.0144200219698	-0.0358419963669	0.0557822751674	0.00734441162351	-0.0278972430387	-0.0660954126301
k__Bacteria;p__Bacteroidetes;c__Bacteroidia;o__Bacteroidales;f__Porphyromonadaceae;g__Parabacteroides;s__Parabacteroides_distasonis	-0.0133585150729	-0.044985317103	0.0244487112955	0.0939252430313	0.0106959836667	0.0144115048385	-0.0143697343184	-0.0204552480029	0.0138665092809	1.0	-0.138368563946	-0.0237202740696	0.0476480651648	-0.04849292517	-0.0187769055516	-0.0110695341085	0.0408139594641	-0.0327185006526	-0.076147640083	-0.0206990502929	0.0154749716648	-0.0755643469475	-0.0103714751641	0.0197692070233	-0.00354909923701	-0.0277467495886	-0.0368985303187	0.028945735397	-0.0666061213749	-0.0288394689939	0.0144119726133	0.00159078153231	-0.00215568174909	0.0118396489196	-0.0396347289068	-0.00182803393139	-0.049127252479	-0.0164963126551	-0.0228410309519	-0.103028225561	-0.0104803910666	0.0818685434275	-0.0307121580346	-0.0232862767257	0.0359555305463	-0.0752220457794	0.0657318363236	-0.0156054825417	0.0198193199483	-0.114303273192	0.0233045716459	0.0686987037763	-0.063884173402	-0.0616336844485	-0.000835746897845	-0.0410089987355	-0.0535690144076	0.011530871713	-0.0559594687139
k__Bacteria;p__Bacteroidetes;c__Bacteroidia;o__Bacteroidales;f__Bacteroidaceae;g__Bacteroides;s__Bacteroides_thetaiotaomicron	0.0546462444473	-0.0284952364039	-0.0362613829517	0.00274939122735	0.00163189734004	0.0291366773485	-0.0605698965168	-0.0439828652748	-0.0510407843125	-0.138368563946	1.0	-0.087246482793	-0.0303239733225	0.00865093593763	0.019974025533	-0.0280145551498	-0.0241667893422	0.0177431925946	0.00742733181199	0.00948192825266	0.000755759552346	-0.00462695717862	0.0367735267443	-0.0435927508696	0.00228003195966	-0.0568326187778	0.000263823233008	0.0247142977682	-0.022991583899	0.0163969882562	-0.0538541240785	0.0455206124547	-0.113950338732	0.0291030236922	0.00591017829893	0.0602821442007	-0.0231544653881	-0.038535568756	-0.0646117219758	0.00640147241262	0.0711829312486	0.0214133629542	-0.041062646439	-0.0502452463723	0.00647951685914	0.00114830501252	0.0318911000835	0.0227771018414	0.00648057468586	0.06549634961	-0.0045228796462	-0.00990419852962	-0.00240431918433	-0.0120377156404	-0.0365342848146	0.0347710339032	0.0386759813131	-0.0418674784258	0.0433213296822
k__Bacteria;p__Bacteroidetes;c__Bacteroidia;o__Bacteroidales;f__Bacteroidaceae;g__Bacteroides;s__Bacteroides_coprocola	-0.0389626057314	0.0313917546866	-0.0633271710704	-0.00533138708678	0.0642073465105	-0.00917065396272	-0.000168535102457	0.00820225575142	-0.094161573948	-0.0237202740696	-0.087246482793	1.0	-0.0628335929547	-0.0152369939207	0.0399111017563	-0.0663306784553	-0.0290939542558	0.0360906911786	0.0247585673726	-0.00768410657086	0.00572120026768	-0.0575369969908	-0.0128262933185	-0.0630813475071	-0.00089803228499	0.0254907594139	0.00536452292428	-0.0444933583022	-0.0250575123009	-0.0307826221847	0.00350498234517	0.00969880510054	-0.094878981818	0.00859414081187	-0.0847080632877	0.0146454156567	-0.0026865342265	0.0302843528257	0.074864739286	-0.0112895083529	-0.0505319864602	0.00152882000602	-0.0189776474952	0.00872062725273	0.0359266665592	-0.0352139205776	-0.0314992105948	0.0915892413203	0.0755694298705	0.0262273064272	-0.00454490679864	0.0677236708941	-0.0159120406395	-0.0162162931784	0.00223616569825	0.00512452216217	0.0504760331268	0.0428273305424	0.00708922712968
k__Bacteria;p__Bacteroidetes;c__Bacteroidia;o__Bacteroidales;f__Bacteroidaceae;g__Bacteroides;s__Bacteroides_cellulosilyticus	-0.0381881506832	0.00524059423066	-0.0276267793868	0.0310510408856	-0.0344815679952	-0.0684102020084	0.00636387903287	-0.00167331817653	-0.0148472036241	0.0476480651648	-0.0303239733225	-0.0628335929547	1.0	0.0252236818709	0.00212443383793	-0.0779671734576	0.00133751856305	-0.121374619661	0.0243974629048	0.0207618495781	-0.00684776216075	0.0400957154538	-0.003476675356	0.0148553564794	-0.0374925821341	-0.0969529301616	-0.0667016684794	0.0247457510684	0.00698884091639	0.0223809736217	0.0395279740082	-0.01208030186	0.0341923123181	-0.0475986415527	0.00428769370873	-0.0752746009695	-0.00557615844576	-0.0206073445211	-0.0182309206003	-0.0608547717854	0.0427828696137	-0.00794854842423	-0.0655090893737	0.0125101021732	-0.0960893921086	-0.0627228281971	0.042554398578	-0.001254142693	-0.0715859284341	0.0546730292018	-0.0031963869139	0.0253875644439	-0.00543728101103	-0.0501895398307	0.0430264857898	-0.0104938301629	-0.0316938101953	0.0238123448162	-0.0632910169995
k__Bacteria;p__Bacteroidetes;c__Bacteroidia;o__Bacteroidales;f__Rikenellaceae;g__Alistipes;s__Alistipes_obesi	0.0277422258353	0.0595098513564	-0.0522670445736	-0.0236239271889	-0.0151920982933	-0.0144597292044	-0.0108170611233	-0.0744457910764	-0.0701239784524	-0.04849292517	0.00865093593763	-0.0152369939207	0.0252236818709	1.0	-0.00399739295993	-0.00894502395534	-0.0100533491008	-0.0120972721398	-0.0247671015033	0.012255301748	-0.0245446939463	0.0641668980525	-0.0625778662243	-0.0357854603016	0.00126460246717	-0.00842927501596	-0.00451449354281	-0.00424157946823	-0.0330940492473	0.0454857073344	-0.0473236012857	0.128336074556	0.00395883448961	-0.0256118089777	0.0642271454961	0.0256231960712	0.0203404610393	0.00742104243676	-0.0457997518668	0.0191206436884	-0.0547662502233	0.0205209777044	-0.0884884946677	-0.0447150790962	-0.0123470686309	-0.019486596276	-0.0357136218468	0.0184195663073	0.00464644958914	-0.0355094117047	0.0079587588737	0.0215551804396	-0.0381933974541	-0.0459652679509	-0.0302980534579	0.00130153977621	0.0439642489806	-0.00372985692768	-0.0359280069353
k__Bacteria;p__Firmicutes;c__Clostridia;o__Clostridiales;f__Lachnospiraceae;g__;s__[Eubacterium]_rectale	0.0913106600836	-0.00308601951703	0.0100081877982	0.0178661012749	0.0472678311489	0.0122080253998	-0.00675424979777	-0.0321470132902	-0.0249244001938	-0.0187769055516	0.019974025533	0.0399111017563	0.00212443383793	-0.00399739295993	1.0	-0.0614093915296	-0.0551306502583	0.0159399531051	-0.0714329255243	-0.0206372283434	0.0309551542049	-0.0974580685223	0.0402139539227	0.0516623642404	-0.097254584561	-0.00885362713939	0.0771987662803	-0.04456941514	-0.0492340783875	0.0158196970961	-0.0196203048744	0.0241366586562	0.0216563321081	0.000717090019033	-0.0206951180919	0.00143011774386	0.0129631263761	0.0484536882012	-0.0216580860459	0.00087741863285	-0.0200580594109	-0.0291464784597	0.00213281900536	-0.0976868248722	-0.0266278823414	-0.0273363948242	0.0341223804631	-0.0210579909631	-0.0121828223274	-0.00353329229211	-0.0931012243961	-0.0845206268893	-0.0561734923718	-0.0439879969597	-0.0157225950005	0.053648930675	-0.0497614161621	-0.0214499092625	-0.0160346133442
k__Bacteria;p__Bacteroidetes;c__Bacteroidia;o__Bacteroidales;f__Bacteroidaceae;g__Bacteroides;s__Bacteroides_plebeius	0.0108626436274	-0.099398895534	0.032884960429	0.0310731875125	-0.0179909946009	-0.0685077002329	0.0986419846385	0.0221992874131	0.0333267251742	-0.0110695341085	-0.0280145551498	-0.0663306784553	-0.0779671734576	-0.00894502395534	-0.0614093915296	1.0	0.0114188050498	-0.0220421086505	-0.0324129603967	-0.0645253121169	-0.00734037581103	-0.0137134310932	0.00391255332129	-0.0406501810028	-0.0389001501102	0.0157409732811	0.0609491110878	-0.0230755069784	0.0187423409186	0.00146847594219	-0.0115680308204	-0.0043938497166	-0.0431541598402	-0.00393098586464	-0.0939219720249	0.0537717490509	-0.00175541567471	0.0181885626686	0.0563554833093	0.00665249565349	-0.0302776283337	0.0714467124935	0.0335477578357	0.00883944234804	0.00588622540659	-0.0516704906278	-0.0746622277679	-0.0085690157027	0.0319729400066	0.049818783902	-0.0668535794394	-0.0845622324458	-0.0222620467076	0.0238575797404	-0.0479307855807	0.0139515949937	-0.041519525262	-0.00865998934602	0.0683794205595
k__Bacteria;p__Bacteroidetes;c__Bacteroidia;o__Bacteroidales;f__Bacteroidaceae;g__Bacteroides;s__Bacteroides_fragilis	-0.0122708325418	0.0155308553798	-0.0335282887276	-0.0477290973723	-0.0146324069948	0.00248239963759	0.0281941539025	-0.0583870621732	-0.000569647634432	0.0408139594641	-0.0241667893422	-0.0290939542558	0.00133751856305	-0.0100533491008	-0.0551306502583	0.0114188050498	1.0	0.0763858046143	-0.00605688174575	-0.0479159218927	0.0399684937877	-0.0187506165549	0.00422186732565	-0.0102448440011	-0.033850584088	-0.00622736868544	0.0128969115131	-0.045131989523	0.010604643077	0.0233215578493	0.0157509567739	0.0261014426488	-0.0308861441275	-0.0621212312527	0.0713383936615	0.0737545450975	-0.0328231897609	-0.0285885852905	-0.026268594936	0.0333354557617	-0.0373386968911	0.0219083774197	-0.0377232760822	0.00697911957484	-0.0289829340379	-0.00158644559717	-0.0194062988437	0.0141472309913	0.0336243301339	-0.14266083261	0.0474842030477	-0.0480457614307	0.0193931561295	0.039403744947	0.0382160109004	-0.0347275485237	0.0117652665018	-0.0090734899387	0.038355630636
k__Bacteria;p__Proteobacteria;c__Betaproteobacteria;o__Burkholderiales;f__Sutterellaceae;g__Sutterella;s__Sutterella_wadsworthensis	0.00620055319446	0.0586686006802	0.0141576999604	-0.0812938137611	-0.061446795796	-0.0334801410229	-0.120576488198	0.0282742672151	-0.0386092390962	-0.0327185006526	0.0177431925946	0.0360906911786	-0.121374619661	-0.0120972721398	0.0159399531051	-0.0220421086505	0.0763858046143	1.0	-0.0601587733223	-0.020592095491	0.0506827754915	-0.0348930193113	0.0864200076851	0.0206905553519	-0.05580169956	-0.0170284795146	-0.0197250373367	-0.0221972859359	-0.0317217196982	0.0302958449952	0.0187988407678	0.0270404083762	-0.114233299198	-0.0155409525584	-0.00506598690051	-0.0479975185282	0.0289363506098	0.00553462428274	-0.0300352000313	-0.0279615018894	-0.0553414458923	0.0681904171735	-0.0154565172546	0.00603811400038	0.0177974578035	0.00660382913325	0.0219957949965	-0.0530416097449	0.00960748447474	-0.0277283604817	-0.0633215532072	-0.0163175663836	0.00031808828035	0.000868916112542	-0.00381313596428	0.000167738068561	-0.012562453244	-0.00586076296478	-0.060031334643
k__Bacteria;p__Bacteroidetes;c__Bacteroidia;o__Bacteroidales;f__Porphyromonadaceae;g__Barnesiella;s__Barnesiella_intestinihominis	0.044523435623	-0.0247967964662	-0.0289718699117	0.055458299693	-0.1013071076	0.0279609205472	0.0199843410829	-0.00646286112691	0.031150039687	-0.076147640083	0.00742733181199	0.0247585673726	0.0243974629048	-0.0247671015033	-0.0714329255243	-0.0324129603967	-0.00605688174575	-0.0601587733223	1.0	0.00683412421851	-0.0337886033195	-0.0423403815051	-0.101046636507	-0.0652359090794	-0.0124632072376	-0.0561121382242	-0.106575678815	-0.0887345322189	-0.130133738932	-0.0121671024449	0.0712740720869	0.00608674159912	-0.0268678110385	-0.0420452072646	0.00903254585783	0.0275009398988	-0.0256891546994	-0.0324176518019	-0.0040958311024	-0.0520665186803	0.00189472111094	-0.0293938636715	-0.0145098464394	-0.000810149227536	-0.0547282253703	0.0108659262678	0.011821815198	0.0460768455723	0.0039645511148	0.00920007179845	-0.0528778570617	0.0441848654258	0.0345415721017	0.053926758794	-0.0224049959539	-0.00430115735764	-0.0267700306547	0.0106713664159	0.0392790980532
k__Bacteria;p__Bacteroidetes;c__Bacteroidia;o__Bacteroidales;f__Odoribacteraceae;g__Odoribacter;s__Odoribacter_splanchnicus	-0.0696422965144	-0.004565077897	-0.0249017064344	0.0912657851992	0.101258375311	-0.0193646587075	-0.0898825493929	-0.0703239989716	-0.0247163037024	-0.0206990502929	0.00948192825266	-0.00768410657086	0.0207618495781	0.012255301748	-0.0206372283434	-0.0645253121169	-0.0479159218927	-0.020592095491	0.00683412421851	1.0	0.0143313534657	0.00933409672889	0.120486219584	0.0256656186641	0.0042824825026	0.0569184550953	0.00571521407014	-0.0052145095617	-0.0221936251136	0.0274012881738	0.0262753075463	0.0164294830745	-0.0199653213423	-0.0085574342788	0.0129222726656	-0.0855115063073	-0.00828534866018	-0.0131519113493	-0.0171696927766	-0.0059959448502	-0.0355954456411	0.0117599643142	-0.0104485886752	0.00148246137454	0.0255484758074	0.0150922509444	0.0118220962945	0.0113474074696	-0.0154703049322	0.0313455570638	0.00280321459438	-0.00614400701787	-0.056660337166	-0.0246935391721	0.0140190781901	0.0240742722405	-0.0450531208685	-0.0290362515479	-0.0684170410388
k__Bacteria;p__Bacteroidetes;c__Bacteroidia;o__Bacteroidales;f__Bacteroidaceae;g__Bacteroides;s__Bacteroides_salyersiae	-0.0209173805398	-0.0213022004628	-0.0706758503431	-0.0531532402411	-0.0631357080815	-0.0495677818197	-0.00202141943305	0.0273413332798	-0.0136992073247	0.0154749716648	0.000755759552346	0.00572120026768	-0.00684776216075	-0.0245446939463	0.0309551542049	-0.00734037581103	0.0399684937877	0.0506827754915	-0.0337886033195	0.0143313534657	1.0	0.0639242014529	-0.0064115717784	0.0428547862536	-0.00859363494247	0.0101533907376	-0.000306398889677	-0.0467252733001	-0.0643021006884	0.00800262446126	-0.0141163472101	0.0279280078688	-0.0336224556041	0.0166410955576	-0.0669072969253	0.0280836460749	-0.0383806822067	-0.0291127082475	0.0530561488886	0.0387511823211	-0.0233061324761	0.0849995167082	-0.123648669579	0.0552695198683	-0.00971564704121	0.0475111696527	0.0196325425936	0.0140727396782	-0.0693265965818	0.015809116632	0.0275200922872	-0.000664675046006	0.0662707456261	-0.0536455801702	-0.0104918519887	0.0264095396727	-0.0304811191754	0.0131068292491	-0.0775254652056
k__Bacteria;p__Firmicutes;c__Clostridia;o__Clostridiales;f__Ruminococcaceae;g__Ruminiclostridium;s__[Eubacterium]_siraeum	-0.0115649880629	0.0199810852753	-0.0459753357832	-0.045279224901	0.0182279881578	-0.117270333131	-0.0410398572942	-0.0695271523387	0.0344431317686	-0.0755643469475	-0.00462695717862	-0.0575369969908	0.0400957154538	0.0641668980525	-0.0974580685223	-0.0137134310932	-0.0187506165549	-0.0348930193113	-0.0423403815051	0.00933409672889	0.0639242014529	1.0	-0.0835801761891	-0.0389438222386	0.015297289834	0.0445904735098	0.0023191872698	-0.0435085411827	-0.0177195404244	-0.0747967289371	-0.0364786700167	0.0679695914099	-0.0256391190427	0.0480377544831	0.000955171878188	0.0189384564874	-0.040352603489	-0.0304766802951	-0.0246961169642	-0.0131581650863	0.0183109903463	-0.121341165696	-0.00563823764221	-0.042020844817	-0.0419807189784	0.0677448309943	-0.0490674223643	-0.057203941536	0.0077256395783	-0.0290678787577	0.0718876170026	-0.014819297533	-0.0544829164532	-0.0179554745	-0.0484568898183	0.00205985983901	0.00647114567197	-0.0355843925155	-0.0169165961667
k__Bacteria;p__Proteobacteria;c__Betaproteobacteria;o__Burkholderiales;f__Sutterellaceae;g__Parasutterella;s__Parasutterella_excrementihominis	0.0867563616473	-0.00477562110194	-0.0170628369842	0.0120494300389	-0.0605975793972	0.0303352555695	-0.0655673094866	0.0380141139791	0.0822924691097	-0.0103714751641	0.0367735267443	-0.0128262933185	-0.003476675356	-0.0625778662243	0.0402139539227	0.00391255332129	0.00422186732565	0.0864200076851	-0.101046636507	0.120486219584	-0.0064115717784	-0.0835801761891	1.0	0.06036563554	0.0118606876684	-0.0231497326272	-0.00831745468962	0.0640014066225	-0.0414406927291	-0.0237068626975	0.00393175359029	-0.0277281929158	-0.0339937543508	-0.0426546882178	0.0110802084601	-0.0153573153192	-0.0190171257984	-0.00612015695141	-0.0904806658267	-0.00290428286565	0.0330837037575	0.0330493136647	0.00781202341913	-0.0646690653167	0.0309181558447	0.00577268189298	-0.1198700521	0.0225397782351	0.0637034305496	-0.00410470387101	-0.0224076148838	0.0206500060557	0.0222721467327	0.00127428861654	0.00292602633555	-0.0550976672797	-0.0131518346456	-0.0092402704379	-0.0394695286009
k__Bacteria;p__Actinobacteria;c__Actinobacteria;o__Bifidobacteriales;f__Bifidobacteriaceae;g__Bifidobacterium;s__Bifidobacterium_adolescentis	0.0137965048697	-0.0543363766309	-0.00117791200819	-0.0127270981792	-0.0261919899804	0.0314212707225	0.0947359006894	0.0165038649781	-0.0639840590319	0.0197692070233	-0.0435927508696	-0.0630813475071	0.0148553564794	-0.0357854603016	0.0516623642404	-0.0406501810028	-0.0102448440011	0.0206905553519	-0.0652359090794	0.0256656186641	0.0428547862536	-0.0389438222386	0.06036563554	1.0	-0.055597077188	-0.0132666165132	-0.0380045395675	-0.0343955059369	0.00862933398561	0.0411068123132	-0.0498464033478	-0.0598181127314	-0.0251128325243	-0.0234971771205	0.0067944186631	-0.0562774783629	-0.00430812015936	0.00290132798142	-0.0792733404418	0.0171994395331	-0.031322759203	-0.0374950335941	-0.0278776362766	-0.0400497648577	-0.0236367062067	-0.0108751396538	-0.0620341031877	-0.0119215000014	-0.0589517185204	-0.0167471143253	-0.0464200456761	-0.0315580614249	-0.0331340072938	0.0532617386898	-0.0285918725391	0.0182710399162	-0.102887488452	-0.0538408762322	-0.0229459267304
k__Bacteria;p__Firmicutes;c__Clostridia;o__Clostridiales;f__Oscillospiraceae;g__Oscillibacter;s__Oscillibacter_sp._KLE_1745	-0.0588622398175	-0.00154248817551	-0.0413492477517	-0.0256359051654	-0.0286340084403	0.0261036312791	-0.0494246007693	0.0048883658376	0.00976911606472	-0.00354909923701	0.00228003195966	-0.00089803228499	-0.0374925821341	0.00126460246717	-0.097254584561	-0.0389001501102	-0.033850584088	-0.05580169956	-0.0124632072376	0.0042824825026	-0.00859363494247	0.015297289834	0.0118606876684	-0.055597077188	1.0	0.0791793997174	-0.00601782126285	0.0163500001145	0.0154639295565	0.00834227414747	0.109887289873	-0.0329157355803	-0.0498893823421	-0.00391499483142	-0.00835056601957	0.0213338981737	-0.0120899226064	-0.0233982149754	0.0793070491325	-0.0571987271371	-0.0681820162614	0.00863793926228	-0.0408972536827	-0.0201874568958	-0.0712656589728	-0.0336438815322	-0.00141114470608	-0.00432128385061	0.0146803666777	-0.103318702492	0.0385594165842	-0.0234231100435	-0.0495197608503	-0.0596145119643	0.0517742472004	-0.0273076169995	0.00490373877551	0.0307092975782	0.0537209118792
k__Bacteria;p__Bacteroidetes;c__Bacteroidia;o__Bacteroidales;f__Bacteroidaceae;g__Bacteroides;s__Bacteroides_coprophilus	-0.0168253898919	-0.0057709006518	0.034231802915	0.0400745272036	-0.0678640775658	0.0316875868314	-0.00226858407388	-0.014886028923	0.0486886702135	-0.0277467495886	-0.0568326187778	0.0254907594139	-0.0969529301616	-0.00842927501596	-0.00885362713939	0.0157409732811	-0.00622736868544	-0.0170284795146	-0.0561121382242	0.0569184550953	0.0101533907376	0.0445904735098	-0.0231497326272	-0.0132666165132	0.0791793997174	1.0	-0.0324462484609	-0.0686224322485	-0.0452525001127	-0.0154074318672	0.0266795010583	0.0248616540433	-0.00620203833665	-0.0243455921281	-0.0497748584924	-0.0062545758335	0.0215316400533	0.016447677003	0.0290423562717	0.0120778425067	0.0256752908459	-0.00177118194663	0.0426051377892	-0.0942694250283	-0.0280439638884	0.0252587597424	-0.0104762485559	0.010197047919	0.110923450812	-0.0811688675659	0.00836644135198	-0.0112695409074	-0.0345165415784	-0.00342248824757	0.0126605443856	0.00864105861938	-0.03220349807	-0.0127397395931	0.0145985766036
k__Bacteria;p__Firmicutes;c__Clostridia;o__Clostridiales;f__Lachnospiraceae;g__Roseburia;s__Roseburia_intestinalis	-0.0532126616573	0.0216420106013	-0.000830129660522	-0.0651853185199	-0.0259874230034	-0.0169677066905	-0.0614816402863	-0.00919946653045	-0.0773310689038	-0.0368985303187	0.000263823233008	0.00536452292428	-0.0667016684794	-0.00451449354281	0.0771987662803	0.0609491110878	0.0128969115131	-0.0197250373367	-0.106575678815	0.00571521407014	-0.000306398889677	0.0023191872698	-0.00831745468962	-0.0380045395675	-0.00601782126285	-0.0324462484609	1.0	-0.0516209544922	-0.052315142595	0.0167161492407	-0.0577510215548	0.0401082293421	-0.0221953285748	-0.0476541945821	-0.0328849230373	-0.0303242756487	0.0587603221825	-0.032719743643	0.00948361662309	-0.0251686712815	0.0645017594974	0.0213204579358	-0.0475654339481	0.0308121153449	0.0409809839858	-0.0592004426482	-0.0741340094691	0.0512403548182	0.0130778989256	-0.0433661677958	0.0590894521763	0.00437077877651	0.0648533180084	-0.0138700940957	-0.00778434055712	0.008387720431	0.0227446932503	0.0672076411316	0.0614033677982
k__Bacteria;p__Firmicutes;c__Clostridia;o__Clostridiales;f__Lachnospiraceae;g__Roseburia;s__Roseburia_hominis	-0.0114530775956	-0.0502722880801	0.0411871580248	0.028366402886	-0.00267749709057	0.00343962544305	0.0347214701852	0.0948401632279	0.0374267375674	0.028945735397	0.0247142977682	-0.0444933583022	0.0247457510684	-0.00424157946823	-0.04456941514	-0.0230755069784	-0.045131989523	-0.0221972859359	-0.0887345322189	-0.0052145095617	-0.0467252733001	-0.0435085411827	0.0640014066225	-0.0343955059369	0.0163500001145	-0.0686224322485	-0.0516209544922	1.0	-0.0339399625501	-0.0050552859446	0.0210805648731	-0.0562148430694	-0.0615916901928	-0.0414264950438	-0.0899166259148	-0.0790670230635	-0.0248289570949	-0.0396843691743	-0.0733701644013	-0.0277574921609	0.0345862220635	-0.00945930104532	0.0288191016867	0.00664093117281	0.0581047346128	-0.043021189941	-0.0705440477867	-0.0526045588245	-0.0673129617432	0.0264605974977	-0.0597873587407	0.00903608202783	-0.0198236348267	-0.0227453740064	-0.0466976965287	-0.0118875404221	0.0176613167108	0.0134569455931	-0.0223021799235
k__Bacteria;p__Bacteroidetes;c__Bacteroidia;o__Bacteroidales;f__Porphyromonadaceae;g__Parabacteroides;s__Parabacteroides_johnsonii	-0.0169811400732	0.039154868432	0.017927956496	-0.0313039087163	0.00981737124598	-0.0111559463155	0.0135727748719	-0.0417081689783	-0.0533582664591	-0.0666061213749	-0.022991583899	-0.0250575123009	0.00698884091639	-0.0330940492473	-0.0492340783875	0.0187423409186	0.010604643077	-0.0317217196982	-0.130133738932	-0.0221936251136	-0.0643021006884	-0.0177195404244	-0.0414406927291	0.00862933398561	0.0154639295565	-0.0452525001127	-0.052315142595	-0.0339399625501	1.0	0.0288302349507	0.0277449234268	-0.0171752809848	0.0968116536001	-0.0480495402439	-0.0549331676123	0.0745148720555	0.0456235244781	0.0115701434405	0.0648057405275	-0.0332937661631	0.0146978493088	-0.022078150012	-0.0253168125812	-0.0948440738746	-0.0367976551022	-0.0290757521098	0.0482160621002	-0.0207377224876	0.0260251966381	-0.0292825199766	0.0013549625244	-0.0343087673225	-0.0288642096058	-0.0276396525089	-0.0854639305914	-0.0330797595134	-0.000444741920705	-0.0183321415803	-0.00602044862246
k__Bacteria;p__Actinobacteria;c__Actinobacteria;o__Bifidobacteriales;f__Bifidobacteriaceae;g__Bifidobacterium;s__Bifidobacterium_longum	-0.00438586264788	-0.0128118547269	-0.0521966832168	-0.0547793692429	0.0145130835938	-0.0328214540597	0.0139683528834	-0.0217576701982	-0.0663823410795	-0.0288394689939	0.0163969882562	-0.0307826221847	0.0223809736217	0.0454857073344	0.0158196970961	0.00146847594219	0.0233215578493	0.0302958449952	-0.0121671024449	0.0274012881738	0.00800262446126	-0.0747967289371	-0.0237068626975	0.0411068123132	0.00834227414747	-0.0154074318672	0.0167161492407	-0.0050552859446	0.0288302349507	1.0	-0.0115313551253	0.0191172544334	-0.0160021714741	-0.0518927825884	-0.0558991834179	-0.0147492612013	-0.0469825545519	0.0253472714682	-0.00325553067261	0.00438603299614	-0.0618634217028	0.0439668756698	-0.000749468495363	0.00465606872621	0.00395843533064	0.0162971991878	-0.0517988127362	-0.0604761443579	-0.0133273384196	-0.0100206789728	-0.0515380620668	-0.0114188093178	-0.0453526690609	-0.0287145005142	-0.115907041234	0.00112825885639	-0.0243744332352	0.0829193060476	0.0941181501641
