#taxonomy	k__Bacteria;p__Bacteroidetes;c__Bacteroidia;o__Bacteroidales;f__Bacteroidaceae;g__Bacteroides;s__Bacteroides_vulgatus	k__Bacteria;p__Bacteroidetes;c__Bacteroidia;o__Bacteroidales;f__Bacteroidaceae;g__Bacteroides;s__Bacteroides_uniformis	k__Bacteria;p__Bacteroidetes;c__Bacteroidia;o__Bacteroidales;f__Rikenellaceae;g__Alistipes;s__Alistipes_putredinis	k__Bacteria;p__Bacteroidetes;c__Bacteroidia;o__Bacteroidales;f__Prevotellaceae;g__Prevotella;s__Prevotella_copri	k__Bacteria;p__Bacteroidetes;c__Bacteroidia;o__Bacteroidales;f__Bacteroidaceae;g__Bacteroides;s__Bacteroides_stercoris	k__Bacteria;p__Bacteroidetes;c__Bacteroidia;o__Bacteroidales;f__Bacteroidaceae;g__Bacteroides;s__Bacteroides_ovatus	k__Bacteria;p__Bacteroidetes;c__Bacteroidia;o__Bacteroidales;f__Rikenellaceae;g__Alistipes;s__Alistipes_shahii	k__Bacteria;p__Firmicutes;c__Clostridia;o__Clostridiales;f__Ruminococcaceae;g__Faecalibacterium;s__Faecalibacterium_prausnitzii	k__Bacteria;p__Bacteroidetes;c__Bacteroidia;o__Bacteroidales;f__Rikenellaceae;g__Alistipes;s__Alistipes_finegoldii	k__Bacteria;p__Bacteroidetes;c__Bacteroidia;o__Bacteroidales;f__Porphyromonadaceae;g__Parabacteroides;s__Parabacteroides_distasonis	k__Bacteria;p__Bacteroidetes;c__Bacteroidia;o__Bacteroidales;f__Bacteroidaceae;g__Bacteroides;s__Bacteroides_thetaiotaomicron	k__Bacteria;p__Bacteroidetes;c__Bacteroidia;o__Bacteroidales;f__Bacteroidaceae;g__Bacteroides;s__Bacteroides_coprocola	k__Bacteria;p__Bacteroidetes;c__Bacteroidia;o__Bacteroidales;f__Bacteroidaceae;g__Bacteroides;s__Bacteroides_cellulosilyticus	k__Bacteria;p__Bacteroidetes;c__Bacteroidia;o__Bacteroidales;f__Rikenellaceae;g__Alistipes;s__Alistipes_obesi	k__Bacteria;p__Firmicutes;c__Clostridia;o__Clostridiales;f__Lachnospiraceae;g__;s__[Eubacterium]_rectale	k__Bacteria;p__Bacteroidetes;c__Bacteroidia;o__Bacteroidales;f__Bacteroidaceae;g__Bacteroides;s__Bacteroides_plebeius	k__Bacteria;p__Bacteroidetes;c__Bacteroidia;o__Bacteroidales;f__Bacteroidaceae;g__Bacteroides;s__Bacteroides_fragilis	k__Bacteria;p__Proteobacteria;c__Betaproteobacteria;o__Burkholderiales;f__Sutterellaceae;g__Sutterella;s__Sutterella_wadsworthensis	k__Bacteria;p__Bacteroidetes;c__Bacteroidia;o__Bacteroidales;f__Porphyromonadaceae;g__Barnesiella;s__Barnesiella_intestinihominis	k__Bacteria;p__Bacteroidetes;c__Bacteroidia;o__Bacteroidales;f__Odoribacteraceae;g__Odoribacter;s__Odoribacter_splanchnicus	k__Bacteria;p__Bacteroidetes;c__Bacteroidia;o__Bacteroidales;f__Bacteroidaceae;g__Bacteroides;s__Bacteroides_salyersiae	k__Bacteria;p__Firmicutes;c__Clostridia;o__Clostridiales;f__Ruminococcaceae;g__Ruminiclostridium;s__[Eubacterium]_siraeum	k__Bacteria;p__Proteobacteria;c__Betaproteobacteria;o__Burkholderiales;f__Sutterellaceae;g__Parasutterella;s__Parasutterella_excrementihominis	k__Bacteria;p__Actinobacteria;c__Actinobacteria;o__Bifidobacteriales;f__Bifidobacteriaceae;g__Bifidobacterium;s__Bifidobacterium_adolescentis	k__Bacteria;p__Firmicutes;c__Clostridia;o__Clostridiales;f__Oscillospiraceae;g__Oscillibacter;s__Oscillibacter_sp._KLE_1745	k__Bacteria;p__Bacteroidetes;c__Bacteroidia;o__Bacteroidales;f__Bacteroidaceae;g__Bacteroides;s__Bacteroides_coprophilus	k__Bacteria;p__Firmicutes;c__Clostridia;o__Clostridiales;f__Lachnospiraceae;g__Roseburia;s__Roseburia_intestinalis	k__Bacteria;p__Firmicutes;c__Clostridia;o__Clostridiales;f__Lachnospiraceae;g__Roseburia;s__Roseburia_hominis	k__Bacteria;p__Bacteroidetes;c__Bacteroidia;o__Bacteroidales;f__Porphyromonadaceae;g__Parabacteroides;s__Parabacteroides_johnsonii	k__Bacteria;p__Actinobacteria;c__Actinobacteria;o__Bifidobacteriales;f__Bifidobacteriaceae;g__Bifidobacterium;s__Bifidobacterium_longum	k__Bacteria;p__Firmicutes;c__Clostridia;o__Clostridiales;f__;g__Flavonifractor;s__Flavonifractor_plautii	k__Bacteria;p__Firmicutes;c__Clostridia;o__Clostridiales;f__Clostridiaceae;g__Clostridium;s__Clostridium_phoceensis	k__Bacteria;p__Verrucomicrobia;c__Verrucomicrobiae;o__Verrucomicrobiales;f__Akkermansiaceae;g__Akkermansia;s__Akkermansia_muciniphila	k__Bacteria;p__Bacteroidetes;c__Bacteroidia;o__Bacteroidales;f__Prevotellaceae;g__Paraprevotella;s__Paraprevotella_xylaniphila	k__Bacteria;p__Firmicutes;c__Clostridia;o__Clostridiales;f__Ruminococcaceae;g__Ruminococcus;s__Ruminococcus_callidus	k__Bacteria;p__Bacteroidetes;c__Bacteroidia;o__Bacteroidales;f__Rikenellaceae;g__Alistipes;s__Alistipes_senegalensis	k__Bacteria;p__Firmicutes;c__Clostridia;o__Clostridiales;f__Lachnospiraceae;g__Blautia;s__Blautia_sp._KLE_1732	k__Bacteria;p__Bacteroidetes;c__Bacteroidia;o__Bacteroidales;f__Bacteroidaceae;g__Bacteroides;s__Bacteroides_oleiciplenus	k__Bacteria;p__Firmicutes;c__Clostridia;o__Clostridiales;f__Ruminococcaceae;g__Ruminococcus;s__Ruminococcus_bicirculans	k__Bacteria;p__Bacteroidetes;c__Bacteroidia;o__Bacteroidales;f__Bacteroidaceae;g__Bacteroides;s__Bacteroides_fluxus	k__Bacteria;p__Bacteroidetes;c__Bacteroidia;o__Bacteroidales;f__Prevotellaceae;g__Prevotella;s__Prevotella_stercorea	k__Bacteria;p__Firmicutes;c__Clostridia;o__Clostridiales;f__Lachnospiraceae;g__Dorea;s__Dorea_longicatena	k__Bacteria;p__Firmicutes;c__Clostridia;o__Clostridiales;f__Eubacteriaceae;g__Eubacterium;s__[Eubacterium]_eligens	k__Bacteria;p__Firmicutes;c__Clostridia;o__Clostridiales;f__Ruminococcaceae;g__;s__Ruminococcaceae_bacterium_D16	k__Bacteria;p__Firmicutes;c__Clostridia;o__Clostridiales;f__Lachnospiraceae;g__Coprococcus;s__Coprococcus_comes	k__Bacteria;p__Proteobacteria;c__Gammaproteobacteria;o__Enterobacterales;f__Enterobacteriaceae;g__Escherichia;s__Escherichia_coli	k__Bacteria;p__Firmicutes;c__Clostridia;o__Clostridiales;f__Ruminococcaceae;g__Anaerotruncus;s__Anaerotruncus_colihominis	k__Bacteria;p__Firmicutes;c__Clostridia;o__Clostridiales;f__Lachnospiraceae;g__Blautia;s__Blautia_obeum	k__Bacteria;p__Bacteroidetes;c__Bacteroidia;o__Bacteroidales;f__Odoribacteraceae;g__Odoribacter;s__Odoribacter_laneus	k__Bacteria;p__Firmicutes;c__Clostridia;o__Clostridiales;f__Ruminococcaceae;g__Ruminiclostridium;s__[Clostridium]_leptum	k__Bacteria;p__Bacteroidetes;c__Bacteroidia;o__Bacteroidales;f__Porphyromonadaceae;g__Parabacteroides;s__Parabacteroides_goldsteinii	k__Bacteria;p__Firmicutes;c__Clostridia;o__Clostridiales;f__Lachnospiraceae;g__Anaerostipes;s__Anaerostipes_hadrus	k__Bacteria;p__Firmicutes;c__Clostridia;o__Clostridiales;f__Ruminococcaceae;g__Ruminococcus;s__Ruminococcus_lactaris	k__Bacteria;p__Firmicutes;c__Clostridia;o__Clostridiales;f__Clostridiaceae;g__Clostridium;s__Clostridium_sp._L2-50	k__Bacteria;p__Firmicutes;c__Clostridia;o__Clostridiales;f__Clostridiaceae;g__Clostridium;s__Clostridium_sp._M62/1	k__Bacteria;p__Firmicutes;c__Clostridia;o__Clostridiales;f__;g__Intestinimonas;s__Intestinimonas_butyriciproducens	k__Bacteria;p__Actinobacteria;c__Actinobacteria;o__Bifidobacteriales;f__Bifidobacteriaceae;g__Bifidobacterium;s__Bifidobacterium_bifidum	k__Bacteria;p__Firmicutes;c__Negativicutes;o__Veillonellales;f__Veillonellaceae;g__Dialister;s__Dialister_invisus	k__Bacteria;p__Bacteroidetes;c__Bacteroidia;o__Bacteroidales;f__Bacteroidaceae;g__Bacteroides;s__Bacteroides_salanitronis
k__Bacteria;p__Bacteroidetes;c__Bacteroidia;o__Bacteroidales;f__Bacteroidaceae;g__Bacteroides;s__Bacteroides_vulgatus	1.0	-0.00740125268721	-0.00111696634416	-0.0273569511153	0.0338598242549	-0.0511886609381	-0.00757816308714	-0.0652020784606	-0.0509974021869	-0.036517845532	-0.0498557637665	-0.060015085063	-0.0215284806491	0.00198696877428	-0.0166595812631	-0.0112536314241	-0.0328215874743	-0.0204232021494	-0.0692990631056	-0.0190821995792	0.0119995768534	-0.00462292453643	0.0193709388052	0.0384297963458	-0.0143704303448	-0.0817678323698	-0.0238263915995	-0.0809499717773	0.00156918188855	-0.0162721010168	-0.0641313902046	-0.0556203069203	-0.00479273673567	0.000429624645822	-0.0719874387046	0.0455048832316	-0.0253777204634	0.00304489777309	-0.0145138898258	-0.0588990144831	0.000830657656744	0.0484642811873	0.00397982705818	0.0261504734893	-0.00414823051725	-0.000106690988384	0.00399523394942	-0.00445711500158	0.0284795458761	0.0479021762445	0.0538877670831	-0.0263764485576	0.0023084075239	0.0154427189174	-0.00789604063682	-0.00868275763652	0.00403333887287	-0.0152317768333	-0.0144897792651
k__Bacteria;p__Bacteroidetes;c__Bacteroidia;o__Bacteroidales;f__Bacteroidaceae;g__Bacteroides;s__Bacteroides_uniformis	-0.00740125268721	1.0	-0.0358046728888	-0.0454741640551	0.00307238102095	0.0055029542066	-0.129813239617	0.0104985321784	-0.0234980348884	0.000375437265201	-0.000318563092167	-0.0115779115428	0.0134337309215	0.0334205703971	-0.0586047746518	-0.0975484162116	-0.118254571743	0.0352201635636	0.0352466590088	0.0141210850172	0.0114713766081	0.0565775680049	0.0618604559555	0.0210706932454	-0.00679401393189	-0.0338874588087	0.00888298415241	0.0470384216795	-0.01522536669	0.0267814573815	-0.0606779511441	-0.0249077985923	-0.0709812504507	-0.0744773145558	0.02933539475	-0.0282529440517	0.0387316280135	-0.0582739198578	0.0514703290381	0.0481062862295	0.0230609431914	-0.0926739511385	-0.0265633136502	-0.0639250272135	0.0173722917409	0.00195559133893	0.00109072009186	0.0339888987519	0.0159362626528	0.0316248696038	0.0200313464397	0.0193737422853	0.00984369097489	-0.0193535506794	-0.0186010235907	0.0513899215182	0.0153583504537	-0.0792743823442	0.0111641722945
k__Bacteria;p__Bacteroidetes;c__Bacteroidia;o__Bacteroidales;f__Rikenellaceae;g__Alistipes;s__Alistipes_putredinis	-0.00111696634416	-0.0358046728888	1.0	-0.0720490397662	-0.00837955372028	-0.0274998538599	0.037555716214	-0.02176900549	0.0210430180674	0.0565437703983	0.0556321132531	0.0654160655143	0.0192922190619	0.0614257869014	-0.0104895520499	-0.0269658757921	0.035651717246	-0.0790296537475	-0.0531933490851	0.0382773647895	-0.0928831144699	-0.0669455895049	-0.058111829609	-0.0162872185527	-0.0876354054763	0.0384349246552	-0.0863439922773	0.00723743875068	-0.0404922888007	0.0116728929129	0.0562768226039	0.0042656275786	0.0765435237095	0.0213191159022	-0.00271230744807	0.0366014146772	-0.0696199172965	-0.0800791993576	-0.0679700630689	0.0221619764286	0.025906416655	-0.0425341447156	-0.0196003687529	0.0766244478178	0.0656018628726	0.0338041407396	0.0753202078392	0.0599837666781	0.0647774765117	-0.0463131103161	0.0108123239047	-0.0539756117021	-0.0265977508643	-0.028620233785	-0.0413187074437	-0.140393522456	-0.0174448781202	0.0125809440192	-0.0872559706211
k__Bacteria;p__Bacteroidetes;c__Bacteroidia;o__Bacteroidales;f__Prevotellaceae;g__Prevotella;s__Prevotella_copri	-0.0273569511153	-0.0454741640551	-0.0720490397662	1.0	-0.0139887720878	-0.029092720724	-0.0763671623137	-0.0257603769165	-0.00683897133293	0.00320910105943	-0.0419324758308	0.000815955666639	0.0290254977611	-0.0472099359715	0.00106720060574	0.0112099810758	-0.0116944210514	-0.00878109305685	-0.00298175125762	0.0477062889504	0.0337215108237	0.00326049087587	0.0348018065892	0.0148089884334	-0.025712166686	-0.0296297420348	-0.0358178447294	0.00660847111508	-0.0166644285744	0.0754546983159	-0.0383703144807	0.00546352465947	-0.00312052394874	0.00915474848399	0.0566006790265	0.0424677812816	0.0406207452817	-0.0166649651156	0.0563485326109	0.00624839035812	0.020355909448	-0.0374263209725	0.00933312207344	0.0380810490234	0.000919131997352	0.0216464294472	-0.015100551878	-0.0325650528907	-0.0380574404469	-0.0594326423758	-0.0424073022605	-0.0350786599184	-0.00234568761876	0.0540075631486	0.000839814005655	0.0435134242547	-0.0565364369254	0.0275512452543	0.0106369778258
k__Bacteria;p__Bacteroidetes;c__Bacteroidia;o__Bacteroidales;f__Bacteroidaceae;g__Bacteroides;s__Bacteroides_stercoris	0.0338598242549	0.00307238102095	-0.00837955372028	-0.0139887720878	1.0	0.0160265407236	-0.00558852383677	-0.0604668117757	0.0119524272552	0.014228333254	-0.00478955248754	-0.0290970132353	-0.021768663357	-0.101034746631	-0.0435497512621	0.00194104565706	-0.0252513277545	0.0404625535355	-0.0368247678107	-0.0479805078412	0.0105171591625	0.0506448563552	-0.0383600798447	-0.0987866275819	-0.0561308376335	-0.000173073410887	0.00900269479119	-0.041398161312	-1.14812840398e-05	-0.0115332173871	-0.0251999817296	0.0459674763277	-0.0895821119369	0.00585710007032	-0.0354343473166	-0.0479142443185	0.0367107677938	-0.0168220298029	0.0114805864308	-0.0275446231894	0.0685360170596	0.0521018288589	0.0103101795554	-0.0753850762802	0.0545533082697	-0.0507514455636	-0.0434686587719	0.0150124946945	0.0222113590633	-0.0238742362817	-0.00339667669397	-0.00150696625089	0.0159648574109	-0.0177251256228	-0.0403316258204	0.0782718209396	0.0383980334224	0.0151688555591	-0.00232798031316
k__Bacteria;p__Bacteroidetes;c__Bacteroidia;o__Bacteroidales;f__Bacteroidaceae;g__Bacteroides;s__Bacteroides_ovatus	-0.0511886609381	0.0055029542066	-0.0274998538599	-0.029092720724	0.0160265407236	1.0	-0.0589033664707	-0.0543381055294	0.0620034672876	-0.0143343465527	-0.00568466897248	0.0440313442683	0.0313805002629	-0.069978111768	-0.017216232617	-0.0462218506958	-0.0573513954247	0.0460388488708	-0.0849344111646	-0.0859556158724	0.0522147766558	-0.0247850409977	0.064732934128	-0.00549463430568	0.00982180345239	0.0556940111282	0.0121188103817	-0.0393041076	0.0314232391994	-0.041133921402	-0.0304894706196	0.0424427923472	-0.0502193583766	-0.0148366839888	-0.060277501032	-0.0751936474874	-0.0464479621159	-0.041158950507	0.00636702275557	0.0044611991972	0.0374424487474	0.00946316581416	-0.0320363115567	0.0117763633731	-0.0644301758192	0.0101918449944	0.0417704627877	-0.0484731397786	0.0254698573164	0.116866131403	-0.0599465874531	-0.0304727929522	-0.0404156749951	-0.0149824394868	-0.0163330022052	-0.0348904667836	0.023560021559	-0.0118674568223	-0.0336536583056
k__Bacteria;p__Bacteroidetes;c__Bacteroidia;o__Bacteroidales;f__Rikenellaceae;g__Alistipes;s__Alistipes_shahii	-0.00757816308714	-0.129813239617	0.037555716214	-0.0763671623137	-0.00558852383677	-0.0589033664707	1.0	-0.0307872270388	-0.0078479536857	-0.0237657321415	-0.0822506490033	0.00407144442692	-0.0442187945886	0.014993974296	-0.018743455228	-0.0161145278492	0.0296986707876	0.0533457593904	-0.0638484357673	-0.0695385496635	-0.00351882770376	-0.105389158938	-0.0210144813821	0.000636656306035	0.0181500244177	-0.014986508114	0.0216019216369	0.00533191568048	-0.046072136365	0.105105401472	0.0109705848659	-0.0564897284647	0.0219839642965	-0.00471731572368	-0.09611948299	-0.0295755235625	-0.0204427086164	0.0117812589221	0.0475192273722	-0.0404603506399	-0.0415659231123	0.024722892898	0.0322480987209	-0.0353283140538	0.0061546329321	-0.0158098817203	-0.0260728842258	0.073193471069	0.00299368149466	0.0228808730342	0.0591588850695	0.00704392287482	-0.0655889695516	0.0690629246733	0.00295799963285	-0.080591508172	-0.000866604733023	-0.0677155488292	-0.0939516782717
k__Bacteria;p__Firmicutes;c__Clostridia;o__Clostridiales;f__Ruminococcaceae;g__Faecalibacterium;s__Faecalibacterium_prausnitzii	-0.0652020784606	0.0104985321784	-0.02176900549	-0.0257603769165	-0.0604668117757	-0.0543381055294	-0.0307872270388	1.0	-0.0267742625597	0.0097173010403	-0.0144426749138	0.00319419518029	0.02398933276	0.0267827031718	-0.00103537788358	0.0141331604364	0.0371749835128	0.0545825142042	-0.0167364979203	-0.0141469299209	-0.044478587463	-0.00575522228805	-0.0449969336707	0.0417201459204	-0.0266549821371	-0.0252006280297	-0.023933810665	0.00128903197875	-0.0257057339286	-0.0796207549505	-0.0065017452123	-0.0044680830628	0.00658236890812	0.0646800977205	-0.0324903845137	0.0380722965561	0.103579092263	-0.0244917979312	-0.0634290582476	0.0114596154169	-0.00430538094551	-0.0246573565755	0.0150460926584	0.0642959465443	-0.0774780866091	0.0171202452863	-0.0234679743749	-0.00620748902364	-0.00893154170869	-0.045717366809	-0.1110546651	-0.0437235047284	-0.0341773145668	0.0125497549678	-0.0787018313279	0.0625236565428	-0.0353056147972	-0.0187802183002	-0.0283641826724
k__Bacteria;p__Bacteroidetes;c__Bacteroidia;o__Bacteroidales;f__Rikenellaceae;g__Alistipes;s__Alistipes_finegoldii	-0.0509974021869	-0.0234980348884	0.0210430180674	-0.00683897133293	0.0119524272552	0.0620034672876	-0.0078479536857	-0.0267742625597	1.0	-0.033484922616	0.038828413091	-0.0493849631612	-0.0185820583981	0.0595004864161	-0.00588528697661	-0.0469069778974	-0.00736361596828	0.0338719019927	-0.0331998559942	0.0441036969754	-0.0211086089977	-0.0724444648861	-0.0113304470879	-0.0356245913349	0.0360206710749	-0.0349818729175	0.0293479555036	-0.00385167710759	0.0285616849794	-0.0307165929458	0.091350570914	-0.0193314523416	0.014915145051	-0.100760183984	-0.0234506625434	0.0318024300438	-0.0724704589514	-0.0252806727872	0.0672597075636	-0.0749072734753	-0.0624327282166	0.0186508490103	0.0292111173795	-0.00261517495672	0.032409984483	-0.0234720496486	-0.0383979525187	-0.0189001383213	-0.0309784578528	0.0324918353601	-0.0288125350391	-0.00321690471943	0.0146129747983	-0.0577282479447	0.0118637633924	-0.00296668287991	0.0287974422868	0.082475162475	0.0498884211433
k__Bacteria;p__Bacteroidetes;c__Bacteroidia;o__Bacteroidales;f__Porphyromonadaceae;g__Parabacteroides;s__Parabacteroides_distasonis	-0.036517845532	0.000375437265201	0.0565437703983	0.00320910105943	0.014228333254	-0.0143343465527	-0.0237657321415	0.0097173010403	-0.033484922616	1.0	-0.0357003885804	0.00300485334557	-0.00230554266154	-0.160427965184	-0.0958360895277	-0.0446919239287	0.0114557133365	0.041151731333	0.0423304767413	0.0174740627001	-0.080257624866	-0.0505167340454	0.0375984796119	0.0530871150345	0.0180121472974	-0.0850588696342	-0.0457729083207	0.0142816818602	-0.00395941084168	-0.020538526826	-0.00980414601874	0.00601292801692	0.0999784851608	-0.0551580648961	0.0428147855069	-0.0657632840021	-0.023653662507	0.082336208808	-0.031645328989	0.109903429802	-0.0248858142311	0.0179190408611	-0.0151684906818	-0.0192574116334	-0.00632162201784	0.00387490221831	0.0880783636892	-0.0383987753313	-0.0256716403761	0.0784250981185	-0.0437081911075	-0.0263619730418	-0.0401166020105	0.0355700189182	-0.0302917178907	0.0413220996776	-0.0282629771636	0.0339135060722	0.0105538453666
k__Bacteria;p__Bacteroidetes;c__Bacteroidia;o__Bacteroidales;f__Bacteroidaceae;g__Bacteroides;s__Bacteroides_thetaiotaomicron	-0.0498557637665	-0.000318563092167	0.0556321132531	-0.0419324758308	-0.00478955248754	-0.00568466897248	-0.0822506490033	-0.0144426749138	0.038828413091	-0.0357003885804	1.0	0.000237402875787	0.0195839393035	-0.0721824903772	0.00796767359097	-0.0022515312092	-0.00400985515529	0.0386360130951	0.0344956701601	0.0133434737467	-0.0739124411118	-0.00354809843195	-0.0676430403173	-0.0897000124906	-0.00920209847669	0.0100262697811	0.0142385708454	0.0771719065522	0.0571455952187	-0.0242682497325	0.0137856975648	-0.0746521802536	0.0529859360991	-0.0486371114585	-0.0102058401457	0.045168945286	0.0493084278829	0.00264238176284	-0.0327704180436	-0.0349672148397	-0.0462540873596	-0.0568577583858	-0.00244285180184	-0.00328303315701	-0.000107707355966	-0.029128750958	-0.00150975446816	-0.0153618638764	0.078664156807	-0.0124114615972	0.00939262628895	0.0203883670074	-0.0356361238289	-0.0499771478362	-0.0611667477845	-0.0608080316366	-0.0594602963542	0.0304838872132	0.0228442350339
k__Bacteria;p__Bacteroidetes;c__Bacteroidia;o__Bacteroidales;f__Bacteroidaceae;g__Bacteroides;s__Bacteroides_coprocola	-0.060015085063	-0.0115779115428	0.0654160655143	0.000815955666639	-0.0290970132353	0.0440313442683	0.00407144442692	0.00319419518029	-0.0493849631612	0.00300485334557	0.000237402875787	1.0	-0.0199249422579	0.024096290292	0.00572751734711	-0.0411089865421	-0.0262580052933	-0.0352599607123	-0.0102248437158	0.0416789461915	0.000471684253765	-0.105222673603	-0.0107175725157	-0.00707697684998	-0.00696275696742	0.0280118975609	-0.00520050003283	0.0168583312328	0.0147475453208	0.0291826676401	-0.104463748555	0.02471945729	-0.0261079848622	0.0601770705483	-0.054660086214	0.0167348219981	-0.111738974557	-0.0210224605852	-0.0383670897798	0.0296206389716	0.00934075103303	0.0819124988794	0.0501796672373	-0.0233940632388	-0.0251656111952	0.0110610435055	-0.0247222572322	0.058427358078	-0.00268516379509	-0.0303529385284	-0.0359642518422	-0.0297363702374	-0.0468418861594	0.00360433068263	0.00107437298694	-0.06882833482	-0.0594000065839	-0.0032739190567	-0.0135476398874
k__Bacteria;p__Bacteroidetes;c__Bacteroidia;o__Bacteroidales;f__Bacteroidaceae;g__Bacteroides;s__Bacteroides_cellulosilyticus	-0.0215284806491	0.0134337309215	0.0192922190619	0.0290254977611	-0.021768663357	0.0313805002629	-0.0442187945886	0.02398933276	-0.0185820583981	-0.00230554266154	0.0195839393035	-0.0199249422579	1.0	-0.0318381464003	-0.0443815957761	0.0132351408204	-0.0746693991482	-0.0179468618657	-0.0190384782865	0.0404873327942	-0.0638562783326	0.0122555189762	-0.0349870918236	0.0780082065026	0.0817593847727	-0.0759707669773	-0.023350674986	-0.0487262413332	0.00609585847965	0.0148211708225	0.0235544558717	-0.0398054401192	-0.0439890886599	0.0329930354227	-0.0678127199259	-0.00798148555844	0.0218653871565	0.0468529813964	0.0230396681015	-0.0807539564249	-0.0380193039869	-0.0171389075027	-0.0135876131413	-0.0186843333914	0.0604982306366	0.0100626427721	-0.0130550863854	0.027345170339	0.000734011650155	0.0148899499586	0.0173951738034	-0.0275382089596	-0.0844495814265	-0.014592088209	0.0234004530344	0.0182375769482	-0.00269978874946	-0.0242797488162	0.0145955904811
k__Bacteria;p__Bacteroidetes;c__Bacteroidia;o__Bacteroidales;f__Rikenellaceae;g__Alistipes;s__Alistipes_obesi	0.00198696877428	0.0334205703971	0.0614257869014	-0.0472099359715	-0.101034746631	-0.069978111768	0.014993974296	0.0267827031718	0.0595004864161	-0.160427965184	-0.0721824903772	0.024096290292	-0.0318381464003	1.0	0.0231503151247	-0.0331666597258	0.0270673941608	-0.018010467947	-0.0178363221184	-0.0241048974979	-0.0092345077386	-0.0450036462379	0.0267995752502	0.0142871258216	-0.0526446080282	-0.0535667384561	0.0110656388576	0.00217163744464	-0.00559626766539	-0.0004585310053	0.0206714792027	0.029334129428	-0.00277775204723	-0.0457159376061	-0.000442968366209	0.028876054831	0.0313875971859	-0.0256681433276	0.00119212415106	-0.0349452894797	0.0446157608692	-0.0270399523582	0.0403388557081	-0.0339594806156	-0.0587337117639	-0.0226433451651	0.0436685259064	-0.052143727374	-0.029870365077	0.0144349316408	0.0264668896397	-0.0522845951874	-0.0104183709007	0.0339510284544	-0.0453225867198	-0.0323253812784	-0.052608607297	-0.0866146006018	-0.0186036706764
k__Bacteria;p__Firmicutes;c__Clostridia;o__Clostridiales;f__Lachnospiraceae;g__;s__[Eubacterium]_rectale	-0.0166595812631	-0.0586047746518	-0.0104895520499	0.00106720060574	-0.0435497512621	-0.017216232617	-0.018743455228	-0.00103537788358	-0.00588528697661	-0.0958360895277	0.00796767359097	0.00572751734711	-0.0443815957761	0.0231503151247	1.0	-0.0698865913189	-0.00830908464997	0.0506585545458	-0.0886917977758	-0.0570319465033	0.00496666880325	-0.0496024931556	0.0361007153746	-0.0227102624801	-0.0464282898171	0.00711134602242	-0.0484210383873	-0.0885454786829	-0.0531204830881	-0.0141876327459	-0.0462256843772	0.0522039864012	-0.0104055859348	-0.0431528112644	-0.035927892243	0.0260950041962	-0.0114938994356	-0.00311405518543	0.0185659940982	-0.0453763750739	0.0297676690585	-0.00262564065794	-4.92975701808e-05	0.0107965747687	-0.0570855546901	0.00699841525398	0.02209930081	0.0454375480657	0.0109533242963	-0.00340179532498	0.0232326761901	0.00862527098317	0.0206515855854	0.00294614634863	-0.0247741755955	-0.0434530495672	0.0199490439876	-0.0119887073783	-0.0678663091368
k__Bacteria;p__Bacteroidetes;c__Bacteroidia;o__Bacteroidales;f__Bacteroidaceae;g__Bacteroides;s__Bacteroides_plebeius	-0.0112536314241	-0.0975484162116	-0.0269658757921	0.0112099810758	0.00194104565706	-0.0462218506958	-0.0161145278492	0.0141331604364	-0.0469069778974	-0.0446919239287	-0.0022515312092	-0.0411089865421	0.0132351408204	-0.0331666597258	-0.0698865913189	1.0	0.0727418179059	0.032450383202	0.00919225967422	-0.00908588658989	-0.0431721373266	-0.0439114514525	0.0053267024511	-0.0486696053246	-0.041886232441	-0.000789858951484	0.0313932022608	0.0387907835172	-0.0189858689002	-0.0384571077488	-0.0452487880938	-0.0444065489674	0.0105465713774	-0.015099952254	-0.0406341404067	-0.0326222720945	0.0215659631765	0.0354849389788	-0.00914143302272	-0.00519139892286	0.0259356380214	-0.0812116863659	0.0120773789367	-0.0515132793418	-0.0129926210205	-0.0353256586018	-0.03043443998	-0.0545748940755	0.0367204984278	-0.0201367782013	0.0413098749039	0.0544377028355	0.00294870437927	-0.0250713817831	0.00866913420744	-0.0577740503341	0.0294617409909	-0.0119927684956	0.0516555471226
k__Bacteria;p__Bacteroidetes;c__Bacteroidia;o__Bacteroidales;f__Bacteroidaceae;g__Bacteroides;s__Bacteroides_fragilis	-0.0328215874743	-0.118254571743	0.035651717246	-0.0116944210514	-0.0252513277545	-0.0573513954247	0.0296986707876	0.0371749835128	-0.00736361596828	0.0114557133365	-0.00400985515529	-0.0262580052933	-0.0746693991482	0.0270673941608	-0.00830908464997	0.0727418179059	1.0	0.0128706404801	-0.0305771197433	-0.0744828337772	0.00384813662282	0.0569600829141	-0.0526775384189	0.0502339725237	-0.017818477492	-0.0258419232554	-0.0145243434383	-0.0408033486538	-0.0254548650613	-0.0600960567268	0.0342702691552	0.0188547513054	-0.0526004607348	0.00651661578401	0.0600929509755	-0.000544667475594	-0.0193383318454	-0.0619187159196	-0.0506673921823	0.00748072650535	-0.00995494765777	0.0138440229743	0.0431274469047	0.013007817799	-0.00299278435156	-0.0674501244256	-0.0811225686037	-0.0650267857131	0.0103331375154	-0.0408091548499	-0.0320359747195	0.0145384119517	-0.0250442727053	-0.0461691276345	0.0432353945217	-0.00417971922242	0.00319376573452	-0.0361920338064	-0.0345282617348
k__Bacteria;p__Proteobacteria;c__Betaproteobacteria;o__Burkholderiales;f__Sutterellaceae;g__Sutterella;s__Sutterella_wadsworthensis	-0.0204232021494	0.0352201635636	-0.0790296537475	-0.00878109305685	0.0404625535355	0.0460388488708	0.0533457593904	0.0545825142042	0.0338719019927	0.041151731333	0.0386360130951	-0.0352599607123	-0.0179468618657	-0.018010467947	0.0506585545458	0.032450383202	0.0128706404801	1.0	-0.024122546002	0.00993381747561	0.0886643943442	-0.0242573352591	0.00552890325454	-0.0139392952211	-0.0315682094782	-0.0484784017975	-0.00682598190737	-0.00873999408125	0.00327097465695	0.0290001102925	0.000535548972445	-0.0480683683731	0.00569829438178	-0.034557194474	-0.0161435248209	-0.00587333383467	0.0334601197764	-0.0251182986349	0.00537309211678	-0.0573593917006	0.0381455719501	-0.0130108664603	-0.0137508436034	-0.0627008355896	-0.0102029784558	-0.0108608453606	-0.0756356812554	-0.109953287351	-0.0205811398791	-0.0337189322952	0.0196274192857	-0.0823122186201	-0.0563807096152	0.0399230295651	0.0110880243863	0.0405292283207	-0.0171387007138	0.0112498721254	0.0217203560263
k__Bacteria;p__Bacteroidetes;c__Bacteroidia;o__Bacteroidales;f__Porphyromonadaceae;g__Barnesiella;s__Barnesiella_intestinihominis	-0.0692990631056	0.0352466590088	-0.0531933490851	-0.00298175125762	-0.0368247678107	-0.0849344111646	-0.0638484357673	-0.0167364979203	-0.0331998559942	0.0423304767413	0.0344956701601	-0.0102248437158	-0.0190384782865	-0.0178363221184	-0.0886917977758	0.00919225967422	-0.0305771197433	-0.024122546002	1.0	-0.00106075017513	-0.00701845601938	-0.0390354401563	0.0563685096076	-0.0906131793317	0.00630682925811	0.0699718301124	-0.0177903454434	0.0482547903983	-0.0420599724858	-0.03850848226	-0.00761910722765	0.0261533007847	-0.0127274851653	0.0293186921266	0.00626696672267	-0.0201786465206	-0.0327952770543	-0.0737822758491	0.0500952159099	-0.0160767134281	-0.0273006913113	-0.0408839016582	0.0348403475993	0.0221573948804	-0.0394592225443	-0.0153623755426	-0.0275035145008	-0.00690791684653	-0.0136570610285	-0.0702981112068	0.0902873136217	0.0493795892051	-0.0113818983933	-0.0172976803479	0.0034569279018	0.0135862180338	-0.000878072061582	0.00620169557821	-0.0231912238285
k__Bacteria;p__Bacteroidetes;c__Bacteroidia;o__Bacteroidales;f__Odoribacteraceae;g__Odoribacter;s__Odoribacter_splanchnicus	-0.0190821995792	0.0141210850172	0.0382773647895	0.0477062889504	-0.0479805078412	-0.0859556158724	-0.0695385496635	-0.0141469299209	0.0441036969754	0.0174740627001	0.0133434737467	0.0416789461915	0.0404873327942	-0.0241048974979	-0.0570319465033	-0.00908588658989	-0.0744828337772	0.00993381747561	-0.00106075017513	1.0	0.00646481805948	-0.0750409992559	-0.0699777517425	0.00441820370638	0.0585703233472	0.0241951280384	-4.0960283287e-05	0.0201207502797	0.116880722592	0.0198083495978	-0.0257885528901	-0.0379193823513	-0.0439707558559	-0.00698037775282	-0.0383066621203	-0.0405235677882	0.0147443239733	-0.0747911807068	-0.0113546999849	-0.0161008091195	-0.0229559306475	0.0179623713346	-0.000103625731083	0.0057962828376	-0.0641161346761	-0.00655758434556	0.0589990613722	-0.00175800533142	0.0465135268323	-0.0762479746908	0.0660794359796	-0.05282578351	-0.0470819718671	0.0237063243741	-0.0187701266989	-0.00871118768238	0.00178381500071	-0.0235161104871	-0.0647129210479
k__Bacteria;p__Bacteroidetes;c__Bacteroidia;o__Bacteroidales;f__Bacteroidaceae;g__Bacteroides;s__Bacteroides_salyersiae	0.0119995768534	0.0114713766081	-0.0928831144699	0.0337215108237	0.0105171591625	0.0522147766558	-0.00351882770376	-0.044478587463	-0.0211086089977	-0.080257624866	-0.0739124411118	0.000471684253765	-0.0638562783326	-0.0092345077386	0.00496666880325	-0.0431721373266	0.00384813662282	0.0886643943442	-0.00701845601938	0.00646481805948	1.0	0.0630389619164	0.00621648787144	-0.0529296826275	-0.020312882082	-0.0719035951517	-0.0808630657585	-0.040813691384	0.0648067485213	-0.0560835880224	0.0151373506287	-0.0218918535123	-0.05856779449	-0.0560051671703	0.0733286744165	-0.0283789484587	0.0212542083426	-0.086119373808	0.0561040665557	0.0666010809106	-0.0307532055252	-0.0231768668104	0.0272248382645	-0.0218666105206	0.0540176331688	-0.0883272296583	0.067578936719	0.0110635767006	-0.0596085603643	-0.0463172806382	0.0104610267136	0.00394251482904	0.0346939428397	-0.00899846707948	0.0342577306742	-0.00220091107525	-0.052911298188	0.00692417359819	0.0262783493825
k__Bacteria;p__Firmicutes;c__Clostridia;o__Clostridiales;f__Ruminococcaceae;g__Ruminiclostridium;s__[Eubacterium]_siraeum	-0.00462292453643	0.0565775680049	-0.0669455895049	0.00326049087587	0.0506448563552	-0.0247850409977	-0.105389158938	-0.00575522228805	-0.0724444648861	-0.0505167340454	-0.00354809843195	-0.105222673603	0.0122555189762	-0.0450036462379	-0.0496024931556	-0.0439114514525	0.0569600829141	-0.0242573352591	-0.0390354401563	-0.0750409992559	0.0630389619164	1.0	-0.0544997175548	0.0501246584545	-0.00742439734986	-0.00643215169453	0.0335132179612	0.0178410053094	-0.0197583859202	-0.0414153674603	0.0046683442517	-0.0125208213827	-0.00398560752052	0.0585590607249	0.00772954939017	-0.0240860012664	0.029200323978	-0.0281163230887	0.00877692412121	-0.0437510669819	0.0447105969179	-0.0072498297875	0.0128168983218	0.0215957425112	0.0548749160316	0.0270159865312	-0.0467190432925	0.0235930915386	-0.0313954061182	-0.0342548950683	0.0187323245717	-0.0351198162836	-0.0102856913084	0.0391440047729	-0.0926812822979	0.0644881357964	0.0355106974624	-0.104273696875	0.0141422842562
k__Bacteria;p__Proteobacteria;c__Betaproteobacteria;o__Burkholderiales;f__Sutterellaceae;g__Parasutterella;s__Parasutterella_excrementihominis	0.0193709388052	0.0618604559555	-0.058111829609	0.0348018065892	-0.0383600798447	0.064732934128	-0.0210144813821	-0.0449969336707	-0.0113304470879	0.0375984796119	-0.0676430403173	-0.0107175725157	-0.0349870918236	0.0267995752502	0.0361007153746	0.0053267024511	-0.0526775384189	0.00552890325454	0.0563685096076	-0.0699777517425	0.00621648787144	-0.0544997175548	1.0	-0.0372320460158	0.00285050188118	-0.0284352539559	-0.0459237849659	0.0150869362393	-0.0154926758816	0.0421726840457	0.0208232507953	0.010702389719	-0.0464644393139	-0.0173909534353	0.0544015329814	-0.0430141478348	0.0400309369155	0.0220858446697	-0.024103374446	-0.0194337636656	0.0403649249185	0.0610319456952	0.00988583229544	-0.00975760309569	0.0107646018031	0.0228322198766	-0.0609642557337	-0.0205012570775	-0.040744816303	0.0680063173433	0.0516269498326	-0.0405225842012	0.0259177031292	-0.0313813678987	0.0138958415744	0.00102479278775	-0.000566792975838	-0.0240004703128	-0.0847464817391
k__Bacteria;p__Actinobacteria;c__Actinobacteria;o__Bifidobacteriales;f__Bifidobacteriaceae;g__Bifidobacterium;s__Bifidobacterium_adolescentis	0.0384297963458	0.0210706932454	-0.0162872185527	0.0148089884334	-0.0987866275819	-0.00549463430568	0.000636656306035	0.0417201459204	-0.0356245913349	0.0530871150345	-0.0897000124906	-0.00707697684998	0.0780082065026	0.0142871258216	-0.0227102624801	-0.0486696053246	0.0502339725237	-0.0139392952211	-0.0906131793317	0.00441820370638	-0.0529296826275	0.0501246584545	-0.0372320460158	1.0	0.0121463873112	0.00525848454398	-0.0375633211484	-0.0387295543007	-0.0501132982153	0.0159794373208	-0.0260339186342	-0.0161350867061	-0.0775547271304	0.0221421830613	-0.0589162188686	-0.0378871620687	-0.058855521705	0.00246196130951	-0.0699104302215	0.0632950639148	-0.0535770145142	-0.0195762652458	-0.0598702321314	0.0869481458788	-0.0323558797177	0.00728966576897	0.0269471057477	0.0576967119786	-0.00994533157522	0.0150620127294	-0.0606312069493	-0.030117117502	-0.0618239108981	-0.0247717871837	-0.0667956610897	0.0245562779266	-0.00697357368038	0.0705141789361	-0.0056776651597
k__Bacteria;p__Firmicutes;c__Clostridia;o__Clostridiales;f__Oscillospiraceae;g__Oscillibacter;s__Oscillibacter_sp._KLE_1745	-0.0143704303448	-0.00679401393189	-0.0876354054763	-0.025712166686	-0.0561308376335	0.00982180345239	0.0181500244177	-0.0266549821371	0.0360206710749	0.0180121472974	-0.00920209847669	-0.00696275696742	0.0817593847727	-0.0526446080282	-0.0464282898171	-0.041886232441	-0.017818477492	-0.0315682094782	0.00630682925811	0.0585703233472	-0.020312882082	-0.00742439734986	0.00285050188118	0.0121463873112	1.0	0.0592798341017	-0.0398395410367	-0.00970304782826	0.019266378161	-0.0588878080674	-0.0146923651324	-0.0201632799931	0.00983573700715	-0.0420343898136	0.0341317113108	0.0175631178576	0.0527241509908	0.0418052825932	-0.00967608904781	-0.0186754790757	-0.000324723700039	0.0216742405407	-0.0600930039539	0.0101397915425	0.0304742933159	0.0428024451961	-0.0348300936958	-0.0467263620848	0.085014208294	-0.0238192040862	-0.0303059137866	-0.0211623327096	-0.0279321878366	-0.0158807426946	0.0285412500271	0.017243906965	-0.0398864083189	0.0558575318383	-0.017630596122
k__Bacteria;p__Bacteroidetes;c__Bacteroidia;o__Bacteroidales;f__Bacteroidaceae;g__Bacteroides;s__Bacteroides_coprophilus	-0.0817678323698	-0.0338874588087	0.0384349246552	-0.0296297420348	-0.000173073410887	0.0556940111282	-0.014986508114	-0.0252006280297	-0.0349818729175	-0.0850588696342	0.0100262697811	0.0280118975609	-0.0759707669773	-0.0535667384561	0.00711134602242	-0.000789858951484	-0.0258419232554	-0.0484784017975	0.0699718301124	0.0241951280384	-0.0719035951517	-0.00643215169453	-0.0284352539559	0.00525848454398	0.0592798341017	1.0	0.0901009143019	0.0376207519393	-0.0265712412412	-0.0332285003662	-0.0289195138371	-0.0211268490197	0.0520520375195	0.0419258185725	-0.0725180639775	-0.00336902118066	-0.0763297583876	0.0505114319596	-0.00511574602196	-0.00457464115665	0.0490438692931	-0.0569324633479	0.00635390622683	-0.0125793339906	-0.0158880702583	0.00214889368264	0.00259645441003	-0.0183651087964	-0.00328647820645	0.0277639735485	-0.0652140653792	0.0125765826188	0.0221291335175	0.0224887364939	0.0144506967746	-0.0154179055676	0.000325077965237	-0.0841261957624	-0.0560032408011
k__Bacteria;p__Firmicutes;c__Clostridia;o__Clostridiales;f__Lachnospiraceae;g__Roseburia;s__Roseburia_intestinalis	-0.0238263915995	0.00888298415241	-0.0863439922773	-0.0358178447294	0.00900269479119	0.0121188103817	0.0216019216369	-0.023933810665	0.0293479555036	-0.0457729083207	0.0142385708454	-0.00520050003283	-0.023350674986	0.0110656388576	-0.0484210383873	0.0313932022608	-0.0145243434383	-0.00682598190737	-0.0177903454434	-4.09602832871e-05	-0.0808630657585	0.0335132179612	-0.0459237849659	-0.0375633211484	-0.0398395410367	0.0901009143019	1.0	-0.00919361546816	-0.0202609129942	-0.0301859851254	-0.00954793502141	-0.0551236227966	-0.0944961648602	0.0147396001284	0.0291296912381	-0.0817916594012	0.0245285923209	0.0352406197302	0.0334448910879	-0.0708412686618	-0.0291587513128	0.0324792106709	-0.102204180394	0.013390826646	-0.087639812677	-0.0070302953592	-0.0545261268737	0.00200302168425	0.0420235492619	-0.00961494329737	0.0350588827246	-0.0133480864225	0.0358865810028	0.0331803607462	0.024777687239	-0.0384189301536	0.0434961753525	-0.00651808128836	0.00138970157236
k__Bacteria;p__Firmicutes;c__Clostridia;o__Clostridiales;f__Lachnospiraceae;g__Roseburia;s__Roseburia_hominis	-0.0809499717773	0.0470384216795	0.00723743875068	0.00660847111508	-0.041398161312	-0.0393041076	0.00533191568048	0.00128903197875	-0.00385167710759	0.0142816818602	0.0771719065522	0.0168583312328	-0.0487262413332	0.00217163744464	-0.0885454786829	0.0387907835172	-0.0408033486538	-0.00873999408125	0.0482547903983	0.0201207502797	-0.040813691384	0.0178410053094	0.0150869362393	-0.0387295543007	-0.00970304782826	0.0376207519393	-0.00919361546816	1.0	0.0245811995683	-0.0904748777187	-0.0492849164614	-0.0104100516659	-0.0442529148335	0.00137098194996	-0.0659529079027	0.00133760616771	0.0331014137142	-0.0985199131169	-0.0382886861277	-0.0161327302909	0.0691075674961	-0.0231967598265	0.0415104490038	-0.0477035302938	-0.0124363384896	0.00312794480669	-0.00530573896784	-0.0116239608533	0.0481062292658	0.00159406424364	-0.0373660032117	0.0429374135134	0.00604318919423	0.0191179605474	-0.0657939127069	-0.00852372418152	-0.0998837821273	-0.0139431642874	-0.00346178082028
k__Bacteria;p__Bacteroidetes;c__Bacteroidia;o__Bacteroidales;f__Porphyromonadaceae;g__Parabacteroides;s__Parabacteroides_johnsonii	0.00156918188855	-0.01522536669	-0.0404922888007	-0.0166644285744	-1.14812840397e-05	0.0314232391994	-0.046072136365	-0.0257057339286	0.0285616849794	-0.00395941084168	0.0571455952187	0.0147475453208	0.00609585847965	-0.00559626766539	-0.0531204830881	-0.0189858689002	-0.0254548650613	0.00327097465695	-0.0420599724858	0.116880722592	0.0648067485213	-0.0197583859202	-0.0154926758816	-0.0501132982153	0.019266378161	-0.0265712412412	-0.0202609129942	0.0245811995683	1.0	-0.0254924013281	0.0182581995738	-0.0675432020488	-0.0261621706599	-0.0761326875368	-0.00408844751358	0.0854408731537	-0.00323202845385	-0.0424657353687	-0.0420471125783	0.00724234147061	-0.0330354109966	-0.012421498114	-0.0350133423074	-0.0494912852861	-0.0146866863189	-0.000444592233071	0.0238263129808	-0.0285085155297	-0.0613290166803	-0.0729233369947	-0.00303480405051	-0.0168457232204	-0.0381958377837	-0.0452403054182	-0.0223299550942	0.0524250998089	-0.064061004806	0.049894009552	0.00685261495466
k__Bacteria;p__Actinobacteria;c__Actinobacteria;o__Bifidobacteriales;f__Bifidobacteriaceae;g__Bifidobacterium;s__Bifidobacterium_longum	-0.0162721010168	0.0267814573815	0.0116728929129	0.0754546983159	-0.0115332173871	-0.041133921402	0.105105401472	-0.0796207549505	-0.0307165929458	-0.020538526826	-0.0242682497325	0.0291826676401	0.0148211708225	-0.0004585310053	-0.0141876327459	-0.0384571077488	-0.0600960567268	0.0290001102925	-0.03850848226	0.0198083495978	-0.0560835880224	-0.0414153674603	0.0421726840457	0.0159794373208	-0.0588878080674	-0.0332285003662	-0.0301859851254	-0.0904748777187	-0.0254924013281	1.0	0.0467058414558	-0.012685211772	0.0708197469424	-0.00248369596769	0.0212192151216	0.015923263578	-0.0117286786199	0.0273466971362	0.00823360004481	-0.07299467208	-0.047631824209	-0.0808041909974	0.0142492313986	-0.0223025696477	0.049541151232	-0.0715134880098	-0.0103205707752	-0.0493026513321	0.00670764392824	0.0275343053404	-0.0401837916509	-0.00610808785055	0.0431542459605	-0.0116680967992	-0.0141330418952	-0.0341112419665	0.00950026633205	-0.00612787727846	-0.0711167687487
