#taxonomy	k__Bacteria;p__Bacteroidetes;c__Bacteroidia;o__Bacteroidales;f__Bacteroidaceae;g__Bacteroides;s__Bacteroides_vulgatus	k__Bacteria;p__Bacteroidetes;c__Bacteroidia;o__Bacteroidales;f__Bacteroidaceae;g__Bacteroides;s__Bacteroides_uniformis	k__Bacteria;p__Bacteroidetes;c__Bacteroidia;o__Bacteroidales;f__Rikenellaceae;g__Alistipes;s__Alistipes_putredinis	k__Bacteria;p__Bacteroidetes;c__Bacteroidia;o__Bacteroidales;f__Prevotellaceae;g__Prevotella;s__Prevotella_copri	k__Bacteria;p__Bacteroidetes;c__Bacteroidia;o__Bacteroidales;f__Bacteroidaceae;g__Bacteroides;s__Bacteroides_stercoris	k__Bacteria;p__Bacteroidetes;c__Bacteroidia;o__Bacteroidales;f__Bacteroidaceae;g__Bacteroides;s__Bacteroides_ovatus	k__Bacteria;p__Bacteroidetes;c__Bacteroidia;o__Bacteroidales;f__Rikenellaceae;g__Alistipes;s__Alistipes_shahii	k__Bacteria;p__Firmicutes;c__Clostridia;o__Clostridiales;f__Ruminococcaceae;g__Faecalibacterium;s__Faecalibacterium_prausnitzii	k__Bacteria;p__Bacteroidetes;c__Bacteroidia;o__Bacteroidales;f__Rikenellaceae;g__Alistipes;s__Alistipes_finegoldii	k__Bacteria;p__Bacteroidetes;c__Bacteroidia;o__Bacteroidales;f__Porphyromonadaceae;g__Parabacteroides;s__Parabacteroides_distasonis	k__Bacteria;p__Bacteroidetes;c__Bacteroidia;o__Bacteroidales;f__Bacteroidaceae;g__Bacteroides;s__Bacteroides_thetaiotaomicron	k__Bacteria;p__Bacteroidetes;c__Bacteroidia;o__Bacteroidales;f__Bacteroidaceae;g__Bacteroides;s__Bacteroides_coprocola	k__Bacteria;p__Bacteroidetes;c__Bacteroidia;o__Bacteroidales;f__Bacteroidaceae;g__Bacteroides;s__Bacteroides_cellulosilyticus	k__Bacteria;p__Bacteroidetes;c__Bacteroidia;o__Bacteroidales;f__Rikenellaceae;g__Alistipes;s__Alistipes_obesi	k__Bacteria;p__Firmicutes;c__Clostridia;o__Clostridiales;f__Lachnospiraceae;g__;s__[Eubacterium]_rectale	k__Bacteria;p__Bacteroidetes;c__Bacteroidia;o__Bacteroidales;f__Bacteroidaceae;g__Bacteroides;s__Bacteroides_plebeius	k__Bacteria;p__Bacteroidetes;c__Bacteroidia;o__Bacteroidales;f__Bacteroidaceae;g__Bacteroides;s__Bacteroides_fragilis	k__Bacteria;p__Proteobacteria;c__Betaproteobacteria;o__Burkholderiales;f__Sutterellaceae;g__Sutterella;s__Sutterella_wadsworthensis	k__Bacteria;p__Bacteroidetes;c__Bacteroidia;o__Bacteroidales;f__Porphyromonadaceae;g__Barnesiella;s__Barnesiella_intestinihominis	k__Bacteria;p__Bacteroidetes;c__Bacteroidia;o__Bacteroidales;f__Odoribacteraceae;g__Odoribacter;s__Odoribacter_splanchnicus	k__Bacteria;p__Bacteroidetes;c__Bacteroidia;o__Bacteroidales;f__Bacteroidaceae;g__Bacteroides;s__Bacteroides_salyersiae	k__Bacteria;p__Firmicutes;c__Clostridia;o__Clostridiales;f__Ruminococcaceae;g__Ruminiclostridium;s__[Eubacterium]_siraeum	k__Bacteria;p__Proteobacteria;c__Betaproteobacteria;o__Burkholderiales;f__Sutterellaceae;g__Parasutterella;s__Parasutterella_excrementihominis	k__Bacteria;p__Actinobacteria;c__Actinobacteria;o__Bifidobacteriales;f__Bifidobacteriaceae;g__Bifidobacterium;s__Bifidobacterium_adolescentis	k__Bacteria;p__Firmicutes;c__Clostridia;o__Clostridiales;f__Oscillospiraceae;g__Oscillibacter;s__Oscillibacter_sp._KLE_1745	k__Bacteria;p__Bacteroidetes;c__Bacteroidia;o__Bacteroidales;f__Bacteroidaceae;g__Bacteroides;s__Bacteroides_coprophilus	k__Bacteria;p__Firmicutes;c__Clostridia;o__Clostridiales;f__Lachnospiraceae;g__Roseburia;s__Roseburia_intestinalis	k__Bacteria;p__Firmicutes;c__Clostridia;o__Clostridiales;f__Lachnospiraceae;g__Roseburia;s__Roseburia_hominis	k__Bacteria;p__Bacteroidetes;c__Bacteroidia;o__Bacteroidales;f__Porphyromonadaceae;g__Parabacteroides;s__Parabacteroides_johnsonii	k__Bacteria;p__Actinobacteria;c__Actinobacteria;o__Bifidobacteriales;f__Bifidobacteriaceae;g__Bifidobacterium;s__Bifidobacterium_longum	k__Bacteria;p__Firmicutes;c__Clostridia;o__Clostridiales;f__;g__Flavonifractor;s__Flavonifractor_plautii	k__Bacteria;p__Firmicutes;c__Clostridia;o__Clostridiales;f__Clostridiaceae;g__Clostridium;s__Clostridium_phoceensis	k__Bacteria;p__Verrucomicrobia;c__Verrucomicrobiae;o__Verrucomicrobiales;f__Akkermansiaceae;g__Akkermansia;s__Akkermansia_muciniphila	k__Bacteria;p__Bacteroidetes;c__Bacteroidia;o__Bacteroidales;f__Prevotellaceae;g__Paraprevotella;s__Paraprevotella_xylaniphila	k__Bacteria;p__Firmicutes;c__Clostridia;o__Clostridiales;f__Ruminococcaceae;g__Ruminococcus;s__Ruminococcus_callidus	k__Bacteria;p__Bacteroidetes;c__Bacteroidia;o__Bacteroidales;f__Rikenellaceae;g__Alistipes;s__Alistipes_senegalensis	k__Bacteria;p__Firmicutes;c__Clostridia;o__Clostridiales;f__Lachnospiraceae;g__Blautia;s__Blautia_sp._KLE_1732	k__Bacteria;p__Bacteroidetes;c__Bacteroidia;o__Bacteroidales;f__Bacteroidaceae;g__Bacteroides;s__Bacteroides_oleiciplenus	k__Bacteria;p__Firmicutes;c__Clostridia;o__Clostridiales;f__Ruminococcaceae;g__Ruminococcus;s__Ruminococcus_bicirculans	k__Bacteria;p__Bacteroidetes;c__Bacteroidia;o__Bacteroidales;f__Bacteroidaceae;g__Bacteroides;s__Bacteroides_fluxus	k__Bacteria;p__Bacteroidetes;c__Bacteroidia;o__Bacteroidales;f__Prevotellaceae;g__Prevotella;s__Prevotella_stercorea	k__Bacteria;p__Firmicutes;c__Clostridia;o__Clostridiales;f__Lachnospiraceae;g__Dorea;s__Dorea_longicatena	k__Bacteria;p__Firmicutes;c__Clostridia;o__Clostridiales;f__Eubacteriaceae;g__Eubacterium;s__[Eubacterium]_eligens	k__Bacteria;p__Firmicutes;c__Clostridia;o__Clostridiales;f__Ruminococcaceae;g__;s__Ruminococcaceae_bacterium_D16	k__Bacteria;p__Firmicutes;c__Clostridia;o__Clostridiales;f__Lachnospiraceae;g__Coprococcus;s__Coprococcus_comes	k__Bacteria;p__Proteobacteria;c__Gammaproteobacteria;o__Enterobacterales;f__Enterobacteriaceae;g__Escherichia;s__Escherichia_coli	k__Bacteria;p__Firmicutes;c__Clostridia;o__Clostridiales;f__Ruminococcaceae;g__Anaerotruncus;s__Anaerotruncus_colihominis	k__Bacteria;p__Firmicutes;c__Clostridia;o__Clostridiales;f__Lachnospiraceae;g__Blautia;s__Blautia_obeum	k__Bacteria;p__Bacteroidetes;c__Bacteroidia;o__Bacteroidales;f__Odoribacteraceae;g__Odoribacter;s__Odoribacter_laneus	k__Bacteria;p__Firmicutes;c__Clostridia;o__Clostridiales;f__Ruminococcaceae;g__Ruminiclostridium;s__[Clostridium]_leptum	k__Bacteria;p__Bacteroidetes;c__Bacteroidia;o__Bacteroidales;f__Porphyromonadaceae;g__Parabacteroides;s__Parabacteroides_goldsteinii	k__Bacteria;p__Firmicutes;c__Clostridia;o__Clostridiales;f__Lachnospiraceae;g__Anaerostipes;s__Anaerostipes_hadrus	k__Bacteria;p__Firmicutes;c__Clostridia;o__Clostridiales;f__Ruminococcaceae;g__Ruminococcus;s__Ruminococcus_lactaris	k__Bacteria;p__Firmicutes;c__Clostridia;o__Clostridiales;f__Clostridiaceae;g__Clostridium;s__Clostridium_sp._L2-50	k__Bacteria;p__Firmicutes;c__Clostridia;o__Clostridiales;f__Clostridiaceae;g__Clostridium;s__Clostridium_sp._M62/1	k__Bacteria;p__Firmicutes;c__Clostridia;o__Clostridiales;f__;g__Intestinimonas;s__Intestinimonas_butyriciproducens	k__Bacteria;p__Actinobacteria;c__Actinobacteria;o__Bifidobacteriales;f__Bifidobacteriaceae;g__Bifidobacterium;s__Bifidobacterium_bifidum	k__Bacteria;p__Firmicutes;c__Negativicutes;o__Veillonellales;f__Veillonellaceae;g__Dialister;s__Dialister_invisus	k__Bacteria;p__Bacteroidetes;c__Bacteroidia;o__Bacteroidales;f__Bacteroidaceae;g__Bacteroides;s__Bacteroides_salanitronis
k__Bacteria;p__Bacteroidetes;c__Bacteroidia;o__Bacteroidales;f__Bacteroidaceae;g__Bacteroides;s__Bacteroides_vulgatus	1.0	0.00468543912858	-0.00516595115778	0.0291206530282	-0.0153876606027	-0.0431207793195	0.0745146416804	-0.0911844733469	0.0380047145833	-0.0354032365135	-0.0821236167995	0.0188701616037	0.0242141122983	-0.037381972963	0.0413079796256	-0.0552781049569	-0.081896473463	-0.0917386109872	-0.0206026062369	0.0218405259611	-0.0131010412127	-0.0207548618092	0.0442708979047	0.0520327399049	-0.0412210444331	0.0241790956758	0.045928897225	-0.00209192920099	-0.0301457247084	-0.00863906021925	0.0234590806108	-0.0617126879501	-0.0212471987745	-0.0372104182778	0.0491172654927	0.0369490767564	-0.0842139877986	0.00355913460463	-0.0925019893466	0.0577772385865	-0.00776240484848	-0.0679286553379	-0.0437090150045	0.026890817611	0.0125016462664	-0.0221836485135	-0.029149223904	-0.0221500939349	0.00313637553006	-0.035252913997	0.0843060760191	0.0279747312918	-0.0170720878819	-0.0428885221171	0.0457824563149	0.00489563171345	-0.00701921540497	-0.0360516454149	-0.0268671937757
k__Bacteria;p__Bacteroidetes;c__Bacteroidia;o__Bacteroidales;f__Bacteroidaceae;g__Bacteroides;s__Bacteroides_uniformis	0.00468543912858	1.0	0.0238853287802	0.0630723524018	0.0190411882542	-0.0873307313656	-0.0174950393173	-0.00840210896543	-0.0410792055831	0.0680227223635	0.00754487776662	0.0263765105269	-0.00682257083815	-0.0156558803101	-0.0595848282593	0.00233109277797	0.0221265323607	-0.0638937257842	0.01377940471	-0.0452749170952	-0.0427546362272	0.00469163594803	0.00826296590294	0.00624044180492	-0.0177543801969	-0.0230230303919	0.0727863160649	0.031749016314	0.0125465500685	-0.071321002857	-0.081360439586	-0.0316930755249	0.0596151430765	-0.0541628046978	-0.00678859163498	-0.0179590368718	0.0238756232873	0.0213240919822	-0.0653300219804	-0.049191971798	-0.0122340128365	0.0135390795602	-0.0250823012353	-0.0428313185809	-0.00097440991135	-0.00395232166097	-0.0302791368067	0.035823892779	-0.0054805841231	-0.00975090902767	-0.0323766302359	0.0364874181633	-0.0811423352257	0.0104774859257	-0.0684389757414	-0.0252844996519	-0.0540854051288	-0.0186638212643	0.00573912563419
k__Bacteria;p__Bacteroidetes;c__Bacteroidia;o__Bacteroidales;f__Rikenellaceae;g__Alistipes;s__Alistipes_putredinis	-0.00516595115778	0.0238853287802	1.0	-0.00962993925871	-0.0981654647684	-0.0831635926371	0.00399749091605	-0.0433958200815	0.00977180120757	0.0417129433001	-0.0328830829079	0.0408320573953	0.0273037720002	0.00668681141442	-0.0668922661536	-0.0444854024403	-0.0328430275273	-0.00557693621658	0.0294202694249	-0.0228632114332	-0.00824628108988	-0.0893200141583	0.00674888370903	0.0252142150377	0.0432080738629	-0.0313617747018	0.0499044380236	-0.0207555451827	0.0786455914718	-0.0321690899337	0.0086017884536	0.0351341070817	0.00596274730813	0.0326079568135	0.0113045569068	0.0377509152447	-0.011312499026	0.0289583969685	-0.0549199067879	0.00426635701857	-0.0253620108539	-0.0330240989368	0.0151739991451	-0.0041547053883	0.030873015604	0.0556273590281	0.0320974799878	0.00103744341361	-0.0140080993102	-0.0320181536444	-0.0600065393518	-0.0887810919716	0.0279753058151	0.0663964919637	-0.0616255869041	-0.0227412456954	-0.0517151219082	-0.0971546716015	-0.0232038763632
k__Bacteria;p__Bacteroidetes;c__Bacteroidia;o__Bacteroidales;f__Prevotellaceae;g__Prevotella;s__Prevotella_copri	0.0291206530282	0.0630723524018	-0.00962993925871	1.0	0.0350980724367	-0.0463761659749	0.102802810402	-0.052060572727	0.0174908333773	0.0229559193991	-0.0623179599057	0.0416152716663	-0.0231838593008	-0.0138763189622	-0.0303831670346	-0.0870589675949	-0.0888636476012	0.0045594836029	0.0338073938326	0.0212107617683	-0.0225548381132	-0.0757277984778	-0.010325326066	-0.129287471695	0.00738362011315	-0.0378756131888	-0.0594462603777	-0.0189547155492	-0.0379505010814	-0.051453096258	-0.0204244455034	0.025899058479	0.0138452374437	0.0163291898062	0.0244611500374	-0.0146978911593	-0.058608738976	0.0241861338029	-0.0569555001544	0.0623678630761	-0.0244542670151	-0.00609601218755	-0.040851619911	0.0116312077758	-0.0262102842218	-0.0259754390192	-0.0367112053792	-0.109394203693	-0.0588740422014	-0.0173563120273	-0.0617508473454	-0.0442664329189	-0.026931945323	-0.0644959933519	-0.0320604295826	0.0772462377099	-0.00695399398557	-0.0563773440858	-0.0285329755845
k__Bacteria;p__Bacteroidetes;c__Bacteroidia;o__Bacteroidales;f__Bacteroidaceae;g__Bacteroides;s__Bacteroides_stercoris	-0.0153876606027	0.0190411882542	-0.0981654647684	0.0350980724367	1.0	0.00768029914069	0.0117294921341	0.00606507089098	-0.0595897357076	-0.0786627568816	0.0216180112828	0.0382804527441	0.0296051887324	-0.0617317302547	-0.0248418620902	-0.021435765193	-0.0058149016375	-0.032049599172	-0.0288098178805	-0.0134756950351	-0.00187064633086	0.0126885791048	0.0535199143437	-0.00447732992566	-0.0487633245995	0.0374992986808	-0.0649625997704	0.0189024047974	-0.0236636824954	0.0356432042877	0.00340168945592	-0.0110912474329	0.0421887787222	0.0581783259947	-0.0099156227969	-0.075445249151	-0.140069212299	-0.0292376288616	-0.0139603589654	0.00386549520105	0.0199026205894	0.0405649099705	0.0203658214916	-0.0626605724454	0.00335037394039	0.0280234519796	0.00504664227351	-0.000861953524373	-0.0314451476584	-0.0571142186952	-0.00644317984686	0.00735721274927	0.0348637310976	-0.0240644974706	-0.0683236469117	-0.0268392752257	-0.0616813660357	-0.00226973007315	0.0279205734716
k__Bacteria;p__Bacteroidetes;c__Bacteroidia;o__Bacteroidales;f__Bacteroidaceae;g__Bacteroides;s__Bacteroides_ovatus	-0.0431207793195	-0.0873307313656	-0.0831635926371	-0.0463761659749	0.00768029914069	1.0	0.0343115065626	0.0280743216767	-0.0701656066622	-0.0460025940584	0.0115019215736	-0.000675275408561	-0.0447141333038	0.0326740098794	-0.0452586426267	-0.0694732586997	0.043413939909	-0.0383702392984	-0.0528708215601	0.0302415453438	0.0226342709314	-0.0251012444283	-0.0116222641367	-0.0090603862251	-0.00897771487236	-0.0230296002684	-0.0513204073465	0.0200561978876	0.00371710002261	-0.102042410365	-0.114276044149	-0.0555153955866	-0.113328241447	0.0616476491164	-0.018686170581	0.0143480921034	0.0234484393848	0.0012537693343	-0.0679357363314	0.0584287903097	-0.0608960728312	0.0568179049101	0.0252143528396	0.00812179388431	-0.0518506578071	-0.0357139772874	-0.0274185828195	-0.00878507718723	-0.020755321366	0.00990625341166	-0.0355659990723	0.0351417146479	-0.015360488484	-0.0296124951821	-0.0441602670663	0.0619401541092	-0.0500568053987	-0.00250686444153	0.0343033587245
k__Bacteria;p__Bacteroidetes;c__Bacteroidia;o__Bacteroidales;f__Rikenellaceae;g__Alistipes;s__Alistipes_shahii	0.0745146416804	-0.0174950393173	0.00399749091605	0.102802810402	0.0117294921341	0.0343115065626	1.0	0.0519646402077	-0.014045981691	-0.0730663421943	-0.0578923448021	-0.0614295657289	-0.0545341137108	-0.0567355373303	0.0363220144098	-0.0498012137993	0.0601893246807	0.0315100805491	-0.00314106275996	0.0100655946436	-0.039927072452	-0.0617178750186	-0.00550124493203	-0.0106552706372	0.0165911758516	0.0182463692064	-0.0709310670457	0.0178986142765	-0.0564458201652	-0.0892536125706	0.0194052102208	-0.0465159583579	-0.0123077343582	-0.0348100651252	-0.0691265392072	0.00401248875708	-0.00248017288631	0.0367683730462	-0.0726679774645	-0.0607326592544	0.0214125694368	0.0763009132845	0.0242127067855	-0.0612229042528	-0.0641830799792	0.00335288895523	-0.0172835253581	-0.0865160939503	-0.0259726292239	0.0477945846662	0.00297548191319	-0.0486158376393	-0.0425630936511	-0.0601843838279	-0.0212238484474	-0.048951256022	0.0542102064726	0.0389672684925	-0.00394811311311
k__Bacteria;p__Firmicutes;c__Clostridia;o__Clostridiales;f__Ruminococcaceae;g__Faecalibacterium;s__Faecalibacterium_prausnitzii	-0.0911844733469	-0.00840210896543	-0.0433958200815	-0.052060572727	0.00606507089098	0.0280743216767	0.0519646402077	1.0	-0.0521031205321	0.0394401561374	0.0601907878383	0.0174750120847	-0.02160034185	-0.0125886684701	-0.00963293248524	-0.00427364868048	0.0509711281338	0.00135840317702	-0.0665360234095	-0.0357751918039	0.0370684284846	-0.0606761708969	-0.0350449496712	0.028779730813	-0.00177928229694	-0.0365053530824	0.0137022547318	-0.0361370310116	-0.0478013770435	-0.0255377950295	-0.0262519507247	0.0236708140257	-0.0305544274409	0.067807859816	-0.0422634505685	0.0234299603618	0.00143229232749	-0.0299050091157	0.112068126931	0.0377475012212	-0.00744946474407	-0.00407003531641	0.0149930612607	-0.0452476533142	0.0270315090408	0.0105402439671	0.0135933056993	-0.0341557400344	-0.0566531756006	-0.0279082054415	-0.0229696794353	0.0533492602488	0.0362344723737	0.0412635175289	-0.0541824423332	-0.0980120470939	0.0052070807431	-0.0276658399781	0.0136989345041
k__Bacteria;p__Bacteroidetes;c__Bacteroidia;o__Bacteroidales;f__Rikenellaceae;g__Alistipes;s__Alistipes_finegoldii	0.0380047145833	-0.0410792055831	0.00977180120757	0.0174908333773	-0.0595897357076	-0.0701656066622	-0.014045981691	-0.0521031205321	1.0	0.0217853916478	0.00418509928388	-0.0487910865154	-0.056134839389	-0.0248013171111	0.0211862826822	0.00988103466461	0.00912257311301	-0.0318656354693	0.034650002483	-0.0475626989804	0.00532887466042	0.0583287674486	0.0392488466726	-0.0476072393355	0.0106266137834	0.0175496288513	-0.00174991531492	0.00863341534957	-0.0157970980857	0.00732649970518	-0.00806155498451	-0.0462535393736	-0.0466319297232	0.0678930102059	-0.000228863362849	-0.0106820099541	0.0507842241464	-0.0172746207678	0.0610909065493	-0.0206186386496	0.00388899218878	0.0123522013486	-0.000767066401057	0.0779089371743	-0.00419524683176	0.00321124045639	-0.0518904820358	-0.0323044210891	-0.0127285002245	-0.0478249825541	0.0646168693444	-0.00444313833011	-0.023777617534	0.0151055516881	0.029586261168	0.0143457783421	-0.0604256803293	-0.0572800677481	-0.0340872203463
k__Bacteria;p__Bacteroidetes;c__Bacteroidia;o__Bacteroidales;f__Porphyromonadaceae;g__Parabacteroides;s__Parabacteroides_distasonis	-0.0354032365135	0.0680227223635	0.0417129433001	0.0229559193991	-0.0786627568816	-0.0460025940584	-0.0730663421943	0.0394401561374	0.0217853916478	1.0	0.0170275192345	-0.0480923274717	-0.0287534810667	-0.0478094428261	-0.0446108078504	-0.0188007925307	0.111700041572	0.0475257225338	0.0758285277484	0.0103958994561	0.00846949387925	-0.0188204827082	0.024707214257	-0.1074418251	0.0521961657331	-0.0126903689684	-0.0518955510823	-0.0134675313112	-0.0310566693305	-0.0096667679406	0.0438856072998	0.0235016080203	0.0146031482915	-0.0281399253888	0.0150160339074	-0.0444497001789	-0.0328015117174	0.0113387344761	0.0410097307745	0.0012449736087	0.0320571546568	-0.0353880535234	-0.0397949778081	-0.00734937190707	-0.0659576501349	0.00452072261957	-0.0490886269508	-0.014921661645	0.0717912858632	-0.0134375521587	0.0428239170848	0.00647825163203	0.0066523272582	0.0582412607312	-0.0222342852449	0.00719295815637	-0.0354405022808	-0.062756990423	-0.0824306371325
k__Bacteria;p__Bacteroidetes;c__Bacteroidia;o__Bacteroidales;f__Bacteroidaceae;g__Bacteroides;s__Bacteroides_thetaiotaomicron	-0.0821236167995	0.00754487776662	-0.0328830829079	-0.0623179599057	0.0216180112828	0.0115019215736	-0.0578923448021	0.0601907878383	0.00418509928388	0.0170275192345	1.0	0.033934216815	-0.0186340129046	-0.0171791204547	-0.056590833608	-0.0137410831121	-0.0123516719355	0.0190218918888	0.058175921222	0.00367923409103	-0.00918765591536	0.0149040877411	0.007005475396	0.0016640051012	0.0208997086396	0.00615409260365	-0.0795604524302	-0.0838610089002	0.0339967170285	-0.0557441264269	-0.05272905309	-0.0426292282251	-0.0871777525089	0.0346670680759	-0.00667954208912	0.0521288633707	0.00750221990775	-0.00409554781587	0.0295561525253	-0.0103023016368	0.0205392881086	0.0235537989086	-0.0536269249109	-0.0257644546501	-0.00395551754003	-0.046159294147	-0.011548802271	-0.0399512005823	0.0372056199283	0.0144290166115	0.0735039289357	-0.0445078924163	0.0306560073367	0.0123639332162	-0.0100112500393	-0.0398480947872	-0.0704466778775	-0.0277226964498	-0.0115446318741
k__Bacteria;p__Bacteroidetes;c__Bacteroidia;o__Bacteroidales;f__Bacteroidaceae;g__Bacteroides;s__Bacteroides_coprocola	0.0188701616037	0.0263765105269	0.0408320573953	0.0416152716663	0.0382804527441	-0.000675275408561	-0.0614295657289	0.0174750120847	-0.0487910865154	-0.0480923274717	0.033934216815	1.0	-0.0321091336448	-0.00587556981595	-0.0593793527114	0.0133751515647	-0.0280541625716	-0.0466786441595	-0.0263464211941	-0.0196820177374	0.0466229288051	-0.0371027854649	-0.0537448999202	0.0454600186374	-0.058743977107	-0.0233352694655	-0.0374252483608	-0.0534041921805	0.054162230487	0.0447088509947	-0.0530359532682	-0.00238321965671	-0.00656040377121	-0.0740882368635	-0.0674488350229	-0.0440985087213	0.0352542916737	-0.0937136149843	-0.0461801731919	-0.00241828841384	-0.031068602354	0.0112017114462	-0.0220314057221	0.0184140533398	0.0267079354751	0.0809675741014	-0.0231708594094	-0.0379702950855	-0.00356511651475	0.0128060635241	-0.115711853008	0.0412115498314	0.0634930003111	0.0335344059884	0.0271602874	-0.0078635650111	0.0524079336974	0.00447748773234	-0.000358386582779
k__Bacteria;p__Bacteroidetes;c__Bacteroidia;o__Bacteroidales;f__Bacteroidaceae;g__Bacteroides;s__Bacteroides_cellulosilyticus	0.0242141122983	-0.00682257083815	0.0273037720002	-0.0231838593008	0.0296051887324	-0.0447141333038	-0.0545341137108	-0.02160034185	-0.056134839389	-0.0287534810667	-0.0186340129046	-0.0321091336448	1.0	-0.0225630388368	-0.0439848430739	-0.0245677531842	-0.00165283933487	-0.064682957114	-0.0285503279844	-0.0402082476885	-0.0293725348801	-0.0580746066641	-0.00203154727031	-0.000919394579038	-0.0499174989697	0.0346309261205	0.0500345929292	-0.0106195766589	-0.00318071971251	0.0357507655435	-0.0498157830231	0.0328931764199	-0.0202056783622	-0.00145129326339	-0.0625475671705	0.0364913131655	-0.053610445311	0.00635460100548	0.0589118966487	0.0275302302377	-0.0497020115322	0.00803976766924	0.0572568062064	0.0279217888594	0.00540111757371	-0.0574268922394	0.0221389175365	-0.0199455278272	0.0300396967502	-0.0102822457107	-0.109707159679	-0.111354073164	-0.0560607432658	0.00121345550812	-0.0151988239146	-0.0530898647655	0.00599209806767	0.0171498301812	-0.0259659030432
k__Bacteria;p__Bacteroidetes;c__Bacteroidia;o__Bacteroidales;f__Rikenellaceae;g__Alistipes;s__Alistipes_obesi	-0.037381972963	-0.0156558803101	0.00668681141442	-0.0138763189622	-0.0617317302547	0.0326740098794	-0.0567355373303	-0.0125886684701	-0.0248013171111	-0.0478094428261	-0.0171791204547	-0.00587556981595	-0.0225630388368	1.0	-0.0096905216389	-0.058503006442	0.0198690601326	0.0585098941816	-0.0186237475805	0.0191842252604	-0.00522633960235	0.00836961632877	-0.0126447909766	-0.0443422442399	0.0138317718388	0.00116289692716	0.0439520400879	-0.00826004982192	0.0190273834677	0.00344746529615	-0.0227157632593	-0.0590733814188	-0.043199535652	-0.00622219278949	0.035769846452	0.00536083057279	-0.0344803883373	-0.0234518396927	-0.00701069773764	-0.0176301396672	-0.0459133971287	-0.0234693857434	-0.00987862460057	-0.0751333672561	-0.0879218900381	-0.0217294905924	-0.0704298856481	0.0351009844132	0.093454321107	0.000118573983549	-0.0340372489778	-0.0498131427154	0.0274108284966	0.0240981618645	0.0157821074758	0.0424883486909	0.00110668814497	-0.0322333264874	-0.000392888939422
k__Bacteria;p__Firmicutes;c__Clostridia;o__Clostridiales;f__Lachnospiraceae;g__;s__[Eubacterium]_rectale	0.0413079796256	-0.0595848282593	-0.0668922661536	-0.0303831670346	-0.0248418620902	-0.0452586426267	0.0363220144098	-0.00963293248524	0.0211862826822	-0.0446108078504	-0.056590833608	-0.0593793527114	-0.0439848430739	-0.0096905216389	1.0	0.0733145333041	0.016364096158	0.0143265197194	0.0316047033231	-0.0297894210365	0.0490417148132	-0.0295789313047	-0.0780449812021	0.0109615789672	-0.0100847391932	-0.0537175242501	0.0634905908034	0.0416995547745	-0.114397476232	0.0293333042157	0.0461444863499	-0.0254361014984	-0.000897542803267	-0.0461850889311	0.00399686318212	-0.0632265941287	0.0297481024421	-0.122919585348	-0.018302271885	0.0161732794156	-0.0584445151546	-0.0100048945603	-0.0265229469796	0.0325968915509	0.061081427029	-0.043430199788	-0.00178916205522	-0.011310044956	0.00272374843533	-0.0103892826948	-0.0290795224826	-0.0644476857469	0.0509462253617	0.0128785105302	-0.101068925454	-0.014828433809	0.0110141191637	0.0831714643184	0.014349767256
k__Bacteria;p__Bacteroidetes;c__Bacteroidia;o__Bacteroidales;f__Bacteroidaceae;g__Bacteroides;s__Bacteroides_plebeius	-0.0552781049569	0.00233109277797	-0.0444854024403	-0.0870589675949	-0.021435765193	-0.0694732586997	-0.0498012137993	-0.00427364868048	0.00988103466461	-0.0188007925307	-0.0137410831121	0.0133751515647	-0.0245677531842	-0.058503006442	0.0733145333041	1.0	-0.070434356999	-0.0878913311681	0.0363225157122	-0.0362163536136	-0.0141780994579	0.0133245590941	0.0200047115574	-0.000341459988202	-0.038776369317	0.0185245466408	0.0358144752988	0.00299082026845	-0.0573220641549	0.032856844194	0.0215020426622	-0.0510181498953	-0.0143796151197	0.00667710469657	0.0164185503224	-0.100187763216	-0.00596177501889	0.0104481702946	-0.0422634899387	-0.0332093532958	0.0651659684164	0.0155100683751	0.00704065874606	0.0330769443651	0.0167540092022	-0.0623701494463	-0.00630405366467	-0.037402199643	0.030964038639	0.0524168827736	-0.0357648241463	0.0384268661083	-0.042211796841	-0.00434177663585	-0.0603927079937	0.00361256885349	0.0541526889329	0.00483547339527	-0.0376797724683
k__Bacteria;p__Bacteroidetes;c__Bacteroidia;o__Bacteroidales;f__Bacteroidaceae;g__Bacteroides;s__Bacteroides_fragilis	-0.081896473463	0.0221265323607	-0.0328430275273	-0.0888636476012	-0.0058149016375	0.043413939909	0.0601893246807	0.0509711281338	0.00912257311301	0.111700041572	-0.0123516719355	-0.0280541625716	-0.00165283933487	0.0198690601326	0.016364096158	-0.070434356999	1.0	0.0133577145681	-0.00362051185755	-0.000975785197441	-0.00491590922279	0.013280531983	0.00861805495394	-0.0126657256556	-0.0176835267813	0.0113842768968	0.0338603701817	-0.0489253418674	0.0113318440483	0.0241101366245	-0.0802579619459	-0.0486837290398	-0.0392950278935	0.0486473714163	0.022197453925	-0.119627764229	0.00451427994921	-0.00106904858652	0.0209180319309	-0.00154126412553	0.00958919693967	-0.00834167629663	-0.00173096258843	-5.84527219062e-05	-0.0786771038857	0.0345907892469	0.0188447054173	-0.0254842660688	-0.0307176649991	-0.0413974248742	-0.01226046704	-0.0384369620666	-0.0485655382498	-0.000469296467144	-0.0562967736033	-0.025966261936	-0.0228265340984	0.0110974831729	-0.0306883384063
k__Bacteria;p__Proteobacteria;c__Betaproteobacteria;o__Burkholderiales;f__Sutterellaceae;g__Sutterella;s__Sutterella_wadsworthensis	-0.0917386109872	-0.0638937257842	-0.00557693621658	0.0045594836029	-0.032049599172	-0.0383702392984	0.0315100805491	0.00135840317702	-0.0318656354693	0.0475257225338	0.0190218918888	-0.0466786441595	-0.064682957114	0.0585098941816	0.0143265197194	-0.0878913311681	0.0133577145681	1.0	-0.0112722657018	-0.0775127735086	-0.0143949443341	-0.0331189314577	0.0218410873765	-0.0626186252614	-0.0332802197229	-0.016956853556	-0.0629836043458	0.0238197533548	-0.0907420846727	0.0815143335018	0.0887014039594	-0.0085574177688	0.0688369095352	-0.0185328922517	-0.0634541535486	-0.0428666286567	-0.0300458946738	0.00397445905166	-0.0478376941068	-0.0225304990181	-0.0155584365422	-0.0623085535905	-0.0271343817791	0.0185592741424	-0.014984268065	0.015645277356	-0.0749919511239	-0.0310934423568	-0.069971208117	-0.0202794638326	0.0253247262674	0.0708338088113	0.015531812099	-0.0312529511469	-0.0174007593042	0.0373131124135	-0.0521573058054	0.030820919578	0.0125576398242
k__Bacteria;p__Bacteroidetes;c__Bacteroidia;o__Bacteroidales;f__Porphyromonadaceae;g__Barnesiella;s__Barnesiella_intestinihominis	-0.0206026062369	0.01377940471	0.0294202694249	0.0338073938326	-0.0288098178805	-0.0528708215601	-0.00314106275996	-0.0665360234095	0.034650002483	0.0758285277484	0.058175921222	-0.0263464211941	-0.0285503279844	-0.0186237475805	0.0316047033231	0.0363225157122	-0.00362051185755	-0.0112722657018	1.0	0.00791534889683	0.0028075252973	0.0358580828744	-0.00565589968569	0.0201760238829	-0.0450360368068	-0.0268930338979	0.0193700072832	-0.0533440516057	-0.0209260047114	0.0267337894102	-0.0118954748135	0.0751030695833	0.0323855875929	0.000832047632183	0.0530104559901	-0.0997528923196	0.00479823395044	-0.022629845803	0.0251072039202	0.027617412499	0.00107878959154	0.0386708653054	-0.0405171375545	-0.0399577153559	-0.0837915801724	0.00788045004072	-0.0591431633531	0.00787782888326	-0.0108241353831	0.0280942444893	0.0460911633497	0.0344833417803	-0.00518128147295	0.0497601698275	-0.0361383483557	-0.00658113704078	-0.060170926287	-0.00629370058487	-0.00170592614566
k__Bacteria;p__Bacteroidetes;c__Bacteroidia;o__Bacteroidales;f__Odoribacteraceae;g__Odoribacter;s__Odoribacter_splanchnicus	0.0218405259611	-0.0452749170952	-0.0228632114332	0.0212107617683	-0.0134756950351	0.0302415453438	0.0100655946436	-0.0357751918039	-0.0475626989804	0.0103958994561	0.00367923409103	-0.0196820177374	-0.0402082476885	0.0191842252604	-0.0297894210365	-0.0362163536136	-0.000975785197441	-0.0775127735086	0.00791534889683	1.0	0.0382227044077	0.017537354395	0.0255391169879	-0.00743707880236	0.00614369621596	-0.0289424648942	-0.027814267016	-0.050602583173	0.00626405454842	-0.03081783376	-0.0314911511161	0.030878226303	-0.0539182447056	-0.0393974988048	-0.0360716538504	0.00679039726926	0.0158326440263	-0.0395226320247	-0.0592367864915	0.0226305958373	-0.0206185662906	0.0369719102816	-0.0117283500892	0.0201879624671	-0.0674084567547	-0.0668325495291	-0.0699090106132	-0.0179191234184	-0.0141726249223	-0.00344489280978	0.0323961333488	-0.0411417310231	0.0424347834778	-0.0572251532303	0.0347174877413	0.0449472847991	-0.0814094635619	0.0470206190587	-0.00723379337697
k__Bacteria;p__Bacteroidetes;c__Bacteroidia;o__Bacteroidales;f__Bacteroidaceae;g__Bacteroides;s__Bacteroides_salyersiae	-0.0131010412127	-0.0427546362272	-0.00824628108988	-0.0225548381132	-0.00187064633086	0.0226342709314	-0.039927072452	0.0370684284846	0.00532887466042	0.00846949387925	-0.00918765591536	0.0466229288051	-0.0293725348801	-0.00522633960235	0.0490417148132	-0.0141780994579	-0.00491590922279	-0.0143949443341	0.0028075252973	0.0382227044077	1.0	0.0102443732714	-0.0671448645538	0.00925976759562	0.0177615406338	-0.0708021356713	0.00492141811697	-0.0133411467637	-0.0265970669406	-0.0177015179205	0.0265948129433	-0.0445986999454	0.00438043248298	0.0153047342755	0.118235408504	-0.00516687521275	0.00359319697576	-0.0103679294353	-0.00675306534494	0.0118328089876	0.00812389496223	0.022397149311	-0.0753145814192	-0.095555829521	-0.0130476618497	-0.0324177367718	0.00838093542623	0.050599238735	0.00356929356026	-0.00301643009166	-0.0791510956562	-0.0652682719022	-0.00868776959239	-0.066350035325	0.0281171427543	-0.0609924021851	-0.0247866032891	0.000235500261273	0.00451519590532
k__Bacteria;p__Firmicutes;c__Clostridia;o__Clostridiales;f__Ruminococcaceae;g__Ruminiclostridium;s__[Eubacterium]_siraeum	-0.0207548618092	0.00469163594803	-0.0893200141583	-0.0757277984778	0.0126885791048	-0.0251012444283	-0.0617178750186	-0.0606761708969	0.0583287674486	-0.0188204827082	0.0149040877411	-0.0371027854649	-0.0580746066641	0.00836961632877	-0.0295789313047	0.0133245590941	0.013280531983	-0.0331189314577	0.0358580828744	0.017537354395	0.0102443732714	1.0	0.0543293092494	-0.0586501305314	-0.0261059204885	-0.0198362837843	0.00674741115512	-0.027874782084	0.0506060014889	-0.00522626557963	0.02966265582	-0.0278387689075	0.0050059130153	0.011267357584	-0.0418314775246	-0.00254073613018	-0.136287132255	-0.0884938200759	0.0294235365318	-0.00276128321687	-0.0273260581366	-0.00144650715809	0.054676037569	0.0029599698135	0.0204356628979	0.0425314189414	0.0150690014737	-0.0474745047533	-0.0994194141928	0.0243792986415	0.0116931283164	-0.00700350924284	-0.102226440259	-0.0159765851003	-0.0285491466845	-0.0567683386048	-0.00964049016197	-0.0321560548087	0.0599783288822
k__Bacteria;p__Proteobacteria;c__Betaproteobacteria;o__Burkholderiales;f__Sutterellaceae;g__Parasutterella;s__Parasutterella_excrementihominis	0.0442708979047	0.00826296590294	0.00674888370903	-0.010325326066	0.0535199143437	-0.0116222641367	-0.00550124493203	-0.0350449496712	0.0392488466726	0.024707214257	0.007005475396	-0.0537448999202	-0.00203154727031	-0.0126447909766	-0.0780449812021	0.0200047115574	0.00861805495394	0.0218410873765	-0.00565589968569	0.0255391169879	-0.0671448645538	0.0543293092494	1.0	-0.0282765256654	0.0136620718678	-0.0761327237704	-0.0364192311949	-0.0513478519028	0.0148139145654	0.0024913300874	0.0451983343561	0.0235693507521	0.0421605854511	0.0160346399868	-0.0505176566719	0.0100163250054	0.0059386845891	-0.0441109644349	0.0341503149543	0.0106509806369	-0.0614227443529	0.0296746865112	-0.0112327247549	0.0231585121193	0.0157735352657	-0.000572022050934	0.0254815745702	0.00384775711037	-0.0772924644191	0.07710295498	-0.0460494253977	0.00555575477288	-0.09421405863	0.00622974939212	0.0744769160706	0.0312434485931	0.0412190266938	-0.00643292351211	0.0115040618942
k__Bacteria;p__Actinobacteria;c__Actinobacteria;o__Bifidobacteriales;f__Bifidobacteriaceae;g__Bifidobacterium;s__Bifidobacterium_adolescentis	0.0520327399049	0.00624044180492	0.0252142150377	-0.129287471695	-0.00447732992566	-0.0090603862251	-0.0106552706372	0.028779730813	-0.0476072393355	-0.1074418251	0.0016640051012	0.0454600186374	-0.000919394579038	-0.0443422442399	0.0109615789672	-0.000341459988202	-0.0126657256556	-0.0626186252614	0.0201760238829	-0.00743707880236	0.00925976759562	-0.0586501305314	-0.0282765256654	1.0	0.0122250416059	-0.0673362125127	0.00911521222058	-0.0649442138275	-0.0737767009415	-0.0175318110363	0.0081261271228	0.0528853068717	-0.0785020667501	0.014905766304	0.000497010409002	0.0359307872798	-0.0496907827236	0.0341141562164	-0.04181292364	0.0116978624998	0.0930585808528	-0.0578056744437	-0.00417066866285	0.0171521063048	-0.0527016789238	-0.0910399896583	-0.0359972405568	-0.0376967475775	-0.0115362025434	0.0327629280466	-0.018317725394	-0.0123904294352	-0.0279929060341	-0.028493258015	-0.0875263175647	-0.0584221033323	0.0254363658881	0.030904714627	-0.0532442650218
k__Bacteria;p__Firmicutes;c__Clostridia;o__Clostridiales;f__Oscillospiraceae;g__Oscillibacter;s__Oscillibacter_sp._KLE_1745	-0.0412210444331	-0.0177543801969	0.0432080738629	0.00738362011315	-0.0487633245995	-0.00897771487236	0.0165911758516	-0.00177928229694	0.0106266137834	0.0521961657331	0.0208997086396	-0.058743977107	-0.0499174989697	0.0138317718388	-0.0100847391932	-0.038776369317	-0.0176835267813	-0.0332802197229	-0.0450360368068	0.00614369621596	0.0177615406338	-0.0261059204885	0.0136620718678	0.0122250416059	1.0	-0.0981103715869	0.0161697695146	-0.0171771397888	-0.0268837929124	0.0262335845615	-0.0972498274412	0.0663712951902	-0.0202882527888	-0.0181845637649	-0.0106241935104	-0.0480480567012	-0.00802033920921	-0.0333427209766	-0.0190507570074	-0.0098284708101	0.0104220375383	-0.0502451229607	0.0514572552707	-0.00269443072031	0.00644530846521	-0.00940600367286	-0.0224199497168	-0.0051929786534	0.0324147301692	-0.0220164363763	0.0153144368707	-0.0251968659738	-0.0335833597597	0.0447724406466	-0.0870971891807	-0.0283751232546	-0.00747960307926	-0.0385684549036	-0.061434546203
k__Bacteria;p__Bacteroidetes;c__Bacteroidia;o__Bacteroidales;f__Bacteroidaceae;g__Bacteroides;s__Bacteroides_coprophilus	0.0241790956758	-0.0230230303919	-0.0313617747018	-0.0378756131888	0.0374992986808	-0.0230296002684	0.0182463692064	-0.0365053530824	0.0175496288513	-0.0126903689684	0.00615409260365	-0.0233352694655	0.0346309261205	0.00116289692716	-0.0537175242501	0.0185245466408	0.0113842768968	-0.016956853556	-0.0268930338979	-0.0289424648942	-0.0708021356713	-0.0198362837843	-0.0761327237704	-0.0673362125127	-0.0981103715869	1.0	0.0172596779988	0.0905977717807	-0.0303070716518	-0.088284367232	0.00476303896285	-0.000381574465171	-0.0302449374898	-0.030765316418	-0.0477944754678	0.0619891970616	0.00328246699319	0.0622690531018	-0.039922418992	-0.000660241562288	-0.0530069768758	-0.0324886175331	-0.00111212344616	-0.0178496397538	-0.0701210055558	-0.0511380597841	-0.0303332751616	0.0151815924165	0.0167059622194	-0.0956615931964	-0.0031160424746	0.01896603689	0.044395315855	0.0143101325321	0.0117734605146	-0.035800435985	0.0564288864351	0.00772336935778	0.0308361708035
k__Bacteria;p__Firmicutes;c__Clostridia;o__Clostridiales;f__Lachnospiraceae;g__Roseburia;s__Roseburia_intestinalis	0.045928897225	0.0727863160649	0.0499044380236	-0.0594462603777	-0.0649625997704	-0.0513204073465	-0.0709310670457	0.0137022547318	-0.00174991531492	-0.0518955510823	-0.0795604524302	-0.0374252483608	0.0500345929292	0.0439520400879	0.0634905908034	0.0358144752988	0.0338603701817	-0.0629836043458	0.0193700072832	-0.027814267016	0.00492141811697	0.00674741115512	-0.0364192311949	0.00911521222058	0.0161697695146	0.0172596779988	1.0	0.0415515149067	0.0103340725826	-0.0298239293683	0.00953239047492	-0.0486574648608	-0.00198610013156	-0.0350151089057	-0.0632220638831	-0.0210628280596	-0.00932914692052	-0.0565875095507	0.026872826398	-0.0106394183156	-0.0980901296913	-0.0953816762837	-0.0720882779665	-0.0866434485513	-0.00651910748463	-0.00144606560243	-0.0296602882936	0.0192153589895	-0.00219411253699	0.0144935864322	0.00442803089994	-0.0225372047467	0.0210496792949	-0.116367068412	0.0138904971723	-0.00808226020529	-0.0202079369624	0.0154009572494	-0.00773674478945
k__Bacteria;p__Firmicutes;c__Clostridia;o__Clostridiales;f__Lachnospiraceae;g__Roseburia;s__Roseburia_hominis	-0.00209192920099	0.031749016314	-0.0207555451827	-0.0189547155492	0.0189024047974	0.0200561978876	0.0178986142765	-0.0361370310116	0.00863341534957	-0.0134675313112	-0.0838610089002	-0.0534041921805	-0.0106195766589	-0.00826004982192	0.0416995547745	0.00299082026845	-0.0489253418674	0.0238197533548	-0.0533440516057	-0.050602583173	-0.0133411467637	-0.027874782084	-0.0513478519028	-0.0649442138275	-0.0171771397888	0.0905977717807	0.0415515149067	1.0	0.00873332648692	-0.0435579253572	-0.0114244908608	-0.0207066085241	-0.0194158582001	-0.0358767834854	-0.0615470252685	-0.0490065305573	-0.0133979695566	-0.0508980266164	0.00287462751137	-0.00184979584815	-0.0250521271351	-0.0123499793433	-0.0780690191984	0.0535586039971	-0.072572505834	0.0624921363229	0.00190517847625	0.0461598472246	-0.00846187210641	0.03127917451	-0.0389049622288	-0.0416361143973	-0.00743179445827	0.0516800207071	-0.0659966152893	-0.00317214471782	-0.0704665596798	0.0212224302194	-0.0190766107342
k__Bacteria;p__Bacteroidetes;c__Bacteroidia;o__Bacteroidales;f__Porphyromonadaceae;g__Parabacteroides;s__Parabacteroides_johnsonii	-0.0301457247084	0.0125465500685	0.0786455914718	-0.0379505010814	-0.0236636824954	0.00371710002261	-0.0564458201652	-0.0478013770435	-0.0157970980857	-0.0310566693305	0.0339967170285	0.054162230487	-0.00318071971251	0.0190273834677	-0.114397476232	-0.0573220641549	0.0113318440483	-0.0907420846727	-0.0209260047114	0.00626405454842	-0.0265970669406	0.0506060014889	0.0148139145654	-0.0737767009415	-0.0268837929124	-0.0303070716518	0.0103340725826	0.00873332648692	1.0	-0.042138443761	-0.00731283408643	0.0013744285736	-0.0466280523316	-0.0622269112021	-0.0261768299818	0.0239913772671	-0.0301880964429	-0.0088157740511	-0.00250890219743	-0.0659263874087	-0.0554369352454	0.0634881791696	-0.0784700385688	-0.00761883709112	0.00574514128123	-0.0070811330819	0.0446928656597	-0.00848675275161	-0.0913442841855	-0.0286618686622	-0.0353424542678	0.0347764891578	-0.0839631382947	0.00829798598461	0.102214968075	-0.0218601883394	0.0290746509805	0.00207717521496	0.012419399544
k__Bacteria;p__Actinobacteria;c__Actinobacteria;o__Bifidobacteriales;f__Bifidobacteriaceae;g__Bifidobacterium;s__Bifidobacterium_longum	-0.00863906021925	-0.071321002857	-0.0321690899337	-0.051453096258	0.0356432042877	-0.102042410365	-0.0892536125706	-0.0255377950295	0.00732649970518	-0.0096667679406	-0.0557441264269	0.0447088509947	0.0357507655435	0.00344746529615	0.0293333042157	0.032856844194	0.0241101366245	0.0815143335018	0.0267337894102	-0.03081783376	-0.0177015179205	-0.00522626557963	0.0024913300874	-0.0175318110363	0.0262335845615	-0.088284367232	-0.0298239293683	-0.0435579253572	-0.042138443761	1.0	-0.0337589444332	-0.074818776207	-0.103077849431	-0.0144442201351	-0.0653410176086	-0.0268790337509	0.0383500789194	0.00788558133535	-0.0187837518749	-0.0585029223651	0.00373283111527	-0.0378053359537	0.0767179157526	0.0113551196256	0.0547435203825	-0.0561234949269	-0.00885752772328	0.0288171720956	-0.0717683692336	0.013537755079	-0.0806890919713	0.0258626923332	-0.0222075013226	0.00233609779802	0.0520561487249	-0.062792295547	-0.0215135016182	0.0244992941247	0.0363858407996
