#taxonomy	k__Bacteria;p__Bacteroidetes;c__Bacteroidia;o__Bacteroidales;f__Bacteroidaceae;g__Bacteroides;s__Bacteroides_vulgatus	k__Bacteria;p__Bacteroidetes;c__Bacteroidia;o__Bacteroidales;f__Bacteroidaceae;g__Bacteroides;s__Bacteroides_uniformis	k__Bacteria;p__Bacteroidetes;c__Bacteroidia;o__Bacteroidales;f__Rikenellaceae;g__Alistipes;s__Alistipes_putredinis	k__Bacteria;p__Bacteroidetes;c__Bacteroidia;o__Bacteroidales;f__Prevotellaceae;g__Prevotella;s__Prevotella_copri	k__Bacteria;p__Bacteroidetes;c__Bacteroidia;o__Bacteroidales;f__Bacteroidaceae;g__Bacteroides;s__Bacteroides_stercoris	k__Bacteria;p__Bacteroidetes;c__Bacteroidia;o__Bacteroidales;f__Bacteroidaceae;g__Bacteroides;s__Bacteroides_ovatus	k__Bacteria;p__Bacteroidetes;c__Bacteroidia;o__Bacteroidales;f__Rikenellaceae;g__Alistipes;s__Alistipes_shahii	k__Bacteria;p__Firmicutes;c__Clostridia;o__Clostridiales;f__Ruminococcaceae;g__Faecalibacterium;s__Faecalibacterium_prausnitzii	k__Bacteria;p__Bacteroidetes;c__Bacteroidia;o__Bacteroidales;f__Rikenellaceae;g__Alistipes;s__Alistipes_finegoldii	k__Bacteria;p__Bacteroidetes;c__Bacteroidia;o__Bacteroidales;f__Porphyromonadaceae;g__Parabacteroides;s__Parabacteroides_distasonis	k__Bacteria;p__Bacteroidetes;c__Bacteroidia;o__Bacteroidales;f__Bacteroidaceae;g__Bacteroides;s__Bacteroides_thetaiotaomicron	k__Bacteria;p__Bacteroidetes;c__Bacteroidia;o__Bacteroidales;f__Bacteroidaceae;g__Bacteroides;s__Bacteroides_coprocola	k__Bacteria;p__Bacteroidetes;c__Bacteroidia;o__Bacteroidales;f__Bacteroidaceae;g__Bacteroides;s__Bacteroides_cellulosilyticus	k__Bacteria;p__Bacteroidetes;c__Bacteroidia;o__Bacteroidales;f__Rikenellaceae;g__Alistipes;s__Alistipes_obesi	k__Bacteria;p__Firmicutes;c__Clostridia;o__Clostridiales;f__Lachnospiraceae;g__;s__[Eubacterium]_rectale	k__Bacteria;p__Bacteroidetes;c__Bacteroidia;o__Bacteroidales;f__Bacteroidaceae;g__Bacteroides;s__Bacteroides_plebeius	k__Bacteria;p__Bacteroidetes;c__Bacteroidia;o__Bacteroidales;f__Bacteroidaceae;g__Bacteroides;s__Bacteroides_fragilis	k__Bacteria;p__Proteobacteria;c__Betaproteobacteria;o__Burkholderiales;f__Sutterellaceae;g__Sutterella;s__Sutterella_wadsworthensis	k__Bacteria;p__Bacteroidetes;c__Bacteroidia;o__Bacteroidales;f__Porphyromonadaceae;g__Barnesiella;s__Barnesiella_intestinihominis	k__Bacteria;p__Bacteroidetes;c__Bacteroidia;o__Bacteroidales;f__Odoribacteraceae;g__Odoribacter;s__Odoribacter_splanchnicus	k__Bacteria;p__Bacteroidetes;c__Bacteroidia;o__Bacteroidales;f__Bacteroidaceae;g__Bacteroides;s__Bacteroides_salyersiae	k__Bacteria;p__Firmicutes;c__Clostridia;o__Clostridiales;f__Ruminococcaceae;g__Ruminiclostridium;s__[Eubacterium]_siraeum	k__Bacteria;p__Proteobacteria;c__Betaproteobacteria;o__Burkholderiales;f__Sutterellaceae;g__Parasutterella;s__Parasutterella_excrementihominis	k__Bacteria;p__Actinobacteria;c__Actinobacteria;o__Bifidobacteriales;f__Bifidobacteriaceae;g__Bifidobacterium;s__Bifidobacterium_adolescentis	k__Bacteria;p__Firmicutes;c__Clostridia;o__Clostridiales;f__Oscillospiraceae;g__Oscillibacter;s__Oscillibacter_sp._KLE_1745	k__Bacteria;p__Bacteroidetes;c__Bacteroidia;o__Bacteroidales;f__Bacteroidaceae;g__Bacteroides;s__Bacteroides_coprophilus	k__Bacteria;p__Firmicutes;c__Clostridia;o__Clostridiales;f__Lachnospiraceae;g__Roseburia;s__Roseburia_intestinalis	k__Bacteria;p__Firmicutes;c__Clostridia;o__Clostridiales;f__Lachnospiraceae;g__Roseburia;s__Roseburia_hominis	k__Bacteria;p__Bacteroidetes;c__Bacteroidia;o__Bacteroidales;f__Porphyromonadaceae;g__Parabacteroides;s__Parabacteroides_johnsonii	k__Bacteria;p__Actinobacteria;c__Actinobacteria;o__Bifidobacteriales;f__Bifidobacteriaceae;g__Bifidobacterium;s__Bifidobacterium_longum	k__Bacteria;p__Firmicutes;c__Clostridia;o__Clostridiales;f__;g__Flavonifractor;s__Flavonifractor_plautii	k__Bacteria;p__Firmicutes;c__Clostridia;o__Clostridiales;f__Clostridiaceae;g__Clostridium;s__Clostridium_phoceensis	k__Bacteria;p__Verrucomicrobia;c__Verrucomicrobiae;o__Verrucomicrobiales;f__Akkermansiaceae;g__Akkermansia;s__Akkermansia_muciniphila	k__Bacteria;p__Bacteroidetes;c__Bacteroidia;o__Bacteroidales;f__Prevotellaceae;g__Paraprevotella;s__Paraprevotella_xylaniphila	k__Bacteria;p__Firmicutes;c__Clostridia;o__Clostridiales;f__Ruminococcaceae;g__Ruminococcus;s__Ruminococcus_callidus	k__Bacteria;p__Bacteroidetes;c__Bacteroidia;o__Bacteroidales;f__Rikenellaceae;g__Alistipes;s__Alistipes_senegalensis	k__Bacteria;p__Firmicutes;c__Clostridia;o__Clostridiales;f__Lachnospiraceae;g__Blautia;s__Blautia_sp._KLE_1732	k__Bacteria;p__Bacteroidetes;c__Bacteroidia;o__Bacteroidales;f__Bacteroidaceae;g__Bacteroides;s__Bacteroides_oleiciplenus	k__Bacteria;p__Firmicutes;c__Clostridia;o__Clostridiales;f__Ruminococcaceae;g__Ruminococcus;s__Ruminococcus_bicirculans	k__Bacteria;p__Bacteroidetes;c__Bacteroidia;o__Bacteroidales;f__Bacteroidaceae;g__Bacteroides;s__Bacteroides_fluxus	k__Bacteria;p__Bacteroidetes;c__Bacteroidia;o__Bacteroidales;f__Prevotellaceae;g__Prevotella;s__Prevotella_stercorea	k__Bacteria;p__Firmicutes;c__Clostridia;o__Clostridiales;f__Lachnospiraceae;g__Dorea;s__Dorea_longicatena	k__Bacteria;p__Firmicutes;c__Clostridia;o__Clostridiales;f__Eubacteriaceae;g__Eubacterium;s__[Eubacterium]_eligens	k__Bacteria;p__Firmicutes;c__Clostridia;o__Clostridiales;f__Ruminococcaceae;g__;s__Ruminococcaceae_bacterium_D16	k__Bacteria;p__Firmicutes;c__Clostridia;o__Clostridiales;f__Lachnospiraceae;g__Coprococcus;s__Coprococcus_comes	k__Bacteria;p__Proteobacteria;c__Gammaproteobacteria;o__Enterobacterales;f__Enterobacteriaceae;g__Escherichia;s__Escherichia_coli	k__Bacteria;p__Firmicutes;c__Clostridia;o__Clostridiales;f__Ruminococcaceae;g__Anaerotruncus;s__Anaerotruncus_colihominis	k__Bacteria;p__Firmicutes;c__Clostridia;o__Clostridiales;f__Lachnospiraceae;g__Blautia;s__Blautia_obeum	k__Bacteria;p__Bacteroidetes;c__Bacteroidia;o__Bacteroidales;f__Odoribacteraceae;g__Odoribacter;s__Odoribacter_laneus	k__Bacteria;p__Firmicutes;c__Clostridia;o__Clostridiales;f__Ruminococcaceae;g__Ruminiclostridium;s__[Clostridium]_leptum	k__Bacteria;p__Bacteroidetes;c__Bacteroidia;o__Bacteroidales;f__Porphyromonadaceae;g__Parabacteroides;s__Parabacteroides_goldsteinii	k__Bacteria;p__Firmicutes;c__Clostridia;o__Clostridiales;f__Lachnospiraceae;g__Anaerostipes;s__Anaerostipes_hadrus	k__Bacteria;p__Firmicutes;c__Clostridia;o__Clostridiales;f__Ruminococcaceae;g__Ruminococcus;s__Ruminococcus_lactaris	k__Bacteria;p__Firmicutes;c__Clostridia;o__Clostridiales;f__Clostridiaceae;g__Clostridium;s__Clostridium_sp._L2-50	k__Bacteria;p__Firmicutes;c__Clostridia;o__Clostridiales;f__Clostridiaceae;g__Clostridium;s__Clostridium_sp._M62/1	k__Bacteria;p__Firmicutes;c__Clostridia;o__Clostridiales;f__;g__Intestinimonas;s__Intestinimonas_butyriciproducens	k__Bacteria;p__Actinobacteria;c__Actinobacteria;o__Bifidobacteriales;f__Bifidobacteriaceae;g__Bifidobacterium;s__Bifidobacterium_bifidum	k__Bacteria;p__Firmicutes;c__Negativicutes;o__Veillonellales;f__Veillonellaceae;g__Dialister;s__Dialister_invisus	k__Bacteria;p__Bacteroidetes;c__Bacteroidia;o__Bacteroidales;f__Bacteroidaceae;g__Bacteroides;s__Bacteroides_salanitronis
k__Bacteria;p__Bacteroidetes;c__Bacteroidia;o__Bacteroidales;f__Bacteroidaceae;g__Bacteroides;s__Bacteroides_vulgatus	1.0	0.0191503164836	0.025493650471	-0.0299286641881	0.0421819035521	-0.0449340472651	-0.0486760770407	-0.0290319768393	-0.0115366211459	-0.0964029011767	0.0879639320665	-0.0162950001314	-0.0462795337994	-0.0170771766308	-0.0904928847232	-0.00852473426127	0.0311490043417	-0.0296983442455	0.017483906644	0.0150237096413	-0.0607420575053	0.0178816876593	0.00911646070849	0.00867541190485	-0.0152800645811	0.0350503778179	-0.00704865783	0.0313282738022	0.080449820829	-0.0130940047685	0.0360702426418	0.0525636605431	0.00331039213194	-0.0526068958483	0.0644518346738	-0.035482928572	0.0160214828809	-0.0740589716454	0.0632265367345	-0.0078685463561	-0.0274149447558	-0.0139883518328	-0.00965274829827	-0.0797061684958	-0.0402115817186	-0.0139464106063	-0.0835920050701	-0.106945387778	0.0480446356336	-0.0165920242859	-0.028388086708	0.00940671863926	-0.0363271685067	0.00493102014462	0.0212335904761	0.0329185092297	0.00470791961426	-0.00995165210199	-0.018320849612
k__Bacteria;p__Bacteroidetes;c__Bacteroidia;o__Bacteroidales;f__Bacteroidaceae;g__Bacteroides;s__Bacteroides_uniformis	0.0191503164836	1.0	0.000829488587261	0.00522533319866	-0.0605982924723	0.0174481427681	0.0355896447617	-0.0288822788007	-0.0315412047256	-0.0444829954103	-0.0293125577184	-0.046320618372	0.041697778355	-0.0527694537229	0.012992715328	-0.00108635096012	-0.0523059474028	-0.0110991494632	0.0352408768183	-0.0251092256908	-0.0747123641997	0.0362210701181	0.0247336412067	-0.0150006539542	0.0107123997496	0.020943126306	-0.0222328911732	-0.0073271982939	-0.0298683027747	0.017909169183	-0.0555085737846	0.0506704616352	-0.0206085064908	-0.0499351069287	-0.0477051642502	-0.0726420143461	0.0111553693745	0.0301601552561	-0.0351723523896	-0.0540512723313	0.00926662294544	0.00052587412563	-0.0195823667208	0.0276757560761	-0.0181378112083	-0.0627720347942	0.00356638041347	-0.030437177599	-0.00190883273	-0.0300456642255	-0.0470315338096	-0.00146841177714	0.0441228111263	-0.0340135755353	-0.00111137397663	-0.000726867143772	0.0440708122368	-0.0330606844479	-0.114636171001
k__Bacteria;p__Bacteroidetes;c__Bacteroidia;o__Bacteroidales;f__Rikenellaceae;g__Alistipes;s__Alistipes_putredinis	0.025493650471	0.000829488587261	1.0	-0.013340471765	-0.00441291847262	-0.0704931732786	-0.042339121076	-0.0402351615467	0.0729859387893	0.0182614033416	-0.0967006787805	-0.0455013592719	0.0136787751912	0.00278665186873	0.0640633316638	-0.0267872694791	-0.00470040968752	-0.0028470736084	-0.0911299237724	-0.0250749800093	0.00750294012895	-0.0903353834533	0.0151996266251	-0.039783222151	-0.0242181187612	-0.0127213421613	0.0417081850041	-0.00706536178137	-0.0578414848908	-0.0520383402983	-0.0384231686055	-0.0614919856684	-0.0102415204716	0.000185934818749	0.0627661962148	-0.0244211954909	0.013619096413	-0.0840581750943	-0.0665130937776	-0.021296809009	0.0282305340064	0.0809108614015	0.0147442926764	-0.0201837626417	-0.00516484941206	0.0448264077991	-0.0158056250587	0.0319478399926	-0.0484967126225	0.0263924506645	0.0277658239301	0.0265288584483	-0.0443598034769	-0.0157653228552	0.00232502224944	0.0507966536134	-0.00957296106652	0.0227802915638	-0.0258174829311
k__Bacteria;p__Bacteroidetes;c__Bacteroidia;o__Bacteroidales;f__Prevotellaceae;g__Prevotella;s__Prevotella_copri	-0.0299286641881	0.00522533319866	-0.013340471765	1.0	-0.0108683817149	-0.000300237693814	-0.026947267326	-0.0849428666226	-0.0440634349538	-0.0803285564293	-0.080053743741	0.0878844484759	0.063775804822	0.0242293729341	-0.0668821412394	-0.0374152753782	-0.0637637579291	-0.00535284975155	0.0205257963849	-0.0525540520955	0.000189273924126	-0.0188403399174	0.0193848772476	-0.037028297042	-0.0194883740769	0.0316378893271	-0.0353614908687	-0.0497113409341	-0.0494235575898	-0.048466921876	-0.0148514957757	-0.0052035717089	0.0260655543588	-0.0116661059224	0.00025923403897	0.00532096655573	0.0522755911803	-0.075501491929	0.0509161247829	0.0251178201888	-0.0178192389175	-0.0449277909326	0.00879322936669	-0.0218212582836	0.00784029571286	-0.0252950061563	0.0112803214427	-0.0499165138007	0.0379423123586	0.00422360696833	-0.0108465657744	0.0360814366987	-0.0285951760761	-0.025652621425	-0.00730918584894	-0.00225652575886	-0.0395435362594	0.00534072363386	-0.0249717862515
k__Bacteria;p__Bacteroidetes;c__Bacteroidia;o__Bacteroidales;f__Bacteroidaceae;g__Bacteroides;s__Bacteroides_stercoris	0.0421819035521	-0.0605982924723	-0.00441291847262	-0.0108683817149	1.0	-0.0802393137739	0.154511403229	0.0319161487067	-0.0283086356518	-0.0575298436043	-0.0316723550988	0.0480209842413	0.0117537992388	0.0205649289312	-0.0784098668292	-0.0743562207748	-0.0290152672166	0.0195980650307	-0.0887744200919	-0.000521260668639	0.0098754631896	-0.0644862054377	0.00334630472897	0.0175254937228	0.0575916128881	-0.00688776181296	0.0295386603107	0.0545591811141	-0.034475487623	-0.0191298818917	0.040672395565	-0.0754190740501	0.0519434122534	-0.0062877704938	-0.0787964801389	-0.0716531028503	0.0232927453127	-0.0361258522624	-0.0370476875061	-0.000193648877801	-0.036345951295	0.000232399229708	-0.0114421873532	0.0167740272982	-0.0706281460156	0.0627668383819	-0.00250905815038	-0.00970588473841	0.00724593895822	-0.0465192548512	-0.0696639511282	0.069620842834	-0.0497314769234	-0.0191879123062	-0.0445304351377	-0.00718579765941	0.0331372377657	0.0266690926011	-0.0883884597241
k__Bacteria;p__Bacteroidetes;c__Bacteroidia;o__Bacteroidales;f__Bacteroidaceae;g__Bacteroides;s__Bacteroides_ovatus	-0.0449340472651	0.0174481427681	-0.0704931732786	-0.000300237693815	-0.0802393137739	1.0	-0.0326532108659	-0.0389207749619	-0.0172978927128	-0.00698351035449	-0.00483536252508	-0.0692518242716	-0.016793916236	-0.104468531748	-0.019450888517	0.00503805717857	0.0691846065597	-0.00456826848664	-0.0318417819448	0.0171618380873	-0.0283181615392	0.067945698494	-0.0339563598391	0.0476710801008	0.0276266003657	0.046079928199	0.0309696212559	-0.0621146577698	-0.0174172858836	-0.013583128361	-0.032257894066	-0.00301046999363	0.0205519325796	-0.0310464380835	0.0188223504909	-0.0447376619949	0.0360188151121	-0.0547510666536	-0.0217721151449	-0.0440040814131	-0.0800063665128	-0.0297325149181	0.00028781229704	-0.0728730177209	-0.00471113641715	-0.0343834615314	0.0473257214485	-0.0467862701308	-0.0188200504588	-0.052831659885	-0.0161324857621	-0.0491940648681	-0.0433992935425	-0.0308358948249	0.0343153281154	0.0445021826441	0.046504572084	-0.00777153469893	-0.046941835509
k__Bacteria;p__Bacteroidetes;c__Bacteroidia;o__Bacteroidales;f__Rikenellaceae;g__Alistipes;s__Alistipes_shahii	-0.0486760770407	0.0355896447617	-0.042339121076	-0.026947267326	0.154511403229	-0.0326532108659	1.0	-0.025884058531	0.0394589776646	-0.0050621107197	-0.0253587563092	0.0283517138881	-0.0192371876584	-0.0921332895826	-0.0268778044669	0.0284747215146	-0.029554515297	0.0176170551093	0.00409702132149	-0.0520357699924	-0.0239140146581	0.0457001347337	-0.0705122885068	-0.0167288552719	0.0282648255927	-0.00863551167452	-0.0309367803207	-0.044160582636	-0.0507816153454	-0.0141331962469	-0.0421171919232	0.0661907876468	-0.0379917214635	-0.0672171505251	-0.0240594172478	-0.0871584514874	0.0122725248029	0.000363096358004	0.00499186521213	0.0227564998734	0.0113044771325	0.0550565597481	-0.0243185760628	0.00696031380587	-0.0174069850635	0.0198677886942	-0.0107216313637	0.016178896684	-0.0184936644287	0.0364613698158	-0.0207870864296	0.0537990368036	-0.0467870478927	-0.0135650524815	0.0173305061953	-0.0273172613392	-0.0142782323589	0.0114854766517	-0.0262275920632
k__Bacteria;p__Firmicutes;c__Clostridia;o__Clostridiales;f__Ruminococcaceae;g__Faecalibacterium;s__Faecalibacterium_prausnitzii	-0.0290319768393	-0.0288822788007	-0.0402351615467	-0.0849428666226	0.0319161487067	-0.0389207749619	-0.025884058531	1.0	-0.0621651969338	0.0569426800014	0.0050089776615	-0.0296988231125	-0.0756110201061	-0.00617706807691	0.0212211977692	-0.0236461176532	-0.032907265183	-0.0664717073308	-0.0385152788583	0.044322750809	-0.00577874331216	-0.0986649988422	-0.0128576131923	-0.0423617961127	0.00122915487208	-0.0188622657728	0.0115140339502	0.0147577198898	0.0174468645156	-0.00781824019171	-0.0240589948284	0.000263171763222	-0.0141372734724	-0.0123114990979	-0.0055041171101	0.0975584940023	0.0770101711909	0.0121432704097	-0.0400439291239	-0.0200077916742	-0.0432425762418	0.0887337314228	-0.0645164069057	0.000754440215605	-0.0725453606879	-0.0730140544557	-0.0802752210996	0.0276933984878	0.0493969557999	-0.00802778563346	-0.0337155248459	-0.0649600137276	0.0277145642177	-0.0267669531023	0.0303199630374	-0.0202400523275	-0.0169954957442	-0.0693364867054	0.0386337347735
k__Bacteria;p__Bacteroidetes;c__Bacteroidia;o__Bacteroidales;f__Rikenellaceae;g__Alistipes;s__Alistipes_finegoldii	-0.0115366211459	-0.0315412047256	0.0729859387893	-0.0440634349538	-0.0283086356518	-0.0172978927128	0.0394589776646	-0.0621651969338	1.0	0.0207449904221	0.0129547087753	-0.0144552498021	-0.0118460157692	0.0805070500102	0.0149866419012	0.0114646338027	-0.0652422122871	0.0633840596963	-0.0384762572357	0.00659840501346	-0.0512463040681	-0.0612333694979	0.0107512734187	-0.023317536262	-0.0979233548696	0.000839173874562	0.010800306202	-0.0108839744122	-0.0603024599556	-0.00795053504835	-0.0394237692855	-0.0428491448771	-0.0479410193699	-0.0461169456389	0.0406556000882	-0.0556716491789	-0.0463680681754	-0.037526241614	-0.00586038096846	-0.0166524076837	0.060468894204	-0.0291784614947	0.00896353246548	-0.0513085518083	-0.0599907162446	0.0480067975494	-0.0109153930079	-0.0370470058085	-0.0227391213909	-0.0777411034127	-0.0378021862721	-0.0351985812467	-0.053094121624	0.0772659818767	0.00834877995254	0.00494731548473	0.0286519535515	-0.0371460966977	0.00664425850634
k__Bacteria;p__Bacteroidetes;c__Bacteroidia;o__Bacteroidales;f__Porphyromonadaceae;g__Parabacteroides;s__Parabacteroides_distasonis	-0.0964029011767	-0.0444829954103	0.0182614033416	-0.0803285564293	-0.0575298436043	-0.00698351035449	-0.0050621107197	0.0569426800014	0.0207449904221	1.0	-0.0315866806202	-0.0299234664402	-0.0138227340069	-0.0232730105561	0.134246644337	-0.0399930724086	-0.0250020718198	-0.0507074298908	-0.0445494893549	0.113167428443	0.029291769886	-0.0558450135938	-0.0686554031899	0.00452424863445	-0.0390723119616	-0.0147056757157	-0.0785280761611	-0.0293823540074	0.0218099206646	0.0158968971855	0.0101982487401	-0.00783913280393	0.0456998723025	-0.0413940906329	-0.0422583319778	0.0464917065155	0.0186160650502	-0.0108480620099	0.0385662826197	0.00635549186834	0.0154845353243	0.0207749368521	0.0345033284086	-0.00849061434	0.00800102507959	0.010978955119	-0.0345652356008	-0.0108170325496	-0.0261112782166	0.0313341734128	-0.120549739735	-0.0006171099303	-0.0190574239497	0.0307634699455	0.00494550434212	-0.00579132099923	0.0349631259923	0.025246785544	0.020088751266
k__Bacteria;p__Bacteroidetes;c__Bacteroidia;o__Bacteroidales;f__Bacteroidaceae;g__Bacteroides;s__Bacteroides_thetaiotaomicron	0.0879639320665	-0.0293125577184	-0.0967006787805	-0.080053743741	-0.0316723550988	-0.00483536252508	-0.0253587563092	0.0050089776615	0.0129547087753	-0.0315866806202	1.0	-0.0439107125182	-0.0171854572161	0.0149781923014	-0.0277815823861	-0.0565296930974	-0.121268278135	-0.0334833171864	0.0342306973792	0.0423880035751	-0.0568977717601	-0.0124900038748	-0.0157732149047	-0.0673230978863	-0.0513513825364	0.0158993473721	-0.049463590046	0.114023847159	-0.0185825368132	-0.0463018880607	-0.101372500325	0.017620775328	0.0845302094732	-0.0672954279065	-0.0143964664354	0.0511579312687	-0.0293037795254	0.0150471948338	0.0265707846347	-0.0101192068813	0.0197227681676	0.0329512461059	0.00746125537429	0.0867284532702	-0.0376191097003	-0.0192809572095	-0.0427997753945	0.0171614048483	0.054066663161	-0.0178365223764	0.00681748209025	-0.0478081713113	-0.0712794983742	0.00497641020329	-0.0449073710792	-0.0397803460818	-0.104880239118	0.0376948276833	-0.0564559671514
k__Bacteria;p__Bacteroidetes;c__Bacteroidia;o__Bacteroidales;f__Bacteroidaceae;g__Bacteroides;s__Bacteroides_coprocola	-0.0162950001314	-0.046320618372	-0.0455013592719	0.0878844484759	0.0480209842413	-0.0692518242716	0.0283517138881	-0.0296988231125	-0.0144552498021	-0.0299234664402	-0.0439107125182	1.0	-0.00825105953216	-0.0111803003813	-0.0274514459952	-0.016615844987	0.0484140724517	0.0449698495297	0.0391245467339	0.013303049792	-0.00478660604805	0.0178457975621	0.0396848189488	0.0503320862528	-0.0334185094817	-0.0305636408222	0.0118412940629	0.0021957540275	0.0404577197599	-0.0132045766263	0.0241758178535	0.0219216922333	-0.0389874754415	0.0688472169364	0.0256120340634	-0.0169606732018	-0.0154633809024	-0.000922992314901	-0.0580923815546	-0.0229727733812	-0.0502826776701	-0.0388540285803	-0.0595196077013	0.0313158072244	0.0189061724852	-0.0638548030281	-0.0467396999525	-0.0496291084817	0.0642112608069	7.42295151062e-05	0.0346878509133	0.0817276122967	-0.0284428341263	-0.0156530295804	0.00712697459028	-0.0179124190412	-0.0393521361161	-0.118754001173	-0.092492639302
k__Bacteria;p__Bacteroidetes;c__Bacteroidia;o__Bacteroidales;f__Bacteroidaceae;g__Bacteroides;s__Bacteroides_cellulosilyticus	-0.0462795337994	0.041697778355	0.0136787751912	0.063775804822	0.0117537992388	-0.016793916236	-0.0192371876584	-0.0756110201061	-0.0118460157692	-0.0138227340069	-0.0171854572161	-0.00825105953216	1.0	-0.0387556852081	-0.0152188936021	-0.000579904125473	-0.0375247554543	-0.0477760624188	0.0704457663606	-0.0934776749408	-0.019920050405	0.062384811797	0.010172478242	-0.00151712808428	-0.0163576178323	0.0511517326775	0.00647406248765	0.0287452548915	0.0123753605503	-0.017780334488	-0.0310435370059	0.0538007938071	-0.0733549214745	0.00444479945284	0.0312031720482	-0.0675225277841	-0.0810347794505	-0.0807912331341	0.0187509335769	-0.00690835244129	0.00589494286743	-0.120440277077	-0.0122418712401	0.0455711587053	0.0651936536085	0.0332161899567	-0.0335826581682	0.0161832029301	-0.0206838366567	-0.0165367902155	0.0432469414441	-0.0363019662436	0.00809090444692	-0.000158710179756	0.00494508308978	-0.0598002290956	-0.0299668570138	-0.00360344809868	0.0107266333221
k__Bacteria;p__Bacteroidetes;c__Bacteroidia;o__Bacteroidales;f__Rikenellaceae;g__Alistipes;s__Alistipes_obesi	-0.0170771766308	-0.0527694537229	0.00278665186873	0.0242293729341	0.0205649289312	-0.104468531748	-0.0921332895826	-0.00617706807691	0.0805070500102	-0.0232730105561	0.0149781923014	-0.0111803003813	-0.0387556852081	1.0	-0.115951716687	-0.0642167379155	-0.0374900522297	-0.0323672137446	0.0427202627831	0.0146049272874	0.075291886454	-0.056383901652	-0.0521291013296	0.0171586426466	0.053052216064	-0.0157019852069	-0.0350363795427	-0.00866623108989	-0.0659442619408	-0.0472860848176	-0.014592235614	-0.0795013844353	-0.0420457871988	0.0464710390639	-0.0517600742121	0.0720678960383	0.0468862190099	-0.0737371693547	-0.0734090080065	0.0367583897973	-0.00848413755757	0.0019441991983	0.0345848923805	0.0237250004657	-0.0201800368753	-0.00935134294745	-0.00395063705106	0.0214227279447	-0.107165785691	0.0144268369559	0.0510272783522	0.0355541874851	-0.0192819413179	0.026834361183	-0.00769116330932	-0.0494982545717	-0.0387049196252	0.0101294613906	0.00582498496257
k__Bacteria;p__Firmicutes;c__Clostridia;o__Clostridiales;f__Lachnospiraceae;g__;s__[Eubacterium]_rectale	-0.0904928847232	0.012992715328	0.0640633316638	-0.0668821412394	-0.0784098668292	-0.019450888517	-0.0268778044669	0.0212211977692	0.0149866419012	0.134246644337	-0.0277815823861	-0.0274514459952	-0.0152188936021	-0.115951716687	1.0	0.01562936577	-0.0377942249795	-0.0119762362798	-0.00401860190435	-0.0979545541382	0.0478337206167	-0.0336315535223	-0.0110062562001	0.0156661014096	-0.0608132900628	-0.00640178569409	-0.00871098879299	-0.00892959723296	-0.00706997435569	-0.00319371135167	-0.0431882463328	-0.00351769111105	-0.0483050172326	0.0394803214255	-0.0199794642169	0.012583606331	-0.0149074386592	0.0125213639017	0.0162755064199	-0.0435856488936	-0.0525044514201	0.0409299421852	-0.0240231158502	-0.0173448772288	-0.0370358921082	-0.0434096409133	0.0313742468661	0.035339674967	-0.0143762052657	-0.00259184013011	-0.0128549737029	0.0494325798633	0.0317202378227	-0.0693892016899	-0.0817804240149	-0.0219315581305	0.0761952935173	-0.0277921424319	0.0368174784838
k__Bacteria;p__Bacteroidetes;c__Bacteroidia;o__Bacteroidales;f__Bacteroidaceae;g__Bacteroides;s__Bacteroides_plebeius	-0.00852473426127	-0.00108635096012	-0.0267872694791	-0.0374152753782	-0.0743562207748	0.00503805717857	0.0284747215146	-0.0236461176532	0.0114646338027	-0.0399930724086	-0.0565296930974	-0.016615844987	-0.000579904125473	-0.0642167379155	0.01562936577	1.0	0.0226195125696	-0.0619750879332	0.0635291895446	-0.0444572112869	0.00817527378028	-0.0351568267812	-0.0601767862196	0.00630526609309	-0.0268330283973	-0.0923281189572	0.0301535026509	-0.0210140173866	0.00391380999093	-0.00823055595606	0.0538175374994	0.0407039415834	0.0149404377781	-0.0856064336581	0.00405361737302	0.0569945914602	-0.0444549387052	-0.0551239940895	0.00976230635473	0.0122731936062	-0.0281995199834	0.0784728413284	0.00813644801574	-0.0758306683815	-0.0107632342265	-0.0155889792244	-0.0837440788251	-0.0895133379254	-0.00813163822934	0.00545611435496	-0.0632915223825	0.0435040584585	0.00798076417599	-0.00570517291793	-0.0261698735939	0.0321884059584	-0.0240487933801	-0.0194149046306	-0.0365268764361
k__Bacteria;p__Bacteroidetes;c__Bacteroidia;o__Bacteroidales;f__Bacteroidaceae;g__Bacteroides;s__Bacteroides_fragilis	0.0311490043417	-0.0523059474028	-0.00470040968752	-0.0637637579291	-0.0290152672166	0.0691846065597	-0.029554515297	-0.032907265183	-0.0652422122871	-0.0250020718198	-0.121268278135	0.0484140724517	-0.0375247554543	-0.0374900522297	-0.0377942249795	0.0226195125696	1.0	-0.0283489371523	-0.047312668548	-0.0395351708035	0.023567915131	-0.0387368220367	0.0203951079776	0.0677645218252	-0.0329874348121	-0.103510153878	-0.0265536200772	0.0523747804312	0.0102386360175	-0.0347838102337	-0.00881430443955	0.0553487565036	0.0832873262829	0.0184179877057	-0.00198097961994	0.0066495073994	-0.0601958132379	-0.00805054415421	6.47830344882e-05	-0.0197451092629	0.00464282602836	0.0255875855877	-0.116748672784	-0.0457952329257	0.0341404014938	0.0403857961351	0.0183272090281	-0.0294356667539	-0.0601922340087	-0.0391274934406	0.0787608035096	0.0526511158768	0.0326104791801	-0.0127864489558	-0.0480117394051	-0.0124874898108	0.00302523752919	-0.011943776533	-0.0442816857374
k__Bacteria;p__Proteobacteria;c__Betaproteobacteria;o__Burkholderiales;f__Sutterellaceae;g__Sutterella;s__Sutterella_wadsworthensis	-0.0296983442455	-0.0110991494632	-0.0028470736084	-0.00535284975155	0.0195980650307	-0.00456826848664	0.0176170551093	-0.0664717073308	0.0633840596963	-0.0507074298908	-0.0334833171864	0.0449698495297	-0.0477760624188	-0.0323672137446	-0.0119762362798	-0.0619750879332	-0.0283489371523	1.0	-0.00604563906544	-0.0476840281088	-0.0208261413945	0.0242919576309	-0.0419328058768	-0.0246810574701	0.012005442767	0.00842776119305	0.018477547192	0.0574059077514	0.0416940258506	-0.00228208424237	-0.0344877631686	-0.0633193161599	-0.0767334856854	-0.0296315334605	0.0218736654592	-0.013119053392	-0.00395504685531	0.0722650843143	-0.0268239001767	0.00839258372902	-0.0787388357525	0.0628240989994	0.0153308065693	0.0812734015425	-0.0171263237855	-0.0621909225034	-0.0168715010677	-0.0118702387318	-0.0122502820482	-0.0568013230482	0.0150183389244	-0.0111481635437	-0.0832582471136	-0.0278201182441	0.0196002469036	-0.0871257861898	0.0331564208081	0.0540697577931	0.0195318455588
k__Bacteria;p__Bacteroidetes;c__Bacteroidia;o__Bacteroidales;f__Porphyromonadaceae;g__Barnesiella;s__Barnesiella_intestinihominis	0.017483906644	0.0352408768183	-0.0911299237724	0.0205257963849	-0.0887744200919	-0.0318417819448	0.00409702132149	-0.0385152788583	-0.0384762572357	-0.0445494893549	0.0342306973792	0.0391245467339	0.0704457663606	0.0427202627831	-0.00401860190435	0.0635291895446	-0.047312668548	-0.00604563906544	1.0	0.057257419684	0.0119576935027	-0.0268307723675	0.0218221059309	-0.0188860009939	-0.10111771678	-0.0977777003179	0.00174335199275	0.0604586144222	-0.0757188270944	0.0020818488852	0.0280372580296	-0.0990636217556	-0.0538227805634	-0.0753123628306	-0.0618563805705	-0.057222324301	0.0342228526084	-0.0125631020179	-0.0460309385439	0.00843621799869	0.0714964586029	-0.0617286460698	-0.0243410922736	0.0302874983158	0.0326465765968	0.00626069134762	0.00768760265867	-0.0722896658438	0.010966843245	0.0283963008599	0.0275629820459	-0.0153652002266	0.0193049883686	0.0157439766378	0.0134908205381	0.0126609467374	-0.0236911207005	-0.0304522158019	0.0210945366044
k__Bacteria;p__Bacteroidetes;c__Bacteroidia;o__Bacteroidales;f__Odoribacteraceae;g__Odoribacter;s__Odoribacter_splanchnicus	0.0150237096413	-0.0251092256908	-0.0250749800093	-0.0525540520955	-0.000521260668639	0.0171618380873	-0.0520357699924	0.044322750809	0.00659840501347	0.113167428443	0.0423880035751	0.013303049792	-0.0934776749408	0.0146049272874	-0.0979545541382	-0.0444572112869	-0.0395351708035	-0.0476840281088	0.057257419684	1.0	-0.0304674431853	-0.00256881812252	-0.0266186071783	-0.0261602696663	-0.0961642040316	-0.0365525365147	-0.0373923994355	0.0574412323691	-0.0256470192664	-0.0224566496979	-0.0120811054569	0.00336827351301	-0.0331580135365	0.0165927737688	0.00499307031538	-0.0108755634139	0.0544697244867	-0.0518928300212	0.0118194874045	0.0304434074494	-0.0385912333511	0.0511591740532	-0.0306129881085	-0.0364062212124	0.00713190015019	-0.0522168814636	0.00552527281024	0.020894086929	0.0152716031885	-0.0304609175555	0.0270686669545	-0.00997766442488	0.113579907546	-0.0153427576795	0.0169512496778	-0.0486539385671	-0.0555514666881	0.00615504428857	0.0106216076026
k__Bacteria;p__Bacteroidetes;c__Bacteroidia;o__Bacteroidales;f__Bacteroidaceae;g__Bacteroides;s__Bacteroides_salyersiae	-0.0607420575053	-0.0747123641997	0.00750294012895	0.000189273924126	0.0098754631896	-0.0283181615392	-0.0239140146581	-0.00577874331216	-0.0512463040681	0.029291769886	-0.0568977717601	-0.00478660604805	-0.019920050405	0.075291886454	0.0478337206167	0.00817527378028	0.023567915131	-0.0208261413945	0.0119576935027	-0.0304674431853	1.0	0.0252719542407	-0.0184342250711	0.0108316311906	-0.0528087671731	0.0224826731783	0.0901544626996	-0.0302542579462	-0.0300332936699	-0.0253623900228	-0.0130796442152	-0.0434159816895	-0.111458097157	0.0121024556539	-0.00962493382372	-0.0634681542295	-0.0714179585556	0.0339743274471	-0.0519262072747	0.00346202185917	-0.0397513154882	-0.0114759287659	-0.0459333785219	0.0778136173466	-0.0279019511599	0.0235245339073	0.0337771782457	-0.0431566875969	-0.0507123663057	0.0333962884564	-0.0874262423608	0.0658661620793	-0.0133709904678	0.0289633120747	0.0123519256114	-0.011754356531	-0.0478934725806	-0.0194342689501	-0.0364360574426
k__Bacteria;p__Firmicutes;c__Clostridia;o__Clostridiales;f__Ruminococcaceae;g__Ruminiclostridium;s__[Eubacterium]_siraeum	0.0178816876593	0.0362210701181	-0.0903353834533	-0.0188403399174	-0.0644862054377	0.067945698494	0.0457001347337	-0.0986649988422	-0.0612333694979	-0.0558450135938	-0.0124900038748	0.0178457975621	0.062384811797	-0.056383901652	-0.0336315535223	-0.0351568267812	-0.0387368220367	0.0242919576309	-0.0268307723675	-0.00256881812252	0.0252719542407	1.0	0.0258480129581	-0.0299764698238	-0.0600833178519	-0.0225839312125	-0.0671804281663	-0.103677348104	0.0984187322288	0.031770253253	-0.0773204426505	0.0228197386789	0.0362637474372	-0.0483716424796	-0.00820835125213	-0.111089096754	-0.0149940285179	0.0221599247659	0.032915629048	0.0504010956487	-0.021030583636	-0.0154622123397	-0.022595258587	-0.00802297977762	-0.0703403946816	-0.0117041212555	-0.0326744964061	-0.00093633805551	-0.00978793675403	-0.0537019628231	-0.0107837604553	-0.0333094128578	0.0296052795494	0.0585322576659	-0.00937737850189	-0.0312158880972	-0.0749229463769	0.0245112230308	0.0204931140675
k__Bacteria;p__Proteobacteria;c__Betaproteobacteria;o__Burkholderiales;f__Sutterellaceae;g__Parasutterella;s__Parasutterella_excrementihominis	0.00911646070849	0.0247336412067	0.0151996266251	0.0193848772476	0.00334630472897	-0.0339563598391	-0.0705122885068	-0.0128576131923	0.0107512734187	-0.0686554031899	-0.0157732149047	0.0396848189488	0.010172478242	-0.0521291013296	-0.0110062562001	-0.0601767862196	0.0203951079776	-0.0419328058768	0.0218221059309	-0.0266186071783	-0.0184342250711	0.0258480129581	1.0	-0.0814506613341	-0.00488684554723	-0.0238918411035	-0.0892364686104	-0.112800349658	-0.0169869404991	0.0603100073591	-0.0157005757947	0.0963619106271	-0.0716970842677	-0.00324537870725	0.0289159689386	-0.0346680758981	-0.0203944606466	0.0079811101396	-0.056912334539	0.0118932352302	0.0743539078479	-0.0201033372931	-0.0407530814235	-0.0324986822335	-0.0584011508476	0.00773403468868	0.0592446198848	-0.037022835649	-0.112628497543	0.0152473369434	-0.0633154673141	0.00235695642924	0.0527159946294	-0.00139736322868	0.000575194433229	0.0450449406231	-0.018743444378	0.06820692309	-0.00821182428518
k__Bacteria;p__Actinobacteria;c__Actinobacteria;o__Bifidobacteriales;f__Bifidobacteriaceae;g__Bifidobacterium;s__Bifidobacterium_adolescentis	0.00867541190485	-0.0150006539542	-0.039783222151	-0.037028297042	0.0175254937228	0.0476710801008	-0.0167288552719	-0.0423617961127	-0.023317536262	0.00452424863445	-0.0673230978863	0.0503320862528	-0.00151712808428	0.0171586426466	0.0156661014096	0.00630526609309	0.0677645218252	-0.0246810574701	-0.0188860009939	-0.0261602696663	0.0108316311906	-0.0299764698238	-0.0814506613341	1.0	0.00664502368259	0.00201070294933	0.00342839087323	0.0630253741629	0.0126749309913	0.00719412112175	0.0223131423651	-0.0457235132705	-0.0309495215914	0.0181874101915	0.0330992844978	-0.00672613724126	-0.00943715714845	0.0601721273478	-0.0405140728311	0.0168532239185	0.0132453542121	0.0125962339334	-0.00898380010207	-0.0981095340714	-0.0269382319688	0.00548288470023	-0.00515294434657	0.00372758307457	-0.00324418162971	-0.0501109023543	0.0186129235147	-0.00478525440848	-0.0396924853213	0.0299940969874	0.0544802932579	-0.0112605721693	0.0206348703677	0.0564419943329	-0.0606472781415
k__Bacteria;p__Firmicutes;c__Clostridia;o__Clostridiales;f__Oscillospiraceae;g__Oscillibacter;s__Oscillibacter_sp._KLE_1745	-0.0152800645811	0.0107123997496	-0.0242181187612	-0.0194883740769	0.0575916128881	0.0276266003657	0.0282648255927	0.00122915487208	-0.0979233548696	-0.0390723119616	-0.0513513825364	-0.0334185094817	-0.0163576178323	0.053052216064	-0.0608132900628	-0.0268330283973	-0.0329874348121	0.012005442767	-0.10111771678	-0.0961642040316	-0.0528087671731	-0.0600833178519	-0.00488684554723	0.00664502368259	1.0	-0.0140541845865	0.0566842130168	-0.0283163663088	-0.0651052193812	-0.0421626161293	0.0332995388528	-0.067683339483	-0.069758989124	-0.000474085207733	-0.0900786906057	-0.0308272678253	0.000486076624725	0.0152288059964	0.0496690712449	-0.0837349135259	-0.000999577473185	-0.0447157518989	0.0630406288034	-0.0492010393386	-0.00590605321021	0.0884609857504	0.0421716595714	-0.010489323445	0.030420461964	0.0558138978879	-0.0327487778997	-0.0213537479924	-0.0330536493569	-0.0148578068706	0.056491135349	-0.0303957276072	0.0138612186043	0.00483246830312	-0.00920341843231
k__Bacteria;p__Bacteroidetes;c__Bacteroidia;o__Bacteroidales;f__Bacteroidaceae;g__Bacteroides;s__Bacteroides_coprophilus	0.0350503778179	0.020943126306	-0.0127213421613	0.0316378893271	-0.00688776181296	0.046079928199	-0.00863551167452	-0.0188622657728	0.000839173874561	-0.0147056757157	0.0158993473721	-0.0305636408222	0.0511517326775	-0.0157019852069	-0.00640178569409	-0.0923281189572	-0.103510153878	0.00842776119305	-0.0977777003179	-0.0365525365147	0.0224826731783	-0.0225839312125	-0.0238918411035	0.00201070294933	-0.0140541845865	1.0	-0.0314573727258	0.0584437206687	-0.00186569463275	-0.0430996611114	0.0475496661764	0.0151309464231	-0.0344387500303	0.0407646366658	-0.00845144371975	-0.0175744020799	-0.0241702867032	-0.0587288123514	-0.0364487795008	-0.0364927368806	-0.024321413438	0.0197049705263	0.0687174683901	-0.0562402692167	0.0431268568025	-0.0378323024412	-0.00156682922501	0.0200292651782	-0.000105191496685	-0.0803794358032	0.0199036500218	-0.0360565031146	-0.0315564555202	-0.0561524317508	-0.0245936887353	0.0447287040656	-0.0432155124185	-0.0025786349757	-0.0497727598153
k__Bacteria;p__Firmicutes;c__Clostridia;o__Clostridiales;f__Lachnospiraceae;g__Roseburia;s__Roseburia_intestinalis	-0.00704865783	-0.0222328911732	0.0417081850041	-0.0353614908687	0.0295386603107	0.0309696212559	-0.0309367803207	0.0115140339502	0.010800306202	-0.0785280761611	-0.049463590046	0.0118412940629	0.00647406248765	-0.0350363795427	-0.00871098879299	0.0301535026509	-0.0265536200772	0.018477547192	0.00174335199275	-0.0373923994355	0.0901544626996	-0.0671804281663	-0.0892364686104	0.00342839087323	0.0566842130168	-0.0314573727258	1.0	-0.0309404597134	-0.0169167316662	-0.0419130517066	-0.0361782030038	-0.0238294645273	-0.0453977748171	-0.0114166015419	-0.00579067731189	0.00598869326777	-0.114034224031	0.0879500342463	0.000505729038903	0.0374300827925	-0.0246933488178	0.0102300170396	-0.0169177606488	0.0187048771339	-0.041504799695	0.00499844897788	0.077056850121	0.000302210814209	0.0668624031439	0.0450178785959	0.0489890617212	0.0111267343967	0.0144060552369	-0.0990480349652	-0.000597123588136	0.00746037818271	0.0237500552196	-0.0385075539688	0.00192027998249
k__Bacteria;p__Firmicutes;c__Clostridia;o__Clostridiales;f__Lachnospiraceae;g__Roseburia;s__Roseburia_hominis	0.0313282738022	-0.0073271982939	-0.00706536178137	-0.0497113409341	0.0545591811141	-0.0621146577698	-0.044160582636	0.0147577198898	-0.0108839744122	-0.0293823540074	0.114023847159	0.0021957540275	0.0287452548915	-0.00866623108989	-0.00892959723296	-0.0210140173866	0.0523747804312	0.0574059077514	0.0604586144222	0.0574412323691	-0.0302542579462	-0.103677348104	-0.112800349658	0.0630253741629	-0.0283163663088	0.0584437206687	-0.0309404597134	1.0	0.0212328181088	0.00733214297718	-0.0535580571852	-0.0416367313254	-0.0368526181978	-0.0411770426469	0.010434973981	-0.0584008235134	-0.00368282316228	0.0570555429935	0.0191833205413	-0.0163137617534	0.0711853988334	-0.0439285221008	0.00269538364153	-0.0474101259575	0.00952077173254	-0.0138034961882	-0.0446366295294	0.0214633480135	-0.0325448112413	0.000884267061631	0.0565699059602	0.0114051479848	-0.00272004267954	0.0145865020768	0.00192641486869	-0.0474752975898	-0.0496488302323	-0.0469902096527	-0.0875144940001
k__Bacteria;p__Bacteroidetes;c__Bacteroidia;o__Bacteroidales;f__Porphyromonadaceae;g__Parabacteroides;s__Parabacteroides_johnsonii	0.080449820829	-0.0298683027747	-0.0578414848908	-0.0494235575898	-0.034475487623	-0.0174172858836	-0.0507816153454	0.0174468645156	-0.0603024599556	0.0218099206646	-0.0185825368132	0.0404577197599	0.0123753605503	-0.0659442619408	-0.00706997435569	0.00391380999093	0.0102386360175	0.0416940258506	-0.0757188270944	-0.0256470192664	-0.0300332936699	0.0984187322288	-0.0169869404991	0.0126749309913	-0.0651052193812	-0.00186569463275	-0.0169167316662	0.0212328181088	1.0	-0.050917473021	0.0292246736551	0.0399234626493	-0.0454501524054	-0.0393104718159	-0.0022088968824	-0.0594843640063	0.0108887309795	0.0189240230115	-0.0437932752638	-0.0246035374047	-0.0178223861335	0.00442812562929	-0.026914399589	0.00717635654521	-0.00867134803507	0.0160679577123	-0.0406297394966	-0.0230424101303	-0.0372081609878	-0.0327130058304	0.0384771152818	0.0375681322151	-0.00686618888305	-0.0648928152928	-0.0824565967238	-0.000160611690194	0.0966675562117	-0.108191973373	-0.0158532535533
k__Bacteria;p__Actinobacteria;c__Actinobacteria;o__Bifidobacteriales;f__Bifidobacteriaceae;g__Bifidobacterium;s__Bifidobacterium_longum	-0.0130940047685	0.017909169183	-0.0520383402983	-0.048466921876	-0.0191298818917	-0.013583128361	-0.0141331962469	-0.00781824019171	-0.00795053504835	0.0158968971855	-0.0463018880607	-0.0132045766263	-0.017780334488	-0.0472860848176	-0.00319371135167	-0.00823055595606	-0.0347838102337	-0.00228208424237	0.0020818488852	-0.0224566496979	-0.0253623900228	0.031770253253	0.0603100073591	0.00719412112175	-0.0421626161293	-0.0430996611114	-0.0419130517066	0.00733214297718	-0.050917473021	1.0	-0.0187824815432	-0.0519130446432	-0.0169264947054	0.00217940396845	-0.0539347778852	0.0280906421067	-0.0197012502989	0.0279349309699	0.00883695560301	-0.00401761963183	-0.0134489931711	0.0261348197593	-0.0212463142139	0.0613598424592	-0.0396489393838	-0.0433965156411	-0.0242414632167	0.0259714624752	-0.0464671558648	-0.0776132617613	-0.0392699549197	0.0453101826016	0.0134495650367	0.00210541691871	-0.0216723512585	0.0340256804997	-0.0273544754983	-0.0320498504297	0.0296742984157
