#taxonomy	k__Bacteria;p__Bacteroidetes;c__Bacteroidia;o__Bacteroidales;f__Bacteroidaceae;g__Bacteroides;s__Bacteroides_vulgatus	k__Bacteria;p__Bacteroidetes;c__Bacteroidia;o__Bacteroidales;f__Bacteroidaceae;g__Bacteroides;s__Bacteroides_uniformis	k__Bacteria;p__Bacteroidetes;c__Bacteroidia;o__Bacteroidales;f__Rikenellaceae;g__Alistipes;s__Alistipes_putredinis	k__Bacteria;p__Bacteroidetes;c__Bacteroidia;o__Bacteroidales;f__Prevotellaceae;g__Prevotella;s__Prevotella_copri	k__Bacteria;p__Bacteroidetes;c__Bacteroidia;o__Bacteroidales;f__Bacteroidaceae;g__Bacteroides;s__Bacteroides_stercoris	k__Bacteria;p__Bacteroidetes;c__Bacteroidia;o__Bacteroidales;f__Bacteroidaceae;g__Bacteroides;s__Bacteroides_ovatus	k__Bacteria;p__Bacteroidetes;c__Bacteroidia;o__Bacteroidales;f__Rikenellaceae;g__Alistipes;s__Alistipes_shahii	k__Bacteria;p__Firmicutes;c__Clostridia;o__Clostridiales;f__Ruminococcaceae;g__Faecalibacterium;s__Faecalibacterium_prausnitzii	k__Bacteria;p__Bacteroidetes;c__Bacteroidia;o__Bacteroidales;f__Rikenellaceae;g__Alistipes;s__Alistipes_finegoldii	k__Bacteria;p__Bacteroidetes;c__Bacteroidia;o__Bacteroidales;f__Porphyromonadaceae;g__Parabacteroides;s__Parabacteroides_distasonis	k__Bacteria;p__Bacteroidetes;c__Bacteroidia;o__Bacteroidales;f__Bacteroidaceae;g__Bacteroides;s__Bacteroides_thetaiotaomicron	k__Bacteria;p__Bacteroidetes;c__Bacteroidia;o__Bacteroidales;f__Bacteroidaceae;g__Bacteroides;s__Bacteroides_coprocola	k__Bacteria;p__Bacteroidetes;c__Bacteroidia;o__Bacteroidales;f__Bacteroidaceae;g__Bacteroides;s__Bacteroides_cellulosilyticus	k__Bacteria;p__Bacteroidetes;c__Bacteroidia;o__Bacteroidales;f__Rikenellaceae;g__Alistipes;s__Alistipes_obesi	k__Bacteria;p__Firmicutes;c__Clostridia;o__Clostridiales;f__Lachnospiraceae;g__;s__[Eubacterium]_rectale	k__Bacteria;p__Bacteroidetes;c__Bacteroidia;o__Bacteroidales;f__Bacteroidaceae;g__Bacteroides;s__Bacteroides_plebeius	k__Bacteria;p__Bacteroidetes;c__Bacteroidia;o__Bacteroidales;f__Bacteroidaceae;g__Bacteroides;s__Bacteroides_fragilis	k__Bacteria;p__Proteobacteria;c__Betaproteobacteria;o__Burkholderiales;f__Sutterellaceae;g__Sutterella;s__Sutterella_wadsworthensis	k__Bacteria;p__Bacteroidetes;c__Bacteroidia;o__Bacteroidales;f__Porphyromonadaceae;g__Barnesiella;s__Barnesiella_intestinihominis	k__Bacteria;p__Bacteroidetes;c__Bacteroidia;o__Bacteroidales;f__Odoribacteraceae;g__Odoribacter;s__Odoribacter_splanchnicus	k__Bacteria;p__Bacteroidetes;c__Bacteroidia;o__Bacteroidales;f__Bacteroidaceae;g__Bacteroides;s__Bacteroides_salyersiae	k__Bacteria;p__Firmicutes;c__Clostridia;o__Clostridiales;f__Ruminococcaceae;g__Ruminiclostridium;s__[Eubacterium]_siraeum	k__Bacteria;p__Proteobacteria;c__Betaproteobacteria;o__Burkholderiales;f__Sutterellaceae;g__Parasutterella;s__Parasutterella_excrementihominis	k__Bacteria;p__Actinobacteria;c__Actinobacteria;o__Bifidobacteriales;f__Bifidobacteriaceae;g__Bifidobacterium;s__Bifidobacterium_adolescentis	k__Bacteria;p__Firmicutes;c__Clostridia;o__Clostridiales;f__Oscillospiraceae;g__Oscillibacter;s__Oscillibacter_sp._KLE_1745	k__Bacteria;p__Bacteroidetes;c__Bacteroidia;o__Bacteroidales;f__Bacteroidaceae;g__Bacteroides;s__Bacteroides_coprophilus	k__Bacteria;p__Firmicutes;c__Clostridia;o__Clostridiales;f__Lachnospiraceae;g__Roseburia;s__Roseburia_intestinalis	k__Bacteria;p__Firmicutes;c__Clostridia;o__Clostridiales;f__Lachnospiraceae;g__Roseburia;s__Roseburia_hominis	k__Bacteria;p__Bacteroidetes;c__Bacteroidia;o__Bacteroidales;f__Porphyromonadaceae;g__Parabacteroides;s__Parabacteroides_johnsonii	k__Bacteria;p__Actinobacteria;c__Actinobacteria;o__Bifidobacteriales;f__Bifidobacteriaceae;g__Bifidobacterium;s__Bifidobacterium_longum	k__Bacteria;p__Firmicutes;c__Clostridia;o__Clostridiales;f__;g__Flavonifractor;s__Flavonifractor_plautii	k__Bacteria;p__Firmicutes;c__Clostridia;o__Clostridiales;f__Clostridiaceae;g__Clostridium;s__Clostridium_phoceensis	k__Bacteria;p__Verrucomicrobia;c__Verrucomicrobiae;o__Verrucomicrobiales;f__Akkermansiaceae;g__Akkermansia;s__Akkermansia_muciniphila	k__Bacteria;p__Bacteroidetes;c__Bacteroidia;o__Bacteroidales;f__Prevotellaceae;g__Paraprevotella;s__Paraprevotella_xylaniphila	k__Bacteria;p__Firmicutes;c__Clostridia;o__Clostridiales;f__Ruminococcaceae;g__Ruminococcus;s__Ruminococcus_callidus	k__Bacteria;p__Bacteroidetes;c__Bacteroidia;o__Bacteroidales;f__Rikenellaceae;g__Alistipes;s__Alistipes_senegalensis	k__Bacteria;p__Firmicutes;c__Clostridia;o__Clostridiales;f__Lachnospiraceae;g__Blautia;s__Blautia_sp._KLE_1732	k__Bacteria;p__Bacteroidetes;c__Bacteroidia;o__Bacteroidales;f__Bacteroidaceae;g__Bacteroides;s__Bacteroides_oleiciplenus	k__Bacteria;p__Firmicutes;c__Clostridia;o__Clostridiales;f__Ruminococcaceae;g__Ruminococcus;s__Ruminococcus_bicirculans	k__Bacteria;p__Bacteroidetes;c__Bacteroidia;o__Bacteroidales;f__Bacteroidaceae;g__Bacteroides;s__Bacteroides_fluxus	k__Bacteria;p__Bacteroidetes;c__Bacteroidia;o__Bacteroidales;f__Prevotellaceae;g__Prevotella;s__Prevotella_stercorea	k__Bacteria;p__Firmicutes;c__Clostridia;o__Clostridiales;f__Lachnospiraceae;g__Dorea;s__Dorea_longicatena	k__Bacteria;p__Firmicutes;c__Clostridia;o__Clostridiales;f__Eubacteriaceae;g__Eubacterium;s__[Eubacterium]_eligens	k__Bacteria;p__Firmicutes;c__Clostridia;o__Clostridiales;f__Ruminococcaceae;g__;s__Ruminococcaceae_bacterium_D16	k__Bacteria;p__Firmicutes;c__Clostridia;o__Clostridiales;f__Lachnospiraceae;g__Coprococcus;s__Coprococcus_comes	k__Bacteria;p__Proteobacteria;c__Gammaproteobacteria;o__Enterobacterales;f__Enterobacteriaceae;g__Escherichia;s__Escherichia_coli	k__Bacteria;p__Firmicutes;c__Clostridia;o__Clostridiales;f__Ruminococcaceae;g__Anaerotruncus;s__Anaerotruncus_colihominis	k__Bacteria;p__Firmicutes;c__Clostridia;o__Clostridiales;f__Lachnospiraceae;g__Blautia;s__Blautia_obeum	k__Bacteria;p__Bacteroidetes;c__Bacteroidia;o__Bacteroidales;f__Odoribacteraceae;g__Odoribacter;s__Odoribacter_laneus	k__Bacteria;p__Firmicutes;c__Clostridia;o__Clostridiales;f__Ruminococcaceae;g__Ruminiclostridium;s__[Clostridium]_leptum	k__Bacteria;p__Bacteroidetes;c__Bacteroidia;o__Bacteroidales;f__Porphyromonadaceae;g__Parabacteroides;s__Parabacteroides_goldsteinii	k__Bacteria;p__Firmicutes;c__Clostridia;o__Clostridiales;f__Lachnospiraceae;g__Anaerostipes;s__Anaerostipes_hadrus	k__Bacteria;p__Firmicutes;c__Clostridia;o__Clostridiales;f__Ruminococcaceae;g__Ruminococcus;s__Ruminococcus_lactaris	k__Bacteria;p__Firmicutes;c__Clostridia;o__Clostridiales;f__Clostridiaceae;g__Clostridium;s__Clostridium_sp._L2-50	k__Bacteria;p__Firmicutes;c__Clostridia;o__Clostridiales;f__Clostridiaceae;g__Clostridium;s__Clostridium_sp._M62/1	k__Bacteria;p__Firmicutes;c__Clostridia;o__Clostridiales;f__;g__Intestinimonas;s__Intestinimonas_butyriciproducens	k__Bacteria;p__Actinobacteria;c__Actinobacteria;o__Bifidobacteriales;f__Bifidobacteriaceae;g__Bifidobacterium;s__Bifidobacterium_bifidum	k__Bacteria;p__Firmicutes;c__Negativicutes;o__Veillonellales;f__Veillonellaceae;g__Dialister;s__Dialister_invisus	k__Bacteria;p__Bacteroidetes;c__Bacteroidia;o__Bacteroidales;f__Bacteroidaceae;g__Bacteroides;s__Bacteroides_salanitronis
k__Bacteria;p__Bacteroidetes;c__Bacteroidia;o__Bacteroidales;f__Bacteroidaceae;g__Bacteroides;s__Bacteroides_vulgatus	1.0	-0.040981979818	-0.0182648532021	-0.0274326322858	-0.029486601854	-0.0032491750528	0.0304524925321	-0.0234463863546	-0.0396407069125	-0.0199484818306	0.0173735110717	-0.019388669907	-0.036046679145	-0.044859485478	-0.0281915231721	0.076700028133	-0.0378119306564	0.0753319281212	0.0400395567507	-0.0140659598334	0.0152829769733	-0.00116281971685	-0.0291568367574	-0.0160645076566	0.0462661827741	-0.0421403244341	0.050569411303	-0.0831891521817	-0.0558132251535	0.0724418489198	-0.00820104602491	0.0253600233729	-0.000163456844989	-0.00790103452222	-0.0539634837408	-0.00738823785602	-0.0124424906037	0.0219051520865	-0.0609717109703	0.0420075938393	0.0612688901237	-0.00167398835903	-0.0170323908784	-0.0690602557009	-0.0150696040578	-0.0658176273837	0.0111624227414	0.0650971252493	-0.045837075357	0.00952042802035	-0.00504114818566	0.000513231481203	-0.0803418625062	0.00740282002108	0.00855253100017	-0.0356719243541	-0.0520924216452	0.0935543327714	-0.0322385289258
k__Bacteria;p__Bacteroidetes;c__Bacteroidia;o__Bacteroidales;f__Bacteroidaceae;g__Bacteroides;s__Bacteroides_uniformis	-0.040981979818	1.0	0.00342301893244	-0.0638241848527	0.0589785328995	-0.0080218888128	-0.0202973387237	0.00523566390314	0.035204938669	0.0381733047998	0.0438428953532	0.0215850403763	0.00632883908964	0.0375511483718	-0.014399933489	-0.00551724552362	-0.00926601408923	0.0866391441214	-0.0608932618236	-0.0457542703819	-0.072724490694	0.0282575770388	0.0929834795422	0.0258554415668	-0.0216379237056	0.0643430590009	-0.0574822786787	-0.0914412875475	-0.0722533191875	0.0178927687747	-0.0205694054908	-0.060737274562	-0.127701441404	-0.0543702622683	-0.0288906496274	-0.0601884790025	0.027918106521	-0.000916457596453	-0.0645833941125	-0.0261326318273	0.0408783126368	0.00845374555363	-0.00257686044231	-0.0705399999106	-0.0108493868352	0.026982114922	-0.0672524693475	-0.0413288201039	-0.0364157889875	-0.000547938090622	0.0113163416545	0.0100370566545	0.0183082652496	-0.00334400009259	0.0120805501706	-0.0571653066026	-0.0261286417669	-0.0287935341361	0.0155961273664
k__Bacteria;p__Bacteroidetes;c__Bacteroidia;o__Bacteroidales;f__Rikenellaceae;g__Alistipes;s__Alistipes_putredinis	-0.0182648532021	0.00342301893244	1.0	-0.00798128453351	-0.035600007316	-0.0146137132816	-0.0379821625679	-0.0172326654068	0.0261179974118	-0.0205022939973	-0.0217101954168	0.0365904538609	0.00432274648509	-0.0149633465057	-0.0302035760405	0.0241378629015	-0.110104215526	0.03108469365	-0.02134835524	-0.0147452057811	-0.00427196655866	-0.0131838778016	0.0178770842364	0.0626190622943	0.0013133356402	-0.0277934846855	0.0223709372181	-0.0302326142696	-0.0319179728929	0.0850267331396	0.0142906184814	-0.0115816410786	-0.0452877329176	0.00677996867611	-0.0266622590034	-0.0328287628464	0.0551227014004	0.00881692458136	-0.0177916083638	-0.00316139427236	-0.00902955046245	0.0716069321846	0.00276273235859	-0.0577792304537	-0.053303556797	-0.0146590852167	-0.0739532184101	0.0285041417642	-0.0593034729448	-0.0047528797772	-0.0341802733394	-0.0538300288569	-0.0104526430696	0.034119622816	-0.0514998376545	0.0318249822498	0.0293893381744	-0.0271180951894	-0.133745675074
k__Bacteria;p__Bacteroidetes;c__Bacteroidia;o__Bacteroidales;f__Prevotellaceae;g__Prevotella;s__Prevotella_copri	-0.0274326322858	-0.0638241848527	-0.00798128453351	1.0	-0.0272463058226	0.0159645517328	-0.0812834995558	-0.00966776330973	0.00586366805461	-0.0418342079247	0.0231413413408	-0.0114595876874	0.0105174851101	0.000422671957508	-0.0160408265905	-0.0266827173526	-0.0541868658261	-0.0293451581502	0.0300504999885	-0.0344407850877	-0.00162514136033	-0.0454669790326	-0.0414136086974	0.00481129282686	0.0615119604676	-0.0275999753827	-0.0723757048312	0.00985267900183	-0.0610413603864	0.0109618243916	-0.0626325906428	-0.0118964939215	0.0104684135455	0.030959598118	-0.0226695820937	-0.0682502499136	-0.0416315690978	-0.00997180502328	-0.0654153991765	-0.00512715808397	-0.0326674492157	-0.0776594456051	0.0922645191347	-0.0189514481449	0.00296233624665	0.0343391910005	0.0757942037223	0.0419110871769	0.0479316214087	-0.0647504522903	-0.0340163651456	-0.0260640649448	-0.00703236267638	-0.0477838505187	0.00978222883251	-0.00321325601031	0.0199333654938	-0.0321559110125	-0.0321159076315
k__Bacteria;p__Bacteroidetes;c__Bacteroidia;o__Bacteroidales;f__Bacteroidaceae;g__Bacteroides;s__Bacteroides_stercoris	-0.029486601854	0.0589785328995	-0.035600007316	-0.0272463058226	1.0	-0.00729693913036	0.000650330654926	-0.0554254960651	0.012352536256	-0.0226557109373	0.0246752777669	0.00247237901392	0.0501908568714	-0.013165182473	0.00939477966089	-0.0301119780431	-0.0781833228447	0.0259673655482	-0.00581994926645	-0.0141599447822	-0.0546245102805	-0.056839737228	-0.0283892993383	-0.00955499022581	-0.0296248030881	0.0279451613668	-0.0272020660964	0.0198942874632	0.00603546703184	-0.000616582198645	-0.0783075990697	-0.0398654734718	0.0183505796397	0.0531238463612	-0.0743389144913	-0.0434748211295	-0.0259567355383	0.0901225355949	-0.0592291143428	0.0053417164436	-0.0247710345525	-0.0378796856287	-0.02522117789	-0.00425596997539	0.0826713260962	0.0146523175426	0.0127572592208	0.0396772564768	0.00071400713722	-0.0388352194742	0.0471378806499	-0.0445859880431	0.00867390905964	-0.0140318441017	0.0482254672958	-0.0316427797562	-0.047179535024	0.00793112389305	-0.0319915466891
k__Bacteria;p__Bacteroidetes;c__Bacteroidia;o__Bacteroidales;f__Bacteroidaceae;g__Bacteroides;s__Bacteroides_ovatus	-0.0032491750528	-0.0080218888128	-0.0146137132816	0.0159645517328	-0.00729693913036	1.0	-0.00366937264396	-0.026075612931	-0.0299390569977	-0.0523831890449	-0.0237868344429	0.00249479862585	-0.00850991390861	-0.0339333947978	0.00984809003147	0.0306429844396	-0.000512549242616	0.0112672414805	-0.0451450402231	-0.043584743348	-0.0361941870286	-0.0696665695101	-0.0170491658708	-0.0063559957881	-0.054480617249	0.0207388115643	-0.0269029111997	0.0233666994924	0.0426649329703	-0.101559776276	0.00958654976912	-0.0653158301358	0.0325173624781	0.0178072684294	-0.0270789492015	0.0756603734201	0.0177771833543	-0.0103750940955	0.00759605567229	0.0470840493338	-0.00636747466363	-0.125457584363	-0.0356476790579	0.0204609355242	-0.0328717864007	0.0471050758328	-0.0292415835262	0.120799493421	-0.0122233420959	-0.00827713848484	-0.0448766060273	-0.0709303968626	-0.0829001208479	-0.0252407404605	-0.0408034228376	-0.0931670589791	-0.0417937681017	-0.0148952845908	-0.0902692332044
k__Bacteria;p__Bacteroidetes;c__Bacteroidia;o__Bacteroidales;f__Rikenellaceae;g__Alistipes;s__Alistipes_shahii	0.0304524925321	-0.0202973387237	-0.0379821625679	-0.0812834995558	0.000650330654925	-0.00366937264396	1.0	-0.00948967401446	-0.0661575351061	-0.026704069728	0.023453516877	-0.0875496202411	-0.0721443422218	0.014408228907	0.0313149103811	-0.0177779366354	0.0433177917653	-0.0302448346268	-0.120380529218	-0.00896690196191	0.00346796010772	-0.0249601673035	-0.00958061015479	-0.080754043861	0.0504536326334	-0.0217953067759	-0.0313934861891	-0.020534031468	0.000233842546936	-0.0146669941211	-0.0663841098828	-0.00401163574022	0.0533851603897	-0.0234940439676	0.0214118013272	0.02639240237	-0.037416106658	-0.0279416889073	0.0204818655682	0.0226081752186	0.048062970738	0.0222110901597	-0.118970487683	0.0515693302497	0.0303741171764	-0.0513057324823	0.031717341673	0.0144454711115	-0.038841268723	-0.0282673561256	-0.0050584423965	0.034652922284	-0.0410269018094	-0.0196420480376	-0.0894332908119	0.0405268496772	0.0906346498099	-0.0549669456667	0.0270415184486
k__Bacteria;p__Firmicutes;c__Clostridia;o__Clostridiales;f__Ruminococcaceae;g__Faecalibacterium;s__Faecalibacterium_prausnitzii	-0.0234463863546	0.00523566390314	-0.0172326654068	-0.00966776330973	-0.0554254960651	-0.026075612931	-0.00948967401446	1.0	0.00993211025218	0.0242858394701	-0.0150724601486	-0.0578684744237	0.0342533811582	0.0287494566551	0.0417406757439	-0.0222583651542	-0.0261979041407	-0.0179583921076	-0.0245913249133	0.0378142586776	-0.0215138204711	0.0489483446521	-0.0233255522288	0.0054681832298	-0.0258105975746	-0.025946976624	-0.0530256281059	-0.0103247685386	-0.0625704903421	0.0129678523498	0.103062373112	0.0653725890433	0.00997885246095	0.00725529759917	-0.0133473785522	0.0547445769656	-0.0619881804351	-0.028900033993	-0.0790544083864	-0.0345398784201	-0.075739062918	-0.0301888012413	0.0550863352549	-0.0289234900447	0.0284344437593	0.0635567952091	-0.0513486281029	0.00627630248974	-0.0439947326097	-0.0753749815926	0.0246373915686	0.031780171577	-0.0565945909083	-0.0782634603271	-0.0406237873632	-0.0838888224497	-0.00167331859349	-0.062056184802	-0.0483785276581
k__Bacteria;p__Bacteroidetes;c__Bacteroidia;o__Bacteroidales;f__Rikenellaceae;g__Alistipes;s__Alistipes_finegoldii	-0.0396407069125	0.035204938669	0.0261179974118	0.00586366805461	0.012352536256	-0.0299390569977	-0.0661575351061	0.00993211025218	1.0	-0.0471552359487	-0.0463697688616	0.0502706511351	0.0102289056027	0.0100264484832	-0.000524013625389	-0.00104354221125	-0.0174990545537	-0.0367013830752	-0.00866722803335	0.0536315146612	0.00440206888085	-0.0088582442455	-0.00396332836451	0.0187534156296	0.00253574405308	-0.0247057453664	-0.000465313373533	-0.0376279862	0.0035346619443	-0.00831400845498	-0.0424771777787	-0.0841248728498	0.00498728357239	-0.0172828765543	-0.0533447161123	-0.0222684024464	-0.046443068512	0.0141009640013	-0.00235379887437	-0.0253400459169	-0.081959711069	0.0438761146075	-0.0638682551068	-0.0164543964057	0.0197993633251	0.0336272300078	-0.0305107876231	0.00381714277594	0.0328545190068	-0.0591743111949	-0.0240147892679	-0.010122062774	-0.0434507225365	0.0484539295722	-0.0547222272073	-0.0150795075827	-0.0504726821276	-0.00541355070294	-0.0572142707649
k__Bacteria;p__Bacteroidetes;c__Bacteroidia;o__Bacteroidales;f__Porphyromonadaceae;g__Parabacteroides;s__Parabacteroides_distasonis	-0.0199484818306	0.0381733047998	-0.0205022939973	-0.0418342079247	-0.0226557109373	-0.0523831890449	-0.026704069728	0.0242858394701	-0.0471552359487	1.0	0.034516177098	-0.00971747367221	-0.0671111157711	-0.0346960473732	0.00322217664713	0.0621689130924	-0.0633360385806	-0.11255732149	0.0262833052772	-0.0205000406536	-0.0553384677643	-0.0439336143304	0.0779431179194	0.0184833708677	-0.0464289957526	0.0802922368336	-0.004894423861	0.00928335158105	-0.0208363840831	0.043897333285	-0.0420018022866	0.0523394432788	-0.0192878711613	-0.0459116507227	0.0832971996692	0.0529393931393	0.01646458678	0.112079436246	-0.00730229822484	-0.0193365059262	-0.0296491972889	0.0432000753572	0.0026986786099	-0.00308104604127	-0.00904678715891	0.00851707710552	-0.0109206174663	-0.0404698461745	-0.0392904073972	-0.0658247082297	-0.0363475665196	-0.0104217891797	-0.0115339484754	0.0514006128523	-0.0956143438519	-0.0407943475717	-0.0519960823831	-0.0292009952409	0.0500426229128
k__Bacteria;p__Bacteroidetes;c__Bacteroidia;o__Bacteroidales;f__Bacteroidaceae;g__Bacteroides;s__Bacteroides_thetaiotaomicron	0.0173735110717	0.0438428953532	-0.0217101954168	0.0231413413408	0.0246752777669	-0.0237868344429	0.023453516877	-0.0150724601486	-0.0463697688616	0.034516177098	1.0	-0.00667731760399	-0.0601668159959	-0.0131118035314	0.0528729272915	-0.0746648594749	-0.0255179582596	-0.0603482145879	-0.0257818823532	0.00610791019854	0.00365916321543	0.0090956826951	-0.0144352906755	-0.00227906192446	-0.0830730892925	-0.0913016700382	0.0160832954877	0.00368166868275	-0.0591180948749	-0.0692494452371	0.0016608951355	-0.00980587471968	0.0436740852569	-0.0866154640368	-0.0132331879812	0.0299782659481	0.000827552680365	-0.0564674774388	-0.0573146353678	-0.0304651682133	-0.0167717920507	-0.00140108246951	-0.0443336420365	-0.0187306236782	-0.0488799767589	0.00972103145177	-0.063285037878	-0.0737232858622	-0.0110510344499	-0.0106818863674	-0.0890612916226	0.0599415872529	-0.050411074835	0.0172016338111	-0.0278313445346	0.0372172287198	0.00055402436849	0.0469244410743	0.0373920501829
k__Bacteria;p__Bacteroidetes;c__Bacteroidia;o__Bacteroidales;f__Bacteroidaceae;g__Bacteroides;s__Bacteroides_coprocola	-0.019388669907	0.0215850403763	0.0365904538609	-0.0114595876874	0.00247237901392	0.00249479862585	-0.0875496202411	-0.0578684744237	0.0502706511351	-0.00971747367221	-0.00667731760399	1.0	0.0238625466258	-0.0194637248432	-0.0462508653198	0.0031371773641	-0.0550126457645	-0.014752032071	0.0566016092461	-0.00649830312652	0.00213552072176	-0.0511587239861	-0.0489948404369	0.021708670564	0.0351964039247	-0.0198093911107	-0.0146937290263	-0.0329016560483	-0.0160227554844	-0.02187715547	-0.00891254803899	-0.0498146524068	-0.046189135952	-0.00457176357605	0.0627682379871	-0.0611576264001	0.0297992619978	-0.0736175822073	0.0936281734913	-0.0566405795128	-0.0592186448995	-0.00231427764688	-0.0832489078907	-0.00944695876581	0.00136494311439	-0.0452586186915	-0.00785737993736	-0.096539117068	-0.104236982893	-0.0339744434164	-0.06099348722	0.0797766410715	-0.0192365061658	-0.0598979084268	0.0447475355262	-0.0566113372784	-0.00816693631092	-0.00225027002559	-0.0316143163891
k__Bacteria;p__Bacteroidetes;c__Bacteroidia;o__Bacteroidales;f__Bacteroidaceae;g__Bacteroides;s__Bacteroides_cellulosilyticus	-0.036046679145	0.00632883908964	0.00432274648509	0.0105174851101	0.0501908568714	-0.00850991390861	-0.0721443422218	0.0342533811582	0.0102289056027	-0.0671111157711	-0.0601668159959	0.0238625466258	1.0	0.00296183453826	-0.0543269527028	0.0287598381374	0.00775548413062	-0.0493913694217	0.0634175662603	-0.0524709643124	-0.0567367083095	-0.0114333580368	0.0192084171468	-0.0314431204659	-0.0188772644621	0.0426573745693	-0.060914307452	-0.0161171086471	-0.0236233304279	-0.081547114039	0.0046526686101	-0.00481421741989	-0.0224259523667	-0.0232216124964	-0.0423660791165	-0.0400506729065	-0.00835943017457	0.00839201029213	-0.0028335980822	-0.0503990336875	0.0364170361538	-0.00617160675035	-0.0131573920521	-0.0389548597217	0.018671606045	-0.0267919351187	0.0658810715247	-0.0348487194183	-0.0110460366161	-0.0370781286321	-0.0198610861414	-0.00292621983093	-0.0154160553732	-0.0149553085897	0.0130251507621	-0.0148775859922	-0.0874864347689	0.0249930342752	0.0428385952739
k__Bacteria;p__Bacteroidetes;c__Bacteroidia;o__Bacteroidales;f__Rikenellaceae;g__Alistipes;s__Alistipes_obesi	-0.044859485478	0.0375511483718	-0.0149633465057	0.000422671957508	-0.013165182473	-0.0339333947978	0.014408228907	0.0287494566551	0.0100264484832	-0.0346960473732	-0.0131118035314	-0.0194637248432	0.00296183453826	1.0	0.000170364216259	0.0507052846271	0.00245245901142	0.0499886657737	-0.0114610596857	-0.0264617954736	0.0223247955725	-0.0491874038382	0.0327263401951	0.00847272331488	0.0671128322367	-0.0629296961919	-0.0247468462191	0.0101805117768	-0.00841661264045	-0.0674986727558	-0.0792637803	-0.110150218489	-0.0519942623977	-0.0629608198548	0.00461911413845	0.0506238877365	0.0649134815627	-0.0415855392146	-0.0815053291646	0.0447682293851	-0.021286957164	-0.0198911949064	-0.00461656155951	-0.00898160701752	-0.0613850599275	-0.0357113460538	-0.0537273174869	0.0104214721863	0.0585108963147	-0.0122554055762	0.0333242464324	0.0796108161765	-0.0373301425645	-0.0233380332226	0.00432872619391	0.027098911439	-0.0177811754991	-0.0141067940418	-0.0136379483875
k__Bacteria;p__Firmicutes;c__Clostridia;o__Clostridiales;f__Lachnospiraceae;g__;s__[Eubacterium]_rectale	-0.0281915231721	-0.014399933489	-0.0302035760405	-0.0160408265905	0.00939477966089	0.00984809003147	0.0313149103811	0.0417406757439	-0.000524013625389	0.00322217664713	0.0528729272915	-0.0462508653198	-0.0543269527028	0.000170364216259	1.0	-0.0331245278115	-0.0769484085975	-0.00504612318455	-0.0284657935497	-0.00871502313156	-0.0258443120568	-0.00133734180502	0.0163876360731	-0.000295026787396	0.0526330756678	-0.0365262959859	-0.0566421848817	-0.0590916807615	0.0119748969211	0.0334773035218	-0.0200580936988	-0.0245746975674	0.019667824115	0.0125516608256	0.0513685061565	0.0951329677681	-0.00439946416386	0.045337918226	0.00750161171253	-0.0291390254213	0.0608661019642	0.00477583377821	0.0129952129756	-0.0407892304449	-0.0295175559317	0.0886871492988	0.00399029703244	-0.033579497367	-0.0477867907573	-0.0190086157121	0.0412830274378	-0.0539608310604	-0.0951670848976	0.0963563085504	0.000582625644187	0.0267841300434	-0.00112008302648	-0.0648424329291	-0.0314661538794
k__Bacteria;p__Bacteroidetes;c__Bacteroidia;o__Bacteroidales;f__Bacteroidaceae;g__Bacteroides;s__Bacteroides_plebeius	0.076700028133	-0.00551724552362	0.0241378629015	-0.0266827173526	-0.0301119780431	0.0306429844396	-0.0177779366354	-0.0222583651542	-0.00104354221125	0.0621689130924	-0.0746648594749	0.0031371773641	0.0287598381374	0.0507052846271	-0.0331245278115	1.0	-0.0322545113259	0.103417512308	-0.0648282705912	-0.00521595145362	-0.0423644036439	0.000112661047688	-0.0158025538296	-0.0951196883601	-0.0843758891609	-0.0439902887924	-0.00541865386776	0.082841013484	0.00355616179362	-0.0300246255124	0.000651113921002	-0.0241115841516	-0.0148708641303	0.0122193882054	0.021739642786	0.0605995610264	0.0025461616345	-0.0527248600282	0.123886199272	-0.106881121745	-0.0369757178227	0.0719649428932	-0.0544655915838	-0.0722147771631	-0.00774388519451	-0.00105704572485	-0.0228652721239	0.00861474314375	-0.0382969368755	-0.00832975375115	-0.0522750769008	-0.0363563615671	-0.0159324429241	-0.0392143946062	-0.0201077701278	-0.077234800283	-0.0873023429872	-0.0184083077068	-0.0169541496724
k__Bacteria;p__Bacteroidetes;c__Bacteroidia;o__Bacteroidales;f__Bacteroidaceae;g__Bacteroides;s__Bacteroides_fragilis	-0.0378119306564	-0.00926601408923	-0.110104215526	-0.0541868658261	-0.0781833228447	-0.000512549242616	0.0433177917653	-0.0261979041407	-0.0174990545537	-0.0633360385806	-0.0255179582596	-0.0550126457645	0.00775548413062	0.00245245901142	-0.0769484085975	-0.0322545113259	1.0	-0.0763759635155	0.0453255849259	-0.0245981446319	0.0301352247607	-0.00555063919806	-0.0473154511786	0.069541834017	0.0212269542928	0.00426123784288	0.0350939095727	0.0385490330002	-0.0646284722188	-0.0374791474011	0.07796750416	0.0022816225446	-0.00971903833036	-0.0184533657977	0.0697899268666	-0.0333509834756	0.0508203533993	-0.098265784607	0.0346547239184	-0.00394251237581	0.0320781307449	-0.00877134877196	-0.0446788638707	0.0277383334508	0.0211319196992	0.0212006039015	0.0108778011236	0.0100905065048	-0.0390929937914	-0.00473628204365	-0.0493253697296	0.00757757515059	-0.00220788496543	-0.0232275636656	-0.0078896575319	-0.0608764876128	-0.0812105329915	-0.0471805864392	0.0177957597058
k__Bacteria;p__Proteobacteria;c__Betaproteobacteria;o__Burkholderiales;f__Sutterellaceae;g__Sutterella;s__Sutterella_wadsworthensis	0.0753319281212	0.0866391441214	0.03108469365	-0.0293451581502	0.0259673655482	0.0112672414805	-0.0302448346268	-0.0179583921076	-0.0367013830752	-0.11255732149	-0.0603482145879	-0.014752032071	-0.0493913694217	0.0499886657737	-0.00504612318455	0.103417512308	-0.0763759635155	1.0	-0.058236287979	0.0984869757081	-0.0504281038493	0.00881472243312	0.0262138352807	-0.0311320778914	-0.00450508581788	-0.0189502718946	-0.0434026984405	-0.0775810736716	-0.0205612452622	-0.059072520483	-0.0932491427994	-0.0743670313457	-0.0282557505853	-0.00147828731007	-0.0154005910142	0.0636331956951	-0.156950701378	-0.028590158714	-0.0311965067167	-0.0716346510289	-0.0487750989202	-0.00603527576322	-0.0126799138237	-0.0237681044144	-0.0133838218166	-0.0404690478357	-0.0213967752034	-0.0246675204462	-0.00095315597595	-0.0545323665813	0.0230314741354	-0.0450307845219	-0.00648599152031	0.000837138046095	-0.0379707774435	0.0228081380245	-0.0441000462236	0.0124896389436	-0.0251757728545
k__Bacteria;p__Bacteroidetes;c__Bacteroidia;o__Bacteroidales;f__Porphyromonadaceae;g__Barnesiella;s__Barnesiella_intestinihominis	0.0400395567507	-0.0608932618236	-0.02134835524	0.0300504999885	-0.00581994926645	-0.0451450402231	-0.120380529218	-0.0245913249133	-0.00866722803335	0.0262833052772	-0.0257818823532	0.0566016092461	0.0634175662603	-0.0114610596857	-0.0284657935497	-0.0648282705912	0.0453255849259	-0.058236287979	1.0	-0.0536250874142	-0.0338639628113	0.0160761540782	-0.0164721528775	-0.0760069496804	0.00155179406777	-0.0660384018481	0.00277195587597	-0.0596412932129	0.060957300853	0.0429577247922	0.0574421434378	-0.0629910989777	-0.00128801937454	0.0394910793804	-0.00830159359833	-0.022996084957	-0.0101329975217	-0.0202521269156	-0.0442924563716	0.0668656198319	-0.0274420057525	-0.060451795131	0.0106034283278	-0.0591009460917	0.0484558804363	-0.06652004433	-0.0136710242164	0.00550093688942	0.0422559395525	-0.0124543737148	-0.0157637030458	0.00462350099629	-0.0041105862242	0.000240277173844	0.105064256774	0.0464431465363	-0.0775484624429	-0.0268281553361	-0.00566114387041
k__Bacteria;p__Bacteroidetes;c__Bacteroidia;o__Bacteroidales;f__Odoribacteraceae;g__Odoribacter;s__Odoribacter_splanchnicus	-0.0140659598334	-0.0457542703819	-0.0147452057811	-0.0344407850877	-0.0141599447822	-0.043584743348	-0.00896690196191	0.0378142586776	0.0536315146612	-0.0205000406536	0.00610791019854	-0.00649830312652	-0.0524709643124	-0.0264617954736	-0.00871502313156	-0.00521595145362	-0.0245981446319	0.0984869757081	-0.0536250874142	1.0	-0.0487469192796	0.0396797686169	-0.0204524208049	-0.0597600405656	-0.0184092967933	0.0131344104284	0.0369540459759	-0.0156535748884	-0.000122004998498	-0.0303768338204	0.038889315158	0.0366333410331	-0.0348716351727	0.0134708935281	-0.0125041363988	-0.0453215306717	-0.0267297782381	-0.0705828018623	0.0182331037977	0.0767205525229	0.00142236772456	0.0191359242427	0.0864740665082	-0.0502880703315	-0.0130243502657	0.0543229182351	-0.0276991496656	0.00583872988683	0.017996418106	0.00588731731688	0.0456987802683	0.0135040074641	-0.0320308609943	0.00672167835234	-0.0322802861564	-0.0181462513481	-0.02886769749	-0.0316654772153	-0.0424989975462
k__Bacteria;p__Bacteroidetes;c__Bacteroidia;o__Bacteroidales;f__Bacteroidaceae;g__Bacteroides;s__Bacteroides_salyersiae	0.0152829769733	-0.072724490694	-0.00427196655866	-0.00162514136033	-0.0546245102805	-0.0361941870286	0.00346796010772	-0.0215138204711	0.00440206888085	-0.0553384677643	0.00365916321543	0.00213552072176	-0.0567367083095	0.0223247955725	-0.0258443120568	-0.0423644036439	0.0301352247607	-0.0504281038493	-0.0338639628113	-0.0487469192796	1.0	0.0187559939198	0.0404098038989	-0.0493069665642	-0.0483167117099	-0.0225898381756	-0.00423719300663	-0.00150905436709	-0.0293730045141	0.0134676595752	-0.0126412654323	0.060685338299	-0.0698878006829	-0.032464554209	0.0136189374927	0.0099922744717	0.0330204129837	0.0183194174563	-0.0495896437812	0.00961589170393	-0.014265613767	-0.00275529644466	0.0378608784115	-0.0224611612291	0.0433666366865	-0.0778923855794	0.0495786751005	-0.0201470360931	0.0335757776145	0.0387514851604	-0.0330966077298	-0.00870643496312	-0.0200738319645	-0.00214676539204	0.00619256307358	-0.022249772344	0.0248896348344	-0.0361896201426	0.0497317476116
k__Bacteria;p__Firmicutes;c__Clostridia;o__Clostridiales;f__Ruminococcaceae;g__Ruminiclostridium;s__[Eubacterium]_siraeum	-0.00116281971685	0.0282575770388	-0.0131838778016	-0.0454669790326	-0.056839737228	-0.0696665695101	-0.0249601673035	0.0489483446521	-0.0088582442455	-0.0439336143304	0.0090956826951	-0.0511587239861	-0.0114333580368	-0.0491874038382	-0.00133734180502	0.000112661047688	-0.00555063919806	0.00881472243312	0.0160761540782	0.0396797686169	0.0187559939198	1.0	0.0549875692852	-0.0189865576454	-0.0213108280853	-0.00518213585356	-0.0333430184682	0.0582760034072	-0.0247814805236	-0.0327094592513	0.0328463232637	0.0017012486303	-0.00521541863744	-0.0443340283384	-0.0381482313976	-0.0217119819407	0.00996949961563	-0.0328465045551	0.0490123703817	-0.00353730140237	0.00684370348372	-0.000732405117389	-0.0413938572798	0.00633462294806	-0.0233785368929	-0.0409676837131	-0.00929491359294	0.0251142321585	-0.0636907342206	-0.0079113583501	0.013279463648	-0.0113414407526	0.0193577085669	-0.00248350458559	-0.0862146944246	-0.0885716566111	0.013903525863	0.0014724751605	0.0209877632165
k__Bacteria;p__Proteobacteria;c__Betaproteobacteria;o__Burkholderiales;f__Sutterellaceae;g__Parasutterella;s__Parasutterella_excrementihominis	-0.0291568367574	0.0929834795422	0.0178770842364	-0.0414136086974	-0.0283892993383	-0.0170491658708	-0.00958061015479	-0.0233255522288	-0.00396332836451	0.0779431179194	-0.0144352906755	-0.0489948404369	0.0192084171468	0.0327263401951	0.0163876360731	-0.0158025538296	-0.0473154511786	0.0262138352807	-0.0164721528775	-0.0204524208049	0.0404098038989	0.0549875692852	1.0	-0.000617019567671	0.0432959973979	-0.0197469322905	-0.0112586379482	-0.0558882017164	0.00383741280641	-0.064579001428	0.0224943916825	0.00299614907961	0.0151580453726	-0.0689623346466	-0.0184058327559	-0.00276428295129	-0.0205723912732	0.0248099445593	-0.0858807334715	0.0045575850175	0.0323206956679	-0.0406513575552	-0.0705871129226	-0.0186210797121	-0.134256206381	-0.0108100546582	0.0376841799389	-0.0636955522656	-0.00382611418311	-0.0183082636021	-0.0279907429781	-0.0411855326599	-0.0017420864316	0.0087406889226	-0.00565563095251	0.0475150787311	-0.0192729727863	-0.00711212414674	0.0522865223982
k__Bacteria;p__Actinobacteria;c__Actinobacteria;o__Bifidobacteriales;f__Bifidobacteriaceae;g__Bifidobacterium;s__Bifidobacterium_adolescentis	-0.0160645076566	0.0258554415668	0.0626190622943	0.00481129282686	-0.00955499022581	-0.0063559957881	-0.080754043861	0.0054681832298	0.0187534156296	0.0184833708677	-0.00227906192446	0.021708670564	-0.0314431204659	0.00847272331488	-0.000295026787396	-0.0951196883601	0.069541834017	-0.0311320778914	-0.0760069496804	-0.0597600405656	-0.0493069665642	-0.0189865576454	-0.000617019567671	1.0	0.0130367009191	-0.0399105984023	-0.0499738895998	-0.0588439878579	-0.0218855959902	-0.0161847622395	-0.110358200871	-0.0508008572578	-0.00027906945768	0.0700077334306	-0.00666636167408	-0.0262862217902	0.0250141505506	-0.0538785487627	-0.0796462041036	0.0475162301574	0.0398691158288	0.0297912981075	-0.0476357588895	-0.00373141448566	-0.0294014947236	-0.0118228424781	0.0111804591673	0.0272390006207	-0.0413022278233	-0.0520978674865	0.0353616136003	0.0806000185486	-0.0438741424555	0.0492134627252	-0.0220932622647	0.0546575322597	0.0917246395506	-0.0357848630201	0.00953144914462
k__Bacteria;p__Firmicutes;c__Clostridia;o__Clostridiales;f__Oscillospiraceae;g__Oscillibacter;s__Oscillibacter_sp._KLE_1745	0.0462661827741	-0.0216379237056	0.0013133356402	0.0615119604676	-0.0296248030881	-0.054480617249	0.0504536326334	-0.0258105975746	0.00253574405308	-0.0464289957526	-0.0830730892925	0.0351964039247	-0.0188772644621	0.0671128322367	0.0526330756678	-0.0843758891609	0.0212269542928	-0.00450508581788	0.00155179406777	-0.0184092967933	-0.0483167117099	-0.0213108280853	0.0432959973979	0.0130367009191	1.0	-0.017119744489	0.0139679837325	-0.00319956764453	-0.0405640708854	0.0377437146913	-0.00445003370571	-0.0116418657421	-0.0477230827717	0.0723438713394	-0.0157507311039	-0.0263343808605	0.0570468655754	-0.0238445657635	-0.0292538739466	-0.00994145083478	-0.0671732942112	-0.0454844335069	0.063274305052	0.016755510681	-0.0533341664244	-0.0432105038676	0.102352336107	-0.0833760863637	-0.0272418121363	0.00491511440033	-0.0320536750263	-0.0170472934462	-0.0304138865822	0.0667522271762	-0.00689852884202	-0.0355055905436	-0.0182300391471	0.000649375376069	0.00943370849238
k__Bacteria;p__Bacteroidetes;c__Bacteroidia;o__Bacteroidales;f__Bacteroidaceae;g__Bacteroides;s__Bacteroides_coprophilus	-0.0421403244341	0.0643430590009	-0.0277934846855	-0.0275999753827	0.0279451613668	0.0207388115643	-0.0217953067759	-0.025946976624	-0.0247057453664	0.0802922368336	-0.0913016700382	-0.0198093911107	0.0426573745693	-0.0629296961919	-0.0365262959859	-0.0439902887924	0.00426123784288	-0.0189502718946	-0.0660384018481	0.0131344104284	-0.0225898381756	-0.00518213585356	-0.0197469322905	-0.0399105984023	-0.017119744489	1.0	0.0335614525163	0.0513029392982	0.0670255145244	-0.0360160117039	-0.0256442853658	-0.0605952049275	-0.0525968621544	0.0246886426148	0.034728377538	0.00261432371481	0.0149437438798	-0.0211395320406	-0.0574313043099	0.0359989449633	0.0232943729461	-0.0495780936604	-0.0341282565243	0.0555979569578	0.0118884867046	-0.0173010654231	-0.0135584794922	0.0356754859709	-0.0119614395436	-0.00202978966252	-0.00860970649143	-0.0700420183366	-0.116707391284	-0.0118431073408	0.0164387884666	0.0227633563292	-0.00341125106881	-0.0237588842258	-0.118330491914
k__Bacteria;p__Firmicutes;c__Clostridia;o__Clostridiales;f__Lachnospiraceae;g__Roseburia;s__Roseburia_intestinalis	0.050569411303	-0.0574822786787	0.0223709372181	-0.0723757048312	-0.0272020660964	-0.0269029111997	-0.0313934861891	-0.0530256281059	-0.000465313373533	-0.004894423861	0.0160832954877	-0.0146937290263	-0.060914307452	-0.0247468462191	-0.0566421848817	-0.00541865386776	0.0350939095727	-0.0434026984405	0.00277195587597	0.0369540459759	-0.00423719300663	-0.0333430184682	-0.0112586379482	-0.0499738895998	0.0139679837325	0.0335614525163	1.0	0.0557046297496	-0.0210376427178	0.0653331408737	0.0207253946611	-0.0186181050894	-0.0306525987054	-0.00585006877431	0.0115496514007	-0.0895290678354	0.00633483891764	-0.116665133536	0.0218471608043	-0.00603369775137	0.0213224268581	0.035031375308	-0.111437926401	-0.110780525623	0.0258111143219	0.00790139382518	-0.0436617435971	-0.0220621426203	-0.0368788384705	-0.0247832364079	0.00274358959468	-0.0410498077729	0.0305460600575	-0.00349686442853	-0.0260430359915	0.00618882412146	-0.0739942351856	-0.0447196708138	0.0581261950486
k__Bacteria;p__Firmicutes;c__Clostridia;o__Clostridiales;f__Lachnospiraceae;g__Roseburia;s__Roseburia_hominis	-0.0831891521817	-0.0914412875475	-0.0302326142696	0.00985267900183	0.0198942874632	0.0233666994924	-0.020534031468	-0.0103247685386	-0.0376279862	0.00928335158105	0.00368166868275	-0.0329016560483	-0.0161171086471	0.0101805117768	-0.0590916807615	0.082841013484	0.0385490330002	-0.0775810736716	-0.0596412932129	-0.0156535748884	-0.00150905436709	0.0582760034072	-0.0558882017164	-0.0588439878579	-0.00319956764453	0.0513029392982	0.0557046297496	1.0	-0.0584328666685	-0.0794543699869	-0.0142927889322	0.0359445563383	0.0519210225793	0.0362123218787	-0.000873508074289	-0.0501405279183	0.00668119097215	-0.00246216433353	-0.0675454987626	-0.0183568500713	0.0657313138185	0.0169962586592	-0.0892771041741	-0.0612702663615	0.0244702022258	-0.00198568200963	-0.0982405087399	0.0306717112812	-0.0438166668154	-0.0270585772385	0.0462481059797	-0.046171808821	-0.017872780458	-0.0293114850015	0.0143212870288	0.0063776151651	-0.0461633586613	0.0114302015655	-0.0427177370843
k__Bacteria;p__Bacteroidetes;c__Bacteroidia;o__Bacteroidales;f__Porphyromonadaceae;g__Parabacteroides;s__Parabacteroides_johnsonii	-0.0558132251535	-0.0722533191875	-0.0319179728929	-0.0610413603864	0.00603546703184	0.0426649329703	0.000233842546936	-0.0625704903421	0.0035346619443	-0.0208363840831	-0.0591180948749	-0.0160227554844	-0.0236233304279	-0.00841661264045	0.0119748969211	0.00355616179362	-0.0646284722188	-0.0205612452622	0.060957300853	-0.000122004998498	-0.0293730045141	-0.0247814805236	0.00383741280641	-0.0218855959902	-0.0405640708854	0.0670255145244	-0.0210376427178	-0.0584328666685	1.0	0.0144077452124	0.0198517577023	-0.026546998647	0.0560027708647	-0.0262514942423	-0.0354648115249	0.0157409378282	-0.0826123407787	0.0223113626123	-0.00874733118511	-0.029656298868	-0.0950020431604	0.00318184686019	-0.0228874173977	-0.0188701284137	0.0179860932488	-0.0311253346041	0.00416103652018	-0.0556438017338	0.0771694174797	-0.0218657988858	0.00075166745217	0.0352819922208	0.0155129700938	-0.00922568753155	-0.0444347218003	-0.00367185735234	0.0599999921012	0.0172922754034	-0.0685153473912
k__Bacteria;p__Actinobacteria;c__Actinobacteria;o__Bifidobacteriales;f__Bifidobacteriaceae;g__Bifidobacterium;s__Bifidobacterium_longum	0.0724418489198	0.0178927687747	0.0850267331396	0.0109618243916	-0.000616582198645	-0.101559776276	-0.0146669941211	0.0129678523498	-0.00831400845498	0.043897333285	-0.0692494452371	-0.02187715547	-0.081547114039	-0.0674986727558	0.0334773035218	-0.0300246255124	-0.0374791474011	-0.059072520483	0.0429577247922	-0.0303768338204	0.0134676595752	-0.0327094592513	-0.064579001428	-0.0161847622395	0.0377437146913	-0.0360160117039	0.0653331408737	-0.0794543699869	0.0144077452124	1.0	0.0311962696507	-0.0648983719709	-0.05624430859	-0.0861863606126	-0.0452408418213	0.0820555597303	0.038564303765	-0.0285033479852	0.0178620979414	-0.0647694540216	-0.00241906473689	0.019709821513	-0.0286305056716	-0.0348083583105	0.0304977508086	0.00116496946402	0.00330166299804	-0.0465394346163	-0.111616704423	-0.00202240349314	-0.0238640213595	0.0125699663533	-0.00871452021503	0.0652771255484	0.0404655864779	-0.00805187379132	0.0204484780671	0.00293463858637	0.012261354293
