#taxonomy	k__Bacteria;p__Bacteroidetes;c__Bacteroidia;o__Bacteroidales;f__Bacteroidaceae;g__Bacteroides;s__Bacteroides_vulgatus	k__Bacteria;p__Bacteroidetes;c__Bacteroidia;o__Bacteroidales;f__Bacteroidaceae;g__Bacteroides;s__Bacteroides_uniformis	k__Bacteria;p__Bacteroidetes;c__Bacteroidia;o__Bacteroidales;f__Rikenellaceae;g__Alistipes;s__Alistipes_putredinis	k__Bacteria;p__Bacteroidetes;c__Bacteroidia;o__Bacteroidales;f__Prevotellaceae;g__Prevotella;s__Prevotella_copri	k__Bacteria;p__Bacteroidetes;c__Bacteroidia;o__Bacteroidales;f__Bacteroidaceae;g__Bacteroides;s__Bacteroides_stercoris	k__Bacteria;p__Bacteroidetes;c__Bacteroidia;o__Bacteroidales;f__Bacteroidaceae;g__Bacteroides;s__Bacteroides_ovatus	k__Bacteria;p__Bacteroidetes;c__Bacteroidia;o__Bacteroidales;f__Rikenellaceae;g__Alistipes;s__Alistipes_shahii	k__Bacteria;p__Firmicutes;c__Clostridia;o__Clostridiales;f__Ruminococcaceae;g__Faecalibacterium;s__Faecalibacterium_prausnitzii	k__Bacteria;p__Bacteroidetes;c__Bacteroidia;o__Bacteroidales;f__Rikenellaceae;g__Alistipes;s__Alistipes_finegoldii	k__Bacteria;p__Bacteroidetes;c__Bacteroidia;o__Bacteroidales;f__Porphyromonadaceae;g__Parabacteroides;s__Parabacteroides_distasonis	k__Bacteria;p__Bacteroidetes;c__Bacteroidia;o__Bacteroidales;f__Bacteroidaceae;g__Bacteroides;s__Bacteroides_thetaiotaomicron	k__Bacteria;p__Bacteroidetes;c__Bacteroidia;o__Bacteroidales;f__Bacteroidaceae;g__Bacteroides;s__Bacteroides_coprocola	k__Bacteria;p__Bacteroidetes;c__Bacteroidia;o__Bacteroidales;f__Bacteroidaceae;g__Bacteroides;s__Bacteroides_cellulosilyticus	k__Bacteria;p__Bacteroidetes;c__Bacteroidia;o__Bacteroidales;f__Rikenellaceae;g__Alistipes;s__Alistipes_obesi	k__Bacteria;p__Firmicutes;c__Clostridia;o__Clostridiales;f__Lachnospiraceae;g__;s__[Eubacterium]_rectale	k__Bacteria;p__Bacteroidetes;c__Bacteroidia;o__Bacteroidales;f__Bacteroidaceae;g__Bacteroides;s__Bacteroides_plebeius	k__Bacteria;p__Bacteroidetes;c__Bacteroidia;o__Bacteroidales;f__Bacteroidaceae;g__Bacteroides;s__Bacteroides_fragilis	k__Bacteria;p__Proteobacteria;c__Betaproteobacteria;o__Burkholderiales;f__Sutterellaceae;g__Sutterella;s__Sutterella_wadsworthensis	k__Bacteria;p__Bacteroidetes;c__Bacteroidia;o__Bacteroidales;f__Porphyromonadaceae;g__Barnesiella;s__Barnesiella_intestinihominis	k__Bacteria;p__Bacteroidetes;c__Bacteroidia;o__Bacteroidales;f__Odoribacteraceae;g__Odoribacter;s__Odoribacter_splanchnicus	k__Bacteria;p__Bacteroidetes;c__Bacteroidia;o__Bacteroidales;f__Bacteroidaceae;g__Bacteroides;s__Bacteroides_salyersiae	k__Bacteria;p__Firmicutes;c__Clostridia;o__Clostridiales;f__Ruminococcaceae;g__Ruminiclostridium;s__[Eubacterium]_siraeum	k__Bacteria;p__Proteobacteria;c__Betaproteobacteria;o__Burkholderiales;f__Sutterellaceae;g__Parasutterella;s__Parasutterella_excrementihominis	k__Bacteria;p__Actinobacteria;c__Actinobacteria;o__Bifidobacteriales;f__Bifidobacteriaceae;g__Bifidobacterium;s__Bifidobacterium_adolescentis	k__Bacteria;p__Firmicutes;c__Clostridia;o__Clostridiales;f__Oscillospiraceae;g__Oscillibacter;s__Oscillibacter_sp._KLE_1745	k__Bacteria;p__Bacteroidetes;c__Bacteroidia;o__Bacteroidales;f__Bacteroidaceae;g__Bacteroides;s__Bacteroides_coprophilus	k__Bacteria;p__Firmicutes;c__Clostridia;o__Clostridiales;f__Lachnospiraceae;g__Roseburia;s__Roseburia_intestinalis	k__Bacteria;p__Firmicutes;c__Clostridia;o__Clostridiales;f__Lachnospiraceae;g__Roseburia;s__Roseburia_hominis	k__Bacteria;p__Bacteroidetes;c__Bacteroidia;o__Bacteroidales;f__Porphyromonadaceae;g__Parabacteroides;s__Parabacteroides_johnsonii	k__Bacteria;p__Actinobacteria;c__Actinobacteria;o__Bifidobacteriales;f__Bifidobacteriaceae;g__Bifidobacterium;s__Bifidobacterium_longum	k__Bacteria;p__Firmicutes;c__Clostridia;o__Clostridiales;f__;g__Flavonifractor;s__Flavonifractor_plautii	k__Bacteria;p__Firmicutes;c__Clostridia;o__Clostridiales;f__Clostridiaceae;g__Clostridium;s__Clostridium_phoceensis	k__Bacteria;p__Verrucomicrobia;c__Verrucomicrobiae;o__Verrucomicrobiales;f__Akkermansiaceae;g__Akkermansia;s__Akkermansia_muciniphila	k__Bacteria;p__Bacteroidetes;c__Bacteroidia;o__Bacteroidales;f__Prevotellaceae;g__Paraprevotella;s__Paraprevotella_xylaniphila	k__Bacteria;p__Firmicutes;c__Clostridia;o__Clostridiales;f__Ruminococcaceae;g__Ruminococcus;s__Ruminococcus_callidus	k__Bacteria;p__Bacteroidetes;c__Bacteroidia;o__Bacteroidales;f__Rikenellaceae;g__Alistipes;s__Alistipes_senegalensis	k__Bacteria;p__Firmicutes;c__Clostridia;o__Clostridiales;f__Lachnospiraceae;g__Blautia;s__Blautia_sp._KLE_1732	k__Bacteria;p__Bacteroidetes;c__Bacteroidia;o__Bacteroidales;f__Bacteroidaceae;g__Bacteroides;s__Bacteroides_oleiciplenus	k__Bacteria;p__Firmicutes;c__Clostridia;o__Clostridiales;f__Ruminococcaceae;g__Ruminococcus;s__Ruminococcus_bicirculans	k__Bacteria;p__Bacteroidetes;c__Bacteroidia;o__Bacteroidales;f__Bacteroidaceae;g__Bacteroides;s__Bacteroides_fluxus	k__Bacteria;p__Bacteroidetes;c__Bacteroidia;o__Bacteroidales;f__Prevotellaceae;g__Prevotella;s__Prevotella_stercorea	k__Bacteria;p__Firmicutes;c__Clostridia;o__Clostridiales;f__Lachnospiraceae;g__Dorea;s__Dorea_longicatena	k__Bacteria;p__Firmicutes;c__Clostridia;o__Clostridiales;f__Eubacteriaceae;g__Eubacterium;s__[Eubacterium]_eligens	k__Bacteria;p__Firmicutes;c__Clostridia;o__Clostridiales;f__Ruminococcaceae;g__;s__Ruminococcaceae_bacterium_D16	k__Bacteria;p__Firmicutes;c__Clostridia;o__Clostridiales;f__Lachnospiraceae;g__Coprococcus;s__Coprococcus_comes	k__Bacteria;p__Proteobacteria;c__Gammaproteobacteria;o__Enterobacterales;f__Enterobacteriaceae;g__Escherichia;s__Escherichia_coli	k__Bacteria;p__Firmicutes;c__Clostridia;o__Clostridiales;f__Ruminococcaceae;g__Anaerotruncus;s__Anaerotruncus_colihominis	k__Bacteria;p__Firmicutes;c__Clostridia;o__Clostridiales;f__Lachnospiraceae;g__Blautia;s__Blautia_obeum	k__Bacteria;p__Bacteroidetes;c__Bacteroidia;o__Bacteroidales;f__Odoribacteraceae;g__Odoribacter;s__Odoribacter_laneus	k__Bacteria;p__Firmicutes;c__Clostridia;o__Clostridiales;f__Ruminococcaceae;g__Ruminiclostridium;s__[Clostridium]_leptum	k__Bacteria;p__Bacteroidetes;c__Bacteroidia;o__Bacteroidales;f__Porphyromonadaceae;g__Parabacteroides;s__Parabacteroides_goldsteinii	k__Bacteria;p__Firmicutes;c__Clostridia;o__Clostridiales;f__Lachnospiraceae;g__Anaerostipes;s__Anaerostipes_hadrus	k__Bacteria;p__Firmicutes;c__Clostridia;o__Clostridiales;f__Ruminococcaceae;g__Ruminococcus;s__Ruminococcus_lactaris	k__Bacteria;p__Firmicutes;c__Clostridia;o__Clostridiales;f__Clostridiaceae;g__Clostridium;s__Clostridium_sp._L2-50	k__Bacteria;p__Firmicutes;c__Clostridia;o__Clostridiales;f__Clostridiaceae;g__Clostridium;s__Clostridium_sp._M62/1	k__Bacteria;p__Firmicutes;c__Clostridia;o__Clostridiales;f__;g__Intestinimonas;s__Intestinimonas_butyriciproducens	k__Bacteria;p__Actinobacteria;c__Actinobacteria;o__Bifidobacteriales;f__Bifidobacteriaceae;g__Bifidobacterium;s__Bifidobacterium_bifidum	k__Bacteria;p__Firmicutes;c__Negativicutes;o__Veillonellales;f__Veillonellaceae;g__Dialister;s__Dialister_invisus	k__Bacteria;p__Bacteroidetes;c__Bacteroidia;o__Bacteroidales;f__Bacteroidaceae;g__Bacteroides;s__Bacteroides_salanitronis
k__Bacteria;p__Bacteroidetes;c__Bacteroidia;o__Bacteroidales;f__Bacteroidaceae;g__Bacteroides;s__Bacteroides_vulgatus	1.0	-0.0348188639882	-0.00188332679707	-0.0755377053247	-0.017687389744	0.0421021359819	0.0308014862383	0.00895650587245	-0.0339561320139	-0.0102209318248	-0.0748504925319	-0.0443109730741	0.0514659124574	-0.0134673209489	-0.047649241355	-0.0264755256877	-0.0144119602732	0.0291598757941	-0.0236102012943	-0.0154158939922	-0.04625179171	0.0793425638571	-0.00269529166193	0.0380106447684	-0.0200548284422	-0.030795787945	-0.0190053065996	-0.0529461721256	-0.0176122554752	-0.0484976666877	-0.0477498038179	-0.0146996278023	0.0424925492942	0.0421546020195	0.0365263933925	-0.0255121513502	0.0251061338619	-0.0395829470946	-0.0508217362074	-0.0368090940152	-0.0351045764256	0.0409681816227	0.0417369865862	0.0148929993208	0.00972817496996	-5.89684389839e-05	-0.00624457923052	-0.0599915294511	-0.0464116568678	0.0280818887504	0.0372093772297	-0.0558944500026	0.0214168396329	-0.0297424691004	-0.0339890982595	0.0492416073908	0.013475903061	0.0483671156716	-0.000287035305158
k__Bacteria;p__Bacteroidetes;c__Bacteroidia;o__Bacteroidales;f__Bacteroidaceae;g__Bacteroides;s__Bacteroides_uniformis	-0.0348188639882	1.0	0.0386794065087	0.0518644079481	-0.0552789841789	-0.0731478521231	0.0156238838896	0.00763502530133	0.0734877856752	-0.00666476183601	0.0105602292254	0.00766809904261	0.00101180453651	-0.0538574944759	-0.0036434404619	0.0806698728388	-0.0238720846672	0.0439274057333	0.013099338592	-0.0417337656335	0.0331361216307	0.0376138689372	-0.14484044181	0.0212409273989	0.0210830964911	-0.0148746739036	-0.030906712808	-0.0679506396696	-0.0797649990274	-0.0218465202289	-0.0268045759681	-0.00656577521629	-0.0635678662703	-0.0150165271941	-0.111951491856	0.0338721990237	-0.0121267505302	-0.0393621594569	-0.017284857584	0.0422333085986	-0.0166159955948	-0.0246110304767	0.0608596167642	-0.0669293179998	-0.00900895345989	0.0340271832518	0.0259967549529	-0.0554788523169	-0.00118480594761	-0.00313453061228	-0.00403049739654	-0.0567862164013	-0.0532289689309	0.0239135388819	-0.0220104770768	0.0406379486918	0.0124200507224	-0.045349442043	-0.0363391935797
k__Bacteria;p__Bacteroidetes;c__Bacteroidia;o__Bacteroidales;f__Rikenellaceae;g__Alistipes;s__Alistipes_putredinis	-0.00188332679707	0.0386794065087	1.0	-0.0264521979653	-0.0539872002066	-0.00268041484292	-0.0215008002335	-0.0935554151371	-0.0199752756836	-0.00385286226525	-0.071299166369	0.0399038553615	-0.0180854812721	0.00597014756726	0.0392108173052	-0.0282889525368	-0.0843511669588	-0.0312699965465	-0.0592774592719	-0.0512448513059	0.0298309043421	0.0107065724832	0.0282699173568	0.0350156690969	-0.127201918709	-0.0157249761779	0.0105813440141	0.0354510275407	-0.0224944763227	-0.0263408847335	0.0630011822162	0.0393895148097	0.0547837236577	0.0438450132376	-0.0667747152843	-0.0493392496386	-0.0785425383718	-0.00841073805534	-0.00528397582958	-0.0195994602031	0.00928725732345	0.000355858335756	-0.0194937569671	-0.0444370438743	0.0473441491146	-0.0675246558477	-0.00658645017146	0.00701752067775	0.0246717029484	-0.0026610515138	-0.0573279668031	-0.0495669964381	0.0738050993675	-0.0154457821062	-0.0313830449461	0.0654006489018	-0.0112462321299	-0.0370103041006	-0.0419695654513
k__Bacteria;p__Bacteroidetes;c__Bacteroidia;o__Bacteroidales;f__Prevotellaceae;g__Prevotella;s__Prevotella_copri	-0.0755377053247	0.0518644079481	-0.0264521979653	1.0	-0.0260716309668	0.000367703497412	-0.0627752388174	0.027151883407	-0.00348301300799	-0.0510788239635	0.0667225654025	0.012984373622	-0.0232105900563	0.0323407386969	-0.0374280265269	-0.028112334765	0.0220644589833	0.0123431287978	0.0356005334995	0.0770155977807	-0.0371844974793	0.0474957125691	-0.0759695354527	-0.0262978007189	-0.0772932824977	0.029703350267	0.0302554994032	-0.0810807786169	-0.0169194922769	0.117701979782	-0.0236150568801	-0.0249684264385	-0.0101216936615	0.0382720406579	0.0376124720692	0.0294823525469	-0.0327816968416	0.0229262465261	-0.0111925486804	-0.0537839405398	0.00760126664792	-0.059597445061	-0.0110383705183	-0.00414278589605	-0.0216944378726	0.0412322299026	-0.0725688926715	-0.0315775562345	-0.0176961027018	-0.0144492757293	0.0514216878097	0.0418331401208	-0.0689898799625	-0.0619760441462	-0.00761280583034	0.0496447491463	-0.0348452444215	-0.0230067050862	0.0687885548909
k__Bacteria;p__Bacteroidetes;c__Bacteroidia;o__Bacteroidales;f__Bacteroidaceae;g__Bacteroides;s__Bacteroides_stercoris	-0.017687389744	-0.0552789841789	-0.0539872002066	-0.0260716309668	1.0	0.0439240688434	-0.00673087826728	0.0126549873536	-0.0159708414437	0.00240337923036	-0.0130203528949	-0.0323330292863	0.053266220179	0.00795065972664	-0.0394377277888	-0.00463268523256	-0.0196365305557	0.0182818648925	-0.0286098162746	-0.00359860622919	0.0313299335262	-0.0574530120883	0.0231340613817	-0.0308475201324	0.0484500644279	0.035101908093	-0.0234918624338	0.0511475921738	-0.0146930434048	-0.0658755503168	0.0117844493292	-0.00540686771542	-0.0741501335914	-0.0645422967618	-0.0707662570084	0.0452513747871	0.0047599239309	-0.0327035171213	-0.0273085571259	-0.0703794686275	0.0560730428711	0.0250154590736	0.00780320015962	-0.0403409935626	0.0059507632843	0.00244179168002	-0.0214070925294	-0.0361192136501	-0.0766421156937	-0.0298783025656	0.00246982521184	-0.0925615002117	-0.00499572155555	0.00462725315701	0.0250145770608	-0.0983522073923	-0.0233427480273	0.0247644813902	-0.0203697214793
k__Bacteria;p__Bacteroidetes;c__Bacteroidia;o__Bacteroidales;f__Bacteroidaceae;g__Bacteroides;s__Bacteroides_ovatus	0.0421021359819	-0.0731478521231	-0.00268041484292	0.000367703497412	0.0439240688434	1.0	0.0375586993701	0.00380583813986	-0.0255036159964	-0.00231912713044	-0.014971962115	0.045094260483	-0.0236553647324	0.0538190354119	-0.0102321347225	0.0783341964755	-0.0709526565917	-0.0522638369395	0.0286043883062	-0.0473176780748	-0.0530531528913	0.0447496988027	-0.0464683336819	-0.0444987460391	0.012687685555	-0.0261583159235	-0.0393596886981	0.0320959643443	0.0183353708838	-0.11055244086	-0.0287130782405	0.037122549044	-0.101399231209	-0.00144274883435	-0.0492036945859	0.0384360889752	-0.0244493729493	-0.0705122006447	-0.00543666122448	-0.0198241773343	0.0890388458933	0.0294257516565	0.0316684569928	-0.0292015619023	-0.0642500462742	-0.0418674770686	0.0386313071998	0.0214307478872	-0.0200583652559	0.0015599013654	-0.0374586425389	-0.027864978592	-0.0210802456643	-0.0758359952073	0.0475558760572	-0.0425940521686	-0.0128300003454	0.030010310718	0.0196702915464
k__Bacteria;p__Bacteroidetes;c__Bacteroidia;o__Bacteroidales;f__Rikenellaceae;g__Alistipes;s__Alistipes_shahii	0.0308014862383	0.0156238838896	-0.0215008002335	-0.0627752388174	-0.00673087826728	0.0375586993701	1.0	-0.0443624344582	-0.0480515889239	-0.0244095764921	-0.0101654854325	-0.0413308702497	-0.0534122432694	0.0638442936638	0.0125759914674	0.0454642951119	0.0152843415138	-0.0422889146602	-0.0429687761164	0.0103971298228	0.0044325832713	-0.0871726969535	-0.0618182079931	0.0377778116855	0.0298543221508	-0.05652729109	-0.0193256538003	-0.035707595518	-0.0870053229383	-0.0617996352958	0.0378968651911	-0.0810371180836	0.0129646444424	0.0312074497764	-0.00715257871797	-0.076533977852	-0.0027957423435	-0.0232782029032	0.0910053334892	-0.0444813330792	-0.0464551532073	-0.0341944014788	-0.0186991685264	0.00276807677201	0.00159125398463	-0.0139849012995	0.0136741605483	-0.03345662345	-0.035972028506	0.0326653028153	-0.0817994199865	-0.000367854826114	0.00138088071668	0.0429271109163	-0.0315175799189	0.0188350984243	-0.0562197385914	-0.0293749457188	-0.0985741053397
k__Bacteria;p__Firmicutes;c__Clostridia;o__Clostridiales;f__Ruminococcaceae;g__Faecalibacterium;s__Faecalibacterium_prausnitzii	0.00895650587245	0.00763502530133	-0.0935554151371	0.027151883407	0.0126549873536	0.00380583813986	-0.0443624344582	1.0	-0.0324507206252	0.000811525482272	0.0228542306606	0.0213391682129	-0.0413702571887	-0.0205526146685	-0.050853627502	-0.0548322876643	0.0378478465661	-0.0130551063861	-0.054943142629	0.0286107319776	-0.0393477866147	0.012025021972	0.0481798847906	-0.0475153565193	-0.0722261303368	-0.0082972624362	-0.0798427332686	0.0150211761524	-0.0130699786829	0.113314188	-0.0128892591489	0.00217361481131	-0.029175157456	-0.0126049998144	-0.0293746397962	0.0213044994585	-0.0428047089141	-0.0211219874188	-0.0532528592981	0.0701053554131	-0.0233708695321	0.0127076461228	-0.0747232755101	0.00182890797176	-0.00747347781142	0.0415266802198	0.0030140980013	0.0409933917212	-0.00813009268389	-0.0574842257023	0.0405979596725	-0.0114128511366	-0.0448365479133	0.0154129119634	-0.0606477847988	-0.0164851796349	0.023968958375	0.00692214842082	-0.00665496433557
k__Bacteria;p__Bacteroidetes;c__Bacteroidia;o__Bacteroidales;f__Rikenellaceae;g__Alistipes;s__Alistipes_finegoldii	-0.0339561320139	0.0734877856752	-0.0199752756836	-0.00348301300799	-0.0159708414437	-0.0255036159964	-0.0480515889239	-0.0324507206252	1.0	0.0562278653524	-0.0287537282088	-0.042821969565	-0.0488724540048	-0.0740445231245	0.023845164329	0.0155675174377	0.021627455393	0.0218459500039	0.0665254273058	-0.0579601078631	-0.0253122476561	0.011441756829	-0.06941044813	-0.0369092084637	-0.00354293363908	-0.00180848324371	0.0809636681534	0.0405950424998	0.000284567010695	0.0458492418632	-0.0701783053703	-0.00410041682658	0.00662388896747	0.0270988461547	-0.0297975869313	-0.0376568455307	-0.00393195650709	-0.0751411363613	-0.0330913194372	0.0665632283721	0.00318899607625	-0.0847854792937	-0.0555989116275	-0.0328536177692	0.0379404093585	-0.0350937816425	-0.0156969919078	-0.0114491233815	-0.0157128753408	0.0210419922204	-0.0364145555724	0.00912013988286	-0.0417377393903	0.0550101780924	-0.0505366951556	-0.047436621348	-0.0209740914342	-0.0669669193854	-0.0734949709897
k__Bacteria;p__Bacteroidetes;c__Bacteroidia;o__Bacteroidales;f__Porphyromonadaceae;g__Parabacteroides;s__Parabacteroides_distasonis	-0.0102209318248	-0.00666476183601	-0.00385286226525	-0.0510788239635	0.00240337923036	-0.00231912713044	-0.0244095764921	0.000811525482272	0.0562278653524	1.0	-0.0282393128594	-0.0454743429216	-0.0254920931326	-0.00946752924971	-0.0592970715693	0.00648018526011	-0.0211638951071	-0.0317694699878	-0.0109149756279	0.00278966192092	0.0161098271794	-0.00937443928661	0.0215201874461	-0.0931069583954	0.00482233192442	-0.00128752597451	-0.100834910833	0.0279739537257	-0.0447547493141	-0.0414417763919	-0.069912933977	0.00878803323641	0.0556731878361	-0.00761799824532	-0.0502802764081	-0.0623243671375	-0.0104536254436	0.000847850780687	-0.0213691803073	-0.0140542862468	0.0228151252169	-0.0351745892715	-0.0561164127253	-0.0314761117305	-0.025445565437	0.0381621831321	0.0076295013645	0.0216017182594	0.0782098650784	-0.0353507327919	-0.0841651092004	0.0522280043889	-0.0556794383165	-0.00516186897635	-0.0694828183175	0.0071442345345	-0.00591085218459	-0.0668305501767	0.0282244924854
k__Bacteria;p__Bacteroidetes;c__Bacteroidia;o__Bacteroidales;f__Bacteroidaceae;g__Bacteroides;s__Bacteroides_thetaiotaomicron	-0.0748504925319	0.0105602292254	-0.071299166369	0.0667225654025	-0.0130203528949	-0.014971962115	-0.0101654854325	0.0228542306606	-0.0287537282088	-0.0282393128594	1.0	0.0285014583157	0.041889544983	-0.0250633842018	0.00330874075319	-0.0635484627655	0.0644315099611	-0.0265367952802	-0.0179526047999	-0.0478468852904	-0.0653342584879	-0.0722913568092	-0.0387483665272	0.0171262213528	0.0221627870848	-0.0109638836036	0.0103655896666	0.0351200914698	0.0850864802847	0.00590471855063	0.0154022212322	0.0298761177596	0.034321105644	0.0616864777374	0.0121242338394	-0.0540388285622	-0.0596589664588	0.012487079709	-0.0217022803158	0.00216156264755	-0.0206044001834	0.00156447501943	-0.0340096669395	0.0224225473847	-0.00433996331044	-0.0215952962215	0.0042282775293	0.073126597684	-0.0246864871686	0.0169212726807	-0.040333526706	0.0389585099635	0.00141108403136	2.98829149316e-05	0.0308209457042	0.0103242000231	-0.00984844786118	-0.0523633144028	-0.0181687793592
k__Bacteria;p__Bacteroidetes;c__Bacteroidia;o__Bacteroidales;f__Bacteroidaceae;g__Bacteroides;s__Bacteroides_coprocola	-0.0443109730741	0.00766809904261	0.0399038553615	0.012984373622	-0.0323330292863	0.045094260483	-0.0413308702497	0.0213391682129	-0.042821969565	-0.0454743429216	0.0285014583157	1.0	0.0237912264281	-0.0341586823295	0.00176934977359	-0.0203435626297	-0.0214819573032	0.023868077151	0.062335452444	-0.0676726860889	0.0375668148862	-0.0121921653752	-0.00130306610856	-0.0152011670004	-0.0414706082783	-0.0489838910848	-0.0380065973421	0.0488854982815	0.00170148402135	-0.00480025577791	0.00623238984673	-0.0410158798737	0.0506700182567	0.0545930775126	-0.0291041213604	0.0205298146955	-0.0738221627421	-0.000682526295796	-0.0462272132066	-0.0112075401752	-0.0311155832468	0.0386133212677	0.0212863009754	-0.109952847943	0.0329755865767	0.0388750537272	-0.0616386231519	-0.030073910854	-0.102586394037	0.0118083891489	-0.0873885788543	0.00961717743103	0.0312518167293	0.0135820098113	0.0106244919303	-0.0354294081303	-0.0868284750344	-0.0808493975115	0.0272195452193
k__Bacteria;p__Bacteroidetes;c__Bacteroidia;o__Bacteroidales;f__Bacteroidaceae;g__Bacteroides;s__Bacteroides_cellulosilyticus	0.0514659124574	0.00101180453651	-0.0180854812721	-0.0232105900563	0.053266220179	-0.0236553647324	-0.0534122432694	-0.0413702571887	-0.0488724540048	-0.0254920931326	0.041889544983	0.0237912264281	1.0	-0.0455429510443	-0.00648168995599	0.0161714169607	0.0749047007623	0.00718324126796	0.0059243182547	0.0870316543181	-0.0183104720891	-0.0950438041873	-0.0412266170356	-0.00925957017685	0.0984518839231	-0.0511112528532	-0.0692569243972	-0.0056484632831	-0.0327700530034	0.020866840847	0.013564433923	-0.0468408391422	0.0485109246243	0.0311386185721	-0.0537965260795	0.0848333044847	-0.0324359928126	-0.0272424464211	0.0152678642768	-0.0981873839431	-0.0311298877639	-0.0177077921342	0.00293242493512	-0.0327608765962	-0.0378912119744	-0.0372503971096	0.0110024705525	-0.0663891748565	-0.0195000869361	-0.00419947020024	-0.0246034476254	-0.0409428119493	-0.000407817929069	0.0409508040897	-0.00920656062143	-0.0228614800783	0.0390901601398	0.0184499852775	0.00737785695423
k__Bacteria;p__Bacteroidetes;c__Bacteroidia;o__Bacteroidales;f__Rikenellaceae;g__Alistipes;s__Alistipes_obesi	-0.0134673209489	-0.0538574944759	0.00597014756726	0.0323407386969	0.00795065972664	0.0538190354119	0.0638442936638	-0.0205526146685	-0.0740445231245	-0.00946752924971	-0.0250633842018	-0.0341586823295	-0.0455429510443	1.0	-0.0388851491911	-0.0426220233624	-0.054489285274	-0.0268760609884	0.00562672031538	0.0300959691959	-0.0455893483393	0.0309258661049	0.0161916328199	0.0103714810363	-0.0256132822293	0.0226028540872	0.0084762319861	-0.0039260896132	-0.095842201573	0.0354750745624	0.0378829390721	-0.0537630719425	-0.0541910075013	-0.0173754443311	-0.000783617704681	-0.0503741126635	-0.0571048807383	0.0580490909512	-0.00902307358052	-0.0534356691692	0.0584733692971	0.016871202453	-0.0110539460519	-0.0518352735441	-0.0398542573938	-0.038575512477	-0.0703845004034	-0.00736918416218	0.0013627123141	-0.0327234432135	-0.0389663847548	0.00349091947591	-0.0161180268719	0.00691672258293	-0.029852616484	-0.0135844181906	-0.0762278847865	-0.048312906322	-0.0301610190045
k__Bacteria;p__Firmicutes;c__Clostridia;o__Clostridiales;f__Lachnospiraceae;g__;s__[Eubacterium]_rectale	-0.047649241355	-0.0036434404619	0.0392108173052	-0.0374280265269	-0.0394377277888	-0.0102321347225	0.0125759914674	-0.050853627502	0.023845164329	-0.0592970715693	0.00330874075319	0.00176934977359	-0.00648168995599	-0.0388851491911	1.0	0.0638946863316	-0.0120354689775	-0.00964155048213	0.00347501027745	-0.0104703661255	0.0306274938977	-0.0351435511814	-0.00836143405916	0.030198821442	0.0247155001388	-0.0488691823555	-0.00820898514441	-0.0173316541248	0.050633554266	-0.060807051948	-0.0686363373236	-0.0320069623721	-0.00421258055412	-0.0181177625599	0.0188233820484	-0.0276229119926	-0.00219175084884	-0.0028327064314	0.0593995925043	0.0397542972302	0.0498058179302	0.0397056597371	0.0256615532986	0.0708843165784	-0.0336156907318	-0.036575747388	0.0170838646423	-0.0154784218553	0.0119652276879	-0.0297774084056	0.0106629125954	-0.0211164147103	-0.049091925114	-0.0551875991957	0.0244638812764	0.0168188655487	-0.0116572535941	0.0167371859927	-0.0217968647516
k__Bacteria;p__Bacteroidetes;c__Bacteroidia;o__Bacteroidales;f__Bacteroidaceae;g__Bacteroides;s__Bacteroides_plebeius	-0.0264755256877	0.0806698728388	-0.0282889525368	-0.028112334765	-0.00463268523256	0.0783341964755	0.0454642951119	-0.0548322876643	0.0155675174377	0.00648018526011	-0.0635484627655	-0.0203435626297	0.0161714169607	-0.0426220233624	0.0638946863316	1.0	-0.0521329938099	-0.0311346824936	0.0153411776084	-0.0531156423276	-0.0326978487604	-0.0246436342939	-0.0861134918468	-0.0118547919817	-0.0205162933967	-0.0272215523376	-0.0102414716312	-0.0456580298571	-0.0478169991382	0.0313606926354	-0.0289663312654	0.0281333572089	-0.0196483057169	-0.0533726355136	0.0109796893269	-0.058512813397	0.119639104777	0.00756138621951	-0.0874107250708	0.0531798043402	0.0626743166789	0.045098403115	-0.0240631083458	-0.0205827308223	-0.0285911587671	0.0245742736247	0.0863828239546	-0.0748306382288	0.0142735873388	-0.0465891815928	0.00287593957899	0.019207424351	-0.0183729737377	-0.0293081773878	-0.0523225757202	0.0516030613942	-0.0142707661659	0.0253043382146	0.00138586645196
k__Bacteria;p__Bacteroidetes;c__Bacteroidia;o__Bacteroidales;f__Bacteroidaceae;g__Bacteroides;s__Bacteroides_fragilis	-0.0144119602732	-0.0238720846672	-0.0843511669588	0.0220644589833	-0.0196365305557	-0.0709526565917	0.0152843415138	0.0378478465661	0.021627455393	-0.0211638951071	0.0644315099611	-0.0214819573032	0.0749047007623	-0.054489285274	-0.0120354689775	-0.0521329938099	1.0	0.0246826478179	0.0288496406657	-0.0345332893311	-0.0432917937776	0.0607390802366	-0.0407858694036	0.0585673535914	0.0605872761096	-0.0528167020925	0.0452207458073	-0.0603767422733	-0.0279022930803	-0.061215657637	0.0584145452634	-0.00539067028151	-0.043724919777	0.0253517909859	0.0164813276337	0.0119586650604	-0.0410188008325	-0.0288650885426	0.0309756155884	-0.00459610964454	-0.00650364029163	-0.00853109105683	0.0241705610595	0.0159428373746	-0.0156719630084	-0.00617634890785	-0.0719181021318	-0.0116040910509	0.0363569353374	0.0512457333788	-0.00855586713261	-0.122540047861	0.021611487813	0.0135263519062	0.0663964940416	-0.02985207256	0.0106711245706	0.0246667135533	0.0752363777103
k__Bacteria;p__Proteobacteria;c__Betaproteobacteria;o__Burkholderiales;f__Sutterellaceae;g__Sutterella;s__Sutterella_wadsworthensis	0.0291598757941	0.0439274057333	-0.0312699965465	0.0123431287978	0.0182818648925	-0.0522638369395	-0.0422889146602	-0.0130551063861	0.0218459500039	-0.0317694699878	-0.0265367952802	0.023868077151	0.00718324126796	-0.0268760609884	-0.00964155048213	-0.0311346824936	0.0246826478179	1.0	-0.0204126598978	0.0591169934081	-0.00917251606867	0.0628678339204	0.0523019748033	0.0415592737007	-0.0671391694049	-0.0414320868716	0.00922012237182	-0.0139083327481	0.001009183672	0.0942777526969	0.0336091971627	0.0201022316656	0.0453990324921	-0.0477740761546	-0.0104298224707	-0.015567999034	-0.00153243708126	5.20864272909e-05	-0.0526477557689	-0.0864082699553	-0.036380685544	0.102521352859	-0.0834153622325	-0.000450908023989	0.0323456789929	-0.0274930801223	-0.0293350738658	0.0321615750923	-0.0774778838647	-0.00883104401367	-0.0606486040506	-0.0617808204308	-0.0916572881499	-0.0816135447118	-0.0127453766403	-0.0632932213826	0.0265436833315	0.0615377189766	0.0192255798618
k__Bacteria;p__Bacteroidetes;c__Bacteroidia;o__Bacteroidales;f__Porphyromonadaceae;g__Barnesiella;s__Barnesiella_intestinihominis	-0.0236102012943	0.013099338592	-0.0592774592719	0.0356005334995	-0.0286098162746	0.0286043883062	-0.0429687761164	-0.054943142629	0.0665254273058	-0.0109149756279	-0.0179526047999	0.062335452444	0.0059243182547	0.00562672031538	0.00347501027745	0.0153411776084	0.0288496406657	-0.0204126598978	1.0	-0.0756532055534	-0.0153821477202	0.0422996767763	-0.020994853965	-0.0979830325783	-0.0489620208785	0.0509444103571	0.006315522469	-0.0517240609499	-0.00567051394703	-0.00340728502027	0.009836781922	0.0204073210696	-0.0578412923981	0.00214012198316	-0.0119835662097	-0.0730128717773	0.00699354448683	-0.0348945327697	-0.0145802789052	0.020778004822	0.0149351307815	-0.0122515000601	-0.0748067874529	-0.030023403061	-0.03699318442	-0.0267503796663	-0.0106586815615	0.0399611281825	-0.0240636288679	0.0158767852647	-0.0368773838736	-0.0290752893072	-0.00747190078475	0.0107184042397	0.0599601988783	-0.0258470633322	-0.0431446347543	-0.0199049301413	0.000454806365252
k__Bacteria;p__Bacteroidetes;c__Bacteroidia;o__Bacteroidales;f__Odoribacteraceae;g__Odoribacter;s__Odoribacter_splanchnicus	-0.0154158939922	-0.0417337656335	-0.0512448513059	0.0770155977807	-0.00359860622919	-0.0473176780748	0.0103971298228	0.0286107319776	-0.0579601078631	0.00278966192092	-0.0478468852904	-0.0676726860889	0.0870316543181	0.0300959691959	-0.0104703661255	-0.0531156423276	-0.0345332893311	0.0591169934081	-0.0756532055534	1.0	-0.0114787372511	-0.0524664451873	-0.0407109227774	-0.0219467532856	-0.0354865550131	-0.0331286322181	0.00856337250987	-0.000265988840864	-0.0757780054207	0.0053903394973	-0.0704880723797	-0.00910167574167	-0.0887208079375	0.0565676730036	0.041120202474	-0.11120789618	-0.0225053584047	0.0169518385145	-0.0539016854854	-0.0372590623628	-0.0696592189992	-0.0329351466084	0.0587034312295	-0.0299877511253	-0.0127253665488	-0.031355354159	-0.0883029819712	-0.107041228206	-0.0114860094032	-0.0345994205834	-0.0121550205424	-0.040559889154	0.00798670564877	0.0354576089135	0.0152998266256	-0.029174800321	0.033111793163	0.0312275427483	-0.0775220440661
k__Bacteria;p__Bacteroidetes;c__Bacteroidia;o__Bacteroidales;f__Bacteroidaceae;g__Bacteroides;s__Bacteroides_salyersiae	-0.04625179171	0.0331361216307	0.0298309043421	-0.0371844974793	0.0313299335262	-0.0530531528913	0.0044325832713	-0.0393477866147	-0.0253122476561	0.0161098271794	-0.0653342584879	0.0375668148862	-0.0183104720891	-0.0455893483393	0.0306274938977	-0.0326978487604	-0.0432917937776	-0.00917251606867	-0.0153821477202	-0.0114787372511	1.0	-0.0676945785477	0.019883872497	-0.0182102406062	-0.00530545569082	0.0147999292226	-0.00541817359895	0.08286601673	-0.0128616227767	-0.0650048399341	-0.0205107173436	0.0248202784631	0.0122582109771	-0.0392931664437	0.0322192312415	0.0220156541696	-0.0492656364446	-0.0778847385684	-0.0164336472724	0.0333833831719	0.0160849009492	0.0248625773431	0.0928862323219	-0.00452416412343	-0.0170847001415	-0.0475338092379	-0.0235914935354	-0.0805712559089	-0.0684564013511	-0.0401694269518	-0.0397375379694	-0.0334557983666	0.0776973896081	0.0295656135037	0.0190698945876	-0.0612451575418	-0.0122163321932	-0.0604422211554	-0.0654695972855
k__Bacteria;p__Firmicutes;c__Clostridia;o__Clostridiales;f__Ruminococcaceae;g__Ruminiclostridium;s__[Eubacterium]_siraeum	0.0793425638571	0.0376138689372	0.0107065724832	0.0474957125691	-0.0574530120883	0.0447496988027	-0.0871726969535	0.012025021972	0.011441756829	-0.00937443928661	-0.0722913568092	-0.0121921653752	-0.0950438041873	0.0309258661049	-0.0351435511814	-0.0246436342939	0.0607390802366	0.0628678339204	0.0422996767763	-0.0524664451873	-0.0676945785477	1.0	0.000406273110597	0.0190825092257	0.0308830871166	0.00562473491791	-0.058744346145	0.0438214807959	-0.0340986709305	-0.0238066059612	-0.0746417071596	0.0444823794779	-0.0847701803483	-0.0197456218121	-0.0338780154345	0.0425209861587	0.038101044585	-0.00152670237392	0.0343791704477	0.0127405661644	-0.031419164614	-0.0366698817685	-0.0283248296258	-0.00843830520391	-0.0383360583066	-0.00107631057505	-0.0119397919313	-0.000232049957218	0.00197678186537	0.0554785603234	-0.0565968511315	0.0269586695685	-0.0352997244487	-0.032810072255	-0.00880834026437	-0.0120403986677	0.0149650103458	-0.0151904022317	-0.048392507446
k__Bacteria;p__Proteobacteria;c__Betaproteobacteria;o__Burkholderiales;f__Sutterellaceae;g__Parasutterella;s__Parasutterella_excrementihominis	-0.00269529166193	-0.14484044181	0.0282699173568	-0.0759695354527	0.0231340613817	-0.0464683336819	-0.0618182079931	0.0481798847906	-0.0694104481299	0.0215201874461	-0.0387483665272	-0.00130306610855	-0.0412266170356	0.0161916328199	-0.00836143405916	-0.0861134918468	-0.0407858694036	0.0523019748033	-0.020994853965	-0.0407109227774	0.019883872497	0.000406273110597	1.0	-0.0269048395704	-0.0375698068748	-0.0207752657257	0.0625030219191	0.00196534133115	-0.0733566871241	-0.0117996562894	0.0498507154379	0.0148626677133	0.0441994580236	-0.0848515726056	-0.0524108125529	0.0401274707422	0.000363698240262	-0.000906973765346	0.0343503946267	-0.012210089297	-0.0496087161488	0.0197358311548	-0.0250438308524	0.0664067012283	-0.052688412726	-0.0874485499921	0.00122781729242	-0.0161932785933	0.00224125450387	-0.0117402506838	-0.062380014296	-0.05787575278	-0.0135699313535	0.0641910465811	-0.0681051022721	-0.0532460564012	-0.000667883091271	-0.0339868784451	0.0368210230948
k__Bacteria;p__Actinobacteria;c__Actinobacteria;o__Bifidobacteriales;f__Bifidobacteriaceae;g__Bifidobacterium;s__Bifidobacterium_adolescentis	0.0380106447684	0.0212409273989	0.0350156690969	-0.0262978007189	-0.0308475201324	-0.0444987460391	0.0377778116855	-0.0475153565193	-0.0369092084637	-0.0931069583954	0.0171262213528	-0.0152011670004	-0.00925957017685	0.0103714810363	0.030198821442	-0.0118547919817	0.0585673535914	0.0415592737007	-0.0979830325783	-0.0219467532856	-0.0182102406062	0.0190825092257	-0.0269048395704	1.0	0.0239672793656	-0.0696703007755	-0.0436024562136	-0.0546909750836	-0.0854314517942	-0.0469650900573	0.0863255018326	-0.0728235534469	0.0485127468793	0.0672541509484	-0.0282880318449	-0.0925467467285	-0.0175655743367	-0.0308973034067	0.0559183521647	0.0333589464782	-0.0570465966659	-0.0496274249257	-0.0406197926102	-0.00865847880432	-0.0168977793055	0.0242035311751	-0.0424986052414	-0.034636057206	0.00018802132884	-0.0250958618906	0.00437563731562	0.000115211406901	0.0102077016228	0.00545303711875	-0.0870767241515	-0.0319175317632	-0.0643730872049	-0.0120555475446	0.0375222002072
k__Bacteria;p__Firmicutes;c__Clostridia;o__Clostridiales;f__Oscillospiraceae;g__Oscillibacter;s__Oscillibacter_sp._KLE_1745	-0.0200548284422	0.0210830964911	-0.127201918709	-0.0772932824977	0.0484500644279	0.012687685555	0.0298543221508	-0.0722261303368	-0.00354293363908	0.00482233192442	0.0221627870848	-0.0414706082783	0.0984518839231	-0.0256132822293	0.0247155001388	-0.0205162933967	0.0605872761096	-0.0671391694049	-0.0489620208785	-0.0354865550131	-0.00530545569082	0.0308830871166	-0.0375698068748	0.0239672793656	1.0	0.0287194825474	0.0140736433551	-0.0425465311359	-0.047983318236	0.00956639851373	0.00188444628845	0.0844510649543	0.0271100415383	-0.0175741322857	-0.0477977634399	0.0360684384547	-0.030623621781	0.00981190080956	-0.0554877281274	-0.047535473162	0.0343321497157	-0.0117261688008	-0.0117403359865	0.0162417311985	-0.0390519199237	-0.0312147311512	-0.0340243200883	-0.0423709492037	0.01846076777	0.0204134770816	0.0481332227899	-0.0544491261643	0.0908786641961	0.0521065470183	-0.0478477330885	-0.0563086975637	-0.0234876064293	0.0205619058612	-0.071392976546
k__Bacteria;p__Bacteroidetes;c__Bacteroidia;o__Bacteroidales;f__Bacteroidaceae;g__Bacteroides;s__Bacteroides_coprophilus	-0.030795787945	-0.0148746739036	-0.0157249761779	0.029703350267	0.035101908093	-0.0261583159235	-0.05652729109	-0.0082972624362	-0.00180848324371	-0.00128752597451	-0.0109638836036	-0.0489838910848	-0.0511112528532	0.0226028540872	-0.0488691823555	-0.0272215523376	-0.0528167020925	-0.0414320868716	0.0509444103571	-0.0331286322181	0.0147999292226	0.00562473491791	-0.0207752657257	-0.0696703007755	0.0287194825474	1.0	0.0162067665406	0.00118036780694	-0.0232860244818	0.00499278826331	-0.0373675427858	-0.0287214033418	-0.0444166484911	-0.0506751404302	-0.0255118002409	0.0166977970974	0.0149753211542	0.0811991667306	-0.0204777117073	0.000837346607974	0.00023432072484	0.0479578546865	0.000172477622969	-0.0491903722055	0.0249796017204	-0.0365592496499	-0.0929573084712	0.0240645862071	-0.0253075947655	-0.010901960263	0.0451614532609	-0.0377041717795	-0.00253502032661	-0.0372046809398	-0.0694021841113	-0.0167627786346	0.00457029399135	-0.0730387806162	-0.0232625090176
k__Bacteria;p__Firmicutes;c__Clostridia;o__Clostridiales;f__Lachnospiraceae;g__Roseburia;s__Roseburia_intestinalis	-0.0190053065996	-0.030906712808	0.0105813440141	0.0302554994032	-0.0234918624338	-0.0393596886981	-0.0193256538003	-0.0798427332686	0.0809636681534	-0.100834910833	0.0103655896666	-0.0380065973421	-0.0692569243972	0.0084762319861	-0.00820898514441	-0.0102414716312	0.0452207458073	0.00922012237182	0.006315522469	0.00856337250987	-0.00541817359895	-0.058744346145	0.0625030219191	-0.0436024562136	0.0140736433551	0.0162067665406	1.0	-0.063655177266	-0.0371558993501	-0.0206262919196	-6.73137592495e-05	0.0182571965669	0.0274519511257	0.0142405758144	-0.0041246028546	0.0183363500662	0.0122422121591	0.00352166503143	0.0234368307184	-0.0605498462926	0.000659424904473	-0.123120209676	0.0176136636257	-0.0235967465425	-0.000608032203937	0.0245669685764	-0.0649471788933	0.0102423152695	-0.0305957661413	-0.0496494799175	0.0128525835141	-0.0151168899595	0.0667273995915	0.0209911840687	-0.0422889305943	0.00682254850928	-0.0308861798387	-0.047871441043	0.0217023360029
k__Bacteria;p__Firmicutes;c__Clostridia;o__Clostridiales;f__Lachnospiraceae;g__Roseburia;s__Roseburia_hominis	-0.0529461721256	-0.0679506396696	0.0354510275407	-0.0810807786169	0.0511475921738	0.0320959643443	-0.035707595518	0.0150211761524	0.0405950424998	0.0279739537257	0.0351200914698	0.0488854982815	-0.0056484632831	-0.0039260896132	-0.0173316541248	-0.0456580298571	-0.0603767422733	-0.0139083327481	-0.0517240609499	-0.000265988840863	0.08286601673	0.0438214807959	0.00196534133115	-0.0546909750836	-0.0425465311359	0.00118036780694	-0.063655177266	1.0	0.030020707213	-0.0587005573831	-0.00156879104984	-0.0464104205044	-0.0854812259642	-0.0108247649164	0.0552859327995	-0.0234081246408	-0.00672686400421	-0.0122312540512	0.0113050842202	-0.0313950926409	-0.0579556073869	-0.0488760958279	0.00199669194268	-0.0280280678875	-0.0203977317496	-0.0165842746566	-0.0958899570525	0.015745479559	0.0535687831482	-0.0138897753575	-0.0408570783044	0.0304337551967	0.0652595086536	0.0447876222163	0.0220744237131	-0.0596269921434	-0.0403617558651	0.00726735666775	-0.0867448242787
k__Bacteria;p__Bacteroidetes;c__Bacteroidia;o__Bacteroidales;f__Porphyromonadaceae;g__Parabacteroides;s__Parabacteroides_johnsonii	-0.0176122554752	-0.0797649990274	-0.0224944763227	-0.0169194922769	-0.0146930434048	0.0183353708838	-0.0870053229383	-0.0130699786829	0.000284567010695	-0.0447547493141	0.0850864802847	0.00170148402135	-0.0327700530034	-0.095842201573	0.050633554266	-0.0478169991382	-0.0279022930803	0.001009183672	-0.00567051394703	-0.0757780054207	-0.0128616227767	-0.0340986709305	-0.0733566871241	-0.0854314517942	-0.047983318236	-0.0232860244818	-0.0371558993501	0.030020707213	1.0	-0.0418476105777	0.0649638900288	0.0515285657688	-0.0208143096214	0.0429354433602	-0.028498007148	-0.0558467613539	-0.0418301696897	0.0625153666765	0.02031696666	0.0193364929487	-0.0666948322902	0.0144912371158	0.0467017345081	-0.0417322062605	0.00574924241813	0.00703427756454	0.0218544069239	0.0425735861466	-0.0408155417476	0.0278617206223	-0.02184608583	-0.0134005455327	-0.0327272037316	-0.0198010623244	0.0468463525765	-0.0405563451384	-0.0504631241633	-0.0666993658808	0.061443810727
k__Bacteria;p__Actinobacteria;c__Actinobacteria;o__Bifidobacteriales;f__Bifidobacteriaceae;g__Bifidobacterium;s__Bifidobacterium_longum	-0.0484976666877	-0.0218465202289	-0.0263408847335	0.117701979782	-0.0658755503168	-0.11055244086	-0.0617996352958	0.113314188	0.0458492418632	-0.0414417763919	0.00590471855063	-0.00480025577791	0.020866840847	0.0354750745624	-0.060807051948	0.0313606926354	-0.061215657637	0.0942777526969	-0.00340728502027	0.0053903394973	-0.0650048399341	-0.0238066059612	-0.0117996562894	-0.0469650900573	0.00956639851373	0.00499278826331	-0.0206262919196	-0.0587005573831	-0.0418476105777	1.0	0.0647123733911	0.0149254843762	-0.0268253269546	0.0159572000139	-0.00189436835428	0.0450659823064	-0.0531109255696	-0.0111161831195	-0.0127670174299	0.0516142295292	-0.0560345987196	-0.0421861169917	-0.0558095738032	-0.0233881716202	-0.0336050469501	-0.011130650337	-0.0611661467628	0.0187149600532	0.0498321059943	-0.0494143384876	-0.0308373831285	-0.00629146773222	0.0246682084151	-0.0913847854635	-0.0726373655715	0.0398985408593	0.0124863932049	0.0341656121283	0.0220195490025
