#taxonomy	k__Bacteria;p__Bacteroidetes;c__Bacteroidia;o__Bacteroidales;f__Bacteroidaceae;g__Bacteroides;s__Bacteroides_vulgatus	k__Bacteria;p__Bacteroidetes;c__Bacteroidia;o__Bacteroidales;f__Bacteroidaceae;g__Bacteroides;s__Bacteroides_uniformis	k__Bacteria;p__Bacteroidetes;c__Bacteroidia;o__Bacteroidales;f__Rikenellaceae;g__Alistipes;s__Alistipes_putredinis	k__Bacteria;p__Bacteroidetes;c__Bacteroidia;o__Bacteroidales;f__Prevotellaceae;g__Prevotella;s__Prevotella_copri	k__Bacteria;p__Bacteroidetes;c__Bacteroidia;o__Bacteroidales;f__Bacteroidaceae;g__Bacteroides;s__Bacteroides_stercoris	k__Bacteria;p__Bacteroidetes;c__Bacteroidia;o__Bacteroidales;f__Bacteroidaceae;g__Bacteroides;s__Bacteroides_ovatus	k__Bacteria;p__Bacteroidetes;c__Bacteroidia;o__Bacteroidales;f__Rikenellaceae;g__Alistipes;s__Alistipes_shahii	k__Bacteria;p__Firmicutes;c__Clostridia;o__Clostridiales;f__Ruminococcaceae;g__Faecalibacterium;s__Faecalibacterium_prausnitzii	k__Bacteria;p__Bacteroidetes;c__Bacteroidia;o__Bacteroidales;f__Rikenellaceae;g__Alistipes;s__Alistipes_finegoldii	k__Bacteria;p__Bacteroidetes;c__Bacteroidia;o__Bacteroidales;f__Porphyromonadaceae;g__Parabacteroides;s__Parabacteroides_distasonis	k__Bacteria;p__Bacteroidetes;c__Bacteroidia;o__Bacteroidales;f__Bacteroidaceae;g__Bacteroides;s__Bacteroides_thetaiotaomicron	k__Bacteria;p__Bacteroidetes;c__Bacteroidia;o__Bacteroidales;f__Bacteroidaceae;g__Bacteroides;s__Bacteroides_coprocola	k__Bacteria;p__Bacteroidetes;c__Bacteroidia;o__Bacteroidales;f__Bacteroidaceae;g__Bacteroides;s__Bacteroides_cellulosilyticus	k__Bacteria;p__Bacteroidetes;c__Bacteroidia;o__Bacteroidales;f__Rikenellaceae;g__Alistipes;s__Alistipes_obesi	k__Bacteria;p__Firmicutes;c__Clostridia;o__Clostridiales;f__Lachnospiraceae;g__;s__[Eubacterium]_rectale	k__Bacteria;p__Bacteroidetes;c__Bacteroidia;o__Bacteroidales;f__Bacteroidaceae;g__Bacteroides;s__Bacteroides_plebeius	k__Bacteria;p__Bacteroidetes;c__Bacteroidia;o__Bacteroidales;f__Bacteroidaceae;g__Bacteroides;s__Bacteroides_fragilis	k__Bacteria;p__Proteobacteria;c__Betaproteobacteria;o__Burkholderiales;f__Sutterellaceae;g__Sutterella;s__Sutterella_wadsworthensis	k__Bacteria;p__Bacteroidetes;c__Bacteroidia;o__Bacteroidales;f__Porphyromonadaceae;g__Barnesiella;s__Barnesiella_intestinihominis	k__Bacteria;p__Bacteroidetes;c__Bacteroidia;o__Bacteroidales;f__Odoribacteraceae;g__Odoribacter;s__Odoribacter_splanchnicus	k__Bacteria;p__Bacteroidetes;c__Bacteroidia;o__Bacteroidales;f__Bacteroidaceae;g__Bacteroides;s__Bacteroides_salyersiae	k__Bacteria;p__Firmicutes;c__Clostridia;o__Clostridiales;f__Ruminococcaceae;g__Ruminiclostridium;s__[Eubacterium]_siraeum	k__Bacteria;p__Proteobacteria;c__Betaproteobacteria;o__Burkholderiales;f__Sutterellaceae;g__Parasutterella;s__Parasutterella_excrementihominis	k__Bacteria;p__Actinobacteria;c__Actinobacteria;o__Bifidobacteriales;f__Bifidobacteriaceae;g__Bifidobacterium;s__Bifidobacterium_adolescentis	k__Bacteria;p__Firmicutes;c__Clostridia;o__Clostridiales;f__Oscillospiraceae;g__Oscillibacter;s__Oscillibacter_sp._KLE_1745	k__Bacteria;p__Bacteroidetes;c__Bacteroidia;o__Bacteroidales;f__Bacteroidaceae;g__Bacteroides;s__Bacteroides_coprophilus	k__Bacteria;p__Firmicutes;c__Clostridia;o__Clostridiales;f__Lachnospiraceae;g__Roseburia;s__Roseburia_intestinalis	k__Bacteria;p__Firmicutes;c__Clostridia;o__Clostridiales;f__Lachnospiraceae;g__Roseburia;s__Roseburia_hominis	k__Bacteria;p__Bacteroidetes;c__Bacteroidia;o__Bacteroidales;f__Porphyromonadaceae;g__Parabacteroides;s__Parabacteroides_johnsonii	k__Bacteria;p__Actinobacteria;c__Actinobacteria;o__Bifidobacteriales;f__Bifidobacteriaceae;g__Bifidobacterium;s__Bifidobacterium_longum	k__Bacteria;p__Firmicutes;c__Clostridia;o__Clostridiales;f__;g__Flavonifractor;s__Flavonifractor_plautii	k__Bacteria;p__Firmicutes;c__Clostridia;o__Clostridiales;f__Clostridiaceae;g__Clostridium;s__Clostridium_phoceensis	k__Bacteria;p__Verrucomicrobia;c__Verrucomicrobiae;o__Verrucomicrobiales;f__Akkermansiaceae;g__Akkermansia;s__Akkermansia_muciniphila	k__Bacteria;p__Bacteroidetes;c__Bacteroidia;o__Bacteroidales;f__Prevotellaceae;g__Paraprevotella;s__Paraprevotella_xylaniphila	k__Bacteria;p__Firmicutes;c__Clostridia;o__Clostridiales;f__Ruminococcaceae;g__Ruminococcus;s__Ruminococcus_callidus	k__Bacteria;p__Bacteroidetes;c__Bacteroidia;o__Bacteroidales;f__Rikenellaceae;g__Alistipes;s__Alistipes_senegalensis	k__Bacteria;p__Firmicutes;c__Clostridia;o__Clostridiales;f__Lachnospiraceae;g__Blautia;s__Blautia_sp._KLE_1732	k__Bacteria;p__Bacteroidetes;c__Bacteroidia;o__Bacteroidales;f__Bacteroidaceae;g__Bacteroides;s__Bacteroides_oleiciplenus	k__Bacteria;p__Firmicutes;c__Clostridia;o__Clostridiales;f__Ruminococcaceae;g__Ruminococcus;s__Ruminococcus_bicirculans	k__Bacteria;p__Bacteroidetes;c__Bacteroidia;o__Bacteroidales;f__Bacteroidaceae;g__Bacteroides;s__Bacteroides_fluxus	k__Bacteria;p__Bacteroidetes;c__Bacteroidia;o__Bacteroidales;f__Prevotellaceae;g__Prevotella;s__Prevotella_stercorea	k__Bacteria;p__Firmicutes;c__Clostridia;o__Clostridiales;f__Lachnospiraceae;g__Dorea;s__Dorea_longicatena	k__Bacteria;p__Firmicutes;c__Clostridia;o__Clostridiales;f__Eubacteriaceae;g__Eubacterium;s__[Eubacterium]_eligens	k__Bacteria;p__Firmicutes;c__Clostridia;o__Clostridiales;f__Ruminococcaceae;g__;s__Ruminococcaceae_bacterium_D16	k__Bacteria;p__Firmicutes;c__Clostridia;o__Clostridiales;f__Lachnospiraceae;g__Coprococcus;s__Coprococcus_comes	k__Bacteria;p__Proteobacteria;c__Gammaproteobacteria;o__Enterobacterales;f__Enterobacteriaceae;g__Escherichia;s__Escherichia_coli	k__Bacteria;p__Firmicutes;c__Clostridia;o__Clostridiales;f__Ruminococcaceae;g__Anaerotruncus;s__Anaerotruncus_colihominis	k__Bacteria;p__Firmicutes;c__Clostridia;o__Clostridiales;f__Lachnospiraceae;g__Blautia;s__Blautia_obeum	k__Bacteria;p__Bacteroidetes;c__Bacteroidia;o__Bacteroidales;f__Odoribacteraceae;g__Odoribacter;s__Odoribacter_laneus	k__Bacteria;p__Firmicutes;c__Clostridia;o__Clostridiales;f__Ruminococcaceae;g__Ruminiclostridium;s__[Clostridium]_leptum	k__Bacteria;p__Bacteroidetes;c__Bacteroidia;o__Bacteroidales;f__Porphyromonadaceae;g__Parabacteroides;s__Parabacteroides_goldsteinii	k__Bacteria;p__Firmicutes;c__Clostridia;o__Clostridiales;f__Lachnospiraceae;g__Anaerostipes;s__Anaerostipes_hadrus	k__Bacteria;p__Firmicutes;c__Clostridia;o__Clostridiales;f__Ruminococcaceae;g__Ruminococcus;s__Ruminococcus_lactaris	k__Bacteria;p__Firmicutes;c__Clostridia;o__Clostridiales;f__Clostridiaceae;g__Clostridium;s__Clostridium_sp._L2-50	k__Bacteria;p__Firmicutes;c__Clostridia;o__Clostridiales;f__Clostridiaceae;g__Clostridium;s__Clostridium_sp._M62/1	k__Bacteria;p__Firmicutes;c__Clostridia;o__Clostridiales;f__;g__Intestinimonas;s__Intestinimonas_butyriciproducens	k__Bacteria;p__Actinobacteria;c__Actinobacteria;o__Bifidobacteriales;f__Bifidobacteriaceae;g__Bifidobacterium;s__Bifidobacterium_bifidum	k__Bacteria;p__Firmicutes;c__Negativicutes;o__Veillonellales;f__Veillonellaceae;g__Dialister;s__Dialister_invisus	k__Bacteria;p__Bacteroidetes;c__Bacteroidia;o__Bacteroidales;f__Bacteroidaceae;g__Bacteroides;s__Bacteroides_salanitronis
k__Bacteria;p__Bacteroidetes;c__Bacteroidia;o__Bacteroidales;f__Bacteroidaceae;g__Bacteroides;s__Bacteroides_vulgatus	1.0	-0.0204256190591	-0.013889482294	0.00628519521793	-0.007850213531	-0.0401923770723	0.0495064101681	0.011017417574	-0.0505158674677	-0.0672408962123	-0.0199738607093	0.0445020114329	0.013736999092	0.0532641607574	-0.0233846100247	-0.0466041859895	-0.00787023764536	-0.0582859611198	-0.12602086499	0.0418360891086	-0.0329606658872	0.041056579329	-0.0220613615753	0.0167813814062	0.0258034021011	0.00271001470742	-0.0069814856028	0.0194360386135	-0.0431190588005	-0.0624753024687	-0.0454107593862	0.0101343794821	-0.0311419500643	0.0150063777131	0.0521572632587	-0.00416075386635	0.011227613087	-0.0536515582506	-0.0120452932441	0.00420300155019	-0.0154726320052	0.0182469263563	-0.0298035361538	-0.0403808635291	-0.0443098931074	0.0451359749308	-0.0339817281909	0.0311855202666	0.0187245881051	-0.0162323637757	0.0796759045617	-0.0729729517111	-0.0503150113102	0.0261099171215	0.0485577791871	-0.0211654643264	-0.0209307068175	-0.0714016180547	-0.00290360885354
k__Bacteria;p__Bacteroidetes;c__Bacteroidia;o__Bacteroidales;f__Bacteroidaceae;g__Bacteroides;s__Bacteroides_uniformis	-0.0204256190591	1.0	-0.0229629210159	-0.00924193326725	-0.0195269905919	-0.0238706587945	-0.00579424560119	0.0861034097392	-0.0274781196639	-0.0237511931539	-0.030142713734	0.00780501897473	-0.00119425316309	0.00675701656237	0.00388906571648	-0.0561717122485	-0.0270546528948	-0.0538591725457	-0.0270683010918	0.0856571928893	0.0181679278569	0.0158850824739	0.0108441610098	-0.077772255436	-0.0630278509007	0.0147623801827	-0.0069271761888	0.0879373045732	0.0184591608753	0.0382130291324	-0.0544200614019	-0.0476299428374	0.0592214771987	0.0409830854042	-0.0338217688548	-0.0080930812713	-0.0355017640908	0.0142890030911	-0.00716624926476	-0.0288681400135	0.0380465828185	-0.0512583689109	0.0416694298219	-0.0261360982674	0.00190578982306	0.0102186271842	0.0432856848756	0.00998100787327	-0.111553683534	0.00279389969307	-0.0081173243119	-0.000866004858137	-0.0401395460158	-0.000324645951938	0.00753573065119	0.0108050017158	-0.0535250105898	0.0357923485511	0.017224715736
k__Bacteria;p__Bacteroidetes;c__Bacteroidia;o__Bacteroidales;f__Rikenellaceae;g__Alistipes;s__Alistipes_putredinis	-0.013889482294	-0.0229629210159	1.0	-0.0634111046162	-0.0244334620798	-0.0734564619619	-0.0159528436399	-0.0218399945923	-0.0194552299767	-0.0347748090969	0.0105199744653	0.0215414394417	-0.00731905492051	-0.047718684134	-0.0902500926512	-0.0453710720157	-0.0213317314862	0.0419687692792	-0.107333778532	0.0179038547647	-0.0287249373026	0.0085344946543	0.0555296085368	0.0362854532018	-0.0513202112309	0.0225960595574	-0.0363858560118	-0.0245668408094	0.0592778775323	-0.0303798507481	-0.0167939725616	-0.0667653526931	-0.00205413103845	-0.0607859969981	-0.0105783407401	-0.0816419312551	-0.00114058573982	-0.0425686244707	0.0294106192646	0.0246025254249	-0.00608747282948	-0.057449543301	-0.03218660724	-0.0029411931189	-0.0570442593528	0.00977796650688	-0.0236225518797	-0.0756180448269	-0.0618022986289	0.00950346481614	0.0622953883118	-0.0458660616281	0.0564331145972	-0.0109283851424	0.00723559236807	-0.0136004119698	0.0280330216992	-0.0200411494504	-0.0443959120108
k__Bacteria;p__Bacteroidetes;c__Bacteroidia;o__Bacteroidales;f__Prevotellaceae;g__Prevotella;s__Prevotella_copri	0.00628519521793	-0.00924193326725	-0.0634111046162	1.0	-0.0383472500371	-0.0467492208903	-0.0523041254403	-0.0212129925485	0.0202799411087	-0.0225367026215	0.0206868247166	-0.0316826607268	-0.00244916338988	0.00568534617137	-0.00623150962356	-0.0351611318043	0.0303745610128	-0.0123172958421	-0.0390000492706	0.0257284815969	0.00246377363656	-0.0297982275245	0.0196693303797	0.0128045185937	-0.0129368994893	-1.43323689699e-05	-0.0204395289097	0.0117702057777	-0.0648252218211	0.00987503628018	-0.0786254858156	-0.00936290021467	0.0321944694021	-0.0992188291937	-0.0629929151823	-0.0519640694865	-0.0423995354606	-0.0153969652908	-0.0283762986641	0.00147872544534	-0.018866644074	-0.0858675291508	-0.0167447892874	0.00328163428614	-0.0469658889303	-0.0179036247007	-0.0463541722083	0.00844137711559	0.053487773281	-0.00720954613692	-0.0293109344234	0.040177247569	-0.037564133945	0.00456363723561	-0.00331645582621	-0.0223832426322	-0.0335661993786	-0.0164192872233	0.00347248359012
k__Bacteria;p__Bacteroidetes;c__Bacteroidia;o__Bacteroidales;f__Bacteroidaceae;g__Bacteroides;s__Bacteroides_stercoris	-0.007850213531	-0.0195269905919	-0.0244334620798	-0.0383472500371	1.0	0.00108557195884	0.0157935089201	-0.0775077405115	0.0238142940105	0.0523202670776	0.00917837229495	0.0111875015938	-0.0359737243404	0.0407446368815	0.0698687929396	0.0217934936333	-0.0248285136211	-0.0606806519775	-0.0406042385813	-0.00719230616316	0.000379143697178	0.007966537919	-0.0671777181382	0.0465408698109	0.0266440505838	-0.0499994742808	-0.0787708743653	-0.0512049211	0.0197185841377	-0.11015536854	0.0378287058364	-0.0205113675239	0.0468220943781	0.0498211729686	-0.0653479979263	0.0153508741604	0.071381310979	0.0623216675009	-0.0188372973314	0.0842724158217	0.0573587492883	-0.0303315363686	-0.00427773975424	-0.0418233578741	-0.00563397501102	-0.0552391397622	-0.036761312054	-0.0274037487133	0.0505859517233	-0.00885017966758	-0.0508945887098	0.0366195277574	0.0369917583746	0.0511356867277	-0.00874539693387	0.058063142358	-0.0941585931915	-0.0624347760935	-0.0235864625996
k__Bacteria;p__Bacteroidetes;c__Bacteroidia;o__Bacteroidales;f__Bacteroidaceae;g__Bacteroides;s__Bacteroides_ovatus	-0.0401923770723	-0.0238706587945	-0.0734564619619	-0.0467492208903	0.00108557195884	1.0	0.0989080935505	-0.0139141329512	0.0445611083091	0.0256035062768	-0.0179950550964	-0.00864415608658	-0.00505280605722	-0.0516926280345	0.0126137880832	-0.0294024918832	-0.034096099898	0.00670517308031	0.00464484032681	0.0175126795884	-0.0428336096291	0.020455466706	-0.041855827745	-0.017867936736	0.00982187880696	-0.0332944097813	-0.128582972734	0.0176489523029	-0.00723386922003	-0.0379992348316	0.00225108262156	0.0532546736886	0.0844856126163	-0.0653293655489	0.0121301873499	-0.015318463409	-0.077121264604	0.0196837751692	0.0277630443985	0.0135740258283	0.00788601886764	0.0106532480493	-0.0459410570507	0.00041007656889	0.00721245749918	0.00154435025626	0.0259268862825	0.000458574780545	-0.00171408179786	-0.00190716197574	-0.0977336491998	0.0334671632925	0.00354628849665	0.0462184239007	-0.0465608754522	0.0212404457333	-0.0354534838343	0.00104283489846	0.0549368430609
k__Bacteria;p__Bacteroidetes;c__Bacteroidia;o__Bacteroidales;f__Rikenellaceae;g__Alistipes;s__Alistipes_shahii	0.0495064101681	-0.00579424560119	-0.0159528436399	-0.0523041254403	0.0157935089201	0.0989080935505	1.0	-0.00804326153295	-0.000894112031087	0.00762444120834	-0.0245670406025	8.40680374815e-05	-0.0486264231059	0.00544714677064	-0.0466691456953	-0.0186500016516	-0.018239143023	-0.0216902994531	-0.0229549589511	0.00470577724873	0.0246675414002	-0.0179202399272	-0.0193493356526	-0.0493211256066	0.0565718361363	-0.0595909533044	0.0555792003767	0.00226744092984	0.00470941781749	0.0628129497322	0.111859340383	0.0273988573607	0.0018101039816	-0.0503716542168	0.0789446705714	-0.0530879219814	0.0481902580169	-0.0101643464799	-0.0381106684121	-0.00212521767498	-0.000167097461238	-0.0883729580539	-0.033653814214	-0.0338173984927	-0.00576714906208	-0.0494877484439	-0.0114772109141	-0.0582938647757	-0.0414455835373	0.0128395891746	-0.0350533822403	-0.0515035994569	0.0210896991733	-0.0588814937832	0.00661367533158	-0.0648365640701	-0.0129625435241	0.0332208840115	-0.0163195526164
k__Bacteria;p__Firmicutes;c__Clostridia;o__Clostridiales;f__Ruminococcaceae;g__Faecalibacterium;s__Faecalibacterium_prausnitzii	0.011017417574	0.0861034097392	-0.0218399945923	-0.0212129925485	-0.0775077405115	-0.0139141329512	-0.00804326153295	1.0	0.0133133536452	-0.0744529595116	0.0361717963368	0.0181360673377	0.0401583604536	-0.026044559343	-0.0123746079446	-0.0332260424657	-0.0212067752091	-0.0171297004634	0.00281883841271	-0.0253571910938	0.100607450742	-0.0388531206146	0.0664818760296	0.000210133636569	0.0131843257508	-0.00313346381574	-0.0552227569429	-0.0158262091846	0.033610004424	0.00757654891003	-0.0351184097181	-0.00748900152973	0.0515126702149	-0.03305940501	0.0308633667462	-0.0329659385775	-0.00291750986708	-0.000603710348756	-0.0248322164513	-0.0299111422774	-0.00152366399896	0.000232176417315	-0.0259946279879	-0.0275040919863	0.0428077284714	-0.0773214687474	-0.012286812683	-0.0105375846107	0.0170836631866	0.0275356037301	0.0571419400754	-0.101377980525	-0.0663847351527	-0.0294183443423	-0.00886230806921	0.0312564066306	0.0621216481481	-0.0757094145744	-0.0393456592964
k__Bacteria;p__Bacteroidetes;c__Bacteroidia;o__Bacteroidales;f__Rikenellaceae;g__Alistipes;s__Alistipes_finegoldii	-0.0505158674677	-0.0274781196639	-0.0194552299767	0.0202799411087	0.0238142940105	0.0445611083091	-0.000894112031087	0.0133133536452	1.0	0.0288998875685	-0.0553073286537	-0.0560048710721	0.0443905495921	0.0303663201751	-0.00154309557663	-0.072235808605	0.000803132776777	0.00462201292778	0.0123595756331	-0.0134186905855	0.0586646432615	-0.0186640325464	-0.0956126909666	-0.0733026807951	0.0104633678875	0.0189355545318	-0.0221633637851	0.0832114784331	-0.0056839013311	0.0238155345273	0.0182954460711	0.00497474386196	-0.0609988745072	-0.076591845107	0.0630073021438	-0.0284491527668	-0.0160820971259	-0.00309553962479	0.0202714725329	0.0307196254283	0.0205650598507	-0.0227785838969	0.000600590183531	-0.0250078673223	-0.0258325967569	0.029012239702	-0.00728556217981	0.00313753906021	0.0129709876399	0.00352352195469	-0.00848267193499	0.000247607906874	-0.0926756821757	-0.0818113155666	0.0137106719818	-0.0614202934278	-0.0236036608117	-0.0336627324731	0.0140603328216
k__Bacteria;p__Bacteroidetes;c__Bacteroidia;o__Bacteroidales;f__Porphyromonadaceae;g__Parabacteroides;s__Parabacteroides_distasonis	-0.0672408962123	-0.0237511931539	-0.0347748090969	-0.0225367026215	0.0523202670776	0.0256035062768	0.00762444120834	-0.0744529595116	0.0288998875685	1.0	0.036161025117	0.0697327707194	0.0184921230818	-0.0630439016548	-0.0660750172056	-0.0183012261798	-0.0356942658213	-0.0162800030919	-0.0234243740282	0.0169253733895	-0.0595845826264	0.0264440553041	0.0342648813301	-0.00430610691608	-0.0856931422247	0.0538721896688	0.000634604575179	-0.0668524700257	-0.00630760789023	-0.017662504519	-0.00474895154371	-0.0617676504055	0.00922171324802	0.0220135185618	-0.0199414302814	-0.0106774098167	-0.0451848251672	-0.0334734350523	-0.0100895188062	0.0178774085549	-0.0222736401355	-0.00443387233302	-0.0685475030477	-0.0164937956412	-0.0113588326353	0.0803691860571	0.0801481693255	-0.000229843862994	0.0653915972418	-0.0825988020733	0.0388327065515	0.0645722437241	-0.0747805184533	-0.0139070728023	-0.00799134787008	0.0222870492492	-0.120853454907	-0.0146314374401	0.00278378383477
k__Bacteria;p__Bacteroidetes;c__Bacteroidia;o__Bacteroidales;f__Bacteroidaceae;g__Bacteroides;s__Bacteroides_thetaiotaomicron	-0.0199738607093	-0.030142713734	0.0105199744653	0.0206868247166	0.00917837229495	-0.0179950550964	-0.0245670406025	0.0361717963368	-0.0553073286537	0.036161025117	1.0	-0.0240034475044	-0.0296743546802	0.0124870653173	-0.0334489576439	-0.0199004417012	-0.0455764905294	-0.00180727074255	-0.0486398423903	-0.00912375285566	0.00549690466789	-0.0504310467607	-0.0695440853914	0.0135649188764	-0.0236294899871	0.022293004845	-0.0090440188508	0.00687342051379	-0.057353249883	0.0777055622343	0.0513895129287	0.0083777701339	-0.0454580672071	-0.0272819485894	-0.0116732799582	-0.0759416288116	-0.0259421660033	-0.0913695044034	0.0483955735114	0.0390587150293	-0.0864380407895	-0.0250319091446	-0.0197471787862	-0.0311196638572	-0.0141976448025	-0.0232647922457	-0.018092102661	-0.0838727115758	-0.00912165655806	0.0757194710777	0.000770717190573	0.0233404565664	0.0164607464034	-0.0358947840053	-0.0469189438136	-0.0164704104464	-0.0157854130373	-0.0531796526143	0.104362585049
k__Bacteria;p__Bacteroidetes;c__Bacteroidia;o__Bacteroidales;f__Bacteroidaceae;g__Bacteroides;s__Bacteroides_coprocola	0.0445020114329	0.00780501897473	0.0215414394417	-0.0316826607268	0.0111875015938	-0.00864415608658	8.40680374815e-05	0.0181360673377	-0.0560048710721	0.0697327707194	-0.0240034475044	1.0	-0.0762572999946	0.0627866450295	-0.0784402130777	0.090165092983	0.00700047242799	-0.0407581203917	0.0600253313035	-0.0677986522959	0.0243218092908	-0.0148443604277	0.020901038091	0.00669293882622	0.0338208505717	-0.0208806944705	-0.0468290278401	-0.0516773567614	0.0209663968042	-0.0874691767443	-0.0299501081515	-0.0624840801712	-0.00109234788778	-0.0687625610206	-0.0466602847154	0.0375246529702	-0.0166527145109	-0.0147899155295	-0.0424284426795	0.0450693929696	0.0371061379335	-0.00952478244343	0.0374896369236	0.00819331275051	-0.00253856241424	-0.0199530975701	-0.0395236905093	0.0357525392043	0.00813556760169	-0.0219315443427	0.0482927337311	0.0496146515091	0.086128709331	-0.066629147235	0.0720517290736	-0.0154463188635	0.0123162700286	-0.0308625096157	-0.0504133083441
k__Bacteria;p__Bacteroidetes;c__Bacteroidia;o__Bacteroidales;f__Bacteroidaceae;g__Bacteroides;s__Bacteroides_cellulosilyticus	0.013736999092	-0.00119425316309	-0.00731905492051	-0.00244916338988	-0.0359737243404	-0.00505280605722	-0.0486264231059	0.0401583604536	0.0443905495921	0.0184921230818	-0.0296743546802	-0.0762572999946	1.0	0.0436282358489	0.0279318365585	0.0164955918119	-0.0910372324386	0.00100215083447	-0.00881097263405	0.0459109086742	-0.00790708484118	0.0123742051168	-0.105995293724	-0.0142052402087	-0.0997792336772	-0.0207386427565	-0.00734714002595	0.0252849882447	-0.00488457320087	-0.0785567236798	-0.03902306681	0.0119257838205	0.0463538139829	-0.016939229894	0.0212312787801	0.0872567890003	0.0649805057187	-0.037388886314	-0.0051507685756	-0.0640938972413	-0.07826391547	-0.0587705335528	0.0438079204782	-0.0358259422997	0.0417009295903	0.0267667600474	-0.00197541354762	-0.0607038573188	-0.0328460320274	0.0610609604215	-0.0446274057426	-0.0710280688958	-0.00837600907043	-0.0433601117045	0.0224168644592	-0.00942638363828	-0.0122331973626	0.105146056926	-0.0154249941865
k__Bacteria;p__Bacteroidetes;c__Bacteroidia;o__Bacteroidales;f__Rikenellaceae;g__Alistipes;s__Alistipes_obesi	0.0532641607574	0.00675701656237	-0.047718684134	0.00568534617137	0.0407446368815	-0.0516926280345	0.00544714677064	-0.026044559343	0.0303663201751	-0.0630439016548	0.0124870653173	0.0627866450295	0.0436282358489	1.0	-0.00402946971428	0.0266514410772	-0.0209753275685	0.0327354131046	-0.0161384103997	0.00115176822165	-0.0631444816775	-0.0303899307008	-0.0288317287675	-0.0188914254937	0.0216385052469	-0.0853318950678	-0.00226370054281	0.0108049619417	-0.0106152826478	-0.086516204722	-0.02175534224	0.0348847121183	-0.0169837652341	-0.024288001437	-0.0946015938245	0.055020033294	-0.046957158521	-0.0413174028267	-0.0172845696094	-0.0128306070978	0.0263648193228	-0.0269089934207	-0.0918967053941	-0.0609005408423	0.106560385907	0.0105554893604	-0.0129805470821	-0.0320881498369	-0.000508938693398	-0.119674260757	-0.0595853534714	0.0043828944681	0.00868166573971	0.0554784204028	0.0546657394151	-0.0841953738664	-0.0329725186464	0.0131979700288	0.0372827363748
k__Bacteria;p__Firmicutes;c__Clostridia;o__Clostridiales;f__Lachnospiraceae;g__;s__[Eubacterium]_rectale	-0.0233846100247	0.00388906571648	-0.0902500926512	-0.00623150962356	0.0698687929396	0.0126137880832	-0.0466691456953	-0.0123746079446	-0.00154309557663	-0.0660750172056	-0.0334489576439	-0.0784402130777	0.0279318365585	-0.00402946971428	1.0	-0.0011559774501	-0.0453910356979	0.0232529106154	-0.00385234129005	-0.00620580351718	0.0162902234112	0.00340993572774	-0.0224607018187	0.014529734961	0.0102544919054	-0.0264416857071	0.00449675205362	0.0201794047375	0.0351009227212	0.0375793783909	-0.0211145412869	-0.00296438887852	0.0084881563631	0.0126096851321	0.0368123959587	-0.0272224034577	-0.0726700650097	0.0613267270524	-0.00504618757819	-0.00944297992513	0.052437066183	-0.0240587727175	0.026437760437	-0.038034870001	0.0337105251413	-0.0363418761267	-0.0455954635258	0.0124072733015	-0.0234963523831	0.00164497207372	-0.094333821776	0.0233007357343	0.0229633017504	0.0168047405985	-0.092290876243	-0.0510192901663	0.0281044421961	-0.038675073196	-0.0368663732633
k__Bacteria;p__Bacteroidetes;c__Bacteroidia;o__Bacteroidales;f__Bacteroidaceae;g__Bacteroides;s__Bacteroides_plebeius	-0.0466041859895	-0.0561717122485	-0.0453710720157	-0.0351611318043	0.0217934936333	-0.0294024918832	-0.0186500016516	-0.0332260424657	-0.072235808605	-0.0183012261798	-0.0199004417012	0.090165092983	0.0164955918119	0.0266514410772	-0.0011559774501	1.0	-0.0484965014143	-0.00384473776859	0.0354356176388	0.027464977117	-0.0261751986976	0.0343816255264	0.0224173321578	-0.0750422749266	0.016475607937	-0.0233247315325	0.0504093699457	-0.0388843399247	-0.0811439082281	0.0487999653402	0.0323985070304	-0.00667583098838	-0.0216564866374	0.0210584726718	0.0722183046266	-0.0423981870557	0.0466395535409	-0.000937654876292	-0.0206795316378	-0.0143162143817	0.025361834185	0.0493197388807	-0.049646045984	-0.000735683498744	-0.0101461528819	-0.0490451565884	-0.0144349929614	-0.0195460806381	-0.0128598741331	-0.00671282831354	0.00219966385191	-0.0361652600498	0.00870868163449	-0.0121173426437	-0.0227147302758	0.0415386077233	-0.0459983455373	0.00826501303456	-0.0894559020932
k__Bacteria;p__Bacteroidetes;c__Bacteroidia;o__Bacteroidales;f__Bacteroidaceae;g__Bacteroides;s__Bacteroides_fragilis	-0.00787023764536	-0.0270546528948	-0.0213317314862	0.0303745610128	-0.0248285136211	-0.034096099898	-0.018239143023	-0.0212067752091	0.000803132776777	-0.0356942658213	-0.0455764905294	0.00700047242799	-0.0910372324386	-0.0209753275685	-0.0453910356979	-0.0484965014143	1.0	0.0345266771305	-0.0219302621013	0.0626731129182	0.0190604675403	-0.0418100336538	0.036864835526	0.0197686667717	-0.00802957547894	0.00383874902071	0.031894004299	-0.0174772689735	-0.0803402204462	0.0539281237773	-0.0386887901325	-0.0419226518861	-0.00148023754841	-0.0683867865592	0.0138053224687	-0.0520614077549	-0.00596166285271	-0.057250466311	0.0339390080393	-0.00350698192662	-0.0132655847738	0.0297105831878	-0.016517378027	-0.020905492079	0.0306527044044	0.0107474297472	-0.0673616321729	-0.0979799611155	-0.00792259234817	-0.0385778547306	0.0130862472097	-0.0561570520326	-0.0621664213371	0.0352861880999	0.0401900005703	0.0488434146382	0.0289954525085	-0.0876357679572	0.00668893787518
k__Bacteria;p__Proteobacteria;c__Betaproteobacteria;o__Burkholderiales;f__Sutterellaceae;g__Sutterella;s__Sutterella_wadsworthensis	-0.0582859611198	-0.0538591725457	0.0419687692792	-0.0123172958421	-0.0606806519775	0.00670517308031	-0.0216902994531	-0.0171297004634	0.00462201292778	-0.0162800030919	-0.00180727074255	-0.0407581203917	0.00100215083447	0.0327354131046	0.0232529106154	-0.00384473776859	0.0345266771305	1.0	-0.0101218323932	0.0181117884299	-0.0013516401609	-0.0190075067577	-0.0289026500299	-0.0459627283913	0.000677126249891	0.0962550186445	0.0115517745753	-0.0160860529263	0.00681443190588	0.0227515744963	-0.0545675659697	-0.0703061742627	-0.0245807648526	-0.0421765352212	-0.0729140972425	0.013808761815	0.0129937557612	-0.0627759130231	0.0315818133714	-0.00771308302875	-0.0114663276643	-0.0110337110689	-0.00885507260001	0.0199007454874	0.0240485891899	-0.0674276027489	0.0541391626208	0.0298119122403	-0.0260925975276	-0.0360045897119	-0.0238255797161	-0.0172723622132	0.00180760097795	-0.0536478910655	-0.0482380499872	0.0224268505094	-0.0192050033542	-0.0273563915305	0.0663784125953
k__Bacteria;p__Bacteroidetes;c__Bacteroidia;o__Bacteroidales;f__Porphyromonadaceae;g__Barnesiella;s__Barnesiella_intestinihominis	-0.12602086499	-0.0270683010918	-0.107333778532	-0.0390000492706	-0.0406042385813	0.00464484032681	-0.0229549589511	0.00281883841271	0.0123595756331	-0.0234243740282	-0.0486398423903	0.0600253313035	-0.00881097263405	-0.0161384103997	-0.00385234129005	0.0354356176388	-0.0219302621013	-0.0101218323932	1.0	0.0117919928529	-0.0192354958584	0.00424545622187	0.035455516984	-0.089769926731	-0.000643309014253	-0.0384235909145	0.080463330737	-0.0803918151233	0.0106164368555	0.0144298687596	0.00359142890139	0.00631658025379	-0.0535082818817	0.0141029778987	0.014377549757	-0.00462351240614	0.00787034685603	0.0426732223952	0.0178392551279	0.0158838746956	-0.0467585080657	-0.00282968471478	0.0105243407484	0.0286767711736	-0.00363902211522	-0.0458103491188	-0.0323913803153	-0.00518010559315	0.000149283748792	-0.0173966723122	-0.0307646223357	-0.028657123245	-0.0288429573914	0.0261958663249	0.0108349657248	0.0267813766991	-0.0615141107959	-0.022368938899	0.0282084386054
k__Bacteria;p__Bacteroidetes;c__Bacteroidia;o__Bacteroidales;f__Odoribacteraceae;g__Odoribacter;s__Odoribacter_splanchnicus	0.0418360891086	0.0856571928893	0.0179038547647	0.0257284815969	-0.00719230616316	0.0175126795884	0.00470577724873	-0.0253571910938	-0.0134186905855	0.0169253733895	-0.00912375285566	-0.0677986522959	0.0459109086742	0.00115176822165	-0.00620580351718	0.027464977117	0.0626731129182	0.0181117884299	0.0117919928529	1.0	-0.0965677748456	-0.00273707732162	-0.0247497913468	0.0337721506536	0.0821457548303	0.0273717043818	-0.00394240379061	0.0536197901316	-0.013145337313	0.0442931012696	-0.0168438103955	-0.0206325580098	0.0222553710826	0.00641983562515	-0.0415769935861	-0.0409793214891	-0.0441980582308	0.0506998874148	-0.0616367086836	0.0412956956847	-0.067637253394	0.0462102904146	0.0750913169076	-0.0414947667153	0.020520456531	-0.00432025489492	-0.0704000844974	-0.0872202167934	0.0656104663868	0.0261695248639	-0.0694600215476	0.0259166722924	0.0134535082899	-0.057877416969	-0.0182927533685	-0.0750987757822	-0.0286883232819	0.0695691939127	-0.0516410355671
k__Bacteria;p__Bacteroidetes;c__Bacteroidia;o__Bacteroidales;f__Bacteroidaceae;g__Bacteroides;s__Bacteroides_salyersiae	-0.0329606658872	0.0181679278569	-0.0287249373026	0.00246377363656	0.000379143697178	-0.0428336096291	0.0246675414002	0.100607450742	0.0586646432615	-0.0595845826264	0.00549690466789	0.0243218092908	-0.00790708484118	-0.0631444816775	0.0162902234112	-0.0261751986976	0.0190604675403	-0.0013516401609	-0.0192354958584	-0.0965677748456	1.0	-0.0154788428666	0.0242577194418	-0.00907623038951	-0.035577433596	0.0023642083278	-0.0055174939172	-0.00947199324538	0.0126864720901	0.00580643081516	-0.0108639115266	-0.0943607096013	-0.0201675940818	-0.0617376003281	0.0179298659349	0.0297572895593	-0.0577993956822	-0.0727438400321	-0.0378096065217	0.00063632034984	-0.00159672125283	0.0342488192165	-0.076071384265	-0.0300339165685	-0.00545835129045	-0.0269119257887	0.121659017188	0.0141354442488	-0.00918022535362	-0.0070758268526	-0.0385328227463	-0.067613973089	-0.0608671223582	-0.00686917028345	0.00611886552956	-0.00508255862788	0.108060604724	-0.00057298619966	-0.0193743273296
k__Bacteria;p__Firmicutes;c__Clostridia;o__Clostridiales;f__Ruminococcaceae;g__Ruminiclostridium;s__[Eubacterium]_siraeum	0.041056579329	0.0158850824739	0.0085344946543	-0.0297982275245	0.007966537919	0.020455466706	-0.0179202399272	-0.0388531206146	-0.0186640325464	0.0264440553041	-0.0504310467607	-0.0148443604277	0.0123742051168	-0.0303899307008	0.00340993572774	0.0343816255264	-0.0418100336538	-0.0190075067577	0.00424545622187	-0.00273707732162	-0.0154788428666	1.0	0.0220341552037	-0.0231243349328	-0.0273443306324	-0.0407502063994	0.0173490774441	0.031117865684	-0.0285054299026	0.0364285408479	0.0559798476929	-0.0143634893655	0.0819093392392	0.0634425035222	-0.0773991515934	-0.00899270448751	-0.0706031306566	-0.011013485859	-0.0979964271405	-0.0142815453926	0.104702929603	0.0514933784193	-0.0617128161396	-0.0310941426462	-0.00671030803607	0.0127001017931	-0.0211739631024	0.00237049469111	-0.0337078376915	-0.0117620658354	0.0745370870123	-0.0574803301021	-0.0409827232247	0.00834960778692	-0.00663867898289	-0.0505528671449	-0.0566703853801	-0.0579068323221	0.00831495674341
k__Bacteria;p__Proteobacteria;c__Betaproteobacteria;o__Burkholderiales;f__Sutterellaceae;g__Parasutterella;s__Parasutterella_excrementihominis	-0.0220613615753	0.0108441610098	0.0555296085368	0.0196693303797	-0.0671777181382	-0.041855827745	-0.0193493356526	0.0664818760296	-0.0956126909666	0.0342648813301	-0.0695440853914	0.020901038091	-0.105995293724	-0.0288317287675	-0.0224607018187	0.0224173321578	0.036864835526	-0.0289026500299	0.035455516984	-0.0247497913468	0.0242577194418	0.0220341552037	1.0	0.0158809740539	-0.0984225733176	-0.0472306290282	0.0639705293763	0.0214378590119	0.00489285241855	-0.0221911543589	-0.0266026409469	-0.0121796741022	0.0401977196013	-0.0772416139996	0.049594691838	-0.00498183398821	-0.032547408661	-0.0875819280655	0.0142983675289	-0.0702371411137	0.0178738886639	-0.0533564469237	-0.0383294430981	-0.0328028957691	-0.0534421223589	0.0307977774878	-0.000140751428581	-0.010470830798	-0.0709813025783	-0.017995179853	0.0222260068939	-0.0241909276525	0.0250921238886	-0.0272084064045	0.0241032355823	-0.0481861838204	0.0388004952726	-0.0206640369032	0.00460508334346
k__Bacteria;p__Actinobacteria;c__Actinobacteria;o__Bifidobacteriales;f__Bifidobacteriaceae;g__Bifidobacterium;s__Bifidobacterium_adolescentis	0.0167813814062	-0.077772255436	0.0362854532018	0.0128045185937	0.0465408698109	-0.017867936736	-0.0493211256066	0.000210133636569	-0.0733026807951	-0.00430610691608	0.0135649188764	0.00669293882622	-0.0142052402087	-0.0188914254937	0.014529734961	-0.0750422749266	0.0197686667717	-0.0459627283913	-0.089769926731	0.0337721506536	-0.00907623038951	-0.0231243349328	0.0158809740539	1.0	-0.0286678772794	0.00722071239492	0.00435760320627	-0.041148974226	-0.0466881989514	0.0243438733876	-0.0504557523464	-0.0195664809956	0.0311537891252	-0.0627239792887	0.0242954839124	0.00897514438213	-0.0541598301761	0.10472167209	0.00396119573218	0.0875708879643	-0.0159408876706	0.0538875292769	-0.0337982484693	-0.0645001623837	0.0472603312802	-0.0555663414404	-0.0311838133744	0.00832035009601	-0.0452960257892	0.0234940459132	-0.0301835399574	-0.0106209966527	-0.0300427448346	0.0227333630893	-0.00769873980399	-0.0558093524243	-0.00226282507463	-0.0277377573248	-0.0447763100059
k__Bacteria;p__Firmicutes;c__Clostridia;o__Clostridiales;f__Oscillospiraceae;g__Oscillibacter;s__Oscillibacter_sp._KLE_1745	0.0258034021011	-0.0630278509007	-0.0513202112309	-0.0129368994893	0.0266440505838	0.00982187880696	0.0565718361363	0.0131843257508	0.0104633678875	-0.0856931422247	-0.0236294899871	0.0338208505717	-0.0997792336772	0.0216385052469	0.0102544919054	0.016475607937	-0.00802957547894	0.000677126249891	-0.000643309014253	0.0821457548303	-0.035577433596	-0.0273443306324	-0.0984225733176	-0.0286678772794	1.0	0.0565588052774	-0.0289272249032	0.0273100281544	0.0631410570997	0.0062885490075	-0.0131721767672	-0.0125642630214	-0.0523608201405	-0.0477327381733	0.0996577223518	-0.00925950392243	-0.0302171262308	-0.0325173877313	-0.0844774100763	-0.0221185658268	-0.0810109709888	-0.0761325868762	0.0208164871062	0.050691463541	-0.09110839025	0.00855913532473	0.0128182200138	-0.0594742509465	0.0430267458447	-0.0601449299631	-0.00215293189877	-0.056489619362	0.00391949720706	-0.0255502385113	-0.0140009248563	0.00190868610356	-0.0469369090928	-0.0652153829945	-0.0223795764145
k__Bacteria;p__Bacteroidetes;c__Bacteroidia;o__Bacteroidales;f__Bacteroidaceae;g__Bacteroides;s__Bacteroides_coprophilus	0.00271001470742	0.0147623801827	0.0225960595574	-1.43323689698e-05	-0.0499994742808	-0.0332944097813	-0.0595909533044	-0.00313346381574	0.0189355545318	0.0538721896688	0.022293004845	-0.0208806944705	-0.0207386427565	-0.0853318950678	-0.0264416857071	-0.0233247315325	0.00383874902071	0.0962550186445	-0.0384235909145	0.0273717043818	0.0023642083278	-0.0407502063994	-0.0472306290282	0.00722071239492	0.0565588052774	1.0	-0.115690826249	-0.0130474937094	-0.0219826436058	0.0310943551076	-0.0125343468977	-0.0201851770159	-0.0590297091176	0.0219048496668	-0.0648100266291	-0.053529416738	-0.0186855252161	0.0119870409732	0.0657214590152	-0.000767094889097	0.000925181557536	-0.0179448592284	-0.0326907705373	-0.00873657605148	-0.0391650127019	-0.028092535277	-0.00290171381191	-0.0276109729479	0.00549729939354	0.0489335728692	-0.0890369579528	-0.0836226681501	0.00532204700971	-0.00919980720256	-0.0161059926857	0.0137409338266	0.0129102188736	0.0602498964588	0.0403796325559
k__Bacteria;p__Firmicutes;c__Clostridia;o__Clostridiales;f__Lachnospiraceae;g__Roseburia;s__Roseburia_intestinalis	-0.0069814856028	-0.0069271761888	-0.0363858560118	-0.0204395289097	-0.0787708743653	-0.128582972734	0.0555792003767	-0.0552227569429	-0.0221633637851	0.000634604575179	-0.0090440188508	-0.0468290278401	-0.00734714002595	-0.00226370054281	0.00449675205362	0.0504093699457	0.031894004299	0.0115517745753	0.080463330737	-0.00394240379061	-0.0055174939172	0.0173490774441	0.0639705293763	0.00435760320627	-0.0289272249032	-0.115690826249	1.0	-0.0775756618578	0.00913228232637	0.0468744861443	-0.0464279044317	0.0713061386504	-0.023157163289	-0.0589983468919	-0.0116147458867	0.0195200283863	0.00216410890047	-0.0659258970527	-0.0565712464334	0.0367993299941	0.0224877029025	0.0177503794027	0.0260139769856	0.0237214279706	-0.0338722050628	-0.017095525654	0.00372696728227	0.0299126847317	-0.0585955257276	-0.0282881245742	-0.048343686084	-0.0495618553884	-0.01866325557	-0.0693456559069	-0.0358942596526	-0.0344661738173	0.00604412398267	0.0645265174955	-0.0563160606445
k__Bacteria;p__Firmicutes;c__Clostridia;o__Clostridiales;f__Lachnospiraceae;g__Roseburia;s__Roseburia_hominis	0.0194360386135	0.0879373045732	-0.0245668408094	0.0117702057777	-0.0512049211	0.0176489523029	0.00226744092984	-0.0158262091846	0.0832114784331	-0.0668524700257	0.00687342051379	-0.0516773567614	0.0252849882447	0.0108049619417	0.0201794047375	-0.0388843399247	-0.0174772689735	-0.0160860529263	-0.0803918151233	0.0536197901316	-0.00947199324538	0.031117865684	0.0214378590119	-0.041148974226	0.0273100281544	-0.0130474937094	-0.0775756618578	1.0	-0.00269443290829	-0.0728421924764	0.0500503457786	-0.0509752708426	0.0570201369593	-0.0598587688055	-0.0928115264794	0.0236702402303	0.0175649114186	-0.00353309634467	-0.0841064857732	-0.0752370960484	0.0306238758609	0.0349125422358	-0.0441629122376	-0.0446523027595	0.0214444361692	-0.071966717663	-0.0918095043507	0.0212002567284	0.0549267055141	0.0535251664078	0.0282125732256	0.0544129022047	-0.0102689118238	-0.0117270496504	0.0942033353199	-0.0115256534249	0.0223938238177	-0.0194607908438	0.0589196947384
k__Bacteria;p__Bacteroidetes;c__Bacteroidia;o__Bacteroidales;f__Porphyromonadaceae;g__Parabacteroides;s__Parabacteroides_johnsonii	-0.0431190588005	0.0184591608753	0.0592778775323	-0.0648252218211	0.0197185841377	-0.00723386922003	0.00470941781749	0.033610004424	-0.0056839013311	-0.00630760789023	-0.057353249883	0.0209663968042	-0.00488457320087	-0.0106152826478	0.0351009227212	-0.0811439082281	-0.0803402204462	0.00681443190588	0.0106164368555	-0.013145337313	0.0126864720901	-0.0285054299026	0.00489285241855	-0.0466881989514	0.0631410570997	-0.0219826436058	0.00913228232637	-0.00269443290829	1.0	0.0212977071466	-0.055450738832	0.0136335924526	-0.0859278335489	-0.0728147293044	0.0776069222833	-0.0146462559787	0.038860132483	0.0724901788562	-0.066785631297	-0.014553436564	0.0980000466036	-0.00313010658261	0.00765841596887	0.0166437683697	-0.00603164034659	0.00615237261992	-0.0390718875894	0.0151975734279	0.0180273527938	-0.0478293073335	-0.0514914843251	0.0290727161588	-0.0537369093936	-0.0196437412739	0.045966219048	-0.0935951426561	-0.0482210475231	-0.0442785360605	-0.0330840659847
k__Bacteria;p__Actinobacteria;c__Actinobacteria;o__Bifidobacteriales;f__Bifidobacteriaceae;g__Bifidobacterium;s__Bifidobacterium_longum	-0.0624753024687	0.0382130291324	-0.0303798507481	0.00987503628018	-0.11015536854	-0.0379992348316	0.0628129497322	0.00757654891003	0.0238155345273	-0.017662504519	0.0777055622343	-0.0874691767443	-0.0785567236798	-0.086516204722	0.0375793783909	0.0487999653402	0.0539281237773	0.0227515744963	0.0144298687596	0.0442931012696	0.00580643081516	0.0364285408479	-0.0221911543589	0.0243438733876	0.0062885490075	0.0310943551076	0.0468744861443	-0.0728421924764	0.0212977071466	1.0	-0.0878427060015	0.0291515152264	-0.0434241046103	-0.0641778205143	-0.00100984709356	0.0488628711211	-0.0721852826221	-0.00452080106096	-0.0575641419158	-0.0428067821123	-0.00455941482315	-0.0638048215431	-0.0406745779596	-0.00929345651155	0.0287157032292	-0.00927833807417	-0.0283525568826	0.013201491318	0.0130510488481	0.00908467456933	-0.0189561712457	-0.0597563004907	-0.0224200585339	-0.049084326268	-0.0472250565766	0.0650939206278	0.0721499227793	-0.0347301946844	-0.0148123473765
