#taxonomy	k__Bacteria;p__Bacteroidetes;c__Bacteroidia;o__Bacteroidales;f__Bacteroidaceae;g__Bacteroides;s__Bacteroides_vulgatus	k__Bacteria;p__Bacteroidetes;c__Bacteroidia;o__Bacteroidales;f__Bacteroidaceae;g__Bacteroides;s__Bacteroides_uniformis	k__Bacteria;p__Bacteroidetes;c__Bacteroidia;o__Bacteroidales;f__Rikenellaceae;g__Alistipes;s__Alistipes_putredinis	k__Bacteria;p__Bacteroidetes;c__Bacteroidia;o__Bacteroidales;f__Prevotellaceae;g__Prevotella;s__Prevotella_copri	k__Bacteria;p__Bacteroidetes;c__Bacteroidia;o__Bacteroidales;f__Bacteroidaceae;g__Bacteroides;s__Bacteroides_stercoris	k__Bacteria;p__Bacteroidetes;c__Bacteroidia;o__Bacteroidales;f__Bacteroidaceae;g__Bacteroides;s__Bacteroides_ovatus	k__Bacteria;p__Bacteroidetes;c__Bacteroidia;o__Bacteroidales;f__Rikenellaceae;g__Alistipes;s__Alistipes_shahii	k__Bacteria;p__Firmicutes;c__Clostridia;o__Clostridiales;f__Ruminococcaceae;g__Faecalibacterium;s__Faecalibacterium_prausnitzii	k__Bacteria;p__Bacteroidetes;c__Bacteroidia;o__Bacteroidales;f__Rikenellaceae;g__Alistipes;s__Alistipes_finegoldii	k__Bacteria;p__Bacteroidetes;c__Bacteroidia;o__Bacteroidales;f__Porphyromonadaceae;g__Parabacteroides;s__Parabacteroides_distasonis	k__Bacteria;p__Bacteroidetes;c__Bacteroidia;o__Bacteroidales;f__Bacteroidaceae;g__Bacteroides;s__Bacteroides_thetaiotaomicron	k__Bacteria;p__Bacteroidetes;c__Bacteroidia;o__Bacteroidales;f__Bacteroidaceae;g__Bacteroides;s__Bacteroides_coprocola	k__Bacteria;p__Bacteroidetes;c__Bacteroidia;o__Bacteroidales;f__Bacteroidaceae;g__Bacteroides;s__Bacteroides_cellulosilyticus	k__Bacteria;p__Bacteroidetes;c__Bacteroidia;o__Bacteroidales;f__Rikenellaceae;g__Alistipes;s__Alistipes_obesi	k__Bacteria;p__Firmicutes;c__Clostridia;o__Clostridiales;f__Lachnospiraceae;g__;s__[Eubacterium]_rectale	k__Bacteria;p__Bacteroidetes;c__Bacteroidia;o__Bacteroidales;f__Bacteroidaceae;g__Bacteroides;s__Bacteroides_plebeius	k__Bacteria;p__Bacteroidetes;c__Bacteroidia;o__Bacteroidales;f__Bacteroidaceae;g__Bacteroides;s__Bacteroides_fragilis	k__Bacteria;p__Proteobacteria;c__Betaproteobacteria;o__Burkholderiales;f__Sutterellaceae;g__Sutterella;s__Sutterella_wadsworthensis	k__Bacteria;p__Bacteroidetes;c__Bacteroidia;o__Bacteroidales;f__Porphyromonadaceae;g__Barnesiella;s__Barnesiella_intestinihominis	k__Bacteria;p__Bacteroidetes;c__Bacteroidia;o__Bacteroidales;f__Odoribacteraceae;g__Odoribacter;s__Odoribacter_splanchnicus	k__Bacteria;p__Bacteroidetes;c__Bacteroidia;o__Bacteroidales;f__Bacteroidaceae;g__Bacteroides;s__Bacteroides_salyersiae	k__Bacteria;p__Firmicutes;c__Clostridia;o__Clostridiales;f__Ruminococcaceae;g__Ruminiclostridium;s__[Eubacterium]_siraeum	k__Bacteria;p__Proteobacteria;c__Betaproteobacteria;o__Burkholderiales;f__Sutterellaceae;g__Parasutterella;s__Parasutterella_excrementihominis	k__Bacteria;p__Actinobacteria;c__Actinobacteria;o__Bifidobacteriales;f__Bifidobacteriaceae;g__Bifidobacterium;s__Bifidobacterium_adolescentis	k__Bacteria;p__Firmicutes;c__Clostridia;o__Clostridiales;f__Oscillospiraceae;g__Oscillibacter;s__Oscillibacter_sp._KLE_1745	k__Bacteria;p__Bacteroidetes;c__Bacteroidia;o__Bacteroidales;f__Bacteroidaceae;g__Bacteroides;s__Bacteroides_coprophilus	k__Bacteria;p__Firmicutes;c__Clostridia;o__Clostridiales;f__Lachnospiraceae;g__Roseburia;s__Roseburia_intestinalis	k__Bacteria;p__Firmicutes;c__Clostridia;o__Clostridiales;f__Lachnospiraceae;g__Roseburia;s__Roseburia_hominis	k__Bacteria;p__Bacteroidetes;c__Bacteroidia;o__Bacteroidales;f__Porphyromonadaceae;g__Parabacteroides;s__Parabacteroides_johnsonii	k__Bacteria;p__Actinobacteria;c__Actinobacteria;o__Bifidobacteriales;f__Bifidobacteriaceae;g__Bifidobacterium;s__Bifidobacterium_longum	k__Bacteria;p__Firmicutes;c__Clostridia;o__Clostridiales;f__;g__Flavonifractor;s__Flavonifractor_plautii	k__Bacteria;p__Firmicutes;c__Clostridia;o__Clostridiales;f__Clostridiaceae;g__Clostridium;s__Clostridium_phoceensis	k__Bacteria;p__Verrucomicrobia;c__Verrucomicrobiae;o__Verrucomicrobiales;f__Akkermansiaceae;g__Akkermansia;s__Akkermansia_muciniphila	k__Bacteria;p__Bacteroidetes;c__Bacteroidia;o__Bacteroidales;f__Prevotellaceae;g__Paraprevotella;s__Paraprevotella_xylaniphila	k__Bacteria;p__Firmicutes;c__Clostridia;o__Clostridiales;f__Ruminococcaceae;g__Ruminococcus;s__Ruminococcus_callidus	k__Bacteria;p__Bacteroidetes;c__Bacteroidia;o__Bacteroidales;f__Rikenellaceae;g__Alistipes;s__Alistipes_senegalensis	k__Bacteria;p__Firmicutes;c__Clostridia;o__Clostridiales;f__Lachnospiraceae;g__Blautia;s__Blautia_sp._KLE_1732	k__Bacteria;p__Bacteroidetes;c__Bacteroidia;o__Bacteroidales;f__Bacteroidaceae;g__Bacteroides;s__Bacteroides_oleiciplenus	k__Bacteria;p__Firmicutes;c__Clostridia;o__Clostridiales;f__Ruminococcaceae;g__Ruminococcus;s__Ruminococcus_bicirculans	k__Bacteria;p__Bacteroidetes;c__Bacteroidia;o__Bacteroidales;f__Bacteroidaceae;g__Bacteroides;s__Bacteroides_fluxus	k__Bacteria;p__Bacteroidetes;c__Bacteroidia;o__Bacteroidales;f__Prevotellaceae;g__Prevotella;s__Prevotella_stercorea	k__Bacteria;p__Firmicutes;c__Clostridia;o__Clostridiales;f__Lachnospiraceae;g__Dorea;s__Dorea_longicatena	k__Bacteria;p__Firmicutes;c__Clostridia;o__Clostridiales;f__Eubacteriaceae;g__Eubacterium;s__[Eubacterium]_eligens	k__Bacteria;p__Firmicutes;c__Clostridia;o__Clostridiales;f__Ruminococcaceae;g__;s__Ruminococcaceae_bacterium_D16	k__Bacteria;p__Firmicutes;c__Clostridia;o__Clostridiales;f__Lachnospiraceae;g__Coprococcus;s__Coprococcus_comes	k__Bacteria;p__Proteobacteria;c__Gammaproteobacteria;o__Enterobacterales;f__Enterobacteriaceae;g__Escherichia;s__Escherichia_coli	k__Bacteria;p__Firmicutes;c__Clostridia;o__Clostridiales;f__Ruminococcaceae;g__Anaerotruncus;s__Anaerotruncus_colihominis	k__Bacteria;p__Firmicutes;c__Clostridia;o__Clostridiales;f__Lachnospiraceae;g__Blautia;s__Blautia_obeum	k__Bacteria;p__Bacteroidetes;c__Bacteroidia;o__Bacteroidales;f__Odoribacteraceae;g__Odoribacter;s__Odoribacter_laneus	k__Bacteria;p__Firmicutes;c__Clostridia;o__Clostridiales;f__Ruminococcaceae;g__Ruminiclostridium;s__[Clostridium]_leptum	k__Bacteria;p__Bacteroidetes;c__Bacteroidia;o__Bacteroidales;f__Porphyromonadaceae;g__Parabacteroides;s__Parabacteroides_goldsteinii	k__Bacteria;p__Firmicutes;c__Clostridia;o__Clostridiales;f__Lachnospiraceae;g__Anaerostipes;s__Anaerostipes_hadrus	k__Bacteria;p__Firmicutes;c__Clostridia;o__Clostridiales;f__Ruminococcaceae;g__Ruminococcus;s__Ruminococcus_lactaris	k__Bacteria;p__Firmicutes;c__Clostridia;o__Clostridiales;f__Clostridiaceae;g__Clostridium;s__Clostridium_sp._L2-50	k__Bacteria;p__Firmicutes;c__Clostridia;o__Clostridiales;f__Clostridiaceae;g__Clostridium;s__Clostridium_sp._M62/1	k__Bacteria;p__Firmicutes;c__Clostridia;o__Clostridiales;f__;g__Intestinimonas;s__Intestinimonas_butyriciproducens	k__Bacteria;p__Actinobacteria;c__Actinobacteria;o__Bifidobacteriales;f__Bifidobacteriaceae;g__Bifidobacterium;s__Bifidobacterium_bifidum	k__Bacteria;p__Firmicutes;c__Negativicutes;o__Veillonellales;f__Veillonellaceae;g__Dialister;s__Dialister_invisus	k__Bacteria;p__Bacteroidetes;c__Bacteroidia;o__Bacteroidales;f__Bacteroidaceae;g__Bacteroides;s__Bacteroides_salanitronis
k__Bacteria;p__Bacteroidetes;c__Bacteroidia;o__Bacteroidales;f__Bacteroidaceae;g__Bacteroides;s__Bacteroides_vulgatus	1.0	-0.0963940322081	0.06876868436	0.0317267148171	0.00525636709787	0.0105749677377	0.0471355393565	-0.0475666407664	-0.0156870493504	0.00711922286458	-0.0260997986695	0.00090630340758	-0.0353501513538	-0.0907148141135	-0.0318996444661	-0.0136340281605	-0.0229465531868	0.0317829658804	-0.0110895599384	0.0504734294222	-0.0160926790858	0.0505318781049	-0.014884136837	-0.0156428226512	-0.0228178886032	0.0236680340291	0.0105013763141	0.0421416143687	-0.0449258690519	0.0202279558215	-0.0228658103728	0.0613039755496	-0.0850686189376	-0.0527596853241	0.0191084410088	0.0520767204946	0.0210955410477	0.0448119609909	0.0392727528401	-0.00888079421839	-0.0850912184567	-0.0465039268288	-0.0605023610734	-0.0201571701155	0.0852152781066	-0.039357308518	-0.0534364402879	-0.00387043408226	-0.0142738870652	0.0406097330789	-0.0298123857092	0.00918464308734	-0.0116220594169	0.036065381262	-0.0611974735132	-0.0450042343831	0.0313591230745	0.0137546659681	-0.0882360274051
k__Bacteria;p__Bacteroidetes;c__Bacteroidia;o__Bacteroidales;f__Bacteroidaceae;g__Bacteroides;s__Bacteroides_uniformis	-0.0963940322081	1.0	0.0289463113697	0.0376460592563	0.0302976352458	-0.0415405183991	0.0263586550617	-0.0292617416204	0.0209221769515	-0.138479784175	0.0543139327861	-0.00740256364766	-0.0226871653463	0.0229032918965	-0.0311068936561	-0.0252816406253	-0.0799889883262	-0.0823579055569	0.0179846973274	-0.0617952633836	0.076689788637	-0.0130955393402	-0.00282285060575	-0.0467146741362	0.0223477245141	-0.00892561828701	-0.0190056307871	-0.03307154251	0.0126829956749	-0.00670451957135	-0.0163240657763	0.0017831684584	0.0313524604048	0.00352598132157	-0.0426483159628	-0.0779215076412	-0.00119149111093	0.0116991059659	0.0630024445799	-0.0131090246874	0.000563373602251	0.040377590605	-0.0800452429449	-0.00734658030211	0.0298721813745	0.0228264937447	0.10283802507	0.0107361132266	-0.0401627752638	0.00486527979742	0.0212905947897	-0.0143245582562	-0.0678051022987	0.0327382964614	0.00817791851099	0.00566077139715	-0.0364185534926	-0.0588392246567	-0.0125083434233
k__Bacteria;p__Bacteroidetes;c__Bacteroidia;o__Bacteroidales;f__Rikenellaceae;g__Alistipes;s__Alistipes_putredinis	0.06876868436	0.0289463113697	1.0	-0.0242630353146	-0.00516542808267	-0.0626365854526	0.00500392203339	0.00580482361457	0.00939135284924	-0.0354977846563	-0.0371338684667	-0.00595227257952	-0.0331543966943	-0.0386960122631	0.0794216870338	-0.0266384943611	0.0145204588026	-0.0166656524652	-0.0431208082849	-0.0577495219212	0.0471461470239	-0.0130214726026	-0.0670903655088	-0.0276740031721	-0.0441842361539	0.00688261223955	-0.058985857223	0.0117328152801	-0.00346946780554	0.0188633885264	-0.0648129751302	-0.0836273108956	0.0482736185103	-0.0209618130687	0.00386455817876	0.000679866574231	-0.0455244384784	0.012385019206	0.0614251945318	-0.0643829845774	0.0106270476325	-0.0398274207713	0.0399652644721	-0.0480203199752	-0.0925214366105	0.0338065775374	-0.0226214790802	-0.0353144209998	-0.074460969579	-0.0434923804218	0.0174542690915	0.00146376933999	0.0264120141438	-0.0956190782903	0.0241495055826	0.0496321731309	0.0266400239514	0.0185291536669	-0.0168302169156
k__Bacteria;p__Bacteroidetes;c__Bacteroidia;o__Bacteroidales;f__Prevotellaceae;g__Prevotella;s__Prevotella_copri	0.0317267148171	0.0376460592563	-0.0242630353146	1.0	-0.022004709236	0.0154715876588	0.0639777407015	-0.011955408635	-0.00037850854833	-0.0589756990232	-0.00370480673378	-0.0642011781419	0.0445053374443	-0.0748840400255	0.0228476223155	-0.0180995609924	-0.0356008453622	-0.0607997865285	0.0437318474075	0.0519489551547	0.00607945518899	-0.00433701093946	-0.0470027854084	-0.00792317427203	-0.0432999589521	0.0260950306606	-0.043416640166	0.0271729234797	0.0430002835041	0.0751789882667	0.0663763290258	-0.0153351586718	0.0351311232256	0.0410897125733	-0.0383220926991	-0.0152114651096	-0.0291576097845	0.0213628633646	-0.0351296323197	-0.0252341112979	-0.0244897688867	-0.0252234923097	-0.00333849816706	-0.00888953694537	0.0303403319866	-0.0488569699247	-0.00461514473306	-0.0735393921361	0.0294893070217	-0.000692827424577	-0.0155708007443	0.0121854436141	-0.11863932171	0.00385881406464	-0.0275437552307	-0.0572658473777	0.0142158763958	0.0483474616501	0.017251411915
k__Bacteria;p__Bacteroidetes;c__Bacteroidia;o__Bacteroidales;f__Bacteroidaceae;g__Bacteroides;s__Bacteroides_stercoris	0.00525636709787	0.0302976352458	-0.00516542808267	-0.022004709236	1.0	-0.0177467950968	0.000127565183586	-0.0258837767634	0.0166071718987	-0.0727429030689	0.00263298450733	0.00709485715383	0.00765658826988	0.0118049471791	-0.00293086362633	0.0283267665914	0.0017668581365	-0.0385645068394	0.05943994515	-0.0148853970164	-0.0243473224501	0.018563003615	-0.0410458857244	0.0224981586801	0.0140112886121	-0.0171466698826	0.0114731966987	-0.00728075288833	-0.0125490447794	-0.0157587521334	-0.00817886140781	-0.0297658074769	-0.017590025784	0.0337245328064	-0.00318833115814	0.0446440873513	-0.076897337765	0.0308019552784	-0.0315301321629	-0.0295971446849	-0.0147066323245	-0.0124736838752	-0.00890907019522	0.050846532549	0.013457190191	-0.00594228372282	0.00501853227137	-0.0486586976167	-0.00937813393828	-0.0459713792362	0.0457250474715	-0.0379650941774	-0.0323010342515	-0.0601280462063	-0.0381297572406	-0.0160365796368	-0.00573107076537	0.0367295451971	0.0489975563824
k__Bacteria;p__Bacteroidetes;c__Bacteroidia;o__Bacteroidales;f__Bacteroidaceae;g__Bacteroides;s__Bacteroides_ovatus	0.0105749677377	-0.0415405183991	-0.0626365854526	0.0154715876588	-0.0177467950968	1.0	-0.0467006816774	0.0622997641515	-0.0321773681377	-0.114547806013	-0.023586288094	0.0225279278617	0.0854919041801	-0.030063369829	-0.0749644738622	-0.0258326011885	0.0681389404161	-0.0527050852888	0.0257644059958	-0.0478256041473	0.0381989788848	0.00514166788909	-0.0106460914517	-0.0709929919052	-0.0103978746466	-0.0144160422891	0.0501190740239	0.00205492600997	0.0291439604772	-0.0171657200165	-0.0109192455069	0.0188467355369	-0.0563066627873	-0.0492863425894	-0.0210375155015	-0.0837824560166	-0.0329393333035	-0.00991887170148	0.0323753861926	0.0316789800299	-0.104643785475	-0.0341786586056	-0.0359341350352	0.0453165909302	-0.0130650858296	0.0127924943245	-0.0483940786911	-0.0373182950062	-0.0262376189806	-0.0105975238113	0.0224890744653	-0.0564412788764	-0.00351013243109	0.00144993036916	-0.0618576796401	-0.107345271924	-0.0729277131288	-0.0362403203017	0.0416974880705
k__Bacteria;p__Bacteroidetes;c__Bacteroidia;o__Bacteroidales;f__Rikenellaceae;g__Alistipes;s__Alistipes_shahii	0.0471355393565	0.0263586550617	0.00500392203339	0.0639777407015	0.000127565183586	-0.0467006816774	1.0	-0.0377422228964	-0.0808436908385	0.025521574308	-0.0170675478122	-0.0448392981486	0.0268164671056	-0.00950829954746	0.066441508441	0.0392408535612	0.00742374936568	-0.0220565619855	0.019989091182	0.0386052861873	-0.0357872485829	-0.066362984199	-0.0463409768527	0.0229447034539	-0.0326960089381	-0.0255056665394	0.0129702362288	-0.0745681241616	-0.095280851895	-0.0442885168786	-0.0205623263138	-0.0509694760851	0.0346316084217	-0.0216252795374	-0.0312988937527	-0.0027673363817	-0.0584261289196	-0.0378762577258	0.0634318300112	0.0613626793503	-0.0534293966025	0.0227146569441	0.0449786133624	-0.0424843937653	0.081892090224	-0.011055857983	-0.0165788292295	0.114248784128	-0.0953683826774	0.0202204260535	-0.0368020265755	-0.0386964030155	0.00588544711512	-0.0181152810671	-0.0191028982617	-0.0595096529099	0.00537685840375	-0.0378328392304	0.0184983752299
k__Bacteria;p__Firmicutes;c__Clostridia;o__Clostridiales;f__Ruminococcaceae;g__Faecalibacterium;s__Faecalibacterium_prausnitzii	-0.0475666407664	-0.0292617416204	0.00580482361457	-0.011955408635	-0.0258837767634	0.0622997641515	-0.0377422228964	1.0	0.0783546130549	0.000751793668023	0.0532589248672	-0.024014472627	0.0708958891924	0.0291130114149	-0.00045804563907	0.0110970132129	0.018894138103	-0.0116044664826	0.00743913108798	-0.00847871048924	0.0882590484574	-0.0475004842625	-0.020050462964	-0.000145925503808	0.0454138386356	-0.0263251719858	-0.0393899092208	0.0161384901547	-0.0525738298578	-0.104588809225	-0.0107052603213	-0.0102545038193	-0.0272966212318	-0.0102987191837	-0.00730218659722	-0.0242996157693	-0.0550958690964	0.0248173348155	0.0544359186873	0.0521658538985	-0.0840253078475	-0.0487758692876	-0.0486195690766	0.0176649621136	0.00502507425061	0.0522840086621	-0.0392148733116	0.0819017397614	-0.0407847057993	-0.00384364450785	-0.0767975093289	-0.0606240062563	-0.0356257449165	-0.0107786941831	-0.00120374668998	-0.035674232671	-0.0132811228343	0.0233943581114	0.0274068722539
k__Bacteria;p__Bacteroidetes;c__Bacteroidia;o__Bacteroidales;f__Rikenellaceae;g__Alistipes;s__Alistipes_finegoldii	-0.0156870493504	0.0209221769515	0.00939135284924	-0.00037850854833	0.0166071718987	-0.0321773681377	-0.0808436908385	0.0783546130549	1.0	0.00095798773245	-0.0363967182202	0.0211339456517	-0.0490776503209	0.0349865609875	-0.0458353613759	-0.0738732590404	0.00125029585544	0.00699892343176	-0.0341441976978	0.00286532158345	-0.0916520977328	-0.0127548695472	-0.0189298942894	-0.0700380072147	-0.0187423722418	-0.0993324173013	0.0274582480711	0.0134204386702	-0.0595926529267	0.0659850582793	-0.0235271770873	0.0182846438596	-0.0594381239656	-0.0708519822667	-0.0667674938271	0.00691602814721	0.0812123056511	-0.0197692215947	-0.0871258909898	-0.0208762704411	-0.0596429775604	-0.0417932412299	-0.0158974407944	0.00740521146277	0.0298594103313	0.100671942905	-0.0955206112678	-0.00659116203454	-0.0129039266456	-0.035614103391	0.0676481479297	-0.0675095386786	-0.0313384548613	-0.0100708285832	0.0380686267884	0.00126999438607	0.0620247660818	-0.0521085207982	-0.00379067313863
k__Bacteria;p__Bacteroidetes;c__Bacteroidia;o__Bacteroidales;f__Porphyromonadaceae;g__Parabacteroides;s__Parabacteroides_distasonis	0.00711922286458	-0.138479784175	-0.0354977846563	-0.0589756990232	-0.0727429030689	-0.114547806013	0.025521574308	0.000751793668023	0.00095798773245	1.0	0.0142667891411	-0.0241641278845	-0.00159008496526	0.0243591887239	-0.0235841683606	-0.019946691092	-0.0630408162866	0.00368792088706	-0.0145069230961	0.0343837880754	-0.00514240674466	-0.00995502038357	-0.0790486192909	0.0524400700052	-0.0434291532309	0.0350969254103	0.0245730044316	-0.0288070931352	-0.00106410269296	0.0741026026097	-0.0529320537862	-0.104770932208	-0.00734403760177	-0.0279439612509	-0.0478584183852	-0.0022168272329	-0.0399194669918	0.0363458862126	-0.0175090983984	-0.000575702393038	0.00811386949713	0.0145560180536	-0.0447025309871	0.0167942608368	-0.0497435382113	0.0195222173235	-0.0767474446722	0.0374382260392	0.0415897024858	0.037113068604	0.0280518500078	0.04891987468	0.0593262859084	-0.0308489313962	0.00562407169369	0.0186378894731	-0.0225112967968	0.0639983798585	-0.0409693218563
k__Bacteria;p__Bacteroidetes;c__Bacteroidia;o__Bacteroidales;f__Bacteroidaceae;g__Bacteroides;s__Bacteroides_thetaiotaomicron	-0.0260997986695	0.0543139327861	-0.0371338684667	-0.00370480673378	0.00263298450733	-0.023586288094	-0.0170675478122	0.0532589248672	-0.0363967182202	0.0142667891411	1.0	-0.0211016084119	0.00619335718547	-0.0655950868481	-0.0133545666654	-0.065843316251	0.0179205439306	-0.0246350153757	0.00622842606455	-0.0650752797874	0.0312433553984	-0.091000011389	-0.0300391998427	0.00106572222186	0.02937226677	-0.0406102602502	0.015223016834	-0.0322371647808	-0.0256901682667	0.0536888565405	0.00756461445709	0.0199019933369	-0.0733276082958	-0.0195692397118	-0.077279832727	-0.103044088114	-0.0189754199915	0.0544869337639	-0.0124740429639	-0.0283296892182	-0.0284081070035	0.0165762635933	-0.0133325992842	0.00104268412213	0.00223340479682	-0.0304925438604	0.0460363302057	-0.0329346022845	-0.0382781669721	-0.0086514875178	-0.0395229479196	-0.0134251297612	0.0386315499508	0.029927216733	-0.0822881331463	0.0200114153104	-0.0219841703379	0.0424182621636	-0.030066649719
k__Bacteria;p__Bacteroidetes;c__Bacteroidia;o__Bacteroidales;f__Bacteroidaceae;g__Bacteroides;s__Bacteroides_coprocola	0.00090630340758	-0.00740256364766	-0.00595227257952	-0.0642011781419	0.00709485715383	0.0225279278617	-0.0448392981486	-0.024014472627	0.0211339456517	-0.0241641278845	-0.0211016084119	1.0	-0.0701942155583	-0.0541372907677	-0.0640238366522	0.0712693496683	0.0362194342791	-0.00228515985955	-0.0960108365574	-0.0541179167421	0.020829053804	0.0345007142866	0.0290912817188	0.00479177581642	0.040452988852	-0.0557774923284	0.0241520675949	0.0514946341373	-0.0206155414019	0.0246493722114	0.0493708319323	0.00902597341954	-0.0841418595657	-0.0193798480542	0.014855357194	0.0202185382674	-0.0019610629974	-0.0688638532334	0.027816521329	-0.0201368457346	0.0702275142386	-0.0941046104523	-0.012912369782	-0.0042456662517	-0.0586156667914	0.0556005742937	-0.0261630703458	-0.0298803992193	-0.0445236242061	0.0165150442054	-0.0315020742319	-0.0802104649427	0.0603276045399	-0.0113544263985	-0.0345116790913	0.0187071161483	-0.0680166490152	-0.113356251455	-0.0285801595735
k__Bacteria;p__Bacteroidetes;c__Bacteroidia;o__Bacteroidales;f__Bacteroidaceae;g__Bacteroides;s__Bacteroides_cellulosilyticus	-0.0353501513538	-0.0226871653463	-0.0331543966943	0.0445053374443	0.00765658826988	0.0854919041801	0.0268164671056	0.0708958891924	-0.0490776503209	-0.00159008496526	0.00619335718547	-0.0701942155583	1.0	-0.0296922437948	0.042934004476	-0.027491393464	0.0303962591873	0.0291669738115	0.0644374449441	0.0405901873082	0.0450528025512	0.0130132530314	-0.0260903504568	-0.0341050441789	-0.0373567574072	0.00892810692157	-0.0643217608048	-0.0669248378812	-0.0163978512027	0.0162131609284	-0.0466768649418	-0.031357161396	-0.0576553648478	0.0312416420602	-0.0215698539655	0.0481933280877	0.002430290096	0.0922824036501	-0.0268702243573	-0.041295719771	-0.0432956810629	-0.0167916157328	-0.0427249212014	-0.0688022853542	-0.00838804022034	0.00575507547781	0.0496934832865	-0.0596443805714	0.0175418850655	0.0417180481897	-0.131614002513	-0.0117246171311	-0.0215841234999	-0.0333774768046	-0.0394307446398	0.0111060390052	-0.0592591795594	-0.013345755872	0.0148358713531
k__Bacteria;p__Bacteroidetes;c__Bacteroidia;o__Bacteroidales;f__Rikenellaceae;g__Alistipes;s__Alistipes_obesi	-0.0907148141135	0.0229032918965	-0.0386960122631	-0.0748840400255	0.0118049471791	-0.030063369829	-0.00950829954746	0.0291130114149	0.0349865609875	0.0243591887239	-0.0655950868481	-0.0541372907677	-0.0296922437948	1.0	-0.0392374410946	-0.036404138053	-0.0383646948878	0.0279322010096	0.0396736346804	0.00475623804033	-0.00326045323634	0.0337845963805	0.0318415403059	-0.0324255166911	0.0803318457977	0.019006718051	-0.00984163462706	-0.0310216564878	0.0146624532288	0.0354614533752	-0.0144551132585	0.0656383574641	0.0811127697712	-0.0608492921211	0.0218544731232	-0.123515799271	0.0722415296153	-0.0385906768403	-0.059825042995	0.0854672857077	-0.0349416003712	0.00925833958603	0.02525930369	0.0456252147452	-0.00180558506474	-0.0338041802593	-0.0412034886435	-0.00615553434918	0.0065181748892	0.00489129067608	0.0233193994289	-0.0433232888352	0.0248625127212	0.0139777827439	-0.102003682172	0.0229057317491	-0.0411274608738	0.0213796608619	-0.0649609778934
k__Bacteria;p__Firmicutes;c__Clostridia;o__Clostridiales;f__Lachnospiraceae;g__;s__[Eubacterium]_rectale	-0.0318996444661	-0.0311068936561	0.0794216870338	0.0228476223155	-0.00293086362633	-0.0749644738622	0.066441508441	-0.00045804563907	-0.0458353613759	-0.0235841683606	-0.0133545666654	-0.0640238366522	0.042934004476	-0.0392374410946	1.0	0.0773997072213	-0.07780461245	0.00362879868816	-0.063050705185	-0.00847146723435	-0.0534345454766	0.00541180560763	0.0439233710421	-0.022517915474	-0.0748925535029	-0.0302087411502	0.0167618790757	-0.00919912661428	-0.0409924937754	0.00134985476766	0.0273558303462	-0.10201977664	0.0170674895514	0.145311830674	-0.0378433521286	0.0250112564521	-0.0926563568611	0.0671389345826	-0.042510323084	-0.0407323521516	-0.0298695145731	0.0233769659558	-0.0411765730336	-0.0437589757817	-0.0441080918296	0.00771828385011	-0.0310125911117	0.0324148394056	-0.0949760495783	0.0137891911459	-0.0551773809896	0.0260415554583	-0.0731055432359	0.0328111463481	0.0141833084333	-0.00735466120438	-0.0654187681002	0.0121849544579	-0.0141123676298
k__Bacteria;p__Bacteroidetes;c__Bacteroidia;o__Bacteroidales;f__Bacteroidaceae;g__Bacteroides;s__Bacteroides_plebeius	-0.0136340281605	-0.0252816406253	-0.0266384943611	-0.0180995609924	0.0283267665914	-0.0258326011885	0.0392408535612	0.0110970132129	-0.0738732590404	-0.019946691092	-0.065843316251	0.0712693496683	-0.027491393464	-0.036404138053	0.0773997072213	1.0	0.0306881411291	-0.0373625707056	-0.0662098205819	-0.0151693810224	0.0210133206654	-0.0582222695913	-0.118899996239	-0.0679343844189	-0.0284741912521	0.0641229821198	0.0533580921749	-0.0128800482717	0.057780084123	-0.0169178232207	-0.0939605312407	-0.0330066043076	-0.0450591709333	-0.0085303806759	-0.0141537276245	0.0291033322948	-0.041913778186	0.012788982302	0.0132207818518	-0.0219652267401	-0.0159528561853	-0.0547622388204	0.0386720449405	-0.0498822157926	0.0177122909633	-0.0389170330152	0.00525881414444	-0.0501670979535	-0.0214337682309	-0.0296496359083	-0.0489533027244	0.00977242038865	-0.0123235893076	0.0261646747691	-0.0749329996156	0.0168913247763	-0.0263480095056	0.00214069450675	-0.0470270193629
k__Bacteria;p__Bacteroidetes;c__Bacteroidia;o__Bacteroidales;f__Bacteroidaceae;g__Bacteroides;s__Bacteroides_fragilis	-0.0229465531868	-0.0799889883262	0.0145204588026	-0.0356008453622	0.0017668581365	0.0681389404161	0.00742374936568	0.018894138103	0.00125029585544	-0.0630408162866	0.0179205439306	0.0362194342791	0.0303962591873	-0.0383646948878	-0.07780461245	0.0306881411291	1.0	0.00284375547028	-0.00978027216445	0.00538828804557	0.0135352681486	-0.0739192033584	-0.0313621348562	-0.0267842464778	-0.0360004258201	-0.058204857111	-0.0352867066756	-0.0422622768115	-0.0225926127455	0.0148626854766	0.0388994986306	0.0119137699134	-0.0780440017618	-0.0768181649887	0.00236081947275	-0.00429351253016	-0.0248853640195	0.0236055165157	0.00544186061904	0.000662818623104	0.0242776406145	-0.0638983599835	-0.0506684765385	-0.00231338414081	-0.03526048974	-0.00955201803895	0.0186732278246	-0.122590528943	0.0224709999644	-0.00406450080929	0.0266176464514	0.0592517234566	-0.0154210107493	0.0187594653618	0.0303845444635	-0.00456721225091	-0.0432076084026	0.0296292662158	-0.0784879706096
k__Bacteria;p__Proteobacteria;c__Betaproteobacteria;o__Burkholderiales;f__Sutterellaceae;g__Sutterella;s__Sutterella_wadsworthensis	0.0317829658804	-0.0823579055569	-0.0166656524652	-0.0607997865285	-0.0385645068394	-0.0527050852888	-0.0220565619855	-0.0116044664826	0.00699892343176	0.00368792088706	-0.0246350153757	-0.00228515985955	0.0291669738115	0.0279322010096	0.00362879868816	-0.0373625707056	0.00284375547028	1.0	0.0302415468102	-0.0541372766977	-0.0949355129206	0.0671977133525	-0.00292356923761	-0.0495346700588	-0.0133314193745	0.0228817469479	0.029601508345	-0.0686301134862	0.0105944747035	-0.0380474060739	0.0838765164537	-0.00392542962238	0.00736286975005	-0.0925260716152	0.0237252252505	-0.0767213942232	0.0112313441872	-0.0330721237559	0.0102689031513	-0.02996007205	-0.093434601309	0.0570719988594	-0.0596895227367	-0.115703512543	0.0375326771215	0.0354724832129	-0.0108801365484	0.0127612044267	0.0706010146385	0.0117414247454	-0.0131146536497	-0.00859069248385	-0.0418681868365	-0.010308277996	-0.0265072098188	-0.000109346088815	0.024584803275	0.016366855243	-0.0285190023119
k__Bacteria;p__Bacteroidetes;c__Bacteroidia;o__Bacteroidales;f__Porphyromonadaceae;g__Barnesiella;s__Barnesiella_intestinihominis	-0.0110895599384	0.0179846973274	-0.0431208082849	0.0437318474075	0.05943994515	0.0257644059958	0.019989091182	0.00743913108798	-0.0341441976978	-0.0145069230961	0.00622842606455	-0.0960108365574	0.0644374449441	0.0396736346804	-0.063050705185	-0.0662098205819	-0.00978027216445	0.0302415468102	1.0	0.0576867832217	-0.0314568624659	-0.00920453821478	0.00632398017981	-0.0525091569059	-0.0706335661481	-0.043320874097	-0.042167106684	-0.0246570642828	-0.0372349374275	-0.00230766817058	0.0128056846702	-0.0639397355888	0.018234829366	0.0199978256331	-0.0324165677628	0.00439919519887	-0.065509661524	-0.0450123773125	-0.00500822365989	0.0476463356919	-0.00783087065863	0.00409943256307	-0.0104638257576	-0.0161445364707	0.0222111041486	-0.0296062435996	0.1066631013	0.0263913208147	-0.0577071328696	0.0582786087352	-0.0633121749798	0.0189290047417	-0.0416621316336	-0.0323404222767	0.0593932600482	-4.91506070463e-06	-0.0591476120536	-0.023960385826	-0.0154941617796
k__Bacteria;p__Bacteroidetes;c__Bacteroidia;o__Bacteroidales;f__Odoribacteraceae;g__Odoribacter;s__Odoribacter_splanchnicus	0.0504734294222	-0.0617952633836	-0.0577495219212	0.0519489551547	-0.0148853970164	-0.0478256041473	0.0386052861873	-0.00847871048924	0.00286532158345	0.0343837880754	-0.0650752797874	-0.0541179167421	0.0405901873082	0.00475623804033	-0.00847146723435	-0.0151693810224	0.00538828804557	-0.0541372766977	0.0576867832217	1.0	-0.088662704546	0.0215643599902	0.00763169292999	-0.0500291601336	-0.0404899181164	-0.0331709501831	-0.0547370191598	0.0309061820668	0.03489139655	0.0472888347234	-0.00752641893398	-0.0246673236665	-0.0309412969895	-0.0235309133367	-0.0445511483935	-0.0488320517082	0.0535235642553	-0.0459736942642	0.0100046056796	-0.0123551761952	-0.0143596778321	-0.0830049548496	0.00247399663778	-0.0869737972534	0.0243502269602	-0.0365596793507	-0.0855585065312	-0.035866365358	0.131695858283	-0.0405609585557	0.0130655946091	0.00505774732428	-0.0184600668749	-0.0212874036324	0.0257501781261	-0.0213099365425	-0.00270039693294	-0.0220978530749	-0.018035011993
k__Bacteria;p__Bacteroidetes;c__Bacteroidia;o__Bacteroidales;f__Bacteroidaceae;g__Bacteroides;s__Bacteroides_salyersiae	-0.0160926790858	0.076689788637	0.0471461470239	0.00607945518899	-0.0243473224501	0.0381989788848	-0.0357872485829	0.0882590484574	-0.0916520977328	-0.00514240674466	0.0312433553984	0.020829053804	0.0450528025512	-0.00326045323634	-0.0534345454766	0.0210133206654	0.0135352681486	-0.0949355129206	-0.0314568624659	-0.088662704546	1.0	0.0301360553045	-0.022174188704	0.0123762177728	-0.0373427039144	-0.0323798377173	-0.0282400676895	0.0301854181108	0.0359461239176	-0.0534076057625	-0.00490060226422	-0.00406551749148	0.0146480529789	-0.0315481133013	-0.0449105471527	0.0157712072167	-0.0255152259816	-0.0837240750534	-0.0176683422987	0.0567681925438	-0.0178548215894	0.0094028772666	0.0677668843766	0.0154654738268	-0.0132605020443	0.0170119967998	-0.0313005563473	-0.0180802449666	-0.0635675738491	-0.0402693184143	0.0727594771603	-0.0636294089823	0.0533669653879	-0.0309162819295	-0.112495435866	-0.0453549151557	0.0197562914478	-0.0435054751605	0.0837494207997
k__Bacteria;p__Firmicutes;c__Clostridia;o__Clostridiales;f__Ruminococcaceae;g__Ruminiclostridium;s__[Eubacterium]_siraeum	0.0505318781049	-0.0130955393402	-0.0130214726026	-0.00433701093946	0.018563003615	0.00514166788909	-0.066362984199	-0.0475004842625	-0.0127548695472	-0.00995502038357	-0.091000011389	0.0345007142866	0.0130132530314	0.0337845963805	0.00541180560763	-0.0582222695913	-0.0739192033584	0.0671977133525	-0.00920453821478	0.0215643599902	0.0301360553045	1.0	-0.0821021924951	-0.0584040900607	-0.000396751954354	0.0187651753693	0.00210317926949	-0.00915777509439	-0.0665456376812	0.0024390916916	-0.0493637266147	-0.0478531075171	-0.0150780872755	-0.0667469203971	-0.0539973720904	-0.0258032020074	-0.0362333853244	0.0512526148926	0.114571609027	0.00920027809872	-0.000405739286517	-0.000569722864011	0.0644732107252	-0.00596260265593	0.0278756375625	0.0264049045088	0.0508711907816	-0.0159083972108	0.0433749145952	-0.023577009989	0.0871095924085	-0.00583078108652	-0.055795395494	-0.0324651920101	-0.00212452628204	-0.019249704969	-0.0704100946971	0.0412657440254	-0.00545768953619
k__Bacteria;p__Proteobacteria;c__Betaproteobacteria;o__Burkholderiales;f__Sutterellaceae;g__Parasutterella;s__Parasutterella_excrementihominis	-0.014884136837	-0.00282285060575	-0.0670903655088	-0.0470027854084	-0.0410458857244	-0.0106460914517	-0.0463409768527	-0.020050462964	-0.0189298942894	-0.0790486192909	-0.0300391998427	0.0290912817188	-0.0260903504568	0.0318415403059	0.0439233710421	-0.118899996239	-0.0313621348562	-0.00292356923761	0.00632398017981	0.00763169292999	-0.022174188704	-0.0821021924951	1.0	-0.00594951031026	0.0280632316648	-0.028565405532	-0.0756859242229	0.000227464913479	-0.00842392451646	0.00284154923978	0.0157586978332	0.0203023453704	0.0400883205116	-0.00475583055573	0.0474592545506	-2.4077424123e-05	-0.0902439900443	-0.0563750909351	-0.0427742334475	0.0236719249131	-0.0176335413744	-0.0052512258615	-0.024506182123	-0.027186260454	-0.0161352426434	-0.0761149559196	0.0112666968225	0.0624169679424	0.00439404609115	-0.0162427990164	0.0461693391014	-0.0171697634356	-0.0188978437374	0.055281293247	0.0371006674082	-0.046481235578	-0.0204545682808	-0.0879050519611	0.0036733071511
k__Bacteria;p__Actinobacteria;c__Actinobacteria;o__Bifidobacteriales;f__Bifidobacteriaceae;g__Bifidobacterium;s__Bifidobacterium_adolescentis	-0.0156428226512	-0.0467146741362	-0.0276740031721	-0.00792317427203	0.0224981586801	-0.0709929919052	0.0229447034539	-0.000145925503808	-0.0700380072147	0.0524400700052	0.00106572222186	0.00479177581642	-0.0341050441789	-0.0324255166911	-0.022517915474	-0.0679343844189	-0.0267842464778	-0.0495346700588	-0.0525091569059	-0.0500291601336	0.0123762177728	-0.0584040900607	-0.00594951031026	1.0	0.0310512850898	0.0509647469723	-0.0430030580576	-0.0536474082867	-0.0311891425254	0.0222746398938	0.046436703073	0.0119397694347	5.89450326809e-05	0.0462819683124	0.00989896647597	-0.00965394393286	-0.0112817697617	0.118114986686	-0.0541990944785	0.0240787389241	-0.0501040224083	0.0261393158362	0.040234806648	-0.0643264280452	-0.0117157148745	0.0261055151128	-0.056644715869	0.0123460746561	-0.0100875444634	0.0630524881813	0.00211696154166	-0.0714278474102	0.0248981161951	0.0215771895337	0.0153828303717	-0.0525620490598	0.0259101363324	-0.0322298840796	0.0142155414141
k__Bacteria;p__Firmicutes;c__Clostridia;o__Clostridiales;f__Oscillospiraceae;g__Oscillibacter;s__Oscillibacter_sp._KLE_1745	-0.0228178886032	0.0223477245141	-0.0441842361539	-0.0432999589521	0.0140112886121	-0.0103978746466	-0.0326960089381	0.0454138386356	-0.0187423722418	-0.0434291532309	0.02937226677	0.040452988852	-0.0373567574072	0.0803318457977	-0.0748925535029	-0.0284741912521	-0.0360004258201	-0.0133314193745	-0.0706335661481	-0.0404899181164	-0.0373427039144	-0.000396751954354	0.0280632316648	0.0310512850898	1.0	-0.0492945067555	-0.00555369995815	0.0647303340194	-0.0209672741488	8.47368321547e-05	-0.0406871489847	0.0138955593372	0.0138559806638	-0.0859685466655	-0.0246569157362	0.00446066207618	-0.0253077409508	-0.0580092261346	0.0471061316445	0.0022558695024	-0.0548476422697	0.00115144067146	-0.0186765126814	0.0136476429923	-0.00954390898047	-0.0367625357387	-0.00134465642058	-0.0693460654245	-0.0433217494875	0.0158670422559	0.00856790061811	-0.0449099340464	-0.0214297246487	0.0286538947894	-0.00346685335337	-0.0637117935859	-0.0334878645302	0.0832115957541	-0.0179581610696
k__Bacteria;p__Bacteroidetes;c__Bacteroidia;o__Bacteroidales;f__Bacteroidaceae;g__Bacteroides;s__Bacteroides_coprophilus	0.0236680340291	-0.00892561828701	0.00688261223955	0.0260950306606	-0.0171466698826	-0.0144160422891	-0.0255056665394	-0.0263251719858	-0.0993324173013	0.0350969254103	-0.0406102602502	-0.0557774923284	0.00892810692157	0.019006718051	-0.0302087411502	0.0641229821198	-0.058204857111	0.0228817469479	-0.043320874097	-0.0331709501831	-0.0323798377173	0.0187651753693	-0.028565405532	0.0509647469723	-0.0492945067555	1.0	0.0240085434653	-0.0183035879988	-0.000307766489554	-0.00649124369464	-0.0159075833053	0.0856937451578	0.0628322526253	0.0225328628281	-0.047804959837	-0.0452488638897	-0.0165305830739	0.0226425652081	-0.0313375400229	0.0257565972962	-0.0523143289577	-0.00647601906763	0.0642032825671	0.0422749834673	0.0272155663811	-0.027947468526	0.069658619796	-0.0850953257759	-0.0267325848691	-0.0364047206335	0.0356199512518	-0.0485627298215	-0.0640293097272	0.0284914302651	-0.0494157973619	-0.0203066826153	-0.087260626763	-0.0769534318398	-0.0836262230587
k__Bacteria;p__Firmicutes;c__Clostridia;o__Clostridiales;f__Lachnospiraceae;g__Roseburia;s__Roseburia_intestinalis	0.0105013763141	-0.0190056307871	-0.058985857223	-0.043416640166	0.0114731966987	0.0501190740239	0.0129702362288	-0.0393899092208	0.0274582480711	0.0245730044316	0.015223016834	0.0241520675949	-0.0643217608048	-0.00984163462706	0.0167618790757	0.0533580921749	-0.0352867066756	0.029601508345	-0.042167106684	-0.0547370191598	-0.0282400676895	0.00210317926949	-0.0756859242229	-0.0430030580576	-0.00555369995815	0.0240085434653	1.0	-0.0790376746397	-0.0704077349633	-0.0686312519698	0.0539778355323	-0.0703828781108	-0.0529412053695	-0.0481160936579	-0.0472030170804	0.00809401629968	-0.0432422596396	-0.0079942255432	-0.0515312615107	-0.00655160327028	-0.0425010028495	0.074906121135	-0.0666650216028	0.0300162789124	-0.0308499639639	0.040007527965	-0.0599665256552	0.0130455596973	-0.0454784122384	-0.0332558894976	-0.0207590221296	0.0279147366894	-0.053299105108	-0.0661645151407	0.0427096252984	0.0392275633918	0.0258230920698	-0.00470764806726	0.00872046598315
k__Bacteria;p__Firmicutes;c__Clostridia;o__Clostridiales;f__Lachnospiraceae;g__Roseburia;s__Roseburia_hominis	0.0421416143687	-0.03307154251	0.0117328152801	0.0271729234797	-0.00728075288833	0.00205492600997	-0.0745681241616	0.0161384901547	0.0134204386702	-0.0288070931352	-0.0322371647808	0.0514946341373	-0.0669248378812	-0.0310216564878	-0.00919912661428	-0.0128800482717	-0.0422622768115	-0.0686301134862	-0.0246570642828	0.0309061820668	0.0301854181108	-0.00915777509439	0.000227464913479	-0.0536474082867	0.0647303340194	-0.0183035879988	-0.0790376746397	1.0	-0.0183921069409	-0.0770332645919	0.0205682073787	0.0291397187399	-0.00269296515063	-0.00533480931186	-0.0343159528339	-0.0137571497965	0.027338654049	-0.0480195465735	-0.0352672641568	0.0618307777542	-0.0402088154091	0.0265204546581	0.118082304553	-0.016313126033	0.00139754947523	-0.0611164212394	-0.0475154179081	-0.02660081254	-0.0507338476462	-0.032474657872	-0.0652487482049	0.0104253406735	-0.0320822084614	-0.0659547882022	0.0179690021473	-0.0248985998841	0.0537427703384	0.0671767027321	-0.0216485743905
k__Bacteria;p__Bacteroidetes;c__Bacteroidia;o__Bacteroidales;f__Porphyromonadaceae;g__Parabacteroides;s__Parabacteroides_johnsonii	-0.0449258690519	0.0126829956749	-0.00346946780554	0.0430002835041	-0.0125490447794	0.0291439604772	-0.095280851895	-0.0525738298578	-0.0595926529267	-0.00106410269296	-0.0256901682667	-0.0206155414019	-0.0163978512027	0.0146624532288	-0.0409924937754	0.057780084123	-0.0225926127455	0.0105944747035	-0.0372349374275	0.03489139655	0.0359461239176	-0.0665456376812	-0.00842392451646	-0.0311891425254	-0.0209672741488	-0.000307766489554	-0.0704077349633	-0.0183921069409	1.0	-0.0489443756077	0.0390960573273	0.0714791163233	-0.0196715586711	0.0294462729058	0.00224320902496	-0.0412922017081	-0.0107235281089	-0.0242691581645	-0.0118863927954	-0.016201243051	-0.0100139059186	-0.00545037913517	-0.0284826649059	0.000428863527798	-0.0309397604119	-0.0412846156617	-0.0287508105654	0.032504821287	0.068108426184	-0.0867326579152	0.0915440521464	0.0225518810472	-0.0914557630737	0.0458804365006	0.043195085205	0.0120570020491	-0.0363359001237	-0.0486615595514	0.0444611063316
k__Bacteria;p__Actinobacteria;c__Actinobacteria;o__Bifidobacteriales;f__Bifidobacteriaceae;g__Bifidobacterium;s__Bifidobacterium_longum	0.0202279558215	-0.00670451957135	0.0188633885264	0.0751789882667	-0.0157587521334	-0.0171657200165	-0.0442885168786	-0.104588809225	0.0659850582793	0.0741026026097	0.0536888565405	0.0246493722114	0.0162131609284	0.0354614533752	0.00134985476766	-0.0169178232207	0.0148626854766	-0.0380474060739	-0.00230766817058	0.0472888347234	-0.0534076057625	0.0024390916916	0.00284154923978	0.0222746398938	8.47368321547e-05	-0.00649124369464	-0.0686312519698	-0.0770332645919	-0.0489443756077	1.0	-0.0782336485935	0.0299944323674	-0.0210961440852	-0.0783946095801	0.0410508141195	-0.00748209635054	-0.0540480060727	0.0160193501754	-0.0688149698247	0.00396816180151	0.0401753436353	-0.0808589164027	-0.0325954223442	0.0642910691349	-0.0103363393056	-0.0421074038185	0.0388396535373	0.00747482915174	0.0157334588841	0.0209039094994	-0.0626723726919	-0.0536994257181	0.0141786097254	-0.0129559914968	-0.070837325555	-0.0174059587956	0.00832264099502	-0.0265290080313	0.0390291806637
