#taxonomy	k__Bacteria;p__Bacteroidetes;c__Bacteroidia;o__Bacteroidales;f__Bacteroidaceae;g__Bacteroides;s__Bacteroides_vulgatus	k__Bacteria;p__Bacteroidetes;c__Bacteroidia;o__Bacteroidales;f__Bacteroidaceae;g__Bacteroides;s__Bacteroides_uniformis	k__Bacteria;p__Bacteroidetes;c__Bacteroidia;o__Bacteroidales;f__Rikenellaceae;g__Alistipes;s__Alistipes_putredinis	k__Bacteria;p__Bacteroidetes;c__Bacteroidia;o__Bacteroidales;f__Prevotellaceae;g__Prevotella;s__Prevotella_copri	k__Bacteria;p__Bacteroidetes;c__Bacteroidia;o__Bacteroidales;f__Bacteroidaceae;g__Bacteroides;s__Bacteroides_stercoris	k__Bacteria;p__Bacteroidetes;c__Bacteroidia;o__Bacteroidales;f__Bacteroidaceae;g__Bacteroides;s__Bacteroides_ovatus	k__Bacteria;p__Bacteroidetes;c__Bacteroidia;o__Bacteroidales;f__Rikenellaceae;g__Alistipes;s__Alistipes_shahii	k__Bacteria;p__Firmicutes;c__Clostridia;o__Clostridiales;f__Ruminococcaceae;g__Faecalibacterium;s__Faecalibacterium_prausnitzii	k__Bacteria;p__Bacteroidetes;c__Bacteroidia;o__Bacteroidales;f__Rikenellaceae;g__Alistipes;s__Alistipes_finegoldii	k__Bacteria;p__Bacteroidetes;c__Bacteroidia;o__Bacteroidales;f__Porphyromonadaceae;g__Parabacteroides;s__Parabacteroides_distasonis	k__Bacteria;p__Bacteroidetes;c__Bacteroidia;o__Bacteroidales;f__Bacteroidaceae;g__Bacteroides;s__Bacteroides_thetaiotaomicron	k__Bacteria;p__Bacteroidetes;c__Bacteroidia;o__Bacteroidales;f__Bacteroidaceae;g__Bacteroides;s__Bacteroides_coprocola	k__Bacteria;p__Bacteroidetes;c__Bacteroidia;o__Bacteroidales;f__Bacteroidaceae;g__Bacteroides;s__Bacteroides_cellulosilyticus	k__Bacteria;p__Bacteroidetes;c__Bacteroidia;o__Bacteroidales;f__Rikenellaceae;g__Alistipes;s__Alistipes_obesi	k__Bacteria;p__Firmicutes;c__Clostridia;o__Clostridiales;f__Lachnospiraceae;g__;s__[Eubacterium]_rectale	k__Bacteria;p__Bacteroidetes;c__Bacteroidia;o__Bacteroidales;f__Bacteroidaceae;g__Bacteroides;s__Bacteroides_plebeius	k__Bacteria;p__Bacteroidetes;c__Bacteroidia;o__Bacteroidales;f__Bacteroidaceae;g__Bacteroides;s__Bacteroides_fragilis	k__Bacteria;p__Proteobacteria;c__Betaproteobacteria;o__Burkholderiales;f__Sutterellaceae;g__Sutterella;s__Sutterella_wadsworthensis	k__Bacteria;p__Bacteroidetes;c__Bacteroidia;o__Bacteroidales;f__Porphyromonadaceae;g__Barnesiella;s__Barnesiella_intestinihominis	k__Bacteria;p__Bacteroidetes;c__Bacteroidia;o__Bacteroidales;f__Odoribacteraceae;g__Odoribacter;s__Odoribacter_splanchnicus	k__Bacteria;p__Bacteroidetes;c__Bacteroidia;o__Bacteroidales;f__Bacteroidaceae;g__Bacteroides;s__Bacteroides_salyersiae	k__Bacteria;p__Firmicutes;c__Clostridia;o__Clostridiales;f__Ruminococcaceae;g__Ruminiclostridium;s__[Eubacterium]_siraeum	k__Bacteria;p__Proteobacteria;c__Betaproteobacteria;o__Burkholderiales;f__Sutterellaceae;g__Parasutterella;s__Parasutterella_excrementihominis	k__Bacteria;p__Actinobacteria;c__Actinobacteria;o__Bifidobacteriales;f__Bifidobacteriaceae;g__Bifidobacterium;s__Bifidobacterium_adolescentis	k__Bacteria;p__Firmicutes;c__Clostridia;o__Clostridiales;f__Oscillospiraceae;g__Oscillibacter;s__Oscillibacter_sp._KLE_1745	k__Bacteria;p__Bacteroidetes;c__Bacteroidia;o__Bacteroidales;f__Bacteroidaceae;g__Bacteroides;s__Bacteroides_coprophilus	k__Bacteria;p__Firmicutes;c__Clostridia;o__Clostridiales;f__Lachnospiraceae;g__Roseburia;s__Roseburia_intestinalis	k__Bacteria;p__Firmicutes;c__Clostridia;o__Clostridiales;f__Lachnospiraceae;g__Roseburia;s__Roseburia_hominis	k__Bacteria;p__Bacteroidetes;c__Bacteroidia;o__Bacteroidales;f__Porphyromonadaceae;g__Parabacteroides;s__Parabacteroides_johnsonii	k__Bacteria;p__Actinobacteria;c__Actinobacteria;o__Bifidobacteriales;f__Bifidobacteriaceae;g__Bifidobacterium;s__Bifidobacterium_longum	k__Bacteria;p__Firmicutes;c__Clostridia;o__Clostridiales;f__;g__Flavonifractor;s__Flavonifractor_plautii	k__Bacteria;p__Firmicutes;c__Clostridia;o__Clostridiales;f__Clostridiaceae;g__Clostridium;s__Clostridium_phoceensis	k__Bacteria;p__Verrucomicrobia;c__Verrucomicrobiae;o__Verrucomicrobiales;f__Akkermansiaceae;g__Akkermansia;s__Akkermansia_muciniphila	k__Bacteria;p__Bacteroidetes;c__Bacteroidia;o__Bacteroidales;f__Prevotellaceae;g__Paraprevotella;s__Paraprevotella_xylaniphila	k__Bacteria;p__Firmicutes;c__Clostridia;o__Clostridiales;f__Ruminococcaceae;g__Ruminococcus;s__Ruminococcus_callidus	k__Bacteria;p__Bacteroidetes;c__Bacteroidia;o__Bacteroidales;f__Rikenellaceae;g__Alistipes;s__Alistipes_senegalensis	k__Bacteria;p__Firmicutes;c__Clostridia;o__Clostridiales;f__Lachnospiraceae;g__Blautia;s__Blautia_sp._KLE_1732	k__Bacteria;p__Bacteroidetes;c__Bacteroidia;o__Bacteroidales;f__Bacteroidaceae;g__Bacteroides;s__Bacteroides_oleiciplenus	k__Bacteria;p__Firmicutes;c__Clostridia;o__Clostridiales;f__Ruminococcaceae;g__Ruminococcus;s__Ruminococcus_bicirculans	k__Bacteria;p__Bacteroidetes;c__Bacteroidia;o__Bacteroidales;f__Bacteroidaceae;g__Bacteroides;s__Bacteroides_fluxus	k__Bacteria;p__Bacteroidetes;c__Bacteroidia;o__Bacteroidales;f__Prevotellaceae;g__Prevotella;s__Prevotella_stercorea	k__Bacteria;p__Firmicutes;c__Clostridia;o__Clostridiales;f__Lachnospiraceae;g__Dorea;s__Dorea_longicatena	k__Bacteria;p__Firmicutes;c__Clostridia;o__Clostridiales;f__Eubacteriaceae;g__Eubacterium;s__[Eubacterium]_eligens	k__Bacteria;p__Firmicutes;c__Clostridia;o__Clostridiales;f__Ruminococcaceae;g__;s__Ruminococcaceae_bacterium_D16	k__Bacteria;p__Firmicutes;c__Clostridia;o__Clostridiales;f__Lachnospiraceae;g__Coprococcus;s__Coprococcus_comes	k__Bacteria;p__Proteobacteria;c__Gammaproteobacteria;o__Enterobacterales;f__Enterobacteriaceae;g__Escherichia;s__Escherichia_coli	k__Bacteria;p__Firmicutes;c__Clostridia;o__Clostridiales;f__Ruminococcaceae;g__Anaerotruncus;s__Anaerotruncus_colihominis	k__Bacteria;p__Firmicutes;c__Clostridia;o__Clostridiales;f__Lachnospiraceae;g__Blautia;s__Blautia_obeum	k__Bacteria;p__Bacteroidetes;c__Bacteroidia;o__Bacteroidales;f__Odoribacteraceae;g__Odoribacter;s__Odoribacter_laneus	k__Bacteria;p__Firmicutes;c__Clostridia;o__Clostridiales;f__Ruminococcaceae;g__Ruminiclostridium;s__[Clostridium]_leptum	k__Bacteria;p__Bacteroidetes;c__Bacteroidia;o__Bacteroidales;f__Porphyromonadaceae;g__Parabacteroides;s__Parabacteroides_goldsteinii	k__Bacteria;p__Firmicutes;c__Clostridia;o__Clostridiales;f__Lachnospiraceae;g__Anaerostipes;s__Anaerostipes_hadrus	k__Bacteria;p__Firmicutes;c__Clostridia;o__Clostridiales;f__Ruminococcaceae;g__Ruminococcus;s__Ruminococcus_lactaris	k__Bacteria;p__Firmicutes;c__Clostridia;o__Clostridiales;f__Clostridiaceae;g__Clostridium;s__Clostridium_sp._L2-50	k__Bacteria;p__Firmicutes;c__Clostridia;o__Clostridiales;f__Clostridiaceae;g__Clostridium;s__Clostridium_sp._M62/1	k__Bacteria;p__Firmicutes;c__Clostridia;o__Clostridiales;f__;g__Intestinimonas;s__Intestinimonas_butyriciproducens	k__Bacteria;p__Actinobacteria;c__Actinobacteria;o__Bifidobacteriales;f__Bifidobacteriaceae;g__Bifidobacterium;s__Bifidobacterium_bifidum	k__Bacteria;p__Firmicutes;c__Negativicutes;o__Veillonellales;f__Veillonellaceae;g__Dialister;s__Dialister_invisus	k__Bacteria;p__Bacteroidetes;c__Bacteroidia;o__Bacteroidales;f__Bacteroidaceae;g__Bacteroides;s__Bacteroides_salanitronis
k__Bacteria;p__Bacteroidetes;c__Bacteroidia;o__Bacteroidales;f__Bacteroidaceae;g__Bacteroides;s__Bacteroides_vulgatus	1.0	-0.00198612143555	0.0187993095465	0.034189528384	0.0555713924815	-0.0293397549823	-0.0204722550404	0.0159316009501	-0.00273447671747	-0.0113328790135	0.00572109173531	-0.00784825690216	0.0748654132241	-0.0171143918573	0.00626458926169	-0.0128946041762	-0.0640040890351	-0.0470504554647	-0.0117424394325	0.0276222924085	-0.0175632565172	-0.0423707445006	-0.0345203183983	-0.0709509573972	-0.0204505805023	-0.0335820811222	0.012907107263	-0.0143050762389	-0.039407430783	0.0451795229472	-0.0100503691686	0.024514090112	-0.0324065754178	0.0625249860155	-0.0449344557273	-0.0728510603143	0.0390276636619	-0.0352640962577	-0.0524513282279	0.0171550796899	-0.00910887579464	0.0550732871769	-0.0346845313615	0.0276694165824	0.030795562742	0.0347267433719	-0.0154003355046	0.0266873509111	0.0956657020761	0.0185723579839	0.00118856003372	0.0101983941124	0.00545980761924	-0.114120868193	-0.0798350699415	0.0199412071615	-0.0198015830295	0.0150911586588	-0.0295800862138
k__Bacteria;p__Bacteroidetes;c__Bacteroidia;o__Bacteroidales;f__Bacteroidaceae;g__Bacteroides;s__Bacteroides_uniformis	-0.00198612143555	1.0	-0.016538545359	0.0171969948187	0.0118492060917	-0.0585303885898	-0.0244981025507	-0.0100151423751	0.0311599231978	-0.0159796213006	0.0369979339467	-0.0371151544606	-0.0563605578057	-0.0614465628187	0.0836765633089	-0.0123122296001	-0.022570318107	0.0286885604063	0.0448376562554	0.0455182077164	-0.00469746150584	0.0474216525031	-0.00884017824641	0.0250605447054	0.0460249833891	-0.0484530942879	0.0130524963107	-0.0322525059335	-0.051214231319	-0.0178165272976	-0.0444166605995	-0.0179679536123	0.0516785756149	0.000856516529368	-0.0333116991232	0.0473635284466	0.0530157461433	-0.0255548421841	0.0330313363216	0.0144870200953	0.0156501149744	-0.0497289240024	-0.0422833319238	-0.0414489421588	-0.0107693796658	0.0137163139411	-0.000782326967862	0.00639127118294	-0.00961812210206	0.0756433222057	-0.0700814656241	-0.0983816004402	-0.0650613498404	0.0387106925619	-0.0113108839631	-0.0171474741926	-0.0146202822873	0.0500075329969	0.0162170484435
k__Bacteria;p__Bacteroidetes;c__Bacteroidia;o__Bacteroidales;f__Rikenellaceae;g__Alistipes;s__Alistipes_putredinis	0.0187993095465	-0.016538545359	1.0	-0.0686903968418	-0.0631950837732	-0.0470130290997	0.0455684021118	0.0422857868196	-0.0744915727398	-0.0168973802289	0.0168076681548	-0.0222142790423	-0.0505771318444	-0.051085536108	-0.00043951788409	0.00677412784001	0.0184760614921	0.0499372393149	0.0085158643904	-0.0236304567471	-0.0122026705	-0.0170298319879	-0.056414854131	-0.0547272246124	0.0426704723569	-0.0172727394027	0.0258251557925	0.0303144072443	-0.0237198365537	0.0469920236662	-0.00200219273504	-0.0583650050904	-0.0807308898615	-0.0419452434408	-0.0413760350563	-0.0447210326334	-0.0378381671855	-0.0226504223227	0.0225388585943	-0.000668662525424	-0.00577872295716	-0.0587616904545	-0.00686375137032	0.0474930703837	-0.0112938696574	-0.0720810700821	-0.016918920605	-0.0875060329182	-0.0222300617639	0.0292496057435	0.0182012825811	-0.0254895039477	0.0194800113859	0.0397464977473	-0.012424458481	-0.00727266196203	-0.0326887265082	-0.0118244890318	-0.0105395247373
k__Bacteria;p__Bacteroidetes;c__Bacteroidia;o__Bacteroidales;f__Prevotellaceae;g__Prevotella;s__Prevotella_copri	0.034189528384	0.0171969948187	-0.0686903968418	1.0	0.0139586091836	-0.00901220779355	0.0316520011238	0.0187072636597	0.0202972298477	-0.0310208427985	0.0607329604865	-0.0311145295015	-0.032269726237	-0.00414382276333	0.0191124415761	0.00477866460068	-0.0842964787993	0.0360570858837	-0.0343192793225	-0.0414400755763	0.020297129803	-0.00821305220591	-0.0195920562864	-0.00284673952551	-0.0286727307666	0.0409678233315	0.0214411129089	-0.0312826402957	0.0545314155671	-0.0343719191812	-0.0524109408893	-0.00826802984318	0.0142134476558	-0.00450921694511	0.0570559981606	0.0144832930249	-0.0277704177044	-0.0119502906887	-0.0891814863452	0.0396881165963	0.00326745796156	0.0205119676408	-0.00564587601501	-0.0646565509456	0.0508827658908	-0.0039216097583	0.0151594673614	-0.0136834185675	0.0163981230105	-0.0730736388339	-0.0269163349003	-0.015617441098	-0.0419140210697	-0.00598783988216	-0.000885466097135	-0.0450709670145	-0.0259334106046	-0.0205410695881	0.0158675412378
k__Bacteria;p__Bacteroidetes;c__Bacteroidia;o__Bacteroidales;f__Bacteroidaceae;g__Bacteroides;s__Bacteroides_stercoris	0.0555713924815	0.0118492060917	-0.0631950837732	0.0139586091836	1.0	0.0115810619577	0.0389255212589	-0.0118166327642	-0.106688812181	-0.000832546537206	0.0087683963882	0.00788947895448	0.0440376364338	0.0177043280539	0.0257634458686	-0.0199830056753	-0.0460589111665	-0.0340747362896	-0.128108374357	-0.03737294101	-0.0693844191858	0.0479834999807	-0.00685444846498	0.0492826335885	0.0144202976048	-0.0459313702595	-0.0288734769892	-0.00348584092806	0.0057042663304	-0.0520109992839	0.012983454455	0.00328852223742	0.0189080959958	0.0263610803686	-0.0464919913569	-0.0251808947852	0.00346594475066	-0.0697856694317	0.0880898338268	0.0085891053525	0.0525031481894	0.0175839063867	-0.0217338108515	-0.00629131337442	-0.0646579863906	-0.0819625089256	-0.0153585269473	0.0759515961625	0.00356631130958	0.0384304576532	0.00542972207971	0.00649838127402	-0.00912527633114	0.0291111856236	0.0158305335037	0.0039040520308	0.0500568805863	-0.0859754957042	0.0287796514021
k__Bacteria;p__Bacteroidetes;c__Bacteroidia;o__Bacteroidales;f__Bacteroidaceae;g__Bacteroides;s__Bacteroides_ovatus	-0.0293397549823	-0.0585303885898	-0.0470130290997	-0.00901220779355	0.0115810619577	1.0	0.00417984652796	0.00035577223394	0.0218598865677	-0.0181465496624	0.0185769413171	-0.0996344951412	0.00950894901468	-0.0685871196595	0.0465366674878	-0.0976469037384	0.10363642206	0.0284942624287	0.00174473751468	-0.0379986284192	-0.0425888385687	0.0786831692703	0.0134072817329	0.00286962528867	0.0164604537582	0.0331907197269	-0.00600728118582	0.0506658390593	0.0150745483311	-0.0393216846804	-0.0100522532514	-0.0114557710292	-0.0703404805689	-0.0178864727169	0.0167759561312	-0.0188827412399	0.00086034493675	-0.0129964479976	-0.052896507974	0.0682712608925	-0.0365712655165	-0.0101594036773	0.00255823477553	-0.0432055958209	-0.0230143508344	0.0153226366694	-0.0948875634941	0.0108453587447	0.00913315456942	-0.0529176496027	-0.0145135868614	0.0206552879336	-0.030932484671	-0.06093461435	0.030090284033	-0.0315110281075	0.0231840184854	0.0166858534112	0.0160039063009
k__Bacteria;p__Bacteroidetes;c__Bacteroidia;o__Bacteroidales;f__Rikenellaceae;g__Alistipes;s__Alistipes_shahii	-0.0204722550404	-0.0244981025507	0.0455684021118	0.0316520011238	0.0389255212589	0.00417984652796	1.0	0.0172670352213	0.00608332594084	-0.0365848708468	0.0421014304767	-0.0582041685463	-0.0805547213508	0.0259755217561	-0.0596423534345	0.0141449925077	-0.0379627796244	0.0599666576746	-0.0391409942911	-0.0305382265638	-0.0148343617808	0.0233062817069	0.0105856873886	-0.0435077215522	-0.0810883379294	-0.0161557744395	0.0257071564212	-0.102528135436	0.0132513081982	-0.000645076330013	-0.135687152907	0.013723692074	0.0122541275635	-0.0325131299729	-0.0259183981557	-0.0431808900559	-0.0623289962109	0.00717267847127	0.00771518899931	0.0341168228271	-0.0236253862108	0.00179024931225	-0.0386429245147	0.0353563157985	-0.0514146089641	0.0055214948151	-0.0275817888135	-0.0351920318311	-0.0752598689362	0.00162698514561	-0.0169156211235	0.0447954428259	-0.0399542583146	-0.030698767218	0.0142572246863	0.0482521614479	-0.0325168724134	-0.000690446909093	-0.0142405952952
k__Bacteria;p__Firmicutes;c__Clostridia;o__Clostridiales;f__Ruminococcaceae;g__Faecalibacterium;s__Faecalibacterium_prausnitzii	0.0159316009501	-0.0100151423751	0.0422857868196	0.0187072636597	-0.0118166327642	0.00035577223394	0.0172670352213	1.0	-0.00606111760441	-0.00927514957713	-0.066229250394	-0.00523180564136	-0.00453437954968	0.00538679028212	0.0586340429532	0.0945880665284	-0.00777704822909	0.00968019276669	-0.0597211196516	0.0171417707113	-0.0405778379708	-0.0293885688225	-0.0111756647398	-0.0361113247358	-0.0370848249067	-0.00235373691741	-0.0593598849842	-0.0104560948504	-0.0399597020588	-0.0706142927616	-0.0613868120881	0.0216289244023	-0.0430490235001	-0.0576924470208	0.0563003938564	-0.0407928304845	0.0520582399994	-0.0550928734731	0.0611720985108	0.0309387628594	0.0276197142357	-0.00509214566472	-0.0157198224926	-0.0602499052048	-0.0118253345363	-0.0145591058129	-0.0275491952022	0.0216893082433	-0.031711942112	0.00968093484653	-0.00610196130724	-0.0460460146298	-0.0848617466865	0.00292972141744	0.0391780643981	-0.00957041763469	0.00799618851355	-0.0641857776639	0.02873399476
k__Bacteria;p__Bacteroidetes;c__Bacteroidia;o__Bacteroidales;f__Rikenellaceae;g__Alistipes;s__Alistipes_finegoldii	-0.00273447671747	0.0311599231978	-0.0744915727398	0.0202972298477	-0.106688812181	0.0218598865677	0.00608332594084	-0.00606111760441	1.0	-0.0408034600838	-0.0217119129204	-0.0252370181725	-0.0325445374386	-0.0216989888795	-0.0282345019801	0.00979217357424	0.0457630868448	-0.0850883523115	0.0247525303289	0.0226920965375	-0.0316472139189	-0.0507027114752	-0.0309631894743	-0.00121287225415	0.00267434899055	-0.0357233620051	-0.0168351369626	0.0359746770601	-0.0444632166658	-0.020706652623	-0.0113212717683	0.0192884880506	-0.0113719841659	0.0166409320961	-0.00741360380041	-0.0262508558017	0.00790832755402	0.0244085043076	-0.0111726618195	-0.00698331702853	-0.0110846267622	0.0185577592124	-0.0535142006514	-0.0465003076825	0.0333899263525	0.000281785972374	-0.0345693870674	-0.0131525103207	0.0602713697319	0.0356491780298	-0.0226054372204	-0.0419809406334	-0.00211539684324	0.0418257604811	-0.000345430771482	0.0391464006335	-0.0354979605169	0.0500757086911	-0.0317632121882
k__Bacteria;p__Bacteroidetes;c__Bacteroidia;o__Bacteroidales;f__Porphyromonadaceae;g__Parabacteroides;s__Parabacteroides_distasonis	-0.0113328790135	-0.0159796213006	-0.0168973802289	-0.0310208427985	-0.000832546537206	-0.0181465496624	-0.0365848708468	-0.00927514957713	-0.0408034600838	1.0	0.0576965640531	-0.0115744758803	0.0953711561091	0.0328193189693	-0.0175334492011	0.0174232752593	0.0262555545576	-0.0199445587374	-0.0115457311968	-0.0267428592114	-0.0267651345819	-0.0489646533075	-0.0479197983137	-0.0276235359159	0.0216809964964	-0.0293119896068	0.0593486656568	-0.0403817716128	-0.0835708691242	0.00707192109695	-0.0123956947609	-0.104440235309	-0.064952563186	-0.0611515975532	0.025256171845	-0.0545147399761	0.0138973015325	-0.00813930183736	0.0358669131399	0.0255496003788	0.00303396204832	-0.0812849757035	-0.042899095141	-0.0970361370732	-0.0126756933934	-0.0522119959237	-0.0319451177261	-0.113982480681	-0.045543347334	0.0875207822382	0.00544037980528	-0.0385149942824	0.0112101486745	-0.0749841001223	-0.0820546348756	0.0494963979978	0.00884212938744	-0.0162175682556	-0.0401391065187
k__Bacteria;p__Bacteroidetes;c__Bacteroidia;o__Bacteroidales;f__Bacteroidaceae;g__Bacteroides;s__Bacteroides_thetaiotaomicron	0.00572109173531	0.0369979339467	0.0168076681548	0.0607329604865	0.0087683963882	0.0185769413171	0.0421014304767	-0.066229250394	-0.0217119129204	0.0576965640531	1.0	-0.0372796022718	-0.00122283426907	-0.0391191252313	-0.0400083758565	0.053700052389	-0.0881406155089	-0.00799455833796	-0.0610862933101	-0.0652360091011	0.0659088068866	0.0354241710167	-0.0398939727798	-0.0509990462952	-0.0129936240187	-0.0488813006806	0.0296061415524	-0.0296598465114	-0.00893867467648	-0.0353413113307	-0.0145230109268	-0.0277046359365	-0.0217918139573	0.0407488635641	-0.0138884601287	-0.0711685957482	0.0774886748573	-0.0474897797955	0.0064916640128	-0.0412695274712	0.00788620541509	-0.0203528448459	-0.0559118803745	0.0161764790483	-0.0521542396744	-0.0727944546243	-0.00770119087366	-0.034538305714	-0.0752689084883	0.00555028345595	0.0315194738513	-0.0202072538162	0.0507223681982	0.00448304735064	-0.0323512936185	0.00687636963015	-0.0417868941333	0.0131048758297	0.0319030525355
k__Bacteria;p__Bacteroidetes;c__Bacteroidia;o__Bacteroidales;f__Bacteroidaceae;g__Bacteroides;s__Bacteroides_coprocola	-0.00784825690216	-0.0371151544606	-0.0222142790423	-0.0311145295015	0.00788947895448	-0.0996344951412	-0.0582041685463	-0.00523180564136	-0.0252370181725	-0.0115744758803	-0.0372796022718	1.0	-0.018132598774	-0.0487729263811	0.0055870003772	-0.0113863592282	0.0312157227185	-0.00561448754011	0.00422034785835	0.0558069355483	-0.0219404112924	-0.00991212677808	0.0233131455205	-0.0195391957108	-0.0697547889322	0.0119507738608	-0.0425795650787	-0.0395767198788	0.0693665806025	0.0505077326148	-0.0778809583882	0.0190778849375	-0.00688762101806	-0.0592687507086	-0.00132054431666	-0.0198477930632	-0.0601685639256	0.0154947642294	0.0795016783505	-0.0856630692671	-0.023427790676	0.0208586243381	0.0565454855786	-0.0679604943094	0.0124074900206	-0.00180977425165	0.000631937022704	0.00410490818276	0.00561338343675	-0.0395341819865	0.0222777542474	-0.0235402099011	0.0481897587869	-0.0231902694472	-0.0166139822646	-0.0168942152776	-0.0317601496885	0.0683515140703	-0.0355567552803
k__Bacteria;p__Bacteroidetes;c__Bacteroidia;o__Bacteroidales;f__Bacteroidaceae;g__Bacteroides;s__Bacteroides_cellulosilyticus	0.0748654132241	-0.0563605578057	-0.0505771318444	-0.032269726237	0.0440376364338	0.00950894901468	-0.0805547213508	-0.00453437954968	-0.0325445374386	0.0953711561091	-0.00122283426907	-0.018132598774	1.0	-0.0704773267809	-0.0171903827228	0.00864091204123	-0.00794682984496	0.00276866925783	-0.0521591777228	-0.0300649036607	-0.0302899376414	0.0477026559708	0.0160208578814	0.0121018877775	0.0192475480831	-0.0446668146038	0.0279790269345	0.0902733421703	-0.0435394432529	-0.005078691062	-0.0452142486887	0.0618229847474	-0.0243894996827	-0.0354635679622	0.0413501089192	-0.0517156681344	0.0147187196756	-0.0777815303318	0.0312431487474	-0.00149258982237	-0.00744760437123	-0.0117016312805	0.0500886174678	-0.0798824887135	-0.0360344810583	-0.0628120680898	0.0228480054746	-0.0395056516963	0.000728977290497	-0.0287810357439	-0.0776403696757	-0.0784860003576	-0.0534487439529	-0.0274842713608	0.030008295233	0.051641839326	0.0347867367594	0.0324018186158	-0.0295466003435
k__Bacteria;p__Bacteroidetes;c__Bacteroidia;o__Bacteroidales;f__Rikenellaceae;g__Alistipes;s__Alistipes_obesi	-0.0171143918573	-0.0614465628187	-0.051085536108	-0.00414382276333	0.0177043280539	-0.0685871196595	0.0259755217561	0.00538679028212	-0.0216989888795	0.0328193189693	-0.0391191252313	-0.0487729263811	-0.0704773267809	1.0	0.0149417385102	0.0144501817212	-0.0211133729288	-0.0796578857486	-0.0401754295613	-0.00572188456088	-0.0479399351823	-0.0181480722596	0.00888963550301	-0.0252432806274	0.0229148855092	0.0200095960045	-0.00297246698391	0.0751696901053	-0.00315695288902	-0.0460355604669	0.0330690628349	-0.0214315760068	0.0628970986464	-0.0232595646452	-0.0441926960122	-0.050787518988	-0.00784202414548	0.00458096684277	-0.0450391288717	0.0347082378552	-0.0442779106242	0.0087928721573	-0.0245744706816	-0.00817725345295	-0.0371339880141	0.0419315485622	0.00309562372662	-0.0439927192509	-0.0525104169514	0.0277698532302	-0.0201258801025	0.00371224388195	-0.0271791393644	-0.0327183555889	0.0195377547283	0.00925400131612	0.0438888475712	-0.0602632618353	-0.0452781104661
k__Bacteria;p__Firmicutes;c__Clostridia;o__Clostridiales;f__Lachnospiraceae;g__;s__[Eubacterium]_rectale	0.00626458926169	0.0836765633089	-0.00043951788409	0.0191124415761	0.0257634458686	0.0465366674878	-0.0596423534345	0.0586340429532	-0.0282345019801	-0.0175334492011	-0.0400083758565	0.0055870003772	-0.0171903827228	0.0149417385102	1.0	0.0196409145639	-0.025005480555	0.0142839972475	-0.0224851837598	0.0198308542219	-0.0155314833568	-0.0186517280083	0.0187348994874	0.0231033179334	0.0414433847571	-0.0520785296918	0.0422468702096	-0.0216795618958	0.0279182160029	-0.056773800514	0.0483734349595	-0.0556476268001	-0.0580142253404	0.0385705275482	-0.00973400708131	-0.0283306273244	0.00351523092104	-0.00405865855238	-0.0369875445479	-0.0716647510771	0.00693634135349	-0.0418481330176	0.0463350180042	-0.0182209114037	-0.0138357843659	-0.0188090967743	0.0475932064468	-0.00569383029598	-0.0163103534853	-0.038730203395	0.0296798275215	-0.0145498858754	-0.00277589895188	0.00600862087917	-0.0690109909799	-0.0138964207731	-0.0845884939389	-0.0230234104633	-0.0451013795236
k__Bacteria;p__Bacteroidetes;c__Bacteroidia;o__Bacteroidales;f__Bacteroidaceae;g__Bacteroides;s__Bacteroides_plebeius	-0.0128946041762	-0.0123122296001	0.00677412784001	0.00477866460068	-0.0199830056753	-0.0976469037384	0.0141449925077	0.0945880665284	0.00979217357424	0.0174232752593	0.053700052389	-0.0113863592282	0.00864091204123	0.0144501817212	0.0196409145639	1.0	-0.00856711411669	-0.0885884778476	-0.0700377504577	-0.0509511428284	0.0330827254689	-0.00545599040634	0.03611558178	-0.0682864200409	-0.0307130571386	-0.015820084248	-0.00805914486141	0.0236491427765	-0.0313559629981	0.0245354021686	-0.0308748381627	5.93002326133e-05	-0.0825025201931	0.0392201225153	-0.0200639574083	-0.0382237052067	0.0037621408058	-0.0165412857302	0.0395461674	0.00219186847991	-0.0123108534624	-0.0142484346438	-0.0163486186087	-0.000227029966421	-0.00878448083984	-0.0325264017828	0.0580536626836	0.0144487965545	-0.038874151032	-0.0317013554219	0.00168879872761	-0.0987042086265	-0.0894572091019	-0.0612892183363	0.00728058555404	0.0955705804173	0.00464876801059	-0.0358679582243	0.0135307201843
k__Bacteria;p__Bacteroidetes;c__Bacteroidia;o__Bacteroidales;f__Bacteroidaceae;g__Bacteroides;s__Bacteroides_fragilis	-0.0640040890351	-0.022570318107	0.0184760614921	-0.0842964787993	-0.0460589111665	0.10363642206	-0.0379627796244	-0.00777704822909	0.0457630868448	0.0262555545576	-0.0881406155089	0.0312157227185	-0.00794682984496	-0.0211133729287	-0.025005480555	-0.00856711411669	1.0	0.0315753861446	-0.00246159874437	-0.00593904904923	0.016843955849	-0.00404602180222	0.0289013343063	-0.0543740766574	0.0466293550602	0.0242742679472	-0.101250493722	-0.0538798611768	0.198111290791	-0.0787498115712	0.0501661245525	0.00064005253953	0.0347113133701	-0.113651710733	0.0369130981923	-0.0795903536091	-0.0713605500807	-0.109687420543	-0.0938413380521	-0.0376342813744	-0.0041506700937	0.0857535698561	-0.103031588137	0.0334157599078	0.000381961219573	-0.065266137714	-0.0764612100238	0.00127317439019	-0.0374905113753	0.00567697950627	-0.0434702943401	-0.0411530014219	0.055492009422	0.0315085498994	0.00240127498605	-0.0443438993466	-0.0500403268471	-0.00656190191485	0.0211220151512
k__Bacteria;p__Proteobacteria;c__Betaproteobacteria;o__Burkholderiales;f__Sutterellaceae;g__Sutterella;s__Sutterella_wadsworthensis	-0.0470504554647	0.0286885604063	0.0499372393149	0.0360570858837	-0.0340747362896	0.0284942624287	0.0599666576746	0.00968019276669	-0.0850883523115	-0.0199445587374	-0.00799455833796	-0.00561448754011	0.00276866925783	-0.0796578857486	0.0142839972475	-0.0885884778476	0.0315753861446	1.0	-0.00309274880129	0.00700691793578	-0.0184844876762	-0.0436399300243	-0.142998404566	0.0796289249668	-0.0730185270899	0.02212667403	-0.0503190704376	-0.0235230059202	0.0466426074216	-0.0629883474313	0.00707232882793	0.0134652447701	-0.0452452894836	-0.0624386085465	0.00499770286691	-0.0161375317922	-0.0410454695183	0.0190307967904	0.0803330668094	-0.00759860686035	0.0194213790894	-0.0375333031352	-0.0124834234164	0.116684239781	0.00703341068736	0.041089055355	-0.0299154648153	-0.0337314338699	0.0195563808749	-0.0356652708192	-0.00599765013537	0.0305919925455	-0.038846871484	-0.0574588718325	0.0249173739791	0.0254106720465	-0.0179160808527	-0.0690360122801	-0.0115710426331
k__Bacteria;p__Bacteroidetes;c__Bacteroidia;o__Bacteroidales;f__Porphyromonadaceae;g__Barnesiella;s__Barnesiella_intestinihominis	-0.0117424394325	0.0448376562554	0.0085158643904	-0.0343192793225	-0.128108374357	0.00174473751468	-0.0391409942911	-0.0597211196516	0.0247525303289	-0.0115457311968	-0.0610862933101	0.00422034785835	-0.0521591777228	-0.0401754295613	-0.0224851837598	-0.0700377504577	-0.00246159874437	-0.00309274880129	1.0	-0.0697266222829	0.0324868671392	0.0554443979396	0.0540805091232	-0.0148558915564	-0.0101448886237	0.0401953706744	-0.00626977050551	-0.0500683276921	-0.0500764449802	-0.0302357748752	-0.0846381012156	-0.00641872214816	-0.0153397054178	0.0491851271516	0.00238165765841	-0.00147136672792	0.0439776070415	0.00164717519745	0.00824322512706	-0.0496563416953	0.0851548214338	-0.0104272701421	0.0221798191088	-0.00634510661106	0.0795803524692	-0.0628998826352	-0.0202923518611	0.00116938521181	0.019312994264	-0.00672492421811	-0.0751577095102	0.0184634752154	0.0334155146309	0.00678176733489	0.00666194452272	0.0219091108009	-0.0628341605359	0.0681092969304	0.0099715751103
k__Bacteria;p__Bacteroidetes;c__Bacteroidia;o__Bacteroidales;f__Odoribacteraceae;g__Odoribacter;s__Odoribacter_splanchnicus	0.0276222924085	0.0455182077164	-0.0236304567471	-0.0414400755763	-0.03737294101	-0.0379986284192	-0.0305382265638	0.0171417707113	0.0226920965375	-0.0267428592114	-0.0652360091011	0.0558069355483	-0.0300649036607	-0.00572188456088	0.0198308542219	-0.0509511428284	-0.00593904904923	0.00700691793578	-0.0697266222829	1.0	0.0524500995341	0.000895434178637	0.00137303599546	-0.0225731177442	0.0688582204768	-0.0102693452774	0.0202407811761	-0.0606166567119	-0.0313643647066	0.0560253434095	0.0421303414205	-0.00700882382537	-0.0442765731356	0.0780911128384	-0.00720282998123	-0.0750290901934	0.0222553476292	0.0149327267092	-0.051385071925	0.0347977518732	-0.040644794807	-0.019375437018	-0.0346015075748	-0.0354758241966	0.00957550634846	-0.0170103246456	0.0240923424393	-0.0150205565945	0.0289100421063	-0.00626173932416	0.00684366141648	-0.0691146077548	-0.0048125417357	-0.0370352782484	0.0299925765163	0.053063086706	-0.0554297204645	-0.0426836356914	-0.0942561766275
k__Bacteria;p__Bacteroidetes;c__Bacteroidia;o__Bacteroidales;f__Bacteroidaceae;g__Bacteroides;s__Bacteroides_salyersiae	-0.0175632565172	-0.00469746150584	-0.0122026705	0.020297129803	-0.0693844191858	-0.0425888385687	-0.0148343617808	-0.0405778379708	-0.0316472139189	-0.0267651345819	0.0659088068866	-0.0219404112924	-0.0302899376414	-0.0479399351823	-0.0155314833568	0.0330827254689	0.016843955849	-0.0184844876762	0.0324868671392	0.0524500995341	1.0	-0.0207815718461	-0.0224590715141	-0.0109012311779	0.00172442613764	0.0390194592687	0.00348120646458	-0.0118321663746	0.00878700591689	0.0267726015472	-0.0211638531423	-0.0667212647813	-0.0101397925099	-0.0362002474361	-0.101749378296	-0.00893010623045	-0.0296268058227	-0.00546475120065	-0.0897524910991	-0.01342339829	0.118305426501	-0.0182579041468	0.0262233422987	-0.0889534256489	0.0170529498388	-0.0419740664999	-0.0178166697769	0.0144850866746	-0.0360535266619	-0.0426606935843	-0.0568935324063	0.037903166916	-0.0242788003323	-0.0117491601114	-0.0125901227156	-0.0221039772329	-0.00609714032109	-0.0191894133157	-0.0142610089289
k__Bacteria;p__Firmicutes;c__Clostridia;o__Clostridiales;f__Ruminococcaceae;g__Ruminiclostridium;s__[Eubacterium]_siraeum	-0.0423707445006	0.0474216525031	-0.0170298319879	-0.00821305220591	0.0479834999807	0.0786831692703	0.0233062817069	-0.0293885688225	-0.0507027114752	-0.0489646533075	0.0354241710167	-0.00991212677808	0.0477026559708	-0.0181480722596	-0.0186517280083	-0.00545599040634	-0.00404602180222	-0.0436399300243	0.0554443979396	0.000895434178637	-0.0207815718461	1.0	-0.0273999373532	-0.000501434535803	-0.0360791271334	0.0313033212276	0.00551537951371	-0.0137720716761	0.00244272415321	-0.0462875291164	-0.0195599263294	-0.0399850105089	0.00486046178789	-0.0291244453038	0.0578020832074	-0.00231604027763	-0.0506281778746	-0.069410721796	0.00772398682098	0.0431571310336	-0.0133117936389	-0.0692942098967	-0.0867331601104	-0.0368397082865	-0.0526875153565	-0.0793511587516	0.00164922544774	0.0338347142151	-0.0712389890931	0.0119777544741	0.0509810892463	-0.0279995076925	0.0161794862859	0.0185031108872	-0.022800214871	-0.0502055095049	-0.0694648006777	-0.059123996366	-0.000532798698527
k__Bacteria;p__Proteobacteria;c__Betaproteobacteria;o__Burkholderiales;f__Sutterellaceae;g__Parasutterella;s__Parasutterella_excrementihominis	-0.0345203183983	-0.00884017824641	-0.056414854131	-0.0195920562864	-0.00685444846498	0.0134072817329	0.0105856873886	-0.0111756647398	-0.0309631894743	-0.0479197983137	-0.0398939727798	0.0233131455205	0.0160208578814	0.00888963550301	0.0187348994874	0.03611558178	0.0289013343063	-0.142998404566	0.0540805091232	0.00137303599546	-0.0224590715141	-0.0273999373532	1.0	-0.0105855660736	0.00643143311163	-0.0597825671011	0.00289084058413	-0.0441605004205	0.0633689994095	0.0916170322685	-0.0274639895616	-0.0525118687017	0.0126777250391	0.0102356136601	0.033601239105	0.00667655752227	-0.0534892907739	-0.017077224302	0.0328631196087	-0.0606562083459	0.0430885162422	0.0465531487929	-0.017911101127	-0.0404076302832	-0.00580335849917	0.0260760083077	-0.119936571491	-0.0454503367903	0.0595409245205	-0.0989552521771	-0.0207241243211	-0.017879164969	0.0182802844607	-0.0541795175524	0.00253177411051	-0.037079495589	0.0328303367632	-0.0613368324492	0.0138093755066
k__Bacteria;p__Actinobacteria;c__Actinobacteria;o__Bifidobacteriales;f__Bifidobacteriaceae;g__Bifidobacterium;s__Bifidobacterium_adolescentis	-0.0709509573972	0.0250605447054	-0.0547272246124	-0.00284673952551	0.0492826335885	0.00286962528867	-0.0435077215522	-0.0361113247358	-0.00121287225415	-0.0276235359159	-0.0509990462952	-0.0195391957108	0.0121018877775	-0.0252432806274	0.0231033179334	-0.0682864200409	-0.0543740766574	0.0796289249668	-0.0148558915564	-0.0225731177442	-0.0109012311779	-0.000501434535803	-0.0105855660736	1.0	-0.0609443518924	0.0358474961068	-0.0557002676664	-0.0360499806374	-0.10048972654	-0.00737944563478	0.074811494971	-0.0653799810517	0.084965495897	-0.028173473773	0.033456387809	0.0114672243477	-0.0251873808065	-0.0327613281134	-0.027013496566	0.0858487514688	0.00444506983865	-0.00307413208707	-0.0492583774344	-0.0804415716746	-0.0276003956899	-0.0197264875776	-0.000604673254914	-0.070542951005	0.00100875608843	-0.04077496524	-0.0588772396709	-0.0477156237721	0.00817249488296	-0.00675232347152	0.0204493548076	-0.00945059677134	0.0280619339324	-0.00676510706667	-0.0300604144953
k__Bacteria;p__Firmicutes;c__Clostridia;o__Clostridiales;f__Oscillospiraceae;g__Oscillibacter;s__Oscillibacter_sp._KLE_1745	-0.0204505805023	0.0460249833891	0.0426704723569	-0.0286727307666	0.0144202976048	0.0164604537582	-0.0810883379294	-0.0370848249067	0.00267434899055	0.0216809964964	-0.0129936240187	-0.0697547889322	0.0192475480831	0.0229148855092	0.0414433847571	-0.0307130571386	0.0466293550602	-0.0730185270899	-0.0101448886237	0.0688582204768	0.00172442613764	-0.0360791271334	0.00643143311163	-0.0609443518924	1.0	-0.0857254573395	-0.0383421635525	0.0704468505309	0.0123861723681	-0.0208378487413	0.00909109871836	-0.0224448628009	-0.0221702404465	-0.0356401607134	-0.00838225527398	0.0109567761343	0.00221012486197	0.0344267249411	-0.0420860221223	-0.00348963156537	-0.0130513317275	-0.0827919927337	0.022673022307	-0.018029724622	-0.0164466051026	0.077967741937	0.00621338434924	-0.0469293913258	0.0186314741449	-0.0606224768394	-0.0459576974231	-0.0318560802129	-0.0507610136492	0.0269049428461	0.00857622002937	0.00621885032301	-0.0427607551354	-0.0440413015669	-0.0628649825235
k__Bacteria;p__Bacteroidetes;c__Bacteroidia;o__Bacteroidales;f__Bacteroidaceae;g__Bacteroides;s__Bacteroides_coprophilus	-0.0335820811222	-0.0484530942879	-0.0172727394027	0.0409678233315	-0.0459313702595	0.0331907197269	-0.0161557744395	-0.00235373691741	-0.0357233620051	-0.0293119896068	-0.0488813006806	0.0119507738608	-0.0446668146038	0.0200095960045	-0.0520785296918	-0.015820084248	0.0242742679472	0.02212667403	0.0401953706744	-0.0102693452774	0.0390194592687	0.0313033212276	-0.0597825671011	0.0358474961068	-0.0857254573395	1.0	-0.0942663635037	2.55156344565e-05	0.0075989612024	0.044317284344	0.00695123756648	-0.0238158681538	-0.0051662931117	-0.0477050902772	-0.0072236099327	-0.0326122968824	-0.0579901761587	-0.0277649269013	0.00734411382178	0.0587582650088	-0.0429479039705	-0.0297521429121	-0.000881284757613	0.0305388037766	0.0127473562871	-0.0276676202638	-0.0411283072836	-0.0358105909882	-0.0188662327929	0.0677211655128	0.0898102827854	-0.0514736049579	-7.79171738484e-05	-0.0240309464994	-0.0372152943068	0.0212985912545	0.0382350721666	-0.0246129222145	-0.0485970111795
k__Bacteria;p__Firmicutes;c__Clostridia;o__Clostridiales;f__Lachnospiraceae;g__Roseburia;s__Roseburia_intestinalis	0.012907107263	0.0130524963107	0.0258251557925	0.0214411129089	-0.0288734769892	-0.00600728118582	0.0257071564212	-0.0593598849842	-0.0168351369626	0.0593486656568	0.0296061415524	-0.0425795650787	0.0279790269345	-0.00297246698391	0.0422468702096	-0.00805914486141	-0.101250493722	-0.0503190704376	-0.00626977050551	0.0202407811761	0.00348120646458	0.00551537951371	0.00289084058413	-0.0557002676664	-0.0383421635525	-0.0942663635037	1.0	-0.045130542299	-0.0222536064489	0.0186191618987	0.0468713409637	0.0242834078823	-0.027599379675	0.0326802449611	0.00577089457586	0.0162201822856	0.00234221646207	0.0478143897322	0.0323998333137	-0.0317500254666	0.00606386072631	-0.0381733865589	0.00167604477996	-0.0190706073885	-0.0144495561344	-0.0637800556487	0.00145626234603	0.0463092716187	-0.0184921690615	-0.0279793351806	-0.0217528475946	-0.0272482693459	-0.00310619642467	0.0751363911244	0.0468399245338	-0.0354813279225	-0.0308835802546	-0.09661194336	-0.0166633671135
k__Bacteria;p__Firmicutes;c__Clostridia;o__Clostridiales;f__Lachnospiraceae;g__Roseburia;s__Roseburia_hominis	-0.0143050762389	-0.0322525059335	0.0303144072443	-0.0312826402957	-0.00348584092806	0.0506658390593	-0.102528135436	-0.0104560948504	0.0359746770601	-0.0403817716128	-0.0296598465114	-0.0395767198788	0.0902733421703	0.0751696901053	-0.0216795618958	0.0236491427765	-0.0538798611768	-0.0235230059202	-0.0500683276921	-0.0606166567119	-0.0118321663746	-0.0137720716761	-0.0441605004205	-0.0360499806374	0.0704468505309	2.55156344565e-05	-0.045130542299	1.0	-0.057700790366	0.0302147091084	0.00131885903045	0.0181129298411	-0.0209703153966	0.00618786710757	0.00784731325772	-0.0283735019131	-0.0257526390663	-0.00622840166698	-0.0530627413326	-0.0523579305249	0.00698029944664	0.0156226953522	0.00608249001307	-0.10627943934	0.112658355921	-0.0239578364106	-0.0158996070962	0.0810914231415	-0.00341879614176	-0.0482844153856	-0.0378327634977	0.0673260428315	0.00454624673688	-0.00922150597802	-0.0493532508494	0.0372025291352	0.0136806323025	-0.0330565494178	-0.0704683055632
k__Bacteria;p__Bacteroidetes;c__Bacteroidia;o__Bacteroidales;f__Porphyromonadaceae;g__Parabacteroides;s__Parabacteroides_johnsonii	-0.039407430783	-0.051214231319	-0.0237198365537	0.0545314155671	0.0057042663304	0.0150745483311	0.0132513081982	-0.0399597020588	-0.0444632166658	-0.0835708691242	-0.00893867467648	0.0693665806025	-0.0435394432529	-0.00315695288902	0.0279182160029	-0.0313559629981	0.198111290791	0.0466426074216	-0.0500764449802	-0.0313643647066	0.00878700591689	0.00244272415321	0.0633689994095	-0.10048972654	0.0123861723681	0.0075989612024	-0.0222536064489	-0.057700790366	1.0	-0.0158303442715	0.0241166265219	-0.00421521515527	-0.0725671296952	-0.0293236662918	0.0158118383705	0.0255789613891	0.0130206307103	-0.00388976054082	-0.0264055574608	-0.0569271876885	-0.0779052404911	-0.00521098064548	-0.0510249936622	0.0387327078073	-0.0274187421298	0.0460454119253	-0.00614938255936	-0.0782249633589	-0.0223683676581	-0.0901615787442	-0.0222020222654	0.00229766130882	0.0623437869997	-0.000736030278832	0.00138308309332	-0.0477471187945	0.0472598406846	-0.0211476887454	-0.0257704505384
k__Bacteria;p__Actinobacteria;c__Actinobacteria;o__Bifidobacteriales;f__Bifidobacteriaceae;g__Bifidobacterium;s__Bifidobacterium_longum	0.0451795229472	-0.0178165272976	0.0469920236662	-0.0343719191812	-0.0520109992839	-0.0393216846804	-0.000645076330013	-0.0706142927616	-0.020706652623	0.00707192109695	-0.0353413113307	0.0505077326148	-0.005078691062	-0.0460355604669	-0.056773800514	0.0245354021686	-0.0787498115712	-0.0629883474313	-0.0302357748752	0.0560253434095	0.0267726015472	-0.0462875291164	0.0916170322685	-0.00737944563478	-0.0208378487413	0.044317284344	0.0186191618987	0.0302147091084	-0.0158303442715	1.0	-0.0304331206597	-0.0453973086366	-0.0179424993875	0.0067224410824	-0.0309473835048	0.0161708976062	0.00920649488745	-0.047038611596	-0.0116064796961	0.015778497847	-0.0471277319486	0.0304676553254	-0.0163933859062	0.00725092622825	0.0881618558459	-0.016814665366	-0.0539076843967	-0.00997410253065	-0.0879152947936	0.0492236313118	-0.000505102081047	-0.0329451912534	0.033872686165	-0.0112382210951	-0.0366639818072	0.0597069367296	0.0386503235822	-0.0444940179957	-0.0133237460669
