#taxonomy	k__Bacteria;p__Bacteroidetes;c__Bacteroidia;o__Bacteroidales;f__Bacteroidaceae;g__Bacteroides;s__Bacteroides_vulgatus	k__Bacteria;p__Bacteroidetes;c__Bacteroidia;o__Bacteroidales;f__Bacteroidaceae;g__Bacteroides;s__Bacteroides_uniformis	k__Bacteria;p__Bacteroidetes;c__Bacteroidia;o__Bacteroidales;f__Rikenellaceae;g__Alistipes;s__Alistipes_putredinis	k__Bacteria;p__Bacteroidetes;c__Bacteroidia;o__Bacteroidales;f__Prevotellaceae;g__Prevotella;s__Prevotella_copri	k__Bacteria;p__Bacteroidetes;c__Bacteroidia;o__Bacteroidales;f__Bacteroidaceae;g__Bacteroides;s__Bacteroides_stercoris	k__Bacteria;p__Bacteroidetes;c__Bacteroidia;o__Bacteroidales;f__Bacteroidaceae;g__Bacteroides;s__Bacteroides_ovatus	k__Bacteria;p__Bacteroidetes;c__Bacteroidia;o__Bacteroidales;f__Rikenellaceae;g__Alistipes;s__Alistipes_shahii	k__Bacteria;p__Firmicutes;c__Clostridia;o__Clostridiales;f__Ruminococcaceae;g__Faecalibacterium;s__Faecalibacterium_prausnitzii	k__Bacteria;p__Bacteroidetes;c__Bacteroidia;o__Bacteroidales;f__Rikenellaceae;g__Alistipes;s__Alistipes_finegoldii	k__Bacteria;p__Bacteroidetes;c__Bacteroidia;o__Bacteroidales;f__Porphyromonadaceae;g__Parabacteroides;s__Parabacteroides_distasonis	k__Bacteria;p__Bacteroidetes;c__Bacteroidia;o__Bacteroidales;f__Bacteroidaceae;g__Bacteroides;s__Bacteroides_thetaiotaomicron	k__Bacteria;p__Bacteroidetes;c__Bacteroidia;o__Bacteroidales;f__Bacteroidaceae;g__Bacteroides;s__Bacteroides_coprocola	k__Bacteria;p__Bacteroidetes;c__Bacteroidia;o__Bacteroidales;f__Bacteroidaceae;g__Bacteroides;s__Bacteroides_cellulosilyticus	k__Bacteria;p__Bacteroidetes;c__Bacteroidia;o__Bacteroidales;f__Rikenellaceae;g__Alistipes;s__Alistipes_obesi	k__Bacteria;p__Firmicutes;c__Clostridia;o__Clostridiales;f__Lachnospiraceae;g__;s__[Eubacterium]_rectale	k__Bacteria;p__Bacteroidetes;c__Bacteroidia;o__Bacteroidales;f__Bacteroidaceae;g__Bacteroides;s__Bacteroides_plebeius	k__Bacteria;p__Bacteroidetes;c__Bacteroidia;o__Bacteroidales;f__Bacteroidaceae;g__Bacteroides;s__Bacteroides_fragilis	k__Bacteria;p__Proteobacteria;c__Betaproteobacteria;o__Burkholderiales;f__Sutterellaceae;g__Sutterella;s__Sutterella_wadsworthensis	k__Bacteria;p__Bacteroidetes;c__Bacteroidia;o__Bacteroidales;f__Porphyromonadaceae;g__Barnesiella;s__Barnesiella_intestinihominis	k__Bacteria;p__Bacteroidetes;c__Bacteroidia;o__Bacteroidales;f__Odoribacteraceae;g__Odoribacter;s__Odoribacter_splanchnicus	k__Bacteria;p__Bacteroidetes;c__Bacteroidia;o__Bacteroidales;f__Bacteroidaceae;g__Bacteroides;s__Bacteroides_salyersiae	k__Bacteria;p__Firmicutes;c__Clostridia;o__Clostridiales;f__Ruminococcaceae;g__Ruminiclostridium;s__[Eubacterium]_siraeum	k__Bacteria;p__Proteobacteria;c__Betaproteobacteria;o__Burkholderiales;f__Sutterellaceae;g__Parasutterella;s__Parasutterella_excrementihominis	k__Bacteria;p__Actinobacteria;c__Actinobacteria;o__Bifidobacteriales;f__Bifidobacteriaceae;g__Bifidobacterium;s__Bifidobacterium_adolescentis	k__Bacteria;p__Firmicutes;c__Clostridia;o__Clostridiales;f__Oscillospiraceae;g__Oscillibacter;s__Oscillibacter_sp._KLE_1745	k__Bacteria;p__Bacteroidetes;c__Bacteroidia;o__Bacteroidales;f__Bacteroidaceae;g__Bacteroides;s__Bacteroides_coprophilus	k__Bacteria;p__Firmicutes;c__Clostridia;o__Clostridiales;f__Lachnospiraceae;g__Roseburia;s__Roseburia_intestinalis	k__Bacteria;p__Firmicutes;c__Clostridia;o__Clostridiales;f__Lachnospiraceae;g__Roseburia;s__Roseburia_hominis	k__Bacteria;p__Bacteroidetes;c__Bacteroidia;o__Bacteroidales;f__Porphyromonadaceae;g__Parabacteroides;s__Parabacteroides_johnsonii	k__Bacteria;p__Actinobacteria;c__Actinobacteria;o__Bifidobacteriales;f__Bifidobacteriaceae;g__Bifidobacterium;s__Bifidobacterium_longum	k__Bacteria;p__Firmicutes;c__Clostridia;o__Clostridiales;f__;g__Flavonifractor;s__Flavonifractor_plautii	k__Bacteria;p__Firmicutes;c__Clostridia;o__Clostridiales;f__Clostridiaceae;g__Clostridium;s__Clostridium_phoceensis	k__Bacteria;p__Verrucomicrobia;c__Verrucomicrobiae;o__Verrucomicrobiales;f__Akkermansiaceae;g__Akkermansia;s__Akkermansia_muciniphila	k__Bacteria;p__Bacteroidetes;c__Bacteroidia;o__Bacteroidales;f__Prevotellaceae;g__Paraprevotella;s__Paraprevotella_xylaniphila	k__Bacteria;p__Firmicutes;c__Clostridia;o__Clostridiales;f__Ruminococcaceae;g__Ruminococcus;s__Ruminococcus_callidus	k__Bacteria;p__Bacteroidetes;c__Bacteroidia;o__Bacteroidales;f__Rikenellaceae;g__Alistipes;s__Alistipes_senegalensis	k__Bacteria;p__Firmicutes;c__Clostridia;o__Clostridiales;f__Lachnospiraceae;g__Blautia;s__Blautia_sp._KLE_1732	k__Bacteria;p__Bacteroidetes;c__Bacteroidia;o__Bacteroidales;f__Bacteroidaceae;g__Bacteroides;s__Bacteroides_oleiciplenus	k__Bacteria;p__Firmicutes;c__Clostridia;o__Clostridiales;f__Ruminococcaceae;g__Ruminococcus;s__Ruminococcus_bicirculans	k__Bacteria;p__Bacteroidetes;c__Bacteroidia;o__Bacteroidales;f__Bacteroidaceae;g__Bacteroides;s__Bacteroides_fluxus	k__Bacteria;p__Bacteroidetes;c__Bacteroidia;o__Bacteroidales;f__Prevotellaceae;g__Prevotella;s__Prevotella_stercorea	k__Bacteria;p__Firmicutes;c__Clostridia;o__Clostridiales;f__Lachnospiraceae;g__Dorea;s__Dorea_longicatena	k__Bacteria;p__Firmicutes;c__Clostridia;o__Clostridiales;f__Eubacteriaceae;g__Eubacterium;s__[Eubacterium]_eligens	k__Bacteria;p__Firmicutes;c__Clostridia;o__Clostridiales;f__Ruminococcaceae;g__;s__Ruminococcaceae_bacterium_D16	k__Bacteria;p__Firmicutes;c__Clostridia;o__Clostridiales;f__Lachnospiraceae;g__Coprococcus;s__Coprococcus_comes	k__Bacteria;p__Proteobacteria;c__Gammaproteobacteria;o__Enterobacterales;f__Enterobacteriaceae;g__Escherichia;s__Escherichia_coli	k__Bacteria;p__Firmicutes;c__Clostridia;o__Clostridiales;f__Ruminococcaceae;g__Anaerotruncus;s__Anaerotruncus_colihominis	k__Bacteria;p__Firmicutes;c__Clostridia;o__Clostridiales;f__Lachnospiraceae;g__Blautia;s__Blautia_obeum	k__Bacteria;p__Bacteroidetes;c__Bacteroidia;o__Bacteroidales;f__Odoribacteraceae;g__Odoribacter;s__Odoribacter_laneus	k__Bacteria;p__Firmicutes;c__Clostridia;o__Clostridiales;f__Ruminococcaceae;g__Ruminiclostridium;s__[Clostridium]_leptum	k__Bacteria;p__Bacteroidetes;c__Bacteroidia;o__Bacteroidales;f__Porphyromonadaceae;g__Parabacteroides;s__Parabacteroides_goldsteinii	k__Bacteria;p__Firmicutes;c__Clostridia;o__Clostridiales;f__Lachnospiraceae;g__Anaerostipes;s__Anaerostipes_hadrus	k__Bacteria;p__Firmicutes;c__Clostridia;o__Clostridiales;f__Ruminococcaceae;g__Ruminococcus;s__Ruminococcus_lactaris	k__Bacteria;p__Firmicutes;c__Clostridia;o__Clostridiales;f__Clostridiaceae;g__Clostridium;s__Clostridium_sp._L2-50	k__Bacteria;p__Firmicutes;c__Clostridia;o__Clostridiales;f__Clostridiaceae;g__Clostridium;s__Clostridium_sp._M62/1	k__Bacteria;p__Firmicutes;c__Clostridia;o__Clostridiales;f__;g__Intestinimonas;s__Intestinimonas_butyriciproducens	k__Bacteria;p__Actinobacteria;c__Actinobacteria;o__Bifidobacteriales;f__Bifidobacteriaceae;g__Bifidobacterium;s__Bifidobacterium_bifidum	k__Bacteria;p__Firmicutes;c__Negativicutes;o__Veillonellales;f__Veillonellaceae;g__Dialister;s__Dialister_invisus	k__Bacteria;p__Bacteroidetes;c__Bacteroidia;o__Bacteroidales;f__Bacteroidaceae;g__Bacteroides;s__Bacteroides_salanitronis
k__Bacteria;p__Bacteroidetes;c__Bacteroidia;o__Bacteroidales;f__Bacteroidaceae;g__Bacteroides;s__Bacteroides_vulgatus	1.0	-0.0144540271767	0.00841287222624	0.0659353580381	-0.00242903176923	0.126392332477	0.0216578280895	-0.0464485535179	-0.070838928512	0.031672454311	0.0305463486497	0.0743506191887	0.0476512470869	0.0653037159384	-0.0479170676131	0.0116861558792	-0.0557897707833	-0.0181355230238	0.0259731536501	-0.022803220302	0.046267229073	-0.0372264039426	-0.0585563929419	-0.00575213099828	-0.0100619912363	0.00739938321129	0.0200340261382	-0.037451622937	-0.0327802694422	0.0208526846419	-0.00374586704394	-0.00534903593769	0.0035193007457	-0.0186123059354	-0.000919897277626	0.0432427774665	-0.0146726361624	0.0196777738687	-0.0102632625128	-0.00667735371493	-0.0406257578383	-0.0126006882218	-0.074946139228	-0.0254981665082	-0.037924612183	-0.0284933314684	-0.0584160081781	-0.0170948561858	0.0108983898267	-0.0534867401079	-0.0411030186371	-0.0149857965351	-0.0679984092143	0.00253102614365	0.0568535855437	-0.00183132416661	-0.0469683900518	-0.0348850547	0.0286977902872
k__Bacteria;p__Bacteroidetes;c__Bacteroidia;o__Bacteroidales;f__Bacteroidaceae;g__Bacteroides;s__Bacteroides_uniformis	-0.0144540271767	1.0	-0.00229429366215	0.0705430658003	0.014246716865	0.0252616857747	-0.103592573734	0.000448551143469	-0.0736736638816	0.0222825055949	-0.0558820420621	0.0208529536808	-0.0084070626498	0.00790626210603	-0.0337515131036	-0.0855103268384	-0.0545148142756	-0.0140133959108	-0.0113931091802	0.00337593374719	0.0600828759611	-0.0242134428464	-0.0396913934453	-0.0156016353835	0.0704937670325	-0.0440829102733	-0.0920959239273	-0.0217581635306	-0.0661607394693	-0.0676648651096	-0.0249877449677	0.0390361616996	-0.000443413751877	0.0114245144156	0.0411396014009	0.0121250856671	-0.0656540944633	-0.0340902024884	-0.0678317498205	-0.0313536089633	0.000471239611897	-0.0137045961071	0.00271459202639	0.0338591609037	0.00221079865304	0.0480120241714	-0.0830540202746	0.0825406779803	0.00511272983841	-0.0433965265389	0.0303572955697	0.0445400150845	0.0157231755536	0.00577083308603	-0.0238387894759	-0.0240031712019	-0.0255845660014	0.0871671947028	0.0239008324158
k__Bacteria;p__Bacteroidetes;c__Bacteroidia;o__Bacteroidales;f__Rikenellaceae;g__Alistipes;s__Alistipes_putredinis	0.00841287222624	-0.00229429366215	1.0	-0.10202898828	-0.0669594856186	-0.00320920094989	-0.00661459258184	-0.0478959165108	-0.0165110407315	-0.021370201153	-0.0437042343175	0.032085593467	0.0220175316278	-0.0255339925795	0.0594380683913	-0.0590787699377	-0.0282375247213	-0.0731966674078	-0.0740786277251	0.0905144321818	-0.0293362283136	-0.0336047609535	0.0217604620568	0.0270249919709	0.0600363900093	-0.0168974105274	0.00479288079317	-0.0117210672166	-0.0699037579759	-0.0450903665819	-0.0627111700839	0.013769321697	-0.0349675895825	0.0610806501596	0.0503723479602	0.0753703427048	0.00940939254388	-0.0600060229485	0.0215693689935	-0.0111448912586	0.0230205934053	0.018701078663	0.0577781389722	-0.0167260961288	-0.0422314096224	-0.0229111338547	0.0671612390686	0.0307039522494	-0.0763311209795	-0.0521944886471	-0.00927493665192	0.116293418855	0.0293658627192	-0.0522448635256	-0.0477147763822	-0.0504707270272	0.00643693089874	0.00858284008909	-0.0300490430882
k__Bacteria;p__Bacteroidetes;c__Bacteroidia;o__Bacteroidales;f__Prevotellaceae;g__Prevotella;s__Prevotella_copri	0.0659353580381	0.0705430658003	-0.10202898828	1.0	0.0506548147461	-0.0164305108297	-0.0346174614652	0.013238161534	0.0526265613753	-0.0513529059821	-0.0125454900367	0.0230758579052	-0.0284570846909	0.0242097085725	-0.0647826970805	0.0319771563685	-0.0293393124123	0.0278246051568	-0.0993258548416	-0.0335437541591	0.084957020061	0.00620460416947	0.0111086066857	-0.0699824891967	-0.0303771849535	0.0236331392053	-0.0143232296545	-0.0463455352239	0.0168216629457	0.00566265763537	-0.0018395639568	0.0617459253286	0.0206136706982	0.0131104152323	-0.0844467444456	-0.0039522068286	-0.064256512994	0.0482418555091	0.0193620377876	-0.0254144714628	0.0286267948996	-0.000810525299322	0.000227788488602	0.0674856445574	0.0247418444902	-0.0472415388306	-0.0233290719162	-0.0244197331542	-0.00817758252014	0.00864021813874	-0.0120231325975	0.0239161596139	-0.00358258332974	-0.0908795376367	-0.04431030435	0.0282836117565	-0.0234687118303	0.0541306989703	0.0291738198548
k__Bacteria;p__Bacteroidetes;c__Bacteroidia;o__Bacteroidales;f__Bacteroidaceae;g__Bacteroides;s__Bacteroides_stercoris	-0.00242903176923	0.014246716865	-0.0669594856186	0.0506548147461	1.0	-0.0256761755184	-0.0317924461814	0.0324091011301	-0.0219139054078	-0.000465201397765	0.0327046966731	0.00939785535996	-0.0212295171076	0.0488942860526	-0.0418359874145	-0.0804301592352	-0.055884455364	0.0312206863605	0.0356404842525	-0.0374744794135	-0.0684586665729	0.0406092092501	0.00148710450416	-0.0572002093491	-0.0265252433763	0.0431031286505	0.000886625636184	-0.0552882836607	0.00406800760523	0.00417445640569	0.015486371661	0.0298729612443	-0.0950716474831	-0.0474938464481	-0.0384512367987	-0.063587444477	0.0528774366508	0.0504963565265	-0.0190179840621	-0.086548900572	-0.0553177433727	-0.00944232592807	0.0154681006669	0.0288560759938	-0.0304428222654	0.0219657749967	0.0254784804801	0.00838228396988	0.0115474781626	0.0243398622446	-0.0356123520537	0.000237451015482	0.0146390037422	0.0120584161897	-0.0474662234265	-0.0271190695467	-0.058729660065	-0.0441252463988	-0.00453273783402
k__Bacteria;p__Bacteroidetes;c__Bacteroidia;o__Bacteroidales;f__Bacteroidaceae;g__Bacteroides;s__Bacteroides_ovatus	0.126392332477	0.0252616857747	-0.00320920094989	-0.0164305108297	-0.0256761755184	1.0	0.0142510299555	-0.0283706174917	-0.0134991112018	-0.0382299476573	-0.0993141109726	0.0520141237211	-0.00998928366945	-0.00740311422592	-0.0453022197858	-0.0293099108588	0.013370123279	-0.0286165596037	-0.043903517184	0.00199014367091	-0.0238039678751	0.0564600420431	0.0169482262632	-0.117978685312	0.0187085762616	0.0298902869137	0.0215268558043	0.0029350078163	-0.0449843910427	0.00799716272159	-0.019895322412	-0.0187355247762	-0.0118522487654	0.0119628365603	0.0406478912731	-0.0158697541412	-0.0482476391333	0.0067299106754	-0.00642018220561	0.0104369533302	-0.0273745049943	-0.078426777692	-0.0630773185207	-0.0697590047373	-0.0693276026441	-0.0230250348345	0.0583908264902	-0.0030132055203	0.00915219862935	-0.0819861419132	-0.0467821116303	-0.0562972524852	-0.000540557687831	0.00859312827262	0.021604085508	-0.0464500019831	-0.0553114359677	-0.0901181524647	-0.0295607330939
k__Bacteria;p__Bacteroidetes;c__Bacteroidia;o__Bacteroidales;f__Rikenellaceae;g__Alistipes;s__Alistipes_shahii	0.0216578280895	-0.103592573734	-0.00661459258184	-0.0346174614652	-0.0317924461814	0.0142510299555	1.0	-0.0560887575726	-0.0301775974408	0.0682704041302	0.00188046669649	-0.0171475611885	-0.100502748344	0.0286154209865	-0.0650310851124	0.0457978315304	0.0205475939337	0.0148957868393	-0.0251475860225	-0.0719843364701	-0.0505640244676	-0.000108590171393	0.0301302570606	-0.0202358354556	0.0196969280266	-0.0840281869519	0.0457248812007	0.0658816390669	-0.0514548705602	-0.0523067353009	-0.0557343172609	-0.0229955264897	-0.018616970733	0.00562622132721	-0.0975182495574	-0.0790513669784	-0.0296652539601	0.00859849613507	-0.00971492768874	0.0103807254922	-0.00686604661843	0.00488245104199	0.0122527782481	0.0721688787664	-0.0260491501669	0.0360889781747	0.0318853092023	-0.0215644157817	-0.0127286753046	0.016271069295	0.0246411777491	-0.0122298244029	0.0484289785306	-0.0291315166557	-0.0454172324272	-0.018373208431	-0.00165968468877	-0.0400903897293	-0.0444915907638
k__Bacteria;p__Firmicutes;c__Clostridia;o__Clostridiales;f__Ruminococcaceae;g__Faecalibacterium;s__Faecalibacterium_prausnitzii	-0.0464485535179	0.000448551143469	-0.0478959165108	0.013238161534	0.0324091011301	-0.0283706174917	-0.0560887575726	1.0	-0.0210188454083	0.00090067932134	-0.0493614433235	-0.0415584527652	-0.0382870219198	0.0491041052304	-0.0648880102192	0.0411579114205	-0.0380252485021	-0.0219643442607	-0.0315492201114	-0.014811562428	-0.03423103952	0.0146439316952	0.0162862062974	-0.03589751878	-0.0752425912022	0.0924576397455	-0.0286033833616	0.020767861852	-0.039629082048	-0.0132097664819	-0.0196881520375	0.0111889511213	0.016079216786	-0.00754848817819	-0.0255262829839	-0.0146350308739	-0.085347744053	0.00383293362712	-0.0118910270565	0.00615731721961	-0.0311078002072	-0.0100732130069	0.0136855744434	-0.0467292868391	-0.0436803110901	0.0214673480319	-0.04738434725	-0.0336018325564	-0.0418637664583	0.00566138402845	-0.0351969897269	-0.00704711425389	-0.0234044248184	-0.0696984882033	-0.0617557360551	0.00591295997054	-0.0188173146594	-0.00959201387935	0.0455723935754
k__Bacteria;p__Bacteroidetes;c__Bacteroidia;o__Bacteroidales;f__Rikenellaceae;g__Alistipes;s__Alistipes_finegoldii	-0.070838928512	-0.0736736638816	-0.0165110407315	0.0526265613753	-0.0219139054078	-0.0134991112018	-0.0301775974408	-0.0210188454083	1.0	0.0309609665109	-0.0829238860421	-0.0660287704767	-0.0588121151514	0.0296532992164	-0.0144802532729	0.0182948599192	-0.0215654803522	-0.0334314236779	0.0307574603338	-0.0138180339122	-0.0220066518699	0.00622924273769	-0.0252393821858	-0.0347320348657	0.0491794535411	-0.00700846621315	-0.0115687090047	0.019289297722	-0.0520050826237	0.0592280357422	0.0179799731229	0.0217590929997	-0.0399171935141	0.0241783045762	-0.0287554555037	0.0328952222202	0.0338589350058	-0.0921832438725	0.00533947830877	-0.0231946205869	-0.0557203296977	0.0206048776419	-0.110026089187	-0.0307154387552	-0.0251673126234	0.0485421210767	-0.014789947001	-0.0176477973615	0.0107110602575	0.044688810827	-0.0172699530744	0.0451779195431	-0.016513941822	0.0255845314345	-0.074592086526	0.00357257165994	0.00250124918385	0.0298044319532	0.000204504855617
k__Bacteria;p__Bacteroidetes;c__Bacteroidia;o__Bacteroidales;f__Porphyromonadaceae;g__Parabacteroides;s__Parabacteroides_distasonis	0.031672454311	0.0222825055949	-0.021370201153	-0.0513529059821	-0.000465201397765	-0.0382299476573	0.0682704041302	0.00090067932134	0.0309609665109	1.0	-0.023190908623	-0.0407826624848	-0.0580045669481	0.0151551466181	-0.00713685581974	-0.00694553588449	0.0347765351611	-0.0131005112885	-0.0395439538798	0.0360305891807	-0.0257419125692	-0.0191439025533	0.00159013613671	0.0596764405716	0.0185340907562	-0.0668408541118	0.00222358249342	-0.00283267274802	-0.0317920706563	-0.00228272473373	-0.036685427498	-0.0146516359591	0.00083585687347	0.0492856801191	0.100928395593	0.0421867818318	-0.0112781032949	-0.0115803576388	0.0262399790794	-0.0598561428738	-0.0645959770089	-0.028176059778	-0.0109848645984	0.0240258284678	-0.0686865049661	0.0292926284664	-0.00568011573842	-0.014517064498	0.00292939046652	0.0556315830569	0.0148842794856	0.000321248947388	-0.0387331580779	-0.0521342420894	0.033564687289	-0.00443256720701	-0.00209987917954	-0.00446875291969	-0.0177219106446
k__Bacteria;p__Bacteroidetes;c__Bacteroidia;o__Bacteroidales;f__Bacteroidaceae;g__Bacteroides;s__Bacteroides_thetaiotaomicron	0.0305463486497	-0.0558820420621	-0.0437042343175	-0.0125454900367	0.0327046966731	-0.0993141109726	0.00188046669649	-0.0493614433235	-0.0829238860421	-0.023190908623	1.0	0.00534855174969	0.00223220366244	0.0404075845028	0.0416768685465	0.0484521994295	-0.00845735875218	0.00951702863841	-0.0553369155013	-0.0470689471316	-0.0172729247357	0.0586379670618	0.0148946705005	0.00890055571164	0.00177773575516	0.000248788483378	-0.0074599492618	-0.0634220648733	0.00758319400714	0.0257481968424	0.0640459358345	-0.0645194621428	0.00621790188233	-0.0178456530197	-0.0944016236168	-0.0664064442963	0.0139862009386	-0.0174262505907	0.0171241370987	0.00411075378785	-0.00731555659368	-0.112171866149	0.00774479634367	-0.0247176926474	-0.0380922602956	-0.00511389433045	0.0208467525639	-0.0199517690144	0.0250364894132	-0.00483134330038	0.0720397961236	0.00966916703126	0.049532478375	-0.0403123657037	0.042247641959	-0.0453577654796	0.0106018263401	-0.0154237339908	-0.0424310715226
k__Bacteria;p__Bacteroidetes;c__Bacteroidia;o__Bacteroidales;f__Bacteroidaceae;g__Bacteroides;s__Bacteroides_coprocola	0.0743506191887	0.0208529536808	0.032085593467	0.0230758579052	0.00939785535996	0.0520141237211	-0.0171475611885	-0.0415584527652	-0.0660287704767	-0.0407826624848	0.00534855174969	1.0	-0.0348003563357	0.0531943633444	0.0190258941422	0.0511778730686	0.0238362390241	-0.0273709841249	0.07200388467	-0.0458918113881	-0.0167578122637	-0.0524131415572	-0.108577744518	-0.0269652322131	-0.0234269721121	-0.0977158033994	0.0384388032359	-0.120903045505	-0.00407067197904	-0.0482111062212	-0.0161735735351	-0.0298649456294	0.038870261693	-0.0766760421638	-0.0544885497903	-0.013263424284	0.0847166642718	0.00464712576809	-0.0961130938424	-0.047021418867	-0.00803184747154	-0.000358714851307	0.0213472809644	0.0800288124156	-0.0902428198833	-0.0194406726736	0.0463911478225	-0.0255781608725	0.0409547012921	0.0139594501596	0.0114430460143	-0.00129789886123	-0.0137070935727	0.100005509395	0.00708192004025	0.0215120981321	-0.0353548157289	-0.0892389348028	-0.0971438260701
k__Bacteria;p__Bacteroidetes;c__Bacteroidia;o__Bacteroidales;f__Bacteroidaceae;g__Bacteroides;s__Bacteroides_cellulosilyticus	0.0476512470869	-0.0084070626498	0.0220175316278	-0.0284570846909	-0.0212295171076	-0.00998928366945	-0.100502748344	-0.0382870219198	-0.0588121151514	-0.0580045669481	0.00223220366244	-0.0348003563357	1.0	-0.0775868052189	-0.0369815466503	-0.0816840684896	-0.0165176432636	0.0154886396728	0.007259889978	-0.0222815225467	-0.0297823548021	-0.0310415885585	-0.00358083667905	-0.0154157151578	0.0421861329782	-0.0749736182992	0.0177534267697	-0.00177255644715	-0.0139302169845	-0.0233491212451	0.0385758967723	-0.0435138651963	0.0601728632708	0.0149759026273	-0.0454246024369	0.0320191360353	0.0269810671138	0.0326829907824	0.0107879647628	0.0205458232437	0.0416664522512	0.100976061546	-0.0276264347583	-0.0446927382994	0.0457878488611	0.0148278973334	0.063017356629	0.0403634508346	-0.0488382796175	0.00260093220485	0.0279718218188	-0.0238182419657	-0.0210923675593	-0.0129747106294	0.0698257639545	0.0128210152311	-0.0157639423383	-0.0334280547547	-0.019551439188
k__Bacteria;p__Bacteroidetes;c__Bacteroidia;o__Bacteroidales;f__Rikenellaceae;g__Alistipes;s__Alistipes_obesi	0.0653037159384	0.00790626210603	-0.0255339925795	0.0242097085725	0.0488942860526	-0.00740311422592	0.0286154209865	0.0491041052304	0.0296532992164	0.0151551466181	0.0404075845028	0.0531943633444	-0.0775868052189	1.0	0.0681477532259	-0.000889183220048	-0.123682219999	0.035997846597	0.0431589916144	-0.0503059517548	-0.0227534783252	0.0094642551783	-0.0274456376348	-0.035444791536	-0.00594484200196	-0.00349068940881	-0.0377581804327	0.00907109687114	-0.0680140446889	-0.0348921921993	-0.0217824206684	-0.00856888812735	-0.0425711122924	0.00681817299371	-0.023317042883	-0.0819840601532	0.0269766941165	0.00265968436387	-0.00963960646809	0.0359246440645	0.014444559966	-0.0117434596187	-0.00982390884255	0.00583181672949	-0.136887528455	0.0146403134828	-0.023952865852	0.0121288236338	0.0152648642382	-0.0781607403599	-0.0216408714177	-0.00800799784723	-0.0602524459881	0.0735261455825	0.0090412667679	-0.0173197295297	-0.069635514529	-0.00763666369116	-0.0239988303108
k__Bacteria;p__Firmicutes;c__Clostridia;o__Clostridiales;f__Lachnospiraceae;g__;s__[Eubacterium]_rectale	-0.0479170676131	-0.0337515131036	0.0594380683913	-0.0647826970805	-0.0418359874145	-0.0453022197858	-0.0650310851124	-0.0648880102192	-0.0144802532729	-0.00713685581974	0.0416768685465	0.0190258941422	-0.0369815466503	0.0681477532259	1.0	-0.0605458913704	-0.0456926277983	0.0226896098922	-0.00587111578378	0.0140235348136	-0.0734674207385	0.0188252250061	-0.0489295143228	-0.0502324716045	-0.0131962514222	0.0414049288813	-0.0132975152171	-0.0597137810063	-0.0156292077615	-0.0437546553591	0.00914836663712	0.0402669609735	-0.0397977308225	0.0189540705461	-0.0690655018372	-0.0504820161055	0.0736759293517	0.0010996242059	-0.0299946678772	0.0359382763296	-0.0602871517688	-0.00825827372544	0.00396229658196	0.013176331437	0.0258622879389	-0.0508953197956	-0.0202191108205	-0.0127835829563	0.0830852838229	-0.058111508289	-0.0344007083594	-0.00986050401	-0.0184526186728	-0.0018571153315	-0.0105148765891	-0.0416222212604	0.0336121708964	-0.037131240796	0.0378026306901
k__Bacteria;p__Bacteroidetes;c__Bacteroidia;o__Bacteroidales;f__Bacteroidaceae;g__Bacteroides;s__Bacteroides_plebeius	0.0116861558792	-0.0855103268384	-0.0590787699377	0.0319771563685	-0.0804301592352	-0.0293099108588	0.0457978315304	0.0411579114205	0.0182948599192	-0.00694553588449	0.0484521994295	0.0511778730686	-0.0816840684896	-0.000889183220048	-0.0605458913704	1.0	-0.00982586781267	-0.0200929453764	0.0150451997958	0.0493958675011	-0.02054581222	-0.0460913620803	-0.00638950036213	-0.0516978176866	-0.052683134206	-0.0472981060726	-0.0430144830055	0.0610811669857	-0.0346302514787	-0.0269673537134	-0.0958484057583	-0.0130080751862	0.0153592238691	-0.0235656801005	0.0247723325613	-0.0353156008341	-0.0817861741443	-0.0239392615547	0.0587310670356	-0.0981011038156	0.0491389600272	0.000428748072392	-0.0157917791112	-0.0659973475157	-0.0386411839892	0.0162055178908	0.0502751085294	-0.0688599069299	0.0718572644992	-0.0150739809787	-0.0904990557667	-0.025572729144	0.0256076946447	-0.0258147472873	-0.000432677908102	-0.0134183047604	-0.00152436754526	0.0916913096289	-0.022248501598
k__Bacteria;p__Bacteroidetes;c__Bacteroidia;o__Bacteroidales;f__Bacteroidaceae;g__Bacteroides;s__Bacteroides_fragilis	-0.0557897707833	-0.0545148142756	-0.0282375247213	-0.0293393124123	-0.055884455364	0.013370123279	0.0205475939337	-0.0380252485021	-0.0215654803522	0.0347765351611	-0.00845735875218	0.0238362390241	-0.0165176432636	-0.123682219999	-0.0456926277983	-0.00982586781267	1.0	-0.0229385058961	0.0170490287751	-0.0585897035771	-0.0171791293152	-0.0145754706911	0.0326885681218	-0.0414785338348	-0.0185789654578	0.00552653703473	-0.0754288851826	0.00363043741552	0.0146964816598	-0.0567355761662	0.0152450463782	-0.0918369752589	0.0202010724972	0.0195760717667	0.00966587252567	-0.0151130843135	0.0219385075628	-0.0602249370614	-0.0906070570882	-0.04361595823	-0.064877809657	0.0671952767496	-0.023698430601	0.0749733867927	0.0589845691699	-0.0218843282853	-0.0302798336554	0.0269876773052	-0.0186653132211	0.109574516969	-0.0233715815071	0.0119748481447	-0.0203159495151	0.018747364528	-0.0298753356591	-0.0297633267743	0.0335343842481	-0.00287172733055	-0.0707877382656
k__Bacteria;p__Proteobacteria;c__Betaproteobacteria;o__Burkholderiales;f__Sutterellaceae;g__Sutterella;s__Sutterella_wadsworthensis	-0.0181355230238	-0.0140133959108	-0.0731966674078	0.0278246051568	0.0312206863605	-0.0286165596037	0.0148957868393	-0.0219643442607	-0.0334314236779	-0.0131005112885	0.00951702863841	-0.0273709841249	0.0154886396728	0.035997846597	0.0226896098922	-0.0200929453764	-0.0229385058961	1.0	0.0513298663276	-0.0125688137271	-0.0297211648883	0.0583157568158	-0.00802382876294	0.00751753581227	0.055602871214	-0.00557889964075	0.0165847968437	0.0374478253742	0.0721618405861	0.0599227285776	0.0767339034319	-0.0140471443711	-0.0925425194572	-0.0283766953348	0.0474334637626	0.00923154119412	-0.0469343119061	-0.0523962812268	0.0460133760502	-0.0413382943783	-0.0194616350682	-0.0265444900385	-0.00567875282585	-0.0193654547023	-0.0446177692739	-0.081190493448	-0.031700349034	-0.0151638484106	-0.0268419168516	-0.0451070419172	-0.0697188556326	-0.0817129453342	-0.0539156730511	-0.0489853671346	0.0265535785616	0.00639295944303	-0.0595749984664	0.0712875900055	-0.0456864530866
k__Bacteria;p__Bacteroidetes;c__Bacteroidia;o__Bacteroidales;f__Porphyromonadaceae;g__Barnesiella;s__Barnesiella_intestinihominis	0.0259731536501	-0.0113931091802	-0.0740786277251	-0.0993258548416	0.0356404842525	-0.043903517184	-0.0251475860225	-0.0315492201114	0.0307574603338	-0.0395439538798	-0.0553369155013	0.07200388467	0.007259889978	0.0431589916144	-0.00587111578378	0.0150451997958	0.0170490287751	0.0513298663276	1.0	-0.00782162637421	0.0192825148608	0.0230503031856	-0.0484250850914	-0.033335894714	-0.0214800720818	-0.0435635479526	-0.013613121269	-0.0603637543004	0.0169809738522	0.0108407975771	-0.0306257627745	0.0668386681422	0.0298494079958	0.0176789033507	-0.0220159186557	0.00103412773913	-0.0348678958237	-0.0289934211483	0.0112264174703	-0.0330089649769	-0.0212398554992	0.0368193042672	-0.0259537420486	-0.0443927832346	-0.0267369178757	0.00844877818707	0.00205516706076	-0.0522530102208	-0.0669482746354	-0.119837324427	-0.017180295179	-0.0399290187789	0.0159010609948	0.0475805184339	-0.0975584720031	-0.114946315265	0.0374652271304	0.0258842871071	0.00188572065789
k__Bacteria;p__Bacteroidetes;c__Bacteroidia;o__Bacteroidales;f__Odoribacteraceae;g__Odoribacter;s__Odoribacter_splanchnicus	-0.022803220302	0.00337593374719	0.0905144321818	-0.0335437541591	-0.0374744794135	0.00199014367091	-0.0719843364701	-0.014811562428	-0.0138180339122	0.0360305891807	-0.0470689471316	-0.0458918113881	-0.0222815225467	-0.0503059517548	0.0140235348136	0.0493958675011	-0.0585897035771	-0.0125688137271	-0.00782162637421	1.0	0.0166194030639	0.0655040523787	-0.0351700406138	-0.00871767106084	0.0363336711117	0.00188673945188	-0.0499674679867	-0.0899872743533	-0.00966677025792	-0.02922583441	-0.00324282822945	-0.03770459382	-0.0178759727547	0.0278324125703	-0.0274410847207	-0.0913310501436	-0.0406592485603	-0.0807257987084	0.0271334801029	-0.0133215802971	0.0798969391587	-0.0106014303011	0.0542597040052	-0.00559857820438	-0.0141981148161	-0.00758754894642	-0.0835363878368	-0.0258053911085	0.000766577872492	0.0195349084881	-0.0111048315283	0.0166616297987	-0.0524448568055	-0.00921924457556	0.00511460732587	-0.0194846711176	-0.0263190763791	0.0611108824337	0.00957832817926
k__Bacteria;p__Bacteroidetes;c__Bacteroidia;o__Bacteroidales;f__Bacteroidaceae;g__Bacteroides;s__Bacteroides_salyersiae	0.046267229073	0.0600828759611	-0.0293362283136	0.084957020061	-0.0684586665729	-0.0238039678751	-0.0505640244676	-0.03423103952	-0.0220066518699	-0.0257419125692	-0.0172729247357	-0.0167578122637	-0.0297823548021	-0.0227534783252	-0.0734674207385	-0.02054581222	-0.0171791293152	-0.0297211648883	0.0192825148608	0.0166194030639	1.0	0.0449052299212	-0.0543261606363	0.0195628468274	0.0356630069237	-0.00165894423079	0.00129723679282	-0.0276658335898	-0.0935303771217	-0.00969762215626	0.00875926445184	-0.0780811217669	0.0745582347772	0.0103988119816	-0.0460822803928	-0.00318203398158	-0.0870774944967	-0.0255597340408	0.000686813176547	0.00897092205878	0.0267990933543	0.0364145261194	-0.0167807047827	-0.00434449751997	0.0268140728156	0.0375867361017	-0.0523100041489	-0.00906350903003	0.0966700609933	-0.116734665893	-0.0418925075944	0.0248048693301	-0.0397220947165	-0.108989040017	-0.0414314574513	0.0314221270839	-0.0419010929996	0.0159327592677	-0.13566575692
k__Bacteria;p__Firmicutes;c__Clostridia;o__Clostridiales;f__Ruminococcaceae;g__Ruminiclostridium;s__[Eubacterium]_siraeum	-0.0372264039426	-0.0242134428464	-0.0336047609535	0.00620460416947	0.0406092092501	0.0564600420431	-0.000108590171394	0.0146439316952	0.00622924273769	-0.0191439025533	0.0586379670618	-0.0524131415572	-0.0310415885585	0.0094642551783	0.0188252250061	-0.0460913620803	-0.0145754706911	0.0583157568158	0.0230503031856	0.0655040523787	0.0449052299212	1.0	-0.00509530639855	-0.0759736095539	-0.0142591168503	-0.0394891340832	0.000377905193801	0.00124180179552	-0.113143448707	-0.094365355756	-0.00663945057702	0.0295555867464	-0.0179458423611	-0.0724305830378	-0.0386612654032	-0.00921447940697	-0.0747182871851	0.0113758312084	-0.0341342611096	-5.93835330053e-05	-0.000342116425911	-0.00704299595473	-0.0530022915877	-0.0792052882722	0.0244812021618	-0.0822516079219	0.0120775829988	-0.0108092458861	-0.0934558722106	0.0337922047928	-0.0251948978244	-0.0497331483977	-0.0500226599668	0.0569251124196	0.0146155403639	-0.0103838934922	0.0551589084213	-0.0613059694935	-0.049218552073
k__Bacteria;p__Proteobacteria;c__Betaproteobacteria;o__Burkholderiales;f__Sutterellaceae;g__Parasutterella;s__Parasutterella_excrementihominis	-0.0585563929419	-0.0396913934453	0.0217604620568	0.0111086066857	0.00148710450416	0.0169482262632	0.0301302570606	0.0162862062974	-0.0252393821858	0.00159013613671	0.0148946705005	-0.108577744518	-0.00358083667905	-0.0274456376348	-0.0489295143228	-0.00638950036213	0.0326885681218	-0.00802382876294	-0.0484250850914	-0.0351700406138	-0.0543261606363	-0.00509530639855	1.0	-0.0200614576998	-0.0852032068469	-0.0202512869961	-0.00695381496504	-0.0129507146969	-0.0206417013376	0.035894730833	0.0515467196966	-0.00802312004447	0.0637240709542	-0.0332500791233	0.0260597661203	-0.0138667672977	-0.0293076894741	-0.115833736265	-0.0126871763245	-0.00439458077928	-0.0586413460905	-0.0450868547424	0.0285727743749	-0.00399199123722	-0.0440186704118	-0.0414615901363	-0.00831480292849	0.0136335971572	-0.0862035907643	-0.0110409969476	-0.0690245330375	0.0322455366395	-0.0345700619625	-0.0244317915392	0.00836899191001	0.000812103081613	-0.0315998326851	-0.0699973659238	0.0160729506791
k__Bacteria;p__Actinobacteria;c__Actinobacteria;o__Bifidobacteriales;f__Bifidobacteriaceae;g__Bifidobacterium;s__Bifidobacterium_adolescentis	-0.00575213099828	-0.0156016353835	0.0270249919709	-0.0699824891967	-0.0572002093491	-0.117978685312	-0.0202358354556	-0.03589751878	-0.0347320348657	0.0596764405716	0.00890055571164	-0.0269652322131	-0.0154157151578	-0.035444791536	-0.0502324716045	-0.0516978176866	-0.0414785338348	0.00751753581227	-0.033335894714	-0.00871767106084	0.0195628468274	-0.0759736095539	-0.0200614576998	1.0	0.0766954070607	-0.0350447563673	-0.052487279294	-0.0241763660272	-0.0799990540934	0.0691105652787	-0.0191019190677	-0.0177161827515	0.0887207491116	0.00747941341905	0.0222345042991	0.0702914974112	-0.0129882093802	-0.00793599126745	-0.0609111963406	-0.00262420789212	-0.03698577207	-0.0366999248488	-0.0482191290305	-0.172228717113	0.025608283588	-0.0175502884686	0.0213585102469	0.0437315687747	-0.0054471793674	0.107341473604	-0.0348815505081	0.0213695489216	-0.0201163358375	-0.0498501482645	-0.0329549367954	-0.0226075501922	-0.0332396204294	0.0627669912817	0.0460398271887
k__Bacteria;p__Firmicutes;c__Clostridia;o__Clostridiales;f__Oscillospiraceae;g__Oscillibacter;s__Oscillibacter_sp._KLE_1745	-0.0100619912363	0.0704937670325	0.0600363900093	-0.0303771849535	-0.0265252433763	0.0187085762616	0.0196969280266	-0.0752425912022	0.0491794535411	0.0185340907562	0.00177773575516	-0.0234269721121	0.0421861329782	-0.00594484200196	-0.0131962514222	-0.052683134206	-0.0185789654578	0.055602871214	-0.0214800720818	0.0363336711117	0.0356630069237	-0.0142591168503	-0.0852032068469	0.0766954070607	1.0	-0.0838093001138	0.0526269142523	-0.0346628365602	-0.069692128819	-0.00373871675719	0.0648010455545	-0.00547891313865	0.013408050092	-0.0738336652422	0.0363850483728	0.0315369941056	0.040245813663	0.0351491043865	-0.0118448205353	0.0294637047329	-0.0567400345337	-0.0124896375709	-0.0392359591553	-0.00206858962647	-0.0460095897798	-0.0347789358201	0.0246338266882	-0.0145298142693	0.0266256435983	0.0363626152822	0.00941719870483	-0.0480364152135	-0.0271706743682	-0.0259537896466	0.025574672418	0.0100835035364	-0.0153654946332	-0.0863062789843	-0.0504207030716
k__Bacteria;p__Bacteroidetes;c__Bacteroidia;o__Bacteroidales;f__Bacteroidaceae;g__Bacteroides;s__Bacteroides_coprophilus	0.00739938321129	-0.0440829102733	-0.0168974105274	0.0236331392053	0.0431031286505	0.0298902869137	-0.0840281869519	0.0924576397455	-0.00700846621315	-0.0668408541118	0.000248788483378	-0.0977158033994	-0.0749736182992	-0.00349068940881	0.0414049288813	-0.0472981060726	0.00552653703473	-0.00557889964075	-0.0435635479526	0.00188673945188	-0.00165894423079	-0.0394891340832	-0.0202512869961	-0.0350447563673	-0.0838093001138	1.0	0.0281150259877	0.00550777271055	0.0240027547036	-0.0537600640585	-0.0296895689151	0.0660956039319	-0.00287355198739	-0.0212920825597	-0.0615199423589	0.0181048949873	-0.0566008743496	-0.0372055083469	-0.0134995809119	0.0100339042797	-0.0517843274503	-0.0390119433523	0.00574264724555	0.00263688823273	0.0486673030043	-0.0092051982022	-0.0458838067816	-0.00530493621194	-0.0726438001058	0.0836578001656	0.0613599954886	0.0198821784243	-0.0124995498891	-0.0293697842113	-0.033046521396	-0.0168621659457	-0.00242784798629	0.0298889227007	0.0619458740647
k__Bacteria;p__Firmicutes;c__Clostridia;o__Clostridiales;f__Lachnospiraceae;g__Roseburia;s__Roseburia_intestinalis	0.0200340261382	-0.0920959239273	0.00479288079317	-0.0143232296545	0.000886625636184	0.0215268558043	0.0457248812007	-0.0286033833616	-0.0115687090047	0.00222358249342	-0.0074599492618	0.0384388032359	0.0177534267697	-0.0377581804327	-0.0132975152171	-0.0430144830055	-0.0754288851826	0.0165847968437	-0.013613121269	-0.0499674679867	0.00129723679282	0.000377905193801	-0.00695381496504	-0.052487279294	0.0526269142523	0.0281150259877	1.0	0.0181293561698	-0.0483855645979	-0.000867210166516	0.0476838247327	-0.0157719974806	0.0134282748178	-0.0400892144747	0.0749312504503	0.0419526834123	-0.0219579815096	-0.02167742877	-0.0611627246165	0.0161252446973	-0.012347841703	-0.109244188273	-0.052569244093	-0.0351873727805	-0.0313010920433	-0.0129772526673	-0.000543916372978	-0.0239906049385	-0.0154422535543	-0.00415166577704	-0.0314611327057	-0.0424380950763	0.0499534579826	-0.00420330686054	-0.0438177284546	-0.0487204190212	-0.0565838211523	-0.0562575224569	-0.0413338247738
k__Bacteria;p__Firmicutes;c__Clostridia;o__Clostridiales;f__Lachnospiraceae;g__Roseburia;s__Roseburia_hominis	-0.037451622937	-0.0217581635306	-0.0117210672166	-0.0463455352239	-0.0552882836607	0.0029350078163	0.0658816390669	0.020767861852	0.019289297722	-0.00283267274802	-0.0634220648733	-0.120903045505	-0.00177255644715	0.00907109687114	-0.0597137810063	0.0610811669857	0.00363043741552	0.0374478253742	-0.0603637543004	-0.0899872743533	-0.0276658335898	0.00124180179552	-0.0129507146969	-0.0241763660272	-0.0346628365602	0.00550777271055	0.0181293561698	1.0	-0.0371043618337	-0.0446008063754	0.0353430515759	-0.0758183372705	-0.0383680374191	-0.0625531418597	-0.0119886153771	-0.0525797383148	-0.120349130706	0.0280204979622	-0.0559847489421	-0.0122807618414	0.0114392690698	-0.0228102466548	-0.0628344580937	0.00862432946266	-0.0662647721938	-0.015116673932	-0.0376813296841	-0.0346241469836	0.062420507535	-0.00381649380086	-0.0515096426265	-0.010488230892	0.0660074798122	-0.00547504711646	0.0462107753701	0.00639012568612	-0.0221283946998	-0.0647000109224	0.0377863147245
k__Bacteria;p__Bacteroidetes;c__Bacteroidia;o__Bacteroidales;f__Porphyromonadaceae;g__Parabacteroides;s__Parabacteroides_johnsonii	-0.0327802694422	-0.0661607394693	-0.0699037579759	0.0168216629457	0.00406800760523	-0.0449843910427	-0.0514548705602	-0.039629082048	-0.0520050826237	-0.0317920706563	0.00758319400714	-0.00407067197904	-0.0139302169845	-0.0680140446889	-0.0156292077615	-0.0346302514787	0.0146964816598	0.0721618405861	0.0169809738522	-0.00966677025792	-0.0935303771217	-0.113143448707	-0.0206417013376	-0.0799990540934	-0.069692128819	0.0240027547036	-0.0483855645979	-0.0371043618337	1.0	0.030637715538	0.0338737862647	-0.0347184128772	-0.0135307680637	-0.105787787075	0.0464968240607	-0.0009418658903	0.10654415681	0.00251943643442	0.0401347784325	-0.0440241414195	0.00354220070895	-0.0354083633378	0.0195938259629	-0.040481978692	0.023667934821	0.0305654459571	-0.0472468349814	-0.0547855352022	0.0457607322563	0.0856814450912	-0.000304494280366	-0.0363195466833	0.055244626155	0.0142105641089	0.0389039945212	-0.00669571767699	0.013260833755	-0.0876573821676	-0.0552700495999
k__Bacteria;p__Actinobacteria;c__Actinobacteria;o__Bifidobacteriales;f__Bifidobacteriaceae;g__Bifidobacterium;s__Bifidobacterium_longum	0.0208526846419	-0.0676648651096	-0.0450903665819	0.00566265763537	0.00417445640569	0.00799716272159	-0.0523067353009	-0.0132097664819	0.0592280357422	-0.00228272473373	0.0257481968424	-0.0482111062212	-0.0233491212451	-0.0348921921993	-0.0437546553591	-0.0269673537134	-0.0567355761662	0.0599227285776	0.0108407975771	-0.02922583441	-0.00969762215626	-0.094365355756	0.035894730833	0.0691105652787	-0.00373871675719	-0.0537600640585	-0.000867210166516	-0.0446008063754	0.030637715538	1.0	-0.00361416792175	0.00885294715452	-0.0803875167883	0.0267542854439	-0.0586613209088	0.0293468887706	0.000691717343875	-0.031085727675	0.0140942202347	-0.00368708659624	-0.0113309701903	-0.0422488869787	-0.0501647129201	-0.0124308287026	-0.0253804487428	0.0313254823587	0.0156371790607	0.00520327753894	-0.0532418152019	-0.029976512998	0.0536092196626	-0.122492931248	-0.0691465964252	-0.0243147752971	0.00554816388025	-0.0376452724013	0.0281032029612	-0.0373106750094	0.0249401383077
