#taxonomy	k__Bacteria;p__Bacteroidetes;c__Bacteroidia;o__Bacteroidales;f__Bacteroidaceae;g__Bacteroides;s__Bacteroides_vulgatus	k__Bacteria;p__Bacteroidetes;c__Bacteroidia;o__Bacteroidales;f__Bacteroidaceae;g__Bacteroides;s__Bacteroides_uniformis	k__Bacteria;p__Bacteroidetes;c__Bacteroidia;o__Bacteroidales;f__Rikenellaceae;g__Alistipes;s__Alistipes_putredinis	k__Bacteria;p__Bacteroidetes;c__Bacteroidia;o__Bacteroidales;f__Prevotellaceae;g__Prevotella;s__Prevotella_copri	k__Bacteria;p__Bacteroidetes;c__Bacteroidia;o__Bacteroidales;f__Bacteroidaceae;g__Bacteroides;s__Bacteroides_stercoris	k__Bacteria;p__Bacteroidetes;c__Bacteroidia;o__Bacteroidales;f__Bacteroidaceae;g__Bacteroides;s__Bacteroides_ovatus	k__Bacteria;p__Bacteroidetes;c__Bacteroidia;o__Bacteroidales;f__Rikenellaceae;g__Alistipes;s__Alistipes_shahii	k__Bacteria;p__Firmicutes;c__Clostridia;o__Clostridiales;f__Ruminococcaceae;g__Faecalibacterium;s__Faecalibacterium_prausnitzii	k__Bacteria;p__Bacteroidetes;c__Bacteroidia;o__Bacteroidales;f__Rikenellaceae;g__Alistipes;s__Alistipes_finegoldii	k__Bacteria;p__Bacteroidetes;c__Bacteroidia;o__Bacteroidales;f__Porphyromonadaceae;g__Parabacteroides;s__Parabacteroides_distasonis	k__Bacteria;p__Bacteroidetes;c__Bacteroidia;o__Bacteroidales;f__Bacteroidaceae;g__Bacteroides;s__Bacteroides_thetaiotaomicron	k__Bacteria;p__Bacteroidetes;c__Bacteroidia;o__Bacteroidales;f__Bacteroidaceae;g__Bacteroides;s__Bacteroides_coprocola	k__Bacteria;p__Bacteroidetes;c__Bacteroidia;o__Bacteroidales;f__Bacteroidaceae;g__Bacteroides;s__Bacteroides_cellulosilyticus	k__Bacteria;p__Bacteroidetes;c__Bacteroidia;o__Bacteroidales;f__Rikenellaceae;g__Alistipes;s__Alistipes_obesi	k__Bacteria;p__Firmicutes;c__Clostridia;o__Clostridiales;f__Lachnospiraceae;g__;s__[Eubacterium]_rectale	k__Bacteria;p__Bacteroidetes;c__Bacteroidia;o__Bacteroidales;f__Bacteroidaceae;g__Bacteroides;s__Bacteroides_plebeius	k__Bacteria;p__Bacteroidetes;c__Bacteroidia;o__Bacteroidales;f__Bacteroidaceae;g__Bacteroides;s__Bacteroides_fragilis	k__Bacteria;p__Proteobacteria;c__Betaproteobacteria;o__Burkholderiales;f__Sutterellaceae;g__Sutterella;s__Sutterella_wadsworthensis	k__Bacteria;p__Bacteroidetes;c__Bacteroidia;o__Bacteroidales;f__Porphyromonadaceae;g__Barnesiella;s__Barnesiella_intestinihominis	k__Bacteria;p__Bacteroidetes;c__Bacteroidia;o__Bacteroidales;f__Odoribacteraceae;g__Odoribacter;s__Odoribacter_splanchnicus	k__Bacteria;p__Bacteroidetes;c__Bacteroidia;o__Bacteroidales;f__Bacteroidaceae;g__Bacteroides;s__Bacteroides_salyersiae	k__Bacteria;p__Firmicutes;c__Clostridia;o__Clostridiales;f__Ruminococcaceae;g__Ruminiclostridium;s__[Eubacterium]_siraeum	k__Bacteria;p__Proteobacteria;c__Betaproteobacteria;o__Burkholderiales;f__Sutterellaceae;g__Parasutterella;s__Parasutterella_excrementihominis	k__Bacteria;p__Actinobacteria;c__Actinobacteria;o__Bifidobacteriales;f__Bifidobacteriaceae;g__Bifidobacterium;s__Bifidobacterium_adolescentis	k__Bacteria;p__Firmicutes;c__Clostridia;o__Clostridiales;f__Oscillospiraceae;g__Oscillibacter;s__Oscillibacter_sp._KLE_1745	k__Bacteria;p__Bacteroidetes;c__Bacteroidia;o__Bacteroidales;f__Bacteroidaceae;g__Bacteroides;s__Bacteroides_coprophilus	k__Bacteria;p__Firmicutes;c__Clostridia;o__Clostridiales;f__Lachnospiraceae;g__Roseburia;s__Roseburia_intestinalis	k__Bacteria;p__Firmicutes;c__Clostridia;o__Clostridiales;f__Lachnospiraceae;g__Roseburia;s__Roseburia_hominis	k__Bacteria;p__Bacteroidetes;c__Bacteroidia;o__Bacteroidales;f__Porphyromonadaceae;g__Parabacteroides;s__Parabacteroides_johnsonii	k__Bacteria;p__Actinobacteria;c__Actinobacteria;o__Bifidobacteriales;f__Bifidobacteriaceae;g__Bifidobacterium;s__Bifidobacterium_longum	k__Bacteria;p__Firmicutes;c__Clostridia;o__Clostridiales;f__;g__Flavonifractor;s__Flavonifractor_plautii	k__Bacteria;p__Firmicutes;c__Clostridia;o__Clostridiales;f__Clostridiaceae;g__Clostridium;s__Clostridium_phoceensis	k__Bacteria;p__Verrucomicrobia;c__Verrucomicrobiae;o__Verrucomicrobiales;f__Akkermansiaceae;g__Akkermansia;s__Akkermansia_muciniphila	k__Bacteria;p__Bacteroidetes;c__Bacteroidia;o__Bacteroidales;f__Prevotellaceae;g__Paraprevotella;s__Paraprevotella_xylaniphila	k__Bacteria;p__Firmicutes;c__Clostridia;o__Clostridiales;f__Ruminococcaceae;g__Ruminococcus;s__Ruminococcus_callidus	k__Bacteria;p__Bacteroidetes;c__Bacteroidia;o__Bacteroidales;f__Rikenellaceae;g__Alistipes;s__Alistipes_senegalensis	k__Bacteria;p__Firmicutes;c__Clostridia;o__Clostridiales;f__Lachnospiraceae;g__Blautia;s__Blautia_sp._KLE_1732	k__Bacteria;p__Bacteroidetes;c__Bacteroidia;o__Bacteroidales;f__Bacteroidaceae;g__Bacteroides;s__Bacteroides_oleiciplenus	k__Bacteria;p__Firmicutes;c__Clostridia;o__Clostridiales;f__Ruminococcaceae;g__Ruminococcus;s__Ruminococcus_bicirculans	k__Bacteria;p__Bacteroidetes;c__Bacteroidia;o__Bacteroidales;f__Bacteroidaceae;g__Bacteroides;s__Bacteroides_fluxus	k__Bacteria;p__Bacteroidetes;c__Bacteroidia;o__Bacteroidales;f__Prevotellaceae;g__Prevotella;s__Prevotella_stercorea	k__Bacteria;p__Firmicutes;c__Clostridia;o__Clostridiales;f__Lachnospiraceae;g__Dorea;s__Dorea_longicatena	k__Bacteria;p__Firmicutes;c__Clostridia;o__Clostridiales;f__Eubacteriaceae;g__Eubacterium;s__[Eubacterium]_eligens	k__Bacteria;p__Firmicutes;c__Clostridia;o__Clostridiales;f__Ruminococcaceae;g__;s__Ruminococcaceae_bacterium_D16	k__Bacteria;p__Firmicutes;c__Clostridia;o__Clostridiales;f__Lachnospiraceae;g__Coprococcus;s__Coprococcus_comes	k__Bacteria;p__Proteobacteria;c__Gammaproteobacteria;o__Enterobacterales;f__Enterobacteriaceae;g__Escherichia;s__Escherichia_coli	k__Bacteria;p__Firmicutes;c__Clostridia;o__Clostridiales;f__Ruminococcaceae;g__Anaerotruncus;s__Anaerotruncus_colihominis	k__Bacteria;p__Firmicutes;c__Clostridia;o__Clostridiales;f__Lachnospiraceae;g__Blautia;s__Blautia_obeum	k__Bacteria;p__Bacteroidetes;c__Bacteroidia;o__Bacteroidales;f__Odoribacteraceae;g__Odoribacter;s__Odoribacter_laneus	k__Bacteria;p__Firmicutes;c__Clostridia;o__Clostridiales;f__Ruminococcaceae;g__Ruminiclostridium;s__[Clostridium]_leptum	k__Bacteria;p__Bacteroidetes;c__Bacteroidia;o__Bacteroidales;f__Porphyromonadaceae;g__Parabacteroides;s__Parabacteroides_goldsteinii	k__Bacteria;p__Firmicutes;c__Clostridia;o__Clostridiales;f__Lachnospiraceae;g__Anaerostipes;s__Anaerostipes_hadrus	k__Bacteria;p__Firmicutes;c__Clostridia;o__Clostridiales;f__Ruminococcaceae;g__Ruminococcus;s__Ruminococcus_lactaris	k__Bacteria;p__Firmicutes;c__Clostridia;o__Clostridiales;f__Clostridiaceae;g__Clostridium;s__Clostridium_sp._L2-50	k__Bacteria;p__Firmicutes;c__Clostridia;o__Clostridiales;f__Clostridiaceae;g__Clostridium;s__Clostridium_sp._M62/1	k__Bacteria;p__Firmicutes;c__Clostridia;o__Clostridiales;f__;g__Intestinimonas;s__Intestinimonas_butyriciproducens	k__Bacteria;p__Actinobacteria;c__Actinobacteria;o__Bifidobacteriales;f__Bifidobacteriaceae;g__Bifidobacterium;s__Bifidobacterium_bifidum	k__Bacteria;p__Firmicutes;c__Negativicutes;o__Veillonellales;f__Veillonellaceae;g__Dialister;s__Dialister_invisus	k__Bacteria;p__Bacteroidetes;c__Bacteroidia;o__Bacteroidales;f__Bacteroidaceae;g__Bacteroides;s__Bacteroides_salanitronis
k__Bacteria;p__Bacteroidetes;c__Bacteroidia;o__Bacteroidales;f__Bacteroidaceae;g__Bacteroides;s__Bacteroides_vulgatus	1.0	0.0287543542335	0.00790384069374	-0.0326138423403	-0.0371234971028	-0.0226039676472	0.00937930904889	-0.0492350233953	0.0198736890488	-0.0562081299348	0.0348256613654	0.0604451659134	0.02575547145	0.0258148470918	0.0358387302314	-0.0485668046384	0.0208391106267	-0.0452716619625	0.0229132029226	-0.0715205093102	-0.0543438998015	-0.0256458630734	-0.0432697691519	-0.0819054766175	0.030414395041	-0.0122786249878	-0.0104528008206	-0.0167321714774	0.000891069493583	-0.0253199024526	-0.0363551457629	-0.00866185299389	0.0766586937601	-0.0282424675515	0.0137769881883	0.0202504214911	0.0126306490633	-0.0322477515854	-0.072505591016	-0.006154114816	0.0149812610874	-0.0441858497052	0.0204976334345	-0.014674056093	0.0476901785716	-0.071954146216	0.0593267769563	-0.0595700681875	-0.0235039086854	-0.123999011569	-0.0503075005022	-0.0242708580618	0.0610659644594	0.00403582301664	-0.039126543714	-0.0250083507906	0.042883857896	-0.0696195248052	-0.0107272890117
k__Bacteria;p__Bacteroidetes;c__Bacteroidia;o__Bacteroidales;f__Bacteroidaceae;g__Bacteroides;s__Bacteroides_uniformis	0.0287543542335	1.0	0.000347205165503	-0.0111403176438	-0.0390457366964	0.0403536137945	-0.0306237381995	-0.0144550227213	0.0242296742281	-0.0928243568483	-0.0368152987684	0.0420719627111	-0.00948697799417	-0.0531421208039	-0.0468601955408	-0.0299230445392	-0.025501944443	0.0248430080581	-0.0549996513328	-0.0305554321795	-0.0627103112853	0.0482748811166	-0.00785858002708	-0.0812218720064	0.0190527509777	-0.0607982443993	0.0621017891191	-0.0130939118922	-0.035836661301	0.0375263551968	0.0623740595425	-0.0124895835362	0.0384639332454	0.00302896293085	-0.0150150036355	-0.0486569232963	-0.0561319672802	0.0455109431566	0.0923231517179	-0.0199111516871	-0.00892570107417	0.0270502353006	-0.0187634708032	-0.0982961108787	-0.00426577291859	0.0606083194991	-0.0676916727798	0.0207824474018	-0.092253335288	-0.0655883605668	0.00865234203453	-0.00646775737053	-0.0545305263409	-0.0260030764725	0.0199563461502	0.0207479924749	0.0245367237759	0.00600457365026	-0.0337344370221
k__Bacteria;p__Bacteroidetes;c__Bacteroidia;o__Bacteroidales;f__Rikenellaceae;g__Alistipes;s__Alistipes_putredinis	0.00790384069374	0.000347205165503	1.0	-0.0581053738619	-0.00872432271392	0.0702366375481	-0.000415503040271	-0.00718982852086	-0.0351981420746	-0.0155150473251	-0.0231932633137	-0.0341196611735	-0.0419203665209	-0.0785045091321	0.0182347218647	-0.0797291994583	0.0282124901288	-0.0774654436142	-0.0630165127699	-0.00304925257081	-0.0381599186041	-0.0237410053416	0.0180467173663	0.066758956013	0.0526153538005	-0.0202229246627	-0.0222203160759	0.0828543869209	-0.0331894579211	-0.0210719622686	-0.0812518385359	-0.0697103292122	-0.0646575876352	-0.0264619266254	0.0307088600227	-0.10470488803	0.0520757718213	-0.0282276320745	-0.0295965552325	-0.029509487408	-0.0417380796304	-0.0449290067768	-0.0256053584131	0.0321834006445	-0.0345334363143	0.0416841483484	0.00508860143864	-0.0902839516518	0.00190161446949	0.0293648367523	-0.0233155896924	-0.0516400428622	0.0983407917084	0.0112321290761	-0.0814491675061	0.0389211539682	-0.0671380081404	0.0114338516357	0.000388349717636
k__Bacteria;p__Bacteroidetes;c__Bacteroidia;o__Bacteroidales;f__Prevotellaceae;g__Prevotella;s__Prevotella_copri	-0.0326138423403	-0.0111403176438	-0.0581053738619	1.0	-0.045771749498	0.0156666192462	-0.00782254784387	-0.0617898191122	0.0666987995454	0.00633592528111	-0.0473813889378	-0.0378643083029	-0.0342374693997	-0.019072274471	-0.0334024572017	0.0119626545349	-0.0152172711446	-0.0171119010644	0.0161546644487	-0.0113703752442	0.00210456547191	-0.0271262914612	-0.00354423054298	-0.00435425960044	0.0107862029891	-0.0277408869104	0.0148871869634	0.0456745808484	-0.0367457029007	0.0270254518253	-0.0184445002626	-0.000376426726006	-0.0271629666327	0.0178672661945	0.0178462029124	-0.0460420819265	-0.0498088245507	-0.0413046574338	0.0226971600065	-0.07131639197	0.0576180941657	0.0862848587246	-0.102268569469	-0.00360676307534	-0.0323977826466	0.0484069193263	-0.0647718601572	-0.0397596455902	0.0348878719161	-0.0146101056111	0.0133410370737	0.0315012045874	-0.0368339611604	-0.00403684855905	-0.0336222445467	0.0350411258426	0.0466908898244	-0.037804650418	-0.0230427946151
k__Bacteria;p__Bacteroidetes;c__Bacteroidia;o__Bacteroidales;f__Bacteroidaceae;g__Bacteroides;s__Bacteroides_stercoris	-0.0371234971028	-0.0390457366964	-0.00872432271392	-0.045771749498	1.0	0.0160284399458	-0.0752826607088	-0.0558099511014	-0.0586799325016	0.0322011618752	-0.0851948555302	-0.0245604056434	0.0730189386484	-0.00732107672774	-0.0464729612857	0.0401949350318	0.00354044308576	-0.0792563630999	0.0255648223859	-0.0284211129134	-0.0242189387518	-0.0604621091148	-0.021360561732	0.0344622364567	0.0234597196471	-0.0284151986939	-0.000165806130422	-0.0271134896578	0.0128824216177	-0.00725789606565	-0.00142536673495	-0.0575330282788	-0.0438159864862	0.0170291786586	-0.0324842549508	-0.0183618744659	-0.0055506945635	0.0110479601758	0.03640199019	0.0429810530993	-0.0111864547253	-0.0563073010022	-0.0018658193899	0.0483455924136	-0.00435989940332	-0.0106970201859	0.043887396953	0.0206373187647	-0.00938091342077	-0.0173226422166	0.00391028013284	0.05035714596	-0.0180973241165	-0.0377401998241	-0.0262367017218	-0.0578855554751	-0.0189675121757	0.0429255488237	-0.0510880864961
k__Bacteria;p__Bacteroidetes;c__Bacteroidia;o__Bacteroidales;f__Bacteroidaceae;g__Bacteroides;s__Bacteroides_ovatus	-0.0226039676472	0.0403536137945	0.0702366375481	0.0156666192462	0.0160284399458	1.0	0.0154305280662	-0.0347506695435	-0.00442587055222	0.0256905395634	0.0695093827573	0.0270257551405	0.019550044365	0.0588447174458	0.0255715883165	0.0439112917749	0.0253036936979	-0.0439602919089	0.00831024550215	0.000235754035641	-0.00179658835214	0.00527331874803	0.0197971062148	-0.0810022127774	-0.10245593334	0.106000821358	0.0472660665789	-0.0281199486546	0.0522417745105	-0.0721349316067	-0.0204547513397	-0.0540917467153	-0.0353414812626	-0.033546786991	-0.0517891629681	-0.051234930844	0.0391997663272	0.0036150758242	0.0404154088048	-0.00508253953367	-0.0557064601388	0.0390901079801	0.0642208930238	-0.0330097769422	0.00661587073934	-0.0603181545687	-0.00774340265101	0.0450264226511	0.0701445360083	0.0111224436157	-0.00213195675374	-0.0179767113686	-0.0514471091532	-0.00928032275794	-0.0342656591873	-0.0482826889682	-0.00832241613273	-0.0209283522159	0.00421085378334
k__Bacteria;p__Bacteroidetes;c__Bacteroidia;o__Bacteroidales;f__Rikenellaceae;g__Alistipes;s__Alistipes_shahii	0.00937930904889	-0.0306237381995	-0.000415503040271	-0.00782254784387	-0.0752826607088	0.0154305280662	1.0	0.0417345969805	-0.00951987720552	-0.028672290924	0.097226757853	-0.0508551417058	-0.0291178944418	-0.0517755300106	0.0238024776296	0.000545660824844	-0.0245434562207	-0.00219005441995	-0.0252053441367	0.0125295172543	0.0519316560866	0.0266767527446	0.030003709949	-0.042869772645	-0.0468691157146	0.104870049078	0.051187003614	-0.0488866159589	0.00458224832039	0.0109938022743	-0.029837674733	-0.060679086315	-0.127610578706	-0.0596679189695	-0.0629902445901	-0.0136122352514	-0.108846620674	0.0298752158176	0.0242836228003	-0.0425418606983	0.0337103438012	0.0172984375401	0.032938180078	-0.0574714917201	0.0316152421588	0.027433549879	0.00647460827734	0.0226410310747	-0.0464388914295	0.00162662105211	-0.0200409268069	0.0181548217083	-0.017791650637	0.000368565772397	0.055995522758	-0.0230245418885	0.0831564332199	-0.0602375129653	-0.000958893300859
k__Bacteria;p__Firmicutes;c__Clostridia;o__Clostridiales;f__Ruminococcaceae;g__Faecalibacterium;s__Faecalibacterium_prausnitzii	-0.0492350233953	-0.0144550227213	-0.00718982852086	-0.0617898191122	-0.0558099511014	-0.0347506695435	0.0417345969805	1.0	0.0594932613333	-0.0137001609545	0.028393902242	0.0669829970121	-0.0527988939907	0.0469267552373	0.0111470429047	-0.0550955636225	-0.0281306838546	-0.0326545602316	-0.0167866471564	-0.0222662088203	0.00961178943825	-0.0111510507611	-0.0437742820224	-0.0469553165464	0.0634252817734	0.00106772530914	0.0691777346189	-0.0180099037666	-0.00190112609481	-0.0165067104329	-0.0244986151382	-0.0265395351383	0.0523946247748	-0.0553678705536	-0.0222736832357	0.0554211965203	-0.016588379149	-0.0459285551757	0.00419399332013	0.00340859924246	-0.0218249707769	-0.0153536778762	0.0850150799829	-0.0403400171146	0.0400573780436	-0.0212404621517	0.00982011349227	-0.0694402256003	-0.0428326562287	-0.0761125935429	-0.0432538625509	0.0189857367008	-0.100810193129	-0.0446106632314	0.00768898598734	-0.0122300668367	-0.0331837864363	-0.022127621492	-0.100084076502
k__Bacteria;p__Bacteroidetes;c__Bacteroidia;o__Bacteroidales;f__Rikenellaceae;g__Alistipes;s__Alistipes_finegoldii	0.0198736890488	0.0242296742281	-0.0351981420746	0.0666987995454	-0.0586799325016	-0.00442587055222	-0.00951987720552	0.0594932613333	1.0	0.0197007084425	0.00322323410326	0.0516086585743	-0.0341832202509	0.0214771269341	-0.00209371325738	-0.0665103799736	0.0168654931395	0.0449149012385	0.00513172934487	0.0256909739163	-0.0119136429546	-0.000932077637455	-0.0624913893326	-0.122787853591	0.007810899323	0.00902384660847	-0.0122944771355	-0.0354723272212	0.0136344803529	0.0107908595581	0.0725784185042	0.027537064659	-0.00949757279036	-0.037132820777	-0.0846525622443	-0.0599757766263	-0.023874775702	-0.00100552617709	-0.0329118363433	0.0171887842338	0.00479376266599	0.0246024688439	-0.0523316835986	-0.0511596557961	0.050987172568	0.00712341307569	-0.0435355825059	0.0261836351543	0.00810067147484	0.014066245302	0.0236237593353	-0.0344572942598	0.0510322155022	0.0139461892039	0.0193759317785	-0.0384358247712	-0.0294981365853	-0.0624141626811	-0.0515380231398
k__Bacteria;p__Bacteroidetes;c__Bacteroidia;o__Bacteroidales;f__Porphyromonadaceae;g__Parabacteroides;s__Parabacteroides_distasonis	-0.0562081299348	-0.0928243568483	-0.0155150473251	0.00633592528111	0.0322011618752	0.0256905395634	-0.028672290924	-0.0137001609545	0.0197007084425	1.0	0.0366481647159	0.0114334747808	-0.0179913678782	0.051672526726	-0.0107597774544	0.00613465723232	0.0299380896659	0.0223142830953	0.0382190142384	0.0652142619239	0.0106164153114	-0.023721098442	-0.0664529603833	-0.0387371326569	-0.000236900193052	-0.0194979932218	-0.082422545886	-0.0230064971341	-0.0314983720983	-0.00943379522789	0.0189358074069	-0.0396988313229	-0.0672434408503	0.00269302308881	0.0179341214637	-0.0454206744699	0.0245088848763	0.053989716066	-0.00971629157364	-0.0846017839573	0.00357846939162	-0.0639326402147	-0.111505568829	0.0437790700994	-0.0511083181539	0.0198221697452	0.01285872679	-0.0366049400476	-0.0332241928147	0.00999995001746	-0.0481440033275	0.0698829280605	0.0335421114996	0.0534005275921	-0.00556713796333	-0.0250003271644	-0.0146635392704	0.00317022032495	-0.0317043336144
k__Bacteria;p__Bacteroidetes;c__Bacteroidia;o__Bacteroidales;f__Bacteroidaceae;g__Bacteroides;s__Bacteroides_thetaiotaomicron	0.0348256613654	-0.0368152987684	-0.0231932633137	-0.0473813889378	-0.0851948555302	0.0695093827573	0.097226757853	0.028393902242	0.00322323410326	0.0366481647159	1.0	-0.0494895227144	0.00535454920616	0.00395759243323	-0.00296810481681	-0.0217867218822	0.0254367675197	-0.0224887045742	-0.0110475035349	-0.0108791367738	0.00370880617441	0.00642187929568	-0.012203429737	-0.0589215484558	-0.0655348658696	-0.0532939464217	-2.84394571192e-05	0.014029078435	-0.066639982761	-0.0886422763753	0.00226724230284	0.00169930976149	0.0279275516474	0.0066042524732	-0.0196931952658	0.0238958844601	-0.0140345912307	-0.0488227622614	-0.0414773770834	0.00896570407345	-0.0226588954621	-0.0819438539055	0.062329141375	0.00605132740494	-0.0449808295142	0.0110506017501	-0.035411151376	-0.0226673213859	0.0158550086038	0.0318431620005	-0.0281239534177	0.0591497263752	-0.00812485139964	-0.0270490102836	-0.0374186775001	-0.0453066465908	-0.0764636244792	0.0450355553322	-0.0554051107378
k__Bacteria;p__Bacteroidetes;c__Bacteroidia;o__Bacteroidales;f__Bacteroidaceae;g__Bacteroides;s__Bacteroides_coprocola	0.0604451659134	0.0420719627111	-0.0341196611735	-0.0378643083029	-0.0245604056434	0.0270257551405	-0.0508551417058	0.0669829970121	0.0516086585743	0.0114334747808	-0.0494895227144	1.0	-0.00350159549312	-0.0112815540644	0.0217457587509	-0.050569514648	-0.0129921489606	-0.0113015210963	-0.0662587055777	-0.0789751467663	0.0841809394786	-0.0335639116355	-0.0731396502886	0.00131400288717	0.0406151240553	-0.0465296073193	0.0231002415478	-0.0221414052632	-0.0462088765491	-0.0312797186373	-0.0643402962436	-0.0300271398674	0.0321159577443	-0.0176730170226	-0.0332012363568	-0.00689960077462	-0.0173131098067	-0.0869263414172	-0.0371308341191	-0.060602564537	-0.00306042063081	-0.012248426018	-0.0330930291498	0.0150178460459	-0.0170802756411	-0.00194569235841	-0.00919200860478	-0.0119534394975	-0.0365705698756	0.026953489721	-0.0240821672428	0.0409344641008	-0.0694256815721	0.0432618389528	-0.0624414042951	-0.0518723798448	0.0290578793118	0.00300175718671	0.0288275000227
k__Bacteria;p__Bacteroidetes;c__Bacteroidia;o__Bacteroidales;f__Bacteroidaceae;g__Bacteroides;s__Bacteroides_cellulosilyticus	0.02575547145	-0.00948697799417	-0.0419203665209	-0.0342374693997	0.0730189386484	0.019550044365	-0.0291178944418	-0.0527988939907	-0.0341832202509	-0.0179913678782	0.00535454920616	-0.00350159549312	1.0	0.034169275014	-0.0121804759439	-0.0394521910828	-0.0271010918872	-0.0759598784583	0.0268607332849	0.127660206521	-0.00994432452208	0.00714547064005	0.00947635338603	0.0349903318566	-0.0344693885659	-0.00641173750508	0.0422427881353	-0.0532113643815	-0.0230905237867	-0.0132070745205	-0.0342618231906	0.0790762444601	0.0082872714446	-0.0233164216405	-0.0323230466562	0.0507155239006	0.0180354338236	-0.0699185675523	-0.0662178554545	-0.0614054323259	-0.0635960626615	-0.0558036730844	0.0319068401686	0.0231765713066	-0.0623597003374	-0.0283903080689	-0.0270132343608	-0.0600914460944	-0.000533078272936	-0.0246516562465	-0.132552645845	-0.00266534944448	0.0249197236088	-0.0417020147326	0.0145037916803	-0.0339204364696	0.0128108659299	-0.000328640834772	0.0203837441641
k__Bacteria;p__Bacteroidetes;c__Bacteroidia;o__Bacteroidales;f__Rikenellaceae;g__Alistipes;s__Alistipes_obesi	0.0258148470918	-0.0531421208039	-0.0785045091321	-0.019072274471	-0.00732107672774	0.0588447174458	-0.0517755300106	0.0469267552373	0.0214771269341	0.051672526726	0.00395759243323	-0.0112815540644	0.034169275014	1.0	-0.0428795103132	0.0194508448932	0.0185911856749	-0.0535195864566	-0.0319621211869	-0.0185352384782	0.00731580836663	-0.100850918098	0.0177562334529	0.0146152573366	-0.0177274147004	-0.00325653592856	0.0205597606642	0.000737338335967	-0.0182656822588	0.00510958365273	0.0177768142934	-0.00389296107353	-0.027757749701	-0.0773993229252	-0.0245355215889	-0.00279659958733	0.0191970069925	0.034458786609	-0.056324049433	0.114003870474	0.0898112495078	-0.0390749829026	0.0594734534676	0.00292060640621	-0.0566115537724	0.0392687805726	-0.0572297555559	-0.0656667466615	-0.00978871877452	-0.046082403764	-0.102509738729	-0.0937188847705	-0.033002774237	-0.0476666576735	0.0465272898899	-0.0361693252881	-0.0661727730338	-0.0581921431229	0.0085701184971
k__Bacteria;p__Firmicutes;c__Clostridia;o__Clostridiales;f__Lachnospiraceae;g__;s__[Eubacterium]_rectale	0.0358387302314	-0.0468601955408	0.0182347218647	-0.0334024572017	-0.0464729612857	0.0255715883165	0.0238024776296	0.0111470429047	-0.00209371325738	-0.0107597774544	-0.00296810481681	0.0217457587509	-0.0121804759439	-0.0428795103132	1.0	0.0675156801924	-0.0183212973518	0.0106890020381	-0.0484260232157	-0.082113751385	-0.0609867113197	-0.0314076880149	0.023977955789	0.0157221476948	0.0535565261847	0.00403454010916	-0.0301069982273	-0.0498949175234	-0.0383237271632	-0.0591236463548	0.0244199136425	-0.0441473606941	-0.0411430579679	-0.00894251929716	-0.000550165624221	0.0421077640974	-0.0133479029061	-0.0219669163254	-0.0054615806977	0.0123286728401	-0.0680469936851	-0.00827951085502	0.0702933380435	-0.0631065100144	0.0247770907599	0.0250260024677	0.00102788186151	-0.013314955086	-0.0532723440841	0.071315344187	-0.0239400722745	0.0132538473883	-0.0363337772003	-0.0586435522707	-0.0491007693404	0.0208691875672	-0.05174214617	0.0520685406315	0.0189060548082
k__Bacteria;p__Bacteroidetes;c__Bacteroidia;o__Bacteroidales;f__Bacteroidaceae;g__Bacteroides;s__Bacteroides_plebeius	-0.0485668046384	-0.0299230445392	-0.0797291994583	0.0119626545349	0.0401949350318	0.0439112917749	0.000545660824844	-0.0550955636225	-0.0665103799736	0.00613465723232	-0.0217867218822	-0.050569514648	-0.0394521910828	0.0194508448932	0.0675156801924	1.0	-0.0118707250713	0.133187733941	-0.022113681457	-0.0380768642137	-0.071804197492	0.0449576195415	-0.00204158213516	0.02311963861	-0.0126061840342	-0.00117342846443	-0.0450964072436	-0.0400278303053	0.00455063558733	-0.0116496165896	0.11745224797	0.0266773386509	-0.000894565481003	0.0208005361438	0.0416466984066	-0.0137279193205	-0.0156084640547	0.0247396158223	-0.0631526655171	0.0443455074117	-0.0504697778629	0.0634285324061	-0.083230321793	0.00263014202003	-0.10232125957	-0.0496585752864	-0.0219964862222	-0.0070182977034	0.0557200349103	0.0528157157987	-0.0157380278251	-0.0424667432436	0.0515353715716	-0.0206958857914	-0.106321686935	0.0345405933898	0.0400747100943	-0.0278823030072	0.0376654740231
k__Bacteria;p__Bacteroidetes;c__Bacteroidia;o__Bacteroidales;f__Bacteroidaceae;g__Bacteroides;s__Bacteroides_fragilis	0.0208391106267	-0.025501944443	0.0282124901288	-0.0152172711446	0.00354044308576	0.0253036936979	-0.0245434562207	-0.0281306838546	0.0168654931395	0.0299380896659	0.0254367675197	-0.0129921489606	-0.0271010918872	0.0185911856749	-0.0183212973518	-0.0118707250713	1.0	-0.0664232461402	0.0282981072075	0.0450910969307	0.0510705408679	-0.0375686928858	0.0174608979459	-0.00254287485134	-0.0354841316992	-0.0737910641597	-0.0572546873233	-0.0213279652801	-0.0512461604769	0.0311538924433	-0.0465851518508	0.0372550241231	-0.075665212227	-0.00794377085448	0.0552991092905	-0.00830072041129	-0.000382085938831	0.0147272972926	-0.00112489336254	-0.118408529834	-0.0287338278473	0.00863103633797	-0.070899749643	0.00679270487743	0.00427345580379	-0.10687301943	0.0204189616684	0.0108482289835	-0.0213139860181	-0.0450473143045	0.0294885998061	-0.00683609752604	0.00908203251795	-0.0625381793666	0.0355267426114	0.0491613359196	-0.00013197798543	-0.0301813215329	-0.0225432456612
k__Bacteria;p__Proteobacteria;c__Betaproteobacteria;o__Burkholderiales;f__Sutterellaceae;g__Sutterella;s__Sutterella_wadsworthensis	-0.0452716619625	0.0248430080581	-0.0774654436142	-0.0171119010644	-0.0792563630999	-0.0439602919089	-0.00219005441995	-0.0326545602316	0.0449149012385	0.0223142830953	-0.0224887045742	-0.0113015210963	-0.0759598784583	-0.0535195864566	0.0106890020381	0.133187733941	-0.0664232461402	1.0	0.0883143892736	-0.0887884702708	-0.0864523769762	0.01905483035	-0.0569434636106	0.11250385093	0.0309366749917	-0.0828060996629	-0.0877860283685	0.037386935705	-0.0447544948353	-0.032444420051	-0.0528605702224	0.00951924945919	-0.00969234291151	0.00169322191933	-0.00420957004215	-0.0318055960191	0.00484776682261	0.0151648912471	0.0203070375626	0.00934370722734	-0.0497251470447	-0.0301883354745	-0.00673253438999	0.00174438792031	-0.0115082922706	0.0399287526238	-0.0495365466677	0.00818286339479	-0.0440615580196	-0.0334193628573	0.0145581893903	0.0984919478327	-0.0163040848073	0.0487051691171	0.0314446947478	0.0218791218492	-0.0914311702178	0.0506035756734	-0.003887631346
k__Bacteria;p__Bacteroidetes;c__Bacteroidia;o__Bacteroidales;f__Porphyromonadaceae;g__Barnesiella;s__Barnesiella_intestinihominis	0.0229132029226	-0.0549996513328	-0.0630165127699	0.0161546644487	0.0255648223859	0.00831024550215	-0.0252053441367	-0.0167866471564	0.00513172934487	0.0382190142384	-0.0110475035349	-0.0662587055777	0.0268607332849	-0.0319621211869	-0.0484260232157	-0.022113681457	0.0282981072075	0.0883143892736	1.0	-0.0355025860543	0.0386218131155	0.078000090058	0.0187212927835	0.0600103888137	-0.0321354708458	-0.052132307847	-0.0105353584454	-0.0615502821434	0.00610164827379	-0.0142459590796	0.0317579349927	-0.0439447363474	-0.0494695391351	-0.00224679857763	-0.0479626382415	0.0308977068394	-0.068952359691	-0.0492281326837	-0.0147011749654	0.00908990398295	-0.114973644881	-0.0572793601788	0.00133449301724	0.0795234308896	-0.0318782583655	-0.0275371883596	-0.009464979732	0.0254530934475	0.0594786218346	0.0586454831001	0.0199702398721	0.0257526639945	0.0356753282888	-0.0117098211018	-0.0566085265315	-0.0449248480711	-0.0182744497412	-0.031016403151	-0.0188165300793
k__Bacteria;p__Bacteroidetes;c__Bacteroidia;o__Bacteroidales;f__Odoribacteraceae;g__Odoribacter;s__Odoribacter_splanchnicus	-0.0715205093102	-0.0305554321795	-0.00304925257081	-0.0113703752442	-0.0284211129134	0.000235754035641	0.0125295172543	-0.0222662088203	0.0256909739163	0.0652142619239	-0.0108791367738	-0.0789751467663	0.127660206521	-0.0185352384782	-0.082113751385	-0.0380768642137	0.0450910969307	-0.0887884702708	-0.0355025860543	1.0	0.0813153699503	-0.0169767555925	-0.0200419765524	-0.0357886997209	0.000845468869606	-0.0108985338411	-0.0857871124686	-0.0101891345942	-0.0703818445078	0.0228980259552	-0.0343851596787	-0.0177835175149	-0.0247431944536	-0.0989082031655	-0.0164133501545	-0.0107022282704	0.0802828958897	0.00283176277592	0.0427556081438	-0.0128187994003	0.0207192967676	-0.0640033009001	0.00397913237396	0.0177266696173	-0.00814564384593	-0.00380513947725	-0.0420782544113	0.0600678711873	-0.00363500870093	0.00302048470577	-0.000559601100731	0.0343656089239	-0.0230221317132	0.00581305229202	-0.0662001507181	-0.0343333708152	-0.044610828283	-0.0196096497462	-0.071424950965
k__Bacteria;p__Bacteroidetes;c__Bacteroidia;o__Bacteroidales;f__Bacteroidaceae;g__Bacteroides;s__Bacteroides_salyersiae	-0.0543438998015	-0.0627103112853	-0.0381599186041	0.00210456547191	-0.0242189387518	-0.00179658835214	0.0519316560866	0.00961178943825	-0.0119136429546	0.0106164153114	0.00370880617441	0.0841809394786	-0.00994432452208	0.00731580836663	-0.0609867113197	-0.071804197492	0.0510705408679	-0.0864523769762	0.0386218131155	0.0813153699503	1.0	-0.0565757126332	-0.0752238450653	-0.0467197483274	-0.0411947607969	0.0270004250242	-0.0200085422173	0.00261349272412	0.0300533716593	-0.0295986592402	-0.0145275781749	-0.0122310249968	0.0493121015453	-0.0567722244093	-0.00552860255639	-0.0126355641096	0.0590854249021	0.0242289250414	0.00498385968676	0.0452177225875	-0.0530224200834	-0.00020512422139	-0.0289765711624	-0.00666516917374	0.0255640228268	-0.0388021141661	-0.0488084719126	-0.0602924731778	0.0393995126202	-0.0537220218976	0.00811357806183	0.0310389144812	0.0156428850143	0.010331348397	0.0686313034561	0.00584014551287	-0.00085189690742	-0.0615473593572	-0.0467022103317
k__Bacteria;p__Firmicutes;c__Clostridia;o__Clostridiales;f__Ruminococcaceae;g__Ruminiclostridium;s__[Eubacterium]_siraeum	-0.0256458630734	0.0482748811166	-0.0237410053416	-0.0271262914612	-0.0604621091148	0.00527331874803	0.0266767527446	-0.0111510507611	-0.000932077637455	-0.023721098442	0.00642187929568	-0.0335639116355	0.00714547064005	-0.100850918098	-0.0314076880149	0.0449576195415	-0.0375686928858	0.01905483035	0.078000090058	-0.0169767555925	-0.0565757126332	1.0	-0.0305545149317	0.0569863343275	-0.0754294896722	-0.0388095612541	0.00472608466743	-0.074939561683	-0.0306521351224	0.0387410713294	0.017617016554	-0.0253940406391	-0.00490467415141	-0.0394242801122	-0.0101990391963	0.0352802864843	-0.0194266281573	-0.0931822132081	-0.0437617137986	-0.0110813160212	0.00451534565441	0.0136347560698	-0.0811444280376	-0.0315556274216	-0.0968645106617	0.0632432579219	-0.033491056152	0.0463753556732	-0.0284973212591	-0.0238439681769	-0.0241672791893	-0.0455180125252	-0.00542199034648	-0.0628733442453	0.00984599615337	0.0158078024169	-0.0182248015035	-0.00227747062637	-0.0717789353294
k__Bacteria;p__Proteobacteria;c__Betaproteobacteria;o__Burkholderiales;f__Sutterellaceae;g__Parasutterella;s__Parasutterella_excrementihominis	-0.0432697691519	-0.00785858002708	0.0180467173663	-0.00354423054298	-0.021360561732	0.0197971062148	0.030003709949	-0.0437742820224	-0.0624913893326	-0.0664529603833	-0.012203429737	-0.0731396502886	0.00947635338603	0.0177562334529	0.023977955789	-0.00204158213516	0.0174608979459	-0.0569434636106	0.0187212927835	-0.0200419765524	-0.0752238450653	-0.0305545149317	1.0	0.0154954416701	-0.0386278922603	0.0100441900019	0.00508320344974	0.0111281729758	-0.0114645985077	-0.0358875897498	-0.0151474096939	0.00964788977117	0.0673714620062	-0.00588446754342	0.000775183695288	-0.0812766809106	-0.0011292167796	0.0226092753426	-0.00704523736249	0.0241106555858	-0.0501398898293	0.0309987234355	0.0430392681965	-0.076877686511	-0.0252932196901	-0.0130107229189	0.0119996256594	0.0492705601118	0.0317738185235	0.00125374697524	0.0168995478702	0.00295711083965	0.0333982301152	-0.0100113548398	-0.133683056446	-0.0762839435751	-0.0533034470527	-0.0744143108661	-0.0678954257509
k__Bacteria;p__Actinobacteria;c__Actinobacteria;o__Bifidobacteriales;f__Bifidobacteriaceae;g__Bifidobacterium;s__Bifidobacterium_adolescentis	-0.0819054766175	-0.0812218720064	0.066758956013	-0.00435425960044	0.0344622364567	-0.0810022127774	-0.042869772645	-0.0469553165464	-0.122787853591	-0.0387371326569	-0.0589215484558	0.00131400288717	0.0349903318566	0.0146152573366	0.0157221476948	0.02311963861	-0.00254287485134	0.11250385093	0.0600103888137	-0.0357886997209	-0.0467197483274	0.0569863343275	0.0154954416701	1.0	0.05957171171	0.0183714053306	-0.0261385151532	0.022397304999	-0.110525775528	-0.0502385732218	0.0168448459974	-0.0659227671702	0.0963905630069	0.0266395824305	-0.0582947890956	-0.0127472057036	0.0222679280227	-0.013331558518	-0.0558472126964	-0.0119446799067	0.0355904228355	-0.048735811827	-0.0103970058022	0.0288481501153	-0.0587814367382	-0.0200358989947	0.0270250536279	-0.0266576937221	-0.000435768500125	0.067209360742	-0.0220476159991	-0.0191100444604	-0.0411932641998	-0.0228030105193	-0.0399492656201	-0.0393109931043	-0.00204904776862	-0.032804123747	-0.0246163766771
k__Bacteria;p__Firmicutes;c__Clostridia;o__Clostridiales;f__Oscillospiraceae;g__Oscillibacter;s__Oscillibacter_sp._KLE_1745	0.030414395041	0.0190527509777	0.0526153538005	0.0107862029891	0.0234597196471	-0.10245593334	-0.0468691157146	0.0634252817734	0.007810899323	-0.000236900193052	-0.0655348658696	0.0406151240553	-0.0344693885659	-0.0177274147004	0.0535565261847	-0.0126061840342	-0.0354841316992	0.0309366749917	-0.0321354708458	0.000845468869606	-0.0411947607969	-0.0754294896722	-0.0386278922603	0.05957171171	1.0	0.0130535908064	-0.00595255445554	-0.00557244934321	-0.0348259780155	0.00452886514326	0.100780872228	0.00377043368665	-0.0322680207659	-0.0745687601208	0.0184678311562	0.0203113399156	-0.0326602453916	-0.0189543716575	0.0144642104151	-0.0361343950611	0.105858667436	0.0249029090517	0.0673600051384	0.0514392290295	-0.0386894673163	0.064654834477	0.0215355996235	-0.0606275178783	-0.0720564068783	-0.05383819347	0.0437925059336	-0.0392041645452	0.0616143993841	0.0174719325469	0.0103665493424	-0.0556575198198	-0.0289647811922	-0.0490693091655	-0.0266649313623
k__Bacteria;p__Bacteroidetes;c__Bacteroidia;o__Bacteroidales;f__Bacteroidaceae;g__Bacteroides;s__Bacteroides_coprophilus	-0.0122786249878	-0.0607982443993	-0.0202229246627	-0.0277408869104	-0.0284151986939	0.106000821358	0.104870049078	0.00106772530914	0.00902384660847	-0.0194979932218	-0.0532939464217	-0.0465296073193	-0.00641173750508	-0.00325653592856	0.00403454010916	-0.00117342846443	-0.0737910641597	-0.0828060996628	-0.052132307847	-0.0108985338411	0.0270004250242	-0.0388095612541	0.0100441900019	0.0183714053306	0.0130535908064	1.0	-0.0325462840479	-0.150888217403	0.03114445935	0.0390590184018	-0.024542626269	-0.0362858423208	0.00327501814623	-0.0238678760421	0.105225323463	0.00758500894915	-0.108788112518	-0.0439264007182	-0.0643764802717	-0.0385690733476	0.00260918074785	-0.0332199730857	0.0908208979869	-0.0495744601741	-0.0199234284551	0.0101107227162	-0.018583586801	0.0127194714258	0.000978842836209	-0.00948199457254	-0.0115569977803	-0.0952875498303	-0.0217703899536	-0.0362729967062	-0.0705115849883	-0.0251511969666	-0.0596761565633	0.0292160835882	-0.0457883136487
k__Bacteria;p__Firmicutes;c__Clostridia;o__Clostridiales;f__Lachnospiraceae;g__Roseburia;s__Roseburia_intestinalis	-0.0104528008206	0.0621017891191	-0.0222203160759	0.0148871869634	-0.000165806130422	0.0472660665789	0.051187003614	0.0691777346189	-0.0122944771355	-0.082422545886	-2.84394571191e-05	0.0231002415478	0.0422427881353	0.0205597606642	-0.0301069982273	-0.0450964072436	-0.0572546873233	-0.0877860283685	-0.0105353584454	-0.0857871124686	-0.0200085422173	0.00472608466743	0.00508320344974	-0.0261385151532	-0.00595255445554	-0.0325462840479	1.0	-0.0286321209138	0.0403812819632	-0.0294494797846	-0.00787928368283	-0.0928601957967	-0.0256293241196	-0.0212657145039	-0.0242845214825	0.0178465295542	-0.0237378532346	-0.0206700086641	-0.0332734250243	-0.0317516963172	0.00712070647181	-0.00808158579021	-0.00668726820643	0.0597057885704	-0.00327075424225	0.0232786841187	-0.0744651329296	-0.0479947911117	-0.0158164188908	0.000900857836938	0.0262262783842	-0.0283619281941	0.0127076637842	0.032184770404	-0.0564216235738	0.0632237776293	0.0593033346373	-0.0134696857076	-0.0320281546425
k__Bacteria;p__Firmicutes;c__Clostridia;o__Clostridiales;f__Lachnospiraceae;g__Roseburia;s__Roseburia_hominis	-0.0167321714774	-0.0130939118922	0.0828543869209	0.0456745808484	-0.0271134896578	-0.0281199486546	-0.0488866159589	-0.0180099037666	-0.0354723272212	-0.0230064971341	0.014029078435	-0.0221414052632	-0.0532113643815	0.000737338335967	-0.0498949175234	-0.0400278303053	-0.0213279652801	0.037386935705	-0.0615502821434	-0.0101891345942	0.00261349272412	-0.074939561683	0.0111281729758	0.022397304999	-0.00557244934321	-0.150888217403	-0.0286321209138	1.0	0.00628127753121	0.0247364699725	-0.0149217280481	0.061907008884	0.0274001265592	0.0830910542755	-0.039918068694	0.0305468911545	-0.0432357991703	-0.0267181652023	-0.0452561109462	-0.0396716320148	0.021157003908	-0.0197845871224	0.00174796644493	-0.0163910270422	0.0423442542454	0.00999475568095	-0.0529299034219	-0.0723315273607	-0.0482601031654	0.0608558874102	-0.00136812746463	-0.0565934505459	-0.00657846185292	-0.0158902886511	0.0035363664466	-0.013855451975	-0.0791933683719	-0.0604972567283	0.0520598391242
k__Bacteria;p__Bacteroidetes;c__Bacteroidia;o__Bacteroidales;f__Porphyromonadaceae;g__Parabacteroides;s__Parabacteroides_johnsonii	0.000891069493583	-0.035836661301	-0.0331894579211	-0.0367457029007	0.0128824216177	0.0522417745105	0.00458224832039	-0.00190112609481	0.0136344803529	-0.0314983720983	-0.066639982761	-0.0462088765491	-0.0230905237867	-0.0182656822588	-0.0383237271632	0.00455063558733	-0.0512461604769	-0.0447544948353	0.00610164827379	-0.0703818445078	0.0300533716593	-0.0306521351224	-0.0114645985077	-0.110525775528	-0.0348259780155	0.03114445935	0.0403812819632	0.00628127753121	1.0	0.0326232332655	0.0476794927138	0.0117861513293	0.0779962282227	-0.0230168667548	-0.0136950605648	0.03249400607	0.0172508255552	0.0673833853192	0.0692549860616	-0.0329031221672	0.0161624220211	-0.0760667703417	-0.0286036133451	-0.0158020151715	-0.0499455144792	-0.0166078817576	-0.0881154533568	-0.00671980844821	-0.0234528480949	-0.0636199793379	-0.0134489808867	-0.0418526335931	0.122198218388	0.00555498200036	0.0065299087498	-0.0260037784644	0.03638639396	0.0128222210287	0.0330183797895
k__Bacteria;p__Actinobacteria;c__Actinobacteria;o__Bifidobacteriales;f__Bifidobacteriaceae;g__Bifidobacterium;s__Bifidobacterium_longum	-0.0253199024526	0.0375263551968	-0.0210719622686	0.0270254518253	-0.00725789606565	-0.0721349316067	0.0109938022743	-0.0165067104329	0.0107908595581	-0.00943379522789	-0.0886422763753	-0.0312797186373	-0.0132070745205	0.00510958365273	-0.0591236463548	-0.0116496165896	0.0311538924433	-0.032444420051	-0.0142459590796	0.0228980259552	-0.0295986592402	0.0387410713294	-0.0358875897498	-0.0502385732218	0.00452886514326	0.0390590184018	-0.0294494797846	0.0247364699725	0.0326232332655	1.0	-0.0664433049771	0.0214013451525	-0.0897996903136	-0.031351077523	-0.0794197979079	0.0445906543279	0.024921401509	0.0234164439271	0.0594226755176	-0.0155356092146	0.106758255643	0.0152129431924	-0.0933042921334	-0.00243090895365	-0.00779078166849	-0.0828218023921	-0.0954368979796	0.01709875568	-0.055501749231	0.052313624849	0.0526680619806	-0.0504779931778	0.0687679942568	0.0337976120151	0.0101259212848	0.0231052305028	-0.0356144413322	0.0767091208144	0.0112529301857
