#taxonomy	k__Bacteria;p__Bacteroidetes;c__Bacteroidia;o__Bacteroidales;f__Bacteroidaceae;g__Bacteroides;s__Bacteroides_vulgatus	k__Bacteria;p__Bacteroidetes;c__Bacteroidia;o__Bacteroidales;f__Bacteroidaceae;g__Bacteroides;s__Bacteroides_uniformis	k__Bacteria;p__Bacteroidetes;c__Bacteroidia;o__Bacteroidales;f__Rikenellaceae;g__Alistipes;s__Alistipes_putredinis	k__Bacteria;p__Bacteroidetes;c__Bacteroidia;o__Bacteroidales;f__Prevotellaceae;g__Prevotella;s__Prevotella_copri	k__Bacteria;p__Bacteroidetes;c__Bacteroidia;o__Bacteroidales;f__Bacteroidaceae;g__Bacteroides;s__Bacteroides_stercoris	k__Bacteria;p__Bacteroidetes;c__Bacteroidia;o__Bacteroidales;f__Bacteroidaceae;g__Bacteroides;s__Bacteroides_ovatus	k__Bacteria;p__Bacteroidetes;c__Bacteroidia;o__Bacteroidales;f__Rikenellaceae;g__Alistipes;s__Alistipes_shahii	k__Bacteria;p__Firmicutes;c__Clostridia;o__Clostridiales;f__Ruminococcaceae;g__Faecalibacterium;s__Faecalibacterium_prausnitzii	k__Bacteria;p__Bacteroidetes;c__Bacteroidia;o__Bacteroidales;f__Rikenellaceae;g__Alistipes;s__Alistipes_finegoldii	k__Bacteria;p__Bacteroidetes;c__Bacteroidia;o__Bacteroidales;f__Porphyromonadaceae;g__Parabacteroides;s__Parabacteroides_distasonis	k__Bacteria;p__Bacteroidetes;c__Bacteroidia;o__Bacteroidales;f__Bacteroidaceae;g__Bacteroides;s__Bacteroides_thetaiotaomicron	k__Bacteria;p__Bacteroidetes;c__Bacteroidia;o__Bacteroidales;f__Bacteroidaceae;g__Bacteroides;s__Bacteroides_coprocola	k__Bacteria;p__Bacteroidetes;c__Bacteroidia;o__Bacteroidales;f__Bacteroidaceae;g__Bacteroides;s__Bacteroides_cellulosilyticus	k__Bacteria;p__Bacteroidetes;c__Bacteroidia;o__Bacteroidales;f__Rikenellaceae;g__Alistipes;s__Alistipes_obesi	k__Bacteria;p__Firmicutes;c__Clostridia;o__Clostridiales;f__Lachnospiraceae;g__;s__[Eubacterium]_rectale	k__Bacteria;p__Bacteroidetes;c__Bacteroidia;o__Bacteroidales;f__Bacteroidaceae;g__Bacteroides;s__Bacteroides_plebeius	k__Bacteria;p__Bacteroidetes;c__Bacteroidia;o__Bacteroidales;f__Bacteroidaceae;g__Bacteroides;s__Bacteroides_fragilis	k__Bacteria;p__Proteobacteria;c__Betaproteobacteria;o__Burkholderiales;f__Sutterellaceae;g__Sutterella;s__Sutterella_wadsworthensis	k__Bacteria;p__Bacteroidetes;c__Bacteroidia;o__Bacteroidales;f__Porphyromonadaceae;g__Barnesiella;s__Barnesiella_intestinihominis	k__Bacteria;p__Bacteroidetes;c__Bacteroidia;o__Bacteroidales;f__Odoribacteraceae;g__Odoribacter;s__Odoribacter_splanchnicus	k__Bacteria;p__Bacteroidetes;c__Bacteroidia;o__Bacteroidales;f__Bacteroidaceae;g__Bacteroides;s__Bacteroides_salyersiae	k__Bacteria;p__Firmicutes;c__Clostridia;o__Clostridiales;f__Ruminococcaceae;g__Ruminiclostridium;s__[Eubacterium]_siraeum	k__Bacteria;p__Proteobacteria;c__Betaproteobacteria;o__Burkholderiales;f__Sutterellaceae;g__Parasutterella;s__Parasutterella_excrementihominis	k__Bacteria;p__Actinobacteria;c__Actinobacteria;o__Bifidobacteriales;f__Bifidobacteriaceae;g__Bifidobacterium;s__Bifidobacterium_adolescentis	k__Bacteria;p__Firmicutes;c__Clostridia;o__Clostridiales;f__Oscillospiraceae;g__Oscillibacter;s__Oscillibacter_sp._KLE_1745	k__Bacteria;p__Bacteroidetes;c__Bacteroidia;o__Bacteroidales;f__Bacteroidaceae;g__Bacteroides;s__Bacteroides_coprophilus	k__Bacteria;p__Firmicutes;c__Clostridia;o__Clostridiales;f__Lachnospiraceae;g__Roseburia;s__Roseburia_intestinalis	k__Bacteria;p__Firmicutes;c__Clostridia;o__Clostridiales;f__Lachnospiraceae;g__Roseburia;s__Roseburia_hominis	k__Bacteria;p__Bacteroidetes;c__Bacteroidia;o__Bacteroidales;f__Porphyromonadaceae;g__Parabacteroides;s__Parabacteroides_johnsonii	k__Bacteria;p__Actinobacteria;c__Actinobacteria;o__Bifidobacteriales;f__Bifidobacteriaceae;g__Bifidobacterium;s__Bifidobacterium_longum	k__Bacteria;p__Firmicutes;c__Clostridia;o__Clostridiales;f__;g__Flavonifractor;s__Flavonifractor_plautii	k__Bacteria;p__Firmicutes;c__Clostridia;o__Clostridiales;f__Clostridiaceae;g__Clostridium;s__Clostridium_phoceensis	k__Bacteria;p__Verrucomicrobia;c__Verrucomicrobiae;o__Verrucomicrobiales;f__Akkermansiaceae;g__Akkermansia;s__Akkermansia_muciniphila	k__Bacteria;p__Bacteroidetes;c__Bacteroidia;o__Bacteroidales;f__Prevotellaceae;g__Paraprevotella;s__Paraprevotella_xylaniphila	k__Bacteria;p__Firmicutes;c__Clostridia;o__Clostridiales;f__Ruminococcaceae;g__Ruminococcus;s__Ruminococcus_callidus	k__Bacteria;p__Bacteroidetes;c__Bacteroidia;o__Bacteroidales;f__Rikenellaceae;g__Alistipes;s__Alistipes_senegalensis	k__Bacteria;p__Firmicutes;c__Clostridia;o__Clostridiales;f__Lachnospiraceae;g__Blautia;s__Blautia_sp._KLE_1732	k__Bacteria;p__Bacteroidetes;c__Bacteroidia;o__Bacteroidales;f__Bacteroidaceae;g__Bacteroides;s__Bacteroides_oleiciplenus	k__Bacteria;p__Firmicutes;c__Clostridia;o__Clostridiales;f__Ruminococcaceae;g__Ruminococcus;s__Ruminococcus_bicirculans	k__Bacteria;p__Bacteroidetes;c__Bacteroidia;o__Bacteroidales;f__Bacteroidaceae;g__Bacteroides;s__Bacteroides_fluxus	k__Bacteria;p__Bacteroidetes;c__Bacteroidia;o__Bacteroidales;f__Prevotellaceae;g__Prevotella;s__Prevotella_stercorea	k__Bacteria;p__Firmicutes;c__Clostridia;o__Clostridiales;f__Lachnospiraceae;g__Dorea;s__Dorea_longicatena	k__Bacteria;p__Firmicutes;c__Clostridia;o__Clostridiales;f__Eubacteriaceae;g__Eubacterium;s__[Eubacterium]_eligens	k__Bacteria;p__Firmicutes;c__Clostridia;o__Clostridiales;f__Ruminococcaceae;g__;s__Ruminococcaceae_bacterium_D16	k__Bacteria;p__Firmicutes;c__Clostridia;o__Clostridiales;f__Lachnospiraceae;g__Coprococcus;s__Coprococcus_comes	k__Bacteria;p__Proteobacteria;c__Gammaproteobacteria;o__Enterobacterales;f__Enterobacteriaceae;g__Escherichia;s__Escherichia_coli	k__Bacteria;p__Firmicutes;c__Clostridia;o__Clostridiales;f__Ruminococcaceae;g__Anaerotruncus;s__Anaerotruncus_colihominis	k__Bacteria;p__Firmicutes;c__Clostridia;o__Clostridiales;f__Lachnospiraceae;g__Blautia;s__Blautia_obeum	k__Bacteria;p__Bacteroidetes;c__Bacteroidia;o__Bacteroidales;f__Odoribacteraceae;g__Odoribacter;s__Odoribacter_laneus	k__Bacteria;p__Firmicutes;c__Clostridia;o__Clostridiales;f__Ruminococcaceae;g__Ruminiclostridium;s__[Clostridium]_leptum	k__Bacteria;p__Bacteroidetes;c__Bacteroidia;o__Bacteroidales;f__Porphyromonadaceae;g__Parabacteroides;s__Parabacteroides_goldsteinii	k__Bacteria;p__Firmicutes;c__Clostridia;o__Clostridiales;f__Lachnospiraceae;g__Anaerostipes;s__Anaerostipes_hadrus	k__Bacteria;p__Firmicutes;c__Clostridia;o__Clostridiales;f__Ruminococcaceae;g__Ruminococcus;s__Ruminococcus_lactaris	k__Bacteria;p__Firmicutes;c__Clostridia;o__Clostridiales;f__Clostridiaceae;g__Clostridium;s__Clostridium_sp._L2-50	k__Bacteria;p__Firmicutes;c__Clostridia;o__Clostridiales;f__Clostridiaceae;g__Clostridium;s__Clostridium_sp._M62/1	k__Bacteria;p__Firmicutes;c__Clostridia;o__Clostridiales;f__;g__Intestinimonas;s__Intestinimonas_butyriciproducens	k__Bacteria;p__Actinobacteria;c__Actinobacteria;o__Bifidobacteriales;f__Bifidobacteriaceae;g__Bifidobacterium;s__Bifidobacterium_bifidum	k__Bacteria;p__Firmicutes;c__Negativicutes;o__Veillonellales;f__Veillonellaceae;g__Dialister;s__Dialister_invisus	k__Bacteria;p__Bacteroidetes;c__Bacteroidia;o__Bacteroidales;f__Bacteroidaceae;g__Bacteroides;s__Bacteroides_salanitronis
k__Bacteria;p__Bacteroidetes;c__Bacteroidia;o__Bacteroidales;f__Bacteroidaceae;g__Bacteroides;s__Bacteroides_vulgatus	1.0	-0.0549884284897	-0.014520752724	0.0622476438842	-0.0563078578664	-0.0054138032171	0.0399775349338	-0.0440028434868	-0.0413026306295	0.0111901626013	-0.0209517388985	-0.0813428965053	0.0363761567135	0.00703150230763	0.00204482230708	0.0119517921237	0.02037390289	0.0328822395495	-0.0431800063404	-0.0813107832132	0.0471663941846	0.0212921357632	-0.0457297484033	0.00103790729161	0.00484996666876	-0.00210266949416	-0.0649837970759	0.0027335402812	0.0355293094906	0.00452796144867	0.115718436742	-0.113440284549	-0.0331660214311	-0.011366302285	-0.040388120926	-0.0447208334091	-0.0316723699742	-0.0482987518225	0.021734097185	-0.0121838145348	0.0742943491106	-0.0141183801923	0.0404090646309	-0.0285819252897	0.0275249165493	0.0238154908515	-0.0100925489461	-0.0105464363233	0.0885253136544	0.00386046473196	-0.0240318151126	0.0838505085676	0.0235255386705	-0.0440197618306	-0.0730247595945	0.0855511369151	-0.00122916619044	-0.00596792597475	0.0254899338356
k__Bacteria;p__Bacteroidetes;c__Bacteroidia;o__Bacteroidales;f__Bacteroidaceae;g__Bacteroides;s__Bacteroides_uniformis	-0.0549884284897	1.0	-0.0078420781881	-0.0378233661001	0.0173271810912	-0.00759591114217	-0.03325462835	-0.0192322126929	0.00836436952268	-0.0531004834138	-0.00553868082097	-0.0604417183281	-0.0338852148066	-0.00925293891017	-0.0320314503093	0.0597617181224	-0.0179446517346	0.040801557678	0.028007096501	0.112174149041	0.056476952051	0.0131254311497	0.0183146011078	-0.00723455890257	-0.0159084218969	-0.0535529382267	0.00616168962623	-0.0489368484045	-0.0149658484331	-0.0500391519762	0.0188469632545	-0.011184328441	-0.0427335879688	0.0172986660963	0.0226873872725	0.00920145767705	-0.022262569918	-0.0110527183513	-0.0680182894649	-0.0778782934388	0.0175423209727	-0.0251318255146	0.0355606883618	-0.0281419196651	0.0431975368224	0.0269745243019	0.0644641397763	0.0201369340986	0.00507178188356	0.0172487752716	-0.0243420670056	-0.0542157482398	-0.0769121947115	-0.0290044792183	-0.0408933096571	-0.0364979597719	0.108646914531	-0.0683146391919	-0.0552635841497
k__Bacteria;p__Bacteroidetes;c__Bacteroidia;o__Bacteroidales;f__Rikenellaceae;g__Alistipes;s__Alistipes_putredinis	-0.014520752724	-0.0078420781881	1.0	-0.0296341231437	0.00517825682992	-0.0507191455036	-0.0372006265013	-0.00736041563205	0.0537426509802	0.0341617194106	-0.0740301143457	-0.0300849999625	-0.0316710398318	-0.00454979576997	0.0344804838567	-0.0170014147251	0.0141428419207	0.0277368600889	-0.0214083575083	0.0135938862011	0.0149324895803	-0.0193915874322	0.0405343356537	0.0260272154332	0.00860853733532	0.0414165001503	0.0198840801512	-0.000224532019959	0.0429557386724	0.0903894365644	-0.0424167962627	0.00222005296266	0.011821119648	-0.0457155653884	-0.0789472215751	-0.0324010491749	-0.0540081151466	0.00845338874406	0.0278416436311	-0.0406720258094	-0.0674186489878	-0.00272301845749	0.0017657670602	0.00341337398302	-0.114134912318	-0.0557140561631	-0.0846820563084	0.0437553980292	-0.0240375280284	0.0428153035171	-0.0319406978188	0.0235749809674	-0.0119641574454	-0.0633599267208	0.0289873169252	0.0684301017763	-0.00316383671457	-0.013293146541	-0.0768686200865
k__Bacteria;p__Bacteroidetes;c__Bacteroidia;o__Bacteroidales;f__Prevotellaceae;g__Prevotella;s__Prevotella_copri	0.0622476438842	-0.0378233661001	-0.0296341231437	1.0	-0.0618100098945	0.0277823459968	-0.074851787674	-0.0481851261378	0.0304812544647	-0.0562609043927	0.0260691251739	-0.000720932236698	0.0307149912508	-0.109917675353	-0.0178949250184	0.0590007218502	-0.0745632261074	-0.0309699271832	-0.0539196695677	0.016482285359	0.00844700157798	0.036168109207	0.0240417777626	-0.0188201471699	0.00641344175665	-0.0137723659424	-0.0575227702428	0.0532909100305	-0.0268873108456	0.0316763407247	-0.0886353048095	-0.062762835179	0.0183474520379	0.0409498743979	0.0391614285599	0.0242340043076	-0.00745268617023	0.035952624123	0.0204397017223	0.0209120163495	-0.0672791476099	-0.00908529730321	-0.133110505784	0.0427768032099	-0.0373099194107	-0.0220124374771	-0.0112240510624	-0.0202688591178	0.0090836846202	0.0346147282096	0.0644353774775	0.0110295523611	-0.0320182395543	0.0206086604782	-0.121852573701	-0.045257259121	-0.101329218117	0.00129636716027	-0.0487190253867
k__Bacteria;p__Bacteroidetes;c__Bacteroidia;o__Bacteroidales;f__Bacteroidaceae;g__Bacteroides;s__Bacteroides_stercoris	-0.0563078578664	0.0173271810912	0.00517825682992	-0.0618100098945	1.0	-0.0241255915091	0.0257269497227	0.0545752430883	0.0285643702827	0.0184065407639	0.00469041446229	0.053817140017	-0.0124282212666	0.0119373912446	0.0101407272234	0.031318342719	0.0420205093678	-0.0302449950113	-0.0343591567074	-0.018682068609	-0.0504980482662	-0.0218376548691	0.0834527487403	-0.0219770595626	-0.0258936329405	-0.025872341743	-0.0294373723908	-0.0465418255709	0.0154748455772	0.0554760679655	-0.0251955008391	-0.0452559690487	-0.0708210853972	0.0174607667479	-0.0520281545469	-0.022887488517	-0.0844215329022	-0.00745749628839	0.0468841908064	0.0930617189884	0.0102164183683	0.00287975233087	0.0720737910345	-0.0254643948692	-0.00555346338948	-0.0200437204325	0.0395951144219	-0.0650437317423	-0.0368577250951	-0.0493608727101	0.0183895256869	0.00798240560778	0.0193715607738	-0.0490214939391	-0.0402100648646	0.00251638402494	-0.0104435508047	-0.00579039325993	0.000732115621499
k__Bacteria;p__Bacteroidetes;c__Bacteroidia;o__Bacteroidales;f__Bacteroidaceae;g__Bacteroides;s__Bacteroides_ovatus	-0.0054138032171	-0.00759591114217	-0.0507191455036	0.0277823459968	-0.0241255915091	1.0	-0.0178015773823	0.0543717238537	-0.030018652782	0.0190726563794	-0.0505312581469	-0.0300609766884	-0.0407153698357	-0.0688013564886	0.0210873376103	-0.00028087078344	0.028894860621	-0.0344517731488	0.00462314777071	-0.100240471877	-0.0332181774395	-0.0550028907209	0.0367041385402	-0.0207858271387	-0.0411885984158	-0.0120157354017	-0.0447629491623	-0.0141443466351	-0.0391725395832	-0.0264261481743	0.0273026225132	0.00860831007239	-0.0187663767403	-0.00667281568972	-0.0291548648755	-0.0600953117782	-0.0358521068511	0.0256331551554	0.0186963126346	-0.0201106341571	-0.0264628048603	-0.0461036862124	-0.0885062338254	-0.0476384196472	0.0151722271351	-0.0147868208609	-0.0822967672497	-0.0273164226879	-0.0526995403771	-0.0541569482655	0.0278873841969	-0.0370936531745	0.0145212745584	0.0157674379284	-0.0657877115474	0.00238716219726	-0.013124907083	0.0236469967281	0.0496137826545
k__Bacteria;p__Bacteroidetes;c__Bacteroidia;o__Bacteroidales;f__Rikenellaceae;g__Alistipes;s__Alistipes_shahii	0.0399775349338	-0.03325462835	-0.0372006265013	-0.074851787674	0.0257269497227	-0.0178015773823	1.0	0.0202559963653	0.0543805698342	-0.0437554833253	-0.0456333717971	-0.0515078587539	0.0166128262089	0.0336140949774	-0.0115586545726	0.0020680842391	-0.0234024564904	-0.0709651392904	0.0506870981203	0.0147796719093	-0.0140902852792	0.0114855408187	-0.0290045598225	-0.0330805184378	-0.0481872987768	-0.0624113367609	-0.0091968959344	-0.0250509998593	-0.0190298169857	0.0197043746685	0.0270909864568	0.00180268776728	-0.0738149135522	-0.0521219544203	-0.0374538022729	-0.0412176972397	-0.0796399934524	-0.0760240759643	0.0175137075807	0.00517481136078	0.0770476468789	-0.0581581492198	0.113602962055	0.0313701341996	0.0103667337609	-0.0514956063252	-0.00926426618468	-0.0392954846574	-0.0187287313875	0.0419488010181	0.0265301497837	-0.0259016117588	-0.0577265582042	-0.0154392927538	0.0467265268905	0.0566563056463	-0.032211857204	-0.0415302325853	-0.0668615048116
k__Bacteria;p__Firmicutes;c__Clostridia;o__Clostridiales;f__Ruminococcaceae;g__Faecalibacterium;s__Faecalibacterium_prausnitzii	-0.0440028434868	-0.0192322126929	-0.00736041563205	-0.0481851261378	0.0545752430883	0.0543717238537	0.0202559963653	1.0	0.0496610338343	-0.0137483290304	-0.0312188713728	0.0424122075535	0.0342554839977	-0.0319154843587	0.0110888630032	-0.0293785955346	0.0252661857172	-0.0707454141595	-0.0508347019467	-0.0136320338972	0.0266460125023	-0.0151461201544	-0.0151251107529	-0.0641394738491	0.0717997992153	-0.0795534378196	0.0517224941553	-0.0533395463195	-0.00138928498539	-0.0591646588616	-0.0548685578661	-0.0134318554149	-0.0778327796862	0.00026214522853	-0.0666835889049	-0.0455561470667	-0.00943001822548	-0.00506773898436	-0.0194184417374	0.0630864336255	0.00483578144677	0.0029345916859	-0.0127628689422	-0.0119153167276	-0.0156241517672	0.0653968228183	0.0090440312208	-0.0867166329025	0.0165581961725	0.0119395951509	-0.0569220878565	-0.00369199330387	-0.0606030984937	0.00921241750419	0.0599506024103	-0.0372449368048	-0.0250833001705	0.032143894131	-0.0428995527542
k__Bacteria;p__Bacteroidetes;c__Bacteroidia;o__Bacteroidales;f__Rikenellaceae;g__Alistipes;s__Alistipes_finegoldii	-0.0413026306295	0.00836436952268	0.0537426509802	0.0304812544647	0.0285643702827	-0.030018652782	0.0543805698342	0.0496610338343	1.0	-0.0150826534384	-0.0545926869436	-0.05425328366	0.0774159284908	-0.0669713689413	-0.0363616225101	0.00911874873396	0.0358857620353	-0.00516053499185	0.013259595568	-0.00322005223409	0.0049378791244	0.0054910250356	0.00240062392577	-0.00996814242548	0.0414575654641	-0.0602030117824	-0.0181905191517	-0.0874595847199	0.00710697873107	-0.0449735171216	-0.101927730364	-0.0142460797335	-0.0733552990438	0.0423474084106	0.0635813681525	-0.103518940538	-0.0431122911978	-0.0181406762254	-0.0539991210577	0.0945303452099	0.014436358316	-0.023247293585	0.0536991750038	0.0387784961053	-0.032479723047	-0.0202310472317	-0.0486533102444	-0.0117222240276	-0.0119773191356	0.122315913561	-0.0244885806291	-0.0236212369494	-0.0182253800529	-0.013864626196	-0.0320645678301	-0.0123864433355	0.0255110850293	0.00812152482097	-0.0553510097732
k__Bacteria;p__Bacteroidetes;c__Bacteroidia;o__Bacteroidales;f__Porphyromonadaceae;g__Parabacteroides;s__Parabacteroides_distasonis	0.0111901626013	-0.0531004834138	0.0341617194106	-0.0562609043927	0.0184065407639	0.0190726563794	-0.0437554833253	-0.0137483290304	-0.0150826534384	1.0	-0.056563118292	-0.0421192555629	-0.0465140335373	0.031360721489	-0.0359378307567	0.0344099126441	0.0431869707171	-0.0770035013412	0.11733706136	-0.0390924702615	-0.013543150544	-0.0269035710773	-0.0441712118521	-0.0459099619987	0.0727654771343	-0.0073265073195	-0.052989069282	-0.00900890751527	-0.0138129965697	-0.0735066254074	-0.038621164671	0.0280581016113	0.0222107165274	-0.106400785994	0.0532130260957	-0.0908468964475	0.00515432811358	0.0162942193975	0.0512370101833	-0.0601054355327	-0.00123523035809	0.0149714960144	-0.0351904646335	0.00275585303244	-0.0209886489551	0.0301803769838	-0.0224520974339	-0.00777257283658	-0.0126726621842	0.00922654744991	0.0401985544488	0.0498346100629	-0.153664793735	0.0630263085845	-0.0404039614648	-0.000291299645115	0.0137822166533	-0.0126177107623	-0.0226749039272
k__Bacteria;p__Bacteroidetes;c__Bacteroidia;o__Bacteroidales;f__Bacteroidaceae;g__Bacteroides;s__Bacteroides_thetaiotaomicron	-0.0209517388985	-0.00553868082097	-0.0740301143457	0.0260691251739	0.00469041446229	-0.0505312581469	-0.0456333717971	-0.0312188713728	-0.0545926869436	-0.056563118292	1.0	-0.025543884969	-0.0305537225311	-0.0087663301473	0.0445261285829	-0.0447150570731	-0.0337367161422	0.0504358425084	0.0208611723471	-0.0273598819062	0.0219371752175	0.0123307353682	0.0554939993712	-0.0668211178304	-0.0779068130434	-0.0421283769603	0.0184379473919	-0.0104516869826	-0.0113372126117	-0.0494603904506	-0.0373730678812	0.0525671043921	0.0234488153402	-0.00879882538636	-0.110886119266	0.00974983710251	0.0378043861471	-0.0216680583516	0.00592959722726	-0.0683794426158	-0.0499849096274	-0.0123816918226	-0.0542588136339	-0.0801272805983	-0.0290975546958	-0.0462247257802	-0.00869426905637	0.0659701988063	-0.0399601125934	-0.0768846768275	-0.0375413169284	0.00303771255294	-0.0392320695579	0.062046690481	-0.020495710849	-0.0286323234854	-0.0334468677253	0.0111511671959	0.0172024160572
k__Bacteria;p__Bacteroidetes;c__Bacteroidia;o__Bacteroidales;f__Bacteroidaceae;g__Bacteroides;s__Bacteroides_coprocola	-0.0813428965053	-0.0604417183281	-0.0300849999625	-0.000720932236698	0.053817140017	-0.0300609766884	-0.0515078587539	0.0424122075535	-0.05425328366	-0.0421192555629	-0.025543884969	1.0	0.058102846572	-0.0447543318754	-0.051909418636	-0.0209056493973	-0.0118942550757	-0.0441273534644	-0.0395209950146	0.00690738185291	-0.0585624423863	-0.0293563407459	-0.0348913918371	-0.0220810744558	-0.019693575856	0.0241884314352	0.0734941577057	-0.0250433562546	0.00393476147356	-0.0791388896458	-0.0528602667662	-0.057977022221	0.0119806222495	-0.0120188609572	0.0262256286277	0.0109999452299	0.0407057687278	-0.0581567677512	-0.0554682135215	0.000561382658786	-0.0676634977422	0.028479749863	0.0267653515694	-0.0414036433914	-0.00142589732862	0.0011250413449	-0.0877012819498	0.0696055584356	0.000386778741539	0.0766621143467	-0.0491860868238	-0.0200871597515	-0.0200821611554	-0.0644065965336	0.0116344875282	-0.0548301508131	-0.0337038156562	0.0324994408152	-0.0314844824726
k__Bacteria;p__Bacteroidetes;c__Bacteroidia;o__Bacteroidales;f__Bacteroidaceae;g__Bacteroides;s__Bacteroides_cellulosilyticus	0.0363761567135	-0.0338852148066	-0.0316710398318	0.0307149912508	-0.0124282212666	-0.0407153698357	0.0166128262089	0.0342554839977	0.0774159284908	-0.0465140335373	-0.0305537225311	0.058102846572	1.0	-0.00897071526998	-0.131491363393	0.00146241753462	0.0189476953577	-0.032780044337	0.0239856875068	-0.0044730218028	0.00585530209842	-0.0236970301394	-0.119690306716	0.0082770991178	-0.0378993504635	-0.0865314360198	-0.0568222883024	0.00882213560703	-0.00450589669865	-0.00944823061175	0.0183950027357	-0.00921476305022	-0.048789026795	0.00462057452641	0.0506708964608	0.0460779069242	0.0199510774501	0.0732598772069	-0.0588664804031	-0.0236447141689	-0.0201389969262	-0.0268764850001	-0.114065674887	-0.0518168933806	-0.00446590813153	0.00855989386008	-0.0152033327852	-0.0637224518036	0.0942243196243	0.0250359157388	-0.021166811263	0.0480819128901	0.0704747226308	0.00164644518922	0.0518870594605	0.0208386189431	-0.0788883137327	-0.053661781086	0.00835835781702
k__Bacteria;p__Bacteroidetes;c__Bacteroidia;o__Bacteroidales;f__Rikenellaceae;g__Alistipes;s__Alistipes_obesi	0.00703150230763	-0.00925293891017	-0.00454979576997	-0.109917675353	0.0119373912446	-0.0688013564886	0.0336140949774	-0.0319154843587	-0.0669713689413	0.031360721489	-0.0087663301473	-0.0447543318754	-0.00897071526998	1.0	0.0167192094597	0.00121638231779	0.030518572238	-0.0592750391058	-0.0675858020067	0.0136280290495	-0.118376062093	-0.0585468754489	0.0104079157681	0.00262602018656	-0.0566645145823	0.0654015628869	-0.0186874788894	0.00669061420456	-0.0256020548312	-0.010829379289	-0.000616481352904	0.0904450015383	0.0355512289526	-0.0372855540047	0.0211646775397	0.0410245384501	-0.0375864750233	0.0665111602526	0.0150995176253	-0.0164667661153	0.0747210609807	-0.00319046169076	0.0490333504056	0.0250616177398	-0.0315669667107	0.00659945344774	-0.0490067664956	-0.0470524154255	-0.0376615658445	-0.057961703183	-0.0945009258482	0.00634984466972	0.0501860588383	-0.058840366869	-0.0535079991724	-0.0561362289391	-0.0910681470671	-0.0158287727578	0.0288627640089
k__Bacteria;p__Firmicutes;c__Clostridia;o__Clostridiales;f__Lachnospiraceae;g__;s__[Eubacterium]_rectale	0.00204482230708	-0.0320314503093	0.0344804838567	-0.0178949250184	0.0101407272234	0.0210873376103	-0.0115586545726	0.0110888630032	-0.0363616225101	-0.0359378307567	0.0445261285829	-0.051909418636	-0.131491363393	0.0167192094597	1.0	-0.0845358535566	-0.00531821168115	-0.00235554534432	-0.00383966409836	-0.0395882468978	-0.0234753483062	-0.0305701892416	0.103248335346	0.0288417837839	0.014434770527	-0.0109524988656	-0.00422203641853	-0.000155150486336	0.0942633776307	-0.0212703071741	-0.00480598421544	-0.0743540312035	-0.0341268474189	-0.100584954514	-0.0392317698968	-0.0121073915661	0.0111382197047	-0.0550845109806	0.0618942514832	0.0577608379287	0.00555855359519	-0.0740136487717	0.00186432183307	0.0428853348458	0.0248905785373	0.0130873019274	0.0601645469568	0.0304633474394	-0.0626581438674	-0.031050047471	0.00442287311899	-0.0282729019844	-0.0380779994133	-0.0343959046524	-0.032327392029	-0.027985677384	0.0259042701804	-0.0305304828557	-0.078265548305
k__Bacteria;p__Bacteroidetes;c__Bacteroidia;o__Bacteroidales;f__Bacteroidaceae;g__Bacteroides;s__Bacteroides_plebeius	0.0119517921237	0.0597617181224	-0.0170014147251	0.0590007218502	0.031318342719	-0.00028087078344	0.0020680842391	-0.0293785955346	0.00911874873396	0.0344099126441	-0.0447150570731	-0.0209056493973	0.00146241753462	0.00121638231779	-0.0845358535566	1.0	0.0326372857557	0.0407191122069	0.0236863849469	-0.00174641178214	0.0889264158887	0.0145826727378	-0.0405897492442	0.0528175836705	0.0119676488496	-0.0116818603042	-0.0271749479264	0.00216883830036	0.0259473605169	0.0437353273831	-0.0893571912548	-0.00834011571615	-0.0502336257821	-0.0376539397383	-0.0301892676961	-0.0905081531416	0.0865872919654	-0.0289409598208	-0.0978957580598	0.080982112958	0.00349437698321	-0.0553405578068	-0.0559457636678	-0.0766707891808	0.00838486501747	-0.0611106676699	-0.052971193279	-0.0933279564479	0.0172407295376	-0.0355596197432	-0.0554397666053	-0.0189218385453	-0.0232350536832	-0.0597133235697	-0.0379321203114	-0.00920214889041	-0.0717336897904	-0.0926491802695	-0.00784926160628
k__Bacteria;p__Bacteroidetes;c__Bacteroidia;o__Bacteroidales;f__Bacteroidaceae;g__Bacteroides;s__Bacteroides_fragilis	0.02037390289	-0.0179446517346	0.0141428419207	-0.0745632261074	0.0420205093678	0.028894860621	-0.0234024564904	0.0252661857172	0.0358857620353	0.0431869707171	-0.0337367161422	-0.0118942550757	0.0189476953577	0.030518572238	-0.00531821168115	0.0326372857557	1.0	0.0893651445082	0.0278106579516	-0.034230489195	-0.0227607756053	-0.0386865741897	-0.045373312042	-0.00438547258571	0.0089490929723	-0.00700690711411	0.0170233053765	-0.0597306105315	0.0556096318187	-0.0605411057752	-0.0630841284661	-0.0839420912928	-0.0113380661864	0.0606207000071	-0.014925532754	-0.0259955645639	-0.0763496901183	0.00743769202354	-0.0474684197075	0.0254021325889	-0.00238134472691	0.0180309943947	-0.00577763829929	0.0252937983606	-0.0732802780487	-0.0244381941846	0.0100128234054	0.00900438970943	-0.0990701416142	-0.041565420637	-0.00964104371203	0.0349750881714	0.0298711458456	-0.00965749260354	-0.0738881315401	0.00644562862812	0.0256678465436	-0.0620580069647	0.0218865903587
k__Bacteria;p__Proteobacteria;c__Betaproteobacteria;o__Burkholderiales;f__Sutterellaceae;g__Sutterella;s__Sutterella_wadsworthensis	0.0328822395495	0.040801557678	0.0277368600889	-0.0309699271832	-0.0302449950113	-0.0344517731488	-0.0709651392904	-0.0707454141595	-0.00516053499185	-0.0770035013412	0.0504358425084	-0.0441273534644	-0.032780044337	-0.0592750391058	-0.00235554534432	0.0407191122069	0.0893651445082	1.0	0.0346783078501	0.0154710935122	0.0211928399723	-0.000303752336767	-0.0321963697928	-0.0388789578045	0.0113155500088	-0.0316811887193	0.0142709741351	0.0753374433926	0.0625755281308	-0.0173081119746	0.0239536329793	-0.0597096863657	-0.00166559269024	0.039572969919	-0.0459934371612	-0.000285115405648	-0.0286619888038	0.00368586149756	0.00298566643258	0.0520537541713	0.00107988574087	-0.10326560744	0.0073736633378	-0.00505849081906	-0.0217196037767	-0.0311987984895	-0.0108299965418	0.0781778074684	0.0851884715352	0.00780815275203	-0.0871522290732	-0.0226780119132	-0.00761349647271	0.0320846486471	0.00394808621	-0.0541926285179	-0.00210894884808	-0.0440753062702	0.0251435080047
k__Bacteria;p__Bacteroidetes;c__Bacteroidia;o__Bacteroidales;f__Porphyromonadaceae;g__Barnesiella;s__Barnesiella_intestinihominis	-0.0431800063404	0.028007096501	-0.0214083575083	-0.0539196695677	-0.0343591567074	0.00462314777071	0.0506870981203	-0.0508347019467	0.013259595568	0.11733706136	0.0208611723471	-0.0395209950146	0.0239856875068	-0.0675858020067	-0.00383966409836	0.0236863849469	0.0278106579516	0.0346783078501	1.0	0.0625814580795	0.0062805330067	-0.00137017047921	-0.0807631825555	-0.0355130910998	-0.0508564212394	0.0298364241832	-0.0426274275376	0.048273272239	0.023778737855	-0.0626991667761	-0.0851369582565	-0.0295685476409	0.000802338004069	-0.0501001310226	0.00321643450815	-0.0146002835015	-0.0264442391583	-0.0112908109715	0.00686915101386	-0.0774460148288	0.0474059956393	-0.00789115445149	0.0217150493448	-0.0230620384475	-0.0510666007098	-0.00928161252796	-0.0512537862999	-0.0712453806563	-0.0563917130677	0.0247495271057	-0.0248132193786	-0.0305088369986	-0.0223176662718	-0.0239151149283	0.0436400272611	-0.0675318158684	-0.00621858510235	-0.041730027773	-0.0253092357006
k__Bacteria;p__Bacteroidetes;c__Bacteroidia;o__Bacteroidales;f__Odoribacteraceae;g__Odoribacter;s__Odoribacter_splanchnicus	-0.0813107832132	0.112174149041	0.0135938862011	0.016482285359	-0.018682068609	-0.100240471877	0.0147796719093	-0.0136320338972	-0.00322005223409	-0.0390924702615	-0.0273598819062	0.00690738185291	-0.0044730218028	0.0136280290495	-0.0395882468978	-0.00174641178214	-0.034230489195	0.0154710935122	0.0625814580795	1.0	0.0393143361113	0.0204730244842	-0.0823252497758	0.0413787107586	-0.00568491207376	-0.000853725159462	-0.073141294081	-0.0512548562792	-0.0243516141356	-0.0236605313696	-0.0132461643446	-0.041254525676	0.000275987167203	-0.00987660620327	0.0132061450704	0.0681128147187	0.0176396981909	-0.0283957138625	-0.0279288265975	0.0215559123587	-0.0566130571306	-0.0071763858033	-0.108407093009	-0.0706993172744	-0.0584950538878	-0.0184378495514	-0.0202000185617	-0.039207616328	0.0576531971669	-0.0379886613862	-0.0994272037049	0.00791801527759	-0.0401206409621	-0.0253874785294	-0.01252977714	-0.0719693220667	0.0458754889155	-0.00581857237411	0.052586919397
k__Bacteria;p__Bacteroidetes;c__Bacteroidia;o__Bacteroidales;f__Bacteroidaceae;g__Bacteroides;s__Bacteroides_salyersiae	0.0471663941846	0.056476952051	0.0149324895803	0.00844700157798	-0.0504980482662	-0.0332181774395	-0.0140902852792	0.0266460125023	0.0049378791244	-0.013543150544	0.0219371752175	-0.0585624423863	0.00585530209842	-0.118376062093	-0.0234753483062	0.0889264158887	-0.0227607756053	0.0211928399723	0.0062805330067	0.0393143361113	1.0	0.0288238116495	0.0194079948758	-0.00089808421933	-0.0833261134991	-0.0196146253273	-0.00397508603775	-0.0388830713203	-0.0586735332377	-0.0426073100898	-0.0685209669511	-0.0479065557468	-0.0271083948307	-0.0303618469845	0.0150957122949	0.0112341824056	-0.0195651650798	-0.0180376168867	0.0135809812455	0.0237879741086	0.00289272068514	-0.057680148176	-0.0702245943821	-0.0371370452662	0.000816028195927	-0.0191837144337	-0.0260487779847	0.0121924511102	-0.06162259117	-0.0299449969474	-0.0123813427761	0.0429214540594	-0.0480618890224	-9.21567268264e-05	0.0312210518618	0.00106840880919	0.0467986741748	-0.0590606039737	-0.00299746841886
k__Bacteria;p__Firmicutes;c__Clostridia;o__Clostridiales;f__Ruminococcaceae;g__Ruminiclostridium;s__[Eubacterium]_siraeum	0.0212921357632	0.0131254311497	-0.0193915874322	0.036168109207	-0.0218376548691	-0.0550028907209	0.0114855408187	-0.0151461201544	0.0054910250356	-0.0269035710773	0.0123307353682	-0.0293563407459	-0.0236970301394	-0.0585468754489	-0.0305701892416	0.0145826727378	-0.0386865741897	-0.000303752336767	-0.00137017047921	0.0204730244842	0.0288238116495	1.0	-0.0348820565201	0.0363519983292	0.00760150874493	-0.0308332359252	0.029021462612	-0.00215376678967	0.00365766912203	-0.0160088825931	0.0412489212196	0.0244364957933	0.0189019580025	0.045656986325	0.0649051410425	-0.0530302055281	-0.126292648744	0.000321817720774	0.00272754142721	-0.00594510786164	0.044426561018	-0.0253434009013	0.0282273292995	0.0396543359423	0.0240131583096	0.00138297936238	-0.0341838751408	-0.041222476331	-0.065826317771	-0.0348743475646	0.0316592115114	-0.00275566251599	0.0353653484725	-0.00987476583198	-0.000951484222518	-0.0938897104249	-0.020803803456	-0.018281628649	-0.0174523860247
k__Bacteria;p__Proteobacteria;c__Betaproteobacteria;o__Burkholderiales;f__Sutterellaceae;g__Parasutterella;s__Parasutterella_excrementihominis	-0.0457297484033	0.0183146011078	0.0405343356537	0.0240417777626	0.0834527487403	0.0367041385402	-0.0290045598225	-0.0151251107529	0.00240062392577	-0.0441712118521	0.0554939993712	-0.0348913918371	-0.119690306716	0.0104079157681	0.103248335346	-0.0405897492442	-0.045373312042	-0.0321963697928	-0.0807631825555	-0.0823252497758	0.0194079948758	-0.0348820565201	1.0	0.0341896642289	0.0369157805202	-0.0510138933978	-0.013031167971	-0.13032360602	-0.0661571357571	-0.00577060361506	-0.0355350188559	0.0163381685242	0.0304826191167	0.0523925058249	-0.0132935496601	-0.0475654221116	-0.061819172734	0.0482870305727	-0.0242682866082	0.0342037535217	-0.0221881486684	0.0142413703206	-0.0819709594932	-0.024222196668	-0.000962775335966	0.00865501236303	-0.102201923908	0.00137240013994	0.0259357722632	-0.0508552745736	0.0198619053861	-0.0262145147455	0.0478754002701	-0.0890924808604	-0.0136569444176	0.00823409780503	-0.0389890375657	0.034204946935	-0.0117890133087
k__Bacteria;p__Actinobacteria;c__Actinobacteria;o__Bifidobacteriales;f__Bifidobacteriaceae;g__Bifidobacterium;s__Bifidobacterium_adolescentis	0.00103790729161	-0.00723455890257	0.0260272154332	-0.0188201471699	-0.0219770595626	-0.0207858271387	-0.0330805184378	-0.0641394738491	-0.00996814242548	-0.0459099619987	-0.0668211178304	-0.0220810744558	0.0082770991178	0.00262602018656	0.0288417837839	0.0528175836705	-0.00438547258571	-0.0388789578045	-0.0355130910998	0.0413787107586	-0.00089808421933	0.0363519983292	0.0341896642289	1.0	-0.0349864359297	0.0347486468807	-0.00262177358248	-0.0461481804635	0.0405308675275	0.0460759883475	-0.00910630339054	0.0458356810224	-0.00447790289298	-0.0238596053315	0.00443477146341	-0.0435608859741	0.0292362137732	0.00410012841995	0.00370917028936	-0.018114603213	-0.00762030962474	-0.0231286892447	-0.0472358860647	0.00017696051992	-0.0438336946672	-0.0635979045806	-0.000564047035727	0.0464377358909	-0.0572757474834	0.0329212173593	0.0267803525942	0.0442342926621	-0.109558092113	0.0209227175775	-0.0257539372358	0.0674810263275	0.00646641211772	-0.12033114617	-0.0296244720545
k__Bacteria;p__Firmicutes;c__Clostridia;o__Clostridiales;f__Oscillospiraceae;g__Oscillibacter;s__Oscillibacter_sp._KLE_1745	0.00484996666876	-0.0159084218969	0.00860853733532	0.00641344175665	-0.0258936329405	-0.0411885984158	-0.0481872987768	0.0717997992153	0.0414575654641	0.0727654771343	-0.0779068130434	-0.019693575856	-0.0378993504635	-0.0566645145823	0.014434770527	0.0119676488496	0.0089490929723	0.0113155500088	-0.0508564212394	-0.00568491207376	-0.0833261134991	0.00760150874493	0.0369157805202	-0.0349864359297	1.0	-0.0231334534053	-0.0586082148576	0.0131011127596	0.00139712160388	0.0123052263735	-0.0896177643949	-0.0570660886177	-0.0272602937367	-0.0583020041608	0.00988790184274	0.00681086686396	-0.0279647248615	-0.0104926338273	-0.0428051046553	-0.0550214672745	-0.026644084197	-0.0649669474501	0.0210820780634	-0.00621934021592	-0.0503232506008	-0.0155749743428	0.0211539897968	-0.0838281026717	0.0175123407347	0.0356552238842	-0.0394476351465	-0.0255217273803	0.0782659842188	-0.0415786734308	0.00776984143164	0.0136022414853	0.0015396850638	-0.00869341153143	0.0321805261208
k__Bacteria;p__Bacteroidetes;c__Bacteroidia;o__Bacteroidales;f__Bacteroidaceae;g__Bacteroides;s__Bacteroides_coprophilus	-0.00210266949416	-0.0535529382267	0.0414165001503	-0.0137723659424	-0.025872341743	-0.0120157354017	-0.0624113367609	-0.0795534378196	-0.0602030117824	-0.0073265073195	-0.0421283769603	0.0241884314352	-0.0865314360198	0.0654015628869	-0.0109524988656	-0.0116818603042	-0.00700690711411	-0.0316811887193	0.0298364241832	-0.000853725159462	-0.0196146253273	-0.0308332359252	-0.0510138933978	0.0347486468807	-0.0231334534053	1.0	-0.00615047751668	-0.00716094802979	0.0587340903261	-0.0473371627543	0.00270322430378	-0.0243019190427	0.0451603058012	0.0444242706875	-0.0500972099312	-0.000918182489288	0.0726129960983	0.0467846429533	-0.0245869873178	0.0591618670275	-0.0299361984004	0.00466165214638	-0.000663297714625	-0.0421870496699	-0.0109737103412	0.0693086308869	-0.022079620237	0.00198500375907	-0.0529544730089	0.0577426827859	-0.0125592541371	0.00354548975408	0.0735823152719	-0.0590036253341	-0.0757526745426	0.00390053578408	-0.0353855809492	-0.0252662280235	-0.00794088468716
k__Bacteria;p__Firmicutes;c__Clostridia;o__Clostridiales;f__Lachnospiraceae;g__Roseburia;s__Roseburia_intestinalis	-0.0649837970759	0.00616168962623	0.0198840801512	-0.0575227702428	-0.0294373723908	-0.0447629491623	-0.0091968959344	0.0517224941553	-0.0181905191517	-0.052989069282	0.0184379473919	0.0734941577057	-0.0568222883024	-0.0186874788894	-0.00422203641853	-0.0271749479264	0.0170233053765	0.0142709741351	-0.0426274275376	-0.073141294081	-0.00397508603775	0.029021462612	-0.013031167971	-0.00262177358248	-0.0586082148576	-0.00615047751668	1.0	0.0278147326656	-0.008133815295	-0.0857656285574	-0.00517522081929	0.00933218690787	-0.0234285886938	-0.0448613322695	-0.00939742319853	-0.0605235629317	-0.00475449695247	-0.0764085107814	0.000670921372929	-0.0231263914644	-0.0273414522907	0.0449114768385	-0.0364507086098	-0.00031032692882	0.00459182039346	0.105881716604	0.034627811339	0.00322424888569	0.045745409718	0.00585146393552	-0.0636670401206	-0.112162206356	0.0171316232314	0.00643931824372	0.00872510800747	-0.0630235730504	0.00658877351893	-0.0280893071013	-0.0724455013373
k__Bacteria;p__Firmicutes;c__Clostridia;o__Clostridiales;f__Lachnospiraceae;g__Roseburia;s__Roseburia_hominis	0.0027335402812	-0.0489368484045	-0.000224532019959	0.0532909100305	-0.0465418255709	-0.0141443466351	-0.0250509998593	-0.0533395463195	-0.0874595847199	-0.00900890751527	-0.0104516869826	-0.0250433562546	0.00882213560703	0.00669061420456	-0.000155150486336	0.00216883830036	-0.0597306105315	0.0753374433926	0.048273272239	-0.0512548562792	-0.0388830713203	-0.00215376678967	-0.13032360602	-0.0461481804635	0.0131011127596	-0.00716094802979	0.0278147326656	1.0	-0.0840429537117	0.0475090243667	-0.0126789852004	0.0706491436388	0.0118167761715	-0.0313607050977	0.0200876644139	-0.0779012904382	0.00833765727003	-0.00779987015786	-0.026643784679	-0.00223103929903	-0.0172287919236	-0.103546921346	-0.00565475584206	0.0084124050198	-0.0328296918224	0.01421787967	-0.0293888537192	-0.0111521585423	-0.0233429205311	-0.0394752132029	-0.00887893461841	-0.0300573795614	-0.0331292225433	-0.0617324978543	0.0221728129438	-0.0248620797977	0.0188828455055	0.0237811653833	0.0412323588221
k__Bacteria;p__Bacteroidetes;c__Bacteroidia;o__Bacteroidales;f__Porphyromonadaceae;g__Parabacteroides;s__Parabacteroides_johnsonii	0.0355293094906	-0.0149658484331	0.0429557386724	-0.0268873108456	0.0154748455772	-0.0391725395832	-0.0190298169857	-0.00138928498539	0.00710697873107	-0.0138129965697	-0.0113372126117	0.00393476147356	-0.00450589669865	-0.0256020548312	0.0942633776307	0.0259473605169	0.0556096318187	0.0625755281308	0.023778737855	-0.0243516141356	-0.0586735332377	0.00365766912203	-0.0661571357571	0.0405308675275	0.00139712160388	0.0587340903261	-0.008133815295	-0.0840429537117	1.0	-0.0134836616884	0.00285617692218	0.00806488267092	-0.0489997423044	0.0141806080861	0.004484007485	-0.037476346442	-0.110794695801	-0.0259300502713	-0.0564995648989	-0.0233931047019	-0.0411860626819	-0.00961441374998	0.048395942473	0.0757117084117	-0.0179422679797	0.0254034221875	-0.0228055782532	-0.0299076214677	-0.0430043947611	-0.0108253164251	-0.00775950198732	0.0297051654726	-0.0695129793421	-0.0462157762333	0.0123434756808	-0.0713047326278	-0.0400724306666	-0.0076428845077	-0.0652381071344
k__Bacteria;p__Actinobacteria;c__Actinobacteria;o__Bifidobacteriales;f__Bifidobacteriaceae;g__Bifidobacterium;s__Bifidobacterium_longum	0.00452796144867	-0.0500391519762	0.0903894365644	0.0316763407247	0.0554760679655	-0.0264261481743	0.0197043746685	-0.0591646588616	-0.0449735171216	-0.0735066254074	-0.0494603904506	-0.0791388896458	-0.00944823061175	-0.010829379289	-0.0212703071741	0.0437353273831	-0.0605411057752	-0.0173081119746	-0.0626991667761	-0.0236605313696	-0.0426073100898	-0.0160088825931	-0.00577060361506	0.0460759883475	0.0123052263735	-0.0473371627543	-0.0857656285574	0.0475090243667	-0.0134836616884	1.0	0.0566996920389	-0.0140230543644	-0.012897945087	0.047361177514	0.0116830360706	-0.059970707738	-0.022887633828	-0.0194396665879	-0.0091766537376	-0.0190723800456	-0.0383966814077	-0.0265169309117	0.00806789661902	0.0296921909388	-0.0218222609746	0.0209625785102	-0.0396317408894	-0.0370297635539	-0.0658610984866	0.038104317418	-0.0274652915012	-0.0619481703891	-0.012499420816	0.0349287947801	0.0144379087517	-0.0380328276844	-0.04908331482	0.0127941596297	0.0590248567966
