#taxonomy	k__Bacteria;p__Bacteroidetes;c__Bacteroidia;o__Bacteroidales;f__Bacteroidaceae;g__Bacteroides;s__Bacteroides_vulgatus	k__Bacteria;p__Bacteroidetes;c__Bacteroidia;o__Bacteroidales;f__Bacteroidaceae;g__Bacteroides;s__Bacteroides_uniformis	k__Bacteria;p__Bacteroidetes;c__Bacteroidia;o__Bacteroidales;f__Rikenellaceae;g__Alistipes;s__Alistipes_putredinis	k__Bacteria;p__Bacteroidetes;c__Bacteroidia;o__Bacteroidales;f__Prevotellaceae;g__Prevotella;s__Prevotella_copri	k__Bacteria;p__Bacteroidetes;c__Bacteroidia;o__Bacteroidales;f__Bacteroidaceae;g__Bacteroides;s__Bacteroides_stercoris	k__Bacteria;p__Bacteroidetes;c__Bacteroidia;o__Bacteroidales;f__Bacteroidaceae;g__Bacteroides;s__Bacteroides_ovatus	k__Bacteria;p__Bacteroidetes;c__Bacteroidia;o__Bacteroidales;f__Rikenellaceae;g__Alistipes;s__Alistipes_shahii	k__Bacteria;p__Firmicutes;c__Clostridia;o__Clostridiales;f__Ruminococcaceae;g__Faecalibacterium;s__Faecalibacterium_prausnitzii	k__Bacteria;p__Bacteroidetes;c__Bacteroidia;o__Bacteroidales;f__Rikenellaceae;g__Alistipes;s__Alistipes_finegoldii	k__Bacteria;p__Bacteroidetes;c__Bacteroidia;o__Bacteroidales;f__Porphyromonadaceae;g__Parabacteroides;s__Parabacteroides_distasonis	k__Bacteria;p__Bacteroidetes;c__Bacteroidia;o__Bacteroidales;f__Bacteroidaceae;g__Bacteroides;s__Bacteroides_thetaiotaomicron	k__Bacteria;p__Bacteroidetes;c__Bacteroidia;o__Bacteroidales;f__Bacteroidaceae;g__Bacteroides;s__Bacteroides_coprocola	k__Bacteria;p__Bacteroidetes;c__Bacteroidia;o__Bacteroidales;f__Bacteroidaceae;g__Bacteroides;s__Bacteroides_cellulosilyticus	k__Bacteria;p__Bacteroidetes;c__Bacteroidia;o__Bacteroidales;f__Rikenellaceae;g__Alistipes;s__Alistipes_obesi	k__Bacteria;p__Firmicutes;c__Clostridia;o__Clostridiales;f__Lachnospiraceae;g__;s__[Eubacterium]_rectale	k__Bacteria;p__Bacteroidetes;c__Bacteroidia;o__Bacteroidales;f__Bacteroidaceae;g__Bacteroides;s__Bacteroides_plebeius	k__Bacteria;p__Bacteroidetes;c__Bacteroidia;o__Bacteroidales;f__Bacteroidaceae;g__Bacteroides;s__Bacteroides_fragilis	k__Bacteria;p__Proteobacteria;c__Betaproteobacteria;o__Burkholderiales;f__Sutterellaceae;g__Sutterella;s__Sutterella_wadsworthensis	k__Bacteria;p__Bacteroidetes;c__Bacteroidia;o__Bacteroidales;f__Porphyromonadaceae;g__Barnesiella;s__Barnesiella_intestinihominis	k__Bacteria;p__Bacteroidetes;c__Bacteroidia;o__Bacteroidales;f__Odoribacteraceae;g__Odoribacter;s__Odoribacter_splanchnicus	k__Bacteria;p__Bacteroidetes;c__Bacteroidia;o__Bacteroidales;f__Bacteroidaceae;g__Bacteroides;s__Bacteroides_salyersiae	k__Bacteria;p__Firmicutes;c__Clostridia;o__Clostridiales;f__Ruminococcaceae;g__Ruminiclostridium;s__[Eubacterium]_siraeum	k__Bacteria;p__Proteobacteria;c__Betaproteobacteria;o__Burkholderiales;f__Sutterellaceae;g__Parasutterella;s__Parasutterella_excrementihominis	k__Bacteria;p__Actinobacteria;c__Actinobacteria;o__Bifidobacteriales;f__Bifidobacteriaceae;g__Bifidobacterium;s__Bifidobacterium_adolescentis	k__Bacteria;p__Firmicutes;c__Clostridia;o__Clostridiales;f__Oscillospiraceae;g__Oscillibacter;s__Oscillibacter_sp._KLE_1745	k__Bacteria;p__Bacteroidetes;c__Bacteroidia;o__Bacteroidales;f__Bacteroidaceae;g__Bacteroides;s__Bacteroides_coprophilus	k__Bacteria;p__Firmicutes;c__Clostridia;o__Clostridiales;f__Lachnospiraceae;g__Roseburia;s__Roseburia_intestinalis	k__Bacteria;p__Firmicutes;c__Clostridia;o__Clostridiales;f__Lachnospiraceae;g__Roseburia;s__Roseburia_hominis	k__Bacteria;p__Bacteroidetes;c__Bacteroidia;o__Bacteroidales;f__Porphyromonadaceae;g__Parabacteroides;s__Parabacteroides_johnsonii	k__Bacteria;p__Actinobacteria;c__Actinobacteria;o__Bifidobacteriales;f__Bifidobacteriaceae;g__Bifidobacterium;s__Bifidobacterium_longum	k__Bacteria;p__Firmicutes;c__Clostridia;o__Clostridiales;f__;g__Flavonifractor;s__Flavonifractor_plautii	k__Bacteria;p__Firmicutes;c__Clostridia;o__Clostridiales;f__Clostridiaceae;g__Clostridium;s__Clostridium_phoceensis	k__Bacteria;p__Verrucomicrobia;c__Verrucomicrobiae;o__Verrucomicrobiales;f__Akkermansiaceae;g__Akkermansia;s__Akkermansia_muciniphila	k__Bacteria;p__Bacteroidetes;c__Bacteroidia;o__Bacteroidales;f__Prevotellaceae;g__Paraprevotella;s__Paraprevotella_xylaniphila	k__Bacteria;p__Firmicutes;c__Clostridia;o__Clostridiales;f__Ruminococcaceae;g__Ruminococcus;s__Ruminococcus_callidus	k__Bacteria;p__Bacteroidetes;c__Bacteroidia;o__Bacteroidales;f__Rikenellaceae;g__Alistipes;s__Alistipes_senegalensis	k__Bacteria;p__Firmicutes;c__Clostridia;o__Clostridiales;f__Lachnospiraceae;g__Blautia;s__Blautia_sp._KLE_1732	k__Bacteria;p__Bacteroidetes;c__Bacteroidia;o__Bacteroidales;f__Bacteroidaceae;g__Bacteroides;s__Bacteroides_oleiciplenus	k__Bacteria;p__Firmicutes;c__Clostridia;o__Clostridiales;f__Ruminococcaceae;g__Ruminococcus;s__Ruminococcus_bicirculans	k__Bacteria;p__Bacteroidetes;c__Bacteroidia;o__Bacteroidales;f__Bacteroidaceae;g__Bacteroides;s__Bacteroides_fluxus	k__Bacteria;p__Bacteroidetes;c__Bacteroidia;o__Bacteroidales;f__Prevotellaceae;g__Prevotella;s__Prevotella_stercorea	k__Bacteria;p__Firmicutes;c__Clostridia;o__Clostridiales;f__Lachnospiraceae;g__Dorea;s__Dorea_longicatena	k__Bacteria;p__Firmicutes;c__Clostridia;o__Clostridiales;f__Eubacteriaceae;g__Eubacterium;s__[Eubacterium]_eligens	k__Bacteria;p__Firmicutes;c__Clostridia;o__Clostridiales;f__Ruminococcaceae;g__;s__Ruminococcaceae_bacterium_D16	k__Bacteria;p__Firmicutes;c__Clostridia;o__Clostridiales;f__Lachnospiraceae;g__Coprococcus;s__Coprococcus_comes	k__Bacteria;p__Proteobacteria;c__Gammaproteobacteria;o__Enterobacterales;f__Enterobacteriaceae;g__Escherichia;s__Escherichia_coli	k__Bacteria;p__Firmicutes;c__Clostridia;o__Clostridiales;f__Ruminococcaceae;g__Anaerotruncus;s__Anaerotruncus_colihominis	k__Bacteria;p__Firmicutes;c__Clostridia;o__Clostridiales;f__Lachnospiraceae;g__Blautia;s__Blautia_obeum	k__Bacteria;p__Bacteroidetes;c__Bacteroidia;o__Bacteroidales;f__Odoribacteraceae;g__Odoribacter;s__Odoribacter_laneus	k__Bacteria;p__Firmicutes;c__Clostridia;o__Clostridiales;f__Ruminococcaceae;g__Ruminiclostridium;s__[Clostridium]_leptum	k__Bacteria;p__Bacteroidetes;c__Bacteroidia;o__Bacteroidales;f__Porphyromonadaceae;g__Parabacteroides;s__Parabacteroides_goldsteinii	k__Bacteria;p__Firmicutes;c__Clostridia;o__Clostridiales;f__Lachnospiraceae;g__Anaerostipes;s__Anaerostipes_hadrus	k__Bacteria;p__Firmicutes;c__Clostridia;o__Clostridiales;f__Ruminococcaceae;g__Ruminococcus;s__Ruminococcus_lactaris	k__Bacteria;p__Firmicutes;c__Clostridia;o__Clostridiales;f__Clostridiaceae;g__Clostridium;s__Clostridium_sp._L2-50	k__Bacteria;p__Firmicutes;c__Clostridia;o__Clostridiales;f__Clostridiaceae;g__Clostridium;s__Clostridium_sp._M62/1	k__Bacteria;p__Firmicutes;c__Clostridia;o__Clostridiales;f__;g__Intestinimonas;s__Intestinimonas_butyriciproducens	k__Bacteria;p__Actinobacteria;c__Actinobacteria;o__Bifidobacteriales;f__Bifidobacteriaceae;g__Bifidobacterium;s__Bifidobacterium_bifidum	k__Bacteria;p__Firmicutes;c__Negativicutes;o__Veillonellales;f__Veillonellaceae;g__Dialister;s__Dialister_invisus	k__Bacteria;p__Bacteroidetes;c__Bacteroidia;o__Bacteroidales;f__Bacteroidaceae;g__Bacteroides;s__Bacteroides_salanitronis
k__Bacteria;p__Bacteroidetes;c__Bacteroidia;o__Bacteroidales;f__Bacteroidaceae;g__Bacteroides;s__Bacteroides_vulgatus	1.0	0.047854681601	-0.0298114129521	-0.0837441601845	-0.0743653920687	-0.0656691232996	0.038598880031	-0.0214355593786	0.0452610859303	-0.0379341441823	0.015749812136	0.014055428235	0.0180616087843	0.0628740336726	0.0263788964254	-0.00537061027011	-0.0890491435562	-0.00262805863709	-0.0246389774467	-0.0781969283544	-0.0172192615958	0.0513694550794	0.040776118924	-0.0440360805583	-0.013834374104	0.045840637427	-0.021840194537	0.0123145252454	-0.127898292956	-0.0265232383265	-0.0302132444245	0.0246526311634	0.0772320183499	0.0243635994727	0.0225290105604	0.0113946817053	0.0260290542366	-0.0560109830183	-0.00977623606834	-0.0378931347627	-0.0159949470083	0.0895243560216	-0.0483018742294	0.0210658389835	-0.0410244314887	-0.0135348787618	0.0608989290007	-0.00762013280724	0.00132893491011	-0.0308947547395	0.0298273891831	0.0037826828366	0.0506825947191	0.0243276593856	-0.0609939244331	0.00240822649468	-0.0128684763302	0.0015358968431	-0.0599337469057
k__Bacteria;p__Bacteroidetes;c__Bacteroidia;o__Bacteroidales;f__Bacteroidaceae;g__Bacteroides;s__Bacteroides_uniformis	0.047854681601	1.0	-0.00303662780098	-0.0643270942437	0.0094812368978	0.0476428022371	-0.0734959968789	0.0313839786378	-0.0837384491368	-0.0692208709879	-0.0183031178267	0.0272266812751	-0.00914801278349	-0.0187842616754	-0.0214322217069	0.0288603924747	-0.0858366386157	0.0469238961443	-0.0284182333013	-0.0162138931634	-0.0209312938521	-0.0293995109391	-0.00436933003218	-0.0651514883699	-0.0787526529262	-0.0159422140932	0.00110657863214	-0.00409996069011	0.00247243478159	0.00913487328967	-0.0198368241488	0.0831450734842	-0.0302786674964	0.0659321152569	-0.0768778372124	-0.0385661957744	-0.0561463675524	-0.101002482853	-0.030798266419	-0.0529696061277	-0.0195564929671	-0.00739900711446	-0.0191622215052	-0.00365657001563	0.0906206845611	0.0063008029452	-0.0408770871736	-0.00774262988739	-0.0216081580675	-0.00105433750866	-0.0371911079829	0.0543975936579	-0.0769084890059	0.0638111776524	-0.0406394918341	0.000767488904375	-0.00512910753068	0.0274430684849	0.00870924901173
k__Bacteria;p__Bacteroidetes;c__Bacteroidia;o__Bacteroidales;f__Rikenellaceae;g__Alistipes;s__Alistipes_putredinis	-0.0298114129521	-0.00303662780098	1.0	-0.0244947912345	-0.024926913447	0.00498688071403	-0.00942107488609	0.0197612593346	-0.0259928997815	0.0152478606112	0.0170569319026	-0.0198647587794	0.0116848205379	0.0112546622392	-0.103637797904	0.0950781324737	-0.0219771814192	0.0943481417889	-0.029073776824	-0.00186282017901	0.050602069948	-0.0404723279076	-0.0503854225207	-0.0225662049271	-0.00288310425732	0.0244353419596	-0.0024156885925	-0.062445278282	-0.00661441714102	-0.0212391513871	-0.104163311041	-0.0245485648607	-0.0432563818456	-0.0252789048499	0.0174967343526	-0.0228990931596	0.0376014507007	-0.00548607242442	-0.0400965884667	-0.0804130925074	0.0972456299285	0.0645264188069	0.0129576930781	-0.0291054913461	-0.00765952294574	0.022013669894	-0.0425870238758	-0.000662761711311	0.021892827603	-0.062527096836	-0.00487853059667	-0.0017927609282	-0.02198195201	-0.00310232361468	-0.0246023853546	-0.0234824647693	0.0446206025997	-0.000317990037913	-0.0909507948921
k__Bacteria;p__Bacteroidetes;c__Bacteroidia;o__Bacteroidales;f__Prevotellaceae;g__Prevotella;s__Prevotella_copri	-0.0837441601845	-0.0643270942437	-0.0244947912345	1.0	-0.0463306656567	-0.00316732426988	-0.01094632185	-0.0354054029633	-0.00317317062392	0.0267544556554	0.0137407809331	-0.0251303833378	-0.0364390006018	-0.0708840979612	0.104885430015	0.00626510745841	-0.0120181090054	-0.043932148634	-0.00422291985453	0.0224322784202	-0.072209358194	-0.0758279786111	-0.0347227977304	-0.0269649200757	-0.025956621561	-0.0501704464857	0.0806012454785	0.0108821793907	-0.0888157380069	0.023393796472	-0.0150411519305	-0.0305686120318	-0.0654501953579	0.00470883985917	0.0174786678669	-0.0127268380448	-0.0641152846095	-0.0124644060962	-0.0126431923368	0.049956966222	0.000556127819373	0.0339656905076	0.00249785779382	0.00438074562046	-0.00195859923004	-0.00646818037182	0.011535174515	-0.0422518025401	-0.00306411214165	-0.00916529063867	0.0245023238272	0.00879173698416	0.00785967517057	0.0173839030548	-0.0569110223056	0.0732558160665	0.0188937305431	0.024530638497	-0.0742503655543
k__Bacteria;p__Bacteroidetes;c__Bacteroidia;o__Bacteroidales;f__Bacteroidaceae;g__Bacteroides;s__Bacteroides_stercoris	-0.0743653920687	0.0094812368978	-0.024926913447	-0.0463306656567	1.0	-0.0235898307992	0.0196881321192	-0.065603418691	0.00819315622789	-0.0186583913529	-0.0439844787494	0.0584879218595	0.0137348892846	-0.0281827832018	0.0391668771493	0.0443043158087	0.0311402202994	-0.0492968421108	0.00768468852194	-0.00709882948506	-0.0437326586153	-0.0171634038511	0.0633468537689	-0.0551989928045	0.0219044365382	0.0330455451196	-0.0353818030042	0.00496767538178	-0.0120169770938	-0.00313390008465	-0.0377223784812	0.00203319838591	-0.00828164347613	-0.0271424574244	0.0177584302672	-0.00107803114016	-0.00561344686434	-0.0062827381012	-0.00157767539948	-0.0580406756362	0.0725906843372	0.0137532021624	-0.0308641904733	-0.048582114791	-0.00793540494078	0.0584094747003	-0.0260932126592	-0.0425717193814	0.00428879806285	0.020128624487	-0.0294209860593	-0.0625474046576	0.0272289190534	0.0486469411954	-0.00381320241059	-0.00937947371264	-0.00231646007979	-0.0267459902067	-0.0307710645465
k__Bacteria;p__Bacteroidetes;c__Bacteroidia;o__Bacteroidales;f__Bacteroidaceae;g__Bacteroides;s__Bacteroides_ovatus	-0.0656691232996	0.0476428022371	0.00498688071403	-0.00316732426988	-0.0235898307992	1.0	-0.023879237292	0.0453422260053	0.0192293808619	-0.045225329721	0.0905339001662	0.0191802910476	-0.00679021452615	0.0284623650239	0.0588970513603	-0.0314835308431	0.0215804900253	0.0383438726628	0.0213506996252	-0.04270022039	0.0319113135938	-0.00453673832415	0.000481547232893	-0.020314626951	-0.0125232155109	-0.00135076597428	0.027003440454	-0.00967264528511	0.00207965062818	-0.0212807292904	0.0101041981978	-0.0435815041273	-0.00297134816077	0.0324205889187	0.00475857016039	-0.0349413675181	-0.077741896985	-0.0480150947786	-0.0241451891959	-0.0605414467832	0.0713580275466	-0.0125754321468	0.00884675708493	0.0588683214767	-0.0579164689678	-0.060759222022	-0.0132425405015	-0.086663495194	-0.0271075023785	-0.0218203125162	-0.136013579987	-0.0765584332395	-0.0804676378107	-0.00842881377903	-0.0423766374391	-0.00176165066392	-0.0550707430193	0.0485658928312	-0.0585468049195
k__Bacteria;p__Bacteroidetes;c__Bacteroidia;o__Bacteroidales;f__Rikenellaceae;g__Alistipes;s__Alistipes_shahii	0.038598880031	-0.0734959968789	-0.00942107488609	-0.01094632185	0.0196881321192	-0.023879237292	1.0	-0.0330225046687	-0.017967201847	-0.0699977330614	-0.0771947080643	-0.120058215415	0.00519274667266	0.0673487020346	-0.0377181414644	-0.0454864807191	-0.0253647465661	0.00954992171847	-0.0173669064782	-0.0258224057782	0.0243619649989	-0.0119696437536	-0.0437304807362	-0.00439471889089	0.00370655495006	-0.0497502312161	0.0599016249564	0.065540631941	-0.00554737126212	0.00720914187426	-0.0166167482791	-0.067635374393	0.0139911268231	-0.0219955076946	0.0644860516264	0.0227924470025	-0.0280851358183	-0.0751817663671	0.0214244675548	0.0116633759811	-0.0919008688893	-0.0361132691144	0.0267131432702	-0.0451609577379	-0.0536928841244	-0.0674055548472	0.0496636575016	0.0450156597547	-0.0298246159486	-0.0104286024834	-0.000518635345132	-0.0181150623642	-0.0282203035668	-0.0303404058484	-0.0253024506901	-0.0145472415146	-0.0761121241278	-0.00352848702153	0.0471921821894
k__Bacteria;p__Firmicutes;c__Clostridia;o__Clostridiales;f__Ruminococcaceae;g__Faecalibacterium;s__Faecalibacterium_prausnitzii	-0.0214355593786	0.0313839786378	0.0197612593346	-0.0354054029633	-0.065603418691	0.0453422260053	-0.0330225046687	1.0	-0.0679478177281	-0.0588549088123	-0.0609924332791	-0.013767402041	-0.040626323022	-0.0287412238044	0.0231979473847	-0.0407025356586	0.0297637826476	0.0234581382312	-0.0237101590719	0.00442374522968	0.0116138001796	-0.0596924782224	0.0313940940427	0.0496395687902	-0.0396639208813	-0.0589703321993	0.0224052825035	-0.0394890146619	0.0168829434423	-0.0128496621158	0.0587394954883	0.105027531165	-0.0160087568574	-0.0991902705882	-0.0225660483403	0.0698806365049	0.0239774720487	-0.0651265428003	-0.00584403045019	-0.0500871266732	0.012740273692	0.00615548877426	-0.0137052565767	0.025215672855	0.0238986828963	-0.0780262293032	0.00752963516184	-0.0559605018425	-0.0287815059002	-0.0815793906297	-0.0281994597959	-0.0397961330033	-0.0679694889039	-0.0659615116287	-0.0453649576963	0.0547686719979	0.037180373756	-0.00905755562454	-0.00420948757029
k__Bacteria;p__Bacteroidetes;c__Bacteroidia;o__Bacteroidales;f__Rikenellaceae;g__Alistipes;s__Alistipes_finegoldii	0.0452610859303	-0.0837384491368	-0.0259928997815	-0.00317317062392	0.00819315622789	0.0192293808619	-0.017967201847	-0.0679478177281	1.0	-0.0531653992988	0.0209327623645	-0.0302041158486	0.0229579652215	0.00236530264431	-0.025787936436	-0.0113890773957	-0.0353395437955	0.0303433012623	-0.00699879106059	-0.0469799484523	-0.0256928258839	0.00740593501257	0.0427413768772	0.0363692372317	-0.0261703617597	-0.00932907028009	-0.0440326849862	0.00603795606555	-0.00820093035795	0.00610385063892	-0.0122463911195	-0.0164387529455	-0.0597415499178	0.0696995914339	0.0198627789127	-0.00492369600952	0.0565822872253	-0.0063282343703	-0.0306038310227	0.0499831003823	-0.0702920806068	-0.0571078415586	-0.00834178449973	0.00237421845819	-0.0423428163575	-0.00849929690328	0.0139165326827	0.00728595349628	0.0394462358802	-0.0463656852146	0.0533299296303	-0.0359988732538	-0.00463537089744	0.0030578456304	0.0110183342934	-0.0395259737078	-0.0529201415951	0.0315671469877	-0.0282360464669
k__Bacteria;p__Bacteroidetes;c__Bacteroidia;o__Bacteroidales;f__Porphyromonadaceae;g__Parabacteroides;s__Parabacteroides_distasonis	-0.0379341441823	-0.0692208709879	0.0152478606112	0.0267544556554	-0.0186583913529	-0.045225329721	-0.0699977330614	-0.0588549088123	-0.0531653992988	1.0	-0.0375692624935	0.0476438348985	-0.00881854645864	-0.0327061186554	-0.00257212590535	-0.0909242034078	-0.041218738972	-0.0355169874761	0.0533779785053	-0.000560398587792	-0.0236597783331	0.0517763218309	-0.00216293429705	-0.0151194707984	-0.0658781794164	-0.0392085865996	0.0270617241423	0.0311431045669	-0.03056734729	0.0102062602789	-0.0240847013424	-0.0836749079332	0.0624883954964	-0.00863960671035	0.0270588304642	-0.000641674587048	-0.0311898502906	0.0190861013645	0.0128162361433	0.00818144630317	0.0388472166579	0.0140500288902	-0.0491823519538	0.0743678011291	0.00304082743286	-0.0135607696664	0.000211276072188	-0.0228918395442	-0.0605010186442	-0.0199605758594	-0.0165314264624	0.00466372529134	0.0490971086742	-0.0577760408552	-0.0425358375273	0.0121037796143	-0.0239396283754	-0.0551792063302	0.0303264769828
k__Bacteria;p__Bacteroidetes;c__Bacteroidia;o__Bacteroidales;f__Bacteroidaceae;g__Bacteroides;s__Bacteroides_thetaiotaomicron	0.015749812136	-0.0183031178267	0.0170569319026	0.0137407809331	-0.0439844787494	0.0905339001662	-0.0771947080643	-0.0609924332791	0.0209327623645	-0.0375692624935	1.0	-0.0172265667493	-0.0348238473781	-0.105336381861	0.00680136073109	0.02333113906	-0.0221788775734	0.032707739678	-0.00666662749258	0.000704461416439	0.0679748547928	-0.0180699239571	-0.00900271846812	-0.0153302423662	0.0124071277464	-0.082932000045	-0.0659433877852	-0.020178936918	-0.032281591486	-0.010975971379	0.0265421591077	-0.00239816704193	-0.00777955974612	0.0163078093545	0.00275003280292	-0.0378770050609	0.129903869038	0.0185351300375	0.0401636452257	-0.0498327352158	-0.00637842004213	-0.0257670104068	-0.0570268059168	0.0452619363345	-0.0232666173965	0.0331666391285	-0.0315967520524	-0.0555287685788	-0.0479755468092	0.00927307762551	-0.010584132203	0.0171502306096	0.0214211385633	-0.0288327734864	0.0473016479856	0.044316299579	-0.04456428749	0.0115122606484	0.00342659966172
k__Bacteria;p__Bacteroidetes;c__Bacteroidia;o__Bacteroidales;f__Bacteroidaceae;g__Bacteroides;s__Bacteroides_coprocola	0.014055428235	0.0272266812751	-0.0198647587794	-0.0251303833378	0.0584879218595	0.0191802910476	-0.120058215415	-0.013767402041	-0.0302041158486	0.0476438348985	-0.0172265667493	1.0	0.0501243475349	-0.0814863243281	0.0325653570884	0.0186493560542	-0.0121666149341	-0.00592061143604	0.000473526765145	0.00129057056483	-0.011387322285	0.0159742789131	0.0273868639721	-0.000748353385129	0.032369660566	-0.045493107838	-0.0116175705606	-0.0426014229531	0.0117519346832	0.0268060637948	-0.0263110299352	-0.0794673841528	0.00696232490971	0.00939262387111	-0.0827339126926	0.0343425644467	-0.0404818406903	0.0558005416168	0.0122110440059	-0.0275789221541	-0.0402331340668	-0.0373868885235	-0.113396926528	0.0427169204411	0.0803638173964	-0.0566022234169	-0.0613266090113	-0.0672336265677	-0.0290457285751	-0.0620171743594	0.0115838152122	0.0331297026253	-0.125922684528	0.0246597380179	0.00812955617508	-0.035211934047	-0.0429913713894	0.00138930683825	0.0234824245335
k__Bacteria;p__Bacteroidetes;c__Bacteroidia;o__Bacteroidales;f__Bacteroidaceae;g__Bacteroides;s__Bacteroides_cellulosilyticus	0.0180616087843	-0.00914801278349	0.0116848205379	-0.0364390006018	0.0137348892846	-0.00679021452615	0.00519274667266	-0.040626323022	0.0229579652215	-0.00881854645864	-0.0348238473781	0.0501243475349	1.0	-0.0256711699274	-0.0321737423179	-0.0385355748262	-0.0347084640596	-0.071939912685	0.128184224616	0.045976997484	-0.0328685877471	0.00268729978389	-0.0215773399353	-0.0373542807861	-0.0139291556013	0.00688245682499	-0.00681774234137	0.0140710292559	0.0536423594504	-0.0263090732134	-0.0618418615728	-0.0775264528334	0.0649062449717	-0.00887323707501	-0.0100473526301	-0.0804583272735	-0.0649012033724	-0.0287060050724	-0.0104226160698	-0.00828669103509	0.0136804128084	-0.0315027819665	-0.00628348690632	0.0156409611423	-0.108218918968	0.0313995637088	-0.00557978933803	-0.0466550063353	-0.0147497662371	-0.0106491035831	-0.0408414849747	0.0210534797649	-0.0559684714416	0.0235395291034	0.0538570799734	-0.0905498344921	0.051587944618	-0.0331274711926	0.0464915570838
k__Bacteria;p__Bacteroidetes;c__Bacteroidia;o__Bacteroidales;f__Rikenellaceae;g__Alistipes;s__Alistipes_obesi	0.0628740336726	-0.0187842616754	0.0112546622392	-0.0708840979612	-0.0281827832018	0.0284623650239	0.0673487020346	-0.0287412238044	0.00236530264431	-0.0327061186554	-0.105336381861	-0.0814863243281	-0.0256711699274	1.0	-0.0418233519822	0.0180518011505	-0.0509924903209	-0.0533822889964	0.00658576818806	0.0106562323256	0.00709851736997	-0.0357341740584	0.0328843600942	-0.0313547873722	-0.012237713313	0.0724576363043	-0.0558388562564	-0.0213576537958	-0.0374665400056	0.0246023488493	-0.0593466238596	-0.0558529085376	0.0138661597648	-0.0595105969911	-0.0082673696127	0.0363481103857	-0.0349938194299	-0.0685986168674	-0.0402307703951	-0.0155331386706	0.0877867256514	0.0301110165327	-0.00138842750863	0.0147143594295	0.0383572473964	-0.0314449754307	-0.067212240807	0.0033234685334	0.028118847674	-0.0323848188319	-0.0717810336801	0.0219927349018	-0.0272755479681	-0.0180027758729	0.0559976248336	0.0132625980535	0.0540097308103	0.0163849400689	0.0362685405248
k__Bacteria;p__Firmicutes;c__Clostridia;o__Clostridiales;f__Lachnospiraceae;g__;s__[Eubacterium]_rectale	0.0263788964254	-0.0214322217069	-0.103637797904	0.104885430015	0.0391668771493	0.0588970513603	-0.0377181414644	0.0231979473847	-0.025787936436	-0.00257212590535	0.00680136073109	0.0325653570884	-0.0321737423179	-0.0418233519822	1.0	0.0279198506362	0.084684551215	-0.0192173127603	-0.00825672988262	-0.0059855812348	0.0216278261753	-0.0455130909268	-0.00926238917644	0.0213061325567	-0.0134759674827	-0.0423531479395	-0.0710123293651	-0.0325284161515	-0.0592082267459	0.00272606836561	-0.0296085664398	-0.00469881953701	-0.054509361468	0.0141799863647	0.0386912485695	-0.0251021978182	-0.0446363293766	0.0393583530381	-0.00312709125025	0.0616679234146	0.036959310251	-0.00304251311962	0.00946693811824	-0.036072919039	0.0106779497538	0.021573065504	-0.0862736302747	-0.00348901562861	0.0105025244895	0.0319765615308	0.0182939265976	0.0182240921221	-0.0442610804292	-0.00827419339539	0.0074882886126	-0.0323246799583	-0.0350354855095	-0.0102908843314	-0.0886722185075
k__Bacteria;p__Bacteroidetes;c__Bacteroidia;o__Bacteroidales;f__Bacteroidaceae;g__Bacteroides;s__Bacteroides_plebeius	-0.00537061027011	0.0288603924747	0.0950781324737	0.00626510745841	0.0443043158087	-0.0314835308431	-0.0454864807191	-0.0407025356586	-0.0113890773957	-0.0909242034078	0.02333113906	0.0186493560542	-0.0385355748262	0.0180518011505	0.0279198506362	1.0	-0.0448808407829	0.0129999608314	-0.0690995747356	-0.0538542078425	-0.0653895295114	-0.0272383550048	-0.0316383485126	-0.0263732076418	-0.0760788236147	0.0331334599371	0.0173414815866	0.0432782425462	-0.0279797300787	0.00481423254943	-0.0782235512176	0.0622559635253	-0.0161700437068	-0.00355949257308	-0.0163540890434	-0.0701879801948	-0.0629218618736	0.0457606979146	-0.0389207043683	0.0542234011842	-0.0922816358612	-0.0213787334189	0.0265977989836	0.0224596276137	0.0483198142486	-0.0231782364508	0.0033462011866	0.0522996492574	-0.00610229961599	0.0575128971994	0.00733017737098	0.0618132502037	-0.0334645021787	0.0529105891916	-0.02113806555	-0.0759458798124	0.0337459505528	-0.0744113920756	-0.0247624710955
k__Bacteria;p__Bacteroidetes;c__Bacteroidia;o__Bacteroidales;f__Bacteroidaceae;g__Bacteroides;s__Bacteroides_fragilis	-0.0890491435562	-0.0858366386157	-0.0219771814192	-0.0120181090054	0.0311402202994	0.0215804900253	-0.0253647465661	0.0297637826476	-0.0353395437955	-0.041218738972	-0.0221788775734	-0.0121666149341	-0.0347084640596	-0.0509924903209	0.084684551215	-0.0448808407829	1.0	-0.0452944274543	-0.0529006683657	-0.0609459442928	-0.0267203840193	0.0237368332079	-0.0600775825766	0.00972188092551	-0.0672341412047	0.0224646198719	-0.00166516737535	0.0188367585885	0.0731358116864	-0.0195240755025	-0.0079928410026	-0.0259084986727	0.0524028173383	0.0204196854859	-0.0383415551425	-0.00777601335211	0.0121527162279	0.00816468372911	0.0323698596654	-0.00635483740256	-0.00915184797795	-0.0100421935966	0.0241554409512	-0.0411526526557	0.0140379104432	0.00881788952156	-0.0633905621048	-0.0558483301188	-0.03944921828	-0.111718745826	0.0296385517822	0.0496812147619	-0.100561614913	-0.0753688915583	-0.00964379724641	0.0445460356294	-0.0083596058009	0.0701993004626	0.0284459779215
k__Bacteria;p__Proteobacteria;c__Betaproteobacteria;o__Burkholderiales;f__Sutterellaceae;g__Sutterella;s__Sutterella_wadsworthensis	-0.00262805863709	0.0469238961443	0.0943481417889	-0.043932148634	-0.0492968421108	0.0383438726628	0.00954992171847	0.0234581382312	0.0303433012623	-0.0355169874761	0.032707739678	-0.00592061143604	-0.071939912685	-0.0533822889964	-0.0192173127603	0.0129999608314	-0.0452944274543	1.0	0.00149801819232	-0.00105080450411	0.0346656630453	-0.0334350854005	-0.0340348811892	-0.0543177474188	-0.0387546776796	-0.0207109459322	-0.0127028449554	-0.00128965555263	-0.0585517414354	-0.0708449903932	-0.0529844090476	0.0306473136397	-0.102708080386	0.00605668190021	-0.0818875278397	-0.0231673839602	-0.0104137685667	-0.0208781604363	-0.0298046545279	0.00312755207217	0.000286009085191	0.0552224305879	-0.00864181065806	0.0120555158264	0.0397858437488	0.0374271166156	-0.0453023334001	0.0217353126728	-0.02107890792	-0.000630080170005	0.0351977465995	0.0421630524427	-0.0423468775325	-0.0073339719804	-0.000400888346882	0.106677000089	0.0168389389399	0.00166677720039	-0.104813718228
k__Bacteria;p__Bacteroidetes;c__Bacteroidia;o__Bacteroidales;f__Porphyromonadaceae;g__Barnesiella;s__Barnesiella_intestinihominis	-0.0246389774467	-0.0284182333013	-0.029073776824	-0.00422291985453	0.00768468852194	0.0213506996252	-0.0173669064782	-0.0237101590719	-0.00699879106059	0.0533779785053	-0.00666662749258	0.000473526765145	0.128184224616	0.00658576818806	-0.00825672988262	-0.0690995747356	-0.0529006683657	0.00149801819232	1.0	0.0348038301465	-0.0324324702172	0.0148592402154	-0.0180473890248	0.0471409221645	-0.0164191499675	-0.00612117019969	-0.0638490827664	-0.0274568697588	0.0991631020573	-0.0315874349102	-0.07520917618	-0.102889232933	-0.098426419239	-0.0308415002112	-0.016900316068	0.00258580875231	-0.0247585078708	-0.0396375943459	-0.0459177468094	-0.040740610108	0.104964055774	0.0190815792224	0.0237752877171	-0.0574465755877	-0.0302883869705	0.00469063386016	0.0362101768607	-0.0487651627692	0.00855856394785	0.0434515568061	-0.0449943125734	-0.0508968265944	-0.0156802180902	-0.00740506625505	0.0188339039495	0.0842031118675	-0.0742468577827	-0.0421720544998	0.0298686713616
k__Bacteria;p__Bacteroidetes;c__Bacteroidia;o__Bacteroidales;f__Odoribacteraceae;g__Odoribacter;s__Odoribacter_splanchnicus	-0.0781969283544	-0.0162138931634	-0.00186282017901	0.0224322784202	-0.00709882948506	-0.04270022039	-0.0258224057782	0.00442374522968	-0.0469799484523	-0.000560398587792	0.000704461416439	0.00129057056483	0.045976997484	0.0106562323256	-0.0059855812348	-0.0538542078425	-0.0609459442928	-0.00105080450411	0.0348038301465	1.0	-0.0259825367582	-0.0136956111041	0.0738523650905	-0.0720399995564	-0.0227257934445	0.0644781682687	0.017898068374	0.0779939332333	0.032770662081	-0.0526287488573	0.012213426516	-0.0596310356352	0.00977339912146	-0.0283830526279	-0.00373860977259	0.0570000709921	0.0591916701208	0.0115614912413	-0.0179366838644	-0.00564764962442	-0.00872458222164	-0.03858902848	-0.0331811489109	0.0220099474001	-0.0750024940602	0.0149074877602	0.0116122512869	0.0164679565574	-0.0354336699558	-0.0754684027386	0.0438236103028	-0.000601324105132	-0.00855905619667	-0.0419690677501	-0.0510181031554	-0.0388095605659	0.0308073958992	-0.00553421897665	-0.0311184085224
k__Bacteria;p__Bacteroidetes;c__Bacteroidia;o__Bacteroidales;f__Bacteroidaceae;g__Bacteroides;s__Bacteroides_salyersiae	-0.0172192615958	-0.0209312938521	0.050602069948	-0.072209358194	-0.0437326586153	0.0319113135938	0.0243619649989	0.0116138001796	-0.0256928258839	-0.0236597783331	0.0679748547928	-0.011387322285	-0.0328685877471	0.00709851736997	0.0216278261753	-0.0653895295114	-0.0267203840193	0.0346656630453	-0.0324324702172	-0.0259825367582	1.0	-0.0431363400294	-0.0295728790339	-0.00104077121199	-5.77026503509e-05	0.102053745349	-0.0136795737982	-0.0656161017545	-0.0822788856568	-0.0139028222446	0.0689493568363	0.0195265740598	-0.0694579809005	-0.0342951094231	0.0172076747667	0.0763518206432	-0.0197101636451	0.0348414656868	0.0325218866351	0.0292058649475	-0.0275501699441	-0.0585504953815	0.011404037491	0.0208591979626	-0.0128198022241	-0.0227711282612	-0.0503657214494	-0.129615581437	-0.0229596513869	-0.0498846444763	0.0494965240031	-0.0123361140445	-0.0322386097695	-0.0599435066712	-0.00739934193505	-0.039597820597	-0.0623915186809	-0.0604925992589	-0.0856636540139
k__Bacteria;p__Firmicutes;c__Clostridia;o__Clostridiales;f__Ruminococcaceae;g__Ruminiclostridium;s__[Eubacterium]_siraeum	0.0513694550794	-0.0293995109391	-0.0404723279076	-0.0758279786111	-0.0171634038511	-0.00453673832415	-0.0119696437536	-0.0596924782224	0.00740593501257	0.0517763218309	-0.0180699239571	0.0159742789131	0.00268729978389	-0.0357341740584	-0.0455130909268	-0.0272383550048	0.0237368332079	-0.0334350854005	0.0148592402154	-0.0136956111041	-0.0431363400294	1.0	0.0534836830301	-0.0441651711444	-0.0662540661339	-0.0195005807284	-0.0352431648152	0.0285318989815	0.0124716255976	-0.043419130926	-0.0221386475953	-0.0356611600105	-0.0538878273446	0.0725862674733	-0.0443951233991	-0.0557866240463	0.0389803263476	-0.0235564176053	-0.030649909317	-0.0151693391839	0.00121979534204	-0.0134090368567	-0.0695264907874	0.0688292862479	-0.0262745074517	0.0180935647513	-0.021925320553	-0.034351313424	0.051910189572	-0.044158758607	-0.0397337867458	-0.0234206727994	-0.00188442049696	-0.074170801628	-0.0449727992171	0.0802889020327	-0.0795854925907	-0.101444899283	0.00221602595721
k__Bacteria;p__Proteobacteria;c__Betaproteobacteria;o__Burkholderiales;f__Sutterellaceae;g__Parasutterella;s__Parasutterella_excrementihominis	0.040776118924	-0.00436933003218	-0.0503854225207	-0.0347227977304	0.0633468537689	0.000481547232893	-0.0437304807362	0.0313940940427	0.0427413768772	-0.00216293429705	-0.00900271846812	0.0273868639721	-0.0215773399353	0.0328843600942	-0.00926238917644	-0.0316383485126	-0.0600775825766	-0.0340348811892	-0.0180473890248	0.0738523650905	-0.0295728790339	0.0534836830301	1.0	-0.066249269822	0.0867697632119	-0.0505651309143	-0.037455398536	0.0178617120274	0.00353923222187	0.0538717552097	-0.06825798621	-0.00165461112522	-0.00731232408815	-0.0702987722939	-0.0654006293215	0.00361525098226	0.0232841057418	-0.0202390785331	0.0232930176204	-0.0377056527594	0.0379391318467	0.0326809556892	-0.022671035061	-0.0371467597212	-0.0163195912644	-0.0190379996818	-0.0289652440617	-0.044951462288	0.064592111657	-0.0422471985885	0.0279156239111	-0.0123308300736	-0.0164835613895	0.0304099967976	-0.0311701343937	-0.00496213314806	-0.0157948975529	-0.00913349065115	-0.0433856834011
k__Bacteria;p__Actinobacteria;c__Actinobacteria;o__Bifidobacteriales;f__Bifidobacteriaceae;g__Bifidobacterium;s__Bifidobacterium_adolescentis	-0.0440360805583	-0.0651514883699	-0.0225662049271	-0.0269649200757	-0.0551989928045	-0.020314626951	-0.00439471889089	0.0496395687902	0.0363692372317	-0.0151194707984	-0.0153302423662	-0.000748353385129	-0.0373542807861	-0.0313547873722	0.0213061325567	-0.0263732076418	0.00972188092551	-0.0543177474188	0.0471409221645	-0.0720399995564	-0.00104077121199	-0.0441651711444	-0.066249269822	1.0	-0.00283245971634	-0.0466515490573	-0.0337459563071	-0.0116687023323	-0.0450722526086	-0.00207151506565	0.0209510193375	0.0336564948069	-0.00200516201983	0.0402718359269	0.082806195999	-0.0416137302309	0.0475582815373	0.00839628235542	-0.0368196943578	0.0926731923984	-0.0432139561366	-0.0028550122267	-0.0183521079827	-0.0288877487365	-0.00225573942715	0.043963193289	-0.0318084661203	0.0197730450587	-0.0283492796805	-0.0859715045407	0.000413440042885	0.0347206747505	-0.00186762911051	-0.0622112311146	-0.0100300992195	-0.00402449266967	-0.0164538574628	0.0396387736751	-0.0497464968814
k__Bacteria;p__Firmicutes;c__Clostridia;o__Clostridiales;f__Oscillospiraceae;g__Oscillibacter;s__Oscillibacter_sp._KLE_1745	-0.013834374104	-0.0787526529262	-0.00288310425732	-0.025956621561	0.0219044365382	-0.0125232155109	0.00370655495006	-0.0396639208813	-0.0261703617597	-0.0658781794164	0.0124071277464	0.032369660566	-0.0139291556013	-0.012237713313	-0.0134759674827	-0.0760788236147	-0.0672341412047	-0.0387546776796	-0.0164191499675	-0.0227257934445	-5.7702650351e-05	-0.0662540661339	0.0867697632119	-0.00283245971634	1.0	-0.0233391762142	-0.0366414740772	-0.0334831616166	-0.0672586314849	-0.000722636260066	-0.0272392739435	0.00145998736296	0.00833191931658	-0.00701691099403	0.030681291665	0.0139152633672	0.0718006797182	0.00506348411021	-0.017469984665	0.0220669031616	0.00794170601331	-0.0639200262997	-0.0278376036564	-0.0598351629896	-0.0516471529101	0.0689574268299	0.0422278571319	0.0279016100002	0.053261158244	0.02092826206	-0.056637491868	-0.0606851652726	-0.0541191725804	-0.0770777257569	-0.0101277891837	0.0413213611557	0.0445759588567	0.051806420959	-0.0259314977118
k__Bacteria;p__Bacteroidetes;c__Bacteroidia;o__Bacteroidales;f__Bacteroidaceae;g__Bacteroides;s__Bacteroides_coprophilus	0.045840637427	-0.0159422140932	0.0244353419596	-0.0501704464857	0.0330455451196	-0.00135076597428	-0.0497502312161	-0.0589703321993	-0.00932907028009	-0.0392085865996	-0.082932000045	-0.045493107838	0.00688245682499	0.0724576363043	-0.0423531479395	0.0331334599371	0.0224646198719	-0.0207109459322	-0.00612117019969	0.0644781682687	0.102053745349	-0.0195005807284	-0.0505651309143	-0.0466515490573	-0.0233391762142	1.0	-0.0153034934983	-0.0317094348897	-0.048875007585	0.030336554353	-0.0500497660149	0.0654514240156	0.056811697052	-0.041539735971	-0.0128390718874	-0.00124116010216	-0.0224833549054	-0.0397204788581	-0.0582477376412	-0.0543699646366	0.03118867477	0.0126340634896	-0.0141605440659	0.0210359616902	-0.000992764988748	0.0047455356702	0.0713950376318	-0.0187758159339	-0.0396320917887	-0.0421406162214	0.0516735459126	-0.00809169087121	-0.0539584921838	-0.0462053309351	-0.044521184543	-0.0381885865954	-0.07022334573	-0.0447412604683	-0.0161369705631
k__Bacteria;p__Firmicutes;c__Clostridia;o__Clostridiales;f__Lachnospiraceae;g__Roseburia;s__Roseburia_intestinalis	-0.021840194537	0.00110657863214	-0.0024156885925	0.0806012454785	-0.0353818030042	0.027003440454	0.0599016249564	0.0224052825035	-0.0440326849862	0.0270617241423	-0.0659433877852	-0.0116175705606	-0.00681774234137	-0.0558388562564	-0.0710123293652	0.0173414815866	-0.00166516737535	-0.0127028449554	-0.0638490827664	0.017898068374	-0.0136795737982	-0.0352431648152	-0.037455398536	-0.0337459563071	-0.0366414740772	-0.0153034934983	1.0	-0.00356474941757	-0.0318958881511	-0.00700558455775	0.0441715214724	-0.00469594442595	-0.0589013798641	0.0141612474752	-0.0236456009189	-0.11130251978	0.0740999341792	0.0431286616421	0.018055419437	-0.0109958434277	0.0125854437548	-0.0433420770969	-0.0521785395208	0.059813039248	-0.0511482885181	-0.00979666157741	-0.0949021908852	-0.0682700809011	0.00160083654702	-0.0296022745467	-0.0195186549805	-0.0452217104378	0.0673074499709	0.0187501838255	-0.0107725345962	-0.0737782052115	-0.0256370788322	-0.0483624770537	-0.0172747317735
k__Bacteria;p__Firmicutes;c__Clostridia;o__Clostridiales;f__Lachnospiraceae;g__Roseburia;s__Roseburia_hominis	0.0123145252454	-0.00409996069011	-0.062445278282	0.0108821793907	0.00496767538178	-0.00967264528511	0.065540631941	-0.0394890146619	0.00603795606555	0.0311431045669	-0.020178936918	-0.0426014229531	0.0140710292559	-0.0213576537958	-0.0325284161515	0.0432782425462	0.0188367585885	-0.00128965555263	-0.0274568697588	0.0779939332333	-0.0656161017545	0.0285318989815	0.0178617120274	-0.0116687023323	-0.0334831616166	-0.0317094348897	-0.00356474941757	1.0	0.0616485676438	-0.0802825940476	0.0832157525033	0.0113351005773	-0.0198531900188	-0.0078102017368	-0.0472495604501	0.026382412611	0.0141342963718	-0.0564147550926	0.0188971914466	-0.0158002912394	-0.0458053591091	-0.0126423338544	-0.0401258899242	-0.0173026178583	-0.0204387896105	0.0489498642597	-0.00909138733376	0.00655541784645	-0.056434051679	-0.0252416545069	0.0131745360827	0.0347237425356	-0.00679017619543	0.0332377087718	-0.00637019252839	-0.119743727159	0.0223908896799	-0.0543369403181	-0.0311338060882
k__Bacteria;p__Bacteroidetes;c__Bacteroidia;o__Bacteroidales;f__Porphyromonadaceae;g__Parabacteroides;s__Parabacteroides_johnsonii	-0.127898292956	0.00247243478159	-0.00661441714102	-0.0888157380069	-0.0120169770938	0.00207965062818	-0.00554737126212	0.0168829434423	-0.00820093035795	-0.03056734729	-0.032281591486	0.0117519346832	0.0536423594504	-0.0374665400056	-0.0592082267459	-0.0279797300787	0.0731358116864	-0.0585517414354	0.0991631020573	0.032770662081	-0.0822788856568	0.0124716255976	0.00353923222187	-0.0450722526086	-0.0672586314849	-0.048875007585	-0.0318958881511	0.0616485676438	1.0	0.00207844042385	0.0497482536761	-0.022086770175	0.0621809341418	0.000474235829218	-0.0131180406469	0.0328069999427	0.0513086328871	-0.0678941594353	0.0258412836489	-0.036136456187	-0.0400614653708	0.00849433411257	0.0316171823767	-0.0120582749406	-0.0883226811329	-0.0411635655586	0.0011925964545	-0.0182518053204	-0.00226737546313	0.0138152007824	-0.00474126260535	0.0319318362334	-0.0217952149771	0.0378195596006	-0.0154269434528	0.0018905524552	-0.0243603839827	-0.0190249225894	0.00734254506749
k__Bacteria;p__Actinobacteria;c__Actinobacteria;o__Bifidobacteriales;f__Bifidobacteriaceae;g__Bifidobacterium;s__Bifidobacterium_longum	-0.0265232383265	0.00913487328967	-0.0212391513871	0.023393796472	-0.00313390008465	-0.0212807292904	0.00720914187426	-0.0128496621158	0.00610385063892	0.0102062602789	-0.010975971379	0.0268060637948	-0.0263090732134	0.0246023488493	0.00272606836561	0.00481423254943	-0.0195240755025	-0.0708449903932	-0.0315874349102	-0.0526287488573	-0.0139028222446	-0.043419130926	0.0538717552097	-0.00207151506565	-0.000722636260066	0.030336554353	-0.00700558455775	-0.0802825940476	0.00207844042385	1.0	-0.0398907763154	-0.00634732881384	0.0939047683165	0.00717451103539	-0.00673989321215	-0.0116278174154	-0.0140372562069	-0.0406011880002	0.0257673897302	-0.0302025273037	0.000230087297613	-0.0670620616506	0.00585154212774	-0.0377598591189	-0.0202319380758	-0.0261588491448	-0.0216122830748	-0.0201445770661	0.0454201956552	-0.00504636025628	-0.0794109443431	-0.0600665222734	0.0010622958925	-0.0492026445049	-0.0230378708222	-0.00804784872756	0.0434311642863	0.0467686542335	-0.00728442825593
