#taxonomy	k__Bacteria;p__Bacteroidetes;c__Bacteroidia;o__Bacteroidales;f__Bacteroidaceae;g__Bacteroides;s__Bacteroides_vulgatus	k__Bacteria;p__Bacteroidetes;c__Bacteroidia;o__Bacteroidales;f__Bacteroidaceae;g__Bacteroides;s__Bacteroides_uniformis	k__Bacteria;p__Bacteroidetes;c__Bacteroidia;o__Bacteroidales;f__Rikenellaceae;g__Alistipes;s__Alistipes_putredinis	k__Bacteria;p__Bacteroidetes;c__Bacteroidia;o__Bacteroidales;f__Prevotellaceae;g__Prevotella;s__Prevotella_copri	k__Bacteria;p__Bacteroidetes;c__Bacteroidia;o__Bacteroidales;f__Bacteroidaceae;g__Bacteroides;s__Bacteroides_stercoris	k__Bacteria;p__Bacteroidetes;c__Bacteroidia;o__Bacteroidales;f__Bacteroidaceae;g__Bacteroides;s__Bacteroides_ovatus	k__Bacteria;p__Bacteroidetes;c__Bacteroidia;o__Bacteroidales;f__Rikenellaceae;g__Alistipes;s__Alistipes_shahii	k__Bacteria;p__Firmicutes;c__Clostridia;o__Clostridiales;f__Ruminococcaceae;g__Faecalibacterium;s__Faecalibacterium_prausnitzii	k__Bacteria;p__Bacteroidetes;c__Bacteroidia;o__Bacteroidales;f__Rikenellaceae;g__Alistipes;s__Alistipes_finegoldii	k__Bacteria;p__Bacteroidetes;c__Bacteroidia;o__Bacteroidales;f__Porphyromonadaceae;g__Parabacteroides;s__Parabacteroides_distasonis	k__Bacteria;p__Bacteroidetes;c__Bacteroidia;o__Bacteroidales;f__Bacteroidaceae;g__Bacteroides;s__Bacteroides_thetaiotaomicron	k__Bacteria;p__Bacteroidetes;c__Bacteroidia;o__Bacteroidales;f__Bacteroidaceae;g__Bacteroides;s__Bacteroides_coprocola	k__Bacteria;p__Bacteroidetes;c__Bacteroidia;o__Bacteroidales;f__Bacteroidaceae;g__Bacteroides;s__Bacteroides_cellulosilyticus	k__Bacteria;p__Bacteroidetes;c__Bacteroidia;o__Bacteroidales;f__Rikenellaceae;g__Alistipes;s__Alistipes_obesi	k__Bacteria;p__Firmicutes;c__Clostridia;o__Clostridiales;f__Lachnospiraceae;g__;s__[Eubacterium]_rectale	k__Bacteria;p__Bacteroidetes;c__Bacteroidia;o__Bacteroidales;f__Bacteroidaceae;g__Bacteroides;s__Bacteroides_plebeius	k__Bacteria;p__Bacteroidetes;c__Bacteroidia;o__Bacteroidales;f__Bacteroidaceae;g__Bacteroides;s__Bacteroides_fragilis	k__Bacteria;p__Proteobacteria;c__Betaproteobacteria;o__Burkholderiales;f__Sutterellaceae;g__Sutterella;s__Sutterella_wadsworthensis	k__Bacteria;p__Bacteroidetes;c__Bacteroidia;o__Bacteroidales;f__Porphyromonadaceae;g__Barnesiella;s__Barnesiella_intestinihominis	k__Bacteria;p__Bacteroidetes;c__Bacteroidia;o__Bacteroidales;f__Odoribacteraceae;g__Odoribacter;s__Odoribacter_splanchnicus	k__Bacteria;p__Bacteroidetes;c__Bacteroidia;o__Bacteroidales;f__Bacteroidaceae;g__Bacteroides;s__Bacteroides_salyersiae	k__Bacteria;p__Firmicutes;c__Clostridia;o__Clostridiales;f__Ruminococcaceae;g__Ruminiclostridium;s__[Eubacterium]_siraeum	k__Bacteria;p__Proteobacteria;c__Betaproteobacteria;o__Burkholderiales;f__Sutterellaceae;g__Parasutterella;s__Parasutterella_excrementihominis	k__Bacteria;p__Actinobacteria;c__Actinobacteria;o__Bifidobacteriales;f__Bifidobacteriaceae;g__Bifidobacterium;s__Bifidobacterium_adolescentis	k__Bacteria;p__Firmicutes;c__Clostridia;o__Clostridiales;f__Oscillospiraceae;g__Oscillibacter;s__Oscillibacter_sp._KLE_1745	k__Bacteria;p__Bacteroidetes;c__Bacteroidia;o__Bacteroidales;f__Bacteroidaceae;g__Bacteroides;s__Bacteroides_coprophilus	k__Bacteria;p__Firmicutes;c__Clostridia;o__Clostridiales;f__Lachnospiraceae;g__Roseburia;s__Roseburia_intestinalis	k__Bacteria;p__Firmicutes;c__Clostridia;o__Clostridiales;f__Lachnospiraceae;g__Roseburia;s__Roseburia_hominis	k__Bacteria;p__Bacteroidetes;c__Bacteroidia;o__Bacteroidales;f__Porphyromonadaceae;g__Parabacteroides;s__Parabacteroides_johnsonii	k__Bacteria;p__Actinobacteria;c__Actinobacteria;o__Bifidobacteriales;f__Bifidobacteriaceae;g__Bifidobacterium;s__Bifidobacterium_longum	k__Bacteria;p__Firmicutes;c__Clostridia;o__Clostridiales;f__;g__Flavonifractor;s__Flavonifractor_plautii	k__Bacteria;p__Firmicutes;c__Clostridia;o__Clostridiales;f__Clostridiaceae;g__Clostridium;s__Clostridium_phoceensis	k__Bacteria;p__Verrucomicrobia;c__Verrucomicrobiae;o__Verrucomicrobiales;f__Akkermansiaceae;g__Akkermansia;s__Akkermansia_muciniphila	k__Bacteria;p__Bacteroidetes;c__Bacteroidia;o__Bacteroidales;f__Prevotellaceae;g__Paraprevotella;s__Paraprevotella_xylaniphila	k__Bacteria;p__Firmicutes;c__Clostridia;o__Clostridiales;f__Ruminococcaceae;g__Ruminococcus;s__Ruminococcus_callidus	k__Bacteria;p__Bacteroidetes;c__Bacteroidia;o__Bacteroidales;f__Rikenellaceae;g__Alistipes;s__Alistipes_senegalensis	k__Bacteria;p__Firmicutes;c__Clostridia;o__Clostridiales;f__Lachnospiraceae;g__Blautia;s__Blautia_sp._KLE_1732	k__Bacteria;p__Bacteroidetes;c__Bacteroidia;o__Bacteroidales;f__Bacteroidaceae;g__Bacteroides;s__Bacteroides_oleiciplenus	k__Bacteria;p__Firmicutes;c__Clostridia;o__Clostridiales;f__Ruminococcaceae;g__Ruminococcus;s__Ruminococcus_bicirculans	k__Bacteria;p__Bacteroidetes;c__Bacteroidia;o__Bacteroidales;f__Bacteroidaceae;g__Bacteroides;s__Bacteroides_fluxus	k__Bacteria;p__Bacteroidetes;c__Bacteroidia;o__Bacteroidales;f__Prevotellaceae;g__Prevotella;s__Prevotella_stercorea	k__Bacteria;p__Firmicutes;c__Clostridia;o__Clostridiales;f__Lachnospiraceae;g__Dorea;s__Dorea_longicatena	k__Bacteria;p__Firmicutes;c__Clostridia;o__Clostridiales;f__Eubacteriaceae;g__Eubacterium;s__[Eubacterium]_eligens	k__Bacteria;p__Firmicutes;c__Clostridia;o__Clostridiales;f__Ruminococcaceae;g__;s__Ruminococcaceae_bacterium_D16	k__Bacteria;p__Firmicutes;c__Clostridia;o__Clostridiales;f__Lachnospiraceae;g__Coprococcus;s__Coprococcus_comes	k__Bacteria;p__Proteobacteria;c__Gammaproteobacteria;o__Enterobacterales;f__Enterobacteriaceae;g__Escherichia;s__Escherichia_coli	k__Bacteria;p__Firmicutes;c__Clostridia;o__Clostridiales;f__Ruminococcaceae;g__Anaerotruncus;s__Anaerotruncus_colihominis	k__Bacteria;p__Firmicutes;c__Clostridia;o__Clostridiales;f__Lachnospiraceae;g__Blautia;s__Blautia_obeum	k__Bacteria;p__Bacteroidetes;c__Bacteroidia;o__Bacteroidales;f__Odoribacteraceae;g__Odoribacter;s__Odoribacter_laneus	k__Bacteria;p__Firmicutes;c__Clostridia;o__Clostridiales;f__Ruminococcaceae;g__Ruminiclostridium;s__[Clostridium]_leptum	k__Bacteria;p__Bacteroidetes;c__Bacteroidia;o__Bacteroidales;f__Porphyromonadaceae;g__Parabacteroides;s__Parabacteroides_goldsteinii	k__Bacteria;p__Firmicutes;c__Clostridia;o__Clostridiales;f__Lachnospiraceae;g__Anaerostipes;s__Anaerostipes_hadrus	k__Bacteria;p__Firmicutes;c__Clostridia;o__Clostridiales;f__Ruminococcaceae;g__Ruminococcus;s__Ruminococcus_lactaris	k__Bacteria;p__Firmicutes;c__Clostridia;o__Clostridiales;f__Clostridiaceae;g__Clostridium;s__Clostridium_sp._L2-50	k__Bacteria;p__Firmicutes;c__Clostridia;o__Clostridiales;f__Clostridiaceae;g__Clostridium;s__Clostridium_sp._M62/1	k__Bacteria;p__Firmicutes;c__Clostridia;o__Clostridiales;f__;g__Intestinimonas;s__Intestinimonas_butyriciproducens	k__Bacteria;p__Actinobacteria;c__Actinobacteria;o__Bifidobacteriales;f__Bifidobacteriaceae;g__Bifidobacterium;s__Bifidobacterium_bifidum	k__Bacteria;p__Firmicutes;c__Negativicutes;o__Veillonellales;f__Veillonellaceae;g__Dialister;s__Dialister_invisus	k__Bacteria;p__Bacteroidetes;c__Bacteroidia;o__Bacteroidales;f__Bacteroidaceae;g__Bacteroides;s__Bacteroides_salanitronis
k__Bacteria;p__Bacteroidetes;c__Bacteroidia;o__Bacteroidales;f__Bacteroidaceae;g__Bacteroides;s__Bacteroides_vulgatus	1.0	-0.0120815650276	-0.0794364623097	0.0845715551142	0.0185450460902	-0.0577071837734	-0.00525193133892	-0.0336654033018	0.0193620672486	0.0408809607009	-0.00303914638554	-0.0763353652148	-0.0422293357444	0.00391338972071	0.00239105970958	0.0502844285393	-0.00792678983454	-0.0362125879808	0.0161715274012	-0.0301654081219	0.0064156458769	-0.0666802388867	-0.0854695084162	-0.0032237711491	0.0245231150794	0.0231970827075	-0.0166111104856	0.024031898024	0.0586753574608	-0.0682073439403	-0.0520577533075	-0.00431640980455	-0.0344963489857	-0.0114179302398	0.084762804546	-0.0187312075828	0.0106911198671	-0.0520099213017	0.00140088777162	-0.00642290777737	-0.038866861577	-0.0518764366443	-0.0115816460369	-0.0026545348574	-0.0417648201965	-0.0226681158742	0.0423284451009	0.0162704188475	0.00443140484968	-0.052472587493	0.0214228708737	0.00506774217164	-0.0326862604333	-0.00874522795677	-0.046519877902	-0.0122887989367	0.00494044220451	0.0268773479276	-0.0269841950342
k__Bacteria;p__Bacteroidetes;c__Bacteroidia;o__Bacteroidales;f__Bacteroidaceae;g__Bacteroides;s__Bacteroides_uniformis	-0.0120815650276	1.0	0.0750491085706	-0.0867397311083	0.012844281085	0.085954610257	0.00978476238763	0.00635568924802	-0.0543341037511	-0.0597733759756	-0.0558948036704	0.0437126935413	-0.0140195995692	0.0891735841884	-0.0645155036453	-0.00888224116178	-0.028818844036	-0.00160835593177	0.0536943171475	0.0383950595931	-0.0716921720831	-0.0529335633688	0.0135567649427	-0.0201046810525	-0.0146864495161	-0.00305095755192	-0.0576099695817	-0.00180083326352	0.0366552086052	-0.0951274198884	-0.104627023342	0.0310904732996	0.0140672783483	0.0122295022375	-0.0565690374838	0.0325440331079	-0.00878952415353	-0.0300586679836	-0.0301071507197	-0.0190589613385	0.0384817789171	0.0633682623279	0.0226122643704	-0.0396504541509	-0.0338675037066	-0.0433312947072	-0.0296959021533	0.045901331255	-0.0277406414958	-0.0698540454419	-0.0566632953717	0.0524970203689	-0.0711360764177	-0.0504199310661	0.041093191709	-0.014584828504	0.0134343760172	0.00948935320579	-0.0260166499954
k__Bacteria;p__Bacteroidetes;c__Bacteroidia;o__Bacteroidales;f__Rikenellaceae;g__Alistipes;s__Alistipes_putredinis	-0.0794364623097	0.0750491085706	1.0	-0.0257634444002	-0.074139582855	-0.0900626580225	-0.0163037836216	-0.0233767715344	0.00134198452843	-0.077327171258	-0.0560756464623	0.0746029845627	-0.000764918839487	0.0104612878056	-0.0168427814672	-0.108525280267	-0.0124338029157	-0.0325296743926	-0.0354382746889	0.0249664924554	0.00423713152284	-0.0277197521975	-0.0275407709886	-0.0630567942486	0.088259895548	-0.0278266473056	-0.0324410750832	0.0200044497324	0.0573508314766	0.0426480151675	-0.0159062610545	0.0715971421065	-0.0465810675146	-0.0783366288878	-0.0317864415348	0.0462373607641	-0.0461500126881	0.00311801139627	-0.0429245175688	-0.0281381967681	0.0195360642114	0.00290023098454	-0.00838284998011	-0.000571884935438	0.00451870894916	0.0558050837167	-0.0400985100792	-0.08309219555	-0.0436294602447	-0.0667411330086	0.0435604578424	0.0927388163195	0.0314588034692	-0.0139786455487	-0.0850116760927	0.00961331699395	-0.0159294554741	-0.00225127612875	-0.0513129851606
k__Bacteria;p__Bacteroidetes;c__Bacteroidia;o__Bacteroidales;f__Prevotellaceae;g__Prevotella;s__Prevotella_copri	0.0845715551142	-0.0867397311083	-0.0257634444002	1.0	-0.0538309072242	0.0661130485768	-0.00190835750757	0.0203905609278	-0.0167339405874	-0.00940359374166	0.0437310018547	0.0139431069618	0.0580842040197	-0.0535427389164	-0.00781704346453	-0.0260865327254	-0.0272557471453	0.049349106823	0.0136400360386	-0.0256400475486	0.0138110926398	0.0147853526565	-0.0240680007598	0.0500415667279	0.0104939737926	0.00225976893148	-0.0636817969497	0.0540636103868	0.00654919250254	0.0284792500606	0.0473612280128	-0.042708501521	-0.0441645698835	-0.0926132228347	0.0150674687021	0.00326039220701	-0.117294604144	0.0269868008106	-0.0145826159134	-0.0464803589734	-0.005033703001	-0.0838161570738	0.0079227022472	0.00899727983218	-0.0447647221279	-0.0335596367276	0.0264142336493	-0.0208668431898	0.0283944452038	-0.00453612636979	-0.000611276216867	-0.0256605174862	0.0161698544811	-0.04751344562	0.0369912591593	-0.0555894195253	-0.0248969935161	-0.0703326019537	-0.00302031666995
k__Bacteria;p__Bacteroidetes;c__Bacteroidia;o__Bacteroidales;f__Bacteroidaceae;g__Bacteroides;s__Bacteroides_stercoris	0.0185450460902	0.012844281085	-0.074139582855	-0.0538309072242	1.0	0.00546397650973	-0.0572335692396	-0.0018713486601	-0.0546998910134	-0.00247097846245	-0.0205296073251	0.0275576109663	-0.0636176698521	-0.0394670845891	-0.0100939091659	0.0426630467751	-0.0507914553922	-0.0552615621572	0.0025159657454	-0.0398094290219	0.0314669425496	-0.0201322869532	0.0108793710919	-0.0675097659424	0.0493096442034	-0.0555074322867	-0.0173720761961	0.00339865545279	-0.0307683439021	-0.0443081136284	0.0672266710368	-0.00190611495642	-0.0424710594103	-0.0195633011841	-0.0267725061727	0.00782201652651	-0.0255749690698	0.0154435291144	-0.0174239238355	0.0928742134632	0.0154274912227	0.0123276710573	-0.0131220717593	0.0844589823555	0.0196512375867	-0.015235302539	0.0178027986957	-0.0446085254341	-0.0167187816141	-0.0399929668967	-0.0318693264338	0.0295904453073	-0.00527681927512	-0.0303730488747	-0.025622423361	-0.0152447353552	-0.00837326062781	0.0444587040381	-0.0102959412068
k__Bacteria;p__Bacteroidetes;c__Bacteroidia;o__Bacteroidales;f__Bacteroidaceae;g__Bacteroides;s__Bacteroides_ovatus	-0.0577071837734	0.085954610257	-0.0900626580225	0.0661130485768	0.00546397650973	1.0	-0.0180606843428	0.0200073293288	-0.029116864722	-0.00333356946333	-0.0740667877795	-0.0524845228253	-0.00412284566072	-0.0553741884363	-0.030481788166	-0.00331680987909	0.0195841732778	-0.0278112867926	0.000938666599806	0.0550175968043	-0.056272703718	0.020492778569	-0.0367361725424	-0.0104679116977	0.0164526159687	0.00374349289213	-0.0395081866049	-0.00393145568365	-0.0322693219911	-0.0173643545048	0.0468059751571	0.067786776584	0.0363907300364	0.0465898817646	-0.081614551985	0.0643091142266	-0.0657781390885	-0.0906931925401	0.0463895574687	0.0441124862192	-0.0350258572208	-0.0343136828689	-0.0671375973544	0.0745497124659	-0.0557661210502	0.00217970530468	0.0189133210884	0.0104054717963	0.00153586376384	-0.0397979838297	-0.0299286532696	0.0278243466185	0.0577012082671	0.0315727675639	0.0174845820092	-0.0341838977881	-0.034594405288	-0.0888910616597	-0.0409428487242
k__Bacteria;p__Bacteroidetes;c__Bacteroidia;o__Bacteroidales;f__Rikenellaceae;g__Alistipes;s__Alistipes_shahii	-0.00525193133892	0.00978476238763	-0.0163037836216	-0.00190835750757	-0.0572335692396	-0.0180606843428	1.0	-0.00642346307145	-0.00018234006235	-0.00734318589714	-0.0593562229861	0.0411776557243	-0.0500795679205	-0.0588189370098	0.0397694501833	0.0254061870756	0.0785661683566	-0.0356835494932	0.00273522702787	1.02325862403e-05	-0.0315210088993	-0.0163224644231	-0.0163546303567	-0.0618842835334	-0.00984472470508	0.020422743928	-0.0336021656451	0.0736064428078	0.000904674443789	-0.0268074853626	0.0125703497424	-0.0196079288277	-0.0266810073044	-0.0233218331197	-0.044555999905	-0.014566741216	0.00985734947738	0.0482525148525	-0.0678132256324	-0.0529696666995	0.00999671523164	-0.0179352963552	-0.0163801243881	0.0478101538764	-0.0300543859108	0.0467032810255	-0.0545361475542	-0.0342160193054	0.0786660181295	0.0139399755496	0.013119253979	-0.11851443036	0.017501788173	0.0179331568902	0.0212466911847	0.0427416106956	-0.012197991352	-0.0221614236822	0.00910197370265
k__Bacteria;p__Firmicutes;c__Clostridia;o__Clostridiales;f__Ruminococcaceae;g__Faecalibacterium;s__Faecalibacterium_prausnitzii	-0.0336654033018	0.00635568924802	-0.0233767715344	0.0203905609278	-0.0018713486601	0.0200073293288	-0.00642346307145	1.0	-0.0285694907204	0.0618385076196	-0.0598423949878	-0.0206870512166	-0.0298721304161	-0.0776178139075	0.0208523473761	-0.0383548911727	-0.0314602800565	-0.0211793568955	-0.0095873256892	0.0314543908434	-0.076757296969	-0.0394770826234	0.0566667153001	0.0409492784287	-0.0506912063981	-0.0938423561504	-0.0604706175406	0.0151337026507	0.0310959464382	0.0389140876631	0.0202688214283	0.0775844981934	-0.0185479760649	-0.0800977258901	0.0585212386911	0.0275296627648	-0.103771328588	0.0327385052731	-0.022086379501	-0.0347645403562	-0.0304663012319	0.0282023831945	-0.0658250092271	0.0135861672601	0.00312353096184	0.0174920744743	-0.00517951769024	-0.00407364414766	-0.059764923077	0.00357040699405	0.0212637715317	-0.0185051903945	0.0455945739225	0.0202282011879	0.014778393873	0.0716880056468	-0.016026304796	-0.0272588265787	-0.0256266024411
k__Bacteria;p__Bacteroidetes;c__Bacteroidia;o__Bacteroidales;f__Rikenellaceae;g__Alistipes;s__Alistipes_finegoldii	0.0193620672486	-0.0543341037511	0.00134198452843	-0.0167339405874	-0.0546998910134	-0.029116864722	-0.000182340062349	-0.0285694907204	1.0	-0.00574673045877	0.0484997483272	-0.0307613744721	-0.0368942423489	-0.0568214734837	-0.0506514692252	0.0327407963532	-0.0191605016373	0.0336911010322	-0.0383808611086	0.0402790589918	-0.0317746256396	-0.0428255348123	-0.0100373486688	-0.0210489386426	-0.0170020122122	0.00645582518186	0.00958558166295	-0.0574530200651	0.0134165926191	-0.00742643809527	-0.0284497677746	0.00375867896236	0.00800696092561	0.00211025798599	0.0260888626442	0.000678059270651	0.0859464585351	-0.0510622791151	-0.0344847913077	-0.0208773555404	-0.0191068858693	-0.0493195350024	0.0387734231037	-0.0517763370495	0.00956761899338	0.0112614224177	-0.0354004075958	-0.0403364456348	0.0277399733734	0.0490615311996	-0.108563448677	0.0199778382347	0.00024071720857	-0.0375513304545	0.0199868709306	-0.0343714479026	-0.0369274935133	-0.00340916108537	0.0153378296418
k__Bacteria;p__Bacteroidetes;c__Bacteroidia;o__Bacteroidales;f__Porphyromonadaceae;g__Parabacteroides;s__Parabacteroides_distasonis	0.0408809607009	-0.0597733759756	-0.077327171258	-0.00940359374166	-0.00247097846245	-0.00333356946333	-0.00734318589714	0.0618385076196	-0.00574673045877	1.0	0.0305218367003	0.0522310034265	0.0212475515087	0.0337176397115	0.0310964035214	0.00979430113549	0.00216498288497	-0.0350129248515	0.018488386066	-0.0274726566164	-0.0172643727329	-0.069063538838	-0.0961628589672	-0.00436285527228	-0.0336588882723	-0.0161354926872	-0.0433627221689	-0.00982154443894	0.0178041265272	-0.0320704423487	-0.063669665963	-0.0665515222731	-0.105839983504	0.0713657073754	0.00647529965956	0.0511206169811	0.024455663571	-0.0503480670839	-0.0200180487553	-0.0767371618902	0.0329761527671	-0.00275195764412	-0.0788382475411	-0.0686999387914	-0.0401654505523	0.0100076262181	-0.0294919046164	0.029610358725	0.0221058710398	-0.0187552991629	0.0482715630418	-0.0466423483096	-0.069053355874	-0.0530526353467	0.0167364754686	0.0179798582424	-0.0140594572515	-0.044431537798	-0.00774122683827
k__Bacteria;p__Bacteroidetes;c__Bacteroidia;o__Bacteroidales;f__Bacteroidaceae;g__Bacteroides;s__Bacteroides_thetaiotaomicron	-0.00303914638554	-0.0558948036704	-0.0560756464623	0.0437310018547	-0.0205296073251	-0.0740667877795	-0.0593562229861	-0.0598423949878	0.0484997483272	0.0305218367003	1.0	-0.0719958150131	0.00869179518995	0.0308310252241	0.0390155587688	-0.028081389218	-0.00641942913048	0.0428384523529	-0.0895160580285	-0.0621917790985	0.00685326131216	-0.00801624815212	-0.000411818967343	0.0306955779446	-0.0126337088591	-0.0437139653612	0.019154250637	-0.0307488933917	-0.0421940594556	-0.027970040508	0.0218213338792	0.0286525768133	0.00377754488109	0.0223528760072	0.00660877112413	-0.0277292763772	-0.000347501497738	-0.0257168106927	0.0248469611902	-0.0612376527785	-0.0191120442489	-0.059655170412	-0.0289473443832	-0.0372791491892	-0.0299862912814	-0.0545815531294	-0.0196553148625	-0.0317741181372	0.108205258861	-0.0450119406612	0.0278929386819	-0.0119822495347	-0.0193878092142	0.00970821414381	-0.0213406806649	-0.0305222432016	0.0104862430018	0.055397254943	-0.0935142233064
k__Bacteria;p__Bacteroidetes;c__Bacteroidia;o__Bacteroidales;f__Bacteroidaceae;g__Bacteroides;s__Bacteroides_coprocola	-0.0763353652148	0.0437126935413	0.0746029845627	0.0139431069618	0.0275576109663	-0.0524845228253	0.0411776557243	-0.0206870512166	-0.0307613744721	0.0522310034265	-0.0719958150131	1.0	-0.00885863503502	-0.0895103632163	-0.0329592207036	-0.0699017308913	0.0568516684459	-0.00983029123116	-0.057409442633	0.0803771862216	-0.074267712348	0.0267867905933	0.0142055772335	0.017777051982	-0.0444733391659	0.0339191093409	0.0172066998713	-0.0545853402426	0.0312554076517	0.0737058141688	-0.0711948900747	-0.0655144405069	-0.00897919763397	0.0248958881577	-0.0305841924347	0.0504500527533	0.0359610070264	-0.00975278323123	0.00620729289759	0.0328298291115	0.0292899352585	-0.0284523623364	-0.0513922322652	-0.0608295584547	0.0224807304242	-0.029347326444	-0.0716571403562	0.00893989002515	-0.0345751072394	0.0306104871351	0.0308738463281	-0.103564607048	0.000166445798786	0.0241460256885	-0.0651297914166	-0.0219043295476	0.0179459407117	0.116492075535	-0.021817805252
k__Bacteria;p__Bacteroidetes;c__Bacteroidia;o__Bacteroidales;f__Bacteroidaceae;g__Bacteroides;s__Bacteroides_cellulosilyticus	-0.0422293357444	-0.0140195995692	-0.000764918839487	0.0580842040197	-0.0636176698521	-0.00412284566072	-0.0500795679205	-0.0298721304161	-0.0368942423489	0.0212475515087	0.00869179518995	-0.00885863503502	1.0	0.0655853495275	0.0314568116635	-0.0668456952574	-0.0482764312019	-0.0413386641759	-0.0826477274625	0.00787043564966	0.0157030903504	-0.00435088978987	-0.0482838329855	-0.076513125881	0.0326510196985	-0.0337062191846	-0.0367310104591	0.109161477643	0.0126616166408	-0.0565915467072	-0.0325694092767	-0.0251225049145	-0.0184686781483	0.0744082157461	-0.0283485311234	-0.00493583863756	-0.0777876183688	-0.0359138569148	0.0716604133514	-0.0113036734506	0.0838822549901	-0.0210064109783	0.00524593109016	0.00862173596987	-0.0358948998815	0.0096743654733	0.0360200377497	-0.0619282751087	-0.0200394309681	0.00804418505623	-0.0343491696407	0.0315755812839	-0.00476119086268	-0.0655737279548	-0.0166009823294	-0.021893371383	-0.0112877201827	0.00727135760524	-0.0817573195308
k__Bacteria;p__Bacteroidetes;c__Bacteroidia;o__Bacteroidales;f__Rikenellaceae;g__Alistipes;s__Alistipes_obesi	0.00391338972071	0.0891735841884	0.0104612878056	-0.0535427389164	-0.0394670845891	-0.0553741884363	-0.0588189370098	-0.0776178139075	-0.0568214734837	0.0337176397115	0.0308310252241	-0.0895103632163	0.0655853495275	1.0	0.00770575430384	-0.000659294341909	0.0206001959813	0.00765219029767	0.0550702143436	0.0561906936529	-0.0183685039228	-0.0455984408912	-0.0661226906593	-0.00427979424492	-0.0217847910623	-0.0125510337179	-0.0507399179487	0.0199375932631	0.0130191899132	0.00476736835835	-0.0507348517262	-0.0473333606543	-0.0344935203188	0.00619437661133	-0.0842902662961	0.0177855416094	-0.0463466008534	-0.0151794562739	0.0256072901296	-0.0369714176134	-0.00723584514741	-0.0715464251973	0.0376289286954	0.0357380378159	0.000297489419503	0.00854706538818	-0.0286857752737	-0.00687846192064	-0.0289346832627	-0.0531022910144	-0.0522568911853	0.106142470732	-0.0365986456628	-0.00765090922076	-0.0339100430206	-0.0889820954476	-0.0427171453926	-0.0627037013532	-0.0829499679485
k__Bacteria;p__Firmicutes;c__Clostridia;o__Clostridiales;f__Lachnospiraceae;g__;s__[Eubacterium]_rectale	0.00239105970958	-0.0645155036453	-0.0168427814672	-0.00781704346453	-0.0100939091659	-0.030481788166	0.0397694501833	0.0208523473761	-0.0506514692252	0.0310964035214	0.0390155587688	-0.0329592207036	0.0314568116635	0.00770575430384	1.0	0.00398640219708	0.058204314121	-0.0505837650987	-0.0370675090354	-0.0404946763955	-0.0348547806029	-0.0260281924916	0.0191224993313	0.0337929280354	-0.0220315212165	0.0452005285467	-0.00124521510799	-0.0214924724388	0.0251115579974	-0.056180083229	0.00186892497652	-0.0304759514672	0.0673993178341	0.0115780769037	-0.00775549699351	0.023807184484	-0.00406395207984	-0.0431143735409	-0.0687390659993	-0.081965529456	0.0380027292798	0.0123969615371	-0.00873855531188	-0.0182356178546	0.0331647877691	-0.0458111464483	-0.0208926652522	-0.0740244351716	-0.0305677567657	0.000718371534346	-0.0306813064472	0.00292451838918	-0.018960186526	-0.0323886827888	-0.0344733160317	-0.0235795535788	-0.043340783353	0.0311801468333	0.00158939661849
k__Bacteria;p__Bacteroidetes;c__Bacteroidia;o__Bacteroidales;f__Bacteroidaceae;g__Bacteroides;s__Bacteroides_plebeius	0.0502844285393	-0.00888224116178	-0.108525280267	-0.0260865327254	0.0426630467751	-0.00331680987909	0.0254061870756	-0.0383548911727	0.0327407963532	0.00979430113549	-0.028081389218	-0.0699017308913	-0.0668456952574	-0.000659294341909	0.00398640219708	1.0	0.0988084172728	-0.00991889893206	-0.0861561382351	-0.0484502412841	-0.0525585856487	-0.0490293311794	0.0204133437427	-0.00861431557559	-0.0524738589459	-0.0272655298598	-0.0312141273434	0.0732306263837	0.0308291422262	-0.0971170425258	0.00837322465384	-0.0605573633647	-0.0425591278178	-0.0423123999541	0.076317819389	0.0336923321684	0.0218819324694	-0.00128207924524	-0.0521759941137	0.0131804010522	0.0201359829409	0.0738000924649	0.00703741376086	-0.0135402309958	-0.0525329127293	-0.00367238663695	0.0204551709687	0.016412860249	0.02042476056	0.00521451802077	-0.0889619889983	-0.104651926763	-0.0842184948187	0.033043618652	-0.00331306561242	-0.0602940312602	-0.00621510435142	0.0193051251209	0.033131657582
k__Bacteria;p__Bacteroidetes;c__Bacteroidia;o__Bacteroidales;f__Bacteroidaceae;g__Bacteroides;s__Bacteroides_fragilis	-0.00792678983454	-0.028818844036	-0.0124338029157	-0.0272557471453	-0.0507914553922	0.0195841732778	0.0785661683566	-0.0314602800565	-0.0191605016373	0.00216498288497	-0.00641942913048	0.0568516684459	-0.0482764312019	0.0206001959813	0.058204314121	0.0988084172728	1.0	-0.0979390608572	-0.0599406768276	-0.0147276821824	-0.0442210306105	-0.0173455090357	0.0241512657156	0.0139258302101	-0.000437153088116	-0.00285329108867	0.0042144853932	-0.0335579061502	-0.0420755998229	0.0256109620035	0.0119425731566	-0.0394048871983	0.0114669911494	-0.0366311038253	-0.00566094344267	0.013368722528	0.0323147138375	-0.0328442672436	0.0540712308917	0.0284442614884	0.0234075400472	0.00920939320334	-0.0901168439779	-0.0182184072789	-0.075258501785	-0.0219320826506	-0.0684499394811	-0.00368760620971	-0.0738192798552	0.0112736911724	0.029496048656	-0.0505780062573	-0.0831031686608	-0.0031073982689	-0.0433500270641	0.0244401982535	-0.0315776094518	-0.0392901564918	0.00156764099983
k__Bacteria;p__Proteobacteria;c__Betaproteobacteria;o__Burkholderiales;f__Sutterellaceae;g__Sutterella;s__Sutterella_wadsworthensis	-0.0362125879808	-0.00160835593177	-0.0325296743926	0.049349106823	-0.0552615621572	-0.0278112867926	-0.0356835494932	-0.0211793568955	0.0336911010322	-0.0350129248515	0.0428384523529	-0.00983029123116	-0.0413386641759	0.00765219029767	-0.0505837650987	-0.00991889893206	-0.0979390608572	1.0	-0.00929729437539	0.0500523858706	0.0276046113683	0.041859097731	0.0111445849152	0.0724262979379	0.0142534356735	-0.0770447244746	0.0380831965338	0.0263633243119	0.0446184158825	-0.0577290168093	-0.0323307508978	0.00975995703208	0.02170205837	-0.0161672578245	-0.0910965860696	0.0718771747368	-0.0218634207434	0.0144808234101	-0.0322552737154	0.0147349979343	0.0381845966413	-0.0518381383616	-0.0249202525462	0.00153430304978	-0.0111697113492	0.0372751488803	-0.0309525985985	-0.0737033055472	0.0109948277637	-0.0183665537771	-0.0437603321644	-0.00176406816003	0.105629641206	-0.0168983535812	-0.0588570870148	-0.028269104323	-0.0340892974492	-0.0818398502717	-0.0882602441254
k__Bacteria;p__Bacteroidetes;c__Bacteroidia;o__Bacteroidales;f__Porphyromonadaceae;g__Barnesiella;s__Barnesiella_intestinihominis	0.0161715274012	0.0536943171475	-0.0354382746889	0.0136400360386	0.0025159657454	0.000938666599806	0.00273522702787	-0.0095873256892	-0.0383808611086	0.018488386066	-0.0895160580285	-0.057409442633	-0.0826477274625	0.0550702143436	-0.0370675090354	-0.0861561382351	-0.0599406768276	-0.00929729437539	1.0	-0.0398137824956	0.0188352990486	0.010585784897	-0.0340047403842	0.00111342080678	0.0259562776904	0.0120179850529	0.0361700080976	-0.0468605404458	-0.0210979145704	0.0410661559943	-0.0497754140834	-0.0268390709709	-0.00334192228925	-0.00577510985029	-0.0187647235872	0.00479234282149	-0.075788062142	0.0434962390426	0.0231126199816	0.047651029864	0.0169407820859	-0.00313403922406	0.0258446857415	0.0321429478296	0.025247947954	-0.00807876314482	0.0479508825993	0.00474918478369	0.00898710815045	0.0759595106661	0.0665789373355	-0.012710633235	-0.0376715100234	-0.0057055389213	-0.0320968825894	-0.018855111337	-0.016790942281	-0.0500003326594	-0.0262669286803
k__Bacteria;p__Bacteroidetes;c__Bacteroidia;o__Bacteroidales;f__Odoribacteraceae;g__Odoribacter;s__Odoribacter_splanchnicus	-0.0301654081219	0.0383950595931	0.0249664924554	-0.0256400475486	-0.0398094290219	0.0550175968043	1.02325862404e-05	0.0314543908434	0.0402790589918	-0.0274726566164	-0.0621917790985	0.0803771862216	0.00787043564966	0.0561906936529	-0.0404946763955	-0.0484502412841	-0.0147276821824	0.0500523858706	-0.0398137824956	1.0	0.0147910676613	0.0971546516319	-0.0499291514221	-0.0408486307497	-0.00384777305791	-0.0323405169472	-0.0444258050319	0.0505010543124	-0.0839504929159	-0.00715669105801	0.0175720504277	0.00265919700642	-0.0140276795823	-0.0295748463868	-0.0319765669765	0.0109053493193	0.0569742550335	0.0190768484836	0.0223682622376	-0.0313088312126	-0.0684841698968	0.0255313934365	-0.0114917565801	-0.026720358807	-0.0378489457426	0.0466989595073	-0.00679532170714	-0.0443527789544	-0.0635252992789	-0.000470315456318	0.0115459159797	0.0202296382154	-0.020275181424	-0.0426748704001	0.0452816043702	-0.0265339906064	-0.0125024075487	-0.0302374504997	0.0491494182733
k__Bacteria;p__Bacteroidetes;c__Bacteroidia;o__Bacteroidales;f__Bacteroidaceae;g__Bacteroides;s__Bacteroides_salyersiae	0.0064156458769	-0.0716921720831	0.00423713152284	0.0138110926398	0.0314669425496	-0.056272703718	-0.0315210088993	-0.076757296969	-0.0317746256396	-0.0172643727329	0.00685326131216	-0.074267712348	0.0157030903504	-0.0183685039228	-0.0348547806029	-0.0525585856487	-0.0442210306105	0.0276046113683	0.0188352990486	0.0147910676613	1.0	0.00105143199723	-0.00693378873491	0.0251120331391	-0.0402132159973	-0.0393472542592	0.0471996868706	-0.030953093548	-0.0144504830104	-0.0673696572289	-0.0701840520163	0.00634058188655	0.0105159830693	0.0175156338642	-0.00309706826779	-0.0546111437797	0.0677678053922	0.0510963820685	-0.0557307377101	-0.0268235511161	0.0630329133814	0.0381747620436	-0.0338540510944	-0.0277594697748	0.0128847896282	0.0214662721818	-0.0468881145974	0.0334487625331	0.0295329476268	0.0467535412822	-0.0245028616036	0.0394512869629	-0.0116164399699	-0.0594752556386	-0.00597158729822	-0.0285735500522	-0.00445048737766	-0.0594311092088	-0.0414197263828
k__Bacteria;p__Firmicutes;c__Clostridia;o__Clostridiales;f__Ruminococcaceae;g__Ruminiclostridium;s__[Eubacterium]_siraeum	-0.0666802388867	-0.0529335633688	-0.0277197521975	0.0147853526565	-0.0201322869532	0.020492778569	-0.0163224644231	-0.0394770826234	-0.0428255348123	-0.069063538838	-0.00801624815212	0.0267867905933	-0.00435088978987	-0.0455984408912	-0.0260281924916	-0.0490293311794	-0.0173455090357	0.041859097731	0.010585784897	0.0971546516319	0.00105143199723	1.0	0.0196615538664	0.0062624773121	-0.0211669321606	-0.0424215659872	-0.0143359778081	0.0291405892292	0.040019229861	-0.0711742062405	-0.0347640334945	-0.0324737876984	0.0619568953708	0.0705884898717	-0.0729952771339	0.0397240545465	-0.00790424248776	0.051721399764	0.0173716117903	-0.0650047485757	-0.0306393924888	-0.0866441818079	-0.115706689661	-0.0406577005824	-0.0121126822147	-0.0110418908167	0.0508947839814	0.0291996092362	0.011101621973	0.0329179137648	-0.0504907504332	-0.0627187277315	0.00575275608816	0.010362011982	-0.0092548425962	0.0371576238428	-0.0429814053932	-0.00459161820495	-0.0140214584484
k__Bacteria;p__Proteobacteria;c__Betaproteobacteria;o__Burkholderiales;f__Sutterellaceae;g__Parasutterella;s__Parasutterella_excrementihominis	-0.0854695084162	0.0135567649427	-0.0275407709886	-0.0240680007598	0.0108793710919	-0.0367361725424	-0.0163546303567	0.0566667153001	-0.0100373486688	-0.0961628589672	-0.000411818967343	0.0142055772335	-0.0482838329855	-0.0661226906593	0.0191224993313	0.0204133437427	0.0241512657156	0.0111445849152	-0.0340047403842	-0.0499291514221	-0.00693378873491	0.0196615538664	1.0	-0.00877246142696	0.00834116931738	-0.0427924300447	0.0563847687614	-0.0202979316773	-0.0342392851709	-0.0297524732777	0.0107233335447	-0.016704022746	-0.0186100782354	0.00305469295918	0.00431372180053	-0.0361584376007	0.0253491858333	0.0243488825098	-0.00178525820831	-0.0764774844606	-0.0197071941955	-0.0341912446415	-0.0546395808128	0.0271937454441	0.0627725073583	0.0299538188024	0.00121532728278	-0.0401965522218	-0.0449588197952	-0.0461981985284	-0.0541835681207	0.0453469019406	0.0219717385872	0.0409800670653	-0.0698826384808	-0.0267850238074	-0.0486004539392	0.00799821899817	0.0475730507921
k__Bacteria;p__Actinobacteria;c__Actinobacteria;o__Bifidobacteriales;f__Bifidobacteriaceae;g__Bifidobacterium;s__Bifidobacterium_adolescentis	-0.0032237711491	-0.0201046810525	-0.0630567942486	0.0500415667279	-0.0675097659424	-0.0104679116977	-0.0618842835334	0.0409492784287	-0.0210489386426	-0.00436285527228	0.0306955779446	0.017777051982	-0.076513125881	-0.00427979424492	0.0337929280354	-0.00861431557559	0.0139258302101	0.0724262979379	0.00111342080678	-0.0408486307497	0.0251120331391	0.0062624773121	-0.00877246142696	1.0	-0.0523794185601	-0.112610448402	0.0428816002376	-0.00837623206718	-0.0080506948279	-0.0494161310817	-0.096155244767	-0.0136254492119	1.12486779418e-05	-0.0578775480803	0.0200487898228	0.0878409754236	-0.0556262111089	-0.0167717465003	0.038882178733	-0.0584012027735	-0.0284212874645	0.0376785415318	-0.0204433757943	-0.0562311440887	-0.012350203405	0.0919547448768	-0.0160726104766	-0.047547168887	0.0475956556856	-0.037910924265	-0.0244655615576	0.0866334543399	0.0540490472701	-0.0437365222202	-0.00151861147436	-0.0180018509612	-0.0202989245358	-0.0159584715382	-0.031091663941
k__Bacteria;p__Firmicutes;c__Clostridia;o__Clostridiales;f__Oscillospiraceae;g__Oscillibacter;s__Oscillibacter_sp._KLE_1745	0.0245231150794	-0.0146864495161	0.088259895548	0.0104939737926	0.0493096442034	0.0164526159687	-0.00984472470508	-0.0506912063981	-0.0170020122122	-0.0336588882723	-0.0126337088591	-0.0444733391659	0.0326510196985	-0.0217847910623	-0.0220315212165	-0.0524738589459	-0.000437153088116	0.0142534356735	0.0259562776904	-0.00384777305791	-0.0402132159973	-0.0211669321606	0.00834116931738	-0.0523794185601	1.0	-0.0758581049625	0.0515400587989	-0.0188659205152	0.0130812110666	0.0147731403081	0.0365034295389	0.00956997612736	0.0575439177937	0.0577457493947	-0.025697620506	-0.0649231070706	-0.0127895066959	-0.0087182989522	-0.0444900687017	0.0335924588743	-0.00750021083155	-0.0642724863972	0.0110941681722	-0.0211942393355	0.00425789966556	-0.0225835539761	-0.0332882562934	-0.00584430237947	-0.0239736788845	0.0181460914357	-0.00521240624977	-0.0432522704173	0.0099946867962	-0.0605399009057	0.00914156494159	-0.0642950929133	-0.0533403761252	0.0306264099535	-0.00406385710395
k__Bacteria;p__Bacteroidetes;c__Bacteroidia;o__Bacteroidales;f__Bacteroidaceae;g__Bacteroides;s__Bacteroides_coprophilus	0.0231970827075	-0.00305095755192	-0.0278266473056	0.00225976893148	-0.0555074322867	0.00374349289213	0.020422743928	-0.0938423561504	0.00645582518186	-0.0161354926872	-0.0437139653612	0.0339191093409	-0.0337062191846	-0.0125510337179	0.0452005285467	-0.0272655298598	-0.00285329108867	-0.0770447244746	0.0120179850529	-0.0323405169472	-0.0393472542592	-0.0424215659872	-0.0427924300447	-0.112610448402	-0.0758581049625	1.0	-0.104423794736	0.0119699441208	-0.0288469755419	0.0601666946231	-0.11467757937	0.0557797016261	-0.0226076715264	0.00336360132507	-0.0401519221945	0.0198320566338	0.0517978634883	0.00215696504636	0.00245104020264	0.00460489585277	0.0329708009166	-0.0164069471172	-0.0183484148052	0.0426283209118	0.0377901363376	-0.018320371223	0.0237538110592	0.0159911831476	-0.0659190731229	0.0268730165788	-0.0311426440542	-0.0995026902212	0.0137591420246	-0.0433202863285	-0.00993326941516	-0.0213768386382	0.0317333652152	0.0598810292558	-0.0111751740492
k__Bacteria;p__Firmicutes;c__Clostridia;o__Clostridiales;f__Lachnospiraceae;g__Roseburia;s__Roseburia_intestinalis	-0.0166111104856	-0.0576099695817	-0.0324410750832	-0.0636817969497	-0.0173720761961	-0.0395081866049	-0.0336021656451	-0.0604706175406	0.00958558166295	-0.0433627221689	0.019154250637	0.0172066998713	-0.0367310104591	-0.0507399179487	-0.00124521510799	-0.0312141273434	0.0042144853932	0.0380831965338	0.0361700080976	-0.0444258050319	0.0471996868706	-0.0143359778081	0.0563847687614	0.0428816002376	0.0515400587989	-0.104423794736	1.0	-0.118664757601	-0.0735504849004	0.00996364182155	-0.0421459550998	-0.0156327362399	-0.0374464573846	-0.0244459577571	0.0632757826226	-0.0298416753427	-0.0315968478086	-0.031064794725	-0.0433786813792	-0.0284686204048	-0.0406861843244	-0.0330443467552	0.0221944501183	-0.0393371621079	0.0118973869043	-0.00554639518393	-0.0282181007233	-0.0640565375389	0.0434198175813	0.0484663323256	0.0117668526426	-0.0201717918415	-0.014646279665	-0.0235200079755	0.0353889498274	-0.0606267561221	-0.0786156877913	-0.0832910722181	0.0303495568084
k__Bacteria;p__Firmicutes;c__Clostridia;o__Clostridiales;f__Lachnospiraceae;g__Roseburia;s__Roseburia_hominis	0.024031898024	-0.00180083326352	0.0200044497324	0.0540636103868	0.00339865545279	-0.00393145568365	0.0736064428078	0.0151337026507	-0.0574530200651	-0.00982154443894	-0.0307488933917	-0.0545853402426	0.109161477643	0.0199375932631	-0.0214924724388	0.0732306263837	-0.0335579061502	0.0263633243119	-0.0468605404458	0.0505010543124	-0.030953093548	0.0291405892292	-0.0202979316773	-0.00837623206718	-0.0188659205152	0.0119699441208	-0.118664757601	1.0	-0.0511653778787	0.021836719108	-0.0367965866863	-0.107130720209	-0.00663884541831	-0.0348474002528	-0.0143239361344	-0.0616272192778	0.0201088011825	-0.0208129865704	-0.0176140859863	0.00744985817463	-0.0103207518651	-0.0360447060943	-0.023132493866	-0.0689991688204	-0.0748540794093	0.0586151742374	-0.0204467584004	-0.0256882826039	0.0629912765042	-0.015892186533	-0.00708009475425	-0.0124445805066	0.00496990818119	-0.0175634069052	-0.0567214523005	-0.0200403613271	0.0791534555395	-0.0609798390973	0.00969122759497
k__Bacteria;p__Bacteroidetes;c__Bacteroidia;o__Bacteroidales;f__Porphyromonadaceae;g__Parabacteroides;s__Parabacteroides_johnsonii	0.0586753574608	0.0366552086052	0.0573508314766	0.00654919250254	-0.0307683439021	-0.0322693219911	0.000904674443789	0.0310959464382	0.0134165926191	0.0178041265272	-0.0421940594556	0.0312554076517	0.0126616166408	0.0130191899132	0.0251115579974	0.0308291422262	-0.0420755998229	0.0446184158825	-0.0210979145704	-0.0839504929159	-0.0144504830104	0.040019229861	-0.0342392851709	-0.0080506948279	0.0130812110666	-0.0288469755419	-0.0735504849004	-0.0511653778787	1.0	-0.0311575257343	-0.00360101099332	-0.00580560729994	0.0249835530947	-0.0254503030582	-0.0442329868489	0.0794005089124	-0.0569436859386	-0.0577464979659	-0.0384939273215	-0.0418460260342	-0.11415500155	0.0316548515795	-0.0905482628982	-0.0738476220722	-0.0455502718464	-0.00492092673235	0.0112062118361	0.0770948368495	-0.0540179272159	-0.00945164324405	0.0580290092021	0.0316113596855	0.00280414261833	-0.0446344528697	-0.0497367502267	0.0542710171515	-0.0246768528004	-0.043203962541	-0.0905017210495
k__Bacteria;p__Actinobacteria;c__Actinobacteria;o__Bifidobacteriales;f__Bifidobacteriaceae;g__Bifidobacterium;s__Bifidobacterium_longum	-0.0682073439403	-0.0951274198884	0.0426480151675	0.0284792500606	-0.0443081136284	-0.0173643545048	-0.0268074853626	0.0389140876631	-0.00742643809527	-0.0320704423487	-0.027970040508	0.0737058141688	-0.0565915467072	0.00476736835835	-0.056180083229	-0.0971170425258	0.0256109620035	-0.0577290168093	0.0410661559943	-0.00715669105801	-0.0673696572289	-0.0711742062405	-0.0297524732777	-0.0494161310817	0.0147731403081	0.0601666946231	0.00996364182155	0.021836719108	-0.0311575257343	1.0	0.0414125429329	0.0143269499907	-0.0903411941777	-0.0326525801682	0.0115611142296	-0.0139991110324	0.00146236663396	-0.0149432100837	0.0252850587071	0.0604678071671	0.0379834065061	0.0530661923807	-0.068859254514	0.00380164599494	-0.118601147742	-0.0454487737662	-0.00466557026141	0.0192934455643	0.0214059808109	-0.0630245241865	0.0123973064352	0.00611929388939	-0.0802705346461	-0.0565351165267	0.00112958893121	-0.0146537527507	-0.0375575807301	0.0606414277064	-0.0149326312272
