#taxonomy	k__Bacteria;p__Bacteroidetes;c__Bacteroidia;o__Bacteroidales;f__Bacteroidaceae;g__Bacteroides;s__Bacteroides_vulgatus	k__Bacteria;p__Bacteroidetes;c__Bacteroidia;o__Bacteroidales;f__Bacteroidaceae;g__Bacteroides;s__Bacteroides_uniformis	k__Bacteria;p__Bacteroidetes;c__Bacteroidia;o__Bacteroidales;f__Rikenellaceae;g__Alistipes;s__Alistipes_putredinis	k__Bacteria;p__Bacteroidetes;c__Bacteroidia;o__Bacteroidales;f__Prevotellaceae;g__Prevotella;s__Prevotella_copri	k__Bacteria;p__Bacteroidetes;c__Bacteroidia;o__Bacteroidales;f__Bacteroidaceae;g__Bacteroides;s__Bacteroides_stercoris	k__Bacteria;p__Bacteroidetes;c__Bacteroidia;o__Bacteroidales;f__Bacteroidaceae;g__Bacteroides;s__Bacteroides_ovatus	k__Bacteria;p__Bacteroidetes;c__Bacteroidia;o__Bacteroidales;f__Rikenellaceae;g__Alistipes;s__Alistipes_shahii	k__Bacteria;p__Firmicutes;c__Clostridia;o__Clostridiales;f__Ruminococcaceae;g__Faecalibacterium;s__Faecalibacterium_prausnitzii	k__Bacteria;p__Bacteroidetes;c__Bacteroidia;o__Bacteroidales;f__Rikenellaceae;g__Alistipes;s__Alistipes_finegoldii	k__Bacteria;p__Bacteroidetes;c__Bacteroidia;o__Bacteroidales;f__Porphyromonadaceae;g__Parabacteroides;s__Parabacteroides_distasonis	k__Bacteria;p__Bacteroidetes;c__Bacteroidia;o__Bacteroidales;f__Bacteroidaceae;g__Bacteroides;s__Bacteroides_thetaiotaomicron	k__Bacteria;p__Bacteroidetes;c__Bacteroidia;o__Bacteroidales;f__Bacteroidaceae;g__Bacteroides;s__Bacteroides_coprocola	k__Bacteria;p__Bacteroidetes;c__Bacteroidia;o__Bacteroidales;f__Bacteroidaceae;g__Bacteroides;s__Bacteroides_cellulosilyticus	k__Bacteria;p__Bacteroidetes;c__Bacteroidia;o__Bacteroidales;f__Rikenellaceae;g__Alistipes;s__Alistipes_obesi	k__Bacteria;p__Firmicutes;c__Clostridia;o__Clostridiales;f__Lachnospiraceae;g__;s__[Eubacterium]_rectale	k__Bacteria;p__Bacteroidetes;c__Bacteroidia;o__Bacteroidales;f__Bacteroidaceae;g__Bacteroides;s__Bacteroides_plebeius	k__Bacteria;p__Bacteroidetes;c__Bacteroidia;o__Bacteroidales;f__Bacteroidaceae;g__Bacteroides;s__Bacteroides_fragilis	k__Bacteria;p__Proteobacteria;c__Betaproteobacteria;o__Burkholderiales;f__Sutterellaceae;g__Sutterella;s__Sutterella_wadsworthensis	k__Bacteria;p__Bacteroidetes;c__Bacteroidia;o__Bacteroidales;f__Porphyromonadaceae;g__Barnesiella;s__Barnesiella_intestinihominis	k__Bacteria;p__Bacteroidetes;c__Bacteroidia;o__Bacteroidales;f__Odoribacteraceae;g__Odoribacter;s__Odoribacter_splanchnicus	k__Bacteria;p__Bacteroidetes;c__Bacteroidia;o__Bacteroidales;f__Bacteroidaceae;g__Bacteroides;s__Bacteroides_salyersiae	k__Bacteria;p__Firmicutes;c__Clostridia;o__Clostridiales;f__Ruminococcaceae;g__Ruminiclostridium;s__[Eubacterium]_siraeum	k__Bacteria;p__Proteobacteria;c__Betaproteobacteria;o__Burkholderiales;f__Sutterellaceae;g__Parasutterella;s__Parasutterella_excrementihominis	k__Bacteria;p__Actinobacteria;c__Actinobacteria;o__Bifidobacteriales;f__Bifidobacteriaceae;g__Bifidobacterium;s__Bifidobacterium_adolescentis	k__Bacteria;p__Firmicutes;c__Clostridia;o__Clostridiales;f__Oscillospiraceae;g__Oscillibacter;s__Oscillibacter_sp._KLE_1745	k__Bacteria;p__Bacteroidetes;c__Bacteroidia;o__Bacteroidales;f__Bacteroidaceae;g__Bacteroides;s__Bacteroides_coprophilus	k__Bacteria;p__Firmicutes;c__Clostridia;o__Clostridiales;f__Lachnospiraceae;g__Roseburia;s__Roseburia_intestinalis	k__Bacteria;p__Firmicutes;c__Clostridia;o__Clostridiales;f__Lachnospiraceae;g__Roseburia;s__Roseburia_hominis	k__Bacteria;p__Bacteroidetes;c__Bacteroidia;o__Bacteroidales;f__Porphyromonadaceae;g__Parabacteroides;s__Parabacteroides_johnsonii	k__Bacteria;p__Actinobacteria;c__Actinobacteria;o__Bifidobacteriales;f__Bifidobacteriaceae;g__Bifidobacterium;s__Bifidobacterium_longum	k__Bacteria;p__Firmicutes;c__Clostridia;o__Clostridiales;f__;g__Flavonifractor;s__Flavonifractor_plautii	k__Bacteria;p__Firmicutes;c__Clostridia;o__Clostridiales;f__Clostridiaceae;g__Clostridium;s__Clostridium_phoceensis	k__Bacteria;p__Verrucomicrobia;c__Verrucomicrobiae;o__Verrucomicrobiales;f__Akkermansiaceae;g__Akkermansia;s__Akkermansia_muciniphila	k__Bacteria;p__Bacteroidetes;c__Bacteroidia;o__Bacteroidales;f__Prevotellaceae;g__Paraprevotella;s__Paraprevotella_xylaniphila	k__Bacteria;p__Firmicutes;c__Clostridia;o__Clostridiales;f__Ruminococcaceae;g__Ruminococcus;s__Ruminococcus_callidus	k__Bacteria;p__Bacteroidetes;c__Bacteroidia;o__Bacteroidales;f__Rikenellaceae;g__Alistipes;s__Alistipes_senegalensis	k__Bacteria;p__Firmicutes;c__Clostridia;o__Clostridiales;f__Lachnospiraceae;g__Blautia;s__Blautia_sp._KLE_1732	k__Bacteria;p__Bacteroidetes;c__Bacteroidia;o__Bacteroidales;f__Bacteroidaceae;g__Bacteroides;s__Bacteroides_oleiciplenus	k__Bacteria;p__Firmicutes;c__Clostridia;o__Clostridiales;f__Ruminococcaceae;g__Ruminococcus;s__Ruminococcus_bicirculans	k__Bacteria;p__Bacteroidetes;c__Bacteroidia;o__Bacteroidales;f__Bacteroidaceae;g__Bacteroides;s__Bacteroides_fluxus	k__Bacteria;p__Bacteroidetes;c__Bacteroidia;o__Bacteroidales;f__Prevotellaceae;g__Prevotella;s__Prevotella_stercorea	k__Bacteria;p__Firmicutes;c__Clostridia;o__Clostridiales;f__Lachnospiraceae;g__Dorea;s__Dorea_longicatena	k__Bacteria;p__Firmicutes;c__Clostridia;o__Clostridiales;f__Eubacteriaceae;g__Eubacterium;s__[Eubacterium]_eligens	k__Bacteria;p__Firmicutes;c__Clostridia;o__Clostridiales;f__Ruminococcaceae;g__;s__Ruminococcaceae_bacterium_D16	k__Bacteria;p__Firmicutes;c__Clostridia;o__Clostridiales;f__Lachnospiraceae;g__Coprococcus;s__Coprococcus_comes	k__Bacteria;p__Proteobacteria;c__Gammaproteobacteria;o__Enterobacterales;f__Enterobacteriaceae;g__Escherichia;s__Escherichia_coli	k__Bacteria;p__Firmicutes;c__Clostridia;o__Clostridiales;f__Ruminococcaceae;g__Anaerotruncus;s__Anaerotruncus_colihominis	k__Bacteria;p__Firmicutes;c__Clostridia;o__Clostridiales;f__Lachnospiraceae;g__Blautia;s__Blautia_obeum	k__Bacteria;p__Bacteroidetes;c__Bacteroidia;o__Bacteroidales;f__Odoribacteraceae;g__Odoribacter;s__Odoribacter_laneus	k__Bacteria;p__Firmicutes;c__Clostridia;o__Clostridiales;f__Ruminococcaceae;g__Ruminiclostridium;s__[Clostridium]_leptum	k__Bacteria;p__Bacteroidetes;c__Bacteroidia;o__Bacteroidales;f__Porphyromonadaceae;g__Parabacteroides;s__Parabacteroides_goldsteinii	k__Bacteria;p__Firmicutes;c__Clostridia;o__Clostridiales;f__Lachnospiraceae;g__Anaerostipes;s__Anaerostipes_hadrus	k__Bacteria;p__Firmicutes;c__Clostridia;o__Clostridiales;f__Ruminococcaceae;g__Ruminococcus;s__Ruminococcus_lactaris	k__Bacteria;p__Firmicutes;c__Clostridia;o__Clostridiales;f__Clostridiaceae;g__Clostridium;s__Clostridium_sp._L2-50	k__Bacteria;p__Firmicutes;c__Clostridia;o__Clostridiales;f__Clostridiaceae;g__Clostridium;s__Clostridium_sp._M62/1	k__Bacteria;p__Firmicutes;c__Clostridia;o__Clostridiales;f__;g__Intestinimonas;s__Intestinimonas_butyriciproducens	k__Bacteria;p__Actinobacteria;c__Actinobacteria;o__Bifidobacteriales;f__Bifidobacteriaceae;g__Bifidobacterium;s__Bifidobacterium_bifidum	k__Bacteria;p__Firmicutes;c__Negativicutes;o__Veillonellales;f__Veillonellaceae;g__Dialister;s__Dialister_invisus	k__Bacteria;p__Bacteroidetes;c__Bacteroidia;o__Bacteroidales;f__Bacteroidaceae;g__Bacteroides;s__Bacteroides_salanitronis
k__Bacteria;p__Bacteroidetes;c__Bacteroidia;o__Bacteroidales;f__Bacteroidaceae;g__Bacteroides;s__Bacteroides_vulgatus	1.0	0.0750425642909	0.0149730298449	-0.0790959866865	0.0656988106789	0.0214197105449	-0.0187664453377	0.0410441282648	-0.0502084563176	-0.0301304910684	-0.00763377580665	-0.0231069068531	-0.0641888147991	-0.00471854778679	0.0388445537544	-0.0404008570887	-0.011802729215	-0.00251611001988	0.025840796136	0.0287831094939	-0.0234009102903	0.0318032462394	-0.058609876739	0.0778123238857	-0.0357565066881	-0.0326432701971	-0.0635071729461	-0.0111214451907	0.0209604519661	-0.058370543357	-0.0318894703499	0.0391036618792	-0.0145844693888	-0.0188229308851	-0.0409278025433	0.0466470403369	-0.0543087527159	0.0143790191579	-0.00992771200523	-0.0292904808442	-0.0140357378413	0.0284977284826	0.0451453866657	-0.00458546903404	0.0137501575543	-0.0488952573598	-0.0721158899187	0.011489375315	0.0338420309936	-0.0744106549395	0.0473651706839	-0.0226529358572	0.0343750544263	-0.0398078305568	-0.0453429495906	0.00317787726968	-0.015610601262	-0.0335511608233	0.00475463694839
k__Bacteria;p__Bacteroidetes;c__Bacteroidia;o__Bacteroidales;f__Bacteroidaceae;g__Bacteroides;s__Bacteroides_uniformis	0.0750425642909	1.0	0.0108136905142	-0.044800031325	-0.065145224228	-0.0616336970415	-0.102149653762	0.0311206788134	0.0666529193762	-0.0591183088351	-0.0255616167096	-0.000521276721675	-0.047105415216	-0.043811708308	-0.0206193129093	-0.0393969328281	0.0566903335147	0.0689256875854	0.0348240463127	-0.0147466832579	-0.025064090817	-0.0288155288875	-0.033964942909	0.0164911473671	-0.00849962515406	0.0127200119516	0.00684565904214	-0.00950930966179	-0.075387147129	-0.0623504590989	-0.0156238578662	-0.0547528087017	-0.0140529049327	0.0258520744408	-0.0602561440681	-0.0213177010213	0.0169049640988	-0.0670137164989	0.0240478702328	-0.0191362789008	0.0282560623771	0.047604275512	-0.00736921161044	0.00579617145117	-0.0530859483261	-0.135644503925	0.0264773704931	0.00928677259214	-0.0366113223481	-0.0311237195315	0.0205652089645	-0.022478106691	0.0279749550697	-0.0134916365032	0.0100630666299	-0.000679837802286	-0.00352238018462	0.0226589685744	0.0730805933242
k__Bacteria;p__Bacteroidetes;c__Bacteroidia;o__Bacteroidales;f__Rikenellaceae;g__Alistipes;s__Alistipes_putredinis	0.0149730298449	0.0108136905142	1.0	-0.0314695655264	0.032410685471	0.0563521867772	0.0065724262106	0.00126268300821	0.0211370863927	0.0311478259118	0.0239162066513	-0.00753297402374	-0.0310153443396	-0.0798020319701	0.0069904756707	-0.0105197021435	-0.0391178830365	-0.012675411253	0.0366103739894	-0.0429846309858	-0.0827071662369	-0.0631663295994	-0.0796850311688	0.0625919375427	0.0762452455687	0.0924524486278	-0.0538005516503	0.0113100405724	-0.0372858522322	0.0167559396133	0.0160002657436	-0.0101544963676	0.0050486465407	0.0192125542129	0.0302794856026	0.00107756954784	-0.0253937592264	-0.103501806076	-0.0273513821692	-0.00808319635227	-0.00755847753973	-0.0129694084807	-0.0492240113202	-0.0815574026246	-0.0275779301972	-0.00669190498359	0.00628917296078	-0.001936847554	-0.0134653077443	-0.053506739459	-0.0172587223057	-0.0857566996268	-0.0295067901518	-0.111220587681	-0.0335682990371	-0.0742031554548	-0.058466005972	-0.0341109425893	-0.031889460031
k__Bacteria;p__Bacteroidetes;c__Bacteroidia;o__Bacteroidales;f__Prevotellaceae;g__Prevotella;s__Prevotella_copri	-0.0790959866865	-0.044800031325	-0.0314695655264	1.0	0.0123069108329	-0.045185648937	-0.0272179542193	-0.0265805721076	0.00204154269514	-0.0204097483259	0.0249207291087	0.0724655013713	0.0321203415172	-0.0675134664056	0.00718289993316	0.056744022564	0.00811087040729	-0.00770849805864	0.0158727590919	0.07743395459	-0.0155741750008	-0.068496531194	-0.0352486392944	-0.104365324431	-0.0117935021299	-0.0631032827392	-0.112072768893	0.0540907082848	0.0131191790806	-0.00854588927356	-0.0189200232855	-0.0107771485682	0.00297494251429	-0.00768516811701	-0.0054113225954	0.0398819561726	0.0524796150637	-0.0204745520813	-0.000368873059599	0.00924632774263	-0.0865638486402	0.0198589162374	-0.0803142918922	-0.0637061475178	0.00884468897085	0.0139343364032	-0.0486521568692	-0.084921892948	-0.0304999744986	0.0114384612865	0.00166986786764	0.00671083098047	-0.052370569047	-0.0042256982506	0.00994615348436	-0.0463489778143	-0.0575409827196	0.00677648883784	-0.0205678903794
k__Bacteria;p__Bacteroidetes;c__Bacteroidia;o__Bacteroidales;f__Bacteroidaceae;g__Bacteroides;s__Bacteroides_stercoris	0.0656988106789	-0.065145224228	0.032410685471	0.0123069108329	1.0	-0.00827851230711	0.0470037997	-0.009098905021	-0.0629847241814	0.00832645850176	-0.0664414930634	0.00277881409921	-0.0599616578159	0.0678547012646	0.0365451472246	-0.00287483446179	-0.048453956196	-0.0628264822029	0.0595763153218	0.0263801600523	-0.0277387199648	0.00171650063045	-0.0339718258394	-0.00130518286293	0.00803806164423	0.044987471582	-0.0224733735314	0.0276244177143	0.00256661868781	-0.0158595304324	0.0313179701258	-0.107938187376	-0.0346859356125	-0.0271520516792	0.0231895493276	0.0171906887721	-0.0272266308874	-0.011771482007	-0.0133022505245	0.0349191822226	0.0158741854238	-0.11110612725	0.043415768988	-0.0987488338265	0.0279194738625	0.00134950235337	0.03739769159	0.0523513358767	-0.0542541785749	-0.0815596555389	0.0342311024268	-0.0591670226668	0.0430839516624	0.0330995830168	0.015136339305	-0.0643845478292	0.00739764752785	-0.121477261897	-0.0258751617601
k__Bacteria;p__Bacteroidetes;c__Bacteroidia;o__Bacteroidales;f__Bacteroidaceae;g__Bacteroides;s__Bacteroides_ovatus	0.0214197105449	-0.0616336970415	0.0563521867772	-0.045185648937	-0.00827851230711	1.0	-0.0266233094497	-0.110644211956	-0.00810841485515	0.0210726476244	-0.0556570625857	0.0430849631377	-0.043836979693	-0.0428124527409	-0.000519474028164	-0.0496055186093	0.0204953634034	-0.0240118420218	0.0303588063927	0.0337979869312	0.0026420939053	0.05318363301	0.0678420356606	-0.028588516011	-0.0729925583953	0.0132655826698	-0.067982358418	-0.0547072323143	0.00954401811041	0.00741478366655	-0.0646738368941	0.0180482242423	0.0120362410636	0.0764975945715	-0.0533349754534	0.0191925102972	-0.0481131266903	-0.0535611535759	-0.0290376720451	-0.00433519970698	0.00516664023833	0.0527548965743	-0.00976481779987	0.0320298556811	-0.0287743479749	-0.0207202715463	-0.0738234986118	0.0741982346061	-0.102189163007	0.103589306883	0.0260473795502	0.0424020101803	-0.0459869340205	-0.0725035239735	-0.0362537301232	-0.0184246816748	-0.0242301116772	-0.00937410406999	0.0414869902693
k__Bacteria;p__Bacteroidetes;c__Bacteroidia;o__Bacteroidales;f__Rikenellaceae;g__Alistipes;s__Alistipes_shahii	-0.0187664453377	-0.102149653762	0.0065724262106	-0.0272179542193	0.0470037997	-0.0266233094497	1.0	-0.031197252363	-0.0569073735299	0.00801245192688	-0.00299387790812	0.0158813642925	0.0116634971461	0.0211856006613	0.0420056410516	-0.0355539940232	0.0314644374073	-0.0426923420397	0.0736353180805	-0.00380769141562	-0.0483687151522	-0.0127407839999	0.0160434461712	-0.0427758345754	-0.0684205543166	-0.0109027763641	-0.0624272179687	-0.0551800119874	-0.00515742349956	0.0535030033402	0.0151194812829	0.0242121088441	-0.058892726481	0.0223308844418	0.0255625410704	-0.017558730828	-0.0376292810214	-0.0867288907669	-0.0132591608598	0.0296762109962	-0.178180077799	0.0272972758531	-0.0757424462631	-0.00325807630995	-0.00269551326986	-0.0407766012422	-0.00788806250042	-0.0567269638481	-0.0307755790745	0.00690180061283	0.043645919053	-0.0415518575664	0.00527480575702	0.0211366349636	-0.0801669724295	-0.070673607715	-0.0584201024923	-0.0273719264056	-0.0622406596405
k__Bacteria;p__Firmicutes;c__Clostridia;o__Clostridiales;f__Ruminococcaceae;g__Faecalibacterium;s__Faecalibacterium_prausnitzii	0.0410441282648	0.0311206788134	0.00126268300821	-0.0265805721076	-0.009098905021	-0.110644211956	-0.031197252363	1.0	0.00465870042137	-0.0928087818644	-0.00435248853125	0.0318459977054	-0.00173205925579	0.0292280211012	0.0156555231272	-0.0279822006577	-0.0690663759138	0.00268140711113	0.0390490511519	-0.0946675133482	0.0482267427188	0.0110374035631	0.106450604055	-0.0225130749635	-0.023843901784	-0.00777453588619	0.0181606427153	0.123262015546	-0.0199806940647	-0.0203839669261	-0.123452089536	-0.0186120063815	-0.03328485325	-0.0804149977952	-0.0397425739524	-0.0498379505444	-0.0220548716161	0.0437667531487	-0.0168485055992	0.0432268892627	0.00724089923167	-0.0307455238091	-0.0476587809609	-0.0541849192111	0.000125836423712	0.0170200188757	0.0218139557432	0.0142832170612	0.0146233519891	-0.0533127823809	-0.0428257153271	0.0284450259028	-0.00936386542938	-0.0296814597944	0.0186501028203	0.0224776856136	-0.0169071257926	-0.0575322130729	0.00368088052458
k__Bacteria;p__Bacteroidetes;c__Bacteroidia;o__Bacteroidales;f__Rikenellaceae;g__Alistipes;s__Alistipes_finegoldii	-0.0502084563176	0.0666529193762	0.0211370863927	0.00204154269514	-0.0629847241814	-0.00810841485515	-0.0569073735299	0.00465870042137	1.0	0.102335674733	-0.019993453329	-0.0460574983681	-0.00450920100614	-0.0557757131329	0.0267834329162	-0.0335252884124	-0.0771060481817	0.0245482045629	0.0413781247562	-0.0499294835167	-0.037513144579	0.00842691434191	-0.0319202593664	0.0154850033939	0.0130571248129	-0.0680520244909	-0.0347274884263	-0.0107670192216	-0.0114872658973	-0.0276852501921	0.00947680966897	-0.00739602634243	0.053134703699	-0.00537817332196	0.0308579341193	-0.0908783415485	0.0293418237701	-0.000216405779074	-0.0374683270025	0.0770431881987	-0.0445966735647	-0.00319765274929	0.0411291276813	-0.058900242615	-0.0473414376649	-0.0162336618348	0.00662432731273	-0.0979861150259	-0.0273913619315	0.0447888705026	0.0217667571121	-0.000185351725792	-0.0441287670602	-0.0657562377913	-0.0311663085522	0.0129413005787	-0.0557261601054	-0.0156504452549	-0.0500852597121
k__Bacteria;p__Bacteroidetes;c__Bacteroidia;o__Bacteroidales;f__Porphyromonadaceae;g__Parabacteroides;s__Parabacteroides_distasonis	-0.0301304910684	-0.0591183088351	0.0311478259118	-0.0204097483259	0.00832645850176	0.0210726476244	0.00801245192688	-0.0928087818644	0.102335674733	1.0	-0.00135032862532	0.0202610469284	-0.0441695690346	-0.0475086824945	-0.00243428676756	-0.0558224323368	-0.0762556843012	-0.0368396555274	-0.00458355376799	-0.00924547435783	-0.0540678288351	-0.0300403737378	-0.0634212681815	-0.0227251204623	-0.0137722661342	-0.0383382315286	0.0280682851049	-0.0289258780798	-0.0188933931706	0.0154326843469	0.0275722448354	-0.0802191880578	0.0209119536306	0.0067433487016	-0.0261805957734	-0.041472102979	-0.0869477805417	-0.0417789655597	-0.0117576288119	-0.0618224189714	0.0776831466512	0.0335346742546	0.00916014975163	-0.0436666518793	0.00519742549725	-0.0264456149335	-0.0271854862861	-0.00311091211163	-0.0052693288997	-0.03681697618	0.0615860361095	0.051169029838	-0.0562820269319	0.0524314724137	0.0168272153419	0.00872826335063	0.0347487422558	0.0323142628552	-0.0232607483856
k__Bacteria;p__Bacteroidetes;c__Bacteroidia;o__Bacteroidales;f__Bacteroidaceae;g__Bacteroides;s__Bacteroides_thetaiotaomicron	-0.00763377580665	-0.0255616167096	0.0239162066513	0.0249207291087	-0.0664414930634	-0.0556570625857	-0.00299387790812	-0.00435248853125	-0.019993453329	-0.00135032862532	1.0	0.056966391488	0.00660720352862	0.012425184812	0.0302782929401	-0.0734857655351	-0.0283105850329	-0.0239617300394	-0.000248124570624	-0.0702929208475	0.0594570652051	0.00879426954278	-0.0759838793294	-0.0468654497518	-0.0442318710238	-0.0489888440887	0.00654311117998	-0.00972982493227	-0.018808296939	-0.0414057282129	-0.038898466778	0.0480346819838	0.000578743675935	0.00554358775383	0.0860279913497	0.0101422252324	0.0139643125915	-0.0495127620995	-0.0259660010831	-0.0466851503909	0.0326254164712	-0.0684424570003	-0.00837250579897	-0.0584032754322	0.00686153837666	0.0422810138516	-0.0312119193237	-0.0283235283962	0.025441126376	0.00442742874016	0.0151259182261	0.0123445637256	-0.0640874728214	-0.0735639308698	-0.0485590948574	0.14615764409	-0.0249898446278	-0.107757520053	0.00404931732541
k__Bacteria;p__Bacteroidetes;c__Bacteroidia;o__Bacteroidales;f__Bacteroidaceae;g__Bacteroides;s__Bacteroides_coprocola	-0.0231069068531	-0.000521276721674	-0.00753297402374	0.0724655013713	0.00277881409921	0.0430849631377	0.0158813642925	0.0318459977054	-0.0460574983681	0.0202610469284	0.056966391488	1.0	-0.02176296753	0.0695621858132	-0.00552368160098	-0.0783957568086	-0.02940102682	0.0133398950816	-0.028580280675	-0.0659918919152	0.0213236393593	0.0706175196116	-0.0651564461657	-0.0409013493708	-0.131926479813	-0.0182095370344	-0.0643149760192	-0.0922291743421	-0.0610508994615	0.00410499112907	-0.0183414598746	-0.0374178548939	-0.0780042895134	-0.0559327536197	-0.111662329952	-0.0213275417031	0.0182994368724	0.0122685047387	0.0317516314807	0.00221777737129	0.00712216621246	-0.0341066962758	0.0274038388739	0.00136158724179	0.049187335278	0.0606860024758	0.033212042872	0.00977074719131	-0.0656701009237	0.0375555278857	0.00168190931936	-0.00240775277267	-0.0477966141697	0.02007519115	-0.0203166190889	-0.123524230444	-0.0184125340783	0.0324094516985	0.0278996113211
k__Bacteria;p__Bacteroidetes;c__Bacteroidia;o__Bacteroidales;f__Bacteroidaceae;g__Bacteroides;s__Bacteroides_cellulosilyticus	-0.0641888147991	-0.047105415216	-0.0310153443396	0.0321203415172	-0.0599616578159	-0.043836979693	0.0116634971461	-0.00173205925579	-0.00450920100614	-0.0441695690346	0.00660720352862	-0.02176296753	1.0	-0.0375404742271	-0.085589360677	-0.0173084093066	-0.0389417445911	0.00687882162215	0.0374738197707	0.0178741171892	-0.0330226167196	-0.0391597486239	-0.0143289351061	-0.0416889564423	0.00301474542836	-0.063612463515	0.0525698552246	-0.0500571666262	-0.0684763417136	-0.00435264560468	-0.0227377051079	0.0536698541502	-0.0257288555183	-0.0413417054513	-0.042731394415	-0.00995763467569	-0.00250772067529	0.0505370161709	-0.0554426869572	-0.0205292601491	-0.0347000834299	-0.00586047449536	0.0275694176872	-0.0652041106943	-0.00665751352659	0.0106085273492	0.0410840869231	-0.0399564132155	-0.118756635242	-0.0321355773641	-0.0413798065024	-0.0183664372706	-0.0756669286669	0.0183431817012	0.00630695291443	-0.0157976363098	-0.008207011461	0.023837467495	-0.0324363788773
k__Bacteria;p__Bacteroidetes;c__Bacteroidia;o__Bacteroidales;f__Rikenellaceae;g__Alistipes;s__Alistipes_obesi	-0.00471854778679	-0.043811708308	-0.0798020319701	-0.0675134664056	0.0678547012646	-0.0428124527409	0.0211856006613	0.0292280211012	-0.0557757131329	-0.0475086824945	0.012425184812	0.0695621858132	-0.0375404742271	1.0	-0.0560919805033	0.0151747185916	-0.00223352269688	-0.0558575616788	0.000484399450965	0.0511106304328	-0.0468944778361	-0.0537799869846	0.00297117746111	0.00510252045992	-0.00872028759331	-0.00994880095772	-0.053861613115	0.0422257660746	0.00473388023744	0.151986745201	0.0304823010331	-0.0407609421653	-0.0575220069051	-0.0212985229749	0.0447318668367	-0.0659914922643	-0.0168972364444	-0.0933606289119	-0.0728707568123	0.0164407234644	-0.058463207206	-0.0651647682597	0.0348774637115	0.0040899778796	-0.0958122529398	0.049263967431	0.0354570276499	-0.0165019922639	0.0333542605648	-0.0270039978923	0.0179813658296	-0.0219962521515	0.0179606652301	-0.0412685326129	-0.0774486158625	-0.0277538729745	-0.0200195803934	-0.0252336243111	0.0207298734591
k__Bacteria;p__Firmicutes;c__Clostridia;o__Clostridiales;f__Lachnospiraceae;g__;s__[Eubacterium]_rectale	0.0388445537544	-0.0206193129093	0.0069904756707	0.00718289993316	0.0365451472246	-0.000519474028164	0.0420056410516	0.0156555231272	0.0267834329162	-0.00243428676756	0.0302782929401	-0.00552368160098	-0.085589360677	-0.0560919805033	1.0	-0.0919031953729	-0.020656856329	0.0260901697049	-0.0943063827808	0.00103728161142	-0.0381597642817	-0.00266640240464	0.0434995588685	0.0488872764172	0.0359268537679	-0.0396273907648	-0.00186672914453	-0.00493335526222	0.0375573506117	0.0346379160849	-0.0245375004729	0.0482503476406	0.0405596382503	-0.0561225112859	-0.0784454946387	-0.0203251635194	-0.0151319504396	-0.0158873303902	0.0334110883479	-0.0835147265428	-0.0302717666181	-0.0559561627201	0.0189747263804	-0.0133127245585	-0.0638083011333	0.0384412776466	0.0705421065381	0.0271266772926	-0.00328594431253	0.00762422488957	0.0406645444307	0.021269811114	-0.0437305682577	0.0335108938225	-0.0172086261074	-0.0242142005537	0.0638971582586	0.0290515574868	-0.0385823600233
k__Bacteria;p__Bacteroidetes;c__Bacteroidia;o__Bacteroidales;f__Bacteroidaceae;g__Bacteroides;s__Bacteroides_plebeius	-0.0404008570887	-0.0393969328281	-0.0105197021435	0.056744022564	-0.00287483446179	-0.0496055186093	-0.0355539940232	-0.0279822006577	-0.0335252884124	-0.0558224323368	-0.0734857655351	-0.0783957568086	-0.0173084093066	0.0151747185916	-0.0919031953729	1.0	0.00121846550903	-0.00577751779654	0.0296212111631	0.0461067074957	-0.0676149556794	-0.110485887244	-0.0745668660662	-0.0473155531474	0.0219142730231	0.0561005103044	0.107111602085	0.0483047189729	-0.0540275982921	-0.0452445841265	-0.0371345366695	0.00878983509267	-0.0158784609938	-0.0232334372639	0.0273544673361	-0.026823715621	-0.00958628796211	-0.00357983422681	0.0356901487468	-0.0218130487506	-0.0547368774019	0.0136421150464	-0.0202144560156	-0.0156128249026	0.0365858930474	-0.058636974799	-0.046749061057	-0.0204898004136	-0.0166849905888	-0.0242394414072	-0.00931255366377	0.0204381614838	0.00388334666736	0.0151705948212	-0.0456129090482	0.0196315926212	-0.0520663990708	0.0651958105316	-0.0355628381429
k__Bacteria;p__Bacteroidetes;c__Bacteroidia;o__Bacteroidales;f__Bacteroidaceae;g__Bacteroides;s__Bacteroides_fragilis	-0.011802729215	0.0566903335147	-0.0391178830365	0.00811087040729	-0.048453956196	0.0204953634034	0.0314644374073	-0.0690663759138	-0.0771060481817	-0.0762556843012	-0.0283105850329	-0.02940102682	-0.0389417445911	-0.00223352269688	-0.020656856329	0.00121846550903	1.0	-0.003374761793	-0.0406929227564	0.0517146142688	-0.011093630855	0.0361224503319	-0.0162807183195	-0.00420805391897	-0.068690096044	-0.00927314483227	-0.0078805980375	-0.0190733325666	-0.0650098923715	-0.0405391563652	0.0285944369796	0.00636399926008	-0.0328572150782	-0.0194848508333	-0.0166536525078	0.00160512182554	-0.0103868131045	-0.0173431933433	0.0236666316978	0.0396770621492	-0.0588677604429	0.0568361056203	-0.0296433184387	-0.0144952282637	-0.0422515882508	-0.0303506872817	-0.0242919733949	-0.0450276752719	-0.0479915857274	-0.0315665528999	-0.0311559080816	0.0113330236468	-0.0666237892341	0.00684463504619	0.000539074973025	0.0366575584066	-0.0463031650666	0.0275480770362	-0.00593736122154
k__Bacteria;p__Proteobacteria;c__Betaproteobacteria;o__Burkholderiales;f__Sutterellaceae;g__Sutterella;s__Sutterella_wadsworthensis	-0.00251611001988	0.0689256875854	-0.012675411253	-0.00770849805865	-0.0628264822029	-0.0240118420218	-0.0426923420397	0.00268140711113	0.0245482045629	-0.0368396555274	-0.0239617300394	0.0133398950816	0.00687882162215	-0.0558575616788	0.0260901697049	-0.00577751779654	-0.003374761793	1.0	0.00419832268947	-0.0229192452469	-0.0337930695655	0.0212622805572	0.0281745052196	-0.0449582500381	0.0157657383558	0.0378523340305	-0.0332330534072	0.0153267678352	-0.0105554346903	-0.0482567112629	0.0370005718881	-0.0455059407026	0.0514290071455	-0.0318403785697	-0.0328216226882	-0.000859855990012	-0.0576191893165	-0.039790010409	0.0105633736527	-0.00704830414555	0.0455222898194	0.0808000359279	0.00508058192081	0.0401471175063	-0.00606198018986	-0.06967821688	-0.0426087371034	0.00211422691358	-0.0901289376184	-0.00301399172992	-0.0863962426908	0.0509747019903	-0.00494617064856	-0.0262713731476	-0.00318120353387	0.0201190285593	-0.0209300767054	-0.0720835875999	-0.0268904523936
k__Bacteria;p__Bacteroidetes;c__Bacteroidia;o__Bacteroidales;f__Porphyromonadaceae;g__Barnesiella;s__Barnesiella_intestinihominis	0.025840796136	0.0348240463127	0.0366103739894	0.0158727590919	0.0595763153218	0.0303588063927	0.0736353180805	0.0390490511519	0.0413781247562	-0.00458355376799	-0.000248124570624	-0.028580280675	0.0374738197707	0.000484399450965	-0.0943063827808	0.0296212111631	-0.0406929227564	0.00419832268947	1.0	-0.0465057402153	-0.00242681119934	-0.0132040670143	-0.0442341243876	0.00854694322064	0.000256603947242	-0.0335176077509	-0.0994898160356	0.0360052434526	0.0304431248006	0.0595044063386	-0.0396304354878	0.0227462395039	0.00739997923274	-0.00922838004062	0.0648815658655	-0.0587137760123	-0.0538640267127	-0.0702873239837	0.0167277756746	0.127759648057	-0.0657327545863	0.00395549993822	-0.0304757358939	0.0633804450232	0.0141793746148	0.00535670897894	-0.00777415973422	0.00752130388985	-0.0309657638928	-0.00420594877136	-0.0301635333547	-0.024625596287	-0.0382301225095	0.0046524276314	0.0213866423991	-0.0251414483819	-0.0733736631435	-0.0612205598986	0.0201454140029
k__Bacteria;p__Bacteroidetes;c__Bacteroidia;o__Bacteroidales;f__Odoribacteraceae;g__Odoribacter;s__Odoribacter_splanchnicus	0.0287831094939	-0.0147466832579	-0.0429846309858	0.07743395459	0.0263801600523	0.0337979869312	-0.00380769141562	-0.0946675133482	-0.0499294835167	-0.00924547435783	-0.0702929208475	-0.0659918919152	0.0178741171892	0.0511106304328	0.00103728161142	0.0461067074957	0.0517146142688	-0.0229192452469	-0.0465057402153	1.0	-0.0198726177047	0.045169399025	-0.0390160479134	-0.0336085919825	-0.0339168377875	-0.0106213145878	-0.0595144594602	0.0445560797388	-0.06167897342	-0.0438232688628	-0.0713834578646	0.0345246774632	0.0883252937516	-0.0548460947191	-0.0180780842983	-0.0337044117243	-0.0375672845587	-0.0307613761384	-0.0281862819294	-0.0294317504146	-0.0455996372497	0.0151466804234	-0.0821589845068	0.0179463844661	-0.0181196808977	0.0633013485441	-0.00588805700416	0.0143296158546	0.00975874619794	-0.0193731975129	-0.071211012718	-0.0801862873202	0.0500023312988	-0.0821895943983	0.0392862686088	-0.0237870708942	-0.00700622183123	0.0120305573516	-0.0547875866326
k__Bacteria;p__Bacteroidetes;c__Bacteroidia;o__Bacteroidales;f__Bacteroidaceae;g__Bacteroides;s__Bacteroides_salyersiae	-0.0234009102903	-0.025064090817	-0.0827071662369	-0.0155741750008	-0.0277387199648	0.0026420939053	-0.0483687151522	0.0482267427188	-0.037513144579	-0.0540678288351	0.0594570652051	0.0213236393593	-0.0330226167196	-0.0468944778361	-0.0381597642817	-0.0676149556794	-0.011093630855	-0.0337930695655	-0.00242681119934	-0.0198726177047	1.0	-0.0656953113399	0.0187101224272	-0.00199011793286	-0.0543349641779	0.0151923773528	0.0532351043786	-0.00641457457604	-0.0970648772365	0.0489040074687	-0.0364299507684	-0.00362475356442	-0.0226888957585	0.0263712419632	-0.100544335759	-0.087742927874	0.0273152454652	0.0270667945435	-0.039259182026	-0.0353832856408	-0.0720746328997	-0.0470613456283	0.0368669756318	-0.0284095740396	-0.0317744156809	-0.0400188002834	-0.00558995183871	0.00465542847162	0.0437653464349	-0.0211439672794	0.0175049215067	-0.00850689055452	-0.0813820181659	-0.058243018671	0.00470754002787	-0.0153437089086	-0.0243455543785	0.00500288922111	-0.0340596968705
k__Bacteria;p__Firmicutes;c__Clostridia;o__Clostridiales;f__Ruminococcaceae;g__Ruminiclostridium;s__[Eubacterium]_siraeum	0.0318032462394	-0.0288155288875	-0.0631663295994	-0.068496531194	0.00171650063045	0.05318363301	-0.0127407839999	0.0110374035631	0.00842691434191	-0.0300403737378	0.00879426954278	0.0706175196116	-0.0391597486239	-0.0537799869846	-0.00266640240464	-0.110485887244	0.0361224503319	0.0212622805572	-0.0132040670143	0.045169399025	-0.0656953113399	1.0	-0.0780252122521	0.0354030246134	0.0407403572655	-0.0126219309376	-0.0244429350296	0.0180267526976	0.0180239497014	-0.0522260847774	0.00101646585059	0.0300765725076	-0.0134319324708	-0.0955716459686	-0.0410125458446	-0.00886656472548	-0.00906228398125	0.00471131494696	0.0242037371063	-0.0396491307562	-0.0847698770316	0.00130510339098	0.0178423568469	-0.0288590945529	-0.0158807831854	0.0395445319623	0.0113781251196	-0.0477583368339	-0.0777219006519	-0.0113840759935	-0.0765789559752	0.0357057107874	-0.0533669362799	-0.033351766457	-0.0190513729403	-0.0487888414753	-0.0141797801494	-0.0301917318338	0.0224003134342
k__Bacteria;p__Proteobacteria;c__Betaproteobacteria;o__Burkholderiales;f__Sutterellaceae;g__Parasutterella;s__Parasutterella_excrementihominis	-0.058609876739	-0.033964942909	-0.0796850311688	-0.0352486392944	-0.0339718258394	0.0678420356606	0.0160434461712	0.106450604055	-0.0319202593664	-0.0634212681815	-0.0759838793294	-0.0651564461657	-0.0143289351061	0.00297117746111	0.0434995588685	-0.0745668660662	-0.0162807183195	0.0281745052196	-0.0442341243876	-0.0390160479134	0.0187101224272	-0.0780252122521	1.0	0.0272930249055	-0.0940499079448	0.0177889263041	0.0426607811146	-0.0202760252741	-0.0629321432935	-0.00278803020523	0.0234135846677	0.0537039658249	-0.0207355208573	-0.0277449199083	-0.00763032140713	-0.0252419240226	-0.0327587778577	-0.0567483510965	-0.0574210224118	-0.0955755690978	-0.0266201107127	-0.0245647962733	0.0230363940395	0.0668579131955	-0.00496041534933	-0.00436368308202	0.0652751719721	0.00746307447241	-0.0269419310677	-0.00107333981437	-0.0166421853971	-0.0312129141212	0.0722306494938	-0.119207112141	0.0400062114905	-0.000614345152768	0.0688828632161	-0.0254378771462	-0.0043968093619
k__Bacteria;p__Actinobacteria;c__Actinobacteria;o__Bifidobacteriales;f__Bifidobacteriaceae;g__Bifidobacterium;s__Bifidobacterium_adolescentis	0.0778123238857	0.0164911473671	0.0625919375427	-0.104365324431	-0.00130518286293	-0.028588516011	-0.0427758345754	-0.0225130749635	0.0154850033939	-0.0227251204623	-0.0468654497518	-0.0409013493708	-0.0416889564423	0.00510252045992	0.0488872764172	-0.0473155531474	-0.00420805391897	-0.0449582500381	0.00854694322064	-0.0336085919825	-0.00199011793286	0.0354030246134	0.0272930249055	1.0	-0.00601749551294	-0.0689461298724	0.00310082062671	0.00826590064937	0.0588350086397	-0.0644594807642	0.00209491234134	0.00197576920871	0.0460075932558	-0.0155748562174	0.0200759565719	-0.0764796031672	0.0117470465012	-0.00576762912005	-0.038081123502	-0.030582531517	0.0515809498848	-0.0427208788859	-0.0470463630536	0.0121339044637	-0.0273047468307	0.0248791110912	0.0293203784631	-0.0551685607154	-0.0197506117642	0.065838972481	-0.0460790532106	-0.0251190028509	-0.0358491438283	-0.0112089262312	-0.0206171801212	0.0494212060022	0.00596784766519	0.0749165066123	0.0434772620414
k__Bacteria;p__Firmicutes;c__Clostridia;o__Clostridiales;f__Oscillospiraceae;g__Oscillibacter;s__Oscillibacter_sp._KLE_1745	-0.0357565066881	-0.00849962515406	0.0762452455687	-0.0117935021299	0.00803806164423	-0.0729925583953	-0.0684205543166	-0.023843901784	0.0130571248129	-0.0137722661342	-0.0442318710238	-0.131926479813	0.00301474542836	-0.00872028759331	0.0359268537679	0.0219142730231	-0.068690096044	0.0157657383558	0.000256603947242	-0.0339168377875	-0.0543349641779	0.0407403572655	-0.0940499079448	-0.00601749551294	1.0	-0.0284308605989	0.0413826262397	-0.0230718590201	0.00548971359681	0.0282865655557	0.00648615857138	0.0060744438779	-0.017472666233	-0.0343464713195	-0.0255044707984	-0.0394550829867	-0.119104138277	0.0131720144234	-0.0362364393604	0.0204574918304	0.0111907445056	-0.0721663556674	0.0883846248168	0.0177714193192	-0.04993650487	0.0255466083574	-0.0346652928808	-0.0279428496189	-0.0268785533443	-0.000693416977479	-0.0804850038438	0.0465435027755	-0.0333874811452	0.107204431343	-0.0210771137611	-0.00834048888691	0.0775077590979	-0.0166820674246	0.00271803818007
k__Bacteria;p__Bacteroidetes;c__Bacteroidia;o__Bacteroidales;f__Bacteroidaceae;g__Bacteroides;s__Bacteroides_coprophilus	-0.0326432701971	0.0127200119516	0.0924524486278	-0.0631032827392	0.044987471582	0.0132655826698	-0.0109027763641	-0.00777453588619	-0.0680520244909	-0.0383382315286	-0.0489888440887	-0.0182095370344	-0.063612463515	-0.00994880095772	-0.0396273907648	0.0561005103044	-0.00927314483227	0.0378523340305	-0.0335176077509	-0.0106213145878	0.0151923773528	-0.0126219309376	0.0177889263041	-0.0689461298724	-0.0284308605989	1.0	0.0112973796799	0.0460733261043	-0.0341909861461	-0.0435593205432	0.00577145693126	-0.0405621166121	-0.0427983475917	-0.0660970462994	-0.0382884430644	0.0271276302318	0.0274289997856	-0.0611467517587	-0.0160557771441	-0.0406726206749	-0.00738082537332	-0.0316761141713	0.011786709095	-0.0379885663665	0.0269407373965	-0.0129248092873	0.0355401450142	-0.0262659964364	-0.00999705006035	-0.00645883542401	-0.00465659834022	0.0522924242704	0.0155440230655	-0.0134270159913	-0.00422734620009	0.016558638666	-0.0866156497499	-0.0574001075018	-0.0174034818196
k__Bacteria;p__Firmicutes;c__Clostridia;o__Clostridiales;f__Lachnospiraceae;g__Roseburia;s__Roseburia_intestinalis	-0.0635071729461	0.00684565904214	-0.0538005516503	-0.112072768893	-0.0224733735314	-0.067982358418	-0.0624272179687	0.0181606427153	-0.0347274884263	0.0280682851049	0.00654311117998	-0.0643149760192	0.0525698552246	-0.053861613115	-0.00186672914453	0.107111602085	-0.0078805980375	-0.0332330534072	-0.0994898160356	-0.0595144594602	0.0532351043786	-0.0244429350296	0.0426607811146	0.00310082062671	0.0413826262397	0.0112973796799	1.0	0.0104541805101	-0.00890471958329	0.0138447765176	-0.00264851304065	0.00253671207137	-0.0399926884826	0.00487512991105	-0.0315706626533	-0.0873104892634	-0.00707781164373	-0.0254061388671	-0.0225786445855	-0.0362284695811	-0.0447915226682	0.010027616782	0.0355169625015	-0.0550181538257	0.0466863398825	0.0409962932947	0.0128058447045	-0.0150553475627	0.032787685097	0.00350374599197	-0.0796372714523	-0.0250571357141	0.0485877438787	-0.0228850711795	0.0566827656419	-0.0423570296947	0.0758178278065	-0.0530362307997	-0.0810382413235
k__Bacteria;p__Firmicutes;c__Clostridia;o__Clostridiales;f__Lachnospiraceae;g__Roseburia;s__Roseburia_hominis	-0.0111214451907	-0.00950930966179	0.0113100405724	0.0540907082848	0.0276244177143	-0.0547072323143	-0.0551800119874	0.123262015546	-0.0107670192216	-0.0289258780798	-0.00972982493227	-0.0922291743421	-0.0500571666262	0.0422257660746	-0.00493335526222	0.0483047189729	-0.0190733325666	0.0153267678352	0.0360052434526	0.0445560797388	-0.00641457457604	0.0180267526976	-0.0202760252741	0.00826590064937	-0.0230718590201	0.0460733261043	0.0104541805101	1.0	0.0113542993034	-0.0288837413612	-0.0421049099119	-0.0335443539561	0.0488485104529	-0.0337257559532	0.0201092935134	-0.12238086262	0.024107509229	0.0122403010952	0.0333188114732	-0.00444133879335	-0.00412805348166	-0.0812668557395	-0.0231291318291	0.0263743720811	0.0326094527703	-0.0263283133283	-0.005020554377	0.0251727368242	0.0300151541684	-0.0336330915313	0.00377399455901	-0.0184094640433	0.00203705932643	-0.0590907661719	-0.0753324686489	-0.0529945853759	-0.0026146464635	0.0352933837994	-0.0135867373936
k__Bacteria;p__Bacteroidetes;c__Bacteroidia;o__Bacteroidales;f__Porphyromonadaceae;g__Parabacteroides;s__Parabacteroides_johnsonii	0.0209604519661	-0.075387147129	-0.0372858522322	0.0131191790806	0.00256661868781	0.00954401811041	-0.00515742349956	-0.0199806940647	-0.0114872658973	-0.0188933931706	-0.018808296939	-0.0610508994615	-0.0684763417136	0.00473388023744	0.0375573506117	-0.0540275982921	-0.0650098923715	-0.0105554346903	0.0304431248006	-0.06167897342	-0.0970648772365	0.0180239497014	-0.0629321432935	0.0588350086397	0.00548971359681	-0.0341909861461	-0.00890471958329	0.0113542993034	1.0	-0.0366282925118	0.044520870836	0.0158253560835	-0.0483897483005	0.00920430665727	0.0126047363881	0.0726938724738	0.0112287808553	-0.0343239463567	-0.0103081270485	-0.00228171967478	0.0770107894436	0.00314251114938	-0.0104652591441	0.0142307546115	-0.0487804755049	0.0140922228597	0.0372252223092	-0.0405174224826	-0.0468437727532	-0.0130290180606	-0.0162590657091	-0.0201267102909	0.0233089324876	-0.0104475264547	0.0494335699824	0.0158001282535	-0.0121184878421	-0.0548317483864	0.00394819966668
k__Bacteria;p__Actinobacteria;c__Actinobacteria;o__Bifidobacteriales;f__Bifidobacteriaceae;g__Bifidobacterium;s__Bifidobacterium_longum	-0.058370543357	-0.0623504590989	0.0167559396133	-0.00854588927356	-0.0158595304324	0.00741478366655	0.0535030033402	-0.0203839669261	-0.0276852501921	0.0154326843469	-0.0414057282129	0.00410499112907	-0.00435264560468	0.151986745201	0.0346379160849	-0.0452445841265	-0.0405391563652	-0.0482567112629	0.0595044063386	-0.0438232688628	0.0489040074687	-0.0522260847774	-0.00278803020523	-0.0644594807642	0.0282865655557	-0.0435593205432	0.0138447765176	-0.0288837413612	-0.0366282925118	1.0	0.00690621075933	0.000967553867109	0.0290068870375	-0.0683613202824	0.00116205413522	-0.0198821676532	0.0465089377867	-0.00152892332752	-0.00248764225067	-0.00884550589872	0.0346279794697	0.0236571182972	-0.0307831465042	-0.0309033934367	-0.0289431202071	0.0565278775127	0.0245730151369	0.0408384537891	0.0317484590119	-0.0855589974645	-0.0700939419377	-0.0157311202428	0.0254428255633	-0.0198768019164	-0.04970906436	0.0196685723949	0.0457071211364	-0.040321732362	-0.0105512888978
