#taxonomy	k__Bacteria;p__Bacteroidetes;c__Bacteroidia;o__Bacteroidales;f__Bacteroidaceae;g__Bacteroides;s__Bacteroides_vulgatus	k__Bacteria;p__Bacteroidetes;c__Bacteroidia;o__Bacteroidales;f__Bacteroidaceae;g__Bacteroides;s__Bacteroides_uniformis	k__Bacteria;p__Bacteroidetes;c__Bacteroidia;o__Bacteroidales;f__Rikenellaceae;g__Alistipes;s__Alistipes_putredinis	k__Bacteria;p__Bacteroidetes;c__Bacteroidia;o__Bacteroidales;f__Prevotellaceae;g__Prevotella;s__Prevotella_copri	k__Bacteria;p__Bacteroidetes;c__Bacteroidia;o__Bacteroidales;f__Bacteroidaceae;g__Bacteroides;s__Bacteroides_stercoris	k__Bacteria;p__Bacteroidetes;c__Bacteroidia;o__Bacteroidales;f__Bacteroidaceae;g__Bacteroides;s__Bacteroides_ovatus	k__Bacteria;p__Bacteroidetes;c__Bacteroidia;o__Bacteroidales;f__Rikenellaceae;g__Alistipes;s__Alistipes_shahii	k__Bacteria;p__Firmicutes;c__Clostridia;o__Clostridiales;f__Ruminococcaceae;g__Faecalibacterium;s__Faecalibacterium_prausnitzii	k__Bacteria;p__Bacteroidetes;c__Bacteroidia;o__Bacteroidales;f__Rikenellaceae;g__Alistipes;s__Alistipes_finegoldii	k__Bacteria;p__Bacteroidetes;c__Bacteroidia;o__Bacteroidales;f__Porphyromonadaceae;g__Parabacteroides;s__Parabacteroides_distasonis	k__Bacteria;p__Bacteroidetes;c__Bacteroidia;o__Bacteroidales;f__Bacteroidaceae;g__Bacteroides;s__Bacteroides_thetaiotaomicron	k__Bacteria;p__Bacteroidetes;c__Bacteroidia;o__Bacteroidales;f__Bacteroidaceae;g__Bacteroides;s__Bacteroides_coprocola	k__Bacteria;p__Bacteroidetes;c__Bacteroidia;o__Bacteroidales;f__Bacteroidaceae;g__Bacteroides;s__Bacteroides_cellulosilyticus	k__Bacteria;p__Bacteroidetes;c__Bacteroidia;o__Bacteroidales;f__Rikenellaceae;g__Alistipes;s__Alistipes_obesi	k__Bacteria;p__Firmicutes;c__Clostridia;o__Clostridiales;f__Lachnospiraceae;g__;s__[Eubacterium]_rectale	k__Bacteria;p__Bacteroidetes;c__Bacteroidia;o__Bacteroidales;f__Bacteroidaceae;g__Bacteroides;s__Bacteroides_plebeius	k__Bacteria;p__Bacteroidetes;c__Bacteroidia;o__Bacteroidales;f__Bacteroidaceae;g__Bacteroides;s__Bacteroides_fragilis	k__Bacteria;p__Proteobacteria;c__Betaproteobacteria;o__Burkholderiales;f__Sutterellaceae;g__Sutterella;s__Sutterella_wadsworthensis	k__Bacteria;p__Bacteroidetes;c__Bacteroidia;o__Bacteroidales;f__Porphyromonadaceae;g__Barnesiella;s__Barnesiella_intestinihominis	k__Bacteria;p__Bacteroidetes;c__Bacteroidia;o__Bacteroidales;f__Odoribacteraceae;g__Odoribacter;s__Odoribacter_splanchnicus	k__Bacteria;p__Bacteroidetes;c__Bacteroidia;o__Bacteroidales;f__Bacteroidaceae;g__Bacteroides;s__Bacteroides_salyersiae	k__Bacteria;p__Firmicutes;c__Clostridia;o__Clostridiales;f__Ruminococcaceae;g__Ruminiclostridium;s__[Eubacterium]_siraeum	k__Bacteria;p__Proteobacteria;c__Betaproteobacteria;o__Burkholderiales;f__Sutterellaceae;g__Parasutterella;s__Parasutterella_excrementihominis	k__Bacteria;p__Actinobacteria;c__Actinobacteria;o__Bifidobacteriales;f__Bifidobacteriaceae;g__Bifidobacterium;s__Bifidobacterium_adolescentis	k__Bacteria;p__Firmicutes;c__Clostridia;o__Clostridiales;f__Oscillospiraceae;g__Oscillibacter;s__Oscillibacter_sp._KLE_1745	k__Bacteria;p__Bacteroidetes;c__Bacteroidia;o__Bacteroidales;f__Bacteroidaceae;g__Bacteroides;s__Bacteroides_coprophilus	k__Bacteria;p__Firmicutes;c__Clostridia;o__Clostridiales;f__Lachnospiraceae;g__Roseburia;s__Roseburia_intestinalis	k__Bacteria;p__Firmicutes;c__Clostridia;o__Clostridiales;f__Lachnospiraceae;g__Roseburia;s__Roseburia_hominis	k__Bacteria;p__Bacteroidetes;c__Bacteroidia;o__Bacteroidales;f__Porphyromonadaceae;g__Parabacteroides;s__Parabacteroides_johnsonii	k__Bacteria;p__Actinobacteria;c__Actinobacteria;o__Bifidobacteriales;f__Bifidobacteriaceae;g__Bifidobacterium;s__Bifidobacterium_longum	k__Bacteria;p__Firmicutes;c__Clostridia;o__Clostridiales;f__;g__Flavonifractor;s__Flavonifractor_plautii	k__Bacteria;p__Firmicutes;c__Clostridia;o__Clostridiales;f__Clostridiaceae;g__Clostridium;s__Clostridium_phoceensis	k__Bacteria;p__Verrucomicrobia;c__Verrucomicrobiae;o__Verrucomicrobiales;f__Akkermansiaceae;g__Akkermansia;s__Akkermansia_muciniphila	k__Bacteria;p__Bacteroidetes;c__Bacteroidia;o__Bacteroidales;f__Prevotellaceae;g__Paraprevotella;s__Paraprevotella_xylaniphila	k__Bacteria;p__Firmicutes;c__Clostridia;o__Clostridiales;f__Ruminococcaceae;g__Ruminococcus;s__Ruminococcus_callidus	k__Bacteria;p__Bacteroidetes;c__Bacteroidia;o__Bacteroidales;f__Rikenellaceae;g__Alistipes;s__Alistipes_senegalensis	k__Bacteria;p__Firmicutes;c__Clostridia;o__Clostridiales;f__Lachnospiraceae;g__Blautia;s__Blautia_sp._KLE_1732	k__Bacteria;p__Bacteroidetes;c__Bacteroidia;o__Bacteroidales;f__Bacteroidaceae;g__Bacteroides;s__Bacteroides_oleiciplenus	k__Bacteria;p__Firmicutes;c__Clostridia;o__Clostridiales;f__Ruminococcaceae;g__Ruminococcus;s__Ruminococcus_bicirculans	k__Bacteria;p__Bacteroidetes;c__Bacteroidia;o__Bacteroidales;f__Bacteroidaceae;g__Bacteroides;s__Bacteroides_fluxus	k__Bacteria;p__Bacteroidetes;c__Bacteroidia;o__Bacteroidales;f__Prevotellaceae;g__Prevotella;s__Prevotella_stercorea	k__Bacteria;p__Firmicutes;c__Clostridia;o__Clostridiales;f__Lachnospiraceae;g__Dorea;s__Dorea_longicatena	k__Bacteria;p__Firmicutes;c__Clostridia;o__Clostridiales;f__Eubacteriaceae;g__Eubacterium;s__[Eubacterium]_eligens	k__Bacteria;p__Firmicutes;c__Clostridia;o__Clostridiales;f__Ruminococcaceae;g__;s__Ruminococcaceae_bacterium_D16	k__Bacteria;p__Firmicutes;c__Clostridia;o__Clostridiales;f__Lachnospiraceae;g__Coprococcus;s__Coprococcus_comes	k__Bacteria;p__Proteobacteria;c__Gammaproteobacteria;o__Enterobacterales;f__Enterobacteriaceae;g__Escherichia;s__Escherichia_coli	k__Bacteria;p__Firmicutes;c__Clostridia;o__Clostridiales;f__Ruminococcaceae;g__Anaerotruncus;s__Anaerotruncus_colihominis	k__Bacteria;p__Firmicutes;c__Clostridia;o__Clostridiales;f__Lachnospiraceae;g__Blautia;s__Blautia_obeum	k__Bacteria;p__Bacteroidetes;c__Bacteroidia;o__Bacteroidales;f__Odoribacteraceae;g__Odoribacter;s__Odoribacter_laneus	k__Bacteria;p__Firmicutes;c__Clostridia;o__Clostridiales;f__Ruminococcaceae;g__Ruminiclostridium;s__[Clostridium]_leptum	k__Bacteria;p__Bacteroidetes;c__Bacteroidia;o__Bacteroidales;f__Porphyromonadaceae;g__Parabacteroides;s__Parabacteroides_goldsteinii	k__Bacteria;p__Firmicutes;c__Clostridia;o__Clostridiales;f__Lachnospiraceae;g__Anaerostipes;s__Anaerostipes_hadrus	k__Bacteria;p__Firmicutes;c__Clostridia;o__Clostridiales;f__Ruminococcaceae;g__Ruminococcus;s__Ruminococcus_lactaris	k__Bacteria;p__Firmicutes;c__Clostridia;o__Clostridiales;f__Clostridiaceae;g__Clostridium;s__Clostridium_sp._L2-50	k__Bacteria;p__Firmicutes;c__Clostridia;o__Clostridiales;f__Clostridiaceae;g__Clostridium;s__Clostridium_sp._M62/1	k__Bacteria;p__Firmicutes;c__Clostridia;o__Clostridiales;f__;g__Intestinimonas;s__Intestinimonas_butyriciproducens	k__Bacteria;p__Actinobacteria;c__Actinobacteria;o__Bifidobacteriales;f__Bifidobacteriaceae;g__Bifidobacterium;s__Bifidobacterium_bifidum	k__Bacteria;p__Firmicutes;c__Negativicutes;o__Veillonellales;f__Veillonellaceae;g__Dialister;s__Dialister_invisus	k__Bacteria;p__Bacteroidetes;c__Bacteroidia;o__Bacteroidales;f__Bacteroidaceae;g__Bacteroides;s__Bacteroides_salanitronis
k__Bacteria;p__Bacteroidetes;c__Bacteroidia;o__Bacteroidales;f__Bacteroidaceae;g__Bacteroides;s__Bacteroides_vulgatus	1.0	0.0403707520948	0.0228187600594	-0.0273501612885	0.0249740774505	0.0791088703286	-0.0201757912356	-0.0299361834278	0.00878866276199	-0.00209744668367	0.00395990948176	-0.0184358606646	-0.0346367619951	-0.0387386254362	-0.0155368579542	-0.0248978917568	0.055536340898	0.035622593854	-0.080458387435	-0.0787133680772	0.0197226185129	0.0501140392888	-0.0142670362521	0.0134562803849	-0.00772474301889	-0.022567212127	0.0346031377565	0.0111390647266	0.0321495937264	0.00683669145932	-0.00351523879782	0.0183575089604	-0.00517701705398	0.00445046046142	-0.0538063031525	-0.048686042698	-0.0222629899008	-0.0200569215787	-0.0691544918653	-0.0476089393018	-0.109053781681	0.00547536933185	0.0710652145612	0.0187622465065	-0.0287968498939	-0.0338641284142	0.0526047552092	-0.00954254755768	0.0684415825528	-0.0623137931862	-0.06522997988	0.0118759720926	-0.0433074924798	-0.09313792308	0.0756794135398	0.0332778788047	-0.0356360606757	0.0287712214267	0.00969570941406
k__Bacteria;p__Bacteroidetes;c__Bacteroidia;o__Bacteroidales;f__Bacteroidaceae;g__Bacteroides;s__Bacteroides_uniformis	0.0403707520948	1.0	0.0123607824409	-0.103647764187	0.0218233778907	0.022916950151	-0.038290813591	0.011174435906	0.0407007785627	-0.113560913424	0.00508384811864	-0.0223084928648	-0.00247504655386	0.000221577308871	-0.00317031421684	-0.0211968094638	-0.0631224869074	0.0640658849204	-0.0629169302768	0.0252025217286	-0.0207018305176	0.00186079994604	0.0715243170406	0.0481777025104	0.0174307599129	0.0874284186881	-0.0553613290906	-0.0243803151673	0.0440209829809	-0.00485531924538	0.0113170855158	-0.025674704977	-0.0630393897389	0.0397855176216	0.00184929164241	-0.0448035471922	-0.0779183047793	-0.0696091122492	-0.0274781655389	0.0130894299837	-0.0966204260645	-0.0795306431184	-0.0494338819384	-0.0864218866437	-0.0214177257319	-0.0598769189272	-0.0304486785292	-0.0305657647477	0.0520325910105	-0.00646328465936	0.014078507057	0.015213294862	0.0154255625724	-0.00530649825389	-0.0213279451671	-0.0697313803434	-0.0383772286236	0.0103748058626	0.0558103553118
k__Bacteria;p__Bacteroidetes;c__Bacteroidia;o__Bacteroidales;f__Rikenellaceae;g__Alistipes;s__Alistipes_putredinis	0.0228187600594	0.0123607824409	1.0	-0.000427467517406	-0.00863867661645	-0.0387661205215	-0.0439671291671	0.037786215346	-0.0363205732326	-0.0145813823123	-0.0760275289604	-0.00481497092985	0.02194374619	-0.0176237128654	0.0741270754839	-0.0393364543543	-0.0138373120849	-0.0215644416765	-0.0786133384523	-0.0227331134402	-0.0891238223371	0.0279062822195	-0.0347779156906	0.0371963888451	-0.0164347526189	-0.00369047727585	-0.0336028908997	-0.080913718734	0.0306010536939	-0.0386941170127	0.0398220343858	0.0189440683192	0.0168932195669	0.0299269746873	0.00678976506606	-0.0498966656334	-0.0024633960086	0.043686245624	-0.00998134687097	0.0317506410952	0.101120654161	-0.00441736136006	-0.0638432715587	-0.00223480755002	-0.00750059117389	-0.064205034274	-0.000798624318478	-0.0444093709719	-0.0361032368681	0.0236980735858	0.0441476719706	-0.000646887748798	-0.0172716521481	-0.0371532054803	-0.0268525898979	-0.048703536811	-0.0254679769714	-0.027923696506	-0.0628407396117
k__Bacteria;p__Bacteroidetes;c__Bacteroidia;o__Bacteroidales;f__Prevotellaceae;g__Prevotella;s__Prevotella_copri	-0.0273501612885	-0.103647764187	-0.000427467517406	1.0	0.0739473467061	0.0425852472964	0.0186239963128	0.0065161681245	0.0308293093981	-0.0320381152642	-0.0326377131638	-0.0253278536332	-0.041634589662	0.0222935404223	0.0251356490075	-0.00938197161366	0.0142802318171	-0.0799099223952	0.0326202264074	-0.00745371531738	-0.0491078902064	-0.0395800489201	-0.0284712744299	-0.0364105255906	-0.0146839708814	-0.0168297794494	-0.0419592305011	0.0241025005752	0.00219521684005	0.0102003950198	-0.00570976352834	-0.0284049145355	-0.0450083557008	-0.0281977321395	0.0510889735156	-0.0638304210167	0.0202049388843	-0.014833736252	-0.00702593961517	-0.0566213959285	-0.0880887361112	-0.053622914911	-0.0548445932299	-0.0411192589469	0.0164864775128	-0.0243580253573	-0.0252608524894	-0.0662101790795	0.00900876162369	0.0591438853343	-0.00613873538647	-0.0255819333531	-0.0228637021894	0.0264209640005	-0.0262196738943	-0.0693836408052	0.0208899623647	0.00990532036051	0.0144950731468
k__Bacteria;p__Bacteroidetes;c__Bacteroidia;o__Bacteroidales;f__Bacteroidaceae;g__Bacteroides;s__Bacteroides_stercoris	0.0249740774505	0.0218233778907	-0.00863867661645	0.0739473467061	1.0	-0.039747630657	-0.0365914498165	0.0245839135674	-0.0042869431611	-0.0418436577216	-0.029059001499	0.0704778024469	-0.140660294976	-0.0236032241015	0.0248069761874	0.0228016152787	0.0142559207383	0.0266823526606	-0.0119159781229	-0.000249936850872	0.0291350650692	-0.0125335547911	-0.0318241082512	-0.0556535458307	-0.105421311959	-0.0617494081069	0.0654077526864	-0.0426648092539	-0.0877807369133	-0.0430261914949	0.00269567758339	-0.0577299332673	-0.0185966992416	0.0374776747503	0.00873588796413	0.0385343559582	0.113024185859	-0.0145300823967	-0.00571790892007	0.0404833725058	0.00725567250357	-0.0679497902777	-0.0632123900727	-0.0313965117639	0.00374310592453	-0.00623101508364	0.00334609414227	-0.0928718036458	-0.0120204352113	-0.0179751822345	-0.021664331228	-0.0505630888807	-0.0103910200159	-0.0226020655731	0.00204329845281	-0.0118710833136	0.0167385996918	-0.00883439429013	-0.0217918583044
k__Bacteria;p__Bacteroidetes;c__Bacteroidia;o__Bacteroidales;f__Bacteroidaceae;g__Bacteroides;s__Bacteroides_ovatus	0.0791088703286	0.022916950151	-0.0387661205215	0.0425852472964	-0.039747630657	1.0	-0.00987542553489	-0.0709074120839	-0.0473513169291	-0.0447843202635	0.0273642647286	-0.013252622519	0.0279987688813	0.0093949602522	-0.034014277338	-0.0308896737029	0.00164016779774	-0.0284179770298	0.00893313971735	0.0430231988724	-0.0685943716611	0.00128415299931	0.0215495373254	0.024363857189	-0.0152683001596	0.022608429347	0.0451868063503	0.0200186519934	-0.0790625565528	-0.0168728253282	0.0427724956577	-0.0831088388786	-0.011137927479	-0.0351253321548	-0.0145218014752	-0.0667045634975	-0.0111863192228	-0.117210609074	-0.0192659082509	-0.0269326811928	-0.0565762033605	-0.0459074271595	0.032629159591	-0.0102266199657	0.0715879932708	0.0265936730857	-0.0111875426689	0.0249287026943	0.0175339157576	-0.00954724679973	0.0136650233944	-0.0559423243963	-0.0525516820852	-0.0493483520869	-0.0214418059458	-0.0108376817955	0.0348692216611	0.00520332232174	0.0404587972626
k__Bacteria;p__Bacteroidetes;c__Bacteroidia;o__Bacteroidales;f__Rikenellaceae;g__Alistipes;s__Alistipes_shahii	-0.0201757912356	-0.038290813591	-0.0439671291671	0.0186239963128	-0.0365914498165	-0.00987542553489	1.0	-0.0305535688362	-0.0713105588731	-0.0764498761468	0.0389317661372	-0.0536518659605	-0.000842226477085	-0.025951518581	0.0062806252234	0.0352719004692	-0.0181067195819	0.0270678437665	0.0132074777922	-0.0261874164462	-0.0385597097334	0.0197806713502	-0.0887904055798	0.0455045042025	0.0264145022475	0.0329544590748	0.0483853511202	0.000382739662634	0.0893009875447	-0.0334744287149	-0.0374778588585	-0.00111539438997	-0.0173992450485	-0.0408005576418	-0.00516501221659	-0.0567951206921	-0.00498254314361	-0.0211399205347	-0.00125599308653	-0.0457710231888	0.0256633282238	-0.0568876857133	0.0184265130759	0.0240985693026	0.0382738261291	0.00896405878003	0.0296407274913	0.0478377537952	0.00959957857394	-0.06129030299	-0.0163588136929	0.00738137133353	0.0401338747193	-0.0417056607641	-0.047933838488	0.0104063454666	-0.00523890202269	0.0186413238117	0.00237866972965
k__Bacteria;p__Firmicutes;c__Clostridia;o__Clostridiales;f__Ruminococcaceae;g__Faecalibacterium;s__Faecalibacterium_prausnitzii	-0.0299361834278	0.011174435906	0.037786215346	0.0065161681245	0.0245839135674	-0.0709074120839	-0.0305535688362	1.0	-0.0925542548188	0.0322854862472	-0.0367785615795	0.00820883623626	-0.0504116767264	0.00522714894916	0.126651781059	-0.00273604057104	-0.0302865577411	0.0135727181439	-0.0529210317447	-0.0120776503681	-0.0691473028258	0.0274102426844	-0.0414946837999	-0.0109232260696	-0.0123916095499	0.0397026835398	-0.0170649968565	-0.0921144926356	-0.0182461304895	-0.0575516535613	-0.0582769308513	-0.0230017248102	-0.0477645019529	-0.0186426059354	-0.0485421244415	0.0392097491075	0.0107715912736	0.0900417555715	0.0299049736107	-0.0154744570333	-0.00674707308592	0.00688126944157	-0.0735477191538	0.0275530560691	-0.0478202198828	-0.0110434966281	0.0026800232855	-0.0563283400621	0.0255595991029	-0.0347526949771	0.015796480512	0.0611325485706	-0.0516399940381	-0.0197792832428	-0.08609048825	-0.0169324292808	-0.0239574038413	-0.0344326450032	0.0283451358626
k__Bacteria;p__Bacteroidetes;c__Bacteroidia;o__Bacteroidales;f__Rikenellaceae;g__Alistipes;s__Alistipes_finegoldii	0.00878866276199	0.0407007785627	-0.0363205732326	0.0308293093981	-0.00428694316109	-0.0473513169291	-0.0713105588731	-0.0925542548188	1.0	-0.00827129769854	-0.12280284558	-0.0288232750488	0.00337464077169	-0.0970138377616	0.0290876315187	-0.00818158522454	-0.0497467768564	0.0059300461144	-0.0908301583963	-0.0511703565938	0.0980242610369	0.0273040075275	0.0167490938069	0.015799513126	0.00208841248731	-0.0077086539791	-0.060126486833	0.00416864987778	-0.0259254586163	0.017822063363	0.0124917971964	0.0276627484857	0.0138499028637	-0.0221224647652	-0.0286633724374	0.0126014541297	-0.0395598676201	0.0349657453717	-0.00823299286801	-0.0198867510881	0.0737168401927	0.00613325360072	-0.0038335397004	0.0320640089659	-0.00978538111864	-0.0317942696299	0.0450892783337	0.00201825459117	-0.00972945402499	-0.00765573449977	0.00141528876333	0.0211049545023	-0.0345765213549	0.0109942280942	-0.0521555116327	-0.0107894252852	-0.038905013316	-0.0469021545537	-0.00418079353729
k__Bacteria;p__Bacteroidetes;c__Bacteroidia;o__Bacteroidales;f__Porphyromonadaceae;g__Parabacteroides;s__Parabacteroides_distasonis	-0.00209744668367	-0.113560913424	-0.0145813823123	-0.0320381152642	-0.0418436577216	-0.0447843202635	-0.0764498761468	0.0322854862472	-0.00827129769854	1.0	-0.0651957032756	0.0170510430408	-0.0360490572909	-0.0428785046074	0.00747118506009	0.0310162494978	-0.0209646425589	0.0144242807215	0.0236116419946	0.0702696815106	-0.0235104921562	0.0256787888298	-0.0834196159518	-0.016303324377	0.00660593467578	-0.0584754500709	-0.037005879851	-0.0501246465232	-0.0622804482802	0.0349536927695	0.038224038955	-0.0057253031833	-0.017009868285	0.0841285077674	-0.0412726183768	0.00101321954437	-0.0197716410213	0.0136998257136	0.0208059608164	-0.0146116136086	-0.0710056745488	0.0258025068175	-0.082283302231	-0.00654626069838	-0.01079339483	0.00274433588873	0.00592744181358	-0.0341884496003	-0.0398268482854	0.0747710925452	0.070090685356	-0.0378803813847	-0.00704838948682	-0.0461205872782	-0.0358292156889	0.00341735955121	0.00406864125027	0.0141091092088	-0.00653141746527
k__Bacteria;p__Bacteroidetes;c__Bacteroidia;o__Bacteroidales;f__Bacteroidaceae;g__Bacteroides;s__Bacteroides_thetaiotaomicron	0.00395990948176	0.00508384811864	-0.0760275289604	-0.0326377131638	-0.029059001499	0.0273642647286	0.0389317661372	-0.0367785615795	-0.12280284558	-0.0651957032756	1.0	-0.0712983933072	-0.137223865133	0.0510389384267	-0.0272199054778	0.0177868959218	-0.0168953571556	-0.0558696306613	0.0656519310032	0.0492139752903	-0.0428758418081	-0.0811391447376	-0.0230668741223	0.0226645883766	-0.100787270579	-0.0529830376319	-0.00992316827058	0.00137537101407	-0.0530110902184	-0.000627851610167	-0.0396913015118	-0.0349367172645	0.0243978860136	-0.052360967436	-0.0244515046397	0.00850334451846	-0.0391412813942	-0.0413385349879	-0.0489342421622	-0.0142223434596	0.0737171834636	-0.00747448953013	-0.023135591683	0.0226032553193	0.0325911669298	0.0297598458473	-0.000657578378479	0.0331514506735	0.0151344325578	-0.0153496839231	-0.00238467384459	-0.0303870243453	-0.0242100358487	-0.0942542241529	0.0375881633025	0.0195795756525	0.0789177459684	-0.000451690052513	-0.0132501130957
k__Bacteria;p__Bacteroidetes;c__Bacteroidia;o__Bacteroidales;f__Bacteroidaceae;g__Bacteroides;s__Bacteroides_coprocola	-0.0184358606646	-0.0223084928648	-0.00481497092985	-0.0253278536332	0.0704778024469	-0.013252622519	-0.0536518659605	0.00820883623626	-0.0288232750488	0.0170510430408	-0.0712983933072	1.0	-0.080000783143	0.034500956959	-0.0246186243007	-0.084519353766	-0.0477304797472	-0.00835625277486	0.0264443302734	-0.0958339667469	-0.0862320145689	-0.0421309529176	0.0134241968533	-0.00412921471343	0.0434545873886	-0.052249262226	0.0572707242394	-0.0440121228688	-0.0188600208229	0.0138064935137	-0.0366636492445	-0.0289296807484	-0.0154316800893	-0.0739493801562	0.0354263827461	0.00496709410736	0.0202337578165	0.034614770849	0.0275923241069	-0.00369894155924	0.0273335890463	0.0215761944075	0.0606802057078	-0.0541323232015	0.0107287559621	-0.0140980595094	0.00878122844334	0.0343438105932	-0.00251493149442	0.046567673663	-0.0123028954564	0.00434286394883	-0.0199260601264	-0.0147765742155	0.0429308693922	0.122156948635	-0.0460301206866	-0.00495958475001	0.0107383418143
k__Bacteria;p__Bacteroidetes;c__Bacteroidia;o__Bacteroidales;f__Bacteroidaceae;g__Bacteroides;s__Bacteroides_cellulosilyticus	-0.0346367619951	-0.00247504655386	0.02194374619	-0.041634589662	-0.140660294976	0.0279987688813	-0.000842226477085	-0.0504116767264	0.00337464077169	-0.0360490572909	-0.137223865133	-0.080000783143	1.0	0.029919337416	-0.0840565054176	-0.0616487863202	-0.078451942107	0.0720641112884	-0.0649360294896	0.0208295381911	0.0280265715342	0.00757579003896	0.0276762672937	0.0555719331814	0.017594950382	0.0789322072309	-0.0205944667503	-0.0643830086734	0.0072954707814	0.00752931854147	0.0723310258932	0.0192222411565	0.00431511261759	0.0365410540073	-0.0035460047725	0.0108970883163	0.00655378801123	-0.0235655620556	-0.0514626090465	-0.0559381508962	0.0378763163677	-0.016629824721	0.0538905472747	0.0127184381624	-0.0138973623899	0.0267712796136	-0.0781343945286	0.00889390889051	0.0702053338879	0.0348223707095	-0.0605756439683	-0.0536681240255	-0.00338941923609	-0.0177966083373	0.0317535936523	-0.0804231732884	-0.0398617004141	-0.0813375984501	-0.0339014334667
k__Bacteria;p__Bacteroidetes;c__Bacteroidia;o__Bacteroidales;f__Rikenellaceae;g__Alistipes;s__Alistipes_obesi	-0.0387386254362	0.000221577308871	-0.0176237128654	0.0222935404223	-0.0236032241015	0.0093949602522	-0.025951518581	0.00522714894916	-0.0970138377616	-0.0428785046074	0.0510389384267	0.034500956959	0.029919337416	1.0	0.0342913087891	0.000733524594614	0.0189876845323	-0.12006913798	0.043146117745	-0.0219885669737	-0.0238598096499	-0.0270068531925	0.0102378811688	-0.0348870380725	-0.0105478214592	-0.0635259721825	-0.00384758391014	-0.0241377913768	-0.019641966102	-0.0165932552955	-0.0268244120945	-0.0316677522719	-0.0108778764579	0.00355162061866	-0.019993019019	-0.013555363783	0.000103133738215	-0.00944097481323	0.0210257726398	0.0188563712012	0.0239001862559	0.0158421616134	-0.0550901175301	0.0154312258238	-0.0218748240866	0.0160363360391	-0.0210107596322	-0.0322608619622	0.0541834218703	-0.126765912017	0.0313071828658	0.0132333013216	0.0390219129862	0.0888299092525	-0.0137486791632	0.0280530390207	0.0138410687447	0.0231645415735	0.00445749203985
k__Bacteria;p__Firmicutes;c__Clostridia;o__Clostridiales;f__Lachnospiraceae;g__;s__[Eubacterium]_rectale	-0.0155368579542	-0.00317031421684	0.0741270754839	0.0251356490075	0.0248069761874	-0.034014277338	0.0062806252234	0.126651781059	0.0290876315187	0.00747118506009	-0.0272199054778	-0.0246186243007	-0.0840565054176	0.0342913087891	1.0	-0.0894272936851	0.0233350166119	0.0134701782569	0.0168414730996	0.0150648193759	-0.0248086381914	-0.0516477116508	-0.0178998161598	-0.0573281358615	-0.0377914376296	0.00870334048348	0.00390336243686	-0.0186604179992	-0.0217125522071	-0.0424934736358	-0.0539423301902	-0.054114906808	0.0286504712178	-0.00976586122279	-0.0544091535824	-0.0488700267593	-0.0410424467274	0.0223164510545	-0.0099756147716	-0.013737044686	0.0116845091314	0.102289994203	-0.0428421261922	-0.00752217579498	-0.0930568972548	-0.0321173002859	0.0123791886137	-0.022198074921	-0.0202424528054	-0.00764180328615	-0.0221104383324	-0.00767821226381	0.0143319686838	0.0356294059872	-0.00359692663919	0.0114575539427	-0.0483539218785	-5.88092727743e-05	0.00866881904022
k__Bacteria;p__Bacteroidetes;c__Bacteroidia;o__Bacteroidales;f__Bacteroidaceae;g__Bacteroides;s__Bacteroides_plebeius	-0.0248978917568	-0.0211968094638	-0.0393364543543	-0.00938197161366	0.0228016152787	-0.0308896737029	0.0352719004692	-0.00273604057104	-0.00818158522454	0.0310162494978	0.0177868959218	-0.084519353766	-0.0616487863202	0.000733524594614	-0.0894272936851	1.0	0.0129281162889	-0.0255130113051	0.0580918207812	-0.011476243768	0.0186251855577	-0.00872786027883	-0.0365773336231	0.0193739968273	-0.0155106602086	-0.0599672539752	0.00147572827978	-0.00612910243632	0.0105668827778	-0.0504641350839	0.0398578024512	-0.0568907277783	0.0322287194454	0.00452739258808	-0.0062304540783	0.0864612788786	-0.0406387125161	-0.0544205693305	-0.00555427022867	-0.011628770313	0.00159013861355	0.0283530583274	-0.0178916399138	-0.0897925396895	0.0420354173195	0.0133030130817	-0.0234105904813	-0.0403455325526	0.0640789532882	0.0651747259659	0.0218031401958	0.0700020283712	-0.0183119974304	-0.0837147501069	-0.0417197510305	-0.0878657557889	-0.0303649497612	-0.010975538178	0.0467110554652
k__Bacteria;p__Bacteroidetes;c__Bacteroidia;o__Bacteroidales;f__Bacteroidaceae;g__Bacteroides;s__Bacteroides_fragilis	0.055536340898	-0.0631224869074	-0.0138373120849	0.0142802318171	0.0142559207383	0.00164016779774	-0.0181067195819	-0.0302865577411	-0.0497467768564	-0.0209646425589	-0.0168953571556	-0.0477304797472	-0.078451942107	0.0189876845323	0.0233350166119	0.0129281162889	1.0	-0.000632352149083	-0.00641570253539	0.00115045238069	0.0340869254272	-0.0320623180898	-0.00779633280848	0.00943209784031	-0.0556754557989	0.0301878534727	-0.0643152344238	0.0404963087853	0.0821276059776	0.088543393952	-0.0171783730979	-0.0679081750336	0.0233952918897	0.0330675425201	-0.116344561821	-0.080827272312	0.0886865654555	-0.0239412392373	-0.0460095126999	-0.000715310591204	-0.0244982562199	-0.0309254144782	0.0153933516879	0.0175986594656	-0.00573548612101	-0.0299102781336	-0.019269339794	-0.0594502025286	-0.0169921610612	-0.047599204495	-0.00421369480127	-0.013281239729	0.0606816379485	0.0455353267287	0.0148132967859	-0.0122275072005	-0.0249273822027	-0.0800560855912	0.00862746963839
k__Bacteria;p__Proteobacteria;c__Betaproteobacteria;o__Burkholderiales;f__Sutterellaceae;g__Sutterella;s__Sutterella_wadsworthensis	0.035622593854	0.0640658849204	-0.0215644416765	-0.0799099223952	0.0266823526606	-0.0284179770298	0.0270678437665	0.0135727181439	0.0059300461144	0.0144242807215	-0.0558696306613	-0.00835625277486	0.0720641112884	-0.12006913798	0.0134701782569	-0.0255130113051	-0.000632352149083	1.0	0.0783326749251	-0.00701216830822	-0.00431397483158	-0.000582569535955	-0.0351858718413	-0.0529109800768	0.019660388795	0.0403087448507	-0.000825017265383	-0.0208743084915	-0.025183274765	0.021123578477	-0.0728708284384	-0.0409271032903	0.0369729061713	0.0241896714318	0.0258072749704	-0.00767735388811	0.00612834148664	-0.0463418028832	0.0266337802486	0.0198809238571	-0.0482346347461	0.00108762645044	0.0528891876847	-0.0576428083794	-0.0477576995678	0.0180329050807	-0.028114775247	0.0202861443607	-0.036292947615	-0.0703642545084	-0.0889977847068	-0.0238522554088	0.000167888695128	0.0133119376324	-0.0675881743782	0.0329503212906	-0.0092300147469	-0.0473130894771	0.00598248106664
k__Bacteria;p__Bacteroidetes;c__Bacteroidia;o__Bacteroidales;f__Porphyromonadaceae;g__Barnesiella;s__Barnesiella_intestinihominis	-0.080458387435	-0.0629169302768	-0.0786133384523	0.0326202264074	-0.0119159781229	0.00893313971735	0.0132074777922	-0.0529210317447	-0.0908301583963	0.0236116419946	0.0656519310032	0.0264443302734	-0.0649360294896	0.043146117745	0.0168414730996	0.0580918207812	-0.00641570253539	0.0783326749251	1.0	0.0466506349365	0.0427985386986	-0.0281469327698	0.00191514059501	0.0440483049192	0.0854561349374	-0.0109948290437	-0.0275786061311	0.0136139328075	-0.0375627518148	0.0388455333944	-0.0937996035961	-0.0368049763344	-0.0145138866411	0.0169872540595	0.00408547146127	-0.107778042487	-0.0114654695394	-0.0397067796029	-0.0242507492795	-0.0579134950266	0.00370316911102	-0.00566636224548	-0.0179289487297	-0.0129328160115	0.0160357561886	-0.0180583608163	-0.0612533929273	-0.0197633582718	-0.0244948480701	-0.0114087029368	-0.0597595926189	-0.0379036469046	-0.0244537128256	-0.0282481499479	-0.052000687729	0.00929554655975	0.034497045096	-0.0480621494413	-0.00579232040507
k__Bacteria;p__Bacteroidetes;c__Bacteroidia;o__Bacteroidales;f__Odoribacteraceae;g__Odoribacter;s__Odoribacter_splanchnicus	-0.0787133680772	0.0252025217286	-0.0227331134402	-0.00745371531738	-0.000249936850872	0.0430231988724	-0.0261874164462	-0.0120776503681	-0.0511703565938	0.0702696815106	0.0492139752903	-0.0958339667469	0.0208295381911	-0.0219885669737	0.0150648193759	-0.011476243768	0.00115045238069	-0.00701216830822	0.0466506349365	1.0	-0.0632909921202	0.0229321472458	0.0316304017338	-0.0599894710062	0.00369962717331	0.024568294382	-0.0201823526698	0.0154339127539	-0.0880238404589	-0.0416007632066	-0.0436099711732	0.0818446910415	0.0248784519846	-0.0067534990078	-0.0747088069579	-0.0301380144733	0.0111917269382	-0.0774296301097	-0.0788092506424	0.021423484572	0.00803895571575	0.0319835930657	-0.00950565925215	-0.066318617644	-0.126738256145	0.00432098853626	-0.0261104157546	-0.00962420173141	0.0291410174478	-0.0193201624033	0.0167876549822	-0.0339121665499	0.0489250837832	0.0911524622272	0.0334495129534	0.0368759815412	-0.0566502673224	0.0181515957555	0.048463473307
k__Bacteria;p__Bacteroidetes;c__Bacteroidia;o__Bacteroidales;f__Bacteroidaceae;g__Bacteroides;s__Bacteroides_salyersiae	0.0197226185129	-0.0207018305176	-0.0891238223371	-0.0491078902064	0.0291350650692	-0.0685943716611	-0.0385597097334	-0.0691473028258	0.0980242610369	-0.0235104921562	-0.0428758418081	-0.0862320145689	0.0280265715342	-0.0238598096499	-0.0248086381914	0.0186251855577	0.0340869254272	-0.00431397483158	0.0427985386986	-0.0632909921202	1.0	0.050642595392	0.0290066499739	0.0315707796709	0.0011128344674	0.0110441832099	-0.0337501176973	-0.0701825197721	0.0158891175367	0.0585925769429	0.0664147980369	0.0244535227058	-0.00775012398518	0.0114019864917	-0.0116577131626	0.0468667697074	0.0138977596379	0.00640538225969	-0.0383091994423	-0.0384819507952	-0.0547844638664	0.0374603687885	0.0270734100969	-0.0348094814074	-0.0264231533051	0.047891444238	-0.0392102922469	0.0135300640011	-0.0224731716961	-0.070404639207	-0.0695925243583	-0.00293730907783	0.0353041384943	-0.0733991612854	-0.0267623676294	-0.0150334470403	0.0310743566479	-0.0065048023151	-0.0426840255958
k__Bacteria;p__Firmicutes;c__Clostridia;o__Clostridiales;f__Ruminococcaceae;g__Ruminiclostridium;s__[Eubacterium]_siraeum	0.0501140392888	0.00186079994604	0.0279062822195	-0.0395800489201	-0.0125335547911	0.00128415299931	0.0197806713502	0.0274102426844	0.0273040075275	0.0256787888298	-0.0811391447376	-0.0421309529176	0.00757579003896	-0.0270068531925	-0.0516477116508	-0.00872786027883	-0.0320623180898	-0.000582569535955	-0.0281469327698	0.0229321472458	0.050642595392	1.0	-0.0593139651364	0.0472365563211	-0.0649423067802	-0.0804277889869	0.00905002539504	-0.024642369491	-0.0447580465768	0.0453127567191	-0.0790703319224	-0.0101760230496	0.00356741363182	-0.0235023444579	-0.103579673546	-0.0394847174128	-0.0711100370331	-0.0223245381349	-0.0488580945439	-0.0197589820226	-0.112050323178	0.0463548221439	0.00202166272188	0.0132592198127	-0.0239689277589	-0.0155214086834	0.029824935677	0.0688356067274	0.0224653078749	0.012698566861	-0.0373424855562	0.0691992884874	-0.00283171718746	-0.0188542766411	-0.00613811814624	-0.0695156611628	0.0270530655058	-0.0380227439539	0.0339353448839
k__Bacteria;p__Proteobacteria;c__Betaproteobacteria;o__Burkholderiales;f__Sutterellaceae;g__Parasutterella;s__Parasutterella_excrementihominis	-0.0142670362521	0.0715243170406	-0.0347779156906	-0.0284712744299	-0.0318241082512	0.0215495373254	-0.0887904055798	-0.0414946837999	0.0167490938069	-0.0834196159518	-0.0230668741223	0.0134241968533	0.0276762672937	0.0102378811688	-0.0178998161598	-0.0365773336231	-0.00779633280848	-0.0351858718413	0.00191514059501	0.0316304017338	0.0290066499739	-0.0593139651364	1.0	0.0816233409402	0.0331411736785	-0.0246474933433	0.108332134124	0.035627801228	0.0446705032778	-0.075692834053	0.0487557175074	0.0749686616717	0.0339160762657	0.0351345858778	-0.0558852272922	0.0301977712801	0.0653191704983	-0.0676621324016	0.00390046077778	-0.00903765793	0.0137731021835	-0.0331962612345	-0.09524895622	-0.0192013197983	0.0510294037599	0.0390400570115	0.0451548315203	-0.0297210856749	-0.00305259978118	-0.088765647144	-0.0539100998525	-0.00808226364036	-0.0350324100429	0.0333210802815	-0.047728855327	0.0316214854775	-0.087431411524	-0.00344507705254	-0.0365384821087
k__Bacteria;p__Actinobacteria;c__Actinobacteria;o__Bifidobacteriales;f__Bifidobacteriaceae;g__Bifidobacterium;s__Bifidobacterium_adolescentis	0.0134562803849	0.0481777025104	0.0371963888451	-0.0364105255906	-0.0556535458307	0.024363857189	0.0455045042025	-0.0109232260696	0.015799513126	-0.016303324377	0.0226645883766	-0.00412921471343	0.0555719331814	-0.0348870380725	-0.0573281358615	0.0193739968273	0.00943209784031	-0.0529109800768	0.0440483049192	-0.0599894710062	0.0315707796709	0.0472365563211	0.0816233409402	1.0	-0.0553537340819	0.00958882318613	-0.078306358637	-0.0308389706075	0.0197036916586	-0.00170977935064	-0.0217442764404	0.0471667188099	0.0994440652205	0.0412323943911	-0.0306083244736	-0.038969262948	-0.0265313311393	0.0522817342211	0.00913269417468	-0.00193451392061	0.00293938797542	-0.0113850940482	0.0108061154362	-0.0153154893702	-0.0413357414861	-0.017942075287	-0.0141029221721	-0.0664977721851	0.0178555355399	-0.0592211213687	0.0269016372047	-0.0329053388449	0.0101442764698	-0.0424247557536	-0.0515559512973	-0.0167428422957	0.00235604366824	-0.0827902667841	-0.0920632679186
k__Bacteria;p__Firmicutes;c__Clostridia;o__Clostridiales;f__Oscillospiraceae;g__Oscillibacter;s__Oscillibacter_sp._KLE_1745	-0.00772474301889	0.0174307599129	-0.0164347526189	-0.0146839708814	-0.105421311959	-0.0152683001596	0.0264145022475	-0.0123916095499	0.00208841248731	0.00660593467578	-0.100787270579	0.0434545873886	0.017594950382	-0.0105478214592	-0.0377914376296	-0.0155106602086	-0.0556754557989	0.019660388795	0.0854561349374	0.00369962717331	0.0011128344674	-0.0649423067802	0.0331411736785	-0.0553537340819	1.0	-0.0374042667518	0.0468082939424	-0.0923453044446	0.0507278822844	-0.0217873035969	-0.0343348101759	0.0356091809334	-0.104412978152	-0.045322833736	0.00217606749259	-0.0167778632219	0.015024283121	0.0569631035122	-0.0311236177113	-0.0631215318807	0.0236492734717	0.0127123517124	0.00949746722044	0.0590951529249	-0.0366172584762	-0.0350165605838	-0.0741619516739	-0.0702831388871	-0.0278208044591	-0.0166027231408	0.053170778147	0.0519150844414	-0.0308957374136	0.0573508541406	0.0283374518262	0.0272564556738	0.0326061364702	-0.0154021427527	-0.0176933048118
k__Bacteria;p__Bacteroidetes;c__Bacteroidia;o__Bacteroidales;f__Bacteroidaceae;g__Bacteroides;s__Bacteroides_coprophilus	-0.022567212127	0.0874284186881	-0.00369047727585	-0.0168297794494	-0.0617494081069	0.022608429347	0.0329544590748	0.0397026835398	-0.00770865397909	-0.0584754500709	-0.0529830376319	-0.052249262226	0.0789322072309	-0.0635259721825	0.00870334048348	-0.0599672539752	0.0301878534727	0.0403087448507	-0.0109948290437	0.024568294382	0.0110441832099	-0.0804277889869	-0.0246474933433	0.00958882318613	-0.0374042667518	1.0	-0.0795296380139	0.0320782890117	-0.0382922385287	-0.00911303047629	0.0773863671657	-0.0433678987875	0.0436579137346	-0.0332384722528	0.0148555207718	0.00417236351126	-0.00694220238043	-0.0406079633459	0.0618853631152	0.0311512446475	0.0039959573646	-0.0378994748545	0.0695615102746	0.0218204273498	0.00451383580803	-0.0308648823006	-0.0158946224393	-0.0732033290304	-0.0455021673134	-0.0226570832189	-0.032584951514	-0.0758394160601	-0.0388823094307	0.0586326959188	-0.0411731804997	-0.0807232541499	-0.0303254275596	0.0517964378427	0.0817578334851
k__Bacteria;p__Firmicutes;c__Clostridia;o__Clostridiales;f__Lachnospiraceae;g__Roseburia;s__Roseburia_intestinalis	0.0346031377565	-0.0553613290906	-0.0336028908997	-0.0419592305011	0.0654077526864	0.0451868063503	0.0483853511202	-0.0170649968565	-0.060126486833	-0.037005879851	-0.00992316827058	0.0572707242394	-0.0205944667503	-0.00384758391014	0.00390336243686	0.00147572827978	-0.0643152344238	-0.000825017265383	-0.0275786061311	-0.0201823526698	-0.0337501176973	0.00905002539504	0.108332134124	-0.078306358637	0.0468082939424	-0.0795296380139	1.0	-0.0678997693232	0.0620787213529	-0.0256762838308	0.0772437284728	0.00408478171042	-0.012558357699	0.064605281441	-0.0621446399194	0.00265811082661	-0.0126026188038	-0.0690366975519	0.00205977619686	0.00374414080903	0.0106997182762	0.0168479194861	-0.0152982020544	-0.0583512979546	0.00765733302364	-0.0839482892775	-0.0112681757843	0.0148659996356	-0.019232978779	0.0254149581276	0.011345192725	0.0276597890523	0.08839748715	-0.0405970711756	-0.0396323183558	-0.0194645689112	0.0288455808898	-0.0778909613425	-0.0017005904176
k__Bacteria;p__Firmicutes;c__Clostridia;o__Clostridiales;f__Lachnospiraceae;g__Roseburia;s__Roseburia_hominis	0.0111390647266	-0.0243803151673	-0.080913718734	0.0241025005752	-0.0426648092539	0.0200186519934	0.000382739662634	-0.0921144926356	0.00416864987778	-0.0501246465232	0.00137537101407	-0.0440121228688	-0.0643830086734	-0.0241377913768	-0.0186604179992	-0.00612910243632	0.0404963087853	-0.0208743084915	0.0136139328075	0.0154339127539	-0.0701825197721	-0.024642369491	0.035627801228	-0.0308389706075	-0.0923453044446	0.0320782890117	-0.0678997693232	1.0	-0.00737104062192	-0.0969096574495	-0.0251418784276	0.0257006512501	-0.0227229796058	0.0502378104694	-0.00982493087454	-0.0536502057444	-0.0658281884053	-0.0212270649535	0.0135806120912	-0.00505063208284	-0.0552405699956	-0.0497322773857	-0.00283976917047	-0.00591877849809	0.034278568203	-0.0354001401228	-0.0279447200321	0.0470356149068	0.0249116663053	0.0172923287962	0.0144521922047	0.0637751397089	0.0469279505822	-0.00139689635502	-0.034416655167	-0.0256435220063	0.09485319153	0.0245636303904	-0.0262863061103
k__Bacteria;p__Bacteroidetes;c__Bacteroidia;o__Bacteroidales;f__Porphyromonadaceae;g__Parabacteroides;s__Parabacteroides_johnsonii	0.0321495937264	0.0440209829809	0.0306010536939	0.00219521684005	-0.0877807369133	-0.0790625565528	0.0893009875447	-0.0182461304895	-0.0259254586163	-0.0622804482802	-0.0530110902184	-0.0188600208229	0.0072954707814	-0.019641966102	-0.0217125522071	0.0105668827778	0.0821276059776	-0.025183274765	-0.0375627518148	-0.0880238404589	0.0158891175367	-0.0447580465768	0.0446705032778	0.0197036916586	0.0507278822844	-0.0382922385287	0.0620787213529	-0.00737104062192	1.0	-0.0191002250766	0.00577321022184	-0.0125082209145	-0.0355708642569	-0.00471651168012	0.00210141388808	-0.00697800604445	-0.0170421592984	0.0418839793163	0.042454469593	-0.0252411216511	-0.0516243186448	-0.0491499880071	-0.0426713028856	-0.00374437250748	-0.00800331148288	-0.0243458005311	-0.0479316335544	0.067187058202	0.0171091185166	-0.097347721206	-0.0249379937367	-0.02928798715	-0.0597230656198	-0.00661976571385	-0.00751433295869	0.000900367959943	-0.0567793908171	0.0325844921497	-0.0791560008383
k__Bacteria;p__Actinobacteria;c__Actinobacteria;o__Bifidobacteriales;f__Bifidobacteriaceae;g__Bifidobacterium;s__Bifidobacterium_longum	0.00683669145932	-0.00485531924538	-0.0386941170127	0.0102003950198	-0.0430261914949	-0.0168728253282	-0.0334744287149	-0.0575516535613	0.017822063363	0.0349536927695	-0.000627851610166	0.0138064935137	0.00752931854147	-0.0165932552955	-0.0424934736358	-0.0504641350839	0.088543393952	0.021123578477	0.0388455333944	-0.0416007632066	0.0585925769429	0.0453127567191	-0.075692834053	-0.00170977935064	-0.0217873035969	-0.00911303047629	-0.0256762838308	-0.0969096574495	-0.0191002250766	1.0	0.0312805419823	-0.0739194077855	-0.071884161804	-0.0770203820959	-0.00316925318147	-0.040216361413	0.0391366274039	-0.0316443860798	-0.0494815497366	0.0166734923632	0.00684296331108	0.0419766377338	-0.0425886722487	0.00874726658653	-0.0247685059261	-0.0031791760722	-0.0840947137574	0.0491913591142	-0.0332299608154	0.0226238584449	0.000993046421184	-0.0190170203126	-0.0143956173336	0.0122144648371	-0.0113259546875	-0.0147935201623	0.0175401876801	-0.0348517599391	-0.00315373391853
