#taxonomy	k__Bacteria;p__Bacteroidetes;c__Bacteroidia;o__Bacteroidales;f__Bacteroidaceae;g__Bacteroides;s__Bacteroides_vulgatus	k__Bacteria;p__Bacteroidetes;c__Bacteroidia;o__Bacteroidales;f__Bacteroidaceae;g__Bacteroides;s__Bacteroides_uniformis	k__Bacteria;p__Bacteroidetes;c__Bacteroidia;o__Bacteroidales;f__Rikenellaceae;g__Alistipes;s__Alistipes_putredinis	k__Bacteria;p__Bacteroidetes;c__Bacteroidia;o__Bacteroidales;f__Prevotellaceae;g__Prevotella;s__Prevotella_copri	k__Bacteria;p__Bacteroidetes;c__Bacteroidia;o__Bacteroidales;f__Bacteroidaceae;g__Bacteroides;s__Bacteroides_stercoris	k__Bacteria;p__Bacteroidetes;c__Bacteroidia;o__Bacteroidales;f__Bacteroidaceae;g__Bacteroides;s__Bacteroides_ovatus	k__Bacteria;p__Bacteroidetes;c__Bacteroidia;o__Bacteroidales;f__Rikenellaceae;g__Alistipes;s__Alistipes_shahii	k__Bacteria;p__Firmicutes;c__Clostridia;o__Clostridiales;f__Ruminococcaceae;g__Faecalibacterium;s__Faecalibacterium_prausnitzii	k__Bacteria;p__Bacteroidetes;c__Bacteroidia;o__Bacteroidales;f__Rikenellaceae;g__Alistipes;s__Alistipes_finegoldii	k__Bacteria;p__Bacteroidetes;c__Bacteroidia;o__Bacteroidales;f__Porphyromonadaceae;g__Parabacteroides;s__Parabacteroides_distasonis	k__Bacteria;p__Bacteroidetes;c__Bacteroidia;o__Bacteroidales;f__Bacteroidaceae;g__Bacteroides;s__Bacteroides_thetaiotaomicron	k__Bacteria;p__Bacteroidetes;c__Bacteroidia;o__Bacteroidales;f__Bacteroidaceae;g__Bacteroides;s__Bacteroides_coprocola	k__Bacteria;p__Bacteroidetes;c__Bacteroidia;o__Bacteroidales;f__Bacteroidaceae;g__Bacteroides;s__Bacteroides_cellulosilyticus	k__Bacteria;p__Bacteroidetes;c__Bacteroidia;o__Bacteroidales;f__Rikenellaceae;g__Alistipes;s__Alistipes_obesi	k__Bacteria;p__Firmicutes;c__Clostridia;o__Clostridiales;f__Lachnospiraceae;g__;s__[Eubacterium]_rectale	k__Bacteria;p__Bacteroidetes;c__Bacteroidia;o__Bacteroidales;f__Bacteroidaceae;g__Bacteroides;s__Bacteroides_plebeius	k__Bacteria;p__Bacteroidetes;c__Bacteroidia;o__Bacteroidales;f__Bacteroidaceae;g__Bacteroides;s__Bacteroides_fragilis	k__Bacteria;p__Proteobacteria;c__Betaproteobacteria;o__Burkholderiales;f__Sutterellaceae;g__Sutterella;s__Sutterella_wadsworthensis	k__Bacteria;p__Bacteroidetes;c__Bacteroidia;o__Bacteroidales;f__Porphyromonadaceae;g__Barnesiella;s__Barnesiella_intestinihominis	k__Bacteria;p__Bacteroidetes;c__Bacteroidia;o__Bacteroidales;f__Odoribacteraceae;g__Odoribacter;s__Odoribacter_splanchnicus	k__Bacteria;p__Bacteroidetes;c__Bacteroidia;o__Bacteroidales;f__Bacteroidaceae;g__Bacteroides;s__Bacteroides_salyersiae	k__Bacteria;p__Firmicutes;c__Clostridia;o__Clostridiales;f__Ruminococcaceae;g__Ruminiclostridium;s__[Eubacterium]_siraeum	k__Bacteria;p__Proteobacteria;c__Betaproteobacteria;o__Burkholderiales;f__Sutterellaceae;g__Parasutterella;s__Parasutterella_excrementihominis	k__Bacteria;p__Actinobacteria;c__Actinobacteria;o__Bifidobacteriales;f__Bifidobacteriaceae;g__Bifidobacterium;s__Bifidobacterium_adolescentis	k__Bacteria;p__Firmicutes;c__Clostridia;o__Clostridiales;f__Oscillospiraceae;g__Oscillibacter;s__Oscillibacter_sp._KLE_1745	k__Bacteria;p__Bacteroidetes;c__Bacteroidia;o__Bacteroidales;f__Bacteroidaceae;g__Bacteroides;s__Bacteroides_coprophilus	k__Bacteria;p__Firmicutes;c__Clostridia;o__Clostridiales;f__Lachnospiraceae;g__Roseburia;s__Roseburia_intestinalis	k__Bacteria;p__Firmicutes;c__Clostridia;o__Clostridiales;f__Lachnospiraceae;g__Roseburia;s__Roseburia_hominis	k__Bacteria;p__Bacteroidetes;c__Bacteroidia;o__Bacteroidales;f__Porphyromonadaceae;g__Parabacteroides;s__Parabacteroides_johnsonii	k__Bacteria;p__Actinobacteria;c__Actinobacteria;o__Bifidobacteriales;f__Bifidobacteriaceae;g__Bifidobacterium;s__Bifidobacterium_longum	k__Bacteria;p__Firmicutes;c__Clostridia;o__Clostridiales;f__;g__Flavonifractor;s__Flavonifractor_plautii	k__Bacteria;p__Firmicutes;c__Clostridia;o__Clostridiales;f__Clostridiaceae;g__Clostridium;s__Clostridium_phoceensis	k__Bacteria;p__Verrucomicrobia;c__Verrucomicrobiae;o__Verrucomicrobiales;f__Akkermansiaceae;g__Akkermansia;s__Akkermansia_muciniphila	k__Bacteria;p__Bacteroidetes;c__Bacteroidia;o__Bacteroidales;f__Prevotellaceae;g__Paraprevotella;s__Paraprevotella_xylaniphila	k__Bacteria;p__Firmicutes;c__Clostridia;o__Clostridiales;f__Ruminococcaceae;g__Ruminococcus;s__Ruminococcus_callidus	k__Bacteria;p__Bacteroidetes;c__Bacteroidia;o__Bacteroidales;f__Rikenellaceae;g__Alistipes;s__Alistipes_senegalensis	k__Bacteria;p__Firmicutes;c__Clostridia;o__Clostridiales;f__Lachnospiraceae;g__Blautia;s__Blautia_sp._KLE_1732	k__Bacteria;p__Bacteroidetes;c__Bacteroidia;o__Bacteroidales;f__Bacteroidaceae;g__Bacteroides;s__Bacteroides_oleiciplenus	k__Bacteria;p__Firmicutes;c__Clostridia;o__Clostridiales;f__Ruminococcaceae;g__Ruminococcus;s__Ruminococcus_bicirculans	k__Bacteria;p__Bacteroidetes;c__Bacteroidia;o__Bacteroidales;f__Bacteroidaceae;g__Bacteroides;s__Bacteroides_fluxus	k__Bacteria;p__Bacteroidetes;c__Bacteroidia;o__Bacteroidales;f__Prevotellaceae;g__Prevotella;s__Prevotella_stercorea	k__Bacteria;p__Firmicutes;c__Clostridia;o__Clostridiales;f__Lachnospiraceae;g__Dorea;s__Dorea_longicatena	k__Bacteria;p__Firmicutes;c__Clostridia;o__Clostridiales;f__Eubacteriaceae;g__Eubacterium;s__[Eubacterium]_eligens	k__Bacteria;p__Firmicutes;c__Clostridia;o__Clostridiales;f__Ruminococcaceae;g__;s__Ruminococcaceae_bacterium_D16	k__Bacteria;p__Firmicutes;c__Clostridia;o__Clostridiales;f__Lachnospiraceae;g__Coprococcus;s__Coprococcus_comes	k__Bacteria;p__Proteobacteria;c__Gammaproteobacteria;o__Enterobacterales;f__Enterobacteriaceae;g__Escherichia;s__Escherichia_coli	k__Bacteria;p__Firmicutes;c__Clostridia;o__Clostridiales;f__Ruminococcaceae;g__Anaerotruncus;s__Anaerotruncus_colihominis	k__Bacteria;p__Firmicutes;c__Clostridia;o__Clostridiales;f__Lachnospiraceae;g__Blautia;s__Blautia_obeum	k__Bacteria;p__Bacteroidetes;c__Bacteroidia;o__Bacteroidales;f__Odoribacteraceae;g__Odoribacter;s__Odoribacter_laneus	k__Bacteria;p__Firmicutes;c__Clostridia;o__Clostridiales;f__Ruminococcaceae;g__Ruminiclostridium;s__[Clostridium]_leptum	k__Bacteria;p__Bacteroidetes;c__Bacteroidia;o__Bacteroidales;f__Porphyromonadaceae;g__Parabacteroides;s__Parabacteroides_goldsteinii	k__Bacteria;p__Firmicutes;c__Clostridia;o__Clostridiales;f__Lachnospiraceae;g__Anaerostipes;s__Anaerostipes_hadrus	k__Bacteria;p__Firmicutes;c__Clostridia;o__Clostridiales;f__Ruminococcaceae;g__Ruminococcus;s__Ruminococcus_lactaris	k__Bacteria;p__Firmicutes;c__Clostridia;o__Clostridiales;f__Clostridiaceae;g__Clostridium;s__Clostridium_sp._L2-50	k__Bacteria;p__Firmicutes;c__Clostridia;o__Clostridiales;f__Clostridiaceae;g__Clostridium;s__Clostridium_sp._M62/1	k__Bacteria;p__Firmicutes;c__Clostridia;o__Clostridiales;f__;g__Intestinimonas;s__Intestinimonas_butyriciproducens	k__Bacteria;p__Actinobacteria;c__Actinobacteria;o__Bifidobacteriales;f__Bifidobacteriaceae;g__Bifidobacterium;s__Bifidobacterium_bifidum	k__Bacteria;p__Firmicutes;c__Negativicutes;o__Veillonellales;f__Veillonellaceae;g__Dialister;s__Dialister_invisus	k__Bacteria;p__Bacteroidetes;c__Bacteroidia;o__Bacteroidales;f__Bacteroidaceae;g__Bacteroides;s__Bacteroides_salanitronis
k__Bacteria;p__Bacteroidetes;c__Bacteroidia;o__Bacteroidales;f__Bacteroidaceae;g__Bacteroides;s__Bacteroides_vulgatus	1.0	-0.0453617111166	0.0263703228961	-0.0399258487583	0.0426765702287	0.0293426000947	0.0530505965117	0.0188980941594	-0.017730303352	-0.0332268471013	-0.0305443162669	0.0517095446509	-0.0317049604447	0.029752831535	-0.0226979355168	-0.0384920765714	-0.0607063961823	-0.000737187760685	-0.072083892448	0.0545538831349	0.0216843255069	-0.065875640725	-0.0318722200075	0.0648681724087	-0.0101179557159	0.0569049141228	-0.0346077113684	-0.110282842741	0.0201273618757	0.0619801411543	-0.0598884190949	-0.0862696239113	0.0158267969172	-0.0221551668766	-0.00997957655828	-0.0480663651926	-0.0242370309173	-0.027283890175	-0.0212373914075	0.0318035133297	-0.00457508260734	-0.034751639538	0.116221328638	-0.0363973005911	0.0158188791542	0.0335676283117	-0.0594353216865	-0.0293790128677	-0.0526140745386	-0.0488929040818	-0.0231390693857	0.0194679780326	-0.0195471669791	-0.0165659510861	-0.00718994624824	-0.0183803894664	-0.0347447783362	-0.00532215865099	-0.0231474670484
k__Bacteria;p__Bacteroidetes;c__Bacteroidia;o__Bacteroidales;f__Bacteroidaceae;g__Bacteroides;s__Bacteroides_uniformis	-0.0453617111166	1.0	0.0275730800059	-0.0544404284274	0.0129276235228	0.0802241145554	-0.0417207521563	-0.0507173112734	-0.0518043829913	0.00346948475911	0.0909170993224	-0.0175130018283	-0.0699196725258	0.0472561992893	-0.0794493157417	0.0387914598041	-0.0277843617023	0.0134593352235	-0.0396808858771	-0.0451882794152	-0.034980572583	0.0047787139788	-0.0470551913715	-0.0486582890413	-0.0425327060044	-0.0375435722244	0.000462704399728	0.0519924396815	-0.0173993114583	-0.0412785125139	-0.020153077325	0.0029547935111	-0.0107975100145	-0.04925780504	-0.0697787587127	0.0397875727583	0.050193781035	0.00824265708234	-0.0731888553901	0.0173541059423	-0.0345274291748	0.0183278833977	-0.0340835610301	-0.0931378168967	-0.0156141011417	0.0255148165845	0.0504267440134	-0.00758815172863	0.0507638999927	0.0149978834609	-0.0472539784161	-0.0309106104809	0.127514724428	0.0453078890639	-0.0254346063635	-0.00613857197876	0.00489253235619	-0.00202109072586	0.00637126871914
k__Bacteria;p__Bacteroidetes;c__Bacteroidia;o__Bacteroidales;f__Rikenellaceae;g__Alistipes;s__Alistipes_putredinis	0.0263703228961	0.0275730800059	1.0	-0.0764664434766	-0.0286567820224	-0.0420957018594	0.0365170873566	-0.0503579911923	-0.00416437834034	0.0232359839495	0.00399889592889	0.00338651700041	0.12498015028	-0.0573331460855	-0.0959721848644	0.00383639279322	0.0137232499336	-0.034865169015	0.00365425613676	-0.0442398167504	-0.0716602655476	-0.0239443919192	-0.00174651319517	0.0279854992353	-0.0409093104809	0.039327305366	0.0177349491678	-0.0829581549326	-0.0102194155404	-0.0448738360003	-0.0352031788366	0.0248892932798	0.0434318475054	0.0354070769281	-0.00564643344474	-0.0271323597153	0.0625587706769	-0.00463582072141	0.00933627976381	0.0302637427012	-0.020493701722	0.000161611488416	0.0584297545171	-0.036439806289	0.00346854107722	0.00402188179023	-0.0360543437644	-0.0442326221579	-0.0428205304566	0.0110648236347	-0.00155592915315	0.0518518025088	0.0281809217556	-0.0336038888071	0.0157724067229	0.0365356786455	0.0141090487429	-0.0694691782894	-0.0736702546022
k__Bacteria;p__Bacteroidetes;c__Bacteroidia;o__Bacteroidales;f__Prevotellaceae;g__Prevotella;s__Prevotella_copri	-0.0399258487583	-0.0544404284274	-0.0764664434766	1.0	-0.0397560532481	-0.0472464837868	0.0589538452324	0.0974994631807	0.00352696071335	-0.0897680530662	0.0259661299211	0.00160562782042	-0.0172052312395	-0.0123991477929	-0.0279919115904	-0.0658688550487	0.0367798139927	0.0201294460392	0.0403782582648	0.0424196767669	-0.0545126157613	0.0640352718806	-0.0157330815139	-0.0579897030105	-0.00492107454259	-0.0386647783469	-0.0125451032245	0.0420001349756	0.00961013455349	-0.0729169203402	-0.0304720411122	-0.00837588454208	0.00777600365394	-0.0848984988334	-0.00545961253511	0.0180057106947	-0.0252721374279	-0.0224951377615	-0.0400826176361	-0.0568886574935	0.0512602991597	-0.0204818341232	0.0124912989089	-0.03872429771	0.0438881849285	-0.0688900414687	-0.0139518620678	-0.0539506150667	-0.0103151772106	-0.0935860335762	0.0191204064903	-0.0529320518175	-0.00436854587206	-0.0306581694008	-0.0286713822691	0.0444476427284	0.0102735962639	-0.0313616486905	0.0732204711854
k__Bacteria;p__Bacteroidetes;c__Bacteroidia;o__Bacteroidales;f__Bacteroidaceae;g__Bacteroides;s__Bacteroides_stercoris	0.0426765702287	0.0129276235228	-0.0286567820224	-0.0397560532481	1.0	-0.037329581806	-0.0253261252383	0.0405446458213	-0.0406234338647	-0.00295859529091	-0.0523183321188	0.0153828508285	-0.0500068417836	-0.0313790160738	-0.0919901727697	-0.0622364434208	-0.035140987806	0.0486213604845	0.0192252108227	0.0388513981505	-0.0773425761478	-0.0315180774366	-0.0107247245901	-0.0222905117499	-0.0168618405333	0.022834619593	-0.0422928922665	0.0190398687521	-0.0814425721955	-0.00413248690342	0.0107111523278	0.00197893651486	-0.0022148064805	-0.00836677415378	-0.0197905817589	-0.0863740769307	-0.0141766283483	0.00641516890533	0.0688061836194	0.0735629642441	-0.0544388475721	0.00416776840991	-0.0477537489923	-0.0427608973851	0.019555381457	-0.0660837709323	0.0272461532963	-0.0189111979812	0.0190149550416	-0.0442208187214	0.0446935895892	-0.00386215763133	0.0317644101688	-0.0210987204313	0.0526410469968	-0.00796456344777	0.0176171828591	0.0439377695459	0.0240779996504
k__Bacteria;p__Bacteroidetes;c__Bacteroidia;o__Bacteroidales;f__Bacteroidaceae;g__Bacteroides;s__Bacteroides_ovatus	0.0293426000947	0.0802241145554	-0.0420957018594	-0.0472464837868	-0.037329581806	1.0	0.0182572110701	-0.0732151656137	-0.0150514083085	-0.0402735559437	0.0189106723351	-0.0379352919378	-0.086798035272	0.000152714325898	0.032014786714	-0.109644816824	-0.0368685561772	-0.0237005239195	-0.0279274396836	0.0516356700368	-0.010583513433	-0.0139173271105	0.0221487427648	0.0331438542711	-0.02858344666	-0.011351009893	-0.0339800237291	-0.0629154809695	-0.0696384860941	-0.00380459683992	0.0384436799214	0.0366001588083	-0.0346313486875	-0.0121368081336	-0.0394041308878	-0.0198060995076	-0.0395751728108	0.0184008183336	0.00575944357419	0.0119125772462	0.0144988304094	-0.0283588879429	-0.0440691325693	-0.00220447165132	0.00267521396626	-0.0182639599782	-0.00379653873212	0.0230116435591	-0.0085431250423	0.0368838315179	0.0198123087608	-0.0549546169314	-0.04558009396	0.0223307908752	-0.0652404185359	-0.00379456253926	-0.0837145743995	-0.0906588355893	0.00544625991477
k__Bacteria;p__Bacteroidetes;c__Bacteroidia;o__Bacteroidales;f__Rikenellaceae;g__Alistipes;s__Alistipes_shahii	0.0530505965117	-0.0417207521563	0.0365170873566	0.0589538452324	-0.0253261252383	0.0182572110701	1.0	0.0905944597855	-0.00985405001391	-0.0438659602366	-0.0286633445025	-0.00662808248064	0.0363873487277	-0.00832317040969	-0.0411083361556	-0.0803529074705	0.0247700023783	-0.0233738784749	0.0175897107301	-0.0818969833573	0.0419914044162	-0.0297098802615	0.0382080488679	0.00650423597985	-0.026675762982	-0.0999236858169	0.0228294120312	-0.00325150303058	0.00768245157558	-0.0392355196465	-0.0470157131924	0.0295777892747	0.0544897693838	0.00894434987779	-0.042782043772	-0.0300894647758	-0.0144372215027	-0.027413972099	-0.0154190915766	-0.0746112617281	0.0124501882075	0.0552443482212	0.00551758218389	0.0325179641178	0.0462711107779	-0.0630464825602	-0.0462769549585	0.00912081031498	-0.0666054140864	-0.0480332840431	0.0178854980284	0.0503525779378	0.00390884500966	0.0043939111711	0.00690243370369	-0.0241424156318	-0.0122113414493	0.0260852339736	-0.0308426332769
k__Bacteria;p__Firmicutes;c__Clostridia;o__Clostridiales;f__Ruminococcaceae;g__Faecalibacterium;s__Faecalibacterium_prausnitzii	0.0188980941594	-0.0507173112734	-0.0503579911923	0.0974994631807	0.0405446458213	-0.0732151656137	0.0905944597855	1.0	-0.00845865180397	-0.0252779415107	-0.044605793945	-0.0157184419777	-0.0323294960911	-0.0250660138515	-0.0216239821343	-0.0177041770387	-0.0655434743032	-0.0592756964796	0.101179842585	-0.0258700772165	-0.0198022525305	0.00198611441321	-0.0253003161519	-0.0523055859112	-0.001237406683	-0.0151537919663	-0.00423506228136	0.0267493048189	-0.0018963070072	0.0195298693716	0.0179931129797	0.0351891011474	0.0171849355812	0.0343678584742	0.0413942304256	-0.0569680788089	-0.0371833746395	-0.0354486397173	-0.0708924841554	0.0165900213193	-0.0337240782283	0.0616852832983	-0.0207502884993	-0.0698730738297	0.0558542800398	-0.0453275997459	-0.0079717775046	0.060303168717	-0.0133569554383	-0.046209382841	-0.0595935487587	-0.0318965299642	-0.0562201373057	-0.0375842059124	-0.0467870834308	-0.0226288968567	-0.0023395330176	-0.0594369530595	-0.00935707003818
k__Bacteria;p__Bacteroidetes;c__Bacteroidia;o__Bacteroidales;f__Rikenellaceae;g__Alistipes;s__Alistipes_finegoldii	-0.017730303352	-0.0518043829913	-0.00416437834034	0.00352696071335	-0.0406234338647	-0.0150514083085	-0.00985405001391	-0.00845865180397	1.0	-0.0282756267513	-0.0352257525465	-0.0477507917244	-0.0627908279587	-0.097625882144	0.0192791695745	0.0104996801424	0.0361011004104	0.0233497186405	-0.0317507399027	0.00347966279118	0.0129937905165	0.0436688860136	-0.00306084107509	0.00678228038078	0.00497941489838	-0.0676452911632	0.053667888065	0.0720419021796	-0.0276596998799	-0.0159762239481	0.0197226818553	0.00406528135805	-0.00629700055375	0.00738081054496	-0.00848921971778	-0.0330244142222	-0.0076052702262	-0.0138341964506	0.0274761924866	-0.0975637357822	-0.0362789818474	-0.0155950687949	-0.0426148061026	-0.00855336600736	-0.0638472964559	0.0026288759304	-0.0568617617688	0.0397783215908	-0.0200408700086	-0.00533112091162	0.000314901605804	-0.0589740939511	0.010481553296	0.0420234668269	0.0154501499996	-0.092714625615	0.0171902403894	-0.0549886156217	-0.0125896240845
k__Bacteria;p__Bacteroidetes;c__Bacteroidia;o__Bacteroidales;f__Porphyromonadaceae;g__Parabacteroides;s__Parabacteroides_distasonis	-0.0332268471013	0.00346948475911	0.0232359839495	-0.0897680530662	-0.00295859529091	-0.0402735559437	-0.0438659602366	-0.0252779415107	-0.0282756267513	1.0	0.0206170419609	-0.0675726830994	-0.0073185042252	-0.0545936708387	0.0126694441285	0.0108494932063	-0.0103540854023	-0.0165307259249	-0.0225452675258	-0.0499759345638	-0.010731286873	-0.0730180818183	-0.0131927551493	0.00248727444141	-0.0306902649058	-0.0312406071042	0.0491065737881	-0.0932524707936	0.0345224048946	0.00519786071402	0.0287725350415	-0.0103375123813	-0.0330647893497	-0.0414480326296	-0.0810560216695	-0.0663347560024	0.0460976005448	-0.0354212105715	0.0207108175323	-0.0228153245872	0.0200307598639	-0.0028983030773	-0.0445373079918	-0.00822990407372	-0.0435773437005	-0.0247889974381	0.0333683865505	0.0251838412478	-0.0192401007633	-0.0552724644311	0.116140602698	-0.00621936084282	0.0604736815862	0.00363267599767	-0.0549161747083	-0.130260702396	-0.0254261342143	-0.0180095305721	-0.040871770329
k__Bacteria;p__Bacteroidetes;c__Bacteroidia;o__Bacteroidales;f__Bacteroidaceae;g__Bacteroides;s__Bacteroides_thetaiotaomicron	-0.0305443162669	0.0909170993224	0.00399889592889	0.0259661299211	-0.0523183321188	0.0189106723351	-0.0286633445025	-0.044605793945	-0.0352257525465	0.0206170419609	1.0	0.0571360105715	-0.0502816995386	-0.00218254224743	-0.00735684776078	-0.0533751223359	-0.0206174517845	-0.00964829554297	-0.0494955685941	-0.0717989164417	-0.00896561529998	0.0153249120567	-0.063283742024	-0.0889685667828	-0.0627524138206	-0.062066817551	0.0236180802284	-0.0240110836995	0.0620259990727	-0.0479549352462	-0.0153325270907	0.00545098872104	-0.034600882934	0.00488450223414	-0.0642777746243	-0.00621266314377	0.00672532583016	-0.0452285206603	-0.0317895823317	0.0895735799729	-0.097681471306	-0.0754761604481	0.0519824320382	-0.0403290520402	-0.00594762062896	0.0110454873273	0.0107017909897	0.0441685968405	-0.0415679909056	0.013059146742	-0.0339825942587	0.00936857919199	0.0104771693307	0.0329885471889	-0.0375865465589	-0.0488668784016	-0.0093927464328	-0.0290425938204	0.046823423278
k__Bacteria;p__Bacteroidetes;c__Bacteroidia;o__Bacteroidales;f__Bacteroidaceae;g__Bacteroides;s__Bacteroides_coprocola	0.0517095446509	-0.0175130018283	0.00338651700041	0.00160562782042	0.0153828508285	-0.0379352919378	-0.00662808248064	-0.0157184419777	-0.0477507917244	-0.0675726830994	0.0571360105715	1.0	-0.108917688352	-0.0541327107049	-0.065635960081	0.039467652481	-0.0455928619293	-0.0891455210136	0.019717709463	0.0803433342197	-0.048043168907	-0.00607763585039	-0.0197969639773	0.0129267898099	0.0604342301807	0.0270465430554	0.0364624549151	-0.00634617318044	-0.0154670705304	-0.0339072079927	-0.0451164937233	0.0324341624291	0.019294408331	-0.000225863758554	-0.0464288092378	-0.0976143290619	-0.0822043859293	-0.00341396344189	-0.0120819982737	0.0312723059817	-0.0418226804971	0.0226147841715	-0.0730552859608	-0.00669519598471	0.0402755515282	-0.027293839371	-0.0405131926709	0.00467396155982	0.050601434275	0.0108831454068	0.0543899942086	0.00589166950304	-0.0168269170717	-0.0067984369756	-0.0177339321394	-0.0169801636333	0.0215015836593	0.0329626119299	0.00282258018971
k__Bacteria;p__Bacteroidetes;c__Bacteroidia;o__Bacteroidales;f__Bacteroidaceae;g__Bacteroides;s__Bacteroides_cellulosilyticus	-0.0317049604447	-0.0699196725258	0.12498015028	-0.0172052312395	-0.0500068417836	-0.086798035272	0.0363873487277	-0.0323294960911	-0.0627908279587	-0.0073185042252	-0.0502816995386	-0.108917688352	1.0	0.0245273549827	-0.0507902349114	-0.00834816806754	0.0160569681607	-0.0130119479585	-0.00423261746148	0.0462591324866	0.00329396128807	-0.0588478484684	0.11238176694	0.0439236405939	0.0196115830663	0.0277482597594	0.0186697503901	0.0314790017493	-0.0486807494253	-0.0380231163446	-0.0461225013364	-0.0403384645125	0.00289234478861	-0.00913484474011	0.000429891218896	0.0284247652329	-0.0349977956497	-0.00540547387397	0.051749302921	-0.0192247306354	0.117105408516	0.0589795911029	-0.0654248048709	-0.0256841111184	-0.00938370154242	0.0512535020609	0.00322954681131	-0.0330465954255	0.0259486807555	-0.0154569741016	-0.100419121586	0.0496862388411	-0.0358039128963	-0.042363060131	0.0389384130686	-0.028820432345	-0.0529819827353	0.0115769143199	0.0271193731797
k__Bacteria;p__Bacteroidetes;c__Bacteroidia;o__Bacteroidales;f__Rikenellaceae;g__Alistipes;s__Alistipes_obesi	0.029752831535	0.0472561992893	-0.0573331460855	-0.0123991477929	-0.0313790160738	0.000152714325898	-0.00832317040969	-0.0250660138515	-0.097625882144	-0.0545936708387	-0.00218254224743	-0.0541327107049	0.0245273549827	1.0	0.0517614661818	-0.0784157165775	0.00189560462724	-0.0136791272829	-0.0303823304484	-0.0464201860715	0.102920763156	-0.0363568394346	0.0227753792683	-0.0227583493104	-0.00565753911077	0.107596453242	0.0618915368126	-0.0350870628804	0.00245858250933	-0.0131042198622	-0.0753962558825	0.0232062894778	0.0290499004015	0.024449866318	-0.0717730168887	0.00288906997526	-0.0899163307482	-0.00257707291534	0.0200940467897	-0.0373716440193	0.0198503346715	0.00193856832508	-0.0506071407917	0.0477490195007	-0.00785328328891	-0.0108120914411	-0.0362726017085	0.0564495922393	0.00790308480118	-0.0877108355001	-0.0176045386656	-0.0131020145317	-0.0225504914715	-0.00716726676937	0.00666668204905	-0.0791737550674	-0.0321858378837	-0.000885301252433	-0.0121664584187
k__Bacteria;p__Firmicutes;c__Clostridia;o__Clostridiales;f__Lachnospiraceae;g__;s__[Eubacterium]_rectale	-0.0226979355168	-0.0794493157417	-0.0959721848644	-0.0279919115904	-0.0919901727697	0.032014786714	-0.0411083361556	-0.0216239821343	0.0192791695745	0.0126694441285	-0.00735684776078	-0.065635960081	-0.0507902349114	0.0517614661818	1.0	-0.0238758560957	-0.0345927732658	-0.0125260608093	0.013237989506	0.00577725852795	0.00876111462738	0.0292489925443	-0.045289362958	-0.0546692738937	-0.000331736057774	-0.0576708434194	0.0504317868687	0.0394716425485	0.0948818683451	-0.0271118690641	-0.094965891502	-0.0542501990105	-0.035309907359	-0.0926621295224	0.0286510216826	-0.00332645211691	-0.0103940567818	0.0370251867543	-0.0395489306037	-0.010537152065	-0.0151027781202	0.0246585716939	0.05372792242	0.0178110076641	0.0205516740918	-0.0881310137603	-0.0307791115982	-0.0294465040059	-0.00728064218917	0.0561499761424	-0.0632807846765	0.0142456422815	-0.0058296697898	-0.0837360459873	0.0389434540797	0.0106268054349	0.0333726190453	0.00205361962714	0.00708772405341
k__Bacteria;p__Bacteroidetes;c__Bacteroidia;o__Bacteroidales;f__Bacteroidaceae;g__Bacteroides;s__Bacteroides_plebeius	-0.0384920765714	0.0387914598041	0.00383639279322	-0.0658688550487	-0.0622364434208	-0.109644816824	-0.0803529074705	-0.0177041770387	0.0104996801424	0.0108494932063	-0.0533751223359	0.039467652481	-0.00834816806754	-0.0784157165775	-0.0238758560957	1.0	-0.0317169887615	0.0136885790962	-0.0319114110185	0.023698636088	-0.000919281714333	0.0489847305376	0.0408218883101	-0.0739419697748	0.0311894063154	-0.102079528727	0.0291221077394	0.02776931555	-0.0460776650955	-0.0685449033413	-0.076864447699	-0.0397012765084	0.00382143401595	0.041621881152	0.00870632824537	0.0349081797504	-0.001796400482	-0.0510097683461	0.0362193015352	-0.0111406659854	0.0010262154168	0.00992813807302	0.0284552463307	-0.0564850780971	-0.00256111276679	0.032863784545	0.0636831741721	0.00629382646518	0.0133700225493	-0.0120810274923	0.0159309723556	-0.0124076842486	-0.0113754359352	0.0333673136159	-0.00446958092573	-0.0793368555973	-0.054490027918	0.0541891107913	0.0460102282192
k__Bacteria;p__Bacteroidetes;c__Bacteroidia;o__Bacteroidales;f__Bacteroidaceae;g__Bacteroides;s__Bacteroides_fragilis	-0.0607063961823	-0.0277843617023	0.0137232499336	0.0367798139927	-0.035140987806	-0.0368685561772	0.0247700023783	-0.0655434743032	0.0361011004104	-0.0103540854023	-0.0206174517845	-0.0455928619293	0.0160569681607	0.00189560462724	-0.0345927732658	-0.0317169887615	1.0	0.00269085994099	-0.00440575703397	-0.00393838638557	0.0197805318885	-0.0750541722216	0.00151358966769	-0.0282710251923	-0.00856773580351	0.0678546152602	-0.0675941972157	-0.0286680623354	0.0187477142577	-0.0128478461993	-0.111480872677	0.0184324489356	0.00254747897879	-0.0224742194905	0.0452043733853	0.0048538884232	0.00094696125094	0.0169035812827	0.00858742642361	-0.0327656180969	-0.0459422269193	0.0083062984737	0.0552940402795	-0.0152742629054	0.0165570396612	-0.0100705033333	-0.0177823906039	0.0655038525828	-0.0240953380102	-0.0251312321489	0.0176671168971	0.0545846070728	-0.00920010130004	-0.0917648666928	-0.0521591153167	-0.00204459025119	-0.0366334715158	-0.00204803493184	-0.0130600350557
k__Bacteria;p__Proteobacteria;c__Betaproteobacteria;o__Burkholderiales;f__Sutterellaceae;g__Sutterella;s__Sutterella_wadsworthensis	-0.000737187760685	0.0134593352235	-0.034865169015	0.0201294460392	0.0486213604845	-0.0237005239195	-0.0233738784749	-0.0592756964796	0.0233497186405	-0.0165307259249	-0.00964829554297	-0.0891455210136	-0.0130119479585	-0.0136791272829	-0.0125260608093	0.0136885790962	0.00269085994099	1.0	-0.0265653864616	-0.0525153690052	0.0410598452797	0.0414839660904	-0.0440902110152	-0.0527629556452	-0.0269829833215	-0.000699693151944	-0.0151655373583	-0.0504792688227	-0.0015307219203	-0.0175599833337	-0.0118745892549	-0.0511305512663	-0.0062606843903	-0.0195415612859	-0.0163254942977	-0.0024602689055	-0.0696518781842	-0.0254383918834	-0.0667756949967	0.0349632814175	-0.00170827914911	-0.0398945837417	0.0443584525758	0.0281316769927	0.0131330013891	0.049115657836	-0.0369058699014	-0.027680444407	0.0703489928271	-0.0779763290197	0.00450509961003	-0.0295616054733	0.0220305972607	-0.0633437805719	-0.0132199845158	0.0874048007982	-0.0176000063326	-0.00113584292139	0.0192834064094
k__Bacteria;p__Bacteroidetes;c__Bacteroidia;o__Bacteroidales;f__Porphyromonadaceae;g__Barnesiella;s__Barnesiella_intestinihominis	-0.072083892448	-0.0396808858771	0.00365425613676	0.0403782582648	0.0192252108227	-0.0279274396836	0.0175897107301	0.101179842585	-0.0317507399027	-0.0225452675258	-0.0494955685941	0.019717709463	-0.00423261746148	-0.0303823304484	0.013237989506	-0.0319114110185	-0.00440575703397	-0.0265653864616	1.0	-0.00385533313342	0.063576409685	-0.0373602253483	-0.0448499811649	0.0177883241429	-0.0101428244322	-0.0198569938913	-0.0797302739251	0.04222647072	0.030865799623	0.0710110127996	0.0190915242992	0.0291497824927	0.0226558006049	-0.00701870035694	0.0127339270263	-0.0526679215991	-0.0703591241395	-0.01018053893	0.0014063051278	0.0350413225131	-0.0850482094992	-0.0733438261201	-0.0138099806078	-0.0182939993354	-0.0177170067188	-0.0962190672278	0.00562593402607	-0.0161388120724	-0.00129953846583	0.044574241989	-0.0577109380815	-0.0443273372899	0.0563891411662	0.00909129403798	-0.0413933566633	0.0125519589978	0.0475929499177	-0.0187113671783	0.00172509121842
k__Bacteria;p__Bacteroidetes;c__Bacteroidia;o__Bacteroidales;f__Odoribacteraceae;g__Odoribacter;s__Odoribacter_splanchnicus	0.0545538831349	-0.0451882794152	-0.0442398167504	0.0424196767669	0.0388513981505	0.0516356700368	-0.0818969833573	-0.0258700772165	0.00347966279118	-0.0499759345638	-0.0717989164417	0.0803433342197	0.0462591324866	-0.0464201860715	0.00577725852795	0.023698636088	-0.00393838638557	-0.0525153690052	-0.00385533313342	1.0	-0.0788124986548	-0.00141922341916	0.0222556558966	-0.013098687829	-0.0251068707772	0.0171539141744	-0.000244632653746	0.0319351992853	-0.0444722540299	-0.0101512657686	-0.0072992224121	-0.0147512236257	0.0570385214126	-0.0276766066563	-0.0653922328929	-0.0322811585258	-0.0561540465346	-0.0304817490397	-0.0151144884022	0.0472490510514	0.0106672554779	-0.030649339777	-0.00371529721438	-0.00918283740916	-0.0438478364048	-0.0847687008736	0.0259996348157	0.0235115071	0.0539300001962	-0.0183494390016	-0.00910861145364	-0.0047885898713	0.0181088776675	-0.126907135033	-0.0614385319887	-0.0401759938545	-0.0628753701525	-0.0674151187705	0.0183232734603
k__Bacteria;p__Bacteroidetes;c__Bacteroidia;o__Bacteroidales;f__Bacteroidaceae;g__Bacteroides;s__Bacteroides_salyersiae	0.0216843255069	-0.034980572583	-0.0716602655476	-0.0545126157613	-0.0773425761478	-0.010583513433	0.0419914044162	-0.0198022525305	0.0129937905165	-0.010731286873	-0.00896561529998	-0.048043168907	0.00329396128807	0.102920763156	0.00876111462738	-0.000919281714333	0.0197805318885	0.0410598452797	0.063576409685	-0.0788124986548	1.0	0.0186840288302	-0.0223604969269	-0.0299963151572	-0.016128532604	0.0283020042154	-0.0160144649923	-0.018935265554	-0.0103441979194	-0.0390398802362	0.0378941881757	-0.0201923294004	-0.0499049459473	-0.0602257030702	-0.0194530177804	-0.0256699583131	-0.0117827689258	-0.0351347718309	-0.115478400371	-0.0355829406009	-0.0238186286514	0.025335750139	-0.0135657437843	0.0397694956661	-0.0432891190183	-0.0501025442252	0.00623877062429	-0.0249708324515	-4.66840004777e-05	-0.123904473053	-0.0855345156488	0.0292083374922	-0.0762843632419	-0.0173828761065	0.0274264681604	0.0290817877893	-0.0603252250208	0.0223576550448	0.0280669207408
k__Bacteria;p__Firmicutes;c__Clostridia;o__Clostridiales;f__Ruminococcaceae;g__Ruminiclostridium;s__[Eubacterium]_siraeum	-0.065875640725	0.0047787139788	-0.0239443919192	0.0640352718806	-0.0315180774366	-0.0139173271105	-0.0297098802615	0.00198611441321	0.0436688860136	-0.0730180818183	0.0153249120567	-0.00607763585039	-0.0588478484684	-0.0363568394346	0.0292489925443	0.0489847305376	-0.0750541722216	0.0414839660904	-0.0373602253483	-0.00141922341916	0.0186840288302	1.0	-0.0577938995194	-0.0602187337713	0.0465437235149	-0.0109261360246	-0.0610306365346	0.0578297736363	-0.0496869239449	0.050838783706	0.02358026045	0.0263101437377	-0.0478127256796	-0.0366340052109	-0.00769129293596	-0.0519887935494	-0.0342033928936	0.000229750560431	-0.0189573476251	-0.0595176360738	0.00865551698298	-0.0555025209287	0.00825885575858	-0.0425028520544	0.0386583803489	-0.0568013546359	-0.0229086201926	0.0349265943809	-0.0377446711762	-0.0404283972261	0.0159506168487	0.05315788768	-0.0137387313503	0.0168150264705	-0.0401446621811	-0.0726560921567	0.0209109797337	-0.0728032824629	0.0187238207128
k__Bacteria;p__Proteobacteria;c__Betaproteobacteria;o__Burkholderiales;f__Sutterellaceae;g__Parasutterella;s__Parasutterella_excrementihominis	-0.0318722200075	-0.0470551913715	-0.00174651319517	-0.0157330815139	-0.0107247245901	0.0221487427648	0.0382080488679	-0.0253003161519	-0.00306084107509	-0.0131927551493	-0.063283742024	-0.0197969639773	0.11238176694	0.0227753792683	-0.045289362958	0.0408218883101	0.00151358966769	-0.0440902110152	-0.0448499811649	0.0222556558966	-0.0223604969269	-0.0577938995194	1.0	-0.046536292865	-0.063025195366	-0.0363860097277	-0.00101742561047	-0.0648911206334	0.00313208809384	-0.0273217260783	-0.0862157511917	-0.0926810092048	-0.0348846579604	0.0124693911004	0.012792675671	0.062913788446	-0.0131997597268	-0.035988489134	-0.0320375243322	-0.0103380009393	0.0315534738155	0.0224718869206	-0.0195015859547	-0.0626248844892	0.0161666627281	-0.0156111039564	-0.0323064777812	-0.0516104851816	0.0653254719669	0.0469729762753	-0.0416158040234	-0.00494757858804	-0.0228778511597	0.00718680131873	-0.0258043835538	-0.0524685754977	-0.0106387678553	-0.0302428235111	0.0149799870754
k__Bacteria;p__Actinobacteria;c__Actinobacteria;o__Bifidobacteriales;f__Bifidobacteriaceae;g__Bifidobacterium;s__Bifidobacterium_adolescentis	0.0648681724087	-0.0486582890413	0.0279854992353	-0.0579897030105	-0.0222905117499	0.0331438542711	0.00650423597985	-0.0523055859112	0.00678228038078	0.00248727444141	-0.0889685667828	0.0129267898099	0.0439236405939	-0.0227583493104	-0.0546692738937	-0.0739419697748	-0.0282710251923	-0.0527629556452	0.0177883241429	-0.013098687829	-0.0299963151572	-0.0602187337713	-0.046536292865	1.0	-0.023583513272	0.0275127792019	-0.00613165529195	-0.0445535558789	0.00794568094365	0.0608589333817	-0.0402081835902	0.0323097673073	0.0198396543905	0.0114761400979	-0.0240253986502	-0.0202122839593	-0.0573830018014	0.0148550387596	-0.022772526563	-0.00897132147973	0.00148400367287	0.0262176950568	0.0070811451405	-0.00884088875785	0.01482990441	0.0257394206335	-0.0552389604388	-0.0862921968994	-0.0310945297789	-0.053428170667	-0.0201947757027	-0.0318394111444	0.0129359699373	-0.0140716823198	-0.0185564030962	-0.0158087904812	0.0371928276337	0.00942047349338	-0.0664740717062
k__Bacteria;p__Firmicutes;c__Clostridia;o__Clostridiales;f__Oscillospiraceae;g__Oscillibacter;s__Oscillibacter_sp._KLE_1745	-0.0101179557159	-0.0425327060044	-0.0409093104809	-0.00492107454259	-0.0168618405333	-0.02858344666	-0.026675762982	-0.001237406683	0.00497941489838	-0.0306902649058	-0.0627524138206	0.0604342301807	0.0196115830663	-0.00565753911077	-0.000331736057774	0.0311894063154	-0.00856773580351	-0.0269829833215	-0.0101428244322	-0.0251068707772	-0.016128532604	0.0465437235149	-0.063025195366	-0.023583513272	1.0	-0.0673195186412	0.0346042093698	-0.0374022014314	0.00213593865085	-0.0396530088395	-0.0266245143537	-0.007350259753	-0.0461672938362	-0.0014595835099	0.00954648164979	0.0501750679644	0.00416462751698	-0.0041094001693	0.0534555216112	-0.0660588659007	0.0154648741696	-0.0482827799394	-0.0505614552701	-0.00533926775085	0.0220617378412	0.0379243796394	0.00666071505737	0.0276584881058	0.0122270070112	0.0144068634172	0.0175718188678	-0.0598730979048	-0.0181789132101	-0.064296979611	-0.0606218109404	-0.00364619796959	0.0468826051902	-0.00803610034352	-0.0830628516678
k__Bacteria;p__Bacteroidetes;c__Bacteroidia;o__Bacteroidales;f__Bacteroidaceae;g__Bacteroides;s__Bacteroides_coprophilus	0.0569049141228	-0.0375435722244	0.039327305366	-0.0386647783469	0.022834619593	-0.011351009893	-0.0999236858169	-0.0151537919663	-0.0676452911632	-0.0312406071042	-0.062066817551	0.0270465430554	0.0277482597594	0.107596453242	-0.0576708434194	-0.102079528727	0.0678546152602	-0.000699693151944	-0.0198569938913	0.0171539141744	0.0283020042154	-0.0109261360246	-0.0363860097277	0.0275127792019	-0.0673195186412	1.0	-0.0108995111343	-0.0071222695699	0.0102019145961	-0.0714471724314	0.0243634432714	-0.0805217883841	-0.0186610001018	-0.0852920590339	-0.0140250261591	-0.018523168602	-0.0181633763537	-0.0165156312187	-0.00993801584423	-0.0571580696347	0.00660110983371	-0.0656125707684	-0.053537967729	-0.0734160310623	-0.00166979127562	-0.0251778639895	-0.0673867963969	0.0762000833567	-0.0664901657719	0.0410851138167	0.0881343834394	0.0373203429015	0.0157314185177	-0.061231725911	0.0520279894671	0.0885436243299	0.0426187817511	0.000427687484453	-0.0441488417999
k__Bacteria;p__Firmicutes;c__Clostridia;o__Clostridiales;f__Lachnospiraceae;g__Roseburia;s__Roseburia_intestinalis	-0.0346077113684	0.000462704399728	0.0177349491678	-0.0125451032245	-0.0422928922665	-0.0339800237291	0.0228294120312	-0.00423506228136	0.053667888065	0.0491065737881	0.0236180802284	0.0364624549151	0.0186697503901	0.0618915368126	0.0504317868687	0.0291221077394	-0.0675941972157	-0.0151655373583	-0.0797302739251	-0.000244632653746	-0.0160144649923	-0.0610306365346	-0.00101742561047	-0.00613165529195	0.0346042093698	-0.0108995111343	1.0	-0.0268045572527	0.0133062076134	-0.0760394546231	-0.0298205443277	-0.042085094953	0.0336796431936	0.020410517593	0.0109293664936	0.00543504904003	-0.0918715362843	0.0674640574905	-0.00618914623407	-0.0451429608692	-0.0875229657363	-0.0616255212357	-0.0613027676688	0.0237749490797	-0.0193702403598	-0.0497950118315	-0.0753701218997	-0.103249226976	-0.0560300031748	0.0356695778952	-0.0228144466966	-0.0160226591501	-0.0217240310086	0.0870488477515	-0.089136344981	-0.0231311279866	-0.0404775455693	-0.0562025427771	-0.00221092715345
k__Bacteria;p__Firmicutes;c__Clostridia;o__Clostridiales;f__Lachnospiraceae;g__Roseburia;s__Roseburia_hominis	-0.110282842741	0.0519924396815	-0.0829581549326	0.0420001349756	0.0190398687521	-0.0629154809695	-0.00325150303058	0.0267493048189	0.0720419021796	-0.0932524707936	-0.0240110836995	-0.00634617318044	0.0314790017493	-0.0350870628804	0.0394716425485	0.02776931555	-0.0286680623354	-0.0504792688227	0.04222647072	0.0319351992853	-0.018935265554	0.0578297736363	-0.0648911206334	-0.0445535558789	-0.0374022014314	-0.0071222695699	-0.0268045572527	1.0	0.0325303728671	-0.018492186004	0.0137898736358	0.0100156747477	0.0354340562862	0.0216117739593	-0.00849935348812	-0.0359875699475	-0.000220525898893	-0.0489810058221	-0.0488566156957	-0.0196857176577	-0.105040629756	-0.0162033634554	-0.0375567365287	0.0204576981748	-0.0252170246687	0.00597129228176	0.00990010483566	-0.0627127393228	0.0877885607316	0.000776800438897	0.00574551024346	-0.020686386261	-0.0603420065455	-0.0624774154459	0.0140538495975	0.0812566386071	-0.0119172022252	-0.043650201315	-0.0359947991843
k__Bacteria;p__Bacteroidetes;c__Bacteroidia;o__Bacteroidales;f__Porphyromonadaceae;g__Parabacteroides;s__Parabacteroides_johnsonii	0.0201273618757	-0.0173993114583	-0.0102194155404	0.00961013455349	-0.0814425721955	-0.0696384860941	0.00768245157558	-0.0018963070072	-0.0276596998799	0.0345224048946	0.0620259990727	-0.0154670705304	-0.0486807494253	0.00245858250933	0.0948818683451	-0.0460776650955	0.0187477142577	-0.0015307219203	0.030865799623	-0.0444722540299	-0.0103441979194	-0.0496869239449	0.00313208809384	0.00794568094365	0.00213593865085	0.0102019145961	0.0133062076134	0.0325303728671	1.0	0.0332611630102	0.00792844714796	0.0539430664953	-0.0206974207409	0.0332049262491	-0.021804278037	-0.0399977259721	-0.00169883041474	-0.0115860286207	0.0135605238855	-0.0260028927155	-0.0462856969224	-0.055704438527	-0.0142633569946	-0.0602819468694	-0.0267524445365	-0.0532231359214	-0.0350274976147	-0.0330321201758	-0.0405947056253	-0.0243330327332	-0.0649397349838	-0.0679487506146	0.0218167516447	-0.104795857072	0.0170461615721	0.00522987402118	0.0235016432314	-0.0346045348479	0.011952468938
k__Bacteria;p__Actinobacteria;c__Actinobacteria;o__Bifidobacteriales;f__Bifidobacteriaceae;g__Bifidobacterium;s__Bifidobacterium_longum	0.0619801411543	-0.0412785125139	-0.0448738360003	-0.0729169203402	-0.00413248690342	-0.00380459683992	-0.0392355196465	0.0195298693716	-0.0159762239481	0.00519786071402	-0.0479549352462	-0.0339072079927	-0.0380231163446	-0.0131042198622	-0.0271118690641	-0.0685449033413	-0.0128478461993	-0.0175599833337	0.0710110127996	-0.0101512657686	-0.0390398802362	0.050838783706	-0.0273217260783	0.0608589333817	-0.0396530088395	-0.0714471724314	-0.0760394546231	-0.018492186004	0.0332611630102	1.0	-0.0228100052098	0.0162802939497	-0.0645602429952	-0.0234335185828	0.0454803237248	-0.0641386543679	0.00294841020731	-0.0383068091976	-0.00246943781797	0.00795906669611	0.00106204535312	-0.0399271936459	0.0134253250989	-0.0224534682868	-0.000424013773087	-0.0648278286045	0.0355763242071	-0.021491068019	-0.0657800895766	0.0237337772173	0.00500611656613	-0.00413717807618	0.00203315216742	-0.0145111003407	-0.117989909447	-0.0105896347193	-0.038057675149	-0.0484270794267	-0.0256370260221
