#taxonomy	k__Bacteria;p__Bacteroidetes;c__Bacteroidia;o__Bacteroidales;f__Bacteroidaceae;g__Bacteroides;s__Bacteroides_vulgatus	k__Bacteria;p__Bacteroidetes;c__Bacteroidia;o__Bacteroidales;f__Bacteroidaceae;g__Bacteroides;s__Bacteroides_uniformis	k__Bacteria;p__Bacteroidetes;c__Bacteroidia;o__Bacteroidales;f__Rikenellaceae;g__Alistipes;s__Alistipes_putredinis	k__Bacteria;p__Bacteroidetes;c__Bacteroidia;o__Bacteroidales;f__Prevotellaceae;g__Prevotella;s__Prevotella_copri	k__Bacteria;p__Bacteroidetes;c__Bacteroidia;o__Bacteroidales;f__Bacteroidaceae;g__Bacteroides;s__Bacteroides_stercoris	k__Bacteria;p__Bacteroidetes;c__Bacteroidia;o__Bacteroidales;f__Bacteroidaceae;g__Bacteroides;s__Bacteroides_ovatus	k__Bacteria;p__Bacteroidetes;c__Bacteroidia;o__Bacteroidales;f__Rikenellaceae;g__Alistipes;s__Alistipes_shahii	k__Bacteria;p__Firmicutes;c__Clostridia;o__Clostridiales;f__Ruminococcaceae;g__Faecalibacterium;s__Faecalibacterium_prausnitzii	k__Bacteria;p__Bacteroidetes;c__Bacteroidia;o__Bacteroidales;f__Rikenellaceae;g__Alistipes;s__Alistipes_finegoldii	k__Bacteria;p__Bacteroidetes;c__Bacteroidia;o__Bacteroidales;f__Porphyromonadaceae;g__Parabacteroides;s__Parabacteroides_distasonis	k__Bacteria;p__Bacteroidetes;c__Bacteroidia;o__Bacteroidales;f__Bacteroidaceae;g__Bacteroides;s__Bacteroides_thetaiotaomicron	k__Bacteria;p__Bacteroidetes;c__Bacteroidia;o__Bacteroidales;f__Bacteroidaceae;g__Bacteroides;s__Bacteroides_coprocola	k__Bacteria;p__Bacteroidetes;c__Bacteroidia;o__Bacteroidales;f__Bacteroidaceae;g__Bacteroides;s__Bacteroides_cellulosilyticus	k__Bacteria;p__Bacteroidetes;c__Bacteroidia;o__Bacteroidales;f__Rikenellaceae;g__Alistipes;s__Alistipes_obesi	k__Bacteria;p__Firmicutes;c__Clostridia;o__Clostridiales;f__Lachnospiraceae;g__;s__[Eubacterium]_rectale	k__Bacteria;p__Bacteroidetes;c__Bacteroidia;o__Bacteroidales;f__Bacteroidaceae;g__Bacteroides;s__Bacteroides_plebeius	k__Bacteria;p__Bacteroidetes;c__Bacteroidia;o__Bacteroidales;f__Bacteroidaceae;g__Bacteroides;s__Bacteroides_fragilis	k__Bacteria;p__Proteobacteria;c__Betaproteobacteria;o__Burkholderiales;f__Sutterellaceae;g__Sutterella;s__Sutterella_wadsworthensis	k__Bacteria;p__Bacteroidetes;c__Bacteroidia;o__Bacteroidales;f__Porphyromonadaceae;g__Barnesiella;s__Barnesiella_intestinihominis	k__Bacteria;p__Bacteroidetes;c__Bacteroidia;o__Bacteroidales;f__Odoribacteraceae;g__Odoribacter;s__Odoribacter_splanchnicus	k__Bacteria;p__Bacteroidetes;c__Bacteroidia;o__Bacteroidales;f__Bacteroidaceae;g__Bacteroides;s__Bacteroides_salyersiae	k__Bacteria;p__Firmicutes;c__Clostridia;o__Clostridiales;f__Ruminococcaceae;g__Ruminiclostridium;s__[Eubacterium]_siraeum	k__Bacteria;p__Proteobacteria;c__Betaproteobacteria;o__Burkholderiales;f__Sutterellaceae;g__Parasutterella;s__Parasutterella_excrementihominis	k__Bacteria;p__Actinobacteria;c__Actinobacteria;o__Bifidobacteriales;f__Bifidobacteriaceae;g__Bifidobacterium;s__Bifidobacterium_adolescentis	k__Bacteria;p__Firmicutes;c__Clostridia;o__Clostridiales;f__Oscillospiraceae;g__Oscillibacter;s__Oscillibacter_sp._KLE_1745	k__Bacteria;p__Bacteroidetes;c__Bacteroidia;o__Bacteroidales;f__Bacteroidaceae;g__Bacteroides;s__Bacteroides_coprophilus	k__Bacteria;p__Firmicutes;c__Clostridia;o__Clostridiales;f__Lachnospiraceae;g__Roseburia;s__Roseburia_intestinalis	k__Bacteria;p__Firmicutes;c__Clostridia;o__Clostridiales;f__Lachnospiraceae;g__Roseburia;s__Roseburia_hominis	k__Bacteria;p__Bacteroidetes;c__Bacteroidia;o__Bacteroidales;f__Porphyromonadaceae;g__Parabacteroides;s__Parabacteroides_johnsonii	k__Bacteria;p__Actinobacteria;c__Actinobacteria;o__Bifidobacteriales;f__Bifidobacteriaceae;g__Bifidobacterium;s__Bifidobacterium_longum	k__Bacteria;p__Firmicutes;c__Clostridia;o__Clostridiales;f__;g__Flavonifractor;s__Flavonifractor_plautii	k__Bacteria;p__Firmicutes;c__Clostridia;o__Clostridiales;f__Clostridiaceae;g__Clostridium;s__Clostridium_phoceensis	k__Bacteria;p__Verrucomicrobia;c__Verrucomicrobiae;o__Verrucomicrobiales;f__Akkermansiaceae;g__Akkermansia;s__Akkermansia_muciniphila	k__Bacteria;p__Bacteroidetes;c__Bacteroidia;o__Bacteroidales;f__Prevotellaceae;g__Paraprevotella;s__Paraprevotella_xylaniphila	k__Bacteria;p__Firmicutes;c__Clostridia;o__Clostridiales;f__Ruminococcaceae;g__Ruminococcus;s__Ruminococcus_callidus	k__Bacteria;p__Bacteroidetes;c__Bacteroidia;o__Bacteroidales;f__Rikenellaceae;g__Alistipes;s__Alistipes_senegalensis	k__Bacteria;p__Firmicutes;c__Clostridia;o__Clostridiales;f__Lachnospiraceae;g__Blautia;s__Blautia_sp._KLE_1732	k__Bacteria;p__Bacteroidetes;c__Bacteroidia;o__Bacteroidales;f__Bacteroidaceae;g__Bacteroides;s__Bacteroides_oleiciplenus	k__Bacteria;p__Firmicutes;c__Clostridia;o__Clostridiales;f__Ruminococcaceae;g__Ruminococcus;s__Ruminococcus_bicirculans	k__Bacteria;p__Bacteroidetes;c__Bacteroidia;o__Bacteroidales;f__Bacteroidaceae;g__Bacteroides;s__Bacteroides_fluxus	k__Bacteria;p__Bacteroidetes;c__Bacteroidia;o__Bacteroidales;f__Prevotellaceae;g__Prevotella;s__Prevotella_stercorea	k__Bacteria;p__Firmicutes;c__Clostridia;o__Clostridiales;f__Lachnospiraceae;g__Dorea;s__Dorea_longicatena	k__Bacteria;p__Firmicutes;c__Clostridia;o__Clostridiales;f__Eubacteriaceae;g__Eubacterium;s__[Eubacterium]_eligens	k__Bacteria;p__Firmicutes;c__Clostridia;o__Clostridiales;f__Ruminococcaceae;g__;s__Ruminococcaceae_bacterium_D16	k__Bacteria;p__Firmicutes;c__Clostridia;o__Clostridiales;f__Lachnospiraceae;g__Coprococcus;s__Coprococcus_comes	k__Bacteria;p__Proteobacteria;c__Gammaproteobacteria;o__Enterobacterales;f__Enterobacteriaceae;g__Escherichia;s__Escherichia_coli	k__Bacteria;p__Firmicutes;c__Clostridia;o__Clostridiales;f__Ruminococcaceae;g__Anaerotruncus;s__Anaerotruncus_colihominis	k__Bacteria;p__Firmicutes;c__Clostridia;o__Clostridiales;f__Lachnospiraceae;g__Blautia;s__Blautia_obeum	k__Bacteria;p__Bacteroidetes;c__Bacteroidia;o__Bacteroidales;f__Odoribacteraceae;g__Odoribacter;s__Odoribacter_laneus	k__Bacteria;p__Firmicutes;c__Clostridia;o__Clostridiales;f__Ruminococcaceae;g__Ruminiclostridium;s__[Clostridium]_leptum	k__Bacteria;p__Bacteroidetes;c__Bacteroidia;o__Bacteroidales;f__Porphyromonadaceae;g__Parabacteroides;s__Parabacteroides_goldsteinii	k__Bacteria;p__Firmicutes;c__Clostridia;o__Clostridiales;f__Lachnospiraceae;g__Anaerostipes;s__Anaerostipes_hadrus	k__Bacteria;p__Firmicutes;c__Clostridia;o__Clostridiales;f__Ruminococcaceae;g__Ruminococcus;s__Ruminococcus_lactaris	k__Bacteria;p__Firmicutes;c__Clostridia;o__Clostridiales;f__Clostridiaceae;g__Clostridium;s__Clostridium_sp._L2-50	k__Bacteria;p__Firmicutes;c__Clostridia;o__Clostridiales;f__Clostridiaceae;g__Clostridium;s__Clostridium_sp._M62/1	k__Bacteria;p__Firmicutes;c__Clostridia;o__Clostridiales;f__;g__Intestinimonas;s__Intestinimonas_butyriciproducens	k__Bacteria;p__Actinobacteria;c__Actinobacteria;o__Bifidobacteriales;f__Bifidobacteriaceae;g__Bifidobacterium;s__Bifidobacterium_bifidum	k__Bacteria;p__Firmicutes;c__Negativicutes;o__Veillonellales;f__Veillonellaceae;g__Dialister;s__Dialister_invisus	k__Bacteria;p__Bacteroidetes;c__Bacteroidia;o__Bacteroidales;f__Bacteroidaceae;g__Bacteroides;s__Bacteroides_salanitronis
k__Bacteria;p__Bacteroidetes;c__Bacteroidia;o__Bacteroidales;f__Bacteroidaceae;g__Bacteroides;s__Bacteroides_vulgatus	1.0	-0.0399428119077	0.0162855722997	-0.0502248703725	-0.0485216184733	0.0828863323388	-0.0174221509003	0.0390645218298	0.0658142563194	-0.084594972202	-0.026481389327	0.00523382592142	0.0902439122731	0.00375760794243	-0.00558213407494	0.0585153581373	0.0107011152544	-0.0290999790408	0.0196268353509	-0.0238071854093	-0.00170752893923	0.00470485932306	-0.073075649515	-0.036157274726	-0.027814664331	-0.0690063127649	-0.0250545857489	0.0222137503889	0.0554158414197	-0.00347228266226	-0.000741126199049	-0.00804865283966	0.0226311735973	-0.062953549373	0.0161562128578	-0.0276556675218	-0.0221721846313	-0.073698368205	-0.0349484387309	-0.015168301966	0.00997424722403	0.0370193008668	-0.00119347829245	-0.0172410618441	-0.0303592819643	-0.0463942362173	0.0555441582565	-0.0373258528638	-0.0266102241168	-0.041790047446	-0.0113461331175	0.0299853237144	-0.0425534966902	-0.0230734429828	0.0637929213141	0.00278387884738	-0.0174973386384	-0.0221930409425	0.00955651062834
k__Bacteria;p__Bacteroidetes;c__Bacteroidia;o__Bacteroidales;f__Bacteroidaceae;g__Bacteroides;s__Bacteroides_uniformis	-0.0399428119077	1.0	0.0334757727163	0.0246909310818	-0.0533638333257	-0.0649484759676	-0.0866252535839	0.0209546801673	0.0196940760298	0.00294541238523	0.0108159684315	0.0679029345813	-0.0563968963153	0.0381057288327	0.00640952886469	0.0362565084112	0.00969006381435	-0.0716425973368	-0.0225538972259	0.0632324633206	-0.0827919830447	0.030664531657	-0.000635320457507	-0.0708199815888	-0.0268564913142	-0.0391878892233	0.0751985567732	-0.0082909497249	0.0114900139814	-0.00990276333155	-0.0481672046969	-0.0432153528648	-0.0163228703688	-0.0431550056924	-0.0144060371699	-0.010924259713	0.0348955061314	-0.00951127772661	-0.0120510353398	-0.107531026678	0.0130655302506	-0.0571197895169	0.0316734987469	-0.028738533303	0.0296331450051	0.0236592542763	0.022636694001	0.056848364133	-0.00739768541559	-0.103144314081	0.00237579247272	-0.0543122231298	0.0479636408753	0.00419059984774	-0.0375747304661	0.0266621630824	0.0116223429698	-0.0257860220106	0.00646716703049
k__Bacteria;p__Bacteroidetes;c__Bacteroidia;o__Bacteroidales;f__Rikenellaceae;g__Alistipes;s__Alistipes_putredinis	0.0162855722997	0.0334757727163	1.0	0.0243966776998	0.00653809490386	0.0266843732183	-0.00685187422844	-0.0277128215207	0.0276074093833	0.042958517341	-0.0350490894491	-0.0909991438037	-0.048038356387	-0.0800510389148	-0.0636840776454	-0.0140063398033	-0.0155095887824	-0.0283156189156	-0.0747336254944	-0.033640452208	0.00621510117583	0.0381917310066	0.032913170263	-0.0384992953378	0.0118184999644	-0.0544273792452	0.00885808358899	-0.0013749696688	-0.0165770344119	-0.0122085861137	-0.056330376815	-0.061315622351	-0.0136323258757	0.0447080208662	-0.0392541585323	0.00753340527252	-0.0152955719935	0.0763186981339	-0.0518617894994	0.0132267966628	0.0271704837692	-0.021539181826	0.0322698568184	0.0374160210046	-0.0607478029611	-0.0163136133652	-0.0239905515241	0.000629465016629	0.0224030932113	0.0161571785147	-0.0768897108748	-0.0820738469392	-0.0267192855091	0.0239212113291	-0.0478118078929	-0.0715634532382	0.0336899988059	-0.0385964935623	0.00889185875315
k__Bacteria;p__Bacteroidetes;c__Bacteroidia;o__Bacteroidales;f__Prevotellaceae;g__Prevotella;s__Prevotella_copri	-0.0502248703725	0.0246909310818	0.0243966776998	1.0	0.0518121994229	0.0305978510308	-0.0113062437093	-0.0300934231546	0.0336498991733	0.00625387066874	-0.03147031415	-0.0352588515771	0.0326624777776	-0.0562367784401	-0.0111074940122	0.0259667818889	-0.0275697084309	-0.0247551775749	-0.0390292878721	-0.0308685877937	-0.00515954166931	0.0530337093742	0.0125768671442	0.0313953166568	0.0101554188658	-0.0342606790706	-0.00786676719445	-0.00768940770001	-0.0325298932028	0.00272257807858	0.00679999584921	-0.0156559091021	0.0738819159697	-0.0127504579494	-0.0107737871457	-0.00514473559123	0.0280781228571	0.0501965352725	-0.0341105836374	0.0262697620296	-0.0863437329583	-0.00752218359273	-0.0761191804267	-0.0274705395236	-0.00377440753763	-0.00921583956435	0.00715652522845	0.0133534401947	-0.0128317295899	0.0835383353385	-0.0531182803785	0.00174853300053	0.0133446138888	-0.0441819716062	0.0393737380544	-0.0384961781567	0.136748722785	0.0145763060766	-0.0518840743195
k__Bacteria;p__Bacteroidetes;c__Bacteroidia;o__Bacteroidales;f__Bacteroidaceae;g__Bacteroides;s__Bacteroides_stercoris	-0.0485216184733	-0.0533638333257	0.00653809490386	0.0518121994229	1.0	-0.0276330444589	0.0520098516629	-0.00928232663923	-0.0260806831095	0.0247698452538	-0.034545548396	-0.0296469650241	-0.00134257222944	-0.0481037143434	-0.0950301623436	0.0159645711868	-0.0620257865905	0.0974493169131	0.042256545334	-0.0230129557117	-0.014124372517	-0.00530812116388	-0.00117904565373	0.049148960251	-0.0317238842247	0.0322509896612	0.0233684592173	-0.094965942665	-0.0600584166273	0.0588620774144	0.0820878578937	0.0381926347728	-0.0608561777453	0.0357146468549	0.0122325036621	-0.0520238998762	0.00509094152658	0.00661907351795	-0.0456020586452	-0.0561317740063	-0.0123485232018	0.00223267349004	-0.0421114534135	-0.0418539417384	-0.14459424604	-0.0317383371892	0.0385836115186	0.0435142283485	0.00236521799983	-0.0352216724186	-0.0605168179132	-0.0456830188322	-0.0109838709114	0.0778598104191	0.0462153334994	-0.0816294038452	-0.0414910874604	-0.0330893977328	-0.116241324026
k__Bacteria;p__Bacteroidetes;c__Bacteroidia;o__Bacteroidales;f__Bacteroidaceae;g__Bacteroides;s__Bacteroides_ovatus	0.0828863323388	-0.0649484759676	0.0266843732183	0.0305978510308	-0.0276330444589	1.0	-0.0713892428312	-0.0724989314924	-0.000110127142452	-0.00382510559069	0.00147286437667	-0.0449156321554	0.0136452143329	0.0700132709355	-0.023417048887	-0.00306806769477	-0.0130826382077	-0.0271026482877	-0.0290851117875	-0.120858725863	-0.0119435592229	-0.0299479494671	-0.0887203338035	-0.0817622937453	0.0398372483914	-0.0363943125393	-0.0361211021197	0.021994153504	0.019006508625	-0.0234245901683	-0.0240886916965	0.0162781562692	-0.0363519778704	-0.000542825125255	0.0326888720286	-0.121261849341	0.039435096553	-0.0467760217941	0.0434551387011	-0.0193276755532	0.0130085910654	-0.0573377889674	-0.0167706164108	7.60599276383e-05	-0.0135170742404	0.0214565061917	0.0407422532455	-0.0280610074208	-0.0365442780048	-0.085836899551	0.0464192832723	0.0861064264515	0.0115300696471	-0.0666146176523	0.00554637882373	0.0215333843921	-0.0503286990218	0.0529258784745	0.0451010098367
k__Bacteria;p__Bacteroidetes;c__Bacteroidia;o__Bacteroidales;f__Rikenellaceae;g__Alistipes;s__Alistipes_shahii	-0.0174221509003	-0.0866252535839	-0.00685187422844	-0.0113062437093	0.0520098516629	-0.0713892428312	1.0	-0.0898684633794	-0.0944271688807	-0.104693638193	0.0396528888069	0.00537212112318	-0.0747244223557	-0.0427241217721	-0.0381720040276	-0.0498658061251	-0.0391895490296	-0.00791415669196	-0.0799733606232	0.0455119645235	-0.0429025851619	0.0139679393432	0.0784569910582	0.0235751987795	0.0149017908984	0.0210906901637	-0.00763651192406	0.01150673648	0.00278146082222	0.0244169851312	0.016569036595	-0.0660611333418	0.0971291714621	0.0134513624582	-0.0373761509021	-0.0490839975193	-0.0502248120576	-0.0595000993223	-0.00934277765125	0.00597232349569	-0.0706342701877	0.035071979978	-0.0430788614956	-0.0150781313304	-0.0533580865823	0.0361297735313	-0.00530864591454	-0.0739663076742	-0.0804960149543	-0.0240322367524	-0.0500867492082	0.00610882610467	-0.0122991764443	-0.0570952881049	-0.0374851291706	0.0600885025021	-0.0744341413755	0.0589782427623	0.0266905100603
k__Bacteria;p__Firmicutes;c__Clostridia;o__Clostridiales;f__Ruminococcaceae;g__Faecalibacterium;s__Faecalibacterium_prausnitzii	0.0390645218298	0.0209546801673	-0.0277128215207	-0.0300934231546	-0.00928232663923	-0.0724989314924	-0.0898684633794	1.0	0.0607834864277	-0.0377432169876	0.0682137889692	-0.0271430299988	-0.026904732189	-0.0387648982248	-0.0249931032503	-0.0393312322378	0.0260221611188	0.00447618410494	-0.0157843527551	0.012421923105	-0.00511222095097	0.0833409851104	-0.00362293614625	-0.0248632865404	0.0527981699626	0.0387025858783	0.00901636305877	-0.0742900744244	-0.0188317935119	0.0554419045953	0.0315698388014	0.0237810808762	-0.0206517474564	0.00800913415003	-0.0177898971879	-0.0567402610451	-0.00432305211078	0.00984406094747	-0.000581571393053	0.0267338856642	-0.071433432271	0.0402538776016	0.0160473129367	0.0347440573414	0.0154225886076	-0.0263500718013	-0.0817238748478	-0.00169125220128	-0.0113726042477	-0.0351214045623	-0.0163019963717	-0.03132469225	0.0103597002533	-0.0282175230108	-0.0427548719439	-0.00668424924941	0.00316975997393	-0.0347594473222	-0.00939926127812
k__Bacteria;p__Bacteroidetes;c__Bacteroidia;o__Bacteroidales;f__Rikenellaceae;g__Alistipes;s__Alistipes_finegoldii	0.0658142563194	0.0196940760298	0.0276074093833	0.0336498991733	-0.0260806831095	-0.000110127142452	-0.0944271688807	0.0607834864277	1.0	-0.0640614209022	-0.0581615378494	-0.0295764672026	0.0669096030413	0.0655273504923	-0.0938273577913	-0.117070683845	0.0902456561729	-0.000239553036707	-0.0735120959413	-0.0608762940195	-0.0292457648992	0.0556194106958	0.0244970600718	-0.0185910872388	0.0165356248739	-0.0610188488499	0.0464570800761	0.0189526883194	-0.074862126235	0.0163624163909	-0.039427915442	0.0337726702263	-0.019151636584	-0.0803177138978	-0.027404060908	0.0130182258326	-0.00771160591245	-0.0730184297481	-0.00307934357157	-0.0433780255331	-0.137516604657	-0.0253571310252	0.0318316458834	0.0361016021367	0.0264255987164	-0.0759019132498	0.0284200429166	0.00390846034335	-0.0246006835282	-0.0436799205482	-0.055639382819	0.00241218464355	-0.0266883528342	0.0270202403304	-0.0113691173382	0.0364762930597	-0.0224135693087	-0.0238510359097	0.0156219963353
k__Bacteria;p__Bacteroidetes;c__Bacteroidia;o__Bacteroidales;f__Porphyromonadaceae;g__Parabacteroides;s__Parabacteroides_distasonis	-0.084594972202	0.00294541238523	0.042958517341	0.00625387066874	0.0247698452538	-0.00382510559069	-0.104693638193	-0.0377432169876	-0.0640614209022	1.0	-0.0320711985744	0.028502306933	0.0472355937635	-0.0151848962124	-0.0290669215219	0.0411994899312	-0.0503784141597	0.0775943423448	-0.0505440187419	-0.00715264779252	-0.0241907036769	-0.0318164169487	0.000212945488242	-0.0555907801621	-0.00536487561521	0.00302497219611	-0.0110864394343	0.0227774021706	0.0381648066512	0.0385226635032	0.00794704345884	0.0603467440843	-0.0293013813257	0.0453946970899	0.0558452009322	-0.0429854852893	-0.0371484897567	-0.00965878248858	0.0223516150213	-0.0293336519517	-0.0696175154664	0.00888003298864	0.0267309395503	0.0680590433129	0.0110105905549	0.0737420293405	0.00678406519238	-0.0723521374259	-0.0244357167354	0.0316645876419	-0.0068542450653	-0.0230926901395	-0.0154813341107	0.0329970973586	-0.0290688269387	-0.0761837210579	-0.0699868965216	-0.125472959349	-0.00349163268127
k__Bacteria;p__Bacteroidetes;c__Bacteroidia;o__Bacteroidales;f__Bacteroidaceae;g__Bacteroides;s__Bacteroides_thetaiotaomicron	-0.026481389327	0.0108159684315	-0.0350490894491	-0.03147031415	-0.034545548396	0.00147286437667	0.0396528888069	0.0682137889692	-0.0581615378494	-0.0320711985744	1.0	-0.0133757060481	-0.0273657458307	-0.0561848982287	-0.00998739245488	-0.0162801961199	0.0641494385805	-0.00916988584821	-0.0941656270309	-0.0482005360845	0.077931633946	-0.0580745750655	0.0203306780426	-0.0969044339529	0.0728161458752	0.0907806067548	0.0742549000561	-0.0283092043118	-0.0624051897416	-0.0175333353839	-0.0441361268975	-0.0534100750258	-0.050550358659	-0.0287293100633	-0.0002222597456	0.0265384619646	-0.0529346497479	-0.0271220146978	0.00699376607225	-0.100646605374	0.00156122112468	-0.00162355656203	-0.00738314693756	-0.0892102883414	-0.0308732979548	0.0313436198993	-0.0955247756967	-0.0498776670443	-0.0178224381586	0.0131992640616	0.00382734662129	0.0354308502527	0.0964085230833	-0.0180096984176	-0.0192979736532	0.00773251975682	-0.0054437801268	-0.0171222888298	-0.0173544152753
k__Bacteria;p__Bacteroidetes;c__Bacteroidia;o__Bacteroidales;f__Bacteroidaceae;g__Bacteroides;s__Bacteroides_coprocola	0.00523382592142	0.0679029345813	-0.0909991438037	-0.0352588515771	-0.0296469650241	-0.0449156321554	0.00537212112318	-0.0271430299988	-0.0295764672026	0.028502306933	-0.0133757060481	1.0	0.0180818242967	0.0124260332113	0.106707693722	-0.00591059954094	-0.0269434607275	-0.0379320664765	-0.0197262415589	0.00239740636859	-0.0135926660359	0.0690990705235	0.0519911154602	0.0679501836291	-0.00805701795956	-0.0782323521704	0.0230734246798	-0.0304955722431	-0.090429147282	0.0377598573657	-0.0417645007548	0.00505338776958	-0.00378100830364	-0.00544216543218	-0.0379389235491	0.000574658389605	-0.0321188903761	-0.0124267968249	0.0207784586036	-0.079737097952	-0.00889034690198	0.00728699508643	0.0394481547262	-0.0132425449981	0.0529185778638	-0.0148034331037	-0.0454860141162	-0.0729035740362	-0.00892744490828	-0.0194414425149	-0.0301259702924	0.0103360823279	-0.000448816268725	0.0337528653389	-0.0206405578786	0.0636091590666	-0.0254406014864	-0.0225000691639	0.0226459600035
k__Bacteria;p__Bacteroidetes;c__Bacteroidia;o__Bacteroidales;f__Bacteroidaceae;g__Bacteroides;s__Bacteroides_cellulosilyticus	0.0902439122731	-0.0563968963153	-0.048038356387	0.0326624777776	-0.00134257222944	0.0136452143329	-0.0747244223557	-0.026904732189	0.0669096030413	0.0472355937635	-0.0273657458307	0.0180818242967	1.0	-0.0153807668437	0.0386842624042	-0.10335772151	0.13600000747	0.0601835990967	-0.0162475574508	0.0211912105157	-0.00818963582162	-0.091772017361	-0.00960290823708	-0.0332775791049	-0.0242657952087	0.0344866267002	0.0308485625816	0.0122005454304	-0.0247303190889	-0.0118208465464	-0.0709888655849	0.0357321811904	-0.0434862656687	-0.04746163779	0.00224044704703	-0.0294766608937	-0.0180785214757	-0.0407560393568	0.0811740609347	-0.0104288087669	0.00765391752863	0.0721630282081	-0.083760421017	0.0303463789993	-0.0252211266496	0.0188054750372	-0.0487326926873	-0.0307933440071	-0.0838008142024	0.013050824671	-0.0356546450819	-0.0578890091591	0.0453530444371	0.0126328846788	-0.0115210665881	-0.00254353075699	-0.0695953955628	-0.0176194551658	-0.0592078014896
k__Bacteria;p__Bacteroidetes;c__Bacteroidia;o__Bacteroidales;f__Rikenellaceae;g__Alistipes;s__Alistipes_obesi	0.00375760794243	0.0381057288327	-0.0800510389148	-0.0562367784401	-0.0481037143434	0.0700132709355	-0.0427241217721	-0.0387648982248	0.0655273504923	-0.0151848962124	-0.0561848982287	0.0124260332113	-0.0153807668437	1.0	0.0780473538332	-0.0385732684873	-0.0865013991111	-0.057158873445	0.0310018866309	-0.042616750332	-0.0378782550524	-0.0268927824672	0.0539303679868	-0.0548319991387	0.000774960752376	-0.0658033140173	-0.013351378495	-0.00504221722339	-0.0220068074013	-0.0117016246197	-0.0142112631732	-0.0228343095303	-0.0119196219822	0.0253319029639	-0.00579685811503	0.0346921991238	-0.00632389569307	-0.00339127767304	-0.0120661282385	-0.0791739821974	0.0205157604724	0.0109202961038	-0.0518633890013	-0.0154451715545	0.0129930027203	-0.0162171280982	-0.0593341526112	-0.0280904109533	-0.0455485868148	-0.0202570697832	0.074260500584	-0.0143206678661	-0.0239605862779	0.00105508480936	0.0265115279602	-0.122009178609	-0.0691002771358	-0.00571829610156	0.00728644288165
k__Bacteria;p__Firmicutes;c__Clostridia;o__Clostridiales;f__Lachnospiraceae;g__;s__[Eubacterium]_rectale	-0.00558213407494	0.00640952886469	-0.0636840776454	-0.0111074940122	-0.0950301623436	-0.023417048887	-0.0381720040276	-0.0249931032503	-0.0938273577913	-0.0290669215219	-0.00998739245488	0.106707693722	0.0386842624042	0.0780473538332	1.0	0.000470371532791	0.0523361857622	0.0279268846304	0.0621165930928	-0.0270505529843	-0.133466658704	-0.0354746194962	0.0742713517149	0.0119849297495	-0.0299294668341	0.0592726257074	-0.0461808898478	-0.0193267035926	-0.0227102593715	0.0161012866353	0.000912599783881	0.0379486730371	0.0274367605894	-0.0234517737605	0.0649297228658	-0.0115277729672	-0.0589019766804	-0.0213378985002	-0.0210175304783	0.0152127468984	-0.0310950545822	-0.0318711118381	0.0508712083445	-0.00951823448814	-0.0409912050943	0.0798343371234	-0.0189381671252	0.00319251371709	0.0333710427354	-0.0258831719156	0.0235995198704	-0.019829655319	-0.0174430739384	0.0572513235313	0.00249314396376	-0.0517215662007	-0.000472989020659	-0.00613393234444	-0.0354530737322
k__Bacteria;p__Bacteroidetes;c__Bacteroidia;o__Bacteroidales;f__Bacteroidaceae;g__Bacteroides;s__Bacteroides_plebeius	0.0585153581373	0.0362565084112	-0.0140063398033	0.0259667818889	0.0159645711868	-0.00306806769477	-0.0498658061251	-0.0393312322378	-0.117070683845	0.0411994899312	-0.0162801961199	-0.00591059954094	-0.10335772151	-0.0385732684873	0.000470371532791	1.0	-0.0016624900788	0.00260103408537	-0.0741399500155	0.0354169803755	-0.0274245065218	0.0300108163223	-0.0352152313374	0.00695399671974	0.00524507733288	0.0502923423952	-0.0617910074622	-0.0553849193152	0.0073485589652	-0.0311126784253	-0.0150976401798	-0.0109556124047	0.0197480134394	0.0127583707697	-0.00400382422477	0.00414718264567	0.0261659971403	0.00765808281578	-0.0235152860001	-0.0650061294031	0.0509932263169	-0.0242381784193	-0.0400172725477	-0.0472924235515	-0.0283383028693	-0.0427757857566	-0.0577378491427	0.00421256170071	-0.033480278104	0.120417125344	0.0197795225398	-0.0324387668808	-0.0940899147163	-0.0305969535284	3.2085268054e-05	0.0890840858417	-0.0158707126518	0.0168823025381	-0.0127483008609
k__Bacteria;p__Bacteroidetes;c__Bacteroidia;o__Bacteroidales;f__Bacteroidaceae;g__Bacteroides;s__Bacteroides_fragilis	0.0107011152544	0.00969006381435	-0.0155095887824	-0.0275697084309	-0.0620257865905	-0.0130826382077	-0.0391895490296	0.0260221611188	0.0902456561729	-0.0503784141597	0.0641494385805	-0.0269434607275	0.13600000747	-0.0865013991111	0.0523361857622	-0.0016624900788	1.0	0.108738628866	-0.0601654572975	-0.0297646594866	0.00722644892403	-0.0520157357505	-0.0391550224188	-0.0369843033444	0.0209132792021	-0.0320617085588	-0.0283055750783	-0.00910020537342	-0.0372866359664	-0.0266180653773	-0.100514001938	-0.0452081712228	-0.018007491028	-0.0381226804071	-0.0294007108959	-0.0101972802682	-0.0886358392963	0.0216811949349	-0.0202573588932	-0.0284559170921	-0.084534856676	-0.0192052250445	0.00892418988646	-0.0023570283208	-0.035387886574	0.0869688299448	-0.030552224205	-0.0088762855507	-0.0601011809047	0.0453310991383	-0.0106987983592	0.0405481162157	0.116075780779	0.0384889063224	0.000321393940522	0.0438720163544	-0.0444938687182	-0.0355171797032	-0.0710851481494
k__Bacteria;p__Proteobacteria;c__Betaproteobacteria;o__Burkholderiales;f__Sutterellaceae;g__Sutterella;s__Sutterella_wadsworthensis	-0.0290999790408	-0.0716425973368	-0.0283156189156	-0.0247551775749	0.0974493169131	-0.0271026482877	-0.00791415669196	0.00447618410494	-0.000239553036707	0.0775943423448	-0.00916988584821	-0.0379320664765	0.0601835990967	-0.057158873445	0.0279268846304	0.00260103408537	0.108738628866	1.0	-0.0451620747036	0.0458321181938	-0.0444832428061	0.0237247724314	0.0107636214283	-0.0730469922541	-0.0152134943766	-0.048734506176	-0.0250935160348	0.0281197030297	-0.0554953304322	-0.0258284685035	0.0416582043475	0.0703890018525	-0.0335419380104	0.0113771689342	-0.044884004044	-0.0390122678463	-0.109335264527	0.0386450674129	0.0252894306731	0.0390325832748	0.018639437375	-0.0140358994307	-0.0527092820709	0.0658151734207	-0.0870638819287	0.00789057481454	-0.0847584323105	-0.00626661591796	0.0234459580369	-0.0159855913703	-0.0370138219849	-0.00652006544623	0.0211115855349	-0.000514590862992	-0.0443713907573	0.0638094659529	0.0073424071107	0.0204983361027	0.0244632320349
k__Bacteria;p__Bacteroidetes;c__Bacteroidia;o__Bacteroidales;f__Porphyromonadaceae;g__Barnesiella;s__Barnesiella_intestinihominis	0.0196268353509	-0.0225538972259	-0.0747336254944	-0.0390292878721	0.042256545334	-0.0290851117875	-0.0799733606232	-0.0157843527551	-0.0735120959413	-0.0505440187419	-0.0941656270309	-0.0197262415589	-0.0162475574508	0.0310018866309	0.0621165930928	-0.0741399500155	-0.0601654572975	-0.0451620747036	1.0	0.0134172491606	-0.00612665825465	-0.0457898146155	-0.0148489987118	0.0647599099827	-0.0311212827423	0.0574102616335	-0.0286652823824	-0.0399662161953	-0.0539274057742	-0.000257329162092	0.0134397569374	-0.0480765779951	-0.0070146941243	-0.0714304421943	-0.105263970362	0.00238438945713	0.00955068249438	-0.0151181754569	-0.00837566673694	0.0342011901353	-0.0231097937069	-0.0376219317234	-0.0321615212008	-0.100339062904	0.0224716928303	-0.0292913885818	0.0211658019805	0.0959806078022	0.0415537735396	0.030232596768	-0.0320760873519	0.0323924897849	-0.00618559340999	-0.00461387859575	-0.014808978297	0.055231584226	-0.010776688385	-0.0287855093244	0.0191455182803
k__Bacteria;p__Bacteroidetes;c__Bacteroidia;o__Bacteroidales;f__Odoribacteraceae;g__Odoribacter;s__Odoribacter_splanchnicus	-0.0238071854093	0.0632324633206	-0.033640452208	-0.0308685877937	-0.0230129557117	-0.120858725863	0.0455119645235	0.012421923105	-0.0608762940195	-0.00715264779252	-0.0482005360845	0.00239740636859	0.0211912105157	-0.042616750332	-0.0270505529843	0.0354169803755	-0.0297646594866	0.0458321181938	0.0134172491606	1.0	0.0152459474894	0.0481541939976	0.0419472923237	-0.0115534022798	-0.0665326287318	0.0628535952167	-0.0609723332006	-0.0513006608642	-0.0479101934181	-0.0207035821794	-0.0352259178967	0.0652090767403	-0.0557480057014	-0.0120994565398	-0.0500086444728	-0.0544915423691	-0.053261139376	0.0451008711226	-0.0162846524433	-0.0239116775142	-0.0724878570433	0.0326583233314	0.0586945011361	0.0542111203154	0.0414916131958	-0.0412603999801	-0.00688340529077	0.00880818434981	-0.0407747283713	0.0329464337177	-0.0361095391065	-0.0152333279437	-0.0170444154765	-0.0350686550243	0.0224281799618	-0.0554101071961	-0.038128055035	0.025551638765	0.0160878748637
k__Bacteria;p__Bacteroidetes;c__Bacteroidia;o__Bacteroidales;f__Bacteroidaceae;g__Bacteroides;s__Bacteroides_salyersiae	-0.00170752893923	-0.0827919830447	0.00621510117583	-0.00515954166931	-0.014124372517	-0.0119435592229	-0.0429025851619	-0.00511222095097	-0.0292457648992	-0.0241907036769	0.077931633946	-0.0135926660359	-0.00818963582162	-0.0378782550524	-0.133466658704	-0.0274245065218	0.00722644892403	-0.0444832428061	-0.00612665825465	0.0152459474894	1.0	-0.00677555427761	0.0195512855007	-0.0425065806834	-0.0363833156639	0.0830502834056	-0.0229474011852	-0.0576339731596	0.0395865579075	-0.0289116443377	-0.0298559958986	-0.017027837288	-0.0843252873993	-0.0241046703705	-0.00816210363873	0.0353913343094	-0.0846588482412	0.0301537881323	0.0136433121529	-0.0329570531761	-0.0375338183541	-0.0143824462406	-0.0335913031815	-0.0412738216094	-0.0114590110347	-0.00801917671608	-0.0358905593277	-0.0283884699304	-0.0439363392832	0.0383253617404	0.140184020957	0.0278514383801	-0.00738805380089	-0.0734994364077	-0.0509671247853	0.029421437353	0.0718913325049	0.075708668028	0.0178332396889
k__Bacteria;p__Firmicutes;c__Clostridia;o__Clostridiales;f__Ruminococcaceae;g__Ruminiclostridium;s__[Eubacterium]_siraeum	0.00470485932306	0.030664531657	0.0381917310066	0.0530337093742	-0.00530812116388	-0.0299479494671	0.0139679393432	0.0833409851104	0.0556194106958	-0.0318164169487	-0.0580745750655	0.0690990705235	-0.091772017361	-0.0268927824672	-0.0354746194962	0.0300108163223	-0.0520157357505	0.0237247724314	-0.0457898146155	0.0481541939976	-0.00677555427761	1.0	0.0199521554063	-0.0449585467493	-0.0142089177722	0.029036017366	-0.0831133336891	0.00903892794496	-0.0829303103913	0.0107197291159	0.0298275748907	-0.0978047770386	0.0111495715835	-0.0163305918561	0.0446996432058	-0.0402015760525	0.0118439993084	-0.094759213824	0.051542800401	0.0404767242162	0.0243051495978	0.0115124944963	0.0496160599441	-0.0792275839584	0.0102112992595	-0.0190092787454	-0.0603655645331	-0.0453447038272	0.0582254573534	0.0306838569397	-0.027207112234	-0.0528099424503	0.00195578144511	-0.0639676525738	0.0034276751803	-0.0714241095072	-0.0262587865992	0.0048582897217	0.0532479332309
k__Bacteria;p__Proteobacteria;c__Betaproteobacteria;o__Burkholderiales;f__Sutterellaceae;g__Parasutterella;s__Parasutterella_excrementihominis	-0.073075649515	-0.000635320457507	0.032913170263	0.0125768671442	-0.00117904565373	-0.0887203338035	0.0784569910582	-0.00362293614625	0.0244970600718	0.000212945488242	0.0203306780426	0.0519911154602	-0.00960290823708	0.0539303679868	0.0742713517149	-0.0352152313374	-0.0391550224188	0.0107636214283	-0.0148489987118	0.0419472923237	0.0195512855007	0.0199521554063	1.0	-0.0449570375929	0.0953607909588	-0.0321704832002	-0.0100800873221	-0.00350735635007	-0.0685026025531	-0.0794247817345	-0.0413324903441	0.00396085321162	0.0399981435518	-0.0121488731641	-0.00688406705011	-0.0653396762917	0.0150391737282	-0.0217448572383	-0.00210948925463	-0.04611478358	-0.0290178238861	-0.0550823786525	-0.0410145966991	-0.00283659869554	0.0331680359265	0.0368294880071	0.0201566734783	0.00106745946926	-0.058399928856	0.0203577839487	0.0155716714195	0.0442812299885	-0.0609808572995	-0.0114121425686	-0.0147954747653	-0.022258770355	-0.00643880455749	0.0130189455476	-0.0108098502132
k__Bacteria;p__Actinobacteria;c__Actinobacteria;o__Bifidobacteriales;f__Bifidobacteriaceae;g__Bifidobacterium;s__Bifidobacterium_adolescentis	-0.036157274726	-0.0708199815888	-0.0384992953378	0.0313953166568	0.049148960251	-0.0817622937453	0.0235751987795	-0.0248632865404	-0.0185910872388	-0.0555907801621	-0.0969044339529	0.0679501836291	-0.0332775791049	-0.0548319991387	0.0119849297495	0.00695399671974	-0.0369843033444	-0.0730469922541	0.0647599099827	-0.0115534022798	-0.0425065806834	-0.0449585467493	-0.0449570375929	1.0	-0.0223241725986	0.0443290902112	0.0657324708449	0.0427024292328	0.0252758888235	-0.0525392824109	0.00097389356643	0.0228646341061	-0.0023969098803	-0.0249759375317	-0.00827412519815	-0.0407820226439	0.00331141527704	-0.0582793824297	-0.0490526049281	0.0464305440827	-0.0444488378642	0.021941464529	0.0200017580784	-0.00307004403444	0.093488958553	0.000333267263169	-0.0066303432031	0.036103402935	0.0481776472157	-0.0297213099376	0.0127503429089	0.0195844793189	-0.0567231352607	-0.0024578028616	0.0145913818258	-0.0536920737225	-0.0544147151419	0.0770410389519	0.00113989589792
k__Bacteria;p__Firmicutes;c__Clostridia;o__Clostridiales;f__Oscillospiraceae;g__Oscillibacter;s__Oscillibacter_sp._KLE_1745	-0.027814664331	-0.0268564913142	0.0118184999644	0.0101554188658	-0.0317238842247	0.0398372483914	0.0149017908984	0.0527981699626	0.0165356248739	-0.00536487561521	0.0728161458752	-0.00805701795956	-0.0242657952087	0.000774960752376	-0.0299294668341	0.00524507733288	0.0209132792021	-0.0152134943766	-0.0311212827423	-0.0665326287318	-0.0363833156639	-0.0142089177722	0.0953607909588	-0.0223241725986	1.0	-0.047237676306	-0.0299846856984	0.0237325946463	0.0162330893316	0.0201584455089	0.0485663771321	0.00317927632726	0.0447083375432	-0.073848260261	0.0258474816915	-0.0532294221965	-0.040635284396	-0.0343468622594	-0.0195663712747	-0.0181333305891	-0.0185266669215	0.0195796400282	-0.0554644469382	0.066380343927	0.0146767029198	0.019730781878	0.0289707652114	0.00760483112741	-0.00197076704646	-0.0145262922268	-0.0399109023194	-0.0423705796219	-0.109514048365	-0.0359268480688	0.0484613262456	-0.0342739812114	-0.00151995950581	-0.0221677229769	-0.0232082803896
k__Bacteria;p__Bacteroidetes;c__Bacteroidia;o__Bacteroidales;f__Bacteroidaceae;g__Bacteroides;s__Bacteroides_coprophilus	-0.0690063127649	-0.0391878892233	-0.0544273792452	-0.0342606790706	0.0322509896612	-0.0363943125393	0.0210906901637	0.0387025858783	-0.0610188488499	0.00302497219611	0.0907806067548	-0.0782323521704	0.0344866267002	-0.0658033140173	0.0592726257074	0.0502923423952	-0.0320617085588	-0.048734506176	0.0574102616335	0.0628535952167	0.0830502834056	0.029036017366	-0.0321704832002	0.0443290902112	-0.047237676306	1.0	0.0554897268276	-0.00407455747814	0.037118893668	-0.0241430392851	0.0122223243607	-0.0421575797921	-0.0342770703199	-0.0721280153896	-0.0962894950202	-0.0515512935758	0.0414138908309	0.0453808016419	-0.00900946651862	-0.0633821748257	-0.0377871094393	0.0130696452775	0.0330077162954	-0.0258812122069	-0.0240566013099	-0.0627570809684	-0.0391565687284	0.0323960948817	-0.0411418200284	-0.00040544481618	-0.0827536543409	-0.0525651866943	-0.0434931883048	-0.0598581750175	0.010373997595	0.0412216872114	-0.0421086136561	0.0729535442706	-0.01751732113
k__Bacteria;p__Firmicutes;c__Clostridia;o__Clostridiales;f__Lachnospiraceae;g__Roseburia;s__Roseburia_intestinalis	-0.0250545857489	0.0751985567732	0.00885808358899	-0.00786676719445	0.0233684592173	-0.0361211021197	-0.00763651192406	0.00901636305877	0.0464570800761	-0.0110864394343	0.0742549000561	0.0230734246798	0.0308485625816	-0.013351378495	-0.0461808898478	-0.0617910074622	-0.0283055750783	-0.0250935160348	-0.0286652823824	-0.0609723332006	-0.0229474011852	-0.0831133336891	-0.0100800873221	0.0657324708449	-0.0299846856984	0.0554897268276	1.0	-0.0796071958245	-0.0103200621619	0.01063611078	0.0442401019883	0.00234735767192	-0.0618717399352	-0.0541158035675	-0.0383749467498	-0.0374956986113	-0.0538288872216	0.0607837865919	0.0229542366347	-0.00475785126866	-0.0098176444376	-0.0327765329228	-0.0606339416453	-0.0449094163364	-0.0916885214606	0.0256274817583	-0.0774533353418	0.0568307195905	0.0190611179714	0.0637045070072	-0.0522254278059	-0.0458871024139	0.0350254733869	0.0395265784715	0.0420964602937	0.0433119499146	-0.0751903474949	-0.0238731026477	0.0545689455767
k__Bacteria;p__Firmicutes;c__Clostridia;o__Clostridiales;f__Lachnospiraceae;g__Roseburia;s__Roseburia_hominis	0.0222137503889	-0.0082909497249	-0.0013749696688	-0.00768940770001	-0.094965942665	0.021994153504	0.01150673648	-0.0742900744244	0.0189526883194	0.0227774021706	-0.0283092043118	-0.0304955722431	0.0122005454304	-0.00504221722339	-0.0193267035926	-0.0553849193152	-0.00910020537342	0.0281197030297	-0.0399662161953	-0.0513006608642	-0.0576339731596	0.00903892794496	-0.00350735635007	0.0427024292328	0.0237325946463	-0.00407455747814	-0.0796071958245	1.0	0.0357931793466	0.011103068159	-0.00477903421036	-0.065237902953	0.082397254157	0.00964372084898	-0.0353434017298	-0.0177154186998	0.0167602832531	-0.0560334101759	-0.00359294387521	0.0543166727178	-0.0595612683576	0.0657718621987	-0.0649947522887	-0.0786556365302	0.068853110745	0.0197557339004	-0.0776740985899	0.0170710091949	-0.0546665619401	-0.00934569878842	0.0199633689002	-0.0113877997689	0.0293948574689	0.0439309294536	-0.0250129089661	-0.0786875140679	0.0536768721091	-0.0365579588158	-0.0282653806287
k__Bacteria;p__Bacteroidetes;c__Bacteroidia;o__Bacteroidales;f__Porphyromonadaceae;g__Parabacteroides;s__Parabacteroides_johnsonii	0.0554158414197	0.0114900139814	-0.0165770344119	-0.0325298932028	-0.0600584166273	0.019006508625	0.00278146082222	-0.0188317935119	-0.074862126235	0.0381648066512	-0.0624051897416	-0.090429147282	-0.0247303190889	-0.0220068074013	-0.0227102593715	0.0073485589652	-0.0372866359664	-0.0554953304322	-0.0539274057742	-0.0479101934181	0.0395865579075	-0.0829303103913	-0.0685026025531	0.0252758888235	0.0162330893316	0.037118893668	-0.0103200621619	0.0357931793466	1.0	0.0145453802821	0.0120263959401	0.00828905330517	0.00657157450593	0.0287319092733	0.0272546750159	-0.00464558258788	0.0428092949805	-0.0261462825538	-0.0182188248056	-0.00511963874314	-0.0814626346579	-0.0256448974608	-0.0684543260587	0.00321028649304	-0.0176186587729	0.00681178046949	0.000966518069117	-0.00983508991885	-0.0931736221967	-0.0630140244491	-0.0294912011015	-0.0078724628761	0.106973851923	-0.0431406613243	-0.00119261817899	0.040299807228	-0.0124139716444	-0.0258964644037	0.0816442503093
k__Bacteria;p__Actinobacteria;c__Actinobacteria;o__Bifidobacteriales;f__Bifidobacteriaceae;g__Bifidobacterium;s__Bifidobacterium_longum	-0.00347228266226	-0.00990276333155	-0.0122085861137	0.00272257807858	0.0588620774144	-0.0234245901683	0.0244169851312	0.0554419045953	0.0163624163909	0.0385226635032	-0.0175333353839	0.0377598573657	-0.0118208465464	-0.0117016246197	0.0161012866353	-0.0311126784253	-0.0266180653773	-0.0258284685035	-0.000257329162092	-0.0207035821794	-0.0289116443377	0.0107197291159	-0.0794247817345	-0.0525392824109	0.0201584455089	-0.0241430392851	0.01063611078	0.011103068159	0.0145453802821	1.0	-0.0526648207424	0.0155743025034	-0.098015723065	-0.0336608672275	-0.0125733335731	-0.0408024991308	0.0357294642635	-0.0423199508434	-0.0508025188002	-0.00189111855023	-0.0784747243764	0.0139882988758	-0.00983717556125	0.00653334220902	0.0900109491431	0.0130642701169	0.0272774071264	-0.0160663449129	0.0531719897774	0.0323068956352	0.0260821498281	-0.0434959745647	-0.106767131517	-0.0342901737818	-0.0762561474254	-0.0393731376087	-0.0214243345833	-0.0501920643356	-0.0778248503562
