#taxonomy	k__Bacteria;p__Bacteroidetes;c__Bacteroidia;o__Bacteroidales;f__Bacteroidaceae;g__Bacteroides;s__Bacteroides_vulgatus	k__Bacteria;p__Bacteroidetes;c__Bacteroidia;o__Bacteroidales;f__Bacteroidaceae;g__Bacteroides;s__Bacteroides_uniformis	k__Bacteria;p__Bacteroidetes;c__Bacteroidia;o__Bacteroidales;f__Rikenellaceae;g__Alistipes;s__Alistipes_putredinis	k__Bacteria;p__Bacteroidetes;c__Bacteroidia;o__Bacteroidales;f__Prevotellaceae;g__Prevotella;s__Prevotella_copri	k__Bacteria;p__Bacteroidetes;c__Bacteroidia;o__Bacteroidales;f__Bacteroidaceae;g__Bacteroides;s__Bacteroides_stercoris	k__Bacteria;p__Bacteroidetes;c__Bacteroidia;o__Bacteroidales;f__Bacteroidaceae;g__Bacteroides;s__Bacteroides_ovatus	k__Bacteria;p__Bacteroidetes;c__Bacteroidia;o__Bacteroidales;f__Rikenellaceae;g__Alistipes;s__Alistipes_shahii	k__Bacteria;p__Firmicutes;c__Clostridia;o__Clostridiales;f__Ruminococcaceae;g__Faecalibacterium;s__Faecalibacterium_prausnitzii	k__Bacteria;p__Bacteroidetes;c__Bacteroidia;o__Bacteroidales;f__Rikenellaceae;g__Alistipes;s__Alistipes_finegoldii	k__Bacteria;p__Bacteroidetes;c__Bacteroidia;o__Bacteroidales;f__Porphyromonadaceae;g__Parabacteroides;s__Parabacteroides_distasonis	k__Bacteria;p__Bacteroidetes;c__Bacteroidia;o__Bacteroidales;f__Bacteroidaceae;g__Bacteroides;s__Bacteroides_thetaiotaomicron	k__Bacteria;p__Bacteroidetes;c__Bacteroidia;o__Bacteroidales;f__Bacteroidaceae;g__Bacteroides;s__Bacteroides_coprocola	k__Bacteria;p__Bacteroidetes;c__Bacteroidia;o__Bacteroidales;f__Bacteroidaceae;g__Bacteroides;s__Bacteroides_cellulosilyticus	k__Bacteria;p__Bacteroidetes;c__Bacteroidia;o__Bacteroidales;f__Rikenellaceae;g__Alistipes;s__Alistipes_obesi	k__Bacteria;p__Firmicutes;c__Clostridia;o__Clostridiales;f__Lachnospiraceae;g__;s__[Eubacterium]_rectale	k__Bacteria;p__Bacteroidetes;c__Bacteroidia;o__Bacteroidales;f__Bacteroidaceae;g__Bacteroides;s__Bacteroides_plebeius	k__Bacteria;p__Bacteroidetes;c__Bacteroidia;o__Bacteroidales;f__Bacteroidaceae;g__Bacteroides;s__Bacteroides_fragilis	k__Bacteria;p__Proteobacteria;c__Betaproteobacteria;o__Burkholderiales;f__Sutterellaceae;g__Sutterella;s__Sutterella_wadsworthensis	k__Bacteria;p__Bacteroidetes;c__Bacteroidia;o__Bacteroidales;f__Porphyromonadaceae;g__Barnesiella;s__Barnesiella_intestinihominis	k__Bacteria;p__Bacteroidetes;c__Bacteroidia;o__Bacteroidales;f__Odoribacteraceae;g__Odoribacter;s__Odoribacter_splanchnicus	k__Bacteria;p__Bacteroidetes;c__Bacteroidia;o__Bacteroidales;f__Bacteroidaceae;g__Bacteroides;s__Bacteroides_salyersiae	k__Bacteria;p__Firmicutes;c__Clostridia;o__Clostridiales;f__Ruminococcaceae;g__Ruminiclostridium;s__[Eubacterium]_siraeum	k__Bacteria;p__Proteobacteria;c__Betaproteobacteria;o__Burkholderiales;f__Sutterellaceae;g__Parasutterella;s__Parasutterella_excrementihominis	k__Bacteria;p__Actinobacteria;c__Actinobacteria;o__Bifidobacteriales;f__Bifidobacteriaceae;g__Bifidobacterium;s__Bifidobacterium_adolescentis	k__Bacteria;p__Firmicutes;c__Clostridia;o__Clostridiales;f__Oscillospiraceae;g__Oscillibacter;s__Oscillibacter_sp._KLE_1745	k__Bacteria;p__Bacteroidetes;c__Bacteroidia;o__Bacteroidales;f__Bacteroidaceae;g__Bacteroides;s__Bacteroides_coprophilus	k__Bacteria;p__Firmicutes;c__Clostridia;o__Clostridiales;f__Lachnospiraceae;g__Roseburia;s__Roseburia_intestinalis	k__Bacteria;p__Firmicutes;c__Clostridia;o__Clostridiales;f__Lachnospiraceae;g__Roseburia;s__Roseburia_hominis	k__Bacteria;p__Bacteroidetes;c__Bacteroidia;o__Bacteroidales;f__Porphyromonadaceae;g__Parabacteroides;s__Parabacteroides_johnsonii	k__Bacteria;p__Actinobacteria;c__Actinobacteria;o__Bifidobacteriales;f__Bifidobacteriaceae;g__Bifidobacterium;s__Bifidobacterium_longum	k__Bacteria;p__Firmicutes;c__Clostridia;o__Clostridiales;f__;g__Flavonifractor;s__Flavonifractor_plautii	k__Bacteria;p__Firmicutes;c__Clostridia;o__Clostridiales;f__Clostridiaceae;g__Clostridium;s__Clostridium_phoceensis	k__Bacteria;p__Verrucomicrobia;c__Verrucomicrobiae;o__Verrucomicrobiales;f__Akkermansiaceae;g__Akkermansia;s__Akkermansia_muciniphila	k__Bacteria;p__Bacteroidetes;c__Bacteroidia;o__Bacteroidales;f__Prevotellaceae;g__Paraprevotella;s__Paraprevotella_xylaniphila	k__Bacteria;p__Firmicutes;c__Clostridia;o__Clostridiales;f__Ruminococcaceae;g__Ruminococcus;s__Ruminococcus_callidus	k__Bacteria;p__Bacteroidetes;c__Bacteroidia;o__Bacteroidales;f__Rikenellaceae;g__Alistipes;s__Alistipes_senegalensis	k__Bacteria;p__Firmicutes;c__Clostridia;o__Clostridiales;f__Lachnospiraceae;g__Blautia;s__Blautia_sp._KLE_1732	k__Bacteria;p__Bacteroidetes;c__Bacteroidia;o__Bacteroidales;f__Bacteroidaceae;g__Bacteroides;s__Bacteroides_oleiciplenus	k__Bacteria;p__Firmicutes;c__Clostridia;o__Clostridiales;f__Ruminococcaceae;g__Ruminococcus;s__Ruminococcus_bicirculans	k__Bacteria;p__Bacteroidetes;c__Bacteroidia;o__Bacteroidales;f__Bacteroidaceae;g__Bacteroides;s__Bacteroides_fluxus	k__Bacteria;p__Bacteroidetes;c__Bacteroidia;o__Bacteroidales;f__Prevotellaceae;g__Prevotella;s__Prevotella_stercorea	k__Bacteria;p__Firmicutes;c__Clostridia;o__Clostridiales;f__Lachnospiraceae;g__Dorea;s__Dorea_longicatena	k__Bacteria;p__Firmicutes;c__Clostridia;o__Clostridiales;f__Eubacteriaceae;g__Eubacterium;s__[Eubacterium]_eligens	k__Bacteria;p__Firmicutes;c__Clostridia;o__Clostridiales;f__Ruminococcaceae;g__;s__Ruminococcaceae_bacterium_D16	k__Bacteria;p__Firmicutes;c__Clostridia;o__Clostridiales;f__Lachnospiraceae;g__Coprococcus;s__Coprococcus_comes	k__Bacteria;p__Proteobacteria;c__Gammaproteobacteria;o__Enterobacterales;f__Enterobacteriaceae;g__Escherichia;s__Escherichia_coli	k__Bacteria;p__Firmicutes;c__Clostridia;o__Clostridiales;f__Ruminococcaceae;g__Anaerotruncus;s__Anaerotruncus_colihominis	k__Bacteria;p__Firmicutes;c__Clostridia;o__Clostridiales;f__Lachnospiraceae;g__Blautia;s__Blautia_obeum	k__Bacteria;p__Bacteroidetes;c__Bacteroidia;o__Bacteroidales;f__Odoribacteraceae;g__Odoribacter;s__Odoribacter_laneus	k__Bacteria;p__Firmicutes;c__Clostridia;o__Clostridiales;f__Ruminococcaceae;g__Ruminiclostridium;s__[Clostridium]_leptum	k__Bacteria;p__Bacteroidetes;c__Bacteroidia;o__Bacteroidales;f__Porphyromonadaceae;g__Parabacteroides;s__Parabacteroides_goldsteinii	k__Bacteria;p__Firmicutes;c__Clostridia;o__Clostridiales;f__Lachnospiraceae;g__Anaerostipes;s__Anaerostipes_hadrus	k__Bacteria;p__Firmicutes;c__Clostridia;o__Clostridiales;f__Ruminococcaceae;g__Ruminococcus;s__Ruminococcus_lactaris	k__Bacteria;p__Firmicutes;c__Clostridia;o__Clostridiales;f__Clostridiaceae;g__Clostridium;s__Clostridium_sp._L2-50	k__Bacteria;p__Firmicutes;c__Clostridia;o__Clostridiales;f__Clostridiaceae;g__Clostridium;s__Clostridium_sp._M62/1	k__Bacteria;p__Firmicutes;c__Clostridia;o__Clostridiales;f__;g__Intestinimonas;s__Intestinimonas_butyriciproducens	k__Bacteria;p__Actinobacteria;c__Actinobacteria;o__Bifidobacteriales;f__Bifidobacteriaceae;g__Bifidobacterium;s__Bifidobacterium_bifidum	k__Bacteria;p__Firmicutes;c__Negativicutes;o__Veillonellales;f__Veillonellaceae;g__Dialister;s__Dialister_invisus	k__Bacteria;p__Bacteroidetes;c__Bacteroidia;o__Bacteroidales;f__Bacteroidaceae;g__Bacteroides;s__Bacteroides_salanitronis
k__Bacteria;p__Bacteroidetes;c__Bacteroidia;o__Bacteroidales;f__Bacteroidaceae;g__Bacteroides;s__Bacteroides_vulgatus	1.0	0.0560896108769	-0.0101646695375	-0.0459046497319	-0.0128763356787	0.0470461271694	0.0162395465962	-0.0117846846721	0.0682288793005	0.0163834655606	0.0451131174533	0.0530354875968	0.00795999453578	-0.0467399915586	-0.0544561190481	0.0417181669843	-0.0233559238252	0.0301109069348	0.0109489484261	-0.00752037041068	0.0276159315767	-0.0171967003178	-0.0383229132045	0.00400083307133	-0.0034829013407	-0.0138767664227	-0.0700656935865	-0.0765388383375	-0.0536844062085	0.00327261033857	0.0214807036223	0.0441888345984	0.0507895617455	-0.052558357989	-0.010431246984	-0.0406992700784	-0.00392418987439	0.0630230261708	-0.00626637675059	-0.0314120121745	0.0287538573309	0.0245673768125	-0.105588243363	-0.0299752545872	-0.0277457358292	7.26384728585e-05	0.0163745489389	-0.0218615169786	-0.028231922578	0.00373098781263	0.00554111825572	-0.0336696442672	-0.043022251454	0.0260129268031	0.0088453303279	-0.0949856203483	0.00524932726138	-0.0170716316436	0.0461495082326
k__Bacteria;p__Bacteroidetes;c__Bacteroidia;o__Bacteroidales;f__Bacteroidaceae;g__Bacteroides;s__Bacteroides_uniformis	0.0560896108769	1.0	-0.0212244344871	0.0355446970294	-0.000677030696912	0.0272736468224	-0.092120061065	-0.00339050368372	0.021081593318	0.00754619574341	0.0247241451563	-0.0563781483514	-0.0353782137667	0.0507882557944	-0.061123910037	0.00419261130867	-0.0218911175949	-0.0458080064597	-0.045256319784	-0.0504244687873	-0.0858641605566	-0.0514849486128	0.0265838494089	-0.0455214067232	0.0134507721196	0.00473779606207	0.0546025896726	-0.0649995342257	-0.0150771089447	0.0418514057867	0.0798888177746	-0.066126185718	-0.0273330727375	0.0442967593364	-0.0390704661988	0.00555338692293	-0.0149575706374	-0.0208611386893	-0.0504444697339	-0.0372498680393	-0.0695686745831	0.0360382725519	-0.0517518679724	0.0169683966629	-0.0217132445448	0.0223562739484	-0.0644001659991	0.0649676953377	0.000547461388546	-0.12663070093	-0.0284011995246	0.0842306024903	0.0667910829904	-0.0279400295886	-0.0380929525178	-0.0352046285457	-0.0011556153796	-0.0317289395	-0.0522821048026
k__Bacteria;p__Bacteroidetes;c__Bacteroidia;o__Bacteroidales;f__Rikenellaceae;g__Alistipes;s__Alistipes_putredinis	-0.0101646695375	-0.0212244344871	1.0	-0.00251491801277	0.0092901322257	-0.0108287930198	0.0177479629857	0.0209051048084	-0.00591604997876	0.0753129344224	-0.0390145067297	0.0835794651366	-0.0737564440031	-0.0933909147892	0.00101458004358	0.0223952685418	0.0150636620054	-0.0528213153334	0.0278737656918	0.0488625862888	-0.054246144066	-0.0218655561468	0.0586765603226	0.00187353828288	0.00616796819761	-0.00529204162411	0.000616839766713	-0.0120487936543	-0.0496218043962	0.0311445990113	-0.0237224761108	-0.0622225644442	-0.056518292611	-0.0257253128417	0.0266415335174	-0.0332587342191	-0.0410179129368	-0.0222529859439	0.00175667443862	-0.0169100037518	-0.117547166159	-0.0291375122259	-0.0081898199214	-0.0141737472341	-0.0431744117384	0.0849984640864	-0.0560269967837	-0.0157750127424	-0.0642601396158	0.0333659957578	-0.00579392956502	0.0225083763388	0.00481269891721	-0.0478348569264	-0.0948514942276	0.0173233807168	0.00546466467272	0.00393208884011	0.0191685150568
k__Bacteria;p__Bacteroidetes;c__Bacteroidia;o__Bacteroidales;f__Prevotellaceae;g__Prevotella;s__Prevotella_copri	-0.0459046497319	0.0355446970294	-0.00251491801277	1.0	0.0704367515797	0.0462008579275	0.038474048037	-0.00607153470249	0.00862932310974	-0.0560282312551	-0.00991900530435	-0.0552813134792	0.0193668468381	-0.0193683187787	-0.0860566910626	-0.0322342384493	-0.0591318919033	-0.0466602965586	0.0457026754998	0.00418448173046	-0.0109068892161	-0.0220776957958	0.0342302831953	-0.00772407860792	-0.0380286039965	-0.0130014879026	-0.0305254836689	-0.00125468711947	-0.0505455107991	-0.0182586615613	0.0667759304391	-0.0601445196338	0.026395875428	-0.0314410455233	-0.0747619147974	-0.0716003591702	0.0235455954633	0.0174994129418	0.047470427814	0.0328502164429	-0.0747512966529	0.00818027013106	-0.0613814284878	0.0461936698752	-0.00130842106458	0.0114342636613	0.0517114434183	0.0744000788354	-0.0282242915744	-0.0121242893426	0.010070021621	0.00453550251575	0.0568388074879	-0.0567065984979	-0.0470611914248	-0.0616705781187	-0.0186639439459	0.0074655343479	0.0291012540489
k__Bacteria;p__Bacteroidetes;c__Bacteroidia;o__Bacteroidales;f__Bacteroidaceae;g__Bacteroides;s__Bacteroides_stercoris	-0.0128763356787	-0.000677030696912	0.0092901322257	0.0704367515797	1.0	-0.0130261085182	0.0427487830554	-0.0362358873931	-0.0153844988109	-0.0165677466071	-0.048682430926	-0.0540224384637	0.03194456861	0.0241143664894	-0.00414060821062	-0.000462703007542	0.0308199394877	0.0845744551462	-0.0621795091691	-0.0592152515794	-0.0326910155217	-0.0959166989593	0.0148892780207	0.0100309890937	0.0425393130026	-0.0369418289136	0.00539697140676	-0.0170822636858	0.0129691896668	-0.0272142560725	0.0194322487456	-0.0159666514931	0.00444800494229	0.0667056591132	0.0203177633022	-0.114993530219	-0.00651273023156	-0.0228906959398	-0.0258860407792	0.0348819271144	-0.041343017943	0.0848818500662	0.0137973862043	-0.06499917119	-0.00623302250706	-0.038946400627	-0.0479156492859	-0.0799714313958	-0.0902911394612	0.00715917434429	-0.00576364265475	-0.0059949662556	-0.0275952268305	-0.0510323378166	-0.0373577570116	-0.0201667017775	-0.0475682374493	-0.00243365718472	0.0737641506887
k__Bacteria;p__Bacteroidetes;c__Bacteroidia;o__Bacteroidales;f__Bacteroidaceae;g__Bacteroides;s__Bacteroides_ovatus	0.0470461271694	0.0272736468224	-0.0108287930198	0.0462008579275	-0.0130261085182	1.0	0.0346966251017	-0.0587882137157	-0.051428910398	0.0112541222968	0.0136120397816	-0.00783006976975	0.0577106724525	0.0252597851047	-0.129016089929	0.0105674591024	-0.00228330665944	-0.0289458120288	0.0300034052814	-0.0523980030269	0.0174813521242	-0.0431870469826	-0.0197162250992	0.00457307258707	-0.0570029221943	-0.071778815518	0.0708673297349	0.0242552712175	-0.0211647169131	-0.0409559007152	-0.000605605253507	-0.0120004393896	-0.0551742803978	-0.026899923456	0.0300314801372	-0.0429269560525	0.023079030313	-0.0311657435342	-0.0187397697189	-0.0318985179186	0.049220968274	0.106177145828	0.0247862263023	-0.0341825051015	-0.0348668723645	0.014515168275	-0.0859551800638	-0.0264450605635	-0.0394628880078	0.0118407052391	0.0225701644881	0.0177281807104	0.00433184336107	-0.0049557493911	-0.0645638814977	-0.0241963036814	0.0265090030189	-0.0707718771111	-0.0462319347786
k__Bacteria;p__Bacteroidetes;c__Bacteroidia;o__Bacteroidales;f__Rikenellaceae;g__Alistipes;s__Alistipes_shahii	0.0162395465962	-0.092120061065	0.0177479629857	0.038474048037	0.0427487830554	0.0346966251017	1.0	0.0142079012214	-0.0804490379188	-0.0590938816758	0.0360882498979	0.00993458532032	0.0579421687831	0.0272816219171	-0.0455767934007	0.000365539768255	0.0696395296412	-0.0476358173186	-0.0329100655619	0.02915864553	0.061871972034	0.019235891853	-0.0146030966032	0.0387280228594	-0.0312959760362	-0.00591535629823	-0.0586860847986	-0.0572061526119	0.0838600593017	-0.0547944811155	0.0164384480081	0.0453574566819	-0.0468084820672	-0.0428667119451	-0.0506213062464	-0.000106601902775	0.0216578626045	-0.0622920257826	-0.0254342802013	-0.00298404733775	0.0730759601149	0.0215099234828	0.0286470941024	0.0161605087331	0.00690004357065	-0.0296630283046	-0.0377338197306	-0.0296995011941	0.0104697722398	0.0392572136021	-0.0903353162574	0.00120645670584	0.0139039908219	-0.051673149736	0.00593308317625	-0.0323872360441	0.0154330647857	-0.0178617858609	0.00644098467593
k__Bacteria;p__Firmicutes;c__Clostridia;o__Clostridiales;f__Ruminococcaceae;g__Faecalibacterium;s__Faecalibacterium_prausnitzii	-0.0117846846721	-0.00339050368372	0.0209051048084	-0.00607153470249	-0.0362358873931	-0.0587882137157	0.0142079012214	1.0	0.0315213451211	-0.0132327248856	0.0318788645547	0.0512450319888	-0.00128551387905	-0.0435881338022	0.0242051992372	-0.0280574036391	-0.0734929589837	-0.0273838263819	-0.0411632713696	0.0330408389694	0.100455574958	-0.0683675828811	-0.0578005892688	-0.019913683075	-0.0170292099844	0.0144482302485	0.00210779121036	-0.0249707558731	-0.0404151880736	0.057970458944	-0.0276789157779	-0.00893101572482	-0.0166286993724	-0.0430867240905	-0.0210140710996	0.0152219822777	-0.0348140932454	0.103781491001	0.0978435419556	0.0346795398047	-0.00158689551508	-0.0227121386733	0.0213332497338	-0.0751597011111	0.0197088732804	-0.0720408398412	-0.0328042177649	-0.0262730987167	0.070276073468	-0.0406630870344	-0.0577917228568	0.0215465566881	0.012972857125	0.0220237966294	-0.0136572240202	-0.0315226042003	0.0101128207257	-0.0289063093663	-0.0785482565052
k__Bacteria;p__Bacteroidetes;c__Bacteroidia;o__Bacteroidales;f__Rikenellaceae;g__Alistipes;s__Alistipes_finegoldii	0.0682288793005	0.021081593318	-0.00591604997876	0.00862932310974	-0.0153844988109	-0.051428910398	-0.0804490379188	0.0315213451211	1.0	-0.00517196493334	-0.0639333386606	-0.0383969936067	-0.058125092324	0.0146415006333	0.0885690752709	-0.0497602223361	-0.078030503247	-0.0217461213133	-0.124727227846	-0.0693514681203	0.0727518300397	-0.0193926991658	0.060094994965	-0.0692550565674	0.0862351750233	-0.0271982981107	-0.0236779555192	0.00938959697594	-0.0537022770735	0.0735120404822	-0.0674195489161	-0.0938655684949	-0.0891266407228	-0.0256129022101	0.0851107024075	-0.0459754477445	-0.0225511540595	0.0490189379515	0.0262511581366	-0.0801186788229	-0.0473991219114	-0.0897386394561	-0.114481283824	0.0600203854426	0.00635080303301	0.0186545952103	-0.0917319637344	0.0404357348725	-0.0645515725359	-0.00827094393136	0.039330808827	-0.0624869914696	0.00801455103939	-0.00348612219924	-0.0248194173232	-0.0734878584883	-0.0289372241356	0.0189107827723	-0.121590196414
k__Bacteria;p__Bacteroidetes;c__Bacteroidia;o__Bacteroidales;f__Porphyromonadaceae;g__Parabacteroides;s__Parabacteroides_distasonis	0.0163834655606	0.00754619574341	0.0753129344224	-0.0560282312551	-0.0165677466071	0.0112541222968	-0.0590938816758	-0.0132327248856	-0.00517196493334	1.0	-0.0960752832114	-0.0421681943588	0.0504113823669	-0.0333876886735	-0.017095191867	-0.0256275366914	-0.0249896843357	0.0715049912485	-0.0331743750423	-0.0154940447128	-0.0590515355737	0.0126586420796	-0.0961250291474	-0.0123401262169	-0.00910088865851	-0.0266886201556	0.00513488276313	-0.0161416821222	0.0506090760686	-0.0386418176545	0.0213020082089	0.0545189757051	0.0101892115468	-0.00111523141475	-0.0760954048919	-0.0377461646476	-0.000673823311192	0.00697140698616	-0.0398040982535	-0.0428915418533	-0.028206344722	0.0208622264171	0.0295358873047	0.0165747448834	0.0245090447678	-0.0230961781435	0.0126871985551	-0.128845867843	-0.0093545727988	0.00128987190542	-0.0205436838548	0.0224437755887	-0.0725216130563	0.0500110072895	0.0146674755724	0.0371863620467	-0.0211249066235	0.00458298020871	-0.0708195118112
k__Bacteria;p__Bacteroidetes;c__Bacteroidia;o__Bacteroidales;f__Bacteroidaceae;g__Bacteroides;s__Bacteroides_thetaiotaomicron	0.0451131174533	0.0247241451563	-0.0390145067297	-0.00991900530435	-0.048682430926	0.0136120397816	0.0360882498979	0.0318788645547	-0.0639333386606	-0.0960752832114	1.0	0.0653859264042	-0.0467791741834	-0.0436581094684	0.0812478423318	-0.0835320525942	-0.0124185560962	-0.0535957855124	-0.00354706774068	-0.0299023581344	0.0669201076491	0.0689350950591	-0.0437255742908	0.0703792416255	0.0102476451094	-0.0166574961793	0.057449770098	-0.0787999392391	-0.037867230293	-0.0126136869855	-0.0402475233554	0.0411979253254	0.0295359829177	-0.0726782304659	0.0183681657701	0.0264505666061	-0.00156660340454	-0.0711510654379	0.0089248281124	0.0585472097854	0.000381416409407	-0.0577525319196	0.00514932743231	-0.0691584203525	-0.0337353731489	0.0358250667231	-0.0654762693467	-0.0383016192244	-0.0126118153116	-0.0113434796561	-0.0323243970211	-0.00601759858227	-0.0319646430145	-0.0606849969737	-0.0652583714179	-0.0215113245758	0.0455304457296	-0.0833380600289	0.0431459973986
k__Bacteria;p__Bacteroidetes;c__Bacteroidia;o__Bacteroidales;f__Bacteroidaceae;g__Bacteroides;s__Bacteroides_coprocola	0.0530354875968	-0.0563781483514	0.0835794651366	-0.0552813134792	-0.0540224384637	-0.00783006976975	0.00993458532032	0.0512450319888	-0.0383969936067	-0.0421681943588	0.0653859264042	1.0	-0.00593858201822	-0.0883463593081	0.010304934074	0.0187382148311	0.012522997634	-0.0429853345278	0.0294214489334	0.0335731553458	-0.066423911407	0.0133550289322	-0.010115449316	0.0935920495403	-0.029583635259	-0.0169590679278	-0.0265200206542	0.0245769539285	-0.018737259214	-0.0965600688726	0.052153100458	-0.0134784806408	-0.0602964675015	-0.0387520329157	0.050617480715	-0.0398417067141	-0.0341261089755	-0.0220889563557	-0.00871987049132	-0.0323118515552	0.0380406759009	0.0156385733166	0.0467408583927	-0.0789616448588	-0.0282869576858	-0.0632391051222	0.0384900113332	0.025296430153	0.00100036668079	-0.0158785793484	-0.054483955821	0.00476538092744	-0.025308383466	-0.0416221310313	-0.0910113465009	-0.066118870479	-0.0165528922323	-0.0607637724181	0.0564882850416
k__Bacteria;p__Bacteroidetes;c__Bacteroidia;o__Bacteroidales;f__Bacteroidaceae;g__Bacteroides;s__Bacteroides_cellulosilyticus	0.00795999453578	-0.0353782137667	-0.0737564440031	0.0193668468381	0.03194456861	0.0577106724525	0.0579421687831	-0.00128551387905	-0.058125092324	0.0504113823669	-0.0467791741834	-0.00593858201822	1.0	-0.0790071386369	0.0385811251972	-0.0317805253077	0.0178535059257	0.00447772155127	-0.0410367956216	-0.0484437504098	-0.0540761043666	-0.0493100997805	-0.0719921990063	0.00679404468253	-0.0209422526638	-0.0470879180075	-0.0341532248571	0.0190213611054	0.0585112659148	0.0428853414501	0.00188767671193	0.0266927277811	0.00949665978253	-0.00870876616372	-0.0425683654424	-0.0251674407968	-0.0312002860842	0.0584980597727	0.0221016737045	0.016039781818	-0.0440884241481	-0.111384183718	-0.110600827088	0.0456470788337	-0.0193299646888	-0.0225883608076	-0.00320549329176	-0.0737657706717	-0.0481339887908	-0.0287155774967	-0.0688608204049	-0.0045516468651	0.00137846100612	-0.0689510035214	-0.0484496395385	0.0605137660943	-0.0530629087779	-0.00585046468796	-0.0409007810679
k__Bacteria;p__Bacteroidetes;c__Bacteroidia;o__Bacteroidales;f__Rikenellaceae;g__Alistipes;s__Alistipes_obesi	-0.0467399915586	0.0507882557944	-0.0933909147892	-0.0193683187787	0.0241143664894	0.0252597851047	0.0272816219171	-0.0435881338022	0.0146415006333	-0.0333876886735	-0.0436581094684	-0.0883463593081	-0.0790071386369	1.0	0.0266109210871	-0.00754688686178	0.140070400562	-0.00158718025634	-0.0312701845744	-0.05834670664	0.0287661749978	0.0314608798433	-0.0250093438025	0.0132641948157	-0.0355067082198	-0.0010471632853	0.0101544086061	0.00590221045661	0.0281788590749	-0.0321908626336	-0.0491101886522	-0.0514907164691	-0.000767823841943	-0.0260814751385	-0.0112148967253	0.0336615261828	-0.0397947888627	-0.0124955269398	0.0128745660769	-0.0168668767647	0.060167580349	-0.00602607878499	0.0679744294753	-0.0711923311511	-0.0351361525136	0.000715646160879	-0.106731498841	-0.0402216304336	0.0405526663902	-0.017176318492	-0.0144430012918	-0.0418903305327	-0.0222392880328	-0.0729651983142	0.00220410760715	-0.014145912196	-0.0203421013831	-0.0263117314939	-0.039964408716
k__Bacteria;p__Firmicutes;c__Clostridia;o__Clostridiales;f__Lachnospiraceae;g__;s__[Eubacterium]_rectale	-0.0544561190481	-0.061123910037	0.00101458004358	-0.0860566910626	-0.00414060821062	-0.129016089929	-0.0455767934007	0.0242051992372	0.0885690752709	-0.017095191867	0.0812478423318	0.010304934074	0.0385811251972	0.0266109210871	1.0	0.00885271837519	-0.0351814596911	-0.0511537367419	-0.0386159433893	0.0113910127565	0.0571494360467	0.0176615375092	-0.0721170673973	-0.0577589669764	0.0466031653663	-0.00323067281568	-0.0108291419091	0.0192951448631	-0.0461454755852	0.0412307474531	-0.026129257354	0.0409023350845	0.0461223448923	-0.0149702331642	0.009249368607	-0.0270016874531	-0.033182790184	-0.0467016669879	0.0435637218011	0.00348383761958	0.0356895077079	0.00920475147458	0.107890302374	-0.0607604075244	-0.0522233446236	-0.0517494601027	-0.0797584865927	0.041881503314	-0.0201030975438	-0.0265747752086	0.0155120602872	0.00760896171937	0.00101249173495	-0.0280060170952	-0.0700151260999	-0.0350522764018	-0.0396521205029	-0.025655324865	-0.0559895292207
k__Bacteria;p__Bacteroidetes;c__Bacteroidia;o__Bacteroidales;f__Bacteroidaceae;g__Bacteroides;s__Bacteroides_plebeius	0.0417181669843	0.00419261130867	0.0223952685418	-0.0322342384493	-0.000462703007542	0.0105674591024	0.000365539768255	-0.0280574036391	-0.0497602223361	-0.0256275366914	-0.0835320525942	0.0187382148311	-0.0317805253077	-0.00754688686178	0.00885271837519	1.0	0.0234513124892	0.0657600989075	-0.0119342862797	0.0154861856616	-0.0347497116069	0.00347881251303	0.0119764174996	0.0342872516329	-0.0195503430068	0.0165841155578	0.00805071459131	0.0281561579545	-0.0488329761047	-0.0125147112966	-0.086548887361	-0.0166035726029	-0.0223754097671	-0.0458763696297	-0.0327146755798	0.00828208115786	-0.0741159320532	0.0146935960534	-0.094805662286	0.0231505388919	-0.0302896705095	-0.0444667221583	-0.0257148426369	0.0204732885972	-0.00250671669226	0.0338737905905	-0.0512943253829	-0.0135805493265	-0.00755373362922	-0.0184472154045	0.00102606962105	-0.00437784311469	0.0527940875952	-0.0208863494598	-0.0164237486025	-0.0675271226511	-0.0306207845368	-0.0271871719813	-0.0439365009609
k__Bacteria;p__Bacteroidetes;c__Bacteroidia;o__Bacteroidales;f__Bacteroidaceae;g__Bacteroides;s__Bacteroides_fragilis	-0.0233559238252	-0.0218911175949	0.0150636620054	-0.0591318919033	0.0308199394877	-0.00228330665944	0.0696395296412	-0.0734929589837	-0.078030503247	-0.0249896843357	-0.0124185560962	0.012522997634	0.0178535059257	0.140070400562	-0.0351814596911	0.0234513124892	1.0	-0.0268360782068	-0.0660265570063	-0.0410039204473	0.0554954276613	-0.0791135405899	-0.029019840763	0.0264964142302	0.0577301613496	-0.0840617121225	0.0288122680212	-0.00782712548449	0.0152386829384	-0.00424554964398	-0.00424314460317	-0.0284321408145	-0.00895437957415	0.0492076648974	-0.0637487746178	0.0108113256118	0.027997774824	-0.00443326302608	-0.0264858808107	-0.0596105791384	-0.0482769524787	-0.0491986420413	0.0300433787423	-0.0638381059178	-0.0115786182781	-0.00696850999926	-0.0366852995814	-0.0183399356823	-0.00744449385628	-0.0744888661487	-0.0136565014216	0.0174970074329	-0.0593042926871	-0.0201073245129	-0.0446410087155	-0.0442131681311	-0.0198268875677	-0.0416413949931	-0.0489509226313
k__Bacteria;p__Proteobacteria;c__Betaproteobacteria;o__Burkholderiales;f__Sutterellaceae;g__Sutterella;s__Sutterella_wadsworthensis	0.0301109069348	-0.0458080064597	-0.0528213153334	-0.0466602965586	0.0845744551462	-0.0289458120288	-0.0476358173186	-0.0273838263819	-0.0217461213133	0.0715049912485	-0.0535957855124	-0.0429853345278	0.00447772155127	-0.00158718025634	-0.0511537367419	0.0657600989075	-0.0268360782068	1.0	-0.0256275362259	0.0672975302924	0.0335378911852	-0.0191714062965	-0.0794577477913	0.0317891124551	0.0417002448243	-0.0317546369423	-0.0217667581903	0.0102879011249	0.0697479235644	-0.0661262168695	0.0036031158276	0.0312554431103	-0.00479411466392	-0.0604946053877	0.0507587012005	-0.0376456872814	-0.0299637067143	-0.0470705523847	0.0194864301762	-0.027893930273	-0.0131004988152	-0.020064111642	-0.0558214279209	-0.0864957817758	-0.0483528077651	0.020129205649	-0.0218471234575	-0.0609556952915	-0.051235914513	-0.0620511579958	-0.0125550912218	-0.00355953535516	0.0339792438832	-0.00520280065484	0.0170613302984	-0.0118346148216	-0.0119683268753	0.0185376813378	-0.0128897341229
k__Bacteria;p__Bacteroidetes;c__Bacteroidia;o__Bacteroidales;f__Porphyromonadaceae;g__Barnesiella;s__Barnesiella_intestinihominis	0.0109489484261	-0.045256319784	0.0278737656918	0.0457026754998	-0.0621795091691	0.0300034052814	-0.0329100655619	-0.0411632713696	-0.124727227846	-0.0331743750423	-0.00354706774068	0.0294214489334	-0.0410367956216	-0.0312701845744	-0.0386159433893	-0.0119342862797	-0.0660265570063	-0.0256275362259	1.0	0.0113297106887	-0.0585437220972	0.0920421247246	-0.0394911895101	-0.00339635508953	-0.0836367556097	0.0408816023919	0.0419303284813	-0.107807439649	0.116723817965	0.0196207571445	0.0241053737939	-0.0322279377277	0.0430839069868	-0.0151462052118	-0.0643776830268	-0.0290270854918	0.01543982676	0.00769947767244	0.0012166633686	-0.0331285894921	-0.00676934286207	-0.02082937165	-0.0661454372824	-0.00174937679113	-0.0692981114823	-0.0686057531415	-0.0257951593727	-0.00238225434741	0.00471679438786	0.0691002693222	0.00807428180038	-0.0672470497305	-0.0611287013811	-0.0208208641299	0.0559960173387	-0.0137266593192	-0.0700348428507	0.0136836874616	0.055233445814
k__Bacteria;p__Bacteroidetes;c__Bacteroidia;o__Bacteroidales;f__Odoribacteraceae;g__Odoribacter;s__Odoribacter_splanchnicus	-0.00752037041068	-0.0504244687873	0.0488625862888	0.00418448173046	-0.0592152515794	-0.0523980030269	0.02915864553	0.0330408389694	-0.0693514681203	-0.0154940447128	-0.0299023581344	0.0335731553458	-0.0484437504098	-0.05834670664	0.0113910127565	0.0154861856616	-0.0410039204473	0.0672975302924	0.0113297106887	1.0	0.00894463369376	0.0141285311305	0.00586671280563	-0.0447656704933	-0.0047707668931	0.040818273721	-0.0687377639551	0.00646800930021	-0.0168733304377	-0.0163216309145	0.0118649096526	-0.0207272596098	0.0171422059994	0.0672383587165	0.00104162978076	0.0708724076471	-0.0466075307116	-0.00168481002272	0.0489340160492	-0.0798953228697	-0.0985959749872	0.0399708790478	-0.00418484764116	0.000529741351245	0.0146485446397	0.0325257427972	0.0171805060128	-0.0899066332174	-0.00503038643717	0.0350033284068	-0.0236087847015	-0.0120925525345	-0.133572250439	0.00875476283951	-0.0251388259875	0.0270853220297	0.059593103579	-0.00988776070555	0.0613906292466
k__Bacteria;p__Bacteroidetes;c__Bacteroidia;o__Bacteroidales;f__Bacteroidaceae;g__Bacteroides;s__Bacteroides_salyersiae	0.0276159315767	-0.0858641605566	-0.054246144066	-0.0109068892161	-0.0326910155217	0.0174813521242	0.061871972034	0.100455574958	0.0727518300397	-0.0590515355737	0.0669201076491	-0.066423911407	-0.0540761043666	0.0287661749978	0.0571494360467	-0.0347497116069	0.0554954276613	0.0335378911852	-0.0585437220972	0.00894463369376	1.0	-0.0139112860122	0.0105458383715	0.0144645255125	-0.00351528767707	-0.0712821071712	0.0347955709356	-0.00296186844498	-0.0856763951318	-0.0258014333671	-0.0102553787342	0.00439306262914	-0.00743625641298	-0.0907920039239	-0.065120138818	-0.0432870885767	-0.0618439454723	-0.0606262093656	0.040521562515	-0.0842770584158	0.00591636238184	0.00614784707058	-0.00138953704268	-0.0757851219721	0.0757346655777	0.0405904116803	0.0280325183095	-0.0122649431696	-0.0475443917555	0.0124112654901	0.00726488586535	-0.028013853977	0.0283164891505	0.00110447556798	-0.0803319582728	-0.0161419897761	0.0298226380757	-0.0528996131845	-0.111611395897
k__Bacteria;p__Firmicutes;c__Clostridia;o__Clostridiales;f__Ruminococcaceae;g__Ruminiclostridium;s__[Eubacterium]_siraeum	-0.0171967003178	-0.0514849486128	-0.0218655561468	-0.0220776957958	-0.0959166989593	-0.0431870469826	0.019235891853	-0.0683675828811	-0.0193926991658	0.0126586420796	0.0689350950591	0.0133550289322	-0.0493100997805	0.0314608798433	0.0176615375092	0.00347881251303	-0.0791135405899	-0.0191714062965	0.0920421247246	0.0141285311305	-0.0139112860122	1.0	-0.0289807154315	-0.0250171834763	-0.0096564749006	-0.0236856902337	-0.00618305357822	-0.0194960415613	-0.0417524727995	0.0541606714804	-0.0279788302854	0.0721906123745	-0.0592842661509	-0.0179230873537	-0.0116227457421	0.0125302110549	-0.0583343209528	0.0180000477028	-0.0260762664134	-0.0250104131538	-0.0644608473536	-0.0655385794072	0.00135374401355	-0.00181473691857	-0.00627351733577	0.0183934780389	-0.0204988767134	0.0705267908285	-0.100842642943	0.0568374239571	0.0226322174591	-0.0397481750003	-0.0227542321273	-0.0263555759857	0.000627768817015	-0.0533843878045	-0.062772270498	-0.0172331123408	0.0160867634843
k__Bacteria;p__Proteobacteria;c__Betaproteobacteria;o__Burkholderiales;f__Sutterellaceae;g__Parasutterella;s__Parasutterella_excrementihominis	-0.0383229132045	0.0265838494089	0.0586765603226	0.0342302831953	0.0148892780207	-0.0197162250992	-0.0146030966032	-0.0578005892688	0.060094994965	-0.0961250291474	-0.0437255742908	-0.010115449316	-0.0719921990063	-0.0250093438025	-0.0721170673973	0.0119764174996	-0.029019840763	-0.0794577477913	-0.0394911895101	0.00586671280563	0.0105458383715	-0.0289807154315	1.0	-0.0484043272484	-0.0787133167108	-0.0393889197026	-0.0182553304782	0.039546050469	0.0259814064011	0.0577224231531	-0.00529942511866	-0.0517128438113	0.0157127497463	-0.00363187077453	0.0143596432075	0.00154491815053	-0.0169107975973	-0.0212063145682	-0.0773086709931	-0.0396169230253	0.0194743416225	0.00446999645802	-0.0484055419778	0.0246052856438	0.0248168274006	0.0452356030201	0.00954222478769	0.0513999366637	-0.0248447693365	-0.0156704043996	0.042724661722	-0.0758422841718	-0.0695049041576	0.0114079431748	-0.0240072667227	0.0378336313586	-0.0200141145347	-0.0681244172857	-0.00233910906901
k__Bacteria;p__Actinobacteria;c__Actinobacteria;o__Bifidobacteriales;f__Bifidobacteriaceae;g__Bifidobacterium;s__Bifidobacterium_adolescentis	0.00400083307133	-0.0455214067232	0.00187353828288	-0.00772407860792	0.0100309890937	0.00457307258707	0.0387280228594	-0.019913683075	-0.0692550565674	-0.0123401262169	0.0703792416255	0.0935920495403	0.00679404468253	0.0132641948157	-0.0577589669764	0.0342872516329	0.0264964142302	0.0317891124551	-0.00339635508953	-0.0447656704933	0.0144645255125	-0.0250171834763	-0.0484043272484	1.0	-0.0236487100176	-0.0333006785185	-0.0299457305177	-0.0603361470423	-0.0139049182252	-0.0943544775361	0.0490104564034	-0.0552477612875	-0.0100452542056	0.0037743857454	-0.0264949822269	-0.112366460841	-0.00584773604881	0.00662579860199	-0.0235130185018	0.00983927232596	-0.0513560637327	-0.0207105145527	0.013349481981	-0.0579914941201	-0.0419255589847	-0.0333015729603	0.0365605043981	0.0360634520721	-0.000649529737768	-0.0634039121193	-0.0136049325756	-0.0770966501246	-0.0429863004408	0.0291632283672	-0.0258988626712	0.00311327703987	0.101011504206	0.0856412765376	-0.0386175159141
k__Bacteria;p__Firmicutes;c__Clostridia;o__Clostridiales;f__Oscillospiraceae;g__Oscillibacter;s__Oscillibacter_sp._KLE_1745	-0.0034829013407	0.0134507721196	0.00616796819761	-0.0380286039965	0.0425393130026	-0.0570029221943	-0.0312959760362	-0.0170292099844	0.0862351750233	-0.00910088865851	0.0102476451094	-0.029583635259	-0.0209422526638	-0.0355067082198	0.0466031653663	-0.0195503430068	0.0577301613496	0.0417002448243	-0.0836367556097	-0.0047707668931	-0.00351528767707	-0.0096564749006	-0.0787133167108	-0.0236487100176	1.0	0.0421666832397	0.0391742010935	-0.0317135133797	-0.0876699586006	-0.00904189551258	-0.0717769498345	-0.0458891543962	-0.0388985413519	-0.0428153833796	-0.0337323285987	0.0205064930072	0.0260091453241	0.0322195860675	-0.0252213205767	-0.0617174632506	0.0180330285168	-0.0361176161299	-0.0438642654539	-0.0365215471565	-0.0213366224067	0.000440576003217	-0.0143047323566	0.0155378283414	-0.0709300210089	-0.0102583389094	0.027502701635	0.0210363127948	0.0207351381651	0.012530759248	-0.0361216610083	0.0367758239165	0.012541643915	-0.0213892280281	0.0389412190361
k__Bacteria;p__Bacteroidetes;c__Bacteroidia;o__Bacteroidales;f__Bacteroidaceae;g__Bacteroides;s__Bacteroides_coprophilus	-0.0138767664227	0.00473779606207	-0.00529204162411	-0.0130014879026	-0.0369418289136	-0.071778815518	-0.00591535629823	0.0144482302485	-0.0271982981107	-0.0266886201556	-0.0166574961793	-0.0169590679278	-0.0470879180075	-0.0010471632853	-0.00323067281568	0.0165841155578	-0.0840617121225	-0.0317546369423	0.0408816023919	0.040818273721	-0.0712821071712	-0.0236856902337	-0.0393889197026	-0.0333006785185	0.0421666832397	1.0	-0.00434147176933	0.0587790317514	-0.0296768073561	0.020584175491	0.0383933813525	-0.0373798991144	-0.0382158824313	-0.0834987855184	0.0267477797268	-0.119862570584	-0.044327513727	0.0552991893279	0.0044803095595	-0.0147941533849	-0.014668454501	0.0228770967343	0.0389638704139	0.012594187713	0.0617917498632	-0.0140272381143	-0.00255808099228	0.0431730932475	-0.0428963626783	-0.0195177886062	-0.0228499466411	0.00414536012067	0.0294517192615	-0.00378277558344	-0.0215119959994	0.0126564726425	-0.0206384280223	0.0560806397113	-0.068827179645
k__Bacteria;p__Firmicutes;c__Clostridia;o__Clostridiales;f__Lachnospiraceae;g__Roseburia;s__Roseburia_intestinalis	-0.0700656935865	0.0546025896726	0.000616839766713	-0.0305254836689	0.00539697140676	0.0708673297349	-0.0586860847986	0.00210779121036	-0.0236779555192	0.00513488276313	0.057449770098	-0.0265200206542	-0.0341532248571	0.0101544086061	-0.0108291419091	0.00805071459131	0.0288122680212	-0.0217667581903	0.0419303284813	-0.0687377639551	0.0347955709356	-0.00618305357822	-0.0182553304782	-0.0299457305177	0.0391742010935	-0.00434147176933	1.0	0.0410975171017	-0.0288277036705	0.0326406677405	-0.0473358744921	0.012517286833	0.0250249368781	-0.020113932883	0.00577363980227	0.0360991012196	-0.0061686056523	0.0222480527374	-0.079270289592	-0.0861350028145	-0.0542325182989	-0.00850786872826	0.00598529398755	0.0318828044756	-0.070934275529	-0.0327559671095	0.0124583379448	-2.95632623443e-05	0.0581420199569	-0.00913825449462	0.0452514701851	0.0480208351276	-0.0246793236156	0.0544670609546	0.0245386017248	0.000931183849649	-0.0922450770644	0.038562012211	-0.0113638364467
k__Bacteria;p__Firmicutes;c__Clostridia;o__Clostridiales;f__Lachnospiraceae;g__Roseburia;s__Roseburia_hominis	-0.0765388383375	-0.0649995342257	-0.0120487936543	-0.00125468711947	-0.0170822636858	0.0242552712175	-0.0572061526119	-0.0249707558731	0.00938959697594	-0.0161416821222	-0.0787999392391	0.0245769539285	0.0190213611054	0.00590221045661	0.0192951448631	0.0281561579545	-0.00782712548449	0.0102879011249	-0.107807439649	0.00646800930021	-0.00296186844498	-0.0194960415613	0.039546050469	-0.0603361470423	-0.0317135133797	0.0587790317514	0.0410975171017	1.0	-0.0386731233118	-0.00787838532304	-0.0378284908321	0.0743350889486	0.00812005663055	0.0137680910752	-0.0515017125508	-0.00445188625828	-0.0272456185351	-0.00836703803956	-0.0741922265883	0.0132794167312	0.0187603608115	0.00697408649011	0.0150244510271	-0.00844231091929	0.0119277398156	0.010009287177	0.0909164386296	-0.00852467894858	-0.0115611444852	-0.0346167382396	0.00473094618924	0.0435081159353	-0.0621566704375	0.00439293439611	0.024700623665	0.119995095892	-0.0577884613282	0.0239089088942	-0.0379204694732
k__Bacteria;p__Bacteroidetes;c__Bacteroidia;o__Bacteroidales;f__Porphyromonadaceae;g__Parabacteroides;s__Parabacteroides_johnsonii	-0.0536844062085	-0.0150771089447	-0.0496218043962	-0.0505455107991	0.0129691896668	-0.0211647169131	0.0838600593017	-0.0404151880736	-0.0537022770735	0.0506090760686	-0.037867230293	-0.018737259214	0.0585112659148	0.0281788590749	-0.0461454755852	-0.0488329761047	0.0152386829384	0.0697479235644	0.116723817965	-0.0168733304377	-0.0856763951318	-0.0417524727995	0.0259814064011	-0.0139049182252	-0.0876699586006	-0.0296768073561	-0.0288277036705	-0.0386731233118	1.0	-0.0304005470752	-0.0142674450016	0.0449780449898	0.00401250823741	0.0452719621919	-0.0270399223536	0.00597366950276	0.0289893129766	-0.033625657539	0.0211748623228	0.0246097413342	-0.0422479850353	-0.0513925343352	-0.0688759614677	0.0305747361434	-0.0923324047602	-0.00645332289848	-0.0365743490237	-0.000551870059863	-0.0670970993265	-0.0713993370945	-0.061831700802	0.0449006628671	-0.046209618379	0.012959046846	0.0871435442029	0.0199637195123	-0.0773034245776	-0.00204896657569	0.032217063058
k__Bacteria;p__Actinobacteria;c__Actinobacteria;o__Bifidobacteriales;f__Bifidobacteriaceae;g__Bifidobacterium;s__Bifidobacterium_longum	0.00327261033857	0.0418514057867	0.0311445990113	-0.0182586615613	-0.0272142560725	-0.0409559007152	-0.0547944811155	0.057970458944	0.0735120404822	-0.0386418176545	-0.0126136869855	-0.0965600688726	0.0428853414501	-0.0321908626336	0.0412307474531	-0.0125147112966	-0.00424554964398	-0.0661262168695	0.0196207571445	-0.0163216309145	-0.0258014333671	0.0541606714804	0.0577224231531	-0.0943544775361	-0.00904189551258	0.020584175491	0.0326406677405	-0.00787838532304	-0.0304005470752	1.0	0.117511887628	-0.0530178029055	-0.0746795451903	0.0391745737063	0.0511248298672	0.0429002292532	-0.00778004606591	0.00320823649301	-0.0274038380035	-0.0155001053069	-0.0704060529086	-0.0322442345122	-0.00933237755833	-0.0194209401375	-0.0736385851382	0.0114236275959	0.0073374300709	-0.0396083790715	-0.00552238848969	0.0135418455118	0.00148648963618	-0.0781714043268	0.0101571283747	-0.0411638449922	-0.0345079858193	-0.103064165249	0.0940721209806	-0.106691670338	-0.0838701863005
