#taxonomy	k__Bacteria;p__Bacteroidetes;c__Bacteroidia;o__Bacteroidales;f__Bacteroidaceae;g__Bacteroides;s__Bacteroides_vulgatus	k__Bacteria;p__Bacteroidetes;c__Bacteroidia;o__Bacteroidales;f__Bacteroidaceae;g__Bacteroides;s__Bacteroides_uniformis	k__Bacteria;p__Bacteroidetes;c__Bacteroidia;o__Bacteroidales;f__Rikenellaceae;g__Alistipes;s__Alistipes_putredinis	k__Bacteria;p__Bacteroidetes;c__Bacteroidia;o__Bacteroidales;f__Prevotellaceae;g__Prevotella;s__Prevotella_copri	k__Bacteria;p__Bacteroidetes;c__Bacteroidia;o__Bacteroidales;f__Bacteroidaceae;g__Bacteroides;s__Bacteroides_stercoris	k__Bacteria;p__Bacteroidetes;c__Bacteroidia;o__Bacteroidales;f__Bacteroidaceae;g__Bacteroides;s__Bacteroides_ovatus	k__Bacteria;p__Bacteroidetes;c__Bacteroidia;o__Bacteroidales;f__Rikenellaceae;g__Alistipes;s__Alistipes_shahii	k__Bacteria;p__Firmicutes;c__Clostridia;o__Clostridiales;f__Ruminococcaceae;g__Faecalibacterium;s__Faecalibacterium_prausnitzii	k__Bacteria;p__Bacteroidetes;c__Bacteroidia;o__Bacteroidales;f__Rikenellaceae;g__Alistipes;s__Alistipes_finegoldii	k__Bacteria;p__Bacteroidetes;c__Bacteroidia;o__Bacteroidales;f__Porphyromonadaceae;g__Parabacteroides;s__Parabacteroides_distasonis	k__Bacteria;p__Bacteroidetes;c__Bacteroidia;o__Bacteroidales;f__Bacteroidaceae;g__Bacteroides;s__Bacteroides_thetaiotaomicron	k__Bacteria;p__Bacteroidetes;c__Bacteroidia;o__Bacteroidales;f__Bacteroidaceae;g__Bacteroides;s__Bacteroides_coprocola	k__Bacteria;p__Bacteroidetes;c__Bacteroidia;o__Bacteroidales;f__Bacteroidaceae;g__Bacteroides;s__Bacteroides_cellulosilyticus	k__Bacteria;p__Bacteroidetes;c__Bacteroidia;o__Bacteroidales;f__Rikenellaceae;g__Alistipes;s__Alistipes_obesi	k__Bacteria;p__Firmicutes;c__Clostridia;o__Clostridiales;f__Lachnospiraceae;g__;s__[Eubacterium]_rectale	k__Bacteria;p__Bacteroidetes;c__Bacteroidia;o__Bacteroidales;f__Bacteroidaceae;g__Bacteroides;s__Bacteroides_plebeius	k__Bacteria;p__Bacteroidetes;c__Bacteroidia;o__Bacteroidales;f__Bacteroidaceae;g__Bacteroides;s__Bacteroides_fragilis	k__Bacteria;p__Proteobacteria;c__Betaproteobacteria;o__Burkholderiales;f__Sutterellaceae;g__Sutterella;s__Sutterella_wadsworthensis	k__Bacteria;p__Bacteroidetes;c__Bacteroidia;o__Bacteroidales;f__Porphyromonadaceae;g__Barnesiella;s__Barnesiella_intestinihominis	k__Bacteria;p__Bacteroidetes;c__Bacteroidia;o__Bacteroidales;f__Odoribacteraceae;g__Odoribacter;s__Odoribacter_splanchnicus	k__Bacteria;p__Bacteroidetes;c__Bacteroidia;o__Bacteroidales;f__Bacteroidaceae;g__Bacteroides;s__Bacteroides_salyersiae	k__Bacteria;p__Firmicutes;c__Clostridia;o__Clostridiales;f__Ruminococcaceae;g__Ruminiclostridium;s__[Eubacterium]_siraeum	k__Bacteria;p__Proteobacteria;c__Betaproteobacteria;o__Burkholderiales;f__Sutterellaceae;g__Parasutterella;s__Parasutterella_excrementihominis	k__Bacteria;p__Actinobacteria;c__Actinobacteria;o__Bifidobacteriales;f__Bifidobacteriaceae;g__Bifidobacterium;s__Bifidobacterium_adolescentis	k__Bacteria;p__Firmicutes;c__Clostridia;o__Clostridiales;f__Oscillospiraceae;g__Oscillibacter;s__Oscillibacter_sp._KLE_1745	k__Bacteria;p__Bacteroidetes;c__Bacteroidia;o__Bacteroidales;f__Bacteroidaceae;g__Bacteroides;s__Bacteroides_coprophilus	k__Bacteria;p__Firmicutes;c__Clostridia;o__Clostridiales;f__Lachnospiraceae;g__Roseburia;s__Roseburia_intestinalis	k__Bacteria;p__Firmicutes;c__Clostridia;o__Clostridiales;f__Lachnospiraceae;g__Roseburia;s__Roseburia_hominis	k__Bacteria;p__Bacteroidetes;c__Bacteroidia;o__Bacteroidales;f__Porphyromonadaceae;g__Parabacteroides;s__Parabacteroides_johnsonii	k__Bacteria;p__Actinobacteria;c__Actinobacteria;o__Bifidobacteriales;f__Bifidobacteriaceae;g__Bifidobacterium;s__Bifidobacterium_longum	k__Bacteria;p__Firmicutes;c__Clostridia;o__Clostridiales;f__;g__Flavonifractor;s__Flavonifractor_plautii	k__Bacteria;p__Firmicutes;c__Clostridia;o__Clostridiales;f__Clostridiaceae;g__Clostridium;s__Clostridium_phoceensis	k__Bacteria;p__Verrucomicrobia;c__Verrucomicrobiae;o__Verrucomicrobiales;f__Akkermansiaceae;g__Akkermansia;s__Akkermansia_muciniphila	k__Bacteria;p__Bacteroidetes;c__Bacteroidia;o__Bacteroidales;f__Prevotellaceae;g__Paraprevotella;s__Paraprevotella_xylaniphila	k__Bacteria;p__Firmicutes;c__Clostridia;o__Clostridiales;f__Ruminococcaceae;g__Ruminococcus;s__Ruminococcus_callidus	k__Bacteria;p__Bacteroidetes;c__Bacteroidia;o__Bacteroidales;f__Rikenellaceae;g__Alistipes;s__Alistipes_senegalensis	k__Bacteria;p__Firmicutes;c__Clostridia;o__Clostridiales;f__Lachnospiraceae;g__Blautia;s__Blautia_sp._KLE_1732	k__Bacteria;p__Bacteroidetes;c__Bacteroidia;o__Bacteroidales;f__Bacteroidaceae;g__Bacteroides;s__Bacteroides_oleiciplenus	k__Bacteria;p__Firmicutes;c__Clostridia;o__Clostridiales;f__Ruminococcaceae;g__Ruminococcus;s__Ruminococcus_bicirculans	k__Bacteria;p__Bacteroidetes;c__Bacteroidia;o__Bacteroidales;f__Bacteroidaceae;g__Bacteroides;s__Bacteroides_fluxus	k__Bacteria;p__Bacteroidetes;c__Bacteroidia;o__Bacteroidales;f__Prevotellaceae;g__Prevotella;s__Prevotella_stercorea	k__Bacteria;p__Firmicutes;c__Clostridia;o__Clostridiales;f__Lachnospiraceae;g__Dorea;s__Dorea_longicatena	k__Bacteria;p__Firmicutes;c__Clostridia;o__Clostridiales;f__Eubacteriaceae;g__Eubacterium;s__[Eubacterium]_eligens	k__Bacteria;p__Firmicutes;c__Clostridia;o__Clostridiales;f__Ruminococcaceae;g__;s__Ruminococcaceae_bacterium_D16	k__Bacteria;p__Firmicutes;c__Clostridia;o__Clostridiales;f__Lachnospiraceae;g__Coprococcus;s__Coprococcus_comes	k__Bacteria;p__Proteobacteria;c__Gammaproteobacteria;o__Enterobacterales;f__Enterobacteriaceae;g__Escherichia;s__Escherichia_coli	k__Bacteria;p__Firmicutes;c__Clostridia;o__Clostridiales;f__Ruminococcaceae;g__Anaerotruncus;s__Anaerotruncus_colihominis	k__Bacteria;p__Firmicutes;c__Clostridia;o__Clostridiales;f__Lachnospiraceae;g__Blautia;s__Blautia_obeum	k__Bacteria;p__Bacteroidetes;c__Bacteroidia;o__Bacteroidales;f__Odoribacteraceae;g__Odoribacter;s__Odoribacter_laneus	k__Bacteria;p__Firmicutes;c__Clostridia;o__Clostridiales;f__Ruminococcaceae;g__Ruminiclostridium;s__[Clostridium]_leptum	k__Bacteria;p__Bacteroidetes;c__Bacteroidia;o__Bacteroidales;f__Porphyromonadaceae;g__Parabacteroides;s__Parabacteroides_goldsteinii	k__Bacteria;p__Firmicutes;c__Clostridia;o__Clostridiales;f__Lachnospiraceae;g__Anaerostipes;s__Anaerostipes_hadrus	k__Bacteria;p__Firmicutes;c__Clostridia;o__Clostridiales;f__Ruminococcaceae;g__Ruminococcus;s__Ruminococcus_lactaris	k__Bacteria;p__Firmicutes;c__Clostridia;o__Clostridiales;f__Clostridiaceae;g__Clostridium;s__Clostridium_sp._L2-50	k__Bacteria;p__Firmicutes;c__Clostridia;o__Clostridiales;f__Clostridiaceae;g__Clostridium;s__Clostridium_sp._M62/1	k__Bacteria;p__Firmicutes;c__Clostridia;o__Clostridiales;f__;g__Intestinimonas;s__Intestinimonas_butyriciproducens	k__Bacteria;p__Actinobacteria;c__Actinobacteria;o__Bifidobacteriales;f__Bifidobacteriaceae;g__Bifidobacterium;s__Bifidobacterium_bifidum	k__Bacteria;p__Firmicutes;c__Negativicutes;o__Veillonellales;f__Veillonellaceae;g__Dialister;s__Dialister_invisus	k__Bacteria;p__Bacteroidetes;c__Bacteroidia;o__Bacteroidales;f__Bacteroidaceae;g__Bacteroides;s__Bacteroides_salanitronis
k__Bacteria;p__Bacteroidetes;c__Bacteroidia;o__Bacteroidales;f__Bacteroidaceae;g__Bacteroides;s__Bacteroides_vulgatus	1.0	0.0633011044237	-0.0242896982934	-0.0683231224776	-0.0456686117117	0.0565191604468	0.0292299034708	0.0328839462356	0.0286967597319	0.00733774150838	-0.0594660912788	-0.0712920532434	-0.0322585800746	0.0413553780579	-0.0746126556608	-0.0786104443844	-0.0343496663926	-0.065542848665	-0.0374010752646	0.0700407556468	-0.0633142881539	0.018943823878	0.0399232950857	-0.0379366402112	-0.0125403222651	-0.0540459485814	0.00963125532397	0.0341452665249	0.00285154996378	0.0861019487798	0.0367081067088	-0.0506711311183	0.00907110382878	-0.0606143230966	0.0492612101266	0.00616443123066	-0.0510531424307	-0.0152108460712	-0.110211823223	-0.00101494150166	-0.122373794018	-0.00987435256497	0.0473781429194	0.00913183474115	-0.0786420689975	0.0474523076306	0.0142540929972	-0.000968597387643	0.0740048564259	0.00338671135161	-0.0841551333668	-0.0220309642271	0.0423135036508	-0.0470268892827	0.0411866071838	-0.0243385974816	-0.0381062386481	0.0318852376609	0.0450168808275
k__Bacteria;p__Bacteroidetes;c__Bacteroidia;o__Bacteroidales;f__Bacteroidaceae;g__Bacteroides;s__Bacteroides_uniformis	0.0633011044237	1.0	-0.00561331842898	0.0201043952234	0.0140888732267	-0.0137641099075	-0.0408989518727	-0.0656703690933	-0.0313789540236	-0.0235832997698	0.0828720104791	-0.0112594048894	-0.000715411541593	-0.0207701361787	-0.110149740201	0.0123208415162	-0.0247053639322	-0.0819661676376	0.0102001641076	-0.0102879556675	-0.0320126996882	-0.0593250658143	0.0143394627775	0.00820467523608	0.0663823001597	-0.0463617118945	0.0314111921456	-0.0846043858545	-0.0934090811952	-0.0350691055919	0.0141731273269	0.044001095018	-0.0407693345745	-0.0481782063634	-0.0225131914182	-0.0263249153662	-0.00251549412057	0.0385526843354	-0.0238620373118	-0.0174011887313	0.00816156780602	-0.00217667412131	0.0126569251492	-0.0553042869829	0.0800420599297	0.034293453356	-0.0417037844424	-0.0154231913948	0.0121665575635	0.0634258786955	-0.0288810149457	-0.0628999879946	-0.00584207018334	-0.00343036868903	0.0348248959985	0.00964468376089	-0.00313136782296	-0.0177244427417	0.0209217905544
k__Bacteria;p__Bacteroidetes;c__Bacteroidia;o__Bacteroidales;f__Rikenellaceae;g__Alistipes;s__Alistipes_putredinis	-0.0242896982934	-0.00561331842898	1.0	-0.0245188024483	-0.0130041691353	-0.0166674647651	-0.034425007062	-0.0178386574138	0.0117366585496	0.0260681897308	-0.106027064691	0.0281910982712	-0.0247977138381	-0.0159287467568	-0.0564566546561	-0.0964064912507	-0.0659287929755	0.0109801198506	0.051294048517	0.0607139200591	0.0203415507902	-0.0286486215077	0.0171970138272	-0.053112533281	0.0385056967599	0.0637508189227	-0.00795887371912	-0.0689770404323	-0.00318507507494	-0.0371052521387	-0.0177563569821	0.00281657450583	-0.0436806726649	-0.0127757729196	-0.00801301877916	-0.0226467727062	-0.0164796893551	0.00933498497079	-0.00316135555695	0.0519294068837	-0.0629767718591	0.0531094561429	-0.0144101945415	0.0449728136973	-0.0272402718108	-0.00146816943526	-0.0362193441653	-0.0198293210437	0.00204866983071	0.0298955266017	0.0340609321208	-0.0243833476422	-0.0632789943154	-0.0233810778327	-0.044583935593	-0.0238319692875	-0.0897331974514	0.051714874556	0.00499796172125
k__Bacteria;p__Bacteroidetes;c__Bacteroidia;o__Bacteroidales;f__Prevotellaceae;g__Prevotella;s__Prevotella_copri	-0.0683231224776	0.0201043952234	-0.0245188024483	1.0	0.0459807216319	-0.027667661693	-0.00611668037093	0.0314539931253	-0.0406035535506	-0.0314114836364	-0.0200009784005	0.0530354572388	0.000702775010297	-0.00779773577542	0.0359453544939	-0.0669667115574	0.018284645708	-0.027590839078	-0.00452358422098	-0.0187256208423	-0.0841317837373	-0.00735657955158	-0.0437255672297	0.00950733198051	-0.0489702844905	0.0226254949043	-0.0332621164753	-0.0258611572201	-0.0341115223667	-0.0237452562798	0.059023389446	-0.0403211325283	0.0115151172664	0.0502658112638	-0.0512976628081	0.0152934052156	-0.00165270672177	-0.0168335478322	0.0250589039185	-0.0353635415167	-0.000717756761494	0.00282187941265	-0.0701132112362	0.0462641180532	0.0678265737105	-0.0023786976561	0.029891460563	-0.020583387936	-0.0341177472956	0.0805306334204	0.0195994267256	-0.102712560391	-0.0367479317813	-0.0519772248199	0.00176729522379	-0.0332018983843	-0.0710761571034	-0.0103987156101	-0.0769071746998
k__Bacteria;p__Bacteroidetes;c__Bacteroidia;o__Bacteroidales;f__Bacteroidaceae;g__Bacteroides;s__Bacteroides_stercoris	-0.0456686117117	0.0140888732267	-0.0130041691353	0.0459807216319	1.0	-0.0175998705908	-0.00625861982086	-0.0129229362111	0.0166419210257	0.0187015006687	-0.0150653510811	-0.0305249381052	-0.0904971883947	-0.0171400075899	-0.0914456584559	0.0106851317942	-0.0567271209198	-3.56894539479e-05	-0.0107866789542	-0.0320179635221	0.0193459733413	-0.00947393172353	-0.0166907370543	0.00524951438823	-0.0164165713358	0.0498692647908	-0.0794467928553	-0.0706643600773	-0.0459477800488	-0.010855511526	-0.00996664212694	-0.0111734967587	0.0643124097142	0.0295716093042	-0.0200190891405	0.00921199375562	0.012715265477	0.0362049644584	-0.0353484541813	-0.0398620328732	0.0933980396038	-0.0879268429134	-0.00959970555896	-0.0164515132219	-0.0235410078702	-0.024973649223	0.0222037738468	0.0320506233571	-0.0199816711508	-0.045072856928	0.0274404639616	-0.0627400113129	-0.0441925583931	0.0237931502749	0.0204810908531	-0.0240747247598	-0.00484806202566	0.0244587690331	0.00164024823948
k__Bacteria;p__Bacteroidetes;c__Bacteroidia;o__Bacteroidales;f__Bacteroidaceae;g__Bacteroides;s__Bacteroides_ovatus	0.0565191604468	-0.0137641099075	-0.0166674647651	-0.027667661693	-0.0175998705908	1.0	-0.0750496957061	-0.0595645707029	0.018924125984	-0.00682518014637	0.0163325755436	-0.00621494441883	-0.0513470073038	0.01381062495	0.0171819521725	0.0465826635904	-0.0316700238686	0.0153380007911	0.0254675675791	0.00812079161708	-0.0262581478619	0.0124501851234	-0.0522009408162	-0.0155329974938	0.0804462976189	0.0354324814187	-0.00963159667309	0.0254108190763	-0.0231179061085	-0.0165231721404	0.0224485113654	0.0567735644183	0.00721040159023	0.0354050713825	-0.00801567104241	-0.00970870456256	-0.0364472301619	-0.00979850224823	-0.0134962982426	-0.0350256171602	-0.000974248873313	0.0186413796483	0.082139277752	-0.0719870351696	-0.00721819536781	-0.0133292035362	-0.0782036084046	-0.0257368293422	-0.0106744114789	0.00481475398509	0.0447353589206	-0.0194506075844	0.0364215478071	-0.0442703305582	0.0487622863188	-0.0498933486743	0.0223804041791	-0.0121205654801	0.0299690746595
k__Bacteria;p__Bacteroidetes;c__Bacteroidia;o__Bacteroidales;f__Rikenellaceae;g__Alistipes;s__Alistipes_shahii	0.0292299034708	-0.0408989518727	-0.034425007062	-0.00611668037093	-0.00625861982086	-0.0750496957061	1.0	0.0362500677715	0.0105643753106	-0.0204697443277	0.0367874006596	0.0546006684207	0.0769678695037	-0.0314235778134	0.0219924078022	0.0198360896578	0.0581942671331	0.0510741710272	-0.0201035392084	0.00311167186426	-0.00113450392812	0.0124383616139	-0.0674293018854	0.0151437969926	0.0369202978044	-0.0869906654814	0.00591285872818	0.024783036517	-0.0452391930305	0.0431195598566	0.0025386774896	-0.0286764182255	-0.0440082831483	-0.0194432477934	0.00157430370113	0.00316993139448	-0.0852525216864	0.0652228368533	-0.0511696571646	-0.0590973951671	-0.00168208580877	0.0160482581067	-0.135340300969	-0.0212851205447	-0.116226587639	0.0174048205266	-0.00578499461738	0.00904494582507	0.00449457363756	-0.0115085935499	0.00810410519704	0.039386575971	-0.0581284569393	-0.0163443444007	-0.0835691759337	0.049483568786	0.0504284483218	-0.0437111016579	-0.0804764688355
k__Bacteria;p__Firmicutes;c__Clostridia;o__Clostridiales;f__Ruminococcaceae;g__Faecalibacterium;s__Faecalibacterium_prausnitzii	0.0328839462356	-0.0656703690933	-0.0178386574138	0.0314539931253	-0.0129229362111	-0.0595645707029	0.0362500677715	1.0	0.0766310851047	0.00124495284464	-0.0200187739197	-0.0499518802106	0.0313335228966	-0.0278904462462	-0.00758616236667	-0.0474919866111	-0.0472326736634	-0.0395942597123	-0.0363692031718	-0.0236193017572	-0.0213135300926	0.0184906869168	0.0384651524896	-0.0222325881373	-0.0578616171222	-0.0154137801649	-0.00156096852749	-0.0196478534025	-0.0660453741181	-0.0190910937163	0.0310373055501	0.0729543842461	0.0746119008206	-0.0550433411907	-0.000145641672941	-0.0528015069404	-0.0946021574242	-0.0614822804731	-0.043005622134	-0.0468850539831	-0.00510186579079	-0.0128836248629	0.00020089106722	-0.0449414558771	-0.0465262264729	-0.0148037258691	0.0387057441858	0.0120383164903	-0.0584331821411	0.014948876512	0.0064147308632	-0.0129573107381	0.0456418216149	0.0180121188336	0.00976499664516	0.0137439919767	-0.031943600718	0.00349767553952	-0.0527703770438
k__Bacteria;p__Bacteroidetes;c__Bacteroidia;o__Bacteroidales;f__Rikenellaceae;g__Alistipes;s__Alistipes_finegoldii	0.0286967597319	-0.0313789540236	0.0117366585496	-0.0406035535506	0.0166419210257	0.018924125984	0.0105643753106	0.0766310851047	1.0	0.0230650875165	-0.025272526819	-0.0619243099269	-0.0775750822946	0.00026766697767	-0.0279550830411	-0.0777475397108	-0.00421018255404	-0.0871902938438	-0.00243634657862	-0.0608488907291	-0.0308297338841	0.0415120219221	-0.0449924370234	-0.0479316868306	0.0103449306345	-0.00065953494131	-0.0763787213823	0.0483234658713	-0.0101680435707	-0.00644435998802	-0.0368412297926	0.050558055155	0.0099044114036	-0.0073692128151	-0.0231724865759	3.17947547445e-05	-0.0226245131265	-0.0732388877825	-0.0326612704019	-0.0537810896034	0.0730028043382	0.00462480617032	-0.0455493869511	0.0201701213028	0.0053802878419	-0.0364229260409	0.0784620693951	-0.0684772021827	-0.0231427486995	-0.0409721779518	-0.0107974496216	-0.0111069674989	-0.0252369603174	-0.0368042494145	0.0317440898854	-0.0292002502753	0.0193944701204	0.0185455584727	0.0349953773822
k__Bacteria;p__Bacteroidetes;c__Bacteroidia;o__Bacteroidales;f__Porphyromonadaceae;g__Parabacteroides;s__Parabacteroides_distasonis	0.00733774150838	-0.0235832997698	0.0260681897308	-0.0314114836364	0.0187015006687	-0.00682518014637	-0.0204697443277	0.00124495284464	0.0230650875165	1.0	0.00569309147482	-0.0407798477482	-0.0434763120587	-0.05480888876	-0.000727943908301	-0.0332489987407	0.0056884948722	0.0365066847412	0.0123376518693	-0.0503883034613	0.00723237530236	-0.037930542947	-0.0228192384911	0.069269912171	-0.0438616231652	-0.0585419772542	0.0349946726871	0.0216010778762	0.00286154393286	-0.03885553784	-0.0581493556681	0.00181184072436	0.0529824964813	-0.0873495437598	0.00912122255957	0.0452603132226	-0.0406785345681	-0.0869708263475	-0.078439323582	-0.0684618441978	-0.0496271562756	-0.066372890417	-0.0336197729718	-0.0579624325854	0.0385514962735	-0.00211791176856	-0.00833227308935	-0.0312459708883	0.0400069129716	-0.0279904018439	0.057091097145	0.0243210292387	-0.00210268125228	0.0229667381081	-0.0747910634753	0.0365955699946	-0.0169431304363	0.0134825174616	-0.0324412682949
k__Bacteria;p__Bacteroidetes;c__Bacteroidia;o__Bacteroidales;f__Bacteroidaceae;g__Bacteroides;s__Bacteroides_thetaiotaomicron	-0.0594660912788	0.0828720104791	-0.106027064691	-0.0200009784005	-0.0150653510811	0.0163325755436	0.0367874006596	-0.0200187739197	-0.025272526819	0.00569309147482	1.0	0.0624758893736	0.0797796616882	0.0277851445558	0.0250709048922	0.0608031339067	0.0663079516634	0.000704633921737	-0.109010607857	0.0154205783753	-0.0115420967278	-0.10703997316	0.0328508932482	-0.05575184144	0.0677594861612	-0.0642517175182	0.0330742254701	0.0227899274227	-0.0259896120503	-0.020380315183	-0.0189452548347	-0.0388449789813	-0.0163593633989	-0.00596980888225	-0.0872277508926	0.0116226009363	0.045603322868	-0.0327436177096	-0.0185829470476	0.0323254997768	0.0280336127569	-0.0781218613623	0.0135046370817	-0.0230153673831	-0.0684386139313	-0.0323326305948	-0.0379841324425	0.0183425458301	0.00533275749665	0.0144427185044	-0.0478383350789	-0.0189413727915	-0.0508110912335	0.0126848087931	-0.0102173484538	-0.00253389414747	-0.0578149829045	-0.0875038292133	-0.00185405286058
k__Bacteria;p__Bacteroidetes;c__Bacteroidia;o__Bacteroidales;f__Bacteroidaceae;g__Bacteroides;s__Bacteroides_coprocola	-0.0712920532434	-0.0112594048894	0.0281910982712	0.0530354572388	-0.0305249381052	-0.00621494441883	0.0546006684207	-0.0499518802106	-0.0619243099269	-0.0407798477482	0.0624758893736	1.0	0.00526458571991	-0.0229169772553	0.0122749770635	-0.050767685261	-0.0666514353375	0.0164931546251	0.0502762836813	0.0455400211619	-0.0437072785307	-0.0382617943817	-0.0147399063033	-0.038397020676	-0.0245836246815	0.00517816091689	-0.0305681216885	0.0401427168608	-0.0384462539853	-0.0641056890878	-0.00354820317264	-0.112658375968	0.0182489752565	-0.0447527454636	0.0074928621836	0.0480037787172	0.00159178887283	-0.0369521057315	-0.0218534313521	0.00125027277231	0.0463590090569	-0.0180983984227	-0.0797190207091	0.00923729131937	-0.0207702393582	-0.00286991388328	-0.0463299330009	-0.00304170652143	-0.0102579164929	-0.0373916230759	0.00854514349594	-0.0762689346856	0.0363880826472	0.0519941464542	-0.0683780726325	-3.14340444767e-05	0.0300774453835	-0.0158685241432	-0.0204097574046
k__Bacteria;p__Bacteroidetes;c__Bacteroidia;o__Bacteroidales;f__Bacteroidaceae;g__Bacteroides;s__Bacteroides_cellulosilyticus	-0.0322585800746	-0.000715411541593	-0.0247977138381	0.000702775010297	-0.0904971883947	-0.0513470073038	0.0769678695037	0.0313335228966	-0.0775750822946	-0.0434763120587	0.0797796616882	0.00526458571991	1.0	-0.0434247442906	0.00911089377168	-0.0543618887915	0.0877450376215	-0.0203183294138	-0.0791783280329	-0.0411163932919	0.0534747535842	-0.0070740381051	-0.0164756544438	-0.0110207088779	-0.00511302251414	0.00952287720361	0.053004600295	-0.120664460213	-0.0724965270596	0.00518140646532	0.0390836011148	0.0285363615754	0.0211444414333	0.0124517344673	0.0706557199264	0.0283529055897	0.0342615190259	0.018807055953	0.0335014820402	0.0238532941388	-0.0391760211916	-0.0522594685528	-0.0162434376893	0.0182437085702	0.0190051344979	-0.0571816559228	0.0690024680443	-0.00875504973648	0.0163180984974	0.0492908569433	-0.051174645375	0.0320898287882	-0.0107100056897	0.0166493387293	-0.0292315017456	0.116859331354	0.0745680639209	-0.117144304552	-0.0158456009703
k__Bacteria;p__Bacteroidetes;c__Bacteroidia;o__Bacteroidales;f__Rikenellaceae;g__Alistipes;s__Alistipes_obesi	0.0413553780579	-0.0207701361787	-0.0159287467568	-0.00779773577542	-0.0171400075899	0.01381062495	-0.0314235778134	-0.0278904462462	0.00026766697767	-0.05480888876	0.0277851445558	-0.0229169772553	-0.0434247442906	1.0	0.0132120066896	0.00562850901504	-0.0144673517575	0.0373152909176	0.0572354652625	0.027451047658	0.0276486733529	0.012748748482	-0.0273325768422	-0.0267948935057	-0.0296919163043	-0.00402791533822	-0.0558456484689	0.01803363292	0.0643762031706	-0.0182731806655	0.000225224671037	-0.0312113342607	0.0220515264658	-0.010078975476	0.0252004900518	0.0852893516384	0.00602074794518	-0.0652852721323	-0.103077343961	0.0100360247264	-0.00119731983018	-0.0681895229799	0.00209043958708	-0.0570861175847	-0.0586034111405	-0.00258806805813	-0.00598978638496	0.0132214727224	-0.0265720521559	-0.046897889275	0.0561654162796	-0.000908590867243	0.0103017485507	-0.0153752448109	0.0466597133219	-0.0546665001046	-0.104826284196	0.0349930045251	-0.0226857292591
k__Bacteria;p__Firmicutes;c__Clostridia;o__Clostridiales;f__Lachnospiraceae;g__;s__[Eubacterium]_rectale	-0.0746126556608	-0.110149740201	-0.0564566546561	0.0359453544939	-0.0914456584559	0.0171819521725	0.0219924078022	-0.00758616236667	-0.0279550830411	-0.000727943908301	0.0250709048922	0.0122749770635	0.00911089377168	0.0132120066896	1.0	0.0228791626088	0.0088119382632	0.0521587402758	-0.00125728640888	-0.0387851477298	-0.026202085845	0.0377178361579	-0.0487833992716	-0.0292416559999	-0.047179415983	0.096151692509	0.0361378010953	0.0294645068149	-0.00627367705232	0.0465097521451	0.00961207299821	-0.0501280580696	0.0100854747769	0.013552528072	-0.00278784838048	0.0179599461964	-0.10421027486	0.0132540521833	0.00489618219153	-0.0371802960326	0.0161049046359	-0.00322678049046	-0.0305660464849	-0.0145350435495	-0.0616866206207	-0.0084525417648	0.0270523782352	0.0110674777698	0.00833719274889	0.037982207001	-0.0467471839576	-0.00687516494183	-0.0415747963079	-0.0790621142574	-0.0629485117133	-0.00966066215968	-0.0671389158779	-0.070206830222	-0.046324413836
k__Bacteria;p__Bacteroidetes;c__Bacteroidia;o__Bacteroidales;f__Bacteroidaceae;g__Bacteroides;s__Bacteroides_plebeius	-0.0786104443844	0.0123208415162	-0.0964064912507	-0.0669667115574	0.0106851317942	0.0465826635904	0.0198360896578	-0.0474919866111	-0.0777475397108	-0.0332489987407	0.0608031339067	-0.050767685261	-0.0543618887915	0.00562850901504	0.0228791626088	1.0	-0.0246319160176	-0.0510370081658	-0.0972506166873	-0.10383970314	0.0719044321621	0.0111255718678	0.00554556063298	-0.00481791196219	-0.0544371553266	-0.00392911971314	-0.00538062572905	0.0412437648697	0.0703520727431	-0.0712460963629	-0.0530489669011	0.0288240402406	-0.0789067444343	0.0278962198055	0.00511619650826	-0.00090386207783	-0.0291883527866	0.00282507833066	-0.0706730474188	0.0173658496884	-0.00298114027426	0.00695989372699	-0.0208970525752	-0.0360648857781	-0.0176245346055	0.0265671680555	-0.0437649192161	0.0241750834025	0.0670345897013	-0.0220012044284	-0.0243461967148	0.0297688511355	0.0357814405593	4.50939624919e-05	0.0974800091344	-0.020799958563	0.0537471313789	-0.00708005052423	-0.0218159366728
k__Bacteria;p__Bacteroidetes;c__Bacteroidia;o__Bacteroidales;f__Bacteroidaceae;g__Bacteroides;s__Bacteroides_fragilis	-0.0343496663926	-0.0247053639322	-0.0659287929755	0.018284645708	-0.0567271209198	-0.0316700238686	0.0581942671331	-0.0472326736634	-0.00421018255404	0.0056884948722	0.0663079516634	-0.0666514353375	0.0877450376215	-0.0144673517575	0.0088119382632	-0.0246319160176	1.0	0.0258113991916	0.05846049193	-0.0415871869086	-0.101906408798	0.00147205330422	0.00694980127208	-0.00258669649997	-0.0428637710445	-0.0507096889289	0.0312051329903	-0.0402507564872	-0.0459594593513	-0.0536274914952	-0.0423761060789	-0.0307506277795	0.0146478861457	0.0188244284355	-0.0298990824963	-0.0186707088733	0.0658045270172	-0.0557842039397	0.113673872147	-0.0104946978407	-0.0449970162715	-0.0635295876531	0.00467975491192	0.00330187295553	0.0301897084283	-0.0349930694416	0.0187542850573	-0.0104465635912	0.0495825602253	-0.0267176049452	0.0782003206206	-0.0722996145177	-0.00720362240341	-0.0440603823394	0.0619089881671	-0.0668131329682	-0.00844482131321	-0.00363783722097	0.00487590622425
k__Bacteria;p__Proteobacteria;c__Betaproteobacteria;o__Burkholderiales;f__Sutterellaceae;g__Sutterella;s__Sutterella_wadsworthensis	-0.065542848665	-0.0819661676376	0.0109801198506	-0.027590839078	-3.56894539479e-05	0.0153380007911	0.0510741710272	-0.0395942597123	-0.0871902938438	0.0365066847412	0.000704633921737	0.0164931546251	-0.0203183294138	0.0373152909176	0.0521587402758	-0.0510370081658	0.0258113991916	1.0	-0.0109862523804	-0.048563676526	0.00985022054703	0.0657387102303	-0.0932648039837	0.0593066696382	-0.00482511054558	-0.00873154468508	0.0157730523079	0.026266552909	0.0770898563906	0.0434126617098	0.0353755901802	-0.0455741396563	0.0238049864317	-0.0845327132284	0.0374758858934	0.0444237162591	-0.0134602919446	-0.00439763901608	0.0204014099527	-0.0214370675214	-0.0122397268532	-0.0434167503912	-0.0544406919767	-0.0312991887524	-0.0344958738699	-0.00521652237526	-0.0569652469969	-0.0478438636395	-0.0193248221541	-0.0586160752308	-0.0378749962053	0.0120842413995	0.0499573922959	-0.067933960121	-0.0168181626162	0.012080529377	-0.0675746082463	0.0369403688102	0.0151590725449
k__Bacteria;p__Bacteroidetes;c__Bacteroidia;o__Bacteroidales;f__Porphyromonadaceae;g__Barnesiella;s__Barnesiella_intestinihominis	-0.0374010752646	0.0102001641076	0.051294048517	-0.00452358422098	-0.0107866789542	0.0254675675791	-0.0201035392084	-0.0363692031718	-0.00243634657862	0.0123376518693	-0.109010607857	0.0502762836813	-0.0791783280329	0.0572354652625	-0.00125728640888	-0.0972506166873	0.05846049193	-0.0109862523804	1.0	0.0819238673799	-0.00898939367861	-0.0143126853009	-0.0189358008086	-0.0459187697952	-0.0449352302107	-0.00989853282022	-0.0699756085548	-0.0414401653842	-0.0909202038906	-0.00978874807675	-0.0329651395726	-0.0371612675422	0.0270894275376	-0.0396566876826	0.0158173844072	0.0162048261469	0.0387582450598	0.0487315281724	-0.0123438638234	-0.0677100340926	-0.0154710257024	0.0503905842848	-0.0397701092064	0.0603576567847	-0.0549189349241	0.0207541675124	0.0135079609658	-0.0235779695754	-0.0118964997093	-0.0255601017986	-0.107433852259	0.00254250598185	-0.0107075078975	-0.0210000888182	0.0199374954901	-0.0303324989152	-0.0118419535882	0.0251827012908	-0.00683808484345
k__Bacteria;p__Bacteroidetes;c__Bacteroidia;o__Bacteroidales;f__Odoribacteraceae;g__Odoribacter;s__Odoribacter_splanchnicus	0.0700407556468	-0.0102879556675	0.0607139200591	-0.0187256208423	-0.0320179635221	0.00812079161708	0.00311167186426	-0.0236193017572	-0.0608488907291	-0.0503883034613	0.0154205783753	0.0455400211619	-0.0411163932919	0.027451047658	-0.0387851477298	-0.10383970314	-0.0415871869086	-0.048563676526	0.0819238673799	1.0	0.030498299581	0.0467204258708	-0.0036918228648	-0.0348490104333	0.0846792356665	-0.00172764531007	-0.0473421065603	-0.0348378440921	-0.0215112433735	-0.00148158751632	-0.000382728434919	-0.0273976172714	-0.0318844718895	-0.00359522927969	-0.000130543126764	-0.040530935446	0.0167969900102	-0.0646855483334	-0.0510353751427	-0.0298884856709	-0.0318855905253	0.0364243313371	0.0305735998665	-0.00901961140804	-0.0407867371367	-0.00314384584799	-0.060538729662	0.0232782740011	0.0287227153538	-0.0786100268923	-0.0303179280374	0.0967719206044	-0.0571598587836	-0.0240593213625	0.0424156047974	-0.0512023719514	-0.039629074549	0.00841894764261	0.0356996056479
k__Bacteria;p__Bacteroidetes;c__Bacteroidia;o__Bacteroidales;f__Bacteroidaceae;g__Bacteroides;s__Bacteroides_salyersiae	-0.0633142881539	-0.0320126996882	0.0203415507902	-0.0841317837373	0.0193459733413	-0.0262581478619	-0.00113450392812	-0.0213135300926	-0.0308297338841	0.00723237530236	-0.0115420967278	-0.0437072785307	0.0534747535842	0.0276486733529	-0.026202085845	0.0719044321621	-0.101906408798	0.00985022054703	-0.00898939367861	0.030498299581	1.0	-0.0764666953023	-0.0133999700788	-0.0183370947159	0.0328881171607	-0.0501359796473	0.0285452657249	-0.00186566264319	-0.0361989271977	0.0225750992562	0.0131772104666	-0.00985109418506	0.0149782553395	0.0247777885153	0.0169771641126	0.0018881866825	-0.0106524266326	-0.0342562003841	-0.026162403175	-0.00853397375607	-0.075766790217	-0.0378904086318	-0.0350747718862	0.025319715436	-0.0130993532726	0.00806791448733	-0.0164979998576	-0.0406527889224	-0.0443847986511	0.0196728467752	-0.0539710849356	-0.0392848375424	-0.0550126780497	0.0264485167386	-0.00251907065668	0.0213736532748	-0.0143738148129	0.0365922184483	0.0447173871401
k__Bacteria;p__Firmicutes;c__Clostridia;o__Clostridiales;f__Ruminococcaceae;g__Ruminiclostridium;s__[Eubacterium]_siraeum	0.018943823878	-0.0593250658143	-0.0286486215077	-0.00735657955158	-0.00947393172353	0.0124501851234	0.0124383616139	0.0184906869168	0.0415120219221	-0.037930542947	-0.10703997316	-0.0382617943817	-0.0070740381051	0.012748748482	0.0377178361579	0.0111255718678	0.00147205330422	0.0657387102303	-0.0143126853009	0.0467204258708	-0.0764666953023	1.0	-0.00747835887128	0.00956255858418	-0.00544300819224	-0.0434574398652	0.0154823590706	-0.0103803233077	-0.0461434299668	-0.0394067879841	-0.013854254991	-0.05567833175	-0.00387784132304	-0.0326877042675	-0.0409611946022	-0.021732334404	0.016111715162	-0.140284405945	-0.073363788919	-0.00246048168424	-0.0337801793912	-0.0147353297042	4.10246282962e-06	-0.0042350373877	-0.0236810531746	0.0765775625252	-0.00653682764497	-0.0160251114287	0.000128180326984	-0.00689448228725	-0.00266331329319	0.0789420324218	-0.0123675899548	-0.0530046015111	0.0393172792966	-0.0378066503272	0.0480242497656	-0.0834826896552	0.0497040500507
k__Bacteria;p__Proteobacteria;c__Betaproteobacteria;o__Burkholderiales;f__Sutterellaceae;g__Parasutterella;s__Parasutterella_excrementihominis	0.0399232950857	0.0143394627775	0.0171970138272	-0.0437255672297	-0.0166907370543	-0.0522009408162	-0.0674293018854	0.0384651524896	-0.0449924370234	-0.0228192384911	0.0328508932482	-0.0147399063033	-0.0164756544438	-0.0273325768422	-0.0487833992716	0.00554556063298	0.00694980127208	-0.0932648039837	-0.0189358008086	-0.0036918228648	-0.0133999700788	-0.00747835887128	1.0	-0.00274004499238	-0.0146669772641	0.0313831623997	0.0160216165314	-0.0256904165705	0.0196302079139	-0.00430351346925	-0.0591334091091	-0.00627048213482	-0.0057989167974	0.0292659305821	-0.000897367302656	-0.00544978646699	0.0250235858232	-0.0137369225601	0.0307433099407	0.00367765994889	-0.0356763551187	-0.0184666723483	0.0512157595981	-0.0142173850598	-0.0305397294532	-0.0891263091256	-0.0450419752495	-0.0275374994432	-0.0220890839466	0.0360956950586	-0.0770776194225	0.0511066970521	0.0195944548772	0.0583973818016	-0.0255352979504	0.0124803688307	0.0249740467196	-0.0444725115082	0.00176298814523
k__Bacteria;p__Actinobacteria;c__Actinobacteria;o__Bifidobacteriales;f__Bifidobacteriaceae;g__Bifidobacterium;s__Bifidobacterium_adolescentis	-0.0379366402112	0.00820467523608	-0.053112533281	0.00950733198051	0.00524951438823	-0.0155329974938	0.0151437969926	-0.0222325881373	-0.0479316868306	0.069269912171	-0.05575184144	-0.038397020676	-0.0110207088779	-0.0267948935057	-0.0292416559999	-0.00481791196219	-0.00258669649997	0.0593066696382	-0.0459187697952	-0.0348490104333	-0.0183370947159	0.00956255858418	-0.00274004499238	1.0	-0.0324153542853	-0.0356787075572	-0.0164982684483	-0.0498448606329	0.0970085726767	-0.0452879432826	0.0132673000234	0.0151030813048	-0.000444140918914	-0.00320006553807	0.0554493350415	0.0199131964485	-0.0820795586337	0.0423355544256	-0.0127284379394	0.000671184373513	-0.0144157725437	-0.0357644844383	-0.0211831592236	0.00513875913774	-0.0707352413987	-0.000239615132346	0.0495924750208	-0.0794154047868	-0.00103177215991	-0.00870872039583	0.0341788476686	0.0221157790218	0.0163649930449	-0.0759964536187	0.0545311315966	0.0308819136399	-0.0678296540949	-0.0039565509883	-0.0281907218943
k__Bacteria;p__Firmicutes;c__Clostridia;o__Clostridiales;f__Oscillospiraceae;g__Oscillibacter;s__Oscillibacter_sp._KLE_1745	-0.0125403222651	0.0663823001597	0.0385056967599	-0.0489702844905	-0.0164165713358	0.0804462976189	0.0369202978044	-0.0578616171222	0.0103449306345	-0.0438616231652	0.0677594861612	-0.0245836246815	-0.00511302251414	-0.0296919163043	-0.047179415983	-0.0544371553266	-0.0428637710445	-0.00482511054558	-0.0449352302107	0.0846792356665	0.0328881171607	-0.00544300819224	-0.0146669772641	-0.0324153542853	1.0	-0.0401198324763	-0.0529656078849	-0.043764362456	-0.0713492884532	0.0593348193995	0.0288662349169	0.0276297502806	0.0246666502956	-0.00626051689991	0.0500071417526	-0.0611622535	-0.00895026730195	0.0501339363587	-0.119269383452	-0.00130025955495	-0.0219765961803	-0.0259046958146	-0.0155360687037	-0.0512777548694	0.0540448954528	0.0765786457191	-0.0195375371307	-0.0207157282732	0.0230753855165	-0.0371178634275	-0.00597899109723	0.0423971658803	0.0610361522482	-0.00515022699473	-0.0376050818963	-0.012892863122	-0.0198153412272	-0.0221044845378	0.0116454399032
k__Bacteria;p__Bacteroidetes;c__Bacteroidia;o__Bacteroidales;f__Bacteroidaceae;g__Bacteroides;s__Bacteroides_coprophilus	-0.0540459485814	-0.0463617118945	0.0637508189227	0.0226254949043	0.0498692647908	0.0354324814187	-0.0869906654814	-0.0154137801649	-0.00065953494131	-0.0585419772542	-0.0642517175182	0.00517816091689	0.00952287720361	-0.00402791533822	0.096151692509	-0.00392911971314	-0.0507096889289	-0.00873154468508	-0.00989853282022	-0.00172764531007	-0.0501359796473	-0.0434574398652	0.0313831623997	-0.0356787075572	-0.0401198324763	1.0	-0.0447706091428	0.019253500522	-0.00585318917285	0.0445503088603	-0.0618665097555	0.0310072259215	-0.000263560529074	0.0363006716859	-0.0186496037291	0.0137217640847	0.03965514795	-0.0136098554353	0.0291966934509	-0.0410898976567	-0.00723863878096	-0.024964054663	0.0471048417871	0.00335875429542	-0.0146724065824	-0.0522507854087	-0.0371454199157	-0.000336820529772	0.00788590166708	-0.0200503924414	0.00435115334792	-0.00927814354098	-0.0519812966619	0.0202104729477	-0.0885404460917	0.0228502494832	-0.0520404382091	0.0464046920781	-0.000994964727464
k__Bacteria;p__Firmicutes;c__Clostridia;o__Clostridiales;f__Lachnospiraceae;g__Roseburia;s__Roseburia_intestinalis	0.00963125532397	0.0314111921456	-0.00795887371912	-0.0332621164753	-0.0794467928553	-0.00963159667309	0.00591285872818	-0.00156096852749	-0.0763787213823	0.0349946726871	0.0330742254701	-0.0305681216885	0.053004600295	-0.0558456484689	0.0361378010953	-0.00538062572905	0.0312051329903	0.0157730523079	-0.0699756085548	-0.0473421065603	0.0285452657249	0.0154823590706	0.0160216165314	-0.0164982684483	-0.0529656078849	-0.0447706091428	1.0	0.0431225430134	0.0437499960279	0.0276431066921	-0.00252379324994	-0.0104407895063	-0.040223567545	0.0247428619897	-0.0898585131064	-0.0460647686926	-0.0756856450909	-0.00192317381432	-0.0572566399561	0.0233508735093	0.00688211484961	-0.0119871173987	-0.00120035857046	0.00448210968872	-0.000130711191913	-0.0191779105553	-0.0378155243797	-0.0154152784596	-0.004344359258	0.0618122731387	-0.0717411827335	-0.0429673387396	-0.0392844913027	-0.0414354774118	-0.027703789834	-0.00057770869437	-0.00303206433498	-0.0706490746511	-0.0502785891584
k__Bacteria;p__Firmicutes;c__Clostridia;o__Clostridiales;f__Lachnospiraceae;g__Roseburia;s__Roseburia_hominis	0.0341452665249	-0.0846043858545	-0.0689770404323	-0.0258611572201	-0.0706643600773	0.0254108190763	0.024783036517	-0.0196478534025	0.0483234658713	0.0216010778762	0.0227899274227	0.0401427168608	-0.120664460213	0.01803363292	0.0294645068149	0.0412437648697	-0.0402507564872	0.026266552909	-0.0414401653842	-0.0348378440921	-0.00186566264319	-0.0103803233077	-0.0256904165705	-0.0498448606329	-0.043764362456	0.019253500522	0.0431225430134	1.0	-0.0190734188654	0.00896518389477	-0.00303408669056	0.000138847597915	-0.0527487836294	-0.0727160262506	-0.0634692364452	0.0014369604356	-0.0548067403449	-0.0119169732293	-0.00148044798054	0.0203819349984	0.0158463314558	0.0120476172338	0.0749123302279	0.050759794294	-0.0498600187441	-0.0633819518809	-0.0308962847561	0.0295933793924	-0.0271781585637	-0.082277079762	-0.0335718587897	-0.0706358192816	0.00480839659278	-0.0249078964783	-0.0323817615872	0.0554449583941	-0.00309003399713	0.0172180450949	0.0195244495635
k__Bacteria;p__Bacteroidetes;c__Bacteroidia;o__Bacteroidales;f__Porphyromonadaceae;g__Parabacteroides;s__Parabacteroides_johnsonii	0.00285154996378	-0.0934090811952	-0.00318507507494	-0.0341115223667	-0.0459477800488	-0.0231179061085	-0.0452391930305	-0.0660453741181	-0.0101680435707	0.00286154393286	-0.0259896120503	-0.0384462539853	-0.0724965270596	0.0643762031706	-0.00627367705232	0.0703520727431	-0.0459594593513	0.0770898563906	-0.0909202038906	-0.0215112433735	-0.0361989271977	-0.0461434299668	0.0196302079139	0.0970085726767	-0.0713492884532	-0.00585318917285	0.0437499960279	-0.0190734188654	1.0	0.0214771772453	-0.0922725624287	0.00502196142683	-0.0686167270701	0.00108869370833	0.0350292524001	0.0109224446014	-0.0118436348749	0.0307384764858	0.00278802893225	0.0361668541349	-0.021044560206	-0.0377213232018	0.0626263812245	-0.026892492585	-0.0384785891002	-0.02608397719	-0.00958740492629	-0.00801270206705	-0.00453612182231	-0.0312045691861	0.0496832951522	-0.0381734547965	0.0188472315477	0.0608962242158	-0.021092639764	-0.0404856470191	-0.085196838208	0.0153885971818	-0.0126863369516
k__Bacteria;p__Actinobacteria;c__Actinobacteria;o__Bifidobacteriales;f__Bifidobacteriaceae;g__Bifidobacterium;s__Bifidobacterium_longum	0.0861019487798	-0.0350691055919	-0.0371052521387	-0.0237452562798	-0.010855511526	-0.0165231721404	0.0431195598566	-0.0190910937163	-0.00644435998802	-0.03885553784	-0.020380315183	-0.0641056890878	0.00518140646532	-0.0182731806655	0.0465097521451	-0.0712460963629	-0.0536274914952	0.0434126617098	-0.00978874807675	-0.00148158751632	0.0225750992562	-0.0394067879841	-0.00430351346925	-0.0452879432826	0.0593348193995	0.0445503088603	0.0276431066921	0.00896518389477	0.0214771772453	1.0	0.00744720526798	-0.0324998329007	-0.0177250255344	-0.0779931814784	-0.00382713363931	-0.0558158658236	-0.0151196500431	-0.0432308795318	-0.0439210525695	0.0269603371638	-0.0577946248679	-0.0460726237341	-0.0506825831442	-0.00128882681996	0.0152200624284	-0.0253543257861	-0.0260103654755	0.0435192300465	0.0903826614387	-0.084888566336	-0.0563968578584	-0.00794522849028	-0.0235519724391	-0.126263078785	-0.0024348283989	0.0464665698833	-0.0563191546491	-0.0302642066631	0.00580534303484
