#taxonomy	k__Bacteria;p__Bacteroidetes;c__Bacteroidia;o__Bacteroidales;f__Bacteroidaceae;g__Bacteroides;s__Bacteroides_vulgatus	k__Bacteria;p__Bacteroidetes;c__Bacteroidia;o__Bacteroidales;f__Bacteroidaceae;g__Bacteroides;s__Bacteroides_uniformis	k__Bacteria;p__Bacteroidetes;c__Bacteroidia;o__Bacteroidales;f__Rikenellaceae;g__Alistipes;s__Alistipes_putredinis	k__Bacteria;p__Bacteroidetes;c__Bacteroidia;o__Bacteroidales;f__Prevotellaceae;g__Prevotella;s__Prevotella_copri	k__Bacteria;p__Bacteroidetes;c__Bacteroidia;o__Bacteroidales;f__Bacteroidaceae;g__Bacteroides;s__Bacteroides_stercoris	k__Bacteria;p__Bacteroidetes;c__Bacteroidia;o__Bacteroidales;f__Bacteroidaceae;g__Bacteroides;s__Bacteroides_ovatus	k__Bacteria;p__Bacteroidetes;c__Bacteroidia;o__Bacteroidales;f__Rikenellaceae;g__Alistipes;s__Alistipes_shahii	k__Bacteria;p__Firmicutes;c__Clostridia;o__Clostridiales;f__Ruminococcaceae;g__Faecalibacterium;s__Faecalibacterium_prausnitzii	k__Bacteria;p__Bacteroidetes;c__Bacteroidia;o__Bacteroidales;f__Rikenellaceae;g__Alistipes;s__Alistipes_finegoldii	k__Bacteria;p__Bacteroidetes;c__Bacteroidia;o__Bacteroidales;f__Porphyromonadaceae;g__Parabacteroides;s__Parabacteroides_distasonis	k__Bacteria;p__Bacteroidetes;c__Bacteroidia;o__Bacteroidales;f__Bacteroidaceae;g__Bacteroides;s__Bacteroides_thetaiotaomicron	k__Bacteria;p__Bacteroidetes;c__Bacteroidia;o__Bacteroidales;f__Bacteroidaceae;g__Bacteroides;s__Bacteroides_coprocola	k__Bacteria;p__Bacteroidetes;c__Bacteroidia;o__Bacteroidales;f__Bacteroidaceae;g__Bacteroides;s__Bacteroides_cellulosilyticus	k__Bacteria;p__Bacteroidetes;c__Bacteroidia;o__Bacteroidales;f__Rikenellaceae;g__Alistipes;s__Alistipes_obesi	k__Bacteria;p__Firmicutes;c__Clostridia;o__Clostridiales;f__Lachnospiraceae;g__;s__[Eubacterium]_rectale	k__Bacteria;p__Bacteroidetes;c__Bacteroidia;o__Bacteroidales;f__Bacteroidaceae;g__Bacteroides;s__Bacteroides_plebeius	k__Bacteria;p__Bacteroidetes;c__Bacteroidia;o__Bacteroidales;f__Bacteroidaceae;g__Bacteroides;s__Bacteroides_fragilis	k__Bacteria;p__Proteobacteria;c__Betaproteobacteria;o__Burkholderiales;f__Sutterellaceae;g__Sutterella;s__Sutterella_wadsworthensis	k__Bacteria;p__Bacteroidetes;c__Bacteroidia;o__Bacteroidales;f__Porphyromonadaceae;g__Barnesiella;s__Barnesiella_intestinihominis	k__Bacteria;p__Bacteroidetes;c__Bacteroidia;o__Bacteroidales;f__Odoribacteraceae;g__Odoribacter;s__Odoribacter_splanchnicus	k__Bacteria;p__Bacteroidetes;c__Bacteroidia;o__Bacteroidales;f__Bacteroidaceae;g__Bacteroides;s__Bacteroides_salyersiae	k__Bacteria;p__Firmicutes;c__Clostridia;o__Clostridiales;f__Ruminococcaceae;g__Ruminiclostridium;s__[Eubacterium]_siraeum	k__Bacteria;p__Proteobacteria;c__Betaproteobacteria;o__Burkholderiales;f__Sutterellaceae;g__Parasutterella;s__Parasutterella_excrementihominis	k__Bacteria;p__Actinobacteria;c__Actinobacteria;o__Bifidobacteriales;f__Bifidobacteriaceae;g__Bifidobacterium;s__Bifidobacterium_adolescentis	k__Bacteria;p__Firmicutes;c__Clostridia;o__Clostridiales;f__Oscillospiraceae;g__Oscillibacter;s__Oscillibacter_sp._KLE_1745	k__Bacteria;p__Bacteroidetes;c__Bacteroidia;o__Bacteroidales;f__Bacteroidaceae;g__Bacteroides;s__Bacteroides_coprophilus	k__Bacteria;p__Firmicutes;c__Clostridia;o__Clostridiales;f__Lachnospiraceae;g__Roseburia;s__Roseburia_intestinalis	k__Bacteria;p__Firmicutes;c__Clostridia;o__Clostridiales;f__Lachnospiraceae;g__Roseburia;s__Roseburia_hominis	k__Bacteria;p__Bacteroidetes;c__Bacteroidia;o__Bacteroidales;f__Porphyromonadaceae;g__Parabacteroides;s__Parabacteroides_johnsonii	k__Bacteria;p__Actinobacteria;c__Actinobacteria;o__Bifidobacteriales;f__Bifidobacteriaceae;g__Bifidobacterium;s__Bifidobacterium_longum	k__Bacteria;p__Firmicutes;c__Clostridia;o__Clostridiales;f__;g__Flavonifractor;s__Flavonifractor_plautii	k__Bacteria;p__Firmicutes;c__Clostridia;o__Clostridiales;f__Clostridiaceae;g__Clostridium;s__Clostridium_phoceensis	k__Bacteria;p__Verrucomicrobia;c__Verrucomicrobiae;o__Verrucomicrobiales;f__Akkermansiaceae;g__Akkermansia;s__Akkermansia_muciniphila	k__Bacteria;p__Bacteroidetes;c__Bacteroidia;o__Bacteroidales;f__Prevotellaceae;g__Paraprevotella;s__Paraprevotella_xylaniphila	k__Bacteria;p__Firmicutes;c__Clostridia;o__Clostridiales;f__Ruminococcaceae;g__Ruminococcus;s__Ruminococcus_callidus	k__Bacteria;p__Bacteroidetes;c__Bacteroidia;o__Bacteroidales;f__Rikenellaceae;g__Alistipes;s__Alistipes_senegalensis	k__Bacteria;p__Firmicutes;c__Clostridia;o__Clostridiales;f__Lachnospiraceae;g__Blautia;s__Blautia_sp._KLE_1732	k__Bacteria;p__Bacteroidetes;c__Bacteroidia;o__Bacteroidales;f__Bacteroidaceae;g__Bacteroides;s__Bacteroides_oleiciplenus	k__Bacteria;p__Firmicutes;c__Clostridia;o__Clostridiales;f__Ruminococcaceae;g__Ruminococcus;s__Ruminococcus_bicirculans	k__Bacteria;p__Bacteroidetes;c__Bacteroidia;o__Bacteroidales;f__Bacteroidaceae;g__Bacteroides;s__Bacteroides_fluxus	k__Bacteria;p__Bacteroidetes;c__Bacteroidia;o__Bacteroidales;f__Prevotellaceae;g__Prevotella;s__Prevotella_stercorea	k__Bacteria;p__Firmicutes;c__Clostridia;o__Clostridiales;f__Lachnospiraceae;g__Dorea;s__Dorea_longicatena	k__Bacteria;p__Firmicutes;c__Clostridia;o__Clostridiales;f__Eubacteriaceae;g__Eubacterium;s__[Eubacterium]_eligens	k__Bacteria;p__Firmicutes;c__Clostridia;o__Clostridiales;f__Ruminococcaceae;g__;s__Ruminococcaceae_bacterium_D16	k__Bacteria;p__Firmicutes;c__Clostridia;o__Clostridiales;f__Lachnospiraceae;g__Coprococcus;s__Coprococcus_comes	k__Bacteria;p__Proteobacteria;c__Gammaproteobacteria;o__Enterobacterales;f__Enterobacteriaceae;g__Escherichia;s__Escherichia_coli	k__Bacteria;p__Firmicutes;c__Clostridia;o__Clostridiales;f__Ruminococcaceae;g__Anaerotruncus;s__Anaerotruncus_colihominis	k__Bacteria;p__Firmicutes;c__Clostridia;o__Clostridiales;f__Lachnospiraceae;g__Blautia;s__Blautia_obeum	k__Bacteria;p__Bacteroidetes;c__Bacteroidia;o__Bacteroidales;f__Odoribacteraceae;g__Odoribacter;s__Odoribacter_laneus	k__Bacteria;p__Firmicutes;c__Clostridia;o__Clostridiales;f__Ruminococcaceae;g__Ruminiclostridium;s__[Clostridium]_leptum	k__Bacteria;p__Bacteroidetes;c__Bacteroidia;o__Bacteroidales;f__Porphyromonadaceae;g__Parabacteroides;s__Parabacteroides_goldsteinii	k__Bacteria;p__Firmicutes;c__Clostridia;o__Clostridiales;f__Lachnospiraceae;g__Anaerostipes;s__Anaerostipes_hadrus	k__Bacteria;p__Firmicutes;c__Clostridia;o__Clostridiales;f__Ruminococcaceae;g__Ruminococcus;s__Ruminococcus_lactaris	k__Bacteria;p__Firmicutes;c__Clostridia;o__Clostridiales;f__Clostridiaceae;g__Clostridium;s__Clostridium_sp._L2-50	k__Bacteria;p__Firmicutes;c__Clostridia;o__Clostridiales;f__Clostridiaceae;g__Clostridium;s__Clostridium_sp._M62/1	k__Bacteria;p__Firmicutes;c__Clostridia;o__Clostridiales;f__;g__Intestinimonas;s__Intestinimonas_butyriciproducens	k__Bacteria;p__Actinobacteria;c__Actinobacteria;o__Bifidobacteriales;f__Bifidobacteriaceae;g__Bifidobacterium;s__Bifidobacterium_bifidum	k__Bacteria;p__Firmicutes;c__Negativicutes;o__Veillonellales;f__Veillonellaceae;g__Dialister;s__Dialister_invisus	k__Bacteria;p__Bacteroidetes;c__Bacteroidia;o__Bacteroidales;f__Bacteroidaceae;g__Bacteroides;s__Bacteroides_salanitronis
k__Bacteria;p__Bacteroidetes;c__Bacteroidia;o__Bacteroidales;f__Bacteroidaceae;g__Bacteroides;s__Bacteroides_vulgatus	1.0	0.00979418263284	-0.0423577218818	-0.0240071989712	0.0259919745812	-0.0217616744142	-0.0498828704294	0.0688352250238	0.00440564952942	-0.0321050011631	0.039367995319	0.0633636399212	-0.0459689377824	-0.0115207903183	0.0011673790475	-0.0339864916079	0.0559932823231	-0.00843801211536	0.0423578836717	0.0159629178303	0.0201764373818	0.0714763589498	-0.00139595544133	0.040431473125	0.0486417178187	0.0276187164031	-0.0546931797573	-0.0629997752624	-0.0512354816872	0.0128880840707	0.0244968337027	-0.0169726638252	-0.0260404492239	-0.0635646583413	-0.00766215590735	-0.0351428441408	-0.0593509519618	0.0709294984493	-0.0211784756255	0.0180126063166	-0.0248050131078	-0.00389325023971	-0.040190127901	0.0412755747836	-0.0607261435297	0.0153488002932	-0.0679049581902	-0.0150659812855	-0.0588529154016	0.0232609531364	-0.0226955672003	-0.0948397893695	-0.0548168108447	-0.0285397801041	-0.0249750264692	0.0208447153631	-0.0122555509458	-0.0332250757574	-0.0292049993442
k__Bacteria;p__Bacteroidetes;c__Bacteroidia;o__Bacteroidales;f__Bacteroidaceae;g__Bacteroides;s__Bacteroides_uniformis	0.00979418263284	1.0	-0.0284802889614	-0.012839957216	-0.0890788633438	-0.0192289780514	-0.0084348110182	-0.0222824937843	-0.0384673826787	0.000353122616881	0.000339031535322	0.0687166137594	-0.00965250239241	-0.0928595566693	0.0269137969773	0.0087118901122	-0.028324645026	-0.0395027458422	-0.0408936508424	-0.0097907297591	-0.0564600733374	-0.0440577934987	0.0254618184803	-0.00675889093335	-0.0224769955556	-0.0667780002749	-0.0599143801122	-0.056486384107	-0.0823454746724	-0.00343426287071	-0.0587222682451	-0.000501737532034	-0.0262490509769	0.0246257435698	0.0214994107282	-0.0216823515706	-0.00647091214849	0.0906400070391	-0.0749431418433	0.00957072084554	0.00385999360454	-0.0482600920804	-0.0320648635394	-0.0824181164766	-0.0132462266024	-0.0501993885162	0.0815371680688	-0.0111640800746	-0.039441238637	0.000659480573442	0.0313728849598	-0.0438060204243	-0.0792078791488	0.0119216038436	-0.0108178326488	-0.0323663473479	0.0565603971968	-0.0218601326057	0.0451368214968
k__Bacteria;p__Bacteroidetes;c__Bacteroidia;o__Bacteroidales;f__Rikenellaceae;g__Alistipes;s__Alistipes_putredinis	-0.0423577218818	-0.0284802889614	1.0	0.0404596587939	-0.00615670663933	-0.046941704643	-0.0404064099294	-0.00372997190837	-0.0289360065383	-0.0252021210257	-0.0631032209814	0.000665358874774	-0.0208784495297	0.00428424381591	-0.0420733846596	-0.074129993099	-0.0951443764682	-0.0418936611791	0.00631674231562	-0.0744930733744	-0.035879364325	0.0319084777572	-0.0303349073779	0.0167190286671	-0.00625118653971	-0.0268662748841	-0.0146262736867	0.00529312082755	-0.0540331239011	0.0219466799646	0.0171371706202	-0.0306913662845	0.0533746653701	-0.0118904631303	-0.00082191309218	-0.0428718969821	-0.0542189354685	-0.00520115302206	-0.0117155562728	-0.0135170087746	0.00320625081474	-0.0758093097695	-0.0158131812284	0.0242545835451	0.00401820133017	0.084346311254	-0.0389579530072	-0.039410998506	-0.0727681744673	-0.00840816211802	-0.0139157551735	0.0295946130091	-0.0617743784311	0.0300854830978	-0.0163172213739	0.0332606715789	0.0614214137001	-3.15735190003e-05	-0.00483124615738
k__Bacteria;p__Bacteroidetes;c__Bacteroidia;o__Bacteroidales;f__Prevotellaceae;g__Prevotella;s__Prevotella_copri	-0.0240071989712	-0.012839957216	0.0404596587939	1.0	-0.0342672860496	-0.0194684329039	0.000293807075051	0.0588946225727	-0.0189417633331	-0.0369089355332	0.00948555310779	-0.0671823501511	-0.0547014129951	-0.0364240129644	-0.0723910943417	-0.0486002190583	0.0151211799618	-0.023653819999	-0.0754599170771	-0.0429665620406	-0.00742014407653	0.00665554665	0.0590496642376	0.0183894945515	0.0568974038419	0.0406411609158	0.0390604688408	-0.0516507652995	0.0174282412561	-0.0553617017936	0.0462107520559	0.017663473972	0.00225653062954	0.00101591821587	0.0109907212438	-0.0361474430516	-0.0306317666062	-0.0262291676468	-0.0752264281081	-0.00992563214767	0.0119407558287	0.0335716830221	-0.100299738249	-0.0424275033179	0.00593791176594	-0.0574678547537	-0.00926927994214	0.0484191864131	0.0227510004212	-0.0200742694878	0.0612465396992	0.0813200517604	-0.0228835270562	0.0202296869577	-0.024553705864	-0.0370123744163	0.0277328590257	-0.0101705909503	-0.0078707942186
k__Bacteria;p__Bacteroidetes;c__Bacteroidia;o__Bacteroidales;f__Bacteroidaceae;g__Bacteroides;s__Bacteroides_stercoris	0.0259919745812	-0.0890788633438	-0.00615670663933	-0.0342672860496	1.0	0.0208019535332	-0.0744785897302	0.0516351933822	0.00383619255874	0.00278778040539	-0.0542719835292	-0.0400556737489	0.061460482336	-0.0398541636861	-0.0613100990033	-0.00738703577252	0.0133776939581	0.0104566025415	0.0246970715256	0.0157749310778	-0.0497262886481	0.000309428905841	-0.0842051326298	-0.020857292591	0.0054570771094	-0.00398689839063	-0.0197431602787	0.0109272956476	-0.00358834258414	-0.111406637789	-0.0355514062136	-0.0241494820576	-0.0629366186726	0.0149872373097	0.0804743710001	0.0259777502885	-0.0175909500609	0.00961881117165	-0.0165459593407	0.0228175261953	-0.0481932947232	-0.073049782262	0.00724996667429	-0.0478306319901	-0.0564402575162	-0.00515198796586	-0.00939050792511	0.0106357086757	0.02683723554	-0.0546864657472	-0.0214047972154	0.000848980743945	0.0162290057088	0.00757904099827	-0.0253030800349	-0.0645184291586	-0.0377504823892	0.0667025204931	0.037488883027
k__Bacteria;p__Bacteroidetes;c__Bacteroidia;o__Bacteroidales;f__Bacteroidaceae;g__Bacteroides;s__Bacteroides_ovatus	-0.0217616744142	-0.0192289780514	-0.046941704643	-0.0194684329039	0.0208019535332	1.0	0.0116880505585	0.0354972392709	-0.0151869428442	-0.0259837241136	0.0617473448724	0.024366045244	-0.029915037858	0.00675639544439	-0.0388002806147	0.0197893325079	0.0062710400246	-0.0482313981708	-0.0613675353175	0.0071068980749	0.0257900779738	-0.0459814600055	0.0317424628746	0.0957064641419	-0.0267045166117	-0.0156145792277	-0.0166467103469	-0.0345357735382	-0.00999372479374	-0.0214165853618	0.0278106079871	-0.026876952397	-0.0625554613146	-0.0193518677735	-0.0233056403143	-0.00918178579934	0.0160243439083	0.0506927018248	-0.0575042007044	0.024373053824	0.0414578757658	-0.0326570555576	0.0105227396463	0.0170544033003	-0.0155286118317	0.0390253610051	-0.0514183236312	0.0973381977654	-0.0274788858941	-0.0117587524182	0.0205777349893	-0.058328601921	-0.070247316982	-0.0322431300509	-0.0412583196088	-0.0229494500772	-0.059188199508	0.0122138093855	0.0203895813902
k__Bacteria;p__Bacteroidetes;c__Bacteroidia;o__Bacteroidales;f__Rikenellaceae;g__Alistipes;s__Alistipes_shahii	-0.0498828704294	-0.0084348110182	-0.0404064099294	0.000293807075051	-0.0744785897302	0.0116880505585	1.0	-0.0771187140883	0.0449788191685	-0.0526557650127	0.0126251126831	-0.0112284523481	-0.033721648332	-0.00737121273985	0.0652933207704	-0.0149613221274	0.0249009439154	-0.0271584436262	-0.0343542638497	0.025489453967	0.0152152512157	0.000719573881195	0.00559004250059	-0.0193042886742	0.0925181533481	-0.00599193802827	0.118316509467	-0.0509403784435	-0.0553259579916	-0.0666149455551	-0.00648113236334	0.00686197091689	0.00805943411982	0.025631532387	-0.0312208656305	0.0821347104151	-0.0921253978217	-0.0251523261151	-0.00539719396359	-0.00567070068727	0.0023938732983	-0.0402244102969	0.0419646104961	-0.000711034854135	0.0482178492139	-0.0624066894954	0.00270211696764	-0.0508924199354	0.0258060973812	0.077242472353	0.0234500444874	0.0364741732268	-0.0100527251053	-0.0815973295985	0.00836963959102	-0.0366514114944	0.0541163487078	-0.0252784245388	-0.000826192852747
k__Bacteria;p__Firmicutes;c__Clostridia;o__Clostridiales;f__Ruminococcaceae;g__Faecalibacterium;s__Faecalibacterium_prausnitzii	0.0688352250238	-0.0222824937843	-0.00372997190837	0.0588946225727	0.0516351933822	0.0354972392709	-0.0771187140883	1.0	-0.0341382734527	-0.0526845225554	-0.0495873996029	0.012331197003	-0.047164995231	0.0216703567256	0.0324008700882	-0.000435096465971	-0.0346844194783	0.0646106062766	-0.033188678165	0.0474258488005	0.0590466441285	0.0622325044837	-0.0224329459309	-0.005627585777	-0.0150157680604	0.0552568880895	0.0123484447904	-0.0456348905197	-0.0450967043478	-0.00543787814769	0.0510029173616	-0.0170090015564	0.0532518905427	-0.0415305032841	-0.0258665201382	-0.0260385050054	0.0306515715818	-0.00134083543428	0.0471291041622	-0.113337547805	0.0159541492929	-0.0541217259612	0.0254675850524	0.05408191097	0.0314122516909	0.0733377911584	0.0179468543524	-0.0308176572404	-0.102979443951	0.0101703297438	0.0206457616692	-0.0167597075582	0.00543566912306	-0.0342172198306	-0.0924286347462	0.000881958364062	-0.00352196393464	-0.0130753884675	-0.0424207229704
k__Bacteria;p__Bacteroidetes;c__Bacteroidia;o__Bacteroidales;f__Rikenellaceae;g__Alistipes;s__Alistipes_finegoldii	0.00440564952942	-0.0384673826787	-0.0289360065383	-0.0189417633331	0.00383619255874	-0.0151869428442	0.0449788191685	-0.0341382734527	1.0	0.0212091887354	-0.0421914329653	-0.0161797166896	-0.0273465981299	0.018314532516	-0.0111282598135	0.0512298454239	-0.0214239761983	0.00333106698239	0.0428336716938	0.0401756229542	0.0413461212714	-0.0349165808227	-0.049498040027	0.0413968053069	0.00704932560704	-0.0275924186939	-0.0635656308385	0.0242924149021	-0.0527034522634	-0.0231509413344	-0.0385072111904	0.0246151821831	0.0236207829885	-0.00187739729545	-0.0320076951854	0.0367719559953	-0.0308183974268	-0.0423637377214	-0.0554997580126	-0.0254849467433	-0.0142917654891	0.0501729023138	0.0179625692681	0.0204522896242	-0.0296488751122	-0.00520310483268	-0.00921563826191	-0.0389611095741	-0.0108365794765	0.00976008744603	-0.0195772141088	-0.00472857928828	0.016640620946	-0.0774828713142	-0.072365790955	-0.0395286037227	-0.00954910544867	-0.0246813225418	0.0172309030286
k__Bacteria;p__Bacteroidetes;c__Bacteroidia;o__Bacteroidales;f__Porphyromonadaceae;g__Parabacteroides;s__Parabacteroides_distasonis	-0.0321050011631	0.000353122616881	-0.0252021210257	-0.0369089355332	0.00278778040539	-0.0259837241136	-0.0526557650127	-0.0526845225554	0.0212091887354	1.0	0.0445668803827	-0.00318246867818	-0.0310593528308	0.00184050708284	-0.0150828813305	0.010208850293	-0.00237278449298	-0.0432718924213	-0.0867758650195	0.00240825303893	-0.0077159728916	-0.0184774696183	0.00355868783205	0.0128714291316	-0.0786430908774	0.00625711623876	-0.0520368094042	0.0304810957587	-0.0355402697489	0.0320764848854	0.0226325127013	-0.0532209858307	-0.0344658921645	0.00610381514912	0.0391831895503	0.0105515732846	-0.017857932457	-0.00238265479621	0.0066475732167	0.0755440990439	-0.0639150321141	-0.0666910570437	-0.0745193434081	0.012166121318	-0.0149003684104	0.0371612433312	0.0254765311145	-0.00150394281662	0.0414727661063	0.0750215919974	-0.0353794072128	0.0165678591463	0.014973381312	0.0450438753162	-0.0113199964065	-0.0129854395029	-0.0401654612207	-0.0118184845668	-0.0163446064957
k__Bacteria;p__Bacteroidetes;c__Bacteroidia;o__Bacteroidales;f__Bacteroidaceae;g__Bacteroides;s__Bacteroides_thetaiotaomicron	0.039367995319	0.000339031535322	-0.0631032209814	0.00948555310779	-0.0542719835292	0.0617473448724	0.0126251126831	-0.0495873996029	-0.0421914329653	0.0445668803827	1.0	0.0354279573051	-0.0173659071989	-0.0273307026451	-0.0170728565026	-0.0353516015932	0.0329045340163	-0.00961120409932	0.00203190332705	-0.0371869048385	0.0357966872647	-0.090486975725	0.0287530400902	-0.0323931284308	-0.00825377331552	0.0269840513806	0.0162311860881	0.00530187958571	0.000241868714178	0.00783423942397	-0.0243472430607	-0.0159994063938	-0.0356827990855	-0.0150641067539	0.0788072704118	-0.0194896870453	0.0615244122481	-0.0585040672576	-0.0463275878947	-0.0441082015161	-0.0783358035403	-0.0477658282411	-0.00147264813507	0.00012416927897	-0.0151006243181	-0.0228037027146	0.0323658847034	-0.00312551908863	-0.0426107644791	0.00948809891147	0.0748346662544	-0.019540619691	-0.0712317736021	0.019489818272	0.0602434566761	-0.0519911964279	0.00437900933087	-0.0815606160148	-0.0424125286401
k__Bacteria;p__Bacteroidetes;c__Bacteroidia;o__Bacteroidales;f__Bacteroidaceae;g__Bacteroides;s__Bacteroides_coprocola	0.0633636399212	0.0687166137594	0.000665358874774	-0.0671823501511	-0.0400556737489	0.024366045244	-0.0112284523481	0.012331197003	-0.0161797166896	-0.00318246867818	0.0354279573051	1.0	-0.00804332654444	0.0773596790208	-0.0588148625643	0.0870488590508	-0.00974675874742	-0.0585173099034	0.0351423412499	-0.0422336865679	-0.045142489595	0.00717169011802	-0.0600261162755	-0.00996670622881	0.0830012539913	0.0243294343346	-0.120279326098	0.0180714144047	-0.0367845702758	-0.111490316451	-0.0403679390026	-0.0856944450781	-0.00776003662532	-0.00706197944534	-0.00432281187124	-0.0301878348445	-0.0906218370951	0.0494392009079	-0.00382987782327	-0.0142372307247	-0.00960270188342	-0.0264678273197	0.0207835947835	0.00102653302596	-0.0263513142548	-0.0847414624383	0.0742171085731	-0.072266376734	0.0144609573192	-0.00254476258465	0.0165867993501	-0.0150887419088	-0.0788932371031	0.0970524183634	0.0138181441823	0.0100813780874	0.0280317115635	0.026545573934	0.0269207789589
k__Bacteria;p__Bacteroidetes;c__Bacteroidia;o__Bacteroidales;f__Bacteroidaceae;g__Bacteroides;s__Bacteroides_cellulosilyticus	-0.0459689377824	-0.00965250239241	-0.0208784495297	-0.0547014129951	0.061460482336	-0.029915037858	-0.033721648332	-0.047164995231	-0.0273465981299	-0.0310593528308	-0.0173659071989	-0.00804332654444	1.0	0.0416209974371	-0.0408283077631	0.0213298329549	0.00154665817165	-0.0112166371416	-0.0601713774766	-0.0298059084145	-0.00550376896474	0.0503230425214	-0.0187520672735	0.043017998341	-0.00304422125915	-0.00304380334862	-0.0739381465457	-0.0412467676816	-0.0152411362396	0.0370664026884	0.00801191858699	-0.0649906665751	-0.0296273930778	0.0782840091881	-0.0511788737812	-0.0414433321528	0.0101114158162	-0.0427435756065	-0.0762836538221	0.00859122887083	0.032892222493	-0.00809616551952	-0.00570399370907	-0.0170430202321	0.012171747474	-0.0133930080271	0.0230036720506	0.0139826597386	0.0173004689009	-0.0455667469213	0.0107464758458	-0.0488751976505	0.086944714474	-0.051380326712	-0.0316568305854	-0.0331106830923	0.0661707196078	0.0154246231211	-0.0214591042924
k__Bacteria;p__Bacteroidetes;c__Bacteroidia;o__Bacteroidales;f__Rikenellaceae;g__Alistipes;s__Alistipes_obesi	-0.0115207903183	-0.0928595566693	0.00428424381591	-0.0364240129644	-0.0398541636861	0.00675639544439	-0.00737121273985	0.0216703567256	0.018314532516	0.00184050708284	-0.0273307026451	0.0773596790208	0.0416209974371	1.0	-0.0198634339329	-0.0119298131523	0.0192510877253	0.0507664517023	0.0236665461367	0.00213687399534	0.00870506692456	0.0301748873165	0.0354955471465	-0.0111030321952	-0.0437236927269	0.0340412841793	-0.0523032510497	-0.0249267293878	-0.0415664553279	-0.00766410450499	-0.0523332812608	-0.0224443965429	-0.0294338915616	-0.00402344511845	0.0585364156951	-0.0128835707121	0.013128202043	0.00280770692334	0.0138441340238	-0.0548491955066	0.0272532284464	-0.00087249767841	-0.0473123040849	0.00605123261702	0.033748316932	0.00252653333488	-0.094432856526	0.016495157441	-0.0193444875545	-0.0347008068881	-0.0328511652273	-0.0510321777389	-0.00825111686011	0.0210987477429	0.0546720811355	-0.0146756325935	0.0608330930117	-0.0173347808472	0.00243574481668
k__Bacteria;p__Firmicutes;c__Clostridia;o__Clostridiales;f__Lachnospiraceae;g__;s__[Eubacterium]_rectale	0.0011673790475	0.0269137969773	-0.0420733846596	-0.0723910943417	-0.0613100990033	-0.0388002806147	0.0652933207704	0.0324008700882	-0.0111282598135	-0.0150828813305	-0.0170728565026	-0.0588148625643	-0.0408283077631	-0.0198634339329	1.0	-0.0583078907862	0.0330466379907	-0.046412906417	-0.0617781060981	0.0434245695938	0.0107403682043	-0.0498396140882	0.0137592226658	0.0109531209566	0.0022564192969	-0.00713494642199	-0.016776051603	0.00856668481849	0.0428904388187	0.0520672107173	0.0161444388752	-0.0362497587191	0.0450958628131	0.0509988678566	-0.0774248951344	0.0420636416571	-0.01398568036	0.0278806017569	-0.0686876428922	-0.07003345353	-0.0068745429927	0.00801424556612	0.00649231303497	-0.0283397784261	-0.050374906139	0.0455259528286	0.0118188137869	-0.0646122932339	0.0393489295704	-0.019175554202	-0.0786954143516	0.0600102560038	-0.0170174149226	0.00128259001751	-0.0377925080239	0.0120951938775	0.0146150251379	-0.0158282691884	0.0648465106648
k__Bacteria;p__Bacteroidetes;c__Bacteroidia;o__Bacteroidales;f__Bacteroidaceae;g__Bacteroides;s__Bacteroides_plebeius	-0.0339864916079	0.0087118901122	-0.074129993099	-0.0486002190583	-0.00738703577252	0.0197893325079	-0.0149613221274	-0.000435096465971	0.0512298454239	0.010208850293	-0.0353516015932	0.0870488590508	0.0213298329549	-0.0119298131523	-0.0583078907862	1.0	-0.00262814223647	-0.022153240599	0.0365218002657	-0.0300887688263	-0.0223662179279	-0.0580448944405	-0.0391866600822	-0.00475103896869	0.0295385853375	0.0349526957583	0.0261084753106	0.00539537204026	0.00750533582022	-0.0221657697114	-0.0196848866747	-0.0375525022385	-0.0414141709752	-0.0499077674308	0.0353545720793	0.0563307418632	-0.0415085805364	-0.0655682389315	-0.0109354027861	-0.0320881967396	0.0431203080806	0.029263149937	0.0247605798517	0.0379598443042	0.0412277738887	-0.00546980864243	-0.0196495557373	-0.0262289236715	-0.0400435506651	-0.0861916834733	-0.0257848445074	-0.00234844745266	0.00875197160891	-0.0304001554207	0.0101041583232	0.06213635365	-0.0608512406163	-0.0523146523744	-0.058192759635
k__Bacteria;p__Bacteroidetes;c__Bacteroidia;o__Bacteroidales;f__Bacteroidaceae;g__Bacteroides;s__Bacteroides_fragilis	0.0559932823231	-0.028324645026	-0.0951443764682	0.0151211799618	0.0133776939581	0.0062710400246	0.0249009439154	-0.0346844194783	-0.0214239761983	-0.00237278449298	0.0329045340163	-0.00974675874742	0.00154665817165	0.0192510877253	0.0330466379907	-0.00262814223647	1.0	-0.0150919636437	-0.0296385611521	0.0274932090507	0.0120449038809	-0.0434531213283	-0.0447389696277	0.0532199211056	-0.010868350433	-0.0994702444616	0.0709149023239	-0.0573785643778	-0.0509703305924	0.00733711097636	-0.0123900810673	0.0111311957617	0.0585333419973	-0.0224253792342	0.00226456805292	-0.0155969095216	-0.0266254844355	-0.0218391973299	-0.0154698822833	0.0336139341353	-0.0339002994536	-0.0246587813744	-0.0215246836888	-0.0492970565272	0.0663037942153	-0.0274605057346	-0.0482465025464	-0.0414649319739	0.000670152026272	0.0784088580652	-0.0292904750646	-0.0396039607065	0.0175401643203	0.0052031957408	-0.0748471196218	0.0783847058056	0.0349945007499	-0.08289237848	0.00664107476461
k__Bacteria;p__Proteobacteria;c__Betaproteobacteria;o__Burkholderiales;f__Sutterellaceae;g__Sutterella;s__Sutterella_wadsworthensis	-0.00843801211536	-0.0395027458422	-0.0418936611791	-0.023653819999	0.0104566025415	-0.0482313981708	-0.0271584436262	0.0646106062766	0.00333106698239	-0.0432718924213	-0.00961120409932	-0.0585173099034	-0.0112166371416	0.0507664517023	-0.046412906417	-0.022153240599	-0.0150919636437	1.0	-0.0640800569931	-0.0723523746327	-0.0139010073178	0.138417147007	-0.0258182541023	0.00457301424467	-0.0288042911111	-0.012481211216	-0.0787559782557	0.0225765329501	0.0252956128199	-0.0221383434398	0.0674698177671	0.00977162710214	-0.106823662028	-0.0841935751201	-0.0602740232062	0.04689000326	0.0451312863906	0.0259340833397	0.020359345562	-0.0781936608072	-0.0672872923322	-0.00926701838356	0.000170695730649	-0.00813785769909	0.00241909054163	0.0409434307501	-0.00999312257418	-0.00611505076113	-0.0456620886322	0.0644844076416	-0.0169571947027	-0.0563284760321	0.00974301036598	-0.0336050446236	-0.0743813363898	0.0342629042703	-0.0238784293969	0.0323696140079	0.0236521431317
k__Bacteria;p__Bacteroidetes;c__Bacteroidia;o__Bacteroidales;f__Porphyromonadaceae;g__Barnesiella;s__Barnesiella_intestinihominis	0.0423578836717	-0.0408936508424	0.00631674231562	-0.0754599170771	0.0246970715256	-0.0613675353175	-0.0343542638497	-0.033188678165	0.0428336716938	-0.0867758650195	0.00203190332705	0.0351423412499	-0.0601713774766	0.0236665461367	-0.0617781060981	0.0365218002657	-0.0296385611521	-0.0640800569931	1.0	-0.00947566284965	-0.0397032406887	-0.0754246511481	-0.0216608375421	0.0143653364731	0.00440843245177	-0.0151790997316	-0.0595519419427	-0.0616493364519	0.00433308214421	-0.0320819721685	-0.0560229778122	-0.00744037161501	0.0651780141191	0.00274725222772	-0.0686906379223	0.0226851671279	-0.0195694963573	-0.0234259503254	-0.011740855688	0.0112599820913	-0.00439130412669	-0.022563779894	0.0172997580309	0.031454186574	0.00489671862126	0.0733355867894	-0.0197837389309	-0.0303945109548	0.0356183082494	0.0116345234774	0.0336185481422	0.102281149343	0.0312072347025	0.00551888274405	-0.00992428679344	-0.143094553192	0.0214764955858	-0.027617533021	-0.0387515766322
k__Bacteria;p__Bacteroidetes;c__Bacteroidia;o__Bacteroidales;f__Odoribacteraceae;g__Odoribacter;s__Odoribacter_splanchnicus	0.0159629178303	-0.0097907297591	-0.0744930733744	-0.0429665620406	0.0157749310778	0.0071068980749	0.025489453967	0.0474258488005	0.0401756229542	0.00240825303893	-0.0371869048385	-0.0422336865679	-0.0298059084145	0.00213687399534	0.0434245695938	-0.0300887688263	0.0274932090507	-0.0723523746327	-0.00947566284965	1.0	-0.00185926993894	-0.00820423515744	-0.0378095808749	-0.0185490806677	-0.0285187535796	-0.0173364407588	-0.00790695351766	-0.0714005327705	0.0120394459968	-0.0754449600376	0.000715330814527	-0.0107069568804	0.00223752234113	-0.00178990473857	-0.010311765322	-0.0647346091854	0.0217142430801	-0.00134041313594	0.0338362431401	-0.0159819224391	0.00671776145	-0.0259026156416	-0.0477475403062	-0.0425562936447	0.0292251165087	-0.0238729284113	0.041926315177	-0.0848697697081	0.0368371503548	0.0105202173938	-0.0387492079358	0.0376656440708	0.022768497801	0.0219597334359	0.00697667777881	0.110375856094	-0.00307240580511	-0.0287845886314	0.0281560228216
k__Bacteria;p__Bacteroidetes;c__Bacteroidia;o__Bacteroidales;f__Bacteroidaceae;g__Bacteroides;s__Bacteroides_salyersiae	0.0201764373818	-0.0564600733374	-0.035879364325	-0.00742014407653	-0.0497262886481	0.0257900779738	0.0152152512157	0.0590466441285	0.0413461212714	-0.0077159728916	0.0357966872647	-0.045142489595	-0.00550376896474	0.00870506692456	0.0107403682043	-0.0223662179279	0.0120449038809	-0.0139010073178	-0.0397032406887	-0.00185926993894	1.0	-0.101314202882	-0.0920237736902	0.0159539548132	-0.0045158376735	0.10125196131	-0.0145335269364	0.0247417896151	0.0382482170215	0.0103595488083	-0.0488112227778	0.0230447606552	-0.0196326682298	0.0646692261682	-0.0482126598867	-0.00412779484433	-0.0536300078934	-0.0709334638931	0.00414272894083	-0.0390064068131	-0.118975970014	-0.0300839168821	0.0113621644596	0.0551624641381	-0.0396453185726	0.0216927856053	0.020780263329	-0.0757063687271	-0.0192857718998	0.00554836797581	0.0218433351755	-0.00659916836622	0.0306591403951	-0.0535336628877	-0.069911222109	0.000399350416462	-0.0471166024415	-1.3816104311e-05	-0.011651011247
k__Bacteria;p__Firmicutes;c__Clostridia;o__Clostridiales;f__Ruminococcaceae;g__Ruminiclostridium;s__[Eubacterium]_siraeum	0.0714763589498	-0.0440577934987	0.0319084777572	0.00665554665	0.000309428905841	-0.0459814600055	0.000719573881195	0.0622325044837	-0.0349165808227	-0.0184774696183	-0.090486975725	0.00717169011802	0.0503230425214	0.0301748873165	-0.0498396140882	-0.0580448944405	-0.0434531213283	0.138417147007	-0.0754246511481	-0.00820423515744	-0.101314202882	1.0	0.0193172587894	0.0561873182617	-0.0303023654192	-0.163102876692	-0.0704709172895	0.0644891514551	-0.00728887515736	0.066547435429	-0.0114233933388	0.0254689274767	0.0115369178749	-0.059038734322	0.0115904545807	-0.0056837914719	-0.0685204991784	-0.0101817929849	-0.0463819542367	-0.00999371322223	0.0457925017421	0.0885878198978	-0.00539081708681	-0.0536828033638	0.0421593182396	-0.0118760226628	-0.0432720368167	-0.00329387986974	-0.0285977984267	0.0211055235337	0.0397210508353	0.0534016246973	0.069922763891	-0.042708057283	0.0369627716774	-0.0331904731392	0.0236768846115	-0.0240396583196	0.0459129124904
k__Bacteria;p__Proteobacteria;c__Betaproteobacteria;o__Burkholderiales;f__Sutterellaceae;g__Parasutterella;s__Parasutterella_excrementihominis	-0.00139595544133	0.0254618184803	-0.0303349073779	0.0590496642376	-0.0842051326298	0.0317424628746	0.00559004250059	-0.0224329459309	-0.049498040027	0.00355868783205	0.0287530400902	-0.0600261162755	-0.0187520672735	0.0354955471465	0.0137592226658	-0.0391866600822	-0.0447389696277	-0.0258182541023	-0.0216608375421	-0.0378095808749	-0.0920237736902	0.0193172587894	1.0	0.0423738736491	-0.0130296156243	-0.00494015653093	-0.0458893710488	0.0133771382581	0.0305187935911	-0.0325731319592	-0.0501483305442	-0.00277165754406	-0.0663815570446	-0.0190139915062	0.0664988542402	0.00147866330669	0.0234211524498	-0.0854255456364	0.0239610674354	0.00863329325438	0.0252597210479	-0.0517779358941	-0.0417481419153	-0.0495837431313	0.0612769432033	-0.0765255156259	-0.00840816269958	0.0230800188616	0.0307801186558	0.0121680240861	-0.0668120563694	0.0314138599172	-0.055767139888	0.0147465489941	-0.0100423411605	0.0102824626038	0.0329141583883	-0.0808810562026	-0.00515498295511
k__Bacteria;p__Actinobacteria;c__Actinobacteria;o__Bifidobacteriales;f__Bifidobacteriaceae;g__Bifidobacterium;s__Bifidobacterium_adolescentis	0.040431473125	-0.00675889093335	0.0167190286671	0.0183894945515	-0.020857292591	0.0957064641419	-0.0193042886742	-0.005627585777	0.0413968053069	0.0128714291316	-0.0323931284308	-0.00996670622881	0.043017998341	-0.0111030321952	0.0109531209566	-0.00475103896869	0.0532199211056	0.00457301424467	0.0143653364731	-0.0185490806677	0.0159539548132	0.0561873182617	0.0423738736491	1.0	0.034954546696	-0.0400391207122	-0.0133363524912	-0.0625773050751	-0.0242982703515	-0.0376953035712	-0.0398493773999	-0.0322851587395	-0.0544378500439	-0.0689689109906	-0.00752012378656	0.00727276494038	-0.0581797310431	0.0576755968733	0.0185273920453	-0.0200261971874	-0.0115327959008	-0.033538794382	0.0028652038946	-0.0593300967072	0.00766745129003	-0.0231941876607	-0.0150856921429	-0.067142081895	-0.0219818888491	-0.0217750922579	-0.0197770500001	-0.0295662559628	-0.0349455496244	-0.0115841993409	0.0286663046095	0.0924486253791	0.0495382553757	-0.0386197825014	0.00891235556818
k__Bacteria;p__Firmicutes;c__Clostridia;o__Clostridiales;f__Oscillospiraceae;g__Oscillibacter;s__Oscillibacter_sp._KLE_1745	0.0486417178187	-0.0224769955556	-0.00625118653971	0.0568974038419	0.0054570771094	-0.0267045166117	0.0925181533481	-0.0150157680604	0.00704932560704	-0.0786430908774	-0.00825377331552	0.0830012539913	-0.00304422125915	-0.0437236927269	0.0022564192969	0.0295385853375	-0.010868350433	-0.0288042911111	0.00440843245177	-0.0285187535796	-0.0045158376735	-0.0303023654192	-0.0130296156243	0.034954546696	1.0	-0.00899376575868	-0.00773581959487	0.0230297873205	-0.0168305014245	-0.0375197567678	-0.0569639883904	-0.0550327706982	0.0452467222315	-0.0250352893258	-0.0207898128288	-0.108743313104	-0.0102586138806	0.013015621859	-0.0364741457552	-0.0662842328123	0.0118584318521	0.00642296712535	-0.035392829898	-0.0303531972313	-0.0178481951033	-0.0142288479868	-0.0311823063646	0.0272058640883	0.0240343040426	0.034710668949	0.0544916152443	-0.0569809680126	-0.050314859511	-0.0286424715268	0.0169725683518	-0.0333497730381	-0.104098896444	0.00790181470818	-0.0747080792322
k__Bacteria;p__Bacteroidetes;c__Bacteroidia;o__Bacteroidales;f__Bacteroidaceae;g__Bacteroides;s__Bacteroides_coprophilus	0.0276187164031	-0.0667780002749	-0.0268662748841	0.0406411609158	-0.00398689839063	-0.0156145792277	-0.00599193802827	0.0552568880895	-0.0275924186939	0.00625711623876	0.0269840513806	0.0243294343346	-0.00304380334862	0.0340412841793	-0.00713494642199	0.0349526957583	-0.0994702444616	-0.012481211216	-0.0151790997316	-0.0173364407588	0.10125196131	-0.163102876692	-0.00494015653093	-0.0400391207122	-0.00899376575868	1.0	-0.0191782054746	-0.0183901114604	-0.0311535230305	-0.0654411685824	0.0637497870681	-0.0761401722116	-0.0788724158499	-0.0386380806875	-0.00331213377018	-0.0209920593423	-0.0468706871086	-0.00837589351604	-0.0456189552104	-0.112735998746	-0.0629462233183	0.00889402153602	-0.0159859898172	-0.0297008490224	-0.015857502822	0.0518784452879	-0.000946460975244	-0.0771461610906	-0.0223296384181	-0.0221535968269	0.00328849775048	0.0349649480838	-0.0882305566221	-0.0734814829759	0.0211586022855	0.0309777693979	0.00240173829321	-0.00617619569622	0.00564505406094
k__Bacteria;p__Firmicutes;c__Clostridia;o__Clostridiales;f__Lachnospiraceae;g__Roseburia;s__Roseburia_intestinalis	-0.0546931797573	-0.0599143801122	-0.0146262736867	0.0390604688408	-0.0197431602787	-0.0166467103469	0.118316509467	0.0123484447904	-0.0635656308385	-0.0520368094042	0.0162311860881	-0.120279326098	-0.0739381465457	-0.0523032510497	-0.016776051603	0.0261084753106	0.0709149023239	-0.0787559782557	-0.0595519419427	-0.00790695351766	-0.0145335269364	-0.0704709172895	-0.0458893710488	-0.0133363524912	-0.00773581959487	-0.0191782054746	1.0	-0.0312658962164	-0.046701548058	-0.0154354279574	-0.00920875260323	0.0471346912003	0.053056782794	-0.00797055519803	0.0564458844277	0.067439698888	-0.00370585253375	-0.0396496908106	0.0774998019839	-0.0112871524432	0.0257199981405	0.0274450976454	0.0395697545962	-0.0612399216415	0.0139132460885	-0.0449594754433	-0.0507831382467	-0.00539322261687	-0.0181418777429	-0.0631575350373	0.0058378525933	0.0152488338909	-0.0614218823914	-0.00522508295214	-0.0674128998611	-0.0470298787803	0.0680966233086	0.0113540807924	0.0279268995332
k__Bacteria;p__Firmicutes;c__Clostridia;o__Clostridiales;f__Lachnospiraceae;g__Roseburia;s__Roseburia_hominis	-0.0629997752624	-0.056486384107	0.00529312082755	-0.0516507652995	0.0109272956476	-0.0345357735382	-0.0509403784435	-0.0456348905197	0.0242924149021	0.0304810957587	0.00530187958571	0.0180714144047	-0.0412467676816	-0.0249267293878	0.00856668481849	0.00539537204026	-0.0573785643778	0.0225765329501	-0.0616493364519	-0.0714005327705	0.0247417896151	0.0644891514551	0.0133771382581	-0.0625773050751	0.0230297873205	-0.0183901114604	-0.0312658962164	1.0	0.0903289434187	0.0681777300013	-0.0465231785641	0.0113969458932	0.0988665659192	0.000516853103898	-0.0617837261785	-0.00749257474749	0.0184666151676	-0.0145781232457	-0.0333413847217	0.104013385874	-0.00184244470995	0.00452401244505	-0.00121079018425	-0.0568074336915	-0.0148457857126	0.0225243045902	0.01657716879	0.0287564888884	-0.0176111223931	0.000402867546419	0.0228854841269	0.0578678124657	0.0317454990621	-0.00590531829316	0.0287297172192	-0.100867978588	-0.0705850444514	-0.0424514525608	-0.0453119197781
k__Bacteria;p__Bacteroidetes;c__Bacteroidia;o__Bacteroidales;f__Porphyromonadaceae;g__Parabacteroides;s__Parabacteroides_johnsonii	-0.0512354816872	-0.0823454746724	-0.0540331239011	0.0174282412561	-0.00358834258414	-0.00999372479374	-0.0553259579916	-0.0450967043478	-0.0527034522634	-0.0355402697489	0.000241868714178	-0.0367845702758	-0.0152411362396	-0.0415664553279	0.0428904388187	0.00750533582022	-0.0509703305924	0.0252956128199	0.00433308214421	0.0120394459968	0.0382482170215	-0.00728887515736	0.0305187935911	-0.0242982703515	-0.0168305014245	-0.0311535230305	-0.046701548058	0.0903289434187	1.0	-0.0431155001611	-0.0561710635596	-0.107283281489	0.0290557350517	0.0271516377382	0.0835225947952	-0.00846058388787	-0.114051447619	-0.013321946243	0.00986072813323	-0.00307645698924	-0.0206030657615	0.0303353960601	-0.0594667558555	0.0965405486868	0.0474860306502	-0.0165502792156	0.00524729006401	-0.0335244469578	-0.0198045453644	-0.0466549337688	0.0626125321356	-0.0786223820861	-0.00935837133249	0.0203516777045	0.0515178446657	-0.0428496125409	0.0673781529167	-0.013425905448	0.00513174225468
k__Bacteria;p__Actinobacteria;c__Actinobacteria;o__Bifidobacteriales;f__Bifidobacteriaceae;g__Bifidobacterium;s__Bifidobacterium_longum	0.0128880840707	-0.00343426287071	0.0219466799646	-0.0553617017936	-0.111406637789	-0.0214165853618	-0.0666149455551	-0.00543787814769	-0.0231509413344	0.0320764848854	0.00783423942397	-0.111490316451	0.0370664026884	-0.00766410450499	0.0520672107173	-0.0221657697114	0.00733711097636	-0.0221383434398	-0.0320819721685	-0.0754449600376	0.0103595488083	0.066547435429	-0.0325731319592	-0.0376953035712	-0.0375197567678	-0.0654411685824	-0.0154354279574	0.0681777300013	-0.0431155001611	1.0	-0.0624169869768	0.0253128751931	0.0172808564213	-0.0409266506062	-0.0287470902314	0.0497402407084	-0.0146085049452	-0.0114492573481	0.0390127063088	-0.0114270798872	0.0265018143242	0.0224515909615	-0.0771173513449	0.0532525057834	0.00340883946349	-0.0413488982844	0.0109419971188	0.00637109897827	0.0724420635446	-0.0782498125943	0.0118435213844	-0.053125577699	-0.0143585395154	-0.0284014361414	-0.0717400569819	-0.0375479675183	-0.00496517880972	0.0425623925586	-0.0166160256942
