#taxonomy	k__Bacteria;p__Bacteroidetes;c__Bacteroidia;o__Bacteroidales;f__Bacteroidaceae;g__Bacteroides;s__Bacteroides_vulgatus	k__Bacteria;p__Bacteroidetes;c__Bacteroidia;o__Bacteroidales;f__Bacteroidaceae;g__Bacteroides;s__Bacteroides_uniformis	k__Bacteria;p__Bacteroidetes;c__Bacteroidia;o__Bacteroidales;f__Rikenellaceae;g__Alistipes;s__Alistipes_putredinis	k__Bacteria;p__Bacteroidetes;c__Bacteroidia;o__Bacteroidales;f__Prevotellaceae;g__Prevotella;s__Prevotella_copri	k__Bacteria;p__Bacteroidetes;c__Bacteroidia;o__Bacteroidales;f__Bacteroidaceae;g__Bacteroides;s__Bacteroides_stercoris	k__Bacteria;p__Bacteroidetes;c__Bacteroidia;o__Bacteroidales;f__Bacteroidaceae;g__Bacteroides;s__Bacteroides_ovatus	k__Bacteria;p__Bacteroidetes;c__Bacteroidia;o__Bacteroidales;f__Rikenellaceae;g__Alistipes;s__Alistipes_shahii	k__Bacteria;p__Firmicutes;c__Clostridia;o__Clostridiales;f__Ruminococcaceae;g__Faecalibacterium;s__Faecalibacterium_prausnitzii	k__Bacteria;p__Bacteroidetes;c__Bacteroidia;o__Bacteroidales;f__Rikenellaceae;g__Alistipes;s__Alistipes_finegoldii	k__Bacteria;p__Bacteroidetes;c__Bacteroidia;o__Bacteroidales;f__Porphyromonadaceae;g__Parabacteroides;s__Parabacteroides_distasonis	k__Bacteria;p__Bacteroidetes;c__Bacteroidia;o__Bacteroidales;f__Bacteroidaceae;g__Bacteroides;s__Bacteroides_thetaiotaomicron	k__Bacteria;p__Bacteroidetes;c__Bacteroidia;o__Bacteroidales;f__Bacteroidaceae;g__Bacteroides;s__Bacteroides_coprocola	k__Bacteria;p__Bacteroidetes;c__Bacteroidia;o__Bacteroidales;f__Bacteroidaceae;g__Bacteroides;s__Bacteroides_cellulosilyticus	k__Bacteria;p__Bacteroidetes;c__Bacteroidia;o__Bacteroidales;f__Rikenellaceae;g__Alistipes;s__Alistipes_obesi	k__Bacteria;p__Firmicutes;c__Clostridia;o__Clostridiales;f__Lachnospiraceae;g__;s__[Eubacterium]_rectale	k__Bacteria;p__Bacteroidetes;c__Bacteroidia;o__Bacteroidales;f__Bacteroidaceae;g__Bacteroides;s__Bacteroides_plebeius	k__Bacteria;p__Bacteroidetes;c__Bacteroidia;o__Bacteroidales;f__Bacteroidaceae;g__Bacteroides;s__Bacteroides_fragilis	k__Bacteria;p__Proteobacteria;c__Betaproteobacteria;o__Burkholderiales;f__Sutterellaceae;g__Sutterella;s__Sutterella_wadsworthensis	k__Bacteria;p__Bacteroidetes;c__Bacteroidia;o__Bacteroidales;f__Porphyromonadaceae;g__Barnesiella;s__Barnesiella_intestinihominis	k__Bacteria;p__Bacteroidetes;c__Bacteroidia;o__Bacteroidales;f__Odoribacteraceae;g__Odoribacter;s__Odoribacter_splanchnicus	k__Bacteria;p__Bacteroidetes;c__Bacteroidia;o__Bacteroidales;f__Bacteroidaceae;g__Bacteroides;s__Bacteroides_salyersiae	k__Bacteria;p__Firmicutes;c__Clostridia;o__Clostridiales;f__Ruminococcaceae;g__Ruminiclostridium;s__[Eubacterium]_siraeum	k__Bacteria;p__Proteobacteria;c__Betaproteobacteria;o__Burkholderiales;f__Sutterellaceae;g__Parasutterella;s__Parasutterella_excrementihominis	k__Bacteria;p__Actinobacteria;c__Actinobacteria;o__Bifidobacteriales;f__Bifidobacteriaceae;g__Bifidobacterium;s__Bifidobacterium_adolescentis	k__Bacteria;p__Firmicutes;c__Clostridia;o__Clostridiales;f__Oscillospiraceae;g__Oscillibacter;s__Oscillibacter_sp._KLE_1745	k__Bacteria;p__Bacteroidetes;c__Bacteroidia;o__Bacteroidales;f__Bacteroidaceae;g__Bacteroides;s__Bacteroides_coprophilus	k__Bacteria;p__Firmicutes;c__Clostridia;o__Clostridiales;f__Lachnospiraceae;g__Roseburia;s__Roseburia_intestinalis	k__Bacteria;p__Firmicutes;c__Clostridia;o__Clostridiales;f__Lachnospiraceae;g__Roseburia;s__Roseburia_hominis	k__Bacteria;p__Bacteroidetes;c__Bacteroidia;o__Bacteroidales;f__Porphyromonadaceae;g__Parabacteroides;s__Parabacteroides_johnsonii	k__Bacteria;p__Actinobacteria;c__Actinobacteria;o__Bifidobacteriales;f__Bifidobacteriaceae;g__Bifidobacterium;s__Bifidobacterium_longum	k__Bacteria;p__Firmicutes;c__Clostridia;o__Clostridiales;f__;g__Flavonifractor;s__Flavonifractor_plautii	k__Bacteria;p__Firmicutes;c__Clostridia;o__Clostridiales;f__Clostridiaceae;g__Clostridium;s__Clostridium_phoceensis	k__Bacteria;p__Verrucomicrobia;c__Verrucomicrobiae;o__Verrucomicrobiales;f__Akkermansiaceae;g__Akkermansia;s__Akkermansia_muciniphila	k__Bacteria;p__Bacteroidetes;c__Bacteroidia;o__Bacteroidales;f__Prevotellaceae;g__Paraprevotella;s__Paraprevotella_xylaniphila	k__Bacteria;p__Firmicutes;c__Clostridia;o__Clostridiales;f__Ruminococcaceae;g__Ruminococcus;s__Ruminococcus_callidus	k__Bacteria;p__Bacteroidetes;c__Bacteroidia;o__Bacteroidales;f__Rikenellaceae;g__Alistipes;s__Alistipes_senegalensis	k__Bacteria;p__Firmicutes;c__Clostridia;o__Clostridiales;f__Lachnospiraceae;g__Blautia;s__Blautia_sp._KLE_1732	k__Bacteria;p__Bacteroidetes;c__Bacteroidia;o__Bacteroidales;f__Bacteroidaceae;g__Bacteroides;s__Bacteroides_oleiciplenus	k__Bacteria;p__Firmicutes;c__Clostridia;o__Clostridiales;f__Ruminococcaceae;g__Ruminococcus;s__Ruminococcus_bicirculans	k__Bacteria;p__Bacteroidetes;c__Bacteroidia;o__Bacteroidales;f__Bacteroidaceae;g__Bacteroides;s__Bacteroides_fluxus	k__Bacteria;p__Bacteroidetes;c__Bacteroidia;o__Bacteroidales;f__Prevotellaceae;g__Prevotella;s__Prevotella_stercorea	k__Bacteria;p__Firmicutes;c__Clostridia;o__Clostridiales;f__Lachnospiraceae;g__Dorea;s__Dorea_longicatena	k__Bacteria;p__Firmicutes;c__Clostridia;o__Clostridiales;f__Eubacteriaceae;g__Eubacterium;s__[Eubacterium]_eligens	k__Bacteria;p__Firmicutes;c__Clostridia;o__Clostridiales;f__Ruminococcaceae;g__;s__Ruminococcaceae_bacterium_D16	k__Bacteria;p__Firmicutes;c__Clostridia;o__Clostridiales;f__Lachnospiraceae;g__Coprococcus;s__Coprococcus_comes	k__Bacteria;p__Proteobacteria;c__Gammaproteobacteria;o__Enterobacterales;f__Enterobacteriaceae;g__Escherichia;s__Escherichia_coli	k__Bacteria;p__Firmicutes;c__Clostridia;o__Clostridiales;f__Ruminococcaceae;g__Anaerotruncus;s__Anaerotruncus_colihominis	k__Bacteria;p__Firmicutes;c__Clostridia;o__Clostridiales;f__Lachnospiraceae;g__Blautia;s__Blautia_obeum	k__Bacteria;p__Bacteroidetes;c__Bacteroidia;o__Bacteroidales;f__Odoribacteraceae;g__Odoribacter;s__Odoribacter_laneus	k__Bacteria;p__Firmicutes;c__Clostridia;o__Clostridiales;f__Ruminococcaceae;g__Ruminiclostridium;s__[Clostridium]_leptum	k__Bacteria;p__Bacteroidetes;c__Bacteroidia;o__Bacteroidales;f__Porphyromonadaceae;g__Parabacteroides;s__Parabacteroides_goldsteinii	k__Bacteria;p__Firmicutes;c__Clostridia;o__Clostridiales;f__Lachnospiraceae;g__Anaerostipes;s__Anaerostipes_hadrus	k__Bacteria;p__Firmicutes;c__Clostridia;o__Clostridiales;f__Ruminococcaceae;g__Ruminococcus;s__Ruminococcus_lactaris	k__Bacteria;p__Firmicutes;c__Clostridia;o__Clostridiales;f__Clostridiaceae;g__Clostridium;s__Clostridium_sp._L2-50	k__Bacteria;p__Firmicutes;c__Clostridia;o__Clostridiales;f__Clostridiaceae;g__Clostridium;s__Clostridium_sp._M62/1	k__Bacteria;p__Firmicutes;c__Clostridia;o__Clostridiales;f__;g__Intestinimonas;s__Intestinimonas_butyriciproducens	k__Bacteria;p__Actinobacteria;c__Actinobacteria;o__Bifidobacteriales;f__Bifidobacteriaceae;g__Bifidobacterium;s__Bifidobacterium_bifidum	k__Bacteria;p__Firmicutes;c__Negativicutes;o__Veillonellales;f__Veillonellaceae;g__Dialister;s__Dialister_invisus	k__Bacteria;p__Bacteroidetes;c__Bacteroidia;o__Bacteroidales;f__Bacteroidaceae;g__Bacteroides;s__Bacteroides_salanitronis
k__Bacteria;p__Bacteroidetes;c__Bacteroidia;o__Bacteroidales;f__Bacteroidaceae;g__Bacteroides;s__Bacteroides_vulgatus	1.0	-0.0256017961428	-0.0646368960168	-0.0404354941726	0.0201158020159	-0.0787075885973	0.043102899819	-0.00779902488293	-0.00830797569817	-0.0137801029468	-0.0163055747553	0.0136176453872	0.0673722453484	0.0869816183644	-0.0454023160802	0.0596856223382	-0.0427117826269	0.0239279297073	0.00720409831333	-0.00533521961393	0.00975972265764	-0.0471747755106	-0.043208420915	-0.0729716918578	-0.0171459262057	-0.00762223427411	-0.015041312817	0.0700014296706	-0.0126436709205	-0.0426008878609	-0.0442774592605	-0.0519481766591	-0.0508545006922	0.00801157451287	0.0323555620249	-9.77376999412e-05	-0.0259724224199	0.0206978057338	0.0429427769716	-0.0777515583744	-0.0060541949165	-0.0377480310682	0.0176561635493	0.0465736586568	0.0373410240096	-0.0215806702367	-0.0148478711136	0.00172294230172	-0.0719123503045	-0.00258351056058	0.0407695340631	0.0448269862693	0.0458409536519	-0.0241834185873	0.00383872939649	-0.0581888234281	0.00776561969732	0.00935572522719	-0.0324926200603
k__Bacteria;p__Bacteroidetes;c__Bacteroidia;o__Bacteroidales;f__Bacteroidaceae;g__Bacteroides;s__Bacteroides_uniformis	-0.0256017961428	1.0	-0.0594580689421	-0.055711571708	0.0274402546949	-0.0346107505672	-0.0094741276017	0.0316203713266	-0.0086632341386	0.0112948451743	-0.0261981124516	0.0777337206433	-0.036153394044	-0.0254044774102	-0.0624718684323	-0.0424903603696	-0.0232913864899	-0.00602355572911	0.0522095911237	-0.0133338154509	-0.0390481016331	-0.020946432782	-0.0724724600921	-0.0260989760532	-0.0106947108792	-0.0219284168036	-0.0666737746285	-0.0546481903046	0.0500230206745	0.00942930363118	-0.0175489762241	-0.000381606044904	0.0552844413743	0.0087545013182	0.00758049881869	-0.025448839871	-0.00794355758327	0.0119868949557	0.0250233684471	-0.0121496535787	0.00165763429125	0.0867559525439	-0.0585457945407	0.0669714348751	0.0463274667891	-0.0240807675642	0.0146615361581	0.0550363450052	-0.088850570441	-0.0183613498998	0.0171216982259	0.0104527921254	0.0313360778227	-0.0177706144098	0.0381145472301	-0.0288217055174	-0.0645477673041	0.0147857674547	0.0376401469374
k__Bacteria;p__Bacteroidetes;c__Bacteroidia;o__Bacteroidales;f__Rikenellaceae;g__Alistipes;s__Alistipes_putredinis	-0.0646368960168	-0.0594580689421	1.0	-0.0181499228116	0.00998735053251	-0.108367879774	0.0565477696884	-0.00341601291898	-0.0240982156859	-0.0253845833458	-0.0068367133563	0.000390182295069	0.044829752464	0.0743937798773	-0.0476366409826	-0.036831299457	0.0162173186146	-0.0348399965101	-0.0118464281399	-0.0602060841163	0.040460364512	0.0132476815551	-0.0322596873242	-0.107295210962	-0.0179993582277	0.01409903018	0.0036539590472	-0.0266192021789	0.0462222168626	-0.0413826194638	0.0033761387023	0.0604051600917	0.0369790579795	-0.0824835393003	-0.0282823319133	-0.0373532761652	-0.0389047493841	-0.032971853758	0.00251732166943	-0.0122373500004	-0.0657507879011	0.00314171189346	-0.0457041824569	0.002291826013	-0.0958306986239	-0.0260363902571	-0.0242461104084	0.0736088357419	0.043180980753	0.00986365555216	-0.00650717175769	-0.0107645712686	0.046847723229	0.056745426443	0.0824921776224	-0.0399680429666	-0.0261107211682	-0.00153383546858	-0.0210068903796
k__Bacteria;p__Bacteroidetes;c__Bacteroidia;o__Bacteroidales;f__Prevotellaceae;g__Prevotella;s__Prevotella_copri	-0.0404354941726	-0.055711571708	-0.0181499228116	1.0	-0.0470309329776	-0.0190099685144	0.000755112048865	-0.00536026214592	0.0157622865057	0.0542069501983	-0.0800072775168	-0.0561761711029	-0.0057344526031	-0.00830784002364	-0.0212094761749	0.012169750432	0.056341148183	-0.0354122452122	-0.0788023273396	-0.0692968647245	-0.0461439309609	0.0668566990397	0.0334333296587	-0.0367177749476	-0.0479626476421	0.00152588423736	0.0429264169911	0.0810015008774	0.0285293600497	-0.0247333390128	0.0314959031256	-0.0545268123069	-0.0726408578855	-0.0452590591446	-0.0208384109455	0.00689222690206	0.060136576517	-0.0113729390241	0.0304666460818	0.0220731036323	0.000985435023146	-0.0383522272915	-0.11074716378	-0.0331163963677	-0.0660161270385	0.00425910256663	-0.0373671573788	-0.00881438636886	-0.00324534391207	0.00705347559872	0.0108639691374	-0.0290105987852	-0.119500768741	0.032637270576	-0.0922227165535	-0.00886358166167	0.0715472286798	0.00454935299044	-0.0482856865519
k__Bacteria;p__Bacteroidetes;c__Bacteroidia;o__Bacteroidales;f__Bacteroidaceae;g__Bacteroides;s__Bacteroides_stercoris	0.0201158020159	0.0274402546949	0.00998735053251	-0.0470309329776	1.0	-0.00230688795398	0.0132085938132	-0.0750714928672	-0.0761808437402	-0.0523597347352	0.0202722659444	0.0400534896064	0.00398505221944	-0.0180513460655	-0.0624900726173	-0.0554143549188	-0.0311588054631	-0.0263974301457	-0.0432962588538	-0.0147474043696	0.0140765899388	-0.0631807367206	0.069410090308	0.0645119761861	0.0793413757267	-0.0434339938463	-0.00602967184935	-0.00644331988622	0.00342797710341	-0.00739177271879	0.018726024112	-0.0187822652558	0.00721304026065	-0.0577653679662	-0.0118752484718	-0.0666946669224	-0.104333804974	-0.0472963967567	0.0374495556891	-0.0281268792137	0.00442029335968	-0.0340096132212	-0.0485989815751	0.0663277325404	-0.100890034444	-0.00295315612421	0.003190294821	0.0389342382652	0.0338215034286	0.0155647754383	-0.0171649971111	0.00960357653775	0.0822633510044	0.0932151868905	-0.0586968431965	-0.0392931663037	0.0282208675279	0.0475065943959	0.0242174979791
k__Bacteria;p__Bacteroidetes;c__Bacteroidia;o__Bacteroidales;f__Bacteroidaceae;g__Bacteroides;s__Bacteroides_ovatus	-0.0787075885973	-0.0346107505672	-0.108367879774	-0.0190099685144	-0.00230688795398	1.0	-0.0708289334051	-0.020138396783	-0.0190793707979	0.00618738653936	-0.0212957923165	-0.024178706975	-0.00599482761504	-0.0302795465543	0.0572085401897	0.0509721893124	-0.043481256587	0.0112329917178	-0.115638026351	0.00523026443603	-0.00971648468223	0.016072424108	-0.0436600577235	0.0256184059675	-0.0679590353856	0.0427506749208	-0.0451756225385	0.0784909688648	-0.0451791104852	-0.0141575048264	-0.00545653331645	0.0500927342562	-0.0577907412759	-0.052747782709	-0.0138607482088	-0.0638073739046	0.00749783802841	-0.013281557088	0.00150614430219	-0.0594347115977	-0.0305300097272	0.0249826847296	-0.000329172233323	-0.0601362395354	0.00593081638838	0.0264293264877	0.0285107612747	-0.0454593311614	0.0668088219991	0.0441039679027	0.0607852102496	0.0188374142282	-0.0214220656723	0.0748055624635	-0.0643702466344	-0.0105740603612	0.0511439790023	-0.0242537230576	-0.0380231669941
k__Bacteria;p__Bacteroidetes;c__Bacteroidia;o__Bacteroidales;f__Rikenellaceae;g__Alistipes;s__Alistipes_shahii	0.043102899819	-0.0094741276017	0.0565477696884	0.000755112048865	0.0132085938132	-0.0708289334051	1.0	0.0237837893	-0.0286890298242	0.019507474994	-0.0124888043306	0.0287697704113	0.102590439105	-0.0120646360129	0.0322943851524	-0.0556900639462	0.00271731526759	-0.0493844143205	0.0189616307508	0.0444471174561	-0.0102418647571	0.0269434076619	-0.0180653997894	-0.00511674927851	-0.0256659496506	-0.0214328331811	0.0196787814249	-0.0288562174832	-0.0867523338533	-0.0231757160324	-0.0159400813594	0.0854594153074	0.0272427905848	0.0035572357254	-0.00966289333119	-0.089654763784	-0.0723627073195	0.0376779013005	-0.0690512698411	-0.0855469772828	-0.045535232377	-0.000319341667255	0.0291525693361	-0.0351052827515	-0.0275922739284	-0.00841590631622	-0.0482323392511	0.0412563015628	-0.0276970809361	-0.0495227403319	-0.0628350855819	-0.0718663315175	-0.0519134158738	-0.024876376995	-0.0305444339084	0.000739809548005	-0.0413120418369	0.0511965296175	0.0558405598142
k__Bacteria;p__Firmicutes;c__Clostridia;o__Clostridiales;f__Ruminococcaceae;g__Faecalibacterium;s__Faecalibacterium_prausnitzii	-0.00779902488293	0.0316203713266	-0.00341601291898	-0.00536026214592	-0.0750714928672	-0.020138396783	0.0237837893	1.0	-0.070602385753	-0.00711490239416	-0.0328971664878	0.0437222970984	-0.0490457724614	0.0210336963483	-0.0332737769695	-0.0254827591662	-0.0299093006509	0.033730992551	-0.0728593072938	0.00417075532149	-0.0329005530454	-0.0371588608363	0.0281532437317	-0.0245797877703	-0.0358732818907	-0.00616208592236	-0.0726648231814	0.0540540891239	-0.0252963880993	0.0499965552249	-0.0201787459045	0.0469267244599	0.0430575411579	-0.0391947315618	0.00749344700319	-0.0776520835703	-0.0153459979924	-0.001920550202	-0.0453344612631	0.0329781221922	0.016239086529	0.0386176551752	-0.0558116338033	-0.0450754006355	0.0817811217373	-0.0352870377593	-0.0395152487958	0.0501542050018	-0.0667549814165	-0.0136065070358	-0.067460219843	-0.0738343289913	0.0115847313686	0.0274760014286	0.0891814310815	0.00964683655391	-0.00883258032142	0.0925438602334	0.0187351611203
k__Bacteria;p__Bacteroidetes;c__Bacteroidia;o__Bacteroidales;f__Rikenellaceae;g__Alistipes;s__Alistipes_finegoldii	-0.00830797569817	-0.0086632341386	-0.0240982156859	0.0157622865057	-0.0761808437402	-0.0190793707979	-0.0286890298242	-0.070602385753	1.0	-0.0672454483207	-0.0282196127391	-0.0572728197528	-0.0950213985481	0.026734456524	0.00753119012301	0.106438711719	-0.0307427984968	-0.0118546481693	-0.0126502132475	-0.0442617256275	-0.0648797116225	-0.0761986923319	0.0180298062793	0.0437569574227	0.0152047105958	0.000355807054406	0.0100744776802	-0.0348118393857	0.0538640529313	0.043069809676	-0.0460784491357	0.0326432470671	0.0252660150676	-0.0241042116487	-0.0332919684371	-0.0358598187519	-0.0317412653366	0.0298967558038	-0.00327775713298	0.0458717866616	-0.0134000832865	0.0503942512993	0.0520196503911	0.0382678580644	0.0122888405725	-0.0487958077248	-0.0591744292974	-0.0387600161914	0.0532682040015	-0.0215283998639	0.0178740419426	0.0458450908255	0.00649840635346	0.0257264382249	-0.0113561966075	0.00655934461566	-0.0182150778468	-0.0214094135159	0.0502701463801
k__Bacteria;p__Bacteroidetes;c__Bacteroidia;o__Bacteroidales;f__Porphyromonadaceae;g__Parabacteroides;s__Parabacteroides_distasonis	-0.0137801029468	0.0112948451743	-0.0253845833458	0.0542069501983	-0.0523597347352	0.00618738653936	0.019507474994	-0.00711490239416	-0.0672454483207	1.0	0.0487173007288	0.0575979686937	-0.0176579185948	-0.0132519405309	-0.0457614255545	-0.023584378138	0.0603253619354	0.0388668352457	0.0438638671387	-0.0529786158793	-0.0268973555211	-0.0289179276528	-0.0816795387458	-0.000477196568786	0.0570293395882	0.00520369802193	-0.0676597033287	-0.00898324460933	0.0180870456196	-0.0346613615386	0.0569765915193	-0.0619128516036	-0.0890256551733	-0.029716620624	-0.0847723084395	-0.0237832646232	0.0528536520744	0.0716761684947	-0.0676691650624	0.00345105423041	0.00323936059231	-0.0702343978052	-0.0138805840675	-0.00725254866579	-0.0283004788847	-0.0302968811172	0.00972646009692	-0.00577652932129	-0.018523347958	-0.00923669221368	0.106063212972	-0.0974054340157	-0.0409043181821	-0.00478178148089	-0.034396050805	-0.0352248961346	0.0120950332396	-0.0923898263456	-0.0414397650563
k__Bacteria;p__Bacteroidetes;c__Bacteroidia;o__Bacteroidales;f__Bacteroidaceae;g__Bacteroides;s__Bacteroides_thetaiotaomicron	-0.0163055747553	-0.0261981124516	-0.0068367133563	-0.0800072775168	0.0202722659444	-0.0212957923165	-0.0124888043306	-0.0328971664878	-0.0282196127391	0.0487173007288	1.0	-0.047823537933	0.0282441638726	0.0170302060535	0.0386475451352	0.0583606233767	-0.0164873274265	0.00768620725808	-0.0153985813562	-0.0626078502645	0.0262067812278	-0.00181833497557	0.0353240388547	-0.0387584499777	0.00610805339366	-0.0529089132383	-0.00949673468852	-0.034355948576	0.00864465441483	-0.0275671975097	-0.0761219525207	-0.113268139715	-0.0301108076448	-0.0843751024427	0.0328224016903	0.0039252431676	0.0777057437624	-0.0492725688154	-0.0633770624527	-0.00300347753045	-0.00532915299829	-0.0891732238558	-0.0385228908173	0.0165842703979	0.0148064805473	0.00110807633504	0.0104101743922	0.00430510848592	0.0163568521696	-0.00426892648098	-0.0628840600312	0.0805372664095	0.0602311181692	-0.000722843649808	0.00408604695092	-0.0353177048896	0.0223845964009	-0.0356237074278	0.0223193630338
k__Bacteria;p__Bacteroidetes;c__Bacteroidia;o__Bacteroidales;f__Bacteroidaceae;g__Bacteroides;s__Bacteroides_coprocola	0.0136176453872	0.0777337206433	0.000390182295069	-0.0561761711029	0.0400534896064	-0.024178706975	0.0287697704113	0.0437222970984	-0.0572728197528	0.0575979686937	-0.047823537933	1.0	-0.045027853331	-0.0994795169575	-0.0281232658059	0.0496206455477	-0.0223987307674	-0.027883266544	-0.00481363332028	-0.0200940183882	-0.083683763396	-0.0492819449423	-0.000425147346654	0.0180964822073	-0.0129910810227	-0.0371979293451	-0.0817352438388	-0.0540265543918	0.0100172657679	0.0076234272066	-0.0322967867622	-0.0210698047664	-0.0786137598701	0.0297847278557	-0.0323881621758	-0.0145025933037	0.0342529760723	-0.0301689556577	-0.0259345423931	0.00924775020944	-0.0207824226353	0.022104675845	-0.025550033351	-0.0748931926668	0.025585048858	-0.0728023179149	0.0139756246552	0.00688730686446	0.0122295480378	-0.103843344867	-0.0165331344846	-0.0169139513792	0.0242367404427	0.0152890756473	-0.049777219149	-0.0112425581189	-0.0256705619183	0.0319823131253	-0.0580895670886
k__Bacteria;p__Bacteroidetes;c__Bacteroidia;o__Bacteroidales;f__Bacteroidaceae;g__Bacteroides;s__Bacteroides_cellulosilyticus	0.0673722453484	-0.036153394044	0.044829752464	-0.0057344526031	0.00398505221944	-0.00599482761504	0.102590439105	-0.0490457724614	-0.0950213985481	-0.0176579185948	0.0282441638726	-0.045027853331	1.0	-0.032525577228	-0.00360086152392	-0.0743105282257	0.0353777084893	-0.0656283362836	-0.021196988267	0.0214883234703	-0.026623404412	-0.117837962212	0.0148456005955	0.0433493595306	0.0355587226319	0.0281263889226	0.00784526274975	-0.0594869254882	-0.0476039056234	-0.00782850464019	0.0421285608664	-0.0255434503549	-0.0184201654872	0.0191637152676	-0.027822574875	-0.0382941513442	-0.0654105468299	-0.025344763557	0.0530099974373	-0.00328855473791	-0.0248073809662	-0.0546954531319	-0.042955839782	-0.0120613354596	-0.0986605274465	0.00127882335932	-0.0110148977803	0.00811408688181	0.00270238106829	-0.0524504003501	-0.00621017517966	0.00301182254348	-0.00265829765154	0.0172461857697	0.00649955383178	-0.0720050922351	0.0687666650234	0.0564952430915	0.00325198390667
k__Bacteria;p__Bacteroidetes;c__Bacteroidia;o__Bacteroidales;f__Rikenellaceae;g__Alistipes;s__Alistipes_obesi	0.0869816183644	-0.0254044774102	0.0743937798773	-0.00830784002364	-0.0180513460655	-0.0302795465543	-0.0120646360129	0.0210336963483	0.026734456524	-0.0132519405309	0.0170302060535	-0.0994795169575	-0.032525577228	1.0	-0.0439314178705	0.0309598458652	0.0195813453771	-0.0672410137774	-0.00068896650967	0.00561731164927	-0.0392814512397	0.0324069645655	-0.0136475168335	-0.0648213431347	-0.0531478859364	0.0335080118955	-0.0899338384508	-0.0598061716134	0.0288636358821	-0.0826195102382	-0.00195748011801	-0.0102110866098	-0.0713433237174	0.0144000790135	-0.00678409505287	-0.00328964103962	0.0104407048305	-0.0220027896427	-0.0491399676681	0.00277836488669	0.013066523918	0.00713812515742	-0.119901621027	-0.0809217779762	-0.0589266713665	0.00332871989276	-0.059882342808	0.0485929947258	0.052099237332	0.0261714674907	0.0268696180557	-0.0195292843885	-0.0259344432861	-0.0145170795286	0.0302557218595	-0.0243194995347	-0.00175835457614	0.037331929793	0.0418134249961
k__Bacteria;p__Firmicutes;c__Clostridia;o__Clostridiales;f__Lachnospiraceae;g__;s__[Eubacterium]_rectale	-0.0454023160802	-0.0624718684323	-0.0476366409826	-0.0212094761749	-0.0624900726173	0.0572085401897	0.0322943851524	-0.0332737769695	0.00753119012301	-0.0457614255545	0.0386475451352	-0.0281232658059	-0.00360086152392	-0.0439314178705	1.0	0.0869654455952	-0.00133014170055	-0.023191639437	-0.0132176749811	0.0855768086657	-0.0571535246459	-0.0377488958381	0.0547532120612	0.0218662375276	-0.0165097343348	-0.0614377891201	0.014259296905	0.0346593252682	0.0581747239841	0.0567306321476	0.0310405110519	-0.0291601754677	-0.0174469230258	-0.0248116916029	-0.00707035232882	-0.0546248324107	0.0344183027736	0.116127366457	0.00934745740175	0.0298509676666	-0.0224928138608	-0.0480632126021	0.0782041504148	-0.0473962024043	-0.0417205367459	0.0458746540533	0.00698313367218	-0.0468523211069	0.0230111921889	-0.00199612820888	-0.0471310550993	0.00881891588336	-0.0851903375994	-0.0167273795801	-0.0804576283657	-0.0227354315466	-0.0304282999823	-0.0291480801884	-0.0566325360906
k__Bacteria;p__Bacteroidetes;c__Bacteroidia;o__Bacteroidales;f__Bacteroidaceae;g__Bacteroides;s__Bacteroides_plebeius	0.0596856223382	-0.0424903603696	-0.036831299457	0.012169750432	-0.0554143549188	0.0509721893124	-0.0556900639462	-0.0254827591662	0.106438711719	-0.023584378138	0.0583606233767	0.0496206455477	-0.0743105282257	0.0309598458652	0.0869654455952	1.0	-0.0203843802275	0.0100205872028	0.0236982996169	-0.00865191151001	-0.0348693971643	0.0285523294057	-0.0373008390586	-0.0145990181096	0.0758700718919	-0.024291945938	-0.0698424317083	0.0392317871815	0.0211226052617	0.0188001129621	-0.0543409140739	-0.0671352199114	-0.0547426215108	-0.0519448981125	-6.30241739987e-05	0.0528529981194	0.0451257402545	-0.030131461933	-0.0769191884926	0.0153050268742	0.00773327959325	-0.0577495721031	-0.0404422408037	0.0171747592305	-0.038529639771	0.0268827351674	0.0758331220457	0.00771808921311	0.0421221843355	0.0242678082635	0.0407881135285	-0.0215683888678	-0.0420159611199	0.0167578670289	-0.0659605905479	0.0107279233551	-0.10194788393	0.0101403028585	0.0174885386446
k__Bacteria;p__Bacteroidetes;c__Bacteroidia;o__Bacteroidales;f__Bacteroidaceae;g__Bacteroides;s__Bacteroides_fragilis	-0.0427117826269	-0.0232913864899	0.0162173186146	0.056341148183	-0.0311588054631	-0.043481256587	0.00271731526759	-0.0299093006509	-0.0307427984968	0.0603253619354	-0.0164873274265	-0.0223987307674	0.0353777084893	0.0195813453771	-0.00133014170055	-0.0203843802275	1.0	0.00824887082309	0.0134259320978	-0.0565927202722	-0.050179861215	0.0583346852406	0.0100234136228	-0.00251827080078	-0.0381748598692	0.0433021478831	-0.0280801733828	-0.0272838891015	-0.0280543392172	0.0625058626873	-0.0387438186089	-0.035158511873	-0.0216005987451	0.0503624140279	0.0433247756096	-0.038470999048	0.0392255319329	-0.0495695024902	0.0265510956176	-0.120365351378	-0.0451342087409	0.0501951975636	0.019689799004	-0.0931579902773	0.0204257841454	0.0221091819001	0.0145277546661	0.0118910328176	-0.00898353504157	0.0144227403447	0.0377277340729	-0.132054588214	-0.0246709528241	-0.011960968202	-0.00622910527415	-0.0364157397999	-0.0416935444732	0.0088288415849	-0.0124617903622
k__Bacteria;p__Proteobacteria;c__Betaproteobacteria;o__Burkholderiales;f__Sutterellaceae;g__Sutterella;s__Sutterella_wadsworthensis	0.0239279297073	-0.00602355572911	-0.0348399965101	-0.0354122452122	-0.0263974301457	0.0112329917178	-0.0493844143205	0.033730992551	-0.0118546481693	0.0388668352457	0.00768620725808	-0.027883266544	-0.0656283362836	-0.0672410137774	-0.023191639437	0.0100205872028	0.00824887082309	1.0	-0.0834996264525	0.0225965170219	-0.0113382632961	-0.105081009319	0.0357457693504	-0.0272008278158	0.0251782948575	-0.0420246279343	0.0467800714205	-0.081014675379	-0.000975025906867	-0.00117285392312	-0.0074456093649	0.0203569416123	0.0860245106405	-0.0003958804298	-0.00546147119093	0.0109691818712	0.00794725896373	-0.0286403091	0.00369343924922	0.0276209318577	0.0140393313237	0.041496401666	0.049383922803	-0.0178553345948	0.00645342226637	-0.00456627852273	-0.0271542206517	-0.0314908462897	-0.00914163735719	-0.0529125136149	-0.00869188625878	-0.100053909017	-0.0142966705459	-0.0465688941311	0.0117751632005	-0.0170686217892	-0.00978011301105	0.00647283982454	-0.00900617617067
k__Bacteria;p__Bacteroidetes;c__Bacteroidia;o__Bacteroidales;f__Porphyromonadaceae;g__Barnesiella;s__Barnesiella_intestinihominis	0.00720409831333	0.0522095911237	-0.0118464281399	-0.0788023273396	-0.0432962588538	-0.115638026351	0.0189616307508	-0.0728593072938	-0.0126502132475	0.0438638671387	-0.0153985813562	-0.00481363332028	-0.021196988267	-0.00068896650967	-0.0132176749811	0.0236982996169	0.0134259320978	-0.0834996264525	1.0	-0.0329927320412	0.0362558439776	-0.0271038113124	-0.0538618536704	0.0439350116935	-0.0480222678603	-0.028629207329	-0.00434268806874	0.00145507314835	-0.0225861098584	-0.0410051365991	-2.0665730239e-05	-0.101315404424	0.0039443764722	0.0861123124888	-0.0492368969146	0.0126131941634	-0.025689125545	0.0394973529229	0.0372645140306	-0.0433338377371	-0.0511228832385	0.0391763501283	0.0273169528467	-0.0168528814459	-0.00557939824328	0.0035229990601	0.0449936371574	0.0157569032247	0.0197607109309	0.0477065163791	0.0520017557494	-0.00765468653753	-0.079873911611	-0.045576066279	-0.0527596872262	-0.102503475552	-0.0322131029448	-0.0491912608628	-0.0180972012182
k__Bacteria;p__Bacteroidetes;c__Bacteroidia;o__Bacteroidales;f__Odoribacteraceae;g__Odoribacter;s__Odoribacter_splanchnicus	-0.00533521961393	-0.0133338154509	-0.0602060841163	-0.0692968647245	-0.0147474043696	0.00523026443603	0.0444471174561	0.00417075532149	-0.0442617256275	-0.0529786158793	-0.0626078502645	-0.0200940183882	0.0214883234703	0.00561731164927	0.0855768086657	-0.00865191151001	-0.0565927202722	0.0225965170219	-0.0329927320412	1.0	0.071099981649	0.0386015145804	-0.0041910113347	-0.0102284017764	0.0155453188372	0.00387180435033	-0.0469094032355	-0.0859811750993	-0.0285896445857	-0.00614289306428	-0.0214536272864	0.00972237704474	-0.0299569911752	-0.0246374467106	0.0384765903245	-0.0168752794355	-0.0222159007939	-0.0106971142093	0.0163519992712	0.0432643207207	0.0231416916446	0.0393863485995	0.010494551705	-0.0226091916957	0.0335259504589	-0.0663223570779	-0.033442729042	-0.0144082002354	-0.0142057937925	-0.0516530225933	-0.0138859602293	-0.0236936722949	0.0176781960479	0.0251338942157	0.0181705371929	0.0349511647144	-0.00384380087723	0.00773721065511	-0.0510444632769
k__Bacteria;p__Bacteroidetes;c__Bacteroidia;o__Bacteroidales;f__Bacteroidaceae;g__Bacteroides;s__Bacteroides_salyersiae	0.00975972265764	-0.0390481016331	0.040460364512	-0.0461439309609	0.0140765899388	-0.00971648468223	-0.0102418647571	-0.0329005530454	-0.0648797116225	-0.0268973555211	0.0262067812278	-0.083683763396	-0.026623404412	-0.0392814512397	-0.0571535246459	-0.0348693971643	-0.050179861215	-0.0113382632961	0.0362558439776	0.071099981649	1.0	0.0849082116604	0.0359577660712	0.00472792137294	-0.0020011268471	-0.0423091954253	-0.0693446797051	-0.0391910242614	-0.0912897849796	0.0174325455855	0.00613888389753	-0.00290252388252	-0.035471251671	-0.00885186325179	0.0554775437342	-0.00953841548013	-0.0507996738379	-0.0194222985638	0.0104308365466	-0.0133569173211	-0.0237873204707	0.022029265418	-0.0154398858537	-0.0965111021831	-0.044422836808	0.0310127009052	-0.0582737384103	-0.0167849539761	-0.035124144666	-0.0259736038569	-0.0284366655551	0.0221804596756	-0.014577099092	-0.0144973873195	-0.0486902699519	0.0150499116797	-0.0837576154124	0.0170972934412	-0.0283032869917
k__Bacteria;p__Firmicutes;c__Clostridia;o__Clostridiales;f__Ruminococcaceae;g__Ruminiclostridium;s__[Eubacterium]_siraeum	-0.0471747755106	-0.020946432782	0.0132476815551	0.0668566990397	-0.0631807367206	0.016072424108	0.0269434076619	-0.0371588608363	-0.0761986923319	-0.0289179276528	-0.00181833497557	-0.0492819449423	-0.117837962212	0.0324069645655	-0.0377488958381	0.0285523294057	0.0583346852406	-0.105081009319	-0.0271038113124	0.0386015145804	0.0849082116604	1.0	-0.0874323299983	0.0301279210555	0.0206003505255	-0.0105547413921	0.0240872851987	0.0182511990747	0.0441332532888	-0.0651578430306	-0.0335208804204	-0.00841447746759	0.0450988789452	0.0798209325893	-0.0187310844114	-0.0186383066797	0.0332275408058	-0.0229575848043	0.0212860382789	0.00782888038388	0.0252310500828	0.0110328243792	-0.091983982575	-0.0137377477872	-0.030861557568	0.0215438759934	-0.0684748263763	-0.0830006073689	-0.046719061646	-0.0116012073657	-0.101696815676	-0.0259911705897	0.00706712752263	-0.0283933412483	-0.0108256006996	0.0082936319974	-0.0426902497488	-0.00391442725812	-0.0609203510412
k__Bacteria;p__Proteobacteria;c__Betaproteobacteria;o__Burkholderiales;f__Sutterellaceae;g__Parasutterella;s__Parasutterella_excrementihominis	-0.043208420915	-0.0724724600921	-0.0322596873242	0.0334333296587	0.069410090308	-0.0436600577235	-0.0180653997894	0.0281532437317	0.0180298062793	-0.0816795387458	0.0353240388547	-0.000425147346654	0.0148456005955	-0.0136475168335	0.0547532120612	-0.0373008390586	0.0100234136228	0.0357457693504	-0.0538618536704	-0.0041910113347	0.0359577660712	-0.0874323299983	1.0	-0.0537244377677	-0.0143902399305	-0.0514805042287	0.0470490649283	0.0215223708639	-0.074693700046	0.0157256255161	0.0634070931816	-0.0855805355612	-0.00856863422602	-0.0173500071202	0.0131514677181	0.0490742691805	-0.0342757487027	-0.0162687554694	-0.0268993143253	-0.0582364417437	0.074171696575	-0.0121240661685	-0.022240011457	0.0229464032342	0.0151493195324	-0.059687630402	-0.0136225499812	0.010065886448	-0.0225306154119	0.0284765613012	0.000285064021417	0.0134329634722	0.000611613775852	-0.028395217774	-0.00930298995578	-0.0506691783644	0.00226443028551	-0.0318099569779	-0.00231584075412
k__Bacteria;p__Actinobacteria;c__Actinobacteria;o__Bifidobacteriales;f__Bifidobacteriaceae;g__Bifidobacterium;s__Bifidobacterium_adolescentis	-0.0729716918578	-0.0260989760532	-0.107295210962	-0.0367177749476	0.0645119761861	0.0256184059675	-0.00511674927851	-0.0245797877703	0.0437569574227	-0.000477196568786	-0.0387584499777	0.0180964822073	0.0433493595306	-0.0648213431347	0.0218662375276	-0.0145990181096	-0.00251827080078	-0.0272008278158	0.0439350116935	-0.0102284017764	0.00472792137294	0.0301279210555	-0.0537244377677	1.0	-0.0473640918734	0.0331043396688	-0.0116594497953	0.0230246254262	-0.00446376861029	0.0576899651286	-0.00726100862739	0.0218381855216	0.0147878028428	0.0314821506676	0.0259532403878	-0.100155011924	0.0194521162789	-0.00176176801089	0.0108872458488	-0.0826877320833	-0.139913979444	0.0114335231953	0.0353376982186	-0.0490252729132	-0.0421057171359	0.0249829262138	0.0530155858396	-0.0761533606635	0.0968360665961	-0.0116018042527	-0.0531691711205	-0.00755454258327	-0.0382170102732	-0.0134289058334	-0.030331057796	-0.0254210209589	-0.0673705748972	-0.0147149956905	-0.0586180742891
k__Bacteria;p__Firmicutes;c__Clostridia;o__Clostridiales;f__Oscillospiraceae;g__Oscillibacter;s__Oscillibacter_sp._KLE_1745	-0.0171459262057	-0.0106947108792	-0.0179993582277	-0.0479626476421	0.0793413757267	-0.0679590353856	-0.0256659496506	-0.0358732818907	0.0152047105958	0.0570293395882	0.00610805339366	-0.0129910810227	0.0355587226319	-0.0531478859364	-0.0165097343348	0.0758700718919	-0.0381748598692	0.0251782948575	-0.0480222678603	0.0155453188372	-0.0020011268471	0.0206003505255	-0.0143902399305	-0.0473640918734	1.0	-0.00689350664477	-0.0628007295308	-0.0231663333969	-0.0403600467171	0.0352149797772	-0.0727447234449	-0.0407116034782	0.063317619651	-0.062793302347	-0.0390243745516	0.0121952445207	-0.0220298549452	0.0493154155914	-0.0121432262918	0.00982034396267	-0.0321899562034	0.0325445939063	-0.0356990054943	0.0328265552416	-0.0982205092185	-0.0393760030153	-0.0218082339996	-0.00185108876253	-0.01969357185	6.51278027361e-05	-0.00470016508577	-0.0541341186908	0.0141799893277	-0.00161341234478	0.0344114154075	-0.0454953032601	-0.00685157618107	-0.0230109433528	0.0551648233386
k__Bacteria;p__Bacteroidetes;c__Bacteroidia;o__Bacteroidales;f__Bacteroidaceae;g__Bacteroides;s__Bacteroides_coprophilus	-0.00762223427411	-0.0219284168036	0.01409903018	0.00152588423736	-0.0434339938463	0.0427506749208	-0.0214328331811	-0.00616208592236	0.000355807054406	0.00520369802193	-0.0529089132383	-0.0371979293451	0.0281263889226	0.0335080118955	-0.0614377891201	-0.024291945938	0.0433021478831	-0.0420246279343	-0.028629207329	0.00387180435033	-0.0423091954253	-0.0105547413921	-0.0514805042287	0.0331043396688	-0.00689350664477	1.0	-0.00981628782393	0.0435501420762	0.0564511346268	-0.0386335753026	-0.0126494399672	-0.00471653922605	-0.0427145744163	0.0600088501328	-0.0185582998166	-0.00708652207296	0.0217063144419	-0.0811055008022	-0.0400825928743	0.0727548144476	-0.0563310031008	-0.0592331044146	0.0365774856145	-0.0552043404065	-0.0782707494331	-0.0334427647126	0.0334714092298	-0.0206476784815	-0.00731669419857	-0.0698615448133	0.0116894536686	0.00461050073823	0.0280647591779	-0.011372802133	-0.0463334084938	-0.0659108662484	-0.0541807814417	0.00966784821452	-0.0224145436302
k__Bacteria;p__Firmicutes;c__Clostridia;o__Clostridiales;f__Lachnospiraceae;g__Roseburia;s__Roseburia_intestinalis	-0.015041312817	-0.0666737746285	0.0036539590472	0.0429264169911	-0.00602967184935	-0.0451756225385	0.0196787814249	-0.0726648231814	0.0100744776802	-0.0676597033287	-0.00949673468852	-0.0817352438388	0.00784526274975	-0.0899338384508	0.014259296905	-0.0698424317083	-0.0280801733828	0.0467800714205	-0.00434268806874	-0.0469094032355	-0.0693446797051	0.0240872851987	0.0470490649283	-0.0116594497953	-0.0628007295308	-0.00981628782393	1.0	0.0306915644349	-0.0498139029058	-0.0160554477737	0.00105957050729	0.0107347181769	-0.0378191124123	-0.00733135424597	-0.0147429077782	0.0272036559247	-0.00918371263329	0.0167253128058	-0.0113779142245	-0.00911068910481	0.0347462335614	-0.0286746981853	0.041607388219	0.0778926036398	0.0229828790344	-0.035967453556	0.0276136067386	0.0386392612607	-0.0541891470419	-0.00315592547042	-0.0498393912243	-0.0445898945406	0.0358166781104	0.00321470712909	-0.0270019291956	-0.0531175140341	0.0169224746454	-0.0438404703359	0.0166783124497
k__Bacteria;p__Firmicutes;c__Clostridia;o__Clostridiales;f__Lachnospiraceae;g__Roseburia;s__Roseburia_hominis	0.0700014296706	-0.0546481903046	-0.0266192021789	0.0810015008774	-0.00644331988622	0.0784909688648	-0.0288562174832	0.0540540891239	-0.0348118393857	-0.00898324460933	-0.034355948576	-0.0540265543918	-0.0594869254882	-0.0598061716134	0.0346593252682	0.0392317871815	-0.0272838891015	-0.081014675379	0.00145507314835	-0.0859811750993	-0.0391910242614	0.0182511990747	0.0215223708639	0.0230246254262	-0.0231663333969	0.0435501420762	0.0306915644349	1.0	-0.025998508581	-0.061445936642	-0.0108214760172	-0.0645458570079	0.0643559157372	-0.0360420054729	-0.00383380209103	-0.0340664697228	-0.117727380258	0.0317200271796	0.0315909085252	0.0247302698869	-0.0259298210567	-0.0319096703688	0.0291599248441	-0.0322875179612	0.0232291232986	-0.0240545248228	-0.0206323664978	-0.0975671523551	-0.0132835261236	0.141316690022	0.0341305717571	0.0353191149328	-0.0656964728447	-0.0190701746178	-0.00445323805735	-0.00990970622184	-0.0253920094456	-0.103301527427	-0.068601906743
k__Bacteria;p__Bacteroidetes;c__Bacteroidia;o__Bacteroidales;f__Porphyromonadaceae;g__Parabacteroides;s__Parabacteroides_johnsonii	-0.0126436709205	0.0500230206745	0.0462222168626	0.0285293600497	0.00342797710341	-0.0451791104852	-0.0867523338533	-0.0252963880993	0.0538640529313	0.0180870456196	0.00864465441483	0.0100172657679	-0.0476039056234	0.0288636358821	0.0581747239841	0.0211226052617	-0.0280543392172	-0.000975025906867	-0.0225861098584	-0.0285896445857	-0.0912897849796	0.0441332532888	-0.074693700046	-0.00446376861029	-0.0403600467171	0.0564511346268	-0.0498139029058	-0.025998508581	1.0	-0.0254464452279	-0.00588262039834	-0.0300078234705	0.008405700321	-0.013387813885	-0.0897500428616	0.00229985257802	0.0184608250049	-0.0444367816473	0.029025791663	0.0542656144016	0.00606490130496	-0.020699011213	0.0261681653399	-0.030139483673	-0.0129478357549	-0.0124431230063	0.0283005332962	0.0198436045622	-0.0197157510145	-0.0271422858149	-0.014040551753	-0.0445021232131	-0.0623632133246	-0.0314139151386	0.0231082421013	-0.0330878912062	-0.0432439366836	0.0218200932012	-0.0620824469571
k__Bacteria;p__Actinobacteria;c__Actinobacteria;o__Bifidobacteriales;f__Bifidobacteriaceae;g__Bifidobacterium;s__Bifidobacterium_longum	-0.0426008878609	0.00942930363119	-0.0413826194638	-0.0247333390128	-0.00739177271879	-0.0141575048264	-0.0231757160324	0.0499965552249	0.043069809676	-0.0346613615386	-0.0275671975097	0.0076234272066	-0.00782850464019	-0.0826195102382	0.0567306321476	0.0188001129621	0.0625058626873	-0.00117285392312	-0.0410051365991	-0.00614289306428	0.0174325455855	-0.0651578430306	0.0157256255161	0.0576899651286	0.0352149797772	-0.0386335753026	-0.0160554477737	-0.061445936642	-0.0254464452279	1.0	0.0455911194513	-0.0623501324588	0.00698721558369	0.0106228758014	0.0743613325512	-0.0617187645973	0.0168968437364	0.0184915327365	-0.0248167579179	-0.0500153871961	-0.00606205335578	0.0348482595085	-0.00545353608214	-0.0558024770259	-0.0352487255677	0.0137018210819	0.089974964812	-0.00256026194861	-0.00206275208228	-0.00419239568325	-0.0128582008236	0.0254556253786	-0.111739906972	-0.02611268389	-0.0712222269561	-0.00076719188405	-0.0641454777642	-0.0519834934961	-0.0569632708019
