#taxonomy	k__Bacteria;p__Bacteroidetes;c__Bacteroidia;o__Bacteroidales;f__Bacteroidaceae;g__Bacteroides;s__Bacteroides_vulgatus	k__Bacteria;p__Bacteroidetes;c__Bacteroidia;o__Bacteroidales;f__Bacteroidaceae;g__Bacteroides;s__Bacteroides_uniformis	k__Bacteria;p__Bacteroidetes;c__Bacteroidia;o__Bacteroidales;f__Rikenellaceae;g__Alistipes;s__Alistipes_putredinis	k__Bacteria;p__Bacteroidetes;c__Bacteroidia;o__Bacteroidales;f__Prevotellaceae;g__Prevotella;s__Prevotella_copri	k__Bacteria;p__Bacteroidetes;c__Bacteroidia;o__Bacteroidales;f__Bacteroidaceae;g__Bacteroides;s__Bacteroides_stercoris	k__Bacteria;p__Bacteroidetes;c__Bacteroidia;o__Bacteroidales;f__Bacteroidaceae;g__Bacteroides;s__Bacteroides_ovatus	k__Bacteria;p__Bacteroidetes;c__Bacteroidia;o__Bacteroidales;f__Rikenellaceae;g__Alistipes;s__Alistipes_shahii	k__Bacteria;p__Firmicutes;c__Clostridia;o__Clostridiales;f__Ruminococcaceae;g__Faecalibacterium;s__Faecalibacterium_prausnitzii	k__Bacteria;p__Bacteroidetes;c__Bacteroidia;o__Bacteroidales;f__Rikenellaceae;g__Alistipes;s__Alistipes_finegoldii	k__Bacteria;p__Bacteroidetes;c__Bacteroidia;o__Bacteroidales;f__Porphyromonadaceae;g__Parabacteroides;s__Parabacteroides_distasonis	k__Bacteria;p__Bacteroidetes;c__Bacteroidia;o__Bacteroidales;f__Bacteroidaceae;g__Bacteroides;s__Bacteroides_thetaiotaomicron	k__Bacteria;p__Bacteroidetes;c__Bacteroidia;o__Bacteroidales;f__Bacteroidaceae;g__Bacteroides;s__Bacteroides_coprocola	k__Bacteria;p__Bacteroidetes;c__Bacteroidia;o__Bacteroidales;f__Bacteroidaceae;g__Bacteroides;s__Bacteroides_cellulosilyticus	k__Bacteria;p__Bacteroidetes;c__Bacteroidia;o__Bacteroidales;f__Rikenellaceae;g__Alistipes;s__Alistipes_obesi	k__Bacteria;p__Firmicutes;c__Clostridia;o__Clostridiales;f__Lachnospiraceae;g__;s__[Eubacterium]_rectale	k__Bacteria;p__Bacteroidetes;c__Bacteroidia;o__Bacteroidales;f__Bacteroidaceae;g__Bacteroides;s__Bacteroides_plebeius	k__Bacteria;p__Bacteroidetes;c__Bacteroidia;o__Bacteroidales;f__Bacteroidaceae;g__Bacteroides;s__Bacteroides_fragilis	k__Bacteria;p__Proteobacteria;c__Betaproteobacteria;o__Burkholderiales;f__Sutterellaceae;g__Sutterella;s__Sutterella_wadsworthensis	k__Bacteria;p__Bacteroidetes;c__Bacteroidia;o__Bacteroidales;f__Porphyromonadaceae;g__Barnesiella;s__Barnesiella_intestinihominis	k__Bacteria;p__Bacteroidetes;c__Bacteroidia;o__Bacteroidales;f__Odoribacteraceae;g__Odoribacter;s__Odoribacter_splanchnicus	k__Bacteria;p__Bacteroidetes;c__Bacteroidia;o__Bacteroidales;f__Bacteroidaceae;g__Bacteroides;s__Bacteroides_salyersiae	k__Bacteria;p__Firmicutes;c__Clostridia;o__Clostridiales;f__Ruminococcaceae;g__Ruminiclostridium;s__[Eubacterium]_siraeum	k__Bacteria;p__Proteobacteria;c__Betaproteobacteria;o__Burkholderiales;f__Sutterellaceae;g__Parasutterella;s__Parasutterella_excrementihominis	k__Bacteria;p__Actinobacteria;c__Actinobacteria;o__Bifidobacteriales;f__Bifidobacteriaceae;g__Bifidobacterium;s__Bifidobacterium_adolescentis	k__Bacteria;p__Firmicutes;c__Clostridia;o__Clostridiales;f__Oscillospiraceae;g__Oscillibacter;s__Oscillibacter_sp._KLE_1745	k__Bacteria;p__Bacteroidetes;c__Bacteroidia;o__Bacteroidales;f__Bacteroidaceae;g__Bacteroides;s__Bacteroides_coprophilus	k__Bacteria;p__Firmicutes;c__Clostridia;o__Clostridiales;f__Lachnospiraceae;g__Roseburia;s__Roseburia_intestinalis	k__Bacteria;p__Firmicutes;c__Clostridia;o__Clostridiales;f__Lachnospiraceae;g__Roseburia;s__Roseburia_hominis	k__Bacteria;p__Bacteroidetes;c__Bacteroidia;o__Bacteroidales;f__Porphyromonadaceae;g__Parabacteroides;s__Parabacteroides_johnsonii	k__Bacteria;p__Actinobacteria;c__Actinobacteria;o__Bifidobacteriales;f__Bifidobacteriaceae;g__Bifidobacterium;s__Bifidobacterium_longum	k__Bacteria;p__Firmicutes;c__Clostridia;o__Clostridiales;f__;g__Flavonifractor;s__Flavonifractor_plautii	k__Bacteria;p__Firmicutes;c__Clostridia;o__Clostridiales;f__Clostridiaceae;g__Clostridium;s__Clostridium_phoceensis	k__Bacteria;p__Verrucomicrobia;c__Verrucomicrobiae;o__Verrucomicrobiales;f__Akkermansiaceae;g__Akkermansia;s__Akkermansia_muciniphila	k__Bacteria;p__Bacteroidetes;c__Bacteroidia;o__Bacteroidales;f__Prevotellaceae;g__Paraprevotella;s__Paraprevotella_xylaniphila	k__Bacteria;p__Firmicutes;c__Clostridia;o__Clostridiales;f__Ruminococcaceae;g__Ruminococcus;s__Ruminococcus_callidus	k__Bacteria;p__Bacteroidetes;c__Bacteroidia;o__Bacteroidales;f__Rikenellaceae;g__Alistipes;s__Alistipes_senegalensis	k__Bacteria;p__Firmicutes;c__Clostridia;o__Clostridiales;f__Lachnospiraceae;g__Blautia;s__Blautia_sp._KLE_1732	k__Bacteria;p__Bacteroidetes;c__Bacteroidia;o__Bacteroidales;f__Bacteroidaceae;g__Bacteroides;s__Bacteroides_oleiciplenus	k__Bacteria;p__Firmicutes;c__Clostridia;o__Clostridiales;f__Ruminococcaceae;g__Ruminococcus;s__Ruminococcus_bicirculans	k__Bacteria;p__Bacteroidetes;c__Bacteroidia;o__Bacteroidales;f__Bacteroidaceae;g__Bacteroides;s__Bacteroides_fluxus	k__Bacteria;p__Bacteroidetes;c__Bacteroidia;o__Bacteroidales;f__Prevotellaceae;g__Prevotella;s__Prevotella_stercorea	k__Bacteria;p__Firmicutes;c__Clostridia;o__Clostridiales;f__Lachnospiraceae;g__Dorea;s__Dorea_longicatena	k__Bacteria;p__Firmicutes;c__Clostridia;o__Clostridiales;f__Eubacteriaceae;g__Eubacterium;s__[Eubacterium]_eligens	k__Bacteria;p__Firmicutes;c__Clostridia;o__Clostridiales;f__Ruminococcaceae;g__;s__Ruminococcaceae_bacterium_D16	k__Bacteria;p__Firmicutes;c__Clostridia;o__Clostridiales;f__Lachnospiraceae;g__Coprococcus;s__Coprococcus_comes	k__Bacteria;p__Proteobacteria;c__Gammaproteobacteria;o__Enterobacterales;f__Enterobacteriaceae;g__Escherichia;s__Escherichia_coli	k__Bacteria;p__Firmicutes;c__Clostridia;o__Clostridiales;f__Ruminococcaceae;g__Anaerotruncus;s__Anaerotruncus_colihominis	k__Bacteria;p__Firmicutes;c__Clostridia;o__Clostridiales;f__Lachnospiraceae;g__Blautia;s__Blautia_obeum	k__Bacteria;p__Bacteroidetes;c__Bacteroidia;o__Bacteroidales;f__Odoribacteraceae;g__Odoribacter;s__Odoribacter_laneus	k__Bacteria;p__Firmicutes;c__Clostridia;o__Clostridiales;f__Ruminococcaceae;g__Ruminiclostridium;s__[Clostridium]_leptum	k__Bacteria;p__Bacteroidetes;c__Bacteroidia;o__Bacteroidales;f__Porphyromonadaceae;g__Parabacteroides;s__Parabacteroides_goldsteinii	k__Bacteria;p__Firmicutes;c__Clostridia;o__Clostridiales;f__Lachnospiraceae;g__Anaerostipes;s__Anaerostipes_hadrus	k__Bacteria;p__Firmicutes;c__Clostridia;o__Clostridiales;f__Ruminococcaceae;g__Ruminococcus;s__Ruminococcus_lactaris	k__Bacteria;p__Firmicutes;c__Clostridia;o__Clostridiales;f__Clostridiaceae;g__Clostridium;s__Clostridium_sp._L2-50	k__Bacteria;p__Firmicutes;c__Clostridia;o__Clostridiales;f__Clostridiaceae;g__Clostridium;s__Clostridium_sp._M62/1	k__Bacteria;p__Firmicutes;c__Clostridia;o__Clostridiales;f__;g__Intestinimonas;s__Intestinimonas_butyriciproducens	k__Bacteria;p__Actinobacteria;c__Actinobacteria;o__Bifidobacteriales;f__Bifidobacteriaceae;g__Bifidobacterium;s__Bifidobacterium_bifidum	k__Bacteria;p__Firmicutes;c__Negativicutes;o__Veillonellales;f__Veillonellaceae;g__Dialister;s__Dialister_invisus	k__Bacteria;p__Bacteroidetes;c__Bacteroidia;o__Bacteroidales;f__Bacteroidaceae;g__Bacteroides;s__Bacteroides_salanitronis
k__Bacteria;p__Bacteroidetes;c__Bacteroidia;o__Bacteroidales;f__Bacteroidaceae;g__Bacteroides;s__Bacteroides_vulgatus	1.0	-0.0441050055211	-0.0935124077043	-0.0584013980974	-0.0187964101537	0.0241374440472	-0.0187414224109	0.022416398231	0.00208053822832	0.0194824410004	-0.0148224572653	-0.0279807003444	0.000102806817318	-0.0429546642444	-0.0575544425675	-0.0282897960931	0.0126896050913	0.015721219611	-0.0284315693752	-0.0601270395685	0.00708378434818	-0.0173223709396	0.0119297949454	-0.014952561174	0.0503442090813	-0.00194762404685	0.0112741568071	0.00921311457589	0.0487063437463	-0.00994497710921	0.0075059276698	0.0337338867103	0.00894936816334	-0.0165849319999	-0.0385229519761	-0.0225823702919	-0.0410531759887	-0.0341488191991	-0.0454806385101	-0.00265633981795	0.0133278321493	0.000823187114604	-0.0235257060981	0.0620822567255	0.0352809467227	-0.0265465387768	-0.0277041193953	0.0424271729657	0.00596760299555	-0.00170624580088	0.030795940868	-0.022502583476	-0.012069242573	0.00572748044457	0.00209619123617	-0.0039412608779	0.0344300963146	-0.0608260329478	-0.0153019563908
k__Bacteria;p__Bacteroidetes;c__Bacteroidia;o__Bacteroidales;f__Bacteroidaceae;g__Bacteroides;s__Bacteroides_uniformis	-0.0441050055211	1.0	-0.0418638042888	-0.052466935723	0.0277558802827	0.0370089258887	-0.0535967073476	0.00907759562503	0.0046840155463	0.00550169527025	-0.0359471459243	-0.0134104573514	0.0140592547349	0.00780228918924	-0.0464333910683	-0.037316062429	-0.0108800389644	-0.0132577142595	-0.0239729720166	-0.0731588896887	-0.0395935115058	-0.0138519588613	-0.0220933249035	-0.0203737625124	-0.0590766404581	0.027404910727	0.038988074776	0.0271716128872	0.00448318606308	0.0089397149888	-0.0324049442537	0.015100886125	0.0126049134253	-0.0188737216103	-0.00547442987999	0.0329575387782	-0.0263905760281	0.00799458060666	0.0593378321159	0.0311357931609	-0.08726538092	-0.0160579513353	0.00250194398004	0.0362056263749	0.0170078387333	0.0115078320889	0.00544898238448	-0.0177944591052	0.00211226257818	0.0216771894935	-0.0438524078307	-0.00826916573039	-0.00816942795018	-0.066114771678	-0.00344814523645	-0.0145373649681	-0.00754991953125	-0.0571026580015	-0.0396636675377
k__Bacteria;p__Bacteroidetes;c__Bacteroidia;o__Bacteroidales;f__Rikenellaceae;g__Alistipes;s__Alistipes_putredinis	-0.0935124077043	-0.0418638042888	1.0	-0.0250313504976	-0.0696074869453	-0.0310468292468	-0.0784907779216	0.0325597678981	0.0492129715032	-0.0399764533634	0.00834608082039	-0.000296548847093	0.0608699482266	0.00576128025968	0.0175110875859	-0.0107149895289	-0.0345161413258	-0.0358717895686	-0.0120473430151	-0.0434273754761	-0.00977265538175	0.0106312325036	0.0164651671897	0.00846087730822	-0.000796763271331	0.0500430976623	-0.00177148764899	-0.0483481983037	-0.0380524170462	-0.0489647578318	-0.0622231257128	-0.0333880611529	-0.0296135613252	-0.0307404631749	0.0268955977226	-0.00396359616725	0.000571903958181	0.0380519677804	0.014626219295	-0.0281611943977	-0.0138119942691	-0.00385163052347	0.0274068539951	-0.080162078801	0.0256930921093	0.0236766533779	-0.0237742108391	-0.0145944652085	-0.0570642725208	-0.0074949925605	-0.00631102130334	0.0635750788306	0.00983846302279	0.0345292983786	0.0206442999553	0.0458361083635	-0.00411097464779	-0.0561593900563	-0.0206984253274
k__Bacteria;p__Bacteroidetes;c__Bacteroidia;o__Bacteroidales;f__Prevotellaceae;g__Prevotella;s__Prevotella_copri	-0.0584013980974	-0.052466935723	-0.0250313504976	1.0	-0.00310129191099	-0.0291243414043	-0.0210434031432	-0.0879711861557	0.0104732785378	0.0335997626183	0.0328187837859	-0.0288516883267	-0.0124126818445	-0.0128931357467	-0.0021917581791	0.0392945170975	-0.0219200085454	-0.0260396556908	0.0253695885103	-0.00783261050468	0.00968867343806	0.0153877758007	0.0328675365309	-0.0259968701884	-0.0512187978384	-0.0130436211677	-0.0102132212601	-0.0438131280902	-0.00550429545162	0.0151432698762	-0.0315008610234	0.0237709757668	0.0029702283551	-0.019133246222	-0.0187610878829	-0.0217382119059	0.039176884652	-0.0152306114565	-0.00311279072126	-0.0480694269901	-0.0199019108531	-0.0371898298235	-0.0428701011321	-0.039544869295	0.0233323149977	-0.0284356463747	-0.0395505408044	0.0596342520023	-0.0511167976145	0.0206652871827	-0.00325274189971	-0.00614909396647	-0.00894941360513	0.0379867396549	-0.0333734459837	0.0264201775535	-0.0238535396263	0.0754336864028	-0.0363074819701
k__Bacteria;p__Bacteroidetes;c__Bacteroidia;o__Bacteroidales;f__Bacteroidaceae;g__Bacteroides;s__Bacteroides_stercoris	-0.0187964101537	0.0277558802827	-0.0696074869453	-0.00310129191099	1.0	-0.00756955484609	-0.0248371899507	0.0226748459218	0.0497896275184	0.0448398582467	-0.0185302938015	-0.073407436555	0.0232098444176	0.00901634169933	-0.00514590690243	-0.047573997792	-0.022002272207	-0.0875128506628	-0.0524695176645	0.00547221679888	0.0422468966757	0.0129055355117	0.0281416776408	-0.0305472760312	-0.0945250298087	0.0275243008338	0.0626444360418	0.00989222301038	0.0429780719219	0.0349982388518	0.0293466126818	-0.0214762293661	0.00228164494712	0.0382924728444	0.00697799707601	0.0204994490028	-0.0281664979325	0.0115327547113	-0.0333891280925	-0.0201473393071	-0.00411036474324	-0.0126212092303	-0.0309619651008	0.00317696995385	-0.0062928364723	0.0085761938793	3.6870550869e-05	-0.0629685547972	-0.0478818239438	0.00581866869364	0.00413917914661	-0.0263640710026	0.0445742454546	0.0189222751276	-0.0536684055095	0.00747110566653	0.00045740668695	-0.0407613832686	-0.0277941869556
k__Bacteria;p__Bacteroidetes;c__Bacteroidia;o__Bacteroidales;f__Bacteroidaceae;g__Bacteroides;s__Bacteroides_ovatus	0.0241374440472	0.0370089258887	-0.0310468292468	-0.0291243414043	-0.00756955484609	1.0	0.0286996856625	-0.0381446602005	0.0144529668483	0.00788232711242	-0.0334634861791	0.0445672473222	0.0273657182503	0.0381969272825	0.0202153518405	0.0152170494147	-0.0273361947435	0.0440045218795	-0.00845296177485	-0.0116346649013	0.0264686552009	-0.00179934833291	0.0594109168003	0.0534043837331	-0.0196113092925	-0.0803610760928	-0.0195735351225	0.0192333970426	0.0326120752207	0.0374542840153	0.0117256544804	-0.000378621835625	-0.0337029757653	-0.0655538025069	-0.0509145669063	-0.0578143883029	-0.0199936744045	-0.00806689358441	-0.0362534941735	-0.000799702318585	0.045006430047	0.00746209942063	0.0115425849991	-0.0784614315821	-0.022131888134	0.0131061761618	0.0247156107778	-0.0558575042307	0.018807229937	0.00579625213514	-0.0183175673357	-0.00514351033991	0.00837915363505	-0.0593003164704	-0.0462939583205	0.0165684725228	-0.0556410816208	0.00384416168835	0.0294880344892
k__Bacteria;p__Bacteroidetes;c__Bacteroidia;o__Bacteroidales;f__Rikenellaceae;g__Alistipes;s__Alistipes_shahii	-0.0187414224109	-0.0535967073476	-0.0784907779216	-0.0210434031432	-0.0248371899507	0.0286996856625	1.0	0.0248920784499	0.010489898411	-0.0249345126405	-0.00536407513968	-0.0593855770478	-0.0279649513046	0.0278809016868	0.0186123057604	-0.00855145944837	-0.0762644409231	-0.0348125125858	-0.0307912955434	-0.00596425162905	-0.0353767673325	0.0153286512664	-0.00930512734781	-0.0564446390403	-0.0403434115192	-0.0236764059149	-0.0180474294653	-0.0343836983915	-0.01862965782	-0.0648740297148	0.01181066967	-0.0235322608998	-0.0117637268204	0.0300031637364	0.0164367278267	-0.0178585608004	0.0133671573272	0.00374349390951	-0.0466827442831	-0.0122040705368	-0.014583197136	-0.00189093817274	-0.0523269644773	-0.0634441963459	0.0223239012885	0.0665804881164	-0.013554945178	-0.0277019041448	0.0537396859181	-0.0285799559843	0.0756762793386	0.00315833722943	-0.0349896785986	0.0854363577868	0.0547443313118	-0.0453341106331	0.057023465514	0.0294252576403	-0.04182886525
k__Bacteria;p__Firmicutes;c__Clostridia;o__Clostridiales;f__Ruminococcaceae;g__Faecalibacterium;s__Faecalibacterium_prausnitzii	0.022416398231	0.00907759562503	0.0325597678981	-0.0879711861557	0.0226748459218	-0.0381446602005	0.0248920784499	1.0	0.0738689851625	-0.0797932382122	-0.0409009724503	-0.0393347083654	0.0319068807932	0.0384522863487	0.0488895589755	-0.0333507214109	-0.00135659732442	0.0069698179013	0.0423587771013	-0.016101704372	-0.0543664313678	-0.020678876549	0.00188101920403	0.053346195298	0.0169661617771	-0.00195499644774	-0.0256379493644	-0.0583561362528	0.0213498163378	-0.0383243067809	0.000923468369595	-0.0594356788664	-0.0550655937088	-0.00152557042554	0.0143500685934	0.0197916109325	-0.0472227594553	-0.0178587820695	0.000759559644597	-0.00723691002493	-0.0315779181451	0.0093732509028	0.0170639135801	0.0196795040788	-0.0437947170834	0.00229469738998	-0.0794537091858	-0.00629056884951	-0.0195056328781	0.0321707433995	-0.0250974223737	-0.0196970613391	0.102529492452	0.0539285681869	-0.0512880112448	0.00638975072991	-0.060395056878	0.00505597733585	0.000310410004174
k__Bacteria;p__Bacteroidetes;c__Bacteroidia;o__Bacteroidales;f__Rikenellaceae;g__Alistipes;s__Alistipes_finegoldii	0.00208053822832	0.0046840155463	0.0492129715032	0.0104732785378	0.0497896275184	0.0144529668483	0.010489898411	0.0738689851625	1.0	-0.00950786685284	0.0177495288878	0.00506898314772	-0.0144689644238	-0.0724092658469	-0.0846714192217	-0.0142648286558	-0.000682770946684	0.0156224552339	-0.0678029464475	-0.0553451381628	0.043793406762	-0.00102786530188	-0.0677596002781	-0.022906591995	-0.0257102729652	0.00361098344625	0.0479327742498	-0.0468873870848	0.0371387879367	0.00356051203713	-0.0664570782925	-0.00437150343102	-0.0521942450545	-0.0579481155927	-0.00681798711811	-0.0925782019	0.00814820320521	0.00653631935679	0.0575092685794	-0.0102787559576	-0.0418462817459	-0.0446598338678	-0.00126187562831	-0.0501201090682	-0.0209837825811	0.0281129169179	0.0132233050653	-0.0197445632606	0.0221852127157	-0.00323896485801	0.0249380298858	0.0504200532947	0.00789306323379	0.00297314831393	3.07973743862e-05	-0.0446488268686	-0.0376326990033	-0.0366402217046	0.0133432954387
k__Bacteria;p__Bacteroidetes;c__Bacteroidia;o__Bacteroidales;f__Porphyromonadaceae;g__Parabacteroides;s__Parabacteroides_distasonis	0.0194824410004	0.00550169527025	-0.0399764533634	0.0335997626183	0.0448398582467	0.00788232711242	-0.0249345126405	-0.0797932382122	-0.00950786685284	1.0	-0.00190903333837	0.0215493745773	-0.0526060816778	0.0110668268604	-0.0255200561383	-0.0146501777771	-0.0568237923325	0.019503603528	-0.0283679596614	-0.0102106220423	0.0306610869326	0.0283837894062	0.0191352846826	0.0197854306426	0.0206026226157	-0.036375443688	-0.0233069742818	0.00613470178342	-0.0251785587935	-0.00588540855855	-0.0244052283591	0.00494930077635	0.0347526144921	-0.0556858444913	0.000783289029198	-0.0247958334346	-0.00957516866964	0.00767596217644	0.0173377728737	0.00538612907466	0.0199204321909	-0.00684560967122	-0.043205316243	0.01861384609	0.0139206087431	-0.03065573103	0.0176397304297	-0.0878745871451	-0.0189284312646	-0.0179506932823	-0.0260036751102	-0.0231377872252	0.0566954146969	-0.0307113054698	0.0148146566064	0.00693446694807	-0.0309772719439	-0.00653976685769	0.0510526971708
k__Bacteria;p__Bacteroidetes;c__Bacteroidia;o__Bacteroidales;f__Bacteroidaceae;g__Bacteroides;s__Bacteroides_thetaiotaomicron	-0.0148224572653	-0.0359471459243	0.00834608082039	0.0328187837859	-0.0185302938015	-0.0334634861791	-0.00536407513968	-0.0409009724503	0.0177495288878	-0.00190903333837	1.0	0.00254885239008	-0.00172166090562	-0.0392219290938	0.0392798620109	0.0148744722381	-0.10200127865	0.0315263993785	0.00719102481038	0.00139452129194	-0.0386071718604	-0.0438996604966	0.027782187262	-0.0439567749357	0.0153807393208	-0.00426304633741	0.0048473967461	0.0138270124319	-0.0434167224821	0.0327129211539	0.0129533473881	-0.0508295720323	-0.0821989405537	0.0705619211511	-0.0303798145575	0.000710005214221	0.0116158645657	0.00357767426381	-0.00255485421798	-0.0113894018405	0.0233672996794	0.0171325159517	-0.0185572662374	-0.0373041081412	-0.0413033151799	0.0192443405554	-0.0465971360263	-0.0004795781934	0.0601246773148	0.0151159538306	-0.030740536632	0.0612672111519	-0.0552002389234	0.0304466974794	0.024449688006	-0.0439976075284	-0.00107562654422	0.0382741792747	0.000401140322965
k__Bacteria;p__Bacteroidetes;c__Bacteroidia;o__Bacteroidales;f__Bacteroidaceae;g__Bacteroides;s__Bacteroides_coprocola	-0.0279807003444	-0.0134104573514	-0.000296548847093	-0.0288516883267	-0.073407436555	0.0445672473222	-0.0593855770478	-0.0393347083654	0.00506898314772	0.0215493745773	0.00254885239008	1.0	0.0261159478824	0.0424346659338	0.0219943746096	-0.0347347526307	-0.00091481639524	-0.0181068331896	-0.0529738620631	0.00649103462094	0.00903481987439	-0.0590106175708	0.00173253772447	0.012995303819	0.00714658959944	-0.00287783662172	0.000969358716244	0.0344674631173	0.0417961412724	-0.0811150409585	0.0260171025478	-0.0499333294384	-0.00859478973696	0.0163143427572	-0.0472090917373	0.00327695036833	0.0148526990022	-0.0471219315239	0.00376266340376	0.0304495287784	-0.0242327216605	-0.000198103680542	-0.0601531768248	-0.0548298402974	-0.00645585391494	-0.0155186172949	-0.00536168493597	-0.124513931439	-0.00743071013381	-0.0287037836981	0.00578229841148	0.0228304490055	0.00469247136554	-0.0391614515728	0.0344296581566	0.0118870522329	0.00564812952604	-0.0197131545271	-0.01203242161
k__Bacteria;p__Bacteroidetes;c__Bacteroidia;o__Bacteroidales;f__Bacteroidaceae;g__Bacteroides;s__Bacteroides_cellulosilyticus	0.000102806817318	0.0140592547349	0.0608699482266	-0.0124126818445	0.0232098444176	0.0273657182503	-0.0279649513046	0.0319068807932	-0.0144689644238	-0.0526060816778	-0.00172166090562	0.0261159478824	1.0	0.016861269511	-0.0452101198536	-0.0309387872612	0.023621282892	-0.0208610972412	-0.00241254049925	-0.0305644940733	0.0492241992255	-0.0586148107521	0.0585894691353	-0.0237415514236	-0.0164619533654	-0.103727534989	0.0228164443819	0.00484315028497	-0.0363903910646	-0.00715629962853	0.0693604189052	0.00610758737631	-0.0109418014349	-0.0174952614063	-0.041108063796	-0.00392821721853	-0.0222228970907	-0.00130594043614	-0.00768463540084	0.0215134101065	-0.00245084111324	-0.0260954083207	-0.0345696876334	-0.0716020805131	0.00545269285092	-0.00792460027465	-0.0138679721049	-0.0367736697987	-0.0403576545566	0.00892705145124	0.0512302953205	0.0252959374524	0.064987117611	-0.0983722435275	0.028717162858	-0.017001144737	-0.0239842344257	-0.0357065127304	-0.00517173802977
k__Bacteria;p__Bacteroidetes;c__Bacteroidia;o__Bacteroidales;f__Rikenellaceae;g__Alistipes;s__Alistipes_obesi	-0.0429546642444	0.00780228918924	0.00576128025968	-0.0128931357467	0.00901634169933	0.0381969272825	0.0278809016868	0.0384522863487	-0.0724092658469	0.0110668268604	-0.0392219290938	0.0424346659338	0.016861269511	1.0	-0.00715035993633	-0.00684996325421	-0.0686664856401	0.00148717903445	0.0268232202591	0.00079449691214	-0.0255403793133	0.00297988996664	0.0273161405019	-0.00351858579001	0.0109643999323	-0.0542698838338	-0.0368854329834	-0.0435074142851	-0.0652937185457	0.0112482326812	0.0427799137677	0.0142458246201	-0.0188704108906	-0.0343906604111	-0.0172111544478	-0.116013218592	0.00857598607076	-0.00691246741832	-0.0057736684923	0.0433226377536	-0.042231616184	0.0343127355776	-0.0251761044638	-0.0161694349228	-0.0164305852182	-0.0769375723562	-0.0544564590463	-0.0383605230484	-0.0326794711954	-0.0324847263127	-0.0305434415788	-0.0569381747156	-0.00244462309278	0.0308492148149	-0.0316622595811	0.0392807493239	-0.00134158039467	-0.0108898367155	-0.0317283837232
k__Bacteria;p__Firmicutes;c__Clostridia;o__Clostridiales;f__Lachnospiraceae;g__;s__[Eubacterium]_rectale	-0.0575544425675	-0.0464333910683	0.0175110875859	-0.0021917581791	-0.00514590690243	0.0202153518405	0.0186123057604	0.0488895589755	-0.0846714192217	-0.0255200561383	0.0392798620109	0.0219943746096	-0.0452101198536	-0.00715035993633	1.0	0.031846696778	0.0516992432939	0.033943979206	0.0166036073867	-0.0241111415631	-0.0324616454988	-0.0371536823821	-0.0148383872282	-0.0213581853962	-0.0328559934794	-0.0675424878274	-0.00371613913395	0.0210934131047	0.00853635566693	-0.0699643492076	0.0312394167361	0.0259963354194	-0.0328765944489	-0.0233409306551	0.0143190640288	-0.00619880798763	-0.0711194062159	0.00613450547328	0.00708768930264	-0.0239773758526	-0.0824326776975	0.0692892171113	-0.0516709855775	-0.0503681814036	0.0179446433576	-0.0259507304188	0.0200998708904	0.0162640920526	0.0224697153172	-0.0320926381781	-0.0150516582888	-0.00298919747422	0.0307527299446	0.00669768143815	-0.0461474359234	-0.0530697795551	0.00294189973766	0.00835711906127	0.0294575122044
k__Bacteria;p__Bacteroidetes;c__Bacteroidia;o__Bacteroidales;f__Bacteroidaceae;g__Bacteroides;s__Bacteroides_plebeius	-0.0282897960931	-0.037316062429	-0.0107149895289	0.0392945170975	-0.047573997792	0.0152170494147	-0.00855145944837	-0.0333507214109	-0.0142648286558	-0.0146501777771	0.0148744722381	-0.0347347526307	-0.0309387872612	-0.00684996325421	0.031846696778	1.0	-0.0245900169495	-0.0158858979894	0.0240961316153	0.0520157817634	-0.0228394006739	0.0517497835161	-0.0131627753507	-0.00566081191442	-0.00242616407671	-0.0215061963093	0.00455502550601	-0.0736361295622	-0.0465152062117	0.00808269672097	0.00273541299072	0.0144965617844	0.0350938678159	-0.0200475795578	-0.03384083953	-0.0314346019528	-0.0533603750151	-0.00330207444811	-0.0256708174424	-0.0343691767697	-0.0604975046163	-0.0644669032296	0.0378964763922	0.00443249959559	0.0501093002951	0.0121536108169	-0.028709396635	-0.0303087793963	-0.0435533929286	-0.0196398127651	-0.0184816609341	0.014115771756	0.00729291584635	-0.03052229656	0.0312056364922	-0.0298309484693	-0.056605031107	-0.0355415662605	0.01774986487
k__Bacteria;p__Bacteroidetes;c__Bacteroidia;o__Bacteroidales;f__Bacteroidaceae;g__Bacteroides;s__Bacteroides_fragilis	0.0126896050913	-0.0108800389644	-0.0345161413258	-0.0219200085454	-0.022002272207	-0.0273361947435	-0.0762644409231	-0.00135659732442	-0.000682770946684	-0.0568237923325	-0.10200127865	-0.00091481639524	0.023621282892	-0.0686664856401	0.0516992432939	-0.0245900169495	1.0	0.0125857991335	-0.00325671726885	-0.00194504199808	-0.00886344687065	-0.0564478153967	0.0266593146042	-0.0581661427996	-0.0237752585668	0.0190363130388	-0.022132988723	0.0190748574602	0.00975409210535	-0.0113513703692	-0.043725480067	0.0762496383897	-0.0223596959975	0.0408129052838	-0.0136245835693	-0.0393974016639	-0.0141632562019	-0.0130309702759	0.0203244237051	0.0304091038483	-0.0356571656466	-0.015829793338	0.0119897333384	0.042597350655	0.00107852738443	-0.0223862372989	0.0658606574793	-0.0483291515261	-0.0286398101087	0.0585299527363	-0.0279506229024	-0.00118775992275	0.04807809764	-0.00930008256808	0.00271795606861	-0.0366066186849	-0.0749167762351	-0.02384655148	0.0580610725815
k__Bacteria;p__Proteobacteria;c__Betaproteobacteria;o__Burkholderiales;f__Sutterellaceae;g__Sutterella;s__Sutterella_wadsworthensis	0.015721219611	-0.0132577142595	-0.0358717895686	-0.0260396556908	-0.0875128506628	0.0440045218795	-0.0348125125858	0.0069698179013	0.0156224552339	0.019503603528	0.0315263993785	-0.0181068331896	-0.0208610972412	0.00148717903445	0.033943979206	-0.0158858979894	0.0125857991335	1.0	0.0670459706836	-0.00943182681466	-0.0728999868972	-0.0652742771015	0.0073247971096	0.0194909623021	0.0696008749102	-0.0128422446151	0.0792107316095	-0.0308292249073	0.0121130779513	-0.0233743368572	-0.0128802515297	0.0299117620164	-0.0257114308128	-0.0570599174525	-0.0177106743709	0.0283113208699	-0.00313444478544	-0.00560332258299	-0.00808775314927	-6.39333840751e-05	-0.0681820221107	0.00694945898474	0.000867850837554	-0.0137077326359	-0.0150961900872	-0.0185004897061	-0.038234049925	-0.0400842298662	0.0070574423757	0.000829256238932	0.0455724149885	-0.040156628839	0.0217034316244	-0.0213645501805	-0.0290955808781	0.0587362923653	-0.0161232397069	0.0608533081759	0.0590416282549
k__Bacteria;p__Bacteroidetes;c__Bacteroidia;o__Bacteroidales;f__Porphyromonadaceae;g__Barnesiella;s__Barnesiella_intestinihominis	-0.0284315693752	-0.0239729720166	-0.0120473430151	0.0253695885103	-0.0524695176645	-0.00845296177485	-0.0307912955434	0.0423587771013	-0.0678029464475	-0.0283679596614	0.00719102481038	-0.0529738620631	-0.00241254049925	0.0268232202591	0.0166036073867	0.0240961316153	-0.00325671726885	0.0670459706836	1.0	0.0163054858261	-0.0686269455794	-0.0647620007208	0.00642837306514	0.0048059405879	-0.0122617718929	0.00647000354126	0.00234860177603	-0.0459124160899	0.0709162781942	-0.0688625295132	0.034108064034	-0.0198319334822	-0.00320509136594	-0.0215459661666	-0.012315284821	-0.0249758803205	-0.0211431251946	0.0218866718335	-0.0297007209906	-9.11804487268e-05	0.0268502041505	-0.0260558369102	-0.0206513484312	-0.0169931158251	0.0137969796564	-0.075868545323	-0.0531911462898	-0.0672387386486	-0.00455963268502	-0.0104911982573	0.00195490556942	-0.017593898388	-0.0104724264375	-0.0109308238975	-0.0268069813466	0.0181544204532	-0.00903467602209	-0.0509766077323	-0.0196941428167
k__Bacteria;p__Bacteroidetes;c__Bacteroidia;o__Bacteroidales;f__Odoribacteraceae;g__Odoribacter;s__Odoribacter_splanchnicus	-0.0601270395685	-0.0731588896887	-0.0434273754761	-0.00783261050468	0.00547221679888	-0.0116346649013	-0.00596425162905	-0.016101704372	-0.0553451381628	-0.0102106220423	0.00139452129194	0.00649103462094	-0.0305644940733	0.00079449691214	-0.0241111415631	0.0520157817634	-0.00194504199808	-0.00943182681466	0.0163054858261	1.0	-0.0374133423084	0.026026918749	-0.0214969708515	0.0158216602579	-0.043107152328	0.0499231891449	0.0243389087213	-0.0170342251374	0.00194383367124	0.0641886657459	0.0246596570668	0.0229116789586	0.0695454622321	0.0165940130148	-0.00613744597121	0.0217342424711	0.00166720273894	0.0215660272239	0.00637536498704	-0.0674145682555	0.0657429874169	-0.0122848582621	-0.0378498401281	-0.0214571537022	0.00711688069098	-0.0456717558441	-0.0343751172814	-0.0449121553856	0.0208603987035	-0.0172348895608	0.024331311083	-0.0337724526155	-0.0208431031982	-0.00852220047101	0.0297628009197	-0.0209368065732	0.0150882219887	5.88299847317e-05	-0.0327429021346
k__Bacteria;p__Bacteroidetes;c__Bacteroidia;o__Bacteroidales;f__Bacteroidaceae;g__Bacteroides;s__Bacteroides_salyersiae	0.00708378434818	-0.0395935115058	-0.00977265538175	0.00968867343806	0.0422468966757	0.0264686552009	-0.0353767673325	-0.0543664313678	0.043793406762	0.0306610869326	-0.0386071718604	0.00903481987439	0.0492241992255	-0.0255403793133	-0.0324616454988	-0.0228394006739	-0.00886344687065	-0.0728999868972	-0.0686269455794	-0.0374133423084	1.0	-0.018593645955	0.0300339741107	0.00914042275343	-0.00155366205715	-0.0359927598004	0.0421552526411	-0.0271064546005	-0.0244037211604	-0.0414411162032	-0.0371189019471	-0.0286384507148	-0.039111651748	-0.0442762373447	0.00561256536968	-0.00101469498819	0.0522652529558	-0.0627328236634	-0.0591950804333	-0.0263507567528	-0.0158873253858	0.0472031650323	-0.0151170686958	0.0195391858107	0.0157959276889	-0.0353146144596	-0.0238504231972	-0.0599339829632	0.0142746759219	-0.0125128143399	-0.0397002838751	0.0315393569786	0.0244177260884	-0.0236950188857	0.0426135940717	0.00302546121892	0.0281548881477	-0.0330232550995	-0.000447428272435
k__Bacteria;p__Firmicutes;c__Clostridia;o__Clostridiales;f__Ruminococcaceae;g__Ruminiclostridium;s__[Eubacterium]_siraeum	-0.0173223709396	-0.0138519588613	0.0106312325036	0.0153877758007	0.0129055355117	-0.00179934833291	0.0153286512664	-0.020678876549	-0.00102786530188	0.0283837894062	-0.0438996604966	-0.0590106175708	-0.0586148107521	0.00297988996664	-0.0371536823821	0.0517497835161	-0.0564478153967	-0.0652742771015	-0.0647620007208	0.026026918749	-0.018593645955	1.0	-0.0106527577304	-0.00219692411558	0.0563820331203	0.0207761924709	0.0123054583038	0.0224678974008	-0.0014876286469	-0.0206699861358	-0.0252163453275	0.000132707301607	0.0150557524781	0.0337835417103	-0.0264949127054	-0.066198213448	-0.0607459687248	-0.0111075463456	-0.0365652827378	0.0185930190721	0.000781296709231	-0.00524053708951	0.0707817653924	-0.0373520638796	0.0391336681399	0.0108957896889	0.0588888482799	0.0348216163888	0.00325851736068	-0.0201119698307	-0.0196135954812	-0.0100017499484	0.0298829818498	-0.0135891020151	0.0105184779664	0.0155170622905	-0.0478181994925	-0.0415879960023	0.060430503433
k__Bacteria;p__Proteobacteria;c__Betaproteobacteria;o__Burkholderiales;f__Sutterellaceae;g__Parasutterella;s__Parasutterella_excrementihominis	0.0119297949454	-0.0220933249035	0.0164651671897	0.0328675365309	0.0281416776408	0.0594109168003	-0.00930512734781	0.00188101920403	-0.0677596002781	0.0191352846826	0.027782187262	0.00173253772447	0.0585894691353	0.0273161405019	-0.0148383872282	-0.0131627753507	0.0266593146042	0.0073247971096	0.00642837306514	-0.0214969708515	0.0300339741107	-0.0106527577304	1.0	-0.00836334615571	-0.0195000091237	-0.0192803815948	-0.0664025327045	0.00336263630109	-0.0207484110151	-0.000401300941254	0.0397210040504	-0.0247099372053	0.0200998085686	-0.0522069643402	-0.0170991141165	0.00338722727329	0.0730925164877	0.00169472821442	-0.0608500412925	-0.0447738172448	-0.0224683574084	-0.0532306728959	-0.0529390003177	0.00755843286828	-0.0691888748755	0.0320949243715	-0.0307543480013	0.0170971430318	-0.0183223319635	-0.00617403775838	-0.00412892585624	-0.000598585214817	0.00411280124113	-0.0570357127115	0.00329063314849	-0.00167763986408	0.0343861173985	-0.030291753042	-0.0360195839582
k__Bacteria;p__Actinobacteria;c__Actinobacteria;o__Bifidobacteriales;f__Bifidobacteriaceae;g__Bifidobacterium;s__Bifidobacterium_adolescentis	-0.014952561174	-0.0203737625124	0.00846087730822	-0.0259968701884	-0.0305472760312	0.0534043837331	-0.0564446390403	0.053346195298	-0.022906591995	0.0197854306426	-0.0439567749357	0.012995303819	-0.0237415514236	-0.00351858579001	-0.0213581853962	-0.00566081191442	-0.0581661427996	0.0194909623021	0.0048059405879	0.0158216602579	0.00914042275343	-0.00219692411558	-0.00836334615571	1.0	-0.0504888434257	6.78459875033e-05	0.00502053754621	-0.0282234659838	-0.012387026709	-0.0337179193816	0.0215366735347	0.0559227851668	0.0328843366486	-0.0591109122678	-0.0841627556592	0.0107513908966	0.0441779138465	-0.0357394980394	0.0335037694306	-0.0337339097351	0.0536006854745	0.00161041568553	0.0193660130297	-0.021511488234	-0.0683852549338	0.019705883178	0.0344085486232	-0.0162887279666	0.0135719162144	0.0180529556852	-0.0828937136538	0.0403415114029	-0.0487107781643	-0.028102633306	0.0218691341551	0.000170117629717	-0.0696705597687	-0.0702157653689	-0.00828790752321
k__Bacteria;p__Firmicutes;c__Clostridia;o__Clostridiales;f__Oscillospiraceae;g__Oscillibacter;s__Oscillibacter_sp._KLE_1745	0.0503442090813	-0.0590766404581	-0.000796763271332	-0.0512187978384	-0.0945250298087	-0.0196113092925	-0.0403434115192	0.0169661617771	-0.0257102729652	0.0206026226157	0.0153807393208	0.00714658959944	-0.0164619533654	0.0109643999323	-0.0328559934794	-0.00242616407671	-0.0237752585668	0.0696008749102	-0.0122617718929	-0.043107152328	-0.00155366205715	0.0563820331203	-0.0195000091237	-0.0504888434257	1.0	-0.0384632921393	-0.0154345162677	8.88583006821e-05	-0.0242518940638	-0.00182181867635	-0.057184751818	0.0079123384351	-0.05743320049	-0.0120454412463	0.0588265577891	0.0179396300185	-0.014415725152	0.0264049575408	-0.0432610249553	0.0328247727767	0.0359247210753	-0.0331713396807	0.0168446401294	0.0719587641014	0.0104995024213	-0.0705145045481	-0.0448881435371	0.0230432865156	-0.0221206235688	-0.0189624853177	0.00462958552863	0.0100090711221	-0.00344520611364	0.0319661223487	-0.0152226256557	-0.0722581020998	0.0453006220225	0.0433355198888	0.0104089492141
k__Bacteria;p__Bacteroidetes;c__Bacteroidia;o__Bacteroidales;f__Bacteroidaceae;g__Bacteroides;s__Bacteroides_coprophilus	-0.00194762404685	0.027404910727	0.0500430976623	-0.0130436211677	0.0275243008338	-0.0803610760928	-0.0236764059149	-0.00195499644775	0.00361098344625	-0.036375443688	-0.00426304633741	-0.00287783662172	-0.103727534989	-0.0542698838338	-0.0675424878274	-0.0215061963093	0.0190363130388	-0.0128422446151	0.00647000354126	0.0499231891449	-0.0359927598004	0.0207761924709	-0.0192803815948	6.78459875033e-05	-0.0384632921393	1.0	-0.0671224601396	-0.0319073702111	-0.0184070846253	-0.0560640141791	-0.0531209933714	-0.0169521243225	0.0225870912768	0.0266502086955	-0.0115108362448	-0.0133056359002	-0.0448596301319	0.00437448406229	0.0347126753018	0.030160359572	-0.0193650274983	0.0625245528232	0.00908993313901	0.0292818055762	-0.00453316717352	0.0241009892535	0.0181010984366	-0.0202952936252	0.0231095800498	0.0054628197411	0.00368782499579	0.0140796647323	-0.000714406594674	0.0202605325483	0.0250899733633	-0.0307458022472	0.0140434855471	-0.0439253879448	-0.0695475728688
k__Bacteria;p__Firmicutes;c__Clostridia;o__Clostridiales;f__Lachnospiraceae;g__Roseburia;s__Roseburia_intestinalis	0.0112741568071	0.038988074776	-0.00177148764899	-0.0102132212601	0.0626444360418	-0.0195735351225	-0.0180474294653	-0.0256379493644	0.0479327742498	-0.0233069742818	0.0048473967461	0.000969358716244	0.0228164443819	-0.0368854329834	-0.00371613913395	0.00455502550601	-0.022132988723	0.0792107316095	0.00234860177603	0.0243389087213	0.0421552526411	0.0123054583038	-0.0664025327045	0.00502053754621	-0.0154345162677	-0.0671224601396	1.0	-0.0719123443961	-0.0558562619334	-0.0132371443454	-0.015447669257	-0.0305327721246	-0.00856789235542	-0.0349741617959	-0.0109110784789	-0.0161173301988	-0.0778105761863	0.0133968131704	-0.0307145050238	-0.0207611053724	-0.038347179725	-0.0129015495913	-0.00125168541156	0.000207165285865	0.00521308812099	-0.0226859696203	-0.0756743386232	0.0522661157077	-0.0168361854014	0.000700060153687	-0.00215815756493	-0.0240959332511	0.022118769625	0.0313027205563	-0.0123369362114	0.0235251387681	-0.00956302487507	-0.0359888342543	-0.0141213894794
k__Bacteria;p__Firmicutes;c__Clostridia;o__Clostridiales;f__Lachnospiraceae;g__Roseburia;s__Roseburia_hominis	0.00921311457589	0.0271716128872	-0.0483481983037	-0.0438131280902	0.00989222301038	0.0192333970426	-0.0343836983915	-0.0583561362528	-0.0468873870848	0.00613470178342	0.0138270124319	0.0344674631173	0.00484315028497	-0.0435074142851	0.0210934131047	-0.0736361295622	0.0190748574602	-0.0308292249073	-0.0459124160899	-0.0170342251374	-0.0271064546005	0.0224678974008	0.00336263630109	-0.0282234659838	8.88583006823e-05	-0.0319073702111	-0.0719123443961	1.0	0.0143210351158	-0.0342669247532	-0.0363620694224	-0.0675668541565	0.00407683926849	0.0164685643183	-0.0174446955797	-0.0198771181712	-0.0373594576004	-0.0491864898769	-0.0341412510953	0.0344126086315	0.0244077388672	-0.00284117866356	-0.0240902438423	-0.0734341023545	-0.00498072079798	-0.000938568476822	-0.0424725442558	-0.0272898379758	0.00768391022109	0.000497911930456	0.00419643239338	-0.0481258678426	0.0188799611575	-0.0333330710047	0.0249483726424	-0.0141729698167	0.0304175007561	-0.0229297249374	0.0402364436339
k__Bacteria;p__Bacteroidetes;c__Bacteroidia;o__Bacteroidales;f__Porphyromonadaceae;g__Parabacteroides;s__Parabacteroides_johnsonii	0.0487063437463	0.00448318606308	-0.0380524170462	-0.00550429545162	0.0429780719219	0.0326120752207	-0.01862965782	0.0213498163378	0.0371387879367	-0.0251785587935	-0.0434167224821	0.0417961412724	-0.0363903910646	-0.0652937185457	0.00853635566693	-0.0465152062117	0.00975409210535	0.0121130779513	0.0709162781942	0.00194383367124	-0.0244037211604	-0.0014876286469	-0.0207484110151	-0.012387026709	-0.0242518940638	-0.0184070846253	-0.0558562619334	0.0143210351158	1.0	-0.0450120710453	-0.00083266187357	-0.0608136065375	-0.00478651971242	0.067427513915	-0.0454762516945	0.0365096758503	-0.0468250707587	-0.00546067526327	-0.0370568918056	0.000788200759261	-0.013869425835	0.0219175551976	0.00582754322595	-0.0652632438638	-0.0224947843307	-0.0294773436217	0.055918974966	-0.0415748554443	-0.0174345679315	-0.0105969906838	-0.00787780751602	0.00147623439678	-0.0246452808635	-0.038348531435	0.00832911407017	-0.0132446012858	0.00660452921014	0.0912434330575	-0.0141444101
k__Bacteria;p__Actinobacteria;c__Actinobacteria;o__Bifidobacteriales;f__Bifidobacteriaceae;g__Bifidobacterium;s__Bifidobacterium_longum	-0.00994497710921	0.0089397149888	-0.0489647578318	0.0151432698762	0.0349982388518	0.0374542840153	-0.0648740297148	-0.0383243067809	0.00356051203713	-0.00588540855855	0.0327129211539	-0.0811150409585	-0.00715629962853	0.0112482326812	-0.0699643492076	0.00808269672097	-0.0113513703692	-0.0233743368572	-0.0688625295132	0.0641886657459	-0.0414411162032	-0.0206699861358	-0.000401300941254	-0.0337179193816	-0.00182181867635	-0.0560640141791	-0.0132371443454	-0.0342669247532	-0.0450120710453	1.0	0.017205599653	-0.00489692977937	-0.0264995127218	-0.0112227425558	-0.0365189376099	0.0166492771834	-0.0482793321005	0.0251195697332	0.025196786031	-0.0842741816698	-0.038633010358	-0.0216995670462	0.0438416017869	0.0877696421522	0.0790788188705	0.0218732126966	-0.0186579607167	-0.0303449347309	0.000172622731335	-0.0373607229835	-0.0183785737499	0.0502412098942	-0.0504523759457	-0.0740542958023	-0.00179115126374	-0.0140112813466	-0.0191846573054	-0.0519242537997	-0.0424306500229
