#taxonomy	k__Bacteria;p__Bacteroidetes;c__Bacteroidia;o__Bacteroidales;f__Bacteroidaceae;g__Bacteroides;s__Bacteroides_vulgatus	k__Bacteria;p__Bacteroidetes;c__Bacteroidia;o__Bacteroidales;f__Bacteroidaceae;g__Bacteroides;s__Bacteroides_uniformis	k__Bacteria;p__Bacteroidetes;c__Bacteroidia;o__Bacteroidales;f__Rikenellaceae;g__Alistipes;s__Alistipes_putredinis	k__Bacteria;p__Bacteroidetes;c__Bacteroidia;o__Bacteroidales;f__Prevotellaceae;g__Prevotella;s__Prevotella_copri	k__Bacteria;p__Bacteroidetes;c__Bacteroidia;o__Bacteroidales;f__Bacteroidaceae;g__Bacteroides;s__Bacteroides_stercoris	k__Bacteria;p__Bacteroidetes;c__Bacteroidia;o__Bacteroidales;f__Bacteroidaceae;g__Bacteroides;s__Bacteroides_ovatus	k__Bacteria;p__Bacteroidetes;c__Bacteroidia;o__Bacteroidales;f__Rikenellaceae;g__Alistipes;s__Alistipes_shahii	k__Bacteria;p__Firmicutes;c__Clostridia;o__Clostridiales;f__Ruminococcaceae;g__Faecalibacterium;s__Faecalibacterium_prausnitzii	k__Bacteria;p__Bacteroidetes;c__Bacteroidia;o__Bacteroidales;f__Rikenellaceae;g__Alistipes;s__Alistipes_finegoldii	k__Bacteria;p__Bacteroidetes;c__Bacteroidia;o__Bacteroidales;f__Porphyromonadaceae;g__Parabacteroides;s__Parabacteroides_distasonis	k__Bacteria;p__Bacteroidetes;c__Bacteroidia;o__Bacteroidales;f__Bacteroidaceae;g__Bacteroides;s__Bacteroides_thetaiotaomicron	k__Bacteria;p__Bacteroidetes;c__Bacteroidia;o__Bacteroidales;f__Bacteroidaceae;g__Bacteroides;s__Bacteroides_coprocola	k__Bacteria;p__Bacteroidetes;c__Bacteroidia;o__Bacteroidales;f__Bacteroidaceae;g__Bacteroides;s__Bacteroides_cellulosilyticus	k__Bacteria;p__Bacteroidetes;c__Bacteroidia;o__Bacteroidales;f__Rikenellaceae;g__Alistipes;s__Alistipes_obesi	k__Bacteria;p__Firmicutes;c__Clostridia;o__Clostridiales;f__Lachnospiraceae;g__;s__[Eubacterium]_rectale	k__Bacteria;p__Bacteroidetes;c__Bacteroidia;o__Bacteroidales;f__Bacteroidaceae;g__Bacteroides;s__Bacteroides_plebeius	k__Bacteria;p__Bacteroidetes;c__Bacteroidia;o__Bacteroidales;f__Bacteroidaceae;g__Bacteroides;s__Bacteroides_fragilis	k__Bacteria;p__Proteobacteria;c__Betaproteobacteria;o__Burkholderiales;f__Sutterellaceae;g__Sutterella;s__Sutterella_wadsworthensis	k__Bacteria;p__Bacteroidetes;c__Bacteroidia;o__Bacteroidales;f__Porphyromonadaceae;g__Barnesiella;s__Barnesiella_intestinihominis	k__Bacteria;p__Bacteroidetes;c__Bacteroidia;o__Bacteroidales;f__Odoribacteraceae;g__Odoribacter;s__Odoribacter_splanchnicus	k__Bacteria;p__Bacteroidetes;c__Bacteroidia;o__Bacteroidales;f__Bacteroidaceae;g__Bacteroides;s__Bacteroides_salyersiae	k__Bacteria;p__Firmicutes;c__Clostridia;o__Clostridiales;f__Ruminococcaceae;g__Ruminiclostridium;s__[Eubacterium]_siraeum	k__Bacteria;p__Proteobacteria;c__Betaproteobacteria;o__Burkholderiales;f__Sutterellaceae;g__Parasutterella;s__Parasutterella_excrementihominis	k__Bacteria;p__Actinobacteria;c__Actinobacteria;o__Bifidobacteriales;f__Bifidobacteriaceae;g__Bifidobacterium;s__Bifidobacterium_adolescentis	k__Bacteria;p__Firmicutes;c__Clostridia;o__Clostridiales;f__Oscillospiraceae;g__Oscillibacter;s__Oscillibacter_sp._KLE_1745	k__Bacteria;p__Bacteroidetes;c__Bacteroidia;o__Bacteroidales;f__Bacteroidaceae;g__Bacteroides;s__Bacteroides_coprophilus	k__Bacteria;p__Firmicutes;c__Clostridia;o__Clostridiales;f__Lachnospiraceae;g__Roseburia;s__Roseburia_intestinalis	k__Bacteria;p__Firmicutes;c__Clostridia;o__Clostridiales;f__Lachnospiraceae;g__Roseburia;s__Roseburia_hominis	k__Bacteria;p__Bacteroidetes;c__Bacteroidia;o__Bacteroidales;f__Porphyromonadaceae;g__Parabacteroides;s__Parabacteroides_johnsonii	k__Bacteria;p__Actinobacteria;c__Actinobacteria;o__Bifidobacteriales;f__Bifidobacteriaceae;g__Bifidobacterium;s__Bifidobacterium_longum	k__Bacteria;p__Firmicutes;c__Clostridia;o__Clostridiales;f__;g__Flavonifractor;s__Flavonifractor_plautii	k__Bacteria;p__Firmicutes;c__Clostridia;o__Clostridiales;f__Clostridiaceae;g__Clostridium;s__Clostridium_phoceensis	k__Bacteria;p__Verrucomicrobia;c__Verrucomicrobiae;o__Verrucomicrobiales;f__Akkermansiaceae;g__Akkermansia;s__Akkermansia_muciniphila	k__Bacteria;p__Bacteroidetes;c__Bacteroidia;o__Bacteroidales;f__Prevotellaceae;g__Paraprevotella;s__Paraprevotella_xylaniphila	k__Bacteria;p__Firmicutes;c__Clostridia;o__Clostridiales;f__Ruminococcaceae;g__Ruminococcus;s__Ruminococcus_callidus	k__Bacteria;p__Bacteroidetes;c__Bacteroidia;o__Bacteroidales;f__Rikenellaceae;g__Alistipes;s__Alistipes_senegalensis	k__Bacteria;p__Firmicutes;c__Clostridia;o__Clostridiales;f__Lachnospiraceae;g__Blautia;s__Blautia_sp._KLE_1732	k__Bacteria;p__Bacteroidetes;c__Bacteroidia;o__Bacteroidales;f__Bacteroidaceae;g__Bacteroides;s__Bacteroides_oleiciplenus	k__Bacteria;p__Firmicutes;c__Clostridia;o__Clostridiales;f__Ruminococcaceae;g__Ruminococcus;s__Ruminococcus_bicirculans	k__Bacteria;p__Bacteroidetes;c__Bacteroidia;o__Bacteroidales;f__Bacteroidaceae;g__Bacteroides;s__Bacteroides_fluxus	k__Bacteria;p__Bacteroidetes;c__Bacteroidia;o__Bacteroidales;f__Prevotellaceae;g__Prevotella;s__Prevotella_stercorea	k__Bacteria;p__Firmicutes;c__Clostridia;o__Clostridiales;f__Lachnospiraceae;g__Dorea;s__Dorea_longicatena	k__Bacteria;p__Firmicutes;c__Clostridia;o__Clostridiales;f__Eubacteriaceae;g__Eubacterium;s__[Eubacterium]_eligens	k__Bacteria;p__Firmicutes;c__Clostridia;o__Clostridiales;f__Ruminococcaceae;g__;s__Ruminococcaceae_bacterium_D16	k__Bacteria;p__Firmicutes;c__Clostridia;o__Clostridiales;f__Lachnospiraceae;g__Coprococcus;s__Coprococcus_comes	k__Bacteria;p__Proteobacteria;c__Gammaproteobacteria;o__Enterobacterales;f__Enterobacteriaceae;g__Escherichia;s__Escherichia_coli	k__Bacteria;p__Firmicutes;c__Clostridia;o__Clostridiales;f__Ruminococcaceae;g__Anaerotruncus;s__Anaerotruncus_colihominis	k__Bacteria;p__Firmicutes;c__Clostridia;o__Clostridiales;f__Lachnospiraceae;g__Blautia;s__Blautia_obeum	k__Bacteria;p__Bacteroidetes;c__Bacteroidia;o__Bacteroidales;f__Odoribacteraceae;g__Odoribacter;s__Odoribacter_laneus	k__Bacteria;p__Firmicutes;c__Clostridia;o__Clostridiales;f__Ruminococcaceae;g__Ruminiclostridium;s__[Clostridium]_leptum	k__Bacteria;p__Bacteroidetes;c__Bacteroidia;o__Bacteroidales;f__Porphyromonadaceae;g__Parabacteroides;s__Parabacteroides_goldsteinii	k__Bacteria;p__Firmicutes;c__Clostridia;o__Clostridiales;f__Lachnospiraceae;g__Anaerostipes;s__Anaerostipes_hadrus	k__Bacteria;p__Firmicutes;c__Clostridia;o__Clostridiales;f__Ruminococcaceae;g__Ruminococcus;s__Ruminococcus_lactaris	k__Bacteria;p__Firmicutes;c__Clostridia;o__Clostridiales;f__Clostridiaceae;g__Clostridium;s__Clostridium_sp._L2-50	k__Bacteria;p__Firmicutes;c__Clostridia;o__Clostridiales;f__Clostridiaceae;g__Clostridium;s__Clostridium_sp._M62/1	k__Bacteria;p__Firmicutes;c__Clostridia;o__Clostridiales;f__;g__Intestinimonas;s__Intestinimonas_butyriciproducens	k__Bacteria;p__Actinobacteria;c__Actinobacteria;o__Bifidobacteriales;f__Bifidobacteriaceae;g__Bifidobacterium;s__Bifidobacterium_bifidum	k__Bacteria;p__Firmicutes;c__Negativicutes;o__Veillonellales;f__Veillonellaceae;g__Dialister;s__Dialister_invisus	k__Bacteria;p__Bacteroidetes;c__Bacteroidia;o__Bacteroidales;f__Bacteroidaceae;g__Bacteroides;s__Bacteroides_salanitronis
k__Bacteria;p__Bacteroidetes;c__Bacteroidia;o__Bacteroidales;f__Bacteroidaceae;g__Bacteroides;s__Bacteroides_vulgatus	1.0	0.0231013837599	-0.0528984106648	-0.0127334629225	0.017283505591	-0.0132400601868	-0.00744278336378	0.00329025146461	-0.0183818102306	-0.0187651828565	-0.0198066202079	-0.0278829770625	-0.0133420515245	-0.0260545288964	0.00734883743489	-0.0369596337283	0.0146509301457	0.0669986701297	0.0121706003681	0.0134498405071	-0.021107170902	-0.10641096819	0.0434757018168	-0.0366167723477	-0.0606088655333	-0.00529996599874	-0.0333517160297	-0.0330072641427	-0.0101934777207	-0.00109426409503	0.0115533598268	0.0460139517075	0.0312982103601	-0.0393933251018	0.0165294056722	0.0102478211212	0.0297314386104	-0.0179584683211	0.0547515748112	0.00331533660411	0.067117715379	-0.0360883731327	-0.0623774463113	0.0203924943243	0.0166695838702	-0.00986946257291	0.0112381589877	0.0170883457537	-0.015011232754	-0.0374804509119	-0.023801742196	0.00684380392384	-0.0331189164056	0.103609736502	-0.0457762446844	-0.0587463669235	-0.0951986002282	-0.00491052695194	-0.0322443324044
k__Bacteria;p__Bacteroidetes;c__Bacteroidia;o__Bacteroidales;f__Bacteroidaceae;g__Bacteroides;s__Bacteroides_uniformis	0.0231013837599	1.0	0.0350365978272	-0.0157391775586	-0.0832234230684	-0.0785491539814	0.0267465487636	0.0305423232547	-0.0168612585195	-0.0159390416548	-0.0551489767177	-0.046345288259	-0.024315607597	-0.0145272874301	-0.0241402106471	-0.00985263529913	-0.044193788687	0.0414001455401	-0.055451236088	-0.0324952737525	-0.0142405822084	-0.0396048059855	-0.0206021704534	-0.0488499455604	-0.0015992496362	0.0246307384434	-0.0544876167025	0.00652287320829	0.0111339402825	0.016883905916	0.0139588990764	0.0163312611005	0.0482913988163	0.018722929405	0.0367770173146	-0.0348815711393	-0.0719107015365	0.026793128181	0.0202031973777	0.00415200633316	-0.0186599102603	-0.0146220825846	0.03392095161	-0.0843000943126	0.0126382294663	0.00362266082625	-0.0255125651599	-0.0306943667334	-0.0185554371671	0.00583161614232	0.00295268984488	-0.00391715962224	0.00235054237157	0.00441576928445	-0.0177433562503	0.0505049835703	-0.0637284856864	-0.0221205410954	0.0193146115445
k__Bacteria;p__Bacteroidetes;c__Bacteroidia;o__Bacteroidales;f__Rikenellaceae;g__Alistipes;s__Alistipes_putredinis	-0.0528984106648	0.0350365978272	1.0	-0.00303667959877	0.000619623457676	0.0786834207024	0.00989663188749	0.00249133199563	-0.0271843828312	-0.0303101732843	0.0136521049299	-0.0426495340596	0.0481463112168	-0.0213179253392	0.0364103136424	-0.0219062618572	-0.0213098855608	-0.0697109817589	0.068651469656	-0.0218627995095	0.0662377464975	-0.0643861458153	-0.0210642960788	-0.0177763896325	-0.00991674960688	0.0433059222747	-0.0549050407123	-0.00966904524226	0.0274227337309	0.0105673018745	-0.0323854616098	0.0399711719743	-0.0366116124195	0.000870346421422	-0.000179670515712	-0.0732757625262	-0.00601014288346	0.0260682375997	-0.0306703608547	0.0349859490182	-0.00376798849795	0.0379145982236	-0.0285322356906	0.0643620836078	-0.00852264035689	0.0145202812845	-0.0535872529046	-0.00740669257796	-0.0158293110437	-0.0433445709556	0.0221863420218	-0.0240535232653	-0.0713283369419	-0.000286723710476	-0.00967864009247	-0.0266997165899	-0.0794991755602	-0.0158113901061	-0.0197020878204
k__Bacteria;p__Bacteroidetes;c__Bacteroidia;o__Bacteroidales;f__Prevotellaceae;g__Prevotella;s__Prevotella_copri	-0.0127334629225	-0.0157391775586	-0.00303667959877	1.0	-0.108872860338	0.00936816981469	0.0183653604842	0.0212038310451	-0.0184146686177	-0.058923805269	-0.0650706011488	0.0136146778701	0.0014799800442	-0.00281228536846	0.00992042151909	-0.0666030737308	0.0268823653072	-0.000551682923705	-0.0154937347677	0.00545375063283	-0.0112625483308	-0.0266983392408	-0.00919390578443	0.070973264165	-0.00791669140701	0.0382821200354	-0.0366697973709	0.0463209742488	0.0113313266677	0.0442449485259	0.0240091691112	0.0257060804087	-0.00438026839074	0.00528459563666	-0.0255474596074	-0.0553575779723	-0.0579369898762	-0.00568904299724	-0.0967395958133	-0.0328006245016	0.0244238378871	0.0213507262967	0.0262205507561	-0.0263265939533	0.00205759162903	-0.0399333221991	0.0631033235917	0.0453421234846	0.0186867004144	-0.0155265074189	-0.00475957837195	0.00555836275266	-0.0518600546615	-0.02216762469	0.00412266870723	-0.014032947652	0.015123979989	-0.0129488387536	-0.00944796861443
k__Bacteria;p__Bacteroidetes;c__Bacteroidia;o__Bacteroidales;f__Bacteroidaceae;g__Bacteroides;s__Bacteroides_stercoris	0.017283505591	-0.0832234230684	0.000619623457676	-0.108872860338	1.0	0.00906452070322	-0.0153232650865	-0.0265819177415	0.000246544504389	0.038110078741	0.0315466769768	-0.056619143198	-0.0492975503857	-0.0101442582121	-0.0418261930413	0.00349522003991	-0.00590371786068	0.0795820205926	-0.0233904864499	-0.0173294289323	0.0137689474439	-0.000759499645558	-0.0709280610424	0.00796408437478	-0.0355375248998	0.0021969322035	-0.0431599518979	-0.0378784379191	0.0227388899319	0.0442158095207	-0.00622421988989	-0.0350139376415	0.0375896661045	0.0401755416893	-0.0546390787674	-0.03323879623	0.0129789235449	-0.0081672117878	-0.0476134901888	-0.00663970655774	0.0259011806935	0.0632618270424	0.0166134563948	0.0006529897062	-0.0302382989175	0.0363525412054	0.0238357124693	-0.0366824946873	-0.00255175048234	-0.0194424514243	-0.0542519736456	-0.00859057505111	0.00604164247686	0.115344117931	0.00917131271585	0.0142112284741	-0.0653294241235	-0.0252672280394	-0.0572880360509
k__Bacteria;p__Bacteroidetes;c__Bacteroidia;o__Bacteroidales;f__Bacteroidaceae;g__Bacteroides;s__Bacteroides_ovatus	-0.0132400601868	-0.0785491539814	0.0786834207024	0.00936816981469	0.00906452070322	1.0	0.0288411151749	0.07073658839	0.0166383402488	0.0402396467281	0.0124179681789	-0.0376491851102	-0.0192831107495	-0.00142120784881	-0.022157311449	-0.0276585904576	0.0346448397945	0.0138056192171	-0.00126988675769	-0.0487887397938	-0.0869515766258	0.000225072613214	0.0127495105607	0.0383400229136	-0.0329921201416	0.0474557791092	-0.0182229631926	0.0510909226473	0.0475208537756	-0.0634637718638	-0.0460328495127	-0.00162155726144	0.0387139505433	-0.0159548385296	-0.0115738241626	-0.0472112794238	-0.0128419062687	0.0418900166028	-0.00775095115863	-0.0244878293257	-0.0544399156035	0.046084226833	-0.0262042997475	-0.0382718412055	-0.0384999351053	-0.0744669947739	0.0459104900769	0.0260491254749	0.0451901505942	-0.00814515664768	0.00737208600135	0.00074216984179	0.059199892964	-0.0646178484183	-0.00595579549682	0.0288473692713	-0.0748677472547	-0.0470429728729	-0.0783334831923
k__Bacteria;p__Bacteroidetes;c__Bacteroidia;o__Bacteroidales;f__Rikenellaceae;g__Alistipes;s__Alistipes_shahii	-0.00744278336378	0.0267465487636	0.00989663188749	0.0183653604842	-0.0153232650865	0.0288411151749	1.0	-0.0433392820835	-0.0297500592306	-0.0660223092293	0.010331082481	-0.031728303107	-0.00147505960299	-0.0221468073848	0.0477704871059	-0.0013047994069	0.0159472994212	-0.0138396594065	-0.0362829202063	0.0293832234499	0.0235626761152	-0.0237327278019	0.0150488993085	-0.05780606494	0.0581210746303	0.007264722219	0.00892294676264	0.0334551098293	-0.00784401595036	-0.0695429071453	-0.0250266612584	-0.088334426303	0.0176025132986	-0.0159853933658	0.0074789634564	0.00238780435902	0.0101881705928	-0.0188720096111	-0.00329466856055	0.0485178307273	0.00712308419241	-0.0341281421728	-0.035128979239	-0.0693789154474	-0.0170424841689	0.037184924946	-0.0357508174026	-0.0436323862961	-0.0491035205775	0.0650586721997	0.0142110024014	0.0416786510209	-0.0214892889447	-0.0495525029701	-0.025926867418	-0.0686915125941	0.0326602201621	-0.0872826380226	-0.0623628672731
k__Bacteria;p__Firmicutes;c__Clostridia;o__Clostridiales;f__Ruminococcaceae;g__Faecalibacterium;s__Faecalibacterium_prausnitzii	0.00329025146461	0.0305423232547	0.00249133199563	0.0212038310451	-0.0265819177415	0.07073658839	-0.0433392820835	1.0	-0.0488333747674	-0.00705985409951	0.0219429547416	-0.0159531249904	-0.0367531712907	-0.0488251640302	-0.0548234438863	-0.0367720132409	0.0246943243433	-0.0545968638236	0.0430148026805	-0.0434248533344	0.0725410146209	-0.00153893806956	0.0306777904514	-0.00497902349635	0.0775985819208	0.0410711594208	0.0276097038188	0.0122521802942	0.0811163517627	-0.0172526867957	0.0106761962225	-0.0117269796929	-0.0389714390602	-0.0134169184045	-0.0678412422048	-0.00938480113725	-0.0428131812986	-0.0299102092784	-0.00886925087032	0.0640345126693	-0.0241638382388	0.046362433712	-0.0323585130627	0.0671943122738	-0.00539383707536	-0.00413138244962	-0.0289042023148	0.0123409055851	-0.00551963833253	-0.0509929366805	0.0415533242978	-0.0448924671768	-0.0425504884354	0.0372521380915	-0.0296253314478	-0.0204016093648	0.0185701187457	-0.0172151112374	-0.00523919856671
k__Bacteria;p__Bacteroidetes;c__Bacteroidia;o__Bacteroidales;f__Rikenellaceae;g__Alistipes;s__Alistipes_finegoldii	-0.0183818102306	-0.0168612585195	-0.0271843828312	-0.0184146686177	0.000246544504389	0.0166383402488	-0.0297500592306	-0.0488333747674	1.0	0.0058459323838	0.0463665433409	-0.0216953046738	0.0180250261955	0.0271795749086	-0.0427926263322	0.0251760713833	-0.062929896571	0.0304938208016	0.0237959993723	-0.0212758489506	-0.0256696769474	-0.0343913053582	0.0508170509624	-0.0268843341938	-0.0593789975281	-0.00744515174369	0.0182204754334	0.0013209532319	0.0175208611028	-0.0143181938849	-0.00801140543512	0.00242864870616	-0.0118452048196	0.00891053700902	0.0178738203771	-0.00310009761681	-0.0364832858271	-0.0225477518719	0.0204003810604	-0.0290168964895	0.0288698550407	0.0178772189191	0.0724465265221	-0.0614947538148	-0.0451082964206	-0.0425650446204	0.00569506666557	-0.011414173118	-0.0308567207565	-0.000594769119475	0.0131401294173	0.042804958046	-0.0174601777623	-0.0445822592186	0.0161662188249	-0.0166272322476	0.0257568424411	-0.0616949603458	-0.0190360405905
k__Bacteria;p__Bacteroidetes;c__Bacteroidia;o__Bacteroidales;f__Porphyromonadaceae;g__Parabacteroides;s__Parabacteroides_distasonis	-0.0187651828565	-0.0159390416548	-0.0303101732843	-0.058923805269	0.038110078741	0.0402396467281	-0.0660223092293	-0.00705985409951	0.0058459323838	1.0	0.070098915631	-0.0525896249613	-0.0753306139258	-0.0173370149282	-0.00950413361614	-0.0129046466098	0.01008474289	0.0123905066922	0.00422339933116	-0.0531680695459	-0.0353041729488	0.00931938563046	-0.0546752571356	-0.0486652520816	0.0151695060244	0.00568694416985	0.0257777388278	-0.0222959834377	-0.0170708099083	-0.00947049136596	-0.0105578301542	-0.0403792604917	0.0509146406269	-0.0517200975757	0.0266337266643	0.0345427379132	-0.0493220983235	-0.0237655334715	0.0057991311124	-0.0167332910279	-0.0379805007505	-0.0259119644738	0.0324471626564	0.0409990511527	-0.08754517826	0.0605497704605	-0.00291438217585	-0.0714825756042	-4.28247411229e-05	0.0329860235128	-0.000223343534467	0.0410800502466	0.0366480574361	-0.0350778867031	-0.00798689198446	-0.0041462423142	0.0787185831314	-0.0263803462628	0.0375279173632
k__Bacteria;p__Bacteroidetes;c__Bacteroidia;o__Bacteroidales;f__Bacteroidaceae;g__Bacteroides;s__Bacteroides_thetaiotaomicron	-0.0198066202079	-0.0551489767177	0.0136521049299	-0.0650706011488	0.0315466769768	0.0124179681789	0.010331082481	0.0219429547416	0.0463665433409	0.070098915631	1.0	-0.0423159114763	-0.00921863434548	-0.00989475194119	0.0119435296938	0.0437544046619	-0.060940039944	0.00403066494551	0.0245664300281	0.012357678622	0.0163803163754	-0.0241860966083	0.00863284800809	0.00597545383728	0.021351932955	-0.0535221617721	-0.0672067732515	0.0492408865082	-0.00607276859046	-0.0468955468763	0.026413381276	0.00279452934257	0.0106631609854	-0.0706586017186	-0.0258741901219	-0.032319056279	-0.0191801229401	-0.0018996586127	-0.0393237801144	-0.0145263623842	0.0257124535905	0.00393995771879	0.00715866170139	-0.0244703381513	-0.0208771409687	0.00529998929965	-0.00930694705128	-0.0290981521539	0.00698270625812	0.0031127790128	-0.080044713219	0.00172343106911	0.0527511900096	-0.0560276524615	0.0405193095924	-0.0256768685429	-0.0296027866165	-0.00674546343627	0.0331928591095
k__Bacteria;p__Bacteroidetes;c__Bacteroidia;o__Bacteroidales;f__Bacteroidaceae;g__Bacteroides;s__Bacteroides_coprocola	-0.0278829770625	-0.046345288259	-0.0426495340596	0.0136146778701	-0.056619143198	-0.0376491851102	-0.031728303107	-0.0159531249904	-0.0216953046738	-0.0525896249613	-0.0423159114763	1.0	-0.00313020056273	0.00822360626422	-0.02861636413	0.062132152905	0.0486780812246	-0.0183032434759	0.0259771335217	-0.012106626038	0.0444916868309	-0.0114905070071	-0.0543783146465	-0.00978759359361	-0.0430658908346	-0.0594406261863	0.0742944037618	-0.00255394855422	-0.0354565740282	0.0133509443804	0.0184815516363	-0.0283105753726	-0.0166714204996	-0.0161452170397	0.0758188663768	0.0270157046878	-0.0288361619196	0.00482491333126	-0.0751569905982	-0.00654797924494	-0.0376081611942	-0.0414050044608	0.00129138837003	0.00106657473243	-0.016694103497	-0.012766988311	-0.0564304148312	-0.00859380621875	0.0111171133976	-0.0129931257533	-0.0184228207565	0.0299420592568	0.032151212294	-0.034781590677	-0.0128175520523	0.0419852542024	0.0130723587463	0.0112846724708	-0.0292375828685
k__Bacteria;p__Bacteroidetes;c__Bacteroidia;o__Bacteroidales;f__Bacteroidaceae;g__Bacteroides;s__Bacteroides_cellulosilyticus	-0.0133420515245	-0.024315607597	0.0481463112168	0.0014799800442	-0.0492975503857	-0.0192831107495	-0.00147505960299	-0.0367531712907	0.0180250261955	-0.0753306139258	-0.00921863434548	-0.00313020056273	1.0	0.0119300657407	0.0512989523539	-0.0298848865726	-0.00723505329489	0.000623541504254	-0.0247724305315	-0.018260706093	0.0361419054315	-0.00866953992437	-0.00838874415199	-0.0166283855492	-0.0186510909326	-0.0215213642148	0.0325944187764	-0.0039571561894	-0.0310351879684	0.0463366222555	-0.0641153105131	0.0223535485057	-0.0242401364874	0.0558776562747	-0.0564681902998	-0.0036195719753	0.00657131524654	-0.0331240259516	0.0175640102324	-0.00772659463384	-0.0605865654867	0.0173257744888	-0.0188641321044	-0.0352768313415	-0.0106613451939	-0.0729618961695	-0.0206720532558	0.0178732382785	-0.04148302878	-0.0074147883693	0.00160499554963	0.0146098483793	0.010529815424	0.0153122147864	-0.0287245113706	0.0379857236098	-0.00182594681605	-0.0161494278956	0.0376795325745
k__Bacteria;p__Bacteroidetes;c__Bacteroidia;o__Bacteroidales;f__Rikenellaceae;g__Alistipes;s__Alistipes_obesi	-0.0260545288964	-0.0145272874301	-0.0213179253392	-0.00281228536846	-0.0101442582121	-0.00142120784881	-0.0221468073848	-0.0488251640302	0.0271795749086	-0.0173370149282	-0.00989475194119	0.00822360626422	0.0119300657407	1.0	0.00077857579849	-0.000399951228888	-0.0267093109348	-0.0314971295012	0.037240916366	0.0194266114198	-0.00850079469666	-0.047630790961	0.0201484795672	0.00734595220261	-0.00933464614592	-0.00792388407483	-0.0778777751901	0.0313433614321	-0.0562039126352	-0.0133037257125	-0.0146793728158	0.00292992854388	0.0372946409387	-0.0466617900983	0.0103642165985	-0.0788265846907	-0.0326308470815	-0.0369522494459	0.0641560589456	0.0233559081919	-0.0130693228017	0.00204497259458	-0.0459407630016	0.00761482901576	-0.0622897395748	-0.0519623079555	-0.00716820438736	-0.022576436284	-0.031452309486	0.0467983406609	0.0144807872241	-0.00983957478833	-0.0354112284687	-0.0149808141654	0.0428920826127	-0.0351992491871	-0.035283731071	-0.0218846042745	-0.0106525731975
k__Bacteria;p__Firmicutes;c__Clostridia;o__Clostridiales;f__Lachnospiraceae;g__;s__[Eubacterium]_rectale	0.00734883743489	-0.0241402106471	0.0364103136424	0.00992042151909	-0.0418261930413	-0.022157311449	0.0477704871059	-0.0548234438863	-0.0427926263322	-0.00950413361614	0.0119435296938	-0.02861636413	0.0512989523539	0.00077857579849	1.0	0.024375671373	0.0207466666415	0.0142079199291	-0.00602334195395	0.00916126051292	0.0154989700923	0.0265135913307	-0.0604717525084	0.0327206735036	0.00106931415675	-0.0595440173895	-0.0338589458823	-0.00202093417435	0.0614112006168	-0.0387244714645	-0.0308957023551	-0.0294697799464	-0.0506348967839	0.00440265368875	0.0423063637879	-0.000443289659037	0.0298275880629	-0.0451430491564	-0.00560294164871	0.0218883478433	-0.0375208889526	-0.0506461769812	0.0067063607605	0.0188856241883	0.0694493247672	-0.0288667083366	-0.0206552179163	-0.0124123533134	-0.0237043484365	-0.0100727931497	0.0770279916839	-0.0394960892586	0.0166599300268	0.0284892465356	-0.0390183146115	-0.0553709233269	0.0140618870692	0.0244320532216	-0.00222996859767
k__Bacteria;p__Bacteroidetes;c__Bacteroidia;o__Bacteroidales;f__Bacteroidaceae;g__Bacteroides;s__Bacteroides_plebeius	-0.0369596337283	-0.00985263529913	-0.0219062618572	-0.0666030737308	0.00349522003991	-0.0276585904576	-0.0013047994069	-0.0367720132409	0.0251760713833	-0.0129046466098	0.0437544046619	0.062132152905	-0.0298848865726	-0.000399951228888	0.024375671373	1.0	-0.0219211358865	-0.00292022360976	-0.0282441068843	0.0278790131193	1.04234823518e-05	0.0191463121891	0.0133513865587	-0.00356130154923	0.0262357471589	-0.0187257550875	0.00867120917284	-0.0225577288412	-0.0365374597073	-0.0634596589946	-0.0221751346403	-0.0131398565495	0.00374960035757	-0.0468884478275	0.000299874691169	0.0598101597795	-0.0285674460249	-0.00219111809724	0.00792466770454	-0.0721329353501	0.0540493074109	-0.0233895608136	0.00284448425321	-0.038399404005	-0.0374704694071	0.0126266356541	-0.0032403041266	-0.0739271313098	-0.0515342374552	-0.0541908939852	-0.0110053331969	0.0137406833492	-0.00673284520188	0.0288555241527	-0.0178310384484	0.0571613565344	0.00215669267089	0.0297069209692	-0.0291984078396
k__Bacteria;p__Bacteroidetes;c__Bacteroidia;o__Bacteroidales;f__Bacteroidaceae;g__Bacteroides;s__Bacteroides_fragilis	0.0146509301457	-0.044193788687	-0.0213098855608	0.0268823653072	-0.00590371786068	0.0346448397945	0.0159472994212	0.0246943243433	-0.062929896571	0.01008474289	-0.060940039944	0.0486780812246	-0.00723505329489	-0.0267093109348	0.0207466666415	-0.0219211358865	1.0	0.0117919884863	0.00761525386566	0.0106607917838	-0.00572102246034	0.0255709001202	0.0415050849712	-0.00915926101787	-0.0090693390044	-0.00423195486649	0.0412419739678	0.0419264593865	-0.0305583075268	0.00525873284502	-0.0509164803463	-0.058856857461	-0.0260455850545	-0.012696003756	-0.0289650261304	-0.0185789789383	0.0218330957907	-0.0304818838448	-0.015795008966	-0.0109816297851	-0.0661463259084	-0.00271891286045	-0.0219077461724	0.000931890655451	0.0147132762252	-0.0269348020978	-0.0531412672709	-0.0186542581712	0.00356815435395	-0.00283402694815	0.0400709929241	-0.0161268361973	-0.0654004794816	-0.0868400885044	-0.028410690128	-0.0584858630917	0.0029224012497	0.0236604806665	-0.0195598881449
k__Bacteria;p__Proteobacteria;c__Betaproteobacteria;o__Burkholderiales;f__Sutterellaceae;g__Sutterella;s__Sutterella_wadsworthensis	0.0669986701297	0.0414001455401	-0.0697109817589	-0.000551682923705	0.0795820205926	0.0138056192171	-0.0138396594065	-0.0545968638236	0.0304938208016	0.0123905066922	0.00403066494551	-0.0183032434759	0.000623541504254	-0.0314971295012	0.0142079199291	-0.00292022360976	0.0117919884863	1.0	0.0290073493385	-0.0501477376874	-0.0397372908172	-0.00733060742915	-0.00930106056516	-0.0150096198155	0.0177557796301	-0.00308494389048	0.0223266852219	-0.00217657059979	0.00191082157342	0.0120326657762	-0.0251847927416	0.022617984886	-0.0713046733273	-0.00605840858907	0.0164631930375	-0.0333649761257	0.0315641598137	-0.0210856605019	-0.0408146211677	0.00545539577616	-0.0339777366236	-0.00328462531518	-0.0139582479229	-0.0670072522857	-0.103643574232	0.0168942398663	0.00756358222338	-0.0133795024249	0.0361952153634	-0.0025154105461	0.0261044614642	-0.0461032967791	0.0324944366225	0.0156768854692	0.0281485821906	-0.02237019207	-0.0612130073487	0.0151472511473	-0.0196457011699
k__Bacteria;p__Bacteroidetes;c__Bacteroidia;o__Bacteroidales;f__Porphyromonadaceae;g__Barnesiella;s__Barnesiella_intestinihominis	0.0121706003681	-0.055451236088	0.068651469656	-0.0154937347677	-0.0233904864499	-0.00126988675769	-0.0362829202063	0.0430148026805	0.0237959993723	0.00422339933116	0.0245664300281	0.0259771335217	-0.0247724305315	0.037240916366	-0.00602334195395	-0.0282441068843	0.00761525386566	0.0290073493385	1.0	0.0741893846611	-0.00940641388932	0.0324495412328	0.034980330025	-0.0353520265555	0.0407347240163	-0.0254104631825	-0.0447676857424	0.0128875622245	-0.0288134048299	-0.0189449063656	0.00998829093295	-0.00841744928308	0.00494433910553	-0.00482259368608	-0.000188975540045	-0.0654544110826	0.0330173340876	0.00330200500381	-0.0530214179049	-0.0653923671454	-0.0432518450635	-0.0290294609977	0.0160168888769	0.029252928764	-0.0283159151222	0.0347791048025	-0.0582891998912	-0.013496485986	0.107137618173	-0.044283639467	-0.0338338351662	-0.00218442844939	-0.0495657286712	0.00218202858179	-0.091546656299	-0.0260794611019	-0.0496041981563	-0.0581662951682	-0.0673219367665
k__Bacteria;p__Bacteroidetes;c__Bacteroidia;o__Bacteroidales;f__Odoribacteraceae;g__Odoribacter;s__Odoribacter_splanchnicus	0.0134498405071	-0.0324952737525	-0.0218627995095	0.00545375063283	-0.0173294289323	-0.0487887397938	0.0293832234499	-0.0434248533344	-0.0212758489506	-0.0531680695459	0.012357678622	-0.012106626038	-0.018260706093	0.0194266114198	0.00916126051292	0.0278790131193	0.0106607917838	-0.0501477376874	0.0741893846611	1.0	-0.00340646145112	0.0906047601824	-0.0726317518765	-0.0416957120493	-0.0187266113162	-0.0260469415278	-0.0252494727121	-0.0198767466051	0.0204197487345	0.00224442121679	-0.0459789722732	-0.00333267311047	-0.0134839278471	0.00816957049791	0.0098224515242	-0.0254594340341	0.0341326332808	-0.0587838890943	-0.0505043500593	-0.0109440142519	0.0263481695538	0.00657576293189	-0.0293400503482	-0.0301024262412	0.0692897338807	0.00513826450873	0.0571729477409	0.0161638295463	-0.021541381691	-0.0365872697296	-0.0580147042674	-0.0311588223802	-0.0151287662368	0.0327905574557	-0.00740419969634	-0.0438080343121	-0.00305870766684	0.00628796366649	-0.0556186470534
k__Bacteria;p__Bacteroidetes;c__Bacteroidia;o__Bacteroidales;f__Bacteroidaceae;g__Bacteroides;s__Bacteroides_salyersiae	-0.021107170902	-0.0142405822084	0.0662377464975	-0.0112625483308	0.0137689474439	-0.0869515766258	0.0235626761152	0.0725410146209	-0.0256696769474	-0.0353041729488	0.0163803163754	0.0444916868309	0.0361419054315	-0.00850079469666	0.0154989700923	1.04234823518e-05	-0.00572102246034	-0.0397372908172	-0.00940641388932	-0.00340646145112	1.0	0.0433970424985	-0.0627635060702	-0.0537525682201	0.0633761082403	0.0179525282091	0.00285663894114	-0.0274011131754	-0.0724344937702	-0.00710654064519	-0.0534239895064	-0.0520882356367	-0.00347456673896	0.000179640702578	0.0084103925779	-0.028204809132	-0.0401004705208	0.01708911297	0.00882401809235	-0.0202847117491	0.0441704643237	0.055308644094	0.0108440836528	-0.0169519709319	-0.00618488758407	-0.0273683350596	0.00296790627604	0.000892991620519	-0.0573117415954	-0.0251548879824	-0.0161919467773	0.103024016464	0.0238154452943	0.034551861318	-0.0114771606726	0.0237122867536	0.00714942502808	-0.0393702089589	-0.0735019514826
k__Bacteria;p__Firmicutes;c__Clostridia;o__Clostridiales;f__Ruminococcaceae;g__Ruminiclostridium;s__[Eubacterium]_siraeum	-0.10641096819	-0.0396048059855	-0.0643861458153	-0.0266983392408	-0.000759499645558	0.000225072613214	-0.0237327278019	-0.00153893806956	-0.0343913053582	0.00931938563046	-0.0241860966083	-0.0114905070071	-0.00866953992437	-0.047630790961	0.0265135913307	0.0191463121891	0.0255709001202	-0.00733060742915	0.0324495412328	0.0906047601824	0.0433970424985	1.0	0.00227278821898	-0.0531163753028	-0.0277952733193	0.0291711895931	-0.0320853620587	-0.0382946910774	0.0212514191973	0.00166555574575	-0.00445195747338	0.00470806801135	0.0332925770049	-0.00461217409566	0.0296954601704	0.0156027479394	-0.023026005782	0.0108748318167	-0.0209351613613	-0.0805313653121	-0.0283976867075	0.0337841805857	-0.036813862125	0.030553357626	0.0410673849507	-0.026982967866	0.0185248142218	-0.0364638433858	-0.0327883425027	-0.0510854716403	-0.0253862616159	-0.027847795591	-0.0198260076297	0.0463492985544	0.0108863851489	0.000282086519891	-0.0401726275241	-0.0325026638572	0.00493753012546
k__Bacteria;p__Proteobacteria;c__Betaproteobacteria;o__Burkholderiales;f__Sutterellaceae;g__Parasutterella;s__Parasutterella_excrementihominis	0.0434757018168	-0.0206021704534	-0.0210642960788	-0.00919390578443	-0.0709280610424	0.0127495105607	0.0150488993085	0.0306777904514	0.0508170509624	-0.0546752571356	0.00863284800809	-0.0543783146465	-0.00838874415199	0.0201484795672	-0.0604717525084	0.0133513865587	0.0415050849712	-0.00930106056516	0.034980330025	-0.0726317518765	-0.0627635060702	0.00227278821898	1.0	0.013982335497	0.024424279343	-0.010175482301	0.0451668456546	0.0648717034475	-0.0265975199602	0.0218636099218	-0.0197483514335	-0.0689899517826	-0.00611008739687	-0.0150564008073	-0.00302989685324	0.0217011559411	-0.0403612531223	-0.034110676796	0.0186394507234	-0.0226594468295	0.0275850487815	0.0305716385673	-0.0277526372624	-0.0172780207746	-0.0272513782982	-0.0822597675886	-0.0672397972768	-0.0387886524107	-0.0410580303822	-0.00476404778252	0.0363913097084	-0.0533241012762	0.035339261756	0.0284556074401	-0.0325051029448	0.0152426636931	-0.0413117150591	0.0143675870991	-0.00934012263622
k__Bacteria;p__Actinobacteria;c__Actinobacteria;o__Bifidobacteriales;f__Bifidobacteriaceae;g__Bifidobacterium;s__Bifidobacterium_adolescentis	-0.0366167723477	-0.0488499455604	-0.0177763896325	0.070973264165	0.00796408437478	0.0383400229136	-0.05780606494	-0.00497902349635	-0.0268843341938	-0.0486652520816	0.00597545383728	-0.00978759359361	-0.0166283855492	0.00734595220261	0.0327206735036	-0.00356130154923	-0.00915926101787	-0.0150096198155	-0.0353520265555	-0.0416957120493	-0.0537525682201	-0.0531163753028	0.013982335497	1.0	-0.0369820204951	-0.0281550027395	-0.0327457512718	-0.0322517035703	-0.0324285892952	0.0289812257343	-6.76750092762e-05	-0.0101201966079	-0.0211758174585	-0.0564077016361	-0.0178028487045	-0.0113934283571	-0.00869089616746	-0.132269840019	-0.0248092833926	0.0527915382491	0.0203212468746	-0.0406816188672	0.000405655392851	-0.0221944942244	-0.0199581143518	0.0247621977219	-0.0683480160595	-0.0407079176677	0.0576686827935	0.0062806232664	0.0329144602432	0.0245457772002	-0.0457268129918	0.0281424850306	-0.0434752596015	0.0530029238136	0.0317511837492	0.00545469310846	0.017456973869
k__Bacteria;p__Firmicutes;c__Clostridia;o__Clostridiales;f__Oscillospiraceae;g__Oscillibacter;s__Oscillibacter_sp._KLE_1745	-0.0606088655333	-0.0015992496362	-0.00991674960688	-0.00791669140701	-0.0355375248998	-0.0329921201416	0.0581210746303	0.0775985819208	-0.0593789975281	0.0151695060244	0.021351932955	-0.0430658908346	-0.0186510909326	-0.00933464614592	0.00106931415675	0.0262357471589	-0.0090693390044	0.0177557796301	0.0407347240163	-0.0187266113162	0.0633761082403	-0.0277952733193	0.024424279343	-0.0369820204951	1.0	0.0271240225979	-0.0169167445205	-0.0239534510451	-0.070715583467	0.0223625476557	-0.0456913766341	0.0071146630188	-0.0284282186067	0.0129352740902	0.011882182382	-0.0220347416941	0.0395428335096	0.0147479989269	-0.0551285314177	0.0289222208078	0.00548382491739	-0.0097380983821	-0.0208910652726	-0.0499015783389	0.0113442019577	-0.0531200773376	-0.044477474408	0.0401890942662	-0.0631041192809	-0.0152541131286	0.0157466884149	-0.0353189631487	-0.0486390305054	-0.0284417646416	-0.0237788913733	0.0271319504823	-0.011290377249	0.0722510284786	0.0248675997343
k__Bacteria;p__Bacteroidetes;c__Bacteroidia;o__Bacteroidales;f__Bacteroidaceae;g__Bacteroides;s__Bacteroides_coprophilus	-0.00529996599874	0.0246307384434	0.0433059222747	0.0382821200354	0.0021969322035	0.0474557791092	0.007264722219	0.0410711594208	-0.00744515174369	0.00568694416985	-0.0535221617721	-0.0594406261863	-0.0215213642148	-0.00792388407483	-0.0595440173895	-0.0187257550875	-0.00423195486649	-0.00308494389048	-0.0254104631825	-0.0260469415278	0.0179525282091	0.0291711895931	-0.010175482301	-0.0281550027395	0.0271240225979	1.0	0.00881544744756	0.0346874131607	0.0287067776921	0.0383917977887	7.12793358099e-05	-0.0382382682914	-0.0323081192125	0.0152630423127	-0.051911202872	-0.0636209656719	-0.055989613228	-0.00725088779378	-0.0146394645031	-0.0760362995605	-0.0783125854369	0.0364580284307	-0.0430355144492	0.0471701993688	0.072268341861	-0.0441498917372	0.0119208915019	-0.0326277871443	-0.0267421156842	0.018960749287	0.00731853715928	-0.0239068280162	-0.00246152162179	0.000187461311413	0.0254589466743	-0.0492288233357	-0.0902354142583	0.0123675537673	0.0241404164478
k__Bacteria;p__Firmicutes;c__Clostridia;o__Clostridiales;f__Lachnospiraceae;g__Roseburia;s__Roseburia_intestinalis	-0.0333517160297	-0.0544876167025	-0.0549050407123	-0.0366697973709	-0.0431599518979	-0.0182229631926	0.00892294676264	0.0276097038188	0.0182204754334	0.0257777388278	-0.0672067732515	0.0742944037618	0.0325944187764	-0.0778777751901	-0.0338589458823	0.00867120917284	0.0412419739678	0.0223266852219	-0.0447676857424	-0.0252494727121	0.00285663894114	-0.0320853620587	0.0451668456546	-0.0327457512718	-0.0169167445205	0.00881544744756	1.0	0.0180998473442	0.00764122995406	-0.000723607981856	-0.00593018673834	-0.025023942334	-0.0480032785626	-0.00313643342715	0.11518994611	0.0261893144604	0.0225403495978	-0.0178989758378	-0.0318382787957	0.0360665117608	-0.00190480655334	0.0320951798247	0.0264586032674	-0.0452503171422	-0.0035326999705	0.00697517512296	-0.0354071371653	-0.010632824087	0.00722537839772	-0.00599507113373	-0.0293538363681	0.0342352858963	0.0494218794008	-0.0110560403464	-0.00710069182051	-0.00461633024059	0.00149464620441	0.0298919441278	0.046461925265
k__Bacteria;p__Firmicutes;c__Clostridia;o__Clostridiales;f__Lachnospiraceae;g__Roseburia;s__Roseburia_hominis	-0.0330072641427	0.00652287320829	-0.00966904524226	0.0463209742488	-0.0378784379191	0.0510909226473	0.0334551098293	0.0122521802942	0.0013209532319	-0.0222959834377	0.0492408865082	-0.00255394855422	-0.0039571561894	0.0313433614321	-0.00202093417435	-0.0225577288412	0.0419264593865	-0.00217657059979	0.0128875622245	-0.0198767466051	-0.0274011131754	-0.0382946910774	0.0648717034475	-0.0322517035703	-0.0239534510451	0.0346874131607	0.0180998473442	1.0	0.0335569814669	0.0484075121319	0.00838611708331	-0.0498731676747	-0.0540208139769	0.0179908741926	-0.0423999565708	-0.0141811182691	0.0183552555719	-0.0367693037641	-0.018489807775	-0.03231314323	-0.0149077768609	0.0265077196393	-0.0906113126993	-0.0350752277662	-0.0329057436335	-0.0272092652355	0.00512981520766	-0.0164520703531	-0.0309843159511	-0.00842198232087	-0.0296163086102	-0.0329392219577	-0.0667355357544	-0.0406588374449	-0.0104815669723	-0.0412026442473	-0.0576750513187	-0.00324679185948	0.0485454408384
k__Bacteria;p__Bacteroidetes;c__Bacteroidia;o__Bacteroidales;f__Porphyromonadaceae;g__Parabacteroides;s__Parabacteroides_johnsonii	-0.0101934777207	0.0111339402825	0.0274227337309	0.0113313266677	0.0227388899319	0.0475208537756	-0.00784401595036	0.0811163517627	0.0175208611028	-0.0170708099083	-0.00607276859046	-0.0354565740282	-0.0310351879684	-0.0562039126352	0.0614112006168	-0.0365374597073	-0.0305583075268	0.00191082157342	-0.0288134048299	0.0204197487345	-0.0724344937702	0.0212514191973	-0.0265975199602	-0.0324285892952	-0.070715583467	0.0287067776921	0.00764122995406	0.0335569814669	1.0	-0.0924243898086	0.0419005079984	-0.0338126533551	0.0626666238051	-0.00829196968413	-0.00570796888559	-0.0178115430637	-0.0223663651833	-0.074613420521	0.0166295628859	0.0184864394106	0.0154521578256	-0.042688419246	0.0369155544636	0.0539174671198	0.0278644678662	-0.0454769394468	0.102481173063	-0.0370326610289	-0.0335234471222	-0.0148618443223	-0.0319886416998	-0.0445923579137	-0.0368799197514	0.0099798479558	-0.0179697127247	-0.048444918855	0.00594778453124	-0.0538999844841	0.030539157982
k__Bacteria;p__Actinobacteria;c__Actinobacteria;o__Bifidobacteriales;f__Bifidobacteriaceae;g__Bifidobacterium;s__Bifidobacterium_longum	-0.00109426409503	0.016883905916	0.0105673018745	0.0442449485259	0.0442158095207	-0.0634637718638	-0.0695429071453	-0.0172526867957	-0.0143181938849	-0.00947049136596	-0.0468955468763	0.0133509443804	0.0463366222555	-0.0133037257125	-0.0387244714645	-0.0634596589946	0.00525873284502	0.0120326657762	-0.0189449063656	0.00224442121679	-0.00710654064519	0.00166555574575	0.0218636099218	0.0289812257343	0.0223625476557	0.0383917977887	-0.000723607981856	0.0484075121319	-0.0924243898086	1.0	0.018057168977	-0.00394100689229	-0.0798917202929	0.00442074704027	-0.00856266800077	-0.0384893223293	-0.0197610541142	-0.0602348927225	0.0534515366207	0.0113967002629	-0.0623240312025	-0.0149436819037	-0.0698157094173	-0.087265646535	0.0504412636157	-0.0386337151777	0.0267717653112	0.0476803500335	-0.0481311899826	0.00668220479439	0.0435753281787	-0.0328624254193	0.002326624101	-0.0324053986638	0.00761743804283	0.036828184091	-0.0200451706	-0.0183290168422	-0.0251232671736
