#taxonomy	k__Bacteria;p__Bacteroidetes;c__Bacteroidia;o__Bacteroidales;f__Bacteroidaceae;g__Bacteroides;s__Bacteroides_vulgatus	k__Bacteria;p__Bacteroidetes;c__Bacteroidia;o__Bacteroidales;f__Bacteroidaceae;g__Bacteroides;s__Bacteroides_uniformis	k__Bacteria;p__Bacteroidetes;c__Bacteroidia;o__Bacteroidales;f__Rikenellaceae;g__Alistipes;s__Alistipes_putredinis	k__Bacteria;p__Bacteroidetes;c__Bacteroidia;o__Bacteroidales;f__Prevotellaceae;g__Prevotella;s__Prevotella_copri	k__Bacteria;p__Bacteroidetes;c__Bacteroidia;o__Bacteroidales;f__Bacteroidaceae;g__Bacteroides;s__Bacteroides_stercoris	k__Bacteria;p__Bacteroidetes;c__Bacteroidia;o__Bacteroidales;f__Bacteroidaceae;g__Bacteroides;s__Bacteroides_ovatus	k__Bacteria;p__Bacteroidetes;c__Bacteroidia;o__Bacteroidales;f__Rikenellaceae;g__Alistipes;s__Alistipes_shahii	k__Bacteria;p__Firmicutes;c__Clostridia;o__Clostridiales;f__Ruminococcaceae;g__Faecalibacterium;s__Faecalibacterium_prausnitzii	k__Bacteria;p__Bacteroidetes;c__Bacteroidia;o__Bacteroidales;f__Rikenellaceae;g__Alistipes;s__Alistipes_finegoldii	k__Bacteria;p__Bacteroidetes;c__Bacteroidia;o__Bacteroidales;f__Porphyromonadaceae;g__Parabacteroides;s__Parabacteroides_distasonis	k__Bacteria;p__Bacteroidetes;c__Bacteroidia;o__Bacteroidales;f__Bacteroidaceae;g__Bacteroides;s__Bacteroides_thetaiotaomicron	k__Bacteria;p__Bacteroidetes;c__Bacteroidia;o__Bacteroidales;f__Bacteroidaceae;g__Bacteroides;s__Bacteroides_coprocola	k__Bacteria;p__Bacteroidetes;c__Bacteroidia;o__Bacteroidales;f__Bacteroidaceae;g__Bacteroides;s__Bacteroides_cellulosilyticus	k__Bacteria;p__Bacteroidetes;c__Bacteroidia;o__Bacteroidales;f__Rikenellaceae;g__Alistipes;s__Alistipes_obesi	k__Bacteria;p__Firmicutes;c__Clostridia;o__Clostridiales;f__Lachnospiraceae;g__;s__[Eubacterium]_rectale	k__Bacteria;p__Bacteroidetes;c__Bacteroidia;o__Bacteroidales;f__Bacteroidaceae;g__Bacteroides;s__Bacteroides_plebeius	k__Bacteria;p__Bacteroidetes;c__Bacteroidia;o__Bacteroidales;f__Bacteroidaceae;g__Bacteroides;s__Bacteroides_fragilis	k__Bacteria;p__Proteobacteria;c__Betaproteobacteria;o__Burkholderiales;f__Sutterellaceae;g__Sutterella;s__Sutterella_wadsworthensis	k__Bacteria;p__Bacteroidetes;c__Bacteroidia;o__Bacteroidales;f__Porphyromonadaceae;g__Barnesiella;s__Barnesiella_intestinihominis	k__Bacteria;p__Bacteroidetes;c__Bacteroidia;o__Bacteroidales;f__Odoribacteraceae;g__Odoribacter;s__Odoribacter_splanchnicus	k__Bacteria;p__Bacteroidetes;c__Bacteroidia;o__Bacteroidales;f__Bacteroidaceae;g__Bacteroides;s__Bacteroides_salyersiae	k__Bacteria;p__Firmicutes;c__Clostridia;o__Clostridiales;f__Ruminococcaceae;g__Ruminiclostridium;s__[Eubacterium]_siraeum	k__Bacteria;p__Proteobacteria;c__Betaproteobacteria;o__Burkholderiales;f__Sutterellaceae;g__Parasutterella;s__Parasutterella_excrementihominis	k__Bacteria;p__Actinobacteria;c__Actinobacteria;o__Bifidobacteriales;f__Bifidobacteriaceae;g__Bifidobacterium;s__Bifidobacterium_adolescentis	k__Bacteria;p__Firmicutes;c__Clostridia;o__Clostridiales;f__Oscillospiraceae;g__Oscillibacter;s__Oscillibacter_sp._KLE_1745	k__Bacteria;p__Bacteroidetes;c__Bacteroidia;o__Bacteroidales;f__Bacteroidaceae;g__Bacteroides;s__Bacteroides_coprophilus	k__Bacteria;p__Firmicutes;c__Clostridia;o__Clostridiales;f__Lachnospiraceae;g__Roseburia;s__Roseburia_intestinalis	k__Bacteria;p__Firmicutes;c__Clostridia;o__Clostridiales;f__Lachnospiraceae;g__Roseburia;s__Roseburia_hominis	k__Bacteria;p__Bacteroidetes;c__Bacteroidia;o__Bacteroidales;f__Porphyromonadaceae;g__Parabacteroides;s__Parabacteroides_johnsonii	k__Bacteria;p__Actinobacteria;c__Actinobacteria;o__Bifidobacteriales;f__Bifidobacteriaceae;g__Bifidobacterium;s__Bifidobacterium_longum	k__Bacteria;p__Firmicutes;c__Clostridia;o__Clostridiales;f__;g__Flavonifractor;s__Flavonifractor_plautii	k__Bacteria;p__Firmicutes;c__Clostridia;o__Clostridiales;f__Clostridiaceae;g__Clostridium;s__Clostridium_phoceensis	k__Bacteria;p__Verrucomicrobia;c__Verrucomicrobiae;o__Verrucomicrobiales;f__Akkermansiaceae;g__Akkermansia;s__Akkermansia_muciniphila	k__Bacteria;p__Bacteroidetes;c__Bacteroidia;o__Bacteroidales;f__Prevotellaceae;g__Paraprevotella;s__Paraprevotella_xylaniphila	k__Bacteria;p__Firmicutes;c__Clostridia;o__Clostridiales;f__Ruminococcaceae;g__Ruminococcus;s__Ruminococcus_callidus	k__Bacteria;p__Bacteroidetes;c__Bacteroidia;o__Bacteroidales;f__Rikenellaceae;g__Alistipes;s__Alistipes_senegalensis	k__Bacteria;p__Firmicutes;c__Clostridia;o__Clostridiales;f__Lachnospiraceae;g__Blautia;s__Blautia_sp._KLE_1732	k__Bacteria;p__Bacteroidetes;c__Bacteroidia;o__Bacteroidales;f__Bacteroidaceae;g__Bacteroides;s__Bacteroides_oleiciplenus	k__Bacteria;p__Firmicutes;c__Clostridia;o__Clostridiales;f__Ruminococcaceae;g__Ruminococcus;s__Ruminococcus_bicirculans	k__Bacteria;p__Bacteroidetes;c__Bacteroidia;o__Bacteroidales;f__Bacteroidaceae;g__Bacteroides;s__Bacteroides_fluxus	k__Bacteria;p__Bacteroidetes;c__Bacteroidia;o__Bacteroidales;f__Prevotellaceae;g__Prevotella;s__Prevotella_stercorea	k__Bacteria;p__Firmicutes;c__Clostridia;o__Clostridiales;f__Lachnospiraceae;g__Dorea;s__Dorea_longicatena	k__Bacteria;p__Firmicutes;c__Clostridia;o__Clostridiales;f__Eubacteriaceae;g__Eubacterium;s__[Eubacterium]_eligens	k__Bacteria;p__Firmicutes;c__Clostridia;o__Clostridiales;f__Ruminococcaceae;g__;s__Ruminococcaceae_bacterium_D16	k__Bacteria;p__Firmicutes;c__Clostridia;o__Clostridiales;f__Lachnospiraceae;g__Coprococcus;s__Coprococcus_comes	k__Bacteria;p__Proteobacteria;c__Gammaproteobacteria;o__Enterobacterales;f__Enterobacteriaceae;g__Escherichia;s__Escherichia_coli	k__Bacteria;p__Firmicutes;c__Clostridia;o__Clostridiales;f__Ruminococcaceae;g__Anaerotruncus;s__Anaerotruncus_colihominis	k__Bacteria;p__Firmicutes;c__Clostridia;o__Clostridiales;f__Lachnospiraceae;g__Blautia;s__Blautia_obeum	k__Bacteria;p__Bacteroidetes;c__Bacteroidia;o__Bacteroidales;f__Odoribacteraceae;g__Odoribacter;s__Odoribacter_laneus	k__Bacteria;p__Firmicutes;c__Clostridia;o__Clostridiales;f__Ruminococcaceae;g__Ruminiclostridium;s__[Clostridium]_leptum	k__Bacteria;p__Bacteroidetes;c__Bacteroidia;o__Bacteroidales;f__Porphyromonadaceae;g__Parabacteroides;s__Parabacteroides_goldsteinii	k__Bacteria;p__Firmicutes;c__Clostridia;o__Clostridiales;f__Lachnospiraceae;g__Anaerostipes;s__Anaerostipes_hadrus	k__Bacteria;p__Firmicutes;c__Clostridia;o__Clostridiales;f__Ruminococcaceae;g__Ruminococcus;s__Ruminococcus_lactaris	k__Bacteria;p__Firmicutes;c__Clostridia;o__Clostridiales;f__Clostridiaceae;g__Clostridium;s__Clostridium_sp._L2-50	k__Bacteria;p__Firmicutes;c__Clostridia;o__Clostridiales;f__Clostridiaceae;g__Clostridium;s__Clostridium_sp._M62/1	k__Bacteria;p__Firmicutes;c__Clostridia;o__Clostridiales;f__;g__Intestinimonas;s__Intestinimonas_butyriciproducens	k__Bacteria;p__Actinobacteria;c__Actinobacteria;o__Bifidobacteriales;f__Bifidobacteriaceae;g__Bifidobacterium;s__Bifidobacterium_bifidum	k__Bacteria;p__Firmicutes;c__Negativicutes;o__Veillonellales;f__Veillonellaceae;g__Dialister;s__Dialister_invisus	k__Bacteria;p__Bacteroidetes;c__Bacteroidia;o__Bacteroidales;f__Bacteroidaceae;g__Bacteroides;s__Bacteroides_salanitronis
k__Bacteria;p__Bacteroidetes;c__Bacteroidia;o__Bacteroidales;f__Bacteroidaceae;g__Bacteroides;s__Bacteroides_vulgatus	1.0	-0.0719252348955	-0.0832673192939	-0.0484553756107	0.00961753575692	-0.0124546938913	0.0105993232776	-0.0492128459401	0.0366260468889	-0.0747603123223	0.0130107295916	0.0118275180448	-0.0516101115557	0.0145685593652	-0.0537205141514	-0.000664503214844	-0.0589590253172	0.00439698857303	-0.0339375728931	0.0612647514917	0.0693095042426	0.0112820062877	-0.0015567899519	-0.0592281261284	-0.034755648847	-0.0442232859808	-0.00487446756818	-0.0234706530627	0.009343734368	-0.0313037614292	-0.0136150251799	-0.0115433433912	-0.0180867636551	-0.00166055064583	0.0315210832279	-0.0353912658161	0.00650649526089	-0.0140088868649	0.00228465127849	0.0427752274706	-0.0206982114106	0.010919081011	-0.0242858569165	0.0109420137914	-0.00717988969079	0.0167319535713	0.00382954797747	0.0285743903446	0.0461430745074	0.0758320929862	-0.0335746036395	0.0136562669474	-0.0605976304902	0.00405008748417	0.0127876230017	-0.0196916064853	-0.0239148372304	-0.0330305524919	0.0296048383738
k__Bacteria;p__Bacteroidetes;c__Bacteroidia;o__Bacteroidales;f__Bacteroidaceae;g__Bacteroides;s__Bacteroides_uniformis	-0.0719252348955	1.0	-0.0602943621472	-0.0536713264486	-0.0188626506434	-0.0603405525503	-0.0226706422466	0.0406572013433	-0.0123419151814	0.041893968225	-0.0260012729585	0.0799728577385	-0.0700837538757	0.0588325521148	0.0283589584011	-0.0526690225842	-0.00303933978085	-0.0128307769991	-0.0239948598641	-0.0242123729688	0.00881490230235	-0.0661094467422	0.0225314977354	-0.0263482817319	-0.0185623958544	-0.00969265244198	-0.0156085852769	-0.018014354255	-0.0226149118502	0.00423370028127	0.0125580563446	-0.023988930311	0.0191804915799	-0.0628306474754	0.0185084980215	-0.00192813673965	-0.00269637784033	-0.0391230868527	0.0256385279257	0.0277578260698	0.039069071479	-0.000380096057537	0.00412883492795	0.015814979838	0.0430448392364	-0.0651694109066	-0.0188444812428	0.0217183764495	-0.0615175113878	0.0167687324516	-0.0178945845923	0.0346869781876	-0.00848331576397	0.0667552414643	-0.0434050110022	-0.0343510779216	-0.0550001701315	-0.0250434410449	-0.0385100508857
k__Bacteria;p__Bacteroidetes;c__Bacteroidia;o__Bacteroidales;f__Rikenellaceae;g__Alistipes;s__Alistipes_putredinis	-0.0832673192939	-0.0602943621472	1.0	-0.0104254436892	-0.045805924532	0.0234200913765	-0.0323978315087	-0.0235377662991	-0.00683375161193	0.0294222877036	0.00199253061364	0.0487891879423	-0.0335997875754	-0.0546281427172	-0.00163394702504	0.0720321442649	-0.0501080369893	-0.014929514716	-0.0119442163026	-0.0196815122708	-0.0340339174315	-0.0324830723316	0.00561011160085	-0.0447951289868	0.0259949874617	-0.0289594425406	-0.046791566591	0.0465793198825	-0.008866698043	-0.00128169066939	-0.00863837495989	-0.0235456357898	-0.0438411546067	-0.0233270167525	0.0422725081382	-0.0232337592252	-0.0573523023672	-0.000591238111144	-0.0471926795737	-0.0499027818884	-0.00501523289763	-0.0241033941113	-0.0410124843498	0.0351338621788	0.0164058970643	-0.0365154088407	0.0502569976576	0.0288730823545	-0.0188352745596	0.0215585944021	-0.0621009401557	-0.0293875530189	0.0261142434504	-0.0207416042815	-0.0263654543421	-0.0118654093942	-0.018303104564	0.0305835393768	-0.0031459899452
k__Bacteria;p__Bacteroidetes;c__Bacteroidia;o__Bacteroidales;f__Prevotellaceae;g__Prevotella;s__Prevotella_copri	-0.0484553756107	-0.0536713264486	-0.0104254436892	1.0	0.0909411985535	0.0063525073207	-0.0120909572336	-0.046188053731	0.00586677131563	0.0545848591488	0.0185243424046	-0.039553774103	-0.00989466129323	0.0212837294573	0.0400915633997	0.0118507693378	0.00654237119433	-0.02599185622	-0.0201094050494	0.00477257769363	0.0509790130374	-0.0664066922472	0.0142541141194	0.0167754171411	-0.0385046905969	-0.0372366520579	-0.00142467671963	0.0320567405311	0.016427809475	0.0256643361295	0.0237706219751	-0.0669304995766	-0.0144666698073	-0.00997766679607	0.050446085401	-0.12765987401	0.00502006399398	-0.0135794259259	0.0076813654148	-0.0175362863311	-0.0245288742753	-0.0405434523717	-0.0394547589211	-0.00330392870986	-0.0119402904819	0.0372949778713	-0.0354067367682	-0.0606779849069	0.0096696971298	-0.00717249631349	-0.0331433609522	-0.0193239283636	0.0245031412139	0.00869472478786	0.0354006358731	-0.0195966518812	-0.0121946852993	0.00956165115607	0.0428453453875
k__Bacteria;p__Bacteroidetes;c__Bacteroidia;o__Bacteroidales;f__Bacteroidaceae;g__Bacteroides;s__Bacteroides_stercoris	0.00961753575692	-0.0188626506434	-0.045805924532	0.0909411985535	1.0	-0.0276264651624	-0.00468739618452	-0.00778050193316	-0.0449218881619	-0.034312869868	-0.0697098023931	-0.0570660651388	-0.00445398578883	-0.0286225748533	-0.012479479316	0.0454857492817	-0.0423747362961	-0.0378159839068	0.0332882111216	-0.0305202397388	0.0336797311011	-0.01097834048	0.00385168919884	0.00152600517116	0.0190145526437	0.0346797346129	-0.0125195172978	0.0490142097417	-0.0634932725875	0.00575993459663	0.000666777106574	-0.00333614307874	-0.013766585051	0.0210578167158	-0.00351107440102	-0.0432614868468	0.0484660078725	-0.0380989537324	0.0010079165766	-0.00477421029085	-0.0339579630519	0.0352804573791	-0.00835069940571	-0.0593064127874	-0.0639677906234	-0.0110259102534	-0.0160271166766	0.0125894584642	-0.0241447035826	-0.0149998109419	0.00935304236462	-0.018536853991	-0.0188737844248	0.0318447225914	0.0107018860094	0.0256650853106	0.0143562350655	-0.0287667662947	-0.015950345677
k__Bacteria;p__Bacteroidetes;c__Bacteroidia;o__Bacteroidales;f__Bacteroidaceae;g__Bacteroides;s__Bacteroides_ovatus	-0.0124546938913	-0.0603405525503	0.0234200913765	0.0063525073207	-0.0276264651624	1.0	0.0120974596058	-0.0347042418044	-0.0213229082282	-0.0364660307936	-0.0153696377493	0.0128309523827	-0.00430660126101	-0.0381291386096	-0.0160909611973	-0.0329641731032	-0.034203702525	0.0217833002684	-0.00635559110958	-0.00127983441322	0.0163910706925	0.00546094399396	-0.0283888472534	-0.015795719011	0.0303224311943	0.00536218755598	0.0151512215323	-0.0073582781181	-0.00322180744828	0.022366246431	0.0293749170702	-0.0303307813885	-0.0345154388668	-0.0133075239433	0.0494842385846	0.0634574091596	0.0330585187035	-0.0125567320713	-0.0616578104222	-0.0260637130894	-0.00518768833543	-0.0182472222695	0.0535570946913	0.0106298182423	0.0180741605314	-0.0244341639481	0.0238683178752	0.038923406055	0.010342444802	0.0144818125977	-0.00471173752936	0.0123828370871	-0.0132362133582	0.0164306366572	-0.0363517486756	-0.0774821451114	0.00206753813145	-0.0354658759685	-0.00409693096313
k__Bacteria;p__Bacteroidetes;c__Bacteroidia;o__Bacteroidales;f__Rikenellaceae;g__Alistipes;s__Alistipes_shahii	0.0105993232776	-0.0226706422466	-0.0323978315087	-0.0120909572336	-0.00468739618452	0.0120974596058	1.0	-0.00968235370908	0.0064537218387	0.0140803797795	0.00512935976929	0.0390957948186	0.0186390798442	0.0112888601433	0.0217317624328	-0.0224980508946	0.0582270766946	0.0444504986836	0.0238778471871	-0.00294849417547	-0.0708919762655	0.0321949861843	-0.00237785247938	0.0279686903754	-0.0134388449806	-0.00593906978137	-0.0250086430483	-0.0406223298881	0.0152674164612	-0.00472486287117	-0.0252761586619	0.027462926793	0.0023433701274	0.0188833920421	0.0133073990061	0.0655900209229	-0.023119879192	-0.019007433415	0.0107398213842	-0.0603720556105	0.0268596614272	0.0596375143611	0.0106874891788	-0.0815692202417	-0.0149310070477	-0.0306641214158	-0.0183227302837	-0.0139857277274	0.0706554752557	0.0255998056819	-0.073536422412	-0.015476083318	-0.0278327363233	-0.0554948466461	-0.0125487273984	-0.0253243427563	-0.0337326994187	0.00488747300682	-0.0278885559076
k__Bacteria;p__Firmicutes;c__Clostridia;o__Clostridiales;f__Ruminococcaceae;g__Faecalibacterium;s__Faecalibacterium_prausnitzii	-0.0492128459401	0.0406572013433	-0.0235377662991	-0.046188053731	-0.00778050193316	-0.0347042418044	-0.00968235370908	1.0	-0.0355339813846	-0.0306159116803	-0.0201564452623	-0.0103995231168	0.0413377937437	0.0529196684638	0.00636436275793	-0.0158478260899	-0.0294473696979	-0.0257151695612	0.0744011436845	-0.0193600887629	-0.0158317799198	0.0051496603073	0.0360372667575	0.00420520628677	-0.00512623053542	-0.0174763823951	0.00948478919606	-0.0593923473295	0.0141160514206	-0.0304580747833	0.0149769340013	-0.0161183253941	0.00365817899831	0.00491361176295	-0.0480523075291	-0.0215465822281	-0.0412927387795	-0.00907521777763	-0.0630388439281	0.0766127841915	-0.0163261868085	-0.0357326555103	0.00690198610704	-0.0201837054035	0.044490970424	-0.0560576604705	-0.021248471023	-0.0244481451394	-0.0402634845657	-0.0075396351248	-0.0212900273238	0.00622068178228	-0.0302182991729	0.00142918501419	-0.0122560915744	-0.016323806447	-0.00674325499495	-0.00021351645501	0.00556260049831
k__Bacteria;p__Bacteroidetes;c__Bacteroidia;o__Bacteroidales;f__Rikenellaceae;g__Alistipes;s__Alistipes_finegoldii	0.0366260468889	-0.0123419151814	-0.00683375161193	0.00586677131563	-0.0449218881619	-0.0213229082282	0.0064537218387	-0.0355339813846	1.0	-0.00450032687861	0.00876679471831	-0.0261105416291	-0.0393352730788	0.0108823021427	-0.0515327346809	-0.0372851545408	0.0286970920097	-0.0468007330035	0.00922217362777	-0.0122819944363	0.0374365810728	0.0403993525197	0.0231962350528	0.0521063883588	0.0201171137992	-0.013188025923	0.0317377983121	-0.0153074304009	-0.00962912517909	0.0014688322384	0.00646542021717	-0.0147056386874	-0.0513437183512	0.0205835761648	-0.0375720845518	0.00925890513935	-0.0151269899585	0.00126770137705	-0.00975325441218	-0.0122401882448	-0.0108089505076	0.0342664100902	-0.116047419914	-0.044882114934	-0.086651158775	-0.0431957884521	-0.0651966284016	-0.0195519456983	0.0100067322338	-0.0347620106703	0.00147090344153	0.0481825772446	0.0463288298593	0.0493255824638	0.0334577905347	-0.0185520957825	-0.0387619816829	0.00511604711182	-0.0282204065545
k__Bacteria;p__Bacteroidetes;c__Bacteroidia;o__Bacteroidales;f__Porphyromonadaceae;g__Parabacteroides;s__Parabacteroides_distasonis	-0.0747603123223	0.041893968225	0.0294222877036	0.0545848591488	-0.034312869868	-0.0364660307936	0.0140803797795	-0.0306159116803	-0.00450032687861	1.0	0.00909134798914	0.0332542119185	-0.0121939952908	0.0233176864751	0.0103430642649	-0.0347547978944	0.0627850260502	-0.0845133692615	-0.0312229506862	-0.0130223943159	-0.0387262500767	-0.00346407984901	-0.00385827888093	-0.0169728421267	0.0539131089884	0.0286486537951	-0.0557267752002	-0.0249395028563	-0.0202956832492	-0.0326750584717	-0.0626022809851	-0.0197467198493	-0.00928088493766	-0.00880429159588	-0.0260267847197	0.05573109732	-0.0132879324757	-0.0296077457677	-0.0188442432136	-0.0633250649359	0.0220043499587	-0.00467365658454	-0.00989705187492	0.0410640665023	-0.00813861800814	-0.018400226108	0.0193175579811	-0.0296436319079	-0.0133552848163	-0.0192581826035	0.0304218159688	-0.0122405053	-0.0114583196811	-0.044764509961	-0.0103937254782	-0.0878683937716	0.0304513403713	0.0335761634239	-0.0094582398081
k__Bacteria;p__Bacteroidetes;c__Bacteroidia;o__Bacteroidales;f__Bacteroidaceae;g__Bacteroides;s__Bacteroides_thetaiotaomicron	0.0130107295916	-0.0260012729585	0.00199253061364	0.0185243424046	-0.0697098023931	-0.0153696377493	0.00512935976929	-0.0201564452623	0.00876679471831	0.00909134798914	1.0	0.0138467548995	0.0322389075645	0.0133702699577	0.0213011052139	-0.0122304207477	0.0507226853627	0.012744220539	-0.0149767678179	-0.0134593242929	-0.0206463297383	-0.0491763040783	0.0279140108931	0.0292263301005	-0.0514804593571	-0.0162689772022	-0.0497511071304	-0.00872973873912	0.0544811781981	-0.0238703328758	-0.0116773366963	-0.0335605175399	0.0832714861444	-0.00772023814855	-0.0388334553054	-0.0170103819552	-0.015735786713	0.00769493176202	0.0131743334045	-0.00844802756186	-0.00085657790985	0.00960090372836	-0.0389635351973	0.00578235669262	0.0380643804903	-0.0289503130826	0.0109123932655	0.0430667938266	0.0116295259409	-0.0449825870938	0.0212353565818	0.0212644186331	0.0157729437105	0.0227046053681	-0.0818273323172	-0.0429147086913	-0.044826407303	0.0350701887267	-0.00223874151593
k__Bacteria;p__Bacteroidetes;c__Bacteroidia;o__Bacteroidales;f__Bacteroidaceae;g__Bacteroides;s__Bacteroides_coprocola	0.0118275180448	0.0799728577385	0.0487891879423	-0.039553774103	-0.0570660651388	0.0128309523827	0.0390957948186	-0.0103995231168	-0.0261105416291	0.0332542119185	0.0138467548995	1.0	-0.0869180371103	0.0393059472492	-0.0415949068984	-0.0305617501317	-0.0784793598891	0.0588133514007	-0.0552544002517	-0.0582771778848	-0.0215169439704	0.0110377082669	0.0226720345207	0.0454912339467	-0.0328908512595	0.0359166284557	0.0365153870994	-0.00484557565251	-0.0814045183721	-0.0288687398758	-0.0347540716298	-0.0284707902339	-0.0826547520462	0.063868195202	-0.00851356755124	0.015930844496	0.0229031806536	0.00218027872992	-0.0700236845126	0.0344486444993	0.0290995710627	-0.0198397260811	0.00763565108694	-0.0276595970725	-0.0288736775388	-0.014436916202	-0.0216350261644	-0.0400445239988	0.000244095038123	-0.0107967357025	0.0147474930286	0.0224247055367	-0.0337468993487	-0.0165432526783	0.0376115197283	0.0287208722539	0.0206111935076	-0.00100661687751	-0.0373215223601
k__Bacteria;p__Bacteroidetes;c__Bacteroidia;o__Bacteroidales;f__Bacteroidaceae;g__Bacteroides;s__Bacteroides_cellulosilyticus	-0.0516101115557	-0.0700837538757	-0.0335997875754	-0.00989466129323	-0.00445398578883	-0.00430660126101	0.0186390798442	0.0413377937437	-0.0393352730788	-0.0121939952908	0.0322389075645	-0.0869180371103	1.0	0.0235108460402	-0.00396095016453	-0.0888165825646	-0.0199154493492	-0.0321159369762	0.0148974074136	0.0153392367107	0.0104460136061	0.0299557344553	0.0340974985782	0.0594995672954	0.0366500982634	0.0100547278325	-0.0291745091182	-0.0982726491355	0.0516477199328	-0.0279799466239	0.0358513330663	0.0109511115694	0.0079475063527	0.0108335017879	0.00050210454557	0.00554154878334	-0.0351670445104	0.00434757019754	0.0140292326469	0.00595549512773	-0.00487219803058	-0.0122155965655	-0.0253313123637	-0.0174300643874	0.00286531035665	-0.0329284315553	-0.0204590916192	0.0123874119895	-0.00983845630355	-0.0214957670066	0.0279287173642	0.00884347896224	-0.00373296263755	-0.0185727499303	0.0205526764914	-0.054881199954	0.0163788153734	-0.0225283693164	-0.0303480512155
k__Bacteria;p__Bacteroidetes;c__Bacteroidia;o__Bacteroidales;f__Rikenellaceae;g__Alistipes;s__Alistipes_obesi	0.0145685593652	0.0588325521148	-0.0546281427172	0.0212837294573	-0.0286225748533	-0.0381291386096	0.0112888601433	0.0529196684638	0.0108823021427	0.0233176864751	0.0133702699577	0.0393059472492	0.0235108460402	1.0	-0.0193136115524	-0.0137626294484	-0.0210438996307	-0.0691550427478	-0.0236033247516	-0.0355508434056	-0.0356618755703	-0.0805059034293	-0.0287292821631	-0.0144773630817	-0.0249158997377	0.0231008887399	0.0481291776962	-0.0372898264322	0.00862465389673	-0.0818756995202	0.0280361898693	0.0212048130491	0.000522773286409	-0.0126337422787	-0.0702273277632	-0.0430935382001	0.00856623627982	0.00183970865222	0.0548246166971	0.0106795355571	0.0182443966459	0.0302750393494	-0.100734270305	0.01299452422	-0.0693428684961	-0.0120206001474	-0.0837016244726	-0.0476305258056	0.00495235741701	-0.0406096157597	-0.0498972402008	0.0219219740546	0.0254992967272	0.014998119072	0.0309906181911	0.00858962450006	-0.00275656731034	-0.0522322111447	-0.0115091728653
k__Bacteria;p__Firmicutes;c__Clostridia;o__Clostridiales;f__Lachnospiraceae;g__;s__[Eubacterium]_rectale	-0.0537205141514	0.0283589584011	-0.00163394702504	0.0400915633997	-0.012479479316	-0.0160909611973	0.0217317624328	0.00636436275793	-0.0515327346809	0.0103430642649	0.0213011052139	-0.0415949068984	-0.00396095016453	-0.0193136115524	1.0	-0.0402707264002	-0.0453756352681	0.0360134452989	-0.00485256540752	-0.0971138437411	-0.0452566781477	-0.0285851999315	0.0485617498554	0.0517706610203	-0.0143324433797	-0.0167797637371	-0.00431943467641	0.0166095554698	-0.0448317947332	0.0144323703804	-0.0196587511578	0.0536016739865	0.0383763168419	0.0342365653886	-0.0610126946364	-0.000298567756873	0.0365344014213	0.0385539198827	0.0166646324263	-0.0150811485191	-0.0261444013461	-0.00675069613388	0.00417420863446	-0.000770398620029	-0.0836078210732	-0.0117510710923	-0.0196524594004	-0.0335144127796	-0.0460622328796	0.0429146328941	0.0254043851623	-0.0135929162423	0.043083056639	-0.062703387899	0.0106750806251	0.0361718089219	0.0243094508661	0.00656521709448	0.0114716587513
k__Bacteria;p__Bacteroidetes;c__Bacteroidia;o__Bacteroidales;f__Bacteroidaceae;g__Bacteroides;s__Bacteroides_plebeius	-0.000664503214844	-0.0526690225842	0.0720321442649	0.0118507693378	0.0454857492817	-0.0329641731032	-0.0224980508946	-0.0158478260899	-0.0372851545408	-0.0347547978944	-0.0122304207477	-0.0305617501317	-0.0888165825646	-0.0137626294484	-0.0402707264002	1.0	-0.0150560309239	0.0453022555271	0.0358897059724	0.0369518934592	0.0026749735185	0.0168347630692	-0.0480321119463	-0.0427004511548	0.0376939636459	0.00370777555694	-0.078621274265	0.0542818938857	-0.00646771401241	0.00865255945883	0.0362371665817	-0.0227477226463	0.0557942374102	-0.0524689869806	0.0348387529058	0.00501945401043	0.0218429147517	0.00739035751023	-0.0265693555474	-0.027151533754	0.00142916866739	-0.022215874451	0.0223999327834	-0.04742748524	0.000623927949589	-0.0280269162674	0.000313371509386	0.00564811287912	0.0161766434901	0.0168287756037	0.0779467228984	-0.0348639783442	-0.00586363992569	-0.0514202349923	-0.00285908289566	0.0409004452782	-0.0251651497365	-0.0362263512952	-0.047007464464
k__Bacteria;p__Bacteroidetes;c__Bacteroidia;o__Bacteroidales;f__Bacteroidaceae;g__Bacteroides;s__Bacteroides_fragilis	-0.0589590253172	-0.00303933978085	-0.0501080369893	0.00654237119433	-0.0423747362961	-0.034203702525	0.0582270766946	-0.0294473696979	0.0286970920097	0.0627850260502	0.0507226853627	-0.0784793598891	-0.0199154493492	-0.0210438996307	-0.0453756352681	-0.0150560309239	1.0	0.0291200345922	-0.0468110464866	-0.028105022197	-0.0180800317453	0.0894654733914	-0.024655262987	-0.0429754707222	-0.031393754568	-0.0537542350709	-0.0137477573781	-0.0308565826741	0.0714433604721	0.00589588459944	-0.0180070848621	-0.063652240325	-0.0186220773644	0.0145611864151	0.00122117245131	0.00549357182289	-0.0329954955701	0.0119834056196	-0.00439776178265	-0.0026856257628	-0.018443430265	0.00198365447982	-0.00376015316099	0.0146876960204	-0.0303280724441	-0.0201855856736	0.00292590239986	0.00510608281103	-0.0216787352501	0.0798473051413	0.0147640601101	0.00241478073848	-0.0285830007519	-0.000949830737012	-0.00294193111061	-0.046601777593	-0.0179924857848	-0.0242673789623	0.00415263559801
k__Bacteria;p__Proteobacteria;c__Betaproteobacteria;o__Burkholderiales;f__Sutterellaceae;g__Sutterella;s__Sutterella_wadsworthensis	0.00439698857303	-0.0128307769991	-0.014929514716	-0.02599185622	-0.0378159839068	0.0217833002684	0.0444504986836	-0.0257151695612	-0.0468007330035	-0.0845133692615	0.012744220539	0.0588133514007	-0.0321159369762	-0.0691550427478	0.0360134452989	0.0453022555271	0.0291200345922	1.0	0.0658589944651	0.00393921508796	-0.0549772153487	0.0355838885486	-0.0355024257838	-0.0262768896465	-0.0254174802709	0.00509537744168	-0.0629946778935	-0.026319954486	-0.00071591269306	-0.00109854559554	-0.0128758257144	-0.0519973400463	-0.0717005027326	0.0523023759945	0.05843375835	-0.0282109440292	0.0178329636624	0.0168231164493	-0.0105416199803	0.0751537868242	0.00174888673487	-0.0439980708997	-0.028949633484	0.0373503480004	-0.00863797067999	-0.0183602598719	0.0505027834391	-0.0431001300668	-0.014946532088	-0.0449674679214	0.00744011615757	0.0512813058022	-0.0162185639259	-0.04807176183	0.00832745328505	0.0319163381225	0.00782943116199	-0.068061664935	0.0356021811995
k__Bacteria;p__Bacteroidetes;c__Bacteroidia;o__Bacteroidales;f__Porphyromonadaceae;g__Barnesiella;s__Barnesiella_intestinihominis	-0.0339375728931	-0.0239948598641	-0.0119442163026	-0.0201094050494	0.0332882111216	-0.00635559110958	0.0238778471871	0.0744011436845	0.00922217362777	-0.0312229506862	-0.0149767678179	-0.0552544002517	0.0148974074136	-0.0236033247516	-0.00485256540752	0.0358897059724	-0.0468110464866	0.0658589944651	1.0	-0.0228812600954	0.00349933210981	0.00647169543559	-0.0443245746582	0.013561028314	0.0244582605398	0.000808520855736	0.0322597424936	-0.00219050245503	-0.0184554011289	-0.0663044477159	0.0114328571461	0.022245359475	-0.0219641352775	-0.0448550919668	-0.0346452324194	-0.039992363141	-0.0290920224253	-0.00610258067371	0.00626528675375	0.0094849945661	-0.0383724714828	0.00363268494051	-0.0425740865185	-0.0152670684806	-0.0310158428506	0.00864951954057	0.0340235742483	-0.0333279349381	-0.0539809952113	-0.0129809223042	0.00146312644964	0.00906160340211	-0.015639641487	-0.0208267922308	-0.0594265547286	0.0132272097448	-0.0271503623166	-0.033126815933	0.00199837062795
k__Bacteria;p__Bacteroidetes;c__Bacteroidia;o__Bacteroidales;f__Odoribacteraceae;g__Odoribacter;s__Odoribacter_splanchnicus	0.0612647514917	-0.0242123729688	-0.0196815122708	0.00477257769363	-0.0305202397388	-0.00127983441322	-0.00294849417547	-0.0193600887629	-0.0122819944363	-0.0130223943159	-0.0134593242929	-0.0582771778848	0.0153392367107	-0.0355508434056	-0.0971138437411	0.0369518934592	-0.028105022197	0.00393921508796	-0.0228812600954	1.0	-0.0131154425144	0.0343592490428	-0.0217844118985	0.0188965332438	-0.012738958666	-0.041642484392	-0.00474867758211	0.00739656582841	-0.0399627098386	-0.063332983872	0.0009179239665	-0.0169685952734	-0.00420121667148	-0.100288846494	-0.0131291086653	-0.00986487614222	-0.00948790474219	-0.0402851885863	0.0130903878609	-0.0670343676188	0.008157843062	-0.0363898501652	-0.0131255209598	-0.030512602561	-0.040524204193	0.015655981229	-0.00449129234004	0.0349787733419	-0.023359560973	-0.0887783246404	-0.0262466059183	0.0572901439597	0.0155609564393	-0.0111601412803	0.0808845641116	0.0112701351704	0.0177905136173	0.0194761183191	0.0242601899294
k__Bacteria;p__Bacteroidetes;c__Bacteroidia;o__Bacteroidales;f__Bacteroidaceae;g__Bacteroides;s__Bacteroides_salyersiae	0.0693095042426	0.00881490230235	-0.0340339174315	0.0509790130374	0.0336797311011	0.0163910706925	-0.0708919762655	-0.0158317799198	0.0374365810728	-0.0387262500767	-0.0206463297383	-0.0215169439704	0.0104460136061	-0.0356618755703	-0.0452566781477	0.0026749735185	-0.0180800317453	-0.0549772153487	0.00349933210981	-0.0131154425144	1.0	-0.0128147665057	-0.0587698915909	0.00729954468732	0.027699990049	0.0243044658156	-0.0236871845851	-0.0306601054967	-0.0485022941	-0.00759927786998	-0.0672421109056	-0.0626922101739	-0.00959076439504	0.0345693343112	-0.0571711824102	0.0520850001087	-0.016822724852	-0.00341462542038	-0.0367299032363	-0.08204539495	-0.0466386048678	-0.0210186656125	-0.0315168806802	0.0308936669715	0.0090416128431	0.00946388806474	-0.0381121221068	0.017410519577	-0.0228797145391	-0.0103628965818	-0.0394299517419	-0.0364719040734	0.0412733112865	0.0312804922996	0.0279454965004	0.00838027048699	0.0123292671739	-0.0314521766547	-0.0210044806385
k__Bacteria;p__Firmicutes;c__Clostridia;o__Clostridiales;f__Ruminococcaceae;g__Ruminiclostridium;s__[Eubacterium]_siraeum	0.0112820062877	-0.0661094467422	-0.0324830723316	-0.0664066922472	-0.01097834048	0.00546094399396	0.0321949861843	0.0051496603073	0.0403993525197	-0.00346407984901	-0.0491763040783	0.0110377082669	0.0299557344553	-0.0805059034293	-0.0285851999315	0.0168347630692	0.0894654733914	0.0355838885486	0.00647169543559	0.0343592490428	-0.0128147665057	1.0	-0.0346126323737	0.0187225757197	-0.0226797890064	0.0296981515559	-0.0184931396731	-0.0297419395882	0.00744354097289	0.0329359368776	-0.0601083729614	-0.029341840237	-0.0154984569473	0.00261502137159	0.0325812897632	0.0391027404853	-0.0398767622864	0.0843707751347	-0.01229023614	-0.00945434116579	0.0115459914534	-0.0426445007052	0.0149377957536	-0.055838022497	-0.0488310365439	0.00233553524275	-0.0324226835361	-0.0126733135463	-0.0480415577803	-0.0227697899555	-0.00269626594671	0.0066836010853	0.0218401389437	-0.0158123587145	0.0133614930966	0.033897764587	-0.0152690080946	-0.059975562589	-0.0776832871141
k__Bacteria;p__Proteobacteria;c__Betaproteobacteria;o__Burkholderiales;f__Sutterellaceae;g__Parasutterella;s__Parasutterella_excrementihominis	-0.0015567899519	0.0225314977354	0.00561011160085	0.0142541141194	0.00385168919884	-0.0283888472534	-0.00237785247938	0.0360372667575	0.0231962350528	-0.00385827888093	0.0279140108931	0.0226720345207	0.0340974985782	-0.0287292821631	0.0485617498554	-0.0480321119463	-0.024655262987	-0.0355024257838	-0.0443245746582	-0.0217844118985	-0.0587698915909	-0.0346126323737	1.0	0.0557118480503	0.0124818553792	-0.105308200722	-0.00197597996738	0.0287843987522	-0.0257399789219	0.0226045649823	0.0207149987333	-0.0502883058851	-0.0118760058197	0.0350977389003	0.00187171964739	-0.0846129861896	-0.0022849245622	-0.025155608977	-0.0209954450664	0.0218422870992	0.0423889001067	0.0450681282507	0.0254261782579	-0.0375228024959	0.055742264039	-0.00709078333029	-0.0517662349405	-0.0764030567031	-0.0608833647623	-0.00122965481218	-0.0103666985896	0.00818483297716	-0.021841253508	0.0047462132761	-0.0297482334601	-0.000678387440001	0.0183085365227	-0.039194609338	0.0106599780518
k__Bacteria;p__Actinobacteria;c__Actinobacteria;o__Bifidobacteriales;f__Bifidobacteriaceae;g__Bifidobacterium;s__Bifidobacterium_adolescentis	-0.0592281261284	-0.0263482817319	-0.0447951289868	0.0167754171411	0.00152600517116	-0.015795719011	0.0279686903754	0.00420520628677	0.0521063883588	-0.0169728421267	0.0292263301005	0.0454912339467	0.0594995672954	-0.0144773630817	0.0517706610203	-0.0427004511548	-0.0429754707222	-0.0262768896465	0.013561028314	0.0188965332438	0.00729954468732	0.0187225757197	0.0557118480503	1.0	-0.0592183867961	-0.00128415861118	0.0207543568099	-0.0128786218508	-0.0487140931881	0.00473506510739	-0.0656535182848	-0.0260699441323	-0.042895868378	0.0298868760064	0.0185064308385	-0.0412006435764	-0.0308926817076	0.0288683104443	0.00174204383053	0.00349113823286	-0.00974320907552	-0.0402171387452	0.015283934178	-0.0692415341196	0.0362454637226	-0.0549745031134	0.0170454960513	0.00600414381617	-0.0852133630631	0.00262772046667	-0.0304992331539	0.0474660892515	0.020716518749	0.0114799034678	-0.0176546685699	-0.0150920976507	-0.0292892009629	-0.00145903333407	-0.0191635227714
k__Bacteria;p__Firmicutes;c__Clostridia;o__Clostridiales;f__Oscillospiraceae;g__Oscillibacter;s__Oscillibacter_sp._KLE_1745	-0.034755648847	-0.0185623958544	0.0259949874617	-0.0385046905969	0.0190145526437	0.0303224311943	-0.0134388449807	-0.00512623053542	0.0201171137992	0.0539131089884	-0.0514804593571	-0.0328908512595	0.0366500982634	-0.0249158997377	-0.0143324433797	0.0376939636459	-0.031393754568	-0.0254174802709	0.0244582605398	-0.012738958666	0.027699990049	-0.0226797890064	0.0124818553792	-0.0592183867961	1.0	-0.00920279409387	0.000608300761715	0.0448663756394	-0.043843041822	-0.0197124711198	0.000704551747604	-0.0912784076988	0.0196430594657	-0.0262758692172	0.00634902094865	-0.0100297059579	0.0358520424261	0.114555193805	0.0301933932517	-0.03989239489	-0.0394077562983	0.0263958625443	0.0202107667096	0.0268369243933	-0.0225352139332	-0.000237824780795	-0.0196188530345	-0.0393716492673	-0.0199407843379	0.0322669939461	-0.0317678838496	0.00217342050023	-0.000297727400214	0.0162893308993	0.00225518881112	-0.00645391695689	0.0125821826548	-0.0184369124917	-0.0281345728948
k__Bacteria;p__Bacteroidetes;c__Bacteroidia;o__Bacteroidales;f__Bacteroidaceae;g__Bacteroides;s__Bacteroides_coprophilus	-0.0442232859808	-0.00969265244198	-0.0289594425406	-0.0372366520579	0.0346797346129	0.00536218755598	-0.00593906978137	-0.0174763823951	-0.013188025923	0.0286486537951	-0.0162689772022	0.0359166284557	0.0100547278325	0.0231008887399	-0.0167797637371	0.00370777555694	-0.0537542350709	0.00509537744168	0.000808520855736	-0.041642484392	0.0243044658156	0.0296981515559	-0.105308200722	-0.00128415861118	-0.00920279409387	1.0	-0.0782232815063	-0.0328549743759	0.00916829577982	-0.0419998846414	-0.065255072776	-0.0455567329977	-0.00649805597031	0.00605959570938	0.031960869235	-0.0138973900194	0.0451450116971	-0.0112983220717	-0.0275447535673	0.0334165470759	-0.0067520371598	0.0124028483595	0.015069197719	-0.0257790872987	0.00033538598114	-0.00500739917151	0.0124475034538	-0.0480980251933	-0.00108527563948	0.033298502484	-0.0163874059285	-0.0400054216328	0.00766491308878	0.0359846259001	0.0307651663334	0.0331687172948	-0.0262771268922	-0.00298617549811	0.00545699902958
k__Bacteria;p__Firmicutes;c__Clostridia;o__Clostridiales;f__Lachnospiraceae;g__Roseburia;s__Roseburia_intestinalis	-0.00487446756818	-0.0156085852769	-0.046791566591	-0.00142467671963	-0.0125195172978	0.0151512215323	-0.0250086430483	0.00948478919606	0.0317377983121	-0.0557267752002	-0.0497511071304	0.0365153870994	-0.0291745091182	0.0481291776962	-0.00431943467641	-0.078621274265	-0.0137477573781	-0.0629946778935	0.0322597424936	-0.00474867758211	-0.0236871845851	-0.0184931396731	-0.00197597996738	0.0207543568099	0.000608300761715	-0.0782232815063	1.0	-0.0304191107105	0.0646679109288	-0.0233250022254	0.0455956330611	0.00175612972757	-0.0453862163522	-0.0489881353131	-0.0137561947113	-0.0830392479947	0.0354940693701	0.00685925353385	0.0320627996389	-0.00623192576096	-0.00340615743721	-0.0230368015571	0.00463458805439	0.0466832470887	-0.00149770830953	-0.0260686989905	-0.0116931832618	-0.0134944948193	-0.000595760091745	-0.0475278640383	-0.0403953268511	-0.0118915789284	-0.0304958898383	0.00845217802299	-0.0397586806147	0.0395206454834	-0.0700615013617	-0.00920120542451	0.0200023470234
k__Bacteria;p__Firmicutes;c__Clostridia;o__Clostridiales;f__Lachnospiraceae;g__Roseburia;s__Roseburia_hominis	-0.0234706530627	-0.018014354255	0.0465793198825	0.0320567405311	0.0490142097417	-0.0073582781181	-0.0406223298881	-0.0593923473295	-0.0153074304009	-0.0249395028563	-0.00872973873912	-0.00484557565251	-0.0982726491355	-0.0372898264322	0.0166095554698	0.0542818938857	-0.0308565826741	-0.026319954486	-0.00219050245503	0.00739656582841	-0.0306601054967	-0.0297419395882	0.0287843987522	-0.0128786218508	0.0448663756394	-0.0328549743759	-0.0304191107105	1.0	-0.0244502902869	-0.0383443177322	0.0229730679303	-0.0199427127531	-0.00707467501308	-0.0118582266908	-0.00408874113309	-0.048532015778	0.0225515057027	-0.00136544623029	-0.021447372258	-0.0477798154925	0.0151520479707	-0.0216774869241	0.00583833215872	-0.0582416281516	-0.0356601596077	0.00807875846795	-0.0240491783172	-0.0218505189087	-0.0531131280336	-0.0957102009487	-0.0426110435899	-0.101505088886	0.0373336313595	-0.025709677505	-0.0484446402034	0.00643560031264	-0.00794993139426	0.0666265290939	-0.0211764956889
k__Bacteria;p__Bacteroidetes;c__Bacteroidia;o__Bacteroidales;f__Porphyromonadaceae;g__Parabacteroides;s__Parabacteroides_johnsonii	0.009343734368	-0.0226149118502	-0.008866698043	0.016427809475	-0.0634932725875	-0.00322180744828	0.0152674164612	0.0141160514206	-0.00962912517909	-0.0202956832492	0.0544811781981	-0.0814045183721	0.0516477199328	0.00862465389673	-0.0448317947332	-0.00646771401241	0.0714433604721	-0.000715912693059	-0.0184554011289	-0.0399627098386	-0.0485022941	0.00744354097289	-0.0257399789219	-0.0487140931881	-0.043843041822	0.00916829577982	0.0646679109288	-0.0244502902869	1.0	0.0303811002328	-0.0441104541637	0.02065830709	-0.0171619671904	-0.0249825705997	-0.0152824307713	0.0272844839967	-0.0920723458978	0.00662212784765	0.0127620741375	0.0414655896301	0.019903218008	-0.0289431509659	-0.0241053916898	0.0204871708347	-0.0352461647358	-0.0208194412473	0.0164288605291	-0.0181343500483	0.0192720743536	0.0320536318948	-0.0165478132479	0.0334138649729	-0.039566838781	0.0527270367584	0.0233235795833	0.0248506849902	-0.0624600541392	-0.0427500638458	-0.0216547473063
k__Bacteria;p__Actinobacteria;c__Actinobacteria;o__Bifidobacteriales;f__Bifidobacteriaceae;g__Bifidobacterium;s__Bifidobacterium_longum	-0.0313037614292	0.00423370028127	-0.00128169066939	0.0256643361295	0.00575993459663	0.022366246431	-0.00472486287117	-0.0304580747833	0.0014688322384	-0.0326750584717	-0.0238703328758	-0.0288687398758	-0.0279799466239	-0.0818756995202	0.0144323703804	0.00865255945883	0.00589588459944	-0.00109854559554	-0.0663044477159	-0.063332983872	-0.00759927786998	0.0329359368776	0.0226045649823	0.00473506510739	-0.0197124711198	-0.0419998846414	-0.0233250022254	-0.0383443177322	0.0303811002328	1.0	-0.0382541571861	-0.0257163715939	-0.0405021676859	0.00977385580061	-0.045710537263	0.0440829584656	-0.0259599891269	-0.026345538776	-0.0337217664905	-0.0577270398057	0.0260104438517	-0.0727798363423	-0.0325921039978	0.00503003539277	-0.0284153006748	0.0529526595522	0.0260937175265	0.0566757476524	0.0342697496902	-0.0453352663617	-0.034328228317	0.0172747439391	0.0169455088283	-0.0166943212231	0.0635673887704	-0.0671933377938	-0.026379311074	-0.0433712967309	0.0273791704753
