#taxonomy	k__Bacteria;p__Bacteroidetes;c__Bacteroidia;o__Bacteroidales;f__Bacteroidaceae;g__Bacteroides;s__Bacteroides_vulgatus	k__Bacteria;p__Bacteroidetes;c__Bacteroidia;o__Bacteroidales;f__Bacteroidaceae;g__Bacteroides;s__Bacteroides_uniformis	k__Bacteria;p__Bacteroidetes;c__Bacteroidia;o__Bacteroidales;f__Rikenellaceae;g__Alistipes;s__Alistipes_putredinis	k__Bacteria;p__Bacteroidetes;c__Bacteroidia;o__Bacteroidales;f__Prevotellaceae;g__Prevotella;s__Prevotella_copri	k__Bacteria;p__Bacteroidetes;c__Bacteroidia;o__Bacteroidales;f__Bacteroidaceae;g__Bacteroides;s__Bacteroides_stercoris	k__Bacteria;p__Bacteroidetes;c__Bacteroidia;o__Bacteroidales;f__Bacteroidaceae;g__Bacteroides;s__Bacteroides_ovatus	k__Bacteria;p__Bacteroidetes;c__Bacteroidia;o__Bacteroidales;f__Rikenellaceae;g__Alistipes;s__Alistipes_shahii	k__Bacteria;p__Firmicutes;c__Clostridia;o__Clostridiales;f__Ruminococcaceae;g__Faecalibacterium;s__Faecalibacterium_prausnitzii	k__Bacteria;p__Bacteroidetes;c__Bacteroidia;o__Bacteroidales;f__Rikenellaceae;g__Alistipes;s__Alistipes_finegoldii	k__Bacteria;p__Bacteroidetes;c__Bacteroidia;o__Bacteroidales;f__Porphyromonadaceae;g__Parabacteroides;s__Parabacteroides_distasonis	k__Bacteria;p__Bacteroidetes;c__Bacteroidia;o__Bacteroidales;f__Bacteroidaceae;g__Bacteroides;s__Bacteroides_thetaiotaomicron	k__Bacteria;p__Bacteroidetes;c__Bacteroidia;o__Bacteroidales;f__Bacteroidaceae;g__Bacteroides;s__Bacteroides_coprocola	k__Bacteria;p__Bacteroidetes;c__Bacteroidia;o__Bacteroidales;f__Bacteroidaceae;g__Bacteroides;s__Bacteroides_cellulosilyticus	k__Bacteria;p__Bacteroidetes;c__Bacteroidia;o__Bacteroidales;f__Rikenellaceae;g__Alistipes;s__Alistipes_obesi	k__Bacteria;p__Firmicutes;c__Clostridia;o__Clostridiales;f__Lachnospiraceae;g__;s__[Eubacterium]_rectale	k__Bacteria;p__Bacteroidetes;c__Bacteroidia;o__Bacteroidales;f__Bacteroidaceae;g__Bacteroides;s__Bacteroides_plebeius	k__Bacteria;p__Bacteroidetes;c__Bacteroidia;o__Bacteroidales;f__Bacteroidaceae;g__Bacteroides;s__Bacteroides_fragilis	k__Bacteria;p__Proteobacteria;c__Betaproteobacteria;o__Burkholderiales;f__Sutterellaceae;g__Sutterella;s__Sutterella_wadsworthensis	k__Bacteria;p__Bacteroidetes;c__Bacteroidia;o__Bacteroidales;f__Porphyromonadaceae;g__Barnesiella;s__Barnesiella_intestinihominis	k__Bacteria;p__Bacteroidetes;c__Bacteroidia;o__Bacteroidales;f__Odoribacteraceae;g__Odoribacter;s__Odoribacter_splanchnicus	k__Bacteria;p__Bacteroidetes;c__Bacteroidia;o__Bacteroidales;f__Bacteroidaceae;g__Bacteroides;s__Bacteroides_salyersiae	k__Bacteria;p__Firmicutes;c__Clostridia;o__Clostridiales;f__Ruminococcaceae;g__Ruminiclostridium;s__[Eubacterium]_siraeum	k__Bacteria;p__Proteobacteria;c__Betaproteobacteria;o__Burkholderiales;f__Sutterellaceae;g__Parasutterella;s__Parasutterella_excrementihominis	k__Bacteria;p__Actinobacteria;c__Actinobacteria;o__Bifidobacteriales;f__Bifidobacteriaceae;g__Bifidobacterium;s__Bifidobacterium_adolescentis	k__Bacteria;p__Firmicutes;c__Clostridia;o__Clostridiales;f__Oscillospiraceae;g__Oscillibacter;s__Oscillibacter_sp._KLE_1745	k__Bacteria;p__Bacteroidetes;c__Bacteroidia;o__Bacteroidales;f__Bacteroidaceae;g__Bacteroides;s__Bacteroides_coprophilus	k__Bacteria;p__Firmicutes;c__Clostridia;o__Clostridiales;f__Lachnospiraceae;g__Roseburia;s__Roseburia_intestinalis	k__Bacteria;p__Firmicutes;c__Clostridia;o__Clostridiales;f__Lachnospiraceae;g__Roseburia;s__Roseburia_hominis	k__Bacteria;p__Bacteroidetes;c__Bacteroidia;o__Bacteroidales;f__Porphyromonadaceae;g__Parabacteroides;s__Parabacteroides_johnsonii	k__Bacteria;p__Actinobacteria;c__Actinobacteria;o__Bifidobacteriales;f__Bifidobacteriaceae;g__Bifidobacterium;s__Bifidobacterium_longum	k__Bacteria;p__Firmicutes;c__Clostridia;o__Clostridiales;f__;g__Flavonifractor;s__Flavonifractor_plautii	k__Bacteria;p__Firmicutes;c__Clostridia;o__Clostridiales;f__Clostridiaceae;g__Clostridium;s__Clostridium_phoceensis	k__Bacteria;p__Verrucomicrobia;c__Verrucomicrobiae;o__Verrucomicrobiales;f__Akkermansiaceae;g__Akkermansia;s__Akkermansia_muciniphila	k__Bacteria;p__Bacteroidetes;c__Bacteroidia;o__Bacteroidales;f__Prevotellaceae;g__Paraprevotella;s__Paraprevotella_xylaniphila	k__Bacteria;p__Firmicutes;c__Clostridia;o__Clostridiales;f__Ruminococcaceae;g__Ruminococcus;s__Ruminococcus_callidus	k__Bacteria;p__Bacteroidetes;c__Bacteroidia;o__Bacteroidales;f__Rikenellaceae;g__Alistipes;s__Alistipes_senegalensis	k__Bacteria;p__Firmicutes;c__Clostridia;o__Clostridiales;f__Lachnospiraceae;g__Blautia;s__Blautia_sp._KLE_1732	k__Bacteria;p__Bacteroidetes;c__Bacteroidia;o__Bacteroidales;f__Bacteroidaceae;g__Bacteroides;s__Bacteroides_oleiciplenus	k__Bacteria;p__Firmicutes;c__Clostridia;o__Clostridiales;f__Ruminococcaceae;g__Ruminococcus;s__Ruminococcus_bicirculans	k__Bacteria;p__Bacteroidetes;c__Bacteroidia;o__Bacteroidales;f__Bacteroidaceae;g__Bacteroides;s__Bacteroides_fluxus	k__Bacteria;p__Bacteroidetes;c__Bacteroidia;o__Bacteroidales;f__Prevotellaceae;g__Prevotella;s__Prevotella_stercorea	k__Bacteria;p__Firmicutes;c__Clostridia;o__Clostridiales;f__Lachnospiraceae;g__Dorea;s__Dorea_longicatena	k__Bacteria;p__Firmicutes;c__Clostridia;o__Clostridiales;f__Eubacteriaceae;g__Eubacterium;s__[Eubacterium]_eligens	k__Bacteria;p__Firmicutes;c__Clostridia;o__Clostridiales;f__Ruminococcaceae;g__;s__Ruminococcaceae_bacterium_D16	k__Bacteria;p__Firmicutes;c__Clostridia;o__Clostridiales;f__Lachnospiraceae;g__Coprococcus;s__Coprococcus_comes	k__Bacteria;p__Proteobacteria;c__Gammaproteobacteria;o__Enterobacterales;f__Enterobacteriaceae;g__Escherichia;s__Escherichia_coli	k__Bacteria;p__Firmicutes;c__Clostridia;o__Clostridiales;f__Ruminococcaceae;g__Anaerotruncus;s__Anaerotruncus_colihominis	k__Bacteria;p__Firmicutes;c__Clostridia;o__Clostridiales;f__Lachnospiraceae;g__Blautia;s__Blautia_obeum	k__Bacteria;p__Bacteroidetes;c__Bacteroidia;o__Bacteroidales;f__Odoribacteraceae;g__Odoribacter;s__Odoribacter_laneus	k__Bacteria;p__Firmicutes;c__Clostridia;o__Clostridiales;f__Ruminococcaceae;g__Ruminiclostridium;s__[Clostridium]_leptum	k__Bacteria;p__Bacteroidetes;c__Bacteroidia;o__Bacteroidales;f__Porphyromonadaceae;g__Parabacteroides;s__Parabacteroides_goldsteinii	k__Bacteria;p__Firmicutes;c__Clostridia;o__Clostridiales;f__Lachnospiraceae;g__Anaerostipes;s__Anaerostipes_hadrus	k__Bacteria;p__Firmicutes;c__Clostridia;o__Clostridiales;f__Ruminococcaceae;g__Ruminococcus;s__Ruminococcus_lactaris	k__Bacteria;p__Firmicutes;c__Clostridia;o__Clostridiales;f__Clostridiaceae;g__Clostridium;s__Clostridium_sp._L2-50	k__Bacteria;p__Firmicutes;c__Clostridia;o__Clostridiales;f__Clostridiaceae;g__Clostridium;s__Clostridium_sp._M62/1	k__Bacteria;p__Firmicutes;c__Clostridia;o__Clostridiales;f__;g__Intestinimonas;s__Intestinimonas_butyriciproducens	k__Bacteria;p__Actinobacteria;c__Actinobacteria;o__Bifidobacteriales;f__Bifidobacteriaceae;g__Bifidobacterium;s__Bifidobacterium_bifidum	k__Bacteria;p__Firmicutes;c__Negativicutes;o__Veillonellales;f__Veillonellaceae;g__Dialister;s__Dialister_invisus	k__Bacteria;p__Bacteroidetes;c__Bacteroidia;o__Bacteroidales;f__Bacteroidaceae;g__Bacteroides;s__Bacteroides_salanitronis
k__Bacteria;p__Bacteroidetes;c__Bacteroidia;o__Bacteroidales;f__Bacteroidaceae;g__Bacteroides;s__Bacteroides_vulgatus	1.0	0.0103931043138	0.0178137074921	-0.0551482051834	-0.0525609988959	-0.0608828046764	-0.0127653785277	-0.0706201344366	-0.0023946444239	-0.0126424813486	0.0144415547832	-0.022620010837	-0.00148170248748	0.0226870742169	-0.013939017303	0.0399361601117	0.00911356286401	-0.0192431652296	-0.0488530399265	-0.0801030041319	0.0914353808209	-0.0840604185991	-0.060613579533	0.013532819187	-0.0268341337442	0.0417090520207	-0.0541772174724	-0.0575275037773	-0.0193202574572	0.0290837250845	-0.00684222651212	-0.0265019289377	-0.0424158786703	-0.00735082784494	-0.0699988404636	-0.0163716434211	-0.0140821710953	-0.0482318553758	0.0370305829428	-0.0316982149979	-0.0271586793825	0.0243663116924	0.0419851804591	-0.0181819746169	0.00579518667423	0.0108475582352	-0.00693179026735	0.0302879426855	-0.0239806688082	0.00545627795406	-0.0257458224294	0.0327541329213	-0.00702188407164	0.0383777923557	-0.0167357301503	0.0245773404824	-0.0189628389478	0.0120357456882	-0.04135531512
k__Bacteria;p__Bacteroidetes;c__Bacteroidia;o__Bacteroidales;f__Bacteroidaceae;g__Bacteroides;s__Bacteroides_uniformis	0.0103931043138	1.0	-0.0623599098561	-0.0389234304567	-0.0147676703516	-0.00788780223725	-0.0417241503023	0.0387531681385	0.0401414219976	0.00157666656626	0.0345441397376	-0.0310892743282	0.00203443960328	0.0283323904336	0.024942292656	-0.0209853964224	-0.0102162190762	-0.0265456365515	0.0413626591791	-2.18773544936e-05	-0.0176187601817	-0.0235381853419	-0.0738808989948	-0.00168911873075	0.00416434457037	-0.0641040405088	-0.0545427342073	-0.0263998344299	3.13068605888e-05	0.0534279579814	0.061136635559	-0.0265225321677	-0.0359131982048	-0.0318260967932	-0.00364385463584	0.00529570907187	-0.0426071878789	0.0572463280175	-0.0548911898517	-0.0226156830858	-0.051861411136	0.00255752852847	0.0599882888623	-0.0722335634678	-0.0108300180475	-0.0651778775183	-0.0464245885466	0.105711069006	-0.00525294442527	0.00760985852154	0.0311342275771	0.0190136984983	-0.0243036217218	-0.015068917188	-0.0232646414287	0.0257768893522	0.0341541215473	-0.039760468558	-0.0843660243828
k__Bacteria;p__Bacteroidetes;c__Bacteroidia;o__Bacteroidales;f__Rikenellaceae;g__Alistipes;s__Alistipes_putredinis	0.0178137074921	-0.0623599098561	1.0	0.00290228810026	-0.0111185068713	0.0200642417633	-0.0390130554832	-0.0288886681673	0.0126995399349	0.0654551497905	-0.0069257158717	-0.0577507169877	0.0291415922758	-0.0320706473329	-0.0250585723281	0.0282998589656	0.00627551966203	-0.0433660499482	0.0528913661049	0.0644502288913	-0.0876409932358	0.00463242434513	-0.0048046129673	-0.0279978095525	0.0289426146326	0.0163976295379	0.0239678346903	0.0574632099247	-0.0646831250181	0.0577662144084	-0.0250797986062	0.015874198691	0.0166822543807	-0.0773481730547	-0.0117874548413	0.0274500421642	0.0165384238396	-0.052680902979	0.00750640193068	0.0186835690094	-0.00959235367237	-0.0312586169252	0.016544608411	-0.0120826603818	0.0369521085534	-0.0392762746497	0.015232829398	-0.0681553126387	-0.00705129613603	-0.038117984002	-0.00437328997147	0.00922727387414	0.0305946490772	0.0487847127556	-0.00700852442886	0.0557665722672	0.0146798984695	0.010897504016	-0.0301714539872
k__Bacteria;p__Bacteroidetes;c__Bacteroidia;o__Bacteroidales;f__Prevotellaceae;g__Prevotella;s__Prevotella_copri	-0.0551482051834	-0.0389234304567	0.00290228810026	1.0	-0.0209505076427	0.00638545142998	-0.0184837838605	-0.0172523771062	-0.0343925524439	0.0187847520377	-0.0204228460174	0.0049669052649	-0.0341527838364	0.0224935883709	-0.0434716090316	-0.0467116522405	0.00967538543891	-0.0620467054671	-0.00596708915691	-0.0137521614465	0.00565256287832	-0.00173953018715	0.0233545521242	-0.00639053827534	-0.0649648842557	-0.0129592165672	-0.00858494553865	-0.0074276666995	0.0463441163311	0.0241733541633	-0.00625239345604	0.0236581128773	-0.000211796768744	-0.0025478591368	0.0405276593383	-0.033323248156	-0.00569246772445	0.00394078499483	-0.0745981968083	0.0207136110919	0.00132347673958	-0.0249499338332	-0.0320806605477	-0.0108486600519	-0.00608033897425	-0.0624498096803	0.0161685439543	-0.0107770568105	-0.00284992221323	-0.0344356962777	-0.0551650634178	-0.0297834351709	-0.0298400671721	0.00135123741549	-0.00788580848294	-0.0405005390482	-0.0123110259069	-0.0683172970012	0.0343719912432
k__Bacteria;p__Bacteroidetes;c__Bacteroidia;o__Bacteroidales;f__Bacteroidaceae;g__Bacteroides;s__Bacteroides_stercoris	-0.0525609988959	-0.0147676703516	-0.0111185068713	-0.0209505076427	1.0	-0.00165828914939	0.0226803792631	-0.0229334464555	-0.0193724708612	-0.0472614127959	-0.0461088273226	0.0119294273941	0.0119054660747	-0.0215694681288	0.00528194035499	-0.0314834229367	-0.0141141071825	0.0200431039168	-0.0134613059342	-0.0552844632041	-0.0066048815718	0.0501374526008	0.0711971066904	0.031406415745	-0.0387331404434	-0.000504332155264	-0.00156214299393	-0.00193290450618	-0.0659959003387	0.0305862969242	0.00752421308204	-0.009535828366	-0.0698181494744	0.0463716193285	0.0448546732544	-0.0593222521511	-0.0135370490247	-0.00314000585597	0.00563859589395	-0.0100623547621	0.012572474795	-0.0209359146006	0.0372308695533	-0.0168964594949	0.0362392700622	-0.0792824192565	-0.035371566054	-0.0173354204985	-0.0577736085823	0.0309120989582	0.0203580307811	0.0276722915887	-0.00810951681849	-0.0684981880659	0.0494234709289	-0.0399947034524	-0.0135348883062	-0.0379126212025	-0.0644487047854
k__Bacteria;p__Bacteroidetes;c__Bacteroidia;o__Bacteroidales;f__Bacteroidaceae;g__Bacteroides;s__Bacteroides_ovatus	-0.0608828046764	-0.00788780223725	0.0200642417633	0.00638545142998	-0.00165828914939	1.0	0.0342656494583	-0.0332566450141	-0.0434016740808	-0.0322158422415	-0.046055542405	-0.0139522710915	0.0129486992436	-0.0294388892331	0.00624787185677	0.00799337147276	0.0714629704463	-0.0528303925871	-0.0170412127008	0.0204837058939	-0.00734147484774	0.0341870977684	0.0328333010524	-0.0836630420695	-0.0170220491509	0.0628524490518	0.00132676311598	-0.0319911832201	-0.0143268855555	0.000304858828583	-0.024151379253	0.0117015849989	-0.0843441927564	-0.0264167544691	-0.040072569189	-0.00506778389042	0.0406494892956	-0.0609891263478	-0.101087684234	0.0246435093838	0.0440738136874	-0.0120955816343	-0.0657294959842	-0.0445554710052	-0.0589721486424	-0.0319653375648	-0.0633297645247	0.00663115732445	0.0557775398292	-0.034877737564	-0.0194827453454	0.0581184766771	-0.104191944161	-0.0100053536539	-0.0172793920801	-0.0311242920945	-0.00102063098785	0.0985430319916	-0.0504726261414
k__Bacteria;p__Bacteroidetes;c__Bacteroidia;o__Bacteroidales;f__Rikenellaceae;g__Alistipes;s__Alistipes_shahii	-0.0127653785277	-0.0417241503023	-0.0390130554832	-0.0184837838605	0.0226803792631	0.0342656494583	1.0	-0.0466010546867	0.00292671711548	0.0392827725654	-0.001660603322	-0.0410285497759	-0.0315020099901	-0.103214580036	0.000228545064734	0.00691739508329	0.0264407455749	-0.0418209184395	-0.0171126536256	0.0113480823119	-0.00324283974371	-0.0231224668659	-0.0122389434439	0.0410209806007	0.0461244488009	-0.00645509206135	-0.0329080290986	-0.0101001283216	-0.0336038072885	-0.0455185052802	0.0029329490171	0.0308441800809	-0.00153326447046	0.0102441862106	0.0183220410724	0.0452751694154	-0.0502049846704	-0.0739234421367	-0.0172585874548	-0.0233954455702	0.0140509068007	-0.068278723425	-0.013594339982	-0.0883937344355	-0.0290835545509	0.0157632086205	0.0277968296077	0.0531253068416	0.071986094828	0.100641820134	-0.107903715367	-0.0554387179249	0.00751296481618	-0.0464985492304	-0.0395592349581	-0.0243553097974	-0.0442476629694	0.00481306479645	0.0368676401806
k__Bacteria;p__Firmicutes;c__Clostridia;o__Clostridiales;f__Ruminococcaceae;g__Faecalibacterium;s__Faecalibacterium_prausnitzii	-0.0706201344366	0.0387531681385	-0.0288886681673	-0.0172523771062	-0.0229334464555	-0.0332566450141	-0.0466010546867	1.0	-0.035742373574	0.0360327780263	-0.0349644601664	-0.0327227783254	0.0228587171756	-0.0663796014703	-0.0386022552867	0.0345245279361	0.0190134063796	0.0208318153955	0.0628020640144	0.0184728524704	0.0680970828433	0.0163753614315	0.0125920231836	-0.00306261496909	0.0333637802754	-0.0257789629028	0.0279598523893	0.0156519569865	-0.0613552804327	0.0714189286532	-0.0189650701013	-0.0134255763108	-0.0384297434072	-0.0374663457434	-0.0713650048292	-0.0689940784524	-0.0177870822467	0.0344216906418	0.00790210065246	0.0142625495431	-0.059028898974	0.00454550118633	-0.0212153839088	-0.0421046948225	0.0512579173994	-0.0646257486869	0.0157322188249	0.00299786873334	-0.0404217695789	0.00500386342037	-0.0421112509856	0.0087661306345	0.0144978078996	0.00245627399025	0.00163798379089	0.0168897058446	0.0491528673006	-0.011979265191	-0.0369720735199
k__Bacteria;p__Bacteroidetes;c__Bacteroidia;o__Bacteroidales;f__Rikenellaceae;g__Alistipes;s__Alistipes_finegoldii	-0.0023946444239	0.0401414219976	0.0126995399349	-0.0343925524439	-0.0193724708612	-0.0434016740808	0.00292671711548	-0.035742373574	1.0	0.012450055857	-0.014457240168	0.00746695946234	0.00268490310365	0.0544867596027	0.00900230881149	0.0617907621853	0.0325383056461	0.026804473945	-0.0198739163366	0.00134694853167	0.0117023453783	0.00101353148136	-0.0279032737816	-0.0334013703667	-0.000284433272813	-0.0463568830681	0.0363179593939	-0.0134624198147	-0.0711961877274	-0.0165866837467	-0.0460658008751	-0.0433379775136	-0.0337797416949	-0.0265341862557	-0.0808828006389	0.00660813441386	-0.0192436537334	-0.0376877225773	0.00878744246015	-0.049906940393	0.0010838163615	-0.00116413732476	-0.0614386612786	-0.0318110527243	0.0519832586545	0.0403937277606	-0.0220338970779	0.0718430299975	-0.0416427677269	0.0197329052304	-0.0020609487468	-0.0321570292932	0.00774283208334	-0.0246548698326	-0.0569960933616	0.0046920127051	0.0247738415385	-0.0257869050778	-0.0357362557503
k__Bacteria;p__Bacteroidetes;c__Bacteroidia;o__Bacteroidales;f__Porphyromonadaceae;g__Parabacteroides;s__Parabacteroides_distasonis	-0.0126424813486	0.00157666656626	0.0654551497905	0.0187847520377	-0.0472614127959	-0.0322158422415	0.0392827725654	0.0360327780263	0.012450055857	1.0	-0.0385391931696	0.000430047272349	-0.0375090418909	-0.062196824982	0.0170524769242	0.0281826278609	0.0199626717496	-3.26284751738e-05	-0.063689650373	-0.0210313577621	-0.0616658138838	0.0151791643473	-0.00403362974516	0.00258413688281	-0.0353653460482	-0.0187726410063	-0.0547247645896	0.0347491807552	-0.0211885952791	-0.0243092880008	-0.0332462724937	-0.0327713485165	0.0298927630303	-0.0256222033507	0.0325141733062	0.0227188485288	-0.0337079813138	-0.0651691134818	-0.0456509897675	0.0568497005895	-0.00269396538391	-0.0392829450398	-0.0589467484675	0.00519060265819	-0.0345256272042	-0.0577386236687	-0.0136016158508	-0.0197705358323	0.0362198150703	-0.0658758638491	0.020344656081	0.0346343414932	-0.0424946074748	0.0236449025131	0.0211883182388	0.00465429237908	-0.0252771018906	0.00133158348581	-0.0268732054731
k__Bacteria;p__Bacteroidetes;c__Bacteroidia;o__Bacteroidales;f__Bacteroidaceae;g__Bacteroides;s__Bacteroides_thetaiotaomicron	0.0144415547832	0.0345441397376	-0.0069257158717	-0.0204228460174	-0.0461088273226	-0.046055542405	-0.001660603322	-0.0349644601664	-0.014457240168	-0.0385391931696	1.0	0.0137912641388	0.0276807652345	0.0179373979796	-0.0188300407881	-0.0451505747568	-0.036512384138	-0.0594413777089	-0.0196219389634	-0.00678256611423	0.00794183678555	-0.0331297827472	0.0509838433656	-0.0494096054435	0.00970236463803	-0.0347623765558	-0.0253232813579	-0.0346105278064	-0.0122346996552	-0.0192547457853	-0.00602827619487	-0.0242926750531	-0.0286061922691	-0.0211656542598	-0.0270536785088	-0.0192938126078	0.0730982427989	-0.0665247823361	-0.00834697137404	-0.004443291035	-0.0371342942067	0.0636771958818	-0.103705880471	-0.0401890198651	-0.0271451716538	0.0321797595823	0.0121703447833	-0.0232346396515	-0.0235311204817	0.030769540841	-0.00112776285971	0.0174842390236	-0.0136660716484	0.0592508817899	0.0105344980846	-0.0403760225679	-0.055311228805	0.0241277102063	-0.0721425339446
k__Bacteria;p__Bacteroidetes;c__Bacteroidia;o__Bacteroidales;f__Bacteroidaceae;g__Bacteroides;s__Bacteroides_coprocola	-0.022620010837	-0.0310892743282	-0.0577507169877	0.0049669052649	0.0119294273941	-0.0139522710915	-0.0410285497759	-0.0327227783254	0.00746695946234	0.000430047272349	0.0137912641388	1.0	-0.0411192034424	-0.0343549562136	0.00569045469351	-3.54751888348e-05	-0.0162846754389	0.0330970536883	-0.0362048986554	0.0266869828254	-0.034473583365	0.0379191794541	-0.0569111539449	-0.05951122196	0.00260723419496	0.0352914400154	-0.0690670627988	0.0136810620575	-0.0212617444181	-0.0558567224561	0.0317880778806	-0.051164797815	0.011575688256	-0.01193442786	0.00087649414326	-0.0284039910955	0.00955934686117	0.020815706863	0.0733023296406	-0.0258619206463	0.0257896805331	-0.0486130981605	0.0546438724543	-0.0188782231151	-0.0850180606435	-0.00275198951737	-0.0838289868687	0.00563764327423	0.0129802654631	-0.0176453741025	-0.0354997450559	-0.0127224627762	-0.00529402527312	-0.013773213814	0.026481204601	0.0245827581408	0.0164779738185	0.000551994462364	-0.0471279843528
k__Bacteria;p__Bacteroidetes;c__Bacteroidia;o__Bacteroidales;f__Bacteroidaceae;g__Bacteroides;s__Bacteroides_cellulosilyticus	-0.00148170248748	0.00203443960328	0.0291415922758	-0.0341527838364	0.0119054660747	0.0129486992436	-0.0315020099901	0.0228587171756	0.00268490310365	-0.0375090418909	0.0276807652345	-0.0411192034424	1.0	-0.0350406849302	-0.0211117854475	-0.0355064307557	0.0539373988705	0.04041880955	-0.0381205509002	0.00825724507563	-0.03633386419	0.0614435004463	-0.0446452041922	0.0485531030506	-0.0427791166314	-0.0163506231397	0.0218750898271	0.0413565359539	-0.054196568838	-0.0545188524948	-0.0403173928405	0.0367468448901	-0.0623348015616	-0.0122747427047	-0.00871321803773	0.00914422726591	-0.0169774080155	-0.00327212724713	-0.00877617835283	0.0252754669619	-0.0521774676632	-0.035607553186	-0.0683445115993	0.0398873805	-0.0210315254646	-0.0597339719455	-0.00563801843632	0.0782191303557	0.0224805090064	0.0147311313725	0.040488756745	-0.00713538727314	0.0142738254216	-0.0141593458231	-0.00114581276861	-0.02282013622	0.0511650501717	-0.0383085608223	-0.0399040848087
k__Bacteria;p__Bacteroidetes;c__Bacteroidia;o__Bacteroidales;f__Rikenellaceae;g__Alistipes;s__Alistipes_obesi	0.0226870742169	0.0283323904336	-0.0320706473329	0.0224935883709	-0.0215694681288	-0.0294388892331	-0.103214580036	-0.0663796014703	0.0544867596027	-0.062196824982	0.0179373979796	-0.0343549562136	-0.0350406849302	1.0	-0.0669438178763	0.0235642487211	-0.0176530230539	0.0600050253649	0.0291489368772	0.0554160988394	-0.0343079074798	-0.00674920334947	0.0632677721377	-0.0144714106839	-0.0563964415563	-0.0471208698779	-0.0200401272597	0.00722147666338	-0.00126222275901	-0.0831599797415	-0.0238097651841	0.0366907317391	0.010225395996	0.0139943178259	-0.00285504570911	0.00733331515722	-0.0259253927706	0.00485161342393	0.0785970300185	0.043999699452	0.000296410451368	0.00224351324143	-0.0238328784906	-0.00342259375689	-0.0381406279726	-0.0294560872946	-0.0334106175424	0.0394489695613	0.0360527837066	-0.0171188196704	-0.0192025504893	0.0365452960342	-0.0140295659079	-0.0366606721071	0.0322259762524	-0.00589072165796	-0.0400903409818	-0.00848742730535	-0.0236677244642
k__Bacteria;p__Firmicutes;c__Clostridia;o__Clostridiales;f__Lachnospiraceae;g__;s__[Eubacterium]_rectale	-0.013939017303	0.024942292656	-0.0250585723281	-0.0434716090316	0.00528194035499	0.00624787185677	0.000228545064734	-0.0386022552867	0.00900230881149	0.0170524769242	-0.0188300407881	0.00569045469351	-0.0211117854475	-0.0669438178763	1.0	-0.0680824383762	-0.0155043361641	0.0281754322176	-0.0499842747844	-0.0674509735002	0.0053606813771	0.056868207354	-0.042408891578	-0.00420595658047	0.0653186834787	-0.00979951554943	-0.0587350857362	0.0185936064262	0.0298055127108	0.0650322149999	-0.0342141593004	-0.0169678098448	0.0146032986193	0.0240118096669	0.0789728587913	0.00603464425979	-0.0230577042817	-0.00875192513453	0.00605327049329	-0.00479193724461	-0.0382820298124	0.0490687484988	-0.0154172363759	0.0426638709474	0.0468449627772	-0.0135111821999	-0.0755435809654	-0.0189403180295	0.0456520330906	-0.0123331252338	0.0313800319953	-0.0221533016725	-0.0304304223744	0.0326615755898	0.019135699874	-0.0377240935377	-0.025858182945	-0.00249525964581	-0.0022944190365
k__Bacteria;p__Bacteroidetes;c__Bacteroidia;o__Bacteroidales;f__Bacteroidaceae;g__Bacteroides;s__Bacteroides_plebeius	0.0399361601117	-0.0209853964224	0.0282998589656	-0.0467116522405	-0.0314834229367	0.00799337147276	0.00691739508329	0.0345245279361	0.0617907621853	0.0281826278609	-0.0451505747568	-3.54751888348e-05	-0.0355064307557	0.0235642487211	-0.0680824383762	1.0	0.0409528292417	-0.00932541122063	0.0212902524244	-0.0972281740914	-0.0268263500784	-0.0719469629838	0.0397006966365	-0.0198422034688	0.0115763981164	0.0388637120823	0.0128638968776	-0.00786717479411	0.0555251512168	-0.00107909161653	-0.0447232790035	0.00898270701355	-0.00174952738567	0.043751954294	-0.0337139377404	0.00430495877103	-0.0138843282953	0.0714777322602	-0.0630359735122	-0.0186964166553	-0.0252822615177	-0.0413069665678	0.0271134330283	-0.0916042775334	0.00399560485156	0.0141874732998	-0.0632219679573	0.025194279877	-0.0594074859172	0.0143777551456	-0.076550415243	-0.0548765859308	0.0395161277118	-0.0285664214346	0.021408885561	0.0135496329044	0.0276621806709	-0.0189777866295	-0.00123076202877
k__Bacteria;p__Bacteroidetes;c__Bacteroidia;o__Bacteroidales;f__Bacteroidaceae;g__Bacteroides;s__Bacteroides_fragilis	0.00911356286401	-0.0102162190762	0.00627551966203	0.00967538543891	-0.0141141071825	0.0714629704463	0.0264407455749	0.0190134063796	0.0325383056461	0.0199626717496	-0.036512384138	-0.0162846754389	0.0539373988705	-0.0176530230539	-0.0155043361641	0.0409528292417	1.0	-0.0042363320046	-0.0302081148891	-0.0296976766975	0.0149084708036	-0.000632584757059	0.0223647627449	-0.00802032375319	-0.00409417828829	-0.0267680431202	0.0525207685145	-0.039079402716	-0.0998314768992	-0.0164996636594	0.0181956914536	0.0575709196505	-0.00043823095205	-0.0188662518747	-0.0131445847756	-0.0596107412771	-0.0234119915146	-0.0473327139566	-0.0295413822259	-0.0304137987796	0.0189814460645	-0.0285705268184	-0.0124873145509	0.0190836499543	0.0598643388218	-0.000116268292543	-0.0152443269462	-0.0123467975824	0.0080279575661	-0.0873994599352	0.0390189738502	-0.041590873264	-0.0101901053709	0.0199719648558	-0.0263900528935	0.0301281804603	-0.0957359125713	0.0615062409871	0.0213203440681
k__Bacteria;p__Proteobacteria;c__Betaproteobacteria;o__Burkholderiales;f__Sutterellaceae;g__Sutterella;s__Sutterella_wadsworthensis	-0.0192431652296	-0.0265456365515	-0.0433660499482	-0.0620467054671	0.0200431039168	-0.0528303925871	-0.0418209184395	0.0208318153955	0.026804473945	-3.26284751737e-05	-0.0594413777089	0.0330970536883	0.04041880955	0.0600050253649	0.0281754322176	-0.00932541122063	-0.0042363320046	1.0	-0.0311477545988	0.0248884552591	-0.0191809662971	0.0140007649688	-0.0332210367707	-0.0613120031468	-0.000540665033335	-0.0485015560732	0.0228624825717	-0.0452128118137	-0.0445294562837	0.00446359675124	0.0463888021276	0.000113153134855	0.0433581885417	-0.0393497309906	-0.0107474336001	-0.0129223425116	-0.0517924926461	-0.0606082364498	0.0239650712744	-0.0181439006658	-0.0241493957136	-0.0096236685073	0.00716760689556	-0.0344780283995	-0.0203876043938	0.0398798708745	-0.0126556530065	0.0126212448137	-0.0466792589296	-0.00969099479008	-0.0282790416508	0.0454009336269	-0.0357085632272	-0.00134563835735	-0.0506009806214	-0.0084996260678	0.026726462356	-0.0731044085422	0.020969201522
k__Bacteria;p__Bacteroidetes;c__Bacteroidia;o__Bacteroidales;f__Porphyromonadaceae;g__Barnesiella;s__Barnesiella_intestinihominis	-0.0488530399265	0.0413626591791	0.0528913661049	-0.00596708915691	-0.0134613059342	-0.0170412127008	-0.0171126536256	0.0628020640144	-0.0198739163366	-0.063689650373	-0.0196219389634	-0.0362048986554	-0.0381205509002	0.0291489368772	-0.0499842747844	0.0212902524244	-0.0302081148891	-0.0311477545988	1.0	0.029911227938	0.00542231430545	0.00797833436176	0.0721917497031	0.00409129953435	0.084674959857	0.0315771078219	-0.0323987551207	-0.0496920299985	0.0472488191492	-0.0576200942036	-0.000448439785761	-0.0712412176836	-0.00969373744546	0.0299403798978	-0.0307982761204	-0.0331697884379	-0.0147002875694	0.0356443273093	-0.018430700999	-0.0830458334571	0.0308103634565	-0.00890969571826	-0.043541982796	-0.0640198949911	-0.0327534300003	-0.0120749349478	0.0111518064389	-0.0739601064533	0.00696636717755	-0.053122908952	0.0067897565584	0.016181447721	-0.0162676494832	-0.0482402028985	-0.0516519873182	-0.00252533327531	0.025973798128	-0.027437363762	-0.00311392549762
k__Bacteria;p__Bacteroidetes;c__Bacteroidia;o__Bacteroidales;f__Odoribacteraceae;g__Odoribacter;s__Odoribacter_splanchnicus	-0.0801030041319	-2.18773544936e-05	0.0644502288913	-0.0137521614465	-0.0552844632041	0.0204837058939	0.0113480823119	0.0184728524704	0.00134694853167	-0.0210313577621	-0.00678256611423	0.0266869828254	0.00825724507563	0.0554160988394	-0.0674509735002	-0.0972281740914	-0.0296976766975	0.0248884552591	0.029911227938	1.0	0.00739203669159	-0.0222535314196	-0.021345933384	0.0373532382486	0.010372778311	-0.0185715228809	-0.0073002291791	0.0158112004633	-0.0561294701029	-0.0673387458456	-0.0692831034478	0.0419177450941	-0.0478973237638	0.0221862051052	-0.0429284294971	0.00926524598032	-0.0491462796153	-0.0345084391914	0.0354187731739	-0.0075552878668	0.052108644835	-0.0143920422283	-0.0265848281022	0.00514495378916	-0.0136352578287	0.00666398041195	0.0427346331249	-0.0516418536231	-0.0272959221601	-0.00277974845455	-0.0143580081229	0.0311613265869	-0.00879016718535	-0.00907880107575	-0.0785350976134	0.0669161098929	0.0179931834962	-0.0227690845724	-0.00603907147046
k__Bacteria;p__Bacteroidetes;c__Bacteroidia;o__Bacteroidales;f__Bacteroidaceae;g__Bacteroides;s__Bacteroides_salyersiae	0.0914353808209	-0.0176187601817	-0.0876409932358	0.00565256287832	-0.0066048815718	-0.00734147484774	-0.00324283974371	0.0680970828433	0.0117023453783	-0.0616658138838	0.00794183678555	-0.034473583365	-0.03633386419	-0.0343079074798	0.0053606813771	-0.0268263500784	0.0149084708036	-0.0191809662971	0.00542231430545	0.00739203669159	1.0	-0.0927087549748	0.0054276763525	-0.0728240451355	-0.0405982570116	-0.0192596826175	-0.0380411233553	-0.00292866912696	0.00702703074767	-0.0324611387309	-0.0081653850278	0.0415365218415	-0.0354384122068	0.0419915596309	-0.00579650287619	0.0105359123479	-0.0496399170809	-0.0187928691279	-0.00354253748128	-0.00288219791951	-0.026653290604	0.0230544411063	0.00316165199503	-0.0124484442824	0.0164290495329	-0.0232847587784	-0.0272020326151	0.0307390589473	0.0731790746144	-0.0340668130119	-0.028000033638	0.0341080151112	-0.0389539594236	-0.038075064546	-0.00447152240601	-0.0779492340412	0.0494413905824	0.0380544679472	-0.00639644145386
k__Bacteria;p__Firmicutes;c__Clostridia;o__Clostridiales;f__Ruminococcaceae;g__Ruminiclostridium;s__[Eubacterium]_siraeum	-0.0840604185991	-0.0235381853419	0.00463242434513	-0.00173953018715	0.0501374526008	0.0341870977684	-0.0231224668659	0.0163753614315	0.00101353148136	0.0151791643473	-0.0331297827472	0.0379191794541	0.0614435004463	-0.00674920334947	0.056868207354	-0.0719469629838	-0.000632584757059	0.0140007649688	0.00797833436176	-0.0222535314196	-0.0927087549748	1.0	-0.00938646323432	0.0446902772321	-0.05277566749	0.00577110913031	-0.068028774973	0.0369929935726	-0.0106751007867	-0.0323285708374	0.0170569452151	0.0376638384383	0.000266098681262	-0.0403068122321	-0.0441808658471	-0.00809854116792	0.0538075296152	0.00477863418484	-0.0295291948698	-0.0093687303835	-0.0523248106136	-0.0479658635051	-0.00529139853567	-0.0296746240628	-0.0415325539429	-0.0336995512589	-0.0336098532449	-0.0111812277325	0.0148894169794	0.0474467498508	-0.0196827254475	-0.0401678755122	-0.000951802924963	0.000570382307945	0.0492801009515	-0.045419286163	-0.0435087445279	-0.0289096095367	-0.012254988351
k__Bacteria;p__Proteobacteria;c__Betaproteobacteria;o__Burkholderiales;f__Sutterellaceae;g__Parasutterella;s__Parasutterella_excrementihominis	-0.060613579533	-0.0738808989948	-0.0048046129673	0.0233545521242	0.0711971066904	0.0328333010524	-0.0122389434439	0.0125920231836	-0.0279032737816	-0.00403362974516	0.0509838433656	-0.0569111539449	-0.0446452041922	0.0632677721377	-0.042408891578	0.0397006966365	0.0223647627449	-0.0332210367707	0.0721917497031	-0.021345933384	0.0054276763525	-0.00938646323432	1.0	-0.0127630652431	0.0354972918396	-0.0132928243261	0.0105709610112	-0.0248515113922	-0.0137936785289	0.0073004633915	0.0726420204711	-0.0338166150287	-0.0263711988123	-0.0269782418605	-0.0407421753288	-0.0361896818516	-0.0152487891589	-0.01685419587	0.0305128177161	-0.0667425393193	-0.013266196418	0.0169825165716	-0.0470544484523	0.00358542055774	0.0164088700368	-0.0223496838468	-0.0252574066015	-0.0457979596022	-0.0452882921941	0.0662642880326	0.0223952744876	-0.0423425969946	-0.086742388227	-0.0426217389729	-0.0209313039214	-0.0565183568808	-0.0201684754781	-0.0421100151451	0.0179798226841
k__Bacteria;p__Actinobacteria;c__Actinobacteria;o__Bifidobacteriales;f__Bifidobacteriaceae;g__Bifidobacterium;s__Bifidobacterium_adolescentis	0.013532819187	-0.00168911873075	-0.0279978095525	-0.00639053827534	0.031406415745	-0.0836630420695	0.0410209806007	-0.00306261496909	-0.0334013703667	0.00258413688281	-0.0494096054435	-0.05951122196	0.0485531030506	-0.0144714106839	-0.00420595658047	-0.0198422034688	-0.00802032375319	-0.0613120031468	0.00409129953435	0.0373532382486	-0.0728240451355	0.0446902772321	-0.0127630652431	1.0	-0.0192337046616	0.013652835899	0.00760889007427	0.0081506584631	-0.0442332274507	0.0201008705807	-0.0100214104739	-0.0284382530876	0.00965729409754	-0.00579854113563	-0.052824472046	-0.00922999294959	-0.0106787154336	0.0569403676239	-0.0374963443887	-0.0230172611897	-0.0325646762659	0.00313296264285	-0.0200903472125	-0.0143761804982	-0.0125005782146	-0.07263263734	0.00847556632081	0.0373325237207	0.011403527739	0.0467410170398	-0.0731941590473	-0.0246891896511	0.0236284839805	0.049440724206	-0.00240315571897	-0.043794553083	0.0244674627705	-0.00559628461393	0.00571538700207
k__Bacteria;p__Firmicutes;c__Clostridia;o__Clostridiales;f__Oscillospiraceae;g__Oscillibacter;s__Oscillibacter_sp._KLE_1745	-0.0268341337442	0.00416434457037	0.0289426146326	-0.0649648842557	-0.0387331404434	-0.0170220491509	0.0461244488009	0.0333637802754	-0.000284433272813	-0.0353653460482	0.00970236463803	0.00260723419496	-0.0427791166314	-0.0563964415563	0.0653186834787	0.0115763981164	-0.00409417828829	-0.000540665033335	0.084674959857	0.010372778311	-0.0405982570116	-0.05277566749	0.0354972918396	-0.0192337046616	1.0	-0.00650693084622	0.0852958643418	-0.0262913474449	0.016051267734	-0.00517645356939	0.0156462625527	0.0377586891967	-0.000662061228543	-0.0426456845581	0.00342298265761	0.076473263206	0.00488856865818	-0.00997603504884	0.0231205565937	-0.0215344940895	-0.0125919203417	-0.0555070256711	-0.0578808116467	0.0529401284837	-0.0425393651786	0.0207910357976	0.021169752552	0.0147175423073	-0.0410294431947	-0.0079298112485	-0.0302033455811	-0.0147219738451	0.0512510425187	-0.0565871399988	-0.00747608344605	-0.0143813320561	-0.0769812549789	0.0670972828834	0.0321965450534
k__Bacteria;p__Bacteroidetes;c__Bacteroidia;o__Bacteroidales;f__Bacteroidaceae;g__Bacteroides;s__Bacteroides_coprophilus	0.0417090520207	-0.0641040405088	0.0163976295379	-0.0129592165672	-0.000504332155264	0.0628524490518	-0.00645509206135	-0.0257789629028	-0.0463568830681	-0.0187726410063	-0.0347623765558	0.0352914400154	-0.0163506231397	-0.0471208698779	-0.00979951554943	0.0388637120823	-0.0267680431202	-0.0485015560732	0.0315771078219	-0.0185715228809	-0.0192596826175	0.00577110913031	-0.0132928243261	0.013652835899	-0.00650693084622	1.0	0.00508582888734	-0.0242028369687	-0.0115040615627	-0.0447445414077	0.0177246176332	0.0378375197813	-0.0210118635333	-0.0560036561513	0.0129821258867	-0.00791954694363	-0.0332943210307	-0.00650271830643	-0.050542366412	-0.00198526930977	0.00203408695525	-0.0249020544589	-0.000135479457511	0.0269164084301	-0.0166379932011	-0.00543709966073	0.0164600541238	-0.0520678548498	0.000951933885687	-0.00244206703266	0.0360170608574	0.0492611534469	-0.042506716889	-0.00426824877134	-0.00260725767582	-0.0394009683879	-0.0530297192841	0.0160794214962	0.000897372860332
k__Bacteria;p__Firmicutes;c__Clostridia;o__Clostridiales;f__Lachnospiraceae;g__Roseburia;s__Roseburia_intestinalis	-0.0541772174724	-0.0545427342073	0.0239678346903	-0.00858494553865	-0.00156214299393	0.00132676311598	-0.0329080290986	0.0279598523893	0.0363179593939	-0.0547247645896	-0.0253232813579	-0.0690670627988	0.0218750898271	-0.0200401272597	-0.0587350857362	0.0128638968776	0.0525207685145	0.0228624825717	-0.0323987551207	-0.0073002291791	-0.0380411233553	-0.068028774973	0.0105709610112	0.00760889007427	0.0852958643418	0.00508582888734	1.0	-0.0216687049496	-0.00271272281629	0.0170840300628	0.000116398920687	-0.0579177418326	-0.00346470322538	0.00173764542585	-0.013219384376	0.0641830663305	0.0473463430202	0.00204042544985	0.0245434081952	0.0165104152309	0.0169272911712	0.0146110515622	-0.0770250647443	-0.00528127043926	-0.0225743524681	0.0354311279085	0.0243803416259	-0.0169573291848	-0.0438121960916	-0.018642440724	-0.0169000787194	-0.0355581209397	0.00150608238425	-0.0109976763248	-0.0458188911675	0.0237413292809	0.0167941003575	0.0485677606628	0.0220432482632
k__Bacteria;p__Firmicutes;c__Clostridia;o__Clostridiales;f__Lachnospiraceae;g__Roseburia;s__Roseburia_hominis	-0.0575275037773	-0.0263998344299	0.0574632099247	-0.0074276666995	-0.00193290450618	-0.0319911832201	-0.0101001283216	0.0156519569865	-0.0134624198147	0.0347491807552	-0.0346105278064	0.0136810620575	0.0413565359539	0.00722147666338	0.0185936064262	-0.00786717479411	-0.039079402716	-0.0452128118137	-0.0496920299985	0.0158112004633	-0.00292866912696	0.0369929935726	-0.0248515113922	0.0081506584631	-0.0262913474449	-0.0242028369687	-0.0216687049496	1.0	-0.0154520077091	-0.0113059302792	-0.0042229033	-0.0191650282809	-0.0111997917636	-0.0369073079925	0.0102241314069	-0.00537144873806	-0.0775817596842	0.0161675165817	0.0199637854595	0.0140143630577	0.0200775578211	-0.023016953764	-0.0644162472472	-0.0119357389978	-0.00403393814231	-0.0765379639646	0.0265435252476	-0.0449488918889	-0.0502487271602	0.0360074982783	-0.0487433845332	0.0462873305079	-0.0265897861482	0.0173588268953	0.0381601844662	-0.0305054324663	-0.0227999262107	0.0371144658832	-0.0545146270593
k__Bacteria;p__Bacteroidetes;c__Bacteroidia;o__Bacteroidales;f__Porphyromonadaceae;g__Parabacteroides;s__Parabacteroides_johnsonii	-0.0193202574572	3.13068605886e-05	-0.0646831250181	0.0463441163311	-0.0659959003387	-0.0143268855555	-0.0336038072885	-0.0613552804327	-0.0711961877274	-0.0211885952791	-0.0122346996552	-0.0212617444181	-0.054196568838	-0.00126222275901	0.0298055127108	0.0555251512168	-0.0998314768992	-0.0445294562837	0.0472488191492	-0.0561294701029	0.00702703074767	-0.0106751007867	-0.0137936785289	-0.0442332274507	0.016051267734	-0.0115040615627	-0.00271272281629	-0.0154520077091	1.0	6.99015923201e-05	-0.00840003603632	0.0150766855717	-0.0498791716193	-0.00693521164768	0.00707893402082	0.0688280600195	0.0546029027978	0.012150145771	0.0121736135884	-0.000692839626854	-0.0144386195066	-0.0131643600734	0.0277700955703	0.0395526383325	-0.0472772595197	-0.0558781147654	0.0057010694688	-0.0140518707556	-0.0412601669573	0.0430159633003	-0.0188525069141	-0.0279547797918	0.00745990657951	-0.0291327019966	-0.0492772177018	0.00676540633817	0.00534653937407	0.0569119156972	-0.0181276739522
k__Bacteria;p__Actinobacteria;c__Actinobacteria;o__Bifidobacteriales;f__Bifidobacteriaceae;g__Bifidobacterium;s__Bifidobacterium_longum	0.0290837250845	0.0534279579814	0.0577662144084	0.0241733541633	0.0305862969242	0.000304858828583	-0.0455185052802	0.0714189286532	-0.0165866837467	-0.0243092880008	-0.0192547457853	-0.0558567224561	-0.0545188524948	-0.0831599797415	0.0650322149999	-0.00107909161653	-0.0164996636594	0.00446359675124	-0.0576200942036	-0.0673387458456	-0.0324611387309	-0.0323285708374	0.0073004633915	0.0201008705807	-0.00517645356939	-0.0447445414077	0.0170840300628	-0.0113059302792	6.99015923201e-05	1.0	-0.00263875092995	-0.0374185867339	-0.00145689193248	-0.0181825691555	-0.035489885687	0.00517302486498	0.055165755003	0.00074407080689	0.0265141688038	-0.0118011497462	-0.0260640689978	-0.0250282548882	0.0926005247537	-0.0139973837258	0.045715272088	0.00745028518986	-0.063315891839	-0.0497094642209	-0.029151088153	0.0294917963959	0.037417139321	-0.0475349051711	-0.0115197001827	-0.0356959369477	-0.0377623556677	0.026752561542	-0.0189020060452	-0.0862494964	0.0507323100903
