#taxonomy	k__Bacteria;p__Bacteroidetes;c__Bacteroidia;o__Bacteroidales;f__Bacteroidaceae;g__Bacteroides;s__Bacteroides_vulgatus	k__Bacteria;p__Bacteroidetes;c__Bacteroidia;o__Bacteroidales;f__Bacteroidaceae;g__Bacteroides;s__Bacteroides_uniformis	k__Bacteria;p__Bacteroidetes;c__Bacteroidia;o__Bacteroidales;f__Rikenellaceae;g__Alistipes;s__Alistipes_putredinis	k__Bacteria;p__Bacteroidetes;c__Bacteroidia;o__Bacteroidales;f__Prevotellaceae;g__Prevotella;s__Prevotella_copri	k__Bacteria;p__Bacteroidetes;c__Bacteroidia;o__Bacteroidales;f__Bacteroidaceae;g__Bacteroides;s__Bacteroides_stercoris	k__Bacteria;p__Bacteroidetes;c__Bacteroidia;o__Bacteroidales;f__Bacteroidaceae;g__Bacteroides;s__Bacteroides_ovatus	k__Bacteria;p__Bacteroidetes;c__Bacteroidia;o__Bacteroidales;f__Rikenellaceae;g__Alistipes;s__Alistipes_shahii	k__Bacteria;p__Firmicutes;c__Clostridia;o__Clostridiales;f__Ruminococcaceae;g__Faecalibacterium;s__Faecalibacterium_prausnitzii	k__Bacteria;p__Bacteroidetes;c__Bacteroidia;o__Bacteroidales;f__Rikenellaceae;g__Alistipes;s__Alistipes_finegoldii	k__Bacteria;p__Bacteroidetes;c__Bacteroidia;o__Bacteroidales;f__Porphyromonadaceae;g__Parabacteroides;s__Parabacteroides_distasonis	k__Bacteria;p__Bacteroidetes;c__Bacteroidia;o__Bacteroidales;f__Bacteroidaceae;g__Bacteroides;s__Bacteroides_thetaiotaomicron	k__Bacteria;p__Bacteroidetes;c__Bacteroidia;o__Bacteroidales;f__Bacteroidaceae;g__Bacteroides;s__Bacteroides_coprocola	k__Bacteria;p__Bacteroidetes;c__Bacteroidia;o__Bacteroidales;f__Bacteroidaceae;g__Bacteroides;s__Bacteroides_cellulosilyticus	k__Bacteria;p__Bacteroidetes;c__Bacteroidia;o__Bacteroidales;f__Rikenellaceae;g__Alistipes;s__Alistipes_obesi	k__Bacteria;p__Firmicutes;c__Clostridia;o__Clostridiales;f__Lachnospiraceae;g__;s__[Eubacterium]_rectale	k__Bacteria;p__Bacteroidetes;c__Bacteroidia;o__Bacteroidales;f__Bacteroidaceae;g__Bacteroides;s__Bacteroides_plebeius	k__Bacteria;p__Bacteroidetes;c__Bacteroidia;o__Bacteroidales;f__Bacteroidaceae;g__Bacteroides;s__Bacteroides_fragilis	k__Bacteria;p__Proteobacteria;c__Betaproteobacteria;o__Burkholderiales;f__Sutterellaceae;g__Sutterella;s__Sutterella_wadsworthensis	k__Bacteria;p__Bacteroidetes;c__Bacteroidia;o__Bacteroidales;f__Porphyromonadaceae;g__Barnesiella;s__Barnesiella_intestinihominis	k__Bacteria;p__Bacteroidetes;c__Bacteroidia;o__Bacteroidales;f__Odoribacteraceae;g__Odoribacter;s__Odoribacter_splanchnicus	k__Bacteria;p__Bacteroidetes;c__Bacteroidia;o__Bacteroidales;f__Bacteroidaceae;g__Bacteroides;s__Bacteroides_salyersiae	k__Bacteria;p__Firmicutes;c__Clostridia;o__Clostridiales;f__Ruminococcaceae;g__Ruminiclostridium;s__[Eubacterium]_siraeum	k__Bacteria;p__Proteobacteria;c__Betaproteobacteria;o__Burkholderiales;f__Sutterellaceae;g__Parasutterella;s__Parasutterella_excrementihominis	k__Bacteria;p__Actinobacteria;c__Actinobacteria;o__Bifidobacteriales;f__Bifidobacteriaceae;g__Bifidobacterium;s__Bifidobacterium_adolescentis	k__Bacteria;p__Firmicutes;c__Clostridia;o__Clostridiales;f__Oscillospiraceae;g__Oscillibacter;s__Oscillibacter_sp._KLE_1745	k__Bacteria;p__Bacteroidetes;c__Bacteroidia;o__Bacteroidales;f__Bacteroidaceae;g__Bacteroides;s__Bacteroides_coprophilus	k__Bacteria;p__Firmicutes;c__Clostridia;o__Clostridiales;f__Lachnospiraceae;g__Roseburia;s__Roseburia_intestinalis	k__Bacteria;p__Firmicutes;c__Clostridia;o__Clostridiales;f__Lachnospiraceae;g__Roseburia;s__Roseburia_hominis	k__Bacteria;p__Bacteroidetes;c__Bacteroidia;o__Bacteroidales;f__Porphyromonadaceae;g__Parabacteroides;s__Parabacteroides_johnsonii	k__Bacteria;p__Actinobacteria;c__Actinobacteria;o__Bifidobacteriales;f__Bifidobacteriaceae;g__Bifidobacterium;s__Bifidobacterium_longum	k__Bacteria;p__Firmicutes;c__Clostridia;o__Clostridiales;f__;g__Flavonifractor;s__Flavonifractor_plautii	k__Bacteria;p__Firmicutes;c__Clostridia;o__Clostridiales;f__Clostridiaceae;g__Clostridium;s__Clostridium_phoceensis	k__Bacteria;p__Verrucomicrobia;c__Verrucomicrobiae;o__Verrucomicrobiales;f__Akkermansiaceae;g__Akkermansia;s__Akkermansia_muciniphila	k__Bacteria;p__Bacteroidetes;c__Bacteroidia;o__Bacteroidales;f__Prevotellaceae;g__Paraprevotella;s__Paraprevotella_xylaniphila	k__Bacteria;p__Firmicutes;c__Clostridia;o__Clostridiales;f__Ruminococcaceae;g__Ruminococcus;s__Ruminococcus_callidus	k__Bacteria;p__Bacteroidetes;c__Bacteroidia;o__Bacteroidales;f__Rikenellaceae;g__Alistipes;s__Alistipes_senegalensis	k__Bacteria;p__Firmicutes;c__Clostridia;o__Clostridiales;f__Lachnospiraceae;g__Blautia;s__Blautia_sp._KLE_1732	k__Bacteria;p__Bacteroidetes;c__Bacteroidia;o__Bacteroidales;f__Bacteroidaceae;g__Bacteroides;s__Bacteroides_oleiciplenus	k__Bacteria;p__Firmicutes;c__Clostridia;o__Clostridiales;f__Ruminococcaceae;g__Ruminococcus;s__Ruminococcus_bicirculans	k__Bacteria;p__Bacteroidetes;c__Bacteroidia;o__Bacteroidales;f__Bacteroidaceae;g__Bacteroides;s__Bacteroides_fluxus	k__Bacteria;p__Bacteroidetes;c__Bacteroidia;o__Bacteroidales;f__Prevotellaceae;g__Prevotella;s__Prevotella_stercorea	k__Bacteria;p__Firmicutes;c__Clostridia;o__Clostridiales;f__Lachnospiraceae;g__Dorea;s__Dorea_longicatena	k__Bacteria;p__Firmicutes;c__Clostridia;o__Clostridiales;f__Eubacteriaceae;g__Eubacterium;s__[Eubacterium]_eligens	k__Bacteria;p__Firmicutes;c__Clostridia;o__Clostridiales;f__Ruminococcaceae;g__;s__Ruminococcaceae_bacterium_D16	k__Bacteria;p__Firmicutes;c__Clostridia;o__Clostridiales;f__Lachnospiraceae;g__Coprococcus;s__Coprococcus_comes	k__Bacteria;p__Proteobacteria;c__Gammaproteobacteria;o__Enterobacterales;f__Enterobacteriaceae;g__Escherichia;s__Escherichia_coli	k__Bacteria;p__Firmicutes;c__Clostridia;o__Clostridiales;f__Ruminococcaceae;g__Anaerotruncus;s__Anaerotruncus_colihominis	k__Bacteria;p__Firmicutes;c__Clostridia;o__Clostridiales;f__Lachnospiraceae;g__Blautia;s__Blautia_obeum	k__Bacteria;p__Bacteroidetes;c__Bacteroidia;o__Bacteroidales;f__Odoribacteraceae;g__Odoribacter;s__Odoribacter_laneus	k__Bacteria;p__Firmicutes;c__Clostridia;o__Clostridiales;f__Ruminococcaceae;g__Ruminiclostridium;s__[Clostridium]_leptum	k__Bacteria;p__Bacteroidetes;c__Bacteroidia;o__Bacteroidales;f__Porphyromonadaceae;g__Parabacteroides;s__Parabacteroides_goldsteinii	k__Bacteria;p__Firmicutes;c__Clostridia;o__Clostridiales;f__Lachnospiraceae;g__Anaerostipes;s__Anaerostipes_hadrus	k__Bacteria;p__Firmicutes;c__Clostridia;o__Clostridiales;f__Ruminococcaceae;g__Ruminococcus;s__Ruminococcus_lactaris	k__Bacteria;p__Firmicutes;c__Clostridia;o__Clostridiales;f__Clostridiaceae;g__Clostridium;s__Clostridium_sp._L2-50	k__Bacteria;p__Firmicutes;c__Clostridia;o__Clostridiales;f__Clostridiaceae;g__Clostridium;s__Clostridium_sp._M62/1	k__Bacteria;p__Firmicutes;c__Clostridia;o__Clostridiales;f__;g__Intestinimonas;s__Intestinimonas_butyriciproducens	k__Bacteria;p__Actinobacteria;c__Actinobacteria;o__Bifidobacteriales;f__Bifidobacteriaceae;g__Bifidobacterium;s__Bifidobacterium_bifidum	k__Bacteria;p__Firmicutes;c__Negativicutes;o__Veillonellales;f__Veillonellaceae;g__Dialister;s__Dialister_invisus	k__Bacteria;p__Bacteroidetes;c__Bacteroidia;o__Bacteroidales;f__Bacteroidaceae;g__Bacteroides;s__Bacteroides_salanitronis
k__Bacteria;p__Bacteroidetes;c__Bacteroidia;o__Bacteroidales;f__Bacteroidaceae;g__Bacteroides;s__Bacteroides_vulgatus	1.0	0.0267112755258	-0.0625792073575	-0.0103861453683	0.0457582668498	-0.0501307962348	-0.0533485986712	-0.0103958111354	0.0105404628852	-0.0384486926825	-0.00444763198994	0.0135179442194	0.072426046676	0.0022399342915	0.0713352220597	-0.000952522669492	-0.040056593004	-0.0644385472337	-0.0106944312583	-0.00606495929479	-0.0142636708514	-0.010975759568	-0.0266453248567	-0.00775080889591	0.0193440143717	-0.0280600497228	-0.0296165051392	0.0417451427747	-0.00822646246352	-0.0671518776871	-0.00484785451231	-0.00350808233956	0.0734037781598	0.00730843637083	0.0139102224846	0.0201715446709	0.0446487777388	0.0337353545162	0.0229101649882	-0.0608218302021	-0.0251353583109	0.00239930494537	0.0453245806623	-0.0020174479438	-0.0717550955438	-0.00816745185147	-0.00059230254823	0.00454079521829	0.00789021545188	0.0229539879918	0.0492023111309	0.0860263718557	-0.0525314720441	-0.0339948149282	0.0234723373588	-0.0659987762767	0.0623369019117	-0.0933117650037	-0.0210547738491
k__Bacteria;p__Bacteroidetes;c__Bacteroidia;o__Bacteroidales;f__Bacteroidaceae;g__Bacteroides;s__Bacteroides_uniformis	0.0267112755258	1.0	-0.00710421629087	-0.0200793405686	0.0407835461922	-0.010566265952	0.0070047561486	0.0321656506441	0.0200236081054	-0.0136469892662	-0.0397363253751	-0.011008810766	0.0164601021304	0.00190950069574	-0.000316303276779	-0.00744695405733	0.0101913729901	-0.00889966533073	-0.0151897852327	0.0551030432762	-0.00240063905592	-0.0059848721269	0.00990402909443	-0.0125864102422	-0.0875100932248	0.00619620323598	0.0115867425232	-0.0592756693625	-0.0154659284161	-0.0101236638128	-0.0120102356527	-0.0465569227466	-0.00251531506721	-0.0185395134427	-0.0337130546565	-0.0481507464655	-0.024842482194	-0.0044362182373	0.0817833146214	0.00794013273586	-0.00184276145682	-0.0348835760845	0.0440100344326	-0.00985746247554	0.000954516820686	-0.0533980272421	0.00335369477344	0.0258988426955	-0.0186475230491	-0.0255631408581	-0.0335063044432	0.0248923175124	-0.0330661427283	0.0471612925197	0.0157699871727	0.0139003247862	-0.00735939841541	-0.0405684050235	0.0716564049434
k__Bacteria;p__Bacteroidetes;c__Bacteroidia;o__Bacteroidales;f__Rikenellaceae;g__Alistipes;s__Alistipes_putredinis	-0.0625792073575	-0.00710421629087	1.0	-0.0477847495802	0.0222213569756	0.00940061149176	-0.0390676146301	-0.0119581498377	-0.00657634026198	0.0603197550898	-0.0375416889554	0.011998840417	-0.0477762427949	0.0387907831514	-0.0541752733946	-0.0562801624968	0.00837563129861	-0.0261452045321	0.0274040821729	0.0434495681095	0.0344858991077	-0.0279762047866	-0.0240384332149	0.0266213109368	0.00441154346043	-0.027628382349	0.0256687889883	0.0495605211368	0.0336075531641	0.0465309530196	0.0201649359859	0.00181127168516	0.0292966434436	-0.0491318970047	-0.0195945166456	0.0369426674669	0.0050899155349	-0.0363742518583	0.0144433192204	-0.0228712924044	-0.00893109902474	-0.0817068663571	-0.00716711702878	0.0465754943218	-0.0733658357684	-0.0283929376099	-0.01535047742	0.00184595668893	0.03630875761	0.0129559500845	-0.0490551190651	-0.0168292152544	-0.042029984243	0.0134883242574	-0.0436392269566	0.00546883350569	-0.0335993257595	-0.00522931844331	-0.03953456531
k__Bacteria;p__Bacteroidetes;c__Bacteroidia;o__Bacteroidales;f__Prevotellaceae;g__Prevotella;s__Prevotella_copri	-0.0103861453683	-0.0200793405686	-0.0477847495802	1.0	0.0303949392947	-0.0178167824401	0.00635990578416	-0.0515706794596	-0.0372891875886	0.00700760099935	-0.0233609384644	-0.0615901663056	-0.0350625988166	0.0149394031634	-0.0375563686152	-0.0214776588337	-0.0279314469702	-0.0225474555523	-0.0245922195739	-0.0417739594889	-0.0758383513867	0.0360885077598	-0.0122494029294	-0.0618656915872	0.00148380632914	-0.00362161062485	-0.0156634440819	0.066895158888	0.0341551570554	-0.0317689702064	-0.0130924086633	-0.0306924844441	-0.0179202005979	-0.00298442164412	0.0108814265005	0.0351634517959	-0.00372899283131	-0.0572329514769	-0.0295513383856	-0.0393500899232	-0.0292193888157	0.0864995171476	-0.0721021886674	-0.0498643562358	0.028187810982	0.0514041451113	-0.0739173429889	0.0147826817653	0.00821546039923	0.0558521254472	0.00496655863003	-0.0949109249515	0.000328605548228	-0.00684709563302	0.0158760179028	-0.0626800073465	0.0543896088756	0.0601365703004	-0.0335260467787
k__Bacteria;p__Bacteroidetes;c__Bacteroidia;o__Bacteroidales;f__Bacteroidaceae;g__Bacteroides;s__Bacteroides_stercoris	0.0457582668498	0.0407835461922	0.0222213569756	0.0303949392947	1.0	0.0181652978382	0.0238479390159	0.019577297042	-0.027662453627	-0.0399754542015	0.0147253927899	0.0717980159901	-0.0282117159198	-0.0238394524713	-0.0178604498248	-0.0486579596731	-0.0367354136569	-0.0203305367163	0.0257963197099	-0.0736399067401	0.0561447770805	-0.0632582459953	-0.00555590137121	0.0225188317954	0.0109783100467	0.0143845064732	0.0142709841493	0.012895384259	0.0142949032692	-0.0161652694666	0.014438510262	0.0344796154128	-0.0200254944302	0.00350855014463	-0.0121717856123	-0.0517254927807	-0.0445472504816	-0.000158077466118	0.0373814117187	0.0113606286415	-0.0266660359269	0.012680611407	0.0262440542825	0.0448617584823	-0.0401680581141	0.0587676440113	0.00326709425748	-0.0630316002322	0.00909063012135	-0.0366743948091	0.0368762823956	-0.0126480146851	-0.0215610195358	0.00898369750682	0.0134903934609	-0.0134343908011	-0.00924085461295	-0.0600421459409	-0.00238888991688
k__Bacteria;p__Bacteroidetes;c__Bacteroidia;o__Bacteroidales;f__Bacteroidaceae;g__Bacteroides;s__Bacteroides_ovatus	-0.0501307962348	-0.010566265952	0.00940061149176	-0.0178167824401	0.0181652978382	1.0	-0.0195860494786	-0.00291781234654	-0.0104456027851	-0.00280278425738	0.0475129083274	0.007402840656	0.0359091126609	0.123495932314	-0.0407396958427	-0.0114519535551	-0.0100012192386	-0.0784278032831	-0.0044552954991	-0.0148336250932	0.00231917496941	-0.0818767742402	-0.0445836442487	0.0193701279273	-0.0266153536637	-0.0365981564758	-0.00437228799387	0.0222274135488	-0.0282434160776	0.0377847851884	0.0156537985894	-0.0550438462402	-0.0236324792267	0.00332198644859	0.0548503341496	0.0123140243907	0.00127166109384	-0.0238163826255	0.0430190875245	-0.0319833105412	-0.00774316914328	0.0288227047763	-0.00572131209421	-0.0127735399895	0.0118157197206	-0.0268528245332	0.00237186521747	0.0493848860915	-0.0470120451696	-0.0613533813502	0.0218249106933	-0.0373889037779	0.0647288661055	0.0224015870549	0.0315415406187	-0.0157241666298	-0.000158963410731	0.00238526793512	0.0235439322429
k__Bacteria;p__Bacteroidetes;c__Bacteroidia;o__Bacteroidales;f__Rikenellaceae;g__Alistipes;s__Alistipes_shahii	-0.0533485986712	0.0070047561486	-0.0390676146301	0.00635990578416	0.0238479390159	-0.0195860494786	1.0	-0.0285684276282	-0.00992933702439	-0.0144123854628	-0.0207103271997	0.0125821000421	-0.037144472967	-0.0815739387251	0.0137252161886	0.0373579105139	0.0460559206617	-0.0666786061364	-0.0695713039863	0.00198763380348	-0.00234636438088	-0.0602004869925	-0.01064554856	0.00239860304514	-0.0401598596366	-0.00345475799799	0.0035267588231	0.0146998478204	0.0118002349082	-0.0083645106861	0.00467917198706	0.0102011280971	-0.0252828972743	-0.03194453588	-0.0295708550598	0.045824866097	0.0503913465698	-0.00500960758673	-0.0151652520034	-0.00429722163274	-0.0861283826794	0.024709986351	-0.0693524295579	0.0473032922858	-0.0124966898134	0.0137950329529	-0.00823640991565	-0.0508821861984	-0.0291217878554	0.0450282886313	-0.00447837414121	-0.00805500441137	-0.0637424896144	-0.00845608938838	-0.047284000878	0.0170745907396	-0.0369078535898	-0.0138901312872	-0.0126938443493
k__Bacteria;p__Firmicutes;c__Clostridia;o__Clostridiales;f__Ruminococcaceae;g__Faecalibacterium;s__Faecalibacterium_prausnitzii	-0.0103958111354	0.0321656506441	-0.0119581498377	-0.0515706794596	0.019577297042	-0.00291781234654	-0.0285684276282	1.0	0.00247855061241	0.00747657009979	-0.0230257597527	-0.00865080427254	0.00652727336735	-0.0178019362897	0.0338090333597	0.00851936971237	-0.0341119793344	-0.00518670066703	0.0206412647088	-0.0279949089333	0.072380648319	-0.0416515992876	-0.0250635936735	-0.0140880062378	-0.0417247322924	-0.066147458651	0.0184881383317	0.0260680530985	-0.0796464213101	-0.0465052761106	-0.00230263042349	0.0421140915255	-0.0842675126228	-0.00486144265644	0.0257702643707	-0.0381423346598	-0.0213858936378	-0.0246933714521	-0.00341552529635	0.088771232497	-0.00391339980443	-0.0223236774197	-0.0716318273714	0.0351081657675	0.060877716886	0.014900165805	-0.0666788916476	-0.00923523421537	0.0170008201892	0.0414618793301	0.00651612711667	-0.0362604141102	0.0530075647412	-0.00888278771518	-0.0237856892065	-0.0449112605164	-0.0156175692958	-0.00450927757715	-0.0899749358955
k__Bacteria;p__Bacteroidetes;c__Bacteroidia;o__Bacteroidales;f__Rikenellaceae;g__Alistipes;s__Alistipes_finegoldii	0.0105404628852	0.0200236081054	-0.00657634026198	-0.0372891875886	-0.027662453627	-0.0104456027851	-0.00992933702439	0.00247855061241	1.0	0.0161893631249	-0.0282792936743	-0.0060365404026	-0.0378481967507	-0.0433152743861	-0.0552825445681	-0.0430101913766	-0.00312810942072	0.0106677792959	-0.0362436911816	-0.000146053743284	-0.0875750396885	0.0338198835271	-0.0120508543357	-0.00126141965352	-0.0154496243257	-0.0115851307458	-0.0217777390039	-0.0082761490769	-0.0167732756137	-0.0348575177159	-0.0197990248541	0.000633356514655	-0.0112990517981	0.0845681053693	-0.0519229323582	0.0117592585853	0.00439201949521	0.0108956774845	-0.0532571630708	0.0370222620216	0.0413004243711	-0.0677353236563	0.0374471375214	0.00722268684891	-0.00995123992361	0.0343667926329	-0.0121332218038	0.0547357904053	-0.0167427676706	0.0327693142466	-0.085962027027	0.0130142554124	-0.0469444754393	-0.00261055106583	0.010283166007	0.0258440144155	-0.0198254988094	-0.0135375824035	0.0236575744916
k__Bacteria;p__Bacteroidetes;c__Bacteroidia;o__Bacteroidales;f__Porphyromonadaceae;g__Parabacteroides;s__Parabacteroides_distasonis	-0.0384486926825	-0.0136469892662	0.0603197550898	0.00700760099935	-0.0399754542015	-0.00280278425738	-0.0144123854628	0.00747657009979	0.0161893631249	1.0	0.0571114732171	-0.0357358742487	-0.0103336083176	0.05430124061	0.028805551378	-0.0317937408645	-0.0254196594486	0.0417203262347	-0.00987645517953	-0.0696388769687	-0.0257387934398	-0.00152255585663	0.0127737769751	-0.0264262609981	0.0307562030257	-0.00318907433363	-0.0376475563711	-0.0404618506146	-0.0318131233298	-0.0261512327389	-0.0134949215361	0.00620340550189	0.000506741758921	-0.0298839254466	-0.0120304256636	0.0135416589861	0.0761551511181	0.000333302074481	0.0232766631203	0.0471148371278	0.0688136907286	-0.00327485711139	-0.0386383365141	-0.0536324415003	-0.024691661878	0.0126145239374	-0.0326906371861	-0.0237534480355	-0.0594283702947	0.0143311840434	0.00825614569978	0.0296082643878	-0.0597032658091	0.0406555835591	-0.0232916427789	-0.042927488857	0.0508549896495	0.0326727142561	-0.00888640350849
k__Bacteria;p__Bacteroidetes;c__Bacteroidia;o__Bacteroidales;f__Bacteroidaceae;g__Bacteroides;s__Bacteroides_thetaiotaomicron	-0.00444763198994	-0.0397363253751	-0.0375416889554	-0.0233609384644	0.0147253927899	0.0475129083274	-0.0207103271997	-0.0230257597527	-0.0282792936743	0.0571114732171	1.0	-0.0622438957827	0.0217941796871	-0.0247739655234	-0.0316810195807	0.00196289705145	0.0242912140022	-0.0117083518456	-0.0508409198512	-0.00892222673786	-0.0119136119102	-0.0461093301369	-0.0167987443282	0.0267178473998	-0.0126160116523	-0.00921955726132	-0.0543176490615	-0.0179847735041	-0.0638255324834	-0.0620476199991	0.0188529646638	0.0347558628072	-0.0287910623148	-0.00528761761964	0.0429744511589	-0.0140649417648	0.000909975040044	-0.00439302390775	-0.0425222282812	0.00848088677518	-0.022606189792	0.054172444553	0.0765996134314	-0.00634737339107	-0.0203822220578	-0.0515772417527	-0.0369973373797	0.0305123876783	-0.026262734133	0.00321021246285	-0.00883381539159	0.0390423962161	0.0180942360963	-0.0435450061477	-0.0167423933405	-0.0207711681028	-0.00257137984316	-0.0241250165948	-0.0263750606185
k__Bacteria;p__Bacteroidetes;c__Bacteroidia;o__Bacteroidales;f__Bacteroidaceae;g__Bacteroides;s__Bacteroides_coprocola	0.0135179442194	-0.011008810766	0.011998840417	-0.0615901663056	0.0717980159901	0.007402840656	0.0125821000421	-0.00865080427254	-0.0060365404026	-0.0357358742487	-0.0622438957827	1.0	0.0244113076489	-0.0244661545935	0.00334902269411	-0.0684673003755	-0.0483811315412	0.0420512423597	0.015026682858	0.0416649075876	-0.0130293898944	0.028496971793	-0.0568974729297	0.0110374133875	0.012707868515	-0.0242782398799	-0.030474252363	-0.0476072696201	0.0435704731581	-0.0026047119814	0.00547088406384	-0.0261336818526	-0.047266520844	-0.0552694799917	-0.0395058589535	0.0219407573195	-0.0304601129954	-0.0331484054246	0.0401169035675	0.00676481775598	-0.0236536897272	0.0172586172125	0.00602223568982	0.0231696651106	-0.017790571551	0.0172772296588	-0.000875467789368	0.0106902959429	-0.0436352329721	0.0120839205816	-0.0374876689721	0.00809904853338	-0.0418295015135	0.0443986784063	0.0148308570033	-0.00510816619349	-0.028303607314	-0.0344953418875	-0.102420299176
k__Bacteria;p__Bacteroidetes;c__Bacteroidia;o__Bacteroidales;f__Bacteroidaceae;g__Bacteroides;s__Bacteroides_cellulosilyticus	0.072426046676	0.0164601021304	-0.0477762427949	-0.0350625988166	-0.0282117159198	0.0359091126609	-0.037144472967	0.00652727336735	-0.0378481967507	-0.0103336083176	0.0217941796871	0.0244113076489	1.0	0.019527706541	-0.0395547040389	-0.0358217040219	-0.0252886306277	0.0444803283676	0.0175607821321	-0.0287423391221	0.00733969215006	0.00243992081238	0.0426544934099	-0.0152410888968	0.0200739088891	-0.0230330367824	0.00455433229498	-0.0362526130677	-0.0071818945411	0.00473740802711	0.0412868374887	-0.0701756256189	-0.0158539451647	-0.00629852040618	-0.00536969989119	0.0176372742638	-7.73424186851e-05	-0.014918065609	0.042615273601	-0.00646993594853	-0.0159082692244	-0.056100290819	0.0395621568975	0.0144831512317	-0.0257554329873	-0.0808643635627	0.0536482510469	0.0588749908861	-0.060320652707	-0.00696752974539	-0.0401461104512	-0.0202140138329	-0.0186991746128	-0.018104978141	0.00550094032699	-0.0044632093505	0.0370031093622	-0.0256583666105	-0.0304539045027
k__Bacteria;p__Bacteroidetes;c__Bacteroidia;o__Bacteroidales;f__Rikenellaceae;g__Alistipes;s__Alistipes_obesi	0.0022399342915	0.00190950069574	0.0387907831514	0.0149394031634	-0.0238394524713	0.123495932314	-0.0815739387251	-0.0178019362897	-0.0433152743861	0.05430124061	-0.0247739655234	-0.0244661545935	0.019527706541	1.0	-0.0406941695065	-0.0394792345591	0.00863238546144	-0.0552634199755	-0.0417015401065	-0.033768315003	-0.0188078517481	0.0193562070181	0.0205846153121	-0.0439759701747	-0.0643435448884	0.0251947675075	0.0364396162986	0.020018470886	0.0133122868725	-0.0470688975752	0.00424364220753	0.00517131972332	-0.0519238132955	-0.019833388721	0.0341727582348	0.0269659177628	-0.0304488410188	-0.0305300009694	0.0594009160899	0.0221081476188	0.0303202704542	-0.0338404285337	0.00222707836548	0.0293126547914	-0.00545741049733	-0.0602885123537	0.00251386985476	-0.0724560126858	0.00864891186505	-0.031286687803	-0.00591630897065	-0.00834715444383	0.0197472630697	-0.0279668505167	0.0502682055791	-0.0142306818817	0.0560575814384	-0.0505047795324	-0.0531277241741
k__Bacteria;p__Firmicutes;c__Clostridia;o__Clostridiales;f__Lachnospiraceae;g__;s__[Eubacterium]_rectale	0.0713352220597	-0.000316303276779	-0.0541752733946	-0.0375563686152	-0.0178604498248	-0.0407396958427	0.0137252161886	0.0338090333597	-0.0552825445681	0.028805551378	-0.0316810195807	0.00334902269411	-0.0395547040389	-0.0406941695065	1.0	-0.00766773421935	0.0140001156171	-0.00400268724339	0.035093468553	0.077789207924	-0.0284048113463	0.109306765097	0.0101757014204	0.0212393177836	-0.07091242257	-0.0132975883467	0.0293242833522	0.00765106296099	0.0224135871703	-0.0373981197651	0.0285611564196	-0.0756144918858	-0.0267919513916	-0.0608403678119	0.00975670125261	0.0268104406619	-0.0275426779613	-0.0340662834743	-0.0243876604392	-0.03369636707	-0.0724830118847	0.0125103299238	-0.0376177669024	-0.034150110121	0.0239294144984	-0.0261327403739	-0.067985601745	-0.00123523798687	0.0304866796193	-0.00710458268652	0.00909656937891	0.026184151132	0.0537751416168	-0.0444891457707	0.0373406428632	-0.0332212399505	0.0002225301035	0.00436041223448	0.0105183978236
k__Bacteria;p__Bacteroidetes;c__Bacteroidia;o__Bacteroidales;f__Bacteroidaceae;g__Bacteroides;s__Bacteroides_plebeius	-0.000952522669492	-0.00744695405733	-0.0562801624968	-0.0214776588337	-0.0486579596731	-0.0114519535551	0.0373579105139	0.00851936971237	-0.0430101913766	-0.0317937408645	0.00196289705145	-0.0684673003755	-0.0358217040219	-0.0394792345591	-0.00766773421935	1.0	-0.0347003329536	-0.0316912589873	-0.0421629382456	0.0407284513236	-0.0213524087324	-0.0387845378148	0.0156684080175	-0.0297764072916	0.0134120379133	0.0236688013025	-0.00377305644417	0.04901401136	-0.0236039980405	0.001269923395	0.00432257466099	0.0166667613676	0.0121276442908	-0.0147882375159	0.0393386160327	0.0358913167631	-0.0462947725707	-0.00451018722505	-0.0201733854522	0.00629295718138	-0.0317651835786	-0.0430551975877	-0.00869884885112	0.0235788689684	0.0197118170326	-0.00245844512143	0.0201570145369	-0.00771059365891	0.0373784519948	-0.0279432160566	-0.0352409917003	-0.0324592014389	0.0377601950547	0.00393135909152	-0.0136999713226	-0.0326680901224	0.0670005596071	0.00752823010934	0.0112936878606
k__Bacteria;p__Bacteroidetes;c__Bacteroidia;o__Bacteroidales;f__Bacteroidaceae;g__Bacteroides;s__Bacteroides_fragilis	-0.040056593004	0.0101913729901	0.00837563129861	-0.0279314469702	-0.0367354136569	-0.0100012192386	0.0460559206617	-0.0341119793344	-0.00312810942072	-0.0254196594486	0.0242912140022	-0.0483811315412	-0.0252886306277	0.00863238546144	0.0140001156171	-0.0347003329536	1.0	0.0297411147407	0.0717923221465	-0.107395265319	0.0448129110335	0.0461968333003	-0.0370620236921	0.0260914273629	-0.0859506038299	-0.0628219306907	0.0605788277908	-0.0602236425174	-0.0125802904333	0.0113883968889	-0.0215678803436	0.0470235269739	0.00644433700655	0.0231782756227	0.00823015654522	0.063022421456	-0.013405990058	0.0290830548284	-0.018835183946	0.034673917608	-0.0211712989537	-0.0696523175748	0.0130974213338	-0.0315723869475	-0.0792685505576	-0.0527429113044	-0.0179530794959	0.0286355998674	-0.0174995052352	-0.0132735075358	0.0430619498624	-0.0328549337825	-0.0189759544757	-0.0223224945795	0.0029493048621	-0.0494828114993	-0.0221843534944	-0.0256198544966	0.0189891640094
k__Bacteria;p__Proteobacteria;c__Betaproteobacteria;o__Burkholderiales;f__Sutterellaceae;g__Sutterella;s__Sutterella_wadsworthensis	-0.0644385472337	-0.00889966533073	-0.0261452045321	-0.0225474555523	-0.0203305367163	-0.0784278032831	-0.0666786061364	-0.00518670066703	0.0106677792959	0.0417203262347	-0.0117083518456	0.0420512423597	0.0444803283676	-0.0552634199755	-0.00400268724339	-0.0316912589873	0.0297411147407	1.0	-0.0401790989152	0.0196825595832	-0.0375704060952	0.00136996588845	0.0249763850934	0.00904915387559	-0.00262317857232	-0.0103592754576	0.0183330001764	-0.0169595253576	0.0358973617086	0.0236357253746	-0.0897050485226	-0.014317384847	0.0182067576945	-0.0231368534407	-0.0793841269867	-0.0114467057943	-0.0376987900052	-0.00429324369476	-0.0376768011708	0.0068010304384	0.0101564159433	-0.0359812192472	0.0294534891972	0.00107654773782	0.0172802904388	-0.00711974866472	0.0471768213948	-0.0233829084405	0.00626704413015	-0.0036446891625	0.071527547785	-0.00522508897509	-0.0124533389634	-0.0914850143402	-0.0171682552812	-0.0166640368786	0.0384218394325	0.0207715712158	0.00613815772333
k__Bacteria;p__Bacteroidetes;c__Bacteroidia;o__Bacteroidales;f__Porphyromonadaceae;g__Barnesiella;s__Barnesiella_intestinihominis	-0.0106944312583	-0.0151897852327	0.0274040821729	-0.0245922195739	0.0257963197099	-0.0044552954991	-0.0695713039863	0.0206412647088	-0.0362436911816	-0.00987645517953	-0.0508409198512	0.015026682858	0.0175607821321	-0.0417015401065	0.035093468553	-0.0421629382456	0.0717923221465	-0.0401790989152	1.0	-0.092126512722	-0.0305600595219	-0.0325555206245	-0.0428497106184	-0.0447444542122	0.0236623672087	-0.0251201774176	-0.0237494044277	-0.0534868375791	0.00722867437954	0.0312556336961	-0.000811087253529	0.0730597457914	-0.0358118064673	-0.0337402488076	0.0276101278744	-0.0397253816363	-0.0502114009222	0.0409528424598	-0.0101530781509	-0.0604955897194	0.0121771459129	0.00112603069489	0.0263531680409	-0.0109294276126	-0.014556657378	0.0108941996069	0.00626264195998	-0.00461386383077	0.0529823798839	-0.0075260900015	-0.00823865363188	0.0325273320536	-0.0679397862341	0.0327115999528	0.0290973941832	-0.0331827125908	-0.00452824724455	0.067969059946	-0.0808246446943
k__Bacteria;p__Bacteroidetes;c__Bacteroidia;o__Bacteroidales;f__Odoribacteraceae;g__Odoribacter;s__Odoribacter_splanchnicus	-0.00606495929479	0.0551030432762	0.0434495681095	-0.0417739594889	-0.0736399067401	-0.0148336250932	0.00198763380348	-0.0279949089333	-0.000146053743284	-0.0696388769687	-0.00892222673786	0.0416649075876	-0.0287423391221	-0.033768315003	0.077789207924	0.0407284513236	-0.107395265319	0.0196825595832	-0.092126512722	1.0	-0.0249881934025	-0.0319641708427	-0.0459409052925	-0.0925476878237	-0.00521332904977	0.0301105406995	0.0642289231145	-0.0451262759858	-0.0214525611008	-0.0192395006465	0.0593461796959	0.0428240246883	0.105094294323	-0.00688383902087	0.0325947045435	0.0299692643864	-0.0146337736069	0.0266216907009	-0.0019217652539	-0.0332846342817	-0.00107816871183	-0.0682127694642	0.0103485542495	0.011976791642	-0.0146920452506	-0.00366161270118	-0.0190550917399	-0.0601077426941	0.0179371596963	-0.0377307505201	0.00353151620769	0.0149663414966	-0.0629398426979	-0.00794442779171	-0.0198269419209	0.021579775728	0.0212417308667	-0.0281662960389	-0.0307628708051
k__Bacteria;p__Bacteroidetes;c__Bacteroidia;o__Bacteroidales;f__Bacteroidaceae;g__Bacteroides;s__Bacteroides_salyersiae	-0.0142636708514	-0.00240063905592	0.0344858991077	-0.0758383513867	0.0561447770805	0.00231917496941	-0.00234636438088	0.072380648319	-0.0875750396885	-0.0257387934398	-0.0119136119102	-0.0130293898944	0.00733969215006	-0.0188078517481	-0.0284048113463	-0.0213524087324	0.0448129110335	-0.0375704060952	-0.0305600595219	-0.0249881934025	1.0	-0.0354880202928	-0.0226901367663	-0.0535450608937	0.0827477511702	-0.000284099755462	0.00232409608933	0.0169686171602	0.0194457908233	-0.0353469778898	0.00734003084228	0.0294155651286	-0.0474012136927	0.0307944500049	0.0200710041456	0.0168897869393	-0.0581696357336	-0.0117925675565	-0.0790680466181	-0.0311615059939	-0.0216821139245	0.0107692320578	-0.00268491966735	-0.0650356701288	-0.00744273626812	-0.00872767127437	0.00864040662684	-0.00950741729333	-0.00687556143373	-0.0448494096679	0.00355452393409	0.022873700359	0.00167648063181	0.00896559635502	0.0228354394141	0.0196629522729	-0.0455924553339	-0.0170500732343	0.0259254493002
k__Bacteria;p__Firmicutes;c__Clostridia;o__Clostridiales;f__Ruminococcaceae;g__Ruminiclostridium;s__[Eubacterium]_siraeum	-0.010975759568	-0.0059848721269	-0.0279762047866	0.0360885077598	-0.0632582459953	-0.0818767742402	-0.0602004869925	-0.0416515992876	0.0338198835271	-0.00152255585663	-0.0461093301369	0.028496971793	0.00243992081238	0.0193562070181	0.109306765097	-0.0387845378148	0.0461968333003	0.00136996588845	-0.0325555206245	-0.0319641708427	-0.0354880202928	1.0	0.0332949105165	-0.0144106525757	-0.0757591224763	-0.0704409554112	-0.00853504195338	-0.0117171541817	0.044500924996	-0.0171617033202	-0.0726977748535	-0.0120461161284	-0.0227966980609	-0.0221186847659	-0.0295098322886	-0.040177042325	-0.0215310382561	-0.0340710887407	0.0672351634493	-0.0274523078703	0.0395697601266	0.00337059947207	-0.0418261419986	0.0162867443393	0.0613903293711	0.00529296962052	0.0236388508693	-0.023561661407	-0.0158726378272	-0.00464466463588	-0.016178746238	-0.0238012122821	-0.0356555661152	-0.0354682429959	-0.0292122913059	-0.00701045235888	0.00409465354901	-0.0281170141507	0.0265092276579
k__Bacteria;p__Proteobacteria;c__Betaproteobacteria;o__Burkholderiales;f__Sutterellaceae;g__Parasutterella;s__Parasutterella_excrementihominis	-0.0266453248567	0.00990402909443	-0.0240384332149	-0.0122494029294	-0.00555590137121	-0.0445836442487	-0.01064554856	-0.0250635936735	-0.0120508543357	0.0127737769751	-0.0167987443282	-0.0568974729297	0.0426544934099	0.0205846153121	0.0101757014204	0.0156684080175	-0.0370620236921	0.0249763850934	-0.0428497106184	-0.0459409052925	-0.0226901367663	0.0332949105165	1.0	-0.021431979797	0.059434389808	-0.00828605811971	-0.0413529922267	0.0906854878478	0.0166357854873	0.0673918882796	-0.0312197675755	-0.0100650180128	0.00907762012631	0.0140884544372	-0.0363184264476	-0.0906085246953	-0.0279033126207	-0.0721700529654	-0.014164365552	0.0249576419124	0.0854625739472	-0.0218464427318	0.0285213317355	-0.00950102688393	0.0651139969351	0.0114104180946	-0.0099248819516	-0.00700668806614	-0.0500497819865	0.0308839916807	0.00506007423742	-0.0484274698862	-0.0782286426405	0.00543133560681	0.023779919625	-0.0259675399918	-0.0417197582528	0.0078683260803	-0.0161162440182
k__Bacteria;p__Actinobacteria;c__Actinobacteria;o__Bifidobacteriales;f__Bifidobacteriaceae;g__Bifidobacterium;s__Bifidobacterium_adolescentis	-0.00775080889591	-0.0125864102422	0.0266213109368	-0.0618656915872	0.0225188317954	0.0193701279273	0.00239860304514	-0.0140880062378	-0.00126141965352	-0.0264262609981	0.0267178473998	0.0110374133875	-0.0152410888968	-0.0439759701747	0.0212393177836	-0.0297764072916	0.0260914273629	0.00904915387559	-0.0447444542122	-0.0925476878237	-0.0535450608937	-0.0144106525757	-0.021431979797	1.0	0.0389989062969	-0.00177772144449	0.00448476864691	0.026478789171	-0.0134421365861	0.0409256568397	0.00810757736493	0.00682237385534	-0.0335558066883	0.049289744271	0.0498647600558	-0.028657936219	0.0215028225388	-0.00399145250528	-0.0178269801226	-0.110775606715	0.00998883309216	0.0518768871229	0.0268243235378	-0.0338705729466	-0.00167854925017	0.000883815471638	0.056635078098	-0.0401665223387	-0.0227470952332	-0.0562020172659	0.0101963295993	0.0140450904766	0.0238034524993	-0.0115326916981	0.0200674571947	-0.00238128475489	-0.00518481080225	-0.0439688073326	0.00782197618864
k__Bacteria;p__Firmicutes;c__Clostridia;o__Clostridiales;f__Oscillospiraceae;g__Oscillibacter;s__Oscillibacter_sp._KLE_1745	0.0193440143717	-0.0875100932248	0.00441154346043	0.00148380632914	0.0109783100467	-0.0266153536637	-0.0401598596366	-0.0417247322924	-0.0154496243257	0.0307562030257	-0.0126160116523	0.012707868515	0.0200739088891	-0.0643435448884	-0.07091242257	0.0134120379133	-0.0859506038299	-0.00262317857232	0.0236623672087	-0.00521332904977	0.0827477511702	-0.0757591224763	0.059434389808	0.0389989062969	1.0	0.0309981911922	-0.0191427930677	0.00520159162143	0.0163429209043	-0.0452566595561	-0.0658977777823	-0.0274981681707	-0.0395512669829	0.00269712155848	-0.0106661838677	0.0171549149315	0.00932276050872	-0.0517728307729	0.0516355004648	-0.0451173508803	0.00247615489075	-0.0285458004156	0.0039658730976	-0.0210060029536	0.019044642848	0.0101187745586	0.00554879820793	-0.0170282363087	-0.00288555531153	0.0152805895894	-0.0534466775017	-0.000599683830308	0.0090554073269	0.0278953596051	0.00471820052657	0.0209443458252	-0.0625029711025	-0.0219340029216	-0.0234007350853
k__Bacteria;p__Bacteroidetes;c__Bacteroidia;o__Bacteroidales;f__Bacteroidaceae;g__Bacteroides;s__Bacteroides_coprophilus	-0.0280600497228	0.00619620323598	-0.027628382349	-0.00362161062485	0.0143845064732	-0.0365981564758	-0.00345475799799	-0.066147458651	-0.0115851307458	-0.00318907433363	-0.00921955726132	-0.0242782398799	-0.0230330367824	0.0251947675075	-0.0132975883467	0.0236688013024	-0.0628219306907	-0.0103592754576	-0.0251201774176	0.0301105406995	-0.000284099755462	-0.0704409554112	-0.00828605811971	-0.00177772144449	0.0309981911922	1.0	-0.0634405635254	7.51566245434e-05	-0.000198254585717	0.0610997336619	-0.0667989640897	-0.0467739899697	0.000109221541725	-0.0617838713131	-0.0260348441784	-0.0620753242358	-0.0212380132341	0.0419832073992	-0.0076184322088	0.0166530858324	0.0362778464346	-0.00770267215395	-0.0511037530328	-0.118161903976	0.0123725752799	0.0119603194902	0.0282128614546	-0.0486558438494	-0.0342896063057	0.00464037610533	-0.0183994011056	-0.0149733109127	0.0507459215081	-0.00264794845062	-0.00374381782981	0.0576338809579	-0.00768422078276	-0.0121124948917	0.00470095082674
k__Bacteria;p__Firmicutes;c__Clostridia;o__Clostridiales;f__Lachnospiraceae;g__Roseburia;s__Roseburia_intestinalis	-0.0296165051392	0.0115867425232	0.0256687889883	-0.0156634440819	0.0142709841493	-0.00437228799387	0.0035267588231	0.0184881383317	-0.0217777390039	-0.0376475563711	-0.0543176490615	-0.030474252363	0.00455433229498	0.0364396162986	0.0293242833522	-0.00377305644417	0.0605788277908	0.0183330001764	-0.0237494044277	0.0642289231145	0.00232409608933	-0.00853504195338	-0.0413529922267	0.00448476864691	-0.0191427930677	-0.0634405635254	1.0	-0.0932523912706	0.0175597314836	-0.00242245417526	0.00147538905762	-0.095101718096	0.0346777564121	0.0702879322742	0.0996190230593	-0.0246345950456	-0.0457528139861	0.0190557573872	-0.0193123430006	-0.0484336705745	0.020025027479	0.015169384294	-0.0450094091232	0.00302323926907	0.0366501564051	0.0426660932426	-0.0204034518413	0.0343405069204	-0.052707515509	-0.0272868913524	0.00274792315939	0.0586804017059	-0.000984510725892	-0.0351329093743	0.0335327074299	-0.0252171194731	-0.0308061750072	0.0293543065115	-0.0201743855187
k__Bacteria;p__Firmicutes;c__Clostridia;o__Clostridiales;f__Lachnospiraceae;g__Roseburia;s__Roseburia_hominis	0.0417451427747	-0.0592756693625	0.0495605211368	0.066895158888	0.012895384259	0.0222274135488	0.0146998478204	0.0260680530985	-0.0082761490769	-0.0404618506146	-0.0179847735041	-0.0476072696201	-0.0362526130677	0.020018470886	0.00765106296099	0.04901401136	-0.0602236425174	-0.0169595253576	-0.0534868375791	-0.0451262759858	0.0169686171602	-0.0117171541817	0.0906854878478	0.026478789171	0.00520159162143	7.51566245433e-05	-0.0932523912706	1.0	-0.0186951891964	-0.0178713361843	-0.0647407232089	-0.00845130416644	0.0507880512119	-0.035970329856	-0.0396396899847	0.0812319812272	-0.0214436943798	-0.026985911396	0.0393637693452	-0.0352712861977	-0.0515824420342	-0.0296083616582	-0.0127442822579	0.0524936662225	0.00902498733685	0.0507994123358	-0.0157819819105	-0.0389905689171	0.0137089949815	-0.027776912013	0.0160830187659	-0.0278977239692	-0.0201055246727	-0.0425038833013	0.0417278589457	0.0182082743223	-0.0342365998073	-0.0390468970305	-0.0369249255254
k__Bacteria;p__Bacteroidetes;c__Bacteroidia;o__Bacteroidales;f__Porphyromonadaceae;g__Parabacteroides;s__Parabacteroides_johnsonii	-0.00822646246352	-0.0154659284161	0.0336075531641	0.0341551570554	0.0142949032692	-0.0282434160776	0.0118002349082	-0.0796464213101	-0.0167732756137	-0.0318131233298	-0.0638255324834	0.0435704731581	-0.0071818945411	0.0133122868725	0.0224135871703	-0.0236039980405	-0.0125802904333	0.0358973617086	0.00722867437954	-0.0214525611008	0.0194457908233	0.044500924996	0.0166357854873	-0.0134421365861	0.0163429209043	-0.000198254585717	0.0175597314836	-0.0186951891964	1.0	-0.0782846929733	0.0222755564793	-0.0534908225449	-0.00403541950246	-0.0027465082619	-0.00604109251204	-0.00431009652345	0.0349662308544	-0.00319929245199	0.00200629797668	-0.0175971650582	-0.0871503207968	0.0125823925887	0.0467289960834	-0.016297707921	-0.0403182639682	0.017331785493	0.0111475226932	-0.0156959727947	0.0314841507107	-0.0499324535151	-0.0241147333962	0.0462180450996	-0.0493374741742	-0.00934728550573	-0.0248568782475	0.00506805488394	-0.0201510101614	0.00107132115029	0.0692042091804
k__Bacteria;p__Actinobacteria;c__Actinobacteria;o__Bifidobacteriales;f__Bifidobacteriaceae;g__Bifidobacterium;s__Bifidobacterium_longum	-0.0671518776871	-0.0101236638128	0.0465309530196	-0.0317689702064	-0.0161652694666	0.0377847851884	-0.0083645106861	-0.0465052761106	-0.0348575177159	-0.0261512327389	-0.0620476199991	-0.0026047119814	0.00473740802711	-0.0470688975752	-0.0373981197651	0.001269923395	0.0113883968889	0.0236357253746	0.0312556336961	-0.0192395006465	-0.0353469778898	-0.0171617033202	0.0673918882796	0.0409256568397	-0.0452566595561	0.0610997336619	-0.00242245417526	-0.0178713361843	-0.0782846929733	1.0	0.00946498676383	-0.0119421172599	0.0191963512395	-0.0189613880975	-0.0420299744707	-0.032416110353	0.0109140011924	-0.0403497179784	0.025516682373	-0.0183388546989	0.0555218821963	-0.0195689501253	-0.0483771670433	0.060616931282	-0.00513134677354	-0.0277181725935	0.00123784894189	-0.0150354283818	0.0066719955243	-0.0146066012637	0.00996591678413	-0.00838564853945	-0.00428865069008	-0.000869672965439	-0.0496677497446	0.00789998495734	-0.00525205510942	0.00518140664961	0.010774235984
