#taxonomy	k__Bacteria;p__Bacteroidetes;c__Bacteroidia;o__Bacteroidales;f__Bacteroidaceae;g__Bacteroides;s__Bacteroides_vulgatus	k__Bacteria;p__Bacteroidetes;c__Bacteroidia;o__Bacteroidales;f__Bacteroidaceae;g__Bacteroides;s__Bacteroides_uniformis	k__Bacteria;p__Bacteroidetes;c__Bacteroidia;o__Bacteroidales;f__Rikenellaceae;g__Alistipes;s__Alistipes_putredinis	k__Bacteria;p__Bacteroidetes;c__Bacteroidia;o__Bacteroidales;f__Prevotellaceae;g__Prevotella;s__Prevotella_copri	k__Bacteria;p__Bacteroidetes;c__Bacteroidia;o__Bacteroidales;f__Bacteroidaceae;g__Bacteroides;s__Bacteroides_stercoris	k__Bacteria;p__Bacteroidetes;c__Bacteroidia;o__Bacteroidales;f__Bacteroidaceae;g__Bacteroides;s__Bacteroides_ovatus	k__Bacteria;p__Bacteroidetes;c__Bacteroidia;o__Bacteroidales;f__Rikenellaceae;g__Alistipes;s__Alistipes_shahii	k__Bacteria;p__Firmicutes;c__Clostridia;o__Clostridiales;f__Ruminococcaceae;g__Faecalibacterium;s__Faecalibacterium_prausnitzii	k__Bacteria;p__Bacteroidetes;c__Bacteroidia;o__Bacteroidales;f__Rikenellaceae;g__Alistipes;s__Alistipes_finegoldii	k__Bacteria;p__Bacteroidetes;c__Bacteroidia;o__Bacteroidales;f__Porphyromonadaceae;g__Parabacteroides;s__Parabacteroides_distasonis	k__Bacteria;p__Bacteroidetes;c__Bacteroidia;o__Bacteroidales;f__Bacteroidaceae;g__Bacteroides;s__Bacteroides_thetaiotaomicron	k__Bacteria;p__Bacteroidetes;c__Bacteroidia;o__Bacteroidales;f__Bacteroidaceae;g__Bacteroides;s__Bacteroides_coprocola	k__Bacteria;p__Bacteroidetes;c__Bacteroidia;o__Bacteroidales;f__Bacteroidaceae;g__Bacteroides;s__Bacteroides_cellulosilyticus	k__Bacteria;p__Bacteroidetes;c__Bacteroidia;o__Bacteroidales;f__Rikenellaceae;g__Alistipes;s__Alistipes_obesi	k__Bacteria;p__Firmicutes;c__Clostridia;o__Clostridiales;f__Lachnospiraceae;g__;s__[Eubacterium]_rectale	k__Bacteria;p__Bacteroidetes;c__Bacteroidia;o__Bacteroidales;f__Bacteroidaceae;g__Bacteroides;s__Bacteroides_plebeius	k__Bacteria;p__Bacteroidetes;c__Bacteroidia;o__Bacteroidales;f__Bacteroidaceae;g__Bacteroides;s__Bacteroides_fragilis	k__Bacteria;p__Proteobacteria;c__Betaproteobacteria;o__Burkholderiales;f__Sutterellaceae;g__Sutterella;s__Sutterella_wadsworthensis	k__Bacteria;p__Bacteroidetes;c__Bacteroidia;o__Bacteroidales;f__Porphyromonadaceae;g__Barnesiella;s__Barnesiella_intestinihominis	k__Bacteria;p__Bacteroidetes;c__Bacteroidia;o__Bacteroidales;f__Odoribacteraceae;g__Odoribacter;s__Odoribacter_splanchnicus	k__Bacteria;p__Bacteroidetes;c__Bacteroidia;o__Bacteroidales;f__Bacteroidaceae;g__Bacteroides;s__Bacteroides_salyersiae	k__Bacteria;p__Firmicutes;c__Clostridia;o__Clostridiales;f__Ruminococcaceae;g__Ruminiclostridium;s__[Eubacterium]_siraeum	k__Bacteria;p__Proteobacteria;c__Betaproteobacteria;o__Burkholderiales;f__Sutterellaceae;g__Parasutterella;s__Parasutterella_excrementihominis	k__Bacteria;p__Actinobacteria;c__Actinobacteria;o__Bifidobacteriales;f__Bifidobacteriaceae;g__Bifidobacterium;s__Bifidobacterium_adolescentis	k__Bacteria;p__Firmicutes;c__Clostridia;o__Clostridiales;f__Oscillospiraceae;g__Oscillibacter;s__Oscillibacter_sp._KLE_1745	k__Bacteria;p__Bacteroidetes;c__Bacteroidia;o__Bacteroidales;f__Bacteroidaceae;g__Bacteroides;s__Bacteroides_coprophilus	k__Bacteria;p__Firmicutes;c__Clostridia;o__Clostridiales;f__Lachnospiraceae;g__Roseburia;s__Roseburia_intestinalis	k__Bacteria;p__Firmicutes;c__Clostridia;o__Clostridiales;f__Lachnospiraceae;g__Roseburia;s__Roseburia_hominis	k__Bacteria;p__Bacteroidetes;c__Bacteroidia;o__Bacteroidales;f__Porphyromonadaceae;g__Parabacteroides;s__Parabacteroides_johnsonii	k__Bacteria;p__Actinobacteria;c__Actinobacteria;o__Bifidobacteriales;f__Bifidobacteriaceae;g__Bifidobacterium;s__Bifidobacterium_longum	k__Bacteria;p__Firmicutes;c__Clostridia;o__Clostridiales;f__;g__Flavonifractor;s__Flavonifractor_plautii	k__Bacteria;p__Firmicutes;c__Clostridia;o__Clostridiales;f__Clostridiaceae;g__Clostridium;s__Clostridium_phoceensis	k__Bacteria;p__Verrucomicrobia;c__Verrucomicrobiae;o__Verrucomicrobiales;f__Akkermansiaceae;g__Akkermansia;s__Akkermansia_muciniphila	k__Bacteria;p__Bacteroidetes;c__Bacteroidia;o__Bacteroidales;f__Prevotellaceae;g__Paraprevotella;s__Paraprevotella_xylaniphila	k__Bacteria;p__Firmicutes;c__Clostridia;o__Clostridiales;f__Ruminococcaceae;g__Ruminococcus;s__Ruminococcus_callidus	k__Bacteria;p__Bacteroidetes;c__Bacteroidia;o__Bacteroidales;f__Rikenellaceae;g__Alistipes;s__Alistipes_senegalensis	k__Bacteria;p__Firmicutes;c__Clostridia;o__Clostridiales;f__Lachnospiraceae;g__Blautia;s__Blautia_sp._KLE_1732	k__Bacteria;p__Bacteroidetes;c__Bacteroidia;o__Bacteroidales;f__Bacteroidaceae;g__Bacteroides;s__Bacteroides_oleiciplenus	k__Bacteria;p__Firmicutes;c__Clostridia;o__Clostridiales;f__Ruminococcaceae;g__Ruminococcus;s__Ruminococcus_bicirculans	k__Bacteria;p__Bacteroidetes;c__Bacteroidia;o__Bacteroidales;f__Bacteroidaceae;g__Bacteroides;s__Bacteroides_fluxus	k__Bacteria;p__Bacteroidetes;c__Bacteroidia;o__Bacteroidales;f__Prevotellaceae;g__Prevotella;s__Prevotella_stercorea	k__Bacteria;p__Firmicutes;c__Clostridia;o__Clostridiales;f__Lachnospiraceae;g__Dorea;s__Dorea_longicatena	k__Bacteria;p__Firmicutes;c__Clostridia;o__Clostridiales;f__Eubacteriaceae;g__Eubacterium;s__[Eubacterium]_eligens	k__Bacteria;p__Firmicutes;c__Clostridia;o__Clostridiales;f__Ruminococcaceae;g__;s__Ruminococcaceae_bacterium_D16	k__Bacteria;p__Firmicutes;c__Clostridia;o__Clostridiales;f__Lachnospiraceae;g__Coprococcus;s__Coprococcus_comes	k__Bacteria;p__Proteobacteria;c__Gammaproteobacteria;o__Enterobacterales;f__Enterobacteriaceae;g__Escherichia;s__Escherichia_coli	k__Bacteria;p__Firmicutes;c__Clostridia;o__Clostridiales;f__Ruminococcaceae;g__Anaerotruncus;s__Anaerotruncus_colihominis	k__Bacteria;p__Firmicutes;c__Clostridia;o__Clostridiales;f__Lachnospiraceae;g__Blautia;s__Blautia_obeum	k__Bacteria;p__Bacteroidetes;c__Bacteroidia;o__Bacteroidales;f__Odoribacteraceae;g__Odoribacter;s__Odoribacter_laneus	k__Bacteria;p__Firmicutes;c__Clostridia;o__Clostridiales;f__Ruminococcaceae;g__Ruminiclostridium;s__[Clostridium]_leptum	k__Bacteria;p__Bacteroidetes;c__Bacteroidia;o__Bacteroidales;f__Porphyromonadaceae;g__Parabacteroides;s__Parabacteroides_goldsteinii	k__Bacteria;p__Firmicutes;c__Clostridia;o__Clostridiales;f__Lachnospiraceae;g__Anaerostipes;s__Anaerostipes_hadrus	k__Bacteria;p__Firmicutes;c__Clostridia;o__Clostridiales;f__Ruminococcaceae;g__Ruminococcus;s__Ruminococcus_lactaris	k__Bacteria;p__Firmicutes;c__Clostridia;o__Clostridiales;f__Clostridiaceae;g__Clostridium;s__Clostridium_sp._L2-50	k__Bacteria;p__Firmicutes;c__Clostridia;o__Clostridiales;f__Clostridiaceae;g__Clostridium;s__Clostridium_sp._M62/1	k__Bacteria;p__Firmicutes;c__Clostridia;o__Clostridiales;f__;g__Intestinimonas;s__Intestinimonas_butyriciproducens	k__Bacteria;p__Actinobacteria;c__Actinobacteria;o__Bifidobacteriales;f__Bifidobacteriaceae;g__Bifidobacterium;s__Bifidobacterium_bifidum	k__Bacteria;p__Firmicutes;c__Negativicutes;o__Veillonellales;f__Veillonellaceae;g__Dialister;s__Dialister_invisus	k__Bacteria;p__Bacteroidetes;c__Bacteroidia;o__Bacteroidales;f__Bacteroidaceae;g__Bacteroides;s__Bacteroides_salanitronis
k__Bacteria;p__Bacteroidetes;c__Bacteroidia;o__Bacteroidales;f__Bacteroidaceae;g__Bacteroides;s__Bacteroides_vulgatus	1.0	-0.000142500327551	0.0447897543263	-0.00685198488303	-0.056339730217	-0.00370362780726	-0.0420681910499	-0.0126779613966	-0.0234121746616	0.0441393912624	0.0112565380667	-0.0187226225909	-0.0563729580482	-0.00211575529604	-0.0433494809198	0.0264337891807	-0.0441321344567	-0.103720577388	-0.0417790448263	0.0300599807256	0.057814218246	0.0243371530811	0.00813456213391	0.00172960408804	-0.016792896349	0.0296640055398	0.0480114053492	-0.0215074303144	-0.0204276326655	-0.0650064013906	-0.0135900895606	-0.0212941734546	-0.0228851789354	0.00207378653728	0.00961983241924	-0.0235238467012	0.0168604899388	0.0594856970058	-0.0255190991561	-0.0125327731873	0.0179436591949	-0.0486484257066	-0.00927446771616	0.0119346357054	-0.0151739673375	-0.0548123265468	-0.0777624223606	-0.0497984224917	0.0138921761298	-0.00588264781285	-0.0360401497356	0.0375139546134	-0.00941744375444	0.0362356504752	0.00764429681009	0.0168033527947	0.0504607409715	-0.022783367725	0.0445132201983
k__Bacteria;p__Bacteroidetes;c__Bacteroidia;o__Bacteroidales;f__Bacteroidaceae;g__Bacteroides;s__Bacteroides_uniformis	-0.000142500327551	1.0	-0.0171380129123	0.0213669254634	-0.0619680772013	0.0110760430828	0.0126850607552	0.069531565003	0.000439994435059	-0.0599674645206	-0.024166969546	-0.00570443453898	-0.0465075697593	-0.00558981997397	-0.0434583078032	0.000557216782997	-0.0159109544656	-0.0318146832635	-0.0114808869101	-0.0378863400758	-0.0324853471597	-0.0328967519857	-0.0425762861847	-0.0512400099782	0.0042878967075	0.0362816046097	0.0211738302506	0.00896325944425	0.042572703516	-0.0507902031442	-0.0304472756746	0.0296747537438	0.00400284771289	0.0555599464045	-0.0109806874036	0.0271820228169	-0.0163376012859	0.0158147047523	0.046705294244	-0.120831576906	-0.074604198751	0.0264966879906	-0.0208655928501	0.0390938038818	0.00433775354362	-0.022004807997	-0.0299732923369	0.0259560126603	0.0424888861147	0.000562582916434	-0.0491875753574	0.0611949743617	0.0120348790776	-0.0118314870928	-0.0635552131202	0.000969861726244	-0.0179457980841	0.00990373312975	-0.0466688117598
k__Bacteria;p__Bacteroidetes;c__Bacteroidia;o__Bacteroidales;f__Rikenellaceae;g__Alistipes;s__Alistipes_putredinis	0.0447897543263	-0.0171380129123	1.0	0.0471703144338	0.00680768605347	0.0162728520515	-0.0100578100393	0.00829914288344	0.0226214798976	-0.0208668934665	0.023336699771	0.0592065216528	-0.0399580161671	-0.000305449036883	0.0253584220359	0.0123719511182	0.0021325065842	0.0141271718127	0.00743065675842	0.0272513130547	0.0174624396773	-0.0619001171137	-0.0117184446346	-0.0174144986954	-0.000377158389878	0.00369990698239	0.0385292958748	-0.0365587453646	-0.00753100483165	0.0358564484704	-0.065442633452	-0.0453782706147	-0.0500462975554	-0.0207946928653	-0.0373888061438	-0.00846101040596	0.000300652663563	0.0181613030273	-0.0729282132576	0.00162564533588	0.0312512548679	-0.0503597037307	-0.0116885256205	-0.00514591801551	-5.66807261072e-05	-0.038330244268	0.0736375353235	0.0154314331158	-0.0126818676228	-0.0272907772073	-0.0265029423704	-0.0152097042847	0.0114247450025	0.00495869620434	0.0467586046681	-0.0666728068223	-0.0335638380375	-0.0279404513511	0.0630160534332
k__Bacteria;p__Bacteroidetes;c__Bacteroidia;o__Bacteroidales;f__Prevotellaceae;g__Prevotella;s__Prevotella_copri	-0.00685198488303	0.0213669254634	0.0471703144338	1.0	0.00760130115776	0.00774984973386	0.032391253444	0.00533967715909	-0.0535927204392	-0.0716031024488	0.012459841657	-0.0344079852145	-0.071158989274	0.0124804761837	-0.0699719648371	-0.00330425666153	0.01636304382	-0.0390322231644	-0.054335181482	-0.022009351896	-0.0237852791117	-0.0345721118615	-0.00200896181582	-0.0331799082777	-0.00937789157408	0.0411293522905	0.00549225419837	0.0271358883817	0.0135386029026	0.0325344908477	0.0535829395217	-0.035784819863	-0.0238995786135	0.0405836708357	-0.0103486593325	0.0177401303054	0.0146149094715	-0.0881907815161	0.01532675178	-0.045990154933	-0.0568739756633	-0.00300267662199	-0.0379825485326	-0.0597810856226	-0.00479790224645	-0.0227236157011	0.0361551446056	-0.0579181470033	0.0223112189655	0.0105879726121	-0.0107762255594	0.00928416346101	0.0629608700232	0.0584697838305	-0.070867976161	0.0168630090385	-0.0308439972221	-0.00681682504076	0.0585210308429
k__Bacteria;p__Bacteroidetes;c__Bacteroidia;o__Bacteroidales;f__Bacteroidaceae;g__Bacteroides;s__Bacteroides_stercoris	-0.056339730217	-0.0619680772013	0.00680768605347	0.00760130115776	1.0	-0.0444268312105	-0.0399579258318	-0.0692321976633	-0.0371895827095	0.0117106725412	-0.0237027028162	-0.0205147534796	0.00339276351019	-0.0416075809257	0.028626560157	0.0386308869526	-0.00564397797421	0.026780069953	-0.0315181992045	0.0247794067483	-0.0344295016783	-0.0344259575508	0.0346301634695	-0.0236741641803	-0.00872423507914	-0.0561882501059	0.0370054108282	0.0146645770917	0.0153588202754	-0.032344301742	-0.0132763150551	-0.0203428869939	-0.0525083649432	-0.0175325296885	-0.0371497635598	-0.0167378489543	-0.0345843532445	-0.0267051346416	0.0285149649916	-0.0215210258255	0.0183996678424	-0.0394312558987	-0.00789874123043	0.0280585352524	0.00083012445406	-0.0136254513271	0.0464338140388	0.0165613526079	0.044137576429	-0.010593308511	-0.00729029853965	-0.024978791315	-0.0365545083042	0.00112857135855	0.0183327225763	-0.0607451746945	-0.0486776442179	0.0263162467022	0.0724663251063
k__Bacteria;p__Bacteroidetes;c__Bacteroidia;o__Bacteroidales;f__Bacteroidaceae;g__Bacteroides;s__Bacteroides_ovatus	-0.00370362780726	0.0110760430828	0.0162728520515	0.00774984973386	-0.0444268312105	1.0	-0.0485207238675	0.00286530486552	-0.0375318433167	-0.0457157730673	-0.0699316368727	0.117498835904	0.0281389965944	-0.00418598087079	-0.0165377975443	-0.0181839410535	0.0136709447062	0.0104598655751	0.0156917160029	0.0271974676665	0.0535410195837	-0.0363282822099	0.0504424627977	-0.0109214699247	0.00132820354322	-0.000978258737685	0.0157200983968	-0.0124593918024	-0.0217249157301	-0.00305433774051	0.0282567182386	0.0188832420539	0.0258193369657	-0.00553366947046	-0.0182868180118	0.00643350365119	-0.0153874000705	-0.0794432018349	-0.0442089417288	-0.0421803060879	0.0297957949228	-0.071462743866	-0.0317258780852	-0.0469345874585	0.0190789416253	-0.0894791656371	-0.00297651670555	0.0156547018819	0.0637417836008	-0.0188780246396	-0.0409283638054	-0.0753207585899	0.0123160313376	-0.00991739392716	0.0349183886687	0.0139034915087	0.00609626289432	0.00693712628105	-0.0612930327659
k__Bacteria;p__Bacteroidetes;c__Bacteroidia;o__Bacteroidales;f__Rikenellaceae;g__Alistipes;s__Alistipes_shahii	-0.0420681910499	0.0126850607552	-0.0100578100393	0.032391253444	-0.0399579258318	-0.0485207238675	1.0	-0.0607500273231	-0.0644590873523	-0.0241536312998	0.035005690749	-0.0248729009894	0.00836379273004	0.0326817154043	0.0102688122925	-0.047380299609	-0.0461525852806	0.00466969671428	0.0480540570479	0.0340088082436	-0.0204393847044	-0.0466880842123	-0.0380313829095	0.0546217766381	-0.0294648938756	-0.0917881668778	-0.0343468185372	-0.00594511882915	0.0284799148499	-0.0625218459109	0.00397466574254	0.0347457824351	-0.019006521114	0.0505397679505	0.034457515149	0.003209491845	-0.0734625940348	0.0107815592463	-0.018965474485	-0.0347838613836	0.0442594741659	0.00583593383486	-0.0203414835716	-0.0167260375769	0.00749440297398	0.0139132499663	-0.0122501210867	0.0432559819035	-0.00877094097031	-0.0559511725976	-0.0281695490738	-0.0138363394834	-0.0608558162459	-0.0439589939558	-0.0163193283605	-0.0061660761927	0.0340068383699	0.0240006762555	-0.0338216646855
k__Bacteria;p__Firmicutes;c__Clostridia;o__Clostridiales;f__Ruminococcaceae;g__Faecalibacterium;s__Faecalibacterium_prausnitzii	-0.0126779613966	0.069531565003	0.00829914288344	0.00533967715909	-0.0692321976633	0.00286530486552	-0.0607500273231	1.0	-0.0109393461234	-0.0758898924291	-0.0330085459337	-0.0387714106426	0.0111415961229	0.00950772118364	-0.0149774959395	0.0166945384163	-0.00518203992749	-0.0267862846494	0.0141761283413	-0.0222517512657	-0.0390231884342	0.0322402569207	-0.0256703419617	-0.03475718764	-0.0208596790776	-0.0346680964828	0.0167624087588	-0.00209941011845	0.0431530749377	-0.00705276245032	-0.0222423589186	0.00222527567513	0.0143643593184	0.0893238214851	-0.0141763639641	0.0269980417623	0.0562339341643	-0.0226849047158	0.00600189783721	0.0245359336031	0.0323321265958	0.0118703373349	-0.00508336203831	-0.0150933696842	0.0369588634255	0.0183599849462	-0.0736951741092	0.0499503519208	0.00649829597345	0.0567745085742	-0.0312512357733	-0.0627024911784	-0.00373497879479	0.0112299086798	-0.026110468249	-0.0304406054915	0.00298482412305	0.000703674983891	-0.0519156484247
k__Bacteria;p__Bacteroidetes;c__Bacteroidia;o__Bacteroidales;f__Rikenellaceae;g__Alistipes;s__Alistipes_finegoldii	-0.0234121746616	0.000439994435059	0.0226214798976	-0.0535927204392	-0.0371895827095	-0.0375318433167	-0.0644590873523	-0.0109393461234	1.0	-0.0122145961813	-0.109604245796	0.0061780421589	0.0177240181987	-0.0815598279756	0.0666989564989	-0.00744438623158	-0.0203930830198	-0.037120783347	0.0336536248845	-0.0198307355483	-0.0248284665244	-0.0141554569851	0.0152778008573	-0.0587907501395	0.00608895152316	-0.00205234305794	-0.0230645792037	-0.036438877698	-0.017526401654	0.0282652124413	-0.0878432398518	0.0290633244647	0.0309621623978	-0.063495131075	-0.0199188767013	-0.0268111948223	0.000226989991845	0.0261902051046	-0.0400100994098	-0.0291061690649	0.033886540494	0.0111830420824	0.00488201440507	-0.0495496711994	-0.0115332500169	0.0146484270741	-0.0311428973537	-0.0295375419611	-0.0488719295358	-0.025571981946	0.0136102833832	0.0126655296361	-0.00954545041729	0.0926744081662	-7.45643666753e-05	0.0435371912927	0.0215808216137	-0.0144536391824	0.00741157295376
k__Bacteria;p__Bacteroidetes;c__Bacteroidia;o__Bacteroidales;f__Porphyromonadaceae;g__Parabacteroides;s__Parabacteroides_distasonis	0.0441393912624	-0.0599674645206	-0.0208668934665	-0.0716031024488	0.0117106725412	-0.0457157730673	-0.0241536312998	-0.0758898924291	-0.0122145961813	1.0	0.0357577709703	-0.000624475636274	-0.0118943368711	-0.0206481708218	-0.0104518385655	-0.0101000311295	-0.0547440207101	0.0403522576847	-0.0444419132489	-0.0464474817113	-0.0165681528452	-0.0327160260496	-0.0135903995486	0.0383628249376	0.00114110648543	0.0253332106194	-0.0193862904087	-0.0198262954743	-0.038993615159	0.0514449935969	-0.0359678040599	-0.0668796839409	0.0156679337548	0.00454738356805	-0.0110774641609	0.0113831226643	0.0137831682079	-0.0281702762535	-0.0243510959289	0.00419625839488	0.0445530365419	-0.0531925325556	0.042090116631	0.00407016369008	0.0387352528781	0.0112317237365	-0.00252537640118	0.0191001534081	0.0158941386163	-0.0688144637261	-0.0372222022311	0.0214903679789	0.0132286975885	0.0636572078273	-0.0120468943679	0.0333847260895	-0.0584224117081	0.0922494307239	-0.00125452801713
k__Bacteria;p__Bacteroidetes;c__Bacteroidia;o__Bacteroidales;f__Bacteroidaceae;g__Bacteroides;s__Bacteroides_thetaiotaomicron	0.0112565380667	-0.024166969546	0.023336699771	0.012459841657	-0.0237027028162	-0.0699316368727	0.035005690749	-0.0330085459337	-0.109604245796	0.0357577709703	1.0	0.00529469791418	0.00138457978657	0.00602502080128	-0.0497312670159	0.0308161843471	0.085252604239	-0.0135806714903	0.0126424909083	0.0140408728601	-0.0343306070426	-0.0166845564865	-0.0470187924777	0.00903203242638	-0.00161699508807	-0.0594375443911	-0.0558570784975	-0.0283466043413	-0.0226273539937	-0.0157768131669	-0.0278648882114	-0.0136088533185	-0.069252830788	0.00173719011936	-0.0399109399929	-0.0224301511961	0.0283241561751	-0.00763657729672	-0.000513582512316	0.0542233612674	-0.0365032127389	0.00893508757525	-0.0284762668826	0.0269192435187	-0.0225965385735	-0.0387628628474	-0.00945850033065	0.0769983124267	-0.0392131627918	0.0272403801073	-0.0402656867569	-0.0552744971912	-0.00581790287481	0.00857683365679	0.0468783745262	0.00667390608382	0.0409091172023	0.0437934829379	0.0433014004664
k__Bacteria;p__Bacteroidetes;c__Bacteroidia;o__Bacteroidales;f__Bacteroidaceae;g__Bacteroides;s__Bacteroides_coprocola	-0.0187226225909	-0.00570443453898	0.0592065216528	-0.0344079852145	-0.0205147534796	0.117498835904	-0.0248729009894	-0.0387714106426	0.0061780421589	-0.000624475636274	0.00529469791418	1.0	-0.00828320393942	-0.0102383790922	-0.0315520538886	0.000965983922439	-0.0585502875813	-0.0156421084179	-0.0302076010687	-0.0183637065326	-0.0237157912664	-0.0404015499533	-0.0296254098575	0.0319909593522	-0.0263569215213	-0.0197811024879	-0.0152278192408	-0.00582877425992	0.0265113036234	-0.0379583500112	-0.0544145197208	0.0143580573312	-0.0155746822666	-0.0262206468549	0.0437630286345	0.00664347895066	-0.0822673902824	0.00222507680195	-0.0177517736056	0.0569397808734	-0.000501931325191	-0.0474536924497	0.0452556973319	0.0302233054319	-0.08466959338	0.0164956364491	0.000838225589122	0.0278370805845	0.0278530847236	-0.00370371024711	-0.0617301441298	0.0250074370121	0.00874189966999	-0.0142125663911	0.0234824589319	-0.0195373021695	-0.0224084736666	-0.00391654456586	-0.00753624856978
k__Bacteria;p__Bacteroidetes;c__Bacteroidia;o__Bacteroidales;f__Bacteroidaceae;g__Bacteroides;s__Bacteroides_cellulosilyticus	-0.0563729580482	-0.0465075697593	-0.0399580161671	-0.071158989274	0.00339276351019	0.0281389965944	0.00836379273004	0.0111415961229	0.0177240181987	-0.0118943368711	0.00138457978657	-0.00828320393942	1.0	-0.00485210104277	-0.0265778936416	-0.0525635647081	-0.0395592100318	-0.0278149601786	0.0577835927052	0.0553600675559	-0.014724121388	-0.0114419918377	0.0208635018929	-0.0470257160109	0.0651188676903	-0.0245546996872	-0.0679614328236	-0.00422054211415	0.0395034777472	-0.0046893724256	-0.00451042706546	0.0910971303615	-0.0258777833156	0.0483720858648	-0.0461007010173	-0.0969515416532	-4.57900750548e-05	0.0281067551203	-0.0116493225495	-0.0293248672429	0.010769631523	-0.0139773651611	-0.0330237682464	0.0138585264334	0.00298199409058	-0.0156199114229	-0.0717449849164	0.0403651405689	-0.000163274673023	-0.0279585312441	0.0187170249057	-0.0173130573889	0.0352157615434	-0.00965179833612	-0.012740113601	-0.0244456553596	-0.0598968696413	-0.0779970391253	0.0081810905566
k__Bacteria;p__Bacteroidetes;c__Bacteroidia;o__Bacteroidales;f__Rikenellaceae;g__Alistipes;s__Alistipes_obesi	-0.00211575529604	-0.00558981997397	-0.000305449036883	0.0124804761837	-0.0416075809257	-0.00418598087079	0.0326817154043	0.00950772118364	-0.0815598279756	-0.0206481708218	0.00602502080128	-0.0102383790922	-0.00485210104277	1.0	-0.0158868090601	-0.0649917869104	-0.000460773594496	-0.0466680548747	-0.0256384803058	-0.0615200164943	-0.00601798830884	0.052230269534	-0.022261433503	-0.115227749787	0.00435706309317	-0.0469762632629	-0.013077862316	-0.0247613398375	-0.0329543765323	-0.0382195715082	0.00118077618112	-0.00333764891231	-0.0887230549022	-0.0262888967639	-0.0564439734797	0.0267262625746	-0.0391010531388	-0.0129748755139	0.00178576872231	-0.030246353952	-0.0302282992955	-0.00961423359036	0.00161444961725	0.0164533689998	-0.0182557636044	-0.0173275722901	0.0199652719892	0.0130208459346	0.0497174964687	-0.0363719039141	-0.05544415747	0.0102376701296	-0.00506853476442	-0.0225098910965	0.0410471057825	0.0309757948929	0.010992646732	0.00371638843115	0.0151491769433
k__Bacteria;p__Firmicutes;c__Clostridia;o__Clostridiales;f__Lachnospiraceae;g__;s__[Eubacterium]_rectale	-0.0433494809198	-0.0434583078032	0.0253584220359	-0.0699719648371	0.028626560157	-0.0165377975443	0.0102688122925	-0.0149774959395	0.0666989564989	-0.0104518385655	-0.0497312670159	-0.0315520538886	-0.0265778936416	-0.0158868090601	1.0	0.0275934310467	-0.0146162534698	-0.018400270783	0.00688489409488	-0.014153745978	-0.0160660245545	0.0349914439652	-0.0200925378525	-0.0871088535116	0.0508948127587	-0.00386058028938	0.0237318931314	-0.0235079251604	-0.0170623378997	-0.0047775535679	0.0017104595795	-0.0413114307281	0.000719464150448	-0.042716805503	0.0253198226873	0.0222613386523	-0.0247521135639	-0.0229414175104	0.000800303399998	0.0188604546814	-0.0161507357041	-0.0184631856876	0.0618862116791	-0.030034893579	-0.0121514466019	-0.0342200588388	-0.0429061077778	-0.00731496250131	-0.00678393806385	0.0211311868522	0.000890125003872	0.0153543468943	0.0125374529112	-0.0581775521984	-0.0285096515466	0.0412151891793	-0.0247530759217	-0.0042393622858	-0.0497292007406
k__Bacteria;p__Bacteroidetes;c__Bacteroidia;o__Bacteroidales;f__Bacteroidaceae;g__Bacteroides;s__Bacteroides_plebeius	0.0264337891807	0.000557216782997	0.0123719511182	-0.00330425666153	0.0386308869526	-0.0181839410535	-0.047380299609	0.0166945384163	-0.00744438623158	-0.0101000311295	0.0308161843471	0.000965983922439	-0.0525635647081	-0.0649917869104	0.0275934310467	1.0	-0.0105451625989	-0.073796268726	-0.0305048225057	-0.0111815833865	-0.0420821921967	-0.0299660221591	-0.0016518574462	0.0400257381043	0.0358786439681	0.03665050841	0.010571555276	-0.0146086195964	-0.00876592254437	-0.0134973817404	0.0171015609464	-0.0429190504381	-0.0447456121128	0.0086733744299	-0.00548797106679	-0.0829099851184	-0.000708019237128	-0.052908879383	-0.0188803068631	0.0550206824418	0.00918207509234	-0.00476767365857	-0.0317650012994	-0.0234513508321	-0.00700125040158	-0.0288428414363	0.0166152476279	0.00342522817095	0.0761583359888	-0.0242463586012	-0.0293195724962	-0.03010668937	0.0369964059293	-0.0742900557325	-0.0256160961898	-0.00867237469634	-0.0293610458619	-0.0119478110572	-0.0549659755404
k__Bacteria;p__Bacteroidetes;c__Bacteroidia;o__Bacteroidales;f__Bacteroidaceae;g__Bacteroides;s__Bacteroides_fragilis	-0.0441321344567	-0.0159109544656	0.0021325065842	0.01636304382	-0.00564397797421	0.0136709447062	-0.0461525852806	-0.00518203992749	-0.0203930830198	-0.0547440207101	0.085252604239	-0.0585502875813	-0.0395592100318	-0.000460773594496	-0.0146162534698	-0.0105451625989	1.0	0.0381967414931	0.0586779261016	0.00634782371466	-0.0620218204846	-0.0483212944048	-0.00372191126843	0.0253389102057	0.00560963069218	0.028322272049	0.00834502040147	0.012049270449	0.00767416828889	0.00284440275812	-0.0558258022173	-0.0481631468598	0.0362368755297	-0.0188097840051	-0.0058965962604	-0.0260511412571	-0.0165225982826	-0.0657943145295	0.0239958967933	0.0294091008312	-0.00537489641819	0.000840269082075	-0.00492744170309	-0.00476755968627	-0.0457888171191	0.0196249178254	0.0345459829651	-0.0105705984745	0.0174875851618	0.0280489505447	-0.0182716535285	0.0803830102992	-0.00482205370557	0.0726224013817	-0.0604832096466	0.0316260968064	0.00385064096147	0.00715514994731	-0.0200366263505
k__Bacteria;p__Proteobacteria;c__Betaproteobacteria;o__Burkholderiales;f__Sutterellaceae;g__Sutterella;s__Sutterella_wadsworthensis	-0.103720577388	-0.0318146832635	0.0141271718127	-0.0390322231644	0.026780069953	0.0104598655751	0.00466969671428	-0.0267862846494	-0.037120783347	0.0403522576847	-0.0135806714903	-0.0156421084179	-0.0278149601786	-0.0466680548747	-0.018400270783	-0.073796268726	0.0381967414931	1.0	0.0214419290269	-0.0236885805126	-0.0260327209646	-0.019518776428	-0.037190243283	-0.0221956291654	0.0327498748057	-0.0176717088802	-0.0366332235676	0.0349367868209	-0.00200368330001	-0.0151135838097	-0.0217338368562	0.0192417787823	-0.0165414022522	-0.0870206851783	-0.0284433083939	0.011199314833	-0.0131259216536	-0.0687291938387	0.0129397237449	-0.0513629566884	-0.0317193923259	-0.0318289744209	0.0466880838225	-0.0154128460961	0.028100492628	-0.0269363469512	-0.0535481184219	-0.00848838405337	0.00259033171725	0.0491687099927	0.0212256043125	-0.0337208541286	-0.02160898773	-0.0110731830711	-0.0163932159096	0.0595372216322	-0.0181262243087	0.0751901865067	0.0347697129074
k__Bacteria;p__Bacteroidetes;c__Bacteroidia;o__Bacteroidales;f__Porphyromonadaceae;g__Barnesiella;s__Barnesiella_intestinihominis	-0.0417790448263	-0.0114808869101	0.00743065675842	-0.054335181482	-0.0315181992045	0.0156917160029	0.0480540570479	0.0141761283413	0.0336536248845	-0.0444419132489	0.0126424909083	-0.0302076010687	0.0577835927052	-0.0256384803058	0.00688489409488	-0.0305048225057	0.0586779261016	0.0214419290269	1.0	0.0282116810699	0.0161633479958	-0.0328623415521	0.0523817778646	-0.000231532521925	0.0265781783317	-0.0142274199821	0.0011485863337	-0.0348838684899	-0.067089117716	-0.0177876500194	-0.0503522698298	-0.050471046158	0.0732398224574	-0.000460084135028	-0.0343503206437	-0.00931895505902	0.0322433471995	0.025503278899	-0.0639751921895	-0.0412232068273	-0.0220708051288	-0.044584929546	-0.0137828474828	0.00135041513469	0.057830112708	-0.0241304157511	-0.0540866979992	0.0189206387168	-0.0670235661705	0.0108614550723	-0.0177540681568	-0.0306284492415	-0.0814354408975	-0.0258190818808	-0.00110924833507	0.00708309329909	-0.0186350292509	0.0140096462133	-0.0541193563744
k__Bacteria;p__Bacteroidetes;c__Bacteroidia;o__Bacteroidales;f__Odoribacteraceae;g__Odoribacter;s__Odoribacter_splanchnicus	0.0300599807256	-0.0378863400758	0.0272513130547	-0.022009351896	0.0247794067483	0.0271974676665	0.0340088082436	-0.0222517512657	-0.0198307355483	-0.0464474817113	0.0140408728601	-0.0183637065326	0.0553600675559	-0.0615200164943	-0.014153745978	-0.0111815833865	0.00634782371466	-0.0236885805126	0.0282116810699	1.0	0.026985338156	-0.0127649733089	-0.0468404680513	-0.00512176552318	0.0306973998696	-0.0319619345521	-0.0371805626787	-0.068542837292	0.0806937104201	-0.0540226506166	0.0530173825454	0.0167088918578	0.0098576400011	0.0351518603219	0.0035619672961	-0.0559316724755	-0.00192164619745	-0.010249806191	0.0828709666117	0.0006033840694	-0.0125891472105	-0.0560888016509	-0.0278284905589	-0.00506585749929	-0.0688731530707	0.0385202721353	-0.0394024843885	0.0217552022785	-0.00643868169968	0.0233134838055	0.00792522058971	-0.0254170876647	-0.0558945114071	-0.0165844285781	0.0338230022363	-0.0416953485965	-0.0319404676145	-0.0192989775819	-0.0572561078316
k__Bacteria;p__Bacteroidetes;c__Bacteroidia;o__Bacteroidales;f__Bacteroidaceae;g__Bacteroides;s__Bacteroides_salyersiae	0.057814218246	-0.0324853471597	0.0174624396773	-0.0237852791117	-0.0344295016783	0.0535410195837	-0.0204393847044	-0.0390231884342	-0.0248284665244	-0.0165681528452	-0.0343306070426	-0.0237157912664	-0.014724121388	-0.00601798830884	-0.0160660245545	-0.0420821921967	-0.0620218204846	-0.0260327209646	0.0161633479958	0.026985338156	1.0	0.0508614880067	-0.036087934856	-0.036857137819	-0.0203190676696	-0.0110485883873	-0.00196426959035	-0.0136569748564	-0.0345301767505	0.00682122043799	-0.104048715615	-0.0372275134161	0.0164877858831	0.00332657605456	0.0701291767274	-0.0316617709064	0.0379514134294	-0.0157485488607	-0.0154971113365	0.0343804060591	0.0229969312612	-0.0227496456687	0.00733961380925	0.0401208236184	0.00463003320278	0.0164386326765	0.0412497781165	0.0168563241197	-0.0259711108791	0.00621752212885	0.0491405091181	0.0795738630532	-0.0276229921312	-0.0179800524497	-0.00905347606492	-0.000741107869838	-0.0285213067418	-0.0422104490739	-0.0190632577528
k__Bacteria;p__Firmicutes;c__Clostridia;o__Clostridiales;f__Ruminococcaceae;g__Ruminiclostridium;s__[Eubacterium]_siraeum	0.0243371530811	-0.0328967519857	-0.0619001171137	-0.0345721118615	-0.0344259575508	-0.0363282822099	-0.0466880842123	0.0322402569207	-0.0141554569851	-0.0327160260496	-0.0166845564865	-0.0404015499533	-0.0114419918377	0.052230269534	0.0349914439652	-0.0299660221591	-0.0483212944048	-0.019518776428	-0.0328623415521	-0.0127649733089	0.0508614880067	1.0	0.0153505557841	-4.2450276396e-05	-0.0349608422738	-0.0334295719826	-0.024686503788	0.0257765412885	0.0190444117666	-0.0478540187963	0.0129498996619	0.04652055345	0.00817356586537	-0.00463365941214	0.0375304142074	-0.0153219432631	-0.111521057291	0.0169612877804	-0.0489090188197	0.0232451809344	0.0253498022911	0.0164773238049	-0.0530611232582	-0.0159489967316	0.0671179622377	-0.0300256358808	-0.0518515207004	-0.0412203828844	0.0145405580146	-0.041083653895	0.0169609826296	0.0306541295603	-0.0586649642995	0.0174750972184	-0.0472457130683	-0.0236465072837	0.0230858859123	-0.056853493174	0.000304124879364
k__Bacteria;p__Proteobacteria;c__Betaproteobacteria;o__Burkholderiales;f__Sutterellaceae;g__Parasutterella;s__Parasutterella_excrementihominis	0.00813456213391	-0.0425762861847	-0.0117184446346	-0.00200896181582	0.0346301634695	0.0504424627977	-0.0380313829095	-0.0256703419617	0.0152778008573	-0.0135903995486	-0.0470187924777	-0.0296254098575	0.0208635018929	-0.022261433503	-0.0200925378525	-0.0016518574462	-0.00372191126843	-0.037190243283	0.0523817778646	-0.0468404680513	-0.036087934856	0.0153505557841	1.0	-0.0272889708931	-0.0234723126426	0.000983422464555	-0.00597946439747	0.00564508130202	0.0645419064505	-0.00479592086348	0.00375949079875	0.0400796009498	0.0783919385251	-0.0402332247532	-0.0173780455224	-0.00145160586196	0.0264211591032	-0.0511990729828	-0.000393023865471	-0.048933197646	-0.000364419023935	0.00640095025925	0.0129029747889	-0.0164744037394	-0.0835677482682	-0.00628760465226	-0.013426635558	0.00210252346941	-0.035057195726	0.0261147811332	-0.0195943098906	1.49514682181e-05	0.0249563126061	-0.0311648081999	-0.0533566897838	-0.0872188105344	-0.00822703165735	-0.0507340942666	-0.00232193530548
k__Bacteria;p__Actinobacteria;c__Actinobacteria;o__Bifidobacteriales;f__Bifidobacteriaceae;g__Bifidobacterium;s__Bifidobacterium_adolescentis	0.00172960408804	-0.0512400099782	-0.0174144986954	-0.0331799082777	-0.0236741641803	-0.0109214699247	0.0546217766381	-0.03475718764	-0.0587907501395	0.0383628249376	0.00903203242638	0.0319909593522	-0.0470257160109	-0.115227749787	-0.0871088535116	0.0400257381043	0.0253389102057	-0.0221956291654	-0.000231532521925	-0.00512176552318	-0.036857137819	-4.2450276396e-05	-0.0272889708931	1.0	0.00945096376502	-0.0551201387892	-0.0469477794502	0.00600289833431	-0.040402324853	-0.0455824515328	0.0405577100181	0.0445505718386	-0.045271094696	-0.0349973167491	-0.0303901719915	0.0303998580046	0.0312654307832	0.0410017014726	-0.0181019746432	0.00461807637233	-0.0451190805854	0.0109173462815	-4.74534099063e-05	-0.0308879678361	0.0240897680983	0.0190163426011	0.0124079748236	-0.0213408739264	-0.071611707793	-0.0660801792175	-0.0509576799132	-0.0869215448062	-0.0258084208035	-0.0618016712066	-0.0018149629768	0.0282943165726	0.038841519499	0.0371208628509	-0.0225953313441
k__Bacteria;p__Firmicutes;c__Clostridia;o__Clostridiales;f__Oscillospiraceae;g__Oscillibacter;s__Oscillibacter_sp._KLE_1745	-0.016792896349	0.0042878967075	-0.000377158389878	-0.00937789157408	-0.00872423507914	0.00132820354322	-0.0294648938756	-0.0208596790776	0.00608895152316	0.00114110648543	-0.00161699508807	-0.0263569215213	0.0651188676903	0.00435706309317	0.0508948127587	0.0358786439681	0.00560963069218	0.0327498748057	0.0265781783317	0.0306973998696	-0.0203190676696	-0.0349608422738	-0.0234723126426	0.00945096376502	1.0	0.017280197452	-0.0284513437209	0.030470827137	0.0363633126946	-0.0242111323045	-0.0228993743904	0.0489501088455	-0.0160816283924	-0.0347282025444	0.0401567161391	-0.0610294429983	-0.0272455566319	-0.0690281385853	-0.00397616441744	0.0362334897375	-0.0095683878082	-0.0651043420749	-0.0413691062614	-0.0495620896366	-0.0154419566565	0.0119463677947	0.0117933024173	-0.0215098277724	0.0145806816465	-0.0398518602317	-0.0138468363778	-0.0228773903435	-0.0221076531737	-0.0298833221377	0.0347895179394	-0.000512989645104	0.0846583162685	0.10956553337	-0.0467132280687
k__Bacteria;p__Bacteroidetes;c__Bacteroidia;o__Bacteroidales;f__Bacteroidaceae;g__Bacteroides;s__Bacteroides_coprophilus	0.0296640055398	0.0362816046097	0.00369990698239	0.0411293522905	-0.0561882501059	-0.000978258737685	-0.0917881668778	-0.0346680964828	-0.00205234305794	0.0253332106194	-0.0594375443911	-0.0197811024879	-0.0245546996872	-0.0469762632629	-0.00386058028938	0.03665050841	0.028322272049	-0.0176717088802	-0.0142274199821	-0.0319619345521	-0.0110485883873	-0.0334295719826	0.000983422464555	-0.0551201387892	0.017280197452	1.0	-0.0690098572017	-0.0137341872124	-0.00180598043991	0.0152044174062	0.0275117368879	-0.0258972695774	0.059900934031	0.0160352598885	0.0728602446854	0.0160770093345	0.0135789254275	0.014235292847	-0.00758802457496	-0.0431731143083	-0.017461915862	0.0134274010401	-0.0269869217055	0.039892525971	0.0160147837731	-0.00167145683235	-0.0304186686879	-0.075902630695	-0.0118162840453	0.0337703002135	0.00717365180581	-0.0428300787895	-0.0547870807141	-0.0464435625834	-0.0258291233361	-0.00359585725676	-0.0304009181007	-0.0176035689219	0.0346883513863
k__Bacteria;p__Firmicutes;c__Clostridia;o__Clostridiales;f__Lachnospiraceae;g__Roseburia;s__Roseburia_intestinalis	0.0480114053492	0.0211738302506	0.0385292958748	0.00549225419837	0.0370054108282	0.0157200983968	-0.0343468185372	0.0167624087588	-0.0230645792037	-0.0193862904087	-0.0558570784975	-0.0152278192408	-0.0679614328236	-0.013077862316	0.0237318931314	0.010571555276	0.00834502040147	-0.0366332235676	0.0011485863337	-0.0371805626787	-0.00196426959035	-0.024686503788	-0.00597946439747	-0.0469477794502	-0.0284513437209	-0.0690098572017	1.0	-0.0221374512819	-0.046351140601	-0.0514559045718	0.00463022306642	-0.0346319987882	0.0161063802379	0.0461409075613	-0.0861556697179	0.023468786038	0.0103956903092	0.00977546999799	-0.0514425727766	0.00647385732614	-0.0464517555642	-0.0266846528341	0.010893414076	0.000850317342698	0.00510235540212	-0.00883826184385	0.0160592564413	0.0412861722792	0.0226256361213	-0.00130206776807	-0.0229519362977	-0.0316448000588	-0.0894914813089	-0.0572672759167	0.0119215929161	-0.0800743009712	0.0307656549376	-0.000778438840045	-0.064552150879
k__Bacteria;p__Firmicutes;c__Clostridia;o__Clostridiales;f__Lachnospiraceae;g__Roseburia;s__Roseburia_hominis	-0.0215074303144	0.00896325944425	-0.0365587453646	0.0271358883817	0.0146645770917	-0.0124593918024	-0.00594511882915	-0.00209941011845	-0.036438877698	-0.0198262954743	-0.0283466043413	-0.00582877425992	-0.00422054211415	-0.0247613398375	-0.0235079251604	-0.0146086195964	0.012049270449	0.0349367868209	-0.0348838684899	-0.068542837292	-0.0136569748564	0.0257765412885	0.00564508130202	0.00600289833431	0.030470827137	-0.0137341872124	-0.0221374512819	1.0	0.0549643306311	0.00170574038764	-0.00535008351946	0.0361218879293	-0.00830080448334	-0.0456697426152	-0.0698895417736	0.025118391283	-0.0231278629721	-0.00767439223037	0.00510061009427	-0.0401220946517	0.0540305961879	-0.0146083349797	-0.0402677335847	0.00995850776277	-0.0472343746031	0.0326322360904	-0.0297262066654	-0.00271549121857	0.0222237358293	0.0751850913913	0.00437819126255	-0.0433300679472	-0.062765963034	-0.0163953305954	-0.0143007729537	0.0954274295618	-0.0411267652731	-0.0206567923079	-0.0540619461179
k__Bacteria;p__Bacteroidetes;c__Bacteroidia;o__Bacteroidales;f__Porphyromonadaceae;g__Parabacteroides;s__Parabacteroides_johnsonii	-0.0204276326655	0.042572703516	-0.00753100483165	0.0135386029026	0.0153588202754	-0.0217249157301	0.0284799148499	0.0431530749377	-0.017526401654	-0.038993615159	-0.0226273539937	0.0265113036234	0.0395034777472	-0.0329543765323	-0.0170623378997	-0.00876592254437	0.00767416828889	-0.00200368330001	-0.067089117716	0.0806937104201	-0.0345301767505	0.0190444117666	0.0645419064505	-0.040402324853	0.0363633126946	-0.00180598043991	-0.046351140601	0.0549643306311	1.0	0.0521246069716	0.0233634682405	-0.00889680534176	0.0846945929997	0.00670740292354	0.0045283485155	-0.0546292053862	-0.0878045780068	-0.0116012011203	0.00610528675798	0.0183533805088	0.0111725958807	-0.0366618936899	-0.0105727495013	-0.0144846610335	-0.0800810198286	0.0126844940165	-0.0580235863821	-0.00423498277187	-0.0350791637367	-0.00455536534252	0.0454650001909	-0.0556892915846	-0.0530725840112	0.0281209240023	-0.0325818176576	-0.0536396001712	-0.0288659307336	0.00170281904787	0.0133872519007
k__Bacteria;p__Actinobacteria;c__Actinobacteria;o__Bifidobacteriales;f__Bifidobacteriaceae;g__Bifidobacterium;s__Bifidobacterium_longum	-0.0650064013906	-0.0507902031442	0.0358564484704	0.0325344908477	-0.032344301742	-0.00305433774051	-0.0625218459109	-0.00705276245032	0.0282652124413	0.0514449935969	-0.0157768131669	-0.0379583500112	-0.0046893724256	-0.0382195715082	-0.0047775535679	-0.0134973817404	0.00284440275812	-0.0151135838097	-0.0177876500194	-0.0540226506166	0.00682122043799	-0.0478540187963	-0.00479592086348	-0.0455824515328	-0.0242111323045	0.0152044174062	-0.0514559045718	0.00170574038764	0.0521246069716	1.0	0.0144110303692	-0.0658254628731	-0.0246213347085	0.0072642481409	-0.0251112649421	-0.0204012400481	0.0107805201119	-0.0026980459731	-0.027902530744	-0.0509550433627	0.0373731966831	-0.0107732021233	0.000584527668614	-0.00576327819497	-0.0499521630408	-0.0402983376932	-0.00203545328139	-0.0221180568752	-0.00375921905854	-0.0305885320495	0.0113656243101	0.0695597627272	-0.00528136618861	0.00671258864516	-0.0290856795271	0.0647154947471	-0.00224584904207	-0.0483209869955	0.00320577036189
