#taxonomy	k__Bacteria;p__Bacteroidetes;c__Bacteroidia;o__Bacteroidales;f__Bacteroidaceae;g__Bacteroides;s__Bacteroides_vulgatus	k__Bacteria;p__Bacteroidetes;c__Bacteroidia;o__Bacteroidales;f__Bacteroidaceae;g__Bacteroides;s__Bacteroides_uniformis	k__Bacteria;p__Bacteroidetes;c__Bacteroidia;o__Bacteroidales;f__Rikenellaceae;g__Alistipes;s__Alistipes_putredinis	k__Bacteria;p__Bacteroidetes;c__Bacteroidia;o__Bacteroidales;f__Prevotellaceae;g__Prevotella;s__Prevotella_copri	k__Bacteria;p__Bacteroidetes;c__Bacteroidia;o__Bacteroidales;f__Bacteroidaceae;g__Bacteroides;s__Bacteroides_stercoris	k__Bacteria;p__Bacteroidetes;c__Bacteroidia;o__Bacteroidales;f__Bacteroidaceae;g__Bacteroides;s__Bacteroides_ovatus	k__Bacteria;p__Bacteroidetes;c__Bacteroidia;o__Bacteroidales;f__Rikenellaceae;g__Alistipes;s__Alistipes_shahii	k__Bacteria;p__Firmicutes;c__Clostridia;o__Clostridiales;f__Ruminococcaceae;g__Faecalibacterium;s__Faecalibacterium_prausnitzii	k__Bacteria;p__Bacteroidetes;c__Bacteroidia;o__Bacteroidales;f__Rikenellaceae;g__Alistipes;s__Alistipes_finegoldii	k__Bacteria;p__Bacteroidetes;c__Bacteroidia;o__Bacteroidales;f__Porphyromonadaceae;g__Parabacteroides;s__Parabacteroides_distasonis	k__Bacteria;p__Bacteroidetes;c__Bacteroidia;o__Bacteroidales;f__Bacteroidaceae;g__Bacteroides;s__Bacteroides_thetaiotaomicron	k__Bacteria;p__Bacteroidetes;c__Bacteroidia;o__Bacteroidales;f__Bacteroidaceae;g__Bacteroides;s__Bacteroides_coprocola	k__Bacteria;p__Bacteroidetes;c__Bacteroidia;o__Bacteroidales;f__Bacteroidaceae;g__Bacteroides;s__Bacteroides_cellulosilyticus	k__Bacteria;p__Bacteroidetes;c__Bacteroidia;o__Bacteroidales;f__Rikenellaceae;g__Alistipes;s__Alistipes_obesi	k__Bacteria;p__Firmicutes;c__Clostridia;o__Clostridiales;f__Lachnospiraceae;g__;s__[Eubacterium]_rectale	k__Bacteria;p__Bacteroidetes;c__Bacteroidia;o__Bacteroidales;f__Bacteroidaceae;g__Bacteroides;s__Bacteroides_plebeius	k__Bacteria;p__Bacteroidetes;c__Bacteroidia;o__Bacteroidales;f__Bacteroidaceae;g__Bacteroides;s__Bacteroides_fragilis	k__Bacteria;p__Proteobacteria;c__Betaproteobacteria;o__Burkholderiales;f__Sutterellaceae;g__Sutterella;s__Sutterella_wadsworthensis	k__Bacteria;p__Bacteroidetes;c__Bacteroidia;o__Bacteroidales;f__Porphyromonadaceae;g__Barnesiella;s__Barnesiella_intestinihominis	k__Bacteria;p__Bacteroidetes;c__Bacteroidia;o__Bacteroidales;f__Odoribacteraceae;g__Odoribacter;s__Odoribacter_splanchnicus	k__Bacteria;p__Bacteroidetes;c__Bacteroidia;o__Bacteroidales;f__Bacteroidaceae;g__Bacteroides;s__Bacteroides_salyersiae	k__Bacteria;p__Firmicutes;c__Clostridia;o__Clostridiales;f__Ruminococcaceae;g__Ruminiclostridium;s__[Eubacterium]_siraeum	k__Bacteria;p__Proteobacteria;c__Betaproteobacteria;o__Burkholderiales;f__Sutterellaceae;g__Parasutterella;s__Parasutterella_excrementihominis	k__Bacteria;p__Actinobacteria;c__Actinobacteria;o__Bifidobacteriales;f__Bifidobacteriaceae;g__Bifidobacterium;s__Bifidobacterium_adolescentis	k__Bacteria;p__Firmicutes;c__Clostridia;o__Clostridiales;f__Oscillospiraceae;g__Oscillibacter;s__Oscillibacter_sp._KLE_1745	k__Bacteria;p__Bacteroidetes;c__Bacteroidia;o__Bacteroidales;f__Bacteroidaceae;g__Bacteroides;s__Bacteroides_coprophilus	k__Bacteria;p__Firmicutes;c__Clostridia;o__Clostridiales;f__Lachnospiraceae;g__Roseburia;s__Roseburia_intestinalis	k__Bacteria;p__Firmicutes;c__Clostridia;o__Clostridiales;f__Lachnospiraceae;g__Roseburia;s__Roseburia_hominis	k__Bacteria;p__Bacteroidetes;c__Bacteroidia;o__Bacteroidales;f__Porphyromonadaceae;g__Parabacteroides;s__Parabacteroides_johnsonii	k__Bacteria;p__Actinobacteria;c__Actinobacteria;o__Bifidobacteriales;f__Bifidobacteriaceae;g__Bifidobacterium;s__Bifidobacterium_longum	k__Bacteria;p__Firmicutes;c__Clostridia;o__Clostridiales;f__;g__Flavonifractor;s__Flavonifractor_plautii	k__Bacteria;p__Firmicutes;c__Clostridia;o__Clostridiales;f__Clostridiaceae;g__Clostridium;s__Clostridium_phoceensis	k__Bacteria;p__Verrucomicrobia;c__Verrucomicrobiae;o__Verrucomicrobiales;f__Akkermansiaceae;g__Akkermansia;s__Akkermansia_muciniphila	k__Bacteria;p__Bacteroidetes;c__Bacteroidia;o__Bacteroidales;f__Prevotellaceae;g__Paraprevotella;s__Paraprevotella_xylaniphila	k__Bacteria;p__Firmicutes;c__Clostridia;o__Clostridiales;f__Ruminococcaceae;g__Ruminococcus;s__Ruminococcus_callidus	k__Bacteria;p__Bacteroidetes;c__Bacteroidia;o__Bacteroidales;f__Rikenellaceae;g__Alistipes;s__Alistipes_senegalensis	k__Bacteria;p__Firmicutes;c__Clostridia;o__Clostridiales;f__Lachnospiraceae;g__Blautia;s__Blautia_sp._KLE_1732	k__Bacteria;p__Bacteroidetes;c__Bacteroidia;o__Bacteroidales;f__Bacteroidaceae;g__Bacteroides;s__Bacteroides_oleiciplenus	k__Bacteria;p__Firmicutes;c__Clostridia;o__Clostridiales;f__Ruminococcaceae;g__Ruminococcus;s__Ruminococcus_bicirculans	k__Bacteria;p__Bacteroidetes;c__Bacteroidia;o__Bacteroidales;f__Bacteroidaceae;g__Bacteroides;s__Bacteroides_fluxus	k__Bacteria;p__Bacteroidetes;c__Bacteroidia;o__Bacteroidales;f__Prevotellaceae;g__Prevotella;s__Prevotella_stercorea	k__Bacteria;p__Firmicutes;c__Clostridia;o__Clostridiales;f__Lachnospiraceae;g__Dorea;s__Dorea_longicatena	k__Bacteria;p__Firmicutes;c__Clostridia;o__Clostridiales;f__Eubacteriaceae;g__Eubacterium;s__[Eubacterium]_eligens	k__Bacteria;p__Firmicutes;c__Clostridia;o__Clostridiales;f__Ruminococcaceae;g__;s__Ruminococcaceae_bacterium_D16	k__Bacteria;p__Firmicutes;c__Clostridia;o__Clostridiales;f__Lachnospiraceae;g__Coprococcus;s__Coprococcus_comes	k__Bacteria;p__Proteobacteria;c__Gammaproteobacteria;o__Enterobacterales;f__Enterobacteriaceae;g__Escherichia;s__Escherichia_coli	k__Bacteria;p__Firmicutes;c__Clostridia;o__Clostridiales;f__Ruminococcaceae;g__Anaerotruncus;s__Anaerotruncus_colihominis	k__Bacteria;p__Firmicutes;c__Clostridia;o__Clostridiales;f__Lachnospiraceae;g__Blautia;s__Blautia_obeum	k__Bacteria;p__Bacteroidetes;c__Bacteroidia;o__Bacteroidales;f__Odoribacteraceae;g__Odoribacter;s__Odoribacter_laneus	k__Bacteria;p__Firmicutes;c__Clostridia;o__Clostridiales;f__Ruminococcaceae;g__Ruminiclostridium;s__[Clostridium]_leptum	k__Bacteria;p__Bacteroidetes;c__Bacteroidia;o__Bacteroidales;f__Porphyromonadaceae;g__Parabacteroides;s__Parabacteroides_goldsteinii	k__Bacteria;p__Firmicutes;c__Clostridia;o__Clostridiales;f__Lachnospiraceae;g__Anaerostipes;s__Anaerostipes_hadrus	k__Bacteria;p__Firmicutes;c__Clostridia;o__Clostridiales;f__Ruminococcaceae;g__Ruminococcus;s__Ruminococcus_lactaris	k__Bacteria;p__Firmicutes;c__Clostridia;o__Clostridiales;f__Clostridiaceae;g__Clostridium;s__Clostridium_sp._L2-50	k__Bacteria;p__Firmicutes;c__Clostridia;o__Clostridiales;f__Clostridiaceae;g__Clostridium;s__Clostridium_sp._M62/1	k__Bacteria;p__Firmicutes;c__Clostridia;o__Clostridiales;f__;g__Intestinimonas;s__Intestinimonas_butyriciproducens	k__Bacteria;p__Actinobacteria;c__Actinobacteria;o__Bifidobacteriales;f__Bifidobacteriaceae;g__Bifidobacterium;s__Bifidobacterium_bifidum	k__Bacteria;p__Firmicutes;c__Negativicutes;o__Veillonellales;f__Veillonellaceae;g__Dialister;s__Dialister_invisus	k__Bacteria;p__Bacteroidetes;c__Bacteroidia;o__Bacteroidales;f__Bacteroidaceae;g__Bacteroides;s__Bacteroides_salanitronis
k__Bacteria;p__Bacteroidetes;c__Bacteroidia;o__Bacteroidales;f__Bacteroidaceae;g__Bacteroides;s__Bacteroides_vulgatus	1.0	0.0152123461983	0.013389489534	-0.00706275766043	-0.0250898229702	-0.00226792639388	-0.0697818630435	-0.048310660827	-0.0176061827442	0.0241016802085	0.0245291731715	-0.0383043836933	0.0226174186963	0.0208463875252	0.0171760985311	0.0600487194584	-0.00225059724298	-0.0102143576828	0.0229531178718	0.00178137619562	-0.0207220936804	-0.0302566045446	-0.0291196399034	0.0132920864365	-0.0230622805415	0.056814007174	-0.00823713764946	-0.0168276385866	0.00961242952427	0.0209713428277	0.00544799426564	0.00285704191937	0.00614334411557	0.00065165635853	-0.0101443779027	-0.0139670231459	0.038797260418	-0.0657287242831	-0.0469503434493	-0.0302728472746	-0.0621237317668	-0.00928257561767	-0.0786869947816	0.0416335756118	0.018510630957	0.0338884414537	-0.0889742307204	-0.0360598419964	-0.0352594937966	-0.036449489468	-0.0485451818275	-0.0681800337454	-0.0376581312152	-0.054628388924	0.00842478525467	-0.0257293151889	0.0114987459783	0.0460923555606	-0.00868014874048
k__Bacteria;p__Bacteroidetes;c__Bacteroidia;o__Bacteroidales;f__Bacteroidaceae;g__Bacteroides;s__Bacteroides_uniformis	0.0152123461983	1.0	0.0573211031639	0.0377792057292	-0.00453728490688	-0.0250981408401	-0.0254576380396	-0.075821031426	0.00475332366728	-0.0316490389715	-0.00174866472393	-0.0454926083731	-0.0363773625116	-0.0843825242207	-0.017721920703	-0.0284917753499	-0.00946253604468	0.0742427884147	-0.0106758431531	0.0373422911944	0.00437888471121	-0.00542364610094	0.0203446071053	0.0276547407771	-0.0119876024463	0.0234103678003	-0.0485101503811	-0.0394241628701	0.020635604116	0.00384351214122	-0.0183558145056	0.0117398478844	-0.0194256825263	-0.0174655590044	0.0778168374586	0.0166417948672	0.0130016451763	-0.0150921519089	0.0168321578426	0.00407875418257	-0.0837058032889	-0.0388803580992	-0.0199586081859	-0.000991811668443	0.0477297819991	-0.0420423665366	-0.0565057732623	-0.0236231526959	0.0475522466494	-0.0129446117013	-0.0607036415929	0.0152714845208	0.0239272742116	0.00380054185141	0.0174608546189	0.0595039751345	-0.0419598482965	0.0323230934044	-0.061957080166
k__Bacteria;p__Bacteroidetes;c__Bacteroidia;o__Bacteroidales;f__Rikenellaceae;g__Alistipes;s__Alistipes_putredinis	0.013389489534	0.0573211031639	1.0	-0.0146521523675	-0.0256219906711	-0.0125930447325	-0.00034159504694	0.024918052745	-0.0444536862829	-0.0389011735742	-0.0266179716156	0.0116793842988	-0.00206430747973	-0.0246978448488	-0.0714955923801	0.00163657493455	-0.031351002682	0.00931866000346	-0.0306689983128	0.0258570128958	-0.110822840147	0.0228808939195	-0.0127152840301	-0.0765534933324	0.0246023848048	-0.0238704853738	0.0780157841083	0.0301732319743	0.0162139009383	0.0322736694209	0.00346930965383	-0.0139553731097	-0.0316491476607	-0.00355862471209	0.00122710516884	0.00323804659305	-0.0422310388831	-0.0260231210136	-0.049675399755	-0.042241435168	-0.0213082772369	-0.00300779119587	-0.0670676963298	-0.0273726754588	-0.0359030630586	0.020298156281	-0.0399931573931	-0.0552519614914	-0.0526090098048	-0.0164783692586	0.0884704387143	-0.0296142637197	-0.0121882700456	0.109242053223	0.0127358127444	-0.00448319683122	-0.0146611790747	-0.00325358917692	0.016695239597
k__Bacteria;p__Bacteroidetes;c__Bacteroidia;o__Bacteroidales;f__Prevotellaceae;g__Prevotella;s__Prevotella_copri	-0.00706275766043	0.0377792057292	-0.0146521523675	1.0	-0.0393329091777	-0.0456826384887	0.00556225826754	-0.0506483730351	-0.085153804511	0.0141638804518	-0.0400161232193	-0.0140809438622	-0.0103122376997	0.0239943586159	-0.0545132062404	0.0111352144707	0.0375291245782	0.00535029294151	-0.00786442494501	-0.00986561146372	0.0157011983049	0.0178101199435	0.0425122220719	-0.017902853571	0.0618217374258	-0.0564127827165	0.0454450984641	-0.016215318755	-0.0184360632569	-0.0237401470172	-0.00259962519435	-0.0131614998453	-0.00776323533593	-0.0184816918317	0.0142363203742	0.00732368471299	-0.026521722924	-0.0128921169616	-0.0461155152275	0.00144921562532	-0.0100593550716	0.0654694794981	-0.0127704624724	0.00291811800648	0.0217096640848	-0.0162986084642	0.00554620850918	-0.0733728050671	-0.0263803623389	-0.0526883634945	0.0314930695467	-0.0303591822019	-0.0640065054756	0.0204504263142	-0.00459756646298	0.0369581573939	-0.0175889748893	-0.0425955927154	0.0042940308551
k__Bacteria;p__Bacteroidetes;c__Bacteroidia;o__Bacteroidales;f__Bacteroidaceae;g__Bacteroides;s__Bacteroides_stercoris	-0.0250898229702	-0.00453728490688	-0.0256219906711	-0.0393329091777	1.0	0.0510057938984	-0.000902547529242	-0.00148440493176	0.0337389336537	0.022671616582	0.0277629047783	0.0159640511909	-0.0270755765232	-0.0323185642712	0.03718758579	0.0079656385793	-0.0276978845981	0.0515786898059	-0.0173959348053	0.0042160498989	-0.0842690871269	-0.0372949237419	-0.0110303474187	-0.0468723212839	-0.0838132042568	0.00468691048481	-0.013125288355	-0.0189480397316	-0.0473125032352	0.0212886598429	0.0459059206618	0.000679043087327	-0.0378010067714	-0.0128999295027	-0.0111790040722	-0.0383741767826	0.0134375178911	-0.0572177330344	0.0256829682182	-0.0239477320231	-0.0255947326935	0.0283382151806	-0.0581908112293	-0.0194182443722	0.0184041097553	0.0359347924679	-0.0287576112504	0.0493219484334	0.0542585786295	0.00451063966909	-0.0123428612184	0.0103856823582	-0.00314396675402	-0.0149601985048	0.0435555231276	0.0153384160654	-0.0679511633598	-0.00497777537889	-0.0113103675975
k__Bacteria;p__Bacteroidetes;c__Bacteroidia;o__Bacteroidales;f__Bacteroidaceae;g__Bacteroides;s__Bacteroides_ovatus	-0.00226792639388	-0.0250981408401	-0.0125930447325	-0.0456826384887	0.0510057938984	1.0	-0.003472765511	-0.0160296360604	0.024126797268	-0.0791401418924	-0.0288693227043	-0.019294964761	-0.0373496118799	-0.025495766089	0.0143274750538	-0.0608142040221	0.0248935926626	0.0439979906811	0.00476148668073	0.00276742164849	0.0318844200856	0.0115214957218	0.103207808462	-0.0358897154906	-0.0112673844367	0.0437567773946	-0.0633087375022	0.0651819362207	-0.00786819363562	0.0235684040076	0.0553108021809	-0.0273135483838	0.00325534366064	0.0124367332726	-0.0317692909942	1.52212261685e-05	-0.0448076787949	0.0316791000238	-0.0270898715585	-0.0259344373146	0.039551587226	0.00885003271914	-0.0182781519885	-0.0398717583083	-0.00812309586077	0.0151647244778	-0.0294178229187	-0.0189924391654	0.03022739066	0.0188369061894	-0.0165546469785	0.0197421424537	0.0429828519826	-0.0257136298296	-0.0163616241003	-0.000749900722113	0.00634086485054	-0.0114468205714	-0.0219789679841
k__Bacteria;p__Bacteroidetes;c__Bacteroidia;o__Bacteroidales;f__Rikenellaceae;g__Alistipes;s__Alistipes_shahii	-0.0697818630435	-0.0254576380396	-0.00034159504694	0.00556225826754	-0.000902547529242	-0.003472765511	1.0	0.00905110290849	0.018438240792	-0.0385142679211	-0.0604787037273	-0.0747354433009	-0.026255273247	0.0609303587538	-0.0174778809882	-0.0720312460039	-0.0364337487623	0.0211764985584	-0.0653641616636	0.0248988356714	-0.0603748843901	0.00282431529086	-0.0229767222449	0.0198305816289	-0.0615151458788	0.0194651946931	-0.00213783516302	0.00734524317604	0.0251717808348	-0.0268295102458	-0.0341193893456	-0.00869792700961	0.0266213439576	-0.0483690681315	-0.0470450120499	-0.0362552944318	0.0279629741519	-0.0371460860703	0.0112644141435	-0.0257999467108	0.0403802202264	-0.0156969395078	0.009782018718	-8.1989482952e-05	-0.0247315365833	-0.0640059780973	-0.029349986241	-0.000446310213677	-0.0337158403891	-0.000634484366545	-0.000978973758171	-0.00984957596363	-0.0160822033935	-0.00407749085376	0.0624309966007	-0.0229198253	0.0115332665143	0.000141564797139	0.0184683918916
k__Bacteria;p__Firmicutes;c__Clostridia;o__Clostridiales;f__Ruminococcaceae;g__Faecalibacterium;s__Faecalibacterium_prausnitzii	-0.048310660827	-0.075821031426	0.024918052745	-0.0506483730351	-0.00148440493176	-0.0160296360604	0.00905110290849	1.0	-0.0159087114049	-0.061248650274	-0.044922917716	0.0293290010521	-0.0236836659771	0.0394191553272	-0.037661674548	0.0103879603778	0.0367104364036	-0.0606323025997	-0.0333636763289	0.0920148169597	-0.0117886832056	-0.0362294930336	-0.0107036686304	0.000497264597911	-0.0381085465974	-0.0304955072089	-0.00530674486138	-0.0402860601889	0.000692833387868	-0.0310863649713	-0.043549944949	0.0679620189314	0.00264070653844	-0.0303964060611	0.038540001726	-0.0304164375388	-0.0573997571912	0.0261735164687	-0.0135379876435	-0.0453090273815	-0.0360686992049	0.0134760670608	0.084145580485	-0.0419587975435	-0.0758611792622	-0.00990895507578	-0.0131183963015	0.0119977935392	-0.0138395464027	0.00172801571222	0.00447529284989	-0.0137025034282	-0.0780007795991	-0.019455052774	-0.0742864365105	0.0604040978606	0.0376504197852	-0.0188816427347	0.118407486343
k__Bacteria;p__Bacteroidetes;c__Bacteroidia;o__Bacteroidales;f__Rikenellaceae;g__Alistipes;s__Alistipes_finegoldii	-0.0176061827442	0.00475332366728	-0.0444536862829	-0.085153804511	0.0337389336537	0.024126797268	0.018438240792	-0.0159087114049	1.0	0.00640096950422	0.0187984053842	-0.0374457162961	0.0319377180803	0.00702771405137	-0.0104173897999	0.00326374886709	0.0263082677472	-0.0392934764658	-0.00195179818954	0.0166062240796	0.0602198282987	0.00765364424932	-0.0119253661919	0.00933260676171	0.0375724021872	0.0699209081876	-0.00338947643604	-0.0656336199428	-0.0339643183688	0.00863241457916	0.00398729070644	-0.000550159451844	0.0361533465356	0.0149189622409	-0.0358480999336	-0.0958212492991	0.0246319419157	0.0177029585857	0.0116056856266	0.0117791375232	-0.0584761576444	-0.0240516037685	0.0476260677568	-0.0143910466912	0.000746402584394	-0.0578822072294	-0.0152391704979	0.0558149237189	0.00613577642196	-0.0371335218606	0.00528463709105	-0.0242122550088	-0.043495331684	-0.0434720406783	-0.000223920633673	-0.015217265681	-0.0244991117906	-0.0798582057878	0.0323408326186
k__Bacteria;p__Bacteroidetes;c__Bacteroidia;o__Bacteroidales;f__Porphyromonadaceae;g__Parabacteroides;s__Parabacteroides_distasonis	0.0241016802085	-0.0316490389715	-0.0389011735742	0.0141638804518	0.022671616582	-0.0791401418924	-0.0385142679211	-0.061248650274	0.00640096950422	1.0	0.0214847443801	-0.00793834132529	-0.00434645799532	-0.0119166176518	0.0291235472182	0.0389649936473	0.000622686631216	-0.00257698126547	0.0197581714237	-0.00435609208423	-0.0157281405879	-0.0680851263871	0.0267313018119	0.0129259637916	-0.0695776328417	0.00376194236359	-0.0256494973794	-0.0833858288207	0.0283400927165	-0.0239208219893	-0.032956750872	0.0337163547581	0.0125238052953	-0.00798566259806	0.00549181726205	0.00540061983937	-0.00294019964333	-0.0209326214647	-0.0452295425656	0.0525401387991	-0.00830006396227	-0.0688712023405	-0.0130904098488	0.0238485203497	-0.00644616866173	0.00580841398981	-0.00872245571861	0.00760987875408	-0.00988500296529	-0.00752432786179	5.31838889249e-05	-0.0436736374171	0.00313889296747	-0.00519043344313	0.00808894417205	-0.00295283368339	-0.0328316502374	-0.0454834594909	0.0550381019864
k__Bacteria;p__Bacteroidetes;c__Bacteroidia;o__Bacteroidales;f__Bacteroidaceae;g__Bacteroides;s__Bacteroides_thetaiotaomicron	0.0245291731715	-0.00174866472393	-0.0266179716156	-0.0400161232193	0.0277629047783	-0.0288693227043	-0.0604787037273	-0.044922917716	0.0187984053842	0.0214847443801	1.0	0.0388151928665	-0.0202781649612	-0.0107366282426	-0.00127686466761	0.0297575490093	-0.0501162055511	0.0168540722434	-0.0159870170282	-0.0381138246354	0.0421631029435	0.0103139097822	-0.0153246480875	0.00862816449147	-0.0254208958591	0.0081794259653	0.0325241425911	-0.0575379716051	-0.0241106315989	0.0334208322115	0.0488376477538	0.0171588259089	-0.059497102847	-0.0427236805417	0.031612772142	0.0239311202878	-0.0481013904208	-0.0456434358465	0.0231759085085	-0.00394993911245	0.00139431449422	0.0415857521538	-0.0684723593563	-0.0383318236008	0.0627341250744	0.0460571061777	-0.00902880154061	-0.0263517119512	0.0861409474928	0.00549265652394	-0.0143816608784	-0.0278112650802	-0.0187950730099	0.010227257203	0.0104682026565	-0.0186501746412	-0.0288230113398	0.0638118441297	-0.0513881522785
k__Bacteria;p__Bacteroidetes;c__Bacteroidia;o__Bacteroidales;f__Bacteroidaceae;g__Bacteroides;s__Bacteroides_coprocola	-0.0383043836933	-0.0454926083731	0.0116793842988	-0.0140809438622	0.0159640511909	-0.019294964761	-0.0747354433009	0.0293290010521	-0.0374457162961	-0.00793834132529	0.0388151928665	1.0	-0.00957596311896	0.0173099921077	0.0727744482706	-0.00201444579021	0.0614250912302	-0.0536290345241	0.0166823112003	-0.0326070515372	-0.0241488536322	-0.0125968344937	-0.0574159851279	0.0130762776149	-0.0569087455751	0.0189511375684	0.0193711449249	0.0366364653617	0.0206912637469	0.0413697340725	-0.0254573448115	-0.0443553102622	-0.00310656449155	-0.0330339888058	0.000660555196083	-0.0035531096646	0.0755886835428	-0.0355017072413	0.021397663399	0.0625413677128	-0.0644383550568	-0.0368355461152	-0.0215638443016	0.0484363437068	-0.0318555289875	0.00535665806202	-0.0260845825814	-0.026806228992	-0.0535078766253	-0.0174452681979	-0.0458874856755	0.0318284145543	-0.0298598002892	0.0504259092956	-0.0381355439305	0.0473368159586	-0.0213340474573	0.0100206202431	-0.0491443500611
k__Bacteria;p__Bacteroidetes;c__Bacteroidia;o__Bacteroidales;f__Bacteroidaceae;g__Bacteroides;s__Bacteroides_cellulosilyticus	0.0226174186963	-0.0363773625116	-0.00206430747973	-0.0103122376997	-0.0270755765232	-0.0373496118799	-0.026255273247	-0.0236836659771	0.0319377180803	-0.00434645799532	-0.0202781649612	-0.00957596311896	1.0	-0.00271352955906	-0.019471265271	-0.0483934722902	-0.020881283675	0.0203374808133	0.000876149216035	0.0152793186728	0.0120069330128	0.0288301378245	-0.0114822375705	0.0410851141061	-0.0478602393184	-0.0230351422279	0.0288267475379	-0.028958937144	-0.00125942021457	-0.0430530780134	-0.0277722138361	-0.0098856787829	0.03380259942	-0.0472699130239	-0.0215278096277	-0.0828461534665	-0.0217908050177	-0.0237250276999	-0.00189963055258	0.0457094139472	0.0264845443637	-0.0197120046678	-0.018327687572	-0.0538306481477	-0.0698954100965	0.0504041574965	-0.00248807434792	-0.00610943158448	0.0196706813057	-0.0200421761081	-0.00989803968782	0.0118071343117	0.0277039939177	0.0878258370267	-0.0514153960136	-0.0601960143759	-0.012005743388	0.0155576042808	-0.00493127051891
k__Bacteria;p__Bacteroidetes;c__Bacteroidia;o__Bacteroidales;f__Rikenellaceae;g__Alistipes;s__Alistipes_obesi	0.0208463875252	-0.0843825242207	-0.0246978448488	0.0239943586159	-0.0323185642712	-0.025495766089	0.0609303587538	0.0394191553272	0.00702771405137	-0.0119166176518	-0.0107366282426	0.0173099921077	-0.00271352955906	1.0	0.0157781671535	-0.0160259133103	-0.0431605221808	0.0642861324705	-0.00563747841929	-0.0519233972157	-0.0632073126929	-0.0679670246558	-0.0261840098434	-0.0756857875081	-0.0237317569334	-0.00183990534069	0.0375008839257	0.0412940456	-0.0303055928608	0.05417472747	-0.029849543417	-0.0490334235689	-0.0125050634541	-0.0252068687156	0.0379810927972	0.0186249282934	-0.00408876591684	0.0136763567846	0.035980079574	0.0189253553407	-0.0477895808407	-0.0443345315858	-0.036567910623	-0.0284811356878	-0.0148261481098	0.0109639275075	0.106438830059	0.0430264094725	-0.0602297138876	0.0184140163162	0.0189683226085	0.0262666293023	-0.0548823490627	-0.034224593355	-0.0771611268453	-0.0473523307365	-0.0518847240091	0.0232308457149	-0.00647705511911
k__Bacteria;p__Firmicutes;c__Clostridia;o__Clostridiales;f__Lachnospiraceae;g__;s__[Eubacterium]_rectale	0.0171760985311	-0.017721920703	-0.0714955923801	-0.0545132062404	0.03718758579	0.0143274750538	-0.0174778809882	-0.037661674548	-0.0104173897999	0.0291235472182	-0.00127686466761	0.0727744482706	-0.019471265271	0.0157781671535	1.0	0.0201693240763	0.0687001890512	-0.00915411111313	0.0324389979877	0.0256529270413	0.0193438932034	0.00401951007118	0.0151085238734	-0.0395787569506	-0.0463871842049	-0.00464937121032	-0.0115045214688	0.0140601448411	-0.00094781581126	0.0536808509805	-0.101160323489	-0.0400604894269	-0.00615453002262	-0.0283563237941	0.00838042813634	-0.0101406048322	0.00857015443398	-0.048096556873	-0.0518680652701	0.018286144306	0.00701428889718	-0.0387082396374	-0.0359626468903	-0.0499310617126	-0.0541944498367	0.00364746410334	-0.0509592937013	-0.0266798903586	0.0510713318454	0.0209047738617	-0.0774080353651	0.0298744486338	-0.0279250145496	0.0185040692795	-0.0284495068038	-0.0160734980515	0.0185308961224	-0.0148350830456	-0.0596990881795
k__Bacteria;p__Bacteroidetes;c__Bacteroidia;o__Bacteroidales;f__Bacteroidaceae;g__Bacteroides;s__Bacteroides_plebeius	0.0600487194584	-0.0284917753499	0.00163657493455	0.0111352144707	0.0079656385793	-0.0608142040221	-0.0720312460039	0.0103879603778	0.00326374886709	0.0389649936473	0.0297575490093	-0.00201444579021	-0.0483934722902	-0.0160259133103	0.0201693240763	1.0	-0.0151050278102	-0.0274104903745	-0.0343680414938	-0.0157932816042	0.0945504752882	-0.0236836987103	0.0459657423298	0.0453738951373	0.00778575214832	-0.0470278564101	-0.0354434246607	-0.0346104987132	-0.0655489343781	0.0228870630506	-0.0571964275254	-0.0511256187155	0.041630085607	-0.0144599384482	-0.0345015103172	-0.0390651279652	0.0137760711245	0.0161981764527	-0.058180998087	0.0632954937037	0.0198272831544	0.0428550296971	0.0239539381827	0.0135082930158	0.00835008935343	-0.0231435410413	0.00530636514942	-0.00718945316843	-0.0124162890719	-0.0366074380046	-0.0188498764481	-0.0503060788055	-0.0221303558926	-0.00843789873267	-0.020976354005	-0.0139045307454	0.0386136812207	-0.00601447014172	-0.0619336332221
k__Bacteria;p__Bacteroidetes;c__Bacteroidia;o__Bacteroidales;f__Bacteroidaceae;g__Bacteroides;s__Bacteroides_fragilis	-0.00225059724298	-0.00946253604468	-0.031351002682	0.0375291245782	-0.0276978845981	0.0248935926626	-0.0364337487623	0.0367104364036	0.0263082677472	0.000622686631216	-0.0501162055511	0.0614250912302	-0.020881283675	-0.0431605221808	0.0687001890512	-0.0151050278102	1.0	0.026270386132	0.0546303401881	-0.0308360835508	-0.0358950913752	-0.0264669163207	-0.033113412795	0.00933706427521	0.0231879234175	-0.017051291165	-0.0272958303262	0.0167027206796	-0.027979904116	-0.000235999671369	0.00181203609203	-0.0391429442998	0.0193148666814	-0.0200520403602	-0.0364747824131	0.0056415533658	-0.00233310997373	0.00315002595253	0.0289115426611	-0.0225529136761	-0.00308510127085	-0.00782418906353	-0.0163492819966	-0.036041239005	-0.00501532150082	-0.0670039902579	-0.0201634137808	-0.0718404835084	0.00951090448071	0.00258722391339	-0.00411575254952	0.0512668190863	-0.0119908021811	-0.0181000383591	0.0244003902829	-0.0129087612599	0.0124761075957	0.0490392134782	-0.0139992611018
k__Bacteria;p__Proteobacteria;c__Betaproteobacteria;o__Burkholderiales;f__Sutterellaceae;g__Sutterella;s__Sutterella_wadsworthensis	-0.0102143576828	0.0742427884147	0.00931866000346	0.00535029294151	0.0515786898059	0.0439979906811	0.0211764985584	-0.0606323025997	-0.0392934764658	-0.00257698126547	0.0168540722434	-0.0536290345241	0.0203374808133	0.0642861324705	-0.00915411111313	-0.0274104903745	0.026270386132	1.0	-0.0962362631987	-0.0222777849406	-0.0182814371023	-0.026515277749	0.01355189872	-0.00518119754476	-0.025041743063	-0.0662632725413	-0.0153207423358	0.0266461211082	-0.0900420387137	-0.0477898965574	-0.030978973621	-0.028082986867	0.0130758702401	0.00265543535773	-0.0225832278956	-0.0351594931314	-0.0661117533383	-0.0681291296185	0.00148077770194	0.0255296096782	0.0368879026928	-0.0159891675818	-0.045734216314	-0.0628637830434	0.09021929785	-0.0054702659042	0.015858182361	-0.0129065215087	-0.0106186700688	0.0157911289688	0.0208960704929	-0.0616670338229	0.054109858388	0.00396440551112	0.0216981501284	0.0475092690704	0.0158703576484	0.00314554988698	0.0198902473957
k__Bacteria;p__Bacteroidetes;c__Bacteroidia;o__Bacteroidales;f__Porphyromonadaceae;g__Barnesiella;s__Barnesiella_intestinihominis	0.0229531178718	-0.0106758431531	-0.0306689983128	-0.00786442494501	-0.0173959348053	0.00476148668073	-0.0653641616636	-0.0333636763289	-0.00195179818954	0.0197581714237	-0.0159870170282	0.0166823112003	0.000876149216035	-0.00563747841929	0.0324389979877	-0.0343680414938	0.0546303401881	-0.0962362631987	1.0	-0.0723302310082	-0.0250736583792	-0.0340610106045	-0.0314415263502	-0.00921711560921	0.00586423835491	-0.0470288818438	0.0111727977091	-0.00738819669033	0.00914754502373	-0.0625544726579	0.00543481315317	-0.0188791963741	-0.0274804833343	0.0193147124513	-0.0230339463398	-0.0014993524016	0.00682872252621	0.0462991634943	0.0115412211052	0.0224035128918	-0.0427398300748	-0.0353041503107	-0.0652116326325	-0.0269655695934	-0.0275708955504	-0.0280943407866	0.0223754487401	0.0196369852601	0.0110109800924	-0.0363738071622	-0.0353395302702	-0.0218446190954	0.00269771064443	0.0489964243587	0.0145706401637	0.00318306996825	0.005841900425	-0.0472747559617	0.0367058933095
k__Bacteria;p__Bacteroidetes;c__Bacteroidia;o__Bacteroidales;f__Odoribacteraceae;g__Odoribacter;s__Odoribacter_splanchnicus	0.00178137619562	0.0373422911944	0.0258570128958	-0.00986561146372	0.0042160498989	0.00276742164849	0.0248988356714	0.0920148169597	0.0166062240796	-0.00435609208423	-0.0381138246354	-0.0326070515372	0.0152793186728	-0.0519233972157	0.0256529270413	-0.0157932816042	-0.0308360835508	-0.0222777849406	-0.0723302310082	1.0	0.0137494408061	0.00175656920726	0.0290088926461	-0.0397472694139	0.00949721963823	-0.0680191653685	-0.0347296212429	-0.0447107836578	0.0123383883508	-0.0524080328835	-0.038581132905	-0.0506404534818	0.0550735183372	-0.0631533502561	-0.0117310099399	0.00263417916223	-0.0379110914401	-0.0540757389482	0.0285362287109	0.0776857438427	0.0733565594721	0.0128801541277	0.0390475920953	-0.0448908914004	0.061823768526	-0.0365730834671	0.0431237461018	0.00413035623773	0.0295701245358	-0.0816193722043	-0.00392970704043	-0.0259321227386	-0.0292017460124	0.030141781302	-0.0341442347924	-0.0527737854878	-0.0102987207415	0.0338256603444	-0.0107330177942
k__Bacteria;p__Bacteroidetes;c__Bacteroidia;o__Bacteroidales;f__Bacteroidaceae;g__Bacteroides;s__Bacteroides_salyersiae	-0.0207220936804	0.00437888471121	-0.110822840147	0.0157011983049	-0.0842690871269	0.0318844200856	-0.0603748843901	-0.0117886832056	0.0602198282987	-0.0157281405879	0.0421631029435	-0.0241488536322	0.0120069330128	-0.0632073126929	0.0193438932034	0.0945504752882	-0.0358950913752	-0.0182814371023	-0.0250736583792	0.0137494408061	1.0	0.0164463156714	-0.0425998781127	3.44875683172e-05	0.0221771955731	-0.0384059340145	-0.0406027964351	-0.0339464400456	-0.00755540559067	0.0139256308595	0.0121622288316	0.0244491949421	-0.0689129491757	-0.0102049742391	0.043655887749	-0.0565159834233	0.0127975813224	-0.0145387859752	0.017236940859	0.0378582949512	-0.0114267946357	-0.0268667440404	0.0169699466339	-0.00985926047781	-0.0489093674545	0.0333009284053	-0.0342585813207	0.00279139737665	-0.00809379146372	0.00914840637488	0.000505716235169	-0.0454643938158	0.0214396844021	-0.00858511213792	-0.010926680393	0.0261740199293	0.00194204995221	0.046220745746	0.0375857698963
k__Bacteria;p__Firmicutes;c__Clostridia;o__Clostridiales;f__Ruminococcaceae;g__Ruminiclostridium;s__[Eubacterium]_siraeum	-0.0302566045446	-0.00542364610094	0.0228808939195	0.0178101199435	-0.0372949237419	0.0115214957218	0.00282431529086	-0.0362294930336	0.00765364424932	-0.0680851263871	0.0103139097822	-0.0125968344937	0.0288301378245	-0.0679670246558	0.00401951007118	-0.0236836987103	-0.0264669163207	-0.026515277749	-0.0340610106045	0.00175656920726	0.0164463156714	1.0	0.0175505824359	0.011279692154	-0.0215395852469	0.0522139858417	0.0054485114547	0.0319094175449	0.0261328888122	-0.0310002102986	-0.01597796621	-0.00202509434612	-0.0265690720171	0.0262737968818	-0.0191805349831	-0.01844591504	-0.0403610768824	0.0458354847887	-0.093476010657	-0.0114776807705	0.0276012050097	-0.0671270355616	-0.070063899929	-0.0260326813688	-0.0109535026274	0.0377477429605	-0.0143748562481	-0.0274444027999	-0.00754011853703	-0.00633039031118	-0.0527002289074	-0.0120916479448	-0.0113456678279	0.031964624368	0.000126223706051	-0.0396086378306	0.0411950837056	0.0417454034606	-0.0590686027721
k__Bacteria;p__Proteobacteria;c__Betaproteobacteria;o__Burkholderiales;f__Sutterellaceae;g__Parasutterella;s__Parasutterella_excrementihominis	-0.0291196399034	0.0203446071053	-0.0127152840301	0.0425122220719	-0.0110303474187	0.103207808462	-0.0229767222449	-0.0107036686304	-0.0119253661919	0.0267313018119	-0.0153246480875	-0.0574159851279	-0.0114822375705	-0.0261840098434	0.0151085238734	0.0459657423298	-0.033113412795	0.01355189872	-0.0314415263502	0.0290088926461	-0.0425998781127	0.0175505824359	1.0	-0.00306006345461	-0.0348394220278	0.00554586628502	-0.0420644748729	-0.000470292350671	0.00327534446922	0.0319616692092	-0.014084683281	-0.00396371552781	0.0528334974533	-0.0256660620739	-0.0105087304168	-0.00467908200594	-0.0364997995399	0.0106514380433	0.0213486879871	0.0426897557472	0.0249855232177	-0.0627291068898	-0.00904717627222	-0.0160217311427	-0.042271732835	0.0056193735713	-0.0239028140444	0.0137394126877	0.0252887221148	-0.0427115717202	0.0101122807036	0.0782262211715	-0.0450081664764	-0.00824447827186	0.00147690132912	0.0296124701469	0.0216550584977	-0.0379758391426	0.0409208075135
k__Bacteria;p__Actinobacteria;c__Actinobacteria;o__Bifidobacteriales;f__Bifidobacteriaceae;g__Bifidobacterium;s__Bifidobacterium_adolescentis	0.0132920864365	0.0276547407771	-0.0765534933324	-0.017902853571	-0.0468723212839	-0.0358897154906	0.0198305816289	0.000497264597911	0.00933260676171	0.0129259637916	0.00862816449147	0.0130762776149	0.0410851141061	-0.0756857875081	-0.0395787569506	0.0453738951373	0.00933706427521	-0.00518119754476	-0.00921711560921	-0.0397472694139	3.44875683173e-05	0.011279692154	-0.00306006345461	1.0	-0.0193042987329	-0.0421358984757	-0.00874901762013	-0.0235635700638	0.0236317830848	0.0601188314267	0.0847872495172	0.00469473730574	0.0271006769406	-0.0061093266838	-0.0266253618901	0.0074473518082	0.00821170694768	0.0131409381863	-0.0543611589914	-0.0322168131221	-0.0124973142541	0.0243381582043	-0.0497433493427	-0.0207613957901	-0.0776012325992	-0.0334370198755	-0.0448685902263	-0.0839071716839	-0.0405876870602	-0.0336439957209	-0.0246202385916	-0.000736908712272	0.0323645051011	-0.0613556350082	-0.00151106619488	0.039951680091	0.0359232199532	-0.0570029022845	0.0269633094625
k__Bacteria;p__Firmicutes;c__Clostridia;o__Clostridiales;f__Oscillospiraceae;g__Oscillibacter;s__Oscillibacter_sp._KLE_1745	-0.0230622805415	-0.0119876024463	0.0246023848048	0.0618217374258	-0.0838132042568	-0.0112673844367	-0.0615151458788	-0.0381085465974	0.0375724021872	-0.0695776328417	-0.0254208958591	-0.0569087455751	-0.0478602393184	-0.0237317569334	-0.0463871842049	0.00778575214832	0.0231879234175	-0.025041743063	0.00586423835491	0.00949721963823	0.0221771955732	-0.0215395852469	-0.0348394220278	-0.0193042987329	1.0	-0.0126979098679	-0.0308578091773	0.0393744086348	0.00925051668533	-0.00011208873889	-0.0190575294159	-0.0436889993363	0.0151020071378	0.0624505804653	-0.0323855328189	0.0123745804966	0.0116994101195	0.028108024921	-0.0339232046826	0.00909807901408	-0.0390333014749	0.0267664312673	0.0100093977665	0.0464798728596	-0.0144808519613	-0.0396997564196	-0.0955161591057	-0.00181877963473	-0.00176151267266	-0.0169094820041	-0.0383381102166	0.0520379181535	-0.022941199891	-0.0166560769339	-0.0273983507785	-0.0310067687347	0.00718126656437	0.00512535510353	-0.0147844972707
k__Bacteria;p__Bacteroidetes;c__Bacteroidia;o__Bacteroidales;f__Bacteroidaceae;g__Bacteroides;s__Bacteroides_coprophilus	0.056814007174	0.0234103678003	-0.0238704853738	-0.0564127827165	0.00468691048481	0.0437567773946	0.0194651946931	-0.0304955072089	0.0699209081876	0.00376194236359	0.0081794259653	0.0189511375684	-0.0230351422279	-0.00183990534069	-0.00464937121032	-0.0470278564101	-0.017051291165	-0.0662632725413	-0.0470288818438	-0.0680191653685	-0.0384059340145	0.0522139858417	0.00554586628502	-0.0421358984757	-0.0126979098679	1.0	-0.00982990257759	-0.0470712860075	-0.0319056963647	0.0112253502891	0.00770777183691	-0.052209506328	0.00314170366818	-0.0537365206854	0.0163253091368	-0.0133607311454	-0.0271933057564	-0.0286840783043	0.0333220517608	-0.00666310777179	-0.00393022041128	-0.00331688709808	0.0164554584687	-0.00265031300962	0.0342461521653	-0.0435688879618	0.0510205432725	0.0161183862161	-0.0434202561496	-0.0539842217751	0.0220518969741	0.0333576308761	0.0169976838462	-0.0495529808795	0.0108344714572	0.0042542912605	-0.012598404913	-0.0240986188824	0.0117877099921
k__Bacteria;p__Firmicutes;c__Clostridia;o__Clostridiales;f__Lachnospiraceae;g__Roseburia;s__Roseburia_intestinalis	-0.00823713764946	-0.0485101503811	0.0780157841083	0.0454450984641	-0.013125288355	-0.0633087375022	-0.00213783516302	-0.00530674486138	-0.00338947643604	-0.0256494973794	0.0325241425911	0.0193711449249	0.0288267475379	0.0375008839257	-0.0115045214688	-0.0354434246607	-0.0272958303262	-0.0153207423358	0.0111727977091	-0.0347296212429	-0.0406027964351	0.0054485114547	-0.0420644748729	-0.00874901762013	-0.0308578091773	-0.00982990257759	1.0	-0.0391314941157	0.0177317788857	-0.0536871968669	0.0051664669768	0.0295294572036	0.0267946544398	0.00750782538333	0.00235588775581	-0.00523561186648	0.00118782528748	-0.0562749518268	-0.0274750013445	0.0196769410085	-0.0532941618392	-0.0400541054689	-0.00937601517784	-0.0387041223038	0.0136282891154	-0.00404649418107	-0.0283668083099	-0.00440289165283	-0.00569437914671	0.00963949685117	0.0383496001187	0.0243970575926	-0.00895943290173	-0.018854310025	0.0315960616414	-0.022383057199	0.0647886866413	-0.0166633907775	-0.0283552172317
k__Bacteria;p__Firmicutes;c__Clostridia;o__Clostridiales;f__Lachnospiraceae;g__Roseburia;s__Roseburia_hominis	-0.0168276385866	-0.0394241628701	0.0301732319743	-0.016215318755	-0.0189480397316	0.0651819362207	0.00734524317604	-0.0402860601889	-0.0656336199428	-0.0833858288207	-0.0575379716051	0.0366364653617	-0.028958937144	0.0412940456	0.0140601448411	-0.0346104987132	0.0167027206796	0.0266461211082	-0.00738819669033	-0.0447107836578	-0.0339464400456	0.0319094175449	-0.000470292350671	-0.0235635700638	0.0393744086348	-0.0470712860075	-0.0391314941157	1.0	-0.0150795588969	0.00729378752491	0.00692569157968	-0.0420328605337	-0.0132500454517	-0.0169456799249	-0.0702043542827	-0.0114892941039	0.00775240085244	0.0477061559445	0.0238813315	0.0254700092339	0.00170627988214	-0.0621908189825	-0.1182296561	-0.0483383943082	-0.0348486951372	-0.0863825929802	0.0010657999582	-0.0410860469684	-0.0123676746687	0.0190104058644	-0.0028207595153	-0.0328320156338	0.0578617478544	0.0459047282303	-0.0395754519529	0.0155171703825	-0.0569805948194	-0.0438087170226	-0.00425189855612
k__Bacteria;p__Bacteroidetes;c__Bacteroidia;o__Bacteroidales;f__Porphyromonadaceae;g__Parabacteroides;s__Parabacteroides_johnsonii	0.00961242952427	0.020635604116	0.0162139009383	-0.0184360632569	-0.0473125032352	-0.00786819363562	0.0251717808348	0.000692833387868	-0.0339643183688	0.0283400927165	-0.0241106315989	0.0206912637469	-0.00125942021457	-0.0303055928608	-0.000947815811261	-0.0655489343781	-0.027979904116	-0.0900420387137	0.00914754502373	0.0123383883508	-0.00755540559067	0.0261328888122	0.00327534446922	0.0236317830848	0.00925051668533	-0.0319056963647	0.0177317788857	-0.0150795588969	1.0	-0.0283932851823	0.0395970388116	-0.0760443052651	-0.0140717130349	0.00640333294845	-0.00460835523411	-0.047739900862	0.0504835666302	-0.0184634385761	0.019706030794	0.0316095705652	0.0142421146893	0.0253791549318	0.0347803973359	0.0344979005051	-0.0152419540606	0.0713856349987	-0.0301950577054	-0.00696917894922	-0.0612643967646	-0.0112780434884	0.0290403840825	-0.054548316802	-0.0355484274551	0.0515622256338	0.000257159780725	-0.0109514276222	-0.0553816405367	0.0227838836442	0.0463620713727
k__Bacteria;p__Actinobacteria;c__Actinobacteria;o__Bifidobacteriales;f__Bifidobacteriaceae;g__Bifidobacterium;s__Bifidobacterium_longum	0.0209713428277	0.00384351214122	0.0322736694209	-0.0237401470172	0.0212886598429	0.0235684040076	-0.0268295102458	-0.0310863649713	0.00863241457916	-0.0239208219893	0.0334208322115	0.0413697340725	-0.0430530780134	0.05417472747	0.0536808509805	0.0228870630506	-0.000235999671369	-0.0477898965574	-0.0625544726579	-0.0524080328835	0.0139256308595	-0.0310002102986	0.0319616692092	0.0601188314267	-0.00011208873889	0.0112253502891	-0.0536871968669	0.00729378752491	-0.0283932851823	1.0	-0.0553133619699	-0.0319818202353	-0.0343400190605	-0.0439919439394	-0.0464922478104	-0.0493137305751	-0.0359381671233	0.0148662762575	-0.0306278234002	0.0206778340573	-0.058363806443	-0.00689505083111	-0.0162869290617	-0.00673059893862	-0.0220279179738	0.0162372806541	-0.0495792173955	-0.000572496854215	-0.017218445734	0.0283540664225	-0.0155123257251	0.0223148835948	0.0122180606674	0.0177470026393	0.00952658613238	-0.00520989246602	-0.0463468265858	0.00762501988126	0.0273204837091
