#taxonomy	k__Bacteria;p__Bacteroidetes;c__Bacteroidia;o__Bacteroidales;f__Bacteroidaceae;g__Bacteroides;s__Bacteroides_vulgatus	k__Bacteria;p__Bacteroidetes;c__Bacteroidia;o__Bacteroidales;f__Bacteroidaceae;g__Bacteroides;s__Bacteroides_uniformis	k__Bacteria;p__Bacteroidetes;c__Bacteroidia;o__Bacteroidales;f__Rikenellaceae;g__Alistipes;s__Alistipes_putredinis	k__Bacteria;p__Bacteroidetes;c__Bacteroidia;o__Bacteroidales;f__Prevotellaceae;g__Prevotella;s__Prevotella_copri	k__Bacteria;p__Bacteroidetes;c__Bacteroidia;o__Bacteroidales;f__Bacteroidaceae;g__Bacteroides;s__Bacteroides_stercoris	k__Bacteria;p__Bacteroidetes;c__Bacteroidia;o__Bacteroidales;f__Bacteroidaceae;g__Bacteroides;s__Bacteroides_ovatus	k__Bacteria;p__Bacteroidetes;c__Bacteroidia;o__Bacteroidales;f__Rikenellaceae;g__Alistipes;s__Alistipes_shahii	k__Bacteria;p__Firmicutes;c__Clostridia;o__Clostridiales;f__Ruminococcaceae;g__Faecalibacterium;s__Faecalibacterium_prausnitzii	k__Bacteria;p__Bacteroidetes;c__Bacteroidia;o__Bacteroidales;f__Rikenellaceae;g__Alistipes;s__Alistipes_finegoldii	k__Bacteria;p__Bacteroidetes;c__Bacteroidia;o__Bacteroidales;f__Porphyromonadaceae;g__Parabacteroides;s__Parabacteroides_distasonis	k__Bacteria;p__Bacteroidetes;c__Bacteroidia;o__Bacteroidales;f__Bacteroidaceae;g__Bacteroides;s__Bacteroides_thetaiotaomicron	k__Bacteria;p__Bacteroidetes;c__Bacteroidia;o__Bacteroidales;f__Bacteroidaceae;g__Bacteroides;s__Bacteroides_coprocola	k__Bacteria;p__Bacteroidetes;c__Bacteroidia;o__Bacteroidales;f__Bacteroidaceae;g__Bacteroides;s__Bacteroides_cellulosilyticus	k__Bacteria;p__Bacteroidetes;c__Bacteroidia;o__Bacteroidales;f__Rikenellaceae;g__Alistipes;s__Alistipes_obesi	k__Bacteria;p__Firmicutes;c__Clostridia;o__Clostridiales;f__Lachnospiraceae;g__;s__[Eubacterium]_rectale	k__Bacteria;p__Bacteroidetes;c__Bacteroidia;o__Bacteroidales;f__Bacteroidaceae;g__Bacteroides;s__Bacteroides_plebeius	k__Bacteria;p__Bacteroidetes;c__Bacteroidia;o__Bacteroidales;f__Bacteroidaceae;g__Bacteroides;s__Bacteroides_fragilis	k__Bacteria;p__Proteobacteria;c__Betaproteobacteria;o__Burkholderiales;f__Sutterellaceae;g__Sutterella;s__Sutterella_wadsworthensis	k__Bacteria;p__Bacteroidetes;c__Bacteroidia;o__Bacteroidales;f__Porphyromonadaceae;g__Barnesiella;s__Barnesiella_intestinihominis	k__Bacteria;p__Bacteroidetes;c__Bacteroidia;o__Bacteroidales;f__Odoribacteraceae;g__Odoribacter;s__Odoribacter_splanchnicus	k__Bacteria;p__Bacteroidetes;c__Bacteroidia;o__Bacteroidales;f__Bacteroidaceae;g__Bacteroides;s__Bacteroides_salyersiae	k__Bacteria;p__Firmicutes;c__Clostridia;o__Clostridiales;f__Ruminococcaceae;g__Ruminiclostridium;s__[Eubacterium]_siraeum	k__Bacteria;p__Proteobacteria;c__Betaproteobacteria;o__Burkholderiales;f__Sutterellaceae;g__Parasutterella;s__Parasutterella_excrementihominis	k__Bacteria;p__Actinobacteria;c__Actinobacteria;o__Bifidobacteriales;f__Bifidobacteriaceae;g__Bifidobacterium;s__Bifidobacterium_adolescentis	k__Bacteria;p__Firmicutes;c__Clostridia;o__Clostridiales;f__Oscillospiraceae;g__Oscillibacter;s__Oscillibacter_sp._KLE_1745	k__Bacteria;p__Bacteroidetes;c__Bacteroidia;o__Bacteroidales;f__Bacteroidaceae;g__Bacteroides;s__Bacteroides_coprophilus	k__Bacteria;p__Firmicutes;c__Clostridia;o__Clostridiales;f__Lachnospiraceae;g__Roseburia;s__Roseburia_intestinalis	k__Bacteria;p__Firmicutes;c__Clostridia;o__Clostridiales;f__Lachnospiraceae;g__Roseburia;s__Roseburia_hominis	k__Bacteria;p__Bacteroidetes;c__Bacteroidia;o__Bacteroidales;f__Porphyromonadaceae;g__Parabacteroides;s__Parabacteroides_johnsonii	k__Bacteria;p__Actinobacteria;c__Actinobacteria;o__Bifidobacteriales;f__Bifidobacteriaceae;g__Bifidobacterium;s__Bifidobacterium_longum	k__Bacteria;p__Firmicutes;c__Clostridia;o__Clostridiales;f__;g__Flavonifractor;s__Flavonifractor_plautii	k__Bacteria;p__Firmicutes;c__Clostridia;o__Clostridiales;f__Clostridiaceae;g__Clostridium;s__Clostridium_phoceensis	k__Bacteria;p__Verrucomicrobia;c__Verrucomicrobiae;o__Verrucomicrobiales;f__Akkermansiaceae;g__Akkermansia;s__Akkermansia_muciniphila	k__Bacteria;p__Bacteroidetes;c__Bacteroidia;o__Bacteroidales;f__Prevotellaceae;g__Paraprevotella;s__Paraprevotella_xylaniphila	k__Bacteria;p__Firmicutes;c__Clostridia;o__Clostridiales;f__Ruminococcaceae;g__Ruminococcus;s__Ruminococcus_callidus	k__Bacteria;p__Bacteroidetes;c__Bacteroidia;o__Bacteroidales;f__Rikenellaceae;g__Alistipes;s__Alistipes_senegalensis	k__Bacteria;p__Firmicutes;c__Clostridia;o__Clostridiales;f__Lachnospiraceae;g__Blautia;s__Blautia_sp._KLE_1732	k__Bacteria;p__Bacteroidetes;c__Bacteroidia;o__Bacteroidales;f__Bacteroidaceae;g__Bacteroides;s__Bacteroides_oleiciplenus	k__Bacteria;p__Firmicutes;c__Clostridia;o__Clostridiales;f__Ruminococcaceae;g__Ruminococcus;s__Ruminococcus_bicirculans	k__Bacteria;p__Bacteroidetes;c__Bacteroidia;o__Bacteroidales;f__Bacteroidaceae;g__Bacteroides;s__Bacteroides_fluxus	k__Bacteria;p__Bacteroidetes;c__Bacteroidia;o__Bacteroidales;f__Prevotellaceae;g__Prevotella;s__Prevotella_stercorea	k__Bacteria;p__Firmicutes;c__Clostridia;o__Clostridiales;f__Lachnospiraceae;g__Dorea;s__Dorea_longicatena	k__Bacteria;p__Firmicutes;c__Clostridia;o__Clostridiales;f__Eubacteriaceae;g__Eubacterium;s__[Eubacterium]_eligens	k__Bacteria;p__Firmicutes;c__Clostridia;o__Clostridiales;f__Ruminococcaceae;g__;s__Ruminococcaceae_bacterium_D16	k__Bacteria;p__Firmicutes;c__Clostridia;o__Clostridiales;f__Lachnospiraceae;g__Coprococcus;s__Coprococcus_comes	k__Bacteria;p__Proteobacteria;c__Gammaproteobacteria;o__Enterobacterales;f__Enterobacteriaceae;g__Escherichia;s__Escherichia_coli	k__Bacteria;p__Firmicutes;c__Clostridia;o__Clostridiales;f__Ruminococcaceae;g__Anaerotruncus;s__Anaerotruncus_colihominis	k__Bacteria;p__Firmicutes;c__Clostridia;o__Clostridiales;f__Lachnospiraceae;g__Blautia;s__Blautia_obeum	k__Bacteria;p__Bacteroidetes;c__Bacteroidia;o__Bacteroidales;f__Odoribacteraceae;g__Odoribacter;s__Odoribacter_laneus	k__Bacteria;p__Firmicutes;c__Clostridia;o__Clostridiales;f__Ruminococcaceae;g__Ruminiclostridium;s__[Clostridium]_leptum	k__Bacteria;p__Bacteroidetes;c__Bacteroidia;o__Bacteroidales;f__Porphyromonadaceae;g__Parabacteroides;s__Parabacteroides_goldsteinii	k__Bacteria;p__Firmicutes;c__Clostridia;o__Clostridiales;f__Lachnospiraceae;g__Anaerostipes;s__Anaerostipes_hadrus	k__Bacteria;p__Firmicutes;c__Clostridia;o__Clostridiales;f__Ruminococcaceae;g__Ruminococcus;s__Ruminococcus_lactaris	k__Bacteria;p__Firmicutes;c__Clostridia;o__Clostridiales;f__Clostridiaceae;g__Clostridium;s__Clostridium_sp._L2-50	k__Bacteria;p__Firmicutes;c__Clostridia;o__Clostridiales;f__Clostridiaceae;g__Clostridium;s__Clostridium_sp._M62/1	k__Bacteria;p__Firmicutes;c__Clostridia;o__Clostridiales;f__;g__Intestinimonas;s__Intestinimonas_butyriciproducens	k__Bacteria;p__Actinobacteria;c__Actinobacteria;o__Bifidobacteriales;f__Bifidobacteriaceae;g__Bifidobacterium;s__Bifidobacterium_bifidum	k__Bacteria;p__Firmicutes;c__Negativicutes;o__Veillonellales;f__Veillonellaceae;g__Dialister;s__Dialister_invisus	k__Bacteria;p__Bacteroidetes;c__Bacteroidia;o__Bacteroidales;f__Bacteroidaceae;g__Bacteroides;s__Bacteroides_salanitronis
k__Bacteria;p__Bacteroidetes;c__Bacteroidia;o__Bacteroidales;f__Bacteroidaceae;g__Bacteroides;s__Bacteroides_vulgatus	1.0	-0.0474733781617	-0.00655822168394	-0.0263860179329	0.0326283416387	-0.0068820615861	-0.0514353507659	0.00701844403762	0.00468660390904	0.0168714218804	0.0118395554344	0.0178010409754	-0.0402533552014	-0.0837953685355	-0.0486831923632	-0.0132109558523	-0.0150384612699	-0.01440045109	-0.0140000269591	0.0138377822922	-0.0465305654398	0.0734210478891	0.000715882892074	0.00395219264642	-0.00267606115371	-0.0260208447478	-0.0108536686805	-0.00347879123672	0.009962920812	-0.0201495878485	0.0199639878982	-0.0186828017605	-0.0116632212866	0.0416676562251	0.0638328811685	-0.0210121380947	-0.0344883551593	-0.0152330415008	-0.00077116908263	-0.0191245757414	0.00457013842763	-0.0176403842338	0.0361159412951	-0.00580182608962	-0.00825159568524	-0.0306695810505	-0.00279396770813	0.0703172392017	-0.0711477994263	0.0139629160167	-0.0742701670431	-0.033513656446	-0.0770557054064	-0.0431700508063	-0.0300919086629	-0.0619423613298	-0.0304379582581	-0.0462702661291	-0.0302784278574
k__Bacteria;p__Bacteroidetes;c__Bacteroidia;o__Bacteroidales;f__Bacteroidaceae;g__Bacteroides;s__Bacteroides_uniformis	-0.0474733781617	1.0	0.0323313437092	-0.0295010943978	-0.0575300973542	-0.0698300440773	-0.0525268423274	0.0036416032517	-0.0519832886342	0.00388344287587	0.0332677201213	0.0118362226422	0.0226312921583	-0.0301625902888	0.00161662106995	0.0613450108431	-0.0501768266793	-0.0360169518774	0.00802149178967	-0.0027628005565	0.0147191392251	0.00807033161279	0.0168500899792	-0.00838513835852	0.0368805065183	0.0499682265569	-0.0187454570102	-0.0474724974556	0.00240291442637	0.0289106399826	-0.0301043933871	-0.0259520683	-0.0258159070996	-0.0242709977922	0.0335611235698	-0.0285975207362	-0.0298448283669	0.0184080079971	0.00152243144092	-0.0264742084267	-0.0192497672012	0.00197167751956	0.0362922979004	-0.016042665985	-0.00878397459625	-0.0222864791474	0.0329242079712	-0.0279396930058	-0.0168034282126	-0.0147267318148	0.0420986286063	-0.0123611621575	-0.0143817112832	0.00630392181816	-0.0189695203862	0.0607275484389	-0.00877566098612	0.023437077526	0.0479995481286
k__Bacteria;p__Bacteroidetes;c__Bacteroidia;o__Bacteroidales;f__Rikenellaceae;g__Alistipes;s__Alistipes_putredinis	-0.00655822168394	0.0323313437092	1.0	-0.0173033069219	0.075766838909	-0.0740958063155	0.0367185027686	-0.0153600412499	-0.00702524373885	-0.0326932179776	-0.0209727034283	0.0285532248561	0.0170867795286	0.0377952394523	-0.00930407292601	0.03796731333	0.0631776831429	0.0336100774256	0.0380963993257	0.0438868874801	-0.0299795355334	0.0343377011032	-0.0562235123933	-0.0243341775216	0.00040071727071	-0.00387897919667	-0.0448966784409	-0.0182896212096	-0.0125635029737	-0.0127067511099	0.0541052388151	-0.0479140925306	-0.029386420116	-0.00103773251181	-0.0854920689399	0.055283856946	0.0139716151636	-0.0114274735514	0.0130020257503	-0.0336315553267	0.00557332535344	0.00336632116785	0.0148906027586	0.110042171347	-0.00481275724434	-0.0107708664733	-0.0269091618841	-0.0114355430066	0.0113455136879	0.00868688725581	-0.0711737059628	0.0445743250079	0.00234532446497	-0.0102358037724	-0.0158929000946	-0.0862397692067	0.0422559123069	-0.0406924722315	0.0207750062014
k__Bacteria;p__Bacteroidetes;c__Bacteroidia;o__Bacteroidales;f__Prevotellaceae;g__Prevotella;s__Prevotella_copri	-0.0263860179329	-0.0295010943978	-0.0173033069219	1.0	0.0153679948941	-0.0479622942284	-0.0342425657755	0.0206982953054	-0.0506398515496	-0.0559648202988	0.0843689062087	0.0517967685827	0.00666307081998	-0.022642126539	-0.00345020255605	-0.103177085482	-0.0152325721239	-0.056195787305	-0.0266367145898	-8.97524564352e-05	-0.0452367006276	-0.0233795275938	0.0434048861042	-0.0742253126454	-0.0113840001878	-0.0503556762898	0.00509790158843	-0.0477586183892	-0.0418363079417	0.0214646255859	-0.117849398309	-0.0206764747062	0.00584857217079	-0.0453433733195	0.00264775460757	-0.0413867103557	-0.000351806570439	-0.0431275646734	0.00392212143415	0.0385287560594	-0.0105904941053	0.0460452874626	0.0340643881915	-0.0160638742189	-0.0365125239968	-0.0191105805427	0.0220177773533	0.0653951899994	-0.000858328865688	-0.0183811879897	0.0384439979202	0.0057207056617	0.0166269079311	-0.0422565068382	-0.00120395642439	-0.02800888187	-0.0408565940218	0.0200928410867	0.0655595759057
k__Bacteria;p__Bacteroidetes;c__Bacteroidia;o__Bacteroidales;f__Bacteroidaceae;g__Bacteroides;s__Bacteroides_stercoris	0.0326283416387	-0.0575300973542	0.075766838909	0.0153679948941	1.0	-0.0164492891409	-0.0372768248606	0.0336372789372	0.00237744460524	0.0186717927336	-0.0193901424331	0.00213762550842	-0.0478875236912	-0.00166948451402	-0.0289881891018	0.0345182314926	-0.00451564872216	0.0190890790576	-0.0390788559035	0.0427498139532	-0.00323868982274	0.00691770507702	-0.0242780040356	0.026954367591	-0.0351219207023	0.0182568782271	-0.0548166025689	-0.0194578551233	-0.0223573349839	0.025481808834	0.0215461095884	-0.028354651258	-0.028301602247	0.0361748009	-0.0559035876279	-0.0504172618323	0.00566548681355	-0.0745790510464	0.0560799433525	0.0416827321249	0.0153344057803	-0.0054964908027	-0.0164241594864	-0.00897542540904	0.0277283119871	-0.0111376246991	-0.0706631611719	0.0266733865987	-0.0743625972981	0.0313147045258	-0.000194328818711	0.0251831943858	-0.0422751736634	-0.0110115799959	-0.0784815483149	-0.0753062829601	-0.0248098980895	-0.0190012946306	-0.0451097576895
k__Bacteria;p__Bacteroidetes;c__Bacteroidia;o__Bacteroidales;f__Bacteroidaceae;g__Bacteroides;s__Bacteroides_ovatus	-0.0068820615861	-0.0698300440773	-0.0740958063155	-0.0479622942284	-0.0164492891409	1.0	-0.0466645269738	-0.0141219315034	-0.00854636039789	-0.00629358722791	-0.0876382069302	-0.0211613800294	-0.00830009842395	0.0193656893641	-0.00926995963963	-0.0532941926551	0.0299866675807	0.0382090856332	0.0376730449189	0.0233963063148	-0.00992342012381	-0.0495761701286	-0.00954367345298	-0.0259384317396	-0.0775932239657	0.0622225179113	-0.0402603626936	-0.0327791737934	-0.00523030158236	-0.0759307441316	-0.0531077330048	0.00917116812442	0.0015523590024	0.0503504483527	-0.00779863127627	0.021952018952	0.0466353498909	0.0566577383215	0.00200896171335	-0.0357621949115	0.0262875707211	-0.0338655789304	-0.0439017346001	0.0535067064295	-0.0160383108743	-0.0734900956783	-0.00928913398849	0.0796750380982	0.0538459445217	0.0239124151204	0.0395708246132	-0.0825302561423	-0.060542066265	-0.00958027784772	-0.0468900437875	-0.0123117619637	-0.0570645262496	0.0363925273783	-0.0167591598752
k__Bacteria;p__Bacteroidetes;c__Bacteroidia;o__Bacteroidales;f__Rikenellaceae;g__Alistipes;s__Alistipes_shahii	-0.0514353507659	-0.0525268423274	0.0367185027686	-0.0342425657755	-0.0372768248606	-0.0466645269738	1.0	0.0178043856508	-0.00504985752967	-0.0304096963495	-0.0293704621926	0.00159945950426	0.0591862146559	-0.00600106650594	-0.00535319533901	-0.0464568445646	-0.00584826993712	-0.031827832279	0.0119905652327	-0.0600607158228	0.00196595686714	-0.0555992950641	0.0147205194511	0.0264488020267	-0.0699901421247	0.0158812832828	-0.00638730898702	-0.0550443676869	0.0181202331709	0.0102376238517	0.0241451433117	-0.00828094534987	0.0437463474802	-0.000137512829639	-0.0463549289297	0.0110770352834	0.0134452650986	-0.0107051585039	-0.0160306132809	-0.00356432746907	-0.000470704159981	0.0276366239953	-0.018545432588	-0.0709485631598	0.00392888030151	0.047645075201	-0.0254644163732	-0.0123116670599	-0.0350322237614	-0.00479821465425	-0.0684904327808	0.00837220895509	-0.0114225706908	0.0328804870121	-0.0244996644936	-0.0300145802058	0.0499507783723	0.0188089354495	-0.0435045424457
k__Bacteria;p__Firmicutes;c__Clostridia;o__Clostridiales;f__Ruminococcaceae;g__Faecalibacterium;s__Faecalibacterium_prausnitzii	0.00701844403762	0.0036416032517	-0.0153600412499	0.0206982953054	0.0336372789372	-0.0141219315034	0.0178043856508	1.0	-0.0788601455238	0.0136186594719	-0.0118878687488	-0.00952215562177	-0.0432730444656	0.00427627812939	-0.0286279003249	0.0547299921975	-0.00350152261495	-0.0551657136629	0.0070570501375	-0.00991992846251	-0.042253314282	-0.0506340126665	-0.0123168603113	-0.0110741103531	-0.00532931973591	0.0477329630871	-0.045903977915	-0.00332778565885	-0.0126430089379	0.00289756163292	-0.0343174258502	-0.0472232433113	-0.00477470729173	-0.0302465583092	-0.0302714499197	-0.028751168114	-0.0145944533936	0.0877542565944	0.0195699206457	-0.0630284022031	-0.0410381657898	0.0319479626159	0.0506862843958	-0.0338023866206	0.0160958263719	-0.0481318219147	-0.0700959719078	0.0134589148823	-0.0424006977719	-0.0339242617822	0.00576624539144	0.00866772418105	-0.017774737053	-0.00275347876437	-0.054823774598	-0.00495010161605	0.0170939428011	-0.0406062189036	0.033979231742
k__Bacteria;p__Bacteroidetes;c__Bacteroidia;o__Bacteroidales;f__Rikenellaceae;g__Alistipes;s__Alistipes_finegoldii	0.00468660390904	-0.0519832886342	-0.00702524373885	-0.0506398515496	0.00237744460524	-0.00854636039789	-0.00504985752967	-0.0788601455238	1.0	-0.0305515727792	-0.0573471201394	0.0308603367837	-0.00266339014482	0.00400744184059	0.0112621327584	-0.0254167625308	-0.04882793032	0.00187552838765	-0.00264191903522	0.00668967922294	0.0332200617299	0.0392732716425	-0.0486268954619	0.0271995715085	-0.044236158664	0.00505636356279	-0.0185801083843	0.0185621255017	-0.0199220551692	-0.007744654685	-0.0167548460383	0.0386379015553	-0.0575142953349	0.0571479473713	-0.0100104857221	-0.0264001112544	0.0293243518734	-0.024178368766	0.0642166127887	-0.0230330429201	-0.00181464123592	-0.00148259900086	0.0179726924437	-0.00544497871167	0.0303227542139	-0.00943022307461	-0.025699928596	0.0509730747913	-0.00219918458105	-0.00303246935691	0.0298417928776	0.00760014137104	-0.0115083715894	0.00904425916844	-0.0393939366023	0.0204444528828	-0.0402491248277	0.0283628182301	-0.00484532035024
k__Bacteria;p__Bacteroidetes;c__Bacteroidia;o__Bacteroidales;f__Porphyromonadaceae;g__Parabacteroides;s__Parabacteroides_distasonis	0.0168714218804	0.00388344287587	-0.0326932179776	-0.0559648202988	0.0186717927336	-0.00629358722791	-0.0304096963495	0.0136186594719	-0.0305515727792	1.0	-0.00684461948705	0.000738766640844	-0.00270824980258	-0.0255983093497	0.00962586693397	-0.0160123444042	0.0575547469187	-0.0172592290954	-0.0269060329923	-0.0397482996093	-0.0197753705436	-0.0163950547529	0.0101096058326	-0.0232961558499	0.0229463221485	-0.00386911961063	0.0287666853608	-0.0141389854462	-0.0359262726524	0.0314091169671	-0.0453979112459	-0.00756389585884	-0.0192232071887	0.0100380568858	-0.00357365242038	0.0465655159851	-0.0162392362356	0.0437591480542	0.0454799807464	-0.00994645601682	0.0114767006664	-0.0174632019863	-0.0144422700255	0.026266862666	0.0312430351457	-0.0210850621669	-0.0355099459197	-0.028773014137	-0.00593424451151	-0.0393031353956	0.000111617016399	0.00314062027009	-0.00583984945291	-0.012589974377	-0.072121365499	-0.0574100340031	0.0219617194565	0.015358921266	-0.0196552034418
k__Bacteria;p__Bacteroidetes;c__Bacteroidia;o__Bacteroidales;f__Bacteroidaceae;g__Bacteroides;s__Bacteroides_thetaiotaomicron	0.0118395554344	0.0332677201213	-0.0209727034283	0.0843689062087	-0.0193901424331	-0.0876382069302	-0.0293704621926	-0.0118878687488	-0.0573471201394	-0.00684461948705	1.0	0.00157595553032	-0.059215625873	-0.0137627472856	0.0133455218952	-0.0127245198197	-0.0095757252549	-0.0297057867646	-0.0727493600336	-0.0188611996065	-0.0143872710334	0.0210245339662	0.0280569767102	-0.0713417984644	0.023315131004	0.0159947959795	0.0171966409902	0.0440604098218	0.00427459355365	0.00169923494556	0.0483722438758	-0.0251814696793	-0.0387895190569	0.0171015862263	0.0180984323914	0.0759840305227	-0.0390647526762	-0.0367835939226	0.0108473334389	-0.0432467072125	-0.063516499482	-0.0317715667296	-0.0240715935371	-0.0502528109835	-0.0117445685511	-0.063746124684	0.0270873849765	0.0110384087094	0.0527300549904	-0.0459829031713	0.0374973548469	0.0511776332536	-0.0659227178895	-0.00485969487602	-0.101035563698	0.0450728492999	0.0281109250346	-0.013599988779	0.0156547095135
k__Bacteria;p__Bacteroidetes;c__Bacteroidia;o__Bacteroidales;f__Bacteroidaceae;g__Bacteroides;s__Bacteroides_coprocola	0.0178010409754	0.0118362226422	0.0285532248561	0.0517967685827	0.00213762550842	-0.0211613800294	0.00159945950426	-0.00952215562177	0.0308603367837	0.000738766640844	0.00157595553032	1.0	-0.0240879643573	-0.0132133726362	-0.0370905078919	0.004741107132	-0.00275621715407	-0.00266840110129	-0.0147330768304	0.00657255533609	0.0105015515035	0.0134810379447	0.0172615303482	0.00899579683999	0.0433648551517	-0.00351346726102	-0.0284538696182	0.00630952671137	-0.099234781708	0.0207798235833	-0.00966592424488	0.0672975920271	-0.0520099282845	-0.0834288430751	0.01392940972	-0.0710159347793	-0.0386242845446	-0.018368536979	0.0401483409479	-0.0291912433571	-0.0272498772335	0.0496740144168	-0.0512539535159	0.0199917260168	-0.0111641971793	0.00200779673989	0.0096279748226	-0.0649956751821	0.0335900908953	0.0190802820175	0.0286973969141	0.00477239851468	-0.0696714139369	0.00306671733771	-0.0855361054017	-0.0244342731173	-0.00192605151861	-0.0166486206457	-0.04869139297
k__Bacteria;p__Bacteroidetes;c__Bacteroidia;o__Bacteroidales;f__Bacteroidaceae;g__Bacteroides;s__Bacteroides_cellulosilyticus	-0.0402533552014	0.0226312921583	0.0170867795286	0.00666307081998	-0.0478875236912	-0.00830009842395	0.0591862146559	-0.0432730444656	-0.00266339014482	-0.00270824980258	-0.059215625873	-0.0240879643573	1.0	-0.00612086472701	-0.0575246812583	0.0138697048891	-0.0197784383271	-0.0546418184638	-0.00490477660772	-0.0590122903148	0.0439946320282	0.00288218296397	-0.0520889570683	0.0147038289076	-0.00706228052406	0.062205881889	-0.00703137083647	-0.0155217096855	-0.00154621623669	-0.0137342359641	0.0203485511317	-0.0401302327127	0.0149406292212	0.0222070750722	0.0415716647399	-0.03976292486	-0.00986827229346	-0.0134615969199	-0.0095917445024	-0.0276479421933	-0.0144004452953	-0.023934663351	-0.0250623337294	0.0146350687873	-0.0129997969102	-0.0371275548571	0.00749701451794	-0.0846504995704	-0.0182800794436	-0.00679083813182	-0.0432514114769	0.00164698522566	-0.0302309960006	0.0105908719463	0.101924413996	-0.0382111902901	0.0497797878329	0.0130421248096	-0.0208571508336
k__Bacteria;p__Bacteroidetes;c__Bacteroidia;o__Bacteroidales;f__Rikenellaceae;g__Alistipes;s__Alistipes_obesi	-0.0837953685355	-0.0301625902888	0.0377952394523	-0.022642126539	-0.00166948451402	0.0193656893641	-0.00600106650594	0.00427627812939	0.00400744184059	-0.0255983093497	-0.0137627472856	-0.0132133726362	-0.00612086472701	1.0	-0.0535281906453	-0.0054621749149	-0.023677670246	0.0060427871604	-0.0122890600675	0.0343504132945	-0.0261676572187	0.0266479654885	-0.00546272212743	0.0132799832899	-0.0168272072088	0.0113078561588	0.0631068958549	0.0622033551962	0.0118197545143	0.00955231010718	-0.0286795638685	0.083120710671	-0.0445446922806	0.00849740679214	0.0550188693329	0.0306098627862	-0.0667465049178	0.00839187245687	-0.0471653483354	-0.0576827440362	0.0163679972262	-0.0099659846635	-0.000480294608126	0.0459195962995	0.0496349710469	-0.0215397965959	-0.0626308844126	0.00708300758068	-0.116874130597	-0.01815858886	0.0123483201862	-0.0422915252617	0.062887660301	-0.0488216194917	-0.00131752943757	0.0757254540401	-0.0553859555462	-0.0595527842622	0.01821103109
k__Bacteria;p__Firmicutes;c__Clostridia;o__Clostridiales;f__Lachnospiraceae;g__;s__[Eubacterium]_rectale	-0.0486831923632	0.00161662106995	-0.00930407292601	-0.00345020255605	-0.0289881891018	-0.00926995963963	-0.00535319533901	-0.0286279003249	0.0112621327584	0.00962586693397	0.0133455218952	-0.0370905078919	-0.0575246812583	-0.0535281906453	1.0	-0.00284456691088	0.0109774064061	0.0692640259554	-0.0182467812706	0.0119290636206	-0.0298390690813	-0.0297824604008	0.0473295200044	-0.0328568460143	-0.0745832983506	-0.0366065707256	-0.0257634284367	-0.0199314685117	0.00797738664509	0.0256014519617	-0.0011606420789	-0.0151069376255	-0.0471264890071	-0.0330749103048	-0.0197001610478	0.02407984541	-0.0377052963743	-0.0520212783816	-0.0151251230787	-0.013141179917	0.00596015443784	0.0270436024787	-0.010638849643	-0.00807932416975	-0.0300299675027	0.00701253018058	0.00863303594175	-0.0319094113441	-0.0334648209176	-0.0578536661745	-0.00665781380392	-0.0535026088877	-0.0199871324817	0.02137455986	-0.0246313758599	0.00550723741818	0.0286800205781	0.0576838433193	-0.0845215454069
k__Bacteria;p__Bacteroidetes;c__Bacteroidia;o__Bacteroidales;f__Bacteroidaceae;g__Bacteroides;s__Bacteroides_plebeius	-0.0132109558523	0.0613450108431	0.03796731333	-0.103177085482	0.0345182314926	-0.0532941926551	-0.0464568445646	0.0547299921975	-0.0254167625308	-0.0160123444042	-0.0127245198197	0.004741107132	0.0138697048891	-0.0054621749149	-0.00284456691088	1.0	-0.00730130831596	0.0554470480221	-0.0825154592844	0.0137171009871	-0.0321223623171	0.0116936884424	-0.0233787213227	-0.00694034796372	0.0582486107146	0.0254286741847	0.0290659576791	0.0145017061489	-0.0154868016767	0.0264335491258	-0.00907797375238	-0.0240683472383	0.029833259784	-0.0257199709395	-0.0649615000275	-0.0314780489691	9.56612147994e-05	0.0609440009735	-0.0100411363323	-0.0121691039375	0.0282556471347	-0.0254519676111	-0.0060517866748	-0.00659317653931	0.0230571788466	-0.0480556799002	-0.0113647095235	-0.0101228734727	0.00660563621891	0.0071146761275	-0.0402482450875	0.0031435355222	0.0100996553239	-0.0313738958844	-0.0117129599836	0.0271358608782	-0.0467243014087	-0.0382537435814	0.0524221505918
k__Bacteria;p__Bacteroidetes;c__Bacteroidia;o__Bacteroidales;f__Bacteroidaceae;g__Bacteroides;s__Bacteroides_fragilis	-0.0150384612699	-0.0501768266793	0.0631776831429	-0.0152325721239	-0.00451564872216	0.0299866675807	-0.00584826993712	-0.00350152261495	-0.04882793032	0.0575547469187	-0.0095757252549	-0.00275621715407	-0.0197784383271	-0.023677670246	0.0109774064061	-0.00730130831596	1.0	0.00503138279189	-0.00507133567336	0.0195456348273	0.0294021408412	0.0215351065007	0.0154658777399	-0.0280092917991	-0.0260556281754	-0.0430233054279	-0.00761539936367	-0.0719647232316	-0.0478357968767	-0.0136633797852	0.0180105379854	-0.00932326806742	-0.0277897877053	0.00363634288808	0.0429173792726	-0.0484691960079	0.00703103883586	-0.0216038508118	0.0169979953411	0.0120177651151	-0.0666251291527	0.023356554214	0.0358242485444	-0.00215945648914	-0.0224899176018	0.0112240271711	0.000510173822276	0.0246130833234	0.00448744815236	0.0350478436969	-0.0692385011696	0.0534533375076	0.0278385929349	-0.0108773088373	0.0213929420614	-0.00976462874665	-0.00432520978531	0.0356437035397	-0.0522281071215
k__Bacteria;p__Proteobacteria;c__Betaproteobacteria;o__Burkholderiales;f__Sutterellaceae;g__Sutterella;s__Sutterella_wadsworthensis	-0.01440045109	-0.0360169518774	0.0336100774256	-0.056195787305	0.0190890790576	0.0382090856332	-0.031827832279	-0.0551657136629	0.00187552838765	-0.0172592290954	-0.0297057867646	-0.00266840110129	-0.0546418184638	0.0060427871604	0.0692640259554	0.0554470480221	0.00503138279189	1.0	-0.000599419499857	-0.00473139891308	0.0260643282579	-0.0241142137791	0.0748606835886	0.0260646383054	0.0183928666544	0.0271865628596	-0.00850911923659	-0.00701546596652	0.0323778665036	-0.0691308352979	0.00895022075544	-0.0310127049426	-0.0171979141003	-0.113884511351	0.00963678573858	-0.037773514618	-0.0519704180882	-0.0460330594916	0.0100474464642	0.0212533425046	0.0091247085295	0.019220155776	-0.0413820325085	-0.0148518089912	0.0242426996512	0.0698271441104	-0.047812690014	-0.0339244706823	-0.0265192045146	-0.00932472814233	0.0503438115113	0.00464622130857	-0.0123000507228	-0.0112999536894	-0.0401548345332	-0.0014098457483	0.0405040628054	0.00884080330415	0.00600662658354
k__Bacteria;p__Bacteroidetes;c__Bacteroidia;o__Bacteroidales;f__Porphyromonadaceae;g__Barnesiella;s__Barnesiella_intestinihominis	-0.0140000269591	0.00802149178967	0.0380963993257	-0.0266367145898	-0.0390788559035	0.0376730449189	0.0119905652327	0.0070570501375	-0.00264191903522	-0.0269060329923	-0.0727493600336	-0.0147330768304	-0.00490477660772	-0.0122890600675	-0.0182467812706	-0.0825154592844	-0.00507133567336	-0.000599419499857	1.0	-0.00687028267401	-0.0260431652329	-0.0290584216254	-0.0128587647557	-0.00459401636165	-0.0215236906506	0.0110588697382	0.0292460923816	-0.0236894026478	-5.66371299279e-05	-0.00899437279926	0.0217088547515	0.0592414258935	-0.0633075236887	-0.0518791283619	0.00405026366301	0.0436584942659	0.0197710729857	0.00784155645365	-0.0121138985747	-0.0449890441603	-0.0290982110364	-0.0455935218033	-0.0679513511764	0.0158188199091	0.00811589015327	-0.02853672128	0.00981738067003	0.0164654681327	-0.0105720183968	0.0337739378677	0.0252810434942	-0.0510724691173	0.0962127049784	0.00240543667383	-0.0118096363624	-0.005805572169	-0.0600953386165	-0.0529203236987	-0.0262773565054
k__Bacteria;p__Bacteroidetes;c__Bacteroidia;o__Bacteroidales;f__Odoribacteraceae;g__Odoribacter;s__Odoribacter_splanchnicus	0.0138377822922	-0.0027628005565	0.0438868874801	-8.97524564352e-05	0.0427498139532	0.0233963063148	-0.0600607158228	-0.00991992846251	0.00668967922294	-0.0397482996093	-0.0188611996065	0.00657255533609	-0.0590122903148	0.0343504132945	0.0119290636206	0.0137171009871	0.0195456348273	-0.00473139891308	-0.00687028267401	1.0	0.0116476610117	0.00545007478776	0.0691291203756	0.00996392189777	-0.0021333551974	-0.0463824205104	0.0221094343277	-0.0229345503259	0.0583285633811	-0.0415917119873	0.0238126234837	0.00962130102871	-0.0478210296636	0.0180979234166	-0.0105787761715	0.0628812211998	-0.0247038093499	-0.00800018035045	-0.0200741100682	-0.0506928126007	0.0180480229039	0.0413536414395	-0.00299293475772	-0.0526184767438	0.0605155550321	0.00998036293769	-0.0278431741923	-0.000181299783766	-0.0677554059892	0.0297321977254	-0.018336061898	0.0190958365791	-0.0145807523475	-0.0280836812597	-0.0117728959447	0.0224210430409	-0.0188405078519	-0.0435208089532	-0.0774004902827
k__Bacteria;p__Bacteroidetes;c__Bacteroidia;o__Bacteroidales;f__Bacteroidaceae;g__Bacteroides;s__Bacteroides_salyersiae	-0.0465305654398	0.0147191392251	-0.0299795355334	-0.0452367006276	-0.00323868982274	-0.00992342012381	0.00196595686714	-0.042253314282	0.0332200617299	-0.0197753705436	-0.0143872710334	0.0105015515035	0.0439946320282	-0.0261676572187	-0.0298390690813	-0.0321223623171	0.0294021408412	0.0260643282579	-0.0260431652329	0.0116476610117	1.0	-0.00318579149228	0.0125707146906	-0.0172365139888	0.00739947137086	0.0100307883065	-0.029404320886	0.0532344628925	0.0776674287281	-0.00248437500552	-0.0795050928546	-0.0394507727658	0.0223055844249	-0.0786841579969	-0.037950803805	-0.0131254026286	-0.00779330726641	-0.0586901642494	-0.0466864563011	-0.0457190335149	-0.0482606704995	-0.011437287956	-0.0324508727133	-0.0567403426806	-0.0414370223264	0.0131199640505	0.053835413083	-0.0136770409673	0.0371092559076	0.0235909322493	-0.0151724093925	-0.0451713963499	-0.0418709692271	-0.0234396764788	0.0514844995114	-0.0113843285906	-0.0431558350069	0.0208726747531	0.0387939098347
k__Bacteria;p__Firmicutes;c__Clostridia;o__Clostridiales;f__Ruminococcaceae;g__Ruminiclostridium;s__[Eubacterium]_siraeum	0.0734210478891	0.00807033161279	0.0343377011032	-0.0233795275938	0.00691770507702	-0.0495761701286	-0.0555992950641	-0.0506340126665	0.0392732716425	-0.0163950547529	0.0210245339662	0.0134810379447	0.00288218296397	0.0266479654885	-0.0297824604008	0.0116936884424	0.0215351065007	-0.0241142137791	-0.0290584216254	0.00545007478776	-0.00318579149228	1.0	0.0214766965999	-0.0202525930051	-0.0347978315012	0.0161811654318	-0.00180985657848	-0.0230860721408	0.00115756284955	-0.0335492118014	0.0123288996287	-0.0508290127107	-0.00861706569355	0.0218451804515	-0.0278606026195	-0.0621963886442	-0.0305243864898	-0.00859805203702	-0.0187949081239	-0.0250780449411	0.0172657226614	0.0274781160468	-0.00436893285286	0.0473120030736	-0.0344294135049	-0.00450421330883	-0.016173266348	-0.00951859214377	-0.013992245935	-0.0144114143769	0.00903525869165	0.0122114180343	-6.8942982234e-05	0.0121393480329	-0.028875020568	-0.00325042778296	-0.0473741616249	-0.0318394163704	-0.0289268309661
k__Bacteria;p__Proteobacteria;c__Betaproteobacteria;o__Burkholderiales;f__Sutterellaceae;g__Parasutterella;s__Parasutterella_excrementihominis	0.000715882892073	0.0168500899792	-0.0562235123933	0.0434048861042	-0.0242780040356	-0.00954367345298	0.0147205194511	-0.0123168603113	-0.0486268954619	0.0101096058326	0.0280569767102	0.0172615303482	-0.0520889570683	-0.00546272212743	0.0473295200044	-0.0233787213227	0.0154658777399	0.0748606835886	-0.0128587647557	0.0691291203756	0.0125707146906	0.0214766965999	1.0	0.0449276016549	-0.0699037795495	-0.0398241591156	0.00634684698548	-0.0256717018325	-0.00211398458452	-0.0193655380974	-0.0424105089032	-0.0388205858384	0.0126125470498	0.00861399789574	-0.03587225897	0.0116242206786	-0.0100767438864	0.0496351861273	0.00414137187911	0.0267501583673	-0.0225966469392	-0.0185129972364	-0.0591290838387	0.000450423548212	0.00177931836952	-0.0198056330033	-0.0907748169345	-0.00499727811919	-0.0208439468849	0.0365675664269	-0.0253549095485	-0.0188863045114	-0.0414810209792	0.00892977885202	0.00678383349677	-0.00971053675201	-0.000512202120925	0.0139796620338	0.0354802649658
k__Bacteria;p__Actinobacteria;c__Actinobacteria;o__Bifidobacteriales;f__Bifidobacteriaceae;g__Bifidobacterium;s__Bifidobacterium_adolescentis	0.00395219264642	-0.00838513835852	-0.0243341775216	-0.0742253126454	0.026954367591	-0.0259384317396	0.0264488020267	-0.0110741103531	0.0271995715085	-0.0232961558499	-0.0713417984644	0.00899579683999	0.0147038289076	0.0132799832899	-0.0328568460143	-0.00694034796372	-0.0280092917991	0.0260646383054	-0.00459401636165	0.00996392189777	-0.0172365139888	-0.0202525930051	0.0449276016549	1.0	0.0505109309699	-0.0428890879017	-0.0643587615851	0.0111893296276	-0.0016964730567	0.038293910024	0.0192247435595	-0.0668126352155	-0.0312376237082	0.0622829867204	-0.0168095953259	0.0115498599331	-0.0485054847164	0.025056147622	-0.0208632616132	-0.00823803718351	0.00933818552036	0.0104344541144	0.0113667692851	-0.0181361252365	0.00719267463174	-0.0123207506244	-0.0240814335299	-0.0200609233844	0.0313128573599	0.0185974870634	-0.0217684731745	0.0052253928055	0.00338357815839	-0.127532936013	0.00240507704237	0.00931529450045	-0.00707153336053	0.0469015588262	0.0212651738077
k__Bacteria;p__Firmicutes;c__Clostridia;o__Clostridiales;f__Oscillospiraceae;g__Oscillibacter;s__Oscillibacter_sp._KLE_1745	-0.00267606115371	0.0368805065183	0.00040071727071	-0.0113840001878	-0.0351219207023	-0.0775932239657	-0.0699901421247	-0.00532931973591	-0.044236158664	0.0229463221485	0.023315131004	0.0433648551517	-0.00706228052406	-0.0168272072088	-0.0745832983506	0.0582486107146	-0.0260556281754	0.0183928666544	-0.0215236906506	-0.0021333551974	0.00739947137086	-0.0347978315012	-0.0699037795495	0.0505109309699	1.0	0.00920531550778	-0.00552589432935	-0.034635821531	0.0110775108773	-0.0266594928675	-0.0107757265989	-0.0466566703956	-0.0169940384332	-0.021149069192	0.0389531568696	-0.0463183931571	0.0446911445324	0.00403965188401	-0.0317845276901	-0.0191816226176	0.0326696952449	0.000963176118404	0.0357780953408	-0.0323722615783	-0.0518708556838	0.00119945613446	-0.0636885574467	-0.128276600618	0.0368707146206	0.00727693927198	0.011004002209	0.0303139756536	0.0359239780319	0.0194245424763	0.00490326126221	0.038406087052	-0.00971084415308	-0.0818051031278	0.0257308809892
k__Bacteria;p__Bacteroidetes;c__Bacteroidia;o__Bacteroidales;f__Bacteroidaceae;g__Bacteroides;s__Bacteroides_coprophilus	-0.0260208447478	0.0499682265569	-0.00387897919667	-0.0503556762898	0.0182568782271	0.0622225179113	0.0158812832828	0.0477329630871	0.00505636356279	-0.00386911961063	0.0159947959795	-0.00351346726102	0.062205881889	0.0113078561588	-0.0366065707256	0.0254286741847	-0.0430233054279	0.0271865628596	0.0110588697382	-0.0463824205104	0.0100307883065	0.0161811654318	-0.0398241591156	-0.0428890879017	0.00920531550778	1.0	0.00938620241215	0.0264132842063	-0.0309117652921	0.0151864533204	-0.0022141130034	0.0473516894088	0.0314215447662	-0.0121265863981	0.064370347245	-0.023080087902	0.0117584188194	-0.0408078925089	-0.038595827474	-0.00163981620028	0.0137608644107	-0.0608543864311	-0.00971403230296	0.0209337376805	-0.0074405350727	-0.0340874647961	0.00738705227214	-0.0225003134223	-0.00910393515905	-0.0917642136292	-0.0153246247775	-0.0145551694333	-0.0467641128924	0.0512125583681	-0.0580074142252	0.00645908635566	0.0285411355358	-0.0175303283442	-0.00728878921537
k__Bacteria;p__Firmicutes;c__Clostridia;o__Clostridiales;f__Lachnospiraceae;g__Roseburia;s__Roseburia_intestinalis	-0.0108536686805	-0.0187454570102	-0.0448966784409	0.00509790158843	-0.0548166025689	-0.0402603626936	-0.00638730898702	-0.045903977915	-0.0185801083843	0.0287666853608	0.0171966409902	-0.0284538696182	-0.00703137083647	0.0631068958549	-0.0257634284367	0.0290659576791	-0.00761539936367	-0.00850911923659	0.0292460923816	0.0221094343277	-0.029404320886	-0.00180985657848	0.00634684698548	-0.0643587615851	-0.00552589432935	0.00938620241215	1.0	0.0172730678819	-0.00965748283881	-0.0109868759563	-0.0121889021706	-0.0153271195314	0.0357646177343	0.0311611525946	0.039467898142	0.0448493585004	-0.00690227961238	-0.0206049787482	-0.00147042012417	-0.00171189607469	-0.0257874605708	0.00962688024048	0.0104027281807	-0.0186585500446	0.0186996629023	-0.0588103345499	-0.000834047907188	0.045666297203	-0.0425030578698	-0.0406425404873	-0.00856089890265	-0.0599603910176	0.0510042191623	-0.0670182779276	-0.0391350332606	-0.0510486527791	-0.05075196462	0.0600035703925	0.0132815629153
k__Bacteria;p__Firmicutes;c__Clostridia;o__Clostridiales;f__Lachnospiraceae;g__Roseburia;s__Roseburia_hominis	-0.00347879123672	-0.0474724974556	-0.0182896212096	-0.0477586183892	-0.0194578551233	-0.0327791737934	-0.0550443676869	-0.00332778565885	0.0185621255017	-0.0141389854462	0.0440604098218	0.00630952671137	-0.0155217096855	0.0622033551962	-0.0199314685117	0.0145017061489	-0.0719647232316	-0.00701546596652	-0.0236894026478	-0.0229345503259	0.0532344628925	-0.0230860721408	-0.0256717018325	0.0111893296276	-0.034635821531	0.0264132842063	0.0172730678819	1.0	-0.0304819129219	0.0686443049909	-0.0229252161976	0.00780340721779	0.0370104533556	-0.0390738221037	0.00182073430896	-0.00225047856571	-0.00888932816179	0.0494865105447	-0.00219489387088	-0.0365835579825	0.00749041966136	-0.0277594793394	-0.0433287051512	-0.0110634776095	0.0160006539169	-0.0377880868514	-0.00909917236403	-0.00304111785394	0.0456290404932	-0.0419768641045	0.0465554059096	-0.0354693535537	-0.00541673669213	-0.0165936726257	-0.0324120940224	0.00837661851541	0.0205229579442	-0.0470191848647	0.0303225204343
k__Bacteria;p__Bacteroidetes;c__Bacteroidia;o__Bacteroidales;f__Porphyromonadaceae;g__Parabacteroides;s__Parabacteroides_johnsonii	0.009962920812	0.00240291442637	-0.0125635029737	-0.0418363079417	-0.0223573349839	-0.00523030158236	0.0181202331709	-0.0126430089379	-0.0199220551692	-0.0359262726524	0.00427459355365	-0.099234781708	-0.00154621623669	0.0118197545143	0.00797738664509	-0.0154868016767	-0.0478357968767	0.0323778665036	-5.66371299278e-05	0.0583285633811	0.0776674287281	0.00115756284955	-0.00211398458452	-0.0016964730567	0.0110775108773	-0.0309117652921	-0.00965748283881	-0.0304819129219	1.0	-0.0363758503285	-0.0282874335695	-0.0162197239219	0.0851107058834	-0.0274438190514	-0.0399111353218	0.00173354548675	0.00534448897155	0.00892893017586	-0.0260102640197	0.0107170783452	0.065718919781	-0.000543510773015	-0.0173469975721	0.0565499098335	-0.0102668196364	-0.0663655618205	0.000666930897294	-0.0526196195492	-0.0308363942112	0.00387293814956	-0.016076234495	0.0203286051625	-0.00331281148223	-0.0502758453651	-0.0229513065337	0.0196640798553	0.0174606154174	-0.0873563418079	-0.017025833171
k__Bacteria;p__Actinobacteria;c__Actinobacteria;o__Bifidobacteriales;f__Bifidobacteriaceae;g__Bifidobacterium;s__Bifidobacterium_longum	-0.0201495878485	0.0289106399826	-0.0127067511099	0.0214646255859	0.025481808834	-0.0759307441316	0.0102376238517	0.00289756163292	-0.007744654685	0.0314091169671	0.00169923494556	0.0207798235833	-0.0137342359641	0.00955231010718	0.0256014519617	0.0264335491258	-0.0136633797852	-0.0691308352979	-0.00899437279926	-0.0415917119873	-0.00248437500552	-0.0335492118014	-0.0193655380974	0.038293910024	-0.0266594928675	0.0151864533204	-0.0109868759563	0.0686443049909	-0.0363758503285	1.0	-0.000928431464883	-0.0433128028879	-0.0449512501581	0.0514367005391	0.0141933931127	-0.0313783542616	-0.0197907453694	-0.046868309441	0.0262889141386	-0.0204714018243	-0.0128265184117	-0.0029037328127	-0.0252495832591	-0.0515400541017	-0.0360685785047	0.0191177922212	-0.00824631141642	0.0252890147022	-0.0184920318003	-0.0268842835463	-0.0273046275235	-0.00361626861239	-0.0584714620807	-0.024637304485	-0.0780985055396	0.0131895032111	-0.00829806669827	0.000790802672833	0.0521281016867
