#taxonomy	k__Bacteria;p__Bacteroidetes;c__Bacteroidia;o__Bacteroidales;f__Bacteroidaceae;g__Bacteroides;s__Bacteroides_vulgatus	k__Bacteria;p__Bacteroidetes;c__Bacteroidia;o__Bacteroidales;f__Bacteroidaceae;g__Bacteroides;s__Bacteroides_uniformis	k__Bacteria;p__Bacteroidetes;c__Bacteroidia;o__Bacteroidales;f__Rikenellaceae;g__Alistipes;s__Alistipes_putredinis	k__Bacteria;p__Bacteroidetes;c__Bacteroidia;o__Bacteroidales;f__Prevotellaceae;g__Prevotella;s__Prevotella_copri	k__Bacteria;p__Bacteroidetes;c__Bacteroidia;o__Bacteroidales;f__Bacteroidaceae;g__Bacteroides;s__Bacteroides_stercoris	k__Bacteria;p__Bacteroidetes;c__Bacteroidia;o__Bacteroidales;f__Bacteroidaceae;g__Bacteroides;s__Bacteroides_ovatus	k__Bacteria;p__Bacteroidetes;c__Bacteroidia;o__Bacteroidales;f__Rikenellaceae;g__Alistipes;s__Alistipes_shahii	k__Bacteria;p__Firmicutes;c__Clostridia;o__Clostridiales;f__Ruminococcaceae;g__Faecalibacterium;s__Faecalibacterium_prausnitzii	k__Bacteria;p__Bacteroidetes;c__Bacteroidia;o__Bacteroidales;f__Rikenellaceae;g__Alistipes;s__Alistipes_finegoldii	k__Bacteria;p__Bacteroidetes;c__Bacteroidia;o__Bacteroidales;f__Porphyromonadaceae;g__Parabacteroides;s__Parabacteroides_distasonis	k__Bacteria;p__Bacteroidetes;c__Bacteroidia;o__Bacteroidales;f__Bacteroidaceae;g__Bacteroides;s__Bacteroides_thetaiotaomicron	k__Bacteria;p__Bacteroidetes;c__Bacteroidia;o__Bacteroidales;f__Bacteroidaceae;g__Bacteroides;s__Bacteroides_coprocola	k__Bacteria;p__Bacteroidetes;c__Bacteroidia;o__Bacteroidales;f__Bacteroidaceae;g__Bacteroides;s__Bacteroides_cellulosilyticus	k__Bacteria;p__Bacteroidetes;c__Bacteroidia;o__Bacteroidales;f__Rikenellaceae;g__Alistipes;s__Alistipes_obesi	k__Bacteria;p__Firmicutes;c__Clostridia;o__Clostridiales;f__Lachnospiraceae;g__;s__[Eubacterium]_rectale	k__Bacteria;p__Bacteroidetes;c__Bacteroidia;o__Bacteroidales;f__Bacteroidaceae;g__Bacteroides;s__Bacteroides_plebeius	k__Bacteria;p__Bacteroidetes;c__Bacteroidia;o__Bacteroidales;f__Bacteroidaceae;g__Bacteroides;s__Bacteroides_fragilis	k__Bacteria;p__Proteobacteria;c__Betaproteobacteria;o__Burkholderiales;f__Sutterellaceae;g__Sutterella;s__Sutterella_wadsworthensis	k__Bacteria;p__Bacteroidetes;c__Bacteroidia;o__Bacteroidales;f__Porphyromonadaceae;g__Barnesiella;s__Barnesiella_intestinihominis	k__Bacteria;p__Bacteroidetes;c__Bacteroidia;o__Bacteroidales;f__Odoribacteraceae;g__Odoribacter;s__Odoribacter_splanchnicus	k__Bacteria;p__Bacteroidetes;c__Bacteroidia;o__Bacteroidales;f__Bacteroidaceae;g__Bacteroides;s__Bacteroides_salyersiae	k__Bacteria;p__Firmicutes;c__Clostridia;o__Clostridiales;f__Ruminococcaceae;g__Ruminiclostridium;s__[Eubacterium]_siraeum	k__Bacteria;p__Proteobacteria;c__Betaproteobacteria;o__Burkholderiales;f__Sutterellaceae;g__Parasutterella;s__Parasutterella_excrementihominis	k__Bacteria;p__Actinobacteria;c__Actinobacteria;o__Bifidobacteriales;f__Bifidobacteriaceae;g__Bifidobacterium;s__Bifidobacterium_adolescentis	k__Bacteria;p__Firmicutes;c__Clostridia;o__Clostridiales;f__Oscillospiraceae;g__Oscillibacter;s__Oscillibacter_sp._KLE_1745	k__Bacteria;p__Bacteroidetes;c__Bacteroidia;o__Bacteroidales;f__Bacteroidaceae;g__Bacteroides;s__Bacteroides_coprophilus	k__Bacteria;p__Firmicutes;c__Clostridia;o__Clostridiales;f__Lachnospiraceae;g__Roseburia;s__Roseburia_intestinalis	k__Bacteria;p__Firmicutes;c__Clostridia;o__Clostridiales;f__Lachnospiraceae;g__Roseburia;s__Roseburia_hominis	k__Bacteria;p__Bacteroidetes;c__Bacteroidia;o__Bacteroidales;f__Porphyromonadaceae;g__Parabacteroides;s__Parabacteroides_johnsonii	k__Bacteria;p__Actinobacteria;c__Actinobacteria;o__Bifidobacteriales;f__Bifidobacteriaceae;g__Bifidobacterium;s__Bifidobacterium_longum	k__Bacteria;p__Firmicutes;c__Clostridia;o__Clostridiales;f__;g__Flavonifractor;s__Flavonifractor_plautii	k__Bacteria;p__Firmicutes;c__Clostridia;o__Clostridiales;f__Clostridiaceae;g__Clostridium;s__Clostridium_phoceensis	k__Bacteria;p__Verrucomicrobia;c__Verrucomicrobiae;o__Verrucomicrobiales;f__Akkermansiaceae;g__Akkermansia;s__Akkermansia_muciniphila	k__Bacteria;p__Bacteroidetes;c__Bacteroidia;o__Bacteroidales;f__Prevotellaceae;g__Paraprevotella;s__Paraprevotella_xylaniphila	k__Bacteria;p__Firmicutes;c__Clostridia;o__Clostridiales;f__Ruminococcaceae;g__Ruminococcus;s__Ruminococcus_callidus	k__Bacteria;p__Bacteroidetes;c__Bacteroidia;o__Bacteroidales;f__Rikenellaceae;g__Alistipes;s__Alistipes_senegalensis	k__Bacteria;p__Firmicutes;c__Clostridia;o__Clostridiales;f__Lachnospiraceae;g__Blautia;s__Blautia_sp._KLE_1732	k__Bacteria;p__Bacteroidetes;c__Bacteroidia;o__Bacteroidales;f__Bacteroidaceae;g__Bacteroides;s__Bacteroides_oleiciplenus	k__Bacteria;p__Firmicutes;c__Clostridia;o__Clostridiales;f__Ruminococcaceae;g__Ruminococcus;s__Ruminococcus_bicirculans	k__Bacteria;p__Bacteroidetes;c__Bacteroidia;o__Bacteroidales;f__Bacteroidaceae;g__Bacteroides;s__Bacteroides_fluxus	k__Bacteria;p__Bacteroidetes;c__Bacteroidia;o__Bacteroidales;f__Prevotellaceae;g__Prevotella;s__Prevotella_stercorea	k__Bacteria;p__Firmicutes;c__Clostridia;o__Clostridiales;f__Lachnospiraceae;g__Dorea;s__Dorea_longicatena	k__Bacteria;p__Firmicutes;c__Clostridia;o__Clostridiales;f__Eubacteriaceae;g__Eubacterium;s__[Eubacterium]_eligens	k__Bacteria;p__Firmicutes;c__Clostridia;o__Clostridiales;f__Ruminococcaceae;g__;s__Ruminococcaceae_bacterium_D16	k__Bacteria;p__Firmicutes;c__Clostridia;o__Clostridiales;f__Lachnospiraceae;g__Coprococcus;s__Coprococcus_comes	k__Bacteria;p__Proteobacteria;c__Gammaproteobacteria;o__Enterobacterales;f__Enterobacteriaceae;g__Escherichia;s__Escherichia_coli	k__Bacteria;p__Firmicutes;c__Clostridia;o__Clostridiales;f__Ruminococcaceae;g__Anaerotruncus;s__Anaerotruncus_colihominis	k__Bacteria;p__Firmicutes;c__Clostridia;o__Clostridiales;f__Lachnospiraceae;g__Blautia;s__Blautia_obeum	k__Bacteria;p__Bacteroidetes;c__Bacteroidia;o__Bacteroidales;f__Odoribacteraceae;g__Odoribacter;s__Odoribacter_laneus	k__Bacteria;p__Firmicutes;c__Clostridia;o__Clostridiales;f__Ruminococcaceae;g__Ruminiclostridium;s__[Clostridium]_leptum	k__Bacteria;p__Bacteroidetes;c__Bacteroidia;o__Bacteroidales;f__Porphyromonadaceae;g__Parabacteroides;s__Parabacteroides_goldsteinii	k__Bacteria;p__Firmicutes;c__Clostridia;o__Clostridiales;f__Lachnospiraceae;g__Anaerostipes;s__Anaerostipes_hadrus	k__Bacteria;p__Firmicutes;c__Clostridia;o__Clostridiales;f__Ruminococcaceae;g__Ruminococcus;s__Ruminococcus_lactaris	k__Bacteria;p__Firmicutes;c__Clostridia;o__Clostridiales;f__Clostridiaceae;g__Clostridium;s__Clostridium_sp._L2-50	k__Bacteria;p__Firmicutes;c__Clostridia;o__Clostridiales;f__Clostridiaceae;g__Clostridium;s__Clostridium_sp._M62/1	k__Bacteria;p__Firmicutes;c__Clostridia;o__Clostridiales;f__;g__Intestinimonas;s__Intestinimonas_butyriciproducens	k__Bacteria;p__Actinobacteria;c__Actinobacteria;o__Bifidobacteriales;f__Bifidobacteriaceae;g__Bifidobacterium;s__Bifidobacterium_bifidum	k__Bacteria;p__Firmicutes;c__Negativicutes;o__Veillonellales;f__Veillonellaceae;g__Dialister;s__Dialister_invisus	k__Bacteria;p__Bacteroidetes;c__Bacteroidia;o__Bacteroidales;f__Bacteroidaceae;g__Bacteroides;s__Bacteroides_salanitronis
k__Bacteria;p__Bacteroidetes;c__Bacteroidia;o__Bacteroidales;f__Bacteroidaceae;g__Bacteroides;s__Bacteroides_vulgatus	1.0	0.0542226347159	-0.0514580570081	0.0213464097614	-0.00723703617859	-0.0472353571893	0.0341647355653	-0.0355028866782	0.0511240774529	0.0113373673683	0.00512365080634	-0.00414402818995	-0.0389083636463	-0.00354928149921	-0.0257150477594	0.00966110457331	-0.038854493719	-0.0144529181932	-0.0485144705865	0.0418708819326	-0.048207714363	0.0367623666545	0.0267507762946	-0.0641112975822	0.0241155970755	-0.0195436340547	-0.00545578350536	-0.0127028372282	0.00615121031366	0.00908282656787	0.0195576981538	0.00982890653156	-0.00677604401657	0.00449674276419	-0.0399927031054	0.0141473582092	-0.0365193005783	-0.000777980257904	-0.0110237975527	-0.0302790745971	0.00943796613491	-0.0155588115479	-0.0353755774823	0.0302516305149	-0.00470996555746	-0.0440185380126	-0.0207178799429	-0.0182457369751	-0.0500737127534	0.00161222694924	0.0135002807174	-0.0324676521341	0.0278274265462	0.0121086280633	0.0481374966558	-0.017588717206	0.0591369055949	0.0500053489199	0.017657872892
k__Bacteria;p__Bacteroidetes;c__Bacteroidia;o__Bacteroidales;f__Bacteroidaceae;g__Bacteroides;s__Bacteroides_uniformis	0.0542226347159	1.0	0.0206893884039	-0.0617735027939	-0.01171614436	-0.00951211970861	-0.0437208018186	-0.0318289240229	0.0413305791749	-0.020700459382	0.0109227448516	-0.0557506082388	-0.0287711558012	-0.0273199299705	0.0218489645164	0.0407928576271	0.000924159440775	-0.00643687327546	9.45125904334e-05	-0.026263286943	-0.0396342673754	0.0268816709769	0.0191305832391	-0.000201684099705	0.0539235640202	0.0265606164051	-0.0373946527688	0.0438213612245	-0.00552602107835	-0.0418171674268	-0.0180226118666	0.055066570666	0.0194445589698	-0.0267705560925	0.019235292127	-0.0010248688216	-0.0186694759867	-0.0247098037517	-0.0405092203993	0.0280628528698	-0.0325862920142	0.00121206547096	0.0283033521974	-0.0706706793328	-0.000558691845968	-0.0452527628052	-0.0150761248968	0.00468484147759	-0.0539615698934	-0.0077786814645	0.0115375972651	0.0305310430311	-0.0347575156692	-0.0178373651947	-0.0209544446051	0.00459863861582	-0.0120434492007	0.0166182544901	0.042536295592
k__Bacteria;p__Bacteroidetes;c__Bacteroidia;o__Bacteroidales;f__Rikenellaceae;g__Alistipes;s__Alistipes_putredinis	-0.0514580570081	0.0206893884039	1.0	-0.0160493872496	-0.00732630174116	0.00334317272542	0.0271660673557	-0.0772453888831	-0.0129053144309	0.0386326322335	-0.00503702523659	-0.0535123415273	-0.0133460572214	-0.0451766102823	-0.0590623709875	0.0185631777347	0.0158618468031	0.011879070864	-0.0609085705612	-0.0441016372455	-0.00130304892545	0.0359893896498	-0.00770435338099	-0.0244987446942	-0.00363206248881	-0.0162207864851	-0.0272333015089	-0.035022349721	0.0166027409149	-0.0247680388457	-0.000644968489918	-0.0436519538724	-0.0018382904882	-0.00194988265555	0.0478267311437	-0.0378503811903	-0.0343768085582	0.0216690110846	-0.0178893357774	-0.0125807940415	0.0253668241682	-0.0219676329446	-0.019854124916	-0.068559405398	0.0178477545021	-0.0414315207312	0.00696944155929	-0.0215733727435	-0.00441981561183	0.00146955259504	0.0108789533135	-0.00270246548392	0.0130287291824	-0.00959939202847	0.00502471233459	-0.0121102431087	-0.00589074583684	0.00387739563775	-0.027571666045
k__Bacteria;p__Bacteroidetes;c__Bacteroidia;o__Bacteroidales;f__Prevotellaceae;g__Prevotella;s__Prevotella_copri	0.0213464097614	-0.0617735027939	-0.0160493872496	1.0	-0.0293801784814	0.0158299997248	-0.0495290674596	-0.00475470185458	-0.00945398838725	-0.00111541439359	0.00486064380965	0.0051626678563	-0.0107049766522	0.041713285185	-0.0916346748093	-0.0585801954761	-0.0892615598747	0.00295319777244	0.00107672112266	0.0204486180627	0.040858118659	0.0180496006503	-0.0586842563765	0.0200929530973	0.0168446476228	0.0601460709678	-0.0866388939672	-0.00504108880185	0.0291847057032	-0.0277489457936	-0.0533204899422	-0.00742091816994	0.0107590744963	-0.042145984056	0.0498867442424	0.0128156472134	-0.00131057683126	0.0292404889231	-0.0425914529387	-0.0132007035167	0.0144739245401	0.00886102236114	0.0318243352824	-0.0816379440326	-0.021904097341	0.0139273432145	0.0457566053085	0.0219658699548	-0.00921329683004	0.016271898288	0.0327557682339	0.0476617562131	0.0158355054237	-0.0188095106957	-0.00860373680702	-0.0960863231285	-0.0242904573875	-0.00768830133834	-0.0245870157658
k__Bacteria;p__Bacteroidetes;c__Bacteroidia;o__Bacteroidales;f__Bacteroidaceae;g__Bacteroides;s__Bacteroides_stercoris	-0.00723703617859	-0.01171614436	-0.00732630174116	-0.0293801784814	1.0	-0.0464687804277	0.00449273360831	0.00211379816715	0.0448450303731	-0.00327694927041	-0.0600970210877	-0.0385057362779	-0.0677968342008	-0.0119928941631	-0.0434412581327	-0.00711233232455	0.00847641395605	-0.00320767028198	0.0106665244652	0.0488077287539	-0.0145757899553	0.0891748199158	0.040306318559	0.0257542963108	-0.0232437493392	-0.00680841987427	-0.0437581969997	0.00879271893659	0.0300049035818	0.00494505404645	-0.0133165934456	-0.0363631762239	0.0380745608316	-0.0105645330978	-0.0635039788028	-0.0348760148245	-0.0524714911374	-0.0163498473655	0.0254511208597	-0.0172972912294	-0.0189990854181	0.0165017897181	-0.0052798475429	-0.0489365031291	0.00627788276725	-0.0158857889366	-0.0138046633016	0.00528352902935	0.00937093570048	0.0810212003729	-0.036350920957	-0.0106276250685	-0.0147129501671	0.00629705289183	0.0104101546791	-0.0526924506376	-0.00302481888355	-0.00208459856628	-0.0303511259092
k__Bacteria;p__Bacteroidetes;c__Bacteroidia;o__Bacteroidales;f__Bacteroidaceae;g__Bacteroides;s__Bacteroides_ovatus	-0.0472353571893	-0.00951211970861	0.00334317272542	0.0158299997248	-0.0464687804277	1.0	0.00892785122504	0.0283683735553	0.0197530513261	-0.0560888417661	0.0456133648136	-0.0329705825719	-0.00262193520976	0.026725433054	0.0655057292482	0.0613668401173	-0.00349678042648	-0.0580666204455	-0.0138344273525	-0.00369419668501	0.0261844082671	0.00245616692039	-0.0312563301388	0.0343143065716	0.00388869272519	-0.0434541362585	-0.049794879641	-0.0383451866305	-0.035630085792	0.025972491212	-0.0389760374906	0.0101031864185	-0.0489448713682	-0.0271454058246	0.0718605236905	0.0287951585879	0.0241717882504	0.0100530166714	0.0588663688897	-0.0536157748486	-0.00965347422277	-0.0339362815107	-0.00641639683481	0.0114308287928	0.00410030094283	0.0283758169708	-0.0301557084125	-0.020248974266	-0.0535526609358	-0.0296431444358	0.00668713822719	-0.0524530034411	0.0266763338131	0.0367582098357	-0.0182695912725	-0.0075011841294	0.00589052324747	-0.00962079472367	0.000281628034653
k__Bacteria;p__Bacteroidetes;c__Bacteroidia;o__Bacteroidales;f__Rikenellaceae;g__Alistipes;s__Alistipes_shahii	0.0341647355653	-0.0437208018186	0.0271660673557	-0.0495290674596	0.00449273360831	0.00892785122504	1.0	0.0549313936586	-0.0358270759985	0.0363437507131	-0.0652752170747	-0.0138572618567	-0.0407124548062	-0.0075267795692	0.000735610672247	-0.0497654285827	-0.0212392933301	0.0253941522427	-0.0375898567673	-0.0536284339066	-0.0347149209606	0.0122042512473	-0.0320240243905	0.0528471466608	-0.0388787213348	-0.0024337995024	0.0127358102589	-0.0256163307979	0.022139574086	0.0218191214884	-0.0316817121373	0.0425057628664	0.0195840078102	-0.0032270350299	-0.0585557933071	0.0223368803539	-0.0120214272699	0.00111326804855	-0.00106086861726	0.0122742641575	0.0463097176698	0.022021892525	-0.0270338980485	0.0277205191037	-0.0101074274296	0.0234255474504	0.022754009265	-0.00160824731159	-0.0620751114371	0.0810839245346	0.0212539967711	-0.0468374968995	0.0184022661526	-0.0348696328745	-0.0263942672388	-0.06645170815	0.0261344410394	-0.0049073068066	0.0380645782959
k__Bacteria;p__Firmicutes;c__Clostridia;o__Clostridiales;f__Ruminococcaceae;g__Faecalibacterium;s__Faecalibacterium_prausnitzii	-0.0355028866782	-0.0318289240229	-0.0772453888831	-0.00475470185458	0.00211379816715	0.0283683735553	0.0549313936586	1.0	0.0230053710848	0.0118233426329	0.0276351367843	-0.0291470243897	0.0190879541044	0.013946313236	0.0239266407776	-0.0175833172074	-0.0199679739293	-0.0134270433294	0.0388090742127	-0.0121694231321	0.0750156589804	0.0267279159387	0.0213988298809	-0.0520700541176	-0.0318266947678	-0.0900552662504	0.0225079143707	-0.0635708625717	-0.0311025459875	0.00693990504987	0.0419452237573	-0.0444534707489	-0.00080103125383	-0.015042123406	-0.0193649841585	0.0148723365361	0.0354807967716	0.0435500015524	0.0277388649451	-0.0682733903425	0.0289405170052	0.0220766609244	-0.0392026832304	0.0731324183066	-0.0826770813054	0.025913923257	-0.00632513145399	-0.0439156997637	-0.0329889910496	0.0252693887802	0.0557632629283	-0.0168227274118	-0.0456361985255	-0.0153980079785	-0.0484522064778	-0.102880582181	-0.000621916560928	-0.0276768914667	0.0223680470544
k__Bacteria;p__Bacteroidetes;c__Bacteroidia;o__Bacteroidales;f__Rikenellaceae;g__Alistipes;s__Alistipes_finegoldii	0.0511240774529	0.0413305791749	-0.0129053144309	-0.00945398838725	0.0448450303731	0.0197530513261	-0.0358270759985	0.0230053710848	1.0	0.0365337452025	-0.0568859056845	0.019714254467	-0.0273955273668	0.0110668792501	0.00458742710259	-0.022904334603	-0.0460065503782	0.0153464662436	-0.0833621461318	0.0138722324112	-0.013681084049	-0.0255064596431	-0.0720065655133	-0.0457736381418	0.00619597136244	-0.00392959439317	-0.0311397576866	-0.0423164256193	-0.0266961273362	0.0170318870309	-0.0835263028997	-0.0160764150381	-0.0116443258974	-0.00329181712259	0.0319237949795	-0.0255568534507	0.0189677436618	0.013780258514	-0.0206612146564	-0.0549568870436	-0.0266909432587	-0.0383262020795	0.00779731624557	-0.0743563129272	0.0381212492256	-0.0386027829924	-0.040924174628	-0.0279636710307	-0.0383005093996	-0.0145078421457	-0.0293855559946	0.0297183130936	0.0547853019671	-0.0465878917519	0.0873646327362	-0.00354333228119	-0.055245271292	-0.0641120084384	-0.0298262172035
k__Bacteria;p__Bacteroidetes;c__Bacteroidia;o__Bacteroidales;f__Porphyromonadaceae;g__Parabacteroides;s__Parabacteroides_distasonis	0.0113373673683	-0.020700459382	0.0386326322335	-0.00111541439359	-0.00327694927041	-0.0560888417661	0.0363437507131	0.0118233426329	0.0365337452025	1.0	-0.0237272663705	-0.0264825628967	0.00833725113139	-0.0264725150082	0.0148265708977	-0.0102111264744	-0.0287538689228	0.00338591141628	0.0781654581365	0.00433555002783	-0.0309621256762	-0.00359229726676	-0.0457073442105	-0.0325938490684	0.00417855821923	0.00698045240234	0.00866814629498	0.00225832182264	0.0336497452034	-0.0651842292639	0.0314947492957	-0.00307793875731	-0.0651547158037	-0.0556903033976	-0.0219035798428	0.0242171027223	0.0029418579231	0.0221974405687	0.0157816674924	-0.0316199556547	0.0358889156232	0.011036724069	-0.0588398592307	0.0337481633006	0.0231124536608	-0.00712785864013	-0.00264161563846	0.0110286377161	-0.0347974069388	0.00803986800936	0.0057016148303	0.0577666506111	0.0502977371024	-0.00761695928893	-0.0202550027799	-0.021033404965	0.0191846096706	-0.0751700516599	0.0440374990501
k__Bacteria;p__Bacteroidetes;c__Bacteroidia;o__Bacteroidales;f__Bacteroidaceae;g__Bacteroides;s__Bacteroides_thetaiotaomicron	0.00512365080634	0.0109227448516	-0.00503702523659	0.00486064380965	-0.0600970210877	0.0456133648136	-0.0652752170747	0.0276351367843	-0.0568859056845	-0.0237272663705	1.0	-0.0387327249407	-0.0180107598968	0.00837658556777	0.0396409904642	-0.0107367873922	-0.0376407374973	-0.0325456690857	-0.0269441191198	-0.066339920885	0.0682777597465	-0.0238658137793	-0.0376915161627	-0.0125374781964	0.0112782152732	-0.0160225596114	0.0140872341699	-0.0190987104364	0.0176822301548	-0.0211151981928	-0.0112394589411	0.0358107147212	-0.0258731845053	-0.0289072512868	-0.0123693835771	-0.00826129959095	-0.0206359746541	0.0304945588707	0.0189224669931	0.0192535347345	-0.0389166037567	0.0385599934278	-0.0179740577746	-0.070484179596	0.0351514163471	0.0594950389945	-0.0760946781503	-0.0797995346035	0.0199969424403	0.0219927445806	-0.020018653507	-0.00288802632893	-0.0208818782736	-0.00895960850142	0.0122580650008	-0.0509789117421	-0.0581736766517	-0.00106615757906	0.0273610199694
k__Bacteria;p__Bacteroidetes;c__Bacteroidia;o__Bacteroidales;f__Bacteroidaceae;g__Bacteroides;s__Bacteroides_coprocola	-0.00414402818995	-0.0557506082388	-0.0535123415273	0.0051626678563	-0.0385057362779	-0.0329705825719	-0.0138572618567	-0.0291470243897	0.019714254467	-0.0264825628967	-0.0387327249407	1.0	0.0331893453489	0.0293545651954	0.00859530356814	-0.0320595584381	-0.05536916185	-0.0285167016672	0.00295337393748	-0.0475457359748	0.00644276830229	-0.023126712241	0.0498666608881	-0.0524605035068	0.0213515726872	0.00519480731646	-0.00177196310263	0.0118350601669	-0.0287613208543	0.0302083946765	0.0103438043785	0.021131138762	0.0779837373615	-0.0116654892246	-0.0094301755978	-0.054947123738	0.0328982305468	0.000113422387865	-0.0408964410971	0.0121579027781	0.0463674598149	-0.00620901239213	0.0269945746759	0.0330446806286	0.0167473335767	0.0611918749085	-0.0368764893382	-0.00415809529904	0.0332628224378	-0.0237336826558	0.0145322818972	-0.0388444409497	-0.00981240642312	-0.122982992844	0.027110514696	-0.0119846517673	0.0466202488469	0.0347243313009	0.0133049420936
k__Bacteria;p__Bacteroidetes;c__Bacteroidia;o__Bacteroidales;f__Bacteroidaceae;g__Bacteroides;s__Bacteroides_cellulosilyticus	-0.0389083636463	-0.0287711558012	-0.0133460572214	-0.0107049766522	-0.0677968342008	-0.00262193520976	-0.0407124548062	0.0190879541044	-0.0273955273668	0.00833725113139	-0.0180107598968	0.0331893453489	1.0	0.00223810328292	0.0103014040833	-0.00866949950227	0.0272175005434	-0.070437630495	0.0245787111639	0.0138320151858	-0.0249354138287	0.0304446757963	-0.0691082775914	0.0368223878855	0.00531498377599	0.0319390684582	-0.00374300763791	-0.0381459162888	-0.0270177601624	0.0468641983914	-0.0465939542623	-0.0600087915517	0.0529446895827	-0.0137514351194	0.035873937643	-0.0123359792843	-0.0347050349757	-0.0175257977604	-0.0629779622356	0.00609162493959	-0.000324895206099	-0.0289128076241	0.0145250453318	-0.0154608006804	-0.0346952273746	0.0321958622917	0.0571048539779	0.00632377083278	-0.0758033248236	-0.0423958750705	0.016398150345	-0.0273822708039	-0.0789098775726	-0.0268434023454	-0.0358613675419	0.0352012174225	-0.0185714417251	-0.0169191473267	-0.0442514466735
k__Bacteria;p__Bacteroidetes;c__Bacteroidia;o__Bacteroidales;f__Rikenellaceae;g__Alistipes;s__Alistipes_obesi	-0.00354928149921	-0.0273199299705	-0.0451766102823	0.041713285185	-0.0119928941631	0.026725433054	-0.0075267795692	0.013946313236	0.0110668792501	-0.0264725150082	0.00837658556777	0.0293545651954	0.00223810328292	1.0	-0.0182618903988	-0.0295080218421	0.0465326271237	-0.0103604370024	-0.0566174854122	-0.00918287860323	-0.101776817655	-0.0716803324331	-0.00131264965424	-0.0451000070958	0.0257428946973	-0.0663234020841	-0.0703651679268	0.0448592441186	0.0274634235944	-0.00330733579594	-0.019062190387	0.00510559051634	-0.0527980112179	0.0109134505351	0.00889690401906	0.0437334861548	-0.0252667307555	0.0176802600354	0.0108788295519	0.00659055267689	-0.0431184841223	0.011536308104	0.0291705502676	-0.0172631437196	-0.0311492895504	0.00428195688655	0.00361056039287	-0.0514353113181	0.0359366252142	-0.0329717587295	-0.0201954020652	0.0202385804374	-0.0142201273436	-0.00726346153324	-0.00592438984257	0.0261915491615	-0.0185361894539	0.00917339789197	-0.0129692836666
k__Bacteria;p__Firmicutes;c__Clostridia;o__Clostridiales;f__Lachnospiraceae;g__;s__[Eubacterium]_rectale	-0.0257150477594	0.0218489645164	-0.0590623709875	-0.0916346748093	-0.0434412581327	0.0655057292482	0.000735610672247	0.0239266407776	0.00458742710259	0.0148265708977	0.0396409904642	0.00859530356814	0.0103014040833	-0.0182618903988	1.0	-0.0331950527116	-0.0380039293447	-0.00172479441829	0.00602315056767	0.00345380190511	-0.00945756677356	-0.0143416338219	-0.0823234687979	0.0279109822965	-0.0173416435638	-0.0212670555408	-0.0089807231053	0.0473081652379	-0.0131110043586	-0.0135068088905	-0.052896425949	-0.0220084492733	-0.0347322678254	-0.0121130657776	-0.00857387792455	-0.0325420161333	0.0388288837195	-0.0724931129194	0.0363012108343	0.0106824943861	0.0122313206813	0.0243996321371	-0.000286978484067	0.0347661309824	0.0101763216494	0.0128439648953	-0.0239504944882	-0.0655087356795	-0.0399751025992	-0.0382216754996	-0.0437529865107	0.00303875794758	0.0136391569276	-0.0162069551764	0.027533524836	0.0258776693405	-0.0302187923111	-0.0626682357703	0.0206930769895
k__Bacteria;p__Bacteroidetes;c__Bacteroidia;o__Bacteroidales;f__Bacteroidaceae;g__Bacteroides;s__Bacteroides_plebeius	0.00966110457331	0.0407928576271	0.0185631777347	-0.0585801954761	-0.00711233232455	0.0613668401173	-0.0497654285827	-0.0175833172074	-0.022904334603	-0.0102111264744	-0.0107367873922	-0.0320595584381	-0.00866949950227	-0.0295080218421	-0.0331950527116	1.0	-0.0269275642843	-0.0113770172806	-0.0534561763852	-0.0141000841026	0.0375102976917	-0.00496566398315	-0.0273844480919	-0.0171605324446	0.0302548512397	0.0159051698039	-0.0217373556148	-0.0274958796643	-0.0286899828823	0.0114915695823	-0.0432636974047	-0.0194147508641	-0.0315956897973	-0.00843774251021	0.0601188619193	-0.073183973956	0.0286468259402	0.0148576089222	-0.0325435527621	-0.0434991287863	-0.000912525330868	0.045883406944	0.00874739519172	-0.0498344995485	-0.0159953573275	-0.00992776784841	0.00753676157346	-0.00396151406023	-0.0405189139558	0.00213253252313	0.0178247539658	-0.00260321392137	-0.0108653034383	-0.0338996584959	0.0132385823219	-0.0155921964512	-0.0284711991333	-0.057830605188	0.0299815683899
k__Bacteria;p__Bacteroidetes;c__Bacteroidia;o__Bacteroidales;f__Bacteroidaceae;g__Bacteroides;s__Bacteroides_fragilis	-0.038854493719	0.000924159440775	0.0158618468031	-0.0892615598747	0.00847641395605	-0.00349678042648	-0.0212392933301	-0.0199679739293	-0.0460065503782	-0.0287538689228	-0.0376407374973	-0.05536916185	0.0272175005434	0.0465326271237	-0.0380039293447	-0.0269275642843	1.0	0.0141394295236	0.000660573328905	0.0492570236064	-0.0599040204517	-0.0322373074553	0.0365091187718	-0.00662373382133	0.00171952054459	-0.0409601595218	-0.0534996162581	0.0200054783239	0.0312269641556	0.00225757891919	-0.0508983040338	-0.0880990306552	-0.0117180950119	-0.04068605797	-0.0310048649433	-0.0633442074901	-0.0118129093652	0.0253135842489	0.0141356766984	0.0420547098933	-0.00124323952628	-0.0391711006991	0.00211570951663	-0.0116818247549	0.0308241657976	0.0391008707515	0.00781591944659	-0.0415314111237	-0.0568206502944	-0.0347302816191	0.0244462995584	0.0170882474962	0.0550337159665	0.00879193448105	0.00398973603036	0.0128389459291	-0.00364571029531	0.00932351243221	-0.050546901853
k__Bacteria;p__Proteobacteria;c__Betaproteobacteria;o__Burkholderiales;f__Sutterellaceae;g__Sutterella;s__Sutterella_wadsworthensis	-0.0144529181932	-0.00643687327546	0.011879070864	0.00295319777244	-0.00320767028198	-0.0580666204455	0.0253941522427	-0.0134270433294	0.0153464662436	0.00338591141628	-0.0325456690857	-0.0285167016672	-0.070437630495	-0.0103604370024	-0.00172479441829	-0.0113770172806	0.0141394295236	1.0	-0.0839607008073	-0.0345975930176	-0.0172282876333	-0.0458735195399	0.0119839060058	-0.0220476548371	0.0149305060537	0.0112071118871	0.0131205628431	-0.0164113131932	0.0196958512252	-0.000163524439078	0.0259051748742	-0.0633869543521	-0.0381883919251	0.0178110576737	0.0253176671118	-0.0149073664923	-0.0142671111184	-0.0690928748678	-0.00225943835013	-0.0348299810578	0.00922877430011	-0.02086658886	-0.0042012057851	0.00043760005506	0.0144907640872	-0.0536329408652	-0.0506761457009	0.0899438380331	-0.02809464227	0.00360458343067	-0.0374393967366	-0.036307091369	-0.00471239156058	0.0120791880543	0.0480607333059	-0.0193129195842	-0.0283303085488	0.0208967803605	-0.0254640426645
k__Bacteria;p__Bacteroidetes;c__Bacteroidia;o__Bacteroidales;f__Porphyromonadaceae;g__Barnesiella;s__Barnesiella_intestinihominis	-0.0485144705865	9.45125904334e-05	-0.0609085705612	0.00107672112266	0.0106665244652	-0.0138344273525	-0.0375898567673	0.0388090742127	-0.0833621461318	0.0781654581365	-0.0269441191198	0.00295337393748	0.0245787111639	-0.0566174854122	0.00602315056767	-0.0534561763852	0.000660573328905	-0.0839607008073	1.0	-0.032822070994	-0.00394108041034	-0.0297517346038	0.0464612763118	-0.000977561584262	-0.0330911276788	0.0069313498474	-0.0051467551229	0.0129326902575	-0.057638253758	0.0191001874572	-0.0231008380382	-0.0395997757415	-0.0252867188386	-0.0276800577953	-0.0103788952217	0.00227680005101	0.0254367008941	-0.0157120053475	-0.0230989191847	-0.0108822035044	0.0165489804568	-0.0179358210312	-0.0220788145669	-0.0357580242635	-0.0188047006131	-0.0263661881252	-0.0595255510947	0.0147192255762	0.00921885744131	-0.0471246347382	-0.0127488751515	-0.0308615455482	-0.0200352526341	0.00955692803423	-0.0122880188805	0.0190659661058	0.0449525636632	0.0110755168442	-0.0129315589338
k__Bacteria;p__Bacteroidetes;c__Bacteroidia;o__Bacteroidales;f__Odoribacteraceae;g__Odoribacter;s__Odoribacter_splanchnicus	0.0418708819326	-0.026263286943	-0.0441016372455	0.0204486180627	0.0488077287539	-0.00369419668501	-0.0536284339066	-0.0121694231321	0.0138722324112	0.00433555002783	-0.066339920885	-0.0475457359748	0.0138320151858	-0.00918287860323	0.00345380190511	-0.0141000841026	0.0492570236064	-0.0345975930176	-0.032822070994	1.0	0.0449208552307	-0.0391356356204	-0.0637630868842	0.0188482438371	0.0200727626739	-0.0511165760291	-0.000970680671864	-0.0314127386566	-0.00494152953651	-0.0070874656599	-0.0508509336594	-0.0749756031058	0.0127683150949	-0.0557596192507	-0.0236665435568	0.0219705249125	-0.023475614497	0.012027920692	-0.00437527018991	0.0476607255116	-0.0503360274045	-0.0510815786004	-0.000148579060151	-0.0374006076752	0.0649896680745	-0.02040923074	-0.0146323423229	-0.00668743181467	-0.0285451572504	0.0265744665582	0.0091112016374	-0.0575118712284	-0.00680650263717	0.023355777796	0.0306896214169	-0.0399748940278	0.0129863904602	-0.0278219238029	-0.0577433591926
k__Bacteria;p__Bacteroidetes;c__Bacteroidia;o__Bacteroidales;f__Bacteroidaceae;g__Bacteroides;s__Bacteroides_salyersiae	-0.048207714363	-0.0396342673754	-0.00130304892545	0.040858118659	-0.0145757899553	0.0261844082671	-0.0347149209606	0.0750156589804	-0.013681084049	-0.0309621256762	0.0682777597465	0.00644276830229	-0.0249354138287	-0.101776817655	-0.00945756677356	0.0375102976917	-0.0599040204517	-0.0172282876333	-0.00394108041034	0.0449208552307	1.0	-0.0175081087241	-0.0250675283896	0.00260543541046	0.0118325278117	0.0559112832968	0.000502920128314	-0.044530486293	0.0114724496295	0.0130429834003	0.0389609931742	-0.0700430409576	-0.0276409570245	-0.0515951434269	-0.0864912641267	0.00531776414846	-0.0378193684581	-0.0856704934231	0.0454187548978	-0.0166841585725	-0.0322580851451	0.0360723983673	-0.0402549411163	-0.0810279497901	-0.00326077689657	-0.0808211074117	-0.0236564895237	0.0543645815499	0.0348127227227	-0.0294004157819	0.0442429995544	-0.059439086792	0.0212031230745	0.0133912200909	-0.00405714770204	-0.0318625844935	-0.0360475521906	0.0136020936439	0.0483644018423
k__Bacteria;p__Firmicutes;c__Clostridia;o__Clostridiales;f__Ruminococcaceae;g__Ruminiclostridium;s__[Eubacterium]_siraeum	0.0367623666545	0.0268816709769	0.0359893896498	0.0180496006503	0.0891748199158	0.00245616692039	0.0122042512473	0.0267279159387	-0.0255064596431	-0.00359229726676	-0.0238658137793	-0.023126712241	0.0304446757963	-0.0716803324331	-0.0143416338219	-0.00496566398315	-0.0322373074553	-0.0458735195399	-0.0297517346038	-0.0391356356204	-0.0175081087241	1.0	0.0161289131323	0.0640273423084	-0.0492168031276	0.0535692642235	-0.0258529107739	0.0693922286102	0.0189184129579	-0.0481876680637	0.0249500667434	0.028662103586	-0.0362624283015	-0.0229175959732	-0.0421782627685	0.0278648364685	0.012804063553	-0.0527363229149	-0.000154630092819	-0.040068685501	-0.0230347593481	-0.0101594609498	-0.0662799381183	-0.0311126132215	0.0261518472253	-0.0280978109679	-0.0493251497491	-0.0229470289914	-0.00998794116269	0.00603512678191	0.0117268078474	0.0434203730154	0.00802525859349	0.0217861406948	-0.0730925884803	-0.00416832608418	-0.000460968673956	-0.00238164506003	0.0214301825836
k__Bacteria;p__Proteobacteria;c__Betaproteobacteria;o__Burkholderiales;f__Sutterellaceae;g__Parasutterella;s__Parasutterella_excrementihominis	0.0267507762946	0.0191305832391	-0.00770435338099	-0.0586842563765	0.040306318559	-0.0312563301388	-0.0320240243905	0.0213988298809	-0.0720065655133	-0.0457073442105	-0.0376915161627	0.0498666608881	-0.0691082775914	-0.00131264965424	-0.0823234687979	-0.0273844480919	0.0365091187718	0.0119839060058	0.0464612763118	-0.0637630868842	-0.0250675283896	0.0161289131323	1.0	-0.0326479893243	0.0145319372257	-0.0462176285394	0.0382179283786	-0.00504800984606	0.0266676128247	-0.0126668027307	0.0180659473346	0.057697226256	0.0360527087784	0.000398814287101	-0.018810794695	-0.0189910087253	0.0290330748778	0.00191124610582	0.00718536597256	-0.0305019537845	-0.0035459742469	-0.00503179092737	9.86127801844e-05	0.00212804250185	-0.0247472603017	0.0658231244375	-0.0753977044833	0.0192790998309	0.0105639743617	0.00271894628848	-0.042845731556	0.0415856710589	0.0372146344708	-0.0416127277551	-0.0293295793183	0.00135449297919	0.0182767896866	-0.0900137283334	-0.0511625214617
k__Bacteria;p__Actinobacteria;c__Actinobacteria;o__Bifidobacteriales;f__Bifidobacteriaceae;g__Bifidobacterium;s__Bifidobacterium_adolescentis	-0.0641112975822	-0.000201684099705	-0.0244987446942	0.0200929530973	0.0257542963108	0.0343143065716	0.0528471466608	-0.0520700541176	-0.0457736381418	-0.0325938490684	-0.0125374781964	-0.0524605035068	0.0368223878855	-0.0451000070958	0.0279109822965	-0.0171605324446	-0.00662373382133	-0.0220476548371	-0.000977561584262	0.0188482438371	0.00260543541046	0.0640273423084	-0.0326479893243	1.0	-0.0331922341247	0.018724122424	0.0262984389299	-0.00644558052953	-0.0026257155969	0.0553223855823	-0.0192444831354	-0.0269729591079	-0.018420428328	0.00938030253861	-0.0298693709111	0.0386254069469	0.0243689186623	-0.017075254484	-0.0407122099803	0.0449221855401	0.0344041985784	0.0299759923727	-0.00921978568279	-0.023340311215	0.015901245044	-0.0568935570112	0.108173503029	-0.0214747688084	0.0263001076772	-0.00396812458801	-0.0136547237001	0.00250007607065	0.0138682154166	-0.0335346940041	-0.0241637262362	0.00351971477824	-0.0402976080414	-0.0569229041161	-0.0265678351073
k__Bacteria;p__Firmicutes;c__Clostridia;o__Clostridiales;f__Oscillospiraceae;g__Oscillibacter;s__Oscillibacter_sp._KLE_1745	0.0241155970755	0.0539235640202	-0.00363206248881	0.0168446476228	-0.0232437493392	0.00388869272519	-0.0388787213348	-0.0318266947678	0.00619597136244	0.00417855821923	0.0112782152732	0.0213515726872	0.00531498377599	0.0257428946973	-0.0173416435638	0.0302548512397	0.00171952054459	0.0149305060537	-0.0330911276788	0.0200727626739	0.0118325278117	-0.0492168031276	0.0145319372257	-0.0331922341247	1.0	0.0191837245622	-0.0176325030823	0.0396302161405	-0.0605537332766	-0.0468793153897	-0.0314419855834	-0.041654773492	-0.00688665306561	-0.0410775578049	-0.0349110249727	-0.0364620201365	-0.055230082654	0.00634776650336	0.00699136104654	-0.0591387651467	-0.0264097041321	0.0601706095872	0.0651220378883	-0.0168364513295	0.000130443588323	-0.0174623379733	-0.0157779747914	0.018820047847	0.00855467709357	0.0205102176127	-0.012484323176	-0.016343490965	0.0229936095687	0.0570632686445	-0.0436049634705	-0.0343565661997	0.0641960299325	0.0341572036386	-0.0295938495561
k__Bacteria;p__Bacteroidetes;c__Bacteroidia;o__Bacteroidales;f__Bacteroidaceae;g__Bacteroides;s__Bacteroides_coprophilus	-0.0195436340547	0.0265606164051	-0.0162207864851	0.0601460709678	-0.00680841987427	-0.0434541362585	-0.0024337995024	-0.0900552662504	-0.00392959439317	0.00698045240234	-0.0160225596114	0.00519480731646	0.0319390684582	-0.0663234020841	-0.0212670555408	0.0159051698039	-0.0409601595218	0.0112071118871	0.0069313498474	-0.0511165760291	0.0559112832968	0.0535692642235	-0.0462176285394	0.018724122424	0.0191837245622	1.0	-0.00574440050511	0.069637166395	-0.0313959663251	0.00768571642633	0.000222958764067	-0.0197865912473	-0.0292755666591	-0.0820516182212	0.0822094776357	-0.0335784037871	-0.0243352368188	0.0385747457933	0.00731635276667	0.00696527509511	0.0274900438921	-0.0395728097687	-0.00371030246341	-0.0286363644586	0.00342432623375	-0.0125405107677	-0.0134823467816	-0.00815713775955	-0.0483370581922	-0.040164513187	-0.062641664772	0.0522989505932	0.0279721567796	0.0105817682038	-0.0621929934792	0.0275332663238	0.00991989169412	0.0175976445532	-0.0280692101174
k__Bacteria;p__Firmicutes;c__Clostridia;o__Clostridiales;f__Lachnospiraceae;g__Roseburia;s__Roseburia_intestinalis	-0.00545578350536	-0.0373946527688	-0.0272333015089	-0.0866388939672	-0.0437581969997	-0.049794879641	0.0127358102589	0.0225079143707	-0.0311397576866	0.00866814629498	0.0140872341699	-0.00177196310263	-0.00374300763791	-0.0703651679268	-0.0089807231053	-0.0217373556148	-0.0534996162581	0.0131205628431	-0.0051467551229	-0.000970680671864	0.000502920128314	-0.0258529107739	0.0382179283786	0.0262984389299	-0.0176325030823	-0.00574440050511	1.0	-0.068403139883	-0.0143006870126	0.00856551949958	0.0329050953046	0.0171675616182	0.00637812781547	-0.0427138309552	0.0367983261687	0.0239509465477	-0.0137481991227	-0.0383359863202	0.0234813260385	0.0697168676979	0.0436069809134	-0.0546567235122	0.00143224950303	-0.00167202458293	-0.00694845840676	-0.0329061164763	0.00752411446592	-0.0119086249212	-0.0101543435011	0.0119959887966	-0.0274804996372	-0.0124345996782	-0.0852687813351	0.00833661712876	-0.00406170728922	0.0290983683599	0.0348959220003	0.0393387634017	-0.0131279866947
k__Bacteria;p__Firmicutes;c__Clostridia;o__Clostridiales;f__Lachnospiraceae;g__Roseburia;s__Roseburia_hominis	-0.0127028372282	0.0438213612245	-0.035022349721	-0.00504108880185	0.00879271893659	-0.0383451866305	-0.0256163307979	-0.0635708625717	-0.0423164256193	0.00225832182264	-0.0190987104364	0.0118350601669	-0.0381459162888	0.0448592441186	0.0473081652379	-0.0274958796643	0.0200054783239	-0.0164113131932	0.0129326902575	-0.0314127386566	-0.044530486293	0.0693922286102	-0.00504800984606	-0.00644558052953	0.0396302161405	0.069637166395	-0.068403139883	1.0	-0.0676756554254	-0.0499631317093	-0.0523367793862	0.0140291342588	0.00147312336595	0.0146567983549	-0.0708444932754	-0.00940202551512	-0.0138901934012	0.023957126978	-0.0118791795867	-0.00980962096013	0.0193020652655	0.0767205331427	-0.00995613869388	-0.0701664456	-0.00374352357099	-0.0144709550762	0.0101290978087	0.00213385846682	-0.00892628183563	0.0485997936774	-0.0372846626065	-0.026324978868	-0.00681596331574	-0.00117918021095	-0.0127336805935	0.0466372492645	-0.00523421162358	0.0122427159325	-0.0787198324448
k__Bacteria;p__Bacteroidetes;c__Bacteroidia;o__Bacteroidales;f__Porphyromonadaceae;g__Parabacteroides;s__Parabacteroides_johnsonii	0.00615121031366	-0.00552602107835	0.0166027409149	0.0291847057032	0.0300049035818	-0.035630085792	0.022139574086	-0.0311025459875	-0.0266961273362	0.0336497452034	0.0176822301548	-0.0287613208543	-0.0270177601624	0.0274634235944	-0.0131110043586	-0.0286899828823	0.0312269641556	0.0196958512252	-0.057638253758	-0.00494152953651	0.0114724496295	0.0189184129579	0.0266676128247	-0.0026257155969	-0.0605537332766	-0.0313959663251	-0.0143006870126	-0.0676756554254	1.0	-0.0315958628788	-0.0375660836486	0.0705498265533	-0.053929352161	0.0562569150396	-0.0558763390719	-0.0117859432861	0.049218221473	-0.0243867608837	-0.0345595080262	0.0643712051748	-0.0254929241124	0.0201965933875	-0.0266925450988	0.0220595819811	0.0419807503625	-0.0165189635692	-0.000327327681237	-0.0496740534586	-0.0126020690736	-0.0285568415783	-0.0159132684589	0.0301690270627	0.00310692812076	-0.0312193950884	-0.00163837620167	0.0137591830318	0.0328111379165	0.0352541622728	0.0895057656851
k__Bacteria;p__Actinobacteria;c__Actinobacteria;o__Bifidobacteriales;f__Bifidobacteriaceae;g__Bifidobacterium;s__Bifidobacterium_longum	0.00908282656787	-0.0418171674268	-0.0247680388457	-0.0277489457936	0.00494505404645	0.025972491212	0.0218191214884	0.00693990504987	0.0170318870309	-0.0651842292639	-0.0211151981928	0.0302083946765	0.0468641983914	-0.00330733579594	-0.0135068088905	0.0114915695823	0.00225757891919	-0.000163524439077	0.0191001874572	-0.0070874656599	0.0130429834003	-0.0481876680637	-0.0126668027307	0.0553223855823	-0.0468793153897	0.00768571642633	0.00856551949958	-0.0499631317093	-0.0315958628788	1.0	-0.0408743169441	-0.0102464405178	0.053096108056	0.016728784962	0.0166677086148	-0.0280775841935	-0.0148593844586	0.0242037375975	-0.0678767127639	0.0355863321596	-0.0472634093615	-0.024232640007	-0.00921657528856	-0.0677952390321	0.026486277536	0.035090871423	0.0427627107771	0.0122640191447	0.0333903985638	0.00481581499152	-0.039887432528	0.00368303290387	-0.0420018014338	0.0202822424329	-0.0399697669302	-0.0560829881707	-0.0107569491618	-0.0313568129889	-0.0101714126525
