#taxonomy	k__Bacteria;p__Bacteroidetes;c__Bacteroidia;o__Bacteroidales;f__Bacteroidaceae;g__Bacteroides;s__Bacteroides_vulgatus	k__Bacteria;p__Bacteroidetes;c__Bacteroidia;o__Bacteroidales;f__Bacteroidaceae;g__Bacteroides;s__Bacteroides_uniformis	k__Bacteria;p__Bacteroidetes;c__Bacteroidia;o__Bacteroidales;f__Rikenellaceae;g__Alistipes;s__Alistipes_putredinis	k__Bacteria;p__Bacteroidetes;c__Bacteroidia;o__Bacteroidales;f__Prevotellaceae;g__Prevotella;s__Prevotella_copri	k__Bacteria;p__Bacteroidetes;c__Bacteroidia;o__Bacteroidales;f__Bacteroidaceae;g__Bacteroides;s__Bacteroides_stercoris	k__Bacteria;p__Bacteroidetes;c__Bacteroidia;o__Bacteroidales;f__Bacteroidaceae;g__Bacteroides;s__Bacteroides_ovatus	k__Bacteria;p__Bacteroidetes;c__Bacteroidia;o__Bacteroidales;f__Rikenellaceae;g__Alistipes;s__Alistipes_shahii	k__Bacteria;p__Firmicutes;c__Clostridia;o__Clostridiales;f__Ruminococcaceae;g__Faecalibacterium;s__Faecalibacterium_prausnitzii	k__Bacteria;p__Bacteroidetes;c__Bacteroidia;o__Bacteroidales;f__Rikenellaceae;g__Alistipes;s__Alistipes_finegoldii	k__Bacteria;p__Bacteroidetes;c__Bacteroidia;o__Bacteroidales;f__Porphyromonadaceae;g__Parabacteroides;s__Parabacteroides_distasonis	k__Bacteria;p__Bacteroidetes;c__Bacteroidia;o__Bacteroidales;f__Bacteroidaceae;g__Bacteroides;s__Bacteroides_thetaiotaomicron	k__Bacteria;p__Bacteroidetes;c__Bacteroidia;o__Bacteroidales;f__Bacteroidaceae;g__Bacteroides;s__Bacteroides_coprocola	k__Bacteria;p__Bacteroidetes;c__Bacteroidia;o__Bacteroidales;f__Bacteroidaceae;g__Bacteroides;s__Bacteroides_cellulosilyticus	k__Bacteria;p__Bacteroidetes;c__Bacteroidia;o__Bacteroidales;f__Rikenellaceae;g__Alistipes;s__Alistipes_obesi	k__Bacteria;p__Firmicutes;c__Clostridia;o__Clostridiales;f__Lachnospiraceae;g__;s__[Eubacterium]_rectale	k__Bacteria;p__Bacteroidetes;c__Bacteroidia;o__Bacteroidales;f__Bacteroidaceae;g__Bacteroides;s__Bacteroides_plebeius	k__Bacteria;p__Bacteroidetes;c__Bacteroidia;o__Bacteroidales;f__Bacteroidaceae;g__Bacteroides;s__Bacteroides_fragilis	k__Bacteria;p__Proteobacteria;c__Betaproteobacteria;o__Burkholderiales;f__Sutterellaceae;g__Sutterella;s__Sutterella_wadsworthensis	k__Bacteria;p__Bacteroidetes;c__Bacteroidia;o__Bacteroidales;f__Porphyromonadaceae;g__Barnesiella;s__Barnesiella_intestinihominis	k__Bacteria;p__Bacteroidetes;c__Bacteroidia;o__Bacteroidales;f__Odoribacteraceae;g__Odoribacter;s__Odoribacter_splanchnicus	k__Bacteria;p__Bacteroidetes;c__Bacteroidia;o__Bacteroidales;f__Bacteroidaceae;g__Bacteroides;s__Bacteroides_salyersiae	k__Bacteria;p__Firmicutes;c__Clostridia;o__Clostridiales;f__Ruminococcaceae;g__Ruminiclostridium;s__[Eubacterium]_siraeum	k__Bacteria;p__Proteobacteria;c__Betaproteobacteria;o__Burkholderiales;f__Sutterellaceae;g__Parasutterella;s__Parasutterella_excrementihominis	k__Bacteria;p__Actinobacteria;c__Actinobacteria;o__Bifidobacteriales;f__Bifidobacteriaceae;g__Bifidobacterium;s__Bifidobacterium_adolescentis	k__Bacteria;p__Firmicutes;c__Clostridia;o__Clostridiales;f__Oscillospiraceae;g__Oscillibacter;s__Oscillibacter_sp._KLE_1745	k__Bacteria;p__Bacteroidetes;c__Bacteroidia;o__Bacteroidales;f__Bacteroidaceae;g__Bacteroides;s__Bacteroides_coprophilus	k__Bacteria;p__Firmicutes;c__Clostridia;o__Clostridiales;f__Lachnospiraceae;g__Roseburia;s__Roseburia_intestinalis	k__Bacteria;p__Firmicutes;c__Clostridia;o__Clostridiales;f__Lachnospiraceae;g__Roseburia;s__Roseburia_hominis	k__Bacteria;p__Bacteroidetes;c__Bacteroidia;o__Bacteroidales;f__Porphyromonadaceae;g__Parabacteroides;s__Parabacteroides_johnsonii	k__Bacteria;p__Actinobacteria;c__Actinobacteria;o__Bifidobacteriales;f__Bifidobacteriaceae;g__Bifidobacterium;s__Bifidobacterium_longum	k__Bacteria;p__Firmicutes;c__Clostridia;o__Clostridiales;f__;g__Flavonifractor;s__Flavonifractor_plautii	k__Bacteria;p__Firmicutes;c__Clostridia;o__Clostridiales;f__Clostridiaceae;g__Clostridium;s__Clostridium_phoceensis	k__Bacteria;p__Verrucomicrobia;c__Verrucomicrobiae;o__Verrucomicrobiales;f__Akkermansiaceae;g__Akkermansia;s__Akkermansia_muciniphila	k__Bacteria;p__Bacteroidetes;c__Bacteroidia;o__Bacteroidales;f__Prevotellaceae;g__Paraprevotella;s__Paraprevotella_xylaniphila	k__Bacteria;p__Firmicutes;c__Clostridia;o__Clostridiales;f__Ruminococcaceae;g__Ruminococcus;s__Ruminococcus_callidus	k__Bacteria;p__Bacteroidetes;c__Bacteroidia;o__Bacteroidales;f__Rikenellaceae;g__Alistipes;s__Alistipes_senegalensis	k__Bacteria;p__Firmicutes;c__Clostridia;o__Clostridiales;f__Lachnospiraceae;g__Blautia;s__Blautia_sp._KLE_1732	k__Bacteria;p__Bacteroidetes;c__Bacteroidia;o__Bacteroidales;f__Bacteroidaceae;g__Bacteroides;s__Bacteroides_oleiciplenus	k__Bacteria;p__Firmicutes;c__Clostridia;o__Clostridiales;f__Ruminococcaceae;g__Ruminococcus;s__Ruminococcus_bicirculans	k__Bacteria;p__Bacteroidetes;c__Bacteroidia;o__Bacteroidales;f__Bacteroidaceae;g__Bacteroides;s__Bacteroides_fluxus	k__Bacteria;p__Bacteroidetes;c__Bacteroidia;o__Bacteroidales;f__Prevotellaceae;g__Prevotella;s__Prevotella_stercorea	k__Bacteria;p__Firmicutes;c__Clostridia;o__Clostridiales;f__Lachnospiraceae;g__Dorea;s__Dorea_longicatena	k__Bacteria;p__Firmicutes;c__Clostridia;o__Clostridiales;f__Eubacteriaceae;g__Eubacterium;s__[Eubacterium]_eligens	k__Bacteria;p__Firmicutes;c__Clostridia;o__Clostridiales;f__Ruminococcaceae;g__;s__Ruminococcaceae_bacterium_D16	k__Bacteria;p__Firmicutes;c__Clostridia;o__Clostridiales;f__Lachnospiraceae;g__Coprococcus;s__Coprococcus_comes	k__Bacteria;p__Proteobacteria;c__Gammaproteobacteria;o__Enterobacterales;f__Enterobacteriaceae;g__Escherichia;s__Escherichia_coli	k__Bacteria;p__Firmicutes;c__Clostridia;o__Clostridiales;f__Ruminococcaceae;g__Anaerotruncus;s__Anaerotruncus_colihominis	k__Bacteria;p__Firmicutes;c__Clostridia;o__Clostridiales;f__Lachnospiraceae;g__Blautia;s__Blautia_obeum	k__Bacteria;p__Bacteroidetes;c__Bacteroidia;o__Bacteroidales;f__Odoribacteraceae;g__Odoribacter;s__Odoribacter_laneus	k__Bacteria;p__Firmicutes;c__Clostridia;o__Clostridiales;f__Ruminococcaceae;g__Ruminiclostridium;s__[Clostridium]_leptum	k__Bacteria;p__Bacteroidetes;c__Bacteroidia;o__Bacteroidales;f__Porphyromonadaceae;g__Parabacteroides;s__Parabacteroides_goldsteinii	k__Bacteria;p__Firmicutes;c__Clostridia;o__Clostridiales;f__Lachnospiraceae;g__Anaerostipes;s__Anaerostipes_hadrus	k__Bacteria;p__Firmicutes;c__Clostridia;o__Clostridiales;f__Ruminococcaceae;g__Ruminococcus;s__Ruminococcus_lactaris	k__Bacteria;p__Firmicutes;c__Clostridia;o__Clostridiales;f__Clostridiaceae;g__Clostridium;s__Clostridium_sp._L2-50	k__Bacteria;p__Firmicutes;c__Clostridia;o__Clostridiales;f__Clostridiaceae;g__Clostridium;s__Clostridium_sp._M62/1	k__Bacteria;p__Firmicutes;c__Clostridia;o__Clostridiales;f__;g__Intestinimonas;s__Intestinimonas_butyriciproducens	k__Bacteria;p__Actinobacteria;c__Actinobacteria;o__Bifidobacteriales;f__Bifidobacteriaceae;g__Bifidobacterium;s__Bifidobacterium_bifidum	k__Bacteria;p__Firmicutes;c__Negativicutes;o__Veillonellales;f__Veillonellaceae;g__Dialister;s__Dialister_invisus	k__Bacteria;p__Bacteroidetes;c__Bacteroidia;o__Bacteroidales;f__Bacteroidaceae;g__Bacteroides;s__Bacteroides_salanitronis
k__Bacteria;p__Bacteroidetes;c__Bacteroidia;o__Bacteroidales;f__Bacteroidaceae;g__Bacteroides;s__Bacteroides_vulgatus	1.0	0.0145447467758	-0.012270028824	-0.0213936831344	0.0227911715908	0.0264607817969	0.0652296478444	0.0579262131741	0.0312896346587	0.0263859033275	0.0219311215342	-0.0548599594176	-0.0642533318455	0.0178477208937	0.00066837415608	0.0474372628674	-0.0506894723195	-0.0349745487593	0.0324377422027	-0.040033967678	-0.0231286008728	-0.00274284650915	-0.0269472542619	-0.0182077995341	-0.00711879132593	-0.00199089308707	0.0230248611887	-0.0281978885977	-0.0129787101152	-0.0296874783822	-0.0145732334687	-0.0360100191578	0.0361863210418	-0.0367225799922	-0.000560046894116	-0.0413562755992	0.023763624064	-0.0116184359189	0.0443910421825	-0.017109496792	-0.0606162236026	-0.0103280922374	-0.0354602235471	-0.0460461158225	0.0212087857483	0.0548927319566	0.0158638648092	-0.0517978300358	0.0520962903179	-0.0406867635812	-0.0140640794842	-0.00885948212978	-0.015256448979	0.0216514400679	-0.0548028322399	0.0267544823781	-0.0354828993949	-0.0239498227291	-0.00646794706681
k__Bacteria;p__Bacteroidetes;c__Bacteroidia;o__Bacteroidales;f__Bacteroidaceae;g__Bacteroides;s__Bacteroides_uniformis	0.0145447467758	1.0	0.0348202753039	0.00524053171047	-0.0413624447504	-0.0164964442176	-0.0401305519366	0.0409518604525	0.0344648035571	-0.10645745182	0.0104238180891	-0.00748054808894	-0.0171038493505	-0.00330897892513	0.0239488508046	0.000665786950096	-0.00336761080135	0.0195325457334	-0.0201755749024	-0.0156463955667	-0.00350411467661	-0.0216048747379	-0.0016831304407	0.0103396091009	-0.00110209199127	-0.00793439100713	0.0208981868527	0.0174785266245	-0.0765597630974	0.0785884748807	0.0118476347284	-0.00704675981739	-0.0263789275392	0.0270688655678	0.0231763503101	0.0516946643439	0.023129342419	-0.0408338875565	-0.0703691387355	-0.0344378084549	0.0226157835832	0.00820067738441	0.00607905707213	-0.0486737641428	0.0185363431719	-0.0340813333532	-0.0991484981803	0.0275795389598	-0.0393140766414	-0.0302560510677	-0.0381067935604	-0.0222739422114	0.0276209426711	-0.00296220244612	-0.0478808521808	-0.00156313464327	-0.00644974825803	0.0188420890156	-0.0305049863124
k__Bacteria;p__Bacteroidetes;c__Bacteroidia;o__Bacteroidales;f__Rikenellaceae;g__Alistipes;s__Alistipes_putredinis	-0.012270028824	0.0348202753039	1.0	0.0241918137964	-0.0390101000569	0.0387566886475	0.0399288478442	-0.0275564365833	0.00589315101319	-0.0337514562102	0.00398378612192	0.0117936276223	-0.0136435516196	0.069434979843	-0.0203084122946	0.0265395972161	-0.0844332420706	0.0582025077581	-0.0782788886478	-0.0345984665533	-0.00884806605625	-0.0582715030806	-0.0611020510122	0.0128792755567	-0.0199015878598	-0.0474088506734	-0.0165652687655	-0.0453105033237	-0.0132305351147	-0.00142687885253	-0.0397435775283	-0.0512712650158	0.0380260936897	0.0835836702931	-0.048817037218	-0.0438412521143	0.00263421542811	0.0225231074453	0.0151968346089	-0.0142938738978	-0.0236087475701	-0.00397177873312	0.0471187205266	-0.0757761173758	-0.0371106593831	-0.0206370968076	-0.0312847757238	-0.00123558754049	-0.0229694867328	-0.00728610198883	-0.00763153735566	-0.0116361706243	-0.0308404221667	-0.0100625915688	-0.00867923427113	-0.0777231292578	-0.00961019110921	0.0168490013782	0.0127008570095
k__Bacteria;p__Bacteroidetes;c__Bacteroidia;o__Bacteroidales;f__Prevotellaceae;g__Prevotella;s__Prevotella_copri	-0.0213936831344	0.00524053171047	0.0241918137964	1.0	0.00135455008712	-0.0542060286521	-0.023737689231	0.010548208038	0.0415166472064	0.0189712978703	-0.0233750687313	0.0032331455846	-0.0405392743827	0.00104526364996	-0.0440023418122	-0.022155394318	-0.00107786008376	0.0115685835429	0.00337220177954	0.0100536776235	0.0855723647724	-0.0407040336045	0.0251928717995	0.0327472683298	-0.011837063212	-0.0429306855081	-0.0302946882368	0.0291077749116	0.0565544501981	-0.0277017758617	-0.054681184208	0.0585066372831	0.0167246763648	-0.00594167661996	-0.0387393119248	0.0141472364859	-0.0238147714908	-0.035604858601	-0.00529526238526	-0.00096735918279	0.0117725073547	0.0388093998156	0.0448992368854	0.0277183434163	-0.0269733692253	-0.0247447062066	-0.0903664338825	-0.0851097876444	0.0180939285408	-0.0290651123176	-0.02127761505	0.033454699104	-0.00236216430438	-0.0574469628153	-0.0260934785532	-0.00193449112661	-0.0207969193776	-0.0232426254722	-0.00540082318028
k__Bacteria;p__Bacteroidetes;c__Bacteroidia;o__Bacteroidales;f__Bacteroidaceae;g__Bacteroides;s__Bacteroides_stercoris	0.0227911715908	-0.0413624447504	-0.0390101000569	0.00135455008712	1.0	0.0510605530054	-0.0280629433256	0.00398121969664	0.0487023046753	0.0201849884784	0.0392195056915	-0.0266432727812	-0.0257645947789	-0.000964294800181	-0.00856669100994	-0.0153571271605	0.00431162973934	-0.0380796113391	0.0016886406343	-0.0120856097425	0.00437363978584	-0.0606268366246	0.0344183761314	-0.0227860372439	0.0144617335606	0.0243801059397	-0.0028903187787	0.00628414360596	-0.00220660169178	-0.0392091671383	-0.00300446457945	0.0284360149044	0.00921284424359	0.0405185329254	0.00991147149227	-0.00482848766135	-0.0347535582358	0.0210899958634	-0.0517889832659	0.0795018363924	-0.0040197097517	-0.0432152521187	-0.0274528430575	-0.0287411036036	-0.0287709855668	0.0103358398406	-0.0579782697241	-0.079151525073	-0.0109140822597	-0.0302117251376	-0.0393242247346	0.02498734353	-0.0467235580302	0.0272221928794	-0.00782188065204	-0.0146341126312	-0.0547347790333	-0.0821996045117	-0.0248389254496
k__Bacteria;p__Bacteroidetes;c__Bacteroidia;o__Bacteroidales;f__Bacteroidaceae;g__Bacteroides;s__Bacteroides_ovatus	0.0264607817969	-0.0164964442176	0.0387566886475	-0.0542060286521	0.0510605530054	1.0	-0.0217450374194	-0.0155943312025	-0.0209050750969	-0.0307301740977	-0.0266225478819	0.0557051901758	-0.0239914009657	-0.00902205142709	0.0141810442981	-0.0716841569284	-0.00934954865743	-0.012522888919	0.0167233475219	-0.0135352244735	0.00565019541133	-0.00369727602648	-0.0258043732142	-0.0036037005021	0.0497371998629	0.00923013957176	0.0262433559609	0.0178824109412	0.058118914232	-0.0576391358004	-0.0150744520404	-0.0151661968442	-0.0102638448738	-0.0107079742223	-0.00621746589289	-0.00991908212105	-0.029342851407	-0.0112442900773	-0.0816861507014	-0.00985518706635	-0.027281156926	-0.0373122482491	0.0373276770585	-0.00591107273655	0.00110538583068	-0.067496599791	-0.0462786567192	-0.0214436328354	-0.00207223008481	-0.0129816041662	0.0109935229858	-0.0283868806604	0.0167952825138	0.0302250789014	-0.022607441548	-0.0264800677708	0.0274846223009	-0.00341136789876	-0.0203993378676
k__Bacteria;p__Bacteroidetes;c__Bacteroidia;o__Bacteroidales;f__Rikenellaceae;g__Alistipes;s__Alistipes_shahii	0.0652296478444	-0.0401305519366	0.0399288478442	-0.023737689231	-0.0280629433256	-0.0217450374194	1.0	0.0161664559131	0.0208434911728	0.0183317928181	-0.0287903647375	0.031016334022	-0.0094867251478	0.00146060727437	-0.00963762075387	0.0180072290666	-0.0941315763579	0.00471415661392	-0.00690845115387	-0.0480633275707	-0.0844132625304	-0.00629305329311	-0.0137843991114	0.00358863087617	0.00797961076007	-0.0218743856034	0.0574085520277	-0.0102060901353	-0.0504035757949	0.0452008216104	0.0122603312447	0.0460979832776	-0.0371703054058	-0.0126665143646	0.0126869971689	0.0396852983323	-0.040316171435	-0.0349381387878	-0.0512490962367	-0.0179167664646	-0.0139836689616	-0.00498410921536	-0.0344061745893	-0.0039170430471	-0.071441177277	0.0148357317233	-0.0110565529278	0.0198368229662	-0.0421048465026	0.0432253362803	0.00780903508287	-0.0172413871006	0.0272971239834	0.00348764730658	-0.0372895905594	0.0269323881059	0.0408200971694	0.0371106427413	0.00368457430166
k__Bacteria;p__Firmicutes;c__Clostridia;o__Clostridiales;f__Ruminococcaceae;g__Faecalibacterium;s__Faecalibacterium_prausnitzii	0.0579262131741	0.0409518604525	-0.0275564365833	0.010548208038	0.00398121969665	-0.0155943312025	0.0161664559131	1.0	-0.00539858845813	-0.00226242529206	0.0475893614046	0.00391278809973	0.0187154803327	-0.0826372737572	0.0221709027247	-0.0388639763913	-0.0449483100901	-0.0109847075296	0.00656490338675	-0.0164767868982	-0.0192505398848	-0.0611067827592	0.0168541481963	0.0143435873988	0.0166707897489	-0.00137988486634	0.0139093874618	0.0236599987994	0.031815602214	0.00430368472616	0.0179899499702	0.0328217150785	-0.0167029277176	0.0232142366325	0.0502506764418	-0.0479323541324	-0.0246635022059	0.0313323525759	0.00573933465567	0.0159998431828	-0.014418145026	-0.0586026533195	0.0338930832245	-0.00982586977603	0.0163690844514	0.0122215603941	0.0303460483387	-0.07023758137	0.00155011773951	-0.0263014115036	0.00499592071667	0.0245250391971	-0.0300991531209	-0.0230242640447	0.00760647322244	0.00925752368021	0.00959125046021	0.0340795299204	-0.0331889656154
k__Bacteria;p__Bacteroidetes;c__Bacteroidia;o__Bacteroidales;f__Rikenellaceae;g__Alistipes;s__Alistipes_finegoldii	0.0312896346587	0.0344648035571	0.00589315101319	0.0415166472064	0.0487023046753	-0.0209050750969	0.0208434911728	-0.00539858845813	1.0	0.0313221546732	0.0296904003524	-0.0114712524745	-0.000913932927864	0.0502212787368	0.0131025143331	0.0134042204333	-0.000995404513848	-0.0531340371483	-0.0172854295983	0.00791175631364	-0.0189390742204	-0.0348480586111	-0.00722024269562	0.00138188145799	0.0311899979298	0.0160602638811	-0.0403711857915	-0.0329810859193	-0.0493244130052	0.00759649734755	0.0136897246046	-0.0175296223061	0.0207773509023	-0.0385961014353	-0.0346103494422	-0.00622740502517	-0.0161330705347	-0.00380806141852	-0.0478791898177	-0.0499496300049	-0.0420401458693	-0.078007062582	0.00293402529295	0.0425009639578	-0.0454174048799	0.0202067359742	0.0223551621969	-0.00274902905752	0.00388987230527	0.0167686925588	-0.00841253473674	0.00860750393088	0.00660500164733	0.00301152889638	-0.0895356203668	0.014563914341	0.0222406667311	0.0534860856127	-0.0259735215543
k__Bacteria;p__Bacteroidetes;c__Bacteroidia;o__Bacteroidales;f__Porphyromonadaceae;g__Parabacteroides;s__Parabacteroides_distasonis	0.0263859033275	-0.10645745182	-0.0337514562102	0.0189712978703	0.0201849884784	-0.0307301740977	0.0183317928181	-0.00226242529206	0.0313221546732	1.0	-0.00399053505941	-0.0175203476836	0.0158819412673	0.00788549701457	-0.0570017636143	0.0166994115443	0.0175643433934	0.0204117323921	-0.0361256468317	-0.0654633487481	0.00682642475911	-0.0638268966903	0.00748317398577	0.0300170734232	0.0754331709414	-0.0421778723449	0.0330099794497	-0.0388079107564	-0.0241673285748	0.0140249579029	0.0153204930686	-0.00883695786631	-0.00168847231158	0.0412594344713	-0.00762951124682	0.0200022953863	-0.03281554208	0.00863299651731	0.0381270625496	-0.016542382606	0.0477888736922	0.0223022703474	-0.014007878281	0.0146956142196	0.00686015356114	-0.0186221355847	-0.0434382739596	-0.0249055648664	-0.0379813385514	0.0338444539205	0.02444808835	-0.0911914785498	-0.014915326635	-0.00887596948768	0.0535416526399	-0.0156431670952	-0.0346432387811	-0.0512344455369	0.0290673041639
k__Bacteria;p__Bacteroidetes;c__Bacteroidia;o__Bacteroidales;f__Bacteroidaceae;g__Bacteroides;s__Bacteroides_thetaiotaomicron	0.0219311215342	0.0104238180891	0.00398378612192	-0.0233750687313	0.0392195056915	-0.0266225478819	-0.0287903647375	0.0475893614046	0.0296904003524	-0.00399053505941	1.0	0.0260319040721	0.0281071008605	0.064373485375	-0.106947451114	-0.0617908615422	-0.0501733053329	0.0416331815987	-0.013006710579	-0.0208376298758	0.0208726811195	-0.0216546235882	0.0384975976717	-0.0440997649639	-0.0163305686382	0.0052447536415	-0.0257514892556	-0.0816058429019	-0.00229401491464	0.0780379573173	-0.0552374570167	-0.00364798921234	0.0174523725324	-0.0712229035397	-0.00419665098846	-0.0638864589731	-0.00353216222043	-0.0512279498616	-0.00907598985993	0.0410786640257	0.00855857130438	-0.0478482996837	-0.0539769761658	0.00341766842787	-0.0172783573773	0.000528457442134	0.00574636527565	0.0345056531356	0.0262262169212	0.0153106820505	-0.033044378675	0.0126641702532	-0.0443313598323	-0.00876627770848	0.0128513378095	-0.0427460938716	-0.015895878552	-0.0501623593659	-0.062897752453
k__Bacteria;p__Bacteroidetes;c__Bacteroidia;o__Bacteroidales;f__Bacteroidaceae;g__Bacteroides;s__Bacteroides_coprocola	-0.0548599594176	-0.00748054808894	0.0117936276223	0.0032331455846	-0.0266432727812	0.0557051901758	0.031016334022	0.00391278809973	-0.0114712524745	-0.0175203476836	0.0260319040721	1.0	0.000835963466747	-0.0180678811518	-0.0192745386608	0.0146219558331	-0.042433443952	-0.0515641091504	-0.0349164881724	-0.0244650753077	0.0174058479011	0.0210356020467	-0.0518320444894	0.00344332419217	-0.00352350760519	0.00940952623082	-0.044299948477	0.00873711308118	0.0101931255517	-0.0506119127038	-0.0532459188747	-0.00697961240883	-0.0633954275406	0.0343901166897	-0.00706409757138	-0.0294868757249	-0.0284609310325	0.0273606596603	0.0345623454096	0.00534485893504	-0.026952073084	-0.0156864060855	0.00769207444675	-0.00190469260117	-0.000854579966424	-0.0329198773006	0.0651102022605	0.0289328174352	-0.0376281446103	0.0504415008339	-0.0478146089103	0.029176982216	0.00654508442132	0.0274028819375	-0.00993554704569	0.00813578502959	0.0209502993115	-0.026478480371	0.0185984668029
k__Bacteria;p__Bacteroidetes;c__Bacteroidia;o__Bacteroidales;f__Bacteroidaceae;g__Bacteroides;s__Bacteroides_cellulosilyticus	-0.0642533318455	-0.0171038493505	-0.0136435516196	-0.0405392743827	-0.0257645947789	-0.0239914009657	-0.0094867251478	0.0187154803327	-0.000913932927864	0.0158819412673	0.0281071008605	0.000835963466747	1.0	-0.0457887767018	-0.00294740198913	0.0143321530115	-0.00173001290947	-0.0635514900009	-0.0186129273685	0.0329453274122	0.013337013515	0.0258263516609	-0.0276425107958	-0.0480710625309	0.0359114050997	0.00906779241903	0.0477972539208	0.00313767222911	-0.0225180248233	-0.051545035134	-0.0359711019991	-0.00612235599173	-0.0628171394202	-0.0329686625629	-0.0346140456225	0.0379267648945	0.0312409898473	0.0411065786063	-0.0121329686904	-0.0401875873159	-0.0556065318052	0.0143230892851	-0.0144177698722	0.0240992849134	0.0218756501102	0.00915418408762	-0.0578117376134	-0.0329796768186	-0.0231403791412	-0.00633374865492	-0.0142178144056	0.00526255349496	-0.0248648875204	0.0125529134286	0.0323473999197	-0.0481059137248	-0.0328163979322	0.0384850372814	-0.0921618714293
k__Bacteria;p__Bacteroidetes;c__Bacteroidia;o__Bacteroidales;f__Rikenellaceae;g__Alistipes;s__Alistipes_obesi	0.0178477208937	-0.00330897892513	0.069434979843	0.00104526364996	-0.000964294800181	-0.00902205142709	0.00146060727437	-0.0826372737572	0.0502212787368	0.00788549701457	0.064373485375	-0.0180678811518	-0.0457887767018	1.0	-0.0477439890632	0.0943733818581	0.0318187405795	0.0340822220475	-0.051393015737	0.0368924356166	0.0886206196229	-0.00546381936806	-0.0796106786076	-0.0427842984931	-0.0440063848963	0.0151260968677	-0.0196247643153	0.0537684852988	-0.0550060763991	-0.0146072915517	-0.0377830864678	0.0533968664679	-0.0603810761745	-0.0165602842348	0.00315262198107	-0.00785892292264	-0.00830563780184	-0.0812801152036	0.0500932955248	-0.0214250961182	0.0255124551223	0.0578175424003	0.0312706098636	-0.065919579779	0.0146755458588	0.0359831750707	-0.0560698909488	-0.0348069030247	-0.00620029132185	0.0279412738588	0.00187714832648	0.000639355586424	-0.00147637237408	-0.00848490941809	0.0427720648244	0.00878854851019	0.049354157313	-0.0502568045701	0.0279467407225
k__Bacteria;p__Firmicutes;c__Clostridia;o__Clostridiales;f__Lachnospiraceae;g__;s__[Eubacterium]_rectale	0.00066837415608	0.0239488508046	-0.0203084122946	-0.0440023418122	-0.00856669100994	0.0141810442981	-0.00963762075387	0.0221709027247	0.0131025143331	-0.0570017636143	-0.106947451114	-0.0192745386608	-0.00294740198913	-0.0477439890632	1.0	-0.0393363271282	0.0228480725303	-0.0217665966193	-0.0176717503468	0.0231221799763	0.0614810411274	0.0422172353002	-0.0535970317957	-0.012181425458	-0.0174133697043	-0.0152524517971	0.00912580285578	-0.0252783300706	-0.0178630804301	-0.0224114393405	0.00277054550355	-0.0483701258847	-0.0244410896966	0.0409077897402	0.0159269025927	-0.00690786113487	-0.0493204939221	0.0396400002139	-0.0515720777255	-0.0569758475126	0.00858732113168	-0.0317212799185	-0.00251693866866	0.0566916930784	-0.0295507967998	0.0121232496555	-0.0293010552088	-0.00975262750323	0.00728831159598	0.000451803387056	-0.0111619140731	0.0232727238076	0.0220425068838	-0.00451165106352	0.0568824700158	0.0191057126419	0.0129566948611	-0.0198591417192	-0.0247744508534
k__Bacteria;p__Bacteroidetes;c__Bacteroidia;o__Bacteroidales;f__Bacteroidaceae;g__Bacteroides;s__Bacteroides_plebeius	0.0474372628674	0.000665786950096	0.0265395972161	-0.022155394318	-0.0153571271605	-0.0716841569284	0.0180072290666	-0.0388639763913	0.0134042204333	0.0166994115443	-0.0617908615422	0.0146219558331	0.0143321530115	0.0943733818581	-0.0393363271282	1.0	0.0154960442538	-0.0146430594414	-0.0155830872552	-0.046189693721	-0.00316363212811	-0.0500783906961	0.0305324714672	-0.046394473103	-0.0191868333516	-0.0269334664623	0.0214903806194	-0.00284763685869	0.0633011944212	-0.00488799059745	-0.0221166262169	-0.0846859333027	-0.0244202004297	0.0454440631506	0.0261999728385	-0.0126343173024	-0.0818231324377	-0.00799940898443	-0.00532102821296	-0.0358626926241	-0.0309226174688	-0.00791057874959	0.0249526398728	-0.045469078121	-0.00504460360738	-0.0111789864886	-0.044882165328	-0.0569528383021	-0.0381275408494	-0.021435270417	0.0468754270821	-0.0197539489049	-0.0509611923812	0.0467768104134	-0.0160014943631	-0.0410326905608	-0.00467752507749	0.0266438430249	0.0306179306555
k__Bacteria;p__Bacteroidetes;c__Bacteroidia;o__Bacteroidales;f__Bacteroidaceae;g__Bacteroides;s__Bacteroides_fragilis	-0.0506894723195	-0.00336761080135	-0.0844332420706	-0.00107786008376	0.00431162973934	-0.00934954865743	-0.0941315763579	-0.0449483100901	-0.000995404513848	0.0175643433934	-0.0501733053329	-0.042433443952	-0.00173001290947	0.0318187405795	0.0228480725303	0.0154960442538	1.0	0.00692578601982	-0.0218960188937	0.0181268898633	0.0313150395388	0.0196874127854	0.0346412322691	-0.00513036315659	0.00823427389191	0.00860171938533	0.0202677918386	-0.0310550174959	0.0339886863325	-0.0351823830502	0.0286910559562	0.0237254185276	-0.043893057685	0.0143956906887	0.0389169775966	-0.0656263387142	0.0328670107992	-0.0216568396513	-0.0250815688371	0.00863126786533	-0.0179623750227	0.0336950965256	-0.0418539549755	0.0670900826112	0.0290065772712	-0.0296085632777	-0.0498155788838	0.0473673703337	-0.000558021847322	0.0411194621491	-0.0187473892042	-0.0550216918373	-0.00121812268886	0.00107023397339	-0.0182903463058	-0.0109252699925	-0.0213528768387	0.00281068091656	0.0254033848666
k__Bacteria;p__Proteobacteria;c__Betaproteobacteria;o__Burkholderiales;f__Sutterellaceae;g__Sutterella;s__Sutterella_wadsworthensis	-0.0349745487593	0.0195325457334	0.0582025077581	0.0115685835429	-0.0380796113391	-0.012522888919	0.00471415661392	-0.0109847075296	-0.0531340371483	0.0204117323921	0.0416331815987	-0.0515641091504	-0.0635514900009	0.0340822220475	-0.0217665966193	-0.0146430594414	0.00692578601982	1.0	-0.0706478018704	-0.0393250867502	-0.0134746871407	0.0107075814756	-0.0123951324243	-0.0906498621921	0.00796529347592	0.00300343998057	-0.0349042517867	-0.0134934097838	-0.0219269596289	-0.0768007341208	0.00929689211	0.00392330201328	0.00248822431826	0.0140977930464	-0.00461035098122	0.0167428164552	-0.00298349379848	-0.0481225554373	-0.0115612672167	-0.021556097301	0.0339134718293	0.0290381613299	0.0107323841553	-0.00450531379042	-0.032422741566	0.0327000109295	-0.0281437234752	0.0164777129735	0.0741745640584	0.0436263948892	0.0294506043016	0.0437375895919	-0.00411809323331	-0.020005093468	-0.0116254125195	-0.0252915721021	-0.0578959418797	-0.021460342429	-0.0315104807772
k__Bacteria;p__Bacteroidetes;c__Bacteroidia;o__Bacteroidales;f__Porphyromonadaceae;g__Barnesiella;s__Barnesiella_intestinihominis	0.0324377422027	-0.0201755749024	-0.0782788886478	0.00337220177954	0.0016886406343	0.0167233475219	-0.00690845115387	0.00656490338675	-0.0172854295983	-0.0361256468317	-0.013006710579	-0.0349164881724	-0.0186129273685	-0.051393015737	-0.0176717503468	-0.0155830872552	-0.0218960188937	-0.0706478018704	1.0	0.0280948624577	0.0135892109559	-0.00357727061536	-0.0150973483846	-0.0242015443931	0.00298734214469	-0.027482395956	-0.0128347565865	-0.049797747685	0.0185290814962	0.0140134470045	0.00905820427006	-0.0274670595602	0.0277262971802	-0.1082008533	0.00929609919885	-0.0308689672804	0.00662214223167	-0.054041534259	-0.00772429372679	-0.0354971466355	0.0392384961405	-0.0361679627966	0.0201847132848	0.0212526531462	-0.0135917793381	-0.0266621226892	0.000884354281789	0.00840473849077	0.0226454500348	0.0641567313843	-0.0403332144126	-0.0228621635152	0.0428451928801	-0.0148353830479	-0.0292854746856	0.0386768902989	-0.0275703927277	0.0559743084622	0.00878689369942
k__Bacteria;p__Bacteroidetes;c__Bacteroidia;o__Bacteroidales;f__Odoribacteraceae;g__Odoribacter;s__Odoribacter_splanchnicus	-0.040033967678	-0.0156463955667	-0.0345984665533	0.0100536776235	-0.0120856097425	-0.0135352244735	-0.0480633275707	-0.0164767868982	0.00791175631364	-0.0654633487481	-0.0208376298758	-0.0244650753076	0.0329453274122	0.0368924356166	0.0231221799763	-0.046189693721	0.0181268898633	-0.0393250867502	0.0280948624577	1.0	0.0065710491317	0.0335027669887	0.0124547380806	0.0609876907764	-0.0545691708216	-0.0205107967418	-0.0478763967341	-0.0356374497205	0.00203978375764	0.00106549395108	0.0723490108154	-0.0288067329439	-0.0533350174081	-0.0579327422944	-0.0162417716857	-0.0689670612424	-0.000364914572809	-0.0396520351892	-0.0243883879071	0.0169300168774	0.0298664293993	1.44930033427e-05	0.0236013425873	-0.0159985339353	0.0205960850743	-0.0188817080682	3.52872211682e-05	-0.0486723957343	-0.0408616434213	-0.0291160826661	-0.00737019759014	-0.00381776877694	0.0284568078908	0.0048996662657	-0.0059733367577	0.0200826123781	-0.00778161137912	-0.00418790135035	-0.0607268338127
k__Bacteria;p__Bacteroidetes;c__Bacteroidia;o__Bacteroidales;f__Bacteroidaceae;g__Bacteroides;s__Bacteroides_salyersiae	-0.0231286008728	-0.00350411467661	-0.00884806605625	0.0855723647724	0.00437363978584	0.00565019541133	-0.0844132625304	-0.0192505398848	-0.0189390742204	0.00682642475911	0.0208726811195	0.0174058479011	0.013337013515	0.0886206196229	0.0614810411274	-0.00316363212811	0.0313150395388	-0.0134746871407	0.0135892109559	0.0065710491317	1.0	0.0133727389536	0.0103649044824	-0.0316954010566	-0.117569216398	0.00145142879288	-0.0296731308536	-0.0705093372492	-0.00283797537465	-0.0836275216278	-0.0203354794537	-0.0205156609783	-0.0335833697243	0.0219149794752	0.00862553619067	0.0229691539654	-0.0426599356764	-0.0228019257224	-0.0304896075868	-0.00508986519338	0.0115188700171	-0.0286570139518	0.0110598610859	-0.000616128540235	-0.0149286651127	-0.0265683813363	0.0335487223473	0.00784697434159	-0.0337909964442	-0.0413473614864	0.00619927744673	-0.0555550476396	-0.0190087423125	0.0198126973027	0.00252427694748	0.0361855403017	-0.0352839019718	-0.0961408374132	0.0531320937273
k__Bacteria;p__Firmicutes;c__Clostridia;o__Clostridiales;f__Ruminococcaceae;g__Ruminiclostridium;s__[Eubacterium]_siraeum	-0.00274284650915	-0.0216048747379	-0.0582715030806	-0.0407040336045	-0.0606268366246	-0.00369727602648	-0.00629305329311	-0.0611067827592	-0.0348480586111	-0.0638268966903	-0.0216546235882	0.0210356020467	0.0258263516609	-0.00546381936806	0.0422172353002	-0.0500783906961	0.0196874127854	0.0107075814756	-0.00357727061536	0.0335027669887	0.0133727389536	1.0	-0.059084996981	0.0508204091874	0.00511720261739	-0.0445567332491	-0.00521142778965	0.0402798340499	0.017909488979	-0.0979355616801	-0.0283081300032	0.00613069158822	-0.028829335892	0.0248318197442	0.0051009525791	0.0187763678731	0.0599971838632	-0.0390700682665	-0.0191755673434	-0.0596333171036	0.0431439101951	0.0501477070586	-0.00892944331426	-0.0386578838359	-0.0015847578578	-0.04167899378	0.00836600710307	0.0534255190859	-0.0103924091316	0.0205330729264	0.0226224733074	-0.0104437282021	-0.04934969623	-0.0215877667127	-0.0552159735525	-0.0383905130432	-0.0402431049856	0.0147891177921	-0.00987870075665
k__Bacteria;p__Proteobacteria;c__Betaproteobacteria;o__Burkholderiales;f__Sutterellaceae;g__Parasutterella;s__Parasutterella_excrementihominis	-0.0269472542619	-0.0016831304407	-0.0611020510122	0.0251928717995	0.0344183761314	-0.0258043732142	-0.0137843991114	0.0168541481963	-0.00722024269562	0.00748317398577	0.0384975976717	-0.0518320444894	-0.0276425107958	-0.0796106786076	-0.0535970317957	0.0305324714672	0.0346412322691	-0.0123951324243	-0.0150973483846	0.0124547380806	0.0103649044824	-0.059084996981	1.0	-0.0305849058998	-0.0126426031366	0.0304919879754	0.000571049257403	0.0596252191578	0.0150264917373	-0.0283585404068	0.0592110338558	-0.0482958718472	0.0578672924295	-0.000195225257668	0.00604184015769	0.00749775557293	-0.0412615180943	0.0260726114103	-0.0247607040235	-0.0338062951272	0.0184545807378	-0.0169989287872	0.0156907384676	-0.0226134315458	-0.0509389006291	0.0335519604347	-0.035963272423	-0.00024992271573	-0.0620947614518	-0.0327243575975	0.0165427498324	-0.018915608188	-0.0226416842039	-0.0133983662983	-0.0213050707506	-0.0257974397064	-0.0270694692741	0.026423870604	0.0135735286508
k__Bacteria;p__Actinobacteria;c__Actinobacteria;o__Bifidobacteriales;f__Bifidobacteriaceae;g__Bifidobacterium;s__Bifidobacterium_adolescentis	-0.0182077995341	0.0103396091009	0.0128792755567	0.0327472683298	-0.0227860372439	-0.0036037005021	0.00358863087617	0.0143435873988	0.00138188145799	0.0300170734232	-0.0440997649639	0.00344332419217	-0.0480710625309	-0.0427842984931	-0.012181425458	-0.046394473103	-0.00513036315659	-0.0906498621921	-0.0242015443931	0.0609876907764	-0.0316954010566	0.0508204091874	-0.0305849058998	1.0	-0.0237476962533	-0.0428914669748	-0.00776092875158	0.0150613330449	-0.0926341775951	-0.000381364047551	-0.0443703410586	-0.01550777037	0.0414214125932	-0.049234827902	-0.0366422752434	0.0238874442454	0.0331214643672	-0.0476569853208	-0.0302507387421	0.0227302178068	0.0428410855377	-0.0555541080957	0.0234997531458	0.0345269897715	0.0180160516749	-0.032478313738	-0.0117603120067	0.0371036858389	-0.0136589641572	0.00241855643278	-0.054180711714	0.0115777138576	0.0151659432432	-0.0368701389892	0.0628898666555	0.0574611952049	0.00599847983365	0.0113516819449	-0.0510302741504
k__Bacteria;p__Firmicutes;c__Clostridia;o__Clostridiales;f__Oscillospiraceae;g__Oscillibacter;s__Oscillibacter_sp._KLE_1745	-0.00711879132593	-0.00110209199127	-0.0199015878598	-0.011837063212	0.0144617335606	0.0497371998629	0.00797961076007	0.0166707897489	0.0311899979298	0.0754331709414	-0.0163305686382	-0.00352350760519	0.0359114050997	-0.0440063848963	-0.0174133697043	-0.0191868333516	0.00823427389191	0.00796529347592	0.00298734214469	-0.0545691708216	-0.117569216398	0.00511720261739	-0.0126426031366	-0.0237476962533	1.0	-0.0202058655774	-0.0158613617763	0.0527805631316	-0.0340881335278	0.00980094928496	-0.0266171415074	0.0715480685163	-0.0831006509119	0.0284531654	-0.00852539143839	-0.0292088221404	-0.0618453990558	-0.017664860234	0.0208368435353	-0.0442279356652	0.00655708388598	-0.00364905679373	-0.049123433595	0.0712380114834	-0.0491601824744	0.0384663187337	0.024781970007	-0.0267628604202	-0.0301480605843	-0.0338565502117	0.0926450798864	0.00230251272263	-0.0741409314917	-0.0614855896217	-0.0364391929767	0.00451684390018	0.00992127222187	-0.0341989005047	0.0129964897841
k__Bacteria;p__Bacteroidetes;c__Bacteroidia;o__Bacteroidales;f__Bacteroidaceae;g__Bacteroides;s__Bacteroides_coprophilus	-0.00199089308707	-0.00793439100713	-0.0474088506734	-0.0429306855081	0.0243801059397	0.00923013957176	-0.0218743856034	-0.00137988486634	0.0160602638811	-0.0421778723449	0.00524475364149	0.00940952623082	0.00906779241903	0.0151260968677	-0.0152524517971	-0.0269334664623	0.00860171938533	0.00300343998057	-0.027482395956	-0.0205107967418	0.00145142879288	-0.0445567332491	0.0304919879754	-0.0428914669748	-0.0202058655774	1.0	-0.0220410506818	0.0805062249358	-0.0150941869852	0.0166084622383	0.0117807506904	0.0237718589716	-0.0553287593437	0.000920665101095	-0.00723643614252	-0.018352317087	-0.00440961476749	-0.0477550707251	-0.0501589449058	0.0106944511789	0.0496176463541	-0.0438648321619	-0.00548175064325	-0.0549012754071	-0.0610844153649	-0.0140271523369	-0.0104498568814	0.0256504196548	-0.0566697930297	-0.0678947760738	-0.00168205018442	0.0695484791506	0.00409153423442	0.0599283468796	0.017801751301	-0.0104930125165	0.0036050505826	-0.00978000362342	-0.0196779764789
k__Bacteria;p__Firmicutes;c__Clostridia;o__Clostridiales;f__Lachnospiraceae;g__Roseburia;s__Roseburia_intestinalis	0.0230248611887	0.0208981868527	-0.0165652687655	-0.0302946882368	-0.0028903187787	0.0262433559609	0.0574085520277	0.0139093874618	-0.0403711857915	0.0330099794497	-0.0257514892556	-0.044299948477	0.0477972539208	-0.0196247643153	0.00912580285578	0.0214903806194	0.0202677918386	-0.0349042517867	-0.0128347565865	-0.0478763967341	-0.0296731308536	-0.00521142778965	0.000571049257403	-0.00776092875158	-0.0158613617763	-0.0220410506818	1.0	0.00933389093579	-0.00192345204238	-0.00764436434965	-0.04299972932	-0.0414520890965	0.00819206136783	-0.0546353080413	0.0365823783248	-0.00843649286621	-0.0413467837755	0.0595504607036	-0.0270605206957	-0.00870533452721	-0.0103333989766	-0.00338528805508	-0.0335217992791	-0.00543820356518	-0.0490280877691	0.0356713464232	0.0115956547763	-0.0504624357206	-0.0351284841665	0.0229059362736	0.0291915238464	-0.0281828918759	0.0531245608677	0.0344547329251	-0.00430900985767	0.0161422712531	0.0311522413915	0.03363136025	0.0355336708706
k__Bacteria;p__Firmicutes;c__Clostridia;o__Clostridiales;f__Lachnospiraceae;g__Roseburia;s__Roseburia_hominis	-0.0281978885977	0.0174785266245	-0.0453105033237	0.0291077749116	0.00628414360596	0.0178824109412	-0.0102060901353	0.0236599987994	-0.0329810859193	-0.0388079107564	-0.0816058429019	0.00873711308118	0.00313767222911	0.0537684852988	-0.0252783300706	-0.00284763685869	-0.0310550174959	-0.0134934097838	-0.049797747685	-0.0356374497205	-0.0705093372492	0.0402798340499	0.0596252191578	0.0150613330449	0.0527805631316	0.0805062249358	0.00933389093579	1.0	0.0151583707158	-0.0359278754453	-0.00603895335822	-0.0253887343899	-0.0247552602812	-0.0647329110799	-0.0350892135834	-0.0174424424358	0.0178219397094	-0.00768106068695	0.0160687985362	-0.0420460559176	-0.0121301166483	-0.0520408960639	-0.0558940334829	-0.0563555813102	0.0317476035041	-0.0347185073012	-0.0115924167216	-0.0241662415197	-0.0161406911624	0.0214018482506	-0.0192749484887	0.0390170794381	-0.0204777756276	0.00848114476413	0.0751507192509	-0.019995437248	0.0225078503713	-0.00894389658839	-0.0397413155391
k__Bacteria;p__Bacteroidetes;c__Bacteroidia;o__Bacteroidales;f__Porphyromonadaceae;g__Parabacteroides;s__Parabacteroides_johnsonii	-0.0129787101152	-0.0765597630974	-0.0132305351147	0.0565544501981	-0.00220660169178	0.058118914232	-0.0504035757949	0.031815602214	-0.0493244130052	-0.0241673285748	-0.00229401491464	0.0101931255517	-0.0225180248233	-0.0550060763991	-0.0178630804301	0.0633011944212	0.0339886863325	-0.0219269596289	0.0185290814962	0.00203978375764	-0.00283797537465	0.017909488979	0.0150264917373	-0.0926341775951	-0.0340881335278	-0.0150941869852	-0.00192345204238	0.0151583707158	1.0	0.0111735203933	0.0544994849922	-0.00832585125536	0.0089553349382	0.0444562703868	-0.0467861879515	-0.0186619707908	0.0153939917736	-0.0315849120254	-0.000546110951705	0.0473178802614	0.0110116525305	0.00813512662048	0.0130793898188	-0.0140332234076	0.0117976059494	-0.0240093955328	-0.0324887600528	-0.0371381652793	-0.00442584759463	0.0207543684424	-0.0620719127717	-0.0442598137565	-0.0313570301664	-0.0589091505513	-0.00700120334296	-0.00902912856227	-0.0331680667677	0.0121128544112	-0.0617027280038
k__Bacteria;p__Actinobacteria;c__Actinobacteria;o__Bifidobacteriales;f__Bifidobacteriaceae;g__Bifidobacterium;s__Bifidobacterium_longum	-0.0296874783822	0.0785884748807	-0.00142687885253	-0.0277017758617	-0.0392091671383	-0.0576391358004	0.0452008216104	0.00430368472616	0.00759649734755	0.0140249579029	0.0780379573173	-0.0506119127038	-0.051545035134	-0.0146072915517	-0.0224114393405	-0.00488799059745	-0.0351823830502	-0.0768007341208	0.0140134470045	0.00106549395108	-0.0836275216278	-0.0979355616801	-0.0283585404068	-0.000381364047551	0.00980094928496	0.0166084622383	-0.00764436434965	-0.0359278754453	0.0111735203933	1.0	0.0105514371164	-0.00404339930026	-0.0296574947934	0.0275167782331	0.0329801105516	-0.0141771526687	-0.00537604438431	-0.0329800688469	0.0203291085268	-0.00573299389698	-0.0185585851416	-0.051993852913	-0.00308386344048	0.0260103200701	0.00908990555342	-0.030034798959	0.0314411831262	0.0143248569322	8.89343695388e-05	-0.0133417959397	-0.0384485608415	0.0565177773089	-0.019380956203	0.0116372726622	0.0149349230655	-0.00930230256273	-0.0304309898339	0.0233816711812	-0.0069922792988
