#taxonomy	k__Bacteria;p__Bacteroidetes;c__Bacteroidia;o__Bacteroidales;f__Bacteroidaceae;g__Bacteroides;s__Bacteroides_vulgatus	k__Bacteria;p__Bacteroidetes;c__Bacteroidia;o__Bacteroidales;f__Bacteroidaceae;g__Bacteroides;s__Bacteroides_uniformis	k__Bacteria;p__Bacteroidetes;c__Bacteroidia;o__Bacteroidales;f__Rikenellaceae;g__Alistipes;s__Alistipes_putredinis	k__Bacteria;p__Bacteroidetes;c__Bacteroidia;o__Bacteroidales;f__Prevotellaceae;g__Prevotella;s__Prevotella_copri	k__Bacteria;p__Bacteroidetes;c__Bacteroidia;o__Bacteroidales;f__Bacteroidaceae;g__Bacteroides;s__Bacteroides_stercoris	k__Bacteria;p__Bacteroidetes;c__Bacteroidia;o__Bacteroidales;f__Bacteroidaceae;g__Bacteroides;s__Bacteroides_ovatus	k__Bacteria;p__Bacteroidetes;c__Bacteroidia;o__Bacteroidales;f__Rikenellaceae;g__Alistipes;s__Alistipes_shahii	k__Bacteria;p__Firmicutes;c__Clostridia;o__Clostridiales;f__Ruminococcaceae;g__Faecalibacterium;s__Faecalibacterium_prausnitzii	k__Bacteria;p__Bacteroidetes;c__Bacteroidia;o__Bacteroidales;f__Rikenellaceae;g__Alistipes;s__Alistipes_finegoldii	k__Bacteria;p__Bacteroidetes;c__Bacteroidia;o__Bacteroidales;f__Porphyromonadaceae;g__Parabacteroides;s__Parabacteroides_distasonis	k__Bacteria;p__Bacteroidetes;c__Bacteroidia;o__Bacteroidales;f__Bacteroidaceae;g__Bacteroides;s__Bacteroides_thetaiotaomicron	k__Bacteria;p__Bacteroidetes;c__Bacteroidia;o__Bacteroidales;f__Bacteroidaceae;g__Bacteroides;s__Bacteroides_coprocola	k__Bacteria;p__Bacteroidetes;c__Bacteroidia;o__Bacteroidales;f__Bacteroidaceae;g__Bacteroides;s__Bacteroides_cellulosilyticus	k__Bacteria;p__Bacteroidetes;c__Bacteroidia;o__Bacteroidales;f__Rikenellaceae;g__Alistipes;s__Alistipes_obesi	k__Bacteria;p__Firmicutes;c__Clostridia;o__Clostridiales;f__Lachnospiraceae;g__;s__[Eubacterium]_rectale	k__Bacteria;p__Bacteroidetes;c__Bacteroidia;o__Bacteroidales;f__Bacteroidaceae;g__Bacteroides;s__Bacteroides_plebeius	k__Bacteria;p__Bacteroidetes;c__Bacteroidia;o__Bacteroidales;f__Bacteroidaceae;g__Bacteroides;s__Bacteroides_fragilis	k__Bacteria;p__Proteobacteria;c__Betaproteobacteria;o__Burkholderiales;f__Sutterellaceae;g__Sutterella;s__Sutterella_wadsworthensis	k__Bacteria;p__Bacteroidetes;c__Bacteroidia;o__Bacteroidales;f__Porphyromonadaceae;g__Barnesiella;s__Barnesiella_intestinihominis	k__Bacteria;p__Bacteroidetes;c__Bacteroidia;o__Bacteroidales;f__Odoribacteraceae;g__Odoribacter;s__Odoribacter_splanchnicus	k__Bacteria;p__Bacteroidetes;c__Bacteroidia;o__Bacteroidales;f__Bacteroidaceae;g__Bacteroides;s__Bacteroides_salyersiae	k__Bacteria;p__Firmicutes;c__Clostridia;o__Clostridiales;f__Ruminococcaceae;g__Ruminiclostridium;s__[Eubacterium]_siraeum	k__Bacteria;p__Proteobacteria;c__Betaproteobacteria;o__Burkholderiales;f__Sutterellaceae;g__Parasutterella;s__Parasutterella_excrementihominis	k__Bacteria;p__Actinobacteria;c__Actinobacteria;o__Bifidobacteriales;f__Bifidobacteriaceae;g__Bifidobacterium;s__Bifidobacterium_adolescentis	k__Bacteria;p__Firmicutes;c__Clostridia;o__Clostridiales;f__Oscillospiraceae;g__Oscillibacter;s__Oscillibacter_sp._KLE_1745	k__Bacteria;p__Bacteroidetes;c__Bacteroidia;o__Bacteroidales;f__Bacteroidaceae;g__Bacteroides;s__Bacteroides_coprophilus	k__Bacteria;p__Firmicutes;c__Clostridia;o__Clostridiales;f__Lachnospiraceae;g__Roseburia;s__Roseburia_intestinalis	k__Bacteria;p__Firmicutes;c__Clostridia;o__Clostridiales;f__Lachnospiraceae;g__Roseburia;s__Roseburia_hominis	k__Bacteria;p__Bacteroidetes;c__Bacteroidia;o__Bacteroidales;f__Porphyromonadaceae;g__Parabacteroides;s__Parabacteroides_johnsonii	k__Bacteria;p__Actinobacteria;c__Actinobacteria;o__Bifidobacteriales;f__Bifidobacteriaceae;g__Bifidobacterium;s__Bifidobacterium_longum	k__Bacteria;p__Firmicutes;c__Clostridia;o__Clostridiales;f__;g__Flavonifractor;s__Flavonifractor_plautii	k__Bacteria;p__Firmicutes;c__Clostridia;o__Clostridiales;f__Clostridiaceae;g__Clostridium;s__Clostridium_phoceensis	k__Bacteria;p__Verrucomicrobia;c__Verrucomicrobiae;o__Verrucomicrobiales;f__Akkermansiaceae;g__Akkermansia;s__Akkermansia_muciniphila	k__Bacteria;p__Bacteroidetes;c__Bacteroidia;o__Bacteroidales;f__Prevotellaceae;g__Paraprevotella;s__Paraprevotella_xylaniphila	k__Bacteria;p__Firmicutes;c__Clostridia;o__Clostridiales;f__Ruminococcaceae;g__Ruminococcus;s__Ruminococcus_callidus	k__Bacteria;p__Bacteroidetes;c__Bacteroidia;o__Bacteroidales;f__Rikenellaceae;g__Alistipes;s__Alistipes_senegalensis	k__Bacteria;p__Firmicutes;c__Clostridia;o__Clostridiales;f__Lachnospiraceae;g__Blautia;s__Blautia_sp._KLE_1732	k__Bacteria;p__Bacteroidetes;c__Bacteroidia;o__Bacteroidales;f__Bacteroidaceae;g__Bacteroides;s__Bacteroides_oleiciplenus	k__Bacteria;p__Firmicutes;c__Clostridia;o__Clostridiales;f__Ruminococcaceae;g__Ruminococcus;s__Ruminococcus_bicirculans	k__Bacteria;p__Bacteroidetes;c__Bacteroidia;o__Bacteroidales;f__Bacteroidaceae;g__Bacteroides;s__Bacteroides_fluxus	k__Bacteria;p__Bacteroidetes;c__Bacteroidia;o__Bacteroidales;f__Prevotellaceae;g__Prevotella;s__Prevotella_stercorea	k__Bacteria;p__Firmicutes;c__Clostridia;o__Clostridiales;f__Lachnospiraceae;g__Dorea;s__Dorea_longicatena	k__Bacteria;p__Firmicutes;c__Clostridia;o__Clostridiales;f__Eubacteriaceae;g__Eubacterium;s__[Eubacterium]_eligens	k__Bacteria;p__Firmicutes;c__Clostridia;o__Clostridiales;f__Ruminococcaceae;g__;s__Ruminococcaceae_bacterium_D16	k__Bacteria;p__Firmicutes;c__Clostridia;o__Clostridiales;f__Lachnospiraceae;g__Coprococcus;s__Coprococcus_comes	k__Bacteria;p__Proteobacteria;c__Gammaproteobacteria;o__Enterobacterales;f__Enterobacteriaceae;g__Escherichia;s__Escherichia_coli	k__Bacteria;p__Firmicutes;c__Clostridia;o__Clostridiales;f__Ruminococcaceae;g__Anaerotruncus;s__Anaerotruncus_colihominis	k__Bacteria;p__Firmicutes;c__Clostridia;o__Clostridiales;f__Lachnospiraceae;g__Blautia;s__Blautia_obeum	k__Bacteria;p__Bacteroidetes;c__Bacteroidia;o__Bacteroidales;f__Odoribacteraceae;g__Odoribacter;s__Odoribacter_laneus	k__Bacteria;p__Firmicutes;c__Clostridia;o__Clostridiales;f__Ruminococcaceae;g__Ruminiclostridium;s__[Clostridium]_leptum	k__Bacteria;p__Bacteroidetes;c__Bacteroidia;o__Bacteroidales;f__Porphyromonadaceae;g__Parabacteroides;s__Parabacteroides_goldsteinii	k__Bacteria;p__Firmicutes;c__Clostridia;o__Clostridiales;f__Lachnospiraceae;g__Anaerostipes;s__Anaerostipes_hadrus	k__Bacteria;p__Firmicutes;c__Clostridia;o__Clostridiales;f__Ruminococcaceae;g__Ruminococcus;s__Ruminococcus_lactaris	k__Bacteria;p__Firmicutes;c__Clostridia;o__Clostridiales;f__Clostridiaceae;g__Clostridium;s__Clostridium_sp._L2-50	k__Bacteria;p__Firmicutes;c__Clostridia;o__Clostridiales;f__Clostridiaceae;g__Clostridium;s__Clostridium_sp._M62/1	k__Bacteria;p__Firmicutes;c__Clostridia;o__Clostridiales;f__;g__Intestinimonas;s__Intestinimonas_butyriciproducens	k__Bacteria;p__Actinobacteria;c__Actinobacteria;o__Bifidobacteriales;f__Bifidobacteriaceae;g__Bifidobacterium;s__Bifidobacterium_bifidum	k__Bacteria;p__Firmicutes;c__Negativicutes;o__Veillonellales;f__Veillonellaceae;g__Dialister;s__Dialister_invisus	k__Bacteria;p__Bacteroidetes;c__Bacteroidia;o__Bacteroidales;f__Bacteroidaceae;g__Bacteroides;s__Bacteroides_salanitronis
k__Bacteria;p__Bacteroidetes;c__Bacteroidia;o__Bacteroidales;f__Bacteroidaceae;g__Bacteroides;s__Bacteroides_vulgatus	1.0	0.0723777714401	0.000565960000125	-0.0106987686901	0.00443568275511	-0.0569823929607	0.0343152240557	0.0372829979014	0.0174287376082	-0.00410454627514	-0.10377730904	0.0142819225629	-0.0251601633572	0.00844537394675	0.023673314754	-0.0230070856125	-0.0181204730205	-0.0374805256901	-0.0293882354027	0.00360361771247	-0.0069941799784	0.0389517175255	-0.0235926015861	0.00124363993503	-0.0381734039342	0.0048792421245	-0.0259339232276	0.0250354006667	-0.0746983181972	-0.0566494305763	0.0167787586357	0.0371813199385	-0.0156767362406	0.0445588075612	-0.045713437525	-0.0499697728947	0.0040019877476	-0.0260307852179	-0.0352123669581	-0.067485953759	-0.0194161548345	-0.0200541407474	0.0264763063258	-0.000400889119248	-0.0474470136768	0.024700044889	0.0576635231693	-0.0163725920884	-0.0404206581628	-0.0568783741414	0.0684128853119	0.0150152955292	-0.0582580889597	-0.00210426228995	-0.0331621441183	0.0289414392955	-0.0350979006116	0.0312508961093	-0.0237599506326
k__Bacteria;p__Bacteroidetes;c__Bacteroidia;o__Bacteroidales;f__Bacteroidaceae;g__Bacteroides;s__Bacteroides_uniformis	0.0723777714401	1.0	-0.00182017088059	0.0339498454774	0.00548572832784	-0.028095237469	-0.0277917717863	0.0114375287704	0.0152335699406	-0.046748058191	-0.0311996214586	0.0674932417681	-0.00880216306931	-0.0276941850951	-0.0572878625142	-0.0172982532417	0.000495902844183	-0.11358859528	-0.0613236062788	-0.0470901585333	0.0068628485763	0.0115035347106	-0.0482729087799	-0.0103469333619	0.0180071546655	0.0321560486854	-0.0201619237686	0.0506058696385	-0.0456614874119	-0.010797769866	-0.0189495575528	0.0203894859005	0.00911933797545	-0.0434230357224	-0.00178134627668	-0.0351181296194	0.0250964971011	-0.0307851372888	-0.0222704189622	0.048899153208	0.0235177747697	0.0394328456164	-0.0745261884722	-0.00669418649603	-0.0447905203677	0.0446152166558	-0.00157828735044	0.0129574497269	-0.0724287516294	0.0303425103154	0.0292662329264	-0.0250943340738	-0.0241205855749	-0.0112279991853	0.0677908611701	0.000269766737945	0.0700937019917	-0.0156568752673	-0.0151688105761
k__Bacteria;p__Bacteroidetes;c__Bacteroidia;o__Bacteroidales;f__Rikenellaceae;g__Alistipes;s__Alistipes_putredinis	0.000565960000125	-0.00182017088059	1.0	-0.0787397623321	-0.0231967828385	0.0455840277368	0.0148528275926	-0.0276058559056	-0.0271780250532	-0.014274618691	-0.0194683592514	-0.000365571111181	0.00219830387833	0.00213711775165	-0.0429496003777	-0.0321053934294	0.0287381978576	-0.0174852242979	0.0330666739459	-0.070360330949	0.0107342871145	-0.00991512305137	0.0289157076288	0.0562914507087	0.00147130652135	-0.0360449223799	-0.0167110311621	-0.00310986005911	-0.0134031137236	0.0151501609524	-0.0343097976166	-0.0268675896729	-0.0222281978332	-0.0462590022488	0.00398780616769	0.0684556277989	0.0399395714295	0.0499850631577	-0.0432723799652	0.0056398840952	-0.00398751339115	0.0233202118855	-0.0412657600711	-0.00567366462974	0.0136640767404	-0.020624679688	-0.00153896865956	-0.0528501436786	0.00423531396304	0.0368543185227	0.0266651967007	0.00923588907663	0.0116342386786	-0.0128711334539	-0.0267335307606	0.00165939303712	-0.0289090336514	0.00274315056484	-0.0232593499324
k__Bacteria;p__Bacteroidetes;c__Bacteroidia;o__Bacteroidales;f__Prevotellaceae;g__Prevotella;s__Prevotella_copri	-0.0106987686901	0.0339498454774	-0.0787397623321	1.0	-0.00362571962736	-0.0526894530822	-0.0111585066439	-0.0491239508119	0.0085197726524	-0.0830347870041	-0.005169451666	-0.0621078434012	-0.00722782600183	-0.012838264715	0.028357842875	0.0098767263527	-0.0149214748358	-0.0325994204329	-0.0751642936143	0.0255527652393	-0.0268641163005	-0.0313334276041	0.0523952954068	-0.0163615658287	-0.0205044146939	0.0312209270843	-0.0262383671174	0.0176515010392	0.0525264156163	0.0459711899486	-0.0167570955627	0.0129031595042	-0.0152160567593	-0.034839084593	0.0362164654961	-0.0499329637517	0.0196976985728	-0.0283667010164	-0.0113092486097	0.0588893789437	0.00334656494291	0.0180132913585	0.0447302900807	0.0257208334507	0.0394999142554	0.0380687131963	-0.0193749987008	-0.0352742541942	-0.039869114352	-0.0279725001691	-0.0190941608106	-0.027101977525	0.0363065424948	-0.0284839475426	0.0726367668604	-0.0289902312214	-0.038264415016	0.0159252146579	0.0516851995584
k__Bacteria;p__Bacteroidetes;c__Bacteroidia;o__Bacteroidales;f__Bacteroidaceae;g__Bacteroides;s__Bacteroides_stercoris	0.00443568275511	0.00548572832784	-0.0231967828385	-0.00362571962736	1.0	-0.0582152240326	-0.00531511156328	0.016345414041	-0.022706442597	0.0110673927978	0.0371292560558	0.0080458247552	0.0130259701019	-0.0107187166092	-0.0311745003331	-0.04826023938	-0.0567589955345	-0.0237495088145	0.00361354562294	-0.0456122850412	0.0237830653711	-0.0368706418417	-0.00394434941946	-0.00283716536402	-0.0256629272014	-0.052360609158	-0.0111452621467	-0.00330691329795	-0.0623925304206	-0.0391723068313	0.0071417062622	-0.00878691677676	0.00873793535849	0.0294071877312	-0.0588232971938	0.00876378197261	0.0075222804413	0.0420004067757	-0.00801593441811	0.01685586581	-0.0128007676874	-0.0161869664907	-0.0332221519058	0.0933450500169	0.0760410998542	0.00754287505816	-0.0372851170881	0.0440100962845	-0.0194073291519	-0.0221684250793	0.0284448804433	0.00632086095904	-0.0471305717195	-0.0471603165888	0.0950406212535	0.0220010082444	-0.0997719013649	0.00265948963353	-0.00234834590913
k__Bacteria;p__Bacteroidetes;c__Bacteroidia;o__Bacteroidales;f__Bacteroidaceae;g__Bacteroides;s__Bacteroides_ovatus	-0.0569823929607	-0.028095237469	0.0455840277368	-0.0526894530822	-0.0582152240326	1.0	-0.0457018187064	-0.0545080385229	-0.0118079593181	-0.0286546864408	0.0097400392704	-0.0555871783791	-0.0349515064366	0.0253480589186	0.0500862093635	0.0293420789922	-0.0275191004168	-0.0233285713941	0.0664390161604	0.00144900317039	-0.00244739097851	0.0272529572171	-0.0492802875062	0.033958129162	0.0655908108014	-0.0702912929479	-0.0206943081884	-0.000457748722875	0.0321269235207	-0.0214280209099	-0.0198466295576	-0.0225875626736	-0.0455468007042	0.00111611234371	0.0477072734821	0.0159138086889	-0.00434138760333	0.00372370913823	0.0021026578437	-0.0139486534595	-0.0197262974919	0.0484853285536	0.0132682712811	-0.0210345031505	-0.0180869397402	-0.00561888165686	-0.0135301796523	-0.0383554322447	0.014997462751	0.0618709446481	-0.0479503703867	-0.0435469547174	-0.0264931508781	-0.0543668087397	0.0153347419396	0.0475214970209	0.00194858305053	-0.0208176377089	0.0117926946891
k__Bacteria;p__Bacteroidetes;c__Bacteroidia;o__Bacteroidales;f__Rikenellaceae;g__Alistipes;s__Alistipes_shahii	0.0343152240557	-0.0277917717863	0.0148528275926	-0.0111585066439	-0.00531511156328	-0.0457018187064	1.0	-0.0477767909393	0.0226855976246	-0.0156128506298	-0.00285018410535	0.00622118635547	-0.0111733028303	0.0113594775097	0.0450257663937	-0.00597395534978	-0.00534372217938	0.0202948210163	-0.000168267840251	0.0501949131688	-0.00951850316344	0.0144036566335	-0.0411456023569	0.0364147717997	-0.0184187708261	0.0164845665962	-0.00558473188336	0.00164460445043	0.0529728257863	-0.00743266981188	0.00873632017478	-0.0800643443558	0.0103164524792	-0.0151807591355	0.0117830954921	-0.00582983064289	-0.0182021477058	-0.0113689669177	-0.00655315583766	-0.0210752477525	-0.0486293249751	0.00439960738208	0.0524562120251	-0.0487564542518	-0.0528567718608	-0.0360480672459	-0.0649540854876	-0.0681924729309	-0.0459363524759	-0.0696654491977	-0.00463616663154	0.0371087713273	-0.0106206573589	-0.0388975786629	0.027058854683	0.0215545087837	-0.0393736434348	-0.00134854586429	-0.00185011308056
k__Bacteria;p__Firmicutes;c__Clostridia;o__Clostridiales;f__Ruminococcaceae;g__Faecalibacterium;s__Faecalibacterium_prausnitzii	0.0372829979014	0.0114375287704	-0.0276058559056	-0.0491239508119	0.016345414041	-0.0545080385229	-0.0477767909393	1.0	0.00134242113031	0.0320961244076	-0.0703316341019	-0.00249858685518	-0.00158694414434	0.0267963298711	0.0175088061278	-0.0407617568068	0.0187775302647	-0.0652994970323	-0.0185555399773	0.0182250593531	0.0276778222581	0.029272747593	0.0340672918454	0.0116175618519	-0.0272137759447	-0.00456113315833	-0.0421720057086	-0.0156728911736	0.00933834763446	0.0402434513895	-0.0149621899501	0.00909259167715	0.0140312099064	-0.0253835561482	-0.0339011021568	-0.0434245995199	-0.0801811642037	0.00580687045618	0.0110383753446	-0.0511314033805	0.0184904328456	0.0696155924527	0.00210701674723	-0.0708110221022	0.0863847923853	-0.0596413722544	0.00251456741294	-0.00593240591326	-0.0946388354389	-0.0357410161623	-0.0104111479239	-0.00462657514668	-0.0217152885806	-0.0224846560613	-0.0460264916743	-0.0684910221954	-0.062555973272	-0.00268995717273	-0.0436211900573
k__Bacteria;p__Bacteroidetes;c__Bacteroidia;o__Bacteroidales;f__Rikenellaceae;g__Alistipes;s__Alistipes_finegoldii	0.0174287376082	0.0152335699406	-0.0271780250532	0.0085197726524	-0.022706442597	-0.0118079593181	0.0226855976246	0.00134242113031	1.0	-0.0407936678484	0.00332845285975	0.0100155757623	-0.0109922174642	-0.0534613564131	-0.0336662586922	-0.0116885235562	-0.000146084204159	-0.0422292734821	0.00432004940102	0.0661472342498	-0.00485572169807	-0.0145573881176	-0.0252903990613	0.0256296973933	-0.00396287886789	0.00701179899048	0.0837716205795	-0.00482479743546	-0.0579658083342	0.0126388133778	0.00580554385545	-0.0748268727988	0.0436713710176	-0.0415934826703	-0.0258880673379	0.0170905386687	-0.068441909134	-0.0152654715388	0.0153664751072	0.0232523465243	-0.0466415954725	0.0194729904895	-0.000823064731271	-0.00736374159097	0.00213217196859	0.0686305840755	-0.00392047955135	-0.0320379725885	-0.035293732796	0.00195318429341	-0.0260921484482	0.00937697276038	0.0576218374673	0.0636371493106	0.00516256815502	0.0149203403148	-0.0752739796685	-0.0156355473815	-0.07176345152
k__Bacteria;p__Bacteroidetes;c__Bacteroidia;o__Bacteroidales;f__Porphyromonadaceae;g__Parabacteroides;s__Parabacteroides_distasonis	-0.00410454627514	-0.046748058191	-0.014274618691	-0.0830347870041	0.0110673927978	-0.0286546864408	-0.0156128506298	0.0320961244076	-0.0407936678484	1.0	0.0246718587589	0.0330667417061	-0.00976667293682	-0.0154476673847	0.00875666818029	0.0504907041594	0.00747111311244	0.0677099169315	-0.0285095664365	0.0581560670685	0.040140996729	0.0326008918844	-0.0292549189951	0.067797970966	-0.0727388875385	-0.0369737238279	0.00820991734393	-0.00459467703219	-0.00844126505757	-0.0181611754257	0.0541926288807	-0.00830239396181	-0.0668026193306	0.0128934334863	-0.0695381674616	0.0418102988937	-0.0163353990349	-0.0379994591415	0.008296142323	0.0158474549658	-0.0568649843203	0.0198028771574	0.0486461360135	-0.000428587418114	-0.0517716600033	0.0057585080233	0.00752005777421	-0.0259806735984	0.0167129794875	-0.0608591481702	-0.039109830471	-0.000688744542114	0.00797746556575	-0.0477681302602	-0.0183772726549	-0.00979856571757	-0.0180259748681	0.00137705353804	-0.0432275001368
k__Bacteria;p__Bacteroidetes;c__Bacteroidia;o__Bacteroidales;f__Bacteroidaceae;g__Bacteroides;s__Bacteroides_thetaiotaomicron	-0.10377730904	-0.0311996214586	-0.0194683592514	-0.005169451666	0.0371292560558	0.0097400392704	-0.00285018410535	-0.0703316341019	0.00332845285975	0.0246718587589	1.0	-0.0298746413907	-0.0589844007927	0.00886904136289	0.0459241396528	0.0102376070716	-0.072822653414	0.00246766532681	0.0445598825702	0.00235973226395	-0.0525278446137	0.0677334905675	0.0973016649573	-0.0152227131366	0.00309939702693	-0.00697266124097	9.43594204988e-05	-0.0517936856374	0.0673934360246	-0.00573873669366	-0.00772468660028	-0.0213504899137	-0.0309002498499	-0.0116214922967	0.0151068449071	0.0421101377819	0.00849897284525	-0.0363305611716	-0.0373777906256	0.0121740134508	0.0168882592623	-0.0366317210629	0.017684614154	0.00356287281351	0.0100958732301	-0.00493075512352	0.0393667216878	-0.0115325028555	-0.0226257717151	-0.0866567829074	-0.0073256093355	0.0108767978688	0.035351389427	-0.0400550163069	-0.0165027058581	0.0119054930672	-0.00664631482304	-0.0589539421004	0.016033382844
k__Bacteria;p__Bacteroidetes;c__Bacteroidia;o__Bacteroidales;f__Bacteroidaceae;g__Bacteroides;s__Bacteroides_coprocola	0.0142819225629	0.0674932417681	-0.000365571111181	-0.0621078434012	0.0080458247552	-0.0555871783791	0.00622118635547	-0.00249858685518	0.0100155757623	0.0330667417061	-0.0298746413907	1.0	-0.00464500017575	-0.0129489818887	0.00623878602998	-0.0254178659371	0.0280529394753	-0.053904466585	0.0247024304395	-0.00399582380628	0.00157227635302	-0.00301099173488	0.0287002053363	0.0384075914597	-0.0213659931664	-0.0324214561541	-0.0185403763276	0.0176505969101	-0.0592142259601	-0.00868501858135	-0.00200834255167	-0.0324777679197	0.0273854784929	0.0107249656711	0.0143008246388	0.0236841822899	-0.0245612304547	0.00552291494643	-0.0346230982444	-0.0120681105539	-0.0115377491301	-0.0128820011904	-0.0304085322505	-0.0489076614229	-0.00909241117013	-0.0341272573964	-0.0481752382188	0.0278309804795	-0.0756438120214	0.0491631043945	-0.0103562407882	-0.0753431705149	-0.0134971099739	0.0866583000945	0.0217221152713	0.052218927315	0.00149322191344	-0.034904492849	-0.00439495813623
k__Bacteria;p__Bacteroidetes;c__Bacteroidia;o__Bacteroidales;f__Bacteroidaceae;g__Bacteroides;s__Bacteroides_cellulosilyticus	-0.0251601633572	-0.00880216306931	0.00219830387833	-0.00722782600183	0.0130259701019	-0.0349515064366	-0.0111733028303	-0.00158694414434	-0.0109922174642	-0.00976667293682	-0.0589844007927	-0.00464500017575	1.0	-0.0618539158145	0.0337997280021	-0.0435881110176	-0.0241102399485	0.0173382858991	-0.0144236736203	-0.0380001455745	0.03138520455	-0.0454937277301	0.0267440670828	-0.000574635187246	0.0184026560634	-0.0148281816836	0.0331346389283	-0.0286544686945	-0.0246297686897	-0.0402230049813	-0.0285858800718	-0.0622143738122	-0.00693943774061	0.0536949626992	-0.0383160378123	0.0389553352952	0.0165183874	0.0385906530205	-0.0277295979976	-0.00939323857148	-0.0740591804664	-0.00700716367021	0.0635536008105	0.0181341626699	0.033977740907	-0.0105520166651	-0.0578105625437	-0.0220548498633	0.00374793931335	-0.0850065718944	0.0113189763084	0.0533676053944	0.0322849944825	-0.0166819332562	-0.0597224491293	-0.0278113996104	-0.0141926024609	-0.0633592649254	-0.0395068092232
k__Bacteria;p__Bacteroidetes;c__Bacteroidia;o__Bacteroidales;f__Rikenellaceae;g__Alistipes;s__Alistipes_obesi	0.00844537394675	-0.0276941850951	0.00213711775165	-0.012838264715	-0.0107187166092	0.0253480589186	0.0113594775097	0.0267963298711	-0.0534613564131	-0.0154476673847	0.00886904136289	-0.0129489818887	-0.0618539158145	1.0	-0.0282825206133	0.0473752484945	-0.0336007961576	0.00122429859884	-0.00117370247181	-0.0700854806981	0.048022013794	0.00567063629125	-0.0125751949799	0.0262228931754	-0.00164783814121	0.0162171113997	-0.0715603436046	-0.111386657901	-0.0469887307886	-0.0154257660205	-0.016275033758	0.0341952900476	-0.0806973984872	0.0123658719959	0.0140358339563	-0.0117991533954	-0.0134558221859	-0.0112056072601	0.0417519390033	-0.0160215179004	0.0447357615616	-0.007222918593	1.12664253139e-05	-0.00122840394393	-0.00910075583596	-0.0760710365982	0.0208863156303	-0.0172842429927	0.0279155103781	-0.0100820556734	-0.0100800334176	-0.0387589130013	-0.00129842731512	0.00846368414438	0.0270558239428	-0.0108649417927	0.00114253646237	0.0503125698309	0.00971668469569
k__Bacteria;p__Firmicutes;c__Clostridia;o__Clostridiales;f__Lachnospiraceae;g__;s__[Eubacterium]_rectale	0.023673314754	-0.0572878625142	-0.0429496003777	0.028357842875	-0.0311745003331	0.0500862093635	0.0450257663937	0.0175088061278	-0.0336662586922	0.00875666818029	0.0459241396528	0.00623878602998	0.0337997280021	-0.0282825206133	1.0	0.0435015330456	-0.0436720709246	-0.0228460598531	0.0496369867933	-0.0591312260379	-0.0428661548789	-0.00539634146955	-0.0337016311123	0.0097530337829	-0.000981126437392	-0.0410258486966	-0.0538692036583	0.0020992176423	-0.00754614335778	0.0394390575222	0.0449738317073	0.0108802291592	-0.0394764364956	0.0332262735266	0.0119406206	0.0462767406169	-0.0325440173617	0.0300443270777	0.0598750126122	-0.00838433873406	-0.0286094061704	0.0405541998505	-0.0725311035761	0.0228595833386	0.0221538889116	-0.0410424757474	-0.000446288620224	0.00988998178831	0.0145547829915	0.0350043651637	-0.0444910903305	-0.0443140322852	0.0261405392422	0.0233857855774	0.00723110711564	0.00102636457506	-0.0655350364946	-0.010809442698	0.00645556295362
k__Bacteria;p__Bacteroidetes;c__Bacteroidia;o__Bacteroidales;f__Bacteroidaceae;g__Bacteroides;s__Bacteroides_plebeius	-0.0230070856125	-0.0172982532417	-0.0321053934294	0.0098767263527	-0.04826023938	0.0293420789922	-0.00597395534978	-0.0407617568068	-0.0116885235562	0.0504907041594	0.0102376070716	-0.0254178659371	-0.0435881110176	0.0473752484945	0.0435015330456	1.0	0.0433790793974	-0.0443740718927	0.0415541058084	0.00264022168967	-0.0511799994019	0.0589216480693	0.00019492674955	-0.0453162635486	-0.0269903682856	0.000798987121468	-0.0511638494365	0.000283994444894	0.00144861069835	0.00178256639175	-0.00855768162623	-0.0066359877296	-0.00342571151865	-0.0402098840321	-0.00285737602699	0.0253976425617	-0.0519275100903	0.0468958483013	0.0230298786242	0.00139750805362	-0.0665987171669	0.0613693064457	0.0126855702276	-0.0447980797833	-0.00638366054108	0.022253749148	0.000490136417977	-0.0114726161427	-0.0258488894994	-0.0448108216565	0.0323658940077	-0.0458378968347	-0.0405620346856	-0.0912871521719	0.0562298988646	0.0235230925137	-0.015609728268	-0.0919828486688	0.00824571160702
k__Bacteria;p__Bacteroidetes;c__Bacteroidia;o__Bacteroidales;f__Bacteroidaceae;g__Bacteroides;s__Bacteroides_fragilis	-0.0181204730205	0.000495902844183	0.0287381978576	-0.0149214748358	-0.0567589955345	-0.0275191004168	-0.00534372217938	0.0187775302647	-0.000146084204159	0.00747111311244	-0.072822653414	0.0280529394753	-0.0241102399485	-0.0336007961576	-0.0436720709246	0.0433790793974	1.0	-0.0168319206975	-0.0598103868639	-0.0730673189559	-0.0169299294915	0.0288416900195	0.0293976283826	-0.00206982272883	-0.0301423733315	-0.00944686047093	0.0211949565558	-0.0554591543719	0.0426852015006	0.00801132568053	-0.0449014098286	-0.0455066446809	0.0747064545949	0.0103390798143	0.00666539389028	-0.0224870318231	-0.068819681252	0.0378885386843	0.0531873291318	-0.0258101570152	-0.0246051863102	-0.063610780812	-0.0490186628226	-0.011742303081	-0.00469771122954	0.043976777011	-0.00458062703996	-0.0381648110456	-0.0359058862496	0.0165997017571	-0.0680511679085	0.019629309275	-0.0168163869755	-0.0236148195545	-0.0110606693045	0.0364984575933	0.0316035990913	-0.00667608489993	-0.0157133957703
k__Bacteria;p__Proteobacteria;c__Betaproteobacteria;o__Burkholderiales;f__Sutterellaceae;g__Sutterella;s__Sutterella_wadsworthensis	-0.0374805256901	-0.11358859528	-0.0174852242979	-0.0325994204329	-0.0237495088145	-0.0233285713941	0.0202948210163	-0.0652994970323	-0.0422292734821	0.0677099169315	0.00246766532681	-0.053904466585	0.0173382858991	0.00122429859884	-0.0228460598531	-0.0443740718927	-0.0168319206975	1.0	0.0687509732552	0.00991228281621	0.00199704822234	-0.0727587628683	-0.0165158404511	-0.064134713736	-0.0236373866101	0.062158538388	0.0221151360766	-0.00345732535029	0.0142668306939	-0.0793930703452	0.0501970635226	-0.0208386070378	0.00884597541154	-0.0332974125024	-0.0351488764653	0.0372226866639	0.0243078980903	-0.00370732628873	-0.0162196201626	0.00412377476865	0.0652224254318	-0.0116631801977	0.0589489200865	0.0114248540318	0.00417600967161	0.00933259960052	-0.0274024492901	0.00375363971123	0.00683385990165	-0.0100856315391	-0.00563465968204	-0.0828855670785	0.0091572523936	-0.0034072591199	0.0645386902125	0.00766331527292	0.0850510394149	0.0411154706995	-0.013462319585
k__Bacteria;p__Bacteroidetes;c__Bacteroidia;o__Bacteroidales;f__Porphyromonadaceae;g__Barnesiella;s__Barnesiella_intestinihominis	-0.0293882354027	-0.0613236062788	0.0330666739459	-0.0751642936143	0.00361354562294	0.0664390161604	-0.00016826784025	-0.0185555399773	0.00432004940102	-0.0285095664365	0.0445598825702	0.0247024304395	-0.0144236736203	-0.00117370247181	0.0496369867933	0.0415541058084	-0.0598103868639	0.0687509732552	1.0	-0.0341391407573	-0.0115777987816	0.048760925629	0.00374496886774	-0.0328373728238	-0.0706415497549	-0.00390299473441	0.000487682063355	0.00597326590611	0.033467636739	0.0724702437781	-0.0703955232505	-0.0380166716888	-0.0669342847704	0.0190261872278	0.0154075107469	-0.0485628993914	-0.0105582150909	-0.0121177508749	0.0527728805395	-0.0619656090604	-0.0891166804614	0.00274960823154	-0.0533365197169	-0.0229961858518	-0.0364906760402	-0.0584419423739	0.0460021646401	-0.0441126635102	0.00261768460025	-0.0105860416434	-0.00443193089715	0.0158628397999	-0.0381797832515	-0.0259678844644	-0.0211507722014	-0.00486070159179	0.0448368485853	0.0102245909538	-0.0116294490643
k__Bacteria;p__Bacteroidetes;c__Bacteroidia;o__Bacteroidales;f__Odoribacteraceae;g__Odoribacter;s__Odoribacter_splanchnicus	0.00360361771247	-0.0470901585333	-0.070360330949	0.0255527652393	-0.0456122850412	0.00144900317039	0.0501949131688	0.0182250593531	0.0661472342498	0.0581560670685	0.00235973226395	-0.00399582380628	-0.0380001455745	-0.0700854806981	-0.0591312260379	0.00264022168967	-0.0730673189559	0.00991228281621	-0.0341391407573	1.0	-0.017297711632	-0.0067910656788	0.00482820539861	-0.0426436243628	0.0141001691044	-0.0326898434268	0.0245180704489	-0.0149180281283	-0.0346500685326	0.0367133014897	0.0270421910161	0.0421869001759	-0.0324787851023	-0.0516670969325	-0.0218846665193	0.0516236281104	0.00509796375224	0.0267549700665	0.0103665720711	0.0419784341035	-0.0141675431752	0.0576244428116	-0.0140051180098	0.033040515987	0.0449927930962	-0.0568558120271	-0.0621094076165	0.0131299739648	0.00352532324965	-0.0589211261913	-0.0749895405043	0.000133949163272	-0.0104874671712	0.00858858281927	-0.00071858071667	-0.0189097119576	-0.0283721514679	0.00289534258094	0.00320948872204
k__Bacteria;p__Bacteroidetes;c__Bacteroidia;o__Bacteroidales;f__Bacteroidaceae;g__Bacteroides;s__Bacteroides_salyersiae	-0.0069941799784	0.0068628485763	0.0107342871145	-0.0268641163005	0.0237830653711	-0.00244739097851	-0.00951850316344	0.0276778222581	-0.00485572169807	0.040140996729	-0.0525278446137	0.00157227635302	0.03138520455	0.048022013794	-0.0428661548789	-0.0511799994019	-0.0169299294915	0.00199704822234	-0.0115777987816	-0.017297711632	1.0	-0.034874712846	0.0587434253307	-0.0469301782031	-0.00608501416624	0.0150584432882	0.010873067695	-0.0120373033728	-0.00213004757192	0.015599840535	-0.0299330569248	-0.0251743058637	0.0179654883479	-0.00845684354633	-0.0330845648989	-0.00863713304764	0.0343705501145	0.0098022393948	0.0192713100666	0.0147747525141	0.0372098395114	0.0350018960841	-0.00862809839781	0.0533548135412	0.0077189384476	-0.0755833139252	-0.0044185430855	-0.00177456408818	0.013030330191	-0.0596650350983	-0.017023800623	-0.0128774592539	0.0252719269278	-0.0302465702976	0.00633927908311	-0.0353588181111	-0.0288509436398	0.00121245799823	-0.0327076489662
k__Bacteria;p__Firmicutes;c__Clostridia;o__Clostridiales;f__Ruminococcaceae;g__Ruminiclostridium;s__[Eubacterium]_siraeum	0.0389517175255	0.0115035347106	-0.00991512305137	-0.0313334276041	-0.0368706418417	0.0272529572171	0.0144036566335	0.029272747593	-0.0145573881176	0.0326008918844	0.0677334905675	-0.00301099173488	-0.0454937277301	0.00567063629125	-0.00539634146955	0.0589216480693	0.0288416900195	-0.0727587628683	0.048760925629	-0.0067910656788	-0.034874712846	1.0	-0.0493302361483	-0.00523970164481	0.00872149319604	-0.0361464890114	0.0499522307121	-0.00631149407755	0.049183846501	-0.00814117946436	-0.0476119247601	0.00957981286078	-0.0273790881278	-0.0386671725648	0.050494122258	-0.105030230264	0.0165797450129	-0.0417491264825	0.0403765205839	0.0371404851753	-0.0542305961399	-0.0300195753815	-0.0454685971047	-0.0522802072485	-0.0351228313909	0.00506535394663	0.0809794052712	0.0199900815851	-0.0122258684271	-0.0218166455807	0.0173317581595	0.00797437870209	-0.0265567092139	-0.0184190642848	0.0316470171286	-0.0190435993836	-0.0284049189877	0.0347464115972	-0.0425541322629
k__Bacteria;p__Proteobacteria;c__Betaproteobacteria;o__Burkholderiales;f__Sutterellaceae;g__Parasutterella;s__Parasutterella_excrementihominis	-0.0235926015861	-0.0482729087799	0.0289157076288	0.0523952954068	-0.00394434941946	-0.0492802875062	-0.0411456023569	0.0340672918454	-0.0252903990613	-0.0292549189951	0.0973016649573	0.0287002053363	0.0267440670828	-0.0125751949799	-0.0337016311123	0.00019492674955	0.0293976283826	-0.0165158404511	0.00374496886774	0.00482820539861	0.0587434253307	-0.0493302361483	1.0	0.021839186994	-0.0667112386597	0.0226312098365	-0.00931207900061	-0.0526767062023	0.0554045552269	0.0255431279606	0.00690375059556	-0.00644511987254	0.00692768483979	-0.0240949430127	0.0221219025343	-0.00153331647888	0.0153791117239	0.0257485084503	-0.0613800029211	0.039468937061	0.0457757989013	-0.0431701320849	0.0517844454549	-0.00501615867925	-0.0553590838499	-0.00123633951404	-0.0204988915713	-0.0364366329717	-0.0632321366899	-0.000703816016163	-0.0214405705675	0.0379084149744	-0.00527053456551	0.0360093791908	-0.0739707938113	0.0240333947195	-0.0383576779643	-0.0451220972917	-0.0211485347879
k__Bacteria;p__Actinobacteria;c__Actinobacteria;o__Bifidobacteriales;f__Bifidobacteriaceae;g__Bifidobacterium;s__Bifidobacterium_adolescentis	0.00124363993503	-0.0103469333619	0.0562914507087	-0.0163615658287	-0.00283716536402	0.033958129162	0.0364147717997	0.0116175618519	0.0256296973933	0.067797970966	-0.0152227131366	0.0384075914597	-0.000574635187246	0.0262228931754	0.0097530337829	-0.0453162635486	-0.00206982272883	-0.064134713736	-0.0328373728238	-0.0426436243628	-0.0469301782031	-0.00523970164481	0.021839186994	1.0	0.001400210885	-0.0221489138631	0.0189679072924	0.0321166843469	0.0481529894818	0.0121047139302	-0.0230399444149	-0.112247259139	-0.0205781861976	-0.00085971787167	0.051656576256	-0.0183334781332	-0.00166494254321	-0.0997979554261	-0.0279887259062	-0.0136237397337	-0.0319619340114	-0.0633654833936	-0.037764784894	-0.0144635654567	-0.0635481700964	0.0346436034176	-0.0629271208136	0.0326487281744	-0.0122358238982	0.0271284752447	-0.010720483183	-0.0127846620248	0.0363881275883	-0.0144785803419	0.00254185365632	-0.021702610966	0.00873468135265	-0.00778746873206	-0.0182670904875
k__Bacteria;p__Firmicutes;c__Clostridia;o__Clostridiales;f__Oscillospiraceae;g__Oscillibacter;s__Oscillibacter_sp._KLE_1745	-0.0381734039342	0.0180071546655	0.00147130652135	-0.0205044146939	-0.0256629272014	0.0655908108014	-0.0184187708261	-0.0272137759447	-0.00396287886789	-0.0727388875385	0.00309939702693	-0.0213659931664	0.0184026560634	-0.00164783814121	-0.000981126437392	-0.0269903682856	-0.0301423733315	-0.0236373866101	-0.0706415497549	0.0141001691044	-0.00608501416624	0.00872149319604	-0.0667112386597	0.001400210885	1.0	0.0230233584258	0.0126799332756	0.045997163712	-0.0342407877447	-0.0201127139277	0.0695950646408	-0.0306558789761	-0.0417100785462	0.0051072140456	0.00591685432609	-0.0562244912334	-0.00672415075041	0.00444632842629	-0.0328022975642	-0.0388228575943	0.00831561241156	-0.0116843535576	-0.000641105573714	-0.0442379609365	0.0122296455776	0.0642797692311	-0.0208874609284	-0.0298398991934	-0.0164480017232	-0.0281975018579	-0.0598962308112	-0.00740601718456	0.00788330283954	0.00963763085092	-0.0353612980404	-0.0678180461377	0.0236369380643	-0.117098493689	0.00228023418144
k__Bacteria;p__Bacteroidetes;c__Bacteroidia;o__Bacteroidales;f__Bacteroidaceae;g__Bacteroides;s__Bacteroides_coprophilus	0.0048792421245	0.0321560486854	-0.0360449223799	0.0312209270843	-0.052360609158	-0.0702912929479	0.0164845665962	-0.00456113315833	0.00701179899048	-0.0369737238279	-0.00697266124097	-0.0324214561541	-0.0148281816836	0.0162171113997	-0.0410258486966	0.000798987121468	-0.00944686047093	0.062158538388	-0.00390299473441	-0.0326898434268	0.0150584432882	-0.0361464890114	0.0226312098365	-0.0221489138631	0.0230233584258	1.0	-0.0514594538311	0.0356997417962	0.0359746782094	0.0893986514787	0.0156272406959	0.030477429746	-0.0230423155041	0.000150970417046	-0.0244515521988	0.00196599369467	0.0498756263052	0.00853361326991	-0.0361430220178	-0.0720560805731	-0.0295177742194	-0.0218294778923	0.0226214279356	0.0259825960522	0.00742349950786	-0.0497996313513	-0.00925773317711	0.0702174556014	-0.0410595756691	-0.0633975321517	0.0148842945504	-0.00845676165872	-0.051515596384	-0.0393819494878	-0.0301756778767	0.0279179590494	0.0405686218245	-0.0555812124903	-0.0105674830875
k__Bacteria;p__Firmicutes;c__Clostridia;o__Clostridiales;f__Lachnospiraceae;g__Roseburia;s__Roseburia_intestinalis	-0.0259339232276	-0.0201619237686	-0.0167110311621	-0.0262383671174	-0.0111452621467	-0.0206943081884	-0.00558473188336	-0.0421720057086	0.0837716205795	0.00820991734393	9.43594204986e-05	-0.0185403763276	0.0331346389283	-0.0715603436046	-0.0538692036583	-0.0511638494365	0.0211949565558	0.0221151360766	0.000487682063355	0.0245180704489	0.010873067695	0.0499522307121	-0.00931207900061	0.0189679072924	0.0126799332756	-0.0514594538311	1.0	0.0173559159077	-0.0148311350239	-0.112657037458	0.0543129374097	-0.0476805511176	-0.0373684158109	-0.00171053697317	0.0551405972775	0.0190641214742	0.00142876721651	0.0195036136311	-0.00262935482511	-0.0892996266349	-0.0278562260133	-0.0399550112498	-0.0415550830708	0.0202375406486	-0.0578253341219	-0.0122602550732	0.0233904350814	0.050056233589	-1.77359114495e-05	-0.0946339088344	-0.00032978162875	-0.00523734254119	-0.014981592771	-0.0535087691373	0.0371314814632	0.0162194502429	0.00379401908201	0.0253103687295	-0.0195089203698
k__Bacteria;p__Firmicutes;c__Clostridia;o__Clostridiales;f__Lachnospiraceae;g__Roseburia;s__Roseburia_hominis	0.0250354006667	0.0506058696385	-0.00310986005911	0.0176515010392	-0.00330691329795	-0.000457748722875	0.00164460445043	-0.0156728911736	-0.00482479743546	-0.00459467703219	-0.0517936856374	0.0176505969101	-0.0286544686945	-0.111386657901	0.0020992176423	0.000283994444894	-0.0554591543719	-0.00345732535029	0.00597326590611	-0.0149180281283	-0.0120373033728	-0.00631149407755	-0.0526767062023	0.0321166843469	0.045997163712	0.0356997417962	0.0173559159077	1.0	-0.0273673040527	0.0125563577139	-0.0415901551601	-0.0263268767873	-0.002788356118	-0.00654219473453	0.0286088841251	0.0222013815941	0.024630344413	-0.00548629106145	0.0322103785257	-0.0568126742125	0.0475419718264	-0.0139725040839	0.0609427498332	-0.0161815039593	-0.0575790826189	-0.00562419719587	-0.0378060590496	0.0363266703512	0.0473822684949	0.0237144820795	-0.0675795975138	-6.1352357428e-05	-0.00507887514378	-0.0192172069188	-0.00443406794211	-0.0417749411175	-0.0261978382374	-0.00300821015239	-0.0286548128992
k__Bacteria;p__Bacteroidetes;c__Bacteroidia;o__Bacteroidales;f__Porphyromonadaceae;g__Parabacteroides;s__Parabacteroides_johnsonii	-0.0746983181972	-0.0456614874119	-0.0134031137236	0.0525264156163	-0.0623925304206	0.0321269235207	0.0529728257863	0.00933834763446	-0.0579658083342	-0.00844126505757	0.0673934360246	-0.0592142259601	-0.0246297686897	-0.0469887307886	-0.00754614335778	0.00144861069835	0.0426852015006	0.0142668306939	0.033467636739	-0.0346500685326	-0.00213004757192	0.049183846501	0.0554045552269	0.0481529894818	-0.0342407877447	0.0359746782094	-0.0148311350239	-0.0273673040527	1.0	-0.0124490510552	0.0428343937072	-0.000599432589742	-0.00593831727843	-0.0140296138211	-0.039091607125	-0.0143632909502	-0.0424485868748	-0.0408819025881	0.035173105423	0.00514538408585	0.0401605985199	-0.0745416505621	0.013533841774	-0.0206917298046	-0.0269916891288	-0.0173801294588	-0.00998666111203	0.0715072931739	-0.066270647685	-0.0220737192735	-0.0121580096834	0.0364944355575	-0.0285927937662	0.00127141694381	0.0126246129755	0.00966520734506	0.0167693883271	0.0104400847013	-0.0338081103941
k__Bacteria;p__Actinobacteria;c__Actinobacteria;o__Bifidobacteriales;f__Bifidobacteriaceae;g__Bifidobacterium;s__Bifidobacterium_longum	-0.0566494305763	-0.010797769866	0.0151501609524	0.0459711899486	-0.0391723068313	-0.0214280209099	-0.00743266981188	0.0402434513895	0.0126388133778	-0.0181611754257	-0.00573873669366	-0.00868501858135	-0.0402230049813	-0.0154257660205	0.0394390575222	0.00178256639175	0.00801132568053	-0.0793930703452	0.0724702437781	0.0367133014897	0.015599840535	-0.00814117946436	0.0255431279606	0.0121047139302	-0.0201127139277	0.0893986514787	-0.112657037458	0.0125563577139	-0.0124490510552	1.0	-0.027270830945	0.0350140977727	0.0185373686834	-0.0471310090313	-0.0404450621895	0.0201651759101	0.0177098313291	0.00692208095064	0.0273976202088	0.064085240102	-0.0145698158663	-0.00988889751552	-0.00412951679824	-0.00498953016223	-0.0234857628689	0.0125319416278	-0.057617154613	0.00297572036914	0.056612617854	-0.0123415890898	0.0267831883275	-0.0295548960169	-0.0969299831759	0.0601454034888	-0.0171386680954	-0.0407510517852	-0.0495584792803	-0.0918785600202	-0.0115255754937
