#taxonomy	k__Bacteria;p__Bacteroidetes;c__Bacteroidia;o__Bacteroidales;f__Bacteroidaceae;g__Bacteroides;s__Bacteroides_vulgatus	k__Bacteria;p__Bacteroidetes;c__Bacteroidia;o__Bacteroidales;f__Bacteroidaceae;g__Bacteroides;s__Bacteroides_uniformis	k__Bacteria;p__Bacteroidetes;c__Bacteroidia;o__Bacteroidales;f__Rikenellaceae;g__Alistipes;s__Alistipes_putredinis	k__Bacteria;p__Bacteroidetes;c__Bacteroidia;o__Bacteroidales;f__Prevotellaceae;g__Prevotella;s__Prevotella_copri	k__Bacteria;p__Bacteroidetes;c__Bacteroidia;o__Bacteroidales;f__Bacteroidaceae;g__Bacteroides;s__Bacteroides_stercoris	k__Bacteria;p__Bacteroidetes;c__Bacteroidia;o__Bacteroidales;f__Bacteroidaceae;g__Bacteroides;s__Bacteroides_ovatus	k__Bacteria;p__Bacteroidetes;c__Bacteroidia;o__Bacteroidales;f__Rikenellaceae;g__Alistipes;s__Alistipes_shahii	k__Bacteria;p__Firmicutes;c__Clostridia;o__Clostridiales;f__Ruminococcaceae;g__Faecalibacterium;s__Faecalibacterium_prausnitzii	k__Bacteria;p__Bacteroidetes;c__Bacteroidia;o__Bacteroidales;f__Rikenellaceae;g__Alistipes;s__Alistipes_finegoldii	k__Bacteria;p__Bacteroidetes;c__Bacteroidia;o__Bacteroidales;f__Porphyromonadaceae;g__Parabacteroides;s__Parabacteroides_distasonis	k__Bacteria;p__Bacteroidetes;c__Bacteroidia;o__Bacteroidales;f__Bacteroidaceae;g__Bacteroides;s__Bacteroides_thetaiotaomicron	k__Bacteria;p__Bacteroidetes;c__Bacteroidia;o__Bacteroidales;f__Bacteroidaceae;g__Bacteroides;s__Bacteroides_coprocola	k__Bacteria;p__Bacteroidetes;c__Bacteroidia;o__Bacteroidales;f__Bacteroidaceae;g__Bacteroides;s__Bacteroides_cellulosilyticus	k__Bacteria;p__Bacteroidetes;c__Bacteroidia;o__Bacteroidales;f__Rikenellaceae;g__Alistipes;s__Alistipes_obesi	k__Bacteria;p__Firmicutes;c__Clostridia;o__Clostridiales;f__Lachnospiraceae;g__;s__[Eubacterium]_rectale	k__Bacteria;p__Bacteroidetes;c__Bacteroidia;o__Bacteroidales;f__Bacteroidaceae;g__Bacteroides;s__Bacteroides_plebeius	k__Bacteria;p__Bacteroidetes;c__Bacteroidia;o__Bacteroidales;f__Bacteroidaceae;g__Bacteroides;s__Bacteroides_fragilis	k__Bacteria;p__Proteobacteria;c__Betaproteobacteria;o__Burkholderiales;f__Sutterellaceae;g__Sutterella;s__Sutterella_wadsworthensis	k__Bacteria;p__Bacteroidetes;c__Bacteroidia;o__Bacteroidales;f__Porphyromonadaceae;g__Barnesiella;s__Barnesiella_intestinihominis	k__Bacteria;p__Bacteroidetes;c__Bacteroidia;o__Bacteroidales;f__Odoribacteraceae;g__Odoribacter;s__Odoribacter_splanchnicus	k__Bacteria;p__Bacteroidetes;c__Bacteroidia;o__Bacteroidales;f__Bacteroidaceae;g__Bacteroides;s__Bacteroides_salyersiae	k__Bacteria;p__Firmicutes;c__Clostridia;o__Clostridiales;f__Ruminococcaceae;g__Ruminiclostridium;s__[Eubacterium]_siraeum	k__Bacteria;p__Proteobacteria;c__Betaproteobacteria;o__Burkholderiales;f__Sutterellaceae;g__Parasutterella;s__Parasutterella_excrementihominis	k__Bacteria;p__Actinobacteria;c__Actinobacteria;o__Bifidobacteriales;f__Bifidobacteriaceae;g__Bifidobacterium;s__Bifidobacterium_adolescentis	k__Bacteria;p__Firmicutes;c__Clostridia;o__Clostridiales;f__Oscillospiraceae;g__Oscillibacter;s__Oscillibacter_sp._KLE_1745	k__Bacteria;p__Bacteroidetes;c__Bacteroidia;o__Bacteroidales;f__Bacteroidaceae;g__Bacteroides;s__Bacteroides_coprophilus	k__Bacteria;p__Firmicutes;c__Clostridia;o__Clostridiales;f__Lachnospiraceae;g__Roseburia;s__Roseburia_intestinalis	k__Bacteria;p__Firmicutes;c__Clostridia;o__Clostridiales;f__Lachnospiraceae;g__Roseburia;s__Roseburia_hominis	k__Bacteria;p__Bacteroidetes;c__Bacteroidia;o__Bacteroidales;f__Porphyromonadaceae;g__Parabacteroides;s__Parabacteroides_johnsonii	k__Bacteria;p__Actinobacteria;c__Actinobacteria;o__Bifidobacteriales;f__Bifidobacteriaceae;g__Bifidobacterium;s__Bifidobacterium_longum	k__Bacteria;p__Firmicutes;c__Clostridia;o__Clostridiales;f__;g__Flavonifractor;s__Flavonifractor_plautii	k__Bacteria;p__Firmicutes;c__Clostridia;o__Clostridiales;f__Clostridiaceae;g__Clostridium;s__Clostridium_phoceensis	k__Bacteria;p__Verrucomicrobia;c__Verrucomicrobiae;o__Verrucomicrobiales;f__Akkermansiaceae;g__Akkermansia;s__Akkermansia_muciniphila	k__Bacteria;p__Bacteroidetes;c__Bacteroidia;o__Bacteroidales;f__Prevotellaceae;g__Paraprevotella;s__Paraprevotella_xylaniphila	k__Bacteria;p__Firmicutes;c__Clostridia;o__Clostridiales;f__Ruminococcaceae;g__Ruminococcus;s__Ruminococcus_callidus	k__Bacteria;p__Bacteroidetes;c__Bacteroidia;o__Bacteroidales;f__Rikenellaceae;g__Alistipes;s__Alistipes_senegalensis	k__Bacteria;p__Firmicutes;c__Clostridia;o__Clostridiales;f__Lachnospiraceae;g__Blautia;s__Blautia_sp._KLE_1732	k__Bacteria;p__Bacteroidetes;c__Bacteroidia;o__Bacteroidales;f__Bacteroidaceae;g__Bacteroides;s__Bacteroides_oleiciplenus	k__Bacteria;p__Firmicutes;c__Clostridia;o__Clostridiales;f__Ruminococcaceae;g__Ruminococcus;s__Ruminococcus_bicirculans	k__Bacteria;p__Bacteroidetes;c__Bacteroidia;o__Bacteroidales;f__Bacteroidaceae;g__Bacteroides;s__Bacteroides_fluxus	k__Bacteria;p__Bacteroidetes;c__Bacteroidia;o__Bacteroidales;f__Prevotellaceae;g__Prevotella;s__Prevotella_stercorea	k__Bacteria;p__Firmicutes;c__Clostridia;o__Clostridiales;f__Lachnospiraceae;g__Dorea;s__Dorea_longicatena	k__Bacteria;p__Firmicutes;c__Clostridia;o__Clostridiales;f__Eubacteriaceae;g__Eubacterium;s__[Eubacterium]_eligens	k__Bacteria;p__Firmicutes;c__Clostridia;o__Clostridiales;f__Ruminococcaceae;g__;s__Ruminococcaceae_bacterium_D16	k__Bacteria;p__Firmicutes;c__Clostridia;o__Clostridiales;f__Lachnospiraceae;g__Coprococcus;s__Coprococcus_comes	k__Bacteria;p__Proteobacteria;c__Gammaproteobacteria;o__Enterobacterales;f__Enterobacteriaceae;g__Escherichia;s__Escherichia_coli	k__Bacteria;p__Firmicutes;c__Clostridia;o__Clostridiales;f__Ruminococcaceae;g__Anaerotruncus;s__Anaerotruncus_colihominis	k__Bacteria;p__Firmicutes;c__Clostridia;o__Clostridiales;f__Lachnospiraceae;g__Blautia;s__Blautia_obeum	k__Bacteria;p__Bacteroidetes;c__Bacteroidia;o__Bacteroidales;f__Odoribacteraceae;g__Odoribacter;s__Odoribacter_laneus	k__Bacteria;p__Firmicutes;c__Clostridia;o__Clostridiales;f__Ruminococcaceae;g__Ruminiclostridium;s__[Clostridium]_leptum	k__Bacteria;p__Bacteroidetes;c__Bacteroidia;o__Bacteroidales;f__Porphyromonadaceae;g__Parabacteroides;s__Parabacteroides_goldsteinii	k__Bacteria;p__Firmicutes;c__Clostridia;o__Clostridiales;f__Lachnospiraceae;g__Anaerostipes;s__Anaerostipes_hadrus	k__Bacteria;p__Firmicutes;c__Clostridia;o__Clostridiales;f__Ruminococcaceae;g__Ruminococcus;s__Ruminococcus_lactaris	k__Bacteria;p__Firmicutes;c__Clostridia;o__Clostridiales;f__Clostridiaceae;g__Clostridium;s__Clostridium_sp._L2-50	k__Bacteria;p__Firmicutes;c__Clostridia;o__Clostridiales;f__Clostridiaceae;g__Clostridium;s__Clostridium_sp._M62/1	k__Bacteria;p__Firmicutes;c__Clostridia;o__Clostridiales;f__;g__Intestinimonas;s__Intestinimonas_butyriciproducens	k__Bacteria;p__Actinobacteria;c__Actinobacteria;o__Bifidobacteriales;f__Bifidobacteriaceae;g__Bifidobacterium;s__Bifidobacterium_bifidum	k__Bacteria;p__Firmicutes;c__Negativicutes;o__Veillonellales;f__Veillonellaceae;g__Dialister;s__Dialister_invisus	k__Bacteria;p__Bacteroidetes;c__Bacteroidia;o__Bacteroidales;f__Bacteroidaceae;g__Bacteroides;s__Bacteroides_salanitronis
k__Bacteria;p__Bacteroidetes;c__Bacteroidia;o__Bacteroidales;f__Bacteroidaceae;g__Bacteroides;s__Bacteroides_vulgatus	1.0	-0.0878124691747	0.0285967837565	-0.0165570166953	-0.0280909065653	-0.112814325872	-0.0246679755209	-0.00160929046728	-0.0386031113993	-0.00484728789138	-0.0119301642299	-0.047729748555	-0.072597866828	-0.0274774764231	0.0425490290466	-0.0140760747228	-0.0338631958017	-0.028749830135	-0.046260511196	0.0591365762229	0.0335554440947	0.0251201184409	-0.0254302882214	0.0196758222929	-0.028346841203	0.00718295452351	0.0029913298365	-0.0263824019657	0.0158699028606	0.0217253482454	0.0415132626968	0.0128849764044	0.0180791569882	0.0423562845533	-0.00415028794703	-0.011799916283	-0.00279251327178	0.0309764491379	-0.046304872843	-0.00914600973043	-0.000976844772144	-0.0399328931088	0.063369628847	0.0568523784095	-0.0426409152907	-0.0391611453681	0.00408577981017	0.0136051515005	0.0329796897638	-0.0318094919052	-0.0197774785358	-0.0300427796307	-0.0256180926858	-0.0233448083701	0.0161951241351	-0.0273619338244	-0.0620223924728	-0.0137161101556	-0.0572146461842
k__Bacteria;p__Bacteroidetes;c__Bacteroidia;o__Bacteroidales;f__Bacteroidaceae;g__Bacteroides;s__Bacteroides_uniformis	-0.0878124691747	1.0	0.0144810510626	-0.0132343319154	0.000413396421342	0.0265017489747	-0.0401458558088	0.0128147746661	-0.0200628660639	0.0204324627671	0.00219577647685	-0.0249075726364	-0.0457092709165	-0.0102534888938	0.0108651888733	0.025132875744	-0.00654011848476	0.00553670402385	-0.011372294729	0.0582648383973	-0.0187941469456	-0.0219374974878	-0.00680354418467	-0.017162662832	0.061691312047	-0.0186360419372	0.0137998115732	0.00551714231396	0.0170599864557	-0.036992188717	0.0227080214875	-0.0253680377348	-0.0453886371666	-0.0333561094737	-0.0297667402762	-0.0493561519195	0.0426919568608	-0.041853897575	0.00166185758194	0.0532692185594	-0.0187331729744	0.0162133059775	0.0295251420559	-0.0259000270109	0.010261270951	-0.0159264906193	0.023792421411	-0.0783923512509	-0.0281073944079	0.0329835922495	-0.0358546094017	0.0456396853254	0.0253830919674	-0.0427208129752	-0.0125385829304	-0.0523912262426	-0.0125248283748	-0.0681953781566	0.0180666983047
k__Bacteria;p__Bacteroidetes;c__Bacteroidia;o__Bacteroidales;f__Rikenellaceae;g__Alistipes;s__Alistipes_putredinis	0.0285967837565	0.0144810510626	1.0	-0.000912682597061	-0.0630571149263	0.0220746573154	0.0116513667925	-0.0112335890511	0.00184999073994	-0.00902394468386	-0.0340933742855	-0.0172665826672	-0.0551888790747	0.0181370572941	-0.017293598289	-0.0445594303656	0.025394833116	0.0468931882401	-0.00962429170685	-0.0284875298344	0.000921891651915	0.0520764480818	-0.00636319603287	-0.0179828104748	0.0244957772524	-0.0847722358894	-0.0160241772833	0.0179732010969	-0.0249252442921	-0.0121777385041	-0.0388005683791	-0.0220358909247	-0.0467616024237	-0.0157295663678	-0.0267565874133	0.0126225595362	0.0093877408405	0.00382695442079	-0.0567683350741	0.0103673181791	-0.0246692764581	0.0314245605327	-0.00747787517116	0.0331948585124	-0.0369869322528	0.0151101764285	0.00458325924024	0.00240567750471	0.0244283047989	-0.0703388982231	0.00762780828895	-0.00494690909539	-0.019981512168	0.012202892543	-0.00238847293592	-0.0296063868429	-0.0096124922752	-0.0433613958845	0.0392248417408
k__Bacteria;p__Bacteroidetes;c__Bacteroidia;o__Bacteroidales;f__Prevotellaceae;g__Prevotella;s__Prevotella_copri	-0.0165570166953	-0.0132343319154	-0.000912682597061	1.0	-0.0562530012552	-0.0453578688102	-0.0549479288704	-0.0331087862551	-0.0481721408021	0.000897975807979	-0.0554655043125	-0.0319223003396	-0.0637474387142	-0.0282894077993	-0.0218575077879	0.0632457993274	0.0104700234894	-0.0505991591159	0.0393590753293	-0.0208563283046	-0.00917769020624	-0.00660160297311	-0.0904523817544	-0.0188832164854	-0.00668384755535	0.0357982871739	-0.00438354484025	4.08115214741e-05	-0.0564724716824	-0.0301594810071	-0.00375275344655	0.0156824645806	0.0124723274463	0.000115225305695	-0.0160463959144	-0.0723106317109	0.0497571494305	0.000840244919953	0.0136340966303	-0.009937700673	-0.0185583349962	0.000129028759318	0.0132434816937	-0.0452725639866	-0.0222943342006	-0.0130706097467	0.0577439535029	0.041285382056	0.020719365432	-0.00503486921036	-0.055260055142	-0.0523114085695	-0.000523479478776	0.00309018185649	0.0285231365603	-0.0260698791796	-0.0498043608758	0.0513785721677	0.0206922900445
k__Bacteria;p__Bacteroidetes;c__Bacteroidia;o__Bacteroidales;f__Bacteroidaceae;g__Bacteroides;s__Bacteroides_stercoris	-0.0280909065653	0.000413396421342	-0.0630571149263	-0.0562530012552	1.0	-0.0564674439227	0.024918560651	-0.0267255202617	0.0158437695779	-0.028438307716	0.0307945368401	-0.0375619859624	0.00816837164525	-0.0193044296223	-0.0116663354352	-0.0210387313553	0.0188509343264	-0.0193892745855	0.0433537143928	-0.0673635708633	-0.00647870124838	0.0295523780078	0.00474093153091	-0.00774449159636	-0.0382514316053	-0.0443038853586	0.013962878652	0.0375545940374	-0.0266301419926	0.0267921396221	-0.00697930770445	-0.0327132297766	-0.0573224920217	0.0114962905057	-0.0165423306705	-0.0295177796225	-0.0406339282286	-0.00967398025368	-3.80655676436e-05	-0.00088356251794	0.00439244678171	0.0108189041446	-0.00240330719124	-0.000994995427301	-0.0222232745763	-0.0548121155618	0.00349636494532	-0.0252187934565	-0.066620194803	0.0236875202311	-0.0290495894946	0.0515227444369	0.0378919622588	0.0261962957984	0.0630454514134	0.0223981371757	0.03231084046	-0.0196360309267	0.0234181335809
k__Bacteria;p__Bacteroidetes;c__Bacteroidia;o__Bacteroidales;f__Bacteroidaceae;g__Bacteroides;s__Bacteroides_ovatus	-0.112814325872	0.0265017489747	0.0220746573154	-0.0453578688102	-0.0564674439227	1.0	-0.00311343228401	0.067768547022	-0.0381489266949	-0.0528808239309	-0.0487636855901	0.0137193686733	-0.0095014674606	-0.0177471224036	-0.0231722717428	-0.00387251778672	-0.0407055752458	-0.021318668251	-0.0203893544534	-0.0146022072854	0.00816466451206	-0.00213213455947	0.0286615766721	-0.0456210040602	0.0208814841689	-0.04443753941	-0.0138079971528	-0.0127946806571	-0.00478564323094	-0.017724631671	0.0387546178081	0.000705459253981	-0.0390055188027	0.00710135712422	-0.00309240366785	0.0373176358812	-0.00400712016111	-0.0634324643223	0.0405558906416	-0.0672394167535	-0.0159108647843	0.0478178130404	-0.000263271729186	0.0294339137755	-0.0556950644768	0.0193577915087	-0.0152381975354	-0.0280126675549	-0.0676033955222	0.0199479511694	-0.0458745462215	-0.0293107042599	0.0103195191126	0.00128551149084	0.027981303775	0.00641174190119	0.00550530448492	0.00629265235212	-0.010197778631
k__Bacteria;p__Bacteroidetes;c__Bacteroidia;o__Bacteroidales;f__Rikenellaceae;g__Alistipes;s__Alistipes_shahii	-0.0246679755209	-0.0401458558088	0.0116513667925	-0.0549479288704	0.024918560651	-0.00311343228401	1.0	0.0240691323289	0.0231904103765	0.0285394878593	-0.0340997765529	-0.0448442348574	-0.00378923343308	-0.0147491595759	0.0257042490874	-0.0343775236571	-0.0661479350562	-0.0346796556804	0.0761514244662	0.0359426676457	-0.0354672453833	0.0140217150718	0.00395799697128	-0.0248183779368	-0.0179388257021	-0.0669065616558	-0.00926540592244	0.00195706463886	0.00914258831049	0.00493985686545	0.014303916056	-0.0240727090102	0.00254050120123	-0.0217175100854	0.0120409487734	0.00161318614755	-0.0217375036883	-0.0360455776292	-0.0741840220485	0.0247840775954	-0.0127098759808	-0.0333317849551	0.0138174003738	-0.0135223367441	-0.00658238925999	-0.0193195463152	0.00644906625316	-0.0344340383289	-0.0172509600351	-0.0396836146741	5.85835342563e-05	-0.0270522262796	0.0423816856754	-0.0239327809312	0.0504970285553	0.0389471808046	-0.022592631911	0.051983929095	-0.00467874961555
k__Bacteria;p__Firmicutes;c__Clostridia;o__Clostridiales;f__Ruminococcaceae;g__Faecalibacterium;s__Faecalibacterium_prausnitzii	-0.00160929046728	0.0128147746661	-0.0112335890511	-0.0331087862551	-0.0267255202617	0.067768547022	0.0240691323289	1.0	0.0204663752747	0.0214954294708	-0.0381384786764	-0.0244767457017	-0.00470452115095	0.00785092821813	-0.0303371225792	0.0358000048465	-0.0271994723402	0.0079308049141	-0.0278363846466	-0.0364481180797	0.0711538631305	-0.00603618840414	-0.000819505981504	-0.0124233933374	0.0272022520845	-0.0225072837269	-0.0286883039901	-0.0213851239648	-0.00154379121375	0.0191578949644	-0.00809751855374	0.0379448679924	-0.0521108552032	0.0177782662949	-0.0193430037101	0.0487409257626	-0.0302750603431	-0.00542531535598	0.00116025102562	-0.0206669735411	-0.0485440934785	-0.0402929870876	0.000717919530317	-0.0191541212429	0.000659665017345	-0.0217350692448	0.00248968408727	0.0379567683493	0.0257937040933	-0.0239989008472	-0.046428582426	0.000196313274156	-0.0249686498689	-0.030693366926	-0.017361728111	-0.0097165299776	0.0773520889661	0.00979770183934	-0.0177362360669
k__Bacteria;p__Bacteroidetes;c__Bacteroidia;o__Bacteroidales;f__Rikenellaceae;g__Alistipes;s__Alistipes_finegoldii	-0.0386031113993	-0.0200628660639	0.00184999073994	-0.0481721408021	0.0158437695779	-0.0381489266949	0.0231904103765	0.0204663752747	1.0	-0.0432831926431	-0.0589818191643	-0.026014638805	0.0106216667689	0.0242572311935	0.0115995572988	-0.00935495598527	0.0329101792843	0.00835989518559	-0.0802680376033	0.0136212757179	0.0088066565953	0.0544118243179	0.00113650882297	-0.00588139454638	-0.0436630730129	-0.000172345801414	0.00763403082033	0.0284102103886	-0.0326973721571	-0.0245796483116	0.0221788068486	0.0529428151935	-0.0168832566865	-0.0257001108735	0.0486702936716	-0.0209070314165	-0.0138478455218	0.0120221004619	-0.0697393976854	-0.0231450958095	-0.0195275518941	0.0538247998895	0.0433231258583	0.0791685091251	-0.029353383844	0.0137452012047	0.0200175242233	0.0239257895789	-0.0353631578752	-0.0241566263127	-0.00377623582155	-0.0100813283485	0.0225029398441	-0.00430272903601	0.00632161831264	-0.0502394006114	-0.0173107945411	-0.0295985687623	-0.0113054051396
k__Bacteria;p__Bacteroidetes;c__Bacteroidia;o__Bacteroidales;f__Porphyromonadaceae;g__Parabacteroides;s__Parabacteroides_distasonis	-0.00484728789138	0.0204324627671	-0.00902394468386	0.000897975807979	-0.028438307716	-0.0528808239309	0.0285394878593	0.0214954294708	-0.0432831926431	1.0	0.0143441031102	-0.0160012410752	-0.0518944266131	0.0334948744904	0.0431689963515	-0.0233377539667	-0.0222025486544	0.033051496568	-0.0414765813492	-0.0125448621194	0.0147222798971	0.0333482375848	0.0144539867625	-0.0622151530305	0.0185094515934	-0.0276257128942	0.0699004109419	-0.0028807145349	-0.0135932983859	0.000982037588194	-0.0566209363961	-0.0260484989347	-0.0420308574204	-0.00585108462205	0.0613312809184	-0.0168207968871	-0.014458656751	0.0480064273419	-0.0323705280731	0.0175756654671	-0.0156106958004	-0.0102992495485	-0.0220315445966	0.00726615608115	-0.0211060810553	-0.0634761427828	0.0261328220333	-0.042938956064	0.055854124716	-0.0410912624392	-0.00927104213646	0.0399799932755	0.00029240266024	-0.104792992689	-0.0232747597202	0.0183352613273	-0.00499578936452	-0.00635913842815	0.0108497060364
k__Bacteria;p__Bacteroidetes;c__Bacteroidia;o__Bacteroidales;f__Bacteroidaceae;g__Bacteroides;s__Bacteroides_thetaiotaomicron	-0.0119301642299	0.00219577647685	-0.0340933742855	-0.0554655043125	0.0307945368401	-0.0487636855901	-0.0340997765529	-0.0381384786764	-0.0589818191643	0.0143441031102	1.0	-0.00107108871497	-0.0189265871236	0.00480823942317	0.00144320989066	0.00115435542267	-0.0414725991332	0.0400298574916	-0.0088854260185	0.0152506433802	-0.0261368481812	0.039853739303	-0.00481957319488	-0.0126519778423	0.0438158834017	0.026293330153	-0.0181873256562	-0.0443610318977	-0.0174203967594	-0.0266474443184	0.00815130061227	-0.0261770214658	-0.0394297850321	-0.00828982414306	0.0176209920467	-0.0298866405225	-0.0446048483022	0.0223217510283	0.0283153162544	0.0352483274472	0.018902930415	-0.0191263204664	0.0258257261767	0.00825556245571	-0.0394816846443	-0.028209851209	-0.00929269122981	-0.0140706705276	-0.0158098291382	0.0330667097354	-0.018207826429	-0.017062079371	-0.0222183928497	0.0437473325278	-0.0207039704411	0.00401066203504	0.0273611412287	0.0500324868147	-0.0375064898479
k__Bacteria;p__Bacteroidetes;c__Bacteroidia;o__Bacteroidales;f__Bacteroidaceae;g__Bacteroides;s__Bacteroides_coprocola	-0.047729748555	-0.0249075726364	-0.0172665826672	-0.0319223003396	-0.0375619859624	0.0137193686733	-0.0448442348574	-0.0244767457017	-0.026014638805	-0.0160012410752	-0.00107108871497	1.0	-0.0488135048084	-0.0286892129364	0.000861587566238	-0.0148517329913	-0.0433243022662	-0.0489343517548	-0.0478010300109	-0.0459378948004	0.0119548777054	0.0120268044844	-0.00455637111544	-0.0586532433353	-0.00714541424454	-0.0225322391436	0.0492346590198	0.0473577687568	-0.0361872422947	0.0402678177371	-0.0509522466016	-0.0482894937072	0.0188494599915	0.0169393522189	-0.0296106947745	-0.0172905083754	0.0284323369467	-0.0294083825716	0.0309605614044	-0.0133812092351	-0.00220468320043	-0.000171096485853	0.00833827711736	-0.0306110411146	-0.0307362708198	0.0584923982936	0.0369853216509	-0.0376166980285	0.024044649765	0.0303963203878	0.00137145242237	0.0105227816702	-0.0601386435999	-0.0211325969127	0.0448671984486	0.0707809554639	0.0452936412547	0.0328743159177	-0.0273181777177
k__Bacteria;p__Bacteroidetes;c__Bacteroidia;o__Bacteroidales;f__Bacteroidaceae;g__Bacteroides;s__Bacteroides_cellulosilyticus	-0.072597866828	-0.0457092709165	-0.0551888790747	-0.0637474387142	0.00816837164525	-0.0095014674606	-0.00378923343308	-0.00470452115095	0.0106216667689	-0.0518944266131	-0.0189265871236	-0.0488135048084	1.0	-0.00665636424328	0.00470838923907	0.0129627605246	-0.00455260096714	-0.0213584579238	0.0309454711286	-0.0286243352784	-0.0184888643666	-0.020176862224	0.0449883677866	0.0334112524681	-0.0547872684644	0.0293479743815	0.0164253647619	-0.00564177702375	0.0099896322121	-0.0422006705323	-0.0706258864725	-0.0534820834516	-0.00519754395674	-0.0385748178989	-0.0307295139281	0.00104320648736	-0.0258050664716	-0.0370529613543	-0.00138783702993	0.0196832907459	0.018144975367	-0.0240114843256	0.000271064933915	0.0275207090037	-0.00296717610437	-0.0191370076815	-0.0123442304335	-0.0122225330811	0.0018159906021	0.002112649635	0.0501618439781	-0.0131588039845	0.0115283845083	0.0220690321271	-0.000942504818456	0.0491673054878	-0.0261107394161	-0.0524664645431	-0.0109036318138
k__Bacteria;p__Bacteroidetes;c__Bacteroidia;o__Bacteroidales;f__Rikenellaceae;g__Alistipes;s__Alistipes_obesi	-0.0274774764231	-0.0102534888938	0.0181370572941	-0.0282894077993	-0.0193044296223	-0.0177471224036	-0.0147491595759	0.00785092821813	0.0242572311935	0.0334948744904	0.00480823942317	-0.0286892129364	-0.00665636424328	1.0	-0.0381338129616	-0.0642987377421	-0.0575823590792	0.0289830714583	0.004757132234	-0.0011045930845	-0.0338406823311	-0.0303242421003	-0.0723841254665	-0.0207134175897	-0.0342479912157	0.0363752501462	0.0150341854469	-0.0464327585334	-0.0357533938255	-0.0519933105484	-0.0221168271399	0.0414331951991	-0.00702966439114	0.00504812473051	0.0128094470233	0.00947339437765	-0.0153422726441	-0.0222070768291	-0.0603548281649	-0.00600830469991	-0.0356701019383	-0.014404719993	-0.0472568923643	0.0168949443975	0.0601223404997	-0.0252544545565	-0.0643707214477	-0.00547781380104	0.037933522353	-0.0281497455413	0.000879767074053	-0.0653849215435	0.0214330653269	0.0603953920167	-0.0305836216266	-0.0304958173938	0.0324295170334	0.0369259020697	0.0595790057838
k__Bacteria;p__Firmicutes;c__Clostridia;o__Clostridiales;f__Lachnospiraceae;g__;s__[Eubacterium]_rectale	0.0425490290466	0.0108651888733	-0.017293598289	-0.0218575077879	-0.0116663354352	-0.0231722717428	0.0257042490874	-0.0303371225792	0.0115995572988	0.0431689963515	0.00144320989066	0.000861587566238	0.00470838923907	-0.0381338129616	1.0	0.0114930353032	-0.0327348278374	0.0440898812888	-0.00819336033491	0.0103813858771	-0.0101663799327	-0.0112122297546	-0.00842918703464	-0.0521499176119	-0.0388399054729	-0.00905089137387	-0.010104058493	0.0143388473547	0.0358904768247	-0.00792399989396	0.0248840677332	-0.0619140066102	0.00979933318659	0.0128400589645	0.0236419974525	-0.0754740102738	0.0142471791073	-0.015513433924	-0.0165525118513	0.0149007115052	-0.0188370048147	0.0290976855381	-0.0147722187124	-0.0184549912681	0.0602512596495	-0.071767577211	0.0130994641782	-0.0152835411958	-0.0681092145144	0.0659776076138	-0.00680376664079	-0.0386420686201	0.0332223514725	-0.0142891660963	-0.0433388758644	0.000638514072352	0.0079080991846	-0.0416506696122	-0.00665234872971
k__Bacteria;p__Bacteroidetes;c__Bacteroidia;o__Bacteroidales;f__Bacteroidaceae;g__Bacteroides;s__Bacteroides_plebeius	-0.0140760747228	0.025132875744	-0.0445594303656	0.0632457993274	-0.0210387313553	-0.00387251778672	-0.0343775236571	0.0358000048465	-0.00935495598527	-0.0233377539667	0.00115435542267	-0.0148517329913	0.0129627605246	-0.0642987377421	0.0114930353032	1.0	-0.0378149480798	-0.00228392669813	-0.0176179232874	0.0303598811059	-0.0122896578689	0.000844837769022	-0.0705951292172	0.00478469653609	-0.0202415551149	-0.019009323284	-0.0268181663256	0.0449286326403	-0.000254817447318	-0.0183929719361	-0.0272936489123	0.00338401802953	0.0712631443089	-0.015669903359	-0.00504836777021	-0.0244855403092	0.0112034726172	-0.0144032721748	0.00318898164865	0.0604784255185	0.0532368372299	-0.00915676749808	0.0342912733745	-0.0119196206375	-0.0256265785457	-0.0214859994557	0.0159773514399	-0.0194008511676	0.013393864698	-0.0476694253568	-0.013855023316	0.036614310268	-0.0104973317846	0.0237994092581	-0.0157147734984	-0.012258358536	0.0111906466825	-0.0437115704183	-0.0609129762346
k__Bacteria;p__Bacteroidetes;c__Bacteroidia;o__Bacteroidales;f__Bacteroidaceae;g__Bacteroides;s__Bacteroides_fragilis	-0.0338631958017	-0.00654011848476	0.025394833116	0.0104700234894	0.0188509343264	-0.0407055752458	-0.0661479350562	-0.0271994723402	0.0329101792843	-0.0222025486544	-0.0414725991332	-0.0433243022662	-0.00455260096714	-0.0575823590792	-0.0327348278374	-0.0378149480798	1.0	0.00501603993802	-0.0035997939628	-0.0243270952881	0.0417701206776	0.0632760685068	0.0100042555511	-0.00853085473713	0.0014342655699	-0.0283429129423	0.00927458342135	-0.0418657772258	0.0265621801798	0.0194641862255	0.000559337950337	-0.0487228202541	0.0311824382063	-0.000422573521935	0.0340524493975	0.0458386227301	0.0245622458501	-0.0111856512202	0.0200145920392	-0.0647292250007	-0.0134588966785	0.00041061650468	-0.0787137256434	-0.0324712733085	0.0168543382706	-0.0351900803446	-0.0238792229394	0.0522916463963	-0.0034747826469	-0.0232497670842	-0.0467631965655	0.0422502495356	0.0449899870909	-0.0215919686071	-0.0113964863243	-0.025825802077	0.0392560003404	-0.0230213905248	-0.0126951273149
k__Bacteria;p__Proteobacteria;c__Betaproteobacteria;o__Burkholderiales;f__Sutterellaceae;g__Sutterella;s__Sutterella_wadsworthensis	-0.028749830135	0.00553670402385	0.0468931882401	-0.0505991591159	-0.0193892745855	-0.021318668251	-0.0346796556804	0.0079308049141	0.00835989518559	0.033051496568	0.0400298574916	-0.0489343517548	-0.0213584579238	0.0289830714583	0.0440898812888	-0.00228392669813	0.00501603993802	1.0	-0.00397408492066	0.000851923365397	0.00315904233373	0.0303475834632	0.0232445223614	-0.0283648667498	-0.0506560489625	0.0260916142482	-0.012169272081	-0.0357501830014	0.00471868647878	0.00998457188874	-0.0719001025245	-0.0433656098807	0.0423848807362	-0.021929114286	-0.0736407630494	-0.0100420664145	-0.0277087571644	-0.00802236895478	-0.0540795684389	0.0460800026477	-0.0669064462881	-0.011781669588	-0.0635378609328	0.0208994188285	0.021175530933	0.00840802351599	-0.0449619697318	-0.00661602898182	0.0161115412756	-0.0454945826925	0.0397760391401	-0.0505876090906	-0.0491890798315	0.023015535019	-0.0154918122303	-0.040895684695	-0.0847751155171	0.00471683241457	-0.0456060870744
k__Bacteria;p__Bacteroidetes;c__Bacteroidia;o__Bacteroidales;f__Porphyromonadaceae;g__Barnesiella;s__Barnesiella_intestinihominis	-0.046260511196	-0.011372294729	-0.00962429170685	0.0393590753293	0.0433537143928	-0.0203893544534	0.0761514244662	-0.0278363846466	-0.0802680376033	-0.0414765813492	-0.0088854260185	-0.0478010300109	0.0309454711286	0.004757132234	-0.00819336033491	-0.0176179232874	-0.0035997939628	-0.00397408492066	1.0	-0.0163884469845	0.00570182879269	0.0214194259849	-0.0338853258316	-0.0120106250478	-0.00404215076057	0.0357638849042	0.00144988282879	0.0227788464073	-0.0227154172105	-0.0510455861667	0.0126213754676	-0.0402530353859	-0.0289766122702	-0.0803308079924	0.000889485860929	0.0270903066968	0.0302604732562	0.00539587020618	-0.0214948176839	0.0226949675029	-0.0166655356655	-0.0400543159537	-0.074684582848	0.00555438268781	0.0150858653201	-0.00340908317094	-0.0733909842226	-0.00606215507491	-0.0118607056386	-0.0204334973187	0.0522489806516	-0.0422345767198	0.00987308646759	0.0201518192822	-0.0655963662422	-0.00273698500524	-0.0129264510542	0.0454144636671	-0.0153883149049
k__Bacteria;p__Bacteroidetes;c__Bacteroidia;o__Bacteroidales;f__Odoribacteraceae;g__Odoribacter;s__Odoribacter_splanchnicus	0.0591365762229	0.0582648383973	-0.0284875298344	-0.0208563283046	-0.0673635708633	-0.0146022072854	0.0359426676457	-0.0364481180797	0.0136212757179	-0.0125448621194	0.0152506433802	-0.0459378948004	-0.0286243352784	-0.0011045930845	0.0103813858771	0.0303598811059	-0.0243270952881	0.000851923365397	-0.0163884469845	1.0	-0.0257773110207	0.0134124779096	0.0357749673108	-0.0171292037817	0.0293922673724	-0.00427907549888	-0.0546955952855	0.013723599102	-0.00407019437486	-0.0129885903662	-0.0262301981277	-0.0294303486745	-0.00055955059981	-0.0505452905198	0.0434537433912	-0.00156524267083	0.031861614097	0.0108313218599	-0.0122830878069	0.0465926178652	-0.045031841327	0.0028053062146	0.03167953615	-0.00883146127524	0.0119430553795	0.0279308326654	0.00577200428626	-0.0266083966187	-0.0535977506078	-0.00156162640319	-0.0189754884973	-0.025766156457	0.0175657273399	-0.0188637819681	0.0465935423076	0.00477537820172	-0.0200460303601	0.0108970354141	-0.0168487788501
k__Bacteria;p__Bacteroidetes;c__Bacteroidia;o__Bacteroidales;f__Bacteroidaceae;g__Bacteroides;s__Bacteroides_salyersiae	0.0335554440947	-0.0187941469456	0.000921891651915	-0.00917769020624	-0.00647870124838	0.00816466451206	-0.0354672453833	0.0711538631305	0.0088066565953	0.0147222798971	-0.0261368481812	0.0119548777054	-0.0184888643666	-0.0338406823311	-0.0101663799327	-0.0122896578689	0.0417701206776	0.00315904233373	0.00570182879269	-0.0257773110207	1.0	-0.0178392240264	-0.00525258511572	0.0320534824652	-0.033348778251	-0.024149735209	-0.00524225571184	0.00311095139795	-0.0044532386864	0.0452743657482	0.0184618636504	-0.0117620765114	-0.00271506283913	0.0514516812806	0.0184419658841	-0.0376549023963	-0.0212433926452	-0.0457833968117	0.0195693835194	-0.00300206569424	-0.0214663660367	-0.127803339316	0.0526787017175	0.00979291473485	-0.0124880192615	0.0270666412104	0.0338290594986	-0.0196607702759	0.0292657479132	0.00633439721426	-0.0169464018275	0.0227044580676	0.0144012634135	-0.0632033892915	0.0261462145681	0.0309307190008	-0.0461850863153	0.0259938544298	0.0079023182212
k__Bacteria;p__Firmicutes;c__Clostridia;o__Clostridiales;f__Ruminococcaceae;g__Ruminiclostridium;s__[Eubacterium]_siraeum	0.0251201184409	-0.0219374974878	0.0520764480818	-0.00660160297311	0.0295523780078	-0.00213213455947	0.0140217150718	-0.00603618840414	0.0544118243179	0.0333482375848	0.039853739303	0.0120268044844	-0.020176862224	-0.0303242421003	-0.0112122297546	0.000844837769022	0.0632760685068	0.0303475834632	0.0214194259849	0.0134124779096	-0.0178392240264	1.0	-0.0112416226197	-0.0444192226291	0.00561914657153	0.0329055552507	-0.0123472110872	0.0362170119911	-0.0392595241046	-0.0228156674291	0.00557539577101	0.0498926130084	0.0101748031326	0.010694535597	0.0723178459257	-0.0219161750881	-0.048103598603	0.0620823115249	0.0263660436825	0.0961176336913	-0.00701310228891	0.00193754906731	-0.0162214952973	-0.0115622063893	0.0589891714225	-0.00185030958574	-0.0799605993669	-0.0279053541931	-0.0357220697211	0.0077312506483	0.0860418503126	-0.0216781125419	-0.0435457807758	-0.0240136304021	-0.0903517175648	-0.041545751855	-0.0389478991181	-0.0378315222336	0.0699803587412
k__Bacteria;p__Proteobacteria;c__Betaproteobacteria;o__Burkholderiales;f__Sutterellaceae;g__Parasutterella;s__Parasutterella_excrementihominis	-0.0254302882214	-0.00680354418467	-0.00636319603287	-0.0904523817544	0.00474093153091	0.0286615766721	0.00395799697128	-0.000819505981504	0.00113650882297	0.0144539867625	-0.00481957319488	-0.00455637111544	0.0449883677866	-0.0723841254665	-0.00842918703464	-0.0705951292172	0.0100042555511	0.0232445223614	-0.0338853258316	0.0357749673108	-0.00525258511572	-0.0112416226197	1.0	-0.0628014412915	0.0216695626147	-0.0458597265872	-0.074861568738	-0.0180691672984	0.0350763330119	0.000609327979688	0.0386112372277	-0.00110108619391	-0.0119231587928	-0.00501368793324	0.0107649421268	0.0540859995834	-0.00713900512474	0.00842405241563	0.0494282928168	-0.053224845206	0.0258583538962	-0.00417609378255	0.0531053033433	-0.0268767144429	0.0467530614613	-0.0127097834144	-0.0395652608417	-0.0666427004685	-0.114076855006	-0.0511585754359	0.0616606909727	0.00177458477389	-0.0266923594637	0.0449847529098	-0.00829737680414	-0.0078678866688	-0.0072561540565	-0.0403981839611	-0.0211657615781
k__Bacteria;p__Actinobacteria;c__Actinobacteria;o__Bifidobacteriales;f__Bifidobacteriaceae;g__Bifidobacterium;s__Bifidobacterium_adolescentis	0.0196758222929	-0.017162662832	-0.0179828104748	-0.0188832164854	-0.00774449159636	-0.0456210040602	-0.0248183779368	-0.0124233933374	-0.00588139454638	-0.0622151530305	-0.0126519778423	-0.0586532433353	0.0334112524681	-0.0207134175897	-0.0521499176119	0.00478469653609	-0.00853085473713	-0.0283648667498	-0.0120106250478	-0.0171292037817	0.0320534824652	-0.0444192226291	-0.0628014412915	1.0	-0.0130362259277	0.0548860380163	-0.0233803308114	-0.0650118594209	-0.0453930395	-0.0288256503249	-0.0299906713846	-0.0267174003902	0.000328851151862	0.00600497933526	-0.0596846560605	0.0242687807999	-0.0744444715986	-0.0060972485558	0.0510224654191	-0.0373468648284	-0.0287334062456	-0.0392367452829	0.00329124161415	0.0383515486656	0.010910167384	-0.00126357408015	-0.00653427364309	0.00937738553747	-0.0643046748298	0.0146696982446	0.00998840872829	-0.00577486436559	0.0265650430901	-0.0423001163301	0.0326130135677	-0.067155514833	-0.0462811719087	-0.0390667650149	-0.00945219117937
k__Bacteria;p__Firmicutes;c__Clostridia;o__Clostridiales;f__Oscillospiraceae;g__Oscillibacter;s__Oscillibacter_sp._KLE_1745	-0.028346841203	0.061691312047	0.0244957772524	-0.00668384755535	-0.0382514316053	0.0208814841689	-0.0179388257021	0.0272022520845	-0.0436630730129	0.0185094515934	0.0438158834017	-0.00714541424454	-0.0547872684644	-0.0342479912157	-0.0388399054729	-0.0202415551149	0.0014342655699	-0.0506560489625	-0.00404215076057	0.0293922673724	-0.033348778251	0.00561914657153	0.0216695626147	-0.0130362259277	1.0	-0.0284150177452	-0.0234784519876	-0.0249027329204	-0.0268251163085	-0.0377955497009	-0.00150619159173	-0.0389004082076	0.0024300808448	0.0479820403018	-0.0267244870377	-0.00316736752844	-0.025363456367	-0.0178503253135	0.0165446612342	-0.0652746751024	-0.0308895926531	0.0318312017287	-0.0272829012744	0.0300155528758	-0.051364066033	-0.0108990554628	0.0184424354083	0.0215252240222	0.0749576617146	0.0319994433693	-0.0381410913946	0.00543993630097	0.0174196457296	-0.0490757411938	-0.0213808943126	-0.0192631103158	-0.0431120001573	0.00134348033501	-0.00314645483143
k__Bacteria;p__Bacteroidetes;c__Bacteroidia;o__Bacteroidales;f__Bacteroidaceae;g__Bacteroides;s__Bacteroides_coprophilus	0.00718295452351	-0.0186360419372	-0.0847722358894	0.0357982871739	-0.0443038853586	-0.04443753941	-0.0669065616558	-0.0225072837269	-0.000172345801414	-0.0276257128942	0.026293330153	-0.0225322391436	0.0293479743815	0.0363752501462	-0.00905089137387	-0.019009323284	-0.0283429129423	0.0260916142482	0.0357638849042	-0.00427907549888	-0.024149735209	0.0329055552507	-0.0458597265872	0.0548860380163	-0.0284150177452	1.0	-0.0014958460087	0.00740343998908	-0.0078970208763	0.0704574060101	0.0145057383066	0.0432484719206	-0.0476723763599	-0.0184389967345	-0.0376545168113	-0.0278261344445	0.0316324069512	0.0345067802257	-0.0497967983913	-0.0559500703592	0.0130390736187	-0.022289894881	-0.0405552882425	0.0311801070283	6.62641147972e-05	-0.0294326484665	-0.0441333657274	-0.0375873773072	0.0101279463662	-0.0350320781664	0.0508137371425	-0.0555003253054	0.0247749871082	0.0152215769867	-0.03403093106	-0.0108478108159	-0.0443399288659	0.0194150174199	0.00917388494996
k__Bacteria;p__Firmicutes;c__Clostridia;o__Clostridiales;f__Lachnospiraceae;g__Roseburia;s__Roseburia_intestinalis	0.0029913298365	0.0137998115732	-0.0160241772833	-0.00438354484025	0.013962878652	-0.0138079971528	-0.00926540592244	-0.0286883039901	0.00763403082033	0.0699004109419	-0.0181873256562	0.0492346590198	0.0164253647619	0.0150341854469	-0.010104058493	-0.0268181663256	0.00927458342135	-0.012169272081	0.00144988282879	-0.0546955952855	-0.00524225571184	-0.0123472110872	-0.074861568738	-0.0233803308114	-0.0234784519876	-0.0014958460087	1.0	0.0343563028688	-0.0137584891986	-0.0526366695743	-0.00584127180811	-0.0459447110208	-0.0705992460756	0.00398992670746	-0.00104336767086	-0.0678612789794	-0.0549563672308	-0.0309787760908	0.0496659923628	-0.0454876046045	0.02080993968	0.0242932889706	-0.0317686011483	-0.0483950436495	0.049843835402	0.00156968030626	0.0120256241878	0.0202966942129	0.0151865749406	-0.0656476409957	0.0165727848267	0.0328817017848	-0.00546590426608	0.0264748035113	0.048423943301	-0.00219771803868	0.034701696892	-0.075094752029	-0.00878500158805
k__Bacteria;p__Firmicutes;c__Clostridia;o__Clostridiales;f__Lachnospiraceae;g__Roseburia;s__Roseburia_hominis	-0.0263824019657	0.00551714231396	0.0179732010969	4.08115214741e-05	0.0375545940374	-0.0127946806571	0.00195706463886	-0.0213851239648	0.0284102103886	-0.0028807145349	-0.0443610318977	0.0473577687568	-0.00564177702375	-0.0464327585334	0.0143388473547	0.0449286326403	-0.0418657772258	-0.0357501830014	0.0227788464073	0.013723599102	0.00311095139795	0.0362170119911	-0.0180691672984	-0.0650118594209	-0.0249027329204	0.00740343998908	0.0343563028688	1.0	-0.0522428244738	-0.0601622364	0.0290917785565	-0.0255097041527	0.00249053838716	0.0530502426136	-0.0106080163461	0.0524665048517	0.00512654507765	-0.0192694289306	-0.0567656446243	0.0908947743329	-0.0574951783084	0.0203862178957	0.0370355483866	-0.0226254665	-0.0180759596302	-0.0233498405357	0.0451496703699	-0.00139933237865	0.0437949904537	-0.00335362657618	0.00553484649786	0.015668758961	-0.0398407457491	-0.015412721725	0.00295077681369	0.00955649464585	-0.0209352204274	-0.0555274371218	-0.0202240978215
k__Bacteria;p__Bacteroidetes;c__Bacteroidia;o__Bacteroidales;f__Porphyromonadaceae;g__Parabacteroides;s__Parabacteroides_johnsonii	0.0158699028606	0.0170599864557	-0.0249252442921	-0.0564724716824	-0.0266301419926	-0.00478564323094	0.00914258831049	-0.00154379121375	-0.0326973721571	-0.0135932983859	-0.0174203967594	-0.0361872422947	0.0099896322121	-0.0357533938255	0.0358904768247	-0.000254817447318	0.0265621801798	0.00471868647878	-0.0227154172105	-0.00407019437486	-0.0044532386864	-0.0392595241046	0.0350763330119	-0.0453930395	-0.0268251163085	-0.0078970208763	-0.0137584891986	-0.0522428244738	1.0	0.0179390991957	0.0257936936062	-0.0313833305802	0.00188142615774	-0.0208313384279	0.00411584736576	-0.00651402105859	-0.0135756244967	0.0383007971282	-0.0212170006759	-0.0172090178362	0.0500398044209	0.0385039707559	-0.0159339577927	0.0469113806776	-0.0312948194076	-0.0373889679402	-0.0264683001532	0.0113020095241	0.0345181710939	0.0110295011592	-0.0730325230727	-0.0339001828542	0.0130382640496	0.0232904118308	-0.0162427031373	-0.000371573266216	-0.0247432350539	0.00646143281002	-0.077525207147
k__Bacteria;p__Actinobacteria;c__Actinobacteria;o__Bifidobacteriales;f__Bifidobacteriaceae;g__Bifidobacterium;s__Bifidobacterium_longum	0.0217253482454	-0.036992188717	-0.0121777385041	-0.0301594810071	0.0267921396221	-0.017724631671	0.00493985686545	0.0191578949644	-0.0245796483116	0.000982037588193	-0.0266474443184	0.0402678177371	-0.0422006705323	-0.0519933105484	-0.00792399989396	-0.0183929719361	0.0194641862255	0.00998457188874	-0.0510455861667	-0.0129885903662	0.0452743657482	-0.0228156674291	0.000609327979688	-0.0288256503249	-0.0377955497009	0.0704574060101	-0.0526366695743	-0.0601622364	0.0179390991957	1.0	-0.0404549706266	0.0123330805457	0.0307795535681	-0.0645616107746	-0.0169324440501	-0.00324250108778	-0.00464610623529	0.00221553802821	0.0108223969952	0.0135532635186	-0.0371808266189	-0.0510816592051	0.0294584455997	-0.0210663232583	0.027981528246	0.0369742453407	0.0345857636542	0.0178077401904	-0.0286329567244	-0.00291057704652	-0.0237823396819	-0.0182485026206	0.0198348677021	-0.0748928833373	0.0135356607907	0.0362340305124	0.0258254575877	-0.039920924104	-0.0402790492914
