#taxonomy	k__Bacteria;p__Bacteroidetes;c__Bacteroidia;o__Bacteroidales;f__Bacteroidaceae;g__Bacteroides;s__Bacteroides_vulgatus	k__Bacteria;p__Bacteroidetes;c__Bacteroidia;o__Bacteroidales;f__Bacteroidaceae;g__Bacteroides;s__Bacteroides_uniformis	k__Bacteria;p__Bacteroidetes;c__Bacteroidia;o__Bacteroidales;f__Rikenellaceae;g__Alistipes;s__Alistipes_putredinis	k__Bacteria;p__Bacteroidetes;c__Bacteroidia;o__Bacteroidales;f__Prevotellaceae;g__Prevotella;s__Prevotella_copri	k__Bacteria;p__Bacteroidetes;c__Bacteroidia;o__Bacteroidales;f__Bacteroidaceae;g__Bacteroides;s__Bacteroides_stercoris	k__Bacteria;p__Bacteroidetes;c__Bacteroidia;o__Bacteroidales;f__Bacteroidaceae;g__Bacteroides;s__Bacteroides_ovatus	k__Bacteria;p__Bacteroidetes;c__Bacteroidia;o__Bacteroidales;f__Rikenellaceae;g__Alistipes;s__Alistipes_shahii	k__Bacteria;p__Firmicutes;c__Clostridia;o__Clostridiales;f__Ruminococcaceae;g__Faecalibacterium;s__Faecalibacterium_prausnitzii	k__Bacteria;p__Bacteroidetes;c__Bacteroidia;o__Bacteroidales;f__Rikenellaceae;g__Alistipes;s__Alistipes_finegoldii	k__Bacteria;p__Bacteroidetes;c__Bacteroidia;o__Bacteroidales;f__Porphyromonadaceae;g__Parabacteroides;s__Parabacteroides_distasonis	k__Bacteria;p__Bacteroidetes;c__Bacteroidia;o__Bacteroidales;f__Bacteroidaceae;g__Bacteroides;s__Bacteroides_thetaiotaomicron	k__Bacteria;p__Bacteroidetes;c__Bacteroidia;o__Bacteroidales;f__Bacteroidaceae;g__Bacteroides;s__Bacteroides_coprocola	k__Bacteria;p__Bacteroidetes;c__Bacteroidia;o__Bacteroidales;f__Bacteroidaceae;g__Bacteroides;s__Bacteroides_cellulosilyticus	k__Bacteria;p__Bacteroidetes;c__Bacteroidia;o__Bacteroidales;f__Rikenellaceae;g__Alistipes;s__Alistipes_obesi	k__Bacteria;p__Firmicutes;c__Clostridia;o__Clostridiales;f__Lachnospiraceae;g__;s__[Eubacterium]_rectale	k__Bacteria;p__Bacteroidetes;c__Bacteroidia;o__Bacteroidales;f__Bacteroidaceae;g__Bacteroides;s__Bacteroides_plebeius	k__Bacteria;p__Bacteroidetes;c__Bacteroidia;o__Bacteroidales;f__Bacteroidaceae;g__Bacteroides;s__Bacteroides_fragilis	k__Bacteria;p__Proteobacteria;c__Betaproteobacteria;o__Burkholderiales;f__Sutterellaceae;g__Sutterella;s__Sutterella_wadsworthensis	k__Bacteria;p__Bacteroidetes;c__Bacteroidia;o__Bacteroidales;f__Porphyromonadaceae;g__Barnesiella;s__Barnesiella_intestinihominis	k__Bacteria;p__Bacteroidetes;c__Bacteroidia;o__Bacteroidales;f__Odoribacteraceae;g__Odoribacter;s__Odoribacter_splanchnicus	k__Bacteria;p__Bacteroidetes;c__Bacteroidia;o__Bacteroidales;f__Bacteroidaceae;g__Bacteroides;s__Bacteroides_salyersiae	k__Bacteria;p__Firmicutes;c__Clostridia;o__Clostridiales;f__Ruminococcaceae;g__Ruminiclostridium;s__[Eubacterium]_siraeum	k__Bacteria;p__Proteobacteria;c__Betaproteobacteria;o__Burkholderiales;f__Sutterellaceae;g__Parasutterella;s__Parasutterella_excrementihominis	k__Bacteria;p__Actinobacteria;c__Actinobacteria;o__Bifidobacteriales;f__Bifidobacteriaceae;g__Bifidobacterium;s__Bifidobacterium_adolescentis	k__Bacteria;p__Firmicutes;c__Clostridia;o__Clostridiales;f__Oscillospiraceae;g__Oscillibacter;s__Oscillibacter_sp._KLE_1745	k__Bacteria;p__Bacteroidetes;c__Bacteroidia;o__Bacteroidales;f__Bacteroidaceae;g__Bacteroides;s__Bacteroides_coprophilus	k__Bacteria;p__Firmicutes;c__Clostridia;o__Clostridiales;f__Lachnospiraceae;g__Roseburia;s__Roseburia_intestinalis	k__Bacteria;p__Firmicutes;c__Clostridia;o__Clostridiales;f__Lachnospiraceae;g__Roseburia;s__Roseburia_hominis	k__Bacteria;p__Bacteroidetes;c__Bacteroidia;o__Bacteroidales;f__Porphyromonadaceae;g__Parabacteroides;s__Parabacteroides_johnsonii	k__Bacteria;p__Actinobacteria;c__Actinobacteria;o__Bifidobacteriales;f__Bifidobacteriaceae;g__Bifidobacterium;s__Bifidobacterium_longum	k__Bacteria;p__Firmicutes;c__Clostridia;o__Clostridiales;f__;g__Flavonifractor;s__Flavonifractor_plautii	k__Bacteria;p__Firmicutes;c__Clostridia;o__Clostridiales;f__Clostridiaceae;g__Clostridium;s__Clostridium_phoceensis	k__Bacteria;p__Verrucomicrobia;c__Verrucomicrobiae;o__Verrucomicrobiales;f__Akkermansiaceae;g__Akkermansia;s__Akkermansia_muciniphila	k__Bacteria;p__Bacteroidetes;c__Bacteroidia;o__Bacteroidales;f__Prevotellaceae;g__Paraprevotella;s__Paraprevotella_xylaniphila	k__Bacteria;p__Firmicutes;c__Clostridia;o__Clostridiales;f__Ruminococcaceae;g__Ruminococcus;s__Ruminococcus_callidus	k__Bacteria;p__Bacteroidetes;c__Bacteroidia;o__Bacteroidales;f__Rikenellaceae;g__Alistipes;s__Alistipes_senegalensis	k__Bacteria;p__Firmicutes;c__Clostridia;o__Clostridiales;f__Lachnospiraceae;g__Blautia;s__Blautia_sp._KLE_1732	k__Bacteria;p__Bacteroidetes;c__Bacteroidia;o__Bacteroidales;f__Bacteroidaceae;g__Bacteroides;s__Bacteroides_oleiciplenus	k__Bacteria;p__Firmicutes;c__Clostridia;o__Clostridiales;f__Ruminococcaceae;g__Ruminococcus;s__Ruminococcus_bicirculans	k__Bacteria;p__Bacteroidetes;c__Bacteroidia;o__Bacteroidales;f__Bacteroidaceae;g__Bacteroides;s__Bacteroides_fluxus	k__Bacteria;p__Bacteroidetes;c__Bacteroidia;o__Bacteroidales;f__Prevotellaceae;g__Prevotella;s__Prevotella_stercorea	k__Bacteria;p__Firmicutes;c__Clostridia;o__Clostridiales;f__Lachnospiraceae;g__Dorea;s__Dorea_longicatena	k__Bacteria;p__Firmicutes;c__Clostridia;o__Clostridiales;f__Eubacteriaceae;g__Eubacterium;s__[Eubacterium]_eligens	k__Bacteria;p__Firmicutes;c__Clostridia;o__Clostridiales;f__Ruminococcaceae;g__;s__Ruminococcaceae_bacterium_D16	k__Bacteria;p__Firmicutes;c__Clostridia;o__Clostridiales;f__Lachnospiraceae;g__Coprococcus;s__Coprococcus_comes	k__Bacteria;p__Proteobacteria;c__Gammaproteobacteria;o__Enterobacterales;f__Enterobacteriaceae;g__Escherichia;s__Escherichia_coli	k__Bacteria;p__Firmicutes;c__Clostridia;o__Clostridiales;f__Ruminococcaceae;g__Anaerotruncus;s__Anaerotruncus_colihominis	k__Bacteria;p__Firmicutes;c__Clostridia;o__Clostridiales;f__Lachnospiraceae;g__Blautia;s__Blautia_obeum	k__Bacteria;p__Bacteroidetes;c__Bacteroidia;o__Bacteroidales;f__Odoribacteraceae;g__Odoribacter;s__Odoribacter_laneus	k__Bacteria;p__Firmicutes;c__Clostridia;o__Clostridiales;f__Ruminococcaceae;g__Ruminiclostridium;s__[Clostridium]_leptum	k__Bacteria;p__Bacteroidetes;c__Bacteroidia;o__Bacteroidales;f__Porphyromonadaceae;g__Parabacteroides;s__Parabacteroides_goldsteinii	k__Bacteria;p__Firmicutes;c__Clostridia;o__Clostridiales;f__Lachnospiraceae;g__Anaerostipes;s__Anaerostipes_hadrus	k__Bacteria;p__Firmicutes;c__Clostridia;o__Clostridiales;f__Ruminococcaceae;g__Ruminococcus;s__Ruminococcus_lactaris	k__Bacteria;p__Firmicutes;c__Clostridia;o__Clostridiales;f__Clostridiaceae;g__Clostridium;s__Clostridium_sp._L2-50	k__Bacteria;p__Firmicutes;c__Clostridia;o__Clostridiales;f__Clostridiaceae;g__Clostridium;s__Clostridium_sp._M62/1	k__Bacteria;p__Firmicutes;c__Clostridia;o__Clostridiales;f__;g__Intestinimonas;s__Intestinimonas_butyriciproducens	k__Bacteria;p__Actinobacteria;c__Actinobacteria;o__Bifidobacteriales;f__Bifidobacteriaceae;g__Bifidobacterium;s__Bifidobacterium_bifidum	k__Bacteria;p__Firmicutes;c__Negativicutes;o__Veillonellales;f__Veillonellaceae;g__Dialister;s__Dialister_invisus	k__Bacteria;p__Bacteroidetes;c__Bacteroidia;o__Bacteroidales;f__Bacteroidaceae;g__Bacteroides;s__Bacteroides_salanitronis
k__Bacteria;p__Bacteroidetes;c__Bacteroidia;o__Bacteroidales;f__Bacteroidaceae;g__Bacteroides;s__Bacteroides_vulgatus	1.0	-0.0845185542573	-0.023379845761	0.00944575252554	0.0350943362986	0.013352075189	-0.0335736322956	-0.00807003651316	-0.0367405191992	0.0246156710362	0.015919735732	-0.0744665941712	-0.00565651120496	0.0344269771611	0.00100955122068	0.0125894476519	0.0155575789	0.00194454314214	0.00830091043325	-0.00643791660548	0.00417388830284	-0.0162330636529	0.0421823509504	0.0577505985374	-0.0115709968163	0.0118408743035	0.0160788116085	0.000542229889867	-0.0172034368553	-0.037294299342	-0.0339091988556	0.00602119618667	0.0282194713179	0.0500269838981	-0.0288368750724	-0.0446766610592	-0.0437007375165	-0.0244066665916	0.0211657750179	-0.0374866743166	-0.0549380531267	0.0196164944454	-0.0338154194737	-0.00956534557998	-0.0203869851795	0.00730946661925	0.0068547122791	-0.00745309682229	-0.0798830496858	-0.0218751764725	-0.0474819261132	-0.0377102699045	-0.0269068237062	-0.0143240454603	0.018723164843	0.0178282058249	0.00397703473847	-0.037502970885	-0.0199035939517
k__Bacteria;p__Bacteroidetes;c__Bacteroidia;o__Bacteroidales;f__Bacteroidaceae;g__Bacteroides;s__Bacteroides_uniformis	-0.0845185542573	1.0	-0.0489226443578	-0.0481716983438	-0.00129675799054	0.0194008653134	-0.044256118026	-0.00394933805937	-0.0311181473953	0.0872302497602	0.0115907507952	0.0604348942793	0.0119868954514	-0.00325998042881	0.0207839849187	-0.0265127325951	-0.00934339903358	0.00308250721898	0.0398537017123	0.0494376394255	-0.00805602408595	-0.0333548666903	-0.0233930082902	-0.0166423627472	-0.00663170771358	0.0027901743201	-0.0600923637023	-0.0469486879231	0.00153532062984	0.0281562780789	-0.0355286976587	-0.0526939441049	-0.0135703490581	0.0279350942549	0.0780530463702	-0.0163707912607	-0.016488071954	0.00642151866141	-0.0183845962431	-0.00613469476623	0.0353225514479	-0.036097266869	-0.0156700650051	-0.0627357764873	-0.0320988721825	0.0113152374043	-0.00956799354552	0.00994382855793	0.00856559262007	-0.01047356273	-0.0252176413239	0.0388933058826	-0.0227584702259	0.0470189933357	0.0153628949183	-0.0169968339475	0.00511985495589	0.0235541511404	0.00421360613062
k__Bacteria;p__Bacteroidetes;c__Bacteroidia;o__Bacteroidales;f__Rikenellaceae;g__Alistipes;s__Alistipes_putredinis	-0.023379845761	-0.0489226443578	1.0	-0.0308910321636	-0.0114218122802	-0.00845286898025	0.000411632470392	-0.00199346524225	-0.0451136432097	-0.0141925694703	-0.0239145981708	-0.0162123566393	0.0149962987121	-0.0362526901647	0.0154839342993	-0.0471019521507	-0.0479896415846	-0.0168193764008	0.0174418823783	0.0632867311775	0.0445723714241	0.0163721020733	0.0427817880113	-0.041135177086	-0.0340766028218	-0.0139231417749	-0.00990633218383	0.0274089255186	-0.0173478859767	0.0398355134103	-0.00940994980852	0.084527264129	-0.0553163726421	0.0825360263288	0.0047258066122	-0.0126744666666	-0.0187872121744	-0.00362080219385	-0.0295306618451	-0.020133878592	-0.0853579560143	-0.0717346053562	0.0312819005606	0.0353869447027	-0.00719785287099	-0.0678204688167	0.0151880097321	-0.0272060353414	-0.00974682938437	0.0352730130769	-0.0413191311359	0.0113359591295	-0.0529851239058	-0.019306471193	0.02586376792	-0.0367737044581	-0.058515325853	-0.0429065137656	0.0202123171258
k__Bacteria;p__Bacteroidetes;c__Bacteroidia;o__Bacteroidales;f__Prevotellaceae;g__Prevotella;s__Prevotella_copri	0.00944575252554	-0.0481716983438	-0.0308910321636	1.0	-0.0116490956229	0.0159348551336	-0.0343244683947	-0.0122521861849	0.0116849046867	-0.00112579089347	-0.00072065099948	-0.0144637777093	-0.0201436672119	-0.0756766180809	0.0386666226525	0.0016045990278	0.00587282473128	0.0310405227948	-0.0233541714714	0.0207176402545	0.00402056010263	-0.00365453160101	0.0215162758344	-0.0354658391719	-0.000670611994213	-0.0381477278017	-0.0067485302761	-0.068181897123	-0.0276949162934	-0.0285910485859	0.0241168224725	0.00902559699081	0.0317457938002	0.00497073391517	-0.0502232075578	-0.0146289783066	0.0294069544821	0.0100373867188	-0.0303666892594	0.0112036345174	-0.0178367641919	-0.0151722198282	0.0187058435335	-0.0115571844896	-0.0443900324622	-0.0252699842227	-0.0701333866193	-0.0120016729381	-0.0365384906335	-0.0114002074145	0.0175089124396	0.050924378661	0.00385380189966	-0.0333445517202	0.0101575430525	0.0359950696848	0.0052371466609	-0.0117228656732	-0.0637303095017
k__Bacteria;p__Bacteroidetes;c__Bacteroidia;o__Bacteroidales;f__Bacteroidaceae;g__Bacteroides;s__Bacteroides_stercoris	0.0350943362986	-0.00129675799054	-0.0114218122802	-0.0116490956229	1.0	-0.0222813536905	0.0138019300959	0.0261338282069	0.0191463097336	-0.0511029441352	0.0452460635637	-0.00827829610221	-0.0192299258765	-0.0421781725365	-0.038938580233	-0.0364818706416	-0.0314178508267	-0.0318278219333	0.0106203665623	0.0525543160894	0.0434669422573	0.0120281891394	0.0406177153	-0.0102131666496	-0.00842680584813	0.026192226199	-0.00164750538772	-0.049519762234	0.0104272175538	0.043196132027	-0.0449387702491	-0.0181273718465	-0.0377728917851	-0.0202796579242	-0.0183955167778	0.0199890795342	-0.0633603050728	-0.0525480934272	-0.0190175052203	-0.0545039244801	-0.013263334918	0.0346014951093	-0.0148993434611	-0.0768247571966	0.0698741050918	-0.00574805062211	0.0792516554804	-0.0104171962161	-0.049600539439	0.0106218725469	0.0113752321283	-0.0490036642268	-0.0748021428173	-0.00494378485556	0.0243246175572	0.0481928757391	0.0162525749591	-0.0573215914052	-0.00237700939237
k__Bacteria;p__Bacteroidetes;c__Bacteroidia;o__Bacteroidales;f__Bacteroidaceae;g__Bacteroides;s__Bacteroides_ovatus	0.013352075189	0.0194008653134	-0.00845286898025	0.0159348551336	-0.0222813536905	1.0	-0.0281093377501	0.0355521248063	-0.0101746391562	0.0212395876294	-0.0230452754998	0.00377224604217	0.0335702357219	-0.0376951433564	0.0852356340903	-0.04159853794	-0.0171144102909	-0.0402222358403	-0.00289620333642	-0.00777765328115	-0.00697229495504	-0.102987342073	0.0129657619881	-0.00467737023628	-0.0437322563519	0.0113760934721	-0.0445690994573	-0.0343183498077	-0.0401100682873	1.48500036425e-05	0.000818554011812	-0.027750561867	-0.00351228243445	0.0337692471975	-0.0578642470809	0.000448625399268	-0.0395294958388	0.0110314288319	-0.0256931214547	-0.0376361570652	-0.0534772268514	-0.0211822394959	0.0189561990718	0.000576024326268	0.0466087740702	-0.0335903843438	0.00623110651163	0.010390444069	0.0187655100875	0.0450869227823	-0.0381132021114	-0.0106005239784	0.0279059070174	0.0206805007025	-0.00499988836208	0.0176273163111	-0.0877913485573	-0.0165537621543	0.00475632660979
k__Bacteria;p__Bacteroidetes;c__Bacteroidia;o__Bacteroidales;f__Rikenellaceae;g__Alistipes;s__Alistipes_shahii	-0.0335736322956	-0.044256118026	0.000411632470392	-0.0343244683947	0.0138019300959	-0.0281093377501	1.0	-0.0724622403006	0.0215298319047	0.0235361018394	-0.0207941592494	-0.0271991667029	-0.000627416999097	-0.0278707232004	-0.0497572049073	0.012038025592	-0.0158326683476	-8.88084566562e-05	-0.000797926783942	-0.0291095286169	-0.00213311643461	-0.00961003002379	-0.0522021726543	-0.0166069134243	0.0259901805743	0.0535156279402	-0.00598090935996	-0.0205488051643	0.0113850655533	-0.0290629534628	-0.0198608270979	-0.0171595931581	-0.0112771438226	0.000940412154571	0.0371187597079	0.0240280181975	-0.0136598412158	0.0733509852971	-0.0158382081962	-0.00063388478406	-0.0496128384577	0.00602685236122	-0.00724364986719	-0.0025767707993	-0.0262943484173	0.019608762515	0.0402575094066	-0.000765231209658	0.0221829508506	0.0112447235516	0.0308872289521	-0.0945050455217	0.0104971005424	-0.0160004567675	0.0635629520821	0.0367105727532	0.0806581517564	-0.00137409778213	-0.071872243201
k__Bacteria;p__Firmicutes;c__Clostridia;o__Clostridiales;f__Ruminococcaceae;g__Faecalibacterium;s__Faecalibacterium_prausnitzii	-0.00807003651316	-0.00394933805937	-0.00199346524225	-0.0122521861849	0.0261338282069	0.0355521248063	-0.0724622403006	1.0	-0.0244807104485	0.0637448302796	-0.0403699865054	-0.0129042801875	-0.0142495688192	-0.0194020215532	0.0527512402455	-0.0189214173581	0.0361881897183	-0.0501042210995	-0.0477295013576	-0.0335630736001	0.00741941047477	0.0251648443699	-0.0320875153645	0.0235554655234	-0.0170255598941	-0.018586731641	-0.0303189916982	-0.00149635456535	-0.0616666799009	0.00830157674077	-0.0798549467848	0.0657629147304	0.0315789940685	-0.0143190269669	-0.00470157842492	-0.00690950689568	-0.0233892152779	0.0228499896664	0.000879190959178	0.0587436320299	-0.0130977884386	-0.0225443708673	0.00211739141362	-0.00785873558773	0.0503933488059	-0.025310205388	0.055987272658	-0.0450497849622	0.00733518718595	-0.00619191629937	-0.0197429607968	0.0512792779838	-0.0407998050983	-0.0165773414087	0.00658014464431	-0.0182624601174	0.0299834328242	0.00449965865731	0.0156990639665
k__Bacteria;p__Bacteroidetes;c__Bacteroidia;o__Bacteroidales;f__Rikenellaceae;g__Alistipes;s__Alistipes_finegoldii	-0.0367405191992	-0.0311181473953	-0.0451136432097	0.0116849046867	0.0191463097336	-0.0101746391562	0.0215298319047	-0.0244807104485	1.0	-0.0548133833051	0.0266623277402	-0.0506530451682	-0.055667343779	0.0213686500058	-0.00875684111361	0.00441888377743	-0.0784461036702	-0.0408339151563	-0.0314253525549	-0.0504622002971	-0.0455451793114	0.0163951470885	-0.0668761238147	0.00859044389803	0.017819776388	0.0223377168313	0.0377802086572	-0.0104237818873	-0.0159670727354	0.0148300016536	-0.0205563215737	-0.0180447713435	0.0125007026778	-0.0540583084537	0.0098087716989	-0.0423233647984	-0.0115846796764	0.00465345083902	-0.000316601572522	0.00923490035904	0.0469323557276	0.0177175926449	0.00708013485638	0.0662009330949	-0.00345810451488	0.0103423046673	-0.0442425723908	0.037610325493	-0.0478562026618	0.00407728844227	-0.0376335436533	0.0156214888861	-0.0171447442388	-0.0614063368276	-0.00524412532462	0.00441991566826	-0.0118708957414	-0.0327887636503	0.00193593355521
k__Bacteria;p__Bacteroidetes;c__Bacteroidia;o__Bacteroidales;f__Porphyromonadaceae;g__Parabacteroides;s__Parabacteroides_distasonis	0.0246156710362	0.0872302497602	-0.0141925694703	-0.00112579089347	-0.0511029441352	0.0212395876294	0.0235361018394	0.0637448302796	-0.0548133833051	1.0	0.0308042516343	-0.023717915845	0.0394711329979	-0.0289642411346	-0.0222819323787	-0.0214364132162	0.00252500933103	0.0240016388978	-0.0724646231952	-0.018905902467	-0.0820462523314	-0.0538649576519	-0.03933252328	-0.0337831364995	-0.0336167523209	-0.0551685733197	-0.0309754915071	-0.0246023599114	0.0271515420473	-0.0349719428328	-0.0375278921885	-0.0137255762822	0.0433726287925	0.00809357590781	0.0165840630552	0.000952180176602	-0.0212027778534	0.00456614074526	0.0283680086597	0.0314768859112	0.0532456483143	-0.0607170597956	0.0455733822096	0.0564300030948	-0.0315013987669	-0.0217116681462	-0.0540516644451	-0.0261746320343	0.0156770575133	-0.0383933061944	0.0349662191321	-0.00143055511177	-0.00921463064471	0.0197334364179	-0.0149851691832	0.0608689993327	0.0164534344261	-0.0255877417018	-0.0119162849406
k__Bacteria;p__Bacteroidetes;c__Bacteroidia;o__Bacteroidales;f__Bacteroidaceae;g__Bacteroides;s__Bacteroides_thetaiotaomicron	0.015919735732	0.0115907507952	-0.0239145981708	-0.00072065099948	0.0452460635637	-0.0230452754998	-0.0207941592494	-0.0403699865054	0.0266623277402	0.0308042516343	1.0	0.020262524899	0.00562499586586	-0.0157797586686	-0.0345280932513	0.00368928707411	0.0174874380062	0.0493014641689	-0.101643075859	0.0333602903158	-0.00777514021652	-0.00284401505109	-0.0740199942629	0.0369812188228	0.0218704366379	0.000824992952026	-0.0462812135091	0.0347834782244	-0.0383294515503	-0.00719398648479	-0.0252873575271	-0.0206146323487	-0.0108564023805	-0.0989353932097	-0.0460206104663	-0.0318557050786	0.0392028911649	0.0556359694887	0.0561766254987	-0.0184890437501	-0.0163657011508	-0.0154259840781	-0.0207591437804	0.0310380425773	-0.00195519391002	-0.0318932995275	-0.0316117466239	-0.00323693717536	-0.0152683052501	0.0101264353995	-0.0189071114206	0.0239007263115	-0.0371045434058	0.00397274219808	-0.0404801167571	0.00947318844146	0.066364742888	-0.103161316785	0.0252133319679
k__Bacteria;p__Bacteroidetes;c__Bacteroidia;o__Bacteroidales;f__Bacteroidaceae;g__Bacteroides;s__Bacteroides_coprocola	-0.0744665941712	0.0604348942793	-0.0162123566393	-0.0144637777093	-0.00827829610221	0.00377224604217	-0.0271991667029	-0.0129042801875	-0.0506530451682	-0.023717915845	0.020262524899	1.0	0.0360986306857	-0.0997032639451	0.0342201332662	-0.0058723632214	-0.0826524240525	-0.052686399255	-0.013256090658	0.0227300611132	-0.0342886680311	-0.05549564878	-0.0205140197969	0.00445540443382	-0.0652693702812	0.000936544508742	-0.0235541343027	0.0624828128347	0.028909177345	0.0077706729594	-0.0243352756495	-0.0489888213447	-0.0707565882821	-0.00856368798173	-0.0312023175645	0.029696268282	0.00557187575341	0.0311799865366	-0.0374495689691	0.0551431077371	-0.0365230671324	0.023055310759	-0.0292366055813	-0.000467895088863	-0.0107275630526	0.0210157442595	0.0496599625495	-0.0424345416195	0.0221001692672	0.022228704564	-0.0210912716972	-0.0647658181642	-0.0111491257506	0.0413221504569	-0.0441665777499	-0.0403487019207	0.0494103495184	0.0356623010134	-0.0282706471425
k__Bacteria;p__Bacteroidetes;c__Bacteroidia;o__Bacteroidales;f__Bacteroidaceae;g__Bacteroides;s__Bacteroides_cellulosilyticus	-0.00565651120496	0.0119868954514	0.0149962987121	-0.0201436672119	-0.0192299258765	0.0335702357219	-0.000627416999097	-0.0142495688192	-0.055667343779	0.0394711329979	0.00562499586586	0.0360986306857	1.0	-0.0421814667611	0.0546982870616	-0.0162271978844	-0.043028168955	-0.0287445440968	-0.000851989864132	0.0151390175241	-0.0463070741765	0.0324759832379	0.00299805340927	0.0131213214562	-0.0195694437287	-0.0867074282653	0.0115500165227	-0.0439570960867	0.0228635961069	-0.00985869230155	0.0207090473246	-0.000373546468135	-0.0532057797236	-0.0395604733011	-0.0583209541271	0.00523975603671	0.0306031088064	0.0523719996324	0.0050890379396	-0.0093521226543	-0.0416285544784	0.0142134008812	0.0254278719228	0.00452921817247	-0.0229523114245	-0.0274078399953	0.0220833205669	-0.010382121729	0.0137323789895	0.000522982843781	-0.0539542784067	-0.0218977686436	0.0332705383245	0.00321034903262	-0.00207591101617	0.0407105206233	-0.0827411367829	0.0206640003256	-0.0435894650486
k__Bacteria;p__Bacteroidetes;c__Bacteroidia;o__Bacteroidales;f__Rikenellaceae;g__Alistipes;s__Alistipes_obesi	0.0344269771611	-0.00325998042881	-0.0362526901647	-0.0756766180809	-0.0421781725365	-0.0376951433564	-0.0278707232004	-0.0194020215532	0.0213686500058	-0.0289642411346	-0.0157797586686	-0.0997032639451	-0.0421814667611	1.0	-4.66504769132e-05	0.0797297709818	-0.013055429021	0.00461291203647	-0.0535254886241	-0.0372246632085	-0.02634582474	0.0162864322484	-0.0067554120501	-0.0153604576344	0.0155814382193	0.0325305088449	-0.0186706873564	-0.0085916855085	0.0233658367609	-0.0139889093931	0.0156134169488	-0.0207015527078	0.0170567951674	0.00427959342455	0.00828918900183	-0.00864414607077	0.0291021001026	-0.00832677345883	0.0351831032838	-0.0108266900824	0.0628871474341	-0.0196866605557	-0.00965771769595	-0.0357379198652	-0.0417243517865	0.0118631719907	0.0149992875187	0.0611668396867	-0.0108807848137	-0.0252223038539	0.0149992664568	-0.0392603995456	0.0151296058468	0.0186073237497	0.0320856970819	-0.04786316627	0.0456859555154	0.0220436963757	0.00755678828095
k__Bacteria;p__Firmicutes;c__Clostridia;o__Clostridiales;f__Lachnospiraceae;g__;s__[Eubacterium]_rectale	0.00100955122068	0.0207839849187	0.0154839342993	0.0386666226525	-0.038938580233	0.0852356340903	-0.0497572049073	0.0527512402455	-0.00875684111361	-0.0222819323787	-0.0345280932513	0.0342201332662	0.0546982870616	-4.66504769132e-05	1.0	-0.00913051732511	0.00121267430421	-0.0272206373864	-0.000173594156096	-0.000299631853239	-0.012843124568	0.0174966731331	-0.0102397077908	-0.0614907908489	0.00694592899222	0.0148633147144	0.013172281559	-0.0025121436888	-0.0255597555314	-0.0185000293493	-0.0246896493194	-0.0441127197278	0.0234140127104	0.00532903428082	0.0169584798718	-0.0540257252551	-0.0491061275745	-0.00961575276398	-0.0446853141358	-0.00975021139062	0.00935253964065	-0.0184085967011	-0.0496364901781	0.0515280592668	-0.011340337936	-0.0161724593265	-0.0500417463217	0.054105318122	0.0466239515156	-0.0292318602122	-0.0700650356526	0.0181372979895	0.0247959528135	0.00360898784618	-0.0493613252433	0.0172243229729	-0.043645340366	-0.0838176424955	0.00477448986961
k__Bacteria;p__Bacteroidetes;c__Bacteroidia;o__Bacteroidales;f__Bacteroidaceae;g__Bacteroides;s__Bacteroides_plebeius	0.0125894476519	-0.0265127325951	-0.0471019521507	0.0016045990278	-0.0364818706416	-0.04159853794	0.012038025592	-0.0189214173581	0.00441888377743	-0.0214364132162	0.00368928707411	-0.0058723632214	-0.0162271978844	0.0797297709818	-0.00913051732511	1.0	0.0419774410399	-0.0148536679752	-0.00713280506705	-0.0410186637035	-0.0203748359061	0.0235853581819	0.0109329656914	-0.0754097607925	0.0341964854292	-0.061147869727	0.00103280252049	-0.0720037845613	0.0218174962351	-0.00139940859924	0.0128647775803	-0.0669968614759	0.0105434123456	-0.0290578331701	0.0137664583547	-0.0978422726419	-0.0184089868545	0.0109365449053	0.0405946491102	-0.0018375218	-0.0114632436984	-0.0309077639069	-0.00233584594464	-0.0239000605897	0.0553850291085	-0.0100857229401	0.0223280021572	-0.00553921878469	0.0118325194001	0.00424793738736	-0.0251122553187	0.0285817607397	-0.0269787789172	0.0240869614014	0.0166075145147	-0.00963157236072	0.00337831863094	-0.0676580623715	-0.036289140939
k__Bacteria;p__Bacteroidetes;c__Bacteroidia;o__Bacteroidales;f__Bacteroidaceae;g__Bacteroides;s__Bacteroides_fragilis	0.0155575789	-0.00934339903358	-0.0479896415846	0.00587282473128	-0.0314178508267	-0.0171144102909	-0.0158326683476	0.0361881897183	-0.0784461036702	0.00252500933103	0.0174874380062	-0.0826524240525	-0.043028168955	-0.013055429021	0.00121267430421	0.0419774410399	1.0	0.0181381436689	0.0109458569927	0.0259891873653	-0.014328922253	-0.0681831202458	-0.0151725793588	-0.00774299588234	-0.00922889952368	0.0285081959796	-0.0367639900053	-0.026979154621	-0.0158770906715	0.0138899745942	-0.0395343129049	0.0133918485237	0.0203756371197	0.0356693047686	0.0600786060916	0.0152506003384	-0.0331415377535	-0.0147955057636	-0.123873322072	-0.0318952369516	0.0101690940181	-0.0382282272939	-0.0528902010514	0.065922982578	-0.0349118316917	0.0142160113201	0.00540757619009	-0.0336846915936	0.025492114052	-0.063808510236	-0.0324689839492	-0.0365624810606	-0.0235714303912	-0.0587607780227	-0.00564955970616	-0.0184874116474	-0.00781792469824	-0.0314215388582	-0.000120614928874
k__Bacteria;p__Proteobacteria;c__Betaproteobacteria;o__Burkholderiales;f__Sutterellaceae;g__Sutterella;s__Sutterella_wadsworthensis	0.00194454314214	0.00308250721898	-0.0168193764008	0.0310405227948	-0.0318278219333	-0.0402222358403	-8.88084566561e-05	-0.0501042210995	-0.0408339151563	0.0240016388978	0.0493014641689	-0.052686399255	-0.0287445440968	0.00461291203647	-0.0272206373864	-0.0148536679752	0.0181381436689	1.0	-0.0063563542288	0.00108318263931	0.0394611376546	-0.00154571492219	0.0357242243612	0.0316062933689	0.0336519064625	-0.0340188692269	-0.000286588771638	0.0665645414857	-0.0157676469433	-0.0125379308231	0.00817774830998	-0.0086253775648	-0.0195183226764	-0.0181385995715	0.0287528787851	0.0271550408537	0.00172327055291	-0.0515376311589	-0.0342564096284	-0.017130251845	-0.0659572652722	-0.0202370267814	-0.0640951856958	-0.00306122656927	0.02002333413	0.046357535343	-0.0295310691067	-0.088368353224	-0.0150638119131	-0.00915115465231	-0.0187093983652	-0.0226399050013	0.0167065545962	0.00108788091505	-0.0070439825029	0.0231505332488	-0.0324382287551	-0.0420831722335	0.035473074189
k__Bacteria;p__Bacteroidetes;c__Bacteroidia;o__Bacteroidales;f__Porphyromonadaceae;g__Barnesiella;s__Barnesiella_intestinihominis	0.00830091043325	0.0398537017123	0.0174418823783	-0.0233541714714	0.0106203665623	-0.00289620333642	-0.000797926783942	-0.0477295013576	-0.0314253525549	-0.0724646231952	-0.101643075859	-0.013256090658	-0.000851989864132	-0.0535254886241	-0.000173594156096	-0.00713280506705	0.0109458569927	-0.0063563542288	1.0	0.00556823002898	0.0127851348967	0.00333780896258	-0.0265736692286	0.0201904009389	-0.0906459816502	-0.0218123360114	-0.00693192135431	-0.0474147021869	-0.0107557953026	-0.0303181843248	-0.0490598155498	-2.8354027238e-05	-0.0160083278786	-0.0454743307196	-0.0327771991932	0.0351478544211	-0.0561467198445	-0.0205243615856	-0.00704050778722	0.00387494834731	-0.0671645913123	0.00527447999659	0.00161110225805	0.0214252093268	0.00131173499417	-0.0279683288114	0.0101619242898	-0.0114469469651	-0.00608518170003	0.00308928731291	-0.0117827545908	-0.0449656892286	0.0453315416221	-0.00982236004676	0.0048207416052	-0.0609044697379	0.0207734415774	0.00373225938744	0.039922333546
k__Bacteria;p__Bacteroidetes;c__Bacteroidia;o__Bacteroidales;f__Odoribacteraceae;g__Odoribacter;s__Odoribacter_splanchnicus	-0.00643791660548	0.0494376394255	0.0632867311775	0.0207176402545	0.0525543160894	-0.00777765328115	-0.0291095286169	-0.0335630736001	-0.0504622002971	-0.018905902467	0.0333602903158	0.0227300611132	0.0151390175241	-0.0372246632085	-0.000299631853239	-0.0410186637035	0.0259891873653	0.00108318263931	0.00556823002898	1.0	0.0262157745262	-0.00629892552589	0.00203029130544	0.0478475519911	0.00566406282969	0.00809370990384	0.0233097458647	-0.0321120125155	0.0474690233688	-0.0245251000099	0.0515707038267	-0.0759951362112	-0.0100941848601	-0.0353501103916	-0.0353581794549	-0.0197142123203	-0.0220439964775	0.0157041317846	-0.0539522194536	-0.0221383018929	-0.00070150818917	-0.0321380685753	-0.0011886356014	-0.00841896260534	-0.00251856434462	-0.0322943416748	0.0102880260557	0.00359777869554	-0.0470292589643	0.0280421212782	-0.0110720324251	-0.0132147753216	-0.0586786364493	-0.0104036551095	-0.075247196981	-0.0392084245567	-0.000367514828737	-0.00792029806324	-0.0196409988531
k__Bacteria;p__Bacteroidetes;c__Bacteroidia;o__Bacteroidales;f__Bacteroidaceae;g__Bacteroides;s__Bacteroides_salyersiae	0.00417388830284	-0.00805602408595	0.0445723714241	0.00402056010263	0.0434669422573	-0.00697229495504	-0.00213311643461	0.00741941047477	-0.0455451793114	-0.0820462523314	-0.00777514021652	-0.0342886680311	-0.0463070741765	-0.02634582474	-0.012843124568	-0.0203748359061	-0.014328922253	0.0394611376546	0.0127851348967	0.0262157745262	1.0	0.00330614905579	-0.0922742318546	-0.0541213183274	-0.00723269574652	0.0095355090918	-0.00269638833853	-0.0360128378815	-0.0200218314741	-0.0770332981621	0.0137300168887	0.0433160172878	-0.0289999859344	0.0534677338619	-0.0304329068789	0.0344630221006	-0.0682259762812	-0.0245741722169	0.00926182929069	0.0275283741194	0.0145377842565	0.0286636803638	-0.00680894592621	0.0169804017478	0.00101720095906	0.00992786420313	-0.0327564781104	-0.0332045098636	0.0240468103087	-0.0610692718177	-0.0494421372685	-0.00365568852033	0.0313963874702	0.0492663906792	-0.0240542927471	-0.0508734771514	-0.00712250711502	-0.0291201394639	-0.00528112681578
k__Bacteria;p__Firmicutes;c__Clostridia;o__Clostridiales;f__Ruminococcaceae;g__Ruminiclostridium;s__[Eubacterium]_siraeum	-0.0162330636529	-0.0333548666903	0.0163721020733	-0.00365453160101	0.0120281891394	-0.102987342073	-0.00961003002379	0.0251648443699	0.0163951470885	-0.0538649576519	-0.00284401505109	-0.05549564878	0.0324759832379	0.0162864322484	0.0174966731331	0.0235853581819	-0.0681831202458	-0.00154571492219	0.00333780896258	-0.00629892552589	0.00330614905579	1.0	-0.00138602900192	-0.0536737387697	-0.0310611528887	-0.0223927643624	0.0106388722572	0.00944257436848	0.00376198056491	0.0304390888666	-0.0397936823961	0.019981881688	0.0155933815214	-0.0428114089976	-0.00472420196653	0.00480501235183	-0.00918025153576	-0.0263935127783	0.0354556055216	0.028010889235	0.00310378792307	-0.0198368144916	-0.00922835275674	-0.0162364477267	-0.00472190790761	-0.00606569897646	0.0201549323214	-0.00934052451191	-0.0164978548228	0.00902054180252	0.0168969100591	0.0119077987538	0.0447680844679	-0.019106953984	-0.0793833584251	0.0457125085396	0.00588596875236	-0.00185775110104	0.0068828853113
k__Bacteria;p__Proteobacteria;c__Betaproteobacteria;o__Burkholderiales;f__Sutterellaceae;g__Parasutterella;s__Parasutterella_excrementihominis	0.0421823509504	-0.0233930082902	0.0427817880113	0.0215162758344	0.0406177153	0.0129657619881	-0.0522021726543	-0.0320875153645	-0.0668761238147	-0.03933252328	-0.0740199942629	-0.0205140197969	0.00299805340927	-0.0067554120501	-0.0102397077908	0.0109329656914	-0.0151725793588	0.0357242243612	-0.0265736692286	0.00203029130544	-0.0922742318546	-0.00138602900192	1.0	-0.0124126045369	-0.0424466960086	-0.0414427997247	-0.0164430212817	-0.00907023287393	-0.0151788096654	0.0349373774337	0.0144124466141	0.0473255231616	0.0473151890852	-0.031114377437	0.0256374610662	-0.00243411010642	0.0693488588568	-0.0207600938965	-0.00619103786406	-0.0188283832209	0.0116682817226	0.0496280603451	0.00700177692109	-0.0136062048743	-0.100479381696	-0.0183625234141	0.0326986487828	0.0452460623412	-0.0190136300599	-0.0559150484643	0.0557715528858	-0.0437110558552	0.012052267058	-0.0216221914489	0.0217396294237	-0.0132979366476	-0.0327320205486	-0.0604329347364	0.0223163564646
k__Bacteria;p__Actinobacteria;c__Actinobacteria;o__Bifidobacteriales;f__Bifidobacteriaceae;g__Bifidobacterium;s__Bifidobacterium_adolescentis	0.0577505985374	-0.0166423627472	-0.041135177086	-0.0354658391719	-0.0102131666496	-0.00467737023628	-0.0166069134243	0.0235554655234	0.00859044389803	-0.0337831364995	0.0369812188228	0.00445540443382	0.0131213214562	-0.0153604576344	-0.0614907908489	-0.0754097607925	-0.00774299588234	0.0316062933689	0.0201904009389	0.0478475519911	-0.0541213183274	-0.0536737387697	-0.0124126045369	1.0	-0.0358885469945	0.0536749991035	-0.00781070882148	-0.0135551917932	-0.0462499502199	0.0209608804438	0.0169253184005	-0.0358667317076	0.0111269333267	0.0314585366175	-0.0312004700755	0.00936445247503	-0.0561850254922	0.0238745382938	-0.0933976367568	-0.0482902501775	-0.0073901703821	0.047022275512	0.0372829477155	-0.0290510303369	-0.0315229988083	-0.0107648008302	-0.00335737989174	-0.00844478630495	-0.0381831701236	-0.0265800014206	-0.065504655268	0.00370096173058	-0.00808449729075	0.013566950145	0.0341130722567	0.00492962709602	-0.00506832666397	-0.0130206607958	-0.0309466316161
k__Bacteria;p__Firmicutes;c__Clostridia;o__Clostridiales;f__Oscillospiraceae;g__Oscillibacter;s__Oscillibacter_sp._KLE_1745	-0.0115709968163	-0.00663170771358	-0.0340766028218	-0.000670611994213	-0.00842680584813	-0.0437322563519	0.0259901805743	-0.0170255598941	0.017819776388	-0.0336167523209	0.0218704366379	-0.0652693702812	-0.0195694437287	0.0155814382193	0.00694592899222	0.0341964854292	-0.00922889952368	0.0336519064625	-0.0906459816502	0.00566406282969	-0.00723269574652	-0.0310611528887	-0.0424466960086	-0.0358885469945	1.0	-0.0190259624493	0.000249912110141	-0.0063027911012	0.0652892123502	-0.023960035736	0.00664383826884	0.0233553208942	0.0125629229807	0.0329452747067	0.0169448033739	0.0188284090567	0.0451136067503	-0.0526613350146	0.00426300066854	-0.0279564087175	-0.00506878195889	0.0068868448069	-0.0743799899667	-0.000995242405993	-0.0238087501307	0.0515204631837	-0.0120457664233	-0.0738188282563	-0.0314144150869	0.0373241140743	0.00675352140096	-0.0336854646169	-0.0420997372823	-0.0271681273954	-0.0303006570003	0.00418689257037	-0.0404516848507	-0.0167388864901	-0.0182730513719
k__Bacteria;p__Bacteroidetes;c__Bacteroidia;o__Bacteroidales;f__Bacteroidaceae;g__Bacteroides;s__Bacteroides_coprophilus	0.0118408743035	0.0027901743201	-0.0139231417749	-0.0381477278017	0.026192226199	0.0113760934721	0.0535156279402	-0.018586731641	0.0223377168313	-0.0551685733197	0.000824992952026	0.000936544508742	-0.0867074282653	0.0325305088449	0.0148633147144	-0.061147869727	0.0285081959796	-0.0340188692269	-0.0218123360114	0.00809370990384	0.0095355090918	-0.0223927643624	-0.0414427997247	0.0536749991035	-0.0190259624493	1.0	0.0434286018954	-0.0270159844111	-0.0388455499558	0.0424362175498	-0.00919940567657	-0.021567497982	0.0103957652993	-0.0506462296475	-0.00580257279914	-0.0304397812882	-0.0102324889267	0.0279878276036	-0.00980166253878	0.0401203951524	0.0137869241604	-0.0364606570641	-0.00545096888932	0.018640381909	-0.013838693764	-0.020705011221	-0.072438817326	0.0606679531475	0.00416576901251	0.00483941252651	-0.0529148932347	-0.0299750064761	-0.0176501930963	0.0274111841341	0.0148748486171	-0.0778963883562	0.00473256615768	-2.13344984712e-05	-0.0399403196894
k__Bacteria;p__Firmicutes;c__Clostridia;o__Clostridiales;f__Lachnospiraceae;g__Roseburia;s__Roseburia_intestinalis	0.0160788116085	-0.0600923637023	-0.00990633218383	-0.0067485302761	-0.00164750538772	-0.0445690994573	-0.00598090935996	-0.0303189916982	0.0377802086572	-0.0309754915071	-0.0462812135091	-0.0235541343027	0.0115500165227	-0.0186706873564	0.013172281559	0.00103280252049	-0.0367639900053	-0.000286588771638	-0.00693192135431	0.0233097458647	-0.00269638833853	0.0106388722572	-0.0164430212817	-0.00781070882148	0.000249912110141	0.0434286018954	1.0	0.0512154480275	-0.005963845994	0.0406459972868	-0.0175125488485	-0.0119501956873	-0.0587548764888	-0.0193639860785	0.019584933948	-0.0260455561612	0.0100615967293	0.0154192635339	-0.0278771874699	0.0170531166043	0.0135898418573	0.0352466727687	-0.0223431578394	0.00142006802706	-0.00897075709922	-0.0482625533231	0.0744999103507	-0.0760620575372	-0.0118830866887	0.00156578196049	0.0268984777735	-0.0518133969993	-0.0530383779201	-0.00352545200123	0.0514130217823	-0.0876620814005	-0.03961722941	0.0294027612834	-0.0587893803937
k__Bacteria;p__Firmicutes;c__Clostridia;o__Clostridiales;f__Lachnospiraceae;g__Roseburia;s__Roseburia_hominis	0.000542229889867	-0.0469486879231	0.0274089255186	-0.068181897123	-0.049519762234	-0.0343183498077	-0.0205488051643	-0.00149635456535	-0.0104237818873	-0.0246023599114	0.0347834782244	0.0624828128347	-0.0439570960867	-0.0085916855085	-0.0025121436888	-0.0720037845613	-0.026979154621	0.0665645414857	-0.0474147021869	-0.0321120125155	-0.0360128378815	0.00944257436848	-0.00907023287393	-0.0135551917932	-0.0063027911012	-0.0270159844111	0.0512154480275	1.0	0.00525477989267	0.0156634926387	0.0251177141976	0.014722291512	0.000937482517396	0.0491522058743	-0.0117916262227	-0.0860624989283	0.017968684708	-0.0654945070484	0.0561736452324	0.0285937925875	-0.0123571348719	-0.0245107819224	-0.044459088141	-0.0304242239445	0.0208274108657	0.0161598964732	0.0753804694401	0.0231287079178	0.0113729797942	-0.00520649592822	-0.0089023661495	-0.0411018629619	-0.0822856017129	0.0477045145115	-0.00196822167144	0.00618003034551	0.00375373208289	0.0131158199518	0.0448582661865
k__Bacteria;p__Bacteroidetes;c__Bacteroidia;o__Bacteroidales;f__Porphyromonadaceae;g__Parabacteroides;s__Parabacteroides_johnsonii	-0.0172034368553	0.00153532062984	-0.0173478859767	-0.0276949162934	0.0104272175538	-0.0401100682873	0.0113850655533	-0.0616666799009	-0.0159670727354	0.0271515420473	-0.0383294515503	0.028909177345	0.0228635961069	0.0233658367609	-0.0255597555314	0.0218174962351	-0.0158770906715	-0.0157676469433	-0.0107557953026	0.0474690233688	-0.0200218314741	0.00376198056491	-0.0151788096654	-0.0462499502199	0.0652892123502	-0.0388455499558	-0.005963845994	0.00525477989267	1.0	-0.0417025652645	-0.00353385331244	0.013701112079	0.00274928274433	0.0146975394833	0.041666070205	-0.036669372128	0.00121045125073	0.0173049604233	0.0495243069115	0.00538986712247	0.0324729599269	-0.0239201706931	-0.0135674139139	-0.0452659848772	-0.00313037687308	0.011016829063	0.0377621426932	0.049394489059	-0.0542357718171	-0.0136483453702	0.00158156387406	0.0358231421139	0.0290696364236	0.0063015107107	-0.0325455415047	-0.0195040064886	0.00520664922063	0.0130025500071	-0.00975282989785
k__Bacteria;p__Actinobacteria;c__Actinobacteria;o__Bifidobacteriales;f__Bifidobacteriaceae;g__Bifidobacterium;s__Bifidobacterium_longum	-0.037294299342	0.0281562780789	0.0398355134103	-0.0285910485859	0.043196132027	1.48500036425e-05	-0.0290629534628	0.00830157674077	0.0148300016536	-0.0349719428328	-0.00719398648479	0.0077706729594	-0.00985869230155	-0.0139889093931	-0.0185000293493	-0.00139940859924	0.0138899745942	-0.0125379308231	-0.0303181843248	-0.0245251000099	-0.0770332981621	0.0304390888666	0.0349373774337	0.0209608804438	-0.023960035736	0.0424362175498	0.0406459972868	0.0156634926387	-0.0417025652645	1.0	-0.00133849256894	0.0181432731722	-0.0555047558424	-0.0492328734861	0.0344885978522	0.0149527752101	-0.0682253576737	-0.0685989831882	0.0426589896446	-0.0225719911532	-0.040405764516	0.0122188848946	-0.00254160997035	0.0182760614386	-0.0315718510531	-0.00687642941718	-0.0218768400326	0.0537119699328	-0.0183022491843	0.0054471100429	-0.0155355392799	-0.0480490528679	-0.0139449097191	-0.00821387553958	0.0118858756405	0.0247972153584	-0.0334355624618	0.0199157322074	0.0222279517432
