#taxonomy	k__Bacteria;p__Bacteroidetes;c__Bacteroidia;o__Bacteroidales;f__Bacteroidaceae;g__Bacteroides;s__Bacteroides_vulgatus	k__Bacteria;p__Bacteroidetes;c__Bacteroidia;o__Bacteroidales;f__Bacteroidaceae;g__Bacteroides;s__Bacteroides_uniformis	k__Bacteria;p__Bacteroidetes;c__Bacteroidia;o__Bacteroidales;f__Rikenellaceae;g__Alistipes;s__Alistipes_putredinis	k__Bacteria;p__Bacteroidetes;c__Bacteroidia;o__Bacteroidales;f__Prevotellaceae;g__Prevotella;s__Prevotella_copri	k__Bacteria;p__Bacteroidetes;c__Bacteroidia;o__Bacteroidales;f__Bacteroidaceae;g__Bacteroides;s__Bacteroides_stercoris	k__Bacteria;p__Bacteroidetes;c__Bacteroidia;o__Bacteroidales;f__Bacteroidaceae;g__Bacteroides;s__Bacteroides_ovatus	k__Bacteria;p__Bacteroidetes;c__Bacteroidia;o__Bacteroidales;f__Rikenellaceae;g__Alistipes;s__Alistipes_shahii	k__Bacteria;p__Firmicutes;c__Clostridia;o__Clostridiales;f__Ruminococcaceae;g__Faecalibacterium;s__Faecalibacterium_prausnitzii	k__Bacteria;p__Bacteroidetes;c__Bacteroidia;o__Bacteroidales;f__Rikenellaceae;g__Alistipes;s__Alistipes_finegoldii	k__Bacteria;p__Bacteroidetes;c__Bacteroidia;o__Bacteroidales;f__Porphyromonadaceae;g__Parabacteroides;s__Parabacteroides_distasonis	k__Bacteria;p__Bacteroidetes;c__Bacteroidia;o__Bacteroidales;f__Bacteroidaceae;g__Bacteroides;s__Bacteroides_thetaiotaomicron	k__Bacteria;p__Bacteroidetes;c__Bacteroidia;o__Bacteroidales;f__Bacteroidaceae;g__Bacteroides;s__Bacteroides_coprocola	k__Bacteria;p__Bacteroidetes;c__Bacteroidia;o__Bacteroidales;f__Bacteroidaceae;g__Bacteroides;s__Bacteroides_cellulosilyticus	k__Bacteria;p__Bacteroidetes;c__Bacteroidia;o__Bacteroidales;f__Rikenellaceae;g__Alistipes;s__Alistipes_obesi	k__Bacteria;p__Firmicutes;c__Clostridia;o__Clostridiales;f__Lachnospiraceae;g__;s__[Eubacterium]_rectale	k__Bacteria;p__Bacteroidetes;c__Bacteroidia;o__Bacteroidales;f__Bacteroidaceae;g__Bacteroides;s__Bacteroides_plebeius	k__Bacteria;p__Bacteroidetes;c__Bacteroidia;o__Bacteroidales;f__Bacteroidaceae;g__Bacteroides;s__Bacteroides_fragilis	k__Bacteria;p__Proteobacteria;c__Betaproteobacteria;o__Burkholderiales;f__Sutterellaceae;g__Sutterella;s__Sutterella_wadsworthensis	k__Bacteria;p__Bacteroidetes;c__Bacteroidia;o__Bacteroidales;f__Porphyromonadaceae;g__Barnesiella;s__Barnesiella_intestinihominis	k__Bacteria;p__Bacteroidetes;c__Bacteroidia;o__Bacteroidales;f__Odoribacteraceae;g__Odoribacter;s__Odoribacter_splanchnicus	k__Bacteria;p__Bacteroidetes;c__Bacteroidia;o__Bacteroidales;f__Bacteroidaceae;g__Bacteroides;s__Bacteroides_salyersiae	k__Bacteria;p__Firmicutes;c__Clostridia;o__Clostridiales;f__Ruminococcaceae;g__Ruminiclostridium;s__[Eubacterium]_siraeum	k__Bacteria;p__Proteobacteria;c__Betaproteobacteria;o__Burkholderiales;f__Sutterellaceae;g__Parasutterella;s__Parasutterella_excrementihominis	k__Bacteria;p__Actinobacteria;c__Actinobacteria;o__Bifidobacteriales;f__Bifidobacteriaceae;g__Bifidobacterium;s__Bifidobacterium_adolescentis	k__Bacteria;p__Firmicutes;c__Clostridia;o__Clostridiales;f__Oscillospiraceae;g__Oscillibacter;s__Oscillibacter_sp._KLE_1745	k__Bacteria;p__Bacteroidetes;c__Bacteroidia;o__Bacteroidales;f__Bacteroidaceae;g__Bacteroides;s__Bacteroides_coprophilus	k__Bacteria;p__Firmicutes;c__Clostridia;o__Clostridiales;f__Lachnospiraceae;g__Roseburia;s__Roseburia_intestinalis	k__Bacteria;p__Firmicutes;c__Clostridia;o__Clostridiales;f__Lachnospiraceae;g__Roseburia;s__Roseburia_hominis	k__Bacteria;p__Bacteroidetes;c__Bacteroidia;o__Bacteroidales;f__Porphyromonadaceae;g__Parabacteroides;s__Parabacteroides_johnsonii	k__Bacteria;p__Actinobacteria;c__Actinobacteria;o__Bifidobacteriales;f__Bifidobacteriaceae;g__Bifidobacterium;s__Bifidobacterium_longum	k__Bacteria;p__Firmicutes;c__Clostridia;o__Clostridiales;f__;g__Flavonifractor;s__Flavonifractor_plautii	k__Bacteria;p__Firmicutes;c__Clostridia;o__Clostridiales;f__Clostridiaceae;g__Clostridium;s__Clostridium_phoceensis	k__Bacteria;p__Verrucomicrobia;c__Verrucomicrobiae;o__Verrucomicrobiales;f__Akkermansiaceae;g__Akkermansia;s__Akkermansia_muciniphila	k__Bacteria;p__Bacteroidetes;c__Bacteroidia;o__Bacteroidales;f__Prevotellaceae;g__Paraprevotella;s__Paraprevotella_xylaniphila	k__Bacteria;p__Firmicutes;c__Clostridia;o__Clostridiales;f__Ruminococcaceae;g__Ruminococcus;s__Ruminococcus_callidus	k__Bacteria;p__Bacteroidetes;c__Bacteroidia;o__Bacteroidales;f__Rikenellaceae;g__Alistipes;s__Alistipes_senegalensis	k__Bacteria;p__Firmicutes;c__Clostridia;o__Clostridiales;f__Lachnospiraceae;g__Blautia;s__Blautia_sp._KLE_1732	k__Bacteria;p__Bacteroidetes;c__Bacteroidia;o__Bacteroidales;f__Bacteroidaceae;g__Bacteroides;s__Bacteroides_oleiciplenus	k__Bacteria;p__Firmicutes;c__Clostridia;o__Clostridiales;f__Ruminococcaceae;g__Ruminococcus;s__Ruminococcus_bicirculans	k__Bacteria;p__Bacteroidetes;c__Bacteroidia;o__Bacteroidales;f__Bacteroidaceae;g__Bacteroides;s__Bacteroides_fluxus	k__Bacteria;p__Bacteroidetes;c__Bacteroidia;o__Bacteroidales;f__Prevotellaceae;g__Prevotella;s__Prevotella_stercorea	k__Bacteria;p__Firmicutes;c__Clostridia;o__Clostridiales;f__Lachnospiraceae;g__Dorea;s__Dorea_longicatena	k__Bacteria;p__Firmicutes;c__Clostridia;o__Clostridiales;f__Eubacteriaceae;g__Eubacterium;s__[Eubacterium]_eligens	k__Bacteria;p__Firmicutes;c__Clostridia;o__Clostridiales;f__Ruminococcaceae;g__;s__Ruminococcaceae_bacterium_D16	k__Bacteria;p__Firmicutes;c__Clostridia;o__Clostridiales;f__Lachnospiraceae;g__Coprococcus;s__Coprococcus_comes	k__Bacteria;p__Proteobacteria;c__Gammaproteobacteria;o__Enterobacterales;f__Enterobacteriaceae;g__Escherichia;s__Escherichia_coli	k__Bacteria;p__Firmicutes;c__Clostridia;o__Clostridiales;f__Ruminococcaceae;g__Anaerotruncus;s__Anaerotruncus_colihominis	k__Bacteria;p__Firmicutes;c__Clostridia;o__Clostridiales;f__Lachnospiraceae;g__Blautia;s__Blautia_obeum	k__Bacteria;p__Bacteroidetes;c__Bacteroidia;o__Bacteroidales;f__Odoribacteraceae;g__Odoribacter;s__Odoribacter_laneus	k__Bacteria;p__Firmicutes;c__Clostridia;o__Clostridiales;f__Ruminococcaceae;g__Ruminiclostridium;s__[Clostridium]_leptum	k__Bacteria;p__Bacteroidetes;c__Bacteroidia;o__Bacteroidales;f__Porphyromonadaceae;g__Parabacteroides;s__Parabacteroides_goldsteinii	k__Bacteria;p__Firmicutes;c__Clostridia;o__Clostridiales;f__Lachnospiraceae;g__Anaerostipes;s__Anaerostipes_hadrus	k__Bacteria;p__Firmicutes;c__Clostridia;o__Clostridiales;f__Ruminococcaceae;g__Ruminococcus;s__Ruminococcus_lactaris	k__Bacteria;p__Firmicutes;c__Clostridia;o__Clostridiales;f__Clostridiaceae;g__Clostridium;s__Clostridium_sp._L2-50	k__Bacteria;p__Firmicutes;c__Clostridia;o__Clostridiales;f__Clostridiaceae;g__Clostridium;s__Clostridium_sp._M62/1	k__Bacteria;p__Firmicutes;c__Clostridia;o__Clostridiales;f__;g__Intestinimonas;s__Intestinimonas_butyriciproducens	k__Bacteria;p__Actinobacteria;c__Actinobacteria;o__Bifidobacteriales;f__Bifidobacteriaceae;g__Bifidobacterium;s__Bifidobacterium_bifidum	k__Bacteria;p__Firmicutes;c__Negativicutes;o__Veillonellales;f__Veillonellaceae;g__Dialister;s__Dialister_invisus	k__Bacteria;p__Bacteroidetes;c__Bacteroidia;o__Bacteroidales;f__Bacteroidaceae;g__Bacteroides;s__Bacteroides_salanitronis
k__Bacteria;p__Bacteroidetes;c__Bacteroidia;o__Bacteroidales;f__Bacteroidaceae;g__Bacteroides;s__Bacteroides_vulgatus	1.0	-0.00519893612486	-0.0742942848355	-0.0489416538843	-0.0590623070293	-0.0554944496873	-0.0405072507362	-0.028296191428	-0.0199938609686	-0.0204308212004	-0.0310596800665	0.0241373974361	0.0254152419787	0.000728944883235	-0.0347670959865	-0.00264726853468	0.0404398047227	0.0180240067755	0.0134961798133	0.0501263643321	-0.00628159217199	0.0140730403957	0.0174061651266	0.0321937182911	0.00864400714159	0.0128368072771	-0.034841601524	-0.0236250171247	0.0402522540332	-0.0265551901922	0.0149214618441	0.0298659129524	-0.0723637864233	-0.0222279970692	0.0429902206338	-0.0449275581832	0.024971742428	-0.0146137778877	-0.0129496881107	-0.0419667222811	-0.00121809725409	0.0389913072781	-0.0151374876744	0.020754186839	0.0524810253171	-0.005014085424	-0.0921356489411	-0.0546506692857	0.0206997869177	0.0280554929416	-0.0418483301044	0.00648302046407	-0.0525762041374	-0.0165576894189	0.0255543160186	0.0364137172616	-0.0235788865643	0.0338320326902	0.0253540400691
k__Bacteria;p__Bacteroidetes;c__Bacteroidia;o__Bacteroidales;f__Bacteroidaceae;g__Bacteroides;s__Bacteroides_uniformis	-0.00519893612486	1.0	0.0137158629171	-0.00752864647566	-0.0711658540879	0.00808997343615	-0.0213103692613	0.00812955358049	0.000511894823492	-0.00510473930074	-0.00385083769608	-0.0447706179474	0.0246581751154	-9.25705603616e-05	0.00848326836709	0.0393455462261	0.122589357557	-0.0296060158814	-0.0588668071937	-0.00378379366596	-0.00851364675049	0.0243611601139	-0.0521230672984	0.0137535762204	0.0299920571598	0.00849564618338	0.0217397255664	-0.0223472883805	0.0284682180423	-0.00153558866833	-0.046926258218	0.0679044566571	-0.0431193662619	0.00290341426192	-0.0280547080446	-0.0177726846728	-0.0655285816363	-8.98907915687e-05	-0.0139389762766	0.0172849981897	-0.0373421183716	0.0259392321789	0.0116261336128	-0.00595605004371	-0.0130827899068	-0.0196571286269	-0.0169734308974	0.0249596426219	0.00639458593229	0.0250956286585	0.00607791734657	0.00106219419592	-0.0205857075487	-0.0115487005667	0.0133777518284	0.00453190410461	0.0572661700632	-0.0285513929348	-0.00786978871393
k__Bacteria;p__Bacteroidetes;c__Bacteroidia;o__Bacteroidales;f__Rikenellaceae;g__Alistipes;s__Alistipes_putredinis	-0.0742942848355	0.0137158629171	1.0	0.0296706138554	-0.0160436364126	0.0247162746946	0.00759567368636	-0.0226370710226	-0.0370551748665	-0.035239131826	0.0267942598695	0.000582883252838	-0.00944691181653	-0.0237373762938	0.00594996625138	-0.0628766122548	-0.0672878596934	-0.0262939384749	-0.0175264026115	-0.0142451148345	0.0240310749219	0.0354514611542	0.00463427432583	-0.0315371327625	-0.0111202851518	0.0184062543131	-0.0741758326521	0.022465329073	-0.0363051832553	-0.0333044861933	-0.00934044271591	-0.053481203276	0.0365545052761	0.0483164995413	0.0154384640066	0.00586449760451	-0.0108404320229	0.0870272495066	-0.0459182186359	0.0374200111926	-0.00136105822593	0.0194984020712	0.0209098293537	-0.0151995604136	-0.0614121608966	-0.0748009990687	0.0273884069338	0.0206091593711	0.00268226335827	0.0311848020191	-0.00109113137981	0.0404494704749	-0.00569495185926	-0.0642666899174	-0.0193199700321	-0.00388321718351	0.016368409586	-0.0304147278772	-0.023828005172
k__Bacteria;p__Bacteroidetes;c__Bacteroidia;o__Bacteroidales;f__Prevotellaceae;g__Prevotella;s__Prevotella_copri	-0.0489416538843	-0.00752864647566	0.0296706138554	1.0	-0.0586471302162	0.0596860614428	-0.0564158441611	-0.0488870109535	0.0208236140178	0.064801375843	-0.0156131477807	0.0163261017517	-0.0520180581468	-0.0155179470935	0.0128559350261	0.0416305565014	-0.0273158362058	-0.0158235302212	-0.0710794358071	0.0141559837413	-0.00634273853443	-0.00151114386418	0.0033639276531	-0.0214571347121	-0.00551295319807	-0.0726462999497	0.00195918688665	-0.0501101793246	-0.00561068836651	0.0157859665419	-0.0353693868247	-0.0183734567363	-0.0506732769806	-0.0520907810195	-0.0400507905504	0.0530437015568	-0.0077351730508	-0.0194277304044	-0.0019076968312	-0.035786593458	-0.0217912843237	-0.0510835337068	-0.00940420851341	-0.036328348218	-0.00827290925683	0.0274681368538	0.05753705814	0.0460347009327	0.042335815233	-0.0554004065602	-0.0302089107931	-0.00692751750162	-0.0476272719999	-0.0405141225298	0.0123463017855	-0.0720975327483	0.0104646167525	-0.056350184007	-0.00556962862226
k__Bacteria;p__Bacteroidetes;c__Bacteroidia;o__Bacteroidales;f__Bacteroidaceae;g__Bacteroides;s__Bacteroides_stercoris	-0.0590623070293	-0.0711658540879	-0.0160436364126	-0.0586471302162	1.0	0.0113307936165	0.0226713711371	0.00898095060218	-0.0146707441938	0.0303868546845	0.0599285085482	-0.0282177862174	0.0386394389795	-0.0151490328194	-0.0092205254243	-0.0417943946293	0.02029370528	0.0337059435546	0.0445911220725	-0.0457391534434	-0.00123484345201	-0.00692110748151	-0.0621986045145	-0.0153118386451	0.0367299333054	-0.0179031576925	-0.00176269469597	-0.0315330952214	0.0481383446408	-0.017844028576	-0.031339162272	-0.0379692244618	-0.0336056695753	-0.0022645338981	-0.043233041666	-0.0012556411006	0.000696072325171	0.0342290197874	0.0406088978389	-0.0894107050016	0.0145115234515	-0.0459514586035	0.00928715686565	-0.007917398267	-0.0571890618492	-0.0501452500484	0.0611830152262	0.0534712109405	-0.0408515775756	-0.00253804471011	0.0180897766022	-0.0285503713613	0.00936144871444	-0.00910705069449	-0.0369414121835	0.0385675557843	0.00411644079707	0.0120980883616	-0.0431481569677
k__Bacteria;p__Bacteroidetes;c__Bacteroidia;o__Bacteroidales;f__Bacteroidaceae;g__Bacteroides;s__Bacteroides_ovatus	-0.0554944496873	0.00808997343615	0.0247162746946	0.0596860614428	0.0113307936165	1.0	-0.0337424122214	0.0448513394646	-0.0254412255058	-0.0360039573466	0.00941768311633	-0.0338803105217	-0.022452374943	-0.0201760198551	-0.0210060146989	-0.0218599808439	0.0177295017284	-0.0196266418643	-0.0685100779874	0.0231183110428	-0.0149831740762	0.0153813070915	0.00115130530124	-0.0248094881301	-0.0396490099424	0.0730056224342	0.0315108616786	0.0203156971316	-0.00502986253132	-0.000487106488413	0.0131461210906	0.0297661006403	-0.0701164806735	0.0157580826471	-0.0255640345723	0.037068335998	0.0548904760115	0.0349764012642	0.0187604153103	-0.0807081107084	-0.0362337005177	-0.0708241766291	-0.0279787884068	0.0260664608654	-0.020096914681	-0.0350505165353	0.00762492002898	-0.0230168842888	0.0252451535811	0.0216102560264	-0.0143242738411	0.029933555477	0.0175101748581	0.0155276240078	0.0155348419782	0.00729682768408	0.0297580610107	-0.00682804485417	-0.0545774851549
k__Bacteria;p__Bacteroidetes;c__Bacteroidia;o__Bacteroidales;f__Rikenellaceae;g__Alistipes;s__Alistipes_shahii	-0.0405072507362	-0.0213103692613	0.00759567368635	-0.0564158441611	0.0226713711371	-0.0337424122214	1.0	-4.46445220149e-05	-0.00556801425674	0.0310956853708	0.0170775379548	0.0221481814538	-0.0480917112815	-0.00966237557663	0.088766021009	-0.0120572942139	-0.0351019846086	0.00940263456204	-0.017749362275	-0.0407324580759	-0.04370833548	-0.0645963911077	-0.0389687041834	-0.0122396094217	0.0160655945901	-0.0478819424077	0.00213144177745	-0.0168722149431	-0.00120866044488	0.00637310983925	-0.00531071738727	-0.0190761961414	-0.0453650578966	-0.011834340544	-0.0186063718696	-0.0252323539952	-0.0335473890891	-0.0217659803732	-0.00718712320193	-0.025130490773	0.0146262173541	0.00364109161451	-0.0323782739732	-0.00478663645682	-0.0103587392779	0.0343849395801	-0.0160636906483	0.0233975943399	-0.0255446518257	-0.00667972049077	0.0599339203188	-0.00632381473006	0.037343563804	0.0366332963523	-0.0172408417551	0.0507513733602	-0.012469221478	-0.0300487897208	0.0665686673487
k__Bacteria;p__Firmicutes;c__Clostridia;o__Clostridiales;f__Ruminococcaceae;g__Faecalibacterium;s__Faecalibacterium_prausnitzii	-0.028296191428	0.00812955358049	-0.0226370710226	-0.0488870109535	0.00898095060218	0.0448513394646	-4.46445220148e-05	1.0	0.0206587309368	-0.0335368812348	-0.0589327501805	0.0283100681675	0.0084932405622	-0.0758646087823	0.0804462142437	-0.0217575984268	0.0216704848362	0.00363431481818	0.054976277863	-0.0388508359619	-0.0797363643302	-0.00297596660769	0.0028090153392	-0.0408359414756	0.035389832036	-0.00435270586212	0.0149745942051	-0.0274469957735	0.0335863273636	0.00952440721326	-0.033327472494	0.0317919560086	-0.00815047048689	0.00851858168658	-0.0375510242917	0.0110029955683	-0.0459022163342	-0.0222381401068	-0.0430452754156	0.0255764715229	0.0536434068787	-0.0134455536128	-0.0565660403433	-0.0445662062049	-0.0423823833298	0.0116150908722	-0.0254217368683	0.0217774097936	0.0157123041655	-0.0149074742002	-0.000482745377267	-0.0440859942572	-0.0210554483907	0.0305400477668	-0.00623424426837	-0.000376409849473	0.00291642074401	-0.0545826831146	0.0233040886971
k__Bacteria;p__Bacteroidetes;c__Bacteroidia;o__Bacteroidales;f__Rikenellaceae;g__Alistipes;s__Alistipes_finegoldii	-0.0199938609686	0.000511894823492	-0.0370551748665	0.0208236140178	-0.0146707441938	-0.0254412255058	-0.00556801425674	0.0206587309368	1.0	0.0821697966823	0.0475994965557	-0.000626593208995	-0.0574519237309	-0.0120362981999	-0.0199418444392	-0.0301618345233	0.0357513948938	-0.0388483350498	0.0282741580853	0.00267987872641	0.0166394398389	-0.00574087166959	0.00225832323482	-0.0198517990882	-0.0150705600668	-0.0433744097034	-0.0267432867268	-0.0955644568317	-0.0354706228444	0.00214658653574	0.0119855708006	0.0230175126987	-0.00367248500815	0.0135969230392	0.00356279222356	-0.0195807356289	-0.0445107331756	-0.0202081057628	0.0593079604969	-0.0389742633857	0.0437331358392	-0.0459563738668	0.0494582825427	-0.0107679648154	0.00113167474953	0.0148814922754	-0.0259790961659	-0.00417935957889	-0.0593172438169	-0.00400970091222	-0.00672080257257	-0.0747102025362	0.0357978908526	-0.0037381816623	-0.0227166456789	0.0631763876421	0.0229810255543	-0.00443575495586	-0.00544520502055
k__Bacteria;p__Bacteroidetes;c__Bacteroidia;o__Bacteroidales;f__Porphyromonadaceae;g__Parabacteroides;s__Parabacteroides_distasonis	-0.0204308212004	-0.00510473930074	-0.035239131826	0.064801375843	0.0303868546845	-0.0360039573466	0.0310956853708	-0.0335368812348	0.0821697966823	1.0	0.0353333589165	-0.0156792413188	0.0106168887225	-0.0716997405093	0.0800517558479	-0.0186925656619	0.0145683550081	-0.0555108487086	-0.013691231592	0.00423732634467	-0.0517127457652	-0.0398397436536	-0.05263994365	0.0557430883401	-0.0187097132526	-0.0396011359068	0.0279420411489	0.0175394032026	0.0158331087841	-0.00265256402051	0.00177494109307	-0.0435948861657	-0.0305756945428	-0.0217075865805	-0.0508679321862	0.0295086095001	-0.0134406138686	-0.0554834711847	0.0358080412152	-0.0378137734402	0.00398750788939	0.0366058563793	-0.0550174396793	-0.0414686447459	-0.0161803095315	0.0134634350511	0.00699065994329	-0.0430784495135	0.0257468248467	-0.0039242048175	-0.0208353387814	0.0504004411122	-0.000473315652798	-0.00996449214121	-0.0313301085841	0.00691297106963	-0.0542220602111	0.0399169332278	-0.0274011599871
k__Bacteria;p__Bacteroidetes;c__Bacteroidia;o__Bacteroidales;f__Bacteroidaceae;g__Bacteroides;s__Bacteroides_thetaiotaomicron	-0.0310596800665	-0.00385083769608	0.0267942598695	-0.0156131477807	0.0599285085482	0.00941768311633	0.0170775379548	-0.0589327501805	0.0475994965557	0.0353333589165	1.0	0.0103458950954	-0.0176846110396	0.013668796759	-0.00809261582088	0.0167553657556	0.00843650877253	0.0332948055617	-0.0761627656486	-0.0194665301574	0.00966894624426	-0.00102727097873	0.016461951752	-0.0660374552908	-0.0358779125054	-0.0508479459335	0.0388697922317	0.0588161094128	-0.0462489980356	0.0327329324622	0.0454071501954	0.0190741915209	-0.0463777630898	-0.0119003946804	-0.0145702970825	-0.0170032039639	0.0567613762938	-0.0575391406763	0.00270616409477	0.00898289911166	-0.0200960871941	-0.0147286539537	0.0153069526132	-0.0839990241028	-0.0119472335045	0.018203685617	-0.0199529707448	0.0601590500017	0.00181838744681	-0.0679927800158	-0.00973897200914	-0.00853313752497	0.00106003850304	0.00992934802266	-0.0747860366619	0.0209053389641	0.00599188968054	-0.030677782801	-0.00847891773212
k__Bacteria;p__Bacteroidetes;c__Bacteroidia;o__Bacteroidales;f__Bacteroidaceae;g__Bacteroides;s__Bacteroides_coprocola	0.0241373974361	-0.0447706179474	0.000582883252838	0.0163261017517	-0.0282177862174	-0.0338803105217	0.0221481814538	0.0283100681675	-0.000626593208996	-0.0156792413188	0.0103458950954	1.0	-0.0411044027088	-0.0117394581918	0.0240803462235	0.0481090133684	-0.0573883661263	-0.0444073385665	0.0259508858163	-0.00714566833527	-0.0568847210948	0.0094904843832	0.0124830542033	0.00692681610655	-0.0380805501559	-0.00829770505213	-0.040507836096	0.0134676594103	-0.00233083052638	-0.00235425956908	-0.0182563083368	-0.0571840530181	-0.0289558650195	-0.0246670969419	0.0235830791383	-0.0212106315239	0.0548697838456	0.0133560832866	0.00282732328942	0.0304273741273	0.00588117613512	-0.0162713714486	0.0143253140907	-0.0673613595008	0.00281321214131	-0.0796551412478	0.0793099834599	0.00366821859747	0.0172476622793	0.0173264852137	0.0134749554522	-0.0261111478114	-0.0597742562144	0.00528888041531	-0.00376098323194	0.0173681055929	0.0305989621314	0.0151024164605	-0.00922476435487
k__Bacteria;p__Bacteroidetes;c__Bacteroidia;o__Bacteroidales;f__Bacteroidaceae;g__Bacteroides;s__Bacteroides_cellulosilyticus	0.0254152419787	0.0246581751154	-0.00944691181653	-0.0520180581468	0.0386394389795	-0.022452374943	-0.0480917112815	0.0084932405622	-0.0574519237309	0.0106168887225	-0.0176846110396	-0.0411044027088	1.0	0.0313530396266	0.0167804033813	-0.0241237422653	0.00898082688014	0.0125462369272	-0.00140955567087	0.0307709411474	-0.0519231567872	-0.0591683648838	0.00225261387533	0.00291207103914	0.0154150287605	0.027850644857	0.0236524081741	-0.038982094591	-0.0269819873868	-0.0583480241854	0.0319905355463	-0.0171835283893	0.0539416668131	0.0259194753166	-0.0851725733943	0.026218320938	-0.0518554361797	0.0247986224141	-0.0478177233424	-0.123963705092	-0.0635521137126	0.0569873541353	-0.000523828798097	-0.0539290664542	0.0045865769819	-0.0504564766006	-0.0531737845146	0.0307116965196	-0.0501673913389	0.00163281072007	0.0116680269354	0.00236128951148	0.0319497213004	-0.0385616741062	-0.0721108563269	-0.0249267440233	-0.0216030859998	-0.0303518940027	-0.0166030269189
k__Bacteria;p__Bacteroidetes;c__Bacteroidia;o__Bacteroidales;f__Rikenellaceae;g__Alistipes;s__Alistipes_obesi	0.000728944883235	-9.25705603617e-05	-0.0237373762938	-0.0155179470935	-0.0151490328194	-0.0201760198551	-0.00966237557663	-0.0758646087823	-0.0120362981999	-0.0716997405093	0.013668796759	-0.0117394581918	0.0313530396266	1.0	0.00497923610206	0.00227548978876	-0.0399679568494	-0.0106907388502	-0.0724700576588	0.0317321984492	0.0026127161106	-0.0105077316309	-0.00672924305538	0.0343653329981	-0.0314781098505	-0.000447030759778	-0.0165905478622	0.0173468974278	0.0325850802403	0.0383883133738	0.0209451487709	-0.0128131422967	-0.0244558392921	-0.0410583629095	0.0312489371442	0.0219830651196	0.019685044242	0.0218891282872	0.012335716868	0.00261075778932	-0.0378347798959	0.0702058848525	-0.0178020250963	0.00240696386105	0.0263173241866	0.00109284487137	-0.0495843602836	0.0109559742424	-0.0260485895902	0.0110946801107	0.00743777145353	0.0327918697153	-0.0503561099802	-0.0275975318802	-0.0596490356781	-0.0391745126286	0.00537508024323	0.0388011805826	0.0604171356995
k__Bacteria;p__Firmicutes;c__Clostridia;o__Clostridiales;f__Lachnospiraceae;g__;s__[Eubacterium]_rectale	-0.0347670959865	0.00848326836709	0.00594996625138	0.0128559350261	-0.0092205254243	-0.0210060146989	0.088766021009	0.0804462142437	-0.0199418444392	0.0800517558479	-0.00809261582088	0.0240803462235	0.0167804033813	0.00497923610206	1.0	-0.0654041810093	-0.0203452391614	-0.0571093844188	-0.0543568858644	0.0187792678819	0.00250293227492	0.0141236674576	-0.0262224037934	-0.00127334213979	-0.0302633573515	-0.0298599682723	-0.0408401347575	-0.0354483816835	0.0383062807864	-0.0595179721903	-0.0146019600179	-0.030260517839	0.0503224195626	-0.0120395464252	-0.123220437764	-0.0320988759776	0.0519062039586	-0.0612791306914	0.0369983843281	-0.0444959108007	-0.00519578256476	-0.0679956995615	-0.0324945142878	-0.0307310135502	0.00997365695736	-0.000662451950294	-0.00549057931868	-0.0262505485753	0.000713957034547	0.0100136028297	-0.0102986357706	-0.00575831033614	-0.0132273600098	-0.0630383729736	-0.0654990441354	-0.00907357705327	0.0689251647878	0.00977169071502	0.0325083541942
k__Bacteria;p__Bacteroidetes;c__Bacteroidia;o__Bacteroidales;f__Bacteroidaceae;g__Bacteroides;s__Bacteroides_plebeius	-0.00264726853468	0.0393455462261	-0.0628766122548	0.0416305565014	-0.0417943946293	-0.0218599808439	-0.0120572942139	-0.0217575984268	-0.0301618345233	-0.0186925656619	0.0167553657556	0.0481090133684	-0.0241237422653	0.00227548978876	-0.0654041810093	1.0	0.0057469379402	0.0205720477495	0.0347733388224	0.0084057739539	-0.0768478642852	-0.00418027810282	-0.0290495831531	0.0525828230062	0.00539428251812	-0.0376680502247	-0.05773680031	-0.0357578411827	0.000940369789604	-0.0102180098144	-0.114938923784	-0.0247161019734	-0.00296155589039	-0.0260098667678	-0.0209350531831	-0.0342434271593	-0.0281496080992	0.0143130512822	-0.0278473753808	0.0727583441363	-1.98697989741e-05	-0.00962383927655	-0.0192871743204	0.0398104511245	-0.00138928418176	0.0200563811431	0.0215044971435	0.0362497400714	0.0236247803794	0.00378736214755	0.0507038801206	0.0248616472792	-0.0255958183534	0.00243294630871	-0.0184016146744	-0.0173932095111	-0.00776021719696	0.00356922527567	-0.0368988670231
k__Bacteria;p__Bacteroidetes;c__Bacteroidia;o__Bacteroidales;f__Bacteroidaceae;g__Bacteroides;s__Bacteroides_fragilis	0.0404398047227	0.122589357557	-0.0672878596934	-0.0273158362058	0.02029370528	0.0177295017284	-0.0351019846086	0.0216704848362	0.0357513948938	0.0145683550081	0.00843650877253	-0.0573883661263	0.00898082688014	-0.0399679568494	-0.0203452391614	0.0057469379402	1.0	-0.0510238548727	-0.0686267296861	0.0557379812933	-0.0108667763254	-0.00738534038506	-0.00362569266589	-0.0214391926838	0.0399691722593	0.0690950829798	-0.045558251331	-0.0329544790987	-0.0480281207846	-0.0329411409627	0.0203061986337	-0.0276009728682	0.0354745060996	-0.0479912752686	-0.0376362252757	-0.00154877768481	0.000877266332212	-0.0205092505473	0.0218868862788	-0.0185958007703	-0.00764739905379	0.00287563482585	-0.0171299316262	0.00935902858038	0.0188950792355	-0.0246090509145	-0.00157348967507	-0.069470322934	-0.0281899035357	-0.0130726000315	-0.049541377677	-0.0264660109293	0.0206119290727	-0.00466018328562	0.0515468509364	-0.0234746756698	0.0333912366558	-0.00374977576215	0.0443951151153
k__Bacteria;p__Proteobacteria;c__Betaproteobacteria;o__Burkholderiales;f__Sutterellaceae;g__Sutterella;s__Sutterella_wadsworthensis	0.0180240067755	-0.0296060158814	-0.0262939384749	-0.0158235302212	0.0337059435546	-0.0196266418643	0.00940263456204	0.00363431481818	-0.0388483350498	-0.0555108487086	0.0332948055617	-0.0444073385665	0.0125462369272	-0.0106907388502	-0.0571093844188	0.0205720477495	-0.0510238548727	1.0	-0.00562022788379	0.0440042400118	-0.0115994964799	0.030808702926	0.00923923658518	-0.0822110185878	0.0145371790129	-0.0125394152857	-0.0438653378494	0.0311680821286	0.0146848113492	0.0206003458752	-0.0250489258463	0.0217348466747	-0.0384479430787	0.00969840935832	-0.027360053422	0.0824128326568	-0.0076534587151	0.00312457700341	-0.010450900692	-0.0264508695959	-0.0199696287629	-0.0235914189152	0.0259837640944	-0.0431157572317	0.0552443272309	-0.0571369798388	0.00702805146352	-0.00364580753708	-0.0261485690211	-0.0178897218366	-0.00596781997559	0.0214449420659	-0.0457570993267	-0.023969833338	-0.0113179043715	-0.0128889572686	-0.00988680173372	0.00392404739041	0.0664311253966
k__Bacteria;p__Bacteroidetes;c__Bacteroidia;o__Bacteroidales;f__Porphyromonadaceae;g__Barnesiella;s__Barnesiella_intestinihominis	0.0134961798133	-0.0588668071937	-0.0175264026115	-0.0710794358071	0.0445911220725	-0.0685100779874	-0.017749362275	0.054976277863	0.0282741580853	-0.013691231592	-0.0761627656486	0.0259508858163	-0.00140955567087	-0.0724700576588	-0.0543568858644	0.0347733388224	-0.0686267296861	-0.00562022788379	1.0	-0.0449208638217	-0.0425822272088	-0.0265528352209	0.0287157842559	-0.035853114189	-0.0667374102282	0.0199639787376	0.062512773894	0.0356748870954	-0.0173481965769	0.032980683458	0.0411851284477	0.0157199001494	0.0898256232438	0.0179355673527	-0.0659084974996	-0.0190825921271	-0.0241961902762	0.015299079234	0.0205286010052	0.0342681030536	-0.0383683521776	0.0758742891276	-0.0139854841411	-0.0295579773973	0.0501191334464	0.00728820509703	-0.00782034070239	-0.018504607818	-0.0498634489161	-0.0673799001505	-0.0179911653829	-0.0877279294343	0.0283562701699	0.00414941733965	-0.0524702042894	-0.010067162413	0.0289575466789	-0.0549993472212	-0.0259106512344
k__Bacteria;p__Bacteroidetes;c__Bacteroidia;o__Bacteroidales;f__Odoribacteraceae;g__Odoribacter;s__Odoribacter_splanchnicus	0.0501263643321	-0.00378379366596	-0.0142451148345	0.0141559837413	-0.0457391534434	0.0231183110428	-0.0407324580759	-0.0388508359619	0.00267987872641	0.00423732634467	-0.0194665301574	-0.00714566833527	0.0307709411474	0.0317321984492	0.0187792678819	0.0084057739539	0.0557379812933	0.0440042400118	-0.0449208638217	1.0	0.0205099169196	0.0291634478983	-0.0701032964546	0.0137220785884	-0.0591884629939	-0.00124577385327	-0.0111635165418	0.0217458713501	-0.0529868534423	-0.0760083190024	-0.0128659947474	-0.0438753189215	0.0060784822001	-0.0185714233056	0.00336644328002	0.0125263602035	0.0175389551512	-0.0767312729601	0.0136340392077	0.025821727507	-0.059266987129	-0.0276505538134	0.038161418641	-0.00465802016939	-0.124768330792	-0.0649742101634	-0.0312796734292	-0.00735223347056	-0.0494308880059	-0.040340709687	0.0201349420992	-0.00678494692293	-0.0362353119577	0.00449977041542	0.0346039208468	0.00382169302731	-0.0107793344806	-0.0118543670322	0.0154918719604
k__Bacteria;p__Bacteroidetes;c__Bacteroidia;o__Bacteroidales;f__Bacteroidaceae;g__Bacteroides;s__Bacteroides_salyersiae	-0.00628159217199	-0.00851364675049	0.0240310749219	-0.00634273853443	-0.00123484345201	-0.0149831740762	-0.04370833548	-0.0797363643302	0.0166394398389	-0.0517127457652	0.00966894624426	-0.0568847210948	-0.0519231567872	0.0026127161106	0.00250293227492	-0.0768478642852	-0.0108667763254	-0.0115994964799	-0.0425822272088	0.0205099169196	1.0	-0.0330792788124	0.0325404948411	-0.0453317603833	0.024887895947	-0.0225899275865	-0.0449797539659	0.0171100969414	-0.0512368686163	-0.0365280030749	0.0268125223575	0.0185903997527	-0.00707538068403	0.0504062935821	-0.0442189408023	-0.0477499516847	-0.00735515952309	0.0518991375322	-0.0297010199414	-0.0337060047385	-0.0013623581176	0.0270590073532	-0.0248220532088	0.00480034071867	-0.0275104050996	0.0102086654119	0.0418445878402	0.0146109225716	0.022965879021	-0.0151248527833	-0.0305432186935	0.00932264350858	0.049583977111	-0.0229665178617	-0.0257555176838	-0.017368450934	-0.00490501054592	0.0486902805522	0.0759919321966
k__Bacteria;p__Firmicutes;c__Clostridia;o__Clostridiales;f__Ruminococcaceae;g__Ruminiclostridium;s__[Eubacterium]_siraeum	0.0140730403957	0.0243611601139	0.0354514611542	-0.00151114386418	-0.00692110748151	0.0153813070915	-0.0645963911077	-0.00297596660769	-0.00574087166959	-0.0398397436536	-0.00102727097873	0.0094904843832	-0.0591683648838	-0.0105077316309	0.0141236674576	-0.00418027810282	-0.00738534038506	0.030808702926	-0.0265528352209	0.0291634478983	-0.0330792788124	1.0	0.00336038095806	0.0250883026352	0.0437996449867	-0.0322953391332	0.0103339376783	0.00270191403267	0.00274769921752	0.00117716289015	-0.0104405601719	0.00555409484855	-0.0274479998916	0.0033702948892	0.0187580433739	-0.0239148392777	-0.00671779814043	-0.0224242623314	-0.0249741676436	-0.0362076082015	0.0136154006071	-0.0383223163684	0.0161147567767	-0.00285085179794	-0.019386470004	-0.0278089245096	0.00750957457102	0.0366205303013	-0.0337334865817	-0.0106474232995	0.0299567918056	-0.0333379592024	-0.027454654096	0.0257393899349	-0.0421946325316	-0.0405371679818	-0.0193281542848	0.00421454268187	0.0101281536492
k__Bacteria;p__Proteobacteria;c__Betaproteobacteria;o__Burkholderiales;f__Sutterellaceae;g__Parasutterella;s__Parasutterella_excrementihominis	0.0174061651266	-0.0521230672984	0.00463427432583	0.0033639276531	-0.0621986045145	0.00115130530124	-0.0389687041834	0.0028090153392	0.00225832323482	-0.05263994365	0.016461951752	0.0124830542033	0.00225261387533	-0.00672924305538	-0.0262224037934	-0.0290495831531	-0.00362569266589	0.00923923658518	0.0287157842559	-0.0701032964546	0.0325404948411	0.00336038095806	1.0	-0.0361321504753	0.0276017871689	0.00308613301041	-0.043138043178	-0.0266570441635	-0.0132451786682	2.02987759497e-05	0.0132596613728	0.0180961833479	0.00844771278103	-0.0348407547222	0.0158104016383	0.00101694814391	-0.00816343510384	0.0298039173082	-0.0376186746996	0.0559712537128	-0.0124899620121	-0.0160975556504	-0.0528427929903	0.0652332276934	-0.00374448991424	-0.00857780512207	-0.0217550367498	-0.028987166232	-0.046710742456	0.0114698556477	-0.0309195667961	-0.0240426007833	-0.0472874637436	0.00482553162512	0.0564544956697	-0.0920138716647	-0.0119959836476	-0.0373007570908	-0.0244386765904
k__Bacteria;p__Actinobacteria;c__Actinobacteria;o__Bifidobacteriales;f__Bifidobacteriaceae;g__Bifidobacterium;s__Bifidobacterium_adolescentis	0.0321937182911	0.0137535762204	-0.0315371327625	-0.0214571347121	-0.0153118386451	-0.0248094881301	-0.0122396094217	-0.0408359414756	-0.0198517990882	0.0557430883401	-0.0660374552908	0.00692681610655	0.00291207103914	0.0343653329981	-0.00127334213979	0.0525828230062	-0.0214391926838	-0.0822110185878	-0.035853114189	0.0137220785884	-0.0453317603833	0.0250883026352	-0.0361321504753	1.0	0.00583131360966	-0.0211536181435	-0.0156702781594	0.0227956228659	0.00783728846414	0.0881115360665	-0.0389382046591	-0.0257880184491	0.0233337482047	0.000575423507094	-0.0294462186157	-0.0225553506393	0.00540002455981	-0.00883646017483	-0.0114244936841	-0.00219133835595	-0.0242853810585	0.00404408815828	-0.0401346405846	-0.0567946538378	-0.0106692618018	-0.0385130429229	-0.0279773620345	0.0491050483545	0.0296378371538	0.0210339593695	-0.031397587983	0.00528368625087	-0.0106633393924	-0.0414118756914	-0.0118492188453	0.00693298263056	0.0135312329461	0.0353769803057	-0.0478180536231
k__Bacteria;p__Firmicutes;c__Clostridia;o__Clostridiales;f__Oscillospiraceae;g__Oscillibacter;s__Oscillibacter_sp._KLE_1745	0.00864400714159	0.0299920571598	-0.0111202851518	-0.00551295319807	0.0367299333054	-0.0396490099424	0.0160655945901	0.035389832036	-0.0150705600668	-0.0187097132526	-0.0358779125054	-0.0380805501559	0.0154150287605	-0.0314781098505	-0.0302633573515	0.00539428251812	0.0399691722593	0.0145371790129	-0.0667374102282	-0.0591884629939	0.024887895947	0.0437996449867	0.0276017871689	0.00583131360966	1.0	0.00651891106393	-0.0275709028544	0.0818265922989	0.0132474143518	0.0224624017039	-0.0133102398099	-0.0031294827268	-0.0680733883229	-0.0139982440509	-0.0239867958977	0.0146179554644	-0.0565696011445	0.0452272630111	-0.0550575937601	-0.012983774409	-0.00240887163459	-0.029421370205	0.0234517590256	0.014309370767	-0.0155606498551	-0.0374568920227	-0.0046947736302	-0.0105120770566	-0.022468663157	-0.0300064691361	-0.0070008782507	0.00669217718205	0.0348440042325	-0.00881821811005	-0.0177932855874	0.0988420523553	0.0481761731033	-0.021978814557	0.0259651434387
k__Bacteria;p__Bacteroidetes;c__Bacteroidia;o__Bacteroidales;f__Bacteroidaceae;g__Bacteroides;s__Bacteroides_coprophilus	0.0128368072771	0.00849564618338	0.0184062543131	-0.0726462999497	-0.0179031576925	0.0730056224342	-0.0478819424077	-0.00435270586212	-0.0433744097034	-0.0396011359068	-0.0508479459335	-0.00829770505213	0.027850644857	-0.000447030759778	-0.0298599682723	-0.0376680502247	0.0690950829798	-0.0125394152857	0.0199639787376	-0.00124577385327	-0.0225899275865	-0.0322953391332	0.00308613301041	-0.0211536181435	0.00651891106393	1.0	0.00956952434811	0.0026588600481	0.0255757687745	0.0122584476627	-0.016820885502	-0.0234900704921	0.0841584788123	-0.0125150387571	0.00387152077673	-0.0343168107409	-0.0489132009816	0.0151755033809	0.00896543142166	-0.00629507864476	-0.0458004221168	-0.0428611612746	-0.00386656565507	0.00319017409313	0.00649315510753	-0.0824222014131	0.0220258473556	-0.0257812832365	-0.00302339537964	0.0418220263774	-0.00190419629631	-0.00887946696351	0.0171623566322	0.0483862893805	-0.0235691777845	0.0457568837873	-0.0202920806852	-0.0218802494651	0.00284019873431
k__Bacteria;p__Firmicutes;c__Clostridia;o__Clostridiales;f__Lachnospiraceae;g__Roseburia;s__Roseburia_intestinalis	-0.034841601524	0.0217397255664	-0.0741758326521	0.00195918688665	-0.00176269469597	0.0315108616786	0.00213144177745	0.0149745942051	-0.0267432867268	0.0279420411489	0.0388697922317	-0.040507836096	0.0236524081741	-0.0165905478622	-0.0408401347575	-0.05773680031	-0.045558251331	-0.0438653378494	0.062512773894	-0.0111635165418	-0.0449797539659	0.0103339376783	-0.043138043178	-0.0156702781594	-0.0275709028544	0.00956952434811	1.0	-0.0392924147962	0.0166767168973	0.0227626367796	0.0577951275319	0.0234308174219	-0.00645491203259	-0.00594968663607	0.00876614235594	-0.0417296728106	-0.0688923166159	-0.0402983545908	0.00658007529249	-0.0424417991942	-0.0202619604398	-0.0257322542282	0.0169444149599	0.00726253436954	-0.0683817197404	-0.000865491478505	-0.00676210127288	0.0275565232888	0.0113776699571	-0.011753092835	-0.00499994739812	-0.0304845905439	0.0113798764639	-0.0484897463957	-0.0505125765046	-0.0042816440543	-0.0564081543944	0.00833465018308	0.048421838842
k__Bacteria;p__Firmicutes;c__Clostridia;o__Clostridiales;f__Lachnospiraceae;g__Roseburia;s__Roseburia_hominis	-0.0236250171247	-0.0223472883805	0.022465329073	-0.0501101793246	-0.0315330952214	0.0203156971316	-0.0168722149431	-0.0274469957735	-0.0955644568317	0.0175394032026	0.0588161094128	0.0134676594103	-0.038982094591	0.0173468974278	-0.0354483816835	-0.0357578411827	-0.0329544790987	0.0311680821286	0.0356748870954	0.0217458713501	0.0171100969414	0.00270191403267	-0.0266570441635	0.0227956228659	0.0818265922989	0.0026588600481	-0.0392924147962	1.0	-0.0369862298662	0.0284199180543	0.0569082555534	-0.016097056645	-0.12351788201	-0.054242685323	0.0318671660062	-0.117343159682	0.0352235795313	0.0194558596324	-0.000751748692213	0.0286660738542	0.00379390319404	0.0849841823142	-0.0123806956	0.0258432691178	-0.0974963109675	0.0161848269449	-0.0122638858077	-0.0324769269984	0.0400513857252	-0.0116912671027	0.0163890087482	-0.0539586832254	-0.042544393936	-0.0702937037999	0.0232248160184	-0.0106233591428	-0.0575018888325	-0.0299278488095	-0.0131733710378
k__Bacteria;p__Bacteroidetes;c__Bacteroidia;o__Bacteroidales;f__Porphyromonadaceae;g__Parabacteroides;s__Parabacteroides_johnsonii	0.0402522540332	0.0284682180423	-0.0363051832553	-0.00561068836651	0.0481383446408	-0.00502986253132	-0.00120866044488	0.0335863273636	-0.0354706228444	0.0158331087841	-0.0462489980356	-0.00233083052638	-0.0269819873868	0.0325850802403	0.0383062807864	0.000940369789604	-0.0480281207846	0.0146848113492	-0.0173481965769	-0.0529868534423	-0.0512368686163	0.00274769921752	-0.0132451786682	0.00783728846414	0.0132474143518	0.0255757687745	0.0166767168973	-0.0369862298662	1.0	-0.0535005028179	-0.0474145229365	0.0426340680836	-0.0275300085248	0.017330480055	0.00769781239438	-0.00685145517835	0.00183466212922	-0.0160161793829	-0.044110041711	0.0139540799791	-0.0291807819591	0.0261985514801	0.038676424262	0.00554164563804	0.00184067250893	-0.0282612105549	0.0235161741784	-0.0217162806775	-0.00820701850825	-0.0162113935828	0.0202765047382	0.022390377968	0.00426488599167	-0.061675372676	0.0651363781561	-0.0252718183821	0.0466062194116	-0.0464168394255	0.0364779457131
k__Bacteria;p__Actinobacteria;c__Actinobacteria;o__Bifidobacteriales;f__Bifidobacteriaceae;g__Bifidobacterium;s__Bifidobacterium_longum	-0.0265551901922	-0.00153558866833	-0.0333044861933	0.0157859665419	-0.017844028576	-0.000487106488413	0.00637310983925	0.00952440721326	0.00214658653574	-0.00265256402051	0.0327329324622	-0.00235425956908	-0.0583480241854	0.0383883133738	-0.0595179721903	-0.0102180098144	-0.0329411409627	0.0206003458752	0.032980683458	-0.0760083190024	-0.0365280030749	0.00117716289015	2.02987759497e-05	0.0881115360665	0.0224624017039	0.0122584476627	0.0227626367796	0.0284199180543	-0.0535005028179	1.0	-0.00468840454597	0.0267767555043	-0.0112858390269	-0.0354116139936	-0.030059248335	-0.0101197638688	-0.0429672728658	0.0770363554994	-0.0308049572353	0.0349160921384	-0.00676294726718	-0.0711771697604	-0.0796368855234	-0.0189394353313	-0.0107887214462	0.0247447204251	-0.0356712545003	0.0813121589696	0.00466684515334	-0.00595786853083	-0.0484904866679	0.0203250287057	-0.0183732377629	0.0122412875698	0.0145848934417	-0.0097312361412	-0.0668457099721	0.00689482122559	-0.0331815337149
