#taxonomy	k__Bacteria;p__Bacteroidetes;c__Bacteroidia;o__Bacteroidales;f__Bacteroidaceae;g__Bacteroides;s__Bacteroides_vulgatus	k__Bacteria;p__Bacteroidetes;c__Bacteroidia;o__Bacteroidales;f__Bacteroidaceae;g__Bacteroides;s__Bacteroides_uniformis	k__Bacteria;p__Bacteroidetes;c__Bacteroidia;o__Bacteroidales;f__Rikenellaceae;g__Alistipes;s__Alistipes_putredinis	k__Bacteria;p__Bacteroidetes;c__Bacteroidia;o__Bacteroidales;f__Prevotellaceae;g__Prevotella;s__Prevotella_copri	k__Bacteria;p__Bacteroidetes;c__Bacteroidia;o__Bacteroidales;f__Bacteroidaceae;g__Bacteroides;s__Bacteroides_stercoris	k__Bacteria;p__Bacteroidetes;c__Bacteroidia;o__Bacteroidales;f__Bacteroidaceae;g__Bacteroides;s__Bacteroides_ovatus	k__Bacteria;p__Bacteroidetes;c__Bacteroidia;o__Bacteroidales;f__Rikenellaceae;g__Alistipes;s__Alistipes_shahii	k__Bacteria;p__Firmicutes;c__Clostridia;o__Clostridiales;f__Ruminococcaceae;g__Faecalibacterium;s__Faecalibacterium_prausnitzii	k__Bacteria;p__Bacteroidetes;c__Bacteroidia;o__Bacteroidales;f__Rikenellaceae;g__Alistipes;s__Alistipes_finegoldii	k__Bacteria;p__Bacteroidetes;c__Bacteroidia;o__Bacteroidales;f__Porphyromonadaceae;g__Parabacteroides;s__Parabacteroides_distasonis	k__Bacteria;p__Bacteroidetes;c__Bacteroidia;o__Bacteroidales;f__Bacteroidaceae;g__Bacteroides;s__Bacteroides_thetaiotaomicron	k__Bacteria;p__Bacteroidetes;c__Bacteroidia;o__Bacteroidales;f__Bacteroidaceae;g__Bacteroides;s__Bacteroides_coprocola	k__Bacteria;p__Bacteroidetes;c__Bacteroidia;o__Bacteroidales;f__Bacteroidaceae;g__Bacteroides;s__Bacteroides_cellulosilyticus	k__Bacteria;p__Bacteroidetes;c__Bacteroidia;o__Bacteroidales;f__Rikenellaceae;g__Alistipes;s__Alistipes_obesi	k__Bacteria;p__Firmicutes;c__Clostridia;o__Clostridiales;f__Lachnospiraceae;g__;s__[Eubacterium]_rectale	k__Bacteria;p__Bacteroidetes;c__Bacteroidia;o__Bacteroidales;f__Bacteroidaceae;g__Bacteroides;s__Bacteroides_plebeius	k__Bacteria;p__Bacteroidetes;c__Bacteroidia;o__Bacteroidales;f__Bacteroidaceae;g__Bacteroides;s__Bacteroides_fragilis	k__Bacteria;p__Proteobacteria;c__Betaproteobacteria;o__Burkholderiales;f__Sutterellaceae;g__Sutterella;s__Sutterella_wadsworthensis	k__Bacteria;p__Bacteroidetes;c__Bacteroidia;o__Bacteroidales;f__Porphyromonadaceae;g__Barnesiella;s__Barnesiella_intestinihominis	k__Bacteria;p__Bacteroidetes;c__Bacteroidia;o__Bacteroidales;f__Odoribacteraceae;g__Odoribacter;s__Odoribacter_splanchnicus	k__Bacteria;p__Bacteroidetes;c__Bacteroidia;o__Bacteroidales;f__Bacteroidaceae;g__Bacteroides;s__Bacteroides_salyersiae	k__Bacteria;p__Firmicutes;c__Clostridia;o__Clostridiales;f__Ruminococcaceae;g__Ruminiclostridium;s__[Eubacterium]_siraeum	k__Bacteria;p__Proteobacteria;c__Betaproteobacteria;o__Burkholderiales;f__Sutterellaceae;g__Parasutterella;s__Parasutterella_excrementihominis	k__Bacteria;p__Actinobacteria;c__Actinobacteria;o__Bifidobacteriales;f__Bifidobacteriaceae;g__Bifidobacterium;s__Bifidobacterium_adolescentis	k__Bacteria;p__Firmicutes;c__Clostridia;o__Clostridiales;f__Oscillospiraceae;g__Oscillibacter;s__Oscillibacter_sp._KLE_1745	k__Bacteria;p__Bacteroidetes;c__Bacteroidia;o__Bacteroidales;f__Bacteroidaceae;g__Bacteroides;s__Bacteroides_coprophilus	k__Bacteria;p__Firmicutes;c__Clostridia;o__Clostridiales;f__Lachnospiraceae;g__Roseburia;s__Roseburia_intestinalis	k__Bacteria;p__Firmicutes;c__Clostridia;o__Clostridiales;f__Lachnospiraceae;g__Roseburia;s__Roseburia_hominis	k__Bacteria;p__Bacteroidetes;c__Bacteroidia;o__Bacteroidales;f__Porphyromonadaceae;g__Parabacteroides;s__Parabacteroides_johnsonii	k__Bacteria;p__Actinobacteria;c__Actinobacteria;o__Bifidobacteriales;f__Bifidobacteriaceae;g__Bifidobacterium;s__Bifidobacterium_longum	k__Bacteria;p__Firmicutes;c__Clostridia;o__Clostridiales;f__;g__Flavonifractor;s__Flavonifractor_plautii	k__Bacteria;p__Firmicutes;c__Clostridia;o__Clostridiales;f__Clostridiaceae;g__Clostridium;s__Clostridium_phoceensis	k__Bacteria;p__Verrucomicrobia;c__Verrucomicrobiae;o__Verrucomicrobiales;f__Akkermansiaceae;g__Akkermansia;s__Akkermansia_muciniphila	k__Bacteria;p__Bacteroidetes;c__Bacteroidia;o__Bacteroidales;f__Prevotellaceae;g__Paraprevotella;s__Paraprevotella_xylaniphila	k__Bacteria;p__Firmicutes;c__Clostridia;o__Clostridiales;f__Ruminococcaceae;g__Ruminococcus;s__Ruminococcus_callidus	k__Bacteria;p__Bacteroidetes;c__Bacteroidia;o__Bacteroidales;f__Rikenellaceae;g__Alistipes;s__Alistipes_senegalensis	k__Bacteria;p__Firmicutes;c__Clostridia;o__Clostridiales;f__Lachnospiraceae;g__Blautia;s__Blautia_sp._KLE_1732	k__Bacteria;p__Bacteroidetes;c__Bacteroidia;o__Bacteroidales;f__Bacteroidaceae;g__Bacteroides;s__Bacteroides_oleiciplenus	k__Bacteria;p__Firmicutes;c__Clostridia;o__Clostridiales;f__Ruminococcaceae;g__Ruminococcus;s__Ruminococcus_bicirculans	k__Bacteria;p__Bacteroidetes;c__Bacteroidia;o__Bacteroidales;f__Bacteroidaceae;g__Bacteroides;s__Bacteroides_fluxus	k__Bacteria;p__Bacteroidetes;c__Bacteroidia;o__Bacteroidales;f__Prevotellaceae;g__Prevotella;s__Prevotella_stercorea	k__Bacteria;p__Firmicutes;c__Clostridia;o__Clostridiales;f__Lachnospiraceae;g__Dorea;s__Dorea_longicatena	k__Bacteria;p__Firmicutes;c__Clostridia;o__Clostridiales;f__Eubacteriaceae;g__Eubacterium;s__[Eubacterium]_eligens	k__Bacteria;p__Firmicutes;c__Clostridia;o__Clostridiales;f__Ruminococcaceae;g__;s__Ruminococcaceae_bacterium_D16	k__Bacteria;p__Firmicutes;c__Clostridia;o__Clostridiales;f__Lachnospiraceae;g__Coprococcus;s__Coprococcus_comes	k__Bacteria;p__Proteobacteria;c__Gammaproteobacteria;o__Enterobacterales;f__Enterobacteriaceae;g__Escherichia;s__Escherichia_coli	k__Bacteria;p__Firmicutes;c__Clostridia;o__Clostridiales;f__Ruminococcaceae;g__Anaerotruncus;s__Anaerotruncus_colihominis	k__Bacteria;p__Firmicutes;c__Clostridia;o__Clostridiales;f__Lachnospiraceae;g__Blautia;s__Blautia_obeum	k__Bacteria;p__Bacteroidetes;c__Bacteroidia;o__Bacteroidales;f__Odoribacteraceae;g__Odoribacter;s__Odoribacter_laneus	k__Bacteria;p__Firmicutes;c__Clostridia;o__Clostridiales;f__Ruminococcaceae;g__Ruminiclostridium;s__[Clostridium]_leptum	k__Bacteria;p__Bacteroidetes;c__Bacteroidia;o__Bacteroidales;f__Porphyromonadaceae;g__Parabacteroides;s__Parabacteroides_goldsteinii	k__Bacteria;p__Firmicutes;c__Clostridia;o__Clostridiales;f__Lachnospiraceae;g__Anaerostipes;s__Anaerostipes_hadrus	k__Bacteria;p__Firmicutes;c__Clostridia;o__Clostridiales;f__Ruminococcaceae;g__Ruminococcus;s__Ruminococcus_lactaris	k__Bacteria;p__Firmicutes;c__Clostridia;o__Clostridiales;f__Clostridiaceae;g__Clostridium;s__Clostridium_sp._L2-50	k__Bacteria;p__Firmicutes;c__Clostridia;o__Clostridiales;f__Clostridiaceae;g__Clostridium;s__Clostridium_sp._M62/1	k__Bacteria;p__Firmicutes;c__Clostridia;o__Clostridiales;f__;g__Intestinimonas;s__Intestinimonas_butyriciproducens	k__Bacteria;p__Actinobacteria;c__Actinobacteria;o__Bifidobacteriales;f__Bifidobacteriaceae;g__Bifidobacterium;s__Bifidobacterium_bifidum	k__Bacteria;p__Firmicutes;c__Negativicutes;o__Veillonellales;f__Veillonellaceae;g__Dialister;s__Dialister_invisus	k__Bacteria;p__Bacteroidetes;c__Bacteroidia;o__Bacteroidales;f__Bacteroidaceae;g__Bacteroides;s__Bacteroides_salanitronis
k__Bacteria;p__Bacteroidetes;c__Bacteroidia;o__Bacteroidales;f__Bacteroidaceae;g__Bacteroides;s__Bacteroides_vulgatus	1.0	0.0371869022835	0.0112387853025	-0.00422642592419	-0.00444636000529	-0.000333925875002	-0.0609812961277	0.0173416380779	0.00912860526687	-0.1161770694	0.0029648742854	0.00321845619991	-0.0283275861061	-0.0255851120498	-0.0168767021995	0.00143648926669	0.0241220832813	0.0110820203037	-0.0495000251794	0.019327362363	-0.118485782134	0.0165522036439	-0.0197101919753	-0.0296230954813	-0.021733594368	-0.0368864519108	-0.0541670615613	-0.0542202202353	0.00352240911055	-0.0239792931601	0.0214097288467	0.00558706364521	-0.0151838613492	0.0365282671043	-0.0201756175282	-0.0138003824612	-0.0150908194774	0.0448968650137	0.0504777329845	-0.0585369321758	0.0506415422418	-0.0356560961874	0.0294459662598	-0.0658668876652	-0.0809179995589	0.0132655618038	0.036335598505	-0.0474425460108	0.012094589591	-0.0245292533851	0.0157349835833	0.0336080757349	-0.0187967112953	0.00940257265972	-0.0408352466016	-0.0283993448397	0.0524759780899	-0.00168194984738	0.0481484812799
k__Bacteria;p__Bacteroidetes;c__Bacteroidia;o__Bacteroidales;f__Bacteroidaceae;g__Bacteroides;s__Bacteroides_uniformis	0.0371869022835	1.0	-0.0163745408387	-0.0096415621663	-0.0342834568409	-0.0356184615042	-0.0402178866438	0.015356483336	0.0433458736464	0.01781293936	-0.00637761913529	-0.0363393516471	0.0137595446584	0.00696115195835	0.0529110620487	0.00629777261229	0.0186541079457	0.0177330020229	0.0168005901873	-0.00749719278171	-0.0250349630044	-0.0439920663187	-0.0599446045294	-0.0406886122902	-0.0191229595969	-0.0417551981875	-0.0196167695987	-0.0367621558837	0.00267422482212	-0.046581835045	-0.00559143036964	-0.0102530541273	-0.070558358774	-0.0177200415049	-0.0416313565979	0.0129873124251	0.00884992412096	-0.0506420022826	-0.00439540647244	-0.0305187576034	-0.0775231690603	-0.00459282689569	-0.0436793517939	-0.0380082888839	-0.0117216897671	0.0327613416445	0.0231961147296	-0.0116764620195	-0.00419407389705	-0.0450070244896	-0.0448870259678	-0.0317079215199	-0.00489906022864	-0.00851275531936	-0.0222558727691	0.046682154373	0.0082570909898	-0.0124444231568	-0.00755827984938
k__Bacteria;p__Bacteroidetes;c__Bacteroidia;o__Bacteroidales;f__Rikenellaceae;g__Alistipes;s__Alistipes_putredinis	0.0112387853025	-0.0163745408387	1.0	-0.00272942298315	-0.0133141141363	-0.0198130971086	-0.0888175934229	0.0175296993939	0.0419027878981	-0.0616661467175	0.0339561319144	-0.0132589055462	-0.0103786094041	-0.0123340566897	0.0373282955431	-0.0903069308775	-0.0482411940096	0.0194056866282	-0.00851358913708	0.0481810005001	-0.0192917019345	0.0578361222168	-0.0264521775151	0.016627341478	-0.0177224878814	-0.031163193139	0.0304741746757	-0.00916595081225	-0.0269462752589	0.0303606552359	0.0298382981596	-0.0247729492566	-0.0250171479434	0.028322752259	-0.0418347583026	-0.0179886440614	-0.0170357732149	-0.0523406644189	-0.058889113161	0.00782314981146	-0.0237458001038	0.0265836264119	-0.0468502087673	0.0379295832805	0.0988644746093	0.0279068581985	0.00545156168177	0.0217275508357	0.0235755355098	-0.0550539489596	-0.00371043444597	-0.0672362304528	-0.0027503620596	-0.0515523777652	0.0458891194168	-0.0750057301779	0.0516129217311	0.0233620244874	-0.0332397787016
k__Bacteria;p__Bacteroidetes;c__Bacteroidia;o__Bacteroidales;f__Prevotellaceae;g__Prevotella;s__Prevotella_copri	-0.00422642592419	-0.0096415621663	-0.00272942298315	1.0	-0.0736670333033	0.0335465956538	0.0381845548474	0.0401523905625	-0.0308390797435	0.0282556125396	-0.0224256726839	-0.00443616306255	-0.00786734545243	-0.0436873696361	-0.0139184914424	0.00100838627586	-0.0227028404904	-0.0256189404861	-0.00344025278095	-0.00351609503313	0.0422720292379	0.000300016793101	-0.0139573101756	-0.0330292323946	0.0381626169087	-0.0266583086689	0.000137226687692	-0.00747606942147	0.0990124397013	0.052226805095	-0.0151389463479	-0.0109928746043	-0.061182832583	-0.0502673916082	-0.0252217806608	0.00903403195872	-0.0300005856533	-0.0109498550359	-0.0345020423304	0.0808769261981	-0.0551831753387	-0.0187190678616	0.00904304917476	-0.029975535967	0.0193681289546	0.0414131547184	0.0627921788882	-0.0162980950175	0.0127849198574	-0.0337630676327	-0.0528928738988	0.044741273917	-0.0434681706935	-0.0955729805738	-0.0655547211273	-0.0256233960616	-0.000349848201669	-0.01648209173	0.0256813113139
k__Bacteria;p__Bacteroidetes;c__Bacteroidia;o__Bacteroidales;f__Bacteroidaceae;g__Bacteroides;s__Bacteroides_stercoris	-0.00444636000529	-0.0342834568409	-0.0133141141363	-0.0736670333033	1.0	-0.0220504728227	0.0634558157474	-0.0186824036562	0.0133151379591	0.0535048361889	-0.0357856447847	-0.0175217710914	-0.000537524995717	-0.0309331480362	0.0059233743756	-0.00923525386833	-0.0258626884098	-0.0292232548933	0.0206476383458	0.00276674433457	-0.000752664182652	-0.0432358918507	0.0313539198463	0.0442490006117	-0.0273198134731	-0.0628711387548	0.0330948346378	-2.8702999766e-05	0.0210457701641	0.0304977864184	-0.0401457052183	-0.00902435504969	-0.0408726252323	-0.0630400703083	0.0059526651779	0.0255610425679	-0.034733006139	-0.047972963012	0.0251085172197	-0.00292459382709	0.00391279905587	-0.0423441827215	0.0107237434811	0.0557341516371	0.0712260227811	0.0331813434557	-0.00394221214065	-0.00889629743311	0.00968701446869	-0.0689058942523	-0.0181126260998	0.00156264328416	-0.0165382102252	-0.077000209567	-0.0498853680609	0.0291549917971	-0.021901578347	0.0219426909627	-0.0378870129097
k__Bacteria;p__Bacteroidetes;c__Bacteroidia;o__Bacteroidales;f__Bacteroidaceae;g__Bacteroides;s__Bacteroides_ovatus	-0.000333925875002	-0.0356184615042	-0.0198130971086	0.0335465956538	-0.0220504728227	1.0	-0.0659211937782	-0.090155121521	-0.0654125423756	0.00620823156321	0.0375165941437	-0.0182321307445	-0.0765915072452	-0.020689273881	-0.0119725676136	-0.00275530788675	-0.0131736232853	0.00236710446045	-0.0010533881541	-0.046843591672	-0.0421149205827	0.00556157004753	-0.0294029271248	-0.0586192123779	-0.0235955137697	-0.016690205881	-0.029150386387	-0.0591833051069	-0.0449776314028	0.00199794555535	0.0543049962964	-0.0180282027485	0.0131813243338	-0.0396856123893	0.0375538827997	0.0202272114027	-0.0196522350879	-0.0108269657686	0.0549970188076	-0.0165142736739	-0.0257374377231	-0.0141703434739	-0.0384062455258	0.00851087933885	-0.0031802544437	-0.0115056045397	-0.0462939568359	0.0625371306064	-0.0591770241864	0.0386675764412	0.0361953838328	-0.0399420487689	0.0558557241815	0.000737358701685	0.0325884983714	-0.0205251930197	0.0128669488878	0.0390097574457	0.0410002595265
k__Bacteria;p__Bacteroidetes;c__Bacteroidia;o__Bacteroidales;f__Rikenellaceae;g__Alistipes;s__Alistipes_shahii	-0.0609812961277	-0.0402178866438	-0.0888175934229	0.0381845548474	0.0634558157474	-0.0659211937782	1.0	-0.0072868845803	-0.00751232965118	-0.0496605653952	-0.0437125262432	-0.084556534782	-0.0627585597438	0.0205961535772	0.00906832081723	-0.0361043858768	-0.0857713879272	-0.0374827623787	-0.0229688040623	-0.0279344942402	0.000550455818604	-0.0122071171795	0.0114815118124	0.0669768130117	-0.0265772814516	-0.0299658084	-0.0507244036562	0.0727475888539	0.0273912322337	-0.0272141280154	-0.0300755787185	-0.0278128262395	0.0491802767684	-0.0113729256469	-0.0112806702214	-0.0235262876161	0.0450451141262	-0.0231810393643	0.0208615913618	-0.0135075592415	0.00178156418981	0.0321269255665	-0.00506653879912	-0.0111120676127	-0.0172570273246	0.00640899036045	-0.0151906085227	-0.0542366425295	-0.0111533088167	0.0022143167241	-0.042450111412	0.00660628620225	0.00715925885334	0.0429642651372	-0.0160657323898	-0.0597418250211	-0.0423288537485	0.00507427844227	0.0177821618206
k__Bacteria;p__Firmicutes;c__Clostridia;o__Clostridiales;f__Ruminococcaceae;g__Faecalibacterium;s__Faecalibacterium_prausnitzii	0.0173416380779	0.015356483336	0.0175296993939	0.0401523905625	-0.0186824036562	-0.090155121521	-0.0072868845803	1.0	0.000398675314265	0.0223354760324	-0.0116712586118	-0.000334376253953	-0.00802781589244	-0.0190344957512	0.0213297318218	0.0386187025034	0.00793087571582	-0.0299133487393	-0.0106713429299	0.052408970183	-0.0597388091308	-0.0322644054206	-0.0238248159338	-0.024153019143	0.0296960413873	0.0622462380138	-0.0495729169093	-0.0355734015022	0.0161801668002	0.0469901991298	0.0545650985774	0.0461900923577	-0.0231739040334	-0.0445110063279	0.0293162703657	0.0527472970399	-0.0591297295469	0.00980426503844	-0.0132754991231	-0.0373806720735	-0.0206008724219	-0.0602379465357	0.0164594992409	0.00643530648406	-0.0623038548137	-0.026218574402	-0.00751382589566	0.038582431271	0.0380005075675	-0.0260601491481	0.00656557296831	-0.0060183130261	-0.0643061970908	-0.0785624818519	-0.00444116821961	-0.0489252270073	-0.005937705177	0.0132675858059	0.0329609274673
k__Bacteria;p__Bacteroidetes;c__Bacteroidia;o__Bacteroidales;f__Rikenellaceae;g__Alistipes;s__Alistipes_finegoldii	0.00912860526687	0.0433458736464	0.0419027878981	-0.0308390797435	0.0133151379591	-0.0654125423756	-0.00751232965118	0.000398675314265	1.0	0.0369972645685	-0.0243408527354	-0.0165900342873	0.00525828377396	-0.0042521482254	-0.0370724987661	-0.0380293389891	0.0507139836394	-0.0494839876225	0.00580483235582	0.0340176948595	-0.0500063907719	-0.0194389123471	-0.00878156383994	0.021391674784	0.037308644716	-0.018078273275	-0.0559143995534	0.00493592893009	-0.0442319102419	-0.0167180038246	0.00200957995593	0.0143596068629	0.0606378488012	0.0349776889366	0.00521574200101	-0.0367514912754	-0.0605248805839	0.0058336006344	-0.0331854552049	-0.0447625806907	0.00919726556085	0.0404445291935	0.0367829440808	-0.0544341474831	-0.00253784548818	0.00394052992789	0.0137900632889	-0.0413616888934	-0.0540061105288	-0.0133065684181	0.0172112448246	-0.0211898387851	0.00968067913026	-0.0104645167377	-0.015554291889	-0.000373753062907	-0.00376347185641	-0.0130750979833	-0.00969283450312
k__Bacteria;p__Bacteroidetes;c__Bacteroidia;o__Bacteroidales;f__Porphyromonadaceae;g__Parabacteroides;s__Parabacteroides_distasonis	-0.1161770694	0.01781293936	-0.0616661467175	0.0282556125396	0.0535048361889	0.00620823156321	-0.0496605653952	0.0223354760324	0.0369972645685	1.0	-0.00274486059152	-0.0373823938365	0.0057340738056	-0.0386241073563	0.0111719542474	0.0073329491055	0.00633278271523	-0.0271309654294	-0.00405352283635	-0.005582357295	-0.000308870742817	-0.0350264295524	-0.0640430419348	-0.0390637455402	0.0646090048904	-0.0334641267182	0.0185085488008	-0.0160621767706	-0.0288305933525	0.026820129928	-0.0161254538029	0.0255810332056	0.0479377532396	-0.0397388213224	-0.00956838342778	0.0344276082907	-0.03950159713	-0.0127473879757	-0.0481121654916	0.0314680094883	0.00886098839348	-0.0355575438926	0.0250211319218	0.0416699614251	-0.00944145602202	-0.0383265842157	0.0344024704891	0.0114447367735	0.0121974216203	0.0397649415552	-0.0280757156366	0.0299781283556	-0.00647762860081	-0.0326640647383	-0.00155454320378	-0.00457328894949	0.0220120956286	-0.0203877799098	-0.0238165118288
k__Bacteria;p__Bacteroidetes;c__Bacteroidia;o__Bacteroidales;f__Bacteroidaceae;g__Bacteroides;s__Bacteroides_thetaiotaomicron	0.0029648742854	-0.00637761913529	0.0339561319144	-0.0224256726839	-0.0357856447847	0.0375165941437	-0.0437125262432	-0.0116712586118	-0.0243408527354	-0.00274486059152	1.0	0.000151145938855	-0.0257465975335	0.0359563324688	-0.0315987384545	-0.0188359729744	-0.0117544031324	0.00252636371617	-0.000567014756268	0.0265469769151	-0.0397483722465	0.035800775729	0.0305639231008	-0.0179226573875	-0.0218518741187	-0.0636407302788	-0.0162945914901	-0.0368463468689	-0.0458472117572	-0.0549315595573	0.0235301137395	-0.092245411366	0.00155390312774	-0.03627221358	-0.0481505924117	-0.0241146353616	0.0159328454185	0.0206189595939	0.0658840992074	0.0393765118109	-0.0168719638813	-0.00839069000937	0.0331372283693	-0.0349699602929	-0.0371992303337	-0.04694832345	-0.0159426650656	-0.0294975657365	-0.0476334751073	0.0345069079818	0.0201280937553	0.0173492459347	0.0249914465082	0.0179890233402	-0.0532735009462	-0.0319078881234	-0.0050715838105	-0.00867895001821	-0.0449919106091
k__Bacteria;p__Bacteroidetes;c__Bacteroidia;o__Bacteroidales;f__Bacteroidaceae;g__Bacteroides;s__Bacteroides_coprocola	0.00321845619991	-0.0363393516471	-0.0132589055462	-0.00443616306255	-0.0175217710914	-0.0182321307445	-0.084556534782	-0.000334376253953	-0.0165900342873	-0.0373823938365	0.000151145938855	1.0	0.0243891291194	-0.0732625981847	-0.0359016623974	-0.0281383806648	-0.0443289301653	0.0141351807953	0.0320027042538	0.0215228223996	0.0545641178256	0.00400944920992	0.0279101802809	-0.0353860126281	0.00501250466277	0.0278792271204	0.0225118434837	-0.00386926615864	-0.0281283024119	0.0459101768889	0.0158898962532	-0.0565171731098	0.0153238617289	-0.0283487249586	0.0105091367709	-0.035076540299	-0.0122494892731	0.0077002124012	-0.0204714054829	-0.000378802321555	0.0743125503782	0.0414981022714	-0.0218172948264	-0.0244311223941	-0.033880876419	-0.0615051047181	-0.0344880345758	-0.00155280722016	-0.00670200234149	0.0113288954409	0.0217255817123	0.0401873570573	0.00787674610867	0.0118407737821	-0.0170508375174	0.0317132971482	0.0131575660806	0.0349291933988	0.00256647560364
k__Bacteria;p__Bacteroidetes;c__Bacteroidia;o__Bacteroidales;f__Bacteroidaceae;g__Bacteroides;s__Bacteroides_cellulosilyticus	-0.0283275861061	0.0137595446584	-0.0103786094041	-0.00786734545243	-0.000537524995717	-0.0765915072452	-0.0627585597438	-0.00802781589244	0.00525828377396	0.0057340738056	-0.0257465975335	0.0243891291194	1.0	0.0132572887386	0.0118151310139	-0.0625026376308	-0.00679165173325	-0.0276645680981	-0.0480102651442	-0.0198709436828	-0.0298456362916	-0.0043916221645	0.0172720364967	0.0197657328369	-0.0364297683609	0.0181098068299	0.00573390414179	0.0363302764206	-0.0315192933511	-0.029923787061	-0.0229158145963	0.0538221243427	-0.0345689720716	-0.0170515178397	-0.0010595233324	-0.0248603078518	0.00780394514619	0.024085973816	0.042375730575	0.0225595540522	0.0370923814758	0.0149065667853	0.046711316868	-0.0244638006485	-0.0339238540919	0.0359928726869	-0.0268270858466	0.0121019569704	0.0365886620237	0.0423465802356	-0.0249985694344	-0.0235660092131	-0.0420539323627	-0.0278275782129	-0.0210182718947	-0.0321933591292	-0.0261545810704	-0.00384818396818	-0.00562493714978
k__Bacteria;p__Bacteroidetes;c__Bacteroidia;o__Bacteroidales;f__Rikenellaceae;g__Alistipes;s__Alistipes_obesi	-0.0255851120498	0.00696115195835	-0.0123340566897	-0.0436873696361	-0.0309331480362	-0.020689273881	0.0205961535772	-0.0190344957512	-0.0042521482254	-0.0386241073563	0.0359563324688	-0.0732625981847	0.0132572887386	1.0	-0.0530870999402	0.0143117700304	-0.0532770470058	-0.0187668171712	-0.0203448286166	0.0349203295152	-0.0503442481748	0.0381940846918	-0.00256795968056	0.00425731145248	0.00139370181884	0.0617546376366	-0.0365763795535	0.0342202584765	0.0427381981598	-0.029243529548	-0.035755252476	-0.0419014764645	0.0115003657747	-0.0766140583504	-0.0257613535985	-0.0305919436116	-0.0494716596221	-0.0404101750535	0.0283526672389	-0.00238667394376	-0.021369369182	-0.0486402687383	-0.0449410998657	-0.0352783852981	0.00789265588258	-0.00994432881856	0.0266465108109	-0.0560681250514	-0.0199184936645	0.00689829735164	-0.00711276597535	-0.0028809743469	-0.00348690069227	0.0378113577902	0.0567116555288	0.0803956264312	-0.0558790482275	0.0481583935962	-0.00951359010116
k__Bacteria;p__Firmicutes;c__Clostridia;o__Clostridiales;f__Lachnospiraceae;g__;s__[Eubacterium]_rectale	-0.0168767021995	0.0529110620487	0.0373282955431	-0.0139184914424	0.0059233743756	-0.0119725676136	0.00906832081723	0.0213297318218	-0.0370724987661	0.0111719542474	-0.0315987384545	-0.0359016623974	0.0118151310139	-0.0530870999402	1.0	-0.0265013739778	-0.0120759541846	0.0447186315437	-0.0456054954591	0.00800397627398	0.0307047722208	0.020247105236	0.004889027632	0.0159841245259	-0.017825004045	-0.0286245015084	0.017129533293	-0.0374461895597	-0.0116615518686	0.0398835927808	-0.0290446744491	-0.0314811954681	-0.0570704316993	-0.0236818927425	-0.0349509479355	-0.0555074719783	0.0417369120019	-0.00637375934805	-0.0171428215431	0.00812429678333	-0.0582444625045	-0.0358112201907	-0.0174293273361	-0.0840535988201	0.0432514241351	-0.00414790014773	-0.0289491460466	-0.0230063148865	-0.0289502869126	0.00388065445843	-0.00806208061543	-0.00880789190304	-0.0323913472043	0.00406505213557	-0.0406004126863	0.052971959457	-0.023386059647	-0.0122627451697	-0.0376174623166
k__Bacteria;p__Bacteroidetes;c__Bacteroidia;o__Bacteroidales;f__Bacteroidaceae;g__Bacteroides;s__Bacteroides_plebeius	0.00143648926669	0.00629777261229	-0.0903069308775	0.00100838627586	-0.00923525386833	-0.00275530788675	-0.0361043858768	0.0386187025034	-0.0380293389891	0.0073329491055	-0.0188359729744	-0.0281383806648	-0.0625026376308	0.0143117700304	-0.0265013739778	1.0	-0.00219995344367	0.0206390907292	-0.0227748738972	-0.0320530182388	-0.00883502788235	-0.0535034582867	-0.0325782564705	-0.0100901665829	-0.0383336481969	0.00355688776934	0.046548453804	0.00267966680621	-0.030777558683	-0.0257351058216	-0.0148993574051	0.0386273069861	-0.054929624685	0.00974714914012	-0.048956891934	0.0577687025788	-0.00296676084739	0.0242355439715	0.0118971125667	0.077218374503	0.00532870815422	-0.00417805933424	-0.0158875892901	-0.0417278332525	-0.0146498162206	-0.00345562644914	0.019738285056	-0.0086340290396	-0.0150710169216	0.00386533245074	-0.0304989157197	-0.0295299123539	0.00212213456481	-0.00826002851024	-0.0550052810129	-0.0120403496328	0.0292042166411	-0.0229085526065	-0.00817695038395
k__Bacteria;p__Bacteroidetes;c__Bacteroidia;o__Bacteroidales;f__Bacteroidaceae;g__Bacteroides;s__Bacteroides_fragilis	0.0241220832813	0.0186541079457	-0.0482411940096	-0.0227028404904	-0.0258626884098	-0.0131736232853	-0.0857713879272	0.00793087571582	0.0507139836394	0.00633278271523	-0.0117544031324	-0.0443289301653	-0.00679165173325	-0.0532770470058	-0.0120759541846	-0.00219995344367	1.0	0.0105403787379	0.0693980130003	-0.0243253727273	0.0400111328593	-0.0873195458321	-0.0381367647988	-0.023062661524	0.0370181274417	-0.0264657060822	-0.0197012002359	0.0275517463588	0.0288693135167	-0.00587766210715	-0.0391772532508	-0.0965008981553	-0.0332701077588	-0.0447016826118	-0.00448438508019	0.0236362130216	0.053075777809	0.0142160247068	0.00148969383742	-0.0704770487433	0.0227303275087	-0.0287331930267	-0.0241652078366	0.0468625445689	-0.026028767428	0.0522628751213	-0.0619359819672	-0.00252148109432	0.00430633036151	-0.0134212361615	-0.0133293918906	0.0203685701306	-0.0323212895595	0.0367102255118	0.0259432637608	-0.0631374579091	0.060574721141	-0.0151457073928	0.0191813181676
k__Bacteria;p__Proteobacteria;c__Betaproteobacteria;o__Burkholderiales;f__Sutterellaceae;g__Sutterella;s__Sutterella_wadsworthensis	0.0110820203037	0.0177330020229	0.0194056866282	-0.0256189404861	-0.0292232548933	0.00236710446045	-0.0374827623787	-0.0299133487393	-0.0494839876225	-0.0271309654294	0.00252636371617	0.0141351807953	-0.0276645680981	-0.0187668171712	0.0447186315437	0.0206390907292	0.0105403787379	1.0	0.00451228211324	-0.0646010937996	0.00713319420905	0.0252587481674	-0.00995160682629	-0.00284942446524	-0.0271269733877	-0.0270407212479	0.0739295237949	-0.0234807219451	0.0254851482966	0.0191944099709	-0.0324021882192	0.0533336511438	-0.0170101085125	0.0618261597044	-0.0251901263418	-0.0563911675737	-0.00921606948516	-0.0377514332427	-0.0186334063414	-0.0679085604827	0.00869692405884	-0.0852557061361	-0.00145967494151	0.00193047769335	0.00436626194623	0.0212943793667	-0.0212469423876	-0.0112256176709	-0.0225854415399	-0.0732053777829	0.0145383742752	0.0499212448767	0.0194400652637	-0.00353598715254	0.00484545381178	-0.00191883983038	-0.0334642343477	-0.00787172737353	0.0227668760357
k__Bacteria;p__Bacteroidetes;c__Bacteroidia;o__Bacteroidales;f__Porphyromonadaceae;g__Barnesiella;s__Barnesiella_intestinihominis	-0.0495000251794	0.0168005901873	-0.00851358913708	-0.00344025278095	0.0206476383458	-0.0010533881541	-0.0229688040623	-0.0106713429299	0.00580483235582	-0.00405352283635	-0.000567014756268	0.0320027042538	-0.0480102651442	-0.0203448286166	-0.0456054954591	-0.0227748738972	0.0693980130003	0.00451228211324	1.0	-0.0339568128774	-0.0401640088252	-0.0419621131105	-0.0400754970349	-0.0201209180825	-0.003996271418	0.00765353402186	-0.00886976141846	0.0429917811739	0.0139423447281	-0.077927092418	-0.00113197342861	-0.0369132546019	-0.046745561842	0.0193711246344	0.0538611965532	-0.0221505726924	-0.0593313664482	-0.0244320100898	-0.0276416999226	-0.000803567826263	0.0267888085274	-0.0244787491501	-0.00870267151657	-0.00786813138219	-0.00580558127057	0.0183064623372	0.0207179395773	-0.0670447473916	-0.0669878335146	0.00491603898896	-0.0540593010252	-0.018932202095	0.044311157211	0.0450335007731	-0.0023846056907	-0.0415947399067	-0.0229077853231	-0.0531988259417	-0.0126557745669
k__Bacteria;p__Bacteroidetes;c__Bacteroidia;o__Bacteroidales;f__Odoribacteraceae;g__Odoribacter;s__Odoribacter_splanchnicus	0.019327362363	-0.00749719278171	0.0481810005001	-0.00351609503313	0.00276674433457	-0.046843591672	-0.0279344942402	0.052408970183	0.0340176948595	-0.005582357295	0.0265469769151	0.0215228223996	-0.0198709436828	0.0349203295152	0.00800397627398	-0.0320530182388	-0.0243253727273	-0.0646010937996	-0.0339568128774	1.0	0.0400454394793	-0.0691189216523	0.00960334454317	0.0690211715868	0.0521366856963	-0.0197068008411	0.0279681398452	-0.0161155868276	-0.0120797431867	-0.0103302261872	-0.0290702332694	-0.0359763984172	0.00737145216207	-0.0245167997594	-0.0607763742215	-0.0421922429913	0.00455937683809	0.0255804101024	0.00786110157167	0.0123283778163	-0.00261032413942	-0.0314383796728	-0.053978193118	-0.0136771736222	-0.0320902157027	-0.0505439630094	-0.0668939928745	-0.081964000538	0.0636853916376	-0.0240205475219	-0.00930646153807	0.0132534377629	0.0071343829896	0.0060624359165	-0.117945385491	0.0315147422044	-0.0287571539782	0.0140859338659	0.0203382607927
k__Bacteria;p__Bacteroidetes;c__Bacteroidia;o__Bacteroidales;f__Bacteroidaceae;g__Bacteroides;s__Bacteroides_salyersiae	-0.118485782134	-0.0250349630044	-0.0192917019345	0.0422720292379	-0.000752664182652	-0.0421149205827	0.000550455818604	-0.0597388091308	-0.0500063907719	-0.000308870742817	-0.0397483722465	0.0545641178256	-0.0298456362916	-0.0503442481748	0.0307047722208	-0.00883502788235	0.0400111328593	0.00713319420905	-0.0401640088252	0.0400454394793	1.0	-0.0120708237808	-0.00915230677596	-0.069799496898	-0.00777807182395	0.0370094548062	-0.0269068281802	0.0247117589744	0.0317481451836	0.00111972730693	0.000122345622422	-0.0440439305089	0.00799733812828	0.0263895480637	-0.00413071876226	0.0518814555641	-0.00178153543292	0.0301938913126	0.0101655353018	-0.0398187269138	-0.00659842248705	-0.0329620108873	-0.00920864666637	0.00560643788454	-0.00206440177664	0.0104201473571	-0.0428951529425	-0.0246597256653	0.00536770485458	0.0150877546018	0.0215853281638	0.0120286912305	0.0158643684717	-0.034199771807	0.0333707902953	-0.034248399599	0.0164830086972	-0.0519461648963	-0.0269363733496
k__Bacteria;p__Firmicutes;c__Clostridia;o__Clostridiales;f__Ruminococcaceae;g__Ruminiclostridium;s__[Eubacterium]_siraeum	0.0165522036439	-0.0439920663187	0.0578361222168	0.000300016793101	-0.0432358918507	0.00556157004753	-0.0122071171795	-0.0322644054206	-0.0194389123471	-0.0350264295524	0.035800775729	0.00400944920992	-0.0043916221645	0.0381940846918	0.020247105236	-0.0535034582867	-0.0873195458321	0.0252587481674	-0.0419621131105	-0.0691189216523	-0.0120708237808	1.0	-0.022169242058	-0.005516927765	0.0906104401724	-0.00620969452968	-0.009696896736	-0.000477950181534	-0.0426565939533	-0.00766870850225	0.0289761217603	0.0118963675058	-0.0508157729134	0.0243132544761	0.0406128153516	-0.0532510511607	0.00548643508933	-0.0731911013825	-0.0449606292844	0.0503479657387	0.0359018800929	-0.0357838895531	-0.0301939485107	-0.0214858624537	0.0368664143181	-0.0372480046994	-0.0682666266456	0.0478073313094	-0.0435696635272	-0.00441818546455	-0.0412488420609	0.0428044500896	0.0408421384139	-0.0207504087717	0.023501069817	-0.0240575483949	-0.0568255040971	-0.0353311395382	-0.0253057315111
k__Bacteria;p__Proteobacteria;c__Betaproteobacteria;o__Burkholderiales;f__Sutterellaceae;g__Parasutterella;s__Parasutterella_excrementihominis	-0.0197101919753	-0.0599446045294	-0.0264521775151	-0.0139573101756	0.0313539198463	-0.0294029271248	0.0114815118124	-0.0238248159338	-0.00878156383994	-0.0640430419348	0.0305639231008	0.0279101802809	0.0172720364967	-0.00256795968056	0.004889027632	-0.0325782564705	-0.0381367647988	-0.00995160682629	-0.0400754970349	0.00960334454317	-0.00915230677596	-0.022169242058	1.0	0.0102760952159	-0.0108893706099	-0.0122207257275	0.00552151848496	0.0915843407897	0.0679907101579	0.00968576385092	0.0530630813424	0.0450296642525	-0.0247339963053	0.0403080854673	0.0212734546854	-0.0323135283291	0.0233964423192	0.0531956934242	0.0178214310479	0.016145590698	-0.00434077116678	0.0013960585131	-0.030716291646	-0.065152943136	-0.0337943306819	-0.0466980869849	0.00963836849906	-0.0183130873397	0.0191789760775	-0.062552515424	-0.0163064318141	-0.0223640885278	-0.0618777225895	0.0289294181055	-0.0610461025718	0.0222001073761	-0.0218432761734	-0.0960597924781	-0.0460965260467
k__Bacteria;p__Actinobacteria;c__Actinobacteria;o__Bifidobacteriales;f__Bifidobacteriaceae;g__Bifidobacterium;s__Bifidobacterium_adolescentis	-0.0296230954813	-0.0406886122902	0.016627341478	-0.0330292323946	0.0442490006117	-0.0586192123779	0.0669768130117	-0.024153019143	0.021391674784	-0.0390637455402	-0.0179226573875	-0.0353860126281	0.0197657328369	0.00425731145248	0.0159841245259	-0.0100901665829	-0.023062661524	-0.00284942446524	-0.0201209180825	0.0690211715868	-0.069799496898	-0.005516927765	0.0102760952159	1.0	-0.0517276611624	-0.0636337612158	-0.00480760469127	0.00757136210034	0.0336834143803	0.00940355080846	-0.0145232698154	0.0206570964073	0.0514639447515	-0.0181792069744	-0.0268746436485	0.0123572567025	-0.0658200114693	-0.0824169309781	-0.030361928676	-0.00230086291739	-0.00446128899879	0.075345627709	-0.0459963590161	0.0604175372768	-0.042344435653	-0.0524216565261	-0.00724524639715	-0.0195451863792	0.0513406954379	-0.0313754038974	0.00502473227255	-0.00969461813864	0.0201423311471	0.00319190310355	-0.0085934704326	-0.0213489263166	-0.0585695800178	-0.029587121215	0.0069312407758
k__Bacteria;p__Firmicutes;c__Clostridia;o__Clostridiales;f__Oscillospiraceae;g__Oscillibacter;s__Oscillibacter_sp._KLE_1745	-0.021733594368	-0.0191229595969	-0.0177224878814	0.0381626169087	-0.0273198134731	-0.0235955137697	-0.0265772814516	0.0296960413873	0.037308644716	0.0646090048904	-0.0218518741187	0.00501250466277	-0.0364297683609	0.00139370181883	-0.017825004045	-0.0383336481969	0.0370181274417	-0.0271269733877	-0.003996271418	0.0521366856963	-0.00777807182395	0.0906104401724	-0.0108893706099	-0.0517276611624	1.0	0.0370605153459	-0.00488614037488	0.021301584707	-0.0708365639006	0.0287785088983	0.0501523774984	-0.0372710137255	-0.00817142129889	-0.0107147242409	-0.05788658324	-0.012462265679	-0.0213443923962	0.0673745990964	-0.0075175908375	-0.0468449926998	-0.00340216439177	0.0514096596028	0.0137233242615	-0.0464369780527	-0.0165968415383	0.0134899369245	0.0129219054346	0.0249182359149	-0.000950066607947	0.0308330599211	-0.0260642931873	-0.0194427520284	-0.0417435417849	-0.0184502219841	-0.046567614793	-0.000789070260902	-0.0463544940788	0.0166586370729	-0.0553418265369
k__Bacteria;p__Bacteroidetes;c__Bacteroidia;o__Bacteroidales;f__Bacteroidaceae;g__Bacteroides;s__Bacteroides_coprophilus	-0.0368864519108	-0.0417551981875	-0.031163193139	-0.0266583086689	-0.0628711387548	-0.016690205881	-0.0299658084	0.0622462380138	-0.018078273275	-0.0334641267182	-0.0636407302788	0.0278792271204	0.0181098068299	0.0617546376366	-0.0286245015084	0.00355688776934	-0.0264657060822	-0.0270407212479	0.00765353402186	-0.0197068008411	0.0370094548062	-0.00620969452968	-0.0122207257275	-0.0636337612158	0.0370605153459	1.0	-0.0563092882791	0.0425388886814	-0.0192752228408	-0.000677501908038	0.00651953069652	0.0032201558987	-0.0358474439503	-0.023893871374	0.00821762585234	-0.0591330518213	-0.0223311975423	-0.0394075596149	0.0148634300812	-0.0314188846727	0.0204401399226	-0.0486657380521	-0.00146369733466	-0.0165130999025	-0.0504492877116	-0.0240710737398	0.00719366697517	0.0050920594479	-0.0745193191399	0.0131644155495	0.00928395311776	-0.00383800414361	0.0202407579407	0.0718335930541	0.0165840784623	0.0187181596091	-0.0237239664699	-0.0376546139159	0.0178682693572
k__Bacteria;p__Firmicutes;c__Clostridia;o__Clostridiales;f__Lachnospiraceae;g__Roseburia;s__Roseburia_intestinalis	-0.0541670615613	-0.0196167695987	0.0304741746757	0.000137226687692	0.0330948346378	-0.029150386387	-0.0507244036562	-0.0495729169093	-0.0559143995534	0.0185085488008	-0.0162945914901	0.0225118434837	0.00573390414179	-0.0365763795535	0.017129533293	0.046548453804	-0.0197012002359	0.0739295237949	-0.00886976141846	0.0279681398452	-0.0269068281802	-0.009696896736	0.00552151848496	-0.00480760469127	-0.00488614037488	-0.0563092882791	1.0	-0.0260204424683	-0.0427390936837	-0.0194522381404	-0.0175615745095	-0.0149970820607	0.0130943946713	-0.0041012767772	0.0166452400671	-0.0178318925824	0.0260088303907	-0.0927602422466	-0.0277594338084	-0.0493504531174	-0.00684084376916	-0.0488241968141	0.00283175398259	-0.0260271609786	-0.0592884738337	0.00906611278309	-0.00437270799242	-0.0359162416413	-0.00982795027974	-0.0129867857313	0.00584748111255	-0.0136163580716	-0.00247590863049	-0.0110893452897	0.00558664405814	0.0155207362274	-0.00191216959381	0.00444051766621	-0.00278019894339
k__Bacteria;p__Firmicutes;c__Clostridia;o__Clostridiales;f__Lachnospiraceae;g__Roseburia;s__Roseburia_hominis	-0.0542202202353	-0.0367621558837	-0.00916595081225	-0.00747606942147	-2.87029997661e-05	-0.0591833051069	0.0727475888539	-0.0355734015022	0.00493592893009	-0.0160621767706	-0.0368463468689	-0.00386926615864	0.0363302764206	0.0342202584765	-0.0374461895597	0.00267966680621	0.0275517463588	-0.0234807219451	0.0429917811739	-0.0161155868276	0.0247117589744	-0.000477950181534	0.0915843407897	0.00757136210034	0.021301584707	0.0425388886814	-0.0260204424683	1.0	0.037313284899	-0.0451654074856	0.00486828172453	-0.0300271464547	-0.0298605153393	-0.0137384984416	-0.0599384316319	-0.012660374087	0.0391611048368	-0.0307324894389	-0.0397003149484	-0.0915925195141	0.0421666733189	0.00683755109557	0.0234717710857	0.00681764873376	-4.78498096889e-05	-0.0664235296897	0.00243357285677	0.00146738290912	-0.00393782717264	-0.0276334620876	-0.0432000781009	0.00518115957788	0.0332879788967	0.000303077979167	-0.0081041924469	-0.00622767798731	-0.0150478378983	-0.0169986604985	-0.0544768743058
k__Bacteria;p__Bacteroidetes;c__Bacteroidia;o__Bacteroidales;f__Porphyromonadaceae;g__Parabacteroides;s__Parabacteroides_johnsonii	0.00352240911055	0.00267422482212	-0.0269462752589	0.0990124397013	0.0210457701641	-0.0449776314028	0.0273912322337	0.0161801668002	-0.0442319102419	-0.0288305933525	-0.0458472117572	-0.0281283024119	-0.0315192933511	0.0427381981598	-0.0116615518686	-0.030777558683	0.0288693135167	0.0254851482966	0.0139423447281	-0.0120797431867	0.0317481451836	-0.0426565939533	0.0679907101579	0.0336834143803	-0.0708365639006	-0.0192752228408	-0.0427390936837	0.037313284899	1.0	-0.0801620707897	-0.0615780575304	0.0495254995508	-0.00931791237049	0.0278006884961	0.0579125592312	0.0151268687859	0.00667550925318	-0.0675093070905	-0.00144992884947	-0.0295255997622	-0.0124980041595	0.0089695389724	-0.0653865381288	-0.000801358224977	-0.0302942664723	-0.0334770791699	-0.00944931284857	0.0414697318686	-0.0498759521304	-0.0154981868431	0.0721898125999	-0.00707352489051	0.0481993423933	-0.0142072459571	0.0316900341657	0.000210968244297	-0.045596765592	-0.0668350907284	-0.0154948666912
k__Bacteria;p__Actinobacteria;c__Actinobacteria;o__Bifidobacteriales;f__Bifidobacteriaceae;g__Bifidobacterium;s__Bifidobacterium_longum	-0.0239792931601	-0.046581835045	0.0303606552359	0.052226805095	0.0304977864184	0.00199794555535	-0.0272141280154	0.0469901991298	-0.0167180038246	0.026820129928	-0.0549315595573	0.0459101768889	-0.029923787061	-0.029243529548	0.0398835927808	-0.0257351058216	-0.00587766210715	0.0191944099709	-0.077927092418	-0.0103302261872	0.00111972730693	-0.00766870850225	0.00968576385092	0.00940355080846	0.0287785088983	-0.000677501908038	-0.0194522381404	-0.0451654074856	-0.0801620707897	1.0	-0.0110579046022	-0.013158462458	-0.0140192634462	-0.0393623311458	0.0154628846393	0.00710242685318	-0.0373829882667	0.048700161844	-0.0516440262122	-0.0415770593782	-0.0306908213739	-0.0622905882604	0.0201405166407	-0.0132578744077	-0.0603441084546	0.0251134849598	-0.0851583981775	0.0385053362269	0.0149315636485	-0.0504918414815	-0.00785377464881	0.0419985209965	-0.0186109919385	0.00112767002672	0.0325152113058	0.0102945987537	-0.106634217067	0.00636744014883	-0.0291275874644
