#taxonomy	k__Bacteria;p__Bacteroidetes;c__Bacteroidia;o__Bacteroidales;f__Bacteroidaceae;g__Bacteroides;s__Bacteroides_vulgatus	k__Bacteria;p__Bacteroidetes;c__Bacteroidia;o__Bacteroidales;f__Bacteroidaceae;g__Bacteroides;s__Bacteroides_uniformis	k__Bacteria;p__Bacteroidetes;c__Bacteroidia;o__Bacteroidales;f__Rikenellaceae;g__Alistipes;s__Alistipes_putredinis	k__Bacteria;p__Bacteroidetes;c__Bacteroidia;o__Bacteroidales;f__Prevotellaceae;g__Prevotella;s__Prevotella_copri	k__Bacteria;p__Bacteroidetes;c__Bacteroidia;o__Bacteroidales;f__Bacteroidaceae;g__Bacteroides;s__Bacteroides_stercoris	k__Bacteria;p__Bacteroidetes;c__Bacteroidia;o__Bacteroidales;f__Bacteroidaceae;g__Bacteroides;s__Bacteroides_ovatus	k__Bacteria;p__Bacteroidetes;c__Bacteroidia;o__Bacteroidales;f__Rikenellaceae;g__Alistipes;s__Alistipes_shahii	k__Bacteria;p__Firmicutes;c__Clostridia;o__Clostridiales;f__Ruminococcaceae;g__Faecalibacterium;s__Faecalibacterium_prausnitzii	k__Bacteria;p__Bacteroidetes;c__Bacteroidia;o__Bacteroidales;f__Rikenellaceae;g__Alistipes;s__Alistipes_finegoldii	k__Bacteria;p__Bacteroidetes;c__Bacteroidia;o__Bacteroidales;f__Porphyromonadaceae;g__Parabacteroides;s__Parabacteroides_distasonis	k__Bacteria;p__Bacteroidetes;c__Bacteroidia;o__Bacteroidales;f__Bacteroidaceae;g__Bacteroides;s__Bacteroides_thetaiotaomicron	k__Bacteria;p__Bacteroidetes;c__Bacteroidia;o__Bacteroidales;f__Bacteroidaceae;g__Bacteroides;s__Bacteroides_coprocola	k__Bacteria;p__Bacteroidetes;c__Bacteroidia;o__Bacteroidales;f__Bacteroidaceae;g__Bacteroides;s__Bacteroides_cellulosilyticus	k__Bacteria;p__Bacteroidetes;c__Bacteroidia;o__Bacteroidales;f__Rikenellaceae;g__Alistipes;s__Alistipes_obesi	k__Bacteria;p__Firmicutes;c__Clostridia;o__Clostridiales;f__Lachnospiraceae;g__;s__[Eubacterium]_rectale	k__Bacteria;p__Bacteroidetes;c__Bacteroidia;o__Bacteroidales;f__Bacteroidaceae;g__Bacteroides;s__Bacteroides_plebeius	k__Bacteria;p__Bacteroidetes;c__Bacteroidia;o__Bacteroidales;f__Bacteroidaceae;g__Bacteroides;s__Bacteroides_fragilis	k__Bacteria;p__Proteobacteria;c__Betaproteobacteria;o__Burkholderiales;f__Sutterellaceae;g__Sutterella;s__Sutterella_wadsworthensis	k__Bacteria;p__Bacteroidetes;c__Bacteroidia;o__Bacteroidales;f__Porphyromonadaceae;g__Barnesiella;s__Barnesiella_intestinihominis	k__Bacteria;p__Bacteroidetes;c__Bacteroidia;o__Bacteroidales;f__Odoribacteraceae;g__Odoribacter;s__Odoribacter_splanchnicus	k__Bacteria;p__Bacteroidetes;c__Bacteroidia;o__Bacteroidales;f__Bacteroidaceae;g__Bacteroides;s__Bacteroides_salyersiae	k__Bacteria;p__Firmicutes;c__Clostridia;o__Clostridiales;f__Ruminococcaceae;g__Ruminiclostridium;s__[Eubacterium]_siraeum	k__Bacteria;p__Proteobacteria;c__Betaproteobacteria;o__Burkholderiales;f__Sutterellaceae;g__Parasutterella;s__Parasutterella_excrementihominis	k__Bacteria;p__Actinobacteria;c__Actinobacteria;o__Bifidobacteriales;f__Bifidobacteriaceae;g__Bifidobacterium;s__Bifidobacterium_adolescentis	k__Bacteria;p__Firmicutes;c__Clostridia;o__Clostridiales;f__Oscillospiraceae;g__Oscillibacter;s__Oscillibacter_sp._KLE_1745	k__Bacteria;p__Bacteroidetes;c__Bacteroidia;o__Bacteroidales;f__Bacteroidaceae;g__Bacteroides;s__Bacteroides_coprophilus	k__Bacteria;p__Firmicutes;c__Clostridia;o__Clostridiales;f__Lachnospiraceae;g__Roseburia;s__Roseburia_intestinalis	k__Bacteria;p__Firmicutes;c__Clostridia;o__Clostridiales;f__Lachnospiraceae;g__Roseburia;s__Roseburia_hominis	k__Bacteria;p__Bacteroidetes;c__Bacteroidia;o__Bacteroidales;f__Porphyromonadaceae;g__Parabacteroides;s__Parabacteroides_johnsonii	k__Bacteria;p__Actinobacteria;c__Actinobacteria;o__Bifidobacteriales;f__Bifidobacteriaceae;g__Bifidobacterium;s__Bifidobacterium_longum	k__Bacteria;p__Firmicutes;c__Clostridia;o__Clostridiales;f__;g__Flavonifractor;s__Flavonifractor_plautii	k__Bacteria;p__Firmicutes;c__Clostridia;o__Clostridiales;f__Clostridiaceae;g__Clostridium;s__Clostridium_phoceensis	k__Bacteria;p__Verrucomicrobia;c__Verrucomicrobiae;o__Verrucomicrobiales;f__Akkermansiaceae;g__Akkermansia;s__Akkermansia_muciniphila	k__Bacteria;p__Bacteroidetes;c__Bacteroidia;o__Bacteroidales;f__Prevotellaceae;g__Paraprevotella;s__Paraprevotella_xylaniphila	k__Bacteria;p__Firmicutes;c__Clostridia;o__Clostridiales;f__Ruminococcaceae;g__Ruminococcus;s__Ruminococcus_callidus	k__Bacteria;p__Bacteroidetes;c__Bacteroidia;o__Bacteroidales;f__Rikenellaceae;g__Alistipes;s__Alistipes_senegalensis	k__Bacteria;p__Firmicutes;c__Clostridia;o__Clostridiales;f__Lachnospiraceae;g__Blautia;s__Blautia_sp._KLE_1732	k__Bacteria;p__Bacteroidetes;c__Bacteroidia;o__Bacteroidales;f__Bacteroidaceae;g__Bacteroides;s__Bacteroides_oleiciplenus	k__Bacteria;p__Firmicutes;c__Clostridia;o__Clostridiales;f__Ruminococcaceae;g__Ruminococcus;s__Ruminococcus_bicirculans	k__Bacteria;p__Bacteroidetes;c__Bacteroidia;o__Bacteroidales;f__Bacteroidaceae;g__Bacteroides;s__Bacteroides_fluxus	k__Bacteria;p__Bacteroidetes;c__Bacteroidia;o__Bacteroidales;f__Prevotellaceae;g__Prevotella;s__Prevotella_stercorea	k__Bacteria;p__Firmicutes;c__Clostridia;o__Clostridiales;f__Lachnospiraceae;g__Dorea;s__Dorea_longicatena	k__Bacteria;p__Firmicutes;c__Clostridia;o__Clostridiales;f__Eubacteriaceae;g__Eubacterium;s__[Eubacterium]_eligens	k__Bacteria;p__Firmicutes;c__Clostridia;o__Clostridiales;f__Ruminococcaceae;g__;s__Ruminococcaceae_bacterium_D16	k__Bacteria;p__Firmicutes;c__Clostridia;o__Clostridiales;f__Lachnospiraceae;g__Coprococcus;s__Coprococcus_comes	k__Bacteria;p__Proteobacteria;c__Gammaproteobacteria;o__Enterobacterales;f__Enterobacteriaceae;g__Escherichia;s__Escherichia_coli	k__Bacteria;p__Firmicutes;c__Clostridia;o__Clostridiales;f__Ruminococcaceae;g__Anaerotruncus;s__Anaerotruncus_colihominis	k__Bacteria;p__Firmicutes;c__Clostridia;o__Clostridiales;f__Lachnospiraceae;g__Blautia;s__Blautia_obeum	k__Bacteria;p__Bacteroidetes;c__Bacteroidia;o__Bacteroidales;f__Odoribacteraceae;g__Odoribacter;s__Odoribacter_laneus	k__Bacteria;p__Firmicutes;c__Clostridia;o__Clostridiales;f__Ruminococcaceae;g__Ruminiclostridium;s__[Clostridium]_leptum	k__Bacteria;p__Bacteroidetes;c__Bacteroidia;o__Bacteroidales;f__Porphyromonadaceae;g__Parabacteroides;s__Parabacteroides_goldsteinii	k__Bacteria;p__Firmicutes;c__Clostridia;o__Clostridiales;f__Lachnospiraceae;g__Anaerostipes;s__Anaerostipes_hadrus	k__Bacteria;p__Firmicutes;c__Clostridia;o__Clostridiales;f__Ruminococcaceae;g__Ruminococcus;s__Ruminococcus_lactaris	k__Bacteria;p__Firmicutes;c__Clostridia;o__Clostridiales;f__Clostridiaceae;g__Clostridium;s__Clostridium_sp._L2-50	k__Bacteria;p__Firmicutes;c__Clostridia;o__Clostridiales;f__Clostridiaceae;g__Clostridium;s__Clostridium_sp._M62/1	k__Bacteria;p__Firmicutes;c__Clostridia;o__Clostridiales;f__;g__Intestinimonas;s__Intestinimonas_butyriciproducens	k__Bacteria;p__Actinobacteria;c__Actinobacteria;o__Bifidobacteriales;f__Bifidobacteriaceae;g__Bifidobacterium;s__Bifidobacterium_bifidum	k__Bacteria;p__Firmicutes;c__Negativicutes;o__Veillonellales;f__Veillonellaceae;g__Dialister;s__Dialister_invisus	k__Bacteria;p__Bacteroidetes;c__Bacteroidia;o__Bacteroidales;f__Bacteroidaceae;g__Bacteroides;s__Bacteroides_salanitronis
k__Bacteria;p__Bacteroidetes;c__Bacteroidia;o__Bacteroidales;f__Bacteroidaceae;g__Bacteroides;s__Bacteroides_vulgatus	1.0	-0.0329122325328	-0.0312197033871	-0.0626457176414	-0.023148149519	-0.00297106950054	0.016406036435	-0.0298076490746	0.0292118353994	-0.0162797338013	-0.0716228885615	0.0366294747631	-0.00880088643916	0.0198597200372	-0.0220344726898	-0.0150326376914	-0.0276308337293	-0.0534619602481	-0.00488952333368	0.0900759766556	-0.0301345596374	-0.0372058210417	-0.01350219158	0.029386442686	-0.0282644954587	0.0416074200694	0.0183125677587	-0.000761350761937	-0.00226477081254	-0.00416743413311	-0.00825408279921	0.0326987270252	-0.0103394026552	-0.0436993077288	0.0225571166589	0.019313194005	-0.00889525954576	0.0364303926825	-0.0256198957592	-0.0243125480491	-0.0289651624038	-0.0144698160568	-0.004672756098	-0.0520104968547	-0.012839023231	0.0078404801108	-0.0475653037823	0.0155082662383	-0.0700594393908	0.00963990593222	-0.0243173770388	-0.00285596074721	-0.011762228372	0.00526021591093	0.016450722989	-0.0459316573322	0.0080357163312	0.00555782770796	-0.0621721523032
k__Bacteria;p__Bacteroidetes;c__Bacteroidia;o__Bacteroidales;f__Bacteroidaceae;g__Bacteroides;s__Bacteroides_uniformis	-0.0329122325328	1.0	0.00976509565598	0.0273391480374	0.0234895433568	-0.0132242848243	-0.0200056021073	-0.00848719790953	0.00837894554384	-0.0189620350428	0.0353521430008	0.0208991941082	-0.0684460603394	0.00682249617678	0.0136761909611	0.0193363710166	-0.00123144486355	0.0179908047159	-0.0417676411784	-0.0343950144355	-0.0629827487988	-0.104846617711	-0.0103599494881	-0.082925095186	0.0054502616777	-0.00915929797861	0.0498269202952	-0.0267863329151	-0.0340751846073	0.012356478424	0.028784391267	0.00260318752376	0.0283457889611	-0.0267537449824	0.0386571736371	0.0333975280597	0.0344578144659	0.0263572889378	-0.0279613736265	0.0200002222847	0.0266063519115	-0.0483199174539	0.00635588998137	0.00347370744344	0.0493808700547	0.0120666272121	-0.00398705577441	0.0285204539541	-0.0190708656707	-0.0373278461679	-0.0928579042356	0.0101332426319	-0.0271174296369	-0.00516766143799	-0.0157029989503	0.0126328381108	-0.069613207614	-0.0332954609418	-0.0101325081359
k__Bacteria;p__Bacteroidetes;c__Bacteroidia;o__Bacteroidales;f__Rikenellaceae;g__Alistipes;s__Alistipes_putredinis	-0.0312197033871	0.00976509565598	1.0	-0.0290299636779	-0.0203392750983	-0.0298201319835	-0.0158057154104	-0.00669428118125	-0.00729734124346	-0.00166089395732	-0.0312207370984	-0.013626982061	-0.0296119538578	-0.0707689402395	-0.125971769815	0.00571319677811	0.0296402432017	-0.000306027648118	-0.0319857040004	0.0178691591793	0.00731823385039	-0.054644684276	-0.00929267389922	0.0233032288708	-0.000779323087882	-0.00266204074198	-0.0047587826638	-0.0586087634468	-0.0120034289652	0.0652279366912	0.0268847564023	-0.0561894032594	0.00134047455652	-0.0157133072332	-0.0474890552833	0.0292203233731	0.0134451164342	0.000592407872241	-0.0172410469577	0.019807063689	0.0549426925924	-0.0411440010537	-0.0669890365087	-0.00182113099196	0.00220204520938	0.0550298528907	-0.00868915060884	0.0109636659669	0.0179237467327	-0.0371369062032	0.0213896672741	0.0157342914369	-0.0466141578797	0.0251508521311	-0.00037397628273	0.0234539243164	-0.00579340865118	0.0221447987684	-0.0538200732138
k__Bacteria;p__Bacteroidetes;c__Bacteroidia;o__Bacteroidales;f__Prevotellaceae;g__Prevotella;s__Prevotella_copri	-0.0626457176414	0.0273391480374	-0.0290299636779	1.0	0.0532684344718	0.0531685125166	-0.0910302267144	0.00760849210186	-0.00282750991365	-0.0746196170158	0.0141882001053	-0.0371791682586	0.0158077657411	-0.0560040272919	-0.00172099543833	0.00750132953961	0.0284814120574	0.00586292547532	0.0173439856338	0.000319137897111	-0.0058267762604	0.0343474685516	-0.015051972979	0.00519762846712	-0.0119847433516	-0.0633877277313	-0.0418059281666	0.0177138024345	-0.0199424763298	-0.0224043824129	0.0506362006015	0.0166368203062	0.019079706451	-0.0415831926639	0.028011397438	0.0067257552089	-0.0300160925294	-0.03890283615	-0.0268548544586	-0.00928926084034	0.0311572696909	-0.0164208613299	0.0256948533767	0.0251667513439	-0.067526519674	-0.00215239058401	-0.0102691949057	-0.0457593648742	-0.0139980973912	-0.0239306070093	0.0384661402961	0.00350516679147	-0.0521427745141	-0.0667908195005	-0.0531242922402	-0.0111597403354	0.00516752195421	0.000593692391529	0.0253557554351
k__Bacteria;p__Bacteroidetes;c__Bacteroidia;o__Bacteroidales;f__Bacteroidaceae;g__Bacteroides;s__Bacteroides_stercoris	-0.023148149519	0.0234895433568	-0.0203392750983	0.0532684344718	1.0	0.00284747675211	-0.0731662728791	-0.075673067089	-0.0887417029308	-0.0216487435293	-0.0232962427723	-0.0382657114762	-0.0272931968721	0.00389979014102	-0.0116095813608	0.0274290532574	0.0128668934162	-0.052462504324	-0.0195076714471	-0.0171052015501	0.00461595484975	0.00705176307071	0.0747217386576	0.0338526729558	0.0122054017918	0.00702893193255	0.0571617881094	-0.0322581465725	0.0268657896109	0.00932530354966	0.040822223848	-0.00385752235191	-0.027924097158	0.0372206957983	-0.0134369322025	-0.0208493372855	0.0627017841518	-0.032445885358	0.00100115691725	0.000856128878068	0.00463784833671	0.00154385162481	-0.0227622839005	-0.0755922968108	-0.00148895806493	0.0295110987665	-0.0214434950704	-0.0606969240113	-0.0176068904163	-0.0240317968525	-0.105759677416	-0.00201886684509	0.0116478323304	-0.0200581269571	-0.014349624251	0.0426393825862	0.00541641231895	0.00890916644923	0.0434520082056
k__Bacteria;p__Bacteroidetes;c__Bacteroidia;o__Bacteroidales;f__Bacteroidaceae;g__Bacteroides;s__Bacteroides_ovatus	-0.00297106950054	-0.0132242848243	-0.0298201319835	0.0531685125166	0.00284747675211	1.0	-0.0521623451726	-0.00300470274931	-0.0144575844655	-0.0367109763305	0.00912919276469	-0.00893615343785	-0.0188931806732	-0.0481931663782	0.0178761682782	-0.0400308164861	-0.0114223769031	-0.00904964331149	-0.0114156345237	-0.0186044791729	0.0403995765775	0.0619652112063	0.0241964623749	-0.0144234419298	-0.0106633588983	-0.0401834389956	-0.0542032883281	-0.0875486863066	0.00615768468615	-0.0315521474118	-0.0252326896478	0.0374774433519	-0.0243696091139	-0.0189094252682	-0.0133995404814	-0.0251694514852	-0.0560121507528	0.0171317501	-0.00687030902012	-0.00300667310514	0.0464482580206	-5.94970184229e-05	-0.0496691605779	-0.0117412911603	-0.0288742587573	0.0041321661937	0.00774486647822	0.0424451284155	-0.00827633283866	0.0168057332727	0.00174490514172	-0.0104412514035	-0.0394694986032	0.0471474745617	-0.0747744999291	-0.0134847215128	-0.0222144238857	-0.000305902126052	0.0496894138764
k__Bacteria;p__Bacteroidetes;c__Bacteroidia;o__Bacteroidales;f__Rikenellaceae;g__Alistipes;s__Alistipes_shahii	0.016406036435	-0.0200056021073	-0.0158057154104	-0.0910302267144	-0.0731662728791	-0.0521623451726	1.0	0.0258008590978	0.0209402706933	0.0152968354188	0.00125135162751	-0.0516171440182	-0.0137607629555	-0.0566253392418	-0.0308729943458	-0.0205030445239	0.0403939895422	0.00821351817144	0.023673588112	-0.017904460128	0.0444630399985	-0.0135672516609	-0.072135912428	0.00341612636015	-0.0859787317532	-0.0459690198522	0.0585391111863	-0.0877012361071	-0.0162388493812	0.0137285846485	0.0616706523354	0.0381049100019	-0.0513436601098	-0.0161332515052	-0.0141347888636	0.00457016425859	-0.00700858189905	-0.0815412795736	0.0472579738692	-0.0260442908825	-0.0227289775281	-0.0457346654735	0.00374032173471	-0.0041555713765	0.0531599253071	-0.0495322935908	-0.0549810373808	0.0299997595314	0.0163239414492	-0.00292709168539	0.00500759043786	0.0164624576714	0.0367976915505	0.0554946972284	-0.026525183644	-0.0132797938676	0.0393137233646	0.0438716969734	0.0183377570129
k__Bacteria;p__Firmicutes;c__Clostridia;o__Clostridiales;f__Ruminococcaceae;g__Faecalibacterium;s__Faecalibacterium_prausnitzii	-0.0298076490746	-0.00848719790953	-0.00669428118125	0.00760849210186	-0.075673067089	-0.00300470274931	0.0258008590978	1.0	0.0434895603578	-0.00174076058825	0.00957461132559	-0.0287715119112	0.0520159906802	0.0108060174418	-0.0131027097763	-0.0208549430424	0.0707681173403	0.0584908901711	-0.0172883914011	-0.0158426014601	-0.0340352589447	0.0524331433607	-0.0222597658938	-0.0084164615973	-0.0420225779984	0.0546716386532	0.0140910966462	-0.0667733237635	-0.0543708935725	-0.0116767190949	0.00488827821874	0.0230183199032	0.00356975410897	0.0190922990796	-0.0588520528272	-0.00537001962144	0.00506882882777	0.043436009407	-0.0355504234274	-0.0225790696391	-0.0172877575003	-0.00453215504129	-0.00547235553553	-0.0516140647765	-0.0488394990399	-0.0428461467525	0.013963739179	0.036508234962	-0.0515617195758	0.0132425446642	-0.0258572057205	-0.00778237524149	0.0348673988268	-0.0105273039072	-0.0237199625822	0.0208141587472	-0.0113247523308	-0.0287384258133	-0.00444272250034
k__Bacteria;p__Bacteroidetes;c__Bacteroidia;o__Bacteroidales;f__Rikenellaceae;g__Alistipes;s__Alistipes_finegoldii	0.0292118353994	0.00837894554384	-0.00729734124346	-0.00282750991365	-0.0887417029308	-0.0144575844655	0.0209402706933	0.0434895603578	1.0	0.0216300751307	0.019525952654	0.00514120121293	0.00450199314565	0.0148165736258	-0.0582971610266	-0.0693650426516	0.00994787762579	-0.0178797468217	-0.0533385548914	-0.081305056923	0.00467187299049	-0.0160004271548	0.0499529693651	6.2099569333e-07	-0.0147903870045	-0.0349625060413	-0.0183904892585	-0.0142793309719	0.0142057082101	-0.045250272359	-0.00181941756443	-0.0116639829906	0.00844051941703	0.0106843261899	0.00875272682234	0.0639135059915	-0.0385002175042	-0.0232019833151	-0.00821454345349	0.0144592106361	0.0563127720851	0.0154123664442	-0.00591187604957	-0.0443265734032	9.2570935296e-05	0.00805259188912	-0.0120204019242	-0.0649672641416	-0.028852505221	-0.000722663262932	0.0189973774094	-0.00792203618135	-0.0597926083069	-0.0473525035362	0.0256147765496	0.0601689570909	0.0300829549961	-0.0426479176656	-0.0182229556481
k__Bacteria;p__Bacteroidetes;c__Bacteroidia;o__Bacteroidales;f__Porphyromonadaceae;g__Parabacteroides;s__Parabacteroides_distasonis	-0.0162797338013	-0.0189620350428	-0.00166089395732	-0.0746196170158	-0.0216487435293	-0.0367109763305	0.0152968354188	-0.00174076058825	0.0216300751307	1.0	0.0166334989486	-0.026715557643	-0.0286066997694	0.000883307142794	0.0395748141958	-0.0359625496962	0.00221395421629	-0.030418595061	0.0181744804677	-0.004137617317	-0.0170485569489	-0.00573036937219	0.00080399622204	0.03389617236	-0.0259609312171	0.00311885435825	0.0100186813015	-0.01883054313	0.0116063264666	0.053430448569	0.045339019233	-0.0119975167256	0.0143882925179	0.00557236153187	-0.0744074168488	0.0147093890643	0.0228657120058	0.00110723453225	-0.0634961877865	-0.0734230542581	-0.0338999119442	0.0174749489109	-0.000171555540633	-0.0420579861645	0.0215175410795	0.0240431304283	-0.0226797971629	0.00396898004478	-0.0642333109294	-0.0271433810154	-0.02213815231	0.00332375068188	0.0338276454086	0.069550975223	0.0416110326759	0.0365915687402	0.0162574615457	-0.0460316900673	0.00429441427704
k__Bacteria;p__Bacteroidetes;c__Bacteroidia;o__Bacteroidales;f__Bacteroidaceae;g__Bacteroides;s__Bacteroides_thetaiotaomicron	-0.0716228885615	0.0353521430008	-0.0312207370984	0.0141882001053	-0.0232962427723	0.00912919276469	0.00125135162751	0.00957461132559	0.019525952654	0.0166334989486	1.0	-0.0110689284509	-0.0987321793752	-0.0274308245213	-0.0118403580632	0.0139345687305	0.0114567814214	-0.0100264655275	-0.0769341570071	-0.013174512248	-0.00275640303208	-0.00795624095478	0.0447758862963	-0.0160661758217	0.0268103454968	0.00528035101223	0.0275386997063	-0.0334260649711	-0.0473877028018	0.015688818506	0.00327589935092	-0.0239757179409	-0.00434957422317	0.027671815912	-0.0336454265229	0.0455087036212	-0.0213289001385	0.03705720994	0.0168438778922	0.0522308165201	-0.0164274259917	0.00756660971508	0.0296619669784	-0.0294923948581	0.0378043309964	-0.0345597756992	-0.0478355952222	-0.0127604317503	0.00535969631673	-0.00387884552844	-0.0506667763904	0.0204398492573	-0.0536547583642	-0.0552687826038	-0.066994179248	-0.0381214273312	-0.0084377238081	-0.0251896778806	0.0196745361855
k__Bacteria;p__Bacteroidetes;c__Bacteroidia;o__Bacteroidales;f__Bacteroidaceae;g__Bacteroides;s__Bacteroides_coprocola	0.0366294747631	0.0208991941082	-0.013626982061	-0.0371791682586	-0.0382657114762	-0.00893615343785	-0.0516171440182	-0.0287715119112	0.00514120121293	-0.026715557643	-0.0110689284509	1.0	0.00595253528682	-0.0339782414306	0.0163305848198	-0.0238531660147	0.00471715582467	-0.020173065169	0.0338130478754	-0.0195339512516	-0.0480173985658	-0.0403000111044	-0.0238697926236	-0.0242407726312	0.0221669196317	-0.0289123966761	0.0142941047206	0.0296839381366	0.0147292827262	0.0588023915176	0.0239060265215	0.0370696532704	0.0625836398273	-0.0431057989005	0.035563392423	0.00661031084615	-0.00106157907411	0.0584609196288	0.0597151150487	-0.0252998948852	-0.02567763321	-0.0391875215014	-0.014574419418	0.0279665536741	-0.0633477942425	0.010559288496	-0.00320170326679	-0.0435960570945	-0.06377707332	0.0058493545216	-0.0828295567298	-0.0517239085333	-0.100491805703	-0.0302502684942	-0.0762740379893	0.013576166066	-0.0513163115329	0.0484239658542	-0.05966396458
k__Bacteria;p__Bacteroidetes;c__Bacteroidia;o__Bacteroidales;f__Bacteroidaceae;g__Bacteroides;s__Bacteroides_cellulosilyticus	-0.00880088643916	-0.0684460603394	-0.0296119538578	0.0158077657411	-0.0272931968721	-0.0188931806732	-0.0137607629555	0.0520159906802	0.00450199314565	-0.0286066997694	-0.0987321793752	0.00595253528682	1.0	-0.0474699469394	-0.0429897609459	0.0185440606819	0.0369720234256	-0.0365764182597	0.00174502001837	0.0669097554795	-0.00786834455743	0.0204801720351	-0.0582231733435	-0.0677985286644	0.0447157077524	0.00612121446189	0.0032178378981	-0.0478410764304	-0.072681829667	0.0304911285609	0.0253882378244	-0.0102243080238	-0.01329500484	0.0314349228018	0.00265076375477	0.013578284273	-0.0339300751108	-0.0112261180261	0.00748212938961	-0.0277175260284	4.90907342467e-05	-0.0639829949845	-0.0156826211508	-0.0519632036478	-0.0658738503244	-0.030055712261	-0.0169875952855	-0.0586083513794	0.00481742372605	0.0122217690252	0.0220043266202	-0.0325152052456	-0.000605216420799	-0.0246619810952	0.0152597021647	-0.00377429659187	-0.0576623762603	-0.00365264063393	0.0970537831856
k__Bacteria;p__Bacteroidetes;c__Bacteroidia;o__Bacteroidales;f__Rikenellaceae;g__Alistipes;s__Alistipes_obesi	0.0198597200372	0.00682249617678	-0.0707689402395	-0.0560040272919	0.00389979014102	-0.0481931663782	-0.0566253392418	0.0108060174418	0.0148165736258	0.000883307142794	-0.0274308245213	-0.0339782414306	-0.0474699469394	1.0	0.0275302026145	-0.0537724332425	-0.0344579245655	-0.023095983332	0.0688375498708	-0.0237997188653	-0.0408590974813	-0.018636513081	-5.75068435644e-05	0.0717654182008	-0.0419478799844	-0.0471635531313	-0.0293844012297	0.0360809396369	0.0156148046135	0.0463509255262	-0.00900365953537	-0.00700277003128	-0.0368288279754	-0.0437216408672	0.00201574896644	0.0290202131588	-0.0282649846504	0.00143024736222	0.0503307424473	0.0804542421908	-0.049770510675	-0.0322276982086	-0.0512961675185	0.0381782523373	0.0322666137867	0.0758940800024	0.0088674591216	-0.0116930043383	0.0164603531864	0.0847870460906	-0.0315475286735	-0.0653773800219	-0.0156424387512	-0.0219219423644	-0.0298969256485	0.0297181304085	-0.0183747767915	-0.0285101276704	0.0618560277713
k__Bacteria;p__Firmicutes;c__Clostridia;o__Clostridiales;f__Lachnospiraceae;g__;s__[Eubacterium]_rectale	-0.0220344726898	0.0136761909611	-0.125971769815	-0.00172099543833	-0.0116095813608	0.0178761682782	-0.0308729943458	-0.0131027097763	-0.0582971610266	0.0395748141958	-0.0118403580632	0.0163305848198	-0.0429897609459	0.0275302026145	1.0	-0.00764284918119	-0.042499825555	-0.0125654247657	0.00938431299611	-0.0100668320474	-0.0115642487415	0.00540999931775	-0.038429603863	0.00571604620042	-0.00619425129436	0.0163711884309	0.0335253834033	-0.0464253622934	0.00932704184292	-0.0136362545442	-0.0225720612977	0.00507549239179	-0.0762835234228	-0.0010575512882	-0.0029986623956	-0.0337325257217	-0.000900502249835	0.0380392340074	-0.0044170570823	-0.0090794071386	-0.0717865771354	-0.0255339778631	0.0135035791478	-0.000501264142603	0.00853580319753	0.0135354477879	0.0121443812007	-0.0197015406272	0.0218832919373	0.0390924629702	-0.0158912470017	0.00873764410622	-0.00551883693725	0.0252017059239	0.00383316296189	-0.00809810028847	0.0130531608137	-0.00023896535874	-0.0132631507483
k__Bacteria;p__Bacteroidetes;c__Bacteroidia;o__Bacteroidales;f__Bacteroidaceae;g__Bacteroides;s__Bacteroides_plebeius	-0.0150326376914	0.0193363710166	0.00571319677811	0.00750132953961	0.0274290532574	-0.0400308164861	-0.0205030445239	-0.0208549430424	-0.0693650426516	-0.0359625496962	0.0139345687305	-0.0238531660147	0.0185440606819	-0.0537724332425	-0.00764284918119	1.0	-0.0706598242697	0.102041390778	-0.0362266770678	0.0514184280223	-0.00335161370447	-0.103142009111	-0.00719597479513	0.00634477835319	0.0381584735425	-0.0159446281624	0.0421149890064	-0.00980371849647	-0.000667463843011	-0.0225251253611	0.0406657114339	0.0160685830116	-0.0321958481038	0.00455265533161	-0.012996783204	-0.0156733634897	-0.000299553692966	-0.0147300234716	0.0350135468722	0.0314083656273	-0.0665775126172	-0.00488859732049	-0.0033651594323	-0.0176280232055	-0.0161957210933	0.0105035574188	-0.0128776673132	-0.0905804306819	-0.0343948408154	0.0167497737148	0.000853490389223	-0.0604317911999	-0.00195215407738	0.00710409118639	-0.00610200587749	-0.031932642718	-0.0156505262096	-0.0509662846902	-0.0630120507087
k__Bacteria;p__Bacteroidetes;c__Bacteroidia;o__Bacteroidales;f__Bacteroidaceae;g__Bacteroides;s__Bacteroides_fragilis	-0.0276308337293	-0.00123144486355	0.0296402432017	0.0284814120574	0.0128668934162	-0.0114223769031	0.0403939895422	0.0707681173403	0.00994787762579	0.00221395421629	0.0114567814214	0.00471715582467	0.0369720234256	-0.0344579245655	-0.042499825555	-0.0706598242697	1.0	-0.0460239397143	-0.00364199887441	-0.0302846026116	-0.0828515412342	-0.0240485144677	0.0459497926697	0.0123281544861	0.000592143532035	0.0209120917494	-0.00971780839621	-0.020246819692	0.067574413997	-0.0355843967612	-0.0135062814304	-0.0274646395384	-0.0814640522339	0.0159522126624	-0.0250602743568	-0.000346054714217	0.00655828459624	-0.126924481169	-0.0197347437098	-0.0487911025957	-0.00381791747072	0.0341582088055	0.0226418831092	-0.00434494205516	-0.0553576872685	0.000567321666575	0.0272737905431	0.0144263868845	-0.0271076517362	0.0347050969685	-0.0215326683701	-0.0375036262486	0.0110216529052	-0.0137621229343	-0.0301495557887	0.00783815963954	-0.0197352047884	-0.00869589921687	-0.0120889695571
k__Bacteria;p__Proteobacteria;c__Betaproteobacteria;o__Burkholderiales;f__Sutterellaceae;g__Sutterella;s__Sutterella_wadsworthensis	-0.0534619602481	0.0179908047159	-0.000306027648118	0.00586292547532	-0.052462504324	-0.00904964331149	0.00821351817144	0.0584908901711	-0.0178797468217	-0.030418595061	-0.0100264655275	-0.020173065169	-0.0365764182597	-0.023095983332	-0.0125654247657	0.102041390778	-0.0460239397143	1.0	-0.0325418636521	0.00797197822368	0.00295860224861	-0.014914678512	-0.0556478100845	-0.0674425648749	0.0101753272544	0.0382402246717	-0.0189826887603	-0.0206971628284	-0.0338559452845	0.0144004637722	0.00939817923363	0.00972327840456	-0.0207982626416	0.0213275263461	0.0107712056876	0.00881831892715	-0.0609521035471	-0.0258811280497	0.0355450501435	0.0144935590949	-0.0258894672559	-0.0342029251166	-0.0495957462603	-0.00677653026578	0.0282295853367	-0.0218392248291	0.00956097049972	-0.0141979730992	0.0281520144097	-0.0121408108605	-0.0107926704727	0.0187366180291	-0.0411152953505	0.0618358037368	-0.0213763499265	0.00293616489039	-0.0173576993132	-0.0368601280223	-0.0103176874205
k__Bacteria;p__Bacteroidetes;c__Bacteroidia;o__Bacteroidales;f__Porphyromonadaceae;g__Barnesiella;s__Barnesiella_intestinihominis	-0.00488952333368	-0.0417676411784	-0.0319857040004	0.0173439856338	-0.0195076714471	-0.0114156345237	0.023673588112	-0.0172883914011	-0.0533385548914	0.0181744804677	-0.0769341570071	0.0338130478754	0.00174502001837	0.0688375498708	0.00938431299611	-0.0362266770678	-0.00364199887441	-0.0325418636521	1.0	-0.0273736196621	-0.0503393730062	0.0280424872717	0.00416314902742	-0.0387977750457	0.00779183727659	-0.000635665113323	-0.0707896109051	-0.0505750293329	-0.0133069725562	-0.026159332221	-0.0400984733459	0.0300508837123	0.0770802070573	0.00335412977531	0.0461070764846	0.0312910916983	0.0189287133741	-0.0305252025849	0.0151572166592	-0.0415385355105	-0.0442034339883	-0.0208264715462	-0.0333776303137	-0.0388545888392	0.00251730124611	-0.0285009547817	0.0177634957446	0.010070071532	-0.0280130972717	0.0480168843996	0.0200791635916	-0.102265145093	0.0319372639305	-0.0502525117418	0.0207552028525	-0.0269940890087	0.0156357277166	0.0539164684312	0.0268410036392
k__Bacteria;p__Bacteroidetes;c__Bacteroidia;o__Bacteroidales;f__Odoribacteraceae;g__Odoribacter;s__Odoribacter_splanchnicus	0.0900759766556	-0.0343950144355	0.0178691591793	0.000319137897111	-0.0171052015501	-0.0186044791729	-0.017904460128	-0.0158426014601	-0.081305056923	-0.004137617317	-0.013174512248	-0.0195339512516	0.0669097554795	-0.0237997188653	-0.0100668320474	0.0514184280223	-0.0302846026116	0.00797197822368	-0.0273736196621	1.0	-0.00950452062897	-0.00280276377306	-0.00192622072575	-0.00388431391685	-0.0463091758934	0.0175167857168	-0.048346061087	-0.018774149453	-0.0441032459279	-0.0249001838534	-0.041648052479	0.107844593932	-0.0117796094527	-0.0457316155253	-0.0121138524666	0.0238688748212	0.0560582528513	0.0125315830889	0.0530704080394	-0.0299792412862	-0.0270353073806	0.0713457768644	-0.0303967873976	0.0304749157406	-0.0118336969485	-0.00169583621012	-0.0586817650159	0.0210940680094	-0.00605311842086	0.0248761326276	-0.014438712088	-0.020081713444	0.0143585619973	-0.0129236726911	-0.0429139681286	-0.0172972102131	-0.00411250164466	-0.0175376932128	-0.0122602446885
k__Bacteria;p__Bacteroidetes;c__Bacteroidia;o__Bacteroidales;f__Bacteroidaceae;g__Bacteroides;s__Bacteroides_salyersiae	-0.0301345596374	-0.0629827487988	0.00731823385039	-0.0058267762604	0.00461595484975	0.0403995765775	0.0444630399985	-0.0340352589447	0.00467187299049	-0.0170485569489	-0.00275640303208	-0.0480173985658	-0.00786834455743	-0.0408590974813	-0.0115642487415	-0.00335161370447	-0.0828515412342	0.00295860224861	-0.0503393730062	-0.00950452062897	1.0	0.0299831445557	0.0231029615559	0.0384482015282	0.0519384751321	0.00680271822327	0.00199322018789	-0.00991545192313	0.047950252821	-0.0152232688414	0.0244635734901	-0.0662502332843	-0.0282319777385	0.0151096515507	-0.101124456984	-0.00300133742575	-0.00381290532506	0.0272039981031	-0.00215511160025	-0.0438616407259	0.0299442136623	-0.0419145743173	0.0278867759911	0.0427266696074	0.0251901128358	-0.0108670740403	0.00705442568255	0.0241588271517	-0.0580015143626	-0.0409801188221	-0.0552849109863	-0.0295194668399	-0.0288991466992	0.00641130504928	-0.0128545035398	0.11018704173	-0.0248541488445	0.00574578571786	-0.00511492927749
k__Bacteria;p__Firmicutes;c__Clostridia;o__Clostridiales;f__Ruminococcaceae;g__Ruminiclostridium;s__[Eubacterium]_siraeum	-0.0372058210417	-0.104846617711	-0.054644684276	0.0343474685516	0.00705176307071	0.0619652112063	-0.0135672516609	0.0524331433607	-0.0160004271548	-0.00573036937219	-0.00795624095478	-0.0403000111044	0.0204801720351	-0.018636513081	0.00540999931775	-0.103142009111	-0.0240485144677	-0.014914678512	0.0280424872717	-0.00280276377306	0.0299831445557	1.0	0.00328446207555	-0.0164553272976	-0.0682631777144	0.0313262100096	-0.0155052901064	-0.0221690799417	0.0299363058796	0.00375103772989	-0.00162031994557	-0.0137583003308	0.0557849363678	-0.00369212759194	-0.0643628519938	0.0172163667157	-0.0429383267744	0.0195586155984	-0.0340814448262	-0.0498640962572	-0.0755483264965	0.0209350486253	-0.045258396381	-0.0457425241	-0.0496183833521	-0.0408175787949	0.0146955103611	0.00405279991076	-0.0294764029839	-0.0262655809923	0.0466292780144	0.00505884494007	0.0364549933683	-0.00780701286091	-0.0622319627618	-0.0247901637141	-0.061264659149	0.0694304369859	-0.029106792855
k__Bacteria;p__Proteobacteria;c__Betaproteobacteria;o__Burkholderiales;f__Sutterellaceae;g__Parasutterella;s__Parasutterella_excrementihominis	-0.01350219158	-0.0103599494881	-0.00929267389922	-0.015051972979	0.0747217386576	0.0241964623749	-0.072135912428	-0.0222597658938	0.0499529693651	0.00080399622204	0.0447758862963	-0.0238697926236	-0.0582231733435	-5.75068435645e-05	-0.038429603863	-0.00719597479513	0.0459497926697	-0.0556478100845	0.00416314902742	-0.00192622072575	0.0231029615559	0.00328446207555	1.0	-0.0488749043108	-0.0400060464323	-0.0120285287805	-0.010802751326	-0.000903934581051	0.0413822898456	0.0410574989702	-0.0379128022688	-0.00486414069753	0.0503077201143	-0.0117689557189	-0.000560563662411	0.023970975506	0.00964123676615	-0.0333213883665	0.0203406454613	-0.00786403436698	0.00142981940157	0.00343048840328	-0.0443735378507	-0.010989455974	-0.00726702567596	0.0155019372123	-0.0089289161196	0.0179346138082	-0.0202473758793	0.00163122655049	0.0226537764667	-0.0129360904878	0.000951542167196	-0.00854724888523	-0.039351815694	-0.00482941601494	0.00633465837997	0.0289073574504	0.0116614647498
k__Bacteria;p__Actinobacteria;c__Actinobacteria;o__Bifidobacteriales;f__Bifidobacteriaceae;g__Bifidobacterium;s__Bifidobacterium_adolescentis	0.029386442686	-0.082925095186	0.0233032288708	0.00519762846712	0.0338526729558	-0.0144234419298	0.00341612636015	-0.0084164615973	6.20995693267e-07	0.03389617236	-0.0160661758217	-0.0242407726312	-0.0677985286644	0.0717654182008	0.00571604620042	0.00634477835319	0.0123281544861	-0.0674425648749	-0.0387977750457	-0.00388431391685	0.0384482015282	-0.0164553272976	-0.0488749043108	1.0	0.0072611343014	-0.0313281811536	-0.0249189399826	-0.00601650353116	-0.075065070862	-0.011164657564	0.013065709441	0.0934730482892	0.0115797111551	-0.0248436286734	-0.00932257514897	-0.0217096977906	0.0123589855716	-0.036375241146	-0.0410149005243	0.0739662240385	0.0521474369507	0.02921219449	-0.0455551601162	-0.0479232365252	0.0082543805588	-0.0133909906331	0.0155979642864	-0.0405230981227	0.0419375021761	0.00238883298495	-0.054173297297	0.00723423561027	-0.00597762340584	-0.0231154676519	0.0559152330406	-0.0163107819123	-0.0547194722824	-0.0261102601742	-0.0473368791798
k__Bacteria;p__Firmicutes;c__Clostridia;o__Clostridiales;f__Oscillospiraceae;g__Oscillibacter;s__Oscillibacter_sp._KLE_1745	-0.0282644954587	0.0054502616777	-0.000779323087882	-0.0119847433516	0.0122054017918	-0.0106633588983	-0.0859787317532	-0.0420225779984	-0.0147903870045	-0.0259609312171	0.0268103454968	0.0221669196317	0.0447157077524	-0.0419478799844	-0.00619425129436	0.0381584735425	0.000592143532035	0.0101753272544	0.00779183727659	-0.0463091758934	0.0519384751321	-0.0682631777144	-0.0400060464323	0.0072611343014	1.0	-0.0417091592752	0.00480374133654	0.0263655185462	0.0338292787178	-0.0380822081692	-0.0436586022469	-0.00771106919218	-0.0539743504345	-0.0385497018714	-0.0231450151589	-0.0692370809955	0.012984608082	-0.0118598776715	0.0506803109504	-0.0226660078505	0.0625007440997	0.0485882788294	-0.0589109500628	-0.0183468732842	-0.0313148064058	0.0113193227666	0.007817624609	-0.00574953233798	-0.00176715915794	-0.0469384191708	-0.0175851406545	-0.02510883502	-0.0122650148659	-0.0357517797918	-0.0485294848123	0.0338370478083	-0.0379612068732	0.0473521657974	-0.044679253024
k__Bacteria;p__Bacteroidetes;c__Bacteroidia;o__Bacteroidales;f__Bacteroidaceae;g__Bacteroides;s__Bacteroides_coprophilus	0.0416074200694	-0.00915929797861	-0.00266204074198	-0.0633877277313	0.00702893193255	-0.0401834389956	-0.0459690198522	0.0546716386532	-0.0349625060413	0.00311885435825	0.00528035101223	-0.0289123966761	0.00612121446189	-0.0471635531313	0.0163711884309	-0.0159446281624	0.0209120917494	0.0382402246717	-0.000635665113323	0.0175167857168	0.00680271822327	0.0313262100096	-0.0120285287805	-0.0313281811536	-0.0417091592752	1.0	-0.0234734823498	0.00289439870322	-0.0283826849855	-0.0207891851633	0.0311596215822	-0.00941547090816	-0.0118205634326	0.0502520910535	0.0169384132398	-0.0820416602832	0.0359255670074	-0.0125680501035	0.0202429506131	0.00190829575198	-0.0121036437944	-0.0269093326501	0.0323416674973	-0.0189770730337	0.00875925280634	0.0303757745618	0.00771302860193	-0.013643679074	-0.0337752667094	-0.0372008158513	-0.0158630914657	-0.0556183352008	0.0487791578777	0.0206654345357	-0.0605234510279	-0.0164700701195	0.0243597885902	-0.0308289672485	0.00471007995881
k__Bacteria;p__Firmicutes;c__Clostridia;o__Clostridiales;f__Lachnospiraceae;g__Roseburia;s__Roseburia_intestinalis	0.0183125677587	0.0498269202952	-0.0047587826638	-0.0418059281666	0.0571617881094	-0.0542032883281	0.0585391111863	0.0140910966462	-0.0183904892585	0.0100186813015	0.0275386997063	0.0142941047206	0.0032178378981	-0.0293844012297	0.0335253834033	0.0421149890064	-0.00971780839621	-0.0189826887603	-0.0707896109051	-0.048346061087	0.00199322018789	-0.0155052901064	-0.010802751326	-0.0249189399826	0.00480374133654	-0.0234734823498	1.0	-0.014610959644	-0.0140828524147	-0.00700238968138	0.0481346425996	0.0279218036835	-0.0216594993931	-0.0662920763068	-0.018738387754	-0.0554512999883	-0.0188047711443	0.0040405196136	-0.0378845846192	0.00519969918052	-0.0201162758126	0.00660928260183	-0.0232776614233	0.00211102043542	-0.0119327115239	0.00873626750143	-0.00441635654582	-0.0528426237361	0.0388828883143	-0.063725156942	-0.0609174509145	-0.0425514751742	0.0313169083099	0.0497753034942	0.048405119309	-0.0376368586701	-0.0726616111986	-0.0555070473679	-0.00178359206915
k__Bacteria;p__Firmicutes;c__Clostridia;o__Clostridiales;f__Lachnospiraceae;g__Roseburia;s__Roseburia_hominis	-0.000761350761937	-0.0267863329151	-0.0586087634468	0.0177138024345	-0.0322581465725	-0.0875486863066	-0.0877012361071	-0.0667733237635	-0.0142793309719	-0.01883054313	-0.0334260649711	0.0296839381366	-0.0478410764304	0.0360809396369	-0.0464253622934	-0.00980371849647	-0.020246819692	-0.0206971628284	-0.0505750293329	-0.018774149453	-0.00991545192313	-0.0221690799417	-0.000903934581051	-0.00601650353116	0.0263655185462	0.00289439870322	-0.014610959644	1.0	0.0141833956482	0.00786530828036	-0.0458328942712	-0.0112191063718	0.0363675000439	0.0408121728061	-0.0166904738267	0.0386111900586	-0.00725023746913	0.000174050771048	0.00216319521954	0.0151486132597	-0.0882058667806	0.0239391403779	-0.0554269842535	0.0321571012237	0.0117370397612	0.0251463322832	-0.0351607862075	-0.016921845466	0.0241079246278	0.0038359294116	0.043467690494	-0.015627250917	0.0219831140415	-0.0387622363296	0.0167441432792	0.0518738370578	-0.0393240513075	-0.00717832929332	-0.0336407982879
k__Bacteria;p__Bacteroidetes;c__Bacteroidia;o__Bacteroidales;f__Porphyromonadaceae;g__Parabacteroides;s__Parabacteroides_johnsonii	-0.00226477081254	-0.0340751846073	-0.0120034289652	-0.0199424763298	0.0268657896109	0.00615768468615	-0.0162388493812	-0.0543708935725	0.0142057082101	0.0116063264666	-0.0473877028018	0.0147292827262	-0.072681829667	0.0156148046135	0.00932704184292	-0.000667463843011	0.067574413997	-0.0338559452845	-0.0133069725562	-0.0441032459279	0.047950252821	0.0299363058796	0.0413822898456	-0.075065070862	0.0338292787178	-0.0283826849855	-0.0140828524147	0.0141833956482	1.0	-0.0188413040497	-0.0249636532127	-0.0706279926338	-0.103974713383	0.0215913829954	0.0250545249303	-0.0123893931013	-0.0252245920175	0.0715766044442	-0.0150818807023	-0.0661402111252	-0.0663694922088	0.0118163472956	-0.0276098171313	0.00222037269691	-0.0234086822131	-0.00536596339125	0.0120539352908	-0.0343132518401	-0.00891852501507	-0.0172216758909	-0.0411241849697	0.00362107717753	-0.0172725374409	0.0118770139278	-0.0124943075243	0.0264157772395	0.0027063465187	0.0268910297497	0.0493764320316
k__Bacteria;p__Actinobacteria;c__Actinobacteria;o__Bifidobacteriales;f__Bifidobacteriaceae;g__Bifidobacterium;s__Bifidobacterium_longum	-0.00416743413311	0.012356478424	0.0652279366912	-0.0224043824129	0.00932530354966	-0.0315521474118	0.0137285846485	-0.0116767190949	-0.045250272359	0.053430448569	0.015688818506	0.0588023915176	0.0304911285609	0.0463509255262	-0.0136362545442	-0.0225251253611	-0.0355843967612	0.0144004637722	-0.026159332221	-0.0249001838534	-0.0152232688414	0.00375103772989	0.0410574989702	-0.011164657564	-0.0380822081692	-0.0207891851633	-0.00700238968138	0.00786530828036	-0.0188413040497	1.0	-0.016106771154	0.0260475195503	-0.000692121576475	-0.0442449219642	-0.0361462084896	-0.0111431961701	-0.0209366133391	0.00421747101176	0.0154721513104	0.0018690005657	0.000439471781434	-0.0434908405109	-0.0364446957569	0.00736020885727	-0.0768100254857	-0.0484746093535	-0.0687673709937	-0.0183134360847	0.00118242185262	-0.0286263012595	-0.0401160017403	-0.0290846510472	-0.0886253981432	0.00359340562878	-0.0708495458281	0.00675962973379	-0.0555141080199	0.0641251009475	-0.0196833608435
