#taxonomy	k__Bacteria;p__Bacteroidetes;c__Bacteroidia;o__Bacteroidales;f__Bacteroidaceae;g__Bacteroides;s__Bacteroides_vulgatus	k__Bacteria;p__Bacteroidetes;c__Bacteroidia;o__Bacteroidales;f__Bacteroidaceae;g__Bacteroides;s__Bacteroides_uniformis	k__Bacteria;p__Bacteroidetes;c__Bacteroidia;o__Bacteroidales;f__Rikenellaceae;g__Alistipes;s__Alistipes_putredinis	k__Bacteria;p__Bacteroidetes;c__Bacteroidia;o__Bacteroidales;f__Prevotellaceae;g__Prevotella;s__Prevotella_copri	k__Bacteria;p__Bacteroidetes;c__Bacteroidia;o__Bacteroidales;f__Bacteroidaceae;g__Bacteroides;s__Bacteroides_stercoris	k__Bacteria;p__Bacteroidetes;c__Bacteroidia;o__Bacteroidales;f__Bacteroidaceae;g__Bacteroides;s__Bacteroides_ovatus	k__Bacteria;p__Bacteroidetes;c__Bacteroidia;o__Bacteroidales;f__Rikenellaceae;g__Alistipes;s__Alistipes_shahii	k__Bacteria;p__Firmicutes;c__Clostridia;o__Clostridiales;f__Ruminococcaceae;g__Faecalibacterium;s__Faecalibacterium_prausnitzii	k__Bacteria;p__Bacteroidetes;c__Bacteroidia;o__Bacteroidales;f__Rikenellaceae;g__Alistipes;s__Alistipes_finegoldii	k__Bacteria;p__Bacteroidetes;c__Bacteroidia;o__Bacteroidales;f__Porphyromonadaceae;g__Parabacteroides;s__Parabacteroides_distasonis	k__Bacteria;p__Bacteroidetes;c__Bacteroidia;o__Bacteroidales;f__Bacteroidaceae;g__Bacteroides;s__Bacteroides_thetaiotaomicron	k__Bacteria;p__Bacteroidetes;c__Bacteroidia;o__Bacteroidales;f__Bacteroidaceae;g__Bacteroides;s__Bacteroides_coprocola	k__Bacteria;p__Bacteroidetes;c__Bacteroidia;o__Bacteroidales;f__Bacteroidaceae;g__Bacteroides;s__Bacteroides_cellulosilyticus	k__Bacteria;p__Bacteroidetes;c__Bacteroidia;o__Bacteroidales;f__Rikenellaceae;g__Alistipes;s__Alistipes_obesi	k__Bacteria;p__Firmicutes;c__Clostridia;o__Clostridiales;f__Lachnospiraceae;g__;s__[Eubacterium]_rectale	k__Bacteria;p__Bacteroidetes;c__Bacteroidia;o__Bacteroidales;f__Bacteroidaceae;g__Bacteroides;s__Bacteroides_plebeius	k__Bacteria;p__Bacteroidetes;c__Bacteroidia;o__Bacteroidales;f__Bacteroidaceae;g__Bacteroides;s__Bacteroides_fragilis	k__Bacteria;p__Proteobacteria;c__Betaproteobacteria;o__Burkholderiales;f__Sutterellaceae;g__Sutterella;s__Sutterella_wadsworthensis	k__Bacteria;p__Bacteroidetes;c__Bacteroidia;o__Bacteroidales;f__Porphyromonadaceae;g__Barnesiella;s__Barnesiella_intestinihominis	k__Bacteria;p__Bacteroidetes;c__Bacteroidia;o__Bacteroidales;f__Odoribacteraceae;g__Odoribacter;s__Odoribacter_splanchnicus	k__Bacteria;p__Bacteroidetes;c__Bacteroidia;o__Bacteroidales;f__Bacteroidaceae;g__Bacteroides;s__Bacteroides_salyersiae	k__Bacteria;p__Firmicutes;c__Clostridia;o__Clostridiales;f__Ruminococcaceae;g__Ruminiclostridium;s__[Eubacterium]_siraeum	k__Bacteria;p__Proteobacteria;c__Betaproteobacteria;o__Burkholderiales;f__Sutterellaceae;g__Parasutterella;s__Parasutterella_excrementihominis	k__Bacteria;p__Actinobacteria;c__Actinobacteria;o__Bifidobacteriales;f__Bifidobacteriaceae;g__Bifidobacterium;s__Bifidobacterium_adolescentis	k__Bacteria;p__Firmicutes;c__Clostridia;o__Clostridiales;f__Oscillospiraceae;g__Oscillibacter;s__Oscillibacter_sp._KLE_1745	k__Bacteria;p__Bacteroidetes;c__Bacteroidia;o__Bacteroidales;f__Bacteroidaceae;g__Bacteroides;s__Bacteroides_coprophilus	k__Bacteria;p__Firmicutes;c__Clostridia;o__Clostridiales;f__Lachnospiraceae;g__Roseburia;s__Roseburia_intestinalis	k__Bacteria;p__Firmicutes;c__Clostridia;o__Clostridiales;f__Lachnospiraceae;g__Roseburia;s__Roseburia_hominis	k__Bacteria;p__Bacteroidetes;c__Bacteroidia;o__Bacteroidales;f__Porphyromonadaceae;g__Parabacteroides;s__Parabacteroides_johnsonii	k__Bacteria;p__Actinobacteria;c__Actinobacteria;o__Bifidobacteriales;f__Bifidobacteriaceae;g__Bifidobacterium;s__Bifidobacterium_longum	k__Bacteria;p__Firmicutes;c__Clostridia;o__Clostridiales;f__;g__Flavonifractor;s__Flavonifractor_plautii	k__Bacteria;p__Firmicutes;c__Clostridia;o__Clostridiales;f__Clostridiaceae;g__Clostridium;s__Clostridium_phoceensis	k__Bacteria;p__Verrucomicrobia;c__Verrucomicrobiae;o__Verrucomicrobiales;f__Akkermansiaceae;g__Akkermansia;s__Akkermansia_muciniphila	k__Bacteria;p__Bacteroidetes;c__Bacteroidia;o__Bacteroidales;f__Prevotellaceae;g__Paraprevotella;s__Paraprevotella_xylaniphila	k__Bacteria;p__Firmicutes;c__Clostridia;o__Clostridiales;f__Ruminococcaceae;g__Ruminococcus;s__Ruminococcus_callidus	k__Bacteria;p__Bacteroidetes;c__Bacteroidia;o__Bacteroidales;f__Rikenellaceae;g__Alistipes;s__Alistipes_senegalensis	k__Bacteria;p__Firmicutes;c__Clostridia;o__Clostridiales;f__Lachnospiraceae;g__Blautia;s__Blautia_sp._KLE_1732	k__Bacteria;p__Bacteroidetes;c__Bacteroidia;o__Bacteroidales;f__Bacteroidaceae;g__Bacteroides;s__Bacteroides_oleiciplenus	k__Bacteria;p__Firmicutes;c__Clostridia;o__Clostridiales;f__Ruminococcaceae;g__Ruminococcus;s__Ruminococcus_bicirculans	k__Bacteria;p__Bacteroidetes;c__Bacteroidia;o__Bacteroidales;f__Bacteroidaceae;g__Bacteroides;s__Bacteroides_fluxus	k__Bacteria;p__Bacteroidetes;c__Bacteroidia;o__Bacteroidales;f__Prevotellaceae;g__Prevotella;s__Prevotella_stercorea	k__Bacteria;p__Firmicutes;c__Clostridia;o__Clostridiales;f__Lachnospiraceae;g__Dorea;s__Dorea_longicatena	k__Bacteria;p__Firmicutes;c__Clostridia;o__Clostridiales;f__Eubacteriaceae;g__Eubacterium;s__[Eubacterium]_eligens	k__Bacteria;p__Firmicutes;c__Clostridia;o__Clostridiales;f__Ruminococcaceae;g__;s__Ruminococcaceae_bacterium_D16	k__Bacteria;p__Firmicutes;c__Clostridia;o__Clostridiales;f__Lachnospiraceae;g__Coprococcus;s__Coprococcus_comes	k__Bacteria;p__Proteobacteria;c__Gammaproteobacteria;o__Enterobacterales;f__Enterobacteriaceae;g__Escherichia;s__Escherichia_coli	k__Bacteria;p__Firmicutes;c__Clostridia;o__Clostridiales;f__Ruminococcaceae;g__Anaerotruncus;s__Anaerotruncus_colihominis	k__Bacteria;p__Firmicutes;c__Clostridia;o__Clostridiales;f__Lachnospiraceae;g__Blautia;s__Blautia_obeum	k__Bacteria;p__Bacteroidetes;c__Bacteroidia;o__Bacteroidales;f__Odoribacteraceae;g__Odoribacter;s__Odoribacter_laneus	k__Bacteria;p__Firmicutes;c__Clostridia;o__Clostridiales;f__Ruminococcaceae;g__Ruminiclostridium;s__[Clostridium]_leptum	k__Bacteria;p__Bacteroidetes;c__Bacteroidia;o__Bacteroidales;f__Porphyromonadaceae;g__Parabacteroides;s__Parabacteroides_goldsteinii	k__Bacteria;p__Firmicutes;c__Clostridia;o__Clostridiales;f__Lachnospiraceae;g__Anaerostipes;s__Anaerostipes_hadrus	k__Bacteria;p__Firmicutes;c__Clostridia;o__Clostridiales;f__Ruminococcaceae;g__Ruminococcus;s__Ruminococcus_lactaris	k__Bacteria;p__Firmicutes;c__Clostridia;o__Clostridiales;f__Clostridiaceae;g__Clostridium;s__Clostridium_sp._L2-50	k__Bacteria;p__Firmicutes;c__Clostridia;o__Clostridiales;f__Clostridiaceae;g__Clostridium;s__Clostridium_sp._M62/1	k__Bacteria;p__Firmicutes;c__Clostridia;o__Clostridiales;f__;g__Intestinimonas;s__Intestinimonas_butyriciproducens	k__Bacteria;p__Actinobacteria;c__Actinobacteria;o__Bifidobacteriales;f__Bifidobacteriaceae;g__Bifidobacterium;s__Bifidobacterium_bifidum	k__Bacteria;p__Firmicutes;c__Negativicutes;o__Veillonellales;f__Veillonellaceae;g__Dialister;s__Dialister_invisus	k__Bacteria;p__Bacteroidetes;c__Bacteroidia;o__Bacteroidales;f__Bacteroidaceae;g__Bacteroides;s__Bacteroides_salanitronis
k__Bacteria;p__Bacteroidetes;c__Bacteroidia;o__Bacteroidales;f__Bacteroidaceae;g__Bacteroides;s__Bacteroides_vulgatus	1.0	-0.0268811958676	0.0594582325685	-0.0253890832821	0.0276265142617	0.0200580815733	0.0109190452483	0.000661829935898	-0.0357417921099	0.0060569633048	0.00906481161822	0.0408891127558	0.0191551825942	0.00628762630744	0.0193720820377	0.0361730741631	-0.040498763988	0.0233477820069	0.00590150381819	-0.0376865504971	-0.0403470211676	0.00509809649183	0.0277750017668	0.00030299039926	0.0293243502199	0.0407676830158	0.0167294874537	-0.000995914365546	0.0340257717091	-0.0970698638199	-0.0435846492437	-0.018284457778	0.0340315797078	-0.0136687811187	0.00115994786637	-0.0304464567679	-0.0754456962324	-0.0317465171405	-0.0409695384806	-0.0415691548639	-0.0204707966749	0.002579677032	0.00945856641692	-0.0285114370702	-0.0235664519029	-0.0333078031272	-0.0391193169633	-0.0166358908118	0.0619773032676	-0.0215644163127	0.0364041859515	-0.00332555998039	0.00355423780721	-0.0632797323687	-0.0352439878489	-0.00783521172002	-0.013901754777	-0.0512784207718	0.0181045469802
k__Bacteria;p__Bacteroidetes;c__Bacteroidia;o__Bacteroidales;f__Bacteroidaceae;g__Bacteroides;s__Bacteroides_uniformis	-0.0268811958676	1.0	-0.0369930547288	-0.0200415585478	0.0138041473592	-0.00834187934643	-0.0253982577997	0.023879592459	-0.011954796799	0.00117541411199	0.00836900925329	-0.00452655758079	0.0401154019351	-0.00576155065451	-0.0564374236503	-0.0324076017991	-0.0129259731712	0.0351926895809	-0.0191792384484	0.0608666641582	-0.0562915926584	0.0329379518621	-0.0182508643091	0.00683694126482	-6.4650818789e-05	0.0134795484231	0.0345040248821	-0.0312477381955	0.0459867508293	0.0720594827447	-0.0158382214274	-0.0471349386601	-0.0517285866064	-0.0425265812267	-0.0348792190056	0.0271267217942	0.0104165766088	-0.0273390954047	-0.0455492351549	0.0822398707005	0.0376559232305	-0.0931279378321	-0.0271947345805	-0.0126180462643	0.0768814068273	-0.0432781152752	0.0819260421871	-0.0463438296409	-0.0207526598504	0.0531008879081	-0.0168774579315	0.0017696716839	-0.0306565000914	-0.030200279387	0.0482271135824	-0.0562121084994	0.0546299237164	-0.00885680202878	-0.0552312631937
k__Bacteria;p__Bacteroidetes;c__Bacteroidia;o__Bacteroidales;f__Rikenellaceae;g__Alistipes;s__Alistipes_putredinis	0.0594582325685	-0.0369930547288	1.0	-0.0638503764044	0.00928549628856	-0.0388197466501	0.0463041594719	-0.0114155728112	-0.0209908977747	-0.104011316632	0.0345587282187	-0.00757793563432	0.0434453386616	-0.0249084452677	0.00578210542665	-0.0250536067802	0.0348771831781	0.0653967792233	-0.0237279832854	-0.0056724694555	-0.00685526680788	-0.0533254498613	0.00955561346552	0.0462335543111	0.0110505541028	-0.0491789637734	-0.0272697873252	-0.0394753892391	-0.0109501285352	0.0380057027	-0.0554683395825	0.084182526069	-0.0245403607132	-0.0423135073681	-0.0580953534814	-0.00182816368471	-0.0228584754204	-0.0509686355499	0.0307979497569	0.00884217939807	0.048578098948	-0.0229216791201	-0.0266675166413	0.031946574674	-0.0273402453779	-0.0271577486899	0.00129519268382	0.00763594491085	-0.00733580889442	-0.0164432563445	0.0698619650704	-0.071534997149	0.0249433723361	0.00718474716518	-0.0711121505029	-0.0706411654336	0.0105823722609	0.01413606864	0.0252110671308
k__Bacteria;p__Bacteroidetes;c__Bacteroidia;o__Bacteroidales;f__Prevotellaceae;g__Prevotella;s__Prevotella_copri	-0.0253890832821	-0.0200415585478	-0.0638503764044	1.0	-0.0362221336164	-0.0418173575279	-0.070350586168	0.0033149355445	-0.016758543856	0.0485956198645	-0.023733635483	0.0339876102199	-0.00342953207098	-0.00149815845048	-0.0551513206722	-0.0145101179415	-0.0288109183193	-0.0209200554684	-0.0325809207422	0.00538308251342	0.0306943972924	0.0484199691752	0.00873609093917	-0.0678186117231	-0.00430866600953	0.00741703416912	-0.020295965368	-0.108861840273	0.0149296728127	-0.0206305745047	0.00899172008314	-0.0645502191064	-0.0176131072334	0.00931872543097	0.037623682337	-0.0347176402358	-0.0070422604779	-0.0131519870531	0.0329898861797	0.00218816665842	0.0624966556887	0.0707189559195	0.0100678076527	0.02240630233	0.0386057273039	-0.019521973588	0.0205737743238	0.00124903326103	0.0115128644074	-0.0439242702997	-0.018619735685	-0.0154001623244	0.0492277291938	0.0168376622376	0.0639801706994	-0.00350315147698	-0.0683150105509	-0.00830207168301	-0.001221308204
k__Bacteria;p__Bacteroidetes;c__Bacteroidia;o__Bacteroidales;f__Bacteroidaceae;g__Bacteroides;s__Bacteroides_stercoris	0.0276265142617	0.0138041473592	0.00928549628856	-0.0362221336164	1.0	0.00152823109246	-0.0285066542312	-0.0714385276438	0.0345010894726	-0.0148237521993	-0.0037329426455	-0.048009820496	-0.0219331321377	0.00393098301438	-0.0252260141632	0.020412601905	-0.0364728578979	-0.0279429346692	-0.0446741276265	-0.0088840722891	0.0537681429494	-0.0230487054288	-0.0189037626156	-0.0665363252318	-0.00221502201667	-0.0152749795243	-0.0444884190918	-0.0449563751945	0.0438717921368	-0.00983255050525	0.0262565574431	-0.023653123001	0.0170543151048	-0.0668580960983	-0.0566566304545	-0.0263854400484	0.0467773492717	-0.029213347284	0.00727186199641	-0.0491233864553	-0.0255362162462	-0.00375976157074	0.0514724005389	0.00796012060034	0.0173356847193	0.0344540640933	0.0113790689528	-0.00871240046822	-0.0048407762084	-0.0310043189879	0.0592416752219	-0.0800156964458	-0.00844652510379	0.0358930295136	-0.0548948863481	-0.0193501631474	0.00829663655721	0.00686817285193	0.0415799637027
k__Bacteria;p__Bacteroidetes;c__Bacteroidia;o__Bacteroidales;f__Bacteroidaceae;g__Bacteroides;s__Bacteroides_ovatus	0.0200580815733	-0.00834187934643	-0.0388197466501	-0.0418173575279	0.00152823109246	1.0	0.0525121503879	-0.00466856045742	0.0313050329329	-0.0254995785299	-0.0418349763001	-0.0277275493304	0.00901331589988	0.00256310228694	0.0342691145083	-0.0312215606974	-0.0410477404694	0.00363648288798	0.0121895678801	-0.0323149300018	-0.0297408183619	-0.0566189281934	0.00132599203645	0.0201398943837	-0.0435359790468	-0.00596457340865	0.0166754166844	0.010062074629	-0.0129568037097	0.0266647633574	-0.0614540871536	-0.0320037559954	0.0126517043665	0.0379321568687	0.0269379780183	-0.0102896535854	-0.0111603237865	0.00491406524229	0.000295038567129	0.0353307615965	0.000245227007694	0.012065873072	-0.00486191917174	-0.00600637257934	0.0417235524096	0.0120364388763	-0.013418407685	-0.0243431126392	-0.00133962701393	-0.0656869296953	0.0221345108959	0.0531861875901	-0.00159363715904	0.0423150343232	-0.0471548321801	0.0491485575603	-0.0343720199318	-0.0410829768597	0.0257562480659
k__Bacteria;p__Bacteroidetes;c__Bacteroidia;o__Bacteroidales;f__Rikenellaceae;g__Alistipes;s__Alistipes_shahii	0.0109190452483	-0.0253982577997	0.0463041594719	-0.070350586168	-0.0285066542312	0.0525121503879	1.0	-0.0497915077455	0.0494052663829	0.0111006843167	0.0142227218421	0.0251717899972	0.0559303847222	-0.0307864014781	0.0160318240132	0.00896502356329	0.0248266733495	0.00660615913276	-0.00931335753758	0.00335985832067	-0.0524177209813	-0.038355265459	0.0353983094352	0.0195555985319	0.0037653906426	-0.0189616674167	-0.0196200176944	-0.00469870664213	-0.0358938375678	-0.0236121663256	0.0202372892964	-0.00359521574152	-0.00740022961223	-0.00987040497487	0.05363816879	-0.0468622329874	-0.0466120372936	-0.0467050858022	-0.0832995213164	-0.025515746538	-0.00684901277597	0.0290335135128	-0.0234001420363	0.00476967976349	0.0381983214153	-0.0709265806171	-0.0169741461562	-0.0105985244419	0.0282373972145	-0.0101861482835	-0.0693391310133	-0.0200099751478	-0.0707368475019	-0.0144723948001	-0.0157884918945	0.0365107665639	-0.0190427830063	-0.0392383899186	-0.0153415389679
k__Bacteria;p__Firmicutes;c__Clostridia;o__Clostridiales;f__Ruminococcaceae;g__Faecalibacterium;s__Faecalibacterium_prausnitzii	0.000661829935898	0.023879592459	-0.0114155728112	0.0033149355445	-0.0714385276438	-0.00466856045742	-0.0497915077455	1.0	0.0259897085854	-0.0233481778317	-0.0533395418637	-0.06267871618	0.0141105891346	-0.0240757757111	-0.0499222110061	-0.0204782131585	0.0292463962259	0.0187149341604	-0.0106305506882	-0.0236388514158	-0.0325639828423	0.0295985238944	-0.00999034517652	0.0141458015006	0.0338339760082	0.0118623614938	0.00853089326642	-0.000172011505047	-0.0110589785802	0.0373066290064	-0.0340444264932	-0.00360075756015	-0.0335972134177	-0.0492464079722	-0.0585656130412	0.0182979137329	0.0324162364049	0.0272479438051	-0.0646585236989	-0.00640520617988	-0.00338317344345	-0.0360776263221	-0.0216281630347	-0.0343967696313	-0.00524594460814	-0.0154501078708	-0.0034638958111	-0.0554563347866	0.00765535571547	-0.00250791599441	-0.000476137937791	0.0691632004911	0.0102535734214	0.00221265342219	0.0216739053781	-0.0159332393176	0.0027099505538	0.00257542275024	-0.0135179626065
k__Bacteria;p__Bacteroidetes;c__Bacteroidia;o__Bacteroidales;f__Rikenellaceae;g__Alistipes;s__Alistipes_finegoldii	-0.0357417921099	-0.011954796799	-0.0209908977747	-0.016758543856	0.0345010894726	0.0313050329329	0.0494052663829	0.0259897085854	1.0	-0.027915869469	-0.0009701176221	-0.0305026394722	-0.0561585803554	-0.061920290815	-0.0374781743557	0.0508622795152	-0.0495366846038	-0.0582748946964	-0.0331597128119	-0.0219450694898	-0.0503210255202	-0.0146074008268	0.0103247982593	0.0344730295277	-0.0165173632118	-0.00084888213174	-0.0212827623221	-0.0126311829706	0.00979593777304	0.00952160579503	-0.0450071225243	0.0230850967333	0.022285851862	-0.0315274806122	-0.0289925763999	-0.0058602110681	0.00914931177859	-0.0732184062389	-0.0317133960156	-0.00114394563822	-0.0478319589329	-0.0799974319716	-0.0769390751952	-0.0784929472989	0.0658188730337	-0.018087311285	-0.00624495705951	-0.0284492907301	-0.0399182617348	0.00375882952019	0.0242486656934	-0.0298712497055	0.00312872729951	-0.0567589930067	0.0139200574834	-0.0379146296235	-0.0250405885863	0.057636373057	0.0355633229499
k__Bacteria;p__Bacteroidetes;c__Bacteroidia;o__Bacteroidales;f__Porphyromonadaceae;g__Parabacteroides;s__Parabacteroides_distasonis	0.0060569633048	0.00117541411199	-0.104011316632	0.0485956198645	-0.0148237521993	-0.0254995785299	0.0111006843167	-0.0233481778317	-0.027915869469	1.0	-0.098145474878	0.0269666497017	0.032302099108	0.00988105371265	-0.00100193525462	-0.0541686286325	-0.0018586221839	-0.0306100458535	-0.0568888945797	0.00191199479727	0.00212197870064	-0.0208212797424	-0.049300855069	0.0224700985804	0.0310988099631	0.0173210411942	0.0156987263031	0.015423772821	0.0157413746953	-0.0420090054476	-0.0232100418864	-0.0249116244174	-0.00733840457394	0.0022151011938	0.00896143281042	0.0208959048949	-0.0110573246662	0.0181618919083	0.0737434856463	0.0212421167964	-0.0301345312344	-0.0317506251598	0.0497268811384	-0.0106781669683	0.0269429789	-0.0522031338225	-0.0523223654073	-0.0533743928442	0.0225413698891	-0.0159711807697	-0.0702140362738	0.0128119843904	-0.0308244142646	0.0596738503878	-0.0169292780139	0.00188386346516	0.0249209619769	-0.0207193674295	0.00619565960728
k__Bacteria;p__Bacteroidetes;c__Bacteroidia;o__Bacteroidales;f__Bacteroidaceae;g__Bacteroides;s__Bacteroides_thetaiotaomicron	0.00906481161822	0.00836900925329	0.0345587282187	-0.023733635483	-0.0037329426455	-0.0418349763001	0.0142227218421	-0.0533395418637	-0.0009701176221	-0.098145474878	1.0	-0.0215591444307	-0.0424159978153	0.0309484203712	0.0439215697661	0.024757844193	-0.00950075542029	0.00377075894142	0.00915360875235	-0.0352512639797	-0.052365503847	0.0092805159588	0.0244761903839	0.0428311746156	-0.0551503049794	-0.0420735107268	0.0463325427462	0.0128854739748	-0.0823845894428	-0.00853803566847	0.0564898634146	0.0320322637099	-0.0568155489807	0.0120332436167	-0.112083824626	0.00603467885929	-0.027490270323	-0.0167340548813	0.0371535939669	-0.0347078571257	0.0553285243794	-0.0585790983702	-0.0262374563214	0.00449548332203	0.00295912943009	0.0278779938085	-0.00807346778837	-0.0560349202077	-0.0036823246807	-0.0679111404483	0.0346883364085	-0.073643315532	-0.0259937298472	-0.034301919727	-0.00727810188354	0.0275308288462	-0.0240878042149	0.00405279981954	-0.0179119186248
k__Bacteria;p__Bacteroidetes;c__Bacteroidia;o__Bacteroidales;f__Bacteroidaceae;g__Bacteroides;s__Bacteroides_coprocola	0.0408891127558	-0.00452655758079	-0.00757793563432	0.0339876102199	-0.048009820496	-0.0277275493304	0.0251717899972	-0.06267871618	-0.0305026394722	0.0269666497017	-0.0215591444307	1.0	-0.0607185903153	0.0369713157955	0.00735573303531	0.0326386315915	-0.0595558087165	-0.0200273604009	0.0168713013171	-0.0184404062593	-0.0175811747864	-0.0499801471493	0.0179987773045	0.0720605432627	0.00146917265063	-0.0100198057296	0.0322740729008	0.00939833587635	-0.0287366331346	-0.0111446039721	0.0406500252323	-0.0174766109405	-0.0157266129838	0.0124844650589	-0.0526391337377	-0.0539127558095	0.0164035223653	-0.00575866357862	0.0107198991924	-0.0703627708463	-0.0186122609459	0.0493200250489	0.0315657771551	-0.0446262542921	-0.0191525625615	0.0155879212694	0.0158464905072	0.00820746036254	-0.0169094076703	0.0149955990253	-0.00413591928905	-0.00396361042443	-0.00253837478302	-0.0352734419654	-0.0465925469687	-0.0494017868944	0.0158187033896	-0.0453963453557	-0.0389505672575
k__Bacteria;p__Bacteroidetes;c__Bacteroidia;o__Bacteroidales;f__Bacteroidaceae;g__Bacteroides;s__Bacteroides_cellulosilyticus	0.0191551825942	0.0401154019351	0.0434453386616	-0.00342953207098	-0.0219331321377	0.00901331589988	0.0559303847222	0.0141105891346	-0.0561585803554	0.032302099108	-0.0424159978153	-0.0607185903153	1.0	-0.00699367406256	0.00822804657387	0.0236607546638	0.0505549451884	0.0461521727049	0.0591430562665	-0.0487827344567	-0.0527222807404	0.0215549798587	-0.0167098983421	-0.0494922966253	0.0316963586379	-0.108738908287	-0.00282191177233	0.00412779743673	0.0151125596591	-0.0787680684963	-0.0202290490049	0.0188373490788	-0.0213847292112	-0.0327670940267	0.0167034189939	0.033218752131	-0.039889260797	-0.00835374108942	0.0398259879295	0.0112536127239	-0.0841508923595	-0.0912375596088	-0.0194487549597	0.0438394251395	-0.0455417438916	-0.102635160745	0.0516236516506	-0.0729375349072	0.0136513290244	0.0873875534572	-0.0129548810836	-0.0500353581747	0.0523262463279	-0.0053633747186	0.0334425018634	-0.0359445368551	-0.0423841385401	0.0205117687064	-0.0267874561757
k__Bacteria;p__Bacteroidetes;c__Bacteroidia;o__Bacteroidales;f__Rikenellaceae;g__Alistipes;s__Alistipes_obesi	0.00628762630744	-0.00576155065451	-0.0249084452677	-0.00149815845048	0.00393098301438	0.00256310228694	-0.0307864014781	-0.0240757757111	-0.061920290815	0.00988105371265	0.0309484203712	0.0369713157955	-0.00699367406256	1.0	0.0507088687917	-0.0352642774258	-0.0354121527548	-0.00649978428703	0.0259300308522	0.0193607369351	0.00963302339928	-0.00966901646958	0.0623608653328	0.0330822533427	0.0561448973354	-0.021398553802	-0.0699502994267	-0.0277587639386	-0.0101237114316	-0.0439545233507	0.000889513476531	-0.0770358936723	-0.024200607754	-0.0229430255736	0.0105282581382	0.0108048870751	0.0268114085982	0.0524331175891	-0.0566513376295	-0.0253793784176	-0.00600786571044	-0.0707277707622	-0.0168592753315	0.0388404822442	-0.0446552762449	0.0482383521468	0.0642740670391	0.00428782473158	-0.0346355314535	0.0547340636248	0.00887055009999	-0.0610758658452	-0.0178842714672	-0.0333636475233	-0.00532437263227	0.0518118818491	0.0167760309536	0.0443444460838	-0.00062930088754
k__Bacteria;p__Firmicutes;c__Clostridia;o__Clostridiales;f__Lachnospiraceae;g__;s__[Eubacterium]_rectale	0.0193720820377	-0.0564374236503	0.00578210542665	-0.0551513206722	-0.0252260141632	0.0342691145083	0.0160318240132	-0.0499222110061	-0.0374781743557	-0.00100193525462	0.0439215697661	0.00735573303531	0.00822804657387	0.0507088687917	1.0	-0.0344175029657	-0.0110810566103	0.000971669383434	-0.0578199702729	0.00845534384042	0.0495883708484	0.00683123756318	0.0190167974667	-0.0194668100516	0.000231774164428	-0.050633205345	0.0133526415268	0.0501529553219	-0.0102908946979	-0.00107953320014	-0.0409269849645	-0.0215792767268	-0.0588550363816	0.0155772132182	-0.0392548822847	-0.0143563308452	-0.0109799210239	-0.0169309759367	-0.00424993773465	0.0150354952748	-0.083815952506	-0.0381833027596	-0.0641847999088	0.044766279624	-0.0180730202293	-0.057381766744	0.024965448326	-0.00703002947998	0.00459223669773	0.0436133440742	0.010495534536	-0.0264147104354	0.00101380465111	0.0198536624282	0.0221337868433	-0.0317872732558	0.0180193270228	0.0232883540962	-0.0265014648855
k__Bacteria;p__Bacteroidetes;c__Bacteroidia;o__Bacteroidales;f__Bacteroidaceae;g__Bacteroides;s__Bacteroides_plebeius	0.0361730741631	-0.0324076017991	-0.0250536067802	-0.0145101179415	0.020412601905	-0.0312215606974	0.00896502356329	-0.0204782131585	0.0508622795152	-0.0541686286325	0.024757844193	0.0326386315915	0.0236607546638	-0.0352642774258	-0.0344175029657	1.0	0.0423254563493	0.0253009424096	0.0257986764225	0.00676701842763	-0.0338438142498	-0.0454301288755	-0.0236067167178	-0.0277592790318	-0.0150231656723	-0.0297011167054	-0.0210380165601	-0.0410030508716	-0.0375812840905	0.0709627661336	-0.0807368713203	-0.00463382542191	0.0216329696993	-0.00445126231178	0.00105950495694	0.0170262712358	-0.0386665577042	0.0127352824728	0.0540875171688	-0.0166244089668	-0.00969076895684	-0.0564125476276	-0.0241701922207	0.0431864293368	-0.0522772328985	-0.0213025342789	-0.0394344244587	0.0225641781376	-0.0160663009575	-0.0246264814785	0.0629565113137	0.0217179791238	-0.077402399616	-0.0196811779717	-0.0556788039379	0.0227377998184	0.0426679253884	0.0227751151488	-0.0217293146286
k__Bacteria;p__Bacteroidetes;c__Bacteroidia;o__Bacteroidales;f__Bacteroidaceae;g__Bacteroides;s__Bacteroides_fragilis	-0.040498763988	-0.0129259731712	0.0348771831781	-0.0288109183193	-0.0364728578979	-0.0410477404694	0.0248266733495	0.0292463962259	-0.0495366846038	-0.0018586221839	-0.00950075542029	-0.0595558087165	0.0505549451884	-0.0354121527548	-0.0110810566103	0.0423254563493	1.0	-0.0714871057335	-0.00316373033895	-0.00618740767449	-0.0177377405027	-0.0088658726399	-0.0179642941045	0.021886200608	0.0127507450129	-0.0309503647216	0.00372282750164	-0.0127494333785	-0.0649683204865	0.0175391978772	-0.0572703321184	0.0165381312364	0.0131371503441	-0.00451908281388	-0.0166880497607	-0.0230945780059	-0.0208863980655	0.0185591432011	0.0195846492593	-0.0810384521732	-0.016209664168	-0.0510636555721	0.0122659737757	0.0247171695377	-0.00733754588688	0.0083294948436	-0.0155423446509	0.0559489065301	0.0257050914984	0.00699808219622	-0.00175643807724	0.0271986701372	-0.0312451345286	0.0847525354043	0.0264283289628	-0.0166496883717	-0.0214490457096	-0.000536075545447	-0.0352334231411
k__Bacteria;p__Proteobacteria;c__Betaproteobacteria;o__Burkholderiales;f__Sutterellaceae;g__Sutterella;s__Sutterella_wadsworthensis	0.0233477820069	0.0351926895809	0.0653967792233	-0.0209200554684	-0.0279429346692	0.00363648288798	0.00660615913276	0.0187149341604	-0.0582748946964	-0.0306100458535	0.00377075894142	-0.0200273604009	0.0461521727049	-0.00649978428703	0.000971669383434	0.0253009424096	-0.0714871057335	1.0	-0.0232410484761	-0.0471117039566	0.0224025375404	-0.00386180781467	-0.0092156093401	0.0102403265082	-0.0777062569453	-0.0322697647796	-0.0416046532877	-0.0390218054173	-0.0274606990685	0.0402121779724	0.0251841290507	-0.026434833753	-0.0112005643564	0.0154518133968	-0.0253227543711	0.0421723289013	-0.0250939071879	-0.0287204064347	0.0527260465716	-0.0215859097156	0.0147682507442	-0.0301051982873	-0.0294460175126	0.0135569214839	0.00904178264283	-0.0218171937318	-0.0154516419099	-0.0143399508919	0.0264827004948	-0.0269272086522	0.0365976975707	-0.020157264298	-0.0356427732109	-0.0618280940727	-0.0320224294159	0.00685418665379	-0.0180705969971	-0.039222869534	-0.0281282090639
k__Bacteria;p__Bacteroidetes;c__Bacteroidia;o__Bacteroidales;f__Porphyromonadaceae;g__Barnesiella;s__Barnesiella_intestinihominis	0.00590150381819	-0.0191792384484	-0.0237279832854	-0.0325809207422	-0.0446741276265	0.0121895678801	-0.00931335753758	-0.0106305506882	-0.0331597128119	-0.0568888945797	0.00915360875235	0.0168713013171	0.0591430562665	0.0259300308522	-0.0578199702729	0.0257986764225	-0.00316373033895	-0.0232410484761	1.0	-0.027327402624	-0.0179905564521	-0.0447860909618	-0.0428584691918	0.00468184429382	0.0176949004674	-0.0633499565862	0.0402212227203	0.0317591752901	0.0614836634136	-0.0245016993247	-0.00720781745753	0.0326198121432	-0.0422494526183	0.0217483089451	0.00509143359956	0.00821290259367	2.34791387205e-05	-0.0100357970801	0.00617623919845	-0.000582486277978	-0.0225261092103	-0.0223337794846	0.00498770734507	0.000577760086756	-0.0511405924723	0.0284526809533	0.0697853705407	-0.00180001043092	-0.0945305717287	-0.00569915504675	-0.0250478262176	0.00772596275078	0.0027066496881	-0.0206138862693	0.0203652812198	-0.00379477467844	0.0763843534177	-0.0325757298291	0.00721424651681
k__Bacteria;p__Bacteroidetes;c__Bacteroidia;o__Bacteroidales;f__Odoribacteraceae;g__Odoribacter;s__Odoribacter_splanchnicus	-0.0376865504971	0.0608666641582	-0.0056724694555	0.00538308251342	-0.0088840722891	-0.0323149300018	0.00335985832067	-0.0236388514158	-0.0219450694898	0.00191199479727	-0.0352512639797	-0.0184404062593	-0.0487827344567	0.0193607369351	0.00845534384042	0.00676701842763	-0.00618740767449	-0.0471117039566	-0.027327402624	1.0	0.00415611170155	0.0386281365406	-0.054971196051	-0.069990979946	-0.0121357095561	0.0478150766146	0.0195013314957	-0.0181167361126	-0.0266342271688	-0.0249779298691	-0.0293531060231	-0.0105530312657	0.0541139017114	0.0389777798174	-0.0688676188367	0.0279771479339	-0.0070258554387	0.0378558001403	-0.0281134295581	-0.108164622249	0.00811027067431	-0.0346323204391	0.00163151404565	0.0033425886851	-0.0570938121967	-0.0319004020062	0.0185721396002	-0.00295428572096	0.0183778160312	0.0384152226152	0.00090874454658	0.0519641149166	-0.00213742221391	-0.000811819157724	0.0140445786353	-0.0606856642057	-0.0545547091818	-0.0215763412545	-0.0359983660351
k__Bacteria;p__Bacteroidetes;c__Bacteroidia;o__Bacteroidales;f__Bacteroidaceae;g__Bacteroides;s__Bacteroides_salyersiae	-0.0403470211676	-0.0562915926584	-0.00685526680788	0.0306943972924	0.0537681429494	-0.0297408183619	-0.0524177209813	-0.0325639828423	-0.0503210255202	0.00212197870064	-0.052365503847	-0.0175811747864	-0.0527222807404	0.00963302339928	0.0495883708484	-0.0338438142498	-0.0177377405027	0.0224025375404	-0.0179905564521	0.00415611170155	1.0	0.0495612051429	0.00612286675709	-0.0170502202144	-0.0809888649043	0.0474348362442	0.0253914338812	0.013958634195	-0.0331943338241	-0.0599245798753	0.0286687990856	0.000410077916206	0.0450033636899	0.00229832596805	0.00381854618951	0.0155649584946	0.0129540584345	0.0266620080775	0.0133498204136	0.0431984387986	-0.0591023634777	0.00144070239726	0.0247299605163	0.00203575316388	-0.0603441472443	0.037573964107	0.0221792463302	0.0287753072382	-0.00818192878243	0.0155480757799	0.0272025634661	0.0108994680913	0.00391636669564	0.00525159367422	-0.0610018138832	0.0198480749633	-0.0920739859931	0.00543790459738	-0.0365699372817
k__Bacteria;p__Firmicutes;c__Clostridia;o__Clostridiales;f__Ruminococcaceae;g__Ruminiclostridium;s__[Eubacterium]_siraeum	0.00509809649183	0.0329379518621	-0.0533254498613	0.0484199691752	-0.0230487054288	-0.0566189281934	-0.038355265459	0.0295985238944	-0.0146074008268	-0.0208212797424	0.0092805159588	-0.0499801471493	0.0215549798587	-0.00966901646958	0.00683123756318	-0.0454301288755	-0.0088658726399	-0.00386180781467	-0.0447860909618	0.0386281365406	0.0495612051429	1.0	0.0556650802549	-0.0312261109994	-0.0417570387642	-0.0393001176298	-0.0427337831813	-0.0524534943743	0.00248778280613	0.0700208259359	-0.00205091618834	0.00348533252952	0.0155666653576	-0.00426040171585	0.00356097829322	0.0344827403485	0.0352950672282	0.0218692408893	0.0452013021059	0.00698422167118	0.0650647798859	0.0101163738911	0.043634010359	-0.0417304208499	-0.0715372350523	0.0141914703765	-0.0228858476281	-0.0328514698362	-0.0301035883746	0.0234588760749	-0.0351987637872	0.0503459978583	0.0137519845289	0.00764695312974	-0.0364555060199	-0.000196212283698	0.0210769449058	0.0111050288886	-0.0189029787526
k__Bacteria;p__Proteobacteria;c__Betaproteobacteria;o__Burkholderiales;f__Sutterellaceae;g__Parasutterella;s__Parasutterella_excrementihominis	0.0277750017668	-0.0182508643091	0.00955561346552	0.00873609093917	-0.0189037626156	0.00132599203645	0.0353983094352	-0.00999034517652	0.0103247982593	-0.049300855069	0.0244761903839	0.0179987773045	-0.0167098983421	0.0623608653328	0.0190167974667	-0.0236067167178	-0.0179642941045	-0.0092156093401	-0.0428584691918	-0.054971196051	0.00612286675709	0.0556650802549	1.0	0.0083941595692	-0.0453724791483	-0.0392448511312	-0.0844521276576	-0.00499546359189	0.00599403267424	-0.0207324409436	-0.01606374019	0.0174806154139	0.0234843500147	0.0187610656224	0.00285072385718	0.0275336570006	0.00570401216443	0.0215385589902	-0.0416153616339	-0.0300540880064	0.0185344788099	0.0498023991005	0.0290290307918	-0.0536959833706	0.044247546935	0.044203025647	-0.010943475713	-0.0241259133111	-0.0335367651858	-0.0323020419394	-0.0446156258321	-0.0204713245794	-0.0441071739068	-0.0223889438601	-0.0571142362093	0.0102957854661	-0.00689305937439	-0.0201648162427	-0.0337705116602
k__Bacteria;p__Actinobacteria;c__Actinobacteria;o__Bifidobacteriales;f__Bifidobacteriaceae;g__Bifidobacterium;s__Bifidobacterium_adolescentis	0.00030299039926	0.00683694126482	0.0462335543111	-0.0678186117231	-0.0665363252318	0.0201398943837	0.0195555985319	0.0141458015006	0.0344730295277	0.0224700985804	0.0428311746156	0.0720605432627	-0.0494922966253	0.0330822533427	-0.0194668100516	-0.0277592790318	0.021886200608	0.0102403265082	0.00468184429382	-0.069990979946	-0.0170502202144	-0.0312261109994	0.0083941595692	1.0	-0.0520046278307	0.00716476243042	-0.100396450106	0.00028357585821	-0.0172211228971	0.0198042903179	-0.0457180419216	-0.0876816864128	-0.0168089127284	0.00147345956924	-0.0106586819854	-0.0980081989455	0.0560995412889	0.0422138829697	0.0214715967947	-0.0255764068361	-0.0443960983054	0.0712847995231	0.0266662493175	-0.00331335957574	-0.0100816598921	-0.00669339231332	-0.020143507216	-0.0298456945084	-0.0522873447995	0.00790625162179	-0.0201503071871	-0.0522327683852	-0.0715789266032	-0.0250620064907	0.055024076803	0.0143754402696	0.0150863859966	-0.0251968915264	-0.0274282354103
k__Bacteria;p__Firmicutes;c__Clostridia;o__Clostridiales;f__Oscillospiraceae;g__Oscillibacter;s__Oscillibacter_sp._KLE_1745	0.0293243502199	-6.46508187891e-05	0.0110505541028	-0.00430866600953	-0.00221502201667	-0.0435359790468	0.0037653906426	0.0338339760082	-0.0165173632118	0.0310988099631	-0.0551503049794	0.00146917265063	0.0316963586379	0.0561448973354	0.000231774164428	-0.0150231656723	0.0127507450129	-0.0777062569453	0.0176949004674	-0.0121357095561	-0.0809888649043	-0.0417570387642	-0.0453724791483	-0.0520046278307	1.0	0.00414099856268	-0.0455822586425	-0.0282975729011	0.00191802428342	-0.00904761490301	0.0198611424284	-0.0363304289803	0.02804586747	-0.0198767665253	0.0146852708961	-0.0420916538407	-0.0157609244444	-0.00833800913711	0.00628711327955	-0.0231201847537	-0.00736377269417	-0.00825254480969	-0.00461987580476	0.0125285121214	-0.0187048142534	0.0333457197035	0.0180902618812	0.0180346919514	-0.0105286137421	-0.0508305911828	-0.0168632350988	-0.00937239591832	-0.00797887010903	0.0290561242445	-0.0281194668535	0.00534404163239	-0.0224853760045	0.0102038492599	-0.0295837282041
k__Bacteria;p__Bacteroidetes;c__Bacteroidia;o__Bacteroidales;f__Bacteroidaceae;g__Bacteroides;s__Bacteroides_coprophilus	0.0407676830158	0.0134795484231	-0.0491789637734	0.00741703416912	-0.0152749795243	-0.00596457340865	-0.0189616674167	0.0118623614938	-0.00084888213174	0.0173210411942	-0.0420735107268	-0.0100198057296	-0.108738908287	-0.021398553802	-0.050633205345	-0.0297011167054	-0.0309503647216	-0.0322697647796	-0.0633499565862	0.0478150766146	0.0474348362442	-0.0393001176298	-0.0392448511312	0.00716476243042	0.00414099856268	1.0	-0.00665594248163	0.0152787015887	-0.0248557620962	0.0256021978515	0.0131340250366	0.00613723797554	0.0143149975264	0.0201677800998	-0.0642872286288	-0.0175074180555	0.0322596733551	0.0137178849232	-0.0223499697875	0.0179615531529	0.032581096693	0.0253740158886	-0.00824845081974	-0.0277515075685	-0.0317158889702	-0.0912801404746	-0.0272988606226	-0.00905215155505	0.0565607820695	0.00826006975394	-0.0231149948637	0.0132334418707	0.0411924280618	-0.00643157641176	-0.0434968621623	0.0321545967205	0.0120522584331	-0.0244410332013	-0.0242793544099
k__Bacteria;p__Firmicutes;c__Clostridia;o__Clostridiales;f__Lachnospiraceae;g__Roseburia;s__Roseburia_intestinalis	0.0167294874537	0.0345040248821	-0.0272697873252	-0.020295965368	-0.0444884190918	0.0166754166844	-0.0196200176944	0.00853089326642	-0.0212827623221	0.0156987263031	0.0463325427462	0.0322740729008	-0.00282191177233	-0.0699502994267	0.0133526415268	-0.0210380165601	0.00372282750164	-0.0416046532877	0.0402212227203	0.0195013314957	0.0253914338812	-0.0427337831813	-0.0844521276576	-0.100396450106	-0.0455822586425	-0.00665594248163	1.0	0.000996666773199	-0.0559135062443	-0.027135852837	0.0238125023748	0.00112612208882	-0.0560946989661	-0.0171974754901	-0.0216355239637	-0.0594531604686	0.0249429668582	-0.00767277378678	-0.0362523920768	0.027903418945	-0.0140720025409	0.0151310108644	-0.0453187342898	0.0138953838854	-0.0516783436872	0.00657572137482	-0.0807090720235	0.0296074192139	-0.0165429063654	-0.019492127139	0.00866230570777	0.0540351942933	0.0225913670111	-0.0106615081893	-0.0245294666366	-0.0230842455952	0.0415217906356	-0.00675337430893	-0.0220544572208
k__Bacteria;p__Firmicutes;c__Clostridia;o__Clostridiales;f__Lachnospiraceae;g__Roseburia;s__Roseburia_hominis	-0.000995914365546	-0.0312477381955	-0.0394753892391	-0.108861840273	-0.0449563751945	0.010062074629	-0.00469870664213	-0.000172011505047	-0.0126311829706	0.015423772821	0.0128854739748	0.00939833587635	0.00412779743673	-0.0277587639386	0.0501529553219	-0.0410030508716	-0.0127494333785	-0.0390218054173	0.0317591752901	-0.0181167361126	0.013958634195	-0.0524534943743	-0.00499546359189	0.00028357585821	-0.0282975729011	0.0152787015887	0.000996666773199	1.0	0.0175990138857	-0.0459978569868	-0.0148106818243	-0.0314701130628	-0.0493004224485	0.00378136855519	-0.0307782574383	0.028577849537	-0.0273811146531	-0.0151135665271	0.0529657476134	0.0150839708602	0.0223338115147	0.0755774066865	0.0236525321632	-0.00369523736258	0.0338913393904	-0.00200809514785	-0.0109579760816	-0.0498362390162	-0.0718298942833	-0.0447505532368	-0.00207760762702	-0.0636920308462	-0.0212651767186	0.0134436055035	0.00775561423414	0.0757330658275	-0.0214388273203	-0.0936552483337	-0.0244326764302
k__Bacteria;p__Bacteroidetes;c__Bacteroidia;o__Bacteroidales;f__Porphyromonadaceae;g__Parabacteroides;s__Parabacteroides_johnsonii	0.0340257717091	0.0459867508293	-0.0109501285352	0.0149296728127	0.0438717921368	-0.0129568037097	-0.0358938375678	-0.0110589785802	0.00979593777304	0.0157413746953	-0.0823845894428	-0.0287366331346	0.0151125596591	-0.0101237114316	-0.0102908946979	-0.0375812840905	-0.0649683204865	-0.0274606990685	0.0614836634136	-0.0266342271688	-0.0331943338241	0.00248778280613	0.00599403267424	-0.0172211228971	0.00191802428342	-0.0248557620962	-0.0559135062443	0.0175990138857	1.0	0.0245780361502	-0.0415827259061	-0.0498938270562	0.0117237472053	-0.00507891368742	-0.0122321197866	-0.011101423775	-0.010062893022	-0.0506242720975	0.0113045072395	-0.0248529892104	0.00892256935233	-0.0263844177044	0.0585840913125	0.0153691315579	0.0118905590469	-0.0202099620237	-0.0397806867432	-0.0410531699536	-0.0352536543706	0.000905978497091	-0.0412758727798	-0.0186880114258	-0.0147223773707	-0.0715076937202	-0.0471367668649	0.0786385354124	0.0264444385582	0.0198813657216	-0.0101119659292
k__Bacteria;p__Actinobacteria;c__Actinobacteria;o__Bifidobacteriales;f__Bifidobacteriaceae;g__Bifidobacterium;s__Bifidobacterium_longum	-0.0970698638199	0.0720594827447	0.0380057027	-0.0206305745047	-0.00983255050525	0.0266647633574	-0.0236121663256	0.0373066290064	0.00952160579503	-0.0420090054476	-0.00853803566847	-0.0111446039721	-0.0787680684963	-0.0439545233507	-0.00107953320014	0.0709627661336	0.0175391978772	0.0402121779724	-0.0245016993247	-0.0249779298691	-0.0599245798753	0.0700208259359	-0.0207324409436	0.0198042903179	-0.00904761490301	0.0256021978515	-0.027135852837	-0.0459978569868	0.0245780361502	1.0	-0.0148783906044	-0.0251657170238	-0.00862060827461	0.0285057997579	0.0161440825519	-0.0380618103944	0.0510579239061	-0.0267490531929	-0.0583525232984	0.035866226105	0.0288656236483	0.0577098684646	-0.0280721970018	-0.0144646474228	-0.0130646511881	-0.0141638532278	0.00904248690234	-0.0153412724904	0.00701502740369	0.0120117468454	0.0173114962065	-0.04201114065	-0.0362425458035	-0.0248852765518	0.00258062816685	-0.00982588790171	0.00758311991775	-0.0629881936094	0.0105835415979
