#taxonomy	k__Bacteria;p__Bacteroidetes;c__Bacteroidia;o__Bacteroidales;f__Bacteroidaceae;g__Bacteroides;s__Bacteroides_vulgatus	k__Bacteria;p__Bacteroidetes;c__Bacteroidia;o__Bacteroidales;f__Bacteroidaceae;g__Bacteroides;s__Bacteroides_uniformis	k__Bacteria;p__Bacteroidetes;c__Bacteroidia;o__Bacteroidales;f__Rikenellaceae;g__Alistipes;s__Alistipes_putredinis	k__Bacteria;p__Bacteroidetes;c__Bacteroidia;o__Bacteroidales;f__Prevotellaceae;g__Prevotella;s__Prevotella_copri	k__Bacteria;p__Bacteroidetes;c__Bacteroidia;o__Bacteroidales;f__Bacteroidaceae;g__Bacteroides;s__Bacteroides_stercoris	k__Bacteria;p__Bacteroidetes;c__Bacteroidia;o__Bacteroidales;f__Bacteroidaceae;g__Bacteroides;s__Bacteroides_ovatus	k__Bacteria;p__Bacteroidetes;c__Bacteroidia;o__Bacteroidales;f__Rikenellaceae;g__Alistipes;s__Alistipes_shahii	k__Bacteria;p__Firmicutes;c__Clostridia;o__Clostridiales;f__Ruminococcaceae;g__Faecalibacterium;s__Faecalibacterium_prausnitzii	k__Bacteria;p__Bacteroidetes;c__Bacteroidia;o__Bacteroidales;f__Rikenellaceae;g__Alistipes;s__Alistipes_finegoldii	k__Bacteria;p__Bacteroidetes;c__Bacteroidia;o__Bacteroidales;f__Porphyromonadaceae;g__Parabacteroides;s__Parabacteroides_distasonis	k__Bacteria;p__Bacteroidetes;c__Bacteroidia;o__Bacteroidales;f__Bacteroidaceae;g__Bacteroides;s__Bacteroides_thetaiotaomicron	k__Bacteria;p__Bacteroidetes;c__Bacteroidia;o__Bacteroidales;f__Bacteroidaceae;g__Bacteroides;s__Bacteroides_coprocola	k__Bacteria;p__Bacteroidetes;c__Bacteroidia;o__Bacteroidales;f__Bacteroidaceae;g__Bacteroides;s__Bacteroides_cellulosilyticus	k__Bacteria;p__Bacteroidetes;c__Bacteroidia;o__Bacteroidales;f__Rikenellaceae;g__Alistipes;s__Alistipes_obesi	k__Bacteria;p__Firmicutes;c__Clostridia;o__Clostridiales;f__Lachnospiraceae;g__;s__[Eubacterium]_rectale	k__Bacteria;p__Bacteroidetes;c__Bacteroidia;o__Bacteroidales;f__Bacteroidaceae;g__Bacteroides;s__Bacteroides_plebeius	k__Bacteria;p__Bacteroidetes;c__Bacteroidia;o__Bacteroidales;f__Bacteroidaceae;g__Bacteroides;s__Bacteroides_fragilis	k__Bacteria;p__Proteobacteria;c__Betaproteobacteria;o__Burkholderiales;f__Sutterellaceae;g__Sutterella;s__Sutterella_wadsworthensis	k__Bacteria;p__Bacteroidetes;c__Bacteroidia;o__Bacteroidales;f__Porphyromonadaceae;g__Barnesiella;s__Barnesiella_intestinihominis	k__Bacteria;p__Bacteroidetes;c__Bacteroidia;o__Bacteroidales;f__Odoribacteraceae;g__Odoribacter;s__Odoribacter_splanchnicus	k__Bacteria;p__Bacteroidetes;c__Bacteroidia;o__Bacteroidales;f__Bacteroidaceae;g__Bacteroides;s__Bacteroides_salyersiae	k__Bacteria;p__Firmicutes;c__Clostridia;o__Clostridiales;f__Ruminococcaceae;g__Ruminiclostridium;s__[Eubacterium]_siraeum	k__Bacteria;p__Proteobacteria;c__Betaproteobacteria;o__Burkholderiales;f__Sutterellaceae;g__Parasutterella;s__Parasutterella_excrementihominis	k__Bacteria;p__Actinobacteria;c__Actinobacteria;o__Bifidobacteriales;f__Bifidobacteriaceae;g__Bifidobacterium;s__Bifidobacterium_adolescentis	k__Bacteria;p__Firmicutes;c__Clostridia;o__Clostridiales;f__Oscillospiraceae;g__Oscillibacter;s__Oscillibacter_sp._KLE_1745	k__Bacteria;p__Bacteroidetes;c__Bacteroidia;o__Bacteroidales;f__Bacteroidaceae;g__Bacteroides;s__Bacteroides_coprophilus	k__Bacteria;p__Firmicutes;c__Clostridia;o__Clostridiales;f__Lachnospiraceae;g__Roseburia;s__Roseburia_intestinalis	k__Bacteria;p__Firmicutes;c__Clostridia;o__Clostridiales;f__Lachnospiraceae;g__Roseburia;s__Roseburia_hominis	k__Bacteria;p__Bacteroidetes;c__Bacteroidia;o__Bacteroidales;f__Porphyromonadaceae;g__Parabacteroides;s__Parabacteroides_johnsonii	k__Bacteria;p__Actinobacteria;c__Actinobacteria;o__Bifidobacteriales;f__Bifidobacteriaceae;g__Bifidobacterium;s__Bifidobacterium_longum	k__Bacteria;p__Firmicutes;c__Clostridia;o__Clostridiales;f__;g__Flavonifractor;s__Flavonifractor_plautii	k__Bacteria;p__Firmicutes;c__Clostridia;o__Clostridiales;f__Clostridiaceae;g__Clostridium;s__Clostridium_phoceensis	k__Bacteria;p__Verrucomicrobia;c__Verrucomicrobiae;o__Verrucomicrobiales;f__Akkermansiaceae;g__Akkermansia;s__Akkermansia_muciniphila	k__Bacteria;p__Bacteroidetes;c__Bacteroidia;o__Bacteroidales;f__Prevotellaceae;g__Paraprevotella;s__Paraprevotella_xylaniphila	k__Bacteria;p__Firmicutes;c__Clostridia;o__Clostridiales;f__Ruminococcaceae;g__Ruminococcus;s__Ruminococcus_callidus	k__Bacteria;p__Bacteroidetes;c__Bacteroidia;o__Bacteroidales;f__Rikenellaceae;g__Alistipes;s__Alistipes_senegalensis	k__Bacteria;p__Firmicutes;c__Clostridia;o__Clostridiales;f__Lachnospiraceae;g__Blautia;s__Blautia_sp._KLE_1732	k__Bacteria;p__Bacteroidetes;c__Bacteroidia;o__Bacteroidales;f__Bacteroidaceae;g__Bacteroides;s__Bacteroides_oleiciplenus	k__Bacteria;p__Firmicutes;c__Clostridia;o__Clostridiales;f__Ruminococcaceae;g__Ruminococcus;s__Ruminococcus_bicirculans	k__Bacteria;p__Bacteroidetes;c__Bacteroidia;o__Bacteroidales;f__Bacteroidaceae;g__Bacteroides;s__Bacteroides_fluxus	k__Bacteria;p__Bacteroidetes;c__Bacteroidia;o__Bacteroidales;f__Prevotellaceae;g__Prevotella;s__Prevotella_stercorea	k__Bacteria;p__Firmicutes;c__Clostridia;o__Clostridiales;f__Lachnospiraceae;g__Dorea;s__Dorea_longicatena	k__Bacteria;p__Firmicutes;c__Clostridia;o__Clostridiales;f__Eubacteriaceae;g__Eubacterium;s__[Eubacterium]_eligens	k__Bacteria;p__Firmicutes;c__Clostridia;o__Clostridiales;f__Ruminococcaceae;g__;s__Ruminococcaceae_bacterium_D16	k__Bacteria;p__Firmicutes;c__Clostridia;o__Clostridiales;f__Lachnospiraceae;g__Coprococcus;s__Coprococcus_comes	k__Bacteria;p__Proteobacteria;c__Gammaproteobacteria;o__Enterobacterales;f__Enterobacteriaceae;g__Escherichia;s__Escherichia_coli	k__Bacteria;p__Firmicutes;c__Clostridia;o__Clostridiales;f__Ruminococcaceae;g__Anaerotruncus;s__Anaerotruncus_colihominis	k__Bacteria;p__Firmicutes;c__Clostridia;o__Clostridiales;f__Lachnospiraceae;g__Blautia;s__Blautia_obeum	k__Bacteria;p__Bacteroidetes;c__Bacteroidia;o__Bacteroidales;f__Odoribacteraceae;g__Odoribacter;s__Odoribacter_laneus	k__Bacteria;p__Firmicutes;c__Clostridia;o__Clostridiales;f__Ruminococcaceae;g__Ruminiclostridium;s__[Clostridium]_leptum	k__Bacteria;p__Bacteroidetes;c__Bacteroidia;o__Bacteroidales;f__Porphyromonadaceae;g__Parabacteroides;s__Parabacteroides_goldsteinii	k__Bacteria;p__Firmicutes;c__Clostridia;o__Clostridiales;f__Lachnospiraceae;g__Anaerostipes;s__Anaerostipes_hadrus	k__Bacteria;p__Firmicutes;c__Clostridia;o__Clostridiales;f__Ruminococcaceae;g__Ruminococcus;s__Ruminococcus_lactaris	k__Bacteria;p__Firmicutes;c__Clostridia;o__Clostridiales;f__Clostridiaceae;g__Clostridium;s__Clostridium_sp._L2-50	k__Bacteria;p__Firmicutes;c__Clostridia;o__Clostridiales;f__Clostridiaceae;g__Clostridium;s__Clostridium_sp._M62/1	k__Bacteria;p__Firmicutes;c__Clostridia;o__Clostridiales;f__;g__Intestinimonas;s__Intestinimonas_butyriciproducens	k__Bacteria;p__Actinobacteria;c__Actinobacteria;o__Bifidobacteriales;f__Bifidobacteriaceae;g__Bifidobacterium;s__Bifidobacterium_bifidum	k__Bacteria;p__Firmicutes;c__Negativicutes;o__Veillonellales;f__Veillonellaceae;g__Dialister;s__Dialister_invisus	k__Bacteria;p__Bacteroidetes;c__Bacteroidia;o__Bacteroidales;f__Bacteroidaceae;g__Bacteroides;s__Bacteroides_salanitronis
k__Bacteria;p__Bacteroidetes;c__Bacteroidia;o__Bacteroidales;f__Bacteroidaceae;g__Bacteroides;s__Bacteroides_vulgatus	1.0	-0.0175034327103	-0.0150604739424	0.0431788613398	0.0233213281861	-0.0113389024664	-0.0261397332292	-0.0255400493591	-0.0646386139667	-0.0479676050256	0.01710089852	-0.0477776059723	-0.024801590909	-0.0509713606292	0.0678571087034	-0.0433995413519	0.00736093423276	-0.0227722388391	0.0439295723349	0.0277100704134	-0.0304516958725	-0.0745123939045	-0.0244258308377	-0.0203382936654	0.0130156064439	0.0111934273203	0.0390427902879	-0.0415166211579	-0.0342495554629	0.0262141922452	-0.045332069489	-0.0163800125878	-0.034659914452	-0.00186719202154	-0.00545182748535	-0.0198623830768	-0.0496801931294	-0.0319117093558	0.00115119190489	-0.0151828231408	0.0171370905084	0.00978790049183	0.00527887100467	-0.0589414984247	0.0196694421189	-0.0117116248168	-0.0693732132169	-0.00984890589369	0.00293200621326	0.00438125424701	-0.0279621353859	0.00983512799829	-0.00790152258494	0.0181664973567	-0.00203663434553	0.0176013360792	0.0284790667677	-0.0530546473579	-0.0702831784429
k__Bacteria;p__Bacteroidetes;c__Bacteroidia;o__Bacteroidales;f__Bacteroidaceae;g__Bacteroides;s__Bacteroides_uniformis	-0.0175034327103	1.0	-0.0294725186891	-0.0482130064435	0.0161772370369	-0.0155545136014	0.00252309014635	-0.0117651740718	-0.0314311812738	0.00286434825792	0.0134308077141	0.0543793709693	-0.059273068396	0.0124819232062	0.0420994558818	-0.0176355235538	-0.0220753863087	-0.00335172699391	0.00745717572141	-0.010787187194	-0.0174004628028	-0.0418694166053	-0.0521057579025	-0.0105821266404	-0.0047830465434	-0.0239205455181	0.0110868354935	-0.00515145444573	0.0289223719558	-0.014570563238	-0.059334777011	-0.0270362733706	0.0246823848064	0.0150662151131	0.0272492776136	0.0275037635396	0.0209623920173	-0.00880257001807	-0.0188543834785	-0.0176914663703	0.0147043013902	0.0384698773611	-0.0359354163477	-0.0359700558757	-0.0111521938012	-0.00272714701049	0.0133029221847	0.0238986322703	-0.0424995278051	0.0588341241934	0.0220268460792	-0.0269130794714	0.018389337074	-0.0104117134511	-0.0304634133767	-0.00769473469357	-0.0302773091108	0.0167774743817	0.0498922989757
k__Bacteria;p__Bacteroidetes;c__Bacteroidia;o__Bacteroidales;f__Rikenellaceae;g__Alistipes;s__Alistipes_putredinis	-0.0150604739424	-0.0294725186891	1.0	0.0204342210145	-0.0610232523148	0.031733275112	0.0436689463296	-0.094217151022	-0.0233319166506	0.0240160378052	0.00011573971061	0.053476612424	0.00684270777262	-0.00625884819323	0.0118947520891	-0.01193296934	0.0342274897894	0.0255452004934	-0.0236621715692	0.0407647449202	-0.0821283368394	-0.0224598929342	0.00236825441683	0.019950620087	-0.0533794815766	-0.0129926049347	-0.0286235752098	-0.0219835653987	-0.0220235081531	-0.0188342865281	-0.0134153574119	-0.00953876839642	0.00506488354742	-0.0188082114516	0.0224877297964	-0.0193281508222	-0.0136895740724	0.0504095691079	-0.0560465493524	-0.00854692104464	0.0274460392374	-0.0843344671876	0.064532373156	0.0281631371268	-0.00801485658313	0.0145175388878	-0.00409468945688	0.00710153721885	0.0178641130239	-0.0670183831966	-0.03923942308	0.007681231122	-0.0600447802463	-0.00797718138712	0.046243701455	-0.0431949100168	-0.000191344871738	-0.0454163780924	-0.0317734017112
k__Bacteria;p__Bacteroidetes;c__Bacteroidia;o__Bacteroidales;f__Prevotellaceae;g__Prevotella;s__Prevotella_copri	0.0431788613398	-0.0482130064435	0.0204342210145	1.0	-0.00529250296802	-0.0487238968813	-0.0399027630902	0.0233467974629	0.0436092258339	0.024660787336	-0.0195406835389	-0.0210631889188	0.0450146084996	-0.00340113906814	-0.0356999924298	-0.0146799810505	-0.0111258905972	0.0330309375653	-0.0753712955409	-0.016285637018	-0.012764289557	-0.00964109317679	-0.0034854504804	0.0129584654219	-0.0580489546751	0.00304141854531	0.0381891720269	-0.00323022445544	-0.0541040786821	0.026921683546	-0.00574798545979	-0.0215822896275	0.0053398150713	-0.0233037166456	0.0113006645374	0.0246838785264	-0.0518223848265	0.00419772135834	0.0175561153888	0.0243916898709	0.00291518095198	-0.0361273580258	0.0491694649016	0.0402505339985	-0.0267379697686	-0.000788880901042	-0.026884978199	-0.00449286386969	0.0171878090571	-0.0178461583509	-0.0897796645252	-0.00679154834526	-0.0103204046492	0.0287777259811	-0.0569049761378	-0.00505782505238	0.00562107227859	-0.00960967007315	-0.0589371839913
k__Bacteria;p__Bacteroidetes;c__Bacteroidia;o__Bacteroidales;f__Bacteroidaceae;g__Bacteroides;s__Bacteroides_stercoris	0.0233213281861	0.0161772370369	-0.0610232523148	-0.00529250296802	1.0	-0.0381655818488	-0.0450125442572	-0.0407328608911	-0.0466924279784	-0.0930539016153	-0.0128191463979	-0.0230440602727	-0.0293174257821	0.0313467982866	0.0437697017146	0.00985680010323	-0.0300785631097	0.00226759632481	-0.0983956335612	0.036352070341	0.0170861537617	0.00545084240472	-0.00453135888341	-0.0362951986483	-0.010186477218	-0.0668127925183	-0.0654902730505	0.0427857374509	-0.0189606004596	-0.0945606338587	0.0200994250615	0.0353651118462	-0.0153606677954	0.00860174951342	0.0693354671828	-0.0289608201511	-0.0180343285399	-0.067841019739	0.00815588343912	-0.0519770960944	0.00423297891788	-0.0168803096571	-0.0497558292969	-0.0220431203784	-0.0156160928001	0.032554254606	-0.0404926559529	-0.0234542687277	-0.0213719966323	-0.00172383507113	0.00464430870215	-0.0141780727469	0.0160368633056	-0.0445645014168	-0.00635822311947	0.0263010958385	0.00587321862964	0.0764134975673	0.0819157840716
k__Bacteria;p__Bacteroidetes;c__Bacteroidia;o__Bacteroidales;f__Bacteroidaceae;g__Bacteroides;s__Bacteroides_ovatus	-0.0113389024664	-0.0155545136014	0.031733275112	-0.0487238968813	-0.0381655818488	1.0	0.0152937014927	-0.0557062652878	-0.0378596112371	-0.0240629492038	-0.0271491291436	0.0277443989783	-0.0262238788594	-0.0135041042647	-0.0303718700658	0.0614846455023	0.0353127681433	-0.028004961415	-0.00353385849459	-0.0221066503397	-0.0823382110437	0.0724406681888	-0.00685485672135	-0.0440727748227	-0.0111429160634	0.0555918720361	-0.0120515662255	0.000515571149483	0.0443150184529	0.0422358145	-0.0435665261182	-0.00247086476954	-0.015780751875	0.0569391775096	0.0211963446091	-0.00139013728214	-0.0379633239218	-0.024370586079	0.00516151290942	-0.0798482298354	-0.010305326653	-0.00259856665786	-0.0314283599671	0.0106310108437	-0.0381085593921	-0.029841750466	-0.0278320955559	0.0166369785067	-0.00196221175516	-0.0332797891644	0.0418035980674	0.0632248950901	-0.0284395414906	0.0109648420125	-0.00230751493655	-0.0158622112237	0.0515988374161	0.020771220193	-0.00850823700427
k__Bacteria;p__Bacteroidetes;c__Bacteroidia;o__Bacteroidales;f__Rikenellaceae;g__Alistipes;s__Alistipes_shahii	-0.0261397332292	0.00252309014635	0.0436689463296	-0.0399027630902	-0.0450125442572	0.0152937014927	1.0	-0.0386082636975	-0.0404567942945	-0.00935546632136	-0.00181819085379	0.048516827992	-0.0933215922704	-0.00846391620012	0.0420311158772	0.0257778360155	-0.0726058137194	-0.0512906983021	-0.0176909721922	-0.0536266287517	-0.0482217084572	-0.0084195589718	-0.00476255156248	0.00962018800145	-0.000882004555923	-0.0204840958666	-0.0429649648163	-0.0262039615433	-0.00741734840314	-0.00460765873173	0.0576950768086	0.00800779311417	0.010820707911	0.0259238508809	-0.0406481693303	0.0782178724808	-0.00513971176108	0.0455629838376	0.0114900351769	0.0190264888844	-0.0377755399551	0.0206601029832	-0.0373329388324	-0.0685475886436	-0.0297926467006	-0.0430322666881	0.000799412031455	-0.00337554515885	0.00463045901663	0.0375057564168	0.0476881879866	0.00943384635343	0.000317311006998	-0.0245293989847	-0.00386563667455	-0.0218168384253	0.0077332874117	-0.00194374588957	-0.0429936987609
k__Bacteria;p__Firmicutes;c__Clostridia;o__Clostridiales;f__Ruminococcaceae;g__Faecalibacterium;s__Faecalibacterium_prausnitzii	-0.0255400493591	-0.0117651740718	-0.094217151022	0.0233467974629	-0.0407328608911	-0.0557062652878	-0.0386082636975	1.0	0.058650204512	-0.000513793557079	-0.073623938597	-0.051930340851	0.0507294514816	-0.000360366833575	-0.0233794748429	-0.0152567305179	0.0387309055115	0.035526930155	0.0939284845966	0.0013042932786	0.0239675009859	0.00131886323126	-0.0590743567175	0.0188033072685	0.00915789005404	-0.00674246769133	0.00366633082024	0.00391192079076	0.0327784899775	-0.0223751415056	0.0132449342151	-0.0165949367327	0.0585571697205	0.0339117109531	-0.0535837599817	0.0156674386621	-0.013844297408	0.000330514512727	-0.0781852823546	-0.0528583031109	0.041117405167	-0.0409206151309	0.0205684526143	-0.0104756655928	-0.0118751301194	-0.0902766995428	-0.0289403277316	-0.0106994184105	-0.0204132169788	0.0110342396513	0.0570692104598	-0.0749533331577	-0.0778144235277	-0.0040217487974	0.0220052035022	-0.0105124476526	-0.0588523258662	-0.0142459141251	0.00231014671261
k__Bacteria;p__Bacteroidetes;c__Bacteroidia;o__Bacteroidales;f__Rikenellaceae;g__Alistipes;s__Alistipes_finegoldii	-0.0646386139667	-0.0314311812738	-0.0233319166506	0.0436092258339	-0.0466924279784	-0.0378596112371	-0.0404567942945	0.058650204512	1.0	0.0104412406952	-0.0116673493717	-0.0378984731813	-0.00476727465245	0.0388877781786	-0.0410391186645	0.0400379620688	-0.023759376681	0.0551060574039	0.0814829299286	-0.0117003361758	-0.0124529047884	-0.0234104817784	0.0113795305855	0.000953255733826	-0.0162498803328	-0.00374549762386	0.0304269703618	-0.0171915938063	0.0662696906338	0.0396257877963	-0.0090887065756	-0.0331892944907	-0.0539593988556	0.022142983385	0.0314248186944	-0.00057462388541	0.0219688942258	0.0574661785219	0.03063421642	-0.000277876706198	0.0481061802663	-0.0271762306347	-0.0981358428557	-0.0608123173296	-0.0750239131478	-0.0063225485401	-0.029895386134	-0.02407646898	0.0304436460253	0.028365201725	-0.0331396687208	0.00558884639109	-0.00870891093273	-0.0527264475193	-0.00452573153126	-0.0184315497005	-0.0449382067073	0.0129160014181	-0.0578771270398
k__Bacteria;p__Bacteroidetes;c__Bacteroidia;o__Bacteroidales;f__Porphyromonadaceae;g__Parabacteroides;s__Parabacteroides_distasonis	-0.0479676050256	0.00286434825792	0.0240160378052	0.024660787336	-0.0930539016153	-0.0240629492038	-0.00935546632136	-0.000513793557079	0.0104412406952	1.0	0.0589993871084	0.103017244507	-0.0186692267269	0.0012196584571	-0.0162752495819	-0.0130622166341	0.0272092732439	0.0638627454787	-0.0292779849649	-0.0566656624732	-0.0580992163788	-0.0208692984566	0.0393772572902	0.0122615131556	-0.0622836466981	0.0267685853816	-0.0376783778891	-0.0216496551887	-0.0139996004549	-0.0177094045982	0.0155863394918	-0.0716114837394	-0.0207819542387	-0.0238091042254	-0.0296100058909	-0.0336207292165	0.0050418148031	0.0124765460484	-0.0191369160437	0.0395908052135	0.0603834940465	-0.0430186808613	-0.050564736214	-0.0306915409833	0.0361585432049	-0.00944205223003	0.00503241051216	-0.00391295943809	0.00993608381383	-0.00926979584199	0.0700502753376	0.0361586639363	0.00961978981434	0.00663938789084	-0.0165654971801	-0.0387332084429	-0.0565106745059	-0.0096403045566	0.0386804837635
k__Bacteria;p__Bacteroidetes;c__Bacteroidia;o__Bacteroidales;f__Bacteroidaceae;g__Bacteroides;s__Bacteroides_thetaiotaomicron	0.01710089852	0.0134308077141	0.00011573971061	-0.0195406835389	-0.0128191463979	-0.0271491291436	-0.00181819085379	-0.073623938597	-0.0116673493717	0.0589993871084	1.0	-0.0787479910707	-0.00998707606754	-0.0351332417906	0.0891330465129	0.00988467139607	-0.0258574838738	-0.0113890272079	0.057946518033	-0.0209382284807	-0.0319763257163	0.014601914617	-0.00639862237142	-0.0393326573232	-0.0721934570484	-0.0908819177661	0.0195596429689	-0.00799941444131	0.0118021215654	-0.0284546477844	-0.0539551222181	-0.0276278057991	0.0116779471668	-0.0129363867514	-0.0320932364127	-0.0538347227076	-0.034625226892	-0.00228979525161	0.0371309227427	-0.00166868991829	0.0184135502303	0.0356044684981	0.0148960146908	0.00959991574833	-0.0155366208427	-0.0198596126506	0.0499034771073	0.0238619649596	0.0157097077137	0.00764829145533	-0.0483966774955	-0.0264100970419	0.0341365333718	0.00157439228977	-0.0275377310318	-0.0287136528023	0.0225958204441	-0.00936861454691	0.00382850283892
k__Bacteria;p__Bacteroidetes;c__Bacteroidia;o__Bacteroidales;f__Bacteroidaceae;g__Bacteroides;s__Bacteroides_coprocola	-0.0477776059723	0.0543793709693	0.053476612424	-0.0210631889188	-0.0230440602727	0.0277443989783	0.048516827992	-0.051930340851	-0.0378984731813	0.103017244507	-0.0787479910707	1.0	-0.0126992590944	-0.00339886399734	0.0125496421395	0.0397216997906	-0.0308493853938	0.0245533749184	-0.0370537990521	-0.0483213208664	-0.0212504527529	-0.0312103921029	-0.0178519972236	0.0515586436188	-0.00216701261029	0.0646754516394	-0.0205250354987	-0.00068580333067	-0.0323799461256	-0.00280254305626	0.0128009475946	0.00435674541472	-0.0252548876673	-0.0547181517517	0.101498750691	0.0074766083111	-0.00654022895019	-0.0322258996977	-0.0157824465357	0.034273831626	-0.0688258187784	0.0341822116758	-0.0807268355424	0.0285396713875	-0.0264879920949	0.00966053807406	-0.0454968069578	-0.01442103841	-0.0255400914294	0.0930464909702	-0.017016765193	-0.00952159091274	-0.070839816366	-0.0286111016249	0.0110965099531	-0.0101555502393	-0.0395324422318	-0.0244629460827	0.0248929595726
k__Bacteria;p__Bacteroidetes;c__Bacteroidia;o__Bacteroidales;f__Bacteroidaceae;g__Bacteroides;s__Bacteroides_cellulosilyticus	-0.024801590909	-0.059273068396	0.00684270777262	0.0450146084996	-0.0293174257821	-0.0262238788594	-0.0933215922704	0.0507294514816	-0.00476727465245	-0.0186692267269	-0.00998707606754	-0.0126992590944	1.0	-5.96639447595e-05	-0.0029330842743	-0.00412680394886	-0.0230517282853	0.0110355509059	-0.00484043980238	-0.00282361528238	0.0344046332062	0.0170425511726	0.0420956832734	-0.00486310857459	0.0165561523724	-0.0231692683098	-0.0294395669836	-0.0530435154972	-0.0176911695287	0.00237794272436	0.0210492971757	-0.00750929782351	-0.0585251010643	0.0444252738199	0.0163354671956	0.021972284894	-0.0443335818835	-0.0451612061926	-0.0294457344087	0.0415110728439	-0.0273945747772	-0.0296286900601	0.00219345128224	0.0201965015364	-0.0311976552923	-0.0225150415049	-0.0592761855928	-0.0719564163409	0.0374031528139	-0.0185772127999	-0.0120926945362	0.0292929691137	-0.0111621704724	-0.00603342911481	-0.0360356838462	0.02416836891	0.00452828710586	-0.0265426326414	-0.0339325137201
k__Bacteria;p__Bacteroidetes;c__Bacteroidia;o__Bacteroidales;f__Rikenellaceae;g__Alistipes;s__Alistipes_obesi	-0.0509713606292	0.0124819232062	-0.00625884819323	-0.00340113906814	0.0313467982866	-0.0135041042647	-0.00846391620012	-0.000360366833575	0.0388877781786	0.0012196584571	-0.0351332417906	-0.00339886399734	-5.96639447595e-05	1.0	0.00393283340947	-0.0365588917122	-0.0414096015301	0.0106724905916	-0.0286665725873	-0.00273852174465	0.00862498300912	0.0052194262538	0.0331822995627	0.0233808447983	-0.0396961061927	0.00606558591379	-0.00859616986713	0.0220723561573	-0.0357182863344	-0.0545818189883	0.0547810385294	0.0313646498526	0.0645051968116	-0.0463929399366	-0.0136956219199	-0.0398329708475	-0.0347098588037	0.0305568506093	-0.067554754342	0.0291507884288	-0.00377155230311	-0.02824181517	0.0248480801512	0.00898935946481	-0.00449865082092	-0.0356140757799	0.00193200304723	0.000243481078274	-0.0399532020095	0.0224840708505	0.00259918438991	0.0320388796353	-0.0232147827305	-0.0422441072079	-0.0226516353437	-0.0304215197959	0.0239174028717	0.00229350169194	-0.00932351531342
k__Bacteria;p__Firmicutes;c__Clostridia;o__Clostridiales;f__Lachnospiraceae;g__;s__[Eubacterium]_rectale	0.0678571087034	0.0420994558818	0.0118947520891	-0.0356999924298	0.0437697017146	-0.0303718700658	0.0420311158772	-0.0233794748429	-0.0410391186645	-0.0162752495819	0.0891330465129	0.0125496421395	-0.0029330842743	0.00393283340947	1.0	0.0393007353584	-0.00549588265009	-0.034553399638	-0.029655723331	0.0227264103929	-0.0105926469449	-0.0512449860244	0.0251256873717	-0.0316155412035	-0.0035658339102	-0.0139319464286	-0.0954336312826	-0.00369474904769	0.0398294157662	0.00187693460879	-0.0411912050331	0.0173347634889	-0.0142525870803	-0.0185117017227	-0.0299613043832	8.67352113977e-05	-0.0283546395024	-0.0714606281989	-0.030122421398	0.0127578703805	0.035858782459	-0.00120546809383	-0.002110599773	0.0193853777928	0.0129910642725	0.0275837943798	-0.0472590415182	0.0709422147265	-0.0223898873441	-0.0748049544063	0.0172359362838	-0.0343990252799	-0.0525391842476	0.0135321676342	0.00562937872221	0.00694264253242	-0.0522911657845	-0.0505278276371	0.0346048962386
k__Bacteria;p__Bacteroidetes;c__Bacteroidia;o__Bacteroidales;f__Bacteroidaceae;g__Bacteroides;s__Bacteroides_plebeius	-0.0433995413519	-0.0176355235538	-0.01193296934	-0.0146799810505	0.00985680010323	0.0614846455023	0.0257778360155	-0.0152567305179	0.0400379620688	-0.0130622166341	0.00988467139607	0.0397216997906	-0.00412680394886	-0.0365588917122	0.0393007353584	1.0	-0.0495568869221	-0.0157744095453	0.0145819122556	-0.0293376111695	0.0330342088615	0.0692971216159	0.0154733181473	-0.000589441978547	-0.0208680969532	-0.0131089013027	0.0289801417177	-0.0160500465119	0.0304464692295	-0.0209842076102	0.0422796986765	0.00999718809222	-0.0498056934347	-0.014741151734	-0.0446040539183	-0.0713194135872	0.0242119105181	0.00903125758631	-0.013840622767	-0.104093883112	-0.015451094851	-0.000691582168093	-0.0163921202533	-0.0467450229652	-0.0127799827842	-0.0306925000677	-0.0398976469388	-0.0132017104127	0.0120872182378	0.0218736966017	0.0487928398982	-0.0442707898592	0.0512001806143	-0.070998504233	-0.0337661449436	-0.0471763673289	0.00644809439717	-0.0779500504818	-0.0202756820536
k__Bacteria;p__Bacteroidetes;c__Bacteroidia;o__Bacteroidales;f__Bacteroidaceae;g__Bacteroides;s__Bacteroides_fragilis	0.00736093423276	-0.0220753863087	0.0342274897894	-0.0111258905972	-0.0300785631097	0.0353127681433	-0.0726058137194	0.0387309055115	-0.023759376681	0.0272092732439	-0.0258574838738	-0.0308493853938	-0.0230517282853	-0.0414096015301	-0.00549588265009	-0.0495568869221	1.0	0.0139303672363	0.0264655430907	0.0363737465455	-0.00339408951624	-0.0345163888438	-0.00958046171137	-0.0479928549256	0.0391276276829	-0.023747727203	-0.0185697146659	0.043231863532	0.00884786339207	-0.00996277105486	0.0157498029586	-0.0149394532234	-0.0277671457208	0.0301406531474	-0.0324392107919	-0.00126292025709	-0.0417408212537	-0.0111608747802	0.0352615026859	-0.0524201305302	-0.034367747193	0.0115492258372	-0.00790241560357	0.0375087948968	-0.0177606512302	-0.00196629386245	-0.0370126372592	-0.0158686963792	0.037714529605	0.02983500861	0.0333404309016	-0.00536135110423	-0.0227881173206	-0.0416528925293	-0.0614861236698	0.00919547300751	0.00969394050837	-0.00753209893654	0.0227090512451
k__Bacteria;p__Proteobacteria;c__Betaproteobacteria;o__Burkholderiales;f__Sutterellaceae;g__Sutterella;s__Sutterella_wadsworthensis	-0.0227722388391	-0.00335172699391	0.0255452004934	0.0330309375653	0.00226759632481	-0.028004961415	-0.0512906983021	0.035526930155	0.0551060574039	0.0638627454787	-0.0113890272079	0.0245533749184	0.0110355509059	0.0106724905916	-0.034553399638	-0.0157744095453	0.0139303672363	1.0	-0.0546192903484	-0.0711510545062	-0.0115275520048	-0.0205982381996	0.0358636311389	0.0257934113527	-0.00402140064999	0.0289015069691	0.0789051045299	0.0276293869106	0.00802428642397	0.0119460799031	0.0321455074421	0.0575098541018	0.00570868021918	-0.00550541075226	-0.0162348407997	0.0128923429525	0.0206033695706	-0.0387729389296	-0.00619310164104	0.0198672939809	0.00932327245615	0.00464198298787	0.020165487743	-0.0147692063083	-0.00600220053118	0.0205520487216	0.00690520174875	-0.0519206964901	-0.00809637572845	-0.113435199466	0.0527469835102	-0.0739257260055	-0.0670015819638	-0.044282273649	-0.010335612888	-0.0190532143153	-0.021129550459	-0.0504040051775	-0.00376867566492
k__Bacteria;p__Bacteroidetes;c__Bacteroidia;o__Bacteroidales;f__Porphyromonadaceae;g__Barnesiella;s__Barnesiella_intestinihominis	0.0439295723349	0.00745717572141	-0.0236621715692	-0.0753712955409	-0.0983956335612	-0.00353385849459	-0.0176909721922	0.0939284845966	0.0814829299286	-0.0292779849649	0.057946518033	-0.0370537990521	-0.00484043980238	-0.0286665725873	-0.029655723331	0.0145819122556	0.0264655430907	-0.0546192903484	1.0	-0.030083402849	-0.00811495289952	-0.0598921784495	-0.0550732753666	-0.0247117233266	-0.0161863087837	-0.0309797777997	-0.0470738280253	0.0211737560971	-0.0456655438858	-0.0259005272486	0.010818202496	-0.00987253847317	0.0366764502884	-0.0298235673049	0.00506277980956	0.0251158172337	0.0609038320804	-0.0431353558259	0.0134001975288	-0.0328358941996	0.0235017462073	0.005633613661	-0.0113365034999	-0.0166214883607	0.0397355277047	0.0474218572403	0.0399992724483	-0.0200992979233	0.0320294701662	-0.0346941200977	0.0342662650426	-0.0465333554422	0.00671298864965	0.00291461365366	-0.0305896595612	0.0173930323919	-0.0367613651994	-0.0662295424436	0.0861415147106
k__Bacteria;p__Bacteroidetes;c__Bacteroidia;o__Bacteroidales;f__Odoribacteraceae;g__Odoribacter;s__Odoribacter_splanchnicus	0.0277100704134	-0.010787187194	0.0407647449202	-0.016285637018	0.036352070341	-0.0221066503397	-0.0536266287517	0.0013042932786	-0.0117003361758	-0.0566656624732	-0.0209382284807	-0.0483213208664	-0.00282361528238	-0.00273852174465	0.0227264103929	-0.0293376111695	0.0363737465455	-0.0711510545062	-0.030083402849	1.0	-0.0089724003312	-0.0430628963107	0.0148796209598	-0.0185755167975	-0.0253975967784	-0.00546998157591	0.0135329397269	-0.00286163172219	-0.0230948833401	-0.00528475403159	-0.016322007514	-0.0532608628928	-0.00870788870249	-0.0345503770334	-0.0507189194428	0.0284317412402	-0.0087769107305	0.02334188705	0.0145085028415	-0.0105511050649	0.0141605918524	0.0258985807947	0.027164867757	-0.0148904635902	0.023719600108	-0.00993069735933	-0.0233563591899	0.0578268408444	0.0224792184122	-0.0883394643746	-0.0139375338476	0.00577392867167	-0.00752054467308	0.0434165237665	-0.0224737122107	-0.00201078870648	-0.0270919620175	0.0991332325947	0.0356136442049
k__Bacteria;p__Bacteroidetes;c__Bacteroidia;o__Bacteroidales;f__Bacteroidaceae;g__Bacteroides;s__Bacteroides_salyersiae	-0.0304516958725	-0.0174004628028	-0.0821283368394	-0.012764289557	0.0170861537617	-0.0823382110437	-0.0482217084572	0.0239675009859	-0.0124529047884	-0.0580992163788	-0.0319763257163	-0.0212504527529	0.0344046332062	0.00862498300912	-0.0105926469449	0.0330342088615	-0.00339408951624	-0.0115275520048	-0.00811495289952	-0.0089724003312	1.0	-0.0457466136166	-0.00686055009115	0.0513326283762	0.0161764655268	-0.00566232974159	-0.0248864740338	-0.0328222137903	-0.0195013018031	-0.0237305566412	-0.03217164872	-0.0364714985549	-0.0269530624948	-0.0250639437942	-0.0202081479738	-0.0232550206917	-0.00536737313444	-0.0105607111525	0.00473679164727	0.0223090683944	-0.0130306068514	-0.0335834672051	0.0333105011378	-0.0159437367081	-0.0454670704087	0.0267394028972	0.0232988568546	0.0110984688534	-0.00406302478809	-0.0768534597059	0.0291720344867	-0.0197645282469	-0.0318160491158	-0.0048811181403	0.00447002094622	-0.00845682070981	0.0566540357022	-0.0831095407424	0.0699191274023
k__Bacteria;p__Firmicutes;c__Clostridia;o__Clostridiales;f__Ruminococcaceae;g__Ruminiclostridium;s__[Eubacterium]_siraeum	-0.0745123939045	-0.0418694166053	-0.0224598929342	-0.00964109317679	0.00545084240472	0.0724406681888	-0.0084195589718	0.00131886323126	-0.0234104817784	-0.0208692984566	0.014601914617	-0.0312103921029	0.0170425511726	0.0052194262538	-0.0512449860244	0.0692971216159	-0.0345163888438	-0.0205982381996	-0.0598921784495	-0.0430628963107	-0.0457466136166	1.0	0.0211652833916	0.0265386713187	-0.00219731022973	0.0115325097864	0.0038415246045	-0.010862330967	-0.0639558485973	-0.00590500808392	-0.01353995155	-0.0277571376268	-0.00677542969422	0.0457732200844	0.0245201871223	-0.0141451330109	0.0808456304199	-0.0351384565549	-0.0293481490421	0.00879876821549	0.0758224024298	0.0326149334411	0.055282531603	-0.0240991428587	0.00970218488256	-0.050776020747	-0.0209452680737	-0.0432939156359	-0.0584757867597	-0.0153413165413	0.0144669313678	0.0563056885476	0.00802312631083	0.0360895999624	0.0411798771614	-0.0342258006173	-0.0165375798664	-0.0312811379798	0.0454964963566
k__Bacteria;p__Proteobacteria;c__Betaproteobacteria;o__Burkholderiales;f__Sutterellaceae;g__Parasutterella;s__Parasutterella_excrementihominis	-0.0244258308377	-0.0521057579025	0.00236825441683	-0.0034854504804	-0.00453135888341	-0.00685485672135	-0.00476255156248	-0.0590743567175	0.0113795305855	0.0393772572902	-0.00639862237142	-0.0178519972236	0.0420956832734	0.0331822995627	0.0251256873717	0.0154733181473	-0.00958046171137	0.0358636311389	-0.0550732753666	0.0148796209598	-0.00686055009115	0.0211652833916	1.0	0.020642291631	0.0451962725487	0.00556405833234	0.0494207654191	-0.0494327774499	0.0136116879213	-0.0211471733391	0.0164526708482	-0.0769562475377	0.0470692198957	-0.00972365265147	-0.0228325207307	0.0649277484006	0.128915021159	0.0291080824773	0.0752437883624	0.0660645677911	0.00731940584621	0.0158617080653	-0.0369814271069	-0.0725740488769	-0.00970114965367	0.0284835759081	-0.00725012638461	0.0289599450059	-0.0214111900022	-0.0313997944715	-0.0670643143573	0.0101411996674	-0.0708492508873	-0.0689240900909	-0.0888269313299	0.0183258050937	-0.0196610247632	0.0371943178325	-0.081220860329
k__Bacteria;p__Actinobacteria;c__Actinobacteria;o__Bifidobacteriales;f__Bifidobacteriaceae;g__Bifidobacterium;s__Bifidobacterium_adolescentis	-0.0203382936654	-0.0105821266404	0.019950620087	0.0129584654219	-0.0362951986483	-0.0440727748227	0.00962018800145	0.0188033072685	0.000953255733826	0.0122615131556	-0.0393326573232	0.0515586436188	-0.00486310857459	0.0233808447983	-0.0316155412035	-0.000589441978547	-0.0479928549256	0.0257934113527	-0.0247117233266	-0.0185755167975	0.0513326283762	0.0265386713187	0.020642291631	1.0	-0.0933745031423	-0.00717451311171	0.00339701085922	0.0657121587712	0.0330717875703	0.0881766502209	-0.00561832043431	-0.0209392568815	-0.096628064961	-0.0424665053153	0.00150595062711	0.0165774241423	0.0396176352732	-0.033686305297	-0.0293213451036	-0.00244336948332	-0.0431594087766	0.030608794993	-0.00962146437353	0.0180990614319	0.0273991037645	-0.0165858895928	0.0400486916317	-0.0738593496263	-0.0158829356722	0.0193259443855	0.0119455841848	-0.01904261192	0.00501833752893	-0.0192729396199	0.00329845458934	0.0249587442884	0.0138786352799	-0.0173922744252	0.0342171974492
k__Bacteria;p__Firmicutes;c__Clostridia;o__Clostridiales;f__Oscillospiraceae;g__Oscillibacter;s__Oscillibacter_sp._KLE_1745	0.0130156064439	-0.0047830465434	-0.0533794815766	-0.0580489546751	-0.010186477218	-0.0111429160634	-0.000882004555923	0.00915789005404	-0.0162498803328	-0.0622836466981	-0.0721934570484	-0.00216701261029	0.0165561523724	-0.0396961061927	-0.0035658339102	-0.0208680969532	0.0391276276829	-0.00402140064999	-0.0161863087837	-0.0253975967784	0.0161764655268	-0.00219731022973	0.0451962725487	-0.0933745031423	1.0	0.0845830555956	-0.0297570032043	0.0245691825201	-0.0583458019388	-0.0160065384327	0.026835481989	-0.0218826555452	-0.0140569800645	-0.018554887599	-0.0130211325428	-0.00209235465606	0.0250101894027	0.0148975361945	0.0170285028242	-0.0763584096872	-0.0518720210973	0.0154415170554	-0.0387277683082	-0.0364925890959	-0.0323490133048	-0.0453993654032	0.0285919334361	0.0271588809936	-0.00487343508932	0.0338635060311	0.018623148787	0.0152368516095	-0.031943818665	-0.0151186368101	0.025443492652	-0.0219477043058	0.0429667664344	-0.0664862881423	-0.0187414841547
k__Bacteria;p__Bacteroidetes;c__Bacteroidia;o__Bacteroidales;f__Bacteroidaceae;g__Bacteroides;s__Bacteroides_coprophilus	0.0111934273203	-0.0239205455181	-0.0129926049347	0.00304141854531	-0.0668127925183	0.0555918720361	-0.0204840958666	-0.00674246769133	-0.00374549762386	0.0267685853816	-0.0908819177661	0.0646754516394	-0.0231692683098	0.00606558591379	-0.0139319464286	-0.0131089013027	-0.023747727203	0.0289015069691	-0.0309797777997	-0.00546998157591	-0.00566232974159	0.0115325097864	0.00556405833234	-0.00717451311171	0.0845830555956	1.0	0.00477677741933	-0.0765437399534	-0.0601221527666	-0.0158572072483	-0.05277027637	0.0170088507285	0.00208273454934	0.00123276020542	-0.00107110566042	-0.0649189920475	0.0631896094592	0.00429104739915	0.0386561752859	-0.0884987032281	-0.00183503293214	0.0324396002627	-0.0149573329518	0.013326247158	-0.00266213109924	0.00920168912726	-0.0603527307883	0.0352988936535	-0.0157535141325	-0.0325568580466	-0.0253952195387	0.0502532793207	0.00645575987781	0.012472722099	-0.0550931306584	0.00999257653184	0.0103787141311	0.0265217350326	0.0240486997977
k__Bacteria;p__Firmicutes;c__Clostridia;o__Clostridiales;f__Lachnospiraceae;g__Roseburia;s__Roseburia_intestinalis	0.0390427902879	0.0110868354935	-0.0286235752098	0.0381891720269	-0.0654902730505	-0.0120515662255	-0.0429649648163	0.00366633082024	0.0304269703618	-0.0376783778891	0.0195596429689	-0.0205250354987	-0.0294395669836	-0.00859616986713	-0.0954336312826	0.0289801417177	-0.0185697146659	0.0789051045299	-0.0470738280253	0.0135329397269	-0.0248864740338	0.0038415246045	0.0494207654191	0.00339701085922	-0.0297570032043	0.00477677741933	1.0	-0.0229151067603	-0.0196898639427	0.0154150349881	-0.0075685442026	-0.0280694372467	-0.00649852366172	0.0311708610086	-0.0669532405493	-0.0292982265418	-0.0158659766733	0.0387398794483	0.0636852378016	0.00462916231715	-0.0305290468103	-0.015043446058	-0.0489930508032	0.0446207248272	-0.0159742717038	-0.00148242543322	-0.032297485563	-0.0853488234644	0.0012131871356	-0.089719871482	-0.0209939982845	0.0926476760896	0.00837908423608	-0.047371373287	-0.0349737463835	0.0190802428589	-0.0191998014817	0.0708315339734	-0.0153159992662
k__Bacteria;p__Firmicutes;c__Clostridia;o__Clostridiales;f__Lachnospiraceae;g__Roseburia;s__Roseburia_hominis	-0.0415166211579	-0.00515145444573	-0.0219835653987	-0.00323022445544	0.0427857374509	0.000515571149483	-0.0262039615433	0.00391192079076	-0.0171915938063	-0.0216496551887	-0.00799941444131	-0.00068580333067	-0.0530435154972	0.0220723561573	-0.00369474904769	-0.0160500465119	0.043231863532	0.0276293869106	0.0211737560971	-0.00286163172219	-0.0328222137903	-0.010862330967	-0.0494327774499	0.0657121587712	0.0245691825201	-0.0765437399534	-0.0229151067603	1.0	0.0197088181939	-0.0738157261079	-0.00159300761277	0.0045352032876	-0.0453860789517	0.0581040816685	0.0480116207358	0.0158589347726	-0.0367339187561	-0.0482053181887	-0.0306636495518	-0.00389148062484	-0.0394127842757	-0.0643032206259	-0.0234430297692	-0.0221438188972	0.0530294366218	-0.0474254461261	0.00400052575812	0.0161566659545	0.0652258918401	-0.0278049238107	-0.0886100354968	-0.000183821762895	-0.000420686227429	-0.0174794009268	0.00478396291558	-0.0271519131822	-0.0221856501593	-0.0145269903716	-0.034123293626
k__Bacteria;p__Bacteroidetes;c__Bacteroidia;o__Bacteroidales;f__Porphyromonadaceae;g__Parabacteroides;s__Parabacteroides_johnsonii	-0.0342495554629	0.0289223719558	-0.0220235081531	-0.0541040786821	-0.0189606004596	0.0443150184529	-0.00741734840314	0.0327784899775	0.0662696906338	-0.0139996004549	0.0118021215654	-0.0323799461256	-0.0176911695287	-0.0357182863344	0.0398294157662	0.0304464692295	0.00884786339207	0.00802428642397	-0.0456655438858	-0.0230948833401	-0.0195013018031	-0.0639558485973	0.0136116879213	0.0330717875703	-0.0583458019388	-0.0601221527666	-0.0196898639427	0.0197088181939	1.0	-0.0243073024822	-0.0605635877094	-0.0277436044241	-0.0679986759276	0.0117360241122	0.0640558952335	-0.0157017232267	0.0252600577415	-0.0215943203737	0.0416950872484	-0.0155896516216	0.00508134464054	-0.0656026599257	-0.00236249661478	-0.0211657549342	-0.00236106944058	-0.0952260717056	0.00823121008087	0.023680929156	-0.0147246856859	-0.0223146098856	0.0132289090777	0.000437556775674	-0.0177493993948	-0.0130001734699	0.0179673074803	-0.0294488239118	-0.00826044187777	-0.0444807070872	-0.0385499096894
k__Bacteria;p__Actinobacteria;c__Actinobacteria;o__Bifidobacteriales;f__Bifidobacteriaceae;g__Bifidobacterium;s__Bifidobacterium_longum	0.0262141922452	-0.014570563238	-0.0188342865281	0.026921683546	-0.0945606338587	0.0422358145	-0.00460765873173	-0.0223751415056	0.0396257877963	-0.0177094045982	-0.0284546477844	-0.00280254305626	0.00237794272436	-0.0545818189883	0.00187693460879	-0.0209842076102	-0.00996277105486	0.0119460799031	-0.0259005272486	-0.00528475403159	-0.0237305566412	-0.00590500808392	-0.0211471733391	0.0881766502209	-0.0160065384327	-0.0158572072483	0.0154150349881	-0.0738157261079	-0.0243073024822	1.0	0.0164422027886	-0.0185015335114	0.013333702516	-0.0297860912878	-0.00268617770449	0.0135754614262	0.0278988771711	-0.0811825490907	0.0235982357429	-0.0242124613301	-0.0234708232801	-0.00796362893739	-0.00175989107069	0.0484367169537	-5.97446900632e-05	-0.00246484044907	-0.0258934838549	0.0439620237954	-0.0425759024128	0.00591087271466	-0.0283561342418	0.0214599618541	0.0215552052232	-0.0160528978898	-0.0326555310223	-0.0734969999296	-0.000536342396085	-0.0119969466686	-0.00159490863851
