#taxonomy	k__Bacteria;p__Bacteroidetes;c__Bacteroidia;o__Bacteroidales;f__Bacteroidaceae;g__Bacteroides;s__Bacteroides_vulgatus	k__Bacteria;p__Bacteroidetes;c__Bacteroidia;o__Bacteroidales;f__Bacteroidaceae;g__Bacteroides;s__Bacteroides_uniformis	k__Bacteria;p__Bacteroidetes;c__Bacteroidia;o__Bacteroidales;f__Rikenellaceae;g__Alistipes;s__Alistipes_putredinis	k__Bacteria;p__Bacteroidetes;c__Bacteroidia;o__Bacteroidales;f__Prevotellaceae;g__Prevotella;s__Prevotella_copri	k__Bacteria;p__Bacteroidetes;c__Bacteroidia;o__Bacteroidales;f__Bacteroidaceae;g__Bacteroides;s__Bacteroides_stercoris	k__Bacteria;p__Bacteroidetes;c__Bacteroidia;o__Bacteroidales;f__Bacteroidaceae;g__Bacteroides;s__Bacteroides_ovatus	k__Bacteria;p__Bacteroidetes;c__Bacteroidia;o__Bacteroidales;f__Rikenellaceae;g__Alistipes;s__Alistipes_shahii	k__Bacteria;p__Firmicutes;c__Clostridia;o__Clostridiales;f__Ruminococcaceae;g__Faecalibacterium;s__Faecalibacterium_prausnitzii	k__Bacteria;p__Bacteroidetes;c__Bacteroidia;o__Bacteroidales;f__Rikenellaceae;g__Alistipes;s__Alistipes_finegoldii	k__Bacteria;p__Bacteroidetes;c__Bacteroidia;o__Bacteroidales;f__Porphyromonadaceae;g__Parabacteroides;s__Parabacteroides_distasonis	k__Bacteria;p__Bacteroidetes;c__Bacteroidia;o__Bacteroidales;f__Bacteroidaceae;g__Bacteroides;s__Bacteroides_thetaiotaomicron	k__Bacteria;p__Bacteroidetes;c__Bacteroidia;o__Bacteroidales;f__Bacteroidaceae;g__Bacteroides;s__Bacteroides_coprocola	k__Bacteria;p__Bacteroidetes;c__Bacteroidia;o__Bacteroidales;f__Bacteroidaceae;g__Bacteroides;s__Bacteroides_cellulosilyticus	k__Bacteria;p__Bacteroidetes;c__Bacteroidia;o__Bacteroidales;f__Rikenellaceae;g__Alistipes;s__Alistipes_obesi	k__Bacteria;p__Firmicutes;c__Clostridia;o__Clostridiales;f__Lachnospiraceae;g__;s__[Eubacterium]_rectale	k__Bacteria;p__Bacteroidetes;c__Bacteroidia;o__Bacteroidales;f__Bacteroidaceae;g__Bacteroides;s__Bacteroides_plebeius	k__Bacteria;p__Bacteroidetes;c__Bacteroidia;o__Bacteroidales;f__Bacteroidaceae;g__Bacteroides;s__Bacteroides_fragilis	k__Bacteria;p__Proteobacteria;c__Betaproteobacteria;o__Burkholderiales;f__Sutterellaceae;g__Sutterella;s__Sutterella_wadsworthensis	k__Bacteria;p__Bacteroidetes;c__Bacteroidia;o__Bacteroidales;f__Porphyromonadaceae;g__Barnesiella;s__Barnesiella_intestinihominis	k__Bacteria;p__Bacteroidetes;c__Bacteroidia;o__Bacteroidales;f__Odoribacteraceae;g__Odoribacter;s__Odoribacter_splanchnicus	k__Bacteria;p__Bacteroidetes;c__Bacteroidia;o__Bacteroidales;f__Bacteroidaceae;g__Bacteroides;s__Bacteroides_salyersiae	k__Bacteria;p__Firmicutes;c__Clostridia;o__Clostridiales;f__Ruminococcaceae;g__Ruminiclostridium;s__[Eubacterium]_siraeum	k__Bacteria;p__Proteobacteria;c__Betaproteobacteria;o__Burkholderiales;f__Sutterellaceae;g__Parasutterella;s__Parasutterella_excrementihominis	k__Bacteria;p__Actinobacteria;c__Actinobacteria;o__Bifidobacteriales;f__Bifidobacteriaceae;g__Bifidobacterium;s__Bifidobacterium_adolescentis	k__Bacteria;p__Firmicutes;c__Clostridia;o__Clostridiales;f__Oscillospiraceae;g__Oscillibacter;s__Oscillibacter_sp._KLE_1745	k__Bacteria;p__Bacteroidetes;c__Bacteroidia;o__Bacteroidales;f__Bacteroidaceae;g__Bacteroides;s__Bacteroides_coprophilus	k__Bacteria;p__Firmicutes;c__Clostridia;o__Clostridiales;f__Lachnospiraceae;g__Roseburia;s__Roseburia_intestinalis	k__Bacteria;p__Firmicutes;c__Clostridia;o__Clostridiales;f__Lachnospiraceae;g__Roseburia;s__Roseburia_hominis	k__Bacteria;p__Bacteroidetes;c__Bacteroidia;o__Bacteroidales;f__Porphyromonadaceae;g__Parabacteroides;s__Parabacteroides_johnsonii	k__Bacteria;p__Actinobacteria;c__Actinobacteria;o__Bifidobacteriales;f__Bifidobacteriaceae;g__Bifidobacterium;s__Bifidobacterium_longum	k__Bacteria;p__Firmicutes;c__Clostridia;o__Clostridiales;f__;g__Flavonifractor;s__Flavonifractor_plautii	k__Bacteria;p__Firmicutes;c__Clostridia;o__Clostridiales;f__Clostridiaceae;g__Clostridium;s__Clostridium_phoceensis	k__Bacteria;p__Verrucomicrobia;c__Verrucomicrobiae;o__Verrucomicrobiales;f__Akkermansiaceae;g__Akkermansia;s__Akkermansia_muciniphila	k__Bacteria;p__Bacteroidetes;c__Bacteroidia;o__Bacteroidales;f__Prevotellaceae;g__Paraprevotella;s__Paraprevotella_xylaniphila	k__Bacteria;p__Firmicutes;c__Clostridia;o__Clostridiales;f__Ruminococcaceae;g__Ruminococcus;s__Ruminococcus_callidus	k__Bacteria;p__Bacteroidetes;c__Bacteroidia;o__Bacteroidales;f__Rikenellaceae;g__Alistipes;s__Alistipes_senegalensis	k__Bacteria;p__Firmicutes;c__Clostridia;o__Clostridiales;f__Lachnospiraceae;g__Blautia;s__Blautia_sp._KLE_1732	k__Bacteria;p__Bacteroidetes;c__Bacteroidia;o__Bacteroidales;f__Bacteroidaceae;g__Bacteroides;s__Bacteroides_oleiciplenus	k__Bacteria;p__Firmicutes;c__Clostridia;o__Clostridiales;f__Ruminococcaceae;g__Ruminococcus;s__Ruminococcus_bicirculans	k__Bacteria;p__Bacteroidetes;c__Bacteroidia;o__Bacteroidales;f__Bacteroidaceae;g__Bacteroides;s__Bacteroides_fluxus	k__Bacteria;p__Bacteroidetes;c__Bacteroidia;o__Bacteroidales;f__Prevotellaceae;g__Prevotella;s__Prevotella_stercorea	k__Bacteria;p__Firmicutes;c__Clostridia;o__Clostridiales;f__Lachnospiraceae;g__Dorea;s__Dorea_longicatena	k__Bacteria;p__Firmicutes;c__Clostridia;o__Clostridiales;f__Eubacteriaceae;g__Eubacterium;s__[Eubacterium]_eligens	k__Bacteria;p__Firmicutes;c__Clostridia;o__Clostridiales;f__Ruminococcaceae;g__;s__Ruminococcaceae_bacterium_D16	k__Bacteria;p__Firmicutes;c__Clostridia;o__Clostridiales;f__Lachnospiraceae;g__Coprococcus;s__Coprococcus_comes	k__Bacteria;p__Proteobacteria;c__Gammaproteobacteria;o__Enterobacterales;f__Enterobacteriaceae;g__Escherichia;s__Escherichia_coli	k__Bacteria;p__Firmicutes;c__Clostridia;o__Clostridiales;f__Ruminococcaceae;g__Anaerotruncus;s__Anaerotruncus_colihominis	k__Bacteria;p__Firmicutes;c__Clostridia;o__Clostridiales;f__Lachnospiraceae;g__Blautia;s__Blautia_obeum	k__Bacteria;p__Bacteroidetes;c__Bacteroidia;o__Bacteroidales;f__Odoribacteraceae;g__Odoribacter;s__Odoribacter_laneus	k__Bacteria;p__Firmicutes;c__Clostridia;o__Clostridiales;f__Ruminococcaceae;g__Ruminiclostridium;s__[Clostridium]_leptum	k__Bacteria;p__Bacteroidetes;c__Bacteroidia;o__Bacteroidales;f__Porphyromonadaceae;g__Parabacteroides;s__Parabacteroides_goldsteinii	k__Bacteria;p__Firmicutes;c__Clostridia;o__Clostridiales;f__Lachnospiraceae;g__Anaerostipes;s__Anaerostipes_hadrus	k__Bacteria;p__Firmicutes;c__Clostridia;o__Clostridiales;f__Ruminococcaceae;g__Ruminococcus;s__Ruminococcus_lactaris	k__Bacteria;p__Firmicutes;c__Clostridia;o__Clostridiales;f__Clostridiaceae;g__Clostridium;s__Clostridium_sp._L2-50	k__Bacteria;p__Firmicutes;c__Clostridia;o__Clostridiales;f__Clostridiaceae;g__Clostridium;s__Clostridium_sp._M62/1	k__Bacteria;p__Firmicutes;c__Clostridia;o__Clostridiales;f__;g__Intestinimonas;s__Intestinimonas_butyriciproducens	k__Bacteria;p__Actinobacteria;c__Actinobacteria;o__Bifidobacteriales;f__Bifidobacteriaceae;g__Bifidobacterium;s__Bifidobacterium_bifidum	k__Bacteria;p__Firmicutes;c__Negativicutes;o__Veillonellales;f__Veillonellaceae;g__Dialister;s__Dialister_invisus	k__Bacteria;p__Bacteroidetes;c__Bacteroidia;o__Bacteroidales;f__Bacteroidaceae;g__Bacteroides;s__Bacteroides_salanitronis
k__Bacteria;p__Bacteroidetes;c__Bacteroidia;o__Bacteroidales;f__Bacteroidaceae;g__Bacteroides;s__Bacteroides_vulgatus	1.0	0.0205091107131	-0.0177006264289	0.0618907377302	0.00604539464231	0.0590102164285	0.00954206938821	0.00454940682153	0.00795299701473	0.0154781618937	-0.0203821585849	-0.0449801202225	-0.0322014563191	-0.045202617102	-0.113331727041	0.0287499739289	0.0391905376353	0.0112784047784	-0.000479072375797	-0.0538408030494	0.0196048083839	-0.0663019086525	-0.0156216946662	-0.0558920503185	-0.0164323786101	0.00930529940843	-0.0179150789508	0.0277047842838	0.0296927119973	-0.0195118193522	-0.011412866113	-0.0201186164149	-0.0763633899177	-0.0654616230139	0.015240603807	0.0108581328232	0.0308935965247	0.0275280893657	0.021892594159	0.0608386556543	0.021322556304	-0.0413374738922	0.00156345781398	0.00299042632901	0.00662162249196	0.0478887446504	-0.0322752372783	-0.0577212056922	-0.00397751313025	-0.017360002983	0.0240440955055	0.0416523658633	-0.0440119082612	0.0345247835437	-0.00883679088855	0.0218302192996	0.023374104484	-0.00704502919015	0.0116935525629
k__Bacteria;p__Bacteroidetes;c__Bacteroidia;o__Bacteroidales;f__Bacteroidaceae;g__Bacteroides;s__Bacteroides_uniformis	0.0205091107131	1.0	-0.0393461972393	0.068996355377	-0.0180583655967	-0.045431328339	0.0286696669761	0.0327741986765	0.00555469993863	-0.0240957420488	0.0105842106506	-0.0402858127555	-0.0399716133946	-0.0226252303446	-0.00561327382449	-0.0147092060825	0.00214401774556	0.0426658289936	-0.0258832819547	0.0143233830704	0.00390263395679	-0.00462586981358	0.0123730456243	-0.0205638046895	-0.0506288634986	-0.0349023416927	0.0142020959352	0.0163981976691	0.0203487582096	-0.0128699513591	-0.0116494908876	-0.0161022231666	-0.027391407726	0.0363763550865	-0.0459932805775	-0.046356634535	-0.0229894960649	0.00691588897631	-0.0448247274707	0.0329510112374	-0.0421487030184	-0.03568568298	-0.0209830345604	-0.0127588208763	0.0853093311104	0.011430024399	0.0283840421936	-5.71949033347e-05	0.0378928196097	0.0404267271503	-0.00767827720349	-0.0360897842691	0.0605807520432	0.00404803270522	-0.0480374495119	0.0178983871364	-0.0313970133938	-0.0154513932349	0.0343474377172
k__Bacteria;p__Bacteroidetes;c__Bacteroidia;o__Bacteroidales;f__Rikenellaceae;g__Alistipes;s__Alistipes_putredinis	-0.0177006264289	-0.0393461972393	1.0	-0.0432241613524	-0.00960794768407	0.0246824179335	-0.022211252332	0.0208406484335	0.019205683872	0.0105690711071	-0.0586212271884	0.0287712935028	-0.0207246638629	-0.0461599252286	0.0622374867774	-0.016977377378	-0.0162893542597	-0.0060367287105	0.0480165063479	-0.0308647539902	-0.000652888816583	0.0381433090583	0.0432331535235	-0.0215629145098	-0.0223329275043	-0.0614387047097	0.00410225616932	-0.0561879823795	-0.0152305344318	-0.00649796251825	0.0325020759826	0.0364974131056	-0.020573910329	-0.0281472776996	0.00142937495707	-0.0383419712903	-0.0226215238235	-0.0450317318107	-0.0403814120223	0.0471957007377	0.037848992237	-0.0346674567728	0.0624718626821	0.00571023269537	-0.0543476730749	-0.0369014536241	0.0230915150307	-0.0196851211228	-0.0575315286736	-0.0192545605719	-0.0300451360344	0.0746139128398	0.024714856419	0.0410431953478	0.0201113172716	-0.0117808303732	-0.00354182894246	-0.0235835789611	-0.0210203044839
k__Bacteria;p__Bacteroidetes;c__Bacteroidia;o__Bacteroidales;f__Prevotellaceae;g__Prevotella;s__Prevotella_copri	0.0618907377302	0.068996355377	-0.0432241613524	1.0	-0.0605253647026	-0.0365151969486	0.0161702886605	0.0221653632781	-0.0563288797824	0.0171441098674	-0.0579879130537	-0.0612060132137	-0.0326740600884	-0.0384429724323	-0.0102110717274	0.00470910588619	0.035580936223	-0.0077975026317	-0.046663545617	-0.0686504040189	0.0326486569901	0.0181792682059	-0.0348836085227	0.008172946049	0.0223516155582	0.0118046698834	0.00870867102638	-0.0247053479339	-0.0253665645238	-0.0361772108455	-0.0278238878418	-0.00837774574155	-0.0424680547213	0.0186421976794	-0.0375782563229	0.0606748710126	0.0108937012269	-0.00752104384731	-0.0307327016376	-0.017635664994	-0.0460125817449	-0.0484426055956	0.0025144492709	0.0187859254322	-0.0502888465379	-0.00690190979814	-0.0294972748067	-0.0206800505003	0.0724790758021	-0.0180467166497	-0.0233660438143	-0.0502486908539	0.0240446025682	-0.00564257943422	0.0604759341359	-0.0182045928593	0.0138815206761	-0.0628223146618	-0.0412335119376
k__Bacteria;p__Bacteroidetes;c__Bacteroidia;o__Bacteroidales;f__Bacteroidaceae;g__Bacteroides;s__Bacteroides_stercoris	0.00604539464231	-0.0180583655967	-0.00960794768407	-0.0605253647026	1.0	0.00362070159056	-0.119238938889	-0.0385028774645	0.0259727259613	0.01831458092	0.022908038338	-0.0526503498702	0.0262470316479	-0.0144676958806	0.0216341396019	0.0147867744252	0.0445526210095	-0.00904108055532	0.000163156093968	-0.0281949165577	-0.0589163800944	-0.0316913209799	0.0696773438163	-0.0601890220374	-0.0391246767028	-0.00550511830969	0.037778533773	0.0352927151228	0.0251849541723	-0.0625636304268	-0.00587604581015	-0.000154445377961	-0.0013816287805	-0.0611560961281	-0.00235595722118	0.0190925804216	-0.0317957854975	-0.011178806738	-0.0266055144966	-0.00387311775359	0.0258656970087	-0.0349069508867	0.0397091380899	-0.0206187662938	0.0120063919399	-0.0328812345162	-0.0331802530011	0.014342158028	-0.00170392570324	0.0327500134368	-0.0551001867352	-0.00428332334833	-0.0747963441657	-0.0282212267858	-0.0433435733536	0.00510895630228	-0.0439309558107	0.0120974628663	-0.0295765346802
k__Bacteria;p__Bacteroidetes;c__Bacteroidia;o__Bacteroidales;f__Bacteroidaceae;g__Bacteroides;s__Bacteroides_ovatus	0.0590102164285	-0.045431328339	0.0246824179335	-0.0365151969486	0.00362070159056	1.0	-0.00512766904929	-0.0364484425432	-0.0197648135583	-0.0303383877028	-0.0589524551185	0.0292283456474	0.00951896649063	-0.0296725963766	0.038020477582	-0.0193608874809	-0.0313055086867	-0.0261591756073	-0.0550047405079	0.00480795455514	-0.0381266558422	-0.0170360585905	0.0127257095054	0.011290862511	0.0277992150047	0.0267968672948	0.0121502816636	0.0157040859796	0.0202496736153	0.00998635369941	-0.00992655313832	0.0332020070185	-0.00638066639078	-0.0112845898089	0.0463612671889	-0.00956630041891	-0.0210471711365	0.0281585200386	0.00157436951572	0.0460982066381	0.0427257448592	0.00478438867593	-0.0352418711561	-0.0247166267984	0.0381060011196	-0.0298515233827	0.00979488222608	0.00134375811841	-0.020404611927	0.0407010657018	0.00872101953191	0.0205710124042	-0.00268377980118	-0.0104845004976	0.0591034488565	-0.0429127278005	-0.00726560350495	-0.0344368525754	0.0226314557947
k__Bacteria;p__Bacteroidetes;c__Bacteroidia;o__Bacteroidales;f__Rikenellaceae;g__Alistipes;s__Alistipes_shahii	0.00954206938821	0.0286696669761	-0.022211252332	0.0161702886605	-0.119238938889	-0.00512766904929	1.0	0.00890628644168	-0.0170910554588	0.0131510077275	0.0214153974415	0.0501280205135	0.00107455022459	0.0284793219146	-0.0405800439131	-0.000266475704359	0.0474174447634	-0.010050097618	-0.0244779865619	0.00582154533489	-0.0271167157158	0.0477197341248	-0.0541283941298	-0.00393507876758	-0.00628371001681	0.019151440451	0.0144554072228	-0.0271740937975	-0.0323500088533	-0.0389744432646	-0.0228175062977	-0.0196674063506	-0.00830172113657	-0.0204278652055	0.0319141668772	0.0308086549459	0.0183301759698	-0.0129557536928	0.00458910958622	0.0129162613431	-0.00951148095165	0.0115845073417	0.00879822312791	-0.00881392636816	0.00844796539139	-0.0603754728978	0.00392683726176	-0.0379616081411	-0.0532838266937	0.00991276359415	-0.0437431218758	-0.0491223850895	0.00182154623089	0.0328317695544	-0.0522584650911	-0.000168798347494	0.00668991311644	-0.0494717727148	-0.0441288587495
k__Bacteria;p__Firmicutes;c__Clostridia;o__Clostridiales;f__Ruminococcaceae;g__Faecalibacterium;s__Faecalibacterium_prausnitzii	0.00454940682153	0.0327741986765	0.0208406484335	0.0221653632781	-0.0385028774645	-0.0364484425432	0.00890628644168	1.0	-0.00313398476459	-0.000143129928593	0.000877481594431	-0.0394788214889	-0.017471079434	-0.000948766604744	-0.042253443061	-0.0101455668817	0.0202062472101	0.040537578123	-0.00681378312266	0.00973412076282	-0.0369320304396	-0.0203656581126	0.00228743117784	0.0518208250949	0.0386204890546	-0.0211764297577	-0.0128040024128	-0.0537127996074	0.0102402695599	0.0219737362502	-0.0263702810198	0.028673333447	0.0233517310493	-0.0436909998167	0.0301304340402	-0.00688797916743	0.0250506087617	-0.00694696208034	0.0157355903089	-0.025564603147	-0.0619750149083	-0.0258274766351	-0.0236074808186	-0.0253440305362	0.0211411355094	0.00711650056734	-0.0439371038344	0.0494315774954	-0.0460363969393	-0.0233084140124	0.00866158341422	-0.0212437829721	0.0084910397201	-0.0557371540893	-0.0017306387877	-0.079924660944	-0.0308774427529	-0.038896226524	-0.0315793859373
k__Bacteria;p__Bacteroidetes;c__Bacteroidia;o__Bacteroidales;f__Rikenellaceae;g__Alistipes;s__Alistipes_finegoldii	0.00795299701473	0.00555469993863	0.019205683872	-0.0563288797824	0.0259727259613	-0.0197648135583	-0.0170910554588	-0.00313398476459	1.0	0.00981064316652	0.00954945484911	0.00386517398427	-0.0624085327272	0.0125795063838	-0.0264807691287	0.0475606224256	-0.0694194034569	-0.0482364968655	0.00939415192951	-0.0289394220363	-0.00402569490037	-0.109690645863	-0.00317452274519	-0.020722986159	-0.0188542335584	-0.0614329076416	-0.0269844650991	0.013586614975	0.020964795447	0.0308225528913	0.000582907646496	0.0296582515304	-0.0134955279311	-0.00288247829934	0.0044243849851	0.0371281044981	0.0427105111088	0.0396378062637	-0.021862965249	0.0493656873695	-0.00105797848756	-0.0391494464691	-0.0226918462999	-0.0204364811682	-0.00131841121619	0.0144113544489	0.00373211944077	-0.0126586409462	-0.0284596521621	-0.0139201788698	0.00743350823318	-0.00795851944919	0.00807388860504	0.00934956427261	-0.0750046911268	-0.00863564414052	0.020083672093	-0.0135531989439	0.0388308424842
k__Bacteria;p__Bacteroidetes;c__Bacteroidia;o__Bacteroidales;f__Porphyromonadaceae;g__Parabacteroides;s__Parabacteroides_distasonis	0.0154781618937	-0.0240957420488	0.0105690711071	0.0171441098674	0.01831458092	-0.0303383877028	0.0131510077275	-0.000143129928593	0.00981064316652	1.0	0.0775426004651	-0.0496164874452	-0.0508429655448	-0.0424338290422	-0.00688691741184	-0.0852830171999	0.083020707966	-0.022239912793	0.04761478144	0.0426804978904	-0.0440590500628	0.00961204821669	0.00770756506624	-0.00959085560591	0.0471172045231	-0.0316125420682	-0.0845107787129	0.0391035053627	-0.0312099941918	0.0109055115482	-0.0285619169584	-0.000162547179708	0.0352050740303	-0.0345248592758	-0.0358748298112	-0.0331391151574	-0.0754957298665	-0.0113984849741	-0.0132685797495	0.014607850926	-0.0199926011493	0.0265323966505	-0.0125482231505	-0.0381462184715	-0.0125872132152	-0.036663769207	-0.0437196349018	0.013887064353	-0.0145605740825	0.0042587029239	0.0354306470513	-0.043795824378	-0.0103951161524	-0.0125051509314	0.0535816574347	0.0111656968481	-0.0134282742401	-0.00738576268391	-0.0128384991538
k__Bacteria;p__Bacteroidetes;c__Bacteroidia;o__Bacteroidales;f__Bacteroidaceae;g__Bacteroides;s__Bacteroides_thetaiotaomicron	-0.0203821585849	0.0105842106506	-0.0586212271884	-0.0579879130537	0.022908038338	-0.0589524551185	0.0214153974415	0.00087748159443	0.00954945484911	0.0775426004651	1.0	-0.0271769563776	-0.0132027416561	0.0233899318887	-0.00951063914107	-0.0178782364011	0.0460442037969	-0.0220433175464	-0.00830902233847	-0.056084281996	-0.0489306452367	-0.0142996107956	0.0204548761834	0.0311052027447	-0.00135609729569	0.0228654682263	-0.0565824863223	-0.022410034208	-0.0290562496101	0.000167229025038	0.00374929952226	-0.0507105448783	0.0228281319037	-0.0385974982939	-0.0782436233612	0.0018163140623	0.0496963872813	-0.0186079207941	-0.0146673077034	-0.00270597324776	-0.02356183133	-0.0132297917086	-0.023126230111	-0.0160099434905	-0.0585868199608	0.0304082049658	0.0171868635134	0.0123683685138	-0.0328513512378	-0.0337203841383	0.0848208215757	-0.0556145365754	0.0208919694124	0.0219024592561	-0.0118844452008	-0.02843460305	-0.0389335063168	-0.0041635613504	-0.0186688863149
k__Bacteria;p__Bacteroidetes;c__Bacteroidia;o__Bacteroidales;f__Bacteroidaceae;g__Bacteroides;s__Bacteroides_coprocola	-0.0449801202225	-0.0402858127555	0.0287712935028	-0.0612060132137	-0.0526503498702	0.0292283456474	0.0501280205135	-0.0394788214889	0.00386517398428	-0.0496164874452	-0.0271769563776	1.0	0.0506396299575	-0.0162904381393	-0.0514928844231	0.0490877887157	0.0405763126378	-0.0434917057927	-0.046539378187	-0.0336937342383	0.00888792695666	0.0110404816167	-0.0326365788784	-0.108101107124	-0.0254996336378	0.0279976025235	-0.0289095534664	-0.0663864188124	0.0595717505831	-0.0359280071506	-0.0196415756924	-2.29776241463e-05	-0.00743985185394	0.0104028325954	-0.016297663916	0.0245168048084	-0.000292311518457	0.0698709828339	-0.0697911068957	0.00767665373292	-0.0112162491229	-0.0291423550868	-0.00626675246789	-0.0328874647917	0.013077395315	0.0613548926466	0.0239127104599	-0.0356706899988	0.0655260391085	-0.0176081248873	-0.0463423472262	0.0343523706044	0.00975901684202	-0.0203844708917	-0.0498355011789	-0.0488649615535	0.0111170991948	-0.0135374785237	-0.0111828273622
k__Bacteria;p__Bacteroidetes;c__Bacteroidia;o__Bacteroidales;f__Bacteroidaceae;g__Bacteroides;s__Bacteroides_cellulosilyticus	-0.0322014563191	-0.0399716133946	-0.0207246638629	-0.0326740600884	0.0262470316479	0.00951896649063	0.00107455022459	-0.017471079434	-0.0624085327272	-0.0508429655448	-0.0132027416561	0.0506396299575	1.0	-0.0156238586786	-0.0289921278225	0.0209062095014	-0.000425742143466	0.0339131246272	0.0227009094572	-0.0326981991225	0.00211971329935	0.0335227339966	-0.00508647645531	0.0562743631845	0.0647458105332	0.0059028271845	0.017344060365	-0.0327286690107	0.0187765998159	0.0161311403399	0.0117529298226	-0.0220616585718	-0.015843517371	0.0664242979147	-0.022335390144	-0.0288114209416	-0.0179234193387	-0.0252191920775	-0.0401277483451	-0.0417294589653	-0.0471138264901	-0.0216227409331	-0.015818519998	0.00473318555772	-0.00695506748792	-0.0181479448517	-0.0858143113923	0.0216762593084	0.0434950294328	0.035445059296	-0.00137459883345	-0.0030918044068	0.0116083685787	-0.0632772279679	-0.0286563401334	-0.0187969652978	-0.0290355670277	0.0236523548558	-0.0164252806773
k__Bacteria;p__Bacteroidetes;c__Bacteroidia;o__Bacteroidales;f__Rikenellaceae;g__Alistipes;s__Alistipes_obesi	-0.045202617102	-0.0226252303446	-0.0461599252286	-0.0384429724323	-0.0144676958806	-0.0296725963766	0.0284793219146	-0.000948766604744	0.0125795063838	-0.0424338290422	0.0233899318887	-0.0162904381393	-0.0156238586786	1.0	-0.0113247836194	-0.0208737277307	-0.0766649009549	-0.0196699676872	0.0506292617252	0.0393210052939	-0.0126707127356	-0.0436357150313	0.0218886085917	-0.0157532050048	-0.0285869024853	-0.00445203881109	-0.024481593042	-0.0171935120217	-0.0110467181488	0.00313532161974	0.0302404546574	-0.0426656663717	0.004066578127	0.0117649719576	0.0162555401517	-0.0790444572083	0.0224142682412	0.00958302758466	0.0413186309224	-0.0716193352287	-0.0366505907817	0.0400564964375	-0.0499562383784	0.0392561115046	-0.00866250183113	-0.0175944468612	0.0536033273828	-0.0041528729288	-0.036722384251	0.038500080981	0.058665469497	-0.0387327608272	-0.063675931535	-0.0226105039433	-0.0102577165427	0.0309545494769	-0.0376853164331	-0.0207099858968	-0.0288013143972
k__Bacteria;p__Firmicutes;c__Clostridia;o__Clostridiales;f__Lachnospiraceae;g__;s__[Eubacterium]_rectale	-0.113331727041	-0.00561327382449	0.0622374867774	-0.0102110717274	0.0216341396019	0.038020477582	-0.0405800439131	-0.042253443061	-0.0264807691287	-0.00688691741184	-0.00951063914107	-0.0514928844231	-0.0289921278225	-0.0113247836194	1.0	-0.0342248401903	0.015144122464	-0.00247541731564	0.0805795690094	-0.00959927557911	0.022750180137	-0.0513827066737	-0.0689012703138	-0.010992862011	-0.0136561824722	-0.0100760833594	0.0614826846693	0.0494473576709	-0.024663905431	-0.044947418937	-0.03242040847	-0.0231424182226	-0.00359807980706	-0.0135163247679	-0.00785517762223	-0.0384894797854	0.0462758455963	-0.0305811721208	0.0191901747776	0.049709457207	-0.0286159265784	0.00788645089471	0.0257289033714	-0.0238321848866	-0.0252360770182	0.0452099539384	0.029447954671	-0.042708337543	0.0152715623857	0.00595778309095	-0.0724489279033	-0.0209971189878	-0.00243766528449	-0.0199086619393	-0.0248115194104	-0.00856885735847	-0.0163811712718	0.0110885015186	-0.0152357314885
k__Bacteria;p__Bacteroidetes;c__Bacteroidia;o__Bacteroidales;f__Bacteroidaceae;g__Bacteroides;s__Bacteroides_plebeius	0.0287499739289	-0.0147092060825	-0.016977377378	0.00470910588619	0.0147867744252	-0.0193608874809	-0.000266475704359	-0.0101455668817	0.0475606224256	-0.0852830171999	-0.0178782364011	0.0490877887157	0.0209062095014	-0.0208737277307	-0.0342248401903	1.0	-0.0428123700551	0.00276704282143	-0.0577120001677	-0.0357112440969	-0.025572489618	0.0377517384865	-0.0114476384084	0.0246663004339	-0.0217262220533	-0.0691457284181	-0.00652049955045	-0.0383220244996	0.0104574007363	-0.0615428993455	-0.0261225503989	0.0253600569506	0.000152680618582	0.0076260089213	0.0171055144631	0.00840970832806	-0.0570280006066	-0.0441932706651	0.00183615177853	-0.00634263447055	-0.0139603660253	0.00351965009988	0.0337369666598	0.00185016805682	-0.00846207840815	-0.0358992125329	0.0211452376749	-0.0407955478604	-0.0241021420133	0.050265871321	-0.0100070765926	0.0493781381398	-0.043094450265	-0.00142559701556	-0.0256900539658	-0.0153259105724	-0.0712492994721	0.0105021075171	-0.010424788728
k__Bacteria;p__Bacteroidetes;c__Bacteroidia;o__Bacteroidales;f__Bacteroidaceae;g__Bacteroides;s__Bacteroides_fragilis	0.0391905376353	0.00214401774556	-0.0162893542597	0.035580936223	0.0445526210095	-0.0313055086867	0.0474174447634	0.0202062472101	-0.0694194034569	0.083020707966	0.0460442037969	0.0405763126378	-0.000425742143466	-0.0766649009549	0.015144122464	-0.0428123700551	1.0	-0.0881242641077	0.0268614718345	0.0218389749906	-0.0114487159045	0.0441473656144	-0.00958182106868	0.0171919405079	0.0287307410388	-0.00650251091588	0.00232194531858	0.0147540736307	-0.00619402733128	-0.0348366141327	0.00696719768223	-0.0293672231655	0.0369513086745	-0.0058663853937	-0.0590481983116	0.0225053430487	0.00464046262441	0.00362006898745	0.0307898016361	0.00798318396387	-0.0281109340386	-0.0763394944568	-0.0708976550934	-0.00827492517684	-0.0667725089253	0.0114206037537	-0.0404101340738	0.0151624958809	-0.0359664401626	0.00897240835172	-0.0924073857891	-0.0534261353955	0.0148128917868	-0.012909751786	-0.058433420821	-0.059274791198	0.0296011984178	0.0135488255505	0.00718619096142
k__Bacteria;p__Proteobacteria;c__Betaproteobacteria;o__Burkholderiales;f__Sutterellaceae;g__Sutterella;s__Sutterella_wadsworthensis	0.0112784047784	0.0426658289936	-0.0060367287105	-0.0077975026317	-0.00904108055532	-0.0261591756073	-0.010050097618	0.040537578123	-0.0482364968655	-0.022239912793	-0.0220433175464	-0.0434917057927	0.0339131246272	-0.0196699676872	-0.00247541731564	0.00276704282143	-0.0881242641077	1.0	0.0276308554295	-0.0157564764511	0.0504563101069	0.0443868533904	-0.00124581491525	-0.00709823858724	0.037670756391	-0.0583442071117	-0.00372664234276	-0.111873757129	0.047387465442	0.0410360080599	-0.0383701090523	0.0115921950781	0.0391881123612	0.0102868324978	-0.0457334142857	0.0478675083471	-0.00465900961445	-0.0718105554465	0.06771466675	-0.0201930738684	-0.00300964452697	0.0561151299611	-0.0437546640193	-0.0209331464996	-0.0482672909926	0.0114104991223	-0.0187647443121	0.0146113830242	0.0265194179168	-0.00863688523346	-0.0568706513662	-0.0225283981853	0.0127756950707	0.0496608535604	0.002804990887	-0.0269327039074	0.00361158762255	-0.000298404929516	-0.00185262963229
k__Bacteria;p__Bacteroidetes;c__Bacteroidia;o__Bacteroidales;f__Porphyromonadaceae;g__Barnesiella;s__Barnesiella_intestinihominis	-0.000479072375797	-0.0258832819547	0.0480165063479	-0.046663545617	0.000163156093968	-0.0550047405079	-0.0244779865619	-0.00681378312266	0.00939415192951	0.04761478144	-0.00830902233847	-0.046539378187	0.0227009094572	0.0506292617252	0.0805795690094	-0.0577120001677	0.0268614718345	0.0276308554295	1.0	-0.0231895145699	-0.00357380792352	-0.0291859403531	0.0117634843692	0.0171794445539	0.0380327605541	0.0252356963036	0.0175963928133	0.00311506043005	-0.00176294324542	-0.00557038551346	0.0104471936646	-0.029830092593	-0.0425148313426	0.0109961783731	-0.0441274276386	-0.0200746677949	-0.048490558037	0.0403086144761	0.0340924158949	-0.0273606578819	-0.00710596478371	0.0121745166102	-0.033127452046	-0.0179446455783	-0.028909613713	0.000875879074983	-0.0334869448818	-0.0557634297993	0.000776404801393	-0.0232920728776	-0.0298572934043	-0.0304786095945	0.0887290094307	-0.0603540278866	-0.0238394684874	-0.0360263421037	0.0372609520591	-0.0518685482173	0.0348994646869
k__Bacteria;p__Bacteroidetes;c__Bacteroidia;o__Bacteroidales;f__Odoribacteraceae;g__Odoribacter;s__Odoribacter_splanchnicus	-0.0538408030494	0.0143233830704	-0.0308647539902	-0.0686504040189	-0.0281949165577	0.00480795455514	0.00582154533489	0.00973412076282	-0.0289394220363	0.0426804978904	-0.056084281996	-0.0336937342383	-0.0326981991225	0.0393210052939	-0.00959927557911	-0.0357112440969	0.0218389749906	-0.0157564764511	-0.0231895145699	1.0	-0.0671676654721	0.0254589321859	-0.0217557509019	-0.0473006607468	-0.026019712547	-0.0247602483748	0.0327014571348	-0.00971204268767	-0.00908116817985	-0.0711474802896	0.0107002478878	0.0199120769198	-0.0559174257219	0.0403646146204	0.0139085283638	0.00133572552392	-0.0174765929197	0.0385249341958	0.0521599089091	-0.0107419274327	0.0464341385604	-0.00666836970502	0.0515433490251	-0.0113435502282	0.0519283173953	0.00590702661049	-0.0570089592241	0.00386692836985	-0.0537629127029	-0.0815485630436	-0.051112844162	-0.0125060869335	0.0157638256035	0.0280425122687	0.0438663283051	0.0411272217639	-0.0320844715209	0.0547083104863	0.0242838861115
k__Bacteria;p__Bacteroidetes;c__Bacteroidia;o__Bacteroidales;f__Bacteroidaceae;g__Bacteroides;s__Bacteroides_salyersiae	0.0196048083839	0.00390263395679	-0.000652888816583	0.0326486569901	-0.0589163800944	-0.0381266558422	-0.0271167157158	-0.0369320304396	-0.00402569490037	-0.0440590500628	-0.0489306452367	0.00888792695666	0.00211971329935	-0.0126707127356	0.022750180137	-0.025572489618	-0.0114487159045	0.0504563101069	-0.00357380792352	-0.0671676654721	1.0	0.0907652913627	0.0367043354393	-0.0659709985553	0.0491633891006	0.0268946787905	0.000402804954233	0.0177843794456	0.0166308180873	0.0276588500743	0.0368753750566	0.0329857678763	0.00762337614581	-0.0168088179922	-0.0350743241137	-0.0632082200782	0.0289169791906	0.0326171675326	-0.0460014594626	-0.0555741241157	-0.0839280990098	-0.0293606443571	-0.0437117565524	-0.0141946050042	-0.0515155647339	-0.0207849156689	-0.0166332351498	0.0260553033928	0.022428445716	-0.0104128178865	0.0553992622073	0.0146931242977	-0.000178920157304	-0.0170850339767	-0.0245936906059	-0.0307373971507	0.00435605328139	-0.0312353308137	0.0508669255778
k__Bacteria;p__Firmicutes;c__Clostridia;o__Clostridiales;f__Ruminococcaceae;g__Ruminiclostridium;s__[Eubacterium]_siraeum	-0.0663019086525	-0.00462586981358	0.0381433090583	0.0181792682059	-0.0316913209799	-0.0170360585905	0.0477197341248	-0.0203656581126	-0.109690645863	0.00961204821669	-0.0142996107956	0.0110404816167	0.0335227339966	-0.0436357150313	-0.0513827066737	0.0377517384865	0.0441473656144	0.0443868533904	-0.0291859403531	0.0254589321859	0.0907652913627	1.0	-0.0819844788691	-0.0179968336506	-0.0210665455989	-0.0217753939552	-0.0328456243507	-0.00648698208005	-0.0322649614991	-0.0159233861503	0.0323924566112	-0.0185601032265	0.0175213676796	0.0550439821238	-0.0522158920153	-0.00416129530027	0.0218928602303	0.018455181515	-0.0158168413348	-0.0557159387494	-0.0238823590608	-0.0223822096511	0.00970396159464	-0.0537828075586	-0.0300670207195	-0.051557655974	0.0241933685616	-0.00585316352969	-0.0623347598975	0.00733913781783	-0.0337239671448	0.0569950689923	-0.0236126756804	0.0597683050314	0.0204505322141	-0.017400401986	-0.0116110926866	-0.0387590517606	0.00751537876209
k__Bacteria;p__Proteobacteria;c__Betaproteobacteria;o__Burkholderiales;f__Sutterellaceae;g__Parasutterella;s__Parasutterella_excrementihominis	-0.0156216946662	0.0123730456243	0.0432331535235	-0.0348836085227	0.0696773438163	0.0127257095054	-0.0541283941298	0.00228743117784	-0.00317452274519	0.00770756506624	0.0204548761834	-0.0326365788784	-0.00508647645531	0.0218886085917	-0.0689012703138	-0.0114476384084	-0.00958182106868	-0.00124581491525	0.0117634843692	-0.0217557509019	0.0367043354393	-0.0819844788691	1.0	0.0440374628883	-0.0509989768874	0.0078764867989	-0.0503719018628	-0.0383222832275	-0.0603780838438	4.23401163871e-06	-0.0262268538719	-0.0300862844165	0.00727174571613	0.0147396257566	0.00885807040228	-0.0639395574501	-0.0205692904824	-0.0252854483839	0.0300247613305	0.015351288321	-0.0227150549678	0.0254346527785	0.0015955153517	0.0495221270558	0.00548008978826	0.00888055712973	-0.0772671881705	-0.066262454031	-0.0640090487163	-0.00367122823201	0.0936319959514	0.0262893020671	-0.00795555602022	-0.0176880312372	-0.0261488649537	-0.0428341321333	0.00631536034753	-0.00224996758435	0.0111497868862
k__Bacteria;p__Actinobacteria;c__Actinobacteria;o__Bifidobacteriales;f__Bifidobacteriaceae;g__Bifidobacterium;s__Bifidobacterium_adolescentis	-0.0558920503185	-0.0205638046895	-0.0215629145098	0.008172946049	-0.0601890220374	0.011290862511	-0.00393507876758	0.0518208250949	-0.020722986159	-0.00959085560591	0.0311052027447	-0.108101107124	0.0562743631845	-0.0157532050048	-0.010992862011	0.0246663004339	0.0171919405079	-0.00709823858724	0.0171794445539	-0.0473006607468	-0.0659709985553	-0.0179968336506	0.0440374628883	1.0	-0.00766024419291	-0.0022561994944	-0.0531167670415	-0.0325928787859	-0.0473357243218	-0.0265405356603	-0.028942322551	-0.040873135559	-0.00591643999635	-0.0243064033986	0.1027054082	0.0181663234432	-0.0349014348861	-0.0369137970519	-0.0191488876035	0.0380585398439	-0.0469778363139	0.00563458520734	0.00691993082973	0.00822745024842	-0.0266978211999	0.0124048506367	-0.0106121993761	0.0281753147473	0.0185041880999	0.0060801949274	-0.0452840235193	-0.0418155700526	0.00803566715895	-0.0602588705965	-0.027957851532	-0.0693333041408	0.0163952911501	-0.0335785178119	0.0594387200002
k__Bacteria;p__Firmicutes;c__Clostridia;o__Clostridiales;f__Oscillospiraceae;g__Oscillibacter;s__Oscillibacter_sp._KLE_1745	-0.0164323786101	-0.0506288634986	-0.0223329275043	0.0223516155582	-0.0391246767028	0.0277992150047	-0.00628371001681	0.0386204890546	-0.0188542335584	0.0471172045231	-0.00135609729569	-0.0254996336378	0.0647458105332	-0.0285869024853	-0.0136561824722	-0.0217262220533	0.0287307410388	0.037670756391	0.0380327605541	-0.026019712547	0.0491633891006	-0.0210665455989	-0.0509989768874	-0.00766024419291	1.0	0.011837899191	-0.0191959629735	0.00753811939258	0.0205852354541	0.0154763131949	0.0141041845613	0.00589435941796	0.00132711298996	-0.0391951531972	-0.0172196743643	-0.0253425032249	-0.0232701538416	0.0637100663542	-0.0159373179072	0.0271042221443	0.0158449429674	-0.0456243069127	0.000558003580992	-0.0428752708845	-0.0242517630721	-0.0370730978773	-0.0788725187899	-0.0247071956975	-0.0203518207905	-0.0271972172758	0.013088126001	-0.0533758740475	-0.0453235029303	-0.0556111810419	-0.00799151191317	0.00342246079675	-0.00936104025818	-0.0253665774308	-0.0775350868931
k__Bacteria;p__Bacteroidetes;c__Bacteroidia;o__Bacteroidales;f__Bacteroidaceae;g__Bacteroides;s__Bacteroides_coprophilus	0.00930529940843	-0.0349023416927	-0.0614387047097	0.0118046698834	-0.00550511830969	0.0267968672948	0.019151440451	-0.0211764297577	-0.0614329076416	-0.0316125420682	0.0228654682263	0.0279976025235	0.0059028271845	-0.00445203881109	-0.0100760833594	-0.0691457284181	-0.00650251091588	-0.0583442071117	0.0252356963036	-0.0247602483748	0.0268946787905	-0.0217753939552	0.0078764867989	-0.0022561994944	0.011837899191	1.0	-0.0154208184694	0.0363197211082	0.032298111468	0.0436602768889	0.0328107771175	0.00272317045142	-0.0219424923008	-0.0121139983931	-0.0409865716304	0.0466761957216	0.00516802454817	-0.00858987180176	-0.018339830268	-0.00726517590097	-0.0590434784454	0.0023001832885	0.00829786968844	-0.0349811700311	0.0242600794806	-0.00509173234826	-0.0463435076344	0.00391634019429	-0.0835665360953	0.0220186180181	-0.0299877225944	0.000271071647658	-0.0341345828427	-0.0281094933685	-0.0075404583663	0.00610191766195	-0.0199935562041	-0.00162429774917	0.0456915242454
k__Bacteria;p__Firmicutes;c__Clostridia;o__Clostridiales;f__Lachnospiraceae;g__Roseburia;s__Roseburia_intestinalis	-0.0179150789508	0.0142020959352	0.00410225616932	0.00870867102638	0.037778533773	0.0121502816636	0.0144554072228	-0.0128040024128	-0.0269844650991	-0.0845107787129	-0.0565824863223	-0.0289095534664	0.017344060365	-0.024481593042	0.0614826846693	-0.00652049955045	0.00232194531858	-0.00372664234276	0.0175963928133	0.0327014571348	0.000402804954233	-0.0328456243507	-0.0503719018628	-0.0531167670415	-0.0191959629735	-0.0154208184694	1.0	0.0266907151472	0.00678852109054	0.00359066808598	0.0176038339211	-0.0424705665029	0.035306897425	0.0166398031588	-0.023087367546	-0.00968232470523	0.0150807479119	-0.0181970331216	-0.0223308495328	0.04491906983	-0.00941725943521	-0.0258358406911	-0.0550633504013	0.0151716162724	-0.089870005673	-0.0848488877894	-0.00412665552169	-0.0625556391886	0.00738967807318	0.05741270902	0.00218339234235	-0.028199347602	0.000421230994235	0.0322808056773	-0.06529850507	0.0027441900937	-0.00699548247592	0.0458933838024	-0.0374108059534
k__Bacteria;p__Firmicutes;c__Clostridia;o__Clostridiales;f__Lachnospiraceae;g__Roseburia;s__Roseburia_hominis	0.0277047842838	0.0163981976691	-0.0561879823795	-0.0247053479339	0.0352927151228	0.0157040859796	-0.0271740937975	-0.0537127996074	0.013586614975	0.0391035053627	-0.022410034208	-0.0663864188124	-0.0327286690107	-0.0171935120217	0.0494473576709	-0.0383220244996	0.0147540736307	-0.111873757129	0.00311506043005	-0.00971204268767	0.0177843794456	-0.00648698208005	-0.0383222832275	-0.0325928787859	0.00753811939258	0.0363197211082	0.0266907151472	1.0	-0.0226015976109	0.0221268291671	-0.0270884431885	0.0215378001861	-0.00802465375077	0.0180594832669	-0.0526070279803	0.0293555993354	-0.00876797921004	0.0201560700845	-0.0178185264713	0.0306854462216	0.0931589900448	0.0068473859628	-0.00485493796949	0.00178627753383	-0.0214843200098	0.000692620902608	-0.0577101628947	-0.067608100483	0.0054294799163	-0.0118843149447	-0.00264819975777	-0.0122617635477	0.00770673586473	-0.00840692461517	0.0067750681372	0.052541778703	-0.0556418961646	-0.0347691241791	-0.0638144299815
k__Bacteria;p__Bacteroidetes;c__Bacteroidia;o__Bacteroidales;f__Porphyromonadaceae;g__Parabacteroides;s__Parabacteroides_johnsonii	0.0296927119973	0.0203487582096	-0.0152305344318	-0.0253665645238	0.0251849541723	0.0202496736153	-0.0323500088533	0.0102402695599	0.020964795447	-0.0312099941918	-0.0290562496101	0.0595717505831	0.0187765998159	-0.0110467181488	-0.024663905431	0.0104574007363	-0.00619402733128	0.047387465442	-0.00176294324542	-0.00908116817985	0.0166308180873	-0.0322649614991	-0.0603780838438	-0.0473357243218	0.0205852354541	0.032298111468	0.00678852109054	-0.0226015976109	1.0	-0.0270662116976	-0.0080344387386	0.00674243841039	-0.0492866320843	0.00677818860836	-0.0240914760695	0.0171014131655	-0.0146290421123	-0.0335090335125	0.00420490501667	-0.00193141824856	0.00164673435428	-0.0318386391279	-0.0599547128934	0.0134395162206	0.0271987066454	-0.0556441027733	-0.0277442554345	0.0227564592603	-0.0135129982471	0.0332588147689	0.0278246094893	-0.00830539286905	-0.030309253434	-0.0468007724424	-0.075445713532	0.05250121626	-0.00820915638468	0.017346324993	-0.0187366179186
k__Bacteria;p__Actinobacteria;c__Actinobacteria;o__Bifidobacteriales;f__Bifidobacteriaceae;g__Bifidobacterium;s__Bifidobacterium_longum	-0.0195118193522	-0.0128699513591	-0.00649796251825	-0.0361772108455	-0.0625636304268	0.00998635369941	-0.0389744432646	0.0219737362502	0.0308225528913	0.0109055115482	0.000167229025038	-0.0359280071506	0.0161311403399	0.00313532161974	-0.044947418937	-0.0615428993455	-0.0348366141327	0.0410360080599	-0.00557038551346	-0.0711474802896	0.0276588500743	-0.0159233861503	4.23401163859e-06	-0.0265405356603	0.0154763131949	0.0436602768889	0.00359066808598	0.0221268291671	-0.0270662116976	1.0	-0.0677939097807	-0.0356940323167	-0.0236992482145	0.0551248218062	0.0148790642658	-0.00323638058797	0.0201353916545	-0.0538480113401	-0.0645512835859	-0.0194008080877	-0.0374185555056	0.0186375392992	-0.060117667977	0.0476292146261	-0.0291089935121	-0.0369942384653	0.0133926513509	-0.00195010938134	0.0186805771929	-0.0216415365055	-0.0232021557621	-0.00592603836697	-0.011782312292	-0.00566853799429	-0.0355872273151	-0.00288750545542	0.0281217620185	9.76668799358e-05	-0.0594125406152
