#taxonomy	k__Bacteria;p__Bacteroidetes;c__Bacteroidia;o__Bacteroidales;f__Bacteroidaceae;g__Bacteroides;s__Bacteroides_vulgatus	k__Bacteria;p__Bacteroidetes;c__Bacteroidia;o__Bacteroidales;f__Bacteroidaceae;g__Bacteroides;s__Bacteroides_uniformis	k__Bacteria;p__Bacteroidetes;c__Bacteroidia;o__Bacteroidales;f__Rikenellaceae;g__Alistipes;s__Alistipes_putredinis	k__Bacteria;p__Bacteroidetes;c__Bacteroidia;o__Bacteroidales;f__Prevotellaceae;g__Prevotella;s__Prevotella_copri	k__Bacteria;p__Bacteroidetes;c__Bacteroidia;o__Bacteroidales;f__Bacteroidaceae;g__Bacteroides;s__Bacteroides_stercoris	k__Bacteria;p__Bacteroidetes;c__Bacteroidia;o__Bacteroidales;f__Bacteroidaceae;g__Bacteroides;s__Bacteroides_ovatus	k__Bacteria;p__Bacteroidetes;c__Bacteroidia;o__Bacteroidales;f__Rikenellaceae;g__Alistipes;s__Alistipes_shahii	k__Bacteria;p__Firmicutes;c__Clostridia;o__Clostridiales;f__Ruminococcaceae;g__Faecalibacterium;s__Faecalibacterium_prausnitzii	k__Bacteria;p__Bacteroidetes;c__Bacteroidia;o__Bacteroidales;f__Rikenellaceae;g__Alistipes;s__Alistipes_finegoldii	k__Bacteria;p__Bacteroidetes;c__Bacteroidia;o__Bacteroidales;f__Porphyromonadaceae;g__Parabacteroides;s__Parabacteroides_distasonis	k__Bacteria;p__Bacteroidetes;c__Bacteroidia;o__Bacteroidales;f__Bacteroidaceae;g__Bacteroides;s__Bacteroides_thetaiotaomicron	k__Bacteria;p__Bacteroidetes;c__Bacteroidia;o__Bacteroidales;f__Bacteroidaceae;g__Bacteroides;s__Bacteroides_coprocola	k__Bacteria;p__Bacteroidetes;c__Bacteroidia;o__Bacteroidales;f__Bacteroidaceae;g__Bacteroides;s__Bacteroides_cellulosilyticus	k__Bacteria;p__Bacteroidetes;c__Bacteroidia;o__Bacteroidales;f__Rikenellaceae;g__Alistipes;s__Alistipes_obesi	k__Bacteria;p__Firmicutes;c__Clostridia;o__Clostridiales;f__Lachnospiraceae;g__;s__[Eubacterium]_rectale	k__Bacteria;p__Bacteroidetes;c__Bacteroidia;o__Bacteroidales;f__Bacteroidaceae;g__Bacteroides;s__Bacteroides_plebeius	k__Bacteria;p__Bacteroidetes;c__Bacteroidia;o__Bacteroidales;f__Bacteroidaceae;g__Bacteroides;s__Bacteroides_fragilis	k__Bacteria;p__Proteobacteria;c__Betaproteobacteria;o__Burkholderiales;f__Sutterellaceae;g__Sutterella;s__Sutterella_wadsworthensis	k__Bacteria;p__Bacteroidetes;c__Bacteroidia;o__Bacteroidales;f__Porphyromonadaceae;g__Barnesiella;s__Barnesiella_intestinihominis	k__Bacteria;p__Bacteroidetes;c__Bacteroidia;o__Bacteroidales;f__Odoribacteraceae;g__Odoribacter;s__Odoribacter_splanchnicus	k__Bacteria;p__Bacteroidetes;c__Bacteroidia;o__Bacteroidales;f__Bacteroidaceae;g__Bacteroides;s__Bacteroides_salyersiae	k__Bacteria;p__Firmicutes;c__Clostridia;o__Clostridiales;f__Ruminococcaceae;g__Ruminiclostridium;s__[Eubacterium]_siraeum	k__Bacteria;p__Proteobacteria;c__Betaproteobacteria;o__Burkholderiales;f__Sutterellaceae;g__Parasutterella;s__Parasutterella_excrementihominis	k__Bacteria;p__Actinobacteria;c__Actinobacteria;o__Bifidobacteriales;f__Bifidobacteriaceae;g__Bifidobacterium;s__Bifidobacterium_adolescentis	k__Bacteria;p__Firmicutes;c__Clostridia;o__Clostridiales;f__Oscillospiraceae;g__Oscillibacter;s__Oscillibacter_sp._KLE_1745	k__Bacteria;p__Bacteroidetes;c__Bacteroidia;o__Bacteroidales;f__Bacteroidaceae;g__Bacteroides;s__Bacteroides_coprophilus	k__Bacteria;p__Firmicutes;c__Clostridia;o__Clostridiales;f__Lachnospiraceae;g__Roseburia;s__Roseburia_intestinalis	k__Bacteria;p__Firmicutes;c__Clostridia;o__Clostridiales;f__Lachnospiraceae;g__Roseburia;s__Roseburia_hominis	k__Bacteria;p__Bacteroidetes;c__Bacteroidia;o__Bacteroidales;f__Porphyromonadaceae;g__Parabacteroides;s__Parabacteroides_johnsonii	k__Bacteria;p__Actinobacteria;c__Actinobacteria;o__Bifidobacteriales;f__Bifidobacteriaceae;g__Bifidobacterium;s__Bifidobacterium_longum	k__Bacteria;p__Firmicutes;c__Clostridia;o__Clostridiales;f__;g__Flavonifractor;s__Flavonifractor_plautii	k__Bacteria;p__Firmicutes;c__Clostridia;o__Clostridiales;f__Clostridiaceae;g__Clostridium;s__Clostridium_phoceensis	k__Bacteria;p__Verrucomicrobia;c__Verrucomicrobiae;o__Verrucomicrobiales;f__Akkermansiaceae;g__Akkermansia;s__Akkermansia_muciniphila	k__Bacteria;p__Bacteroidetes;c__Bacteroidia;o__Bacteroidales;f__Prevotellaceae;g__Paraprevotella;s__Paraprevotella_xylaniphila	k__Bacteria;p__Firmicutes;c__Clostridia;o__Clostridiales;f__Ruminococcaceae;g__Ruminococcus;s__Ruminococcus_callidus	k__Bacteria;p__Bacteroidetes;c__Bacteroidia;o__Bacteroidales;f__Rikenellaceae;g__Alistipes;s__Alistipes_senegalensis	k__Bacteria;p__Firmicutes;c__Clostridia;o__Clostridiales;f__Lachnospiraceae;g__Blautia;s__Blautia_sp._KLE_1732	k__Bacteria;p__Bacteroidetes;c__Bacteroidia;o__Bacteroidales;f__Bacteroidaceae;g__Bacteroides;s__Bacteroides_oleiciplenus	k__Bacteria;p__Firmicutes;c__Clostridia;o__Clostridiales;f__Ruminococcaceae;g__Ruminococcus;s__Ruminococcus_bicirculans	k__Bacteria;p__Bacteroidetes;c__Bacteroidia;o__Bacteroidales;f__Bacteroidaceae;g__Bacteroides;s__Bacteroides_fluxus	k__Bacteria;p__Bacteroidetes;c__Bacteroidia;o__Bacteroidales;f__Prevotellaceae;g__Prevotella;s__Prevotella_stercorea	k__Bacteria;p__Firmicutes;c__Clostridia;o__Clostridiales;f__Lachnospiraceae;g__Dorea;s__Dorea_longicatena	k__Bacteria;p__Firmicutes;c__Clostridia;o__Clostridiales;f__Eubacteriaceae;g__Eubacterium;s__[Eubacterium]_eligens	k__Bacteria;p__Firmicutes;c__Clostridia;o__Clostridiales;f__Ruminococcaceae;g__;s__Ruminococcaceae_bacterium_D16	k__Bacteria;p__Firmicutes;c__Clostridia;o__Clostridiales;f__Lachnospiraceae;g__Coprococcus;s__Coprococcus_comes	k__Bacteria;p__Proteobacteria;c__Gammaproteobacteria;o__Enterobacterales;f__Enterobacteriaceae;g__Escherichia;s__Escherichia_coli	k__Bacteria;p__Firmicutes;c__Clostridia;o__Clostridiales;f__Ruminococcaceae;g__Anaerotruncus;s__Anaerotruncus_colihominis	k__Bacteria;p__Firmicutes;c__Clostridia;o__Clostridiales;f__Lachnospiraceae;g__Blautia;s__Blautia_obeum	k__Bacteria;p__Bacteroidetes;c__Bacteroidia;o__Bacteroidales;f__Odoribacteraceae;g__Odoribacter;s__Odoribacter_laneus	k__Bacteria;p__Firmicutes;c__Clostridia;o__Clostridiales;f__Ruminococcaceae;g__Ruminiclostridium;s__[Clostridium]_leptum	k__Bacteria;p__Bacteroidetes;c__Bacteroidia;o__Bacteroidales;f__Porphyromonadaceae;g__Parabacteroides;s__Parabacteroides_goldsteinii	k__Bacteria;p__Firmicutes;c__Clostridia;o__Clostridiales;f__Lachnospiraceae;g__Anaerostipes;s__Anaerostipes_hadrus	k__Bacteria;p__Firmicutes;c__Clostridia;o__Clostridiales;f__Ruminococcaceae;g__Ruminococcus;s__Ruminococcus_lactaris	k__Bacteria;p__Firmicutes;c__Clostridia;o__Clostridiales;f__Clostridiaceae;g__Clostridium;s__Clostridium_sp._L2-50	k__Bacteria;p__Firmicutes;c__Clostridia;o__Clostridiales;f__Clostridiaceae;g__Clostridium;s__Clostridium_sp._M62/1	k__Bacteria;p__Firmicutes;c__Clostridia;o__Clostridiales;f__;g__Intestinimonas;s__Intestinimonas_butyriciproducens	k__Bacteria;p__Actinobacteria;c__Actinobacteria;o__Bifidobacteriales;f__Bifidobacteriaceae;g__Bifidobacterium;s__Bifidobacterium_bifidum	k__Bacteria;p__Firmicutes;c__Negativicutes;o__Veillonellales;f__Veillonellaceae;g__Dialister;s__Dialister_invisus	k__Bacteria;p__Bacteroidetes;c__Bacteroidia;o__Bacteroidales;f__Bacteroidaceae;g__Bacteroides;s__Bacteroides_salanitronis
k__Bacteria;p__Bacteroidetes;c__Bacteroidia;o__Bacteroidales;f__Bacteroidaceae;g__Bacteroides;s__Bacteroides_vulgatus	1.0	-0.0282369595906	0.008073366504	0.0926117699981	-0.0370559277911	0.0097986260199	-0.0323636088721	-0.0314567722478	0.0154449204291	-0.0228820404368	-0.00383790830309	-0.0480665000347	0.0530495278285	0.0380811884221	0.0113589828849	-0.0294045168228	-0.0158083320536	-0.0322544540784	-0.0125548532947	0.0616451880787	-0.0287187177411	-0.0266606429111	-0.0314067404367	0.0789656773482	-0.0141042139168	0.0155102638287	0.0263034938681	-0.0410452297275	0.0506532476161	0.0017335284026	-0.0194349056908	-0.0982832757025	-0.0532477622993	-0.0117325079787	-0.00723252526413	-0.0223834420234	-0.0349845072976	0.0340493010131	0.0237871625023	-0.0391609639628	0.0278061680801	0.0208474035731	-0.0201583315708	-0.0233541829461	-0.0172002719386	-0.0181221729669	-0.0472736604759	0.00515446575442	-0.0128925225506	-0.068445994401	0.0163030657423	-0.0347829326903	-0.0268078992212	0.00613238649049	-0.0542307586536	-0.00777822092418	0.0267192355625	-0.0117070192537	0.0175071747641
k__Bacteria;p__Bacteroidetes;c__Bacteroidia;o__Bacteroidales;f__Bacteroidaceae;g__Bacteroides;s__Bacteroides_uniformis	-0.0282369595906	1.0	0.00576647586105	-0.00223111682508	0.00340282303164	0.0540712089065	-0.0304984028582	0.0648031750016	-0.0382800261117	-0.0433482734122	-0.0483099219744	-0.0483785639995	0.0366415945981	-0.0283000933699	0.0070835869902	0.0230841424406	-0.0214944680346	-0.0448928258945	-0.00287419669754	0.0248124517191	-0.0257844181837	-0.0237699400705	0.0252688849234	-6.38732408155e-05	-0.0732051460369	-0.00328817521822	0.0044787773897	-0.0485500639821	-0.0484158377446	0.00422439256701	0.0175752311479	0.0344362445904	-0.0283915725279	0.0521214279871	-0.0263641790503	-0.0151903172163	-0.0270539129894	0.028913432448	-0.0168353640384	0.00716082707152	-0.0318485819424	-0.035854527491	-0.0282151276259	-0.0169519063357	0.0206153726451	-0.0421287153532	-0.0219390610979	-0.0180819311383	-0.0221008462065	-0.0167324413615	0.0144099110307	-0.0491087577035	0.0061040161428	0.0289743287415	0.00906479235402	0.0451066786105	-0.0253349480787	-0.0123628112012	0.0511931839384
k__Bacteria;p__Bacteroidetes;c__Bacteroidia;o__Bacteroidales;f__Rikenellaceae;g__Alistipes;s__Alistipes_putredinis	0.008073366504	0.00576647586105	1.0	0.0311282133007	-0.0305933681748	-0.000841208765206	-0.0588360651321	-0.0479944915291	-0.0872376676975	0.054553335608	0.0454139489934	0.0293984730902	-0.0391693051081	-0.0110479374679	-0.0455186142147	-0.00375257663381	-0.00885519676558	-0.0100675255825	-0.0258760904972	-0.00776913499397	-0.0205003198544	0.00664465182586	0.00457790696276	0.0244184420771	0.021945373729	-0.0411979246693	0.014222855056	-0.0300196826336	-0.0112398251011	-0.0388701342032	0.0539449023314	0.0146686169018	-0.0395580447459	0.013684285767	-0.0094750711852	-0.0646280995514	-0.043809801865	0.0419891302752	0.041395782576	-0.00919254909715	0.00169731008654	-0.0320027944092	-0.0209360413986	-0.0203765165113	-0.0101239110445	-0.0418084162681	-0.0198740073657	0.0294607119456	-0.0293576776302	-0.0168143216812	-0.00382888861266	0.00582790371801	-0.0018169865673	-0.0232995461759	-0.0876202946469	-0.0495281794168	0.0330037721024	-0.0326946451103	0.0143167010947
k__Bacteria;p__Bacteroidetes;c__Bacteroidia;o__Bacteroidales;f__Prevotellaceae;g__Prevotella;s__Prevotella_copri	0.0926117699981	-0.00223111682508	0.0311282133007	1.0	0.007273502462	-0.0125449506711	0.0206063822588	0.0247988588135	-0.0248825981839	-0.000363856697113	0.021024903391	-0.0213289078374	-0.00679099747665	-0.0405778060633	0.010393483346	-0.0122755470969	-0.00816431667351	-0.0885979818042	-0.0394187109245	0.0104678395121	0.0595604792439	-0.0281590698561	-0.0127852047931	0.030831868449	-0.0150065444316	0.0154922777737	-0.0328511100203	0.0410623011667	-0.0276259176319	-0.0299929762264	-0.0605200264683	-0.0444017189102	-0.10672820026	0.0247171452799	0.00829583540976	-0.0360353643871	-0.00689473454845	-0.00102456214247	-0.00142997568001	-0.00957176429835	-0.0370355096677	0.0303815614709	-0.0289697162462	-0.0523278051199	-0.0240673577263	-0.00355746435765	-0.0423609762084	-0.0254353583648	-0.0540243693453	-0.00895833471178	0.00270531982086	-0.0111768080385	0.00774457768336	6.25278086617e-05	0.0236237642477	-0.00616243906807	-0.0323944740568	0.0558367638924	0.000704745095722
k__Bacteria;p__Bacteroidetes;c__Bacteroidia;o__Bacteroidales;f__Bacteroidaceae;g__Bacteroides;s__Bacteroides_stercoris	-0.0370559277911	0.00340282303164	-0.0305933681748	0.007273502462	1.0	-0.0163486123395	-0.0356311926143	-0.0158690865025	-0.0261157520716	0.00106848840398	-0.0199979589078	-0.00443155540599	-0.0486106061813	-0.00399027237988	0.00655217372822	0.0244065082355	-0.0416921306139	0.0237543157175	0.00672328915514	-0.0741959763095	-0.000453842106185	-0.0188297842287	-0.035625378546	0.0113120210543	0.000932839627212	-0.0336841721355	-0.0666054158575	-0.00888391872066	0.0192298950125	-0.0243982048497	0.0528718400174	0.0159025021629	-0.0467310918957	0.0763881727664	-0.028096767124	-0.0448689799004	0.00705315919325	0.0542990670056	0.021803894853	-0.0188615052652	-0.0358692909181	0.0335131578839	-0.0314306270384	0.0338184214601	-0.0599411097262	-0.0235918461825	0.0393631465095	-0.0131928234117	-0.0161681129548	-0.0171209229452	-0.0126712411952	-0.0148155057008	-0.0125362862169	0.0588757334742	-0.00674412518408	-0.0138386106261	-0.0509345719906	0.0232836143374	0.00185896714231
k__Bacteria;p__Bacteroidetes;c__Bacteroidia;o__Bacteroidales;f__Bacteroidaceae;g__Bacteroides;s__Bacteroides_ovatus	0.0097986260199	0.0540712089065	-0.000841208765206	-0.0125449506711	-0.0163486123395	1.0	0.0331761343805	-0.0147082299899	-0.0579022742911	-0.0426274098918	-0.0246251521956	-0.0411526516407	-0.0509586560618	-0.0331470110198	0.0329177374971	-0.0292215130733	-0.00592857756323	-0.0177854375378	0.0367176160947	0.00106854818089	0.049904985763	-0.000516939761595	0.00661825947388	-0.00887395090443	0.0419778296005	-2.03515033729e-05	-0.04363064413	-0.0203470081943	0.0246161363438	0.0185571097504	0.0082988165819	-0.0239954205039	0.0418094460887	-0.013393119505	-0.0116610514017	0.00977599942319	0.00490630114466	-0.0181556850261	-0.0361268179269	-0.0469730074152	-0.00365903741102	-0.00620804165163	-0.00620508982747	0.0422721259118	0.010132371125	0.0163378146057	0.00223923062192	-0.0200891222321	-0.0624589446202	-0.0478085135754	-0.0581800140393	-0.0368505308192	0.0122521305292	-0.0187532126153	-0.00284909481176	-0.0612223468424	0.0275064236076	0.0324158957507	-0.0040677490818
k__Bacteria;p__Bacteroidetes;c__Bacteroidia;o__Bacteroidales;f__Rikenellaceae;g__Alistipes;s__Alistipes_shahii	-0.0323636088721	-0.0304984028582	-0.0588360651321	0.0206063822588	-0.0356311926143	0.0331761343805	1.0	-0.0348290451308	-0.00679722670691	0.0735030219539	-0.0263078442947	-0.0193622221445	-0.0140010121916	-0.0170226660812	-0.0661295336443	-0.0243218210261	0.025425824672	0.0134302398294	-0.0621662140845	0.0314061221382	-0.0477516642547	0.0220072371068	0.0322409090456	0.0553822856436	0.0328307157903	0.0171927097164	0.0113282320198	0.0140330025584	-0.0144706318468	-0.0281688162173	0.0132873227629	-0.00407589234161	-0.0109570065577	0.028868312834	-0.0212606279541	0.00887616069394	0.0390861667316	-0.0702346037838	-0.0275670659548	-0.0466409394334	-0.0285778207146	-0.00996879522427	-0.0202158989043	0.0260188540573	0.0363780204265	0.0231266038793	-0.0613129849784	-0.0332249281961	0.00863102269709	0.0573906957047	-0.0568100898818	0.0291583546148	0.0116142899215	-0.0236217425684	-0.0104734037932	-0.00904391240603	-0.0574339607123	0.0163756318459	-0.00100600476614
k__Bacteria;p__Firmicutes;c__Clostridia;o__Clostridiales;f__Ruminococcaceae;g__Faecalibacterium;s__Faecalibacterium_prausnitzii	-0.0314567722478	0.0648031750016	-0.0479944915291	0.0247988588135	-0.0158690865025	-0.0147082299899	-0.0348290451308	1.0	0.00149893613149	0.0108133260633	-0.0331061258289	-0.0052055478061	0.0226002827757	0.052158904388	-0.00623091204264	0.0232333749755	-0.0178596348112	-0.00413030183204	0.0142291871149	0.0399629808975	-0.0276322819141	-0.0112531843706	-0.0260943946401	-0.0253866024522	-0.0159285643316	-0.00161853272043	0.0627691235092	0.0293693457078	-0.00709342936025	0.0130253279976	0.0426273605023	-0.0655058105604	0.057667997175	-0.0516877844925	0.00876393523975	0.0372512332562	0.0177546467772	0.0136302235075	-0.0407129625199	-0.0394357399518	0.00523866544068	-0.0390429154232	0.026656852682	0.0212864531457	-0.0323512872708	-0.0541862308387	-0.00784265990528	0.00935442778461	-0.0434064349706	-0.0360943138649	0.0224697670574	0.0593893863382	-0.0143682466258	-0.0356918519403	0.0278957747798	-0.00337166096599	0.00735203461914	-0.0181905766834	-0.0247610489062
k__Bacteria;p__Bacteroidetes;c__Bacteroidia;o__Bacteroidales;f__Rikenellaceae;g__Alistipes;s__Alistipes_finegoldii	0.0154449204291	-0.0382800261117	-0.0872376676975	-0.0248825981839	-0.0261157520716	-0.0579022742911	-0.00679722670691	0.00149893613149	1.0	0.0225701907346	-0.00955358122888	0.00277960542988	0.0250544871435	-0.0356902037555	-0.0151281505265	0.0444434160796	0.00636977909463	-0.0182437335456	0.081816320119	-0.0206136916772	-0.0495672480915	0.00242164049844	0.00939090458523	-0.0330664833708	-0.0440066638509	-0.0321329436331	0.0695474492866	-0.0172036386475	-0.00468315380677	0.0437673087583	-0.0196617666986	0.0181024242784	0.0196785584558	0.00101439121116	-0.0336964653485	-0.0366630764731	-0.00348971106188	-0.0107953581248	0.0245418928083	0.00935010196451	-0.0393408999642	0.0042379797339	0.0172763967122	0.0100845547841	0.0294946278983	-0.00422509322323	-0.0331160531137	-0.0331279201798	0.0397508138133	-0.00114096310679	-0.0292855979005	0.00968129654232	0.0272204148504	-0.0640448261888	0.0049566574699	-0.0687998059508	-0.0311813786471	0.00929181840624	-0.0217745728695
k__Bacteria;p__Bacteroidetes;c__Bacteroidia;o__Bacteroidales;f__Porphyromonadaceae;g__Parabacteroides;s__Parabacteroides_distasonis	-0.0228820404368	-0.0433482734122	0.054553335608	-0.000363856697113	0.00106848840398	-0.0426274098918	0.0735030219539	0.0108133260633	0.0225701907346	1.0	-0.00453936679996	0.046092481746	0.0131998931757	0.0341344684716	0.0355813463858	0.040570967012	-0.0449358983668	-0.0360663961249	-0.0388562990571	-0.00149530133373	-0.0255221755289	-0.0258162481995	0.00770309823264	-0.0541373384594	-0.037910882168	0.00209022623757	-0.00266526111321	-0.0168452319099	0.0077997325951	-0.0620800374256	-0.0252111388672	-0.0234036631666	-0.025880671389	0.0353475987185	-0.0456544317939	-0.0519951058054	0.023427247422	0.0635676372663	-0.0544242662428	0.000373477630813	-0.0326255044136	-0.0265193180716	-0.0359065771977	0.00696419553695	0.0296570382	-0.0482107274934	0.0168056806501	-0.0676510253972	-0.0216538040511	-0.00884491809256	-0.0144465999619	0.00434287136157	0.00426432846987	0.0806018905701	-0.0112013743737	0.0302324007164	0.00518052157761	0.0381620515244	0.0503242994183
k__Bacteria;p__Bacteroidetes;c__Bacteroidia;o__Bacteroidales;f__Bacteroidaceae;g__Bacteroides;s__Bacteroides_thetaiotaomicron	-0.00383790830309	-0.0483099219744	0.0454139489934	0.021024903391	-0.0199979589078	-0.0246251521956	-0.0263078442947	-0.0331061258289	-0.00955358122888	-0.00453936679996	1.0	-0.0807208102003	0.0168364134666	-0.0381168131464	0.0439289333092	-0.0054740160116	0.0539574492177	0.0173299206565	0.0126563312173	0.0663430142922	-0.0370870416413	-0.00247174163616	-0.0340409197547	-0.044025879827	-0.026508645851	0.0179522010785	0.00660006511787	-0.047412880332	-0.0179817911444	-0.0312330942102	-0.0467504029192	-0.0182100188342	-0.0504952487187	-0.0512982419239	-0.0270792549151	0.00600666420277	-0.00399578382476	0.000972796739783	0.0244798011738	-0.0201021018451	-0.0475769048064	-0.0446584532999	0.0120724608314	-0.0128007768457	0.0273341431255	-0.0441750808305	-0.0210199316989	-0.0646035710651	0.017670543126	-0.0503883880243	-0.00665487936396	0.0266190900994	-0.0475969411807	-0.0419324158958	0.017282253321	0.0446036559476	0.0232750971221	0.0113496368332	0.0608669852639
k__Bacteria;p__Bacteroidetes;c__Bacteroidia;o__Bacteroidales;f__Bacteroidaceae;g__Bacteroides;s__Bacteroides_coprocola	-0.0480665000347	-0.0483785639995	0.0293984730902	-0.0213289078374	-0.00443155540599	-0.0411526516407	-0.0193622221445	-0.0052055478061	0.00277960542988	0.046092481746	-0.0807208102003	1.0	0.0569644569433	0.0421698449659	-0.0286565382552	0.00441908266834	-0.0847302682746	-0.0713519750648	0.00921355215579	0.0160900116418	-0.0105956404729	0.0281966703368	-0.0227450564897	-0.0111948069384	-0.00567169121882	-0.0400240232486	-0.0379684047165	0.0576610867507	-0.024057290313	-0.00159480389515	-0.0210759186974	-0.0209368065813	0.0776327397731	-0.016417078094	0.0173177898026	-0.0966049766108	-0.0378444148387	-0.00731853064874	0.0278953693458	-0.0173227136473	0.0223060551947	0.022650999251	0.0229256756564	0.0366554388186	0.0296168209495	0.000875983363495	-0.00817526230053	0.0358855498487	0.00849306673073	-0.0241859417234	-0.0417039510827	-0.0230918996994	-0.0144782512822	0.0229261973218	0.000900810797952	0.0553373824875	0.0406109476904	0.00344376256528	-0.0367985765037
k__Bacteria;p__Bacteroidetes;c__Bacteroidia;o__Bacteroidales;f__Bacteroidaceae;g__Bacteroides;s__Bacteroides_cellulosilyticus	0.0530495278285	0.0366415945981	-0.0391693051081	-0.00679099747665	-0.0486106061813	-0.0509586560618	-0.0140010121916	0.0226002827757	0.0250544871435	0.0131998931757	0.0168364134666	0.0569644569433	1.0	0.0431268788683	-0.0124108037127	-0.0450579468261	-0.0626729249924	0.0266059432177	0.016645368248	0.0410546059449	-0.0160200107535	0.000505988780294	-0.00661881708691	0.00571004171483	0.0155980691904	-0.025712543171	-0.0264537563467	-0.00350150487396	-0.0131090756674	-0.0071049104471	-0.0281580729926	-0.00181041803872	0.000355946678498	-0.0125066343691	-0.0370249185882	0.068399911792	0.0457308071765	0.0329169562954	0.00538778331014	-0.0404818554967	0.0298261066599	-0.0257193304343	0.048696172359	-0.0255657316013	-0.0768235970369	-0.0195303966393	-0.0103102701176	-0.0182325110078	-0.03261765231	0.00680827304461	0.00516504987689	0.0150341549283	-0.0223877319481	-0.0578612454886	-0.0306022569973	-0.0432839097464	-0.0204523619535	-0.0189771263993	-0.0125560465651
k__Bacteria;p__Bacteroidetes;c__Bacteroidia;o__Bacteroidales;f__Rikenellaceae;g__Alistipes;s__Alistipes_obesi	0.0380811884221	-0.0283000933699	-0.0110479374679	-0.0405778060633	-0.00399027237988	-0.0331470110198	-0.0170226660812	0.052158904388	-0.0356902037555	0.0341344684716	-0.0381168131464	0.0421698449659	0.0431268788683	1.0	0.0310217427165	-0.00419692715818	0.051436224943	-0.0228125622588	-0.0686675626255	-0.056608987166	-0.0212526145043	0.0204355810158	-0.0169405282828	-0.0221220153803	0.00726087203654	0.0124253728487	0.0303145325302	0.0295658914352	0.059622078076	-0.0412550010126	-0.0224250186569	0.0320303513497	-0.0384864731561	0.029660520577	-0.0142014131108	0.0173914452975	0.0318446712658	0.047234606606	-0.052304492319	-0.0187533504012	-0.0159262627505	0.0388552758315	-0.0275919561803	-0.00863550356997	-0.00404410674513	-0.019845328911	-0.0163180516689	-0.00202093695825	-0.0072401577507	0.0589286646952	0.00448716186965	-0.0896158455539	-0.0467549113663	-0.0569482803683	0.00485780747824	-0.00286094584756	-0.0170377595439	0.0186975998746	-0.00209280800147
k__Bacteria;p__Firmicutes;c__Clostridia;o__Clostridiales;f__Lachnospiraceae;g__;s__[Eubacterium]_rectale	0.0113589828849	0.0070835869902	-0.0455186142147	0.010393483346	0.00655217372822	0.0329177374971	-0.0661295336443	-0.00623091204264	-0.0151281505265	0.0355813463858	0.0439289333092	-0.0286565382552	-0.0124108037127	0.0310217427165	1.0	0.0181126534154	0.0184758653797	-0.00864177731329	-0.00454866218718	-0.0652708415738	-0.000558023198488	-0.0278533830603	-0.06405840288	0.00042558839356	-0.0277325043345	-0.0896775624952	-0.0130223880613	0.0104408344199	0.00918163942937	0.0547726046693	0.029265376883	0.049624435001	-0.0288928107789	0.0278360386268	0.037973394487	-0.0133394666336	0.0477696545403	0.0427752487345	-0.0165044209516	0.0578952872968	0.0250193108111	0.00575883290264	-0.0540875702535	-0.0285113668388	0.0258820054239	0.024165643018	0.00552188573446	0.015414411017	-0.0159423636775	0.0240701128114	-0.00251971598887	-0.0423167575824	-0.0313754354016	-0.00757423886966	0.0134750965007	-0.0360219655914	-0.057978690794	0.0074820647997	-0.0125700931909
k__Bacteria;p__Bacteroidetes;c__Bacteroidia;o__Bacteroidales;f__Bacteroidaceae;g__Bacteroides;s__Bacteroides_plebeius	-0.0294045168228	0.0230841424406	-0.00375257663381	-0.0122755470969	0.0244065082355	-0.0292215130733	-0.0243218210261	0.0232333749755	0.0444434160796	0.040570967012	-0.0054740160116	0.00441908266834	-0.0450579468261	-0.00419692715818	0.0181126534154	1.0	-0.0299723262063	-0.0093937628329	-0.00450524412748	-0.0230463746102	0.0213596652953	0.00737930519892	0.025321385093	-0.0357561432157	0.018408427989	-0.0246644960074	-0.0318108074381	-0.0218080540542	-0.0195255760507	0.0292194137467	-0.0184950644128	-0.0321087322356	-0.0191017200944	-0.01864911459	-0.0689445242428	0.0215346173005	0.00694556621579	-0.0333962419365	0.0196646740704	-0.00485967997606	0.00490232436473	-0.0345217826518	-0.00741254766356	-0.0148315026859	-0.0200729334991	-0.0317835048745	-0.00655225411544	-0.0363166436014	-0.0169025579354	-0.0052659746838	0.00912378196884	0.0651119057513	-0.0114258311513	-0.0355218279634	0.0209187224338	-0.0188367212511	0.0176799961768	0.00978434239796	-0.00991308555613
k__Bacteria;p__Bacteroidetes;c__Bacteroidia;o__Bacteroidales;f__Bacteroidaceae;g__Bacteroides;s__Bacteroides_fragilis	-0.0158083320536	-0.0214944680346	-0.00885519676558	-0.00816431667351	-0.0416921306139	-0.00592857756323	0.025425824672	-0.0178596348112	0.00636977909463	-0.0449358983668	0.0539574492177	-0.0847302682746	-0.0626729249924	0.051436224943	0.0184758653797	-0.0299723262063	1.0	-0.0130839067388	-0.00585149093849	-0.0360470314015	-0.060440058526	-0.077228355988	-0.0123841638459	-0.0584071573465	0.0227626205253	-0.0696287729352	0.0192477770756	0.0155714538433	-0.0877253293941	0.0687288550086	0.0359057474734	0.0170005292392	0.0151184128368	-0.0464560760995	0.0254909699305	0.00864418837141	-0.034963893216	-0.00384137844957	-0.00635522310594	0.0344268649824	0.0482168597631	0.0163157574625	0.00978598710669	-0.0374150255165	-0.00412122671171	0.00530402106693	0.0449757822415	-0.033450854262	-0.0178600749413	-0.00577236082122	0.0877967874279	0.0374672264382	-0.0631905175565	-0.0151716077996	-0.0152562726326	0.00848579373716	-0.00884832847944	-0.00664467631804	-0.0102507307468
k__Bacteria;p__Proteobacteria;c__Betaproteobacteria;o__Burkholderiales;f__Sutterellaceae;g__Sutterella;s__Sutterella_wadsworthensis	-0.0322544540784	-0.0448928258945	-0.0100675255825	-0.0885979818042	0.0237543157175	-0.0177854375378	0.0134302398294	-0.00413030183204	-0.0182437335456	-0.0360663961249	0.0173299206565	-0.0713519750648	0.0266059432177	-0.0228125622588	-0.00864177731329	-0.0093937628329	-0.0130839067388	1.0	0.00344931686998	-0.0271549583216	-0.0173636088779	-0.0791550243138	-0.00432758560404	-0.00107405810295	-0.0306977263588	-0.0289429277594	0.00939032003066	-0.00888846464963	-0.0326183544979	-0.0289622514727	-0.0359328497411	-0.00478866946448	0.0197055601791	-0.0213830463476	-0.0134030126359	0.0201731671236	-0.0259818067437	-0.0122325113331	-0.0319649499962	0.0610453762472	0.00711912184125	0.00114217442979	-0.0610297241263	0.0565193976366	0.0300097449568	-0.0332285776356	-0.0202555087614	0.027308803363	0.0156273690807	0.0321893188078	-0.0303221767935	-0.0459594048137	0.0301822674713	0.00407292996429	-0.00843946028199	-0.0556817677425	0.0200384349506	0.0179080186919	-0.027671233007
k__Bacteria;p__Bacteroidetes;c__Bacteroidia;o__Bacteroidales;f__Porphyromonadaceae;g__Barnesiella;s__Barnesiella_intestinihominis	-0.0125548532947	-0.00287419669754	-0.0258760904972	-0.0394187109245	0.00672328915514	0.0367176160947	-0.0621662140845	0.0142291871149	0.081816320119	-0.0388562990571	0.0126563312173	0.00921355215579	0.016645368248	-0.0686675626255	-0.00454866218718	-0.00450524412748	-0.00585149093849	0.00344931686998	1.0	-0.0378095840075	0.00782548672638	-0.0257695023804	0.00703157070292	-0.0311918028565	0.0108847831482	-0.0227177061087	-0.0609460452473	-0.0237323182351	0.0304506071073	0.0138632968858	-0.0544015974265	0.033619154062	0.0470285777792	-0.0213800005959	-0.0254489553799	0.0382578278213	-0.0110399382487	-0.0202077270502	-0.0394284226074	-0.0268635279574	0.0130155957386	0.00517983259614	-0.0143998640711	-0.0113218478982	-0.0797944183313	-0.077670365524	-0.0599223030836	0.0302686983592	0.0396784633018	-0.0307294783601	0.023264163475	-0.010687894544	0.0102655967143	-0.0494776983486	-0.0221735008244	0.00575503141538	-0.0476530581977	0.0284842413621	-0.00604902710621
k__Bacteria;p__Bacteroidetes;c__Bacteroidia;o__Bacteroidales;f__Odoribacteraceae;g__Odoribacter;s__Odoribacter_splanchnicus	0.0616451880787	0.0248124517191	-0.00776913499397	0.0104678395121	-0.0741959763095	0.00106854818089	0.0314061221382	0.0399629808975	-0.0206136916772	-0.00149530133373	0.0663430142922	0.0160900116418	0.0410546059449	-0.056608987166	-0.0652708415738	-0.0230463746102	-0.0360470314015	-0.0271549583216	-0.0378095840075	1.0	0.0209260271661	0.0452010822494	-0.0207053285702	-0.00905918814152	0.0338000257343	-0.000941697281669	-0.0298261642326	-0.00747080500994	0.0434277376103	-0.0168863410611	-0.00194154804975	-0.0351445133697	0.0798644841829	-0.00590005437004	0.0177345750239	-0.0378895097579	0.0315034402975	-0.0229718333994	0.0196114513941	-0.0873631536642	-0.00967772402857	0.0242761641849	-0.0188037681799	-0.00206870393154	0.0523092994075	-0.0435756471158	-0.00614602042231	-0.0188965825698	-0.00509679954483	-0.0674146114878	-0.0391201495634	0.0129886345094	0.0171223353734	0.00300061279446	-0.0302645006313	0.0173297077421	-0.0169438099031	-0.0746092643368	0.0251099708263
k__Bacteria;p__Bacteroidetes;c__Bacteroidia;o__Bacteroidales;f__Bacteroidaceae;g__Bacteroides;s__Bacteroides_salyersiae	-0.0287187177411	-0.0257844181837	-0.0205003198544	0.0595604792439	-0.000453842106184	0.049904985763	-0.0477516642547	-0.0276322819141	-0.0495672480915	-0.0255221755289	-0.0370870416413	-0.0105956404729	-0.0160200107535	-0.0212526145043	-0.000558023198488	0.0213596652953	-0.060440058526	-0.0173636088779	0.00782548672638	0.0209260271661	1.0	0.031596357876	-0.0107616262164	0.0151524117808	0.0195252996634	-0.0256032330407	0.0013995233272	0.0137667158094	-0.0259394104355	0.00118439830927	-0.00772051887766	0.0160392262153	0.0249305887636	0.051203481671	-0.0796789489904	0.0190707119531	-0.0281324268835	-0.0744398656594	-0.0161075711687	-0.0364081210386	-0.0189413810301	-0.0235636128843	0.0621486443343	-0.0279220303771	-0.0099720055537	0.0166026263868	0.0326490171877	-0.00620630010827	0.000605009426277	0.0192260277945	0.0461395087836	-0.0987711318308	0.0539488715338	-0.0437376604996	0.00259156336096	-0.0236145027724	-0.0169656632677	-0.0465837324032	-0.0494021760391
k__Bacteria;p__Firmicutes;c__Clostridia;o__Clostridiales;f__Ruminococcaceae;g__Ruminiclostridium;s__[Eubacterium]_siraeum	-0.0266606429111	-0.0237699400705	0.00664465182586	-0.0281590698561	-0.0188297842287	-0.000516939761595	0.0220072371068	-0.0112531843706	0.00242164049844	-0.0258162481995	-0.00247174163616	0.0281966703368	0.000505988780294	0.0204355810158	-0.0278533830603	0.00737930519892	-0.077228355988	-0.0791550243138	-0.0257695023804	0.0452010822494	0.031596357876	1.0	0.00138647444609	-0.043830364581	-0.0181992145384	-0.06923167083	-0.0585710776475	-0.0396725609083	-0.0336787765523	-0.00930432912311	0.0120309615473	-0.0275480998687	0.104509611073	0.0777159186878	-0.0153862361341	0.03682636583	-0.0256756433316	-0.010043928873	-0.00889611953337	-0.0110481917849	0.0131683259115	-0.0429759669877	-0.00565229433156	-0.0103450389784	0.00567465952171	-0.00636774076753	0.0216611167666	0.0183546883277	0.00358922021721	-0.00121868335532	-0.0525055231863	-0.0423827282283	-0.0425987104934	-0.0274303704206	-0.0475708377279	0.0219108014779	-0.0329054767956	0.00182871011649	-0.0373372442012
k__Bacteria;p__Proteobacteria;c__Betaproteobacteria;o__Burkholderiales;f__Sutterellaceae;g__Parasutterella;s__Parasutterella_excrementihominis	-0.0314067404367	0.0252688849234	0.00457790696276	-0.0127852047931	-0.035625378546	0.00661825947388	0.0322409090456	-0.0260943946401	0.00939090458523	0.00770309823264	-0.0340409197547	-0.0227450564897	-0.00661881708691	-0.0169405282828	-0.06405840288	0.025321385093	-0.0123841638459	-0.00432758560404	0.00703157070292	-0.0207053285702	-0.0107616262164	0.00138647444609	1.0	0.00948286123382	0.00396172306689	-0.00400057738454	-0.0403462044402	0.00320786184465	-0.0134633509419	-0.0613517479996	-0.00681485784007	0.0409212317049	0.0292948845843	-0.0210718602838	0.0208151739004	-0.0370286593831	-0.0729643992666	-0.0218856718167	0.0820565927254	-0.0313538096645	0.0176440090039	-0.0347795819317	0.0215808809229	0.00914581904406	-0.0261468115457	0.0369752783435	-0.0177235151604	-0.0148780375258	-0.053611594929	-0.0275858197442	-0.0474493008326	0.0224188676147	-0.0189432002268	-0.0375242221397	-0.0125705021632	-0.022389339282	-0.0550468849218	0.0139443171638	0.0608368927262
k__Bacteria;p__Actinobacteria;c__Actinobacteria;o__Bifidobacteriales;f__Bifidobacteriaceae;g__Bifidobacterium;s__Bifidobacterium_adolescentis	0.0789656773482	-6.38732408156e-05	0.0244184420771	0.030831868449	0.0113120210543	-0.00887395090443	0.0553822856436	-0.0253866024522	-0.0330664833708	-0.0541373384594	-0.044025879827	-0.0111948069384	0.00571004171483	-0.0221220153803	0.00042558839356	-0.0357561432157	-0.0584071573465	-0.00107405810295	-0.0311918028565	-0.00905918814152	0.0151524117808	-0.043830364581	0.00948286123382	1.0	-0.0295741776958	-0.0112651368315	-0.0620282023174	-0.0180082972262	0.0283750522725	-0.00741048507023	-0.0405608315952	-0.0241539044452	-0.00392564917675	0.00547671271184	0.00745235045793	0.0494304888694	-0.0184600696162	-0.0171090004354	-0.00102844191989	-0.0318323406737	-0.000604359261363	-0.0236780699903	0.00279969801081	-0.0211927868932	-0.0542114795449	0.0851040102007	0.00410395431259	-0.0280786295985	0.0330224156623	0.035836488271	-0.0387902723009	-0.0231471410767	-0.0127813272645	-0.0231149217007	0.010669191652	-0.0185888112821	0.00601041938144	-0.0118192326784	-0.0270729484498
k__Bacteria;p__Firmicutes;c__Clostridia;o__Clostridiales;f__Oscillospiraceae;g__Oscillibacter;s__Oscillibacter_sp._KLE_1745	-0.0141042139168	-0.0732051460369	0.021945373729	-0.0150065444316	0.000932839627212	0.0419778296005	0.0328307157903	-0.0159285643316	-0.0440066638509	-0.037910882168	-0.026508645851	-0.00567169121882	0.0155980691904	0.00726087203654	-0.0277325043345	0.018408427989	0.0227626205253	-0.0306977263588	0.0108847831482	0.0338000257343	0.0195252996634	-0.0181992145384	0.00396172306689	-0.0295741776958	1.0	0.0197469400931	-0.0758450823621	-0.0117780273907	-0.00295727245106	0.0369277047334	0.00962994001513	0.0522831334305	0.0326605384858	-0.0144112511892	0.00229514773246	-0.0830695898594	-0.0255420797918	0.00242099118427	-0.0225272507284	0.0860433330365	0.0335751157939	-0.0823130831074	0.0176339169693	0.0361449074617	-0.0108623620671	0.00240529390259	-0.0709709456305	0.0925594372261	0.0222886715658	0.0293119164259	-0.00097880278963	-0.00711261466178	0.0202836043935	-0.0299328170003	0.0547247942223	-0.013403849679	-0.037074545359	-0.030992628912	-0.0121505473898
k__Bacteria;p__Bacteroidetes;c__Bacteroidia;o__Bacteroidales;f__Bacteroidaceae;g__Bacteroides;s__Bacteroides_coprophilus	0.0155102638287	-0.00328817521822	-0.0411979246693	0.0154922777737	-0.0336841721355	-2.03515033729e-05	0.0171927097164	-0.00161853272043	-0.0321329436331	0.00209022623757	0.0179522010785	-0.0400240232486	-0.025712543171	0.0124253728487	-0.0896775624952	-0.0246644960074	-0.0696287729352	-0.0289429277594	-0.0227177061087	-0.000941697281669	-0.0256032330407	-0.06923167083	-0.00400057738454	-0.0112651368315	0.0197469400931	1.0	-0.00893742691205	-0.0393028550555	0.0360743574405	0.0327025467178	0.0345736485822	0.0322027642255	-0.0353610289493	-0.032369155644	0.0346751096827	-0.0105724925538	0.0314293359957	-0.0315629953037	-0.0063053904993	0.0101111226678	-0.0162976233339	0.0121757777146	-0.013911494538	-0.0487401282364	-0.0749475647244	-0.0266090708959	-0.037051395911	-0.0158048166769	-0.0128883332003	0.00424777841382	-0.0153430363468	-0.0560633517422	0.00146808144493	0.0506882147231	0.0337473754764	0.0288031023127	0.0648144190319	0.0136034170904	-0.0142190694733
k__Bacteria;p__Firmicutes;c__Clostridia;o__Clostridiales;f__Lachnospiraceae;g__Roseburia;s__Roseburia_intestinalis	0.0263034938681	0.0044787773897	0.014222855056	-0.0328511100203	-0.0666054158575	-0.04363064413	0.0113282320198	0.0627691235092	0.0695474492866	-0.00266526111321	0.00660006511787	-0.0379684047165	-0.0264537563467	0.0303145325302	-0.0130223880613	-0.0318108074381	0.0192477770756	0.00939032003066	-0.0609460452473	-0.0298261642326	0.0013995233272	-0.0585710776475	-0.0403462044402	-0.0620282023174	-0.0758450823621	-0.00893742691205	1.0	-0.056486770532	0.00462599354742	0.0384209861245	0.00642552127477	0.0372480939845	-0.0197524899965	0.0144172175989	-0.00637467004388	-0.0452905872849	0.0148917764226	-0.0190585671715	-0.034444435771	0.0264191675513	-0.0116657679771	0.0103042987725	-0.0524736789209	-0.0502639590511	-0.0221044548318	0.00931872166286	-0.0271308802623	0.0211456523948	0.0250464456338	0.00473299545865	0.00554743330977	0.0024205396245	0.0112954238621	0.0413790677687	-0.018461639612	0.00612933021919	0.0353629823114	-0.0259238802584	0.0379477026845
k__Bacteria;p__Firmicutes;c__Clostridia;o__Clostridiales;f__Lachnospiraceae;g__Roseburia;s__Roseburia_hominis	-0.0410452297275	-0.0485500639821	-0.0300196826336	0.0410623011667	-0.00888391872066	-0.0203470081943	0.0140330025584	0.0293693457078	-0.0172036386475	-0.0168452319099	-0.047412880332	0.0576610867507	-0.00350150487396	0.0295658914352	0.0104408344199	-0.0218080540542	0.0155714538433	-0.00888846464963	-0.0237323182351	-0.00747080500994	0.0137667158094	-0.0396725609083	0.00320786184465	-0.0180082972262	-0.0117780273907	-0.0393028550555	-0.056486770532	1.0	-0.0409072550211	0.0588571386079	-0.0147290166353	0.00391302173529	-0.029923933428	0.00133951412523	-0.01486056706	0.0454116198912	0.0749073968765	-0.02135224743	0.00489356884803	-0.0378397324781	-0.000934144171827	0.00987031195202	-0.0244674167853	-0.0228689236981	-0.0836030283802	-0.0118891048097	0.0366360541869	0.0371849808787	-0.0165277604493	-0.0515173047894	0.0121040848074	-0.0151796149545	-0.116681823296	0.0200287572727	0.0240048881086	-0.0310718611974	0.0417912032861	0.00398146066725	-0.00459580337441
k__Bacteria;p__Bacteroidetes;c__Bacteroidia;o__Bacteroidales;f__Porphyromonadaceae;g__Parabacteroides;s__Parabacteroides_johnsonii	0.0506532476161	-0.0484158377446	-0.0112398251011	-0.0276259176319	0.0192298950125	0.0246161363438	-0.0144706318468	-0.00709342936025	-0.00468315380677	0.00779973259511	-0.0179817911444	-0.024057290313	-0.0131090756674	0.059622078076	0.00918163942937	-0.0195255760507	-0.0877253293941	-0.0326183544979	0.0304506071073	0.0434277376103	-0.0259394104355	-0.0336787765523	-0.0134633509419	0.0283750522725	-0.00295727245106	0.0360743574405	0.00462599354742	-0.0409072550211	1.0	-0.0207909926907	0.0289708144852	0.0115966303081	-0.0447441882289	0.0496893670594	-0.00027525603182	-0.0127097640612	0.00762342713792	-0.0420464719969	-0.0196203177506	-0.052509849717	-0.0209367114352	0.00205592462904	-0.00550985935801	0.00399683428353	-0.0126459362171	0.0297037241659	-0.0365930916669	-0.0340570578772	-0.0522578011834	0.0326256151621	0.0264310684488	0.0207556541498	0.00588078883623	-0.00493818691833	-0.00151743794751	-0.000732809608046	-0.0368797116539	-0.0406636691351	-0.0924397427028
k__Bacteria;p__Actinobacteria;c__Actinobacteria;o__Bifidobacteriales;f__Bifidobacteriaceae;g__Bifidobacterium;s__Bifidobacterium_longum	0.0017335284026	0.00422439256701	-0.0388701342032	-0.0299929762264	-0.0243982048497	0.0185571097504	-0.0281688162173	0.0130253279976	0.0437673087583	-0.0620800374256	-0.0312330942102	-0.00159480389515	-0.0071049104471	-0.0412550010127	0.0547726046693	0.0292194137467	0.0687288550086	-0.0289622514727	0.0138632968858	-0.0168863410611	0.00118439830927	-0.00930432912311	-0.0613517479996	-0.00741048507023	0.0369277047334	0.0327025467178	0.0384209861245	0.0588571386079	-0.0207909926907	1.0	-0.0166791800437	-0.0233044832404	-0.00616783072499	-0.0481424503953	-0.0206497925895	0.0275497753173	-0.0567942134116	-0.0179789157908	-0.0679119224611	0.00925343141276	0.048814827079	0.0478798615285	0.0264984000802	-0.0048363991132	-0.0147403260958	-0.0285578791008	-0.0579984900947	-0.0496022067053	-0.00213428842526	0.00969905320595	0.033154735686	-0.0237529508628	-0.0496227152854	0.0256662941744	-0.00954807149455	-0.011523113488	0.0447897524017	0.0114003768141	-0.00459663332245
