#taxonomy	k__Bacteria;p__Bacteroidetes;c__Bacteroidia;o__Bacteroidales;f__Bacteroidaceae;g__Bacteroides;s__Bacteroides_vulgatus	k__Bacteria;p__Bacteroidetes;c__Bacteroidia;o__Bacteroidales;f__Bacteroidaceae;g__Bacteroides;s__Bacteroides_uniformis	k__Bacteria;p__Bacteroidetes;c__Bacteroidia;o__Bacteroidales;f__Rikenellaceae;g__Alistipes;s__Alistipes_putredinis	k__Bacteria;p__Bacteroidetes;c__Bacteroidia;o__Bacteroidales;f__Prevotellaceae;g__Prevotella;s__Prevotella_copri	k__Bacteria;p__Bacteroidetes;c__Bacteroidia;o__Bacteroidales;f__Bacteroidaceae;g__Bacteroides;s__Bacteroides_stercoris	k__Bacteria;p__Bacteroidetes;c__Bacteroidia;o__Bacteroidales;f__Bacteroidaceae;g__Bacteroides;s__Bacteroides_ovatus	k__Bacteria;p__Bacteroidetes;c__Bacteroidia;o__Bacteroidales;f__Rikenellaceae;g__Alistipes;s__Alistipes_shahii	k__Bacteria;p__Firmicutes;c__Clostridia;o__Clostridiales;f__Ruminococcaceae;g__Faecalibacterium;s__Faecalibacterium_prausnitzii	k__Bacteria;p__Bacteroidetes;c__Bacteroidia;o__Bacteroidales;f__Rikenellaceae;g__Alistipes;s__Alistipes_finegoldii	k__Bacteria;p__Bacteroidetes;c__Bacteroidia;o__Bacteroidales;f__Porphyromonadaceae;g__Parabacteroides;s__Parabacteroides_distasonis	k__Bacteria;p__Bacteroidetes;c__Bacteroidia;o__Bacteroidales;f__Bacteroidaceae;g__Bacteroides;s__Bacteroides_thetaiotaomicron	k__Bacteria;p__Bacteroidetes;c__Bacteroidia;o__Bacteroidales;f__Bacteroidaceae;g__Bacteroides;s__Bacteroides_coprocola	k__Bacteria;p__Bacteroidetes;c__Bacteroidia;o__Bacteroidales;f__Bacteroidaceae;g__Bacteroides;s__Bacteroides_cellulosilyticus	k__Bacteria;p__Bacteroidetes;c__Bacteroidia;o__Bacteroidales;f__Rikenellaceae;g__Alistipes;s__Alistipes_obesi	k__Bacteria;p__Firmicutes;c__Clostridia;o__Clostridiales;f__Lachnospiraceae;g__;s__[Eubacterium]_rectale	k__Bacteria;p__Bacteroidetes;c__Bacteroidia;o__Bacteroidales;f__Bacteroidaceae;g__Bacteroides;s__Bacteroides_plebeius	k__Bacteria;p__Bacteroidetes;c__Bacteroidia;o__Bacteroidales;f__Bacteroidaceae;g__Bacteroides;s__Bacteroides_fragilis	k__Bacteria;p__Proteobacteria;c__Betaproteobacteria;o__Burkholderiales;f__Sutterellaceae;g__Sutterella;s__Sutterella_wadsworthensis	k__Bacteria;p__Bacteroidetes;c__Bacteroidia;o__Bacteroidales;f__Porphyromonadaceae;g__Barnesiella;s__Barnesiella_intestinihominis	k__Bacteria;p__Bacteroidetes;c__Bacteroidia;o__Bacteroidales;f__Odoribacteraceae;g__Odoribacter;s__Odoribacter_splanchnicus	k__Bacteria;p__Bacteroidetes;c__Bacteroidia;o__Bacteroidales;f__Bacteroidaceae;g__Bacteroides;s__Bacteroides_salyersiae	k__Bacteria;p__Firmicutes;c__Clostridia;o__Clostridiales;f__Ruminococcaceae;g__Ruminiclostridium;s__[Eubacterium]_siraeum	k__Bacteria;p__Proteobacteria;c__Betaproteobacteria;o__Burkholderiales;f__Sutterellaceae;g__Parasutterella;s__Parasutterella_excrementihominis	k__Bacteria;p__Actinobacteria;c__Actinobacteria;o__Bifidobacteriales;f__Bifidobacteriaceae;g__Bifidobacterium;s__Bifidobacterium_adolescentis	k__Bacteria;p__Firmicutes;c__Clostridia;o__Clostridiales;f__Oscillospiraceae;g__Oscillibacter;s__Oscillibacter_sp._KLE_1745	k__Bacteria;p__Bacteroidetes;c__Bacteroidia;o__Bacteroidales;f__Bacteroidaceae;g__Bacteroides;s__Bacteroides_coprophilus	k__Bacteria;p__Firmicutes;c__Clostridia;o__Clostridiales;f__Lachnospiraceae;g__Roseburia;s__Roseburia_intestinalis	k__Bacteria;p__Firmicutes;c__Clostridia;o__Clostridiales;f__Lachnospiraceae;g__Roseburia;s__Roseburia_hominis	k__Bacteria;p__Bacteroidetes;c__Bacteroidia;o__Bacteroidales;f__Porphyromonadaceae;g__Parabacteroides;s__Parabacteroides_johnsonii	k__Bacteria;p__Actinobacteria;c__Actinobacteria;o__Bifidobacteriales;f__Bifidobacteriaceae;g__Bifidobacterium;s__Bifidobacterium_longum	k__Bacteria;p__Firmicutes;c__Clostridia;o__Clostridiales;f__;g__Flavonifractor;s__Flavonifractor_plautii	k__Bacteria;p__Firmicutes;c__Clostridia;o__Clostridiales;f__Clostridiaceae;g__Clostridium;s__Clostridium_phoceensis	k__Bacteria;p__Verrucomicrobia;c__Verrucomicrobiae;o__Verrucomicrobiales;f__Akkermansiaceae;g__Akkermansia;s__Akkermansia_muciniphila	k__Bacteria;p__Bacteroidetes;c__Bacteroidia;o__Bacteroidales;f__Prevotellaceae;g__Paraprevotella;s__Paraprevotella_xylaniphila	k__Bacteria;p__Firmicutes;c__Clostridia;o__Clostridiales;f__Ruminococcaceae;g__Ruminococcus;s__Ruminococcus_callidus	k__Bacteria;p__Bacteroidetes;c__Bacteroidia;o__Bacteroidales;f__Rikenellaceae;g__Alistipes;s__Alistipes_senegalensis	k__Bacteria;p__Firmicutes;c__Clostridia;o__Clostridiales;f__Lachnospiraceae;g__Blautia;s__Blautia_sp._KLE_1732	k__Bacteria;p__Bacteroidetes;c__Bacteroidia;o__Bacteroidales;f__Bacteroidaceae;g__Bacteroides;s__Bacteroides_oleiciplenus	k__Bacteria;p__Firmicutes;c__Clostridia;o__Clostridiales;f__Ruminococcaceae;g__Ruminococcus;s__Ruminococcus_bicirculans	k__Bacteria;p__Bacteroidetes;c__Bacteroidia;o__Bacteroidales;f__Bacteroidaceae;g__Bacteroides;s__Bacteroides_fluxus	k__Bacteria;p__Bacteroidetes;c__Bacteroidia;o__Bacteroidales;f__Prevotellaceae;g__Prevotella;s__Prevotella_stercorea	k__Bacteria;p__Firmicutes;c__Clostridia;o__Clostridiales;f__Lachnospiraceae;g__Dorea;s__Dorea_longicatena	k__Bacteria;p__Firmicutes;c__Clostridia;o__Clostridiales;f__Eubacteriaceae;g__Eubacterium;s__[Eubacterium]_eligens	k__Bacteria;p__Firmicutes;c__Clostridia;o__Clostridiales;f__Ruminococcaceae;g__;s__Ruminococcaceae_bacterium_D16	k__Bacteria;p__Firmicutes;c__Clostridia;o__Clostridiales;f__Lachnospiraceae;g__Coprococcus;s__Coprococcus_comes	k__Bacteria;p__Proteobacteria;c__Gammaproteobacteria;o__Enterobacterales;f__Enterobacteriaceae;g__Escherichia;s__Escherichia_coli	k__Bacteria;p__Firmicutes;c__Clostridia;o__Clostridiales;f__Ruminococcaceae;g__Anaerotruncus;s__Anaerotruncus_colihominis	k__Bacteria;p__Firmicutes;c__Clostridia;o__Clostridiales;f__Lachnospiraceae;g__Blautia;s__Blautia_obeum	k__Bacteria;p__Bacteroidetes;c__Bacteroidia;o__Bacteroidales;f__Odoribacteraceae;g__Odoribacter;s__Odoribacter_laneus	k__Bacteria;p__Firmicutes;c__Clostridia;o__Clostridiales;f__Ruminococcaceae;g__Ruminiclostridium;s__[Clostridium]_leptum	k__Bacteria;p__Bacteroidetes;c__Bacteroidia;o__Bacteroidales;f__Porphyromonadaceae;g__Parabacteroides;s__Parabacteroides_goldsteinii	k__Bacteria;p__Firmicutes;c__Clostridia;o__Clostridiales;f__Lachnospiraceae;g__Anaerostipes;s__Anaerostipes_hadrus	k__Bacteria;p__Firmicutes;c__Clostridia;o__Clostridiales;f__Ruminococcaceae;g__Ruminococcus;s__Ruminococcus_lactaris	k__Bacteria;p__Firmicutes;c__Clostridia;o__Clostridiales;f__Clostridiaceae;g__Clostridium;s__Clostridium_sp._L2-50	k__Bacteria;p__Firmicutes;c__Clostridia;o__Clostridiales;f__Clostridiaceae;g__Clostridium;s__Clostridium_sp._M62/1	k__Bacteria;p__Firmicutes;c__Clostridia;o__Clostridiales;f__;g__Intestinimonas;s__Intestinimonas_butyriciproducens	k__Bacteria;p__Actinobacteria;c__Actinobacteria;o__Bifidobacteriales;f__Bifidobacteriaceae;g__Bifidobacterium;s__Bifidobacterium_bifidum	k__Bacteria;p__Firmicutes;c__Negativicutes;o__Veillonellales;f__Veillonellaceae;g__Dialister;s__Dialister_invisus	k__Bacteria;p__Bacteroidetes;c__Bacteroidia;o__Bacteroidales;f__Bacteroidaceae;g__Bacteroides;s__Bacteroides_salanitronis
k__Bacteria;p__Bacteroidetes;c__Bacteroidia;o__Bacteroidales;f__Bacteroidaceae;g__Bacteroides;s__Bacteroides_vulgatus	1.0	-0.0325675848321	-0.0206522690253	0.0161172959187	-0.0398537067229	-0.0329324082223	0.00866845396703	0.014183920905	0.0180527996618	-0.0240269456635	-0.0448195033322	-0.0273478200721	-0.0722315787612	-0.0212817009127	-0.0234760241592	-0.00186573983395	0.0368195241118	-0.0182787508526	0.0194629820499	0.019107595403	0.0292511567733	-0.00983053450282	0.0555330734774	0.0300621087584	-0.0642060894905	-0.0324308215223	0.0143313303203	-0.0237788255738	0.00381980562326	-0.00116580950928	-0.0167369382913	-0.0527634893574	-0.0848506211142	-0.0721256518756	-0.0435209538038	-0.00355033997448	0.0365848430596	-0.0728188035803	-0.00311195605444	-0.0401003514766	0.051086794407	-0.0350179750858	-0.00300557377476	-0.0389548052573	-0.0417370627928	-0.00421138270295	-0.0402232447286	0.00930295399421	0.056351747389	0.00992087329871	0.0645163874096	0.0120318869005	-0.00163060987632	-0.0602443361421	0.0144345362358	-0.0161857112355	0.0196904497929	0.06738617578	-0.0422586664575
k__Bacteria;p__Bacteroidetes;c__Bacteroidia;o__Bacteroidales;f__Bacteroidaceae;g__Bacteroides;s__Bacteroides_uniformis	-0.0325675848321	1.0	0.0336263754319	-0.037703338674	-0.0361118059461	0.035987078722	-0.0280812021122	-0.0062044259236	-0.0106698495883	0.018832752917	-0.0736283270792	-0.0714925597737	-0.0102255944086	-0.0259864566966	0.0330552874008	0.013336738838	-0.0458458356213	-0.0336994876774	-0.035365688602	-0.0619532714947	0.0343821275405	0.00300345825257	0.0354209081598	0.0296755313721	0.0184705986254	0.0571562689852	-0.0406355714166	-0.0611390963427	-0.0581926144189	0.00284960156349	-0.0390273192896	-0.0126834524163	-0.0558136348417	0.049110036616	-0.0678601468533	0.0369012540242	-0.0612784351871	-0.0274391510096	-0.0295862015108	0.0260045721352	0.044929875717	0.0137414350268	-0.00888187947455	0.0383975292487	0.0168496493237	-0.00655723397246	0.0136868014316	-0.0902026890168	0.0434466595056	0.0074784037093	-0.0525353056249	0.00276659694697	-0.0345115473462	0.0338181770442	-0.0295392264484	-0.0159280577196	0.0319094897169	0.011758078673	-0.111977592611
k__Bacteria;p__Bacteroidetes;c__Bacteroidia;o__Bacteroidales;f__Rikenellaceae;g__Alistipes;s__Alistipes_putredinis	-0.0206522690253	0.0336263754319	1.0	-0.0731974637325	-0.00887496706585	-0.0470081954505	0.00574237794429	-0.0195161022416	-0.0254689386748	-0.0191077694585	0.0294599815081	0.0170815655588	0.0123323082439	-0.00435316404057	-0.0729657841454	0.00258889838401	-0.013423028591	-0.0175916285802	0.0121588829197	-0.0393557540905	0.0626663588879	-0.0038368916064	-0.0117135729068	0.00727990286283	-0.0527439433726	-0.00886569949451	0.0212139050033	-0.00898882164766	-0.045311974593	0.0266520313217	-0.0323202161139	0.0421055039934	-0.0342396429649	-0.0502118788247	0.00451960614789	-0.0070958230222	-0.00960507341869	-0.037096802634	0.0120266977004	-0.0133657075161	0.00483872962581	0.0353651032207	-0.0428248439585	0.0353782965371	0.0200997474378	-0.0744699483122	-0.0596690989559	-0.0519591903011	0.00963075702986	0.0162327500581	-0.0226875920435	-0.0117185910064	-0.0160548805896	0.00282055566009	-0.022219658081	-0.0108167343003	0.0528221217493	-0.0397736162602	-0.0430495949764
k__Bacteria;p__Bacteroidetes;c__Bacteroidia;o__Bacteroidales;f__Prevotellaceae;g__Prevotella;s__Prevotella_copri	0.0161172959187	-0.037703338674	-0.0731974637325	1.0	0.0148282775787	0.0130938780645	-0.017533515981	0.0323647822718	0.0282014119155	-0.00945244204119	-0.0292391283852	0.0416138850996	0.0377978274185	-0.0590895464265	-0.0195532565425	0.0175300285952	-0.0245204126711	-0.0440887750654	-0.0295207426568	0.0244236562877	-0.0125234001388	-0.0528698347525	-0.0276445236688	0.0100885912859	-0.00972421013061	0.0468877495575	0.0375556309386	-0.0251498365523	0.000518535963657	-0.0119132010489	0.0322718961237	0.0338802032983	0.0540210917405	-0.0704967903275	-0.0385579802844	0.0591663373091	-0.00299068288588	0.0449040726763	-0.0506169146736	-0.0457829825105	-0.0320944432154	0.00919369125582	-0.013966349887	0.0123894113481	0.0113189624762	0.0104980509159	-0.0696800105183	-0.000343452116692	-0.0041196135955	0.00828912349029	0.0237870413453	-0.0100923966622	-0.00154405042418	0.0270069615576	-0.0323341290803	0.0121294347418	-0.0551128776753	-0.0191051297462	0.0125438916786
k__Bacteria;p__Bacteroidetes;c__Bacteroidia;o__Bacteroidales;f__Bacteroidaceae;g__Bacteroides;s__Bacteroides_stercoris	-0.0398537067229	-0.0361118059461	-0.00887496706585	0.0148282775787	1.0	0.0299576387192	-0.10466442263	0.0362155818236	-0.0200957786751	0.0372552752744	-0.0614673455135	0.0318152794234	-0.0281217421556	-0.0435522513078	0.031762809345	0.00542185026595	0.00162025244326	0.0248880813175	0.0603302084258	-0.00933861927875	-0.0796435080075	-0.0549217792159	0.000528310506664	0.0157394814746	0.0366234554408	-0.0746564133182	-0.0704181791002	0.0144356803833	0.00399771482645	0.0359353856929	-0.0745931640127	-0.0679393869055	0.0300685271894	-0.0226732264584	0.0388958527099	-0.0326755097987	0.00683227505811	-0.0248812715658	-0.0815392713932	0.0456774598428	-0.018554599674	0.0265838662452	0.00442890718944	-0.0129762274146	-0.00154717329334	0.0506160998487	-0.0135655482144	-0.00124318756035	0.0341991296714	-0.0413014512966	-0.0379621518659	0.0419141525617	-0.00233373368034	-0.0247130687068	-0.0246715036518	0.0138985294353	-0.0398644093689	-0.00491281340756	-0.0255218085752
k__Bacteria;p__Bacteroidetes;c__Bacteroidia;o__Bacteroidales;f__Bacteroidaceae;g__Bacteroides;s__Bacteroides_ovatus	-0.0329324082223	0.035987078722	-0.0470081954505	0.0130938780645	0.0299576387192	1.0	0.0287406687023	0.00207631135783	-0.0172438323139	0.013208436406	-0.0089341334057	-0.0503047124566	0.0131797653257	-0.0240522169412	0.0463764610528	0.000345395770907	-0.026694231148	0.0548799830429	-0.0942057512277	0.0214662872277	-0.0358921004678	-0.0456979312047	-0.0189996946032	-0.0151595081645	-0.00517724138873	-0.0382631651198	0.0149958695391	0.00608216248321	-0.0302295161452	-0.00588419959586	0.0354294772044	-0.0200621256399	0.0177680464281	0.0191015144216	0.0146401643567	-0.00863394156246	0.0137767189272	0.00744049277207	-0.0237535041895	0.023806256949	-0.019042699476	-0.0373685147828	-0.00341489194077	-0.0152644416578	0.0619661673203	-0.0208116784965	-0.0297591523755	-0.0208957648445	0.0184653143892	-0.0284911946842	0.0330396163888	0.0266690250743	-0.0384445487122	0.0123719470655	-0.0162898291091	-0.0489636780677	0.0418992435848	-0.00529159464591	0.00986469682112
k__Bacteria;p__Bacteroidetes;c__Bacteroidia;o__Bacteroidales;f__Rikenellaceae;g__Alistipes;s__Alistipes_shahii	0.00866845396703	-0.0280812021122	0.00574237794429	-0.017533515981	-0.10466442263	0.0287406687023	1.0	-0.00672513883231	-0.0209668379265	-0.0633134746703	-0.0369099094827	-0.00879256724304	0.0154393851726	-0.0685273382944	0.00105214513161	-0.0820368114784	-0.0143051520785	-0.00873827474558	-0.0732928431866	0.001454614541	-0.0196490824482	-0.0171619526802	-0.0553347507783	0.00353766579786	-0.0142827501156	-0.0207654780686	0.0652115827883	-0.0362383362563	0.0450569667531	-0.00756444084521	-0.0157785989114	0.0474813759278	0.0299861313867	-0.0080693153474	-0.00400853885903	0.0343500178473	-0.00202038196412	0.00403210493906	0.000181270356723	-0.0166786081328	0.0226048543812	-0.0167560177502	-0.04547208545	-0.0125263504842	-0.0327691454285	-0.0235722408321	-0.0640226867721	0.0403327953745	0.0280024765925	-0.00807199902241	-0.0360261351283	-0.0469862145641	0.0260557055327	0.00659988482704	0.0207287343128	-0.118304401014	0.0238439409832	0.011738524406	0.0501725609192
k__Bacteria;p__Firmicutes;c__Clostridia;o__Clostridiales;f__Ruminococcaceae;g__Faecalibacterium;s__Faecalibacterium_prausnitzii	0.014183920905	-0.0062044259236	-0.0195161022416	0.0323647822718	0.0362155818236	0.00207631135783	-0.00672513883231	1.0	0.0433750740169	-0.0115062456646	-0.0124431960478	0.00235983559567	0.0107220531318	-0.0223996198635	-0.0728893363805	0.00695702409853	0.0288320362939	0.0299505877362	-0.0426306921024	0.0260635933486	-0.0376774797609	-0.03538262092	-0.00384401118971	-0.028434767152	0.0508131684172	0.0162353778551	-0.0405814263449	0.0155101902405	-0.0719298829096	-0.0247112311603	0.0311725029406	0.0561849336215	-0.0199151772624	-0.0251639358468	-0.0244782507323	0.0162077531651	0.0214318088446	0.0201185290918	0.0502163011815	-0.0203411453299	1.00724549346e-05	-0.0297071014184	-0.0554035552094	-0.0387312714641	-0.0449078394445	0.0129555583315	0.0113603355976	-0.0344358909355	0.00300772840172	-0.0219653263273	-0.00862801032512	-0.0413536615253	-0.116933985417	-0.00848145665252	-0.0316133854124	-0.0334047189739	-0.0515248079915	0.0360035582983	0.000512598924378
k__Bacteria;p__Bacteroidetes;c__Bacteroidia;o__Bacteroidales;f__Rikenellaceae;g__Alistipes;s__Alistipes_finegoldii	0.0180527996618	-0.0106698495883	-0.0254689386748	0.0282014119155	-0.0200957786751	-0.0172438323139	-0.0209668379265	0.0433750740169	1.0	0.0207487062156	-0.0770517969329	-0.00209503266716	-0.0638955259	0.0449347308177	-0.00834065836695	0.0467022620402	0.0112316538967	-0.035895340546	-0.0189037577889	-0.0337313852574	0.00176838116726	0.00445605866819	-0.030577723217	-0.0116856602815	0.0177643516464	-0.0195286289587	0.0923024023146	-0.0422397399234	-0.0380699108338	-0.00165234295218	0.026666246304	-0.0245215690233	0.0108557923986	-0.054776976909	-0.0714777948118	-0.00501275173025	-0.0020373775788	-0.00842314395206	0.0238237619765	-0.0614342299982	-0.00898774092465	0.000523168567613	0.0375788337206	-0.0111264379871	0.0154798540604	-0.0372904231007	-0.0554036845947	-0.0138110414546	-0.0734860360676	0.0133749327867	0.0380651191931	-0.0328747430707	-0.0539113960068	-0.0326049441009	-0.0278939148391	-0.0053905287119	0.024052988233	-0.0159312460193	0.0616244400661
k__Bacteria;p__Bacteroidetes;c__Bacteroidia;o__Bacteroidales;f__Porphyromonadaceae;g__Parabacteroides;s__Parabacteroides_distasonis	-0.0240269456635	0.018832752917	-0.0191077694585	-0.00945244204119	0.0372552752744	0.013208436406	-0.0633134746703	-0.0115062456646	0.0207487062156	1.0	0.01314858661	-0.024800403817	-0.0424465100611	-0.00981145009652	0.0159159534739	0.000624148148897	-0.0107969531297	-0.0424664580516	-0.0674106522675	0.00664989374118	0.00108128312176	-0.000366775634471	0.0452185936961	0.0120916254027	-0.0311269846697	0.000321720665312	0.00783467654527	-0.00928690631963	-0.029614916282	-0.0431804391681	-0.0202366379685	-0.0398803672987	-0.00311711456296	0.0128896608788	-0.0285944864249	-0.00752656701643	-0.0215611670219	-0.0201439618331	-0.0346328736262	-0.0281407771378	0.00379671045449	0.0130195234727	-0.0780864944372	0.052284656675	0.0121556879092	0.00159385786854	0.0116331453861	-0.0249446075393	0.00772444798034	-0.000108574597807	-0.0217371196615	-0.0291356277042	-0.0458787986396	0.0293610578572	0.00343571865239	-0.0206636380806	0.0305181570105	-0.017016526726	-0.00476216523995
k__Bacteria;p__Bacteroidetes;c__Bacteroidia;o__Bacteroidales;f__Bacteroidaceae;g__Bacteroides;s__Bacteroides_thetaiotaomicron	-0.0448195033322	-0.0736283270792	0.0294599815081	-0.0292391283852	-0.0614673455135	-0.0089341334057	-0.0369099094827	-0.0124431960478	-0.0770517969329	0.01314858661	1.0	0.0277360877493	-0.0473351857472	0.0871123974112	-0.0421918579952	-0.00617149661312	0.0787398311478	-0.00634843618389	-0.0785062501261	-0.046434833115	0.00154236005654	0.0334371743986	-0.0184013580335	-0.0223133452844	-0.0102151791921	-0.0276544509443	-0.0402144405599	-0.00869586088354	-0.0578007442933	0.0117792107931	-0.00977304235111	0.0478405786751	0.00945264466041	-0.010649581367	0.0217921998165	-0.0268083242773	0.0193313283803	-0.0075690695288	0.00435563247569	0.017914122981	0.027313864686	0.0131171019445	-0.0481190353061	-0.00198200277848	0.0556035661561	-0.00837681181677	0.0186462971511	0.0260082187053	-0.0179488955922	0.0197011867376	0.0729541831689	-8.88718369942e-05	-0.00584313885735	-0.0258490544516	0.0292048796224	-0.009033869101	-0.0909987289425	0.0635227047634	-0.0128040714237
k__Bacteria;p__Bacteroidetes;c__Bacteroidia;o__Bacteroidales;f__Bacteroidaceae;g__Bacteroides;s__Bacteroides_coprocola	-0.0273478200721	-0.0714925597737	0.0170815655588	0.0416138850996	0.0318152794234	-0.0503047124566	-0.00879256724304	0.00235983559567	-0.00209503266716	-0.024800403817	0.0277360877493	1.0	0.0231664502244	-0.0335403161159	-0.0270819675148	0.0031354744894	-0.0415561159456	0.0347938654917	-0.0515434895978	-0.0298632116156	0.0381101961781	-0.0500402371503	-0.0488473878528	-0.00189267985713	0.0745744257099	-0.0392689819985	-0.0606898858503	-0.0299050162914	-0.0635213594102	-0.0319789434816	-0.038729876359	-0.0268838545305	-0.0252302544622	0.015398366541	-0.0129890294582	0.0148599208979	-0.0114449174351	0.0010233524021	0.0101881061975	0.00567460437114	-0.0669603819071	-0.0169224410861	0.000415598685155	-0.0202426471708	-0.0100793333039	0.0555687743943	-0.00105633599287	-0.0197513259355	0.0271402842182	0.0490309398975	0.00393481630633	-0.017167697405	0.0399227112024	0.0577677033606	0.015826147835	0.0500745257384	0.0183092228392	0.0118664577422	0.104932065494
k__Bacteria;p__Bacteroidetes;c__Bacteroidia;o__Bacteroidales;f__Bacteroidaceae;g__Bacteroides;s__Bacteroides_cellulosilyticus	-0.0722315787612	-0.0102255944086	0.0123323082439	0.0377978274185	-0.0281217421556	0.0131797653257	0.0154393851726	0.0107220531318	-0.0638955259	-0.0424465100611	-0.0473351857472	0.0231664502244	1.0	-0.0280270728027	-0.0196615584157	0.0232117420771	0.00811803536008	0.0333720118066	-0.0237785301636	-0.0174652284708	-0.027204695635	-0.0237176904281	-0.0427282274623	0.00171719639151	0.0277864738956	0.0205932145169	-0.0367642399597	-0.0203688135727	0.0479190772479	0.0084884762565	-0.0176991073843	-0.0180665738353	-0.0512390895667	-0.00256479182666	0.0151567425708	0.0108801278562	-0.0228920492663	0.0246770173001	-0.0140188565947	-0.0426685860999	-0.00110813532551	0.0506209949235	-0.0322773185884	-0.0329947957091	0.0172650843772	0.0360763439167	-0.0233177830475	-0.0102963788179	0.00563063442421	-0.00682414787638	-0.0113504974786	-0.015014169627	-0.00518613167551	0.000776437216427	-0.0624250374035	0.0257456478107	0.0330037432259	0.0104481479753	0.0269841172532
k__Bacteria;p__Bacteroidetes;c__Bacteroidia;o__Bacteroidales;f__Rikenellaceae;g__Alistipes;s__Alistipes_obesi	-0.0212817009127	-0.0259864566966	-0.00435316404057	-0.0590895464265	-0.0435522513078	-0.0240522169412	-0.0685273382944	-0.0223996198635	0.0449347308177	-0.00981145009652	0.0871123974112	-0.0335403161159	-0.0280270728027	1.0	-0.0332566881183	0.0487201328191	0.0104705763346	0.008871529714	-0.0211646824718	-0.00236828386656	0.0323965322993	-0.0424631949347	0.0412961642641	-0.0286640533405	0.00648003497529	-0.0331879770643	-0.0507091269027	2.95745280934e-05	-0.0665909134357	-0.00552204000845	-0.0586169269593	0.000357927286498	-0.0112937452958	-0.0500037900494	-0.029937709367	-0.0765582841718	-0.0294900747183	-0.0145653487582	0.00592900251613	-0.0165414942609	0.0180596073298	-0.0301168305171	-0.0149505728167	0.0455474227404	0.0402270558316	0.0294563544465	-0.006979383923	0.00918932689719	0.0185798825574	0.00657387663271	0.0324442899478	0.0353205211989	0.0276829865098	-0.060024102404	-0.00336365243773	0.04123112864	-0.0197007412602	0.0546885969499	-0.0032838857538
k__Bacteria;p__Firmicutes;c__Clostridia;o__Clostridiales;f__Lachnospiraceae;g__;s__[Eubacterium]_rectale	-0.0234760241592	0.0330552874008	-0.0729657841454	-0.0195532565425	0.031762809345	0.0463764610528	0.00105214513161	-0.0728893363805	-0.00834065836695	0.0159159534739	-0.0421918579952	-0.0270819675148	-0.0196615584157	-0.0332566881183	1.0	-0.0401662787179	-0.000522686393965	-0.043568691326	-0.0653278204591	-0.00911886519496	-0.0275304066518	0.0474918162961	-0.035993350222	-0.0192485694567	0.0186960720457	-0.0460916301072	0.00304147495265	-0.0182061771834	-0.00401425180892	0.0175297276085	0.0573166357038	-0.0623531281751	1.71119383077e-05	-0.00221706841588	0.0188054747149	0.00888614133949	-0.0246099593889	-0.0675615982419	-0.00920173911448	0.0285969081895	0.0103123154089	-0.00513840369202	-0.0491682663668	0.024996767844	-0.0132638231577	-7.74081862233e-05	0.0388856450491	-0.00204608966625	0.0334169968185	0.097418175384	0.0506525593311	-8.66747134516e-05	0.0936235983863	-0.0393686279064	0.0600470689847	-0.00749563347032	-0.0181285216809	-0.0198776419579	0.0133647660039
k__Bacteria;p__Bacteroidetes;c__Bacteroidia;o__Bacteroidales;f__Bacteroidaceae;g__Bacteroides;s__Bacteroides_plebeius	-0.00186573983395	0.013336738838	0.00258889838401	0.0175300285952	0.00542185026595	0.000345395770908	-0.0820368114784	0.00695702409853	0.0467022620402	0.000624148148897	-0.00617149661312	0.0031354744894	0.0232117420771	0.0487201328191	-0.0401662787179	1.0	-0.00270970036507	0.0302127882573	-0.0487063315995	-0.00673195736536	0.0115860345101	-0.0259175209696	0.0130472746969	-0.0194089823803	0.0120639542597	0.0174839964671	0.0279947810141	-0.000490289885514	0.0127479427366	-0.0193113480322	-0.00935152192417	0.0204440436063	-0.0484661013727	0.0636426255276	-0.0107576385874	0.0782043242076	-0.0156028165539	-0.00461024373064	-0.0593851059517	0.0229313343198	-0.042443836636	0.0280028480788	0.0150159041779	-0.0735981738525	-0.0415992088555	-0.017840886582	0.0306501821523	-0.0187971450492	-0.00453537574662	0.000331319275071	-0.077130881507	-0.0214797299125	0.0743413628397	-0.00351823638134	-0.0330898627131	-0.000236024165207	-0.0567333508148	-0.0647050939849	-0.0135432271002
k__Bacteria;p__Bacteroidetes;c__Bacteroidia;o__Bacteroidales;f__Bacteroidaceae;g__Bacteroides;s__Bacteroides_fragilis	0.0368195241118	-0.0458458356213	-0.013423028591	-0.0245204126711	0.00162025244326	-0.026694231148	-0.0143051520785	0.0288320362939	0.0112316538967	-0.0107969531297	0.0787398311478	-0.0415561159456	0.00811803536008	0.0104705763346	-0.000522686393965	-0.00270970036507	1.0	-0.0435868125965	-0.0189240758225	0.0351242674389	-0.000948069487263	0.0173146909674	0.0511379414636	0.00223760769757	0.0603829727606	-0.00781566507754	-0.0293620593825	-0.00553739865081	0.0159790482562	-0.0539621500055	-0.0377787815999	-0.0414327856698	0.0143152549766	-0.118170070216	0.0661990733213	-0.0285080631503	-0.0701014199032	-0.0159662640005	0.0170783370719	-0.0159936867728	-0.0196633402436	0.0101610653692	-0.00917401620443	0.0131519604984	-0.0358782852279	0.00718184382684	0.0185591498018	0.0135002121177	0.0252372483818	-0.0322488010634	-0.0379208076769	-0.0167705972864	0.0711699553947	-0.0119864513304	-0.0410801864169	-0.0693793772335	0.018733319213	0.0197306946643	0.00684413308332
k__Bacteria;p__Proteobacteria;c__Betaproteobacteria;o__Burkholderiales;f__Sutterellaceae;g__Sutterella;s__Sutterella_wadsworthensis	-0.0182787508526	-0.0336994876774	-0.0175916285802	-0.0440887750654	0.0248880813175	0.0548799830429	-0.00873827474558	0.0299505877362	-0.035895340546	-0.0424664580516	-0.00634843618389	0.0347938654917	0.0333720118066	0.008871529714	-0.043568691326	0.0302127882573	-0.0435868125965	1.0	0.0757291277016	-0.0273477524061	-0.0059939287371	-0.0190201299866	0.00303319738044	-0.0671846354134	-0.0436970412006	0.0759439388136	0.000752800597012	-0.00876856862578	0.050273110736	-0.0831539849783	-0.0104519894762	0.0418159704324	-0.00060971788843	-0.00135486295432	-0.00341037716363	-0.0774525273086	-0.0324115978144	0.0229744745489	0.00437197422538	-0.0275135227789	-0.0520588034634	-0.017891217229	-0.0714929359655	-0.0289783792512	-0.0361791229378	0.0129723944009	-0.00185945249342	0.0329348066582	0.0878508594689	0.0328873026715	0.00835159651967	0.0558343263281	0.0352012899166	-0.0579849970193	-0.0304794682616	-0.0294343413193	-0.0410496311708	0.0363253205062	-0.0444421650621
k__Bacteria;p__Bacteroidetes;c__Bacteroidia;o__Bacteroidales;f__Porphyromonadaceae;g__Barnesiella;s__Barnesiella_intestinihominis	0.0194629820499	-0.035365688602	0.0121588829197	-0.0295207426568	0.0603302084258	-0.0942057512277	-0.0732928431866	-0.0426306921024	-0.0189037577889	-0.0674106522675	-0.0785062501261	-0.0515434895978	-0.0237785301636	-0.0211646824718	-0.0653278204591	-0.0487063315995	-0.0189240758225	0.0757291277016	1.0	-0.0382436257069	-0.0300118282435	0.0598908785679	-0.0148379542454	-0.0887887908701	-0.0650538545431	0.0545738725606	0.00525123819848	-0.00817813042334	-0.00564184141581	0.0324210740438	-0.0446002589432	0.00560985381992	-0.0334455013957	-0.0434817974687	0.0417616002398	-0.00447066958487	0.00828496123463	0.0285086860684	0.0456575352496	-0.0057148275159	-0.0509579092535	-0.0265002898084	0.00536360146136	0.0221883283169	-0.0221676191085	0.0331675017487	0.0278427213037	-0.0471189135684	-0.020673786421	-0.0459141089236	0.0315944652695	0.0640933203906	-0.019609700526	0.00930718027325	-0.0261356586719	0.0240524696359	-0.0338523785785	0.0583104730946	0.00722825530532
k__Bacteria;p__Bacteroidetes;c__Bacteroidia;o__Bacteroidales;f__Odoribacteraceae;g__Odoribacter;s__Odoribacter_splanchnicus	0.019107595403	-0.0619532714947	-0.0393557540905	0.0244236562877	-0.00933861927875	0.0214662872277	0.001454614541	0.0260635933486	-0.0337313852574	0.00664989374118	-0.046434833115	-0.0298632116156	-0.0174652284708	-0.00236828386656	-0.00911886519496	-0.00673195736536	0.0351242674389	-0.0273477524061	-0.0382436257069	1.0	-0.020706481704	0.0359010589177	-0.0204590332299	-0.0577366516175	0.0327009044479	0.0523064485612	0.030663161904	-0.0397980949798	0.0125300151404	0.00395190790442	-0.0135470910006	0.00434841157224	0.00551489621143	-0.00328499963714	-0.00866775656396	-0.0138440107024	0.0303432603146	0.0243910466189	-0.0720602182445	-0.0590864814924	0.0295372197262	-0.0332595221245	-0.0219672524317	-0.0653640443898	-0.0125176387625	0.00958124615692	0.00242874560588	-0.0352119996223	0.0389178451304	-0.0361851178924	0.00274486352964	0.0134333786273	-0.0577135618451	-0.034365224331	0.0370827981494	-0.054197185549	-0.0250156124441	-0.00209731586863	-0.0400570512801
k__Bacteria;p__Bacteroidetes;c__Bacteroidia;o__Bacteroidales;f__Bacteroidaceae;g__Bacteroides;s__Bacteroides_salyersiae	0.0292511567733	0.0343821275405	0.0626663588879	-0.0125234001388	-0.0796435080075	-0.0358921004678	-0.0196490824482	-0.0376774797609	0.00176838116726	0.00108128312176	0.00154236005654	0.0381101961781	-0.027204695635	0.0323965322993	-0.0275304066518	0.0115860345101	-0.000948069487263	-0.0059939287371	-0.0300118282435	-0.020706481704	1.0	0.026122294391	-0.0229724646425	-0.0275451137304	0.0150531719952	-0.0347045011278	-0.0165557099233	0.0332943387531	0.00179790812983	-0.0281017881629	0.0445946693454	0.0626109661184	0.00590596006818	-0.0238359966075	-0.0113701858764	0.0414003147189	0.0160354356003	-0.0484094458028	-0.0744680918337	-0.045835151429	-0.0448295397348	-0.0612717104935	-0.0261904234539	0.00918962048508	-0.00842137465337	0.035519007348	-0.0312511281585	0.00328460716034	0.00120684739371	-0.049894270261	-0.0485497137743	0.0202691898984	0.00670974180144	0.0656861964244	-0.0642858818749	0.0417257635551	0.0278671371524	-0.0111546994013	-0.000459534212413
k__Bacteria;p__Firmicutes;c__Clostridia;o__Clostridiales;f__Ruminococcaceae;g__Ruminiclostridium;s__[Eubacterium]_siraeum	-0.00983053450282	0.00300345825257	-0.0038368916064	-0.0528698347525	-0.0549217792159	-0.0456979312047	-0.0171619526802	-0.03538262092	0.00445605866819	-0.000366775634471	0.0334371743986	-0.0500402371503	-0.0237176904281	-0.0424631949347	0.0474918162961	-0.0259175209696	0.0173146909674	-0.0190201299866	0.0598908785679	0.0359010589177	0.026122294391	1.0	0.00214315222521	-0.0586669131833	0.00605703956377	-0.0187166806878	0.0538640876016	0.0378493156594	0.0794589140905	0.0142206621671	0.00955593839309	-0.0449818740664	0.0123298081462	-0.0081924294139	0.00746475378064	-0.00666366976931	-0.0627576015655	0.0325162707555	-0.08080993736	-0.0115494420614	0.0152851255566	-0.0724701869576	-0.00529344325146	-0.00170569099105	-0.0159062443736	-0.0414971075595	-0.0426174337929	-0.0778021612091	0.0372155213203	-0.0376363053325	-0.00114110986903	-0.00951003765352	-0.0312152027419	-0.0179007063274	-0.0196861077043	0.0273424413476	-0.0385348894963	-0.00570838728967	-0.0342073360885
k__Bacteria;p__Proteobacteria;c__Betaproteobacteria;o__Burkholderiales;f__Sutterellaceae;g__Parasutterella;s__Parasutterella_excrementihominis	0.0555330734774	0.0354209081598	-0.0117135729068	-0.0276445236688	0.000528310506664	-0.0189996946032	-0.0553347507783	-0.00384401118971	-0.030577723217	0.0452185936961	-0.0184013580335	-0.0488473878528	-0.0427282274623	0.0412961642641	-0.035993350222	0.0130472746969	0.0511379414636	0.00303319738044	-0.0148379542454	-0.0204590332299	-0.0229724646425	0.00214315222521	1.0	-0.0206496690997	-0.010012378267	-0.0133658474328	0.011582257863	-0.0325004767422	-0.00292633697797	0.0225259485996	-0.011588989596	-0.0905372061251	0.00968174442497	0.0613593579966	-0.0024639158218	-0.062225068466	0.0165322960127	-0.000976774296892	0.0235276452216	-0.0216829782953	0.0310034059639	-0.0175211746066	0.000933291812983	-0.0439933893184	0.0623073913565	0.0233679935857	-0.00405164586412	-0.0775797161843	-0.0258352833556	-0.0557369972248	-0.0134946397777	-0.0599122795727	0.00114568163536	0.0271086666012	-0.0395167980655	0.0283386165745	0.0282343712927	-0.057681797231	0.058416939188
k__Bacteria;p__Actinobacteria;c__Actinobacteria;o__Bifidobacteriales;f__Bifidobacteriaceae;g__Bifidobacterium;s__Bifidobacterium_adolescentis	0.0300621087584	0.0296755313721	0.00727990286283	0.0100885912859	0.0157394814746	-0.0151595081645	0.00353766579786	-0.028434767152	-0.0116856602815	0.0120916254027	-0.0223133452844	-0.00189267985713	0.00171719639151	-0.0286640533405	-0.0192485694567	-0.0194089823803	0.00223760769757	-0.0671846354134	-0.0887887908701	-0.0577366516175	-0.0275451137304	-0.0586669131833	-0.0206496690997	1.0	-0.0731443286591	-0.0508104732077	-0.0352447893621	-0.0557315014455	0.012722129276	-0.0479884183829	-0.0046092574713	-0.0121732961956	-0.0422285102089	0.0334228030889	-0.0283856698217	0.0368131264057	-0.0267200447787	0.00878892173619	0.0371292445228	-0.00346940242608	-0.0338394146192	-0.0168697482001	-0.059909529991	0.0522648407272	-0.0129854779577	0.026599529568	-0.00279733056254	0.0505074934926	-0.0199675914478	0.026552463133	0.0913952065814	-0.0202048187369	-0.0295496820928	-0.0151464892763	-0.0433285048283	0.0354648342215	-0.0694573118588	0.0340701790348	0.0139729606509
k__Bacteria;p__Firmicutes;c__Clostridia;o__Clostridiales;f__Oscillospiraceae;g__Oscillibacter;s__Oscillibacter_sp._KLE_1745	-0.0642060894905	0.0184705986254	-0.0527439433726	-0.00972421013061	0.0366234554408	-0.00517724138873	-0.0142827501156	0.0508131684172	0.0177643516464	-0.0311269846697	-0.0102151791921	0.0745744257099	0.0277864738956	0.00648003497529	0.0186960720457	0.0120639542597	0.0603829727606	-0.0436970412006	-0.0650538545431	0.0327009044479	0.0150531719952	0.00605703956377	-0.010012378267	-0.0731443286591	1.0	-0.0221733464237	0.00799757482662	0.000503704835981	-0.043702882699	0.0624058554232	-0.0246100897989	0.0235994971286	-0.0433926713476	0.0279058888159	-0.0505410477486	-0.00161569122806	0.00520641985307	-0.015318218809	-0.0528748918146	-0.00145664087949	0.0125302714708	-0.0304893086058	-0.0249582373638	0.00584120970523	0.0132580327034	0.000787425643676	0.0147350930021	-0.000182663693408	0.00420922417567	-0.0344326181794	0.0157709678673	0.00885331073437	0.0339765406576	-0.0181062564665	-0.07370294925	-0.0725103059509	0.000180843135852	0.0215098941673	-0.0423801253609
k__Bacteria;p__Bacteroidetes;c__Bacteroidia;o__Bacteroidales;f__Bacteroidaceae;g__Bacteroides;s__Bacteroides_coprophilus	-0.0324308215223	0.0571562689852	-0.00886569949451	0.0468877495575	-0.0746564133182	-0.0382631651198	-0.0207654780686	0.0162353778551	-0.0195286289587	0.000321720665312	-0.0276544509443	-0.0392689819985	0.0205932145169	-0.0331879770643	-0.0460916301072	0.0174839964671	-0.00781566507754	0.0759439388136	0.0545738725606	0.0523064485612	-0.0347045011278	-0.0187166806878	-0.0133658474328	-0.0508104732077	-0.0221733464237	1.0	-0.0161271037304	-0.019323476971	-0.0196290344929	-0.00854715279959	-0.0230899503685	0.0193337422606	-0.00822628129344	-0.0190651998957	-0.0151072334778	0.00556596410661	0.0105633700109	-0.00170969458314	0.0169040915957	-0.00474654468394	-0.0818823566155	-0.0370491243359	0.0578691016301	0.0201083825772	0.0481926428283	0.0339248534498	-0.0213701793202	-0.0691671071931	-0.0460165218535	-0.00852981335458	-0.0172642694663	-0.0508105747054	-0.0431517172837	0.0250380905984	-0.0444583421543	-0.0493146322455	0.029665950208	0.0113917287527	-0.0181161915075
k__Bacteria;p__Firmicutes;c__Clostridia;o__Clostridiales;f__Lachnospiraceae;g__Roseburia;s__Roseburia_intestinalis	0.0143313303203	-0.0406355714166	0.0212139050033	0.0375556309386	-0.0704181791002	0.0149958695391	0.0652115827883	-0.0405814263449	0.0923024023146	0.00783467654527	-0.0402144405599	-0.0606898858503	-0.0367642399597	-0.0507091269027	0.00304147495265	0.0279947810141	-0.0293620593825	0.000752800597012	0.00525123819848	0.030663161904	-0.0165557099233	0.0538640876016	0.011582257863	-0.0352447893621	0.00799757482662	-0.0161271037304	1.0	-0.00348829670936	0.0256548429577	-0.0290014469124	-0.0172914308688	0.0133381718326	-0.00729221297925	-0.0312360555972	-0.02296148389	0.00838012687605	-0.0328169497847	0.0090942225203	-0.051963937353	-0.0117160301602	-0.0477400072007	0.0677653566354	-0.0402643593597	-0.0340314970086	0.0357521555271	-0.0390000119234	-0.0169030653101	0.0166231364092	0.0236186657566	-0.00203684234776	0.020797311792	0.0317645739757	-0.0387385593573	-0.0599462322458	-0.0489814943175	0.00656811583391	-0.0406345897236	0.0195791273462	0.0080731360929
k__Bacteria;p__Firmicutes;c__Clostridia;o__Clostridiales;f__Lachnospiraceae;g__Roseburia;s__Roseburia_hominis	-0.0237788255738	-0.0611390963427	-0.00898882164766	-0.0251498365523	0.0144356803833	0.00608216248321	-0.0362383362563	0.0155101902405	-0.0422397399234	-0.00928690631963	-0.00869586088354	-0.0299050162914	-0.0203688135727	2.95745280934e-05	-0.0182061771834	-0.000490289885514	-0.00553739865081	-0.00876856862578	-0.00817813042334	-0.0397980949798	0.0332943387531	0.0378493156594	-0.0325004767422	-0.0557315014455	0.000503704835981	-0.019323476971	-0.00348829670936	1.0	0.0258153494716	-0.0197248601284	0.0377790716055	-0.0273230924446	0.00320343355598	0.0175757763668	-0.0348362915443	-0.0444869258908	-0.00271343903751	-0.00212951960611	-0.0425152644606	-0.0345943846873	0.0314095002737	-0.0162181913335	0.0119253074818	0.0018287693602	0.0101509102924	-0.0284943393101	0.0394834369612	-0.00944121434888	0.0229906522375	-0.0231516750984	-0.0183681130006	-0.00720508754079	-0.0298761641607	-0.0867356937986	-0.0226618699765	-0.0326901851128	-0.0113482471479	-0.00183264749705	0.0215713798562
k__Bacteria;p__Bacteroidetes;c__Bacteroidia;o__Bacteroidales;f__Porphyromonadaceae;g__Parabacteroides;s__Parabacteroides_johnsonii	0.00381980562326	-0.0581926144189	-0.045311974593	0.000518535963657	0.00399771482645	-0.0302295161452	0.0450569667531	-0.0719298829096	-0.0380699108338	-0.029614916282	-0.0578007442933	-0.0635213594102	0.0479190772479	-0.0665909134357	-0.00401425180892	0.0127479427366	0.0159790482562	0.050273110736	-0.00564184141581	0.0125300151404	0.00179790812983	0.0794589140905	-0.00292633697797	0.012722129276	-0.043702882699	-0.0196290344929	0.0256548429577	0.0258153494716	1.0	-0.0193820807258	-0.0269516728073	-0.0845742365322	-0.0483964927458	0.00395935416655	0.00387233258797	-0.0382588656791	-0.00238118128761	-0.0309212942879	0.0251488307564	-0.0208365581611	-0.0287706446153	0.0391699010903	0.0181334651416	-0.0014040925889	-0.0152566345583	-0.0470251064422	0.00331231431391	0.0307859156664	-0.027820200284	0.0101715870976	0.00588816003623	0.000448759677655	-0.0611981162226	-0.0153724768847	-0.0211233271661	0.040511787846	-0.000252338302899	0.0221587929765	0.00925486162501
k__Bacteria;p__Actinobacteria;c__Actinobacteria;o__Bifidobacteriales;f__Bifidobacteriaceae;g__Bifidobacterium;s__Bifidobacterium_longum	-0.00116580950928	0.00284960156349	0.0266520313217	-0.0119132010489	0.0359353856929	-0.00588419959586	-0.00756444084521	-0.0247112311603	-0.00165234295218	-0.0431804391681	0.0117792107931	-0.0319789434816	0.0084884762565	-0.00552204000845	0.0175297276085	-0.0193113480322	-0.0539621500055	-0.0831539849783	0.0324210740438	0.00395190790442	-0.0281017881629	0.0142206621671	0.0225259485996	-0.0479884183829	0.0624058554232	-0.00854715279959	-0.0290014469124	-0.0197248601284	-0.0193820807258	1.0	-0.0361162032134	0.0415316072118	0.00216975052174	0.0298468242575	0.0282251364439	-0.0584253944447	-0.0151397330202	-0.0588043394191	0.0756363563397	-0.023004432513	-0.0342808923392	-0.0433469606035	-0.00542970940068	0.0138313274609	-0.0410379856129	-0.0094009070498	0.0336708631301	-0.0837035956578	-0.023298510454	0.0330852795038	0.0430010471293	0.0310628893131	0.0154468593359	-0.0774185655936	0.0406055848572	0.00727674438986	-0.0735372440859	-0.0309720466017	-0.031583370057
