#taxonomy	k__Bacteria;p__Bacteroidetes;c__Bacteroidia;o__Bacteroidales;f__Bacteroidaceae;g__Bacteroides;s__Bacteroides_vulgatus	k__Bacteria;p__Bacteroidetes;c__Bacteroidia;o__Bacteroidales;f__Bacteroidaceae;g__Bacteroides;s__Bacteroides_uniformis	k__Bacteria;p__Bacteroidetes;c__Bacteroidia;o__Bacteroidales;f__Rikenellaceae;g__Alistipes;s__Alistipes_putredinis	k__Bacteria;p__Bacteroidetes;c__Bacteroidia;o__Bacteroidales;f__Prevotellaceae;g__Prevotella;s__Prevotella_copri	k__Bacteria;p__Bacteroidetes;c__Bacteroidia;o__Bacteroidales;f__Bacteroidaceae;g__Bacteroides;s__Bacteroides_stercoris	k__Bacteria;p__Bacteroidetes;c__Bacteroidia;o__Bacteroidales;f__Bacteroidaceae;g__Bacteroides;s__Bacteroides_ovatus	k__Bacteria;p__Bacteroidetes;c__Bacteroidia;o__Bacteroidales;f__Rikenellaceae;g__Alistipes;s__Alistipes_shahii	k__Bacteria;p__Firmicutes;c__Clostridia;o__Clostridiales;f__Ruminococcaceae;g__Faecalibacterium;s__Faecalibacterium_prausnitzii	k__Bacteria;p__Bacteroidetes;c__Bacteroidia;o__Bacteroidales;f__Rikenellaceae;g__Alistipes;s__Alistipes_finegoldii	k__Bacteria;p__Bacteroidetes;c__Bacteroidia;o__Bacteroidales;f__Porphyromonadaceae;g__Parabacteroides;s__Parabacteroides_distasonis	k__Bacteria;p__Bacteroidetes;c__Bacteroidia;o__Bacteroidales;f__Bacteroidaceae;g__Bacteroides;s__Bacteroides_thetaiotaomicron	k__Bacteria;p__Bacteroidetes;c__Bacteroidia;o__Bacteroidales;f__Bacteroidaceae;g__Bacteroides;s__Bacteroides_coprocola	k__Bacteria;p__Bacteroidetes;c__Bacteroidia;o__Bacteroidales;f__Bacteroidaceae;g__Bacteroides;s__Bacteroides_cellulosilyticus	k__Bacteria;p__Bacteroidetes;c__Bacteroidia;o__Bacteroidales;f__Rikenellaceae;g__Alistipes;s__Alistipes_obesi	k__Bacteria;p__Firmicutes;c__Clostridia;o__Clostridiales;f__Lachnospiraceae;g__;s__[Eubacterium]_rectale	k__Bacteria;p__Bacteroidetes;c__Bacteroidia;o__Bacteroidales;f__Bacteroidaceae;g__Bacteroides;s__Bacteroides_plebeius	k__Bacteria;p__Bacteroidetes;c__Bacteroidia;o__Bacteroidales;f__Bacteroidaceae;g__Bacteroides;s__Bacteroides_fragilis	k__Bacteria;p__Proteobacteria;c__Betaproteobacteria;o__Burkholderiales;f__Sutterellaceae;g__Sutterella;s__Sutterella_wadsworthensis	k__Bacteria;p__Bacteroidetes;c__Bacteroidia;o__Bacteroidales;f__Porphyromonadaceae;g__Barnesiella;s__Barnesiella_intestinihominis	k__Bacteria;p__Bacteroidetes;c__Bacteroidia;o__Bacteroidales;f__Odoribacteraceae;g__Odoribacter;s__Odoribacter_splanchnicus	k__Bacteria;p__Bacteroidetes;c__Bacteroidia;o__Bacteroidales;f__Bacteroidaceae;g__Bacteroides;s__Bacteroides_salyersiae	k__Bacteria;p__Firmicutes;c__Clostridia;o__Clostridiales;f__Ruminococcaceae;g__Ruminiclostridium;s__[Eubacterium]_siraeum	k__Bacteria;p__Proteobacteria;c__Betaproteobacteria;o__Burkholderiales;f__Sutterellaceae;g__Parasutterella;s__Parasutterella_excrementihominis	k__Bacteria;p__Actinobacteria;c__Actinobacteria;o__Bifidobacteriales;f__Bifidobacteriaceae;g__Bifidobacterium;s__Bifidobacterium_adolescentis	k__Bacteria;p__Firmicutes;c__Clostridia;o__Clostridiales;f__Oscillospiraceae;g__Oscillibacter;s__Oscillibacter_sp._KLE_1745	k__Bacteria;p__Bacteroidetes;c__Bacteroidia;o__Bacteroidales;f__Bacteroidaceae;g__Bacteroides;s__Bacteroides_coprophilus	k__Bacteria;p__Firmicutes;c__Clostridia;o__Clostridiales;f__Lachnospiraceae;g__Roseburia;s__Roseburia_intestinalis	k__Bacteria;p__Firmicutes;c__Clostridia;o__Clostridiales;f__Lachnospiraceae;g__Roseburia;s__Roseburia_hominis	k__Bacteria;p__Bacteroidetes;c__Bacteroidia;o__Bacteroidales;f__Porphyromonadaceae;g__Parabacteroides;s__Parabacteroides_johnsonii	k__Bacteria;p__Actinobacteria;c__Actinobacteria;o__Bifidobacteriales;f__Bifidobacteriaceae;g__Bifidobacterium;s__Bifidobacterium_longum	k__Bacteria;p__Firmicutes;c__Clostridia;o__Clostridiales;f__;g__Flavonifractor;s__Flavonifractor_plautii	k__Bacteria;p__Firmicutes;c__Clostridia;o__Clostridiales;f__Clostridiaceae;g__Clostridium;s__Clostridium_phoceensis	k__Bacteria;p__Verrucomicrobia;c__Verrucomicrobiae;o__Verrucomicrobiales;f__Akkermansiaceae;g__Akkermansia;s__Akkermansia_muciniphila	k__Bacteria;p__Bacteroidetes;c__Bacteroidia;o__Bacteroidales;f__Prevotellaceae;g__Paraprevotella;s__Paraprevotella_xylaniphila	k__Bacteria;p__Firmicutes;c__Clostridia;o__Clostridiales;f__Ruminococcaceae;g__Ruminococcus;s__Ruminococcus_callidus	k__Bacteria;p__Bacteroidetes;c__Bacteroidia;o__Bacteroidales;f__Rikenellaceae;g__Alistipes;s__Alistipes_senegalensis	k__Bacteria;p__Firmicutes;c__Clostridia;o__Clostridiales;f__Lachnospiraceae;g__Blautia;s__Blautia_sp._KLE_1732	k__Bacteria;p__Bacteroidetes;c__Bacteroidia;o__Bacteroidales;f__Bacteroidaceae;g__Bacteroides;s__Bacteroides_oleiciplenus	k__Bacteria;p__Firmicutes;c__Clostridia;o__Clostridiales;f__Ruminococcaceae;g__Ruminococcus;s__Ruminococcus_bicirculans	k__Bacteria;p__Bacteroidetes;c__Bacteroidia;o__Bacteroidales;f__Bacteroidaceae;g__Bacteroides;s__Bacteroides_fluxus	k__Bacteria;p__Bacteroidetes;c__Bacteroidia;o__Bacteroidales;f__Prevotellaceae;g__Prevotella;s__Prevotella_stercorea	k__Bacteria;p__Firmicutes;c__Clostridia;o__Clostridiales;f__Lachnospiraceae;g__Dorea;s__Dorea_longicatena	k__Bacteria;p__Firmicutes;c__Clostridia;o__Clostridiales;f__Eubacteriaceae;g__Eubacterium;s__[Eubacterium]_eligens	k__Bacteria;p__Firmicutes;c__Clostridia;o__Clostridiales;f__Ruminococcaceae;g__;s__Ruminococcaceae_bacterium_D16	k__Bacteria;p__Firmicutes;c__Clostridia;o__Clostridiales;f__Lachnospiraceae;g__Coprococcus;s__Coprococcus_comes	k__Bacteria;p__Proteobacteria;c__Gammaproteobacteria;o__Enterobacterales;f__Enterobacteriaceae;g__Escherichia;s__Escherichia_coli	k__Bacteria;p__Firmicutes;c__Clostridia;o__Clostridiales;f__Ruminococcaceae;g__Anaerotruncus;s__Anaerotruncus_colihominis	k__Bacteria;p__Firmicutes;c__Clostridia;o__Clostridiales;f__Lachnospiraceae;g__Blautia;s__Blautia_obeum	k__Bacteria;p__Bacteroidetes;c__Bacteroidia;o__Bacteroidales;f__Odoribacteraceae;g__Odoribacter;s__Odoribacter_laneus	k__Bacteria;p__Firmicutes;c__Clostridia;o__Clostridiales;f__Ruminococcaceae;g__Ruminiclostridium;s__[Clostridium]_leptum	k__Bacteria;p__Bacteroidetes;c__Bacteroidia;o__Bacteroidales;f__Porphyromonadaceae;g__Parabacteroides;s__Parabacteroides_goldsteinii	k__Bacteria;p__Firmicutes;c__Clostridia;o__Clostridiales;f__Lachnospiraceae;g__Anaerostipes;s__Anaerostipes_hadrus	k__Bacteria;p__Firmicutes;c__Clostridia;o__Clostridiales;f__Ruminococcaceae;g__Ruminococcus;s__Ruminococcus_lactaris	k__Bacteria;p__Firmicutes;c__Clostridia;o__Clostridiales;f__Clostridiaceae;g__Clostridium;s__Clostridium_sp._L2-50	k__Bacteria;p__Firmicutes;c__Clostridia;o__Clostridiales;f__Clostridiaceae;g__Clostridium;s__Clostridium_sp._M62/1	k__Bacteria;p__Firmicutes;c__Clostridia;o__Clostridiales;f__;g__Intestinimonas;s__Intestinimonas_butyriciproducens	k__Bacteria;p__Actinobacteria;c__Actinobacteria;o__Bifidobacteriales;f__Bifidobacteriaceae;g__Bifidobacterium;s__Bifidobacterium_bifidum	k__Bacteria;p__Firmicutes;c__Negativicutes;o__Veillonellales;f__Veillonellaceae;g__Dialister;s__Dialister_invisus	k__Bacteria;p__Bacteroidetes;c__Bacteroidia;o__Bacteroidales;f__Bacteroidaceae;g__Bacteroides;s__Bacteroides_salanitronis
k__Bacteria;p__Bacteroidetes;c__Bacteroidia;o__Bacteroidales;f__Bacteroidaceae;g__Bacteroides;s__Bacteroides_vulgatus	1.0	0.00178071729979	-0.0470504365698	-0.00642207746084	-0.030792076902	-0.0398378557207	0.0300839670189	0.0271957709383	-0.0421031198855	-0.0472292106421	-0.0185562284321	0.0251011095314	0.00984834048322	-0.0109143915508	0.0159000824973	-0.0165222827241	-0.0517533457835	-0.0174906980117	-0.00863809608017	-0.00923273331038	0.00976477784522	0.0490215033048	-0.0384523323752	-0.026731832505	-0.0140022744804	0.0595359114264	0.00876695552628	0.028321505726	-0.0128916579388	-0.00831550641016	0.0351557237303	-0.0200730627328	-0.0372488910726	-0.0899028828502	0.0336218533435	0.00152017935282	-0.0763808732568	-0.00728276231848	0.00646059838473	-0.0448594476037	-0.0362170389058	-0.0640501212915	0.00826484101228	-0.0595029556785	0.0203667065637	0.0443411397218	-0.0224022687457	0.0124625353738	-0.00321870719111	0.0553387651556	-0.00398579018999	-0.0188688397666	0.034084684953	-0.00756666950535	-0.0114596827868	-0.0366164776893	0.0271026932924	-0.0258168027387	0.0519783955079
k__Bacteria;p__Bacteroidetes;c__Bacteroidia;o__Bacteroidales;f__Bacteroidaceae;g__Bacteroides;s__Bacteroides_uniformis	0.00178071729979	1.0	-0.0175699549804	-0.0236039546874	-0.00176584366664	-0.00264629167638	0.0347970310321	0.0461642976357	-0.0117623535293	0.0148808932957	-0.00289400514112	-0.015470222829	-0.114431290049	0.00522814116444	-0.0112848785643	0.0577531657925	-0.0617190035939	-0.0270302389048	0.00233571197493	0.0365616109178	-0.00878300195859	-0.0437993915287	0.061128796627	0.0209364083755	-0.0465169506227	-0.010904755661	0.0301330141514	-0.0733084225168	-0.00319588045531	-0.0206327906264	0.011321968603	0.0169801730294	-0.0116611069276	-0.0210900244282	-7.90180163306e-05	0.0382780242931	0.00334431884505	-0.00160722686567	-0.0067326042425	-0.00159998782151	0.000445052868111	-0.0395787088733	0.023230417918	-0.0563214444734	-0.00144087502655	-0.00980148899278	-0.0136296363808	0.035900030536	-0.00539631320404	-0.0415400527186	-0.0321305154489	-0.00988708502017	-0.0433844670547	0.0108714176444	0.0305911776622	-0.00866729278651	-0.0202852316135	-0.0913258689222	-0.00172684829124
k__Bacteria;p__Bacteroidetes;c__Bacteroidia;o__Bacteroidales;f__Rikenellaceae;g__Alistipes;s__Alistipes_putredinis	-0.0470504365698	-0.0175699549804	1.0	0.00411291956717	-0.00631793638917	0.0168260704208	-0.0206947032661	0.0575795751647	0.00708888076674	-0.000353095901889	0.00563097921168	0.0255484235792	-0.00964413565076	-0.062405511198	-0.0267067806612	-0.0273809750957	0.03589781853	-0.00392103883029	-0.0246871064971	-0.0198994744209	-0.0310621238248	-0.0416618435712	-0.0267232413907	-0.0438680200201	-0.0278585191245	0.0206788602152	-0.0208653074766	0.00801279195191	-0.0475327488091	-0.0884517444606	-0.050006744226	-0.0091860180295	0.0223911302848	0.0139067774697	-0.0724032019521	-0.0247560158106	-0.0166424070329	0.0412741207847	0.0172592950114	-0.0161946378887	-0.040511222523	-0.0207993209438	-0.0106010462257	0.0176785314314	-0.00875445121207	0.00598745881939	0.01200818792	0.04557093259	0.0489144720424	-0.0495017363034	-0.0489163824028	0.0453914696336	0.0298527062367	-0.0161144107516	-0.0941180360057	-0.0022958045803	0.0237927515251	0.0120148300632	0.000225822046946
k__Bacteria;p__Bacteroidetes;c__Bacteroidia;o__Bacteroidales;f__Prevotellaceae;g__Prevotella;s__Prevotella_copri	-0.00642207746084	-0.0236039546874	0.00411291956717	1.0	0.0443457031445	0.0238860965824	0.0480290406556	-0.0240630321666	-0.0499841725572	0.0054978934099	-0.0169469835423	-0.0232707835411	-0.0993164833114	0.0594791438958	-0.0442196713981	-0.0396979806729	-0.0216922254627	-0.0157763349601	-0.030455925624	0.00838755982511	0.0137027330373	0.0105947851138	0.0509929193996	0.036220090323	-0.000850004553947	0.000565335994023	0.0148259861744	-0.0182076566876	0.0129153369902	0.00160771187275	-0.0529785797245	0.0155922566668	0.0371047036189	-0.0198145069394	-0.0396695893487	-0.0715496575982	0.00486404661137	-0.0439472247731	-0.00442341625473	-0.0239103585215	0.0208581927633	-0.00255219920126	-0.024146478673	0.0350006673295	-0.0610769913597	0.025301130853	-0.0356288937729	0.0114370561088	0.0703380765061	-0.0343985076168	-0.0192280647279	-0.013270133907	0.0275388450394	0.0109033792162	-0.0209177777219	0.0273030284178	-0.0790506618782	0.0383398345317	-0.0311879893273
k__Bacteria;p__Bacteroidetes;c__Bacteroidia;o__Bacteroidales;f__Bacteroidaceae;g__Bacteroides;s__Bacteroides_stercoris	-0.030792076902	-0.00176584366664	-0.00631793638917	0.0443457031445	1.0	-0.0142520536389	0.011945211574	-0.0244757035308	0.010358494547	-0.0317869218849	-0.000524070802298	-8.12512582248e-05	-0.00621269700246	0.0172187656881	-0.0106378907865	-0.0335031304264	-0.0469432405755	-0.0655611073503	0.0238918557017	0.0466742580936	-0.0501364685247	-0.0203127721015	-0.0397249349875	-0.00169040090474	-0.0203109051812	-0.0024385300526	0.0388369787399	-0.0688390156547	-0.0095635579352	-0.0331978285678	0.0198104868589	0.00883402631861	0.0318870354443	-0.00247175230565	0.0628431354681	0.000455594690378	-0.00967433248674	0.034135335792	0.114199315386	-8.06543945097e-06	0.030375226591	0.0203335719738	0.011156212891	0.00590360335516	-0.0128172231573	-0.0203382262062	-0.0479007756748	0.0637625602354	0.0321197885397	-0.0857234696681	0.00398737378382	-0.039457385032	-0.0242817899654	0.0309537349555	-0.0149055530006	0.0634030141718	-0.0214116502268	-0.0395751177843	-0.0687753238943
k__Bacteria;p__Bacteroidetes;c__Bacteroidia;o__Bacteroidales;f__Bacteroidaceae;g__Bacteroides;s__Bacteroides_ovatus	-0.0398378557207	-0.00264629167638	0.0168260704208	0.0238860965824	-0.0142520536389	1.0	0.012735091312	0.00472764594658	0.0171098571111	0.0154505500609	-0.0166187986639	0.0152424159679	-0.027199105106	-0.0419074716643	-0.0148455377392	-0.00377893055816	0.0129877393631	-0.0116953289478	0.0191069537199	-0.0510231433638	0.0434355808361	0.0167261246541	-0.045925801171	0.049443583446	-0.0218475248441	-0.0601790934721	-0.0267555925395	0.0100592578316	0.0213992965724	0.0434905686091	-0.00755803873347	-0.00239798638993	-0.0046964485761	-0.0668973094861	-0.0242206841865	0.0181548191294	0.0142218615747	-0.000584699032222	-0.000533596284566	-0.0182268366402	-0.00014231110783	0.0650678449462	-0.00750388616942	-0.0212368630828	-0.0337832262742	-0.0321395556548	-0.0421391270279	-0.0347447799819	-0.0760937948381	-0.0165817082819	0.0143305081367	0.000860742120282	-0.0120516939782	0.0211563792568	0.0172279102685	-0.0523955475205	-0.00424341994733	-0.00231705109085	-0.00919542621245
k__Bacteria;p__Bacteroidetes;c__Bacteroidia;o__Bacteroidales;f__Rikenellaceae;g__Alistipes;s__Alistipes_shahii	0.0300839670189	0.0347970310321	-0.0206947032661	0.0480290406556	0.011945211574	0.012735091312	1.0	-0.0115744971132	0.0180137941342	-0.0483641767411	-0.0388907386807	-0.0445076062267	0.0170773160411	0.0124385548476	0.0226078705076	0.0195282356238	-0.0320034676087	-0.0237918660681	-0.00798538134968	0.00114486220365	-0.0218839489117	0.0153208913567	0.0231263891105	-0.0618450349384	-0.0104245702018	-0.0261046982517	0.0561203117801	-0.0330408741651	0.00554879033743	-0.0581294450264	-0.0149378392253	-0.0173859873131	0.0108390420254	-0.0765754523378	0.0144240381917	0.0121384935188	0.00351999164407	-0.0585247854467	-0.079249295063	0.0179096965188	-0.0645378654644	0.0385558444673	-0.0050350927548	0.0552937144829	-0.0211232251732	-0.0298028915238	0.0184905063425	0.0702693287356	0.0268565125389	0.0291236613627	0.0065971637028	-0.055273568459	0.0218874601683	-0.0552837601938	-0.0229757091286	0.00172198554515	-0.0244157400766	-0.041959970264	0.0269872370961
k__Bacteria;p__Firmicutes;c__Clostridia;o__Clostridiales;f__Ruminococcaceae;g__Faecalibacterium;s__Faecalibacterium_prausnitzii	0.0271957709383	0.0461642976357	0.0575795751647	-0.0240630321666	-0.0244757035308	0.00472764594658	-0.0115744971132	1.0	-0.0188545917948	0.0248639956866	-0.0571136509269	-0.0417890688062	-0.0716318328439	-0.00629425209955	-0.0129326609038	0.025673086588	-0.0235418579573	0.00151636270656	0.0288549246424	-0.0471112900855	-0.051591795531	-0.00324858164889	0.00957496790121	0.0116757621667	0.0289355998231	-0.0698610858856	0.006724113732	0.0850408594532	-0.00233433101606	-0.00139858740253	-0.0120462598355	0.0142260744836	0.0317020028013	0.0281547306249	-0.0563987754113	-0.0414341113932	0.0283651417692	-0.0426601616148	-0.0152253623592	-0.0146061839826	0.0856581499042	-0.0557561266072	-0.0358117614477	-0.000897250474838	-0.0139174339392	0.0471055447671	-0.013554012664	-0.0266835524626	0.00650432439631	0.0247352426381	-0.0144602592623	0.00063939381975	-0.023840180979	-0.0119754291529	0.083349356853	-0.00518049648922	0.00441776721167	-0.0461513526253	0.0466385764042
k__Bacteria;p__Bacteroidetes;c__Bacteroidia;o__Bacteroidales;f__Rikenellaceae;g__Alistipes;s__Alistipes_finegoldii	-0.0421031198855	-0.0117623535293	0.00708888076674	-0.0499841725572	0.010358494547	0.0171098571111	0.0180137941342	-0.0188545917948	1.0	-0.0248665315398	0.0148872578168	0.0193247970239	0.0768433208549	-0.0239490898918	0.00689697713527	-0.0282654294662	-0.017481142155	-0.0220632363146	-0.0332729371325	0.00533315953464	-0.0344632330144	-0.0279553505938	0.0149616189901	0.0316966133291	-0.0443966792845	0.0173967176585	-0.0380946809339	-0.0950106819477	0.0158275948612	0.0492907717201	0.00729190919221	0.0451467600417	-0.0165178974168	-0.0696726426166	0.0456798754346	0.0418934425183	0.0158838067823	-0.0175167122659	-0.0372897649488	0.0183081767798	-0.0402493347797	-0.019659131307	-0.0697189376511	-0.026612218489	0.000294279363959	0.0143153280284	-0.00972856001464	0.015532052713	0.0277495587898	0.0436356600577	0.0172703926647	0.00038522969241	0.0181283305761	-0.0204244164495	-0.0225466851206	0.0127860263054	-0.00453815037325	0.00778542246251	0.0276628847187
k__Bacteria;p__Bacteroidetes;c__Bacteroidia;o__Bacteroidales;f__Porphyromonadaceae;g__Parabacteroides;s__Parabacteroides_distasonis	-0.0472292106421	0.0148808932957	-0.000353095901889	0.0054978934099	-0.0317869218849	0.0154505500609	-0.0483641767411	0.0248639956866	-0.0248665315398	1.0	-0.06143479199	0.0224697488028	-0.00945323086716	-0.00880514739325	0.00711508192767	0.0107222098846	-0.0263770105479	0.00590232304715	0.0315816077521	-0.0359254583066	-0.000344382207069	-0.0291799440228	0.0621623970851	0.0268745156136	-0.0626937651724	-0.0127257715968	-0.0227580211752	0.0411856602423	-0.0154555576214	-0.0147617738848	-0.0266959595584	-0.0204073935472	-0.00648186526014	-0.0207339646677	0.00524379728668	-0.0550994732302	0.0318435391849	0.0190018012441	-0.0288125478105	0.0137550940306	-0.00834079799262	-0.00255927021276	-0.0509395956205	-0.0106796842267	0.0617382168842	-0.0375278030779	0.0185128413097	-0.0139969610592	-0.0309791179117	-0.0553079271608	0.0389540993379	-0.0246448016716	0.0335651586652	0.0177140972635	-0.0144184286785	0.00762040392347	0.0884942629633	-0.00692014679123	0.0297099003307
k__Bacteria;p__Bacteroidetes;c__Bacteroidia;o__Bacteroidales;f__Bacteroidaceae;g__Bacteroides;s__Bacteroides_thetaiotaomicron	-0.0185562284321	-0.00289400514112	0.00563097921168	-0.0169469835423	-0.000524070802298	-0.0166187986639	-0.0388907386807	-0.0571136509269	0.0148872578168	-0.06143479199	1.0	-0.0395771693781	-0.0707676363901	-0.0172552378614	-0.0519410627427	-0.0207825672902	-0.03257094421	-0.0559060493962	0.00730862705837	-0.023223784897	-0.00436647690599	0.00782860607297	-0.0353101623691	-0.00748576309404	0.0516495877918	-0.0950733916618	-0.0160031304414	0.00431739382909	-0.0422388532094	-0.0156044224235	-0.000213452696022	0.0141774905834	0.0568021410046	0.0133656865629	-0.00971009619529	-0.015515184007	-0.0328232947575	0.0515826562341	-0.00359860476672	0.0290184615221	-0.0236154181935	0.00304892980044	0.0197382025347	-0.0430706530691	-0.0139200591708	-0.0229889179677	0.00162527925214	-0.0344076793413	0.0438270156968	0.00500735948359	-0.0141311395177	0.0122360418456	-0.0304858792365	0.0526679509774	0.00964148920375	0.0324809572994	-0.0271429461526	-0.0168077155866	0.00549250052739
k__Bacteria;p__Bacteroidetes;c__Bacteroidia;o__Bacteroidales;f__Bacteroidaceae;g__Bacteroides;s__Bacteroides_coprocola	0.0251011095314	-0.015470222829	0.0255484235792	-0.0232707835411	-8.12512582248e-05	0.0152424159679	-0.0445076062267	-0.0417890688062	0.0193247970239	0.0224697488028	-0.0395771693781	1.0	0.0163306457693	-0.00065338411177	0.0192725712552	0.0262859354729	-0.0669395093828	0.00903749035267	-0.0364884573816	0.0421128332231	-0.0302968438647	-0.0295520468344	0.00737159882591	-0.0149290529184	-0.0148164732873	-0.0611713060519	-0.00402111300894	-0.0160624825052	0.0145152237033	-0.0382742585039	0.0183991799246	0.0528326233139	-0.0413464914214	0.00432846958973	-0.00540053349415	0.0157517528481	0.0261168395981	0.0299183393521	0.0394710940484	-0.0350300768329	-0.0117551536108	0.0293900077079	0.0262694435844	0.00834519356967	0.00643704791449	0.0136934698838	-0.0469960980129	-0.00225562335937	-0.0260657770315	0.00179765752988	-0.0141107508452	0.0495648457693	-0.0135246168471	-0.0562600050502	-0.0383084759685	-0.0432259800303	0.0190397173147	-0.0449827675496	0.00579685492239
k__Bacteria;p__Bacteroidetes;c__Bacteroidia;o__Bacteroidales;f__Bacteroidaceae;g__Bacteroides;s__Bacteroides_cellulosilyticus	0.00984834048322	-0.114431290049	-0.00964413565076	-0.0993164833114	-0.00621269700246	-0.027199105106	0.0170773160411	-0.0716318328439	0.0768433208549	-0.00945323086716	-0.0707676363901	0.0163306457693	1.0	-0.0685933588968	0.00923671144462	0.00913119869844	0.00609287605643	0.0205525011381	-0.0467894776379	0.0602361029506	0.00489843521261	-0.0676903517261	-0.0146072319967	-0.0393777947045	-0.0202136500207	0.0281812186755	0.0181785181308	0.00803123833827	0.0476300395141	0.0543316592694	0.0214498363681	-0.0530693318421	-0.0304142192862	0.00621526316827	0.0186061319873	0.00949319405865	-0.0932346883605	-0.00693348123145	0.0418163752834	-0.0587671584424	-0.00988633001755	-0.0201230044624	0.0304495337729	-0.00584214936016	0.0014049879085	0.0117861227926	0.0183716530394	0.00995085753998	-0.019763819366	-0.00586068896557	-0.0305413910505	-0.0415822169619	-0.0167290026094	-0.0177390691229	-0.0116984972656	-0.0732503748455	0.00484595798589	0.0650282587931	0.0150911499081
k__Bacteria;p__Bacteroidetes;c__Bacteroidia;o__Bacteroidales;f__Rikenellaceae;g__Alistipes;s__Alistipes_obesi	-0.0109143915508	0.00522814116444	-0.062405511198	0.0594791438958	0.0172187656881	-0.0419074716643	0.0124385548476	-0.00629425209955	-0.0239490898918	-0.00880514739325	-0.0172552378614	-0.00065338411177	-0.0685933588968	1.0	-0.0107948389954	0.00590521736736	-0.0114519353774	0.056153150476	0.0261862304092	0.00100660559921	0.0207095900227	0.00793656942164	0.0216077810653	0.0249997272915	-0.0489437052847	0.0130083654686	-0.0253774954446	-0.0226428580093	-0.0238991178002	-0.0385263119503	0.00630013426772	0.0224586555485	0.0135187415507	0.00998490666736	-0.0363120901889	-0.0632188478978	0.0666345475263	0.0639755521296	-0.0218861257103	-0.00967580387201	0.00740379115356	-0.00919652509588	-0.0234775498136	-0.0160753347307	-0.0325509098256	0.0403410492169	0.00901493302185	-0.0102833992797	-0.0121768065441	0.0570527328847	0.01755582299	0.015585030669	0.02319438541	0.0230813366337	0.0581847685566	-0.0390808790419	-0.0370136858436	-0.0444193830471	-0.00812900653955
k__Bacteria;p__Firmicutes;c__Clostridia;o__Clostridiales;f__Lachnospiraceae;g__;s__[Eubacterium]_rectale	0.0159000824973	-0.0112848785643	-0.0267067806612	-0.0442196713981	-0.0106378907865	-0.0148455377392	0.0226078705076	-0.0129326609038	0.00689697713527	0.00711508192767	-0.0519410627427	0.0192725712552	0.00923671144462	-0.0107948389954	1.0	-0.0101725143905	-0.0409209682767	-0.0088035886311	-0.0161745305298	0.00415785439072	-0.0351487342358	-0.0108790737354	0.0459699321045	0.00320290041431	0.0521806661637	0.0597152424331	0.0317825121815	-0.00746030956055	-0.00102730576431	-0.0436766012393	-0.043238096562	-0.0686094244219	0.00677759095348	-0.0189305896373	-0.0584641929978	0.0163810142627	0.0419485846395	-0.0233747697782	0.0174055011349	-0.0125120724488	-0.0132960443318	-0.0346836675706	-0.052041937033	-0.0172537129601	-0.0390076861081	-0.0410074161054	0.0655528021946	0.0183463712502	0.023534257147	-0.0717171531865	-0.00860061152732	0.00355689533085	-0.0656242506724	0.0169603315892	0.00390735857288	-0.00281870754122	0.0193209471332	-0.0342559847674	0.012052620851
k__Bacteria;p__Bacteroidetes;c__Bacteroidia;o__Bacteroidales;f__Bacteroidaceae;g__Bacteroides;s__Bacteroides_plebeius	-0.0165222827241	0.0577531657925	-0.0273809750957	-0.0396979806729	-0.0335031304264	-0.00377893055816	0.0195282356238	0.025673086588	-0.0282654294662	0.0107222098846	-0.0207825672902	0.0262859354729	0.00913119869844	0.00590521736736	-0.0101725143905	1.0	0.0168084366053	0.0136851606689	0.00381498769484	0.00920798071377	-0.0643489446628	0.00362251100403	0.0086730406026	-0.0559853725995	-0.018330727302	0.000852124255099	0.0545623083526	-0.0299118055449	-0.0125587243845	0.010682074061	-0.00394830845526	-0.0285654988543	-0.0103107374478	0.0376978128652	0.0126589949261	-0.046746272932	0.0165960440801	-0.012031865476	-0.0322123004872	-0.0132366404405	0.000425341850819	-0.0475415363065	-0.0289658619358	-0.0364223672938	0.0117955207594	-0.0547399341722	0.024157893966	0.0182816125004	0.00144991421004	-0.0380260577011	0.0614943822683	-0.0164864437649	0.0364108609768	0.0176505545391	0.0529700469534	-0.0159429686818	-0.0010677095768	-0.0696589284809	-0.024961508542
k__Bacteria;p__Bacteroidetes;c__Bacteroidia;o__Bacteroidales;f__Bacteroidaceae;g__Bacteroides;s__Bacteroides_fragilis	-0.0517533457835	-0.0617190035939	0.03589781853	-0.0216922254627	-0.0469432405755	0.0129877393631	-0.0320034676087	-0.0235418579573	-0.017481142155	-0.0263770105479	-0.03257094421	-0.0669395093828	0.00609287605643	-0.0114519353774	-0.0409209682767	0.0168084366053	1.0	0.0205478541352	-0.0355163753608	-0.0160571807625	0.0790509951069	0.0143652572245	-0.0253056174419	0.00903128759929	0.0280937676664	0.0389763134142	0.010919926962	0.0100319340052	0.00480823460297	-0.00325752455584	-0.0330765955289	-0.0688117470386	-0.023777965793	-0.0221410290336	-0.0206156584211	0.0391012626855	-0.0369512529864	0.0688693534977	0.0395417843968	-0.0235468559924	-0.0573401531806	0.026080107879	-0.0380891703884	0.00916423242607	0.0084488765099	0.0330167775858	0.0242192845207	0.0339901243759	-0.00155634968311	-0.0315989139808	-0.00148966166397	0.00517146971664	-0.0434618261795	-0.0226407611626	-0.0189040026042	-0.0507843130005	0.00686449173905	-0.0268961026278	0.0564407449863
k__Bacteria;p__Proteobacteria;c__Betaproteobacteria;o__Burkholderiales;f__Sutterellaceae;g__Sutterella;s__Sutterella_wadsworthensis	-0.0174906980117	-0.0270302389048	-0.00392103883029	-0.0157763349601	-0.0655611073503	-0.0116953289478	-0.0237918660681	0.00151636270656	-0.0220632363146	0.00590232304715	-0.0559060493962	0.00903749035267	0.0205525011381	0.056153150476	-0.0088035886311	0.0136851606689	0.0205478541352	1.0	-0.0267798160161	0.0292962278949	0.0431467362564	0.00614281738487	-0.0780134256126	-0.0310478586453	0.0301560516997	-0.0155143484052	-0.0500676026335	0.0333442960594	-0.0183658616271	-0.0364606347122	-0.0370403725845	-0.0290703857114	0.0214235098365	0.0329691097993	-0.0551266101811	0.0268103516933	-0.0042355406236	0.0216098551872	-0.0335852961295	-0.00995073091304	-0.0238915322355	0.0170359040936	0.046885185861	0.0316979720455	-0.013994969943	0.0111184907288	0.0135690941856	-0.00171741596992	0.0283251122541	-0.00750946175924	-0.0282935993483	-0.0672014382778	-0.00147924480785	0.0334614249044	-0.0271189136607	-0.0198301777896	-0.00132454698487	-0.0297500537781	0.00890739931534
k__Bacteria;p__Bacteroidetes;c__Bacteroidia;o__Bacteroidales;f__Porphyromonadaceae;g__Barnesiella;s__Barnesiella_intestinihominis	-0.00863809608017	0.00233571197493	-0.0246871064971	-0.030455925624	0.0238918557017	0.0191069537199	-0.00798538134968	0.0288549246424	-0.0332729371325	0.0315816077521	0.00730862705837	-0.0364884573816	-0.0467894776379	0.0261862304092	-0.0161745305298	0.00381498769484	-0.0355163753608	-0.0267798160161	1.0	0.0559782314773	-0.00564515080935	-0.0548898164341	-0.0167964795421	0.00915141796172	-0.0166091952325	0.0111394434238	-0.0136697248854	-0.022048938889	-0.0140691808364	-0.0422476086164	-0.0708855911288	-0.0298647280193	0.0215510821097	-0.0254172300028	0.0101420255966	-0.0613653203037	0.0221712427251	0.0297812717293	-0.0173475879623	0.0503589240011	-0.0134961710191	-0.00726443928482	0.0202835905498	0.0530009956638	0.0523084903528	-0.0474663050853	-0.0188769918999	-0.0226307734274	-0.0405116604243	-0.0179590650719	0.0288059063923	-0.0184638516768	-0.0232905109409	-0.00589728135439	0.0528296582849	-0.00468625294352	-0.0065304216123	0.0306518627607	-0.015382772892
k__Bacteria;p__Bacteroidetes;c__Bacteroidia;o__Bacteroidales;f__Odoribacteraceae;g__Odoribacter;s__Odoribacter_splanchnicus	-0.00923273331038	0.0365616109178	-0.0198994744209	0.00838755982511	0.0466742580936	-0.0510231433638	0.00114486220365	-0.0471112900855	0.00533315953464	-0.0359254583066	-0.023223784897	0.0421128332231	0.0602361029506	0.00100660559921	0.00415785439072	0.00920798071377	-0.0160571807625	0.0292962278949	0.0559782314773	1.0	-0.0253988587825	-0.0622568594292	0.0175798197235	-0.0311553546758	0.0648869651989	0.00387203414251	0.000687497340763	-0.0346601026821	0.0150284580505	-0.0650689894159	-0.0205615814809	-0.022023698094	0.0178222112722	0.00870866996382	-0.00890167443082	0.0419476986471	-0.0269711930121	-0.0442684574778	0.0012885772551	-0.00807315936092	-0.0151038533265	0.0796151306213	-0.0297512933089	0.0549391823132	-0.0137118950116	-0.0223535811984	0.0161114670086	-0.0198475810032	0.0325548806827	0.00715123130142	-0.018173283944	-0.0576925068689	-0.00384380365841	-0.0691419005684	-0.00868112867641	0.0231471608176	-0.0529959888115	-0.0183714389994	-0.0225281313638
k__Bacteria;p__Bacteroidetes;c__Bacteroidia;o__Bacteroidales;f__Bacteroidaceae;g__Bacteroides;s__Bacteroides_salyersiae	0.00976477784522	-0.00878300195859	-0.0310621238248	0.0137027330373	-0.0501364685247	0.0434355808361	-0.0218839489117	-0.051591795531	-0.0344632330144	-0.00034438220707	-0.00436647690599	-0.0302968438647	0.00489843521261	0.0207095900227	-0.0351487342358	-0.0643489446628	0.0790509951069	0.0431467362564	-0.00564515080935	-0.0253988587825	1.0	0.00680525860171	0.0458951371351	-0.0142593982982	0.0248039744156	0.017099787886	-0.00239992930034	0.0124662479597	-0.0141781400848	0.0212457514695	0.0271158142465	0.0100089488305	-0.0194816157675	-0.0446185676315	-0.0473228016351	0.0368146681746	0.00696405527006	0.0692916361296	-0.0345163635479	-0.0286992798074	-0.0567043967007	-0.0201295015136	0.0321846582542	0.0930788907205	0.0185863970291	-0.0301815943578	-0.0229566312464	-0.021248970215	-0.0192022808173	-0.0123382446023	-0.0414618560308	-0.00751665648163	0.0400580142225	0.0574916069688	0.0423413646059	-0.0434119502955	0.00351008812707	-0.0292204972774	-0.00584311735195
k__Bacteria;p__Firmicutes;c__Clostridia;o__Clostridiales;f__Ruminococcaceae;g__Ruminiclostridium;s__[Eubacterium]_siraeum	0.0490215033048	-0.0437993915287	-0.0416618435712	0.0105947851138	-0.0203127721015	0.0167261246541	0.0153208913567	-0.00324858164889	-0.0279553505938	-0.0291799440228	0.00782860607297	-0.0295520468344	-0.0676903517261	0.00793656942164	-0.0108790737354	0.00362251100403	0.0143652572245	0.00614281738487	-0.0548898164341	-0.0622568594292	0.00680525860171	1.0	-0.0268035261815	-0.0832627042028	0.065420339127	-0.0036092103891	-0.00816476712831	-0.0217768615049	-0.040107483096	-0.0252041882462	-0.0334192532971	-0.00575922927805	-0.0421670923264	0.00440492088122	0.00105534018524	-0.0350600408808	-0.0212491558981	0.0443441450386	0.00601660156637	0.0223755471733	-0.0353334756557	0.071303948707	0.00580148234572	0.00487206899209	-0.0829522007364	0.0387090886357	-0.00708019485042	0.00413343083685	0.0550627903692	-0.0262198432092	0.0564920120494	0.00601462521697	-0.0700619173915	0.00209322215244	-0.0184434946764	-0.0692509998026	0.00549670646951	-0.0184438587822	-0.0210989619389
k__Bacteria;p__Proteobacteria;c__Betaproteobacteria;o__Burkholderiales;f__Sutterellaceae;g__Parasutterella;s__Parasutterella_excrementihominis	-0.0384523323752	0.061128796627	-0.0267232413907	0.0509929193996	-0.0397249349875	-0.045925801171	0.0231263891105	0.00957496790121	0.0149616189901	0.0621623970851	-0.0353101623691	0.00737159882591	-0.0146072319967	0.0216077810653	0.0459699321045	0.0086730406026	-0.0253056174419	-0.0780134256126	-0.0167964795421	0.0175798197235	0.0458951371351	-0.0268035261815	1.0	-0.00139326470404	-0.0418420357526	-0.01050513474	0.00982688031814	0.00992700026771	-0.00799772157784	0.00193346133442	-0.0166077006296	0.00200357284691	0.013928515653	-0.00896910906849	-0.018182448283	0.0675982897908	-0.0359657003442	0.0314805182877	-0.0575322900045	-0.00486272816159	-0.0938852192611	-0.0650363815839	0.0360447644123	-0.00233984312338	0.0300086019347	-0.0241479814832	0.039873626826	-0.0534207194397	-0.0395117354875	0.00113321833042	0.0216983196739	0.00538538248548	-0.0223298597598	-0.027681420341	-0.0882061138505	-0.0491055818401	-0.000211984585042	-0.00744699238537	0.0174122876212
k__Bacteria;p__Actinobacteria;c__Actinobacteria;o__Bifidobacteriales;f__Bifidobacteriaceae;g__Bifidobacterium;s__Bifidobacterium_adolescentis	-0.026731832505	0.0209364083755	-0.0438680200201	0.036220090323	-0.00169040090474	0.049443583446	-0.0618450349384	0.0116757621667	0.0316966133291	0.0268745156136	-0.00748576309404	-0.0149290529184	-0.0393777947045	0.0249997272915	0.00320290041431	-0.0559853725995	0.00903128759929	-0.0310478586453	0.00915141796172	-0.0311553546758	-0.0142593982982	-0.0832627042028	-0.00139326470404	1.0	-0.0765822674172	-0.0619811125412	-0.0467309311033	0.0733097273847	0.0116347637822	-0.0127637581599	0.015748121761	-0.0157694783877	0.014621291157	-0.0238229310152	0.0121313947674	-0.0141574185332	-0.0116417994213	-0.00451243519898	-0.0237445061365	-0.000285401309343	0.0085559868443	-0.011603357479	-0.0676372580961	0.0313046877887	-0.0136816041616	0.0422674321751	0.0170182782756	-0.0833022527496	0.0066088759956	0.0220299132733	0.0878011883259	-0.00988285187389	0.0252282954532	-0.0380903140868	-0.0176562010623	0.00527359197224	-0.0575691654996	0.0378646078697	-0.00699902701412
k__Bacteria;p__Firmicutes;c__Clostridia;o__Clostridiales;f__Oscillospiraceae;g__Oscillibacter;s__Oscillibacter_sp._KLE_1745	-0.0140022744804	-0.0465169506227	-0.0278585191245	-0.000850004553947	-0.0203109051812	-0.0218475248441	-0.0104245702018	0.0289355998231	-0.0443966792845	-0.0626937651724	0.0516495877918	-0.0148164732873	-0.0202136500207	-0.0489437052847	0.0521806661637	-0.018330727302	0.0280937676664	0.0301560516997	-0.0166091952325	0.0648869651989	0.0248039744156	0.065420339127	-0.0418420357526	-0.0765822674172	1.0	-0.0224952609024	-0.070624845503	-0.0154857288155	-0.0714501138242	0.0298909309367	0.00207817610702	-0.0842298309678	-0.0180669482686	0.00921252458419	-0.00520264537439	-0.0571138390817	-0.0265853592431	-0.0358792885711	0.0465645058833	-0.0654954667347	-0.0255048055283	0.0300984709529	-0.0225087252441	-0.0154790711686	0.0282123584756	-0.0130236895756	0.0290476217546	-0.0605276263565	-0.00342880558758	0.0120246812313	-0.0349304555175	-0.00550782104062	0.000103296366882	-0.0480239574407	0.0505870279395	-0.00493871869294	0.0221926124151	0.0142187423505	0.0812736868794
k__Bacteria;p__Bacteroidetes;c__Bacteroidia;o__Bacteroidales;f__Bacteroidaceae;g__Bacteroides;s__Bacteroides_coprophilus	0.0595359114264	-0.010904755661	0.0206788602152	0.000565335994023	-0.0024385300526	-0.0601790934721	-0.0261046982517	-0.0698610858856	0.0173967176585	-0.0127257715968	-0.0950733916618	-0.0611713060519	0.0281812186755	0.0130083654686	0.0597152424331	0.000852124255099	0.0389763134142	-0.0155143484052	0.0111394434238	0.00387203414251	0.017099787886	-0.0036092103891	-0.01050513474	-0.0619811125412	-0.0224952609024	1.0	0.0294799261843	0.0196754022369	-0.0172775088028	-0.00438116009427	0.0358581363793	-0.0305235169075	-0.0716381017068	-0.0201725246305	-0.00586635948155	-0.00142297815378	-0.0136960741546	0.0193317897967	0.00580158326646	-0.0954195151304	0.0159763639198	-0.0018904038935	0.0189955123807	-0.00485349631437	0.061743606375	-0.0279080039316	-0.0326042117342	0.0323713555079	-0.0499280599502	-0.0649349569025	0.0410152947872	0.0334648314093	-0.0673919556654	-0.0355647655432	-0.0221306089577	-0.0355172132346	-0.0321079791936	-0.0247442484883	0.0471129810006
k__Bacteria;p__Firmicutes;c__Clostridia;o__Clostridiales;f__Lachnospiraceae;g__Roseburia;s__Roseburia_intestinalis	0.00876695552628	0.0301330141514	-0.0208653074766	0.0148259861744	0.0388369787399	-0.0267555925395	0.0561203117801	0.006724113732	-0.0380946809339	-0.0227580211752	-0.0160031304414	-0.00402111300894	0.0181785181308	-0.0253774954446	0.0317825121815	0.0545623083526	0.010919926962	-0.0500676026335	-0.0136697248854	0.000687497340763	-0.00239992930034	-0.00816476712831	0.00982688031814	-0.0467309311033	-0.070624845503	0.0294799261843	1.0	0.0185515422258	-0.0240109638329	0.0364536354191	-0.00208252973771	0.000473431895062	0.00171991312869	-0.0496883209137	-0.050929645745	-0.0354504838039	-0.028724196711	-0.0500972011119	-0.0141390235748	0.0191863374038	0.0039906404347	-0.00454507566218	-0.00561499452547	0.0374285345364	0.0286421586016	0.0144437503851	-0.0450947800409	-0.00660266255445	-0.0360076517439	-0.0546289885916	-0.0281125566549	-0.0118660751721	-0.0145818050571	-0.0420365359169	-0.0442769017287	0.0343485431518	-0.0103764479718	-0.0532308092858	0.00809230562311
k__Bacteria;p__Firmicutes;c__Clostridia;o__Clostridiales;f__Lachnospiraceae;g__Roseburia;s__Roseburia_hominis	0.028321505726	-0.0733084225168	0.00801279195191	-0.0182076566876	-0.0688390156547	0.0100592578316	-0.0330408741651	0.0850408594532	-0.0950106819477	0.0411856602423	0.00431739382909	-0.0160624825052	0.00803123833827	-0.0226428580093	-0.00746030956055	-0.0299118055449	0.0100319340052	0.0333442960594	-0.022048938889	-0.0346601026821	0.0124662479597	-0.0217768615049	0.00992700026771	0.0733097273847	-0.0154857288155	0.0196754022369	0.0185515422258	1.0	-0.013130473073	0.0304071307991	-0.0109997209265	-0.0294986046553	-0.0312732997579	-0.00693591426407	-0.0317672305364	-0.00335848529617	0.0472040003899	0.0359269632493	0.0239872198543	-0.00660443245667	-0.00505356078823	-0.0311098535806	-0.0458472135199	-0.097286990618	-0.0195844379472	0.0344535783955	-0.0404166267347	-0.0540823316745	-0.0442696588611	-0.0280415588146	-0.00181618113995	-0.032987202256	-0.0523985247677	-0.0352696001499	-0.0133314702421	-0.0530935779022	-0.080593872724	0.0528877334089	0.0102498741801
k__Bacteria;p__Bacteroidetes;c__Bacteroidia;o__Bacteroidales;f__Porphyromonadaceae;g__Parabacteroides;s__Parabacteroides_johnsonii	-0.0128916579388	-0.00319588045531	-0.0475327488091	0.0129153369902	-0.0095635579352	0.0213992965724	0.00554879033743	-0.00233433101606	0.0158275948612	-0.0154555576214	-0.0422388532094	0.0145152237033	0.0476300395141	-0.0238991178002	-0.00102730576431	-0.0125587243845	0.00480823460297	-0.0183658616271	-0.0140691808364	0.0150284580505	-0.0141781400848	-0.040107483096	-0.00799772157784	0.0116347637822	-0.0714501138242	-0.0172775088028	-0.0240109638329	-0.013130473073	1.0	-0.028837796446	-0.014246538632	0.0341493652092	-0.0465393665938	-0.0110848176197	0.00105336110006	-0.0093642981173	-0.00660919683448	-0.0462259992069	-0.0225622760157	0.0546973013282	0.022481673734	-0.0777974935815	0.0143340849589	-0.0325537031283	0.0204675465517	-0.0374522238772	-0.038017997078	0.00545090135502	-0.000198999328283	0.0634196597868	0.018330282944	-0.00776810986258	0.0223847162628	-0.0827438589021	-0.0157120020587	-0.0233163277083	-0.0198444528121	-0.016301884756	-0.00737339220346
k__Bacteria;p__Actinobacteria;c__Actinobacteria;o__Bifidobacteriales;f__Bifidobacteriaceae;g__Bifidobacterium;s__Bifidobacterium_longum	-0.00831550641016	-0.0206327906264	-0.0884517444606	0.00160771187275	-0.0331978285678	0.0434905686091	-0.0581294450264	-0.00139858740253	0.0492907717201	-0.0147617738848	-0.0156044224235	-0.0382742585039	0.0543316592694	-0.0385263119503	-0.0436766012393	0.010682074061	-0.00325752455584	-0.0364606347122	-0.0422476086164	-0.0650689894159	0.0212457514695	-0.0252041882462	0.00193346133442	-0.0127637581599	0.0298909309367	-0.00438116009427	0.0364536354191	0.0304071307991	-0.028837796446	1.0	-0.0616598062601	-0.0067038232251	-0.0132594152859	-0.0605723092326	0.0320830688406	-0.0212643125225	-0.0207910081285	-0.00570780842091	-0.0275431464273	-0.0233245991626	-0.0151486637779	0.0126422389222	-0.0219378379807	-0.0126544573441	0.0042430491869	-0.036139364722	0.0227465440771	-0.0259869062333	0.0506224965077	-0.0789535005223	0.0208794501617	-0.0466007854448	-0.0318145692654	-0.0099141310016	-0.00923595560128	0.0397135268936	0.00276100365679	-0.000971478215129	-0.0255507706134
