#taxonomy	k__Bacteria;p__Bacteroidetes;c__Bacteroidia;o__Bacteroidales;f__Bacteroidaceae;g__Bacteroides;s__Bacteroides_vulgatus	k__Bacteria;p__Bacteroidetes;c__Bacteroidia;o__Bacteroidales;f__Bacteroidaceae;g__Bacteroides;s__Bacteroides_uniformis	k__Bacteria;p__Bacteroidetes;c__Bacteroidia;o__Bacteroidales;f__Rikenellaceae;g__Alistipes;s__Alistipes_putredinis	k__Bacteria;p__Bacteroidetes;c__Bacteroidia;o__Bacteroidales;f__Prevotellaceae;g__Prevotella;s__Prevotella_copri	k__Bacteria;p__Bacteroidetes;c__Bacteroidia;o__Bacteroidales;f__Bacteroidaceae;g__Bacteroides;s__Bacteroides_stercoris	k__Bacteria;p__Bacteroidetes;c__Bacteroidia;o__Bacteroidales;f__Bacteroidaceae;g__Bacteroides;s__Bacteroides_ovatus	k__Bacteria;p__Bacteroidetes;c__Bacteroidia;o__Bacteroidales;f__Rikenellaceae;g__Alistipes;s__Alistipes_shahii	k__Bacteria;p__Firmicutes;c__Clostridia;o__Clostridiales;f__Ruminococcaceae;g__Faecalibacterium;s__Faecalibacterium_prausnitzii	k__Bacteria;p__Bacteroidetes;c__Bacteroidia;o__Bacteroidales;f__Rikenellaceae;g__Alistipes;s__Alistipes_finegoldii	k__Bacteria;p__Bacteroidetes;c__Bacteroidia;o__Bacteroidales;f__Porphyromonadaceae;g__Parabacteroides;s__Parabacteroides_distasonis	k__Bacteria;p__Bacteroidetes;c__Bacteroidia;o__Bacteroidales;f__Bacteroidaceae;g__Bacteroides;s__Bacteroides_thetaiotaomicron	k__Bacteria;p__Bacteroidetes;c__Bacteroidia;o__Bacteroidales;f__Bacteroidaceae;g__Bacteroides;s__Bacteroides_coprocola	k__Bacteria;p__Bacteroidetes;c__Bacteroidia;o__Bacteroidales;f__Bacteroidaceae;g__Bacteroides;s__Bacteroides_cellulosilyticus	k__Bacteria;p__Bacteroidetes;c__Bacteroidia;o__Bacteroidales;f__Rikenellaceae;g__Alistipes;s__Alistipes_obesi	k__Bacteria;p__Firmicutes;c__Clostridia;o__Clostridiales;f__Lachnospiraceae;g__;s__[Eubacterium]_rectale	k__Bacteria;p__Bacteroidetes;c__Bacteroidia;o__Bacteroidales;f__Bacteroidaceae;g__Bacteroides;s__Bacteroides_plebeius	k__Bacteria;p__Bacteroidetes;c__Bacteroidia;o__Bacteroidales;f__Bacteroidaceae;g__Bacteroides;s__Bacteroides_fragilis	k__Bacteria;p__Proteobacteria;c__Betaproteobacteria;o__Burkholderiales;f__Sutterellaceae;g__Sutterella;s__Sutterella_wadsworthensis	k__Bacteria;p__Bacteroidetes;c__Bacteroidia;o__Bacteroidales;f__Porphyromonadaceae;g__Barnesiella;s__Barnesiella_intestinihominis	k__Bacteria;p__Bacteroidetes;c__Bacteroidia;o__Bacteroidales;f__Odoribacteraceae;g__Odoribacter;s__Odoribacter_splanchnicus	k__Bacteria;p__Bacteroidetes;c__Bacteroidia;o__Bacteroidales;f__Bacteroidaceae;g__Bacteroides;s__Bacteroides_salyersiae	k__Bacteria;p__Firmicutes;c__Clostridia;o__Clostridiales;f__Ruminococcaceae;g__Ruminiclostridium;s__[Eubacterium]_siraeum	k__Bacteria;p__Proteobacteria;c__Betaproteobacteria;o__Burkholderiales;f__Sutterellaceae;g__Parasutterella;s__Parasutterella_excrementihominis	k__Bacteria;p__Actinobacteria;c__Actinobacteria;o__Bifidobacteriales;f__Bifidobacteriaceae;g__Bifidobacterium;s__Bifidobacterium_adolescentis	k__Bacteria;p__Firmicutes;c__Clostridia;o__Clostridiales;f__Oscillospiraceae;g__Oscillibacter;s__Oscillibacter_sp._KLE_1745	k__Bacteria;p__Bacteroidetes;c__Bacteroidia;o__Bacteroidales;f__Bacteroidaceae;g__Bacteroides;s__Bacteroides_coprophilus	k__Bacteria;p__Firmicutes;c__Clostridia;o__Clostridiales;f__Lachnospiraceae;g__Roseburia;s__Roseburia_intestinalis	k__Bacteria;p__Firmicutes;c__Clostridia;o__Clostridiales;f__Lachnospiraceae;g__Roseburia;s__Roseburia_hominis	k__Bacteria;p__Bacteroidetes;c__Bacteroidia;o__Bacteroidales;f__Porphyromonadaceae;g__Parabacteroides;s__Parabacteroides_johnsonii	k__Bacteria;p__Actinobacteria;c__Actinobacteria;o__Bifidobacteriales;f__Bifidobacteriaceae;g__Bifidobacterium;s__Bifidobacterium_longum	k__Bacteria;p__Firmicutes;c__Clostridia;o__Clostridiales;f__;g__Flavonifractor;s__Flavonifractor_plautii	k__Bacteria;p__Firmicutes;c__Clostridia;o__Clostridiales;f__Clostridiaceae;g__Clostridium;s__Clostridium_phoceensis	k__Bacteria;p__Verrucomicrobia;c__Verrucomicrobiae;o__Verrucomicrobiales;f__Akkermansiaceae;g__Akkermansia;s__Akkermansia_muciniphila	k__Bacteria;p__Bacteroidetes;c__Bacteroidia;o__Bacteroidales;f__Prevotellaceae;g__Paraprevotella;s__Paraprevotella_xylaniphila	k__Bacteria;p__Firmicutes;c__Clostridia;o__Clostridiales;f__Ruminococcaceae;g__Ruminococcus;s__Ruminococcus_callidus	k__Bacteria;p__Bacteroidetes;c__Bacteroidia;o__Bacteroidales;f__Rikenellaceae;g__Alistipes;s__Alistipes_senegalensis	k__Bacteria;p__Firmicutes;c__Clostridia;o__Clostridiales;f__Lachnospiraceae;g__Blautia;s__Blautia_sp._KLE_1732	k__Bacteria;p__Bacteroidetes;c__Bacteroidia;o__Bacteroidales;f__Bacteroidaceae;g__Bacteroides;s__Bacteroides_oleiciplenus	k__Bacteria;p__Firmicutes;c__Clostridia;o__Clostridiales;f__Ruminococcaceae;g__Ruminococcus;s__Ruminococcus_bicirculans	k__Bacteria;p__Bacteroidetes;c__Bacteroidia;o__Bacteroidales;f__Bacteroidaceae;g__Bacteroides;s__Bacteroides_fluxus	k__Bacteria;p__Bacteroidetes;c__Bacteroidia;o__Bacteroidales;f__Prevotellaceae;g__Prevotella;s__Prevotella_stercorea	k__Bacteria;p__Firmicutes;c__Clostridia;o__Clostridiales;f__Lachnospiraceae;g__Dorea;s__Dorea_longicatena	k__Bacteria;p__Firmicutes;c__Clostridia;o__Clostridiales;f__Eubacteriaceae;g__Eubacterium;s__[Eubacterium]_eligens	k__Bacteria;p__Firmicutes;c__Clostridia;o__Clostridiales;f__Ruminococcaceae;g__;s__Ruminococcaceae_bacterium_D16	k__Bacteria;p__Firmicutes;c__Clostridia;o__Clostridiales;f__Lachnospiraceae;g__Coprococcus;s__Coprococcus_comes	k__Bacteria;p__Proteobacteria;c__Gammaproteobacteria;o__Enterobacterales;f__Enterobacteriaceae;g__Escherichia;s__Escherichia_coli	k__Bacteria;p__Firmicutes;c__Clostridia;o__Clostridiales;f__Ruminococcaceae;g__Anaerotruncus;s__Anaerotruncus_colihominis	k__Bacteria;p__Firmicutes;c__Clostridia;o__Clostridiales;f__Lachnospiraceae;g__Blautia;s__Blautia_obeum	k__Bacteria;p__Bacteroidetes;c__Bacteroidia;o__Bacteroidales;f__Odoribacteraceae;g__Odoribacter;s__Odoribacter_laneus	k__Bacteria;p__Firmicutes;c__Clostridia;o__Clostridiales;f__Ruminococcaceae;g__Ruminiclostridium;s__[Clostridium]_leptum	k__Bacteria;p__Bacteroidetes;c__Bacteroidia;o__Bacteroidales;f__Porphyromonadaceae;g__Parabacteroides;s__Parabacteroides_goldsteinii	k__Bacteria;p__Firmicutes;c__Clostridia;o__Clostridiales;f__Lachnospiraceae;g__Anaerostipes;s__Anaerostipes_hadrus	k__Bacteria;p__Firmicutes;c__Clostridia;o__Clostridiales;f__Ruminococcaceae;g__Ruminococcus;s__Ruminococcus_lactaris	k__Bacteria;p__Firmicutes;c__Clostridia;o__Clostridiales;f__Clostridiaceae;g__Clostridium;s__Clostridium_sp._L2-50	k__Bacteria;p__Firmicutes;c__Clostridia;o__Clostridiales;f__Clostridiaceae;g__Clostridium;s__Clostridium_sp._M62/1	k__Bacteria;p__Firmicutes;c__Clostridia;o__Clostridiales;f__;g__Intestinimonas;s__Intestinimonas_butyriciproducens	k__Bacteria;p__Actinobacteria;c__Actinobacteria;o__Bifidobacteriales;f__Bifidobacteriaceae;g__Bifidobacterium;s__Bifidobacterium_bifidum	k__Bacteria;p__Firmicutes;c__Negativicutes;o__Veillonellales;f__Veillonellaceae;g__Dialister;s__Dialister_invisus	k__Bacteria;p__Bacteroidetes;c__Bacteroidia;o__Bacteroidales;f__Bacteroidaceae;g__Bacteroides;s__Bacteroides_salanitronis
k__Bacteria;p__Bacteroidetes;c__Bacteroidia;o__Bacteroidales;f__Bacteroidaceae;g__Bacteroides;s__Bacteroides_vulgatus	1.0	0.00258012010534	-0.0136196433764	-0.0373875044434	-0.0426914059964	-0.0265758120507	-0.0484987862359	0.0118546648142	0.0356248142237	0.0366284144912	0.0134531408625	0.000290256666993	-0.0105495793839	-0.033326203299	-0.0635705971251	-0.0788050638227	0.00487188707711	-0.0535053874637	-0.00569355171217	-0.0375692194145	-0.00688232829355	0.0452628160384	-0.0241401354135	0.016572540414	-0.0170122980824	-0.0763436155739	-0.0478131879586	-0.0387720140374	0.0439246297331	-0.00657189104937	-0.0181711869028	0.0250362626615	-0.023759034151	0.0555240928336	-0.0241091184683	0.0582240218902	0.0108607384494	-0.0756905337425	0.0385363778631	0.0446093951293	0.015991065481	-0.0476727557573	-0.0119973306341	-0.0353472819824	0.050725014391	-0.060175676442	0.00938228521912	-0.0323845250746	-0.0291113871221	0.00928142576927	0.0282776238075	0.00278715709711	0.0498471891209	-0.0468668474967	-0.00972280171616	-0.0250082697303	0.0275630424026	0.0234471707937	-0.00119931955653
k__Bacteria;p__Bacteroidetes;c__Bacteroidia;o__Bacteroidales;f__Bacteroidaceae;g__Bacteroides;s__Bacteroides_uniformis	0.00258012010534	1.0	-0.0116575148817	-0.0439782892994	0.0145074556131	-0.00607899963686	-0.0144125388271	0.0101928830294	0.0277105062211	-0.010486557549	-0.0198209552734	0.0101321767399	-0.00681321496378	0.0178700615774	-0.00968090909689	-0.0106108945023	-0.0290105174038	-0.039654388171	0.0177772885717	-0.0181258943708	-0.00608560100009	-0.0339013665301	0.0689258401753	-0.00434112237048	-0.0152140320731	-0.0167558527946	-0.0173928248449	0.019165427547	-0.000312410797018	-0.0221000738767	0.0158076020981	-0.0440990967753	0.0181512891568	-0.00632666472913	-0.0518100888758	-0.00717822904176	-0.0336663068039	-0.00326106454608	-0.0118718619596	0.0202561430664	0.0243928001178	-0.0839648146475	-0.021825472731	-0.0323591938997	0.0395872015842	-0.00295592260141	0.0213680310555	0.0208266980846	-0.0100112134833	-0.0753178901441	-0.088038598812	-0.00665058311523	0.0204676315165	-0.0192945347734	0.0627036835407	-0.0690398994271	-0.0613251204986	-0.0439261609065	-0.0255053324912
k__Bacteria;p__Bacteroidetes;c__Bacteroidia;o__Bacteroidales;f__Rikenellaceae;g__Alistipes;s__Alistipes_putredinis	-0.0136196433764	-0.0116575148817	1.0	-0.0561085716806	-0.0177647921405	0.00166891378411	-0.0256938414901	0.0633817427106	-0.0616332225054	0.041210598423	0.0043361028381	-0.0177351687215	0.0156258999282	-0.0353241993917	0.0516992164766	-0.0742750544828	-0.0203612800643	-0.0389191946594	-0.0458301733411	-0.0376896542086	-0.0706875301411	0.0368306708411	0.0548048487766	0.0418682147326	0.0145921338229	0.0190176185568	-0.0260817739707	0.0287068511581	0.00770386612154	-0.00542059529163	-0.042212232567	-0.0377620788019	-0.018610952992	-0.0246519016408	-0.0657809478687	0.0226791821805	0.0885534949502	0.0285526034852	0.0105910702337	-0.0657348477878	-0.0208296812861	0.0314545498586	0.0800440606299	-0.0282031973388	-0.00883133254194	-0.0320798232667	-0.00271492044396	-0.0151491213945	0.0118779848219	0.0123179438433	-0.0475624982165	0.0354409487938	-0.0549600910003	-0.0158065282713	-0.00998732462936	-0.00308759842862	-0.0212500942911	0.0243457447171	0.00184070835128
k__Bacteria;p__Bacteroidetes;c__Bacteroidia;o__Bacteroidales;f__Prevotellaceae;g__Prevotella;s__Prevotella_copri	-0.0373875044434	-0.0439782892994	-0.0561085716806	1.0	-0.0831583267245	0.0285653856009	0.00682464122904	0.0690189292491	-0.0389718775858	0.0320396286701	0.0530937143387	-0.029638637725	0.0290791851743	0.018535893683	0.0435498534929	-0.00539791548856	0.00116159675482	0.042935607045	-0.0120701132123	0.00357213351483	-0.00415401405547	-0.0478007912198	0.0601882143515	-0.0604066113107	-0.0856649068938	0.0468656404385	0.0358281797326	-0.0496223379285	0.0126492630303	-0.0343979738434	0.0324289261852	0.0297685645009	-0.0350088263017	-0.0077244115573	0.00675163813474	-0.0349033943729	-0.00424594186587	-0.024937574166	0.0495366693787	-0.020340207743	0.0785452855025	0.00785269003451	-0.0194042923261	-0.0432291143121	-0.041861434444	0.0208694403893	-0.0736657644829	-0.051290155045	-0.0301709094219	0.0447472770449	0.00556893765424	0.042869143778	0.00227442147055	0.0363764828891	-0.0189120445364	-0.0169563446986	-0.0328643780808	-0.0398409299949	-0.013243300816
k__Bacteria;p__Bacteroidetes;c__Bacteroidia;o__Bacteroidales;f__Bacteroidaceae;g__Bacteroides;s__Bacteroides_stercoris	-0.0426914059964	0.0145074556131	-0.0177647921405	-0.0831583267245	1.0	-0.0741971563827	-0.0368813208951	-0.0841893079116	-0.0329686946045	0.00324890313996	4.36386884172e-05	0.0298978567728	0.0318421042387	0.0175945603907	-0.0384709233848	-0.0294596639556	-0.0110256957597	-0.0402415636147	0.00678091036532	-0.0852760640966	-0.012965350721	-0.0436696239554	0.012658642726	0.0163408055675	0.0273565969034	-0.0305904787791	-0.00274840445772	-0.0192065273268	0.0393745368347	0.00648440816162	0.0518894952096	-0.0378278002636	0.0209604384759	-0.0495185969913	-0.0114470792024	-0.0294906725363	0.0149890653325	0.0333591762837	-0.0650594679298	0.0787941670519	0.0410185593951	-0.0135401641447	0.0313269605969	0.0309832985549	0.011371566208	0.0359233244262	-0.0561445080691	0.00718769345202	-0.0206887397641	0.0412087145721	0.0393491603904	-0.0187442507973	0.0346869656022	0.015399471269	0.0213445408528	-0.0313729785836	0.0289383855563	-0.016190638382	-0.00769514962435
k__Bacteria;p__Bacteroidetes;c__Bacteroidia;o__Bacteroidales;f__Bacteroidaceae;g__Bacteroides;s__Bacteroides_ovatus	-0.0265758120507	-0.00607899963686	0.00166891378411	0.0285653856009	-0.0741971563827	1.0	0.0163676714203	-0.00282740662597	-0.00904959641616	-0.0115664042609	0.0166178242609	0.0577388735705	0.00432824501416	-0.00403061293379	0.0358297620358	-0.0202434605278	0.0780617051934	0.00136032626922	-0.0451627797644	0.0135011105359	0.00828475576098	-0.0378331529174	0.0129672853811	-0.0427013747037	0.00447913723674	0.0211644503703	0.0271567787448	0.0146610092108	-0.00308973393252	-0.0728153683183	-0.00134231587101	0.0277328808062	-0.0164744695479	-0.0163326566906	-0.093028982197	-0.0259964793165	-0.00551106986676	-0.0311769346949	0.00795436646894	-0.0266171192457	-0.0635864147083	0.000205784663424	-0.0150196438863	-0.00809826797263	0.00545441958823	0.0180320954113	-0.0519996529795	-0.0498387626826	-0.0158403310286	0.0254553525165	-0.0142995116617	-0.00293857792583	-0.0236373094952	-0.0324914860232	0.0507743785471	-0.0176520732656	-0.0465386445406	0.0119846668788	-0.0144357930658
k__Bacteria;p__Bacteroidetes;c__Bacteroidia;o__Bacteroidales;f__Rikenellaceae;g__Alistipes;s__Alistipes_shahii	-0.0484987862359	-0.0144125388271	-0.0256938414901	0.00682464122904	-0.0368813208951	0.0163676714203	1.0	0.0487460178433	0.0181223573269	0.0416604471517	-0.00660387463876	-0.0494644990609	0.0206304901563	-0.00966385759686	0.0274255241541	-0.0546305448497	-0.0264607574453	-0.0175578504101	-0.0452907099457	0.103222246276	0.00449714754169	-0.0275838949297	0.00318506603099	-0.0404366576072	0.00124784363206	0.0115084474627	0.0189058288441	-0.000904158980865	-0.0221332362249	-0.0166293897849	0.0583958250562	-0.0565800801636	-0.046212456396	-0.0249915714218	-0.0345026899494	-0.0254202856847	0.014979566752	0.0311932915426	-0.00343748995459	0.00475938000845	-0.0308476867631	-0.0153497619398	-0.0196636499687	-0.0209003945046	0.034375869604	0.0332962674179	0.0163944717266	0.038832389969	-0.00350462748568	0.0262884592448	-0.0312137227107	-0.023931153655	-0.0659627000804	0.0197966313891	-0.0116720370717	0.00915496875452	-0.0308317331171	0.0097846744281	-0.0599617730825
k__Bacteria;p__Firmicutes;c__Clostridia;o__Clostridiales;f__Ruminococcaceae;g__Faecalibacterium;s__Faecalibacterium_prausnitzii	0.0118546648142	0.0101928830294	0.0633817427106	0.0690189292491	-0.0841893079116	-0.00282740662597	0.0487460178433	1.0	-0.0289416149877	-0.0207387768067	0.033527262468	-0.0259147510239	-0.0445084927973	-0.008722585106	-0.0574116323255	-0.0276506800381	-0.0150259661192	-0.0536579402559	-0.0574451819697	0.0538294573021	0.0205409469319	0.00922635771908	0.0369534635377	-0.0264651002367	0.0269336315716	0.0303956992728	-0.0754990005519	-0.00875721902646	-0.0128465638317	-0.00319404627171	-0.0508014413838	0.0336387490436	-0.0384142989417	-0.00934417230728	0.0205815904267	0.0269965612304	-0.012205582247	-0.00244146124948	-0.0694133023496	-0.0553929963286	0.00393470577213	-0.000853614754302	0.0180305176071	-0.0149235809932	-0.0217577025246	-0.0210952844756	-0.046628588149	-0.0523365156958	0.036212075348	-0.0330532302775	0.0211254832354	-0.0120216486903	-0.0315551948168	-0.00842942749325	-0.0083456181609	0.00755866815299	0.0269035300198	0.0310896072122	0.0278186687164
k__Bacteria;p__Bacteroidetes;c__Bacteroidia;o__Bacteroidales;f__Rikenellaceae;g__Alistipes;s__Alistipes_finegoldii	0.0356248142237	0.0277105062211	-0.0616332225054	-0.0389718775858	-0.0329686946045	-0.00904959641616	0.0181223573269	-0.0289416149877	1.0	0.0215282680372	-0.0116523439661	-0.0501945693698	-0.0373997253478	0.0454029680357	0.0223340060152	-0.0205985388844	0.0687734596115	-0.0223325673058	-0.0233595531734	0.0384119620944	0.039774666533	0.00539163879442	-0.00424882131252	-0.0252335651639	-0.00107492898659	0.00996848922778	-0.0072477624485	0.0596568354195	-0.0382148079188	-0.000603022299373	-0.0172087665995	0.0292791127926	0.0452875050949	-0.0536091951508	-0.0721750325433	-0.0173612046969	0.00603615848037	0.00689487271791	-0.0849669741021	-0.0257597062857	-0.00751530186693	-0.0414043981543	-0.0143967487349	-0.0370353282992	-0.0440629846723	-0.0276597341583	0.0147346809777	-0.0364371930786	-0.00668835516365	-0.0378513050654	0.00134993001942	0.026615669745	0.0735224184897	0.0312439732488	0.0317089022573	0.0410861706357	0.0240175384753	-0.0428735619812	0.00650786127312
k__Bacteria;p__Bacteroidetes;c__Bacteroidia;o__Bacteroidales;f__Porphyromonadaceae;g__Parabacteroides;s__Parabacteroides_distasonis	0.0366284144912	-0.010486557549	0.041210598423	0.0320396286701	0.00324890313996	-0.0115664042609	0.0416604471517	-0.0207387768067	0.0215282680372	1.0	-0.0161211998861	0.0212177821517	-0.0197359561219	-0.00273705380948	-0.0717386964094	0.00964002162541	-0.0406235552347	-0.038796505051	0.00347508115355	0.00323743400057	-0.0170652895338	-0.0754319994224	0.0127834638175	-0.0115507255761	-0.0260222200337	0.0176156395878	0.0513217241688	0.0102538347827	-0.0197934526029	0.00281621142091	-0.040016730668	-0.0270244814376	-0.040265154024	-0.0131995476649	0.00348861034114	-0.0414213092367	-0.0256147566145	0.0617807214842	0.0545577846497	-0.0324442093933	-0.0378847240811	-0.00953496308116	-0.0365519743117	-0.00198164414714	-0.03303312461	0.00284626173332	0.0489464094462	0.0528927801163	-0.00860787127231	-0.0120669556533	-0.00406519395701	0.00586865203274	-0.0285188736233	0.0527568809714	0.0454869614004	-0.00830007796481	-0.0304156533108	0.0514971963347	0.0290193293638
k__Bacteria;p__Bacteroidetes;c__Bacteroidia;o__Bacteroidales;f__Bacteroidaceae;g__Bacteroides;s__Bacteroides_thetaiotaomicron	0.0134531408625	-0.0198209552734	0.0043361028381	0.0530937143387	4.36386884172e-05	0.0166178242609	-0.00660387463876	0.033527262468	-0.0116523439661	-0.0161211998861	1.0	-0.000284693361344	0.013230192892	0.0194541138337	0.0229170221216	-0.123276873937	0.0527933677691	0.014925520142	-0.0419572901578	-0.0289266674047	-0.0319520215632	-0.0388641148936	-0.0489166621015	-0.0236909218535	0.00423119682857	-0.0562703867131	0.00303914075313	-0.00796577162991	-0.00796331954745	-0.0373996259779	0.0181557379555	-0.0451481032728	0.00751874316412	0.0121917449573	0.00709175527107	-0.038757066467	-0.0432457794766	-0.0392427252995	-0.0249614616945	-0.0238229583683	0.0594527533675	0.0363590989289	0.00952129603716	0.0212871869033	-0.0126472906703	-0.027725729995	-0.0344443990953	-0.0343626659966	-0.0250239214826	0.00698105549241	0.010219033284	0.0349190608579	0.0173014988176	0.00056461439257	-0.0302298224835	-0.00509027994712	-0.0586957604823	-0.01813602609	0.0206154194808
k__Bacteria;p__Bacteroidetes;c__Bacteroidia;o__Bacteroidales;f__Bacteroidaceae;g__Bacteroides;s__Bacteroides_coprocola	0.000290256666993	0.0101321767399	-0.0177351687215	-0.029638637725	0.0298978567728	0.0577388735705	-0.0494644990609	-0.0259147510239	-0.0501945693698	0.0212177821517	-0.000284693361343	1.0	0.0121460310202	-0.0411884766087	-0.0414513544597	-0.0480777866324	-0.0386745084732	-0.0519013346562	0.0402684639677	-0.0184440068236	-0.0434293455605	0.0343883347267	0.0321851610351	0.00857473436737	-0.0384185694585	-0.0224464353684	-0.0564542658299	0.0114507746566	0.00952385283518	-0.0338965484773	-0.0128703914679	-0.00328626188369	-0.0237979271969	-0.0338375505671	0.0167543973655	0.00639547121058	-0.0175083461447	-0.0857369345383	0.0326831078953	-0.0134570877412	0.0308120918237	0.0272838421523	-0.0118376774137	2.88171666838e-05	0.04774628188	-0.00355234538682	-0.0170118604685	-0.054600394577	0.0174747265709	-0.00403696798579	-0.0100532016627	-0.00684484922814	0.051771419342	-0.0719891853568	-0.0232050803074	0.0133477531189	0.0492081899142	-0.0472306454429	-0.0182218892398
k__Bacteria;p__Bacteroidetes;c__Bacteroidia;o__Bacteroidales;f__Bacteroidaceae;g__Bacteroides;s__Bacteroides_cellulosilyticus	-0.0105495793839	-0.00681321496377	0.0156258999282	0.0290791851743	0.0318421042387	0.00432824501416	0.0206304901563	-0.0445084927973	-0.0373997253478	-0.0197359561219	0.013230192892	0.0121460310202	1.0	0.0279687885848	0.0019625463132	0.0510910714254	0.0179639061942	-0.0181988755946	0.0219929515631	0.0018441630271	-0.0326031725512	-0.0664127402546	0.0218799346704	-0.0160785601554	-0.00084055073526	0.0127600653545	0.0343453786418	-0.0177728009796	0.00210572733266	0.0308192328819	0.0180538853402	-0.0190086944717	0.0216424650311	-0.0457872684188	0.00177355339811	-0.0185326944305	0.0115532253605	0.0205664374443	-0.00745267649207	-0.00393862119157	-0.0135904570906	-0.0629354114419	-0.0153509333392	-0.0309384524512	0.00848157635723	0.0117696562463	-0.0341888705888	-0.0157481491666	-0.0242115604091	-0.0220727737975	0.0415108816019	-0.023905155554	-0.0377958281063	0.000237625935698	-0.0202008785093	-0.0483940387704	0.0267661457177	-0.0289910488983	0.0429830255436
k__Bacteria;p__Bacteroidetes;c__Bacteroidia;o__Bacteroidales;f__Rikenellaceae;g__Alistipes;s__Alistipes_obesi	-0.033326203299	0.0178700615774	-0.0353241993917	0.018535893683	0.0175945603907	-0.00403061293379	-0.00966385759686	-0.008722585106	0.0454029680357	-0.00273705380948	0.0194541138337	-0.0411884766087	0.0279687885848	1.0	-0.0485464564729	-0.0164664841908	0.0226245501403	-0.0181017744659	-0.00741234792198	0.0313491436757	-0.0522568931599	-0.0633474675399	0.0274556097564	-0.0212007703128	-0.0487376515193	-0.00592832637036	-0.00360138769047	-0.0322166210748	-0.0170839386454	0.0664462060031	-0.00416504956117	0.0277462692273	-0.0292553572228	-0.0655860510932	0.0261295325545	-0.045395182916	0.0418972188709	-0.048670579195	0.0120613604071	0.0468954708594	0.0394716416681	0.00824406692589	0.00750510364948	-0.0207460209799	-0.0619334609096	-0.00909004333079	0.0227973487536	0.00663047997292	-0.0475283020433	-0.140062552071	0.0246320485568	-0.0166703343482	0.0730484259714	0.00130828052256	-0.0225610306166	0.0447508683314	-0.00579989940832	-0.0254435202413	-0.045077350388
k__Bacteria;p__Firmicutes;c__Clostridia;o__Clostridiales;f__Lachnospiraceae;g__;s__[Eubacterium]_rectale	-0.0635705971251	-0.00968090909689	0.0516992164766	0.0435498534929	-0.0384709233848	0.0358297620358	0.0274255241541	-0.0574116323255	0.0223340060152	-0.0717386964094	0.0229170221216	-0.0414513544597	0.0019625463132	-0.0485464564729	1.0	0.0168666864947	0.0563994309155	-0.00844409554469	0.0659459648516	0.0295424856241	-0.0126660097719	-0.0658181853796	-0.0394210651144	0.0278357862762	-0.0455225731687	0.0199562423372	-0.0266177582216	-0.00314973360862	-0.0416007170886	0.0663081093468	-0.00990463218494	0.0701258455596	0.0558075430379	-0.0130607368576	0.0305940773369	0.00764534336219	-0.0840476772791	-0.0366277361997	-0.0939573117382	0.0231525129633	0.0141299416708	0.0402047422476	-0.00397809357889	0.0133304660422	-0.0298234534375	0.00700155000782	0.025359162645	-0.0128563739088	-0.0230327966193	-0.0223758500181	0.00661986509371	-0.012064556271	-0.0486184514243	-0.0221387824192	-0.0399416264416	-0.0374406612082	-0.0435693827059	-0.0114615365191	-0.0136714931149
k__Bacteria;p__Bacteroidetes;c__Bacteroidia;o__Bacteroidales;f__Bacteroidaceae;g__Bacteroides;s__Bacteroides_plebeius	-0.0788050638227	-0.0106108945023	-0.0742750544828	-0.00539791548856	-0.0294596639556	-0.0202434605278	-0.0546305448497	-0.0276506800381	-0.0205985388844	0.00964002162541	-0.123276873937	-0.0480777866324	0.0510910714254	-0.0164664841908	0.0168666864947	1.0	0.0396589300555	0.0157254792602	0.0173879681258	0.0165621803291	0.058286628953	-0.0406662420519	-0.0161286130756	0.0776993547681	0.0150897372145	-0.0206455536948	0.0226000541103	-0.0304243428456	0.00659117762122	-0.0405233837144	0.029985469131	0.00298649606325	-0.0115032767498	-0.0281911217371	0.0142212961415	0.014148673926	-0.066142335076	0.00985040502678	-0.00704224440613	-0.0118158832118	-0.0176408581046	0.00135181903083	-0.0978912111598	0.0183908672665	-0.00987107613481	-0.0228542129807	-0.0418843608704	-0.00731094461781	-0.0215261350561	0.00737820093767	0.0299780567978	0.0209921551684	-0.0162222394574	0.00278409589842	0.0791536116281	0.0819142285171	-0.0820815768153	-0.0127629572899	-0.0375901668355
k__Bacteria;p__Bacteroidetes;c__Bacteroidia;o__Bacteroidales;f__Bacteroidaceae;g__Bacteroides;s__Bacteroides_fragilis	0.00487188707711	-0.0290105174038	-0.0203612800643	0.00116159675482	-0.0110256957597	0.0780617051934	-0.0264607574453	-0.0150259661192	0.0687734596115	-0.0406235552347	0.0527933677691	-0.0386745084732	0.0179639061942	0.0226245501403	0.0563994309155	0.0396589300555	1.0	-0.00489037386324	-0.00625656859469	-0.0528379234481	-0.106747205486	0.0166074238434	-0.0118297287694	-0.031390757685	0.0383784329744	-0.0499519714602	0.047984466402	0.0338421499348	-0.00111298018684	-0.0183336050467	0.00867456744477	0.0514021342708	0.0514253298892	-0.023149740871	0.0390481069348	-0.0268687616543	-0.0248359028044	-0.0366789016064	-0.0518590756926	-0.0229292677474	-0.0204232931071	-0.0674632994274	-0.068328275494	-0.0449178150584	0.0156707367038	-0.0670236508564	-0.0891569526695	-0.0185224717935	0.0484300927158	-0.00488919562606	-0.00904253379834	-0.027918847237	-0.0266470220456	0.0446213156529	0.0322712628157	-0.005336728487	-0.0115451761999	-0.039335387885	-0.00865109080435
k__Bacteria;p__Proteobacteria;c__Betaproteobacteria;o__Burkholderiales;f__Sutterellaceae;g__Sutterella;s__Sutterella_wadsworthensis	-0.0535053874637	-0.039654388171	-0.0389191946594	0.042935607045	-0.0402415636147	0.00136032626922	-0.0175578504101	-0.0536579402559	-0.0223325673058	-0.038796505051	0.014925520142	-0.0519013346562	-0.0181988755946	-0.0181017744659	-0.00844409554469	0.0157254792602	-0.00489037386324	1.0	0.000667261785714	0.0129046440682	-0.00223180578389	-0.0262558681012	-0.0581553604687	-0.00758183239484	0.0197984758873	0.0335505917216	-0.0769250421272	0.0280542640462	0.0361810564197	-0.0182025174658	-0.0577455357355	0.0220248627512	-0.0125016243749	-0.0394645621272	0.0126590173472	-0.0175028707042	-0.000466894960455	-0.004685888754	0.0105233273926	-0.0118388497827	-0.0084484823096	0.0111011707439	0.0425426522853	-0.044768503329	-0.060201568951	-0.00608638919451	0.037340780489	-0.0148880083141	-0.0591584212883	0.00843402082602	0.00150042087665	-0.0249723849667	0.0195489316215	0.0322906643825	0.0775899276405	-0.00902348352992	0.038877125003	-0.0297878767259	-0.0190932193378
k__Bacteria;p__Bacteroidetes;c__Bacteroidia;o__Bacteroidales;f__Porphyromonadaceae;g__Barnesiella;s__Barnesiella_intestinihominis	-0.00569355171217	0.0177772885717	-0.0458301733411	-0.0120701132123	0.00678091036532	-0.0451627797644	-0.0452907099457	-0.0574451819697	-0.0233595531734	0.00347508115355	-0.0419572901578	0.0402684639677	0.0219929515631	-0.00741234792198	0.0659459648516	0.0173879681258	-0.00625656859469	0.000667261785714	1.0	0.0187712375551	0.0197552712526	0.00547293330187	-0.0834257636363	0.00272087753996	-0.0312535141936	-0.064300903177	0.0260893507944	0.0455140499753	-0.0754180874965	0.0270014186618	-0.00120917456208	0.00373652975545	-0.0328159242953	-0.0716883241987	-0.0247361243322	-0.0845363291527	0.0248118155865	-0.0277380856471	0.0176506815659	-0.0365553984486	-0.0343675324321	0.0164238732739	0.0116207999538	0.0678132367193	-0.0132299611127	0.0598284065276	0.0311364753367	0.0757853437139	0.00165760427772	-0.0282133962782	-0.0280886504012	0.00889787716776	-0.00276367021063	-0.0464616205713	-0.0235150232573	0.0782177455716	-0.0347697758693	0.0345123335529	-0.0483782779292
k__Bacteria;p__Bacteroidetes;c__Bacteroidia;o__Bacteroidales;f__Odoribacteraceae;g__Odoribacter;s__Odoribacter_splanchnicus	-0.0375692194145	-0.0181258943708	-0.0376896542086	0.00357213351483	-0.0852760640966	0.0135011105359	0.103222246276	0.0538294573021	0.0384119620944	0.00323743400057	-0.0289266674047	-0.0184440068236	0.0018441630271	0.0313491436757	0.0295424856241	0.0165621803291	-0.0528379234481	0.0129046440682	0.0187712375551	1.0	-0.00714294097871	-0.0534472856829	0.0134557341487	0.00311192896503	-0.0534980586467	0.0326859388021	-0.0470941388137	0.0682450980411	-0.0284950946639	-0.0320276285052	0.0142192849881	-0.00597608438306	-0.0694510729384	-0.0219406652701	-0.0170983015045	0.00753760535895	0.0314647036984	-0.00999669188168	-0.013322889723	0.0714155714671	0.0245712583529	-0.0111879486461	0.0103031232431	0.0241679211558	0.00697685640102	0.0085648481559	-0.0293796849462	-0.066009884282	-0.0361638683657	-0.0291959313152	-0.0657563983846	-0.0221858460707	-0.0669588104821	-0.0188601408817	0.0370824924012	-0.0290746162919	0.0141482375132	0.0389079540538	-0.0431556534253
k__Bacteria;p__Bacteroidetes;c__Bacteroidia;o__Bacteroidales;f__Bacteroidaceae;g__Bacteroides;s__Bacteroides_salyersiae	-0.00688232829355	-0.00608560100009	-0.0706875301411	-0.00415401405547	-0.012965350721	0.00828475576098	0.00449714754169	0.0205409469319	0.039774666533	-0.0170652895338	-0.0319520215632	-0.0434293455605	-0.0326031725512	-0.0522568931599	-0.0126660097719	0.058286628953	-0.106747205486	-0.00223180578389	0.0197552712526	-0.00714294097871	1.0	0.014868235695	-0.00654234651185	0.115832088707	0.0266092724232	0.0196292736853	-0.0106753135723	-0.0361339361463	-0.0198479451383	0.0373057442916	-0.00570838491473	0.0523299821652	-0.0607799968668	-0.00145802498354	-0.0167714160431	0.054419873718	-0.0592736469292	-0.0323820658043	-0.0166454433931	0.0209103095782	0.0139299215899	-0.0145208900161	-0.0583522519013	-0.0400544552645	0.0467801388695	0.0290808499277	-0.0299624847753	-0.00134258232988	-0.0343750319416	0.0433337453582	0.0532929661609	0.0428048537448	0.00113396541987	-0.0775806934798	-0.0504483062184	-0.0275562350117	0.0170941059998	0.0223614833094	-0.0215366888917
k__Bacteria;p__Firmicutes;c__Clostridia;o__Clostridiales;f__Ruminococcaceae;g__Ruminiclostridium;s__[Eubacterium]_siraeum	0.0452628160384	-0.0339013665301	0.0368306708411	-0.0478007912198	-0.0436696239554	-0.0378331529174	-0.0275838949297	0.00922635771908	0.00539163879442	-0.0754319994224	-0.0388641148936	0.0343883347267	-0.0664127402546	-0.0633474675399	-0.0658181853796	-0.0406662420519	0.0166074238434	-0.0262558681012	0.00547293330187	-0.0534472856829	0.014868235695	1.0	-0.0151103940139	0.0300823667295	0.0508152872559	-0.0229339487689	-0.0488047338588	0.035079547672	-0.0354190450857	0.00849024358261	-0.0609166763177	-0.0337021182649	-0.0457155732337	0.0361992870426	-0.0552958205662	-0.0251003970922	-0.0133809683651	-0.0613534670333	0.0271852425383	0.0423490522289	-0.0109618035642	0.0171746926813	0.0168185707592	0.0517380779735	-0.0103809015309	0.0459934494892	-0.020795111671	0.011669700968	0.0274478976406	0.00458565354385	0.00377008564326	0.0220834173069	0.0219073488054	0.0506348176049	-0.0222414121287	0.00757512058207	0.000709046799175	0.0418151491707	-0.0145117652475
k__Bacteria;p__Proteobacteria;c__Betaproteobacteria;o__Burkholderiales;f__Sutterellaceae;g__Parasutterella;s__Parasutterella_excrementihominis	-0.0241401354135	0.0689258401753	0.0548048487766	0.0601882143515	0.012658642726	0.0129672853811	0.00318506603099	0.0369534635377	-0.00424882131252	0.0127834638175	-0.0489166621015	0.0321851610351	0.0218799346704	0.0274556097564	-0.0394210651144	-0.0161286130756	-0.0118297287694	-0.0581553604687	-0.0834257636363	0.0134557341487	-0.00654234651185	-0.0151103940139	1.0	-0.0355301136976	0.0217581808545	-0.0230209205993	-0.0313524470134	-0.0775130538855	-0.0296612554243	-0.00113711211972	0.00902375454258	-0.0369237215927	0.00338897187495	0.0176991642416	-0.0321455677515	0.0214629968051	0.0224098992997	-0.0212935336528	0.0110919528833	0.0205797713608	0.0360467538761	-0.00271294648528	-0.0417764925325	-0.00600352931233	0.0109448901755	0.0200125490695	-0.029266204745	-0.0171015588172	-0.0535802731864	-0.0221955449619	0.025495364968	-0.0541685505634	-0.0034100895525	0.0103202156758	-0.0455607597966	0.0223622732385	0.0797263608607	0.0275241192402	0.0270591436203
k__Bacteria;p__Actinobacteria;c__Actinobacteria;o__Bifidobacteriales;f__Bifidobacteriaceae;g__Bifidobacterium;s__Bifidobacterium_adolescentis	0.016572540414	-0.00434112237048	0.0418682147326	-0.0604066113107	0.0163408055675	-0.0427013747037	-0.0404366576072	-0.0264651002367	-0.0252335651639	-0.0115507255761	-0.0236909218535	0.00857473436737	-0.0160785601554	-0.0212007703128	0.0278357862762	0.0776993547681	-0.031390757685	-0.00758183239484	0.00272087753996	0.00311192896503	0.115832088707	0.0300823667295	-0.0355301136976	1.0	-0.0127086675223	0.0203790709084	-0.00290358192525	-0.0297046990356	0.00374080977867	-0.080878680879	-0.0944065672201	0.0723116092824	0.0122948526234	-0.0268444870852	0.0236563800068	-0.0133559924738	-0.032984513446	0.0366021789997	0.000441678222123	-0.0323708511107	-0.0460383126636	-0.0452635826206	-0.0259244379121	0.00303225307387	0.032553832905	-0.0490358104085	0.0336307730334	-0.00204840321055	0.0373401164612	0.00291709798168	0.026078152364	-0.0418740297725	-0.0385982603377	-0.0448583205194	-0.0987370332567	0.0534466177369	-0.0214228331082	-0.00149020800899	0.0398051515142
k__Bacteria;p__Firmicutes;c__Clostridia;o__Clostridiales;f__Oscillospiraceae;g__Oscillibacter;s__Oscillibacter_sp._KLE_1745	-0.0170122980824	-0.0152140320731	0.0145921338229	-0.0856649068938	0.0273565969034	0.00447913723674	0.00124784363206	0.0269336315716	-0.00107492898659	-0.0260222200337	0.00423119682857	-0.0384185694585	-0.00084055073526	-0.0487376515193	-0.0455225731687	0.0150897372145	0.0383784329744	0.0197984758873	-0.0312535141936	-0.0534980586467	0.0266092724232	0.0508152872559	0.0217581808545	-0.0127086675223	1.0	-0.023698763958	0.0264297484895	-0.017070596686	0.0193964095187	-0.0678947825603	0.0370219565788	0.026733401018	-0.0279279332735	-0.0632488632293	0.0258824030773	-0.00676094389612	0.02222189399	-0.0485935986759	0.00953548391209	0.0245971885957	-0.0475946050347	-0.0152507447836	0.00957699523198	-0.0309610191559	-0.0300409025305	0.0376454936844	-0.0384625189784	-0.024117362897	0.0725939402536	-0.0177856573331	0.00328611052896	0.00560212719745	-0.0288779038363	-0.0170190570621	-0.0435971396588	-0.0146812814953	0.0249572038313	0.0142578143172	-0.0187064796047
k__Bacteria;p__Bacteroidetes;c__Bacteroidia;o__Bacteroidales;f__Bacteroidaceae;g__Bacteroides;s__Bacteroides_coprophilus	-0.0763436155739	-0.0167558527946	0.0190176185568	0.0468656404385	-0.0305904787791	0.0211644503703	0.0115084474627	0.0303956992728	0.00996848922778	0.0176156395878	-0.0562703867131	-0.0224464353684	0.0127600653545	-0.00592832637036	0.0199562423372	-0.0206455536948	-0.0499519714602	0.0335505917216	-0.064300903177	0.0326859388021	0.0196292736853	-0.0229339487689	-0.0230209205993	0.0203790709084	-0.023698763958	1.0	0.0605138692475	-0.033676997708	-0.0210411174555	-0.00416481270168	-0.0248581243972	-0.0178215630969	-0.00956948275427	-0.0193512954148	0.00469462223084	-0.065059834016	-0.0458062045461	-0.047162420003	-0.0350026345945	-0.0600753375718	0.0129027453876	-0.020503550632	0.0147915775995	-0.0641703386435	0.000899920928976	-0.00471812894023	-0.0196560415313	0.0403262485903	0.0548735093858	0.0144599792667	-0.0428602994407	-0.0343801329465	-0.0623374154296	0.0168628417839	0.00318245625925	-0.0217137650842	0.0337170353998	-0.0375304655856	-0.0268864613596
k__Bacteria;p__Firmicutes;c__Clostridia;o__Clostridiales;f__Lachnospiraceae;g__Roseburia;s__Roseburia_intestinalis	-0.0478131879586	-0.0173928248449	-0.0260817739707	0.0358281797326	-0.00274840445772	0.0271567787448	0.0189058288441	-0.0754990005519	-0.0072477624485	0.0513217241688	0.00303914075313	-0.0564542658299	0.0343453786418	-0.00360138769047	-0.0266177582216	0.0226000541103	0.047984466402	-0.0769250421272	0.0260893507944	-0.0470941388137	-0.0106753135723	-0.0488047338588	-0.0313524470134	-0.00290358192525	0.0264297484895	0.0605138692475	1.0	0.0466031633468	-0.0669955280091	0.0121979236978	-0.0231377927533	0.00970494088709	-0.00183003441882	0.00118398956121	0.00634015546642	-0.0410284360586	-0.0288053159442	0.00465106669577	0.0300875109102	0.032901865821	-0.0314345445124	-0.012998961981	0.0441591479708	-0.0184875752791	0.0309767924947	0.0268750069754	-0.0531212449701	0.038575207536	-0.0173998144663	0.01783030671	-0.0229275051856	0.00215347679473	-0.00397137273904	-0.0378483863916	0.00676189227652	-0.063218900651	-0.0083938922448	0.0656583935699	-0.00817977447223
k__Bacteria;p__Firmicutes;c__Clostridia;o__Clostridiales;f__Lachnospiraceae;g__Roseburia;s__Roseburia_hominis	-0.0387720140374	0.019165427547	0.0287068511581	-0.0496223379285	-0.0192065273268	0.0146610092108	-0.000904158980865	-0.00875721902646	0.0596568354195	0.0102538347827	-0.00796577162991	0.0114507746566	-0.0177728009796	-0.0322166210748	-0.00314973360862	-0.0304243428456	0.0338421499348	0.0280542640462	0.0455140499753	0.0682450980411	-0.0361339361463	0.035079547672	-0.0775130538855	-0.0297046990356	-0.017070596686	-0.033676997708	0.0466031633468	1.0	-0.0223340003281	-0.0101869280341	-0.0865785311821	-0.082304775975	0.0399169954852	-0.00309075475946	-0.0555724786914	-0.00706832910047	-0.0296538282159	0.0277404911443	0.0378580886043	0.0395700464515	-0.016062543976	0.0103391033959	0.000817287639881	-0.0028340620105	-0.0613809375208	0.00202454068038	0.00871806908593	0.0769238804651	0.0454249371476	-0.0212933699747	-0.0595608386662	-0.0639340824957	-0.0396359116111	-0.00321028136945	-0.0202877763653	-0.00914551479318	0.0029655191155	-0.0553032904996	0.0243508672906
k__Bacteria;p__Bacteroidetes;c__Bacteroidia;o__Bacteroidales;f__Porphyromonadaceae;g__Parabacteroides;s__Parabacteroides_johnsonii	0.0439246297331	-0.000312410797018	0.00770386612154	0.0126492630303	0.0393745368347	-0.00308973393252	-0.0221332362249	-0.0128465638317	-0.0382148079188	-0.0197934526029	-0.00796331954745	0.00952385283518	0.00210572733266	-0.0170839386454	-0.0416007170886	0.00659117762122	-0.00111298018684	0.0361810564197	-0.0754180874965	-0.0284950946639	-0.0198479451383	-0.0354190450857	-0.0296612554243	0.00374080977867	0.0193964095187	-0.0210411174555	-0.0669955280091	-0.0223340003281	1.0	-0.00885328578022	0.0130703013827	0.00826384591684	0.00840309447701	0.0338522226632	-0.0213577409627	-0.0257478941317	-0.0331638018309	0.0306645519362	-0.0152776392702	0.0236444795898	-0.0317586219859	-0.00251502501592	-0.00265513768866	0.0231421372929	0.0372255906897	-0.00211674320316	-0.00816127846769	-0.0196619547956	0.0482409087618	-0.0265392104281	-0.0416497240807	-0.00498203435203	0.000503652625847	-0.057545040717	0.0401480976416	-0.0991454694585	-0.0492139767012	0.00654256527911	-0.0110838734889
k__Bacteria;p__Actinobacteria;c__Actinobacteria;o__Bifidobacteriales;f__Bifidobacteriaceae;g__Bifidobacterium;s__Bifidobacterium_longum	-0.00657189104937	-0.0221000738767	-0.00542059529163	-0.0343979738434	0.00648440816162	-0.0728153683183	-0.0166293897849	-0.00319404627171	-0.000603022299373	0.00281621142091	-0.0373996259779	-0.0338965484773	0.0308192328819	0.0664462060031	0.0663081093468	-0.0405233837144	-0.0183336050467	-0.0182025174658	0.0270014186618	-0.0320276285052	0.0373057442916	0.00849024358262	-0.00113711211972	-0.080878680879	-0.0678947825603	-0.00416481270168	0.0121979236978	-0.0101869280341	-0.00885328578022	1.0	-0.0200109610922	0.0358852406599	0.0303066015431	0.0319174978262	0.0265927385858	0.0219675342135	-0.0138221608125	0.0051967265269	-0.0988344012687	0.0463276813583	-0.0218461556856	-0.0471922463543	-0.00838133725305	0.0995002240603	0.0399651092245	-0.0376240984365	-0.0378137733171	0.0334789134997	-0.0118629473466	0.0284540152846	-0.0369420069572	0.0273910281234	-0.0417592845106	-0.0425898737549	-0.00602593397092	-0.0162380786202	-0.00986841177023	0.0327051015669	0.0353230972946
