#taxonomy	k__Bacteria;p__Bacteroidetes;c__Bacteroidia;o__Bacteroidales;f__Bacteroidaceae;g__Bacteroides;s__Bacteroides_vulgatus	k__Bacteria;p__Bacteroidetes;c__Bacteroidia;o__Bacteroidales;f__Bacteroidaceae;g__Bacteroides;s__Bacteroides_uniformis	k__Bacteria;p__Bacteroidetes;c__Bacteroidia;o__Bacteroidales;f__Rikenellaceae;g__Alistipes;s__Alistipes_putredinis	k__Bacteria;p__Bacteroidetes;c__Bacteroidia;o__Bacteroidales;f__Prevotellaceae;g__Prevotella;s__Prevotella_copri	k__Bacteria;p__Bacteroidetes;c__Bacteroidia;o__Bacteroidales;f__Bacteroidaceae;g__Bacteroides;s__Bacteroides_stercoris	k__Bacteria;p__Bacteroidetes;c__Bacteroidia;o__Bacteroidales;f__Bacteroidaceae;g__Bacteroides;s__Bacteroides_ovatus	k__Bacteria;p__Bacteroidetes;c__Bacteroidia;o__Bacteroidales;f__Rikenellaceae;g__Alistipes;s__Alistipes_shahii	k__Bacteria;p__Firmicutes;c__Clostridia;o__Clostridiales;f__Ruminococcaceae;g__Faecalibacterium;s__Faecalibacterium_prausnitzii	k__Bacteria;p__Bacteroidetes;c__Bacteroidia;o__Bacteroidales;f__Rikenellaceae;g__Alistipes;s__Alistipes_finegoldii	k__Bacteria;p__Bacteroidetes;c__Bacteroidia;o__Bacteroidales;f__Porphyromonadaceae;g__Parabacteroides;s__Parabacteroides_distasonis	k__Bacteria;p__Bacteroidetes;c__Bacteroidia;o__Bacteroidales;f__Bacteroidaceae;g__Bacteroides;s__Bacteroides_thetaiotaomicron	k__Bacteria;p__Bacteroidetes;c__Bacteroidia;o__Bacteroidales;f__Bacteroidaceae;g__Bacteroides;s__Bacteroides_coprocola	k__Bacteria;p__Bacteroidetes;c__Bacteroidia;o__Bacteroidales;f__Bacteroidaceae;g__Bacteroides;s__Bacteroides_cellulosilyticus	k__Bacteria;p__Bacteroidetes;c__Bacteroidia;o__Bacteroidales;f__Rikenellaceae;g__Alistipes;s__Alistipes_obesi	k__Bacteria;p__Firmicutes;c__Clostridia;o__Clostridiales;f__Lachnospiraceae;g__;s__[Eubacterium]_rectale	k__Bacteria;p__Bacteroidetes;c__Bacteroidia;o__Bacteroidales;f__Bacteroidaceae;g__Bacteroides;s__Bacteroides_plebeius	k__Bacteria;p__Bacteroidetes;c__Bacteroidia;o__Bacteroidales;f__Bacteroidaceae;g__Bacteroides;s__Bacteroides_fragilis	k__Bacteria;p__Proteobacteria;c__Betaproteobacteria;o__Burkholderiales;f__Sutterellaceae;g__Sutterella;s__Sutterella_wadsworthensis	k__Bacteria;p__Bacteroidetes;c__Bacteroidia;o__Bacteroidales;f__Porphyromonadaceae;g__Barnesiella;s__Barnesiella_intestinihominis	k__Bacteria;p__Bacteroidetes;c__Bacteroidia;o__Bacteroidales;f__Odoribacteraceae;g__Odoribacter;s__Odoribacter_splanchnicus	k__Bacteria;p__Bacteroidetes;c__Bacteroidia;o__Bacteroidales;f__Bacteroidaceae;g__Bacteroides;s__Bacteroides_salyersiae	k__Bacteria;p__Firmicutes;c__Clostridia;o__Clostridiales;f__Ruminococcaceae;g__Ruminiclostridium;s__[Eubacterium]_siraeum	k__Bacteria;p__Proteobacteria;c__Betaproteobacteria;o__Burkholderiales;f__Sutterellaceae;g__Parasutterella;s__Parasutterella_excrementihominis	k__Bacteria;p__Actinobacteria;c__Actinobacteria;o__Bifidobacteriales;f__Bifidobacteriaceae;g__Bifidobacterium;s__Bifidobacterium_adolescentis	k__Bacteria;p__Firmicutes;c__Clostridia;o__Clostridiales;f__Oscillospiraceae;g__Oscillibacter;s__Oscillibacter_sp._KLE_1745	k__Bacteria;p__Bacteroidetes;c__Bacteroidia;o__Bacteroidales;f__Bacteroidaceae;g__Bacteroides;s__Bacteroides_coprophilus	k__Bacteria;p__Firmicutes;c__Clostridia;o__Clostridiales;f__Lachnospiraceae;g__Roseburia;s__Roseburia_intestinalis	k__Bacteria;p__Firmicutes;c__Clostridia;o__Clostridiales;f__Lachnospiraceae;g__Roseburia;s__Roseburia_hominis	k__Bacteria;p__Bacteroidetes;c__Bacteroidia;o__Bacteroidales;f__Porphyromonadaceae;g__Parabacteroides;s__Parabacteroides_johnsonii	k__Bacteria;p__Actinobacteria;c__Actinobacteria;o__Bifidobacteriales;f__Bifidobacteriaceae;g__Bifidobacterium;s__Bifidobacterium_longum	k__Bacteria;p__Firmicutes;c__Clostridia;o__Clostridiales;f__;g__Flavonifractor;s__Flavonifractor_plautii	k__Bacteria;p__Firmicutes;c__Clostridia;o__Clostridiales;f__Clostridiaceae;g__Clostridium;s__Clostridium_phoceensis	k__Bacteria;p__Verrucomicrobia;c__Verrucomicrobiae;o__Verrucomicrobiales;f__Akkermansiaceae;g__Akkermansia;s__Akkermansia_muciniphila	k__Bacteria;p__Bacteroidetes;c__Bacteroidia;o__Bacteroidales;f__Prevotellaceae;g__Paraprevotella;s__Paraprevotella_xylaniphila	k__Bacteria;p__Firmicutes;c__Clostridia;o__Clostridiales;f__Ruminococcaceae;g__Ruminococcus;s__Ruminococcus_callidus	k__Bacteria;p__Bacteroidetes;c__Bacteroidia;o__Bacteroidales;f__Rikenellaceae;g__Alistipes;s__Alistipes_senegalensis	k__Bacteria;p__Firmicutes;c__Clostridia;o__Clostridiales;f__Lachnospiraceae;g__Blautia;s__Blautia_sp._KLE_1732	k__Bacteria;p__Bacteroidetes;c__Bacteroidia;o__Bacteroidales;f__Bacteroidaceae;g__Bacteroides;s__Bacteroides_oleiciplenus	k__Bacteria;p__Firmicutes;c__Clostridia;o__Clostridiales;f__Ruminococcaceae;g__Ruminococcus;s__Ruminococcus_bicirculans	k__Bacteria;p__Bacteroidetes;c__Bacteroidia;o__Bacteroidales;f__Bacteroidaceae;g__Bacteroides;s__Bacteroides_fluxus	k__Bacteria;p__Bacteroidetes;c__Bacteroidia;o__Bacteroidales;f__Prevotellaceae;g__Prevotella;s__Prevotella_stercorea	k__Bacteria;p__Firmicutes;c__Clostridia;o__Clostridiales;f__Lachnospiraceae;g__Dorea;s__Dorea_longicatena	k__Bacteria;p__Firmicutes;c__Clostridia;o__Clostridiales;f__Eubacteriaceae;g__Eubacterium;s__[Eubacterium]_eligens	k__Bacteria;p__Firmicutes;c__Clostridia;o__Clostridiales;f__Ruminococcaceae;g__;s__Ruminococcaceae_bacterium_D16	k__Bacteria;p__Firmicutes;c__Clostridia;o__Clostridiales;f__Lachnospiraceae;g__Coprococcus;s__Coprococcus_comes	k__Bacteria;p__Proteobacteria;c__Gammaproteobacteria;o__Enterobacterales;f__Enterobacteriaceae;g__Escherichia;s__Escherichia_coli	k__Bacteria;p__Firmicutes;c__Clostridia;o__Clostridiales;f__Ruminococcaceae;g__Anaerotruncus;s__Anaerotruncus_colihominis	k__Bacteria;p__Firmicutes;c__Clostridia;o__Clostridiales;f__Lachnospiraceae;g__Blautia;s__Blautia_obeum	k__Bacteria;p__Bacteroidetes;c__Bacteroidia;o__Bacteroidales;f__Odoribacteraceae;g__Odoribacter;s__Odoribacter_laneus	k__Bacteria;p__Firmicutes;c__Clostridia;o__Clostridiales;f__Ruminococcaceae;g__Ruminiclostridium;s__[Clostridium]_leptum	k__Bacteria;p__Bacteroidetes;c__Bacteroidia;o__Bacteroidales;f__Porphyromonadaceae;g__Parabacteroides;s__Parabacteroides_goldsteinii	k__Bacteria;p__Firmicutes;c__Clostridia;o__Clostridiales;f__Lachnospiraceae;g__Anaerostipes;s__Anaerostipes_hadrus	k__Bacteria;p__Firmicutes;c__Clostridia;o__Clostridiales;f__Ruminococcaceae;g__Ruminococcus;s__Ruminococcus_lactaris	k__Bacteria;p__Firmicutes;c__Clostridia;o__Clostridiales;f__Clostridiaceae;g__Clostridium;s__Clostridium_sp._L2-50	k__Bacteria;p__Firmicutes;c__Clostridia;o__Clostridiales;f__Clostridiaceae;g__Clostridium;s__Clostridium_sp._M62/1	k__Bacteria;p__Firmicutes;c__Clostridia;o__Clostridiales;f__;g__Intestinimonas;s__Intestinimonas_butyriciproducens	k__Bacteria;p__Actinobacteria;c__Actinobacteria;o__Bifidobacteriales;f__Bifidobacteriaceae;g__Bifidobacterium;s__Bifidobacterium_bifidum	k__Bacteria;p__Firmicutes;c__Negativicutes;o__Veillonellales;f__Veillonellaceae;g__Dialister;s__Dialister_invisus	k__Bacteria;p__Bacteroidetes;c__Bacteroidia;o__Bacteroidales;f__Bacteroidaceae;g__Bacteroides;s__Bacteroides_salanitronis
k__Bacteria;p__Bacteroidetes;c__Bacteroidia;o__Bacteroidales;f__Bacteroidaceae;g__Bacteroides;s__Bacteroides_vulgatus	1.0	-0.0706579862388	-0.0107044632902	0.0353581262628	-0.00462176278004	0.045599217595	-0.044298428023	0.0121788249925	-0.0552434034642	-0.0400452549522	0.0340057936067	0.0117053600083	-0.0393975944947	0.042425353873	-0.0185677635062	-0.035121120442	-0.0448577051284	-0.0288990285761	-0.0429770757958	0.0108025491909	-0.100890350612	0.0157285135766	-0.0556182267162	-0.0249240362185	-0.0191299622587	-0.0325984743086	-0.0371353817687	-0.0189734698287	-0.0213744942032	-0.0467295317902	-0.0266387233485	-0.0148970277942	0.0397707351649	-0.0134500966166	0.0195813636443	-0.0351575454251	0.0179784078249	0.0385404240286	-0.010867698621	-0.0371194734796	-0.00157841194207	-0.00439849611409	0.030529317724	-0.0128646454996	0.0120867080344	-0.000545064268085	-0.0395500136487	-0.0408713889241	-0.0114776725934	0.0174704785518	0.0116189958179	-0.0189228419529	-0.0406678127001	-0.0138849271648	-0.0124485651566	0.0311981937511	-0.0655088830468	-0.0361422251393	0.0138582306331
k__Bacteria;p__Bacteroidetes;c__Bacteroidia;o__Bacteroidales;f__Bacteroidaceae;g__Bacteroides;s__Bacteroides_uniformis	-0.0706579862388	1.0	0.0228531529722	0.0123742315658	-0.0572155887691	-0.0393713030629	0.00828464245966	0.0105917398446	0.0021011929912	-0.066162260034	-0.0481340823356	0.0515891796421	0.00938138719694	-0.0206452218489	0.000325514392726	-0.0296518238613	-0.0292216818872	-0.0228756343796	0.0483092991457	0.0267766800556	-0.000241568637216	-0.0174567940157	-0.0436313016018	-0.0390656970929	0.0163034676889	-0.020572673175	0.0498008128418	0.0277569176018	-0.00909987102698	-0.0301667619916	-0.0693148599185	0.0116266523763	0.0376771259945	0.0461092382226	0.0389159695226	-0.0419719040958	0.00667607499498	-0.0430887674059	0.0341101227403	0.000508472004279	0.0382881109981	-0.00334854318734	-0.0191661227466	-0.0365076428051	-0.00416767041386	-0.11778011517	0.0420651948344	0.0521841077788	0.0224954378363	0.0131030365529	0.017828001697	-0.0379930320854	-0.0599803981714	0.0148346464604	0.0806543850402	-0.00714298753526	-0.0618010898085	-7.87640059728e-05	0.0210653584044
k__Bacteria;p__Bacteroidetes;c__Bacteroidia;o__Bacteroidales;f__Rikenellaceae;g__Alistipes;s__Alistipes_putredinis	-0.0107044632902	0.0228531529722	1.0	0.0398675362736	-0.026510011014	-0.0324235930989	0.0138513799961	-0.0835833250729	0.0371572862094	0.0107592687601	-0.0158048939881	-0.0369825116989	0.00399411527047	0.00627713139129	-0.0379331299168	0.00968881499781	-0.019391671324	0.0186315433694	0.0081537216165	0.0300216971229	-0.0720653761115	-0.0308910296621	-0.0939916306768	-0.00881173718167	-0.00089473404419	0.0704250149752	-0.082600394431	-0.0860136047683	-0.0202266766638	0.0558203990532	0.0390788558589	-0.0133580714262	0.0570216788508	0.0299010752884	-0.0106209339628	-0.0589596096285	-0.00360034919249	-0.0271050260563	-0.00792857979735	-0.000770205188643	0.0137146414952	0.0510826022706	0.0614948119842	-0.00303476805867	0.065835204283	-0.0368821100056	-0.0672643410952	-0.0123617557665	-0.0487462628296	-0.0323998957286	-0.040434320995	-0.0243997988567	0.00814585972264	-0.00395923269768	0.0489094099256	-0.0186954569386	0.0531456317751	-0.0397809673102	0.0129916518912
k__Bacteria;p__Bacteroidetes;c__Bacteroidia;o__Bacteroidales;f__Prevotellaceae;g__Prevotella;s__Prevotella_copri	0.0353581262628	0.0123742315658	0.0398675362736	1.0	0.0162760126504	-0.0585511302525	-0.00173272840153	-0.00574866140124	0.105187682604	0.0459999171802	-0.0429659115422	-0.0943408480765	-0.0634744008163	-0.0254892818193	-0.0236477388791	-0.00599421229704	-0.0495523949049	-0.0488808901799	-0.0214659416643	-0.0195503482407	0.0365720317987	-0.0462988544918	0.0131423246946	-0.069764887089	-0.038636965588	-0.00025346338435	0.013225414236	0.0286236132821	-0.0252169744232	0.0374887071289	-0.0460479250384	-0.0192956617149	-0.0316834046282	-0.0541048103476	0.0130996249325	-0.0424153161163	-0.0477841647573	0.00243906125553	0.0908482693045	-0.102602976656	0.0534954011681	-0.00427364799744	-0.0207037322303	-0.0356031830192	-0.0242559520945	0.00659416051744	-0.0632984165404	-0.015594054633	0.0026684690168	0.0456547135525	-0.0390495572541	0.00476754729752	-0.0330040086553	0.0248546020698	0.0204243805429	-0.0383276901944	0.00250924472728	-0.069287312565	-0.0155740166033
k__Bacteria;p__Bacteroidetes;c__Bacteroidia;o__Bacteroidales;f__Bacteroidaceae;g__Bacteroides;s__Bacteroides_stercoris	-0.00462176278004	-0.0572155887691	-0.026510011014	0.0162760126504	1.0	-0.00952378926778	-0.0219685493485	-0.0230939987801	0.0122028261032	-0.00408012787836	0.0204343392922	-0.00508947436002	-0.00218409696585	0.0297546180358	-0.0280830668072	0.00879015705216	0.0460866033681	-0.0233764847912	-0.00563444486583	-0.0022338762586	-0.0233114789635	-0.0798810461253	-0.0120025077649	-0.0101178678375	0.0248704395708	-0.0196640703432	0.0100820685519	0.0202572383111	0.0152453533844	-0.00465023798808	-0.00535365361623	-0.0295212455973	-0.0458237418111	0.0173357255188	-0.00163294755583	0.0639340042962	-0.0109732194934	0.0259152364708	0.0409687439483	-0.035296666882	0.00268696513864	-0.0365735100914	-0.0301647751756	0.0017797990099	-0.0188021820458	-0.00623938829145	-0.00769258045585	0.00759819992461	-0.00914122764243	0.000541303283863	0.0533855839592	-0.0420003587078	-0.0374839865556	-0.0393973100006	-0.0360950534752	0.000682084655902	-0.00665637239781	0.0093976024637	0.0232526920964
k__Bacteria;p__Bacteroidetes;c__Bacteroidia;o__Bacteroidales;f__Bacteroidaceae;g__Bacteroides;s__Bacteroides_ovatus	0.045599217595	-0.0393713030629	-0.0324235930989	-0.0585511302525	-0.00952378926778	1.0	-0.0540464270053	-0.00743979130205	0.0561729225551	0.000433773353127	0.0111466701056	-0.0912575030718	0.0175419423181	0.0021853120319	-0.0214487364813	0.00571517954248	-0.0687463445632	0.0102111501838	-0.0130669475234	-0.0612930340346	0.0107394711474	-0.0062486866271	0.00348984901576	-0.0298258168192	-0.025596189568	-0.0100683955228	-0.0587105040111	-0.016826601588	0.0190591560682	-0.0507943029166	-0.0128832267628	-0.0112131763067	0.0130700246181	-0.0104765364934	-0.0386134005446	-0.0425049995936	0.00206877714942	0.00962026549941	0.0141626478479	-0.0242047533682	-0.0183502852896	0.0234549329111	0.00484229747057	0.000300460032074	-0.00314446101407	-0.0217327461612	-0.00103495606485	-0.0107789849348	-0.0223988631357	0.020183913245	0.0242877876464	0.0403917302204	-0.0555861195211	0.00678211747691	0.0544847856141	-0.0579403659103	-0.0128041954462	0.0445709971517	0.021372461212
k__Bacteria;p__Bacteroidetes;c__Bacteroidia;o__Bacteroidales;f__Rikenellaceae;g__Alistipes;s__Alistipes_shahii	-0.044298428023	0.00828464245966	0.0138513799961	-0.00173272840153	-0.0219685493485	-0.0540464270053	1.0	-0.00077075171657	0.00594337733076	-0.0163466643174	0.0159133167766	0.00116018412393	-0.0193846673478	-0.0523704352495	0.0268885378722	-0.0228665755797	0.0277787850295	-0.00855228142526	-0.0333169713155	0.029506929192	0.0309530977191	-0.00125691829118	0.0155068319442	0.00309102746899	0.0480041390231	-0.0908609717541	0.0204469938772	-0.0225743261051	-0.0626255672491	0.00793875830102	-0.0515016941001	0.0208715213538	-0.0272242969419	-0.0545772041891	-0.000689192317273	0.0172472260334	0.0889092325962	-0.0925564212285	-0.0124876262805	0.0339165776494	-0.0844671845548	0.0329623219128	0.00405196325778	-0.0224746193995	-0.0193110469926	0.0606854403767	0.0528984901331	-0.00980588327518	-0.0103547711053	-0.0231831099328	-0.0768879794559	0.0356223865199	0.022145099827	-0.0347256736048	0.0507020768395	-0.00490817218831	-0.0163708842808	-0.0423485216359	-0.0695873808283
k__Bacteria;p__Firmicutes;c__Clostridia;o__Clostridiales;f__Ruminococcaceae;g__Faecalibacterium;s__Faecalibacterium_prausnitzii	0.0121788249925	0.0105917398446	-0.0835833250729	-0.00574866140124	-0.0230939987801	-0.00743979130205	-0.00077075171657	1.0	-0.00699761431549	-0.0442452702705	0.0484120228947	-0.0399208791967	-0.000728980800465	-0.0356970438297	0.00842931247953	0.00335740551912	0.0165366311663	-0.0142737467634	-0.0316564852434	0.0611618100027	0.0116258731845	0.0449351319649	0.0459505863858	-0.0042484454871	-0.048478127337	-0.00786186202748	0.0477555051443	-0.0168344722222	-0.0158557990072	0.00420831561541	0.00234055316415	-0.0670947509779	-0.0466369679193	0.0342462698898	-0.0233980052725	-0.0620307905968	-0.00107405844446	-0.0604496384825	-0.061937776361	0.0323727940915	0.0303626869788	0.0295943122439	-0.0340882349365	-0.0216474033674	-0.0354221512611	0.00367754208103	-0.0410621218856	-0.0555472379946	-0.0553804451176	0.0320484232716	0.0200394257805	-0.0662360522926	-0.0302200674488	-0.0598875118456	0.00682894919253	0.0414046359116	-0.017901323983	-0.000379003525013	0.0043769896995
k__Bacteria;p__Bacteroidetes;c__Bacteroidia;o__Bacteroidales;f__Rikenellaceae;g__Alistipes;s__Alistipes_finegoldii	-0.0552434034642	0.0021011929912	0.0371572862094	0.105187682604	0.0122028261032	0.0561729225551	0.00594337733076	-0.00699761431549	1.0	-0.0374519478295	-0.00306210123114	-0.105188900421	0.0110690726572	-0.0534656255655	-0.0398727770371	0.0108032800854	0.00230950896323	0.0172701739926	-0.0892475331914	0.0349549610841	-0.0689494581325	-0.0172726236135	-0.0313691895114	-0.0282769967169	-0.067938629974	0.00374901951957	0.0260920166402	-0.0230544120379	-0.0468430320284	0.0254211670013	-0.0377741297925	0.0336654462156	0.0438234246458	-0.00943129038412	0.0185390961964	0.0508662096599	-0.00601329747992	0.00941286630071	-0.0548324251643	0.104807134647	-0.0312538783668	-0.02106330561	-0.0348653820554	-0.0171879087922	0.0345589113929	-0.0434199446709	-0.0226402700541	0.0303183844483	-0.0143587060794	0.0346498810959	-0.0613813505948	-0.00918696000713	0.0371053567074	0.000408277972916	-0.0263417991378	-0.0832330187997	0.0120225555395	-0.0281624789078	-0.0258948519636
k__Bacteria;p__Bacteroidetes;c__Bacteroidia;o__Bacteroidales;f__Porphyromonadaceae;g__Parabacteroides;s__Parabacteroides_distasonis	-0.0400452549522	-0.066162260034	0.0107592687601	0.0459999171802	-0.00408012787836	0.000433773353127	-0.0163466643174	-0.0442452702705	-0.0374519478295	1.0	0.0434501006588	0.0313632585387	-0.0252062317594	-0.0124119779878	-0.0481695892604	-0.0228741793165	-0.022392022205	0.00353765445435	0.0693928456468	0.00543642297385	-0.0304772218669	-0.036538640179	0.0571383836059	-0.0199888546424	0.0410836380105	0.000666562618267	0.00563855324849	-0.0115223875291	-0.00745093022656	0.0174373469569	0.0465571614872	0.023506758802	0.0390610277555	-0.0156176636501	0.00476088973183	0.0274320143554	0.0223496161347	-0.0279213467354	-0.0208402088187	-0.0224352765557	0.0141598379309	-0.035384214471	0.015200624752	-0.0433261636228	0.00456669511412	-0.0165827702015	-0.0538999895394	-0.0471833203211	-0.0667379114218	0.0502522070896	-0.030550964981	-0.0182343483275	0.000659969119152	-0.0229501604195	0.0206149421224	0.0139597972513	-0.0389182155125	-0.00744078311973	-0.0474382262397
k__Bacteria;p__Bacteroidetes;c__Bacteroidia;o__Bacteroidales;f__Bacteroidaceae;g__Bacteroides;s__Bacteroides_thetaiotaomicron	0.0340057936067	-0.0481340823356	-0.0158048939881	-0.0429659115422	0.0204343392922	0.0111466701056	0.0159133167766	0.0484120228947	-0.00306210123114	0.0434501006588	1.0	0.0382647657625	-0.0355118214591	0.00781367159008	-0.0231421470936	0.0335150302237	-0.0024653136795	-0.0457841538472	-0.0118049440582	-0.0162909998365	-0.0302956538457	0.0208975134825	-0.0106132591901	0.0406134141238	-0.0191237627757	-0.00257952013574	0.012500183745	0.02953817659	-0.0491905885235	-0.0111009761584	0.00607905795281	-0.0620612712326	-0.0770879088449	0.0363932983465	0.0101635814711	0.0562900777137	-0.0162887679113	-0.0032986444201	-0.000569544940601	0.0186180889195	-0.0364842532699	-0.021032442686	0.000631663932331	-0.0554472421981	-0.000379120338436	-0.00143344145186	-0.0401401193779	0.016262812345	0.049781527013	0.00580655384671	0.0284419906048	-0.0263508670655	-0.0394523906268	-0.0383759767142	-0.0433523246294	0.00184655156747	0.0258835694095	-0.0235587312316	-0.0155717788924
k__Bacteria;p__Bacteroidetes;c__Bacteroidia;o__Bacteroidales;f__Bacteroidaceae;g__Bacteroides;s__Bacteroides_coprocola	0.0117053600083	0.0515891796421	-0.0369825116989	-0.0943408480765	-0.00508947436002	-0.0912575030718	0.00116018412393	-0.0399208791967	-0.105188900421	0.0313632585387	0.0382647657625	1.0	0.00503123829387	-0.030453053422	-0.00604195277824	0.00395325400052	0.0304601556964	-0.0439804002507	0.0683450234382	-0.0577546774464	-0.0430741144603	0.00925026532128	-0.0208030539015	0.0443295950412	-0.0450715591857	0.026161191455	0.0309965873195	-0.000263015993136	-0.0369263402694	-0.0123736663904	0.00705907075252	-0.0306791202053	-0.0156645788089	0.0711675730341	-0.0115998296748	-0.0122470805049	-0.0200612773232	-0.0103977148148	-0.00163259257935	0.0157841427356	-0.0203883299099	-0.0020596708665	0.00521964776309	0.0202702910449	-0.0195365602617	-0.000150565050708	-0.0388236217832	-0.0167451180196	-0.0345143736225	-0.0875137351719	0.0368405330662	-0.0640805820023	0.0186448908854	0.0161646278354	0.0115536789627	0.0550092949652	0.033078340803	0.00875158463859	-0.0312701464816
k__Bacteria;p__Bacteroidetes;c__Bacteroidia;o__Bacteroidales;f__Bacteroidaceae;g__Bacteroides;s__Bacteroides_cellulosilyticus	-0.0393975944947	0.00938138719694	0.00399411527047	-0.0634744008163	-0.00218409696585	0.0175419423181	-0.0193846673478	-0.000728980800465	0.0110690726572	-0.0252062317594	-0.0355118214591	0.00503123829387	1.0	0.00680918440007	0.0135489521687	0.020835416985	0.0227504683748	-0.014691491647	-0.0080020069746	0.00254858917354	-0.0154311055008	0.0187534093625	-0.00223899913338	0.0472989610943	0.0159520295896	-0.0264646388009	0.022324998914	-0.0303248787982	0.0077948568897	-0.0211625736454	-0.0512036347799	-0.0279419880565	-0.0271636427542	0.0439775239198	0.0153558989793	-0.0217745152338	-0.0432946346454	0.020033569851	0.00379524168235	0.00218598057793	-0.0349538707638	-0.0753040528898	-0.0460240576899	0.0319771936204	-0.0251557220905	0.00370773251934	-0.0487534485434	0.0163903031793	0.0155947529727	0.00515315886963	-0.00194811820346	0.0451356243849	-0.057565057567	-0.068891048267	-0.0134333894439	0.032053553514	-0.00402247218783	-0.00719554481127	0.0105869925344
k__Bacteria;p__Bacteroidetes;c__Bacteroidia;o__Bacteroidales;f__Rikenellaceae;g__Alistipes;s__Alistipes_obesi	0.042425353873	-0.0206452218489	0.00627713139129	-0.0254892818193	0.0297546180358	0.0021853120319	-0.0523704352495	-0.0356970438297	-0.0534656255655	-0.0124119779878	0.00781367159008	-0.030453053422	0.00680918440007	1.0	-0.0324816851894	0.0121519700891	-0.0216867411076	0.0607797462996	-0.0769728559332	0.00505095126488	0.0198031094375	-0.0129844256218	-0.0373296932642	-0.00538079965103	-0.0642638217037	-0.027857638401	-0.0532944288383	0.00636971561023	-0.0476058373101	-0.0491714762968	-0.0371153343143	0.0211142496947	0.000839291691512	-0.0376859491173	-0.0236477467589	-0.0261334126129	-0.0288148874657	-0.0172551466332	0.00434741005467	0.0152553013489	-0.00351249766431	-0.0219096009694	-0.00175532839304	0.0258359217968	-0.0188136398774	-0.0450199147692	-0.0110306283829	0.00704536087964	-0.0305860877319	-0.0489982931285	0.121166932545	-0.0449259461672	0.0348887699198	0.0517854120021	-0.0287664560863	-0.00260687684292	-0.0125623967544	0.0412579980013	-0.0203514033392
k__Bacteria;p__Firmicutes;c__Clostridia;o__Clostridiales;f__Lachnospiraceae;g__;s__[Eubacterium]_rectale	-0.0185677635062	0.000325514392726	-0.0379331299168	-0.0236477388791	-0.0280830668072	-0.0214487364813	0.0268885378722	0.00842931247953	-0.0398727770371	-0.0481695892604	-0.0231421470936	-0.00604195277824	0.0135489521687	-0.0324816851894	1.0	0.0558034536205	0.0352593651204	0.00134370246845	-0.0642073635936	-0.0504034172751	-0.0287885181406	0.0160290000472	-0.0685925044524	0.0454618480442	0.000323972945704	0.00845490195723	0.00981395608043	-0.0154058889239	-0.0168272018231	0.00348336667725	0.0326365320334	-0.0115337751935	0.0272290423761	-0.0408298221142	0.00288417939273	-0.020214876914	0.00653980599292	-0.0412511168048	0.0345131223693	-0.0588673945763	-0.0586855545519	-0.0127355090652	-0.0417212043049	-0.0158789363017	0.0129870896677	0.0123965091789	-0.0257693201928	0.0565754444136	0.0171793438941	0.00225574248075	-0.00325110459704	0.0489472868533	-0.00601559949777	-0.0575541514639	-0.0157815443981	0.0226265658744	-0.0256069967616	-0.0245337290805	0.0227646408716
k__Bacteria;p__Bacteroidetes;c__Bacteroidia;o__Bacteroidales;f__Bacteroidaceae;g__Bacteroides;s__Bacteroides_plebeius	-0.035121120442	-0.0296518238613	0.00968881499781	-0.00599421229704	0.00879015705216	0.00571517954248	-0.0228665755797	0.00335740551912	0.0108032800854	-0.0228741793165	0.0335150302237	0.00395325400052	0.020835416985	0.0121519700891	0.0558034536205	1.0	0.00886877782964	-0.0830684633011	0.0247763271861	-0.00942816768304	-0.0226050763109	-0.00482004942963	-0.0406888904265	0.0411234820094	0.0253712518605	-0.0453907990665	0.0102434388864	0.000207359994776	0.0318489044972	0.0610693289904	0.0142737313835	-0.0222028818184	-0.0526486454998	0.00257762603472	-0.0411768213423	-0.0338796588797	-0.0375050046568	0.0227873728699	-0.0204930656235	0.0114862318781	0.0237133415569	-0.0286071599168	-0.071473256856	0.00136144816978	-0.00454489283131	0.0704402326831	0.0277261556103	0.0167336322369	-0.0131526075948	0.0170498425038	-0.0436157350265	-0.00631808778076	-0.00705023293793	0.0266554398209	0.0300977982432	-0.041395627846	0.0204812002833	0.0273892601629	-0.0576533545753
k__Bacteria;p__Bacteroidetes;c__Bacteroidia;o__Bacteroidales;f__Bacteroidaceae;g__Bacteroides;s__Bacteroides_fragilis	-0.0448577051284	-0.0292216818872	-0.019391671324	-0.0495523949049	0.0460866033681	-0.0687463445632	0.0277787850295	0.0165366311663	0.00230950896323	-0.022392022205	-0.0024653136795	0.0304601556964	0.0227504683748	-0.0216867411076	0.0352593651204	0.00886877782964	1.0	-0.0507002166661	-0.00978682076754	-0.0209033810952	0.0463280335289	-0.016261652317	-0.0082841064368	-0.0467154127558	0.00801940658687	-0.0446014011589	-0.00101730160401	0.0698792132848	0.00956464259309	0.0139737268813	0.0065368653536	-0.0362643762743	-0.0304448667372	-0.00324501771835	-0.0349516353721	0.0132833034699	-0.0276167397922	0.0625861880975	-0.00826118379565	0.00539864809287	0.0052046834539	0.0252693441392	-0.0238380979891	0.0238077259543	-0.0320147981417	0.0155568757856	0.0167892196289	-0.0274942611436	-0.0563887387816	-0.00267748072258	0.0157449577044	-0.016117554494	0.0411328062399	-0.0916376053945	-0.0554054499922	0.00965117220875	-0.0223149985365	-0.0505572667248	-0.00642677675642
k__Bacteria;p__Proteobacteria;c__Betaproteobacteria;o__Burkholderiales;f__Sutterellaceae;g__Sutterella;s__Sutterella_wadsworthensis	-0.0288990285761	-0.0228756343796	0.0186315433694	-0.0488808901799	-0.0233764847912	0.0102111501838	-0.00855228142526	-0.0142737467634	0.0172701739926	0.00353765445435	-0.0457841538472	-0.0439804002507	-0.014691491647	0.0607797462996	0.00134370246845	-0.0830684633011	-0.0507002166661	1.0	0.013618122842	-0.0180882979068	0.0224772413899	-0.00298630134596	0.00602871146449	-0.0204486704436	0.0480144169183	-0.0532684048526	0.0411653837753	0.0132974303623	0.0364653486479	-0.0780662578814	0.0237971777239	0.0120067665572	-0.037985248416	-0.012524621635	0.0502740728087	-0.0289377866954	0.0585862097159	-0.0770860933857	0.0187099959413	-0.0350246563593	-0.0486365783874	0.0303581181597	-0.00593802327452	0.000973566765835	0.0380392712567	-0.119921743503	-0.0193316270162	0.0314577127919	-0.0169082785567	0.0160689441478	0.0705262599117	-0.00535947433495	0.0108661898945	-0.000545533818356	-0.0231881691346	-0.0158051433247	-0.0371486765655	0.0256982789197	-0.0151879705164
k__Bacteria;p__Bacteroidetes;c__Bacteroidia;o__Bacteroidales;f__Porphyromonadaceae;g__Barnesiella;s__Barnesiella_intestinihominis	-0.0429770757958	0.0483092991457	0.0081537216165	-0.0214659416643	-0.00563444486583	-0.0130669475234	-0.0333169713155	-0.0316564852434	-0.0892475331914	0.0693928456468	-0.0118049440582	0.0683450234382	-0.0080020069746	-0.0769728559332	-0.0642073635936	0.0247763271861	-0.00978682076754	0.013618122842	1.0	0.0220458149696	0.0509389993492	-0.0407855298129	0.0629369812032	-0.0312994395972	-0.0355363051194	-0.0182301156459	-0.0446132959279	0.058478422755	0.0337567109001	0.0193983984851	-0.0307461722537	-0.0402735960348	0.0202754021223	-0.0332523818087	0.0170051035181	-0.00766651116161	-0.0647169827429	-0.000561398806742	0.0125624680259	0.020397645438	-0.00418373486827	-0.0477840446422	0.000801837859973	-0.0318000942197	0.0136407464925	0.00654692219903	0.0298758251431	-0.0101148037539	0.0444509510287	-0.0621785430144	-0.0332067047547	0.0553344777355	-0.0303772719139	-0.00550990537482	0.0217266913585	-0.0426884133082	-0.0429935838598	-0.00597536435917	-0.0330250539084
k__Bacteria;p__Bacteroidetes;c__Bacteroidia;o__Bacteroidales;f__Odoribacteraceae;g__Odoribacter;s__Odoribacter_splanchnicus	0.0108025491909	0.0267766800556	0.0300216971229	-0.0195503482407	-0.0022338762586	-0.0612930340346	0.029506929192	0.0611618100027	0.0349549610841	0.00543642297385	-0.0162909998365	-0.0577546774464	0.00254858917354	0.00505095126488	-0.0504034172751	-0.00942816768304	-0.0209033810952	-0.0180882979068	0.0220458149696	1.0	-0.0728570257633	0.00377000189684	-0.0479462391517	-0.0177560098216	-0.0701490967427	-0.0387343121196	0.00238553372549	-0.0566333497472	-0.062284028045	0.0758421450286	0.0464951841071	0.00631415581805	-0.0396410000202	-0.069543828935	0.0015683867173	-0.0572314561548	-0.00513559066994	-0.0459180495619	-0.0246505216666	-0.0468353072811	0.0163299493319	-0.036388280559	-0.0553825605759	-0.0107728548187	0.0119994660571	0.0461488429417	-0.000907150600024	0.0803794358745	-0.0120723840107	-0.0252445080272	0.026103019882	0.00872360019198	0.0216874464587	-0.069589144833	-0.00354922551147	0.0671471898818	-0.0202590948973	-0.0139337727184	0.0211777849875
k__Bacteria;p__Bacteroidetes;c__Bacteroidia;o__Bacteroidales;f__Bacteroidaceae;g__Bacteroides;s__Bacteroides_salyersiae	-0.100890350612	-0.000241568637216	-0.0720653761115	0.0365720317987	-0.0233114789635	0.0107394711474	0.0309530977191	0.0116258731845	-0.0689494581325	-0.0304772218669	-0.0302956538457	-0.0430741144603	-0.0154311055008	0.0198031094375	-0.0287885181406	-0.0226050763109	0.0463280335289	0.0224772413899	0.0509389993492	-0.0728570257633	1.0	-0.0510211298792	0.0186789420159	0.0316056169706	0.000444097083264	0.0305107145545	-0.0360516557354	-0.0226219018307	0.000387091303203	-0.00147085687592	-0.0482684483935	-0.0490836999886	-0.0190776396341	0.00929311110941	-0.06284972532	0.0145271706686	-0.043910750182	0.0430990797488	-0.0392996162386	-0.00819698451948	-0.0357344762383	0.00581149770668	-0.019740254784	0.0617569096095	-0.0459242451379	0.0131330266997	-0.0225182534757	-0.0156751722685	0.0273580164105	0.0174324981845	-0.0320201068108	0.0320841187608	-0.0537427072164	0.00559469108742	0.0389366585005	-0.0259886607358	0.0674248962897	-0.0565093613629	-0.0367958068634
k__Bacteria;p__Firmicutes;c__Clostridia;o__Clostridiales;f__Ruminococcaceae;g__Ruminiclostridium;s__[Eubacterium]_siraeum	0.0157285135766	-0.0174567940157	-0.0308910296621	-0.0462988544918	-0.0798810461253	-0.0062486866271	-0.00125691829118	0.0449351319649	-0.0172726236135	-0.036538640179	0.0208975134825	0.00925026532128	0.0187534093625	-0.0129844256218	0.0160290000472	-0.00482004942963	-0.016261652317	-0.00298630134596	-0.0407855298129	0.00377000189684	-0.0510211298792	1.0	-0.0201078898143	0.0525672265658	-0.0647652863161	-0.0320242947624	0.0148872250141	-0.0178084231582	0.0398712706048	-0.0106681823856	-0.00283878417545	-0.00651430099575	-0.0750766508578	0.0134608554538	-0.0377672908054	0.0102556720287	-0.0154605465434	-0.0473701747221	0.0180091116428	0.043810234293	0.0574621069531	0.00350742667238	0.0123776743868	-0.0443510763914	-0.0356052088676	0.0137636152645	-0.0203221240135	-0.00993005243434	-0.0131298936665	-0.0359992735764	0.05500574904	-0.0149881665428	-0.0608861580585	0.0188813702825	0.0149757070601	-0.0133100068688	-0.00444275186019	-0.0128295406418	0.0312956790739
k__Bacteria;p__Proteobacteria;c__Betaproteobacteria;o__Burkholderiales;f__Sutterellaceae;g__Parasutterella;s__Parasutterella_excrementihominis	-0.0556182267162	-0.0436313016018	-0.0939916306768	0.0131423246946	-0.0120025077649	0.00348984901576	0.0155068319442	0.0459505863858	-0.0313691895114	0.0571383836059	-0.0106132591901	-0.0208030539015	-0.00223899913338	-0.0373296932642	-0.0685925044524	-0.0406888904265	-0.0082841064368	0.00602871146449	0.0629369812032	-0.0479462391517	0.0186789420159	-0.0201078898143	1.0	-0.0256227189434	-0.0195459544714	-0.0129974883941	-0.0602926208391	0.0435401154738	-0.0294880417079	-0.0477475988871	-0.00369729964795	0.077935829523	0.0214818689274	0.00155520837214	-0.00161271343991	0.0307189280925	-0.0286735715697	-0.0222499861077	-0.0600590380765	0.0461347583709	-0.0212813299648	0.0243114548012	-0.0495117985283	0.0125693388163	0.00813705836798	-0.0389489612534	0.0234648399622	0.0206684264569	-0.0547562274788	-0.028731218439	-0.00668193579635	0.0182471894178	0.0058976678452	-0.0190449300713	-0.0273098593524	0.0468232147348	0.0031284245537	-0.0340519981169	0.045365207173
k__Bacteria;p__Actinobacteria;c__Actinobacteria;o__Bifidobacteriales;f__Bifidobacteriaceae;g__Bifidobacterium;s__Bifidobacterium_adolescentis	-0.0249240362185	-0.0390656970929	-0.00881173718167	-0.069764887089	-0.0101178678375	-0.0298258168192	0.00309102746899	-0.0042484454871	-0.0282769967169	-0.0199888546424	0.0406134141238	0.0443295950412	0.0472989610943	-0.00538079965103	0.0454618480442	0.0411234820094	-0.0467154127558	-0.0204486704436	-0.0312994395972	-0.0177560098216	0.0316056169706	0.0525672265658	-0.0256227189434	1.0	-0.0155237376573	-0.0442067615652	-0.0293655352425	-0.0234082685273	-0.025133314303	0.0310470830103	-0.0659603540777	0.0162174331195	0.0140698176876	-0.0636530044319	0.0401420488885	0.050858388903	-0.0474110243069	-0.0182468823174	-0.0407872081227	-0.0279067884028	-0.0496261158989	0.0227036901694	-0.0262255897087	-0.0205339127639	0.0231368738274	-0.0241201180779	0.0306022743561	-0.00319978660954	0.0330823896708	0.0509810148726	0.0540651051575	-0.0484315811883	-0.00362822594236	-0.0860702405863	-0.0141336252056	-0.0129566849156	-0.00257782264397	-0.0712103714001	0.0426628295221
k__Bacteria;p__Firmicutes;c__Clostridia;o__Clostridiales;f__Oscillospiraceae;g__Oscillibacter;s__Oscillibacter_sp._KLE_1745	-0.0191299622587	0.0163034676889	-0.00089473404419	-0.038636965588	0.0248704395708	-0.025596189568	0.0480041390231	-0.048478127337	-0.067938629974	0.0410836380105	-0.0191237627757	-0.0450715591857	0.0159520295896	-0.0642638217037	0.000323972945704	0.0253712518605	0.00801940658687	0.0480144169183	-0.0355363051194	-0.0701490967427	0.000444097083264	-0.0647652863161	-0.0195459544714	-0.0155237376573	1.0	0.00739379659337	0.00138777117225	0.0565864410798	0.0636457946214	-0.0293607976406	-0.0322323618597	-0.00796434850269	-0.0116856755226	-0.0587784548814	-0.0316533333196	0.0391786278539	0.000382857712962	-0.0339493794167	-0.0770139907005	-0.0291164909386	0.00324052606252	0.0195515676706	0.0143725292992	-0.0063523509748	-0.0862802592974	-0.0245821411043	-0.00966689550904	-0.0167950614543	-0.0479760656235	0.0165343916996	-0.0427910081418	-0.0066746837392	-0.00123253396959	-0.01149007073	-0.0109227327003	0.00892576947198	0.0279370585708	0.024933126173	-0.0211605120775
k__Bacteria;p__Bacteroidetes;c__Bacteroidia;o__Bacteroidales;f__Bacteroidaceae;g__Bacteroides;s__Bacteroides_coprophilus	-0.0325984743086	-0.020572673175	0.0704250149752	-0.00025346338435	-0.0196640703432	-0.0100683955228	-0.0908609717541	-0.00786186202748	0.00374901951957	0.000666562618267	-0.00257952013574	0.026161191455	-0.0264646388009	-0.027857638401	0.00845490195723	-0.0453907990665	-0.0446014011589	-0.0532684048526	-0.0182301156459	-0.0387343121196	0.0305107145545	-0.0320242947624	-0.0129974883941	-0.0442067615652	0.00739379659337	1.0	0.0582603840369	-0.0157794231619	-0.0857578007945	-0.0403779395445	-0.0526645469816	0.0312857534911	0.0289920427512	0.01241524955	0.0289268751342	-0.021737154553	-0.0154748616197	-0.0176947966518	0.000734327438348	-0.00328688526046	0.0542256199291	0.0708231050097	0.0102367497882	0.019567646811	0.0267230108622	-0.0441548624576	-0.0361064362106	0.0234555553113	0.00214826315682	-0.000942789354913	-0.0429032165905	0.044658302529	0.036481829564	-0.000510902191629	0.0101060743396	-0.019554075563	-0.0572764572963	-0.0285163947744	-0.0577540871305
k__Bacteria;p__Firmicutes;c__Clostridia;o__Clostridiales;f__Lachnospiraceae;g__Roseburia;s__Roseburia_intestinalis	-0.0371353817687	0.0498008128418	-0.082600394431	0.013225414236	0.0100820685519	-0.0587105040111	0.0204469938772	0.0477555051443	0.0260920166402	0.00563855324849	0.012500183745	0.0309965873195	0.022324998914	-0.0532944288383	0.00981395608043	0.0102434388864	-0.00101730160401	0.0411653837753	-0.0446132959279	0.00238553372549	-0.0360516557354	0.0148872250141	-0.0602926208391	-0.0293655352425	0.00138777117225	0.0582603840369	1.0	-0.00301720014536	-0.0440585358312	-0.0825490946835	0.0145452955041	-0.00373996331366	-0.0311808574832	-0.0478125932284	0.0262484345518	0.0249192300646	0.0152533762531	-0.0306580485078	-0.0316984445225	-0.013949153606	0.0408755097463	0.044805247772	-0.0301891502135	-0.0784005133922	-0.0245586782098	-0.020970916605	0.016567824514	0.0384546527965	-0.0498935518796	-0.00902951275367	0.00317149897048	-0.0768481585475	-0.014258778564	-0.0027971241135	0.00547101951058	-0.0229638533684	-0.0417682031094	-0.0429905416925	0.0153786346802
k__Bacteria;p__Firmicutes;c__Clostridia;o__Clostridiales;f__Lachnospiraceae;g__Roseburia;s__Roseburia_hominis	-0.0189734698287	0.0277569176018	-0.0860136047683	0.0286236132821	0.0202572383111	-0.016826601588	-0.0225743261051	-0.0168344722222	-0.0230544120379	-0.0115223875291	0.02953817659	-0.000263015993136	-0.0303248787982	0.00636971561023	-0.0154058889239	0.000207359994776	0.0698792132848	0.0132974303623	0.058478422755	-0.0566333497472	-0.0226219018307	-0.0178084231582	0.0435401154738	-0.0234082685273	0.0565864410798	-0.0157794231619	-0.00301720014536	1.0	-0.00743008149327	0.0354598998969	-0.073680404213	-0.00708878424852	0.114538170902	-0.0195304039604	0.0333200181576	-0.020886722676	-0.0677284855887	0.00856753282331	-0.00019135967436	-0.0633220464115	0.0073215931354	-0.0163173283047	0.0200083162937	-0.000647495163917	-0.0140311302176	-0.0302642116281	-0.00116071755246	-0.0198687609244	-0.0464694302733	0.0612169408624	0.00376932020804	-0.0410203447462	-0.0507889398579	-0.117716735683	-0.0931379838662	-0.0322317110113	-0.0110537081633	-0.00491119831612	-0.0311935583956
k__Bacteria;p__Bacteroidetes;c__Bacteroidia;o__Bacteroidales;f__Porphyromonadaceae;g__Parabacteroides;s__Parabacteroides_johnsonii	-0.0213744942032	-0.00909987102698	-0.0202266766638	-0.0252169744232	0.0152453533844	0.0190591560682	-0.0626255672491	-0.0158557990072	-0.0468430320284	-0.00745093022656	-0.0491905885235	-0.0369263402694	0.0077948568897	-0.0476058373101	-0.0168272018231	0.0318489044972	0.00956464259309	0.0364653486479	0.0337567109001	-0.062284028045	0.000387091303203	0.0398712706048	-0.0294880417079	-0.025133314303	0.0636457946214	-0.0857578007945	-0.0440585358312	-0.00743008149327	1.0	-0.0450513238524	0.0042255109719	-0.0110157363846	0.0189367333063	0.0596108337073	-0.0249953913489	-0.0502218205932	-0.0223680952793	0.00898953498319	-0.0334287791919	0.0159846706327	-0.014169903274	0.00804372847226	-0.0295571897449	-0.0248605993655	-0.0437275382313	-0.0746526967383	-0.00605533129446	-0.0371684865816	-0.0158513285177	-0.0014510270061	0.0149336923267	0.0158723390498	-0.0201224701872	0.00352688025627	0.00619352971204	-0.0113803184771	0.0642681300741	0.0483948329394	-0.0637180989
k__Bacteria;p__Actinobacteria;c__Actinobacteria;o__Bifidobacteriales;f__Bifidobacteriaceae;g__Bifidobacterium;s__Bifidobacterium_longum	-0.0467295317902	-0.0301667619916	0.0558203990532	0.0374887071289	-0.00465023798808	-0.0507943029166	0.00793875830102	0.00420831561541	0.0254211670013	0.0174373469569	-0.0111009761584	-0.0123736663904	-0.0211625736454	-0.0491714762968	0.00348336667725	0.0610693289904	0.0139737268813	-0.0780662578814	0.0193983984851	0.0758421450286	-0.00147085687592	-0.0106681823856	-0.0477475988871	0.0310470830103	-0.0293607976406	-0.0403779395445	-0.0825490946835	0.0354598998969	-0.0450513238524	1.0	0.00820115564239	0.0233239007387	-0.0857331883868	0.000201279051059	0.0210326401251	0.00275308233015	-0.0229510507348	-0.0377766764188	-0.00118844968192	-0.0404612111306	0.0437503615457	-0.000603327119249	0.0101891017846	0.0293468577763	0.0400536549234	0.0229116338052	-0.0427515794282	-0.0542372714643	-0.0255883411345	0.00538580817755	-0.0574669486938	-0.0353459584687	-0.0518864511297	0.00956291015054	-0.0573227590542	-0.00688317782446	-0.017295105959	-0.0531534967679	-0.0700716835178
