#taxonomy	k__Bacteria;p__Bacteroidetes;c__Bacteroidia;o__Bacteroidales;f__Bacteroidaceae;g__Bacteroides;s__Bacteroides_vulgatus	k__Bacteria;p__Bacteroidetes;c__Bacteroidia;o__Bacteroidales;f__Bacteroidaceae;g__Bacteroides;s__Bacteroides_uniformis	k__Bacteria;p__Bacteroidetes;c__Bacteroidia;o__Bacteroidales;f__Rikenellaceae;g__Alistipes;s__Alistipes_putredinis	k__Bacteria;p__Bacteroidetes;c__Bacteroidia;o__Bacteroidales;f__Prevotellaceae;g__Prevotella;s__Prevotella_copri	k__Bacteria;p__Bacteroidetes;c__Bacteroidia;o__Bacteroidales;f__Bacteroidaceae;g__Bacteroides;s__Bacteroides_stercoris	k__Bacteria;p__Bacteroidetes;c__Bacteroidia;o__Bacteroidales;f__Bacteroidaceae;g__Bacteroides;s__Bacteroides_ovatus	k__Bacteria;p__Bacteroidetes;c__Bacteroidia;o__Bacteroidales;f__Rikenellaceae;g__Alistipes;s__Alistipes_shahii	k__Bacteria;p__Firmicutes;c__Clostridia;o__Clostridiales;f__Ruminococcaceae;g__Faecalibacterium;s__Faecalibacterium_prausnitzii	k__Bacteria;p__Bacteroidetes;c__Bacteroidia;o__Bacteroidales;f__Rikenellaceae;g__Alistipes;s__Alistipes_finegoldii	k__Bacteria;p__Bacteroidetes;c__Bacteroidia;o__Bacteroidales;f__Porphyromonadaceae;g__Parabacteroides;s__Parabacteroides_distasonis	k__Bacteria;p__Bacteroidetes;c__Bacteroidia;o__Bacteroidales;f__Bacteroidaceae;g__Bacteroides;s__Bacteroides_thetaiotaomicron	k__Bacteria;p__Bacteroidetes;c__Bacteroidia;o__Bacteroidales;f__Bacteroidaceae;g__Bacteroides;s__Bacteroides_coprocola	k__Bacteria;p__Bacteroidetes;c__Bacteroidia;o__Bacteroidales;f__Bacteroidaceae;g__Bacteroides;s__Bacteroides_cellulosilyticus	k__Bacteria;p__Bacteroidetes;c__Bacteroidia;o__Bacteroidales;f__Rikenellaceae;g__Alistipes;s__Alistipes_obesi	k__Bacteria;p__Firmicutes;c__Clostridia;o__Clostridiales;f__Lachnospiraceae;g__;s__[Eubacterium]_rectale	k__Bacteria;p__Bacteroidetes;c__Bacteroidia;o__Bacteroidales;f__Bacteroidaceae;g__Bacteroides;s__Bacteroides_plebeius	k__Bacteria;p__Bacteroidetes;c__Bacteroidia;o__Bacteroidales;f__Bacteroidaceae;g__Bacteroides;s__Bacteroides_fragilis	k__Bacteria;p__Proteobacteria;c__Betaproteobacteria;o__Burkholderiales;f__Sutterellaceae;g__Sutterella;s__Sutterella_wadsworthensis	k__Bacteria;p__Bacteroidetes;c__Bacteroidia;o__Bacteroidales;f__Porphyromonadaceae;g__Barnesiella;s__Barnesiella_intestinihominis	k__Bacteria;p__Bacteroidetes;c__Bacteroidia;o__Bacteroidales;f__Odoribacteraceae;g__Odoribacter;s__Odoribacter_splanchnicus	k__Bacteria;p__Bacteroidetes;c__Bacteroidia;o__Bacteroidales;f__Bacteroidaceae;g__Bacteroides;s__Bacteroides_salyersiae	k__Bacteria;p__Firmicutes;c__Clostridia;o__Clostridiales;f__Ruminococcaceae;g__Ruminiclostridium;s__[Eubacterium]_siraeum	k__Bacteria;p__Proteobacteria;c__Betaproteobacteria;o__Burkholderiales;f__Sutterellaceae;g__Parasutterella;s__Parasutterella_excrementihominis	k__Bacteria;p__Actinobacteria;c__Actinobacteria;o__Bifidobacteriales;f__Bifidobacteriaceae;g__Bifidobacterium;s__Bifidobacterium_adolescentis	k__Bacteria;p__Firmicutes;c__Clostridia;o__Clostridiales;f__Oscillospiraceae;g__Oscillibacter;s__Oscillibacter_sp._KLE_1745	k__Bacteria;p__Bacteroidetes;c__Bacteroidia;o__Bacteroidales;f__Bacteroidaceae;g__Bacteroides;s__Bacteroides_coprophilus	k__Bacteria;p__Firmicutes;c__Clostridia;o__Clostridiales;f__Lachnospiraceae;g__Roseburia;s__Roseburia_intestinalis	k__Bacteria;p__Firmicutes;c__Clostridia;o__Clostridiales;f__Lachnospiraceae;g__Roseburia;s__Roseburia_hominis	k__Bacteria;p__Bacteroidetes;c__Bacteroidia;o__Bacteroidales;f__Porphyromonadaceae;g__Parabacteroides;s__Parabacteroides_johnsonii	k__Bacteria;p__Actinobacteria;c__Actinobacteria;o__Bifidobacteriales;f__Bifidobacteriaceae;g__Bifidobacterium;s__Bifidobacterium_longum	k__Bacteria;p__Firmicutes;c__Clostridia;o__Clostridiales;f__;g__Flavonifractor;s__Flavonifractor_plautii	k__Bacteria;p__Firmicutes;c__Clostridia;o__Clostridiales;f__Clostridiaceae;g__Clostridium;s__Clostridium_phoceensis	k__Bacteria;p__Verrucomicrobia;c__Verrucomicrobiae;o__Verrucomicrobiales;f__Akkermansiaceae;g__Akkermansia;s__Akkermansia_muciniphila	k__Bacteria;p__Bacteroidetes;c__Bacteroidia;o__Bacteroidales;f__Prevotellaceae;g__Paraprevotella;s__Paraprevotella_xylaniphila	k__Bacteria;p__Firmicutes;c__Clostridia;o__Clostridiales;f__Ruminococcaceae;g__Ruminococcus;s__Ruminococcus_callidus	k__Bacteria;p__Bacteroidetes;c__Bacteroidia;o__Bacteroidales;f__Rikenellaceae;g__Alistipes;s__Alistipes_senegalensis	k__Bacteria;p__Firmicutes;c__Clostridia;o__Clostridiales;f__Lachnospiraceae;g__Blautia;s__Blautia_sp._KLE_1732	k__Bacteria;p__Bacteroidetes;c__Bacteroidia;o__Bacteroidales;f__Bacteroidaceae;g__Bacteroides;s__Bacteroides_oleiciplenus	k__Bacteria;p__Firmicutes;c__Clostridia;o__Clostridiales;f__Ruminococcaceae;g__Ruminococcus;s__Ruminococcus_bicirculans	k__Bacteria;p__Bacteroidetes;c__Bacteroidia;o__Bacteroidales;f__Bacteroidaceae;g__Bacteroides;s__Bacteroides_fluxus	k__Bacteria;p__Bacteroidetes;c__Bacteroidia;o__Bacteroidales;f__Prevotellaceae;g__Prevotella;s__Prevotella_stercorea	k__Bacteria;p__Firmicutes;c__Clostridia;o__Clostridiales;f__Lachnospiraceae;g__Dorea;s__Dorea_longicatena	k__Bacteria;p__Firmicutes;c__Clostridia;o__Clostridiales;f__Eubacteriaceae;g__Eubacterium;s__[Eubacterium]_eligens	k__Bacteria;p__Firmicutes;c__Clostridia;o__Clostridiales;f__Ruminococcaceae;g__;s__Ruminococcaceae_bacterium_D16	k__Bacteria;p__Firmicutes;c__Clostridia;o__Clostridiales;f__Lachnospiraceae;g__Coprococcus;s__Coprococcus_comes	k__Bacteria;p__Proteobacteria;c__Gammaproteobacteria;o__Enterobacterales;f__Enterobacteriaceae;g__Escherichia;s__Escherichia_coli	k__Bacteria;p__Firmicutes;c__Clostridia;o__Clostridiales;f__Ruminococcaceae;g__Anaerotruncus;s__Anaerotruncus_colihominis	k__Bacteria;p__Firmicutes;c__Clostridia;o__Clostridiales;f__Lachnospiraceae;g__Blautia;s__Blautia_obeum	k__Bacteria;p__Bacteroidetes;c__Bacteroidia;o__Bacteroidales;f__Odoribacteraceae;g__Odoribacter;s__Odoribacter_laneus	k__Bacteria;p__Firmicutes;c__Clostridia;o__Clostridiales;f__Ruminococcaceae;g__Ruminiclostridium;s__[Clostridium]_leptum	k__Bacteria;p__Bacteroidetes;c__Bacteroidia;o__Bacteroidales;f__Porphyromonadaceae;g__Parabacteroides;s__Parabacteroides_goldsteinii	k__Bacteria;p__Firmicutes;c__Clostridia;o__Clostridiales;f__Lachnospiraceae;g__Anaerostipes;s__Anaerostipes_hadrus	k__Bacteria;p__Firmicutes;c__Clostridia;o__Clostridiales;f__Ruminococcaceae;g__Ruminococcus;s__Ruminococcus_lactaris	k__Bacteria;p__Firmicutes;c__Clostridia;o__Clostridiales;f__Clostridiaceae;g__Clostridium;s__Clostridium_sp._L2-50	k__Bacteria;p__Firmicutes;c__Clostridia;o__Clostridiales;f__Clostridiaceae;g__Clostridium;s__Clostridium_sp._M62/1	k__Bacteria;p__Firmicutes;c__Clostridia;o__Clostridiales;f__;g__Intestinimonas;s__Intestinimonas_butyriciproducens	k__Bacteria;p__Actinobacteria;c__Actinobacteria;o__Bifidobacteriales;f__Bifidobacteriaceae;g__Bifidobacterium;s__Bifidobacterium_bifidum	k__Bacteria;p__Firmicutes;c__Negativicutes;o__Veillonellales;f__Veillonellaceae;g__Dialister;s__Dialister_invisus	k__Bacteria;p__Bacteroidetes;c__Bacteroidia;o__Bacteroidales;f__Bacteroidaceae;g__Bacteroides;s__Bacteroides_salanitronis
k__Bacteria;p__Bacteroidetes;c__Bacteroidia;o__Bacteroidales;f__Bacteroidaceae;g__Bacteroides;s__Bacteroides_vulgatus	1.0	0.00790082742434	0.0115246170502	0.0423929115928	-0.0495795056759	-0.0251773191153	-0.0444743380579	0.0599507396419	0.0368483252463	-0.0183842200935	-0.0111912719487	0.0180985904121	0.0309700367162	-0.0691369386095	-0.00211009065172	-0.0236249464717	0.0497323376048	-0.0099964269544	-0.0276162615575	0.0213235298316	-0.00961050822719	-0.0637138251703	-0.0329823934878	0.0244379493655	-0.0288260652843	0.0112327842644	0.00666560015304	-0.0125799466789	-0.0289155249404	0.0129278833981	-0.049006242776	-0.0721152789103	0.0501692656825	0.0423315570465	-0.00381291626726	0.0312472319491	-0.00588945744404	0.00144999649362	0.0294814698318	0.0396828977388	0.00388133721229	0.0530575465575	-0.0159574288497	-0.00977097316381	-0.0423785683272	-0.039497169511	0.0466466942582	0.0535464864549	0.0256223544596	-0.0537274838418	0.00366605653982	-0.00386232505741	0.0218329578409	-0.0331598553924	-0.020840306511	-0.0412194729634	-0.0283045260742	-0.0201509110396	0.0621523643583
k__Bacteria;p__Bacteroidetes;c__Bacteroidia;o__Bacteroidales;f__Bacteroidaceae;g__Bacteroides;s__Bacteroides_uniformis	0.00790082742434	1.0	-0.00974500549099	-0.0145157420527	-0.0174465798903	-0.041479406603	-0.0106289049275	-0.0324886391748	-0.0846290784467	0.0401881752581	-0.0136371632638	-0.0277490077184	-0.0334004957336	0.0411241923498	-0.0480790246472	0.0675432537724	0.0256970852172	-0.0123049722986	-0.0573813963133	0.00679363649728	-0.0254667007867	0.00200104421908	-0.0367756736312	-0.0026468803524	0.0135605747663	-0.0263582571246	0.0239168158012	-0.0340616450063	-0.0686236443046	-0.00834407751047	0.0359865307193	-0.0183075628596	0.0276274191451	-0.0586431044261	-0.0147143046812	0.0063604807507	-0.000659598309382	0.0154806801965	0.0386105182132	-0.0621492306218	0.0130098322515	0.0157181367384	-0.0126354865985	-0.0184414002825	-0.0410994141676	-0.031191756149	0.0081038605412	-0.00186068059159	0.0363707790132	0.0674662184619	-0.00635427699449	0.0330778235641	0.0298478692282	-0.0429559271688	0.0758540185399	-0.00408091225277	0.00887810103149	0.0489094500085	0.0139033504674
k__Bacteria;p__Bacteroidetes;c__Bacteroidia;o__Bacteroidales;f__Rikenellaceae;g__Alistipes;s__Alistipes_putredinis	0.0115246170502	-0.00974500549099	1.0	-0.0418532287259	0.0375260299188	0.0313780347385	0.00319001702522	0.0152569425072	0.0330397871953	0.0145608359649	0.0232962965225	-0.0229703718174	0.078898323604	-0.0254101542532	-0.000364401993143	-0.00116072665945	-0.0247202312178	-0.0861859645875	0.0464753673283	-0.0286181738285	0.0113271364428	0.0123941654639	-0.0101138264662	0.0476728066752	-0.0141843020354	-0.0401128035759	0.00682958463803	-0.0283222997942	-0.00384813387931	-0.0849552928696	-0.046580624906	-0.00683293228164	-0.0126572097362	0.00817120762043	-0.056682236102	0.0590367859662	0.0167532812869	-0.0207858420315	-0.0439499696706	-0.0120919418363	-0.0270096552348	0.0341666074362	-0.0208466062297	0.0471643038449	-0.0282664698578	0.0255615532207	-0.0133396040102	0.0219646436009	0.0143780783706	-0.0185740028914	-0.0461324553935	0.04492872101	0.0499696813099	-0.0582790530106	-0.00784314953874	-0.049488286241	-0.0699063121576	0.0278050505759	-0.00292307315393
k__Bacteria;p__Bacteroidetes;c__Bacteroidia;o__Bacteroidales;f__Prevotellaceae;g__Prevotella;s__Prevotella_copri	0.0423929115928	-0.0145157420527	-0.0418532287259	1.0	-0.0263549731767	-0.0222273096427	-0.0159477626075	-0.0389185053572	-0.0484237690833	0.0147072016969	0.0124574280224	-0.0451049165222	-0.0291105424027	-0.0631922286778	0.0532392343071	0.00764103445847	0.0338699346425	-0.00186594974759	-0.0174710573373	0.0709994819942	0.0106314801023	0.00863259551604	0.0638634175095	0.0159090670431	-0.0885159879403	-0.00911229648433	-0.0453517702374	-0.0444441986246	-0.0379045425681	-0.0250855228074	-0.0703002496463	0.0515316575851	-0.0224627869646	-0.0496021243888	-0.0153813440113	-0.000433258918354	0.0107747970425	-0.00727491898572	-0.0686836491918	-0.00932694978991	-0.0467832951979	-0.0157901053918	-0.0154639019536	-0.00207786340115	-0.0837830865489	-0.0241674125309	0.0284026823907	-0.0707983713624	-0.0300274654535	-0.000229382055682	-0.0285370804556	0.0132795651641	-0.0108211333862	0.0101251248562	-0.00107878239737	0.0350334375782	-0.0470852619887	0.0313066053261	-0.0376848255859
k__Bacteria;p__Bacteroidetes;c__Bacteroidia;o__Bacteroidales;f__Bacteroidaceae;g__Bacteroides;s__Bacteroides_stercoris	-0.0495795056759	-0.0174465798903	0.0375260299188	-0.0263549731767	1.0	0.00679987712025	-0.00164665944974	0.0239705473055	0.00490176698489	-0.0146776750882	0.0232260028158	-0.0337186357444	0.0249007084495	-0.0271970745409	-0.0428151326384	-0.037046166729	0.0112135186061	-0.02733611352	0.0145657456963	0.0124878825067	0.0149117218981	0.0390085294223	-0.0529464446642	0.0101471978199	-0.020208293643	-0.0561217190905	-0.0178916855888	-0.0362625519716	-0.102049549243	-0.000151820177797	-0.00180394888697	-0.0211458247398	-0.0297848834925	0.0291776827275	0.0295932418018	-0.0130734638894	0.048542087496	0.0201614394726	-0.0136145168956	-0.0853831523321	-0.00666413554406	0.0506271668779	0.0128746623366	-0.0129005471967	-0.010414699204	-0.0363864028925	0.00198452465263	0.052015933586	0.030081221726	0.0605305298558	0.0220437219692	0.106027095223	-0.0142014156568	-0.0359543941574	-0.0204405939009	-0.015311243027	-0.0399778184338	-0.000723952684538	-0.00863631961778
k__Bacteria;p__Bacteroidetes;c__Bacteroidia;o__Bacteroidales;f__Bacteroidaceae;g__Bacteroides;s__Bacteroides_ovatus	-0.0251773191153	-0.041479406603	0.0313780347385	-0.0222273096427	0.00679987712025	1.0	-0.0199756917932	0.0057345049213	-0.00874403049827	0.0572914262765	-0.0456906713401	-0.0354550065602	-0.0258610178448	-0.0241343874174	-0.090517788732	-0.0501553361373	-0.00516166610147	-0.0255753838769	0.00569293530728	-0.0150339356706	-0.0204000191666	0.0249843202408	0.0356549290802	-0.0408755322479	-0.0419427316557	-0.00813278153589	-0.00721242987519	-0.0509843453851	-0.0189359544745	-0.00551446589717	0.0734565132842	0.0421106357514	0.0725463396658	-0.00620469802845	-0.00562562129149	0.0250366613847	0.0551436155897	-0.00256819330459	0.0662013651069	-0.00929085733316	0.0853098085846	0.00611248406885	-0.00986498283293	0.0141078399576	0.05205533574	0.0177864297142	0.0620173055644	-0.0242049193454	0.0287006387129	-0.00510414910241	-0.0159617062624	-0.0630225203246	-0.00398636644217	-0.0356416771242	-0.0581380326279	-0.00906231054587	-0.034102383378	-0.0192204820133	0.02553198641
k__Bacteria;p__Bacteroidetes;c__Bacteroidia;o__Bacteroidales;f__Rikenellaceae;g__Alistipes;s__Alistipes_shahii	-0.0444743380579	-0.0106289049275	0.00319001702522	-0.0159477626075	-0.00164665944974	-0.0199756917932	1.0	0.0419909511398	0.000619303669815	0.0515716544281	0.0220337948788	-0.0517419619039	-0.0282368122283	0.035673442057	0.0325176345595	-0.0217026246165	-0.0168809074964	0.0348854358413	-0.0146897522728	0.0204781673962	0.0519843159491	-0.0161102467419	-0.0031080774768	-0.00479177363446	0.0135524839758	0.0198458661063	0.0148058453863	-0.0021122929313	-0.0679340974193	-0.0243551879157	-0.0552709187266	-0.00692878604876	0.0140958009763	-0.0140773984796	0.0416564970099	0.00713105632457	-0.00281651390428	0.00225128634847	0.00414682810625	-0.0567421637425	0.0451748705664	-0.01986197172	-0.0251518821462	0.00412224709011	-0.04710660443	0.0241107493246	-0.0124849927378	0.000526118066934	-0.0472324928816	0.024292804121	0.0560188096382	-0.052789449219	-0.0120256601307	-0.00800305715748	0.039464216791	-0.0593634062335	-0.0131442345389	0.000621636565382	-0.0695331282753
k__Bacteria;p__Firmicutes;c__Clostridia;o__Clostridiales;f__Ruminococcaceae;g__Faecalibacterium;s__Faecalibacterium_prausnitzii	0.0599507396419	-0.0324886391748	0.0152569425072	-0.0389185053572	0.0239705473055	0.0057345049213	0.0419909511398	1.0	0.0171627387738	-0.0548465037229	-0.0142400451613	-0.0061008495402	-0.02171832562	-0.0655084028478	-0.0555648166649	0.0207048237864	-0.100328807288	0.0317439328588	0.0537619501855	0.0267684355282	-0.00121432586756	-0.0344059707323	0.0653726793335	0.0180058514348	-0.0211429768944	-0.0451780361638	-0.0316365630283	-0.0378969677372	0.0120403397557	0.00427337096243	-0.0458094097488	0.035715370994	-0.0704377159009	-0.00439735004059	0.00365242857612	-0.00421184310473	0.0255073744211	0.0338572135986	-0.00698896092497	-0.010106153191	-0.000402748324104	-0.0624466172929	0.00154309690539	0.00436004375261	0.031774862902	0.0064517187544	-0.0511802092145	-0.0490594582932	-0.0212167151527	-0.0219517481675	-0.080838211554	-0.0303129180829	-0.0454256059309	0.0445697620702	0.00954846438284	0.0492516290438	0.0326864602507	0.0041193049749	-0.0348123046305
k__Bacteria;p__Bacteroidetes;c__Bacteroidia;o__Bacteroidales;f__Rikenellaceae;g__Alistipes;s__Alistipes_finegoldii	0.0368483252463	-0.0846290784467	0.0330397871953	-0.0484237690833	0.00490176698489	-0.00874403049827	0.000619303669814	0.0171627387738	1.0	-0.00564792715007	0.0295689943577	0.0262952626085	0.0290412006716	-0.00900744396059	0.0122301781609	0.00377958109128	0.00744482833038	0.0122569563429	-0.0362704466946	-0.0246185138996	0.016828684806	0.008880824626	0.020001164703	0.0103282214935	-0.0411338659508	-0.016043025452	-0.0122349853771	-0.0261590637093	0.0471997869041	-0.0305367723198	0.0219870673182	-0.0439474272654	0.00680313172214	-0.00391865358072	-0.029437912028	0.013830900406	-0.0715262542661	-0.0486872087746	-0.0167279670855	0.0441430753221	-0.00869757912564	-0.0597839280135	0.0419997850102	0.00501925837967	-0.0303288104775	0.0032069523387	-0.0503625033649	0.043582309773	0.0173384566224	0.0279671468772	-0.0104356732617	-0.0543142050588	0.025815660663	-0.0415522235101	-0.00153227345449	0.0654127802903	-0.00539590294439	0.0676623877849	-0.0132567618621
k__Bacteria;p__Bacteroidetes;c__Bacteroidia;o__Bacteroidales;f__Porphyromonadaceae;g__Parabacteroides;s__Parabacteroides_distasonis	-0.0183842200935	0.0401881752581	0.0145608359649	0.0147072016969	-0.0146776750882	0.0572914262765	0.0515716544281	-0.0548465037229	-0.00564792715007	1.0	-0.0197861961911	0.00422454657863	-0.0189992577472	0.0106504751267	-0.0205895823779	-0.0263221932057	-0.0539742449344	0.0309502480314	0.0279462640843	-0.0261040794387	0.011453086575	-0.0613501372461	0.0211793805056	-0.0268817898063	-0.0522276498795	-0.0663164925404	-0.0210120413726	-0.0190392094968	-0.0254375438572	-0.0579386974199	-0.0346235436328	0.0238974743376	0.0133499424804	-0.0248561303402	-0.016177183451	-0.0192116770813	0.0151077113873	-0.00726388117925	-0.0506575801196	0.00398576709712	0.0136169052069	-0.0368314949572	0.00805649972338	0.0276476848981	0.0121213967787	-0.0274849017533	-0.00411957174104	-0.0380081540012	0.039440420743	0.00086318510031	0.00209191028546	0.0528321336548	0.0214572604243	0.00145649818707	0.00963459318013	-0.0265091271767	-0.010650453764	-0.0685021492087	0.00154545867652
k__Bacteria;p__Bacteroidetes;c__Bacteroidia;o__Bacteroidales;f__Bacteroidaceae;g__Bacteroides;s__Bacteroides_thetaiotaomicron	-0.0111912719487	-0.0136371632638	0.0232962965225	0.0124574280224	0.0232260028158	-0.0456906713401	0.0220337948788	-0.0142400451613	0.0295689943577	-0.0197861961911	1.0	-0.0369303994568	-0.0417068783378	-0.00892251901569	-0.00102385838474	-0.0137009047592	-0.0383338402801	-0.0754250632274	-0.0076469079689	-0.0295761306403	0.0308112633609	0.0226846402134	-0.0129169873496	-0.0250445477489	-0.00290916148556	-0.0477814768453	-0.00656733853471	-0.052483082032	-0.0773779285406	-0.062908890874	-0.0590823935223	-0.0208788003492	-0.01504172425	0.019440929169	-0.000439197951544	-0.00817273447838	0.0144608209731	-0.0935151986334	-0.0406037247688	0.0165546537304	-0.0358788091475	0.0200009543503	-0.043582840594	0.000783165633996	0.0136354376468	0.0282729885875	0.0238624499585	0.00269967315029	-0.0249591672667	-0.0247402172187	-0.0280169737563	0.033919612764	0.0242107111654	0.0274676491327	0.0270332106763	-0.0330401690975	0.0533994958167	0.0365336868816	0.0455010057698
k__Bacteria;p__Bacteroidetes;c__Bacteroidia;o__Bacteroidales;f__Bacteroidaceae;g__Bacteroides;s__Bacteroides_coprocola	0.0180985904121	-0.0277490077184	-0.0229703718174	-0.0451049165222	-0.0337186357444	-0.0354550065602	-0.0517419619039	-0.0061008495402	0.0262952626085	0.00422454657863	-0.0369303994568	1.0	-0.000346861719816	-0.0493872680774	0.00899657922275	0.0129041803949	0.00377571087374	-0.0357510207819	0.0835270725765	0.00342752023732	-0.0281661663021	0.0140346286567	-0.0693681559086	0.0226937373877	-0.00676140690442	-0.0156756462213	-0.0596518833987	-0.0176333699061	-0.00765704526834	0.0226572109786	-0.021301014532	-0.0121841066686	0.00524926873352	-0.0149050680368	-0.00756812617046	0.0186547702222	0.0458503159589	-0.0219881545413	-0.00275590025327	0.0161610072058	-0.0809842871348	0.0245041777	-0.0322017717219	-0.0324459162796	-0.00873973399554	-0.0230574849778	-0.0465663214766	0.0349595017698	-0.0392935133987	0.0563195566236	-0.0423685878569	-0.015264989023	-0.027924426686	0.0266020001379	0.057313427038	0.0199475012571	-0.0428911190027	-0.0625163083067	0.0351502560062
k__Bacteria;p__Bacteroidetes;c__Bacteroidia;o__Bacteroidales;f__Bacteroidaceae;g__Bacteroides;s__Bacteroides_cellulosilyticus	0.0309700367162	-0.0334004957336	0.078898323604	-0.0291105424027	0.0249007084495	-0.0258610178448	-0.0282368122283	-0.02171832562	0.0290412006716	-0.0189992577472	-0.0417068783378	-0.000346861719816	1.0	0.0389951774545	0.0437887397657	0.0171985044232	-0.00952301597407	0.0241171575615	-0.087895172587	0.00174659662226	0.00776318668213	0.0552485702395	0.00937417168608	0.0399634396019	-0.0289661033248	0.0171904101397	-0.0108448474029	-0.0408632733257	-0.032205502906	0.00731351476079	0.0128995374684	0.00407957823423	-0.0181012623645	0.0012655005111	-0.03092318228	-0.0302200754245	-0.00869442975172	-0.0932196253868	-0.0638372853917	0.00850376505868	-0.000877448176342	0.0110079311788	0.00202832158123	0.0290045441747	-0.0372144055476	0.0179070870768	-0.0426747805748	-0.0159083704745	-0.0044626850925	-0.0287950193025	-0.0738428823828	-0.0136018559786	-0.022140118052	-0.0573426369774	-0.0017853177352	0.016336066126	0.0365008838101	-0.0273473361174	0.0228656428744
k__Bacteria;p__Bacteroidetes;c__Bacteroidia;o__Bacteroidales;f__Rikenellaceae;g__Alistipes;s__Alistipes_obesi	-0.0691369386095	0.0411241923498	-0.0254101542532	-0.0631922286778	-0.0271970745409	-0.0241343874174	0.035673442057	-0.0655084028478	-0.00900744396059	0.0106504751267	-0.00892251901569	-0.0493872680774	0.0389951774545	1.0	0.0460295240297	-0.00148142375659	-0.0152533485757	0.0411872021357	-0.00960713750996	0.0338320837032	0.00900903375719	-0.0149325821709	0.0056851340877	0.0230609321444	-0.0087987412824	-0.0200952615653	-0.0349600784147	-0.00358022874747	0.00069720489226	-0.0204098267644	0.0346144969458	-0.0214747745076	0.0157145715038	0.0179405151774	0.081121608755	-0.00351580841976	-0.0111158538835	-0.00766168142189	-0.0271564282061	-0.0218690152396	-0.00570825099644	0.0100710566544	0.00566949126077	-0.0373502678285	0.0439198255173	-0.02225842939	-0.0483235770817	0.0604057325843	-0.0104826368545	-0.0312073575956	0.0338939066076	-0.00923754858676	-0.105275384387	-0.00673479239937	-0.0666252505352	-0.0206679177298	-0.0384642855016	-0.00663585481746	0.00735162227021
k__Bacteria;p__Firmicutes;c__Clostridia;o__Clostridiales;f__Lachnospiraceae;g__;s__[Eubacterium]_rectale	-0.00211009065172	-0.0480790246472	-0.000364401993143	0.0532392343071	-0.0428151326384	-0.090517788732	0.0325176345595	-0.0555648166649	0.0122301781609	-0.0205895823779	-0.00102385838474	0.00899657922275	0.0437887397657	0.0460295240297	1.0	-0.0154394030352	-0.0446077810849	-0.0268603323433	-0.0326862672803	-0.0259818148179	-0.0198669807734	0.0410704506266	-0.00708776831143	0.0495593509891	0.0348080478573	0.00594313364944	-0.00594785122535	0.0105995870617	-0.0190609159806	-0.0168756804244	-0.0278350439204	-0.0235463837718	-0.0395120522445	0.0549300511148	0.00750690183574	-0.0358239963158	-7.44368830018e-05	-0.0294619806638	0.000859186581184	-0.0512418560557	-0.0103828084979	-0.00143648426888	0.0488509543134	-0.0086715520966	-0.00930997624641	0.0212465786206	-0.0611652187995	-0.00296271378898	0.0332601328638	0.0584223983707	-0.0130020504093	0.0513195700948	-0.0488456317723	0.0107258028487	-0.0412973277736	-0.0700137352771	-0.0256170946949	-0.0027554583752	-0.0414509925804
k__Bacteria;p__Bacteroidetes;c__Bacteroidia;o__Bacteroidales;f__Bacteroidaceae;g__Bacteroides;s__Bacteroides_plebeius	-0.0236249464717	0.0675432537724	-0.00116072665945	0.00764103445846	-0.037046166729	-0.0501553361373	-0.0217026246165	0.0207048237864	0.00377958109128	-0.0263221932057	-0.0137009047592	0.0129041803949	0.0171985044232	-0.00148142375659	-0.0154394030352	1.0	-0.0237892773192	0.0234105353984	-0.0183268923059	-0.0455143925844	-0.0588223675788	-0.00731963332694	-0.0016002622209	0.0354643876298	0.0184912085875	0.00838256182769	0.0383443377804	-0.0271681500007	-0.00779560071225	-0.0398628025302	-0.0494702395211	-0.0277871110467	-0.0194543158692	-0.0129135310832	-0.0126853920262	0.015982783129	0.0110976219398	-0.0451825257591	-0.0294972136982	0.0264057974491	0.0180512005812	0.00550587434306	-0.00561640949604	0.0339157844808	0.0353877840297	0.0180750569524	-0.0372923594339	-0.0498384015986	-0.00506994111505	0.0185011077168	-0.0234820917045	-0.0257954145999	-0.0111182336964	0.0485582727552	0.00872587806108	-0.00360548764783	-0.00194860273845	0.044426123399	-0.035721693205
k__Bacteria;p__Bacteroidetes;c__Bacteroidia;o__Bacteroidales;f__Bacteroidaceae;g__Bacteroides;s__Bacteroides_fragilis	0.0497323376048	0.0256970852172	-0.0247202312178	0.0338699346425	0.0112135186061	-0.00516166610147	-0.0168809074964	-0.100328807288	0.00744482833038	-0.0539742449344	-0.0383338402801	0.00377571087374	-0.00952301597407	-0.0152533485757	-0.0446077810849	-0.0237892773192	1.0	-0.0185557905923	-0.0468912614252	0.012887091899	0.0335479751962	-0.0189169873758	0.0647030850752	-0.0492619434155	0.0127469949572	0.0169683969722	-0.0149101093322	0.0184687958501	0.0473266704602	0.00485628836607	0.0123192951704	-0.0544340848494	-0.0555701275854	0.00322898646023	-0.054838860547	-0.0407037230658	0.030404053091	0.0657592096859	0.0136790376343	0.010738081981	0.0520382673021	-0.0381290854652	-0.0411662529527	0.0179219516126	0.00691022604125	-0.0071674024747	0.0225136689132	-0.0138962893893	0.0307874661647	0.00615878940988	0.0101346646564	-0.0369856091643	0.0272994740955	0.00582101757663	0.0157821413649	-0.0270844978968	0.0282996585511	0.0146724606907	0.0277618023022
k__Bacteria;p__Proteobacteria;c__Betaproteobacteria;o__Burkholderiales;f__Sutterellaceae;g__Sutterella;s__Sutterella_wadsworthensis	-0.0099964269544	-0.0123049722986	-0.0861859645875	-0.00186594974759	-0.02733611352	-0.0255753838769	0.0348854358413	0.0317439328588	0.0122569563429	0.0309502480314	-0.0754250632274	-0.0357510207819	0.0241171575615	0.0411872021357	-0.0268603323433	0.0234105353984	-0.0185557905923	1.0	0.0342942014862	0.0116353404442	-0.10033446488	-0.00471164577751	0.0380250825144	-0.0584425853591	-0.0288307750492	-0.0493806952774	0.0830804547584	-0.0444929249674	0.0261379635471	-0.0332726507769	-0.0055754540064	0.0225432921905	-0.0379493174251	-0.044809693714	-0.00442573935321	0.00733979295109	0.027200525203	-0.0752346343768	0.042400437079	-0.00714781529727	0.00671297079927	-0.039945811143	-0.0144496313618	0.0184042525041	-0.0490330973843	0.0399247925252	-0.000169273196227	-0.0313947538577	0.0520463774539	0.00389962916045	0.0281012221687	0.0365066842387	0.0206521908726	-0.0097444042013	-0.0266242690839	-0.017775266091	0.00956935716379	-0.10677325845	0.03186894382
k__Bacteria;p__Bacteroidetes;c__Bacteroidia;o__Bacteroidales;f__Porphyromonadaceae;g__Barnesiella;s__Barnesiella_intestinihominis	-0.0276162615575	-0.0573813963133	0.0464753673283	-0.0174710573373	0.0145657456963	0.00569293530728	-0.0146897522728	0.0537619501855	-0.0362704466946	0.0279462640843	-0.0076469079689	0.0835270725765	-0.087895172587	-0.00960713750996	-0.0326862672803	-0.0183268923059	-0.0468912614252	0.0342942014862	1.0	0.0689362501633	0.00432351873525	0.0597798228906	-0.035105176281	0.00947459114091	-0.00484023148616	-0.0190514040628	-0.0467344107367	0.0548020011883	-0.00846736444429	-0.000254420101343	0.00736931191825	0.0255771952419	0.00560531115741	-0.029105074734	-0.0797537724595	-0.0371805696111	-0.0379437375218	-0.0952640392647	-0.0258266666878	0.0160383444744	-0.00549676154955	-0.0520842423949	0.0264600559072	-0.0239236924469	0.0265228627522	-0.107247629931	-0.0413897628337	-0.0308422586268	-0.0125584013422	-0.0186204780498	-0.0171562657336	-0.0438536855571	-0.0170591702418	-0.0312597075388	0.0515084319906	0.00471007298885	-0.0520995499669	0.00471623382663	0.00232880130926
k__Bacteria;p__Bacteroidetes;c__Bacteroidia;o__Bacteroidales;f__Odoribacteraceae;g__Odoribacter;s__Odoribacter_splanchnicus	0.0213235298316	0.00679363649728	-0.0286181738285	0.0709994819942	0.0124878825067	-0.0150339356706	0.0204781673962	0.0267684355282	-0.0246185138996	-0.0261040794387	-0.0295761306403	0.00342752023732	0.00174659662226	0.0338320837032	-0.0259818148179	-0.0455143925844	0.012887091899	0.0116353404442	0.0689362501633	1.0	0.0315293914662	0.0177122783348	-0.0492791091422	-0.00336787863548	0.0377009144899	0.00203463330562	-0.0250649495883	0.0232697592634	-0.0211834829601	-0.01746203476	-0.0608584833523	0.0163842932382	0.0112596864052	-0.0163431450703	-0.0216805929498	-0.008164403391	0.0321269557447	0.000197572863393	-0.0448306395295	-0.0149084640593	-0.00716294843065	0.00572020595181	0.0181054910229	-0.0623219433274	-0.0412653451195	0.0337425010174	-0.0179083558304	-0.0522133986181	-0.0664668309802	0.0415587001752	-0.00740198596959	0.0245368442361	-0.0354503623972	0.0150491195352	-0.0518171226603	0.0624507045658	0.0268689051686	0.0335983792121	0.0565364363838
k__Bacteria;p__Bacteroidetes;c__Bacteroidia;o__Bacteroidales;f__Bacteroidaceae;g__Bacteroides;s__Bacteroides_salyersiae	-0.00961050822719	-0.0254667007867	0.0113271364428	0.0106314801023	0.0149117218981	-0.0204000191666	0.0519843159491	-0.00121432586756	0.016828684806	0.011453086575	0.0308112633609	-0.0281661663021	0.00776318668213	0.00900903375719	-0.0198669807734	-0.0588223675788	0.0335479751962	-0.10033446488	0.00432351873525	0.0315293914662	1.0	0.0154964643234	-0.0353554507935	-0.0174923109885	-0.000697342432939	0.0253068844046	0.0202531031326	0.0121488115517	0.0331854516402	0.0558492838537	0.0971573501496	-0.0510384228782	0.0130986498889	0.0477082996688	-0.0383755436843	0.0143392229298	-0.0552281821114	-0.00715199018572	-0.0606139841225	-0.0141805646708	-0.0133281465605	-0.015065573767	0.0699627073905	0.0127302435645	0.0113306614811	-0.0473007760148	-0.0108874851603	-0.0108921769579	-0.0300335723236	-0.0633784350982	0.0160629466026	0.021647748317	-0.0234000348131	0.00454666890392	0.00759942872714	-0.0504022546304	-0.0282814687569	0.0260354837695	0.0726265928793
k__Bacteria;p__Firmicutes;c__Clostridia;o__Clostridiales;f__Ruminococcaceae;g__Ruminiclostridium;s__[Eubacterium]_siraeum	-0.0637138251703	0.00200104421908	0.0123941654639	0.00863259551604	0.0390085294223	0.0249843202408	-0.0161102467419	-0.0344059707323	0.008880824626	-0.0613501372461	0.0226846402134	0.0140346286567	0.0552485702395	-0.0149325821709	0.0410704506266	-0.00731963332694	-0.0189169873758	-0.00471164577751	0.0597798228906	0.0177122783348	0.0154964643234	1.0	-0.0103380219566	0.00995160443011	-0.0105194553628	0.00382560577464	-0.0778001744431	-0.0628390735231	-0.0473437228876	-0.0313949825328	-0.0609113402867	-0.00654964783248	-0.014635085715	-0.0652356526712	-0.018796792313	-0.0470963536927	0.0073690196222	0.0387550439317	-0.01265574192	-0.020777975903	-0.00210929003758	0.000341708382815	-0.0970672410046	0.0109456456179	0.00867567019501	0.0155793272558	0.0166130987203	-0.0483910169239	0.0181053750274	-0.045341666652	0.0421632481977	-0.0265978885892	0.00193778735623	-0.0787918615062	-0.0657166647093	0.0236331840296	0.0599376424542	-0.0312071728154	0.040329393051
k__Bacteria;p__Proteobacteria;c__Betaproteobacteria;o__Burkholderiales;f__Sutterellaceae;g__Parasutterella;s__Parasutterella_excrementihominis	-0.0329823934878	-0.0367756736312	-0.0101138264662	0.0638634175095	-0.0529464446642	0.0356549290802	-0.0031080774768	0.0653726793335	0.020001164703	0.0211793805056	-0.0129169873496	-0.0693681559086	0.00937417168608	0.0056851340877	-0.00708776831143	-0.0016002622209	0.0647030850752	0.0380250825144	-0.035105176281	-0.0492791091422	-0.0353554507935	-0.0103380219566	1.0	-0.0101315359292	-0.00781103809634	-0.0541549146939	-0.045748174369	-0.0463608728591	0.0299380337771	0.0214985138946	0.0489440209897	-0.0037312787054	-0.0287151664012	-0.0789549873599	0.0456707102331	-0.00357131137067	0.0161299062292	0.017821708463	-0.0368424268664	0.00777836035495	-0.0127012959187	-0.0314242389833	-0.0886895801461	-0.0602237914577	-0.0206489031434	-0.030251206175	-0.0660702923367	-0.105975457241	-0.0346396445145	-0.0117294508932	0.00162238362395	0.0298006354264	-0.0370517457564	-0.0470153269885	0.0421010947114	-0.0123695349785	0.000511017914647	-0.0738861019179	0.0557314637226
k__Bacteria;p__Actinobacteria;c__Actinobacteria;o__Bifidobacteriales;f__Bifidobacteriaceae;g__Bifidobacterium;s__Bifidobacterium_adolescentis	0.0244379493655	-0.0026468803524	0.0476728066752	0.0159090670431	0.0101471978199	-0.0408755322479	-0.00479177363446	0.0180058514348	0.0103282214935	-0.0268817898063	-0.0250445477489	0.0226937373877	0.0399634396019	0.0230609321444	0.0495593509891	0.0354643876298	-0.0492619434155	-0.0584425853591	0.00947459114091	-0.00336787863548	-0.0174923109885	0.00995160443011	-0.0101315359292	1.0	-0.0308985391485	-0.047642696677	-0.0131002329603	-0.00899427118851	0.0135364908802	0.0450290000474	-0.0149975053435	-0.0154907640167	0.0526827438303	0.0286781941612	-0.0284199798195	-0.00493310898493	-0.0266053664923	0.0294945313448	-0.0142627012931	-0.0169104813363	0.053807036241	-0.121157791748	-0.0176812410431	-0.0413895520975	-0.0385997547819	-0.0233297877459	0.0058418706924	-0.0501640289875	-0.0304325453228	-0.0166604767977	0.0437692046496	-0.0293985026844	0.0385681261171	-0.00649345497192	-0.0139911512077	-0.0378311321521	-0.00504994178677	-0.0296665578292	0.0284493009088
k__Bacteria;p__Firmicutes;c__Clostridia;o__Clostridiales;f__Oscillospiraceae;g__Oscillibacter;s__Oscillibacter_sp._KLE_1745	-0.0288260652843	0.0135605747663	-0.0141843020354	-0.0885159879403	-0.020208293643	-0.0419427316557	0.0135524839758	-0.0211429768944	-0.0411338659508	-0.0522276498795	-0.00290916148556	-0.00676140690442	-0.0289661033248	-0.0087987412824	0.0348080478573	0.0184912085875	0.0127469949572	-0.0288307750492	-0.00484023148616	0.0377009144899	-0.000697342432939	-0.0105194553628	-0.00781103809634	-0.0308985391485	1.0	0.0152527669623	0.0236475780786	0.0320143612255	-0.0145226696036	-0.0380134237746	0.0225145873303	0.0602822304585	-0.070680146707	0.0117011590962	0.0162694882248	-0.00525935466704	0.0117808589649	-0.0132922480057	0.00558166456619	-0.0155794136814	0.0221615008196	0.00880956517841	-0.0306864120509	-0.0032329216459	-0.00126062381516	-0.0280934216079	-0.0012466316952	0.0210403496133	-0.0577188148374	-0.0704109716949	-0.002670921327	0.00732231778652	-0.0196342470468	-0.00224752262455	0.00916170319332	0.00351259478933	0.0312295121684	-0.0219937184563	0.0215494068277
k__Bacteria;p__Bacteroidetes;c__Bacteroidia;o__Bacteroidales;f__Bacteroidaceae;g__Bacteroides;s__Bacteroides_coprophilus	0.0112327842644	-0.0263582571246	-0.0401128035759	-0.00911229648433	-0.0561217190905	-0.00813278153589	0.0198458661063	-0.0451780361638	-0.016043025452	-0.0663164925404	-0.0477814768453	-0.0156756462213	0.0171904101397	-0.0200952615653	0.00594313364944	0.00838256182769	0.0169683969722	-0.0493806952774	-0.0190514040628	0.00203463330562	0.0253068844046	0.00382560577464	-0.0541549146939	-0.047642696677	0.0152527669623	1.0	0.0178732902111	-0.0323398245408	0.0408963727085	0.0578616865672	-0.0518966813462	-0.0452978123086	-0.0569069825038	0.0137445401563	0.00868361710996	-0.0423259347351	-0.0278362627872	0.0789365390709	-0.0150459652949	-0.00311857193298	0.0383085291231	-0.0543946427108	0.00379004097579	0.00398239604563	0.0275495231483	-0.00945061055971	0.0186425005806	-0.0111661460257	-0.0134305873587	-0.0135079359009	-0.00553134642274	-0.023918263543	-0.0684127135814	-0.00899413405352	0.0421020149957	-0.0802277357689	0.0193140241342	-0.0390297109415	-0.0460765041178
k__Bacteria;p__Firmicutes;c__Clostridia;o__Clostridiales;f__Lachnospiraceae;g__Roseburia;s__Roseburia_intestinalis	0.00666560015304	0.0239168158012	0.00682958463803	-0.0453517702374	-0.0178916855888	-0.00721242987519	0.0148058453863	-0.0316365630283	-0.0122349853771	-0.0210120413726	-0.00656733853471	-0.0596518833987	-0.0108448474029	-0.0349600784147	-0.00594785122535	0.0383443377804	-0.0149101093322	0.0830804547584	-0.0467344107367	-0.0250649495883	0.0202531031326	-0.0778001744431	-0.045748174369	-0.0131002329603	0.0236475780786	0.0178732902111	1.0	-0.0440762784486	0.00136527815145	-0.0326134503669	-0.0126674373144	0.00613620659259	-0.0105900588926	0.0216489127734	0.00326523999517	0.0418103895186	-0.0210846887788	-0.00113110369206	0.0106983527171	0.023876104298	-0.00144759827934	-0.00375681241051	0.0220493747608	0.0407986638687	0.0421340023751	0.0209384190014	-0.0784746742267	-0.0134628434707	0.00365200680423	0.00786632074666	0.0328932003159	-0.0833913345596	0.0125898705068	-0.0543769186226	-0.0259715211541	-0.0213094507037	-0.0397465188051	-0.00505544931612	0.0264831029016
k__Bacteria;p__Firmicutes;c__Clostridia;o__Clostridiales;f__Lachnospiraceae;g__Roseburia;s__Roseburia_hominis	-0.0125799466789	-0.0340616450063	-0.0283222997942	-0.0444441986246	-0.0362625519716	-0.0509843453851	-0.0021122929313	-0.0378969677372	-0.0261590637093	-0.0190392094968	-0.052483082032	-0.0176333699061	-0.0408632733257	-0.00358022874747	0.0105995870617	-0.0271681500007	0.0184687958501	-0.0444929249674	0.0548020011883	0.0232697592634	0.0121488115517	-0.0628390735231	-0.0463608728591	-0.00899427118851	0.0320143612255	-0.0323398245408	-0.0440762784486	1.0	-0.0380764646013	-0.101525634735	0.0362797398063	0.099181317181	-0.0279548928889	-0.0497815501132	0.00829086794875	-0.0448727012817	-0.0184700555148	-0.0140509625031	-0.0595134604212	0.0252802939366	0.0397740567411	0.0137782360041	0.031651724357	-0.0455822662044	0.0189556949157	0.00112955177498	0.00714807096923	-0.052804009097	-0.0230777578235	0.0300836748076	-0.0020488047495	-0.00101937057062	-0.0266125040127	-0.0537132766479	-0.00886666336946	0.0469076258857	0.039495672966	0.052308912012	-0.000957720217831
k__Bacteria;p__Bacteroidetes;c__Bacteroidia;o__Bacteroidales;f__Porphyromonadaceae;g__Parabacteroides;s__Parabacteroides_johnsonii	-0.0289155249404	-0.0686236443046	-0.00384813387931	-0.0379045425681	-0.102049549243	-0.0189359544745	-0.0679340974193	0.0120403397557	0.0471997869041	-0.0254375438572	-0.0773779285406	-0.00765704526834	-0.032205502906	0.00069720489226	-0.0190609159806	-0.00779560071225	0.0473266704602	0.0261379635471	-0.00846736444429	-0.0211834829601	0.0331854516402	-0.0473437228876	0.0299380337771	0.0135364908802	-0.0145226696036	0.0408963727085	0.00136527815145	-0.0380764646013	1.0	0.00844104016311	0.0331544790549	-0.0204553235208	-0.0154976670047	0.00799040730805	0.0426950148115	-0.0668316924436	0.0270287636901	0.078056793245	-0.0437440057615	0.00183100954609	0.000578917385017	-0.0353961187089	-0.0219990353598	-0.0101146591406	-0.0199364303979	-0.0225554995486	-0.0597194876485	0.0478192920123	0.018409130971	0.0439164287269	-0.00516871149985	0.0300146019162	0.0450118239198	0.0146146671428	0.0153719475598	-0.0426894206182	-0.0321082314682	-0.0430391751106	-0.00610789009605
k__Bacteria;p__Actinobacteria;c__Actinobacteria;o__Bifidobacteriales;f__Bifidobacteriaceae;g__Bifidobacterium;s__Bifidobacterium_longum	0.0129278833981	-0.00834407751047	-0.0849552928696	-0.0250855228074	-0.000151820177797	-0.00551446589717	-0.0243551879157	0.00427337096243	-0.0305367723198	-0.0579386974199	-0.062908890874	0.0226572109786	0.00731351476079	-0.0204098267644	-0.0168756804244	-0.0398628025302	0.00485628836607	-0.0332726507769	-0.000254420101343	-0.01746203476	0.0558492838537	-0.0313949825328	0.0214985138946	0.0450290000474	-0.0380134237746	0.0578616865672	-0.0326134503669	-0.101525634735	0.00844104016311	1.0	0.0129748746646	0.00615245065099	-0.040935336522	0.0361315414278	0.00567879509847	-0.0116687172196	-0.0296972995002	0.00152495872426	-0.0174812226396	0.0341698421101	0.0539770903029	-0.0438792890355	0.0135723252912	0.0130275335441	0.0737189054005	-0.035868618951	-0.00647845650943	0.0302247384485	-0.0106922782783	-0.0533922802286	0.0609558103528	0.0156488018862	0.0137841584284	-0.0439301212607	-0.0461019592808	-0.0625814258882	-0.0355751099315	0.0101611621454	0.0135714759563
