#taxonomy	k__Bacteria;p__Bacteroidetes;c__Bacteroidia;o__Bacteroidales;f__Bacteroidaceae;g__Bacteroides;s__Bacteroides_vulgatus	k__Bacteria;p__Bacteroidetes;c__Bacteroidia;o__Bacteroidales;f__Bacteroidaceae;g__Bacteroides;s__Bacteroides_uniformis	k__Bacteria;p__Bacteroidetes;c__Bacteroidia;o__Bacteroidales;f__Rikenellaceae;g__Alistipes;s__Alistipes_putredinis	k__Bacteria;p__Bacteroidetes;c__Bacteroidia;o__Bacteroidales;f__Prevotellaceae;g__Prevotella;s__Prevotella_copri	k__Bacteria;p__Bacteroidetes;c__Bacteroidia;o__Bacteroidales;f__Bacteroidaceae;g__Bacteroides;s__Bacteroides_stercoris	k__Bacteria;p__Bacteroidetes;c__Bacteroidia;o__Bacteroidales;f__Bacteroidaceae;g__Bacteroides;s__Bacteroides_ovatus	k__Bacteria;p__Bacteroidetes;c__Bacteroidia;o__Bacteroidales;f__Rikenellaceae;g__Alistipes;s__Alistipes_shahii	k__Bacteria;p__Firmicutes;c__Clostridia;o__Clostridiales;f__Ruminococcaceae;g__Faecalibacterium;s__Faecalibacterium_prausnitzii	k__Bacteria;p__Bacteroidetes;c__Bacteroidia;o__Bacteroidales;f__Rikenellaceae;g__Alistipes;s__Alistipes_finegoldii	k__Bacteria;p__Bacteroidetes;c__Bacteroidia;o__Bacteroidales;f__Porphyromonadaceae;g__Parabacteroides;s__Parabacteroides_distasonis	k__Bacteria;p__Bacteroidetes;c__Bacteroidia;o__Bacteroidales;f__Bacteroidaceae;g__Bacteroides;s__Bacteroides_thetaiotaomicron	k__Bacteria;p__Bacteroidetes;c__Bacteroidia;o__Bacteroidales;f__Bacteroidaceae;g__Bacteroides;s__Bacteroides_coprocola	k__Bacteria;p__Bacteroidetes;c__Bacteroidia;o__Bacteroidales;f__Bacteroidaceae;g__Bacteroides;s__Bacteroides_cellulosilyticus	k__Bacteria;p__Bacteroidetes;c__Bacteroidia;o__Bacteroidales;f__Rikenellaceae;g__Alistipes;s__Alistipes_obesi	k__Bacteria;p__Firmicutes;c__Clostridia;o__Clostridiales;f__Lachnospiraceae;g__;s__[Eubacterium]_rectale	k__Bacteria;p__Bacteroidetes;c__Bacteroidia;o__Bacteroidales;f__Bacteroidaceae;g__Bacteroides;s__Bacteroides_plebeius	k__Bacteria;p__Bacteroidetes;c__Bacteroidia;o__Bacteroidales;f__Bacteroidaceae;g__Bacteroides;s__Bacteroides_fragilis	k__Bacteria;p__Proteobacteria;c__Betaproteobacteria;o__Burkholderiales;f__Sutterellaceae;g__Sutterella;s__Sutterella_wadsworthensis	k__Bacteria;p__Bacteroidetes;c__Bacteroidia;o__Bacteroidales;f__Porphyromonadaceae;g__Barnesiella;s__Barnesiella_intestinihominis	k__Bacteria;p__Bacteroidetes;c__Bacteroidia;o__Bacteroidales;f__Odoribacteraceae;g__Odoribacter;s__Odoribacter_splanchnicus	k__Bacteria;p__Bacteroidetes;c__Bacteroidia;o__Bacteroidales;f__Bacteroidaceae;g__Bacteroides;s__Bacteroides_salyersiae	k__Bacteria;p__Firmicutes;c__Clostridia;o__Clostridiales;f__Ruminococcaceae;g__Ruminiclostridium;s__[Eubacterium]_siraeum	k__Bacteria;p__Proteobacteria;c__Betaproteobacteria;o__Burkholderiales;f__Sutterellaceae;g__Parasutterella;s__Parasutterella_excrementihominis	k__Bacteria;p__Actinobacteria;c__Actinobacteria;o__Bifidobacteriales;f__Bifidobacteriaceae;g__Bifidobacterium;s__Bifidobacterium_adolescentis	k__Bacteria;p__Firmicutes;c__Clostridia;o__Clostridiales;f__Oscillospiraceae;g__Oscillibacter;s__Oscillibacter_sp._KLE_1745	k__Bacteria;p__Bacteroidetes;c__Bacteroidia;o__Bacteroidales;f__Bacteroidaceae;g__Bacteroides;s__Bacteroides_coprophilus	k__Bacteria;p__Firmicutes;c__Clostridia;o__Clostridiales;f__Lachnospiraceae;g__Roseburia;s__Roseburia_intestinalis	k__Bacteria;p__Firmicutes;c__Clostridia;o__Clostridiales;f__Lachnospiraceae;g__Roseburia;s__Roseburia_hominis	k__Bacteria;p__Bacteroidetes;c__Bacteroidia;o__Bacteroidales;f__Porphyromonadaceae;g__Parabacteroides;s__Parabacteroides_johnsonii	k__Bacteria;p__Actinobacteria;c__Actinobacteria;o__Bifidobacteriales;f__Bifidobacteriaceae;g__Bifidobacterium;s__Bifidobacterium_longum	k__Bacteria;p__Firmicutes;c__Clostridia;o__Clostridiales;f__;g__Flavonifractor;s__Flavonifractor_plautii	k__Bacteria;p__Firmicutes;c__Clostridia;o__Clostridiales;f__Clostridiaceae;g__Clostridium;s__Clostridium_phoceensis	k__Bacteria;p__Verrucomicrobia;c__Verrucomicrobiae;o__Verrucomicrobiales;f__Akkermansiaceae;g__Akkermansia;s__Akkermansia_muciniphila	k__Bacteria;p__Bacteroidetes;c__Bacteroidia;o__Bacteroidales;f__Prevotellaceae;g__Paraprevotella;s__Paraprevotella_xylaniphila	k__Bacteria;p__Firmicutes;c__Clostridia;o__Clostridiales;f__Ruminococcaceae;g__Ruminococcus;s__Ruminococcus_callidus	k__Bacteria;p__Bacteroidetes;c__Bacteroidia;o__Bacteroidales;f__Rikenellaceae;g__Alistipes;s__Alistipes_senegalensis	k__Bacteria;p__Firmicutes;c__Clostridia;o__Clostridiales;f__Lachnospiraceae;g__Blautia;s__Blautia_sp._KLE_1732	k__Bacteria;p__Bacteroidetes;c__Bacteroidia;o__Bacteroidales;f__Bacteroidaceae;g__Bacteroides;s__Bacteroides_oleiciplenus	k__Bacteria;p__Firmicutes;c__Clostridia;o__Clostridiales;f__Ruminococcaceae;g__Ruminococcus;s__Ruminococcus_bicirculans	k__Bacteria;p__Bacteroidetes;c__Bacteroidia;o__Bacteroidales;f__Bacteroidaceae;g__Bacteroides;s__Bacteroides_fluxus	k__Bacteria;p__Bacteroidetes;c__Bacteroidia;o__Bacteroidales;f__Prevotellaceae;g__Prevotella;s__Prevotella_stercorea	k__Bacteria;p__Firmicutes;c__Clostridia;o__Clostridiales;f__Lachnospiraceae;g__Dorea;s__Dorea_longicatena	k__Bacteria;p__Firmicutes;c__Clostridia;o__Clostridiales;f__Eubacteriaceae;g__Eubacterium;s__[Eubacterium]_eligens	k__Bacteria;p__Firmicutes;c__Clostridia;o__Clostridiales;f__Ruminococcaceae;g__;s__Ruminococcaceae_bacterium_D16	k__Bacteria;p__Firmicutes;c__Clostridia;o__Clostridiales;f__Lachnospiraceae;g__Coprococcus;s__Coprococcus_comes	k__Bacteria;p__Proteobacteria;c__Gammaproteobacteria;o__Enterobacterales;f__Enterobacteriaceae;g__Escherichia;s__Escherichia_coli	k__Bacteria;p__Firmicutes;c__Clostridia;o__Clostridiales;f__Ruminococcaceae;g__Anaerotruncus;s__Anaerotruncus_colihominis	k__Bacteria;p__Firmicutes;c__Clostridia;o__Clostridiales;f__Lachnospiraceae;g__Blautia;s__Blautia_obeum	k__Bacteria;p__Bacteroidetes;c__Bacteroidia;o__Bacteroidales;f__Odoribacteraceae;g__Odoribacter;s__Odoribacter_laneus	k__Bacteria;p__Firmicutes;c__Clostridia;o__Clostridiales;f__Ruminococcaceae;g__Ruminiclostridium;s__[Clostridium]_leptum	k__Bacteria;p__Bacteroidetes;c__Bacteroidia;o__Bacteroidales;f__Porphyromonadaceae;g__Parabacteroides;s__Parabacteroides_goldsteinii	k__Bacteria;p__Firmicutes;c__Clostridia;o__Clostridiales;f__Lachnospiraceae;g__Anaerostipes;s__Anaerostipes_hadrus	k__Bacteria;p__Firmicutes;c__Clostridia;o__Clostridiales;f__Ruminococcaceae;g__Ruminococcus;s__Ruminococcus_lactaris	k__Bacteria;p__Firmicutes;c__Clostridia;o__Clostridiales;f__Clostridiaceae;g__Clostridium;s__Clostridium_sp._L2-50	k__Bacteria;p__Firmicutes;c__Clostridia;o__Clostridiales;f__Clostridiaceae;g__Clostridium;s__Clostridium_sp._M62/1	k__Bacteria;p__Firmicutes;c__Clostridia;o__Clostridiales;f__;g__Intestinimonas;s__Intestinimonas_butyriciproducens	k__Bacteria;p__Actinobacteria;c__Actinobacteria;o__Bifidobacteriales;f__Bifidobacteriaceae;g__Bifidobacterium;s__Bifidobacterium_bifidum	k__Bacteria;p__Firmicutes;c__Negativicutes;o__Veillonellales;f__Veillonellaceae;g__Dialister;s__Dialister_invisus	k__Bacteria;p__Bacteroidetes;c__Bacteroidia;o__Bacteroidales;f__Bacteroidaceae;g__Bacteroides;s__Bacteroides_salanitronis
k__Bacteria;p__Bacteroidetes;c__Bacteroidia;o__Bacteroidales;f__Bacteroidaceae;g__Bacteroides;s__Bacteroides_vulgatus	1.0	0.0408273780559	-0.0561789522662	0.00288456031121	0.0177953980444	0.0202985866571	-0.0775949430325	0.0304265720202	0.0429849902494	-0.00495797306122	-0.0373913897861	0.00994614720082	-0.0216340251144	0.00630151584875	-0.0347435728635	0.00239287860381	0.0376126547181	-0.0168210435067	0.0177394102195	0.029544717792	-0.0292684778854	-0.0790795051455	-0.0596031743263	-0.0167516834852	0.00899765970301	0.00165967000485	-0.0103239845992	-0.0311462047919	0.0191271251652	0.0139420311755	-0.0068815312096	-0.0423073106548	-0.0231043412974	-0.0266827708813	-0.0393661023916	0.00591389995846	0.0171477895223	0.0507204976767	0.00802941713241	-0.0697780102066	-0.0922776911782	-0.0121225017354	-0.0284592496664	0.0128207976148	-0.00908376850787	-0.00411444973102	-0.019057872811	0.00437028362676	0.00517246202675	0.0144408523043	0.0763865635551	0.0350002596564	-0.0149412250187	-0.0239012553861	-0.0275081010512	0.0206902977921	0.0276023838734	-0.0247981499254	-0.0313397252488
k__Bacteria;p__Bacteroidetes;c__Bacteroidia;o__Bacteroidales;f__Bacteroidaceae;g__Bacteroides;s__Bacteroides_uniformis	0.0408273780559	1.0	-0.0614044066174	0.0329697162738	0.0309268864732	-0.01674654976	-0.0519343243647	0.00572057777406	0.0545840530728	-0.0636933192483	-0.0647008493965	0.0127696203477	0.0723058602936	-0.0148168579096	0.0414244013139	0.0218695165989	0.0147811642486	0.0242773714055	0.0117182227725	0.0266303007321	0.0401791979874	-0.034464192946	0.0266468509147	-0.0186066537123	-0.0198158867533	0.00911004845433	0.00213696032554	-0.0167471648154	0.0185410002583	0.00782329616859	-0.0156819275992	0.00917176228767	0.00439980912938	0.0133923518028	0.00605179281128	0.00558944591278	-0.0371346140531	-0.00648900587145	-0.0364966622001	-0.0833095333742	-0.0038884618047	0.0250986228403	0.0250262006834	-0.00510674517812	-0.00487269110221	-0.0287201735537	-0.0932538885531	0.000384237526123	0.0498884171418	-0.0488307541639	0.0855842933932	0.00874486787836	-0.0219913968145	0.0207051641195	-0.0381946830703	-0.0247682093759	-0.0873149902426	0.0155633868343	0.0120842123429
k__Bacteria;p__Bacteroidetes;c__Bacteroidia;o__Bacteroidales;f__Rikenellaceae;g__Alistipes;s__Alistipes_putredinis	-0.0561789522662	-0.0614044066174	1.0	-0.00381941415205	-0.00148271547091	0.00279290365273	-0.0264065765215	-0.0396600951553	0.0118116445154	-0.0618497035645	0.0119759383451	0.00198798064252	-0.024741848048	0.01066027535	0.0368546417661	-0.0432952168447	-0.0280917615851	-0.0135584492247	-0.0724499234096	-0.00302866103251	0.00178252704119	-0.00104604777168	0.0664426579104	-0.0318953569829	0.0321298291478	-0.0608396088488	-0.0520873077128	0.030687500529	0.0686883081393	0.0210388727788	0.0229370661279	-0.0270110590946	-0.0178628921936	0.0418877987636	-0.00046755140823	0.0542066544674	0.0124909532637	-0.00555690441938	-0.0132334743422	-0.0475705313857	0.0111859536906	-0.0372621228881	-0.000793510262368	-0.0222009013021	0.00418691434242	-0.0118431584301	-0.00448305029432	0.00337066863014	0.0110145353821	0.0249995324554	0.0238053555071	-0.0111945035505	-0.0217459174255	-0.0564379526105	0.0717559926777	-0.0491101183912	-0.0292272611703	-0.00888924019335	-0.0523285927184
k__Bacteria;p__Bacteroidetes;c__Bacteroidia;o__Bacteroidales;f__Prevotellaceae;g__Prevotella;s__Prevotella_copri	0.00288456031121	0.0329697162738	-0.00381941415205	1.0	0.0852361495542	0.00886170120166	-0.076367548764	-0.0349440664598	-0.0184418107831	-0.0175838997175	0.0424284978482	-0.025289493865	-0.0413859961006	0.0336440300575	-0.0249465914589	-0.0189061610138	0.00644994154164	-0.00719134010897	-0.05194047522	-0.0210437634848	0.0502982382302	0.0215893988476	-0.0292876666612	-0.0156424927301	0.0159307763702	-0.0837782615469	0.0197775325159	-0.0278367528043	-0.0158676665347	0.0345983683288	0.0195901301436	0.00303321335111	-0.0581144153625	0.00173975954168	0.086577743848	0.037817094898	-0.0780079553751	-0.0132169085466	0.0127979692085	-0.0363471247171	-0.0283677237762	-0.023507650705	-0.0558506634303	0.00632290372166	-0.0216910588197	-0.0239000987479	-0.0296650609143	-0.0425703184872	0.0461428563901	0.00241389873889	0.00296051041123	0.0343490160944	-0.0548237543638	-0.0144554184464	0.0192660557972	0.00759830031617	-0.0290950852265	0.043011691293	0.0166635771236
k__Bacteria;p__Bacteroidetes;c__Bacteroidia;o__Bacteroidales;f__Bacteroidaceae;g__Bacteroides;s__Bacteroides_stercoris	0.0177953980444	0.0309268864732	-0.00148271547091	0.0852361495542	1.0	-0.0680920179804	0.00401527882676	-0.0423770319971	-0.0274413159795	-0.00658280021004	0.00401948939547	-0.0450876989791	-0.0214774232577	-0.0236004191258	-0.0407596266095	0.00252066382142	0.0431902979973	0.0228651032181	0.0125090222453	0.0639071588897	-0.0156404867884	0.0115818804495	0.00580809546191	0.0252515591442	0.00931181343544	0.0628783502905	-0.04778147447	0.041520353333	0.0150571807503	-0.0102219750718	0.00310535334834	0.0455403752058	-0.0300316747421	0.0250614128361	-0.0371490422056	-0.00158888551573	0.0204998004886	-0.0348869148638	0.0286491219088	-0.016218771785	-0.00656566835083	-0.0131211400464	-0.0145754213485	-0.0568191216955	0.0494779738774	0.016660064217	-0.0470226866912	0.0246499318805	-0.0327743625644	0.0328484284078	-0.0862194208689	0.0227758657484	-0.0304199932894	-0.034904427241	-0.00904432408526	-0.078490495133	-0.0285601234531	-0.0100565963234	-0.0215297083899
k__Bacteria;p__Bacteroidetes;c__Bacteroidia;o__Bacteroidales;f__Bacteroidaceae;g__Bacteroides;s__Bacteroides_ovatus	0.0202985866571	-0.01674654976	0.00279290365273	0.00886170120166	-0.0680920179804	1.0	0.0374883233226	-0.0362098066746	0.0071440222993	0.0442559348136	0.016280713252	-0.0231032010121	0.0216220854225	-0.0244694008763	0.0035238120511	-0.0627002828206	0.0394894585775	-0.0368192845478	-0.0399891617286	0.0213131026527	-0.0763469421131	-0.0166602376148	-0.0416112881126	3.55540134105e-05	-0.0119144650386	-0.0386148974196	-0.0505000441459	-0.0284218268188	0.00587039786351	0.024937095856	0.0568068484735	-0.0512451820096	-0.0711521100666	0.00179031911773	0.0221031365132	0.0666666089388	0.0393774777007	-0.00733786407101	-0.0483364482589	0.0068225575477	0.0211667885926	-0.0201369348455	0.0209732304636	-0.0383914443541	-0.03431650631	-0.0299593576548	0.0235063047968	0.00896141545056	0.0183151221153	-0.0492167548418	0.0354470163546	-0.0241156876913	0.0301847415988	-0.0646190028958	-0.0868524762325	0.0115179806203	-0.0458565482804	0.00844776121028	-0.0363816841552
k__Bacteria;p__Bacteroidetes;c__Bacteroidia;o__Bacteroidales;f__Rikenellaceae;g__Alistipes;s__Alistipes_shahii	-0.0775949430325	-0.0519343243647	-0.0264065765215	-0.076367548764	0.00401527882676	0.0374883233226	1.0	-0.038615225197	-0.0435042694487	0.0410741779153	0.0533970416365	-0.0308291860152	0.000929924973856	0.00671890311478	0.0437758437838	-0.0317690294426	0.0375854785763	-0.00945844720742	-0.0226579351186	0.0196792179305	-0.0150305834428	0.0849904883362	-0.00620326957357	-0.0156105487149	-0.0647800092062	-0.00443162245231	-0.0022274235705	-0.0439663405798	-0.0130353903012	0.00898724845408	-0.0429498132763	-0.00994443982479	0.00693464980772	-0.0567470625931	-0.0169681456432	-0.0146734774051	-0.0375644535937	0.000322704444616	-0.0731914623804	0.0131101459862	0.00314357217566	0.00783360956006	-0.000379267090721	0.0212596339794	0.0324911312164	-0.00123072511999	-0.00511597159721	-0.0168508870322	0.0103039866407	-0.0618915127375	-0.00508859816429	-0.0097675144138	-0.0127140148385	0.0217152374699	-0.0783061649883	0.0670484724102	-0.0226870778983	0.0334797572368	-0.0374919543894
k__Bacteria;p__Firmicutes;c__Clostridia;o__Clostridiales;f__Ruminococcaceae;g__Faecalibacterium;s__Faecalibacterium_prausnitzii	0.0304265720202	0.00572057777406	-0.0396600951553	-0.0349440664598	-0.0423770319971	-0.0362098066746	-0.038615225197	1.0	-0.0490334715959	0.0481717246589	-0.0180783455454	0.0160037016773	-0.0281395960573	-0.0347629183789	-0.0148503670407	-0.0262807994417	-0.0303174654031	0.0479001990331	-0.00460230944372	-0.0407336447007	-0.0234951174342	-0.110783325512	0.00894743638734	-0.0271176807471	-0.0105946433768	0.0322441596137	-0.00753123586021	-0.0568319788211	0.00891335829298	0.010067325462	-0.0244401322433	0.0574403457234	0.0220083704912	0.00222729684852	-0.0463316769212	-0.00831156486105	-0.0170954905708	-0.0525702274904	-0.031271322978	0.0311759372978	0.00396991758913	0.00911368109412	-0.0241060709177	0.0650468753349	0.00439738316663	0.0111497544858	-0.043439261363	-0.0422467504532	-0.0351804200046	-0.0287116654839	0.0135319734383	-0.0102323661615	0.0117516925381	-0.0433680593114	-0.0611851516329	0.019858002572	0.00523220799776	-0.0878274160102	-0.0400811027544
k__Bacteria;p__Bacteroidetes;c__Bacteroidia;o__Bacteroidales;f__Rikenellaceae;g__Alistipes;s__Alistipes_finegoldii	0.0429849902494	0.0545840530728	0.0118116445154	-0.0184418107831	-0.0274413159795	0.0071440222993	-0.0435042694487	-0.0490334715959	1.0	0.0344208458507	-0.00937955834194	-0.0404260241813	-0.0585311768879	-0.0280744561871	0.0336432122776	-0.0012846199648	-0.0647089159343	-0.0685145830606	-0.0150046391544	0.0090446043886	-0.0242181400103	0.0221684531181	0.0552661429972	-0.030621624762	-0.0415712663935	-0.0175641052215	0.0153742370253	0.0571263140529	-0.0181322834762	-0.0284245413822	0.0526884107031	0.0187048980728	-0.0303484935864	-0.0306782322813	0.0238656249651	0.020523838555	0.0250266343286	-0.0293471870672	-0.0625116077871	-0.0044839974274	0.00392534966067	0.0694925728117	0.00499389161368	-0.0176407858874	-0.0164194879693	0.0441599859278	-0.0481329559019	-0.0324632608858	-0.0592860987891	-0.00693353246666	-0.0482421690705	0.0080206532341	0.000590571160435	-0.0237947714155	0.0298749985062	0.0131324056499	-0.00747828794508	-0.0674467096829	0.06400550479
k__Bacteria;p__Bacteroidetes;c__Bacteroidia;o__Bacteroidales;f__Porphyromonadaceae;g__Parabacteroides;s__Parabacteroides_distasonis	-0.00495797306122	-0.0636933192483	-0.0618497035645	-0.0175838997175	-0.00658280021004	0.0442559348136	0.0410741779153	0.0481717246589	0.0344208458507	1.0	-0.0350490079896	0.0140674460147	0.0063107868111	-0.0703221426656	0.00115533849979	-0.0315839569927	-0.00388814573085	-0.0362838105397	-0.0229432678451	0.0333140100755	-0.0236532328793	0.0419327789494	0.0219560843498	0.0301335271033	-0.0591471549843	-0.0608798506492	0.0138531565197	-0.0179720799945	0.00909814417831	-0.0135017217767	0.0624915565435	-0.0276057474023	0.00127012510456	0.00414532919158	-0.0459753782809	-0.015259833083	-0.00527799645751	-0.0235874517145	-0.0354467635768	-0.0365369827188	0.0337295091582	0.0393035949669	-0.0604740888977	-0.00502241425213	0.034727072784	-0.0159749745268	-0.0372943457868	-0.00940550905224	-0.0278124785732	-0.0639961451628	-0.00165593294839	-0.077956671778	0.0157524660644	-0.0212890662439	0.00558562242086	-0.013946066079	0.0287995853604	-0.01770995203	-0.0287737917438
k__Bacteria;p__Bacteroidetes;c__Bacteroidia;o__Bacteroidales;f__Bacteroidaceae;g__Bacteroides;s__Bacteroides_thetaiotaomicron	-0.0373913897861	-0.0647008493965	0.0119759383451	0.0424284978482	0.00401948939547	0.016280713252	0.0533970416365	-0.0180783455454	-0.00937955834194	-0.0350490079896	1.0	0.0361651148875	-0.00616105346355	0.0226360298903	-0.0554751336805	-0.0168881614335	-0.00355029830562	-0.00272715437595	-0.0109765080427	-0.0331738140169	-0.019192573333	0.0372764206212	-0.0481896013627	-0.00953224687064	-0.000970082454772	-0.0245595489405	-0.0717814037821	-0.0022162518402	0.0236107860543	0.0151695122611	-0.0143755511962	-0.0160190916882	-0.0716467499384	-0.0104225527593	0.020500122545	-0.00650327441046	-0.0824225840142	0.0163613198599	-0.0232285378675	-0.011552297386	0.0892662174036	-0.0420938087809	-0.00264799888274	-0.0233356748521	-0.0102587923741	-0.0348255984842	-0.0141632016923	0.0160622384184	0.00977943180782	0.0310749250758	0.0141235575255	-0.0469218828984	0.0208163096617	-0.0275226202527	-0.0112457400925	0.0352171952068	-0.0221989361844	0.0346391419213	0.00986335691224
k__Bacteria;p__Bacteroidetes;c__Bacteroidia;o__Bacteroidales;f__Bacteroidaceae;g__Bacteroides;s__Bacteroides_coprocola	0.00994614720082	0.0127696203477	0.00198798064252	-0.025289493865	-0.0450876989791	-0.0231032010121	-0.0308291860152	0.0160037016773	-0.0404260241813	0.0140674460147	0.0361651148875	1.0	0.0308414057075	0.0380983323139	0.070286152392	0.0487518150155	0.0670020711756	-0.00369426803695	0.0130320608003	-0.0428416084582	-0.0164690980308	-0.0358458563934	0.0197277899258	0.0246383964123	-0.0224779951658	0.0288552561975	0.00246228721425	-0.0203154784899	-0.0673206119267	-0.0198273631116	0.0638504450643	0.0351789481787	-0.00494267807588	-0.0381178050217	-0.00361278960826	0.0663357822391	0.00705873531716	0.0204425631243	-0.00305533997468	-0.00433915694674	-0.0391044207223	-0.0479600899262	-0.0343204803839	-0.0190060145389	-0.0279683794779	0.00740810216103	0.0259959975538	0.00728444112456	-0.041559544038	0.0266897885823	0.0121831109048	-0.0251538349881	0.0538491342824	-0.0201909794033	-0.0358326176523	0.0121232204731	-0.00642083265857	0.0404084037151	0.0572926348493
k__Bacteria;p__Bacteroidetes;c__Bacteroidia;o__Bacteroidales;f__Bacteroidaceae;g__Bacteroides;s__Bacteroides_cellulosilyticus	-0.0216340251144	0.0723058602936	-0.024741848048	-0.0413859961006	-0.0214774232577	0.0216220854225	0.000929924973856	-0.0281395960573	-0.0585311768879	0.0063107868111	-0.00616105346355	0.0308414057075	1.0	-0.0214827808622	-0.0727974911582	0.0606189292611	0.0847766203646	-0.0391965646905	-0.0101541386784	-0.0387213489924	-0.0266449842053	-0.0248899625848	-0.00673591718944	-0.0306805585491	-0.0227797540893	-0.028313501365	-0.0150874898758	-0.00736552575325	0.00510098750417	-0.0163594542548	0.0419798748548	-0.04773693983	-0.0360916873315	-0.0285903777922	-0.0265067999935	-0.00584981481405	-0.00966944021943	-0.000194746684308	-0.00859110433898	-0.0639756195995	-0.00533427834147	-0.0352006084558	-0.0249607747885	0.0390413408467	0.0225160735615	-0.0641333331442	0.0180905321563	-0.00148031828003	0.0503081358047	0.00260659632743	0.0199433360023	-0.0118294321583	-0.03688046204	-0.000447835334736	0.0343265815046	-0.073328080117	-0.0197132458422	0.0277462121698	-0.0589538464809
k__Bacteria;p__Bacteroidetes;c__Bacteroidia;o__Bacteroidales;f__Rikenellaceae;g__Alistipes;s__Alistipes_obesi	0.00630151584875	-0.0148168579096	0.01066027535	0.0336440300575	-0.0236004191258	-0.0244694008763	0.00671890311478	-0.0347629183789	-0.0280744561871	-0.0703221426656	0.0226360298903	0.0380983323139	-0.0214827808622	1.0	0.0122707979331	0.027925886532	0.040409690186	0.0169732130882	0.0164268447517	0.0215202325263	-0.0124392861708	0.0120359903857	0.0312649076911	0.0297533722436	0.0118619379438	0.00859852392128	-0.00598645779851	-0.00852587444019	0.0146997176246	-0.0661199853957	0.0150875949288	-0.0118959410388	-0.081742537803	0.00482774352628	0.0378493942897	-0.0437322949477	-0.0876602085163	-0.0113315492064	-0.011849146208	0.0331281129635	-0.0789732065418	-0.00996094685833	-0.0163574808049	0.0249831527321	-0.0153129162551	-0.0508542479516	-0.00565137553301	0.0324710657799	-0.0387766673559	0.0440557935148	-0.0528301949566	0.0631433897415	-0.00694525849676	-0.0301098035348	0.0256330351542	0.0100149112392	-0.0149600057337	-0.0333575580534	0.0171407303214
k__Bacteria;p__Firmicutes;c__Clostridia;o__Clostridiales;f__Lachnospiraceae;g__;s__[Eubacterium]_rectale	-0.0347435728635	0.0414244013139	0.0368546417661	-0.0249465914589	-0.0407596266095	0.0035238120511	0.0437758437838	-0.0148503670407	0.0336432122776	0.00115533849979	-0.0554751336805	0.070286152392	-0.0727974911582	0.0122707979331	1.0	-0.00861080916824	0.0277353143423	0.0292438488238	-0.00912095852345	-0.0191347555182	0.0270200614642	-0.00137613232816	-0.00688033294128	-0.0195963427516	-0.0453353556409	0.0195322100283	0.0347989438057	-0.0532977797746	-0.0289418370617	-0.0462660654611	-0.0199865830993	-0.0269121051178	-0.0181300871557	-0.0547633039977	0.0113417140985	-0.021297244642	-0.0163419784523	-0.016978314209	-0.0743538108714	-0.0128503485624	0.00255749304056	0.0319333498338	-0.032944230635	-0.0570584727545	3.82042003367e-06	-0.0217651368491	-0.0143598005229	-0.00382491264441	-0.00741328807984	-0.0552382403303	0.000358466011353	0.0327852222636	0.0263592210354	0.0033868347188	-0.0136664276457	-0.00840419100557	-0.0497157021811	0.0149593224836	0.0583698601719
k__Bacteria;p__Bacteroidetes;c__Bacteroidia;o__Bacteroidales;f__Bacteroidaceae;g__Bacteroides;s__Bacteroides_plebeius	0.00239287860381	0.0218695165989	-0.0432952168447	-0.0189061610138	0.00252066382142	-0.0627002828206	-0.0317690294426	-0.0262807994417	-0.0012846199648	-0.0315839569927	-0.0168881614335	0.0487518150155	0.0606189292611	0.027925886532	-0.00861080916824	1.0	-0.0421525848416	0.00570369038279	-0.0196336681722	-0.0101592311873	0.0628010199526	-0.0590305896648	-0.0562421944629	-0.00528974677898	0.043343700819	0.0350099771735	-0.0064021437654	0.00707040556884	-0.0278339756673	-0.0198619826157	-0.0176649533068	-0.0425648419543	0.0237675643427	0.00773076918538	-0.0337382782696	-0.0594922429701	0.0251318550726	-0.00323354210459	-0.0408656460423	-0.0301310797327	0.0518687135476	-0.0281857327926	-0.0624261690563	0.0213373641243	-0.0126334045642	0.0335426020779	-0.041627586099	-0.0433569067982	-0.0176073704774	-0.0288938653441	0.00473472050956	0.00182517377225	0.0109408147149	0.00714876894494	-0.0451909579339	-0.0284477473346	-0.0453397063565	-0.000956925563837	0.0666302878175
k__Bacteria;p__Bacteroidetes;c__Bacteroidia;o__Bacteroidales;f__Bacteroidaceae;g__Bacteroides;s__Bacteroides_fragilis	0.0376126547181	0.0147811642486	-0.0280917615851	0.00644994154164	0.0431902979973	0.0394894585775	0.0375854785763	-0.0303174654031	-0.0647089159343	-0.00388814573085	-0.00355029830562	0.0670020711756	0.0847766203646	0.040409690186	0.0277353143423	-0.0421525848416	1.0	-0.0210161697122	0.0213818790666	-0.035474737034	-0.00681162428555	-0.0380829107272	0.0219235446318	0.00124995396066	-0.0187856000328	0.0482058577909	0.00511943239197	0.00120222016955	-0.00980556540081	-0.0270181804683	0.0337110625525	0.00420108738791	-0.0665534139323	-0.00243323261873	0.034840613031	-0.0117647335998	-0.0117895164365	-0.0276429483985	0.0115223124707	0.0134901724145	-0.0527185971304	0.0150625459211	0.0128625903424	-0.0747077944854	-0.0482452333453	0.0220165924117	-0.0416914442759	0.0192477097472	-0.019942893558	-0.0449063106584	0.0390974143435	-0.0238702270677	0.0314729583408	-0.0219821685231	-0.0807614196549	-0.0207389924843	-0.036812913641	-0.0149915829473	-0.0260176786858
k__Bacteria;p__Proteobacteria;c__Betaproteobacteria;o__Burkholderiales;f__Sutterellaceae;g__Sutterella;s__Sutterella_wadsworthensis	-0.0168210435067	0.0242773714055	-0.0135584492247	-0.00719134010897	0.0228651032181	-0.0368192845478	-0.00945844720742	0.0479001990331	-0.0685145830606	-0.0362838105397	-0.00272715437595	-0.00369426803695	-0.0391965646905	0.0169732130882	0.0292438488238	0.00570369038279	-0.0210161697122	1.0	0.0445154326608	-0.00775183106131	-0.0141243910718	-0.073487096492	0.0184328366188	-0.0239711653322	0.0248624647064	-0.0064740353765	0.0115231723023	-0.0382358507226	0.0226352758304	-0.0607389463515	-0.0295757321537	0.0505701996517	0.0574035241229	-0.026957856057	0.0117815226863	-0.0276646535831	0.046848048822	0.0376006605023	0.0739973959822	-0.0121303230896	-0.0391381457353	-0.0219743710477	-0.0455745133133	-0.030068959666	-0.00851349289948	0.0379740999153	0.00706757713088	-0.000865562792446	-0.0290583623539	0.00057376964714	-0.0339099073331	-0.0546273946068	-0.0444945184707	0.0203575222088	-0.009899012784	-0.0227519880873	0.0650850176524	0.0020442685528	0.0693788736381
k__Bacteria;p__Bacteroidetes;c__Bacteroidia;o__Bacteroidales;f__Porphyromonadaceae;g__Barnesiella;s__Barnesiella_intestinihominis	0.0177394102195	0.0117182227725	-0.0724499234096	-0.05194047522	0.0125090222453	-0.0399891617286	-0.0226579351186	-0.00460230944372	-0.0150046391544	-0.0229432678451	-0.0109765080427	0.0130320608003	-0.0101541386784	0.0164268447517	-0.00912095852345	-0.0196336681722	0.0213818790666	0.0445154326608	1.0	-0.0113658554093	0.0236302788388	-0.0473725354724	-0.0372279463293	-0.0127533992346	0.00895299019161	-0.00539908031884	-0.0182457753996	-0.0234918110323	0.0316915459657	-0.0113292495192	0.00519492102726	0.0125324725445	-0.0569976466315	0.0761578022364	-0.0329638944485	0.0260249709211	0.0754581512541	-0.0332209176498	-8.68565208088e-05	0.0334789225932	0.0137486605084	-0.00597532564276	-0.00619364994564	-0.0356464419679	0.0240114204985	-0.0153374540765	-0.0560943237716	-0.0533510014932	-0.0302176422118	0.0386117129399	-0.0276968923935	-0.0113152935426	-0.0543858295976	-0.0445064977451	-0.0050400067157	0.039079454085	-0.0286565104548	-0.0248316741228	0.0307570253734
k__Bacteria;p__Bacteroidetes;c__Bacteroidia;o__Bacteroidales;f__Odoribacteraceae;g__Odoribacter;s__Odoribacter_splanchnicus	0.029544717792	0.0266303007321	-0.00302866103251	-0.0210437634848	0.0639071588897	0.0213131026527	0.0196792179305	-0.0407336447007	0.0090446043886	0.0333140100755	-0.0331738140169	-0.0428416084582	-0.0387213489924	0.0215202325263	-0.0191347555182	-0.0101592311873	-0.035474737034	-0.00775183106131	-0.0113658554093	1.0	-0.0282435720188	0.0295293653782	-0.0191670113784	0.00588951526288	-0.0155380611953	0.0116203601513	-0.026843467591	-0.0289604314544	-0.0438486977246	-0.0311298066715	-0.0504055128851	0.00891712656954	-0.0666848752198	-0.0560413720189	-0.00219060146871	0.0340516338786	0.0191396974013	-0.0226512927981	-0.0284612063769	0.0631617665686	-0.0618355325085	-0.0554606684398	0.0592406691448	-0.0289541294747	-0.00386477233508	0.01306563981	0.00671336151301	-0.0237152619285	0.0294213850447	0.0446371405098	-0.0101746489524	0.0273503533328	-0.0200127635977	0.0644313169498	0.0161373933989	-0.0247590781022	-0.0405071690232	0.0116702602217	0.0508695407313
k__Bacteria;p__Bacteroidetes;c__Bacteroidia;o__Bacteroidales;f__Bacteroidaceae;g__Bacteroides;s__Bacteroides_salyersiae	-0.0292684778854	0.0401791979874	0.00178252704119	0.0502982382302	-0.0156404867884	-0.0763469421131	-0.0150305834428	-0.0234951174342	-0.0242181400103	-0.0236532328793	-0.019192573333	-0.0164690980308	-0.0266449842053	-0.0124392861708	0.0270200614642	0.0628010199526	-0.00681162428555	-0.0141243910718	0.0236302788388	-0.0282435720188	1.0	-0.0829472889788	-0.00213819836601	-0.0857738994648	-0.03985738553	0.0209233600466	-0.0285966266803	0.00513998893554	-0.0104247559027	-0.000676260366508	-0.0401639892975	0.00499419571095	0.0264502501267	-0.0378957641821	-0.0120089454578	-0.0324329560029	0.0100271361691	-0.0463980155463	-0.0317135257865	-0.00191583648232	-0.000505343681323	-0.0168982260483	-0.00773395859843	0.00716166672547	0.0248348794944	0.0278123160348	-0.0503749382175	-0.0142416248605	-0.0186872230455	-0.00314254922811	0.0542216140919	-0.0236061418772	0.0217761867197	0.0168743060755	-0.0372500940196	0.0263584688134	-0.016545406444	0.0130109884607	-0.000657144081618
k__Bacteria;p__Firmicutes;c__Clostridia;o__Clostridiales;f__Ruminococcaceae;g__Ruminiclostridium;s__[Eubacterium]_siraeum	-0.0790795051455	-0.034464192946	-0.00104604777168	0.0215893988476	0.0115818804495	-0.0166602376148	0.0849904883362	-0.110783325512	0.0221684531181	0.0419327789494	0.0372764206212	-0.0358458563934	-0.0248899625848	0.0120359903857	-0.00137613232816	-0.0590305896648	-0.0380829107272	-0.073487096492	-0.0473725354724	0.0295293653782	-0.0829472889788	1.0	-0.0260311361337	-0.0411311971265	-0.0454864447075	-0.00767918459582	-0.00250288246873	0.0124859394923	-0.0721741031994	0.0430353889345	0.0419049999541	-0.0155688907854	0.0121206399285	0.00779305215291	-0.0453835329864	-0.0360661489678	0.0248267609441	0.0300285538705	-0.0337498992239	-0.0127409223537	0.0119776320158	-0.0644506680267	-0.00146425168756	-0.00316763670106	-0.0292445086999	-0.0366866406234	0.0549334959237	0.0504518215074	-0.031170511504	-0.0531260203298	-0.0198338339861	-0.0356854294864	-0.0186993323379	-0.0358657289417	-0.00689156627715	-0.00842184553777	-0.0166440512913	-0.00115048447339	-0.0328177044107
k__Bacteria;p__Proteobacteria;c__Betaproteobacteria;o__Burkholderiales;f__Sutterellaceae;g__Parasutterella;s__Parasutterella_excrementihominis	-0.0596031743263	0.0266468509147	0.0664426579104	-0.0292876666612	0.00580809546191	-0.0416112881126	-0.00620326957357	0.00894743638734	0.0552661429972	0.0219560843498	-0.0481896013627	0.0197277899258	-0.00673591718944	0.0312649076911	-0.00688033294128	-0.0562421944629	0.0219235446318	0.0184328366188	-0.0372279463293	-0.0191670113784	-0.00213819836601	-0.0260311361337	1.0	0.0123183229643	-0.0067627951944	-0.0214028470116	-0.0377333187595	-0.0127232296286	-0.113126127317	-0.0338048236123	0.0122886844265	0.0474146540557	-0.0802583167838	-0.0238944092718	0.0177835048178	-0.0232839668506	0.00431817241526	-0.0369971457835	0.0128481882099	0.0118515876739	0.00694034549975	0.00332079515993	-0.0826515431427	-0.0442135357952	-0.0181418146603	0.0135684740019	0.0241716404042	-0.00854546277639	0.0040690980919	0.00619211412841	-0.0170184580651	0.0326890607466	-0.0513391579226	0.0181717070319	0.0382911060953	0.0168122686528	0.00464222752135	-0.0127099391037	-0.0198224370766
k__Bacteria;p__Actinobacteria;c__Actinobacteria;o__Bifidobacteriales;f__Bifidobacteriaceae;g__Bifidobacterium;s__Bifidobacterium_adolescentis	-0.0167516834852	-0.0186066537123	-0.0318953569829	-0.0156424927301	0.0252515591442	3.55540134103e-05	-0.0156105487149	-0.0271176807471	-0.030621624762	0.0301335271033	-0.00953224687064	0.0246383964123	-0.0306805585491	0.0297533722436	-0.0195963427516	-0.00528974677898	0.00124995396066	-0.0239711653322	-0.0127533992346	0.00588951526288	-0.0857738994648	-0.0411311971265	0.0123183229643	1.0	-0.0422398138732	-0.0409044587679	0.0226560011847	-0.00582842673391	-0.0516846119751	0.0052385255964	0.00923738832941	0.026413740575	0.0289102510097	-0.0248832589401	0.0169627419256	-0.032227549321	0.0161144663695	-0.0135081635196	0.0558374177826	0.0540006881695	0.00958898980281	-0.0099022200706	0.0153478914717	0.0273596240685	-0.025790772588	-0.020926722119	-0.0192934337013	0.0471781452098	-0.0328289730598	0.0562495062718	-0.0414573137508	0.0310832414319	-0.03006712561	-0.0211924177984	0.0344437175007	0.00888825195766	-0.0440344331155	0.0302698264776	0.0203457391477
k__Bacteria;p__Firmicutes;c__Clostridia;o__Clostridiales;f__Oscillospiraceae;g__Oscillibacter;s__Oscillibacter_sp._KLE_1745	0.00899765970301	-0.0198158867533	0.0321298291478	0.0159307763702	0.00931181343544	-0.0119144650386	-0.0647800092062	-0.0105946433768	-0.0415712663935	-0.0591471549843	-0.000970082454772	-0.0224779951658	-0.0227797540893	0.0118619379438	-0.0453353556409	0.043343700819	-0.0187856000328	0.0248624647064	0.00895299019161	-0.0155380611953	-0.03985738553	-0.0454864447075	-0.0067627951944	-0.0422398138732	1.0	-0.00815753715942	-0.0374354836623	0.00579113710762	0.0269460689488	0.0116798867758	-0.0114370578186	-0.00271181494543	0.0751620734201	0.0421948020987	-0.0436570136293	0.00721258762962	0.0484919575025	-0.000106671644408	-0.0510482169388	0.00789253592282	0.0382643597874	0.0248746189538	-0.0499767192554	0.0358432481757	-0.0107587084917	0.0242672885616	0.0122499966724	-0.0206422628138	0.000349032302715	-0.0152560647674	-0.0514236750421	-0.0306292535161	-0.0267554686715	0.027796994889	-0.00326996766072	0.00424197193535	0.0457063194189	-0.00306986107782	0.0169143007374
k__Bacteria;p__Bacteroidetes;c__Bacteroidia;o__Bacteroidales;f__Bacteroidaceae;g__Bacteroides;s__Bacteroides_coprophilus	0.00165967000485	0.00911004845433	-0.0608396088488	-0.0837782615469	0.0628783502905	-0.0386148974196	-0.00443162245231	0.0322441596137	-0.0175641052215	-0.0608798506492	-0.0245595489405	0.0288552561975	-0.028313501365	0.00859852392128	0.0195322100283	0.0350099771735	0.0482058577909	-0.0064740353765	-0.00539908031884	0.0116203601513	0.0209233600466	-0.00767918459582	-0.0214028470116	-0.0409044587679	-0.00815753715942	1.0	-0.0354151640805	0.0319838573163	0.0434623848877	-0.0295391981108	-0.0269379707273	-0.0502876650319	0.10113072336	-0.0718113672618	0.0162258313775	-0.0515448096786	-0.0460930534548	-0.0365759312994	0.0208826259595	0.029455981244	0.00619646316066	-0.0182462090709	0.0376789743155	-0.0190650315591	0.040740665121	-0.00611738334457	-0.0769091831896	-0.0131643405305	0.0294860475651	-0.0700495409655	0.0342602115164	-0.0421735650027	0.0530461581903	-0.0159543363364	0.0359586071683	-0.0546561080255	0.0082017059385	-0.0333498295733	0.0489655393363
k__Bacteria;p__Firmicutes;c__Clostridia;o__Clostridiales;f__Lachnospiraceae;g__Roseburia;s__Roseburia_intestinalis	-0.0103239845992	0.00213696032554	-0.0520873077128	0.0197775325159	-0.04778147447	-0.0505000441459	-0.0022274235705	-0.00753123586021	0.0153742370253	0.0138531565197	-0.0717814037821	0.00246228721425	-0.0150874898758	-0.00598645779851	0.0347989438057	-0.0064021437654	0.00511943239197	0.0115231723023	-0.0182457753996	-0.026843467591	-0.0285966266803	-0.00250288246873	-0.0377333187595	0.0226560011847	-0.0374354836623	-0.0354151640805	1.0	-0.0399756401099	0.0181041072877	0.0104782445416	-0.0736461648605	-0.00234654065023	0.0340057777695	-0.0236873054144	-0.0414603660128	-0.0501262994283	0.0381110255635	0.0130112476051	0.0336802660594	0.0590182185574	-0.00439266296139	-0.0081307262955	-0.0679145013367	-0.0237291881181	-0.0476574516697	0.0185932990276	-0.0708997556075	0.0377541691332	-0.000821799536364	-0.0211569936576	0.0502791260086	-0.0236487618553	-0.00988639424396	-0.00804153349756	0.0419534595378	-0.0544369526262	-0.0297617775921	-0.00253082015692	0.0391568484355
k__Bacteria;p__Firmicutes;c__Clostridia;o__Clostridiales;f__Lachnospiraceae;g__Roseburia;s__Roseburia_hominis	-0.0311462047919	-0.0167471648154	0.030687500529	-0.0278367528043	0.041520353333	-0.0284218268188	-0.0439663405798	-0.0568319788211	0.0571263140529	-0.0179720799945	-0.0022162518402	-0.0203154784899	-0.00736552575325	-0.00852587444019	-0.0532977797746	0.00707040556884	0.00120222016955	-0.0382358507226	-0.0234918110323	-0.0289604314544	0.00513998893554	0.0124859394923	-0.0127232296286	-0.00582842673391	0.00579113710762	0.0319838573163	-0.0399756401099	1.0	-0.0090889091162	-0.0639444198374	0.0428441282823	0.0353109899904	-0.0164777261007	-0.0110962360205	-0.014541919218	0.036312043113	0.0029945572469	0.0734339596738	0.00411686271613	-0.0105137319117	-0.0393490782538	0.0109537039671	-0.0111793920272	-0.0416727076118	0.0209902272083	0.0267351033988	0.0168478758146	0.0361056958639	-0.00564264591834	-0.0614502487545	-0.0466068575187	-0.0319117662245	0.0220789123945	-0.0132853208883	0.0200549751795	-0.00920909388089	-0.0320989321101	-0.00589609288182	-0.0330939326268
k__Bacteria;p__Bacteroidetes;c__Bacteroidia;o__Bacteroidales;f__Porphyromonadaceae;g__Parabacteroides;s__Parabacteroides_johnsonii	0.0191271251652	0.0185410002583	0.0686883081393	-0.0158676665347	0.0150571807503	0.00587039786351	-0.0130353903012	0.00891335829298	-0.0181322834762	0.00909814417831	0.0236107860543	-0.0673206119267	0.00510098750417	0.0146997176246	-0.0289418370617	-0.0278339756673	-0.00980556540081	0.0226352758304	0.0316915459657	-0.0438486977246	-0.0104247559027	-0.0721741031994	-0.113126127317	-0.0516846119751	0.0269460689488	0.0434623848877	0.0181041072877	-0.0090889091162	1.0	0.0238263622942	-0.0311015633236	0.00777050258816	-0.0385010987863	0.0102164362714	-0.0218320872695	-0.00688830096758	-0.03434930469	-0.0170405859047	-0.0338469256521	-0.047236377525	0.0268908757034	0.0409393762842	-0.0328607000908	0.0316563697471	0.0784907988879	0.00967089486222	0.0627467230285	0.0287086510075	-0.0152244075188	0.0318367912953	0.0260913357879	0.00635177908146	-0.043439174069	0.0048203622009	0.00336802120923	-0.0131450751887	-0.0186478514748	-0.0391406718101	0.00403219652148
k__Bacteria;p__Actinobacteria;c__Actinobacteria;o__Bifidobacteriales;f__Bifidobacteriaceae;g__Bifidobacterium;s__Bifidobacterium_longum	0.0139420311755	0.00782329616859	0.0210388727788	0.0345983683288	-0.0102219750718	0.024937095856	0.00898724845408	0.010067325462	-0.0284245413822	-0.0135017217767	0.0151695122611	-0.0198273631116	-0.0163594542548	-0.0661199853957	-0.0462660654611	-0.0198619826157	-0.0270181804683	-0.0607389463515	-0.0113292495192	-0.0311298066715	-0.000676260366508	0.0430353889345	-0.0338048236123	0.0052385255964	0.0116798867758	-0.0295391981108	0.0104782445416	-0.0639444198374	0.0238263622942	1.0	-0.0332807505921	0.0395234647839	-0.0351964395539	-0.0629815940248	0.026590152364	-0.0166065416297	-0.0482972969481	-0.0673503543983	0.0198356629784	-0.0344631905851	-0.0306858074688	0.0501429626073	-0.0206014409827	-0.0721089787812	-0.00576047583838	0.0296776487534	0.0320448806323	0.0244717233693	-0.00274374977503	-0.00698274964008	0.0319896545243	-0.0221933895268	-0.0175742860736	0.0394978745018	0.019464178825	0.0503941003584	-0.0457065038794	-0.0313231639085	-0.0316852988564
