#taxonomy	k__Bacteria;p__Bacteroidetes;c__Bacteroidia;o__Bacteroidales;f__Bacteroidaceae;g__Bacteroides;s__Bacteroides_vulgatus	k__Bacteria;p__Bacteroidetes;c__Bacteroidia;o__Bacteroidales;f__Bacteroidaceae;g__Bacteroides;s__Bacteroides_uniformis	k__Bacteria;p__Bacteroidetes;c__Bacteroidia;o__Bacteroidales;f__Rikenellaceae;g__Alistipes;s__Alistipes_putredinis	k__Bacteria;p__Bacteroidetes;c__Bacteroidia;o__Bacteroidales;f__Prevotellaceae;g__Prevotella;s__Prevotella_copri	k__Bacteria;p__Bacteroidetes;c__Bacteroidia;o__Bacteroidales;f__Bacteroidaceae;g__Bacteroides;s__Bacteroides_stercoris	k__Bacteria;p__Bacteroidetes;c__Bacteroidia;o__Bacteroidales;f__Bacteroidaceae;g__Bacteroides;s__Bacteroides_ovatus	k__Bacteria;p__Bacteroidetes;c__Bacteroidia;o__Bacteroidales;f__Rikenellaceae;g__Alistipes;s__Alistipes_shahii	k__Bacteria;p__Firmicutes;c__Clostridia;o__Clostridiales;f__Ruminococcaceae;g__Faecalibacterium;s__Faecalibacterium_prausnitzii	k__Bacteria;p__Bacteroidetes;c__Bacteroidia;o__Bacteroidales;f__Rikenellaceae;g__Alistipes;s__Alistipes_finegoldii	k__Bacteria;p__Bacteroidetes;c__Bacteroidia;o__Bacteroidales;f__Porphyromonadaceae;g__Parabacteroides;s__Parabacteroides_distasonis	k__Bacteria;p__Bacteroidetes;c__Bacteroidia;o__Bacteroidales;f__Bacteroidaceae;g__Bacteroides;s__Bacteroides_thetaiotaomicron	k__Bacteria;p__Bacteroidetes;c__Bacteroidia;o__Bacteroidales;f__Bacteroidaceae;g__Bacteroides;s__Bacteroides_coprocola	k__Bacteria;p__Bacteroidetes;c__Bacteroidia;o__Bacteroidales;f__Bacteroidaceae;g__Bacteroides;s__Bacteroides_cellulosilyticus	k__Bacteria;p__Bacteroidetes;c__Bacteroidia;o__Bacteroidales;f__Rikenellaceae;g__Alistipes;s__Alistipes_obesi	k__Bacteria;p__Firmicutes;c__Clostridia;o__Clostridiales;f__Lachnospiraceae;g__;s__[Eubacterium]_rectale	k__Bacteria;p__Bacteroidetes;c__Bacteroidia;o__Bacteroidales;f__Bacteroidaceae;g__Bacteroides;s__Bacteroides_plebeius	k__Bacteria;p__Bacteroidetes;c__Bacteroidia;o__Bacteroidales;f__Bacteroidaceae;g__Bacteroides;s__Bacteroides_fragilis	k__Bacteria;p__Proteobacteria;c__Betaproteobacteria;o__Burkholderiales;f__Sutterellaceae;g__Sutterella;s__Sutterella_wadsworthensis	k__Bacteria;p__Bacteroidetes;c__Bacteroidia;o__Bacteroidales;f__Porphyromonadaceae;g__Barnesiella;s__Barnesiella_intestinihominis	k__Bacteria;p__Bacteroidetes;c__Bacteroidia;o__Bacteroidales;f__Odoribacteraceae;g__Odoribacter;s__Odoribacter_splanchnicus	k__Bacteria;p__Bacteroidetes;c__Bacteroidia;o__Bacteroidales;f__Bacteroidaceae;g__Bacteroides;s__Bacteroides_salyersiae	k__Bacteria;p__Firmicutes;c__Clostridia;o__Clostridiales;f__Ruminococcaceae;g__Ruminiclostridium;s__[Eubacterium]_siraeum	k__Bacteria;p__Proteobacteria;c__Betaproteobacteria;o__Burkholderiales;f__Sutterellaceae;g__Parasutterella;s__Parasutterella_excrementihominis	k__Bacteria;p__Actinobacteria;c__Actinobacteria;o__Bifidobacteriales;f__Bifidobacteriaceae;g__Bifidobacterium;s__Bifidobacterium_adolescentis	k__Bacteria;p__Firmicutes;c__Clostridia;o__Clostridiales;f__Oscillospiraceae;g__Oscillibacter;s__Oscillibacter_sp._KLE_1745	k__Bacteria;p__Bacteroidetes;c__Bacteroidia;o__Bacteroidales;f__Bacteroidaceae;g__Bacteroides;s__Bacteroides_coprophilus	k__Bacteria;p__Firmicutes;c__Clostridia;o__Clostridiales;f__Lachnospiraceae;g__Roseburia;s__Roseburia_intestinalis	k__Bacteria;p__Firmicutes;c__Clostridia;o__Clostridiales;f__Lachnospiraceae;g__Roseburia;s__Roseburia_hominis	k__Bacteria;p__Bacteroidetes;c__Bacteroidia;o__Bacteroidales;f__Porphyromonadaceae;g__Parabacteroides;s__Parabacteroides_johnsonii	k__Bacteria;p__Actinobacteria;c__Actinobacteria;o__Bifidobacteriales;f__Bifidobacteriaceae;g__Bifidobacterium;s__Bifidobacterium_longum	k__Bacteria;p__Firmicutes;c__Clostridia;o__Clostridiales;f__;g__Flavonifractor;s__Flavonifractor_plautii	k__Bacteria;p__Firmicutes;c__Clostridia;o__Clostridiales;f__Clostridiaceae;g__Clostridium;s__Clostridium_phoceensis	k__Bacteria;p__Verrucomicrobia;c__Verrucomicrobiae;o__Verrucomicrobiales;f__Akkermansiaceae;g__Akkermansia;s__Akkermansia_muciniphila	k__Bacteria;p__Bacteroidetes;c__Bacteroidia;o__Bacteroidales;f__Prevotellaceae;g__Paraprevotella;s__Paraprevotella_xylaniphila	k__Bacteria;p__Firmicutes;c__Clostridia;o__Clostridiales;f__Ruminococcaceae;g__Ruminococcus;s__Ruminococcus_callidus	k__Bacteria;p__Bacteroidetes;c__Bacteroidia;o__Bacteroidales;f__Rikenellaceae;g__Alistipes;s__Alistipes_senegalensis	k__Bacteria;p__Firmicutes;c__Clostridia;o__Clostridiales;f__Lachnospiraceae;g__Blautia;s__Blautia_sp._KLE_1732	k__Bacteria;p__Bacteroidetes;c__Bacteroidia;o__Bacteroidales;f__Bacteroidaceae;g__Bacteroides;s__Bacteroides_oleiciplenus	k__Bacteria;p__Firmicutes;c__Clostridia;o__Clostridiales;f__Ruminococcaceae;g__Ruminococcus;s__Ruminococcus_bicirculans	k__Bacteria;p__Bacteroidetes;c__Bacteroidia;o__Bacteroidales;f__Bacteroidaceae;g__Bacteroides;s__Bacteroides_fluxus	k__Bacteria;p__Bacteroidetes;c__Bacteroidia;o__Bacteroidales;f__Prevotellaceae;g__Prevotella;s__Prevotella_stercorea	k__Bacteria;p__Firmicutes;c__Clostridia;o__Clostridiales;f__Lachnospiraceae;g__Dorea;s__Dorea_longicatena	k__Bacteria;p__Firmicutes;c__Clostridia;o__Clostridiales;f__Eubacteriaceae;g__Eubacterium;s__[Eubacterium]_eligens	k__Bacteria;p__Firmicutes;c__Clostridia;o__Clostridiales;f__Ruminococcaceae;g__;s__Ruminococcaceae_bacterium_D16	k__Bacteria;p__Firmicutes;c__Clostridia;o__Clostridiales;f__Lachnospiraceae;g__Coprococcus;s__Coprococcus_comes	k__Bacteria;p__Proteobacteria;c__Gammaproteobacteria;o__Enterobacterales;f__Enterobacteriaceae;g__Escherichia;s__Escherichia_coli	k__Bacteria;p__Firmicutes;c__Clostridia;o__Clostridiales;f__Ruminococcaceae;g__Anaerotruncus;s__Anaerotruncus_colihominis	k__Bacteria;p__Firmicutes;c__Clostridia;o__Clostridiales;f__Lachnospiraceae;g__Blautia;s__Blautia_obeum	k__Bacteria;p__Bacteroidetes;c__Bacteroidia;o__Bacteroidales;f__Odoribacteraceae;g__Odoribacter;s__Odoribacter_laneus	k__Bacteria;p__Firmicutes;c__Clostridia;o__Clostridiales;f__Ruminococcaceae;g__Ruminiclostridium;s__[Clostridium]_leptum	k__Bacteria;p__Bacteroidetes;c__Bacteroidia;o__Bacteroidales;f__Porphyromonadaceae;g__Parabacteroides;s__Parabacteroides_goldsteinii	k__Bacteria;p__Firmicutes;c__Clostridia;o__Clostridiales;f__Lachnospiraceae;g__Anaerostipes;s__Anaerostipes_hadrus	k__Bacteria;p__Firmicutes;c__Clostridia;o__Clostridiales;f__Ruminococcaceae;g__Ruminococcus;s__Ruminococcus_lactaris	k__Bacteria;p__Firmicutes;c__Clostridia;o__Clostridiales;f__Clostridiaceae;g__Clostridium;s__Clostridium_sp._L2-50	k__Bacteria;p__Firmicutes;c__Clostridia;o__Clostridiales;f__Clostridiaceae;g__Clostridium;s__Clostridium_sp._M62/1	k__Bacteria;p__Firmicutes;c__Clostridia;o__Clostridiales;f__;g__Intestinimonas;s__Intestinimonas_butyriciproducens	k__Bacteria;p__Actinobacteria;c__Actinobacteria;o__Bifidobacteriales;f__Bifidobacteriaceae;g__Bifidobacterium;s__Bifidobacterium_bifidum	k__Bacteria;p__Firmicutes;c__Negativicutes;o__Veillonellales;f__Veillonellaceae;g__Dialister;s__Dialister_invisus	k__Bacteria;p__Bacteroidetes;c__Bacteroidia;o__Bacteroidales;f__Bacteroidaceae;g__Bacteroides;s__Bacteroides_salanitronis
k__Bacteria;p__Bacteroidetes;c__Bacteroidia;o__Bacteroidales;f__Bacteroidaceae;g__Bacteroides;s__Bacteroides_vulgatus	1.0	0.0252857922316	-0.0384411047642	-0.0207719187304	-0.0163274956654	-0.0199531524963	0.0159590074177	0.0446201465025	-0.0473063362328	-0.00620014074008	-0.0359807237677	-0.036359315751	0.008117668085	0.0255178634603	0.0337723780614	-0.0596565534191	0.0298940617423	-0.0200097571091	0.0159065497058	-0.0221545706168	-0.0185911924806	-0.00700467511644	0.0311227339481	0.0338574899869	0.00893037720095	0.0247491348939	0.0297622766786	-0.00118327678526	-0.0390909888108	-0.0308301587261	-0.0469378635002	-0.0211781708351	-0.0096996302051	-0.0587182919813	0.00224672736437	0.00491520968209	-0.0362046853745	-0.00325067383211	0.013186002882	-0.00313241800915	0.00709814642647	0.0130522316412	-0.0138435683652	0.0217801620597	-0.0351875884282	-0.0638586607893	-0.0112643202081	-0.0161799898198	0.0386143483783	0.0394903045624	-0.044159921654	-0.0217003525099	-0.00463324224406	0.0427512551483	0.0242553598129	-0.00394816341933	-0.0197000063783	-0.0220715186227	-0.0190816715887
k__Bacteria;p__Bacteroidetes;c__Bacteroidia;o__Bacteroidales;f__Bacteroidaceae;g__Bacteroides;s__Bacteroides_uniformis	0.0252857922316	1.0	-0.0104887940057	-0.0181710999706	0.00486856182087	0.0645187523657	-0.0168449190646	0.0276840891435	-0.0356932724143	0.0152410343621	0.00218775444227	0.0545193173223	-0.0455419290252	-0.0218183300273	-0.00662856250776	-0.0228973388358	-0.0230862808272	-0.00442071614304	0.0303072166857	-0.0647189307036	-4.74980024024e-05	-0.051776358105	0.0279293078899	0.0198993248237	-0.0166715736383	-0.0503011930448	-0.0393775117049	-0.0407888527242	-0.0615107334678	-0.0413685046204	0.0842568633562	0.00795424092581	0.00365956372556	-0.0360357475813	0.0684175939317	0.00116031437666	0.0282106075682	0.0395934612056	-0.0272441347564	-0.0554549669368	-0.0023480399454	0.0106157852094	0.0362997098829	0.0434712266715	-0.0169298201061	-0.0271905843521	0.00669001081562	0.0126398757132	0.000856763518956	0.0461628802289	0.0507427175462	-0.0333659842418	-0.0325269567299	0.0367579849849	-0.0415783616297	-0.00858055921217	-0.0608711844582	0.0325106593321	0.01957403347
k__Bacteria;p__Bacteroidetes;c__Bacteroidia;o__Bacteroidales;f__Rikenellaceae;g__Alistipes;s__Alistipes_putredinis	-0.0384411047642	-0.0104887940057	1.0	-0.0783778689732	0.017082979993	0.000581503476612	0.0496805055541	-0.045501108214	0.0104174416079	-0.0300695239755	-0.0687760070786	0.0081014465503	0.0361713783099	0.0138964871833	-0.0451568627364	-0.0111391428936	-0.0069432031547	-0.0609713084512	0.0275233617256	-0.0173241449589	-0.00135216837176	0.0303704135763	-0.0118794684463	0.0331328127571	0.00512017488503	-0.0124594251143	-0.0272875619263	0.0254947839408	-0.0428031657538	-0.00644937098904	-0.0619173719203	-0.0572216071871	-0.0145604798357	0.0138763512359	0.0244701217521	0.0275345418923	-0.0728109658932	-0.0261073071845	0.0351252238718	-0.0419439709368	0.0126383808983	0.0369136786553	0.009677855171	-0.0220010934296	-0.0306888740307	0.00972264339178	-0.0549130767843	0.00189749072028	-0.0190309466771	0.0262926255025	0.00605400426545	0.0244600115789	0.0236683637318	0.018158443522	-0.0703562856524	0.018894664532	0.0202997708203	-0.0210748534339	0.011941372196
k__Bacteria;p__Bacteroidetes;c__Bacteroidia;o__Bacteroidales;f__Prevotellaceae;g__Prevotella;s__Prevotella_copri	-0.0207719187304	-0.0181710999706	-0.0783778689732	1.0	-0.0207245749603	-0.00364244752286	-0.0270758003379	-0.000547117073527	0.0228712820662	-0.00992562191281	0.0192663105325	0.00314930354755	0.00381486630647	-0.062732571926	-0.0161113984486	0.0257104928917	-0.0269045375867	0.00267146215965	-0.035676722466	0.0433073407895	-0.0186135266942	-0.0348394860735	0.0421942841485	0.03004739611	0.0485606158862	-0.00321411399222	-0.00377788232686	0.013208206132	0.00315649283432	-0.0110065610631	-0.0066092269673	-0.0745256934741	-0.00807841786855	0.0197133252447	-0.0127492043689	-0.0103289797923	-0.0245922630483	0.0168703065662	0.0787570949955	0.0139059352927	-0.0691021731106	-0.0199760908161	0.0387872005891	-0.0595061851559	0.0522982937946	0.0293271662198	0.056644534703	0.0139336056661	-0.0379224430993	-0.00393775773539	0.0439529015959	-0.046441813197	-0.0250658230449	-0.0276069521965	-0.0398828560314	-0.0465117308948	0.0443964991138	-0.0132452600294	-0.0577036263997
k__Bacteria;p__Bacteroidetes;c__Bacteroidia;o__Bacteroidales;f__Bacteroidaceae;g__Bacteroides;s__Bacteroides_stercoris	-0.0163274956654	0.00486856182087	0.017082979993	-0.0207245749603	1.0	-0.00744246441845	-0.0347046595096	-0.0329224637167	-0.019641737862	0.0726209297363	-0.00261911031091	-0.0308800238355	-0.0103769954129	0.0289239364962	-0.0437697753453	-0.0375678907108	0.00953466451969	-0.00146890297251	-0.0460530929051	-0.0126238552566	0.0454389183589	-0.00368149703707	-0.0194642433543	0.0403442347954	-0.0264429018258	-0.0131866481933	-0.0595501114336	0.0568762230775	0.00583888280624	0.0171644387362	-0.00372727210669	-0.0414478947173	0.00708528070222	-0.041326417766	0.0365801402701	-0.0202207729003	-0.0251530824331	-0.00902701066544	-0.022712255034	0.00429382932663	-0.00841386119398	0.0119206775113	-0.062070178375	0.0386608109973	-0.00884962186717	-0.0394635196939	0.047878240729	-0.0699793652572	0.00819533176762	0.0172092608425	-0.0311112870731	-0.00649780728919	-0.0153840763529	-0.0187924194826	0.0147517050441	-0.077364961144	0.0715822270316	-0.0859529676427	0.00652774515638
k__Bacteria;p__Bacteroidetes;c__Bacteroidia;o__Bacteroidales;f__Bacteroidaceae;g__Bacteroides;s__Bacteroides_ovatus	-0.0199531524963	0.0645187523657	0.000581503476613	-0.00364244752286	-0.00744246441845	1.0	0.0149347175462	-0.0136625100809	0.033563121648	-0.0546661878068	-0.00798527996163	-0.0207580112111	0.0355174436368	-0.00229918102417	-8.85318941635e-05	0.0320805352679	0.00460861920141	0.00570987173075	0.00743937705303	0.00448988369778	-0.00443433214537	0.031813273134	-0.0672344823341	0.0378570565188	0.0441379741252	-0.0111335505791	-0.0428138536886	-0.00135041592627	-0.0314396667469	-0.00612409150401	-0.0574810243613	-0.0160784766498	-0.0195547544227	0.0328192868718	-0.0471921881538	0.00345135285481	0.0170833250426	-0.000962322397954	-0.0313959947601	-0.000625098771689	0.0692534411479	-0.0115718482482	-0.0221155354533	-0.041486956908	-0.0152619653585	0.0363014154425	0.0477872366587	-0.0133507357666	0.0639410844887	0.0301343020276	-0.00251977760643	-0.0777427491923	-0.0106351881642	-0.0330533588794	-0.0475991458821	-0.0484571384653	-0.029710466146	-0.00714028135407	0.0209605479542
k__Bacteria;p__Bacteroidetes;c__Bacteroidia;o__Bacteroidales;f__Rikenellaceae;g__Alistipes;s__Alistipes_shahii	0.0159590074177	-0.0168449190646	0.0496805055541	-0.0270758003379	-0.0347046595096	0.0149347175462	1.0	-0.00593862253386	-0.00350770997753	0.0306232007203	0.0442407344807	-0.0307913482506	-0.0430581112741	-0.00229460086242	-0.00968864837135	0.0103034018453	-0.0748428828916	0.0358321780254	-0.0276310322109	-0.0376524424629	0.0158563258888	-0.119353728946	-0.0507902510182	-0.0366340835673	-0.0256447659265	-0.086776442036	-0.0176961113563	-0.0430850584937	0.0213028559462	-0.00864190970745	0.0125201570359	0.0361416110121	-0.0172133670053	-0.00386318497004	-0.00170235553915	-0.0251260361673	0.0466995635016	0.0180446520848	0.0421011039676	-0.0200276661573	-0.0169861194889	-0.0244427339575	-0.00532592474692	-0.00172786619011	-0.024278627281	0.0502234791328	0.00225951182723	-0.028907497302	0.0159571100661	-0.0499658856118	-0.0230399344418	0.00484349653027	-0.00222832729507	-0.0437202763614	0.0220525875128	-0.0426259859185	0.0100368654178	-0.0301645690867	0.0246710513007
k__Bacteria;p__Firmicutes;c__Clostridia;o__Clostridiales;f__Ruminococcaceae;g__Faecalibacterium;s__Faecalibacterium_prausnitzii	0.0446201465025	0.0276840891435	-0.045501108214	-0.000547117073527	-0.0329224637167	-0.0136625100809	-0.00593862253386	1.0	0.0211441402811	-0.0208301216924	-0.0220778435142	-0.0398227790435	0.00463000426941	0.0329187791001	-0.0252405800028	0.0113313636629	0.0227592669286	0.0311897879609	-0.0139012972596	0.0164835318079	-0.0572395125651	-0.0995920965066	-0.0377652757248	-0.0149236580461	0.0174222087261	0.0374210638697	-0.0166991461063	0.00791077905811	-0.0427766566112	0.0104594851437	-0.0414641556199	0.0360336721798	0.00590926127153	-0.010698664231	-0.0113796407218	-0.00114692262904	-0.0549740229689	-0.0166665122519	-0.0388851028904	-0.00325931921073	-0.0938989893221	0.0481668871205	0.00689142041583	0.0273474143991	-0.00259406337911	-0.023502588309	-0.0640124218185	-0.0147257766161	0.0295450575553	0.0360675252751	0.00506421990201	-0.0179268277842	-0.0147098049692	0.0231179848829	0.00981081663315	0.00861145851748	-0.0572636809957	0.0125008381403	-0.0351127382534
k__Bacteria;p__Bacteroidetes;c__Bacteroidia;o__Bacteroidales;f__Rikenellaceae;g__Alistipes;s__Alistipes_finegoldii	-0.0473063362328	-0.0356932724143	0.0104174416079	0.0228712820662	-0.019641737862	0.033563121648	-0.00350770997753	0.0211441402811	1.0	0.0106807066344	0.00347382819419	-0.093363638749	0.0576264633505	0.0138993833451	0.0715964740453	-0.0173164924181	-0.0556597911008	0.0366529943183	-0.0733635460208	-0.0441923581431	-0.0137048646344	0.0379291366153	0.0237603623028	0.068947363393	-0.00361963540684	-0.0420293038496	-0.0410858539225	-0.00877459905179	-0.045006952236	0.03255635058	-0.0448790478364	-0.014944112427	-0.01835819061	-0.0479661211181	0.0335760518071	0.0309185314419	-0.0267335992108	0.0211301331772	0.0149969836798	0.00252409988062	-0.0307053531487	0.0169779953341	-0.0152250691531	-0.00410837964542	0.0175524817598	0.0620932747981	0.00739569140008	-0.0260411668789	-0.0159029015518	0.0346743928396	-0.0033609224228	-0.0481081650844	0.0227943119106	-0.0494175080947	-0.00845807202139	0.0254576166946	-0.0459776388748	-0.0275935153453	0.0111424267557
k__Bacteria;p__Bacteroidetes;c__Bacteroidia;o__Bacteroidales;f__Porphyromonadaceae;g__Parabacteroides;s__Parabacteroides_distasonis	-0.00620014074008	0.0152410343621	-0.0300695239755	-0.00992562191281	0.0726209297363	-0.0546661878068	0.0306232007203	-0.0208301216924	0.0106807066344	1.0	-0.00859273656692	-0.0106292057847	-0.0642599035282	-0.0292291215732	-0.0223450807122	-0.00670803062202	-0.0283937561621	0.00406037909772	0.0174349945883	-0.00600777045576	-0.00620409341957	0.0204128018827	-0.0588104420556	0.0706041173119	-0.0485444363307	0.0294301370392	-0.00328844741431	0.0157605185749	0.0476229494854	-0.0424443517972	-0.0255448972125	-0.0121690639342	-0.0369905346155	0.0211812832534	0.00710520710919	-0.0115904477121	0.0409802073456	0.034411154703	0.0172460569992	0.0546991498346	0.00280503635207	-0.0666376069485	0.00855211318202	0.0242757925325	-0.0464004774528	0.0340402149609	0.0138921176192	-0.0176368271632	-0.0552026329263	-0.0449850439326	-0.0195563579186	-0.0428084968756	0.0223436480522	-0.00466687813609	-0.00732020043163	0.0414577624856	0.0131518431308	-0.0229081073048	0.0160805775518
k__Bacteria;p__Bacteroidetes;c__Bacteroidia;o__Bacteroidales;f__Bacteroidaceae;g__Bacteroides;s__Bacteroides_thetaiotaomicron	-0.0359807237677	0.00218775444227	-0.0687760070786	0.0192663105325	-0.00261911031091	-0.00798527996163	0.0442407344807	-0.0220778435142	0.00347382819419	-0.00859273656692	1.0	0.0383244588224	0.000146950703292	0.0137879658884	-0.0609498111561	0.0247247192084	-0.0305502804975	0.0152813481605	-0.050950485536	-0.000846498489151	-0.0188266229937	-0.00144874889217	-0.0201265867794	-0.00602223623331	-0.0167139843963	-0.000672104694989	-0.0229628669172	-0.012849266754	-0.060655949898	-0.0742608442859	-0.0534201139415	-0.0122656935322	0.0293494344349	-0.0595742498581	-0.0583927149797	0.00940671892224	0.000267525501155	-0.00157808434156	0.013118720138	-0.0213350867204	0.02102183659	0.000322530227403	0.0274549466631	-0.0185869129356	-0.0394319497655	-0.053088170955	0.0140355925868	-0.0862317227286	0.0309886226609	0.0269594901836	0.0286622381779	0.0373517409387	0.0037001954949	0.0328336759933	0.00636781407673	-0.0588648789869	-0.0030082315992	-0.0150499213061	0.0333475429661
k__Bacteria;p__Bacteroidetes;c__Bacteroidia;o__Bacteroidales;f__Bacteroidaceae;g__Bacteroides;s__Bacteroides_coprocola	-0.036359315751	0.0545193173223	0.0081014465503	0.00314930354755	-0.0308800238355	-0.0207580112111	-0.0307913482506	-0.0398227790435	-0.093363638749	-0.0106292057847	0.0383244588224	1.0	0.0770456744902	-0.0284400278562	-0.0112725723043	-0.0351172644443	0.0351917487346	-0.024144822407	-0.0730477431697	-0.0128636692634	-0.0318447310664	0.017272252555	0.0221613695475	-0.0373079717114	-0.0706171555916	-0.0346407545091	0.070145156179	0.0253233555271	-0.0245912923007	-0.00948984619833	0.0292785743439	-0.0760431508098	0.0192871741528	0.00669445251939	0.0242595663927	-0.0221981366232	-0.0147508584657	-0.0542775592792	0.0120162485388	-0.0383358528073	-0.00454193547584	-0.046404858975	0.00500513358875	-0.0494799177803	0.00245457399153	-0.0402321562461	0.0145191464256	-0.0626352508204	-0.00155823806828	0.0569212701749	0.00738593825885	-0.00469903221721	0.0366714300548	-0.0560489155137	-0.033113633641	0.00884451757083	0.0053862428585	-0.0274763615281	-0.019874288642
k__Bacteria;p__Bacteroidetes;c__Bacteroidia;o__Bacteroidales;f__Bacteroidaceae;g__Bacteroides;s__Bacteroides_cellulosilyticus	0.008117668085	-0.0455419290252	0.0361713783099	0.00381486630647	-0.0103769954129	0.0355174436368	-0.0430581112741	0.00463000426941	0.0576264633505	-0.0642599035282	0.000146950703292	0.0770456744902	1.0	0.00099837173127	0.0043640226692	-0.00999541304862	0.0185904215235	0.0787748143023	0.0631557017875	-0.0108512963772	0.00158850728979	-0.0202669671967	0.0530535756354	-0.054106481834	0.0184699325808	0.0539548504967	0.00477168627563	-0.00496900183976	0.0322791750297	-0.000100581510553	-0.0112834522605	-0.0160768188108	-0.0315033792626	-0.0221382432404	-0.0381529122791	-0.0168024932947	0.0171688193557	-0.0253125612447	-0.0337552937774	0.00113232795266	-0.0343790238245	0.0579444399968	-0.0130318485701	-0.00577701069762	-0.0681953971116	0.0449172742696	-0.0126897231031	-0.0312947398919	0.0158448567869	-0.00549750777277	-0.0376394403188	0.00614039466897	-0.000516295637598	-0.0466847024665	-0.00687657728955	0.0319020254344	-0.0216837225961	0.0160793741622	-0.0403599775786
k__Bacteria;p__Bacteroidetes;c__Bacteroidia;o__Bacteroidales;f__Rikenellaceae;g__Alistipes;s__Alistipes_obesi	0.0255178634603	-0.0218183300273	0.0138964871833	-0.062732571926	0.0289239364962	-0.00229918102417	-0.00229460086242	0.0329187791001	0.0138993833451	-0.0292291215732	0.0137879658884	-0.0284400278562	0.00099837173127	1.0	-0.0828082442277	-0.0621273253158	0.0251627496742	0.00578851621243	0.0218615846189	0.0397206833024	-0.00392646875459	-0.0118309158087	0.0327742504802	-0.0195699244805	-0.0325817808156	-0.0571810058497	-0.0420470742934	0.0186295822896	-0.0351608850907	0.00167104363014	-0.0256850942684	0.0305297082585	0.0302666359624	-0.017184609334	-0.0461796242324	-0.0359458402642	0.0120721229712	0.0212994396412	-0.00682799497002	0.103616912582	0.0166957154262	-0.00588822550318	0.015199845674	-0.0560970360955	-0.0308114854315	-0.0185703946975	0.0670084857543	-0.00885977213922	-0.0804294255679	0.0133744742633	0.00176628481448	-0.022427323821	-0.0340687416744	-0.0427208237731	0.0118145114537	-0.0555167485445	-0.0517009875304	-0.0230745403018	-0.0381350684525
k__Bacteria;p__Firmicutes;c__Clostridia;o__Clostridiales;f__Lachnospiraceae;g__;s__[Eubacterium]_rectale	0.0337723780614	-0.00662856250776	-0.0451568627364	-0.0161113984486	-0.0437697753453	-8.85318941635e-05	-0.00968864837135	-0.0252405800028	0.0715964740453	-0.0223450807122	-0.0609498111561	-0.0112725723043	0.0043640226692	-0.0828082442277	1.0	0.00149720893725	-0.0347866708885	0.0013609896064	-0.0153781791396	0.027364187845	0.0224028695785	-0.0020136999575	-0.0290161219888	-0.00151982205676	-0.0256585392318	-0.0498079592397	0.0432329789812	-0.00970435381129	-0.0191309354177	-0.0031690692995	0.0395327939912	-0.000759392036164	0.0117595661918	-0.0369812123614	0.0865422814192	0.0294170109619	-0.0221326714169	-0.0445755769993	-0.0398798081224	-0.0234912867594	-0.0152573544376	0.0375861955068	0.0682962939131	-0.0022207063151	-0.00447498829835	-0.0255042596267	-0.0015177029978	0.00675501095648	0.017481054141	-0.053675093235	-0.022017012633	-0.0210646943387	0.0134277430641	-0.058104020855	-0.00174641675157	0.0182220212114	0.0351881660773	-0.0209020044125	-0.0696113308857
k__Bacteria;p__Bacteroidetes;c__Bacteroidia;o__Bacteroidales;f__Bacteroidaceae;g__Bacteroides;s__Bacteroides_plebeius	-0.0596565534191	-0.0228973388358	-0.0111391428936	0.0257104928917	-0.0375678907108	0.0320805352679	0.0103034018453	0.0113313636629	-0.0173164924181	-0.00670803062202	0.0247247192084	-0.0351172644443	-0.00999541304862	-0.0621273253158	0.00149720893725	1.0	-0.00469847240701	-0.0297037477792	-0.0215960408245	-0.0504833245977	0.0253401631363	0.0134319487522	-0.0908179958327	0.0269438583032	0.00306255921044	0.0279569973092	-0.0697213490079	0.0207464318923	0.0458583347385	-0.0140471813936	0.00804256435212	-0.033267464075	-0.0290886168077	0.0549153760452	0.0422594217193	-0.0108333439856	-0.0164331817693	0.0119718387021	-0.0311624729011	-0.00411950026296	0.0263044301988	0.00216166422158	0.0269454387512	-0.0111862119506	-0.00314116141619	-0.00419526219742	-0.0355134971584	0.00707154724284	-0.0049031748826	0.0011483422049	0.0327698430998	-0.0195113487893	-0.0509915476801	0.00291814883606	-0.0747101577775	-0.00415210576087	-0.0170194478281	-0.000805326619292	-0.0661646082653
k__Bacteria;p__Bacteroidetes;c__Bacteroidia;o__Bacteroidales;f__Bacteroidaceae;g__Bacteroides;s__Bacteroides_fragilis	0.0298940617423	-0.0230862808272	-0.0069432031547	-0.0269045375867	0.00953466451969	0.00460861920141	-0.0748428828916	0.0227592669286	-0.0556597911008	-0.0283937561621	-0.0305502804975	0.0351917487346	0.0185904215235	0.0251627496742	-0.0347866708885	-0.00469847240701	1.0	0.0253336106447	0.00639384120826	0.00264082485119	-0.0297703082698	0.00166219995598	0.0124182161759	-0.079844829868	-0.0120810374557	-0.0277482164335	0.0192942242528	0.0376415767074	0.00881190593432	0.0217144797484	-0.0403406525038	-0.0029026669011	-0.0484164259612	0.0310776488243	0.0206069746324	0.0352629115951	-0.0213405814611	-0.0315817201423	0.00221966560388	-0.0395501882847	0.0359382328339	0.0240724489411	0.0114655579297	0.0510718295407	-0.0542289680982	0.0188801127199	-0.0469243518911	-0.0223423141587	-0.0130383119731	-0.00558557906316	-0.0348650366277	0.0125063739685	-0.0166184678825	0.00395138481976	-0.0802245685821	-0.0206576337106	-0.0393244624819	-0.02293994575	-0.0098863507676
k__Bacteria;p__Proteobacteria;c__Betaproteobacteria;o__Burkholderiales;f__Sutterellaceae;g__Sutterella;s__Sutterella_wadsworthensis	-0.0200097571091	-0.00442071614304	-0.0609713084512	0.00267146215965	-0.00146890297251	0.00570987173075	0.0358321780254	0.0311897879609	0.0366529943183	0.00406037909772	0.0152813481605	-0.024144822407	0.0787748143023	0.00578851621243	0.0013609896064	-0.0297037477792	0.0253336106447	1.0	0.043782077954	0.00145735384219	-0.00789756524305	-0.037393115472	0.0125273413929	-0.0507522890559	-0.0359844184263	-0.0328113548325	-0.0151134012323	-0.0378948692252	-0.026589665531	-0.0294603221824	-0.0328418344218	-0.0177313725673	-0.0595542542811	-0.128714045626	0.0800792786543	0.0489379730424	0.0128602994386	-0.0183123556973	0.0554118627115	-0.00502016422339	-0.0237953570616	-0.0820517183974	0.0253748585858	0.0380126314619	-0.0430120344228	-0.02300601352	-0.0712402881602	0.00644898113239	-0.0371898625903	-0.0176532631201	-0.00969688944429	-0.0349964051625	0.0252203760156	-0.0345575153545	-0.0172470718085	0.0574557857423	-0.0223644136516	0.0369497433296	0.0101099474202
k__Bacteria;p__Bacteroidetes;c__Bacteroidia;o__Bacteroidales;f__Porphyromonadaceae;g__Barnesiella;s__Barnesiella_intestinihominis	0.0159065497058	0.0303072166857	0.0275233617256	-0.035676722466	-0.0460530929051	0.00743937705303	-0.0276310322109	-0.0139012972596	-0.0733635460208	0.0174349945883	-0.050950485536	-0.0730477431697	0.0631557017875	0.0218615846189	-0.0153781791396	-0.0215960408245	0.00639384120826	0.043782077954	1.0	-0.0125664704593	-0.00306046766731	0.0796418693448	0.00591990080869	0.0385590239312	0.0176146808446	-0.0459255143586	-0.0114805663797	-0.0128662435152	-0.000538321056504	0.00239587496385	0.0349146980894	0.0567504340011	-0.0864265830112	0.0649055628374	-0.029099746302	-0.013381947375	-0.00404949371558	-0.0256650311168	-0.0217027513607	-0.0271599049883	-0.0335299084107	-0.0434331656739	0.00145811282796	0.00844450009906	-0.0467005844033	-0.0298454593657	-0.0608644872463	-0.0258648295443	-0.0215444325283	0.0138951475374	-0.0551754290369	-0.00551785092625	0.0216535493106	-0.048479450597	-0.0198858733504	-0.0528187344909	0.0286200257725	0.0364996718923	-0.0491695795588
k__Bacteria;p__Bacteroidetes;c__Bacteroidia;o__Bacteroidales;f__Odoribacteraceae;g__Odoribacter;s__Odoribacter_splanchnicus	-0.0221545706168	-0.0647189307036	-0.0173241449589	0.0433073407895	-0.0126238552566	0.00448988369778	-0.0376524424629	0.0164835318079	-0.0441923581431	-0.00600777045576	-0.000846498489151	-0.0128636692634	-0.0108512963772	0.0397206833024	0.027364187845	-0.0504833245977	0.00264082485119	0.00145735384219	-0.0125664704593	1.0	-0.0308700993073	0.00174995366141	0.00589004355249	-0.0294809739121	0.0194785554648	-0.00140091369676	0.0263690998132	0.0249986504206	0.014255767313	-0.0507916293724	-0.0369179002205	0.00732780769372	0.0429180803732	0.0109968009361	0.00451472711725	-0.016682149541	0.0265502002594	-0.010548773898	0.0234697591635	-0.0524042559356	-0.00785597443121	-0.0206311897756	-0.0394472262796	0.000471643273042	-0.010572596737	0.0254446690303	-0.0995929876262	-0.0594991943636	-0.000112609882079	-0.0378486396396	-0.00303796303332	-0.0177203740602	-0.00708907597004	0.0052033088846	0.0165591711798	0.00806897281744	0.0441596694337	-0.0318474291834	0.0396674064219
k__Bacteria;p__Bacteroidetes;c__Bacteroidia;o__Bacteroidales;f__Bacteroidaceae;g__Bacteroides;s__Bacteroides_salyersiae	-0.0185911924806	-4.74980024024e-05	-0.00135216837176	-0.0186135266942	0.0454389183589	-0.00443433214537	0.0158563258888	-0.0572395125651	-0.0137048646344	-0.00620409341957	-0.0188266229937	-0.0318447310664	0.00158850728979	-0.00392646875459	0.0224028695785	0.0253401631363	-0.0297703082698	-0.00789756524305	-0.00306046766731	-0.0308700993073	1.0	0.0324228958284	-0.0259710155474	0.00381877938444	-0.0588367389376	-0.0354721412332	0.0385765024445	-0.0276269841548	-0.0125522078239	0.00845302298604	-0.00194748349852	0.00802032627117	-0.0252614018698	-0.0421441812515	-0.0765874978669	-0.0218741529649	-0.03620908648	-0.0146561015782	0.0248554330864	-0.00775614300967	-0.0127615344462	-0.0808128816306	-0.0531018560044	-0.0302818513901	0.0825376085578	-0.0340770147899	0.00211872940238	-0.0279191168555	0.0299531442963	0.00655615711935	-0.00802237786438	-0.0245592187295	0.00721229779929	0.0228538120096	-0.0312811421747	0.108411212204	0.0507809735174	0.000235881135621	0.0413600605951
k__Bacteria;p__Firmicutes;c__Clostridia;o__Clostridiales;f__Ruminococcaceae;g__Ruminiclostridium;s__[Eubacterium]_siraeum	-0.00700467511644	-0.051776358105	0.0303704135763	-0.0348394860735	-0.00368149703707	0.031813273134	-0.119353728946	-0.0995920965066	0.0379291366153	0.0204128018827	-0.00144874889217	0.017272252555	-0.0202669671967	-0.0118309158087	-0.0020136999575	0.0134319487522	0.00166219995598	-0.037393115472	0.0796418693448	0.00174995366141	0.0324228958284	1.0	0.0215701499604	0.0570702035508	0.021439986144	0.014069575246	0.00469410178216	-0.00759045983147	0.052342991772	-0.00448301510429	0.0221407669178	-0.0140908780429	-0.0103549345936	0.0297333034997	-0.0788035516249	0.0545639660897	0.0147316992321	-0.0275660450748	0.0114964354806	0.0159503802859	-0.005638153784	-0.0597179245254	-0.0226720465413	-0.0084799054401	-0.0365660792613	-0.0350301818908	-0.00677097376122	-0.056099563863	-0.00229712429634	-5.47494045831e-05	-0.0423577367353	-0.0802999601705	-0.00203893154151	-0.0258459658387	0.012709297641	-0.000894403781106	-0.0554562670351	-0.079086408349	-0.0194340250075
k__Bacteria;p__Proteobacteria;c__Betaproteobacteria;o__Burkholderiales;f__Sutterellaceae;g__Parasutterella;s__Parasutterella_excrementihominis	0.0311227339481	0.0279293078899	-0.0118794684463	0.0421942841485	-0.0194642433543	-0.0672344823341	-0.0507902510182	-0.0377652757248	0.0237603623028	-0.0588104420556	-0.0201265867794	0.0221613695475	0.0530535756354	0.0327742504802	-0.0290161219888	-0.0908179958327	0.0124182161759	0.0125273413929	0.00591990080869	0.00589004355249	-0.0259710155474	0.0215701499604	1.0	0.0306547693418	-0.0372783131156	-0.0438319469004	0.0306018313184	-0.0355606586143	0.00305148537032	0.0139259474094	-0.0267075408413	-0.027274810861	-0.0166036485336	-0.0584546081682	-0.0569070159064	-0.00949681709108	-0.0375597713596	-0.0690373782892	0.0102456986437	0.0234414201758	-0.0471479879297	0.0491415041618	-0.0712096613333	0.0514164310401	-0.0479031182748	-0.0087082995912	0.0169927206711	-0.00307715064937	-0.0302898005141	-0.0438898525979	0.0453899621505	-0.0296788092852	0.00346261072752	-0.0240838146574	0.044191173205	0.0452022921286	0.0154139540037	-0.0609846000967	0.0771157823939
k__Bacteria;p__Actinobacteria;c__Actinobacteria;o__Bifidobacteriales;f__Bifidobacteriaceae;g__Bifidobacterium;s__Bifidobacterium_adolescentis	0.0338574899869	0.0198993248237	0.0331328127571	0.03004739611	0.0403442347954	0.0378570565188	-0.0366340835673	-0.0149236580461	0.068947363393	0.0706041173119	-0.00602223623331	-0.0373079717114	-0.054106481834	-0.0195699244805	-0.00151982205676	0.0269438583032	-0.079844829868	-0.0507522890559	0.0385590239312	-0.0294809739121	0.00381877938444	0.0570702035508	0.0306547693418	1.0	0.0239120309844	0.0285608689904	-0.034302393608	0.0406305241354	-0.0381062577772	0.0320556181044	-0.051912029614	-0.0176876474105	-0.0136318148013	-0.00571357354512	-0.0443573350161	-0.0308731713904	0.0112741329479	0.00179154778243	-0.05630246882	-0.0553481154526	-0.0173428678644	0.00476395559707	-0.0488642795208	-0.00626212867165	0.00123543903507	-0.0629858377143	-0.00773555990838	-0.0452684354266	-0.0533154057189	0.00860280739352	-0.00498740720717	-0.0603413461543	-0.0172468710953	0.00099804025333	0.0256487238446	0.0245386925662	-0.0621347246097	0.0441501771648	0.0437499550292
k__Bacteria;p__Firmicutes;c__Clostridia;o__Clostridiales;f__Oscillospiraceae;g__Oscillibacter;s__Oscillibacter_sp._KLE_1745	0.00893037720095	-0.0166715736383	0.00512017488503	0.0485606158862	-0.0264429018258	0.0441379741252	-0.0256447659265	0.0174222087261	-0.00361963540684	-0.0485444363307	-0.0167139843963	-0.0706171555916	0.0184699325808	-0.0325817808156	-0.0256585392318	0.00306255921044	-0.0120810374557	-0.0359844184263	0.0176146808446	0.0194785554648	-0.0588367389376	0.021439986144	-0.0372783131156	0.0239120309844	1.0	0.0139415394265	-0.0272685654053	0.0410480741711	0.00154687511955	-0.0197405581924	-0.000859278036954	0.00276242847027	-0.0431886219143	0.044167809525	-0.0227797215593	-0.0379232754813	0.00510532634036	0.0453060826754	0.0109231468637	0.014671433962	0.0475400661734	-0.00203246552674	0.00924568449139	0.043362953509	-0.0166539022833	-0.0157980342429	-0.0591589221786	-0.0260242794967	0.00907035125414	-0.110527822473	0.00889288638477	-0.0527931581192	-0.0456897863441	-0.0361576556507	0.0194694886006	0.015367212176	-0.0188382179451	0.0159612468095	-0.0806669990337
k__Bacteria;p__Bacteroidetes;c__Bacteroidia;o__Bacteroidales;f__Bacteroidaceae;g__Bacteroides;s__Bacteroides_coprophilus	0.0247491348939	-0.0503011930448	-0.0124594251143	-0.00321411399222	-0.0131866481933	-0.0111335505791	-0.086776442036	0.0374210638697	-0.0420293038496	0.0294301370392	-0.000672104694989	-0.0346407545091	0.0539548504967	-0.0571810058497	-0.0498079592397	0.0279569973092	-0.0277482164335	-0.0328113548325	-0.0459255143586	-0.00140091369676	-0.0354721412332	0.014069575246	-0.0438319469004	0.0285608689904	0.0139415394265	1.0	-0.0334416809958	-0.00951620995013	0.00511338634345	0.0483755085077	0.00933728509391	-0.0693498493224	-0.0175636278009	0.0146402333545	0.0259971783848	-0.00864494062995	0.0141063750225	-0.0238972367405	-0.0296866942627	0.00770331036865	-0.00296713073566	0.017080163485	0.00510545458536	0.0111115364746	0.0400717390427	0.0743874611877	0.0955556319147	-0.047618213131	0.0354881923983	-0.00619053383066	0.0417649961041	0.0231309565473	-0.0448778844223	0.00996960055469	-0.0493035936294	-0.0200909506184	-0.00384764689726	0.00556960908975	-0.0445352267938
k__Bacteria;p__Firmicutes;c__Clostridia;o__Clostridiales;f__Lachnospiraceae;g__Roseburia;s__Roseburia_intestinalis	0.0297622766786	-0.0393775117049	-0.0272875619263	-0.00377788232686	-0.0595501114336	-0.0428138536886	-0.0176961113563	-0.0166991461063	-0.0410858539225	-0.00328844741431	-0.0229628669172	0.070145156179	0.00477168627563	-0.0420470742934	0.0432329789812	-0.0697213490079	0.0192942242528	-0.0151134012323	-0.0114805663797	0.0263690998132	0.0385765024445	0.00469410178216	0.0306018313184	-0.034302393608	-0.0272685654053	-0.0334416809958	1.0	-0.0308690518913	0.0663447164137	-0.0674215474689	0.00606040078371	0.0355883518909	-0.0328233032698	0.0117650763685	-0.0120515714007	-0.0376235337204	0.0265523426208	0.0196625836093	-0.0247201125458	-0.0218709206086	-0.0156157150236	-0.0248156162556	-0.0417013131449	-0.0228273862701	0.047478361385	0.0267716926868	-0.000196607454819	0.0144035275612	0.0216156018832	0.0031469013307	-0.0106781745991	-0.030960914543	-0.00990444865105	-0.0443944739519	-0.044848336778	0.0204309109011	-0.0385903426202	0.0385019964241	0.0498341534224
k__Bacteria;p__Firmicutes;c__Clostridia;o__Clostridiales;f__Lachnospiraceae;g__Roseburia;s__Roseburia_hominis	-0.00118327678526	-0.0407888527242	0.0254947839408	0.013208206132	0.0568762230775	-0.00135041592627	-0.0430850584937	0.00791077905811	-0.00877459905179	0.0157605185749	-0.012849266754	0.0253233555271	-0.00496900183976	0.0186295822896	-0.00970435381129	0.0207464318923	0.0376415767074	-0.0378948692252	-0.0128662435152	0.0249986504206	-0.0276269841548	-0.00759045983147	-0.0355606586143	0.0406305241354	0.0410480741711	-0.00951620995013	-0.0308690518913	1.0	-0.0343146742286	0.00449306762959	0.0203646938405	-0.0671955829787	0.0146631306255	-0.0309152057732	-0.023050666826	-0.0598988968695	-0.0230832266715	-0.0253633226573	-0.0148550961304	0.0223633094212	-0.0814557755076	-0.0450106488394	0.0121078226748	0.0392596187596	0.0570946787821	0.0331124770046	0.0306872355898	0.10086491174	-0.00750900673749	-0.0230060620469	0.00443495099677	-0.0305477259936	-0.0063393272501	-0.0295387295965	-0.015646612383	-0.0288973583613	0.0132150205423	-0.0208439820614	0.0269230833245
k__Bacteria;p__Bacteroidetes;c__Bacteroidia;o__Bacteroidales;f__Porphyromonadaceae;g__Parabacteroides;s__Parabacteroides_johnsonii	-0.0390909888108	-0.0615107334678	-0.0428031657538	0.00315649283432	0.00583888280624	-0.0314396667469	0.0213028559462	-0.0427766566112	-0.045006952236	0.0476229494854	-0.060655949898	-0.0245912923007	0.0322791750297	-0.0351608850907	-0.0191309354177	0.0458583347385	0.00881190593432	-0.026589665531	-0.000538321056504	0.014255767313	-0.0125522078239	0.052342991772	0.00305148537032	-0.0381062577772	0.00154687511955	0.00511338634345	0.0663447164137	-0.0343146742286	1.0	-0.0507075881666	-0.0479650233259	0.00733963877117	0.031465551654	0.0687975709631	-0.0137954385953	-0.0147271733695	-0.0259101719201	0.0117195749393	-0.0276556158083	0.0671908549284	-0.0321488025268	-0.0408031362638	-0.0112853870074	-0.0972884558771	-0.00759252288277	0.0114253405155	0.00886140787226	-0.0125412218257	0.000842257535403	0.0148156165048	0.00246484217586	0.0277317086963	-0.0331550577477	0.0297912938167	0.0503842688166	0.0362577136375	-0.087202771309	-0.0801576871156	0.0600115023091
k__Bacteria;p__Actinobacteria;c__Actinobacteria;o__Bifidobacteriales;f__Bifidobacteriaceae;g__Bifidobacterium;s__Bifidobacterium_longum	-0.0308301587261	-0.0413685046204	-0.00644937098904	-0.0110065610631	0.0171644387362	-0.00612409150401	-0.00864190970745	0.0104594851437	0.03255635058	-0.0424443517972	-0.0742608442859	-0.00948984619833	-0.000100581510553	0.00167104363014	-0.0031690692995	-0.0140471813936	0.0217144797484	-0.0294603221824	0.00239587496385	-0.0507916293724	0.00845302298604	-0.00448301510429	0.0139259474094	0.0320556181044	-0.0197405581924	0.0483755085077	-0.0674215474689	0.00449306762959	-0.0507075881666	1.0	0.015752524409	-0.054153924971	0.0337448805686	-0.0633352721606	0.00114423808499	0.00690981162683	-0.0587695336903	0.052317034535	0.0629816737031	-0.00527331023798	0.00715074739393	-0.0426038648375	0.0284967863199	-0.0448624143644	0.0212030411944	-0.0276553212078	0.0295346699863	0.0259042344431	0.0226919050498	0.0161083492564	0.0124824344986	-0.0429554292566	-0.00744754740473	0.0312333718251	0.00346336314923	6.332455269e-06	0.0353014035203	-0.0214032461127	0.000774087818501
