#taxonomy	k__Bacteria;p__Bacteroidetes;c__Bacteroidia;o__Bacteroidales;f__Bacteroidaceae;g__Bacteroides;s__Bacteroides_vulgatus	k__Bacteria;p__Bacteroidetes;c__Bacteroidia;o__Bacteroidales;f__Bacteroidaceae;g__Bacteroides;s__Bacteroides_uniformis	k__Bacteria;p__Bacteroidetes;c__Bacteroidia;o__Bacteroidales;f__Rikenellaceae;g__Alistipes;s__Alistipes_putredinis	k__Bacteria;p__Bacteroidetes;c__Bacteroidia;o__Bacteroidales;f__Prevotellaceae;g__Prevotella;s__Prevotella_copri	k__Bacteria;p__Bacteroidetes;c__Bacteroidia;o__Bacteroidales;f__Bacteroidaceae;g__Bacteroides;s__Bacteroides_stercoris	k__Bacteria;p__Bacteroidetes;c__Bacteroidia;o__Bacteroidales;f__Bacteroidaceae;g__Bacteroides;s__Bacteroides_ovatus	k__Bacteria;p__Bacteroidetes;c__Bacteroidia;o__Bacteroidales;f__Rikenellaceae;g__Alistipes;s__Alistipes_shahii	k__Bacteria;p__Firmicutes;c__Clostridia;o__Clostridiales;f__Ruminococcaceae;g__Faecalibacterium;s__Faecalibacterium_prausnitzii	k__Bacteria;p__Bacteroidetes;c__Bacteroidia;o__Bacteroidales;f__Rikenellaceae;g__Alistipes;s__Alistipes_finegoldii	k__Bacteria;p__Bacteroidetes;c__Bacteroidia;o__Bacteroidales;f__Porphyromonadaceae;g__Parabacteroides;s__Parabacteroides_distasonis	k__Bacteria;p__Bacteroidetes;c__Bacteroidia;o__Bacteroidales;f__Bacteroidaceae;g__Bacteroides;s__Bacteroides_thetaiotaomicron	k__Bacteria;p__Bacteroidetes;c__Bacteroidia;o__Bacteroidales;f__Bacteroidaceae;g__Bacteroides;s__Bacteroides_coprocola	k__Bacteria;p__Bacteroidetes;c__Bacteroidia;o__Bacteroidales;f__Bacteroidaceae;g__Bacteroides;s__Bacteroides_cellulosilyticus	k__Bacteria;p__Bacteroidetes;c__Bacteroidia;o__Bacteroidales;f__Rikenellaceae;g__Alistipes;s__Alistipes_obesi	k__Bacteria;p__Firmicutes;c__Clostridia;o__Clostridiales;f__Lachnospiraceae;g__;s__[Eubacterium]_rectale	k__Bacteria;p__Bacteroidetes;c__Bacteroidia;o__Bacteroidales;f__Bacteroidaceae;g__Bacteroides;s__Bacteroides_plebeius	k__Bacteria;p__Bacteroidetes;c__Bacteroidia;o__Bacteroidales;f__Bacteroidaceae;g__Bacteroides;s__Bacteroides_fragilis	k__Bacteria;p__Proteobacteria;c__Betaproteobacteria;o__Burkholderiales;f__Sutterellaceae;g__Sutterella;s__Sutterella_wadsworthensis	k__Bacteria;p__Bacteroidetes;c__Bacteroidia;o__Bacteroidales;f__Porphyromonadaceae;g__Barnesiella;s__Barnesiella_intestinihominis	k__Bacteria;p__Bacteroidetes;c__Bacteroidia;o__Bacteroidales;f__Odoribacteraceae;g__Odoribacter;s__Odoribacter_splanchnicus	k__Bacteria;p__Bacteroidetes;c__Bacteroidia;o__Bacteroidales;f__Bacteroidaceae;g__Bacteroides;s__Bacteroides_salyersiae	k__Bacteria;p__Firmicutes;c__Clostridia;o__Clostridiales;f__Ruminococcaceae;g__Ruminiclostridium;s__[Eubacterium]_siraeum	k__Bacteria;p__Proteobacteria;c__Betaproteobacteria;o__Burkholderiales;f__Sutterellaceae;g__Parasutterella;s__Parasutterella_excrementihominis	k__Bacteria;p__Actinobacteria;c__Actinobacteria;o__Bifidobacteriales;f__Bifidobacteriaceae;g__Bifidobacterium;s__Bifidobacterium_adolescentis	k__Bacteria;p__Firmicutes;c__Clostridia;o__Clostridiales;f__Oscillospiraceae;g__Oscillibacter;s__Oscillibacter_sp._KLE_1745	k__Bacteria;p__Bacteroidetes;c__Bacteroidia;o__Bacteroidales;f__Bacteroidaceae;g__Bacteroides;s__Bacteroides_coprophilus	k__Bacteria;p__Firmicutes;c__Clostridia;o__Clostridiales;f__Lachnospiraceae;g__Roseburia;s__Roseburia_intestinalis	k__Bacteria;p__Firmicutes;c__Clostridia;o__Clostridiales;f__Lachnospiraceae;g__Roseburia;s__Roseburia_hominis	k__Bacteria;p__Bacteroidetes;c__Bacteroidia;o__Bacteroidales;f__Porphyromonadaceae;g__Parabacteroides;s__Parabacteroides_johnsonii	k__Bacteria;p__Actinobacteria;c__Actinobacteria;o__Bifidobacteriales;f__Bifidobacteriaceae;g__Bifidobacterium;s__Bifidobacterium_longum	k__Bacteria;p__Firmicutes;c__Clostridia;o__Clostridiales;f__;g__Flavonifractor;s__Flavonifractor_plautii	k__Bacteria;p__Firmicutes;c__Clostridia;o__Clostridiales;f__Clostridiaceae;g__Clostridium;s__Clostridium_phoceensis	k__Bacteria;p__Verrucomicrobia;c__Verrucomicrobiae;o__Verrucomicrobiales;f__Akkermansiaceae;g__Akkermansia;s__Akkermansia_muciniphila	k__Bacteria;p__Bacteroidetes;c__Bacteroidia;o__Bacteroidales;f__Prevotellaceae;g__Paraprevotella;s__Paraprevotella_xylaniphila	k__Bacteria;p__Firmicutes;c__Clostridia;o__Clostridiales;f__Ruminococcaceae;g__Ruminococcus;s__Ruminococcus_callidus	k__Bacteria;p__Bacteroidetes;c__Bacteroidia;o__Bacteroidales;f__Rikenellaceae;g__Alistipes;s__Alistipes_senegalensis	k__Bacteria;p__Firmicutes;c__Clostridia;o__Clostridiales;f__Lachnospiraceae;g__Blautia;s__Blautia_sp._KLE_1732	k__Bacteria;p__Bacteroidetes;c__Bacteroidia;o__Bacteroidales;f__Bacteroidaceae;g__Bacteroides;s__Bacteroides_oleiciplenus	k__Bacteria;p__Firmicutes;c__Clostridia;o__Clostridiales;f__Ruminococcaceae;g__Ruminococcus;s__Ruminococcus_bicirculans	k__Bacteria;p__Bacteroidetes;c__Bacteroidia;o__Bacteroidales;f__Bacteroidaceae;g__Bacteroides;s__Bacteroides_fluxus	k__Bacteria;p__Bacteroidetes;c__Bacteroidia;o__Bacteroidales;f__Prevotellaceae;g__Prevotella;s__Prevotella_stercorea	k__Bacteria;p__Firmicutes;c__Clostridia;o__Clostridiales;f__Lachnospiraceae;g__Dorea;s__Dorea_longicatena	k__Bacteria;p__Firmicutes;c__Clostridia;o__Clostridiales;f__Eubacteriaceae;g__Eubacterium;s__[Eubacterium]_eligens	k__Bacteria;p__Firmicutes;c__Clostridia;o__Clostridiales;f__Ruminococcaceae;g__;s__Ruminococcaceae_bacterium_D16	k__Bacteria;p__Firmicutes;c__Clostridia;o__Clostridiales;f__Lachnospiraceae;g__Coprococcus;s__Coprococcus_comes	k__Bacteria;p__Proteobacteria;c__Gammaproteobacteria;o__Enterobacterales;f__Enterobacteriaceae;g__Escherichia;s__Escherichia_coli	k__Bacteria;p__Firmicutes;c__Clostridia;o__Clostridiales;f__Ruminococcaceae;g__Anaerotruncus;s__Anaerotruncus_colihominis	k__Bacteria;p__Firmicutes;c__Clostridia;o__Clostridiales;f__Lachnospiraceae;g__Blautia;s__Blautia_obeum	k__Bacteria;p__Bacteroidetes;c__Bacteroidia;o__Bacteroidales;f__Odoribacteraceae;g__Odoribacter;s__Odoribacter_laneus	k__Bacteria;p__Firmicutes;c__Clostridia;o__Clostridiales;f__Ruminococcaceae;g__Ruminiclostridium;s__[Clostridium]_leptum	k__Bacteria;p__Bacteroidetes;c__Bacteroidia;o__Bacteroidales;f__Porphyromonadaceae;g__Parabacteroides;s__Parabacteroides_goldsteinii	k__Bacteria;p__Firmicutes;c__Clostridia;o__Clostridiales;f__Lachnospiraceae;g__Anaerostipes;s__Anaerostipes_hadrus	k__Bacteria;p__Firmicutes;c__Clostridia;o__Clostridiales;f__Ruminococcaceae;g__Ruminococcus;s__Ruminococcus_lactaris	k__Bacteria;p__Firmicutes;c__Clostridia;o__Clostridiales;f__Clostridiaceae;g__Clostridium;s__Clostridium_sp._L2-50	k__Bacteria;p__Firmicutes;c__Clostridia;o__Clostridiales;f__Clostridiaceae;g__Clostridium;s__Clostridium_sp._M62/1	k__Bacteria;p__Firmicutes;c__Clostridia;o__Clostridiales;f__;g__Intestinimonas;s__Intestinimonas_butyriciproducens	k__Bacteria;p__Actinobacteria;c__Actinobacteria;o__Bifidobacteriales;f__Bifidobacteriaceae;g__Bifidobacterium;s__Bifidobacterium_bifidum	k__Bacteria;p__Firmicutes;c__Negativicutes;o__Veillonellales;f__Veillonellaceae;g__Dialister;s__Dialister_invisus	k__Bacteria;p__Bacteroidetes;c__Bacteroidia;o__Bacteroidales;f__Bacteroidaceae;g__Bacteroides;s__Bacteroides_salanitronis
k__Bacteria;p__Bacteroidetes;c__Bacteroidia;o__Bacteroidales;f__Bacteroidaceae;g__Bacteroides;s__Bacteroides_vulgatus	1.0	0.0561773317143	-0.0878365890638	-0.0183392335083	-0.00974279357978	0.0237904128193	-0.0391602403945	0.0734876540685	0.00731775334004	0.0221115720936	-0.0249336660291	0.025892449324	-0.0797758723547	-0.0557947729137	0.0079853587935	-0.0543787646232	0.0334366722584	-0.0341897450235	0.0247622121729	0.0442343679013	0.0444432675425	0.0287007547738	-0.0213572532553	0.00444495165085	0.0062634362625	-0.0333474914235	-0.0116519689309	-0.0253095990243	0.00560824118448	-0.0409142327496	0.0664440853887	0.0228891822473	-0.0342760377295	-0.032752881867	-0.0325220558627	0.0089163610216	-0.0356060411785	-0.00762453825199	-0.0330905456116	0.00936867387538	0.0517863397136	-0.00925239429693	-0.0100743842301	-0.0325653424465	-0.0198282947871	0.0517312574066	-0.0158007779803	0.0228181138612	0.0180942644919	-0.00477917145024	-0.0842274176575	0.0194805728038	-0.0345814243431	-0.056631282687	-0.0263561801291	-0.00313111867924	0.0406718008109	0.0357206310186	0.0225604154312
k__Bacteria;p__Bacteroidetes;c__Bacteroidia;o__Bacteroidales;f__Bacteroidaceae;g__Bacteroides;s__Bacteroides_uniformis	0.0561773317143	1.0	-0.00477349465911	0.00216155509128	-0.00861396850325	-0.0158929382527	-0.0760681531853	-0.0303230778903	0.0344067219457	0.0348742817649	0.00524190639637	0.0289127640366	-0.0014768676189	0.0654427005617	-0.0372345206342	0.034320809332	0.00703783978136	-0.0710434513564	-0.0310306816127	-0.0639113049933	-0.0461314316547	0.0142454313987	0.00454359167581	0.00587082340425	-0.0292157853519	0.0455950455107	0.0327257395695	-0.0365022743159	0.0101026600443	0.00613055723891	-0.0359080390106	0.0114063447871	-0.0563341891116	-0.0339717884454	-0.0153679388709	-0.057991581967	0.0215772431548	0.00711870173497	-0.0466499973877	-0.0541208520687	0.0131681527776	-0.0413846312762	0.0118323458724	0.0586394309001	-0.0627970308008	-0.0458289928695	-0.0169570335032	0.00743425482012	0.0662673711174	-0.00470909332644	0.0169939306426	-0.0121989003737	0.0266581916975	-0.00381245025856	-0.0170503166282	-0.00211042896737	0.00735216303346	-0.0812236027266	-0.0379173080271
k__Bacteria;p__Bacteroidetes;c__Bacteroidia;o__Bacteroidales;f__Rikenellaceae;g__Alistipes;s__Alistipes_putredinis	-0.0878365890638	-0.00477349465911	1.0	0.0302048692827	-0.0570687251617	0.0152388604178	0.00413474198826	-0.0358930719479	-0.0108569495079	0.0371805079475	-0.0290787101703	-0.0355320863688	-0.0112493006636	0.0262681725685	0.0833327146052	-0.0210663571562	-0.0313741189555	-0.0621143673605	-0.0153265187667	0.0111742569184	0.0189610032713	-0.0158251569823	0.0131929452449	-0.0234895033894	-0.0288612082082	-0.000154107607213	0.0155612230838	-0.0449463784908	-0.0463039801639	-0.0692070267837	-0.0596102444569	-0.0142085018107	0.0373484797203	-0.0329542977852	-0.014775005675	-0.0639101021939	-0.0289670798671	-0.0325787566394	-0.0263843331973	0.0385399548099	0.0309547439513	0.0193467877428	-0.0474189924489	-0.04930869276	-0.0151334352129	-0.0215027407206	-0.0139246116415	0.0154590021764	-0.0447021245209	0.0105269225736	0.00961319442822	-0.0161782816775	0.00477724346086	0.0400492534641	-0.0345101160273	-0.0031551872692	-0.0295930140479	0.0153306014302	0.0126279969086
k__Bacteria;p__Bacteroidetes;c__Bacteroidia;o__Bacteroidales;f__Prevotellaceae;g__Prevotella;s__Prevotella_copri	-0.0183392335083	0.00216155509128	0.0302048692827	1.0	-0.03163117148	-0.0157475550569	-0.0225682675675	-0.00673711698881	0.0331456482254	-0.0341435732296	-0.0251335358749	-0.0693118709523	0.00768444212281	-0.0196261522864	-0.00799954572475	-0.00991095508755	-0.00362696004383	0.0195569536472	-0.0860886047662	0.0281149859222	-0.0278696421162	-0.0194741123525	-0.0075392742886	0.0481458728408	-0.0439249031438	0.00364959311205	-0.0372748428417	-0.00232414060405	0.00580854175794	0.00946380055902	0.0239794570415	-0.0369224152955	-0.00728522258974	-0.0121588689943	0.0372192229578	-0.0347829137161	0.029040488212	-0.00536114958601	0.000531445569966	-0.0363200946174	-0.0580390491935	-0.0495426382898	0.00921519303805	-0.0662555966873	-0.0497891967411	0.0079791502208	-0.00220251642948	-0.0155661250317	0.0012003139156	0.00198524542232	0.0687663025859	-0.0501939705143	0.0520806814404	-0.0185600903507	-0.0616923140206	-0.00255632389812	-0.0422913761719	-0.00306868869503	-0.0505591441406
k__Bacteria;p__Bacteroidetes;c__Bacteroidia;o__Bacteroidales;f__Bacteroidaceae;g__Bacteroides;s__Bacteroides_stercoris	-0.00974279357978	-0.00861396850325	-0.0570687251617	-0.03163117148	1.0	-0.0250470863475	-0.0922794530376	-0.0894782761627	-0.0226804345449	-0.00346690413438	-0.0318818151485	-0.0404016907152	0.00114162834543	0.0556752447774	0.0144574405501	0.00830288994922	0.0391997627562	0.00235891537463	-0.0348096389563	-0.013062161121	-0.0278686079721	-0.0445288627474	-0.00478353090287	0.0360871365008	-0.0816085640144	-0.0225863776095	0.011435041855	-0.0121270019782	0.0239250670118	0.0376809355344	0.0425086053485	0.026047867912	0.0167055905184	-0.0519165543036	-0.0160198122113	0.0304191780912	-0.0241884972705	-0.0237831730774	-0.0166804309309	-0.0576745247077	-0.0250420275191	-0.0226384744153	-0.0178399572553	-0.00976166801533	0.00260784633985	-0.0641235881975	0.0425136118118	-0.00655360406021	0.00227421395244	-0.018450857723	0.00584568486333	-0.00116927510938	-0.0277976725839	0.0660228644199	0.0615594805279	-0.0453461744293	0.0290381905715	-0.0329892449986	-0.0196482259065
k__Bacteria;p__Bacteroidetes;c__Bacteroidia;o__Bacteroidales;f__Bacteroidaceae;g__Bacteroides;s__Bacteroides_ovatus	0.0237904128193	-0.0158929382527	0.0152388604178	-0.0157475550569	-0.0250470863475	1.0	-0.0358340893143	0.0309013173196	0.0774900026709	-0.0451670032504	0.0286733895865	0.0389111743085	-0.00487413338895	-0.0196504946728	-0.0406445852307	0.0172573596688	-0.02139262957	-0.0683621816259	0.00914472496474	-0.0343940311343	-0.000909528774456	-0.0423609798579	-0.0963868575089	-0.0504661081124	0.00936043862557	0.017766779486	0.0250676718809	-0.0395751619875	-0.0237334230907	0.00131744688011	0.00429804448194	-0.0404116719458	0.0134295019983	0.0280305614673	0.00485274358158	0.0706363573939	-0.0144801383336	-0.0259016716698	-0.0721415296685	0.00304383922797	-0.0074623749301	-0.0344058244396	0.048757856613	0.0239511164171	-0.0202229026188	-0.0121426656493	0.00380504307158	0.0493727569752	0.0470070620024	-0.0404425609554	-0.0280222886932	-0.0230068169794	-0.00946650989166	-0.047004397374	0.039705324734	-0.0510320494534	-0.114961973727	0.0416442943603	-0.0166957402923
k__Bacteria;p__Bacteroidetes;c__Bacteroidia;o__Bacteroidales;f__Rikenellaceae;g__Alistipes;s__Alistipes_shahii	-0.0391602403945	-0.0760681531853	0.00413474198826	-0.0225682675675	-0.0922794530376	-0.0358340893143	1.0	0.0338323112405	-0.0132348935507	0.0609011737592	0.041958160139	0.0363387968206	-0.02890924473	-0.0111858358421	-0.0127551795087	-0.0520010635955	-0.0272166072095	0.0152016463325	-0.0256171995959	0.00150990464893	0.0175766384012	-0.00158015699766	0.00524831078103	-0.0333524107619	0.0229395472438	0.0095138799425	-0.0253667701904	-0.0212140362404	-0.00360662818056	0.00707609547625	0.0143407895633	0.0268275864379	0.0118739632089	-0.00696260047044	0.106958351422	-0.00564986846693	-0.0523552231619	-0.0349695784302	0.0520258380963	0.00142072870184	-0.0276871022526	0.0018375414375	-0.0313629650682	-0.0179195720177	-0.0186380537296	-0.00673805887774	-0.0493273693887	-0.0390152262873	-0.00469949270044	0.0119251558095	-0.0465258020255	-0.0425794199201	0.0343504608628	-0.0602860180748	-0.111836436885	-0.0756973619407	-0.0253320779702	-0.0106671166156	-0.0290437113671
k__Bacteria;p__Firmicutes;c__Clostridia;o__Clostridiales;f__Ruminococcaceae;g__Faecalibacterium;s__Faecalibacterium_prausnitzii	0.0734876540685	-0.0303230778903	-0.0358930719479	-0.00673711698881	-0.0894782761627	0.0309013173196	0.0338323112405	1.0	-0.00706817553178	-0.00265811435245	0.0276205362807	-0.00204176624853	0.0154116038877	-0.0338064875616	-0.051863213946	-0.00151468132541	0.0158941084567	-0.0487980856357	-0.0241337149459	0.0104615919469	-0.0172696407229	-0.0198734965238	-0.0139877004977	-0.0286128645631	0.0193253732507	-0.00324204393981	0.01839337493	-0.00764550852693	0.0161894143411	0.0717319205915	0.0315791366568	-0.0464812674644	-0.0198177937002	0.0617666981798	0.0180935197985	-0.0410762670661	0.0485127747033	0.0313946410107	-0.0818360503272	0.00437710527679	0.00700366835956	-0.00738405004667	0.0316303212874	-0.00643095732434	0.0279222169334	0.00146291577929	-0.022694165407	0.00938240870247	0.0263466343127	-0.042596600123	0.00973302041867	0.0345986668019	-0.0156780524575	-0.0161598982067	-0.00611139274056	0.0213871094909	-0.0373927797687	0.0424689208061	0.0287760946979
k__Bacteria;p__Bacteroidetes;c__Bacteroidia;o__Bacteroidales;f__Rikenellaceae;g__Alistipes;s__Alistipes_finegoldii	0.00731775334004	0.0344067219457	-0.0108569495079	0.0331456482254	-0.0226804345449	0.0774900026709	-0.0132348935507	-0.00706817553178	1.0	-0.034277941274	0.00973918722776	0.0163864214731	0.0105354295287	0.0118609469399	-0.081785308571	-0.0256222855226	0.0329293460091	-0.0297398931408	0.0117240266268	-0.00043172738044	0.0462887871376	0.00279845711505	-0.0113512005361	-0.0188179599361	-0.0151236518575	0.00268057808129	0.0155205889446	-0.0398800519733	0.0325377805926	-0.0325082186932	-0.0173000215333	-0.0763049464336	-0.0481532965996	-0.00479296773009	-0.0163897302157	-0.0111959235635	-0.0136015378389	0.00689665468038	-0.0258327439009	-0.00645845344364	-0.0372467991576	-0.0192391111364	-0.0572636481032	-0.0706534414953	-0.0594144721819	-0.00712188362362	-0.0105226124987	0.0797605529376	0.00919994422955	0.0320276296148	-0.0284089369709	0.0338717915203	0.0498538320803	0.0712113356361	0.030144920269	0.00407132296841	-0.0259859504122	-0.0123796447732	-0.0464345269527
k__Bacteria;p__Bacteroidetes;c__Bacteroidia;o__Bacteroidales;f__Porphyromonadaceae;g__Parabacteroides;s__Parabacteroides_distasonis	0.0221115720936	0.0348742817649	0.0371805079475	-0.0341435732296	-0.00346690413438	-0.0451670032504	0.0609011737592	-0.00265811435245	-0.034277941274	1.0	-0.0307860548106	-0.0401396112261	-0.0424549817455	0.00729836589302	-0.00133012622198	-0.0127256105284	0.033624362024	-0.0663948151475	0.0283800807908	-0.0262802137376	0.0635373943722	-0.00409715554635	-0.0193965685119	0.00500097551937	-0.0042440658693	0.00685685750931	0.0182713019839	-0.00276855996135	-0.0296816106643	0.00307087438357	0.0402499528695	-0.0399851738192	0.00150253029825	0.00711183853348	-0.0223226732281	-0.0266195728359	-0.0582010668611	0.0193640470366	-0.0133245759577	0.00505963584633	-0.0236085386781	-0.0208538096045	-0.0640490044936	-0.0173360122776	0.00229498388559	0.022313652792	-0.036795610718	-0.040540586518	-0.00794654643255	-0.0439266307277	-0.00247402627538	0.00777729706741	-0.0133375583695	-0.0370087210997	-0.063146620788	0.000556183082668	0.0190609960788	-0.00514052409853	-0.0383019694285
k__Bacteria;p__Bacteroidetes;c__Bacteroidia;o__Bacteroidales;f__Bacteroidaceae;g__Bacteroides;s__Bacteroides_thetaiotaomicron	-0.0249336660291	0.00524190639637	-0.0290787101703	-0.0251335358749	-0.0318818151485	0.0286733895865	0.041958160139	0.0276205362807	0.00973918722776	-0.0307860548106	1.0	0.00291941503198	-0.0319546324779	-0.0340135187431	0.0347053069414	-0.0309285576999	-0.0338637910546	0.0137221478669	0.0160315915029	-0.0407134543498	0.00846584575652	0.00858936527969	-0.0580932638752	-0.0478408381944	-0.062194815235	-0.0187226798153	-0.0563818654217	-0.0517871876036	0.0285363781815	-0.0429897620133	-0.0515316448865	-0.0125923046067	-0.0146710426862	-0.0272447455278	0.00279115241131	-0.0106055926065	-0.0366727951051	-0.036238013458	0.000177470180683	0.0352890600125	0.00875552276563	-0.0121404488095	-0.0341291605036	-0.00891701716535	-0.0116610231824	-0.00848185460726	-0.0129571024224	-0.000654043194611	0.0179727226393	-0.00489907046287	-0.011829384443	-0.00852454576346	-0.0329319759275	-0.00273201612548	-0.0633065459128	0.00010382118846	-0.018609769189	-0.0332349438395	0.0395676186198
k__Bacteria;p__Bacteroidetes;c__Bacteroidia;o__Bacteroidales;f__Bacteroidaceae;g__Bacteroides;s__Bacteroides_coprocola	0.025892449324	0.0289127640366	-0.0355320863688	-0.0693118709523	-0.0404016907152	0.0389111743085	0.0363387968206	-0.00204176624853	0.0163864214731	-0.0401396112261	0.00291941503198	1.0	0.00352259679046	-0.0146145970861	-0.0172235838122	-0.0531706183192	0.01027573509	0.0134964933746	0.0941145067778	-0.0458251785472	0.010155228141	-0.034707754173	0.00151282275435	0.0105783227166	-0.0271709841773	0.00349036411548	0.0517131978601	0.00806847907119	0.00949124534629	-0.00361857491391	-0.0370944259569	0.036259892268	0.0134093007787	-0.0517964696171	0.0450313973753	-0.0584518038521	-0.0300553696897	0.0542145914559	-0.0203939013101	0.00768528978137	0.0260264819414	-0.00143541782185	0.00589424295367	0.0526554507577	-0.0484405781894	-0.033861906562	-0.0347754182229	0.00196629688148	-0.00292605735604	-0.0080272675623	-0.0187668541554	0.0054902722116	-0.0363673585883	0.0195801578703	-0.0016025268034	-0.0431164248697	0.0622858724012	-0.0566560658826	0.0191127755859
k__Bacteria;p__Bacteroidetes;c__Bacteroidia;o__Bacteroidales;f__Bacteroidaceae;g__Bacteroides;s__Bacteroides_cellulosilyticus	-0.0797758723547	-0.0014768676189	-0.0112493006636	0.00768444212281	0.00114162834543	-0.00487413338895	-0.02890924473	0.0154116038877	0.0105354295287	-0.0424549817455	-0.0319546324779	0.00352259679046	1.0	-0.00369303983664	0.027139746986	0.0441861055916	-0.00825300868696	-0.0363304385711	0.0210216922576	0.0273854921625	-0.0439269282821	-0.0229449896334	-0.00387368088923	0.00558076243548	-0.0335294125187	0.0046810091529	-0.0394247217622	0.0437898904368	-0.00331313455643	-0.0204545618974	-0.0242907802506	-0.0200119829517	0.00215241464088	-0.0307631569533	-0.0314206777001	0.0337859735536	-0.0328838460067	-0.0771023104397	-0.039193604509	0.0257624834157	-0.024595477585	-0.0284596462801	0.0233553570987	-0.0544076737579	-0.0557216418404	0.0573528512604	0.00511717275204	-0.0622355148569	0.00631748836219	0.0163973613597	-0.0465108341586	0.0839064950343	0.0598751091213	-0.0353155862721	0.00190954234929	-0.0604916341457	-0.0136957997402	0.0609007514723	-0.0134911540775
k__Bacteria;p__Bacteroidetes;c__Bacteroidia;o__Bacteroidales;f__Rikenellaceae;g__Alistipes;s__Alistipes_obesi	-0.0557947729137	0.0654427005617	0.0262681725685	-0.0196261522864	0.0556752447774	-0.0196504946728	-0.0111858358421	-0.0338064875616	0.0118609469399	0.00729836589302	-0.0340135187431	-0.0146145970861	-0.00369303983664	1.0	-0.0102768587733	-0.0353813292395	0.00644637287209	0.0308048203976	0.0192938839652	-0.0336754414182	0.0422392609862	0.00748685154154	0.013964870201	-0.0205368627393	-0.0674188176222	-0.0152610937174	0.0829953947203	0.0476459957503	0.0261333558815	-0.0662397028644	-0.0691162100437	-0.0846931368382	-0.0520017152854	-0.00737129794325	0.033589133635	0.00408563149979	0.000309226205925	-0.0390723729685	0.0578022268515	-0.00680647309697	0.00220085079049	0.0268428244632	-0.00648035023498	0.000329993415733	-0.0290075915352	-0.0232207927555	-0.0328490751316	-0.0223530714989	-0.0397270837635	0.0336370434841	-0.0141837756429	0.0440520089303	-0.0148520827089	0.0110752854637	0.0122527371272	0.0058445418839	-0.0443037478493	-0.0554204954627	-0.0203150311779
k__Bacteria;p__Firmicutes;c__Clostridia;o__Clostridiales;f__Lachnospiraceae;g__;s__[Eubacterium]_rectale	0.0079853587935	-0.0372345206342	0.0833327146052	-0.00799954572475	0.0144574405501	-0.0406445852307	-0.0127551795087	-0.051863213946	-0.081785308571	-0.00133012622198	0.0347053069414	-0.0172235838122	0.027139746986	-0.0102768587733	1.0	0.0332930101037	-0.0377441858531	0.0207245999481	0.0476476283038	-0.0143440751604	-0.00190489951041	-0.0540279794843	-0.0322969003493	-0.0511814171359	-0.0128971035577	-0.0238041861176	-0.0442844054706	-0.0254137631216	-0.012292254163	0.0521226236595	-0.0345064736168	0.0159928562791	-0.0123037449664	-0.0495695095476	0.0203381140344	-0.0535466046516	0.00191947640754	-0.0713195079514	-0.0384141403038	0.0199216122423	-0.0135385798019	0.012653440847	0.00343859236734	-0.0603077468919	0.00526859642236	0.0614388228763	0.0288746757776	0.0147150709658	-0.0161914764846	-0.0107368149695	0.0376928370204	-0.000392693284452	-0.0127908420217	-0.00761362035442	0.0449539701037	-0.0364878098721	0.0117536011553	-0.0460238277113	0.0142820147344
k__Bacteria;p__Bacteroidetes;c__Bacteroidia;o__Bacteroidales;f__Bacteroidaceae;g__Bacteroides;s__Bacteroides_plebeius	-0.0543787646232	0.034320809332	-0.0210663571562	-0.00991095508755	0.00830288994922	0.0172573596688	-0.0520010635955	-0.00151468132541	-0.0256222855226	-0.0127256105284	-0.0309285576999	-0.0531706183192	0.0441861055916	-0.0353813292395	0.0332930101037	1.0	-0.0302006993875	-0.0211880894379	0.0304077252454	0.034006526162	0.0470184970668	0.0186249536438	0.03941006387	0.0131618108252	-0.0323983061992	-0.0501479338747	-0.0276367159581	0.0591328526186	-0.0596945138385	0.0287731109431	-0.0284481475554	-0.0249751544562	0.000310416597896	-0.0262579542135	-0.0977912717227	-0.0116782521379	-0.0322029685427	0.00533173926087	-0.0921967917824	-0.000856287240418	0.0198765405161	0.000192314288579	0.0124475743926	0.0130746953751	-0.00952082673502	-0.0187475376642	0.0473969914437	-0.0403215850622	0.0171493824717	-0.0260455521682	-0.00021804957791	-0.0158321307681	0.0646469019332	0.0587597114049	-0.0200829414719	-0.0150488728727	0.040256243314	-0.0148744527785	-0.00755720655183
k__Bacteria;p__Bacteroidetes;c__Bacteroidia;o__Bacteroidales;f__Bacteroidaceae;g__Bacteroides;s__Bacteroides_fragilis	0.0334366722584	0.00703783978136	-0.0313741189555	-0.00362696004383	0.0391997627562	-0.02139262957	-0.0272166072095	0.0158941084567	0.0329293460091	0.033624362024	-0.0338637910546	0.01027573509	-0.00825300868696	0.00644637287209	-0.0377441858531	-0.0302006993875	1.0	-0.0224076723506	0.0022689180174	-0.0098017298546	-0.0485387209511	0.0289701560345	-0.00337656203035	-0.0647013246501	0.0105881511319	-0.0504537301896	-0.00530513364226	0.0166829698515	-0.00714682248841	-0.0331319977337	-0.0569650176498	-0.0343375582783	-0.0491830241036	0.0118951211252	-0.0257351352883	0.0225166474298	-0.0395938964746	0.0176753971604	-0.0221223785835	0.0186586053732	-0.0409047777882	0.0559503280358	-0.00579784347372	0.0298315963867	-0.029572840902	0.0204281093298	-0.040024421569	-0.0130999361056	0.0547209221226	-0.0311973713967	-0.0541950908776	-0.0247247074627	-0.00606392559318	0.0196537460182	-0.0357700219963	-0.0340872943074	0.00511402652298	0.0267950088597	-0.0271520538558
k__Bacteria;p__Proteobacteria;c__Betaproteobacteria;o__Burkholderiales;f__Sutterellaceae;g__Sutterella;s__Sutterella_wadsworthensis	-0.0341897450235	-0.0710434513564	-0.0621143673605	0.0195569536472	0.00235891537463	-0.0683621816259	0.0152016463325	-0.0487980856357	-0.0297398931408	-0.0663948151475	0.0137221478669	0.0134964933746	-0.0363304385711	0.0308048203976	0.0207245999481	-0.0211880894379	-0.0224076723506	1.0	-0.0707883325973	-0.0577429034687	0.0261432941197	0.0218187706067	0.00457718207774	0.00513596750346	-0.0416228322044	0.0191532416159	0.00173820463637	-0.0202080174207	0.0176761382655	-0.019519076311	0.065450752558	0.0465406242779	0.00904034772401	-0.0772971352449	-0.0161183190102	-0.0519530691844	0.029898762476	0.0276480559547	-0.0189589219553	-0.0233859261903	-0.0892110183558	-0.0449511392874	-0.0264293550245	-0.0312431001111	0.0268227071872	-0.0146878313975	0.0588480668127	-0.0436412889331	-0.00254029885754	-0.00171696852536	-0.029776039327	0.0233540778219	-0.0323612078509	-0.00959836961372	0.0120833686903	0.0469064038223	0.00691021173545	-0.0376189549078	0.0188039462028
k__Bacteria;p__Bacteroidetes;c__Bacteroidia;o__Bacteroidales;f__Porphyromonadaceae;g__Barnesiella;s__Barnesiella_intestinihominis	0.0247622121729	-0.0310306816127	-0.0153265187667	-0.0860886047662	-0.0348096389563	0.00914472496474	-0.0256171995959	-0.0241337149459	0.0117240266268	0.0283800807908	0.0160315915029	0.0941145067778	0.0210216922576	0.0192938839652	0.0476476283038	0.0304077252454	0.0022689180174	-0.0707883325973	1.0	-0.0313565684795	0.0217486259869	-0.0304350340341	0.0409873562094	0.025185079753	0.00666112360859	-0.0520991098563	-0.0344873807221	0.0575303237923	-0.0116657220938	0.0166303083897	0.00446182512374	-0.00506841703915	0.00575032399272	0.00755401223682	0.0196301908922	0.00901553133996	0.00108421525559	-0.046111521194	-0.0303299861711	-0.02292874295	-0.0168461849822	0.0254175533357	0.017267464452	-0.0272896059947	-0.102517093974	-0.00467402661064	0.00337648207344	-0.0629050663997	-0.0395658502531	-0.0365042036269	0.0671057270248	-0.0638935508752	-0.0780253549611	-0.0386779898997	-0.00426259031318	0.0407277813024	-0.0533099335581	0.0312032165664	-0.0254179839747
k__Bacteria;p__Bacteroidetes;c__Bacteroidia;o__Bacteroidales;f__Odoribacteraceae;g__Odoribacter;s__Odoribacter_splanchnicus	0.0442343679013	-0.0639113049933	0.0111742569184	0.0281149859222	-0.013062161121	-0.0343940311343	0.00150990464893	0.0104615919469	-0.00043172738044	-0.0262802137376	-0.0407134543498	-0.0458251785472	0.0273854921625	-0.0336754414182	-0.0143440751604	0.034006526162	-0.0098017298546	-0.0577429034687	-0.0313565684795	1.0	-0.0542822111526	-0.0440079211002	-0.0175466514415	-0.00470605793951	0.0022013728368	0.035107035934	0.0263377766653	-0.0142281628809	0.00213323096957	0.0501824503883	0.0256102695136	0.0490945818245	0.00971064493987	-0.0165613636396	-0.0130270592123	0.0320887521963	0.00816491702784	0.0606597859207	-0.042626351861	-0.0323625390197	-0.0128090064611	-0.0255517164942	0.00118129461341	-0.0730771384912	0.0406519115346	-0.0382827340068	0.0361607547282	0.0103075687637	0.0159118986025	0.0335769904965	-0.0321978656562	-0.0546330915627	0.0242844746543	0.0195702709673	0.0231636482596	0.00603964795018	0.0270467720724	-0.0219978997634	0.0304348761107
k__Bacteria;p__Bacteroidetes;c__Bacteroidia;o__Bacteroidales;f__Bacteroidaceae;g__Bacteroides;s__Bacteroides_salyersiae	0.0444432675425	-0.0461314316547	0.0189610032713	-0.0278696421162	-0.0278686079721	-0.000909528774456	0.0175766384012	-0.0172696407229	0.0462887871376	0.0635373943722	0.00846584575652	0.010155228141	-0.0439269282821	0.0422392609862	-0.00190489951041	0.0470184970668	-0.0485387209511	0.0261432941197	0.0217486259869	-0.0542822111526	1.0	0.049271706621	-0.00417515244927	0.0250455422613	-0.0101114606118	-0.0719127137172	0.0187221383371	-0.000667360573824	0.0461447592658	0.0246822861545	-0.0178411842695	-0.0554533643195	-0.0490523291711	0.00430197573056	0.0149728204868	0.00632902818573	-0.0907885362642	-0.0381941559446	0.0192762454753	0.00847178071107	0.0257092875043	0.0316513778847	-0.0210570981213	-0.0415516456297	-0.023135600379	-0.0135173284686	-0.0110389549969	0.0386609649436	-0.0454046114753	-0.0832378360656	-0.0416713127559	0.0142482674457	-0.0467761785068	0.0071487830342	-0.0405621868056	0.0212212274228	-0.045685511023	-0.056829638282	-0.0434399402886
k__Bacteria;p__Firmicutes;c__Clostridia;o__Clostridiales;f__Ruminococcaceae;g__Ruminiclostridium;s__[Eubacterium]_siraeum	0.0287007547738	0.0142454313987	-0.0158251569823	-0.0194741123525	-0.0445288627474	-0.0423609798579	-0.00158015699766	-0.0198734965238	0.00279845711505	-0.00409715554635	0.00858936527969	-0.034707754173	-0.0229449896334	0.00748685154154	-0.0540279794843	0.0186249536438	0.0289701560345	0.0218187706067	-0.0304350340341	-0.0440079211002	0.049271706621	1.0	0.0302570012962	-0.00688845033948	-0.0209898609297	0.0585070338656	-0.00975981307633	-0.0499116990131	0.0209752573663	0.0297652142314	-0.0642017141774	0.0164878935701	0.0208106164646	-0.0468982213558	0.00706977493446	-0.0359928289405	0.0148222627483	-0.00613386888571	0.0238994292152	-0.0174785028997	0.0174259551768	-0.00205712119823	0.0112043525453	-0.024432076774	-0.0278075006699	0.013359717964	0.0338822292291	-0.00226647227517	-0.0531578494738	-0.0579138117865	0.0266099754179	-0.010390957761	0.0145665667622	-0.00980648626541	0.00756961369642	-0.0672656694247	-0.0137832756068	4.60916248276e-05	-0.0265028535736
k__Bacteria;p__Proteobacteria;c__Betaproteobacteria;o__Burkholderiales;f__Sutterellaceae;g__Parasutterella;s__Parasutterella_excrementihominis	-0.0213572532553	0.00454359167581	0.0131929452449	-0.0075392742886	-0.00478353090287	-0.0963868575089	0.00524831078103	-0.0139877004977	-0.0113512005361	-0.0193965685119	-0.0580932638752	0.00151282275435	-0.00387368088923	0.013964870201	-0.0322969003493	0.03941006387	-0.00337656203035	0.00457718207774	0.0409873562094	-0.0175466514415	-0.00417515244927	0.0302570012962	1.0	0.0335810396635	0.0343256046227	-0.0370840173902	-0.0443158389375	-0.0869680908612	0.0119013604794	0.0238157978097	-0.0343676914153	0.05152616181	0.0340209921257	-0.0551916237627	-0.0378304007167	-0.0556613228337	-0.0387832424325	-0.0083943621138	0.0355188321523	0.00347049733379	-0.0309078569132	-0.0461226525842	-0.00573422532276	-0.0470409228981	-0.0279860595128	-0.0944052100172	0.0515153250276	-0.0858976094329	0.0345501110453	0.00149446563733	-0.00113529832129	-0.065302972062	0.0229333992947	-0.0180142562192	0.00590031191665	-0.00735660280895	-0.0295613876304	0.000273162989425	-0.0152262579692
k__Bacteria;p__Actinobacteria;c__Actinobacteria;o__Bifidobacteriales;f__Bifidobacteriaceae;g__Bifidobacterium;s__Bifidobacterium_adolescentis	0.00444495165085	0.00587082340425	-0.0234895033894	0.0481458728408	0.0360871365008	-0.0504661081124	-0.0333524107619	-0.0286128645631	-0.0188179599361	0.00500097551937	-0.0478408381944	0.0105783227166	0.00558076243548	-0.0205368627393	-0.0511814171359	0.0131618108252	-0.0647013246501	0.00513596750346	0.025185079753	-0.00470605793951	0.0250455422613	-0.00688845033948	0.0335810396635	1.0	-0.0357364622292	-0.0551675888218	-0.0654935159207	-0.0253025579625	-0.0560058417886	0.00263391306265	-0.00739445814516	0.0158240297712	0.0481565192153	0.0157536821065	-0.0435042095528	0.00730617621179	0.00988002251272	-0.0176132826306	0.0202444588814	-0.00277196210445	-0.0194408449093	0.0574851966605	-0.0585398333205	-0.0362346408531	-0.0581858212791	-0.037575502274	0.0821771862329	0.0121893927678	-0.0019304120174	-0.0262544052625	-0.0295734138311	0.00646445391744	-0.00344731024765	-0.0394038622092	-0.0121885119484	0.04181049803	0.0394478291805	-0.0604455169625	0.0487249004102
k__Bacteria;p__Firmicutes;c__Clostridia;o__Clostridiales;f__Oscillospiraceae;g__Oscillibacter;s__Oscillibacter_sp._KLE_1745	0.0062634362625	-0.0292157853519	-0.0288612082082	-0.0439249031438	-0.0816085640144	0.00936043862557	0.0229395472438	0.0193253732507	-0.0151236518575	-0.0042440658693	-0.062194815235	-0.0271709841773	-0.0335294125187	-0.0674188176222	-0.0128971035577	-0.0323983061992	0.0105881511319	-0.0416228322044	0.00666112360859	0.0022013728368	-0.0101114606118	-0.0209898609297	0.0343256046227	-0.0357364622292	1.0	-0.0190323596183	-0.0255694792592	0.0143390998941	-0.0471800221564	-0.0178904006227	-0.0245808754201	0.0508108286799	-0.0571790658175	-0.0163343955511	0.0471932170029	0.0224128147728	-0.0323237310111	0.0165277687973	0.0045061183476	0.0571132847996	0.0463623323267	-0.00732859699938	-0.0195302866244	0.0025684073111	0.00584396583476	0.045077954469	0.00519286305536	-0.0449797548619	-0.0380922452295	-0.00276101433625	0.0296715598994	0.0212031683051	-0.0210981657217	-0.0171083322969	0.0152419701556	-0.00618961897041	-0.00139931782477	-0.0437537440202	0.0329102056985
k__Bacteria;p__Bacteroidetes;c__Bacteroidia;o__Bacteroidales;f__Bacteroidaceae;g__Bacteroides;s__Bacteroides_coprophilus	-0.0333474914235	0.0455950455107	-0.000154107607213	0.00364959311205	-0.0225863776095	0.017766779486	0.0095138799425	-0.00324204393981	0.00268057808129	0.00685685750931	-0.0187226798153	0.00349036411548	0.0046810091529	-0.0152610937174	-0.0238041861176	-0.0501479338747	-0.0504537301896	0.0191532416159	-0.0520991098563	0.035107035934	-0.0719127137172	0.0585070338656	-0.0370840173902	-0.0551675888218	-0.0190323596183	1.0	0.00202317725431	-0.0275544244518	0.0103200561929	-0.015201224731	-0.0210017071773	-0.0639431272252	-0.0393640049467	0.0104310601506	0.0316659043923	0.0477161482451	-0.0160306345264	-0.0437261013371	0.0401105130029	0.0197755409094	-0.000391941170093	0.0203489907465	-0.0466226980398	0.119747316776	0.00571666721566	-0.0120473038242	-0.00521889840076	0.00115268574202	-0.0513932698717	0.0423192463376	0.00622804426501	-0.0781764196142	0.00615748890608	-0.0402184718634	-0.014552353113	-0.00783526796058	0.0694749455851	0.00185881392641	-0.0356455746286
k__Bacteria;p__Firmicutes;c__Clostridia;o__Clostridiales;f__Lachnospiraceae;g__Roseburia;s__Roseburia_intestinalis	-0.0116519689309	0.0327257395695	0.0155612230838	-0.0372748428417	0.011435041855	0.0250676718809	-0.0253667701904	0.01839337493	0.0155205889446	0.0182713019839	-0.0563818654217	0.0517131978601	-0.0394247217622	0.0829953947203	-0.0442844054706	-0.0276367159581	-0.00530513364226	0.00173820463637	-0.0344873807221	0.0263377766653	0.0187221383371	-0.00975981307633	-0.0443158389375	-0.0654935159207	-0.0255694792592	0.00202317725431	1.0	0.033324810763	0.0278247683795	-0.0343289975451	-0.0473169152308	0.0020447670611	0.0103812285505	-0.0170006801307	-0.0208314517238	0.01913375789	0.00808720363385	-0.0127596289507	-0.0341003491097	0.00387777055363	-0.0124049421019	0.0196993396611	-0.0277161324658	-0.0511855802862	0.0192516039584	-0.000872705043543	-0.0707253428667	0.0421419885612	-0.014276054692	0.0588583251034	0.0223322664264	-0.00277601785639	-0.0228813728047	-0.0666188563741	-0.0117419166487	0.0135306215892	-0.0207983966055	-0.0251521479139	-0.0182087376123
k__Bacteria;p__Firmicutes;c__Clostridia;o__Clostridiales;f__Lachnospiraceae;g__Roseburia;s__Roseburia_hominis	-0.0253095990243	-0.0365022743159	-0.0449463784908	-0.00232414060405	-0.0121270019782	-0.0395751619875	-0.0212140362404	-0.00764550852693	-0.0398800519733	-0.00276855996135	-0.0517871876036	0.00806847907119	0.0437898904368	0.0476459957503	-0.0254137631216	0.0591328526186	0.0166829698515	-0.0202080174207	0.0575303237923	-0.0142281628809	-0.000667360573824	-0.0499116990131	-0.0869680908612	-0.0253025579625	0.0143390998941	-0.0275544244518	0.033324810763	1.0	-0.0819880116472	-0.0189119021259	0.0276382154182	-0.0404449215339	-0.0468468823845	-0.0355382368524	-0.0267140888561	0.0160156747571	0.0434385769277	0.0104637679686	-0.0335008584329	0.0534272455282	0.0155437737417	-0.0139964137959	0.00257498452771	0.0248778884827	-0.0193621413412	0.0805806487508	-0.0482707972489	0.0346600064015	-0.0375561668275	-0.00933879731447	-0.00201482787553	-0.0766197015244	0.0635252668981	0.0455364403595	-0.0350420582013	-0.00575121834298	-0.0178810793259	-0.00408990309531	0.0268969916295
k__Bacteria;p__Bacteroidetes;c__Bacteroidia;o__Bacteroidales;f__Porphyromonadaceae;g__Parabacteroides;s__Parabacteroides_johnsonii	0.00560824118448	0.0101026600443	-0.0463039801639	0.00580854175794	0.0239250670118	-0.0237334230907	-0.00360662818057	0.0161894143411	0.0325377805926	-0.0296816106643	0.0285363781815	0.00949124534629	-0.00331313455643	0.0261333558815	-0.012292254163	-0.0596945138385	-0.00714682248841	0.0176761382655	-0.0116657220938	0.00213323096957	0.0461447592658	0.0209752573663	0.0119013604794	-0.0560058417886	-0.0471800221564	0.0103200561929	0.0278247683795	-0.0819880116472	1.0	0.0489828645981	-0.0296747285252	0.00205835247311	-0.0164446921524	-0.013425554258	0.00328965321968	-0.0295955380299	-0.0663625676486	-0.0551342457196	-0.060300774431	-0.0401064785986	-0.00714224370745	0.04409388732	-0.0418281059695	-0.0692931474144	-0.00283151880565	-0.0311768513353	-0.0424041958115	0.00453512242271	-0.0362388290346	0.028803722327	0.00935870611587	0.0647998162629	-0.0144315958918	0.066245157104	0.0192186637222	0.0116008436803	-0.052912920058	0.0253088972599	-0.0228332226597
k__Bacteria;p__Actinobacteria;c__Actinobacteria;o__Bifidobacteriales;f__Bifidobacteriaceae;g__Bifidobacterium;s__Bifidobacterium_longum	-0.0409142327496	0.00613055723891	-0.0692070267837	0.00946380055902	0.0376809355344	0.00131744688011	0.00707609547625	0.0717319205915	-0.0325082186932	0.00307087438357	-0.0429897620133	-0.00361857491391	-0.0204545618974	-0.0662397028644	0.0521226236595	0.0287731109431	-0.0331319977337	-0.019519076311	0.0166303083897	0.0501824503883	0.0246822861545	0.0297652142314	0.0238157978097	0.00263391306265	-0.0178904006227	-0.015201224731	-0.0343289975451	-0.0189119021259	0.0489828645981	1.0	-0.00573687737472	-0.052501635159	0.00391435317999	0.056145999769	-0.0543649024308	-0.0609109777886	0.0264859093588	0.00749667731312	0.00590076896556	0.0297610533727	0.0446446354636	0.0074570620878	0.0433697328812	0.00410480384872	-0.0522492687342	-0.00128656507489	-0.00528333635475	0.0305247679443	-0.0362614041911	0.0310258043769	-0.00899516222439	-0.00757095162858	-0.0396272350234	0.00157165689066	0.00147495684861	-0.00765305629043	-0.0248048342682	0.000277922822206	-0.0664482000371
