#taxonomy	k__Bacteria;p__Bacteroidetes;c__Bacteroidia;o__Bacteroidales;f__Bacteroidaceae;g__Bacteroides;s__Bacteroides_vulgatus	k__Bacteria;p__Bacteroidetes;c__Bacteroidia;o__Bacteroidales;f__Bacteroidaceae;g__Bacteroides;s__Bacteroides_uniformis	k__Bacteria;p__Bacteroidetes;c__Bacteroidia;o__Bacteroidales;f__Rikenellaceae;g__Alistipes;s__Alistipes_putredinis	k__Bacteria;p__Bacteroidetes;c__Bacteroidia;o__Bacteroidales;f__Prevotellaceae;g__Prevotella;s__Prevotella_copri	k__Bacteria;p__Bacteroidetes;c__Bacteroidia;o__Bacteroidales;f__Bacteroidaceae;g__Bacteroides;s__Bacteroides_stercoris	k__Bacteria;p__Bacteroidetes;c__Bacteroidia;o__Bacteroidales;f__Bacteroidaceae;g__Bacteroides;s__Bacteroides_ovatus	k__Bacteria;p__Bacteroidetes;c__Bacteroidia;o__Bacteroidales;f__Rikenellaceae;g__Alistipes;s__Alistipes_shahii	k__Bacteria;p__Firmicutes;c__Clostridia;o__Clostridiales;f__Ruminococcaceae;g__Faecalibacterium;s__Faecalibacterium_prausnitzii	k__Bacteria;p__Bacteroidetes;c__Bacteroidia;o__Bacteroidales;f__Rikenellaceae;g__Alistipes;s__Alistipes_finegoldii	k__Bacteria;p__Bacteroidetes;c__Bacteroidia;o__Bacteroidales;f__Porphyromonadaceae;g__Parabacteroides;s__Parabacteroides_distasonis	k__Bacteria;p__Bacteroidetes;c__Bacteroidia;o__Bacteroidales;f__Bacteroidaceae;g__Bacteroides;s__Bacteroides_thetaiotaomicron	k__Bacteria;p__Bacteroidetes;c__Bacteroidia;o__Bacteroidales;f__Bacteroidaceae;g__Bacteroides;s__Bacteroides_coprocola	k__Bacteria;p__Bacteroidetes;c__Bacteroidia;o__Bacteroidales;f__Bacteroidaceae;g__Bacteroides;s__Bacteroides_cellulosilyticus	k__Bacteria;p__Bacteroidetes;c__Bacteroidia;o__Bacteroidales;f__Rikenellaceae;g__Alistipes;s__Alistipes_obesi	k__Bacteria;p__Firmicutes;c__Clostridia;o__Clostridiales;f__Lachnospiraceae;g__;s__[Eubacterium]_rectale	k__Bacteria;p__Bacteroidetes;c__Bacteroidia;o__Bacteroidales;f__Bacteroidaceae;g__Bacteroides;s__Bacteroides_plebeius	k__Bacteria;p__Bacteroidetes;c__Bacteroidia;o__Bacteroidales;f__Bacteroidaceae;g__Bacteroides;s__Bacteroides_fragilis	k__Bacteria;p__Proteobacteria;c__Betaproteobacteria;o__Burkholderiales;f__Sutterellaceae;g__Sutterella;s__Sutterella_wadsworthensis	k__Bacteria;p__Bacteroidetes;c__Bacteroidia;o__Bacteroidales;f__Porphyromonadaceae;g__Barnesiella;s__Barnesiella_intestinihominis	k__Bacteria;p__Bacteroidetes;c__Bacteroidia;o__Bacteroidales;f__Odoribacteraceae;g__Odoribacter;s__Odoribacter_splanchnicus	k__Bacteria;p__Bacteroidetes;c__Bacteroidia;o__Bacteroidales;f__Bacteroidaceae;g__Bacteroides;s__Bacteroides_salyersiae	k__Bacteria;p__Firmicutes;c__Clostridia;o__Clostridiales;f__Ruminococcaceae;g__Ruminiclostridium;s__[Eubacterium]_siraeum	k__Bacteria;p__Proteobacteria;c__Betaproteobacteria;o__Burkholderiales;f__Sutterellaceae;g__Parasutterella;s__Parasutterella_excrementihominis	k__Bacteria;p__Actinobacteria;c__Actinobacteria;o__Bifidobacteriales;f__Bifidobacteriaceae;g__Bifidobacterium;s__Bifidobacterium_adolescentis	k__Bacteria;p__Firmicutes;c__Clostridia;o__Clostridiales;f__Oscillospiraceae;g__Oscillibacter;s__Oscillibacter_sp._KLE_1745	k__Bacteria;p__Bacteroidetes;c__Bacteroidia;o__Bacteroidales;f__Bacteroidaceae;g__Bacteroides;s__Bacteroides_coprophilus	k__Bacteria;p__Firmicutes;c__Clostridia;o__Clostridiales;f__Lachnospiraceae;g__Roseburia;s__Roseburia_intestinalis	k__Bacteria;p__Firmicutes;c__Clostridia;o__Clostridiales;f__Lachnospiraceae;g__Roseburia;s__Roseburia_hominis	k__Bacteria;p__Bacteroidetes;c__Bacteroidia;o__Bacteroidales;f__Porphyromonadaceae;g__Parabacteroides;s__Parabacteroides_johnsonii	k__Bacteria;p__Actinobacteria;c__Actinobacteria;o__Bifidobacteriales;f__Bifidobacteriaceae;g__Bifidobacterium;s__Bifidobacterium_longum	k__Bacteria;p__Firmicutes;c__Clostridia;o__Clostridiales;f__;g__Flavonifractor;s__Flavonifractor_plautii	k__Bacteria;p__Firmicutes;c__Clostridia;o__Clostridiales;f__Clostridiaceae;g__Clostridium;s__Clostridium_phoceensis	k__Bacteria;p__Verrucomicrobia;c__Verrucomicrobiae;o__Verrucomicrobiales;f__Akkermansiaceae;g__Akkermansia;s__Akkermansia_muciniphila	k__Bacteria;p__Bacteroidetes;c__Bacteroidia;o__Bacteroidales;f__Prevotellaceae;g__Paraprevotella;s__Paraprevotella_xylaniphila	k__Bacteria;p__Firmicutes;c__Clostridia;o__Clostridiales;f__Ruminococcaceae;g__Ruminococcus;s__Ruminococcus_callidus	k__Bacteria;p__Bacteroidetes;c__Bacteroidia;o__Bacteroidales;f__Rikenellaceae;g__Alistipes;s__Alistipes_senegalensis	k__Bacteria;p__Firmicutes;c__Clostridia;o__Clostridiales;f__Lachnospiraceae;g__Blautia;s__Blautia_sp._KLE_1732	k__Bacteria;p__Bacteroidetes;c__Bacteroidia;o__Bacteroidales;f__Bacteroidaceae;g__Bacteroides;s__Bacteroides_oleiciplenus	k__Bacteria;p__Firmicutes;c__Clostridia;o__Clostridiales;f__Ruminococcaceae;g__Ruminococcus;s__Ruminococcus_bicirculans	k__Bacteria;p__Bacteroidetes;c__Bacteroidia;o__Bacteroidales;f__Bacteroidaceae;g__Bacteroides;s__Bacteroides_fluxus	k__Bacteria;p__Bacteroidetes;c__Bacteroidia;o__Bacteroidales;f__Prevotellaceae;g__Prevotella;s__Prevotella_stercorea	k__Bacteria;p__Firmicutes;c__Clostridia;o__Clostridiales;f__Lachnospiraceae;g__Dorea;s__Dorea_longicatena	k__Bacteria;p__Firmicutes;c__Clostridia;o__Clostridiales;f__Eubacteriaceae;g__Eubacterium;s__[Eubacterium]_eligens	k__Bacteria;p__Firmicutes;c__Clostridia;o__Clostridiales;f__Ruminococcaceae;g__;s__Ruminococcaceae_bacterium_D16	k__Bacteria;p__Firmicutes;c__Clostridia;o__Clostridiales;f__Lachnospiraceae;g__Coprococcus;s__Coprococcus_comes	k__Bacteria;p__Proteobacteria;c__Gammaproteobacteria;o__Enterobacterales;f__Enterobacteriaceae;g__Escherichia;s__Escherichia_coli	k__Bacteria;p__Firmicutes;c__Clostridia;o__Clostridiales;f__Ruminococcaceae;g__Anaerotruncus;s__Anaerotruncus_colihominis	k__Bacteria;p__Firmicutes;c__Clostridia;o__Clostridiales;f__Lachnospiraceae;g__Blautia;s__Blautia_obeum	k__Bacteria;p__Bacteroidetes;c__Bacteroidia;o__Bacteroidales;f__Odoribacteraceae;g__Odoribacter;s__Odoribacter_laneus	k__Bacteria;p__Firmicutes;c__Clostridia;o__Clostridiales;f__Ruminococcaceae;g__Ruminiclostridium;s__[Clostridium]_leptum	k__Bacteria;p__Bacteroidetes;c__Bacteroidia;o__Bacteroidales;f__Porphyromonadaceae;g__Parabacteroides;s__Parabacteroides_goldsteinii	k__Bacteria;p__Firmicutes;c__Clostridia;o__Clostridiales;f__Lachnospiraceae;g__Anaerostipes;s__Anaerostipes_hadrus	k__Bacteria;p__Firmicutes;c__Clostridia;o__Clostridiales;f__Ruminococcaceae;g__Ruminococcus;s__Ruminococcus_lactaris	k__Bacteria;p__Firmicutes;c__Clostridia;o__Clostridiales;f__Clostridiaceae;g__Clostridium;s__Clostridium_sp._L2-50	k__Bacteria;p__Firmicutes;c__Clostridia;o__Clostridiales;f__Clostridiaceae;g__Clostridium;s__Clostridium_sp._M62/1	k__Bacteria;p__Firmicutes;c__Clostridia;o__Clostridiales;f__;g__Intestinimonas;s__Intestinimonas_butyriciproducens	k__Bacteria;p__Actinobacteria;c__Actinobacteria;o__Bifidobacteriales;f__Bifidobacteriaceae;g__Bifidobacterium;s__Bifidobacterium_bifidum	k__Bacteria;p__Firmicutes;c__Negativicutes;o__Veillonellales;f__Veillonellaceae;g__Dialister;s__Dialister_invisus	k__Bacteria;p__Bacteroidetes;c__Bacteroidia;o__Bacteroidales;f__Bacteroidaceae;g__Bacteroides;s__Bacteroides_salanitronis
k__Bacteria;p__Bacteroidetes;c__Bacteroidia;o__Bacteroidales;f__Bacteroidaceae;g__Bacteroides;s__Bacteroides_vulgatus	1.0	0.0671374831294	-0.0183837584548	0.0193844081136	-0.00215706838938	-0.00983784224929	-0.0226746449765	-0.0102182931536	-0.0590856052019	-0.0101464242935	-0.0354108909634	-0.0373714268271	0.0223166387885	-0.0325649051093	-0.0651489634874	-0.0463901568165	0.0019307243678	0.00262061164062	0.0223958613161	0.0138830774002	0.0435664009136	-0.00375021450732	0.00327203316391	-0.0390859238815	0.0185172853945	-0.0266549918858	-0.0143322195619	-0.0296725885364	-0.0145807220328	-0.025671916756	-0.0285831383919	-0.0859756166621	-0.00753310127571	-0.0305006630535	-0.0437276760887	0.0507065920408	-0.0356369650487	-0.0221407977322	-0.075656640519	0.0158717103625	-0.0108321549228	-0.021963640035	0.0127482361693	-0.0178406464613	-0.0175107646066	-0.0730588815195	-0.0124994968924	0.0649466113665	-0.00570426822278	-0.0409576499853	0.0399663697744	-0.0141509648198	0.0358657009981	-0.00325969753576	-0.0121182801966	0.00372281665455	0.030167316661	-0.0798717562283	0.0379644388278
k__Bacteria;p__Bacteroidetes;c__Bacteroidia;o__Bacteroidales;f__Bacteroidaceae;g__Bacteroides;s__Bacteroides_uniformis	0.0671374831294	1.0	0.0140715968718	0.00369094447846	-0.0155891181751	-0.0381294150725	0.00796625299824	-0.0334263447698	-0.0540419210204	-0.00493292684367	0.017381086472	-0.00726030245543	-0.0885593557082	0.0409837143333	-0.0296364634548	-0.0299422640919	0.0233023525401	0.00685443007526	0.0267645135016	0.0108469015913	0.0537289005776	0.0255603272883	-0.0259984859753	-0.0752571423647	-0.0241988668251	-0.0262615542005	-0.0868187740677	-0.0644105403049	-0.0424826672189	-0.0220127670583	0.0107515373763	-0.0631793354141	-0.0339632861709	-0.0390455911444	0.0223108746336	-0.0341174459024	-0.054758390917	0.0177894195328	-0.0823764396468	-0.0373962212972	-0.0135274905634	-0.0374063908332	0.0440505015168	0.0210293577137	0.0515671048997	-0.0078582081588	0.0628323513219	-0.000827185787039	-0.0325182015016	-0.0360822304883	0.00159043207407	0.0255378872299	0.00386082529993	-0.0222639481399	-0.0304343040093	-0.0333684715585	0.0257987972325	-0.0171740917501	0.0296409326712
k__Bacteria;p__Bacteroidetes;c__Bacteroidia;o__Bacteroidales;f__Rikenellaceae;g__Alistipes;s__Alistipes_putredinis	-0.0183837584548	0.0140715968718	1.0	0.0219032612157	0.0200130138417	0.00446389678968	0.0544601622373	-0.0175085854934	-0.00176672955381	0.0193215245383	-0.0780149179058	-0.0184554933102	-0.0564748756785	-0.00901359996244	-0.00335198740119	0.0107478266056	-0.0295318079643	-0.026319940946	0.0543670358314	0.0368832742505	-0.0170333139931	0.0218572724574	0.0453235209014	-0.0101087347213	0.0230032707866	-0.0685696784169	0.0148128611295	-0.0297339715082	0.0421011570505	0.00736051949916	-0.0063710951602	-0.0292670995294	0.0492984265687	-0.00140021432851	-0.0217472027258	-0.0418020692501	0.0233657139131	-0.00210363298147	0.0224888381288	-0.0242552462346	-0.00332321338198	-0.00435354842116	-0.0568639008966	-0.0167214517247	0.0115129350488	-0.0383478597092	0.0484922941014	-0.0197811821899	0.00785847097388	0.0150107810578	-0.027242464017	-0.0150924009829	-0.00246994609333	-0.0359999382068	0.0022799422796	-0.00771170402043	-0.0317468480196	-0.0502481800953	-0.0232867313842
k__Bacteria;p__Bacteroidetes;c__Bacteroidia;o__Bacteroidales;f__Prevotellaceae;g__Prevotella;s__Prevotella_copri	0.0193844081136	0.00369094447846	0.0219032612157	1.0	-0.0691688251703	-0.0285097182689	-0.000672145050281	0.0204999457358	0.0107456292604	0.0429935936146	0.0191853063143	-0.0170826051091	-0.00413742331016	-0.0473081329098	-0.0213181663639	-0.0769604017354	0.0130289673547	-0.0119805219475	0.00591078253355	-0.0163146720135	0.030895070193	-0.0414078363138	-0.0224664211248	-0.0105347390101	0.0279111260679	-0.0319691153496	-0.0222042445735	0.0264959506392	-0.0208781709325	-0.00746880391433	-0.012153958428	0.00526806705442	-0.0318375481631	-0.0522494253121	-0.0207640373299	-0.0161405675414	-0.01984190384	0.0153447627366	-0.00756952373099	-0.0599274083471	-0.0213794140397	-0.0678820108976	-0.00324348062158	0.0158854582575	-0.00273106861489	-0.0129956843553	0.0129901320824	-0.0375252973092	-0.0409134048791	0.00347902959109	0.0353070684547	0.0274275887506	-0.0150876031219	-0.0315639298048	0.00563016952952	0.0106200021028	0.00028254234976	0.0168495798403	-0.027559001409
k__Bacteria;p__Bacteroidetes;c__Bacteroidia;o__Bacteroidales;f__Bacteroidaceae;g__Bacteroides;s__Bacteroides_stercoris	-0.00215706838938	-0.0155891181751	0.0200130138417	-0.0691688251703	1.0	0.00393843893885	0.00469436066559	-0.0251725052149	0.0243069293535	-0.0363815936467	-0.0926046356262	0.0136043006416	-0.015387114663	0.0372338737078	-0.026321110556	0.0105280597909	0.0234357508842	0.0211739746932	0.0379393495255	-0.0279073207033	0.0182907146008	-0.0286721336129	0.00209369190139	-0.00557988258731	-0.041799576089	0.0515071455029	0.00121659860059	-0.0178734471085	-0.0789015490496	0.00442078600309	-0.00674147367271	0.00345644899541	0.00954629263572	-0.0496140913433	0.0531062994798	-0.0110686368804	-0.0531136956798	0.0298801776284	0.0127847452893	-0.0833583352001	-0.0426425891659	-0.0230538945155	-0.0243786528953	0.0260914352031	-0.0264920584713	0.0200238643027	-0.0347859479288	-0.0175602525885	-0.119135198763	0.0243284255274	-0.0303843022433	-0.0362147294116	-0.0110580151861	-0.0523138724609	-0.0303083478166	0.0771144960407	-0.0434317511843	0.0417578496393	-0.0105167054797
k__Bacteria;p__Bacteroidetes;c__Bacteroidia;o__Bacteroidales;f__Bacteroidaceae;g__Bacteroides;s__Bacteroides_ovatus	-0.00983784224929	-0.0381294150725	0.00446389678968	-0.0285097182689	0.00393843893885	1.0	0.0463961190229	-0.0129694022566	-0.0138141390693	0.028709807799	0.0763221194519	0.00868000443505	0.0239338112137	-0.011238316925	-0.0495230394638	-0.0268695366507	0.00554069162947	0.0175113249746	-0.027404425287	-0.0720195362084	-0.0664596924652	-0.0342378035658	0.055042963256	0.0288912276692	0.0256764781887	-0.0149503784541	-0.0399667209344	0.00159584930437	-0.0288504216711	-0.0210463480588	0.0311660000054	0.00250077506839	-0.0598946042606	0.0142822610769	-0.0724436172625	0.027357403494	-0.0190894807061	-0.0212506334583	0.0105999279214	-0.0297559794984	0.0404528313702	0.0130257218289	-0.0406069943883	0.0379447098854	0.0305497607812	-0.0251435739591	-0.00920451992777	-0.0431422360538	0.0052730552152	-0.0382832732172	-0.0453095074066	-0.0544513201192	-0.0913734353821	0.0227430629414	0.00123456985758	-0.0142978119751	-0.00629597283265	-0.0171950626529	0.00351053705203
k__Bacteria;p__Bacteroidetes;c__Bacteroidia;o__Bacteroidales;f__Rikenellaceae;g__Alistipes;s__Alistipes_shahii	-0.0226746449765	0.00796625299824	0.0544601622373	-0.000672145050281	0.00469436066558	0.0463961190229	1.0	-0.0427261755805	-0.0798457597736	-0.0389664767032	-0.0700324301978	0.0652874896999	-0.0570360662028	0.0037814255834	-0.0120892316024	-0.00205814912236	-0.00374527147099	-0.000540391217729	-0.0100982145512	-0.015019327625	0.0262193538355	0.0137352719764	0.000521127914577	0.0228385511604	-0.0214829775641	-0.00789044025234	0.0220196484389	-0.0521159587494	0.0246509310691	-0.028745858677	-0.0179771354224	-0.0405005755821	0.00564522374783	-0.0154648484262	-0.0261009393595	0.00243076383597	-0.0140660128184	-0.00498825357475	-0.00886225921783	-0.039205939995	-0.0336509437584	-0.0430711110386	-0.0233693981484	-0.00614065971226	-0.0537832377522	0.0238721624631	0.0663355050333	-0.0036297855199	-0.0131772622742	-0.0215884771174	-0.066295281181	-0.0180483419402	0.042210571599	0.00540635610468	-0.0474912242264	-0.0161674592802	-0.00658637594524	-0.000353343455551	0.0109515674902
k__Bacteria;p__Firmicutes;c__Clostridia;o__Clostridiales;f__Ruminococcaceae;g__Faecalibacterium;s__Faecalibacterium_prausnitzii	-0.0102182931536	-0.0334263447698	-0.0175085854934	0.0204999457358	-0.0251725052149	-0.0129694022566	-0.0427261755805	1.0	0.0468431801863	-0.0387865259277	0.00643130547607	0.0212884676334	-0.00464791788691	-0.07737551342	0.00356799394891	0.0296333832518	-0.00500152143684	-0.00563684180415	0.00727983377846	0.00912508172239	-0.0203669277009	0.000103047522167	0.0213074969167	0.0110996854027	0.0104376096855	-0.0531173941134	0.00211772177895	0.00689578457662	0.0534875749131	-0.0222040000504	0.0440364832427	-0.00242916647575	0.0278006539832	-0.00379383685548	0.00156235679901	0.0111060088411	-0.0186118696549	-0.0487662532093	-0.0138679081364	0.0257706320909	0.0268033948895	-0.00633966964295	-0.0484789317967	-0.063289249936	-0.0411315540733	-0.0160359624289	-0.0570285537237	-0.00867640514189	-0.0389498490292	-0.0317946689522	0.0385210822864	0.0440698322351	-0.0195229327052	-0.00442183027559	-0.00895852392195	-0.0465470225627	0.0921865959491	-0.0315171750581	-0.00888314954041
k__Bacteria;p__Bacteroidetes;c__Bacteroidia;o__Bacteroidales;f__Rikenellaceae;g__Alistipes;s__Alistipes_finegoldii	-0.0590856052019	-0.0540419210204	-0.00176672955381	0.0107456292604	0.0243069293535	-0.0138141390693	-0.0798457597736	0.0468431801863	1.0	0.0109691398018	0.0154194721548	-0.0263998664784	0.0134470043586	-0.0506692520885	-0.0566706205706	0.0138633290229	-0.0140296890473	-0.0050380202083	-0.00852521080987	0.0226692914423	0.0516455004524	-0.0820685109563	0.0220468555749	0.052080217818	-0.0259047215681	-0.0196311129365	0.0117274860186	-0.0351485338376	0.0188644423078	-0.0218485224233	0.0132889608083	0.00110323449295	-0.0108190562057	-0.0385370586954	-0.059184943226	-0.00155774814904	0.0332341926614	0.0500093471639	-0.0126578749817	0.010778271478	0.0386793188142	0.00580445180935	-0.00240280008738	0.0500060520553	-0.00768638365598	0.0438290393713	-0.0498630597091	-0.02592605424	-0.014466520234	-0.0119711578555	-0.0362912427962	-0.00103711912887	-0.0549625685015	-0.0181889298001	-0.0596871750938	0.02201250114	-0.00425719328179	0.0135518251648	0.0144538205082
k__Bacteria;p__Bacteroidetes;c__Bacteroidia;o__Bacteroidales;f__Porphyromonadaceae;g__Parabacteroides;s__Parabacteroides_distasonis	-0.0101464242935	-0.00493292684367	0.0193215245383	0.0429935936146	-0.0363815936467	0.028709807799	-0.0389664767032	-0.0387865259277	0.0109691398018	1.0	-0.00333512901615	-0.054969363637	-0.0223683840677	0.0204947143883	-0.0120626035617	0.0118864635088	-0.0305056845903	-0.0150190950536	-0.00661768600896	0.0255908503365	0.0192645643079	0.0264583677944	-0.0742479838377	0.0190385913053	0.0102792478803	-0.0637817332741	0.0349311835722	0.0147800294014	-0.0380158415457	-0.00873540883511	0.0561418839548	0.0444507700111	0.00673612258767	0.0417420604443	-0.0135708939553	-0.0529293786912	0.000827339019507	-0.0525791811329	-0.0137598427849	-0.0558177077166	-0.011382240432	-0.0443268381028	-0.0106708463576	-0.0347147568055	0.00878750798908	-0.00673973779659	0.0119680041736	0.0205606105457	-0.0395788392966	-0.00321676005849	0.00189793236123	0.0254335821621	-0.0463210598541	0.015759894434	-0.022649613026	-0.0649471777203	-0.0365153313159	-0.061148362669	0.0168571735136
k__Bacteria;p__Bacteroidetes;c__Bacteroidia;o__Bacteroidales;f__Bacteroidaceae;g__Bacteroides;s__Bacteroides_thetaiotaomicron	-0.0354108909634	0.017381086472	-0.0780149179058	0.0191853063143	-0.0926046356262	0.0763221194519	-0.0700324301978	0.00643130547607	0.0154194721548	-0.00333512901615	1.0	-0.00133086601732	0.0165426127771	-0.0259907517177	0.0465593430416	-0.0806356732875	0.0417393103716	0.0180378582478	0.0211395400821	0.0911877415335	-0.0149345463278	-0.00126861306273	0.000913600256601	-0.0156966980143	-0.0608854567583	0.0430277650641	0.0148417092593	-0.00541028492895	-0.0531895546181	0.00171454607503	-0.0480710899485	0.0129071538487	-0.00482886679758	0.00443902409502	-0.0254592389615	-0.00812554627392	0.0282670612828	0.053104368754	-0.000826422751338	-0.0259867811318	0.0533039508176	-0.0208792752614	-0.0303463867939	-0.0340405598621	0.0275546889374	-0.0204930060456	-0.101308192282	0.0298230222129	0.0325525564021	0.0201561974129	-0.0291065458726	-0.0394986588682	-0.0597171197229	0.090362484689	-0.00653323370716	-0.0705049208875	0.0344338576666	-0.0131999719883	-0.0455832570486
k__Bacteria;p__Bacteroidetes;c__Bacteroidia;o__Bacteroidales;f__Bacteroidaceae;g__Bacteroides;s__Bacteroides_coprocola	-0.0373714268271	-0.00726030245543	-0.0184554933102	-0.0170826051091	0.0136043006416	0.00868000443505	0.0652874896999	0.0212884676334	-0.0263998664784	-0.054969363637	-0.00133086601732	1.0	-0.0168981167652	0.0128245098757	-0.00567720003329	0.0187512283644	-0.0238918677099	0.00928388895374	-0.0229076795349	-0.00246192785789	-0.0486332579453	0.0291859356565	0.0132770469616	0.0185236253174	-0.0475716848101	-0.068370302889	0.023097882955	0.013300065804	0.013583942378	-0.025945713869	-0.0096628143489	-0.0357730643529	-0.0168249217147	-0.0201850796514	-0.0146077609162	0.0133337823088	-0.0601426247664	0.000865039126887	-0.0340930153159	0.0339397916595	0.00729510835445	-0.00251501759584	-0.0339883964627	-0.0151135708419	0.0349178296761	0.0381749253083	-0.0051331354603	-0.0230697334677	0.00864835852287	-0.00366931534943	-0.0441686129192	0.0417688678136	0.00601815555004	-0.0107412559453	0.0539404604099	-0.0158047453006	-0.0820473717147	-0.00275119937353	-0.0107044121679
k__Bacteria;p__Bacteroidetes;c__Bacteroidia;o__Bacteroidales;f__Bacteroidaceae;g__Bacteroides;s__Bacteroides_cellulosilyticus	0.0223166387885	-0.0885593557082	-0.0564748756785	-0.00413742331016	-0.015387114663	0.0239338112137	-0.0570360662028	-0.00464791788691	0.0134470043586	-0.0223683840677	0.0165426127771	-0.0168981167652	1.0	0.0465157071261	-0.0255699385635	0.0574679956039	-0.0286911161517	-0.0133776274414	-0.0321461791915	0.0174586015958	-0.0419751509953	-0.0541425782182	-0.00707663679003	-0.0101051896526	-0.000110483004365	0.0389169111061	0.0131990430562	0.00331162999273	0.0385204317813	0.00086601780237	-0.0348382255351	-0.0408787486014	0.0129590580871	0.0347905271731	-0.0407159728232	-0.0137854974995	-0.0331424122804	0.0146509332585	0.0224229182846	-0.0793622940996	-0.0614370023994	0.0534893708404	0.0496979907582	0.0218138909714	-0.0512325316878	-0.069284915352	-0.00596421609142	0.0660188894142	0.0645597597331	-0.0356651020598	0.0039467493611	-0.00029489473176	0.050360867005	0.00799568060823	-0.0385715248872	-0.0129535234628	-0.036055504264	-0.0660547795426	-0.036235792308
k__Bacteria;p__Bacteroidetes;c__Bacteroidia;o__Bacteroidales;f__Rikenellaceae;g__Alistipes;s__Alistipes_obesi	-0.0325649051093	0.0409837143333	-0.00901359996244	-0.0473081329098	0.0372338737078	-0.011238316925	0.0037814255834	-0.07737551342	-0.0506692520885	0.0204947143883	-0.0259907517177	0.0128245098757	0.0465157071261	1.0	-0.0380874271324	-0.073768164038	0.0105686096111	0.00515013867415	-0.038857174582	-0.0202796757189	0.0225577257578	0.00348379971515	-0.00456910559861	-0.0380514647471	0.00427321518639	-0.0545255286753	0.00313522510698	0.00747941315864	-0.0527731482556	-0.0110391139374	0.00258794636275	-0.0433738826059	0.021468717611	-0.0217133001427	0.00880668601924	-0.00312261103947	-0.021961079743	-0.0120386337372	0.0049666883233	-0.0271610161256	0.0140535421471	0.0290498290596	9.81428574505e-05	0.0146115574979	-0.0236426137045	-0.0371350635081	0.036667809999	-0.0177265449189	-0.0303014121042	0.0340095976875	0.0106625810766	-0.0380456150127	0.000342105867101	-0.0166652494586	-0.00106961248231	-0.013257162673	-0.0421355799332	-0.0613207544886	0.00239199859821
k__Bacteria;p__Firmicutes;c__Clostridia;o__Clostridiales;f__Lachnospiraceae;g__;s__[Eubacterium]_rectale	-0.0651489634874	-0.0296364634548	-0.00335198740119	-0.0213181663639	-0.026321110556	-0.0495230394638	-0.0120892316024	0.00356799394891	-0.0566706205706	-0.0120626035617	0.0465593430416	-0.00567720003329	-0.0255699385635	-0.0380874271324	1.0	-0.0338050806668	0.00475616983151	0.0205870659614	-0.0018222988997	0.0622596912984	-0.0264454496354	-0.00974810699866	0.0103079870522	-0.014731907819	-0.0106895218589	-0.019878890907	0.0795711962921	0.0465963525388	-0.0597231499257	0.0555438356071	0.00573244809866	0.0499646790741	-0.00255215211492	-0.0349347348005	0.0379448520617	-0.00199009864615	-0.0208631142577	0.00991189735706	-0.0199149086601	0.0292954442536	-0.0450443809428	0.00185036562141	-0.0175802427402	-0.0136827013578	-0.018168756858	0.0264941490706	0.011076372597	-0.0343620395082	0.00396186225527	0.00281433632428	-0.0013511464353	-0.000663507653973	-0.0573455883438	-0.036113308649	0.00842267615409	-0.0294299288928	-0.00890050720616	-0.0246471613563	-0.0313758190684
k__Bacteria;p__Bacteroidetes;c__Bacteroidia;o__Bacteroidales;f__Bacteroidaceae;g__Bacteroides;s__Bacteroides_plebeius	-0.0463901568165	-0.0299422640919	0.0107478266056	-0.0769604017354	0.0105280597909	-0.0268695366507	-0.00205814912236	0.0296333832518	0.0138633290229	0.0118864635088	-0.0806356732875	0.0187512283644	0.0574679956039	-0.073768164038	-0.0338050806668	1.0	-0.0104340997356	0.0599885665014	-0.0512282235474	0.0351268170047	0.00450007324398	-0.0976291232291	-0.033075032895	-0.0475474902394	0.0643187762405	0.0338050769653	0.0124057400431	0.0880840909346	-0.0217489943723	-0.0498914639752	0.0213165643688	0.0239387434418	-0.00916704023928	0.0218108035587	0.0142612865804	-0.00898002737268	0.00837951943814	0.0137760334894	0.0109176522152	-0.0529804378662	-0.00915955771705	0.0564325474014	-0.0854924791566	-0.0267696510318	-0.0153994577227	-0.0474574022446	0.0639171483475	0.00522275746398	-0.0396747972123	-0.00351177160218	-0.0119600438249	-0.0545700819667	-0.0108439875097	-0.0753292747616	-0.00675767249113	-0.0331541989319	-0.0743058766295	-0.00237457123314	0.0523108596467
k__Bacteria;p__Bacteroidetes;c__Bacteroidia;o__Bacteroidales;f__Bacteroidaceae;g__Bacteroides;s__Bacteroides_fragilis	0.0019307243678	0.0233023525401	-0.0295318079643	0.0130289673547	0.0234357508842	0.00554069162947	-0.00374527147099	-0.00500152143684	-0.0140296890473	-0.0305056845903	0.0417393103716	-0.0238918677099	-0.0286911161517	0.0105686096111	0.00475616983151	-0.0104340997356	1.0	0.0242762750597	0.066688310452	0.0331074561734	-0.00944682598859	0.0253751101344	-0.00804742262277	-0.0241401660836	0.00196534645121	-0.0326678200903	0.00371699224646	0.0110883666916	-0.0227560958571	0.00693254117052	-0.0369207900033	-0.00481284485873	-0.0118864759982	-0.00244994831105	0.0462138245559	0.0312836682359	-0.0400165129257	-0.00595781239606	-0.023213431604	-0.00742389572501	0.0400981077367	-0.00667725592803	-0.0510207533572	-0.104812104012	-0.02782251997	-0.029482126685	0.015808354931	-0.0388867715285	-0.0307607931878	-0.0169969960746	0.00714221197091	0.00832742153351	0.00468496586435	-0.0385807246242	-0.0285020857899	-0.00529843478285	0.0377811244695	0.0341091400869	-0.0353521421534
k__Bacteria;p__Proteobacteria;c__Betaproteobacteria;o__Burkholderiales;f__Sutterellaceae;g__Sutterella;s__Sutterella_wadsworthensis	0.00262061164062	0.00685443007526	-0.026319940946	-0.0119805219475	0.0211739746932	0.0175113249746	-0.000540391217729	-0.00563684180415	-0.0050380202083	-0.0150190950536	0.0180378582478	0.00928388895374	-0.0133776274414	0.00515013867415	0.0205870659614	0.0599885665014	0.0242762750597	1.0	-0.00614155137396	0.0179534445088	-0.0690247227417	0.0137947836987	-0.026962624892	-0.00911738940233	-0.00012466071263	0.00351004936167	0.0178860481244	0.0134886345454	-0.0114524415204	-3.39978330434e-05	-0.00526175239275	0.0251711327815	-0.00932320593325	-0.0462650199736	-0.0193412563737	-0.0582560994003	0.0236500721895	-0.0647427261004	-0.0284632107649	0.00304988398718	-0.0680008890273	-0.0424382283432	-0.0310234497344	-0.017675954612	-0.0128183980049	-0.00794590182204	0.058142286798	-0.0283719352096	-0.0101746206713	-0.0132461459146	-0.0295743775327	-0.00781893551401	-0.0234632886385	-0.007112486454	0.000932212996063	0.0629599098902	-0.0416073457379	-0.0111955715217	0.0168749066182
k__Bacteria;p__Bacteroidetes;c__Bacteroidia;o__Bacteroidales;f__Porphyromonadaceae;g__Barnesiella;s__Barnesiella_intestinihominis	0.0223958613161	0.0267645135016	0.0543670358314	0.00591078253355	0.0379393495255	-0.027404425287	-0.0100982145512	0.00727983377846	-0.00852521080987	-0.00661768600896	0.0211395400821	-0.0229076795349	-0.0321461791915	-0.038857174582	-0.0018222988997	-0.0512282235474	0.066688310452	-0.00614155137396	1.0	-0.0316533575121	0.000102955910413	-0.0105337959809	-0.0181434667362	-0.0150059395765	-0.0114925458313	0.0200625358504	0.0115109705192	-0.031346069737	-0.0159213019697	-0.0172985648327	-0.0382417232511	0.0138975688513	-0.00560220442625	-0.028560293596	-0.0371090718674	-0.00481190630837	0.00129675139273	-0.0275594440509	-0.00835719034136	0.00687348297703	-0.00146910530717	-0.0149143338485	0.0223980315428	-0.00804725088984	-0.054841964258	0.0761221654205	0.00710595302123	0.0217735949004	0.0210453766749	-0.0303797990245	-0.0243636214795	0.0146360689557	0.0300836211379	-0.0345920028246	0.0830562599763	0.0137954605647	-0.079071938936	-0.0233640339358	-0.0235913606025
k__Bacteria;p__Bacteroidetes;c__Bacteroidia;o__Bacteroidales;f__Odoribacteraceae;g__Odoribacter;s__Odoribacter_splanchnicus	0.0138830774002	0.0108469015913	0.0368832742505	-0.0163146720135	-0.0279073207033	-0.0720195362084	-0.015019327625	0.00912508172239	0.0226692914423	0.0255908503365	0.0911877415335	-0.00246192785789	0.0174586015958	-0.0202796757189	0.0622596912984	0.0351268170047	0.0331074561734	0.0179534445088	-0.0316533575121	1.0	-0.0017059707212	0.0254309561042	-0.0417577426434	0.00748918235089	-0.0141904849499	-0.0107982624301	-0.00760652135703	-0.00142373118699	-0.0383452038921	0.0135636255033	0.0960836284127	-0.0323073063358	0.00470136701248	-0.00409851204555	0.0077620468262	-0.0613796299851	-0.0198160603084	-0.00847690531615	-0.0130037565061	-0.0380281138745	0.00151396554743	0.00329644230296	-0.0332816563371	-0.0367287769119	-0.0239498914802	-0.0554974925288	-0.0580860253704	0.0583463616745	-0.00493382260913	-0.014959412107	0.00179222305435	-0.0103220485311	-0.0251037678758	-0.0258733347818	-0.0400048912234	0.0699546248213	-0.00100946888657	-0.0265295492676	-0.00591975393633
k__Bacteria;p__Bacteroidetes;c__Bacteroidia;o__Bacteroidales;f__Bacteroidaceae;g__Bacteroides;s__Bacteroides_salyersiae	0.0435664009136	0.0537289005776	-0.0170333139931	0.030895070193	0.0182907146008	-0.0664596924652	0.0262193538355	-0.0203669277009	0.0516455004524	0.0192645643079	-0.0149345463278	-0.0486332579453	-0.0419751509953	0.0225577257578	-0.0264454496354	0.00450007324398	-0.00944682598859	-0.0690247227417	0.000102955910413	-0.0017059707212	1.0	0.0471008529079	0.0271539054933	-0.0156074027594	-0.0296312118606	-0.0167553127874	-0.0015447002288	0.0127496387353	0.0117645806686	-0.0424522085642	-0.0162866872012	-0.011041413206	0.0120330639753	-0.0290633554741	-0.0486281599256	-0.00363930979993	0.0398426924588	-0.0636880873352	0.00455253477991	-0.0161194181063	0.0485938957203	0.0223173181833	-0.00366197586205	-0.0200042348707	-0.0258324688996	0.0271163375818	0.0230806679671	-0.022406675012	0.0131080188237	0.00902893766081	-0.00679712710167	-0.0239744783642	0.0221662931055	0.0651711619037	0.0507571587639	-0.0294517316599	-0.0768260756819	-0.0501683521117	0.0266528687908
k__Bacteria;p__Firmicutes;c__Clostridia;o__Clostridiales;f__Ruminococcaceae;g__Ruminiclostridium;s__[Eubacterium]_siraeum	-0.00375021450732	0.0255603272883	0.0218572724574	-0.0414078363138	-0.0286721336129	-0.0342378035658	0.0137352719764	0.000103047522167	-0.0820685109563	0.0264583677944	-0.00126861306273	0.0291859356565	-0.0541425782182	0.00348379971515	-0.00974810699866	-0.0976291232291	0.0253751101344	0.0137947836987	-0.0105337959809	0.0254309561042	0.0471008529079	1.0	-0.0223223354964	-0.0331065204974	0.0556681619014	-0.0114117448687	-0.0337474547635	-0.0226998330262	-0.0197063477107	-0.0247986033164	0.00912996280755	-0.0491686606857	-0.00551427223905	-0.0459848800539	-0.00789621146145	-0.0343305257854	-0.0373723402752	0.0296289623375	0.055206169097	-0.0367153472792	-0.0609232875903	-0.0338943025995	0.0657420881551	0.0140661120922	0.0564087790024	-0.0383316246304	-0.0225402080111	0.0176460475254	0.0282966036719	0.0108914789586	0.028415292485	0.008167512319	-0.0102447272726	-0.0124946682789	-0.0130385747809	0.016578421613	0.00674010787749	0.0205398127741	-0.0187311706143
k__Bacteria;p__Proteobacteria;c__Betaproteobacteria;o__Burkholderiales;f__Sutterellaceae;g__Parasutterella;s__Parasutterella_excrementihominis	0.00327203316391	-0.0259984859753	0.0453235209014	-0.0224664211248	0.00209369190139	0.055042963256	0.000521127914577	0.0213074969167	0.0220468555749	-0.0742479838377	0.000913600256601	0.0132770469616	-0.00707663679003	-0.00456910559861	0.0103079870522	-0.033075032895	-0.00804742262277	-0.026962624892	-0.0181434667362	-0.0417577426434	0.0271539054933	-0.0223223354964	1.0	-0.0167827046045	0.0074318955316	0.0423289100729	-0.0522585587864	-0.0600381752278	0.012183263808	-0.0233377656321	-0.0841734157311	-0.0425907979702	0.000249361835025	0.0477063559529	-0.0276726500231	0.0332267074791	0.048818115349	-0.0492703698974	-0.13849666829	0.00120011545271	0.0270159494913	-0.026855438613	0.0309241104597	0.039863125679	-0.00763196841282	-0.0587260821986	-0.0327674756185	-0.0528550892093	-0.0649062476699	0.0306527182171	0.0673442035516	0.0200893731299	-0.00879651249534	0.0659863043205	-0.0488156648134	-0.0266665478626	0.0207295903143	-0.090061695909	-0.00185012879836
k__Bacteria;p__Actinobacteria;c__Actinobacteria;o__Bifidobacteriales;f__Bifidobacteriaceae;g__Bifidobacterium;s__Bifidobacterium_adolescentis	-0.0390859238815	-0.0752571423647	-0.0101087347213	-0.0105347390101	-0.00557988258731	0.0288912276692	0.0228385511604	0.0110996854027	0.052080217818	0.0190385913053	-0.0156966980143	0.0185236253174	-0.0101051896526	-0.0380514647471	-0.014731907819	-0.0475474902394	-0.0241401660836	-0.00911738940233	-0.0150059395765	0.00748918235089	-0.0156074027594	-0.0331065204974	-0.0167827046045	1.0	-0.00968522708752	-0.00292513193849	-0.0487010378794	-0.0062002729379	0.00911176861439	-0.0268942085631	-0.0360433520225	-0.00397764730161	-0.035538282606	0.0323690625353	-0.0365416627409	-0.0280339162556	0.0152251782251	-0.0393869106748	0.0475282156138	0.0173918771379	-0.0176813025494	0.00757202086278	0.0180202065238	-0.0101072581608	-0.0182483132337	0.0121488819639	0.0101645312071	-0.0152014956746	-0.029207797817	-0.000171062739991	0.0103729628407	0.0179325915485	-0.0181045083071	-0.0863329261822	-0.0222046931704	0.0501150664028	-0.0420808265888	0.00274415143103	-0.00469787450988
k__Bacteria;p__Firmicutes;c__Clostridia;o__Clostridiales;f__Oscillospiraceae;g__Oscillibacter;s__Oscillibacter_sp._KLE_1745	0.0185172853945	-0.0241988668251	0.0230032707866	0.0279111260679	-0.041799576089	0.0256764781887	-0.0214829775641	0.0104376096855	-0.0259047215681	0.0102792478803	-0.0608854567583	-0.0475716848101	-0.000110483004365	0.00427321518639	-0.0106895218589	0.0643187762405	0.00196534645121	-0.00012466071263	-0.0114925458313	-0.0141904849499	-0.0296312118606	0.0556681619014	0.0074318955316	-0.00968522708752	1.0	0.00976029437254	-0.0367613066974	-0.0404733362296	-0.0344426967702	0.00486898475608	-0.02548799478	0.0347963500861	-0.0471667186813	-0.0360338030216	0.0263208134339	0.0222478380285	-0.0277055060642	0.0103681134379	0.00866099758789	-0.00551304318851	-0.0514968884633	0.00451701694017	-0.0415117829134	-0.0528468495617	-0.0790182410999	-0.004222196878	-0.0133975706752	-0.0310036785724	-0.0287294519006	0.0165013121548	-0.00877830569907	-0.0316431336171	0.0162813457858	-0.0280306432619	-0.00868229128495	-0.0571451653797	-0.009372450513	-0.0304509844142	-0.033663334283
k__Bacteria;p__Bacteroidetes;c__Bacteroidia;o__Bacteroidales;f__Bacteroidaceae;g__Bacteroides;s__Bacteroides_coprophilus	-0.0266549918858	-0.0262615542005	-0.0685696784169	-0.0319691153496	0.0515071455029	-0.0149503784541	-0.00789044025234	-0.0531173941134	-0.0196311129365	-0.0637817332741	0.0430277650641	-0.068370302889	0.0389169111061	-0.0545255286753	-0.019878890907	0.0338050769653	-0.0326678200903	0.00351004936167	0.0200625358504	-0.0107982624301	-0.0167553127874	-0.0114117448687	0.0423289100729	-0.00292513193849	0.00976029437254	1.0	-0.051873179333	0.00466514311052	-0.01063671956	-0.0827267162259	0.00255797499242	0.0627948756026	0.053199843919	-0.00162176115064	0.0281673563837	0.0297789729683	-0.0484424604711	0.00150836790207	0.0498731564767	-0.049443223277	0.0320273940818	0.0260074407897	-0.00241841832168	0.0308817512496	0.000626388750829	0.0178520457671	0.00444037944368	0.0337399089932	-0.0225577994813	-0.0197045785856	-0.034549679882	0.0478964703721	-0.0274676381878	0.00274250427609	0.0200627734486	-0.00457098866712	-0.0413159707791	0.0575956008645	0.0153478990751
k__Bacteria;p__Firmicutes;c__Clostridia;o__Clostridiales;f__Lachnospiraceae;g__Roseburia;s__Roseburia_intestinalis	-0.0143322195619	-0.0868187740677	0.0148128611295	-0.0222042445735	0.00121659860059	-0.0399667209344	0.0220196484389	0.00211772177895	0.0117274860186	0.0349311835722	0.0148417092593	0.023097882955	0.0131990430562	0.00313522510698	0.0795711962921	0.0124057400431	0.00371699224646	0.0178860481244	0.0115109705192	-0.00760652135703	-0.0015447002288	-0.0337474547635	-0.0522585587864	-0.0487010378794	-0.0367613066974	-0.051873179333	1.0	-0.0169040005366	-0.0160133704017	-0.0383423388649	0.00623744696769	-0.0369288296658	0.0167421353829	0.0016441084468	-0.040213135618	-0.00615347458663	-0.00731709276379	-0.0375273635267	0.00691962086718	0.0642725232158	-0.0673619382459	0.107538542229	-0.031238169933	-0.0608727680112	-0.0352543827526	-0.0471045989547	0.050816335033	-0.0196410162171	0.0225583980728	0.0281857864555	0.00329356707059	0.0178409732579	0.0286603043451	0.0702726571259	-0.0327137277136	0.0546030345551	0.0154113471241	-0.0409064216103	0.00867999308845
k__Bacteria;p__Firmicutes;c__Clostridia;o__Clostridiales;f__Lachnospiraceae;g__Roseburia;s__Roseburia_hominis	-0.0296725885364	-0.0644105403049	-0.0297339715082	0.0264959506392	-0.0178734471085	0.00159584930437	-0.0521159587494	0.00689578457662	-0.0351485338376	0.0147800294014	-0.00541028492895	0.013300065804	0.00331162999273	0.00747941315864	0.0465963525388	0.0880840909346	0.0110883666916	0.0134886345454	-0.031346069737	-0.00142373118699	0.0127496387353	-0.0226998330262	-0.0600381752278	-0.0062002729379	-0.0404733362296	0.00466514311052	-0.0169040005366	1.0	0.00625687761168	-0.0482918083801	-0.0504721918477	-0.0596726955972	-0.00505690021923	-0.055946119575	0.0100236974325	0.0402852444638	-0.0042544958673	-0.05911109354	-0.0418102984693	0.0344560548732	-0.0135019960697	0.00145749297017	-0.00955696944425	-0.0195517830765	0.0471143157102	0.0204411661318	-0.0179405232593	0.0224685323418	0.0119401212681	-0.0340563732747	-0.016763850203	0.00742033628207	-0.0175812159899	0.00252970402146	0.0148753805949	-0.0495546835532	-0.0414061002256	0.0207236722892	0.0160620788464
k__Bacteria;p__Bacteroidetes;c__Bacteroidia;o__Bacteroidales;f__Porphyromonadaceae;g__Parabacteroides;s__Parabacteroides_johnsonii	-0.0145807220328	-0.0424826672189	0.0421011570505	-0.0208781709325	-0.0789015490496	-0.0288504216711	0.0246509310691	0.0534875749131	0.0188644423078	-0.0380158415457	-0.0531895546181	0.013583942378	0.0385204317813	-0.0527731482556	-0.0597231499257	-0.0217489943723	-0.0227560958571	-0.0114524415204	-0.0159213019697	-0.0383452038921	0.0117645806686	-0.0197063477107	0.012183263808	0.00911176861439	-0.0344426967702	-0.01063671956	-0.0160133704017	0.00625687761168	1.0	0.00586705652743	0.00891194616886	-0.0370187545911	-0.0214439784956	-0.024281607452	-0.0164006915845	-0.0195245075626	0.0191753821192	0.0210689396168	0.0595163612505	-0.0215891940364	-0.00304369864341	0.0109302742194	0.00958947709294	0.0273634323301	0.100223935377	-0.020779577549	-0.0607280322338	-0.0169058178537	-0.0139363961741	-0.0399164175948	-0.0277774579117	0.0693935181109	-0.0354241004557	0.0571571353284	0.0476043869067	-0.0247094146876	-0.012105718359	0.0248354089283	-0.0359382436671
k__Bacteria;p__Actinobacteria;c__Actinobacteria;o__Bifidobacteriales;f__Bifidobacteriaceae;g__Bifidobacterium;s__Bifidobacterium_longum	-0.025671916756	-0.0220127670583	0.00736051949916	-0.00746880391433	0.00442078600309	-0.0210463480588	-0.028745858677	-0.0222040000504	-0.0218485224233	-0.00873540883511	0.00171454607503	-0.025945713869	0.00086601780237	-0.0110391139374	0.0555438356071	-0.0498914639752	0.00693254117052	-3.39978330434e-05	-0.0172985648327	0.0135636255033	-0.0424522085642	-0.0247986033164	-0.0233377656321	-0.0268942085631	0.00486898475608	-0.0827267162259	-0.0383423388649	-0.0482918083801	0.00586705652743	1.0	0.0204869396523	-0.0695007067798	-0.0180502906269	0.0265384975361	0.014471300908	-0.00310988315189	-0.0222581247881	0.033694743515	0.0108178748627	-0.00838273210198	0.0154976363937	-0.00360353184241	-0.00977517399946	-0.0486044529113	-0.0745846794988	-0.0349988097473	0.0331430099811	-0.041325257847	0.00225485713668	-0.0192639440638	0.0122373182872	-0.00121241333378	0.0696823755427	0.0170734696648	-0.0187863513983	0.0133726469448	-0.0371972058684	0.0340218809935	-0.00217532668673
