#taxonomy	k__Bacteria;p__Bacteroidetes;c__Bacteroidia;o__Bacteroidales;f__Bacteroidaceae;g__Bacteroides;s__Bacteroides_vulgatus	k__Bacteria;p__Bacteroidetes;c__Bacteroidia;o__Bacteroidales;f__Bacteroidaceae;g__Bacteroides;s__Bacteroides_uniformis	k__Bacteria;p__Bacteroidetes;c__Bacteroidia;o__Bacteroidales;f__Rikenellaceae;g__Alistipes;s__Alistipes_putredinis	k__Bacteria;p__Bacteroidetes;c__Bacteroidia;o__Bacteroidales;f__Prevotellaceae;g__Prevotella;s__Prevotella_copri	k__Bacteria;p__Bacteroidetes;c__Bacteroidia;o__Bacteroidales;f__Bacteroidaceae;g__Bacteroides;s__Bacteroides_stercoris	k__Bacteria;p__Bacteroidetes;c__Bacteroidia;o__Bacteroidales;f__Bacteroidaceae;g__Bacteroides;s__Bacteroides_ovatus	k__Bacteria;p__Bacteroidetes;c__Bacteroidia;o__Bacteroidales;f__Rikenellaceae;g__Alistipes;s__Alistipes_shahii	k__Bacteria;p__Firmicutes;c__Clostridia;o__Clostridiales;f__Ruminococcaceae;g__Faecalibacterium;s__Faecalibacterium_prausnitzii	k__Bacteria;p__Bacteroidetes;c__Bacteroidia;o__Bacteroidales;f__Rikenellaceae;g__Alistipes;s__Alistipes_finegoldii	k__Bacteria;p__Bacteroidetes;c__Bacteroidia;o__Bacteroidales;f__Porphyromonadaceae;g__Parabacteroides;s__Parabacteroides_distasonis	k__Bacteria;p__Bacteroidetes;c__Bacteroidia;o__Bacteroidales;f__Bacteroidaceae;g__Bacteroides;s__Bacteroides_thetaiotaomicron	k__Bacteria;p__Bacteroidetes;c__Bacteroidia;o__Bacteroidales;f__Bacteroidaceae;g__Bacteroides;s__Bacteroides_coprocola	k__Bacteria;p__Bacteroidetes;c__Bacteroidia;o__Bacteroidales;f__Bacteroidaceae;g__Bacteroides;s__Bacteroides_cellulosilyticus	k__Bacteria;p__Bacteroidetes;c__Bacteroidia;o__Bacteroidales;f__Rikenellaceae;g__Alistipes;s__Alistipes_obesi	k__Bacteria;p__Firmicutes;c__Clostridia;o__Clostridiales;f__Lachnospiraceae;g__;s__[Eubacterium]_rectale	k__Bacteria;p__Bacteroidetes;c__Bacteroidia;o__Bacteroidales;f__Bacteroidaceae;g__Bacteroides;s__Bacteroides_plebeius	k__Bacteria;p__Bacteroidetes;c__Bacteroidia;o__Bacteroidales;f__Bacteroidaceae;g__Bacteroides;s__Bacteroides_fragilis	k__Bacteria;p__Proteobacteria;c__Betaproteobacteria;o__Burkholderiales;f__Sutterellaceae;g__Sutterella;s__Sutterella_wadsworthensis	k__Bacteria;p__Bacteroidetes;c__Bacteroidia;o__Bacteroidales;f__Porphyromonadaceae;g__Barnesiella;s__Barnesiella_intestinihominis	k__Bacteria;p__Bacteroidetes;c__Bacteroidia;o__Bacteroidales;f__Odoribacteraceae;g__Odoribacter;s__Odoribacter_splanchnicus	k__Bacteria;p__Bacteroidetes;c__Bacteroidia;o__Bacteroidales;f__Bacteroidaceae;g__Bacteroides;s__Bacteroides_salyersiae	k__Bacteria;p__Firmicutes;c__Clostridia;o__Clostridiales;f__Ruminococcaceae;g__Ruminiclostridium;s__[Eubacterium]_siraeum	k__Bacteria;p__Proteobacteria;c__Betaproteobacteria;o__Burkholderiales;f__Sutterellaceae;g__Parasutterella;s__Parasutterella_excrementihominis	k__Bacteria;p__Actinobacteria;c__Actinobacteria;o__Bifidobacteriales;f__Bifidobacteriaceae;g__Bifidobacterium;s__Bifidobacterium_adolescentis	k__Bacteria;p__Firmicutes;c__Clostridia;o__Clostridiales;f__Oscillospiraceae;g__Oscillibacter;s__Oscillibacter_sp._KLE_1745	k__Bacteria;p__Bacteroidetes;c__Bacteroidia;o__Bacteroidales;f__Bacteroidaceae;g__Bacteroides;s__Bacteroides_coprophilus	k__Bacteria;p__Firmicutes;c__Clostridia;o__Clostridiales;f__Lachnospiraceae;g__Roseburia;s__Roseburia_intestinalis	k__Bacteria;p__Firmicutes;c__Clostridia;o__Clostridiales;f__Lachnospiraceae;g__Roseburia;s__Roseburia_hominis	k__Bacteria;p__Bacteroidetes;c__Bacteroidia;o__Bacteroidales;f__Porphyromonadaceae;g__Parabacteroides;s__Parabacteroides_johnsonii	k__Bacteria;p__Actinobacteria;c__Actinobacteria;o__Bifidobacteriales;f__Bifidobacteriaceae;g__Bifidobacterium;s__Bifidobacterium_longum	k__Bacteria;p__Firmicutes;c__Clostridia;o__Clostridiales;f__;g__Flavonifractor;s__Flavonifractor_plautii	k__Bacteria;p__Firmicutes;c__Clostridia;o__Clostridiales;f__Clostridiaceae;g__Clostridium;s__Clostridium_phoceensis	k__Bacteria;p__Verrucomicrobia;c__Verrucomicrobiae;o__Verrucomicrobiales;f__Akkermansiaceae;g__Akkermansia;s__Akkermansia_muciniphila	k__Bacteria;p__Bacteroidetes;c__Bacteroidia;o__Bacteroidales;f__Prevotellaceae;g__Paraprevotella;s__Paraprevotella_xylaniphila	k__Bacteria;p__Firmicutes;c__Clostridia;o__Clostridiales;f__Ruminococcaceae;g__Ruminococcus;s__Ruminococcus_callidus	k__Bacteria;p__Bacteroidetes;c__Bacteroidia;o__Bacteroidales;f__Rikenellaceae;g__Alistipes;s__Alistipes_senegalensis	k__Bacteria;p__Firmicutes;c__Clostridia;o__Clostridiales;f__Lachnospiraceae;g__Blautia;s__Blautia_sp._KLE_1732	k__Bacteria;p__Bacteroidetes;c__Bacteroidia;o__Bacteroidales;f__Bacteroidaceae;g__Bacteroides;s__Bacteroides_oleiciplenus	k__Bacteria;p__Firmicutes;c__Clostridia;o__Clostridiales;f__Ruminococcaceae;g__Ruminococcus;s__Ruminococcus_bicirculans	k__Bacteria;p__Bacteroidetes;c__Bacteroidia;o__Bacteroidales;f__Bacteroidaceae;g__Bacteroides;s__Bacteroides_fluxus	k__Bacteria;p__Bacteroidetes;c__Bacteroidia;o__Bacteroidales;f__Prevotellaceae;g__Prevotella;s__Prevotella_stercorea	k__Bacteria;p__Firmicutes;c__Clostridia;o__Clostridiales;f__Lachnospiraceae;g__Dorea;s__Dorea_longicatena	k__Bacteria;p__Firmicutes;c__Clostridia;o__Clostridiales;f__Eubacteriaceae;g__Eubacterium;s__[Eubacterium]_eligens	k__Bacteria;p__Firmicutes;c__Clostridia;o__Clostridiales;f__Ruminococcaceae;g__;s__Ruminococcaceae_bacterium_D16	k__Bacteria;p__Firmicutes;c__Clostridia;o__Clostridiales;f__Lachnospiraceae;g__Coprococcus;s__Coprococcus_comes	k__Bacteria;p__Proteobacteria;c__Gammaproteobacteria;o__Enterobacterales;f__Enterobacteriaceae;g__Escherichia;s__Escherichia_coli	k__Bacteria;p__Firmicutes;c__Clostridia;o__Clostridiales;f__Ruminococcaceae;g__Anaerotruncus;s__Anaerotruncus_colihominis	k__Bacteria;p__Firmicutes;c__Clostridia;o__Clostridiales;f__Lachnospiraceae;g__Blautia;s__Blautia_obeum	k__Bacteria;p__Bacteroidetes;c__Bacteroidia;o__Bacteroidales;f__Odoribacteraceae;g__Odoribacter;s__Odoribacter_laneus	k__Bacteria;p__Firmicutes;c__Clostridia;o__Clostridiales;f__Ruminococcaceae;g__Ruminiclostridium;s__[Clostridium]_leptum	k__Bacteria;p__Bacteroidetes;c__Bacteroidia;o__Bacteroidales;f__Porphyromonadaceae;g__Parabacteroides;s__Parabacteroides_goldsteinii	k__Bacteria;p__Firmicutes;c__Clostridia;o__Clostridiales;f__Lachnospiraceae;g__Anaerostipes;s__Anaerostipes_hadrus	k__Bacteria;p__Firmicutes;c__Clostridia;o__Clostridiales;f__Ruminococcaceae;g__Ruminococcus;s__Ruminococcus_lactaris	k__Bacteria;p__Firmicutes;c__Clostridia;o__Clostridiales;f__Clostridiaceae;g__Clostridium;s__Clostridium_sp._L2-50	k__Bacteria;p__Firmicutes;c__Clostridia;o__Clostridiales;f__Clostridiaceae;g__Clostridium;s__Clostridium_sp._M62/1	k__Bacteria;p__Firmicutes;c__Clostridia;o__Clostridiales;f__;g__Intestinimonas;s__Intestinimonas_butyriciproducens	k__Bacteria;p__Actinobacteria;c__Actinobacteria;o__Bifidobacteriales;f__Bifidobacteriaceae;g__Bifidobacterium;s__Bifidobacterium_bifidum	k__Bacteria;p__Firmicutes;c__Negativicutes;o__Veillonellales;f__Veillonellaceae;g__Dialister;s__Dialister_invisus	k__Bacteria;p__Bacteroidetes;c__Bacteroidia;o__Bacteroidales;f__Bacteroidaceae;g__Bacteroides;s__Bacteroides_salanitronis
k__Bacteria;p__Bacteroidetes;c__Bacteroidia;o__Bacteroidales;f__Bacteroidaceae;g__Bacteroides;s__Bacteroides_vulgatus	1.0	-0.0256690348527	-0.000965376281364	0.0859477520408	-0.0361503261574	-0.0415146183543	0.00676796390265	-0.0040109445098	0.00463342367986	-0.0106185366618	-0.0267170901562	0.0661444952017	0.00119445129776	-0.0251218824222	-0.00810543772862	-0.0407557295358	0.0215126313168	-0.0376639183062	-0.0358101427732	-0.0395725536914	-0.0232811350204	-0.0135377668982	0.0338999369553	-0.00094697571355	-0.00813369233346	-0.0147791650375	-0.0427263683322	-0.00714600660233	-0.0577076602648	-0.00257633580472	0.0343783843698	0.0532407336192	-0.0307056706953	-0.0234775905799	-0.0187792452407	-0.0296821687278	-0.0281097489196	-0.100853458483	-0.0262679426256	-0.0174100739979	0.0175748842642	-0.060662170259	-0.0192545301681	-0.0535893381976	0.0242347368562	-0.00277129731886	0.00590621109738	-0.010128871753	-0.00790915506165	0.033503240483	-0.0228656060017	0.0561728868977	-0.0451515532396	-0.000604851857063	-0.0066233483804	-0.0273233173871	-0.000731366487989	0.0215020497813	0.0187524364524
k__Bacteria;p__Bacteroidetes;c__Bacteroidia;o__Bacteroidales;f__Bacteroidaceae;g__Bacteroides;s__Bacteroides_uniformis	-0.0256690348527	1.0	-0.0195454521302	-0.0149044243273	-0.0270973988265	-0.0296670152533	0.0197680591131	-0.0293491290719	-0.0594258614886	0.00388374243745	-0.0343315311081	0.0356643565478	-0.0414714303391	-0.0658004051956	-0.0145708675127	0.0236825178757	-0.0776289562483	0.0210339705429	0.0514089505537	-0.0183675310916	0.00591560962397	0.0598264492191	0.00842796616711	-0.0200832694948	0.0174248292554	-0.00836461397771	0.0157848654754	-0.0208180792916	0.0488842823289	0.0170533718695	-0.0330358819373	-0.0154755700164	0.00511071773947	0.0274021746311	-0.0290334480392	0.00275041392825	-0.00341716823609	0.0319411749677	-0.0125997245724	-0.0182517755311	0.0511652709783	0.045976645278	-0.0244330059654	0.00445063968167	-0.0432611223791	-0.0122558726041	0.0084266435655	0.0326949211559	-0.0250846404937	0.0260609653308	0.0144562855844	-0.0406611690593	-0.0517721977235	-0.00782868838952	0.0156402438156	-0.0120905187538	-0.0331945966772	0.0423641458678	0.0102223220904
k__Bacteria;p__Bacteroidetes;c__Bacteroidia;o__Bacteroidales;f__Rikenellaceae;g__Alistipes;s__Alistipes_putredinis	-0.000965376281364	-0.0195454521302	1.0	-0.0754137553166	0.0108670281293	-0.0538336069128	0.0557686772368	-0.0232477251311	0.00695031845885	0.0126051132618	-0.0446903028164	-0.0148399776842	-0.0234467439428	-0.0720871596736	-0.0133489924408	0.0659009865888	0.0384763161819	-0.0116650406294	0.00318144170837	-0.00503723514835	-0.0169394238433	0.0191661483643	-0.0452680609894	0.0641235113964	0.0411651023198	0.0288225874054	0.0317674039015	-0.0082518579454	0.035654566271	-0.0115928535973	-0.0561729724786	-0.0247056755983	0.00244296594405	0.0112104433877	-0.0062541951875	-0.00621579535382	-0.043979975034	0.00137186984407	-0.00835156633585	0.000710855957109	-0.00371700788254	0.0413155323311	0.00262419271798	0.00440460246011	-0.038907621328	-0.0564401503994	0.0227813864039	-0.016810817562	0.0499351997361	-0.0676778636695	-0.0365893908692	0.00791311051461	0.00818727010428	-0.0058841125875	-0.016159887627	0.0036850270763	-0.0244159733813	-0.0654532053913	-0.0173777868568
k__Bacteria;p__Bacteroidetes;c__Bacteroidia;o__Bacteroidales;f__Prevotellaceae;g__Prevotella;s__Prevotella_copri	0.0859477520408	-0.0149044243273	-0.0754137553166	1.0	-0.0646038692347	0.0061706051661	0.00665587274993	-0.0795012198055	0.0190478673989	-0.033907102653	-0.0359480696583	0.016182622366	0.00268578623009	-0.041396508579	0.0367398829401	-0.0363436321596	-0.0305170442122	-0.00250771505206	-0.0406394238197	-0.00650294912307	-0.00135136003127	-0.0125179417776	0.00507169403857	-0.0449859263666	-0.022130561753	-0.00292245261957	-0.0301251907654	-0.0482733444334	0.0186958918731	0.0267960011507	-0.0600282117419	0.0263471470912	-0.0169496328271	0.001579330434	0.0311980160375	-0.00817491680695	0.0104749631314	-0.0107961442478	-0.0251561320867	-0.0209068907281	-0.0653127785646	-0.0237477629792	-0.00770342382712	-0.0088647512714	0.0509646242581	0.00476663766642	0.0214360101313	-0.0157340736325	-0.0125627350502	-0.00120584520154	0.0394499693431	0.00854731418032	0.0170489810286	-0.0268084782598	-0.0564772550032	-0.0457019227669	-0.00791980590238	0.0139191087041	0.000814355032041
k__Bacteria;p__Bacteroidetes;c__Bacteroidia;o__Bacteroidales;f__Bacteroidaceae;g__Bacteroides;s__Bacteroides_stercoris	-0.0361503261574	-0.0270973988265	0.0108670281293	-0.0646038692347	1.0	0.0137318438877	-0.0347626755186	-0.0124996181429	0.0024653653252	-0.0275347943397	0.00496408772644	0.0151483435376	-0.0159299098153	0.0290840434918	0.0632934301583	0.0330449765092	-0.011443029327	0.0278222488995	0.0162968771812	0.0128187802095	-0.10014620933	-0.0336483008461	-0.0411675469374	0.0238833211896	0.0227728290159	-0.0105348529475	-0.00620630200834	-0.00520571754649	0.025383635201	0.0459809265317	-0.0330494535049	0.0464315736372	0.073495094874	0.012733934163	-0.00705415767968	-0.00511932161113	-0.0269678707443	-0.0113514912302	0.000775024562748	-0.0186339812621	-0.074224468243	-0.0213756828343	-0.0331863970685	-0.0292386838902	-0.0682471910918	-0.00370187372938	0.050044539621	0.0250514900175	0.0471992389316	-0.0353996204247	-0.0684516587713	0.00669709451791	-0.0128066425864	-0.0168591195228	0.000609376917733	0.0289323887133	0.0419297719444	0.00466928722519	-0.0357981733102
k__Bacteria;p__Bacteroidetes;c__Bacteroidia;o__Bacteroidales;f__Bacteroidaceae;g__Bacteroides;s__Bacteroides_ovatus	-0.0415146183543	-0.0296670152533	-0.0538336069128	0.0061706051661	0.0137318438877	1.0	0.0186580604369	0.0240617883745	-0.0239228799483	-0.0561508122569	-0.00988321382986	-0.000306931410531	0.00909995531831	0.0169989920252	-0.0168523168769	0.0216612075766	-0.0506282858204	-0.00398738204219	0.0135506662623	0.0201605093192	-0.0257658360063	0.0343804326417	-0.0731853975455	0.108621696594	-0.0249183689118	0.0135938930453	0.00959903035751	0.0183154341416	-0.00730309169229	-0.0191042583939	-0.00894078465997	-0.0526943827412	0.00955982951792	-0.01250434458	0.0149125832071	0.0157084394763	-0.00876239224732	0.000454959185574	0.00364438257978	0.00947829748291	-0.0295480733852	-0.0278808604023	-0.0343349699068	-0.00572530251337	-0.0289785614573	-0.0051511199483	-0.0219186426355	-0.0247262973484	0.01799230368	-0.0558159455918	0.00555821006789	0.0472601544106	0.0641767438144	-0.0300811944983	-0.0187859080691	-0.00685601224818	0.0174127465135	-0.00694233881299	-0.0580593276705
k__Bacteria;p__Bacteroidetes;c__Bacteroidia;o__Bacteroidales;f__Rikenellaceae;g__Alistipes;s__Alistipes_shahii	0.00676796390265	0.0197680591131	0.0557686772368	0.00665587274993	-0.0347626755186	0.0186580604369	1.0	-0.0548339557899	0.0106702784778	0.0337473340394	0.011225306372	-0.00763444962544	0.0122262149545	-0.00944363685677	-0.0637140692171	0.0177683354369	-0.0353205281632	-0.000201559506909	0.00197621912965	0.0386019294412	0.0148352531178	-0.0643113911463	0.0695246010726	0.0289334478152	-0.04390290534	0.0162602184554	-0.0715967522188	-0.0311355998775	-0.0658979569603	-0.0447922248643	-0.0191636458435	0.00437661261098	-0.0446786167644	-0.026059706298	-0.018513779633	-0.0460010038179	0.0172472461401	0.0898882984527	-0.0189769828433	-0.051488023476	-0.0342162071126	0.0414756193049	0.0497840112628	0.0487115450059	-0.00424177065689	-0.0499227180306	0.0415749355006	-0.0214427090119	-0.0585214222392	-0.0191604614815	0.0299471976037	-0.00216947246221	0.00144069301891	-0.0517419790268	0.0170955281735	-0.0313585536462	0.0172317665323	0.0119541627984	-0.0239506109534
k__Bacteria;p__Firmicutes;c__Clostridia;o__Clostridiales;f__Ruminococcaceae;g__Faecalibacterium;s__Faecalibacterium_prausnitzii	-0.0040109445098	-0.0293491290719	-0.0232477251311	-0.0795012198055	-0.0124996181429	0.0240617883745	-0.0548339557899	1.0	-0.0318682911344	-0.0343210182571	0.0177618688491	0.00218160635352	0.0189489405675	0.00556904924164	2.30852112607e-05	-0.0387085404468	0.00773779354998	-0.0198129055067	0.00298053593846	-0.074152119018	-0.0651495954557	0.0543344094261	0.0192195860399	-0.0473111981276	-0.0316732033792	-0.0605341783713	-0.00737634924258	0.0176697883265	-0.0102094408516	0.00459754103885	-0.00385712041711	0.051537659928	0.0114734264626	0.0131450990737	0.0326834672864	-0.0247631650788	-0.0285796139354	-0.0849435350635	0.0567266317651	-0.0324846336678	0.0187747469476	-0.0227540257853	-0.0120131514655	0.027782116165	0.0262329291015	0.0075394721186	0.0197154155733	-0.0347996143886	-0.01656472017	-0.0503183383967	-0.0990549865412	0.00200071235003	0.0646126389962	-0.00590897528197	0.0798637774145	0.0431243900523	-0.0193671563208	-0.0360524271824	-0.0675225450416
k__Bacteria;p__Bacteroidetes;c__Bacteroidia;o__Bacteroidales;f__Rikenellaceae;g__Alistipes;s__Alistipes_finegoldii	0.00463342367986	-0.0594258614886	0.00695031845885	0.0190478673989	0.0024653653252	-0.0239228799483	0.0106702784778	-0.0318682911344	1.0	-0.0519809362176	-0.0408310348263	-0.0178443647766	-0.00501849599048	-0.0438019488393	-0.0132629860912	0.042514793397	0.0230602072317	-0.0313896873107	-0.00278801191365	-0.0661225861508	-0.00968069379231	0.0400356069129	-0.065725384605	0.0300884562003	0.0282414596197	0.0274798163364	-0.0274400854956	-0.0787295195548	0.0214567736032	-0.0351930989306	-0.00131994827221	0.0382673618973	-0.00333904012715	-0.0113802083943	0.00622991960249	0.0113049112372	0.0148819206852	-0.026547911797	-0.0416878240133	0.0517492947431	-0.00805151835826	0.0591895293968	-0.0344070531462	-0.00569763647914	-0.0101495311365	0.00279845088622	-0.0311996828357	0.0103396101835	-0.0053219573688	-0.0306926070071	-0.0371629865326	-0.060256023869	-0.00616897225231	0.00820369270882	-0.0520896234278	0.00377120215705	0.0231915871214	-0.0167918699578	0.00339261467474
k__Bacteria;p__Bacteroidetes;c__Bacteroidia;o__Bacteroidales;f__Porphyromonadaceae;g__Parabacteroides;s__Parabacteroides_distasonis	-0.0106185366618	0.00388374243745	0.0126051132618	-0.033907102653	-0.0275347943397	-0.0561508122569	0.0337473340394	-0.0343210182571	-0.0519809362176	1.0	-0.0185206988633	-0.0356961213095	-0.0434073389023	-0.00116137731169	0.0466118992004	0.0276783843081	0.021769546871	-0.0285274034567	0.000301960733849	0.097756868091	0.104454925723	-0.0412030226057	-0.0685953629765	0.0154889099018	-0.0310650793843	-0.0499677796778	-0.00818428404864	-0.0145363743939	-0.00487234142513	-0.0203761339691	-0.0373636226386	0.0143762229421	-0.0295987203263	-0.0328239568134	0.0022549051032	-0.0260736820636	0.0209568500897	0.0264758944838	-0.0877051423004	-0.00432732135468	-0.0440589904073	0.0469412735335	-0.0288693169949	-0.0496125755015	-0.0558591060891	-0.0280916376905	0.0683259373639	0.0662121065716	0.0254899424876	0.00426202994806	0.0197913037343	0.00690100569166	-0.0459376336538	0.00785617188787	-0.0394742878575	-0.00476903785306	0.0211369439073	-0.0282292466565	-0.048624000694
k__Bacteria;p__Bacteroidetes;c__Bacteroidia;o__Bacteroidales;f__Bacteroidaceae;g__Bacteroides;s__Bacteroides_thetaiotaomicron	-0.0267170901562	-0.0343315311081	-0.0446903028164	-0.0359480696583	0.00496408772644	-0.00988321382986	0.011225306372	0.0177618688491	-0.0408310348263	-0.0185206988633	1.0	-0.0454745265963	0.0149002053982	0.0215003351134	0.00429243604647	0.0354276287612	0.0238098138701	-0.0433704024369	-0.00939994365583	0.00506645813857	-0.0417652386635	-0.0776012665581	-0.036013266843	0.0548962323384	3.41302609675e-05	-0.0168954072504	0.00793677289766	0.0600018309408	-0.0837994633494	-0.014328194281	0.00836738274829	-0.0193068687397	0.0381762679215	0.0164690478074	0.0270154541211	-0.0222094257765	-0.0520096238345	-0.0516534408013	-0.00452351670801	-0.00558582017685	0.0527679177657	0.00980438001523	-0.0919433795851	0.00658182866593	-0.0670577159721	-0.0298737254986	-0.0263155473264	-0.00267203802546	0.00827706407991	-0.0320564482507	0.0112345191664	0.00304489017756	-0.0348623355358	-0.0641355305513	-0.0235939624418	0.00549165554406	0.000148028467736	-0.0415484427526	-0.0635926540676
k__Bacteria;p__Bacteroidetes;c__Bacteroidia;o__Bacteroidales;f__Bacteroidaceae;g__Bacteroides;s__Bacteroides_coprocola	0.0661444952017	0.0356643565478	-0.0148399776842	0.016182622366	0.0151483435376	-0.000306931410531	-0.00763444962544	0.00218160635352	-0.0178443647766	-0.0356961213095	-0.0454745265963	1.0	-0.00772238625564	0.00603571861702	-0.04375645886	0.0144471822655	-0.0324506186447	-0.0340377259867	-0.0156729615882	-0.00463097505351	-0.012526621864	-0.0312761059127	0.000343065210905	0.00696862512729	-0.0700958438237	-0.033793152141	0.00545567285133	-0.0744018693886	0.0111463540947	-0.0165222281113	0.0313644893789	0.0502563959595	0.066182739243	-0.0281664160713	-0.0227674791579	0.0352110755903	-0.0221988645745	0.0163241116802	0.0137381393309	-0.0458475208084	-0.0197983208595	-0.0094084681792	-0.0232398274714	-0.000284282127062	-0.00491002321052	-6.77399078902e-05	-0.0127865636819	-0.0776105634287	-0.0197376733396	-0.0345561401091	-0.0446309944818	-0.0431340858937	-0.0061659206154	0.0252735317249	0.0390467424937	0.026633020593	0.0119966645797	0.00567864676808	-0.0425733708465
k__Bacteria;p__Bacteroidetes;c__Bacteroidia;o__Bacteroidales;f__Bacteroidaceae;g__Bacteroides;s__Bacteroides_cellulosilyticus	0.00119445129776	-0.0414714303391	-0.0234467439428	0.00268578623009	-0.0159299098153	0.00909995531831	0.0122262149545	0.0189489405675	-0.00501849599048	-0.0434073389023	0.0149002053982	-0.00772238625564	1.0	-0.0406692422356	-0.035767864923	-0.0131150288935	-0.0404109940811	0.0474957487016	-0.00455462310912	-0.041050936681	-0.019975555208	-0.0152873519252	-0.00425849241558	-0.0179436187186	0.0212209559589	-0.0367510053904	-0.0282874633105	-0.0497615290524	0.0182154801844	0.0131568159442	0.0100642191462	-0.0256809917686	-0.0650401984555	0.021281236083	-0.0461551798818	0.0192320418459	0.0453495442396	-0.0376206016296	0.0404429686749	-0.0596409727832	0.0194361168062	-0.0272778331514	0.0236662114721	-0.0383377696441	-0.0282799903717	-0.00167445415093	-0.0971848052516	-0.0853392697495	-0.0147931551594	-0.00369960439696	-0.0243952828525	0.0236943512976	0.0281987847222	0.00190131147297	-0.0118986658578	-0.0162718516919	0.0240599286955	0.096396212428	0.02156740547
k__Bacteria;p__Bacteroidetes;c__Bacteroidia;o__Bacteroidales;f__Rikenellaceae;g__Alistipes;s__Alistipes_obesi	-0.0251218824222	-0.0658004051956	-0.0720871596736	-0.041396508579	0.0290840434918	0.0169989920252	-0.00944363685677	0.00556904924164	-0.0438019488393	-0.00116137731169	0.0215003351134	0.00603571861702	-0.0406692422356	1.0	-0.0415546630008	-0.0175642079296	-0.0560985921678	-0.0195747633107	-0.0555622080534	0.0155231215581	0.0115350713131	-0.0107775638892	-0.0380097796678	0.0570300821999	0.000364522311175	-0.000830388058252	0.000771021912204	0.00164309558436	0.0405236364009	-0.0470522305033	0.0248824654068	0.00624021816857	-0.0461655191705	-0.00684689645999	0.0212415995278	0.0482927993557	-0.0201817970959	0.0231254042001	-0.0915099700905	-0.00697907033706	0.0383838838106	-0.0600283155144	-0.0457391516941	0.0333175898689	-0.0154876706386	0.0338125923231	0.0318827520005	0.0545114503419	-0.0156873116699	0.0127199920496	-0.0145728138999	-0.0296318315826	-0.0367707753995	-0.10825089913	0.00182659517069	-0.060039006021	0.0279072085861	-0.0285550205698	-0.0429301280803
k__Bacteria;p__Firmicutes;c__Clostridia;o__Clostridiales;f__Lachnospiraceae;g__;s__[Eubacterium]_rectale	-0.00810543772862	-0.0145708675127	-0.0133489924408	0.0367398829401	0.0632934301583	-0.0168523168769	-0.0637140692171	2.30852112607e-05	-0.0132629860912	0.0466118992004	0.00429243604647	-0.04375645886	-0.035767864923	-0.0415546630008	1.0	-0.00213909238795	0.00609657823184	0.0520455278696	-0.00597669406632	-0.0418663481569	2.74264576455e-05	0.0932286371941	0.00189808348758	-0.0757458557927	-0.10397919065	-0.0264962141179	0.00692540957976	-0.00593127106533	-0.0330580048919	0.0144779975636	0.0195144166682	-0.028486924616	0.0174150089779	-0.011394970604	-0.0115546762227	-0.0446332981796	-0.00405532963755	-0.000540204561813	-0.0124302655726	-0.0211158269512	-0.0189939479504	-0.000776083029136	0.0155489045251	0.0193502635214	-0.0487974950035	0.0127404765528	-0.0277437531081	0.0158901872271	0.0577201726618	0.0165169322429	-0.0105704129515	0.0266324750637	0.0297857599411	-0.0426589106503	0.027070346033	-0.0381914942157	0.0422771441224	0.0650752873462	-0.0344695438581
k__Bacteria;p__Bacteroidetes;c__Bacteroidia;o__Bacteroidales;f__Bacteroidaceae;g__Bacteroides;s__Bacteroides_plebeius	-0.0407557295358	0.0236825178757	0.0659009865888	-0.0363436321596	0.0330449765092	0.0216612075766	0.0177683354369	-0.0387085404468	0.042514793397	0.0276783843081	0.0354276287612	0.0144471822655	-0.0131150288935	-0.0175642079296	-0.00213909238795	1.0	-0.073171278401	-0.0133380430431	-0.0285480763659	-0.00365977637529	0.0181470708786	-0.0236256245404	-0.00891981268996	0.00915388299333	-0.0388811934739	0.0155108472926	0.0554661097053	0.0489813527024	-0.0632855873614	-0.0369372098132	-0.0530208472168	0.0124243279422	-0.0493673018098	0.0446172793244	0.0464800198156	-0.124437748703	-0.0311380518248	-0.0623142146025	-0.0329052561298	-0.0257465973213	0.0161016012089	0.047575031652	0.00751790259157	-0.0229007485627	-0.0427528912784	-0.0538052492691	0.0211686825788	-0.0535899014146	-0.00215903666338	0.0072552862461	0.00366602706986	-0.0359297683755	-0.0438152372073	-0.0117642902482	-0.0166261608646	0.0386613530304	0.0907373203542	0.025772777351	0.0513836139261
k__Bacteria;p__Bacteroidetes;c__Bacteroidia;o__Bacteroidales;f__Bacteroidaceae;g__Bacteroides;s__Bacteroides_fragilis	0.0215126313168	-0.0776289562483	0.0384763161819	-0.0305170442122	-0.011443029327	-0.0506282858204	-0.0353205281632	0.00773779354998	0.0230602072317	0.021769546871	0.0238098138701	-0.0324506186447	-0.0404109940811	-0.0560985921678	0.00609657823184	-0.073171278401	1.0	-0.0117472233698	0.0101084103383	0.0431637264162	-0.0743837655451	-0.035650467389	-0.0430324490687	0.00780518365754	0.0426806197809	-0.0195623759716	0.0166601992844	-0.0754818287161	0.0767421090911	-0.0545850479916	0.0435513823852	0.0376549546564	0.00937586649909	-0.00505071977345	-0.101093822237	0.00756698822454	0.0257876581594	-0.00626049007068	0.00323639540387	-0.0500176605242	0.00265695873166	-0.0308562001925	0.0400645064268	0.0667469028033	0.0197912089415	-0.00909745422194	0.0338464647879	-0.000646256410646	-0.0104209359358	-0.0462020442623	0.0172318368351	-0.0116705460373	0.0112246487092	0.0213560279361	-0.000887890806784	-0.00982626380994	0.0220084871316	-0.0153369030034	-0.0668127774048
k__Bacteria;p__Proteobacteria;c__Betaproteobacteria;o__Burkholderiales;f__Sutterellaceae;g__Sutterella;s__Sutterella_wadsworthensis	-0.0376639183062	0.0210339705429	-0.0116650406294	-0.00250771505206	0.0278222488995	-0.00398738204219	-0.000201559506909	-0.0198129055067	-0.0313896873107	-0.0285274034567	-0.0433704024369	-0.0340377259867	0.0474957487016	-0.0195747633107	0.0520455278696	-0.0133380430431	-0.0117472233698	1.0	-0.00421537943009	-0.0140431275343	-0.0138885712202	-0.0125920148065	-0.00241453382781	0.0271923588639	-0.0180821018741	0.00825031317432	0.00822968863892	0.0735330757087	0.021929414886	-0.0196210235011	-0.0125668052851	-0.079839158009	0.0649027416951	-0.0397831452152	-0.00499882191379	-0.00981694577276	0.0011234727325	-0.0418849941747	0.0266502322555	0.0394534618155	-0.00382609586778	-0.000737566221485	0.041882459396	0.0475441313068	-0.0286693626029	0.0549266215009	-0.00937063713839	-0.0513038149047	-0.0231857220845	-0.00692758742703	0.00410449161095	-0.00774072139689	0.0128201775717	0.0201112215746	-0.017681900426	0.00561319608637	-0.0380628620455	0.0158567929741	0.00350846111565
k__Bacteria;p__Bacteroidetes;c__Bacteroidia;o__Bacteroidales;f__Porphyromonadaceae;g__Barnesiella;s__Barnesiella_intestinihominis	-0.0358101427732	0.0514089505537	0.00318144170837	-0.0406394238197	0.0162968771812	0.0135506662623	0.00197621912965	0.00298053593846	-0.00278801191365	0.000301960733849	-0.00939994365583	-0.0156729615882	-0.00455462310912	-0.0555622080534	-0.00597669406632	-0.0285480763659	0.0101084103383	-0.00421537943009	1.0	0.0239469924357	0.0224493380125	-0.0510159551909	0.0191854284852	0.0164457975619	0.00242259995886	-0.0242273966374	-0.0678771814175	-0.0183331707901	-0.0103907040872	0.0140536233798	-0.0149241877673	-0.0705800619817	-0.0245962759308	0.00692328245253	0.0454040894542	0.00807481478955	-0.00436085388095	-0.0728711951839	0.0109514990396	-0.0255234572501	-0.0776943317999	0.00551679870641	-0.0276191050454	0.0166911320851	0.0171919964295	-3.96712993728e-05	-0.0297686595775	-0.0112988897123	0.0036445833155	0.0167703528391	-0.015209154119	-0.0119184247818	-0.0194453066496	0.0455757683825	0.0168223640027	-0.0237666329184	-0.0991930111937	-0.0387185983793	-0.00920132692108
k__Bacteria;p__Bacteroidetes;c__Bacteroidia;o__Bacteroidales;f__Odoribacteraceae;g__Odoribacter;s__Odoribacter_splanchnicus	-0.0395725536914	-0.0183675310916	-0.00503723514835	-0.00650294912306	0.0128187802095	0.0201605093192	0.0386019294412	-0.074152119018	-0.0661225861508	0.097756868091	0.00506645813857	-0.00463097505351	-0.041050936681	0.0155231215581	-0.0418663481569	-0.00365977637529	0.0431637264162	-0.0140431275343	0.0239469924357	1.0	0.0451181362781	0.0345949866361	-0.0388085257611	-0.0188762459969	0.0316998974084	-0.0384446671173	0.0397889259487	-0.00253879044474	-0.0692105905477	-0.0175702488632	0.0155896096879	-0.0470840439904	0.00118514352632	0.0234667043447	0.00252178359958	-0.0194228351689	-0.0232952295314	-0.0371321065287	-0.0735047140228	0.0301345477848	-0.0229817233701	-0.0345439415889	-0.00844658248305	0.0418656258764	-0.0553599958793	-0.0505595416917	0.00226494939386	0.0192319598238	0.0109963103217	-0.004350712365	0.0170649615681	-0.0363033557613	0.0234742359433	-0.0279756648775	0.00925736297122	-0.0167004431194	-0.0389563660195	-0.000112065607178	0.0378624596277
k__Bacteria;p__Bacteroidetes;c__Bacteroidia;o__Bacteroidales;f__Bacteroidaceae;g__Bacteroides;s__Bacteroides_salyersiae	-0.0232811350204	0.00591560962397	-0.0169394238433	-0.00135136003127	-0.10014620933	-0.0257658360063	0.0148352531178	-0.0651495954557	-0.00968069379231	0.104454925723	-0.0417652386635	-0.012526621864	-0.019975555208	0.0115350713131	2.74264576455e-05	0.0181470708786	-0.0743837655451	-0.0138885712202	0.0224493380125	0.0451181362781	1.0	-0.0362711655484	-0.0126331427916	0.0593098452579	-0.0113227688527	-0.00374325997693	-0.0142657924692	-0.0344196214485	0.00151535417321	-0.0459823465419	0.0254430683943	-0.0100850955504	-0.0166997311507	-0.0294061731183	-0.075693864689	0.0174268466064	0.00358338953319	0.0334893105788	0.00654446664818	-0.00423958169868	0.0315646120508	0.03446866233	0.0135222965257	0.0227385537545	-0.013548431754	-0.0378782074466	-0.038445748096	0.0234360252222	-0.000542036416083	0.0818190797345	0.0142599672754	-0.0499445358783	-0.0171570983455	0.00853211379033	-0.0279370116884	0.0553263962519	-0.0220386563297	-0.0165899527031	-0.0119449844954
k__Bacteria;p__Firmicutes;c__Clostridia;o__Clostridiales;f__Ruminococcaceae;g__Ruminiclostridium;s__[Eubacterium]_siraeum	-0.0135377668982	0.0598264492191	0.0191661483643	-0.0125179417776	-0.0336483008461	0.0343804326417	-0.0643113911463	0.0543344094261	0.0400356069129	-0.0412030226057	-0.0776012665581	-0.0312761059127	-0.0152873519252	-0.0107775638892	0.0932286371941	-0.0236256245404	-0.035650467389	-0.0125920148065	-0.0510159551909	0.0345949866361	-0.0362711655484	1.0	-0.0612556466931	0.00837270619165	0.0392421482045	-0.0538671243557	-0.0415954732813	0.0199895053999	0.00388598232585	0.000743836699937	0.00517387366817	0.0121282082691	-0.00256333341023	0.0113570487721	-0.0164375409825	-0.00976804783075	-0.0447038137856	-0.0149859204132	0.0380626143758	-0.00247545304981	-0.000542125217476	-0.0141823537478	0.0277896549015	-0.0695449511494	0.0131012801827	-0.0523232022193	0.0293714106075	-0.0471791575321	-0.0146956820328	-0.0339332138212	-0.0309734252133	-0.0548410676392	-0.0145565883759	0.00610104362151	-0.0454294729641	0.0270639116238	-0.0519917397527	-0.013807792745	0.0532683602516
k__Bacteria;p__Proteobacteria;c__Betaproteobacteria;o__Burkholderiales;f__Sutterellaceae;g__Parasutterella;s__Parasutterella_excrementihominis	0.0338999369553	0.00842796616711	-0.0452680609894	0.00507169403857	-0.0411675469374	-0.0731853975455	0.0695246010726	0.0192195860399	-0.065725384605	-0.0685953629765	-0.036013266843	0.000343065210905	-0.00425849241558	-0.0380097796678	0.00189808348758	-0.00891981268996	-0.0430324490687	-0.00241453382781	0.0191854284852	-0.0388085257611	-0.0126331427916	-0.0612556466931	1.0	0.0378224641379	-0.004706005005	-0.02223216023	-0.0346651794666	-0.0909452000175	0.00251591817455	-0.0300934017857	0.0376443801712	0.0489972821117	-0.0398047506003	-0.0257029882916	-0.0435847467219	0.017815756998	-0.00146235290761	0.0425394553152	-0.0109361796959	-0.00755052848981	0.0113031323444	-0.0556501705144	0.00427076392269	0.0377751460787	-0.016024258956	-0.0218324507392	0.0162452675052	-0.0551084934546	-0.0251398060692	0.0216847372982	0.0185880697895	-0.00936472961377	0.000763529431378	0.0112245005916	0.0628166332903	-0.0390847191092	0.0202205089323	-0.0215424073972	-0.0556718799508
k__Bacteria;p__Actinobacteria;c__Actinobacteria;o__Bifidobacteriales;f__Bifidobacteriaceae;g__Bifidobacterium;s__Bifidobacterium_adolescentis	-0.00094697571355	-0.0200832694948	0.0641235113964	-0.0449859263666	0.0238833211896	0.108621696594	0.0289334478152	-0.0473111981276	0.0300884562003	0.0154889099018	0.0548962323384	0.00696862512729	-0.0179436187186	0.0570300821999	-0.0757458557927	0.00915388299333	0.00780518365754	0.0271923588639	0.0164457975619	-0.0188762459969	0.0593098452579	0.00837270619165	0.0378224641379	1.0	-0.0238188205083	-0.0585088926362	-0.00105375283394	0.00698804464017	0.00705905236994	-0.0618635549298	-0.0869880854698	-0.00254523967025	-0.0215509793665	-0.0283219951903	0.0251267837246	0.0872824001856	0.0081205958787	-0.0302058141517	0.0171822309467	-0.00918507313949	-0.0242995590458	-0.0511426476071	-0.0613030492158	0.0547928085768	-0.0684583507076	-0.00517420106654	-0.0283119102552	0.018134042919	-0.0206980893455	-0.0336285777036	-0.0262745472011	0.0138450680757	-0.0291378496842	0.0228801602258	-0.0299417069097	0.0230377081786	-0.00585216909482	0.0118508502591	-0.0200578758725
k__Bacteria;p__Firmicutes;c__Clostridia;o__Clostridiales;f__Oscillospiraceae;g__Oscillibacter;s__Oscillibacter_sp._KLE_1745	-0.00813369233346	0.0174248292554	0.0411651023198	-0.022130561753	0.0227728290159	-0.0249183689118	-0.04390290534	-0.0316732033792	0.0282414596197	-0.0310650793843	3.41302609675e-05	-0.0700958438237	0.0212209559589	0.000364522311175	-0.10397919065	-0.0388811934739	0.0426806197809	-0.0180821018741	0.00242259995886	0.0316998974084	-0.0113227688527	0.0392421482045	-0.00470600500499	-0.0238188205083	1.0	-0.00973833609697	0.00747664785933	0.0120636731519	-0.0185133261599	0.00952215133709	0.0232222177608	0.0372665839381	0.0386364589056	0.0130260969534	0.0499438120756	-0.0448234972141	-0.0317847632247	0.0100669256686	-0.0227231687003	-0.0237832825785	-0.0224380446728	0.0557516433267	-0.0103126715381	-0.0257293970165	-0.0161756820716	-0.0439731282129	-0.00919143360954	-0.0220017653795	0.0041944983663	-0.0222484692867	0.0371854618387	-0.0149717660303	-0.000339960476348	-0.0245047557494	-0.00703954147425	0.0207581540899	-0.00783787604027	-0.0320726129077	-0.00111486988166
k__Bacteria;p__Bacteroidetes;c__Bacteroidia;o__Bacteroidales;f__Bacteroidaceae;g__Bacteroides;s__Bacteroides_coprophilus	-0.0147791650375	-0.00836461397771	0.0288225874054	-0.00292245261957	-0.0105348529475	0.0135938930453	0.0162602184554	-0.0605341783713	0.0274798163364	-0.0499677796778	-0.0168954072504	-0.033793152141	-0.0367510053904	-0.000830388058252	-0.0264962141179	0.0155108472926	-0.0195623759716	0.00825031317432	-0.0242273966374	-0.0384446671173	-0.00374325997693	-0.0538671243557	-0.02223216023	-0.0585088926362	-0.00973833609697	1.0	0.000734061340405	-0.0400745078154	0.0239654900473	0.00796179440479	-0.0121151660109	-0.00849747424489	0.0247244466715	-0.0111319253519	0.025464858394	0.0227589606515	0.0195463288494	-0.0226234144487	-0.0255518624	0.0256494306775	-0.00810090258993	-0.0151616900527	0.00914628002474	-0.00100861590259	-0.0234277681927	-0.0512898518488	-0.00347050002712	0.0374316050868	-0.00537568352019	0.00214519785314	-0.0217548829342	0.0602919051534	0.0301325518629	0.0287614576166	-0.0270314556913	-0.0220286458123	0.0283317940809	0.0147575409697	-0.0398339492491
k__Bacteria;p__Firmicutes;c__Clostridia;o__Clostridiales;f__Lachnospiraceae;g__Roseburia;s__Roseburia_intestinalis	-0.0427263683322	0.0157848654754	0.0317674039015	-0.0301251907654	-0.00620630200834	0.00959903035751	-0.0715967522188	-0.00737634924258	-0.0274400854956	-0.00818428404864	0.00793677289766	0.00545567285133	-0.0282874633105	0.000771021912204	0.00692540957976	0.0554661097053	0.0166601992844	0.00822968863892	-0.0678771814175	0.0397889259487	-0.0142657924692	-0.0415954732813	-0.0346651794666	-0.00105375283394	0.00747664785933	0.000734061340405	1.0	0.00690551594168	0.004399677805	-0.0419175675624	-0.0205479109875	-0.0296243090444	-0.0260920085412	-0.0787328632022	-0.0432161351308	0.0240046709328	-0.0322431115744	-0.0167921320685	-0.0769104204419	0.0313766980878	0.0450961079312	0.0109279824758	0.0165717998027	-0.00526947381644	0.00772844225813	-0.0336901422628	-0.0151472960642	0.0114255310923	-0.0429287131492	-0.0383412303691	-0.0372206488639	-0.00596736784056	0.0274590645637	0.0533417034761	0.0509970016888	-0.0169588490417	-0.0716425511253	0.0272818730638	-0.0120998834843
k__Bacteria;p__Firmicutes;c__Clostridia;o__Clostridiales;f__Lachnospiraceae;g__Roseburia;s__Roseburia_hominis	-0.00714600660233	-0.0208180792916	-0.0082518579454	-0.0482733444334	-0.00520571754649	0.0183154341416	-0.0311355998775	0.0176697883265	-0.0787295195548	-0.0145363743939	0.0600018309408	-0.0744018693886	-0.0497615290524	0.00164309558436	-0.00593127106533	0.0489813527024	-0.0754818287161	0.0735330757087	-0.0183331707901	-0.00253879044474	-0.0344196214485	0.0199895053999	-0.0909452000175	0.00698804464017	0.0120636731519	-0.0400745078154	0.00690551594168	1.0	-0.00642500780896	-0.0326261060974	-0.0535866540045	-0.0735327174178	-0.00211664064104	0.00265476331593	0.0538525321091	-0.00918562199654	-0.0252996647002	-0.0517922157388	-0.00469959254577	-0.0519791073034	-0.0212903777906	-0.0425417052501	0.0288241838191	-0.0373622844321	0.0264765367637	-0.00454455991183	0.0219374107242	-0.0416590568823	-0.0722523268317	0.0367492368197	0.0278699410735	-0.0115845612458	0.0276425472931	-0.0286300372987	0.0301050170762	0.00590104579608	0.0188057737608	-0.00628427900843	0.0274332152195
k__Bacteria;p__Bacteroidetes;c__Bacteroidia;o__Bacteroidales;f__Porphyromonadaceae;g__Parabacteroides;s__Parabacteroides_johnsonii	-0.0577076602648	0.0488842823289	0.035654566271	0.0186958918731	0.025383635201	-0.00730309169229	-0.0658979569603	-0.0102094408516	0.0214567736032	-0.00487234142513	-0.0837994633494	0.0111463540947	0.0182154801844	0.0405236364009	-0.0330580048919	-0.0632855873614	0.0767421090911	0.021929414886	-0.0103907040872	-0.0692105905477	0.00151535417321	0.00388598232585	0.00251591817455	0.00705905236994	-0.0185133261599	0.0239654900473	0.004399677805	-0.00642500780896	1.0	0.030792173864	0.000499952597705	0.0199016021771	-0.0346078868014	0.00168756963628	-0.0221385958185	0.0242806862832	0.0531662242362	0.039187141669	0.00765556010405	0.0102188312454	-0.0410343729147	-0.0661070891732	-0.00217055751616	0.0196759525585	-0.0376481037168	0.014004467449	0.0155285786892	0.0329677992008	-0.0177787245376	-0.0158955772172	-0.0256131026349	0.0835991984763	-0.0319173820179	0.000149856816156	-0.0543763944119	0.0572584995734	0.0290176566415	0.0543461334883	0.00853494829439
k__Bacteria;p__Actinobacteria;c__Actinobacteria;o__Bifidobacteriales;f__Bifidobacteriaceae;g__Bifidobacterium;s__Bifidobacterium_longum	-0.00257633580472	0.0170533718695	-0.0115928535973	0.0267960011507	0.0459809265317	-0.0191042583939	-0.0447922248643	0.00459754103885	-0.0351930989306	-0.0203761339691	-0.014328194281	-0.0165222281113	0.0131568159442	-0.0470522305033	0.0144779975636	-0.0369372098132	-0.0545850479916	-0.0196210235011	0.0140536233798	-0.0175702488632	-0.0459823465419	0.000743836699937	-0.0300934017857	-0.0618635549298	0.00952215133709	0.00796179440479	-0.0419175675624	-0.0326261060974	0.030792173864	1.0	-0.0565498757182	0.0115058961823	0.0145239637419	-0.0189143987298	0.00317210173346	0.0251998132296	0.0634044716726	-0.0576832817697	-0.033225044165	0.023682806779	0.0283221273815	-0.0248534752054	0.0360871204862	-0.0424979628851	0.0110279153443	-0.0597865961174	0.0116758353532	0.00179829201011	0.0177743849459	0.0141007904675	0.00834506693679	-0.00747735008192	-0.00733045950895	0.0234622593154	0.012703545047	-0.0174913357586	0.0353483312715	0.0840405722188	-0.00157457674442
