#taxonomy	k__Bacteria;p__Bacteroidetes;c__Bacteroidia;o__Bacteroidales;f__Bacteroidaceae;g__Bacteroides;s__Bacteroides_vulgatus	k__Bacteria;p__Bacteroidetes;c__Bacteroidia;o__Bacteroidales;f__Bacteroidaceae;g__Bacteroides;s__Bacteroides_uniformis	k__Bacteria;p__Bacteroidetes;c__Bacteroidia;o__Bacteroidales;f__Rikenellaceae;g__Alistipes;s__Alistipes_putredinis	k__Bacteria;p__Bacteroidetes;c__Bacteroidia;o__Bacteroidales;f__Prevotellaceae;g__Prevotella;s__Prevotella_copri	k__Bacteria;p__Bacteroidetes;c__Bacteroidia;o__Bacteroidales;f__Bacteroidaceae;g__Bacteroides;s__Bacteroides_stercoris	k__Bacteria;p__Bacteroidetes;c__Bacteroidia;o__Bacteroidales;f__Bacteroidaceae;g__Bacteroides;s__Bacteroides_ovatus	k__Bacteria;p__Bacteroidetes;c__Bacteroidia;o__Bacteroidales;f__Rikenellaceae;g__Alistipes;s__Alistipes_shahii	k__Bacteria;p__Firmicutes;c__Clostridia;o__Clostridiales;f__Ruminococcaceae;g__Faecalibacterium;s__Faecalibacterium_prausnitzii	k__Bacteria;p__Bacteroidetes;c__Bacteroidia;o__Bacteroidales;f__Rikenellaceae;g__Alistipes;s__Alistipes_finegoldii	k__Bacteria;p__Bacteroidetes;c__Bacteroidia;o__Bacteroidales;f__Porphyromonadaceae;g__Parabacteroides;s__Parabacteroides_distasonis	k__Bacteria;p__Bacteroidetes;c__Bacteroidia;o__Bacteroidales;f__Bacteroidaceae;g__Bacteroides;s__Bacteroides_thetaiotaomicron	k__Bacteria;p__Bacteroidetes;c__Bacteroidia;o__Bacteroidales;f__Bacteroidaceae;g__Bacteroides;s__Bacteroides_coprocola	k__Bacteria;p__Bacteroidetes;c__Bacteroidia;o__Bacteroidales;f__Bacteroidaceae;g__Bacteroides;s__Bacteroides_cellulosilyticus	k__Bacteria;p__Bacteroidetes;c__Bacteroidia;o__Bacteroidales;f__Rikenellaceae;g__Alistipes;s__Alistipes_obesi	k__Bacteria;p__Firmicutes;c__Clostridia;o__Clostridiales;f__Lachnospiraceae;g__;s__[Eubacterium]_rectale	k__Bacteria;p__Bacteroidetes;c__Bacteroidia;o__Bacteroidales;f__Bacteroidaceae;g__Bacteroides;s__Bacteroides_plebeius	k__Bacteria;p__Bacteroidetes;c__Bacteroidia;o__Bacteroidales;f__Bacteroidaceae;g__Bacteroides;s__Bacteroides_fragilis	k__Bacteria;p__Proteobacteria;c__Betaproteobacteria;o__Burkholderiales;f__Sutterellaceae;g__Sutterella;s__Sutterella_wadsworthensis	k__Bacteria;p__Bacteroidetes;c__Bacteroidia;o__Bacteroidales;f__Porphyromonadaceae;g__Barnesiella;s__Barnesiella_intestinihominis	k__Bacteria;p__Bacteroidetes;c__Bacteroidia;o__Bacteroidales;f__Odoribacteraceae;g__Odoribacter;s__Odoribacter_splanchnicus	k__Bacteria;p__Bacteroidetes;c__Bacteroidia;o__Bacteroidales;f__Bacteroidaceae;g__Bacteroides;s__Bacteroides_salyersiae	k__Bacteria;p__Firmicutes;c__Clostridia;o__Clostridiales;f__Ruminococcaceae;g__Ruminiclostridium;s__[Eubacterium]_siraeum	k__Bacteria;p__Proteobacteria;c__Betaproteobacteria;o__Burkholderiales;f__Sutterellaceae;g__Parasutterella;s__Parasutterella_excrementihominis	k__Bacteria;p__Actinobacteria;c__Actinobacteria;o__Bifidobacteriales;f__Bifidobacteriaceae;g__Bifidobacterium;s__Bifidobacterium_adolescentis	k__Bacteria;p__Firmicutes;c__Clostridia;o__Clostridiales;f__Oscillospiraceae;g__Oscillibacter;s__Oscillibacter_sp._KLE_1745	k__Bacteria;p__Bacteroidetes;c__Bacteroidia;o__Bacteroidales;f__Bacteroidaceae;g__Bacteroides;s__Bacteroides_coprophilus	k__Bacteria;p__Firmicutes;c__Clostridia;o__Clostridiales;f__Lachnospiraceae;g__Roseburia;s__Roseburia_intestinalis	k__Bacteria;p__Firmicutes;c__Clostridia;o__Clostridiales;f__Lachnospiraceae;g__Roseburia;s__Roseburia_hominis	k__Bacteria;p__Bacteroidetes;c__Bacteroidia;o__Bacteroidales;f__Porphyromonadaceae;g__Parabacteroides;s__Parabacteroides_johnsonii	k__Bacteria;p__Actinobacteria;c__Actinobacteria;o__Bifidobacteriales;f__Bifidobacteriaceae;g__Bifidobacterium;s__Bifidobacterium_longum	k__Bacteria;p__Firmicutes;c__Clostridia;o__Clostridiales;f__;g__Flavonifractor;s__Flavonifractor_plautii	k__Bacteria;p__Firmicutes;c__Clostridia;o__Clostridiales;f__Clostridiaceae;g__Clostridium;s__Clostridium_phoceensis	k__Bacteria;p__Verrucomicrobia;c__Verrucomicrobiae;o__Verrucomicrobiales;f__Akkermansiaceae;g__Akkermansia;s__Akkermansia_muciniphila	k__Bacteria;p__Bacteroidetes;c__Bacteroidia;o__Bacteroidales;f__Prevotellaceae;g__Paraprevotella;s__Paraprevotella_xylaniphila	k__Bacteria;p__Firmicutes;c__Clostridia;o__Clostridiales;f__Ruminococcaceae;g__Ruminococcus;s__Ruminococcus_callidus	k__Bacteria;p__Bacteroidetes;c__Bacteroidia;o__Bacteroidales;f__Rikenellaceae;g__Alistipes;s__Alistipes_senegalensis	k__Bacteria;p__Firmicutes;c__Clostridia;o__Clostridiales;f__Lachnospiraceae;g__Blautia;s__Blautia_sp._KLE_1732	k__Bacteria;p__Bacteroidetes;c__Bacteroidia;o__Bacteroidales;f__Bacteroidaceae;g__Bacteroides;s__Bacteroides_oleiciplenus	k__Bacteria;p__Firmicutes;c__Clostridia;o__Clostridiales;f__Ruminococcaceae;g__Ruminococcus;s__Ruminococcus_bicirculans	k__Bacteria;p__Bacteroidetes;c__Bacteroidia;o__Bacteroidales;f__Bacteroidaceae;g__Bacteroides;s__Bacteroides_fluxus	k__Bacteria;p__Bacteroidetes;c__Bacteroidia;o__Bacteroidales;f__Prevotellaceae;g__Prevotella;s__Prevotella_stercorea	k__Bacteria;p__Firmicutes;c__Clostridia;o__Clostridiales;f__Lachnospiraceae;g__Dorea;s__Dorea_longicatena	k__Bacteria;p__Firmicutes;c__Clostridia;o__Clostridiales;f__Eubacteriaceae;g__Eubacterium;s__[Eubacterium]_eligens	k__Bacteria;p__Firmicutes;c__Clostridia;o__Clostridiales;f__Ruminococcaceae;g__;s__Ruminococcaceae_bacterium_D16	k__Bacteria;p__Firmicutes;c__Clostridia;o__Clostridiales;f__Lachnospiraceae;g__Coprococcus;s__Coprococcus_comes	k__Bacteria;p__Proteobacteria;c__Gammaproteobacteria;o__Enterobacterales;f__Enterobacteriaceae;g__Escherichia;s__Escherichia_coli	k__Bacteria;p__Firmicutes;c__Clostridia;o__Clostridiales;f__Ruminococcaceae;g__Anaerotruncus;s__Anaerotruncus_colihominis	k__Bacteria;p__Firmicutes;c__Clostridia;o__Clostridiales;f__Lachnospiraceae;g__Blautia;s__Blautia_obeum	k__Bacteria;p__Bacteroidetes;c__Bacteroidia;o__Bacteroidales;f__Odoribacteraceae;g__Odoribacter;s__Odoribacter_laneus	k__Bacteria;p__Firmicutes;c__Clostridia;o__Clostridiales;f__Ruminococcaceae;g__Ruminiclostridium;s__[Clostridium]_leptum	k__Bacteria;p__Bacteroidetes;c__Bacteroidia;o__Bacteroidales;f__Porphyromonadaceae;g__Parabacteroides;s__Parabacteroides_goldsteinii	k__Bacteria;p__Firmicutes;c__Clostridia;o__Clostridiales;f__Lachnospiraceae;g__Anaerostipes;s__Anaerostipes_hadrus	k__Bacteria;p__Firmicutes;c__Clostridia;o__Clostridiales;f__Ruminococcaceae;g__Ruminococcus;s__Ruminococcus_lactaris	k__Bacteria;p__Firmicutes;c__Clostridia;o__Clostridiales;f__Clostridiaceae;g__Clostridium;s__Clostridium_sp._L2-50	k__Bacteria;p__Firmicutes;c__Clostridia;o__Clostridiales;f__Clostridiaceae;g__Clostridium;s__Clostridium_sp._M62/1	k__Bacteria;p__Firmicutes;c__Clostridia;o__Clostridiales;f__;g__Intestinimonas;s__Intestinimonas_butyriciproducens	k__Bacteria;p__Actinobacteria;c__Actinobacteria;o__Bifidobacteriales;f__Bifidobacteriaceae;g__Bifidobacterium;s__Bifidobacterium_bifidum	k__Bacteria;p__Firmicutes;c__Negativicutes;o__Veillonellales;f__Veillonellaceae;g__Dialister;s__Dialister_invisus	k__Bacteria;p__Bacteroidetes;c__Bacteroidia;o__Bacteroidales;f__Bacteroidaceae;g__Bacteroides;s__Bacteroides_salanitronis
k__Bacteria;p__Bacteroidetes;c__Bacteroidia;o__Bacteroidales;f__Bacteroidaceae;g__Bacteroides;s__Bacteroides_vulgatus	1.0	-0.00558894855469	-0.0210561911956	-0.0685274877109	0.0318772472526	-0.0294927264299	-0.0162846450658	0.00712507998	0.0443966390544	-0.0578819416489	-0.0292279058091	-0.0202172465101	0.0511548130826	-0.0106539887709	-0.0493556163246	0.0195323167972	-0.000977977236147	0.0802935491653	-0.00682272809439	-0.0314420089419	0.00521570422091	-0.0230129681472	-0.0414288272567	0.0129088111639	-0.0486308339559	0.0129392187137	0.00562783834094	-0.0174771272363	-0.0709590117967	-0.00686614725207	-0.0669006444077	-0.0160806850439	-0.0133386109866	0.0343227302561	0.00999198369696	-0.0505215518907	-0.0136034841082	0.00743514970417	0.01456410373	-0.00587963125094	-0.00688470254198	0.0259359749491	0.0119711697624	0.0130521446493	-0.0365010099474	0.0286269231799	0.00542710018261	0.0208994910861	0.00536633311043	0.00534068245641	-0.0203823164735	0.0102206268416	0.0271209450737	-0.049148171098	0.0791022728314	-0.00243657316312	-0.0133647985941	0.00720535094064	0.000641145528821
k__Bacteria;p__Bacteroidetes;c__Bacteroidia;o__Bacteroidales;f__Bacteroidaceae;g__Bacteroides;s__Bacteroides_uniformis	-0.00558894855469	1.0	-0.0549049236935	0.0312851028295	0.0116561040172	0.00842455105813	0.00929992432092	-0.00747918926614	0.0203925843893	0.0617191935828	-0.0414352809562	-0.0483148465075	-0.0678264096883	0.0361959817732	0.0268387272328	-0.0164242278047	-0.0692938141293	0.00415438246178	-0.0174492710903	-0.00464280185231	0.0167719343862	-0.0473013294591	-0.0436680213684	0.0167151977211	-0.0547713696664	-0.0105246715284	0.00675881470879	-0.0209075224784	-0.0164516116358	-0.00105584105625	-0.00776989472649	0.00832844877539	0.0564284374115	-0.0232162300922	-0.0237066425298	0.0356376869835	-0.0100340061345	-0.0460894414044	-0.0194272984839	-0.0155066536255	-0.000870098258292	0.0243781289507	0.0409088550759	-0.055968681611	-0.0362063117801	-0.00816426945465	-0.0170989026978	-0.0374148295926	-0.00146049081307	0.00387003174199	0.0768378192218	-0.0311057298144	-0.0739696942528	-0.0451718151354	0.0236426650859	0.0318099038095	-0.0243552574471	-0.0210255960689	-0.0327260840496
k__Bacteria;p__Bacteroidetes;c__Bacteroidia;o__Bacteroidales;f__Rikenellaceae;g__Alistipes;s__Alistipes_putredinis	-0.0210561911956	-0.0549049236935	1.0	-0.0288869210235	-0.0234715733059	0.00618752256685	-0.0204456644374	0.0265353035968	0.0183720212633	0.0581059501622	-0.0209000894223	0.0495299501442	-0.00434786185627	-0.0345103341039	-0.0258339465413	-0.000668703329375	-0.00547699928782	-0.00416431438993	0.0153371419524	-0.0134258835568	0.0231431249815	-0.00879960366972	0.0753589484611	0.0377047677982	0.00158194517952	0.0550926076788	-0.058996463249	-0.00667048415172	-0.0342906340097	0.011429836953	0.0552619065885	0.0148237351226	-0.0168529207201	0.0930232239484	0.00872342325659	0.00565878040594	-0.0470391619786	-0.051215393598	0.0221296874704	-0.0467416201136	-0.0195608865884	0.00451002492435	0.00739782581184	0.013384343484	-0.00696369935698	0.0168225939999	-0.0279098392138	0.0160120328822	-0.008963572659	-0.0182653649237	-0.00244072785546	-0.0458631799683	0.0229387718282	-0.0523673242966	0.0242875269394	-0.0542062286952	-0.00966591613097	-0.0108339607709	-0.0778082571596
k__Bacteria;p__Bacteroidetes;c__Bacteroidia;o__Bacteroidales;f__Prevotellaceae;g__Prevotella;s__Prevotella_copri	-0.0685274877109	0.0312851028295	-0.0288869210235	1.0	-0.020465812021	0.00967193071108	0.0214566803366	-0.0513427724344	0.0379603817829	0.0529365291921	0.078836323844	0.0045384285905	0.00757471897356	0.0378571274493	-0.00617808859653	-0.0123188083922	-0.0511909489195	0.0340077505057	0.0101112633492	-0.0644737887397	0.0232935697921	-0.0216531125021	-0.00663646972042	-0.0837260422866	-0.00956413299442	-0.0336712567445	0.0062604000555	0.00884554890998	0.0131959638625	-0.0613432885535	-0.0148903111685	0.0189529883435	0.00771596469607	-0.00436043076244	0.00663873766553	0.0139430653405	-0.0110075130096	-0.00815881357437	-0.050698018705	0.0328301632467	-0.0482195094953	0.00755012254536	0.0302365097624	0.000745420308257	-0.0469447806241	-0.000191071405793	-0.00597410131776	-0.0490743006734	-0.0202319991358	0.00451941592444	0.00954945930609	0.0641773938852	-0.0128256240691	-0.0452038284591	0.0183458015746	0.021793631263	-0.0831460049037	-0.0409613959643	0.0108003706659
k__Bacteria;p__Bacteroidetes;c__Bacteroidia;o__Bacteroidales;f__Bacteroidaceae;g__Bacteroides;s__Bacteroides_stercoris	0.0318772472526	0.0116561040172	-0.0234715733059	-0.020465812021	1.0	-0.0479390684692	0.00159344970407	0.02724879959	0.00607627135525	-0.018434224388	-0.0859783205401	0.0435554937788	-0.00898085601206	-0.0061170113335	0.0369876312396	0.00339661403979	0.00952759580026	-0.0290950724823	-0.013964871572	0.01438362971	0.000836730919545	0.0445330017322	-0.0317832755746	-0.0533424209436	-0.0165138732294	-0.0210047070939	0.0463824098945	0.0455362660086	-0.0259940493958	-0.034351931279	-0.0483212319232	0.0144125984792	-0.0381445021593	0.0198919103821	-0.0163038992152	-0.0102101839645	-0.122646692271	-0.0308801806287	0.0213373636088	0.0195149521444	0.0796359418777	-0.00692404013764	-0.0212320174534	-0.0326912988401	0.0371306565452	0.0259385324565	-0.0323734035608	0.0333510394828	-0.0699769812801	-0.0125592868854	-0.0137551934678	0.0620475442973	-0.0293070919671	-0.00395789144561	-0.0366711999039	-0.00931818788629	-0.0424835258449	-0.0585039399508	0.0237186604673
k__Bacteria;p__Bacteroidetes;c__Bacteroidia;o__Bacteroidales;f__Bacteroidaceae;g__Bacteroides;s__Bacteroides_ovatus	-0.0294927264299	0.00842455105813	0.00618752256685	0.00967193071108	-0.0479390684692	1.0	0.0250907673431	0.0416907494249	0.0214881708243	0.0195278560445	0.0185842386412	-0.08196334132	-0.0480995163449	0.0171932123801	-0.0540634271228	-0.0404347014494	0.0166907404402	-0.0589021366617	-0.0355261126929	0.0173806924636	-0.0365480521532	0.0135662245892	0.0204916320365	-0.0525231838394	-0.0590944921693	-0.0273001305298	0.0187737040275	0.01980606815	0.0356583451999	0.0302475075515	0.00425889469818	-0.040558453	-0.00860312962673	-0.0586589214365	-0.0486045389071	-0.032588204235	-0.0702965394427	-0.0333079165787	0.0560649610239	0.0144393282914	-0.0314446014371	0.0299373222856	-0.0372784634873	0.00244106562843	-0.0182843303155	0.0635907118796	-0.0493618116345	0.00236448670719	-0.0258917792421	-0.0309001400723	-0.062473138495	-0.0260738433214	-0.00152336351107	0.0142635973434	-0.0171191224726	-0.0100427077091	-0.071617196677	0.0520744215832	0.0110033140308
k__Bacteria;p__Bacteroidetes;c__Bacteroidia;o__Bacteroidales;f__Rikenellaceae;g__Alistipes;s__Alistipes_shahii	-0.0162846450658	0.00929992432092	-0.0204456644374	0.0214566803366	0.00159344970407	0.0250907673431	1.0	-0.00266622558299	-0.0318145796597	-0.056189265	0.0229566905938	-0.0249756648325	-0.0240334026366	-0.0638723428958	-0.000445377287321	0.00477510440397	-0.00135515885311	-0.0704253042744	-0.0442436458915	0.0115609046997	0.0175855815783	-0.0261331244581	-0.0386812337682	0.0457555767396	0.00826988406417	-0.0468371714342	-0.0225213778548	-0.0112317667382	0.000208168943409	-0.0284682494784	-0.0033479546572	-0.00119746711847	0.0268438011675	-0.0629098994845	-0.0391095667506	0.0349199153573	0.0474649205028	-0.00437933529525	0.0119994436701	0.00609677298543	-0.0246668331352	0.00359207484334	0.00526758778501	0.00479745757797	0.00917681758478	-0.0262402903183	0.0450895955424	-0.00849660206118	0.031895993488	0.0172691559904	0.0441679021678	0.0345940008941	0.0295813583675	0.00744091527329	-0.0216229873539	0.0289231483823	0.0262134158577	0.0471215088725	0.0358066675903
k__Bacteria;p__Firmicutes;c__Clostridia;o__Clostridiales;f__Ruminococcaceae;g__Faecalibacterium;s__Faecalibacterium_prausnitzii	0.00712507998	-0.00747918926614	0.0265353035968	-0.0513427724344	0.02724879959	0.0416907494249	-0.00266622558299	1.0	-0.0305800365519	-0.126988739424	-0.0490067945245	0.00422864542837	-0.0456762235188	-0.0313695972695	-0.023850953844	0.00145888287099	-0.021845020601	-0.0672271946575	-0.0154140749369	0.00115618534346	0.0607690205826	-0.0398698877584	-0.0138290273564	0.0087298865319	0.0175465791635	-0.055552442542	0.00808725647796	0.0149117613917	0.0117318329528	0.0690036262142	-0.0338708543769	-0.0467358958396	-0.0255421851222	-0.015192921916	-0.012054838892	-0.0339715674032	0.0160785099825	0.0126541852384	-0.00379985213061	-0.0546620059851	-0.00917782755572	0.041789209946	0.0101592486923	-0.00732738933997	0.00097443316825	0.0375627830666	-0.0570122391482	-0.0616031929321	0.0872506243281	0.0323664260438	0.011624565738	-0.03146546427	-0.0538104590327	-0.0340596891594	-0.0193452146098	0.000400610987259	0.00409133069312	-0.018778781692	-0.00855482660632
k__Bacteria;p__Bacteroidetes;c__Bacteroidia;o__Bacteroidales;f__Rikenellaceae;g__Alistipes;s__Alistipes_finegoldii	0.0443966390544	0.0203925843893	0.0183720212633	0.0379603817829	0.00607627135525	0.0214881708243	-0.0318145796597	-0.0305800365519	1.0	0.0542351514579	0.0670306537441	0.0384654681646	-0.00592406859454	-0.0429705798351	-0.047985872443	-0.0419485960637	-0.0465391887965	0.0347171995833	0.0462128231809	-0.0159846599768	0.0322675197232	-0.0300558032436	-0.0330319825469	-0.0068987222768	-0.0305826715245	-0.0261849305343	0.0166692841425	0.0301586525054	-0.0228885645363	0.0139629709137	-0.0282311101954	-0.0163873812129	0.0142625782447	0.00392290653744	-0.0422184447994	0.00258023190173	-0.0270424892241	-0.059345884612	-0.0394797605561	-0.0341028996602	-0.0200503558447	0.00976195723866	-0.00830493315102	-0.030349228064	0.0290336724376	0.0014612018853	-0.104245087766	0.0508883777572	-0.0271331857695	-0.0138775127405	0.0368223730559	-0.0353803563744	-0.00361680700449	-0.0183325856187	-0.0085882369385	-0.0153431644306	-0.0332179940312	0.00489777547015	-0.028085802895
k__Bacteria;p__Bacteroidetes;c__Bacteroidia;o__Bacteroidales;f__Porphyromonadaceae;g__Parabacteroides;s__Parabacteroides_distasonis	-0.0578819416489	0.0617191935828	0.0581059501622	0.0529365291921	-0.018434224388	0.0195278560445	-0.056189265	-0.126988739424	0.0542351514579	1.0	-0.00728411471654	-0.0800667317266	-0.0162777940078	-0.0627226258194	-0.00689830717259	-0.00305713462162	-0.0161425218213	-0.0327337331797	0.0167009179751	0.00229460107793	0.0503085980872	-0.0351169444922	0.00559017776024	0.0524698510759	-0.0405629775773	-0.0483297182246	-0.0572392349068	-0.0165376704261	0.0440709479485	0.0453113782578	-0.0413605198652	0.0230147797898	0.00404767706863	0.00633328917582	-0.0305520997395	-0.0438846270397	0.0255388594905	-0.0739289015675	0.00238351652312	-0.0376212023249	-0.0162768759814	0.0845101898103	0.013641733633	-0.0224114397317	-0.0335010152065	0.0719777522687	-0.0261642534586	-0.0326978946812	-0.0217904843807	-0.00318152439584	-0.0549093428804	0.0228971381233	0.0647206411691	-0.00744949428034	-0.00281707442781	0.0075399648648	-0.0174668942233	0.0318584247535	-0.0164334736597
k__Bacteria;p__Bacteroidetes;c__Bacteroidia;o__Bacteroidales;f__Bacteroidaceae;g__Bacteroides;s__Bacteroides_thetaiotaomicron	-0.0292279058091	-0.0414352809562	-0.0209000894223	0.078836323844	-0.0859783205401	0.0185842386412	0.0229566905938	-0.0490067945245	0.0670306537441	-0.00728411471654	1.0	0.0825148323357	-0.0575518569375	0.0386731198394	-0.0449554688042	0.0432607755253	-0.0343379883088	-0.00604984296433	0.00831896147365	0.0331713308748	0.00820049827012	-0.0202817742886	-0.015132972999	-0.0385706694348	0.0298245895971	-0.00362863194795	-0.00525063733709	-0.0385434918521	-0.0147436686133	0.0206623597816	0.00390478545342	-0.073723567841	-0.036137617022	-0.0411216921849	-0.0171401117091	-0.0814724623545	-0.0171763117367	-0.0785672041763	-0.0353357536871	0.0452688246676	-0.0404070373838	0.0738617060965	0.0154950814663	0.02649985169	-0.0158334857122	0.0113817130331	0.00188236173068	-0.0799980097593	-0.00787708914679	-0.0362476226388	0.0175707540354	-0.00563226222072	0.00581439628058	-0.0157001975046	0.0027797579637	0.0175822834977	-0.0100623306319	0.0370034283052	0.00272021414356
k__Bacteria;p__Bacteroidetes;c__Bacteroidia;o__Bacteroidales;f__Bacteroidaceae;g__Bacteroides;s__Bacteroides_coprocola	-0.0202172465101	-0.0483148465075	0.0495299501442	0.0045384285905	0.0435554937788	-0.08196334132	-0.0249756648325	0.00422864542837	0.0384654681646	-0.0800667317266	0.0825148323357	1.0	0.00980428796712	0.0071344476317	0.00395018367741	-0.0214014799305	0.0450120584237	0.00805811906714	-0.0499900031762	0.0538340224454	-0.0284017389638	-0.0599753204765	0.0331335600287	-0.0323460065279	0.0218388160401	0.0129170105339	0.0344821299622	0.0235611748921	-0.0529743165932	0.0230187705798	0.025990802764	0.0458767058193	-0.0328707047485	-0.0535227272684	-0.0485497231826	-0.0063751698983	-0.0415440674499	0.0134764282167	-0.0110269839095	0.0290110483574	0.00679182978493	-0.0575990718946	-0.0168323779139	0.0036997905474	-0.0527711989505	0.0209088760456	-0.0567926977425	-0.0271875718235	0.015726139073	0.00626287298819	0.0520076042636	-0.0207707735779	-0.0531976668213	-0.0364161685006	0.000275118628919	-0.00108947343802	0.0159724766629	0.0274672923085	-0.0110802445387
k__Bacteria;p__Bacteroidetes;c__Bacteroidia;o__Bacteroidales;f__Bacteroidaceae;g__Bacteroides;s__Bacteroides_cellulosilyticus	0.0511548130826	-0.0678264096883	-0.00434786185627	0.00757471897356	-0.00898085601206	-0.0480995163449	-0.0240334026366	-0.0456762235188	-0.00592406859454	-0.0162777940078	-0.0575518569375	0.00980428796712	1.0	-0.0398795141033	0.079653215391	0.0453974212823	-0.0370465665717	0.0471028776608	0.0124826527167	0.00707819097577	-0.042086650423	0.0141066029304	-0.0734585485388	0.0279744721264	0.0066136736791	-0.0122611215247	-0.0723899272228	0.0451801566336	0.0146294122032	-0.0326797596676	-0.0549573760416	-0.0515073306499	-0.0267050113817	0.0336340329374	-0.0481589464712	-0.029306964454	0.00702453612134	-0.0448402016789	-0.0689701939574	0.00685777970967	0.0393387331345	0.0515151109013	0.0165141267718	-0.0144980283468	-0.00548699578607	0.0192671163284	-0.0146271188761	0.00144081717739	-0.0182426238795	0.029183104251	4.23885227477e-05	0.015823581738	-0.00876869233694	-0.0569339288225	0.046923165953	0.0242347325001	0.000688093075459	-0.0422099639602	-0.0132605296195
k__Bacteria;p__Bacteroidetes;c__Bacteroidia;o__Bacteroidales;f__Rikenellaceae;g__Alistipes;s__Alistipes_obesi	-0.0106539887709	0.0361959817732	-0.0345103341039	0.0378571274493	-0.0061170113335	0.0171932123801	-0.0638723428958	-0.0313695972695	-0.0429705798351	-0.0627226258194	0.0386731198394	0.0071344476317	-0.0398795141033	1.0	-0.0604788310857	0.00170332054497	0.008978678443	0.0228669755299	0.0103142622516	-0.0131221576551	-0.00741419462077	0.0183374789081	0.000400839653529	-0.000712058045755	0.0306163439361	-0.0128862056967	-0.0670233223715	0.0123575338301	0.00199758166281	-0.0211886587038	0.0373679768916	0.0437470865207	0.0321140279903	-0.0739997275912	0.0139594098249	-0.0707840913798	-0.0458802942409	0.0261302513034	-0.0283513271446	0.0124005779473	0.0189296967473	-0.0669093808011	-0.000217223737285	0.0170556937785	0.0440474998815	0.00985118389702	0.00706041832985	-0.00703206235687	-0.0494305517508	0.0361639226429	-0.0134157269521	-0.0106644491046	-0.0225262074536	0.0315415924105	-0.0156739914389	0.00723767278216	-0.0325400828387	0.0102861914608	0.026675190279
k__Bacteria;p__Firmicutes;c__Clostridia;o__Clostridiales;f__Lachnospiraceae;g__;s__[Eubacterium]_rectale	-0.0493556163246	0.0268387272328	-0.0258339465413	-0.00617808859653	0.0369876312396	-0.0540634271228	-0.000445377287321	-0.023850953844	-0.047985872443	-0.00689830717259	-0.0449554688042	0.00395018367741	0.079653215391	-0.0604788310857	1.0	0.0775460890964	-0.0614366186935	-0.00949744300344	0.0287818173547	-0.0570574151715	0.0435688072197	-0.0306587561499	-0.0824681033612	0.0394958261969	-0.0212458912018	0.039121655173	-0.0736942342408	0.064589334212	0.018864975256	-0.0285253134001	-0.0113895435988	-0.0429613454635	-0.0164720762721	-0.00814421592005	0.0395820681823	-0.0250174116119	0.0178943363722	0.0245652562333	-0.00336818886021	-0.0230370016508	-0.00435885488251	0.00993660883051	-0.00815979598809	-0.0277315812085	-0.0240425510706	-0.0253382495467	0.0198850577452	-0.0173454921118	-0.0035396119642	-0.00816118915856	-0.0108285629159	-0.0636965300196	-0.0570269549296	0.0584149424419	-0.0255528429622	-0.00132329477871	-0.0101574879319	0.0171660908249	0.00514045459784
k__Bacteria;p__Bacteroidetes;c__Bacteroidia;o__Bacteroidales;f__Bacteroidaceae;g__Bacteroides;s__Bacteroides_plebeius	0.0195323167972	-0.0164242278047	-0.000668703329375	-0.0123188083922	0.00339661403979	-0.0404347014494	0.00477510440397	0.00145888287099	-0.0419485960637	-0.00305713462162	0.0432607755253	-0.0214014799305	0.0453974212823	0.00170332054497	0.0775460890964	1.0	0.0319895781572	0.0252445827478	-0.0265441070174	-0.0772543259036	0.0564910655316	-0.0289435990625	-0.0164272181338	0.00851736256338	-0.039199997541	-0.00147749135669	-0.0413639241784	-0.0280472999463	-0.010033507758	-0.0336631569151	0.0317693756309	0.00415252715751	-0.0238069800558	0.0227773851321	-0.0371416595654	-0.0773642807199	0.00757440375713	-0.0465330455593	0.0454666581843	-0.0985286405166	0.0192374317974	-0.0517152394132	0.0243257190229	-0.00474635511889	0.0418062571929	-0.00940332853344	-0.0454533230411	-0.055980851057	-0.0467560297492	-0.0337966556525	-0.0505381579917	-0.0439054961874	0.00284771203505	-0.0428611066125	0.0199025942631	-0.0237110472286	0.00596175503859	-0.0344187869156	-0.0124515096865
k__Bacteria;p__Bacteroidetes;c__Bacteroidia;o__Bacteroidales;f__Bacteroidaceae;g__Bacteroides;s__Bacteroides_fragilis	-0.000977977236147	-0.0692938141293	-0.00547699928782	-0.0511909489195	0.00952759580026	0.0166907404402	-0.00135515885311	-0.021845020601	-0.0465391887965	-0.0161425218213	-0.0343379883088	0.0450120584237	-0.0370465665717	0.008978678443	-0.0614366186935	0.0319895781572	1.0	0.013556891801	-0.0134059176032	-0.0253500133322	0.013385604686	-0.0281525914673	-0.0583064049332	-0.0577055997545	0.017677942034	-0.0110335766531	-0.0147608420915	-0.0436145943552	-0.0116917213338	0.00631880813939	0.02859249762	0.057183860312	0.027897520147	0.0858327805168	0.054352316506	0.0145638032238	0.0330090548582	-0.0220263021232	-0.0344446038024	-0.0411431546103	0.0129781254077	-0.00449525399723	-0.0209222070415	-0.0473043703397	0.0494397668026	-0.020628250023	-0.00181754948207	-0.0360952961013	0.0275815466495	-0.037996518023	-0.00979429571325	-0.00778106431327	0.0129118649468	0.0215543988764	0.0143339881812	-0.0358362402337	-0.0520445107025	-0.0645887724269	-0.0213759524678
k__Bacteria;p__Proteobacteria;c__Betaproteobacteria;o__Burkholderiales;f__Sutterellaceae;g__Sutterella;s__Sutterella_wadsworthensis	0.0802935491653	0.00415438246178	-0.00416431438993	0.0340077505057	-0.0290950724823	-0.0589021366617	-0.0704253042744	-0.0672271946575	0.0347171995833	-0.0327337331797	-0.00604984296433	0.00805811906714	0.0471028776608	0.0228669755299	-0.00949744300344	0.0252445827478	0.013556891801	1.0	-0.0518376437576	0.0275108058869	-0.0588927706295	0.00655155906852	-0.0265406887627	0.0248487981884	-0.0297378645161	-0.00576839559128	-0.025816366039	0.033962335604	-0.0676645254612	0.00744008606222	0.041056572654	-0.0173417980759	0.0359223239799	-0.0158497954024	-0.0245607633154	-0.0654246929716	0.0236354559968	-0.00744175144217	-0.0294060271653	-0.0377852719311	0.0316458584869	-0.0445848967521	-0.043830891871	0.0210874442372	0.0855520685666	0.0221455864167	0.0719555669857	-0.000506953906506	-0.0893893352349	-0.0690930086621	-0.0134948580517	0.0610639788413	-0.0180896332522	-0.023278297461	0.000583029593306	-0.0302232453625	-0.00575211360533	-0.0378437383901	-0.0120227592041
k__Bacteria;p__Bacteroidetes;c__Bacteroidia;o__Bacteroidales;f__Porphyromonadaceae;g__Barnesiella;s__Barnesiella_intestinihominis	-0.00682272809439	-0.0174492710903	0.0153371419524	0.0101112633492	-0.013964871572	-0.0355261126929	-0.0442436458915	-0.0154140749369	0.0462128231809	0.0167009179751	0.00831896147365	-0.0499900031762	0.0124826527167	0.0103142622516	0.0287818173547	-0.0265441070174	-0.0134059176032	-0.0518376437576	1.0	-0.0268568149838	-0.0157816562328	-0.0153445847836	0.0109596015228	0.00892896582806	-0.0165106643324	0.0449077245162	0.0043139689603	0.0322252117809	-0.014908611307	0.013613010697	-0.0546551482712	-0.041421594001	-0.0449027750502	0.0657759341613	-0.0263111098695	0.0408427214404	0.020570057904	-0.017283746735	-0.0237950204436	0.0043691902284	0.0504185242235	-0.038821157105	0.00196973476271	0.0131606738662	-0.0318406111258	-0.0143132043394	0.0185197986175	-0.0205872449842	-0.00984349061775	0.0270733672493	-0.0368049115402	0.0111056179332	-0.0308600741794	-0.0179079315151	-0.0279837158297	-0.0653937091969	-0.0334384984738	0.0227093368305	0.0227090575913
k__Bacteria;p__Bacteroidetes;c__Bacteroidia;o__Bacteroidales;f__Odoribacteraceae;g__Odoribacter;s__Odoribacter_splanchnicus	-0.0314420089419	-0.00464280185231	-0.0134258835568	-0.0644737887397	0.01438362971	0.0173806924636	0.0115609046997	0.00115618534346	-0.0159846599768	0.00229460107793	0.0331713308748	0.0538340224454	0.00707819097577	-0.0131221576551	-0.0570574151715	-0.0772543259036	-0.0253500133322	0.0275108058869	-0.0268568149838	1.0	-0.000723191813524	-0.0326501962125	0.0374310653713	-0.00855209680063	0.0313352274448	-0.0624412163293	0.0443116064	-0.0163976529713	0.00172906820393	-0.00639383873761	-0.00501718745716	0.0533746352974	-0.0360257531147	-0.00314783338372	0.0167865369259	-0.0349626327768	-0.00412649386848	0.0328019592035	-0.0112811850871	-0.014569092805	-0.00839476863394	-0.02706525292	-0.0436608949838	0.0303217866703	-0.035662427911	-0.0645759794141	-0.0297240030003	0.015743069283	-0.00617095585405	0.0227313110403	-0.00616913134625	0.0188773823427	-0.0222341707268	0.0335852077326	-0.0185405888148	-0.0292725922679	0.0544256757345	0.00797445107063	-0.0476576236843
k__Bacteria;p__Bacteroidetes;c__Bacteroidia;o__Bacteroidales;f__Bacteroidaceae;g__Bacteroides;s__Bacteroides_salyersiae	0.00521570422091	0.0167719343862	0.0231431249815	0.0232935697921	0.000836730919545	-0.0365480521532	0.0175855815783	0.0607690205826	0.0322675197232	0.0503085980872	0.00820049827012	-0.0284017389638	-0.042086650423	-0.00741419462077	0.0435688072197	0.0564910655316	0.013385604686	-0.0588927706295	-0.0157816562328	-0.000723191813524	1.0	-0.0098329174019	0.0383707070347	-0.0242904815129	-0.0687886471491	-0.0446346462641	-0.0296203737298	-0.0243987147465	-0.0530016553539	-0.0947194474019	0.0542591081956	-0.00973728354104	-0.0172652387144	-0.0754370641319	-0.00136128896032	-0.0128661397425	-0.0131740542076	-0.0268932287158	-0.0276925299704	0.0613107883558	0.0143620001081	-0.012185769904	-0.0112929127216	0.0243006421612	-0.0433012966764	0.00583277672698	-0.0744423749644	-0.0540693720979	0.0281042950796	-0.0415471149904	-0.0401722687429	0.00471483374872	-0.033713198328	0.00757802165773	-0.0155898925223	0.00782938865103	0.0786786098026	0.0353062385431	-0.0138423957655
k__Bacteria;p__Firmicutes;c__Clostridia;o__Clostridiales;f__Ruminococcaceae;g__Ruminiclostridium;s__[Eubacterium]_siraeum	-0.0230129681472	-0.0473013294591	-0.00879960366972	-0.0216531125021	0.0445330017322	0.0135662245892	-0.0261331244581	-0.0398698877584	-0.0300558032436	-0.0351169444922	-0.0202817742886	-0.0599753204765	0.0141066029304	0.0183374789081	-0.0306587561499	-0.0289435990625	-0.0281525914673	0.00655155906852	-0.0153445847836	-0.0326501962125	-0.0098329174019	1.0	0.0344317688536	-0.0511873824253	0.0181648764548	0.0322579906807	0.0063080724908	-0.0189003344331	-0.0621684818676	0.00755954630328	0.0334556859069	0.00612089314024	0.00433935292958	-0.00631081241728	-0.0448407337123	-0.0396653280638	-0.0619710987387	-0.0130638662075	-0.00354187475429	-0.00919520120087	-0.0141643337856	0.0439015222587	-0.0020984179782	-0.0179881589974	0.0149467615639	0.0468377676259	-0.00015064412056	-0.00888588132772	0.0689719664552	-0.0417403048719	0.0286358549306	0.0599711265423	0.0118818210994	-0.00712851296456	-0.00828517136043	-0.0702826064548	0.0436165321508	-0.0178601911127	0.0268801606204
k__Bacteria;p__Proteobacteria;c__Betaproteobacteria;o__Burkholderiales;f__Sutterellaceae;g__Parasutterella;s__Parasutterella_excrementihominis	-0.0414288272567	-0.0436680213684	0.0753589484611	-0.00663646972042	-0.0317832755746	0.0204916320365	-0.0386812337682	-0.0138290273564	-0.0330319825469	0.00559017776024	-0.015132972999	0.0331335600287	-0.0734585485388	0.000400839653529	-0.0824681033612	-0.0164272181338	-0.0583064049332	-0.0265406887627	0.0109596015228	0.0374310653713	0.0383707070347	0.0344317688536	1.0	0.00367857230825	-0.0308311920151	0.0290974759989	-0.0126147648968	-0.0564626506439	-0.0196436350941	-0.0423263116226	0.00121611007359	0.0304956959319	0.0259923030683	0.0269793755874	-0.0226895052335	-0.0180146355427	0.00300405694728	-0.0269957165936	-0.056241510462	-0.0103919555315	-0.0701714420121	0.0152592235972	0.0313588571556	-0.0329169741846	-0.0124353796352	0.0479445559272	-0.0361637757779	-0.0167274962605	-0.00790327553395	-0.00964315006697	-0.0754505099032	-0.0275540591043	-0.0397331503189	0.0302512728052	0.0129523301172	-0.0380722168331	-0.0268466067581	0.00980628943347	-0.0727196438613
k__Bacteria;p__Actinobacteria;c__Actinobacteria;o__Bifidobacteriales;f__Bifidobacteriaceae;g__Bifidobacterium;s__Bifidobacterium_adolescentis	0.0129088111639	0.0167151977211	0.0377047677982	-0.0837260422866	-0.0533424209436	-0.0525231838394	0.0457555767396	0.0087298865319	-0.0068987222768	0.0524698510759	-0.0385706694348	-0.0323460065279	0.0279744721264	-0.000712058045755	0.0394958261969	0.00851736256338	-0.0577055997545	0.0248487981884	0.00892896582806	-0.00855209680063	-0.0242904815129	-0.0511873824253	0.00367857230825	1.0	-0.0446399854296	-0.0260077351678	0.00216845632696	0.013396134949	0.0286279971185	-0.0202355985343	-0.00962681007855	0.0595930657489	-0.0057431780193	0.003391422188	-0.0505023139527	-0.0644253819647	-0.0320514274875	-0.00488781177952	0.0452109815233	0.051439826	0.00749190664261	-0.0359082905382	-0.0315984779419	0.0202592724196	-0.064641110293	-0.0124429545063	-0.0269882939287	0.0351084063492	0.0130766226801	-0.0343937716996	0.0186748298193	0.013086898152	0.0151252133752	0.0343315533261	0.0606662940262	-0.0564841710949	0.0270349954382	-0.0880169340968	0.033250837501
k__Bacteria;p__Firmicutes;c__Clostridia;o__Clostridiales;f__Oscillospiraceae;g__Oscillibacter;s__Oscillibacter_sp._KLE_1745	-0.0486308339559	-0.0547713696664	0.00158194517952	-0.00956413299442	-0.0165138732294	-0.0590944921693	0.00826988406417	0.0175465791635	-0.0305826715245	-0.0405629775773	0.0298245895971	0.0218388160401	0.0066136736791	0.0306163439361	-0.0212458912018	-0.039199997541	0.017677942034	-0.0297378645161	-0.0165106643324	0.0313352274448	-0.0687886471491	0.0181648764548	-0.0308311920151	-0.0446399854296	1.0	-0.0337737651351	-0.00886502471965	-0.0204169702146	-0.013139712662	-0.0223733805391	-0.00125051425577	-0.0292287910442	0.00517958814923	-0.0526339474528	-0.0515622516271	-0.0164470205173	0.00612003466433	-0.0411143935194	-0.0109778236357	0.00297656338561	0.0526813161282	-0.0111934720003	0.017617681098	0.0138566262647	-0.0250530868878	0.016255344186	-0.0390078130639	-0.0248168234493	0.0603887897897	0.0128328979228	0.00131239979836	-0.0753268168157	-0.0246834592563	0.0234400054858	0.00517430487472	0.0259453170873	-0.0122375538151	-0.0210535004887	0.00975464503328
k__Bacteria;p__Bacteroidetes;c__Bacteroidia;o__Bacteroidales;f__Bacteroidaceae;g__Bacteroides;s__Bacteroides_coprophilus	0.0129392187137	-0.0105246715284	0.0550926076788	-0.0336712567445	-0.0210047070939	-0.0273001305298	-0.0468371714342	-0.055552442542	-0.0261849305343	-0.0483297182246	-0.00362863194795	0.0129170105339	-0.0122611215247	-0.0128862056967	0.039121655173	-0.00147749135669	-0.0110335766531	-0.00576839559128	0.0449077245162	-0.0624412163293	-0.0446346462641	0.0322579906807	0.0290974759989	-0.0260077351678	-0.0337737651351	1.0	-0.00622557834204	-0.0595339690007	0.0616982767736	0.0362390250085	0.0303422015735	-0.0133532073239	0.0477595964325	-0.027528788484	-0.0399007899595	0.0329642805272	0.0320653881246	-0.0208226493456	0.000384638495457	0.0515308982131	-0.0071040866779	-0.00440859193036	-0.0878115551254	0.0238693593187	-0.0236951229642	-0.0541886368989	-0.0608317984526	0.0319967885104	-0.0110823343102	-0.0351153963274	-0.00694367693687	-0.0269591230177	0.0170762754707	-0.0277053507131	0.000884090606767	-0.0551986616512	-0.0199183153945	0.00824172321222	0.0234497014962
k__Bacteria;p__Firmicutes;c__Clostridia;o__Clostridiales;f__Lachnospiraceae;g__Roseburia;s__Roseburia_intestinalis	0.00562783834094	0.00675881470879	-0.058996463249	0.0062604000555	0.0463824098945	0.0187737040275	-0.0225213778548	0.00808725647796	0.0166692841425	-0.0572392349068	-0.00525063733709	0.0344821299622	-0.0723899272228	-0.0670233223715	-0.0736942342408	-0.0413639241784	-0.0147608420915	-0.025816366039	0.0043139689603	0.0443116064	-0.0296203737298	0.0063080724908	-0.0126147648968	0.00216845632696	-0.00886502471965	-0.00622557834204	1.0	-0.0544492120489	0.00140474259026	-0.0497175338675	0.0150424524859	-0.0153706432306	-0.0104199252071	0.00198599441605	-0.00523238448321	0.0420745361531	-0.00428663721533	-0.0210952644146	-0.0481986631864	0.0378335196397	0.00425649871526	-0.0371292977119	-0.0483985450142	-0.0175778764148	0.0471831456972	-0.0162882047796	-0.0438815943	-0.0299253568418	0.0195050399151	-0.0321816367606	0.0214645568754	-0.0814871140901	-0.0651126374904	-0.0457478720548	-0.0132606028597	0.0332921810481	0.0588611310873	0.0243305850372	0.0339624712767
k__Bacteria;p__Firmicutes;c__Clostridia;o__Clostridiales;f__Lachnospiraceae;g__Roseburia;s__Roseburia_hominis	-0.0174771272363	-0.0209075224784	-0.00667048415172	0.00884554890998	0.0455362660086	0.01980606815	-0.0112317667382	0.0149117613917	0.0301586525054	-0.0165376704261	-0.0385434918521	0.0235611748921	0.0451801566336	0.0123575338301	0.064589334212	-0.0280472999463	-0.0436145943552	0.033962335604	0.0322252117809	-0.0163976529713	-0.0243987147465	-0.0189003344331	-0.0564626506439	0.013396134949	-0.0204169702146	-0.0595339690007	-0.0544492120489	1.0	-0.0214177878466	-0.00245855213142	0.038432800662	-0.0544994151859	0.000891683482329	-0.0126027908522	-0.0561852661512	0.0372966794739	0.0260395841623	0.0482945549138	-0.01546153539	-0.00179455340917	-0.0283783031729	0.00946027502391	0.0763641495697	-0.0316365771856	0.016062416182	-0.0129182556441	-0.0579370118607	-0.00644399599953	-0.0473379788738	-0.0445401183244	0.000185385734372	0.0290727572809	-0.0305144711156	0.0261967330439	-0.0465528432542	-0.00169820947473	-0.0144261147866	0.0414945000214	-0.0595380568615
k__Bacteria;p__Bacteroidetes;c__Bacteroidia;o__Bacteroidales;f__Porphyromonadaceae;g__Parabacteroides;s__Parabacteroides_johnsonii	-0.0709590117967	-0.0164516116358	-0.0342906340097	0.0131959638625	-0.0259940493958	0.0356583451999	0.000208168943409	0.0117318329528	-0.0228885645363	0.0440709479485	-0.0147436686133	-0.0529743165932	0.0146294122032	0.00199758166281	0.018864975256	-0.010033507758	-0.0116917213338	-0.0676645254612	-0.014908611307	0.00172906820393	-0.0530016553539	-0.0621684818676	-0.0196436350941	0.0286279971185	-0.013139712662	0.0616982767736	0.00140474259026	-0.0214177878466	1.0	0.0183997165269	0.0114141258967	0.0520750757636	-0.0233247862986	0.00681860693399	-0.0432397762865	0.091616281424	-0.00542588720105	0.0192080367235	-0.0731686227807	-0.0138302923476	-0.0625576058132	-7.02751713247e-05	-0.0231600011838	0.0445003186283	0.00485609123425	0.00947207946592	0.00912161877275	-0.0578674755019	-0.00269449932195	0.0120953383881	-0.0327236541282	-0.048173712325	0.0334519227062	0.0735329350726	0.118971953169	-0.0326563824398	-0.015502346564	-0.0658401305318	-0.0522238197995
k__Bacteria;p__Actinobacteria;c__Actinobacteria;o__Bifidobacteriales;f__Bifidobacteriaceae;g__Bifidobacterium;s__Bifidobacterium_longum	-0.00686614725207	-0.00105584105625	0.011429836953	-0.0613432885535	-0.034351931279	0.0302475075515	-0.0284682494784	0.0690036262142	0.0139629709137	0.0453113782578	0.0206623597816	0.0230187705798	-0.0326797596676	-0.0211886587038	-0.0285253134001	-0.0336631569151	0.00631880813939	0.00744008606222	0.013613010697	-0.00639383873761	-0.0947194474019	0.00755954630328	-0.0423263116226	-0.0202355985343	-0.0223733805391	0.0362390250085	-0.0497175338675	-0.00245855213142	0.0183997165269	1.0	0.0177336449931	0.00100182588449	-0.00868311321907	-0.0217928764109	0.0125563218851	0.00538807568354	-0.00704835726985	0.015282684027	-0.0661501004004	0.0215081344343	-0.0570837097633	0.0155287668259	0.0203508995866	0.0636661833967	-0.00534261201542	-0.0157638531143	0.0386729529819	-0.0630302910512	-0.0406647598004	-0.040438290535	0.0314572949847	-0.0494093839257	-0.0129187614833	0.0525332003385	0.00821419853498	-0.00634579882182	-0.0117942862534	-0.0448321496933	0.0183274112127
