#taxonomy	k__Bacteria;p__Bacteroidetes;c__Bacteroidia;o__Bacteroidales;f__Bacteroidaceae;g__Bacteroides;s__Bacteroides_vulgatus	k__Bacteria;p__Bacteroidetes;c__Bacteroidia;o__Bacteroidales;f__Bacteroidaceae;g__Bacteroides;s__Bacteroides_uniformis	k__Bacteria;p__Bacteroidetes;c__Bacteroidia;o__Bacteroidales;f__Rikenellaceae;g__Alistipes;s__Alistipes_putredinis	k__Bacteria;p__Bacteroidetes;c__Bacteroidia;o__Bacteroidales;f__Prevotellaceae;g__Prevotella;s__Prevotella_copri	k__Bacteria;p__Bacteroidetes;c__Bacteroidia;o__Bacteroidales;f__Bacteroidaceae;g__Bacteroides;s__Bacteroides_stercoris	k__Bacteria;p__Bacteroidetes;c__Bacteroidia;o__Bacteroidales;f__Bacteroidaceae;g__Bacteroides;s__Bacteroides_ovatus	k__Bacteria;p__Bacteroidetes;c__Bacteroidia;o__Bacteroidales;f__Rikenellaceae;g__Alistipes;s__Alistipes_shahii	k__Bacteria;p__Firmicutes;c__Clostridia;o__Clostridiales;f__Ruminococcaceae;g__Faecalibacterium;s__Faecalibacterium_prausnitzii	k__Bacteria;p__Bacteroidetes;c__Bacteroidia;o__Bacteroidales;f__Rikenellaceae;g__Alistipes;s__Alistipes_finegoldii	k__Bacteria;p__Bacteroidetes;c__Bacteroidia;o__Bacteroidales;f__Porphyromonadaceae;g__Parabacteroides;s__Parabacteroides_distasonis	k__Bacteria;p__Bacteroidetes;c__Bacteroidia;o__Bacteroidales;f__Bacteroidaceae;g__Bacteroides;s__Bacteroides_thetaiotaomicron	k__Bacteria;p__Bacteroidetes;c__Bacteroidia;o__Bacteroidales;f__Bacteroidaceae;g__Bacteroides;s__Bacteroides_coprocola	k__Bacteria;p__Bacteroidetes;c__Bacteroidia;o__Bacteroidales;f__Bacteroidaceae;g__Bacteroides;s__Bacteroides_cellulosilyticus	k__Bacteria;p__Bacteroidetes;c__Bacteroidia;o__Bacteroidales;f__Rikenellaceae;g__Alistipes;s__Alistipes_obesi	k__Bacteria;p__Firmicutes;c__Clostridia;o__Clostridiales;f__Lachnospiraceae;g__;s__[Eubacterium]_rectale	k__Bacteria;p__Bacteroidetes;c__Bacteroidia;o__Bacteroidales;f__Bacteroidaceae;g__Bacteroides;s__Bacteroides_plebeius	k__Bacteria;p__Bacteroidetes;c__Bacteroidia;o__Bacteroidales;f__Bacteroidaceae;g__Bacteroides;s__Bacteroides_fragilis	k__Bacteria;p__Proteobacteria;c__Betaproteobacteria;o__Burkholderiales;f__Sutterellaceae;g__Sutterella;s__Sutterella_wadsworthensis	k__Bacteria;p__Bacteroidetes;c__Bacteroidia;o__Bacteroidales;f__Porphyromonadaceae;g__Barnesiella;s__Barnesiella_intestinihominis	k__Bacteria;p__Bacteroidetes;c__Bacteroidia;o__Bacteroidales;f__Odoribacteraceae;g__Odoribacter;s__Odoribacter_splanchnicus	k__Bacteria;p__Bacteroidetes;c__Bacteroidia;o__Bacteroidales;f__Bacteroidaceae;g__Bacteroides;s__Bacteroides_salyersiae	k__Bacteria;p__Firmicutes;c__Clostridia;o__Clostridiales;f__Ruminococcaceae;g__Ruminiclostridium;s__[Eubacterium]_siraeum	k__Bacteria;p__Proteobacteria;c__Betaproteobacteria;o__Burkholderiales;f__Sutterellaceae;g__Parasutterella;s__Parasutterella_excrementihominis	k__Bacteria;p__Actinobacteria;c__Actinobacteria;o__Bifidobacteriales;f__Bifidobacteriaceae;g__Bifidobacterium;s__Bifidobacterium_adolescentis	k__Bacteria;p__Firmicutes;c__Clostridia;o__Clostridiales;f__Oscillospiraceae;g__Oscillibacter;s__Oscillibacter_sp._KLE_1745	k__Bacteria;p__Bacteroidetes;c__Bacteroidia;o__Bacteroidales;f__Bacteroidaceae;g__Bacteroides;s__Bacteroides_coprophilus	k__Bacteria;p__Firmicutes;c__Clostridia;o__Clostridiales;f__Lachnospiraceae;g__Roseburia;s__Roseburia_intestinalis	k__Bacteria;p__Firmicutes;c__Clostridia;o__Clostridiales;f__Lachnospiraceae;g__Roseburia;s__Roseburia_hominis	k__Bacteria;p__Bacteroidetes;c__Bacteroidia;o__Bacteroidales;f__Porphyromonadaceae;g__Parabacteroides;s__Parabacteroides_johnsonii	k__Bacteria;p__Actinobacteria;c__Actinobacteria;o__Bifidobacteriales;f__Bifidobacteriaceae;g__Bifidobacterium;s__Bifidobacterium_longum	k__Bacteria;p__Firmicutes;c__Clostridia;o__Clostridiales;f__;g__Flavonifractor;s__Flavonifractor_plautii	k__Bacteria;p__Firmicutes;c__Clostridia;o__Clostridiales;f__Clostridiaceae;g__Clostridium;s__Clostridium_phoceensis	k__Bacteria;p__Verrucomicrobia;c__Verrucomicrobiae;o__Verrucomicrobiales;f__Akkermansiaceae;g__Akkermansia;s__Akkermansia_muciniphila	k__Bacteria;p__Bacteroidetes;c__Bacteroidia;o__Bacteroidales;f__Prevotellaceae;g__Paraprevotella;s__Paraprevotella_xylaniphila	k__Bacteria;p__Firmicutes;c__Clostridia;o__Clostridiales;f__Ruminococcaceae;g__Ruminococcus;s__Ruminococcus_callidus	k__Bacteria;p__Bacteroidetes;c__Bacteroidia;o__Bacteroidales;f__Rikenellaceae;g__Alistipes;s__Alistipes_senegalensis	k__Bacteria;p__Firmicutes;c__Clostridia;o__Clostridiales;f__Lachnospiraceae;g__Blautia;s__Blautia_sp._KLE_1732	k__Bacteria;p__Bacteroidetes;c__Bacteroidia;o__Bacteroidales;f__Bacteroidaceae;g__Bacteroides;s__Bacteroides_oleiciplenus	k__Bacteria;p__Firmicutes;c__Clostridia;o__Clostridiales;f__Ruminococcaceae;g__Ruminococcus;s__Ruminococcus_bicirculans	k__Bacteria;p__Bacteroidetes;c__Bacteroidia;o__Bacteroidales;f__Bacteroidaceae;g__Bacteroides;s__Bacteroides_fluxus	k__Bacteria;p__Bacteroidetes;c__Bacteroidia;o__Bacteroidales;f__Prevotellaceae;g__Prevotella;s__Prevotella_stercorea	k__Bacteria;p__Firmicutes;c__Clostridia;o__Clostridiales;f__Lachnospiraceae;g__Dorea;s__Dorea_longicatena	k__Bacteria;p__Firmicutes;c__Clostridia;o__Clostridiales;f__Eubacteriaceae;g__Eubacterium;s__[Eubacterium]_eligens	k__Bacteria;p__Firmicutes;c__Clostridia;o__Clostridiales;f__Ruminococcaceae;g__;s__Ruminococcaceae_bacterium_D16	k__Bacteria;p__Firmicutes;c__Clostridia;o__Clostridiales;f__Lachnospiraceae;g__Coprococcus;s__Coprococcus_comes	k__Bacteria;p__Proteobacteria;c__Gammaproteobacteria;o__Enterobacterales;f__Enterobacteriaceae;g__Escherichia;s__Escherichia_coli	k__Bacteria;p__Firmicutes;c__Clostridia;o__Clostridiales;f__Ruminococcaceae;g__Anaerotruncus;s__Anaerotruncus_colihominis	k__Bacteria;p__Firmicutes;c__Clostridia;o__Clostridiales;f__Lachnospiraceae;g__Blautia;s__Blautia_obeum	k__Bacteria;p__Bacteroidetes;c__Bacteroidia;o__Bacteroidales;f__Odoribacteraceae;g__Odoribacter;s__Odoribacter_laneus	k__Bacteria;p__Firmicutes;c__Clostridia;o__Clostridiales;f__Ruminococcaceae;g__Ruminiclostridium;s__[Clostridium]_leptum	k__Bacteria;p__Bacteroidetes;c__Bacteroidia;o__Bacteroidales;f__Porphyromonadaceae;g__Parabacteroides;s__Parabacteroides_goldsteinii	k__Bacteria;p__Firmicutes;c__Clostridia;o__Clostridiales;f__Lachnospiraceae;g__Anaerostipes;s__Anaerostipes_hadrus	k__Bacteria;p__Firmicutes;c__Clostridia;o__Clostridiales;f__Ruminococcaceae;g__Ruminococcus;s__Ruminococcus_lactaris	k__Bacteria;p__Firmicutes;c__Clostridia;o__Clostridiales;f__Clostridiaceae;g__Clostridium;s__Clostridium_sp._L2-50	k__Bacteria;p__Firmicutes;c__Clostridia;o__Clostridiales;f__Clostridiaceae;g__Clostridium;s__Clostridium_sp._M62/1	k__Bacteria;p__Firmicutes;c__Clostridia;o__Clostridiales;f__;g__Intestinimonas;s__Intestinimonas_butyriciproducens	k__Bacteria;p__Actinobacteria;c__Actinobacteria;o__Bifidobacteriales;f__Bifidobacteriaceae;g__Bifidobacterium;s__Bifidobacterium_bifidum	k__Bacteria;p__Firmicutes;c__Negativicutes;o__Veillonellales;f__Veillonellaceae;g__Dialister;s__Dialister_invisus	k__Bacteria;p__Bacteroidetes;c__Bacteroidia;o__Bacteroidales;f__Bacteroidaceae;g__Bacteroides;s__Bacteroides_salanitronis
k__Bacteria;p__Bacteroidetes;c__Bacteroidia;o__Bacteroidales;f__Bacteroidaceae;g__Bacteroides;s__Bacteroides_vulgatus	1.0	0.0517630774679	-0.0563993145394	-0.029038078205	0.0284931166296	-0.0445105969922	-0.1172504689	-0.0360377330465	0.0188984693649	0.0640859106438	-0.055870391785	-0.0554267253969	-0.0012312549116	-0.0293611458217	0.01336327603	0.0436011746351	-0.00209334756463	0.0759985203895	-0.126658435558	0.0429784305035	-0.0533420444479	-0.0109444233845	0.034162171859	0.0191555538824	0.0633761517721	-0.0112352664931	-0.0339816314822	0.0236461748999	0.017155739155	-0.0375036992845	-0.0181794617362	-0.0170709617933	0.0617095721333	-0.00275530474877	0.0928991614282	-0.0589442345403	0.082443466634	-0.0224288653183	-0.0212595843407	-0.0286753933683	-0.0343941483388	-0.0144062483654	0.0150324646654	0.0187666174911	-0.00135970196567	-0.0273895257093	-0.0301894231131	-0.00885400430649	0.00414425435191	-0.067038859745	-0.0351702437189	0.00514916608896	-0.0225158114545	-0.0740277067594	-0.0720396728572	-0.0201541047739	-0.0173912571699	-0.0373875455684	-0.0718325114886
k__Bacteria;p__Bacteroidetes;c__Bacteroidia;o__Bacteroidales;f__Bacteroidaceae;g__Bacteroides;s__Bacteroides_uniformis	0.0517630774679	1.0	0.0238051231777	-0.00244964958077	-0.0287943290372	-0.0193743054672	-0.0510410426411	0.0152593214537	0.00817369401246	-0.0296875138789	-0.0400511680961	-0.0414089575152	0.0183220819324	-0.0123114262495	-0.00720216482272	0.0481885800086	-0.0485955216356	0.0297159833528	0.0342433143241	-0.0130411531206	-0.0515827325067	-0.0508491604217	-0.00381802607852	-0.0497374550125	-0.0225264883825	0.0400857136193	-0.0218801797702	0.061079285686	-0.0320152292009	0.0588639696067	-0.0820707837029	0.0133552559338	-0.00761261949659	-0.0389455447625	-0.0351051741895	0.0461696980766	-0.0287377771955	0.00847222618087	-0.0889057017847	-0.0127134438218	0.0610142233171	-0.0215285974444	0.0278148622631	-0.0340362656244	0.00300543344522	-0.0347109463571	-0.067687444128	-0.0390355999579	-0.0926912058796	0.0282258515902	-0.0795143374231	-0.0902588626583	0.0548834661656	0.0739047633362	-0.0242125120781	-0.0217591832363	-0.0723363865376	0.0568172008844	0.030388324049
k__Bacteria;p__Bacteroidetes;c__Bacteroidia;o__Bacteroidales;f__Rikenellaceae;g__Alistipes;s__Alistipes_putredinis	-0.0563993145394	0.0238051231777	1.0	0.0797894341851	-0.0189927168783	0.00726863635879	-0.0404717242184	-0.0022932156468	0.0585064502932	-0.0662362374962	-0.0798989734312	0.0170843885015	-0.012611447038	0.014823124967	-0.0116506482335	-0.0189934571782	-0.00378396363797	-0.00164313605413	-0.04023526989	0.0208906105586	0.0135276121524	-0.0435559240878	-0.0807975382521	0.0555151436671	-0.0578139943088	0.0255514121204	-0.020767271697	0.0136637367072	0.030056743326	0.0422830033742	0.106300862628	-0.0719493611214	-0.0500979735078	0.0019291180877	-0.0723019846011	-0.0024408100414	-0.018698151327	-0.0460400772034	-0.115314143582	0.0978049162955	0.019807754183	-0.0968820884223	0.0841750903055	-0.0833442876328	-0.00585771714696	-0.0157704918872	-0.0414215761016	-0.0472231586934	0.0803546029154	0.022497334442	-0.0026262096736	-0.0334727655515	0.0360445706487	-0.0125930220063	0.0307551458364	-0.0108575124241	-0.0333755530477	-0.108077089671	-0.062420112356
k__Bacteria;p__Bacteroidetes;c__Bacteroidia;o__Bacteroidales;f__Prevotellaceae;g__Prevotella;s__Prevotella_copri	-0.029038078205	-0.00244964958077	0.0797894341851	1.0	0.0420646680165	-0.00629982195615	-0.114997548279	0.0381168252346	-0.0342234424429	-0.0253611916683	-0.0523548772639	-0.00183379420279	0.00265010448347	-0.0639203194714	0.0588397039311	-0.0354055675246	0.0266325905177	-0.0508860234093	0.0362716709642	0.0205860588708	-0.0163865266881	-0.018058494824	0.0161954779987	-0.0787823966747	0.0210898460167	-0.0544217546312	-0.0873950031391	0.0319370171444	-0.0129444260184	0.0207337656601	0.0795582847808	0.0210522539416	-0.0702994379975	-0.124609842969	0.0215692708681	-0.00725640029766	0.0726589689313	-0.0837612196192	0.0722652409249	-0.0347585539283	-0.0203843983185	-0.0389364325171	-0.020466121188	-0.0158133397867	-0.0746103610281	-0.0516477016858	0.000986632376129	-0.0930230711919	-0.0424881380279	-0.0729694870411	-0.0644904358973	-0.0286808126558	-0.142307702286	-0.0436853004621	-0.0321568242576	0.002244154778	-0.0301329695529	0.0497249124045	-0.0665292340464
k__Bacteria;p__Bacteroidetes;c__Bacteroidia;o__Bacteroidales;f__Bacteroidaceae;g__Bacteroides;s__Bacteroides_stercoris	0.0284931166296	-0.0287943290372	-0.0189927168783	0.0420646680165	1.0	0.0552984295873	-0.0917479449845	-0.0316261108851	0.00474337069619	0.0144184899677	0.00992388008812	-0.0760034195722	-0.020334163571	0.0630831768618	-0.0284568495062	-0.0804268171851	-0.0130167504632	0.000845086641568	-0.0607498582046	-0.0176977232477	-0.0567129124069	-0.0106636714709	-0.0617527483946	-0.0374038397183	0.0420439611394	0.0206586933359	-0.00166203058729	-0.0134229923285	-0.0747594597375	-0.0127228016578	0.0245347443716	-0.00313919606868	-0.000636551983199	-0.00889615974941	0.00516538654201	0.00588919661436	-0.0306262297989	-0.0857340773217	-0.0123533490401	0.0532841285792	-0.0937901048115	-0.0319525965748	0.00927324990607	0.0026161591615	0.00389507006092	0.0119634845902	-0.0539243952071	0.0135456634092	-0.0249539437418	0.00377633966275	0.00822958871	-0.0187250707344	0.0299546412011	-0.0570598295913	0.0490274334292	-0.0242165643763	-0.0520703225928	-0.08616256986	-0.0513175119879
k__Bacteria;p__Bacteroidetes;c__Bacteroidia;o__Bacteroidales;f__Bacteroidaceae;g__Bacteroides;s__Bacteroides_ovatus	-0.0445105969922	-0.0193743054672	0.00726863635879	-0.00629982195615	0.0552984295873	1.0	0.00582601366421	-0.134198020225	0.0709392376261	-0.0734986484322	0.0689398094184	-0.0319448105217	0.0471426363914	-0.00821348949817	0.012286095522	-0.0033061643637	-0.0203287967696	-0.0195673654114	-0.0559155155003	0.0351136690837	-0.125805620897	-0.0122678683713	-0.0406014653035	-0.0106782264979	-0.0443885855919	0.041121524361	0.0164807151279	-0.0557472552767	-0.046029249232	0.00897142238828	0.0318819630809	0.00492646320176	0.0492370047812	-0.00214878735427	-0.0744823469798	-0.0607959660808	-0.0137928024281	-0.0968198669077	-0.0581945491677	-0.0203141223573	-0.0332637430123	-0.0402777800213	-0.028047633408	0.0517992436472	-0.0400775672968	-0.0276317835543	-0.00998738085133	-0.118609928421	0.000130919764127	-0.0383446901139	0.0124420409777	0.00342991111126	0.0121143638483	-0.0334059583992	-0.0293378408699	0.0279234908582	-0.0751741243292	-0.0433409159532	-0.00219557028256
k__Bacteria;p__Bacteroidetes;c__Bacteroidia;o__Bacteroidales;f__Rikenellaceae;g__Alistipes;s__Alistipes_shahii	-0.1172504689	-0.0510410426411	-0.0404717242184	-0.114997548279	-0.0917479449845	0.00582601366421	1.0	-0.00308924104277	-0.0463593892259	-0.0515958213409	0.00738973418264	0.0124011124919	0.00712099262852	0.0286232649394	-0.0631366651286	-0.0612888717585	0.0334628760269	-0.0224456208084	-0.0055062992917	0.0419275144547	0.0823159534556	0.00710626064263	-0.00359945609329	0.00168661088722	-0.0471194512584	-0.0359446115285	-0.0384354005044	-0.0147570638148	0.0318398071081	-0.0295634005624	-0.0409940991387	-0.0257974397157	-0.0530158563416	0.0111059550382	-0.0588909632335	-0.0519330074146	-0.021977476397	-0.0191595944944	-0.0428044071959	-0.0762890994684	-0.0275480976731	0.0155162234422	0.0557822131467	-0.0501585455524	-0.00318849356968	0.0230033894573	0.0216433314129	0.0874854219283	-0.0103393944254	0.017438028836	-0.0125933908433	-0.00659148245463	0.0361029211007	-0.0464398244015	-0.0447235447195	0.0157398726854	0.0261315164004	-0.0582806216679	0.0747574362235
k__Bacteria;p__Firmicutes;c__Clostridia;o__Clostridiales;f__Ruminococcaceae;g__Faecalibacterium;s__Faecalibacterium_prausnitzii	-0.0360377330465	0.0152593214537	-0.0022932156468	0.0381168252346	-0.0316261108851	-0.134198020225	-0.00308924104276	1.0	0.0222562494429	-0.0496620645896	-0.0763350198774	-0.0403859135503	-0.00284227805174	-0.0649250374561	-0.0490578307755	0.00122420225853	-0.0297170870035	-0.0209699162124	0.0572434747394	0.0787034577947	0.0105535399888	-0.0154036261001	0.0328351506886	0.0848505131869	-0.00204568671034	-0.06901263624	0.0427462050692	-0.0341663441576	-0.0743412510377	-0.00602093399915	-0.0310366489382	-0.0104690909801	-0.0105121777802	0.00537318460523	0.00779083688981	-0.0348948380273	-0.0612704654826	0.024660218408	0.0262643841577	0.0217794693687	-0.048300077353	-0.0440069758819	-0.022510633136	-0.00890056195707	-0.0634689612808	0.0152456674864	-0.0491327935772	0.0264509142307	-0.0666273412415	-0.0242901277127	-0.0830543704497	0.044007239536	-0.0611288234396	-0.032430069851	0.0337363273155	-0.0866644904199	-0.0252003374807	-0.0402461235127	0.0120210920741
k__Bacteria;p__Bacteroidetes;c__Bacteroidia;o__Bacteroidales;f__Rikenellaceae;g__Alistipes;s__Alistipes_finegoldii	0.0188984693649	0.00817369401246	0.0585064502932	-0.0342234424429	0.00474337069619	0.0709392376261	-0.0463593892259	0.0222562494429	1.0	-0.0825520075586	-0.00906163111805	-0.0306610792397	-0.0313580218139	0.0656460748713	0.00662631152888	-0.03083907251	0.0398336245944	-0.00290606036943	-0.070458795453	-0.0132134447013	0.0568430771511	0.0172673070929	-0.06582737023	0.0041253988094	-0.0657128260546	-0.0280889323125	-0.0279451135869	-0.00470120227931	-0.00820442276131	-0.026118157021	0.0117565355611	-0.0608897105456	0.0132256116271	0.0340095703456	0.0121142591886	-0.0383695374971	-0.00729013081821	-0.0672772960703	-0.0520444992619	-0.000620919745629	-0.0645491336313	-0.0392309900638	0.0452898880832	-0.0890279883832	-0.0111153197759	-0.0872745647291	-0.111304248979	-0.0767625395099	0.0570918886745	-0.0545985601609	-0.0789314226655	0.00112335735591	0.0421535773435	-0.0220403189247	0.00944572530285	-0.00145130758516	0.00773003009235	0.016081159399	-0.125680816283
k__Bacteria;p__Bacteroidetes;c__Bacteroidia;o__Bacteroidales;f__Porphyromonadaceae;g__Parabacteroides;s__Parabacteroides_distasonis	0.0640859106438	-0.0296875138789	-0.0662362374962	-0.0253611916683	0.0144184899677	-0.0734986484322	-0.0515958213409	-0.0496620645896	-0.0825520075586	1.0	-0.113504026123	-0.000855688403336	-0.0941820391126	0.0546583492129	-0.00379880729746	-0.00287449525909	0.0171435133389	0.00865583745958	-0.101261130518	0.0628826577206	0.0240166236174	0.107620082377	-0.00910364605593	0.0321848472634	-0.0409172754686	-0.093504310162	-0.018964791252	-0.00147936287373	-0.0127065636456	-0.0661532015652	-0.00561743302652	-0.0455614267922	-0.0935106379089	-0.0372972710295	-0.038431285226	-0.0510376290127	-0.00455491087614	-0.045181764494	0.00454833447567	-0.0110547042075	0.0118944734126	0.128576229024	-0.0390663436905	-0.0568713229486	0.00988962744446	0.00607650198567	0.00827271531836	-0.0971499558463	0.0164331508881	-0.0225032423618	0.0273228857458	0.0541305692603	0.0418011584443	-0.0207405394433	-0.0380292078909	-0.00879218556671	-0.0170585602613	-0.0128993543185	0.0357483590046
k__Bacteria;p__Bacteroidetes;c__Bacteroidia;o__Bacteroidales;f__Bacteroidaceae;g__Bacteroides;s__Bacteroides_thetaiotaomicron	-0.055870391785	-0.0400511680961	-0.0798989734312	-0.0523548772639	0.00992388008812	0.0689398094184	0.00738973418264	-0.0763350198774	-0.00906163111805	-0.113504026123	1.0	-0.0121342686816	-0.0631366990653	0.0186975693889	0.0313440683109	-0.0803858652693	-0.00324768030366	-0.0959950946475	0.0185011429756	-0.0208104160048	0.0119761152081	-0.010080146255	-0.0196161831201	0.0186455868007	-0.0176249246811	0.0666232086365	-0.0401261024209	-0.0463706729789	-0.0251701519342	0.0464196614042	0.00764623891241	-0.0392386515192	-0.0394062258155	-0.0627321158614	-0.0289110931312	-0.0233417910628	-0.0397268562272	0.0322229433668	0.0784267355898	0.0333178842374	0.000828795778827	-0.0799742585531	0.0105975872385	-0.0215187903616	0.0356807395968	-0.0160962741638	0.0254571143925	-0.0571250756866	0.00432220562623	0.0158710691882	0.0595634334372	0.017732833732	-0.0173941471936	-0.0595843411204	0.0314659767119	-0.0175490887676	0.0462063690116	-0.0565844786019	0.0465571069933
k__Bacteria;p__Bacteroidetes;c__Bacteroidia;o__Bacteroidales;f__Bacteroidaceae;g__Bacteroides;s__Bacteroides_coprocola	-0.0554267253969	-0.0414089575152	0.0170843885015	-0.00183379420279	-0.0760034195722	-0.0319448105217	0.0124011124919	-0.0403859135503	-0.0306610792397	-0.000855688403336	-0.0121342686816	1.0	-0.00543700544502	0.0191166678235	-0.0541106854465	0.00314205192219	-0.0474107376622	-0.0145713546937	0.00310144405806	-0.0103011503876	-0.0449768835451	0.0551855207219	-0.0278059873625	0.00869896280201	-0.0303335453627	0.0109598014058	-0.0421994104274	0.000841487486454	0.0651241531224	0.0390633556829	0.00950632041122	0.108258913309	0.0610835583663	-0.0980361076482	-0.0124335596871	0.0728735208975	-0.0309381581343	-0.0593779856779	-0.0461843589071	-0.105414586843	-0.00449940529833	-0.0426333127709	-0.0262366462703	0.0129323018741	0.0063929974583	-0.106421458077	-0.0275642935403	-0.0222870476827	-0.0795094162533	0.0610125781844	0.0174826055722	0.0670376626693	-0.055684770984	-0.0152042605071	-0.0412317751851	-0.00760247808625	-0.0985413389494	-0.0924478330289	-0.0457306568508
k__Bacteria;p__Bacteroidetes;c__Bacteroidia;o__Bacteroidales;f__Bacteroidaceae;g__Bacteroides;s__Bacteroides_cellulosilyticus	-0.0012312549116	0.0183220819324	-0.012611447038	0.00265010448347	-0.020334163571	0.0471426363914	0.00712099262852	-0.00284227805174	-0.0313580218139	-0.0941820391126	-0.0631366990653	-0.00543700544502	1.0	-0.0923541998361	-0.00556995409814	-0.0887216727159	0.0512745726006	0.0265498106201	0.0286090786849	-0.0162916431287	0.0848823494707	-0.0636807898418	0.060411538612	-0.0339975723601	-0.0329321676856	0.0099506335532	0.00974565497258	-0.112247415861	-0.023295979905	-0.05453727653	0.00862569956086	-0.0447354047017	0.0560422996727	-0.0270301371826	0.0382892768728	-0.00697791751689	-0.019577155921	-0.0317851394239	0.0310142003674	-0.0449955670192	-0.0661948171421	-0.0370482433723	-0.0626962729722	-0.00554176534988	-0.0243619518306	0.0806639500832	-0.0100372228364	0.0514998045229	0.0599051283417	0.0221735619503	0.0205275767693	-0.0121750441525	0.0320228500659	-0.0140818790018	0.0606804927102	-0.00472905150875	-0.010453484846	-0.0781157595451	0.000747462562813
k__Bacteria;p__Bacteroidetes;c__Bacteroidia;o__Bacteroidales;f__Rikenellaceae;g__Alistipes;s__Alistipes_obesi	-0.0293611458217	-0.0123114262495	0.014823124967	-0.0639203194714	0.0630831768618	-0.00821348949817	0.0286232649394	-0.0649250374561	0.0656460748713	0.0546583492129	0.0186975693889	0.0191166678235	-0.0923541998361	1.0	-0.0321022670105	0.0281855746463	-0.0574604481253	-0.0306298669093	-0.0566764974261	-0.0987379704361	-0.0461651630879	-0.0847985773644	-0.0223434532363	0.0186626646395	-0.0117502996431	0.0248615109127	-0.00271456405463	-0.032517422064	-0.00886877494764	-0.0156520702193	-0.0522649319642	-0.00500782819875	-0.124593176352	-0.00851201247504	-0.075453767893	-0.101353603218	0.0448028807705	-0.0460401818949	-0.00399729619968	-0.010416251125	0.035579263494	0.0106335352212	-0.0170349150989	-0.0636952551176	0.00539274339468	-0.0500426001525	0.00385089256455	0.0343341434759	-0.0584072493277	0.00277316882354	-0.00226596823141	-0.0601022387175	-0.052381692234	-0.054608828561	-0.0316486042967	-0.0704902466211	0.0104143575751	-0.0620044051395	0.0232714786007
k__Bacteria;p__Firmicutes;c__Clostridia;o__Clostridiales;f__Lachnospiraceae;g__;s__[Eubacterium]_rectale	0.01336327603	-0.00720216482272	-0.0116506482335	0.0588397039311	-0.0284568495062	0.012286095522	-0.0631366651286	-0.0490578307755	0.00662631152887	-0.00379880729746	0.0313440683109	-0.0541106854465	-0.00556995409814	-0.0321022670105	1.0	-0.0337354156139	-0.00201691507383	0.0216167251668	-0.0808709252003	-0.00298198444399	-0.0589597912178	-0.0173739128062	-0.0384467944445	-0.0588379848031	-0.00132338272691	0.021074708352	-0.0477826820594	-0.0251866438086	0.0321958022112	-0.000248034714161	-0.01320547761	-0.00536546505609	0.0209505453136	-0.0246750933629	0.00307159854307	-0.0435083194535	-0.0112424104364	-0.0846213195506	-0.0583537358352	-0.00533121550404	0.0752178861021	-0.0228593722859	-0.0614640741315	-0.0247968702417	-0.0367253076748	-0.0856428455613	0.0174503854975	-0.0147528541845	-0.121415934503	0.00536137834317	-0.0105908545223	-0.0297279935453	0.0243156211421	-0.00448532226849	-0.0134582867411	0.00317751157861	-0.0598864123852	-0.0603779009358	0.0375710348235
k__Bacteria;p__Bacteroidetes;c__Bacteroidia;o__Bacteroidales;f__Bacteroidaceae;g__Bacteroides;s__Bacteroides_plebeius	0.0436011746351	0.0481885800086	-0.0189934571782	-0.0354055675246	-0.0804268171851	-0.0033061643637	-0.0612888717585	0.00122420225853	-0.03083907251	-0.00287449525909	-0.0803858652693	0.00314205192219	-0.0887216727159	0.0281855746463	-0.0337354156139	1.0	-0.0268616184218	-0.0189862473438	-0.00434715396978	-0.0433958101159	-0.111315632185	-0.00948318766632	0.062583151215	-0.097741411361	-0.0183432320113	0.00484753134579	-0.00392750302761	0.0204860634412	-0.0819892269103	-0.0221151280449	-0.0177826660556	-0.0332508279487	-0.0613170958966	-0.0200456396863	0.00479924923318	-0.024754346835	-0.0208488605246	-0.0707342937083	0.0173225446575	-0.122300592167	0.0152237745625	-0.00955226574937	-0.0174273120233	-0.0192600022988	-0.0161421964883	-0.0486498843285	0.0797830250653	0.0370336357897	-0.0515273077574	-0.0434826187955	-0.0673962792314	-0.0616553775442	-0.0339650758432	-0.0293434024955	-0.0397864186291	0.0106130527954	0.0722986167645	-0.0127691568788	0.0498003023337
k__Bacteria;p__Bacteroidetes;c__Bacteroidia;o__Bacteroidales;f__Bacteroidaceae;g__Bacteroides;s__Bacteroides_fragilis	-0.00209334756463	-0.0485955216356	-0.00378396363797	0.0266325905177	-0.0130167504632	-0.0203287967696	0.0334628760269	-0.0297170870035	0.0398336245944	0.0171435133389	-0.00324768030366	-0.0474107376622	0.0512745726006	-0.0574604481253	-0.00201691507383	-0.0268616184218	1.0	0.0182610471382	-0.0611903255106	-0.0456286733313	-0.0556157612127	0.061801239569	0.0250972884217	-0.0330670596236	0.00259193902692	-0.0914624149927	-0.0234256651464	-0.063512848389	0.0126141627198	-0.0393850346021	-0.0415513768874	0.01319634071	-0.0953209024843	-0.0392633957825	0.0021661652832	0.00508600056004	-0.000219818736368	0.0825912288376	-0.0160450706991	-0.0224748790127	-0.0389565645551	-0.0199167475599	0.0762697130508	-0.094713161803	-0.0555891845831	-0.00884891511499	-0.0427314397468	0.057012163339	-0.00677432646657	0.0405896653973	-0.0696093837195	-0.011178867308	0.0152150030096	-0.0653073163332	-0.0385489451752	0.0378543975681	-0.0356095338837	0.0599485152297	-0.0766073425974
k__Bacteria;p__Proteobacteria;c__Betaproteobacteria;o__Burkholderiales;f__Sutterellaceae;g__Sutterella;s__Sutterella_wadsworthensis	0.0759985203895	0.0297159833528	-0.00164313605413	-0.0508860234093	0.000845086641568	-0.0195673654114	-0.0224456208084	-0.0209699162124	-0.00290606036943	0.00865583745958	-0.0959950946475	-0.0145713546937	0.0265498106201	-0.0306298669093	0.0216167251668	-0.0189862473438	0.0182610471382	1.0	-0.0365967889687	-0.00863151652812	-0.0381274009397	-0.0594647970884	-0.0180680738431	0.0541518443484	-0.0579711805093	-0.0720331852691	0.0696367555644	0.0572902775247	0.00250187074464	-0.0544958286902	-0.0710042912985	-0.0741615952426	0.01166408341	-0.0702463375522	-0.010082664139	0.00139591107242	0.0494322337477	-0.0523500067376	-0.0587620038769	-0.0427992172626	-0.0126556557308	-0.0384110153271	-0.0297319690749	0.0137836464578	-0.0342208439405	-0.0435207805742	0.0146724007267	-0.00644233917644	-0.0208755251739	-0.0718828476635	-0.0862743710575	0.0463401363859	-0.0191203829941	-0.0436140861267	0.0636737786344	-0.0629985966624	-0.0108972344615	-0.00642610104057	0.0288001114533
k__Bacteria;p__Bacteroidetes;c__Bacteroidia;o__Bacteroidales;f__Porphyromonadaceae;g__Barnesiella;s__Barnesiella_intestinihominis	-0.126658435558	0.0342433143241	-0.04023526989	0.0362716709642	-0.0607498582046	-0.0559155155003	-0.0055062992917	0.0572434747394	-0.070458795453	-0.101261130518	0.0185011429756	0.00310144405806	0.0286090786849	-0.0566764974261	-0.0808709252003	-0.00434715396978	-0.0611903255106	-0.0365967889687	1.0	-0.0339575129443	-0.0325784951211	-0.0214607292536	0.0577689207533	-0.0121411969554	0.00419300792476	-0.0246863159879	-0.023840874536	0.0724020567127	0.0688755858084	-0.0364901916726	0.0288215741372	-0.0338895143462	0.0117690608995	-0.110366004887	-0.0252060062505	0.0156680694691	-0.0283984319213	0.0182309497973	-0.0581091199092	-0.0352448529677	0.00657996070364	-0.0553757387841	-0.00334200700877	-0.0350911715744	-0.0672275287122	-0.0925781598088	-0.0507781802782	-0.00210433006362	-0.0860561394457	-0.0433969981197	-0.0351304740387	0.0342072530238	-0.0733859157612	-0.0227811917862	-0.0830989000863	0.0791094487456	-0.0670737418231	-0.0201276599214	-0.0467837993283
k__Bacteria;p__Bacteroidetes;c__Bacteroidia;o__Bacteroidales;f__Odoribacteraceae;g__Odoribacter;s__Odoribacter_splanchnicus	0.0429784305035	-0.0130411531206	0.0208906105586	0.0205860588708	-0.0176977232477	0.0351136690837	0.0419275144547	0.0787034577947	-0.0132134447013	0.0628826577206	-0.0208104160048	-0.0103011503876	-0.0162916431287	-0.0987379704361	-0.00298198444399	-0.0433958101159	-0.0456286733313	-0.00863151652812	-0.0339575129443	1.0	0.00240666968759	0.0117963834421	0.00401149867185	-0.010094928124	-0.0155072591116	0.0160562038483	-0.0331112393459	-0.0321297469791	-0.0618223984407	0.0064694041614	-0.0513422132048	0.0430563740683	0.0340725578389	0.0718210264431	-0.0659236121997	-0.000490928149164	-0.0389850742765	0.0136033286628	-0.0435999770394	0.00668228091246	-0.00113642457689	-0.0681561353861	0.0020237009448	-0.028817068341	-0.0561093551347	-0.044553963559	0.00521403271674	0.000337330699121	0.0254646445264	0.00760972147577	-0.0474929843455	-0.0221939607686	0.0484099579383	-0.118403699941	-0.0448743287341	-0.0509607568102	0.0124337861128	-0.0125051837901	-0.0164291521978
k__Bacteria;p__Bacteroidetes;c__Bacteroidia;o__Bacteroidales;f__Bacteroidaceae;g__Bacteroides;s__Bacteroides_salyersiae	-0.0533420444479	-0.0515827325067	0.0135276121524	-0.0163865266881	-0.0567129124069	-0.125805620897	0.0823159534556	0.0105535399888	0.0568430771511	0.0240166236174	0.0119761152081	-0.0449768835451	0.0848823494707	-0.0461651630879	-0.0589597912178	-0.111315632185	-0.0556157612127	-0.0381274009397	-0.0325784951211	0.00240666968759	1.0	0.0362659508726	-0.0914854030084	0.0346920975177	-0.0493123329536	0.0356940384148	0.0823780284772	-0.0226808573615	-0.068616531747	-0.103003871365	-0.0554541569971	0.0374891852114	-0.0245767694966	0.0247223866789	0.00610355506489	0.0181979198336	0.00410602588981	-0.0529191861411	0.0847785500281	-0.0279026847244	-0.0825001134567	-0.0330459312274	0.0554570444482	0.0836579495012	0.064990705099	-0.016674082362	-0.104893464742	-0.0330934312521	0.0153987082091	-0.0102555435401	0.0331148085965	0.0303793628106	-0.016613428958	-0.0197548745804	-0.0687270167995	-0.0573809797354	-0.0105438543323	-0.0475145896456	-0.049077251125
k__Bacteria;p__Firmicutes;c__Clostridia;o__Clostridiales;f__Ruminococcaceae;g__Ruminiclostridium;s__[Eubacterium]_siraeum	-0.0109444233845	-0.0508491604217	-0.0435559240878	-0.018058494824	-0.0106636714709	-0.0122678683713	0.00710626064263	-0.0154036261001	0.0172673070929	0.107620082377	-0.010080146255	0.0551855207219	-0.0636807898418	-0.0847985773644	-0.0173739128062	-0.00948318766632	0.061801239569	-0.0594647970884	-0.0214607292536	0.0117963834421	0.0362659508726	1.0	-0.040628924966	-0.0441498524574	0.0454200802129	0.0109022370134	-0.0811785639813	-0.0809353290901	0.0502083868464	-0.0257257480889	-0.017632892117	0.0528697708552	0.000528448737113	-0.018709653774	-0.085965916207	-0.0467468392317	-0.0427763484132	0.0740101577626	0.00224186020287	0.0278291040827	-0.0588347699135	-0.022006495199	-0.0300704219485	-0.0631534503792	0.0298688396197	-0.0251828437789	-0.0101649168464	0.0269397024421	-0.0287965597425	0.0673598710046	-0.0958908985238	-0.0413294584182	-0.0465516418124	-0.0788124716372	-0.073069162551	-0.000658107690346	0.00786797489915	0.0313771517193	-0.016775422269
k__Bacteria;p__Proteobacteria;c__Betaproteobacteria;o__Burkholderiales;f__Sutterellaceae;g__Parasutterella;s__Parasutterella_excrementihominis	0.034162171859	-0.00381802607852	-0.0807975382521	0.0161954779987	-0.0617527483946	-0.0406014653035	-0.00359945609329	0.0328351506886	-0.06582737023	-0.00910364605593	-0.0196161831201	-0.0278059873625	0.060411538612	-0.0223434532363	-0.0384467944445	0.062583151215	0.0250972884217	-0.0180680738431	0.0577689207533	0.00401149867185	-0.0914854030084	-0.040628924966	1.0	-0.00143522452156	-0.0817227370067	0.058423483565	-0.0808801745248	-0.0611933805971	-0.000939508286859	-0.0502608043984	0.00986417849156	0.00367091906986	0.00847002690345	0.0525639245672	0.0417894606393	-0.0326692673535	-0.0334127170218	0.00170411132337	-0.012177013678	-0.0537096895018	-0.0386127373993	0.0842669924092	0.026608241966	-0.0238491444665	-0.00743921391906	-0.00581744034146	-0.0308855745234	-0.00686692247948	-0.0515507019113	0.00409159338585	-0.0738630479084	-0.0440741388471	0.0631805822849	0.0378392187353	-0.0239935350958	-0.0951751132287	-0.0536565137153	-0.011750856521	-0.0307520990796
k__Bacteria;p__Actinobacteria;c__Actinobacteria;o__Bifidobacteriales;f__Bifidobacteriaceae;g__Bifidobacterium;s__Bifidobacterium_adolescentis	0.0191555538824	-0.0497374550125	0.0555151436671	-0.0787823966747	-0.0374038397183	-0.0106782264979	0.00168661088721	0.0848505131869	0.0041253988094	0.0321848472634	0.0186455868007	0.00869896280201	-0.0339975723601	0.0186626646395	-0.0588379848031	-0.097741411361	-0.0330670596236	0.0541518443484	-0.0121411969554	-0.010094928124	0.0346920975177	-0.0441498524574	-0.00143522452156	1.0	-0.0588636835404	0.000779609849256	-0.0441677616419	-0.0172274763576	-0.0740933780357	-0.059907006436	-0.0307549256441	0.0420665375703	-0.0299746650191	-0.011584221345	0.0225052564155	-0.0197183154967	-0.0835596244396	-0.0590837953932	-0.00217107547628	-0.0101426778051	0.0103867063709	-0.0168639947242	-0.0258712230193	0.053789897324	-0.0662436453219	-0.0350501783102	-0.116010309268	0.0700007341534	0.0413701037029	0.0091071767537	0.0634757278129	-0.0257949548383	-0.0131690170641	0.0813398056108	0.0503135418853	0.0364981951642	-0.00953212426478	-0.00576923824613	-0.0678834087801
k__Bacteria;p__Firmicutes;c__Clostridia;o__Clostridiales;f__Oscillospiraceae;g__Oscillibacter;s__Oscillibacter_sp._KLE_1745	0.0633761517721	-0.0225264883825	-0.0578139943088	0.0210898460167	0.0420439611394	-0.0443885855919	-0.0471194512584	-0.00204568671034	-0.0657128260546	-0.0409172754686	-0.0176249246811	-0.0303335453627	-0.0329321676856	-0.0117502996431	-0.00132338272691	-0.0183432320113	0.00259193902692	-0.0579711805093	0.00419300792476	-0.0155072591116	-0.0493123329536	0.0454200802129	-0.0817227370067	-0.0588636835404	1.0	-0.0616811627393	-0.0904330370694	0.0490203063411	-0.00893905984024	-0.0118854680295	0.0754908022608	0.0331436239175	-0.0322799489958	-0.0785286852463	0.0121996221913	-0.0816562247306	0.0714299508298	-0.0515772702348	-0.0466206630045	0.037778466232	0.0168794525648	-0.0735209822192	-0.0305456894416	-0.0084696876741	-0.0391658969509	0.0334304113451	0.0431417365525	-0.031087251913	-0.0221984220483	-0.0391880812202	0.0477409733076	-0.0488404219516	0.00471723533941	-0.049907495098	-0.0125878072938	-0.0432784490252	0.0109970208758	0.0530841102792	-0.039375886402
k__Bacteria;p__Bacteroidetes;c__Bacteroidia;o__Bacteroidales;f__Bacteroidaceae;g__Bacteroides;s__Bacteroides_coprophilus	-0.0112352664931	0.0400857136193	0.0255514121204	-0.0544217546312	0.0206586933359	0.041121524361	-0.0359446115285	-0.06901263624	-0.0280889323125	-0.093504310162	0.0666232086365	0.0109598014058	0.0099506335532	0.0248615109127	0.021074708352	0.00484753134579	-0.0914624149927	-0.0720331852691	-0.0246863159879	0.0160562038483	0.0356940384148	0.0109022370134	0.058423483565	0.000779609849256	-0.0616811627393	1.0	-0.00509397427693	-0.00987512079105	0.00466392759969	-0.0958781450794	-0.0386543398093	0.0519045359674	-0.0757306876118	0.0744157123896	-0.0666509389124	0.0115941456596	-0.0616261497132	-0.0065523686464	0.0403351454995	-0.0537924009749	0.0233264156692	0.106403250248	-0.00661661371923	-0.0372930309178	-0.0893244990374	-0.0876995600669	-0.100631230542	-0.0474713912873	-0.117620489351	0.0293935268363	-0.0301853737157	-0.0785043796141	0.00727570582825	-0.0172848381717	0.0186134425546	-0.0412454221158	0.0737422277266	0.0152844656679	-0.050095004681
k__Bacteria;p__Firmicutes;c__Clostridia;o__Clostridiales;f__Lachnospiraceae;g__Roseburia;s__Roseburia_intestinalis	-0.0339816314822	-0.0218801797702	-0.020767271697	-0.0873950031391	-0.00166203058729	0.0164807151279	-0.0384354005044	0.0427462050692	-0.0279451135869	-0.018964791252	-0.0401261024209	-0.0421994104274	0.00974565497258	-0.00271456405463	-0.0477826820594	-0.00392750302761	-0.0234256651464	0.0696367555644	-0.023840874536	-0.0331112393459	0.0823780284772	-0.0811785639813	-0.0808801745248	-0.0441677616419	-0.0904330370694	-0.00509397427693	1.0	0.000968315255764	0.00369763732341	-0.0269182271723	-0.0621706575495	0.0114266989983	-0.0121735974456	0.0680922873743	0.00605289977662	-0.0138710585109	0.0430613580171	-0.0438169117217	-0.0237147791502	-0.0157709269013	-0.0729986831095	-0.0631911528943	0.0261022010509	0.0216716110864	0.0641708529059	0.00327646284689	-0.0756499240916	0.00426279922296	-0.000776845423812	-0.0405324998284	0.0216663846918	0.0493086616813	-0.0735125405446	-0.0421673168144	-0.0282022634891	0.0370848808686	-0.0310257059012	-0.0218646009927	-0.0102406147006
k__Bacteria;p__Firmicutes;c__Clostridia;o__Clostridiales;f__Lachnospiraceae;g__Roseburia;s__Roseburia_hominis	0.0236461748999	0.061079285686	0.0136637367072	0.0319370171444	-0.0134229923285	-0.0557472552767	-0.0147570638148	-0.0341663441576	-0.00470120227931	-0.00147936287373	-0.0463706729789	0.000841487486454	-0.112247415861	-0.032517422064	-0.0251866438086	0.0204860634412	-0.063512848389	0.0572902775247	0.0724020567127	-0.0321297469791	-0.0226808573615	-0.0809353290901	-0.0611933805971	-0.0172274763576	0.0490203063411	-0.00987512079105	0.000968315255764	1.0	-0.0210826246174	-0.013215947887	0.00488167251176	-0.00429204433811	0.00503531825493	-0.0291438895427	0.0145382304851	-0.0259857411708	0.00718261838026	-0.032122451319	0.049434638082	0.000629981994173	-0.0575994635623	-0.0405450298405	-0.129347116094	-0.0466372699576	-0.0269989856297	-0.0983930682646	-0.0401213273826	-0.011667191225	-0.0115049736248	-0.0184119821474	-0.0965143774061	0.0418655513427	-0.0487276394348	0.0154995257604	-0.0436256911219	0.0427557953486	0.0112665073157	-0.0238301096924	0.0122833405331
k__Bacteria;p__Bacteroidetes;c__Bacteroidia;o__Bacteroidales;f__Porphyromonadaceae;g__Parabacteroides;s__Parabacteroides_johnsonii	0.017155739155	-0.0320152292009	0.030056743326	-0.0129444260184	-0.0747594597375	-0.046029249232	0.0318398071081	-0.0743412510377	-0.00820442276131	-0.0127065636456	-0.0251701519342	0.0651241531224	-0.023295979905	-0.00886877494764	0.0321958022112	-0.0819892269103	0.0126141627198	0.00250187074464	0.0688755858084	-0.0618223984407	-0.068616531747	0.0502083868464	-0.000939508286859	-0.0740933780357	-0.00893905984024	0.00466392759969	0.00369763732341	-0.0210826246174	1.0	0.0270630579487	0.0579257393443	0.0723282267275	-0.0165467893319	-0.0421774102303	0.0239076187716	-0.0107124284253	-0.0768830549482	-0.00860625076862	0.0631937733161	-0.0103412101381	-0.0469763709358	0.00617402802929	0.000969890773686	0.0286447477388	0.000391126350277	0.0641879436124	-0.0598131389519	-0.088877755453	0.0353742819245	-0.0347563625636	-0.0283963054251	-0.0619413387398	-0.0137861824484	-0.0889911850589	0.0175901892984	-0.0614109054802	-0.036771337453	-0.0459866311259	-0.0474986928498
k__Bacteria;p__Actinobacteria;c__Actinobacteria;o__Bifidobacteriales;f__Bifidobacteriaceae;g__Bifidobacterium;s__Bifidobacterium_longum	-0.0375036992845	0.0588639696067	0.0422830033742	0.0207337656601	-0.0127228016578	0.00897142238828	-0.0295634005624	-0.00602093399915	-0.026118157021	-0.0661532015652	0.0464196614042	0.0390633556829	-0.05453727653	-0.0156520702193	-0.000248034714161	-0.0221151280449	-0.0393850346021	-0.0544958286902	-0.0364901916726	0.0064694041614	-0.103003871365	-0.0257257480889	-0.0502608043984	-0.059907006436	-0.0118854680295	-0.0958781450794	-0.0269182271723	-0.013215947887	0.0270630579487	1.0	0.0511438955719	-0.0295960807532	0.0115101741565	0.0630756382366	-0.0660234317772	-0.0753851629925	-0.0334221145157	-0.041169306051	0.0494347810454	0.0377150906797	0.113404978678	-0.0894327135332	0.0424476169742	0.0573860171599	-0.0995083142476	-0.0118572334357	-0.0325584822986	0.0952639182661	-0.0412104394376	-0.0630068012291	-0.0238669598968	0.0177530719226	-0.0349280292675	-0.0348255340404	-0.0116536305744	0.00277287677758	0.0143519344658	-0.0298964524397	0.0464120703537
