#taxonomy	k__Bacteria;p__Bacteroidetes;c__Bacteroidia;o__Bacteroidales;f__Bacteroidaceae;g__Bacteroides;s__Bacteroides_vulgatus	k__Bacteria;p__Bacteroidetes;c__Bacteroidia;o__Bacteroidales;f__Bacteroidaceae;g__Bacteroides;s__Bacteroides_uniformis	k__Bacteria;p__Bacteroidetes;c__Bacteroidia;o__Bacteroidales;f__Rikenellaceae;g__Alistipes;s__Alistipes_putredinis	k__Bacteria;p__Bacteroidetes;c__Bacteroidia;o__Bacteroidales;f__Prevotellaceae;g__Prevotella;s__Prevotella_copri	k__Bacteria;p__Bacteroidetes;c__Bacteroidia;o__Bacteroidales;f__Bacteroidaceae;g__Bacteroides;s__Bacteroides_stercoris	k__Bacteria;p__Bacteroidetes;c__Bacteroidia;o__Bacteroidales;f__Bacteroidaceae;g__Bacteroides;s__Bacteroides_ovatus	k__Bacteria;p__Bacteroidetes;c__Bacteroidia;o__Bacteroidales;f__Rikenellaceae;g__Alistipes;s__Alistipes_shahii	k__Bacteria;p__Firmicutes;c__Clostridia;o__Clostridiales;f__Ruminococcaceae;g__Faecalibacterium;s__Faecalibacterium_prausnitzii	k__Bacteria;p__Bacteroidetes;c__Bacteroidia;o__Bacteroidales;f__Rikenellaceae;g__Alistipes;s__Alistipes_finegoldii	k__Bacteria;p__Bacteroidetes;c__Bacteroidia;o__Bacteroidales;f__Porphyromonadaceae;g__Parabacteroides;s__Parabacteroides_distasonis	k__Bacteria;p__Bacteroidetes;c__Bacteroidia;o__Bacteroidales;f__Bacteroidaceae;g__Bacteroides;s__Bacteroides_thetaiotaomicron	k__Bacteria;p__Bacteroidetes;c__Bacteroidia;o__Bacteroidales;f__Bacteroidaceae;g__Bacteroides;s__Bacteroides_coprocola	k__Bacteria;p__Bacteroidetes;c__Bacteroidia;o__Bacteroidales;f__Bacteroidaceae;g__Bacteroides;s__Bacteroides_cellulosilyticus	k__Bacteria;p__Bacteroidetes;c__Bacteroidia;o__Bacteroidales;f__Rikenellaceae;g__Alistipes;s__Alistipes_obesi	k__Bacteria;p__Firmicutes;c__Clostridia;o__Clostridiales;f__Lachnospiraceae;g__;s__[Eubacterium]_rectale	k__Bacteria;p__Bacteroidetes;c__Bacteroidia;o__Bacteroidales;f__Bacteroidaceae;g__Bacteroides;s__Bacteroides_plebeius	k__Bacteria;p__Bacteroidetes;c__Bacteroidia;o__Bacteroidales;f__Bacteroidaceae;g__Bacteroides;s__Bacteroides_fragilis	k__Bacteria;p__Proteobacteria;c__Betaproteobacteria;o__Burkholderiales;f__Sutterellaceae;g__Sutterella;s__Sutterella_wadsworthensis	k__Bacteria;p__Bacteroidetes;c__Bacteroidia;o__Bacteroidales;f__Porphyromonadaceae;g__Barnesiella;s__Barnesiella_intestinihominis	k__Bacteria;p__Bacteroidetes;c__Bacteroidia;o__Bacteroidales;f__Odoribacteraceae;g__Odoribacter;s__Odoribacter_splanchnicus	k__Bacteria;p__Bacteroidetes;c__Bacteroidia;o__Bacteroidales;f__Bacteroidaceae;g__Bacteroides;s__Bacteroides_salyersiae	k__Bacteria;p__Firmicutes;c__Clostridia;o__Clostridiales;f__Ruminococcaceae;g__Ruminiclostridium;s__[Eubacterium]_siraeum	k__Bacteria;p__Proteobacteria;c__Betaproteobacteria;o__Burkholderiales;f__Sutterellaceae;g__Parasutterella;s__Parasutterella_excrementihominis	k__Bacteria;p__Actinobacteria;c__Actinobacteria;o__Bifidobacteriales;f__Bifidobacteriaceae;g__Bifidobacterium;s__Bifidobacterium_adolescentis	k__Bacteria;p__Firmicutes;c__Clostridia;o__Clostridiales;f__Oscillospiraceae;g__Oscillibacter;s__Oscillibacter_sp._KLE_1745	k__Bacteria;p__Bacteroidetes;c__Bacteroidia;o__Bacteroidales;f__Bacteroidaceae;g__Bacteroides;s__Bacteroides_coprophilus	k__Bacteria;p__Firmicutes;c__Clostridia;o__Clostridiales;f__Lachnospiraceae;g__Roseburia;s__Roseburia_intestinalis	k__Bacteria;p__Firmicutes;c__Clostridia;o__Clostridiales;f__Lachnospiraceae;g__Roseburia;s__Roseburia_hominis	k__Bacteria;p__Bacteroidetes;c__Bacteroidia;o__Bacteroidales;f__Porphyromonadaceae;g__Parabacteroides;s__Parabacteroides_johnsonii	k__Bacteria;p__Actinobacteria;c__Actinobacteria;o__Bifidobacteriales;f__Bifidobacteriaceae;g__Bifidobacterium;s__Bifidobacterium_longum	k__Bacteria;p__Firmicutes;c__Clostridia;o__Clostridiales;f__;g__Flavonifractor;s__Flavonifractor_plautii	k__Bacteria;p__Firmicutes;c__Clostridia;o__Clostridiales;f__Clostridiaceae;g__Clostridium;s__Clostridium_phoceensis	k__Bacteria;p__Verrucomicrobia;c__Verrucomicrobiae;o__Verrucomicrobiales;f__Akkermansiaceae;g__Akkermansia;s__Akkermansia_muciniphila	k__Bacteria;p__Bacteroidetes;c__Bacteroidia;o__Bacteroidales;f__Prevotellaceae;g__Paraprevotella;s__Paraprevotella_xylaniphila	k__Bacteria;p__Firmicutes;c__Clostridia;o__Clostridiales;f__Ruminococcaceae;g__Ruminococcus;s__Ruminococcus_callidus	k__Bacteria;p__Bacteroidetes;c__Bacteroidia;o__Bacteroidales;f__Rikenellaceae;g__Alistipes;s__Alistipes_senegalensis	k__Bacteria;p__Firmicutes;c__Clostridia;o__Clostridiales;f__Lachnospiraceae;g__Blautia;s__Blautia_sp._KLE_1732	k__Bacteria;p__Bacteroidetes;c__Bacteroidia;o__Bacteroidales;f__Bacteroidaceae;g__Bacteroides;s__Bacteroides_oleiciplenus	k__Bacteria;p__Firmicutes;c__Clostridia;o__Clostridiales;f__Ruminococcaceae;g__Ruminococcus;s__Ruminococcus_bicirculans	k__Bacteria;p__Bacteroidetes;c__Bacteroidia;o__Bacteroidales;f__Bacteroidaceae;g__Bacteroides;s__Bacteroides_fluxus	k__Bacteria;p__Bacteroidetes;c__Bacteroidia;o__Bacteroidales;f__Prevotellaceae;g__Prevotella;s__Prevotella_stercorea	k__Bacteria;p__Firmicutes;c__Clostridia;o__Clostridiales;f__Lachnospiraceae;g__Dorea;s__Dorea_longicatena	k__Bacteria;p__Firmicutes;c__Clostridia;o__Clostridiales;f__Eubacteriaceae;g__Eubacterium;s__[Eubacterium]_eligens	k__Bacteria;p__Firmicutes;c__Clostridia;o__Clostridiales;f__Ruminococcaceae;g__;s__Ruminococcaceae_bacterium_D16	k__Bacteria;p__Firmicutes;c__Clostridia;o__Clostridiales;f__Lachnospiraceae;g__Coprococcus;s__Coprococcus_comes	k__Bacteria;p__Proteobacteria;c__Gammaproteobacteria;o__Enterobacterales;f__Enterobacteriaceae;g__Escherichia;s__Escherichia_coli	k__Bacteria;p__Firmicutes;c__Clostridia;o__Clostridiales;f__Ruminococcaceae;g__Anaerotruncus;s__Anaerotruncus_colihominis	k__Bacteria;p__Firmicutes;c__Clostridia;o__Clostridiales;f__Lachnospiraceae;g__Blautia;s__Blautia_obeum	k__Bacteria;p__Bacteroidetes;c__Bacteroidia;o__Bacteroidales;f__Odoribacteraceae;g__Odoribacter;s__Odoribacter_laneus	k__Bacteria;p__Firmicutes;c__Clostridia;o__Clostridiales;f__Ruminococcaceae;g__Ruminiclostridium;s__[Clostridium]_leptum	k__Bacteria;p__Bacteroidetes;c__Bacteroidia;o__Bacteroidales;f__Porphyromonadaceae;g__Parabacteroides;s__Parabacteroides_goldsteinii	k__Bacteria;p__Firmicutes;c__Clostridia;o__Clostridiales;f__Lachnospiraceae;g__Anaerostipes;s__Anaerostipes_hadrus	k__Bacteria;p__Firmicutes;c__Clostridia;o__Clostridiales;f__Ruminococcaceae;g__Ruminococcus;s__Ruminococcus_lactaris	k__Bacteria;p__Firmicutes;c__Clostridia;o__Clostridiales;f__Clostridiaceae;g__Clostridium;s__Clostridium_sp._L2-50	k__Bacteria;p__Firmicutes;c__Clostridia;o__Clostridiales;f__Clostridiaceae;g__Clostridium;s__Clostridium_sp._M62/1	k__Bacteria;p__Firmicutes;c__Clostridia;o__Clostridiales;f__;g__Intestinimonas;s__Intestinimonas_butyriciproducens	k__Bacteria;p__Actinobacteria;c__Actinobacteria;o__Bifidobacteriales;f__Bifidobacteriaceae;g__Bifidobacterium;s__Bifidobacterium_bifidum	k__Bacteria;p__Firmicutes;c__Negativicutes;o__Veillonellales;f__Veillonellaceae;g__Dialister;s__Dialister_invisus	k__Bacteria;p__Bacteroidetes;c__Bacteroidia;o__Bacteroidales;f__Bacteroidaceae;g__Bacteroides;s__Bacteroides_salanitronis
k__Bacteria;p__Bacteroidetes;c__Bacteroidia;o__Bacteroidales;f__Bacteroidaceae;g__Bacteroides;s__Bacteroides_vulgatus	1.0	-0.00555202375488	-0.0069774585434	-0.0449155514413	-0.00691689284235	-0.0208988667481	-0.0555481031799	0.0222679842509	-0.0109473372903	-0.0209639977856	0.0119002623297	-0.0377461095584	-0.0149173235796	-0.0179725113411	-0.0704677897747	-0.0150252653442	-0.0920159210326	-0.0484954120391	-0.042943812005	-0.0251236336981	-0.0789842833372	-0.02730821076	0.0446136710044	0.0883355786562	0.0574694382492	0.0424075217401	-0.00594831775784	-0.0693681851075	0.0563158713838	0.028024231318	0.0307165825994	-0.132789988639	-0.0549003798973	0.0384693657745	-0.000243636651389	-0.0376536210133	0.0237895935603	-0.013619217496	0.00188822447869	-0.0338901560654	0.0163854165206	0.0169594995112	0.00436613736994	0.0212219212505	0.0750211947152	-0.00079246923268	-0.00120753412186	0.0612691311961	-0.0212014150881	-0.0802827983812	0.0773445600614	0.0678445341868	-0.0510161262465	-0.0324424001855	-0.0208246839668	-0.0314344870136	0.0173990036793	0.0481287306813	-0.0408425717768
k__Bacteria;p__Bacteroidetes;c__Bacteroidia;o__Bacteroidales;f__Bacteroidaceae;g__Bacteroides;s__Bacteroides_uniformis	-0.00555202375488	1.0	-0.0521797249403	-0.0210596064791	0.0850641985354	-0.0287584145635	-0.00727650330087	0.0948798344148	0.0127313074094	-0.0158306283014	0.004892344063	-0.047664975214	0.0509022794777	0.0101333175567	-0.0322557944245	-0.0427770695877	-0.00897541665324	-0.00614835163688	-0.0165674991031	-0.0316667719352	-0.00971759735093	0.00441773004265	0.00259461792813	-0.0352741720074	-0.00992198165295	-0.033871925844	0.0693085744558	0.0226046192841	-0.162622855863	-0.0765923481482	-0.0178597075852	0.0643107383032	0.00555214297146	-0.0269976553223	-0.0166968016374	-0.00176804231361	-0.0149218793164	-0.0655362248939	0.0439981935945	0.0280351278867	0.00865228712371	-0.00644871341255	0.023189534923	-0.0255563423503	0.0167295618722	-0.0232850630586	0.0636993855844	-0.00490206374346	0.106116220327	-0.0686359243446	-0.0535915767708	0.103823647557	-0.0332120042595	0.00615866592592	0.0132442062609	-0.0236320586253	-0.0234181098222	-0.000591682584485	-0.0641385019179
k__Bacteria;p__Bacteroidetes;c__Bacteroidia;o__Bacteroidales;f__Rikenellaceae;g__Alistipes;s__Alistipes_putredinis	-0.0069774585434	-0.0521797249403	1.0	-0.0174549716573	-0.0681475531785	0.0704250078498	0.0225260791237	-0.0748457894691	-0.0308858783659	-0.0955580220478	-0.00791556172855	-0.0128204728772	-0.0648738611743	-0.0726546837935	-0.0531294631167	0.0535668375784	-0.0182648381597	0.0384825434838	-0.0532856977838	0.0132859952218	-0.0210229491042	-0.0397890862562	-0.0263686994358	0.0230669634678	0.0289644546166	-0.0211152671966	-0.0227927852929	0.0316462003235	0.043288654455	0.0238921268843	-0.0154201294933	-0.0152446343504	-0.11033678862	-0.0295794981268	0.0253048566625	-0.0333036184215	0.00695894086166	0.0104115405963	0.0815707359133	-0.034264772068	-0.0440950024861	-0.0336658345289	0.0578188527634	-0.00132269041581	-0.0346397245569	-0.00367826120549	-0.0493552789468	0.0233797520797	0.059587932493	0.00604186209558	-0.0998111979261	0.0048889416463	-0.0122167934811	-0.0190895404831	-0.0601250650576	-0.0371722867405	0.0868028210057	-0.0739895692346	0.0025945958761
k__Bacteria;p__Bacteroidetes;c__Bacteroidia;o__Bacteroidales;f__Prevotellaceae;g__Prevotella;s__Prevotella_copri	-0.0449155514413	-0.0210596064791	-0.0174549716573	1.0	-0.04072717705	-0.0700205561531	0.0108747498677	-0.0264229564835	-0.0315118230534	0.0226742642894	-0.0122138689886	0.0329246231928	0.031362256352	0.00339120153451	-0.00788535890835	-0.0941702081871	0.0262703969374	-0.0124700467109	0.0477934237672	0.0287120767649	0.0779670512025	-0.0282523011612	-0.0567711905478	0.0206376268893	0.065879457909	-0.00472866529219	-0.0374737610988	-0.0166002266436	0.0210699185537	0.0350281444622	0.0195618405539	0.0227657213032	-0.00376544260102	0.0834100370325	-0.100653916415	-0.0226980430576	0.0208777483882	-0.0573487309696	-0.063730745127	-0.0546389328269	-0.0873750208128	-0.0506003636226	-0.100249331855	0.0871779807855	-0.0940632619723	-0.0228812130827	-0.0141836336038	-0.0379606067964	0.00718136807351	-0.0135796455796	-0.0698431358477	0.0315974976278	0.0182825380117	-0.106839134303	-0.036042128944	0.0132972512145	0.0411502836455	0.00700797368706	-0.109040634197
k__Bacteria;p__Bacteroidetes;c__Bacteroidia;o__Bacteroidales;f__Bacteroidaceae;g__Bacteroides;s__Bacteroides_stercoris	-0.00691689284235	0.0850641985354	-0.0681475531785	-0.04072717705	1.0	-0.0273829869169	0.0134311863884	0.0265568402976	-0.0126695925629	0.0674393032021	0.0455794800159	-0.0236234239755	0.0451057866907	-0.048269608282	0.0504692502565	0.0245598797063	0.0537016119685	-0.00453112547828	-0.0311037594435	0.0543978563315	-0.052472104568	-0.0407145463743	-0.077931635206	0.00531434382522	-0.010692376092	-0.0401000840589	-0.0555418578074	-0.103101541033	0.00180744700403	0.0489032886879	-0.0279641943477	-0.0220604034593	-0.0498214613698	-0.0353477610333	-0.0372656298201	0.00824353633266	-0.050279673531	-0.0460454452664	-0.0226359321232	-0.0412674447584	0.0024834635032	-0.0380099924187	-0.00314013655966	0.00336181778054	-0.0644895365432	-0.094428232261	-0.0421645395113	-0.0207564815391	0.0221113855825	-0.0865666660331	0.0841455332892	-0.0207891776359	0.0586642877335	0.0125940322014	-0.137137786553	-0.00361125409214	-0.0398026315557	0.0126915873164	-0.0527380830696
k__Bacteria;p__Bacteroidetes;c__Bacteroidia;o__Bacteroidales;f__Bacteroidaceae;g__Bacteroides;s__Bacteroides_ovatus	-0.0208988667481	-0.0287584145635	0.0704250078498	-0.0700205561531	-0.0273829869169	1.0	0.00272107351528	-0.0233813023981	0.0389160163237	0.00283154998415	0.0263040318483	-0.0089632882083	-0.032990814001	-0.0279305697881	0.0161660335914	-0.0225881974755	-0.103400005631	0.0248524480732	-0.0424289097949	-0.0189587538628	-0.0294855339864	-0.0391201062018	-0.0241558397952	0.0213886593141	-0.0656543646982	-0.0847435566807	0.0206939461852	-0.00406513672871	-0.0192671944596	-0.041895674856	0.0647482277436	-0.0961729963727	-0.0357185524685	-0.0412662410154	-0.0395364405217	-0.0611046612552	0.034540477182	0.0313148279899	0.0175231524089	0.0653385461889	-0.0256904156185	-0.0147789676836	0.0167463252536	-0.0599659798974	0.0384247700066	0.0141372082253	-0.0585864164076	0.0373056550796	-0.0311898288201	-0.0396617723698	-0.0442877601934	0.0187894650957	0.0317083512044	0.00269381446777	0.0420292175333	0.0402570123671	-0.062697337593	-0.0457121479136	0.0298614719308
k__Bacteria;p__Bacteroidetes;c__Bacteroidia;o__Bacteroidales;f__Rikenellaceae;g__Alistipes;s__Alistipes_shahii	-0.0555481031799	-0.00727650330087	0.0225260791237	0.0108747498677	0.0134311863884	0.00272107351528	1.0	0.0201763429178	0.00123342593565	0.0844984408666	0.012811842426	0.00537660615484	0.0150995117349	-0.0430901768364	-0.0176855472127	0.00462719768534	-0.106537828812	0.0474714727652	-0.0700342750193	0.00579691764144	-0.0240359556253	-0.0199106170651	-0.0186162619544	0.0263777435967	-0.0283538469742	0.00212674645944	0.0412532198853	0.00197316143816	-0.00762097066796	-0.100221162213	0.0360289776829	-0.0483398324653	-0.0755262918711	-0.0239802905141	-0.0610002928538	-0.0694010405995	-0.0591488761355	-0.0275366751544	-0.0480942542433	-0.057548888993	0.00664563991971	-0.0375647238402	0.0222151239353	0.0126974012497	-0.0358932311008	-0.043117267328	-0.0352175837731	-0.143114241357	0.0151004028328	-0.0386921259506	-0.00489187057491	-0.0439110663493	-0.00615122811858	0.0188959244801	0.066066990887	0.00725791816946	-0.0436876514783	0.0111388239184	-0.00441950837022
k__Bacteria;p__Firmicutes;c__Clostridia;o__Clostridiales;f__Ruminococcaceae;g__Faecalibacterium;s__Faecalibacterium_prausnitzii	0.0222679842509	0.0948798344148	-0.0748457894691	-0.0264229564835	0.0265568402976	-0.0233813023981	0.0201763429178	1.0	-0.0287906550641	0.00147222100407	-0.0177156207292	-0.0130891658421	-0.018921053942	0.041883224379	-0.00245489927572	0.0142479190241	-0.0740824971471	-0.020607303716	-0.0211605225749	-0.00551119711352	0.0046776450107	0.0470087487197	-0.0157108708983	0.0177107265288	0.00833700240893	-0.0316358683272	-0.0170340027004	0.0304647515714	-0.00640277969423	0.0262694282757	-0.0716364385294	-0.0168526488323	-0.0596384538094	-0.0312521120406	0.0119722638364	0.0580989792284	-0.0512621554103	-0.0239164554089	0.00349948074446	0.0473081901335	0.0059504559668	-0.0227157598879	-0.0526104028392	-0.0451304512169	-0.0290252381415	-0.0335893995172	0.00448360355809	0.00331202701722	-0.110136154104	-0.0624336551816	0.0725730638863	-0.0615558194654	-0.00817926385675	0.0427293547591	0.0560040250117	-0.102214427789	-0.054694670606	-0.0176944052553	-0.013074039966
k__Bacteria;p__Bacteroidetes;c__Bacteroidia;o__Bacteroidales;f__Rikenellaceae;g__Alistipes;s__Alistipes_finegoldii	-0.0109473372903	0.0127313074094	-0.0308858783659	-0.0315118230534	-0.0126695925629	0.0389160163237	0.00123342593565	-0.0287906550641	1.0	-0.0105494801212	-0.00258921441755	-0.01776213803	0.0109600578721	-0.0495009486308	-0.0152767838313	-0.055184735513	-0.00406255814183	0.0114269418608	-0.0551655362727	-0.0311419209671	-0.0840718541688	-0.0352576485694	-0.0525324776587	0.0168075227326	0.0108950985054	-0.022690567956	0.0629257361661	0.0139995305177	0.0565978385679	0.0261065152071	-0.0335943930083	-0.0675286306162	-0.0383803659362	-0.0554468501473	2.51569815555e-05	-0.0456363859039	0.0390123437456	-0.0293484133489	-0.0111022486539	-0.00360470083015	0.0177851918163	0.018177807534	0.0746680067624	-0.0557681189923	0.0803741255796	0.0223056256689	-0.0723609612805	0.00367824357299	-0.0238052165369	0.0569483427966	-0.0237038846979	0.0309386770304	0.0426827098016	0.00643432415186	0.0136962623659	-0.0195860917148	-0.0807416779089	-0.0548679902339	-0.08126646373
k__Bacteria;p__Bacteroidetes;c__Bacteroidia;o__Bacteroidales;f__Porphyromonadaceae;g__Parabacteroides;s__Parabacteroides_distasonis	-0.0209639977856	-0.0158306283014	-0.0955580220478	0.0226742642894	0.0674393032021	0.00283154998415	0.0844984408666	0.00147222100407	-0.0105494801212	1.0	-0.0807508736934	-0.0922870959014	-0.0109817409532	-0.0109905525081	0.0675505548649	-0.0593293427277	0.0289294541601	0.015135722625	-0.0540175529814	-0.0497929356157	-0.0131764718316	-0.0244313878229	-0.0476813768124	0.0193125944147	0.0631979174464	0.0336549034773	0.0525126059568	0.0525991157036	-0.0537112148749	-0.00977615835406	-0.081441849881	-0.0133633535867	-0.000712090326781	0.0730153960127	-0.0169467701184	-0.0198671332533	-0.0332948194241	-0.0570490126469	-0.0170889812675	-0.0598940200216	0.0167528607338	-0.0292050465502	-0.00585841823042	-0.0491062934097	0.051395084266	-0.0790786671746	-0.0313408681667	0.014177718101	-0.0145062618877	-0.0286274236801	-0.00656805908913	-0.0356015896842	-0.0308255234368	0.0437532767964	0.092890046586	0.00575668528408	0.046833414716	0.0133424462076	-0.0550162482182
k__Bacteria;p__Bacteroidetes;c__Bacteroidia;o__Bacteroidales;f__Bacteroidaceae;g__Bacteroides;s__Bacteroides_thetaiotaomicron	0.0119002623297	0.004892344063	-0.00791556172855	-0.0122138689886	0.0455794800159	0.0263040318483	0.012811842426	-0.0177156207292	-0.00258921441755	-0.0807508736934	1.0	0.0282382005667	-0.141885201105	0.0266914413977	0.0504099950515	-0.0164179654864	0.00693967958504	-0.00754572184308	-0.00986526502327	-0.0297997133037	-0.0278948901037	0.00819364265159	-0.0988094375592	-0.056587792687	-0.0586158229141	-0.0707408782297	0.00666305481269	0.0728420764772	0.0283674211124	-0.054502975066	-0.0216747308712	0.0235944739112	0.0147519117174	-0.0454136241763	-0.0239584927831	-0.0121146965665	0.0485446145205	-0.0380148786499	-0.0838053016329	0.022068140409	-0.00329690090067	0.0156649715316	0.023594177093	-0.0896758871572	-0.0368122187713	0.0252753777267	0.0630670504548	0.0331892415017	-0.084287251292	-0.0193154454492	-0.00914530934402	-0.0314952224779	-0.0671074892281	-0.0487481938962	0.021760727043	-0.0181957423133	0.0241966231432	0.0292632171132	0.00226759979236
k__Bacteria;p__Bacteroidetes;c__Bacteroidia;o__Bacteroidales;f__Bacteroidaceae;g__Bacteroides;s__Bacteroides_coprocola	-0.0377461095584	-0.047664975214	-0.0128204728772	0.0329246231928	-0.0236234239755	-0.0089632882083	0.00537660615484	-0.0130891658421	-0.01776213803	-0.0922870959014	0.0282382005667	1.0	-0.0170661071188	0.0208283339845	0.041289806119	-0.0779481767646	-0.0279571641057	-0.0112813992312	0.0518749316196	0.0606524929711	-0.00124153504748	0.0344209790487	-0.0166137402155	0.0449511369839	-0.0274743316662	0.0148341088815	0.0423798315776	-0.0340336807943	-0.00102952274539	0.0450252280609	-0.00292203445187	-0.0469923261946	-0.0859768982788	-0.021528652886	-0.0324469095414	0.026421939356	-0.0520943606688	0.0637297240961	-0.0368435675615	-0.0347392735278	0.0452555281101	-0.0423556930462	-0.0619993708594	-0.044136079335	-0.0285300500583	-0.0463506477414	0.0538128105859	0.061517665864	-0.00368502358488	-0.00941901425093	0.0204826632315	-0.0497016405683	-0.0230249947366	0.0201647084652	0.0682036528735	0.0393525808254	-0.0162036794625	-0.122046497139	-0.0705329801589
k__Bacteria;p__Bacteroidetes;c__Bacteroidia;o__Bacteroidales;f__Bacteroidaceae;g__Bacteroides;s__Bacteroides_cellulosilyticus	-0.0149173235796	0.0509022794777	-0.0648738611743	0.031362256352	0.0451057866907	-0.032990814001	0.0150995117349	-0.018921053942	0.0109600578721	-0.0109817409532	-0.141885201105	-0.0170661071188	1.0	-0.0648527636118	0.0420949938072	-0.00843215237321	0.0256570368318	-0.0492756648711	0.0252547127769	0.0109009820102	0.107776615838	-0.00501922895221	-0.0216759150837	0.000169532704566	-0.0360521311553	-0.00278277386005	0.0466074340677	-0.118305176306	-0.0192548284423	0.00184462728523	0.020080359827	-0.0441654918777	-0.0758919289772	-0.00135770487764	-0.0258436934643	0.0590645660362	-0.0490109383789	-0.0796897411346	0.0537434097362	-0.0442416344522	-0.0261086198057	0.012807280258	0.00934372189734	-0.00950312539941	0.0198054804132	-0.00896338115786	-0.0843155717351	0.0247133081384	-0.0376204231983	-0.107982711723	-0.0717820083545	-0.063150345476	-0.0304672668678	-0.0907462610897	0.0305333199386	0.148840162638	-0.055207589675	-0.0343824537939	-0.0182547816544
k__Bacteria;p__Bacteroidetes;c__Bacteroidia;o__Bacteroidales;f__Rikenellaceae;g__Alistipes;s__Alistipes_obesi	-0.0179725113411	0.0101333175567	-0.0726546837935	0.00339120153451	-0.048269608282	-0.0279305697881	-0.0430901768364	0.041883224379	-0.0495009486308	-0.0109905525081	0.0266914413977	0.0208283339845	-0.0648527636118	1.0	0.0119847823521	-0.0211690986641	0.0227933194708	-0.103879771544	0.0429908558104	-0.0544380357929	-0.0124464965059	-0.0222600201084	-0.0150619579553	0.0272244705074	-0.0309723518812	-0.0260812740079	-0.0601353514354	0.03415612506	-0.0445777085748	0.0324552201199	-0.019166667354	0.0516459628682	0.02949984169	-0.00728412722742	-0.0199663218397	0.068937121421	0.0213755705391	0.0168776558759	0.00176301221384	-0.0645774058056	-0.112952872307	-0.0117929211988	0.0196575615753	-0.00776079451343	-0.0290104631348	0.0585470664763	-0.00294249255912	0.0196145054029	-0.12184082429	-0.0021828891218	-0.0159486581793	0.0473358507622	0.0327470112771	0.036479519458	-0.000773737116995	-0.0444879248123	0.037411084353	-0.048292041846	0.0223569884319
k__Bacteria;p__Firmicutes;c__Clostridia;o__Clostridiales;f__Lachnospiraceae;g__;s__[Eubacterium]_rectale	-0.0704677897747	-0.0322557944245	-0.0531294631167	-0.00788535890835	0.0504692502565	0.0161660335914	-0.0176855472127	-0.00245489927572	-0.0152767838313	0.0675505548649	0.0504099950515	0.041289806119	0.0420949938072	0.0119847823521	1.0	-0.00148497677681	-0.0274387772064	0.00612250390728	0.0455204422727	0.00182474858049	-0.00447395596307	-0.0432189393049	-0.0632695322863	-0.000218410160093	-0.00693296446396	-0.0374597980585	0.0524029898318	-0.0215796720654	0.0314244782872	0.0687212497714	-0.0343791008105	0.0531845002866	-0.000880065845449	0.00675669319552	0.0120801105049	-0.0269811757106	0.0221038235798	0.0219537745742	-0.0949576065519	0.0178292173488	-0.0315657012343	-0.0942723554788	-0.073689788398	0.00160286483394	-0.0391948850312	-0.0406306407871	0.0300341501373	-0.104972844835	-0.117882862216	-0.0466559347563	-0.0493777517655	-0.0849645061457	-0.04830529843	0.0575698857035	-0.0182423201524	0.0695382775436	-0.0201922978872	0.00837587852268	-0.0222333522268
k__Bacteria;p__Bacteroidetes;c__Bacteroidia;o__Bacteroidales;f__Bacteroidaceae;g__Bacteroides;s__Bacteroides_plebeius	-0.0150252653442	-0.0427770695877	0.0535668375784	-0.0941702081871	0.0245598797063	-0.0225881974755	0.00462719768534	0.0142479190241	-0.055184735513	-0.0593293427277	-0.0164179654864	-0.0779481767646	-0.00843215237321	-0.0211690986641	-0.00148497677681	1.0	0.00407611824576	0.0878873911124	-0.0392272019587	-0.0483591040354	0.0288383093178	0.00658629482509	-0.0281229879439	0.0397722176086	-0.0530232697784	-0.019464886933	0.0346419551434	0.0109545878753	0.0548040892407	0.0122140673437	-0.0224994769906	-0.0336414071036	-0.00441301511199	-0.0740598001136	-0.0575876747415	-0.00791376486277	0.0407446901533	-0.0326778633324	-0.0208015776903	-0.00485662291255	-0.0610161021661	0.0244876168294	0.0366215025532	-0.0194994613403	-0.00134103055798	-0.0307445310803	0.0118078930404	-0.00848826891028	0.0315535249973	-0.000745207898631	-0.0606068621642	-0.03084756003	0.126914042027	-0.0295800217104	-0.0579202483664	-0.045816417834	-0.0273814301061	-0.0160125338464	0.0475349696196
k__Bacteria;p__Bacteroidetes;c__Bacteroidia;o__Bacteroidales;f__Bacteroidaceae;g__Bacteroides;s__Bacteroides_fragilis	-0.0920159210326	-0.00897541665324	-0.0182648381597	0.0262703969374	0.0537016119685	-0.103400005631	-0.106537828812	-0.0740824971471	-0.00406255814183	0.0289294541601	0.00693967958504	-0.0279571641057	0.0256570368318	0.0227933194708	-0.0274387772064	0.00407611824576	1.0	-0.105773607812	0.0194658576538	-0.0518983004333	-0.0294294038988	0.0708699024785	-0.0801984899484	-0.00635425860769	-0.00541866031908	-0.00413399946914	0.0244046886593	-0.0172452570833	-0.02228938797	0.0125068446922	0.00182380784854	0.0506756053208	-0.0448545132243	0.00380360680552	0.0205469681844	-0.0283063784982	-0.057331563292	0.00846480279162	-0.0604711555886	-0.112986003752	-0.00448072542344	0.0115229063481	0.0126488618771	-0.0154154246086	-0.00503281610774	0.00322952739518	0.0199031630603	-0.0474256753612	-0.00440563781915	-0.0204037998856	0.0270255041131	0.00409043380582	0.00678997597603	-0.071290380453	-0.0346524449049	-0.0679791552911	-0.0241969143032	-0.102014363362	0.0140155812707
k__Bacteria;p__Proteobacteria;c__Betaproteobacteria;o__Burkholderiales;f__Sutterellaceae;g__Sutterella;s__Sutterella_wadsworthensis	-0.0484954120391	-0.00614835163688	0.0384825434838	-0.0124700467109	-0.00453112547828	0.0248524480732	0.0474714727652	-0.020607303716	0.0114269418608	0.015135722625	-0.00754572184308	-0.0112813992312	-0.0492756648711	-0.103879771544	0.00612250390728	0.0878873911124	-0.105773607812	1.0	-0.0500811622538	-0.0575248873838	-0.0360755539905	-0.0652866124108	-0.00549729288493	-0.0224576928865	-0.0782716292467	0.0308955520334	-0.0117212837359	-0.0812917512864	-0.0504036018543	0.00126522884382	0.00710343625954	-0.0457935045453	-0.0406455167034	-0.0981648697135	0.0168374697307	-0.0491769638847	-0.00712560840214	-0.0496452528432	-0.0863648546933	-0.0794728504914	-0.0270671798202	0.00378749613234	0.0139929269491	-0.020528144131	0.0548675435995	-0.00823195532375	0.109901547123	0.0426283877252	0.0653903706009	0.0133062158528	-0.0185605767018	0.00590467588827	0.0118550559341	0.120033200402	-0.0458905682211	0.0464444665755	0.050913084598	0.0637724317304	-0.0355286348794
k__Bacteria;p__Bacteroidetes;c__Bacteroidia;o__Bacteroidales;f__Porphyromonadaceae;g__Barnesiella;s__Barnesiella_intestinihominis	-0.042943812005	-0.0165674991031	-0.0532856977838	0.0477934237672	-0.0311037594435	-0.0424289097949	-0.0700342750193	-0.0211605225749	-0.0551655362727	-0.0540175529814	-0.00986526502327	0.0518749316196	0.0252547127769	0.0429908558104	0.0455204422727	-0.0392272019587	0.0194658576538	-0.0500811622538	1.0	0.0278946731736	0.00746688230854	-0.125989017128	0.00776605623623	0.108948753068	-0.0159087514542	0.0454981296422	-0.0980582788419	0.0226442316209	-0.0521938527495	0.0112970451501	-0.00734757030173	-0.0277117366281	-0.0155675419017	-0.0974808859605	-0.0272607857701	0.0137564067054	0.0515842388599	0.00601152346856	-0.0137943257217	-0.0530796594574	-0.0445177892064	-0.026432544795	0.0228635916554	-0.0335900127982	-0.131901078677	-0.0303947914384	0.0355927168001	-0.0700919321934	-0.0185841373099	-0.0277518802659	0.0105484042588	-0.012265040351	0.000414735612712	-0.0340404143628	0.0270528248462	-0.0580707208996	0.0223216224507	-0.026581508081	0.0137557451959
k__Bacteria;p__Bacteroidetes;c__Bacteroidia;o__Bacteroidales;f__Odoribacteraceae;g__Odoribacter;s__Odoribacter_splanchnicus	-0.0251236336981	-0.0316667719352	0.0132859952218	0.0287120767649	0.0543978563315	-0.0189587538628	0.00579691764144	-0.00551119711352	-0.0311419209671	-0.0497929356157	-0.0297997133037	0.0606524929711	0.0109009820102	-0.0544380357929	0.00182474858049	-0.0483591040354	-0.0518983004333	-0.0575248873838	0.0278946731736	1.0	0.0771187441063	-0.0293298612427	0.0264845879413	-0.0975673008249	-0.00947827732246	-0.0473316049477	-0.0522550025632	-0.0437634417515	-0.018300030654	-0.0738982034752	-0.00724308409775	0.0321208782952	0.00708923067359	0.0691023715792	-0.0619011320563	-0.00172120634219	-0.118728181943	-0.0421700738084	0.0514568671358	-0.0216854920958	-0.0568760296673	0.0127254777462	0.0353590782336	-0.0106685331116	-0.136525017806	0.0288326190706	-0.00633995071971	-0.0460986862779	-0.0290355046634	-0.0117622520779	0.0663842280018	0.0264874194275	0.0589011709423	0.0586153386959	-0.000722236265662	0.00210240505496	-0.0326078043084	-0.0248504117144	-0.0078480057366
k__Bacteria;p__Bacteroidetes;c__Bacteroidia;o__Bacteroidales;f__Bacteroidaceae;g__Bacteroides;s__Bacteroides_salyersiae	-0.0789842833372	-0.00971759735093	-0.0210229491042	0.0779670512025	-0.052472104568	-0.0294855339864	-0.0240359556253	0.0046776450107	-0.0840718541688	-0.0131764718316	-0.0278948901037	-0.00124153504748	0.107776615838	-0.0124464965059	-0.00447395596307	0.0288383093178	-0.0294294038988	-0.0360755539905	0.00746688230854	0.0771187441063	1.0	-0.00458810891758	-0.0636585559258	0.0708618807757	-0.080688785038	-0.00949300842153	0.0312225138632	0.0161260458697	0.0475944202793	-0.0560825537992	-0.0652721793372	0.0526804852525	0.0534138366672	-0.0194327385384	-0.0104940334176	-0.0729984792437	-0.00696922082005	-0.126668479325	0.0256214043524	0.0735957177101	-0.0470576196514	-0.0166231339702	0.00334803917314	0.0542259790411	0.0157747438235	-0.00260305120733	-0.113613552552	-0.0279841578895	0.0217186778559	-0.0764624378412	-0.010004613304	-0.107908892663	-0.0071742635659	-0.000679078246491	-0.0243722279867	-0.0143065931336	0.00415300877257	0.0378634783022	-0.0537276947882
k__Bacteria;p__Firmicutes;c__Clostridia;o__Clostridiales;f__Ruminococcaceae;g__Ruminiclostridium;s__[Eubacterium]_siraeum	-0.02730821076	0.00441773004265	-0.0397890862562	-0.0282523011612	-0.0407145463743	-0.0391201062018	-0.0199106170651	0.0470087487197	-0.0352576485694	-0.0244313878229	0.00819364265159	0.0344209790487	-0.00501922895221	-0.0222600201084	-0.0432189393049	0.00658629482509	0.0708699024785	-0.0652866124108	-0.125989017128	-0.0293298612427	-0.00458810891758	1.0	-0.0569816227747	-0.0585416019062	-0.0366397907547	0.0165721673848	-0.000945457384321	0.0845634811291	0.0100875252224	0.0619125461636	0.0291575973714	-0.0247054832906	-0.0304414121196	0.0136247523045	0.00566856325873	-0.0619062711627	-0.0430978757552	0.0167781335081	-0.0527936664685	0.0585496797738	0.00756844362236	-0.0171651155941	0.047948037751	-0.0628539948117	-0.00271742527415	-0.0433975421688	-0.0620865559204	-0.0576103778739	-0.00872354229876	0.0288959607352	0.0154584517095	-0.106649562933	-0.025421993792	0.0247991339298	-0.0330586014358	-0.0265060837042	-0.0029164876473	-0.0241262715718	-0.0343140953436
k__Bacteria;p__Proteobacteria;c__Betaproteobacteria;o__Burkholderiales;f__Sutterellaceae;g__Parasutterella;s__Parasutterella_excrementihominis	0.0446136710044	0.00259461792813	-0.0263686994358	-0.0567711905478	-0.077931635206	-0.0241558397952	-0.0186162619544	-0.0157108708983	-0.0525324776587	-0.0476813768124	-0.0988094375592	-0.0166137402155	-0.0216759150837	-0.0150619579553	-0.0632695322863	-0.0281229879439	-0.0801984899484	-0.00549729288493	0.00776605623623	0.0264845879413	-0.0636585559258	-0.0569816227747	1.0	-0.0302389707324	-0.0155817778122	0.0517353105557	0.0209884940163	0.00515548250895	-0.0242081165779	0.0536460294902	0.0126458694197	-0.0226856808906	0.0251752678994	0.022731664103	-0.0102204230875	0.0651359745969	-0.0386818353802	-0.0399120883876	-0.0234946877563	-0.0897719652709	-0.0324657670687	0.0109496248343	0.0362237698563	0.0383156024784	-0.000641140792219	-0.00315162053989	0.0222291368999	0.0247983473847	0.0584095996996	-0.0479170292406	-0.0310448520421	0.0229656512265	-0.121458683397	-0.00126562927958	-0.0293356679006	-0.010432272845	-0.0842306221977	-0.00953676669823	-0.0403171150647
k__Bacteria;p__Actinobacteria;c__Actinobacteria;o__Bifidobacteriales;f__Bifidobacteriaceae;g__Bifidobacterium;s__Bifidobacterium_adolescentis	0.0883355786562	-0.0352741720074	0.0230669634678	0.0206376268893	0.00531434382522	0.0213886593141	0.0263777435967	0.0177107265288	0.0168075227326	0.0193125944147	-0.056587792687	0.0449511369839	0.000169532704566	0.0272244705074	-0.000218410160093	0.0397722176086	-0.00635425860769	-0.0224576928865	0.108948753068	-0.0975673008249	0.0708618807757	-0.0585416019062	-0.0302389707324	1.0	0.0112704904905	-0.115081126948	-0.0716712528005	0.0477329481335	-0.0198348212688	0.0166823572973	-0.0439479710494	-0.0245854555088	-0.024956829436	-0.0135617404999	-0.00246851856254	-0.0366979735226	-0.104293238474	-0.0237176339537	-0.00453410648705	-0.0076394440882	0.0434530419151	-0.0476015012083	-0.00626880416175	0.0291742656578	-0.00578705759456	0.0445314660535	-0.0827659739215	0.0390333019906	0.00474810777878	-0.0408376476688	-0.0235583610427	-0.00648052149137	0.0200923819912	-0.0796720675606	-0.0115212697213	0.024124207014	-0.0161414925403	-0.0271806499957	-0.041602462987
k__Bacteria;p__Firmicutes;c__Clostridia;o__Clostridiales;f__Oscillospiraceae;g__Oscillibacter;s__Oscillibacter_sp._KLE_1745	0.0574694382492	-0.00992198165295	0.0289644546166	0.065879457909	-0.010692376092	-0.0656543646982	-0.0283538469742	0.00833700240893	0.0108950985054	0.0631979174464	-0.0586158229141	-0.0274743316662	-0.0360521311553	-0.0309723518812	-0.00693296446396	-0.0530232697784	-0.00541866031908	-0.0782716292467	-0.0159087514542	-0.00947827732246	-0.080688785038	-0.0366397907547	-0.0155817778122	0.0112704904905	1.0	-0.0555120368103	-0.0546375155909	-0.00663445373567	0.0812109947123	0.000530920469326	-0.0485418162367	-0.0431419287761	0.0650956801073	0.012013780564	0.0621085880724	0.0180382979082	-0.0155083324342	0.0108328816793	-0.063206546341	-0.0352016288292	0.0475379266528	-0.0402724543957	-0.105171157721	0.0316931352549	-0.0332606556184	0.0380919302825	-0.0314822676626	0.029786011335	-0.0711901281632	-0.0132396799898	-0.0138512041535	-0.0390697548174	0.00208277430895	0.000937448358689	0.0275350497693	-0.0886233144355	-0.0386201033206	-0.00590118638019	-0.0843110349739
k__Bacteria;p__Bacteroidetes;c__Bacteroidia;o__Bacteroidales;f__Bacteroidaceae;g__Bacteroides;s__Bacteroides_coprophilus	0.0424075217401	-0.033871925844	-0.0211152671966	-0.00472866529219	-0.0401000840589	-0.0847435566807	0.00212674645944	-0.0316358683272	-0.022690567956	0.0336549034773	-0.0707408782297	0.0148341088815	-0.00278277386005	-0.0260812740079	-0.0374597980585	-0.019464886933	-0.00413399946914	0.0308955520334	0.0454981296422	-0.0473316049477	-0.00949300842153	0.0165721673848	0.0517353105557	-0.115081126948	-0.0555120368103	1.0	-0.0102404876761	-0.0450362866214	-0.0950469577895	-0.00600003167958	0.0220102666442	-0.0630049009841	-0.0575697017565	0.0545166828902	-0.0199525175331	-0.026822402181	-0.0209102050354	0.0152739870499	0.00625644109117	0.0424146426604	-0.0107148953253	0.0480878153595	-0.0464275018488	0.0212914526229	-0.00290469929271	-0.0164586642492	-0.0467360575272	0.0164091076305	0.0269191529047	0.0102421216485	-0.0719739968061	-0.0474652762707	-0.0639713269982	-0.00660006768172	-0.00949106934194	0.0611577213134	0.0319356997775	0.00562704732207	0.000722687739949
k__Bacteria;p__Firmicutes;c__Clostridia;o__Clostridiales;f__Lachnospiraceae;g__Roseburia;s__Roseburia_intestinalis	-0.00594831775784	0.0693085744558	-0.0227927852929	-0.0374737610988	-0.0555418578074	0.0206939461852	0.0412532198853	-0.0170340027004	0.0629257361661	0.0525126059568	0.00666305481269	0.0423798315776	0.0466074340677	-0.0601353514354	0.0524029898318	0.0346419551434	0.0244046886593	-0.0117212837359	-0.0980582788419	-0.0522550025632	0.0312225138632	-0.000945457384321	0.0209884940163	-0.0716712528005	-0.0546375155909	-0.0102404876761	1.0	0.00860037207629	-0.0367842002242	-0.0678849113229	-0.0207246808436	0.034341630193	0.0139290758776	-0.000891804037314	-0.0425479467152	0.0122485050795	0.0247206304314	-0.0169586725591	0.11033210836	-0.0542220929478	-0.00603125743663	-0.00389713038612	-0.0575067465188	0.0366918619652	-0.0940562641747	-0.10744433613	-0.000316434663165	-0.0867428360712	-0.0500341269699	-0.0259057291863	0.00979586361162	-0.0839448934712	-0.0745865101679	-0.0830241225902	0.0259153500707	-0.0761805341163	-0.032149828846	-0.0720736278518	-0.029607342022
k__Bacteria;p__Firmicutes;c__Clostridia;o__Clostridiales;f__Lachnospiraceae;g__Roseburia;s__Roseburia_hominis	-0.0693681851075	0.0226046192841	0.0316462003235	-0.0166002266436	-0.103101541033	-0.00406513672871	0.00197316143816	0.0304647515714	0.0139995305177	0.0525991157036	0.0728420764772	-0.0340336807943	-0.118305176306	0.03415612506	-0.0215796720654	0.0109545878753	-0.0172452570833	-0.0812917512864	0.0226442316209	-0.0437634417515	0.0161260458697	0.0845634811291	0.00515548250895	0.0477329481335	-0.00663445373567	-0.0450362866214	0.00860037207629	1.0	0.052103265224	0.0138965195132	-0.061134527131	0.0270280876374	0.00846563372958	-0.0263540534081	-0.0365443131347	-0.00463837567555	0.045767852918	-0.004883790443	-0.0613049694569	-0.0423909442022	-0.0107367520585	0.0330739883137	-0.0871785829892	-0.00132896440697	-0.078789910195	-0.0163926273362	0.00324146925951	0.000750816905257	-0.0704944242316	0.0209159931954	-0.0484282201235	-0.0796535074691	0.00805691419691	0.0360680567723	-0.0291939938235	-0.00137890547323	0.0270286042487	-0.0417886145282	0.0105337807952
k__Bacteria;p__Bacteroidetes;c__Bacteroidia;o__Bacteroidales;f__Porphyromonadaceae;g__Parabacteroides;s__Parabacteroides_johnsonii	0.0563158713838	-0.162622855863	0.043288654455	0.0210699185537	0.00180744700403	-0.0192671944596	-0.00762097066796	-0.00640277969423	0.0565978385679	-0.0537112148749	0.0283674211124	-0.00102952274539	-0.0192548284423	-0.0445777085748	0.0314244782872	0.0548040892407	-0.02228938797	-0.0504036018543	-0.0521938527495	-0.018300030654	0.0475944202793	0.0100875252224	-0.0242081165779	-0.0198348212688	0.0812109947123	-0.0950469577895	-0.0367842002242	0.052103265224	1.0	-0.0116015106125	-0.0322857987276	0.00247092643877	-0.00188743464019	-0.00943191071873	0.0215445314906	-0.0587923127499	-0.00946560949324	-0.0256044284304	-0.0525528042462	0.000607842020032	-0.0115402154753	-0.00745621133643	-0.0354368354787	-0.0485020804865	-0.0340769620428	-0.029133748791	-0.0104549966541	0.0100490731089	-0.0401802899475	0.0559631924368	-0.0592550758567	-0.0394065718457	-0.0918330758982	0.0588290022156	-0.0123109704699	-0.104549010309	0.0465440133315	-0.0399574252505	0.0286325115409
k__Bacteria;p__Actinobacteria;c__Actinobacteria;o__Bifidobacteriales;f__Bifidobacteriaceae;g__Bifidobacterium;s__Bifidobacterium_longum	0.028024231318	-0.0765923481482	0.0238921268843	0.0350281444622	0.0489032886879	-0.041895674856	-0.100221162213	0.0262694282757	0.0261065152071	-0.00977615835406	-0.054502975066	0.0450252280609	0.00184462728523	0.0324552201199	0.0687212497714	0.0122140673437	0.0125068446922	0.00126522884382	0.0112970451501	-0.0738982034752	-0.0560825537992	0.0619125461636	0.0536460294902	0.0166823572973	0.000530920469326	-0.00600003167958	-0.0678849113229	0.0138965195132	-0.0116015106125	1.0	0.0258386402053	-0.106497939192	-0.0228328751337	-0.026677045162	-0.0453855504194	0.00914476576179	-0.0527776049862	0.0505631373796	-0.038666159149	-0.0331430598021	0.0476374401123	-0.0822632292118	-0.0534311034791	0.0021278458166	-0.0109052624656	0.0470917012641	-0.0388597432088	-0.0373749825387	-0.01435425716	0.0226775955325	0.0113393912433	-0.0413304112441	0.0315979134576	0.00737145707826	-0.0348390065493	0.0132119415582	0.0158440229819	-0.0585212101379	-0.00437343151605
