#taxonomy	k__Bacteria;p__Bacteroidetes;c__Bacteroidia;o__Bacteroidales;f__Bacteroidaceae;g__Bacteroides;s__Bacteroides_vulgatus	k__Bacteria;p__Bacteroidetes;c__Bacteroidia;o__Bacteroidales;f__Bacteroidaceae;g__Bacteroides;s__Bacteroides_uniformis	k__Bacteria;p__Bacteroidetes;c__Bacteroidia;o__Bacteroidales;f__Rikenellaceae;g__Alistipes;s__Alistipes_putredinis	k__Bacteria;p__Bacteroidetes;c__Bacteroidia;o__Bacteroidales;f__Prevotellaceae;g__Prevotella;s__Prevotella_copri	k__Bacteria;p__Bacteroidetes;c__Bacteroidia;o__Bacteroidales;f__Bacteroidaceae;g__Bacteroides;s__Bacteroides_stercoris	k__Bacteria;p__Bacteroidetes;c__Bacteroidia;o__Bacteroidales;f__Bacteroidaceae;g__Bacteroides;s__Bacteroides_ovatus	k__Bacteria;p__Bacteroidetes;c__Bacteroidia;o__Bacteroidales;f__Rikenellaceae;g__Alistipes;s__Alistipes_shahii	k__Bacteria;p__Firmicutes;c__Clostridia;o__Clostridiales;f__Ruminococcaceae;g__Faecalibacterium;s__Faecalibacterium_prausnitzii	k__Bacteria;p__Bacteroidetes;c__Bacteroidia;o__Bacteroidales;f__Rikenellaceae;g__Alistipes;s__Alistipes_finegoldii	k__Bacteria;p__Bacteroidetes;c__Bacteroidia;o__Bacteroidales;f__Porphyromonadaceae;g__Parabacteroides;s__Parabacteroides_distasonis	k__Bacteria;p__Bacteroidetes;c__Bacteroidia;o__Bacteroidales;f__Bacteroidaceae;g__Bacteroides;s__Bacteroides_thetaiotaomicron	k__Bacteria;p__Bacteroidetes;c__Bacteroidia;o__Bacteroidales;f__Bacteroidaceae;g__Bacteroides;s__Bacteroides_coprocola	k__Bacteria;p__Bacteroidetes;c__Bacteroidia;o__Bacteroidales;f__Bacteroidaceae;g__Bacteroides;s__Bacteroides_cellulosilyticus	k__Bacteria;p__Bacteroidetes;c__Bacteroidia;o__Bacteroidales;f__Rikenellaceae;g__Alistipes;s__Alistipes_obesi	k__Bacteria;p__Firmicutes;c__Clostridia;o__Clostridiales;f__Lachnospiraceae;g__;s__[Eubacterium]_rectale	k__Bacteria;p__Bacteroidetes;c__Bacteroidia;o__Bacteroidales;f__Bacteroidaceae;g__Bacteroides;s__Bacteroides_plebeius	k__Bacteria;p__Bacteroidetes;c__Bacteroidia;o__Bacteroidales;f__Bacteroidaceae;g__Bacteroides;s__Bacteroides_fragilis	k__Bacteria;p__Proteobacteria;c__Betaproteobacteria;o__Burkholderiales;f__Sutterellaceae;g__Sutterella;s__Sutterella_wadsworthensis	k__Bacteria;p__Bacteroidetes;c__Bacteroidia;o__Bacteroidales;f__Porphyromonadaceae;g__Barnesiella;s__Barnesiella_intestinihominis	k__Bacteria;p__Bacteroidetes;c__Bacteroidia;o__Bacteroidales;f__Odoribacteraceae;g__Odoribacter;s__Odoribacter_splanchnicus	k__Bacteria;p__Bacteroidetes;c__Bacteroidia;o__Bacteroidales;f__Bacteroidaceae;g__Bacteroides;s__Bacteroides_salyersiae	k__Bacteria;p__Firmicutes;c__Clostridia;o__Clostridiales;f__Ruminococcaceae;g__Ruminiclostridium;s__[Eubacterium]_siraeum	k__Bacteria;p__Proteobacteria;c__Betaproteobacteria;o__Burkholderiales;f__Sutterellaceae;g__Parasutterella;s__Parasutterella_excrementihominis	k__Bacteria;p__Actinobacteria;c__Actinobacteria;o__Bifidobacteriales;f__Bifidobacteriaceae;g__Bifidobacterium;s__Bifidobacterium_adolescentis	k__Bacteria;p__Firmicutes;c__Clostridia;o__Clostridiales;f__Oscillospiraceae;g__Oscillibacter;s__Oscillibacter_sp._KLE_1745	k__Bacteria;p__Bacteroidetes;c__Bacteroidia;o__Bacteroidales;f__Bacteroidaceae;g__Bacteroides;s__Bacteroides_coprophilus	k__Bacteria;p__Firmicutes;c__Clostridia;o__Clostridiales;f__Lachnospiraceae;g__Roseburia;s__Roseburia_intestinalis	k__Bacteria;p__Firmicutes;c__Clostridia;o__Clostridiales;f__Lachnospiraceae;g__Roseburia;s__Roseburia_hominis	k__Bacteria;p__Bacteroidetes;c__Bacteroidia;o__Bacteroidales;f__Porphyromonadaceae;g__Parabacteroides;s__Parabacteroides_johnsonii	k__Bacteria;p__Actinobacteria;c__Actinobacteria;o__Bifidobacteriales;f__Bifidobacteriaceae;g__Bifidobacterium;s__Bifidobacterium_longum	k__Bacteria;p__Firmicutes;c__Clostridia;o__Clostridiales;f__;g__Flavonifractor;s__Flavonifractor_plautii	k__Bacteria;p__Firmicutes;c__Clostridia;o__Clostridiales;f__Clostridiaceae;g__Clostridium;s__Clostridium_phoceensis	k__Bacteria;p__Verrucomicrobia;c__Verrucomicrobiae;o__Verrucomicrobiales;f__Akkermansiaceae;g__Akkermansia;s__Akkermansia_muciniphila	k__Bacteria;p__Bacteroidetes;c__Bacteroidia;o__Bacteroidales;f__Prevotellaceae;g__Paraprevotella;s__Paraprevotella_xylaniphila	k__Bacteria;p__Firmicutes;c__Clostridia;o__Clostridiales;f__Ruminococcaceae;g__Ruminococcus;s__Ruminococcus_callidus	k__Bacteria;p__Bacteroidetes;c__Bacteroidia;o__Bacteroidales;f__Rikenellaceae;g__Alistipes;s__Alistipes_senegalensis	k__Bacteria;p__Firmicutes;c__Clostridia;o__Clostridiales;f__Lachnospiraceae;g__Blautia;s__Blautia_sp._KLE_1732	k__Bacteria;p__Bacteroidetes;c__Bacteroidia;o__Bacteroidales;f__Bacteroidaceae;g__Bacteroides;s__Bacteroides_oleiciplenus	k__Bacteria;p__Firmicutes;c__Clostridia;o__Clostridiales;f__Ruminococcaceae;g__Ruminococcus;s__Ruminococcus_bicirculans	k__Bacteria;p__Bacteroidetes;c__Bacteroidia;o__Bacteroidales;f__Bacteroidaceae;g__Bacteroides;s__Bacteroides_fluxus	k__Bacteria;p__Bacteroidetes;c__Bacteroidia;o__Bacteroidales;f__Prevotellaceae;g__Prevotella;s__Prevotella_stercorea	k__Bacteria;p__Firmicutes;c__Clostridia;o__Clostridiales;f__Lachnospiraceae;g__Dorea;s__Dorea_longicatena	k__Bacteria;p__Firmicutes;c__Clostridia;o__Clostridiales;f__Eubacteriaceae;g__Eubacterium;s__[Eubacterium]_eligens	k__Bacteria;p__Firmicutes;c__Clostridia;o__Clostridiales;f__Ruminococcaceae;g__;s__Ruminococcaceae_bacterium_D16	k__Bacteria;p__Firmicutes;c__Clostridia;o__Clostridiales;f__Lachnospiraceae;g__Coprococcus;s__Coprococcus_comes	k__Bacteria;p__Proteobacteria;c__Gammaproteobacteria;o__Enterobacterales;f__Enterobacteriaceae;g__Escherichia;s__Escherichia_coli	k__Bacteria;p__Firmicutes;c__Clostridia;o__Clostridiales;f__Ruminococcaceae;g__Anaerotruncus;s__Anaerotruncus_colihominis	k__Bacteria;p__Firmicutes;c__Clostridia;o__Clostridiales;f__Lachnospiraceae;g__Blautia;s__Blautia_obeum	k__Bacteria;p__Bacteroidetes;c__Bacteroidia;o__Bacteroidales;f__Odoribacteraceae;g__Odoribacter;s__Odoribacter_laneus	k__Bacteria;p__Firmicutes;c__Clostridia;o__Clostridiales;f__Ruminococcaceae;g__Ruminiclostridium;s__[Clostridium]_leptum	k__Bacteria;p__Bacteroidetes;c__Bacteroidia;o__Bacteroidales;f__Porphyromonadaceae;g__Parabacteroides;s__Parabacteroides_goldsteinii	k__Bacteria;p__Firmicutes;c__Clostridia;o__Clostridiales;f__Lachnospiraceae;g__Anaerostipes;s__Anaerostipes_hadrus	k__Bacteria;p__Firmicutes;c__Clostridia;o__Clostridiales;f__Ruminococcaceae;g__Ruminococcus;s__Ruminococcus_lactaris	k__Bacteria;p__Firmicutes;c__Clostridia;o__Clostridiales;f__Clostridiaceae;g__Clostridium;s__Clostridium_sp._L2-50	k__Bacteria;p__Firmicutes;c__Clostridia;o__Clostridiales;f__Clostridiaceae;g__Clostridium;s__Clostridium_sp._M62/1	k__Bacteria;p__Firmicutes;c__Clostridia;o__Clostridiales;f__;g__Intestinimonas;s__Intestinimonas_butyriciproducens	k__Bacteria;p__Actinobacteria;c__Actinobacteria;o__Bifidobacteriales;f__Bifidobacteriaceae;g__Bifidobacterium;s__Bifidobacterium_bifidum	k__Bacteria;p__Firmicutes;c__Negativicutes;o__Veillonellales;f__Veillonellaceae;g__Dialister;s__Dialister_invisus	k__Bacteria;p__Bacteroidetes;c__Bacteroidia;o__Bacteroidales;f__Bacteroidaceae;g__Bacteroides;s__Bacteroides_salanitronis
k__Bacteria;p__Bacteroidetes;c__Bacteroidia;o__Bacteroidales;f__Bacteroidaceae;g__Bacteroides;s__Bacteroides_vulgatus	1.0	-0.0112189505792	0.0340135289394	0.0229934819558	-0.0241818769917	-0.0913029782049	0.00132432791467	-0.0134468877441	-0.0110886264036	-0.00715163932049	-0.0213389623555	0.00430369838337	-0.0654739415009	0.0155271907255	-0.0485819876253	0.0409018314979	-0.00171308213409	0.00702873182967	0.0228185994991	-0.00292682707247	-0.0625477320326	-0.120443614379	-0.0414622038127	-0.0209921597976	0.00715171545762	-0.0537460867755	0.00494392556691	-0.0376309758735	0.0727635762825	-0.0395118618224	0.0697846545443	0.0315467539189	0.0512969860474	0.00210293616046	0.0382118176359	-0.0418729655963	0.0102731810425	-0.00997920643572	0.0299660499792	-0.125100260671	0.0297444035015	-0.0194515258095	0.0629292414185	-0.00397899762625	0.104845879084	-0.0280193730803	0.0234721966504	-0.019779422779	0.0172819125253	-0.0598022419903	0.0221710231289	-0.0740441596305	-0.0157195225996	-0.0314019272891	0.0319056554335	-0.00937551167709	0.0129435531477	-0.0324108156511	0.00328389068284
k__Bacteria;p__Bacteroidetes;c__Bacteroidia;o__Bacteroidales;f__Bacteroidaceae;g__Bacteroides;s__Bacteroides_uniformis	-0.0112189505792	1.0	0.0389568243931	0.0911952511938	-0.0359115721555	-0.0489508761101	0.0299852141485	-0.0204906183972	-0.0941552109345	0.035554899238	0.00908924888358	-0.0452473135685	-0.0905657121678	0.0466985875668	0.0625536613037	0.0224831654499	0.0325953078708	-0.0296409112612	0.0386053126864	-0.00733349707878	-0.00336776711541	0.060680697583	-0.0727160086904	0.0312378746465	-0.057587968039	-0.0269609542773	0.0742818930269	-0.0184454712717	-0.0322286964372	-0.0626865988546	-0.0570473996439	0.0712313325691	-0.0576631064803	-0.0146959265247	-0.0744906054861	0.0274001875796	0.0257794167485	-0.0456100729907	0.0290638912735	0.0637103559929	0.013939075187	-0.0155234034257	0.00495259106062	-0.0657185213002	0.000279309816845	-0.0708018723102	0.0487077094793	-0.0310118669032	-0.0198822764879	0.0191046806375	-0.0737830705646	-0.0188174317997	-0.00934789610502	0.019692577356	-0.0554904953475	-0.0263449153474	-0.00212388818174	-0.014800956877	-0.0206333525704
k__Bacteria;p__Bacteroidetes;c__Bacteroidia;o__Bacteroidales;f__Rikenellaceae;g__Alistipes;s__Alistipes_putredinis	0.0340135289394	0.0389568243931	1.0	0.00830725298891	-0.0140291798743	-0.0503062780305	-0.0808821845635	-0.00538897682279	-0.0267646015898	0.0796099112222	-0.0128885057294	-0.0140163547154	-0.0832616785041	0.0052661784435	0.0527014870895	0.0272027896199	0.0753585729178	-0.0260466494037	0.011023299971	0.0246604446355	-0.0587906260856	-0.00286800444122	-0.0274618343361	-0.0417337911277	0.0644327952941	-0.0174225758037	-0.0466873207916	0.00250849276525	-0.100795844251	-0.00132868290615	-0.0789175181294	-0.0450315560151	-0.0181505224928	-0.00387644173385	-0.0897293935458	-0.0421735113114	-0.0475604701055	-0.0384273004009	0.0395968365903	-0.0146063303999	-0.0172547926339	0.0100935731359	-0.0247384582001	-0.0554191116926	0.0125455669111	0.0425626792142	0.0110590428538	-0.043983587094	-0.0386285554107	0.0283292750097	-0.018309855344	0.00741150632051	-0.0949966580712	0.0785484154907	-0.0153151519294	0.0250840917734	-0.0733476579109	0.00732658442101	0.0323684379606
k__Bacteria;p__Bacteroidetes;c__Bacteroidia;o__Bacteroidales;f__Prevotellaceae;g__Prevotella;s__Prevotella_copri	0.0229934819558	0.0911952511938	0.00830725298891	1.0	0.000886497053111	-0.115984320556	0.0310360763136	-0.0432877455387	-0.0177139476354	-0.00230516053643	-0.0702590565263	0.0482565332479	-0.0517552450126	-0.014994261859	-0.0305506769625	-0.107114321128	0.0599380278716	-0.0666547631835	0.0243173168493	-0.00859156004824	-0.0293046142966	-0.00856818521166	-0.00729021149806	0.0170488382289	0.0129573910898	0.00847905976416	0.0280538542796	0.0177353374028	-0.120197996241	0.0189404629659	-0.0605942642685	0.0374560894845	0.00173988937096	0.102243962195	-0.0834969230305	0.0690634513268	-0.0883580061992	0.0139630494377	-0.0596619686549	0.00148042290256	0.0753069062599	0.0286411093107	-0.0855226212601	-0.0794582693128	-0.0257567639844	-0.0322490015442	0.000934571544565	0.0190060085995	0.0152686528222	-1.38694271429e-05	0.0159162476092	-0.0586849901368	-0.0326297537229	-0.113704189097	-0.0847341889535	-0.032320476266	0.0726484134428	0.0598180787708	0.0193262127846
k__Bacteria;p__Bacteroidetes;c__Bacteroidia;o__Bacteroidales;f__Bacteroidaceae;g__Bacteroides;s__Bacteroides_stercoris	-0.0241818769917	-0.0359115721555	-0.0140291798743	0.000886497053111	1.0	0.00949362552715	-0.0360728794821	-0.0368547496525	-0.0300396469084	-0.126183188963	0.0408857436157	-0.0890497132052	-0.0434619422379	-0.000531098679506	-0.00884497642379	-0.11281839723	-0.0212577457704	-0.0149910210338	-0.025012876018	-0.039947865333	0.0330709181629	-0.0400418730928	-0.00114484635604	0.0794593914858	0.000310263742374	-0.0299287986751	-0.122391029219	-0.0749619976965	0.0321427555897	0.0272818699561	0.0805930718349	0.00725411890768	0.00266543547798	-0.00147073213525	0.0144466160119	-0.0698884998235	0.0063182351552	0.00422894927997	0.0157770312748	-0.0341303452782	-0.0372657717233	-0.00422311067492	0.0451677974082	-0.0814943525145	-0.0747291475141	0.0264271962684	0.067294806827	-0.0328591806606	-0.0232788022485	0.00190646399203	-0.0495386608354	0.0258417968518	0.014673053203	0.0089672046498	-0.0303432025476	-0.0507061967816	0.011097885863	-0.0246862599166	-0.0371164153751
k__Bacteria;p__Bacteroidetes;c__Bacteroidia;o__Bacteroidales;f__Bacteroidaceae;g__Bacteroides;s__Bacteroides_ovatus	-0.0913029782049	-0.0489508761101	-0.0503062780305	-0.115984320556	0.00949362552715	1.0	-0.0520082240371	0.003308790075	-0.0424456564316	0.0492746654171	0.035904549386	0.0750409983533	0.0789925855332	-0.0339201549652	0.00469500773706	-0.0461905604485	0.0492124310625	-0.018849630622	-0.0208052785037	0.0408055763397	-0.062661212761	0.0107162962891	0.0843258547609	-0.0523990079924	-0.0468792205939	-0.0505812295183	-0.0884560229075	0.00675978233023	0.0125685076016	-0.041228592489	-0.0741579035967	0.0142910451516	0.029204940522	-0.0585696922282	-0.0256012158557	0.0537856540914	-0.0482596942999	0.0748005501775	-0.063354043979	0.0110290017097	-0.01425308741	0.00872000155844	0.0650312825597	-0.0404074624334	-0.0841569910809	-0.0193587128485	0.0289068678601	0.0565101512141	-0.00943055154497	0.012054796102	0.0185957282513	-0.0810630710408	-0.0381964536084	0.0342718145171	-0.00299222772494	0.0122449615859	-0.0449254710366	-0.0280800485476	-0.0400500331361
k__Bacteria;p__Bacteroidetes;c__Bacteroidia;o__Bacteroidales;f__Rikenellaceae;g__Alistipes;s__Alistipes_shahii	0.00132432791467	0.0299852141485	-0.0808821845635	0.0310360763136	-0.0360728794821	-0.0520082240371	1.0	-0.0358656353867	-0.00109121095333	0.0461367628007	-0.0390474432805	-0.033280513172	0.0287162159913	-0.0218832051198	-0.0306782620178	-0.0517896178437	-0.0216924423091	-0.0699732575697	-0.0685919889824	0.0416233583127	-0.0585362051069	-0.0387307578809	-0.0198707096243	-0.00118232169706	0.0216005256003	0.00770145249508	0.00810152639348	0.00452303484526	-0.0805994686934	-0.062263731217	0.0125256209671	-0.0363860390138	-0.0452072223959	-0.081534439135	0.055848979686	-0.0148622083142	0.0183988775511	-0.0562779630523	-0.0680164806341	0.0123387580931	-0.0428559769784	-0.022922233563	-0.086093633793	0.0856850996501	-0.0402050103012	0.0577006606636	-0.00438296006275	0.0585283011216	0.0657771621264	-0.0167162842666	-0.0513508767541	-0.0352786052462	0.0437290804415	-0.0133395042907	0.00848548785666	-0.0505368684482	-0.00396241936421	-0.0638443565975	0.00132326859942
k__Bacteria;p__Firmicutes;c__Clostridia;o__Clostridiales;f__Ruminococcaceae;g__Faecalibacterium;s__Faecalibacterium_prausnitzii	-0.0134468877441	-0.0204906183972	-0.00538897682279	-0.0432877455387	-0.0368547496525	0.003308790075	-0.0358656353867	1.0	-0.0106958337097	-0.0175339249688	0.0492915250944	0.0295185120969	0.0154944594096	-0.0829775235176	-0.00919641663922	0.00707925238228	0.0230691755281	0.013191573144	0.029119416073	0.0166228546119	-0.0145752975115	0.000346160100791	-0.0182122492599	0.0115595691504	0.016500050554	-0.0295646484917	-0.00933523634106	-0.0104784355224	-0.0133142409091	0.00181491147831	0.0226336040534	0.0325983136316	0.00255267397988	-0.088729396713	-0.013039289081	-0.0130746408243	0.0262878729997	-0.0413030231274	-0.0518446641813	0.0686862860477	-0.015115475565	-0.0282574225468	-0.0251208637024	0.0527969258417	-0.0594949023844	0.0527096417882	-0.0825138043011	-0.00980019584651	-0.0209719070444	0.0254144217773	0.0270256329613	0.0202612921361	0.0248255288916	-0.00925367221854	0.0314701713678	-0.012066495783	-0.0703345992533	-0.0417380284255	0.0184802549946
k__Bacteria;p__Bacteroidetes;c__Bacteroidia;o__Bacteroidales;f__Rikenellaceae;g__Alistipes;s__Alistipes_finegoldii	-0.0110886264036	-0.0941552109345	-0.0267646015898	-0.0177139476354	-0.0300396469084	-0.0424456564316	-0.00109121095333	-0.0106958337097	1.0	0.0312898681821	-0.0316748312877	-0.0282879446872	0.0222524340423	-0.0144296750515	0.0299939749302	0.0369681162674	-0.0975032781619	-0.00839835401345	0.0480455440155	0.046433229263	-0.0493394499132	0.0358703720789	-0.0356445700124	-0.00479373764324	-0.107785088613	-0.0327541089606	-0.0286631384192	-0.0785814792096	-0.0154458462812	-0.04127410308	0.0558699167016	-0.00603210041664	-0.0370434606265	-0.122117274321	0.0576127004847	-0.0997382240464	0.0133873300656	-0.00510583205872	-0.0309897238012	-0.0251675909342	0.0167932360718	0.0359125021963	0.0190474536434	-0.0122553824832	-0.0294401037158	-0.0134603535518	0.0469294512785	0.064381832645	-0.0371448875125	-0.0327590124731	-0.071877723259	-0.0311169932286	-0.0203624304838	-0.00532797854125	0.0912879726893	-0.00461602515771	-0.0214529566815	-0.00383096038876	-0.0665264677967
k__Bacteria;p__Bacteroidetes;c__Bacteroidia;o__Bacteroidales;f__Porphyromonadaceae;g__Parabacteroides;s__Parabacteroides_distasonis	-0.00715163932049	0.035554899238	0.0796099112222	-0.00230516053643	-0.126183188963	0.0492746654171	0.0461367628007	-0.0175339249688	0.0312898681821	1.0	-0.0483391318013	-0.00901682850107	0.011320708438	-0.0313842107565	0.0216178602527	0.00688322733828	-0.0649297477835	-0.0584469585804	-0.129746762201	-0.036947301005	-0.0734997542102	0.0076384581187	0.0297325475987	-0.0511218747446	-0.0151029286472	-0.0729984611433	0.00723428307723	0.032836514238	-0.000417670402886	-0.0597852379864	-0.0136551017817	-0.0758328953327	-0.0663764103706	-0.0831038091882	-0.0129948373502	-0.00884088557807	0.0113999496083	-0.0195087781458	-0.0604841167767	0.108658951518	-0.0279314192769	0.0125459972685	0.0264785520735	0.0804478163564	-0.0403608560583	-0.0467906624133	-0.0266669748178	-0.0115258067319	-0.0210240941409	0.0572496006497	-0.0278183952667	0.00396163568234	-0.00938993062961	-0.0206278590678	0.00685229106611	-0.0152386149953	-0.0674225713187	-0.0405687101453	0.00507336463409
k__Bacteria;p__Bacteroidetes;c__Bacteroidia;o__Bacteroidales;f__Bacteroidaceae;g__Bacteroides;s__Bacteroides_thetaiotaomicron	-0.0213389623555	0.00908924888358	-0.0128885057294	-0.0702590565263	0.0408857436157	0.035904549386	-0.0390474432805	0.0492915250944	-0.0316748312877	-0.0483391318013	1.0	0.0206422220051	-0.0834005631394	0.0385790863312	-0.0355878601994	-0.0156932357129	-0.0327301986924	0.0330976979668	0.0605878146061	-0.0570197009557	0.0566041495452	-0.0354983704306	-0.0491387695936	-0.0263434391458	-0.0238286618269	-0.052866034982	-0.0346933978094	-0.0399103881779	-0.0447614250845	0.00797413362343	-0.0195467513692	0.0383297386407	-0.00893089274787	0.0267884774901	-0.0251209814878	0.0238545784156	-0.00961906125991	0.0481021484537	0.034146316318	0.00831326769563	0.0119790564186	-0.0955094537737	-0.00480398922864	-0.0237394288364	-0.0132103048791	-0.0657749835417	-0.00306256595366	-0.0378524854845	0.0560201477546	-0.0718623850617	-0.0506332331915	0.0188175774722	-0.129338548021	-0.0290742954488	-0.0573651220395	-0.13275203311	-0.00598866812253	-0.00959760711754	-0.0415661176223
k__Bacteria;p__Bacteroidetes;c__Bacteroidia;o__Bacteroidales;f__Bacteroidaceae;g__Bacteroides;s__Bacteroides_coprocola	0.00430369838337	-0.0452473135685	-0.0140163547154	0.0482565332479	-0.0890497132052	0.0750409983533	-0.033280513172	0.0295185120969	-0.0282879446872	-0.00901682850107	0.0206422220051	1.0	-0.0940329851707	-0.0108806044965	0.00945566765231	-0.020493523575	-0.0771657249614	-0.0131324623644	0.0567029326077	-0.0320660241874	0.00017862173467	-0.0242567873213	0.0628703749476	-0.0435661051949	-0.0436953376229	-0.00510196370645	-0.0727511754928	-0.0587848255557	0.00859331690483	-0.0250954600559	0.0297023828026	0.015001430662	-0.00533017440516	0.015322111859	-0.0841574961439	-0.0525631314479	-0.059517901654	-0.0042634786884	0.0256736046391	0.0422720437975	0.00860874297175	0.0137811561785	-0.0527204333908	0.0482285332974	-0.0344169405532	0.0324140169649	-0.0220412285382	0.00733018437507	0.004376383941	-0.0435041106874	-0.0341818874576	0.0583452708898	-0.00606298659677	-0.0550528581666	-0.0805741962868	0.0051675865088	0.00927696954322	0.0375446804745	-0.00131535045908
k__Bacteria;p__Bacteroidetes;c__Bacteroidia;o__Bacteroidales;f__Bacteroidaceae;g__Bacteroides;s__Bacteroides_cellulosilyticus	-0.0654739415009	-0.0905657121678	-0.0832616785041	-0.0517552450126	-0.0434619422379	0.0789925855332	0.0287162159913	0.0154944594096	0.0222524340423	0.011320708438	-0.0834005631394	-0.0940329851707	1.0	-0.0242215150083	0.0396499130751	0.0452470031627	-0.020968853833	0.0625462804389	0.00506505534685	0.0260390146734	0.00746652132586	0.0265436553123	0.0311276416536	0.0494885962716	-0.0322449883145	-0.0187934515933	0.0195615105404	-0.0323388197962	-0.00573900383726	-0.0739218461313	0.00404878768185	-0.00337107025591	0.0029428897262	-0.0721369054534	0.0164796147002	-0.00648527942335	-0.0432631681473	0.0763984874916	0.0164688544118	-0.0295655281787	-0.00577432567978	-0.0737917140104	0.104864208698	-0.0532021405136	-0.0779970212477	0.0112641009744	-0.0501281128421	-0.0534828652694	0.0346140159278	0.00132004920131	0.041465475347	-0.0198096164695	-0.0443336303729	-0.0419939327601	-0.0629002446546	0.0306073392954	-0.109190000904	-0.0151792811861	0.010502598882
k__Bacteria;p__Bacteroidetes;c__Bacteroidia;o__Bacteroidales;f__Rikenellaceae;g__Alistipes;s__Alistipes_obesi	0.0155271907255	0.0466985875668	0.0052661784435	-0.014994261859	-0.000531098679506	-0.0339201549652	-0.0218832051198	-0.0829775235176	-0.0144296750515	-0.0313842107565	0.0385790863312	-0.0108806044965	-0.0242215150083	1.0	-0.0279564152596	0.0296678086137	-0.0280685777293	0.0585018754791	-0.00125818474238	-0.0370685394579	-0.0184208500687	-0.0436665313317	0.0151843113197	-0.10822498239	-0.0450218001349	0.11886013722	-0.0517494387387	-0.0397108218994	0.0266011683182	0.0139995734426	-0.0145572004295	-0.000428637395517	0.0269074070118	-0.0097181753249	-0.0692097532587	-0.0657333018572	-0.00788862093937	0.0424546238669	-0.0639819753895	-0.0855784137757	0.0231698164435	-0.0346589984279	-0.0103578161659	-0.011923452217	-0.0195750667243	-0.0365076497418	-0.00772484078525	-0.0135691475088	0.0168109190163	-0.0667613979576	-0.0649881788544	-0.0720004536443	-0.0276193716961	-0.0241214508083	0.0137573791124	0.0437152251276	-0.0191989269165	-0.0389993488456	0.147419350745
k__Bacteria;p__Firmicutes;c__Clostridia;o__Clostridiales;f__Lachnospiraceae;g__;s__[Eubacterium]_rectale	-0.0485819876253	0.0625536613037	0.0527014870895	-0.0305506769625	-0.00884497642379	0.00469500773706	-0.0306782620178	-0.00919641663922	0.0299939749302	0.0216178602527	-0.0355878601994	0.00945566765231	0.0396499130751	-0.0279564152596	1.0	-0.0227916540805	-0.0462627471112	-0.0248464564039	0.00870082412541	-0.0369519339494	-0.0613993496068	-0.0433810640056	-0.00865176331482	0.0395117834507	0.0407842290258	0.0407197032387	0.0118608839079	0.0569068938354	-0.097188984327	-0.0190616651028	-0.00307409554511	-0.0779766093173	-0.000129728164447	0.0212553121734	-0.0990244000487	0.0649415324954	-0.105101228653	-0.0442101177812	-0.0711961589372	0.0292756641032	-0.0399014903615	0.0635232928183	-0.0238307246632	0.0186473121495	0.0111240162202	-0.0717038448734	0.036487102876	-0.0551687071769	0.0258217399875	0.0556649042835	0.0163650456663	-0.0115368191105	-0.0544281025605	0.0528421153159	-0.0796403552984	-0.0174739501994	0.0333951838435	0.0173868578806	0.0465181257887
k__Bacteria;p__Bacteroidetes;c__Bacteroidia;o__Bacteroidales;f__Bacteroidaceae;g__Bacteroides;s__Bacteroides_plebeius	0.0409018314979	0.0224831654499	0.0272027896199	-0.107114321128	-0.11281839723	-0.0461905604485	-0.0517896178437	0.00707925238228	0.0369681162674	0.00688322733828	-0.0156932357129	-0.020493523575	0.0452470031627	0.0296678086137	-0.0227916540805	1.0	0.0364218613481	0.0230644542449	-0.0955122116356	0.00810209817727	0.05829940911	-0.0421644272377	-0.00602760120136	-0.0417058599559	-0.0610766267776	0.0602091714319	-0.0551659934249	0.0428506765878	-0.041500313922	-0.0964479446656	0.0553429009018	-0.027277802327	0.0285130105442	-0.0511561993023	0.000197295040024	-0.0416182342885	-0.00291847739985	-0.0124854511598	-0.0210715029761	0.0305321022323	-0.0879327030795	-0.0295624325298	-0.0134877817212	0.0565508490034	0.040237713998	0.00562657119941	-0.0732286095777	0.038192367733	-0.0406154387725	-0.0291125283025	-0.0240638546639	-0.0371047787215	0.014369161054	0.00482009064082	0.084504324547	-0.0599790268712	-0.0705743993884	0.0655830355131	-0.0545913455643
k__Bacteria;p__Bacteroidetes;c__Bacteroidia;o__Bacteroidales;f__Bacteroidaceae;g__Bacteroides;s__Bacteroides_fragilis	-0.00171308213409	0.0325953078708	0.0753585729178	0.0599380278716	-0.0212577457704	0.0492124310625	-0.0216924423091	0.0230691755281	-0.0975032781619	-0.0649297477835	-0.0327301986924	-0.0771657249614	-0.020968853833	-0.0280685777293	-0.0462627471112	0.0364218613481	1.0	0.0371546344141	0.058761963558	-0.00269026007125	-0.0242103016108	-0.0142070425959	-0.0929973817657	-0.0237957834967	0.0458236846917	-0.053599005377	0.0171824222025	0.0100290520494	-0.0109144307996	-0.0076120388165	0.0235997196346	-0.0709713981566	0.013790007635	0.0380417695386	-0.0376398212566	-0.0363677467574	-0.0431016254476	0.0402145317642	-0.0938010035619	0.025448110202	0.00975133391387	0.00668153028119	-0.0422106114596	-0.0664310638045	0.0213375423417	-0.00788413234367	-0.0108350139382	-0.0327026547522	0.00802926990831	-0.0735133045531	0.020991567296	0.0501757077017	0.0107566948675	-0.00838745296308	0.072280402594	-0.096471712942	0.00602532529761	-0.0273091425069	-0.044606226092
k__Bacteria;p__Proteobacteria;c__Betaproteobacteria;o__Burkholderiales;f__Sutterellaceae;g__Sutterella;s__Sutterella_wadsworthensis	0.00702873182967	-0.0296409112612	-0.0260466494037	-0.0666547631835	-0.0149910210338	-0.018849630622	-0.0699732575697	0.013191573144	-0.00839835401345	-0.0584469585804	0.0330976979668	-0.0131324623644	0.0625462804389	0.0585018754791	-0.0248464564039	0.0230644542449	0.0371546344141	1.0	0.0299452119205	-0.028604715315	-0.0264995050158	0.0260986640776	0.03820900862	-0.0310987905697	-0.0367831278474	0.00371580742467	0.00159200425979	0.0876102513398	-0.0493342309275	0.036045376169	-0.0145081216106	-0.0782160190877	-0.0808359025683	-0.0320010890756	-0.00745630921957	-0.0720948886596	-0.0966824279067	0.0276244380386	-0.0226842297224	0.061561831208	-0.00196562912108	-0.0932804605392	0.0145769290876	-0.0184818852702	-0.0386848202253	0.079611660786	-0.0329969963165	-0.097388768237	-0.0640617891741	0.00324506765188	-0.0573676341327	-0.0178751662385	-0.0066086884622	0.0433048235767	-0.0226598271865	-0.0256041309061	-0.00546265624576	-0.0475029434303	0.0110791278819
k__Bacteria;p__Bacteroidetes;c__Bacteroidia;o__Bacteroidales;f__Porphyromonadaceae;g__Barnesiella;s__Barnesiella_intestinihominis	0.0228185994991	0.0386053126864	0.011023299971	0.0243173168493	-0.025012876018	-0.0208052785037	-0.0685919889824	0.029119416073	0.0480455440155	-0.129746762201	0.0605878146061	0.0567029326077	0.00506505534685	-0.00125818474238	0.00870082412541	-0.0955122116356	0.058761963558	0.0299452119205	1.0	0.0269199393095	-0.0540657069669	0.0165677836012	0.0153081251503	0.0907278347293	-0.0143523199313	0.00189118016898	-0.114710732491	0.0324648419222	-0.0340299452732	-0.0654315549825	0.027552955634	0.065232810788	-0.0372754184692	-0.0238832815104	-0.0326158850235	-0.0627364495993	0.0135743447182	-0.0768432846576	0.00593689251161	-0.0144727220988	-0.00159175308981	0.0199278618387	-0.0640181774992	-0.0713020359129	-0.00360807751914	0.0102360090469	0.059039570647	-0.0567586017941	-0.0636233366114	-0.0575812690796	-0.0660629238285	-0.00862404616739	0.0360410497157	0.0291905778581	-0.0123539150167	-0.00610259186755	0.0156010338492	-0.0502664736498	-0.00723498171027
k__Bacteria;p__Bacteroidetes;c__Bacteroidia;o__Bacteroidales;f__Odoribacteraceae;g__Odoribacter;s__Odoribacter_splanchnicus	-0.00292682707247	-0.00733349707878	0.0246604446355	-0.00859156004824	-0.039947865333	0.0408055763397	0.0416233583127	0.0166228546119	0.046433229263	-0.036947301005	-0.0570197009557	-0.0320660241874	0.0260390146734	-0.0370685394579	-0.0369519339494	0.00810209817727	-0.00269026007125	-0.028604715315	0.0269199393095	1.0	0.012728280183	-0.0498515873803	-0.0606203789699	-0.000734599354448	-0.020008968593	-0.00380401910922	-0.0903295912108	0.0451556735774	-0.0198812877425	-0.0643203731168	-0.0153627040785	0.0182433413339	-0.01329243314	-0.0661952145867	-0.00672420269577	-0.0377854594586	-0.0106623906551	0.00865131856881	0.0425448011463	-0.00511432704975	-0.0328927446029	-0.0423648282939	0.00761283841778	0.0463241022256	0.0146738336524	0.00610539698637	-0.0457942927351	-0.000133372076265	-0.0517101424198	0.0680790770691	-0.0504545377629	-0.0226892993226	-0.0400577519086	0.0950801272561	-0.0546334560345	-0.038341787805	-0.0398924294278	-0.0293460840642	-0.0546001694952
k__Bacteria;p__Bacteroidetes;c__Bacteroidia;o__Bacteroidales;f__Bacteroidaceae;g__Bacteroides;s__Bacteroides_salyersiae	-0.0625477320326	-0.00336776711541	-0.0587906260856	-0.0293046142966	0.0330709181629	-0.062661212761	-0.0585362051069	-0.0145752975115	-0.0493394499132	-0.0734997542102	0.0566041495452	0.00017862173467	0.00746652132586	-0.0184208500687	-0.0613993496068	0.05829940911	-0.0242103016108	-0.0264995050158	-0.0540657069669	0.012728280183	1.0	-0.0503115357133	0.0193253455012	0.0118654864038	-0.0431574843096	-0.0509495607873	0.0490409871622	-0.0635247454959	0.00338897195941	-0.032182363236	-0.0890622791937	0.0932224696692	-0.0853694820356	-0.0781979111224	0.0473188603053	-0.0589642865637	-0.00905040265986	-0.0369237786433	0.00928667611909	0.0150764400944	-0.0545904087339	0.0223074733565	0.00873897961643	0.00888496231817	-0.0573244401499	-0.0115299739956	-0.00280815036605	0.07707064795	-0.0112806014672	-0.0222792382612	-0.00434426976045	-0.0436449990574	-0.0157796216748	-0.0650244446827	-0.0411594821412	-0.000901862955183	-0.0297278828568	-0.0867290352699	-0.051357178606
k__Bacteria;p__Firmicutes;c__Clostridia;o__Clostridiales;f__Ruminococcaceae;g__Ruminiclostridium;s__[Eubacterium]_siraeum	-0.120443614379	0.060680697583	-0.00286800444122	-0.00856818521166	-0.0400418730928	0.0107162962891	-0.0387307578809	0.000346160100791	0.0358703720789	0.0076384581187	-0.0354983704306	-0.0242567873213	0.0265436553123	-0.0436665313317	-0.0433810640056	-0.0421644272377	-0.0142070425959	0.0260986640776	0.0165677836012	-0.0498515873803	-0.0503115357133	1.0	-0.0579614494977	0.0489621175342	-0.0266401080928	0.0948364128137	-0.0393360394069	-0.0729418177301	0.00854897487161	-0.0662104522708	0.0424079574334	-0.0802113508427	-0.00387490303788	-0.000793332213912	-0.111046833359	-0.0279138349977	0.0466008326514	-0.112487121874	0.122349402961	-0.00246529137202	-0.0215505380201	-0.0425586447427	-0.0546653661515	-0.0319709391597	0.100378377811	-0.0172638860186	-0.0671805481716	-0.00052840117094	-0.0215373052121	0.0262633872112	-0.0721257208548	-0.0215490862763	0.0546700203063	0.0224945525601	-0.0202803431376	0.018025531908	-0.0299824086386	-0.00609753370949	-0.0610459073044
k__Bacteria;p__Proteobacteria;c__Betaproteobacteria;o__Burkholderiales;f__Sutterellaceae;g__Parasutterella;s__Parasutterella_excrementihominis	-0.0414622038127	-0.0727160086904	-0.0274618343361	-0.00729021149806	-0.00114484635604	0.0843258547609	-0.0198707096243	-0.0182122492599	-0.0356445700124	0.0297325475987	-0.0491387695936	0.0628703749476	0.0311276416536	0.0151843113197	-0.00865176331482	-0.00602760120136	-0.0929973817657	0.03820900862	0.0153081251503	-0.0606203789699	0.0193253455012	-0.0579614494977	1.0	-0.0518521210338	0.0261560655129	-0.0579131728678	0.0238894403453	-0.0336943122643	-0.03283658958	-0.00664840247176	4.14044684472e-05	0.0300161300445	0.044712601175	-0.0783261105407	-0.0524799776573	0.0578744644695	0.0210968061696	0.00936647353429	-0.0112816883929	-0.0649275188324	-0.0150974031088	0.087577774217	-0.0070211396323	-0.0583980178365	0.0153311269567	-0.0757259790878	-0.0182873801433	-0.0279606539498	-0.0172767519841	-0.042411316111	0.0317451589325	-0.133001889486	-0.0432939444893	-0.0030937539319	-0.0507236858756	-0.0141719544231	-0.019689358364	0.0351037397	0.022708696307
k__Bacteria;p__Actinobacteria;c__Actinobacteria;o__Bifidobacteriales;f__Bifidobacteriaceae;g__Bifidobacterium;s__Bifidobacterium_adolescentis	-0.0209921597976	0.0312378746465	-0.0417337911277	0.0170488382289	0.0794593914858	-0.0523990079924	-0.00118232169706	0.0115595691504	-0.00479373764324	-0.0511218747446	-0.0263434391458	-0.0435661051949	0.0494885962716	-0.10822498239	0.0395117834507	-0.0417058599559	-0.0237957834967	-0.0310987905697	0.0907278347293	-0.000734599354448	0.0118654864038	0.0489621175343	-0.0518521210338	1.0	0.00871370428539	0.00679426883637	-0.0453280018304	-0.0113599800828	-0.0745907115075	0.0324834607483	-0.0211401239508	0.033909167902	0.0709102311432	0.0452580226885	-0.0775813243285	-0.0425044510466	0.0332269671126	-0.0419677181898	-0.0121107091951	0.045161933431	-0.000669161871865	-0.0322275058886	0.0263551317719	-0.0590875100855	-0.0368108041629	0.0497885301545	0.0123396544105	-0.00374261185984	-0.0447274914252	0.00913547486263	0.0160170241082	0.0431046907628	-0.0265613051936	-0.0895572808527	-0.0438936740948	-0.0209329985641	0.0744415101972	-0.127288056352	0.0187753438883
k__Bacteria;p__Firmicutes;c__Clostridia;o__Clostridiales;f__Oscillospiraceae;g__Oscillibacter;s__Oscillibacter_sp._KLE_1745	0.00715171545762	-0.057587968039	0.0644327952941	0.0129573910898	0.000310263742374	-0.0468792205939	0.0216005256003	0.016500050554	-0.107785088613	-0.0151029286472	-0.0238286618269	-0.0436953376229	-0.0322449883145	-0.0450218001349	0.0407842290258	-0.0610766267776	0.0458236846917	-0.0367831278474	-0.0143523199313	-0.020008968593	-0.0431574843096	-0.0266401080928	0.0261560655129	0.00871370428539	1.0	-0.00798556845129	-0.051489161359	0.0143861671295	0.0268224767532	-0.025972192423	0.0229771237158	-0.060070790691	0.0330392836694	-0.0310550581996	0.00496077195767	-0.0246834804446	-0.0134643726833	-0.077638538249	-0.00699292972778	0.00676381690056	0.0581763676295	0.00577100105117	0.0190257639582	-0.0141663240422	-0.00759527095459	-0.0304967972704	-0.00968874383648	-0.00522443619345	0.0555385107692	-0.0122432147971	-0.00294084287974	0.0448362303112	0.10255392183	-0.0169394826812	-0.00987681071509	-0.0254169894764	0.0552333696449	-0.00432820281725	-0.0362389756134
k__Bacteria;p__Bacteroidetes;c__Bacteroidia;o__Bacteroidales;f__Bacteroidaceae;g__Bacteroides;s__Bacteroides_coprophilus	-0.0537460867755	-0.0269609542773	-0.0174225758037	0.00847905976416	-0.0299287986751	-0.0505812295183	0.00770145249508	-0.0295646484917	-0.0327541089606	-0.0729984611433	-0.052866034982	-0.00510196370645	-0.0187934515933	0.11886013722	0.0407197032387	0.0602091714319	-0.053599005377	0.00371580742467	0.00189118016898	-0.00380401910922	-0.0509495607873	0.0948364128137	-0.0579131728678	0.00679426883637	-0.00798556845129	1.0	-0.0450205574404	0.016261871886	0.0846484428097	-0.0201963791935	0.00387519192106	-0.088082548892	0.0104781685065	0.0305915914976	-0.0696725050277	0.025119104543	0.0158391761008	0.07328901502	-0.03852319197	-0.0347624054972	-0.121549568651	-0.0655318356914	-0.0762841439102	0.022018398529	-0.0528096338331	-0.0263385911302	-0.0565173870263	-0.0494251366349	-0.0364447675363	-0.0179064719039	-0.0557739758256	0.0446928496833	0.0173061774813	-0.0461197803841	0.0649403653302	-0.0114784903414	0.0590679426274	-0.00237589221425	-0.0497920132752
k__Bacteria;p__Firmicutes;c__Clostridia;o__Clostridiales;f__Lachnospiraceae;g__Roseburia;s__Roseburia_intestinalis	0.00494392556691	0.0742818930269	-0.0466873207916	0.0280538542796	-0.122391029219	-0.0884560229075	0.00810152639348	-0.00933523634106	-0.0286631384192	0.00723428307723	-0.0346933978094	-0.0727511754928	0.0195615105404	-0.0517494387387	0.0118608839079	-0.0551659934249	0.0171824222025	0.00159200425979	-0.114710732491	-0.0903295912108	0.0490409871622	-0.0393360394069	0.0238894403453	-0.0453280018304	-0.051489161359	-0.0450205574404	1.0	-0.0390684921935	-0.0226538556956	0.0161756476349	0.00527936109857	-0.00593962827212	0.0602113193028	-0.0428010909805	-0.0208391744278	-0.0210119565129	0.00246874440826	-0.0214628427102	-0.0697354072962	-0.0433798105814	0.0723330571895	-0.0119830206769	0.0929919147218	0.00592123613714	0.00845035862195	-0.0346738782762	0.0318774691985	0.00123765109686	-0.0219197292316	-0.0155159455805	0.0384264450529	-0.0395853289039	-0.106102681046	-0.0163493886256	-0.00261200501795	0.0590402491393	-0.0120116813868	-0.00518410137791	-0.0169244982102
k__Bacteria;p__Firmicutes;c__Clostridia;o__Clostridiales;f__Lachnospiraceae;g__Roseburia;s__Roseburia_hominis	-0.0376309758735	-0.0184454712717	0.00250849276525	0.0177353374028	-0.0749619976965	0.00675978233023	0.00452303484526	-0.0104784355224	-0.0785814792096	0.032836514238	-0.0399103881779	-0.0587848255557	-0.0323388197962	-0.0397108218994	0.0569068938354	0.0428506765878	0.0100290520494	0.0876102513398	0.0324648419222	0.0451556735774	-0.0635247454959	-0.0729418177301	-0.0336943122643	-0.0113599800828	0.0143861671295	0.016261871886	-0.0390684921935	1.0	-0.0139789798652	0.0225563873065	0.00946021712611	0.00580787682144	-0.0394669364943	-0.0265989237293	-0.015312387454	0.0427647771703	-0.0109479888755	-0.0351008572293	0.030244489735	-0.0132830708833	0.021295072972	-0.0265997725732	-0.00355564660059	-0.053904186173	0.0303057315336	-0.00568611726797	0.0203014617454	-0.0218974980946	-0.0671332634179	0.031287197747	0.0516049151768	-0.0109564489449	-0.0259687295952	-0.0521589224295	-0.0079805521857	-0.0563784558263	-0.00105626565216	-0.0896610838031	0.0225938564758
k__Bacteria;p__Bacteroidetes;c__Bacteroidia;o__Bacteroidales;f__Porphyromonadaceae;g__Parabacteroides;s__Parabacteroides_johnsonii	0.0727635762825	-0.0322286964372	-0.100795844251	-0.120197996241	0.0321427555897	0.0125685076016	-0.0805994686934	-0.0133142409091	-0.0154458462812	-0.000417670402886	-0.0447614250845	0.00859331690483	-0.00573900383726	0.0266011683182	-0.097188984327	-0.041500313922	-0.0109144307996	-0.0493342309275	-0.0340299452732	-0.0198812877425	0.00338897195941	0.00854897487161	-0.03283658958	-0.0745907115075	0.0268224767532	0.0846484428097	-0.0226538556956	-0.0139789798652	1.0	-0.0102604633208	-0.0464823249297	0.00718867959257	-0.0912680045331	0.0283490168248	0.0487992396426	0.0281206993736	0.0172639576093	0.00549456617775	-0.00297619115515	0.0289209248411	0.0389695834727	-0.0312018233454	-0.0628007550756	-0.0242905323704	-0.0572957350795	-0.0497818476424	0.0256748485994	0.0397853523538	-0.0175171467762	-0.0438302335774	0.0991943501257	-0.0702883919212	0.00753933269055	0.0242099772645	0.0444133304254	0.00142700939147	0.0190825788371	-0.0662233486932	-0.0776818266612
k__Bacteria;p__Actinobacteria;c__Actinobacteria;o__Bifidobacteriales;f__Bifidobacteriaceae;g__Bifidobacterium;s__Bifidobacterium_longum	-0.0395118618224	-0.0626865988546	-0.00132868290615	0.0189404629659	0.0272818699561	-0.041228592489	-0.062263731217	0.00181491147831	-0.04127410308	-0.0597852379864	0.00797413362343	-0.0250954600559	-0.0739218461313	0.0139995734426	-0.0190616651028	-0.0964479446656	-0.0076120388165	0.036045376169	-0.0654315549825	-0.0643203731168	-0.032182363236	-0.0662104522708	-0.00664840247176	0.0324834607483	-0.025972192423	-0.0201963791935	0.0161756476349	0.0225563873065	-0.0102604633208	1.0	-0.00420621612672	-0.0334391214777	-0.100003200431	0.0561208902979	0.0524665520275	0.0233730689158	-0.0209682233752	-0.0410020664984	0.0234409680516	-0.00493497550901	0.0636122597112	-0.0397419212707	-0.0170821073805	0.037362146784	0.00609014129643	-0.031990110949	0.0565635183611	-0.0850089405312	-0.00618553528837	0.0100472337428	-0.0344780055464	0.00167900595912	-0.0796706806003	-0.0362861167144	-0.0146720049403	-0.100442609317	-0.0223556363613	-0.0835810496274	0.013850031002
