#taxonomy	k__Bacteria;p__Bacteroidetes;c__Bacteroidia;o__Bacteroidales;f__Bacteroidaceae;g__Bacteroides;s__Bacteroides_vulgatus	k__Bacteria;p__Bacteroidetes;c__Bacteroidia;o__Bacteroidales;f__Bacteroidaceae;g__Bacteroides;s__Bacteroides_uniformis	k__Bacteria;p__Bacteroidetes;c__Bacteroidia;o__Bacteroidales;f__Rikenellaceae;g__Alistipes;s__Alistipes_putredinis	k__Bacteria;p__Bacteroidetes;c__Bacteroidia;o__Bacteroidales;f__Prevotellaceae;g__Prevotella;s__Prevotella_copri	k__Bacteria;p__Bacteroidetes;c__Bacteroidia;o__Bacteroidales;f__Bacteroidaceae;g__Bacteroides;s__Bacteroides_stercoris	k__Bacteria;p__Bacteroidetes;c__Bacteroidia;o__Bacteroidales;f__Bacteroidaceae;g__Bacteroides;s__Bacteroides_ovatus	k__Bacteria;p__Bacteroidetes;c__Bacteroidia;o__Bacteroidales;f__Rikenellaceae;g__Alistipes;s__Alistipes_shahii	k__Bacteria;p__Firmicutes;c__Clostridia;o__Clostridiales;f__Ruminococcaceae;g__Faecalibacterium;s__Faecalibacterium_prausnitzii	k__Bacteria;p__Bacteroidetes;c__Bacteroidia;o__Bacteroidales;f__Rikenellaceae;g__Alistipes;s__Alistipes_finegoldii	k__Bacteria;p__Bacteroidetes;c__Bacteroidia;o__Bacteroidales;f__Porphyromonadaceae;g__Parabacteroides;s__Parabacteroides_distasonis	k__Bacteria;p__Bacteroidetes;c__Bacteroidia;o__Bacteroidales;f__Bacteroidaceae;g__Bacteroides;s__Bacteroides_thetaiotaomicron	k__Bacteria;p__Bacteroidetes;c__Bacteroidia;o__Bacteroidales;f__Bacteroidaceae;g__Bacteroides;s__Bacteroides_coprocola	k__Bacteria;p__Bacteroidetes;c__Bacteroidia;o__Bacteroidales;f__Bacteroidaceae;g__Bacteroides;s__Bacteroides_cellulosilyticus	k__Bacteria;p__Bacteroidetes;c__Bacteroidia;o__Bacteroidales;f__Rikenellaceae;g__Alistipes;s__Alistipes_obesi	k__Bacteria;p__Firmicutes;c__Clostridia;o__Clostridiales;f__Lachnospiraceae;g__;s__[Eubacterium]_rectale	k__Bacteria;p__Bacteroidetes;c__Bacteroidia;o__Bacteroidales;f__Bacteroidaceae;g__Bacteroides;s__Bacteroides_plebeius	k__Bacteria;p__Bacteroidetes;c__Bacteroidia;o__Bacteroidales;f__Bacteroidaceae;g__Bacteroides;s__Bacteroides_fragilis	k__Bacteria;p__Proteobacteria;c__Betaproteobacteria;o__Burkholderiales;f__Sutterellaceae;g__Sutterella;s__Sutterella_wadsworthensis	k__Bacteria;p__Bacteroidetes;c__Bacteroidia;o__Bacteroidales;f__Porphyromonadaceae;g__Barnesiella;s__Barnesiella_intestinihominis	k__Bacteria;p__Bacteroidetes;c__Bacteroidia;o__Bacteroidales;f__Odoribacteraceae;g__Odoribacter;s__Odoribacter_splanchnicus	k__Bacteria;p__Bacteroidetes;c__Bacteroidia;o__Bacteroidales;f__Bacteroidaceae;g__Bacteroides;s__Bacteroides_salyersiae	k__Bacteria;p__Firmicutes;c__Clostridia;o__Clostridiales;f__Ruminococcaceae;g__Ruminiclostridium;s__[Eubacterium]_siraeum	k__Bacteria;p__Proteobacteria;c__Betaproteobacteria;o__Burkholderiales;f__Sutterellaceae;g__Parasutterella;s__Parasutterella_excrementihominis	k__Bacteria;p__Actinobacteria;c__Actinobacteria;o__Bifidobacteriales;f__Bifidobacteriaceae;g__Bifidobacterium;s__Bifidobacterium_adolescentis	k__Bacteria;p__Firmicutes;c__Clostridia;o__Clostridiales;f__Oscillospiraceae;g__Oscillibacter;s__Oscillibacter_sp._KLE_1745	k__Bacteria;p__Bacteroidetes;c__Bacteroidia;o__Bacteroidales;f__Bacteroidaceae;g__Bacteroides;s__Bacteroides_coprophilus	k__Bacteria;p__Firmicutes;c__Clostridia;o__Clostridiales;f__Lachnospiraceae;g__Roseburia;s__Roseburia_intestinalis	k__Bacteria;p__Firmicutes;c__Clostridia;o__Clostridiales;f__Lachnospiraceae;g__Roseburia;s__Roseburia_hominis	k__Bacteria;p__Bacteroidetes;c__Bacteroidia;o__Bacteroidales;f__Porphyromonadaceae;g__Parabacteroides;s__Parabacteroides_johnsonii	k__Bacteria;p__Actinobacteria;c__Actinobacteria;o__Bifidobacteriales;f__Bifidobacteriaceae;g__Bifidobacterium;s__Bifidobacterium_longum	k__Bacteria;p__Firmicutes;c__Clostridia;o__Clostridiales;f__;g__Flavonifractor;s__Flavonifractor_plautii	k__Bacteria;p__Firmicutes;c__Clostridia;o__Clostridiales;f__Clostridiaceae;g__Clostridium;s__Clostridium_phoceensis	k__Bacteria;p__Verrucomicrobia;c__Verrucomicrobiae;o__Verrucomicrobiales;f__Akkermansiaceae;g__Akkermansia;s__Akkermansia_muciniphila	k__Bacteria;p__Bacteroidetes;c__Bacteroidia;o__Bacteroidales;f__Prevotellaceae;g__Paraprevotella;s__Paraprevotella_xylaniphila	k__Bacteria;p__Firmicutes;c__Clostridia;o__Clostridiales;f__Ruminococcaceae;g__Ruminococcus;s__Ruminococcus_callidus	k__Bacteria;p__Bacteroidetes;c__Bacteroidia;o__Bacteroidales;f__Rikenellaceae;g__Alistipes;s__Alistipes_senegalensis	k__Bacteria;p__Firmicutes;c__Clostridia;o__Clostridiales;f__Lachnospiraceae;g__Blautia;s__Blautia_sp._KLE_1732	k__Bacteria;p__Bacteroidetes;c__Bacteroidia;o__Bacteroidales;f__Bacteroidaceae;g__Bacteroides;s__Bacteroides_oleiciplenus	k__Bacteria;p__Firmicutes;c__Clostridia;o__Clostridiales;f__Ruminococcaceae;g__Ruminococcus;s__Ruminococcus_bicirculans	k__Bacteria;p__Bacteroidetes;c__Bacteroidia;o__Bacteroidales;f__Bacteroidaceae;g__Bacteroides;s__Bacteroides_fluxus	k__Bacteria;p__Bacteroidetes;c__Bacteroidia;o__Bacteroidales;f__Prevotellaceae;g__Prevotella;s__Prevotella_stercorea	k__Bacteria;p__Firmicutes;c__Clostridia;o__Clostridiales;f__Lachnospiraceae;g__Dorea;s__Dorea_longicatena	k__Bacteria;p__Firmicutes;c__Clostridia;o__Clostridiales;f__Eubacteriaceae;g__Eubacterium;s__[Eubacterium]_eligens	k__Bacteria;p__Firmicutes;c__Clostridia;o__Clostridiales;f__Ruminococcaceae;g__;s__Ruminococcaceae_bacterium_D16	k__Bacteria;p__Firmicutes;c__Clostridia;o__Clostridiales;f__Lachnospiraceae;g__Coprococcus;s__Coprococcus_comes	k__Bacteria;p__Proteobacteria;c__Gammaproteobacteria;o__Enterobacterales;f__Enterobacteriaceae;g__Escherichia;s__Escherichia_coli	k__Bacteria;p__Firmicutes;c__Clostridia;o__Clostridiales;f__Ruminococcaceae;g__Anaerotruncus;s__Anaerotruncus_colihominis	k__Bacteria;p__Firmicutes;c__Clostridia;o__Clostridiales;f__Lachnospiraceae;g__Blautia;s__Blautia_obeum	k__Bacteria;p__Bacteroidetes;c__Bacteroidia;o__Bacteroidales;f__Odoribacteraceae;g__Odoribacter;s__Odoribacter_laneus	k__Bacteria;p__Firmicutes;c__Clostridia;o__Clostridiales;f__Ruminococcaceae;g__Ruminiclostridium;s__[Clostridium]_leptum	k__Bacteria;p__Bacteroidetes;c__Bacteroidia;o__Bacteroidales;f__Porphyromonadaceae;g__Parabacteroides;s__Parabacteroides_goldsteinii	k__Bacteria;p__Firmicutes;c__Clostridia;o__Clostridiales;f__Lachnospiraceae;g__Anaerostipes;s__Anaerostipes_hadrus	k__Bacteria;p__Firmicutes;c__Clostridia;o__Clostridiales;f__Ruminococcaceae;g__Ruminococcus;s__Ruminococcus_lactaris	k__Bacteria;p__Firmicutes;c__Clostridia;o__Clostridiales;f__Clostridiaceae;g__Clostridium;s__Clostridium_sp._L2-50	k__Bacteria;p__Firmicutes;c__Clostridia;o__Clostridiales;f__Clostridiaceae;g__Clostridium;s__Clostridium_sp._M62/1	k__Bacteria;p__Firmicutes;c__Clostridia;o__Clostridiales;f__;g__Intestinimonas;s__Intestinimonas_butyriciproducens	k__Bacteria;p__Actinobacteria;c__Actinobacteria;o__Bifidobacteriales;f__Bifidobacteriaceae;g__Bifidobacterium;s__Bifidobacterium_bifidum	k__Bacteria;p__Firmicutes;c__Negativicutes;o__Veillonellales;f__Veillonellaceae;g__Dialister;s__Dialister_invisus	k__Bacteria;p__Bacteroidetes;c__Bacteroidia;o__Bacteroidales;f__Bacteroidaceae;g__Bacteroides;s__Bacteroides_salanitronis
k__Bacteria;p__Bacteroidetes;c__Bacteroidia;o__Bacteroidales;f__Bacteroidaceae;g__Bacteroides;s__Bacteroides_vulgatus	1.0	-0.0320064953075	-0.0711168354708	-0.0255090692634	-0.0572683750893	-0.0593126274689	0.0222627683958	0.0437841214351	0.0259869372749	-0.0286749624694	-0.044577506669	-0.0583948490192	0.000455530529647	-0.0149943768306	-0.0185181964016	-0.0822725777201	0.0183464130472	0.0294533825219	-0.0154722439487	0.0521884545242	0.0118870074222	-0.0247759865757	-0.00255309355507	-0.0289283852078	-0.0209746262778	0.00684530464182	-0.0288202308374	-0.0104262046537	-0.00362734949492	-0.0495617685606	-0.0150753424622	-0.097117758847	-0.104977952477	0.035080770297	-0.0280792851007	-0.0389620200181	-0.0136051125786	-0.0136953091128	0.047024857135	-0.0139374716967	0.00697058572433	-0.0219181936882	-0.0175358756508	-0.0696219674115	-0.00551020568362	-0.0309142671641	-0.0628870237639	-0.0905068772165	-0.0127752568517	0.0419213263631	-0.0707225048617	-0.0343146526069	-0.0435905952592	-0.000487969244653	0.0214810705495	0.0439740290355	-0.00975440502385	-0.0668762177794	-0.000311721537423
k__Bacteria;p__Bacteroidetes;c__Bacteroidia;o__Bacteroidales;f__Bacteroidaceae;g__Bacteroides;s__Bacteroides_uniformis	-0.0320064953075	1.0	-0.0643277350956	0.00348694652152	-0.00873005975594	-0.013435962203	0.0237332483211	0.0449404339321	-0.011045638952	-0.00863417879674	0.0194856871727	-0.00390323530493	-0.034911028507	-0.0777259856071	-0.000915027443691	-0.029246071856	0.0172541560216	0.0164972241821	-0.0436732361346	-0.0524690738377	-0.0642827463894	-0.0819268300659	0.0140345472897	-0.0279809620203	-0.0280608185216	-0.0738353293509	0.00538881588901	0.00832801456867	-0.0116657873769	0.017977992503	-0.0501464031853	-0.0618746567251	-0.00785986915325	-0.0630516012214	0.014348030106	0.00803016820882	-0.0476003865639	-0.0562101026218	-0.00924653789731	-0.055462228795	-0.0535550203362	-0.068233516884	0.0153265057824	0.0582201533293	0.035603042281	-0.0249202629698	0.0019115526347	-0.0935632764244	0.0576933559659	-0.0193539480533	-0.0326371927698	-0.00978409862172	-0.0584256602819	0.0928027926097	0.0217416349416	-0.00177528948333	-0.0126072105536	-0.0335949539206	-0.0403085828961
k__Bacteria;p__Bacteroidetes;c__Bacteroidia;o__Bacteroidales;f__Rikenellaceae;g__Alistipes;s__Alistipes_putredinis	-0.0711168354708	-0.0643277350956	1.0	-0.041012262202	-0.0505257254988	-0.010955887659	0.00594850450237	-0.0748379784231	-0.07091297165	-0.0853583575434	-0.0623824405831	-0.0305550191337	0.0333522087143	-0.0225904827935	0.0446146122326	0.0128271886842	0.0386625226669	-0.0740066083491	-0.002735230997	0.0189119840993	-0.0491489919816	0.0439005776914	-0.0152119537746	0.0130046796332	0.017000140756	0.00608729161724	-0.00565812649019	-0.0288330453941	0.0201521040908	-0.0564954512163	0.00663851473422	-0.057733292007	0.0166461161475	0.0121548068883	-0.0327795882485	-0.0573003456291	0.024325035726	0.0157293952078	-0.028099075249	-0.019259377937	0.031228754778	0.0405743315634	-0.078092145357	-0.0383925591275	-0.0187914816379	0.0172443314275	-0.0642272463207	0.0480437820778	-0.0103727136544	-0.00469843650589	-0.0450269003842	-0.0310228104846	-0.0103552850634	-0.0115744994305	-0.0112219228244	0.0726054808117	-0.0523069108954	-0.0535183384811	0.0714691427747
k__Bacteria;p__Bacteroidetes;c__Bacteroidia;o__Bacteroidales;f__Prevotellaceae;g__Prevotella;s__Prevotella_copri	-0.0255090692634	0.00348694652152	-0.041012262202	1.0	0.0272425453202	-0.0136959497309	-0.0484735329061	0.06266228146	-0.043768408469	-0.0249229254468	0.0524293704573	0.00223988524515	-0.0664788237973	-0.0461193477502	0.0717990899645	-0.0232221018191	-0.0666120016855	0.0198221359918	-0.0117913486014	-0.0147600347106	-0.00122708713382	-0.0559909602677	0.00465056784012	0.0137822005535	-0.0788194970273	-0.00664408547031	-0.0874705472968	0.0633242183208	0.0274601394693	-0.0489047524602	-0.0807608963355	0.0209148700772	0.0219441694649	-0.0247649863379	-0.010570769544	0.0143864350684	-0.0129268329731	-0.00217436527045	-0.0125833765613	0.00538260924493	-0.0119095435122	0.015194032366	0.0358994452994	-0.0112866768963	-0.0206332757874	0.0200945836968	-0.0387949937408	-0.0430724830435	-0.0396761674626	0.00235286844566	0.0696745436924	0.104056911056	-0.100718422084	-0.0672903798307	0.0236510044672	-0.0207881831715	-0.0148839101315	0.0213118416924	-0.0538123453342
k__Bacteria;p__Bacteroidetes;c__Bacteroidia;o__Bacteroidales;f__Bacteroidaceae;g__Bacteroides;s__Bacteroides_stercoris	-0.0572683750893	-0.00873005975594	-0.0505257254988	0.0272425453202	1.0	-0.00270806679321	0.0862013686792	-0.0426565991436	-0.0910173136238	0.0440029212608	0.108874262876	-0.0195080217549	-0.068966563511	0.078866986178	-0.0130350073519	0.00736079677004	-0.0719668436192	0.0715014155685	-0.108891525536	-0.0781127696479	0.0289841384683	-0.00838030471707	-0.000157835752861	-0.00264438782943	0.0326888744831	0.0697089937765	-0.0507448870271	-0.00802966700827	0.00854941497344	0.0392459240201	-0.0328979054539	-0.00899044759626	-0.0622628398455	0.0119853119097	-0.0513762441036	0.0368479971567	0.00671975865623	-0.0461660327864	-0.109362337272	-0.0878051286373	-0.0227791929462	0.0162631653542	0.0194196745733	-0.0197366717592	-0.0636403622827	-0.00091879329039	0.0394762094547	-0.0229071430868	-0.0704104112749	-0.0427246699189	0.0113559039464	-0.0347472652506	0.00739928926867	-0.0420065730742	0.0032467344855	-0.00104360909651	-0.0181888089855	0.0119449392657	-0.0153203460915
k__Bacteria;p__Bacteroidetes;c__Bacteroidia;o__Bacteroidales;f__Bacteroidaceae;g__Bacteroides;s__Bacteroides_ovatus	-0.0593126274689	-0.013435962203	-0.010955887659	-0.0136959497309	-0.00270806679321	1.0	0.0304671006263	-0.0205758731952	-0.0344308628367	-0.0477371210081	0.049134045203	-0.0593369089561	-0.0705099816538	-0.0266571789307	0.00914472361084	0.0227033169276	-0.0468917398071	-0.0379991653788	-0.0443740394207	-0.0987807354834	0.00263201791062	-0.00738561174257	-0.0448352997784	-0.0358530361797	-0.018261930839	-0.0446420026309	0.000557054812282	0.0243934549417	-0.0273260859968	-0.0724391632339	0.0268446952738	0.0400582416359	-0.00191663848572	-0.0177206864056	-0.0268298281773	-0.030477069279	-0.0272229530366	-0.0042074709935	-0.0490473314695	-0.0504313851656	0.0676455214441	-0.0588766469738	-0.000190119333103	-0.029166487892	-0.0352833299086	0.0319030152061	-0.0725941372633	-0.0083940088606	0.0177473710797	0.0197944576901	-0.0522775152075	-0.0367781452094	0.050454953881	-0.0303144493544	-0.0375124735359	-0.00790140047779	-0.0389343465179	-0.0232725263799	-0.0899326629948
k__Bacteria;p__Bacteroidetes;c__Bacteroidia;o__Bacteroidales;f__Rikenellaceae;g__Alistipes;s__Alistipes_shahii	0.0222627683958	0.0237332483211	0.00594850450237	-0.0484735329061	0.0862013686792	0.0304671006263	1.0	-0.0101548086877	0.0447523885638	0.00118683360601	0.0481580964464	-0.031081144316	-0.0148697413714	-0.0432795229202	-0.0107098175668	-0.013921083338	-0.0578829642667	0.00808289850308	0.0117620566337	-0.0392957959679	0.0177226240398	-0.0595454583486	-0.0647903855342	-0.0666334698618	-0.0220274908215	0.0789571688064	-0.00589340669872	-0.0398257278751	-0.0808073583177	-0.07302885214	-0.0900052006352	-0.134588593444	0.00322971547211	0.0289250794348	-0.0422039709833	-0.0195332561848	0.00133972608973	-0.0753476682856	-0.0322353660379	0.0613239293255	0.0136361769814	0.000525528978891	0.0526487778842	-0.0667812974594	-0.0174334998315	-0.0138564626129	-0.0426607399685	-0.0466619025405	-0.042035772073	-0.106581616184	0.00780466781934	-0.0182430369836	-0.0101775511451	0.0180667230917	0.0620667344099	-0.0823601453559	0.0306042219755	0.0700198798275	-0.0978344309836
k__Bacteria;p__Firmicutes;c__Clostridia;o__Clostridiales;f__Ruminococcaceae;g__Faecalibacterium;s__Faecalibacterium_prausnitzii	0.0437841214351	0.0449404339321	-0.0748379784231	0.06266228146	-0.0426565991436	-0.0205758731952	-0.0101548086877	1.0	0.0191062282841	0.0176926081225	-0.0107007165227	-0.0834278732362	-0.072724062648	-0.0447607677958	-0.0489671108476	-0.0110097327893	-0.013563202916	-0.0728283332165	-0.0567394298153	-0.010312957306	-0.0460414046833	-0.100466498484	0.0649962320473	-0.0587008478186	0.00613415074698	-0.00681076454857	0.00329368088597	-0.0144019269819	-0.0352638485583	-0.0584932363763	-0.118119367073	0.0877200927362	0.0450639115982	0.0499902832091	0.0136623731392	0.018804247717	0.0431565235636	0.00901103522916	0.0274985194102	-0.0154938563911	-0.0092324381161	0.0892736107787	0.0877448655539	-0.0544519460887	0.00669815664565	0.0140497691657	-0.021884540199	-0.0439795860947	-0.0368765187932	-0.0692255669408	0.0220274792276	0.00907243413242	0.000897363939814	-0.0323477391135	-0.0153584473625	-0.0193133604597	-0.0692077979859	-0.0651222508114	0.0268785815825
k__Bacteria;p__Bacteroidetes;c__Bacteroidia;o__Bacteroidales;f__Rikenellaceae;g__Alistipes;s__Alistipes_finegoldii	0.0259869372749	-0.011045638952	-0.07091297165	-0.043768408469	-0.0910173136238	-0.0344308628367	0.0447523885638	0.0191062282841	1.0	-0.034767809058	0.0378042695497	-0.0196579285113	-0.0288980947049	0.0130244524078	0.0542014727973	-0.0197510021581	0.0135091737794	-0.0737234669683	0.0404263446046	-0.0541208137178	-0.0100590748735	-0.0401721263046	-0.00815698943273	-0.0508940753812	0.02651890747	-0.0619680974925	-0.0537679331997	-0.0308565237936	-0.016379772697	-0.0101493878865	-0.0262176612286	0.0264395194172	-0.0108113409095	0.021505776589	-0.0210115468791	0.0275506133361	1.70485982057e-05	-0.0321282790237	-0.0382547981726	0.0385922574879	-0.0393948691699	0.0339524603688	-0.0776488060738	-0.0941605844309	0.0306474498455	-0.0499233791801	0.00753187517581	-0.0883215563137	0.0688400258719	0.00566034512098	-0.00689827071477	-0.0376534904578	-0.0444963896352	-0.0391675771397	0.0596219700401	-0.0127655832719	-0.0264693540586	-0.0112320689512	0.00813860754263
k__Bacteria;p__Bacteroidetes;c__Bacteroidia;o__Bacteroidales;f__Porphyromonadaceae;g__Parabacteroides;s__Parabacteroides_distasonis	-0.0286749624694	-0.00863417879674	-0.0853583575434	-0.0249229254468	0.0440029212608	-0.0477371210081	0.00118683360601	0.0176926081225	-0.034767809058	1.0	0.00756049143234	-0.0457694668542	-0.0300161911554	0.00196365544954	-0.038640355016	-0.0385126603382	-0.0887774159084	-0.0110592155546	-0.0490681924046	-0.0591911471451	-0.00625665260172	-0.0309213075815	-0.0306241115068	-0.0823175157985	-0.0322838982925	0.0194314112451	-0.0269525197687	-0.133663648087	-0.0133360259282	-0.00975816959314	-0.0406908714227	-0.016738659761	0.0287068859079	0.0227802609308	0.00817474589394	-0.0998940753332	0.0146318718749	0.0120516858567	-0.0115341468793	-0.00276753132201	0.00228338336005	0.0389490330328	-0.0206272647131	-0.0201835349851	-0.0876424208464	0.0179057681652	0.0317640100962	0.0256193118399	-0.0213834934112	-0.000622025338845	-0.00182690000657	0.010757836546	0.00168106068281	-0.0166619477732	-0.0268030737756	-0.0230114212801	-0.0474395354792	-0.0458218252873	-0.0241801770268
k__Bacteria;p__Bacteroidetes;c__Bacteroidia;o__Bacteroidales;f__Bacteroidaceae;g__Bacteroides;s__Bacteroides_thetaiotaomicron	-0.044577506669	0.0194856871727	-0.0623824405831	0.0524293704573	0.108874262876	0.049134045203	0.0481580964464	-0.0107007165227	0.0378042695497	0.00756049143234	1.0	0.00746049873244	-0.0886217310175	0.0267948392085	-0.0414168271938	-0.0870677169529	-0.051005835513	-0.0888010269468	0.00851973503152	-0.0328559603919	0.0594055161968	0.0090022185294	-0.0235434715189	-0.0279581605658	-0.00373161121412	-0.020926442252	0.0185126096118	0.0546339374685	0.0160284062869	-0.00664906499369	-0.00441982453501	-0.0140179719297	-0.0321927751883	-0.0295886825206	0.0357916985242	-0.0395577201868	-0.0142342066283	0.0220336139189	0.0564523141481	-0.0168272203461	-0.0535881933319	-0.063173650384	-0.0249400393994	-0.0228245566866	0.0451449588574	-0.0648844182375	-0.0183288265109	-0.0455145353917	-0.035153900322	-0.0401067764455	-0.0666799240499	-0.00218231843143	-0.0702438631133	-0.0649554380622	0.0411870886052	-0.0904774076852	-0.0574945766984	0.0118424185583	-0.013451702419
k__Bacteria;p__Bacteroidetes;c__Bacteroidia;o__Bacteroidales;f__Bacteroidaceae;g__Bacteroides;s__Bacteroides_coprocola	-0.0583948490192	-0.00390323530493	-0.0305550191337	0.00223988524515	-0.0195080217549	-0.0593369089561	-0.031081144316	-0.0834278732362	-0.0196579285113	-0.0457694668542	0.00746049873244	1.0	-0.0417832915829	-0.0107269908001	0.0706815810785	-0.0573892666866	0.0613428087473	-0.0900197755103	0.0331908578376	0.066885589466	0.051867846171	-0.116148645478	-0.00400967802645	-0.0116270568103	-0.0109922529284	-0.012594864981	-0.0204770546777	-0.0233001838416	0.0171958591774	-0.0642233033855	-0.0386714508031	-0.0777397238309	-0.0494888509485	-0.0283362811878	0.104071260623	-0.0170669883727	-0.0080045572742	-0.0313899544638	0.0251605418549	-0.00818514404441	-0.0224090815747	0.0856091151364	-0.0776545326062	-0.0825281321876	-0.0382771948781	-0.094427867132	-0.0230437426607	-0.0991312372658	0.0108744096292	0.0294134173131	0.0286112758238	-0.0773037684109	-0.0223970821416	0.0229508452154	-0.0353430374257	-0.0343461657384	0.00329857595886	0.00398422934878	-0.00919005428787
k__Bacteria;p__Bacteroidetes;c__Bacteroidia;o__Bacteroidales;f__Bacteroidaceae;g__Bacteroides;s__Bacteroides_cellulosilyticus	0.000455530529647	-0.034911028507	0.0333522087143	-0.0664788237973	-0.068966563511	-0.0705099816538	-0.0148697413714	-0.072724062648	-0.0288980947049	-0.0300161911554	-0.0886217310175	-0.0417832915829	1.0	-0.0979193168557	0.00781239854377	0.0407967047253	-0.102966676948	-0.00862095447431	-0.00577820845026	0.0989877737434	-0.057880514107	0.0145989962336	0.00776819613365	-0.0225629107139	-0.0272584247882	-0.013540218103	-0.0358474678683	0.0279917747574	0.0101642310085	0.0375003883221	0.020741037445	-0.0584368911472	-0.0650881697553	-0.0722442662545	0.0520152073212	0.0412389309366	0.00407280831074	-0.0189476064488	0.00943467619428	-0.00912707687458	-0.0443737327459	-0.0116883931163	0.0527547871877	0.0276067789964	0.0160825732358	-0.013977751129	0.0539229164718	-0.00797021435528	-0.027539420334	0.001235642838	0.000837420285637	-0.009436803706	-0.0168064228086	-0.00158524464274	0.00277453590176	0.00182106365669	0.0409251709389	-0.0744775014641	-0.0148621316857
k__Bacteria;p__Bacteroidetes;c__Bacteroidia;o__Bacteroidales;f__Rikenellaceae;g__Alistipes;s__Alistipes_obesi	-0.0149943768306	-0.0777259856071	-0.0225904827935	-0.0461193477502	0.078866986178	-0.0266571789307	-0.0432795229202	-0.0447607677958	0.0130244524078	0.00196365544954	0.0267948392085	-0.0107269908001	-0.0979193168557	1.0	-0.0268547714311	0.0264974934943	0.00948300224807	-0.016065731771	-0.0222787517068	0.025452837679	0.0452396779646	0.0362991674283	-0.125070576683	0.00872453371923	0.00124072269327	-0.0428266340233	-0.000837571801391	-0.0397990631119	0.00983422010401	-0.0310840842618	0.00437568791548	0.012011046009	-0.00499128078931	0.0725307503784	-0.074550037419	-0.00321476526664	0.04498533975	-0.0085430390083	0.0175395869026	-0.00744116631098	-0.0167372629708	-0.00406339401726	-0.0435168989855	0.0496707430687	-0.0378885950035	-0.0122876393786	-0.00641574328552	0.000744467053008	-0.0118918503698	0.0558781219731	-0.042182561053	0.0236827143592	0.0437557187583	-0.0612138743031	-0.0298222167027	-0.0636848926119	0.071062457082	0.0541763020774	-0.034802358897
k__Bacteria;p__Firmicutes;c__Clostridia;o__Clostridiales;f__Lachnospiraceae;g__;s__[Eubacterium]_rectale	-0.0185181964016	-0.000915027443691	0.0446146122326	0.0717990899645	-0.0130350073519	0.00914472361084	-0.0107098175668	-0.0489671108476	0.0542014727973	-0.038640355016	-0.0414168271938	0.0706815810785	0.00781239854377	-0.0268547714311	1.0	0.0155618784662	0.0554281494399	0.0850895009357	-0.055869699558	-0.0502490473691	0.0353570605419	-0.0650174417924	0.013672959673	0.0574031470547	-0.0418664942916	0.0256666798896	-0.0651599114491	0.0601906283251	-0.0455563354035	-0.0171331504635	-0.127154539081	0.0455649698018	-0.0803162928374	0.024867260983	0.0256806502009	0.0290821590534	-0.0067388837376	-0.0928730207406	-0.014665609823	-0.0577746456978	-0.0666924400821	-0.0464076246735	-0.0144301038045	-0.0475902215762	-0.0267943976843	0.0301813056584	-0.0122841435213	-0.0290729961415	0.0266659753104	-0.00706013685359	-0.0492864651402	-0.0161974896766	-0.0556361669733	-0.103761445873	-0.0340303422733	-0.0733318253621	0.0871610879807	0.00752428176178	-0.0948240556217
k__Bacteria;p__Bacteroidetes;c__Bacteroidia;o__Bacteroidales;f__Bacteroidaceae;g__Bacteroides;s__Bacteroides_plebeius	-0.0822725777201	-0.029246071856	0.0128271886842	-0.0232221018191	0.00736079677004	0.0227033169276	-0.013921083338	-0.0110097327893	-0.0197510021581	-0.0385126603382	-0.0870677169529	-0.0573892666866	0.0407967047253	0.0264974934943	0.0155618784662	1.0	-0.0696132094847	0.00069584442387	-0.0563006441759	0.0253613592119	-0.0532474447872	0.0441337316638	-0.0489256667788	-0.0368936718878	0.0147450154952	0.0305404532679	0.00265327341508	-0.00411456251462	0.0761201187046	-0.040547629011	0.0592737475362	-0.00779509311599	0.0149508942062	-0.0132678995569	0.00749094465924	-0.0418614935226	-0.0649504281069	-0.109947955026	0.0190917993977	0.0339521313933	-0.0665585152337	0.0154429387014	0.0369334573076	-0.0648827412456	-0.0429451091933	0.0438917785356	0.0321393332198	-0.0412323082865	-0.0982187129777	-0.0434374806307	-0.0105304490454	-0.0693306733376	-0.122940229893	0.0115842904777	0.0124676938525	-0.00575007548846	-0.0586436618042	-0.112830398949	0.057020960742
k__Bacteria;p__Bacteroidetes;c__Bacteroidia;o__Bacteroidales;f__Bacteroidaceae;g__Bacteroides;s__Bacteroides_fragilis	0.0183464130472	0.0172541560216	0.0386625226669	-0.0666120016855	-0.0719668436192	-0.0468917398071	-0.0578829642667	-0.013563202916	0.0135091737794	-0.0887774159084	-0.051005835513	0.0613428087473	-0.102966676948	0.00948300224807	0.0554281494399	-0.0696132094847	1.0	0.034183715624	-0.00326566070175	-0.0329851078002	-0.0184247013404	0.0124520921042	0.025892943633	-0.0547567551325	0.00341398777718	-0.0198311085274	0.0522400239277	-0.0157184668478	-0.0856248382258	0.00197437876517	0.0784270362304	0.0455972600177	-0.0648516470596	-0.0750477875083	-0.0328797598987	-0.0245518714801	-0.00707715833502	-0.0101154352683	-0.0226546320227	0.00896348222233	-0.0472423162911	-0.0430435885949	-0.0297915783258	-0.0936210831156	0.00884015639562	-0.055836808331	0.0282489439955	-0.00586062395968	0.0125415378218	0.0615597411714	-0.062586690094	-0.0384062828117	0.00897068508222	0.0147792909957	-0.0569594862727	-0.00969677744188	-0.0265787007769	0.00229668315545	0.0374733095831
k__Bacteria;p__Proteobacteria;c__Betaproteobacteria;o__Burkholderiales;f__Sutterellaceae;g__Sutterella;s__Sutterella_wadsworthensis	0.0294533825219	0.0164972241821	-0.0740066083491	0.0198221359918	0.0715014155685	-0.0379991653788	0.00808289850308	-0.0728283332165	-0.0737234669683	-0.0110592155546	-0.0888010269468	-0.0900197755103	-0.00862095447431	-0.016065731771	0.0850895009357	0.00069584442387	0.034183715624	1.0	-0.00408918823563	-0.00646690504507	-0.0478644966519	0.0315011165394	0.100042009591	-0.0410993599786	0.0436831626675	-0.0750996711064	-0.106680708099	0.0540813772764	0.000882042375075	-0.0265749209999	0.040927293174	-0.0334660307166	-0.0130537335761	-0.00650079212535	-0.0435142711806	-0.000740250100117	0.00707347819638	-0.083119264648	-0.0401402387745	-0.039992720717	0.00799680275562	-0.0729412289028	-0.00927855215431	0.0237596236249	0.00649941117794	-0.0160553255661	-0.0718749120526	0.0448544473964	-0.0405523973978	-0.0550260597064	-0.0364125912496	0.0747943767616	0.072151254008	-0.0448292714883	-0.0469063394165	-0.0262949123618	-0.00457748891315	0.0268831899386	0.0521662308298
k__Bacteria;p__Bacteroidetes;c__Bacteroidia;o__Bacteroidales;f__Porphyromonadaceae;g__Barnesiella;s__Barnesiella_intestinihominis	-0.0154722439487	-0.0436732361346	-0.002735230997	-0.0117913486014	-0.108891525536	-0.0443740394207	0.0117620566337	-0.0567394298153	0.0404263446046	-0.0490681924046	0.00851973503152	0.0331908578376	-0.00577820845026	-0.0222787517068	-0.055869699558	-0.0563006441759	-0.00326566070175	-0.00408918823563	1.0	0.0079816096284	0.0341058802196	0.106682512812	-0.0363931328786	0.0323864875546	-0.0388943196649	0.00283712680263	0.0343815443705	-0.00263963987024	0.0598874869913	0.0273407267598	-0.0547058907537	-0.0859673927548	0.068002647624	-0.0649128426727	-0.0195343591538	-0.0637913005085	0.0266372327305	-0.0367032651996	0.0202632273455	-0.0423375484932	0.0752622270721	-0.067857951872	0.0158364314466	0.0386962049964	0.0138137750672	-0.11246888444	-0.0289271343296	-0.0457681006298	-0.0328813392602	0.0656419988217	0.0105976235207	0.00399472209201	-0.0862471130728	0.0395004150537	0.0356932529716	-0.0531760848789	-0.0874136908556	0.0289292485552	0.0187094960939
k__Bacteria;p__Bacteroidetes;c__Bacteroidia;o__Bacteroidales;f__Odoribacteraceae;g__Odoribacter;s__Odoribacter_splanchnicus	0.0521884545242	-0.0524690738377	0.0189119840993	-0.0147600347106	-0.0781127696479	-0.0987807354834	-0.0392957959679	-0.010312957306	-0.0541208137178	-0.0591911471451	-0.0328559603919	0.066885589466	0.0989877737434	0.025452837679	-0.0502490473691	0.0253613592119	-0.0329851078002	-0.00646690504507	0.0079816096284	1.0	-0.0162244261115	-0.00566862351196	0.0285738357313	-0.0504949133704	-0.0556315397189	0.0028039504148	-0.0681022453134	-0.0389576026521	-3.62861271694e-05	0.0229984499612	-0.03943439019	0.0631511928009	-0.050695046449	0.0300745519675	-0.00520601858537	-0.0543301905571	-0.0924613921611	0.0194567720529	-0.0112746015862	-0.0484647448272	-0.000653938201696	0.0528950681375	-0.0116633464167	0.0344898963689	-0.0316874626488	-0.00629423421304	0.025828403362	-0.0072350924842	-0.0337919526052	-0.0370695328456	-0.0336966738626	0.07651319249	-0.0495221870804	-0.0426281468272	-0.0496336310681	-0.0201924914564	-0.0886198274636	0.0260217159617	0.0498201891731
k__Bacteria;p__Bacteroidetes;c__Bacteroidia;o__Bacteroidales;f__Bacteroidaceae;g__Bacteroides;s__Bacteroides_salyersiae	0.0118870074222	-0.0642827463894	-0.0491489919816	-0.00122708713382	0.0289841384683	0.00263201791062	0.0177226240398	-0.0460414046833	-0.0100590748735	-0.00625665260172	0.0594055161968	0.051867846171	-0.057880514107	0.0452396779646	0.0353570605419	-0.0532474447872	-0.0184247013404	-0.0478644966519	0.0341058802196	-0.0162244261115	1.0	-0.00444309922306	0.0277308272333	0.0447829245756	-0.013849326379	-8.07069506299e-05	-0.0108410186483	-0.0832462224211	0.00298062650156	0.00547601100254	-0.0548413234681	-0.0202351524379	0.0413298808653	0.02135532293	-0.0372078376062	-0.0551106484184	-0.0350499999738	-0.0137707988196	-0.0288735580562	0.0121136935294	0.0700454268844	-0.00758173008372	-0.0487626638347	-0.0757259543431	0.0213153334505	-0.0563828308105	-0.102209165483	0.062092791971	-0.0185268198116	-0.0457763375853	-0.0223370657003	-0.00946810790609	-0.0497049791181	0.00859732138283	-0.0214234462478	-0.00796407221784	0.00433949436702	0.00399905819055	-0.0181033605914
k__Bacteria;p__Firmicutes;c__Clostridia;o__Clostridiales;f__Ruminococcaceae;g__Ruminiclostridium;s__[Eubacterium]_siraeum	-0.0247759865757	-0.0819268300659	0.0439005776914	-0.0559909602677	-0.00838030471707	-0.00738561174257	-0.0595454583486	-0.100466498484	-0.0401721263046	-0.0309213075815	0.0090022185294	-0.116148645478	0.0145989962336	0.0362991674283	-0.0650174417924	0.0441337316638	0.0124520921042	0.0315011165394	0.106682512812	-0.00566862351196	-0.00444309922306	1.0	-0.0432151833752	0.00875699502274	-0.0647599384496	-0.0714964672441	-0.0422570183807	0.00498919100121	0.0617742012744	-0.0444466153337	0.0598266446832	0.0234821104442	-0.059562941159	0.0210515053243	-0.0752965912984	0.0182698803356	-0.0662224173696	0.0300522888189	-0.0643319730633	0.0243924697713	-0.0626868595878	-0.0154179787841	-0.0466379902126	-0.0218485741962	-0.0155727080699	-0.0258919452983	-0.0120202596223	-0.0282683247085	-0.00706886344751	0.010661520341	-0.0266462766737	-0.0477579631259	-0.0550520680813	-0.038464687189	0.0699722058854	0.0182806279534	0.00868449964462	0.0358514928605	0.099571644636
k__Bacteria;p__Proteobacteria;c__Betaproteobacteria;o__Burkholderiales;f__Sutterellaceae;g__Parasutterella;s__Parasutterella_excrementihominis	-0.00255309355507	0.0140345472897	-0.0152119537746	0.00465056784012	-0.000157835752861	-0.0448352997784	-0.0647903855342	0.0649962320473	-0.00815698943273	-0.0306241115068	-0.0235434715189	-0.00400967802644	0.00776819613365	-0.125070576683	0.013672959673	-0.0489256667788	0.025892943633	0.100042009591	-0.0363931328786	0.0285738357313	0.0277308272333	-0.0432151833752	1.0	0.0321342527508	-0.0119229055001	0.00501983311936	-0.0112872344076	-0.055813583393	-0.0692472729891	-0.0323866188114	-0.0269458235986	-0.00838470055843	-0.0228250776371	0.0155089555612	-0.00194467550592	0.103907415971	-0.0108697602154	-0.0299450363624	-0.0139630999609	-0.00767858631532	0.0203523955346	0.00175840483542	-0.0597972053719	-0.0221707999234	-0.0317058133477	0.00617635251115	-0.0059260285531	0.0187050723388	0.035547622315	0.0244526314583	-0.00365943402344	-0.0147386181233	-0.0636508370321	0.0388764161683	0.0164557937233	-0.0325845987976	0.00190456776655	-0.00252598434363	0.0317830619281
k__Bacteria;p__Actinobacteria;c__Actinobacteria;o__Bifidobacteriales;f__Bifidobacteriaceae;g__Bifidobacterium;s__Bifidobacterium_adolescentis	-0.0289283852078	-0.0279809620203	0.0130046796332	0.0137822005535	-0.00264438782943	-0.0358530361797	-0.0666334698618	-0.0587008478186	-0.0508940753812	-0.0823175157985	-0.0279581605658	-0.0116270568103	-0.0225629107139	0.00872453371923	0.0574031470547	-0.0368936718878	-0.0547567551325	-0.0410993599786	0.0323864875546	-0.0504949133704	0.0447829245756	0.00875699502274	0.0321342527508	1.0	-0.0210875611608	-0.0818981784756	0.0269974726214	0.00780514557246	-0.0947372422971	-0.0135185871317	-0.107480463041	0.00240213415603	-0.0295663221773	0.049770023843	0.0357848878992	-0.0489249469768	0.0640716661989	-0.0388922989194	-0.0147652349246	-0.0247656391343	-0.00600590803778	-0.0155983969749	-0.0237549960144	-0.036517740871	-0.0407015110489	-0.0474207177152	0.059734375799	0.052202275685	0.021034948993	0.0225710245983	0.0241585383155	-0.0586181005697	0.0966446756677	0.0906426928548	-0.049292128153	0.0339434955779	0.00304377490507	-0.0239741873779	-0.0331393496214
k__Bacteria;p__Firmicutes;c__Clostridia;o__Clostridiales;f__Oscillospiraceae;g__Oscillibacter;s__Oscillibacter_sp._KLE_1745	-0.0209746262778	-0.0280608185216	0.017000140756	-0.0788194970273	0.0326888744831	-0.018261930839	-0.0220274908215	0.00613415074698	0.02651890747	-0.0322838982925	-0.00373161121412	-0.0109922529284	-0.0272584247882	0.00124072269327	-0.0418664942916	0.0147450154952	0.00341398777718	0.0436831626675	-0.0388943196649	-0.0556315397189	-0.013849326379	-0.0647599384496	-0.0119229055001	-0.0210875611608	1.0	-0.100770493857	0.00659857752919	-0.0518055895904	0.0761194554701	-0.0698721676221	0.00851698705669	-0.0319671163508	0.00719488650921	0.0777087404112	0.0263750913271	-0.049821614478	0.0215985976364	-0.0408262258501	-0.0937580768741	-0.0232977846213	0.0478387139744	-0.0340989431168	-0.0522721171558	0.0586681073496	-0.0107570490162	0.0220828464486	0.0179048744808	-0.0181085379868	0.0193547769163	-0.0150141261204	-0.0593715433156	-0.00705111384892	-0.0656351178746	0.00262668439303	0.0324653261913	0.0797516393381	-0.0277500858911	0.00471747228847	0.0713807308836
k__Bacteria;p__Bacteroidetes;c__Bacteroidia;o__Bacteroidales;f__Bacteroidaceae;g__Bacteroides;s__Bacteroides_coprophilus	0.00684530464182	-0.0738353293509	0.00608729161724	-0.00664408547031	0.0697089937765	-0.0446420026309	0.0789571688064	-0.00681076454857	-0.0619680974925	0.0194314112451	-0.020926442252	-0.012594864981	-0.013540218103	-0.0428266340233	0.0256666798896	0.0305404532679	-0.0198311085274	-0.0750996711064	0.00283712680263	0.0028039504148	-8.07069506299e-05	-0.0714964672441	0.00501983311936	-0.0818981784756	-0.100770493857	1.0	0.0103308778855	-0.0128848919803	0.0323417785137	-0.0425065243584	0.0282680807046	0.0567959360824	0.0288201013941	0.0483333828095	-0.049461391042	-0.0283444376258	0.0101228266315	0.0312862172856	-0.0275237304518	0.0269176628128	-0.0762041389523	0.0242556400977	-0.009377650078	-0.0377670026278	-0.0192949266339	-0.0325208315215	-0.077340050056	-0.0258861941049	0.055105070297	0.0465043574049	-0.0735603551032	-0.0705289230141	-0.0682144250191	-0.104200971117	-0.0284043746916	-0.0360075759943	-0.00259356315341	-0.0298018780697	-0.0428450087396
k__Bacteria;p__Firmicutes;c__Clostridia;o__Clostridiales;f__Lachnospiraceae;g__Roseburia;s__Roseburia_intestinalis	-0.0288202308374	0.00538881588901	-0.00565812649019	-0.0874705472968	-0.0507448870271	0.000557054812282	-0.00589340669872	0.00329368088597	-0.0537679331997	-0.0269525197687	0.0185126096118	-0.0204770546777	-0.0358474678683	-0.000837571801391	-0.0651599114491	0.00265327341508	0.0522400239277	-0.106680708099	0.0343815443705	-0.0681022453134	-0.0108410186483	-0.0422570183807	-0.0112872344076	0.0269974726214	0.00659857752919	0.0103308778855	1.0	-0.00920382954751	-0.0121934980353	0.0725074319425	-0.0472122093937	-0.0160891025383	-0.050423660269	-0.0231218520711	-0.0161875767254	0.0653929422211	-0.0962340806333	0.011928277133	-0.0482098098721	-0.0127341495162	0.0480135893773	-0.0196047051432	-0.0686088807795	0.0408367201762	-0.0279632347091	-0.061903578893	0.043991010443	-0.0150467947567	0.0184146870182	-0.0523856358819	0.00367081656083	-0.009367514023	-0.0920686641963	-0.0912769638829	-0.00790677545646	-0.0329316028251	-0.0869519034851	-0.00813171012579	-0.0307582427041
k__Bacteria;p__Firmicutes;c__Clostridia;o__Clostridiales;f__Lachnospiraceae;g__Roseburia;s__Roseburia_hominis	-0.0104262046537	0.00832801456867	-0.0288330453941	0.0633242183208	-0.00802966700827	0.0243934549417	-0.0398257278751	-0.0144019269819	-0.0308565237936	-0.133663648087	0.0546339374685	-0.0233001838416	0.0279917747574	-0.0397990631119	0.0601906283251	-0.00411456251462	-0.0157184668478	0.0540813772764	-0.00263963987024	-0.0389576026521	-0.0832462224211	0.00498919100121	-0.055813583393	0.00780514557246	-0.0518055895904	-0.0128848919803	-0.00920382954751	1.0	-0.0207122566517	-0.0254201660712	0.0705587555296	0.040977963259	0.0050844595684	-0.144176182128	-0.068849497989	0.056955237132	-0.111073341684	-0.0325411496836	-0.0381857352161	0.0578458398796	-0.0945906831605	-0.0156208241972	0.00652288763017	-0.0176033635632	0.00664289109641	0.0379179579563	-0.0300513588642	0.05957264432	-0.00705164884609	-0.121537463012	-0.0494936933548	0.017967899677	0.0269908382054	0.0492320409731	0.0136664137832	0.0257338645256	0.0105698003028	-0.0670532808749	-0.0631769947831
k__Bacteria;p__Bacteroidetes;c__Bacteroidia;o__Bacteroidales;f__Porphyromonadaceae;g__Parabacteroides;s__Parabacteroides_johnsonii	-0.00362734949492	-0.0116657873769	0.0201521040908	0.0274601394693	0.00854941497344	-0.0273260859968	-0.0808073583177	-0.0352638485583	-0.016379772697	-0.0133360259282	0.0160284062869	0.0171958591774	0.0101642310085	0.00983422010401	-0.0455563354035	0.0761201187046	-0.0856248382258	0.000882042375075	0.0598874869913	-3.62861271694e-05	0.00298062650156	0.0617742012744	-0.0692472729891	-0.0947372422971	0.0761194554701	0.0323417785137	-0.0121934980353	-0.0207122566517	1.0	-0.0771932023385	0.022755910523	-0.0593020977185	-0.025730958122	-0.0163418936368	0.00830842429139	-0.0461191015999	0.000480357427167	0.0349914233429	-0.0309311606013	-0.0255214173222	0.0157647360701	-0.0458285016368	-0.0121341850837	0.095660795566	0.0217618079742	0.0158502431243	-0.021303622115	-0.0389009684398	-0.0401495132009	-0.0846724181302	-0.0439435012914	0.0196202058824	0.0406191146903	-0.0152288214227	-0.00619475666261	-0.0971938957279	-0.0982564828796	-0.0361445038352	-0.104064027895
k__Bacteria;p__Actinobacteria;c__Actinobacteria;o__Bifidobacteriales;f__Bifidobacteriaceae;g__Bifidobacterium;s__Bifidobacterium_longum	-0.0495617685606	0.017977992503	-0.0564954512163	-0.0489047524602	0.0392459240201	-0.0724391632339	-0.07302885214	-0.0584932363763	-0.0101493878865	-0.00975816959314	-0.00664906499369	-0.0642233033855	0.0375003883221	-0.0310840842618	-0.0171331504635	-0.040547629011	0.00197437876517	-0.0265749209999	0.0273407267598	0.0229984499612	0.00547601100254	-0.0444466153337	-0.0323866188114	-0.0135185871317	-0.0698721676221	-0.0425065243584	0.0725074319425	-0.0254201660712	-0.0771932023385	1.0	0.047442172071	0.0389642384712	-0.111144270023	-0.0193444954008	0.0617921167111	-0.0524817183641	-0.0416544550469	-0.00102249074158	-0.004224812115	-0.0730290959328	-0.089488158351	-0.0071570212425	-0.0824716724267	0.0390398164842	0.0121883499691	-0.115433290759	0.0494950072809	0.00432695086107	-0.0646332655329	-0.0243974984241	-0.049967561931	0.0406381159638	-0.028023156268	0.0743015950419	0.0218880825641	0.0599694526198	-0.0127695047611	-0.0163855639093	-0.0614740830509
