#taxonomy	k__Bacteria;p__Bacteroidetes;c__Bacteroidia;o__Bacteroidales;f__Bacteroidaceae;g__Bacteroides;s__Bacteroides_vulgatus	k__Bacteria;p__Bacteroidetes;c__Bacteroidia;o__Bacteroidales;f__Bacteroidaceae;g__Bacteroides;s__Bacteroides_uniformis	k__Bacteria;p__Bacteroidetes;c__Bacteroidia;o__Bacteroidales;f__Rikenellaceae;g__Alistipes;s__Alistipes_putredinis	k__Bacteria;p__Bacteroidetes;c__Bacteroidia;o__Bacteroidales;f__Prevotellaceae;g__Prevotella;s__Prevotella_copri	k__Bacteria;p__Bacteroidetes;c__Bacteroidia;o__Bacteroidales;f__Bacteroidaceae;g__Bacteroides;s__Bacteroides_stercoris	k__Bacteria;p__Bacteroidetes;c__Bacteroidia;o__Bacteroidales;f__Bacteroidaceae;g__Bacteroides;s__Bacteroides_ovatus	k__Bacteria;p__Bacteroidetes;c__Bacteroidia;o__Bacteroidales;f__Rikenellaceae;g__Alistipes;s__Alistipes_shahii	k__Bacteria;p__Firmicutes;c__Clostridia;o__Clostridiales;f__Ruminococcaceae;g__Faecalibacterium;s__Faecalibacterium_prausnitzii	k__Bacteria;p__Bacteroidetes;c__Bacteroidia;o__Bacteroidales;f__Rikenellaceae;g__Alistipes;s__Alistipes_finegoldii	k__Bacteria;p__Bacteroidetes;c__Bacteroidia;o__Bacteroidales;f__Porphyromonadaceae;g__Parabacteroides;s__Parabacteroides_distasonis	k__Bacteria;p__Bacteroidetes;c__Bacteroidia;o__Bacteroidales;f__Bacteroidaceae;g__Bacteroides;s__Bacteroides_thetaiotaomicron	k__Bacteria;p__Bacteroidetes;c__Bacteroidia;o__Bacteroidales;f__Bacteroidaceae;g__Bacteroides;s__Bacteroides_coprocola	k__Bacteria;p__Bacteroidetes;c__Bacteroidia;o__Bacteroidales;f__Bacteroidaceae;g__Bacteroides;s__Bacteroides_cellulosilyticus	k__Bacteria;p__Bacteroidetes;c__Bacteroidia;o__Bacteroidales;f__Rikenellaceae;g__Alistipes;s__Alistipes_obesi	k__Bacteria;p__Firmicutes;c__Clostridia;o__Clostridiales;f__Lachnospiraceae;g__;s__[Eubacterium]_rectale	k__Bacteria;p__Bacteroidetes;c__Bacteroidia;o__Bacteroidales;f__Bacteroidaceae;g__Bacteroides;s__Bacteroides_plebeius	k__Bacteria;p__Bacteroidetes;c__Bacteroidia;o__Bacteroidales;f__Bacteroidaceae;g__Bacteroides;s__Bacteroides_fragilis	k__Bacteria;p__Proteobacteria;c__Betaproteobacteria;o__Burkholderiales;f__Sutterellaceae;g__Sutterella;s__Sutterella_wadsworthensis	k__Bacteria;p__Bacteroidetes;c__Bacteroidia;o__Bacteroidales;f__Porphyromonadaceae;g__Barnesiella;s__Barnesiella_intestinihominis	k__Bacteria;p__Bacteroidetes;c__Bacteroidia;o__Bacteroidales;f__Odoribacteraceae;g__Odoribacter;s__Odoribacter_splanchnicus	k__Bacteria;p__Bacteroidetes;c__Bacteroidia;o__Bacteroidales;f__Bacteroidaceae;g__Bacteroides;s__Bacteroides_salyersiae	k__Bacteria;p__Firmicutes;c__Clostridia;o__Clostridiales;f__Ruminococcaceae;g__Ruminiclostridium;s__[Eubacterium]_siraeum	k__Bacteria;p__Proteobacteria;c__Betaproteobacteria;o__Burkholderiales;f__Sutterellaceae;g__Parasutterella;s__Parasutterella_excrementihominis	k__Bacteria;p__Actinobacteria;c__Actinobacteria;o__Bifidobacteriales;f__Bifidobacteriaceae;g__Bifidobacterium;s__Bifidobacterium_adolescentis	k__Bacteria;p__Firmicutes;c__Clostridia;o__Clostridiales;f__Oscillospiraceae;g__Oscillibacter;s__Oscillibacter_sp._KLE_1745	k__Bacteria;p__Bacteroidetes;c__Bacteroidia;o__Bacteroidales;f__Bacteroidaceae;g__Bacteroides;s__Bacteroides_coprophilus	k__Bacteria;p__Firmicutes;c__Clostridia;o__Clostridiales;f__Lachnospiraceae;g__Roseburia;s__Roseburia_intestinalis	k__Bacteria;p__Firmicutes;c__Clostridia;o__Clostridiales;f__Lachnospiraceae;g__Roseburia;s__Roseburia_hominis	k__Bacteria;p__Bacteroidetes;c__Bacteroidia;o__Bacteroidales;f__Porphyromonadaceae;g__Parabacteroides;s__Parabacteroides_johnsonii	k__Bacteria;p__Actinobacteria;c__Actinobacteria;o__Bifidobacteriales;f__Bifidobacteriaceae;g__Bifidobacterium;s__Bifidobacterium_longum	k__Bacteria;p__Firmicutes;c__Clostridia;o__Clostridiales;f__;g__Flavonifractor;s__Flavonifractor_plautii	k__Bacteria;p__Firmicutes;c__Clostridia;o__Clostridiales;f__Clostridiaceae;g__Clostridium;s__Clostridium_phoceensis	k__Bacteria;p__Verrucomicrobia;c__Verrucomicrobiae;o__Verrucomicrobiales;f__Akkermansiaceae;g__Akkermansia;s__Akkermansia_muciniphila	k__Bacteria;p__Bacteroidetes;c__Bacteroidia;o__Bacteroidales;f__Prevotellaceae;g__Paraprevotella;s__Paraprevotella_xylaniphila	k__Bacteria;p__Firmicutes;c__Clostridia;o__Clostridiales;f__Ruminococcaceae;g__Ruminococcus;s__Ruminococcus_callidus	k__Bacteria;p__Bacteroidetes;c__Bacteroidia;o__Bacteroidales;f__Rikenellaceae;g__Alistipes;s__Alistipes_senegalensis	k__Bacteria;p__Firmicutes;c__Clostridia;o__Clostridiales;f__Lachnospiraceae;g__Blautia;s__Blautia_sp._KLE_1732	k__Bacteria;p__Bacteroidetes;c__Bacteroidia;o__Bacteroidales;f__Bacteroidaceae;g__Bacteroides;s__Bacteroides_oleiciplenus	k__Bacteria;p__Firmicutes;c__Clostridia;o__Clostridiales;f__Ruminococcaceae;g__Ruminococcus;s__Ruminococcus_bicirculans	k__Bacteria;p__Bacteroidetes;c__Bacteroidia;o__Bacteroidales;f__Bacteroidaceae;g__Bacteroides;s__Bacteroides_fluxus	k__Bacteria;p__Bacteroidetes;c__Bacteroidia;o__Bacteroidales;f__Prevotellaceae;g__Prevotella;s__Prevotella_stercorea	k__Bacteria;p__Firmicutes;c__Clostridia;o__Clostridiales;f__Lachnospiraceae;g__Dorea;s__Dorea_longicatena	k__Bacteria;p__Firmicutes;c__Clostridia;o__Clostridiales;f__Eubacteriaceae;g__Eubacterium;s__[Eubacterium]_eligens	k__Bacteria;p__Firmicutes;c__Clostridia;o__Clostridiales;f__Ruminococcaceae;g__;s__Ruminococcaceae_bacterium_D16	k__Bacteria;p__Firmicutes;c__Clostridia;o__Clostridiales;f__Lachnospiraceae;g__Coprococcus;s__Coprococcus_comes	k__Bacteria;p__Proteobacteria;c__Gammaproteobacteria;o__Enterobacterales;f__Enterobacteriaceae;g__Escherichia;s__Escherichia_coli	k__Bacteria;p__Firmicutes;c__Clostridia;o__Clostridiales;f__Ruminococcaceae;g__Anaerotruncus;s__Anaerotruncus_colihominis	k__Bacteria;p__Firmicutes;c__Clostridia;o__Clostridiales;f__Lachnospiraceae;g__Blautia;s__Blautia_obeum	k__Bacteria;p__Bacteroidetes;c__Bacteroidia;o__Bacteroidales;f__Odoribacteraceae;g__Odoribacter;s__Odoribacter_laneus	k__Bacteria;p__Firmicutes;c__Clostridia;o__Clostridiales;f__Ruminococcaceae;g__Ruminiclostridium;s__[Clostridium]_leptum	k__Bacteria;p__Bacteroidetes;c__Bacteroidia;o__Bacteroidales;f__Porphyromonadaceae;g__Parabacteroides;s__Parabacteroides_goldsteinii	k__Bacteria;p__Firmicutes;c__Clostridia;o__Clostridiales;f__Lachnospiraceae;g__Anaerostipes;s__Anaerostipes_hadrus	k__Bacteria;p__Firmicutes;c__Clostridia;o__Clostridiales;f__Ruminococcaceae;g__Ruminococcus;s__Ruminococcus_lactaris	k__Bacteria;p__Firmicutes;c__Clostridia;o__Clostridiales;f__Clostridiaceae;g__Clostridium;s__Clostridium_sp._L2-50	k__Bacteria;p__Firmicutes;c__Clostridia;o__Clostridiales;f__Clostridiaceae;g__Clostridium;s__Clostridium_sp._M62/1	k__Bacteria;p__Firmicutes;c__Clostridia;o__Clostridiales;f__;g__Intestinimonas;s__Intestinimonas_butyriciproducens	k__Bacteria;p__Actinobacteria;c__Actinobacteria;o__Bifidobacteriales;f__Bifidobacteriaceae;g__Bifidobacterium;s__Bifidobacterium_bifidum	k__Bacteria;p__Firmicutes;c__Negativicutes;o__Veillonellales;f__Veillonellaceae;g__Dialister;s__Dialister_invisus	k__Bacteria;p__Bacteroidetes;c__Bacteroidia;o__Bacteroidales;f__Bacteroidaceae;g__Bacteroides;s__Bacteroides_salanitronis
k__Bacteria;p__Bacteroidetes;c__Bacteroidia;o__Bacteroidales;f__Bacteroidaceae;g__Bacteroides;s__Bacteroides_vulgatus	1.0	0.0221933260922	-0.0395156236731	-0.0833573233278	-0.0126179116001	0.0662515566907	0.0437221727054	-0.0115389296912	0.0405928320362	-0.0081540466662	-0.0606245676853	0.0147397656196	0.0258302546517	0.0765366518476	0.0553121969951	-0.0696548925387	-0.0185860629871	-0.00753276998904	-0.0267005647817	-0.0387637452075	-0.0974038661471	0.0151655495453	-0.00470249824055	-0.0564508875092	0.0696945793213	0.0153362086432	0.0602358754842	-0.00910915631426	0.00594393658334	0.0208058610215	-0.00329108455676	-0.119417198668	-0.0171609457298	0.0490397730169	0.0497947814506	-0.00823282782714	-0.0254035210384	0.00454404745197	-0.0362373276926	-0.0276621980466	0.0639238603591	0.0573735102808	-0.0971963950311	0.00574025546134	0.0711535036854	-0.0438870961227	0.0449075670823	-0.0620870982439	0.0452623722817	-0.0511813407183	-0.0115046442337	-0.0349183013654	0.0917376243149	0.0272686210945	0.0696173101432	-0.0956221628147	-0.0530022807784	-0.00255438271635	-0.0358357331864
k__Bacteria;p__Bacteroidetes;c__Bacteroidia;o__Bacteroidales;f__Bacteroidaceae;g__Bacteroides;s__Bacteroides_uniformis	0.0221933260922	1.0	0.0806223037215	-5.32932496538e-05	-0.0624652845505	-0.0397156615868	-0.00672981702831	-0.0379783232641	-0.00560949381496	0.0453789467378	-0.0855228065334	0.0623599690746	-0.0273070317682	-0.0247631518667	0.0159789281507	-0.0946951937898	-0.0391458023494	-0.0616622766034	0.0209606775085	0.0463662488294	-0.105740295658	0.0587522120839	0.00483369810709	-0.0564790908915	-0.0240870718822	-0.0184104717043	-0.0224425407669	-0.0730465786071	-0.00144967913489	-0.0194662573868	0.0101860627467	-0.0272370202063	-0.0407989562749	0.0287497511221	-0.00580110369561	-0.0143631124487	-0.0580986532853	-0.0337448575729	0.110883950458	-0.0623179482678	-0.0403570441648	-0.0115686360028	0.018450884395	0.0751423278618	0.0302824452603	-0.0529184423186	-0.087914051553	0.0520179216437	0.0375055464333	0.0568533213891	-0.0518312433428	-0.0451202016718	0.0024291049705	-0.0781073223801	0.0607727324931	-0.0471477820697	-0.0422402628929	0.0181726939508	-0.0206260680197
k__Bacteria;p__Bacteroidetes;c__Bacteroidia;o__Bacteroidales;f__Rikenellaceae;g__Alistipes;s__Alistipes_putredinis	-0.0395156236731	0.0806223037215	1.0	-0.0495440924548	0.0605295076409	-0.0145717807282	0.0167280519483	0.0247361313794	-0.0435358552478	0.0301110623383	-0.0273952789934	-0.00504169572432	-0.00676121697415	-0.022098986855	-0.0357740965016	-0.0416773687377	0.0278165379836	0.0139909191889	0.0127987668088	0.0730494247182	-0.0389718272702	-0.0522522799402	-0.0737233722979	-0.0146882040424	0.0354035635292	-0.0250020007931	-0.0475180299834	0.0119250664852	0.022925694369	0.0300510476426	-0.0291128236284	0.0919762897528	-0.0417683183416	0.0489150352354	-0.0119891476131	0.00515416490318	0.00773338103835	-0.0298318346631	-0.0188998742209	-0.0858112248819	-0.0265838146209	-0.0116372345569	-0.0232925563621	0.00834015193161	-0.0948833487813	-0.0480029191747	-0.052020309685	-0.127136106544	0.0107801601058	-0.0205417433197	-0.0388818338658	-0.0401017194396	-0.0479266878627	0.0489321945643	-0.0845963126295	0.00100873513544	-0.0189053358845	0.0440223728597	0.10855808863
k__Bacteria;p__Bacteroidetes;c__Bacteroidia;o__Bacteroidales;f__Prevotellaceae;g__Prevotella;s__Prevotella_copri	-0.0833573233278	-5.32932496538e-05	-0.0495440924548	1.0	-0.053788980927	-0.00250564129162	-0.014152326672	0.0256741411316	0.00666898338433	-0.0445226062549	0.075778585089	0.00931011362628	0.0745276569971	-0.00107513069121	-0.0420807782239	-0.00670091820709	0.00647818751053	-0.0766493353697	-0.082056567171	-0.0981792538488	-0.0182389944373	-0.025212269938	-0.0147250894497	-0.0235103541321	0.0245072144724	-0.039535225343	-0.00857979426399	-0.024752718051	0.00409220106103	0.0209377527902	-0.047235982683	-0.0240852696621	-0.0465531464357	-0.00604918450425	-0.0559171582452	-0.0262917728381	0.0275165514561	-0.0357622994021	0.0551659162036	-0.0286502126457	0.00825337802483	0.00257303479811	-0.0318970102697	-0.0141778577315	-0.0265228801502	-0.00344916860967	-0.0694874161091	-0.0532575729489	0.0191168124497	-0.0271944358654	-0.0438187791499	0.0453758529	-0.0564177427286	-0.024812303349	0.00972333050997	0.0345487766855	-0.00242177544477	-0.0475945023265	-0.0751701903455
k__Bacteria;p__Bacteroidetes;c__Bacteroidia;o__Bacteroidales;f__Bacteroidaceae;g__Bacteroides;s__Bacteroides_stercoris	-0.0126179116001	-0.0624652845505	0.0605295076409	-0.053788980927	1.0	0.00784594472587	-0.0467410331471	-0.0322182476017	-0.092491443431	-0.027217287807	-0.0694348460431	0.0475404715165	0.0190993169909	0.00156207483256	-0.0249103813258	0.0121974444484	0.0685326964134	0.00272502021399	-0.0605626280927	0.0795709168038	0.0246252859755	-0.0494635069334	0.0493346111645	-0.0584399310481	-0.0784481800047	0.00083597098162	0.044253701182	-0.00431011369534	0.0149293523159	0.0575173236475	-0.0197383913767	-0.00971648179847	0.0336909938242	0.0326789813719	-0.0694032902035	0.0210980408838	0.00842662200646	-0.125411678302	-0.00195053510452	0.0311719239393	0.0464635229214	-0.0988950713896	-0.0495564746362	-0.0593060133306	0.0102085058479	0.0120829834236	0.0127664839015	-0.0472543925396	-0.0159281264163	-0.047808325795	-0.0555374302235	-0.0112813351241	0.0179816355343	0.00430161612244	-0.015708374651	0.0759638560403	-0.0149394712204	-0.0646024021362	0.00094650550428
k__Bacteria;p__Bacteroidetes;c__Bacteroidia;o__Bacteroidales;f__Bacteroidaceae;g__Bacteroides;s__Bacteroides_ovatus	0.0662515566907	-0.0397156615868	-0.0145717807282	-0.00250564129162	0.00784594472587	1.0	-0.0216732038339	-0.00848056455151	-0.0662384582373	-0.0365287345008	0.0750775784907	-0.0292174022053	-0.0189088503309	0.0122330139764	-0.0712515141601	0.0143604201673	-0.024475838309	0.0133458985313	0.0193086024678	-0.0255141902525	0.0637058627215	-0.0242005348949	-0.00620589954778	-0.0783700019183	0.0481219258324	0.0448906885797	-0.0217133079375	0.00269218929593	-0.0179418706673	0.0390283369582	-0.115380710062	0.0233620645987	0.0183872838627	0.041815758058	0.0195402885386	-0.0328042142338	-0.108776998204	0.00838529838043	-0.0299157381395	0.0212253611713	-0.0442859291308	-0.0714204051788	-0.0684846994305	-0.0880314906478	0.0182266358574	-0.0204911494946	0.0903550568752	-0.0402161629437	-0.0458694430853	0.00965687281957	-0.00190796865559	-0.00775724044573	-0.0761703383456	-0.112526680027	0.0468303323287	0.0280991737386	0.023098333767	0.0162788366393	-0.00196626014659
k__Bacteria;p__Bacteroidetes;c__Bacteroidia;o__Bacteroidales;f__Rikenellaceae;g__Alistipes;s__Alistipes_shahii	0.0437221727054	-0.00672981702831	0.0167280519483	-0.014152326672	-0.0467410331471	-0.0216732038339	1.0	-0.0361142578809	-0.076136290236	-0.000774664716211	-0.0759305815622	-0.0502708263655	-0.00769641117565	-0.053010731121	0.0089297713792	0.00420273323978	-0.0657539543249	0.00479931590612	-0.0605040356625	-0.028572559478	0.0376474155912	-0.0226582829623	-0.0154627065564	0.0242382992495	0.000525853578965	0.0674007229112	-0.0520401203688	0.0245605996952	-0.0435137836373	-0.0348022961197	-0.00638832002473	-0.0498112151154	-0.0131466534283	0.0588268380661	-0.0316896873856	-0.0838389916566	0.0319426781357	0.00569124426979	-0.0568396112752	-0.0131140913753	-0.015050330182	-0.0702413371096	0.0141275395786	-0.0285212138654	0.0568039338055	-0.0550497706519	-0.00496913128319	0.00509142764864	0.0331028420462	0.0150176373539	-0.0192689535526	-0.0108895981154	-0.00948309898815	-0.00567796338338	-0.0272302936137	0.0162538609266	-2.61742171763e-05	0.00355870013272	0.0106909984216
k__Bacteria;p__Firmicutes;c__Clostridia;o__Clostridiales;f__Ruminococcaceae;g__Faecalibacterium;s__Faecalibacterium_prausnitzii	-0.0115389296912	-0.0379783232641	0.0247361313794	0.0256741411316	-0.0322182476017	-0.00848056455151	-0.0361142578809	1.0	-0.00161029360608	-0.00626001476589	0.029754672242	-0.00445663092706	-0.0824369758726	0.00378871155679	-0.0206257678662	-0.0215257014333	-0.0124092600422	-0.0680148023062	0.0109406703025	0.0358848558977	-0.00826778620784	-0.0674865896659	0.0297178441429	-0.0969958523232	0.00316651115965	-0.0190037010078	0.0267387829578	0.0533904512416	-0.00670736555852	0.0278858637179	-0.00881963515097	0.0193242919867	0.0133819791288	0.00454755359515	0.0237012535412	0.0174282608736	-0.0628653878486	0.00584503505697	0.0804590300121	-0.0907009046434	-0.017628261098	-0.00851468148272	-0.0998957364094	-0.0530333874405	0.0266914704334	-0.0711990037042	0.0508731585133	-0.0750301747403	-0.01821825189	-0.0305393308704	0.0284209222687	0.00291864815869	-0.115673599884	0.0407716148936	-0.0734200092491	-0.0356858386316	0.0103784136643	-0.0101868685522	-0.014243428097
k__Bacteria;p__Bacteroidetes;c__Bacteroidia;o__Bacteroidales;f__Rikenellaceae;g__Alistipes;s__Alistipes_finegoldii	0.0405928320362	-0.00560949381496	-0.0435358552478	0.00666898338433	-0.092491443431	-0.0662384582373	-0.076136290236	-0.00161029360608	1.0	0.0384501981064	-0.0413242191105	-0.135852813272	-0.00212843301932	0.023844461514	-0.0233398663945	-0.0766180214514	-0.0298036697424	-0.059347945051	0.0120940492745	-0.00755383126608	-0.0112666414115	-0.0582029176476	-0.0157277975993	0.0308645522387	0.0315978082205	0.0227435479933	-0.064399064468	-0.0124825117001	-0.0585253915491	-0.0087269047466	-0.0292296639177	0.0092011052077	-0.0877202729968	-0.0293093272798	-0.0428572310772	0.0499726255131	-0.0444363740982	-0.0644726824761	0.028346518767	-0.0127596547686	0.0176686953753	0.0298986489598	-0.0200074287233	-0.00763273276744	-0.0187988999864	-0.0965475813763	0.0466446212365	-0.00394265863003	0.0113286595144	0.018548648658	0.0835215940302	0.00823210057801	0.0139704766991	0.00787538383996	-0.0327242337977	-0.0254228922848	-0.0992215512139	-0.0487003452887	-0.0634820587037
k__Bacteria;p__Bacteroidetes;c__Bacteroidia;o__Bacteroidales;f__Porphyromonadaceae;g__Parabacteroides;s__Parabacteroides_distasonis	-0.0081540466662	0.0453789467378	0.0301110623383	-0.0445226062549	-0.027217287807	-0.0365287345008	-0.000774664716211	-0.00626001476589	0.0384501981064	1.0	-0.0381270577831	0.0607833677974	0.0417626730112	-0.0822683961128	-0.0747203785972	0.039724753964	-0.028172524685	-0.0344588719283	-0.012079469871	-0.0340059846961	-0.0153975341522	-0.0050977066417	0.0326197581406	0.00306938991718	0.019269134605	0.0063725714042	-0.0105983904031	-0.0213039945566	-0.0516204098873	-0.00832483473372	-0.0128656747412	0.0882731136649	0.0384323952715	-0.0328004444438	-0.020084054143	0.0251397540203	0.0449556403653	-0.0011534405131	0.0102671190507	-0.0122563999356	0.0361376230848	-0.00975458489908	-0.00793185565704	-0.0514270123037	-0.0163987263689	-0.0563270692986	-0.0923742308373	-0.0357444015809	-0.0805639710206	0.0382888297606	-0.0407056114311	-0.0266337125377	0.0332697007984	0.0212966509299	-0.062528246383	0.0121548140026	-0.121236016289	0.0431770813874	0.0187599900517
k__Bacteria;p__Bacteroidetes;c__Bacteroidia;o__Bacteroidales;f__Bacteroidaceae;g__Bacteroides;s__Bacteroides_thetaiotaomicron	-0.0606245676853	-0.0855228065334	-0.0273952789934	0.075778585089	-0.0694348460431	0.0750775784907	-0.0759305815622	0.029754672242	-0.0413242191105	-0.0381270577831	1.0	-0.0519858030885	-0.0419261170609	-0.0231341291572	-0.0552726322697	-0.0869047051819	-0.0402176569648	0.00924257036733	0.0232124066616	-0.00705611656537	-0.0600746671806	-0.0197705554538	-0.0704312934853	0.00681570420055	-0.0163620597579	-0.026902244777	0.0169489240536	0.0124041078548	0.0480102872565	-0.0293733627442	-0.124992856034	0.0135560135601	0.0548387190074	0.0489354005185	-0.0682497630731	0.0331231705615	-0.0260305059885	0.0114503980109	-0.0405140824776	-0.0507698146547	0.0555838026802	0.00831194031579	-0.117302685267	-0.0482369259764	0.00608917031098	0.0288566800876	0.015134847461	0.0277663017473	0.00931281350906	-0.0255812540346	-0.0576441336278	-0.0131648947059	0.0245268717098	-0.0130794190326	0.0721795102729	0.00705314463021	-0.0105521202542	-0.0348482591184	0.0131194072379
k__Bacteria;p__Bacteroidetes;c__Bacteroidia;o__Bacteroidales;f__Bacteroidaceae;g__Bacteroides;s__Bacteroides_coprocola	0.0147397656196	0.0623599690746	-0.00504169572432	0.00931011362628	0.0475404715165	-0.0292174022053	-0.0502708263655	-0.00445663092706	-0.135852813272	0.0607833677974	-0.0519858030885	1.0	-0.0101517040215	-0.0139895796162	0.0294849179981	0.0502531056918	-0.0160480239666	-0.0216493891533	-0.0907039618641	0.0180764715578	-0.0350780977771	-0.0578765974226	-0.0455123758883	-0.0246463095874	-0.0183720283818	-0.0273769159847	-0.0037256401769	-0.0115907260705	0.0241233727456	-0.0721611262045	-0.0198731343092	-0.0827593391109	0.0701415723565	0.0586942139247	0.0272510236637	-0.0562666409785	-0.0932432143214	-0.0319515481847	-0.0340590223019	0.00266320946828	-0.0446930626914	0.0450239870097	0.0895519585959	0.00303844602941	-0.0669993322389	-0.0356224007319	0.00302938093991	0.062807370547	0.07742298559	-0.00540218415071	-0.0859160844121	0.0105951898482	0.125770746981	0.0344538635146	0.0305471451273	-0.0639444564448	-0.022605934044	-0.0285510228762	-0.084312269712
k__Bacteria;p__Bacteroidetes;c__Bacteroidia;o__Bacteroidales;f__Bacteroidaceae;g__Bacteroides;s__Bacteroides_cellulosilyticus	0.0258302546517	-0.0273070317682	-0.00676121697415	0.0745276569971	0.0190993169909	-0.0189088503309	-0.00769641117565	-0.0824369758726	-0.00212843301932	0.0417626730112	-0.0419261170609	-0.0101517040215	1.0	-0.0193373674689	0.0805448418316	-0.0579547560385	-0.0478147223759	-0.0157254974879	-0.0265413960872	-0.0304010436921	-0.00525911404049	0.0596289122084	-0.0167327394944	-0.10651570723	-0.0172253181004	-0.00450335205402	-0.0384039416122	-0.0768756382501	-0.00319459080503	0.0288603248054	-0.0580075280487	-0.089972995812	-0.00233426685507	-0.0324668405251	0.0724952616128	0.0130072614003	-0.0586106526421	-0.0314668252392	-0.0152794458191	-0.00872879608497	0.0247564163089	0.0509633062244	-0.0250201561255	0.00541818971679	-0.0119606510479	-0.0561200367618	-0.0610838446068	0.0312028342944	-0.0827022550572	0.0517150435879	0.00472694256689	0.0149403000026	-0.0525788836485	-0.0496613056091	0.0168380333204	0.000668878921279	-0.0128214776805	-0.0396036148712	0.00698253895548
k__Bacteria;p__Bacteroidetes;c__Bacteroidia;o__Bacteroidales;f__Rikenellaceae;g__Alistipes;s__Alistipes_obesi	0.0765366518476	-0.0247631518667	-0.022098986855	-0.00107513069121	0.00156207483256	0.0122330139764	-0.053010731121	0.00378871155679	0.023844461514	-0.0822683961128	-0.0231341291572	-0.0139895796162	-0.0193373674689	1.0	-0.0358659931737	0.0150917304601	-0.0243372396214	-0.0378923714315	-0.0882012018393	-0.0268146676148	-0.035121472261	-0.0137898427337	-0.0055488239813	-0.00939322503499	-0.0189977863607	-0.066950770773	-0.0934278342392	0.00993682175297	0.00908710373325	0.0380881823131	-0.102881283052	0.00593326958175	-0.0388105699803	0.0165911398113	-0.0645893033221	-0.0202062686475	-0.0508186259222	-0.0522582993892	-0.0166609255814	0.00724261962752	-0.0357249552153	-0.0796721821445	0.0253654692728	0.0188413146621	-0.00670087122447	0.0166699923046	0.0128050912196	-0.0776960196355	0.00687346446519	0.0109955237644	0.0183188608964	-0.0134258248298	0.0623110524298	-0.0673599012583	-0.0903322161262	-0.0212931934243	0.021338307562	0.0183805742329	-0.0506048223214
k__Bacteria;p__Firmicutes;c__Clostridia;o__Clostridiales;f__Lachnospiraceae;g__;s__[Eubacterium]_rectale	0.0553121969951	0.0159789281507	-0.0357740965016	-0.0420807782239	-0.0249103813258	-0.0712515141601	0.0089297713792	-0.0206257678662	-0.0233398663945	-0.0747203785972	-0.0552726322697	0.0294849179981	0.0805448418316	-0.0358659931737	1.0	0.0213193891016	-0.049726433259	0.0609193029871	-0.0556897256258	0.00241655981955	-0.106522266961	0.0435489506446	-0.033160663745	-0.0484518710184	-0.0839919244781	-0.0529967819537	-0.0103347076932	-0.0789427310406	0.0263878355945	-0.0122143805145	0.0462965849308	-0.0554531293441	-0.0416379540323	-0.0434159964069	0.0157351303197	-0.0637541895444	-0.103543562713	-0.0709718373594	-0.0554600126969	-0.0545542904269	0.0245523522118	0.0337609150999	0.0287511968265	-0.0660006018954	-0.0808535573964	0.00954197397376	0.040024725441	0.0186806162742	-0.0302709582407	0.00594747534423	-0.0530224728618	-0.045602019441	0.0572420284598	0.00839862820274	0.0661444780649	-0.0115613581753	-0.00545988159014	-0.0202338543266	-0.0421857632471
k__Bacteria;p__Bacteroidetes;c__Bacteroidia;o__Bacteroidales;f__Bacteroidaceae;g__Bacteroides;s__Bacteroides_plebeius	-0.0696548925387	-0.0946951937898	-0.0416773687377	-0.00670091820709	0.0121974444484	0.0143604201673	0.00420273323978	-0.0215257014333	-0.0766180214514	0.039724753964	-0.0869047051819	0.0502531056918	-0.0579547560385	0.0150917304601	0.0213193891016	1.0	0.0154424786805	0.0376246744179	0.027957874412	-0.0312920522863	-0.0280988902316	-0.0486139676752	-0.0755589261086	0.0153535912645	-0.0533426620884	-0.00324565275947	0.00629334110044	-0.0100476631222	-0.0153677616752	0.00643649382271	-0.0977258085088	-0.00524204793949	0.0140385183052	-0.0950949931679	0.0152073589036	-0.0727641482913	-0.0421829306244	-0.0476420045325	-0.018725042438	-0.0189969458941	0.0580162750362	0.0124561212101	-0.0205576815776	0.0392753732053	-0.0381735726575	0.0383133545264	-0.0440336993732	0.106266828474	0.0372951435369	-0.034936299985	-0.0154770131626	-0.125022439495	-0.0514338252997	-0.00686050479159	-0.0103257041614	-0.0260008068561	-0.042896912916	0.014346786572	-0.0373901914783
k__Bacteria;p__Bacteroidetes;c__Bacteroidia;o__Bacteroidales;f__Bacteroidaceae;g__Bacteroides;s__Bacteroides_fragilis	-0.0185860629871	-0.0391458023494	0.0278165379836	0.00647818751053	0.0685326964134	-0.024475838309	-0.0657539543249	-0.0124092600422	-0.0298036697424	-0.028172524685	-0.0402176569648	-0.0160480239666	-0.0478147223759	-0.0243372396214	-0.049726433259	0.0154424786805	1.0	0.0134694173651	-0.0276023644115	-0.0708675978496	-0.0299276272719	-0.0516065606539	-0.0913330552455	-0.0242963181694	-0.0621782145207	0.00232949426941	-0.0163992667686	0.0257250931538	0.00608055268123	-0.0632573387777	-0.0462109853867	-0.0416652844257	-0.0359118474513	-0.000770854157902	0.0224775420646	-0.010789162553	-0.0369364669815	0.0229375972309	-0.0134896790435	-0.0150880921823	-0.10026393657	-0.0878690706493	0.0515471946482	0.000672283950577	-0.0399510974066	-0.0259090530274	0.0289296399145	-0.0779868127137	-0.0865012456668	-0.078991278551	0.0541239053477	0.0379454950457	-0.0741880412986	-0.0572583474404	-0.0260736863078	-0.0620710247024	0.0238389317878	0.0634128951985	-0.00495198235446
k__Bacteria;p__Proteobacteria;c__Betaproteobacteria;o__Burkholderiales;f__Sutterellaceae;g__Sutterella;s__Sutterella_wadsworthensis	-0.00753276998904	-0.0616622766034	0.0139909191889	-0.0766493353697	0.00272502021399	0.0133458985313	0.00479931590612	-0.0680148023062	-0.059347945051	-0.0344588719283	0.00924257036733	-0.0216493891533	-0.0157254974879	-0.0378923714315	0.0609193029871	0.0376246744179	0.0134694173651	1.0	0.0331719670637	-0.00243435584703	-0.0583867234345	-0.0512477426078	-0.0163316495345	-0.000782648936163	-0.0397576604795	0.00748744959074	0.0350282803977	-0.0772137665531	0.0534586175651	-0.0198254267091	0.00129949082825	-0.0480516948253	-0.0423041604987	0.0386521504304	-0.0347580426145	0.0192170079352	-0.0236369793643	0.0145275276794	-0.0550192596379	-0.0428114014216	0.00527529392099	2.09671078642e-05	-0.0224152421115	0.00757193088508	0.0128047958748	-0.0181126150334	0.0533908744427	-0.0221348545055	0.0340557735848	-0.0620941160352	0.0190158103051	-0.0371069617431	-0.0425834844486	0.0308668116009	-0.00270727587673	-0.0425888317541	0.0287822344652	0.00706431641218	-0.0476468823028
k__Bacteria;p__Bacteroidetes;c__Bacteroidia;o__Bacteroidales;f__Porphyromonadaceae;g__Barnesiella;s__Barnesiella_intestinihominis	-0.0267005647817	0.0209606775085	0.0127987668088	-0.082056567171	-0.0605626280927	0.0193086024678	-0.0605040356625	0.0109406703025	0.0120940492745	-0.012079469871	0.0232124066616	-0.0907039618641	-0.0265413960872	-0.0882012018393	-0.0556897256258	0.027957874412	-0.0276023644115	0.0331719670637	1.0	0.0125218163449	0.0848382374983	-0.0107868374477	0.00476073508553	0.00157781505035	-0.0181060277719	-0.0443398099216	-0.00434605804296	0.0241255501031	-0.0670189868227	-0.01464408198	-0.0109162846829	0.0341701015878	-0.0438476419909	0.0662148242724	-0.0244175541483	-0.0051365368498	0.0411041494585	0.0125796638581	0.0417666392984	-0.0260103322096	-0.0448986165288	0.000915604544208	0.0816742549715	-0.0440923276783	-0.0312654513759	0.0395733765413	-0.0403257347743	-0.00940258784968	-0.0273913941165	0.0960658663627	-0.0583577732377	-0.0970921584232	-0.0549202942436	0.0321392708768	-0.0342589212862	0.00321429816181	-0.0490972814251	-0.0875946826538	-0.0981039912678
k__Bacteria;p__Bacteroidetes;c__Bacteroidia;o__Bacteroidales;f__Odoribacteraceae;g__Odoribacter;s__Odoribacter_splanchnicus	-0.0387637452075	0.0463662488294	0.0730494247182	-0.0981792538488	0.0795709168038	-0.0255141902525	-0.028572559478	0.0358848558977	-0.00755383126608	-0.0340059846961	-0.00705611656537	0.0180764715578	-0.0304010436921	-0.0268146676148	0.00241655981955	-0.0312920522863	-0.0708675978496	-0.00243435584703	0.0125218163449	1.0	0.138487519362	-0.0412634243338	-0.0272021287062	-0.0464161769445	0.0411465636881	-0.0461865409227	0.0236899110109	-0.0252028209985	-0.0194947016752	-0.0497499884462	0.00500039551639	-0.00200022877929	-0.0326690404416	0.0148291122215	-0.0164539113335	0.0105262031807	-0.0288129396699	-0.0724249193402	-0.0180117408181	-0.0188883654541	-0.098091660681	-0.0196536301775	0.0842993040104	0.0312855470343	-0.0529193669259	0.0191122103719	0.0125463808512	0.0169616707885	-0.0429693495312	-0.0696408532366	0.00379421996607	0.021608059104	-0.02084424578	-0.0504318616988	-0.0188006117309	-0.0171359006444	-0.0446441422902	-0.060734195577	-0.00689125913042
k__Bacteria;p__Bacteroidetes;c__Bacteroidia;o__Bacteroidales;f__Bacteroidaceae;g__Bacteroides;s__Bacteroides_salyersiae	-0.0974038661471	-0.105740295658	-0.0389718272702	-0.0182389944373	0.0246252859755	0.0637058627215	0.0376474155912	-0.00826778620784	-0.0112666414115	-0.0153975341522	-0.0600746671806	-0.0350780977771	-0.00525911404049	-0.035121472261	-0.106522266961	-0.0280988902316	-0.0299276272719	-0.0583867234345	0.0848382374983	0.138487519362	1.0	0.00824795649909	-0.0197092071882	-0.0192442585437	-0.0535233905363	0.00733731979257	0.086829214837	-0.0517359978506	0.00252356735655	-0.0472768872053	0.0244323978519	0.00102557073879	-0.0434079540701	-0.0221881847928	-0.0496496450227	0.0808729341988	-0.0106477401249	0.0144780497297	-0.0730787634731	-0.0357363145299	-0.0517720685596	-0.0763928632536	-0.0537993346317	-0.00363577393287	0.0446856198239	0.0441485065235	0.00858160439579	-0.0569262606105	-0.0786354922063	0.0162125431798	0.0668216027372	-0.0369409570122	0.000365550052737	-0.00951332215342	0.0257280295995	0.0179395810295	0.0241162610914	-0.061195673415	-0.0278336209393
k__Bacteria;p__Firmicutes;c__Clostridia;o__Clostridiales;f__Ruminococcaceae;g__Ruminiclostridium;s__[Eubacterium]_siraeum	0.0151655495453	0.0587522120839	-0.0522522799402	-0.025212269938	-0.0494635069334	-0.0242005348949	-0.0226582829623	-0.0674865896659	-0.0582029176476	-0.0050977066417	-0.0197705554538	-0.0578765974226	0.0596289122084	-0.0137898427337	0.0435489506446	-0.0486139676752	-0.0516065606539	-0.0512477426078	-0.0107868374477	-0.0412634243338	0.00824795649909	1.0	0.0321365249377	-0.0418079856222	-0.0163067902863	-0.0870388786491	-0.0974541824427	0.0196435534075	0.0304938616274	-0.0211308830098	0.0613357704457	-0.0526275609875	-0.00754603829346	-0.0617986282345	-0.057170122442	-0.0324033604631	0.0627724388879	-0.040173223241	-0.0468184319822	0.00703090492921	0.0342408810909	0.0170732815557	-0.0131741693697	0.00343825945102	-0.0775493662941	0.0199214804462	-0.0927969724678	-0.0217255583605	0.0994139565343	0.0246444957005	-0.0744051041167	-0.0247210431105	0.0624097829958	-0.0317233766056	0.0207433176416	0.0321362122705	0.000644637288194	0.00237300246491	-0.00193383461869
k__Bacteria;p__Proteobacteria;c__Betaproteobacteria;o__Burkholderiales;f__Sutterellaceae;g__Parasutterella;s__Parasutterella_excrementihominis	-0.00470249824055	0.00483369810709	-0.0737233722979	-0.0147250894497	0.0493346111645	-0.00620589954778	-0.0154627065564	0.0297178441429	-0.0157277975993	0.0326197581406	-0.0704312934853	-0.0455123758883	-0.0167327394944	-0.0055488239813	-0.033160663745	-0.0755589261086	-0.0913330552455	-0.0163316495345	0.00476073508553	-0.0272021287062	-0.0197092071882	0.0321365249377	1.0	-0.0297676529676	-0.0256451086034	-0.0187851380917	0.0224837384484	-0.0395445216581	-0.0589152404721	0.00785149916049	0.0291882423714	-0.0238483264404	0.000835257670017	0.0527398760621	-0.024014042317	-0.0313435707048	-0.0439027545764	0.00359484385776	0.0805268140006	-0.0334882937634	0.0167965468114	-0.0592071608988	-0.0592830911761	-0.0340550185676	-0.0177752740446	-0.0682492012305	-0.0450222490067	-0.0434563978342	0.0155507760709	-0.0387172426815	0.035884140526	-0.0219316625735	-0.0466679321834	0.0491333323484	0.0633155115278	-0.0481318360049	-0.00160239799723	0.0699440904694	0.0357787193013
k__Bacteria;p__Actinobacteria;c__Actinobacteria;o__Bifidobacteriales;f__Bifidobacteriaceae;g__Bifidobacterium;s__Bifidobacterium_adolescentis	-0.0564508875092	-0.0564790908915	-0.0146882040424	-0.0235103541321	-0.0584399310481	-0.0783700019183	0.0242382992495	-0.0969958523232	0.0308645522387	0.00306938991718	0.00681570420055	-0.0246463095874	-0.10651570723	-0.00939322503499	-0.0484518710184	0.0153535912645	-0.0242963181694	-0.000782648936163	0.00157781505035	-0.0464161769445	-0.0192442585437	-0.0418079856222	-0.0297676529676	1.0	0.0534954756609	-0.0459850963339	0.0273110331323	-0.0230992929152	-0.0422573766656	0.0230591367625	-0.0742027387043	0.053280556356	-0.00542299762037	-0.0773353373364	-0.085663047752	-0.0629077015232	0.0418057550358	-0.0232219672928	0.0317441798781	0.0224630287799	0.00544647595847	-0.0361635938951	-0.0489238612632	0.0516581116308	0.0388960048303	-0.00564210017249	-0.0185359874877	0.108613630429	-0.042710478872	0.0100449517062	-0.0649717085988	0.0291410667214	0.0690365828719	-0.0160068467629	0.0333275960156	0.00862969050868	-0.0760961093572	-0.0889432653024	-0.0126026148442
k__Bacteria;p__Firmicutes;c__Clostridia;o__Clostridiales;f__Oscillospiraceae;g__Oscillibacter;s__Oscillibacter_sp._KLE_1745	0.0696945793213	-0.0240870718822	0.0354035635292	0.0245072144724	-0.0784481800047	0.0481219258324	0.000525853578965	0.00316651115965	0.0315978082205	0.019269134605	-0.0163620597579	-0.0183720283818	-0.0172253181004	-0.0189977863607	-0.0839919244781	-0.0533426620884	-0.0621782145207	-0.0397576604795	-0.0181060277719	0.0411465636881	-0.0535233905363	-0.0163067902863	-0.0256451086034	0.0534954756609	1.0	-0.0402270884781	-0.00482577377832	-0.0411131692034	-0.00398902800065	-0.0302493459728	-0.0167437038113	-0.0595820119898	-0.0578200371903	0.0258188003888	0.0914191280946	-0.0211193614054	-0.044638999731	-0.0168473287098	0.00022305798406	0.0432399713427	-0.0244469662776	0.0026081262611	0.0216097929964	-0.0299659575684	-0.0340821941067	0.0236480077928	-0.0387759130319	-0.0505303452308	-0.0773543864255	-0.0249788338471	-0.0465639400701	-0.0608365587753	0.0597531665835	0.00766674799313	0.0260430113357	-0.00941968767649	-0.056204759321	-0.0166747366381	-0.0018185491964
k__Bacteria;p__Bacteroidetes;c__Bacteroidia;o__Bacteroidales;f__Bacteroidaceae;g__Bacteroides;s__Bacteroides_coprophilus	0.0153362086432	-0.0184104717043	-0.0250020007931	-0.039535225343	0.00083597098162	0.0448906885797	0.0674007229112	-0.0190037010078	0.0227435479933	0.0063725714042	-0.026902244777	-0.0273769159847	-0.00450335205402	-0.066950770773	-0.0529967819537	-0.00324565275947	0.00232949426941	0.00748744959074	-0.0443398099216	-0.0461865409227	0.00733731979257	-0.0870388786491	-0.0187851380917	-0.0459850963339	-0.0402270884781	1.0	0.0102488678047	0.00770956190664	-0.0568315928792	-0.016063914761	-0.00429098560212	0.0269990928914	-0.132161580393	-0.0217161184044	0.0231342064135	0.0109814744692	-0.00286072967911	-0.0580696909113	-0.0133638488622	0.0701154338256	0.0164947006672	-0.020224382945	-0.0660055249693	-0.0684160496796	0.0276939614016	0.0221997563588	0.0295068282683	-0.0447211828226	-0.0706913642933	-0.0161889092626	0.0153905328514	-0.0410713879745	-0.00836150017851	-0.0128846725686	0.00147843984468	-0.049116091312	-0.0499547235034	0.0552567178693	-0.00280136303375
k__Bacteria;p__Firmicutes;c__Clostridia;o__Clostridiales;f__Lachnospiraceae;g__Roseburia;s__Roseburia_intestinalis	0.0602358754842	-0.0224425407669	-0.0475180299834	-0.00857979426399	0.044253701182	-0.0217133079375	-0.0520401203688	0.0267387829578	-0.064399064468	-0.0105983904031	0.0169489240536	-0.0037256401769	-0.0384039416122	-0.0934278342392	-0.0103347076932	0.00629334110044	-0.0163992667686	0.0350282803977	-0.00434605804296	0.0236899110109	0.086829214837	-0.0974541824427	0.0224837384484	0.0273110331323	-0.00482577377832	0.0102488678047	1.0	0.0350678044831	-0.0316753264678	-0.0294595775538	-0.0238514860457	0.0236786256783	-0.0039883407355	-0.0660835239005	-0.0400029272871	-0.0435658272387	-0.00690448297068	-0.0475812577592	0.0366505602929	-0.0380388015624	0.0133145196007	-0.0360670624018	0.0164436523196	0.0355665467603	-0.0342909376965	0.00336519642623	-0.0358632722837	-0.0583423994128	-0.134932041609	0.0080911216685	0.0642819123139	0.0347165908769	-0.007976651179	-0.0483253195111	0.0982591979002	0.029884239882	-0.0331650007829	-0.0362710184524	0.0326752927692
k__Bacteria;p__Firmicutes;c__Clostridia;o__Clostridiales;f__Lachnospiraceae;g__Roseburia;s__Roseburia_hominis	-0.00910915631426	-0.0730465786071	0.0119250664852	-0.024752718051	-0.00431011369534	0.00269218929593	0.0245605996952	0.0533904512416	-0.0124825117001	-0.0213039945566	0.0124041078548	-0.0115907260705	-0.0768756382501	0.00993682175297	-0.0789427310406	-0.0100476631222	0.0257250931538	-0.0772137665531	0.0241255501031	-0.0252028209985	-0.0517359978506	0.0196435534075	-0.0395445216581	-0.0230992929152	-0.0411131692034	0.00770956190664	0.0350678044831	1.0	0.00883519560093	-0.127836512345	-0.0607131467776	0.00578306385252	0.0581491484836	-0.092582857326	-0.0480862806706	-0.106228875819	0.0207012573302	-0.0222955676938	0.00698819289006	0.0419615667351	0.00877222918335	0.020971439728	-0.0311999469664	-0.0412618945808	-0.0926007765316	0.0201482811793	0.0314235416666	-0.00464084633275	-0.0400468744547	0.0457008692788	-0.038960869156	-0.069901655077	0.0267005578702	0.00142786996334	-0.00630373923141	0.00374917237619	0.0237854359568	-0.0433014837504	-0.0698441934758
k__Bacteria;p__Bacteroidetes;c__Bacteroidia;o__Bacteroidales;f__Porphyromonadaceae;g__Parabacteroides;s__Parabacteroides_johnsonii	0.00594393658334	-0.00144967913489	0.022925694369	0.00409220106103	0.0149293523159	-0.0179418706673	-0.0435137836373	-0.00670736555852	-0.0585253915491	-0.0516204098873	0.0480102872565	0.0241233727456	-0.00319459080503	0.00908710373325	0.0263878355945	-0.0153677616752	0.00608055268123	0.0534586175651	-0.0670189868227	-0.0194947016752	0.00252356735655	0.0304938616274	-0.0589152404721	-0.0422573766656	-0.00398902800065	-0.0568315928792	-0.0316753264678	0.00883519560093	1.0	0.0504613752971	-0.0196339712835	0.00458553737227	-0.0587473619499	0.0146169883831	-0.0656461802511	-0.0304966773023	0.0144214214517	-0.0299143569653	-0.00882148248029	-0.0628704964109	-0.0676550512837	-0.0376426869938	-0.00417246963193	-0.0422753198788	-0.0379294700805	-0.0217355034743	-0.0222312219737	-0.0136714475828	0.00659723419377	-0.00294847161805	-0.0301119765802	0.0156266811704	0.0557847954755	0.036322952576	-0.117637787054	-0.0310718489855	0.0844096507974	-0.00258947471371	0.0200740565395
k__Bacteria;p__Actinobacteria;c__Actinobacteria;o__Bifidobacteriales;f__Bifidobacteriaceae;g__Bifidobacterium;s__Bifidobacterium_longum	0.0208058610215	-0.0194662573868	0.0300510476426	0.0209377527902	0.0575173236475	0.0390283369582	-0.0348022961197	0.0278858637179	-0.0087269047466	-0.00832483473372	-0.0293733627442	-0.0721611262045	0.0288603248054	0.0380881823131	-0.0122143805145	0.00643649382271	-0.0632573387777	-0.0198254267091	-0.01464408198	-0.0497499884462	-0.0472768872053	-0.0211308830098	0.00785149916049	0.0230591367625	-0.0302493459728	-0.016063914761	-0.0294595775538	-0.127836512345	0.0504613752971	1.0	-0.0708005322846	-0.0195956563221	0.0159612044774	-0.0291351986808	0.0248467778843	0.0438153544988	0.002099371467	-0.012880301705	-0.0521422051883	0.0334467621356	-0.0760364258596	-0.020494942785	-0.0230683842212	-0.0192932437732	-0.022237941653	-0.000687209805967	0.0111958368585	-0.0536624395199	-0.00235176764471	0.0502046794528	0.00630407688449	-0.066502255974	-0.0165676547126	-0.0620363367049	-0.0290491782281	-0.0334927695184	-0.00502677400686	0.028045531327	-0.0825545901833
