#taxonomy	k__Bacteria;p__Bacteroidetes;c__Bacteroidia;o__Bacteroidales;f__Bacteroidaceae;g__Bacteroides;s__Bacteroides_vulgatus	k__Bacteria;p__Bacteroidetes;c__Bacteroidia;o__Bacteroidales;f__Bacteroidaceae;g__Bacteroides;s__Bacteroides_uniformis	k__Bacteria;p__Bacteroidetes;c__Bacteroidia;o__Bacteroidales;f__Rikenellaceae;g__Alistipes;s__Alistipes_putredinis	k__Bacteria;p__Bacteroidetes;c__Bacteroidia;o__Bacteroidales;f__Prevotellaceae;g__Prevotella;s__Prevotella_copri	k__Bacteria;p__Bacteroidetes;c__Bacteroidia;o__Bacteroidales;f__Bacteroidaceae;g__Bacteroides;s__Bacteroides_stercoris	k__Bacteria;p__Bacteroidetes;c__Bacteroidia;o__Bacteroidales;f__Bacteroidaceae;g__Bacteroides;s__Bacteroides_ovatus	k__Bacteria;p__Bacteroidetes;c__Bacteroidia;o__Bacteroidales;f__Rikenellaceae;g__Alistipes;s__Alistipes_shahii	k__Bacteria;p__Firmicutes;c__Clostridia;o__Clostridiales;f__Ruminococcaceae;g__Faecalibacterium;s__Faecalibacterium_prausnitzii	k__Bacteria;p__Bacteroidetes;c__Bacteroidia;o__Bacteroidales;f__Rikenellaceae;g__Alistipes;s__Alistipes_finegoldii	k__Bacteria;p__Bacteroidetes;c__Bacteroidia;o__Bacteroidales;f__Porphyromonadaceae;g__Parabacteroides;s__Parabacteroides_distasonis	k__Bacteria;p__Bacteroidetes;c__Bacteroidia;o__Bacteroidales;f__Bacteroidaceae;g__Bacteroides;s__Bacteroides_thetaiotaomicron	k__Bacteria;p__Bacteroidetes;c__Bacteroidia;o__Bacteroidales;f__Bacteroidaceae;g__Bacteroides;s__Bacteroides_coprocola	k__Bacteria;p__Bacteroidetes;c__Bacteroidia;o__Bacteroidales;f__Bacteroidaceae;g__Bacteroides;s__Bacteroides_cellulosilyticus	k__Bacteria;p__Bacteroidetes;c__Bacteroidia;o__Bacteroidales;f__Rikenellaceae;g__Alistipes;s__Alistipes_obesi	k__Bacteria;p__Firmicutes;c__Clostridia;o__Clostridiales;f__Lachnospiraceae;g__;s__[Eubacterium]_rectale	k__Bacteria;p__Bacteroidetes;c__Bacteroidia;o__Bacteroidales;f__Bacteroidaceae;g__Bacteroides;s__Bacteroides_plebeius	k__Bacteria;p__Bacteroidetes;c__Bacteroidia;o__Bacteroidales;f__Bacteroidaceae;g__Bacteroides;s__Bacteroides_fragilis	k__Bacteria;p__Proteobacteria;c__Betaproteobacteria;o__Burkholderiales;f__Sutterellaceae;g__Sutterella;s__Sutterella_wadsworthensis	k__Bacteria;p__Bacteroidetes;c__Bacteroidia;o__Bacteroidales;f__Porphyromonadaceae;g__Barnesiella;s__Barnesiella_intestinihominis	k__Bacteria;p__Bacteroidetes;c__Bacteroidia;o__Bacteroidales;f__Odoribacteraceae;g__Odoribacter;s__Odoribacter_splanchnicus	k__Bacteria;p__Bacteroidetes;c__Bacteroidia;o__Bacteroidales;f__Bacteroidaceae;g__Bacteroides;s__Bacteroides_salyersiae	k__Bacteria;p__Firmicutes;c__Clostridia;o__Clostridiales;f__Ruminococcaceae;g__Ruminiclostridium;s__[Eubacterium]_siraeum	k__Bacteria;p__Proteobacteria;c__Betaproteobacteria;o__Burkholderiales;f__Sutterellaceae;g__Parasutterella;s__Parasutterella_excrementihominis	k__Bacteria;p__Actinobacteria;c__Actinobacteria;o__Bifidobacteriales;f__Bifidobacteriaceae;g__Bifidobacterium;s__Bifidobacterium_adolescentis	k__Bacteria;p__Firmicutes;c__Clostridia;o__Clostridiales;f__Oscillospiraceae;g__Oscillibacter;s__Oscillibacter_sp._KLE_1745	k__Bacteria;p__Bacteroidetes;c__Bacteroidia;o__Bacteroidales;f__Bacteroidaceae;g__Bacteroides;s__Bacteroides_coprophilus	k__Bacteria;p__Firmicutes;c__Clostridia;o__Clostridiales;f__Lachnospiraceae;g__Roseburia;s__Roseburia_intestinalis	k__Bacteria;p__Firmicutes;c__Clostridia;o__Clostridiales;f__Lachnospiraceae;g__Roseburia;s__Roseburia_hominis	k__Bacteria;p__Bacteroidetes;c__Bacteroidia;o__Bacteroidales;f__Porphyromonadaceae;g__Parabacteroides;s__Parabacteroides_johnsonii	k__Bacteria;p__Actinobacteria;c__Actinobacteria;o__Bifidobacteriales;f__Bifidobacteriaceae;g__Bifidobacterium;s__Bifidobacterium_longum	k__Bacteria;p__Firmicutes;c__Clostridia;o__Clostridiales;f__;g__Flavonifractor;s__Flavonifractor_plautii	k__Bacteria;p__Firmicutes;c__Clostridia;o__Clostridiales;f__Clostridiaceae;g__Clostridium;s__Clostridium_phoceensis	k__Bacteria;p__Verrucomicrobia;c__Verrucomicrobiae;o__Verrucomicrobiales;f__Akkermansiaceae;g__Akkermansia;s__Akkermansia_muciniphila	k__Bacteria;p__Bacteroidetes;c__Bacteroidia;o__Bacteroidales;f__Prevotellaceae;g__Paraprevotella;s__Paraprevotella_xylaniphila	k__Bacteria;p__Firmicutes;c__Clostridia;o__Clostridiales;f__Ruminococcaceae;g__Ruminococcus;s__Ruminococcus_callidus	k__Bacteria;p__Bacteroidetes;c__Bacteroidia;o__Bacteroidales;f__Rikenellaceae;g__Alistipes;s__Alistipes_senegalensis	k__Bacteria;p__Firmicutes;c__Clostridia;o__Clostridiales;f__Lachnospiraceae;g__Blautia;s__Blautia_sp._KLE_1732	k__Bacteria;p__Bacteroidetes;c__Bacteroidia;o__Bacteroidales;f__Bacteroidaceae;g__Bacteroides;s__Bacteroides_oleiciplenus	k__Bacteria;p__Firmicutes;c__Clostridia;o__Clostridiales;f__Ruminococcaceae;g__Ruminococcus;s__Ruminococcus_bicirculans	k__Bacteria;p__Bacteroidetes;c__Bacteroidia;o__Bacteroidales;f__Bacteroidaceae;g__Bacteroides;s__Bacteroides_fluxus	k__Bacteria;p__Bacteroidetes;c__Bacteroidia;o__Bacteroidales;f__Prevotellaceae;g__Prevotella;s__Prevotella_stercorea	k__Bacteria;p__Firmicutes;c__Clostridia;o__Clostridiales;f__Lachnospiraceae;g__Dorea;s__Dorea_longicatena	k__Bacteria;p__Firmicutes;c__Clostridia;o__Clostridiales;f__Eubacteriaceae;g__Eubacterium;s__[Eubacterium]_eligens	k__Bacteria;p__Firmicutes;c__Clostridia;o__Clostridiales;f__Ruminococcaceae;g__;s__Ruminococcaceae_bacterium_D16	k__Bacteria;p__Firmicutes;c__Clostridia;o__Clostridiales;f__Lachnospiraceae;g__Coprococcus;s__Coprococcus_comes	k__Bacteria;p__Proteobacteria;c__Gammaproteobacteria;o__Enterobacterales;f__Enterobacteriaceae;g__Escherichia;s__Escherichia_coli	k__Bacteria;p__Firmicutes;c__Clostridia;o__Clostridiales;f__Ruminococcaceae;g__Anaerotruncus;s__Anaerotruncus_colihominis	k__Bacteria;p__Firmicutes;c__Clostridia;o__Clostridiales;f__Lachnospiraceae;g__Blautia;s__Blautia_obeum	k__Bacteria;p__Bacteroidetes;c__Bacteroidia;o__Bacteroidales;f__Odoribacteraceae;g__Odoribacter;s__Odoribacter_laneus	k__Bacteria;p__Firmicutes;c__Clostridia;o__Clostridiales;f__Ruminococcaceae;g__Ruminiclostridium;s__[Clostridium]_leptum	k__Bacteria;p__Bacteroidetes;c__Bacteroidia;o__Bacteroidales;f__Porphyromonadaceae;g__Parabacteroides;s__Parabacteroides_goldsteinii	k__Bacteria;p__Firmicutes;c__Clostridia;o__Clostridiales;f__Lachnospiraceae;g__Anaerostipes;s__Anaerostipes_hadrus	k__Bacteria;p__Firmicutes;c__Clostridia;o__Clostridiales;f__Ruminococcaceae;g__Ruminococcus;s__Ruminococcus_lactaris	k__Bacteria;p__Firmicutes;c__Clostridia;o__Clostridiales;f__Clostridiaceae;g__Clostridium;s__Clostridium_sp._L2-50	k__Bacteria;p__Firmicutes;c__Clostridia;o__Clostridiales;f__Clostridiaceae;g__Clostridium;s__Clostridium_sp._M62/1	k__Bacteria;p__Firmicutes;c__Clostridia;o__Clostridiales;f__;g__Intestinimonas;s__Intestinimonas_butyriciproducens	k__Bacteria;p__Actinobacteria;c__Actinobacteria;o__Bifidobacteriales;f__Bifidobacteriaceae;g__Bifidobacterium;s__Bifidobacterium_bifidum	k__Bacteria;p__Firmicutes;c__Negativicutes;o__Veillonellales;f__Veillonellaceae;g__Dialister;s__Dialister_invisus	k__Bacteria;p__Bacteroidetes;c__Bacteroidia;o__Bacteroidales;f__Bacteroidaceae;g__Bacteroides;s__Bacteroides_salanitronis
k__Bacteria;p__Bacteroidetes;c__Bacteroidia;o__Bacteroidales;f__Bacteroidaceae;g__Bacteroides;s__Bacteroides_vulgatus	1.0	-0.0306262717222	0.0518323612424	0.0197367564072	-0.0517309161293	0.0108588166806	-0.00340111023457	-0.00507022672199	0.0277789615145	-0.0756182568442	-0.024261255125	0.0369119270247	0.0501899770355	0.036009943818	-0.00597744036266	-0.00547948936455	-0.107435789516	-0.0557607210061	-0.0233248668813	0.0328416574373	0.0177652219888	-0.0998913310784	0.0233872723886	-0.0181700002113	0.00185257733423	0.0294771894964	-0.0183622979296	-0.035863205083	0.0236199794072	0.0295868930427	-0.00153106255408	-0.0298076990784	-0.0254448200338	-0.08434170566	-0.010436904658	-0.025805080011	0.0588481360991	0.00159726338665	0.00141871206829	-0.0377166674403	-0.0474538078779	0.0444962689983	-0.0254259039483	-0.0112222773956	-0.00897226644832	0.0381807642991	0.0117187238233	0.00987248677539	0.0538295384267	0.00551566735308	0.0480418168834	0.0419022522077	-0.042495562581	-0.00810797750489	-0.131062483073	-0.0256898646395	0.00170403822442	0.0293131945961	-0.07325551624
k__Bacteria;p__Bacteroidetes;c__Bacteroidia;o__Bacteroidales;f__Bacteroidaceae;g__Bacteroides;s__Bacteroides_uniformis	-0.0306262717222	1.0	0.0283595943873	0.0278712377646	0.0572048347212	-0.0428804231419	-0.041955061768	0.000637320685068	-0.0937752285234	0.0461259633577	0.00761426103674	-0.044086476531	-0.0581552622056	-0.0498681237863	-0.0944292812244	0.0277598892249	-0.0115592529016	0.0343500737737	-0.0736186701043	-0.0842005084584	-0.0285425367437	-0.0366699980969	-0.0797392375485	-0.0178196290062	-0.0130950052765	-0.0244868508864	0.0514784441553	-0.0411276821046	-0.0202811484841	-0.0553125418101	-0.0117528149685	-0.0249565737148	-0.0380614610419	0.0194830590504	-0.00125676505247	0.0476383483396	0.0279408299837	0.0546205296194	-0.0586355399386	-0.0471778864166	-0.0478812942475	-0.00277121351201	0.0519070767779	-0.0133606601631	0.120611415597	-0.200522552811	-0.011224147127	0.0441127838972	0.0132485487265	-0.0516876247874	0.0188680670216	0.00190650276628	-0.0239674880314	0.0344290423357	0.0765903111797	-0.00221627894137	0.023345371424	0.0333047527261	-0.000875032678403
k__Bacteria;p__Bacteroidetes;c__Bacteroidia;o__Bacteroidales;f__Rikenellaceae;g__Alistipes;s__Alistipes_putredinis	0.0518323612424	0.0283595943873	1.0	-0.0280152750607	-0.0180181140587	-0.0485663906311	-0.0425795832208	0.000376472739866	-0.0329945306238	-0.00847323939156	0.000957923006835	-0.0538204791192	-0.00332126061057	-0.0973559583665	0.0148653045501	0.0562308818632	-0.0296730115463	0.0317101107429	0.0358402145434	0.0315896600655	-0.0110962208782	-0.0597675355256	-0.0154076580833	-0.0584056568508	-0.0120088094644	0.0253554046648	0.012960138603	0.0490274073474	0.0510077835092	0.00759049965906	-0.000568357866723	-0.0563240920584	-0.0128588952119	-0.100082361001	-0.0726957288714	-0.00626685650676	0.0150966056976	0.0471797392134	-0.0551118522397	-0.0763625296384	-0.0183144989998	0.0809352252714	-0.0557726797246	-0.0838659505368	0.0282824305027	-0.0467828230852	-0.0311176205472	0.0115298575648	0.00325817787273	-0.00608709205398	-0.00607788148877	-0.0132736529607	-0.0355722872911	0.0177218670905	-0.00369685061288	0.00806281792146	0.0582416230229	-0.0737966935982	0.0406869694975
k__Bacteria;p__Bacteroidetes;c__Bacteroidia;o__Bacteroidales;f__Prevotellaceae;g__Prevotella;s__Prevotella_copri	0.0197367564072	0.0278712377646	-0.0280152750607	1.0	-0.0557267436498	-0.0366399676559	0.0309149102426	-0.0431943799888	-0.0298158896077	0.0477539725941	-0.000877960286557	-0.0410947037457	0.0286221325204	-0.0422519889684	-0.0630287791109	-0.0328902055986	0.0113183675208	-0.105688884137	-0.00420912205422	-0.030611650155	0.0217383076777	0.012652411778	0.0144748313375	0.0320438820662	0.0297458644408	-0.0058763655793	-0.114358475129	-0.0223980746338	-0.0380842577783	-0.016526904696	0.0599384341161	0.0357689761949	0.00478187715972	-0.0240924984738	-0.0288950789617	0.0258182031203	-0.0899297982992	-0.0310985107769	0.0429840885439	-0.091670179498	0.0522235081894	-0.0671109808744	-0.0110419988065	0.0314873495178	-0.0983060900085	0.0719682198326	-0.069056654278	-0.0640783908144	0.00302488587672	-0.0474872796025	-0.0101884786313	0.000469477782076	-0.0194543831728	0.0871329041257	-0.0320184060974	-0.0547676056318	-0.0208340370488	0.00650970600786	0.0911107673645
k__Bacteria;p__Bacteroidetes;c__Bacteroidia;o__Bacteroidales;f__Bacteroidaceae;g__Bacteroides;s__Bacteroides_stercoris	-0.0517309161293	0.0572048347212	-0.0180181140587	-0.0557267436498	1.0	0.0711777056821	-0.0919371391909	0.0505864357749	-0.0236221159647	0.0104662639446	-0.0177657464737	-0.00166930776981	-0.0914968492184	0.0195776003257	0.0441827398138	-0.0279060745215	0.00755169924882	-0.00393553108942	-0.0604953643434	-0.0256264523665	0.0749497097653	0.00492459708595	0.0101939783874	0.0703100801885	0.0124586031772	-0.0205277315235	0.0452782044532	0.0097464496858	-0.00294704913827	0.0069744302544	0.0500046358407	-0.07678423907	0.0249444797713	-0.0142343471251	-0.0249984520618	-0.0237396777541	-0.0740150470685	0.00320010488318	-0.0130058461317	-0.0323743114657	0.038536108935	-0.00561140936899	-0.127333673077	0.0326894980995	0.01375725222	-0.0598413076581	0.0435534286612	-0.0428041747815	0.0934291296755	-0.0465059206351	-0.171417847094	-0.0462845538862	-0.0466577313934	0.0290927845926	0.06502873278	-0.00219163216154	-0.00627970780357	0.00297548914333	-0.041106564475
k__Bacteria;p__Bacteroidetes;c__Bacteroidia;o__Bacteroidales;f__Bacteroidaceae;g__Bacteroides;s__Bacteroides_ovatus	0.0108588166806	-0.0428804231419	-0.0485663906311	-0.0366399676559	0.0711777056821	1.0	-0.0154520269991	0.0632713215051	-0.0499125867196	-0.0173449219075	-0.032551989535	-0.0642425571377	-0.0425401258807	-0.0883552486551	0.00256091868258	0.0356413900431	0.049819750834	-0.0215593014315	-0.0225004379849	0.028287801788	-0.0470397262752	-0.0246363719585	0.0134304431634	-0.0879532656441	0.015516706864	-0.046349312411	-0.00676129647857	-0.0725794554341	0.0376071248599	-0.0440961291109	-0.0502074134963	-0.0182929877321	-0.0487653461339	-0.103853249479	0.0846477301492	-0.0388268308064	-0.0563711736938	0.00609610746998	-0.083064880864	0.0244899418286	-0.00296988946777	-0.0488316896355	-0.0330694000799	0.034414036701	0.00105439878065	-0.0569391125909	0.0368140051911	-0.0381850299872	-0.00189855529472	0.0115504580326	-0.0328540651005	0.00212986969382	-0.0658416321071	0.0589783697951	0.0294789679757	0.0321443975931	0.0367839974422	-0.0588289642936	-0.00543725146716
k__Bacteria;p__Bacteroidetes;c__Bacteroidia;o__Bacteroidales;f__Rikenellaceae;g__Alistipes;s__Alistipes_shahii	-0.00340111023457	-0.041955061768	-0.0425795832208	0.0309149102426	-0.0919371391909	-0.0154520269991	1.0	-0.0580652467492	0.0552621490658	-0.0480193799734	-0.0409781843001	-0.00174869466063	0.0822335842691	-0.0103888871006	-0.0786775290745	0.0175501141056	-0.0366967635962	0.0512164760676	0.011218984336	-0.0182443555051	0.0447666401403	0.0534033040624	0.0406531283247	-0.0404858640498	-0.0289229415408	0.00229647899939	-0.00666818228259	-0.00981094143012	-0.0254630875474	-0.01401837376	-0.00621040239616	-0.0630318261575	-0.01095867806	-0.0564756753166	0.0519347713864	-0.0634321647793	-0.0214448810902	0.0683401202463	-0.0495378491385	0.0448704402106	0.0683440200243	0.0125606250979	0.0533256752836	0.0452305835684	-0.0573714868651	0.0173791450687	-0.0863575840441	-0.0687057990023	0.0154773740023	-0.00613296247265	-0.060878256924	0.0065247078303	-0.0503370573219	-0.029401413342	-0.0402676186319	0.00174821458624	0.0183575850453	-0.0212896520821	0.00163471531251
k__Bacteria;p__Firmicutes;c__Clostridia;o__Clostridiales;f__Ruminococcaceae;g__Faecalibacterium;s__Faecalibacterium_prausnitzii	-0.00507022672199	0.000637320685067	0.000376472739866	-0.0431943799888	0.0505864357749	0.0632713215051	-0.0580652467492	1.0	0.00335296807592	0.046586260449	-0.00652231954897	-0.0166103954084	-0.00732188820885	0.00703899604561	0.026398664508	0.0361595919849	0.0744190474649	-0.0430399344406	0.00807920975598	0.0463212178928	-0.0180508413411	-0.102082300016	-0.0989090724208	-0.0586849537812	0.0741149113576	0.054871767078	-0.0149822977148	0.00605502556232	-0.0240208184142	0.0646844858617	-0.00294108486025	-0.00139301137653	0.0313906204856	-0.00121545103278	-0.00586891113674	0.0168923355978	0.0229386613567	-0.0671639994471	-0.0923968754134	-0.0163346714437	-0.0339406254166	-0.103995127939	-0.0306476890703	-0.00426107272877	0.0131699535767	-0.0849234198933	-0.0764484081201	-0.0627958071143	-0.0207340607234	-0.0584481123972	0.0256993118379	-0.0385494987039	0.0596720113852	-0.0191566424103	-0.0471141572019	-0.00114547942201	-0.083208952937	-0.0679091024502	0.057194471027
k__Bacteria;p__Bacteroidetes;c__Bacteroidia;o__Bacteroidales;f__Rikenellaceae;g__Alistipes;s__Alistipes_finegoldii	0.0277789615145	-0.0937752285234	-0.0329945306238	-0.0298158896077	-0.0236221159647	-0.0499125867196	0.0552621490658	0.00335296807592	1.0	-0.0743225639453	0.000859932705038	-0.0166219922902	0.046135513556	0.114298603222	-0.058682395488	-0.0604735813577	-0.0322589781841	-0.00355153090495	0.0463230459581	-0.0191763649349	0.0122034794157	0.0570676677806	-0.0451819317035	-0.051577349868	0.117380044849	-0.030584463794	0.0177198437432	-0.0648515479659	-0.0900238562474	0.0470952425626	-0.0816267719235	0.00541650403576	0.0127091185538	-0.0312081657466	-0.00566097638911	0.0109713996307	-0.0453720048638	-0.0223660308171	-0.0491126369036	0.0745518963132	-0.034433408914	-0.0432788955187	0.00197099940416	-0.0464595794701	-0.124209395317	-0.0222337273732	-0.0160971066392	-0.076587229415	0.0388514445167	-0.00705161025636	0.057756348917	0.0116851260049	0.0232829300507	-0.0611547625382	0.0312010472487	0.0190854362341	-0.0028369908237	-0.0125589545843	0.0704564787733
k__Bacteria;p__Bacteroidetes;c__Bacteroidia;o__Bacteroidales;f__Porphyromonadaceae;g__Parabacteroides;s__Parabacteroides_distasonis	-0.0756182568442	0.0461259633577	-0.00847323939156	0.0477539725941	0.0104662639446	-0.0173449219075	-0.0480193799734	0.046586260449	-0.0743225639453	1.0	-0.0626527898977	-0.00467281606897	0.0346603597693	0.00130310530792	-0.066718419674	-0.111061745941	-0.0644064351801	0.000290567961267	-0.0527140274257	0.0255016425879	-0.00986018480242	-0.0417375609551	-0.0210054766334	-0.0170377444321	0.0220419154061	-0.0739710418337	-0.111349195632	0.0416982554855	0.0739645520303	0.0197221467514	-0.00503718484333	-0.0314447545896	0.0352973232627	0.055681740984	0.0679994231346	-0.0273497196191	-0.0341829651645	-0.0081966117995	-0.0485749694616	-0.0542926388951	0.0683360138093	-0.0362008963927	-0.0574816157542	-0.0809672804601	-0.00461576074225	-0.013325618502	-0.077017165416	0.0165291778802	0.0172281356584	0.012072401611	0.0613710637657	-0.00744849201317	-0.0265191467635	-0.0382296425213	-0.0427112533259	-0.0369801977864	0.0320886323522	-0.0525680763313	-0.0760435544962
k__Bacteria;p__Bacteroidetes;c__Bacteroidia;o__Bacteroidales;f__Bacteroidaceae;g__Bacteroides;s__Bacteroides_thetaiotaomicron	-0.024261255125	0.00761426103674	0.000957923006835	-0.000877960286557	-0.0177657464737	-0.032551989535	-0.0409781843001	-0.00652231954897	0.000859932705038	-0.0626527898977	1.0	-0.0277684424683	-0.0155321110784	0.0263939395135	-0.1057232382	0.052542394509	0.0165558791708	0.00783042434001	-0.00865198958685	0.0155466010421	0.0303604751913	-0.0384838040035	0.0216259460824	-0.0242286684057	0.0172971886219	0.0762128547897	0.0558156481616	0.0174709049636	0.0125839372352	0.00986852236239	-0.0515545319613	0.0542572351534	-0.067095784647	-0.00846841725629	-0.00282764550898	-0.0363979209582	0.000583165130739	-0.0510637060428	-0.0339468650682	-0.112187632455	-0.0264261354858	0.122873032742	-0.00742520253747	0.026268049441	-0.0290435352585	0.0667199890537	-0.0229332113284	-0.0793843724399	0.0213882534887	-0.0206452714161	-0.0147970967212	-0.00559320036079	-0.0303064113171	-0.0345188091614	-0.0157076834129	-0.0523788256824	-0.0674182818049	-0.0425548624719	-0.0103142706862
k__Bacteria;p__Bacteroidetes;c__Bacteroidia;o__Bacteroidales;f__Bacteroidaceae;g__Bacteroides;s__Bacteroides_coprocola	0.0369119270247	-0.044086476531	-0.0538204791192	-0.0410947037457	-0.00166930776981	-0.0642425571377	-0.00174869466063	-0.0166103954084	-0.0166219922902	-0.00467281606897	-0.0277684424683	1.0	0.0204774641531	0.0145325499768	0.00632278580002	-0.00186030537983	-0.0142490648913	0.0739218177945	-0.131111782132	-0.0357549993634	-0.0563825133551	-0.0101578385184	0.00578995713161	-0.0263534533705	-0.0260723129735	-0.0326497194425	0.0412793254255	0.0169547417716	-0.000898820256496	0.0138403030876	0.135230431033	-0.0137266659728	-0.047671254912	0.0551529550122	-0.0540764723461	-0.0514317382022	-0.136342061405	0.014292703227	-0.00404594589721	-0.0428107280318	0.00983630425431	0.0151554472437	-0.031570931344	-0.0360281478427	0.00424104455859	-0.0519341531604	-0.00715074419862	-0.0846108397215	-0.0544047930022	-0.0360205811286	-0.045257764945	0.0224330904678	0.0017712235086	-0.0188445765959	-0.0135674222178	-0.0521551225604	0.000564445815019	-0.00139327677136	-0.00599757043435
k__Bacteria;p__Bacteroidetes;c__Bacteroidia;o__Bacteroidales;f__Bacteroidaceae;g__Bacteroides;s__Bacteroides_cellulosilyticus	0.0501899770355	-0.0581552622056	-0.00332126061057	0.0286221325204	-0.0914968492184	-0.0425401258807	0.0822335842691	-0.00732188820885	0.046135513556	0.0346603597693	-0.0155321110784	0.0204774641531	1.0	-0.0526338296803	0.0202284736566	-0.0159525549283	0.0430615732759	-0.064235452052	-0.0246420345948	0.013324291355	0.0124060625266	-0.0435957342701	-0.0787681212496	0.0147465349359	-0.0323057303204	-0.00254894027647	0.0188120506985	0.0390864622374	-0.0849603293337	0.0356517847054	-0.0852817890179	-0.0495009258869	-0.00148853034062	-0.0659515491226	-0.0871202713975	-0.0421486671148	0.0714915436545	0.0611664106203	0.0126866725543	0.0718916568333	-0.0744299306703	-0.0235909964723	0.021015189862	-0.0264419386147	-0.0482860943076	0.0246711183594	-0.031596702257	-0.0357689560482	0.0108969484916	0.0421294872385	0.0526033027095	-0.0939302469612	-0.0438682725292	-0.0664629954342	-0.051155274663	0.0315075051053	0.0503543632705	0.0347004198223	0.0166117769243
k__Bacteria;p__Bacteroidetes;c__Bacteroidia;o__Bacteroidales;f__Rikenellaceae;g__Alistipes;s__Alistipes_obesi	0.036009943818	-0.0498681237863	-0.0973559583665	-0.0422519889684	0.0195776003257	-0.0883552486551	-0.0103888871006	0.00703899604561	0.114298603222	0.00130310530792	0.0263939395135	0.0145325499768	-0.0526338296803	1.0	-0.030613105932	-0.00713395660715	-0.0491819044628	0.0411459311398	0.0105559450982	-0.0618929625184	-0.0343546454344	-0.0244452962723	0.00463106397644	0.000301437259331	-0.0360537155395	0.0586784558833	0.0434710438918	0.00863620051596	-0.00432960329363	0.0115537193265	-0.0434135867124	-0.065153848804	0.0155916151411	-0.0722055583567	-0.0573818765781	-0.0525721960655	-0.18021492672	0.0541170506207	0.036200501887	-0.0143062957239	0.0273951878951	-0.053243501251	0.0431814037863	-0.0542495453551	0.0189761340993	-0.0109197846101	-0.00568688362197	0.0252730346002	-0.0266614701761	-0.0331021298471	0.0414219809386	-0.113287306228	-0.0132268024138	0.00747717820324	0.0127260950436	-0.0937233238673	-0.101862879848	-0.0925664314453	-0.0353702564541
k__Bacteria;p__Firmicutes;c__Clostridia;o__Clostridiales;f__Lachnospiraceae;g__;s__[Eubacterium]_rectale	-0.00597744036266	-0.0944292812244	0.0148653045501	-0.0630287791109	0.0441827398138	0.00256091868258	-0.0786775290745	0.026398664508	-0.058682395488	-0.066718419674	-0.1057232382	0.00632278580002	0.0202284736566	-0.030613105932	1.0	-0.0565588434231	-0.107077001151	0.0362067945878	0.0533179192266	-0.127369003919	-0.0493693751551	-0.0323863114749	-0.0135735730723	0.0157060471169	0.0154742416172	-0.0932875656121	0.0110011720484	0.00552830502365	0.0458935726723	0.0196394278579	-0.028148308531	0.00740195312491	-0.023776562907	0.0585770704622	-0.136998819285	-0.0373064177775	-0.0342067369601	-0.0841547768259	0.0173932363303	-0.0441683495668	0.017590503832	-0.0419208001036	0.0108150215827	-0.021270120115	-0.0836113600145	0.0754245860986	-0.056733639259	0.0739640203441	0.0380527734991	-0.00637556791035	0.00229408656727	-0.0469149485522	0.0946649229104	0.0819302492507	0.0787739406769	0.0684714774943	-0.0279755542994	0.0196921083568	0.0152946233106
k__Bacteria;p__Bacteroidetes;c__Bacteroidia;o__Bacteroidales;f__Bacteroidaceae;g__Bacteroides;s__Bacteroides_plebeius	-0.00547948936455	0.0277598892249	0.0562308818632	-0.0328902055986	-0.0279060745215	0.0356413900431	0.0175501141056	0.0361595919849	-0.0604735813577	-0.111061745941	0.052542394509	-0.00186030537983	-0.0159525549283	-0.00713395660715	-0.0565588434231	1.0	0.0437261084546	-0.0504070285588	-0.0450136203134	0.0385092223304	-0.14756707724	0.00168689903365	-0.00113419111117	-0.0845694085594	-0.0711155977224	-0.00443163215238	0.000618681657551	-0.0147523636772	0.0183664850971	-0.0154111639552	-0.0480540039982	-0.0511737257683	0.0431754635041	0.0313156187896	-0.0643124789829	0.00297046346015	-0.0528241581408	-0.0113407408553	-0.0632446433487	-0.0431542486756	-0.0485043573394	-0.0521777247831	0.0649393996366	0.0294617415184	0.00274200140632	-0.0258147988196	-0.0304921354781	-0.0276784719072	-0.0604142180517	-0.0702380713263	0.0229079433563	-0.07932756097	0.0406172030975	-0.0576397115976	-0.0404588618525	-0.0170046810795	-0.0797058996423	-0.0257117092488	0.00655674280074
k__Bacteria;p__Bacteroidetes;c__Bacteroidia;o__Bacteroidales;f__Bacteroidaceae;g__Bacteroides;s__Bacteroides_fragilis	-0.107435789516	-0.0115592529016	-0.0296730115463	0.0113183675208	0.00755169924882	0.049819750834	-0.0366967635962	0.0744190474649	-0.0322589781841	-0.0644064351801	0.0165558791708	-0.0142490648913	0.0430615732759	-0.0491819044628	-0.107077001151	0.0437261084546	1.0	-0.0963384052307	-0.0211611923387	-0.0537316601553	-0.0389658044861	-0.0751533653165	0.0659252901419	-0.0218765774001	0.0438453876209	0.0768814870889	0.0287370823071	-0.0178010597675	0.0168812769233	-0.0317887992337	-0.00981876815509	0.0228018095511	-0.0234152725438	-0.0115868000777	-0.0587425183164	-0.0356078948687	-0.0117934910824	0.108375822289	0.0444763841095	0.083689952344	-0.0391805109015	0.0140453787913	-0.0476717942193	0.0206951300504	-0.0124888078947	0.005298523106	0.0831527147435	-0.0791104641498	-0.0328936239443	-0.0476709819761	0.0485292879337	-0.0507662509607	0.00303993589566	-0.0361022638433	-0.0300427929945	-0.0466528842208	-0.063332976746	-0.0390770665063	-0.0747864509021
k__Bacteria;p__Proteobacteria;c__Betaproteobacteria;o__Burkholderiales;f__Sutterellaceae;g__Sutterella;s__Sutterella_wadsworthensis	-0.0557607210061	0.0343500737737	0.0317101107429	-0.105688884137	-0.00393553108942	-0.0215593014315	0.0512164760676	-0.0430399344406	-0.00355153090495	0.000290567961267	0.00783042434001	0.0739218177945	-0.064235452052	0.0411459311398	0.0362067945878	-0.0504070285588	-0.0963384052307	1.0	-0.0183922489838	0.0629374167152	0.00131972344033	-0.0496095536554	0.028822183526	0.0166855479467	0.0292690833464	-0.00837737733851	0.0360167072074	0.0037241126551	-0.0083022748013	0.0407567766743	0.0531037900453	-0.0184683783354	-0.131704948964	-0.0249985805008	-0.112648916362	0.0225042234361	-0.0505488963684	-0.075886425919	0.00422079738033	-0.0142078067248	-0.0242442397768	-0.000815915175501	0.032351701988	0.0175314171828	0.0100227312479	0.0647597137253	-0.0438595818382	0.0676279313707	-0.0753048164959	-0.0233721753977	0.0135634932889	0.00189277890674	0.00791038233775	-0.0530138193682	-0.0219821610573	0.0291958970721	-0.0451229431377	-0.0223057970604	-0.121873172199
k__Bacteria;p__Bacteroidetes;c__Bacteroidia;o__Bacteroidales;f__Porphyromonadaceae;g__Barnesiella;s__Barnesiella_intestinihominis	-0.0233248668813	-0.0736186701043	0.0358402145434	-0.00420912205422	-0.0604953643434	-0.0225004379849	0.011218984336	0.00807920975598	0.0463230459581	-0.0527140274257	-0.00865198958685	-0.131111782132	-0.0246420345948	0.0105559450982	0.0533179192266	-0.0450136203134	-0.0211611923387	-0.0183922489838	1.0	0.023217449489	-0.0438743412393	-0.00087875318997	0.017999604948	-0.0734865307621	0.0197285000113	0.0108577790202	0.0242687912135	-0.0810341123806	0.0264457127887	-0.0254806219074	-0.0879648821647	0.0192940211575	-0.0282700694756	0.0165631511213	-0.0403829032574	-0.0392571573445	0.039855988041	-0.020556278934	-0.0576087459299	-0.00985245987764	-0.037699527512	-0.00512362333038	0.020611250862	-0.0421871912855	-0.0412021617216	0.0568722181116	0.00300369727916	-0.0393807090423	-0.0215385994136	0.0304906699424	-0.026426814495	-0.0515034617875	0.0214457526127	0.0263077152156	0.0400790389482	-0.0372965169379	-0.00729318548272	0.00429000085212	-0.0265309667462
k__Bacteria;p__Bacteroidetes;c__Bacteroidia;o__Bacteroidales;f__Odoribacteraceae;g__Odoribacter;s__Odoribacter_splanchnicus	0.0328416574373	-0.0842005084584	0.0315896600655	-0.030611650155	-0.0256264523665	0.028287801788	-0.0182443555051	0.0463212178928	-0.0191763649349	0.0255016425879	0.0155466010421	-0.0357549993634	0.013324291355	-0.0618929625184	-0.127369003919	0.0385092223304	-0.0537316601553	0.0629374167152	0.023217449489	1.0	0.0358308164486	0.0129711363051	0.0467290905672	0.0648452535437	-0.0415809624061	-0.0826309095842	0.0347644670531	-0.0180805124131	0.0207880361402	-0.0738670786953	-0.0178050658067	0.0157456569887	0.0257322639441	0.0620149957817	0.00633513704768	0.0259776686738	0.101778143882	0.0259260135736	-0.000286637689614	-0.0280773753966	-0.0792914757359	0.0205389599776	-0.0140958030562	-0.0417276903292	-0.000693657139073	-0.00850746350753	-0.106197512479	0.0424080759291	-0.04147329762	0.0272969940284	-0.0454518541986	-0.00118211105446	-0.0671257384893	0.0571850125378	-0.0611591878386	-0.0595019894994	0.0122950165728	0.020913261072	-0.0560710600006
k__Bacteria;p__Bacteroidetes;c__Bacteroidia;o__Bacteroidales;f__Bacteroidaceae;g__Bacteroides;s__Bacteroides_salyersiae	0.0177652219888	-0.0285425367437	-0.0110962208782	0.0217383076777	0.0749497097653	-0.0470397262752	0.0447666401403	-0.0180508413411	0.0122034794157	-0.00986018480242	0.0303604751913	-0.0563825133551	0.0124060625266	-0.0343546454344	-0.0493693751551	-0.14756707724	-0.0389658044861	0.00131972344033	-0.0438743412393	0.0358308164486	1.0	0.0245913882676	-0.0512183984849	-0.0189574567486	0.0332745785883	0.0398032743578	-0.0642785162889	-0.0249576081943	0.0890882412358	-0.031283788847	0.0312860606406	0.0325704315994	0.0279875751408	-0.0656106618406	0.00539867615931	-0.0343232439945	-0.0587314624772	-0.0201617376161	0.0668732340488	0.00590981279881	0.0750737204251	0.0053417804813	0.00262627578531	0.00972036277054	-0.0985186664426	-0.0102332858011	-0.0146260457163	-0.0968213113337	-0.018335139179	0.00981367621636	-0.0318838897693	-0.000533488329893	-0.00858838596492	-0.0743865508342	-0.059974933352	-0.0648982848436	0.0308035508504	-0.00706375326988	-0.00376199299199
k__Bacteria;p__Firmicutes;c__Clostridia;o__Clostridiales;f__Ruminococcaceae;g__Ruminiclostridium;s__[Eubacterium]_siraeum	-0.0998913310784	-0.0366699980969	-0.0597675355256	0.012652411778	0.00492459708595	-0.0246363719585	0.0534033040624	-0.102082300016	0.0570676677806	-0.0417375609551	-0.0384838040035	-0.0101578385184	-0.0435957342701	-0.0244452962723	-0.0323863114749	0.00168689903365	-0.0751533653165	-0.0496095536554	-0.00087875318997	0.0129711363051	0.0245913882676	1.0	0.0336811661672	0.0215433923733	-0.0259483574012	-0.0314303371559	-0.0478530715115	0.0756153080829	-0.026840907912	-0.00101210906892	-0.0644137882173	0.0538980900553	0.00407914715871	0.0749857078279	-0.0220057754634	-0.0647807449848	0.0394459880457	-0.0908027659848	-0.0689247036035	0.0229315752596	-0.0328984374048	-0.0780445645416	-0.0513739774064	0.02461968948	-0.0109066519817	0.0232448932108	-0.106621768654	-0.0154030740554	-0.0393458783633	0.0502283029842	-0.0266788379183	0.00243112154867	-0.043599948284	-0.0173353890251	-0.0411453654373	0.0684068466666	0.0641753265879	-0.0111716402419	0.00239190206116
k__Bacteria;p__Proteobacteria;c__Betaproteobacteria;o__Burkholderiales;f__Sutterellaceae;g__Parasutterella;s__Parasutterella_excrementihominis	0.0233872723886	-0.0797392375485	-0.0154076580833	0.0144748313375	0.0101939783874	0.0134304431634	0.0406531283247	-0.0989090724208	-0.0451819317035	-0.0210054766334	0.0216259460824	0.00578995713161	-0.0787681212496	0.00463106397644	-0.0135735730723	-0.00113419111117	0.0659252901419	0.028822183526	0.017999604948	0.0467290905672	-0.0512183984849	0.0336811661672	1.0	-0.0891319546829	-0.0629278974442	0.0302780767654	-0.0281948889213	0.0259306684164	0.0394386061868	-0.0016461719141	0.0319613190115	-0.0104500264737	-0.00424970622168	0.0314277545817	-0.0434537137911	-0.0413755660385	0.0295229301381	-0.0264765477032	-0.0662237366331	0.0442940020613	-0.0159923381693	-0.0120008874773	-0.0307857310441	-0.0559065329133	0.0104144908087	-0.012672740507	-0.010622753388	-0.10701366415	-0.0072533876661	-0.00321830092484	-0.0577024376412	0.0423359786605	-0.0572156753704	-0.0366250333726	-0.0408912053657	0.00176509118016	-0.0302492193039	0.0635342016543	-0.0533314288193
k__Bacteria;p__Actinobacteria;c__Actinobacteria;o__Bifidobacteriales;f__Bifidobacteriaceae;g__Bifidobacterium;s__Bifidobacterium_adolescentis	-0.0181700002113	-0.0178196290062	-0.0584056568508	0.0320438820662	0.0703100801885	-0.0879532656441	-0.0404858640498	-0.0586849537812	-0.051577349868	-0.0170377444321	-0.0242286684057	-0.0263534533705	0.0147465349359	0.000301437259331	0.0157060471169	-0.0845694085594	-0.0218765774001	0.0166855479467	-0.0734865307621	0.0648452535437	-0.0189574567486	0.0215433923733	-0.0891319546829	1.0	-0.0428129166833	0.00285219242421	-0.0410990921344	-0.0213722088833	0.0262837812441	0.0181552698532	-0.0489595079492	0.0175933482261	-0.0443113257982	0.0466846013945	0.0245968604065	-0.00490550667895	0.0558435687726	-0.0899380801686	0.05094382152	-0.00571267296926	-0.0621757974501	-0.0455448207056	0.0708798837101	0.0198340485074	0.0170380812583	0.0614737944544	-0.00717348507248	-0.0427042053012	0.0252353171173	0.0574839169302	0.00880318407357	-0.0386283662787	-0.0484014300449	0.0193749566285	-0.00573049611806	-0.00799142911995	-0.0217236744867	0.0152924418459	-0.00858720279146
k__Bacteria;p__Firmicutes;c__Clostridia;o__Clostridiales;f__Oscillospiraceae;g__Oscillibacter;s__Oscillibacter_sp._KLE_1745	0.00185257733423	-0.0130950052765	-0.0120088094644	0.0297458644408	0.0124586031772	0.015516706864	-0.0289229415408	0.0741149113576	0.117380044849	0.0220419154061	0.0172971886219	-0.0260723129735	-0.0323057303204	-0.0360537155395	0.0154742416172	-0.0711155977224	0.0438453876209	0.0292690833464	0.0197285000113	-0.0415809624061	0.0332745785883	-0.0259483574012	-0.0629278974442	-0.0428129166833	1.0	-0.0299183910613	-0.032646880438	-0.0237939427644	0.0232579297014	0.0178101513055	-0.0319708257968	0.0541786286765	0.0739658541916	-0.0494115109091	0.00101193646254	-0.0510142303419	-0.0204244611952	0.0022824750197	-0.0277641905735	0.0279146423571	0.00334892321043	0.082538147317	-0.0370281299328	-0.0193026622446	-0.0737830402285	-0.0383016863864	0.0525344904947	0.0314996747822	0.0631159917804	-0.0514388504465	-0.031975262271	-0.0884307978486	-0.0344496865149	0.0355117296494	-0.051917077428	0.0251278439726	0.0230417125026	-0.075617707862	0.0117408174844
k__Bacteria;p__Bacteroidetes;c__Bacteroidia;o__Bacteroidales;f__Bacteroidaceae;g__Bacteroides;s__Bacteroides_coprophilus	0.0294771894964	-0.0244868508864	0.0253554046648	-0.0058763655793	-0.0205277315235	-0.046349312411	0.00229647899939	0.054871767078	-0.030584463794	-0.0739710418337	0.0762128547897	-0.0326497194425	-0.00254894027647	0.0586784558833	-0.0932875656121	-0.00443163215238	0.0768814870889	-0.00837737733851	0.0108577790202	-0.0826309095842	0.0398032743578	-0.0314303371559	0.0302780767654	0.00285219242421	-0.0299183910613	1.0	0.0224357763193	-0.0303264805382	-0.0241783813645	-0.0153625754567	0.0693512528601	-0.0313442119034	-0.0671498415067	0.0315672602693	0.0118672685735	-0.0475272710245	-0.0810561425502	-0.0136969889811	-0.0274645976505	0.0611518698106	-0.0256790237355	-0.0195441377075	-0.0435201056394	-0.00592878577923	-0.0203198128155	0.0134737587114	0.0266581183499	-0.00982848213706	0.00832186568475	-0.024656423893	0.0482087795563	-0.0670348801295	-0.0210756498085	-0.0687239809532	-0.0413017756116	-0.0597118748246	-0.0763835145104	0.0786815803098	0.0307773648751
k__Bacteria;p__Firmicutes;c__Clostridia;o__Clostridiales;f__Lachnospiraceae;g__Roseburia;s__Roseburia_intestinalis	-0.0183622979296	0.0514784441553	0.012960138603	-0.114358475129	0.0452782044532	-0.00676129647857	-0.00666818228259	-0.0149822977148	0.0177198437432	-0.111349195632	0.0558156481616	0.0412793254255	0.0188120506985	0.0434710438918	0.0110011720484	0.000618681657551	0.0287370823071	0.0360167072074	0.0242687912135	0.0347644670531	-0.0642785162889	-0.0478530715115	-0.0281948889213	-0.0410990921344	-0.032646880438	0.0224357763193	1.0	0.0145427275779	-0.00574570888179	-0.0433352724677	0.00460636497564	-0.0193444758684	-0.0309063354654	0.00798325604919	0.0179976203448	0.000244234208892	-0.0210880323675	0.0286259657376	-0.0368943979161	0.0240292389594	-0.0760747079606	-0.040680678424	-0.0736188347925	0.0549884743169	-0.032913702201	0.00831561062679	-0.0490514800416	0.0145870644574	-0.0959435616697	0.0106906059142	-0.0712767563832	0.0645561230235	0.0439732485388	-0.0698186344252	0.0327643891228	-0.0894312927887	-0.0393082857587	0.00091729311512	-0.0234854019527
k__Bacteria;p__Firmicutes;c__Clostridia;o__Clostridiales;f__Lachnospiraceae;g__Roseburia;s__Roseburia_hominis	-0.035863205083	-0.0411276821046	0.0490274073474	-0.0223980746338	0.0097464496858	-0.0725794554341	-0.00981094143012	0.00605502556232	-0.0648515479659	0.0416982554855	0.0174709049636	0.0169547417716	0.0390864622374	0.00863620051596	0.00552830502365	-0.0147523636772	-0.0178010597675	0.0037241126551	-0.0810341123806	-0.0180805124131	-0.0249576081943	0.0756153080829	0.0259306684164	-0.0213722088833	-0.0237939427644	-0.0303264805382	0.0145427275779	1.0	0.00318516904029	-0.0304639212365	-0.0194254052743	0.0174237731471	-0.040969254906	0.00370534621449	-0.033164513845	0.0068771809612	-0.0228795160216	-0.0167074666311	-0.00692648982796	-0.0385658946983	0.0349380351235	0.0494375748358	-0.0925254056948	-0.0535396325735	-0.0101522505505	-0.0617080778515	-0.0593223467947	0.0731320088466	-0.0203480407385	0.00490607663996	-0.0200484436701	0.0242566083608	-0.0403162161299	-0.0848056878936	-0.0309555304009	0.041136797493	-0.0810136962496	-0.0267367890801	-0.0464697106265
k__Bacteria;p__Bacteroidetes;c__Bacteroidia;o__Bacteroidales;f__Porphyromonadaceae;g__Parabacteroides;s__Parabacteroides_johnsonii	0.0236199794072	-0.0202811484841	0.0510077835092	-0.0380842577783	-0.00294704913827	0.0376071248599	-0.0254630875474	-0.0240208184142	-0.0900238562474	0.0739645520303	0.0125839372352	-0.000898820256496	-0.0849603293337	-0.00432960329363	0.0458935726723	0.0183664850971	0.0168812769233	-0.0083022748013	0.0264457127887	0.0207880361402	0.0890882412358	-0.026840907912	0.0394386061868	0.0262837812441	0.0232579297014	-0.0241783813645	-0.00574570888179	0.00318516904029	1.0	-0.0354856674804	-0.0281450903417	-0.0453081125237	-0.0142769850984	0.0540131765299	-0.125881390988	-0.0309506379254	0.0035853268386	-0.0137173210066	-0.115702025995	-0.0711172236331	-0.0112073864977	-0.0768379125823	-0.0499487217594	0.0325327910871	0.0311951759244	-0.0433369649174	1.77458217709e-05	-0.0264260619339	0.0480443609998	-0.080598179361	-0.0207287003385	-0.0814536093745	0.0321251545089	0.0421241869484	-0.0183508379407	-0.0380004195578	-0.0273951342768	-0.007494586973	0.0576006351835
k__Bacteria;p__Actinobacteria;c__Actinobacteria;o__Bifidobacteriales;f__Bifidobacteriaceae;g__Bifidobacterium;s__Bifidobacterium_longum	0.0295868930427	-0.0553125418101	0.00759049965906	-0.016526904696	0.0069744302544	-0.0440961291109	-0.01401837376	0.0646844858617	0.0470952425626	0.0197221467514	0.00986852236239	0.0138403030876	0.0356517847054	0.0115537193265	0.0196394278579	-0.0154111639552	-0.0317887992337	0.0407567766743	-0.0254806219074	-0.0738670786953	-0.031283788847	-0.00101210906892	-0.0016461719141	0.0181552698532	0.0178101513055	-0.0153625754567	-0.0433352724677	-0.0304639212365	-0.0354856674804	1.0	0.0465200708421	-0.115243713596	-0.0215926917072	-0.0116288809296	-0.0548863623074	-0.043072589451	-0.0726152708934	-0.00474673639066	-0.0594366075641	-0.00101394062338	0.0113162700721	0.0394944287567	-0.0427619730484	0.00536618120345	-0.0302734389253	-0.0146340451619	-0.0212657319982	0.117113471124	0.0137379085098	-0.0232029506636	0.0564386840536	-0.0368200388426	-0.00647088714455	-0.0307427229511	-0.0293083440968	-0.0544431058601	0.0367213370116	-0.00976260445024	-0.0521627922861
