#taxonomy	k__Bacteria;p__Bacteroidetes;c__Bacteroidia;o__Bacteroidales;f__Bacteroidaceae;g__Bacteroides;s__Bacteroides_vulgatus	k__Bacteria;p__Bacteroidetes;c__Bacteroidia;o__Bacteroidales;f__Bacteroidaceae;g__Bacteroides;s__Bacteroides_uniformis	k__Bacteria;p__Bacteroidetes;c__Bacteroidia;o__Bacteroidales;f__Rikenellaceae;g__Alistipes;s__Alistipes_putredinis	k__Bacteria;p__Bacteroidetes;c__Bacteroidia;o__Bacteroidales;f__Prevotellaceae;g__Prevotella;s__Prevotella_copri	k__Bacteria;p__Bacteroidetes;c__Bacteroidia;o__Bacteroidales;f__Bacteroidaceae;g__Bacteroides;s__Bacteroides_stercoris	k__Bacteria;p__Bacteroidetes;c__Bacteroidia;o__Bacteroidales;f__Bacteroidaceae;g__Bacteroides;s__Bacteroides_ovatus	k__Bacteria;p__Bacteroidetes;c__Bacteroidia;o__Bacteroidales;f__Rikenellaceae;g__Alistipes;s__Alistipes_shahii	k__Bacteria;p__Firmicutes;c__Clostridia;o__Clostridiales;f__Ruminococcaceae;g__Faecalibacterium;s__Faecalibacterium_prausnitzii	k__Bacteria;p__Bacteroidetes;c__Bacteroidia;o__Bacteroidales;f__Rikenellaceae;g__Alistipes;s__Alistipes_finegoldii	k__Bacteria;p__Bacteroidetes;c__Bacteroidia;o__Bacteroidales;f__Porphyromonadaceae;g__Parabacteroides;s__Parabacteroides_distasonis	k__Bacteria;p__Bacteroidetes;c__Bacteroidia;o__Bacteroidales;f__Bacteroidaceae;g__Bacteroides;s__Bacteroides_thetaiotaomicron	k__Bacteria;p__Bacteroidetes;c__Bacteroidia;o__Bacteroidales;f__Bacteroidaceae;g__Bacteroides;s__Bacteroides_coprocola	k__Bacteria;p__Bacteroidetes;c__Bacteroidia;o__Bacteroidales;f__Bacteroidaceae;g__Bacteroides;s__Bacteroides_cellulosilyticus	k__Bacteria;p__Bacteroidetes;c__Bacteroidia;o__Bacteroidales;f__Rikenellaceae;g__Alistipes;s__Alistipes_obesi	k__Bacteria;p__Firmicutes;c__Clostridia;o__Clostridiales;f__Lachnospiraceae;g__;s__[Eubacterium]_rectale	k__Bacteria;p__Bacteroidetes;c__Bacteroidia;o__Bacteroidales;f__Bacteroidaceae;g__Bacteroides;s__Bacteroides_plebeius	k__Bacteria;p__Bacteroidetes;c__Bacteroidia;o__Bacteroidales;f__Bacteroidaceae;g__Bacteroides;s__Bacteroides_fragilis	k__Bacteria;p__Proteobacteria;c__Betaproteobacteria;o__Burkholderiales;f__Sutterellaceae;g__Sutterella;s__Sutterella_wadsworthensis	k__Bacteria;p__Bacteroidetes;c__Bacteroidia;o__Bacteroidales;f__Porphyromonadaceae;g__Barnesiella;s__Barnesiella_intestinihominis	k__Bacteria;p__Bacteroidetes;c__Bacteroidia;o__Bacteroidales;f__Odoribacteraceae;g__Odoribacter;s__Odoribacter_splanchnicus	k__Bacteria;p__Bacteroidetes;c__Bacteroidia;o__Bacteroidales;f__Bacteroidaceae;g__Bacteroides;s__Bacteroides_salyersiae	k__Bacteria;p__Firmicutes;c__Clostridia;o__Clostridiales;f__Ruminococcaceae;g__Ruminiclostridium;s__[Eubacterium]_siraeum	k__Bacteria;p__Proteobacteria;c__Betaproteobacteria;o__Burkholderiales;f__Sutterellaceae;g__Parasutterella;s__Parasutterella_excrementihominis	k__Bacteria;p__Actinobacteria;c__Actinobacteria;o__Bifidobacteriales;f__Bifidobacteriaceae;g__Bifidobacterium;s__Bifidobacterium_adolescentis	k__Bacteria;p__Firmicutes;c__Clostridia;o__Clostridiales;f__Oscillospiraceae;g__Oscillibacter;s__Oscillibacter_sp._KLE_1745	k__Bacteria;p__Bacteroidetes;c__Bacteroidia;o__Bacteroidales;f__Bacteroidaceae;g__Bacteroides;s__Bacteroides_coprophilus	k__Bacteria;p__Firmicutes;c__Clostridia;o__Clostridiales;f__Lachnospiraceae;g__Roseburia;s__Roseburia_intestinalis	k__Bacteria;p__Firmicutes;c__Clostridia;o__Clostridiales;f__Lachnospiraceae;g__Roseburia;s__Roseburia_hominis	k__Bacteria;p__Bacteroidetes;c__Bacteroidia;o__Bacteroidales;f__Porphyromonadaceae;g__Parabacteroides;s__Parabacteroides_johnsonii	k__Bacteria;p__Actinobacteria;c__Actinobacteria;o__Bifidobacteriales;f__Bifidobacteriaceae;g__Bifidobacterium;s__Bifidobacterium_longum	k__Bacteria;p__Firmicutes;c__Clostridia;o__Clostridiales;f__;g__Flavonifractor;s__Flavonifractor_plautii	k__Bacteria;p__Firmicutes;c__Clostridia;o__Clostridiales;f__Clostridiaceae;g__Clostridium;s__Clostridium_phoceensis	k__Bacteria;p__Verrucomicrobia;c__Verrucomicrobiae;o__Verrucomicrobiales;f__Akkermansiaceae;g__Akkermansia;s__Akkermansia_muciniphila	k__Bacteria;p__Bacteroidetes;c__Bacteroidia;o__Bacteroidales;f__Prevotellaceae;g__Paraprevotella;s__Paraprevotella_xylaniphila	k__Bacteria;p__Firmicutes;c__Clostridia;o__Clostridiales;f__Ruminococcaceae;g__Ruminococcus;s__Ruminococcus_callidus	k__Bacteria;p__Bacteroidetes;c__Bacteroidia;o__Bacteroidales;f__Rikenellaceae;g__Alistipes;s__Alistipes_senegalensis	k__Bacteria;p__Firmicutes;c__Clostridia;o__Clostridiales;f__Lachnospiraceae;g__Blautia;s__Blautia_sp._KLE_1732	k__Bacteria;p__Bacteroidetes;c__Bacteroidia;o__Bacteroidales;f__Bacteroidaceae;g__Bacteroides;s__Bacteroides_oleiciplenus	k__Bacteria;p__Firmicutes;c__Clostridia;o__Clostridiales;f__Ruminococcaceae;g__Ruminococcus;s__Ruminococcus_bicirculans	k__Bacteria;p__Bacteroidetes;c__Bacteroidia;o__Bacteroidales;f__Bacteroidaceae;g__Bacteroides;s__Bacteroides_fluxus	k__Bacteria;p__Bacteroidetes;c__Bacteroidia;o__Bacteroidales;f__Prevotellaceae;g__Prevotella;s__Prevotella_stercorea	k__Bacteria;p__Firmicutes;c__Clostridia;o__Clostridiales;f__Lachnospiraceae;g__Dorea;s__Dorea_longicatena	k__Bacteria;p__Firmicutes;c__Clostridia;o__Clostridiales;f__Eubacteriaceae;g__Eubacterium;s__[Eubacterium]_eligens	k__Bacteria;p__Firmicutes;c__Clostridia;o__Clostridiales;f__Ruminococcaceae;g__;s__Ruminococcaceae_bacterium_D16	k__Bacteria;p__Firmicutes;c__Clostridia;o__Clostridiales;f__Lachnospiraceae;g__Coprococcus;s__Coprococcus_comes	k__Bacteria;p__Proteobacteria;c__Gammaproteobacteria;o__Enterobacterales;f__Enterobacteriaceae;g__Escherichia;s__Escherichia_coli	k__Bacteria;p__Firmicutes;c__Clostridia;o__Clostridiales;f__Ruminococcaceae;g__Anaerotruncus;s__Anaerotruncus_colihominis	k__Bacteria;p__Firmicutes;c__Clostridia;o__Clostridiales;f__Lachnospiraceae;g__Blautia;s__Blautia_obeum	k__Bacteria;p__Bacteroidetes;c__Bacteroidia;o__Bacteroidales;f__Odoribacteraceae;g__Odoribacter;s__Odoribacter_laneus	k__Bacteria;p__Firmicutes;c__Clostridia;o__Clostridiales;f__Ruminococcaceae;g__Ruminiclostridium;s__[Clostridium]_leptum	k__Bacteria;p__Bacteroidetes;c__Bacteroidia;o__Bacteroidales;f__Porphyromonadaceae;g__Parabacteroides;s__Parabacteroides_goldsteinii	k__Bacteria;p__Firmicutes;c__Clostridia;o__Clostridiales;f__Lachnospiraceae;g__Anaerostipes;s__Anaerostipes_hadrus	k__Bacteria;p__Firmicutes;c__Clostridia;o__Clostridiales;f__Ruminococcaceae;g__Ruminococcus;s__Ruminococcus_lactaris	k__Bacteria;p__Firmicutes;c__Clostridia;o__Clostridiales;f__Clostridiaceae;g__Clostridium;s__Clostridium_sp._L2-50	k__Bacteria;p__Firmicutes;c__Clostridia;o__Clostridiales;f__Clostridiaceae;g__Clostridium;s__Clostridium_sp._M62/1	k__Bacteria;p__Firmicutes;c__Clostridia;o__Clostridiales;f__;g__Intestinimonas;s__Intestinimonas_butyriciproducens	k__Bacteria;p__Actinobacteria;c__Actinobacteria;o__Bifidobacteriales;f__Bifidobacteriaceae;g__Bifidobacterium;s__Bifidobacterium_bifidum	k__Bacteria;p__Firmicutes;c__Negativicutes;o__Veillonellales;f__Veillonellaceae;g__Dialister;s__Dialister_invisus	k__Bacteria;p__Bacteroidetes;c__Bacteroidia;o__Bacteroidales;f__Bacteroidaceae;g__Bacteroides;s__Bacteroides_salanitronis
k__Bacteria;p__Bacteroidetes;c__Bacteroidia;o__Bacteroidales;f__Bacteroidaceae;g__Bacteroides;s__Bacteroides_vulgatus	1.0	0.0234415454151	-0.0664644066789	0.0373711628682	-0.00945685292404	-0.0216594223525	0.0237138614655	-0.0827159640993	-0.0177462986335	0.0498880520498	-0.0468181830024	-0.0320721090746	-0.0657876025824	0.0021274561558	0.0211528881072	0.0553833601451	-0.0648259556828	-0.0203361614495	-0.0940311119174	-0.130676735933	-0.104559207743	0.0476358260345	-0.0873964080285	0.100741179965	-0.0101098451358	0.00986071285928	-0.0955489601908	0.00986138459091	-0.0431259906433	-0.0728129918972	0.00131022335764	-0.0316126196244	0.000328239214243	0.0169923116451	-0.0460047447107	-0.0135660211894	-0.0429032094008	-0.00359598109788	0.0688236861076	0.00713581124909	-0.00905822738376	-0.0197394600168	0.0445316888664	0.0378092096645	0.00963752290239	-0.0555450772042	0.0320166047975	-0.00102560781906	-0.00281346650112	-0.00669989704558	0.00986197498292	0.0650469610002	-0.0481024289072	-0.0729285086888	-0.041035080429	-0.0268948478419	-0.0706030511082	-0.00334012569248	0.0591633222823
k__Bacteria;p__Bacteroidetes;c__Bacteroidia;o__Bacteroidales;f__Bacteroidaceae;g__Bacteroides;s__Bacteroides_uniformis	0.0234415454151	1.0	-0.0393346089896	-0.097231478985	0.022147825421	-0.00908362979515	0.0376033986169	-0.0131916569104	0.0121541612748	0.0393926258639	0.00547623624387	0.018336440206	-0.0408293889331	0.0443869519791	-0.0473686350937	2.40363258173e-05	0.0470657317787	0.0493097022599	0.0461198046996	0.0281307136349	-0.0409641551939	0.0051231852308	-0.027262915349	0.0102889706136	-0.0656827783618	0.0101138260619	0.0317518674169	-0.0578866340048	-0.11820768461	-0.0665510363999	0.0397526744283	-0.00714767335154	-0.0577038956685	-0.0190189129178	-0.0125827673443	0.0202570186462	-0.0168171564609	0.00758558651718	-0.00191972179362	-0.0169779514069	0.0573386519231	-0.0217811661147	-0.0802981988592	0.00303996589982	-0.0528126280281	0.0187029600802	0.0242463541113	-0.0721587351582	-0.00171225148598	-0.0573344327448	-0.0632671172366	-0.0166753187203	-0.0602804845339	0.00839858777304	0.0082635180906	-0.0482880804233	-0.0148741111379	-0.0415773963655	0.0290673391116
k__Bacteria;p__Bacteroidetes;c__Bacteroidia;o__Bacteroidales;f__Rikenellaceae;g__Alistipes;s__Alistipes_putredinis	-0.0664644066789	-0.0393346089896	1.0	-0.0521200280279	-0.0274363336317	-0.0375020483887	-0.0598132817363	-0.00972688164963	0.00372086542777	0.000632036098844	0.0269766766246	-0.065565154411	-0.036484543418	-0.0358958241332	0.066312776997	0.0141345540734	0.00681209658995	0.00271707100062	0.00189001815229	-0.0664697448542	-0.032427530519	-0.0613989217294	0.00423933746894	-0.0875723496258	-0.0354679931635	-0.0793537570488	0.0620263368333	-0.0114685364779	-0.0603561325805	-0.0421801346755	-0.0125282845368	-0.0526845285117	0.0134425741965	-0.000953078481395	-0.0398031870639	-0.0719977262243	-0.0406387053316	-0.0297146874335	0.0108106267157	0.0186657960656	0.00802076158842	0.0340841268354	-0.0229613327505	-0.00946058102763	0.0125149101996	-0.0531972054623	-0.0147254172831	-0.0735225139444	-0.0189052562667	0.0223989329862	0.0309520039863	0.081256168821	0.021289391266	0.0194828390226	-0.0393527821613	-0.0248890412228	-0.0323290148364	-0.0311742190364	0.048136906832
k__Bacteria;p__Bacteroidetes;c__Bacteroidia;o__Bacteroidales;f__Prevotellaceae;g__Prevotella;s__Prevotella_copri	0.0373711628682	-0.097231478985	-0.0521200280279	1.0	-0.00834998893367	0.0356423329596	0.0499177670449	-0.0341377832647	-0.0243308640472	-0.0460532187293	-0.0197290958358	0.0372638230411	-0.114375850833	-0.0138387759412	-0.0477775216407	-0.0404912412855	-0.0451873786241	-0.0649350219337	-0.0283800086062	-0.06453070186	0.0489733196575	-0.0621031066021	0.0386198189073	-0.10447781351	0.0212831952502	-0.00626343380327	-0.0243904480054	0.00549654910657	-0.00800412351196	-0.039171648484	-0.0340185886083	0.00831116489073	0.0367058468151	0.0366291131407	-0.0506044011766	-0.000297379733973	-0.0148477864201	0.00671044720014	0.00916235049631	-0.0718588494513	0.0325286508629	0.0442463709383	-0.0144486053769	0.0138741112236	0.0848715004403	-0.0865948598121	-0.0175089305741	0.00981486491159	-0.0547981342102	-0.0395256967802	0.0309042919614	0.00225562813848	-0.00276024690272	0.0319818558019	0.0681659323225	-0.025853075098	-0.0109532508204	-0.0174332135403	0.0942653817373
k__Bacteria;p__Bacteroidetes;c__Bacteroidia;o__Bacteroidales;f__Bacteroidaceae;g__Bacteroides;s__Bacteroides_stercoris	-0.00945685292404	0.022147825421	-0.0274363336317	-0.00834998893367	1.0	-0.0317386508191	-0.0573414159874	-0.0994815915713	-0.022360240005	-0.022214245237	0.0032593697864	-0.00662168861638	-0.0560293145778	0.0210758766392	-0.0222846279706	-0.0301128025961	0.0621080263776	-0.0385245273161	-0.0123813073512	0.00701155876438	0.0499606185455	0.0405426622782	0.0525706445684	-0.0183593120465	-0.0581942363071	0.104445176959	0.0358524541315	-0.0360647211464	-0.0717057677985	0.0295967494632	-0.036735238349	0.00109354860556	0.0266957277137	-0.0342417837649	-0.0428143481086	0.0415552147874	0.0648372262806	-0.0575706922324	-0.0897956332088	-0.0189548415691	-0.0416766852542	-0.0274233303578	0.0849700280491	-0.0238109559701	-0.012520337183	-0.0718768545393	0.037653935634	-0.0194759847149	-0.00892373631886	-0.0572430945865	-0.0630075150019	0.0632580152711	0.0808699415918	0.0152440905992	-0.0518527302195	0.0454954909667	0.0264243445055	-0.0466993293451	-0.0785612306958
k__Bacteria;p__Bacteroidetes;c__Bacteroidia;o__Bacteroidales;f__Bacteroidaceae;g__Bacteroides;s__Bacteroides_ovatus	-0.0216594223525	-0.00908362979515	-0.0375020483887	0.0356423329596	-0.0317386508191	1.0	-0.0395534887027	0.047468577676	-0.0551974874217	-0.080431219984	-0.0410560196199	0.0620724198018	-0.0441076373333	-0.0394894324754	-0.0209472992196	-0.0402915664036	0.00973266828155	0.00847220810237	0.0200035948152	-0.0874756894239	-0.0573234050994	0.00912532049923	0.0608607591656	-0.0301938832867	-0.00836157868891	0.0594315216162	-0.0856292802491	-0.0575306699054	0.0509030057781	-0.0308697890527	-0.0163366087488	-0.0364862332607	0.0136951122793	-0.0398009728277	0.0178165083439	0.0145588841724	0.004095213023	0.00771443197426	-0.0363300295617	0.0647487229276	0.0765723171511	-0.0508894748207	-0.0188618858407	-0.088798794797	-0.0521330479326	-0.0253104945055	0.0145117284469	-0.0555169160482	0.0525562769654	-0.0512380047716	-0.0317008281682	-0.01531235564	0.0322305684015	0.0504052804448	-0.0233315701577	-0.000162195431613	-0.0857008164465	0.00644601540122	-0.0593726712511
k__Bacteria;p__Bacteroidetes;c__Bacteroidia;o__Bacteroidales;f__Rikenellaceae;g__Alistipes;s__Alistipes_shahii	0.0237138614655	0.0376033986169	-0.0598132817363	0.0499177670449	-0.0573414159874	-0.0395534887027	1.0	-0.00268955202655	-0.000422938925292	0.00508949776493	0.00922352606159	0.0371478046331	-0.0447863068314	-0.0615547109501	-0.0103771908881	0.00278194443164	-0.0361497482406	-0.0754496418744	0.0470387558211	-0.00845215878844	0.027293333941	0.112182445589	-0.00364968330272	0.0110619797192	0.0648398912356	-0.0600662998453	-0.0298514812395	-0.00766603429681	-0.0311131421046	0.0771437512775	0.0577140511127	-0.0271126785515	-0.017324523315	-0.0430177277652	-0.025606470251	-0.0153566009056	0.0154241634774	0.0283049042063	-0.0181136580193	-0.0163143548688	0.00535919758466	-0.0297542483039	0.0714848977043	0.0176562513238	-0.025159253064	-0.0764680431451	-0.0624841790254	-0.00655292373034	-0.0235179164508	0.00627694879262	0.0423062212916	0.0123452834633	-0.0154390015298	-0.102651117293	0.0515986574194	-0.0235134123586	0.00542124695273	-0.0721388932235	7.34522374152e-05
k__Bacteria;p__Firmicutes;c__Clostridia;o__Clostridiales;f__Ruminococcaceae;g__Faecalibacterium;s__Faecalibacterium_prausnitzii	-0.0827159640993	-0.0131916569104	-0.00972688164963	-0.0341377832647	-0.0994815915713	0.047468577676	-0.00268955202655	1.0	-0.0152249546017	0.0185058444906	0.0364527337718	0.00278411365126	-0.0045112651643	-0.00477017819222	-0.00976974603996	0.010979849419	0.00141619745029	-0.0801593529643	-0.0589267464278	-0.0337446557203	0.0397586889012	-0.0191539377021	-0.0456304455484	0.0390754400744	-0.0222505182137	0.0048203436181	0.00185694805188	-0.0175867638503	0.0584641198506	0.0194029961756	-0.0410404865239	0.0115026951893	-0.100114789345	0.032038458365	0.0175132227406	-0.0114520792414	-0.0728291884847	0.00818210012455	-0.0114111932709	-0.0508643889654	0.0282936017165	-0.00146149831638	0.0365382198517	-0.0676712220611	-0.0750281743753	-0.0178451995018	-0.0317322341659	0.0396350691853	-0.102830192283	-0.0137426732161	0.0236025571435	-0.0323464396992	-0.028158672397	-0.076942461118	-0.0350289615458	0.0123810267346	-0.0495465470616	0.0257564595153	-0.0735972279919
k__Bacteria;p__Bacteroidetes;c__Bacteroidia;o__Bacteroidales;f__Rikenellaceae;g__Alistipes;s__Alistipes_finegoldii	-0.0177462986335	0.0121541612748	0.00372086542777	-0.0243308640472	-0.022360240005	-0.0551974874217	-0.000422938925292	-0.0152249546017	1.0	-0.0654573407498	-0.0412889237625	-0.00127672241398	-0.00616145155851	0.0695446420414	0.00612923863784	-0.021485258007	-0.0682547778222	0.0141632169811	-0.0260731946527	-0.0449945860077	0.0472725967268	-0.0475462997582	0.0615338418154	0.0516468889216	0.0833204894033	0.0306793768343	0.0225519069146	-0.0382133132542	-0.0763376432865	0.0355491634097	-0.0646769821813	-0.0689805211126	-0.0480084605017	-0.0283923074782	-0.0188038388458	-0.0373646457744	-0.0281564684911	-0.0104076232609	0.0451769011988	-0.0220809938069	-0.0419798774781	0.00929372629732	-0.0169757495941	0.0435277812164	-0.0171537569295	-0.0686394031459	-0.0186725100115	-0.0673253689443	-0.0220408629638	-0.0313256491606	0.00798264579905	0.0662875994202	0.0606005979428	0.0197447191919	0.0061304471552	-0.0959734390319	-0.0630447742297	-0.0394469821259	0.0454618482479
k__Bacteria;p__Bacteroidetes;c__Bacteroidia;o__Bacteroidales;f__Porphyromonadaceae;g__Parabacteroides;s__Parabacteroides_distasonis	0.0498880520498	0.0393926258639	0.000632036098844	-0.0460532187293	-0.022214245237	-0.080431219984	0.00508949776493	0.0185058444906	-0.0654573407498	1.0	0.0188793062501	0.0323703494703	0.0377597708323	-0.00365719520561	-0.041603177619	-0.0220038287184	0.0217854268102	0.0185623018877	0.0106932724625	-0.019212267834	-0.0266477428934	-0.0605031939971	0.0348956779697	0.00868193634264	0.00771303686736	-0.0110697025155	0.0241986562136	0.0730968964805	-0.0565826885761	-0.000182679176269	-0.057983672003	-0.0585315524002	-0.052831518865	-0.0842727755923	-0.0480542021951	-0.0753208489283	0.0355771300696	0.0290809161116	-0.0325367865981	-0.0412829029453	-0.0053320094672	-0.0188913116374	0.0183658057102	0.000482140842701	0.0644066214117	0.0754617511778	-0.0562509990041	-0.122601240801	0.00895490230563	0.0363436309591	-0.00176021381323	-0.0700391741322	-0.0515035645239	-0.0735787527486	-0.0942067634677	0.0243740549942	-0.0521401245414	-0.0403128217626	-0.0192771600186
k__Bacteria;p__Bacteroidetes;c__Bacteroidia;o__Bacteroidales;f__Bacteroidaceae;g__Bacteroides;s__Bacteroides_thetaiotaomicron	-0.0468181830024	0.00547623624387	0.0269766766246	-0.0197290958358	0.0032593697864	-0.0410560196199	0.00922352606159	0.0364527337718	-0.0412889237625	0.0188793062501	1.0	-0.0600313621859	-0.0102398401015	-0.0824542517913	0.0734379715496	-0.0285011267358	0.0462056733256	-0.0692830991834	0.00886070810401	0.0752985902821	-0.00813558457136	0.0168281370344	-0.0310427022383	-0.0460975085534	0.0130213690967	-0.00941113850897	5.55385681995e-05	-0.0464174145775	0.0239248192971	-0.0201900300937	0.0287077118096	-0.131643537544	-0.0305405853544	0.119926857765	-0.0360535087076	0.00935981503233	-0.0296600756655	0.0176674296076	0.00782427197087	0.00623326498068	0.0337526717185	0.0507827610734	-0.0503922371367	-0.0189897083992	-0.0517734210395	0.00346172485581	0.00847509878406	-0.0295482155732	-0.0396040304846	-0.0446664428996	0.00640255947167	0.0336546895868	-0.0366817874658	0.0109548384823	0.0299260512628	0.0124000920556	0.0194509441687	-0.0974808247176	-0.0275803154822
k__Bacteria;p__Bacteroidetes;c__Bacteroidia;o__Bacteroidales;f__Bacteroidaceae;g__Bacteroides;s__Bacteroides_coprocola	-0.0320721090746	0.018336440206	-0.065565154411	0.0372638230411	-0.00662168861638	0.0620724198018	0.0371478046331	0.00278411365126	-0.00127672241398	0.0323703494703	-0.0600313621859	1.0	-0.104342294925	0.040565168548	0.0455080354929	0.0211542608427	-0.0311421904709	0.0167619726644	0.0503377155143	-0.0340550666778	0.0235923434842	-0.130361880029	-0.0339749182797	-0.0016219224043	-0.104827393666	-0.010733311349	-0.0378061659953	-0.0846205207867	-0.0363116939997	0.0365367523868	-0.0151987889488	-0.0859770322817	-0.00626769650882	-0.00578846008687	-0.0693495733524	0.0306750006344	0.0290595525467	-0.00792732157414	0.0729176552951	0.0288236409564	-0.0148813408013	0.0275758874208	0.0375582895808	0.0118531473265	-0.0204097071054	0.0506336209936	0.0339335207211	-0.0816869330746	0.0782408539307	0.0972455128455	0.0329580436892	-0.0222661073837	-0.0978004583302	0.0163907985809	-0.0784211328371	0.0405086234473	0.0367455622075	-0.0291594452422	-0.0518677935846
k__Bacteria;p__Bacteroidetes;c__Bacteroidia;o__Bacteroidales;f__Bacteroidaceae;g__Bacteroides;s__Bacteroides_cellulosilyticus	-0.0657876025824	-0.0408293889331	-0.036484543418	-0.114375850833	-0.0560293145778	-0.0441076373333	-0.0447863068314	-0.0045112651643	-0.00616145155851	0.0377597708323	-0.0102398401015	-0.104342294925	1.0	0.0191112585939	-0.00307148548299	-0.0648926255508	-0.0657420020778	0.0838655946235	0.00952677973669	-0.00750201058358	0.0624708642129	-0.00695887405033	-0.00240729198129	0.0110714002063	0.0158099354248	0.016352615312	-0.0404878242038	0.0159829697063	0.0601761761149	-0.0207423693281	-0.0450310120371	-0.00528641556829	-0.0768069723545	-0.0109589257154	0.0369255273189	-0.0105814954926	-0.0278426905076	0.0490435341634	0.00633352787383	0.0208422069526	0.0144351121342	-0.0860754294529	-0.0345771711883	0.00992927569521	-0.00544602130091	-0.0563137657135	0.0181107757395	0.0212403758144	-0.0483540520163	-0.0507978302327	-0.0867814388416	-0.115430458772	0.01503700319	-0.00273672048625	-0.074726989804	-0.0385098362223	0.0305710044662	-0.0266386895242	0.0753105721102
k__Bacteria;p__Bacteroidetes;c__Bacteroidia;o__Bacteroidales;f__Rikenellaceae;g__Alistipes;s__Alistipes_obesi	0.0021274561558	0.0443869519791	-0.0358958241332	-0.0138387759412	0.0210758766392	-0.0394894324754	-0.0615547109501	-0.00477017819222	0.0695446420414	-0.00365719520561	-0.0824542517913	0.040565168548	0.0191112585939	1.0	0.00905427863947	-0.01314043494	0.0190788896039	0.0728471118674	-0.0262662655094	-0.00965660164427	-0.0612062591272	-0.112941290663	0.00913712319828	-0.017039918037	-0.00178132744997	0.00952993313861	0.014496289042	-0.0594291003245	-0.0468288364136	-0.00192406150254	-0.0822210394744	-0.0425445403738	-0.0252017360676	0.0477180200785	-0.0435727407665	-0.0517892207026	-0.0930550307455	0.0257790561644	-0.133210254378	-0.0559504784055	-0.0335188093861	-0.0394937594207	0.000340458895106	0.0379470224085	-0.0246614855381	0.0525005279254	0.020725222002	-0.0368499475961	-0.0661317305241	-0.0197767168483	-0.0621569257349	0.0585204798938	-0.016648870023	0.0687326315988	-0.0806587560041	-0.0313563533113	0.0160244305431	0.0216371844902	0.0612470755616
k__Bacteria;p__Firmicutes;c__Clostridia;o__Clostridiales;f__Lachnospiraceae;g__;s__[Eubacterium]_rectale	0.0211528881072	-0.0473686350937	0.066312776997	-0.0477775216407	-0.0222846279706	-0.0209472992196	-0.0103771908881	-0.00976974603996	0.00612923863784	-0.041603177619	0.0734379715496	0.0455080354929	-0.00307148548299	0.00905427863947	1.0	-0.00516712373733	0.00235286918257	0.0268714213605	-0.0383859382806	0.0326178152723	0.0151613079068	-0.0441079697971	-0.0711448953632	-0.0645131384944	-0.0346710606308	-0.0189545506503	-0.068472479534	-0.0673290805876	0.058426802999	0.0262548816286	-0.0467073844625	-0.00342900728822	-0.0409394200439	0.0902592992382	-0.0757055134989	-0.000367306114048	-0.00761501035391	-0.00755094399795	0.00392322632654	0.0150954583687	-0.0173097945926	-0.054008524875	0.0028141246322	0.0275860794607	-0.0168661676642	-0.0427446351494	-0.0861377790523	-0.0571016974337	-0.0688037515264	-0.067382282462	-0.0219749268414	-0.0384407623429	0.0308570091647	-0.0719067850138	-0.0229083176667	-0.0854851452681	0.00747986161536	0.0375588325526	-0.10458502003
k__Bacteria;p__Bacteroidetes;c__Bacteroidia;o__Bacteroidales;f__Bacteroidaceae;g__Bacteroides;s__Bacteroides_plebeius	0.0553833601451	2.40363258173e-05	0.0141345540734	-0.0404912412855	-0.0301128025961	-0.0402915664036	0.00278194443164	0.010979849419	-0.021485258007	-0.0220038287184	-0.0285011267358	0.0211542608427	-0.0648926255508	-0.01314043494	-0.00516712373733	1.0	0.0407881561066	-0.0197315588547	-0.0125374704094	-0.0145829298005	-0.0376052050549	0.00727465278682	-0.0146461893679	-0.0430102379952	-0.120066659802	0.0289760016259	0.00237763917897	0.0103099781724	-0.10905132901	0.00882419432536	0.00167119602916	-0.0587614495708	0.0527162251759	0.0295333333451	0.0453346549493	0.00496281274753	0.0137614994088	-0.00941107597333	-0.0575024922979	-0.0195380250328	-0.00739302028492	-0.0153691393746	-0.0797303608419	-0.0299983148505	-0.0628174407821	0.0322775208989	0.0268201797873	4.18795153895e-05	0.00806578460543	-0.0721764818531	-0.0294040236953	-0.0380538250657	-0.0495799620849	-0.0497920272699	-0.0119505244765	0.028528380815	0.02266920195	0.0185368262549	0.0101519802454
k__Bacteria;p__Bacteroidetes;c__Bacteroidia;o__Bacteroidales;f__Bacteroidaceae;g__Bacteroides;s__Bacteroides_fragilis	-0.0648259556828	0.0470657317787	0.00681209658995	-0.0451873786241	0.0621080263776	0.00973266828155	-0.0361497482406	0.00141619745029	-0.0682547778222	0.0217854268102	0.0462056733256	-0.0311421904709	-0.0657420020778	0.0190788896039	0.00235286918257	0.0407881561066	1.0	-0.0108364030187	0.0226990146993	-0.0363883547833	-0.0629666833128	-0.0432861141524	-0.0445887062311	0.0333179217085	-0.00421315572462	0.0378182854989	-0.0494546629071	0.0390127302938	-0.00970975684126	0.031828116777	-0.0461719923931	0.085678872645	0.0236055066003	0.0156583754682	-0.0225865200067	-0.0859874739652	-0.0205345246756	-0.049215534186	-0.0347503922097	0.0125990210871	0.00336028653539	-0.021236781201	0.014798309172	-0.0178863408948	-0.052418023909	-0.0183947841759	0.0125992130056	-0.0171906206812	-0.0766504937899	0.00976826235511	-0.00835956525001	0.00393969220134	0.0104310359486	-0.0461605773661	0.047472464128	0.038720615158	-0.0398278671782	0.080673982294	-0.0342181429851
k__Bacteria;p__Proteobacteria;c__Betaproteobacteria;o__Burkholderiales;f__Sutterellaceae;g__Sutterella;s__Sutterella_wadsworthensis	-0.0203361614495	0.0493097022599	0.00271707100062	-0.0649350219337	-0.0385245273161	0.00847220810237	-0.0754496418744	-0.0801593529643	0.0141632169811	0.0185623018877	-0.0692830991834	0.0167619726644	0.0838655946235	0.0728471118674	0.0268714213605	-0.0197315588547	-0.0108364030187	1.0	-0.0334865830819	-0.00226271152734	-0.0257404788922	-0.0334759605044	-0.105772498443	0.0433977066029	-0.110175253007	-0.00605976564351	-0.0242226524701	0.111588571939	0.0229913431084	0.0225669423162	-0.00867515578272	-0.0474132890019	0.0256233616275	-0.116854103568	-0.0360914648673	-0.0939413710052	-0.0462089081353	0.00136588176724	-0.0543681025042	-0.0174955592159	0.033954387167	-0.00931456928241	-0.0421216614595	-0.0285831049342	-0.00496707238329	-0.0256204300544	-0.00607874759018	0.0169220212531	0.0346392951976	0.0605754580126	0.0233380539822	-0.0178833565807	-0.0460829447341	-0.012706107947	0.00509114622765	-0.00373703433082	-0.00457060274718	-0.014922579825	-0.0625293674083
k__Bacteria;p__Bacteroidetes;c__Bacteroidia;o__Bacteroidales;f__Porphyromonadaceae;g__Barnesiella;s__Barnesiella_intestinihominis	-0.0940311119174	0.0461198046996	0.00189001815229	-0.0283800086062	-0.0123813073512	0.0200035948152	0.0470387558211	-0.0589267464278	-0.0260731946527	0.0106932724625	0.00886070810401	0.0503377155143	0.00952677973669	-0.0262662655094	-0.0383859382806	-0.0125374704094	0.0226990146993	-0.0334865830819	1.0	-0.0564102206893	0.0293547182649	-0.0024664357596	-0.00229467578313	-0.0319951592894	0.0122119484445	0.0399606585759	-0.0249391327756	-0.0653650943224	-0.0392502330182	0.0782747225075	-0.0070441875124	-0.0182517746187	0.00547345054825	0.0190161855035	-0.000877153838115	0.0128927378866	0.00435197497203	-0.0220064560424	-0.000533757363011	-0.0450478955268	-0.12968471699	-0.0755230502172	0.0159061074397	-0.0677221130556	-0.0820777632148	-0.0341225784712	0.0151185477295	0.0517516302276	0.0591504085671	0.0168296472578	-0.0341496634073	0.00355652471092	-0.0374886275634	-0.0042323273725	0.0441295785841	-0.0256100322192	-0.0438120538815	-0.064216985747	-0.105501227434
k__Bacteria;p__Bacteroidetes;c__Bacteroidia;o__Bacteroidales;f__Odoribacteraceae;g__Odoribacter;s__Odoribacter_splanchnicus	-0.130676735933	0.0281307136349	-0.0664697448542	-0.06453070186	0.00701155876438	-0.0874756894239	-0.00845215878844	-0.0337446557203	-0.0449945860077	-0.019212267834	0.0752985902821	-0.0340550666778	-0.00750201058358	-0.00965660164427	0.0326178152723	-0.0145829298005	-0.0363883547833	-0.00226271152734	-0.0564102206893	1.0	-0.0599325558442	-0.0444452649824	-0.0274953331322	0.0500850245203	-0.0452006904407	0.0526961393368	-0.0331188382214	-0.0840377297488	-0.0646265989081	-0.0234457504673	0.0197349262717	-0.0329000360074	0.0162595554406	0.0473958542318	0.0201032933727	0.0106364211685	-0.0804601208734	0.0715355793467	0.00478425910899	-0.101018617272	-0.0245272200347	-0.00678143038035	-0.049006002554	0.0279671952177	-0.047563286179	-0.0283572261871	-0.0519372839622	0.0211804586783	-0.0749689824262	-0.0731699297347	0.027037983358	-0.0827586299414	0.0559241039214	0.0453429937054	-0.0386465858214	0.0231506470762	-0.0154724589892	-0.0118542383111	-0.0766533729293
k__Bacteria;p__Bacteroidetes;c__Bacteroidia;o__Bacteroidales;f__Bacteroidaceae;g__Bacteroides;s__Bacteroides_salyersiae	-0.104559207743	-0.0409641551939	-0.032427530519	0.0489733196575	0.0499606185455	-0.0573234050994	0.027293333941	0.0397586889012	0.0472725967268	-0.0266477428934	-0.00813558457136	0.0235923434842	0.0624708642129	-0.0612062591272	0.0151613079068	-0.0376052050549	-0.0629666833128	-0.0257404788922	0.0293547182649	-0.0599325558442	1.0	-0.0348556003094	0.031649485054	-0.0633175801497	0.0360294990821	-0.0248217975891	-0.035101716904	-0.0606057971955	0.034969281479	-0.0505634580677	0.0268461307269	0.00538788134083	-0.0559944417352	-0.0615421977425	-0.0365410355021	-0.00687775735557	0.0193710346316	-0.00334801170566	-0.0273981657118	0.00545784546275	-0.0664402771559	0.0178332028485	-0.0428940798661	-0.0616262802797	-0.0409403255015	0.00418819252684	-0.0276506048099	-0.0389255108752	-0.0067711466624	-0.0214598172937	-0.0364201304442	-0.0171007012286	-0.0785120230533	0.0270620317877	0.0750747211897	0.0485604336345	-0.0458748603826	0.000101057668173	-0.0094931339345
k__Bacteria;p__Firmicutes;c__Clostridia;o__Clostridiales;f__Ruminococcaceae;g__Ruminiclostridium;s__[Eubacterium]_siraeum	0.0476358260345	0.0051231852308	-0.0613989217294	-0.0621031066021	0.0405426622782	0.00912532049923	0.112182445589	-0.0191539377021	-0.0475462997582	-0.0605031939971	0.0168281370344	-0.130361880029	-0.00695887405033	-0.112941290663	-0.0441079697971	0.00727465278682	-0.0432861141524	-0.0334759605044	-0.0024664357596	-0.0444452649824	-0.0348556003094	1.0	-0.0262264915054	-0.0501854954459	-0.00250139077932	-0.0738624577405	-0.0556686065261	0.0350039518953	-0.00493240014683	0.0489800180323	0.0746494515573	-0.0802144072388	-0.057662567209	-0.0404007144252	0.000215725610045	0.0184033243689	-0.0453428230576	-0.0434959068282	-0.0159769066027	0.025129092857	0.0617851514475	-0.0370818906559	0.0181549232043	-0.113914853166	-0.0156636709402	0.00960397721235	-0.00411165934596	-0.0604213631546	-0.0783079712077	0.0122935444946	0.0298258965399	-0.10830753544	-0.122221362361	-0.102783955806	0.119247262251	-0.104128660352	-0.0545930332166	0.0293861598091	-0.0622183026997
k__Bacteria;p__Proteobacteria;c__Betaproteobacteria;o__Burkholderiales;f__Sutterellaceae;g__Parasutterella;s__Parasutterella_excrementihominis	-0.0873964080285	-0.027262915349	0.00423933746894	0.0386198189073	0.0525706445684	0.0608607591656	-0.00364968330272	-0.0456304455484	0.0615338418154	0.0348956779697	-0.0310427022383	-0.0339749182797	-0.00240729198129	0.00913712319828	-0.0711448953632	-0.0146461893679	-0.0445887062311	-0.105772498443	-0.00229467578313	-0.0274953331322	0.031649485054	-0.0262264915054	1.0	0.0115803502178	-0.02025884057	-0.00274734367825	0.0141367080929	-0.0183030983769	-0.0298426822993	-0.0541688706559	-0.044733718004	0.0418911704193	-0.0357667037279	-0.0207717490609	-0.0155418756093	-0.00931407948685	-0.0244330635806	-0.027531624234	0.0509305268628	-0.0157269159614	-0.0708272148484	0.0399783601163	-0.0937603170655	-0.00132436740791	0.0339886661713	-0.0329580466201	-0.0397676950649	0.0315743779651	0.0375689816724	-0.0157136895921	0.00453369941226	0.0426665379073	-0.102436671412	-0.0106345970974	-0.00527903329784	-0.0302796409865	0.0035158144414	-0.0110675816171	-0.062752432593
k__Bacteria;p__Actinobacteria;c__Actinobacteria;o__Bifidobacteriales;f__Bifidobacteriaceae;g__Bifidobacterium;s__Bifidobacterium_adolescentis	0.100741179965	0.0102889706136	-0.0875723496258	-0.10447781351	-0.0183593120465	-0.0301938832867	0.0110619797192	0.0390754400744	0.0516468889216	0.00868193634264	-0.0460975085534	-0.0016219224043	0.0110714002063	-0.017039918037	-0.0645131384944	-0.0430102379952	0.0333179217085	0.0433977066029	-0.0319951592894	0.0500850245203	-0.0633175801497	-0.0501854954459	0.0115803502178	1.0	-0.0441340398257	-0.060659369809	0.0426227644884	-0.0537776152199	-0.0524040744709	-0.00218339750431	-0.0512604730593	-0.0171616921886	0.0184267436801	-0.0471986066089	-0.00049388024953	-0.0238646128527	-0.016567665546	-0.0296045127568	-0.0207928015895	-0.0366381328549	-0.0198246306819	-0.0372587065851	0.0280995290217	0.00923246318549	-0.0825097150071	-0.00772400535243	0.0250411298092	-0.0642079110311	-0.00802626081477	0.0515361341036	0.00146422304777	0.0174845618663	-0.0512229412285	0.00570938394562	-0.0308635226107	-0.0282600401181	0.0243496395573	-0.016928298992	-0.0377768459463
k__Bacteria;p__Firmicutes;c__Clostridia;o__Clostridiales;f__Oscillospiraceae;g__Oscillibacter;s__Oscillibacter_sp._KLE_1745	-0.0101098451358	-0.0656827783618	-0.0354679931635	0.0212831952502	-0.0581942363071	-0.00836157868891	0.0648398912356	-0.0222505182137	0.0833204894033	0.00771303686736	0.0130213690967	-0.104827393666	0.0158099354248	-0.00178132744997	-0.0346710606308	-0.120066659802	-0.00421315572462	-0.110175253007	0.0122119484445	-0.0452006904407	0.0360294990821	-0.00250139077932	-0.02025884057	-0.0441340398257	1.0	-0.0901332001962	0.00626125453644	-0.0151066372106	0.0657849099856	-0.0152143521815	0.000239557369019	-0.0334826928697	-0.0234239192054	-0.0449886098604	-0.0102377746808	0.00608735983443	-0.0109513120093	0.00169415894885	-0.0115470053933	0.0369730317381	-0.130122071567	-0.0417677486686	0.0727756510687	-0.0612765788333	0.00700928327413	0.00242034947748	0.00830213522802	-0.0620986527375	0.044029439923	0.0987448069018	-0.0220702478869	-0.105490984547	-0.0184597764996	-0.0572837832767	0.0276555793628	-0.0635840166139	-0.0729490171728	0.0379163342817	-0.0264856987303
k__Bacteria;p__Bacteroidetes;c__Bacteroidia;o__Bacteroidales;f__Bacteroidaceae;g__Bacteroides;s__Bacteroides_coprophilus	0.00986071285928	0.0101138260619	-0.0793537570488	-0.00626343380327	0.104445176959	0.0594315216162	-0.0600662998453	0.0048203436181	0.0306793768343	-0.0110697025155	-0.00941113850897	-0.010733311349	0.016352615312	0.00952993313861	-0.0189545506503	0.0289760016259	0.0378182854989	-0.00605976564351	0.0399606585759	0.0526961393368	-0.0248217975891	-0.0738624577405	-0.00274734367825	-0.060659369809	-0.0901332001962	1.0	-0.0685569625642	-0.0545594934514	-0.0381171829233	0.00408205068129	0.0651155598736	-0.00965871668766	-0.0155013350037	0.0129553262711	-0.0481708528996	-0.0245886760321	-0.0679518783606	-0.0253203716371	-0.0267939085413	-0.0464111866773	-0.0661295391476	0.0484109333354	-0.0738342656373	0.0391723502592	-0.0721729458407	-0.00964828067627	-0.0470580513813	0.0111658748417	-0.0363044136902	-0.0883226497292	-0.0132007692712	0.0358018262745	0.042099998516	0.0421930300526	-0.129015556042	-0.0475235071004	-0.00971616818304	-0.0352939908662	0.00762645119218
k__Bacteria;p__Firmicutes;c__Clostridia;o__Clostridiales;f__Lachnospiraceae;g__Roseburia;s__Roseburia_intestinalis	-0.0955489601908	0.0317518674169	0.0620263368333	-0.0243904480054	0.0358524541315	-0.0856292802491	-0.0298514812395	0.00185694805188	0.0225519069146	0.0241986562136	5.55385681995e-05	-0.0378061659953	-0.0404878242038	0.014496289042	-0.068472479534	0.00237763917897	-0.0494546629071	-0.0242226524701	-0.0249391327756	-0.0331188382214	-0.035101716904	-0.0556686065261	0.0141367080929	0.0426227644884	0.00626125453644	-0.0685569625642	1.0	-0.026953055978	-0.0574159814698	-0.027163381302	-0.0345750106164	0.0133760859737	0.0412562838183	-0.022249944954	-0.0454814699597	-0.0765790508158	-0.00494774794569	0.00177502330748	0.0208108027068	-0.0225517380325	-0.0161413222051	0.0246687783026	-0.0104392387848	0.00968787693988	0.0212688249607	-0.059152191125	-0.05968981893	0.0886045414101	-0.0496879343775	0.0199728881456	-0.0267595540028	-0.0466159546438	0.00944025142732	0.0837503670748	-0.0557275352013	-0.0719635207584	-0.0132140203279	-0.0290947729874	-0.0118112914802
k__Bacteria;p__Firmicutes;c__Clostridia;o__Clostridiales;f__Lachnospiraceae;g__Roseburia;s__Roseburia_hominis	0.00986138459091	-0.0578866340048	-0.0114685364779	0.00549654910657	-0.0360647211464	-0.0575306699054	-0.00766603429681	-0.0175867638503	-0.0382133132542	0.0730968964805	-0.0464174145775	-0.0846205207867	0.0159829697063	-0.0594291003245	-0.0673290805876	0.0103099781724	0.0390127302938	0.111588571939	-0.0653650943224	-0.0840377297488	-0.0606057971955	0.0350039518953	-0.0183030983769	-0.0537776152199	-0.0151066372106	-0.0545594934514	-0.026953055978	1.0	0.0209254124298	0.04949172124	0.00505168347636	0.0420894395513	0.0211671142199	-0.0296405187584	-0.0447535606889	0.00154073216099	-0.0414419778404	-0.0193398371816	-0.0301065087136	0.0236032794285	-0.0278035067954	-0.0473497845128	-0.0034334844389	-0.00226266172106	0.011142253981	0.0524385212172	0.0643272606203	-0.0818899569588	-0.0761564900377	-0.0330621893404	-0.0272313508052	-0.0554566598948	-0.0118454779033	-0.0388041497842	-0.0188793108614	0.00358811257668	0.00110056691995	-0.0792178213635	0.0671740130575
k__Bacteria;p__Bacteroidetes;c__Bacteroidia;o__Bacteroidales;f__Porphyromonadaceae;g__Parabacteroides;s__Parabacteroides_johnsonii	-0.0431259906433	-0.11820768461	-0.0603561325805	-0.00800412351196	-0.0717057677985	0.0509030057781	-0.0311131421046	0.0584641198506	-0.0763376432865	-0.0565826885761	0.0239248192971	-0.0363116939997	0.0601761761149	-0.0468288364136	0.058426802999	-0.10905132901	-0.00970975684126	0.0229913431084	-0.0392502330182	-0.0646265989081	0.034969281479	-0.00493240014683	-0.0298426822993	-0.0524040744709	0.0657849099856	-0.0381171829233	-0.0574159814698	0.0209254124298	1.0	-0.0651606379267	0.0281535463835	-0.0131446372841	0.0228466637282	0.0638187967887	-0.0164460864199	0.0425730135835	0.026175756686	0.0381617280119	0.00698076612934	0.0314587549338	-0.0297672544205	-0.0548211517207	-0.0892880685823	-0.0322448272277	-0.0920273038809	0.00718108082247	-0.0149184045715	-0.0137550200871	-0.0479172087048	-0.00636731634404	-0.0612979773667	0.0320602406108	0.0575584559892	0.0245923711164	0.0095314263769	-0.0601413982976	-0.0319807930974	0.0204774601521	-0.046484006108
k__Bacteria;p__Actinobacteria;c__Actinobacteria;o__Bifidobacteriales;f__Bifidobacteriaceae;g__Bifidobacterium;s__Bifidobacterium_longum	-0.0728129918972	-0.0665510363999	-0.0421801346755	-0.039171648484	0.0295967494632	-0.0308697890527	0.0771437512775	0.0194029961756	0.0355491634097	-0.000182679176269	-0.0201900300937	0.0365367523868	-0.0207423693281	-0.00192406150254	0.0262548816286	0.00882419432536	0.031828116777	0.0225669423162	0.0782747225075	-0.0234457504673	-0.0505634580677	0.0489800180323	-0.0541688706559	-0.00218339750431	-0.0152143521815	0.00408205068129	-0.027163381302	0.04949172124	-0.0651606379267	1.0	0.0604297053374	-0.0172181296237	-0.0373947131048	-0.0385457997998	0.0157150326475	0.0756150161196	0.0390202595724	-0.0617851113133	-0.0741769974558	-0.117368194786	-0.0129178576829	0.0126300929821	0.110941079509	-0.0227811938009	-0.00422567856888	-0.0648050453508	-0.0562231988268	0.00843186816719	0.0765490907516	0.0907754428819	-0.0429716390401	-0.0122170776222	-0.020099812849	-0.0846308198651	0.012124144824	-0.0337009317286	0.02991223357	-0.140396121803	0.00591173192716
