#taxonomy	k__Bacteria;p__Bacteroidetes;c__Bacteroidia;o__Bacteroidales;f__Bacteroidaceae;g__Bacteroides;s__Bacteroides_vulgatus	k__Bacteria;p__Bacteroidetes;c__Bacteroidia;o__Bacteroidales;f__Bacteroidaceae;g__Bacteroides;s__Bacteroides_uniformis	k__Bacteria;p__Bacteroidetes;c__Bacteroidia;o__Bacteroidales;f__Rikenellaceae;g__Alistipes;s__Alistipes_putredinis	k__Bacteria;p__Bacteroidetes;c__Bacteroidia;o__Bacteroidales;f__Prevotellaceae;g__Prevotella;s__Prevotella_copri	k__Bacteria;p__Bacteroidetes;c__Bacteroidia;o__Bacteroidales;f__Bacteroidaceae;g__Bacteroides;s__Bacteroides_stercoris	k__Bacteria;p__Bacteroidetes;c__Bacteroidia;o__Bacteroidales;f__Bacteroidaceae;g__Bacteroides;s__Bacteroides_ovatus	k__Bacteria;p__Bacteroidetes;c__Bacteroidia;o__Bacteroidales;f__Rikenellaceae;g__Alistipes;s__Alistipes_shahii	k__Bacteria;p__Firmicutes;c__Clostridia;o__Clostridiales;f__Ruminococcaceae;g__Faecalibacterium;s__Faecalibacterium_prausnitzii	k__Bacteria;p__Bacteroidetes;c__Bacteroidia;o__Bacteroidales;f__Rikenellaceae;g__Alistipes;s__Alistipes_finegoldii	k__Bacteria;p__Bacteroidetes;c__Bacteroidia;o__Bacteroidales;f__Porphyromonadaceae;g__Parabacteroides;s__Parabacteroides_distasonis	k__Bacteria;p__Bacteroidetes;c__Bacteroidia;o__Bacteroidales;f__Bacteroidaceae;g__Bacteroides;s__Bacteroides_thetaiotaomicron	k__Bacteria;p__Bacteroidetes;c__Bacteroidia;o__Bacteroidales;f__Bacteroidaceae;g__Bacteroides;s__Bacteroides_coprocola	k__Bacteria;p__Bacteroidetes;c__Bacteroidia;o__Bacteroidales;f__Bacteroidaceae;g__Bacteroides;s__Bacteroides_cellulosilyticus	k__Bacteria;p__Bacteroidetes;c__Bacteroidia;o__Bacteroidales;f__Rikenellaceae;g__Alistipes;s__Alistipes_obesi	k__Bacteria;p__Firmicutes;c__Clostridia;o__Clostridiales;f__Lachnospiraceae;g__;s__[Eubacterium]_rectale	k__Bacteria;p__Bacteroidetes;c__Bacteroidia;o__Bacteroidales;f__Bacteroidaceae;g__Bacteroides;s__Bacteroides_plebeius	k__Bacteria;p__Bacteroidetes;c__Bacteroidia;o__Bacteroidales;f__Bacteroidaceae;g__Bacteroides;s__Bacteroides_fragilis	k__Bacteria;p__Proteobacteria;c__Betaproteobacteria;o__Burkholderiales;f__Sutterellaceae;g__Sutterella;s__Sutterella_wadsworthensis	k__Bacteria;p__Bacteroidetes;c__Bacteroidia;o__Bacteroidales;f__Porphyromonadaceae;g__Barnesiella;s__Barnesiella_intestinihominis	k__Bacteria;p__Bacteroidetes;c__Bacteroidia;o__Bacteroidales;f__Odoribacteraceae;g__Odoribacter;s__Odoribacter_splanchnicus	k__Bacteria;p__Bacteroidetes;c__Bacteroidia;o__Bacteroidales;f__Bacteroidaceae;g__Bacteroides;s__Bacteroides_salyersiae	k__Bacteria;p__Firmicutes;c__Clostridia;o__Clostridiales;f__Ruminococcaceae;g__Ruminiclostridium;s__[Eubacterium]_siraeum	k__Bacteria;p__Proteobacteria;c__Betaproteobacteria;o__Burkholderiales;f__Sutterellaceae;g__Parasutterella;s__Parasutterella_excrementihominis	k__Bacteria;p__Actinobacteria;c__Actinobacteria;o__Bifidobacteriales;f__Bifidobacteriaceae;g__Bifidobacterium;s__Bifidobacterium_adolescentis	k__Bacteria;p__Firmicutes;c__Clostridia;o__Clostridiales;f__Oscillospiraceae;g__Oscillibacter;s__Oscillibacter_sp._KLE_1745	k__Bacteria;p__Bacteroidetes;c__Bacteroidia;o__Bacteroidales;f__Bacteroidaceae;g__Bacteroides;s__Bacteroides_coprophilus	k__Bacteria;p__Firmicutes;c__Clostridia;o__Clostridiales;f__Lachnospiraceae;g__Roseburia;s__Roseburia_intestinalis	k__Bacteria;p__Firmicutes;c__Clostridia;o__Clostridiales;f__Lachnospiraceae;g__Roseburia;s__Roseburia_hominis	k__Bacteria;p__Bacteroidetes;c__Bacteroidia;o__Bacteroidales;f__Porphyromonadaceae;g__Parabacteroides;s__Parabacteroides_johnsonii	k__Bacteria;p__Actinobacteria;c__Actinobacteria;o__Bifidobacteriales;f__Bifidobacteriaceae;g__Bifidobacterium;s__Bifidobacterium_longum	k__Bacteria;p__Firmicutes;c__Clostridia;o__Clostridiales;f__;g__Flavonifractor;s__Flavonifractor_plautii	k__Bacteria;p__Firmicutes;c__Clostridia;o__Clostridiales;f__Clostridiaceae;g__Clostridium;s__Clostridium_phoceensis	k__Bacteria;p__Verrucomicrobia;c__Verrucomicrobiae;o__Verrucomicrobiales;f__Akkermansiaceae;g__Akkermansia;s__Akkermansia_muciniphila	k__Bacteria;p__Bacteroidetes;c__Bacteroidia;o__Bacteroidales;f__Prevotellaceae;g__Paraprevotella;s__Paraprevotella_xylaniphila	k__Bacteria;p__Firmicutes;c__Clostridia;o__Clostridiales;f__Ruminococcaceae;g__Ruminococcus;s__Ruminococcus_callidus	k__Bacteria;p__Bacteroidetes;c__Bacteroidia;o__Bacteroidales;f__Rikenellaceae;g__Alistipes;s__Alistipes_senegalensis	k__Bacteria;p__Firmicutes;c__Clostridia;o__Clostridiales;f__Lachnospiraceae;g__Blautia;s__Blautia_sp._KLE_1732	k__Bacteria;p__Bacteroidetes;c__Bacteroidia;o__Bacteroidales;f__Bacteroidaceae;g__Bacteroides;s__Bacteroides_oleiciplenus	k__Bacteria;p__Firmicutes;c__Clostridia;o__Clostridiales;f__Ruminococcaceae;g__Ruminococcus;s__Ruminococcus_bicirculans	k__Bacteria;p__Bacteroidetes;c__Bacteroidia;o__Bacteroidales;f__Bacteroidaceae;g__Bacteroides;s__Bacteroides_fluxus	k__Bacteria;p__Bacteroidetes;c__Bacteroidia;o__Bacteroidales;f__Prevotellaceae;g__Prevotella;s__Prevotella_stercorea	k__Bacteria;p__Firmicutes;c__Clostridia;o__Clostridiales;f__Lachnospiraceae;g__Dorea;s__Dorea_longicatena	k__Bacteria;p__Firmicutes;c__Clostridia;o__Clostridiales;f__Eubacteriaceae;g__Eubacterium;s__[Eubacterium]_eligens	k__Bacteria;p__Firmicutes;c__Clostridia;o__Clostridiales;f__Ruminococcaceae;g__;s__Ruminococcaceae_bacterium_D16	k__Bacteria;p__Firmicutes;c__Clostridia;o__Clostridiales;f__Lachnospiraceae;g__Coprococcus;s__Coprococcus_comes	k__Bacteria;p__Proteobacteria;c__Gammaproteobacteria;o__Enterobacterales;f__Enterobacteriaceae;g__Escherichia;s__Escherichia_coli	k__Bacteria;p__Firmicutes;c__Clostridia;o__Clostridiales;f__Ruminococcaceae;g__Anaerotruncus;s__Anaerotruncus_colihominis	k__Bacteria;p__Firmicutes;c__Clostridia;o__Clostridiales;f__Lachnospiraceae;g__Blautia;s__Blautia_obeum	k__Bacteria;p__Bacteroidetes;c__Bacteroidia;o__Bacteroidales;f__Odoribacteraceae;g__Odoribacter;s__Odoribacter_laneus	k__Bacteria;p__Firmicutes;c__Clostridia;o__Clostridiales;f__Ruminococcaceae;g__Ruminiclostridium;s__[Clostridium]_leptum	k__Bacteria;p__Bacteroidetes;c__Bacteroidia;o__Bacteroidales;f__Porphyromonadaceae;g__Parabacteroides;s__Parabacteroides_goldsteinii	k__Bacteria;p__Firmicutes;c__Clostridia;o__Clostridiales;f__Lachnospiraceae;g__Anaerostipes;s__Anaerostipes_hadrus	k__Bacteria;p__Firmicutes;c__Clostridia;o__Clostridiales;f__Ruminococcaceae;g__Ruminococcus;s__Ruminococcus_lactaris	k__Bacteria;p__Firmicutes;c__Clostridia;o__Clostridiales;f__Clostridiaceae;g__Clostridium;s__Clostridium_sp._L2-50	k__Bacteria;p__Firmicutes;c__Clostridia;o__Clostridiales;f__Clostridiaceae;g__Clostridium;s__Clostridium_sp._M62/1	k__Bacteria;p__Firmicutes;c__Clostridia;o__Clostridiales;f__;g__Intestinimonas;s__Intestinimonas_butyriciproducens	k__Bacteria;p__Actinobacteria;c__Actinobacteria;o__Bifidobacteriales;f__Bifidobacteriaceae;g__Bifidobacterium;s__Bifidobacterium_bifidum	k__Bacteria;p__Firmicutes;c__Negativicutes;o__Veillonellales;f__Veillonellaceae;g__Dialister;s__Dialister_invisus	k__Bacteria;p__Bacteroidetes;c__Bacteroidia;o__Bacteroidales;f__Bacteroidaceae;g__Bacteroides;s__Bacteroides_salanitronis
k__Bacteria;p__Bacteroidetes;c__Bacteroidia;o__Bacteroidales;f__Bacteroidaceae;g__Bacteroides;s__Bacteroides_vulgatus	1.0	-0.0163084165148	-0.0491963615597	-0.0222717023137	0.0960767184956	-0.0310474361346	0.0670733887287	0.0156046352543	-0.025965768948	-0.0204780379715	-0.0853452166573	-0.0273605164442	0.051712118177	0.0227200774793	-0.014280580672	-0.0296111653839	0.0542775722672	-0.0710207463271	-0.0111010686833	-0.056068622543	-0.0204447235235	-0.0390414509836	-0.0201284654813	-0.0705813773037	-0.0211649985155	-0.114634203547	0.0169443503594	-0.0203528790557	-0.0571230702588	-0.031839142542	-0.0479153426598	0.00510094325642	0.0108019649449	0.1021771345	0.00300408651971	-0.0120670909542	-0.0998263385508	0.00402036188064	-0.0431499755482	-0.0420934734645	-0.0507852438925	0.028428230154	-0.0632983137756	-0.10660118226	-0.00864039874163	0.0105423078026	0.0279617054107	0.115240652316	-0.0364752941729	0.0776006944973	-0.012390256948	-0.0525304690654	-0.0304917975813	0.0111796059129	-0.0175383137533	0.0161174200761	0.047994491041	-0.0848203212403	-0.016031739115
k__Bacteria;p__Bacteroidetes;c__Bacteroidia;o__Bacteroidales;f__Bacteroidaceae;g__Bacteroides;s__Bacteroides_uniformis	-0.0163084165148	1.0	-0.0298160977447	-0.102168218308	0.00737474352175	0.00651474442096	-0.0714213961122	-0.032606127107	-0.0204125150651	-0.0693075499175	-0.0539253347337	-0.0467108302402	0.00152911857556	-0.0493726475885	-0.103530972274	0.00410621568238	-0.0314643781562	0.0404204056681	0.00248898730125	-0.0261934643072	0.025633443758	-0.0738595600356	-0.104241196259	-0.0669831959855	-0.0369418281176	0.0173761898929	0.0385175575588	0.0481079324165	0.0211857209425	0.0448184387564	0.00338607951015	0.020749652753	0.0100934713679	-0.0183166905249	0.00476766700168	0.0245449843264	-0.0354343436965	-0.0512192588814	-0.0148165718023	-0.0704394276094	0.0446099111531	-0.0160852321842	-0.0236192851526	-0.0352073978685	0.00938533861866	0.0218763257861	-0.0564518651014	-0.0675823868093	0.0129104429511	-0.00864996201477	0.0561051702467	-0.0478155918713	-0.0432556841405	-0.0199525461623	0.00946421126192	0.0744804096861	0.0327132586224	-0.024229372897	-0.00120305289151
k__Bacteria;p__Bacteroidetes;c__Bacteroidia;o__Bacteroidales;f__Rikenellaceae;g__Alistipes;s__Alistipes_putredinis	-0.0491963615597	-0.0298160977447	1.0	0.0393320475137	-0.00181820270414	-0.0171477359302	0.046160489483	0.0200951513864	-0.0316679513434	-0.0613074401353	0.044438063705	0.0250102246562	-0.0544974023073	-0.0131975192967	0.0262508123818	0.00278859794367	-0.00351619261794	-0.0748861625003	-0.00417445148279	-0.0470121660977	-0.00132235917113	-0.0306638768632	0.00258985302789	0.0113895108507	-0.0685656261277	0.0715851131942	0.0147133367939	0.0416585704037	0.0228258427835	0.0410167583695	-0.0249466635653	0.0287445153408	0.00146494402807	-0.00416448062454	0.00801101050203	-0.0516476375201	-0.0553869268556	0.0274593412928	0.0258967810941	-0.0699401823091	0.0179431019594	-0.0580762789873	0.0436945810838	-0.0637753444268	-0.0160117418139	-0.0546020508002	0.0572451386085	-0.000955823331685	-0.0551536160279	0.00644215131078	-0.141649580182	-0.0449289002526	0.0314931917172	0.00322840944032	0.0866117543421	0.0347863416063	-0.030872230508	-0.0316127236715	-0.00322402780029
k__Bacteria;p__Bacteroidetes;c__Bacteroidia;o__Bacteroidales;f__Prevotellaceae;g__Prevotella;s__Prevotella_copri	-0.0222717023137	-0.102168218308	0.0393320475137	1.0	-0.0754855445977	0.0670852131727	-0.0401932470569	0.0350584250846	0.056841486307	0.0734413078715	0.0336346997171	-0.0791433792747	0.014238446208	-0.0613841586361	0.00509122879856	0.0188411649555	0.00344189860386	-0.00135157793882	-0.00135975740075	-0.0464405385393	0.0175913287921	-0.0203234121217	-0.0211359125982	-0.0331111358097	-0.0384131356722	-0.0348065158978	0.0244682296574	-0.0139710580909	-0.0106794611746	-0.0112656291045	-0.00859740456	-0.00303401228614	-0.049553585382	0.0479990742753	-0.0156947416953	0.00220604782845	-0.0528270470638	-0.0713297617686	-0.0124432711536	0.0148150433612	0.0506079320459	-0.0521728824094	-0.0375896385429	-0.0765358853425	0.00270769194833	0.0421232796982	-0.023131045576	0.0115413319884	-0.0772632307706	-0.0582483637536	-0.0509987074522	0.0535862490075	0.0138946812442	0.0096838502414	-0.0858293422434	-0.0443051573564	-0.0147853161836	-0.0724217528095	0.0587142918611
k__Bacteria;p__Bacteroidetes;c__Bacteroidia;o__Bacteroidales;f__Bacteroidaceae;g__Bacteroides;s__Bacteroides_stercoris	0.0960767184956	0.00737474352175	-0.00181820270414	-0.0754855445977	1.0	-0.0133538055938	-0.0222663355541	-0.0364047834321	-0.0108417059227	0.0174001539659	-0.0313292692809	-0.0339628794656	0.0366370277565	-0.0225306704377	0.0100991769125	-0.106966005177	-0.0822431811616	-0.124506453477	-0.0366282261721	0.0410960888609	-0.0898777353508	-0.018093486389	-0.0193110865948	-0.0187571829077	-0.0833515747981	0.0296388739533	0.0318015778669	-0.0185672598434	-0.00704030528354	-0.0201059364258	0.0104745603111	-0.0341380313021	-0.00834105023127	-0.0338663409886	-0.0525264596668	-0.0202406675386	0.0939726111234	-0.100202636374	0.0282757532079	-0.060596845379	-0.0136239469631	0.000455028334178	-0.0544929921338	-0.0310375705598	-0.0533764162066	0.0419491477866	0.101122902822	-0.0539431033318	0.0216211053325	-0.0620774552251	0.00926276055863	-0.0739104772045	-0.058999623906	-0.0577648812041	0.0536650187936	0.00306872894335	-0.0399397505846	-0.0305459476451	-0.0635442986495
k__Bacteria;p__Bacteroidetes;c__Bacteroidia;o__Bacteroidales;f__Bacteroidaceae;g__Bacteroides;s__Bacteroides_ovatus	-0.0310474361346	0.00651474442096	-0.0171477359302	0.0670852131727	-0.0133538055938	1.0	-0.0482333830405	0.125764545411	-0.0611531715131	-0.0239869513449	0.0547375496418	0.0163809594607	-0.0561787583732	0.0264132998161	0.0150189899951	0.0201326021673	-0.0641603303573	-0.0180696752514	-0.0160281878196	-0.031488083745	0.0526922784203	-0.0205263293375	-0.0224127629092	0.00622416801723	-0.0272759946509	0.0125991768421	0.00636119365735	-0.0294398578275	0.0425398974465	0.0515185774654	-0.0539500411582	-0.0481432639963	-0.0829840560034	0.041844218096	0.0217941184272	-0.0233933826278	-0.0137201264595	0.0159977588878	-0.00503282668905	-0.0382416823911	-0.0733255908738	0.00439031281222	-0.0569490522568	-0.00693297965162	0.0965871347044	0.0188251566046	0.0401316992947	-0.03430855145	-0.0516454562771	0.0325738617667	-0.0625354370922	-0.0516189664168	0.0277601682171	-0.00768205991227	-0.0186882766405	-0.0476681073753	0.0307945964546	-0.00520705831151	-0.0298520797289
k__Bacteria;p__Bacteroidetes;c__Bacteroidia;o__Bacteroidales;f__Rikenellaceae;g__Alistipes;s__Alistipes_shahii	0.0670733887287	-0.0714213961122	0.046160489483	-0.0401932470569	-0.0222663355541	-0.0482333830405	1.0	0.0702436001939	-0.00908194634695	-0.000513658887995	-0.0499924125445	0.0161833618788	-0.0154015155231	0.00744277551543	0.0215347171073	0.0133235852165	-0.042142205484	0.0834382013777	0.000710768899605	-0.0159838719553	-0.00186116634454	0.0158137421864	0.0792802745115	0.0123119108201	-0.0108774919553	-0.0227182823278	-0.0521320246549	-0.136299968117	-0.0621008179169	0.00941828106913	-0.0824327964413	-0.0781910814183	0.0718400529414	0.0503947238714	-0.0363418078533	-0.0260948379719	-0.013116605114	-0.0578074893606	0.000476036733	0.0890786108898	-0.0612422466292	-0.0583918552492	-0.00732111352382	-0.083965526611	0.0082364538336	-0.0817089807672	-0.0398078983491	0.0415923805945	-0.0390400894044	0.00915483128629	0.0062017290774	-0.011038718426	0.041238904154	-0.0134482275883	-0.00121176026216	-0.00858928195135	-0.023359518382	-0.0740867867564	-0.0164607467589
k__Bacteria;p__Firmicutes;c__Clostridia;o__Clostridiales;f__Ruminococcaceae;g__Faecalibacterium;s__Faecalibacterium_prausnitzii	0.0156046352543	-0.032606127107	0.0200951513864	0.0350584250846	-0.0364047834321	0.125764545411	0.0702436001939	1.0	0.0519152180361	-0.0301202494913	0.0082042605902	-0.0652545022624	0.0239175182374	0.00216995989071	0.03666025013	-0.0117532112883	-0.0436674583408	-0.0286864922331	-0.0282619317246	-0.00754542162517	1.32885297035e-05	0.0297599163964	-0.0654494056278	-0.0310425404388	-0.0197113535009	-0.00705332109735	-0.0382291762221	-0.0718509097847	0.0141345953562	-0.000737901021123	-0.00214366371825	-0.0163053700915	0.0131707259108	-0.00998293628402	-0.00373103765241	0.0515434499765	0.0194559058206	0.0316225145552	0.0817932313289	-0.0322905717163	-0.0215700328216	-0.0717010211787	-0.0779149611637	-0.023616356956	-0.0512845139862	0.0453041932191	0.0188497715229	0.0341300458401	-0.0540970078377	-0.0276821398243	-0.0524577046285	-0.0115872678057	0.0239035883705	-0.102631165184	0.0300573116515	-0.049761797061	-0.044161158658	-0.0676954881712	0.0755815335142
k__Bacteria;p__Bacteroidetes;c__Bacteroidia;o__Bacteroidales;f__Rikenellaceae;g__Alistipes;s__Alistipes_finegoldii	-0.025965768948	-0.0204125150651	-0.0316679513434	0.056841486307	-0.0108417059227	-0.0611531715131	-0.00908194634695	0.0519152180361	1.0	0.0646354626655	-0.0742183219827	0.0103798091535	0.00425072674041	-0.00507558014066	-0.0210761563663	-0.0493722150773	0.00368705251933	-0.0115498620682	0.0558573473922	0.0146542431474	-0.040948311213	-0.0218812340033	0.068329395475	0.0409484666765	-0.00852693310976	0.0508821065864	-0.00990377744918	-0.0519548296468	0.0386376335142	-0.0330166399615	-0.0386522535244	-0.0643588713011	-0.02860714022	0.0347685062384	-0.00991224985899	-0.0657513901415	-0.0193098632283	0.0491007146729	-0.0443270684305	-0.0242473842331	-0.0286345256251	-0.0631089974771	-0.0690649842636	0.0371588246213	-0.0422181802421	-0.0694289477084	0.0176423286658	0.0456358327267	-0.0428344705638	-0.0212399658805	-0.00956104017097	-0.0207729383997	0.0195630574353	-0.00866165195087	-0.0447275328961	-0.0253527433447	0.0111785455333	-0.00272545875486	0.0335771343668
k__Bacteria;p__Bacteroidetes;c__Bacteroidia;o__Bacteroidales;f__Porphyromonadaceae;g__Parabacteroides;s__Parabacteroides_distasonis	-0.0204780379715	-0.0693075499175	-0.0613074401353	0.0734413078715	0.0174001539659	-0.0239869513449	-0.000513658887995	-0.0301202494913	0.0646354626655	1.0	-0.0199292546243	0.00783880435904	-0.0105990386564	-0.00586568523293	0.0383969995186	-0.0535603948041	-0.0414405828252	-0.0589874698845	0.0392733310181	-0.00436335254828	0.0130436846786	-0.0224513796146	-0.0442671047635	0.0807733484098	0.00202039967151	-0.0992620700353	-0.0572489368262	-0.0420228158648	0.0268317594212	0.00718564560268	-0.0274597566849	-0.0117444879454	0.0296180808275	-0.0340272369193	-0.0302111665529	0.00309000950034	-0.0316635134104	0.0132243458209	0.0587777515645	-0.0968070690425	0.0257884390696	-0.0345029914352	-0.0435221457491	0.00891901867289	-0.042074604728	-0.105096255923	-0.0308253743571	-0.0933076899537	0.00335073849722	0.102170453127	-0.0562947721481	0.0157168962259	0.00313340937271	-0.0100695006899	0.0114899173425	-0.0640296904725	-0.032055197359	-0.069043113373	-0.0412854118358
k__Bacteria;p__Bacteroidetes;c__Bacteroidia;o__Bacteroidales;f__Bacteroidaceae;g__Bacteroides;s__Bacteroides_thetaiotaomicron	-0.0853452166573	-0.0539253347337	0.044438063705	0.0336346997171	-0.0313292692809	0.0547375496418	-0.0499924125445	0.0082042605902	-0.0742183219827	-0.0199292546243	1.0	0.0174579374685	-0.0200734745006	-0.0435665523502	-0.0192388077797	0.0152651494095	-0.00053869123642	-0.0888479125843	0.0211381116113	-0.0360539426142	-0.0127571013209	4.40891207231e-05	0.00453097727993	-0.00384977037804	0.0165596084574	-0.00590706330916	-0.0237029591379	0.0402605908815	0.00334010434977	-0.0334871541412	0.0811317090099	0.0146822622214	-0.0777597942822	-0.0809325318713	-0.0276130997435	-0.00218935342998	-0.0354515097081	-0.0526159779433	-0.0648859074091	-0.0922559927325	0.0157571501513	0.0110938140828	-0.059317300152	-0.0470706245172	0.0527429049446	0.0473106923631	0.0122441291457	-0.0508803373006	-0.0435375011487	-0.0333363249455	0.0071873470959	0.0654203271705	-0.0389012412278	0.0123833513757	-0.0213426451933	0.0535886674704	-0.0237796785178	-0.0293050933811	0.0189191725639
k__Bacteria;p__Bacteroidetes;c__Bacteroidia;o__Bacteroidales;f__Bacteroidaceae;g__Bacteroides;s__Bacteroides_coprocola	-0.0273605164442	-0.0467108302402	0.0250102246562	-0.0791433792747	-0.0339628794656	0.0163809594607	0.0161833618788	-0.0652545022624	0.0103798091535	0.00783880435904	0.0174579374685	1.0	-0.02654854067	0.0137397958933	-0.00879479512838	-0.0179499168534	-0.0540221224849	-0.0581243009612	-0.0635917416351	0.0623087050819	-0.0193675237038	0.00439655681833	-0.0360119516349	-0.00501462339328	-0.083368176675	-0.0149011094264	-0.000488289436098	-0.0142383575847	-0.0142853867286	-0.0128143594837	0.0299922415204	-0.0202587259463	-0.0517927015554	-0.0319379622064	0.020131116207	-0.0621987986055	-0.047519915223	-0.0478664101279	-0.0504144606107	0.0715601213839	-0.0620256293146	0.0467524661827	-0.0581707381245	0.0398649513939	0.0239366234578	-0.00907086218098	-0.0228430216034	0.000856403555929	-0.0361778336554	-0.0229312098043	-0.0412694861382	0.0224914842186	-0.0136024904139	-0.0804957950886	-0.00527057817611	-0.0664464330277	-0.0219010812979	0.00403312045768	0.0109400211111
k__Bacteria;p__Bacteroidetes;c__Bacteroidia;o__Bacteroidales;f__Bacteroidaceae;g__Bacteroides;s__Bacteroides_cellulosilyticus	0.051712118177	0.00152911857556	-0.0544974023073	0.014238446208	0.0366370277565	-0.0561787583732	-0.0154015155231	0.0239175182374	0.00425072674041	-0.0105990386564	-0.0200734745006	-0.02654854067	1.0	-0.0673447480581	-0.0839144444798	-0.0246808769395	-0.0449350130033	0.0429965456692	0.0125485738475	-0.0329643274024	0.0240824638178	-0.0500605560326	-0.0988361388387	-0.0138801681524	0.0339647172941	-0.0111639149166	-0.0297088755636	-0.0380509714192	-0.0116030477246	0.0386992016694	-0.0528074699765	0.00170015626036	-0.0349143586481	0.0726231022204	-0.0150554343233	0.00606880918043	-0.0495399602289	-0.0508599873124	-0.0322581833448	-0.0456477192791	0.00533724364347	0.0183996141347	-0.0631223354463	-0.0538084229747	-0.0273174450612	-0.0498505184826	-0.0499598820813	-0.0213262454455	-0.0794176667475	0.0208623135969	-0.0519963278218	-0.0154480757836	-0.109033281553	-0.0684367821522	0.0164402860828	-0.00781795616426	0.0376021622253	0.101620169901	-0.0389518064104
k__Bacteria;p__Bacteroidetes;c__Bacteroidia;o__Bacteroidales;f__Rikenellaceae;g__Alistipes;s__Alistipes_obesi	0.0227200774793	-0.0493726475885	-0.0131975192967	-0.0613841586361	-0.0225306704377	0.0264132998161	0.00744277551543	0.00216995989071	-0.00507558014066	-0.00586568523293	-0.0435665523502	0.0137397958933	-0.0673447480581	1.0	-0.00960568242176	0.0199505229732	0.0174196980778	0.0430813808302	-0.000561517629881	-0.0462330183165	0.00017652192352	-0.0972536266691	0.088825871195	-0.00801577610196	0.115908227887	0.0341470149696	0.0153581596313	0.0703857664855	0.00621110423806	-0.0149253902784	-0.0826770020328	0.000683269738225	-0.0547990263746	0.0448805925021	-0.108487994659	-0.0870305486767	-0.034999568549	-0.0168142085295	-0.0199358414708	-0.0528020361247	0.069779125368	0.0238134081637	-0.0233052438323	-0.0019241741272	-0.00667763744058	0.0107289237681	-0.0384390048785	-0.00940101276645	0.0430495386192	-0.0553264737147	-0.0385147731388	0.0357620189817	-0.0129453977995	0.0415113294625	-0.0622690235613	0.0267465695218	-0.0378563300766	-0.0376178100368	-0.0622889481827
k__Bacteria;p__Firmicutes;c__Clostridia;o__Clostridiales;f__Lachnospiraceae;g__;s__[Eubacterium]_rectale	-0.014280580672	-0.103530972274	0.0262508123818	0.00509122879856	0.0100991769125	0.0150189899951	0.0215347171073	0.03666025013	-0.0210761563663	0.0383969995186	-0.0192388077797	-0.00879479512838	-0.0839144444798	-0.00960568242176	1.0	-0.0250951063916	-0.033159053037	-0.0621145934242	0.0366276978844	-0.0229588496529	-0.0251863958425	0.0108640097191	0.0231230941374	-0.0579867903949	0.0138446569529	0.030464255305	-0.0135503249372	0.0420768735142	-0.0149408034844	-0.121182179475	-0.0761417539465	0.00712109586559	-0.0292072933563	-0.065976846952	-0.0752824881719	0.00785588807936	-0.042073590867	0.032945279625	-0.00883565858303	0.00236783828622	-0.0543656584039	-0.0248770259602	-0.00383959509088	0.0256312638867	-0.01637624731	-0.0171525178507	0.0144231158332	0.0505504755928	0.0067299592655	-0.0809749105265	-0.00401881209337	-0.0726042284082	0.0601159621143	-0.0566557367579	-0.0152601955405	-0.0710335713627	0.00804184868283	-0.0496593089599	-0.00181997211412
k__Bacteria;p__Bacteroidetes;c__Bacteroidia;o__Bacteroidales;f__Bacteroidaceae;g__Bacteroides;s__Bacteroides_plebeius	-0.0296111653839	0.00410621568238	0.00278859794367	0.0188411649555	-0.106966005177	0.0201326021673	0.0133235852165	-0.0117532112883	-0.0493722150773	-0.0535603948041	0.0152651494095	-0.0179499168534	-0.0246808769395	0.0199505229732	-0.0250951063916	1.0	-0.0288276474666	-0.00559288960683	-0.0236461316527	-0.0370788149896	-0.0874552044251	-0.0270272272921	-0.0271056386929	0.0400516905062	-0.0422223690187	-0.0141001724076	-0.0282589505833	0.108497786445	-0.0792683429642	0.0324740277355	0.0211698848734	0.0433463237001	-0.0972267622196	0.0688349655693	0.0287735689618	0.0542104414895	0.058003559281	-0.0771297592217	0.0227073170267	0.0269820855227	0.00187457128208	0.033134757704	-0.0234542957669	0.0281210759242	-0.105975171243	-0.022995666662	-0.03527488593	-0.0891707121169	-0.0265321948995	-0.0536674233284	-0.067913999652	-0.018229327661	-0.0601217362963	-0.0126409662617	-0.0270692636693	-0.0387550430249	0.0201437478496	0.0472888730759	-0.0728152538968
k__Bacteria;p__Bacteroidetes;c__Bacteroidia;o__Bacteroidales;f__Bacteroidaceae;g__Bacteroides;s__Bacteroides_fragilis	0.0542775722672	-0.0314643781562	-0.00351619261794	0.00344189860386	-0.0822431811616	-0.0641603303573	-0.042142205484	-0.0436674583408	0.00368705251933	-0.0414405828252	-0.00053869123642	-0.0540221224849	-0.0449350130033	0.0174196980778	-0.033159053037	-0.0288276474666	1.0	-0.0353651336871	-0.0990218518997	0.020939547094	0.0455795248669	-0.0701354218503	0.00188596726407	0.0637817870874	0.0806518072707	-0.0305976978353	-0.0580749399671	-0.06165264987	-0.0891328402192	0.0355514817035	0.00848725491803	0.0191133681888	-0.0399800125993	0.0144005692273	-0.0248066750483	0.0290340217437	0.0253423941397	0.0019794216566	-0.00622413025008	-0.00971785978184	-0.0280049127232	-0.00327497128103	0.0206677306223	-0.102155439804	-0.103072367565	-0.0289181673698	0.0441786728387	0.0284708725402	-0.0949552509428	0.0643924902726	0.0674772435408	-0.0105507466328	0.0753108765934	0.072128890594	-0.101785754891	-0.0437231160374	-0.0415192931543	0.0120429325641	0.0052789290105
k__Bacteria;p__Proteobacteria;c__Betaproteobacteria;o__Burkholderiales;f__Sutterellaceae;g__Sutterella;s__Sutterella_wadsworthensis	-0.0710207463271	0.0404204056681	-0.0748861625003	-0.00135157793882	-0.124506453477	-0.0180696752514	0.0834382013777	-0.0286864922331	-0.0115498620682	-0.0589874698845	-0.0888479125843	-0.0581243009612	0.0429965456692	0.0430813808302	-0.0621145934242	-0.00559288960683	-0.0353651336871	1.0	0.022458160051	0.0538048880329	0.0111498321327	-0.0509820719638	-0.0343023299571	0.00277262886107	-0.0510451261072	0.0047124479762	-0.041494275245	-0.0357102589888	0.0529185096888	-0.0394853965726	-0.0457112937501	0.0180047452079	-0.0391376817356	0.0323215728194	-0.0088977823865	-0.0556415510552	-0.0500893849002	-0.0232571766613	0.0808617382365	-0.016159204268	-0.0156841981008	-0.0372724015519	-0.0635063661362	-0.0422015007522	0.0617430330989	-0.00339795920965	-0.0876924507028	0.0649914625442	-0.0673653242152	0.0268705075572	0.0568456836045	-0.0336213511644	-0.0403161107438	-0.0273503462955	-0.0267615341548	0.0373867625751	-0.000675838773282	0.0309716116447	-0.0557765721534
k__Bacteria;p__Bacteroidetes;c__Bacteroidia;o__Bacteroidales;f__Porphyromonadaceae;g__Barnesiella;s__Barnesiella_intestinihominis	-0.0111010686833	0.00248898730125	-0.00417445148279	-0.00135975740075	-0.0366282261721	-0.0160281878196	0.000710768899605	-0.0282619317246	0.0558573473922	0.0392733310181	0.0211381116113	-0.0635917416351	0.0125485738475	-0.000561517629881	0.0366276978844	-0.0236461316527	-0.0990218518997	0.022458160051	1.0	-0.0900092935191	-0.0171276821584	-0.0627816221797	-0.00463244199298	-0.00147929212918	-0.00883394618606	-0.0782161464017	-0.00106337854402	0.0481462495892	-0.0168229050662	0.0542884931171	0.00431940397526	-0.00112798321631	-0.0333052691135	0.0237084637379	-0.0501915760356	0.0101118205103	0.045281442429	0.00406292536038	0.0393011881687	-0.034493267064	-0.00353605278014	0.0265243658683	-0.078389009789	-0.0169870875623	0.0634320845867	-0.0268270250653	-0.107731513835	-0.0730536681906	-0.00629189519498	-0.0232624499605	0.031689757544	-0.0180626426155	-0.000921417037743	0.000118130711296	0.0230642496566	-0.087491371673	0.0404181449622	-0.0199998792626	0.0409019667166
k__Bacteria;p__Bacteroidetes;c__Bacteroidia;o__Bacteroidales;f__Odoribacteraceae;g__Odoribacter;s__Odoribacter_splanchnicus	-0.056068622543	-0.0261934643072	-0.0470121660977	-0.0464405385393	0.0410960888609	-0.031488083745	-0.0159838719553	-0.00754542162517	0.0146542431474	-0.00436335254828	-0.0360539426142	0.0623087050819	-0.0329643274024	-0.0462330183165	-0.0229588496529	-0.0370788149896	0.020939547094	0.0538048880329	-0.0900092935191	1.0	0.0147465198538	-0.0206520043627	-0.0103852363024	0.0106663509287	-0.0511388822121	-0.0253358221772	0.0138890026855	0.0209109639078	-0.021077782141	-0.0291269719107	-0.0654283266976	-0.0724801871628	-0.027794475272	-0.0652235031037	-0.0732113448653	0.0240563636591	0.0159266678348	0.030618015288	-0.0599587981231	0.0430721911006	0.0296744712597	0.0158802959442	-0.0885636237594	-0.0161814630044	-0.00117503661216	-0.0367731905022	0.00916037298367	-0.0103316416806	-0.0789080801661	0.00322097146156	-0.0305238522518	0.0152127430669	0.0395679092263	0.0266845726085	-0.130646098771	0.112806312089	-0.045885159835	-0.003092142936	0.0580318331242
k__Bacteria;p__Bacteroidetes;c__Bacteroidia;o__Bacteroidales;f__Bacteroidaceae;g__Bacteroides;s__Bacteroides_salyersiae	-0.0204447235235	0.025633443758	-0.00132235917113	0.0175913287921	-0.0898777353508	0.0526922784203	-0.00186116634454	1.32885297035e-05	-0.040948311213	0.0130436846786	-0.0127571013209	-0.0193675237038	0.0240824638178	0.00017652192352	-0.0251863958425	-0.0874552044251	0.0455795248669	0.0111498321327	-0.0171276821584	0.0147465198538	1.0	0.11783158916	0.0149369859359	-0.0153502424499	-0.0302775541421	-0.0573014707469	0.0330482558353	-0.0468589507459	-0.01553402185	0.0228344396954	-0.0142331990198	-0.0584943689096	0.00107826156026	-0.121262621695	0.0230937931665	-0.0726334795677	-0.0590831731556	0.0300103130921	0.0386454370422	-0.0204350286833	0.0881388023146	-0.00822492808778	0.0317455379388	-0.041390901538	0.0231860668266	0.0349281024793	-0.0119393098985	0.0316579902414	0.0496119633331	-0.0164300932994	-0.0364909822485	-0.0143812360709	0.00507480413586	0.00582198858842	-0.0326600185933	-0.0648905366367	0.0113623273474	-0.0244804541238	0.0154017365052
k__Bacteria;p__Firmicutes;c__Clostridia;o__Clostridiales;f__Ruminococcaceae;g__Ruminiclostridium;s__[Eubacterium]_siraeum	-0.0390414509836	-0.0738595600356	-0.0306638768632	-0.0203234121217	-0.018093486389	-0.0205263293375	0.0158137421864	0.0297599163964	-0.0218812340033	-0.0224513796146	4.40891207231e-05	0.00439655681833	-0.0500605560326	-0.0972536266691	0.0108640097191	-0.0270272272921	-0.0701354218503	-0.0509820719638	-0.0627816221797	-0.0206520043627	0.11783158916	1.0	0.00281923504256	-0.0445787711609	0.00400997404591	-0.0246900883162	-0.0566716556552	-0.0770589300952	-0.0955059024469	-0.105844138254	-0.0378262656197	-0.0619675856765	0.0209995453603	-0.0774323094826	-0.0259215323532	0.0732388030473	0.0482333322752	-0.0830098022715	-0.0983958788565	0.0170683267222	0.0713321062825	-0.0387284153294	0.0633863981756	0.0361932919887	0.0243658599546	0.027732687467	0.0151914538104	-0.0159806490701	0.0239149642337	-0.0260785671888	-0.0554462696313	-0.0731477559693	-0.0183237125048	0.0454176960716	0.0219062366949	0.00574105449877	0.0200344430491	0.043627837919	0.0077794440691
k__Bacteria;p__Proteobacteria;c__Betaproteobacteria;o__Burkholderiales;f__Sutterellaceae;g__Parasutterella;s__Parasutterella_excrementihominis	-0.0201284654813	-0.104241196259	0.00258985302789	-0.0211359125982	-0.0193110865948	-0.0224127629092	0.0792802745115	-0.0654494056278	0.068329395475	-0.0442671047635	0.00453097727993	-0.0360119516349	-0.0988361388387	0.088825871195	0.0231230941374	-0.0271056386929	0.00188596726407	-0.0343023299571	-0.00463244199298	-0.0103852363024	0.0149369859359	0.00281923504256	1.0	-0.082017367473	0.0317568027171	0.0434612843809	-0.0319126533854	-0.0555462783774	0.0183167133288	-0.0856166515858	-0.0321801047024	-0.0383498964433	-0.0200754719875	0.0537043800384	-0.0489447428624	-0.0109910845452	0.0352705559446	0.00511994119183	-0.0445699439399	0.0751027238724	-0.00655426882213	0.0425976852062	0.00936490848583	-0.0184904522448	0.0171671149656	-0.0360603909743	-0.0961084760124	0.000128731895299	0.0392606746005	-0.0332416192488	0.118306352676	-0.0386569957836	0.011152485928	-0.00929257546381	-0.0855388441032	0.0445237424719	-0.0737987455172	-0.00649041844708	-0.0687186474946
k__Bacteria;p__Actinobacteria;c__Actinobacteria;o__Bifidobacteriales;f__Bifidobacteriaceae;g__Bifidobacterium;s__Bifidobacterium_adolescentis	-0.0705813773037	-0.0669831959855	0.0113895108507	-0.0331111358097	-0.0187571829077	0.00622416801723	0.0123119108201	-0.0310425404388	0.0409484666765	0.0807733484098	-0.00384977037804	-0.00501462339328	-0.0138801681524	-0.00801577610196	-0.0579867903949	0.0400516905062	0.0637817870874	0.00277262886107	-0.00147929212918	0.0106663509287	-0.0153502424499	-0.0445787711609	-0.082017367473	1.0	-0.0417545862292	-0.0555763782485	-0.0139024068948	0.0316919462726	-0.130830335229	-0.0548198173462	0.00113449555352	0.069751449105	-0.0639087873671	-0.0173137347928	0.0570864217617	-0.006646763247	0.0134188670086	-0.0591487982366	0.0466570655436	-0.0166383521923	-0.0164947601532	0.0133536642557	-0.0488262492348	0.0157780099024	0.0760595332957	-0.107036488586	0.0187366951059	0.0340867805386	-0.048026352227	0.0144573557334	0.0627415452312	-0.0250898535879	0.0392260658698	-0.0363536519752	-0.0401302211709	0.0375904838981	-0.023146953193	-0.0694457634145	0.0203104954989
k__Bacteria;p__Firmicutes;c__Clostridia;o__Clostridiales;f__Oscillospiraceae;g__Oscillibacter;s__Oscillibacter_sp._KLE_1745	-0.0211649985155	-0.0369418281176	-0.0685656261277	-0.0384131356722	-0.0833515747981	-0.0272759946509	-0.0108774919553	-0.0197113535009	-0.00852693310976	0.00202039967151	0.0165596084574	-0.083368176675	0.0339647172941	0.115908227887	0.0138446569529	-0.0422223690187	0.0806518072707	-0.0510451261072	-0.00883394618606	-0.0511388822121	-0.0302775541421	0.00400997404591	0.0317568027171	-0.0417545862292	1.0	0.00110935578435	0.00434270213004	-0.018483636208	-0.0390869086627	0.0161651561013	0.04506173625	-0.0331487613562	0.014863311555	-0.0408929423945	0.0438758270111	-0.0441627378701	-0.0780962243695	-0.0901165171275	-0.0683499156492	-0.044466853045	0.017610607206	-0.0352264364705	0.0110675417475	0.0321508481864	0.109117357903	-0.0431749163291	-0.0597520822106	-0.00393876300234	0.0371718437257	-0.0158636153924	0.0360926318786	-0.0144745502613	-0.0366571466882	-0.0175121825896	0.0136010635056	0.0371160026127	-0.0285780213807	0.00195437134438	-0.0817823584611
k__Bacteria;p__Bacteroidetes;c__Bacteroidia;o__Bacteroidales;f__Bacteroidaceae;g__Bacteroides;s__Bacteroides_coprophilus	-0.114634203547	0.0173761898929	0.0715851131942	-0.0348065158978	0.0296388739533	0.0125991768421	-0.0227182823278	-0.00705332109735	0.0508821065864	-0.0992620700353	-0.00590706330916	-0.0149011094264	-0.0111639149166	0.0341470149696	0.030464255305	-0.0141001724076	-0.0305976978353	0.0047124479762	-0.0782161464017	-0.0253358221772	-0.0573014707469	-0.0246900883162	0.0434612843809	-0.0555763782485	0.00110935578435	1.0	-0.111668196948	-0.064356925892	-0.055069382119	-0.0119231059282	0.0572002439152	0.013940569362	-0.0465816159566	-0.00702582085703	-0.0880751676337	-0.00583090377	0.000797629483423	0.00989067372988	0.0302530533136	0.0121800094273	0.00751958069257	-0.0230916611708	0.00891226624168	0.0496983837493	0.0263862740739	-0.0142556577693	0.0131004995626	0.053763564319	-0.0473049784709	-0.0731572684718	-0.0699894542632	-0.0309154100022	0.0544101228283	0.000158742179132	-0.000339080368508	0.015834905425	0.0171900964257	0.0278284387769	-0.00696039847038
k__Bacteria;p__Firmicutes;c__Clostridia;o__Clostridiales;f__Lachnospiraceae;g__Roseburia;s__Roseburia_intestinalis	0.0169443503594	0.0385175575588	0.0147133367939	0.0244682296574	0.0318015778669	0.00636119365735	-0.0521320246549	-0.0382291762221	-0.00990377744918	-0.0572489368262	-0.0237029591379	-0.000488289436098	-0.0297088755636	0.0153581596313	-0.0135503249372	-0.0282589505833	-0.0580749399671	-0.041494275245	-0.00106337854402	0.0138890026855	0.0330482558353	-0.0566716556552	-0.0319126533854	-0.0139024068948	0.00434270213004	-0.111668196948	1.0	-0.134222648355	-0.0236450841375	-0.0845635458836	0.00752410981674	0.00438607072982	-0.0169487068864	-0.0779030444516	0.015716637612	-0.0294824862382	-0.0262277951158	0.0273032861956	0.0838230954632	-0.0725673670279	0.00657333147591	0.0238798499116	-0.0131772591845	0.0325637606887	0.024861802075	-0.0484363225217	0.080410569516	0.0715327623415	0.00692189855861	-0.0681693890669	-0.0521132198027	-0.093722092958	-0.0102422320359	-0.0490599787606	0.0685208746899	0.014658338732	-0.0195662318749	-0.0290525033339	0.0548975419411
k__Bacteria;p__Firmicutes;c__Clostridia;o__Clostridiales;f__Lachnospiraceae;g__Roseburia;s__Roseburia_hominis	-0.0203528790557	0.0481079324165	0.0416585704037	-0.0139710580909	-0.0185672598434	-0.0294398578275	-0.136299968117	-0.0718509097847	-0.0519548296468	-0.0420228158648	0.0402605908815	-0.0142383575847	-0.0380509714192	0.0703857664855	0.0420768735142	0.108497786445	-0.06165264987	-0.0357102589888	0.0481462495892	0.0209109639078	-0.0468589507459	-0.0770589300952	-0.0555462783774	0.0316919462726	-0.018483636208	-0.064356925892	-0.134222648355	1.0	0.00402491381929	-0.0448404801248	0.00594284872747	0.011859652489	0.0305898704099	-0.0375046821976	0.0166601990686	0.0100840914923	-0.0205152717747	0.0243390246719	-0.0277719275356	0.0200325356697	-0.0358546024914	-0.0605951255706	-0.0198823511133	0.00671521994828	-0.0422336902873	-0.0713123152449	0.00937836831258	-0.0510738667037	-0.0298647111573	0.0693426152324	-0.0572588314013	0.00599596779022	-0.0674432620127	0.0903464663636	-0.0992993078917	-0.0518671612063	-0.0427321941791	0.0563660932377	-0.0497304900295
k__Bacteria;p__Bacteroidetes;c__Bacteroidia;o__Bacteroidales;f__Porphyromonadaceae;g__Parabacteroides;s__Parabacteroides_johnsonii	-0.0571230702588	0.0211857209425	0.0228258427835	-0.0106794611746	-0.00704030528354	0.0425398974465	-0.0621008179169	0.0141345953562	0.0386376335142	0.0268317594212	0.00334010434977	-0.0142853867286	-0.0116030477246	0.00621110423806	-0.0149408034844	-0.0792683429642	-0.0891328402192	0.0529185096888	-0.0168229050662	-0.021077782141	-0.01553402185	-0.0955059024469	0.0183167133288	-0.130830335229	-0.0390869086627	-0.055069382119	-0.0236450841375	0.00402491381929	1.0	0.0149158294792	0.00275229916588	-0.0197925579402	0.0463579725286	0.0310787366148	0.00747300104321	0.0116382147167	0.0205069864005	0.0358558025166	-0.131890840708	0.0283794216087	0.0450890813921	0.00458978653942	-0.0116612500626	0.0466251339434	0.0613670662262	0.0291956980498	0.0150685530586	-0.0244917934893	-0.0238263057378	-0.102387991886	-0.0441528529407	0.0246957419511	-0.0465171371333	0.0273150552439	0.0183501425272	-0.00775458899523	-0.0485570846694	-0.0350619361541	-0.0207556251659
k__Bacteria;p__Actinobacteria;c__Actinobacteria;o__Bifidobacteriales;f__Bifidobacteriaceae;g__Bifidobacterium;s__Bifidobacterium_longum	-0.031839142542	0.0448184387564	0.0410167583695	-0.0112656291045	-0.0201059364258	0.0515185774654	0.00941828106913	-0.000737901021122	-0.0330166399615	0.00718564560268	-0.0334871541412	-0.0128143594837	0.0386992016694	-0.0149253902784	-0.121182179475	0.0324740277355	0.0355514817035	-0.0394853965726	0.0542884931171	-0.0291269719107	0.0228344396954	-0.105844138254	-0.0856166515858	-0.0548198173462	0.0161651561013	-0.0119231059282	-0.0845635458836	-0.0448404801248	0.0149158294792	1.0	0.0308360963499	0.0135245291892	0.0148045693208	-0.0486988649202	-0.0137348171952	-0.00186942907875	-0.0230344978747	0.0438951479346	-0.0791664708747	-0.055774831435	0.0172455129556	0.00713345522402	-0.0738937804557	-0.0111745391652	-0.0102382678099	-0.0292005047866	0.0347788706547	-0.0298437003515	0.0469731328708	-0.00713808851739	0.0296147758726	0.011036297916	-0.0414665554096	-0.0402173650789	-0.00751597171253	-0.0436972564435	0.0413897676184	0.020748392963	0.0178180098909
