#taxonomy	k__Bacteria;p__Bacteroidetes;c__Bacteroidia;o__Bacteroidales;f__Bacteroidaceae;g__Bacteroides;s__Bacteroides_vulgatus	k__Bacteria;p__Bacteroidetes;c__Bacteroidia;o__Bacteroidales;f__Bacteroidaceae;g__Bacteroides;s__Bacteroides_uniformis	k__Bacteria;p__Bacteroidetes;c__Bacteroidia;o__Bacteroidales;f__Rikenellaceae;g__Alistipes;s__Alistipes_putredinis	k__Bacteria;p__Bacteroidetes;c__Bacteroidia;o__Bacteroidales;f__Prevotellaceae;g__Prevotella;s__Prevotella_copri	k__Bacteria;p__Bacteroidetes;c__Bacteroidia;o__Bacteroidales;f__Bacteroidaceae;g__Bacteroides;s__Bacteroides_stercoris	k__Bacteria;p__Bacteroidetes;c__Bacteroidia;o__Bacteroidales;f__Bacteroidaceae;g__Bacteroides;s__Bacteroides_ovatus	k__Bacteria;p__Bacteroidetes;c__Bacteroidia;o__Bacteroidales;f__Rikenellaceae;g__Alistipes;s__Alistipes_shahii	k__Bacteria;p__Firmicutes;c__Clostridia;o__Clostridiales;f__Ruminococcaceae;g__Faecalibacterium;s__Faecalibacterium_prausnitzii	k__Bacteria;p__Bacteroidetes;c__Bacteroidia;o__Bacteroidales;f__Rikenellaceae;g__Alistipes;s__Alistipes_finegoldii	k__Bacteria;p__Bacteroidetes;c__Bacteroidia;o__Bacteroidales;f__Porphyromonadaceae;g__Parabacteroides;s__Parabacteroides_distasonis	k__Bacteria;p__Bacteroidetes;c__Bacteroidia;o__Bacteroidales;f__Bacteroidaceae;g__Bacteroides;s__Bacteroides_thetaiotaomicron	k__Bacteria;p__Bacteroidetes;c__Bacteroidia;o__Bacteroidales;f__Bacteroidaceae;g__Bacteroides;s__Bacteroides_coprocola	k__Bacteria;p__Bacteroidetes;c__Bacteroidia;o__Bacteroidales;f__Bacteroidaceae;g__Bacteroides;s__Bacteroides_cellulosilyticus	k__Bacteria;p__Bacteroidetes;c__Bacteroidia;o__Bacteroidales;f__Rikenellaceae;g__Alistipes;s__Alistipes_obesi	k__Bacteria;p__Firmicutes;c__Clostridia;o__Clostridiales;f__Lachnospiraceae;g__;s__[Eubacterium]_rectale	k__Bacteria;p__Bacteroidetes;c__Bacteroidia;o__Bacteroidales;f__Bacteroidaceae;g__Bacteroides;s__Bacteroides_plebeius	k__Bacteria;p__Bacteroidetes;c__Bacteroidia;o__Bacteroidales;f__Bacteroidaceae;g__Bacteroides;s__Bacteroides_fragilis	k__Bacteria;p__Proteobacteria;c__Betaproteobacteria;o__Burkholderiales;f__Sutterellaceae;g__Sutterella;s__Sutterella_wadsworthensis	k__Bacteria;p__Bacteroidetes;c__Bacteroidia;o__Bacteroidales;f__Porphyromonadaceae;g__Barnesiella;s__Barnesiella_intestinihominis	k__Bacteria;p__Bacteroidetes;c__Bacteroidia;o__Bacteroidales;f__Odoribacteraceae;g__Odoribacter;s__Odoribacter_splanchnicus	k__Bacteria;p__Bacteroidetes;c__Bacteroidia;o__Bacteroidales;f__Bacteroidaceae;g__Bacteroides;s__Bacteroides_salyersiae	k__Bacteria;p__Firmicutes;c__Clostridia;o__Clostridiales;f__Ruminococcaceae;g__Ruminiclostridium;s__[Eubacterium]_siraeum	k__Bacteria;p__Proteobacteria;c__Betaproteobacteria;o__Burkholderiales;f__Sutterellaceae;g__Parasutterella;s__Parasutterella_excrementihominis	k__Bacteria;p__Actinobacteria;c__Actinobacteria;o__Bifidobacteriales;f__Bifidobacteriaceae;g__Bifidobacterium;s__Bifidobacterium_adolescentis	k__Bacteria;p__Firmicutes;c__Clostridia;o__Clostridiales;f__Oscillospiraceae;g__Oscillibacter;s__Oscillibacter_sp._KLE_1745	k__Bacteria;p__Bacteroidetes;c__Bacteroidia;o__Bacteroidales;f__Bacteroidaceae;g__Bacteroides;s__Bacteroides_coprophilus	k__Bacteria;p__Firmicutes;c__Clostridia;o__Clostridiales;f__Lachnospiraceae;g__Roseburia;s__Roseburia_intestinalis	k__Bacteria;p__Firmicutes;c__Clostridia;o__Clostridiales;f__Lachnospiraceae;g__Roseburia;s__Roseburia_hominis	k__Bacteria;p__Bacteroidetes;c__Bacteroidia;o__Bacteroidales;f__Porphyromonadaceae;g__Parabacteroides;s__Parabacteroides_johnsonii	k__Bacteria;p__Actinobacteria;c__Actinobacteria;o__Bifidobacteriales;f__Bifidobacteriaceae;g__Bifidobacterium;s__Bifidobacterium_longum	k__Bacteria;p__Firmicutes;c__Clostridia;o__Clostridiales;f__;g__Flavonifractor;s__Flavonifractor_plautii	k__Bacteria;p__Firmicutes;c__Clostridia;o__Clostridiales;f__Clostridiaceae;g__Clostridium;s__Clostridium_phoceensis	k__Bacteria;p__Verrucomicrobia;c__Verrucomicrobiae;o__Verrucomicrobiales;f__Akkermansiaceae;g__Akkermansia;s__Akkermansia_muciniphila	k__Bacteria;p__Bacteroidetes;c__Bacteroidia;o__Bacteroidales;f__Prevotellaceae;g__Paraprevotella;s__Paraprevotella_xylaniphila	k__Bacteria;p__Firmicutes;c__Clostridia;o__Clostridiales;f__Ruminococcaceae;g__Ruminococcus;s__Ruminococcus_callidus	k__Bacteria;p__Bacteroidetes;c__Bacteroidia;o__Bacteroidales;f__Rikenellaceae;g__Alistipes;s__Alistipes_senegalensis	k__Bacteria;p__Firmicutes;c__Clostridia;o__Clostridiales;f__Lachnospiraceae;g__Blautia;s__Blautia_sp._KLE_1732	k__Bacteria;p__Bacteroidetes;c__Bacteroidia;o__Bacteroidales;f__Bacteroidaceae;g__Bacteroides;s__Bacteroides_oleiciplenus	k__Bacteria;p__Firmicutes;c__Clostridia;o__Clostridiales;f__Ruminococcaceae;g__Ruminococcus;s__Ruminococcus_bicirculans	k__Bacteria;p__Bacteroidetes;c__Bacteroidia;o__Bacteroidales;f__Bacteroidaceae;g__Bacteroides;s__Bacteroides_fluxus	k__Bacteria;p__Bacteroidetes;c__Bacteroidia;o__Bacteroidales;f__Prevotellaceae;g__Prevotella;s__Prevotella_stercorea	k__Bacteria;p__Firmicutes;c__Clostridia;o__Clostridiales;f__Lachnospiraceae;g__Dorea;s__Dorea_longicatena	k__Bacteria;p__Firmicutes;c__Clostridia;o__Clostridiales;f__Eubacteriaceae;g__Eubacterium;s__[Eubacterium]_eligens	k__Bacteria;p__Firmicutes;c__Clostridia;o__Clostridiales;f__Ruminococcaceae;g__;s__Ruminococcaceae_bacterium_D16	k__Bacteria;p__Firmicutes;c__Clostridia;o__Clostridiales;f__Lachnospiraceae;g__Coprococcus;s__Coprococcus_comes	k__Bacteria;p__Proteobacteria;c__Gammaproteobacteria;o__Enterobacterales;f__Enterobacteriaceae;g__Escherichia;s__Escherichia_coli	k__Bacteria;p__Firmicutes;c__Clostridia;o__Clostridiales;f__Ruminococcaceae;g__Anaerotruncus;s__Anaerotruncus_colihominis	k__Bacteria;p__Firmicutes;c__Clostridia;o__Clostridiales;f__Lachnospiraceae;g__Blautia;s__Blautia_obeum	k__Bacteria;p__Bacteroidetes;c__Bacteroidia;o__Bacteroidales;f__Odoribacteraceae;g__Odoribacter;s__Odoribacter_laneus	k__Bacteria;p__Firmicutes;c__Clostridia;o__Clostridiales;f__Ruminococcaceae;g__Ruminiclostridium;s__[Clostridium]_leptum	k__Bacteria;p__Bacteroidetes;c__Bacteroidia;o__Bacteroidales;f__Porphyromonadaceae;g__Parabacteroides;s__Parabacteroides_goldsteinii	k__Bacteria;p__Firmicutes;c__Clostridia;o__Clostridiales;f__Lachnospiraceae;g__Anaerostipes;s__Anaerostipes_hadrus	k__Bacteria;p__Firmicutes;c__Clostridia;o__Clostridiales;f__Ruminococcaceae;g__Ruminococcus;s__Ruminococcus_lactaris	k__Bacteria;p__Firmicutes;c__Clostridia;o__Clostridiales;f__Clostridiaceae;g__Clostridium;s__Clostridium_sp._L2-50	k__Bacteria;p__Firmicutes;c__Clostridia;o__Clostridiales;f__Clostridiaceae;g__Clostridium;s__Clostridium_sp._M62/1	k__Bacteria;p__Firmicutes;c__Clostridia;o__Clostridiales;f__;g__Intestinimonas;s__Intestinimonas_butyriciproducens	k__Bacteria;p__Actinobacteria;c__Actinobacteria;o__Bifidobacteriales;f__Bifidobacteriaceae;g__Bifidobacterium;s__Bifidobacterium_bifidum	k__Bacteria;p__Firmicutes;c__Negativicutes;o__Veillonellales;f__Veillonellaceae;g__Dialister;s__Dialister_invisus	k__Bacteria;p__Bacteroidetes;c__Bacteroidia;o__Bacteroidales;f__Bacteroidaceae;g__Bacteroides;s__Bacteroides_salanitronis
k__Bacteria;p__Bacteroidetes;c__Bacteroidia;o__Bacteroidales;f__Bacteroidaceae;g__Bacteroides;s__Bacteroides_vulgatus	1.0	0.0331567261784	-0.00521922531699	-0.0461110498981	0.0568955700373	0.0345478330872	0.0764571104858	0.00512657851603	0.0309016839499	0.0146327429038	0.0172166280094	-0.0323022496311	-0.0278274322972	-0.00168746334087	-0.0546468316465	0.0125253769401	-0.0110207855204	-0.122918191628	-0.0284477450121	-0.112778437349	-0.0205405487218	0.00039052089304	-0.0346836834493	-0.0360835062137	-0.036659389338	-0.0659275365068	-0.00499074067186	-0.0022280732745	-0.00252139822188	0.00679156240626	0.0093126702021	-0.0893184695307	0.0115678886727	-0.0151575516916	-0.0359565959603	0.0397936874432	0.0198649801617	-0.0452511929918	0.0131105056234	0.0040718491469	0.0151264083666	0.0145142101752	-0.0641235096345	0.0113326076528	0.022865403325	-0.0756987263775	0.000401172414733	0.0457436937641	0.0318843751025	-0.0367646376615	0.0355714166821	0.00959564021484	0.0160918192782	0.0497604368288	0.00190336749807	-0.069677925658	-0.0231206719783	0.0127786904545	-0.0360043259179
k__Bacteria;p__Bacteroidetes;c__Bacteroidia;o__Bacteroidales;f__Bacteroidaceae;g__Bacteroides;s__Bacteroides_uniformis	0.0331567261784	1.0	0.05549528704	-0.0624728142942	0.00434044476063	-0.0245996095256	0.114600161181	-0.0241969544328	-0.00575411973647	0.0261901073895	-0.0242916372491	-0.0186359968769	-0.014531283718	0.000754421950163	-0.0519462504263	0.0366382414142	-0.018182376594	0.0228610079816	0.00717313542062	-0.014188838824	-0.0499111552711	0.0580956498397	-0.0275110228383	0.0355364678535	0.00849239415475	-0.0491569141213	-0.0230277355143	0.039177070419	0.0293154217242	0.0781529558445	-0.00224816806896	-0.0560494388244	-0.0100171075899	-0.0568609216426	-0.0726694840883	-0.0438525953522	0.0716413506595	-0.0533367482289	-0.051474281845	-0.0229466397877	0.0650161665186	0.0104883678608	0.0237920011186	-0.102616316392	-0.0621897013082	0.00713157707577	0.00204196325735	-0.0491992667513	0.00356655613543	-0.00288968657223	0.000280283545492	-0.0406759873261	-0.046353190508	-0.0464906121547	0.0748708605539	-0.0195184126807	-0.042344555378	-0.020481632924	0.00771622127008
k__Bacteria;p__Bacteroidetes;c__Bacteroidia;o__Bacteroidales;f__Rikenellaceae;g__Alistipes;s__Alistipes_putredinis	-0.00521922531699	0.05549528704	1.0	-0.0149830106353	-0.00452296122795	-0.0316992326513	0.00815665306117	0.0271258328146	-0.0776607898039	-0.00937068123046	-0.111354142539	0.00559249969365	-0.123509335426	-0.00965247627866	-0.0187481008524	-0.0094608376213	-0.0293171280038	0.0771614586874	-0.0470590273136	-0.0473333391686	0.0182689376006	0.0380416712321	0.00867312813399	-0.0205830511906	-0.0247924990262	0.0257247922845	0.065700119354	-0.0306983438164	0.0597439020237	-0.0345782972541	0.0448188216019	0.0215793282063	0.0186932212863	0.0139700071901	0.0145552580738	-0.0645871441193	-0.09668284929	0.0107533646602	0.0268181364828	-0.0100530718113	-0.0204639923599	0.041790323611	-0.0251882964685	0.0735495425085	0.0170145763366	-0.0601291346731	0.00636327447029	0.00499455728042	0.0215961820841	-0.097646124204	-0.12097695097	-0.0556475694726	-0.0452176374473	-0.115316064812	0.045612260665	-0.0112977150248	0.0473824159676	0.0188426736795	0.049417634167
k__Bacteria;p__Bacteroidetes;c__Bacteroidia;o__Bacteroidales;f__Prevotellaceae;g__Prevotella;s__Prevotella_copri	-0.0461110498981	-0.0624728142942	-0.0149830106353	1.0	-0.0792222038318	-0.055526701906	0.00375066156223	-0.0534755998934	-0.0358442154782	0.0174115227879	-0.0587307204727	-0.0189550875444	-0.0410618513822	-0.0362636068006	-0.120325764988	0.0528130633206	-0.0436729782435	0.0363241558358	-0.0432736737472	0.109517576945	-0.0729252874096	-0.0432560784874	0.0130318931369	-0.0142885639446	0.0133788149602	-0.0330074109467	0.0127556246138	-0.0190780658423	-0.0765898816667	-0.0453857953555	-0.0845012024657	-0.0208824623497	-0.0569375485002	0.00353145317364	-0.038637666424	0.0442624970947	-0.0109528330748	0.0197899058886	-0.0606768036936	-0.0316803480864	0.00551451246923	0.0212591114528	-0.0143957893776	-0.0181525637812	-0.000959960572919	-0.00905822732686	-0.0136972989222	-0.0212357499599	-0.0280580361176	-0.00663905186678	-0.011118027054	-0.0217461953777	0.00826775600835	0.0291647787545	-0.0229486467424	0.044702106315	-0.0112360624865	0.0192832011903	0.024881538801
k__Bacteria;p__Bacteroidetes;c__Bacteroidia;o__Bacteroidales;f__Bacteroidaceae;g__Bacteroides;s__Bacteroides_stercoris	0.0568955700373	0.00434044476063	-0.00452296122795	-0.0792222038318	1.0	-0.018928528185	-0.0685796179672	0.0343828486397	0.0259035313979	0.0353424362912	-0.0293571252828	0.00384202701647	-0.0108143101007	0.0761151390764	-0.0985107801866	0.00670760109969	0.0141559886375	-0.0806484766661	0.0301857954827	0.0103757411048	-0.0539233064925	0.0203409779135	0.0277847258128	-0.0105309394206	-0.0453259678633	-0.0530792755063	-0.0154642272996	-0.0644537538441	-0.0207290995185	-0.0523210350976	-0.054074706098	-0.0142011744284	0.0362115749257	0.0355196186716	0.00960046307985	0.0134262670607	-0.0100285301417	0.069648557573	0.0261698359035	-0.11093623795	0.0247620921609	-0.0166872342494	-0.0107039290824	-0.0583310504147	0.0407520846511	-0.0452878148144	-0.00624061658933	-0.00173701480408	-0.0166530786063	-0.0227025344995	-0.0539190738753	-0.0741472694592	0.0120453185618	-0.0858063164899	-0.0385427868974	0.0288446004212	-0.0299227353197	-0.0634143992284	-0.00438744987813
k__Bacteria;p__Bacteroidetes;c__Bacteroidia;o__Bacteroidales;f__Bacteroidaceae;g__Bacteroides;s__Bacteroides_ovatus	0.0345478330872	-0.0245996095256	-0.0316992326513	-0.055526701906	-0.018928528185	1.0	-0.0819513304279	0.0278887146502	0.0178266538576	-0.0736196363589	-0.0456407404102	0.00110339282966	0.0185954617011	-0.0514617049777	-0.00523535086549	-0.0673358278609	-0.0483503797515	-0.0967937516996	-0.00162233067573	-0.0344762308983	0.0207162464457	-0.0860354325799	0.0217033271399	-0.0458162495722	-0.075213375172	-0.0370116626719	0.0800808235186	-0.00361461872334	-0.00809379753205	-0.0108772684931	-0.0696570057912	0.0292326898746	-0.0195677847213	0.0350816076667	-0.0344179602235	0.0176705542896	-0.0653864775329	0.0420655042584	0.00656417533491	-0.0382196995268	0.0187258840599	0.0598210478698	-0.0125086154156	-0.0358680846502	0.0421047438235	-0.0349757141902	-0.0505552966836	0.00804431252154	-0.0679482705755	0.0674915774436	0.0702013449143	-0.0222520733735	-0.0019876016405	-0.046417713652	-0.0462030918172	0.0618608985752	0.00287985702442	-0.0285233236424	-0.0198703359338
k__Bacteria;p__Bacteroidetes;c__Bacteroidia;o__Bacteroidales;f__Rikenellaceae;g__Alistipes;s__Alistipes_shahii	0.0764571104858	0.114600161181	0.00815665306117	0.00375066156223	-0.0685796179672	-0.0819513304279	1.0	0.0246264426854	0.00922188645522	0.0762066804218	0.026096089101	-0.0154787533844	-0.0677770386173	-0.0433189280465	0.00517639258617	-0.0626408317315	0.026819990499	-0.0467375676752	-0.0356839607211	-0.0358839004574	-0.0158713427384	-0.01889545632	-0.140596488668	0.00100032153034	-0.0554673584806	-0.0156799342616	-0.0481609892404	-0.0436499820045	-0.00604191698257	0.00746097398176	-0.0476952278276	-0.0228705161353	0.0212025208088	0.0117167657168	-0.0167142206236	0.0193822689823	0.00781730841588	-0.0288682573999	-0.0224701462548	-0.00643063989958	0.0470049610591	0.0244250497721	-0.00145173641794	-0.0642091454607	0.0046013633696	0.0129655432584	0.0104671773948	-0.00840373714852	0.0283356388182	0.031373215157	-0.0806826842089	0.00267255645072	-0.0278923448209	0.0331579681865	-0.0661148168182	0.0218581511496	-0.0108730337279	-0.0765777181523	-0.0247545151185
k__Bacteria;p__Firmicutes;c__Clostridia;o__Clostridiales;f__Ruminococcaceae;g__Faecalibacterium;s__Faecalibacterium_prausnitzii	0.00512657851603	-0.0241969544328	0.0271258328146	-0.0534755998934	0.0343828486397	0.0278887146502	0.0246264426854	1.0	-0.0039808056184	0.0317432636744	-0.0082266157962	-0.0730363196103	-0.067141484928	-0.0292683871359	-0.0449023095247	0.00402454376368	-0.0392640195443	-0.0723231555755	-0.153590224588	-0.0860257553925	0.0288415354432	-0.0188010024438	-0.0619559760903	0.0878510035087	0.00937823644671	-0.051436363548	0.0173876585367	0.0334501130768	0.00990759155859	-0.00515903711527	0.0178225467035	-0.0296171359836	-0.0445516409396	0.0088606776069	-0.0762795899351	-0.021491270939	-0.00624403422371	0.0317631650471	-0.0782472254739	0.0198152298317	-0.0331902144784	0.0102345417393	0.00472196858706	0.0830230573947	-0.0360522183213	-0.0768119860307	-0.0435265241773	0.0526446022569	-0.0452329295335	-0.0212267364497	-0.0579494384289	-0.0490253445001	-0.01113068839	-0.0111576232663	-0.0813965097613	0.0240718331556	-0.00391145978715	-0.0296083776424	-0.00342615484179
k__Bacteria;p__Bacteroidetes;c__Bacteroidia;o__Bacteroidales;f__Rikenellaceae;g__Alistipes;s__Alistipes_finegoldii	0.0309016839499	-0.00575411973647	-0.0776607898039	-0.0358442154782	0.0259035313979	0.0178266538576	0.00922188645522	-0.0039808056184	1.0	-0.0437116335696	0.0136765898068	-0.0496177804703	0.0730581789888	-0.0129686069977	0.0252493326144	-0.0343442911117	-0.0236081409904	0.0177544580292	-0.00287058765231	-0.0493019103873	-0.0164497821337	0.0215958189296	-0.0362970738218	0.00414148496101	-0.0156414539604	0.0304165801952	-0.0260916052078	-0.0527677399084	-0.00969841112017	-0.0328008893507	-0.136426410668	-0.00739893263954	-0.024989685623	0.0327603826314	-0.00964042257003	0.00660438934927	-0.00392040664009	0.000339464732975	0.0620964049736	-0.0477502471423	0.0639667575517	-0.0204029955555	-0.0163125481526	0.0176314112783	-0.0531903162631	0.00147875155098	-0.124346091099	-0.061996808333	0.0244367242468	-0.00806147689668	-0.00572419053129	0.0572334382516	-0.0249612779143	0.0384518082982	0.0431386703795	-0.0281376546219	-0.0478961274514	-0.0524198774469	-0.00938808129534
k__Bacteria;p__Bacteroidetes;c__Bacteroidia;o__Bacteroidales;f__Porphyromonadaceae;g__Parabacteroides;s__Parabacteroides_distasonis	0.0146327429038	0.0261901073895	-0.00937068123046	0.0174115227879	0.0353424362912	-0.0736196363589	0.0762066804218	0.0317432636744	-0.0437116335696	1.0	-0.00848865068674	-0.0632562075748	0.0172350758579	-0.0234978504147	-0.032334158465	-0.0286984099317	0.0661865830913	0.00463744848738	-0.0620327231377	0.0168094357278	-0.0415095166717	-0.104630740337	-0.0766226525682	-0.0330939950558	-0.0220380235439	-0.0215557764464	-0.0298454369084	0.00485584921595	0.00743014651724	-0.0664239274787	0.0706358478394	-0.0376085147188	-0.0428793033913	0.0223563571408	-0.0618820219461	-0.0105661097363	-0.0597890776491	-0.117677924691	-0.0717601579609	-0.024820193111	0.0323793213939	0.0220729331706	-0.0929972870396	-0.0646014327014	0.0173796175187	0.023384073552	-0.0434607819665	-0.0401965658031	0.0132125297397	-0.00843601846892	0.043736592254	-0.00214966013553	-0.0293188400272	-0.0462994074371	-0.016343159861	-0.0274716152638	0.0494530820634	-0.0215468415026	-0.0596382205342
k__Bacteria;p__Bacteroidetes;c__Bacteroidia;o__Bacteroidales;f__Bacteroidaceae;g__Bacteroides;s__Bacteroides_thetaiotaomicron	0.0172166280094	-0.0242916372491	-0.111354142539	-0.0587307204727	-0.0293571252828	-0.0456407404102	0.026096089101	-0.0082266157962	0.0136765898068	-0.00848865068674	1.0	-0.0181352052284	0.045092186416	-0.0442396651772	-0.0389270149938	-0.0104684792363	-0.118255197078	-0.0463027404461	-0.00117549060297	0.020811373732	-0.0327593410366	-0.010743705231	-0.0168828681192	-0.0897897417679	0.000897048324145	0.0180442577171	0.0183260417193	-0.00391583137678	-0.03684624354	0.0552032183442	-0.0351503441906	-0.0330116697013	-0.0183854796291	-0.016380262582	-0.00379883572066	-0.0448708105077	0.0346386853381	0.00287269157902	-0.00656615755646	0.0449505678705	-0.00917422631524	-0.0514224789158	-0.00798924616581	0.00801465771037	-0.0187766478311	0.0402945696913	-0.00126831523159	0.048342846102	-0.00619467997882	-0.0274101615204	-0.0351649630971	-0.0240779458476	-0.0191050930284	0.0270901583654	-0.0989954538837	-0.0237404851188	0.0121496483435	-0.0353823635526	-0.0630317852867
k__Bacteria;p__Bacteroidetes;c__Bacteroidia;o__Bacteroidales;f__Bacteroidaceae;g__Bacteroides;s__Bacteroides_coprocola	-0.0323022496311	-0.0186359968769	0.00559249969365	-0.0189550875444	0.00384202701647	0.00110339282966	-0.0154787533844	-0.0730363196103	-0.0496177804703	-0.0632562075748	-0.0181352052284	1.0	-0.0239390608178	-0.072360482943	0.0592441408851	-0.00434365633967	-0.0259288973865	-0.0388630055693	-0.115563125425	-0.078050178324	-0.0584378926262	0.0211165665948	-0.0104254793223	-0.0441218987559	0.0433136654123	-0.0399014755427	-0.105862754509	0.0451515900241	-0.0526001473893	0.00989347104307	-0.0174417640605	0.0244026558926	-0.0647796375505	0.0175745299052	0.0481145286113	-0.0837789727574	-0.0889926513891	-0.0569742111115	-0.00319196548833	0.0411891958164	-0.0793765844768	0.0456808782162	-0.0432477194597	-0.0582676282878	0.0155060733918	-0.088439208484	-0.0147025585176	0.0562106218655	0.0194240402552	-0.0403946591067	-0.0350305343102	0.0805727571081	-0.00220612745663	0.0822598720938	-0.00595351034713	0.0176711981481	-0.0391656909503	0.002990286461	0.0460474392872
k__Bacteria;p__Bacteroidetes;c__Bacteroidia;o__Bacteroidales;f__Bacteroidaceae;g__Bacteroides;s__Bacteroides_cellulosilyticus	-0.0278274322972	-0.014531283718	-0.123509335426	-0.0410618513822	-0.0108143101007	0.0185954617011	-0.0677770386173	-0.067141484928	0.0730581789888	0.0172350758579	0.045092186416	-0.0239390608178	1.0	-0.0406403840384	-0.0446795491893	-0.0157424166932	-0.0636373514351	0.0486756689538	-0.0784410610552	-0.101570754783	0.0616368301624	-0.0612364152176	0.0132634740796	-0.0188026659664	-0.0206834624749	0.031768774011	-0.0168789564935	-0.0153402407955	-0.0358194317497	0.0489709025249	0.048584467263	-0.0356474500418	-0.050603724465	0.0096057083875	-0.0643318548041	0.00560534706896	-0.00460723615838	0.0345922949483	-0.0010260258617	0.00557135337415	-0.0357615173393	-0.0694166315509	-0.0643578540659	0.0525414499234	-0.0315266063429	-0.0783666302703	0.0194320924049	-0.0320739953715	-0.0317339668215	0.0405876505826	0.0158104142592	-0.00440634007442	-0.00941408717728	0.0180853388148	-0.00867700240218	-0.126090275929	-0.00383933970279	-0.089662053112	0.0663512895145
k__Bacteria;p__Bacteroidetes;c__Bacteroidia;o__Bacteroidales;f__Rikenellaceae;g__Alistipes;s__Alistipes_obesi	-0.00168746334087	0.000754421950163	-0.00965247627866	-0.0362636068006	0.0761151390764	-0.0514617049777	-0.0433189280465	-0.0292683871359	-0.0129686069977	-0.0234978504147	-0.0442396651772	-0.072360482943	-0.0406403840384	1.0	-0.00772862294868	-0.0114850090165	0.0353313552091	0.0385705235272	-0.0168405754104	0.0603374530287	0.0208034613237	0.0677026653296	-0.0513618363822	0.0298421709226	0.0225293068756	-0.0461965366296	-0.0673389814185	-0.079394050516	-0.00919956072156	0.0162117660223	-0.00587586734523	0.0525861196541	0.0527098157424	0.00524854532822	0.0564719816058	-0.0122126451628	-0.00676667884291	-0.0265380475934	-0.0300775650599	-0.0211496972258	-0.0230813610786	-0.0535687185172	-0.00483322155075	0.0474682305198	-0.0148656449671	-0.0632630580403	-0.00483233815931	-0.08577174504	0.0295702158039	0.00306120936988	0.024695394265	-0.104927699491	0.06294406126	-0.0565150490292	-0.0393538674642	-0.0523145690826	0.0519791998686	-0.0255953409491	-0.0843481307602
k__Bacteria;p__Firmicutes;c__Clostridia;o__Clostridiales;f__Lachnospiraceae;g__;s__[Eubacterium]_rectale	-0.0546468316465	-0.0519462504263	-0.0187481008524	-0.120325764988	-0.0985107801866	-0.00523535086549	0.00517639258617	-0.0449023095247	0.0252493326144	-0.032334158465	-0.0389270149938	0.0592441408851	-0.0446795491893	-0.00772862294868	1.0	0.0475670384397	0.0131155113283	0.0353066490466	0.0269373510642	0.00213895789448	-0.0743907306263	-0.0153089271185	0.0357304158772	-0.0251143153421	0.0263291669106	-0.025283996533	-0.0374291426529	-0.00243069963727	0.0284284968198	-0.0355142224569	-0.0824374565203	0.0103340475687	0.0141681927577	-0.0312170736141	0.0372734270473	-0.0212105641259	0.0287187955407	-0.0104771762038	-0.0237928176324	-0.0169874951775	0.0324182972196	-0.0747134357527	-0.00359881667307	0.0423321830514	-0.0557826612127	0.0138234879032	-0.113065052979	0.0142639915986	-0.0776118435468	0.0549683549941	-0.111663352962	-0.0127199799212	-0.0193468631709	0.0336065839423	0.0724918759544	0.0550460547226	0.0126789647787	0.0414248112982	-0.0474559975916
k__Bacteria;p__Bacteroidetes;c__Bacteroidia;o__Bacteroidales;f__Bacteroidaceae;g__Bacteroides;s__Bacteroides_plebeius	0.0125253769401	0.0366382414142	-0.0094608376213	0.0528130633206	0.00670760109969	-0.0673358278609	-0.0626408317315	0.00402454376368	-0.0343442911117	-0.0286984099317	-0.0104684792363	-0.00434365633967	-0.0157424166932	-0.0114850090165	0.0475670384397	1.0	0.0460568762332	-0.00718165840312	-0.0343788692361	-0.000418371161128	0.0643564666486	0.0246969803218	0.0107889787928	-0.0236781053772	-0.0859409248791	-0.0465955912491	-0.071796063729	0.0465039662762	0.0383424770475	0.00279292829893	-0.0644061723385	-0.0595874699926	6.15187648504e-05	-0.029001891566	-0.0561405104448	0.0429968130971	0.00916929076424	-0.0766216264941	-0.0829093398731	-0.0261229431836	-0.0366995152921	-0.0337906596068	0.0470942610805	-0.0580518625438	-0.0555630278274	-0.0208009462812	0.0634829519525	-0.00504315632575	-0.0700943194188	-0.00837182560941	0.101662449807	-0.108719795963	-0.0916621448828	0.00893740631943	0.0160111646626	-0.0989761585171	-0.0169619119357	0.0520203697965	0.0295420675714
k__Bacteria;p__Bacteroidetes;c__Bacteroidia;o__Bacteroidales;f__Bacteroidaceae;g__Bacteroides;s__Bacteroides_fragilis	-0.0110207855204	-0.018182376594	-0.0293171280038	-0.0436729782435	0.0141559886375	-0.0483503797515	0.026819990499	-0.0392640195443	-0.0236081409904	0.0661865830913	-0.118255197078	-0.0259288973865	-0.0636373514351	0.0353313552091	0.0131155113283	0.0460568762332	1.0	0.00780263380389	0.0348718275427	0.00355630360202	0.0231122988318	-0.0466560849751	-0.11332328284	-0.00493022205439	-0.00304838694572	0.0187245489271	-0.0187560343509	-0.0175562943952	0.0922020494452	-0.039973646343	0.0431503206873	-0.0477208400858	-0.0340483852025	-0.108803346155	-0.0315834571094	0.0311137947855	-0.00619292755019	-0.138573446056	0.0331774830947	-0.0254718461321	0.0246892362664	-0.0495609142342	-0.0557826253788	-0.0291715369065	-0.0612448670707	-0.0124282076029	-0.0480098779321	-0.0377164061798	0.0406713661652	-0.0606928226095	0.0389305828492	0.0365215936281	0.0367561324193	0.0203465741025	0.0565557936234	-0.0487518698308	-0.00113450666906	0.0609502904673	-0.0580115735359
k__Bacteria;p__Proteobacteria;c__Betaproteobacteria;o__Burkholderiales;f__Sutterellaceae;g__Sutterella;s__Sutterella_wadsworthensis	-0.122918191628	0.0228610079816	0.0771614586874	0.0363241558358	-0.0806484766661	-0.0967937516996	-0.0467375676752	-0.0723231555755	0.0177544580292	0.00463744848738	-0.0463027404461	-0.0388630055693	0.0486756689538	0.0385705235272	0.0353066490466	-0.00718165840312	0.00780263380389	1.0	-0.0178376800223	0.00792821028675	-0.00795434402609	-0.0303281331615	0.0912977896315	0.0472871209451	-0.00592557565773	0.019532950773	0.0856200474106	0.0451029602253	-0.0141287489292	0.0103709429776	-0.0482459637046	-0.0941483863793	-0.0674509007878	0.098483202472	-0.0216555229171	-0.014734529799	-0.0344427955539	-0.0174883697947	-0.0477889594232	-0.0170484214706	0.0663074253899	-0.0650710312027	0.0093074194397	-0.0650165085043	-0.0265972212957	0.0220851879163	-0.090505661005	-0.0186881334773	0.00527828300711	-0.015166020348	0.0347201332192	-0.0170282901479	-0.0529822708713	-0.0404773909118	-0.0632766095835	-0.0782474608288	0.00509267653667	-0.00953607152653	-0.00909416433291
k__Bacteria;p__Bacteroidetes;c__Bacteroidia;o__Bacteroidales;f__Porphyromonadaceae;g__Barnesiella;s__Barnesiella_intestinihominis	-0.0284477450121	0.00717313542062	-0.0470590273136	-0.0432736737472	0.0301857954827	-0.00162233067573	-0.0356839607211	-0.153590224588	-0.00287058765231	-0.0620327231377	-0.00117549060297	-0.115563125425	-0.0784410610552	-0.0168405754104	0.0269373510642	-0.0343788692361	0.0348718275427	-0.0178376800223	1.0	0.02279378109	-0.00392278286867	-0.00986012317923	-0.0257634780964	-0.0343123272695	0.000601981646284	-0.0377963265083	-0.0515640047101	-0.0474343344847	0.00932820081223	-2.12245501401e-05	0.0173358356302	0.00129434741278	-0.00587205819015	-0.102899942929	-0.0238960262843	-0.0166488058923	-0.0284991787402	-0.0227936268363	-0.0403327309923	-0.00336775121689	0.0090112716544	0.000375292706686	-0.031205854504	-0.0738186176771	-0.00239928416618	0.0465159381849	0.0327373635296	-0.0770882414891	-0.0344892779823	0.0159119140204	0.025548431981	0.0260395327054	-0.025148392353	0.0269306326329	-0.0274310770418	0.0145345770234	-0.00992404690106	0.0877279748181	-0.0219703906532
k__Bacteria;p__Bacteroidetes;c__Bacteroidia;o__Bacteroidales;f__Odoribacteraceae;g__Odoribacter;s__Odoribacter_splanchnicus	-0.112778437349	-0.014188838824	-0.0473333391686	0.109517576945	0.0103757411048	-0.0344762308983	-0.0358839004574	-0.0860257553925	-0.0493019103873	0.0168094357278	0.020811373732	-0.078050178324	-0.101570754783	0.0603374530287	0.00213895789448	-0.000418371161128	0.00355630360202	0.00792821028675	0.02279378109	1.0	-0.0422549272609	-0.000884387175911	0.0526179654657	-0.0157750087106	0.0344935875543	-0.00261063405043	-0.0125414376744	0.00245741004316	0.0298388587859	-0.0377917500386	0.018280838735	-0.0225263521521	0.0620109076157	-0.011529179082	0.0119582926184	0.00140074718168	0.0136489887699	0.0235150219638	0.0262215306503	0.00122615881201	-0.0266821147819	-0.112267365108	-0.041181438916	-0.0573080175247	0.0702488760544	0.0275248314449	-0.0805966172579	0.0207448194505	-0.0718991765098	-0.0451417977884	0.00389341838704	0.00180120691924	0.0364000930114	0.0533719856004	-0.00725810662814	-0.0955913673499	-0.0251782616493	-0.00383002095682	-0.0510349035356
k__Bacteria;p__Bacteroidetes;c__Bacteroidia;o__Bacteroidales;f__Bacteroidaceae;g__Bacteroides;s__Bacteroides_salyersiae	-0.0205405487218	-0.0499111552711	0.0182689376006	-0.0729252874096	-0.0539233064925	0.0207162464457	-0.0158713427384	0.0288415354432	-0.0164497821337	-0.0415095166717	-0.0327593410366	-0.0584378926262	0.0616368301624	0.0208034613237	-0.0743907306263	0.0643564666486	0.0231122988318	-0.00795434402609	-0.00392278286867	-0.0422549272609	1.0	-0.0678334300717	-0.00784294695225	0.0592020352645	-0.00815082909214	-0.0190374961454	-0.026482232978	0.0426504980852	0.0155323113462	-0.0679480767351	-0.00689374162723	-0.0508137750933	0.0387295756523	-0.0247962068322	-0.0545804272923	0.0382333553251	-0.0623751169091	-0.00738521659938	0.00730193647732	0.0320668846719	-0.00392900292644	-0.0207744899091	-0.120947509278	0.0526414494436	-0.0552965033076	0.0799209329348	0.0107776298156	-0.128691778489	0.00782300949401	0.0603412648229	-0.029267571937	-0.0298125029435	0.00847532917581	-0.0496755660305	-0.0496225839504	0.0544301595939	0.0803307596938	-0.0264745593974	0.00417859303265
k__Bacteria;p__Firmicutes;c__Clostridia;o__Clostridiales;f__Ruminococcaceae;g__Ruminiclostridium;s__[Eubacterium]_siraeum	0.00039052089304	0.0580956498397	0.0380416712321	-0.0432560784874	0.0203409779135	-0.0860354325799	-0.01889545632	-0.0188010024438	0.0215958189296	-0.104630740337	-0.010743705231	0.0211165665948	-0.0612364152176	0.0677026653296	-0.0153089271185	0.0246969803218	-0.0466560849751	-0.0303281331615	-0.00986012317923	-0.000884387175911	-0.0678334300717	1.0	0.0128730817898	0.0441935177089	0.0485453679338	0.00411133048141	-0.0650000395176	-0.0807448842053	-0.0946354575629	-0.00112979616084	0.0227406387355	-0.0525004095388	0.00743935167554	0.022453612034	-0.00909646488039	-0.0656915955328	0.00503222391212	0.0101975681722	0.0288668925801	-0.0605791737716	-0.0725546641215	0.0220552615948	-0.0561826444064	-0.0813182673992	0.025411902846	-0.0529559184833	-0.000647444486506	0.027094831546	-0.0290442793555	-0.0263497083664	0.00521640933831	0.0126319036399	0.0233629281784	0.00745148315493	0.0513432105531	0.0906551248193	-0.0600082520158	0.0143906972503	-0.0152061949823
k__Bacteria;p__Proteobacteria;c__Betaproteobacteria;o__Burkholderiales;f__Sutterellaceae;g__Parasutterella;s__Parasutterella_excrementihominis	-0.0346836834493	-0.0275110228383	0.00867312813399	0.0130318931369	0.0277847258128	0.0217033271399	-0.140596488668	-0.0619559760903	-0.0362970738218	-0.0766226525682	-0.0168828681192	-0.0104254793223	0.0132634740796	-0.0513618363822	0.0357304158772	0.0107889787928	-0.11332328284	0.0912977896315	-0.0257634780964	0.0526179654657	-0.00784294695225	0.0128730817898	1.0	-0.0139807283001	-0.0116803312807	0.0076847161393	0.0409392140029	-0.06921593242	-0.0563708055743	0.000538283250947	0.00683433596435	0.0802060464287	-0.00123524246748	-0.0402901706767	0.0666833693035	-0.000346675094507	-0.0336159201361	-0.0246451551594	0.0503929365763	-0.0407290080436	-0.0166179172609	-0.108267021409	-0.0310511907844	0.0438874032927	0.0339055117318	-0.0225259402033	-0.0364922669642	0.0385305220329	-0.0590725618593	0.0247621404881	-0.0361106230271	0.0492218754221	0.050995326368	0.0542875824452	-0.0357612358243	0.0140404990104	-0.082700358378	-0.00922156981523	-0.0538720155874
k__Bacteria;p__Actinobacteria;c__Actinobacteria;o__Bifidobacteriales;f__Bifidobacteriaceae;g__Bifidobacterium;s__Bifidobacterium_adolescentis	-0.0360835062137	0.0355364678535	-0.0205830511906	-0.0142885639446	-0.0105309394206	-0.0458162495722	0.00100032153034	0.0878510035087	0.00414148496101	-0.0330939950558	-0.0897897417679	-0.0441218987559	-0.0188026659664	0.0298421709226	-0.0251143153421	-0.0236781053772	-0.00493022205439	0.0472871209451	-0.0343123272695	-0.0157750087106	0.0592020352645	0.0441935177089	-0.0139807283001	1.0	-0.0491932329877	0.0341068575768	-0.0462798498515	0.0525961849969	0.00395717999531	-0.0704386457248	0.0311723195365	0.00140922856226	-0.0371664132324	0.0136407590044	-0.0181786551682	-0.0178724277674	-0.0317392336643	0.00929767553054	-0.0387164210802	-0.0417484794052	-0.0648485303229	0.0229071874713	0.00218643849523	-0.0326705309665	-0.0219194834629	-0.110106929828	-0.048613453653	-0.0286529853711	-0.02873983948	-0.0427636352418	-0.0201134404902	0.0547167841391	0.0335928207847	-0.0559033626043	-0.0677579746097	-0.0296732404621	0.0261112767945	-0.0177127334908	-0.0301873929266
k__Bacteria;p__Firmicutes;c__Clostridia;o__Clostridiales;f__Oscillospiraceae;g__Oscillibacter;s__Oscillibacter_sp._KLE_1745	-0.036659389338	0.00849239415475	-0.0247924990262	0.0133788149602	-0.0453259678633	-0.075213375172	-0.0554673584806	0.00937823644671	-0.0156414539604	-0.0220380235439	0.000897048324145	0.0433136654123	-0.0206834624749	0.0225293068756	0.0263291669106	-0.0859409248791	-0.00304838694572	-0.00592557565773	0.000601981646284	0.0344935875543	-0.00815082909214	0.0485453679338	-0.0116803312807	-0.0491932329877	1.0	-0.00532111516543	-0.0901794301032	-0.027532445868	0.00197919653366	0.00928831478336	-0.0492261908422	0.056355212697	-0.0753315095566	-0.0360343725813	-0.0433060414168	-0.0097384864326	-0.00910873565721	-0.0932120566358	-0.0851032213375	-0.0473552087226	0.00586777061268	-0.0665407605623	-0.0659713102936	0.0252065490166	-0.00531864024756	0.074919533983	-0.00308532644635	-0.0331686893948	0.0187989955103	-0.00665715014149	-0.00248152337885	-0.0588497825301	0.0503092858518	-0.0628785276708	-0.0442531101737	-0.0444272683384	0.000196247336061	-0.038494464323	-0.0261391914406
k__Bacteria;p__Bacteroidetes;c__Bacteroidia;o__Bacteroidales;f__Bacteroidaceae;g__Bacteroides;s__Bacteroides_coprophilus	-0.0659275365068	-0.0491569141213	0.0257247922845	-0.0330074109467	-0.0530792755063	-0.0370116626719	-0.0156799342616	-0.051436363548	0.0304165801952	-0.0215557764464	0.0180442577171	-0.0399014755427	0.031768774011	-0.0461965366296	-0.025283996533	-0.0465955912491	0.0187245489271	0.019532950773	-0.0377963265083	-0.00261063405043	-0.0190374961454	0.00411133048141	0.0076847161393	0.0341068575768	-0.00532111516543	1.0	-0.0109110213228	-0.0470414370814	0.0308844104955	0.0255696726696	0.0528175758153	-0.0221230996051	-0.00248688718928	0.00987423489615	-0.0161220498935	0.018442956011	-0.00013287672933	-0.0563398806757	0.0421443438778	-0.033915753106	-0.0342823514459	-0.0970800882821	-0.00868673371215	-0.0711011328544	-0.109303039685	-0.0547490926887	0.0189584032289	-0.0193485369536	0.0205291886766	-0.0743511095297	-0.0273527757448	0.00606920020592	-0.0164227619351	-0.023324143632	-0.00594609592843	-0.0166857686721	-0.0800460480824	-0.025269792249	0.0956698132036
k__Bacteria;p__Firmicutes;c__Clostridia;o__Clostridiales;f__Lachnospiraceae;g__Roseburia;s__Roseburia_intestinalis	-0.00499074067186	-0.0230277355143	0.065700119354	0.0127556246138	-0.0154642272996	0.0800808235186	-0.0481609892404	0.0173876585367	-0.0260916052078	-0.0298454369084	0.0183260417193	-0.105862754509	-0.0168789564935	-0.0673389814185	-0.0374291426529	-0.071796063729	-0.0187560343509	0.0856200474106	-0.0515640047101	-0.0125414376744	-0.026482232978	-0.0650000395176	0.0409392140029	-0.0462798498515	-0.0901794301032	-0.0109110213228	1.0	-0.0299181295281	-0.0255125530416	-0.00432641504886	-0.0114819026151	-0.0380252863438	-0.0619065235834	-0.0167535088314	0.0167484151787	-0.0552518552995	-0.0253481410402	0.0114874500725	-0.0442579434093	-0.0241609658209	0.00561061619276	0.0196451770953	0.0347142953716	0.0264666142332	-0.0356937857791	-0.0535674906102	-0.0365264518267	0.0479745774945	-0.0306308633214	0.0470173942875	0.0218506654703	-0.0731556323529	-0.0912058089571	0.0223597003251	0.022292684576	-0.0490934184555	0.0364680734508	-0.0183454902358	0.0210292956261
k__Bacteria;p__Firmicutes;c__Clostridia;o__Clostridiales;f__Lachnospiraceae;g__Roseburia;s__Roseburia_hominis	-0.0022280732745	0.039177070419	-0.0306983438164	-0.0190780658423	-0.0644537538441	-0.00361461872334	-0.0436499820045	0.0334501130768	-0.0527677399084	0.00485584921595	-0.00391583137678	0.0451515900241	-0.0153402407955	-0.079394050516	-0.00243069963727	0.0465039662762	-0.0175562943952	0.0451029602253	-0.0474343344847	0.00245741004316	0.0426504980852	-0.0807448842053	-0.06921593242	0.0525961849969	-0.027532445868	-0.0470414370814	-0.0299181295281	1.0	0.0446388119606	-0.028565600728	0.00524380684873	-0.0224441155482	0.0333362611971	-0.0384286212562	-0.0319758679659	-0.105888905569	-0.0919257788175	0.0603077353512	-0.0314407495651	0.0253312061239	-0.0349179125111	0.0310936494784	-0.0569888921179	0.0133366863788	-0.0793878733804	-0.0323337889816	0.14386216911	-0.0791898842356	0.0745850512904	-0.0718453601873	-0.0093994190024	-0.121152334161	-0.052186327806	0.00612749892354	-0.0990215563063	-0.0123389139213	0.00969786281718	-0.0140713925383	-0.018671516045
k__Bacteria;p__Bacteroidetes;c__Bacteroidia;o__Bacteroidales;f__Porphyromonadaceae;g__Parabacteroides;s__Parabacteroides_johnsonii	-0.00252139822188	0.0293154217242	0.0597439020237	-0.0765898816667	-0.0207290995185	-0.00809379753205	-0.00604191698257	0.00990759155859	-0.00969841112017	0.00743014651724	-0.03684624354	-0.0526001473893	-0.0358194317497	-0.00919956072156	0.0284284968198	0.0383424770475	0.0922020494452	-0.0141287489292	0.00932820081223	0.0298388587859	0.0155323113462	-0.0946354575629	-0.0563708055743	0.00395717999531	0.00197919653366	0.0308844104955	-0.0255125530416	0.0446388119606	1.0	0.000622482617987	-0.0161373999418	-0.0128870019535	-0.0290209114869	-0.00389542521177	-0.00126794949972	-0.0673933625438	-0.0676223084836	0.0878305113544	-0.0681440247908	-0.0792679481404	-0.00877337504785	-0.0526208592957	-0.0673628203497	0.0451114511225	-0.0816676743749	0.00473838374421	-0.0357985022844	-0.0234310868409	-0.0733859032541	-0.0777580308702	0.0225831667444	-0.0184383058571	-0.0830139344841	-0.0482506476358	-0.0100810106109	-0.0402135997163	0.0174122963655	0.074718196668	-0.0418702337607
k__Bacteria;p__Actinobacteria;c__Actinobacteria;o__Bifidobacteriales;f__Bifidobacteriaceae;g__Bifidobacterium;s__Bifidobacterium_longum	0.00679156240626	0.0781529558445	-0.0345782972541	-0.0453857953555	-0.0523210350976	-0.0108772684931	0.00746097398176	-0.00515903711527	-0.0328008893507	-0.0664239274787	0.0552032183442	0.00989347104307	0.0489709025249	0.0162117660223	-0.0355142224569	0.00279292829893	-0.039973646343	0.0103709429776	-2.12245501401e-05	-0.0377917500386	-0.0679480767351	-0.00112979616084	0.000538283250947	-0.0704386457248	0.00928831478336	0.0255696726696	-0.00432641504886	-0.028565600728	0.000622482617987	1.0	0.0262349398453	-0.0789658926529	-0.110678184903	-0.0648656863217	-0.0319616039528	-0.0803844502058	0.0536407929731	0.0100704134305	0.00457542308414	-0.0327547425474	-0.00569990135804	-0.0215810969387	-0.020471366341	0.0230366091845	-0.104800195106	-0.00731789530931	-0.0235919405571	0.00048470362323	0.00967644324342	0.0456375342895	-0.0277246357426	-0.0332293300792	-0.066435139653	-0.0252788332867	0.00947810772925	-0.0988633956573	-0.0281598392872	-0.0232309135572	-0.00256151212032
