#taxonomy	k__Bacteria;p__Bacteroidetes;c__Bacteroidia;o__Bacteroidales;f__Bacteroidaceae;g__Bacteroides;s__Bacteroides_vulgatus	k__Bacteria;p__Bacteroidetes;c__Bacteroidia;o__Bacteroidales;f__Bacteroidaceae;g__Bacteroides;s__Bacteroides_uniformis	k__Bacteria;p__Bacteroidetes;c__Bacteroidia;o__Bacteroidales;f__Rikenellaceae;g__Alistipes;s__Alistipes_putredinis	k__Bacteria;p__Bacteroidetes;c__Bacteroidia;o__Bacteroidales;f__Prevotellaceae;g__Prevotella;s__Prevotella_copri	k__Bacteria;p__Bacteroidetes;c__Bacteroidia;o__Bacteroidales;f__Bacteroidaceae;g__Bacteroides;s__Bacteroides_stercoris	k__Bacteria;p__Bacteroidetes;c__Bacteroidia;o__Bacteroidales;f__Bacteroidaceae;g__Bacteroides;s__Bacteroides_ovatus	k__Bacteria;p__Bacteroidetes;c__Bacteroidia;o__Bacteroidales;f__Rikenellaceae;g__Alistipes;s__Alistipes_shahii	k__Bacteria;p__Firmicutes;c__Clostridia;o__Clostridiales;f__Ruminococcaceae;g__Faecalibacterium;s__Faecalibacterium_prausnitzii	k__Bacteria;p__Bacteroidetes;c__Bacteroidia;o__Bacteroidales;f__Rikenellaceae;g__Alistipes;s__Alistipes_finegoldii	k__Bacteria;p__Bacteroidetes;c__Bacteroidia;o__Bacteroidales;f__Porphyromonadaceae;g__Parabacteroides;s__Parabacteroides_distasonis	k__Bacteria;p__Bacteroidetes;c__Bacteroidia;o__Bacteroidales;f__Bacteroidaceae;g__Bacteroides;s__Bacteroides_thetaiotaomicron	k__Bacteria;p__Bacteroidetes;c__Bacteroidia;o__Bacteroidales;f__Bacteroidaceae;g__Bacteroides;s__Bacteroides_coprocola	k__Bacteria;p__Bacteroidetes;c__Bacteroidia;o__Bacteroidales;f__Bacteroidaceae;g__Bacteroides;s__Bacteroides_cellulosilyticus	k__Bacteria;p__Bacteroidetes;c__Bacteroidia;o__Bacteroidales;f__Rikenellaceae;g__Alistipes;s__Alistipes_obesi	k__Bacteria;p__Firmicutes;c__Clostridia;o__Clostridiales;f__Lachnospiraceae;g__;s__[Eubacterium]_rectale	k__Bacteria;p__Bacteroidetes;c__Bacteroidia;o__Bacteroidales;f__Bacteroidaceae;g__Bacteroides;s__Bacteroides_plebeius	k__Bacteria;p__Bacteroidetes;c__Bacteroidia;o__Bacteroidales;f__Bacteroidaceae;g__Bacteroides;s__Bacteroides_fragilis	k__Bacteria;p__Proteobacteria;c__Betaproteobacteria;o__Burkholderiales;f__Sutterellaceae;g__Sutterella;s__Sutterella_wadsworthensis	k__Bacteria;p__Bacteroidetes;c__Bacteroidia;o__Bacteroidales;f__Porphyromonadaceae;g__Barnesiella;s__Barnesiella_intestinihominis	k__Bacteria;p__Bacteroidetes;c__Bacteroidia;o__Bacteroidales;f__Odoribacteraceae;g__Odoribacter;s__Odoribacter_splanchnicus	k__Bacteria;p__Bacteroidetes;c__Bacteroidia;o__Bacteroidales;f__Bacteroidaceae;g__Bacteroides;s__Bacteroides_salyersiae	k__Bacteria;p__Firmicutes;c__Clostridia;o__Clostridiales;f__Ruminococcaceae;g__Ruminiclostridium;s__[Eubacterium]_siraeum	k__Bacteria;p__Proteobacteria;c__Betaproteobacteria;o__Burkholderiales;f__Sutterellaceae;g__Parasutterella;s__Parasutterella_excrementihominis	k__Bacteria;p__Actinobacteria;c__Actinobacteria;o__Bifidobacteriales;f__Bifidobacteriaceae;g__Bifidobacterium;s__Bifidobacterium_adolescentis	k__Bacteria;p__Firmicutes;c__Clostridia;o__Clostridiales;f__Oscillospiraceae;g__Oscillibacter;s__Oscillibacter_sp._KLE_1745	k__Bacteria;p__Bacteroidetes;c__Bacteroidia;o__Bacteroidales;f__Bacteroidaceae;g__Bacteroides;s__Bacteroides_coprophilus	k__Bacteria;p__Firmicutes;c__Clostridia;o__Clostridiales;f__Lachnospiraceae;g__Roseburia;s__Roseburia_intestinalis	k__Bacteria;p__Firmicutes;c__Clostridia;o__Clostridiales;f__Lachnospiraceae;g__Roseburia;s__Roseburia_hominis	k__Bacteria;p__Bacteroidetes;c__Bacteroidia;o__Bacteroidales;f__Porphyromonadaceae;g__Parabacteroides;s__Parabacteroides_johnsonii	k__Bacteria;p__Actinobacteria;c__Actinobacteria;o__Bifidobacteriales;f__Bifidobacteriaceae;g__Bifidobacterium;s__Bifidobacterium_longum	k__Bacteria;p__Firmicutes;c__Clostridia;o__Clostridiales;f__;g__Flavonifractor;s__Flavonifractor_plautii	k__Bacteria;p__Firmicutes;c__Clostridia;o__Clostridiales;f__Clostridiaceae;g__Clostridium;s__Clostridium_phoceensis	k__Bacteria;p__Verrucomicrobia;c__Verrucomicrobiae;o__Verrucomicrobiales;f__Akkermansiaceae;g__Akkermansia;s__Akkermansia_muciniphila	k__Bacteria;p__Bacteroidetes;c__Bacteroidia;o__Bacteroidales;f__Prevotellaceae;g__Paraprevotella;s__Paraprevotella_xylaniphila	k__Bacteria;p__Firmicutes;c__Clostridia;o__Clostridiales;f__Ruminococcaceae;g__Ruminococcus;s__Ruminococcus_callidus	k__Bacteria;p__Bacteroidetes;c__Bacteroidia;o__Bacteroidales;f__Rikenellaceae;g__Alistipes;s__Alistipes_senegalensis	k__Bacteria;p__Firmicutes;c__Clostridia;o__Clostridiales;f__Lachnospiraceae;g__Blautia;s__Blautia_sp._KLE_1732	k__Bacteria;p__Bacteroidetes;c__Bacteroidia;o__Bacteroidales;f__Bacteroidaceae;g__Bacteroides;s__Bacteroides_oleiciplenus	k__Bacteria;p__Firmicutes;c__Clostridia;o__Clostridiales;f__Ruminococcaceae;g__Ruminococcus;s__Ruminococcus_bicirculans	k__Bacteria;p__Bacteroidetes;c__Bacteroidia;o__Bacteroidales;f__Bacteroidaceae;g__Bacteroides;s__Bacteroides_fluxus	k__Bacteria;p__Bacteroidetes;c__Bacteroidia;o__Bacteroidales;f__Prevotellaceae;g__Prevotella;s__Prevotella_stercorea	k__Bacteria;p__Firmicutes;c__Clostridia;o__Clostridiales;f__Lachnospiraceae;g__Dorea;s__Dorea_longicatena	k__Bacteria;p__Firmicutes;c__Clostridia;o__Clostridiales;f__Eubacteriaceae;g__Eubacterium;s__[Eubacterium]_eligens	k__Bacteria;p__Firmicutes;c__Clostridia;o__Clostridiales;f__Ruminococcaceae;g__;s__Ruminococcaceae_bacterium_D16	k__Bacteria;p__Firmicutes;c__Clostridia;o__Clostridiales;f__Lachnospiraceae;g__Coprococcus;s__Coprococcus_comes	k__Bacteria;p__Proteobacteria;c__Gammaproteobacteria;o__Enterobacterales;f__Enterobacteriaceae;g__Escherichia;s__Escherichia_coli	k__Bacteria;p__Firmicutes;c__Clostridia;o__Clostridiales;f__Ruminococcaceae;g__Anaerotruncus;s__Anaerotruncus_colihominis	k__Bacteria;p__Firmicutes;c__Clostridia;o__Clostridiales;f__Lachnospiraceae;g__Blautia;s__Blautia_obeum	k__Bacteria;p__Bacteroidetes;c__Bacteroidia;o__Bacteroidales;f__Odoribacteraceae;g__Odoribacter;s__Odoribacter_laneus	k__Bacteria;p__Firmicutes;c__Clostridia;o__Clostridiales;f__Ruminococcaceae;g__Ruminiclostridium;s__[Clostridium]_leptum	k__Bacteria;p__Bacteroidetes;c__Bacteroidia;o__Bacteroidales;f__Porphyromonadaceae;g__Parabacteroides;s__Parabacteroides_goldsteinii	k__Bacteria;p__Firmicutes;c__Clostridia;o__Clostridiales;f__Lachnospiraceae;g__Anaerostipes;s__Anaerostipes_hadrus	k__Bacteria;p__Firmicutes;c__Clostridia;o__Clostridiales;f__Ruminococcaceae;g__Ruminococcus;s__Ruminococcus_lactaris	k__Bacteria;p__Firmicutes;c__Clostridia;o__Clostridiales;f__Clostridiaceae;g__Clostridium;s__Clostridium_sp._L2-50	k__Bacteria;p__Firmicutes;c__Clostridia;o__Clostridiales;f__Clostridiaceae;g__Clostridium;s__Clostridium_sp._M62/1	k__Bacteria;p__Firmicutes;c__Clostridia;o__Clostridiales;f__;g__Intestinimonas;s__Intestinimonas_butyriciproducens	k__Bacteria;p__Actinobacteria;c__Actinobacteria;o__Bifidobacteriales;f__Bifidobacteriaceae;g__Bifidobacterium;s__Bifidobacterium_bifidum	k__Bacteria;p__Firmicutes;c__Negativicutes;o__Veillonellales;f__Veillonellaceae;g__Dialister;s__Dialister_invisus	k__Bacteria;p__Bacteroidetes;c__Bacteroidia;o__Bacteroidales;f__Bacteroidaceae;g__Bacteroides;s__Bacteroides_salanitronis
k__Bacteria;p__Bacteroidetes;c__Bacteroidia;o__Bacteroidales;f__Bacteroidaceae;g__Bacteroides;s__Bacteroides_vulgatus	1.0	-0.0143830212666	-0.00988265379966	0.0415874871375	-0.0128932388838	-0.0501951652943	-0.0227275180896	-0.0657666060457	0.0442556635009	-0.101999300788	0.0431749399565	-0.110291477617	-0.0415242201415	0.0680994633049	-0.125584999649	0.00367529722177	-0.0423824522917	-0.0695983368537	-0.0270658026282	-0.0699564725255	0.0304793050187	-0.0890385171146	-0.0922905740905	-0.0510007845208	0.0340414854092	-0.0395850400144	0.0131188321545	-0.000236830895261	0.037121638819	-0.0154029161293	0.0412272597831	0.00976646620204	0.0357833587293	-0.0310661450828	0.0950130326224	0.0218645851349	0.0329362318228	0.0140774250674	-0.0402786970136	-0.0359323212602	0.00766445187549	0.00569123545462	-0.085858771452	0.0149811718563	0.029941170279	0.0264629090678	-0.0343350574819	-0.036146709136	0.0797351923286	0.00662163817653	0.0135778474814	0.0110874052474	-0.0234312248773	0.020619303812	-0.030883141425	-0.109621854341	-0.0018597453147	0.00127112515674	0.0062700125694
k__Bacteria;p__Bacteroidetes;c__Bacteroidia;o__Bacteroidales;f__Bacteroidaceae;g__Bacteroides;s__Bacteroides_uniformis	-0.0143830212666	1.0	-0.10347837698	-0.0526900594811	0.0151751155341	0.0413857065253	-0.0843078665989	0.00436521149505	-0.0501635262306	-0.0612739942867	-0.0385752528368	-0.0373554445557	0.00558495325517	-0.0663869567371	-0.0318509989296	-0.0366685582924	0.0288747523812	-0.0535963345998	-0.0923735180192	-0.0234942057025	-0.021694530974	-0.046295669236	0.0133359513887	0.0495174687994	-0.0296941112179	0.146436468336	0.0145862176197	0.0545189967892	-0.156913606104	-0.0505349655697	0.0591381501299	-0.00778626255549	0.00443035939851	0.008491349023	0.0231200544493	-0.0204990295565	-0.00639914325838	-0.0505055467121	-0.00933767650674	0.0649563674117	0.0217438889741	0.021266682314	-0.0124937538653	-0.0897075559836	-0.0509359913865	-0.0479753896752	0.00892557753697	0.0485071239813	0.00482451665229	0.0513879601915	-0.00121596601387	0.0491347507519	0.0328975562492	-0.0414600494502	-0.0760129227135	-0.071297601945	-0.00013045574135	-0.0406939882762	0.000537583106199
k__Bacteria;p__Bacteroidetes;c__Bacteroidia;o__Bacteroidales;f__Rikenellaceae;g__Alistipes;s__Alistipes_putredinis	-0.00988265379966	-0.10347837698	1.0	-0.0410334957759	-0.0272348452952	0.0253952254764	-0.0538986934569	0.0179558838286	-0.0201166147663	-0.0166830988547	-0.0310022026897	-0.0506806871144	0.00805881209821	-0.0271729614215	-0.0291589117537	0.0547075391009	0.0217228984298	0.0167190315259	-0.020351784998	-0.00740134542146	-0.0293368556855	-0.0419544496324	-0.046995676316	-0.0267653644741	-0.0252663539027	0.0144334174922	-0.0276438969962	-0.0197453051183	0.0428469297148	-0.0211908846153	0.00371578377293	-0.0130417536761	0.036021971971	-0.060815709358	0.0163345280708	0.0471685386648	0.0105883000498	-0.0192826973688	-0.0611229845127	0.0971328435966	0.00727601535448	0.0121431287696	0.00583590990616	-0.0206031571334	-0.0251335309313	-0.0450090867432	-0.0334989678879	0.012445073456	0.0541330023474	-0.0718430224049	-0.0272157391972	0.00814176627832	0.0637856478258	-0.0729190136696	0.00677934548051	0.0243741686181	0.0433519840892	0.0033064728576	-0.0219056608298
k__Bacteria;p__Bacteroidetes;c__Bacteroidia;o__Bacteroidales;f__Prevotellaceae;g__Prevotella;s__Prevotella_copri	0.0415874871375	-0.0526900594811	-0.0410334957759	1.0	0.0355055206551	-0.00752758717127	0.0222468816508	-0.0481270189827	-0.0176710984784	-0.0714886523759	0.0428620068554	-0.037305777817	-0.0449342961233	-0.0234791980591	-0.0440717184051	0.0783627501802	-0.068761842398	0.0447701068312	-0.00574869384972	-0.0132533676074	0.0236689444903	-0.00465037404458	0.00705218769498	-0.0703673209766	0.0188609337434	-0.0144988281775	0.00771032890901	0.0208202994044	-0.104768696092	0.0184760991531	-0.0615557058863	-0.0250303325679	0.0246574968988	-0.0856348473234	0.0195764882252	0.0458918977501	-0.0390509108315	-0.0101380635508	0.0853826023721	-0.0272311728066	-0.0456825410585	-0.0980771835527	0.00776782180703	0.0265890864593	-0.0810072307515	-0.0187859280329	-0.0254411693561	-0.0285191657158	-0.0557738524142	0.0113213968567	0.0432225807164	-0.0383058871143	-0.014719517929	-0.101749918751	-0.00395057612248	0.00422002321762	0.0255639066237	0.0296208392768	0.00254331315607
k__Bacteria;p__Bacteroidetes;c__Bacteroidia;o__Bacteroidales;f__Bacteroidaceae;g__Bacteroides;s__Bacteroides_stercoris	-0.0128932388838	0.0151751155341	-0.0272348452952	0.0355055206551	1.0	0.054922980488	-0.00288673907417	0.0149297731741	-0.00218526279352	-0.0209661173348	-0.0308751162794	0.00889572098831	-0.0295820343371	-0.0706556045394	0.0230012235836	-0.0300790909916	0.00497567447915	0.00300342611885	0.0142035019889	-0.0167215047528	-0.0680923956454	-0.0347192190951	-0.033068416241	-0.0177096406254	-0.0550561891999	0.0134934296943	-0.0591964931236	0.0273250886124	-0.0569032902763	-0.0710475264552	0.0455313252574	0.0225256592926	-0.0216004531117	0.0317686916501	-0.0705500411586	-0.0365648218298	-0.0665338302365	-0.104602700062	-0.0467089570518	0.00813846300187	-0.00929690686852	-0.0558463531173	0.0310569369953	-0.0292152652981	-0.00515321517864	0.0243604909835	-0.0609155893379	0.120360139809	-0.0321721967139	0.0255571555166	0.0554142359382	-0.0120553575282	-0.049818079059	-0.0411158080109	0.0705904708709	0.0806470431895	0.0916593821956	0.0360253352409	-0.0304819896344
k__Bacteria;p__Bacteroidetes;c__Bacteroidia;o__Bacteroidales;f__Bacteroidaceae;g__Bacteroides;s__Bacteroides_ovatus	-0.0501951652943	0.0413857065253	0.0253952254764	-0.00752758717127	0.054922980488	1.0	0.0233698032965	0.0441949704805	-0.0610325779554	-0.0645139093007	-0.0257528076869	-0.0549615995996	0.0605184049512	0.0173429990045	0.019207401656	-0.135083359813	0.0160379942631	-0.0430088830413	-0.0167770779929	0.0188486520596	-0.103105456269	-0.0711055924089	-0.012119829003	0.0131604672644	-0.0370031656768	-0.0386113073705	-0.0341046861364	0.0600821116289	-0.000110219823634	-0.0475421841741	0.0285954310525	-0.0503998991507	0.0253120237199	-0.0747556150724	0.031878644582	-0.0203594198965	-0.0647158950521	-0.0187849119145	-0.0146789298534	-0.0109321046079	-0.00562303384732	0.0242191790346	-0.0361174665221	0.00629246226316	-0.0367728002462	-0.026576598745	-0.084319029675	0.0556638211003	-0.0563396531921	0.0357651913676	0.00772300447603	-0.0244350715932	-0.0790790056068	-0.0098825527763	0.022740369375	0.055306482314	-0.0639955312681	-0.0517204103501	-0.0133298461618
k__Bacteria;p__Bacteroidetes;c__Bacteroidia;o__Bacteroidales;f__Rikenellaceae;g__Alistipes;s__Alistipes_shahii	-0.0227275180896	-0.0843078665989	-0.0538986934569	0.0222468816508	-0.00288673907417	0.0233698032965	1.0	-0.00987569210582	-0.0474260397669	0.0462548734648	0.00124094226192	0.0316926467855	-0.0643531359815	-0.00664625451674	0.0244323822463	0.0424607734378	-0.0028404714778	-0.0214959825586	-0.0503109114968	-0.0821161735154	-0.0723985618818	0.00636715713464	-0.030514977095	-0.0109806741139	-0.0374643122958	-0.0419631820329	-0.00665990346196	-0.00729479386469	0.0594329736989	-0.0502470720023	0.0355249687608	0.0835717261336	-0.0620219238715	0.0314120391007	-0.0175233721178	-0.0297064466227	0.024693160266	-0.0791170389414	0.00942027770027	-0.1205949096	-0.00846377618238	0.0322785917611	-0.0396137593966	-0.0309885749903	0.064390481393	-0.0145065395341	0.016312112727	0.0251989802168	-0.049947877723	0.0461865937451	0.0191580489743	0.00658712057665	-0.037806271733	0.0339421976095	-0.0592517603005	-0.0357764212786	-0.00385110262909	-0.02887982745	0.0182222225918
k__Bacteria;p__Firmicutes;c__Clostridia;o__Clostridiales;f__Ruminococcaceae;g__Faecalibacterium;s__Faecalibacterium_prausnitzii	-0.0657666060457	0.00436521149505	0.0179558838286	-0.0481270189827	0.0149297731741	0.0441949704805	-0.00987569210582	1.0	-0.074411711159	0.00708377994347	0.0195352799159	-0.0503989443469	-0.0444654334382	-0.000315853686583	-0.0399932622	-0.0423722899426	-0.0867627913204	-0.0415346503913	0.0624413136109	-0.0767200964018	0.0320227196115	-0.0395869814791	0.00489941401456	0.00369940125358	0.0289348615663	-0.00983484869032	0.0895036129125	-0.0372216223429	0.0843439450447	-0.0260610666756	-0.103461538402	-0.0896639641257	-0.0342032625516	-0.0687781019213	-0.0624724485107	-0.0460835671769	0.0579473680361	-0.0487543369522	-0.0425158328778	-0.0418913651984	0.0552825986203	0.022861500527	-0.00242187833375	-0.0650770890482	0.0467908600168	-0.00702699782994	-0.0268198061724	-0.0532934785228	0.0282761564268	0.0228310936803	0.0450805018762	-0.0453068395598	0.0252533424563	-0.0541874296673	-0.0300759158931	-0.0515108057314	-0.0148483800354	-0.000132606638831	-0.0329870324044
k__Bacteria;p__Bacteroidetes;c__Bacteroidia;o__Bacteroidales;f__Rikenellaceae;g__Alistipes;s__Alistipes_finegoldii	0.0442556635009	-0.0501635262306	-0.0201166147663	-0.0176710984784	-0.00218526279352	-0.0610325779554	-0.0474260397669	-0.074411711159	1.0	-0.0541393235494	-0.00737511879618	-0.0212115252201	-0.0501563200945	0.0128739634856	0.0274235906834	0.0326152254348	-0.0235300025402	-0.0867890637955	0.0545206258472	0.0422115833036	0.00798591189307	0.0473569289349	-0.0404688367924	-0.0392679772131	-0.0345348383714	-0.0661499255955	0.0227401939126	0.00986350048536	-0.0626511125337	-0.0568688156175	-0.0322059455742	0.00464118176855	-0.027159256643	-0.00890247189314	-0.086935945805	0.0617707044799	-0.0492805592689	-0.0197551472968	-0.11040468221	0.0470321049088	-0.0257634066733	0.00331670500267	-0.00901337107315	0.0295040516728	0.0641034117563	-0.0421643135279	-0.021797583967	-0.0271538115999	-0.0476322809315	-0.0489645521172	-0.0502686854663	0.0175393393542	-0.00877362941116	-0.0224387799583	-0.00501298214569	-0.0152811078255	-0.00914208437934	-0.0498409469238	-0.00530267706626
k__Bacteria;p__Bacteroidetes;c__Bacteroidia;o__Bacteroidales;f__Porphyromonadaceae;g__Parabacteroides;s__Parabacteroides_distasonis	-0.101999300788	-0.0612739942867	-0.0166830988547	-0.0714886523759	-0.0209661173348	-0.0645139093007	0.0462548734648	0.00708377994347	-0.0541393235494	1.0	-0.0907816727051	-0.0668881954658	-0.00157672177142	0.0624305934887	0.0029458941147	0.0853504322045	-0.0436677592783	-0.0439271252415	0.0523260138954	-0.0312655032529	-0.0115494427802	-0.100689428056	-0.0404744968989	0.0634743352807	-0.0368329198216	-0.0497444248891	0.0221314552922	-0.0433760597138	0.0156757167657	0.0365445726602	-0.0131420768289	-0.0504198821439	0.00702109425045	0.0236642167619	0.0133187773408	-0.0146455811792	0.0328557372177	-0.00521668949952	0.00388873763504	-0.0523053612665	0.021244720892	0.0248217108504	-0.0123367298972	-0.0721182051613	-0.0120395954442	0.00300565251982	-0.0423526355432	0.0429065040595	0.0304294563684	-0.0493774248065	-0.0334663530143	0.0058489855811	-0.0397741686306	-0.148965655021	-0.0627539680684	-0.0136878465306	-0.0264760109364	0.0777198173792	-0.0449369023388
k__Bacteria;p__Bacteroidetes;c__Bacteroidia;o__Bacteroidales;f__Bacteroidaceae;g__Bacteroides;s__Bacteroides_thetaiotaomicron	0.0431749399565	-0.0385752528368	-0.0310022026897	0.0428620068554	-0.0308751162794	-0.0257528076869	0.00124094226192	0.0195352799159	-0.00737511879618	-0.0907816727051	1.0	0.0143099159112	-0.040749019148	0.00941931509167	0.00230761138885	0.0215589429421	0.0189803253935	-0.000420747397073	-0.0404330749499	-0.0591871789447	-0.0190780907205	-0.0652675807644	-0.0554806305653	-0.0921290644155	0.0482542062627	-0.0113173781605	0.011505691079	-0.00344437522217	-0.0114413373593	-0.0301779044415	0.0478748467837	-0.0311570417992	0.00589936488761	-0.033736112145	-0.00913619177632	-0.0277457208268	-0.0204841850324	-0.0560252445034	-0.0541808591643	-0.0284703770371	0.0283572503563	-0.0315610207554	-0.0482149913508	-0.0139768436096	0.0349855930094	0.0147937700283	-0.0136266922826	0.0413822966267	-0.0593499917795	0.0508124072178	-0.0519925953977	-0.00414338786133	-0.0525280135529	0.00387118903608	0.00992159368445	-0.0661296583866	0.0174475158746	-0.0179445945415	0.0510553491514
k__Bacteria;p__Bacteroidetes;c__Bacteroidia;o__Bacteroidales;f__Bacteroidaceae;g__Bacteroides;s__Bacteroides_coprocola	-0.110291477617	-0.0373554445557	-0.0506806871144	-0.037305777817	0.00889572098831	-0.0549615995996	0.0316926467855	-0.0503989443469	-0.0212115252201	-0.0668881954658	0.0143099159112	1.0	0.0310214899013	-0.0700424104702	-0.0699256702831	0.0447032075772	-0.0327351084127	0.0112232866346	-0.0226360136913	-0.0213390225353	0.0213273279265	-0.0442520948417	-0.0363763575258	0.0382018754255	-0.0489908249971	-0.0150449706311	-0.0372527732556	-0.00438181565741	0.0219783665533	0.0647534736963	0.0431011247638	-0.0850417832426	-0.00499497812872	-0.0170533926047	0.0297804729147	-0.0708089265562	-0.0107109749393	0.0265000630654	0.000540348244618	0.0495821419705	-0.039686300936	-0.0324018798093	-0.0880805018209	-0.0254298542112	-0.0372086065799	0.0550474993987	0.0168081367608	-0.0890533382339	-0.044883041196	-0.0552526727468	-0.1129027393	0.0333193224999	-0.028236501256	-0.0718518582367	-0.0924369819993	-0.0234112826925	0.0619632344665	-0.0423301631441	-0.00734328701407
k__Bacteria;p__Bacteroidetes;c__Bacteroidia;o__Bacteroidales;f__Bacteroidaceae;g__Bacteroides;s__Bacteroides_cellulosilyticus	-0.0415242201415	0.00558495325517	0.00805881209821	-0.0449342961233	-0.0295820343371	0.0605184049512	-0.0643531359815	-0.0444654334382	-0.0501563200945	-0.00157672177142	-0.040749019148	0.0310214899013	1.0	-0.0628691110174	-0.0435663080141	0.0200377210242	-0.00408161099208	-0.0178742750199	-0.0513487194961	0.0222760081129	-0.0633109033896	-0.0555541590647	-0.029449076997	-0.000144940761338	-0.0117215143522	0.0769811487906	-0.0307937750878	-0.0520159273867	0.0747117644811	-0.0167672590778	-0.118646273333	-0.0690984524005	-0.0734879969627	-0.0716014240625	-0.0475633449824	-0.0079071978662	0.0429649456342	0.00088782858579	0.0148105116814	0.00267735714242	0.0928334648808	-0.0624740221455	-0.117931045447	-0.0418434700857	-0.0467689238625	-0.0270455007095	-0.0187033630454	0.0318675443487	-0.047544426293	-0.0780397473833	-0.0228682589788	0.00216425247048	0.0167347416174	0.00262683920298	-0.0214543424054	-0.0238233159492	-0.00603987447056	0.00389008017989	0.0140488739266
k__Bacteria;p__Bacteroidetes;c__Bacteroidia;o__Bacteroidales;f__Rikenellaceae;g__Alistipes;s__Alistipes_obesi	0.0680994633049	-0.0663869567371	-0.0271729614215	-0.0234791980591	-0.0706556045394	0.0173429990045	-0.00664625451674	-0.000315853686583	0.0128739634856	0.0624305934887	0.00941931509167	-0.0700424104702	-0.0628691110174	1.0	0.0970304964604	-0.0450476488279	0.0416191270903	-0.0943768562853	-0.0389535071158	0.0426368588781	0.0383665601503	0.0166089586546	0.0400568399842	-0.0318226884921	0.00609303409551	-0.0844563237528	0.00369635660068	-0.0340056243033	-0.0622587588825	-0.0199878009091	-0.0869419123729	0.061861638907	-0.0297261133475	-0.0322287039753	-0.00717675292894	-0.0231627376454	-0.0232234964809	0.015629906282	-0.0705503697682	-0.0346874144881	-0.000572875487344	-0.0483583924728	-0.0157751924191	-0.0735770412518	-0.0640332916258	-0.0401864749879	0.108023557419	-0.0257592954075	0.0459476932778	-0.038808869576	-0.0828101710169	-0.0283161978538	-0.0481384597907	0.0125444179853	0.0145112499409	-0.088567512362	-0.0159601171532	0.00999884937285	0.0200042032424
k__Bacteria;p__Firmicutes;c__Clostridia;o__Clostridiales;f__Lachnospiraceae;g__;s__[Eubacterium]_rectale	-0.125584999649	-0.0318509989296	-0.0291589117537	-0.0440717184051	0.0230012235836	0.019207401656	0.0244323822463	-0.0399932622	0.0274235906834	0.0029458941147	0.00230761138885	-0.0699256702831	-0.0435663080141	0.0970304964604	1.0	0.00877543622543	-0.0541598501455	-0.0630496738926	-0.0239347207606	-0.0230495258663	0.00895001814841	-0.0443864804549	-0.0609574358849	0.070122369506	-0.067490294957	-0.0307512731165	-0.0303185537678	-0.0161548560885	0.0850065134775	0.0361385189195	-0.0252172386651	0.0436029499289	0.0144869665728	-0.0371010301503	0.0104068279993	-0.00795582166397	0.00287842085257	0.0389449948358	0.0107567829138	-0.0162741813258	-0.057529386694	0.00999351075048	0.0189796910264	-0.0431939534835	0.104040814361	-0.0314057813333	-0.0278842781732	-0.0347035520021	-0.0957737469814	0.00283943688456	0.030124071093	-0.0212305286356	-0.018569502129	-0.0305574702568	-0.0272904405596	0.0480466858259	-0.0412398833219	-0.0237676425067	-0.0287550306491
k__Bacteria;p__Bacteroidetes;c__Bacteroidia;o__Bacteroidales;f__Bacteroidaceae;g__Bacteroides;s__Bacteroides_plebeius	0.00367529722177	-0.0366685582924	0.0547075391009	0.0783627501802	-0.0300790909916	-0.135083359813	0.0424607734378	-0.0423722899426	0.0326152254348	0.0853504322045	0.0215589429421	0.0447032075772	0.0200377210242	-0.0450476488279	0.00877543622543	1.0	0.051072063121	0.0102870817921	0.0173966423031	0.0100636565251	-0.0413764024168	0.0103410624491	-0.0213949219584	-0.00647020846539	-0.0770499400269	-0.0630314968792	0.00252574718019	0.00889838265711	0.0348555640818	0.00638147243955	0.0774215130437	-0.094747470361	-0.0402962134675	0.0530166746026	0.00773291784987	0.00588616364814	-0.029595262629	-0.0357650148978	0.0727680463032	0.0620062247354	-0.00529648977728	-0.0647381873188	-0.0842866809527	0.0359936153802	-0.00100352186823	-0.0219632540528	-0.0850388391269	-0.0115274178614	0.0376925930146	-0.0406893152828	0.025242991991	-0.00333801341465	0.0363833039555	-0.0926398972831	-0.0497750257356	-0.0111240105372	-0.0193449955707	-0.0858950862972	-0.00279900409408
k__Bacteria;p__Bacteroidetes;c__Bacteroidia;o__Bacteroidales;f__Bacteroidaceae;g__Bacteroides;s__Bacteroides_fragilis	-0.0423824522917	0.0288747523812	0.0217228984298	-0.068761842398	0.00497567447915	0.0160379942631	-0.0028404714778	-0.0867627913204	-0.0235300025402	-0.0436677592783	0.0189803253935	-0.0327351084127	-0.00408161099208	0.0416191270903	-0.0541598501455	0.051072063121	1.0	0.0499708603665	0.0117369208208	0.0264258897638	-0.0542771955787	-0.0290527173068	-0.0227593113771	-0.0195532062419	-0.0616611897415	0.131330108785	-0.0396971218445	-0.0167979750962	-0.0426721155559	0.0655971621937	0.0153316156125	-0.0889879497865	-0.219268921811	-0.0487487534504	-0.103855322533	-0.0455905366303	-0.0818803047698	0.00941969008862	0.0449798866185	-0.0425469992101	0.113491954042	0.0849194951603	-0.0882980795994	-0.00612347313476	-0.00834525401307	-0.045865036918	0.00779104760396	-0.00987574555426	0.0204241681688	-0.00426109427824	-0.026390597905	-0.0727934526446	0.0777744280295	0.0215937331236	0.000846367916097	-0.0171255357807	-0.0733641689101	-0.00338859405958	-0.0544911096394
k__Bacteria;p__Proteobacteria;c__Betaproteobacteria;o__Burkholderiales;f__Sutterellaceae;g__Sutterella;s__Sutterella_wadsworthensis	-0.0695983368537	-0.0535963345998	0.0167190315259	0.0447701068312	0.00300342611885	-0.0430088830413	-0.0214959825586	-0.0415346503913	-0.0867890637955	-0.0439271252415	-0.000420747397073	0.0112232866346	-0.0178742750199	-0.0943768562853	-0.0630496738926	0.0102870817921	0.0499708603665	1.0	0.06014095706	-0.00473392125669	-0.049936397391	0.0331473449968	0.0234857994386	-0.066462944655	0.0137964827608	-0.0250818323617	0.00278203234264	-0.075204963491	-0.00804240778972	-0.0624565488828	0.0322228643145	-0.00769929222418	0.0190625993969	-0.0363160396281	-0.0359713329597	0.0180043797288	-0.0125470245631	-0.0345243109558	0.0394432254551	-0.0864737799726	-0.0137106599155	-0.0608841959444	0.0581990359395	-0.0725273925681	0.00278026913381	0.0540481501993	-0.0147044999195	0.0548922732018	0.0383777549817	0.0422083145422	-0.0339881926376	-0.0531733342965	0.060785909531	0.0024204260755	0.0554370264389	0.0228014748482	0.0513154735898	-0.0844944308609	-0.037487168925
k__Bacteria;p__Bacteroidetes;c__Bacteroidia;o__Bacteroidales;f__Porphyromonadaceae;g__Barnesiella;s__Barnesiella_intestinihominis	-0.0270658026282	-0.0923735180192	-0.020351784998	-0.00574869384972	0.0142035019889	-0.0167770779929	-0.0503109114968	0.0624413136109	0.0545206258472	0.0523260138954	-0.0404330749499	-0.0226360136913	-0.0513487194961	-0.0389535071158	-0.0239347207606	0.0173966423031	0.0117369208208	0.06014095706	1.0	-0.0365955461766	-0.0187889133166	-0.0313436204161	-0.0129843065291	-0.00327085209241	-0.0562857246362	-0.0106409872511	0.0602649349412	0.00325178070214	0.0662010642482	-0.0899039181206	-0.0660925010167	-0.026756651883	0.0446459062989	-0.0674930136944	0.00991026166749	-0.0582496456887	-0.0236280253682	0.0436657560977	-0.0100449289326	0.014429126543	0.0101431989899	-0.038660025546	0.0197740317868	0.0200502607288	0.0239522413825	0.000478872499181	-0.0732832129003	0.024389708699	-0.0318614369269	-0.00785093443358	-0.0142046893651	-0.035595927472	0.0132589412449	0.0474111745415	-0.0748718329917	-0.0436940250325	-0.0309073708751	-0.00203990129611	0.0040077969287
k__Bacteria;p__Bacteroidetes;c__Bacteroidia;o__Bacteroidales;f__Odoribacteraceae;g__Odoribacter;s__Odoribacter_splanchnicus	-0.0699564725255	-0.0234942057025	-0.00740134542146	-0.0132533676074	-0.0167215047528	0.0188486520596	-0.0821161735154	-0.0767200964018	0.0422115833036	-0.0312655032529	-0.0591871789447	-0.0213390225353	0.0222760081129	0.0426368588781	-0.0230495258663	0.0100636565251	0.0264258897638	-0.00473392125669	-0.0365955461766	1.0	0.0845037165167	0.0431890476321	0.0279999049178	0.00951542798636	0.00385098829545	-0.0655144642027	-0.0453548431407	-0.0512080576103	-0.00656608623174	-0.0959315352693	-0.0377182380873	-0.0515925555133	-0.0274857098918	0.0023871825542	0.0425997605405	0.0102488372192	0.0432646654102	0.0867661623875	-0.140809726579	-0.0454899172841	0.0307340513174	-0.0470911892053	0.0349135483436	-0.0287256140744	-0.00854725586337	-0.0596095225371	0.00897880492177	-0.0974820103792	-0.0516161254358	0.009618946573	-0.0650427549562	-0.045701407275	-0.0684350730914	-0.110981660386	-0.0489326298055	-0.0529779923977	-0.0123781549776	-0.0481950457137	-0.0175317600091
k__Bacteria;p__Bacteroidetes;c__Bacteroidia;o__Bacteroidales;f__Bacteroidaceae;g__Bacteroides;s__Bacteroides_salyersiae	0.0304793050187	-0.021694530974	-0.0293368556855	0.0236689444903	-0.0680923956454	-0.103105456269	-0.0723985618818	0.0320227196115	0.00798591189307	-0.0115494427802	-0.0190780907205	0.0213273279265	-0.0633109033896	0.0383665601503	0.00895001814841	-0.0413764024168	-0.0542771955787	-0.049936397391	-0.0187889133166	0.0845037165167	1.0	-0.0359793384765	0.0249499542962	0.0590309597014	0.00660808075198	0.0018663681077	0.0132624097738	-0.0985655416514	0.0397039010006	-0.0686219881301	-0.0270187406551	0.00571835262421	-0.0012064798347	-0.0282015067591	-0.0101034770073	-0.0285357698055	-0.0435379892447	-0.0428497088095	0.0516497875235	-0.0485229043405	-0.0945943377418	-0.00964403441506	0.0381425483078	0.0230155198837	0.0556693073059	0.0197567835636	-0.0433125571876	-0.0663783884958	0.00885523439407	-0.0677237078115	0.0526605818959	0.0229483080131	-0.0408221188781	-0.0291888902077	0.0210510301497	0.0113615172747	-0.0186704624724	0.00929072562603	0.040078899336
k__Bacteria;p__Firmicutes;c__Clostridia;o__Clostridiales;f__Ruminococcaceae;g__Ruminiclostridium;s__[Eubacterium]_siraeum	-0.0890385171146	-0.046295669236	-0.0419544496324	-0.00465037404458	-0.0347192190951	-0.0711055924089	0.00636715713464	-0.0395869814791	0.0473569289349	-0.100689428056	-0.0652675807644	-0.0442520948417	-0.0555541590647	0.0166089586546	-0.0443864804549	0.0103410624491	-0.0290527173068	0.0331473449968	-0.0313436204161	0.0431890476321	-0.0359793384765	1.0	0.0319933653873	-0.069001251095	-0.0853285875639	-0.00189720300607	-0.0297532119189	0.0409498661654	0.0223419924461	0.0084740057406	-0.038022437576	-0.0567023865675	-0.00294230334756	-0.0085505535513	-0.0112435427173	-0.0453859060312	-0.0426504724167	-0.0727794572609	-0.0353211978232	0.0713692924338	0.00831912510869	-0.0489437032498	0.0172577349671	-0.000852155090932	-0.083137180643	-0.0438354793378	0.00163873086118	-0.0327460259504	0.0413271902817	-0.0305745321815	0.00617874424262	0.00807774151966	-0.0408517846887	-0.04963605559	-0.0562670496307	0.0423068126486	-0.0259671121911	0.0632417188377	0.071132941424
k__Bacteria;p__Proteobacteria;c__Betaproteobacteria;o__Burkholderiales;f__Sutterellaceae;g__Parasutterella;s__Parasutterella_excrementihominis	-0.0922905740905	0.0133359513887	-0.046995676316	0.00705218769498	-0.033068416241	-0.012119829003	-0.030514977095	0.00489941401456	-0.0404688367924	-0.0404744968989	-0.0554806305653	-0.0363763575258	-0.029449076997	0.0400568399842	-0.0609574358849	-0.0213949219584	-0.0227593113771	0.0234857994386	-0.0129843065291	0.0279999049178	0.0249499542962	0.0319933653873	1.0	0.0370048303872	-0.0112531754666	0.0654838646666	-0.066169844637	-0.00694554533238	-0.0727885482958	0.00632394378651	0.00348535337673	0.0133699632171	0.0198380949004	-0.0127780299091	-0.0113836803131	-0.0955132617143	-0.03737005025	-0.00499192699585	0.0839109296524	-0.0840262705539	0.0281418933743	-0.102988850368	-0.0292217022175	-0.010065475561	-0.0319615418934	-0.0125891490109	0.00716501253313	-0.0128514294333	-0.00960859402627	-0.0547413389912	0.0205144584029	-0.045658269957	0.0315043512341	0.146397345906	-0.0394804646628	-0.0374276468073	-0.0360770151126	-0.00430350350686	0.00962720640679
k__Bacteria;p__Actinobacteria;c__Actinobacteria;o__Bifidobacteriales;f__Bifidobacteriaceae;g__Bifidobacterium;s__Bifidobacterium_adolescentis	-0.0510007845208	0.0495174687994	-0.0267653644741	-0.0703673209766	-0.0177096406254	0.0131604672644	-0.0109806741139	0.00369940125358	-0.0392679772131	0.0634743352807	-0.0921290644155	0.0382018754255	-0.000144940761338	-0.0318226884921	0.070122369506	-0.00647020846539	-0.0195532062419	-0.066462944655	-0.00327085209241	0.00951542798635	0.0590309597014	-0.069001251095	0.0370048303872	1.0	-0.0322151897256	-0.00664310504802	-0.0389931158393	0.00320700197773	0.0340712935474	0.0302325376768	-0.0435158963194	0.0868719141809	-0.114420510362	0.0230896862959	-0.0826410113526	-0.0108862023476	0.0218274803292	-0.00675978926722	0.0360752321192	0.0108770120608	-0.0424307263343	-0.0444619028609	-0.0210689435857	-0.0099131070419	-0.0278585589052	-0.0724419872312	-0.0466869154931	-0.0299272514616	0.0434745017038	-0.0831748994011	0.0327025656603	-0.0274772387026	-0.0265260959458	-0.0510196949501	-0.0363412736557	-0.0118248901973	0.0252994603258	-0.051400222571	0.00328520323651
k__Bacteria;p__Firmicutes;c__Clostridia;o__Clostridiales;f__Oscillospiraceae;g__Oscillibacter;s__Oscillibacter_sp._KLE_1745	0.0340414854092	-0.0296941112179	-0.0252663539027	0.0188609337434	-0.0550561891999	-0.0370031656768	-0.0374643122958	0.0289348615663	-0.0345348383714	-0.0368329198216	0.0482542062627	-0.0489908249971	-0.0117215143522	0.00609303409551	-0.067490294957	-0.0770499400269	-0.0616611897415	0.0137964827608	-0.0562857246362	0.00385098829545	0.00660808075198	-0.0853285875639	-0.0112531754666	-0.0322151897256	1.0	0.0494477388653	-0.00467066695621	-0.0781713876936	0.0545089912642	-0.0511334342064	-0.00743624057019	0.0153785641995	0.0302618968843	-0.0164013734597	0.0692446033391	-0.112452717947	-0.0235479378847	-0.0719050618987	0.0133410773439	0.0529721086472	-0.029994112213	-0.0270004032043	-0.00358365391622	0.00502938515241	-0.00628323297436	0.0877494157898	-0.110858559289	-0.0264385913243	-0.0385160717158	-0.0115949631723	0.0239570890422	-0.0330112922841	0.0512691402868	0.0412678450212	-0.068968400252	-0.0673454044449	-0.0467907712295	-0.0082160218418	-0.0351193854224
k__Bacteria;p__Bacteroidetes;c__Bacteroidia;o__Bacteroidales;f__Bacteroidaceae;g__Bacteroides;s__Bacteroides_coprophilus	-0.0395850400144	0.146436468336	0.0144334174922	-0.0144988281775	0.0134934296943	-0.0386113073705	-0.0419631820329	-0.00983484869032	-0.0661499255955	-0.0497444248891	-0.0113173781605	-0.0150449706311	0.0769811487906	-0.0844563237528	-0.0307512731165	-0.0630314968792	0.131330108785	-0.0250818323617	-0.0106409872511	-0.0655144642027	0.0018663681077	-0.00189720300607	0.0654838646666	-0.00664310504802	0.0494477388653	1.0	-0.0586988351129	0.0345498631703	-0.0865021492509	0.0510877185654	-0.0602966186489	-0.0494737642383	0.0386592745601	-0.0761275676969	0.0108326329899	-0.0373038341725	0.0139652169197	0.0404651328246	-0.0470559664193	0.0265897418511	-0.00782088417978	0.0207274003697	-0.0777303553721	-0.078882261071	0.0049157698456	-0.00854399139497	0.0658045141979	-0.00134122657613	-0.048482189343	0.0518076347701	-0.00112558817009	-0.00286187024679	-0.016304694152	-0.0807049831633	-0.000342925204512	0.0131272792781	-0.074322866964	0.0325554532947	-0.0502500180878
k__Bacteria;p__Firmicutes;c__Clostridia;o__Clostridiales;f__Lachnospiraceae;g__Roseburia;s__Roseburia_intestinalis	0.0131188321545	0.0145862176197	-0.0276438969962	0.00771032890901	-0.0591964931236	-0.0341046861364	-0.00665990346196	0.0895036129125	0.0227401939126	0.0221314552922	0.011505691079	-0.0372527732556	-0.0307937750878	0.00369635660068	-0.0303185537678	0.00252574718019	-0.0396971218445	0.00278203234264	0.0602649349412	-0.0453548431407	0.0132624097738	-0.0297532119189	-0.066169844637	-0.0389931158393	-0.00467066695621	-0.0586988351129	1.0	0.0565047288864	-0.00894954443403	-0.0295643168374	-0.00419097247812	-0.0121213138755	-0.0407353180165	0.0186677428017	0.0198193414727	0.0165939143303	0.000544546982152	-0.0206720534151	0.00649910246053	0.00250096841469	-0.0729659857234	0.00641562994905	0.00460389416384	-0.0160079003262	0.00981902320221	0.0536385541784	-0.0979773034974	-0.079258482678	-0.0563274571043	-0.0295476084381	-0.00974553969111	0.00693627429742	0.00479628649107	-0.00880007208575	-0.0647099012166	0.0505125908833	-0.00554012002521	0.0426684177251	-0.0120937300122
k__Bacteria;p__Firmicutes;c__Clostridia;o__Clostridiales;f__Lachnospiraceae;g__Roseburia;s__Roseburia_hominis	-0.000236830895261	0.0545189967892	-0.0197453051183	0.0208202994044	0.0273250886124	0.0600821116289	-0.00729479386469	-0.0372216223429	0.00986350048536	-0.0433760597138	-0.00344437522217	-0.00438181565741	-0.0520159273867	-0.0340056243033	-0.0161548560885	0.00889838265711	-0.0167979750962	-0.075204963491	0.00325178070214	-0.0512080576103	-0.0985655416514	0.0409498661654	-0.00694554533238	0.00320700197773	-0.0781713876936	0.0345498631703	0.0565047288864	1.0	-0.016507524822	-0.00657903881269	-0.0113538109444	-0.0537636051218	-0.0442777352619	-0.0189744739314	0.0528978684212	-0.0209633398311	-0.0520247102046	0.0424525255593	-0.137980124081	-0.0156096671623	0.058755887784	0.0269645774113	0.0444790173749	0.0684690139462	0.0309943912138	0.0106027772778	0.0109736151949	-0.0872065438948	-0.0153232503758	0.0500337687967	-0.0951288246053	-0.0324708414056	-0.0795874117557	-0.0240366311588	-0.0236911531602	-0.0457650866118	-0.0703049441242	-0.0489184213935	-0.0168207251524
k__Bacteria;p__Bacteroidetes;c__Bacteroidia;o__Bacteroidales;f__Porphyromonadaceae;g__Parabacteroides;s__Parabacteroides_johnsonii	0.037121638819	-0.156913606104	0.0428469297148	-0.104768696092	-0.0569032902763	-0.000110219823634	0.0594329736989	0.0843439450447	-0.0626511125337	0.0156757167657	-0.0114413373593	0.0219783665533	0.0747117644811	-0.0622587588825	0.0850065134775	0.0348555640818	-0.0426721155559	-0.00804240778972	0.0662010642482	-0.00656608623174	0.0397039010006	0.0223419924461	-0.0727885482958	0.0340712935474	0.0545089912642	-0.0865021492509	-0.00894954443403	-0.016507524822	1.0	-0.0578614267178	-0.0278003461049	0.0125555075716	0.0187432102929	-0.0923908488624	-0.030894085916	-0.00901291346418	0.015380080464	-0.0640933827171	-0.0521709647316	0.00372619977769	-0.0371846385196	-0.0309286107156	0.0158184915196	0.0101211908511	-0.0107335743904	-0.123567947776	-0.0128613437786	-0.0217122533465	-0.0436693419361	-0.0261719935549	-0.00148562477181	-0.0262012493277	-0.0313355379945	-0.0995289321559	-0.00441945916057	-0.0542421987006	0.0463951647266	-0.0404794014985	0.0251730969688
k__Bacteria;p__Actinobacteria;c__Actinobacteria;o__Bifidobacteriales;f__Bifidobacteriaceae;g__Bifidobacterium;s__Bifidobacterium_longum	-0.0154029161293	-0.0505349655697	-0.0211908846153	0.0184760991531	-0.0710475264552	-0.0475421841741	-0.0502470720023	-0.0260610666756	-0.0568688156175	0.0365445726602	-0.0301779044415	0.0647534736963	-0.0167672590778	-0.0199878009091	0.0361385189195	0.00638147243955	0.0655971621937	-0.0624565488828	-0.0899039181206	-0.0959315352693	-0.0686219881301	0.0084740057406	0.00632394378651	0.0302325376768	-0.0511334342064	0.0510877185654	-0.0295643168374	-0.00657903881269	-0.0578614267178	1.0	-0.0687098259856	0.0685196239752	-0.067539462773	-0.0402447826626	-0.0699468759747	-0.0435731588064	-0.0073319273114	0.0358158505729	0.0734134397425	0.0378188808966	0.0204874902039	-0.0625719351181	-0.0299549397609	-0.0123762283637	-0.0391712852056	-0.105798518456	-0.00622294044331	-0.0323444188119	-0.0212544503024	0.0133459708037	-0.0451228785847	0.0858987003656	-0.0118423206076	-0.0156839665661	0.0399493091055	0.0658848594508	-0.00969198307569	-0.0446785192717	-0.0509475761671
