#taxonomy	k__Bacteria;p__Bacteroidetes;c__Bacteroidia;o__Bacteroidales;f__Bacteroidaceae;g__Bacteroides;s__Bacteroides_vulgatus	k__Bacteria;p__Bacteroidetes;c__Bacteroidia;o__Bacteroidales;f__Bacteroidaceae;g__Bacteroides;s__Bacteroides_uniformis	k__Bacteria;p__Bacteroidetes;c__Bacteroidia;o__Bacteroidales;f__Rikenellaceae;g__Alistipes;s__Alistipes_putredinis	k__Bacteria;p__Bacteroidetes;c__Bacteroidia;o__Bacteroidales;f__Prevotellaceae;g__Prevotella;s__Prevotella_copri	k__Bacteria;p__Bacteroidetes;c__Bacteroidia;o__Bacteroidales;f__Bacteroidaceae;g__Bacteroides;s__Bacteroides_stercoris	k__Bacteria;p__Bacteroidetes;c__Bacteroidia;o__Bacteroidales;f__Bacteroidaceae;g__Bacteroides;s__Bacteroides_ovatus	k__Bacteria;p__Bacteroidetes;c__Bacteroidia;o__Bacteroidales;f__Rikenellaceae;g__Alistipes;s__Alistipes_shahii	k__Bacteria;p__Firmicutes;c__Clostridia;o__Clostridiales;f__Ruminococcaceae;g__Faecalibacterium;s__Faecalibacterium_prausnitzii	k__Bacteria;p__Bacteroidetes;c__Bacteroidia;o__Bacteroidales;f__Rikenellaceae;g__Alistipes;s__Alistipes_finegoldii	k__Bacteria;p__Bacteroidetes;c__Bacteroidia;o__Bacteroidales;f__Porphyromonadaceae;g__Parabacteroides;s__Parabacteroides_distasonis	k__Bacteria;p__Bacteroidetes;c__Bacteroidia;o__Bacteroidales;f__Bacteroidaceae;g__Bacteroides;s__Bacteroides_thetaiotaomicron	k__Bacteria;p__Bacteroidetes;c__Bacteroidia;o__Bacteroidales;f__Bacteroidaceae;g__Bacteroides;s__Bacteroides_coprocola	k__Bacteria;p__Bacteroidetes;c__Bacteroidia;o__Bacteroidales;f__Bacteroidaceae;g__Bacteroides;s__Bacteroides_cellulosilyticus	k__Bacteria;p__Bacteroidetes;c__Bacteroidia;o__Bacteroidales;f__Rikenellaceae;g__Alistipes;s__Alistipes_obesi	k__Bacteria;p__Firmicutes;c__Clostridia;o__Clostridiales;f__Lachnospiraceae;g__;s__[Eubacterium]_rectale	k__Bacteria;p__Bacteroidetes;c__Bacteroidia;o__Bacteroidales;f__Bacteroidaceae;g__Bacteroides;s__Bacteroides_plebeius	k__Bacteria;p__Bacteroidetes;c__Bacteroidia;o__Bacteroidales;f__Bacteroidaceae;g__Bacteroides;s__Bacteroides_fragilis	k__Bacteria;p__Proteobacteria;c__Betaproteobacteria;o__Burkholderiales;f__Sutterellaceae;g__Sutterella;s__Sutterella_wadsworthensis	k__Bacteria;p__Bacteroidetes;c__Bacteroidia;o__Bacteroidales;f__Porphyromonadaceae;g__Barnesiella;s__Barnesiella_intestinihominis	k__Bacteria;p__Bacteroidetes;c__Bacteroidia;o__Bacteroidales;f__Odoribacteraceae;g__Odoribacter;s__Odoribacter_splanchnicus	k__Bacteria;p__Bacteroidetes;c__Bacteroidia;o__Bacteroidales;f__Bacteroidaceae;g__Bacteroides;s__Bacteroides_salyersiae	k__Bacteria;p__Firmicutes;c__Clostridia;o__Clostridiales;f__Ruminococcaceae;g__Ruminiclostridium;s__[Eubacterium]_siraeum	k__Bacteria;p__Proteobacteria;c__Betaproteobacteria;o__Burkholderiales;f__Sutterellaceae;g__Parasutterella;s__Parasutterella_excrementihominis	k__Bacteria;p__Actinobacteria;c__Actinobacteria;o__Bifidobacteriales;f__Bifidobacteriaceae;g__Bifidobacterium;s__Bifidobacterium_adolescentis	k__Bacteria;p__Firmicutes;c__Clostridia;o__Clostridiales;f__Oscillospiraceae;g__Oscillibacter;s__Oscillibacter_sp._KLE_1745	k__Bacteria;p__Bacteroidetes;c__Bacteroidia;o__Bacteroidales;f__Bacteroidaceae;g__Bacteroides;s__Bacteroides_coprophilus	k__Bacteria;p__Firmicutes;c__Clostridia;o__Clostridiales;f__Lachnospiraceae;g__Roseburia;s__Roseburia_intestinalis	k__Bacteria;p__Firmicutes;c__Clostridia;o__Clostridiales;f__Lachnospiraceae;g__Roseburia;s__Roseburia_hominis	k__Bacteria;p__Bacteroidetes;c__Bacteroidia;o__Bacteroidales;f__Porphyromonadaceae;g__Parabacteroides;s__Parabacteroides_johnsonii	k__Bacteria;p__Actinobacteria;c__Actinobacteria;o__Bifidobacteriales;f__Bifidobacteriaceae;g__Bifidobacterium;s__Bifidobacterium_longum	k__Bacteria;p__Firmicutes;c__Clostridia;o__Clostridiales;f__;g__Flavonifractor;s__Flavonifractor_plautii	k__Bacteria;p__Firmicutes;c__Clostridia;o__Clostridiales;f__Clostridiaceae;g__Clostridium;s__Clostridium_phoceensis	k__Bacteria;p__Verrucomicrobia;c__Verrucomicrobiae;o__Verrucomicrobiales;f__Akkermansiaceae;g__Akkermansia;s__Akkermansia_muciniphila	k__Bacteria;p__Bacteroidetes;c__Bacteroidia;o__Bacteroidales;f__Prevotellaceae;g__Paraprevotella;s__Paraprevotella_xylaniphila	k__Bacteria;p__Firmicutes;c__Clostridia;o__Clostridiales;f__Ruminococcaceae;g__Ruminococcus;s__Ruminococcus_callidus	k__Bacteria;p__Bacteroidetes;c__Bacteroidia;o__Bacteroidales;f__Rikenellaceae;g__Alistipes;s__Alistipes_senegalensis	k__Bacteria;p__Firmicutes;c__Clostridia;o__Clostridiales;f__Lachnospiraceae;g__Blautia;s__Blautia_sp._KLE_1732	k__Bacteria;p__Bacteroidetes;c__Bacteroidia;o__Bacteroidales;f__Bacteroidaceae;g__Bacteroides;s__Bacteroides_oleiciplenus	k__Bacteria;p__Firmicutes;c__Clostridia;o__Clostridiales;f__Ruminococcaceae;g__Ruminococcus;s__Ruminococcus_bicirculans	k__Bacteria;p__Bacteroidetes;c__Bacteroidia;o__Bacteroidales;f__Bacteroidaceae;g__Bacteroides;s__Bacteroides_fluxus	k__Bacteria;p__Bacteroidetes;c__Bacteroidia;o__Bacteroidales;f__Prevotellaceae;g__Prevotella;s__Prevotella_stercorea	k__Bacteria;p__Firmicutes;c__Clostridia;o__Clostridiales;f__Lachnospiraceae;g__Dorea;s__Dorea_longicatena	k__Bacteria;p__Firmicutes;c__Clostridia;o__Clostridiales;f__Eubacteriaceae;g__Eubacterium;s__[Eubacterium]_eligens	k__Bacteria;p__Firmicutes;c__Clostridia;o__Clostridiales;f__Ruminococcaceae;g__;s__Ruminococcaceae_bacterium_D16	k__Bacteria;p__Firmicutes;c__Clostridia;o__Clostridiales;f__Lachnospiraceae;g__Coprococcus;s__Coprococcus_comes	k__Bacteria;p__Proteobacteria;c__Gammaproteobacteria;o__Enterobacterales;f__Enterobacteriaceae;g__Escherichia;s__Escherichia_coli	k__Bacteria;p__Firmicutes;c__Clostridia;o__Clostridiales;f__Ruminococcaceae;g__Anaerotruncus;s__Anaerotruncus_colihominis	k__Bacteria;p__Firmicutes;c__Clostridia;o__Clostridiales;f__Lachnospiraceae;g__Blautia;s__Blautia_obeum	k__Bacteria;p__Bacteroidetes;c__Bacteroidia;o__Bacteroidales;f__Odoribacteraceae;g__Odoribacter;s__Odoribacter_laneus	k__Bacteria;p__Firmicutes;c__Clostridia;o__Clostridiales;f__Ruminococcaceae;g__Ruminiclostridium;s__[Clostridium]_leptum	k__Bacteria;p__Bacteroidetes;c__Bacteroidia;o__Bacteroidales;f__Porphyromonadaceae;g__Parabacteroides;s__Parabacteroides_goldsteinii	k__Bacteria;p__Firmicutes;c__Clostridia;o__Clostridiales;f__Lachnospiraceae;g__Anaerostipes;s__Anaerostipes_hadrus	k__Bacteria;p__Firmicutes;c__Clostridia;o__Clostridiales;f__Ruminococcaceae;g__Ruminococcus;s__Ruminococcus_lactaris	k__Bacteria;p__Firmicutes;c__Clostridia;o__Clostridiales;f__Clostridiaceae;g__Clostridium;s__Clostridium_sp._L2-50	k__Bacteria;p__Firmicutes;c__Clostridia;o__Clostridiales;f__Clostridiaceae;g__Clostridium;s__Clostridium_sp._M62/1	k__Bacteria;p__Firmicutes;c__Clostridia;o__Clostridiales;f__;g__Intestinimonas;s__Intestinimonas_butyriciproducens	k__Bacteria;p__Actinobacteria;c__Actinobacteria;o__Bifidobacteriales;f__Bifidobacteriaceae;g__Bifidobacterium;s__Bifidobacterium_bifidum	k__Bacteria;p__Firmicutes;c__Negativicutes;o__Veillonellales;f__Veillonellaceae;g__Dialister;s__Dialister_invisus	k__Bacteria;p__Bacteroidetes;c__Bacteroidia;o__Bacteroidales;f__Bacteroidaceae;g__Bacteroides;s__Bacteroides_salanitronis
k__Bacteria;p__Bacteroidetes;c__Bacteroidia;o__Bacteroidales;f__Bacteroidaceae;g__Bacteroides;s__Bacteroides_vulgatus	1.0	-0.0602126570736	-0.0137742509293	-0.00282990231777	0.058980495239	-0.0843536176563	-0.0337768321047	0.0360957273941	0.0592223089698	-0.0418364501557	-0.00450089301544	-0.0847677713044	0.029334556058	0.0358598239628	0.0108030477	-0.0908690565883	-0.0609943627227	-0.0105647034113	-0.0394948859163	0.0146232710476	-0.0195396822373	0.0701258543167	-0.0785511071513	-0.0915986916066	-0.0736360557323	-0.00394967557437	0.015666231119	0.0440130973022	0.0509859951281	-0.0524850437751	0.0264684858185	-0.0749661666956	0.0482818173356	0.0365036957366	0.0117626712543	-0.0681695392304	-0.00273446693519	0.017602613495	-0.0374904563469	0.0529109031086	-0.0246393457343	-0.0577048884249	-0.0389207190418	0.036628334121	-0.0564498833032	-0.0234731290701	0.0167586346048	0.0194750334184	-0.0649538666121	0.00254840243533	-0.0279709809458	-0.0823213118076	-0.0300683290615	0.0202357243961	0.0508645330506	-0.044811942928	0.00693293352955	-0.00267524906213	0.00860292396229
k__Bacteria;p__Bacteroidetes;c__Bacteroidia;o__Bacteroidales;f__Bacteroidaceae;g__Bacteroides;s__Bacteroides_uniformis	-0.0602126570736	1.0	-0.0798467981498	0.0264082243479	-0.136273746882	-0.0753200923442	0.0699248323224	0.0368075963377	-0.053461614619	0.00639136583404	0.0492354127654	-0.0174754455726	0.0636346329965	-0.0478167816501	-0.0898415165144	0.0397870399285	0.0468182069907	0.0249718188619	0.0040540025659	0.00796082391382	-0.0381572493103	-0.0317536713861	0.0244227142224	-0.0363372027895	-0.0475441907063	-0.03203985742	-0.0852792570925	-0.05956450753	-0.0387730754965	0.0455484603442	0.0360533961901	0.0690778128309	0.0183278231596	0.0120937471312	-0.0633531501704	-0.01919345385	0.00726642128942	-0.0741738139127	-0.063471458547	-0.00323754917859	-0.107104933589	-0.0522486862466	0.00564162730339	0.0514811607522	-0.00994709624299	-0.00507574493197	0.0107830039455	0.00894806734421	0.0295989727199	-0.00751147225506	-0.0454115150722	0.0378085446226	-0.0433083710339	0.0262189125583	-0.0579346061752	-0.093062584391	-0.0129287579745	-0.0177781908299	-0.0128216644445
k__Bacteria;p__Bacteroidetes;c__Bacteroidia;o__Bacteroidales;f__Rikenellaceae;g__Alistipes;s__Alistipes_putredinis	-0.0137742509293	-0.0798467981498	1.0	-0.00550194885139	-0.00415702964246	0.0248778526115	0.0469497247445	-0.0464867517101	-0.143592584843	0.0869256155139	0.0103521910481	0.0184722165773	0.03523338199	-0.078067942631	-0.0234894172569	0.0881129224805	0.0415701736912	-0.0581036488352	-0.0587157766611	-0.0928971612078	0.0863842489338	-0.00319009212865	-0.0520080993093	-0.0151694495858	0.00155145541126	0.0221668736732	0.0466985940029	0.0107680256316	-0.00740603664805	-0.0376275429828	-0.116089406789	0.105783972767	-0.0938313535996	-0.0665826223416	-0.0484389912122	-0.0101676364939	0.075443529078	0.027297185453	-0.035576345851	-0.000248625432825	0.024217774569	-0.0177671546476	-0.0177135253259	0.0186708577703	-0.044326284271	0.0104599421335	0.0124400974688	0.0261533138147	0.0259487964034	-0.00984372458949	-0.00255544802014	0.0730119259753	0.00899990555588	0.0246207509564	-0.0334013242536	-0.029053532273	-0.0758452362254	-0.0172130797149	-0.0776689185029
k__Bacteria;p__Bacteroidetes;c__Bacteroidia;o__Bacteroidales;f__Prevotellaceae;g__Prevotella;s__Prevotella_copri	-0.00282990231777	0.0264082243479	-0.00550194885139	1.0	-0.0446025015226	-0.0114319594854	0.0495472929603	0.0406546862105	-0.0680499024723	0.0658341666691	-0.0155033302366	-0.120453665674	-0.0234790792001	-0.0691820471253	-0.00705309185126	-0.0025533059561	0.0306467486157	0.00493336042887	0.0206550849312	-0.0816191640014	0.0546307052512	-0.0109390749702	-0.059204033483	-0.0827206467875	0.0185368646678	-0.0527092034725	-0.102511227939	-0.0322432789003	-0.0839401644748	0.0221267021992	-0.0358806661376	-0.0123426310563	0.0321884067605	-0.0825364341184	-0.094464936198	0.00646839678411	0.00614650354107	0.0123490575468	0.0343242839323	0.0295129774549	0.000603195884417	-0.0261847870712	-0.00550001607517	0.0102284638547	-0.016504157914	-0.048189663616	0.00475357462661	-0.00659558031691	-0.0553528177963	-0.0569915809038	-0.0103372824968	-0.0380020659319	-0.00880834165586	0.0144080989741	0.0277923976853	0.0135647120873	0.0232394274042	-0.00116894217917	0.0221231049383
k__Bacteria;p__Bacteroidetes;c__Bacteroidia;o__Bacteroidales;f__Bacteroidaceae;g__Bacteroides;s__Bacteroides_stercoris	0.058980495239	-0.136273746882	-0.00415702964246	-0.0446025015226	1.0	-0.0594676156313	-0.0522792504259	0.0368488342026	-0.0124880754467	0.0132182309236	-0.0309807641916	-0.0144122322369	0.0546671107565	0.0253959980824	0.000590177154044	-0.0664874428243	-0.0488973547756	0.115998427624	0.0702259582544	-0.0351788851345	0.0575801881059	-0.0454084377121	0.0501070313169	-0.0832193704393	-0.0609944787348	0.00532456775181	0.0322666151921	0.104624318234	0.0847198446408	-0.0384829630304	-0.0937269806008	-0.0958637580217	-0.0187904806379	-0.0974687353749	-0.0155934148903	0.0524095816354	-0.0636608331895	0.0226757109553	-0.0345562599359	-0.0463869148272	0.132952979627	-0.0373517205997	-0.0572640435797	-0.0371469794312	-0.0475297198319	-0.0880966275983	0.0496538396311	0.0181936914263	-0.0255470623081	-0.030191471082	0.0666510423088	0.0176773740692	0.0127799559693	0.0677748485102	0.0177713039705	0.0162731608918	-0.0385085237516	-0.0863308887662	-0.0565994349732
k__Bacteria;p__Bacteroidetes;c__Bacteroidia;o__Bacteroidales;f__Bacteroidaceae;g__Bacteroides;s__Bacteroides_ovatus	-0.0843536176563	-0.0753200923442	0.0248778526115	-0.0114319594854	-0.0594676156313	1.0	-0.0708976509136	-0.0583405280109	0.0668269900748	-0.0819496640194	-0.0365542807336	0.0364237047468	-0.0620428997874	0.0186284817567	-0.0221797515048	-0.0398968008333	-0.00750012669055	0.0217808041127	-0.00823812664231	0.0620429614354	-0.033081476769	0.0506667119793	-0.0837727612918	0.0951774509981	0.0413111559948	0.0473723488124	0.0150737061837	-0.0682101426053	-0.050549865675	0.0836091890181	-0.0212727590537	0.0690085771329	-0.075317312655	-0.0188039336118	0.056825937939	-0.00276651045534	-0.027257912647	0.00801304907915	0.00479916795984	-0.00128308300311	-0.130351474013	0.033889803424	-0.0679963422202	0.0497135457942	-0.0394889820996	-0.00845027818295	-0.0145249283538	-0.0509658190098	0.0326596289808	-0.0546299825126	0.0505209128184	-0.0194258045706	-0.0330726398188	-0.043663301839	-0.0762143010447	0.0721202725292	-0.048576950122	0.0586765443405	-0.102432300849
k__Bacteria;p__Bacteroidetes;c__Bacteroidia;o__Bacteroidales;f__Rikenellaceae;g__Alistipes;s__Alistipes_shahii	-0.0337768321047	0.0699248323224	0.0469497247445	0.0495472929603	-0.0522792504259	-0.0708976509136	1.0	0.0474465002727	-0.00890130063355	-0.0275512170519	0.0251848238215	0.00643723271857	0.00413584359532	-0.0275108890652	-0.00932064650593	-0.00018166141171	-0.0266873844864	-0.0606259010879	0.0452266044032	-0.0151023031269	-0.0159147282124	-0.0486512756428	-0.0488602659078	0.0078780962971	-0.0681829224283	0.0333868045428	-0.115589783963	-0.0255741791922	-0.0288520289996	0.0229981452894	-0.0116748596427	0.0626631793513	0.0151505048821	0.0162379597569	-0.00221607846326	0.00734111711509	0.0684522255856	-0.0282312290322	-0.0355679305123	0.0424172499925	-0.000570497715164	-0.0472082077079	-0.0200642075622	-0.0822480021475	-0.0711611418917	0.0173388111926	0.00873259102025	-0.116707892371	0.0196982369252	-0.0133965147863	0.0400120733201	-0.00940500708615	-0.0564276799483	-0.108975209405	-0.0780145625285	0.0149115513884	0.0449374156404	-0.0270894769975	-0.0233736583015
k__Bacteria;p__Firmicutes;c__Clostridia;o__Clostridiales;f__Ruminococcaceae;g__Faecalibacterium;s__Faecalibacterium_prausnitzii	0.0360957273941	0.0368075963377	-0.0464867517101	0.0406546862105	0.0368488342026	-0.0583405280109	0.0474465002727	1.0	-0.0148915951065	-0.115048371963	-0.0930864525345	0.0429270630924	-0.10606889923	-0.0672095329795	-0.0198447653615	-0.0874583781049	0.102838832684	0.0861562832103	-0.0655655677045	-0.0173876533256	-0.0196666770799	-0.0199699723052	-0.0339976133012	0.0201753236722	-0.0679924873045	-0.0871419614697	-0.0781889459972	-0.064381081563	-0.0508072756634	0.0180187649619	-0.0864134639073	-0.0425735796849	-0.0319571166737	-0.00092166231419	0.00661075742726	0.072358840693	0.0275137661503	-0.0737298794153	0.0803312882973	-0.0362502654662	-0.0386132831635	-0.0499902828047	-0.033643024319	-0.0400631936088	0.067199013399	0.0497556666085	0.0227948255093	-0.0797793071729	0.0192065100774	0.0564809119523	-0.0595044373773	0.0122298546709	0.0647581345352	-0.0404445378956	0.00132328995965	0.027472453912	0.0720901655423	-0.0283308281171	-0.0908511279544
k__Bacteria;p__Bacteroidetes;c__Bacteroidia;o__Bacteroidales;f__Rikenellaceae;g__Alistipes;s__Alistipes_finegoldii	0.0592223089698	-0.053461614619	-0.143592584843	-0.0680499024723	-0.0124880754467	0.0668269900748	-0.00890130063355	-0.0148915951065	1.0	-0.0428368676557	-0.0496722815949	-0.0172709143368	0.037364841927	-0.0180238883169	-0.0339114653411	-0.109898288197	-0.076054744304	-0.0433270061238	-0.021993325931	-0.0849240580916	0.0449031722204	0.0730085373239	-0.0372950477377	-0.00805243799012	-0.0230503304186	0.0597672817237	-0.0251946301907	-0.0199933361124	-0.0403813576709	-0.00513441552468	-0.0483916278016	-0.0258602871092	0.0186731429534	-0.0611637095493	-0.0109277544169	-0.0770836290227	0.0176120313374	0.00787102887036	7.45935277444e-05	0.0456605016259	-0.101304512083	-0.00475342327708	-0.00838960804703	0.0384831026632	-0.105755733692	-0.0265464964949	0.0148643135805	-0.0446103320174	-0.0570398317162	0.0207502186298	-0.0203728144481	-0.0707838676291	0.00518090878028	-0.0159572917591	0.0514519566653	0.00868827988628	-0.0297670628923	-0.0474839217921	0.00150512943447
k__Bacteria;p__Bacteroidetes;c__Bacteroidia;o__Bacteroidales;f__Porphyromonadaceae;g__Parabacteroides;s__Parabacteroides_distasonis	-0.0418364501557	0.00639136583404	0.0869256155139	0.0658341666691	0.0132182309236	-0.0819496640194	-0.0275512170519	-0.115048371963	-0.0428368676557	1.0	-0.0504898723802	-0.0189982047702	0.00968150362024	-0.0574789730696	0.0383224802136	-0.045402556255	0.0351406951942	-0.0660982539435	-0.0982500816034	-0.0247580411846	0.00601589598153	0.0244016138013	0.003505642679	0.102643134121	0.0465211129957	-0.0382321273253	0.0265282864278	-0.0213367384417	-0.052371306353	-0.0692370176582	-0.032190685264	-0.0181443378193	-0.0471641062965	-0.0117906707773	-0.125287120825	-0.0136255228957	0.00163045138262	-0.0481703287668	-0.0402355347384	0.0213061754117	-0.110181396374	-0.0340658754166	0.0259962343763	0.00776010635525	-0.0302781742108	-0.0115506250121	0.0106466470655	-0.0150089260817	0.0408410329224	0.0581125863105	0.0100880308893	0.0627655352543	-0.0413016200523	0.000779319929534	-0.00277844611243	0.00891798008354	0.0359961246405	0.00473793640772	0.0247803511176
k__Bacteria;p__Bacteroidetes;c__Bacteroidia;o__Bacteroidales;f__Bacteroidaceae;g__Bacteroides;s__Bacteroides_thetaiotaomicron	-0.00450089301544	0.0492354127654	0.0103521910481	-0.0155033302366	-0.0309807641916	-0.0365542807336	0.0251848238215	-0.0930864525345	-0.0496722815949	-0.0504898723802	1.0	-0.00392634370183	-0.0284495213165	0.0269064581374	0.0421160779076	0.0312791266719	0.000403474547306	-0.0558005918137	-0.0101277549659	-0.00714210853294	-0.080710751001	0.0521002025372	-0.0206087245149	0.0252304765788	-0.0166684760497	-0.010039757249	-0.0176820160955	-0.0161938949673	-0.0343345570735	-0.018501516835	0.0151782796241	-0.0669904479195	-0.0546902078038	-0.032150449648	0.0717048507598	-0.0235260650455	-0.0189559997499	0.124777554797	-0.0303165738144	0.0761466564838	0.0494773386617	0.0169121823676	0.00821788980749	0.0184989813633	0.0628963618857	-0.0144177653012	0.0137530938967	0.0331089393604	-0.0150283750806	0.0354787374484	-0.0508440722095	-0.0239805191451	-0.123197731024	-0.0574533095643	-0.0670109326036	0.015198794673	0.0453419310006	0.10897707762	-0.0744968866182
k__Bacteria;p__Bacteroidetes;c__Bacteroidia;o__Bacteroidales;f__Bacteroidaceae;g__Bacteroides;s__Bacteroides_coprocola	-0.0847677713044	-0.0174754455726	0.0184722165773	-0.120453665674	-0.0144122322369	0.0364237047468	0.00643723271857	0.0429270630924	-0.0172709143368	-0.0189982047702	-0.00392634370183	1.0	-0.067940982517	0.0208266295162	0.0395458287168	0.0484195869647	0.0192367433705	-0.0839500318298	-0.120383507922	0.00411155594494	-0.0714641824432	-0.0333397972774	-0.0880753182657	0.0399474566768	-0.031408895134	0.0135036398955	-0.0951329701657	0.0106967617416	-0.0745619668938	-0.0215557927794	0.0503206395986	-0.0230258956811	0.0466882942104	0.0483411631565	0.0211853088595	0.0315177233757	-0.0459703925089	-0.0585964342537	-0.0254318305619	0.019182730171	-0.0264865948601	-0.0223138594288	-0.0573497880626	0.01920534904	0.00841009460455	-0.0594472399424	-0.0140643167839	-0.0822420314071	-0.0156465121443	0.00838199579818	-0.0739228542578	0.0434962589426	0.0626594257736	-0.0304493277532	-0.02087496078	-0.0154973422488	0.0765220448185	-0.0158221938357	-0.0571525566567
k__Bacteria;p__Bacteroidetes;c__Bacteroidia;o__Bacteroidales;f__Bacteroidaceae;g__Bacteroides;s__Bacteroides_cellulosilyticus	0.029334556058	0.0636346329965	0.03523338199	-0.0234790792001	0.0546671107565	-0.0620428997874	0.00413584359532	-0.10606889923	0.037364841927	0.00968150362024	-0.0284495213165	-0.067940982517	1.0	-0.00174353458898	0.00387603158966	-0.00505127710368	-0.0285613604012	0.00250088101347	0.0646412309162	-0.00530433360361	-0.0429475463275	-0.0660467096125	-0.0330963097863	-0.00828445581909	-0.011527510799	-0.0526394822458	0.02731140493	0.0488746137237	0.00932340862103	-0.0345024534601	-0.0059646118219	0.0155349268588	-0.00585752334314	-0.00801924405092	-0.0292655691744	-0.0470420038378	-0.0342395910777	-0.0127644062871	-0.0255065360612	-0.0106437412853	0.00524564537186	-0.0073340152436	0.0103613023451	-0.0264483337823	-0.0165764567107	-0.0087400051351	-0.0568432322774	-0.0907015676343	-0.0943588475927	0.013323040815	-0.0192688672278	-0.0254631816528	-0.0370922873682	-0.00173659150869	0.0512137246252	0.0599790159803	-0.0247891839174	0.0236074141028	0.0303788717148
k__Bacteria;p__Bacteroidetes;c__Bacteroidia;o__Bacteroidales;f__Rikenellaceae;g__Alistipes;s__Alistipes_obesi	0.0358598239628	-0.0478167816501	-0.078067942631	-0.0691820471253	0.0253959980824	0.0186284817567	-0.0275108890652	-0.0672095329795	-0.0180238883169	-0.0574789730696	0.0269064581374	0.0208266295162	-0.00174353458898	1.0	0.0190462872339	-0.0259519685493	-0.038327148569	0.0588667693534	-0.0267943580946	0.0225452068173	0.0799635451862	0.0349994641622	-0.116013810136	-0.0774841367752	0.0498580077816	-0.0823354059487	-0.0129875465429	-0.022392710103	-0.0348748770045	-0.0642353256824	0.0191964930256	0.00456684275468	-0.0226101434669	0.00996102310089	-0.0226512867519	0.0120374723755	0.0462456846118	0.0132694833088	-0.0322595493688	0.0155245140477	-0.0292441254935	-0.0251135245188	0.00612757467779	-0.041211673164	-0.015307859774	-0.0104703336095	-0.0116048836981	-0.0124659860478	-0.09536717854	-0.0403084183719	0.058965312812	-0.0652534608788	-0.0576804846772	0.00212292450864	-0.0258372455534	0.0660393423959	0.0565363951254	0.0791964949839	-0.0979906138742
k__Bacteria;p__Firmicutes;c__Clostridia;o__Clostridiales;f__Lachnospiraceae;g__;s__[Eubacterium]_rectale	0.0108030477	-0.0898415165144	-0.0234894172569	-0.00705309185126	0.000590177154043	-0.0221797515048	-0.00932064650593	-0.0198447653615	-0.0339114653411	0.0383224802136	0.0421160779076	0.0395458287168	0.00387603158966	0.0190462872339	1.0	-0.0785959058962	-0.00364463962618	0.00615819462754	-0.0443540209836	0.0403146653837	-0.0263679383298	-0.02020844938	0.00689518277243	0.00853144912336	-0.0373915492646	-0.057345874794	-0.0206039013047	-0.0818196136191	0.0451615839814	-0.0712335659617	0.0234430809584	-0.0060932639165	-0.131750580436	0.0425153191847	-0.0200028318461	-0.0100270511114	-0.0248151477087	-0.0193026089461	0.00972279890335	0.00132926859869	-0.0709129736651	0.0910898039877	-0.0183091879229	0.0720396590162	0.0643554298072	0.00903990533267	0.032329955233	-0.0131254215099	-0.060393387761	-0.0235959814466	-0.0604186917299	0.012752578246	-0.112539169075	0.0130462222026	0.0368765530684	-0.078689902953	0.0109103323644	0.00970186111985	-0.140959323568
k__Bacteria;p__Bacteroidetes;c__Bacteroidia;o__Bacteroidales;f__Bacteroidaceae;g__Bacteroides;s__Bacteroides_plebeius	-0.0908690565883	0.0397870399285	0.0881129224805	-0.0025533059561	-0.0664874428243	-0.0398968008333	-0.00018166141171	-0.0874583781049	-0.109898288197	-0.045402556255	0.0312791266719	0.0484195869647	-0.00505127710368	-0.0259519685493	-0.0785959058962	1.0	-0.104037442466	-0.0468613437692	-0.093604567114	0.00971425835973	0.029033876726	-0.0540249440246	-0.0510760458491	-0.0297301488722	-0.0420468006707	-0.0215466066661	-0.00983219562619	-0.103819459766	0.0113816231442	-0.0906648856489	0.03003354875	-0.0552356908282	-0.0036103422962	0.0162200920673	0.00713665469459	-0.0640493297646	0.065260245132	0.0344299053295	-0.0042526230534	-0.0069974858771	-0.020025446851	-0.053697076503	-0.0190809700149	-0.0102025486633	-0.0108848694137	0.0129893691643	0.00634310870103	0.0109739299459	0.0360209453232	-0.0119043743401	0.0456617726792	0.00382304663019	-0.023560223748	0.00208373539952	-0.0203570934175	-0.021099346751	-0.0695025658582	-0.127334155252	0.018633849298
k__Bacteria;p__Bacteroidetes;c__Bacteroidia;o__Bacteroidales;f__Bacteroidaceae;g__Bacteroides;s__Bacteroides_fragilis	-0.0609943627227	0.0468182069907	0.0415701736912	0.0306467486157	-0.0488973547756	-0.00750012669055	-0.0266873844864	0.102838832684	-0.076054744304	0.0351406951942	0.000403474547306	0.0192367433705	-0.0285613604012	-0.038327148569	-0.00364463962618	-0.104037442466	1.0	-0.040211116899	0.0167842170452	-0.0723643458267	-0.0186642899109	-0.0112375936429	0.0299750841213	0.0557171761362	0.0556517348352	-0.0452357432231	-0.101320075756	-0.00725170705707	-0.111150988988	-0.042353562497	0.00648634166267	-0.103511827592	-0.0377879614304	-0.00500322842426	-0.119224702304	-0.0216695363408	-0.04824149972	-0.0229412758915	0.0227633262465	-0.0302563086927	0.0160695227967	-0.0355024599255	0.0482952683762	-0.0266572462513	0.0643401693238	-0.038876300494	-0.0693697060354	-0.0224691640695	-0.0336718884469	0.0409307184233	-0.020092262416	0.0457751020054	0.0137050085833	0.0383682001288	0.0290406918558	-0.105887133187	0.0235809754594	0.0901575348444	0.0142205242463
k__Bacteria;p__Proteobacteria;c__Betaproteobacteria;o__Burkholderiales;f__Sutterellaceae;g__Sutterella;s__Sutterella_wadsworthensis	-0.0105647034113	0.0249718188619	-0.0581036488352	0.00493336042887	0.115998427624	0.0217808041127	-0.0606259010879	0.0861562832103	-0.0433270061238	-0.0660982539435	-0.0558005918137	-0.0839500318298	0.00250088101347	0.0588667693534	0.00615819462754	-0.0468613437692	-0.040211116899	1.0	0.021572360776	-0.111814987694	0.0740301249884	0.0396360270246	-0.0107024571483	-0.00802112720388	-0.0426588326436	0.0321146627626	0.0403317898745	-0.00943283480481	-0.0775764534529	0.0263640516997	-0.0448493066038	-0.0912850225435	0.0662719498451	-0.0295063232355	-0.0796447796057	0.0362684253534	-0.0726118648365	-0.0247448134442	-0.0234277206072	-0.161185588666	-0.00654903715774	-0.0526404125918	0.0659856956521	-0.00987747522379	0.00821943343872	-0.0333182262288	-0.0873245715848	0.012127437063	-0.000408260949969	-0.0795714025694	-0.0682341033863	-0.0194466830035	-0.0427967694161	0.0816404850465	0.0549319459808	-0.00580277159943	0.0431654679114	-0.044374072702	0.0619288653954
k__Bacteria;p__Bacteroidetes;c__Bacteroidia;o__Bacteroidales;f__Porphyromonadaceae;g__Barnesiella;s__Barnesiella_intestinihominis	-0.0394948859163	0.0040540025659	-0.0587157766611	0.0206550849312	0.0702259582544	-0.00823812664231	0.0452266044032	-0.0655655677045	-0.021993325931	-0.0982500816034	-0.0101277549659	-0.120383507922	0.0646412309162	-0.0267943580946	-0.0443540209836	-0.093604567114	0.0167842170452	0.021572360776	1.0	-0.0948373628618	-0.0221004185844	-0.097557127953	-0.0571210850498	0.0078253819468	0.0317411744986	-0.037379744169	-0.00706226292802	0.0808939839111	0.0665686675368	0.00584399789357	-0.0197356741865	-0.0252134100562	-0.0173099347999	-0.0655692772069	-0.0415538820593	-0.0365794596903	-0.0541244501202	0.0247725858555	0.00274500243086	-0.0653771537438	0.08640853644	-0.00279285288202	-0.00564351335666	0.051639874034	0.033655131091	-0.0836675673279	-0.0683696938371	0.0128692122474	-0.157634174894	0.0556030656661	-0.0524672424012	0.0654052776357	-0.00071145498771	-0.00678126567748	0.000865330428307	-0.00395556047374	-0.106349826306	-0.00706124706557	-0.0236896338177
k__Bacteria;p__Bacteroidetes;c__Bacteroidia;o__Bacteroidales;f__Odoribacteraceae;g__Odoribacter;s__Odoribacter_splanchnicus	0.0146232710476	0.00796082391382	-0.0928971612078	-0.0816191640014	-0.0351788851345	0.0620429614354	-0.0151023031269	-0.0173876533256	-0.0849240580916	-0.0247580411846	-0.00714210853294	0.00411155594494	-0.00530433360361	0.0225452068173	0.0403146653837	0.00971425835973	-0.0723643458267	-0.111814987694	-0.0948373628618	1.0	-0.0512159569365	-0.000752994251893	0.0333837098524	-0.0220852586215	-0.0693388607637	-0.101141772309	-0.109459426762	0.0344927906688	0.0158295935584	-0.0614921975133	0.00779912617518	0.0781572262553	-0.00843389086615	-0.0563781176365	0.0911721825416	0.00348605827393	0.0499944603667	-0.0284505737517	0.10318383445	-0.0454742589576	0.0516204719364	-0.0476744161396	-0.0209245244708	-0.00540364975366	-0.0470788815401	-0.0282006738531	0.0390418421838	0.0512654270925	-0.0695209536589	-0.000280099527198	-0.00181434965137	0.041924773422	0.0161503305295	-0.00364190313837	0.0670597711851	-0.0399081787316	0.00545061661536	0.00179685270415	0.000329275306704
k__Bacteria;p__Bacteroidetes;c__Bacteroidia;o__Bacteroidales;f__Bacteroidaceae;g__Bacteroides;s__Bacteroides_salyersiae	-0.0195396822373	-0.0381572493103	0.0863842489338	0.0546307052512	0.0575801881059	-0.033081476769	-0.0159147282124	-0.0196666770799	0.0449031722204	0.00601589598153	-0.080710751001	-0.0714641824432	-0.0429475463275	0.0799635451862	-0.0263679383298	0.029033876726	-0.0186642899109	0.0740301249884	-0.0221004185844	-0.0512159569365	1.0	0.00584743184971	-0.026425830375	0.0077293042603	-0.036484697861	-0.025123034595	-0.0751344051743	-0.00529029589217	0.0598328608326	-0.0865605670664	-0.0259094020542	-0.075931436858	-0.0765023746606	0.035543948254	-0.0386234255145	-0.102665356821	-0.0129906438616	0.037484427949	-0.0306545821271	0.0244773819034	-0.0125127467715	-0.00560512835767	-0.0071664536735	-0.0696391178445	-0.0626088781073	-0.0278164508856	0.00190196556668	-0.0016934507573	0.0101516355672	-0.042730807158	-0.0381305057442	-0.0157603986135	-0.0465872115492	0.0016065767426	-0.0126443941015	0.066438124048	-0.0296972644168	-0.0502929123977	-0.0156176936872
k__Bacteria;p__Firmicutes;c__Clostridia;o__Clostridiales;f__Ruminococcaceae;g__Ruminiclostridium;s__[Eubacterium]_siraeum	0.0701258543167	-0.0317536713861	-0.00319009212865	-0.0109390749702	-0.0454084377121	0.0506667119793	-0.0486512756428	-0.0199699723052	0.0730085373239	0.0244016138013	0.0521002025372	-0.0333397972774	-0.0660467096125	0.0349994641622	-0.02020844938	-0.0540249440246	-0.0112375936429	0.0396360270246	-0.097557127953	-0.000752994251893	0.00584743184971	1.0	-0.0838599358676	-0.0461913716903	0.019366024176	-0.0316813724015	-0.0430587309658	0.0169625743646	0.00334162671153	0.0345918198448	-0.0076911295284	-0.120577909304	-0.00115003149632	0.00195382472782	0.0466277060688	-0.0802355931503	-0.0807837786708	-0.040489479327	-0.0121029010026	0.0642551928178	-0.0353882125141	-0.0685154038955	0.0407452633256	-0.0346698772134	-0.0594444010078	-0.0588686548912	0.0544976909146	-0.0363587075444	-0.0237393996842	-0.0618595714267	-0.0153397373145	0.037923600367	0.0124828344061	-0.0457176550786	0.00377892962539	-0.0853381735106	-0.0141490003453	0.0172948538712	-0.0538669097406
k__Bacteria;p__Proteobacteria;c__Betaproteobacteria;o__Burkholderiales;f__Sutterellaceae;g__Parasutterella;s__Parasutterella_excrementihominis	-0.0785511071513	0.0244227142224	-0.0520080993093	-0.059204033483	0.0501070313169	-0.0837727612918	-0.0488602659078	-0.0339976133012	-0.0372950477377	0.003505642679	-0.0206087245149	-0.0880753182657	-0.0330963097863	-0.116013810136	0.00689518277243	-0.0510760458491	0.0299750841213	-0.0107024571483	-0.0571210850498	0.0333837098524	-0.026425830375	-0.0838599358676	1.0	0.0232417507747	-0.0315885511351	0.01195693374	0.0280173672329	-0.0191748437748	-0.0511218475077	0.0114478791429	-0.0400700200983	0.00506544930359	0.0165446902731	0.0655288038321	-0.00475525288566	-0.0326318695148	-0.0044055540181	-0.10649470244	0.0762868986637	-0.000712886940589	-0.0412723048397	-0.0205719925959	0.00164681953671	-0.0275200873891	0.0377232162308	-0.034850228382	-0.0436697462468	-0.024621941358	0.0393126490534	0.00222396506927	-7.84402499785e-05	-0.0651924987498	-0.0318206968736	0.0327482335391	-0.0516491476285	0.017493164065	-0.007851749222	0.0512741075451	0.0296907385566
k__Bacteria;p__Actinobacteria;c__Actinobacteria;o__Bifidobacteriales;f__Bifidobacteriaceae;g__Bifidobacterium;s__Bifidobacterium_adolescentis	-0.0915986916066	-0.0363372027895	-0.0151694495858	-0.0827206467875	-0.0832193704393	0.0951774509981	0.0078780962971	0.0201753236722	-0.00805243799012	0.102643134121	0.0252304765788	0.0399474566768	-0.00828445581909	-0.0774841367752	0.00853144912336	-0.0297301488722	0.0557171761362	-0.00802112720388	0.0078253819468	-0.0220852586215	0.0077293042603	-0.0461913716903	0.0232417507747	1.0	0.0474592799734	0.00157634528888	0.0657246113093	-0.108959956726	-0.0972411230427	-0.00459046705227	-0.0157361237027	0.0100785692897	0.00714117990129	-0.0712630276366	-0.0913948034052	-0.000552377812099	-0.129802471557	0.029000619264	-0.0566292353416	-0.0362475139526	0.0411833121551	-0.0452660970768	-0.0115047046835	0.0642906006731	-0.00816824272236	-0.0197674724253	-0.0459557423627	-0.0132264298565	0.0333680355153	-0.00422926980588	0.02099884339	-0.0360889204238	-0.0166746940498	0.0277141214467	0.0429600452767	-0.0224763723363	-0.0301015345901	0.0750845283317	0.0748729547596
k__Bacteria;p__Firmicutes;c__Clostridia;o__Clostridiales;f__Oscillospiraceae;g__Oscillibacter;s__Oscillibacter_sp._KLE_1745	-0.0736360557323	-0.0475441907063	0.00155145541126	0.0185368646678	-0.0609944787348	0.0413111559948	-0.0681829224283	-0.0679924873045	-0.0230503304186	0.0465211129957	-0.0166684760497	-0.031408895134	-0.011527510799	0.0498580077816	-0.0373915492646	-0.0420468006707	0.0556517348352	-0.0426588326436	0.0317411744986	-0.0693388607637	-0.036484697861	0.019366024176	-0.0315885511351	0.0474592799734	1.0	-0.0369048409745	0.0209523359042	-0.0607854039016	-0.0351969418149	0.0143056929601	-0.0309326369953	0.0223445529849	0.0345603687789	-0.0632565795371	-0.0604030745283	-0.055283167897	-0.0456594430685	-0.0605824657297	0.0705287465364	-0.0853092810799	0.0181010925396	0.0900125517827	0.0332015732849	0.0225717937928	-0.0251914843986	0.0304721304207	-0.0685678258425	-0.0251807605152	-0.0581044032848	-0.037682597587	0.0111787278463	-0.0107893082658	-0.0508359396745	0.00557690932989	0.0349860234231	0.0167915793555	-0.02050577874	0.101149380667	0.0408064425183
k__Bacteria;p__Bacteroidetes;c__Bacteroidia;o__Bacteroidales;f__Bacteroidaceae;g__Bacteroides;s__Bacteroides_coprophilus	-0.00394967557437	-0.03203985742	0.0221668736732	-0.0527092034725	0.00532456775181	0.0473723488124	0.0333868045428	-0.0871419614697	0.0597672817237	-0.0382321273253	-0.010039757249	0.0135036398955	-0.0526394822458	-0.0823354059487	-0.057345874794	-0.0215466066661	-0.0452357432231	0.0321146627626	-0.037379744169	-0.101141772309	-0.025123034595	-0.0316813724015	0.01195693374	0.00157634528888	-0.0369048409745	1.0	-0.0509508811065	0.03263014513	-0.0603570931099	-0.042097765443	0.0332403670865	-0.0525424545947	-0.0178330150903	-0.0167526635426	-0.0323782161675	0.0366890899427	-0.0380173791815	0.114797898877	-0.06368884777	0.058467678324	0.00648869110456	-0.0347263889882	-0.0128499359296	-0.0157589584743	-0.010865476503	-0.00885392524428	-0.020561787988	0.0696059039556	0.0389273160958	-0.0534556772108	-0.00469354665412	0.0260030940797	0.0414839175364	-0.0134337267002	0.00586512723247	-0.0533883736364	-0.0629008469646	0.00158341676471	-0.0261118290676
k__Bacteria;p__Firmicutes;c__Clostridia;o__Clostridiales;f__Lachnospiraceae;g__Roseburia;s__Roseburia_intestinalis	0.015666231119	-0.0852792570925	0.0466985940029	-0.102511227939	0.0322666151921	0.0150737061837	-0.115589783963	-0.0781889459972	-0.0251946301907	0.0265282864278	-0.0176820160955	-0.0951329701657	0.02731140493	-0.0129875465429	-0.0206039013047	-0.00983219562619	-0.101320075756	0.0403317898745	-0.00706226292802	-0.109459426762	-0.0751344051743	-0.0430587309658	0.0280173672329	0.0657246113093	0.0209523359042	-0.0509508811065	1.0	0.0146004251475	-0.0301296866447	-0.0433599219797	-0.0236920783183	-0.0224583568888	0.0246282519388	-0.065031615298	0.0507240409345	0.0235326625167	-0.0492627201408	0.0275741170116	-0.0456172676952	-0.00535217240216	-0.0451949679224	0.0134930264288	0.0438820575122	-0.0592740991432	-0.0212345190019	-0.0167604396004	0.00725642186888	0.0332641224824	-0.0739469035845	0.048966321032	-0.00604430496452	-0.0555866242997	0.0121622073782	-0.0375236690339	-0.0587156074386	0.0202264962687	-0.0115385147171	-0.0452414356885	0.0214093237502
k__Bacteria;p__Firmicutes;c__Clostridia;o__Clostridiales;f__Lachnospiraceae;g__Roseburia;s__Roseburia_hominis	0.0440130973022	-0.05956450753	0.0107680256316	-0.0322432789003	0.104624318234	-0.0682101426053	-0.0255741791922	-0.064381081563	-0.0199933361124	-0.0213367384417	-0.0161938949673	0.0106967617416	0.0488746137237	-0.022392710103	-0.0818196136191	-0.103819459766	-0.00725170705707	-0.00943283480481	0.0808939839111	0.0344927906688	-0.00529029589217	0.0169625743646	-0.0191748437748	-0.108959956726	-0.0607854039016	0.03263014513	0.0146004251475	1.0	0.0280418193973	0.015030872204	-0.0868695005703	-0.0348882536087	-0.0601713791386	0.0201493248162	0.0199937062268	-0.0755603210447	-0.00504853864491	0.0143352090658	0.00719616056123	0.0181739395346	0.0367818155587	0.00683837723513	-0.00922096348537	-0.0068212070174	-0.0478346180201	-0.0865460304352	-0.0467644529274	0.0116592405813	0.0141317234502	0.000806625809081	-0.0161055556854	0.0210113843824	-0.0428561138219	0.0100459773462	0.0386933111975	-0.0231731036876	-0.0508015085733	0.0441923613322	-0.0682167719725
k__Bacteria;p__Bacteroidetes;c__Bacteroidia;o__Bacteroidales;f__Porphyromonadaceae;g__Parabacteroides;s__Parabacteroides_johnsonii	0.0509859951281	-0.0387730754965	-0.00740603664805	-0.0839401644748	0.0847198446408	-0.050549865675	-0.0288520289996	-0.0508072756634	-0.0403813576709	-0.052371306353	-0.0343345570735	-0.0745619668938	0.00932340862103	-0.0348748770045	0.0451615839814	0.0113816231442	-0.111150988988	-0.0775764534529	0.0665686675368	0.0158295935584	0.0598328608326	0.00334162671153	-0.0511218475077	-0.0972411230427	-0.0351969418149	-0.0603570931099	-0.0301296866447	0.0280418193973	1.0	-0.0148881988966	-0.0346505675969	-0.0166070385975	-0.00854596298934	-0.0434969933838	-0.0242366192598	0.0615851305094	-0.0945431648332	0.0150067900684	0.0345350817975	-0.0780786468748	0.0399206790429	0.042824745763	-0.0672436559449	-0.03138488786	-0.00661407735487	0.0252299365653	0.0272390443771	0.0495395138899	-0.0090000975098	0.033849789282	0.0352549864598	-0.0839777862121	-0.0450760897174	-0.00460404950746	-0.0175971000934	-0.0517801395769	-0.0138346161299	0.0209110453363	-0.0185732221275
k__Bacteria;p__Actinobacteria;c__Actinobacteria;o__Bifidobacteriales;f__Bifidobacteriaceae;g__Bifidobacterium;s__Bifidobacterium_longum	-0.0524850437751	0.0455484603442	-0.0376275429828	0.0221267021992	-0.0384829630304	0.0836091890181	0.0229981452894	0.0180187649619	-0.00513441552468	-0.0692370176582	-0.018501516835	-0.0215557927794	-0.0345024534601	-0.0642353256824	-0.0712335659617	-0.0906648856489	-0.042353562497	0.0263640516997	0.00584399789357	-0.0614921975133	-0.0865605670664	0.0345918198448	0.0114478791429	-0.00459046705227	0.0143056929601	-0.042097765443	-0.0433599219797	0.015030872204	-0.0148881988966	1.0	-0.0381873598599	-0.0225998056008	-0.052589559204	0.00948499382623	0.00726078646803	-0.0531198910128	-0.0137575864735	-0.0630613665466	0.0109318399773	-0.0107051632401	-0.0679161407799	0.00163350780605	-0.00141973161283	0.0457695063058	0.0621074354887	0.0729118091611	-0.0127500970026	-0.0370133456177	0.0491845151187	-0.0705623369444	-0.0380597411395	0.0573816751372	-0.026956257376	0.0376418150013	0.0313269895914	-0.000266437292986	0.00101020790938	-0.00868720604957	0.0441330142932
