#taxonomy	k__Bacteria;p__Bacteroidetes;c__Bacteroidia;o__Bacteroidales;f__Bacteroidaceae;g__Bacteroides;s__Bacteroides_vulgatus	k__Bacteria;p__Bacteroidetes;c__Bacteroidia;o__Bacteroidales;f__Bacteroidaceae;g__Bacteroides;s__Bacteroides_uniformis	k__Bacteria;p__Bacteroidetes;c__Bacteroidia;o__Bacteroidales;f__Rikenellaceae;g__Alistipes;s__Alistipes_putredinis	k__Bacteria;p__Bacteroidetes;c__Bacteroidia;o__Bacteroidales;f__Prevotellaceae;g__Prevotella;s__Prevotella_copri	k__Bacteria;p__Bacteroidetes;c__Bacteroidia;o__Bacteroidales;f__Bacteroidaceae;g__Bacteroides;s__Bacteroides_stercoris	k__Bacteria;p__Bacteroidetes;c__Bacteroidia;o__Bacteroidales;f__Bacteroidaceae;g__Bacteroides;s__Bacteroides_ovatus	k__Bacteria;p__Bacteroidetes;c__Bacteroidia;o__Bacteroidales;f__Rikenellaceae;g__Alistipes;s__Alistipes_shahii	k__Bacteria;p__Firmicutes;c__Clostridia;o__Clostridiales;f__Ruminococcaceae;g__Faecalibacterium;s__Faecalibacterium_prausnitzii	k__Bacteria;p__Bacteroidetes;c__Bacteroidia;o__Bacteroidales;f__Rikenellaceae;g__Alistipes;s__Alistipes_finegoldii	k__Bacteria;p__Bacteroidetes;c__Bacteroidia;o__Bacteroidales;f__Porphyromonadaceae;g__Parabacteroides;s__Parabacteroides_distasonis	k__Bacteria;p__Bacteroidetes;c__Bacteroidia;o__Bacteroidales;f__Bacteroidaceae;g__Bacteroides;s__Bacteroides_thetaiotaomicron	k__Bacteria;p__Bacteroidetes;c__Bacteroidia;o__Bacteroidales;f__Bacteroidaceae;g__Bacteroides;s__Bacteroides_coprocola	k__Bacteria;p__Bacteroidetes;c__Bacteroidia;o__Bacteroidales;f__Bacteroidaceae;g__Bacteroides;s__Bacteroides_cellulosilyticus	k__Bacteria;p__Bacteroidetes;c__Bacteroidia;o__Bacteroidales;f__Rikenellaceae;g__Alistipes;s__Alistipes_obesi	k__Bacteria;p__Firmicutes;c__Clostridia;o__Clostridiales;f__Lachnospiraceae;g__;s__[Eubacterium]_rectale	k__Bacteria;p__Bacteroidetes;c__Bacteroidia;o__Bacteroidales;f__Bacteroidaceae;g__Bacteroides;s__Bacteroides_plebeius	k__Bacteria;p__Bacteroidetes;c__Bacteroidia;o__Bacteroidales;f__Bacteroidaceae;g__Bacteroides;s__Bacteroides_fragilis	k__Bacteria;p__Proteobacteria;c__Betaproteobacteria;o__Burkholderiales;f__Sutterellaceae;g__Sutterella;s__Sutterella_wadsworthensis	k__Bacteria;p__Bacteroidetes;c__Bacteroidia;o__Bacteroidales;f__Porphyromonadaceae;g__Barnesiella;s__Barnesiella_intestinihominis	k__Bacteria;p__Bacteroidetes;c__Bacteroidia;o__Bacteroidales;f__Odoribacteraceae;g__Odoribacter;s__Odoribacter_splanchnicus	k__Bacteria;p__Bacteroidetes;c__Bacteroidia;o__Bacteroidales;f__Bacteroidaceae;g__Bacteroides;s__Bacteroides_salyersiae	k__Bacteria;p__Firmicutes;c__Clostridia;o__Clostridiales;f__Ruminococcaceae;g__Ruminiclostridium;s__[Eubacterium]_siraeum	k__Bacteria;p__Proteobacteria;c__Betaproteobacteria;o__Burkholderiales;f__Sutterellaceae;g__Parasutterella;s__Parasutterella_excrementihominis	k__Bacteria;p__Actinobacteria;c__Actinobacteria;o__Bifidobacteriales;f__Bifidobacteriaceae;g__Bifidobacterium;s__Bifidobacterium_adolescentis	k__Bacteria;p__Firmicutes;c__Clostridia;o__Clostridiales;f__Oscillospiraceae;g__Oscillibacter;s__Oscillibacter_sp._KLE_1745	k__Bacteria;p__Bacteroidetes;c__Bacteroidia;o__Bacteroidales;f__Bacteroidaceae;g__Bacteroides;s__Bacteroides_coprophilus	k__Bacteria;p__Firmicutes;c__Clostridia;o__Clostridiales;f__Lachnospiraceae;g__Roseburia;s__Roseburia_intestinalis	k__Bacteria;p__Firmicutes;c__Clostridia;o__Clostridiales;f__Lachnospiraceae;g__Roseburia;s__Roseburia_hominis	k__Bacteria;p__Bacteroidetes;c__Bacteroidia;o__Bacteroidales;f__Porphyromonadaceae;g__Parabacteroides;s__Parabacteroides_johnsonii	k__Bacteria;p__Actinobacteria;c__Actinobacteria;o__Bifidobacteriales;f__Bifidobacteriaceae;g__Bifidobacterium;s__Bifidobacterium_longum	k__Bacteria;p__Firmicutes;c__Clostridia;o__Clostridiales;f__;g__Flavonifractor;s__Flavonifractor_plautii	k__Bacteria;p__Firmicutes;c__Clostridia;o__Clostridiales;f__Clostridiaceae;g__Clostridium;s__Clostridium_phoceensis	k__Bacteria;p__Verrucomicrobia;c__Verrucomicrobiae;o__Verrucomicrobiales;f__Akkermansiaceae;g__Akkermansia;s__Akkermansia_muciniphila	k__Bacteria;p__Bacteroidetes;c__Bacteroidia;o__Bacteroidales;f__Prevotellaceae;g__Paraprevotella;s__Paraprevotella_xylaniphila	k__Bacteria;p__Firmicutes;c__Clostridia;o__Clostridiales;f__Ruminococcaceae;g__Ruminococcus;s__Ruminococcus_callidus	k__Bacteria;p__Bacteroidetes;c__Bacteroidia;o__Bacteroidales;f__Rikenellaceae;g__Alistipes;s__Alistipes_senegalensis	k__Bacteria;p__Firmicutes;c__Clostridia;o__Clostridiales;f__Lachnospiraceae;g__Blautia;s__Blautia_sp._KLE_1732	k__Bacteria;p__Bacteroidetes;c__Bacteroidia;o__Bacteroidales;f__Bacteroidaceae;g__Bacteroides;s__Bacteroides_oleiciplenus	k__Bacteria;p__Firmicutes;c__Clostridia;o__Clostridiales;f__Ruminococcaceae;g__Ruminococcus;s__Ruminococcus_bicirculans	k__Bacteria;p__Bacteroidetes;c__Bacteroidia;o__Bacteroidales;f__Bacteroidaceae;g__Bacteroides;s__Bacteroides_fluxus	k__Bacteria;p__Bacteroidetes;c__Bacteroidia;o__Bacteroidales;f__Prevotellaceae;g__Prevotella;s__Prevotella_stercorea	k__Bacteria;p__Firmicutes;c__Clostridia;o__Clostridiales;f__Lachnospiraceae;g__Dorea;s__Dorea_longicatena	k__Bacteria;p__Firmicutes;c__Clostridia;o__Clostridiales;f__Eubacteriaceae;g__Eubacterium;s__[Eubacterium]_eligens	k__Bacteria;p__Firmicutes;c__Clostridia;o__Clostridiales;f__Ruminococcaceae;g__;s__Ruminococcaceae_bacterium_D16	k__Bacteria;p__Firmicutes;c__Clostridia;o__Clostridiales;f__Lachnospiraceae;g__Coprococcus;s__Coprococcus_comes	k__Bacteria;p__Proteobacteria;c__Gammaproteobacteria;o__Enterobacterales;f__Enterobacteriaceae;g__Escherichia;s__Escherichia_coli	k__Bacteria;p__Firmicutes;c__Clostridia;o__Clostridiales;f__Ruminococcaceae;g__Anaerotruncus;s__Anaerotruncus_colihominis	k__Bacteria;p__Firmicutes;c__Clostridia;o__Clostridiales;f__Lachnospiraceae;g__Blautia;s__Blautia_obeum	k__Bacteria;p__Bacteroidetes;c__Bacteroidia;o__Bacteroidales;f__Odoribacteraceae;g__Odoribacter;s__Odoribacter_laneus	k__Bacteria;p__Firmicutes;c__Clostridia;o__Clostridiales;f__Ruminococcaceae;g__Ruminiclostridium;s__[Clostridium]_leptum	k__Bacteria;p__Bacteroidetes;c__Bacteroidia;o__Bacteroidales;f__Porphyromonadaceae;g__Parabacteroides;s__Parabacteroides_goldsteinii	k__Bacteria;p__Firmicutes;c__Clostridia;o__Clostridiales;f__Lachnospiraceae;g__Anaerostipes;s__Anaerostipes_hadrus	k__Bacteria;p__Firmicutes;c__Clostridia;o__Clostridiales;f__Ruminococcaceae;g__Ruminococcus;s__Ruminococcus_lactaris	k__Bacteria;p__Firmicutes;c__Clostridia;o__Clostridiales;f__Clostridiaceae;g__Clostridium;s__Clostridium_sp._L2-50	k__Bacteria;p__Firmicutes;c__Clostridia;o__Clostridiales;f__Clostridiaceae;g__Clostridium;s__Clostridium_sp._M62/1	k__Bacteria;p__Firmicutes;c__Clostridia;o__Clostridiales;f__;g__Intestinimonas;s__Intestinimonas_butyriciproducens	k__Bacteria;p__Actinobacteria;c__Actinobacteria;o__Bifidobacteriales;f__Bifidobacteriaceae;g__Bifidobacterium;s__Bifidobacterium_bifidum	k__Bacteria;p__Firmicutes;c__Negativicutes;o__Veillonellales;f__Veillonellaceae;g__Dialister;s__Dialister_invisus	k__Bacteria;p__Bacteroidetes;c__Bacteroidia;o__Bacteroidales;f__Bacteroidaceae;g__Bacteroides;s__Bacteroides_salanitronis
k__Bacteria;p__Bacteroidetes;c__Bacteroidia;o__Bacteroidales;f__Bacteroidaceae;g__Bacteroides;s__Bacteroides_vulgatus	1.0	0.0363599101164	0.0145115921549	-0.00804051771955	0.0223813306269	-0.0486595619438	-0.138947897822	0.0334520675357	0.0308491142141	0.0513484165376	0.0407533349536	-0.0646912896648	-0.00697349132163	0.0172002149687	-0.0176827950049	0.0361112871483	-0.0572269819227	-0.0106097144829	-0.0597202345369	-0.0106916434382	-0.0445789893585	-0.0210479922804	-0.0365743710602	-0.00330063077796	0.0421596831791	-0.115112561469	-0.0366403220517	-0.0140856355387	0.0431321449006	-0.0393056076775	0.014385948982	-0.0348869257046	-0.0653923763023	-0.0289971036021	-0.02604989112	-0.013771716911	-0.000747989877211	-0.102998241838	-0.0506327729801	-0.00074111206195	0.0570405290391	0.0194519231047	-0.0293706730196	-0.03649737715	0.00701941972511	-0.0537886059294	-0.0254892663814	0.0850292311402	-0.0999636194976	-0.0465131640884	0.0134138237034	0.0456290559672	0.0257339591398	-0.0051921844866	-0.0279272558389	-0.0806364286912	-0.084331190082	-0.0528555792637	0.064075458537
k__Bacteria;p__Bacteroidetes;c__Bacteroidia;o__Bacteroidales;f__Bacteroidaceae;g__Bacteroides;s__Bacteroides_uniformis	0.0363599101164	1.0	0.0503128861798	-0.0805167461715	0.0554731661986	0.0766967590159	-0.0279967765153	0.0127319099044	0.0114822707162	0.0230305546702	-0.00523526327171	0.0040994637495	-0.0285808250437	0.00264895956158	0.0233210368517	-0.0479742821127	0.0301564521174	0.0206408624371	0.0122280531512	0.0669795825228	0.0618381950161	0.000382644272897	-0.0900096708525	0.0620849264726	-0.0289916711623	-0.0115372196509	-0.0252327635654	-0.0506338515643	-0.0152905798926	-0.0744331757684	-0.0272874897329	-0.0130115296383	-0.038274940041	-0.0152787458486	-0.0222885818052	-0.0106690296174	-0.0201834548714	-0.0519870817482	-0.00252074896034	-0.00904183688917	0.0186898867832	0.0363499194198	0.0504913067074	-0.0270789475712	-0.0511025140364	-0.0842458312248	-0.0460862999404	-0.0381793313337	-0.0158071973019	0.0484816304954	0.0125234233766	-0.0337650531871	0.0285785904866	-0.131368248021	-0.0393815380516	-0.0569111098837	-0.00398154253649	-0.0778354641064	-0.0727964986775
k__Bacteria;p__Bacteroidetes;c__Bacteroidia;o__Bacteroidales;f__Rikenellaceae;g__Alistipes;s__Alistipes_putredinis	0.0145115921549	0.0503128861798	1.0	0.00680986348081	-0.13103029528	-0.054353764776	0.00260939528115	-0.0632669842924	-0.0658312980864	-0.0370465226797	0.00190020414709	-0.0799381394235	-0.0760267561237	-0.0645568453253	0.0135045320914	0.0203387710257	-0.0198369188907	-0.0248514825255	0.0666450823383	-0.0269317629877	-0.0368237801756	0.0435797195225	-0.00620083260897	0.082647864197	-0.0212479068158	0.0273888192105	-0.0375757344326	-0.000117655282701	0.0157352247332	-0.0349668144806	0.0209907080174	-0.0848127636969	-0.0213274968973	0.00925588007658	0.0139304951604	-0.0556496642036	0.0432425664332	-0.0852849292158	-0.0845267767254	-0.0296306612853	0.0157462845161	-0.000239250699718	-0.0319218295958	-0.0343359112643	0.0208607444012	0.000342097980799	0.0345207795941	0.00932638232414	0.0297977754513	0.0119345632582	-0.0133030353495	-0.0051959999795	-0.0233900791204	-0.0509258218532	-0.0389850398038	-0.0314481032192	-0.0585434849653	-0.0247844146655	-0.0108551402407
k__Bacteria;p__Bacteroidetes;c__Bacteroidia;o__Bacteroidales;f__Prevotellaceae;g__Prevotella;s__Prevotella_copri	-0.00804051771955	-0.0805167461715	0.00680986348081	1.0	-0.0853247694108	-0.105033483533	-0.0106595107817	-0.00715506497492	-0.0506588220308	-0.0167837281322	-0.0266388993231	0.0223644705724	-0.142375936513	-0.0542525558346	0.0415553988456	0.00727830878155	0.0737720331024	-0.0695016884108	0.00168016665809	-0.0426463981914	-0.0399245724882	0.0537196141477	-0.0063653109325	-0.0395924631626	0.0800908177706	-0.000928479924121	0.00405789672017	-0.023891928117	-0.0543586857515	-0.00345140923329	0.102950085647	0.0410292275938	-0.0154049370099	-0.024455412761	-0.0439509641617	-0.0176762072737	0.068218958781	-0.0337589758836	0.0190438981886	0.0179679012061	-0.0365794023894	-0.0169860969575	-0.00163116435529	0.0469922033076	0.000983073903119	-0.0428942845494	-0.0239642331368	-0.0986524495089	-0.0674481241811	-0.0967278737623	-0.0257640049089	0.0222186700219	0.000584803531668	-0.029510430793	0.0220692847939	-0.0544107155028	0.0159505584489	0.0291595200722	-0.0619283565805
k__Bacteria;p__Bacteroidetes;c__Bacteroidia;o__Bacteroidales;f__Bacteroidaceae;g__Bacteroides;s__Bacteroides_stercoris	0.0223813306269	0.0554731661986	-0.13103029528	-0.0853247694108	1.0	-0.0340617933448	0.0220719222495	-0.00715880823455	0.0410327000176	-0.00488083559375	0.0108088531327	0.0102965741036	-0.0610018290574	0.0712659302255	-0.02189588095	0.0066648336588	-0.0735567634556	-0.06672401414	-0.0283432330568	0.03381874193	-0.0480876161709	0.0758596431372	-0.00748950563456	-0.00123023099343	-0.0314240052609	-0.00992205754916	-0.126598870131	0.0437203315145	0.0103768436841	-0.011767526828	-0.0349042860483	-0.0318906878403	-0.0230997241431	0.0304891618175	-0.054365100127	0.0358537635664	-0.106078994018	0.0768573979386	-0.0514457079633	-0.0857040708783	0.0536863400473	-0.0559391016819	0.0568239221443	-0.0115592629944	-0.0454564599599	-0.0291273625763	-0.0119200721169	0.0459641893758	-0.0389450388577	-0.0115002470432	-0.0414248745831	0.00341423964852	0.00180220782963	-0.0190704314006	0.0227935750979	0.000514070903093	-0.102103564163	0.140268232752	-0.080790391974
k__Bacteria;p__Bacteroidetes;c__Bacteroidia;o__Bacteroidales;f__Bacteroidaceae;g__Bacteroides;s__Bacteroides_ovatus	-0.0486595619438	0.0766967590159	-0.054353764776	-0.105033483533	-0.0340617933448	1.0	-0.0399197346449	0.00708755592782	-0.000264916066678	0.0161135336192	0.0214300335527	-0.0155815554264	0.0326901822042	0.0315742373786	-0.0722834227584	-0.0652080588093	0.107650738842	-0.070649547685	-0.0355031620036	-0.014946031955	-0.10117309738	-0.0513708219297	0.00675095166971	0.0256828990708	-0.0840948193012	0.0281721018897	0.0406036998151	-0.0764583812022	0.0230696244515	0.039735277699	0.00112607560197	-0.00703618929206	0.0635939870035	-0.0453678936134	-0.0122929251619	-0.00749259825273	-0.0168429612061	-0.0988982065299	-0.0270374759671	0.0128116381952	0.00669027519821	0.0201285750847	-0.0299725365246	0.0225066267214	-0.00112781780883	-0.0473978128798	0.0428749295326	0.0554489866285	-0.0413293057334	-0.0362719085038	-0.0632973337565	-0.0517359186387	-0.0898913523255	-0.00608928997488	-0.120204450735	0.010379985173	0.0377542798751	-0.00596566893872	-0.0260289441151
k__Bacteria;p__Bacteroidetes;c__Bacteroidia;o__Bacteroidales;f__Rikenellaceae;g__Alistipes;s__Alistipes_shahii	-0.138947897822	-0.0279967765153	0.00260939528115	-0.0106595107817	0.0220719222495	-0.0399197346449	1.0	-0.0383525949495	-0.0392710986265	-0.00886770500172	0.0588926344275	-0.0131381514395	-0.00539019295379	-0.0176797295487	-0.00759886259152	0.029798973872	-0.0100555965377	-0.00806029763469	-0.0366634077749	0.0162706852179	0.0387264919841	-0.00434157634272	-0.0359750808757	-0.0191290135675	-0.0439244898047	-0.0902115251638	-0.00993604833139	-0.0304975337118	-0.00795770872634	-0.0642995387774	-0.00382726563491	-0.0643584387409	0.032082152853	0.0420717702802	0.0353905571476	-0.025545106701	0.02222231803	-0.0715177731592	0.0102086727027	-0.00184626100234	0.0092002275252	0.0321471504972	-0.011882831679	0.0187759630911	-0.0214308782979	0.0289100501057	-0.0605944872114	-0.00310463522549	0.0488551697746	0.0402899199505	-0.0198265990737	-0.114961596024	0.00770295354115	-0.00484940843807	0.0403470148928	-0.0125720079128	0.0282474377264	-0.0241238328143	-0.0335757677004
k__Bacteria;p__Firmicutes;c__Clostridia;o__Clostridiales;f__Ruminococcaceae;g__Faecalibacterium;s__Faecalibacterium_prausnitzii	0.0334520675357	0.0127319099044	-0.0632669842924	-0.00715506497492	-0.00715880823455	0.00708755592782	-0.0383525949495	1.0	0.0819476942008	-0.0388795555662	-0.0666196027687	0.0242842418622	0.0248499798766	-0.100586269028	-0.00690272410114	-0.0480569183752	-0.0499975367078	-0.0980460239257	0.018888569085	0.0175322792672	-0.0549971969909	-0.0712697900485	-0.1269536776	-0.024427924464	-0.0444916025316	-0.0212282720478	0.045097599631	-0.0440484004852	-0.147238539217	0.000641004317296	0.0435817432989	-0.0541368044549	-0.0775499276786	-0.0466542012812	0.00233296331695	-0.0149646531783	0.00694365323877	-0.0227278883932	0.0364722564812	-0.0311129229079	-0.0456002786049	0.0770902385974	0.0469429995458	0.010874214546	0.00706413756332	-0.0373148602986	-0.00713183154818	-0.0237847671471	-0.0368339294463	-0.0280063951603	-0.0791478440456	-0.0744694333558	0.00863025361094	-0.00765918831372	0.0179976747094	0.0417133409656	-0.0139230405353	-0.00472493875894	-0.0306493257224
k__Bacteria;p__Bacteroidetes;c__Bacteroidia;o__Bacteroidales;f__Rikenellaceae;g__Alistipes;s__Alistipes_finegoldii	0.0308491142141	0.0114822707162	-0.0658312980864	-0.0506588220308	0.0410327000176	-0.000264916066677	-0.0392710986265	0.0819476942008	1.0	-0.0191783605918	-0.0220278692786	0.0330043971629	0.00783843489887	0.0170383258569	-0.0634529448027	-0.00095204693206	-0.0842474702092	0.0798510079338	-0.0308926983158	-0.0372234115788	0.00385513250853	-0.0406879143927	-0.0714806772877	-0.0247858172519	-0.0292384663105	0.00779053389355	-0.0387017881827	0.00957254620636	0.0460524328036	-0.00670506239179	0.0638243197372	-0.107660276722	0.0585264178985	-0.0636884293386	-0.0256638933767	-0.0729187492174	-0.0503752632163	-0.0695976253758	-0.104124293403	0.0638154231534	0.068523792971	0.010668070351	-0.0535129135798	0.000106900611314	-0.0531639342371	-0.0381751054406	-0.0467029735461	0.021633945472	-0.0257089501007	-0.0107232447906	-0.0356424246012	0.0802145502276	0.040047669458	-0.0340588978365	-0.0436638074777	-0.0185536451013	-0.0339627000925	0.0316579860417	0.0297932529376
k__Bacteria;p__Bacteroidetes;c__Bacteroidia;o__Bacteroidales;f__Porphyromonadaceae;g__Parabacteroides;s__Parabacteroides_distasonis	0.0513484165376	0.0230305546702	-0.0370465226797	-0.0167837281322	-0.00488083559375	0.0161135336192	-0.00886770500172	-0.0388795555662	-0.0191783605918	1.0	-0.0657489995836	-0.125047410825	-0.0212590241787	0.0496618942879	0.0570222109224	-0.0371233269849	-0.0537056155172	-0.00243395107874	0.0212411994587	0.0169723671106	0.0014819562845	0.00907445557189	-0.0431341729737	-0.016213993683	0.0206092755516	-0.0706586488082	-0.0973075084699	0.00242111007996	0.0563075045534	0.113672087951	0.0273928219202	-0.010459009716	-0.00610606071786	-0.0439137669518	-0.0132421490138	-0.056437946483	0.025863484028	-0.0410732111788	0.0254517549533	0.015492542367	0.0663532240876	-0.0429458546703	0.02729267661	-0.00395346610223	-0.00606766371291	0.0881170402319	-0.0972664498453	-0.00526189878203	0.0372493781794	-0.0292801993489	-0.0260556357945	0.0194901338485	0.00417675313688	-0.0116719523407	0.0645515017462	-0.00262908631292	0.0555071488716	0.0277904912806	-0.0625506551077
k__Bacteria;p__Bacteroidetes;c__Bacteroidia;o__Bacteroidales;f__Bacteroidaceae;g__Bacteroides;s__Bacteroides_thetaiotaomicron	0.0407533349536	-0.00523526327171	0.00190020414709	-0.0266388993231	0.0108088531327	0.0214300335527	0.0588926344275	-0.0666196027687	-0.0220278692786	-0.0657489995836	1.0	-0.0388406638681	-0.0416050221102	-0.0227122811675	-0.0113552057433	0.0330807329302	-0.0226935413683	0.0212031023539	-0.0916972793309	0.00174162625511	-0.0890168445737	-0.0315246697926	-0.00378836091484	0.0131299423335	-0.0255777923641	-0.0272228424862	0.0200070314882	-0.0290391898559	0.0326146452737	-0.0161125846354	0.00214125204006	-0.0210253673833	-0.084899065536	0.00500906045989	0.0147517705733	-0.0529310420863	-0.0624108368654	0.0401929533333	0.112902164417	-0.0424160966048	0.0123043293553	-0.0428350980804	-0.0287433943941	0.0152621878697	0.0369738049987	-0.00594302463696	-0.0445726881495	-0.0977004309188	-0.00182773654422	0.0646384591039	-0.0458614190006	-0.0558740128005	-0.0137745525647	-0.0326287760948	0.00341116689728	-0.0447752618078	-0.126910388535	-0.0866483940189	-0.0397436174455
k__Bacteria;p__Bacteroidetes;c__Bacteroidia;o__Bacteroidales;f__Bacteroidaceae;g__Bacteroides;s__Bacteroides_coprocola	-0.0646912896648	0.0040994637495	-0.0799381394235	0.0223644705724	0.0102965741036	-0.0155815554264	-0.0131381514395	0.0242842418622	0.0330043971629	-0.125047410825	-0.0388406638681	1.0	-0.0498617675972	0.01434242927	-0.00970157201793	0.000899741835666	-0.0103524147183	-0.03709433259	-0.0484844965874	0.0879476857678	-0.0216935264331	-0.0716305340519	0.00928685219059	-0.00924719054738	0.0262206949396	-0.0723318171564	0.0185594699298	-0.0135056305767	-0.00774770429053	0.000426764702194	0.0176618724117	-0.0120032218946	0.0206300879326	-0.0537470257454	0.00876520726415	-0.0243788964452	-0.0256133543271	-0.0287656465103	0.0623559928991	-0.0299492115404	0.132312252919	0.0739255493425	-0.0103455771369	-0.0011423294093	-0.0850096268243	-0.0519518063872	-0.0222174300381	-0.0456193700269	0.0352344416863	-0.0299786910597	-0.00735473821326	-0.0130422080534	-0.0398439674576	0.00967305108182	0.0332662880228	0.0106435970193	-0.0762642241219	0.00386511311742	0.0048838926586
k__Bacteria;p__Bacteroidetes;c__Bacteroidia;o__Bacteroidales;f__Bacteroidaceae;g__Bacteroides;s__Bacteroides_cellulosilyticus	-0.00697349132163	-0.0285808250437	-0.0760267561237	-0.142375936513	-0.0610018290574	0.0326901822042	-0.00539019295379	0.0248499798766	0.00783843489887	-0.0212590241787	-0.0416050221102	-0.0498617675972	1.0	0.044417435354	-0.0300356269351	-0.0464781831906	-0.0454436556557	-0.0208458218697	-0.0843768802677	-0.0142802688766	-0.0146641706929	-0.0517476217678	0.0459362415597	-0.0378510872403	-0.0683518845692	0.0220531461571	-0.031607477825	-0.0665811835655	0.0315185721403	0.0253837972368	0.0588252158048	0.0280889269729	0.0444649770413	0.0398906238228	-0.029903069334	-0.0490317602398	0.0459462710026	-0.0371439125121	-0.0718972928929	0.0022791059785	-0.0249480049303	-0.0265840633108	-0.00601542601372	-0.0290707806195	0.0305805441424	-0.0273467590459	0.0447909868276	-0.0113389144515	-0.0199042607011	-0.016213652073	-0.0566304189681	-0.00954821843128	-0.018564439413	-0.00911561389262	-0.0598047438691	-0.0599674567085	0.032771908613	-0.0562341233459	-0.0152356366177
k__Bacteria;p__Bacteroidetes;c__Bacteroidia;o__Bacteroidales;f__Rikenellaceae;g__Alistipes;s__Alistipes_obesi	0.0172002149687	0.00264895956158	-0.0645568453253	-0.0542525558346	0.0712659302255	0.0315742373786	-0.0176797295487	-0.100586269028	0.0170383258569	0.0496618942879	-0.0227122811675	0.01434242927	0.044417435354	1.0	0.0339780460513	0.033890224809	-0.0794405202465	-0.0425220152876	-0.0324346362312	0.00178622001711	0.0707539171379	-0.0224144165766	0.00740960164728	-0.0291123478772	-0.0426062253188	-0.0756131534084	-0.0192946639677	-0.0186528023455	-0.00756517274007	-0.00965680591801	0.00163336415459	-0.0193035987402	-0.0828425655732	-0.0254925630757	-0.00990669743774	-0.0306235287354	0.0528511772558	0.0835283262464	0.0105418721757	-0.00219427167763	-0.0366581652946	-0.0215831930252	-0.0157057022976	0.0050691378918	0.00248688545422	-0.0224096239863	-0.0587405616235	0.0470885758743	-0.00374643788013	-0.0448583174738	-0.0439280222359	0.0610964621203	0.0416455235489	-0.0191658707453	-0.0779355753127	-0.0117883877446	0.0522997486381	-0.00714866299179	-0.0050742720927
k__Bacteria;p__Firmicutes;c__Clostridia;o__Clostridiales;f__Lachnospiraceae;g__;s__[Eubacterium]_rectale	-0.0176827950049	0.0233210368517	0.0135045320914	0.0415553988456	-0.02189588095	-0.0722834227584	-0.00759886259152	-0.00690272410114	-0.0634529448027	0.0570222109224	-0.0113552057433	-0.00970157201793	-0.0300356269351	0.0339780460513	1.0	-4.76166261493e-06	0.00425755277073	-0.0481137529508	0.061581905423	-0.0324176700841	0.0750996477475	0.0285584902717	-0.0165373613368	-0.0158675899754	0.0156831217725	0.0192248150468	-0.0699848902871	0.0199695106359	0.0212869869873	-0.00799157683409	-0.0385287658174	-0.00979105077482	-0.0700758952639	-0.0569032961499	0.00442082842252	0.011323314547	-0.100591856324	-0.0262990456072	0.0293300512135	-0.0931016296767	0.0159679026055	0.00070361148166	0.0718888322103	-0.00716779326254	-0.0547039421715	-0.0956387524038	-0.0208750850286	0.0546502522779	-0.113696522563	-0.0676489367112	0.0146805788172	-0.0583208118127	0.0458939039199	0.00747534637682	-0.0150654836591	-0.107976525489	0.0523547431911	-0.0550078124783	-0.0264360352671
k__Bacteria;p__Bacteroidetes;c__Bacteroidia;o__Bacteroidales;f__Bacteroidaceae;g__Bacteroides;s__Bacteroides_plebeius	0.0361112871483	-0.0479742821127	0.0203387710257	0.00727830878155	0.0066648336588	-0.0652080588093	0.029798973872	-0.0480569183752	-0.00095204693206	-0.0371233269849	0.0330807329302	0.000899741835666	-0.0464781831906	0.033890224809	-4.76166261493e-06	1.0	0.0590255296845	-0.0325581969405	-0.0588900140976	-0.0313281419041	-0.0906291945752	0.0278380386257	-0.0627532874589	0.0261533597612	0.0269019915033	-0.119982081581	-0.0682175569831	-0.0472486735584	0.00867957473495	-0.0214812430032	-0.0811139356747	-0.0705269635437	-0.0890912979407	0.046081432686	-0.0319716104205	0.0609593088376	0.066386634423	-0.0189124714273	0.0108298766528	-0.059643147777	-0.0889530144774	-0.022440708513	-0.127292649909	0.00429025144499	-0.0354005986478	0.0434781831326	-0.0372813436848	-0.000466694923115	-0.0348300161798	0.087901393999	-0.00279539944868	0.00200498943615	-0.0528178886219	0.0192039821731	-0.0338154909938	-0.0866198495477	0.0349931845719	-0.00502533211013	0.00491657773442
k__Bacteria;p__Bacteroidetes;c__Bacteroidia;o__Bacteroidales;f__Bacteroidaceae;g__Bacteroides;s__Bacteroides_fragilis	-0.0572269819227	0.0301564521174	-0.0198369188907	0.0737720331024	-0.0735567634556	0.107650738842	-0.0100555965377	-0.0499975367078	-0.0842474702092	-0.0537056155172	-0.0226935413683	-0.0103524147183	-0.0454436556557	-0.0794405202465	0.00425755277073	0.0590255296845	1.0	0.0133976193299	0.00826007187256	-0.0131468198923	-0.0229058128472	0.00594913154236	-0.00739556486274	-0.0383082664291	0.0270366721301	0.0158226752036	-0.031661687628	-0.022153084763	-0.0455985471193	0.0634004828872	-0.0585751008669	0.0549358014001	-0.0595588986742	0.0122047141833	-0.0233378892124	-0.0598597467146	-0.051687539072	-0.0776693888587	0.0243430365153	-0.0568931746216	-0.0501451222792	0.00398985534872	-0.00486785500834	-0.0299668012668	-0.0258310734281	-0.0708036720576	0.047826044211	-0.0109268112448	-0.0084461668356	0.0146538829826	0.0193826801766	0.0237844401821	-0.113461887136	0.024463024945	-0.0132984662679	0.0367428634814	0.0168319414928	-0.0308236021868	-0.0145963976072
k__Bacteria;p__Proteobacteria;c__Betaproteobacteria;o__Burkholderiales;f__Sutterellaceae;g__Sutterella;s__Sutterella_wadsworthensis	-0.0106097144829	0.0206408624371	-0.0248514825255	-0.0695016884108	-0.06672401414	-0.070649547685	-0.00806029763469	-0.0980460239257	0.0798510079338	-0.00243395107874	0.0212031023539	-0.03709433259	-0.0208458218697	-0.0425220152876	-0.0481137529508	-0.0325581969405	0.0133976193299	1.0	-0.0399478000227	-0.00212231558492	0.0843105113139	0.0440473698294	-0.000980136052326	0.0532397829364	-0.00813172825519	0.0151934413129	-0.0299141661072	-0.0537280997211	0.0259419134515	0.0004953302338	-0.032660437281	-0.0465324669803	0.029044669961	-0.0445211821162	-0.00321131418994	-0.000320987784039	-0.0456941894962	-0.0419030919726	0.0181788733748	-0.0392556690543	0.0199073384323	0.00847086292579	0.0167440576825	-0.0272824106535	0.0274323950662	0.000132014371308	-0.0364304737062	0.00506289751236	0.0109848719651	0.0254370054594	0.0218108328369	0.00770579212913	0.00389137468617	-0.114506371235	-0.0257625259131	-0.0185962284688	2.78010274775e-05	-0.0573616333605	-0.00643079309851
k__Bacteria;p__Bacteroidetes;c__Bacteroidia;o__Bacteroidales;f__Porphyromonadaceae;g__Barnesiella;s__Barnesiella_intestinihominis	-0.0597202345369	0.0122280531512	0.0666450823383	0.00168016665809	-0.0283432330568	-0.0355031620036	-0.0366634077749	0.018888569085	-0.0308926983158	0.0212411994587	-0.0916972793309	-0.0484844965874	-0.0843768802677	-0.0324346362312	0.061581905423	-0.0588900140976	0.00826007187256	-0.0399478000227	1.0	0.0357930081647	-0.0749285050275	0.0352980993232	0.0215526241757	-0.0727417117302	0.00580464251489	-0.0292306270963	-0.0311047714016	0.00766291278163	-0.0687499847611	-0.0459419450725	0.102903649848	-0.0694662487708	0.0330299847923	0.0963258100848	-0.0426623033631	0.0159051752075	-0.00836901391099	-0.0692738665083	-0.0553450662229	-0.0486038040688	-0.00806962916082	-0.0103212097341	-0.0392669376926	0.0313360633335	0.0071484440055	0.0120684254532	0.0294089300274	0.00362981085478	0.0190179421202	-0.00736906452641	0.0252601767299	0.0661996688656	-0.0641582658909	0.0186218493228	0.0129386715536	0.0181874030243	0.0717439328651	0.0372498709009	-0.025788533675
k__Bacteria;p__Bacteroidetes;c__Bacteroidia;o__Bacteroidales;f__Odoribacteraceae;g__Odoribacter;s__Odoribacter_splanchnicus	-0.0106916434382	0.0669795825228	-0.0269317629877	-0.0426463981914	0.03381874193	-0.014946031955	0.0162706852179	0.0175322792672	-0.0372234115788	0.0169723671106	0.00174162625511	0.0879476857678	-0.0142802688766	0.00178622001711	-0.0324176700841	-0.0313281419041	-0.0131468198923	-0.00212231558492	0.0357930081647	1.0	-0.024328940219	-0.158565323522	0.00584562009626	0.0856235251462	-0.0991989813297	0.0310911649293	-0.0325429565653	0.0253232272694	-0.0528395845115	-0.000211959537663	-0.0536168338372	-0.0407993541801	0.0231352528205	-0.0570077929805	-0.0296065398733	-0.0670539121413	-0.0548930372963	-0.00407238885125	0.0289303795892	-0.0515051305492	-0.0213927596977	-0.0209587114658	0.00397644503452	0.0313822771029	-0.0190832780589	-0.0497481835861	0.0143154478914	-0.0934069461205	0.0495883878329	0.000132267447394	0.0224377021365	0.0197680352515	-0.0574708842743	-0.00742312876119	-0.0595461458639	-0.0302486334778	-0.00720162983298	0.0646848863009	-0.0461016373837
k__Bacteria;p__Bacteroidetes;c__Bacteroidia;o__Bacteroidales;f__Bacteroidaceae;g__Bacteroides;s__Bacteroides_salyersiae	-0.0445789893585	0.0618381950161	-0.0368237801756	-0.0399245724882	-0.0480876161709	-0.10117309738	0.0387264919841	-0.0549971969909	0.00385513250853	0.0014819562845	-0.0890168445737	-0.0216935264331	-0.0146641706929	0.0707539171379	0.0750996477475	-0.0906291945752	-0.0229058128472	0.0843105113139	-0.0749285050275	-0.024328940219	1.0	-0.0379005919257	-0.00224494734203	0.0310311183883	-0.068301999325	-0.0406676634122	0.00429875307957	-0.0412685045735	-0.077101850842	-0.048448687891	-0.0190680919527	-0.0384692429618	-0.0714957726579	0.0415252934831	0.00765783465509	-0.0530965207372	0.0179048554696	-0.0293126416621	0.0698050436724	-0.0460965612995	0.00673721559872	0.0433025802942	0.0129407364512	0.0753247944295	-0.0587649907929	-0.0498442925202	-0.0136673179363	0.0167216071325	0.00349049339629	0.0193184641687	0.0272875021008	0.0226106612911	0.0682812231653	-0.106388990825	-0.11424872779	0.00209190226509	0.0733864337316	0.0375036726955	-0.0118551645911
k__Bacteria;p__Firmicutes;c__Clostridia;o__Clostridiales;f__Ruminococcaceae;g__Ruminiclostridium;s__[Eubacterium]_siraeum	-0.0210479922804	0.000382644272897	0.0435797195225	0.0537196141477	0.0758596431372	-0.0513708219297	-0.00434157634272	-0.0712697900485	-0.0406879143927	0.00907445557189	-0.0315246697926	-0.0716305340519	-0.0517476217678	-0.0224144165766	0.0285584902717	0.0278380386257	0.00594913154236	0.0440473698294	0.0352980993232	-0.158565323522	-0.0379005919257	1.0	0.00485287843072	-0.0712525250369	0.0544510710529	-0.00646652075487	0.00500988022565	-0.0189337419685	-0.0555804380083	-0.0178180915137	0.00359410298434	-0.058473346158	0.0158197027363	0.0258737182888	0.0408304980916	-0.00251221839977	-0.0211313542838	-0.0519098593666	-0.136933214375	-0.0713760884017	-0.0528832750817	0.0277738819556	0.0112088065662	-0.0453607811735	-0.0963206836488	-0.0352596742394	0.0398334766968	-0.0105946832114	-0.0125611086442	-0.0360504918927	0.00717892590841	0.0388279967642	0.0247738206965	-0.0518972275553	0.0180902472123	-0.0124885118104	-0.0186829929128	0.0583186659115	0.0596438918992
k__Bacteria;p__Proteobacteria;c__Betaproteobacteria;o__Burkholderiales;f__Sutterellaceae;g__Parasutterella;s__Parasutterella_excrementihominis	-0.0365743710602	-0.0900096708525	-0.00620083260897	-0.0063653109325	-0.00748950563456	0.00675095166971	-0.0359750808757	-0.1269536776	-0.0714806772877	-0.0431341729737	-0.00378836091484	0.00928685219059	0.0459362415597	0.00740960164728	-0.0165373613368	-0.0627532874589	-0.00739556486274	-0.000980136052326	0.0215526241757	0.00584562009626	-0.00224494734203	0.00485287843072	1.0	0.0221904436507	-0.0109868117263	-0.108482114351	0.0288687999451	-0.019858178207	-0.0174314867642	0.000844616699694	-0.0503764675917	-0.0457936781457	0.0156297983834	-0.0619412401418	-0.0533879549959	-0.0170136205272	0.00809605645596	0.0264771799255	0.0247624342252	0.0676836156531	0.00672679952566	-0.0139751027854	0.0308334881785	-0.0818343012222	0.0506898401967	0.0358454829145	-0.0631162539461	0.0324512383359	0.0872037892952	-0.0197002898634	0.0402131932805	0.031149807103	-0.123940442465	-0.0296036663338	-0.0483682441255	-0.0278665310909	0.0447526676079	0.0107331918854	0.0195771569486
k__Bacteria;p__Actinobacteria;c__Actinobacteria;o__Bifidobacteriales;f__Bifidobacteriaceae;g__Bifidobacterium;s__Bifidobacterium_adolescentis	-0.00330063077796	0.0620849264726	0.082647864197	-0.0395924631626	-0.00123023099343	0.0256828990708	-0.0191290135675	-0.024427924464	-0.0247858172519	-0.016213993683	0.0131299423335	-0.00924719054738	-0.0378510872403	-0.0291123478772	-0.0158675899754	0.0261533597612	-0.0383082664291	0.0532397829364	-0.0727417117302	0.0856235251462	0.0310311183883	-0.0712525250369	0.0221904436507	1.0	-0.0701091300147	0.00934842275163	-0.0456251440384	-0.0435095911832	-0.0728021283652	-0.0427852581072	-0.0328868583245	0.0361671347825	-0.0902826483148	0.0560605476686	-0.00499668600331	-0.0515679779692	0.0273435704589	-0.0205887658932	-0.00771379646386	-0.127742556486	-0.0230514015831	-0.0143554131854	-0.0481791304048	-0.0215826120691	-0.00201524561142	-0.0517668326171	-0.0460282501246	-0.00644761797787	0.0694232415461	-0.0747603773517	-0.0389286921266	0.0248151613618	-0.00126222928667	-0.0221470751027	0.0243294098205	-0.0583809310428	-0.0716533239312	-0.0621451933416	-0.040631462938
k__Bacteria;p__Firmicutes;c__Clostridia;o__Clostridiales;f__Oscillospiraceae;g__Oscillibacter;s__Oscillibacter_sp._KLE_1745	0.0421596831791	-0.0289916711623	-0.0212479068158	0.0800908177706	-0.0314240052609	-0.0840948193012	-0.0439244898047	-0.0444916025316	-0.0292384663105	0.0206092755516	-0.0255777923641	0.0262206949396	-0.0683518845692	-0.0426062253188	0.0156831217725	0.0269019915033	0.0270366721301	-0.00813172825519	0.00580464251489	-0.0991989813297	-0.068301999325	0.0544510710529	-0.0109868117263	-0.0701091300147	1.0	0.0232110342037	-0.000892930418503	0.0175248599164	-0.00843898075467	-0.0425647824383	-0.0794533030436	-0.0681474946325	-1.58434141053e-05	0.0107925244096	-0.00601454839134	0.0662926741541	-0.0487835960471	-0.0636564115844	-0.0589036420321	-0.0963700979182	0.00954175937407	-0.0707661756719	-0.0274814577529	-0.00312378234415	-0.0685442454569	-0.0213746050434	-0.00173745707644	-0.019015340676	0.00266380922386	0.071174612714	-0.0368573179151	-0.0365628000021	-0.0181614430168	0.0510914267692	0.00135153189167	0.00316199768992	0.0481157574643	0.0447795573243	-0.0553041470406
k__Bacteria;p__Bacteroidetes;c__Bacteroidia;o__Bacteroidales;f__Bacteroidaceae;g__Bacteroides;s__Bacteroides_coprophilus	-0.115112561469	-0.0115372196509	0.0273888192105	-0.000928479924121	-0.00992205754916	0.0281721018897	-0.0902115251638	-0.0212282720478	0.00779053389355	-0.0706586488082	-0.0272228424862	-0.0723318171564	0.0220531461571	-0.0756131534084	0.0192248150468	-0.119982081581	0.0158226752036	0.0151934413129	-0.0292306270963	0.0310911649293	-0.0406676634122	-0.00646652075487	-0.108482114351	0.00934842275163	0.0232110342037	1.0	0.0060653438387	0.0268764896447	-0.0106927821166	0.0188049263505	-0.045439610745	-0.0468945204965	-0.0101618699411	-0.0279200914293	-0.0281794258762	0.0181171885097	-0.0504124238024	0.0624629249662	-0.0168994936115	-0.0521727642943	0.0202892183065	-0.0251510780558	0.0470099168251	0.00587976473834	-0.0473846992015	-0.0472646232267	-0.050707852027	-0.101292099984	0.0436451711009	0.0283183478701	-0.0243170799311	-0.104529464124	-0.0212199556837	0.0144228897142	-0.028093675941	0.0168413650617	0.00275381578693	0.0380143955607	-0.0625845131851
k__Bacteria;p__Firmicutes;c__Clostridia;o__Clostridiales;f__Lachnospiraceae;g__Roseburia;s__Roseburia_intestinalis	-0.0366403220517	-0.0252327635654	-0.0375757344326	0.00405789672017	-0.126598870131	0.0406036998151	-0.00993604833139	0.045097599631	-0.0387017881827	-0.0973075084699	0.0200070314882	0.0185594699298	-0.031607477825	-0.0192946639677	-0.0699848902871	-0.0682175569831	-0.031661687628	-0.0299141661072	-0.0311047714016	-0.0325429565653	0.00429875307957	0.00500988022565	0.0288687999451	-0.0456251440384	-0.000892930418503	0.0060653438387	1.0	0.129217160402	0.0395139625125	0.0202935810222	0.00175651578619	0.0145376767766	0.0730008871328	-0.0327708510456	0.0376131061328	-0.0886452020524	-0.0257092360302	0.0617415431285	-0.0569582007172	-0.0252269000336	0.0107055021168	-0.03926301112	0.0330799405783	-0.0172573565001	0.0257310086242	-0.0347019332722	0.0195918997385	-0.0319537958351	0.0255843070805	-0.000299915519459	-0.0173763872577	0.0237007365446	-0.024334202531	-0.0118989635824	0.00811028769989	-0.0224228570143	-0.0611049707283	-0.00775522572245	0.0221482910493
k__Bacteria;p__Firmicutes;c__Clostridia;o__Clostridiales;f__Lachnospiraceae;g__Roseburia;s__Roseburia_hominis	-0.0140856355387	-0.0506338515643	-0.000117655282701	-0.023891928117	0.0437203315145	-0.0764583812022	-0.0304975337118	-0.0440484004852	0.00957254620636	0.00242111007996	-0.0290391898559	-0.0135056305767	-0.0665811835655	-0.0186528023455	0.0199695106359	-0.0472486735584	-0.022153084763	-0.0537280997211	0.00766291278163	0.0253232272694	-0.0412685045735	-0.0189337419685	-0.019858178207	-0.0435095911832	0.0175248599164	0.0268764896447	0.129217160402	1.0	-0.0296838570768	0.0435055939759	-0.0347892928651	0.0101341026367	-0.0341225935818	-0.0302198902359	0.0586701443606	-0.0372856721944	0.0415065089077	-0.0560168663167	-0.0180045511808	0.039054593999	0.0258354018966	0.0147588598396	0.0126990005117	0.0218470922343	0.019937302142	-0.0574225510503	0.00137185054393	-0.0190171798211	0.0176491716253	-0.0575781114097	0.0226797590326	0.0754352341315	-0.077024961874	-0.0653294653769	0.0112382623303	-0.046126141027	-0.00835244188012	-0.0124710108632	0.0532452231259
k__Bacteria;p__Bacteroidetes;c__Bacteroidia;o__Bacteroidales;f__Porphyromonadaceae;g__Parabacteroides;s__Parabacteroides_johnsonii	0.0431321449006	-0.0152905798926	0.0157352247332	-0.0543586857515	0.0103768436841	0.0230696244515	-0.00795770872634	-0.147238539217	0.0460524328036	0.0563075045534	0.0326146452737	-0.00774770429053	0.0315185721403	-0.00756517274007	0.0212869869873	0.00867957473495	-0.0455985471193	0.0259419134515	-0.0687499847611	-0.0528395845115	-0.077101850842	-0.0555804380083	-0.0174314867642	-0.0728021283652	-0.00843898075467	-0.0106927821166	0.0395139625125	-0.0296838570768	1.0	-0.0389107754216	-0.0619246509084	0.0249794380619	-0.0514753465573	0.0183620769062	0.0857037593571	-0.0108454567266	-0.048215490722	0.0330425185043	0.0376228175217	0.00286777498803	-0.0244961938727	-0.0488540703889	0.0109330944924	-0.0596927000889	-0.0274698837369	-0.0868748448818	0.00466501235201	0.0184454267722	0.000838582207773	-0.0569896519462	-0.0260610830579	0.0293591675327	-0.048719441975	-0.0189127109219	0.0326632125272	-0.0244196865132	0.00633599624346	0.0394174339189	-0.00999724227825
k__Bacteria;p__Actinobacteria;c__Actinobacteria;o__Bifidobacteriales;f__Bifidobacteriaceae;g__Bifidobacterium;s__Bifidobacterium_longum	-0.0393056076775	-0.0744331757684	-0.0349668144806	-0.00345140923329	-0.011767526828	0.039735277699	-0.0642995387774	0.000641004317296	-0.00670506239179	0.113672087951	-0.0161125846354	0.000426764702194	0.0253837972368	-0.00965680591801	-0.00799157683409	-0.0214812430032	0.0634004828872	0.0004953302338	-0.0459419450725	-0.000211959537663	-0.048448687891	-0.0178180915137	0.000844616699694	-0.0427852581072	-0.0425647824383	0.0188049263505	0.0202935810222	0.0435055939759	-0.0389107754216	1.0	0.0304969882451	-0.0384563787333	-0.116798771094	-0.0755362705315	-0.0104427109363	-0.0471061655339	-0.0132681913627	-0.0517846522795	-0.071441998953	0.00193238650338	-0.0668353628374	-0.0137528927526	0.0030668592734	-0.00378095632497	-0.0387506315259	-0.0356604577623	-0.0109888325689	-0.0345216116724	-0.0630835394311	0.0267684411526	0.00975960295381	-0.0567596130101	-0.0824017843537	0.0735630746645	0.030512979593	-0.0509029040077	-0.0550879115762	-0.0707152336452	0.0204688608851
