#taxonomy	k__Bacteria;p__Bacteroidetes;c__Bacteroidia;o__Bacteroidales;f__Bacteroidaceae;g__Bacteroides;s__Bacteroides_vulgatus	k__Bacteria;p__Bacteroidetes;c__Bacteroidia;o__Bacteroidales;f__Bacteroidaceae;g__Bacteroides;s__Bacteroides_uniformis	k__Bacteria;p__Bacteroidetes;c__Bacteroidia;o__Bacteroidales;f__Rikenellaceae;g__Alistipes;s__Alistipes_putredinis	k__Bacteria;p__Bacteroidetes;c__Bacteroidia;o__Bacteroidales;f__Prevotellaceae;g__Prevotella;s__Prevotella_copri	k__Bacteria;p__Bacteroidetes;c__Bacteroidia;o__Bacteroidales;f__Bacteroidaceae;g__Bacteroides;s__Bacteroides_stercoris	k__Bacteria;p__Bacteroidetes;c__Bacteroidia;o__Bacteroidales;f__Bacteroidaceae;g__Bacteroides;s__Bacteroides_ovatus	k__Bacteria;p__Bacteroidetes;c__Bacteroidia;o__Bacteroidales;f__Rikenellaceae;g__Alistipes;s__Alistipes_shahii	k__Bacteria;p__Firmicutes;c__Clostridia;o__Clostridiales;f__Ruminococcaceae;g__Faecalibacterium;s__Faecalibacterium_prausnitzii	k__Bacteria;p__Bacteroidetes;c__Bacteroidia;o__Bacteroidales;f__Rikenellaceae;g__Alistipes;s__Alistipes_finegoldii	k__Bacteria;p__Bacteroidetes;c__Bacteroidia;o__Bacteroidales;f__Porphyromonadaceae;g__Parabacteroides;s__Parabacteroides_distasonis	k__Bacteria;p__Bacteroidetes;c__Bacteroidia;o__Bacteroidales;f__Bacteroidaceae;g__Bacteroides;s__Bacteroides_thetaiotaomicron	k__Bacteria;p__Bacteroidetes;c__Bacteroidia;o__Bacteroidales;f__Bacteroidaceae;g__Bacteroides;s__Bacteroides_coprocola	k__Bacteria;p__Bacteroidetes;c__Bacteroidia;o__Bacteroidales;f__Bacteroidaceae;g__Bacteroides;s__Bacteroides_cellulosilyticus	k__Bacteria;p__Bacteroidetes;c__Bacteroidia;o__Bacteroidales;f__Rikenellaceae;g__Alistipes;s__Alistipes_obesi	k__Bacteria;p__Firmicutes;c__Clostridia;o__Clostridiales;f__Lachnospiraceae;g__;s__[Eubacterium]_rectale	k__Bacteria;p__Bacteroidetes;c__Bacteroidia;o__Bacteroidales;f__Bacteroidaceae;g__Bacteroides;s__Bacteroides_plebeius	k__Bacteria;p__Bacteroidetes;c__Bacteroidia;o__Bacteroidales;f__Bacteroidaceae;g__Bacteroides;s__Bacteroides_fragilis	k__Bacteria;p__Proteobacteria;c__Betaproteobacteria;o__Burkholderiales;f__Sutterellaceae;g__Sutterella;s__Sutterella_wadsworthensis	k__Bacteria;p__Bacteroidetes;c__Bacteroidia;o__Bacteroidales;f__Porphyromonadaceae;g__Barnesiella;s__Barnesiella_intestinihominis	k__Bacteria;p__Bacteroidetes;c__Bacteroidia;o__Bacteroidales;f__Odoribacteraceae;g__Odoribacter;s__Odoribacter_splanchnicus	k__Bacteria;p__Bacteroidetes;c__Bacteroidia;o__Bacteroidales;f__Bacteroidaceae;g__Bacteroides;s__Bacteroides_salyersiae	k__Bacteria;p__Firmicutes;c__Clostridia;o__Clostridiales;f__Ruminococcaceae;g__Ruminiclostridium;s__[Eubacterium]_siraeum	k__Bacteria;p__Proteobacteria;c__Betaproteobacteria;o__Burkholderiales;f__Sutterellaceae;g__Parasutterella;s__Parasutterella_excrementihominis	k__Bacteria;p__Actinobacteria;c__Actinobacteria;o__Bifidobacteriales;f__Bifidobacteriaceae;g__Bifidobacterium;s__Bifidobacterium_adolescentis	k__Bacteria;p__Firmicutes;c__Clostridia;o__Clostridiales;f__Oscillospiraceae;g__Oscillibacter;s__Oscillibacter_sp._KLE_1745	k__Bacteria;p__Bacteroidetes;c__Bacteroidia;o__Bacteroidales;f__Bacteroidaceae;g__Bacteroides;s__Bacteroides_coprophilus	k__Bacteria;p__Firmicutes;c__Clostridia;o__Clostridiales;f__Lachnospiraceae;g__Roseburia;s__Roseburia_intestinalis	k__Bacteria;p__Firmicutes;c__Clostridia;o__Clostridiales;f__Lachnospiraceae;g__Roseburia;s__Roseburia_hominis	k__Bacteria;p__Bacteroidetes;c__Bacteroidia;o__Bacteroidales;f__Porphyromonadaceae;g__Parabacteroides;s__Parabacteroides_johnsonii	k__Bacteria;p__Actinobacteria;c__Actinobacteria;o__Bifidobacteriales;f__Bifidobacteriaceae;g__Bifidobacterium;s__Bifidobacterium_longum	k__Bacteria;p__Firmicutes;c__Clostridia;o__Clostridiales;f__;g__Flavonifractor;s__Flavonifractor_plautii	k__Bacteria;p__Firmicutes;c__Clostridia;o__Clostridiales;f__Clostridiaceae;g__Clostridium;s__Clostridium_phoceensis	k__Bacteria;p__Verrucomicrobia;c__Verrucomicrobiae;o__Verrucomicrobiales;f__Akkermansiaceae;g__Akkermansia;s__Akkermansia_muciniphila	k__Bacteria;p__Bacteroidetes;c__Bacteroidia;o__Bacteroidales;f__Prevotellaceae;g__Paraprevotella;s__Paraprevotella_xylaniphila	k__Bacteria;p__Firmicutes;c__Clostridia;o__Clostridiales;f__Ruminococcaceae;g__Ruminococcus;s__Ruminococcus_callidus	k__Bacteria;p__Bacteroidetes;c__Bacteroidia;o__Bacteroidales;f__Rikenellaceae;g__Alistipes;s__Alistipes_senegalensis	k__Bacteria;p__Firmicutes;c__Clostridia;o__Clostridiales;f__Lachnospiraceae;g__Blautia;s__Blautia_sp._KLE_1732	k__Bacteria;p__Bacteroidetes;c__Bacteroidia;o__Bacteroidales;f__Bacteroidaceae;g__Bacteroides;s__Bacteroides_oleiciplenus	k__Bacteria;p__Firmicutes;c__Clostridia;o__Clostridiales;f__Ruminococcaceae;g__Ruminococcus;s__Ruminococcus_bicirculans	k__Bacteria;p__Bacteroidetes;c__Bacteroidia;o__Bacteroidales;f__Bacteroidaceae;g__Bacteroides;s__Bacteroides_fluxus	k__Bacteria;p__Bacteroidetes;c__Bacteroidia;o__Bacteroidales;f__Prevotellaceae;g__Prevotella;s__Prevotella_stercorea	k__Bacteria;p__Firmicutes;c__Clostridia;o__Clostridiales;f__Lachnospiraceae;g__Dorea;s__Dorea_longicatena	k__Bacteria;p__Firmicutes;c__Clostridia;o__Clostridiales;f__Eubacteriaceae;g__Eubacterium;s__[Eubacterium]_eligens	k__Bacteria;p__Firmicutes;c__Clostridia;o__Clostridiales;f__Ruminococcaceae;g__;s__Ruminococcaceae_bacterium_D16	k__Bacteria;p__Firmicutes;c__Clostridia;o__Clostridiales;f__Lachnospiraceae;g__Coprococcus;s__Coprococcus_comes	k__Bacteria;p__Proteobacteria;c__Gammaproteobacteria;o__Enterobacterales;f__Enterobacteriaceae;g__Escherichia;s__Escherichia_coli	k__Bacteria;p__Firmicutes;c__Clostridia;o__Clostridiales;f__Ruminococcaceae;g__Anaerotruncus;s__Anaerotruncus_colihominis	k__Bacteria;p__Firmicutes;c__Clostridia;o__Clostridiales;f__Lachnospiraceae;g__Blautia;s__Blautia_obeum	k__Bacteria;p__Bacteroidetes;c__Bacteroidia;o__Bacteroidales;f__Odoribacteraceae;g__Odoribacter;s__Odoribacter_laneus	k__Bacteria;p__Firmicutes;c__Clostridia;o__Clostridiales;f__Ruminococcaceae;g__Ruminiclostridium;s__[Clostridium]_leptum	k__Bacteria;p__Bacteroidetes;c__Bacteroidia;o__Bacteroidales;f__Porphyromonadaceae;g__Parabacteroides;s__Parabacteroides_goldsteinii	k__Bacteria;p__Firmicutes;c__Clostridia;o__Clostridiales;f__Lachnospiraceae;g__Anaerostipes;s__Anaerostipes_hadrus	k__Bacteria;p__Firmicutes;c__Clostridia;o__Clostridiales;f__Ruminococcaceae;g__Ruminococcus;s__Ruminococcus_lactaris	k__Bacteria;p__Firmicutes;c__Clostridia;o__Clostridiales;f__Clostridiaceae;g__Clostridium;s__Clostridium_sp._L2-50	k__Bacteria;p__Firmicutes;c__Clostridia;o__Clostridiales;f__Clostridiaceae;g__Clostridium;s__Clostridium_sp._M62/1	k__Bacteria;p__Firmicutes;c__Clostridia;o__Clostridiales;f__;g__Intestinimonas;s__Intestinimonas_butyriciproducens	k__Bacteria;p__Actinobacteria;c__Actinobacteria;o__Bifidobacteriales;f__Bifidobacteriaceae;g__Bifidobacterium;s__Bifidobacterium_bifidum	k__Bacteria;p__Firmicutes;c__Negativicutes;o__Veillonellales;f__Veillonellaceae;g__Dialister;s__Dialister_invisus	k__Bacteria;p__Bacteroidetes;c__Bacteroidia;o__Bacteroidales;f__Bacteroidaceae;g__Bacteroides;s__Bacteroides_salanitronis
k__Bacteria;p__Bacteroidetes;c__Bacteroidia;o__Bacteroidales;f__Bacteroidaceae;g__Bacteroides;s__Bacteroides_vulgatus	1.0	-0.0068895041354	-0.0384172895261	-0.0164234648653	-0.0222494265333	-0.108802446226	-0.00956430579065	-0.099632791301	0.0383091379484	-0.000110953617573	-0.0737788379095	-0.0505611937558	-0.0628926654331	-0.0128437020913	-0.00364361889086	-0.0407952138909	-0.048035053845	0.0706943415598	0.0743615650002	-0.0493222180117	-0.0488281889901	-0.0821341771316	-0.0637073324597	-0.00335042146949	-0.0181799627312	0.0812707574013	-0.0731099974353	-0.0217951363535	-0.0316270617898	-0.0296516648438	0.0442421216143	0.028569358615	-0.00108826192732	0.0718725863618	-0.0476986278851	-0.0587795846143	-0.0714604442355	0.0324132568602	0.0886087126091	-0.0888946131909	0.0601202552593	-0.0374371989221	0.0884173436236	-0.00432887435397	0.0670635241464	-0.0610247066105	0.0191304153262	0.0117601315104	0.0146166070674	0.00594950455037	-0.0170950960625	0.0400340062473	-0.0982082199649	-0.00277242565506	-0.00561671263422	-0.0389901817332	-0.0657203297259	-0.00739745124365	0.00134113799774
k__Bacteria;p__Bacteroidetes;c__Bacteroidia;o__Bacteroidales;f__Bacteroidaceae;g__Bacteroides;s__Bacteroides_uniformis	-0.0068895041354	1.0	-0.00296334841536	0.00197960683996	0.0346071735796	0.0691088239363	0.0399199089846	-0.0451101346355	-0.01038484709	-0.0293001718769	-0.031605420455	-0.0230942712383	-0.0649352015797	0.0621010678957	-0.0527842611633	0.0818250719563	0.00608244188405	0.0035388376287	-0.00826983992877	-0.0140481184975	-0.0539233119746	0.0269682904025	-0.0566655003504	-0.00768647633413	-0.0709025794998	-0.0461173702913	-0.0110190782698	-0.0251502878705	-0.0189985785025	0.00682761707746	0.0335432580995	-0.00649080120666	0.0265081949464	-0.00204325584982	-0.0685128820262	0.0944363947799	-0.00369822530923	-0.0261410366408	0.0274313800056	-0.0351801319726	0.0073487599312	0.0234501849322	0.0602521268515	-0.0433215074624	0.0875183277973	-0.0229435987034	-0.0922782185123	-0.0476389123581	0.0352245010605	-0.0754544350102	0.0250308583585	0.0520766105281	-0.0381698223976	-0.0367602340107	-0.0429333448098	-0.0171401243386	-0.0182953359239	-0.0362477186336	-0.0316039338007
k__Bacteria;p__Bacteroidetes;c__Bacteroidia;o__Bacteroidales;f__Rikenellaceae;g__Alistipes;s__Alistipes_putredinis	-0.0384172895261	-0.00296334841536	1.0	0.0496792212132	0.123216773652	0.0119390731473	-0.0648440414745	0.0725104562804	0.0469059103285	-0.0586848139732	-0.0236893378949	0.0248106381128	-0.0341213604934	-0.0883771664599	-0.0369288480231	-0.0991604156579	-0.0220956655577	-0.0291066570919	-0.00902085354597	0.0790627966036	0.00579855739055	-0.0219833314015	-0.0102533695638	-0.0469863863755	-0.056833695132	-0.00110719538494	-0.0178130772029	-0.00704113633731	-0.0343072148861	-0.0527186040477	0.0316310687677	0.0397841539556	-0.0359707590759	-0.0419981811318	-0.038703551127	-0.0408634050394	0.0325890649229	-0.0194477549694	-0.0607427142732	-0.0470018444481	0.0246054437641	0.0520679416673	-0.0706452487227	0.0635072148557	0.0537944843224	-9.67062774574e-05	-0.00536380180161	-0.0776121786017	0.00130374299418	-0.030130742609	-0.0844748524837	-0.0602991353641	0.0460812110826	-0.019025678255	-0.0457317131545	0.0330662476919	-0.0243341564687	-0.0138642667531	0.00832207877313
k__Bacteria;p__Bacteroidetes;c__Bacteroidia;o__Bacteroidales;f__Prevotellaceae;g__Prevotella;s__Prevotella_copri	-0.0164234648653	0.00197960683996	0.0496792212132	1.0	-0.0263103314615	-0.127214234246	-0.0506401113342	-0.102409277414	0.0189303662676	-0.0158335647944	-0.0406023907673	-0.0668411592265	-0.0608299152171	-0.0257450823906	-0.00582003761966	-0.0704878228633	-0.0540744057349	-0.0323035754054	0.0477943098121	-0.00174146691911	0.00981885734114	-0.0325993560163	-0.0195450892903	0.0108343021723	0.062549163187	-0.055720486025	-0.0291522565165	-0.0247478440061	0.0199798210907	-0.0939430356985	-0.0676559066864	-0.0245215572354	0.00465087421358	0.00459192804181	-0.0452134613618	-0.0211477009515	0.0572054855132	0.0717113620525	0.0761429892391	0.0117222319159	0.00873100542633	-0.0285737693437	0.028055317178	-0.0290115072399	-0.04312751817	0.0427593013022	-0.100944467938	-0.0154579462652	0.0186807825999	0.105253147437	0.0280758539128	-0.010403004635	0.00805001310272	-0.0665753735379	0.0659685693457	-0.0273033534328	-0.0318229925194	-0.0217803836165	-0.0963121389312
k__Bacteria;p__Bacteroidetes;c__Bacteroidia;o__Bacteroidales;f__Bacteroidaceae;g__Bacteroides;s__Bacteroides_stercoris	-0.0222494265333	0.0346071735796	0.123216773652	-0.0263103314615	1.0	0.0462029974391	-0.0492876992749	-0.0762627575294	-0.0483419514167	-0.0165435642333	-0.125520264017	-0.0288821347824	-0.0202107656184	0.0120793508928	-0.0163858890424	-0.0315781838	-0.0341079522503	-0.0104074077376	-0.0864286093738	-0.0701551670182	0.0303164844966	0.0336991547688	0.046106379642	0.0195991092598	0.0273212338794	0.0186357216173	-0.0325931787494	-0.0358786696277	0.116031305722	0.0394000747442	-0.00540174557858	0.0312893700286	-0.0653981291847	-0.0461466748283	-0.0818230615278	-0.0527451390954	0.0446409432923	-0.0204067129561	0.0127717676303	-0.0666489443552	-0.055160829711	0.0189290443816	-0.00401694480796	0.0388291124929	0.134058502427	-0.0983045802622	0.0176545944834	-0.00507975766426	-0.0546848982153	-0.0847483785176	0.00741709643783	0.0188404030152	0.0468430405755	-0.0601458463521	-0.0375996669639	-0.0416046461304	-0.104292331085	-0.0190775519557	-0.0235609480896
k__Bacteria;p__Bacteroidetes;c__Bacteroidia;o__Bacteroidales;f__Bacteroidaceae;g__Bacteroides;s__Bacteroides_ovatus	-0.108802446226	0.0691088239363	0.0119390731473	-0.127214234246	0.0462029974391	1.0	-0.0352814627208	-0.0142588107828	-0.0438962733406	-0.00302210035477	0.0338064793303	0.0618093157317	-0.0962700136762	-0.0280753195493	-0.0169422115344	0.0612490787144	0.00192628676633	0.0337463533593	-0.0117813082289	0.035202948162	0.0578547986588	-0.00155930928355	0.0857347599449	0.0127837420923	0.0261550194141	-0.0288575292363	-0.0322049803484	0.016040353097	-0.09071634863	-0.0467735822852	0.059489342788	0.0612576406252	-0.00354685185127	-0.00513163088664	0.0555715745496	0.0845700304035	-0.0539788129289	-0.054493701354	-0.0638746335411	-0.022330029452	0.0196971209605	-0.0504965010247	-0.0299554267504	0.0272109829144	-0.00123896003728	-0.0528699791898	-0.0729642768621	-0.0940156093065	-0.0653188892808	-0.0476420109811	0.0509714051117	-0.0606897534685	-0.00504021107997	-0.0591045616746	-0.0276684774165	-0.0167183814552	-0.0388504805123	0.00511332228101	0.0207185915011
k__Bacteria;p__Bacteroidetes;c__Bacteroidia;o__Bacteroidales;f__Rikenellaceae;g__Alistipes;s__Alistipes_shahii	-0.00956430579065	0.0399199089846	-0.0648440414745	-0.0506401113342	-0.0492876992749	-0.0352814627208	1.0	0.00616331022538	-0.0212178113762	-0.032751288574	0.00508193251082	-0.0501358481488	0.0192956982524	-0.0245002385602	-0.0241206736407	0.0296262752027	0.0136006735899	-0.00973553972846	-0.0535651516388	-0.0242103243678	-0.0138182026135	-0.0734655999048	0.0224770731468	-0.0510666638947	-0.0223954130861	0.0079388673932	-0.0270418228957	-0.0425119278607	0.0129471626024	-0.00859101639197	-0.0671598195916	-0.101828620879	-0.048207261749	-0.0191359724848	-0.0189297120394	0.0293872905822	-0.0593235725391	-0.0518524035629	0.0113450062261	-0.0574801433803	0.0512379201207	-0.0436749493104	-0.114176302762	0.0298285036883	0.00420475083174	-0.0429495431928	0.00211672737731	0.0633815030966	0.0557488285855	-0.00461037773244	0.0199977239937	-0.0261964771013	0.0204872063127	0.0507959682284	0.0106996371035	0.0710383369591	0.0331360300834	-0.017446033444	0.0251254873826
k__Bacteria;p__Firmicutes;c__Clostridia;o__Clostridiales;f__Ruminococcaceae;g__Faecalibacterium;s__Faecalibacterium_prausnitzii	-0.099632791301	-0.0451101346355	0.0725104562804	-0.102409277414	-0.0762627575294	-0.0142588107828	0.00616331022538	1.0	-0.0823565227924	0.0369495807687	0.0297608773372	-0.0839600812602	-0.0405400610572	0.0017799601201	-0.0667535857047	-0.00707832415238	-0.0245807823063	0.0325387730953	0.0327648205827	-0.0181358844897	0.0255395319948	0.0463891567993	-0.00559698556274	-0.0512245056097	-0.0620025943469	-0.0275263981606	-0.0369457413652	0.0720010230209	-0.0437365963342	-0.043808400482	0.0136949828936	-0.0601355533793	-0.0541586274307	-0.00862435880042	0.0577345913156	0.0345614907579	-0.0994762390095	0.0259739417898	-0.0671503870494	-0.0556166978782	0.0592187833267	-0.0320060571341	0.0526215384244	0.0585379786258	0.00955945057574	0.0161849545526	-0.0394552159098	0.00788241842158	-0.0137520326659	0.0327384804148	-0.0453950541012	0.0274885820143	-0.0546013648341	0.00859624631292	-0.000938407774743	0.0214341891126	-0.024695811899	-0.004634045291	-0.0598105083994
k__Bacteria;p__Bacteroidetes;c__Bacteroidia;o__Bacteroidales;f__Rikenellaceae;g__Alistipes;s__Alistipes_finegoldii	0.0383091379484	-0.01038484709	0.0469059103285	0.0189303662676	-0.0483419514167	-0.0438962733406	-0.0212178113762	-0.0823565227924	1.0	0.0263778358138	-0.0483550788908	-0.0943534171167	-0.0045782345487	-0.0075967420259	0.042968536643	-0.0286084186455	-0.0446652393066	-0.0122865265633	-0.140211350216	-0.0564136447522	-0.018865238302	0.0211755727697	-0.0704266519197	-0.0102853055375	-0.0264431888612	-0.0065866277041	0.0375819317239	-0.0231737070338	-0.0530618148131	-0.0437403800965	0.00972766680084	-0.0615752282647	0.0304076439515	-0.0210897178892	-0.0112088920101	-0.024867182724	-0.0238127249588	0.0619372621309	0.0285741866072	-0.000719153566967	-0.0236069381671	-0.00027883308028	-0.0507024644259	0.00819480869227	-0.0182077566877	-0.0499705922171	-0.03144257213	-0.0335499809381	0.0188473566307	-0.0279360022427	-0.0914864869898	0.0135577101171	0.00197169163632	-0.0491632230833	-0.0650522841914	-0.0325352753612	0.0230443306849	0.0134400109963	-0.0287628459812
k__Bacteria;p__Bacteroidetes;c__Bacteroidia;o__Bacteroidales;f__Porphyromonadaceae;g__Parabacteroides;s__Parabacteroides_distasonis	-0.000110953617573	-0.0293001718769	-0.0586848139732	-0.0158335647944	-0.0165435642333	-0.00302210035477	-0.032751288574	0.0369495807687	0.0263778358138	1.0	0.049503580995	0.0243506676663	0.0152980809092	-0.0434720323458	0.0376725351738	-0.0719315878403	0.0423412756382	0.0697851430559	-0.0509955439161	-0.0357218622098	0.0360217309006	0.0606273972563	-0.0229049269724	-0.0156360147744	-0.0228684734702	-0.0498915658338	0.0161932255584	-0.0465343953379	-0.00789331888734	0.0105376798756	-0.0433055637073	0.0188110548628	-0.0225880683998	-0.0521562536656	-0.0244712045448	0.0129146113659	-0.0224166606994	-0.01208092577	0.0181565928915	0.0591036952377	0.0331207900573	-0.0259414958614	-0.0204205594337	-0.115969095911	-0.0409377204831	-0.0431128671196	-0.0699151420896	0.0161247563587	-0.0472902114281	0.00714186229612	-0.0593693434661	-0.0296876283423	-0.0936346833648	-0.0189673297047	-0.0247875204589	-0.037185780627	0.0059311156036	-0.0514496050211	-0.0609777450096
k__Bacteria;p__Bacteroidetes;c__Bacteroidia;o__Bacteroidales;f__Bacteroidaceae;g__Bacteroides;s__Bacteroides_thetaiotaomicron	-0.0737788379095	-0.031605420455	-0.0236893378949	-0.0406023907673	-0.125520264017	0.0338064793303	0.00508193251082	0.0297608773372	-0.0483550788908	0.049503580995	1.0	-0.044803112327	0.0216240545009	-0.0544332365458	0.0100203451616	-0.0126105004524	0.0384745835292	0.0186369021946	-0.0199570179142	0.00407681118343	-0.0267249115201	-0.0201513370076	-0.000437822481565	-0.0741832226123	-0.0275690068204	-0.0196935529734	-0.0770184882391	-0.0764601229074	0.0414897209198	-0.00242556299923	-0.0292317314454	0.022080010152	0.0469715213231	0.0667487351838	-0.0603365651594	-0.00526900543288	0.0254546530859	-0.0175413221641	-0.0217894626985	-0.0582051686142	0.0249380632698	-0.0225139745062	-0.0247470080965	-0.0962348756578	-0.0233647831114	-0.00274372030778	-0.127266812364	0.00809220303415	-0.0114822728227	0.0391508722963	0.0232051325572	-0.00839539692499	-0.00647888202988	-0.0380270457308	-0.0252033040767	-0.0268768691643	0.0152354131625	-0.0521796695806	-0.075072696429
k__Bacteria;p__Bacteroidetes;c__Bacteroidia;o__Bacteroidales;f__Bacteroidaceae;g__Bacteroides;s__Bacteroides_coprocola	-0.0505611937558	-0.0230942712383	0.0248106381128	-0.0668411592265	-0.0288821347824	0.0618093157317	-0.0501358481488	-0.0839600812602	-0.0943534171167	0.0243506676663	-0.044803112327	1.0	0.0100129721479	-0.0438240860026	-0.0847097305502	-0.0146403507598	0.038394884079	-0.00491658650429	0.100581397942	-0.0246273440907	0.0571594097123	0.00777625250676	-0.0468149684093	0.0196724405683	0.0109463526271	-0.0711069800374	0.0129118749791	0.00171512337886	0.0177339567161	0.00938978846582	-0.00691282087758	-0.00196483562659	0.00375715515707	-0.0574420291401	0.0638701880134	0.00736468556022	0.0361268908844	-0.0670739432939	-0.0431619006864	-0.0373958823285	-0.00845853702445	-0.0723837101044	-0.0316796006176	-0.0900163581593	0.0230857884555	0.076308733563	0.122266436796	-0.0229658563679	-0.00120275601514	0.0383162245256	-0.000511745540892	0.0171615481647	-0.093317364872	0.00266512976282	0.0496329909141	-0.0673434179064	0.011309248603	0.00825876191332	-0.0738448647036
k__Bacteria;p__Bacteroidetes;c__Bacteroidia;o__Bacteroidales;f__Bacteroidaceae;g__Bacteroides;s__Bacteroides_cellulosilyticus	-0.0628926654331	-0.0649352015797	-0.0341213604934	-0.0608299152171	-0.0202107656184	-0.0962700136762	0.0192956982524	-0.0405400610572	-0.0045782345487	0.0152980809092	0.0216240545009	0.0100129721479	1.0	-0.0179314701809	-0.0537492896762	0.0473037008959	0.0401120099106	-0.0465970972696	0.0161468512641	0.00466750025971	-0.0223999972925	-0.00496585828203	-0.0477616759602	-0.0750235338081	-0.00853958177237	-0.0544265228081	-0.0583499707922	0.0342986643759	0.00457881813944	0.0297754621785	-0.0482778965032	-0.042229659512	-0.113930475172	0.00671146215566	0.0280615064722	-0.0695563159202	0.0114227525457	0.0251458931164	0.055096018306	-0.00764126560029	-0.0944417908066	-0.0142671854356	-0.000326460307243	0.060422802068	0.0424397276391	-0.064738397169	0.0647151014433	-0.00500513180035	0.00374730445856	0.00708914713151	-0.0439843914924	-0.0465848712128	-0.00108553656913	0.0112157363342	-0.0135045213522	-0.0249552464741	0.0360105650848	-0.0488596220264	-0.0199124627628
k__Bacteria;p__Bacteroidetes;c__Bacteroidia;o__Bacteroidales;f__Rikenellaceae;g__Alistipes;s__Alistipes_obesi	-0.0128437020913	0.0621010678957	-0.0883771664599	-0.0257450823906	0.0120793508928	-0.0280753195493	-0.0245002385602	0.0017799601201	-0.0075967420259	-0.0434720323458	-0.0544332365458	-0.0438240860026	-0.0179314701809	1.0	0.0203437020599	0.0332894637842	-0.0482235902372	-0.108280534791	-0.0459494780728	0.00245135041902	-0.00390831028554	-0.066629082987	-0.126285161189	0.0503602761831	0.0167291228164	-0.0363710186641	0.0208030143143	-0.0432936462283	-0.0840995064624	0.00744686320824	-0.00352771699698	0.0135375504088	-0.054686715948	-0.0004487161169	0.062454032639	0.0149032771733	-0.0142325418477	-0.0348416499704	-0.0498061317295	0.0932752015233	0.0431416657704	-0.0138067463775	0.0111927135884	-0.0398579990942	0.116747113268	-0.000871123508644	-0.0027779090135	0.00180663710557	-0.0372965116733	0.0516117859483	-0.0355336505263	0.0113546354257	0.0334108125267	-0.0131984653923	-0.00847638286998	-0.0524241723	0.0159072420306	0.09310029409	-0.0173389112487
k__Bacteria;p__Firmicutes;c__Clostridia;o__Clostridiales;f__Lachnospiraceae;g__;s__[Eubacterium]_rectale	-0.00364361889086	-0.0527842611633	-0.0369288480231	-0.00582003761966	-0.0163858890424	-0.0169422115344	-0.0241206736407	-0.0667535857047	0.042968536643	0.0376725351738	0.0100203451616	-0.0847097305502	-0.0537492896762	0.0203437020599	1.0	0.0195004180349	0.0266867056641	0.086356285974	0.042564593433	0.0300940654283	-0.0340557195273	-0.00505082861896	0.000593426959909	-0.0338338556872	0.0586741907679	-0.0187594546982	-0.00561028301614	-0.0272937119877	0.0863223930172	-0.0531308957744	-0.0653853333147	0.0325852622606	0.0349610204416	-0.0336838219564	-0.0572441049171	0.0254563555393	-0.010427786739	0.000153028112625	-0.041525226246	-0.0169376476601	0.00623042923537	-0.010449276408	-0.0818378243025	-0.069222089785	-0.0637592905477	-0.0731298332614	-0.0837428731434	-0.0515427052332	-0.0251590705846	0.0531778729081	-0.129642909748	0.0185806768762	-0.0393644641376	-0.0569334438916	0.0112062976493	0.0103377453639	-0.00927789989782	0.0890186762861	0.0371803633537
k__Bacteria;p__Bacteroidetes;c__Bacteroidia;o__Bacteroidales;f__Bacteroidaceae;g__Bacteroides;s__Bacteroides_plebeius	-0.0407952138909	0.0818250719563	-0.0991604156579	-0.0704878228633	-0.0315781838	0.0612490787144	0.0296262752027	-0.00707832415238	-0.0286084186455	-0.0719315878403	-0.0126105004524	-0.0146403507598	0.0473037008959	0.0332894637842	0.0195004180349	1.0	-0.0281471703897	-0.000578028150904	-0.032368098369	-0.029279429021	-0.00146294328159	-0.0415980343159	-0.0124168291864	-0.0158619969826	-0.0169347537548	-0.0105467535259	0.00340099036472	-0.0368513230697	0.00617890926155	0.0670600933728	-0.0177707855314	-0.0346557465132	-0.0698205795284	0.0951807241247	-0.0264893111777	-0.0420812976208	-0.00243756965009	-0.0638826292507	0.000237772705058	0.0380430867039	0.00451873303287	0.0336185577566	-0.0409745793837	-0.0230657100591	0.0621533972775	-0.0317721841544	0.0294375453612	-0.119055013073	0.0262212297981	-0.0439603390366	-0.030860084021	0.015683282667	-0.0263913668079	-0.0243473720562	0.0561891469402	-0.0166095902013	0.0438906530763	0.00317024389815	-0.0502464371098
k__Bacteria;p__Bacteroidetes;c__Bacteroidia;o__Bacteroidales;f__Bacteroidaceae;g__Bacteroides;s__Bacteroides_fragilis	-0.048035053845	0.00608244188405	-0.0220956655577	-0.0540744057349	-0.0341079522503	0.00192628676633	0.0136006735899	-0.0245807823063	-0.0446652393066	0.0423412756382	0.0384745835292	0.038394884079	0.0401120099106	-0.0482235902372	0.0266867056641	-0.0281471703897	1.0	-0.0372468632453	-0.0420172701753	0.0747975854666	-0.0355926945116	-0.0224151535737	-0.085864867548	-0.0701170550289	-0.093630737976	-0.0494022184992	0.0571458443334	0.0831850956674	0.0291516010848	-0.0758888456438	-0.0357656769749	0.0254456843728	0.0260743326441	-0.0271018186366	0.000902103356467	-0.0433501440969	0.00251306480074	0.0181368433062	-0.018806790927	-0.0894597399615	0.0263956004041	-0.0202767754336	-0.0132990945597	0.0227445081969	-0.0200259967783	-0.0203894464737	0.0105005746532	-0.0155023134725	0.0702587206206	-0.0239543465151	-0.0369438248814	0.025761452723	0.0605135283633	-0.022150535259	-0.111518174725	-0.0954445369485	-0.0379141785892	-0.0285050887139	0.0167457225443
k__Bacteria;p__Proteobacteria;c__Betaproteobacteria;o__Burkholderiales;f__Sutterellaceae;g__Sutterella;s__Sutterella_wadsworthensis	0.0706943415598	0.0035388376287	-0.0291066570919	-0.0323035754054	-0.0104074077376	0.0337463533593	-0.00973553972846	0.0325387730953	-0.0122865265633	0.0697851430559	0.0186369021946	-0.00491658650429	-0.0465970972696	-0.108280534791	0.086356285974	-0.000578028150904	-0.0372468632453	1.0	-0.0870871322497	0.0693433360314	0.0223145788027	0.0797472319745	0.00459955399252	-0.0339637764879	-0.128611166084	-0.0860030139779	0.0128291577836	-0.0217509444428	-0.0352395558197	-0.111326128977	-0.0474829565902	-0.0705775598033	-0.0671533033683	0.0022817973491	-0.0243016901209	0.0155496571076	-0.00160330510937	0.00961609131512	-0.0417284066968	-0.0367110077124	0.0212734815014	0.00724019783106	-0.0122196868838	-0.00513818360151	0.020724652537	-0.00100286106934	-0.048728752182	-0.0450869751676	0.0286269646835	-0.00680903918056	-0.0421249210545	-0.00622138642835	0.0107456120229	-0.0277687671987	-0.0109692213611	-0.067589156939	0.0550477618877	-0.0345641726776	0.00772690534032
k__Bacteria;p__Bacteroidetes;c__Bacteroidia;o__Bacteroidales;f__Porphyromonadaceae;g__Barnesiella;s__Barnesiella_intestinihominis	0.0743615650002	-0.00826983992877	-0.00902085354597	0.0477943098121	-0.0864286093738	-0.0117813082289	-0.0535651516388	0.0327648205827	-0.140211350216	-0.0509955439161	-0.0199570179142	0.100581397942	0.0161468512641	-0.0459494780728	0.042564593433	-0.032368098369	-0.0420172701753	-0.0870871322497	1.0	-0.0109035728299	0.000606685035133	-0.0851902331347	-0.0423275618889	0.0229517642569	-0.0690666023816	0.0225912300705	-0.0370835797059	-0.0417483207115	-0.0326381398022	-0.00133005521995	-0.023904850069	-0.025961018219	0.0108641836368	0.0571281377935	0.00396618661762	0.0254615674556	-0.00129949601331	-0.0693704661101	0.029652602431	-0.0391547558731	0.0633500442239	-0.094381504787	-0.0170822632305	-0.0974688477701	0.00597708490687	-0.0282868153284	-0.0198944252136	-0.0485630774261	0.0385102253494	0.022027203602	-0.122833845639	0.00893122248188	-0.0126761097592	-0.118144413202	-0.0315702272728	-0.0167012637723	-0.0232526438142	-0.0649765938136	-0.0140530910421
k__Bacteria;p__Bacteroidetes;c__Bacteroidia;o__Bacteroidales;f__Odoribacteraceae;g__Odoribacter;s__Odoribacter_splanchnicus	-0.0493222180117	-0.0140481184975	0.0790627966036	-0.00174146691911	-0.0701551670182	0.035202948162	-0.0242103243678	-0.0181358844897	-0.0564136447522	-0.0357218622098	0.00407681118343	-0.0246273440907	0.00466750025971	0.00245135041902	0.0300940654283	-0.029279429021	0.0747975854666	0.0693433360314	-0.0109035728299	1.0	-0.0458217716763	0.0188109919336	-0.0212817209321	-0.00332626052988	0.0212062051222	-0.0329866072515	-0.0451998109653	-0.0672123017894	0.0043126023506	-0.0398877130217	-0.0414224167508	-0.0141994095419	-0.0970527123149	-0.0329054838607	-0.0513908859668	0.0262273320707	-0.0602639341113	-0.105156597589	-0.0171577076763	0.0335783145557	0.00573244720039	0.0024164407949	-0.071595397019	-0.066965526587	-0.0267203846589	-0.0169742927567	0.0903234470273	-0.00313076952173	-0.0607203968477	-0.0858819910028	-0.00823474304171	-0.0478602873565	0.0277433238984	0.0153172115161	-0.03734061471	0.00793810797006	0.0768260625896	-0.022125750976	-0.0260170279055
k__Bacteria;p__Bacteroidetes;c__Bacteroidia;o__Bacteroidales;f__Bacteroidaceae;g__Bacteroides;s__Bacteroides_salyersiae	-0.0488281889901	-0.0539233119746	0.00579855739055	0.00981885734114	0.0303164844966	0.0578547986588	-0.0138182026135	0.0255395319948	-0.018865238302	0.0360217309006	-0.0267249115201	0.0571594097123	-0.0223999972925	-0.00390831028554	-0.0340557195273	-0.00146294328159	-0.0355926945116	0.0223145788027	0.000606685035133	-0.0458217716763	1.0	-0.00288731044036	0.0468384918921	-0.07026071149	-0.0675110492158	-0.04260438213	0.0295311922004	-0.0169329224271	-0.0356970332422	-0.0994180942509	0.00202134527493	-0.0350257547755	0.0456832579567	-0.0300557646576	-0.0415090249648	0.00250027700354	-0.0196504396121	0.00306736985481	-0.0133627833707	-0.106118143246	-0.0428873467333	-0.0699165916126	0.0170428897246	0.0175150046031	0.00609604143496	0.0106261226897	-0.0511458758058	-0.0725637833863	-0.0222742361929	-0.0938742815779	-0.00191936179453	0.0231138102462	0.0111024309444	0.0417428982974	-0.0217485463578	-0.0361095016888	-0.110807334436	0.0648869785407	-0.0808965729884
k__Bacteria;p__Firmicutes;c__Clostridia;o__Clostridiales;f__Ruminococcaceae;g__Ruminiclostridium;s__[Eubacterium]_siraeum	-0.0821341771316	0.0269682904025	-0.0219833314015	-0.0325993560163	0.0336991547688	-0.00155930928355	-0.0734655999048	0.0463891567993	0.0211755727697	0.0606273972563	-0.0201513370076	0.00777625250676	-0.00496585828203	-0.066629082987	-0.00505082861896	-0.0415980343159	-0.0224151535737	0.0797472319745	-0.0851902331347	0.0188109919336	-0.00288731044036	1.0	-0.00762950271257	-0.0723238283453	-0.0652823224599	0.000634149310415	-0.03263983223	0.0277983810142	0.00772928344188	-0.0237606511543	-0.0349566827619	-0.0265302200401	-0.0266256959936	0.0192670972245	-0.0304851213678	-0.063014641068	-0.00691167760081	-0.0143738909586	0.0115139902486	-0.115242486911	0.00689790699189	-0.0267729233025	0.00920188910566	-0.0480918032267	-0.0318836412701	0.0550896020313	-0.015833372313	-0.014803761867	0.0118107403543	-0.0272395037762	0.0132672147214	-0.0779627344042	-0.0980843125945	0.00782150189173	0.0135577772161	-0.00275453837073	-0.0688417091682	0.00385848723116	0.0363286333342
k__Bacteria;p__Proteobacteria;c__Betaproteobacteria;o__Burkholderiales;f__Sutterellaceae;g__Parasutterella;s__Parasutterella_excrementihominis	-0.0637073324597	-0.0566655003504	-0.0102533695638	-0.0195450892903	0.046106379642	0.0857347599449	0.0224770731468	-0.00559698556274	-0.0704266519197	-0.0229049269724	-0.000437822481565	-0.0468149684093	-0.0477616759602	-0.126285161189	0.000593426959909	-0.0124168291864	-0.085864867548	0.00459955399252	-0.0423275618889	-0.0212817209321	0.0468384918921	-0.00762950271257	1.0	-0.0519328130739	0.0583082037319	0.0111767773231	-0.0310158045447	-0.0183346174687	-0.0181265069477	-0.0130362660313	-0.00845952854838	-0.0175725362647	-0.000126882201567	-0.0623729682892	-0.00880216974941	-0.0165181563528	-0.00628408939322	-0.0186553634121	0.0041820387941	0.0358130446792	-0.0822550012707	0.0836255553113	0.0264376932683	0.0433143265467	-0.00166550539868	-0.0959268976459	-0.00713009238993	0.01901545652	-0.10614303936	0.0170074186995	-0.0304483757956	-0.0432943556034	-0.0230364892374	0.0229721128944	-0.0303097422188	-0.0237766576909	-0.0616037485023	0.0194220939992	-0.103610683707
k__Bacteria;p__Actinobacteria;c__Actinobacteria;o__Bifidobacteriales;f__Bifidobacteriaceae;g__Bifidobacterium;s__Bifidobacterium_adolescentis	-0.00335042146949	-0.00768647633413	-0.0469863863755	0.0108343021723	0.0195991092598	0.0127837420923	-0.0510666638947	-0.0512245056097	-0.0102853055375	-0.0156360147744	-0.0741832226123	0.0196724405683	-0.0750235338081	0.0503602761831	-0.0338338556872	-0.0158619969826	-0.0701170550289	-0.0339637764879	0.0229517642569	-0.00332626052988	-0.07026071149	-0.0723238283453	-0.0519328130739	1.0	-0.0308898535541	-0.0900981371948	-0.0151861048186	-0.0593304412945	-0.00756561673115	-0.0310087918614	0.0602330490359	0.0406565516431	0.00510947003434	0.0375618720412	-0.054492146311	-0.0467829939185	0.012624185148	0.00915508625094	-0.0174500255641	-0.0114528477901	-0.00578103956942	0.00201391961953	-0.00712390182455	-0.0319032525026	-0.0943484538394	-0.0307189818978	-0.071116065329	-0.0494920972471	-0.025133885637	-0.0390809559357	0.00787884467358	-0.0130354735384	-0.0199616636406	-0.0499643498085	0.0862301621976	-0.0105705917207	0.0260874742381	-0.0280163887903	0.0554207429445
k__Bacteria;p__Firmicutes;c__Clostridia;o__Clostridiales;f__Oscillospiraceae;g__Oscillibacter;s__Oscillibacter_sp._KLE_1745	-0.0181799627312	-0.0709025794998	-0.056833695132	0.062549163187	0.0273212338794	0.0261550194141	-0.0223954130861	-0.0620025943469	-0.0264431888612	-0.0228684734702	-0.0275690068204	0.0109463526271	-0.00853958177237	0.0167291228164	0.0586741907679	-0.0169347537548	-0.093630737976	-0.128611166084	-0.0690666023816	0.0212062051222	-0.0675110492158	-0.0652823224599	0.0583082037319	-0.0308898535541	1.0	0.0489472732405	0.0015299023138	-0.0546540076428	-0.0481559025231	0.00411675643497	0.00910842821749	-0.0429804866776	-0.0255312811002	-0.0263385808312	-0.0245700088189	0.0154827491558	-0.00216125178898	0.0302008590533	-0.0506686558964	0.0454162670643	-0.0403935101224	0.00912898831247	0.0167144784232	0.0313691938754	-0.073395931278	0.0274624744912	0.00204528639009	-0.0167814857249	0.0246211401552	-0.0205352807794	-0.0434415978077	0.0297842872584	-0.0103477586634	-0.0554591358597	-0.04522180407	0.00900073179476	-0.0333814154639	-0.0413083381563	0.0186752953859
k__Bacteria;p__Bacteroidetes;c__Bacteroidia;o__Bacteroidales;f__Bacteroidaceae;g__Bacteroides;s__Bacteroides_coprophilus	0.0812707574013	-0.0461173702913	-0.00110719538494	-0.055720486025	0.0186357216173	-0.0288575292363	0.0079388673932	-0.0275263981606	-0.0065866277041	-0.0498915658338	-0.0196935529734	-0.0711069800374	-0.0544265228081	-0.0363710186641	-0.0187594546982	-0.0105467535259	-0.0494022184992	-0.0860030139779	0.0225912300705	-0.0329866072515	-0.04260438213	0.000634149310415	0.0111767773231	-0.0900981371948	0.0489472732405	1.0	0.0840294046188	0.0303963829811	-0.00706753079243	-0.00341777960496	0.0277300972014	0.0383631762918	-0.0292121330792	0.00534640796528	-0.0287277296377	-0.0178808627902	-0.0219493436887	-0.103908255809	-0.0330272793558	-0.00716239785729	-0.0612433455061	-0.0202138480518	0.0894280089709	-0.0484184216715	-0.0271656101813	-0.0184073396856	-0.0249472111168	-0.0501676589575	-0.017988000115	0.0637663692852	0.0087299731519	-0.0361406355151	0.0472547647418	0.0360784866819	-0.0645987080244	-0.0313845003679	-0.0151376025664	-0.0673546508655	-0.0265312616491
k__Bacteria;p__Firmicutes;c__Clostridia;o__Clostridiales;f__Lachnospiraceae;g__Roseburia;s__Roseburia_intestinalis	-0.0731099974353	-0.0110190782698	-0.0178130772029	-0.0291522565165	-0.0325931787494	-0.0322049803484	-0.0270418228957	-0.0369457413652	0.0375819317239	0.0161932255584	-0.0770184882391	0.0129118749791	-0.0583499707922	0.0208030143143	-0.00561028301614	0.00340099036472	0.0571458443334	0.0128291577836	-0.0370835797059	-0.0451998109653	0.0295311922004	-0.03263983223	-0.0310158045447	-0.0151861048186	0.0015299023138	0.0840294046188	1.0	-0.105290248897	0.0125825595047	-0.0617995557645	0.0791266975952	-0.0301398779871	0.0204988925438	-0.0113708802524	-0.0488607192183	-0.047668250191	-0.0105149442753	-0.00397516933407	0.0444836442755	-0.0379715590755	-0.0206320023695	-0.00689058269229	-0.0627936401533	-0.0338418565241	0.0127470573236	0.122491571998	-0.034123546372	-0.0216640679764	-0.0668043307109	-0.0565958812493	-0.0277519965036	0.00368460326014	0.0196726097199	-0.0635912680817	-0.038128436223	0.0445990118192	-0.00168058364574	0.0688373527173	-0.0088894423328
k__Bacteria;p__Firmicutes;c__Clostridia;o__Clostridiales;f__Lachnospiraceae;g__Roseburia;s__Roseburia_hominis	-0.0217951363535	-0.0251502878705	-0.00704113633731	-0.0247478440061	-0.0358786696277	0.016040353097	-0.0425119278607	0.0720010230209	-0.0231737070338	-0.0465343953379	-0.0764601229074	0.00171512337886	0.0342986643759	-0.0432936462283	-0.0272937119877	-0.0368513230697	0.0831850956674	-0.0217509444428	-0.0417483207115	-0.0672123017894	-0.0169329224271	0.0277983810142	-0.0183346174687	-0.0593304412945	-0.0546540076428	0.0303963829811	-0.105290248897	1.0	-0.00482537433801	-0.0343648318861	-0.0496180304277	-0.0648445164459	-0.109789623118	-0.0630198449454	-0.0627825522079	0.0386242492328	0.0322369080399	-0.00678460959467	-0.0414689013723	0.00657127173993	-0.000815682208589	-0.0337585677616	-0.0017520715044	0.0444899124204	-0.0636816316696	-0.00867422501306	0.0319797662848	-0.155802372776	-0.0222802642862	0.051796678376	0.00791209418121	-0.00122017976651	0.0260014103864	0.0179343640341	0.0183862117925	-0.0857112348751	-0.00957058792573	0.0212799730392	-0.0284777954262
k__Bacteria;p__Bacteroidetes;c__Bacteroidia;o__Bacteroidales;f__Porphyromonadaceae;g__Parabacteroides;s__Parabacteroides_johnsonii	-0.0316270617898	-0.0189985785025	-0.0343072148861	0.0199798210907	0.116031305722	-0.09071634863	0.0129471626024	-0.0437365963342	-0.0530618148131	-0.00789331888734	0.0414897209198	0.0177339567161	0.00457881813944	-0.0840995064624	0.0863223930172	0.00617890926155	0.0291516010848	-0.0352395558197	-0.0326381398022	0.0043126023506	-0.0356970332422	0.00772928344188	-0.0181265069477	-0.00756561673115	-0.0481559025231	-0.00706753079243	0.0125825595047	-0.00482537433801	1.0	-0.0289623252515	-0.0968014388074	-0.036947476681	0.0252126709529	0.067844069838	0.010777697834	-0.0786869199885	-0.00633729368312	0.0146011374266	0.0437693923391	-0.0358320731923	-0.0419335357558	-0.0436357274967	0.00163517650908	-0.00437491461502	-0.0927516143362	-0.054425806225	0.00168323942085	-0.0077652412248	0.0536454339849	-0.00972005515714	-0.00455095854974	-0.102344916859	-0.0326476593491	-0.0218815216409	0.0211361879477	0.0117664918453	0.000694301953348	-0.0031171181008	-0.0849837290337
k__Bacteria;p__Actinobacteria;c__Actinobacteria;o__Bifidobacteriales;f__Bifidobacteriaceae;g__Bifidobacterium;s__Bifidobacterium_longum	-0.0296516648438	0.00682761707746	-0.0527186040477	-0.0939430356985	0.0394000747442	-0.0467735822852	-0.00859101639197	-0.043808400482	-0.0437403800965	0.0105376798756	-0.00242556299923	0.00938978846582	0.0297754621785	0.00744686320824	-0.0531308957744	0.0670600933728	-0.0758888456438	-0.111326128977	-0.00133005521995	-0.0398877130217	-0.0994180942509	-0.0237606511543	-0.0130362660313	-0.0310087918614	0.00411675643497	-0.00341777960496	-0.0617995557645	-0.0343648318861	-0.0289623252515	1.0	0.0284875080234	0.026735863386	0.0327636783716	-0.00549278825378	0.000385796806096	0.0265532746759	0.0650869193821	-0.02444847665	-0.0618023578673	-0.0113322452009	-0.0624538589682	-0.00310387154037	-0.0578338847466	0.0751360311216	-0.0373493470119	-0.0302251426143	0.0473629038825	0.0805096214993	-0.00169775297887	0.0625256336784	-0.0214751342834	-0.00652071823041	0.0305943687244	0.0768742120063	0.0451256177987	0.0549551773998	0.1176525243	-0.0244211535294	-0.00340653596218
