#taxonomy	k__Bacteria;p__Bacteroidetes;c__Bacteroidia;o__Bacteroidales;f__Bacteroidaceae;g__Bacteroides;s__Bacteroides_vulgatus	k__Bacteria;p__Bacteroidetes;c__Bacteroidia;o__Bacteroidales;f__Bacteroidaceae;g__Bacteroides;s__Bacteroides_uniformis	k__Bacteria;p__Bacteroidetes;c__Bacteroidia;o__Bacteroidales;f__Rikenellaceae;g__Alistipes;s__Alistipes_putredinis	k__Bacteria;p__Bacteroidetes;c__Bacteroidia;o__Bacteroidales;f__Prevotellaceae;g__Prevotella;s__Prevotella_copri	k__Bacteria;p__Bacteroidetes;c__Bacteroidia;o__Bacteroidales;f__Bacteroidaceae;g__Bacteroides;s__Bacteroides_stercoris	k__Bacteria;p__Bacteroidetes;c__Bacteroidia;o__Bacteroidales;f__Bacteroidaceae;g__Bacteroides;s__Bacteroides_ovatus	k__Bacteria;p__Bacteroidetes;c__Bacteroidia;o__Bacteroidales;f__Rikenellaceae;g__Alistipes;s__Alistipes_shahii	k__Bacteria;p__Firmicutes;c__Clostridia;o__Clostridiales;f__Ruminococcaceae;g__Faecalibacterium;s__Faecalibacterium_prausnitzii	k__Bacteria;p__Bacteroidetes;c__Bacteroidia;o__Bacteroidales;f__Rikenellaceae;g__Alistipes;s__Alistipes_finegoldii	k__Bacteria;p__Bacteroidetes;c__Bacteroidia;o__Bacteroidales;f__Porphyromonadaceae;g__Parabacteroides;s__Parabacteroides_distasonis	k__Bacteria;p__Bacteroidetes;c__Bacteroidia;o__Bacteroidales;f__Bacteroidaceae;g__Bacteroides;s__Bacteroides_thetaiotaomicron	k__Bacteria;p__Bacteroidetes;c__Bacteroidia;o__Bacteroidales;f__Bacteroidaceae;g__Bacteroides;s__Bacteroides_coprocola	k__Bacteria;p__Bacteroidetes;c__Bacteroidia;o__Bacteroidales;f__Bacteroidaceae;g__Bacteroides;s__Bacteroides_cellulosilyticus	k__Bacteria;p__Bacteroidetes;c__Bacteroidia;o__Bacteroidales;f__Rikenellaceae;g__Alistipes;s__Alistipes_obesi	k__Bacteria;p__Firmicutes;c__Clostridia;o__Clostridiales;f__Lachnospiraceae;g__;s__[Eubacterium]_rectale	k__Bacteria;p__Bacteroidetes;c__Bacteroidia;o__Bacteroidales;f__Bacteroidaceae;g__Bacteroides;s__Bacteroides_plebeius	k__Bacteria;p__Bacteroidetes;c__Bacteroidia;o__Bacteroidales;f__Bacteroidaceae;g__Bacteroides;s__Bacteroides_fragilis	k__Bacteria;p__Proteobacteria;c__Betaproteobacteria;o__Burkholderiales;f__Sutterellaceae;g__Sutterella;s__Sutterella_wadsworthensis	k__Bacteria;p__Bacteroidetes;c__Bacteroidia;o__Bacteroidales;f__Porphyromonadaceae;g__Barnesiella;s__Barnesiella_intestinihominis	k__Bacteria;p__Bacteroidetes;c__Bacteroidia;o__Bacteroidales;f__Odoribacteraceae;g__Odoribacter;s__Odoribacter_splanchnicus	k__Bacteria;p__Bacteroidetes;c__Bacteroidia;o__Bacteroidales;f__Bacteroidaceae;g__Bacteroides;s__Bacteroides_salyersiae	k__Bacteria;p__Firmicutes;c__Clostridia;o__Clostridiales;f__Ruminococcaceae;g__Ruminiclostridium;s__[Eubacterium]_siraeum	k__Bacteria;p__Proteobacteria;c__Betaproteobacteria;o__Burkholderiales;f__Sutterellaceae;g__Parasutterella;s__Parasutterella_excrementihominis	k__Bacteria;p__Actinobacteria;c__Actinobacteria;o__Bifidobacteriales;f__Bifidobacteriaceae;g__Bifidobacterium;s__Bifidobacterium_adolescentis	k__Bacteria;p__Firmicutes;c__Clostridia;o__Clostridiales;f__Oscillospiraceae;g__Oscillibacter;s__Oscillibacter_sp._KLE_1745	k__Bacteria;p__Bacteroidetes;c__Bacteroidia;o__Bacteroidales;f__Bacteroidaceae;g__Bacteroides;s__Bacteroides_coprophilus	k__Bacteria;p__Firmicutes;c__Clostridia;o__Clostridiales;f__Lachnospiraceae;g__Roseburia;s__Roseburia_intestinalis	k__Bacteria;p__Firmicutes;c__Clostridia;o__Clostridiales;f__Lachnospiraceae;g__Roseburia;s__Roseburia_hominis	k__Bacteria;p__Bacteroidetes;c__Bacteroidia;o__Bacteroidales;f__Porphyromonadaceae;g__Parabacteroides;s__Parabacteroides_johnsonii	k__Bacteria;p__Actinobacteria;c__Actinobacteria;o__Bifidobacteriales;f__Bifidobacteriaceae;g__Bifidobacterium;s__Bifidobacterium_longum	k__Bacteria;p__Firmicutes;c__Clostridia;o__Clostridiales;f__;g__Flavonifractor;s__Flavonifractor_plautii	k__Bacteria;p__Firmicutes;c__Clostridia;o__Clostridiales;f__Clostridiaceae;g__Clostridium;s__Clostridium_phoceensis	k__Bacteria;p__Verrucomicrobia;c__Verrucomicrobiae;o__Verrucomicrobiales;f__Akkermansiaceae;g__Akkermansia;s__Akkermansia_muciniphila	k__Bacteria;p__Bacteroidetes;c__Bacteroidia;o__Bacteroidales;f__Prevotellaceae;g__Paraprevotella;s__Paraprevotella_xylaniphila	k__Bacteria;p__Firmicutes;c__Clostridia;o__Clostridiales;f__Ruminococcaceae;g__Ruminococcus;s__Ruminococcus_callidus	k__Bacteria;p__Bacteroidetes;c__Bacteroidia;o__Bacteroidales;f__Rikenellaceae;g__Alistipes;s__Alistipes_senegalensis	k__Bacteria;p__Firmicutes;c__Clostridia;o__Clostridiales;f__Lachnospiraceae;g__Blautia;s__Blautia_sp._KLE_1732	k__Bacteria;p__Bacteroidetes;c__Bacteroidia;o__Bacteroidales;f__Bacteroidaceae;g__Bacteroides;s__Bacteroides_oleiciplenus	k__Bacteria;p__Firmicutes;c__Clostridia;o__Clostridiales;f__Ruminococcaceae;g__Ruminococcus;s__Ruminococcus_bicirculans	k__Bacteria;p__Bacteroidetes;c__Bacteroidia;o__Bacteroidales;f__Bacteroidaceae;g__Bacteroides;s__Bacteroides_fluxus	k__Bacteria;p__Bacteroidetes;c__Bacteroidia;o__Bacteroidales;f__Prevotellaceae;g__Prevotella;s__Prevotella_stercorea	k__Bacteria;p__Firmicutes;c__Clostridia;o__Clostridiales;f__Lachnospiraceae;g__Dorea;s__Dorea_longicatena	k__Bacteria;p__Firmicutes;c__Clostridia;o__Clostridiales;f__Eubacteriaceae;g__Eubacterium;s__[Eubacterium]_eligens	k__Bacteria;p__Firmicutes;c__Clostridia;o__Clostridiales;f__Ruminococcaceae;g__;s__Ruminococcaceae_bacterium_D16	k__Bacteria;p__Firmicutes;c__Clostridia;o__Clostridiales;f__Lachnospiraceae;g__Coprococcus;s__Coprococcus_comes	k__Bacteria;p__Proteobacteria;c__Gammaproteobacteria;o__Enterobacterales;f__Enterobacteriaceae;g__Escherichia;s__Escherichia_coli	k__Bacteria;p__Firmicutes;c__Clostridia;o__Clostridiales;f__Ruminococcaceae;g__Anaerotruncus;s__Anaerotruncus_colihominis	k__Bacteria;p__Firmicutes;c__Clostridia;o__Clostridiales;f__Lachnospiraceae;g__Blautia;s__Blautia_obeum	k__Bacteria;p__Bacteroidetes;c__Bacteroidia;o__Bacteroidales;f__Odoribacteraceae;g__Odoribacter;s__Odoribacter_laneus	k__Bacteria;p__Firmicutes;c__Clostridia;o__Clostridiales;f__Ruminococcaceae;g__Ruminiclostridium;s__[Clostridium]_leptum	k__Bacteria;p__Bacteroidetes;c__Bacteroidia;o__Bacteroidales;f__Porphyromonadaceae;g__Parabacteroides;s__Parabacteroides_goldsteinii	k__Bacteria;p__Firmicutes;c__Clostridia;o__Clostridiales;f__Lachnospiraceae;g__Anaerostipes;s__Anaerostipes_hadrus	k__Bacteria;p__Firmicutes;c__Clostridia;o__Clostridiales;f__Ruminococcaceae;g__Ruminococcus;s__Ruminococcus_lactaris	k__Bacteria;p__Firmicutes;c__Clostridia;o__Clostridiales;f__Clostridiaceae;g__Clostridium;s__Clostridium_sp._L2-50	k__Bacteria;p__Firmicutes;c__Clostridia;o__Clostridiales;f__Clostridiaceae;g__Clostridium;s__Clostridium_sp._M62/1	k__Bacteria;p__Firmicutes;c__Clostridia;o__Clostridiales;f__;g__Intestinimonas;s__Intestinimonas_butyriciproducens	k__Bacteria;p__Actinobacteria;c__Actinobacteria;o__Bifidobacteriales;f__Bifidobacteriaceae;g__Bifidobacterium;s__Bifidobacterium_bifidum	k__Bacteria;p__Firmicutes;c__Negativicutes;o__Veillonellales;f__Veillonellaceae;g__Dialister;s__Dialister_invisus	k__Bacteria;p__Bacteroidetes;c__Bacteroidia;o__Bacteroidales;f__Bacteroidaceae;g__Bacteroides;s__Bacteroides_salanitronis
k__Bacteria;p__Bacteroidetes;c__Bacteroidia;o__Bacteroidales;f__Bacteroidaceae;g__Bacteroides;s__Bacteroides_vulgatus	1.0	-0.0333726422976	-0.0397319986229	-0.0225223368954	-0.0294325528392	0.0136842201802	-0.0429224849689	-0.00880499941473	0.0303178338544	-0.0284853090418	0.0809387696806	-0.035155363205	0.00229365691399	-0.08453546878	-0.028055311531	0.0138251847441	0.0649178129093	-0.00805242329804	-0.00739739687356	0.0503591439527	-0.0552593983185	0.0600969498969	-0.016994474371	0.0631345248243	0.00441758035087	-0.0823862785504	0.00294173752708	0.00329331785585	-0.116914242272	-0.00637657208322	0.0477506361125	0.0259822248256	-0.0544705337865	0.000247645343909	-0.0934293242786	-0.0157496330692	7.9546017056e-06	-0.00422843159031	-0.0688631969276	-0.0192545776718	0.0136156336247	-0.0480514252451	-0.0129790712836	-0.037152882136	0.027558678204	-0.048088706069	0.0389321622274	-0.0460153555335	0.00602236790274	-0.0480768045952	-0.0105520813757	-0.043404066052	0.0208126438413	0.0412733236113	-0.0603071733253	0.0404082229862	-0.105373116243	-0.0421270148713	0.00523864151247
k__Bacteria;p__Bacteroidetes;c__Bacteroidia;o__Bacteroidales;f__Bacteroidaceae;g__Bacteroides;s__Bacteroides_uniformis	-0.0333726422976	1.0	0.0240510689636	-0.090320222083	-0.0431040723461	-0.0902172650322	0.0455803987616	0.0429273769671	-0.061235291636	-0.0606682210781	-0.0646326905217	-0.0742300641478	0.0189234626362	0.0449651326126	0.0309837245559	0.0300111395028	0.0919034688346	0.00521490409742	0.0404907883489	0.0539067432029	-0.0396172188085	0.0555322434823	0.00898173128937	0.025686550767	0.0133673465954	-0.0012011430065	-0.0126681376795	-0.119408357449	-3.73264435378e-05	-0.0199304664152	-0.0846712676287	0.0672444984772	-0.0299823352758	-0.0018381452508	0.0273006422996	-0.0209579925191	-0.027213333463	-0.0519126952927	0.00601738334386	-0.0611009212825	0.00594914403278	-0.00141387195797	0.00607145520669	0.00303018175678	-0.0279702721041	-0.000262836068109	-0.0390652487012	0.0635757117203	-0.0517084436121	-0.0728054343715	-0.0632804408459	-0.031636678378	-0.0188043308828	-0.0945081589937	-0.0288176356134	-0.0495539438118	-0.0161806233065	0.0440567510679	-0.0169266771559
k__Bacteria;p__Bacteroidetes;c__Bacteroidia;o__Bacteroidales;f__Rikenellaceae;g__Alistipes;s__Alistipes_putredinis	-0.0397319986229	0.0240510689636	1.0	-0.0299275354953	-0.0300479142932	-0.0699096299393	-0.0341383144242	-0.056778918572	-0.0158885775294	0.0575899838495	-0.00779608979189	-0.033993492394	-0.0584945010143	0.0436007517751	0.00888870530291	-0.0177570454743	-0.0151993279692	0.0269424584788	-0.0283294434211	-0.0317124072695	-0.0291888904186	-0.0338298691571	-0.00329944533345	-0.0727739359665	-0.068984002142	0.0809651019558	-0.00406227528688	-0.00984130535215	-0.0305450514835	0.0014291363685	0.0122092730008	0.0372871679031	-0.0281743976548	0.00240017380576	-0.0148499176642	-0.0299064708396	-0.0775854809243	-0.0473923220841	-0.0291400607233	-0.0165867915176	0.0247181895065	0.0432634587573	-0.10914016791	0.0347500257378	-0.00883686289421	-0.0658825697854	0.00237956361449	-0.025630627224	0.0336434467691	0.0383254270079	-0.0257093482077	-0.0375218445129	0.0465676241542	-0.0284696699512	0.0396448351839	-0.0455060022693	0.0755923065923	0.046872183439	0.0443889759886
k__Bacteria;p__Bacteroidetes;c__Bacteroidia;o__Bacteroidales;f__Prevotellaceae;g__Prevotella;s__Prevotella_copri	-0.0225223368954	-0.090320222083	-0.0299275354953	1.0	0.0479776387987	0.00770505943356	0.0275812132899	0.0186131920625	0.00200273660252	-0.0089965359066	-0.0149949026453	-0.0934006726388	-0.00819963354775	-0.0789422123116	-0.0961307850625	0.0317640599853	0.0780740426346	0.0294164633765	-0.0574557097822	0.0727361136042	-0.00508059933269	-0.002376445211	0.0399614809106	0.012321461181	0.0395539940835	0.0171315579205	-0.061642819371	-0.0263636003766	0.0534898809167	-0.0162716850063	-0.0471804823933	-0.0349530823987	-0.0230474204046	-0.0367118029937	-0.0182287272456	0.0186624979586	-0.0238564311825	-0.0123446943002	-0.035106996522	0.0454960389866	-0.0533050146882	0.0556885587031	0.0979814952002	-0.0245587322171	0.0199122118823	-0.0812701676597	-0.0145902798052	-0.0606363770412	0.0190886945624	0.0753923558492	-0.0407510422399	-0.0129247044192	0.0125775919781	-0.0190962329269	-0.0229208045733	-0.0319316929196	-0.0019610081348	0.0157358839576	0.0493594678481
k__Bacteria;p__Bacteroidetes;c__Bacteroidia;o__Bacteroidales;f__Bacteroidaceae;g__Bacteroides;s__Bacteroides_stercoris	-0.0294325528392	-0.0431040723461	-0.0300479142932	0.0479776387987	1.0	-0.0283475074417	-0.0218982144239	-0.0568200636519	0.0316098681767	-0.0193493874895	0.0199831222722	0.0013723610225	-0.00259868062723	0.0201009610731	0.114770013764	-0.0582098544719	-0.0270957531291	0.0461363533499	-0.0130997969968	-0.0325792303386	-0.0156838658867	-0.00435798870982	0.0261328214925	-0.0640376096552	-0.031072697565	-0.0417491936145	0.0212160486272	-0.0459797430852	0.00142383547632	-0.00264044846876	-0.10580981523	-0.0265399551674	-0.00865033965243	0.0282641276266	-0.0909934839031	0.0676241223122	0.0831899915215	0.0527876764416	-0.0748434183313	-0.0235887875443	0.00652565652237	-0.0250561492971	-0.0956402765546	0.00501885247707	-0.020925125984	-0.00186063685325	-0.061403582589	-0.0259407250087	-0.0712512965877	-0.0184853689225	-0.0148563380423	0.0314153292552	0.0062772860674	-0.0526498783129	-0.000302679081107	-0.0641452127715	-0.0658948087499	-0.050398529824	0.0998366335379
k__Bacteria;p__Bacteroidetes;c__Bacteroidia;o__Bacteroidales;f__Bacteroidaceae;g__Bacteroides;s__Bacteroides_ovatus	0.0136842201802	-0.0902172650322	-0.0699096299393	0.00770505943356	-0.0283475074417	1.0	-0.00194352935675	-0.0733184551018	-0.0276748143878	0.0232272593489	-0.0252649839236	0.0383441240725	0.0499071638496	-0.0488414907873	-0.0517227997291	0.105610617419	-0.0469879904704	0.00618459123943	-0.049223049457	0.013880399833	-0.0126764081355	-0.0601611049882	0.00216641521985	-0.000438225086307	-0.0433562512656	-0.00345556985166	0.0187248057405	0.0552626587583	0.0221255780586	-0.0157731906619	0.0387409233756	-0.027078812369	0.0617732149441	0.0014538723719	0.0454710098529	-0.0333726279459	0.0119872095617	0.0219990028863	0.013751866032	-0.0488902587346	-0.0628583025108	0.0447532587899	0.0256149273561	-0.0101165246548	-0.0285878995934	-0.0284539346129	-0.0803128441602	-0.0507345261898	-0.0367252201294	-0.0140167553548	-0.0706460631381	-0.0121466348813	-0.0610260539831	-0.0362248065517	0.00938067406202	0.0317120957399	0.0132291158733	0.0615756479325	-0.025994282892
k__Bacteria;p__Bacteroidetes;c__Bacteroidia;o__Bacteroidales;f__Rikenellaceae;g__Alistipes;s__Alistipes_shahii	-0.0429224849689	0.0455803987616	-0.0341383144242	0.0275812132899	-0.0218982144239	-0.00194352935675	1.0	-0.00647196477326	-0.0498200171892	0.041719262446	0.0105660243664	-0.0408342746978	0.019637772935	-0.0882405359629	-0.0921254017123	-0.0514288562108	-0.0821090575669	0.0227913603017	0.0182180016473	-0.0151067706115	-0.0714493006217	-0.00817807111015	-0.047766118246	0.0232203597151	0.0527421263194	-0.0390149275342	-0.00960014007593	-0.00121220606491	0.0260841583366	-0.0609033359982	0.024766023665	-0.0399837957197	-0.031930875628	-0.0359850149943	0.0276763625479	0.0426658737196	0.0900135482481	0.0227853682317	0.0228966600475	-0.0850236551621	-0.0178122295939	0.00661592151088	-0.0593065599836	0.0165363554684	-0.013328738676	0.0351423367074	-0.0491398552705	-0.00337031216655	0.0168532827421	0.00771613965689	0.0901712845833	0.014941403149	-0.00682582852329	0.0652005760035	-0.0726093644951	-0.04268167879	-0.0224097853397	0.0181891268372	-0.101167830923
k__Bacteria;p__Firmicutes;c__Clostridia;o__Clostridiales;f__Ruminococcaceae;g__Faecalibacterium;s__Faecalibacterium_prausnitzii	-0.00880499941473	0.0429273769671	-0.056778918572	0.0186131920625	-0.0568200636519	-0.0733184551018	-0.00647196477326	1.0	-0.0296448982264	0.0039276789243	-0.0410325076258	-0.0611163748188	0.014348911546	-0.0501481174491	-0.0251419434184	-0.0271451194184	-0.0530176806252	-0.0310765967104	0.0107384164143	0.0419119196898	0.0252933595394	-0.0121010931795	0.0296866719646	-0.104038152884	-0.0614591592471	-0.0289823261108	0.0406820552396	0.0265768637145	-0.0346551549211	0.0219522567213	0.0250940651737	0.0325207115871	0.0143407169603	-0.0545583353043	-0.000363209507695	-0.0102448861545	-0.0245184599678	-0.082746718922	-0.00251348545742	0.0309124934538	0.0137263851612	0.0327643786368	-0.00512529049905	0.0269031344154	-0.0280378842768	-0.0377236722526	-0.0777357051004	0.029847608102	0.00862996523721	-0.0487864147804	0.00040630018376	-0.0549858057483	0.0633926674833	-0.0943282915329	-0.0959567657086	-0.0632468084483	-0.00176848853947	0.0463655735308	-0.0332744318756
k__Bacteria;p__Bacteroidetes;c__Bacteroidia;o__Bacteroidales;f__Rikenellaceae;g__Alistipes;s__Alistipes_finegoldii	0.0303178338544	-0.061235291636	-0.0158885775294	0.00200273660252	0.0316098681767	-0.0276748143878	-0.0498200171892	-0.0296448982264	1.0	-0.0808577554806	-0.00645962396465	0.0601501675419	-0.107209644812	-0.0657299703468	-0.0483078009367	-0.0590900889551	0.00241216353197	0.0690718806181	0.0328995640203	-0.00640004141493	-0.0241286486498	-0.0260898543713	-0.0382125030008	-0.074809245177	-0.0723774506913	0.0497186714238	-0.0304372174327	0.0552852235363	-0.00824249016371	0.0352219202593	-0.0481618716961	0.025234094826	-0.0833500275344	-0.000274007650095	0.0147676904898	0.0352028812158	-0.0396354630052	0.0336080255998	-0.00515212558656	0.0190846651813	0.00527879848628	-0.00287140037427	0.0379214413194	-0.0276437208217	-0.100458588615	-0.00322912172132	0.0616105793718	-0.0483209343483	0.0223773301156	0.0171303940654	-0.0272266961463	0.0466699369392	-0.0363974194908	-0.0480026985287	-0.0185823996387	-0.0350887596464	0.000226989146908	-0.0667449173183	0.00895056259797
k__Bacteria;p__Bacteroidetes;c__Bacteroidia;o__Bacteroidales;f__Porphyromonadaceae;g__Parabacteroides;s__Parabacteroides_distasonis	-0.0284853090418	-0.0606682210781	0.0575899838495	-0.0089965359066	-0.0193493874895	0.0232272593489	0.041719262446	0.0039276789243	-0.0808577554806	1.0	0.0067615765363	-0.043127610506	-0.0151113296339	0.0209658221031	-0.0943097767681	0.0535906111657	-0.0185209140955	-0.0321307997955	-0.00645236940126	-0.0994215942572	-0.0103339650185	0.0206847541449	0.041469938562	0.0233194836226	0.0212368633625	-0.0370774034905	-0.0601177297844	-0.0100562915681	-0.0264256752117	-0.0271874411364	0.0509463729771	0.0347443180387	-0.0662539109162	0.011445981234	0.0174904420555	-0.0821734934672	-0.0746019730003	-0.0512010777716	0.0869138565578	-0.00128764265433	-0.0225958011236	-0.0264171600956	0.0609564552291	-0.00519133010173	-0.0651427038936	0.0270268386464	0.0468534015578	-0.0971366660714	0.0365889237219	-0.0474578592868	-0.041918733179	-0.0664485780232	-0.0589704145329	-0.0469665916628	-0.0746845598954	-0.0805963321447	-0.0144878172234	0.0145155598945	-0.0602207630653
k__Bacteria;p__Bacteroidetes;c__Bacteroidia;o__Bacteroidales;f__Bacteroidaceae;g__Bacteroides;s__Bacteroides_thetaiotaomicron	0.0809387696806	-0.0646326905217	-0.00779608979189	-0.0149949026453	0.0199831222722	-0.0252649839236	0.0105660243664	-0.0410325076258	-0.00645962396465	0.0067615765363	1.0	-0.0353887517488	-0.00862078788614	-0.0526480173417	-0.0403356984177	-0.0100952797476	-0.0202841637563	-0.0279969816582	0.045006453846	0.020510933017	0.0540065820607	-0.0121708007765	-0.0141758030107	-0.0160009570529	-0.0492168392149	0.0528680174502	-0.00354249113344	-0.0216004882522	0.0539182526797	0.0144118428603	0.0108859134767	-0.0366290749571	-0.0100948760319	0.0965820348994	-0.00973083732709	0.00495874173544	-0.0130355971553	0.0353087984993	-0.0987499390958	0.0334807375446	-0.052809362166	0.0153792539939	0.0168087241927	-0.0318780417443	0.022303928414	-0.10780719801	-0.0534351056775	0.00696931269446	0.0200854597462	0.0597881938356	-0.0232562114567	0.0691652106198	0.0481201313301	0.00320765769202	-0.117288683383	-0.00345888358191	-0.0314049383947	0.0468413962112	-0.0539321185037
k__Bacteria;p__Bacteroidetes;c__Bacteroidia;o__Bacteroidales;f__Bacteroidaceae;g__Bacteroides;s__Bacteroides_coprocola	-0.035155363205	-0.0742300641478	-0.033993492394	-0.0934006726388	0.0013723610225	0.0383441240725	-0.0408342746978	-0.0611163748188	0.0601501675419	-0.043127610506	-0.0353887517488	1.0	-0.00939623423613	0.0744389602455	0.0269032025618	-0.0598144032948	-0.00293168852133	0.0182788313245	0.0314474426848	-0.0263297257263	0.0357567576341	-0.0228319176705	0.0233495233997	-0.0403892348793	0.0145921655159	0.00447116204091	0.0138638041133	0.00939070840258	-0.0197375254116	-0.0420702486145	-0.0313421670484	0.0551435655033	-0.00420282198079	0.0150612710751	-0.0078698490695	-0.0432862326514	-0.0255497130257	0.0322172495898	-0.0473386332479	-0.012227819736	-0.0318518069087	-0.111453014463	-0.00614045295575	0.027775376279	0.0198838127027	-0.061208839318	-0.0176817540064	-0.0508714828596	0.00738227662606	-0.0112078740138	-0.0372456386775	-0.0486234953042	-0.0296020052955	0.0569721542924	0.0332522781208	0.00149587840503	-0.00146855774255	-0.0434888772059	-0.00526110978336
k__Bacteria;p__Bacteroidetes;c__Bacteroidia;o__Bacteroidales;f__Bacteroidaceae;g__Bacteroides;s__Bacteroides_cellulosilyticus	0.00229365691399	0.0189234626362	-0.0584945010143	-0.00819963354775	-0.00259868062723	0.0499071638496	0.019637772935	0.014348911546	-0.107209644812	-0.0151113296339	-0.00862078788614	-0.00939623423613	1.0	0.034110176794	-0.0303433676809	-0.0497007448684	-0.0193628492855	-0.0812456627097	-0.0254838884582	-0.0483108928903	-0.0239082024422	0.0248838588046	-0.0299993329199	-0.047177327895	0.0559088578595	0.0500162876121	-0.112919888796	0.0222395219688	-0.00767648158094	-0.0942856388479	-0.026898982424	-0.0370169972752	-0.00274749733117	0.00980343138041	-0.0187392415183	0.00902277830003	0.00131947784729	0.00619137929165	-0.0159778188049	-0.0555588079005	-0.0668672689676	-0.0688225084462	-0.147000776956	0.0172866417155	0.0322220292551	0.0492255489436	-0.0495123142258	0.0520895620722	0.00331042518553	-0.0935861725749	0.051394991273	0.038846112844	-0.111538788052	0.0405083597074	0.0482015577779	-0.0734203802176	0.0731946391902	0.0626027570507	-0.023691977756
k__Bacteria;p__Bacteroidetes;c__Bacteroidia;o__Bacteroidales;f__Rikenellaceae;g__Alistipes;s__Alistipes_obesi	-0.08453546878	0.0449651326126	0.0436007517751	-0.0789422123116	0.0201009610731	-0.0488414907873	-0.0882405359629	-0.0501481174491	-0.0657299703468	0.0209658221031	-0.0526480173417	0.0744389602455	0.034110176794	1.0	-0.0690026877619	-0.0245856223016	0.0146563382421	-0.0261361157779	-0.0149662351858	0.0185636617075	-0.00773181559	0.0403570555732	-0.00542017652155	-0.006490245631	0.0432181409488	-0.0175706591741	-0.0328262921317	0.0493582082871	-0.0703697099733	0.0281837874508	-0.0174989809358	0.0444900907894	-0.0122084892605	0.0209580024961	-0.0245129748871	-0.0547099363844	-0.0511235963499	-0.0549509971898	0.00110829421046	-0.0509673050966	0.0458836532101	0.0301698049355	-0.0395703917141	-0.0745585450415	-0.0663280550384	-0.0584835122768	-0.0345119596394	-0.0244959733192	0.0322292797778	-0.0336439292568	0.000441406496276	0.0252141120436	-0.0644426827192	0.0216304046533	-0.0798783886646	-0.0319373437118	-0.0128727005268	-0.00857233992339	-0.0853691784353
k__Bacteria;p__Firmicutes;c__Clostridia;o__Clostridiales;f__Lachnospiraceae;g__;s__[Eubacterium]_rectale	-0.028055311531	0.0309837245559	0.00888870530291	-0.0961307850625	0.114770013764	-0.0517227997291	-0.0921254017123	-0.0251419434184	-0.0483078009367	-0.0943097767681	-0.0403356984177	0.0269032025618	-0.0303433676809	-0.0690026877619	1.0	0.0125379023251	-0.0549625234303	-0.000108809718871	-0.034544741353	0.011901729552	0.000792183015792	-0.00907674578492	-0.0156116707082	-0.0281985015246	-0.0212454357977	-0.0217478891087	-0.0124254006201	0.0100038783523	-0.020572291479	-0.103919542642	0.115682990734	0.0223566919969	0.00644464469223	0.0486414893908	-0.0617177369954	-0.092018193327	-0.0413833837014	-0.00354329604997	-0.0553074953266	0.0071363204696	-0.0464327234346	-0.0233834515885	0.00310020631221	-0.110810852838	-0.0208599416704	-0.0325462998386	0.0224845405281	0.0766337917053	0.0375318076125	0.000139946967092	-0.013607285514	0.0356487081055	0.0543014695007	0.0234027792198	0.0219319788159	-0.0234908325543	0.0495458850355	-0.029688284826	0.100703185337
k__Bacteria;p__Bacteroidetes;c__Bacteroidia;o__Bacteroidales;f__Bacteroidaceae;g__Bacteroides;s__Bacteroides_plebeius	0.0138251847441	0.0300111395028	-0.0177570454743	0.0317640599853	-0.0582098544719	0.105610617419	-0.0514288562108	-0.0271451194184	-0.0590900889551	0.0535906111657	-0.0100952797476	-0.0598144032948	-0.0497007448684	-0.0245856223016	0.0125379023251	1.0	-0.100519779441	-0.0604906303533	-0.0288403917692	-0.00134493109803	-0.000983338297078	0.0293025993179	0.0390187492766	0.00362306458171	-0.103157364629	-0.0188960111635	0.0265934322761	-0.0477356736959	0.0196376437717	-0.00335527145076	0.0666582697091	0.0360369651989	-0.0129981035519	-0.00937560690194	0.0108441944931	-0.00119010189046	-0.0779159345241	-0.0112439096574	-0.0136996247389	-0.0141161260305	-0.00443774196889	0.0254610271852	0.0387698896956	-0.0382241642156	-0.0481659981406	0.0141885776885	0.00930895568144	0.0427089191603	0.0313577868579	-0.042532932096	0.01375072896	-0.037656714096	-0.0229900011383	-0.00296032954959	0.0133002731985	-0.107926737798	0.0211270464174	-0.0466701199409	0.0861023432901
k__Bacteria;p__Bacteroidetes;c__Bacteroidia;o__Bacteroidales;f__Bacteroidaceae;g__Bacteroides;s__Bacteroides_fragilis	0.0649178129093	0.0919034688346	-0.0151993279692	0.0780740426346	-0.0270957531291	-0.0469879904704	-0.0821090575669	-0.0530176806252	0.00241216353197	-0.0185209140955	-0.0202841637563	-0.00293168852133	-0.0193628492855	0.0146563382421	-0.0549625234303	-0.100519779441	1.0	0.000924853115061	0.011869253741	0.00607509157366	-0.0465925459984	-0.0324690275443	0.0130248705369	0.00282412373024	-0.0674546056339	0.00927335838047	-0.105045281795	-0.026786761796	-0.0100843370614	-0.0790099358663	-0.0632119910235	0.00725543874933	-0.0226355793955	-0.0883550309734	0.00573370559724	0.0116892912614	-0.000208817791305	0.00327024976307	-0.00583227036247	-0.0239704563824	-0.0570766088507	0.0307989706142	0.000625932890671	-0.0408018474762	-0.042413671708	0.0170694387127	-0.059514635641	-0.0504561397425	0.0181105917467	0.0764388978558	-0.026005394149	0.0198427540504	-0.038518980654	0.00815082303287	0.00948311305215	-0.0750396905752	-0.0241334208339	-0.0185913459365	0.0316065996278
k__Bacteria;p__Proteobacteria;c__Betaproteobacteria;o__Burkholderiales;f__Sutterellaceae;g__Sutterella;s__Sutterella_wadsworthensis	-0.00805242329804	0.00521490409742	0.0269424584788	0.0294164633765	0.0461363533499	0.00618459123943	0.0227913603017	-0.0310765967104	0.0690718806181	-0.0321307997955	-0.0279969816582	0.0182788313245	-0.0812456627097	-0.0261361157779	-0.000108809718871	-0.0604906303533	0.000924853115061	1.0	0.0156064247984	-0.0159162904827	-0.0832245822273	0.0390383921326	-0.0428946297644	-0.00193145073208	-0.00963524689184	-0.0657747369746	0.00628449961137	0.0602053504002	-0.00393196751769	-0.00975335692368	0.0389734492469	0.0463662315879	-0.0336661435016	-0.00545877001801	0.0143799946271	-0.00555927911001	0.0112541223424	-0.0633104067684	-0.0279658756684	-0.0486463438165	-0.0584794020246	-0.00927657958694	-0.0278700114808	0.0269595762823	-0.0373423573837	-0.0270393012543	0.0440366950927	-0.111452647737	0.0518245766684	-0.0244516471831	0.0222908861983	-0.0607452981605	-0.0594620509898	-0.0498226048401	-0.0632917329915	-0.00778516608083	-0.0405164592563	-0.0628316541954	-0.00402104822087
k__Bacteria;p__Bacteroidetes;c__Bacteroidia;o__Bacteroidales;f__Porphyromonadaceae;g__Barnesiella;s__Barnesiella_intestinihominis	-0.00739739687356	0.0404907883489	-0.0283294434211	-0.0574557097822	-0.0130997969968	-0.049223049457	0.0182180016473	0.0107384164143	0.0328995640203	-0.00645236940126	0.045006453846	0.0314474426848	-0.0254838884582	-0.0149662351858	-0.034544741353	-0.0288403917692	0.011869253741	0.0156064247984	1.0	0.0751622816301	-0.0305684199897	0.0104790552757	-0.0232064374138	-0.091479156624	0.000455117599597	0.0123055158804	0.0381340643674	0.0705927458501	-0.0185687758092	-0.0380190948679	-0.0403900680924	-0.0399542178724	-0.0891459760719	0.00701232155076	-0.0266873723474	-0.0436631301288	-0.0294529517647	-0.00378678417189	-0.0606242752687	-0.000501822517775	0.0139013383964	-0.0215739347707	-0.0320381370458	-0.01161617609	-0.03225182149	0.0203514359085	-0.0145745325911	-0.0441239309324	0.0303418673533	-0.0650213070671	-0.0973535825185	0.00436551040226	0.0483881704716	-0.00367108129338	-0.00660368807268	0.00528649517884	-0.0919228500868	-0.0299881227669	0.0110863994886
k__Bacteria;p__Bacteroidetes;c__Bacteroidia;o__Bacteroidales;f__Odoribacteraceae;g__Odoribacter;s__Odoribacter_splanchnicus	0.0503591439527	0.0539067432029	-0.0317124072695	0.0727361136042	-0.0325792303386	0.013880399833	-0.0151067706115	0.0419119196898	-0.00640004141493	-0.0994215942572	0.020510933017	-0.0263297257263	-0.0483108928903	0.0185636617075	0.011901729552	-0.00134493109803	0.00607509157366	-0.0159162904827	0.0751622816301	1.0	0.00726421805243	0.0017641655491	-0.0580964326553	0.0339659747867	-0.110704929809	0.0169703395469	-0.0434776701048	0.06532262356	0.0159809965285	0.0222150154794	0.0531206562435	-0.0796476987012	0.0107682987583	-0.0941864487427	-0.0576771774608	-0.0787318960277	-0.0143638471569	-0.0366779025204	0.0159096993569	-0.0104801994537	-0.0824306166025	-0.00440196596128	0.0395967971312	-0.00401744676072	0.0281819414531	-0.0410150695244	-0.00905955497319	-0.025537062184	-0.0188821785972	0.0238059240736	-0.00727515653498	0.0105419554913	0.030829211471	-0.0119126561305	-0.0603185636045	-0.00731448581851	0.0069943256785	0.0235930005346	-0.0795384508863
k__Bacteria;p__Bacteroidetes;c__Bacteroidia;o__Bacteroidales;f__Bacteroidaceae;g__Bacteroides;s__Bacteroides_salyersiae	-0.0552593983185	-0.0396172188085	-0.0291888904186	-0.00508059933269	-0.0156838658867	-0.0126764081355	-0.0714493006217	0.0252933595394	-0.0241286486498	-0.0103339650185	0.0540065820607	0.0357567576341	-0.0239082024422	-0.00773181559	0.000792183015792	-0.000983338297078	-0.0465925459984	-0.0832245822273	-0.0305684199897	0.00726421805243	1.0	-0.0217600707452	-0.0280657355052	0.027518244187	0.0857939261501	-0.0545896453587	-0.0480191221905	-0.00820905881712	0.0317298920226	0.0412139857698	-0.00922435095577	0.0221470457782	0.0251587761231	-0.0188079436862	-0.0612027096246	-0.148875003694	0.0240837041998	0.00804106784793	-0.0781507017945	-0.0567981408491	-0.00286870962819	-0.0451837477698	0.0255934916419	-0.0160489927645	-0.0045478379472	-0.122725756363	-0.0603411552462	-0.0174064923217	0.0299282665834	-0.0567855468041	0.029349628362	0.00658666525422	-0.0383083403502	-0.00511951884617	-0.01365404736	0.0312260761469	-0.0365266994905	0.0319438557011	-0.0335319981708
k__Bacteria;p__Firmicutes;c__Clostridia;o__Clostridiales;f__Ruminococcaceae;g__Ruminiclostridium;s__[Eubacterium]_siraeum	0.0600969498969	0.0555322434823	-0.0338298691571	-0.002376445211	-0.00435798870982	-0.0601611049882	-0.00817807111015	-0.0121010931795	-0.0260898543713	0.0206847541449	-0.0121708007765	-0.0228319176705	0.0248838588046	0.0403570555732	-0.00907674578492	0.0293025993179	-0.0324690275443	0.0390383921326	0.0104790552757	0.0017641655491	-0.0217600707452	1.0	-0.0553412296206	-0.0752933935825	0.0173528714161	-0.0986397377887	0.0359388613346	-0.0496189565416	-0.0661490949414	0.0083488422911	0.0209837287395	0.0152241493795	-0.0777162409702	-0.05737266398	-0.0535486499224	-0.00794427524321	0.0560553772837	-0.0317337107643	-0.0445139036245	0.0115556889126	-0.0202650431151	-0.0259277622248	-0.0058071389146	-0.0403088392311	0.0204558814898	-0.0168742505783	-0.00519712903842	0.0291231120099	-0.0467262513609	-0.0573691973669	0.0202202894529	-0.025457917827	-0.00416337778851	0.0181675886124	-0.045238601472	-0.0126667246001	-0.044697233268	0.00344874324386	0.015657639982
k__Bacteria;p__Proteobacteria;c__Betaproteobacteria;o__Burkholderiales;f__Sutterellaceae;g__Parasutterella;s__Parasutterella_excrementihominis	-0.016994474371	0.00898173128937	-0.00329944533345	0.0399614809106	0.0261328214925	0.00216641521985	-0.047766118246	0.0296866719646	-0.0382125030008	0.041469938562	-0.0141758030107	0.0233495233997	-0.0299993329199	-0.00542017652155	-0.0156116707082	0.0390187492766	0.0130248705369	-0.0428946297644	-0.0232064374138	-0.0580964326553	-0.0280657355052	-0.0553412296206	1.0	0.00508391803808	-0.0367306517003	-0.0432675886647	-0.02875548362	-0.0365919024883	-0.0805397797484	-0.109742914099	0.0519174615067	-0.0359147988535	-0.053293620272	0.00394093702173	-0.0372846432607	-0.00876973394245	-0.0323535059307	0.00283104740798	-0.0201484230701	-0.014940913644	0.0168532092471	-0.0421283533915	0.0266381439985	0.00223659990311	-0.00279536372898	-0.0225295456811	0.011957546986	-0.0345695920001	-0.0634382729005	0.0259014296128	0.0226686183836	0.0262797191005	0.0307463700713	0.0675261647978	-0.0395120718485	-0.0100792136731	-0.069535729928	-0.0791712560387	-0.0139105623504
k__Bacteria;p__Actinobacteria;c__Actinobacteria;o__Bifidobacteriales;f__Bifidobacteriaceae;g__Bifidobacterium;s__Bifidobacterium_adolescentis	0.0631345248243	0.025686550767	-0.0727739359665	0.012321461181	-0.0640376096552	-0.000438225086307	0.0232203597151	-0.104038152884	-0.074809245177	0.0233194836226	-0.0160009570529	-0.0403892348793	-0.047177327895	-0.006490245631	-0.0281985015246	0.00362306458171	0.00282412373024	-0.00193145073208	-0.091479156624	0.0339659747867	0.027518244187	-0.0752933935825	0.00508391803808	1.0	-0.0173881817809	0.00226974581159	-0.0647224599833	-0.0122282729677	-0.00975666213506	-0.0764221734117	-0.0154785502698	-0.0800105792661	-0.00602294335131	-0.00243628986541	0.0492703933877	-0.0785554728703	0.00299476075312	-0.0654490194256	0.0289093980353	0.0471360733788	0.04523832869	0.0419807654907	0.0494621668978	-0.00746369446572	-0.0684531327219	0.0567553895543	0.0223341494544	-0.0166113189028	-0.0151441456887	-0.0282849262133	-0.0667583427371	0.0124579964075	-0.0524166197116	-0.0135408254344	-0.00635783825726	-0.0209534265906	-0.00248133510651	-0.00593971946282	0.0424888363271
k__Bacteria;p__Firmicutes;c__Clostridia;o__Clostridiales;f__Oscillospiraceae;g__Oscillibacter;s__Oscillibacter_sp._KLE_1745	0.00441758035087	0.0133673465954	-0.068984002142	0.0395539940835	-0.031072697565	-0.0433562512656	0.0527421263194	-0.0614591592471	-0.0723774506913	0.0212368633625	-0.0492168392149	0.0145921655159	0.0559088578595	0.0432181409488	-0.0212454357977	-0.103157364629	-0.0674546056339	-0.00963524689184	0.000455117599597	-0.110704929809	0.0857939261501	0.0173528714161	-0.0367306517003	-0.0173881817809	1.0	-0.0566973323914	0.0668542717845	-0.099720400784	0.0255377382277	0.046134987906	0.0352418595825	-0.0458120642519	0.00688517646065	0.0684876626884	0.0291747770823	-0.0231644732121	-0.0497345243093	-0.00323938890979	0.0251005995866	-0.0502137152539	-0.0182824349981	-0.0118681733864	0.017260636728	-0.0951390457871	-0.0711685864661	0.0133066562596	0.00168965040977	0.0324346032788	-0.0132240380154	-0.0581623001668	-0.0212201362253	0.0199474482576	0.0564285852198	0.00595761193742	0.0242198623826	0.0174775272514	0.0400074130068	-0.00700222940672	-0.00816342103302
k__Bacteria;p__Bacteroidetes;c__Bacteroidia;o__Bacteroidales;f__Bacteroidaceae;g__Bacteroides;s__Bacteroides_coprophilus	-0.0823862785504	-0.0012011430065	0.0809651019558	0.0171315579205	-0.0417491936145	-0.00345556985166	-0.0390149275342	-0.0289823261108	0.0497186714238	-0.0370774034905	0.0528680174502	0.00447116204091	0.0500162876121	-0.0175706591741	-0.0217478891087	-0.0188960111635	0.00927335838047	-0.0657747369746	0.0123055158804	0.0169703395469	-0.0545896453587	-0.0986397377887	-0.0432675886647	0.00226974581159	-0.0566973323914	1.0	0.0350164081534	0.0181583417709	-0.00338351518106	0.0326171656321	0.0347935414591	-0.017698294548	0.0743432235434	-0.0723076631185	0.0454725599715	0.0313876145448	-0.0802607579129	-0.0552227390355	-0.0236030219794	-0.0686270520029	0.0321733848023	-0.05220675214	-0.0188776779451	-0.031116489222	0.00467135777485	0.0159807583524	-0.031035176084	0.069655478388	-0.0928076535286	0.0371733425649	-0.0785980587681	-0.0242170746815	0.0481172547053	0.0385579907425	-0.06276493534	-0.0113480515937	0.0305691975196	-0.037572860212	0.0180703777236
k__Bacteria;p__Firmicutes;c__Clostridia;o__Clostridiales;f__Lachnospiraceae;g__Roseburia;s__Roseburia_intestinalis	0.00294173752708	-0.0126681376795	-0.00406227528688	-0.061642819371	0.0212160486272	0.0187248057405	-0.00960014007593	0.0406820552396	-0.0304372174327	-0.0601177297844	-0.00354249113344	0.0138638041133	-0.112919888796	-0.0328262921317	-0.0124254006201	0.0265934322761	-0.105045281795	0.00628449961137	0.0381340643674	-0.0434776701048	-0.0480191221905	0.0359388613346	-0.02875548362	-0.0647224599833	0.0668542717845	0.0350164081534	1.0	0.0681727861464	0.0305751408089	-0.0380230695579	-0.0636929400758	-0.0172546417844	-0.0232908012477	0.077609493748	0.0658531130092	-0.0365448775948	0.0031712581751	-0.0204730645765	0.029241721894	0.064860507393	-0.0130111713524	-0.0681272661105	-0.023210890781	-0.0837486174343	-0.0058298660985	-0.0985174829065	-0.057096328492	-0.0480205328544	-0.0943171630107	0.0155744863438	-0.0299983901039	-0.079255960279	-0.00793965231729	0.0424667699541	0.0187822106821	0.0911426246444	-0.0501466930804	0.000974259662029	0.0119003170721
k__Bacteria;p__Firmicutes;c__Clostridia;o__Clostridiales;f__Lachnospiraceae;g__Roseburia;s__Roseburia_hominis	0.00329331785585	-0.119408357449	-0.00984130535215	-0.0263636003766	-0.0459797430852	0.0552626587583	-0.00121220606491	0.0265768637145	0.0552852235363	-0.0100562915681	-0.0216004882522	0.00939070840258	0.0222395219688	0.0493582082871	0.0100038783523	-0.0477356736959	-0.026786761796	0.0602053504002	0.0705927458501	0.06532262356	-0.00820905881712	-0.0496189565416	-0.0365919024883	-0.0122282729677	-0.099720400784	0.0181583417709	0.0681727861464	1.0	0.00302356815638	-0.0623309943831	-0.00467617434523	-0.00796663891289	0.00966768716276	-0.0792333885993	-0.0268412333545	-0.0795510095805	0.0116006971959	-0.00237948322003	-0.0266520992331	-0.0504414481234	-0.0487144714427	0.00346251096119	-0.00651691064909	-0.0781772389835	-0.0378330321344	-0.0231484746072	-0.105059852178	0.0273365698902	0.088589409333	0.0124441830876	0.0265688456218	-0.100650393666	-0.0312723222588	-0.0372225803202	-0.0645903884178	-0.0217611471454	-0.0878914410768	-0.0725018337003	-0.0338868880882
k__Bacteria;p__Bacteroidetes;c__Bacteroidia;o__Bacteroidales;f__Porphyromonadaceae;g__Parabacteroides;s__Parabacteroides_johnsonii	-0.116914242272	-3.73264435378e-05	-0.0305450514835	0.0534898809167	0.00142383547632	0.0221255780586	0.0260841583366	-0.0346551549211	-0.00824249016371	-0.0264256752117	0.0539182526797	-0.0197375254116	-0.00767648158094	-0.0703697099733	-0.020572291479	0.0196376437717	-0.0100843370614	-0.00393196751769	-0.0185687758092	0.0159809965285	0.0317298920226	-0.0661490949414	-0.0805397797484	-0.00975666213506	0.0255377382277	-0.00338351518106	0.0305751408089	0.00302356815638	1.0	-0.0758975217447	0.0136589309638	-0.0453317325708	-0.0345832368959	-0.00669186082654	0.0483947216076	-0.0081114374699	0.028703568555	-0.150858179586	-0.0512992420248	0.0493843580572	0.0676659919349	-0.0515974150355	0.0127379719453	-0.0245162139135	-0.103409937642	-0.00396109018217	0.0129472349831	0.0356384563662	0.0316522527663	-0.0466724871505	0.00270576264756	-0.0117990213378	-0.0820898452403	0.0300306913302	0.00575276619819	-0.0149712004788	-0.0159521084249	0.00471723262493	0.0709912116429
k__Bacteria;p__Actinobacteria;c__Actinobacteria;o__Bifidobacteriales;f__Bifidobacteriaceae;g__Bifidobacterium;s__Bifidobacterium_longum	-0.00637657208322	-0.0199304664152	0.0014291363685	-0.0162716850063	-0.00264044846876	-0.0157731906619	-0.0609033359982	0.0219522567213	0.0352219202593	-0.0271874411364	0.0144118428603	-0.0420702486145	-0.0942856388479	0.0281837874508	-0.103919542642	-0.00335527145076	-0.0790099358663	-0.00975335692368	-0.0380190948679	0.0222150154794	0.0412139857698	0.0083488422911	-0.109742914099	-0.0764221734117	0.046134987906	0.0326171656321	-0.0380230695579	-0.0623309943831	-0.0758975217447	1.0	-0.0379176657922	0.0973736805584	0.0877538431213	-0.00989198071319	-0.0628854950847	0.0213257156565	-0.0325168604543	0.0259772973629	-0.0270141632712	-0.00689912902276	0.0443598538164	-0.0525375443016	0.029080944778	0.0238460602098	-0.0851245198635	-0.0184595329106	-0.0343816164208	-0.0248410336669	0.0508725232871	-0.0479104744964	-0.0623053467521	-0.00624050375517	-0.0749359644567	0.00498421704928	0.0231493936362	-0.00850910256347	0.0264251101521	0.00300192549792	-0.0752379024397
