#taxonomy	k__Bacteria;p__Bacteroidetes;c__Bacteroidia;o__Bacteroidales;f__Bacteroidaceae;g__Bacteroides;s__Bacteroides_vulgatus	k__Bacteria;p__Bacteroidetes;c__Bacteroidia;o__Bacteroidales;f__Bacteroidaceae;g__Bacteroides;s__Bacteroides_uniformis	k__Bacteria;p__Bacteroidetes;c__Bacteroidia;o__Bacteroidales;f__Rikenellaceae;g__Alistipes;s__Alistipes_putredinis	k__Bacteria;p__Bacteroidetes;c__Bacteroidia;o__Bacteroidales;f__Prevotellaceae;g__Prevotella;s__Prevotella_copri	k__Bacteria;p__Bacteroidetes;c__Bacteroidia;o__Bacteroidales;f__Bacteroidaceae;g__Bacteroides;s__Bacteroides_stercoris	k__Bacteria;p__Bacteroidetes;c__Bacteroidia;o__Bacteroidales;f__Bacteroidaceae;g__Bacteroides;s__Bacteroides_ovatus	k__Bacteria;p__Bacteroidetes;c__Bacteroidia;o__Bacteroidales;f__Rikenellaceae;g__Alistipes;s__Alistipes_shahii	k__Bacteria;p__Firmicutes;c__Clostridia;o__Clostridiales;f__Ruminococcaceae;g__Faecalibacterium;s__Faecalibacterium_prausnitzii	k__Bacteria;p__Bacteroidetes;c__Bacteroidia;o__Bacteroidales;f__Rikenellaceae;g__Alistipes;s__Alistipes_finegoldii	k__Bacteria;p__Bacteroidetes;c__Bacteroidia;o__Bacteroidales;f__Porphyromonadaceae;g__Parabacteroides;s__Parabacteroides_distasonis	k__Bacteria;p__Bacteroidetes;c__Bacteroidia;o__Bacteroidales;f__Bacteroidaceae;g__Bacteroides;s__Bacteroides_thetaiotaomicron	k__Bacteria;p__Bacteroidetes;c__Bacteroidia;o__Bacteroidales;f__Bacteroidaceae;g__Bacteroides;s__Bacteroides_coprocola	k__Bacteria;p__Bacteroidetes;c__Bacteroidia;o__Bacteroidales;f__Bacteroidaceae;g__Bacteroides;s__Bacteroides_cellulosilyticus	k__Bacteria;p__Bacteroidetes;c__Bacteroidia;o__Bacteroidales;f__Rikenellaceae;g__Alistipes;s__Alistipes_obesi	k__Bacteria;p__Firmicutes;c__Clostridia;o__Clostridiales;f__Lachnospiraceae;g__;s__[Eubacterium]_rectale	k__Bacteria;p__Bacteroidetes;c__Bacteroidia;o__Bacteroidales;f__Bacteroidaceae;g__Bacteroides;s__Bacteroides_plebeius	k__Bacteria;p__Bacteroidetes;c__Bacteroidia;o__Bacteroidales;f__Bacteroidaceae;g__Bacteroides;s__Bacteroides_fragilis	k__Bacteria;p__Proteobacteria;c__Betaproteobacteria;o__Burkholderiales;f__Sutterellaceae;g__Sutterella;s__Sutterella_wadsworthensis	k__Bacteria;p__Bacteroidetes;c__Bacteroidia;o__Bacteroidales;f__Porphyromonadaceae;g__Barnesiella;s__Barnesiella_intestinihominis	k__Bacteria;p__Bacteroidetes;c__Bacteroidia;o__Bacteroidales;f__Odoribacteraceae;g__Odoribacter;s__Odoribacter_splanchnicus	k__Bacteria;p__Bacteroidetes;c__Bacteroidia;o__Bacteroidales;f__Bacteroidaceae;g__Bacteroides;s__Bacteroides_salyersiae	k__Bacteria;p__Firmicutes;c__Clostridia;o__Clostridiales;f__Ruminococcaceae;g__Ruminiclostridium;s__[Eubacterium]_siraeum	k__Bacteria;p__Proteobacteria;c__Betaproteobacteria;o__Burkholderiales;f__Sutterellaceae;g__Parasutterella;s__Parasutterella_excrementihominis	k__Bacteria;p__Actinobacteria;c__Actinobacteria;o__Bifidobacteriales;f__Bifidobacteriaceae;g__Bifidobacterium;s__Bifidobacterium_adolescentis	k__Bacteria;p__Firmicutes;c__Clostridia;o__Clostridiales;f__Oscillospiraceae;g__Oscillibacter;s__Oscillibacter_sp._KLE_1745	k__Bacteria;p__Bacteroidetes;c__Bacteroidia;o__Bacteroidales;f__Bacteroidaceae;g__Bacteroides;s__Bacteroides_coprophilus	k__Bacteria;p__Firmicutes;c__Clostridia;o__Clostridiales;f__Lachnospiraceae;g__Roseburia;s__Roseburia_intestinalis	k__Bacteria;p__Firmicutes;c__Clostridia;o__Clostridiales;f__Lachnospiraceae;g__Roseburia;s__Roseburia_hominis	k__Bacteria;p__Bacteroidetes;c__Bacteroidia;o__Bacteroidales;f__Porphyromonadaceae;g__Parabacteroides;s__Parabacteroides_johnsonii	k__Bacteria;p__Actinobacteria;c__Actinobacteria;o__Bifidobacteriales;f__Bifidobacteriaceae;g__Bifidobacterium;s__Bifidobacterium_longum	k__Bacteria;p__Firmicutes;c__Clostridia;o__Clostridiales;f__;g__Flavonifractor;s__Flavonifractor_plautii	k__Bacteria;p__Firmicutes;c__Clostridia;o__Clostridiales;f__Clostridiaceae;g__Clostridium;s__Clostridium_phoceensis	k__Bacteria;p__Verrucomicrobia;c__Verrucomicrobiae;o__Verrucomicrobiales;f__Akkermansiaceae;g__Akkermansia;s__Akkermansia_muciniphila	k__Bacteria;p__Bacteroidetes;c__Bacteroidia;o__Bacteroidales;f__Prevotellaceae;g__Paraprevotella;s__Paraprevotella_xylaniphila	k__Bacteria;p__Firmicutes;c__Clostridia;o__Clostridiales;f__Ruminococcaceae;g__Ruminococcus;s__Ruminococcus_callidus	k__Bacteria;p__Bacteroidetes;c__Bacteroidia;o__Bacteroidales;f__Rikenellaceae;g__Alistipes;s__Alistipes_senegalensis	k__Bacteria;p__Firmicutes;c__Clostridia;o__Clostridiales;f__Lachnospiraceae;g__Blautia;s__Blautia_sp._KLE_1732	k__Bacteria;p__Bacteroidetes;c__Bacteroidia;o__Bacteroidales;f__Bacteroidaceae;g__Bacteroides;s__Bacteroides_oleiciplenus	k__Bacteria;p__Firmicutes;c__Clostridia;o__Clostridiales;f__Ruminococcaceae;g__Ruminococcus;s__Ruminococcus_bicirculans	k__Bacteria;p__Bacteroidetes;c__Bacteroidia;o__Bacteroidales;f__Bacteroidaceae;g__Bacteroides;s__Bacteroides_fluxus	k__Bacteria;p__Bacteroidetes;c__Bacteroidia;o__Bacteroidales;f__Prevotellaceae;g__Prevotella;s__Prevotella_stercorea	k__Bacteria;p__Firmicutes;c__Clostridia;o__Clostridiales;f__Lachnospiraceae;g__Dorea;s__Dorea_longicatena	k__Bacteria;p__Firmicutes;c__Clostridia;o__Clostridiales;f__Eubacteriaceae;g__Eubacterium;s__[Eubacterium]_eligens	k__Bacteria;p__Firmicutes;c__Clostridia;o__Clostridiales;f__Ruminococcaceae;g__;s__Ruminococcaceae_bacterium_D16	k__Bacteria;p__Firmicutes;c__Clostridia;o__Clostridiales;f__Lachnospiraceae;g__Coprococcus;s__Coprococcus_comes	k__Bacteria;p__Proteobacteria;c__Gammaproteobacteria;o__Enterobacterales;f__Enterobacteriaceae;g__Escherichia;s__Escherichia_coli	k__Bacteria;p__Firmicutes;c__Clostridia;o__Clostridiales;f__Ruminococcaceae;g__Anaerotruncus;s__Anaerotruncus_colihominis	k__Bacteria;p__Firmicutes;c__Clostridia;o__Clostridiales;f__Lachnospiraceae;g__Blautia;s__Blautia_obeum	k__Bacteria;p__Bacteroidetes;c__Bacteroidia;o__Bacteroidales;f__Odoribacteraceae;g__Odoribacter;s__Odoribacter_laneus	k__Bacteria;p__Firmicutes;c__Clostridia;o__Clostridiales;f__Ruminococcaceae;g__Ruminiclostridium;s__[Clostridium]_leptum	k__Bacteria;p__Bacteroidetes;c__Bacteroidia;o__Bacteroidales;f__Porphyromonadaceae;g__Parabacteroides;s__Parabacteroides_goldsteinii	k__Bacteria;p__Firmicutes;c__Clostridia;o__Clostridiales;f__Lachnospiraceae;g__Anaerostipes;s__Anaerostipes_hadrus	k__Bacteria;p__Firmicutes;c__Clostridia;o__Clostridiales;f__Ruminococcaceae;g__Ruminococcus;s__Ruminococcus_lactaris	k__Bacteria;p__Firmicutes;c__Clostridia;o__Clostridiales;f__Clostridiaceae;g__Clostridium;s__Clostridium_sp._L2-50	k__Bacteria;p__Firmicutes;c__Clostridia;o__Clostridiales;f__Clostridiaceae;g__Clostridium;s__Clostridium_sp._M62/1	k__Bacteria;p__Firmicutes;c__Clostridia;o__Clostridiales;f__;g__Intestinimonas;s__Intestinimonas_butyriciproducens	k__Bacteria;p__Actinobacteria;c__Actinobacteria;o__Bifidobacteriales;f__Bifidobacteriaceae;g__Bifidobacterium;s__Bifidobacterium_bifidum	k__Bacteria;p__Firmicutes;c__Negativicutes;o__Veillonellales;f__Veillonellaceae;g__Dialister;s__Dialister_invisus	k__Bacteria;p__Bacteroidetes;c__Bacteroidia;o__Bacteroidales;f__Bacteroidaceae;g__Bacteroides;s__Bacteroides_salanitronis
k__Bacteria;p__Bacteroidetes;c__Bacteroidia;o__Bacteroidales;f__Bacteroidaceae;g__Bacteroides;s__Bacteroides_vulgatus	1.0	0.00572129431122	0.00993460907645	-0.0327288884611	-0.0181475935307	0.0171801355806	-0.0445543591935	0.0411034641234	0.0120737201401	-0.0506016411989	0.0468743692073	-0.075871851022	0.0392234679435	-0.0465268512601	-0.0376690258962	-0.000437746292526	-0.14963336625	-0.081258377034	0.0589236085547	-0.0341516790623	0.0580502491171	-0.0419516954493	-0.0438068566683	0.000558036685948	0.0132596680674	-0.0619253820138	0.016456165638	-0.0341775120176	-0.10788460935	-0.0201238349383	-0.0550545278424	-0.0138744881217	0.000540956560998	-0.0681376251974	0.0313538783517	0.0677661611007	0.0810784390126	-0.00483545555391	-0.0774373181782	-0.0461649941903	0.0328491407293	0.0892283870259	-0.0409179524791	0.0248761686836	0.000794243457183	0.0513405683045	0.0110576569523	-0.00713964735128	-0.0664752714771	-0.0109439860302	-0.0219264642272	0.00504376288014	-0.0160702942939	-0.0501048429724	0.00783041021854	-0.042940468409	-0.0864158817885	-0.0274207267623	0.00364731192377
k__Bacteria;p__Bacteroidetes;c__Bacteroidia;o__Bacteroidales;f__Bacteroidaceae;g__Bacteroides;s__Bacteroides_uniformis	0.00572129431122	1.0	-0.0974777701594	-0.0611699126892	-0.00902966640359	-0.0740351259081	-0.0141631612377	-0.0242773656301	-0.00597769292982	0.00714347616906	0.00265848134436	-0.0581353071376	-0.00565000364482	0.0145311433457	-0.0212543589643	-0.055683656957	0.0186022262308	0.0762841783018	-0.042547265619	0.0178061477027	0.0216253102545	0.084899222944	0.0549718765838	-0.0246436909558	-0.0229918133413	0.0941893116211	-0.0934391680067	0.00164098812896	-0.0684447485591	-0.000940193046042	0.039341766999	-0.0525307215076	-0.0511075196365	-0.0225506348344	-0.0243552497415	0.00421277064563	-0.050111296656	-0.0640711459543	0.0505183764631	0.00604416045059	-0.0262581962482	0.0458225780048	-0.0229022637555	0.00542160461426	-0.0070430689222	0.0383169346899	0.0170929792678	0.0404554237871	0.0290361065919	-0.00720115287782	0.00184155085124	-0.0576338050986	0.00360173625067	0.0421320019976	-0.0605685125653	0.0188390277112	-0.0337230470828	-0.0174479980971	-0.0339042421735
k__Bacteria;p__Bacteroidetes;c__Bacteroidia;o__Bacteroidales;f__Rikenellaceae;g__Alistipes;s__Alistipes_putredinis	0.00993460907645	-0.0974777701594	1.0	0.0116441280112	0.0489878163043	-0.0328462813975	-0.0378993775479	0.00881683057176	-0.0469230295293	-0.0192950552565	0.0285769180342	-0.00455830011595	-0.0688726140709	-0.0501787921601	-0.0193561743734	0.00726016994945	-0.0305202798783	0.0138698748798	0.00274161455316	0.0467800842823	-0.0126840088041	-0.0521600579514	0.0159926142533	0.0688746456735	0.040291305921	-0.0568170847774	0.0485478862814	-0.0490265818371	0.00834239434765	-0.0596830715096	-0.0307118071349	-0.0559890977838	-0.0282293736346	-0.0648394168095	-0.0233501052031	0.0333895700167	-0.00150602587833	-0.0504569723512	-0.0844475383679	0.0360746446851	-0.0910315709709	0.0331179557653	-0.0175947736305	0.0102084919613	-0.0159773065477	0.0416709622258	0.00852707621563	-0.0576994335259	0.012912027132	-0.0434681472929	0.0131715509321	-0.015177932865	-0.0397017903348	0.0226308446938	-0.0344664885025	0.00848691313542	-0.0416377670089	0.0443659913675	0.00925993795158
k__Bacteria;p__Bacteroidetes;c__Bacteroidia;o__Bacteroidales;f__Prevotellaceae;g__Prevotella;s__Prevotella_copri	-0.0327288884611	-0.0611699126892	0.0116441280112	1.0	-0.0510497911627	-0.00416475879782	-0.0386831136383	-0.0547537554706	0.0100291679681	0.0220714816287	-0.053851586746	-0.0350841572669	-0.119161143117	-0.0310947203329	0.0392241924418	-0.0350759560014	-0.03673070139	-0.0159737640781	-0.0611083729475	-0.0874159323344	-0.108491824982	-0.0766308625279	0.0854432691958	0.0239745604573	-0.0206569331561	-0.00695968119922	0.0127628328744	0.00152663589216	-0.0233300434129	0.0115920680692	-0.049496267623	-0.0313672506717	0.0440775488959	-0.0431091101153	0.0209327988733	0.0194166617408	0.0231924430077	0.00461065588914	-0.00410230065367	0.0492609472457	-0.0187937961399	-0.07454115479	-0.0258519098838	-0.0691302627007	-0.0585267292471	-0.0144227299903	0.0312507654118	0.00851763224933	-0.0193834223302	0.0219678394591	-0.0695603009406	-0.0201309106471	-0.0135904387475	-0.013093891272	-0.0285120729785	0.0805786161922	-0.0368673489321	0.065843359153	0.00226668810407
k__Bacteria;p__Bacteroidetes;c__Bacteroidia;o__Bacteroidales;f__Bacteroidaceae;g__Bacteroides;s__Bacteroides_stercoris	-0.0181475935307	-0.00902966640359	0.0489878163043	-0.0510497911627	1.0	0.0305793927123	0.0145804092097	0.00330828705897	0.0557013557532	-0.0350178934007	-0.00149022572679	0.0290947410486	-0.0457705331973	-0.0653444764817	0.0273118818206	-0.117845083402	-0.0539841636214	0.00877812152284	0.00367489893252	-0.0198087998828	-0.0688423172207	-0.0601685983496	-0.0963462768251	-0.0262782430065	0.000583900669686	-0.00370190931947	-0.0217320691778	0.00631676330023	0.0246631632902	-0.00662202267239	-0.00877112657495	0.0229964468888	0.0229350702837	-0.0230773138825	-0.048105190774	-0.0360235874165	0.00299924120607	0.0109961418044	-0.0463136075152	-0.0492430211761	-0.0553679394876	0.0206518281599	-0.0139174578672	0.0166738461517	0.0692994845823	-0.0174843913506	0.0610663299288	-0.0157799916528	-0.00499149178193	0.030964700059	-0.00332871800797	0.0286872837473	0.0365846713003	-0.0102998688896	0.00631930341728	-0.01890437526	0.021428436023	-0.0268304854155	-0.00813573961191
k__Bacteria;p__Bacteroidetes;c__Bacteroidia;o__Bacteroidales;f__Bacteroidaceae;g__Bacteroides;s__Bacteroides_ovatus	0.0171801355806	-0.0740351259081	-0.0328462813975	-0.00416475879782	0.0305793927123	1.0	-0.0145590960095	-0.0300508346319	-0.0442481259865	0.0404759944444	0.0469269358097	-0.0552281284001	-0.0306080103991	-0.0359998919316	-0.0608006469953	0.0154449201656	0.0181835341297	0.00281248569491	0.029254455422	-0.0566789709901	-0.0767771122656	0.0315146481966	-0.00878078077464	0.00380047407508	-0.0781225925668	-0.0428492599252	-0.0601375376351	-0.000946871456477	-0.0329183786285	0.0362133253625	0.0267087846131	-0.0186105377139	-0.0532795100647	-0.113010573164	-0.0378874920593	0.00866748065166	-0.0413730641825	-0.0558612781055	0.0323186267847	0.0501988378956	-0.083911256682	-0.0597089870127	-0.0165457569793	-0.0317271121106	0.0287873891963	0.0284551624103	-0.0130668125724	0.0262275538456	-0.0631945889709	0.0152445694289	-0.0612306641814	0.081437254357	0.0583180387825	-0.0505729305757	0.0175981725469	-0.0708008766026	0.0399259062128	0.0447047844323	0.0966331704523
k__Bacteria;p__Bacteroidetes;c__Bacteroidia;o__Bacteroidales;f__Rikenellaceae;g__Alistipes;s__Alistipes_shahii	-0.0445543591935	-0.0141631612377	-0.0378993775479	-0.0386831136383	0.0145804092097	-0.0145590960095	1.0	-0.0139807287191	0.0635652835241	-0.00831272772307	-0.00939799982576	0.0767582815325	-0.0109860527249	-0.0341842496921	0.0191017102058	-0.00985760917861	0.023526459763	0.0286829507903	-0.0363429029291	0.0180356885288	0.0191581088998	-0.0537207094371	-0.0492586016544	-0.0332488961844	-0.00898136868888	-0.0263928792793	-0.0366901750218	-0.121616866456	0.0125160791648	0.0629651440934	0.00140345568963	-0.054810498515	-0.00362313120788	-0.0339597770598	0.0246163903989	-0.0197119327322	0.0519224923983	-0.0664643086709	-0.0184794446228	0.0434536742202	0.0406147553566	0.0246205207997	0.0790205487236	0.0263333565385	-0.0149535708719	0.00668363105595	0.0270076466732	0.0649675040138	0.00336621006572	-0.0133411481187	-0.0114755111598	0.0615847301166	-0.100105767502	0.00819867390624	-0.0409583315939	-0.0682268546222	0.00824953971217	-0.035128346581	-0.0659628387437
k__Bacteria;p__Firmicutes;c__Clostridia;o__Clostridiales;f__Ruminococcaceae;g__Faecalibacterium;s__Faecalibacterium_prausnitzii	0.0411034641234	-0.0242773656301	0.00881683057176	-0.0547537554706	0.00330828705897	-0.0300508346319	-0.0139807287191	1.0	-0.0622934700593	0.0422978157105	-0.0246194978478	-0.00541814451565	-0.0362841637542	-0.112696399279	-0.0315399032033	-0.0396121243856	0.0154220353479	0.0784475731198	0.0142291641565	-0.0815484082965	0.000547606437564	-0.138446862281	-0.0600985435521	-0.00122279627002	-0.0144337556307	-0.0578123044385	0.0114016980496	0.108510127713	0.0158744133101	-0.0117172135176	-0.00972769546809	0.0630043317777	-0.0410835194442	-0.0165493362475	-0.0112570377147	0.0345624090777	0.0435880975984	-0.0217132586964	0.0749159548745	-0.116092074398	-0.0381364974358	0.0097537136961	0.0314673799752	0.0411681666736	-0.0424588956948	0.039780108612	-0.00783205499004	0.0219932247296	-0.0296967689607	0.0327787106055	-0.00664844489631	0.00378797125528	0.0256970564177	-0.0455711888051	-0.0623942859813	0.01321195574	-0.017796442652	0.0130897487038	-0.00901851295522
k__Bacteria;p__Bacteroidetes;c__Bacteroidia;o__Bacteroidales;f__Rikenellaceae;g__Alistipes;s__Alistipes_finegoldii	0.0120737201401	-0.00597769292982	-0.0469230295293	0.0100291679681	0.0557013557532	-0.0442481259865	0.0635652835241	-0.0622934700593	1.0	0.0145335460847	0.00590023659733	-0.047682072228	0.0281691101192	-0.0663825611992	0.0195986716642	-0.0590693217977	0.0353507065839	0.0302577421835	0.0276192717312	0.0405733030554	-0.0387079234655	0.03146514056	0.00927419893752	-0.0737320636178	-0.000432425650072	-0.0551745305337	-0.0322259943302	-0.0567644324796	-0.0181975539887	-0.0508669144128	0.037132281384	-0.054254161145	0.0252226559498	0.0270476949914	0.0146764071669	0.000270809298523	-0.0404407244566	0.0293387449877	0.0086043642809	-0.0888624651359	-0.0277603807436	-0.0016250778191	-0.0388581790151	0.0531892213741	0.0021071290841	-0.0257287969301	0.0409354600327	0.0646794893639	-0.0528797478801	-0.0417226616421	-0.00526105617543	-0.0261971544528	-0.0659703261093	-0.0150697825822	0.0187407998333	0.0137460655815	0.00976535802707	-0.0462612787972	-0.0616609272294
k__Bacteria;p__Bacteroidetes;c__Bacteroidia;o__Bacteroidales;f__Porphyromonadaceae;g__Parabacteroides;s__Parabacteroides_distasonis	-0.0506016411989	0.00714347616906	-0.0192950552565	0.0220714816287	-0.0350178934007	0.0404759944444	-0.00831272772307	0.0422978157105	0.0145335460847	1.0	-0.065531260444	0.0166221258834	-0.049837404313	-0.027858399984	-0.06503107966	0.0227332283727	0.0623073148829	-0.0423318049326	-0.0365443066196	0.00168561193102	0.0762743115744	0.0126731877881	0.0429064376546	-0.0396838906914	-0.00914197252641	-0.0336989076923	-0.0327761763552	-0.0258882026622	0.0571823342887	0.0681265573744	-0.0722393961873	-0.018536226915	-0.00306087609676	-0.0688618089609	0.0317902021362	-0.0170733839092	0.0114730518456	0.000895929181448	-0.0475440990991	-0.0318865295695	0.0456779267	-0.0288057142768	-0.0184647534986	-0.0144675313133	-0.0435390269053	0.042859474624	-0.0576891232125	-0.023069499135	-0.0111544777684	0.0640093867673	-0.0799834273399	0.0474787974722	-0.0286905948353	-0.0661317131094	-0.076249961104	-0.030480028326	0.057688237211	-0.110921545452	-0.0484604645377
k__Bacteria;p__Bacteroidetes;c__Bacteroidia;o__Bacteroidales;f__Bacteroidaceae;g__Bacteroides;s__Bacteroides_thetaiotaomicron	0.0468743692073	0.00265848134436	0.0285769180342	-0.053851586746	-0.00149022572679	0.0469269358097	-0.00939799982576	-0.0246194978478	0.00590023659733	-0.065531260444	1.0	-0.0698857716043	0.00901179599789	0.0181125103601	-0.063578005498	-0.0704490861936	-0.0595435004027	-0.0641336882597	0.0354697071835	-0.0242798839108	-0.0538454732296	-0.0136419474021	-0.0181406140564	-0.00670253990139	0.00275268503448	-0.0949700556285	-0.0270027657907	0.000968821706707	0.0245401811115	-0.0210414668272	0.00399630453331	-0.0685205855914	-0.131562750677	0.0187830759719	0.0457497221264	-0.0293713577975	-0.0316613991318	0.0451014183809	0.0224483956182	0.0647009649247	-0.0157190496516	-0.0159652191184	-0.0151170463105	-0.0118877516019	-0.0154631033339	-0.0649863963119	0.00475829927491	0.024557130122	-0.0396988264471	0.032894329372	0.0174204302123	0.0452795669177	-0.104639886721	0.0177887902635	-0.0421356538449	-0.0393773691905	-0.042085667458	-0.0242435398555	-0.0124095824175
k__Bacteria;p__Bacteroidetes;c__Bacteroidia;o__Bacteroidales;f__Bacteroidaceae;g__Bacteroides;s__Bacteroides_coprocola	-0.075871851022	-0.0581353071376	-0.00455830011595	-0.0350841572669	0.0290947410486	-0.0552281284001	0.0767582815325	-0.00541814451565	-0.047682072228	0.0166221258834	-0.0698857716043	1.0	0.104513433567	-0.0259182211374	-0.0154385805754	-0.0153625101459	-0.0357693250692	0.000291092517863	0.105030935677	-0.0499203966531	-0.0274294803351	0.00662550099723	-0.0440756300282	-0.0340254956573	-0.0213969783736	-0.00797428368187	-0.0731207249785	-0.0318778196322	-0.0180000663409	-0.0516270649452	0.0300686227752	0.0778849113524	0.0373500831856	-0.0556371909561	-0.0255794195795	-0.000786723795228	0.0454005633325	0.0444975398565	-0.0979552223595	0.00633813275699	0.0238255933944	-0.0344342442776	0.0508213147048	-0.0363928441408	0.0261515733447	-0.0625050990367	-0.0606484150892	-0.0487339415515	-0.0642481953372	-0.0279520381004	0.0454486031256	0.0359379338122	0.0436352669247	-0.000607384096245	0.0678221320202	0.0476034692938	-0.0712460725582	0.0474081024595	0.0190466685172
k__Bacteria;p__Bacteroidetes;c__Bacteroidia;o__Bacteroidales;f__Bacteroidaceae;g__Bacteroides;s__Bacteroides_cellulosilyticus	0.0392234679435	-0.00565000364482	-0.0688726140709	-0.119161143117	-0.0457705331973	-0.0306080103991	-0.0109860527249	-0.0362841637542	0.0281691101192	-0.049837404313	0.00901179599789	0.104513433567	1.0	-0.0100265979441	0.0107504639805	0.0181988108485	-0.085089996657	0.00456131785138	-0.0120183269168	0.021262450208	-0.0067376227451	-0.0258843215891	-0.0412392323805	-0.0248396847204	-0.0793482606919	-0.0338348621898	-0.11535061235	0.00426657864474	0.00231465772227	-0.0171613492257	0.0108393450291	0.0455225181772	-0.069221485057	-0.00861997186019	-0.0573888302046	-0.0790058473657	-0.0464524720343	0.0322587692085	0.0142502672719	-0.0294231208497	0.0760038238859	0.0550750298831	-0.0473549192249	0.0559777009432	-0.0568962574403	-0.0147872770778	-0.057942477768	0.0396234456274	-0.0498901280782	-0.080918610476	0.0407623382731	-0.0705164637496	-0.0663223709071	-0.0564132039855	0.0410685406269	0.0664711702044	-0.0481093999774	-0.0869846917183	0.000520024192581
k__Bacteria;p__Bacteroidetes;c__Bacteroidia;o__Bacteroidales;f__Rikenellaceae;g__Alistipes;s__Alistipes_obesi	-0.0465268512601	0.0145311433457	-0.0501787921601	-0.0310947203329	-0.0653444764817	-0.0359998919316	-0.0341842496921	-0.112696399279	-0.0663825611992	-0.027858399984	0.0181125103601	-0.0259182211374	-0.0100265979441	1.0	0.0975277580712	0.078081081583	0.039327113326	0.0477534044378	-0.0603626190617	-0.0208071016477	-0.00574804068241	0.00202537000813	-0.0458200638123	0.0760042163079	-0.0667966016926	0.00959591569759	-0.0552887932794	-0.0572601038641	0.0654217194838	-0.0166023907374	0.0447329249838	-0.0401491945795	-0.02684640517	-0.0252815247583	0.0429722445242	-0.0378980410948	0.00190095040063	-0.0896813226603	0.0284121337462	-0.0234576122895	-0.0906707184189	-0.0781102539977	0.0260317037278	0.0116027134102	0.00754097897255	-0.081929289676	0.0149715260739	-0.00388388090417	0.0159165237412	-0.000224849418923	0.0507328208327	0.0393890427029	-0.0271905789893	0.00733083631212	-0.0701552033536	-0.0614440195913	0.0372270495816	-0.0352195307481	0.058217413781
k__Bacteria;p__Firmicutes;c__Clostridia;o__Clostridiales;f__Lachnospiraceae;g__;s__[Eubacterium]_rectale	-0.0376690258962	-0.0212543589643	-0.0193561743734	0.0392241924418	0.0273118818206	-0.0608006469953	0.0191017102058	-0.0315399032033	0.0195986716642	-0.06503107966	-0.063578005498	-0.0154385805754	0.0107504639805	0.0975277580712	1.0	0.0510221665983	-0.0576256437684	0.0467437424358	0.0134363198394	0.0104250286611	-0.020432657743	0.0399391676857	0.00536257076871	-0.0702064711357	-0.0200616073322	0.0246012654941	-0.0231701277051	-0.0381848664345	0.015190600856	0.0162675769565	-0.0986526390148	-0.00270295564745	0.0265434686696	0.0453372943352	0.0096544666516	0.027297113656	0.00467645361816	-0.0343445878537	-0.0855270290775	-0.0301593187658	0.00204078847763	-0.0325249550026	-0.129840674148	-0.0121955397601	-0.0124283190284	-0.105040133079	-0.0121494896623	-0.0262526847508	-0.0545105797146	0.00706661820998	-0.0457049521284	-0.0496959387742	-0.00945209493214	0.0335039145252	0.0147122794531	0.00259817024762	-0.0880813455732	-0.0806214896853	-0.0841153372493
k__Bacteria;p__Bacteroidetes;c__Bacteroidia;o__Bacteroidales;f__Bacteroidaceae;g__Bacteroides;s__Bacteroides_plebeius	-0.000437746292526	-0.055683656957	0.00726016994945	-0.0350759560014	-0.117845083402	0.0154449201656	-0.00985760917861	-0.0396121243856	-0.0590693217977	0.0227332283727	-0.0704490861936	-0.0153625101459	0.0181988108485	0.078081081583	0.0510221665983	1.0	-0.0131047060566	0.00387659238408	-0.0119969582792	-0.0072019205423	-0.00429455173003	0.0344254845305	-0.00166135689351	-0.0003254413412	-0.0422041196534	0.0285303504469	-0.087328722691	-0.0202802530554	-0.0496652168881	0.0154758784436	0.0105715560421	0.0484218542498	0.00443635042775	-0.062128726787	0.00638606325472	-0.0729761127953	-0.00603205647114	-0.0256390299248	0.028145244388	-0.0424231043115	0.0230162774976	-0.0484341032015	-0.0232844947685	-0.0594700587623	-0.115250657429	0.025190259216	0.00935425710854	-0.0606690160215	0.0159459847546	-0.010543136224	0.0333350271059	-0.083854360686	-0.0156876397666	-0.0234392474073	-0.137663818588	-0.0391838730986	0.0263856373952	-0.0179393925506	-0.0348603819985
k__Bacteria;p__Bacteroidetes;c__Bacteroidia;o__Bacteroidales;f__Bacteroidaceae;g__Bacteroides;s__Bacteroides_fragilis	-0.14963336625	0.0186022262308	-0.0305202798783	-0.03673070139	-0.0539841636214	0.0181835341297	0.023526459763	0.0154220353479	0.0353507065839	0.0623073148829	-0.0595435004027	-0.0357693250692	-0.085089996657	0.039327113326	-0.0576256437684	-0.0131047060566	1.0	-0.0124508287205	0.0153105013982	0.0427846587686	-0.00949061713239	-0.0389570202302	0.0367170390538	0.0105602482185	-0.036652873124	0.0317831000666	0.0279859828719	0.0401874793609	-0.00397999827079	0.0573720680333	0.0319537265283	-0.0232776801262	-0.0318222546478	0.0060941007365	0.0530542871143	-0.0289145591969	-0.0716209200554	-0.0659927198386	-0.126682176714	-0.00497877768735	-0.0607705377674	-0.0700621269612	0.0129950386933	0.0197276173812	0.0117526978185	0.00225182027655	0.0778517134406	0.0444593909023	0.0209815385115	-0.0121050145021	0.0148257039707	-0.0577338420412	-0.00208407839009	-0.0320181073299	-0.0262195570424	-0.00374901397144	0.00965590274622	-0.0842478184857	-0.0263962658353
k__Bacteria;p__Proteobacteria;c__Betaproteobacteria;o__Burkholderiales;f__Sutterellaceae;g__Sutterella;s__Sutterella_wadsworthensis	-0.081258377034	0.0762841783018	0.0138698748798	-0.0159737640781	0.00877812152284	0.00281248569491	0.0286829507903	0.0784475731198	0.0302577421835	-0.0423318049326	-0.0641336882597	0.000291092517863	0.00456131785138	0.0477534044378	0.0467437424358	0.00387659238408	-0.0124508287205	1.0	-0.121192075021	-0.0584920685495	0.0144638147344	-0.0562525170914	0.0201910601392	0.0201133205101	-0.000773208692487	-0.0488825039068	-0.0102764462237	-0.0336496275973	-0.0258634137951	-0.0741985556717	0.0350460388712	0.0519846604998	-0.00656139719386	0.0348310092341	-0.0510950225114	-0.05009776773	-0.0385194851525	-0.0959013548965	-0.0961052445523	0.090765212025	-0.0724598725702	-0.00597274433642	-0.0566104269962	-0.00349430822355	0.00384438503379	0.00834279155029	0.008162587508	-0.00670355284144	-0.00709758343159	0.0380500564715	-0.0299444138749	-0.0170131584809	0.000807368300392	-0.0192539048662	-0.010757533321	0.011599897812	-0.00609686705367	-0.0221263929489	-0.0141108816727
k__Bacteria;p__Bacteroidetes;c__Bacteroidia;o__Bacteroidales;f__Porphyromonadaceae;g__Barnesiella;s__Barnesiella_intestinihominis	0.0589236085547	-0.042547265619	0.00274161455316	-0.0611083729475	0.00367489893252	0.029254455422	-0.0363429029291	0.0142291641565	0.0276192717312	-0.0365443066196	0.0354697071835	0.105030935677	-0.0120183269168	-0.0603626190617	0.0134363198394	-0.0119969582792	0.0153105013982	-0.121192075021	1.0	-0.0523813597469	-0.00927137427	-0.00402008732366	-0.0690430561702	-0.0561803504414	0.0245356915141	-0.00221706156616	0.0382029549745	0.0419460711277	-0.0226791341726	0.0630800156218	0.00666862650169	-0.0733475795562	-0.12010003656	-0.0580894578896	-0.0403554896998	-0.056402294937	0.0800955032076	-0.0386659200041	-0.0486872715743	-0.0561258129517	0.0504116076567	-0.0241009621514	0.0171862087388	-0.0424671423848	0.00124454890211	0.0315299311652	-0.0733271342937	0.0548757267886	-0.0467151607211	-0.0621976679573	-0.04932728153	-0.0643140790803	0.101244807668	0.0306960093787	0.0296237754738	-0.0254663852749	0.0212991151915	-0.106648553253	0.0683101935399
k__Bacteria;p__Bacteroidetes;c__Bacteroidia;o__Bacteroidales;f__Odoribacteraceae;g__Odoribacter;s__Odoribacter_splanchnicus	-0.0341516790623	0.0178061477027	0.0467800842823	-0.0874159323344	-0.0198087998828	-0.0566789709901	0.0180356885288	-0.0815484082965	0.0405733030554	0.00168561193102	-0.0242798839108	-0.0499203966531	0.021262450208	-0.0208071016477	0.0104250286611	-0.0072019205423	0.0427846587686	-0.0584920685495	-0.0523813597469	1.0	0.0380653665131	0.0450591782048	-0.0460990664806	-0.129360366408	-0.0287982265622	0.0348188803158	0.0187718141606	-0.0032819637614	-0.0306032984261	0.0117519081731	-0.018702153653	0.0726691077117	0.0608080631485	-0.0272991958864	-0.0210831385284	-0.0474303468184	-0.0153023580559	0.0301076556995	-0.00732536669436	-0.0434271925126	-0.113299568781	0.023510982504	-0.00957968357362	0.0267218436548	-0.0994159678834	0.0206617264317	0.0301860166191	-0.0814209574521	0.00838388783739	-0.031972259843	0.0280981839028	-0.0126414073668	-0.0363887644275	-0.00687722653036	-0.00112729391932	-0.0397436527297	-0.0264783418712	-0.10730324507	-0.0417681166776
k__Bacteria;p__Bacteroidetes;c__Bacteroidia;o__Bacteroidales;f__Bacteroidaceae;g__Bacteroides;s__Bacteroides_salyersiae	0.0580502491171	0.0216253102545	-0.0126840088041	-0.108491824982	-0.0688423172207	-0.0767771122656	0.0191581088998	0.000547606437564	-0.0387079234655	0.0762743115744	-0.0538454732296	-0.0274294803351	-0.0067376227451	-0.00574804068241	-0.020432657743	-0.00429455173003	-0.00949061713239	0.0144638147344	-0.00927137427	0.0380653665131	1.0	-0.0134634719896	-0.0100468113541	-0.0460872754044	0.0169016945197	0.00029346755969	0.00661815421733	-0.0221945345476	-0.0255475956559	-0.0784646326151	-0.0336622083905	-0.0381297337632	-0.0543528159965	-0.0469467342453	0.0305827131602	0.0365563355982	-0.00912953369056	0.0173509775151	-0.0287619346019	0.00579645560631	-0.00902092822891	-0.0551436974888	0.0177368791883	-0.0330223864502	-0.0741140934602	-0.0921047838863	-0.0578634058042	0.00600590988848	0.000682766146298	-0.0489430809217	0.0792297072121	0.0315823657406	-0.00976676539883	-0.00480540400825	-0.0720469871971	0.0210196056042	-0.0314405917011	0.0514106067314	-0.0506498802774
k__Bacteria;p__Firmicutes;c__Clostridia;o__Clostridiales;f__Ruminococcaceae;g__Ruminiclostridium;s__[Eubacterium]_siraeum	-0.0419516954493	0.084899222944	-0.0521600579514	-0.0766308625279	-0.0601685983496	0.0315146481966	-0.0537207094371	-0.138446862281	0.03146514056	0.0126731877881	-0.0136419474021	0.00662550099723	-0.0258843215891	0.00202537000813	0.0399391676857	0.0344254845305	-0.0389570202302	-0.0562525170914	-0.00402008732366	0.0450591782048	-0.0134634719896	1.0	0.002387455473	0.0361772223359	0.0416847551817	0.0586479682564	0.020106338139	0.00203627642719	-0.0413618698951	-0.0547172333157	0.0127704782628	-0.0127024820282	-0.0110688120288	-0.0288558246687	-0.0528819872823	-0.0357499852798	-0.0267475094379	0.0686074836879	0.0405455771661	-0.0706179713947	0.0998737969282	-0.022534606855	0.0382679012447	0.00240472403973	0.0384212113039	-0.0429918308903	-0.00129406390102	-0.0177399490423	-0.00514899955591	-0.0180032501325	-0.0491282601259	0.0527621743968	0.00751777574794	0.013366576654	-0.00277730355782	-0.00662767378379	0.0183716083153	-0.0438125033092	-0.0602222329939
k__Bacteria;p__Proteobacteria;c__Betaproteobacteria;o__Burkholderiales;f__Sutterellaceae;g__Parasutterella;s__Parasutterella_excrementihominis	-0.0438068566683	0.0549718765838	0.0159926142533	0.0854432691958	-0.0963462768251	-0.00878078077464	-0.0492586016544	-0.0600985435521	0.00927419893752	0.0429064376546	-0.0181406140564	-0.0440756300282	-0.0412392323805	-0.0458200638123	0.00536257076871	-0.00166135689351	0.0367170390538	0.0201910601392	-0.0690430561702	-0.0460990664806	-0.0100468113541	0.002387455473	1.0	-0.00380486325808	-0.070707874525	-0.0329353788509	-0.0798830630707	0.0066656047509	-0.00953112646392	0.00962404597432	-0.0338488347864	-0.117316070388	0.000778578311802	-0.0806838785982	-0.0276510085281	0.016520190698	-0.0619303299745	-0.029103221585	-0.00418708385924	-0.00479323052278	0.0100973682679	-0.02750102876	-0.102572567409	-0.0371152978754	-0.0769542313165	0.0543180758032	0.0228685561762	0.0225726313084	0.0880650567611	-0.0198644208304	-0.00265525620808	-0.0522878133702	0.0539402308203	-0.0796206362864	-0.0125171547756	0.0185736082836	-0.0303682776134	0.0313485240678	0.0561136375213
k__Bacteria;p__Actinobacteria;c__Actinobacteria;o__Bifidobacteriales;f__Bifidobacteriaceae;g__Bifidobacterium;s__Bifidobacterium_adolescentis	0.000558036685948	-0.0246436909558	0.0688746456735	0.0239745604573	-0.0262782430065	0.00380047407508	-0.0332488961844	-0.00122279627002	-0.0737320636178	-0.0396838906914	-0.00670253990139	-0.0340254956573	-0.0248396847204	0.0760042163079	-0.0702064711357	-0.0003254413412	0.0105602482185	0.0201133205101	-0.0561803504414	-0.129360366408	-0.0460872754044	0.0361772223359	-0.00380486325808	1.0	0.0106259489932	-0.0206429257821	0.0215110094824	0.00687933441855	-0.0299773259172	-0.0133944830026	-0.00785401221026	-0.110283294444	0.00574630652289	-0.00290480013707	0.0294244321747	-0.0130196661768	-0.0122374718049	-0.0505931936018	-0.0187525675126	0.0356137253718	-0.0157315895673	0.0436170502282	0.00743340873849	0.0439892185626	0.0145281059248	-0.0206673131588	-0.0189896182865	-0.00373971490164	-0.0160100540195	0.054072805769	-0.0402897235055	-0.0304404001343	-0.0218899461525	0.0259843907354	-0.0179587892966	-0.0892331626549	-0.0270072610798	-0.0599505493358	0.0347630177808
k__Bacteria;p__Firmicutes;c__Clostridia;o__Clostridiales;f__Oscillospiraceae;g__Oscillibacter;s__Oscillibacter_sp._KLE_1745	0.0132596680674	-0.0229918133413	0.040291305921	-0.0206569331561	0.000583900669686	-0.0781225925668	-0.00898136868888	-0.0144337556307	-0.000432425650072	-0.00914197252641	0.00275268503448	-0.0213969783736	-0.0793482606919	-0.0667966016926	-0.0200616073322	-0.0422041196534	-0.036652873124	-0.000773208692487	0.0245356915141	-0.0287982265622	0.0169016945197	0.0416847551817	-0.070707874525	0.0106259489932	1.0	0.0183656610951	0.0059063242222	-0.0109920322158	-0.0387847210223	-0.00664558093819	-0.031763653229	-0.0236743418483	-0.00667617872758	-0.0726359738482	0.0205317463626	-0.0383058948608	-0.0268790013786	-0.101788141267	0.087202131381	-0.0139086808484	-0.0973606659461	-0.0189141272227	0.0108485177782	-0.0515600934762	0.0482688737719	-0.0351834460534	-0.0704886127155	0.0845963424873	-0.0405662024536	0.0150661444951	-0.0216387058584	-0.0349767881442	-0.00752992593313	0.0502484832261	-0.00508456717048	0.029693324465	-0.0440025965601	-0.0210993976749	0.00045038402938
k__Bacteria;p__Bacteroidetes;c__Bacteroidia;o__Bacteroidales;f__Bacteroidaceae;g__Bacteroides;s__Bacteroides_coprophilus	-0.0619253820138	0.0941893116211	-0.0568170847774	-0.00695968119922	-0.00370190931947	-0.0428492599252	-0.0263928792793	-0.0578123044385	-0.0551745305337	-0.0336989076923	-0.0949700556285	-0.00797428368187	-0.0338348621898	0.00959591569759	0.0246012654941	0.0285303504469	0.0317831000666	-0.0488825039068	-0.00221706156616	0.0348188803158	0.00029346755969	0.0586479682564	-0.0329353788509	-0.0206429257821	0.0183656610951	1.0	0.0205663286634	-0.00486234276497	-0.0279731610954	0.0347755009896	-0.0500645123289	0.00605426474472	-0.0370361423868	0.0429222022752	-0.0484312306123	0.0350622917504	-0.000575321017902	-0.0202079350789	-0.0230412909817	0.00383089523504	-0.0669775766087	-0.0805798471957	-0.00625451931144	-0.0627261485549	0.0686965384636	-0.0227481105902	-0.0045554891589	-0.0681640372225	-0.0122267626013	0.0154163109068	-0.0240060264994	0.0340081957893	-0.0951738316928	-0.0340249489194	-0.0627313478583	-0.062373673508	0.0190438741799	-0.0273146904395	-0.0110055191128
k__Bacteria;p__Firmicutes;c__Clostridia;o__Clostridiales;f__Lachnospiraceae;g__Roseburia;s__Roseburia_intestinalis	0.016456165638	-0.0934391680067	0.0485478862814	0.0127628328744	-0.0217320691778	-0.0601375376351	-0.0366901750218	0.0114016980496	-0.0322259943302	-0.0327761763552	-0.0270027657907	-0.0731207249785	-0.11535061235	-0.0552887932794	-0.0231701277051	-0.087328722691	0.0279859828719	-0.0102764462237	0.0382029549745	0.0187718141606	0.00661815421733	0.020106338139	-0.0798830630707	0.0215110094824	0.0059063242222	0.0205663286634	1.0	-0.0253653568585	-0.0406002302996	-0.0101924966153	0.0297992752844	0.0670134338504	0.0280617778125	-0.0137736679748	0.0162429446794	-0.0636132903794	0.0451032666383	0.0230657222452	-0.0390647852876	0.0622591015963	0.00324543998473	-0.0183006356116	0.0198125058847	0.0112991557087	-0.026041826141	-0.0512475044365	-0.0244283612485	-0.0761605559547	-0.051824220373	-0.0232929484399	-0.0439313256301	-0.0593560236091	-0.023352401155	-0.0239685539614	-0.0278103463435	-0.0334390029178	-0.0350982076353	-0.028022824653	-0.0680963219108
k__Bacteria;p__Firmicutes;c__Clostridia;o__Clostridiales;f__Lachnospiraceae;g__Roseburia;s__Roseburia_hominis	-0.0341775120176	0.00164098812896	-0.0490265818371	0.00152663589216	0.00631676330023	-0.000946871456477	-0.121616866456	0.108510127713	-0.0567644324796	-0.0258882026622	0.000968821706707	-0.0318778196322	0.00426657864474	-0.0572601038641	-0.0381848664345	-0.0202802530554	0.0401874793609	-0.0336496275973	0.0419460711277	-0.0032819637614	-0.0221945345476	0.00203627642719	0.0066656047509	0.00687933441855	-0.0109920322158	-0.00486234276497	-0.0253653568585	1.0	-0.00603517428692	-0.0125361255473	-0.0106711988608	-0.00173076993007	0.0576014438763	0.0226455918719	-0.0632055694083	0.0427771591729	-0.0912031535362	-0.0315767980746	0.0144649747164	-0.0441261528833	-0.0715349487573	-0.0925545031247	0.101414637382	-0.0854789844276	-0.0659375504245	-0.0416511943166	0.0346869273357	0.079846879534	-0.0776544284601	0.00523050903026	-0.0677715805969	-0.0540069741793	0.0248763551658	-0.02516711394	0.00317700187846	-0.103364253679	-0.0295117413518	-0.0525404372597	-0.0849837614027
k__Bacteria;p__Bacteroidetes;c__Bacteroidia;o__Bacteroidales;f__Porphyromonadaceae;g__Parabacteroides;s__Parabacteroides_johnsonii	-0.10788460935	-0.0684447485591	0.00834239434765	-0.0233300434129	0.0246631632902	-0.0329183786285	0.0125160791648	0.0158744133101	-0.0181975539887	0.0571823342887	0.0245401811115	-0.0180000663409	0.00231465772227	0.0654217194838	0.015190600856	-0.0496652168881	-0.00397999827079	-0.0258634137951	-0.0226791341726	-0.0306032984261	-0.0255475956559	-0.0413618698951	-0.00953112646392	-0.0299773259172	-0.0387847210223	-0.0279731610954	-0.0406002302996	-0.00603517428692	1.0	-0.0696376678346	0.0412659661267	-0.0261795040454	0.011838353015	-0.00569063266791	-0.0660084147215	0.0587375884063	0.0130809063488	-0.0248665653432	0.0631182449749	0.0106228120353	-0.0086997295761	-0.054954574493	0.0522261258632	-0.0512854912549	-0.0191083145434	-0.0221335827326	-0.0163743483989	0.0611166937792	0.00731336544652	-0.0759184027458	-0.0371020517423	0.0232049222925	0.0454054938515	-0.0818394608203	-0.00942585920655	0.05810191631	-0.0554222646738	0.0210241028359	0.0752400851618
k__Bacteria;p__Actinobacteria;c__Actinobacteria;o__Bifidobacteriales;f__Bifidobacteriaceae;g__Bifidobacterium;s__Bifidobacterium_longum	-0.0201238349383	-0.000940193046042	-0.0596830715096	0.0115920680692	-0.00662202267239	0.0362133253625	0.0629651440934	-0.0117172135176	-0.0508669144128	0.0681265573744	-0.0210414668272	-0.0516270649452	-0.0171613492257	-0.0166023907374	0.0162675769565	0.0154758784436	0.0573720680333	-0.0741985556717	0.0630800156218	0.0117519081731	-0.0784646326151	-0.0547172333157	0.00962404597432	-0.0133944830026	-0.00664558093819	0.0347755009896	-0.0101924966153	-0.0125361255473	-0.0696376678346	1.0	-0.0577506025961	-0.0385496604091	-0.00176274404291	-0.0232330464405	0.0550347177308	-0.0362400394127	0.0104883497305	-0.019337881162	-0.0091630227603	-0.0132703152276	0.0621154233715	0.0125884898869	-0.0767323033179	-0.0206831053038	-0.0401420238322	0.0422314828332	-0.0568513016027	-0.0784069188055	-0.0149644873786	-0.0805384961567	-0.023180717923	-0.048891695482	0.00284303037922	0.0467857264141	-0.0232518838859	0.00794780968128	0.0498411813886	-0.0456729268242	-0.000422277643321
