#taxonomy	k__Bacteria;p__Bacteroidetes;c__Bacteroidia;o__Bacteroidales;f__Bacteroidaceae;g__Bacteroides;s__Bacteroides_vulgatus	k__Bacteria;p__Bacteroidetes;c__Bacteroidia;o__Bacteroidales;f__Bacteroidaceae;g__Bacteroides;s__Bacteroides_uniformis	k__Bacteria;p__Bacteroidetes;c__Bacteroidia;o__Bacteroidales;f__Rikenellaceae;g__Alistipes;s__Alistipes_putredinis	k__Bacteria;p__Bacteroidetes;c__Bacteroidia;o__Bacteroidales;f__Prevotellaceae;g__Prevotella;s__Prevotella_copri	k__Bacteria;p__Bacteroidetes;c__Bacteroidia;o__Bacteroidales;f__Bacteroidaceae;g__Bacteroides;s__Bacteroides_stercoris	k__Bacteria;p__Bacteroidetes;c__Bacteroidia;o__Bacteroidales;f__Bacteroidaceae;g__Bacteroides;s__Bacteroides_ovatus	k__Bacteria;p__Bacteroidetes;c__Bacteroidia;o__Bacteroidales;f__Rikenellaceae;g__Alistipes;s__Alistipes_shahii	k__Bacteria;p__Firmicutes;c__Clostridia;o__Clostridiales;f__Ruminococcaceae;g__Faecalibacterium;s__Faecalibacterium_prausnitzii	k__Bacteria;p__Bacteroidetes;c__Bacteroidia;o__Bacteroidales;f__Rikenellaceae;g__Alistipes;s__Alistipes_finegoldii	k__Bacteria;p__Bacteroidetes;c__Bacteroidia;o__Bacteroidales;f__Porphyromonadaceae;g__Parabacteroides;s__Parabacteroides_distasonis	k__Bacteria;p__Bacteroidetes;c__Bacteroidia;o__Bacteroidales;f__Bacteroidaceae;g__Bacteroides;s__Bacteroides_thetaiotaomicron	k__Bacteria;p__Bacteroidetes;c__Bacteroidia;o__Bacteroidales;f__Bacteroidaceae;g__Bacteroides;s__Bacteroides_coprocola	k__Bacteria;p__Bacteroidetes;c__Bacteroidia;o__Bacteroidales;f__Bacteroidaceae;g__Bacteroides;s__Bacteroides_cellulosilyticus	k__Bacteria;p__Bacteroidetes;c__Bacteroidia;o__Bacteroidales;f__Rikenellaceae;g__Alistipes;s__Alistipes_obesi	k__Bacteria;p__Firmicutes;c__Clostridia;o__Clostridiales;f__Lachnospiraceae;g__;s__[Eubacterium]_rectale	k__Bacteria;p__Bacteroidetes;c__Bacteroidia;o__Bacteroidales;f__Bacteroidaceae;g__Bacteroides;s__Bacteroides_plebeius	k__Bacteria;p__Bacteroidetes;c__Bacteroidia;o__Bacteroidales;f__Bacteroidaceae;g__Bacteroides;s__Bacteroides_fragilis	k__Bacteria;p__Proteobacteria;c__Betaproteobacteria;o__Burkholderiales;f__Sutterellaceae;g__Sutterella;s__Sutterella_wadsworthensis	k__Bacteria;p__Bacteroidetes;c__Bacteroidia;o__Bacteroidales;f__Porphyromonadaceae;g__Barnesiella;s__Barnesiella_intestinihominis	k__Bacteria;p__Bacteroidetes;c__Bacteroidia;o__Bacteroidales;f__Odoribacteraceae;g__Odoribacter;s__Odoribacter_splanchnicus	k__Bacteria;p__Bacteroidetes;c__Bacteroidia;o__Bacteroidales;f__Bacteroidaceae;g__Bacteroides;s__Bacteroides_salyersiae	k__Bacteria;p__Firmicutes;c__Clostridia;o__Clostridiales;f__Ruminococcaceae;g__Ruminiclostridium;s__[Eubacterium]_siraeum	k__Bacteria;p__Proteobacteria;c__Betaproteobacteria;o__Burkholderiales;f__Sutterellaceae;g__Parasutterella;s__Parasutterella_excrementihominis	k__Bacteria;p__Actinobacteria;c__Actinobacteria;o__Bifidobacteriales;f__Bifidobacteriaceae;g__Bifidobacterium;s__Bifidobacterium_adolescentis	k__Bacteria;p__Firmicutes;c__Clostridia;o__Clostridiales;f__Oscillospiraceae;g__Oscillibacter;s__Oscillibacter_sp._KLE_1745	k__Bacteria;p__Bacteroidetes;c__Bacteroidia;o__Bacteroidales;f__Bacteroidaceae;g__Bacteroides;s__Bacteroides_coprophilus	k__Bacteria;p__Firmicutes;c__Clostridia;o__Clostridiales;f__Lachnospiraceae;g__Roseburia;s__Roseburia_intestinalis	k__Bacteria;p__Firmicutes;c__Clostridia;o__Clostridiales;f__Lachnospiraceae;g__Roseburia;s__Roseburia_hominis	k__Bacteria;p__Bacteroidetes;c__Bacteroidia;o__Bacteroidales;f__Porphyromonadaceae;g__Parabacteroides;s__Parabacteroides_johnsonii	k__Bacteria;p__Actinobacteria;c__Actinobacteria;o__Bifidobacteriales;f__Bifidobacteriaceae;g__Bifidobacterium;s__Bifidobacterium_longum	k__Bacteria;p__Firmicutes;c__Clostridia;o__Clostridiales;f__;g__Flavonifractor;s__Flavonifractor_plautii	k__Bacteria;p__Firmicutes;c__Clostridia;o__Clostridiales;f__Clostridiaceae;g__Clostridium;s__Clostridium_phoceensis	k__Bacteria;p__Verrucomicrobia;c__Verrucomicrobiae;o__Verrucomicrobiales;f__Akkermansiaceae;g__Akkermansia;s__Akkermansia_muciniphila	k__Bacteria;p__Bacteroidetes;c__Bacteroidia;o__Bacteroidales;f__Prevotellaceae;g__Paraprevotella;s__Paraprevotella_xylaniphila	k__Bacteria;p__Firmicutes;c__Clostridia;o__Clostridiales;f__Ruminococcaceae;g__Ruminococcus;s__Ruminococcus_callidus	k__Bacteria;p__Bacteroidetes;c__Bacteroidia;o__Bacteroidales;f__Rikenellaceae;g__Alistipes;s__Alistipes_senegalensis	k__Bacteria;p__Firmicutes;c__Clostridia;o__Clostridiales;f__Lachnospiraceae;g__Blautia;s__Blautia_sp._KLE_1732	k__Bacteria;p__Bacteroidetes;c__Bacteroidia;o__Bacteroidales;f__Bacteroidaceae;g__Bacteroides;s__Bacteroides_oleiciplenus	k__Bacteria;p__Firmicutes;c__Clostridia;o__Clostridiales;f__Ruminococcaceae;g__Ruminococcus;s__Ruminococcus_bicirculans	k__Bacteria;p__Bacteroidetes;c__Bacteroidia;o__Bacteroidales;f__Bacteroidaceae;g__Bacteroides;s__Bacteroides_fluxus	k__Bacteria;p__Bacteroidetes;c__Bacteroidia;o__Bacteroidales;f__Prevotellaceae;g__Prevotella;s__Prevotella_stercorea	k__Bacteria;p__Firmicutes;c__Clostridia;o__Clostridiales;f__Lachnospiraceae;g__Dorea;s__Dorea_longicatena	k__Bacteria;p__Firmicutes;c__Clostridia;o__Clostridiales;f__Eubacteriaceae;g__Eubacterium;s__[Eubacterium]_eligens	k__Bacteria;p__Firmicutes;c__Clostridia;o__Clostridiales;f__Ruminococcaceae;g__;s__Ruminococcaceae_bacterium_D16	k__Bacteria;p__Firmicutes;c__Clostridia;o__Clostridiales;f__Lachnospiraceae;g__Coprococcus;s__Coprococcus_comes	k__Bacteria;p__Proteobacteria;c__Gammaproteobacteria;o__Enterobacterales;f__Enterobacteriaceae;g__Escherichia;s__Escherichia_coli	k__Bacteria;p__Firmicutes;c__Clostridia;o__Clostridiales;f__Ruminococcaceae;g__Anaerotruncus;s__Anaerotruncus_colihominis	k__Bacteria;p__Firmicutes;c__Clostridia;o__Clostridiales;f__Lachnospiraceae;g__Blautia;s__Blautia_obeum	k__Bacteria;p__Bacteroidetes;c__Bacteroidia;o__Bacteroidales;f__Odoribacteraceae;g__Odoribacter;s__Odoribacter_laneus	k__Bacteria;p__Firmicutes;c__Clostridia;o__Clostridiales;f__Ruminococcaceae;g__Ruminiclostridium;s__[Clostridium]_leptum	k__Bacteria;p__Bacteroidetes;c__Bacteroidia;o__Bacteroidales;f__Porphyromonadaceae;g__Parabacteroides;s__Parabacteroides_goldsteinii	k__Bacteria;p__Firmicutes;c__Clostridia;o__Clostridiales;f__Lachnospiraceae;g__Anaerostipes;s__Anaerostipes_hadrus	k__Bacteria;p__Firmicutes;c__Clostridia;o__Clostridiales;f__Ruminococcaceae;g__Ruminococcus;s__Ruminococcus_lactaris	k__Bacteria;p__Firmicutes;c__Clostridia;o__Clostridiales;f__Clostridiaceae;g__Clostridium;s__Clostridium_sp._L2-50	k__Bacteria;p__Firmicutes;c__Clostridia;o__Clostridiales;f__Clostridiaceae;g__Clostridium;s__Clostridium_sp._M62/1	k__Bacteria;p__Firmicutes;c__Clostridia;o__Clostridiales;f__;g__Intestinimonas;s__Intestinimonas_butyriciproducens	k__Bacteria;p__Actinobacteria;c__Actinobacteria;o__Bifidobacteriales;f__Bifidobacteriaceae;g__Bifidobacterium;s__Bifidobacterium_bifidum	k__Bacteria;p__Firmicutes;c__Negativicutes;o__Veillonellales;f__Veillonellaceae;g__Dialister;s__Dialister_invisus	k__Bacteria;p__Bacteroidetes;c__Bacteroidia;o__Bacteroidales;f__Bacteroidaceae;g__Bacteroides;s__Bacteroides_salanitronis
k__Bacteria;p__Bacteroidetes;c__Bacteroidia;o__Bacteroidales;f__Bacteroidaceae;g__Bacteroides;s__Bacteroides_vulgatus	1.0	-0.0402865835631	-0.0094303566528	-0.00585055786703	0.0039748488463	-0.0397436403057	-0.00898514221717	-0.0572168819046	-0.0397145032848	-0.0238980749842	-0.0426361178951	-0.00828238921231	-0.0333455034056	-0.06115101457	0.00928194579889	0.0203757268157	0.0688891566072	-0.0486429816644	0.015186595329	-0.02124411724	0.0138685344233	-0.00727159876094	-0.0239139393303	-0.00867454339601	-0.0170487254202	-0.0438884646364	-0.0293911477534	0.0220645385484	0.0263500084731	-0.0632068427254	0.00653012107114	-0.025931904025	-0.0268591040045	0.0160444837771	-0.0717446360288	-0.132934740562	-0.0253754634266	0.0403141914752	-0.0086331926378	-0.0209760238614	0.0631619627883	-0.0197800694119	-0.0331819919384	0.00613395548672	-0.000727455693879	-0.0687815819529	0.0240803262588	-0.0266459863816	-0.0169237742413	-0.0220237477586	-0.022249949776	-0.0320372106215	-0.0469817355563	0.010839009918	0.0328319891724	-0.0430774083519	0.0459698617398	-0.0412887180738	-0.0106969545762
k__Bacteria;p__Bacteroidetes;c__Bacteroidia;o__Bacteroidales;f__Bacteroidaceae;g__Bacteroides;s__Bacteroides_uniformis	-0.0402865835631	1.0	-0.0527573366376	-0.08412808257	-0.00169013271824	0.0193856967573	-0.0291360028001	-0.0040318515233	-0.0787529158545	-0.0538166908324	-0.144327938601	-0.0601814335448	0.000636650867792	0.0284105993712	-0.0440067403036	0.00322156461451	-0.0171116422536	-0.0287633779398	0.0120609760709	-0.00341364345879	-0.0388592706132	0.0206927234161	-0.00737859071168	-0.0205258359922	0.0344950808777	0.0405202641015	0.0873600102643	0.000150591828707	-0.0130924196725	0.00230597172415	-0.0570505649343	-0.0238613665422	0.0465858018032	0.0237507340054	0.00872061286975	-0.0347252098351	0.0254743843678	0.00752373017925	-0.0360434141417	0.00481817206537	-0.00658280020024	-0.108678833141	-0.0588852656142	-0.0170022726718	-0.0133039905482	-0.0148536644612	-0.0707405761704	0.0438115111809	0.0502269007438	-0.0845392188765	-0.0425924680698	-0.0192174276352	0.00236308689431	-0.0347422187887	-6.70116642416e-05	-0.0677096347355	-0.00754925740312	0.0367568632047	-0.0261264903737
k__Bacteria;p__Bacteroidetes;c__Bacteroidia;o__Bacteroidales;f__Rikenellaceae;g__Alistipes;s__Alistipes_putredinis	-0.0094303566528	-0.0527573366376	1.0	-0.0523495284598	-0.0746307132219	0.0953733102953	-0.0065918076048	-0.00739430656976	-0.0327384625071	0.00815275547853	-0.0380982998134	-0.0368596490145	-0.0147927286652	-0.0273165700096	-0.0380754538882	-0.0546040620236	0.0340900467797	-0.0105316064213	0.0402523245183	-0.0839410063403	-0.0256366309756	0.0264278771345	-0.033642524534	0.016167333675	-0.0752371672751	-0.0587946519515	-0.0197774841871	-0.0133414929249	0.00244481276636	0.0250355278891	-0.115758284493	0.100461776498	0.021099750358	-0.00564333504394	0.0694487946982	0.00842763592649	-0.0973714943567	-0.107028896984	0.0527008993397	0.0456794747998	-0.0286305643693	-0.00575931825755	-0.0564072642784	0.0416999354528	-0.0180499462649	0.0545345179702	-0.0912280854078	-0.0100522156817	-0.016306437497	0.0218260161683	-0.0941034949581	0.0174988735346	0.0216162381352	0.0608504121198	-0.0158331390857	-0.0732638654854	-0.0700605040533	-0.00695115982051	0.0145990079786
k__Bacteria;p__Bacteroidetes;c__Bacteroidia;o__Bacteroidales;f__Prevotellaceae;g__Prevotella;s__Prevotella_copri	-0.00585055786703	-0.08412808257	-0.0523495284598	1.0	-0.0723276876697	-0.0809077580815	-0.0561276092052	-0.0487476932105	-0.0364991265339	-0.113137583242	0.000319665233524	-0.0222757914587	0.0206773486149	-0.0404443020786	0.00207848519735	-0.0293866731058	-0.0598433861732	0.00868509135734	0.00833546052145	0.0838807329719	0.0505846509144	0.0170246693814	0.0206515891233	-0.0239653768393	0.0692471974929	-0.0596209365965	0.000103942613496	0.0818609736032	-0.0712881241385	0.00162809628305	-0.0115791510263	0.0184678641206	0.00889667768778	-0.0468928006868	-0.0376179504341	-0.0107731766587	0.00851580019563	-0.0282487526043	0.0200962927446	-0.0312352961282	0.00431461951305	-0.00973446414791	0.0174258222347	-0.00583737815581	-0.0507739498577	0.0104602873628	-0.0112175897644	0.0215408311793	-0.0178251236392	-0.00726300429244	0.00390238343375	-0.0537882858505	0.00455959076149	-0.020714248218	-0.000751602194752	-0.0973633878517	0.0600758295047	-0.0211818427602	0.00573149459614
k__Bacteria;p__Bacteroidetes;c__Bacteroidia;o__Bacteroidales;f__Bacteroidaceae;g__Bacteroides;s__Bacteroides_stercoris	0.0039748488463	-0.00169013271824	-0.0746307132219	-0.0723276876697	1.0	-0.0382691577356	-0.0922474141498	-0.0617172621564	-0.0534207426279	-0.0693712689913	-0.0357390260502	0.0431274657854	0.0537856418979	0.018724190445	-0.00563733677198	-0.0616481707957	0.00567106535188	-0.0253384923946	-0.13234858986	-0.00136400022618	-0.0878898500535	0.0836349215052	-0.0282378401776	0.037406469298	0.0268719534009	-0.0220847640357	3.20827191964e-06	-0.0901437504003	-0.0310121002623	0.016359440139	0.0252856245448	-0.0283500725952	-0.0509575567357	-0.0735463601229	-0.00553530306949	0.0153133208393	0.0024254458695	0.0428017467655	0.0612228841689	-0.0530249249451	0.019888824914	-0.000345906561896	0.0138766247257	0.0623922224298	-0.0847492216771	-0.0373776691532	-0.0608861212734	0.0464895471788	-0.0347726096134	-0.0196989347223	0.0366867802652	0.0034139765003	-0.0431840601652	-0.0622122305138	-0.0355835241501	-0.0723505339732	0.0168476707686	0.0318232737288	-0.00768982005423
k__Bacteria;p__Bacteroidetes;c__Bacteroidia;o__Bacteroidales;f__Bacteroidaceae;g__Bacteroides;s__Bacteroides_ovatus	-0.0397436403057	0.0193856967573	0.0953733102953	-0.0809077580815	-0.0382691577356	1.0	0.0170797785264	0.00552892122909	0.0205287494441	0.0148012497845	-0.0515364143458	0.0265729828983	0.0387475449273	-0.0670692197416	0.0809065356611	-0.0293654317615	0.00666772276474	-0.0320332215161	-0.0294914949232	-0.00170435928053	-0.0220725844781	-0.0545785330989	-0.0105909059315	-0.0675576597938	0.0976939467124	-0.109105902941	-0.05691667706	-0.0148106266748	-0.000404683233167	0.00986941543898	-0.0284303707361	0.0485285324973	-0.0147741415955	-0.025108762506	-0.077423959176	-0.0350777888706	0.0213630961943	0.012638581472	0.0318382028857	-0.0537746309072	-0.00390085909651	-0.0147139250955	0.0187296797732	-0.0247657577481	-0.0437850482579	-0.0777304799807	-0.081868288046	0.0252016543322	-0.0642849642225	0.0107133721169	0.00738160665127	-0.192296109863	-0.00233463777647	-0.0103850428728	0.0198898990088	-0.151301277836	0.0149507834123	0.0217706554689	-0.0502730302997
k__Bacteria;p__Bacteroidetes;c__Bacteroidia;o__Bacteroidales;f__Rikenellaceae;g__Alistipes;s__Alistipes_shahii	-0.00898514221717	-0.0291360028001	-0.0065918076048	-0.0561276092052	-0.0922474141498	0.0170797785264	1.0	0.0175915274866	-0.116720970958	0.0496589071473	0.03744401202	-0.00102420914456	-0.0218535121041	-0.0461557241733	0.0224107102229	-0.0305039882871	-0.0394449456774	0.0127575707733	0.0616937327193	-0.0273701808562	0.0275399135315	-0.0251875339413	-0.0932827170836	0.0300884247423	-0.00230354362907	0.0283865188122	-0.05537759381	0.00842595937103	-0.0246829823585	0.0340808875991	0.0835210658448	-0.0332808284914	-0.119952906435	-0.0337167269237	0.061648920382	-0.0657712475261	-0.0123493231486	0.00932770670144	0.0791287427557	0.0174799086536	0.0343049800139	0.0248460553217	-0.0280115926618	-0.016498314201	-0.0121192464576	0.00594739478082	0.0137515575858	0.00422372867809	-0.0806679342887	-0.0653252694124	0.0710720981803	-0.0467260573925	0.000295576744108	-0.0566059740349	-0.0512469695094	0.0412816618639	0.0755863050865	0.0573934608049	-0.0618653613491
k__Bacteria;p__Firmicutes;c__Clostridia;o__Clostridiales;f__Ruminococcaceae;g__Faecalibacterium;s__Faecalibacterium_prausnitzii	-0.0572168819046	-0.0040318515233	-0.00739430656976	-0.0487476932105	-0.0617172621564	0.00552892122909	0.0175915274866	1.0	0.00271015192652	-0.0991419070926	-0.0232309852674	-0.0357589096065	0.0376883720408	-0.0146755255678	-0.0314757886233	0.0102925677596	-0.078048851321	-0.0380071703215	-0.00447540814449	-0.0293534757384	0.0167030235078	-0.0418543452564	0.0919101737319	-0.0297378574345	0.0293518959201	0.0213829249129	-0.037048268968	-0.0285024128989	-0.0115313421711	-0.00175015381372	0.00258626393941	-0.0268355693915	-0.0445968809391	0.0398680908716	-0.0077960410562	-0.0652538133665	0.0138162461754	-0.00589247179704	-0.0519999430471	0.000134158631233	-0.0833864370966	0.0933192119741	-0.106374259622	-0.0716021691284	0.0329120895637	-0.102789478675	-0.0145386242084	-0.0779571266794	-0.00542477376565	0.045713789114	-0.0182937682701	0.0101733702885	-0.0442766625749	0.0823999395345	0.0625273847416	0.0700858011565	0.00408271261558	-0.00309203795206	-0.122461415846
k__Bacteria;p__Bacteroidetes;c__Bacteroidia;o__Bacteroidales;f__Rikenellaceae;g__Alistipes;s__Alistipes_finegoldii	-0.0397145032848	-0.0787529158545	-0.0327384625071	-0.0364991265339	-0.0534207426279	0.0205287494441	-0.116720970958	0.00271015192652	1.0	0.0531899994645	-0.0301926045347	-0.0453437411955	-0.153805428936	0.000135538803847	0.0664558621815	-0.037910011858	0.0146269611806	-0.0420761033742	-0.0890136153555	-0.0435901872344	0.0577229985811	-0.0693239903292	-0.0822587027334	-0.00527295337393	0.0502254785412	0.0277287810103	-0.0169793632595	-0.026677893094	-0.0652147612841	-0.0276767608901	-0.0275645316443	0.0283242727214	-0.0363398377703	-0.0219989867319	0.0734140936004	0.0487043957579	-0.0404581883529	-0.0532665326545	-0.0611506684417	0.014211584869	-0.0933289300669	-0.00654668317384	0.0683437513656	-0.0174426706526	0.0756373701843	-0.0928962383636	-0.0201902953202	-0.0604458181713	-0.0083228311056	0.0530932931388	0.0331840484538	0.00734658788082	-0.0325300353916	-0.0685315629858	-0.014348474738	-0.0857623534904	-0.00823208779654	-0.0308630313652	-0.0252800403445
k__Bacteria;p__Bacteroidetes;c__Bacteroidia;o__Bacteroidales;f__Porphyromonadaceae;g__Parabacteroides;s__Parabacteroides_distasonis	-0.0238980749842	-0.0538166908324	0.00815275547853	-0.113137583242	-0.0693712689913	0.0148012497845	0.0496589071473	-0.0991419070926	0.0531899994645	1.0	-0.037156958859	0.0468370806939	0.0224093617552	-0.014268869745	0.0596519247392	0.0212939492396	-0.0355907779863	-0.0299227221552	-0.0189737209899	0.0303078432926	-0.060620931404	-0.0670879973865	-0.00908038529584	0.0594865938389	0.0189100344044	-0.0247911120129	0.0555639397614	-0.0391190417052	-0.0254781587533	-0.0126347056274	-0.00144116969394	0.0286659789206	-0.0194742682592	-0.0282344856832	-0.0630497367106	-0.0348794428205	0.0317663121344	-0.0813378700567	-0.0159728131844	0.0358859417891	0.00172225542288	-0.0184297798155	-0.0168042509268	0.0238572922914	-0.0529012760743	-0.0824467413958	0.0500741143949	-0.0189224081355	0.0562630851621	0.0383005965006	0.0638372022881	0.0279702790504	-0.0249142718848	-0.128746465	-0.0476041801556	0.0851086936694	-0.0156217894748	0.0539306615202	-0.000821924200095
k__Bacteria;p__Bacteroidetes;c__Bacteroidia;o__Bacteroidales;f__Bacteroidaceae;g__Bacteroides;s__Bacteroides_thetaiotaomicron	-0.0426361178951	-0.144327938601	-0.0380982998134	0.000319665233524	-0.0357390260502	-0.0515364143458	0.03744401202	-0.0232309852674	-0.0301926045347	-0.037156958859	1.0	0.0257684325087	0.0848424061252	-0.00051319419305	-0.0198308201367	-0.0103952302781	-0.0173094043577	0.00900018085789	-0.0949690301313	-0.035140982861	0.014669726372	0.0382024731729	-0.0357998091757	0.0700520758835	-0.0292244121762	-0.0783039938462	-0.0574650908918	-0.0913041715818	-0.0645597996848	-0.0246365181744	0.00697328042922	-0.048586487052	-0.0264382527981	-0.0219951570767	-0.0408728394829	-0.0523263449487	-0.0673309701392	-0.0130562563311	0.0123711221623	-0.0282347918007	-0.0797135441583	0.00793942107715	-0.0581482924736	-0.0116975922192	-0.0756311476667	-0.0409690174758	0.0499365020633	0.0254872943427	-0.0157996856281	0.0194878132452	0.000966473820382	0.0263549962824	0.0240575997478	-0.0144379131228	-0.0413769207934	0.0827353997721	0.0115156200783	-0.023399761943	-0.0419164696268
k__Bacteria;p__Bacteroidetes;c__Bacteroidia;o__Bacteroidales;f__Bacteroidaceae;g__Bacteroides;s__Bacteroides_coprocola	-0.00828238921231	-0.0601814335448	-0.0368596490145	-0.0222757914587	0.0431274657854	0.0265729828983	-0.00102420914456	-0.0357589096065	-0.0453437411955	0.0468370806939	0.0257684325087	1.0	-0.0117423884358	-0.0216716071579	0.0398766922802	0.00132197980543	0.075696850031	-0.0239583683084	-0.0481034984214	-0.00449181156835	-0.0928471117677	0.00166719369847	-0.0391977678034	0.0428576764651	-0.0583208221264	-0.0699059462499	0.103938293478	-0.0431754017158	0.00958242971599	-0.0352798758147	5.89291954789e-05	-0.0231965009696	0.065501023132	0.0264127857691	-0.0767914774327	0.00488045445943	-0.0265851965816	0.00632632488007	-0.0714798142647	0.0139201002739	-0.0321508031737	0.0610488304588	-0.114602556567	-0.0101399960954	0.00804469497514	0.0211941910596	-0.0900560304572	-0.0800880484306	-0.0300967291452	-0.0662457139473	0.0136776411685	-0.0183100709263	-0.0356249297283	-0.106458962597	-0.0709702274572	-0.0546355837527	-0.0258241833341	-0.0843906938538	-0.0840559251775
k__Bacteria;p__Bacteroidetes;c__Bacteroidia;o__Bacteroidales;f__Bacteroidaceae;g__Bacteroides;s__Bacteroides_cellulosilyticus	-0.0333455034056	0.000636650867792	-0.0147927286652	0.0206773486149	0.0537856418979	0.0387475449273	-0.0218535121041	0.0376883720408	-0.153805428936	0.0224093617552	0.0848424061252	-0.0117423884358	1.0	-0.0265176634791	-0.100035982788	0.0191936236783	-0.0655646455345	-0.0146494589111	0.0146994141804	0.035570494142	0.0903460742601	0.0312802267337	-0.0579074297657	-0.0143399023045	0.037671565297	0.0485997611763	-0.00153646436134	0.0845093697065	-0.0351580870015	-0.0671970804765	-0.0522966262532	-0.00195196513659	-0.0523102977895	0.0615839933991	0.0216028607099	0.0187191125706	0.0212948073209	-0.0500256479966	0.0752112963171	-0.00179421001894	-0.00355704922124	0.0206781772193	-0.0182460735492	0.070272163959	-0.0936094758061	0.0645341866797	-0.0374773869436	-0.0336793742473	-0.0550251946748	-0.0176991076675	-0.00580760110153	-0.0179978081665	-0.0113155533742	-0.0385247171607	-0.0463871718936	-0.0514703824136	-0.0854648412738	0.0128917706781	-0.0189248403313
k__Bacteria;p__Bacteroidetes;c__Bacteroidia;o__Bacteroidales;f__Rikenellaceae;g__Alistipes;s__Alistipes_obesi	-0.06115101457	0.0284105993712	-0.0273165700096	-0.0404443020786	0.018724190445	-0.0670692197416	-0.0461557241733	-0.0146755255678	0.000135538803846	-0.014268869745	-0.00051319419305	-0.0216716071579	-0.0265176634791	1.0	0.0412645326749	-0.014041861167	-0.0439100414225	0.032369207732	0.0307477505381	-0.0514574761378	0.0133986672499	-0.048776021214	0.0375274372824	-0.003484797864	-0.0163060758923	-0.0171726457348	0.0267438261377	-0.0761107528701	-0.00511778768414	0.0361178291292	0.0203127791219	-0.00122441308009	-0.058365875554	-0.0181101495922	0.0175110428156	-0.0394885601247	-0.0716444882606	-0.0213691063975	-0.0607243731316	-0.0641262633092	0.015283061236	-0.0341271576018	0.00812697579477	-0.0596313612156	-0.00464338740597	-0.0358934989978	-0.059962877619	-0.0126871124681	0.0144551638669	0.0216651907727	-0.0598717968729	-0.0475189166171	-0.0303562911605	-0.0604011827892	0.109597478719	-0.0078233418605	-0.0263289388817	0.0286548494403	-0.0146581540476
k__Bacteria;p__Firmicutes;c__Clostridia;o__Clostridiales;f__Lachnospiraceae;g__;s__[Eubacterium]_rectale	0.00928194579889	-0.0440067403036	-0.0380754538882	0.00207848519735	-0.00563733677198	0.0809065356611	0.0224107102229	-0.0314757886233	0.0664558621815	0.0596519247392	-0.0198308201367	0.0398766922802	-0.100035982788	0.0412645326749	1.0	0.00680416298751	0.00684729356784	0.0500962620137	0.058487994838	0.0400194916178	0.01696020018	-0.0807900959744	-0.0615166388431	0.02706177412	-0.0272310395251	0.0480375043019	-0.0255639769442	-0.000557716711745	0.0758591949639	0.0425039811048	0.00340325023587	-0.11596072565	-0.0220796067325	-0.0793343957209	0.0653458784095	-0.127223195754	0.0432497096498	-0.0289608653328	0.0185784248274	-0.063704072826	0.0253698708597	-0.026161296486	-0.0372432038974	-0.0585959094317	0.00410347256506	0.0473854045377	-0.00671139393708	0.0385401491966	-0.0570560619658	-0.0600587538497	-0.0315232338945	0.0691550587145	-0.049532646575	0.0202097919442	-0.0501138268169	-0.0243896551771	-0.0999206975495	-0.0364050189992	-0.0876737673072
k__Bacteria;p__Bacteroidetes;c__Bacteroidia;o__Bacteroidales;f__Bacteroidaceae;g__Bacteroides;s__Bacteroides_plebeius	0.0203757268157	0.00322156461451	-0.0546040620236	-0.0293866731058	-0.0616481707957	-0.0293654317615	-0.0305039882871	0.0102925677596	-0.037910011858	0.0212939492396	-0.0103952302781	0.00132197980543	0.0191936236783	-0.014041861167	0.00680416298751	1.0	0.0514857809773	0.0448401294651	-0.0712227601839	-0.108973672485	0.0759476638373	-0.0312058149543	-0.0870403492375	-0.0860879181593	-0.017557543921	-0.037731394955	0.0248970988822	0.08794604658	-0.0447726442083	-0.102579521642	-0.0491172055312	-0.0249854114159	0.0305424216951	0.0953380432633	-0.0842251397342	0.0062282508079	0.0472417961189	-0.0217458168109	-0.0146921383974	0.0367384495416	0.0621561018452	0.0293495014043	-0.0114475108979	0.0321898760793	-0.024524547086	-0.0475203302158	0.0525924915588	-0.00472100021465	-0.0505159050176	-0.0685382731284	-0.0470804013996	0.0158687458821	0.00276852498794	-0.0196485786055	-0.114071830321	-0.00261492830106	-0.062699007332	-0.029347136267	0.000131646861106
k__Bacteria;p__Bacteroidetes;c__Bacteroidia;o__Bacteroidales;f__Bacteroidaceae;g__Bacteroides;s__Bacteroides_fragilis	0.0688891566072	-0.0171116422536	0.0340900467797	-0.0598433861732	0.00567106535188	0.00666772276474	-0.0394449456774	-0.078048851321	0.0146269611806	-0.0355907779863	-0.0173094043577	0.075696850031	-0.0655646455345	-0.0439100414225	0.00684729356784	0.0514857809773	1.0	0.0305525518614	-0.0614522354104	-0.0640428293443	-0.0279833287934	0.0413935151839	-0.0381057240051	-0.011658250835	-0.0237113560482	-0.0938169371959	-0.0399854469846	0.0290947763547	-0.0010943296097	0.0207047215991	-0.00927561635074	-0.00802728573872	0.0757176085578	0.0641178884648	-0.094699442291	0.00236803492249	-0.02852306879	-0.0848941270046	0.0201288031145	0.049929709492	-0.0319702251971	0.0275378600787	-0.0877591132083	-0.0883394499953	0.0138806976075	0.0590319965579	-0.0044456661984	0.00829151626831	0.00513476294215	-0.0216218861226	0.025883333942	-0.00552488193469	-0.0595649067361	0.000969219684631	-0.0303650682322	-0.0206606565277	-0.0435383939799	-0.0287988452568	0.110653143308
k__Bacteria;p__Proteobacteria;c__Betaproteobacteria;o__Burkholderiales;f__Sutterellaceae;g__Sutterella;s__Sutterella_wadsworthensis	-0.0486429816644	-0.0287633779398	-0.0105316064213	0.00868509135734	-0.0253384923946	-0.0320332215161	0.0127575707733	-0.0380071703215	-0.0420761033742	-0.0299227221552	0.00900018085789	-0.0239583683084	-0.0146494589111	0.032369207732	0.0500962620137	0.0448401294651	0.0305525518614	1.0	-0.0248743799847	-0.0190809367016	-0.0169896758954	-0.0711454510597	-0.0989881902894	0.00402977959202	-0.0282889534414	-0.0564514703979	-0.0385103404022	0.0289313648662	0.052523380246	0.0591236048682	-0.0336956182266	-0.0512121216277	0.0251644174507	0.0396644858843	0.0160573406056	-0.0160415842118	0.0327807384259	-0.0424477205237	0.0207854746333	0.00209738670537	-0.0585245777129	0.0189787892843	0.0397225972594	-0.0127404516404	-0.037532261063	-0.035077657644	-0.0555018751815	-0.0433511973114	0.0591420449786	-0.0869000843289	-0.0828639553285	0.0127112298108	0.0252650145723	-0.0366125137034	-0.0327244680994	0.0416329868555	-0.00259725093222	-0.00567709095588	0.0460910373432
k__Bacteria;p__Bacteroidetes;c__Bacteroidia;o__Bacteroidales;f__Porphyromonadaceae;g__Barnesiella;s__Barnesiella_intestinihominis	0.015186595329	0.0120609760709	0.0402523245183	0.00833546052145	-0.13234858986	-0.0294914949232	0.0616937327193	-0.00447540814449	-0.0890136153555	-0.0189737209899	-0.0949690301313	-0.0481034984214	0.0146994141804	0.0307477505381	0.058487994838	-0.0712227601839	-0.0614522354104	-0.0248743799847	1.0	0.0910670584649	-0.0523129057246	-0.0545184460004	0.0365104915529	0.0526435171334	0.0175642593099	0.0566659791247	-0.0444083427793	-0.0717925928853	0.0372603682444	-0.000182276380329	0.00687030668482	-0.0353030782142	0.0176666708687	-0.00915566149542	-0.0977865505697	-0.0600608524904	-0.0459956413943	-0.0157908366709	-0.00788739705601	0.0252836696378	-0.0179708347169	-0.00925795718989	-0.101681192475	0.0161920218968	-0.0653484396646	-0.0482885169016	0.0199685981323	0.00762193127686	-0.008020848633	-0.0512740993515	0.0209256138735	0.0189890066363	0.0530657717796	0.122591606702	-0.0275149466461	-0.0693273822378	0.0192936736012	-0.116745937553	0.0157838558404
k__Bacteria;p__Bacteroidetes;c__Bacteroidia;o__Bacteroidales;f__Odoribacteraceae;g__Odoribacter;s__Odoribacter_splanchnicus	-0.02124411724	-0.00341364345879	-0.0839410063403	0.0838807329719	-0.00136400022618	-0.00170435928053	-0.0273701808562	-0.0293534757384	-0.0435901872344	0.0303078432926	-0.035140982861	-0.00449181156835	0.035570494142	-0.0514574761378	0.0400194916178	-0.108973672485	-0.0640428293443	-0.0190809367016	0.0910670584649	1.0	-0.0611003709095	-0.0220507399065	-0.0510829451627	0.045262229264	-0.00593434418639	-0.0618854179227	-0.0999749172997	0.0147215032232	0.0108684033593	0.0628367201061	-0.0109714966266	-0.00930370738472	-0.102249823003	-0.00960771828336	-0.0412871859114	0.0200538113912	0.0151147604626	0.076939631405	-0.0473091759414	0.00133487935507	-0.00341317246453	0.0409651071743	-0.0027780023049	-0.0759829452315	-0.0561690564779	-0.0136935709373	-0.0604291140864	0.0293999201402	0.0131175640114	-0.0612383494637	0.0549025109729	0.0755352009379	0.0286768038293	0.025517311254	0.0158929817564	0.0115912936374	-0.0183084896399	-0.0432047493064	-0.0238897193286
k__Bacteria;p__Bacteroidetes;c__Bacteroidia;o__Bacteroidales;f__Bacteroidaceae;g__Bacteroides;s__Bacteroides_salyersiae	0.0138685344233	-0.0388592706132	-0.0256366309756	0.0505846509144	-0.0878898500535	-0.0220725844781	0.0275399135315	0.0167030235078	0.0577229985811	-0.060620931404	0.014669726372	-0.0928471117677	0.0903460742601	0.0133986672499	0.01696020018	0.0759476638373	-0.0279833287934	-0.0169896758954	-0.0523129057246	-0.0611003709095	1.0	0.0123639261016	-0.13362352334	-0.0489846443745	0.0131660739511	0.0188872680937	0.0467312459897	0.0561093180053	-0.0775800162106	-0.0862038502161	0.0657685722386	0.00772253132992	-0.0533574725148	-0.0299538529808	-0.0398755657063	-0.0270347481513	-0.0143371853315	-0.042347344947	-0.0521307104953	-0.101060545515	-0.0438938294358	-0.0395037121456	0.0561069165858	0.0224955740733	-0.0121004151469	-0.00597938225302	0.020310350391	-0.0144488558188	-0.0212065755213	-0.010210144552	-0.0122138743471	-0.0199012568693	0.00779461771676	0.0160435376565	-0.0257125337236	0.0352513297357	0.0426742331134	0.021806678428	9.32467202572e-06
k__Bacteria;p__Firmicutes;c__Clostridia;o__Clostridiales;f__Ruminococcaceae;g__Ruminiclostridium;s__[Eubacterium]_siraeum	-0.00727159876094	0.0206927234161	0.0264278771345	0.0170246693814	0.0836349215052	-0.0545785330989	-0.0251875339413	-0.0418543452564	-0.0693239903292	-0.0670879973865	0.0382024731729	0.00166719369847	0.0312802267337	-0.048776021214	-0.0807900959744	-0.0312058149543	0.0413935151839	-0.0711454510597	-0.0545184460004	-0.0220507399065	0.0123639261016	1.0	-0.0153995319122	-0.0578261865283	-0.00997272475079	-0.0851314423882	-0.0175746298263	0.00940345390309	-0.0246776696711	-0.0278071981738	0.0117389742654	-0.00905951939985	-0.000917360501146	-0.0396781595985	-0.017733760811	-0.0391754205489	-0.0538611561274	0.0678701225338	-0.00588699469012	-0.033111749121	-0.0943970633388	0.0389700653486	-0.0540841737637	-0.0291388706182	-0.041900424135	0.011735052354	0.0311033706135	0.0766445119523	-0.0348822996253	0.0655863951289	-0.10296114504	0.0155792598634	-0.0768428454608	-0.0389834838385	0.0288825168859	0.0517764941087	-0.0111181691095	0.0139541216321	0.00613803427739
k__Bacteria;p__Proteobacteria;c__Betaproteobacteria;o__Burkholderiales;f__Sutterellaceae;g__Parasutterella;s__Parasutterella_excrementihominis	-0.0239139393303	-0.00737859071168	-0.033642524534	0.0206515891233	-0.0282378401776	-0.0105909059315	-0.0932827170836	0.0919101737319	-0.0822587027334	-0.00908038529584	-0.0357998091757	-0.0391977678034	-0.0579074297657	0.0375274372824	-0.0615166388431	-0.0870403492375	-0.0381057240051	-0.0989881902894	0.0365104915529	-0.0510829451627	-0.13362352334	-0.0153995319122	1.0	0.0187726138446	0.0150761335813	-0.00812537956104	-0.0529108513949	-0.0514550588317	0.00684630908455	0.0194369730785	-0.0159457659132	-0.038330692583	0.00781335083073	-0.0166404199246	0.0254330996009	-0.0350529466335	0.0392163700596	-0.0106402719523	-0.010478617533	0.0592829163221	0.0423200969736	0.0701293076001	0.0482663816113	-0.0252423378017	-0.0467373954345	-0.0395399988171	-0.00120670077386	-0.0133979886499	0.0160349682873	-0.0162516576451	-0.0230729267635	-0.0166323163485	-0.0123786860692	0.0291289770914	-0.0374519533864	0.0131435121551	0.0386182113983	0.057525360076	-0.0293123909955
k__Bacteria;p__Actinobacteria;c__Actinobacteria;o__Bifidobacteriales;f__Bifidobacteriaceae;g__Bifidobacterium;s__Bifidobacterium_adolescentis	-0.00867454339601	-0.0205258359922	0.016167333675	-0.0239653768393	0.037406469298	-0.0675576597938	0.0300884247423	-0.0297378574345	-0.00527295337393	0.0594865938389	0.0700520758835	0.0428576764651	-0.0143399023045	-0.003484797864	0.02706177412	-0.0860879181593	-0.011658250835	0.00402977959202	0.0526435171334	0.045262229264	-0.0489846443745	-0.0578261865283	0.0187726138446	1.0	-0.0149113203398	0.0115352706965	-0.0617583315453	-0.00584350095221	0.057657110732	0.00185186932483	-0.0736594209837	0.0325428215087	-0.0215929007958	-0.0318812963527	0.00263831692173	0.0915299481925	0.0714831905413	-0.00159122953615	-0.0278045625835	-0.0505739620265	-0.0429423315493	-0.0328986752061	0.0704189845139	0.00352380489534	-0.0967004665537	-0.016798230622	-0.0379875386576	-0.054117103927	0.0579644572788	0.0681140167975	-0.0216966179143	-0.0368043092757	0.089352105559	-0.00830029490647	-0.0522156617677	-0.0300323896183	-0.00992152844825	-0.078808488288	-0.0149797430408
k__Bacteria;p__Firmicutes;c__Clostridia;o__Clostridiales;f__Oscillospiraceae;g__Oscillibacter;s__Oscillibacter_sp._KLE_1745	-0.0170487254202	0.0344950808777	-0.0752371672751	0.0692471974929	0.0268719534009	0.0976939467124	-0.00230354362907	0.0293518959201	0.0502254785412	0.0189100344044	-0.0292244121762	-0.0583208221264	0.037671565297	-0.0163060758923	-0.0272310395251	-0.017557543921	-0.0237113560482	-0.0282889534414	0.0175642593099	-0.00593434418639	0.0131660739511	-0.00997272475079	0.0150761335813	-0.0149113203398	1.0	-0.0710764436722	-0.0899476761984	0.000430039403436	0.0307324688437	-0.0445772880114	-0.0452129531099	-0.00977190587952	-0.0617954134771	0.00854251227453	0.0895881890457	0.0272119988931	-0.0287279989327	-0.0797707056835	-0.0208668180698	-0.012329838107	-0.0706287420087	-0.0380462523607	0.0171902550677	0.0649287781674	0.0551415742121	0.0173403950046	0.00655463458631	-0.0299916788836	0.0331152733443	-0.0254270788806	-0.0592535030296	-0.0203085109433	-0.0202578355187	-0.0488342547068	-0.00372563449854	-0.0187909951829	0.0189169370111	-0.00905792173263	0.0889209450524
k__Bacteria;p__Bacteroidetes;c__Bacteroidia;o__Bacteroidales;f__Bacteroidaceae;g__Bacteroides;s__Bacteroides_coprophilus	-0.0438884646364	0.0405202641015	-0.0587946519515	-0.0596209365965	-0.0220847640357	-0.109105902941	0.0283865188122	0.0213829249129	0.0277287810103	-0.0247911120129	-0.0783039938462	-0.0699059462499	0.0485997611763	-0.0171726457348	0.0480375043019	-0.037731394955	-0.0938169371959	-0.0564514703979	0.0566659791247	-0.0618854179227	0.0188872680937	-0.0851314423882	-0.00812537956104	0.0115352706965	-0.0710764436722	1.0	-0.0721376266811	0.082047380634	0.00807872459017	-0.0743717030673	0.10263732195	-0.0711093094873	0.00446943588178	-0.0125550249786	-0.0107643380287	0.0529724340934	-0.0446692430121	0.069379885065	-0.0617460035269	-0.0385325828071	-0.0105659291822	-0.00839858423202	-0.0205149426862	-0.0308000148262	-0.0514513495515	-0.00535923846418	-0.0101258361804	-0.0679432189286	-0.0813853177885	-0.00403017523152	0.00636317581469	-0.00763775002918	-0.0300402874464	0.0164519370876	-0.0264046970029	-0.0225213578617	-0.034964017804	-0.0393556732566	0.0139001817054
k__Bacteria;p__Firmicutes;c__Clostridia;o__Clostridiales;f__Lachnospiraceae;g__Roseburia;s__Roseburia_intestinalis	-0.0293911477534	0.0873600102643	-0.0197774841871	0.000103942613496	3.20827191964e-06	-0.05691667706	-0.05537759381	-0.037048268968	-0.0169793632595	0.0555639397614	-0.0574650908918	0.103938293478	-0.00153646436134	0.0267438261377	-0.0255639769442	0.0248970988822	-0.0399854469846	-0.0385103404022	-0.0444083427793	-0.0999749172997	0.0467312459897	-0.0175746298263	-0.0529108513949	-0.0617583315453	-0.0899476761984	-0.0721376266811	1.0	-0.062792028198	-0.0335487774833	-0.0873187921682	0.00385621941642	0.0160323917654	0.0228448033522	0.00104043065628	0.0154910368027	0.0275464438913	0.00132231689012	0.0360497234869	0.0611408298011	0.00166406838956	0.0412464831856	0.00534097093255	0.0296033142556	0.0632108880307	0.0202857661202	-0.0205062169914	0.010251397961	0.0216204687229	0.0199386858206	-0.0557123487083	-0.116061859232	-0.0139840053016	0.0583426480309	-0.0409597254129	0.0309018304577	-0.090831152612	-0.0192350857193	-0.0188445687209	-0.0365457530664
k__Bacteria;p__Firmicutes;c__Clostridia;o__Clostridiales;f__Lachnospiraceae;g__Roseburia;s__Roseburia_hominis	0.0220645385484	0.000150591828707	-0.0133414929249	0.0818609736032	-0.0901437504003	-0.0148106266748	0.00842595937103	-0.0285024128989	-0.026677893094	-0.0391190417052	-0.0913041715818	-0.0431754017158	0.0845093697065	-0.0761107528701	-0.000557716711745	0.08794604658	0.0290947763547	0.0289313648662	-0.0717925928853	0.0147215032232	0.0561093180053	0.00940345390309	-0.0514550588317	-0.00584350095221	0.000430039403436	0.082047380634	-0.062792028198	1.0	-0.0572713352586	-0.0611339169855	0.040001715771	0.00613024883692	0.0429728304441	-0.0180709589922	-0.0253475010412	0.0589879780638	-0.0101661632812	-0.0355135000855	0.034171037867	0.0182100060598	-0.0221621355438	0.00333806190164	-0.0188440820507	-0.0188924192412	0.0572346578495	-0.00627337895382	-0.0802896595819	0.0160896260354	-0.0459294354594	-0.0463274633169	-0.0579388155456	-0.0772591472858	0.0834332086085	-0.0393229408162	-0.0289394853021	0.00112451866122	0.00554773909352	-0.0491120064044	0.0359921769393
k__Bacteria;p__Bacteroidetes;c__Bacteroidia;o__Bacteroidales;f__Porphyromonadaceae;g__Parabacteroides;s__Parabacteroides_johnsonii	0.0263500084731	-0.0130924196725	0.00244481276636	-0.0712881241385	-0.0310121002623	-0.000404683233167	-0.0246829823585	-0.0115313421711	-0.0652147612841	-0.0254781587533	-0.0645597996848	0.00958242971599	-0.0351580870015	-0.00511778768414	0.0758591949639	-0.0447726442083	-0.0010943296097	0.052523380246	0.0372603682444	0.0108684033593	-0.0775800162106	-0.0246776696711	0.00684630908455	0.057657110732	0.0307324688437	0.00807872459017	-0.0335487774833	-0.0572713352586	1.0	-0.0673442445038	-0.0310415803558	-0.0469446084822	-0.0677138491963	0.0297297336296	0.0495606337551	0.0443058040328	-0.0387123661108	0.0215775027912	-0.0417545410243	-0.00841917130805	-0.0153144322493	-0.0141359072061	0.0698973861608	-0.117544730944	-0.0962351672261	-0.0213220351418	-0.0100483824213	0.0159462250151	0.00737928862025	0.071202651701	-0.0485384648535	-0.0336590270372	-0.0554803846474	-0.0055114315635	-0.0124090016656	-0.0609548663052	-0.0164717857379	0.0380231441054	0.00780950279667
k__Bacteria;p__Actinobacteria;c__Actinobacteria;o__Bifidobacteriales;f__Bifidobacteriaceae;g__Bifidobacterium;s__Bifidobacterium_longum	-0.0632068427254	0.00230597172415	0.0250355278891	0.00162809628305	0.016359440139	0.00986941543898	0.0340808875991	-0.00175015381372	-0.0276767608901	-0.0126347056274	-0.0246365181744	-0.0352798758147	-0.0671970804765	0.0361178291292	0.0425039811048	-0.102579521642	0.0207047215991	0.0591236048682	-0.000182276380329	0.0628367201061	-0.0862038502161	-0.0278071981738	0.0194369730785	0.00185186932483	-0.0445772880114	-0.0743717030673	-0.0873187921682	-0.0611339169855	-0.0673442445038	1.0	0.0554761802444	0.072483040261	-0.0175788935084	0.0195301357467	-0.0374557490645	0.0295364518985	-0.0191024492529	0.0385487459841	-0.00999574043247	-0.0527316106382	0.0388370321874	0.0122634447404	0.0301758366967	-0.0649519559734	-0.0485887726925	-0.0126708462874	0.0151673295061	-0.0619619121735	-0.0370681582369	-0.0102298588203	0.0108072068824	-0.0023591114472	0.0197994225211	0.0203164496469	-0.041952153456	-0.0369057051652	0.0183090380935	0.035968755291	-0.0798230219865
