#taxonomy	k__Bacteria;p__Bacteroidetes;c__Bacteroidia;o__Bacteroidales;f__Bacteroidaceae;g__Bacteroides;s__Bacteroides_vulgatus	k__Bacteria;p__Bacteroidetes;c__Bacteroidia;o__Bacteroidales;f__Bacteroidaceae;g__Bacteroides;s__Bacteroides_uniformis	k__Bacteria;p__Bacteroidetes;c__Bacteroidia;o__Bacteroidales;f__Rikenellaceae;g__Alistipes;s__Alistipes_putredinis	k__Bacteria;p__Bacteroidetes;c__Bacteroidia;o__Bacteroidales;f__Prevotellaceae;g__Prevotella;s__Prevotella_copri	k__Bacteria;p__Bacteroidetes;c__Bacteroidia;o__Bacteroidales;f__Bacteroidaceae;g__Bacteroides;s__Bacteroides_stercoris	k__Bacteria;p__Bacteroidetes;c__Bacteroidia;o__Bacteroidales;f__Bacteroidaceae;g__Bacteroides;s__Bacteroides_ovatus	k__Bacteria;p__Bacteroidetes;c__Bacteroidia;o__Bacteroidales;f__Rikenellaceae;g__Alistipes;s__Alistipes_shahii	k__Bacteria;p__Firmicutes;c__Clostridia;o__Clostridiales;f__Ruminococcaceae;g__Faecalibacterium;s__Faecalibacterium_prausnitzii	k__Bacteria;p__Bacteroidetes;c__Bacteroidia;o__Bacteroidales;f__Rikenellaceae;g__Alistipes;s__Alistipes_finegoldii	k__Bacteria;p__Bacteroidetes;c__Bacteroidia;o__Bacteroidales;f__Porphyromonadaceae;g__Parabacteroides;s__Parabacteroides_distasonis	k__Bacteria;p__Bacteroidetes;c__Bacteroidia;o__Bacteroidales;f__Bacteroidaceae;g__Bacteroides;s__Bacteroides_thetaiotaomicron	k__Bacteria;p__Bacteroidetes;c__Bacteroidia;o__Bacteroidales;f__Bacteroidaceae;g__Bacteroides;s__Bacteroides_coprocola	k__Bacteria;p__Bacteroidetes;c__Bacteroidia;o__Bacteroidales;f__Bacteroidaceae;g__Bacteroides;s__Bacteroides_cellulosilyticus	k__Bacteria;p__Bacteroidetes;c__Bacteroidia;o__Bacteroidales;f__Rikenellaceae;g__Alistipes;s__Alistipes_obesi	k__Bacteria;p__Firmicutes;c__Clostridia;o__Clostridiales;f__Lachnospiraceae;g__;s__[Eubacterium]_rectale	k__Bacteria;p__Bacteroidetes;c__Bacteroidia;o__Bacteroidales;f__Bacteroidaceae;g__Bacteroides;s__Bacteroides_plebeius	k__Bacteria;p__Bacteroidetes;c__Bacteroidia;o__Bacteroidales;f__Bacteroidaceae;g__Bacteroides;s__Bacteroides_fragilis	k__Bacteria;p__Proteobacteria;c__Betaproteobacteria;o__Burkholderiales;f__Sutterellaceae;g__Sutterella;s__Sutterella_wadsworthensis	k__Bacteria;p__Bacteroidetes;c__Bacteroidia;o__Bacteroidales;f__Porphyromonadaceae;g__Barnesiella;s__Barnesiella_intestinihominis	k__Bacteria;p__Bacteroidetes;c__Bacteroidia;o__Bacteroidales;f__Odoribacteraceae;g__Odoribacter;s__Odoribacter_splanchnicus	k__Bacteria;p__Bacteroidetes;c__Bacteroidia;o__Bacteroidales;f__Bacteroidaceae;g__Bacteroides;s__Bacteroides_salyersiae	k__Bacteria;p__Firmicutes;c__Clostridia;o__Clostridiales;f__Ruminococcaceae;g__Ruminiclostridium;s__[Eubacterium]_siraeum	k__Bacteria;p__Proteobacteria;c__Betaproteobacteria;o__Burkholderiales;f__Sutterellaceae;g__Parasutterella;s__Parasutterella_excrementihominis	k__Bacteria;p__Actinobacteria;c__Actinobacteria;o__Bifidobacteriales;f__Bifidobacteriaceae;g__Bifidobacterium;s__Bifidobacterium_adolescentis	k__Bacteria;p__Firmicutes;c__Clostridia;o__Clostridiales;f__Oscillospiraceae;g__Oscillibacter;s__Oscillibacter_sp._KLE_1745	k__Bacteria;p__Bacteroidetes;c__Bacteroidia;o__Bacteroidales;f__Bacteroidaceae;g__Bacteroides;s__Bacteroides_coprophilus	k__Bacteria;p__Firmicutes;c__Clostridia;o__Clostridiales;f__Lachnospiraceae;g__Roseburia;s__Roseburia_intestinalis	k__Bacteria;p__Firmicutes;c__Clostridia;o__Clostridiales;f__Lachnospiraceae;g__Roseburia;s__Roseburia_hominis	k__Bacteria;p__Bacteroidetes;c__Bacteroidia;o__Bacteroidales;f__Porphyromonadaceae;g__Parabacteroides;s__Parabacteroides_johnsonii	k__Bacteria;p__Actinobacteria;c__Actinobacteria;o__Bifidobacteriales;f__Bifidobacteriaceae;g__Bifidobacterium;s__Bifidobacterium_longum	k__Bacteria;p__Firmicutes;c__Clostridia;o__Clostridiales;f__;g__Flavonifractor;s__Flavonifractor_plautii	k__Bacteria;p__Firmicutes;c__Clostridia;o__Clostridiales;f__Clostridiaceae;g__Clostridium;s__Clostridium_phoceensis	k__Bacteria;p__Verrucomicrobia;c__Verrucomicrobiae;o__Verrucomicrobiales;f__Akkermansiaceae;g__Akkermansia;s__Akkermansia_muciniphila	k__Bacteria;p__Bacteroidetes;c__Bacteroidia;o__Bacteroidales;f__Prevotellaceae;g__Paraprevotella;s__Paraprevotella_xylaniphila	k__Bacteria;p__Firmicutes;c__Clostridia;o__Clostridiales;f__Ruminococcaceae;g__Ruminococcus;s__Ruminococcus_callidus	k__Bacteria;p__Bacteroidetes;c__Bacteroidia;o__Bacteroidales;f__Rikenellaceae;g__Alistipes;s__Alistipes_senegalensis	k__Bacteria;p__Firmicutes;c__Clostridia;o__Clostridiales;f__Lachnospiraceae;g__Blautia;s__Blautia_sp._KLE_1732	k__Bacteria;p__Bacteroidetes;c__Bacteroidia;o__Bacteroidales;f__Bacteroidaceae;g__Bacteroides;s__Bacteroides_oleiciplenus	k__Bacteria;p__Firmicutes;c__Clostridia;o__Clostridiales;f__Ruminococcaceae;g__Ruminococcus;s__Ruminococcus_bicirculans	k__Bacteria;p__Bacteroidetes;c__Bacteroidia;o__Bacteroidales;f__Bacteroidaceae;g__Bacteroides;s__Bacteroides_fluxus	k__Bacteria;p__Bacteroidetes;c__Bacteroidia;o__Bacteroidales;f__Prevotellaceae;g__Prevotella;s__Prevotella_stercorea	k__Bacteria;p__Firmicutes;c__Clostridia;o__Clostridiales;f__Lachnospiraceae;g__Dorea;s__Dorea_longicatena	k__Bacteria;p__Firmicutes;c__Clostridia;o__Clostridiales;f__Eubacteriaceae;g__Eubacterium;s__[Eubacterium]_eligens	k__Bacteria;p__Firmicutes;c__Clostridia;o__Clostridiales;f__Ruminococcaceae;g__;s__Ruminococcaceae_bacterium_D16	k__Bacteria;p__Firmicutes;c__Clostridia;o__Clostridiales;f__Lachnospiraceae;g__Coprococcus;s__Coprococcus_comes	k__Bacteria;p__Proteobacteria;c__Gammaproteobacteria;o__Enterobacterales;f__Enterobacteriaceae;g__Escherichia;s__Escherichia_coli	k__Bacteria;p__Firmicutes;c__Clostridia;o__Clostridiales;f__Ruminococcaceae;g__Anaerotruncus;s__Anaerotruncus_colihominis	k__Bacteria;p__Firmicutes;c__Clostridia;o__Clostridiales;f__Lachnospiraceae;g__Blautia;s__Blautia_obeum	k__Bacteria;p__Bacteroidetes;c__Bacteroidia;o__Bacteroidales;f__Odoribacteraceae;g__Odoribacter;s__Odoribacter_laneus	k__Bacteria;p__Firmicutes;c__Clostridia;o__Clostridiales;f__Ruminococcaceae;g__Ruminiclostridium;s__[Clostridium]_leptum	k__Bacteria;p__Bacteroidetes;c__Bacteroidia;o__Bacteroidales;f__Porphyromonadaceae;g__Parabacteroides;s__Parabacteroides_goldsteinii	k__Bacteria;p__Firmicutes;c__Clostridia;o__Clostridiales;f__Lachnospiraceae;g__Anaerostipes;s__Anaerostipes_hadrus	k__Bacteria;p__Firmicutes;c__Clostridia;o__Clostridiales;f__Ruminococcaceae;g__Ruminococcus;s__Ruminococcus_lactaris	k__Bacteria;p__Firmicutes;c__Clostridia;o__Clostridiales;f__Clostridiaceae;g__Clostridium;s__Clostridium_sp._L2-50	k__Bacteria;p__Firmicutes;c__Clostridia;o__Clostridiales;f__Clostridiaceae;g__Clostridium;s__Clostridium_sp._M62/1	k__Bacteria;p__Firmicutes;c__Clostridia;o__Clostridiales;f__;g__Intestinimonas;s__Intestinimonas_butyriciproducens	k__Bacteria;p__Actinobacteria;c__Actinobacteria;o__Bifidobacteriales;f__Bifidobacteriaceae;g__Bifidobacterium;s__Bifidobacterium_bifidum	k__Bacteria;p__Firmicutes;c__Negativicutes;o__Veillonellales;f__Veillonellaceae;g__Dialister;s__Dialister_invisus	k__Bacteria;p__Bacteroidetes;c__Bacteroidia;o__Bacteroidales;f__Bacteroidaceae;g__Bacteroides;s__Bacteroides_salanitronis
k__Bacteria;p__Bacteroidetes;c__Bacteroidia;o__Bacteroidales;f__Bacteroidaceae;g__Bacteroides;s__Bacteroides_vulgatus	1.0	-0.0200982942752	-0.0756195772485	-0.0253091494927	0.0554928215609	0.0243940368722	0.00672526464645	-0.0521743153016	-0.016812058047	-0.0470156795004	0.0287494211298	-0.0418791701601	-0.0215448366866	0.042394342456	0.029849751228	0.0335405005615	0.0331745852616	0.0357638620995	-0.0689207370581	-0.0159877152503	0.03502596819	-0.0328596041082	-0.0207276394042	-0.0306459517732	0.0495139144452	-0.0484696835461	-0.0433588465739	0.0233104934124	-0.082281243691	-0.0135655412826	-0.0959038685874	0.0994205471411	-0.00923040102829	-0.0617121461223	0.0018455363713	-0.0217234492218	0.0648589215296	-0.000960171196312	-0.0177767840883	-0.0022221615993	-0.102429518432	0.00198507078839	0.00685268650701	0.00903117108852	-0.00364745844345	0.0217353132027	0.0319261301277	-0.0468330525031	-0.0423822522249	-0.0194069839525	0.015181669166	-0.0623732290302	-0.0349634807022	0.0314745062313	-0.0559105820983	0.00811887358777	0.00113790947756	-0.0803105296243	-0.0427576903895
k__Bacteria;p__Bacteroidetes;c__Bacteroidia;o__Bacteroidales;f__Bacteroidaceae;g__Bacteroides;s__Bacteroides_uniformis	-0.0200982942752	1.0	-0.024339659583	0.0175549041495	-0.101349735771	-0.0685212783179	0.00139802637781	-0.073012756259	-0.0203910180707	0.0576561818352	-0.0694453569479	-0.0599419843966	-0.0316579928591	0.0657030568049	-0.0205483147043	-0.0229271029907	0.0906459871039	-0.00990573838966	-0.0411553244276	0.0211833055216	-0.0167253156693	0.0800844051256	0.01742736556	-0.0703168917428	0.049524478647	0.0142188721567	-0.0361362523993	-0.0978148877225	-0.00327651818453	-0.00538048372233	-0.0238558317346	-0.0233535315589	0.00109379388615	0.0106642880229	-0.00954731155321	-0.035134996123	0.0214820463637	-0.0402419128751	-0.0754193410887	-0.023235816441	-0.076648106193	-0.0210571108466	0.0239228740376	0.0214066096827	-0.0144653555687	-0.0517224510214	0.0495889116527	-0.00112638302913	-0.0429855084236	0.0031771060457	0.0572494226019	-0.0418028360334	-0.0116373223416	0.035215523386	-0.0598834124412	-0.0381691356539	0.00725390065334	-0.0334607011844	0.0441280079564
k__Bacteria;p__Bacteroidetes;c__Bacteroidia;o__Bacteroidales;f__Rikenellaceae;g__Alistipes;s__Alistipes_putredinis	-0.0756195772485	-0.024339659583	1.0	-0.0418028227039	-0.0625578822364	0.0343126405905	-0.0351353288412	0.00642892048083	-0.00639579884521	-0.0267050152973	0.0301665251011	0.0566991189988	-0.0704823041686	0.0800231372325	-0.0500066390003	-0.0306954231023	-0.091382882902	0.0623328178231	-0.00458973962968	-0.04327491879	0.0247487068775	-0.0168292178597	0.0328468189816	-0.0992489140112	-0.0521461772572	-0.0453408147334	-0.0824367069857	-0.0028530585627	0.0135750053365	0.00389723015083	0.0251535008635	0.0467627237791	0.0242853080266	-0.0502775415727	-0.0469000542018	-0.0122035406234	-0.0299233371581	-0.0497890673178	-0.0156821895618	0.00340847593245	-0.0537295032302	0.0127649762392	0.0379707614076	-0.0643533971015	-0.0168169471108	-0.0661644571308	-0.014698105864	-0.0352322402248	-0.0401663831475	-0.0322527775145	0.0110879192279	0.0280422716141	-0.0637355878346	-0.0532985575683	-0.00979580024363	-0.0561312495613	0.0238176782459	0.0248997887273	-0.0429105258268
k__Bacteria;p__Bacteroidetes;c__Bacteroidia;o__Bacteroidales;f__Prevotellaceae;g__Prevotella;s__Prevotella_copri	-0.0253091494927	0.0175549041495	-0.0418028227039	1.0	0.034377203345	0.0836106285899	-0.0859795280098	-0.0280930661255	-0.00906179218257	-0.021353161556	-0.0246305432924	-0.0602776415912	-0.00567069831315	-0.00907375029032	0.0603900004525	0.00351677408737	-0.0341006625817	0.0113091332391	0.0221581531585	-0.0520908698077	-0.0146371700704	0.00561996947724	-0.0139331429348	0.0474281361911	-0.0134826567383	-0.0618447805244	-0.0344387915763	0.0138778738732	-0.0632135476362	-0.0181698775466	-0.08718981113	0.0860190799667	0.00995557537394	0.042066451819	-0.0404937248334	-0.059244612446	-0.137436259395	-0.0660536224067	-0.00604856331217	0.00959905541614	-0.0143046997912	-0.00726669659491	-0.0439894261462	-0.0434928379677	-0.00411693792811	-0.049104907551	-0.0526751681126	-0.0506390216051	-0.00772200316307	-0.0701770024527	0.0315248011154	-0.0954788316629	-0.0343253701176	0.000827911828572	-0.0346184139261	0.0770602948092	-0.0227886078586	-0.00624914132226	-0.0227261797961
k__Bacteria;p__Bacteroidetes;c__Bacteroidia;o__Bacteroidales;f__Bacteroidaceae;g__Bacteroides;s__Bacteroides_stercoris	0.0554928215609	-0.101349735771	-0.0625578822364	0.034377203345	1.0	-0.0133229166958	-0.0196243468576	-0.0447624103167	-0.0934840687212	-0.00605985032225	0.00893463196525	0.0307347596105	0.0139908041416	0.00689008143744	0.0224765309898	-0.00730940812628	-0.030835539589	-0.00322135369703	-0.046397161581	-0.0316124098113	-0.0637442075143	0.0334758836008	0.0059285797898	-0.00310924768409	-0.0534988181908	-0.0910203598874	-0.0327059713563	0.0274468254681	0.00884405957164	-0.0801245063261	-0.00865357351253	-0.000660581258445	-0.0796824981537	-0.0257410635767	0.0425706937151	0.0312262954024	0.0153537228136	-0.0103073158135	-0.0603718191749	-0.0395564559838	-0.0118711641504	-0.065382104142	-0.0216573389762	-0.0456099252462	0.0133026460151	-0.111989814941	-0.0953844514716	-0.0422669643426	-0.0105942005676	0.00903011118461	0.0140271927294	0.0433653624472	0.004998434547	-0.0941059130292	0.0554598704871	0.0643981661113	-0.0105329382951	0.00171944050996	-0.00877860346339
k__Bacteria;p__Bacteroidetes;c__Bacteroidia;o__Bacteroidales;f__Bacteroidaceae;g__Bacteroides;s__Bacteroides_ovatus	0.0243940368722	-0.0685212783179	0.0343126405905	0.0836106285899	-0.0133229166958	1.0	-0.0442094727916	-0.0415725551144	-0.0581642267732	0.0211032607058	-0.0210719757707	-0.0721068080493	0.0707628886156	-0.164770215893	-0.00206869007714	0.0259038392847	0.0125495484174	-0.00547805389802	-0.000221638647526	0.0767642499723	-0.0033242534336	0.0112691045309	-0.0315289916912	-0.0181767627912	0.0097493301172	-0.0415818197139	0.028245949269	-0.0256103490222	0.0691234294083	-0.0766674035761	-0.105974082639	0.0235516941784	-0.0848454117259	0.0107214737785	2.7189999143e-05	-0.0137335672004	0.0909057223576	0.0178410384441	-0.0662937943861	-0.028556323413	0.0281683132	-0.00127689225876	-0.0272397019027	0.0189324311012	-0.0444504854634	-0.0871725071307	-0.0108080425683	-0.0547090689294	-0.043368193724	0.00583378525191	-0.00734855404914	0.0486785511923	-0.0249074245519	-0.0556459340294	0.021061990381	0.0347756546341	-0.0270279298913	-0.117084328362	-0.0385264229934
k__Bacteria;p__Bacteroidetes;c__Bacteroidia;o__Bacteroidales;f__Rikenellaceae;g__Alistipes;s__Alistipes_shahii	0.00672526464645	0.00139802637781	-0.0351353288412	-0.0859795280098	-0.0196243468576	-0.0442094727916	1.0	0.0340586802514	0.0556467095593	0.0206450664735	-0.041649265585	-0.0183527908461	0.0014103333961	0.0124766676649	0.0125224582041	-0.0724216208855	-0.0621829033862	0.0723314598334	-0.00336476997415	0.051648571855	-0.0659084841601	-0.0722298682337	0.0174110648469	0.0402958923679	-0.06936300557	-0.0288088992692	-0.0138686906918	0.0432081426798	0.00601948143641	0.0155118204859	-0.0888425167377	-0.0211773896828	0.02630587036	0.0187939372261	-0.0380060966713	0.084860951827	-0.0136973779346	0.00880426737757	-0.0765136455191	0.034238129438	0.0433343443199	-0.0739824783629	-0.0452892856762	-0.066538792251	-0.0182041172708	0.000319869759637	-0.00480948393876	0.02266992174	-0.063485660929	0.0260953685691	0.00517949202902	0.0502310391772	0.0922723516447	0.0425073181169	-0.0193994921995	-0.0676545147026	0.0670925828163	0.000109854424674	-0.0439130442617
k__Bacteria;p__Firmicutes;c__Clostridia;o__Clostridiales;f__Ruminococcaceae;g__Faecalibacterium;s__Faecalibacterium_prausnitzii	-0.0521743153016	-0.073012756259	0.00642892048083	-0.0280930661255	-0.0447624103167	-0.0415725551144	0.0340586802514	1.0	0.0325370006583	-0.0566281250291	0.00603553368023	-0.00251461433703	-0.0148747207577	-0.0204629777362	-0.0361858671621	-0.0205706594076	0.00191652554021	-0.0432583185932	0.0208117407792	-0.00594712033349	0.0594471127289	-0.0221266898141	-0.044377681133	-0.0297793364764	-0.0390642213184	-0.0768272347888	0.00135631484517	-0.0245485469395	-0.115056580762	-0.0263094977632	0.00152635958567	-0.053189273031	0.0746577801042	0.0586327117377	-0.038230868318	-0.0217192042222	0.0206036534305	-0.0531953678189	-0.0842060020144	-0.0395374600126	0.011975185167	-0.136452605377	-0.0470477388135	0.00188143114182	0.0147977605577	0.0542094593382	0.0637138907679	-0.0945938486086	0.0261362098131	-0.0421814997654	0.0324100301721	0.0237799170703	-0.0561287270586	0.0619256499235	0.0854346567995	0.0304292958964	-0.0553880246265	-0.0816179275991	0.000665480339158
k__Bacteria;p__Bacteroidetes;c__Bacteroidia;o__Bacteroidales;f__Rikenellaceae;g__Alistipes;s__Alistipes_finegoldii	-0.016812058047	-0.0203910180707	-0.00639579884521	-0.00906179218257	-0.0934840687212	-0.0581642267732	0.0556467095593	0.0325370006583	1.0	-0.0680000295281	-0.00246414230829	-0.0392983036074	0.00838541198827	-0.0018011014865	-0.0246574642408	0.0250838768521	0.0418579396798	-0.0772860274059	0.0206980118811	0.0619108165084	0.0118458606022	-0.0603318245249	-0.162868192298	-0.0700602566026	0.0438707945254	-0.0333591274186	-0.0192773699278	-0.0131339674933	0.0194405292081	0.0143841249252	-0.0928712698858	0.0186393817699	0.0286074710618	-0.0899128027616	-0.00266009747157	0.0139024938917	-0.0886101527394	-0.053465584593	0.00188876394485	0.0639688431136	-0.0623084161818	-0.0132165331559	0.0101807674474	0.0302255750681	-0.00619413677372	0.0800794648574	0.00750139846534	0.0485414833677	0.013211585403	0.00431110254136	0.0581798208046	0.00446130100585	-0.010637638916	0.0356439252718	0.0517480719873	0.0108122341654	0.0199527962368	-0.0265183995975	-0.0132725753185
k__Bacteria;p__Bacteroidetes;c__Bacteroidia;o__Bacteroidales;f__Porphyromonadaceae;g__Parabacteroides;s__Parabacteroides_distasonis	-0.0470156795004	0.0576561818352	-0.0267050152973	-0.021353161556	-0.00605985032224	0.0211032607058	0.0206450664735	-0.0566281250291	-0.0680000295281	1.0	-0.0616904384858	-0.0744336606606	-0.0354996222167	0.00450469374637	-0.0231606339204	0.0287260758596	0.0290158748798	0.0662430380326	0.000454082865203	0.0033460877632	-0.00523661956036	0.0279129658708	0.0215230401686	-0.0311387163965	0.0337568732443	-0.033360471537	0.0107616055106	-0.037151660481	-0.035805219021	-0.00878099841355	0.0510962099325	-0.0315534555853	0.0672346553018	0.0574067267414	0.0541655065447	-0.00631530781955	0.0445114196554	-0.00450395299063	-0.0359517384884	-0.0584544352693	-0.0718558723701	-0.0383247709532	0.0194736868132	0.00936107186653	0.010295986892	-0.0242527291473	-0.0794590094991	-0.0206163561354	0.00521808968042	0.0872845616911	0.0288961673994	-0.10266895488	-0.073506242453	-0.0186916947946	-0.0194455866674	-0.0618552945373	0.00497074555975	-0.0327191836903	-0.0410458512241
k__Bacteria;p__Bacteroidetes;c__Bacteroidia;o__Bacteroidales;f__Bacteroidaceae;g__Bacteroides;s__Bacteroides_thetaiotaomicron	0.0287494211298	-0.0694453569479	0.0301665251011	-0.0246305432924	0.00893463196525	-0.0210719757707	-0.041649265585	0.00603553368023	-0.00246414230829	-0.0616904384858	1.0	-0.0812131378791	0.0904034356796	-0.0193430811216	-0.0124272929255	0.0202016049154	-0.040574583708	-0.00643579395916	-0.0263221851411	0.0641017520299	0.0562523731187	-0.0199451575021	0.0106249891024	-0.057191175745	-0.031181198342	0.000190413086864	-0.00919481458147	-0.0450547093477	0.0708463690658	-0.0206157810576	-0.0440765218793	-0.00508247823988	-0.0984630617165	-0.00914798052595	0.00479497662539	-0.0727678170463	0.1160297766	-0.00288236003642	-0.0181743633204	-0.092311784037	0.0282752334747	-0.069970380429	0.0149857851054	-0.00161139933546	-0.0212304030359	-0.0632675497832	-0.0240010591383	-0.0233871400273	0.0327181847965	-0.0233524225371	0.00612568151641	0.0653199764787	-0.0221468677892	0.108371204688	0.00162019874037	0.0160207712319	-0.0820935444495	-0.0624410139518	-0.0489905001636
k__Bacteria;p__Bacteroidetes;c__Bacteroidia;o__Bacteroidales;f__Bacteroidaceae;g__Bacteroides;s__Bacteroides_coprocola	-0.0418791701601	-0.0599419843966	0.0566991189988	-0.0602776415912	0.0307347596105	-0.0721068080493	-0.0183527908461	-0.00251461433703	-0.0392983036074	-0.0744336606606	-0.0812131378791	1.0	0.0121931488786	-0.0330693572645	-0.0307895517149	0.0725268439159	-0.00420080126492	0.0502402169405	-0.0343551185123	-0.0224394046534	-0.0317831108289	-0.072080059131	-0.0121445199204	-0.0450299001304	0.0298856240715	0.0552254433636	0.0100100856218	0.0134030865035	0.000762026817287	0.00546311771413	0.0749018607849	-0.0309462184035	-0.0465900968555	-0.0130700467575	-0.0583806310952	-0.0561392621111	0.00633799322892	0.0412971494144	-0.0123796890984	-0.0101440107752	-0.0205561494407	-0.0863057253445	0.0165163412326	-0.00400911929376	-0.072793501163	0.00920179773144	-0.0183477767449	-0.00932393860023	0.0269288965314	-0.0804118387404	-0.0250582484828	-0.0303541425822	-0.0100209947908	0.0294193035102	-0.0373234516988	-0.00131259735721	-0.0490369554846	0.0272761879957	-0.0347430348712
k__Bacteria;p__Bacteroidetes;c__Bacteroidia;o__Bacteroidales;f__Bacteroidaceae;g__Bacteroides;s__Bacteroides_cellulosilyticus	-0.0215448366866	-0.0316579928591	-0.0704823041686	-0.00567069831315	0.0139908041416	0.0707628886156	0.0014103333961	-0.0148747207577	0.00838541198827	-0.0354996222167	0.0904034356796	0.0121931488786	1.0	-0.0582183507477	0.00963169007486	-0.0317107070358	-0.0793274243645	-0.0334339228879	0.0416503054065	-0.0761036018641	-0.0242778915718	0.00407932479389	0.003361190113	0.0177338573007	-0.0069146398557	-0.0410383940816	-0.0356906979571	0.0734104693452	-0.0401811114763	-0.0269729937427	-0.0684122215578	-0.0267535265936	0.0258940973274	0.0737027329377	-0.0322957091595	-0.0983772492739	-0.0313397063434	-0.0228667726698	0.000333574390694	0.0199980637907	-0.0416010972536	-0.0717132267851	0.0473185605622	0.0610334816088	-0.0705423697748	-0.0808666328243	0.00772379417153	-0.0606916126209	0.0161469789075	0.0393604433763	0.014438225879	-0.00374294218403	0.00303734796493	-0.0270035137572	0.0407386664367	-0.00960896491231	-0.0113943087503	0.0268633985732	-0.0302564564245
k__Bacteria;p__Bacteroidetes;c__Bacteroidia;o__Bacteroidales;f__Rikenellaceae;g__Alistipes;s__Alistipes_obesi	0.042394342456	0.0657030568049	0.0800231372325	-0.00907375029032	0.00689008143744	-0.164770215893	0.0124766676649	-0.0204629777362	-0.0018011014865	0.00450469374637	-0.0193430811216	-0.0330693572645	-0.0582183507477	1.0	0.0453645545267	0.0135750254388	-0.0310089606026	0.00991872900349	-0.018542964827	-0.0480436502208	-0.0892313268218	0.0429800325802	0.00911686549643	-0.0860770414234	0.0430570309322	0.0444546844277	-0.0334114852794	-0.011841167902	0.0764665631473	-0.0417162664027	-0.0237792581772	0.0763145901345	0.0578006731502	-0.0206237330878	-0.0570538470532	0.00891195824727	0.0438875546689	-0.0217523400639	0.00960420338514	-0.0387238698782	0.028433650639	-0.0814470755822	0.00525896678893	-0.0824488376353	-0.0441060133514	-0.104317301562	0.0115755226554	0.0857904831668	-0.00527822168804	-0.0398600143223	-0.046985812808	-0.163978596385	0.0295966953406	-0.0596235554454	-0.00921169985889	0.0522936247741	0.0385434318536	-0.00378604162879	0.00516690817351
k__Bacteria;p__Firmicutes;c__Clostridia;o__Clostridiales;f__Lachnospiraceae;g__;s__[Eubacterium]_rectale	0.029849751228	-0.0205483147043	-0.0500066390003	0.0603900004525	0.0224765309898	-0.00206869007714	0.0125224582041	-0.0361858671621	-0.0246574642408	-0.0231606339204	-0.0124272929255	-0.0307895517149	0.00963169007486	0.0453645545267	1.0	-0.0502911385216	-0.00856225423474	-0.00767232171456	-0.0404064014472	-0.0457899411103	-0.0491049315775	-0.0102344782294	0.00459465690084	0.00548493217676	-0.0281879646023	-0.0698906995216	0.0202129002491	0.000199353319635	-0.0119098435087	0.00581792388559	-0.0335946429423	0.0158903267231	-0.0376272332513	0.0445293800068	-0.0440696727496	0.00147402457181	-0.0382516112288	0.024945652744	0.0158203561718	0.0136141474715	-0.0456648218022	0.020062814254	-0.0322436766182	-0.0135289978052	-0.0845064244023	-0.0595737118711	-0.086473640748	0.0121087462252	0.00487305401618	-0.0758681787549	0.0223837999447	-0.138476379504	-0.0732608093161	-0.0440532490448	-0.0382777045519	0.0315201190032	0.0196168673249	-0.0221977989244	0.00667307679567
k__Bacteria;p__Bacteroidetes;c__Bacteroidia;o__Bacteroidales;f__Bacteroidaceae;g__Bacteroides;s__Bacteroides_plebeius	0.0335405005615	-0.0229271029907	-0.0306954231023	0.00351677408737	-0.00730940812628	0.0259038392847	-0.0724216208855	-0.0205706594076	0.0250838768521	0.0287260758596	0.0202016049154	0.0725268439159	-0.0317107070358	0.0135750254388	-0.0502911385216	1.0	-0.0353831826305	0.0164677457145	0.00177942410958	-0.0137164041711	0.0117095190061	-0.0256771745623	-0.0718438666808	0.0935881194532	-0.00963631375093	-0.0548821564732	0.0054495821658	0.0555456055688	0.02320002846	-0.000847759968453	0.0674922126368	0.0424498916147	-0.00493113363119	0.0880076434651	-0.0430911282213	-0.0499125116163	-0.0998777924802	-0.0137341814426	-0.0107733350617	-0.0447554516938	-0.125895749801	0.0406103719402	-0.0606716346197	0.00935838558541	0.029983077182	-0.00480340936429	-0.133863939626	-0.0513452178831	-0.0549958913153	0.0461978460548	-0.0822866019046	-0.0244140323279	0.0267548138383	-0.0241526554639	-0.0889533811154	0.00806317506613	0.0475926151734	0.0442489974712	-0.0404684913296
k__Bacteria;p__Bacteroidetes;c__Bacteroidia;o__Bacteroidales;f__Bacteroidaceae;g__Bacteroides;s__Bacteroides_fragilis	0.0331745852616	0.0906459871039	-0.091382882902	-0.0341006625817	-0.030835539589	0.0125495484174	-0.0621829033862	0.00191652554021	0.0418579396798	0.0290158748798	-0.040574583708	-0.00420080126492	-0.0793274243645	-0.0310089606026	-0.00856225423474	-0.0353831826305	1.0	-0.0683436138853	-0.0907955477289	0.0872041961155	-0.0365321048148	-0.082680510237	-0.0239039027512	0.0434622228966	-0.0178697907359	0.00971047302308	0.0768748244278	-0.0436895370581	-0.079843547328	9.75721052456e-05	0.0543274111513	-0.00163901314169	-0.0129396236256	-0.00173520303354	-0.00502769349075	0.00840015598628	-0.0712055912809	-0.0131487277141	-0.0223685936549	-0.0807632012921	-0.0323320346345	-0.0397206969816	0.0115887436805	-0.013170117942	-0.0307644719932	0.0779148383686	0.0536548149732	0.00543491838012	-0.0722317812453	-0.0427132457169	-0.0629403201259	-0.037349682888	-0.0234914988804	-0.0868154206688	-0.0423867035611	-0.029690498505	-0.0728286690171	0.0074219940519	0.00647946026777
k__Bacteria;p__Proteobacteria;c__Betaproteobacteria;o__Burkholderiales;f__Sutterellaceae;g__Sutterella;s__Sutterella_wadsworthensis	0.0357638620995	-0.00990573838966	0.0623328178231	0.0113091332391	-0.00322135369703	-0.00547805389802	0.0723314598334	-0.0432583185932	-0.0772860274059	0.0662430380326	-0.00643579395916	0.0502402169405	-0.0334339228879	0.00991872900349	-0.00767232171456	0.0164677457145	-0.0683436138853	1.0	-0.0441067270472	0.0174515054401	0.00795800497978	-0.020577119239	-0.0842795330188	0.0132557759699	-0.0631651479801	-0.0189579772288	-0.0214541790046	0.0288092204174	-0.0220614225455	-0.00284008322406	-0.0238537973106	-0.0104679538657	0.0454119935657	-0.0812118459719	-0.070342408529	-0.0261596385299	-0.0255178648969	0.0317977959049	-0.0176840708075	-0.0861908707328	-0.0539790949537	-0.0127537098224	0.0345841927829	0.0225246682829	-0.086335067704	0.0679447238102	0.0194335917537	-0.0139895504235	-0.00511351209427	-0.0403491676902	-0.0205468160052	-0.0409694244034	0.0195538013178	-0.0347641824025	-0.0116731996003	0.023029796325	-0.0472667013772	0.0852226258175	-0.0998232634314
k__Bacteria;p__Bacteroidetes;c__Bacteroidia;o__Bacteroidales;f__Porphyromonadaceae;g__Barnesiella;s__Barnesiella_intestinihominis	-0.0689207370581	-0.0411553244276	-0.00458973962968	0.0221581531585	-0.046397161581	-0.000221638647526	-0.00336476997415	0.0208117407792	0.0206980118811	0.000454082865203	-0.0263221851411	-0.0343551185123	0.0416503054065	-0.018542964827	-0.0404064014472	0.00177942410958	-0.0907955477289	-0.0441067270472	1.0	0.114136371976	-0.0318936565768	-0.0444661971409	-0.00235333747948	-0.0182511338303	0.0573599863671	-0.0548733542008	-0.0241275557396	-0.0487558881605	0.0603524157916	-0.0762113231446	-0.134349877183	-0.000289440902823	-0.0317213157882	0.0553375624685	-0.0470808866115	0.0477203674312	-0.0495470288574	0.0635453752535	-0.0489314611623	-0.00915599738943	0.0343941473876	0.0313765960333	0.0542179897765	-0.0772800360104	0.00460067816347	0.0167155512916	-0.0422046423838	0.0320413939604	-0.0151034296554	0.158021647468	0.00539265312956	-0.0982306974574	0.00358933653044	0.0229846819079	-0.0310218863143	-0.0173597051204	-0.0602364685692	0.0372737973787	0.0144765332618
k__Bacteria;p__Bacteroidetes;c__Bacteroidia;o__Bacteroidales;f__Odoribacteraceae;g__Odoribacter;s__Odoribacter_splanchnicus	-0.0159877152503	0.0211833055216	-0.04327491879	-0.0520908698077	-0.0316124098113	0.0767642499723	0.051648571855	-0.00594712033349	0.0619108165084	0.0033460877632	0.0641017520299	-0.0224394046534	-0.0761036018641	-0.0480436502208	-0.0457899411103	-0.0137164041711	0.0872041961155	0.0174515054401	0.114136371976	1.0	0.0738680552595	-0.0427015414252	-0.0344495950379	0.0218603431049	0.0369949808796	0.0271525944995	0.0265243629529	-0.179119114255	-0.0889314125272	-0.0545355778367	0.0272585459766	-0.0448982271909	0.0497306392272	-0.0292418778164	0.0186141442146	0.014844341138	-0.0327249277879	-0.0532757311225	-0.0301547156734	-0.0081037891434	-0.0465067696754	0.120259476888	-0.0169337767954	-0.0714340198771	-0.0132976804761	0.0235929828802	-0.0317147031972	-0.0909038411468	-0.0991334595755	0.0558298285808	-0.0226973368684	-0.0586877489059	0.0296393603312	-0.0234886252624	-0.0106826550783	-0.0239623990462	-0.0815603671057	0.00279297314819	0.045750317762
k__Bacteria;p__Bacteroidetes;c__Bacteroidia;o__Bacteroidales;f__Bacteroidaceae;g__Bacteroides;s__Bacteroides_salyersiae	0.03502596819	-0.0167253156693	0.0247487068775	-0.0146371700704	-0.0637442075143	-0.0033242534336	-0.0659084841601	0.0594471127289	0.0118458606022	-0.00523661956036	0.0562523731187	-0.0317831108289	-0.0242778915718	-0.0892313268218	-0.0491049315775	0.0117095190061	-0.0365321048148	0.00795800497978	-0.0318936565768	0.0738680552595	1.0	0.00253767550859	-0.0372291693721	0.106952087881	0.0315122773471	-0.00167065073322	-0.0134400687612	-0.0455666430355	-0.0982073509858	0.00443557302864	-0.061762009896	-0.0178984263226	0.0686814886462	-0.0142763061609	0.00499029765469	-0.0101301971176	0.0164465732518	-0.0762102774108	-0.0522677505532	-0.0937615374936	-0.121761336021	0.0814757279949	-0.0564739048545	-0.0396411115133	0.00321008648982	0.068672175679	0.00733991754333	-0.031144649165	0.0114644234988	0.0120488659412	0.00949736884349	0.0102706649123	0.0402828522759	0.00309641295162	0.132937686866	-0.087686674624	-0.0715551104025	0.0215611383337	-0.0213968420836
k__Bacteria;p__Firmicutes;c__Clostridia;o__Clostridiales;f__Ruminococcaceae;g__Ruminiclostridium;s__[Eubacterium]_siraeum	-0.0328596041082	0.0800844051256	-0.0168292178597	0.00561996947724	0.0334758836008	0.0112691045309	-0.0722298682337	-0.0221266898141	-0.0603318245249	0.0279129658708	-0.0199451575021	-0.072080059131	0.00407932479389	0.0429800325802	-0.0102344782294	-0.0256771745623	-0.082680510237	-0.020577119239	-0.0444661971409	-0.0427015414252	0.00253767550859	1.0	-0.0711731987114	0.0215512427155	-0.0389054351802	-0.0380262542785	-0.0989704930266	-0.0212084315274	-0.00395965348743	0.028958017239	-0.0424488451754	-0.00429540866917	0.0630371227665	0.0819840857148	-0.0693143756477	-0.0157260808665	0.00315493432138	0.0305033470883	-0.0478066049528	0.0524083345523	0.0023040330142	0.0468757503679	0.0184376763656	0.00673207273366	-0.00493187098327	0.00667953050564	0.00562682051588	0.0194274495574	0.0410162834285	-0.0501093053682	-0.0584023643629	0.00231297989484	-0.0745866234339	-0.0523732651816	-0.07110321695	0.0238638286017	-0.0801684314301	0.0353323167561	-0.0323565599098
k__Bacteria;p__Proteobacteria;c__Betaproteobacteria;o__Burkholderiales;f__Sutterellaceae;g__Parasutterella;s__Parasutterella_excrementihominis	-0.0207276394042	0.01742736556	0.0328468189816	-0.0139331429348	0.0059285797898	-0.0315289916912	0.0174110648469	-0.044377681133	-0.162868192298	0.0215230401686	0.0106249891024	-0.0121445199204	0.003361190113	0.00911686549643	0.00459465690084	-0.0718438666808	-0.0239039027512	-0.0842795330188	-0.00235333747948	-0.0344495950379	-0.0372291693721	-0.0711731987114	1.0	-0.0248481492254	0.0308051882395	-0.0826880715204	0.0233822511063	0.034644886096	-0.0235332688416	0.0666955030946	0.0343167453962	0.0122471360308	-0.0773414421082	0.0191203969752	0.0404098560052	0.0367239394395	-0.0510522522205	-0.0480586245515	0.025904970479	0.00847042577783	0.0499421418444	-0.068055052338	-0.0545708110498	0.0624070471486	0.0345429390465	-0.0591879143049	-0.0801250092403	-0.0580606092657	0.0170040407068	-0.0319402451321	-0.0351554258458	-0.0337657352048	-0.0576617355648	0.0409602772711	0.0216377302974	0.0259292650344	-0.051770833799	-0.0196750119563	-0.116614935643
k__Bacteria;p__Actinobacteria;c__Actinobacteria;o__Bifidobacteriales;f__Bifidobacteriaceae;g__Bifidobacterium;s__Bifidobacterium_adolescentis	-0.0306459517732	-0.0703168917428	-0.0992489140112	0.0474281361911	-0.00310924768409	-0.0181767627912	0.0402958923679	-0.0297793364764	-0.0700602566026	-0.0311387163965	-0.057191175745	-0.0450299001304	0.0177338573007	-0.0860770414234	0.00548493217676	0.0935881194532	0.0434622228966	0.0132557759699	-0.0182511338303	0.0218603431049	0.106952087881	0.0215512427155	-0.0248481492254	1.0	0.000222892140644	-0.0554645892291	0.000875881096507	-0.0522448612072	-0.0555565637356	-0.00653642742386	0.0431106052783	0.0240196211189	0.0952941483856	-0.0241860067541	-0.00447842582151	-0.0431788282635	0.0059653124137	-0.0872561656583	-0.0671378457776	-0.0119433863471	-0.012109769162	-0.0163081106885	-0.00662171389666	-0.00817470346261	0.0645414224061	0.0181044982974	0.0340097037873	-0.0695907275503	-0.0134215875702	0.0300035875158	-0.0378168398742	-0.0235600748004	-0.0926564841779	-0.0260414259443	-0.0842110504997	0.0196144454145	0.0068837892373	0.0128737568776	-0.0940352616427
k__Bacteria;p__Firmicutes;c__Clostridia;o__Clostridiales;f__Oscillospiraceae;g__Oscillibacter;s__Oscillibacter_sp._KLE_1745	0.0495139144452	0.049524478647	-0.0521461772572	-0.0134826567383	-0.0534988181908	0.0097493301172	-0.06936300557	-0.0390642213184	0.0438707945254	0.0337568732443	-0.031181198342	0.0298856240715	-0.0069146398557	0.0430570309322	-0.0281879646023	-0.00963631375093	-0.0178697907359	-0.0631651479801	0.0573599863671	0.0369949808796	0.0315122773471	-0.0389054351802	0.0308051882395	0.000222892140644	1.0	-0.0257139999778	-0.0343018664772	-0.0761056709045	-0.0232318734117	-0.0718654287141	0.0503812231654	-0.0303236176861	-0.0383368936847	0.0158104067003	-0.00109135590727	-0.057471315873	0.0290721721594	0.067816907168	-0.0688773054999	-0.0926356691941	0.0147296030437	0.0252223351638	-0.0384375422623	0.0332272060019	-0.001663912787	0.0860236346951	-0.0747340868896	0.0844886965994	-0.0564737235375	-0.0164074820882	-0.0387444309279	0.0209876026117	0.00170340194339	0.0244572078747	-0.0647271359481	-0.0125198059863	-0.104117863977	-0.11975650257	-0.00922118280816
k__Bacteria;p__Bacteroidetes;c__Bacteroidia;o__Bacteroidales;f__Bacteroidaceae;g__Bacteroides;s__Bacteroides_coprophilus	-0.0484696835461	0.0142188721567	-0.0453408147334	-0.0618447805244	-0.0910203598874	-0.0415818197139	-0.0288088992692	-0.0768272347888	-0.0333591274186	-0.033360471537	0.000190413086864	0.0552254433636	-0.0410383940816	0.0444546844277	-0.0698906995216	-0.0548821564732	0.00971047302308	-0.0189579772288	-0.0548733542008	0.0271525944995	-0.00167065073322	-0.0380262542785	-0.0826880715204	-0.0554645892291	-0.0257139999778	1.0	-0.0196500210665	-0.0911379875294	0.107288811434	0.0171523786653	-0.0955193854584	-0.0109384536485	0.00531079529238	0.00476100445282	0.0290664327841	0.0740652103908	0.0202214669604	-0.00384329156018	-0.0150715102899	0.00397494689836	-0.0285090567352	-0.0465382423816	-0.0516222547452	-0.0133951507624	-0.0442500248405	0.0275133598792	0.0670005477107	-0.00636560355784	-0.118539377769	0.0018473891594	0.0623801429718	-0.0487489390675	0.0329605309018	0.00452722906292	-0.0527454400051	-0.0409607969819	0.0364736599288	-0.0185629203032	-0.0251963434774
k__Bacteria;p__Firmicutes;c__Clostridia;o__Clostridiales;f__Lachnospiraceae;g__Roseburia;s__Roseburia_intestinalis	-0.0433588465739	-0.0361362523993	-0.0824367069857	-0.0344387915763	-0.0327059713563	0.028245949269	-0.0138686906918	0.00135631484517	-0.0192773699278	0.0107616055106	-0.00919481458147	0.0100100856218	-0.0356906979571	-0.0334114852794	0.0202129002491	0.0054495821658	0.0768748244278	-0.0214541790046	-0.0241275557396	0.0265243629529	-0.0134400687612	-0.0989704930266	0.0233822511063	0.000875881096507	-0.0343018664772	-0.0196500210665	1.0	-0.0663886142763	0.0477072668083	-0.072069383337	0.095983877905	-0.0323339743059	0.0414141245646	-0.0388190879551	0.0985599618345	0.00258669417397	-0.0725222386339	0.0243367415449	-0.0628712435016	0.0970353685119	0.0487327945627	-0.121871228361	-0.043517327975	-0.0242721109038	0.00345233332056	0.0113461204917	-0.084041573836	0.0580363878462	0.0295346356287	-0.022110819866	0.0199807500522	-0.00400611237001	-0.0526336448422	0.00355079298578	-0.0263628122032	-0.00881009535848	-0.104588218316	-0.0302003401028	-0.00281136720037
k__Bacteria;p__Firmicutes;c__Clostridia;o__Clostridiales;f__Lachnospiraceae;g__Roseburia;s__Roseburia_hominis	0.0233104934124	-0.0978148877225	-0.0028530585627	0.0138778738732	0.0274468254681	-0.0256103490222	0.0432081426798	-0.0245485469395	-0.0131339674933	-0.037151660481	-0.0450547093477	0.0134030865035	0.0734104693452	-0.011841167902	0.000199353319635	0.0555456055688	-0.0436895370581	0.0288092204174	-0.0487558881605	-0.179119114255	-0.0455666430355	-0.0212084315274	0.034644886096	-0.0522448612072	-0.0761056709045	-0.0911379875294	-0.0663886142763	1.0	0.0123055137958	-0.0362821423343	-0.0190250303134	-0.0131600057878	-0.00138960219547	0.0142139410081	-0.0954120745921	-0.000821752071786	-0.0190068182524	0.0154294891459	0.0591954660884	-0.116236866734	0.01058475518	0.0720349183266	-0.0513923465153	0.0368738309227	0.0171406734344	-0.0813599866928	0.0493798509008	-0.0570284986648	-0.0342312638156	-0.0338345774982	-0.0286800056953	-0.0513723314425	-0.0172112903008	-0.0182305382119	-0.0125179077749	0.0544770885374	0.0437474473904	0.0835105901894	-0.0132472928771
k__Bacteria;p__Bacteroidetes;c__Bacteroidia;o__Bacteroidales;f__Porphyromonadaceae;g__Parabacteroides;s__Parabacteroides_johnsonii	-0.082281243691	-0.00327651818453	0.0135750053365	-0.0632135476362	0.00884405957164	0.0691234294083	0.00601948143641	-0.115056580762	0.0194405292081	-0.035805219021	0.0708463690658	0.000762026817287	-0.0401811114763	0.0764665631473	-0.0119098435087	0.02320002846	-0.079843547328	-0.0220614225455	0.0603524157916	-0.0889314125272	-0.0982073509858	-0.00395965348743	-0.0235332688416	-0.0555565637356	-0.0232318734117	0.107288811434	0.0477072668083	0.0123055137958	1.0	-0.0646681337577	-0.000283420203188	0.0285926809569	0.00337150176564	-0.0392177160204	-0.0254419426975	-0.000201107780589	-0.0123959873841	-0.0574478545682	-0.00770791215683	-0.0592208858645	-0.0361065631255	-0.0736041420434	-0.0520354771	-0.0407388403141	0.0258623054444	0.00650884922101	0.0728492545433	0.0110090558755	-0.0215833269166	-0.00930306071324	-0.0111531290247	-0.0428459979445	-0.015573262807	0.0277556090601	-0.0272113811146	-0.044287168387	-0.0878077449443	-0.0674447325791	-0.0793929305509
k__Bacteria;p__Actinobacteria;c__Actinobacteria;o__Bifidobacteriales;f__Bifidobacteriaceae;g__Bifidobacterium;s__Bifidobacterium_longum	-0.0135655412826	-0.00538048372233	0.00389723015083	-0.0181698775466	-0.0801245063261	-0.0766674035761	0.0155118204859	-0.0263094977632	0.0143841249252	-0.00878099841355	-0.0206157810576	0.00546311771413	-0.0269729937427	-0.0417162664027	0.00581792388559	-0.000847759968453	9.75721052456e-05	-0.00284008322406	-0.0762113231446	-0.0545355778367	0.00443557302864	0.028958017239	0.0666955030946	-0.00653642742386	-0.0718654287141	0.0171523786653	-0.072069383337	-0.0362821423343	-0.0646681337577	1.0	0.00588609925194	-0.00742311917639	-0.0613886333158	0.0062395287723	-0.0460808625806	-0.0825272459542	0.00553397603539	-0.0792477687856	-0.00525170081139	0.0492576036664	-0.00450042176239	-0.110657327605	-0.0513275419681	-0.0700186231931	0.00816954729859	-0.0263147271858	0.00111347178417	0.0196639522391	-0.00615463267773	-0.0562408794256	-0.0115577268245	-0.00278570478292	0.10141132991	-0.026824608304	-0.0602271713593	-0.03108676881	-0.0505004519432	-0.00758893687746	-0.0423724491279
