#taxonomy	k__Bacteria;p__Bacteroidetes;c__Bacteroidia;o__Bacteroidales;f__Bacteroidaceae;g__Bacteroides;s__Bacteroides_vulgatus	k__Bacteria;p__Bacteroidetes;c__Bacteroidia;o__Bacteroidales;f__Bacteroidaceae;g__Bacteroides;s__Bacteroides_uniformis	k__Bacteria;p__Bacteroidetes;c__Bacteroidia;o__Bacteroidales;f__Rikenellaceae;g__Alistipes;s__Alistipes_putredinis	k__Bacteria;p__Bacteroidetes;c__Bacteroidia;o__Bacteroidales;f__Prevotellaceae;g__Prevotella;s__Prevotella_copri	k__Bacteria;p__Bacteroidetes;c__Bacteroidia;o__Bacteroidales;f__Bacteroidaceae;g__Bacteroides;s__Bacteroides_stercoris	k__Bacteria;p__Bacteroidetes;c__Bacteroidia;o__Bacteroidales;f__Bacteroidaceae;g__Bacteroides;s__Bacteroides_ovatus	k__Bacteria;p__Bacteroidetes;c__Bacteroidia;o__Bacteroidales;f__Rikenellaceae;g__Alistipes;s__Alistipes_shahii	k__Bacteria;p__Firmicutes;c__Clostridia;o__Clostridiales;f__Ruminococcaceae;g__Faecalibacterium;s__Faecalibacterium_prausnitzii	k__Bacteria;p__Bacteroidetes;c__Bacteroidia;o__Bacteroidales;f__Rikenellaceae;g__Alistipes;s__Alistipes_finegoldii	k__Bacteria;p__Bacteroidetes;c__Bacteroidia;o__Bacteroidales;f__Porphyromonadaceae;g__Parabacteroides;s__Parabacteroides_distasonis	k__Bacteria;p__Bacteroidetes;c__Bacteroidia;o__Bacteroidales;f__Bacteroidaceae;g__Bacteroides;s__Bacteroides_thetaiotaomicron	k__Bacteria;p__Bacteroidetes;c__Bacteroidia;o__Bacteroidales;f__Bacteroidaceae;g__Bacteroides;s__Bacteroides_coprocola	k__Bacteria;p__Bacteroidetes;c__Bacteroidia;o__Bacteroidales;f__Bacteroidaceae;g__Bacteroides;s__Bacteroides_cellulosilyticus	k__Bacteria;p__Bacteroidetes;c__Bacteroidia;o__Bacteroidales;f__Rikenellaceae;g__Alistipes;s__Alistipes_obesi	k__Bacteria;p__Firmicutes;c__Clostridia;o__Clostridiales;f__Lachnospiraceae;g__;s__[Eubacterium]_rectale	k__Bacteria;p__Bacteroidetes;c__Bacteroidia;o__Bacteroidales;f__Bacteroidaceae;g__Bacteroides;s__Bacteroides_plebeius	k__Bacteria;p__Bacteroidetes;c__Bacteroidia;o__Bacteroidales;f__Bacteroidaceae;g__Bacteroides;s__Bacteroides_fragilis	k__Bacteria;p__Proteobacteria;c__Betaproteobacteria;o__Burkholderiales;f__Sutterellaceae;g__Sutterella;s__Sutterella_wadsworthensis	k__Bacteria;p__Bacteroidetes;c__Bacteroidia;o__Bacteroidales;f__Porphyromonadaceae;g__Barnesiella;s__Barnesiella_intestinihominis	k__Bacteria;p__Bacteroidetes;c__Bacteroidia;o__Bacteroidales;f__Odoribacteraceae;g__Odoribacter;s__Odoribacter_splanchnicus	k__Bacteria;p__Bacteroidetes;c__Bacteroidia;o__Bacteroidales;f__Bacteroidaceae;g__Bacteroides;s__Bacteroides_salyersiae	k__Bacteria;p__Firmicutes;c__Clostridia;o__Clostridiales;f__Ruminococcaceae;g__Ruminiclostridium;s__[Eubacterium]_siraeum	k__Bacteria;p__Proteobacteria;c__Betaproteobacteria;o__Burkholderiales;f__Sutterellaceae;g__Parasutterella;s__Parasutterella_excrementihominis	k__Bacteria;p__Actinobacteria;c__Actinobacteria;o__Bifidobacteriales;f__Bifidobacteriaceae;g__Bifidobacterium;s__Bifidobacterium_adolescentis	k__Bacteria;p__Firmicutes;c__Clostridia;o__Clostridiales;f__Oscillospiraceae;g__Oscillibacter;s__Oscillibacter_sp._KLE_1745	k__Bacteria;p__Bacteroidetes;c__Bacteroidia;o__Bacteroidales;f__Bacteroidaceae;g__Bacteroides;s__Bacteroides_coprophilus	k__Bacteria;p__Firmicutes;c__Clostridia;o__Clostridiales;f__Lachnospiraceae;g__Roseburia;s__Roseburia_intestinalis	k__Bacteria;p__Firmicutes;c__Clostridia;o__Clostridiales;f__Lachnospiraceae;g__Roseburia;s__Roseburia_hominis	k__Bacteria;p__Bacteroidetes;c__Bacteroidia;o__Bacteroidales;f__Porphyromonadaceae;g__Parabacteroides;s__Parabacteroides_johnsonii	k__Bacteria;p__Actinobacteria;c__Actinobacteria;o__Bifidobacteriales;f__Bifidobacteriaceae;g__Bifidobacterium;s__Bifidobacterium_longum	k__Bacteria;p__Firmicutes;c__Clostridia;o__Clostridiales;f__;g__Flavonifractor;s__Flavonifractor_plautii	k__Bacteria;p__Firmicutes;c__Clostridia;o__Clostridiales;f__Clostridiaceae;g__Clostridium;s__Clostridium_phoceensis	k__Bacteria;p__Verrucomicrobia;c__Verrucomicrobiae;o__Verrucomicrobiales;f__Akkermansiaceae;g__Akkermansia;s__Akkermansia_muciniphila	k__Bacteria;p__Bacteroidetes;c__Bacteroidia;o__Bacteroidales;f__Prevotellaceae;g__Paraprevotella;s__Paraprevotella_xylaniphila	k__Bacteria;p__Firmicutes;c__Clostridia;o__Clostridiales;f__Ruminococcaceae;g__Ruminococcus;s__Ruminococcus_callidus	k__Bacteria;p__Bacteroidetes;c__Bacteroidia;o__Bacteroidales;f__Rikenellaceae;g__Alistipes;s__Alistipes_senegalensis	k__Bacteria;p__Firmicutes;c__Clostridia;o__Clostridiales;f__Lachnospiraceae;g__Blautia;s__Blautia_sp._KLE_1732	k__Bacteria;p__Bacteroidetes;c__Bacteroidia;o__Bacteroidales;f__Bacteroidaceae;g__Bacteroides;s__Bacteroides_oleiciplenus	k__Bacteria;p__Firmicutes;c__Clostridia;o__Clostridiales;f__Ruminococcaceae;g__Ruminococcus;s__Ruminococcus_bicirculans	k__Bacteria;p__Bacteroidetes;c__Bacteroidia;o__Bacteroidales;f__Bacteroidaceae;g__Bacteroides;s__Bacteroides_fluxus	k__Bacteria;p__Bacteroidetes;c__Bacteroidia;o__Bacteroidales;f__Prevotellaceae;g__Prevotella;s__Prevotella_stercorea	k__Bacteria;p__Firmicutes;c__Clostridia;o__Clostridiales;f__Lachnospiraceae;g__Dorea;s__Dorea_longicatena	k__Bacteria;p__Firmicutes;c__Clostridia;o__Clostridiales;f__Eubacteriaceae;g__Eubacterium;s__[Eubacterium]_eligens	k__Bacteria;p__Firmicutes;c__Clostridia;o__Clostridiales;f__Ruminococcaceae;g__;s__Ruminococcaceae_bacterium_D16	k__Bacteria;p__Firmicutes;c__Clostridia;o__Clostridiales;f__Lachnospiraceae;g__Coprococcus;s__Coprococcus_comes	k__Bacteria;p__Proteobacteria;c__Gammaproteobacteria;o__Enterobacterales;f__Enterobacteriaceae;g__Escherichia;s__Escherichia_coli	k__Bacteria;p__Firmicutes;c__Clostridia;o__Clostridiales;f__Ruminococcaceae;g__Anaerotruncus;s__Anaerotruncus_colihominis	k__Bacteria;p__Firmicutes;c__Clostridia;o__Clostridiales;f__Lachnospiraceae;g__Blautia;s__Blautia_obeum	k__Bacteria;p__Bacteroidetes;c__Bacteroidia;o__Bacteroidales;f__Odoribacteraceae;g__Odoribacter;s__Odoribacter_laneus	k__Bacteria;p__Firmicutes;c__Clostridia;o__Clostridiales;f__Ruminococcaceae;g__Ruminiclostridium;s__[Clostridium]_leptum	k__Bacteria;p__Bacteroidetes;c__Bacteroidia;o__Bacteroidales;f__Porphyromonadaceae;g__Parabacteroides;s__Parabacteroides_goldsteinii	k__Bacteria;p__Firmicutes;c__Clostridia;o__Clostridiales;f__Lachnospiraceae;g__Anaerostipes;s__Anaerostipes_hadrus	k__Bacteria;p__Firmicutes;c__Clostridia;o__Clostridiales;f__Ruminococcaceae;g__Ruminococcus;s__Ruminococcus_lactaris	k__Bacteria;p__Firmicutes;c__Clostridia;o__Clostridiales;f__Clostridiaceae;g__Clostridium;s__Clostridium_sp._L2-50	k__Bacteria;p__Firmicutes;c__Clostridia;o__Clostridiales;f__Clostridiaceae;g__Clostridium;s__Clostridium_sp._M62/1	k__Bacteria;p__Firmicutes;c__Clostridia;o__Clostridiales;f__;g__Intestinimonas;s__Intestinimonas_butyriciproducens	k__Bacteria;p__Actinobacteria;c__Actinobacteria;o__Bifidobacteriales;f__Bifidobacteriaceae;g__Bifidobacterium;s__Bifidobacterium_bifidum	k__Bacteria;p__Firmicutes;c__Negativicutes;o__Veillonellales;f__Veillonellaceae;g__Dialister;s__Dialister_invisus	k__Bacteria;p__Bacteroidetes;c__Bacteroidia;o__Bacteroidales;f__Bacteroidaceae;g__Bacteroides;s__Bacteroides_salanitronis
k__Bacteria;p__Bacteroidetes;c__Bacteroidia;o__Bacteroidales;f__Bacteroidaceae;g__Bacteroides;s__Bacteroides_vulgatus	1.0	-0.00907543522222	0.0248624354231	0.0554816115094	-0.00933838102989	0.025234206269	0.0484679638079	-0.00458261113484	0.0213849577982	0.0159026500103	-0.0340696281818	-0.00938744945896	-0.00448606591621	0.049536359084	0.0387622813292	0.0675712233786	0.0145785290258	-0.0986354136598	-0.0580101781865	-0.0423583043076	-0.0131089766074	-0.00293838894568	-0.0682079146057	-0.0394925478673	0.00852159704995	0.00720014811475	-0.0139660864607	-0.118913433118	0.000727746974002	0.0194647220898	-0.0344952954223	0.0185983500376	-0.0401055967147	-0.0436991397933	0.0231302621377	-0.0376749350016	0.0111469469468	-0.0273973548126	-0.0228510363301	0.0913196526915	-0.0227429395645	-0.073850188137	-0.0231790483574	-0.0666625032742	0.0501606129949	0.0131581493154	-0.00914686967814	-0.0367157422542	0.0017002896741	0.0117808760358	0.00223856036255	-0.0832924960966	0.014597299402	-0.0921952361906	-0.0276404753947	-0.0306910437783	0.0413538489783	0.0688057997048	-0.0548706795788
k__Bacteria;p__Bacteroidetes;c__Bacteroidia;o__Bacteroidales;f__Bacteroidaceae;g__Bacteroides;s__Bacteroides_uniformis	-0.00907543522222	1.0	-0.0409803489927	-0.0384746506527	-0.0116920828783	-0.0402754755466	-0.0364572966387	-0.0158397472549	0.0167168348776	-0.0121351111051	-0.0191342584815	-0.0174161123726	-0.0605394404141	-0.0282773096968	-0.0401107121703	0.0301019099968	0.0883572244291	0.0526066816438	-0.0395502019633	-0.0095715665792	-0.0539622916758	-0.0461260482214	-0.0654699512822	0.0222990646781	-0.0342709944502	-0.0290239794839	-0.0327917320167	-0.017278626683	-0.0559841724367	0.034854236076	0.00463653248649	0.0559578552986	0.00840634637079	0.000150683185246	0.00996854647709	0.0319201231809	-0.0550978536852	-0.0227920171325	0.0588813239159	0.023705818491	0.0208131043179	-0.0592979254238	0.024293314841	0.0832474884621	-0.0124615667399	0.032122861599	-0.0480901134746	-0.00411253104634	-0.110633884334	-0.00979344897653	-0.0952820269115	0.00945303590704	-0.00711032926338	-0.0772530261731	0.0354726356645	-0.0399751467088	-0.0544039561756	-0.0893781733368	0.0239829625697
k__Bacteria;p__Bacteroidetes;c__Bacteroidia;o__Bacteroidales;f__Rikenellaceae;g__Alistipes;s__Alistipes_putredinis	0.0248624354231	-0.0409803489927	1.0	0.0207091124358	0.0389172189874	-0.0331318963111	-0.0969946440446	0.019380218272	0.022658440199	0.0218070071383	0.142677216713	-0.00704437574654	-0.0799791331712	-0.0377316835485	0.0154605621836	-0.0271120581253	-0.0739294352925	-0.0261524667719	0.0510971715549	-0.0155028303458	-0.068312166704	-0.00954220528657	0.0595829720443	0.0239780726315	-0.0174396430102	0.00690928624693	-0.0245023797969	0.0471810861335	0.0426555875143	-0.0443608720539	0.013987452325	0.0252626625455	0.0439147319766	-0.0317908512691	-0.0260657176339	-0.0413055035891	-0.0910835433458	-0.0270574275474	-0.0595700097678	-0.0210671819892	-0.0828598684113	-0.0124831544108	0.0629771276567	-0.0206931224678	-0.0265899995452	-0.00112177174839	-0.00514453561406	-0.0407212947433	0.0117803960959	0.0225776461662	-0.0622890702916	-0.0558380064302	-0.020843603658	-0.0253350678117	-0.0561239297702	-0.0526508512585	0.00725271405999	0.0813854517234	0.0279043737674
k__Bacteria;p__Bacteroidetes;c__Bacteroidia;o__Bacteroidales;f__Prevotellaceae;g__Prevotella;s__Prevotella_copri	0.0554816115094	-0.0384746506527	0.0207091124358	1.0	-0.0537868629418	0.0970884537788	0.0616864359846	-0.0768612705313	-0.0473366067164	0.0134453643352	-0.0535493038406	-0.0315286892128	-0.0391549485133	0.0434321056264	0.0510443667064	-0.0051659393025	-0.0212764117691	0.0122697803029	-0.101516880545	0.00491917254419	-0.00647602269777	-0.0584003481692	-0.0419122976081	0.0252776828218	-0.0100724412791	-0.0317175959127	-0.0087353819517	-0.0711457191199	-0.00537893059538	0.0729241056165	-0.0151795937289	0.0295706794885	0.0177223584297	-0.0368711177741	0.0162368035089	-0.0187969122512	0.0620379459155	0.0429548313184	0.00833085106265	-0.0136423435371	-0.0366894057772	0.0322686800026	-0.00164586965101	-0.0391560395931	-0.0588022614361	0.00976844950924	0.0201511493444	-0.00119563217451	-0.0538558904582	0.013047427612	-0.0556836961253	0.0515516042992	0.0321091631917	0.00589101301992	-0.0302665683189	-0.0187947745543	0.00195439610475	-0.0461413893776	-0.0321086580066
k__Bacteria;p__Bacteroidetes;c__Bacteroidia;o__Bacteroidales;f__Bacteroidaceae;g__Bacteroides;s__Bacteroides_stercoris	-0.00933838102989	-0.0116920828783	0.0389172189874	-0.0537868629418	1.0	-0.0244908465819	0.020351267302	0.00122834381049	0.0465449341286	-0.0802631638424	-0.00112194978595	0.0309232782876	-0.00218021142144	-0.000596696953968	0.0112693560758	0.0632124493876	0.0333418378688	0.0486430713248	0.00521270272273	-0.0359847558193	-0.00473181961654	-0.0131956257182	-0.0470279491294	0.0121411963232	-0.0219551232872	-0.0791082833425	-0.00168455871876	-0.000581768175588	-0.0310445873625	-0.0225508323895	-0.0305579252759	0.0120028981444	0.0172832708457	-0.017040646425	-0.0533308499846	0.0130159079435	-0.0436002097252	0.00927570955286	0.0087713181142	-0.00480940900436	-0.00839257873965	-0.016780297605	-0.0588877604137	0.0379650824665	-0.0182027238396	0.0554271487185	0.0233647368312	-0.0282284594201	0.0377889738875	-0.0343671055654	0.03385564098	0.0114303609606	0.0261987382467	-0.09203142769	-0.0388202865125	-0.0455826687881	-0.0594227374017	-0.0580508944221	-0.0396109144521
k__Bacteria;p__Bacteroidetes;c__Bacteroidia;o__Bacteroidales;f__Bacteroidaceae;g__Bacteroides;s__Bacteroides_ovatus	0.025234206269	-0.0402754755466	-0.0331318963111	0.0970884537788	-0.0244908465819	1.0	0.000857185426855	-0.0818988940839	-0.0120756415849	0.00261246718705	-0.0756534186092	-0.0411354872082	0.0670572930548	-0.00189192015278	0.0206838509008	0.113778849126	0.00926563085358	-0.0476660240556	-0.0102662608061	0.0253019397349	0.00794278396299	0.00212742504164	-0.0292963695765	0.0237334392583	-0.0488863881296	0.0305048977095	-0.0347660092577	-0.0839606641626	0.0290760877387	-0.053823499897	-0.0483298074098	-0.0391191643546	-0.0351561002062	0.0181000141842	-0.0241167668311	0.00399955743339	-0.0240190346066	-0.0343058318914	-0.0668478666705	0.0249665811398	-0.0666052242564	-0.0783086519367	-0.0914142760692	-0.0866163345549	0.0780425619136	0.0757997865826	-0.0429236848599	0.113543837294	-0.0642490410774	0.00399605661088	-0.00458396273041	-0.00232746629144	-0.0402600646485	-0.0410552515223	-0.0469889987139	0.0541069835785	-0.0461600431286	0.031511379705	0.0466638933323
k__Bacteria;p__Bacteroidetes;c__Bacteroidia;o__Bacteroidales;f__Rikenellaceae;g__Alistipes;s__Alistipes_shahii	0.0484679638079	-0.0364572966387	-0.0969946440446	0.0616864359846	0.020351267302	0.000857185426855	1.0	-0.00336358781923	-0.0870711013904	-0.0149347946173	-0.0250784318224	-0.064077468602	-0.0235749762988	-0.0180573833163	-0.0308298089854	-0.0601477119436	-0.0359146228927	0.010200441338	-0.0261244648869	-0.0969777417383	-0.0313438452482	-0.00458491470902	-0.0200083608611	0.00613242051052	-0.0447699401459	-0.0474868070928	0.0811410960145	-0.0601835282209	-0.00778560795607	-0.00599104235428	-0.0685554559301	0.0343874447214	0.0347070147634	-0.00748934036333	0.036417585364	-0.0284034784455	-0.00361129106496	-0.0409312112292	-0.0364461656521	-0.0205721426128	0.0204541309787	-0.0659080785203	-0.0446785332911	-0.0455654033675	0.0647920128031	-0.0344339504306	-0.0721490882686	0.0115404124725	0.0185325780924	0.140751756093	-0.0960177600564	0.015413778782	-0.0313987895446	0.0453053167253	0.00619790044702	-0.00487006776278	-0.0445926731532	0.0329214131612	-0.0957265493232
k__Bacteria;p__Firmicutes;c__Clostridia;o__Clostridiales;f__Ruminococcaceae;g__Faecalibacterium;s__Faecalibacterium_prausnitzii	-0.00458261113484	-0.0158397472549	0.019380218272	-0.0768612705313	0.00122834381049	-0.0818988940839	-0.00336358781923	1.0	-0.000322427334302	0.0213388962863	-0.114717170045	-0.0797669501038	-0.00720920718563	-0.109390962502	-0.0494674345588	0.00610730439915	-0.0422062932546	0.0115145497627	-0.0115273120286	-0.110647059924	0.028615549031	0.0555643873168	0.0613221390422	-0.00979231317998	-0.0295969094779	-0.0463076311025	0.00648757075667	-0.00433848974612	0.000618831896954	0.00578705923237	0.0610454365362	-0.0471682337151	0.00692586977561	-0.025280049149	0.0244362066719	-0.0111086464275	-0.0502601577806	0.0206395143533	0.00550160218162	-0.05413874853	-0.0243383204084	0.00219770883068	-0.0154573205182	0.0441653055208	0.011196559204	-0.0454868953195	-0.0416862521452	0.026618568323	-0.0049011317699	-0.0721908207627	0.11676661978	0.0321225872367	0.00846989498844	-0.0515296602722	0.00234056675024	-0.0446321095687	-0.0346260785508	-0.0124203449582	0.0254225474364
k__Bacteria;p__Bacteroidetes;c__Bacteroidia;o__Bacteroidales;f__Rikenellaceae;g__Alistipes;s__Alistipes_finegoldii	0.0213849577982	0.0167168348776	0.022658440199	-0.0473366067164	0.0465449341286	-0.0120756415849	-0.0870711013904	-0.000322427334302	1.0	0.0142088615648	0.0397455050667	0.0170062090565	-0.0731602389656	0.0210474865901	0.0225834499969	-0.0439917598241	0.0487777504469	-0.0389626996694	-0.0231055909733	-0.0224575415867	0.0543287651058	-0.0130106451174	-0.0854694725382	0.0061180665325	-0.0337901862177	-0.0234067048243	-0.0362928010693	-0.0847737035497	-0.0349114435383	-0.0291203737463	-0.0139910430263	-0.132812504531	-0.0248669275117	-0.017066037279	-0.00158565049076	0.0228641805432	-0.142859680588	-0.0345155885219	-0.0228071768822	0.0166753563871	-0.0490015489027	-0.118482626991	-0.0533101627682	-0.00427997200232	-0.0267791965733	0.0305040541738	-0.053941040872	-0.026038238484	-0.0132121623451	-0.0346482821536	0.0349430316852	-0.0171189403885	-0.0238563317009	-0.0497199370175	0.00280613705225	-0.0167171667402	0.0313215301738	0.0207033149141	0.0352356949691
k__Bacteria;p__Bacteroidetes;c__Bacteroidia;o__Bacteroidales;f__Porphyromonadaceae;g__Parabacteroides;s__Parabacteroides_distasonis	0.0159026500103	-0.0121351111051	0.0218070071383	0.0134453643352	-0.0802631638424	0.00261246718705	-0.0149347946173	0.0213388962863	0.0142088615648	1.0	-0.0120323776731	0.0145898735714	-0.0604863547875	-0.0841583815638	-0.0581242223155	0.0950004036459	0.0599171157562	0.0630645350353	-0.0916342163284	0.0435013630867	0.00178274648121	0.0147926650144	0.061485686054	-0.0928988495812	-0.0143560510289	-0.0654647631966	0.0457809888421	-0.163987967966	-0.0200587130612	-0.0879214579055	-0.0316317721366	0.0410489337998	-0.0417645702788	-0.0705358849424	0.0206114955666	-0.0148143778605	0.0815222729619	-0.0261972865092	-0.0524924765475	-0.00695715856668	-0.0819063872094	-0.116353712678	0.009024198138	0.0117309114516	-0.0461418382885	0.00557057950169	-0.0510200578249	-0.0393549086445	-0.00642316557556	-0.00567117183208	-0.106690750138	-0.0391785832814	-0.0391964063726	-0.0226266228782	-0.0494029796588	0.0179338529804	0.0708194164381	-0.0961216799051	0.0191132813711
k__Bacteria;p__Bacteroidetes;c__Bacteroidia;o__Bacteroidales;f__Bacteroidaceae;g__Bacteroides;s__Bacteroides_thetaiotaomicron	-0.0340696281818	-0.0191342584815	0.142677216713	-0.0535493038406	-0.00112194978595	-0.0756534186092	-0.0250784318224	-0.114717170045	0.0397455050667	-0.0120323776731	1.0	0.0247078460874	-0.0545380656534	-0.00649111152655	0.0132230423709	-0.0883780604602	0.0629009683714	0.0540950254364	0.00115001780156	-0.0306935030765	0.0226043277187	-0.0749423295218	0.0164608315341	0.0708953446373	-0.0574400622612	-0.00522010046991	0.0642608538146	-0.00731052685043	5.51658762747e-05	0.0128219871415	0.0775178618972	-0.0232947186603	0.0531041552727	0.0196929080037	-0.0649323206402	-0.0591784569744	-0.00424761425508	-0.048348426538	-0.0168304040945	0.0443980457361	0.00738571375986	-0.00226441443609	-0.0622883615505	-0.105352453028	0.00078512782975	0.00110545097068	-0.0251656220823	0.0172912572176	-0.027579526693	-0.0204692142102	0.001756611581	0.0469974673977	0.0192325714266	0.0644340169233	0.0325827578588	-0.0523230137453	-0.011556773073	0.0425794215636	0.0617531453323
k__Bacteria;p__Bacteroidetes;c__Bacteroidia;o__Bacteroidales;f__Bacteroidaceae;g__Bacteroides;s__Bacteroides_coprocola	-0.00938744945896	-0.0174161123726	-0.00704437574654	-0.0315286892128	0.0309232782876	-0.0411354872082	-0.064077468602	-0.0797669501038	0.0170062090565	0.0145898735714	0.0247078460874	1.0	-0.0774258371412	-0.00934093314482	0.0123847090791	-0.0147668521812	-0.0289692772189	-0.0950356401146	-0.0133296653282	0.0431401536122	-0.0939472243572	0.0746801124944	-0.0242831945394	-0.0180220050707	-0.0220516438287	0.0329694979039	0.0874875842149	-0.0422529772773	0.0298700827608	-0.0204388677235	-0.0503704561216	-0.00171218227786	0.0118445781493	-0.0630806681649	0.0174607795873	0.0365724779926	0.0732507810625	0.00546946074396	-0.0279531634188	0.0649227933367	-0.0499392861125	0.0622545950488	0.0157623438389	-0.109427278109	-0.0774850981045	0.063036318979	0.0538941647767	-0.0242451628327	-0.042964856284	-0.0351464743001	0.0260013340077	-0.0425075121061	0.0576162697247	-0.00125850508556	-0.0643890033195	-0.0561811772195	0.0885943970239	0.00965843011823	-0.0410211351349
k__Bacteria;p__Bacteroidetes;c__Bacteroidia;o__Bacteroidales;f__Bacteroidaceae;g__Bacteroides;s__Bacteroides_cellulosilyticus	-0.00448606591621	-0.0605394404141	-0.0799791331712	-0.0391549485133	-0.00218021142144	0.0670572930548	-0.0235749762988	-0.00720920718563	-0.0731602389656	-0.0604863547875	-0.0545380656534	-0.0774258371412	1.0	-0.0310803635594	-0.0140010228112	0.00829597303457	0.00506413626821	-0.0481592943694	-0.0778277984561	-0.148904381077	-0.0442307557416	0.0160931544042	0.0142361781266	0.0167774440315	-0.0436665183522	0.0433311924595	-0.0195880493048	0.0400504883153	-0.0372317393663	0.0320398388706	0.0197637785685	0.0310476367853	0.0281748107024	0.0413843965562	-0.0756660811165	-0.0457305826278	-0.0144382146656	0.045019342952	0.033938025817	-0.0660544572596	0.0737667712287	-0.0161818154289	-0.0381151534237	-0.0764187706144	-0.0334375389873	0.00191212140184	-0.0454157492467	0.0507732885907	0.0143401235094	-0.0181106438021	0.110538180281	0.0312403830612	-0.0339942210588	-0.106391243821	0.0831685306048	0.0354550037889	0.0333010816223	-0.0118637204314	0.0310111320049
k__Bacteria;p__Bacteroidetes;c__Bacteroidia;o__Bacteroidales;f__Rikenellaceae;g__Alistipes;s__Alistipes_obesi	0.049536359084	-0.0282773096968	-0.0377316835485	0.0434321056264	-0.000596696953968	-0.00189192015278	-0.0180573833163	-0.109390962502	0.0210474865901	-0.0841583815638	-0.00649111152655	-0.00934093314482	-0.0310803635594	1.0	-0.0659494272958	-0.0916330276941	-0.022791529055	0.0201495329123	0.0259020312951	-0.0251892710855	0.0354288225621	-0.0235156261738	-0.0122037153811	0.0354789772049	-0.0427941538454	-0.0139276230273	-0.021707747232	0.023733496166	0.0332936495718	-0.0582091833134	-0.0551593791379	-0.00593349637232	-0.0197124003588	-0.0232206049542	-0.0372537499255	0.0229602013162	0.0255428730215	0.0519991318994	0.0423451154753	0.00809868093372	-0.0228842594825	0.0284774720865	-0.095547670963	-0.0803057534671	-0.0214641750365	-0.0366175115273	0.017659181466	0.0515590608479	0.0481358292807	0.0633711508054	-0.0506652150109	-0.0600374256645	-0.0205426954179	0.00882887257978	-0.0151655006671	0.0150072004796	0.0637307919412	-0.0474385025719	-0.0172010111502
k__Bacteria;p__Firmicutes;c__Clostridia;o__Clostridiales;f__Lachnospiraceae;g__;s__[Eubacterium]_rectale	0.0387622813292	-0.0401107121703	0.0154605621836	0.0510443667064	0.0112693560758	0.0206838509008	-0.0308298089854	-0.0494674345588	0.0225834499969	-0.0581242223155	0.0132230423709	0.0123847090791	-0.0140010228112	-0.0659494272958	1.0	0.0739670946508	0.0430518856465	0.0164755584251	-0.000850394691396	-0.00371481446708	-0.00416524589315	-0.0302237198717	-0.0910108747418	-0.0454480856396	6.46549834535e-05	-0.0269051759887	-0.0298025487106	0.0237617589409	-0.0450674887483	-0.0367683453398	-0.0451510544789	-0.0721223446196	-0.0213903430802	-0.0382094748231	0.0103382909262	-0.00541384526484	0.0364867834191	-0.00890658828282	-0.0646991539968	-0.0679374030756	-0.023693114731	-0.0307397295673	0.0470860550529	-0.0363688604809	-0.0152886327298	0.00759561831286	-0.0256927858856	0.0072880672724	0.0194806800736	0.0277974237963	0.0558342145807	-0.0520465071491	0.060984810686	-0.0692326977943	-0.0482697384917	-0.00279658693913	0.0233460546287	-0.0329314056891	-0.0403027414982
k__Bacteria;p__Bacteroidetes;c__Bacteroidia;o__Bacteroidales;f__Bacteroidaceae;g__Bacteroides;s__Bacteroides_plebeius	0.0675712233786	0.0301019099968	-0.0271120581253	-0.0051659393025	0.0632124493876	0.113778849126	-0.0601477119436	0.00610730439915	-0.0439917598241	0.0950004036459	-0.0883780604602	-0.0147668521812	0.00829597303457	-0.0916330276941	0.0739670946508	1.0	-0.043041749209	-0.00111292305178	0.0250717331915	0.0281707158514	-0.0602580001384	-0.0127736880356	-0.0332424286053	0.00244276208547	-0.0462517847433	0.0653729278171	-0.0111940823333	-0.0406527819457	-0.111741411188	-0.0209266077155	0.0189928199868	-0.0567001095199	-0.0779913147369	-0.00385295037053	-0.0519070382829	-0.0824995288521	0.0314505761523	-0.0188151112885	0.0564883306415	0.0214506914375	-0.0491030398103	0.0500697171024	-0.116617673064	0.00556414591544	-0.0341345143178	-0.0700078691434	-0.0270437679032	0.0219717064424	-0.0185325816612	-0.0147906325539	-0.00680513523301	-0.0192079910996	-0.0276414682159	-0.052586206747	0.0150722061329	-0.0262490705214	-0.0276680565178	0.0500145425271	-0.0158289088132
k__Bacteria;p__Bacteroidetes;c__Bacteroidia;o__Bacteroidales;f__Bacteroidaceae;g__Bacteroides;s__Bacteroides_fragilis	0.0145785290258	0.0883572244291	-0.0739294352925	-0.0212764117691	0.0333418378688	0.00926563085358	-0.0359146228927	-0.0422062932546	0.0487777504469	0.0599171157562	0.0629009683714	-0.0289692772189	0.00506413626821	-0.022791529055	0.0430518856465	-0.043041749209	1.0	-0.0930275498635	-0.0961092891919	-0.0656256260187	-0.00660174088129	-0.0259280407102	0.0544742412169	0.0301899067931	-0.100228410474	-0.0182184717861	0.0510286520152	-0.0325735586025	0.0878666424233	0.00489414768324	-0.0267281404636	-0.0581467916372	-0.0275324018777	0.051846973646	0.00442136538524	-0.0309440857595	0.0165902570632	-0.00293454266065	0.0176146602317	0.00654965685605	-0.014196883067	0.0019514553231	-0.0486038385	-0.0459463082913	0.0169141786466	-0.0458059013325	-0.0176475541371	-0.0368704233522	0.0229198357475	-0.0345654795271	-0.0321727421889	-0.0844819867527	-0.0384797982529	0.0226853344489	-0.0803651871642	-0.00487946274295	-0.054843501896	0.0429725720245	-0.0189274044164
k__Bacteria;p__Proteobacteria;c__Betaproteobacteria;o__Burkholderiales;f__Sutterellaceae;g__Sutterella;s__Sutterella_wadsworthensis	-0.0986354136598	0.0526066816438	-0.0261524667719	0.0122697803029	0.0486430713248	-0.0476660240556	0.010200441338	0.0115145497627	-0.0389626996694	0.0630645350353	0.0540950254364	-0.0950356401146	-0.0481592943694	0.0201495329123	0.0164755584251	-0.00111292305178	-0.0930275498635	1.0	-0.0468058991793	0.00691370177792	0.0351234405553	-0.0438285139876	-0.00374541946075	-0.0256304363816	0.059898623744	0.0213568022824	0.0248051552642	-0.0213036600077	-0.0437128150924	0.0229769146632	-0.041658668362	0.021539154447	0.00170086539877	-0.0326595717019	0.029029126745	-0.0184236856898	-0.0413497485345	-0.00915635799708	-0.0313584100405	0.052131376669	0.0498408415009	-0.079033991682	-0.0106674162935	0.0280993115904	-0.00754772451966	0.0058348681278	0.0754067618002	-0.0114239517449	-0.023318514478	-0.0434938832769	0.00545754564457	-0.0765338334036	-0.0747517076623	0.0352151596064	-0.0551961812811	-0.0237172284862	-0.0698850648274	-0.0523015630654	-0.0510953937988
k__Bacteria;p__Bacteroidetes;c__Bacteroidia;o__Bacteroidales;f__Porphyromonadaceae;g__Barnesiella;s__Barnesiella_intestinihominis	-0.0580101781865	-0.0395502019633	0.0510971715549	-0.101516880545	0.00521270272273	-0.0102662608061	-0.0261244648869	-0.0115273120286	-0.0231055909733	-0.0916342163284	0.00115001780156	-0.0133296653282	-0.0778277984561	0.0259020312951	-0.000850394691396	0.0250717331915	-0.0961092891919	-0.0468058991793	1.0	-0.040922633423	0.0613122735323	0.0210897632329	0.0293882600903	-0.00309756356684	0.0323737117449	-0.000913202630112	-0.055353523558	0.00462447052888	-0.0487864975254	-0.0393367647008	0.0123813153834	-0.0065409000068	-0.0810462192398	-0.0139623712167	0.016577008598	0.0188311598545	0.0116288991188	-0.0615972163434	0.0100648069008	-0.0444071952943	0.0265179455348	0.00129850758009	0.0328401554088	-0.0138653195698	-0.0383260917193	0.0377978178896	-0.00817441083218	-0.107259577687	-0.0356144723108	0.0238695761189	0.0299912731472	0.00920693330208	-0.0163341416042	0.0117536123721	0.0376235502174	-0.0207605106422	-0.0609517133359	-0.0780703192221	-0.0352465312337
k__Bacteria;p__Bacteroidetes;c__Bacteroidia;o__Bacteroidales;f__Odoribacteraceae;g__Odoribacter;s__Odoribacter_splanchnicus	-0.0423583043076	-0.0095715665792	-0.0155028303458	0.00491917254419	-0.0359847558193	0.0253019397349	-0.0969777417383	-0.110647059924	-0.0224575415867	0.0435013630867	-0.0306935030765	0.0431401536122	-0.148904381077	-0.0251892710855	-0.00371481446708	0.0281707158514	-0.0656256260187	0.00691370177792	-0.040922633423	1.0	0.0891068638991	0.00231481331249	0.015430443648	0.0192898337368	-0.0594482124997	-0.0324370745066	0.0677047175262	0.0203732036089	0.0448505691644	0.0180061800432	-0.0112878102055	-0.00963619511034	-0.059800068375	-0.0980301080432	-0.0616937015397	0.0172483978163	-0.0364767169373	0.0130357258211	0.0461878540564	-0.0127519664741	-0.0341393641926	-0.0499085881778	-0.0064365688083	-0.0302899555371	0.0141874973399	0.0125674937015	-0.00395423235105	-0.0273773922718	0.0309338433925	-0.032280553123	-0.0734062273648	-0.0251613348914	-0.0445469447639	-0.0225341209221	0.0349905071187	0.0513167126556	-0.0215981175325	-0.0776689234465	0.0682994088636
k__Bacteria;p__Bacteroidetes;c__Bacteroidia;o__Bacteroidales;f__Bacteroidaceae;g__Bacteroides;s__Bacteroides_salyersiae	-0.0131089766074	-0.0539622916758	-0.068312166704	-0.00647602269777	-0.00473181961654	0.00794278396299	-0.0313438452482	0.028615549031	0.0543287651058	0.00178274648121	0.0226043277187	-0.0939472243572	-0.0442307557416	0.0354288225621	-0.00416524589315	-0.0602580001384	-0.00660174088129	0.0351234405553	0.0613122735323	0.0891068638991	1.0	0.0573945946027	-0.0895081835489	-0.0888684776278	0.0233266311879	-0.0099234853212	-0.000440259742983	-0.0162993729365	-0.0877251128102	0.0461580072867	0.0261165932759	-0.0288951720056	-0.0367150237698	0.0168164290882	-0.0756923386042	-0.0232804387018	-0.0126027528988	-0.0198895941586	-0.0031527672434	-0.0518038091264	0.0597015332226	-0.0375062777793	-0.00856369217174	-0.0473733153982	-0.0305623332483	0.0168883210953	0.0565556186379	0.0555574886576	-0.025684725104	-0.022714276332	0.0102479481034	0.00327120279985	-0.0494427051342	-0.0212785599008	0.00447810367328	0.013268109331	0.0071373286451	0.00990610015566	0.0428455875495
k__Bacteria;p__Firmicutes;c__Clostridia;o__Clostridiales;f__Ruminococcaceae;g__Ruminiclostridium;s__[Eubacterium]_siraeum	-0.00293838894568	-0.0461260482214	-0.00954220528657	-0.0584003481692	-0.0131956257182	0.00212742504164	-0.00458491470902	0.0555643873168	-0.0130106451174	0.0147926650144	-0.0749423295218	0.0746801124944	0.0160931544042	-0.0235156261738	-0.0302237198717	-0.0127736880356	-0.0259280407102	-0.0438285139876	0.0210897632329	0.00231481331249	0.0573945946027	1.0	-0.0124466663819	-0.022637371277	0.0357008962516	-0.085253069987	0.0218388786196	0.106463594198	-0.010235179408	-0.0678120215083	0.0809007408626	-0.0848335073737	-0.00794737054806	-0.0735889481665	0.00700937967366	-0.0584122483764	-0.0545124322136	-0.0159199786529	-0.00085624013444	0.0421641665478	-0.0245489523664	-0.0158358722983	0.0972710939449	-0.0187772219919	-0.0815259161505	0.0722852326352	-0.00329204211599	-0.0208974937996	-0.00753204191514	0.0381003331426	-0.0532420411533	0.00747498102249	0.0370557677563	-0.0496049296717	-0.0270526576092	0.0167107933951	0.0134744760924	-0.000303026859825	-0.102191778656
k__Bacteria;p__Proteobacteria;c__Betaproteobacteria;o__Burkholderiales;f__Sutterellaceae;g__Parasutterella;s__Parasutterella_excrementihominis	-0.0682079146057	-0.0654699512822	0.0595829720443	-0.0419122976081	-0.0470279491294	-0.0292963695765	-0.0200083608611	0.0613221390422	-0.0854694725382	0.061485686054	0.0164608315341	-0.0242831945394	0.0142361781266	-0.0122037153811	-0.0910108747418	-0.0332424286053	0.0544742412169	-0.00374541946075	0.0293882600903	0.015430443648	-0.0895081835489	-0.0124466663819	1.0	0.00167547577743	-0.0252298541834	-0.0744412879429	-0.0283136789618	0.0319646572649	0.0562986114863	0.0612023944658	0.0377484716971	-0.099304907471	0.00726165458072	0.00952154984925	0.0132946395497	-0.0544201185942	0.0335508323185	-0.0499917720946	-0.0314251928506	0.0612049948814	-0.101522889701	0.00467929621408	0.0932899298128	-0.0854024372737	-0.0139300171196	-0.0463315430756	-0.00925969561508	-0.0338535575378	-0.0836253560229	0.0581958694152	0.027303125674	-0.0439975541374	0.00760433104871	0.0471506584375	-0.0499634562314	0.0414554690964	-0.0180277746638	0.00768847405804	-0.0493479499495
k__Bacteria;p__Actinobacteria;c__Actinobacteria;o__Bifidobacteriales;f__Bifidobacteriaceae;g__Bifidobacterium;s__Bifidobacterium_adolescentis	-0.0394925478673	0.0222990646781	0.0239780726315	0.0252776828218	0.0121411963232	0.0237334392583	0.00613242051052	-0.00979231317998	0.0061180665325	-0.0928988495812	0.0708953446373	-0.0180220050707	0.0167774440315	0.0354789772049	-0.0454480856396	0.00244276208547	0.0301899067931	-0.0256304363816	-0.00309756356684	0.0192898337368	-0.0888684776278	-0.022637371277	0.00167547577743	1.0	0.00451318427231	0.00693175372024	-0.0264231381953	0.0325159321882	-0.0256331211667	-0.0728995267743	0.0389830372716	-0.032142845289	0.0333263877623	-0.0108867786955	0.0395221057509	-0.025061828041	-0.00484500746934	-0.0107039531677	0.0231602374989	0.0611139733748	-0.0590932915899	-0.00614362694991	0.0340841924611	0.00295442762115	-0.0224609605432	-0.00631664584547	-0.0350781590731	-0.0137738542961	0.0560070263345	-0.103185783685	0.0499788622208	-0.019846898216	-0.0175228933603	0.00274758967158	-0.00881251460674	-0.00597674869912	-0.0364913774717	-0.0707032845342	-0.0309737320525
k__Bacteria;p__Firmicutes;c__Clostridia;o__Clostridiales;f__Oscillospiraceae;g__Oscillibacter;s__Oscillibacter_sp._KLE_1745	0.00852159704995	-0.0342709944502	-0.0174396430102	-0.0100724412791	-0.0219551232872	-0.0488863881296	-0.0447699401459	-0.0295969094779	-0.0337901862177	-0.0143560510289	-0.0574400622612	-0.0220516438287	-0.0436665183522	-0.0427941538454	6.46549834535e-05	-0.0462517847433	-0.100228410474	0.059898623744	0.0323737117449	-0.0594482124997	0.0233266311879	0.0357008962516	-0.0252298541834	0.00451318427231	1.0	-0.0613868018777	-0.064266585701	-0.00963482140928	0.000965382134364	-0.0133720194258	-0.0337985662246	0.000929139816188	0.0453220605527	0.0154799167497	-0.000108140203949	-0.00714783115861	-0.0606068441815	-0.0125185983753	0.0262724454381	0.0351472397092	-0.0682012936975	-0.0152483239364	-0.101989168265	-0.0200561244327	-0.00262534333186	-0.0355490149961	-0.071148064509	-0.0837774417084	0.0662410324281	-0.00818950735147	0.044516042432	-0.045274281773	0.0267338904501	0.0180701486459	0.00171182814505	0.0450721712674	0.0678528968246	-0.0360770085436	0.0434746561127
k__Bacteria;p__Bacteroidetes;c__Bacteroidia;o__Bacteroidales;f__Bacteroidaceae;g__Bacteroides;s__Bacteroides_coprophilus	0.00720014811475	-0.0290239794839	0.00690928624693	-0.0317175959127	-0.0791082833425	0.0305048977095	-0.0474868070928	-0.0463076311025	-0.0234067048243	-0.0654647631966	-0.00522010046991	0.0329694979039	0.0433311924595	-0.0139276230273	-0.0269051759887	0.0653729278171	-0.0182184717861	0.0213568022824	-0.000913202630112	-0.0324370745066	-0.0099234853212	-0.085253069987	-0.0744412879429	0.00693175372024	-0.0613868018777	1.0	-0.0523463390794	0.0225121128005	-0.0369408688411	0.0273133973943	0.0015068777836	0.0247366614569	-0.08592843842	-0.0437339916916	-0.0186206403221	-0.0307578979719	0.103809429689	-0.107574983023	0.00355142658556	-0.0431197590661	-0.061150121121	-0.0363822579863	-0.00016429000095	0.023100025446	-0.0698378502458	-0.0976654593568	-0.0223960407703	0.0495988365967	0.0420894186261	-0.0843178966898	0.0346579716296	0.0477210965898	-0.0751928270115	-0.0440922626159	0.0367784951831	-0.0117449850396	0.0511310445219	-0.00846060959278	0.101388665188
k__Bacteria;p__Firmicutes;c__Clostridia;o__Clostridiales;f__Lachnospiraceae;g__Roseburia;s__Roseburia_intestinalis	-0.0139660864607	-0.0327917320167	-0.0245023797969	-0.0087353819517	-0.00168455871876	-0.0347660092577	0.0811410960145	0.00648757075667	-0.0362928010693	0.0457809888421	0.0642608538146	0.0874875842149	-0.0195880493048	-0.021707747232	-0.0298025487106	-0.0111940823333	0.0510286520152	0.0248051552642	-0.055353523558	0.0677047175262	-0.000440259742983	0.0218388786196	-0.0283136789618	-0.0264231381953	-0.064266585701	-0.0523463390794	1.0	-0.0168397659174	0.00273579570713	-0.0386880162435	0.0165445068918	-0.000971930811729	-0.0772029809518	0.0747562485865	-0.108009565437	-0.0581163753793	-0.0144724936665	-0.0614947355314	-0.0648446034771	-0.0439987371345	-0.0695618506301	0.0348834329922	-0.013556771364	-0.00459446784798	0.0593509399912	0.0763664439816	-0.0851309282011	7.11858209881e-05	0.0224527330603	0.0449637478365	-0.0278928337423	-0.103954922118	-0.00325782805238	-0.0106195187808	-0.0148474989864	0.0719086688766	-0.044452008532	0.0252850301301	0.0530533941759
k__Bacteria;p__Firmicutes;c__Clostridia;o__Clostridiales;f__Lachnospiraceae;g__Roseburia;s__Roseburia_hominis	-0.118913433118	-0.017278626683	0.0471810861335	-0.0711457191199	-0.000581768175588	-0.0839606641626	-0.0601835282209	-0.00433848974612	-0.0847737035497	-0.163987967966	-0.00731052685043	-0.0422529772773	0.0400504883153	0.023733496166	0.0237617589409	-0.0406527819457	-0.0325735586025	-0.0213036600077	0.00462447052888	0.0203732036089	-0.0162993729365	0.106463594198	0.0319646572649	0.0325159321882	-0.00963482140928	0.0225121128005	-0.0168397659174	1.0	0.078498134826	0.00858628345433	-0.0497888596288	-0.0469027957617	-0.0360616828071	-0.0485916202677	-0.0332358483576	0.0293001799329	-0.0439774316638	0.0625204406044	-0.0423697970456	-0.0240458326826	0.0492242053534	0.0172812666735	-0.0559740515079	-0.0479282372718	-0.0234989753329	-0.0100683636991	0.0353231547821	-0.0505258804976	0.0228069764124	-0.0632079580457	-0.00404779734272	-0.0019059465143	-0.0687018499478	-0.00117309694758	-0.00493542377185	0.0369566969169	-0.0304636242089	-0.0192193349236	0.0290906314
k__Bacteria;p__Bacteroidetes;c__Bacteroidia;o__Bacteroidales;f__Porphyromonadaceae;g__Parabacteroides;s__Parabacteroides_johnsonii	0.000727746974002	-0.0559841724367	0.0426555875143	-0.00537893059538	-0.0310445873625	0.0290760877387	-0.00778560795607	0.000618831896954	-0.0349114435383	-0.0200587130612	5.51658762747e-05	0.0298700827608	-0.0372317393663	0.0332936495718	-0.0450674887483	-0.111741411188	0.0878666424233	-0.0437128150924	-0.0487864975254	0.0448505691644	-0.0877251128102	-0.010235179408	0.0562986114863	-0.0256331211667	0.000965382134364	-0.0369408688411	0.00273579570713	0.078498134826	1.0	-0.0967598816602	-0.0251386797333	-0.0189213301644	-0.0413931495024	0.0324879883809	0.036266197941	-0.034416767054	-0.0885082876725	-0.0059651173675	-0.0106336188396	-0.0790057596478	0.066938714484	0.0208720585748	-0.0600159708453	-0.045545463232	-0.0793597746129	0.0528082775235	0.0437475395344	-0.0315005754219	-0.0218833841626	0.048000988307	0.00423004736863	-0.0864438788514	-0.0516427202393	0.0334889409523	-0.0750818326626	-0.000442077647913	-0.0604484802479	0.0384008114366	-0.0253843231156
k__Bacteria;p__Actinobacteria;c__Actinobacteria;o__Bifidobacteriales;f__Bifidobacteriaceae;g__Bifidobacterium;s__Bifidobacterium_longum	0.0194647220898	0.034854236076	-0.0443608720539	0.0729241056165	-0.0225508323895	-0.053823499897	-0.00599104235428	0.00578705923237	-0.0291203737463	-0.0879214579055	0.0128219871415	-0.0204388677235	0.0320398388706	-0.0582091833134	-0.0367683453398	-0.0209266077155	0.00489414768324	0.0229769146632	-0.0393367647008	0.0180061800432	0.0461580072867	-0.0678120215083	0.0612023944658	-0.0728995267743	-0.0133720194258	0.0273133973943	-0.0386880162435	0.00858628345433	-0.0967598816602	1.0	0.00880328762444	-0.0754404016611	0.0166768634495	-0.0208194949142	-0.00531062996289	-0.0441826807668	0.00749540614931	0.0510543188392	0.120484360559	-0.0318406038518	-0.0795956373223	-0.0456636562646	-0.0423235000345	-0.00906989295732	-0.0585169709889	-0.082204331835	-0.0263542050865	-0.0905836275387	0.0157483697318	0.0223364871171	-0.0407509759364	-0.026342991696	-0.076014226021	-0.0302036230213	0.0102248142357	-0.0432668181056	-0.0677164782089	-0.055671750155	-0.00998367266471
