#taxonomy	k__Bacteria;p__Bacteroidetes;c__Bacteroidia;o__Bacteroidales;f__Bacteroidaceae;g__Bacteroides;s__Bacteroides_vulgatus	k__Bacteria;p__Bacteroidetes;c__Bacteroidia;o__Bacteroidales;f__Bacteroidaceae;g__Bacteroides;s__Bacteroides_uniformis	k__Bacteria;p__Bacteroidetes;c__Bacteroidia;o__Bacteroidales;f__Rikenellaceae;g__Alistipes;s__Alistipes_putredinis	k__Bacteria;p__Bacteroidetes;c__Bacteroidia;o__Bacteroidales;f__Prevotellaceae;g__Prevotella;s__Prevotella_copri	k__Bacteria;p__Bacteroidetes;c__Bacteroidia;o__Bacteroidales;f__Bacteroidaceae;g__Bacteroides;s__Bacteroides_stercoris	k__Bacteria;p__Bacteroidetes;c__Bacteroidia;o__Bacteroidales;f__Bacteroidaceae;g__Bacteroides;s__Bacteroides_ovatus	k__Bacteria;p__Bacteroidetes;c__Bacteroidia;o__Bacteroidales;f__Rikenellaceae;g__Alistipes;s__Alistipes_shahii	k__Bacteria;p__Firmicutes;c__Clostridia;o__Clostridiales;f__Ruminococcaceae;g__Faecalibacterium;s__Faecalibacterium_prausnitzii	k__Bacteria;p__Bacteroidetes;c__Bacteroidia;o__Bacteroidales;f__Rikenellaceae;g__Alistipes;s__Alistipes_finegoldii	k__Bacteria;p__Bacteroidetes;c__Bacteroidia;o__Bacteroidales;f__Porphyromonadaceae;g__Parabacteroides;s__Parabacteroides_distasonis	k__Bacteria;p__Bacteroidetes;c__Bacteroidia;o__Bacteroidales;f__Bacteroidaceae;g__Bacteroides;s__Bacteroides_thetaiotaomicron	k__Bacteria;p__Bacteroidetes;c__Bacteroidia;o__Bacteroidales;f__Bacteroidaceae;g__Bacteroides;s__Bacteroides_coprocola	k__Bacteria;p__Bacteroidetes;c__Bacteroidia;o__Bacteroidales;f__Bacteroidaceae;g__Bacteroides;s__Bacteroides_cellulosilyticus	k__Bacteria;p__Bacteroidetes;c__Bacteroidia;o__Bacteroidales;f__Rikenellaceae;g__Alistipes;s__Alistipes_obesi	k__Bacteria;p__Firmicutes;c__Clostridia;o__Clostridiales;f__Lachnospiraceae;g__;s__[Eubacterium]_rectale	k__Bacteria;p__Bacteroidetes;c__Bacteroidia;o__Bacteroidales;f__Bacteroidaceae;g__Bacteroides;s__Bacteroides_plebeius	k__Bacteria;p__Bacteroidetes;c__Bacteroidia;o__Bacteroidales;f__Bacteroidaceae;g__Bacteroides;s__Bacteroides_fragilis	k__Bacteria;p__Proteobacteria;c__Betaproteobacteria;o__Burkholderiales;f__Sutterellaceae;g__Sutterella;s__Sutterella_wadsworthensis	k__Bacteria;p__Bacteroidetes;c__Bacteroidia;o__Bacteroidales;f__Porphyromonadaceae;g__Barnesiella;s__Barnesiella_intestinihominis	k__Bacteria;p__Bacteroidetes;c__Bacteroidia;o__Bacteroidales;f__Odoribacteraceae;g__Odoribacter;s__Odoribacter_splanchnicus	k__Bacteria;p__Bacteroidetes;c__Bacteroidia;o__Bacteroidales;f__Bacteroidaceae;g__Bacteroides;s__Bacteroides_salyersiae	k__Bacteria;p__Firmicutes;c__Clostridia;o__Clostridiales;f__Ruminococcaceae;g__Ruminiclostridium;s__[Eubacterium]_siraeum	k__Bacteria;p__Proteobacteria;c__Betaproteobacteria;o__Burkholderiales;f__Sutterellaceae;g__Parasutterella;s__Parasutterella_excrementihominis	k__Bacteria;p__Actinobacteria;c__Actinobacteria;o__Bifidobacteriales;f__Bifidobacteriaceae;g__Bifidobacterium;s__Bifidobacterium_adolescentis	k__Bacteria;p__Firmicutes;c__Clostridia;o__Clostridiales;f__Oscillospiraceae;g__Oscillibacter;s__Oscillibacter_sp._KLE_1745	k__Bacteria;p__Bacteroidetes;c__Bacteroidia;o__Bacteroidales;f__Bacteroidaceae;g__Bacteroides;s__Bacteroides_coprophilus	k__Bacteria;p__Firmicutes;c__Clostridia;o__Clostridiales;f__Lachnospiraceae;g__Roseburia;s__Roseburia_intestinalis	k__Bacteria;p__Firmicutes;c__Clostridia;o__Clostridiales;f__Lachnospiraceae;g__Roseburia;s__Roseburia_hominis	k__Bacteria;p__Bacteroidetes;c__Bacteroidia;o__Bacteroidales;f__Porphyromonadaceae;g__Parabacteroides;s__Parabacteroides_johnsonii	k__Bacteria;p__Actinobacteria;c__Actinobacteria;o__Bifidobacteriales;f__Bifidobacteriaceae;g__Bifidobacterium;s__Bifidobacterium_longum	k__Bacteria;p__Firmicutes;c__Clostridia;o__Clostridiales;f__;g__Flavonifractor;s__Flavonifractor_plautii	k__Bacteria;p__Firmicutes;c__Clostridia;o__Clostridiales;f__Clostridiaceae;g__Clostridium;s__Clostridium_phoceensis	k__Bacteria;p__Verrucomicrobia;c__Verrucomicrobiae;o__Verrucomicrobiales;f__Akkermansiaceae;g__Akkermansia;s__Akkermansia_muciniphila	k__Bacteria;p__Bacteroidetes;c__Bacteroidia;o__Bacteroidales;f__Prevotellaceae;g__Paraprevotella;s__Paraprevotella_xylaniphila	k__Bacteria;p__Firmicutes;c__Clostridia;o__Clostridiales;f__Ruminococcaceae;g__Ruminococcus;s__Ruminococcus_callidus	k__Bacteria;p__Bacteroidetes;c__Bacteroidia;o__Bacteroidales;f__Rikenellaceae;g__Alistipes;s__Alistipes_senegalensis	k__Bacteria;p__Firmicutes;c__Clostridia;o__Clostridiales;f__Lachnospiraceae;g__Blautia;s__Blautia_sp._KLE_1732	k__Bacteria;p__Bacteroidetes;c__Bacteroidia;o__Bacteroidales;f__Bacteroidaceae;g__Bacteroides;s__Bacteroides_oleiciplenus	k__Bacteria;p__Firmicutes;c__Clostridia;o__Clostridiales;f__Ruminococcaceae;g__Ruminococcus;s__Ruminococcus_bicirculans	k__Bacteria;p__Bacteroidetes;c__Bacteroidia;o__Bacteroidales;f__Bacteroidaceae;g__Bacteroides;s__Bacteroides_fluxus	k__Bacteria;p__Bacteroidetes;c__Bacteroidia;o__Bacteroidales;f__Prevotellaceae;g__Prevotella;s__Prevotella_stercorea	k__Bacteria;p__Firmicutes;c__Clostridia;o__Clostridiales;f__Lachnospiraceae;g__Dorea;s__Dorea_longicatena	k__Bacteria;p__Firmicutes;c__Clostridia;o__Clostridiales;f__Eubacteriaceae;g__Eubacterium;s__[Eubacterium]_eligens	k__Bacteria;p__Firmicutes;c__Clostridia;o__Clostridiales;f__Ruminococcaceae;g__;s__Ruminococcaceae_bacterium_D16	k__Bacteria;p__Firmicutes;c__Clostridia;o__Clostridiales;f__Lachnospiraceae;g__Coprococcus;s__Coprococcus_comes	k__Bacteria;p__Proteobacteria;c__Gammaproteobacteria;o__Enterobacterales;f__Enterobacteriaceae;g__Escherichia;s__Escherichia_coli	k__Bacteria;p__Firmicutes;c__Clostridia;o__Clostridiales;f__Ruminococcaceae;g__Anaerotruncus;s__Anaerotruncus_colihominis	k__Bacteria;p__Firmicutes;c__Clostridia;o__Clostridiales;f__Lachnospiraceae;g__Blautia;s__Blautia_obeum	k__Bacteria;p__Bacteroidetes;c__Bacteroidia;o__Bacteroidales;f__Odoribacteraceae;g__Odoribacter;s__Odoribacter_laneus	k__Bacteria;p__Firmicutes;c__Clostridia;o__Clostridiales;f__Ruminococcaceae;g__Ruminiclostridium;s__[Clostridium]_leptum	k__Bacteria;p__Bacteroidetes;c__Bacteroidia;o__Bacteroidales;f__Porphyromonadaceae;g__Parabacteroides;s__Parabacteroides_goldsteinii	k__Bacteria;p__Firmicutes;c__Clostridia;o__Clostridiales;f__Lachnospiraceae;g__Anaerostipes;s__Anaerostipes_hadrus	k__Bacteria;p__Firmicutes;c__Clostridia;o__Clostridiales;f__Ruminococcaceae;g__Ruminococcus;s__Ruminococcus_lactaris	k__Bacteria;p__Firmicutes;c__Clostridia;o__Clostridiales;f__Clostridiaceae;g__Clostridium;s__Clostridium_sp._L2-50	k__Bacteria;p__Firmicutes;c__Clostridia;o__Clostridiales;f__Clostridiaceae;g__Clostridium;s__Clostridium_sp._M62/1	k__Bacteria;p__Firmicutes;c__Clostridia;o__Clostridiales;f__;g__Intestinimonas;s__Intestinimonas_butyriciproducens	k__Bacteria;p__Actinobacteria;c__Actinobacteria;o__Bifidobacteriales;f__Bifidobacteriaceae;g__Bifidobacterium;s__Bifidobacterium_bifidum	k__Bacteria;p__Firmicutes;c__Negativicutes;o__Veillonellales;f__Veillonellaceae;g__Dialister;s__Dialister_invisus	k__Bacteria;p__Bacteroidetes;c__Bacteroidia;o__Bacteroidales;f__Bacteroidaceae;g__Bacteroides;s__Bacteroides_salanitronis
k__Bacteria;p__Bacteroidetes;c__Bacteroidia;o__Bacteroidales;f__Bacteroidaceae;g__Bacteroides;s__Bacteroides_vulgatus	1.0	0.0526519370966	0.000420884827669	-0.00422423923641	0.050257852873	-0.0436331169689	0.00959581601997	-0.0494064148129	-0.0577421828916	-0.0363547224019	0.0473740244865	0.0316266848806	-0.0150563030906	-0.0145529471083	-0.0597707981629	0.0232005259172	0.0182557433983	-0.107605528571	-0.0822395223903	0.0271552270879	-0.102853453524	-0.0429897304941	0.0204488219293	0.0160614309194	-0.00440009079538	-0.0157429323369	0.00738078229346	0.00539496567269	9.07191933963e-05	-0.0370162430498	-0.0585522147105	-0.00300315480028	-0.0227800424695	-0.00324928929218	-0.0132327182167	0.0369116464641	-0.100825291994	0.00244683682493	-0.012576163069	-0.0289072067511	-0.0590513038348	0.027547574494	0.0457410256434	0.0716109145762	-0.0109807322424	0.059322382582	0.0223180988509	0.0590086079767	0.000188414115274	0.0326201502557	-0.0210243180946	-0.00734016547439	-0.0642611614486	0.0250068671783	-0.0906008482467	-0.00955704654475	-0.0667404782719	-0.0634122815158	-0.0607974833116
k__Bacteria;p__Bacteroidetes;c__Bacteroidia;o__Bacteroidales;f__Bacteroidaceae;g__Bacteroides;s__Bacteroides_uniformis	0.0526519370966	1.0	-0.0740708089816	-0.0900409389451	-0.0312287965707	0.0261285509716	0.0521631042163	-0.0634667851258	0.0670972321548	0.0182237253416	-0.0389899701683	-0.0527236764813	-0.0320368664666	-0.0510957458759	0.096578852308	-0.0725620269135	0.00281458874191	-0.0700515222493	0.00756760421931	0.0301934401021	-0.092852885784	-0.00239915469199	-0.0890858231012	-0.0183736737171	-0.0233446104876	-0.0222416433468	0.0467060360788	0.0172552774472	0.0869511358463	0.0505134193905	-0.0562744445106	-0.0355410716104	-0.0331995357157	-0.0582269518919	0.0461401152915	0.0455509514925	0.0571979410256	-0.0683326657523	-0.00391354148723	-0.0267040525037	-0.0709201621619	-0.0549477517042	-0.0868085193566	0.0203067093092	-0.0161416344055	0.0962077612241	-0.0331484747851	0.015535526555	-0.00143183734533	0.0249757970863	-0.0305017428391	0.0180901201055	-0.053374145084	-0.0692510859538	0.0499307706749	-0.0217402009668	0.0534222607149	-0.0628470518829	0.000953202244811
k__Bacteria;p__Bacteroidetes;c__Bacteroidia;o__Bacteroidales;f__Rikenellaceae;g__Alistipes;s__Alistipes_putredinis	0.000420884827669	-0.0740708089816	1.0	-0.00246566313333	-0.11398916987	-0.0222926398882	-0.012735443032	-0.0805419414025	-0.046784631435	0.0329462187118	-0.00747086201309	-0.0190863790857	-0.0577820156386	-0.0609527349278	0.00195028579108	-0.0810859004927	-0.115570639522	0.0715485719759	-0.0195852590326	-0.0641002864645	-0.0345657401777	-0.122258907102	0.0670797038644	-0.00127776482997	-0.018160341151	-0.018475130364	-0.00413296065609	-0.0334440635837	0.049955440658	-0.0290859774679	0.0143525303728	-0.0600437809169	-0.000480985762789	-0.0849302058961	-0.107652272329	-0.0177159598145	0.0286144875572	-0.0214989312203	-0.0132630228336	0.0167489806792	0.0825718636979	0.0160182103913	0.0606986174634	-0.0282459885697	-0.0268623311949	-0.0367155162196	-0.079257239355	0.0177246194689	-0.0757805146405	-0.0506202910546	-0.0493988617399	-0.0291299696894	0.0385219104308	-0.00666208262001	0.00133045027059	-0.051209547985	-0.0213885609741	-0.0238185837438	-0.0652275349431
k__Bacteria;p__Bacteroidetes;c__Bacteroidia;o__Bacteroidales;f__Prevotellaceae;g__Prevotella;s__Prevotella_copri	-0.00422423923641	-0.0900409389451	-0.00246566313332	1.0	-0.0938891717888	-0.0086899388807	-0.0574945298662	-0.0108869009061	-0.0682871762541	-0.0188852719993	-0.0159896811774	0.0672687859467	-0.0465859191149	-0.065722202367	0.0296913099565	-0.0392888424176	-0.00242132866831	-0.029194833594	-0.0740149586737	0.0401448793107	-0.00185407462781	-0.0401982782935	0.0154938386584	0.0228524991638	-0.0185413008234	0.000660246428948	-0.0712223608072	-0.0682685223702	0.0513864470216	0.00792852894082	-0.086883250396	-0.080146970831	0.00830364199355	-0.0244682474079	-0.0395174564475	0.0229945974061	0.0764476230877	-0.0221420552912	-0.060557998867	-0.0425887753474	-0.0365565602623	-0.0362156871431	-0.046665877439	0.00991698018765	-0.0144604927534	-0.0244637711156	0.0347833573609	-0.0378604004475	0.00299126077709	-0.132787927828	-0.0420568689617	0.0457883671044	-0.0337251667656	0.0453903910572	-0.0408753274396	-0.0120097494306	0.00628049930548	0.0296067379696	-0.0474201167963
k__Bacteria;p__Bacteroidetes;c__Bacteroidia;o__Bacteroidales;f__Bacteroidaceae;g__Bacteroides;s__Bacteroides_stercoris	0.050257852873	-0.0312287965707	-0.11398916987	-0.0938891717888	1.0	-0.0380859341035	0.0100847792942	0.124864669465	0.00339210974596	-0.0384532865208	-0.0568416122532	-0.0288532959659	-0.0297208944331	0.0348646765874	-0.0767120320704	-0.0334292544388	0.00746760997539	-0.0391128760222	-0.0142952741504	0.00337753472699	-0.114703510073	0.0509063171696	-0.0343744820802	-0.00156779948774	-0.00585545583706	-0.0285809235476	-0.0374637101643	0.0140957126675	0.00108361577634	0.0410837445763	-0.0196189166892	0.00708654307108	0.0613707091938	0.0212120349482	-0.0359707688937	0.0398232489976	-0.00779374889339	0.00499734398374	-0.0293402903667	-0.0514696044265	-0.0218947999731	0.0140230832127	0.00622551571743	-0.0230167964197	-0.0572110199176	-0.0137069915827	-0.0241483208524	0.0472402930714	-0.010448223848	-0.0263208380463	-0.0702267623144	-0.0635571559838	0.0430972021394	0.0085929234936	-0.069846815036	0.0511615219304	0.0119482296211	0.00850677212574	0.120231565757
k__Bacteria;p__Bacteroidetes;c__Bacteroidia;o__Bacteroidales;f__Bacteroidaceae;g__Bacteroides;s__Bacteroides_ovatus	-0.0436331169689	0.0261285509716	-0.0222926398882	-0.0086899388807	-0.0380859341035	1.0	-0.082048457773	-0.0161565459946	-0.0887527215862	0.0102755707156	0.00250468076236	-0.027167232103	-0.095034586115	-0.0037942624096	-0.0483249958155	0.041528204851	-0.00769125777914	0.00344091144708	-0.0549290013997	0.00331052204901	-0.0395017901363	-0.0091199949211	-0.0472592511373	-0.00942985293302	-0.0888011138345	-0.04500749266	0.0359800192987	-0.042758083881	-0.0461655507793	-0.0240412662787	-0.0342729847234	-0.0318877712641	0.0208891048062	-0.0756452684236	0.0105395221254	0.0816292200304	0.0529480330528	0.0369194701039	0.0620292086654	-0.0428694857869	-0.0808370289473	0.0108087626764	-0.0174320099813	-0.00429384590084	-0.00750188655487	-0.0830979645476	-0.0026517347466	-0.0213402582057	0.00820473360305	-0.0521542293479	0.023076940297	0.020126100789	-0.0241612353795	-0.0113500577208	-0.0193544750308	-0.0039369341223	0.00403309454796	-0.0245265608467	0.0825836350851
k__Bacteria;p__Bacteroidetes;c__Bacteroidia;o__Bacteroidales;f__Rikenellaceae;g__Alistipes;s__Alistipes_shahii	0.00959581601997	0.0521631042163	-0.012735443032	-0.0574945298662	0.0100847792942	-0.082048457773	1.0	0.0604585935886	-0.0104331883309	-0.0410975423237	0.0485155619332	-0.0952920893294	0.044350906259	-0.0904614402975	-0.0517108137609	-0.0355459464723	-0.0492979887939	-0.00308640068544	0.0599867404332	-0.0127870686426	0.00706926997588	-0.0633128286343	0.0343490841532	-0.0257854641248	-0.0213106593485	-0.0458131624975	0.0108942949272	0.110823489264	0.0659384752687	-0.0366330371952	-0.003467867708	-0.0475921140236	-0.0146213908544	-0.0337788717309	0.0406493337029	-0.0532242802421	0.0667520318664	-0.00188189954078	-0.0198238894688	-0.0444521088555	0.0261273123545	-0.00135564102466	0.00112023444683	0.0284178326109	-0.0141702839311	-0.0458963341224	0.0205791450432	-0.0881212285647	0.000285988379714	0.00898264427072	0.0396114219625	-0.150070088294	0.00893998452833	0.00026913753339	0.0380202871399	-0.0138860772397	0.0529115255917	0.00729836598088	-0.0822762660202
k__Bacteria;p__Firmicutes;c__Clostridia;o__Clostridiales;f__Ruminococcaceae;g__Faecalibacterium;s__Faecalibacterium_prausnitzii	-0.0494064148129	-0.0634667851258	-0.0805419414025	-0.0108869009061	0.124864669465	-0.0161565459946	0.0604585935886	1.0	0.00675205788995	0.0553958633076	-0.0849701545075	-0.119919486336	-0.034307768418	-0.0419636629469	0.0717887771413	0.0608586531206	-0.0386559476784	-0.0188275050817	-0.0630691677527	-0.0606160884014	-0.0303266382737	-0.0154980716768	-0.0126272048676	-0.0701962401081	-0.00142864407182	-0.0270963106116	-0.0236941500085	-0.0521147251213	-0.047786215973	-0.0156955983153	-0.0695797463752	0.0430543515403	0.0238536939339	0.0889492088167	-0.012659309851	-0.0518244378557	-0.0510307159176	-0.0990174705988	-0.0231460508465	0.00424890920663	0.0315933334111	0.00363594415001	-0.0370559678797	0.00111187567753	0.0287249048329	0.0282856915677	-0.0245355788865	-0.00225509581987	-0.0101838085704	-0.0605040271434	-0.0226429038036	0.0388770144153	0.0405908860038	-0.0563277235574	-0.0273661115455	-0.0329462010067	0.0711453047439	-0.0222493818278	-0.0390940082778
k__Bacteria;p__Bacteroidetes;c__Bacteroidia;o__Bacteroidales;f__Rikenellaceae;g__Alistipes;s__Alistipes_finegoldii	-0.0577421828916	0.0670972321548	-0.046784631435	-0.0682871762541	0.00339210974596	-0.0887527215862	-0.0104331883309	0.00675205788995	1.0	-0.0598929250317	0.0211991798723	-0.0579308201088	0.0504777149312	0.073048897087	-0.0632840239182	-0.0216104952379	0.0118188829916	-0.000923295742505	-0.0373042403726	-0.00976399622598	0.0269079371864	-0.0464274588168	-0.0401475229009	-0.0516258452213	0.033770142442	0.0125323646154	-0.0324874973389	-0.0508220444256	-0.0673017543911	-0.0232708494008	-0.0259804538077	-0.012612063036	0.00633445481291	-0.0741483978683	-0.0749062414034	0.00720976468701	-0.0414758281746	-0.0253597416763	-0.0153995889871	-0.00329396960199	0.0518417012992	-0.00726702918646	-0.0284692586165	0.0263415979645	0.0532667441615	-0.0226413282666	-0.0130527251829	-0.0327787808963	0.0178279462621	-0.0118564620674	-0.0929209750834	-0.0231136891503	-0.0100488058981	-0.113594421162	-0.0144323075827	-0.000631211841372	0.0413665966765	0.0731669055815	-0.0317220921379
k__Bacteria;p__Bacteroidetes;c__Bacteroidia;o__Bacteroidales;f__Porphyromonadaceae;g__Parabacteroides;s__Parabacteroides_distasonis	-0.0363547224019	0.0182237253416	0.0329462187118	-0.0188852719993	-0.0384532865208	0.0102755707156	-0.0410975423237	0.0553958633076	-0.0598929250317	1.0	-0.0239524883553	0.0286241772894	0.0654408584024	-0.0518145609907	-0.105529191817	0.0189086070627	0.0173253658207	-0.104320320739	-0.0402233928435	-0.0519607336919	0.0591956795326	-0.0298213791556	-0.0321788225544	-0.0606940209149	-0.00118728450316	0.0136231506837	-0.0597045926547	0.0541093831651	-0.0694870261102	-0.0301805535337	-0.0165764021701	-0.0172429122827	0.0535188504682	-0.0460272715775	-0.0560896702813	0.031350544461	-0.0153287344375	-0.0796615304356	-0.0150934736606	-0.0499559076209	-0.0368989517903	0.00397207040013	0.045242077648	-0.0348309875592	0.0378019465003	-0.0263923332844	0.0480530337385	-0.043210197836	0.00829198223817	0.0442019629448	-0.0325554277025	0.0172067936026	-0.0626576793151	0.034192664917	-0.0017803807352	-0.0636390101221	-0.0734061922041	0.0459354982223	0.0483680721649
k__Bacteria;p__Bacteroidetes;c__Bacteroidia;o__Bacteroidales;f__Bacteroidaceae;g__Bacteroides;s__Bacteroides_thetaiotaomicron	0.0473740244865	-0.0389899701683	-0.00747086201309	-0.0159896811774	-0.0568416122532	0.00250468076236	0.0485155619332	-0.0849701545075	0.0211991798723	-0.0239524883553	1.0	0.00759156155931	-0.038778416149	-0.0411946175189	-0.0376208892107	0.0149098717863	-0.0150162436891	-0.0350943160752	0.058730203447	-0.0753918860754	-0.0650999195457	-0.0314956247641	-0.0135687362626	0.0280632067357	-0.0627731674614	0.0622821481003	0.0266793069461	0.0221157454417	-0.0246186131105	0.0248846343939	-0.00251015887425	0.031248247507	-0.019944757275	-0.00638874878066	0.0609272790445	-0.0264854515004	-0.0574875833564	-0.0223072073406	-0.0814844805597	-0.0716086596744	-0.0591775777846	-0.0290056159661	0.0580154375038	0.0181383938301	-0.0408419879184	-0.0496551488406	-0.00363965895593	-0.00637431518475	-0.0249795848275	-0.0754039831375	0.0468743435705	-0.0071967698402	0.0267431415763	0.058087033497	-0.00870363927207	-0.138403712848	0.0124428831444	0.0177659470103	0.0404438099928
k__Bacteria;p__Bacteroidetes;c__Bacteroidia;o__Bacteroidales;f__Bacteroidaceae;g__Bacteroides;s__Bacteroides_coprocola	0.0316266848806	-0.0527236764813	-0.0190863790857	0.0672687859467	-0.0288532959659	-0.027167232103	-0.0952920893294	-0.119919486336	-0.0579308201088	0.0286241772894	0.00759156155931	1.0	-0.148436556147	0.0154585136242	0.00939180757615	-0.03981441905	-0.0803865143093	0.0713259194908	0.0145164113924	-0.0242803365816	-0.0728028207054	-0.039196823823	-0.0349204278188	-0.0519010937742	0.0856663888102	0.034211252619	-0.00254271654764	-0.00441302983178	0.0390044551924	0.00170009915412	-0.102717836173	-0.0590217117923	-0.048770051232	0.0423148274367	0.0102770685806	0.000198950189762	-0.0396844734452	-0.0145481272818	-0.0262289079004	0.00466384796554	0.0227143300279	0.0716023887023	-0.022280692452	-0.108349310583	-0.0115318458444	-0.0243285503784	-0.0754687550995	0.0288265470279	-0.0305085908578	0.0600766029159	-0.0255240417236	-0.0203272316891	0.0197792977063	-0.0604223096959	-0.0185005860513	-0.0345594143015	0.0341874314346	-0.048840452309	0.0562511679766
k__Bacteria;p__Bacteroidetes;c__Bacteroidia;o__Bacteroidales;f__Bacteroidaceae;g__Bacteroides;s__Bacteroides_cellulosilyticus	-0.0150563030906	-0.0320368664666	-0.0577820156386	-0.0465859191149	-0.0297208944331	-0.095034586115	0.044350906259	-0.034307768418	0.0504777149312	0.0654408584024	-0.038778416149	-0.148436556147	1.0	-0.010797882078	-0.0358272306805	0.0162417102492	-0.0248882944359	-0.0541245983654	-0.0469165832781	0.0158401508351	-0.0716607056484	-0.0149088810945	0.0276523313328	-0.124812301831	0.0215912207004	0.0135597610443	-0.0375622271824	0.0109549255165	0.0356421466163	-0.0841838501969	-0.0144731788763	0.10530591504	-0.0728087055493	-0.0344223993059	-0.022078137607	0.0115399320073	-0.0358442249606	-0.0155217102176	0.0144505556752	-0.0548754461405	0.00281439177247	0.0157425063514	-0.0342365175729	-0.0011676001774	0.0538314402041	0.0103881444454	-0.0124745036079	0.0451381121325	-0.0314922781575	0.0428316206632	-0.0182541058944	-0.0148985800684	0.00030883645656	-0.02377984108	0.0660944571993	0.0275376987098	-0.0150773189328	-0.0522092676396	0.0317710236884
k__Bacteria;p__Bacteroidetes;c__Bacteroidia;o__Bacteroidales;f__Rikenellaceae;g__Alistipes;s__Alistipes_obesi	-0.0145529471083	-0.0510957458759	-0.0609527349278	-0.065722202367	0.0348646765874	-0.0037942624096	-0.0904614402975	-0.0419636629469	0.073048897087	-0.0518145609907	-0.0411946175189	0.0154585136242	-0.010797882078	1.0	-0.00191699183377	-0.0235934586835	0.0119355632233	-0.0553897415939	0.0491744993369	-0.0173622045531	-0.0826139185456	-0.0361909091271	0.011751341982	-0.0437374882567	-0.0832591023622	-0.0363895169194	0.022848291895	-0.0154564430422	0.029924495817	-0.0639027913413	-0.00811148921627	0.0258603497734	0.00976120541895	-0.0041351399323	-0.0128325335298	0.0888319009339	0.00253227734519	-0.0535820917596	-0.0156479156371	-0.0346709108857	-0.00178790208101	-0.0628407810585	0.012096450007	0.0213057250294	0.0365059645037	-0.0715976923918	-0.118838194791	0.0744149296349	0.0103916251581	-0.119448189829	0.0136609796247	0.00246624439871	0.0320590284205	-0.0538459087207	-0.0208578336816	0.0388283299498	-0.0420132541632	-0.0658975321364	-0.032658041483
k__Bacteria;p__Firmicutes;c__Clostridia;o__Clostridiales;f__Lachnospiraceae;g__;s__[Eubacterium]_rectale	-0.0597707981629	0.096578852308	0.00195028579108	0.0296913099565	-0.0767120320704	-0.0483249958155	-0.0517108137609	0.0717887771413	-0.0632840239182	-0.105529191817	-0.0376208892107	0.00939180757615	-0.0358272306805	-0.00191699183377	1.0	-0.0525165311749	-0.0433341520046	0.0282228850349	0.0564092683816	-0.116945240819	-0.0201658538476	-0.0288299465147	-0.0430199516451	0.151523268466	-0.000777621606761	-0.0834521866599	0.0020418735381	-0.047507411684	0.0141273511985	0.0117606863294	-0.0264214905005	0.0182333363122	0.0368748318658	-0.0490515903638	0.0612026174533	-0.0361123491438	0.0120615127816	0.000401557241289	-0.0763909918345	-0.0641092892508	-0.0101240036824	-0.0207494412329	-0.123221308696	0.0146567824886	-0.00464608466645	0.00455388957288	-0.0815069835565	-0.0417710382752	0.102407126616	-0.0208552220135	0.0315493052911	-0.0118373443404	-0.0799864767474	-0.0640088858207	0.00980469048321	-0.0239263816532	-0.0359701939504	0.0597357371141	-0.1275864563
k__Bacteria;p__Bacteroidetes;c__Bacteroidia;o__Bacteroidales;f__Bacteroidaceae;g__Bacteroides;s__Bacteroides_plebeius	0.0232005259172	-0.0725620269135	-0.0810859004927	-0.0392888424176	-0.0334292544388	0.041528204851	-0.0355459464723	0.0608586531206	-0.0216104952379	0.0189086070627	0.0149098717863	-0.03981441905	0.0162417102492	-0.0235934586835	-0.0525165311749	1.0	-0.000981301912062	0.00961855642274	-0.0086580200272	-0.0324713802568	-0.0614849600097	0.00179572766049	-0.0287792977959	-0.0608834989038	0.0361860140791	-0.0313084042928	-0.0600942810267	0.0746757098582	0.0393914200476	0.0146438333125	-0.0664713821151	-0.116664830448	0.038330737505	0.0163047090924	-0.0152462258396	-0.0991349575222	-0.0456336822839	0.00656349010122	0.0480671768489	-0.0579199085046	-0.00762505053479	0.0380749377351	-0.0233186318622	-0.0393272250364	0.0340613985719	0.0219326400002	-0.0438891254569	-0.0813815004681	0.00606927349541	-0.029526773844	-0.0130172332273	0.0298931597557	0.0222426714096	-0.0604739299969	0.00706933230512	-0.0255060093152	-0.0701288680456	-0.0667715026831	-0.0266160035475
k__Bacteria;p__Bacteroidetes;c__Bacteroidia;o__Bacteroidales;f__Bacteroidaceae;g__Bacteroides;s__Bacteroides_fragilis	0.0182557433983	0.00281458874191	-0.115570639522	-0.00242132866831	0.00746760997539	-0.00769125777914	-0.0492979887939	-0.0386559476784	0.0118188829916	0.0173253658207	-0.0150162436891	-0.0803865143093	-0.0248882944359	0.0119355632233	-0.0433341520046	-0.000981301912062	1.0	-0.0398299832051	-0.0684166407692	0.0532157143958	0.0255571757761	-0.115195795082	0.0455990203412	-0.00954143716349	-0.00743055788342	-0.036530080977	0.0123950291337	-0.0400885890409	0.0431882366734	-0.0501363162163	-0.0121874467231	-0.0264842675545	-0.0648241273171	-0.0450859407791	0.0320936190323	-0.0146503867297	0.00740072691243	0.0335760694617	0.028549709342	-0.0407597124058	-0.0518669208771	-0.0262280237825	0.00493406868177	-0.0898098446377	-0.0748125007442	-0.112169373924	-0.037967788697	-0.0426112217136	-0.0352496974113	0.0376259485046	-0.0235837169793	0.0106279364647	0.0334785104375	-0.0246089477464	-0.0240822173929	-0.030128483091	-0.00337876252508	0.0247958966173	0.0446094066984
k__Bacteria;p__Proteobacteria;c__Betaproteobacteria;o__Burkholderiales;f__Sutterellaceae;g__Sutterella;s__Sutterella_wadsworthensis	-0.107605528571	-0.0700515222493	0.0715485719759	-0.029194833594	-0.0391128760222	0.00344091144708	-0.00308640068544	-0.0188275050817	-0.000923295742505	-0.104320320739	-0.0350943160752	0.0713259194908	-0.0541245983654	-0.0553897415939	0.0282228850349	0.00961855642274	-0.0398299832051	1.0	0.0132083281848	0.00807715126262	-0.00234586515164	0.0949934055134	-0.0622865264085	-0.0362273309026	0.0184234893292	-0.0364004471969	-0.0220903589195	-0.0478998263438	-0.0277599465051	-0.0951278252068	-0.0184731773531	0.0526917784889	-0.0614244450416	-0.0140219019426	-0.0522153382503	-0.0225870822245	0.0111311726087	-0.0116633896211	-0.0232779936185	0.00336551022329	-0.0482988796225	0.0531621097411	-0.00522832614543	-0.0447407011267	0.0604903678773	0.00661247782184	-0.00932202886558	0.0260683982418	-0.0148212383925	0.00902090035391	0.0345583841906	-0.00253404898469	-0.0294982700497	0.0464530029678	-0.0212017365478	0.0247136959723	-0.0843628015226	-0.00530489029628	0.0102650880132
k__Bacteria;p__Bacteroidetes;c__Bacteroidia;o__Bacteroidales;f__Porphyromonadaceae;g__Barnesiella;s__Barnesiella_intestinihominis	-0.0822395223903	0.00756760421931	-0.0195852590326	-0.0740149586737	-0.0142952741504	-0.0549290013997	0.0599867404332	-0.0630691677527	-0.0373042403726	-0.0402233928435	0.058730203447	0.0145164113924	-0.0469165832781	0.0491744993369	0.0564092683816	-0.0086580200272	-0.0684166407692	0.0132083281848	1.0	0.0300182654971	-0.0168278069246	-0.0188108380743	-0.0272901162783	-0.0586496602058	-0.0189018103536	0.025319835007	0.0407698447665	-0.0609665551781	-0.00089077223601	0.0265243405139	-0.0201079697471	0.034925875196	0.00774253673616	0.0622478651415	0.0781297861594	-0.0775713956285	0.0297250017133	-0.00753555854273	-0.0591285296215	-0.0605372900805	0.00661919313277	0.0438896026994	0.0108259570207	0.0294922328234	-0.0777074545108	0.0186040985412	0.00281957429751	0.0520590505419	-0.00174660939774	-0.0213848366386	-0.039740915356	-0.0149301155432	-0.0465532193001	-0.0831209210052	-0.00159960237117	-0.114470129575	1.83367040413e-05	-0.00795948146417	0.00839786205369
k__Bacteria;p__Bacteroidetes;c__Bacteroidia;o__Bacteroidales;f__Odoribacteraceae;g__Odoribacter;s__Odoribacter_splanchnicus	0.0271552270879	0.0301934401021	-0.0641002864645	0.0401448793107	0.00337753472699	0.00331052204901	-0.0127870686426	-0.0606160884014	-0.00976399622598	-0.0519607336919	-0.0753918860754	-0.0242803365816	0.0158401508351	-0.0173622045531	-0.116945240819	-0.0324713802568	0.0532157143958	0.00807715126262	0.0300182654971	1.0	-0.0124051239691	-0.0104268359751	-0.0645790447747	-0.0283974037018	-0.0113131061138	-0.0286786852316	-0.0045379535067	-0.0317600130754	0.0120652792646	-0.0045960950108	-0.0657044374374	0.0179598472691	-0.0534342578524	-0.101369968055	-0.0325962134907	-0.00688976576108	-0.0653320451511	-0.00820600203258	0.0186440517314	0.0492927874986	0.0162460106004	0.0125881098047	0.0331158213402	-0.0778104463114	0.0572258611167	-0.0143273996408	-0.0487973697382	-0.0113294972786	0.0406642774121	-0.0195138838095	-0.0711861165168	-0.154109639868	-0.0283000955229	-0.0377778923129	-0.0857456721229	-0.0794284370776	0.0559086604081	0.0170661591322	-0.0101084452191
k__Bacteria;p__Bacteroidetes;c__Bacteroidia;o__Bacteroidales;f__Bacteroidaceae;g__Bacteroides;s__Bacteroides_salyersiae	-0.102853453524	-0.092852885784	-0.0345657401777	-0.00185407462781	-0.114703510073	-0.0395017901363	0.00706926997588	-0.0303266382737	0.0269079371864	0.0591956795326	-0.0650999195457	-0.0728028207054	-0.0716607056484	-0.0826139185456	-0.0201658538476	-0.0614849600097	0.0255571757761	-0.00234586515164	-0.0168278069246	-0.0124051239691	1.0	-0.0134200692314	-0.0329876620305	0.0996170353092	0.0370010969285	-0.0194031791632	0.0330905076824	0.0195718907565	-0.0363589050444	-0.00594950900304	-0.043183967741	-0.00470734797522	0.0110091021352	-0.00627084802751	0.0291269273943	0.0395313192925	-0.00830911906092	0.0428850718052	-0.017256505313	0.0618251122504	-0.0544630071606	-0.00117419482137	0.00951203684144	-0.14391014156	0.0264448537008	-0.0537110680018	-0.0282067046953	-0.00379625960829	0.0256238613753	0.0392755041631	-0.0278512034514	-0.0299484791411	-0.059862309148	0.00249992830242	0.0671321821909	0.0378367270942	-0.0291069480911	0.00581492143016	-0.0753122880854
k__Bacteria;p__Firmicutes;c__Clostridia;o__Clostridiales;f__Ruminococcaceae;g__Ruminiclostridium;s__[Eubacterium]_siraeum	-0.0429897304941	-0.00239915469199	-0.122258907102	-0.0401982782935	0.0509063171696	-0.0091199949211	-0.0633128286343	-0.0154980716768	-0.0464274588168	-0.0298213791556	-0.0314956247641	-0.039196823823	-0.0149088810945	-0.0361909091271	-0.0288299465147	0.00179572766049	-0.115195795082	0.0949934055134	-0.0188108380743	-0.0104268359751	-0.0134200692314	1.0	0.0588394272718	-0.0191729708465	-0.0202342317287	-0.0629798873431	-0.00582137549716	0.0100824915793	0.0104990133548	0.0320009466846	-0.0888284843827	-0.0388678824193	-0.0714403279454	-0.0141809044781	-0.0216563217113	0.0342794251464	-0.0959394352365	0.0080006617553	-0.020217024586	-0.0345382311248	-0.0609272945863	-0.0741328746857	-0.0724793833319	-0.042835860587	-0.112481656098	-0.0353077213327	0.0736614484075	0.0166040434073	-0.0350455968747	0.0742224100516	0.0890164438626	0.00174751787516	-0.0211605849858	0.0245365971714	-0.0658016567803	-0.066253574404	-0.00994382094201	0.0182424609003	-0.028086195524
k__Bacteria;p__Proteobacteria;c__Betaproteobacteria;o__Burkholderiales;f__Sutterellaceae;g__Parasutterella;s__Parasutterella_excrementihominis	0.0204488219293	-0.0890858231012	0.0670797038644	0.0154938386584	-0.0343744820802	-0.0472592511373	0.0343490841532	-0.0126272048676	-0.0401475229009	-0.0321788225544	-0.0135687362626	-0.0349204278188	0.0276523313328	0.011751341982	-0.0430199516451	-0.0287792977959	0.0455990203412	-0.0622865264085	-0.0272901162783	-0.0645790447747	-0.0329876620305	0.0588394272718	1.0	-0.0300441995985	-0.0193562544846	-0.0861188153935	-0.0283584275589	-0.0647599592426	0.0164958891421	0.0551002905862	0.037618860635	0.00286874345498	-0.0557711124059	-0.013856185429	0.0529670043666	-0.0296037469917	0.00857945746542	0.0119883349301	-0.0305580915873	0.0687175090402	-0.0727436402929	-0.0445630736792	0.0623047883568	-0.0365728397084	-0.003308291682	0.0117334003027	0.00577128645124	0.0160073198833	-0.0595521732746	0.0303978548983	-0.0560915562976	0.00487648205298	-0.0140727127211	-0.0560032315709	0.0279452612181	0.0121919099392	0.00179618535555	-0.0245774013641	-0.0110383222443
k__Bacteria;p__Actinobacteria;c__Actinobacteria;o__Bifidobacteriales;f__Bifidobacteriaceae;g__Bifidobacterium;s__Bifidobacterium_adolescentis	0.0160614309194	-0.0183736737171	-0.00127776482997	0.0228524991638	-0.00156779948774	-0.00942985293302	-0.0257854641248	-0.0701962401081	-0.0516258452213	-0.0606940209149	0.0280632067357	-0.0519010937742	-0.124812301831	-0.0437374882567	0.151523268466	-0.0608834989038	-0.00954143716349	-0.0362273309026	-0.0586496602058	-0.0283974037018	0.0996170353092	-0.0191729708465	-0.0300441995985	1.0	0.0435490148323	-0.0119752031576	-0.0442629824384	-0.0268478059101	0.0367415889581	0.0593215348033	0.0185973153072	-0.0662997870089	-0.0644052744546	0.0245292501954	0.0796569241543	-0.0711876530694	0.074563859199	0.0315475242367	-0.0727532295053	0.0191463326414	-0.0196836397829	0.0361241899956	0.0364502964431	-0.00458955024071	-0.0473142945647	-0.0651278352203	0.0160019443722	-0.0502627274761	0.0670898837996	-0.0875340505459	0.00946886378534	0.00950629489619	-0.0696580085439	-0.014046730541	-0.048594326847	0.0192648453264	-0.100049243723	0.0597924915021	-0.0194483310022
k__Bacteria;p__Firmicutes;c__Clostridia;o__Clostridiales;f__Oscillospiraceae;g__Oscillibacter;s__Oscillibacter_sp._KLE_1745	-0.00440009079538	-0.0233446104876	-0.018160341151	-0.0185413008234	-0.00585545583706	-0.0888011138345	-0.0213106593485	-0.00142864407182	0.033770142442	-0.00118728450316	-0.0627731674614	0.0856663888102	0.0215912207004	-0.0832591023622	-0.000777621606761	0.0361860140791	-0.00743055788342	0.0184234893292	-0.0189018103536	-0.0113131061138	0.0370010969285	-0.0202342317287	-0.0193562544846	0.0435490148323	1.0	-0.0327619024251	-0.0770784644873	-0.017548158692	-0.083439938065	0.00227248350639	-0.0658707298933	0.0544448188701	0.0898322157816	0.0302645248445	-0.0697526407703	0.0258703692218	-0.0210915840204	-0.0373010560086	-0.101810353599	-0.0468055271274	0.0231548161557	0.069435476936	-0.00207055007465	-0.0645975768887	-0.0421296814191	-0.114476405708	0.0222785142982	-0.0631576710964	-0.0297758481518	0.0740413568446	0.0784788413641	-0.0036851879491	0.0790444020564	-0.0777567847005	0.0226607913484	-0.0380460552497	-0.0429504016312	-0.0179465600657	0.047360528906
k__Bacteria;p__Bacteroidetes;c__Bacteroidia;o__Bacteroidales;f__Bacteroidaceae;g__Bacteroides;s__Bacteroides_coprophilus	-0.0157429323369	-0.0222416433468	-0.018475130364	0.000660246428948	-0.0285809235476	-0.04500749266	-0.0458131624975	-0.0270963106116	0.0125323646154	0.0136231506837	0.0622821481003	0.034211252619	0.0135597610443	-0.0363895169194	-0.0834521866599	-0.0313084042928	-0.036530080977	-0.0364004471969	0.025319835007	-0.0286786852316	-0.0194031791632	-0.0629798873431	-0.0861188153935	-0.0119752031576	-0.0327619024251	1.0	0.0100986678647	-0.020680440935	-0.0592978836079	-0.00503350742635	-0.0651382170352	-0.0950865510053	0.0258532182353	0.0131032053913	0.0346036581547	-0.0186515802969	0.00863958921187	-0.0159100779846	-0.0107589926606	-0.0312296196145	0.000118409502585	-0.0524800485017	-0.0623679818133	0.0321178085299	-0.0223839516088	0.0738342855871	0.0178847368891	-0.0139162466973	-0.0523632630428	-0.0648851288182	-0.051355676447	0.0161694847447	0.0532675355536	0.0403889419754	-0.0998464091357	-0.0524203880292	-0.0210338807581	-0.0215454266554	-0.0686333807035
k__Bacteria;p__Firmicutes;c__Clostridia;o__Clostridiales;f__Lachnospiraceae;g__Roseburia;s__Roseburia_intestinalis	0.00738078229346	0.0467060360788	-0.00413296065609	-0.0712223608072	-0.0374637101643	0.0359800192987	0.0108942949272	-0.0236941500085	-0.0324874973389	-0.0597045926547	0.0266793069461	-0.00254271654764	-0.0375622271824	0.022848291895	0.0020418735381	-0.0600942810267	0.0123950291337	-0.0220903589195	0.0407698447665	-0.0045379535067	0.0330905076824	-0.00582137549716	-0.0283584275589	-0.0442629824384	-0.0770784644873	0.0100986678647	1.0	-0.0401746464927	-0.0387646903575	-0.105386104746	-0.0293882773298	0.0376001385857	0.0901642235428	-0.0119668539371	0.00209271986338	-0.0332507575393	-0.0582743965284	-0.0139553203345	-0.0114479192368	0.0228831800242	-0.0370748729918	0.00584449127108	0.025629696336	-0.0580660627287	-0.0438057466585	0.0396048279891	0.0352812247146	-0.0632828546085	-0.019146609284	0.0297069350326	-0.0728001109554	-0.0093144703442	-0.0198952654279	-0.0133350875459	-0.0550388135204	-0.0936898210227	0.071887217052	0.0273964336699	0.0529110342237
k__Bacteria;p__Firmicutes;c__Clostridia;o__Clostridiales;f__Lachnospiraceae;g__Roseburia;s__Roseburia_hominis	0.00539496567269	0.0172552774472	-0.0334440635837	-0.0682685223702	0.0140957126675	-0.042758083881	0.110823489264	-0.0521147251213	-0.0508220444256	0.0541093831651	0.0221157454417	-0.00441302983178	0.0109549255165	-0.0154564430422	-0.047507411684	0.0746757098582	-0.0400885890409	-0.0478998263438	-0.0609665551781	-0.0317600130754	0.0195718907565	0.0100824915793	-0.0647599592426	-0.0268478059101	-0.017548158692	-0.020680440935	-0.0401746464927	1.0	-0.06239564576	-0.0574332879478	0.000280074522948	-0.0357573947404	-0.048159878276	-0.0190058587269	0.0328229236997	-0.00722254872694	0.020207191676	-0.0654270133312	0.0439660219902	-0.0345616092043	0.01729119046	0.035404974028	-0.01047913146	0.000584170433498	-0.0402447245629	-0.0527533357839	-0.0541745929668	0.0547004840742	-0.0412493413661	0.0610193897289	0.00581997644791	0.0184609966529	0.0041628325926	-0.0519025514129	0.00699849228233	-0.0358271217619	0.0040719407129	0.00415835921738	0.0468539630911
k__Bacteria;p__Bacteroidetes;c__Bacteroidia;o__Bacteroidales;f__Porphyromonadaceae;g__Parabacteroides;s__Parabacteroides_johnsonii	9.07191933962e-05	0.0869511358463	0.049955440658	0.0513864470216	0.00108361577634	-0.0461655507793	0.0659384752687	-0.047786215973	-0.0673017543911	-0.0694870261102	-0.0246186131105	0.0390044551924	0.0356421466163	0.029924495817	0.0141273511985	0.0393914200476	0.0431882366734	-0.0277599465051	-0.00089077223601	0.0120652792646	-0.0363589050444	0.0104990133548	0.0164958891421	0.0367415889581	-0.083439938065	-0.0592978836079	-0.0387646903575	-0.06239564576	1.0	-0.0425591591091	-0.0900047739167	-0.0581195987129	-0.0863159035436	0.00446203343227	-0.0180932487958	0.0323722815766	-0.0307559030282	0.099971185747	-0.0399304362698	-0.0125390286587	-0.0417459427493	-0.0301829467633	0.0759826095365	0.0151493981134	-0.00932863924434	-0.0639977855284	-0.0597969995821	0.00657755515971	-0.0164583444479	-0.00167412668147	-0.0357388841366	-0.0299285929838	-0.0978840579127	-0.035361729192	0.0269900935541	0.00559206797959	0.0311573467916	0.0342280851213	-0.0606647512582
k__Bacteria;p__Actinobacteria;c__Actinobacteria;o__Bifidobacteriales;f__Bifidobacteriaceae;g__Bifidobacterium;s__Bifidobacterium_longum	-0.0370162430498	0.0505134193905	-0.0290859774679	0.00792852894082	0.0410837445763	-0.0240412662787	-0.0366330371952	-0.0156955983153	-0.0232708494008	-0.0301805535337	0.0248846343939	0.00170009915412	-0.0841838501969	-0.0639027913413	0.0117606863294	0.0146438333125	-0.0501363162163	-0.0951278252068	0.0265243405139	-0.0045960950108	-0.00594950900304	0.0320009466846	0.0551002905862	0.0593215348033	0.00227248350639	-0.00503350742635	-0.105386104746	-0.0574332879478	-0.0425591591091	1.0	0.0597808476514	-0.06141857699	-0.0918645730903	-0.0173511056297	0.00836435412501	-0.0697948242794	0.00202930107361	0.054457009669	-0.0180688761082	-0.0664126825847	-0.0249720180759	0.014888017109	0.0326584072304	-0.0509652272612	-0.00997855723192	-0.0344585095077	-0.0265570921743	-0.00178891963315	-0.00311174737762	0.0518657024165	0.031501420486	-0.0354497142442	-0.0794803208409	0.0417161383955	-0.091252004206	0.0608984256641	-0.0570877386384	-0.000973100426346	0.0140517782394
