#taxonomy	k__Bacteria;p__Bacteroidetes;c__Bacteroidia;o__Bacteroidales;f__Bacteroidaceae;g__Bacteroides;s__Bacteroides_vulgatus	k__Bacteria;p__Bacteroidetes;c__Bacteroidia;o__Bacteroidales;f__Bacteroidaceae;g__Bacteroides;s__Bacteroides_uniformis	k__Bacteria;p__Bacteroidetes;c__Bacteroidia;o__Bacteroidales;f__Rikenellaceae;g__Alistipes;s__Alistipes_putredinis	k__Bacteria;p__Bacteroidetes;c__Bacteroidia;o__Bacteroidales;f__Prevotellaceae;g__Prevotella;s__Prevotella_copri	k__Bacteria;p__Bacteroidetes;c__Bacteroidia;o__Bacteroidales;f__Bacteroidaceae;g__Bacteroides;s__Bacteroides_stercoris	k__Bacteria;p__Bacteroidetes;c__Bacteroidia;o__Bacteroidales;f__Bacteroidaceae;g__Bacteroides;s__Bacteroides_ovatus	k__Bacteria;p__Bacteroidetes;c__Bacteroidia;o__Bacteroidales;f__Rikenellaceae;g__Alistipes;s__Alistipes_shahii	k__Bacteria;p__Firmicutes;c__Clostridia;o__Clostridiales;f__Ruminococcaceae;g__Faecalibacterium;s__Faecalibacterium_prausnitzii	k__Bacteria;p__Bacteroidetes;c__Bacteroidia;o__Bacteroidales;f__Rikenellaceae;g__Alistipes;s__Alistipes_finegoldii	k__Bacteria;p__Bacteroidetes;c__Bacteroidia;o__Bacteroidales;f__Porphyromonadaceae;g__Parabacteroides;s__Parabacteroides_distasonis	k__Bacteria;p__Bacteroidetes;c__Bacteroidia;o__Bacteroidales;f__Bacteroidaceae;g__Bacteroides;s__Bacteroides_thetaiotaomicron	k__Bacteria;p__Bacteroidetes;c__Bacteroidia;o__Bacteroidales;f__Bacteroidaceae;g__Bacteroides;s__Bacteroides_coprocola	k__Bacteria;p__Bacteroidetes;c__Bacteroidia;o__Bacteroidales;f__Bacteroidaceae;g__Bacteroides;s__Bacteroides_cellulosilyticus	k__Bacteria;p__Bacteroidetes;c__Bacteroidia;o__Bacteroidales;f__Rikenellaceae;g__Alistipes;s__Alistipes_obesi	k__Bacteria;p__Firmicutes;c__Clostridia;o__Clostridiales;f__Lachnospiraceae;g__;s__[Eubacterium]_rectale	k__Bacteria;p__Bacteroidetes;c__Bacteroidia;o__Bacteroidales;f__Bacteroidaceae;g__Bacteroides;s__Bacteroides_plebeius	k__Bacteria;p__Bacteroidetes;c__Bacteroidia;o__Bacteroidales;f__Bacteroidaceae;g__Bacteroides;s__Bacteroides_fragilis	k__Bacteria;p__Proteobacteria;c__Betaproteobacteria;o__Burkholderiales;f__Sutterellaceae;g__Sutterella;s__Sutterella_wadsworthensis	k__Bacteria;p__Bacteroidetes;c__Bacteroidia;o__Bacteroidales;f__Porphyromonadaceae;g__Barnesiella;s__Barnesiella_intestinihominis	k__Bacteria;p__Bacteroidetes;c__Bacteroidia;o__Bacteroidales;f__Odoribacteraceae;g__Odoribacter;s__Odoribacter_splanchnicus	k__Bacteria;p__Bacteroidetes;c__Bacteroidia;o__Bacteroidales;f__Bacteroidaceae;g__Bacteroides;s__Bacteroides_salyersiae	k__Bacteria;p__Firmicutes;c__Clostridia;o__Clostridiales;f__Ruminococcaceae;g__Ruminiclostridium;s__[Eubacterium]_siraeum	k__Bacteria;p__Proteobacteria;c__Betaproteobacteria;o__Burkholderiales;f__Sutterellaceae;g__Parasutterella;s__Parasutterella_excrementihominis	k__Bacteria;p__Actinobacteria;c__Actinobacteria;o__Bifidobacteriales;f__Bifidobacteriaceae;g__Bifidobacterium;s__Bifidobacterium_adolescentis	k__Bacteria;p__Firmicutes;c__Clostridia;o__Clostridiales;f__Oscillospiraceae;g__Oscillibacter;s__Oscillibacter_sp._KLE_1745	k__Bacteria;p__Bacteroidetes;c__Bacteroidia;o__Bacteroidales;f__Bacteroidaceae;g__Bacteroides;s__Bacteroides_coprophilus	k__Bacteria;p__Firmicutes;c__Clostridia;o__Clostridiales;f__Lachnospiraceae;g__Roseburia;s__Roseburia_intestinalis	k__Bacteria;p__Firmicutes;c__Clostridia;o__Clostridiales;f__Lachnospiraceae;g__Roseburia;s__Roseburia_hominis	k__Bacteria;p__Bacteroidetes;c__Bacteroidia;o__Bacteroidales;f__Porphyromonadaceae;g__Parabacteroides;s__Parabacteroides_johnsonii	k__Bacteria;p__Actinobacteria;c__Actinobacteria;o__Bifidobacteriales;f__Bifidobacteriaceae;g__Bifidobacterium;s__Bifidobacterium_longum	k__Bacteria;p__Firmicutes;c__Clostridia;o__Clostridiales;f__;g__Flavonifractor;s__Flavonifractor_plautii	k__Bacteria;p__Firmicutes;c__Clostridia;o__Clostridiales;f__Clostridiaceae;g__Clostridium;s__Clostridium_phoceensis	k__Bacteria;p__Verrucomicrobia;c__Verrucomicrobiae;o__Verrucomicrobiales;f__Akkermansiaceae;g__Akkermansia;s__Akkermansia_muciniphila	k__Bacteria;p__Bacteroidetes;c__Bacteroidia;o__Bacteroidales;f__Prevotellaceae;g__Paraprevotella;s__Paraprevotella_xylaniphila	k__Bacteria;p__Firmicutes;c__Clostridia;o__Clostridiales;f__Ruminococcaceae;g__Ruminococcus;s__Ruminococcus_callidus	k__Bacteria;p__Bacteroidetes;c__Bacteroidia;o__Bacteroidales;f__Rikenellaceae;g__Alistipes;s__Alistipes_senegalensis	k__Bacteria;p__Firmicutes;c__Clostridia;o__Clostridiales;f__Lachnospiraceae;g__Blautia;s__Blautia_sp._KLE_1732	k__Bacteria;p__Bacteroidetes;c__Bacteroidia;o__Bacteroidales;f__Bacteroidaceae;g__Bacteroides;s__Bacteroides_oleiciplenus	k__Bacteria;p__Firmicutes;c__Clostridia;o__Clostridiales;f__Ruminococcaceae;g__Ruminococcus;s__Ruminococcus_bicirculans	k__Bacteria;p__Bacteroidetes;c__Bacteroidia;o__Bacteroidales;f__Bacteroidaceae;g__Bacteroides;s__Bacteroides_fluxus	k__Bacteria;p__Bacteroidetes;c__Bacteroidia;o__Bacteroidales;f__Prevotellaceae;g__Prevotella;s__Prevotella_stercorea	k__Bacteria;p__Firmicutes;c__Clostridia;o__Clostridiales;f__Lachnospiraceae;g__Dorea;s__Dorea_longicatena	k__Bacteria;p__Firmicutes;c__Clostridia;o__Clostridiales;f__Eubacteriaceae;g__Eubacterium;s__[Eubacterium]_eligens	k__Bacteria;p__Firmicutes;c__Clostridia;o__Clostridiales;f__Ruminococcaceae;g__;s__Ruminococcaceae_bacterium_D16	k__Bacteria;p__Firmicutes;c__Clostridia;o__Clostridiales;f__Lachnospiraceae;g__Coprococcus;s__Coprococcus_comes	k__Bacteria;p__Proteobacteria;c__Gammaproteobacteria;o__Enterobacterales;f__Enterobacteriaceae;g__Escherichia;s__Escherichia_coli	k__Bacteria;p__Firmicutes;c__Clostridia;o__Clostridiales;f__Ruminococcaceae;g__Anaerotruncus;s__Anaerotruncus_colihominis	k__Bacteria;p__Firmicutes;c__Clostridia;o__Clostridiales;f__Lachnospiraceae;g__Blautia;s__Blautia_obeum	k__Bacteria;p__Bacteroidetes;c__Bacteroidia;o__Bacteroidales;f__Odoribacteraceae;g__Odoribacter;s__Odoribacter_laneus	k__Bacteria;p__Firmicutes;c__Clostridia;o__Clostridiales;f__Ruminococcaceae;g__Ruminiclostridium;s__[Clostridium]_leptum	k__Bacteria;p__Bacteroidetes;c__Bacteroidia;o__Bacteroidales;f__Porphyromonadaceae;g__Parabacteroides;s__Parabacteroides_goldsteinii	k__Bacteria;p__Firmicutes;c__Clostridia;o__Clostridiales;f__Lachnospiraceae;g__Anaerostipes;s__Anaerostipes_hadrus	k__Bacteria;p__Firmicutes;c__Clostridia;o__Clostridiales;f__Ruminococcaceae;g__Ruminococcus;s__Ruminococcus_lactaris	k__Bacteria;p__Firmicutes;c__Clostridia;o__Clostridiales;f__Clostridiaceae;g__Clostridium;s__Clostridium_sp._L2-50	k__Bacteria;p__Firmicutes;c__Clostridia;o__Clostridiales;f__Clostridiaceae;g__Clostridium;s__Clostridium_sp._M62/1	k__Bacteria;p__Firmicutes;c__Clostridia;o__Clostridiales;f__;g__Intestinimonas;s__Intestinimonas_butyriciproducens	k__Bacteria;p__Actinobacteria;c__Actinobacteria;o__Bifidobacteriales;f__Bifidobacteriaceae;g__Bifidobacterium;s__Bifidobacterium_bifidum	k__Bacteria;p__Firmicutes;c__Negativicutes;o__Veillonellales;f__Veillonellaceae;g__Dialister;s__Dialister_invisus	k__Bacteria;p__Bacteroidetes;c__Bacteroidia;o__Bacteroidales;f__Bacteroidaceae;g__Bacteroides;s__Bacteroides_salanitronis
k__Bacteria;p__Bacteroidetes;c__Bacteroidia;o__Bacteroidales;f__Bacteroidaceae;g__Bacteroides;s__Bacteroides_vulgatus	1.0	-0.0254130321207	0.0394960382796	0.00525226148225	0.00218747865114	0.00273410949938	0.0303757927138	0.0437376701097	-0.0282459455348	0.0366981075332	0.0161094740183	0.0249447851615	-0.0513374121632	-0.0101805712451	-0.0666507250067	0.0156485563517	-0.0292973197679	0.0434426021158	-0.0702009726391	-0.0487627535209	-0.0477643352277	-0.0736461638962	-0.0774584427766	0.0221652467034	0.0148869991228	-0.00272506824759	-0.00997393155828	-0.00732028349363	0.0393492380841	0.0371568318561	0.0519359412991	-0.00932850397607	-0.0353518971481	0.0375362380579	-0.016880665458	0.0272738644602	-0.0140335156079	0.0871401787104	-0.123905828856	-0.0180081477004	-0.00820411222448	-0.0545832098299	-0.0393765939947	0.0478643592664	0.0194192998695	-0.00331250427825	0.0880463170475	-0.0182963370849	-0.0301376486523	0.0327797900701	-0.0720346790954	0.0625726091884	0.0688942359261	-0.0135896898042	0.0268585461231	0.00249501741428	-0.0894812309756	0.0410400678703	-0.10729957847
k__Bacteria;p__Bacteroidetes;c__Bacteroidia;o__Bacteroidales;f__Bacteroidaceae;g__Bacteroides;s__Bacteroides_uniformis	-0.0254130321207	1.0	0.0914256749044	-0.0174861845047	0.0267471461029	0.000738702952735	0.0470223947614	0.0489533588115	-0.0259365063604	-0.0329431420839	-0.0340562990795	-0.0629914147106	-0.0937992862747	0.0376876291066	0.0207503423041	-0.0481546937945	-0.0282684509394	-0.0786725164787	0.0886608364346	0.0441717224461	-0.0495393996533	0.05390404062	-0.030337021049	0.0227855805879	0.0371295865593	-0.0443077318757	0.037242001162	0.0279361272438	-0.0685965898836	-0.0130587386534	-0.0474187639531	-0.0986625929634	-0.0171882253065	-0.0558297281868	-0.0606910406771	0.0251874396048	-0.00398468355565	-0.0154001127704	0.0430548139604	-0.0989373722026	-0.0294216692162	-0.0260584595087	0.0486325685505	-0.0461078960886	0.0174038894596	-0.036204972242	-0.118966362616	-0.107658282732	0.0610088285901	0.00178110675627	-0.0053398114326	-0.0325320723524	0.00407766186051	-0.0187878721235	0.012915570558	-0.0446479014062	-0.0493164622609	-0.0322938948974	-0.00253451385562
k__Bacteria;p__Bacteroidetes;c__Bacteroidia;o__Bacteroidales;f__Rikenellaceae;g__Alistipes;s__Alistipes_putredinis	0.0394960382796	0.0914256749044	1.0	-0.0429989101098	-0.00866770805189	0.000257144077549	-0.0373492718569	0.0182555978278	0.00122598101856	0.00295070778611	-0.0961424823692	0.0411189978262	0.0547071140764	0.0140907498025	0.0552740927661	-0.00564429152055	-0.000247369574423	0.0408025739122	-0.0323332628026	-0.0326846266813	-0.0239107105432	0.0374420755292	0.0469877574818	-0.0246773406793	-0.0372023420131	0.02371740813	-0.00193837215538	-0.0740934098042	-0.015124484424	-0.115532120005	-0.0100901925898	-0.00845610945767	-0.0319971830465	-0.0471363602674	-0.0515122406739	0.0409918905468	-0.0690199750861	-0.00247648400043	0.0138836909854	-0.00641888496997	0.0105573994346	-0.0899731852707	0.0596346798603	-0.0379613683243	-0.0304821983977	-0.00623466572146	0.031623417339	-0.0601069773307	-0.0434064264036	-0.0650926020203	-0.0480783393391	-0.0428504397988	0.000345126077036	-0.00485337056166	-0.00723493953972	0.0190143647037	0.0934190527852	0.0117424760259	0.0178816268195
k__Bacteria;p__Bacteroidetes;c__Bacteroidia;o__Bacteroidales;f__Prevotellaceae;g__Prevotella;s__Prevotella_copri	0.00525226148225	-0.0174861845047	-0.0429989101098	1.0	0.0235876668952	0.045677742681	-0.0578069286055	0.0640300225306	0.0434483340949	-0.0645440480443	0.0214489923147	0.0231958293274	-0.0507066031402	0.0629786251855	-0.0965221546907	0.0125302689253	-0.0557825294336	-0.016187997915	-0.0387319825546	-0.0831272260111	-0.0868327659205	-0.0570834893891	-0.0115977130194	-0.0647288659981	-0.0191677181241	-0.0345414400664	0.012116012568	-0.0190468299647	-0.0314277637709	-0.00258767238507	-0.027927435789	-0.0203885799787	0.0256562864779	-0.0354875776142	-0.0552476331508	-0.0541140923801	0.047742713854	0.017331278317	-0.0386308556619	-0.0116714130426	0.0202109841149	-0.0585644991526	-0.00994351703032	-0.0638770595955	-0.0266607772863	0.0798297304332	-0.0625413053875	-0.0439504836465	0.061161185711	-0.0573115210877	-0.0295892487568	0.00510978981986	-0.013025759438	-0.0792602489499	0.0652788977773	-0.0468238007333	-0.0272051428252	0.0230351360301	-0.110414929436
k__Bacteria;p__Bacteroidetes;c__Bacteroidia;o__Bacteroidales;f__Bacteroidaceae;g__Bacteroides;s__Bacteroides_stercoris	0.00218747865114	0.0267471461029	-0.00866770805189	0.0235876668952	1.0	-0.044133380223	-0.00594064977428	0.0141848075385	-0.0576855074541	-0.00119809099162	-0.0120575310207	-0.0860422641493	0.0207811678274	0.062386608321	-0.0534964305267	0.0152139936117	-0.0374898694903	-0.0673010634095	0.000201003879739	0.025273473773	-0.0590169648133	0.00721873002115	-0.0551690764719	0.0147700315593	-0.0350461565701	0.0300413791812	0.0442163277333	-0.0298189272677	-0.0404085157365	0.0079124017274	-0.00629579755458	0.00374361104096	-0.0470310616043	0.0411784514418	-0.0209823667352	-0.00993649353417	0.0683725354429	-0.117042583429	0.0190784346216	0.00903316402872	-0.00171329153439	-0.00921542616017	-0.0305109521168	-0.00931513404314	0.0128561104728	0.0655769087812	-0.0472500795447	-0.0040006302073	-0.0381458722002	-0.0284644542707	0.078145714826	-0.127387989481	-0.0160377233039	-0.00737555234829	0.00588943776039	-0.0779285344942	-0.0910208218925	0.0850476565796	-0.0383137751887
k__Bacteria;p__Bacteroidetes;c__Bacteroidia;o__Bacteroidales;f__Bacteroidaceae;g__Bacteroides;s__Bacteroides_ovatus	0.00273410949938	0.000738702952735	0.000257144077549	0.045677742681	-0.044133380223	1.0	0.126672908582	-0.0897448256602	0.0294437242361	0.000641719439152	-0.00839316347685	-0.0365249438069	-0.0788678651944	-0.0344353585908	-0.091741011855	-0.0412105829292	0.0313933948025	0.0361484702651	0.0317165408057	-0.0176330248631	-0.0546170018822	-0.00709048628961	0.000935868314379	0.0266981796813	-0.0141845318057	0.0172826506888	-0.0613667380731	-0.0414051109926	-0.0785855733886	-0.0207371270653	0.0242107640021	0.0468856887193	0.00894336909828	0.0223720287028	-0.0643317512935	-0.00666233062362	0.037542227357	-0.0887134522833	-0.0346940707705	-0.0384209506346	-0.0636570215272	-0.0166859854924	-0.00447339695514	0.0280297200188	0.0307706873791	-0.0346848122654	-0.105579862892	-0.0379366204276	-0.0993163525262	-0.00833837517369	0.00368183676195	0.0842122017319	-0.0478005753938	-0.0442577179192	0.111230397231	0.0425805305847	-0.0353947833116	-0.0425368239933	-0.0658605763696
k__Bacteria;p__Bacteroidetes;c__Bacteroidia;o__Bacteroidales;f__Rikenellaceae;g__Alistipes;s__Alistipes_shahii	0.0303757927138	0.0470223947614	-0.0373492718569	-0.0578069286055	-0.00594064977428	0.126672908582	1.0	0.0207149254224	-0.028791710379	-0.0320030588859	-0.0593387392216	-0.0514998538141	0.018337000641	-0.0721741572108	-0.0369045021671	-0.0422669425874	0.0500558709144	-0.0332467665973	-0.0445680737473	-0.112076028777	0.0314973108257	-0.0369493542068	-0.0379236453646	0.0463933039188	0.000717836143387	0.00607488335355	-0.0148397673719	-0.0836227508064	-0.0472847897224	-0.0235596092412	-0.0812963741963	0.0585722258862	0.0096805680575	0.0568850263237	-0.0710756152481	-0.0320458817051	0.00256116418183	-0.0855820612876	-0.055182452956	-0.00570518934391	0.0103760483059	0.0395029960285	0.0228491381189	0.0284413838049	0.0287690251249	-0.094488693289	0.0553146993899	-0.00122528046909	-0.0704112623128	-0.00215994673727	0.0356671121919	-0.0217772770909	-0.0533006127393	0.0388356536078	-0.0541623032921	0.012519362954	-0.0501773967209	-0.0121742397063	-0.0473504212953
k__Bacteria;p__Firmicutes;c__Clostridia;o__Clostridiales;f__Ruminococcaceae;g__Faecalibacterium;s__Faecalibacterium_prausnitzii	0.0437376701097	0.0489533588115	0.0182555978278	0.0640300225306	0.0141848075385	-0.0897448256602	0.0207149254224	1.0	-0.00512602454145	0.0310957735411	-0.0124585243642	-0.0624059008585	-0.0486341390041	0.00958435111589	-0.0213919449176	0.00965046993736	-0.00579716541131	-0.0224399422589	0.0307391232161	-0.0640144099191	0.0169409054043	-0.068971189038	-0.0315308606474	0.0135106123246	-0.0610681834226	-0.0195058779756	-0.0720231596419	-0.065243590653	-0.122186488414	0.0157185965849	0.0671822065796	-0.0674957858253	-0.0379674461388	0.0313393071723	0.0067687832161	-0.0384836631404	-0.0722832989597	-0.0969672007781	-0.0509358156491	-0.0671441884383	-0.0248360229162	-0.0366224023828	0.00940967018292	0.00897020578577	-0.0534405796371	-0.0273961076463	-0.0497554616827	-0.0348334337151	0.0281395813126	-0.00367961187362	-0.000811279379758	-0.064677467917	-0.0698594704358	-0.077444909402	-0.0401803388133	-0.011635403789	-0.0199230643766	-0.0416937851578	0.00232685815054
k__Bacteria;p__Bacteroidetes;c__Bacteroidia;o__Bacteroidales;f__Rikenellaceae;g__Alistipes;s__Alistipes_finegoldii	-0.0282459455348	-0.0259365063604	0.00122598101856	0.0434483340949	-0.0576855074541	0.0294437242361	-0.028791710379	-0.00512602454145	1.0	0.00640428895566	0.00702974337209	0.0546002636242	0.0247035480826	-0.0488551308438	0.012116117368	-0.0735769564127	0.00904712614358	0.0437451725714	-0.0611101733569	0.0180548770302	-0.00826004216179	0.0167908122039	-0.0767592229544	-0.0390558089049	0.0264219064818	0.0643260763914	0.00665268600488	-0.136353470378	-0.0155293246797	0.0230390820559	-0.0518972807536	-0.00230242433189	-0.0310305692295	-0.05547625122	0.0101683148233	-0.122792967835	-0.0172778934926	-0.00626901200619	0.0826112096936	-0.0235818104534	0.0597211437339	-0.0333836300728	-0.0525119714384	0.0335835863649	-0.0586999370482	0.012795431555	0.0270867633727	-0.081062189868	0.00641316494606	-0.00282832177882	0.0115622843378	-0.0548464265704	-0.0456131304344	0.00183809051882	0.0287922475884	-0.0208758885831	0.00873075357868	-0.0234826402187	0.039448484245
k__Bacteria;p__Bacteroidetes;c__Bacteroidia;o__Bacteroidales;f__Porphyromonadaceae;g__Parabacteroides;s__Parabacteroides_distasonis	0.0366981075332	-0.0329431420839	0.00295070778611	-0.0645440480443	-0.00119809099162	0.000641719439152	-0.0320030588859	0.0310957735411	0.00640428895566	1.0	-0.0650831437663	-0.0164489849138	-0.00136630428399	0.0288648935007	-0.0236490560536	-0.00635011410658	0.0263648364917	-0.0121954734453	-0.040177214967	0.0444202694698	-0.0415918586062	-0.0509105263766	0.0188669972136	-0.0486223598758	0.0378418872234	-0.053674654776	-0.0705413571483	0.0182670522209	-0.0206117972568	0.0999843428862	0.046758551915	-0.0660883059377	-0.0219709712543	-0.0740884063382	-0.0471905348911	0.0222888044154	0.0239596738327	0.00072210322759	0.0111681832269	-0.113416190616	-0.00740235446108	0.0617459477356	-0.0525144774144	0.00470101550892	0.0577749608851	0.00192182584441	0.0390012595193	-0.0751438953409	-0.0446186604262	-0.0303112318196	-0.0196437374712	0.0159536813014	-0.0318855317974	0.0541510355266	-0.0603204258155	-0.0314722835841	-0.0445105657776	0.0224465335336	-0.0325753183641
k__Bacteria;p__Bacteroidetes;c__Bacteroidia;o__Bacteroidales;f__Bacteroidaceae;g__Bacteroides;s__Bacteroides_thetaiotaomicron	0.0161094740183	-0.0340562990795	-0.0961424823692	0.0214489923147	-0.0120575310207	-0.00839316347685	-0.0593387392216	-0.0124585243642	0.00702974337209	-0.0650831437663	1.0	0.0556228940879	0.0676185795059	-0.0295329605075	0.0619511012499	0.0160986945969	-0.0280617187727	0.00574819734803	-0.0151399774666	-0.0948177473921	-0.0646046512493	-0.00678917106684	-0.0105756110575	0.0196184852358	0.0468578058457	0.000654641813149	-0.0672308812225	0.00162458200908	-0.0221476636387	-0.0103208420633	0.056357349546	-0.0438896223618	0.00316455534081	-0.0373773445595	0.0508034470652	-0.0165130574368	-0.0164980739785	-0.0350258277692	-0.0234579406792	0.0537742961811	-0.00818283892842	-0.00942345778028	-0.0552838774179	-0.0106676608711	-0.0633523752387	-0.0223957370116	-0.0651789267022	0.017645611778	-0.00963407686005	-0.0827231671885	-0.025903775961	-0.0405680857282	0.0208777368711	-0.0309863558538	-0.0255284794242	-0.014517707985	-0.0408305269017	0.0208813151817	0.0331709510802
k__Bacteria;p__Bacteroidetes;c__Bacteroidia;o__Bacteroidales;f__Bacteroidaceae;g__Bacteroides;s__Bacteroides_coprocola	0.0249447851615	-0.0629914147106	0.0411189978262	0.0231958293274	-0.0860422641493	-0.0365249438069	-0.0514998538141	-0.0624059008585	0.0546002636242	-0.0164489849138	0.0556228940879	1.0	0.00185650097696	0.0181882846247	0.0322434311346	0.00849914404317	0.0505809959566	0.0324810969065	0.0630873078839	0.00635026057487	0.0106962636614	-0.0452566149663	-0.0535722031677	0.0221383283101	0.00907954689128	-0.052983895894	-0.0430257399	-0.00494646253787	-0.0508155830291	0.0260815984485	0.0066641358117	-0.000967619543171	0.0553929642692	-0.063361563731	-0.0398637248791	-0.0452461156269	0.0149610968375	-0.0386129953444	-0.0447961464386	0.0234401257203	-0.0490229714345	-0.0460986472815	-0.0500923159311	-0.0666660223716	-0.00598970885027	-0.0480706602022	-0.04558796012	0.00266455010502	0.0014373456649	-0.0818257642806	0.0071902891475	-0.00123831274293	0.0409260460848	0.135303929313	-0.0287476274022	-0.00833849958474	-0.0352224509365	-0.0680565975989	0.0103961985295
k__Bacteria;p__Bacteroidetes;c__Bacteroidia;o__Bacteroidales;f__Bacteroidaceae;g__Bacteroides;s__Bacteroides_cellulosilyticus	-0.0513374121632	-0.0937992862747	0.0547071140764	-0.0507066031402	0.0207811678274	-0.0788678651944	0.018337000641	-0.0486341390041	0.0247035480826	-0.00136630428399	0.0676185795059	0.00185650097696	1.0	0.0221910746194	-0.0551889981893	0.0645258391588	0.096968261814	-0.0455979871536	-0.0160585625722	0.0197328786021	-0.0230199673175	0.0356862983142	-0.0176531341554	-0.0344610111303	-0.0113161179852	-0.0824071831464	-0.0638450237968	0.0621453082759	-0.078291374348	-0.0302466270409	0.000345053805689	0.0419841785854	-0.0378301268809	-0.0710092233006	-0.00390082104048	-0.0277850650239	-0.00511757098834	-0.0463823796587	0.000490373725596	0.0490198229383	-0.0329180720394	0.0698068207157	-0.00163203655171	-0.024283089585	0.0347190234375	0.0746348963489	0.0134953073486	-0.0203341398452	-0.0194593674177	-0.0434329145842	0.0541454577136	-0.113576763999	0.0280838873564	-0.0171891781843	-0.0433189030067	-0.0397307791945	-0.00507343454433	0.00376686765308	-0.0425507998955
k__Bacteria;p__Bacteroidetes;c__Bacteroidia;o__Bacteroidales;f__Rikenellaceae;g__Alistipes;s__Alistipes_obesi	-0.0101805712451	0.0376876291066	0.0140907498025	0.0629786251855	0.062386608321	-0.0344353585908	-0.0721741572108	0.00958435111589	-0.0488551308438	0.0288648935007	-0.0295329605075	0.0181882846247	0.0221910746194	1.0	-0.0481736169109	-0.0918320048532	0.0553814845211	-0.0342875106553	0.00692624061478	0.0482500983723	0.026522699936	-0.00572150356747	0.0385152874187	-0.055321071397	-0.0466939646814	-0.033288502516	-0.0344146560403	-0.00589201404961	-0.0160733834542	-0.0458228752625	-0.0278510240359	-0.00607038420395	0.0182452098457	0.0206238469613	-0.032364283983	0.0522483662085	-0.0701962956603	0.00608879480352	-0.0397847029349	0.00839562092009	-0.0077058114717	-0.0715055576012	-0.110399566872	-0.0425653471172	-0.0612426939813	-0.00374793798499	-0.0241470225449	-0.0190272335308	-0.0509262846584	-0.0120191324594	0.00367006902726	-0.0181771031369	-0.0100154561316	-0.0189176563287	0.0656184875557	-0.00992867838308	-0.0490326380553	-0.0254129824053	-0.0108112064097
k__Bacteria;p__Firmicutes;c__Clostridia;o__Clostridiales;f__Lachnospiraceae;g__;s__[Eubacterium]_rectale	-0.0666507250067	0.0207503423041	0.0552740927661	-0.0965221546907	-0.0534964305267	-0.091741011855	-0.0369045021671	-0.0213919449176	0.012116117368	-0.0236490560536	0.0619511012499	0.0322434311346	-0.0551889981893	-0.0481736169109	1.0	0.0339901291447	0.0336732186523	-0.033612631523	-0.0132863859861	-0.0537133665509	0.0478183143451	-0.0497027182768	0.0073313560186	-0.0175397995991	-0.0299177474985	-0.00403066202914	-0.00955798774587	0.0195709944344	0.0335543072929	-0.0549578137828	0.0116800242975	0.0814823403938	-0.09761393657	-0.0817013378878	0.0333621859388	0.0174376242889	0.0271969591127	-0.0377922207194	0.0112732631983	-0.0311681238807	-0.0883692903499	-0.0270058645118	0.0238527011935	-0.0911155299271	-0.000667735487786	0.00175726769536	-0.0176886449717	0.0293468352828	-0.035985597228	-0.0136253075284	0.0260600553274	0.0223629751661	0.00897772373293	-0.0453958345968	-0.0444363665799	0.0203939690055	0.000385706559987	0.00391916710576	-0.0335512423979
k__Bacteria;p__Bacteroidetes;c__Bacteroidia;o__Bacteroidales;f__Bacteroidaceae;g__Bacteroides;s__Bacteroides_plebeius	0.0156485563517	-0.0481546937945	-0.00564429152055	0.0125302689253	0.0152139936117	-0.0412105829292	-0.0422669425874	0.00965046993736	-0.0735769564127	-0.00635011410658	0.0160986945969	0.00849914404317	0.0645258391588	-0.0918320048532	0.0339901291447	1.0	-0.140584470936	0.042768746899	-0.0599154559812	-0.0822111064783	0.0144404098473	-0.00109434860521	-0.0596830012216	-0.029157858514	-0.00384859760418	-0.0545683143975	-0.00948486385013	-0.0280863746106	0.00476653421648	0.0428418107624	-0.107971061747	-0.0333169832025	-0.0252411612292	-0.00937925552832	-0.0384783106237	0.0590530089097	-0.00911788291291	0.0130568152604	0.0302307787486	-0.0872362471791	-0.0351768930242	-0.0589284540422	0.0191332848971	-0.0545229057687	-0.0824821126624	0.000817256471836	0.0160696389129	-0.0590509596673	0.0356466804846	-0.0213875207109	-0.0358313065428	-0.0391314410735	-0.0215803454147	-0.0315481702353	-0.0561663576286	0.0319660369323	-0.0151152970648	0.0215529583696	-0.0222328164841
k__Bacteria;p__Bacteroidetes;c__Bacteroidia;o__Bacteroidales;f__Bacteroidaceae;g__Bacteroides;s__Bacteroides_fragilis	-0.0292973197679	-0.0282684509394	-0.000247369574423	-0.0557825294336	-0.0374898694903	0.0313933948025	0.0500558709144	-0.00579716541131	0.00904712614358	0.0263648364917	-0.0280617187727	0.0505809959566	0.096968261814	0.0553814845211	0.0336732186523	-0.140584470936	1.0	0.00885435355177	0.00691421955748	-0.12011530754	0.0215247607858	0.0381409794805	0.0313993939932	-0.0214923373307	0.0579115136226	-0.0756494967529	-0.0277223350465	-0.068784929595	-0.0686714192441	0.0167373713578	-0.00601230425892	-0.0272558071202	0.124073365713	-0.0448343071697	0.00454080338963	-0.0169128776415	-0.0247569531408	-0.0357107730967	0.00584519423733	0.0457800828135	-0.0183152786013	0.012921751251	-0.109096757694	-0.047724163664	-0.0122208747219	-0.085196616306	-0.0676914210712	-0.13070357206	-0.00144032175576	-0.043279138243	-0.00452656284048	-0.0754993586287	-0.0247441732495	0.0382903857474	-0.0321260926757	0.0635346700228	-0.0157882645665	0.0282885408884	-0.00704326942184
k__Bacteria;p__Proteobacteria;c__Betaproteobacteria;o__Burkholderiales;f__Sutterellaceae;g__Sutterella;s__Sutterella_wadsworthensis	0.0434426021158	-0.0786725164787	0.0408025739122	-0.016187997915	-0.0673010634095	0.0361484702651	-0.0332467665973	-0.0224399422589	0.0437451725714	-0.0121954734453	0.00574819734803	0.0324810969065	-0.0455979871536	-0.0342875106553	-0.033612631523	0.042768746899	0.00885435355177	1.0	0.0131896769421	-0.0533337191157	0.0386988199357	-0.0591631103062	-0.0578721503343	0.0168831780512	0.0018751114709	-0.0439004432355	0.00245980349035	-0.00186360435476	-0.00700203214401	0.0712946416038	-0.0851411044573	-0.0296542302553	-0.0465695014312	0.0106808177178	-0.0395823108525	-0.0455077882467	-0.0842838822089	0.00145587058421	-0.0119166194381	-0.0498950942908	-0.0972651316507	-0.0484401125327	-0.0685214786763	0.0894083964333	-0.0392275255261	0.0593395630168	-0.0259363236925	-0.069865364016	0.00205513215467	-0.0392362613448	-0.0811012379211	-0.00792590464261	0.0409965884297	0.133904901812	0.015589590516	-0.0182042936928	0.0282649796547	-0.0329594412384	-0.0172387432155
k__Bacteria;p__Bacteroidetes;c__Bacteroidia;o__Bacteroidales;f__Porphyromonadaceae;g__Barnesiella;s__Barnesiella_intestinihominis	-0.0702009726391	0.0886608364346	-0.0323332628026	-0.0387319825546	0.000201003879739	0.0317165408057	-0.0445680737473	0.0307391232161	-0.0611101733569	-0.040177214967	-0.0151399774666	0.0630873078839	-0.0160585625722	0.00692624061478	-0.0132863859861	-0.0599154559812	0.00691421955748	0.0131896769421	1.0	-0.0455720640862	-0.075011459421	0.0569761580623	-0.027721713987	0.034904764917	0.0217204688345	-0.0132578520954	0.0242396313771	0.0239830104237	-0.043775991065	-0.0905278152341	-0.0206548847331	-0.057945390997	-0.0286718339964	0.0292505850409	-0.088967127515	-0.0958088769165	-0.007336370957	-0.0751628565531	-0.0123311784805	-0.0179978356191	-0.0111006015049	0.0471958606511	0.00499053931365	0.0368512840148	-0.0451176600278	0.0354778390115	-0.0106704460385	-0.0082369712998	-0.0248490145476	-0.00295435959355	-0.0377342468683	-0.0554788989944	0.0603063782271	0.00677101030025	-0.0147683417402	-0.0090058890097	0.0496891353246	-0.0264013147562	0.00207963121558
k__Bacteria;p__Bacteroidetes;c__Bacteroidia;o__Bacteroidales;f__Odoribacteraceae;g__Odoribacter;s__Odoribacter_splanchnicus	-0.0487627535209	0.0441717224461	-0.0326846266813	-0.0831272260111	0.025273473773	-0.0176330248631	-0.112076028777	-0.0640144099191	0.0180548770302	0.0444202694698	-0.0948177473921	0.00635026057487	0.0197328786021	0.0482500983723	-0.0537133665509	-0.0822111064783	-0.12011530754	-0.0533337191157	-0.0455720640862	1.0	-0.0525169679228	-0.0231125339663	0.0177128301235	0.0122372725683	0.0570623875014	-0.0925104216702	-0.00156095442322	-0.0430996171807	0.0250083830254	0.0401754295819	0.0693762304134	-0.0221451892743	0.0188957413429	-0.0463142258143	-0.0177456198522	0.00797882324935	-0.0269266027516	-0.00422575918481	-0.00231587103525	-0.0730204017933	-0.0942099353723	-0.0618074778998	-0.0811300110056	0.0292808443185	-0.0185576244187	0.0105527844707	-0.138308573473	0.015932658168	0.0362694656407	-0.0349242763403	0.0313138872305	0.0707081066257	0.0173591179796	0.0437492579292	-0.0162255492434	-0.0205144754183	0.0120666902319	-0.0221300220862	0.0451083847659
k__Bacteria;p__Bacteroidetes;c__Bacteroidia;o__Bacteroidales;f__Bacteroidaceae;g__Bacteroides;s__Bacteroides_salyersiae	-0.0477643352277	-0.0495393996533	-0.0239107105432	-0.0868327659205	-0.0590169648133	-0.0546170018822	0.0314973108257	0.0169409054043	-0.00826004216179	-0.0415918586062	-0.0646046512493	0.0106962636614	-0.0230199673175	0.026522699936	0.0478183143451	0.0144404098473	0.0215247607858	0.0386988199357	-0.075011459421	-0.0525169679228	1.0	0.0324073276623	-0.0335740649675	-0.0216592559377	0.0880196365307	-0.0699561849986	-0.0217756266796	-0.0326621075087	0.0800239670547	-0.0185516511737	-0.0142804450405	0.000336251769481	0.0443084206208	-0.0676920886873	-0.00191105802387	0.0305565615214	0.0763312324113	-0.0267488924898	-0.0294712665209	-0.0303523437774	-0.0532386611651	-0.00513338953501	0.0263276598192	-0.03481139517	0.00450595876331	-0.11706290144	-0.0551624039804	-0.0344236384847	-0.0144812225473	0.0274410088552	-0.0163127817611	-0.041058201236	-0.0279653032053	0.0635281520631	-0.0201318402445	-0.0429502400766	0.0592745404705	-0.115836981921	-0.0178490273274
k__Bacteria;p__Firmicutes;c__Clostridia;o__Clostridiales;f__Ruminococcaceae;g__Ruminiclostridium;s__[Eubacterium]_siraeum	-0.0736461638962	0.05390404062	0.0374420755292	-0.0570834893891	0.00721873002115	-0.00709048628961	-0.0369493542068	-0.068971189038	0.0167908122039	-0.0509105263766	-0.00678917106684	-0.0452566149663	0.0356862983142	-0.00572150356747	-0.0497027182768	-0.00109434860521	0.0381409794805	-0.0591631103062	0.0569761580623	-0.0231125339663	0.0324073276623	1.0	0.0637028357449	-0.0705362436053	-0.0482100933072	0.016375929576	0.0110385536532	-0.0261813078314	0.0419329917541	0.00411612965861	-0.0423757621482	-0.00487705452775	-0.0926775120601	0.00870821712401	-0.0698715313872	0.0322006465035	0.0284169912216	-0.0769467662447	-0.109916690081	-0.0216554744638	0.0573010645018	0.00753991987497	-0.0225999790885	-0.0200211961856	-0.0508844939501	-0.0154591789951	0.0454596876991	-0.0122227102511	0.0303868939738	0.0429157087801	-0.00302499198893	-0.0267965006576	0.0113892345159	-0.031806706326	-0.053429181505	-0.01340324093	-0.040005367458	0.01904824737	-0.00144440375264
k__Bacteria;p__Proteobacteria;c__Betaproteobacteria;o__Burkholderiales;f__Sutterellaceae;g__Parasutterella;s__Parasutterella_excrementihominis	-0.0774584427766	-0.030337021049	0.0469877574818	-0.0115977130194	-0.0551690764719	0.000935868314379	-0.0379236453646	-0.0315308606474	-0.0767592229544	0.0188669972136	-0.0105756110575	-0.0535722031677	-0.0176531341554	0.0385152874187	0.0073313560186	-0.0596830012216	0.0313993939932	-0.0578721503343	-0.027721713987	0.0177128301235	-0.0335740649675	0.0637028357449	1.0	-0.0735419431957	-0.0329800557135	-0.0166354483604	0.0104031903341	-0.0217599041169	0.0146213330143	-0.0436531481967	-0.064851788017	-0.0642654659532	0.0132925257481	-0.00668258747669	-0.0280411608945	0.0238559729861	0.00269623737275	0.0266934166007	-0.0263745964773	-0.0109806895129	-0.0170574940359	-0.0478264870042	-0.0438059518153	0.0268126787332	0.0282179766265	-0.0704508199381	-0.0227229418473	0.0635443199926	-0.0294119838996	-0.0436288494099	-0.0963644947786	-0.03514901609	-0.0662226620699	0.00487326633815	-0.0814334223258	0.0429522622834	0.0346550861761	-0.0330450872947	0.0239242984704
k__Bacteria;p__Actinobacteria;c__Actinobacteria;o__Bifidobacteriales;f__Bifidobacteriaceae;g__Bifidobacterium;s__Bifidobacterium_adolescentis	0.0221652467034	0.0227855805879	-0.0246773406793	-0.0647288659981	0.0147700315593	0.0266981796813	0.0463933039188	0.0135106123246	-0.0390558089049	-0.0486223598758	0.0196184852358	0.0221383283101	-0.0344610111303	-0.055321071397	-0.0175397995991	-0.029157858514	-0.0214923373307	0.0168831780512	0.034904764917	0.0122372725683	-0.0216592559377	-0.0705362436053	-0.0735419431957	1.0	-0.0668226895109	0.0287966656383	-0.0652062693119	-0.013292567146	-0.0499660442497	-0.0303314811208	-0.0503349546472	-0.00997223312188	0.0111691346753	0.0222530011635	0.0124034385163	-0.0259020337294	0.00981240233893	0.00843639311048	-0.0445485715838	-0.0631313859225	0.0296155838384	0.0327906327748	0.0500803561838	0.0141169708847	0.00719319964612	-0.0311453592091	-0.0150741438008	0.00810461472216	-0.0435770054176	-0.0718969611177	-0.0119739366698	0.0338910310499	-0.00629280113666	-0.0124390890941	-0.063691113426	-0.0230984612164	-0.00840031522918	0.0308194831369	-0.00755436041951
k__Bacteria;p__Firmicutes;c__Clostridia;o__Clostridiales;f__Oscillospiraceae;g__Oscillibacter;s__Oscillibacter_sp._KLE_1745	0.0148869991228	0.0371295865593	-0.0372023420131	-0.0191677181241	-0.0350461565701	-0.0141845318057	0.000717836143387	-0.0610681834226	0.0264219064818	0.0378418872234	0.0468578058457	0.00907954689128	-0.0113161179852	-0.0466939646814	-0.0299177474985	-0.00384859760418	0.0579115136226	0.0018751114709	0.0217204688345	0.0570623875014	0.0880196365307	-0.0482100933072	-0.0329800557135	-0.0668226895109	1.0	-0.0465976690053	-0.00637343975436	-0.0375339095966	0.00681122561637	0.0035121775354	0.0157516214854	0.0571165238022	0.0683592265011	-0.0401773538993	0.0789202324422	0.0219549490941	-0.0806064786206	0.0208437290042	-0.105094800347	0.00843101035627	-0.00939842414244	-0.0374738216928	-0.00809001173694	-0.0103532046429	0.0475121967471	-0.0158693639972	-0.0393218709236	-0.0660886381751	-0.0607982569488	-0.0518989884143	0.0199586397055	0.00804366830613	-0.0338851265488	0.0266395343887	-0.0659280979893	0.0826960635339	0.042492740341	0.0586768025009	-0.00911694092573
k__Bacteria;p__Bacteroidetes;c__Bacteroidia;o__Bacteroidales;f__Bacteroidaceae;g__Bacteroides;s__Bacteroides_coprophilus	-0.00272506824759	-0.0443077318757	0.02371740813	-0.0345414400664	0.0300413791812	0.0172826506888	0.00607488335355	-0.0195058779756	0.0643260763914	-0.053674654776	0.000654641813149	-0.052983895894	-0.0824071831464	-0.033288502516	-0.00403066202914	-0.0545683143975	-0.0756494967529	-0.0439004432355	-0.0132578520954	-0.0925104216702	-0.0699561849986	0.016375929576	-0.0166354483604	0.0287966656383	-0.0465976690053	1.0	0.0720407689631	-0.0115740890965	0.0249413138158	-0.0234822858148	-0.0581333746674	-0.0255148244777	-0.00594964742709	-0.0324350888779	0.0214664537986	-0.035606037322	-0.107981843238	0.0489583054438	0.014537533762	0.0301586728132	0.0642706079944	-0.0461644730403	0.00419243943327	-0.0237758293855	-0.0202914912973	0.0107604275843	-0.0150335952776	0.0438431541642	0.00382582139428	0.00767224488213	-0.0619121953218	-0.0351818667014	-0.0747010336201	0.052106274462	-0.0441878529913	-0.0256160703564	-0.0653301805117	-0.0449884712415	0.0720219250467
k__Bacteria;p__Firmicutes;c__Clostridia;o__Clostridiales;f__Lachnospiraceae;g__Roseburia;s__Roseburia_intestinalis	-0.00997393155828	0.037242001162	-0.00193837215538	0.012116012568	0.0442163277333	-0.0613667380731	-0.0148397673719	-0.0720231596419	0.00665268600488	-0.0705413571483	-0.0672308812225	-0.0430257399	-0.0638450237968	-0.0344146560403	-0.00955798774587	-0.00948486385013	-0.0277223350465	0.00245980349035	0.0242396313771	-0.00156095442322	-0.0217756266796	0.0110385536532	0.0104031903341	-0.0652062693119	-0.00637343975436	0.0720407689631	1.0	-0.0706207453154	-0.0549590426136	-0.00228892674289	-0.0387445030542	-0.00892688300797	-0.0514279705037	0.0516119383175	-0.0848838887928	-0.113009531998	0.0858398391134	0.00266488218695	0.008828113524	0.0256632142476	-0.037501035433	-0.0401263507339	-0.00705264739275	-0.0182289805571	-0.0253247732639	-0.0559287442213	-0.0405212563568	-0.00967686253572	0.0572923528405	0.0196506057896	0.021649665567	-0.12119036545	0.0604141346782	0.0592047038933	0.00567456418913	0.0157014594423	0.0258630662138	-0.0376137065431	-0.109325333919
k__Bacteria;p__Firmicutes;c__Clostridia;o__Clostridiales;f__Lachnospiraceae;g__Roseburia;s__Roseburia_hominis	-0.00732028349363	0.0279361272438	-0.0740934098042	-0.0190468299647	-0.0298189272677	-0.0414051109926	-0.0836227508064	-0.065243590653	-0.136353470378	0.0182670522209	0.00162458200908	-0.00494646253787	0.0621453082759	-0.00589201404961	0.0195709944344	-0.0280863746106	-0.068784929595	-0.00186360435476	0.0239830104237	-0.0430996171807	-0.0326621075087	-0.0261813078314	-0.0217599041169	-0.013292567146	-0.0375339095966	-0.0115740890965	-0.0706207453154	1.0	-0.00612041827424	-0.037639650876	0.00900429354935	-0.0121165095646	-0.0142299636571	-0.0625243097457	0.0138597115024	-0.0578305453007	-0.0980496626671	-0.027943583965	-0.0168120446016	0.0150766718899	-0.0424497116354	0.0369483889509	-0.0633396722427	0.0157010023952	-0.0985976654685	-0.0613348902195	0.0693608748392	0.0152316054776	0.0366639059303	-0.00634890366692	0.0512758214084	-0.0282060493369	-0.0181445283904	-0.0410554640211	0.00865676268598	0.0315653563598	0.0530488921416	-0.0269702507186	-0.0181616395658
k__Bacteria;p__Bacteroidetes;c__Bacteroidia;o__Bacteroidales;f__Porphyromonadaceae;g__Parabacteroides;s__Parabacteroides_johnsonii	0.0393492380841	-0.0685965898836	-0.015124484424	-0.0314277637709	-0.0404085157365	-0.0785855733886	-0.0472847897224	-0.122186488414	-0.0155293246797	-0.0206117972568	-0.0221476636387	-0.0508155830291	-0.078291374348	-0.0160733834542	0.0335543072929	0.00476653421648	-0.0686714192441	-0.00700203214401	-0.043775991065	0.0250083830254	0.0800239670547	0.0419329917541	0.0146213330143	-0.0499660442497	0.00681122561637	0.0249413138158	-0.0549590426136	-0.00612041827424	1.0	-0.000496139170678	0.0304681252909	0.00742799186748	-0.0608665588296	0.00121301393723	0.0188937720359	0.0226480466607	-0.0456803852515	-0.00310638072411	-0.0382496783264	0.0561085612629	0.00331412818252	-0.0432553225861	-0.0194234305525	7.79894850634e-05	-0.0410428565859	-0.0486711981927	-0.00829229808927	0.0118704803177	0.092297579465	0.027660189589	-0.0979793159371	0.0372517345066	-0.084472666682	-0.0656752538616	-0.0153217159171	-0.0534396507549	-0.0367627171921	-0.0308314361205	0.0438458221521
k__Bacteria;p__Actinobacteria;c__Actinobacteria;o__Bifidobacteriales;f__Bifidobacteriaceae;g__Bifidobacterium;s__Bifidobacterium_longum	0.0371568318561	-0.0130587386534	-0.115532120005	-0.00258767238507	0.0079124017274	-0.0207371270653	-0.0235596092412	0.0157185965849	0.0230390820559	0.0999843428862	-0.0103208420633	0.0260815984485	-0.0302466270409	-0.0458228752625	-0.0549578137828	0.0428418107624	0.0167373713578	0.0712946416038	-0.0905278152341	0.0401754295819	-0.0185516511737	0.00411612965861	-0.0436531481967	-0.0303314811208	0.0035121775354	-0.0234822858148	-0.00228892674289	-0.037639650876	-0.000496139170678	1.0	0.0744101865785	0.00219611444403	-0.023936682839	0.0576356088038	-0.036036726778	-0.0564415659244	-0.0611991260115	0.00839371961894	-0.0695438532292	0.0714491619662	-0.0422714165887	0.0139055873061	0.0352371637209	-0.0783436649314	-0.0415287814078	-0.00809947621584	-0.0123475755052	-0.0514919620236	0.0768124799369	-0.0912980081016	-0.0327051084416	-0.0172666990246	-0.0127973112112	-0.0960827698934	-0.05907460294	0.110218718383	0.0574167916324	-0.0116738201195	-0.0545245359908
