#taxonomy	k__Bacteria;p__Bacteroidetes;c__Bacteroidia;o__Bacteroidales;f__Bacteroidaceae;g__Bacteroides;s__Bacteroides_vulgatus	k__Bacteria;p__Bacteroidetes;c__Bacteroidia;o__Bacteroidales;f__Bacteroidaceae;g__Bacteroides;s__Bacteroides_uniformis	k__Bacteria;p__Bacteroidetes;c__Bacteroidia;o__Bacteroidales;f__Rikenellaceae;g__Alistipes;s__Alistipes_putredinis	k__Bacteria;p__Bacteroidetes;c__Bacteroidia;o__Bacteroidales;f__Prevotellaceae;g__Prevotella;s__Prevotella_copri	k__Bacteria;p__Bacteroidetes;c__Bacteroidia;o__Bacteroidales;f__Bacteroidaceae;g__Bacteroides;s__Bacteroides_stercoris	k__Bacteria;p__Bacteroidetes;c__Bacteroidia;o__Bacteroidales;f__Bacteroidaceae;g__Bacteroides;s__Bacteroides_ovatus	k__Bacteria;p__Bacteroidetes;c__Bacteroidia;o__Bacteroidales;f__Rikenellaceae;g__Alistipes;s__Alistipes_shahii	k__Bacteria;p__Firmicutes;c__Clostridia;o__Clostridiales;f__Ruminococcaceae;g__Faecalibacterium;s__Faecalibacterium_prausnitzii	k__Bacteria;p__Bacteroidetes;c__Bacteroidia;o__Bacteroidales;f__Rikenellaceae;g__Alistipes;s__Alistipes_finegoldii	k__Bacteria;p__Bacteroidetes;c__Bacteroidia;o__Bacteroidales;f__Porphyromonadaceae;g__Parabacteroides;s__Parabacteroides_distasonis	k__Bacteria;p__Bacteroidetes;c__Bacteroidia;o__Bacteroidales;f__Bacteroidaceae;g__Bacteroides;s__Bacteroides_thetaiotaomicron	k__Bacteria;p__Bacteroidetes;c__Bacteroidia;o__Bacteroidales;f__Bacteroidaceae;g__Bacteroides;s__Bacteroides_coprocola	k__Bacteria;p__Bacteroidetes;c__Bacteroidia;o__Bacteroidales;f__Bacteroidaceae;g__Bacteroides;s__Bacteroides_cellulosilyticus	k__Bacteria;p__Bacteroidetes;c__Bacteroidia;o__Bacteroidales;f__Rikenellaceae;g__Alistipes;s__Alistipes_obesi	k__Bacteria;p__Firmicutes;c__Clostridia;o__Clostridiales;f__Lachnospiraceae;g__;s__[Eubacterium]_rectale	k__Bacteria;p__Bacteroidetes;c__Bacteroidia;o__Bacteroidales;f__Bacteroidaceae;g__Bacteroides;s__Bacteroides_plebeius	k__Bacteria;p__Bacteroidetes;c__Bacteroidia;o__Bacteroidales;f__Bacteroidaceae;g__Bacteroides;s__Bacteroides_fragilis	k__Bacteria;p__Proteobacteria;c__Betaproteobacteria;o__Burkholderiales;f__Sutterellaceae;g__Sutterella;s__Sutterella_wadsworthensis	k__Bacteria;p__Bacteroidetes;c__Bacteroidia;o__Bacteroidales;f__Porphyromonadaceae;g__Barnesiella;s__Barnesiella_intestinihominis	k__Bacteria;p__Bacteroidetes;c__Bacteroidia;o__Bacteroidales;f__Odoribacteraceae;g__Odoribacter;s__Odoribacter_splanchnicus	k__Bacteria;p__Bacteroidetes;c__Bacteroidia;o__Bacteroidales;f__Bacteroidaceae;g__Bacteroides;s__Bacteroides_salyersiae	k__Bacteria;p__Firmicutes;c__Clostridia;o__Clostridiales;f__Ruminococcaceae;g__Ruminiclostridium;s__[Eubacterium]_siraeum	k__Bacteria;p__Proteobacteria;c__Betaproteobacteria;o__Burkholderiales;f__Sutterellaceae;g__Parasutterella;s__Parasutterella_excrementihominis	k__Bacteria;p__Actinobacteria;c__Actinobacteria;o__Bifidobacteriales;f__Bifidobacteriaceae;g__Bifidobacterium;s__Bifidobacterium_adolescentis	k__Bacteria;p__Firmicutes;c__Clostridia;o__Clostridiales;f__Oscillospiraceae;g__Oscillibacter;s__Oscillibacter_sp._KLE_1745	k__Bacteria;p__Bacteroidetes;c__Bacteroidia;o__Bacteroidales;f__Bacteroidaceae;g__Bacteroides;s__Bacteroides_coprophilus	k__Bacteria;p__Firmicutes;c__Clostridia;o__Clostridiales;f__Lachnospiraceae;g__Roseburia;s__Roseburia_intestinalis	k__Bacteria;p__Firmicutes;c__Clostridia;o__Clostridiales;f__Lachnospiraceae;g__Roseburia;s__Roseburia_hominis	k__Bacteria;p__Bacteroidetes;c__Bacteroidia;o__Bacteroidales;f__Porphyromonadaceae;g__Parabacteroides;s__Parabacteroides_johnsonii	k__Bacteria;p__Actinobacteria;c__Actinobacteria;o__Bifidobacteriales;f__Bifidobacteriaceae;g__Bifidobacterium;s__Bifidobacterium_longum	k__Bacteria;p__Firmicutes;c__Clostridia;o__Clostridiales;f__;g__Flavonifractor;s__Flavonifractor_plautii	k__Bacteria;p__Firmicutes;c__Clostridia;o__Clostridiales;f__Clostridiaceae;g__Clostridium;s__Clostridium_phoceensis	k__Bacteria;p__Verrucomicrobia;c__Verrucomicrobiae;o__Verrucomicrobiales;f__Akkermansiaceae;g__Akkermansia;s__Akkermansia_muciniphila	k__Bacteria;p__Bacteroidetes;c__Bacteroidia;o__Bacteroidales;f__Prevotellaceae;g__Paraprevotella;s__Paraprevotella_xylaniphila	k__Bacteria;p__Firmicutes;c__Clostridia;o__Clostridiales;f__Ruminococcaceae;g__Ruminococcus;s__Ruminococcus_callidus	k__Bacteria;p__Bacteroidetes;c__Bacteroidia;o__Bacteroidales;f__Rikenellaceae;g__Alistipes;s__Alistipes_senegalensis	k__Bacteria;p__Firmicutes;c__Clostridia;o__Clostridiales;f__Lachnospiraceae;g__Blautia;s__Blautia_sp._KLE_1732	k__Bacteria;p__Bacteroidetes;c__Bacteroidia;o__Bacteroidales;f__Bacteroidaceae;g__Bacteroides;s__Bacteroides_oleiciplenus	k__Bacteria;p__Firmicutes;c__Clostridia;o__Clostridiales;f__Ruminococcaceae;g__Ruminococcus;s__Ruminococcus_bicirculans	k__Bacteria;p__Bacteroidetes;c__Bacteroidia;o__Bacteroidales;f__Bacteroidaceae;g__Bacteroides;s__Bacteroides_fluxus	k__Bacteria;p__Bacteroidetes;c__Bacteroidia;o__Bacteroidales;f__Prevotellaceae;g__Prevotella;s__Prevotella_stercorea	k__Bacteria;p__Firmicutes;c__Clostridia;o__Clostridiales;f__Lachnospiraceae;g__Dorea;s__Dorea_longicatena	k__Bacteria;p__Firmicutes;c__Clostridia;o__Clostridiales;f__Eubacteriaceae;g__Eubacterium;s__[Eubacterium]_eligens	k__Bacteria;p__Firmicutes;c__Clostridia;o__Clostridiales;f__Ruminococcaceae;g__;s__Ruminococcaceae_bacterium_D16	k__Bacteria;p__Firmicutes;c__Clostridia;o__Clostridiales;f__Lachnospiraceae;g__Coprococcus;s__Coprococcus_comes	k__Bacteria;p__Proteobacteria;c__Gammaproteobacteria;o__Enterobacterales;f__Enterobacteriaceae;g__Escherichia;s__Escherichia_coli	k__Bacteria;p__Firmicutes;c__Clostridia;o__Clostridiales;f__Ruminococcaceae;g__Anaerotruncus;s__Anaerotruncus_colihominis	k__Bacteria;p__Firmicutes;c__Clostridia;o__Clostridiales;f__Lachnospiraceae;g__Blautia;s__Blautia_obeum	k__Bacteria;p__Bacteroidetes;c__Bacteroidia;o__Bacteroidales;f__Odoribacteraceae;g__Odoribacter;s__Odoribacter_laneus	k__Bacteria;p__Firmicutes;c__Clostridia;o__Clostridiales;f__Ruminococcaceae;g__Ruminiclostridium;s__[Clostridium]_leptum	k__Bacteria;p__Bacteroidetes;c__Bacteroidia;o__Bacteroidales;f__Porphyromonadaceae;g__Parabacteroides;s__Parabacteroides_goldsteinii	k__Bacteria;p__Firmicutes;c__Clostridia;o__Clostridiales;f__Lachnospiraceae;g__Anaerostipes;s__Anaerostipes_hadrus	k__Bacteria;p__Firmicutes;c__Clostridia;o__Clostridiales;f__Ruminococcaceae;g__Ruminococcus;s__Ruminococcus_lactaris	k__Bacteria;p__Firmicutes;c__Clostridia;o__Clostridiales;f__Clostridiaceae;g__Clostridium;s__Clostridium_sp._L2-50	k__Bacteria;p__Firmicutes;c__Clostridia;o__Clostridiales;f__Clostridiaceae;g__Clostridium;s__Clostridium_sp._M62/1	k__Bacteria;p__Firmicutes;c__Clostridia;o__Clostridiales;f__;g__Intestinimonas;s__Intestinimonas_butyriciproducens	k__Bacteria;p__Actinobacteria;c__Actinobacteria;o__Bifidobacteriales;f__Bifidobacteriaceae;g__Bifidobacterium;s__Bifidobacterium_bifidum	k__Bacteria;p__Firmicutes;c__Negativicutes;o__Veillonellales;f__Veillonellaceae;g__Dialister;s__Dialister_invisus	k__Bacteria;p__Bacteroidetes;c__Bacteroidia;o__Bacteroidales;f__Bacteroidaceae;g__Bacteroides;s__Bacteroides_salanitronis
k__Bacteria;p__Bacteroidetes;c__Bacteroidia;o__Bacteroidales;f__Bacteroidaceae;g__Bacteroides;s__Bacteroides_vulgatus	1.0	0.017638092512	-0.0504566197307	-0.082759595178	0.00292596130335	-0.130825613427	-0.0211703319031	0.0318744044196	-0.00544153674639	0.0129979970895	0.0313577400639	-0.0799294610645	-0.051675206476	0.0398984432551	-0.100402566604	0.061990033739	-0.00677886135274	-0.0479691193	-0.0574117009609	-0.00510942686598	-0.0421655859697	0.0673722095749	-0.00858508278472	0.0533315995262	0.0466208343503	0.0184371031973	-0.0474870073973	0.0122453249042	-0.102188325194	0.0533163116915	-0.0513481151067	-0.053617169883	0.00786882631562	0.0409911269349	-0.00678357937854	0.0023944244094	-0.0403767723454	-0.0780051489104	0.0394980905738	-0.0539791049146	-0.0426642820256	0.0261686349428	-0.0208661487714	0.038066379948	-0.0129198846285	0.0486249477408	-0.0848882654568	0.0149861429241	0.0715795669278	-0.0449702988186	0.00889712274466	0.0603133835381	0.0269115429757	0.0175735669169	-0.0533067592803	-0.0179161049191	-0.0251626282317	-0.0721014176447	-0.0327827797735
k__Bacteria;p__Bacteroidetes;c__Bacteroidia;o__Bacteroidales;f__Bacteroidaceae;g__Bacteroides;s__Bacteroides_uniformis	0.017638092512	1.0	0.0160995863118	0.0217912702509	0.0422629445087	-0.123584706482	0.00550825646935	0.0167875148831	-0.015164389274	-0.0281419481158	-0.0454128481716	0.000346609117814	-0.16822778682	-0.0189139961149	0.0230521781886	0.0028915328313	-0.110396944784	-0.0366991406625	0.00598011424593	0.0360891310915	-0.0452848375158	0.056266345951	-0.0714473857892	-0.114765343738	-0.00411031959914	-0.0182194640863	-0.00120637679817	-0.00573162738824	-0.0513778121582	-0.0385048895948	-0.0598781088219	0.0146078220248	0.0569792265427	-0.0405839306634	-0.078646540397	-0.0187211683512	-0.152234768662	-0.0452439476203	-0.0425096836128	0.0555377562067	0.0563497638232	-0.00208694928469	-0.0353701627234	-0.0606265861121	0.0384553669062	0.0329117048112	-0.0472172702222	-0.0077432093529	-0.00739597948387	-0.0196948506717	0.0129104774547	0.036794875617	-0.023137835729	-0.0565534020714	-0.0320021586353	0.0520890239886	-0.0180376641899	-0.02295362427	0.0560444458646
k__Bacteria;p__Bacteroidetes;c__Bacteroidia;o__Bacteroidales;f__Rikenellaceae;g__Alistipes;s__Alistipes_putredinis	-0.0504566197307	0.0160995863118	1.0	-0.0157491586006	-0.0301639303004	-0.0129037385704	0.0349117081663	0.0709044857781	-0.0722881069138	0.0172072026859	-0.0562507209	-0.0532123980959	-0.0591093919214	-0.0115649702987	-0.0456093836769	-0.0579282609646	-0.015859818692	-0.0397849174347	-0.0604545362624	-0.0327776305602	0.0421979789071	-0.0191361860936	-0.0511677384216	-0.0863462150628	-0.0512814052973	0.0869036570957	-0.032416651664	-0.0205410753742	-0.00764594221734	0.047118182457	0.0213019360603	-0.0154149081647	-0.10056900276	0.0129810912984	-0.0019309032026	0.0226942689569	-0.0358350442955	-0.0622642784457	-0.046445254982	-0.095207288234	0.0122334162829	-0.0857736370373	-0.0336595568266	0.107758264476	-0.0691325103261	-0.00157804810431	-0.0711045339384	0.0525592972244	0.0308827070628	-0.0501528247264	-0.039349486813	0.0270012095165	0.0686746865252	0.0845635879837	0.0327345432151	0.0222779125682	-0.0892974942917	-0.0766846960841	0.00954826144309
k__Bacteria;p__Bacteroidetes;c__Bacteroidia;o__Bacteroidales;f__Prevotellaceae;g__Prevotella;s__Prevotella_copri	-0.082759595178	0.0217912702509	-0.0157491586006	1.0	-0.00332754303389	0.0562693128921	-0.0151987261379	0.0356876750373	-0.0436200728187	0.0400058900376	0.0210160024176	-0.0162560858353	0.0684764239013	0.0283430220764	-0.0593787554756	0.0420218081807	-0.0116356110638	0.013302890706	-0.0174866739918	-0.0337650847377	-0.0765769336523	-0.0379838406906	-0.0321294001973	-0.0846677662286	-0.00594246804684	-0.0126084733948	0.0457534632908	0.0171123614071	0.00787913374177	0.0330779182263	1.17968384355e-06	-0.0276328297434	0.0416890677644	0.0263905104501	0.0248003379421	-0.06706494365	-0.0101096216105	-0.0217858033216	-0.061659506039	0.025783225552	-0.0817665464242	-0.0275074731679	0.0516424792342	0.0276089578536	-0.0752120650137	-0.045931824252	-0.00224594607995	-0.130070966709	0.0351120010295	0.0265704024703	0.0575319025641	-0.0294948073085	0.00850526056118	-0.0427395993557	0.0763647752354	-0.0165757409658	0.00586779109507	-0.0384275720019	-0.013630546932
k__Bacteria;p__Bacteroidetes;c__Bacteroidia;o__Bacteroidales;f__Bacteroidaceae;g__Bacteroides;s__Bacteroides_stercoris	0.00292596130335	0.0422629445087	-0.0301639303004	-0.00332754303389	1.0	-0.0503821271389	-0.019967904334	0.0040444756906	0.029566814662	-0.0363340894361	0.0135574366086	0.0133293736123	0.0335492177661	-0.0135404909684	-0.0426095353769	0.00072556220297	-0.0651754332922	0.00732097580834	-0.0101226713327	-0.045321919165	0.0104069126119	-0.0304345354682	-0.0913158947023	-0.0231156399833	-0.0164053384212	0.0521450702722	0.0448030218404	0.0102550930061	-0.0234540617349	0.0242911519188	-0.118937493601	-0.0581202022407	-0.00427240234589	0.0254440025453	0.0450762024678	0.0222136586335	-0.0117410389781	-0.0237570509561	0.0228816383378	-0.041282166202	0.00805317230644	-0.0158085079924	0.0352416255939	0.00413383540367	0.0240466350874	-0.0294185550875	-0.0257388008763	-0.0543783440725	0.0321075685334	-0.0344996870534	0.0153837706856	-0.00993735629971	0.0049250238326	0.0393895322908	0.0523528369572	-0.0879457071959	-0.0588049795226	-0.050788268162	0.0115422484936
k__Bacteria;p__Bacteroidetes;c__Bacteroidia;o__Bacteroidales;f__Bacteroidaceae;g__Bacteroides;s__Bacteroides_ovatus	-0.130825613427	-0.123584706482	-0.0129037385704	0.0562693128921	-0.0503821271389	1.0	0.0295056735961	0.0619251030485	-0.025495618668	-0.0911534565773	-0.0233461737643	-0.014295643032	-0.0100418361405	-0.0355477046531	0.00160574557008	-0.00390624983749	0.00732159645897	0.0200506816586	0.00480311414214	0.00799994652204	0.077217960092	-0.053124680054	-0.0111399508241	0.0453080490457	-0.0129951105857	0.0385686492916	0.0221559170409	-0.0330708235601	0.0490663528261	0.0470156070778	0.0403590514732	-0.0306986274619	-0.0442011685275	-0.0347142044735	0.0830590639867	-0.0174037232064	-0.0522602640577	0.0504199371789	0.0326501522728	0.0852466513069	-0.0364178965764	-0.0455771055794	-0.00399478168078	0.0269588928962	-0.0374546022744	0.0401946267721	-0.070929802582	-0.0318102572913	-0.0826392355343	0.0555064097384	0.00315683270063	-0.0373142526666	-0.0248073690704	-0.0604523975334	0.0060862424173	-0.0617425424867	-0.00749392706702	-0.0530153741173	-0.108029437524
k__Bacteria;p__Bacteroidetes;c__Bacteroidia;o__Bacteroidales;f__Rikenellaceae;g__Alistipes;s__Alistipes_shahii	-0.0211703319031	0.00550825646935	0.0349117081663	-0.0151987261379	-0.019967904334	0.0295056735961	1.0	-0.0592143452018	-0.0235866125364	-0.0301591983883	-0.0788758091597	0.0091796754328	0.00594324270896	0.0331070829052	-0.00951116882945	0.0138135947334	-0.0407931755291	0.0521885373375	-0.0434557556819	-0.00638237936679	-0.0223489737713	-0.0469410178549	-0.102115329212	-0.00968768481999	-0.0291314566459	-0.0597671712543	0.00961950212421	-0.0538635454876	-0.0109130001698	0.0285821920196	0.00636312472218	0.038919711694	-0.0189507150224	-0.0468912321746	-0.0157516097066	-0.0856918230722	0.11170953473	0.0363198903316	-0.0164745442065	0.104090527737	-0.0261600428467	-0.0499591453577	-0.000552961662286	-0.0232761700494	-0.0158263076211	-0.0393424828365	0.000204395245281	-0.0420207059293	0.00181340403683	0.0172360083713	-0.0305157621209	0.0476008497494	-0.0429064470327	-0.0394239203654	0.00126411252347	0.0360990318815	-0.0502407125085	0.00886873378209	-0.0223570751684
k__Bacteria;p__Firmicutes;c__Clostridia;o__Clostridiales;f__Ruminococcaceae;g__Faecalibacterium;s__Faecalibacterium_prausnitzii	0.0318744044196	0.0167875148831	0.0709044857781	0.0356876750373	0.0040444756906	0.0619251030485	-0.0592143452018	1.0	0.00850774244789	-0.00799671332211	-0.0452973556425	-0.0156220224698	0.0108457064969	0.0336036064997	-0.0223704220492	-0.0110956920758	-0.0122763403081	-0.0104955961564	-0.0465574017124	-0.0337403565027	-0.00057897589998	-0.0145721016374	-0.0545672016654	0.0230565055274	-0.0982710584042	-0.120152148152	0.0181756091306	0.0428356121022	0.00282327092857	0.0225898263819	-0.0342987462619	0.0449271458818	0.0233933893403	0.0580830865615	-0.0605228240057	0.000563071268936	-0.049830363117	-0.0722512559892	-0.0570758149487	-0.00408093933376	-0.0910405296015	-0.064498090244	-0.0455431585608	-0.0073482083441	0.0440915294049	-0.0207767884247	-0.0142795648702	-0.0238468056255	-0.0563823791343	-0.0619731400917	0.0728724282242	0.0133604160252	0.0042994210721	0.00411677660237	-0.0315826647951	-0.0163901061069	-0.0415046500135	-0.0210780588609	-0.0267132015067
k__Bacteria;p__Bacteroidetes;c__Bacteroidia;o__Bacteroidales;f__Rikenellaceae;g__Alistipes;s__Alistipes_finegoldii	-0.00544153674639	-0.015164389274	-0.0722881069138	-0.0436200728187	0.029566814662	-0.025495618668	-0.0235866125364	0.00850774244789	1.0	-0.0389969495544	-0.105507545502	-0.0966088896883	-0.0321535724656	0.0134119873852	-0.00850661114633	-0.00231619540563	-0.0146262023583	0.00924640625533	-0.0933491741692	0.0379864965993	-0.0483496191577	-0.0659633905766	0.0456505113921	0.0499338629156	0.0805640131422	-0.0461903928861	0.0351774719118	0.0220784121978	-0.0401444477237	-0.0283809781451	0.00987107698335	0.0260813872285	0.103642486921	-0.0507798852927	-0.0317114444782	-0.00971071697017	-0.0158676203308	-0.0225666708008	-0.0780639590654	0.010093548556	0.022638341075	0.0149894087631	0.0167460974951	0.00659158978819	0.00429313890302	-0.0474481394526	-0.0165078534496	0.0153231847587	-0.0147010613784	-0.0468908235874	-0.00500933543571	-0.041352223957	-0.0870160789567	-0.0298917169398	0.0217598131048	-0.0243245954299	-0.0179148812759	0.0055283353403	0.0234586119987
k__Bacteria;p__Bacteroidetes;c__Bacteroidia;o__Bacteroidales;f__Porphyromonadaceae;g__Parabacteroides;s__Parabacteroides_distasonis	0.0129979970895	-0.0281419481158	0.0172072026859	0.0400058900376	-0.0363340894361	-0.0911534565773	-0.0301591983883	-0.00799671332211	-0.0389969495544	1.0	-0.00749311060097	-0.0419489907285	0.0580126221429	-0.0690711535909	-0.0500863638456	-0.0247758438454	0.0651930648019	0.00786042933113	0.0245189933656	0.00440555855466	0.00747894068269	0.006344583494	0.0471537083198	-0.0178490933681	-0.0591220033927	-0.0165040316486	-0.0427057445493	-0.0966896844527	0.0511662810764	-0.094027183505	-0.0254934923691	0.0197427633951	-0.0118738226078	-0.0252723739813	0.0448136078115	-0.0859184936965	-0.0190820207541	-0.00962308303313	0.00347770404802	0.0535030847443	-0.0541027084603	-0.0246641269611	-0.00740731221632	0.0460053898006	-0.0784170164093	0.00525389969636	-0.0899377895669	-0.0668232750524	-0.0713537958022	0.0612368023801	0.0627244069497	-0.00165277631191	-0.050708358289	0.00377415222092	0.0608391954467	0.0161272510745	-0.024499896462	-0.0143603570779	-0.0462309804774
k__Bacteria;p__Bacteroidetes;c__Bacteroidia;o__Bacteroidales;f__Bacteroidaceae;g__Bacteroides;s__Bacteroides_thetaiotaomicron	0.0313577400639	-0.0454128481716	-0.0562507209	0.0210160024176	0.0135574366086	-0.0233461737643	-0.0788758091597	-0.0452973556425	-0.105507545502	-0.00749311060097	1.0	0.0169837440192	0.0245479310615	0.0288678856116	0.0298997393151	-0.0261031679835	-0.000467134680277	-0.0626248439042	0.00552226586613	0.0605323465654	-0.044579989283	-0.0252521611862	0.00812598082018	0.0171808341058	0.0115478988441	-0.0494051913016	0.0438157195503	-0.0480178349308	-0.0193946088575	0.00140552222279	-0.0477363545237	-0.100099733904	-0.043079125881	-0.0325028119492	-0.0594398009085	0.01871098563	0.0202970790529	0.0140883710734	0.00104379696667	-0.0660595996452	-0.0631638963202	0.0198104709394	-0.0214776328889	0.0202449759589	0.123004603334	0.0367070746356	-0.0117975984383	-0.0809249027115	-0.0351015115784	0.000126111644941	-0.0789791807389	-0.0660333895753	0.0463504142613	-0.00379744083528	-0.0370209724727	-0.0108960628319	0.013487260321	-0.00805401615078	0.106501898762
k__Bacteria;p__Bacteroidetes;c__Bacteroidia;o__Bacteroidales;f__Bacteroidaceae;g__Bacteroides;s__Bacteroides_coprocola	-0.0799294610645	0.000346609117814	-0.0532123980959	-0.0162560858353	0.0133293736123	-0.014295643032	0.0091796754328	-0.0156220224698	-0.0966088896883	-0.0419489907285	0.0169837440192	1.0	-0.019915685811	-0.0572787277289	-0.0276202499108	-0.0508741957927	-0.0131330615467	-0.0661424461387	0.000994583574632	-0.02557085735	-0.0624531674361	0.0314939393894	0.0114910597752	0.0132439775597	-0.000834478590844	0.0680474837209	-0.0470708439872	-0.000658599237699	-0.0111357754695	-0.0199411466575	-0.0169561020721	0.000704961108748	-0.0319683737053	0.0181506278359	-0.0634680312595	-0.0568711232894	-0.0368777947503	-0.0222317584463	0.025216876193	-0.0384320753076	0.0207302906098	0.00856610978246	0.0413170096179	-0.0453858210697	-0.0681206248908	0.0181880329764	-0.0292570081567	-0.0724673173715	0.0323338913028	-0.0458274736725	-9.11127422134e-05	0.00701697592157	0.0854551990519	-0.0274751165711	0.040533672302	-0.00133860775331	-0.0153833315754	0.0110818674329	-0.00250593489393
k__Bacteria;p__Bacteroidetes;c__Bacteroidia;o__Bacteroidales;f__Bacteroidaceae;g__Bacteroides;s__Bacteroides_cellulosilyticus	-0.051675206476	-0.16822778682	-0.0591093919214	0.0684764239013	0.0335492177661	-0.0100418361405	0.00594324270896	0.0108457064969	-0.0321535724656	0.0580126221429	0.0245479310615	-0.019915685811	1.0	0.0671628998638	0.00321132842872	0.0585037869282	0.0962779959862	-0.0808784521976	0.0146871460244	0.0232818814316	0.0453987256646	-0.0116019045826	-0.0766196710147	0.00013875671331	0.0482719512868	-0.0624757734719	0.0140324071982	-0.0724524211441	-0.0115614070419	-0.0156173297554	-0.0581140732543	-0.064144795723	-0.101378976852	0.0117951292173	0.0345255803714	-0.0453598587928	-0.0363016856689	0.047468454835	0.0332758864564	-0.0267223748111	-0.0458862122192	-0.00335561872125	-0.0367531366689	0.026505351143	0.0190186594588	-0.0167383817502	0.0229397260793	-0.0374029069348	-0.0289860653491	-0.00376489405561	-0.0266215562641	0.0472793209831	0.0327228159045	-0.0175493054713	-0.0315873251902	0.0403394268343	0.0792084142045	0.011164361246	-0.0198070677785
k__Bacteria;p__Bacteroidetes;c__Bacteroidia;o__Bacteroidales;f__Rikenellaceae;g__Alistipes;s__Alistipes_obesi	0.0398984432551	-0.0189139961149	-0.0115649702987	0.0283430220764	-0.0135404909684	-0.0355477046531	0.0331070829052	0.0336036064997	0.0134119873852	-0.0690711535909	0.0288678856116	-0.0572787277289	0.0671628998638	1.0	-0.00845694083197	0.011534750911	-0.00618264435667	-0.0052360364604	-0.035392273852	-0.0940590648837	-0.0331265787162	-0.0427201638649	0.00286631214605	0.0221116795563	-0.0715191077785	-0.0564466944894	-0.0113630501031	-0.0478406577986	0.0584059124208	-0.0958932341252	0.043069211642	0.000626664765905	-0.0358446998345	0.0504874306461	-0.0506945427684	-0.0125191955307	-0.000442997704887	-0.0404986414071	-0.032088991	0.0709477723521	-0.105191590402	0.0412525679012	-0.0322503002718	-0.0350084888017	-0.00234564404185	0.0199559974446	-0.105144327807	0.0367933883387	0.0906301932864	-0.0290490092847	-0.0869034033454	-0.0841239974626	-0.0631053731101	-0.050028205714	0.0280918255775	-0.00751826329419	0.0275220847431	0.0484981479151	-0.0666157940931
k__Bacteria;p__Firmicutes;c__Clostridia;o__Clostridiales;f__Lachnospiraceae;g__;s__[Eubacterium]_rectale	-0.100402566604	0.0230521781886	-0.0456093836769	-0.0593787554756	-0.0426095353769	0.00160574557008	-0.00951116882945	-0.0223704220492	-0.00850661114633	-0.0500863638456	0.0298997393151	-0.0276202499108	0.00321132842872	-0.00845694083197	1.0	-0.0279337899849	0.0737879632067	0.0344181818679	0.0545571073708	0.0144745181085	-0.0530137672688	-0.0459967257006	0.0709012190803	-0.0710693532104	-0.0188660934342	-0.0722966431777	0.00339040302274	-0.0881122407809	0.0112109907941	-0.0343273277487	-0.0915236360655	-0.0675040104757	-0.0662306419331	-0.0879118026403	-0.0236885526399	0.00394236559932	-0.0686506452051	0.0285370505195	-0.033069109115	-0.0102626910294	-0.027706000498	0.0509153969955	0.0195947386384	-0.0255682362049	-0.0810668254088	0.0377770457771	-0.0422503722692	-0.0121704608211	-0.00085564348183	-0.0109922887576	-0.0470495662767	0.0259112728306	-0.0411082489719	0.019178412304	-0.0351118777648	0.122867995318	0.0342894771458	-0.0183422807151	-0.00981216162159
k__Bacteria;p__Bacteroidetes;c__Bacteroidia;o__Bacteroidales;f__Bacteroidaceae;g__Bacteroides;s__Bacteroides_plebeius	0.061990033739	0.0028915328313	-0.0579282609646	0.0420218081807	0.00072556220297	-0.00390624983749	0.0138135947334	-0.0110956920758	-0.00231619540563	-0.0247758438454	-0.0261031679835	-0.0508741957927	0.0585037869282	0.011534750911	-0.0279337899849	1.0	0.00330908253194	0.0660161403768	-0.0436485623475	-0.00769183677746	0.0199437907663	0.0472355203746	0.00456738483768	-0.0365234004735	0.0255878718039	-0.0250774931068	0.0291287011676	-0.0902668449426	-0.0208526176051	-0.109543326747	-0.0910406650767	-0.024530046049	-0.0626034973288	0.00289921101771	-0.0695707320854	0.0685574505302	0.0183209569128	-0.13130742581	-0.0113048595035	-0.0492664919978	0.00524621882054	0.0214704452432	-0.00428517305277	-0.0250618383168	-0.0544516936019	0.00275127677109	-0.0420955123367	0.0544924325797	-0.0119703548558	-0.0113630802611	-0.0582269436656	-0.0325406768171	-0.00631560695188	-0.000640982804269	-0.0268398372887	-0.123221430202	-0.0694052278125	-0.00666569270123	-0.0242247701347
k__Bacteria;p__Bacteroidetes;c__Bacteroidia;o__Bacteroidales;f__Bacteroidaceae;g__Bacteroides;s__Bacteroides_fragilis	-0.00677886135274	-0.110396944784	-0.015859818692	-0.0116356110638	-0.0651754332922	0.00732159645897	-0.0407931755291	-0.0122763403081	-0.0146262023583	0.0651930648019	-0.000467134680277	-0.0131330615467	0.0962779959862	-0.00618264435667	0.0737879632067	0.00330908253194	1.0	-0.0109588999613	-0.0804743815096	0.0726273371654	-0.0427857130756	0.107656420294	-0.000943689259259	-0.012895699003	-0.0323970984483	-0.018551085301	-0.0897133508552	0.00304250430374	-0.0350836746931	0.0635750221127	-0.0171453643149	-0.00183358658049	0.0154238502723	-0.0327951481378	-0.051413687969	0.0488740460238	0.0376466598713	-0.0171124151848	-0.0397713627141	-0.00474807502827	0.00800261226688	0.0728695455207	-0.0685789730372	-0.0235027821181	0.0272799314582	-0.0943963405263	0.00241048555108	-0.0617465387518	-0.0401289369567	0.0220561173765	-0.106613509341	-0.0289843446867	-0.0974335234448	0.00982586248352	-0.0289101044332	-0.00854832401873	0.00301261258339	-0.0477164446507	0.00912287287643
k__Bacteria;p__Proteobacteria;c__Betaproteobacteria;o__Burkholderiales;f__Sutterellaceae;g__Sutterella;s__Sutterella_wadsworthensis	-0.0479691193	-0.0366991406625	-0.0397849174347	0.013302890706	0.00732097580834	0.0200506816586	0.0521885373375	-0.0104955961564	0.00924640625533	0.00786042933113	-0.0626248439042	-0.0661424461387	-0.0808784521976	-0.0052360364604	0.0344181818679	0.0660161403768	-0.0109588999613	1.0	0.0124473108186	-0.0564270545944	0.00223663625646	0.046346772297	-0.00722796992929	0.0213406469537	-0.0250383171196	-0.0211204273628	-0.00399009072613	0.0248788618273	-0.010349283044	0.0606352461309	-0.0597842427082	0.0304684846166	-0.0467144899944	0.0106758253918	0.0505061627359	-0.0554697447581	-0.0102583453377	-0.0542706794563	0.0109901189265	0.107375194009	0.00313238188365	0.00205832462386	-0.0417593528695	-0.0905556231927	0.0330034828221	-0.0253157827602	-0.0681919901564	0.00988520418971	-0.056208740894	-0.00279698033256	-0.0125262473927	-0.00845887047857	-0.0952366244204	-0.0776596757573	-0.00367076021395	0.0515518939479	0.00711843404341	-0.0609921369078	-0.0280347250623
k__Bacteria;p__Bacteroidetes;c__Bacteroidia;o__Bacteroidales;f__Porphyromonadaceae;g__Barnesiella;s__Barnesiella_intestinihominis	-0.0574117009609	0.00598011424593	-0.0604545362624	-0.0174866739918	-0.0101226713327	0.00480311414214	-0.0434557556819	-0.0465574017124	-0.0933491741692	0.0245189933656	0.00552226586613	0.000994583574632	0.0146871460244	-0.035392273852	0.0545571073708	-0.0436485623475	-0.0804743815096	0.0124473108186	1.0	-0.00575076272481	-0.0163882413326	-0.0347368105852	0.0214917182277	-0.0683336106951	-0.0874584814662	-0.0183654897405	0.00781822491799	-0.0705557613791	0.0400509273017	0.0539910526054	-0.0865803969145	-0.0422116928051	-0.106092172667	0.0254114967787	-0.00698727242694	-0.00103886536835	-0.0269850504879	-0.0626604955825	0.00986604581317	0.0563592525699	-0.02612355991	-0.0298566670942	-0.0128847675395	0.0509429983984	-0.0151761470028	0.0421598484176	0.00245022315115	-0.102068763351	0.0333110069538	0.0118572591985	0.0490190677916	-0.0174741078878	0.0337227372004	-0.0879171394745	-0.0155129892273	0.0684073988159	-0.0334357923391	0.0297401366138	-0.00643699739112
k__Bacteria;p__Bacteroidetes;c__Bacteroidia;o__Bacteroidales;f__Odoribacteraceae;g__Odoribacter;s__Odoribacter_splanchnicus	-0.00510942686598	0.0360891310915	-0.0327776305602	-0.0337650847377	-0.045321919165	0.00799994652204	-0.00638237936679	-0.0337403565027	0.0379864965993	0.00440555855466	0.0605323465654	-0.02557085735	0.0232818814316	-0.0940590648837	0.0144745181085	-0.00769183677746	0.0726273371654	-0.0564270545944	-0.00575076272481	1.0	-0.0183071188713	-0.00642801081949	-0.0364889703938	0.0415098844507	0.0335785800124	0.0398337678506	0.00836909167449	-0.063380476406	-0.0247235238114	0.00636676848467	-0.0466175705924	-0.125267720053	-0.0500793276098	0.030711391996	-0.00371557161511	0.0329739600495	-0.0289302134612	-0.0261776401446	0.0650589713961	-0.0374389318189	0.0209448652498	0.0411690453117	-0.0458807307787	0.0274007079029	-0.0889107119245	0.0422879685674	0.097997956524	-0.113243137634	-0.0651284093931	-0.0644197745013	-0.081532258698	0.0721206413451	0.0183075165748	-0.014014225237	-0.00386868078809	-0.0298030832542	0.0550763799692	-0.0878154600582	0.0566747989354
k__Bacteria;p__Bacteroidetes;c__Bacteroidia;o__Bacteroidales;f__Bacteroidaceae;g__Bacteroides;s__Bacteroides_salyersiae	-0.0421655859697	-0.0452848375158	0.0421979789071	-0.0765769336523	0.0104069126119	0.077217960092	-0.0223489737713	-0.00057897589998	-0.0483496191577	0.00747894068269	-0.044579989283	-0.0624531674361	0.0453987256646	-0.0331265787162	-0.0530137672688	0.0199437907663	-0.0427857130756	0.00223663625646	-0.0163882413326	-0.0183071188713	1.0	-0.00768608611308	-0.0555319840261	0.00092445263859	-0.00326710440326	0.0450751968743	-0.076986630058	0.0137008645005	-0.0590057458665	-0.0439862246702	-0.122077422319	0.0305715540128	-0.0644735662036	-0.0610046237121	-0.00406688677375	-0.0231290840495	0.0320445158488	-0.0484667580028	0.0121170426108	-0.00950309203277	-0.120157709235	-0.033177620825	-0.0872703683176	0.0307362316592	-0.0196184866173	0.0275831411206	0.0638451334822	0.0107996729949	0.00273702423588	-0.0041620442965	-0.0458614532087	-0.0521298117403	-0.0924769121731	-0.0541448413588	0.0705357381474	-0.0132925932636	-0.0524785693862	-0.0585489299762	0.00130576820086
k__Bacteria;p__Firmicutes;c__Clostridia;o__Clostridiales;f__Ruminococcaceae;g__Ruminiclostridium;s__[Eubacterium]_siraeum	0.0673722095749	0.056266345951	-0.0191361860936	-0.0379838406906	-0.0304345354682	-0.053124680054	-0.0469410178549	-0.0145721016374	-0.0659633905766	0.006344583494	-0.0252521611862	0.0314939393894	-0.0116019045826	-0.0427201638649	-0.0459967257006	0.0472355203746	0.107656420294	0.046346772297	-0.0347368105852	-0.00642801081949	-0.00768608611308	1.0	-0.0457702764949	-0.0815320435594	0.0385675289086	0.0129167794513	-0.0430230325274	0.0465731918006	-0.030866191769	-0.0849455677513	0.0698733299425	-0.00462756954191	-0.0196916385692	-0.0757742481914	-0.0855482444546	0.0209535005685	-0.00908878524419	-0.0824727258101	-0.00516541546904	-0.0221855665986	0.0222605541262	0.00627401790789	-0.000385221102571	-0.0297302562287	0.088503861449	-0.041283870956	-0.0224228706787	-0.0103892459449	-0.0196606460767	-0.0673998334586	-0.0108987414124	0.0135022287616	-0.0102424853063	0.0321194999329	0.0543429023237	0.012857500911	-0.0046552859473	-0.0237329436795	-0.0161018572947
k__Bacteria;p__Proteobacteria;c__Betaproteobacteria;o__Burkholderiales;f__Sutterellaceae;g__Parasutterella;s__Parasutterella_excrementihominis	-0.00858508278472	-0.0714473857892	-0.0511677384216	-0.0321294001973	-0.0913158947023	-0.0111399508241	-0.102115329212	-0.0545672016654	0.0456505113921	0.0471537083198	0.00812598082018	0.0114910597752	-0.0766196710147	0.00286631214605	0.0709012190803	0.00456738483768	-0.000943689259259	-0.00722796992929	0.0214917182277	-0.0364889703938	-0.0555319840261	-0.0457702764949	1.0	0.00305598050592	-0.0681365092944	0.0284613710529	-0.0729734073167	0.0246916458005	-0.00853709429833	-0.0611071009118	-0.0523348950794	-0.00173375508753	-0.00280399367262	0.0167576429498	-0.0180067616319	0.0118953007331	-0.0303356009877	0.0269862965382	-0.0950085992342	0.00748669055794	-0.0200697768297	-0.00400443969202	-0.0137402069073	-0.0311485789927	-0.0232724911497	0.0503480906928	-0.0326607742235	0.00583284420468	-0.0200034466524	0.00190315224848	0.0361659490454	-0.00986854504777	0.0604035030337	0.0476909656267	-0.0570802759623	0.00233146314756	-0.0334224259046	-0.0700594650735	-0.00829860874201
k__Bacteria;p__Actinobacteria;c__Actinobacteria;o__Bifidobacteriales;f__Bifidobacteriaceae;g__Bifidobacterium;s__Bifidobacterium_adolescentis	0.0533315995262	-0.114765343738	-0.0863462150628	-0.0846677662286	-0.0231156399833	0.0453080490457	-0.00968768481999	0.0230565055274	0.0499338629156	-0.0178490933681	0.0171808341058	0.0132439775597	0.00013875671331	0.0221116795563	-0.0710693532104	-0.0365234004735	-0.012895699003	0.0213406469537	-0.0683336106951	0.0415098844507	0.00092445263859	-0.0815320435594	0.00305598050592	1.0	-0.0357375092935	-0.0738282411783	0.00617383611555	0.00598775155134	-0.0801421239626	0.0321720817604	-0.00182160284736	-0.00918582438039	0.0154650900671	-0.0366687037805	0.0841273274449	0.000107271137224	-0.0142894778777	0.0350013189677	-0.0568826064924	-0.0371816705094	0.0150724910108	-0.081895874961	-0.0708103812394	0.0170609773116	0.0255320332188	-0.063224357861	-0.00669496485512	-0.00387717100468	-0.0558868594471	0.0362687087831	-0.077096076141	0.0151400126584	-0.0254260633572	0.00432384747525	-0.0712062428908	-0.010141399852	-0.026546914489	-0.0125500973592	-0.0407518393298
k__Bacteria;p__Firmicutes;c__Clostridia;o__Clostridiales;f__Oscillospiraceae;g__Oscillibacter;s__Oscillibacter_sp._KLE_1745	0.0466208343503	-0.00411031959914	-0.0512814052973	-0.00594246804684	-0.0164053384212	-0.0129951105857	-0.0291314566459	-0.0982710584042	0.0805640131422	-0.0591220033927	0.0115478988441	-0.000834478590844	0.0482719512868	-0.0715191077785	-0.0188660934342	0.0255878718039	-0.0323970984483	-0.0250383171196	-0.0874584814662	0.0335785800124	-0.00326710440326	0.0385675289086	-0.0681365092944	-0.0357375092935	1.0	0.0591170551929	-0.032654549488	-0.0308383719859	-0.0341698848308	-0.0572397613193	-0.0190918031134	-0.00340775400287	0.0474014254051	-0.0536610196495	-0.0781099712978	0.0189344527023	0.0299420968086	0.0181639418444	-0.0375730002856	-0.0147143715355	-0.0603592104994	-0.0168287576714	0.0275003418925	0.00227778195527	-0.0306749710913	0.0309240998122	-0.0694964832669	0.0480228427998	0.0112232831389	-0.0206639136394	0.0320287370173	-0.0110094823469	0.027912163249	-0.0354193836759	0.0147156873911	-0.0429957019462	-0.0447523222	-0.0359968755842	-0.00433653374302
k__Bacteria;p__Bacteroidetes;c__Bacteroidia;o__Bacteroidales;f__Bacteroidaceae;g__Bacteroides;s__Bacteroides_coprophilus	0.0184371031973	-0.0182194640863	0.0869036570957	-0.0126084733948	0.0521450702722	0.0385686492916	-0.0597671712543	-0.120152148152	-0.0461903928861	-0.0165040316486	-0.0494051913016	0.0680474837209	-0.0624757734719	-0.0564466944894	-0.0722966431777	-0.0250774931068	-0.018551085301	-0.0211204273628	-0.0183654897405	0.0398337678506	0.0450751968743	0.0129167794513	0.0284613710529	-0.0738282411783	0.0591170551929	1.0	-0.0868870227668	0.00606099967182	0.0677537322442	0.0412558755863	0.00411266133853	-0.0118812674413	-0.0393573007047	0.0862959349852	-0.0655462800628	-0.0333206825765	-0.0106311919112	0.0421586575645	0.0310730486292	-0.0374477421766	0.00531625067109	-0.0481511232181	-0.00805447790241	-0.0571080593079	-0.0270013467452	-0.00987208525567	-0.0103598320133	-0.0338855997444	-0.0435104064356	-0.0545970692224	-0.0265201545044	-0.00403118441437	0.0292747099352	0.00668195441761	-0.0579924503639	-0.0658286275038	-0.0182934946688	-0.0790566118301	-0.0431025007553
k__Bacteria;p__Firmicutes;c__Clostridia;o__Clostridiales;f__Lachnospiraceae;g__Roseburia;s__Roseburia_intestinalis	-0.0474870073973	-0.00120637679817	-0.032416651664	0.0457534632908	0.0448030218404	0.0221559170409	0.00961950212421	0.0181756091306	0.0351774719118	-0.0427057445493	0.0438157195503	-0.0470708439872	0.0140324071982	-0.0113630501031	0.00339040302274	0.0291287011676	-0.0897133508552	-0.00399009072613	0.00781822491799	0.00836909167449	-0.076986630058	-0.0430230325274	-0.0729734073167	0.00617383611555	-0.032654549488	-0.0868870227668	1.0	0.0782258760591	-0.0594757821291	-0.0186930223117	-0.0111824867365	0.0160353640214	0.0998399731183	0.0231222795772	0.0357556575953	0.0204796900522	0.00150489227842	-0.0787036300276	-0.0392610731047	0.0410254495417	-0.108784489821	0.0253421981325	-0.00536403695967	-0.00379569389702	0.00426898150693	-0.0196989426732	0.066566019419	-0.0238969412485	-0.00713438870754	-0.0309947383743	0.0060142768195	-0.113209690039	0.0416039448592	-0.00713446018937	-0.0198550685831	-0.0500747265406	-0.0658149361573	0.100946360757	-0.0573214476273
k__Bacteria;p__Firmicutes;c__Clostridia;o__Clostridiales;f__Lachnospiraceae;g__Roseburia;s__Roseburia_hominis	0.0122453249042	-0.00573162738824	-0.0205410753742	0.0171123614071	0.0102550930061	-0.0330708235601	-0.0538635454876	0.0428356121022	0.0220784121978	-0.0966896844527	-0.0480178349308	-0.000658599237699	-0.0724524211441	-0.0478406577986	-0.0881122407809	-0.0902668449426	0.00304250430374	0.0248788618273	-0.0705557613791	-0.063380476406	0.0137008645005	0.0465731918006	0.0246916458005	0.00598775155134	-0.0308383719859	0.00606099967182	0.0782258760591	1.0	-0.0623437731983	0.00523262616916	0.00317672701641	0.0357829316219	0.00784730071154	-0.0885638671444	-0.036194452298	-0.0525422684465	-0.0375446069804	-0.0471651244146	-0.042003589159	0.00689836930319	-0.0446592991873	-0.0101259161684	-0.0938435238655	0.0136034269595	0.0213119714631	-0.00136919370964	0.113641452081	-0.0386856534062	0.0247034162186	0.00465700489459	0.0540511649431	-0.0113680022109	-0.0707939152873	-0.0103221359976	0.0343149352849	0.0429792075835	0.0115011875292	0.0169419878356	-0.0212309670054
k__Bacteria;p__Bacteroidetes;c__Bacteroidia;o__Bacteroidales;f__Porphyromonadaceae;g__Parabacteroides;s__Parabacteroides_johnsonii	-0.102188325194	-0.0513778121582	-0.00764594221734	0.00787913374177	-0.0234540617349	0.0490663528261	-0.0109130001698	0.00282327092857	-0.0401444477237	0.0511662810764	-0.0193946088575	-0.0111357754695	-0.0115614070419	0.0584059124208	0.0112109907941	-0.0208526176051	-0.0350836746931	-0.010349283044	0.0400509273017	-0.0247235238114	-0.0590057458665	-0.030866191769	-0.00853709429833	-0.0801421239626	-0.0341698848308	0.0677537322442	-0.0594757821291	-0.0623437731983	1.0	-0.0551326200129	0.0121783153107	-0.0418667804465	0.000405653180184	0.0242464036115	0.000104882587809	-0.0843600473903	-0.0707875167405	-0.0294565679273	0.0378778312282	0.0694319143501	-0.0413580017235	-0.00941263381399	-0.0216295110991	-0.0303071781613	-0.00395629692375	-0.0998500993511	-0.0235752529576	-0.00236693341347	-0.054923224378	0.0455366519425	-0.0234591927628	-0.0190901576707	-0.0321932353641	-0.0228136068221	0.0374223036885	-0.113443948521	-0.0504336729264	0.005743006089	-0.0186175256914
k__Bacteria;p__Actinobacteria;c__Actinobacteria;o__Bifidobacteriales;f__Bifidobacteriaceae;g__Bifidobacterium;s__Bifidobacterium_longum	0.0533163116915	-0.0385048895948	0.047118182457	0.0330779182263	0.0242911519188	0.0470156070778	0.0285821920196	0.0225898263819	-0.0283809781451	-0.094027183505	0.00140552222279	-0.0199411466575	-0.0156173297554	-0.0958932341252	-0.0343273277487	-0.109543326747	0.0635750221127	0.0606352461309	0.0539910526054	0.00636676848467	-0.0439862246702	-0.0849455677513	-0.0611071009118	0.0321720817604	-0.0572397613193	0.0412558755863	-0.0186930223117	0.00523262616916	-0.0551326200129	1.0	-0.0747620719471	-0.081600658462	-0.0453631678017	0.0224610962698	-0.0111156406227	-0.0498881934262	0.0802140259062	0.0155117164932	0.00268493013859	-0.0326015070032	-0.0582835670861	-0.0144191506854	-0.0530214127001	-0.0201579394341	-0.0436033006701	-0.0364756172259	0.00547475240191	-0.0250643647083	0.00168821301445	-0.027133684993	-0.0524445000225	-0.0179100083559	-0.0173473570802	-0.0374199227296	0.00476550400367	-0.0204220849717	-0.0485631624605	-0.0245624252295	0.00364357873984
