#taxonomy	k__Bacteria;p__Bacteroidetes;c__Bacteroidia;o__Bacteroidales;f__Bacteroidaceae;g__Bacteroides;s__Bacteroides_vulgatus	k__Bacteria;p__Bacteroidetes;c__Bacteroidia;o__Bacteroidales;f__Bacteroidaceae;g__Bacteroides;s__Bacteroides_uniformis	k__Bacteria;p__Bacteroidetes;c__Bacteroidia;o__Bacteroidales;f__Rikenellaceae;g__Alistipes;s__Alistipes_putredinis	k__Bacteria;p__Bacteroidetes;c__Bacteroidia;o__Bacteroidales;f__Prevotellaceae;g__Prevotella;s__Prevotella_copri	k__Bacteria;p__Bacteroidetes;c__Bacteroidia;o__Bacteroidales;f__Bacteroidaceae;g__Bacteroides;s__Bacteroides_stercoris	k__Bacteria;p__Bacteroidetes;c__Bacteroidia;o__Bacteroidales;f__Bacteroidaceae;g__Bacteroides;s__Bacteroides_ovatus	k__Bacteria;p__Bacteroidetes;c__Bacteroidia;o__Bacteroidales;f__Rikenellaceae;g__Alistipes;s__Alistipes_shahii	k__Bacteria;p__Firmicutes;c__Clostridia;o__Clostridiales;f__Ruminococcaceae;g__Faecalibacterium;s__Faecalibacterium_prausnitzii	k__Bacteria;p__Bacteroidetes;c__Bacteroidia;o__Bacteroidales;f__Rikenellaceae;g__Alistipes;s__Alistipes_finegoldii	k__Bacteria;p__Bacteroidetes;c__Bacteroidia;o__Bacteroidales;f__Porphyromonadaceae;g__Parabacteroides;s__Parabacteroides_distasonis	k__Bacteria;p__Bacteroidetes;c__Bacteroidia;o__Bacteroidales;f__Bacteroidaceae;g__Bacteroides;s__Bacteroides_thetaiotaomicron	k__Bacteria;p__Bacteroidetes;c__Bacteroidia;o__Bacteroidales;f__Bacteroidaceae;g__Bacteroides;s__Bacteroides_coprocola	k__Bacteria;p__Bacteroidetes;c__Bacteroidia;o__Bacteroidales;f__Bacteroidaceae;g__Bacteroides;s__Bacteroides_cellulosilyticus	k__Bacteria;p__Bacteroidetes;c__Bacteroidia;o__Bacteroidales;f__Rikenellaceae;g__Alistipes;s__Alistipes_obesi	k__Bacteria;p__Firmicutes;c__Clostridia;o__Clostridiales;f__Lachnospiraceae;g__;s__[Eubacterium]_rectale	k__Bacteria;p__Bacteroidetes;c__Bacteroidia;o__Bacteroidales;f__Bacteroidaceae;g__Bacteroides;s__Bacteroides_plebeius	k__Bacteria;p__Bacteroidetes;c__Bacteroidia;o__Bacteroidales;f__Bacteroidaceae;g__Bacteroides;s__Bacteroides_fragilis	k__Bacteria;p__Proteobacteria;c__Betaproteobacteria;o__Burkholderiales;f__Sutterellaceae;g__Sutterella;s__Sutterella_wadsworthensis	k__Bacteria;p__Bacteroidetes;c__Bacteroidia;o__Bacteroidales;f__Porphyromonadaceae;g__Barnesiella;s__Barnesiella_intestinihominis	k__Bacteria;p__Bacteroidetes;c__Bacteroidia;o__Bacteroidales;f__Odoribacteraceae;g__Odoribacter;s__Odoribacter_splanchnicus	k__Bacteria;p__Bacteroidetes;c__Bacteroidia;o__Bacteroidales;f__Bacteroidaceae;g__Bacteroides;s__Bacteroides_salyersiae	k__Bacteria;p__Firmicutes;c__Clostridia;o__Clostridiales;f__Ruminococcaceae;g__Ruminiclostridium;s__[Eubacterium]_siraeum	k__Bacteria;p__Proteobacteria;c__Betaproteobacteria;o__Burkholderiales;f__Sutterellaceae;g__Parasutterella;s__Parasutterella_excrementihominis	k__Bacteria;p__Actinobacteria;c__Actinobacteria;o__Bifidobacteriales;f__Bifidobacteriaceae;g__Bifidobacterium;s__Bifidobacterium_adolescentis	k__Bacteria;p__Firmicutes;c__Clostridia;o__Clostridiales;f__Oscillospiraceae;g__Oscillibacter;s__Oscillibacter_sp._KLE_1745	k__Bacteria;p__Bacteroidetes;c__Bacteroidia;o__Bacteroidales;f__Bacteroidaceae;g__Bacteroides;s__Bacteroides_coprophilus	k__Bacteria;p__Firmicutes;c__Clostridia;o__Clostridiales;f__Lachnospiraceae;g__Roseburia;s__Roseburia_intestinalis	k__Bacteria;p__Firmicutes;c__Clostridia;o__Clostridiales;f__Lachnospiraceae;g__Roseburia;s__Roseburia_hominis	k__Bacteria;p__Bacteroidetes;c__Bacteroidia;o__Bacteroidales;f__Porphyromonadaceae;g__Parabacteroides;s__Parabacteroides_johnsonii	k__Bacteria;p__Actinobacteria;c__Actinobacteria;o__Bifidobacteriales;f__Bifidobacteriaceae;g__Bifidobacterium;s__Bifidobacterium_longum	k__Bacteria;p__Firmicutes;c__Clostridia;o__Clostridiales;f__;g__Flavonifractor;s__Flavonifractor_plautii	k__Bacteria;p__Firmicutes;c__Clostridia;o__Clostridiales;f__Clostridiaceae;g__Clostridium;s__Clostridium_phoceensis	k__Bacteria;p__Verrucomicrobia;c__Verrucomicrobiae;o__Verrucomicrobiales;f__Akkermansiaceae;g__Akkermansia;s__Akkermansia_muciniphila	k__Bacteria;p__Bacteroidetes;c__Bacteroidia;o__Bacteroidales;f__Prevotellaceae;g__Paraprevotella;s__Paraprevotella_xylaniphila	k__Bacteria;p__Firmicutes;c__Clostridia;o__Clostridiales;f__Ruminococcaceae;g__Ruminococcus;s__Ruminococcus_callidus	k__Bacteria;p__Bacteroidetes;c__Bacteroidia;o__Bacteroidales;f__Rikenellaceae;g__Alistipes;s__Alistipes_senegalensis	k__Bacteria;p__Firmicutes;c__Clostridia;o__Clostridiales;f__Lachnospiraceae;g__Blautia;s__Blautia_sp._KLE_1732	k__Bacteria;p__Bacteroidetes;c__Bacteroidia;o__Bacteroidales;f__Bacteroidaceae;g__Bacteroides;s__Bacteroides_oleiciplenus	k__Bacteria;p__Firmicutes;c__Clostridia;o__Clostridiales;f__Ruminococcaceae;g__Ruminococcus;s__Ruminococcus_bicirculans	k__Bacteria;p__Bacteroidetes;c__Bacteroidia;o__Bacteroidales;f__Bacteroidaceae;g__Bacteroides;s__Bacteroides_fluxus	k__Bacteria;p__Bacteroidetes;c__Bacteroidia;o__Bacteroidales;f__Prevotellaceae;g__Prevotella;s__Prevotella_stercorea	k__Bacteria;p__Firmicutes;c__Clostridia;o__Clostridiales;f__Lachnospiraceae;g__Dorea;s__Dorea_longicatena	k__Bacteria;p__Firmicutes;c__Clostridia;o__Clostridiales;f__Eubacteriaceae;g__Eubacterium;s__[Eubacterium]_eligens	k__Bacteria;p__Firmicutes;c__Clostridia;o__Clostridiales;f__Ruminococcaceae;g__;s__Ruminococcaceae_bacterium_D16	k__Bacteria;p__Firmicutes;c__Clostridia;o__Clostridiales;f__Lachnospiraceae;g__Coprococcus;s__Coprococcus_comes	k__Bacteria;p__Proteobacteria;c__Gammaproteobacteria;o__Enterobacterales;f__Enterobacteriaceae;g__Escherichia;s__Escherichia_coli	k__Bacteria;p__Firmicutes;c__Clostridia;o__Clostridiales;f__Ruminococcaceae;g__Anaerotruncus;s__Anaerotruncus_colihominis	k__Bacteria;p__Firmicutes;c__Clostridia;o__Clostridiales;f__Lachnospiraceae;g__Blautia;s__Blautia_obeum	k__Bacteria;p__Bacteroidetes;c__Bacteroidia;o__Bacteroidales;f__Odoribacteraceae;g__Odoribacter;s__Odoribacter_laneus	k__Bacteria;p__Firmicutes;c__Clostridia;o__Clostridiales;f__Ruminococcaceae;g__Ruminiclostridium;s__[Clostridium]_leptum	k__Bacteria;p__Bacteroidetes;c__Bacteroidia;o__Bacteroidales;f__Porphyromonadaceae;g__Parabacteroides;s__Parabacteroides_goldsteinii	k__Bacteria;p__Firmicutes;c__Clostridia;o__Clostridiales;f__Lachnospiraceae;g__Anaerostipes;s__Anaerostipes_hadrus	k__Bacteria;p__Firmicutes;c__Clostridia;o__Clostridiales;f__Ruminococcaceae;g__Ruminococcus;s__Ruminococcus_lactaris	k__Bacteria;p__Firmicutes;c__Clostridia;o__Clostridiales;f__Clostridiaceae;g__Clostridium;s__Clostridium_sp._L2-50	k__Bacteria;p__Firmicutes;c__Clostridia;o__Clostridiales;f__Clostridiaceae;g__Clostridium;s__Clostridium_sp._M62/1	k__Bacteria;p__Firmicutes;c__Clostridia;o__Clostridiales;f__;g__Intestinimonas;s__Intestinimonas_butyriciproducens	k__Bacteria;p__Actinobacteria;c__Actinobacteria;o__Bifidobacteriales;f__Bifidobacteriaceae;g__Bifidobacterium;s__Bifidobacterium_bifidum	k__Bacteria;p__Firmicutes;c__Negativicutes;o__Veillonellales;f__Veillonellaceae;g__Dialister;s__Dialister_invisus	k__Bacteria;p__Bacteroidetes;c__Bacteroidia;o__Bacteroidales;f__Bacteroidaceae;g__Bacteroides;s__Bacteroides_salanitronis
k__Bacteria;p__Bacteroidetes;c__Bacteroidia;o__Bacteroidales;f__Bacteroidaceae;g__Bacteroides;s__Bacteroides_vulgatus	1.0	-0.114370520894	-0.0676772752167	-0.0657726001245	-0.0797015730729	0.0263937658076	0.0305889306331	0.0224214115215	-0.0173226332558	-0.00130915944714	0.0524097238462	0.0140102926283	0.0177142567135	-0.00412206800485	-0.00464943838869	0.00298495624583	-0.0263298860585	0.0600642656635	-0.0559762712519	0.0172207073024	0.0263913112958	-0.00984496631066	-0.0637397594712	-0.0195797525688	-0.075840016909	-0.0527882774174	-0.0636315683956	0.0240763357152	0.0245497921838	-0.0907872636963	-0.0271864185548	0.0509313094259	0.0700244606712	-0.0881162464931	0.0143479670214	-0.0169883924147	-0.0391961082828	0.0608183505572	0.0728233333685	-0.0266842613675	-0.0107825292136	0.0354904024748	0.02358006031	0.0429813024796	-0.0279130015139	-0.0718761159638	-0.0261597067791	0.00189173860336	-0.0198906422842	-0.0028667632341	0.00987058353428	-0.0102402737381	0.00410534169443	-0.0438257539374	-0.0135137717012	0.0197936285183	-0.11325219672	-0.0315015529649	0.0578356584614
k__Bacteria;p__Bacteroidetes;c__Bacteroidia;o__Bacteroidales;f__Bacteroidaceae;g__Bacteroides;s__Bacteroides_uniformis	-0.114370520894	1.0	-0.0559280656402	-0.0792692200897	-0.0594276724878	-0.0429240878438	-0.0170907159592	-0.0789203445307	0.0654236532608	-0.0354582627079	-0.010771489652	0.0132495844628	-0.00534917202151	0.0243819498066	-0.00547323559857	-0.0721370672794	-0.00610890024747	-0.0828528403001	0.0765903146621	-0.0690197631071	-0.0373855947807	-0.0618779855822	-0.0672419225089	-0.0452147346595	0.0060617608883	-0.0823809485598	0.00569133621636	0.0280313447402	0.0069544667858	0.0643293496002	-0.0365367872385	0.00829375309686	0.0551969650932	0.00959068075031	-0.119345317062	-0.000643832673616	0.00920490331576	0.0213053810283	0.0413120963893	-0.00690068554265	-0.00255867541227	0.040030177582	-0.0523242680912	0.0142302032378	-0.0658290217591	-0.00780882353365	-0.0191260428252	0.0505798750516	-0.0511052684742	-0.0325244598866	0.0141477808839	0.0550085824916	0.0337499032479	-0.00653441736937	-0.0288993623346	0.0090126078196	0.0187583562009	-0.0191972773728	0.06327587304
k__Bacteria;p__Bacteroidetes;c__Bacteroidia;o__Bacteroidales;f__Rikenellaceae;g__Alistipes;s__Alistipes_putredinis	-0.0676772752167	-0.0559280656402	1.0	-0.0087014161684	-0.016646718014	0.0220267519286	-0.0287457176888	0.0802147217103	-0.0127776555126	-0.024060420963	-0.0116922835444	-0.0371969908565	0.0133228240173	0.0114538527145	0.0146501957711	-0.00122200903549	-0.0152218479286	-0.0443732371034	-0.0269421991173	0.0330774903895	0.0193055275676	-0.0372630339067	-0.0356773103396	0.00800868693629	-0.0199120391432	0.01744710287	0.0122479140675	-0.0640599188454	0.0420362657083	-0.0624936010737	0.00571407763681	0.0123216186071	0.00902315603644	-0.0481243971272	0.0628216647713	0.0148402245818	0.0218388649891	-0.00649491229229	-0.0295244513663	0.0252310332796	-0.0492818613739	-0.162717188265	0.0249916414498	-0.042942333396	-0.0350788882935	-0.00345495314593	-0.031455294945	-0.0014551897573	0.0352447419363	0.0364638890725	0.0349573640572	-0.0281002655424	-0.00354503718194	0.0082845013023	-0.0296112393155	-0.0413893868359	-0.019141710316	0.047812829272	-0.0011350398136
k__Bacteria;p__Bacteroidetes;c__Bacteroidia;o__Bacteroidales;f__Prevotellaceae;g__Prevotella;s__Prevotella_copri	-0.0657726001245	-0.0792692200897	-0.0087014161684	1.0	-0.0389297799607	0.037555974859	0.0758548262495	-0.00275626942863	0.0306747980997	-0.0202327915529	0.0294005453016	0.0114469350663	-0.0248600219233	0.00318702942977	0.0811835345717	-0.0243757776311	-0.031091981859	0.0378094792207	0.00719665994015	-0.11030807247	0.00874226000931	0.0892154044623	-0.0532717876437	-0.0628155840623	-0.0410032100894	-0.0524697649531	0.0259847351286	-0.0357893374976	-0.0560668186804	-0.0633318690035	-0.0459604724697	-0.0395946984803	-0.0144751643448	0.0618339090864	-0.0191741478738	-0.0680482641989	-0.0213993574484	-0.0426082741798	0.00129431562315	-0.0079022006033	0.0355974377952	0.0656507642103	0.00171728712689	-0.0682617427668	-0.00914745965654	-0.0480284318655	-0.0165446874887	0.0238813278864	-0.0469408995633	-0.0390523717002	0.0213455722642	-0.045108878495	-0.0576149326781	0.00497174969979	0.00713726256916	-0.0403406720303	0.0260161757629	0.0297990695064	0.00537353662963
k__Bacteria;p__Bacteroidetes;c__Bacteroidia;o__Bacteroidales;f__Bacteroidaceae;g__Bacteroides;s__Bacteroides_stercoris	-0.0797015730729	-0.0594276724878	-0.016646718014	-0.0389297799607	1.0	-0.0084477889143	0.0270661964918	-0.00748278765758	0.003284177254	0.0142148116283	0.0311362884134	-0.0436337288492	-0.0819734333801	-0.029011230535	-0.000950203660541	0.00138574388632	0.00663321697939	0.022611463735	-0.050620199556	0.013393863786	0.0251627681012	0.0855148783376	0.00358730639734	-0.0384211519728	0.0534572868029	-0.0258078904188	-0.0755851139249	-0.012775783016	-0.0821483163754	-0.0851589435282	0.0120595518906	-0.074345770134	0.0183023453558	0.0412714830095	-0.0181931018686	-0.029015972904	-0.0204895157519	-0.0397247417896	-0.0134096279496	-0.0318674371374	0.0336779567828	-0.0500054802908	-0.0582255003728	-0.045883821835	0.0154979172517	-0.0192185638136	-0.0152783354838	-0.0368133385772	0.00743755146077	-0.0083424895309	-0.0299074155663	-0.0265212662001	-0.0977746897469	0.0206982950088	0.0206866147694	-0.05757234586	0.0209392943143	0.0302711904814	-0.00397697702201
k__Bacteria;p__Bacteroidetes;c__Bacteroidia;o__Bacteroidales;f__Bacteroidaceae;g__Bacteroides;s__Bacteroides_ovatus	0.0263937658076	-0.0429240878438	0.0220267519286	0.037555974859	-0.0084477889143	1.0	-0.00327787088397	-0.00956670064099	-0.0123540274522	-0.0639606409253	-0.0273996693217	-0.0605245669319	-0.0502743427339	0.00721841273343	-0.0188467249102	0.00280924760589	-0.0288429856708	-0.0274229136934	0.113309439697	-0.0231749472968	-0.0438936036704	-0.00781110747852	-0.0302001514734	-0.0231335374225	-0.0406099795382	-0.0420908293008	0.0585580481689	-0.0879581731974	-0.0249198420935	-0.0332476391349	0.0411364438571	-0.0558422909973	-0.126572966004	0.0311373198637	-0.0105703639058	-0.00315153337224	-0.0657276011494	0.0583128722474	0.00802035207918	0.0543937218868	-0.0313788849202	-0.0278673381723	-0.0536131000273	0.00822393127605	-0.0868598008827	-0.00526895161733	-0.0386378236751	0.00677759114671	-0.0690999356332	0.11282636594	-0.0351228793673	-0.0862918821056	0.0535273148798	-0.0373598320317	0.0233846756577	0.0222701308293	-0.0540258539518	-0.0596694114341	-0.0391250105024
k__Bacteria;p__Bacteroidetes;c__Bacteroidia;o__Bacteroidales;f__Rikenellaceae;g__Alistipes;s__Alistipes_shahii	0.0305889306331	-0.0170907159592	-0.0287457176888	0.0758548262495	0.0270661964918	-0.00327787088397	1.0	-0.00114284530683	-0.0849639141603	-0.102920130387	0.0164835047216	-0.0425655830981	-0.0625941077707	-0.011633059845	0.037589868827	0.0149590264171	0.00117572206716	0.0497692565199	0.0798903115118	-0.0809416712175	0.0327519101822	0.0466273055017	-0.0852097888317	-0.102198310034	-0.078362507848	-0.11501927546	0.0222962762787	0.0738231685855	-0.0573694371825	-0.0592088178207	-0.0815559755752	0.0125749371386	0.0270605107657	0.0175857791525	0.0252157790116	0.0314666977712	-0.00938806684592	-0.016984916258	-0.0140249520186	-0.0140594163416	-0.0607849542885	-0.00731327892455	-0.0351807105541	-0.00980234221979	-0.00328450876942	-0.00588602533672	-0.0393105512226	-0.0336438915418	0.0056400513756	-0.0876800728688	0.0479161145063	0.00641906312765	0.0619650211626	0.0528953875689	0.0517195946712	0.00494193246647	0.00120173302675	0.0308981309865	-0.0070258324982
k__Bacteria;p__Firmicutes;c__Clostridia;o__Clostridiales;f__Ruminococcaceae;g__Faecalibacterium;s__Faecalibacterium_prausnitzii	0.0224214115215	-0.0789203445307	0.0802147217103	-0.00275626942863	-0.00748278765758	-0.00956670064099	-0.00114284530683	1.0	-0.00296140976811	0.023059839201	-0.103953344567	-0.0363189586542	-0.032286663191	0.0633041676041	-0.0744566563268	-0.019540214968	0.0170907068115	0.00877662295363	0.0257224247783	-0.00514675077757	0.051310072732	-0.0403017281747	-0.050088425965	0.000803193048687	-0.0696901146288	-0.0176938738535	0.0177393006185	0.061298472021	-0.073412166068	-0.0589853118255	0.00297685963194	-0.0670299294042	-0.0436458261436	0.0186511450883	-0.0501516154238	0.0454234322882	0.073279159653	0.0129035944182	-0.0445153639856	-0.0576142548794	0.00713132071792	-0.0511702579914	0.0450620394263	-0.0443564333382	0.0055938899908	0.0506982935665	0.0174592129342	0.0401960362778	-0.0534802510548	0.0348986720681	0.0489365718313	-0.0169615969625	-0.00269548318696	0.0119074333136	-0.0209448688193	0.0201872618176	-0.0307841166438	0.00376165155959	-0.0485872657624
k__Bacteria;p__Bacteroidetes;c__Bacteroidia;o__Bacteroidales;f__Rikenellaceae;g__Alistipes;s__Alistipes_finegoldii	-0.0173226332558	0.0654236532608	-0.0127776555126	0.0306747980997	0.003284177254	-0.0123540274522	-0.0849639141603	-0.00296140976811	1.0	-0.00382269981368	0.0956617656673	-0.0108920614205	0.0645392668161	-0.0467965026125	0.026016299779	-0.0557157732069	-0.0425246761428	-0.00477513997377	0.00425423078368	-0.0583367822871	-0.0548493670227	-0.0188839551461	0.0175757179868	0.00240497839272	-0.00116902371836	-0.00738205414955	0.00491058719661	-0.0144166480897	0.0269708133859	0.0521288547628	0.0406111845142	0.0116691059904	-0.0301480093828	-0.0518902711745	-0.0168767011772	-0.0161806923628	-0.104674438586	0.0774254489603	0.00421088834531	0.0340802288964	-0.0480556354258	-0.0598080553448	-0.0308471135682	0.015465029595	0.00347111309731	0.0148337301814	-0.0157781319549	-0.0181343367824	0.00134445921835	0.07969270277	-0.0423494951793	0.0667020948025	-0.0123660968127	0.0404245932076	0.0214679902373	0.00279936259627	0.0300665279814	0.00964949891255	-0.0408745692995
k__Bacteria;p__Bacteroidetes;c__Bacteroidia;o__Bacteroidales;f__Porphyromonadaceae;g__Parabacteroides;s__Parabacteroides_distasonis	-0.00130915944714	-0.0354582627079	-0.024060420963	-0.0202327915529	0.0142148116283	-0.0639606409253	-0.102920130387	0.023059839201	-0.00382269981368	1.0	-0.0790486473501	-0.00624481954489	0.112711789824	0.0305590253917	0.0473684059567	-0.0474297735446	0.0603627709276	0.00708507345286	-0.069255810062	-0.0307625000898	-0.0406689851342	-0.0411061724693	-0.0661139625164	-0.0741519403494	0.0357258684407	0.0123168561159	0.0129009194747	0.0397605868884	-0.03441335371	-0.0469486185718	0.0831717701851	-0.0467697523742	-0.0804108838018	0.0347320583987	0.0015509893534	0.0052214653716	-0.0653805927534	-0.0461034119958	-0.0468572032105	-0.0539329307288	-0.087747291233	-0.0575041397882	0.0441223025491	-0.0161536846611	-0.0448839541275	0.0301783165455	-0.0241317846582	0.0227954514036	0.00410290705826	-0.0530384507248	-0.026481755669	-0.0714956244234	0.0355112605148	-0.0348198114831	0.1266620012	-0.0677921311635	0.0172143025977	0.044158301616	-0.100884635822
k__Bacteria;p__Bacteroidetes;c__Bacteroidia;o__Bacteroidales;f__Bacteroidaceae;g__Bacteroides;s__Bacteroides_thetaiotaomicron	0.0524097238462	-0.010771489652	-0.0116922835444	0.0294005453016	0.0311362884134	-0.0273996693217	0.0164835047216	-0.103953344567	0.0956617656673	-0.0790486473501	1.0	0.0578801997928	0.0136205122689	-0.039878026168	0.0329964938872	0.0588809022738	-0.00932018501628	-0.0102530098958	-0.0984847317971	-0.0799997897655	-0.0392949223526	-0.00351564223699	0.0161093828241	-0.0156428563406	-0.00469300550591	0.057493990068	0.0194381731468	0.0720945645088	-0.00913084391506	-0.101596746009	0.0206418779277	0.0229712435945	0.00414928895173	0.0105916056103	0.0790490111952	-0.00305528127917	-0.0714213837314	-0.0718793931423	0.0847220356789	0.0375452037943	-0.0801879116424	-0.00636944816793	-0.100197694136	-0.0661541774148	-0.0115826809497	-0.0792703107739	-0.0101220589296	-0.0668319385002	-0.0495977639139	0.0741743606545	-0.031116763327	-0.0533660168958	-0.0378593779838	-0.00409735867662	0.0562641535793	0.0581768065934	0.0117259426437	0.0197708179515	-0.0261797171141
k__Bacteria;p__Bacteroidetes;c__Bacteroidia;o__Bacteroidales;f__Bacteroidaceae;g__Bacteroides;s__Bacteroides_coprocola	0.0140102926283	0.0132495844628	-0.0371969908565	0.0114469350663	-0.0436337288492	-0.0605245669319	-0.0425655830981	-0.0363189586542	-0.0108920614205	-0.00624481954489	0.0578801997928	1.0	-0.000830506262711	0.0699981073832	-0.065364073491	0.0179525702354	-0.0144433829206	0.039928435535	0.0509992698395	-0.00765256624014	0.00365810912947	-0.0291184608506	-0.0205734069195	-0.00295446865198	-0.0343564621279	-0.0398779173559	0.0191219089316	0.0309579224534	-0.0595346405026	0.0331211543115	-0.0787572422312	0.00895280555664	0.0532186959689	0.0827588207032	-0.0283846100708	-0.0735845691082	0.0267267889086	-0.0445785802975	-0.0237498151382	-0.0665605461687	-0.00315699865931	-0.0507791630958	0.000262486978856	0.0411550144167	-0.012318178673	-0.0277620262188	-0.00869997862468	-0.0538412605016	-0.0580037859009	0.00728283235008	-0.0284203742896	-0.0370380307407	-0.00370563271329	-0.0164575389364	-0.0463293468893	-0.099817584025	-0.0362171165626	-0.0349940611844	-0.0946276498836
k__Bacteria;p__Bacteroidetes;c__Bacteroidia;o__Bacteroidales;f__Bacteroidaceae;g__Bacteroides;s__Bacteroides_cellulosilyticus	0.0177142567135	-0.00534917202151	0.0133228240173	-0.0248600219233	-0.0819734333801	-0.0502743427339	-0.0625941077707	-0.032286663191	0.0645392668161	0.112711789824	0.0136205122689	-0.000830506262711	1.0	-0.0227698930732	0.0212988110272	0.0183964602876	0.0108447579223	-0.046937049357	0.0152071788378	-0.0228406383846	-0.0591327776267	-0.0548000202397	-0.0118142437865	-0.0161361392798	-0.0309574723475	-0.0185563409624	-0.0185626325406	0.046419515709	0.084890180078	0.026732397742	-0.00811711282403	-0.0656363696649	-0.053008484167	0.0180736709648	-0.00815306485708	0.0197378240184	-0.0676746421943	0.0198487147968	-0.031375918251	-0.0468613797501	-0.0225877402207	-0.0290735275242	0.0125901625499	-0.0667787879684	-0.0402151929136	-0.0530348804374	-0.0516582504096	0.0243922796795	0.0363330511144	0.0129065704154	-0.00517886643742	-0.0689798306821	0.0226636890022	-0.0294786303524	-0.0602554350818	-0.00718363931619	-9.36156863947e-05	0.0274420734854	-0.00191705168863
k__Bacteria;p__Bacteroidetes;c__Bacteroidia;o__Bacteroidales;f__Rikenellaceae;g__Alistipes;s__Alistipes_obesi	-0.00412206800485	0.0243819498066	0.0114538527145	0.00318702942977	-0.029011230535	0.00721841273343	-0.011633059845	0.0633041676041	-0.0467965026125	0.0305590253917	-0.039878026168	0.0699981073832	-0.0227698930732	1.0	0.0153091657236	-0.0651571709113	-0.0440504921712	0.0212705750094	-0.0537074156621	-0.0661129453517	0.0160946454156	-0.0345175338523	-0.0477035444051	-0.0545616162786	-0.0333664155956	-0.011383347928	-0.0184874094278	-0.0295924429259	-0.023752545419	-0.0301035827664	-0.0313451621595	-0.0383130559264	-0.0602716549865	0.0521382777161	0.090573566982	-0.00356500649806	0.0480530668864	0.00596969413629	-0.0265791765586	0.0334167105525	-0.0673379596078	-0.0249818887917	-0.0191016306446	0.0872436291692	0.010419474211	0.0329777116307	0.00487606412092	-0.0976621009007	-0.0199090496568	0.0465475443364	0.00966518206354	-0.0441812382045	-0.11082121242	-0.0576434690132	-0.0910436862056	-0.0199421033864	-0.00262997357427	-0.0404910591578	-0.0367117443011
k__Bacteria;p__Firmicutes;c__Clostridia;o__Clostridiales;f__Lachnospiraceae;g__;s__[Eubacterium]_rectale	-0.00464943838869	-0.00547323559857	0.0146501957711	0.0811835345717	-0.000950203660541	-0.0188467249102	0.037589868827	-0.0744566563268	0.026016299779	0.0473684059567	0.0329964938872	-0.065364073491	0.0212988110272	0.0153091657236	1.0	-0.0292640500225	0.0206766000828	0.0158941253343	-0.0164155552488	-0.0274417416322	-0.0524112430121	0.0274751555647	0.00158765324915	-0.0165215312478	-0.0334186306087	-0.041858846772	0.0547043165747	-0.0806637110779	0.0510237085401	-0.0550196050145	-0.0153734721425	-0.0673064753416	-0.0288354230292	0.0370592668377	0.0184602805573	0.029487456883	0.0569902371291	0.00634276802875	-0.00543199802477	0.0238861277643	-0.0639304374941	-0.0391051869897	-0.0431049012064	-0.0451164880675	0.0447509428487	0.0316357431729	-0.0668521224342	-0.0156006677492	-0.0167284285245	-0.0410859661902	0.00135787392376	-0.10203250539	0.00381944289173	0.0585911747349	0.0293611312082	-0.013411615085	-0.0151809303621	-0.0078068346886	-0.0875206270092
k__Bacteria;p__Bacteroidetes;c__Bacteroidia;o__Bacteroidales;f__Bacteroidaceae;g__Bacteroides;s__Bacteroides_plebeius	0.00298495624583	-0.0721370672794	-0.00122200903549	-0.0243757776311	0.00138574388632	0.00280924760589	0.0149590264171	-0.019540214968	-0.0557157732069	-0.0474297735446	0.0588809022738	0.0179525702354	0.0183964602876	-0.0651571709113	-0.0292640500225	1.0	-0.0232602833594	0.0705987567454	-0.00851637909383	-0.041257002257	0.00100386037905	-0.0292320605465	-0.0368142761685	0.0599109281818	0.00578111158858	0.0238196250293	0.0119058306968	-0.015740226137	0.025532290557	0.0435064928314	-0.0462186684794	0.00741214561654	-0.0454930732173	-0.0311670201776	-0.00517737249275	-0.0428694502733	-0.0266711671187	-0.00725370292703	-0.0276910355889	0.0108552731157	-0.0543738001129	0.0078260585013	0.0161191731696	-0.0611065717919	-0.0376706994327	-0.121302513534	-0.0552915456079	0.0199920758371	-0.0510240079892	0.0246413668118	0.0675388394705	-0.0723277434846	0.0103657849509	0.021692035557	-0.0470208624342	-0.0574462559393	0.0208646332923	-0.0194092165787	0.0300969799705
k__Bacteria;p__Bacteroidetes;c__Bacteroidia;o__Bacteroidales;f__Bacteroidaceae;g__Bacteroides;s__Bacteroides_fragilis	-0.0263298860585	-0.00610890024747	-0.0152218479286	-0.031091981859	0.00663321697939	-0.0288429856708	0.00117572206716	0.0170907068115	-0.0425246761428	0.0603627709276	-0.00932018501628	-0.0144433829206	0.0108447579223	-0.0440504921712	0.0206766000828	-0.0232602833594	1.0	-0.0777973274052	-0.00908627316505	-0.041747321626	-0.0238635250237	0.0361888238875	0.0262686092441	-0.0282734144743	-0.0312667636427	-0.0825040292721	0.103950926522	-0.0206130086062	0.0033976883215	0.0115115771978	0.065009323268	-0.0979437603256	0.0136260416212	-0.00302624742326	-0.0293216672319	-0.0317563415744	-0.0360483840581	-0.0569169587985	-0.104058700734	0.0542475876519	0.0446818330254	-0.0446684529984	-0.00651722400245	0.0264979856202	-0.103794148007	0.0358982475261	-0.0680836228711	-0.0369072570971	-0.0517843775569	0.0309026093218	-0.0335599025077	-0.0205736056476	-0.0467628529369	-0.0547445662104	-0.0483385926369	0.0632651243503	0.0595147303711	-0.0134250809902	-0.0759717281806
k__Bacteria;p__Proteobacteria;c__Betaproteobacteria;o__Burkholderiales;f__Sutterellaceae;g__Sutterella;s__Sutterella_wadsworthensis	0.0600642656635	-0.0828528403001	-0.0443732371034	0.0378094792207	0.022611463735	-0.0274229136934	0.0497692565199	0.00877662295363	-0.00477513997377	0.00708507345286	-0.0102530098958	0.039928435535	-0.046937049357	0.0212705750094	0.0158941253343	0.0705987567454	-0.0777973274052	1.0	-0.0587242655319	0.0461657053721	-0.0643806708367	0.0211050179937	-0.0271402701044	0.0249728198856	-0.0306894830522	0.0333752323233	-0.0151283678277	-0.0721817651472	-0.0326000824446	-0.0508298660637	0.0515857470771	-0.00594118284662	-0.0481200865168	-0.0479258001389	-0.059301299821	-0.00294355906627	-0.0619087574296	0.0444191478389	-0.000257283059549	-0.0520001860638	0.0341592646043	0.0542332588418	0.00237360243995	-0.0564583605524	-0.00413493907886	0.0141743920098	0.0510998938741	-0.0397928889533	-0.0313936192851	0.0249146842091	-0.0864904406455	-0.0620381791239	0.0347149906104	-0.0388997569986	0.0523822846772	0.0108923844876	-0.0208301877295	-0.0266708658273	-0.0452924268479
k__Bacteria;p__Bacteroidetes;c__Bacteroidia;o__Bacteroidales;f__Porphyromonadaceae;g__Barnesiella;s__Barnesiella_intestinihominis	-0.0559762712519	0.0765903146621	-0.0269421991173	0.00719665994015	-0.050620199556	0.113309439697	0.0798903115118	0.0257224247783	0.00425423078367	-0.069255810062	-0.0984847317971	0.0509992698395	0.0152071788378	-0.0537074156621	-0.0164155552488	-0.00851637909383	-0.00908627316505	-0.0587242655319	1.0	0.00519126123904	0.00327017962686	-0.0572512209226	-0.0172066999244	0.0164902778335	-0.0413497694187	0.0111602811009	0.0744024541045	0.0387792588209	-0.0102314908268	0.00863764057655	-0.12313179946	-0.0311814848182	-0.0616893940636	0.00781715565714	-0.03114179252	-0.0660437056394	0.0297807131289	-0.0513105040269	0.0535547685403	-0.0792896246227	0.0393069729862	0.0823171256214	-0.0718616045398	0.0143295458252	-0.0141966725466	-0.055664684862	0.00398710158191	-0.0362084306316	-0.043195959939	0.11395220766	-9.6210830229e-05	-0.0314884067962	-0.0486803932119	-0.0944528864563	-0.0411107959181	-0.0173211998323	-0.0612555844737	0.000898208160956	-0.0296893427712
k__Bacteria;p__Bacteroidetes;c__Bacteroidia;o__Bacteroidales;f__Odoribacteraceae;g__Odoribacter;s__Odoribacter_splanchnicus	0.0172207073024	-0.0690197631071	0.0330774903895	-0.11030807247	0.013393863786	-0.0231749472968	-0.0809416712175	-0.00514675077757	-0.0583367822871	-0.0307625000898	-0.0799997897655	-0.00765256624014	-0.0228406383846	-0.0661129453517	-0.0274417416322	-0.041257002257	-0.041747321626	0.0461657053721	0.00519126123904	1.0	0.0281601039305	-0.0493099003186	-0.0156377107848	0.0145975477056	-0.00320151868908	-0.00891436332094	0.0120452079804	-0.0780011293827	0.0144721822442	0.0870041240275	0.0190219970218	0.0204647952548	0.0651554246764	-0.0650784006822	-0.0305612221053	-0.015563782312	-0.0345097639841	0.046516014709	-0.0646013796615	0.00768034859137	-0.021517470439	0.0183896695865	-0.0167622014711	-0.00243411782203	-0.00119199976301	-0.0686970704925	0.0303510886114	0.00143559555124	0.015686993975	-0.0699254096255	0.0863893859584	0.0146412479639	-0.0258393235619	-0.00311908659065	-0.0731648488816	-0.0971637999959	0.0138455486429	0.0268743724269	-0.0245285536109
k__Bacteria;p__Bacteroidetes;c__Bacteroidia;o__Bacteroidales;f__Bacteroidaceae;g__Bacteroides;s__Bacteroides_salyersiae	0.0263913112958	-0.0373855947807	0.0193055275676	0.00874226000931	0.0251627681012	-0.0438936036704	0.0327519101822	0.051310072732	-0.0548493670227	-0.0406689851342	-0.0392949223526	0.00365810912947	-0.0591327776267	0.0160946454156	-0.0524112430121	0.00100386037905	-0.0238635250237	-0.0643806708367	0.00327017962686	0.0281601039305	1.0	0.0314980642921	-0.083707926747	0.10596323171	0.0369029075197	-0.0407435682	0.00562742483565	-0.0567765352609	-0.0666874995127	0.0204461000034	-0.0119844520274	0.0723083978849	0.107052722973	0.0118448108793	-0.0359840796946	-0.0820467016412	0.0319856339918	-0.110004982173	-0.0141353272198	0.00915983752886	0.0193953079399	-0.0186797284666	-0.0306276911677	-0.0409864960721	-0.0369453718616	0.078078449187	-0.0553700704321	0.00682335238462	-0.0361769446529	-0.0187358593406	0.0293140425344	0.00772241413998	0.0753592065884	-0.0633713067144	-0.0427348385514	-0.00279029928415	0.0314437303423	-0.0242120877357	0.0218799255109
k__Bacteria;p__Firmicutes;c__Clostridia;o__Clostridiales;f__Ruminococcaceae;g__Ruminiclostridium;s__[Eubacterium]_siraeum	-0.00984496631066	-0.0618779855822	-0.0372630339067	0.0892154044623	0.0855148783376	-0.00781110747852	0.0466273055017	-0.0403017281747	-0.0188839551461	-0.0411061724693	-0.00351564223699	-0.0291184608506	-0.0548000202397	-0.0345175338523	0.0274751555647	-0.0292320605465	0.0361888238875	0.0211050179937	-0.0572512209226	-0.0493099003186	0.0314980642921	1.0	-0.00519632840117	0.00988624883845	0.0369909844634	-0.0639610513202	-0.0703149490867	-0.0505866513802	0.0016087891737	-0.0932709643872	-0.0935244651691	-0.0146827765106	-0.00386508117459	-0.0162050858794	-0.0190190678018	-0.0222043998864	-0.0282034583618	-0.0241665716964	-0.00561635384696	-0.017582300849	0.0477104090192	0.0291777983668	-0.0677806458439	0.000663038187484	-0.00996256196144	0.0614040100104	-0.0208296278126	0.0298826062952	-0.0442570378441	-0.0439867524079	0.0612912772593	0.0437884925766	-0.0411239189506	0.0127957941531	0.0111665826773	-0.0677390018246	-0.0631737883014	-0.0036771481515	0.00498506000968
k__Bacteria;p__Proteobacteria;c__Betaproteobacteria;o__Burkholderiales;f__Sutterellaceae;g__Parasutterella;s__Parasutterella_excrementihominis	-0.0637397594712	-0.0672419225089	-0.0356773103396	-0.0532717876437	0.00358730639734	-0.0302001514734	-0.0852097888317	-0.050088425965	0.0175757179868	-0.0661139625164	0.0161093828241	-0.0205734069195	-0.0118142437865	-0.0477035444051	0.00158765324915	-0.0368142761685	0.0262686092441	-0.0271402701044	-0.0172066999244	-0.0156377107848	-0.083707926747	-0.00519632840117	1.0	-0.0505439993231	0.0404207180166	0.0479429562166	-0.0292745475955	-0.0121387947479	0.0469732780413	0.0113041857758	-0.0102213559542	-0.0867836422272	-0.0245050331248	0.0537408239771	0.0177046594048	0.00266986887529	-0.023729961175	0.0336223720939	-0.0580583128359	-0.0329914254398	-0.0647355227742	0.0133233393329	0.00850175779351	-0.00161099196415	0.0212386888006	-0.0374266010901	0.0110554255521	-0.0147597482875	-0.0255498875619	0.00319058569748	0.0204658686324	0.0777283458431	0.00971293238032	-0.151177054154	-0.0148209244833	-0.0236211109658	0.00956656316695	-0.0287622639841	0.0867719618374
k__Bacteria;p__Actinobacteria;c__Actinobacteria;o__Bifidobacteriales;f__Bifidobacteriaceae;g__Bifidobacterium;s__Bifidobacterium_adolescentis	-0.0195797525688	-0.0452147346595	0.00800868693629	-0.0628155840623	-0.0384211519728	-0.0231335374225	-0.102198310034	0.000803193048687	0.00240497839272	-0.0741519403494	-0.0156428563406	-0.00295446865198	-0.0161361392798	-0.0545616162786	-0.0165215312478	0.0599109281818	-0.0282734144743	0.0249728198856	0.0164902778335	0.0145975477056	0.10596323171	0.00988624883845	-0.0505439993231	1.0	-0.0347085298634	-0.0263960560779	-0.0782297770679	-0.0491452885337	0.0610565998042	-0.0604082674717	0.034183264332	0.00235613336864	-0.00971933166629	-0.00115422613593	-0.0564123199986	-0.0524286694814	-0.00898407654483	0.00932757402686	-0.0338643310715	0.122500606161	0.00634258558347	-0.0638218658383	-0.0304260836136	0.0162591347832	0.0159249212306	0.0917955803821	-0.00963558592339	-0.0618522407385	0.0919780734418	-0.00010661651411	-0.0619660969094	0.039453760622	-0.0213210124346	-0.0232871016405	0.00448105566684	-0.0476172396672	-0.0944723678039	-0.0170055619149	0.0902138099128
k__Bacteria;p__Firmicutes;c__Clostridia;o__Clostridiales;f__Oscillospiraceae;g__Oscillibacter;s__Oscillibacter_sp._KLE_1745	-0.075840016909	0.0060617608883	-0.0199120391432	-0.0410032100894	0.0534572868029	-0.0406099795382	-0.078362507848	-0.0696901146288	-0.00116902371836	0.0357258684407	-0.00469300550591	-0.0343564621279	-0.0309574723475	-0.0333664155956	-0.0334186306087	0.00578111158858	-0.0312667636427	-0.0306894830522	-0.0413497694187	-0.00320151868908	0.0369029075197	0.0369909844634	0.0404207180166	-0.0347085298634	1.0	-0.0234629936894	0.00618818880444	0.0414937973552	-0.040696554609	-0.0257616464259	0.0541190871493	0.0255108651804	-0.0927531123583	-0.0240643492079	-0.036218914209	-0.0331888636966	-0.0499318351844	-0.00277465031919	-0.0518884813879	0.0246906376933	-0.0269582959497	-0.00490513890073	-0.0345104489693	-0.0283540975511	-0.0326736362138	-0.0098361162542	-0.0320873945853	-0.0432884142758	0.0286904517687	-0.0922939267281	-0.000540003605305	0.0532032587717	-0.00416421383228	0.0840382082728	-0.00434078564753	0.00560465875052	-0.00346651057688	0.0232714772239	-0.0568432392404
k__Bacteria;p__Bacteroidetes;c__Bacteroidia;o__Bacteroidales;f__Bacteroidaceae;g__Bacteroides;s__Bacteroides_coprophilus	-0.0527882774174	-0.0823809485598	0.01744710287	-0.0524697649531	-0.0258078904188	-0.0420908293008	-0.11501927546	-0.0176938738535	-0.00738205414955	0.0123168561159	0.057493990068	-0.0398779173559	-0.0185563409624	-0.011383347928	-0.041858846772	0.0238196250293	-0.0825040292721	0.0333752323233	0.0111602811009	-0.00891436332094	-0.0407435682	-0.0639610513202	0.0479429562167	-0.0263960560779	-0.0234629936894	1.0	0.0857692154363	0.00833049594175	0.0337950571495	0.0600009663293	0.0474616309632	0.00133731565642	0.00514499588716	-0.0065670329862	0.0134292316262	-0.0513325441092	-0.00569971431393	-0.0447105044132	-0.0103914935096	-0.0151306571319	0.0143744289944	-0.0290932540607	-0.0657898782051	-0.0116771303201	0.0416784599639	-0.0462426854273	0.00481148478515	-0.0383241622351	0.0659434337884	0.0239500655192	-0.0614882343262	0.029993883442	-0.0224776150016	-0.0246423461601	-0.0690801514599	0.00553431399518	0.041821880392	-0.0654614417884	-0.106236295757
k__Bacteria;p__Firmicutes;c__Clostridia;o__Clostridiales;f__Lachnospiraceae;g__Roseburia;s__Roseburia_intestinalis	-0.0636315683956	0.00569133621636	0.0122479140675	0.0259847351286	-0.0755851139249	0.0585580481689	0.0222962762787	0.0177393006185	0.00491058719661	0.0129009194747	0.0194381731468	0.0191219089316	-0.0185626325406	-0.0184874094278	0.0547043165747	0.0119058306968	0.103950926522	-0.0151283678277	0.0744024541045	0.0120452079804	0.00562742483565	-0.0703149490867	-0.0292745475955	-0.0782297770679	0.00618818880444	0.0857692154363	1.0	-0.0548274897112	-0.0074179382299	0.0222190260287	-0.00173845345859	0.0893352789312	-0.0165093747957	-0.0106631611171	-0.0465282561113	-0.0477410456847	-0.0256813328179	-0.102998574498	-0.0797425417402	-0.0346780504065	-0.00439158164504	0.0525184323552	-0.0268012739021	-0.0690621233679	-0.0391540979172	-0.0821724221183	-0.00164434121755	0.0417562707759	-0.0204232963752	0.0449069774134	0.0724061064618	-0.0129019617543	-0.0144664162442	-0.0500622634902	-0.00328229741191	0.0532760982725	0.0304088646056	0.0280497061318	-0.0401290315919
k__Bacteria;p__Firmicutes;c__Clostridia;o__Clostridiales;f__Lachnospiraceae;g__Roseburia;s__Roseburia_hominis	0.0240763357152	0.0280313447402	-0.0640599188454	-0.0357893374976	-0.012775783016	-0.0879581731974	0.0738231685855	0.061298472021	-0.0144166480897	0.0397605868884	0.0720945645088	0.0309579224534	0.046419515709	-0.0295924429259	-0.0806637110779	-0.015740226137	-0.0206130086062	-0.0721817651472	0.0387792588209	-0.0780011293827	-0.0567765352609	-0.0505866513802	-0.0121387947479	-0.0491452885337	0.0414937973552	0.00833049594175	-0.0548274897112	1.0	0.0712967913761	-0.00676597474839	0.0804345445551	-0.0377116105562	0.0445117271139	-0.0609691425051	0.0629652993716	-0.0463459312529	-0.000782487324731	-0.079171259766	0.0185159539304	-0.068800833544	-0.0248436068388	-0.109556144191	-0.0136606106011	0.0585194119528	0.00811839534305	-0.0185983572183	-0.00838782286806	-0.0484051678171	0.0217442536707	-0.0347340407543	0.00588118458762	0.0481271734147	-0.0542933464338	-0.0589603931607	0.0195368424396	-0.0344500417992	0.0113493237904	-0.0546770400303	-0.04406060249
k__Bacteria;p__Bacteroidetes;c__Bacteroidia;o__Bacteroidales;f__Porphyromonadaceae;g__Parabacteroides;s__Parabacteroides_johnsonii	0.0245497921838	0.0069544667858	0.0420362657083	-0.0560668186804	-0.0821483163754	-0.0249198420935	-0.0573694371825	-0.073412166068	0.0269708133859	-0.03441335371	-0.00913084391506	-0.0595346405026	0.084890180078	-0.023752545419	0.0510237085401	0.025532290557	0.0033976883215	-0.0326000824446	-0.0102314908268	0.0144721822442	-0.0666874995127	0.0016087891737	0.0469732780413	0.0610565998042	-0.040696554609	0.0337950571495	-0.0074179382299	0.0712967913761	1.0	-0.0707646211992	0.0462542735274	-0.0135983645463	0.0162595323123	-0.00920168344581	-0.000597746863867	-0.045469789837	0.0137831068456	0.00151807568594	0.0488642559238	0.0457501238683	0.00803936927638	-0.027511824824	0.0503624936574	-0.0567886121888	-0.0276277773799	-0.00429358653296	-0.0875879645961	-0.0154477813178	-0.00626552270146	-0.0435188899065	-0.0316261270451	0.0592062545226	-0.0277053373755	-0.0635149809465	-0.0587640478932	-0.0122692515889	-0.0163707063505	-0.00431984919976	-0.0670217665063
k__Bacteria;p__Actinobacteria;c__Actinobacteria;o__Bifidobacteriales;f__Bifidobacteriaceae;g__Bifidobacterium;s__Bifidobacterium_longum	-0.0907872636963	0.0643293496002	-0.0624936010737	-0.0633318690035	-0.0851589435282	-0.0332476391349	-0.0592088178207	-0.0589853118255	0.0521288547628	-0.0469486185718	-0.101596746009	0.0331211543115	0.026732397742	-0.0301035827664	-0.0550196050145	0.0435064928314	0.0115115771978	-0.0508298660637	0.00863764057655	0.0870041240275	0.0204461000034	-0.0932709643872	0.0113041857758	-0.0604082674717	-0.0257616464259	0.0600009663293	0.0222190260287	-0.00676597474839	-0.0707646211992	1.0	-0.0202496723198	-0.0039168180567	-0.0104490914291	-0.0942134879455	-0.0466663132446	0.00483486115668	0.0258183462661	0.00948941719853	0.0148676551381	-0.0518763119896	-0.0679127177149	0.0366655405553	0.0430291699729	-0.0419098058132	0.0510135824954	0.0843612887663	0.0261764880867	-0.00834460457208	0.0461489532629	-0.0821587199687	-0.0840144806386	0.0578995257998	-0.046445937374	-0.0301011850482	-0.041186627316	-0.0608429154486	0.0457227736343	-0.011456184857	-0.0807601288015
