#taxonomy	k__Bacteria;p__Bacteroidetes;c__Bacteroidia;o__Bacteroidales;f__Bacteroidaceae;g__Bacteroides;s__Bacteroides_vulgatus	k__Bacteria;p__Bacteroidetes;c__Bacteroidia;o__Bacteroidales;f__Bacteroidaceae;g__Bacteroides;s__Bacteroides_uniformis	k__Bacteria;p__Bacteroidetes;c__Bacteroidia;o__Bacteroidales;f__Rikenellaceae;g__Alistipes;s__Alistipes_putredinis	k__Bacteria;p__Bacteroidetes;c__Bacteroidia;o__Bacteroidales;f__Prevotellaceae;g__Prevotella;s__Prevotella_copri	k__Bacteria;p__Bacteroidetes;c__Bacteroidia;o__Bacteroidales;f__Bacteroidaceae;g__Bacteroides;s__Bacteroides_stercoris	k__Bacteria;p__Bacteroidetes;c__Bacteroidia;o__Bacteroidales;f__Bacteroidaceae;g__Bacteroides;s__Bacteroides_ovatus	k__Bacteria;p__Bacteroidetes;c__Bacteroidia;o__Bacteroidales;f__Rikenellaceae;g__Alistipes;s__Alistipes_shahii	k__Bacteria;p__Firmicutes;c__Clostridia;o__Clostridiales;f__Ruminococcaceae;g__Faecalibacterium;s__Faecalibacterium_prausnitzii	k__Bacteria;p__Bacteroidetes;c__Bacteroidia;o__Bacteroidales;f__Rikenellaceae;g__Alistipes;s__Alistipes_finegoldii	k__Bacteria;p__Bacteroidetes;c__Bacteroidia;o__Bacteroidales;f__Porphyromonadaceae;g__Parabacteroides;s__Parabacteroides_distasonis	k__Bacteria;p__Bacteroidetes;c__Bacteroidia;o__Bacteroidales;f__Bacteroidaceae;g__Bacteroides;s__Bacteroides_thetaiotaomicron	k__Bacteria;p__Bacteroidetes;c__Bacteroidia;o__Bacteroidales;f__Bacteroidaceae;g__Bacteroides;s__Bacteroides_coprocola	k__Bacteria;p__Bacteroidetes;c__Bacteroidia;o__Bacteroidales;f__Bacteroidaceae;g__Bacteroides;s__Bacteroides_cellulosilyticus	k__Bacteria;p__Bacteroidetes;c__Bacteroidia;o__Bacteroidales;f__Rikenellaceae;g__Alistipes;s__Alistipes_obesi	k__Bacteria;p__Firmicutes;c__Clostridia;o__Clostridiales;f__Lachnospiraceae;g__;s__[Eubacterium]_rectale	k__Bacteria;p__Bacteroidetes;c__Bacteroidia;o__Bacteroidales;f__Bacteroidaceae;g__Bacteroides;s__Bacteroides_plebeius	k__Bacteria;p__Bacteroidetes;c__Bacteroidia;o__Bacteroidales;f__Bacteroidaceae;g__Bacteroides;s__Bacteroides_fragilis	k__Bacteria;p__Proteobacteria;c__Betaproteobacteria;o__Burkholderiales;f__Sutterellaceae;g__Sutterella;s__Sutterella_wadsworthensis	k__Bacteria;p__Bacteroidetes;c__Bacteroidia;o__Bacteroidales;f__Porphyromonadaceae;g__Barnesiella;s__Barnesiella_intestinihominis	k__Bacteria;p__Bacteroidetes;c__Bacteroidia;o__Bacteroidales;f__Odoribacteraceae;g__Odoribacter;s__Odoribacter_splanchnicus	k__Bacteria;p__Bacteroidetes;c__Bacteroidia;o__Bacteroidales;f__Bacteroidaceae;g__Bacteroides;s__Bacteroides_salyersiae	k__Bacteria;p__Firmicutes;c__Clostridia;o__Clostridiales;f__Ruminococcaceae;g__Ruminiclostridium;s__[Eubacterium]_siraeum	k__Bacteria;p__Proteobacteria;c__Betaproteobacteria;o__Burkholderiales;f__Sutterellaceae;g__Parasutterella;s__Parasutterella_excrementihominis	k__Bacteria;p__Actinobacteria;c__Actinobacteria;o__Bifidobacteriales;f__Bifidobacteriaceae;g__Bifidobacterium;s__Bifidobacterium_adolescentis	k__Bacteria;p__Firmicutes;c__Clostridia;o__Clostridiales;f__Oscillospiraceae;g__Oscillibacter;s__Oscillibacter_sp._KLE_1745	k__Bacteria;p__Bacteroidetes;c__Bacteroidia;o__Bacteroidales;f__Bacteroidaceae;g__Bacteroides;s__Bacteroides_coprophilus	k__Bacteria;p__Firmicutes;c__Clostridia;o__Clostridiales;f__Lachnospiraceae;g__Roseburia;s__Roseburia_intestinalis	k__Bacteria;p__Firmicutes;c__Clostridia;o__Clostridiales;f__Lachnospiraceae;g__Roseburia;s__Roseburia_hominis	k__Bacteria;p__Bacteroidetes;c__Bacteroidia;o__Bacteroidales;f__Porphyromonadaceae;g__Parabacteroides;s__Parabacteroides_johnsonii	k__Bacteria;p__Actinobacteria;c__Actinobacteria;o__Bifidobacteriales;f__Bifidobacteriaceae;g__Bifidobacterium;s__Bifidobacterium_longum	k__Bacteria;p__Firmicutes;c__Clostridia;o__Clostridiales;f__;g__Flavonifractor;s__Flavonifractor_plautii	k__Bacteria;p__Firmicutes;c__Clostridia;o__Clostridiales;f__Clostridiaceae;g__Clostridium;s__Clostridium_phoceensis	k__Bacteria;p__Verrucomicrobia;c__Verrucomicrobiae;o__Verrucomicrobiales;f__Akkermansiaceae;g__Akkermansia;s__Akkermansia_muciniphila	k__Bacteria;p__Bacteroidetes;c__Bacteroidia;o__Bacteroidales;f__Prevotellaceae;g__Paraprevotella;s__Paraprevotella_xylaniphila	k__Bacteria;p__Firmicutes;c__Clostridia;o__Clostridiales;f__Ruminococcaceae;g__Ruminococcus;s__Ruminococcus_callidus	k__Bacteria;p__Bacteroidetes;c__Bacteroidia;o__Bacteroidales;f__Rikenellaceae;g__Alistipes;s__Alistipes_senegalensis	k__Bacteria;p__Firmicutes;c__Clostridia;o__Clostridiales;f__Lachnospiraceae;g__Blautia;s__Blautia_sp._KLE_1732	k__Bacteria;p__Bacteroidetes;c__Bacteroidia;o__Bacteroidales;f__Bacteroidaceae;g__Bacteroides;s__Bacteroides_oleiciplenus	k__Bacteria;p__Firmicutes;c__Clostridia;o__Clostridiales;f__Ruminococcaceae;g__Ruminococcus;s__Ruminococcus_bicirculans	k__Bacteria;p__Bacteroidetes;c__Bacteroidia;o__Bacteroidales;f__Bacteroidaceae;g__Bacteroides;s__Bacteroides_fluxus	k__Bacteria;p__Bacteroidetes;c__Bacteroidia;o__Bacteroidales;f__Prevotellaceae;g__Prevotella;s__Prevotella_stercorea	k__Bacteria;p__Firmicutes;c__Clostridia;o__Clostridiales;f__Lachnospiraceae;g__Dorea;s__Dorea_longicatena	k__Bacteria;p__Firmicutes;c__Clostridia;o__Clostridiales;f__Eubacteriaceae;g__Eubacterium;s__[Eubacterium]_eligens	k__Bacteria;p__Firmicutes;c__Clostridia;o__Clostridiales;f__Ruminococcaceae;g__;s__Ruminococcaceae_bacterium_D16	k__Bacteria;p__Firmicutes;c__Clostridia;o__Clostridiales;f__Lachnospiraceae;g__Coprococcus;s__Coprococcus_comes	k__Bacteria;p__Proteobacteria;c__Gammaproteobacteria;o__Enterobacterales;f__Enterobacteriaceae;g__Escherichia;s__Escherichia_coli	k__Bacteria;p__Firmicutes;c__Clostridia;o__Clostridiales;f__Ruminococcaceae;g__Anaerotruncus;s__Anaerotruncus_colihominis	k__Bacteria;p__Firmicutes;c__Clostridia;o__Clostridiales;f__Lachnospiraceae;g__Blautia;s__Blautia_obeum	k__Bacteria;p__Bacteroidetes;c__Bacteroidia;o__Bacteroidales;f__Odoribacteraceae;g__Odoribacter;s__Odoribacter_laneus	k__Bacteria;p__Firmicutes;c__Clostridia;o__Clostridiales;f__Ruminococcaceae;g__Ruminiclostridium;s__[Clostridium]_leptum	k__Bacteria;p__Bacteroidetes;c__Bacteroidia;o__Bacteroidales;f__Porphyromonadaceae;g__Parabacteroides;s__Parabacteroides_goldsteinii	k__Bacteria;p__Firmicutes;c__Clostridia;o__Clostridiales;f__Lachnospiraceae;g__Anaerostipes;s__Anaerostipes_hadrus	k__Bacteria;p__Firmicutes;c__Clostridia;o__Clostridiales;f__Ruminococcaceae;g__Ruminococcus;s__Ruminococcus_lactaris	k__Bacteria;p__Firmicutes;c__Clostridia;o__Clostridiales;f__Clostridiaceae;g__Clostridium;s__Clostridium_sp._L2-50	k__Bacteria;p__Firmicutes;c__Clostridia;o__Clostridiales;f__Clostridiaceae;g__Clostridium;s__Clostridium_sp._M62/1	k__Bacteria;p__Firmicutes;c__Clostridia;o__Clostridiales;f__;g__Intestinimonas;s__Intestinimonas_butyriciproducens	k__Bacteria;p__Actinobacteria;c__Actinobacteria;o__Bifidobacteriales;f__Bifidobacteriaceae;g__Bifidobacterium;s__Bifidobacterium_bifidum	k__Bacteria;p__Firmicutes;c__Negativicutes;o__Veillonellales;f__Veillonellaceae;g__Dialister;s__Dialister_invisus	k__Bacteria;p__Bacteroidetes;c__Bacteroidia;o__Bacteroidales;f__Bacteroidaceae;g__Bacteroides;s__Bacteroides_salanitronis
k__Bacteria;p__Bacteroidetes;c__Bacteroidia;o__Bacteroidales;f__Bacteroidaceae;g__Bacteroides;s__Bacteroides_vulgatus	1.0	0.0611414856822	-0.0159761368768	-0.0333475719065	0.0342506597131	-0.0560984744828	0.0211676046067	0.00471856466924	0.016391379558	0.0570103350226	0.00384110098797	0.0418270546897	-0.0427295638955	-0.013360379709	-0.015226190449	0.00413470496455	0.0215486649499	-0.0286413286071	0.0384748163436	0.0224217109439	-0.0158424063703	0.00341199080948	-0.0118148480817	-0.0722988884818	-0.0656962415066	-0.0430745136548	-0.0575427318593	0.00284904568332	-0.0160419691659	-0.023245749823	0.0395211382405	-0.00785471094088	0.0405232568545	-0.020883975007	-0.0867864378421	-0.0656729269611	0.0123665410198	0.0146324687618	-0.000194983644276	-0.0610299608745	-0.0404444648202	0.0276097721609	0.0225893840382	0.0082631891933	-0.0196345044156	-0.0378703543296	0.0324013426724	-0.0218931132973	-0.0122936430518	-0.0490021912364	-0.00409346132482	0.0188826305039	0.00406008197545	-0.0355571338857	-0.0680850570287	-0.0195870089987	0.0107753747742	-0.0114436116169	-0.0844748626243
k__Bacteria;p__Bacteroidetes;c__Bacteroidia;o__Bacteroidales;f__Bacteroidaceae;g__Bacteroides;s__Bacteroides_uniformis	0.0611414856822	1.0	-0.0137082270308	-0.0307460462896	-0.0501723676223	0.020151124746	0.029216879483	-0.00539690781956	-0.0304547493739	-0.057156545573	-0.0375109890784	0.0747610309715	-0.0348889984648	0.0534978236384	0.0396416503624	0.0335595973696	-0.0393342242915	-0.0365932052682	0.0184598158222	-0.0357132314687	0.0206754813619	-0.00824950317257	-0.0981433717774	0.0256762925345	-0.00470388153234	-0.0913476723576	-0.0390828773543	0.0477124102767	-0.0296243267851	-0.006504082908	-0.000450230707875	-0.0108526282177	-0.00868815388169	-0.0381550610465	-0.0534331845837	-0.0635443091179	-0.0446408237352	0.000250062941565	-0.0944673176518	-0.066377043118	-0.0277763840136	0.0267450839485	-0.00370133541414	-0.0818124336995	-0.0340809965986	-0.00769564864825	-0.033836111337	-0.0340667549918	-0.0107288856877	-0.0075738868353	-0.104141919182	0.0983700261771	-0.0346231155452	0.025869756724	0.0640557888035	-0.00900601534694	0.00674548607068	0.0268872820466	-0.0964237590263
k__Bacteria;p__Bacteroidetes;c__Bacteroidia;o__Bacteroidales;f__Rikenellaceae;g__Alistipes;s__Alistipes_putredinis	-0.0159761368768	-0.0137082270308	1.0	-0.0350295227839	-0.0615781001418	-0.0884291832062	-0.0149404668074	-0.00561759977892	-0.0242644064133	-0.0574507956243	-0.0141632670482	-0.0357014154432	0.00857343711589	-0.0661010531991	0.0230980490462	0.0162744346248	-0.0082169357702	-0.0309625718339	-0.0473713435895	-0.0186018984746	0.0402619229719	-0.039043615017	0.026076109395	0.0085942282758	0.00509465648317	-0.0275704010752	0.0122201198083	0.00538610642053	-0.0292568358801	0.013752612659	0.0102072248245	-0.0095336390263	0.0539929550544	-0.0803199790048	0.112577005423	-0.0121066040096	0.0174690615542	0.0661731495088	-0.0635515045171	-0.0383657622389	0.0373019543552	0.0530248526002	-0.0147525676021	-0.0463230577193	-0.0786218822229	0.0112548744636	0.0197073386405	0.0139214760233	-0.00905724638534	-0.123335707408	0.00637479171939	-0.0117608205058	-0.0498841064341	-0.0332299608967	0.00955924828938	0.0234405286426	0.00279973221486	-0.0177654211197	-0.061101570902
k__Bacteria;p__Bacteroidetes;c__Bacteroidia;o__Bacteroidales;f__Prevotellaceae;g__Prevotella;s__Prevotella_copri	-0.0333475719065	-0.0307460462896	-0.0350295227839	1.0	0.00172181027375	0.0430420214002	-0.106294652666	0.0158594662745	-0.00238446627676	0.0107303268244	-0.0546154072701	-0.0028964623707	0.0173260142297	-0.00927710435864	-0.034585610195	-0.00292953302148	0.0360393765648	0.0177582971274	-0.0519413324921	-0.018014111651	-0.00220772600288	-0.0951780663852	-0.00944302607598	0.0131726135783	0.0511830168311	-0.0227037939393	-0.0173301775997	0.0346808502332	-0.0477013347958	-0.0397569282688	-0.00144252757815	0.00323468647395	-0.107920372384	0.0151824060012	-0.0739951668843	-0.0476884095621	-0.0157098890135	0.0681714909631	-0.0116285689726	-0.0229798114667	0.0622798795725	-0.006906410787	0.0617205152074	-0.0400868269096	-0.0407766730754	-0.0445183014712	-0.0377567619178	0.00623869183996	-0.0127712567907	0.0816152746617	-0.0479603480017	-0.0269466796333	0.0379192264632	0.014376354655	0.0300314081446	0.0327195623945	-0.0613022125521	-0.0212385776199	-0.0577917107473
k__Bacteria;p__Bacteroidetes;c__Bacteroidia;o__Bacteroidales;f__Bacteroidaceae;g__Bacteroides;s__Bacteroides_stercoris	0.0342506597131	-0.0501723676223	-0.0615781001418	0.00172181027375	1.0	0.0596563277746	0.0737639988195	-0.048581943513	-0.011607851383	-0.0174196391882	-0.0236816620545	0.071918523793	0.0182863043512	-0.0332472730435	0.017721243279	-0.0543333665102	-0.0347588344151	0.0573773537725	-0.0465085695344	-0.0482326736654	0.0313465916003	-0.00245008281529	-0.048444625188	0.0198260651738	0.0380130580668	0.0232572551009	0.0298180205344	0.0126952469465	0.0085076709759	-0.0840646816258	-0.0688493088631	-0.0382369820352	-0.030881838894	-0.0206485261843	-0.0484241105001	-0.0177602264242	-0.0502390432004	-0.0580267026079	-0.0381160230112	-0.00251419861425	0.00221527883242	0.0342823436975	0.0763315236941	-0.0888968362581	-0.0677126351882	-0.0384308934693	0.0383862970618	0.0371478428455	-0.0517795826244	-0.0587410090375	0.0108183026368	-0.0078134040331	-0.105690356948	-0.0338061070583	-0.0303635059434	0.0465126374722	0.0408351737528	-0.0559722717422	0.0466610370757
k__Bacteria;p__Bacteroidetes;c__Bacteroidia;o__Bacteroidales;f__Bacteroidaceae;g__Bacteroides;s__Bacteroides_ovatus	-0.0560984744828	0.020151124746	-0.0884291832062	0.0430420214002	0.0596563277746	1.0	0.00976760079246	-0.0503945945136	-0.0122406905961	-0.0231644934183	0.00578349250429	0.00350789358327	0.0117349432548	-0.0583310895908	0.00190208071423	-0.0414388883285	-0.0577565448498	0.00205942007729	-0.00778501159426	0.0478214842785	-0.0468797659171	0.0160259213219	-0.0770924304105	-0.068392922955	0.0140389017452	-0.0724252463515	-0.0104826611836	-0.0958551199509	-0.0536275533278	0.0723232957825	-0.0169434003413	0.026864681332	0.0448277593742	0.0213101078699	-0.0574674684345	0.0349492212241	-0.0492374661829	0.0491802556611	-0.0550565319671	-0.121723724471	0.0121820700137	0.00199401323217	0.0588610006963	-0.00574050757509	0.0120887122993	0.0277640516354	-0.013121587067	-0.0357504546896	-0.00288249768328	0.0628253834574	-0.0038000578293	0.0147953174763	-0.0283872185402	-0.0190194226709	-0.0265544419293	-0.0323830580614	0.0100968906478	-0.0529719819122	0.0600604721383
k__Bacteria;p__Bacteroidetes;c__Bacteroidia;o__Bacteroidales;f__Rikenellaceae;g__Alistipes;s__Alistipes_shahii	0.0211676046067	0.029216879483	-0.0149404668074	-0.106294652666	0.0737639988195	0.00976760079246	1.0	-0.0426362651853	-0.0585687138083	-0.0927165862736	-0.000985782004029	-0.0376918502579	0.0575916622332	-0.0341753785214	-0.00841985098311	-0.0428708490986	0.0374838953992	0.0879233723888	-0.0128918652492	-0.0586378017383	-0.0899497982716	-0.00160919011909	-0.0519373327847	0.0273080724321	0.00830889892047	0.014414413439	-0.00478096764828	-0.0228483559485	0.0531673022892	-0.0800244567646	-0.00727274869043	0.0213626017876	-0.0360076626035	-0.0324228399611	-0.0150960718331	0.00583816260641	-0.0273362302937	-0.00537968619859	0.0484906195645	-0.00754303205672	-0.02868191146	0.00026078341029	0.0439773218683	-0.11710806111	-0.0646337155849	0.0200938447779	-0.0379172355929	-0.012896991802	0.0389023243625	-0.084106962755	-0.0133648603214	0.00290541655123	0.0070672091998	-0.069069618104	-0.0680511451848	-0.0673195204488	-0.0198823740175	-0.0316289599138	0.0050088162056
k__Bacteria;p__Firmicutes;c__Clostridia;o__Clostridiales;f__Ruminococcaceae;g__Faecalibacterium;s__Faecalibacterium_prausnitzii	0.00471856466924	-0.00539690781956	-0.00561759977892	0.0158594662745	-0.048581943513	-0.0503945945136	-0.0426362651853	1.0	0.0841030003306	-0.0741799529962	0.00740579423805	-0.10011704157	-0.0256658307283	0.0168965018404	0.0112769299632	-0.0506647838692	0.0154035407851	-0.0315700598289	-0.00870537157866	0.00351791165472	-0.0627940785274	0.0219320042119	-0.0139828522592	-0.100623329614	0.0341156759698	0.0281737100031	0.063627932264	-0.0140915275497	0.0614310061856	0.0427194678177	-0.0616264583617	-0.00489363289739	-0.0831751734628	0.0405847903744	-0.0885161999557	0.0164307288142	0.0470025151947	-0.0543084558546	0.0461306916875	0.00710453583964	-0.0620686923997	-0.0150399735234	-0.0328849118277	-0.0258318903527	-0.0184679741096	0.00588456572717	-0.00391832433417	0.0115022914099	-0.0112148708256	0.000315260586496	-0.0415661463797	0.00479737062733	0.00285763356755	0.0396856614628	-0.0460826997543	-0.00589887036981	-0.0697965543418	-0.0213211557644	0.0843081827748
k__Bacteria;p__Bacteroidetes;c__Bacteroidia;o__Bacteroidales;f__Rikenellaceae;g__Alistipes;s__Alistipes_finegoldii	0.016391379558	-0.0304547493739	-0.0242644064133	-0.00238446627676	-0.011607851383	-0.0122406905961	-0.0585687138083	0.0841030003306	1.0	-0.0577343616677	-0.0829747907417	-0.0375666736011	-0.0055350211375	-0.0101624114723	-0.00977593946312	0.0448161690124	-0.0324569552526	-0.0581480764256	-0.0216690507023	-0.0186840994594	0.00603884230267	0.0333702532538	-0.0222943822761	-0.0893660360949	0.0252783926101	-0.00894802280746	-0.0259259618048	-0.00142524679557	-0.00503085609509	0.0557943158257	-0.00591427506271	0.00108964955286	0.0366047171825	0.0400696719703	0.0357309755344	-0.0259480147741	0.0705150916897	0.0438013070542	0.11220686766	-0.0501777866023	-0.0523220760939	0.0324027763755	-0.0883758990112	0.00567053066153	-0.0318511889548	0.0506714637694	-0.0737038610339	0.0391017066428	0.00806541528079	-0.0350099223473	-0.0401607577957	-0.00779862924998	0.0231597372859	-0.0244610154906	-0.0105498271668	-0.0193268655673	-0.0693728037862	-0.0794048812933	0.00270587417094
k__Bacteria;p__Bacteroidetes;c__Bacteroidia;o__Bacteroidales;f__Porphyromonadaceae;g__Parabacteroides;s__Parabacteroides_distasonis	0.0570103350226	-0.057156545573	-0.0574507956243	0.0107303268244	-0.0174196391882	-0.0231644934183	-0.0927165862736	-0.0741799529962	-0.0577343616677	1.0	-0.0485982639441	-0.0461227643219	-0.0757742022287	0.0711003344582	-0.00751792208451	-0.0557372530802	0.00749144773419	0.0480022288896	-0.0586823166557	-0.0426961170542	-0.037032120934	0.00703736305918	0.0378996934964	0.0847801352697	0.0265337674053	0.0148678269819	0.0246667217934	-0.031804730708	-0.0448834960868	0.0100616879755	-0.0485059092135	0.00470264968555	-0.0149618154144	-0.10054723483	-0.0960364926406	-0.0618345173793	-0.0520252780698	0.0341296004066	-0.00728624507483	0.027230156728	0.0474426877827	0.0112410677724	-0.00910737434989	-0.0417185721527	0.156777678048	0.0456965592831	-0.065414957423	-0.0577042929643	-0.0694964933723	0.0150475931659	-0.00141122208522	-0.0266886553359	-0.0159887300754	0.0354700728412	0.000506128955754	0.0153396657958	-0.019971099775	-0.0207158008378	0.0113121426592
k__Bacteria;p__Bacteroidetes;c__Bacteroidia;o__Bacteroidales;f__Bacteroidaceae;g__Bacteroides;s__Bacteroides_thetaiotaomicron	0.00384110098797	-0.0375109890784	-0.0141632670482	-0.0546154072701	-0.0236816620545	0.00578349250429	-0.000985782004028	0.00740579423805	-0.0829747907417	-0.0485982639441	1.0	-0.0783439716088	0.0143199575116	0.101427991612	0.00512535165796	0.0853162059361	0.0609642772461	-0.0627718512228	-0.0220073248692	0.00167044825903	-0.00152108819539	-0.0697901261326	-0.040285501512	0.00199123586379	-0.0245085259987	-0.089687937398	-0.00775197354495	-0.0334670259249	0.0202800083136	0.0433801360012	-0.0221115761345	-0.0166962870496	-0.0647002774155	-0.068661733113	-0.0303308355585	0.0122422733851	0.0159767242506	-0.0235717830712	-0.0418864801311	0.0163935711103	0.0238093443184	-0.0475191071017	0.0267148600582	-0.0493431969271	-0.0278781245911	-0.0415960075799	-0.0845462290494	-0.0511029739655	-0.0177757801292	-0.0620266135165	0.0368215904915	-0.114481873152	0.105210496643	-0.0723940012713	0.00227060466014	-0.0646855587039	-0.0221336672456	-0.0122257997707	-0.0315045593573
k__Bacteria;p__Bacteroidetes;c__Bacteroidia;o__Bacteroidales;f__Bacteroidaceae;g__Bacteroides;s__Bacteroides_coprocola	0.0418270546897	0.0747610309715	-0.0357014154432	-0.0028964623707	0.071918523793	0.00350789358327	-0.0376918502579	-0.10011704157	-0.0375666736011	-0.0461227643219	-0.0783439716088	1.0	-0.00114099910577	0.0273045994726	-0.00163593199588	0.0566878680294	0.00754397624926	-0.0335563590995	-0.0904871023308	-0.0395678509744	0.0626270127688	-0.00263150243954	0.00116881423259	-0.0675472472986	0.0105783953556	-0.00946165362983	0.0709544013263	0.00132315389222	-0.0889724609358	0.0202121468661	-0.0687917259941	-0.00285691543156	0.00764343534099	-0.0405939813144	-0.0722220381129	0.00526353040251	-0.0355706350994	0.0963074994941	-0.0298047718437	-0.0794217898927	0.00491960784227	0.0239758598511	0.00653175111446	-0.025281438069	-0.0602804066591	-0.0463737138741	-0.0232236284051	0.0138294569978	-0.0287811833334	0.00349359049406	-0.0295600419771	0.0333977124056	-0.0271171708062	0.00453298967073	-0.0288988439081	-0.0900259500776	-0.0345087797473	0.0865728850142	-0.0237710673543
k__Bacteria;p__Bacteroidetes;c__Bacteroidia;o__Bacteroidales;f__Bacteroidaceae;g__Bacteroides;s__Bacteroides_cellulosilyticus	-0.0427295638955	-0.0348889984648	0.00857343711589	0.0173260142297	0.0182863043512	0.0117349432548	0.0575916622332	-0.0256658307283	-0.0055350211375	-0.0757742022287	0.0143199575116	-0.00114099910577	1.0	0.00448478736138	0.00022218576812	-0.0238765287872	-0.0384355272424	-0.0290848914397	-0.00612595130672	-0.0344176882015	-0.00695256078632	-0.0758127281444	0.00261678817459	-0.0287436479505	0.0566427143884	-0.0285849328766	-0.0204071220855	-0.0687127420621	-0.0198482001164	0.0418283745732	-0.0254638628394	-0.0338525125594	-0.00923872005729	-0.0148395036188	-0.0135144131879	-0.0164735873622	-0.00255410917456	-0.0200804172288	-0.00170968561288	0.0570460371054	-0.0141352676693	-0.0883620342549	-0.0379209192091	-0.0444481699605	0.116391257486	-0.055326549446	0.0540245975209	-0.0388395026571	-0.0208868259064	0.025824234668	-0.0496959565591	-0.000368368106961	0.0359876027106	0.0211195883698	-0.0197642330784	-0.0248235641862	-0.168935771868	0.0588585309608	-0.0524002998797
k__Bacteria;p__Bacteroidetes;c__Bacteroidia;o__Bacteroidales;f__Rikenellaceae;g__Alistipes;s__Alistipes_obesi	-0.013360379709	0.0534978236384	-0.0661010531991	-0.00927710435864	-0.0332472730435	-0.0583310895908	-0.0341753785214	0.0168965018404	-0.0101624114723	0.0711003344582	0.101427991612	0.0273045994726	0.00448478736138	1.0	-0.00905071709212	-0.0180807899107	-0.0136812275031	-0.0533602927712	0.075836736487	0.0757785833346	-0.047700902168	0.00382282803293	0.00662357934554	-0.0723307079781	-0.0255828152431	-0.0973890169775	0.0466842475726	-0.0509628858203	0.00427811728159	0.0508613583128	-0.0569155460423	0.00495309141564	0.0172982132189	-0.000337010039701	-0.00171466673024	-0.0083573506438	-0.0270900104951	-0.0431849895271	-0.0330253464711	-0.116261147259	-0.0286831948232	-0.0110632513713	0.054713493256	-0.0217372971485	0.0554937626521	0.0262383294632	-0.0757403824351	-0.0333280331423	-0.0103977986361	0.0418925159337	-0.00955052316569	0.0175504253431	-0.0148269248345	-0.0297360411465	-0.0274862730329	-0.0155235697542	-0.00840381388147	0.0305879869086	0.00621140010328
k__Bacteria;p__Firmicutes;c__Clostridia;o__Clostridiales;f__Lachnospiraceae;g__;s__[Eubacterium]_rectale	-0.015226190449	0.0396416503624	0.0230980490462	-0.034585610195	0.017721243279	0.00190208071423	-0.00841985098311	0.0112769299632	-0.00977593946312	-0.00751792208451	0.00512535165796	-0.00163593199588	0.00022218576812	-0.00905071709212	1.0	0.0164207014424	0.0492891541636	-0.0600126439695	-0.03514037832	-0.0174501001285	-0.0220090398332	0.0162356423231	0.0211585616912	0.0619377250921	-0.0713581957501	0.0236093108719	0.0508610278543	-0.0227832812401	-0.0448323378759	0.00583953593405	-0.0407425408323	0.0173055822379	-0.00221117249499	-0.00675755209203	0.0356758694333	0.0281470921996	-0.073477785149	0.0267003876376	-0.0891742704467	-0.0547366491428	-0.0568891921119	-0.0460977075688	0.017684263032	0.0742479064371	0.0837720422522	-0.0130953620919	-0.040553969415	-0.030231833184	-0.0174476860066	-0.0358470659833	-0.115115590514	-0.000350198378946	-0.0441499517265	-0.0327470152611	0.0206318968966	-0.0537514666229	0.0324936334393	-0.104256143666	0.0328434260246
k__Bacteria;p__Bacteroidetes;c__Bacteroidia;o__Bacteroidales;f__Bacteroidaceae;g__Bacteroides;s__Bacteroides_plebeius	0.00413470496455	0.0335595973696	0.0162744346248	-0.00292953302148	-0.0543333665102	-0.0414388883285	-0.0428708490986	-0.0506647838692	0.0448161690124	-0.0557372530802	0.0853162059361	0.0566878680294	-0.0238765287872	-0.0180807899107	0.0164207014424	1.0	0.0120332950349	-0.0902097960225	-0.0462756867564	-0.022466787303	-0.0730641969895	-0.0118983163536	0.0155147678079	-0.0372451266139	0.0865498324035	0.0242300393432	-0.0481487086461	0.0464984058858	0.00277418269769	0.028557315538	-0.0341228099239	-0.0113021148348	-0.0257133235978	0.00374938537159	-0.0412543531112	0.0403920417464	-0.0483713116193	0.095545045584	-0.0656501260347	0.0347178707053	-0.068812421957	-0.0852535900846	-0.0135801928377	0.00551165734606	-0.0630804993974	0.00420381618478	-0.018643460044	0.013085689182	0.0345875157028	0.0299791134898	0.0042189002087	-0.0565007997237	-0.0426457348475	-0.000573849361952	-0.0267524859888	0.0261905782658	0.0033589835948	0.00582611802884	0.0754000608107
k__Bacteria;p__Bacteroidetes;c__Bacteroidia;o__Bacteroidales;f__Bacteroidaceae;g__Bacteroides;s__Bacteroides_fragilis	0.0215486649499	-0.0393342242915	-0.0082169357702	0.0360393765648	-0.0347588344151	-0.0577565448498	0.0374838953992	0.0154035407851	-0.0324569552526	0.00749144773419	0.0609642772461	0.00754397624926	-0.0384355272424	-0.0136812275031	0.0492891541636	0.0120332950349	1.0	-0.0367988652199	-0.0254516808266	-0.0117191533929	-0.0251499709969	0.00671595770773	-0.0377903467931	0.0049087637516	-0.0105149670035	0.0186200579781	0.034431772114	0.0064644837491	0.0254636149647	-0.00185786164035	0.0649110368522	0.0281252032045	0.01476578503	-0.0336360891553	0.0569960534114	-0.0871708161688	-0.0114700815367	0.00311473854191	-0.0525406713197	-0.0669389460069	0.104072289341	-0.0776754844946	0.0271179552808	-0.0720916610554	-0.0935674818463	-0.0649589506287	0.0310266693959	-0.102060907933	-0.0193665565524	-0.0281188175881	-0.0440583533201	-0.0844599774423	-0.0569859597812	0.0226293178396	-0.0267794947286	0.022149994479	-0.0446882094587	0.0068636980411	-0.0431032661031
k__Bacteria;p__Proteobacteria;c__Betaproteobacteria;o__Burkholderiales;f__Sutterellaceae;g__Sutterella;s__Sutterella_wadsworthensis	-0.0286413286071	-0.0365932052682	-0.0309625718339	0.0177582971274	0.0573773537725	0.00205942007729	0.0879233723888	-0.0315700598289	-0.0581480764256	0.0480022288896	-0.0627718512228	-0.0335563590995	-0.0290848914397	-0.0533602927712	-0.0600126439695	-0.0902097960225	-0.0367988652199	1.0	0.0721518323448	0.0100089357272	-0.0295876935049	-0.045296584991	-0.0669481792657	0.0565009921605	0.0177066598988	0.0168901240629	0.0353146023261	-0.106502253405	-0.0430565624451	0.0665321312816	-0.0632888943197	0.0164162933159	0.0217625897758	0.0518398560078	-0.0113501624911	-0.030862365481	-0.00887774398006	-0.0707018265423	-0.0563077383135	-0.0150994516049	0.0468344900718	0.0735642207304	-0.100726594428	-0.0459586031774	0.0366246062527	0.057508651991	-0.0713006462286	0.0476232564745	-0.0019356201567	0.0120722982398	-0.000949887213765	-0.0546550500677	0.0457737835375	0.0132957286288	-0.0747556766163	-0.0285265293505	0.0517073694344	0.01223609234	-0.0639875892106
k__Bacteria;p__Bacteroidetes;c__Bacteroidia;o__Bacteroidales;f__Porphyromonadaceae;g__Barnesiella;s__Barnesiella_intestinihominis	0.0384748163436	0.0184598158222	-0.0473713435895	-0.0519413324921	-0.0465085695344	-0.00778501159426	-0.0128918652492	-0.00870537157866	-0.0216690507023	-0.0586823166557	-0.0220073248692	-0.0904871023308	-0.00612595130672	0.075836736487	-0.03514037832	-0.0462756867564	-0.0254516808266	0.0721518323448	1.0	-0.0707405747221	0.0469444430806	0.0157542656671	-0.0546610650043	0.00343544208295	-0.136393057796	-0.0215023454771	0.0169634307365	-0.03920326876	0.0103411881642	-0.0290022132018	0.0135992482825	-0.0449008617713	-0.0444801136917	0.0842131556696	0.0195975647573	0.0175341100562	0.0135058728966	-0.0173469921294	-0.053350934881	-0.0238027723679	-0.0607130427586	0.0406739825043	0.0235363568927	-0.0214588287917	-0.0278940197937	0.046156775834	-0.0402987899789	-0.0465327058392	0.042509989336	-0.0703271961259	-0.0203209686673	0.0316075305276	-0.00357330975583	0.0151302354107	0.015539107282	-0.0331452280868	0.0344163980909	0.0160350319448	-0.0195469757381
k__Bacteria;p__Bacteroidetes;c__Bacteroidia;o__Bacteroidales;f__Odoribacteraceae;g__Odoribacter;s__Odoribacter_splanchnicus	0.0224217109439	-0.0357132314687	-0.0186018984746	-0.018014111651	-0.0482326736654	0.0478214842785	-0.0586378017383	0.00351791165472	-0.0186840994594	-0.0426961170542	0.00167044825903	-0.0395678509744	-0.0344176882015	0.0757785833346	-0.0174501001285	-0.022466787303	-0.0117191533929	0.0100089357272	-0.0707405747221	1.0	-0.0454096665605	0.00343584711165	-0.0360586001633	0.0822008536721	-0.0681093613908	0.00151669334919	-0.0114298613907	0.0348793632989	-0.000474764233653	-0.028725399624	-0.0631302474163	-0.016663338132	-0.0282799087537	-0.037220907037	-0.0284967146057	-0.00722346123773	0.0161232864823	0.000973358881141	-0.00174873621546	-0.0131642682257	-0.0489428321456	-0.0715167996333	-0.0174785412948	0.0147888719252	-0.0919623326118	0.0302021263147	-0.0398273523453	0.0351997042228	0.00628856720342	-0.0317553548118	0.0147363160842	-0.02297529416	-0.0376273322234	0.0692562726207	0.00408800491028	0.027005063226	0.0147609357431	-0.0322953287262	0.0186753802503
k__Bacteria;p__Bacteroidetes;c__Bacteroidia;o__Bacteroidales;f__Bacteroidaceae;g__Bacteroides;s__Bacteroides_salyersiae	-0.0158424063703	0.0206754813619	0.0402619229719	-0.00220772600288	0.0313465916003	-0.0468797659171	-0.0899497982716	-0.0627940785274	0.00603884230267	-0.037032120934	-0.00152108819539	0.0626270127688	-0.00695256078632	-0.047700902168	-0.0220090398332	-0.0730641969895	-0.0251499709969	-0.0295876935049	0.0469444430806	-0.0454096665605	1.0	0.0436499623894	0.0433922960314	-0.0167122797873	0.0326998347129	-0.00506345670973	-0.0208217930222	-0.038502458413	-0.0187946939153	-0.0208186962802	-0.0059510076847	0.0204529222072	-0.0129626925879	-0.0822258223132	0.044231356392	0.0541594617716	-0.0510930690363	-0.0493518981997	-0.0263980413944	-0.0450869029516	0.00767882005781	-0.0812671941413	-0.0697947851447	-0.0395494310998	0.0298071205239	-0.0750938156158	-0.0347231697705	-0.0032230782101	-0.0458134682288	0.0414891907498	-0.0524217608087	0.00594756471209	0.0673918900073	-0.0715139683319	0.0484134064797	0.0210438463056	0.0454567143238	-0.0825213403545	0.0134594160509
k__Bacteria;p__Firmicutes;c__Clostridia;o__Clostridiales;f__Ruminococcaceae;g__Ruminiclostridium;s__[Eubacterium]_siraeum	0.00341199080948	-0.00824950317257	-0.039043615017	-0.0951780663852	-0.00245008281529	0.0160259213219	-0.00160919011909	0.0219320042119	0.0333702532538	0.00703736305918	-0.0697901261326	-0.00263150243954	-0.0758127281444	0.00382282803293	0.0162356423231	-0.0118983163536	0.00671595770773	-0.045296584991	0.0157542656671	0.00343584711165	0.0436499623894	1.0	0.0100184767829	-0.0322353534998	-0.0890560502148	0.0329584193045	-0.052677685417	-0.0602004709422	0.00464555678167	-0.0391118223333	-0.0415597970211	0.0237306087044	-0.104737122619	0.0586120267891	-0.0739535922724	-0.0712184625602	-0.0136452846492	0.0900533665669	-0.0376541532739	-0.0860994741507	-0.0245991546283	0.00452265538437	-0.1133720262	0.00945604446312	-0.0226044771497	0.064590960671	0.0254184910897	0.119580425244	-0.0205234730217	0.0137058529098	-0.0351562578186	-0.103854814816	-0.067855498181	0.0373620868862	-0.0294017444289	-0.00196745356853	0.000252997090756	-0.0387510964822	-0.0449578693732
k__Bacteria;p__Proteobacteria;c__Betaproteobacteria;o__Burkholderiales;f__Sutterellaceae;g__Parasutterella;s__Parasutterella_excrementihominis	-0.0118148480817	-0.0981433717774	0.026076109395	-0.00944302607598	-0.048444625188	-0.0770924304105	-0.0519373327847	-0.0139828522592	-0.0222943822761	0.0378996934964	-0.040285501512	0.00116881423259	0.00261678817459	0.00662357934554	0.0211585616912	0.0155147678079	-0.0377903467931	-0.0669481792657	-0.0546610650043	-0.0360586001633	0.0433922960314	0.0100184767829	1.0	0.012095734015	0.00396949958163	0.0418946775655	-0.0110965570923	-0.0857246926159	0.0123211863912	-0.0855452207363	0.00646580427041	0.0135574612074	-0.082434353201	-0.0262892772734	-0.0395046620026	-0.0200427433046	-0.0217473536802	0.0102874952227	0.0690723668138	0.00338865952407	0.0119311576949	0.0673973854216	0.0192969901995	0.0051620750353	-0.043473400437	-0.0695218903359	-0.135787376069	0.0464931936287	0.0167959637833	-0.0412056068864	0.000441464466376	-0.0265268912976	-0.0187177240377	-0.0464697766771	0.0400844966649	-0.0103920805962	0.0192573687008	-0.00734087416525	0.0427962905689
k__Bacteria;p__Actinobacteria;c__Actinobacteria;o__Bifidobacteriales;f__Bifidobacteriaceae;g__Bifidobacterium;s__Bifidobacterium_adolescentis	-0.0722988884818	0.0256762925345	0.0085942282758	0.0131726135783	0.0198260651738	-0.068392922955	0.0273080724321	-0.100623329614	-0.0893660360949	0.0847801352697	0.00199123586379	-0.0675472472986	-0.0287436479505	-0.0723307079781	0.0619377250921	-0.0372451266139	0.0049087637516	0.0565009921605	0.00343544208295	0.0822008536721	-0.0167122797873	-0.0322353534998	0.012095734015	1.0	-0.0479606878503	0.0327287163053	-0.0932162210239	0.000560409988411	-0.038994947313	-0.0521408453071	0.0038395556059	-0.0222102605865	0.0201905901549	0.00471448816987	0.0963149842964	0.00140260590509	-0.0434601510019	0.0663729718569	-0.00473094173819	-0.0470694086171	-0.0129306152931	-0.00620287613743	-0.0426297200766	-0.0431443433301	-0.0429438385785	0.0417733243028	0.0877585612136	0.0484190367251	-0.0473546738087	0.0556232645344	0.040508214634	-0.0209728442884	0.0137655201663	-0.0510631566066	-0.0135017820505	0.0130076678522	-0.0808070252241	-0.0557431577193	-0.0269468139712
k__Bacteria;p__Firmicutes;c__Clostridia;o__Clostridiales;f__Oscillospiraceae;g__Oscillibacter;s__Oscillibacter_sp._KLE_1745	-0.0656962415066	-0.00470388153234	0.00509465648317	0.0511830168311	0.0380130580668	0.0140389017452	0.00830889892047	0.0341156759698	0.0252783926101	0.0265337674053	-0.0245085259987	0.0105783953556	0.0566427143884	-0.0255828152431	-0.0713581957501	0.0865498324035	-0.0105149670035	0.0177066598988	-0.136393057796	-0.0681093613908	0.0326998347129	-0.0890560502148	0.00396949958163	-0.0479606878503	1.0	-0.0237800405356	-0.00614230030015	-0.00619656961557	-0.0992449728831	-0.0662330852522	-0.0810315017272	0.0821679287421	-0.00706305880329	-0.0654005378681	-0.123394913944	0.0131899676237	0.0705415186241	0.0309599980198	0.00242694989452	-0.0555982201329	-0.0505565608408	0.0320270262026	-0.0300076878254	0.0392219021946	0.0301368086345	-0.034310934721	0.0101876162991	-0.0837795973761	0.036475088893	-0.0207383139574	-0.0560750922736	-0.0354080802808	-0.0773064783005	0.0238604569575	-0.0152114307162	-0.0160524327436	0.0015415477534	-0.0153289656001	-0.0529624792288
k__Bacteria;p__Bacteroidetes;c__Bacteroidia;o__Bacteroidales;f__Bacteroidaceae;g__Bacteroides;s__Bacteroides_coprophilus	-0.0430745136548	-0.0913476723576	-0.0275704010752	-0.0227037939393	0.0232572551009	-0.0724252463515	0.014414413439	0.0281737100031	-0.00894802280746	0.0148678269819	-0.089687937398	-0.00946165362983	-0.0285849328766	-0.0973890169775	0.0236093108719	0.0242300393432	0.0186200579781	0.0168901240629	-0.0215023454771	0.00151669334919	-0.00506345670973	0.0329584193045	0.0418946775655	0.0327287163053	-0.0237800405356	1.0	0.00806049870129	0.00275216498169	0.0126673094645	-0.067433481327	0.00269858928678	-0.00449118299718	-0.0343556416988	0.0926718543138	0.0196437310041	-0.00958760664613	0.0231686778766	-0.044131724166	0.0423734618251	-0.0563923108906	0.00166212631508	-0.0140965223904	0.0190607797262	-0.00959409944615	-0.0378521778737	-0.103222219764	-0.0489280504798	0.0302999713465	-0.0347248510987	-0.0103960020395	0.0517131740205	-0.017606301071	0.00524335066484	-0.0845736335391	0.0467168370919	-0.0305604933657	-0.0870876832901	0.063401503982	-0.00178714788767
k__Bacteria;p__Firmicutes;c__Clostridia;o__Clostridiales;f__Lachnospiraceae;g__Roseburia;s__Roseburia_intestinalis	-0.0575427318593	-0.0390828773543	0.0122201198083	-0.0173301775997	0.0298180205344	-0.0104826611836	-0.00478096764828	0.063627932264	-0.0259259618048	0.0246667217934	-0.00775197354495	0.0709544013263	-0.0204071220855	0.0466842475726	0.0508610278543	-0.0481487086461	0.034431772114	0.0353146023261	0.0169634307365	-0.0114298613907	-0.0208217930222	-0.052677685417	-0.0110965570923	-0.0932162210239	-0.00614230030015	0.00806049870129	1.0	-0.0520529661908	0.034433890708	-0.0112961093042	-0.0180571507649	0.0419490559375	0.0342118575008	0.000831258687316	0.00122135592587	-0.03402644343	0.0242066997438	-0.0362705758868	-0.0314407149497	-0.0431564560467	0.00558938390582	0.0090718740792	-0.061129288199	-0.0152274741581	0.0283872204525	-0.0136058152518	0.0300488222213	0.00518614385038	0.0262963610422	-0.0372228444911	0.00115742880301	-0.062847712714	-0.0922757496452	0.0191375324063	-0.054799455935	-0.111402480275	-0.0244290764091	0.0133498332111	-0.0368166756559
k__Bacteria;p__Firmicutes;c__Clostridia;o__Clostridiales;f__Lachnospiraceae;g__Roseburia;s__Roseburia_hominis	0.00284904568332	0.0477124102767	0.00538610642053	0.0346808502332	0.0126952469465	-0.0958551199509	-0.0228483559485	-0.0140915275497	-0.00142524679557	-0.031804730708	-0.0334670259249	0.00132315389222	-0.0687127420621	-0.0509628858203	-0.0227832812401	0.0464984058858	0.0064644837491	-0.106502253405	-0.03920326876	0.0348793632989	-0.038502458413	-0.0602004709422	-0.0857246926159	0.000560409988411	-0.00619656961557	0.00275216498169	-0.0520529661908	1.0	-0.0117551099814	0.0240665906755	0.00068485851214	0.0151699149697	-0.0437192228072	-0.0124585913794	0.0436863309684	-0.0124903409068	-0.0350118486271	-0.0161857741971	-0.0227188002905	-0.0787271494508	-0.000379719663618	0.00287081411915	-0.0404605562703	0.0465806688794	-0.00827964187672	-0.0797199415338	0.0113027424845	-0.0420091116778	0.0579858660717	-0.0601470847426	-0.0123111845302	-0.0195359739933	-0.0751672066429	0.00137703894344	-0.03288818667	-0.00305480582115	0.0107763110572	-0.0486804852889	0.0130766945365
k__Bacteria;p__Bacteroidetes;c__Bacteroidia;o__Bacteroidales;f__Porphyromonadaceae;g__Parabacteroides;s__Parabacteroides_johnsonii	-0.0160419691659	-0.0296243267851	-0.0292568358801	-0.0477013347958	0.0085076709759	-0.0536275533278	0.0531673022892	0.0614310061856	-0.00503085609509	-0.0448834960868	0.0202800083136	-0.0889724609358	-0.0198482001164	0.00427811728159	-0.0448323378759	0.00277418269769	0.0254636149647	-0.0430565624451	0.0103411881642	-0.000474764233653	-0.0187946939153	0.00464555678167	0.0123211863912	-0.038994947313	-0.0992449728831	0.0126673094645	0.034433890708	-0.0117551099814	1.0	0.0302355318288	0.0451356515478	0.00635250742436	-0.0501899510082	-0.0770826245431	0.049358176683	-0.0637090807989	-0.024180557166	0.0216961799022	-0.0376078996082	0.0384593668649	-0.0275026219595	0.00587537671015	-0.0144568540547	-0.0238585312448	-0.0842660294271	0.0783010924613	-0.076493178658	0.000496732822208	-0.0233332773353	-0.0463442070365	-0.10937027313	0.0545114374678	-0.000705664362787	0.0034273812087	-0.0292588532044	0.0250360875744	-0.0566017123624	-0.0573996579108	-0.00380737031219
k__Bacteria;p__Actinobacteria;c__Actinobacteria;o__Bifidobacteriales;f__Bifidobacteriaceae;g__Bifidobacterium;s__Bifidobacterium_longum	-0.023245749823	-0.006504082908	0.013752612659	-0.0397569282688	-0.0840646816258	0.0723232957825	-0.0800244567646	0.0427194678177	0.0557943158257	0.0100616879755	0.0433801360012	0.0202121468661	0.0418283745732	0.0508613583128	0.00583953593405	0.028557315538	-0.00185786164035	0.0665321312816	-0.0290022132018	-0.028725399624	-0.0208186962802	-0.0391118223333	-0.0855452207363	-0.0521408453071	-0.0662330852522	-0.067433481327	-0.0112961093042	0.0240665906755	0.0302355318288	1.0	-0.0280471163576	-0.122319908236	0.0508675092734	0.0488385376018	0.0502917598219	0.00197171811733	-0.0927050525159	-0.0254320882984	-0.0260882561393	-0.0269261537359	-0.0124382788042	0.000542800896411	-0.0872927481392	-0.0186429330779	0.0455877508104	0.050450441213	-0.0253317231085	-0.00206031246335	-0.042392109868	0.0191431253473	-0.00639635368203	-0.0823589506938	0.00184373517522	0.0209496732882	-0.00330343518343	-0.0332775744296	-0.0441958055766	0.0219042423762	0.0458221170164
