#taxonomy	k__Bacteria;p__Bacteroidetes;c__Bacteroidia;o__Bacteroidales;f__Bacteroidaceae;g__Bacteroides;s__Bacteroides_vulgatus	k__Bacteria;p__Bacteroidetes;c__Bacteroidia;o__Bacteroidales;f__Bacteroidaceae;g__Bacteroides;s__Bacteroides_uniformis	k__Bacteria;p__Bacteroidetes;c__Bacteroidia;o__Bacteroidales;f__Rikenellaceae;g__Alistipes;s__Alistipes_putredinis	k__Bacteria;p__Bacteroidetes;c__Bacteroidia;o__Bacteroidales;f__Prevotellaceae;g__Prevotella;s__Prevotella_copri	k__Bacteria;p__Bacteroidetes;c__Bacteroidia;o__Bacteroidales;f__Bacteroidaceae;g__Bacteroides;s__Bacteroides_stercoris	k__Bacteria;p__Bacteroidetes;c__Bacteroidia;o__Bacteroidales;f__Bacteroidaceae;g__Bacteroides;s__Bacteroides_ovatus	k__Bacteria;p__Bacteroidetes;c__Bacteroidia;o__Bacteroidales;f__Rikenellaceae;g__Alistipes;s__Alistipes_shahii	k__Bacteria;p__Firmicutes;c__Clostridia;o__Clostridiales;f__Ruminococcaceae;g__Faecalibacterium;s__Faecalibacterium_prausnitzii	k__Bacteria;p__Bacteroidetes;c__Bacteroidia;o__Bacteroidales;f__Rikenellaceae;g__Alistipes;s__Alistipes_finegoldii	k__Bacteria;p__Bacteroidetes;c__Bacteroidia;o__Bacteroidales;f__Porphyromonadaceae;g__Parabacteroides;s__Parabacteroides_distasonis	k__Bacteria;p__Bacteroidetes;c__Bacteroidia;o__Bacteroidales;f__Bacteroidaceae;g__Bacteroides;s__Bacteroides_thetaiotaomicron	k__Bacteria;p__Bacteroidetes;c__Bacteroidia;o__Bacteroidales;f__Bacteroidaceae;g__Bacteroides;s__Bacteroides_coprocola	k__Bacteria;p__Bacteroidetes;c__Bacteroidia;o__Bacteroidales;f__Bacteroidaceae;g__Bacteroides;s__Bacteroides_cellulosilyticus	k__Bacteria;p__Bacteroidetes;c__Bacteroidia;o__Bacteroidales;f__Rikenellaceae;g__Alistipes;s__Alistipes_obesi	k__Bacteria;p__Firmicutes;c__Clostridia;o__Clostridiales;f__Lachnospiraceae;g__;s__[Eubacterium]_rectale	k__Bacteria;p__Bacteroidetes;c__Bacteroidia;o__Bacteroidales;f__Bacteroidaceae;g__Bacteroides;s__Bacteroides_plebeius	k__Bacteria;p__Bacteroidetes;c__Bacteroidia;o__Bacteroidales;f__Bacteroidaceae;g__Bacteroides;s__Bacteroides_fragilis	k__Bacteria;p__Proteobacteria;c__Betaproteobacteria;o__Burkholderiales;f__Sutterellaceae;g__Sutterella;s__Sutterella_wadsworthensis	k__Bacteria;p__Bacteroidetes;c__Bacteroidia;o__Bacteroidales;f__Porphyromonadaceae;g__Barnesiella;s__Barnesiella_intestinihominis	k__Bacteria;p__Bacteroidetes;c__Bacteroidia;o__Bacteroidales;f__Odoribacteraceae;g__Odoribacter;s__Odoribacter_splanchnicus	k__Bacteria;p__Bacteroidetes;c__Bacteroidia;o__Bacteroidales;f__Bacteroidaceae;g__Bacteroides;s__Bacteroides_salyersiae	k__Bacteria;p__Firmicutes;c__Clostridia;o__Clostridiales;f__Ruminococcaceae;g__Ruminiclostridium;s__[Eubacterium]_siraeum	k__Bacteria;p__Proteobacteria;c__Betaproteobacteria;o__Burkholderiales;f__Sutterellaceae;g__Parasutterella;s__Parasutterella_excrementihominis	k__Bacteria;p__Actinobacteria;c__Actinobacteria;o__Bifidobacteriales;f__Bifidobacteriaceae;g__Bifidobacterium;s__Bifidobacterium_adolescentis	k__Bacteria;p__Firmicutes;c__Clostridia;o__Clostridiales;f__Oscillospiraceae;g__Oscillibacter;s__Oscillibacter_sp._KLE_1745	k__Bacteria;p__Bacteroidetes;c__Bacteroidia;o__Bacteroidales;f__Bacteroidaceae;g__Bacteroides;s__Bacteroides_coprophilus	k__Bacteria;p__Firmicutes;c__Clostridia;o__Clostridiales;f__Lachnospiraceae;g__Roseburia;s__Roseburia_intestinalis	k__Bacteria;p__Firmicutes;c__Clostridia;o__Clostridiales;f__Lachnospiraceae;g__Roseburia;s__Roseburia_hominis	k__Bacteria;p__Bacteroidetes;c__Bacteroidia;o__Bacteroidales;f__Porphyromonadaceae;g__Parabacteroides;s__Parabacteroides_johnsonii	k__Bacteria;p__Actinobacteria;c__Actinobacteria;o__Bifidobacteriales;f__Bifidobacteriaceae;g__Bifidobacterium;s__Bifidobacterium_longum	k__Bacteria;p__Firmicutes;c__Clostridia;o__Clostridiales;f__;g__Flavonifractor;s__Flavonifractor_plautii	k__Bacteria;p__Firmicutes;c__Clostridia;o__Clostridiales;f__Clostridiaceae;g__Clostridium;s__Clostridium_phoceensis	k__Bacteria;p__Verrucomicrobia;c__Verrucomicrobiae;o__Verrucomicrobiales;f__Akkermansiaceae;g__Akkermansia;s__Akkermansia_muciniphila	k__Bacteria;p__Bacteroidetes;c__Bacteroidia;o__Bacteroidales;f__Prevotellaceae;g__Paraprevotella;s__Paraprevotella_xylaniphila	k__Bacteria;p__Firmicutes;c__Clostridia;o__Clostridiales;f__Ruminococcaceae;g__Ruminococcus;s__Ruminococcus_callidus	k__Bacteria;p__Bacteroidetes;c__Bacteroidia;o__Bacteroidales;f__Rikenellaceae;g__Alistipes;s__Alistipes_senegalensis	k__Bacteria;p__Firmicutes;c__Clostridia;o__Clostridiales;f__Lachnospiraceae;g__Blautia;s__Blautia_sp._KLE_1732	k__Bacteria;p__Bacteroidetes;c__Bacteroidia;o__Bacteroidales;f__Bacteroidaceae;g__Bacteroides;s__Bacteroides_oleiciplenus	k__Bacteria;p__Firmicutes;c__Clostridia;o__Clostridiales;f__Ruminococcaceae;g__Ruminococcus;s__Ruminococcus_bicirculans	k__Bacteria;p__Bacteroidetes;c__Bacteroidia;o__Bacteroidales;f__Bacteroidaceae;g__Bacteroides;s__Bacteroides_fluxus	k__Bacteria;p__Bacteroidetes;c__Bacteroidia;o__Bacteroidales;f__Prevotellaceae;g__Prevotella;s__Prevotella_stercorea	k__Bacteria;p__Firmicutes;c__Clostridia;o__Clostridiales;f__Lachnospiraceae;g__Dorea;s__Dorea_longicatena	k__Bacteria;p__Firmicutes;c__Clostridia;o__Clostridiales;f__Eubacteriaceae;g__Eubacterium;s__[Eubacterium]_eligens	k__Bacteria;p__Firmicutes;c__Clostridia;o__Clostridiales;f__Ruminococcaceae;g__;s__Ruminococcaceae_bacterium_D16	k__Bacteria;p__Firmicutes;c__Clostridia;o__Clostridiales;f__Lachnospiraceae;g__Coprococcus;s__Coprococcus_comes	k__Bacteria;p__Proteobacteria;c__Gammaproteobacteria;o__Enterobacterales;f__Enterobacteriaceae;g__Escherichia;s__Escherichia_coli	k__Bacteria;p__Firmicutes;c__Clostridia;o__Clostridiales;f__Ruminococcaceae;g__Anaerotruncus;s__Anaerotruncus_colihominis	k__Bacteria;p__Firmicutes;c__Clostridia;o__Clostridiales;f__Lachnospiraceae;g__Blautia;s__Blautia_obeum	k__Bacteria;p__Bacteroidetes;c__Bacteroidia;o__Bacteroidales;f__Odoribacteraceae;g__Odoribacter;s__Odoribacter_laneus	k__Bacteria;p__Firmicutes;c__Clostridia;o__Clostridiales;f__Ruminococcaceae;g__Ruminiclostridium;s__[Clostridium]_leptum	k__Bacteria;p__Bacteroidetes;c__Bacteroidia;o__Bacteroidales;f__Porphyromonadaceae;g__Parabacteroides;s__Parabacteroides_goldsteinii	k__Bacteria;p__Firmicutes;c__Clostridia;o__Clostridiales;f__Lachnospiraceae;g__Anaerostipes;s__Anaerostipes_hadrus	k__Bacteria;p__Firmicutes;c__Clostridia;o__Clostridiales;f__Ruminococcaceae;g__Ruminococcus;s__Ruminococcus_lactaris	k__Bacteria;p__Firmicutes;c__Clostridia;o__Clostridiales;f__Clostridiaceae;g__Clostridium;s__Clostridium_sp._L2-50	k__Bacteria;p__Firmicutes;c__Clostridia;o__Clostridiales;f__Clostridiaceae;g__Clostridium;s__Clostridium_sp._M62/1	k__Bacteria;p__Firmicutes;c__Clostridia;o__Clostridiales;f__;g__Intestinimonas;s__Intestinimonas_butyriciproducens	k__Bacteria;p__Actinobacteria;c__Actinobacteria;o__Bifidobacteriales;f__Bifidobacteriaceae;g__Bifidobacterium;s__Bifidobacterium_bifidum	k__Bacteria;p__Firmicutes;c__Negativicutes;o__Veillonellales;f__Veillonellaceae;g__Dialister;s__Dialister_invisus	k__Bacteria;p__Bacteroidetes;c__Bacteroidia;o__Bacteroidales;f__Bacteroidaceae;g__Bacteroides;s__Bacteroides_salanitronis
k__Bacteria;p__Bacteroidetes;c__Bacteroidia;o__Bacteroidales;f__Bacteroidaceae;g__Bacteroides;s__Bacteroides_vulgatus	1.0	0.00565042839814	0.0811236546028	-0.01149619386	-0.017171946787	-0.0462607190964	-0.088491995414	-0.032712547061	0.00843663549071	-0.089732444935	-0.0109153818634	0.0548614155083	0.00735029197617	0.00799488388794	0.0203961608534	0.00448440946774	-0.0282228363944	-0.0680850327876	-0.0284190960029	-0.0803174873271	-0.0343355216368	0.0163511550566	-0.0116597962343	-0.0222524737752	-0.00878023487123	-0.0258258814013	0.0149605841115	-0.0030199260357	0.00896777133965	-0.0400159376127	-0.0302105575898	-0.0474860880797	0.0293308636013	0.00192995889251	0.0198428056445	-0.0612223047989	0.0373951312956	0.0424182263303	0.00551697604464	0.00468251116215	0.00617279995127	-0.0836432056652	-0.00400241760215	-0.00018315195514	-0.0509932412781	-0.0283252805451	-0.065017283258	0.0295268504533	-0.0258941600651	-0.0372157084959	-0.0181003629707	0.0149490458291	-0.0187052522424	-0.0595743428003	-0.0375555572709	-0.0378211201341	-0.0401998442172	0.00366962840692	-0.0486935510317
k__Bacteria;p__Bacteroidetes;c__Bacteroidia;o__Bacteroidales;f__Bacteroidaceae;g__Bacteroides;s__Bacteroides_uniformis	0.00565042839814	1.0	0.0392251258271	0.000810677797569	-0.0868292650676	-0.0200859205067	-0.0163158917735	-0.0635967155197	-0.0227022199727	0.0319438844994	0.0522722275511	-0.0390188070445	-0.0184939557916	0.0135273159945	-0.0208762694966	-0.0538222203277	-0.0265695283138	-0.0205713584307	0.038141552355	0.00726834630258	-0.0701426061974	-0.0460774873868	0.0151500950348	0.00294732193706	0.0261029201	-0.0382752229993	-0.0118017020232	0.00457600118828	-0.0852052630012	-0.0202492786505	0.0749626282859	-0.0158229511988	0.0185290631609	0.0440590636761	-0.0245783316955	-0.0503098873808	-0.0181774745107	-0.00113640256258	-0.0136308508909	-0.0591553580692	-0.071260423099	-0.00376526409781	0.0749369053015	0.0279563088232	-0.0176171159269	-0.063862829053	-0.0428281341413	-0.0882532915982	-0.0187434298512	0.0150849652324	0.00453183187709	0.00606920971339	0.028363215254	-0.0409573134558	-0.0126758784884	-0.00123153058884	0.0383935496623	-0.0346166341576	-0.00315916704059
k__Bacteria;p__Bacteroidetes;c__Bacteroidia;o__Bacteroidales;f__Rikenellaceae;g__Alistipes;s__Alistipes_putredinis	0.0811236546028	0.0392251258271	1.0	-0.0377595177606	-0.0507419015387	0.0414312169638	-0.0626759342806	-0.00861369654193	0.00595444509394	-0.00322325274324	0.00799917799216	-0.0103904053594	-0.100395663785	0.0331044091498	0.0375671074491	0.0202557768423	-0.0765114803806	-0.00314906783726	-0.0325230977324	-0.0496603632461	-0.0432434206	0.0396882432888	-0.0447642121437	-0.00534577206685	0.0958634032086	-0.0832198997918	-0.0245861085963	0.0513414824333	0.029099184265	0.0198142999686	0.0303181227756	-0.0308315062663	0.00481755824239	-0.035495376921	-0.0545336324246	0.0295754022368	-0.058179822672	-0.0691646584091	0.031864875198	0.014845050742	-0.106955555079	0.0502102250325	0.0121433512892	-0.0120275469115	-0.0211581268073	-0.0125539993287	0.035111758152	0.0373314395059	-0.0705434131557	0.0459828246398	-0.0946352531833	-0.0343648838986	-0.00478029153269	0.00659807373347	-0.0361937437014	0.00904121438971	-0.0386481654285	0.000127551425145	0.0382647226129
k__Bacteria;p__Bacteroidetes;c__Bacteroidia;o__Bacteroidales;f__Prevotellaceae;g__Prevotella;s__Prevotella_copri	-0.01149619386	0.000810677797569	-0.0377595177606	1.0	-0.0275609676017	-0.0351263718738	0.0222310181215	0.00907586540586	0.0714073070449	0.00716086352081	-0.0559828851982	-0.0528711680801	-0.0975100218502	0.0453537509588	-0.121683980488	0.000342401214085	0.0459938367738	0.0254045837224	-0.00283268697348	-0.0107262874468	-0.0347490515947	-0.0396860804568	-0.0462352956087	-0.018393163596	0.0163738748374	-0.0575139680273	-0.043464845577	-0.0140077214849	-0.0981900694662	-0.0562713047879	-0.058647496902	0.0175890711546	-0.0556112342923	-0.0517347904103	-0.0515485127021	0.0500539940946	-0.0510031309206	0.002825849038	-0.0143114493491	-0.0168405778473	0.00513207696	-0.0117777839751	0.02908404842	-0.0436525082886	-0.00027599547999	0.0371869440901	0.0262128946912	-0.054399218571	0.0126949388026	0.00329257603087	-0.0568428699361	0.0279252947569	0.0302512586597	-0.0647596848403	-0.032457167388	0.0108603537702	0.0403877496197	-0.0861072658543	0.00155250701118
k__Bacteria;p__Bacteroidetes;c__Bacteroidia;o__Bacteroidales;f__Bacteroidaceae;g__Bacteroides;s__Bacteroides_stercoris	-0.017171946787	-0.0868292650676	-0.0507419015387	-0.0275609676017	1.0	0.0413841885176	-0.0627039589388	-0.0361096347578	-0.0450193502747	-0.00139543954382	-0.028392227022	0.00270056695585	-0.0264240786453	-0.0157745464966	0.0432052443984	0.0385744013074	0.0825747488132	-0.0365968749912	0.0640744980404	0.0187332625946	-0.0416439803569	-0.0129895045538	0.117049621162	0.00917605067489	0.0140749184608	0.0311064941026	-0.0381789852405	-0.0518584494707	-0.00438617455884	-0.0266282465654	-0.0999277445774	0.0564188291113	-0.0858138138129	-0.0140387374395	-0.062197854366	0.045711928288	0.0193904166589	0.0179168575425	-0.125311355507	-0.0772221249343	-0.00698777389539	0.0180772202988	-0.0937863935329	0.0735652452938	-0.0243287766639	0.0364239870641	-0.0475032716672	0.0216662031299	0.0707847302584	0.00753635981237	0.0119757599603	-0.00159995989513	-0.0572973443415	-0.0319973733287	-0.059760128506	0.00839275536903	-0.0353098987666	-0.0108989554024	-0.0446446628563
k__Bacteria;p__Bacteroidetes;c__Bacteroidia;o__Bacteroidales;f__Bacteroidaceae;g__Bacteroides;s__Bacteroides_ovatus	-0.0462607190964	-0.0200859205067	0.0414312169638	-0.0351263718738	0.0413841885176	1.0	0.038638263285	0.060367988742	-0.00543938223455	-0.0524817954513	-0.0345961787375	0.039118856762	0.00387004002636	-0.0143165594864	0.0612778654138	-0.0674918919654	0.0378990827684	0.0210726530977	-0.0204986156375	-0.0135348421777	-0.0293356992288	0.0230360912995	-0.0875546760601	0.097085793157	-0.015881105455	0.0238535370851	-0.0206679749788	-0.0468443720707	0.0637714591909	-0.103983087736	-0.070587313949	0.0418346966357	-0.056411771573	-0.0014302976998	-0.0374982411549	-0.0574102769411	-0.0666837049534	-0.067535383036	-0.0132324661844	-0.0141778430929	0.0311717205728	-0.075016807735	-0.0219572164527	-0.052344532774	0.00499193976059	-0.0404532941599	0.0603642268186	0.00436103095751	-0.0445664560832	-0.0622961734345	-0.00878184971004	0.0474927778542	-0.022696537157	0.0518706251645	-0.0447224898992	-0.0333831113173	0.0159909764651	-0.058003198872	-0.0406878388216
k__Bacteria;p__Bacteroidetes;c__Bacteroidia;o__Bacteroidales;f__Rikenellaceae;g__Alistipes;s__Alistipes_shahii	-0.088491995414	-0.0163158917735	-0.0626759342806	0.0222310181215	-0.0627039589388	0.038638263285	1.0	-0.0572437752298	0.0195829688828	-0.0226911543101	-0.0570842707833	0.0747623120186	0.0828072349773	0.00936315203349	0.00993572366942	0.0143361094722	-0.00247877660539	-0.0539402702727	-0.083121674167	-0.00972418397617	-0.0463367656128	-0.027863395864	-0.0683340716809	-0.00571090029784	-0.0453139976091	0.0708925971287	0.0696709111296	0.0614501458572	-0.0135545467459	-0.0934346148953	0.0551611578052	0.0341506053368	-0.0127548401929	0.00485465824317	-0.0541546365791	-0.0402141244912	-0.00694987731356	-0.0392652117684	-0.0271297374073	-0.0677858918652	-0.00153554548683	-0.104612191986	-0.0506483439596	-0.017544020717	0.0204710346597	-0.0276211269877	-0.00532623864898	-0.00909125028272	-0.0331526930707	-0.000108005735975	0.0913253558342	0.0423326601783	-0.0152004334618	-0.0202400305743	0.0407884898528	-0.0824693775636	-0.0439757656254	-0.022156858782	-0.0562147503204
k__Bacteria;p__Firmicutes;c__Clostridia;o__Clostridiales;f__Ruminococcaceae;g__Faecalibacterium;s__Faecalibacterium_prausnitzii	-0.032712547061	-0.0635967155197	-0.00861369654193	0.00907586540586	-0.0361096347578	0.060367988742	-0.0572437752298	1.0	-0.0702754440371	-0.0328625525487	-0.00886804784152	-0.0153895514226	-0.0395503896498	-0.0165662517376	0.0332724316526	0.00202740235038	-0.0556649724855	-0.158616031799	-0.0670382517129	-0.0115177814419	-0.0413658090709	-0.0263687796678	-0.0382564170643	-0.0356727112528	0.0211548349261	0.0349031857622	0.00781286094352	-0.0125546047289	0.0243878682345	-0.030693590469	0.0346539589194	-0.012026687958	0.0277581217592	-0.0457751010197	-0.0576724732778	0.00627504709237	-0.000499931073076	0.031505444505	-0.0682553635248	-0.0191099219373	0.0146191822916	0.000299271192624	-0.0435543526367	0.00995567028892	-0.0532679170493	-0.0305276001645	0.0860488295023	0.0129435306389	-0.0138788293949	-0.00567273425889	-0.020839153767	-0.051457291583	0.014424978604	-0.031908282396	0.0229464745925	-0.0327549076867	-0.0573686074098	-0.0711031764563	-0.0128541352643
k__Bacteria;p__Bacteroidetes;c__Bacteroidia;o__Bacteroidales;f__Rikenellaceae;g__Alistipes;s__Alistipes_finegoldii	0.00843663549071	-0.0227022199727	0.00595444509394	0.0714073070449	-0.0450193502747	-0.00543938223455	0.0195829688828	-0.0702754440371	1.0	-0.0342911083771	-0.0390063570024	-0.135444793535	0.0468390484966	-0.0311274831991	0.0035423434237	0.0389610998626	-0.0995756266628	-0.0104488756838	-0.0236915085717	0.0803144414856	-0.0124335927466	-0.0392800950211	-0.0466242406116	0.0375102380142	-0.104274759566	-0.0662053382539	0.0446218890847	-0.045846295822	-0.00105820256926	-0.0579322537367	0.0301227165108	-0.023194411928	0.0184790404179	-0.0543523070659	-5.69328165645e-05	-0.0220461635812	0.0307894234156	0.0801200411199	-0.0337677182817	-0.120434625197	0.097515322349	0.00304856216001	-0.00398112341996	0.00782179242268	0.0810508754665	0.0270423955547	0.0628728406516	-0.0804140704843	-0.001015560546	-0.024415921328	0.00776615251783	-0.0560979412976	0.0158260300455	0.0535823686113	0.0312246897167	0.0507869629127	0.0268796832838	-0.087030015197	-0.0383361540174
k__Bacteria;p__Bacteroidetes;c__Bacteroidia;o__Bacteroidales;f__Porphyromonadaceae;g__Parabacteroides;s__Parabacteroides_distasonis	-0.089732444935	0.0319438844994	-0.00322325274324	0.00716086352081	-0.00139543954382	-0.0524817954513	-0.0226911543101	-0.0328625525487	-0.0342911083771	1.0	-0.0401363287273	-0.0453612589119	-0.0546881594263	0.0468448461988	0.0433538327722	-0.0556971988018	0.0236647579779	-0.0140459031629	-0.0144115835024	-0.0152836942281	-0.102953070404	0.00642635516945	-0.0318044631391	-0.0150446655903	0.0821785986203	0.0120260210995	-0.0285997899035	-0.0207673460408	0.00945795859407	-0.0653106064681	0.0284457374754	0.00169169360034	0.00337100476734	0.00436358585488	0.00194705992308	-0.0709510118329	0.0344071037221	-0.0646630404973	0.00666952435909	-0.0119497944908	-0.0409126119189	0.00800761954248	0.021664192526	-0.08808023247	0.0338884302507	-0.0410503022222	0.087259841761	-0.0290632516046	-0.00974812576833	-0.000263699135734	0.00186986189326	-0.0688601956821	-0.00255423485426	-0.0610247923333	-0.0577058636135	0.0179007728082	0.0547335816765	-0.0644741916534	-0.0156188687876
k__Bacteria;p__Bacteroidetes;c__Bacteroidia;o__Bacteroidales;f__Bacteroidaceae;g__Bacteroides;s__Bacteroides_thetaiotaomicron	-0.0109153818634	0.0522722275511	0.00799917799216	-0.0559828851982	-0.028392227022	-0.0345961787375	-0.0570842707833	-0.00886804784152	-0.0390063570024	-0.0401363287273	1.0	-0.0124125511166	-0.0309920795086	0.0204144571085	-0.0494808476688	-0.0179931775203	-0.0416500090455	0.0322329404443	0.0555166400011	0.0339219894455	-0.0340180371636	0.0487415883797	-0.0380768018491	-0.0160191366394	-0.0331614636929	0.0640396561487	-0.0566757446101	-0.0396079767169	0.0283461238485	0.0222631790739	0.0290642454398	-0.00844131815033	-0.07076997889	0.0131662409725	0.0833562138892	-0.0141824463387	0.0492729504335	-0.143311110385	-0.0551977138814	-0.0245628437346	-0.0582955505671	-0.0848803566795	0.0126653771389	-0.0379457402077	0.0165042077812	0.042853149771	-0.0507448613107	-0.035059375563	0.0781268201924	-0.0434442898896	-0.0242616014752	-0.0176505375557	-0.0687421747816	0.00805120276218	-0.0391079568808	0.00214312345873	-0.0371082546658	-0.0165296428366	-0.0318278086394
k__Bacteria;p__Bacteroidetes;c__Bacteroidia;o__Bacteroidales;f__Bacteroidaceae;g__Bacteroides;s__Bacteroides_coprocola	0.0548614155083	-0.0390188070445	-0.0103904053594	-0.0528711680801	0.00270056695585	0.039118856762	0.0747623120186	-0.0153895514226	-0.135444793535	-0.0453612589119	-0.0124125511166	1.0	-0.0610195248742	-0.0849367794122	-0.00379104730247	0.0115785096548	-0.00223003455806	-0.00538383953839	0.0446378334524	0.0180988542164	-0.0264385594178	-0.0586118304593	0.0276359278091	0.0516179176869	-0.0724905242556	-0.00170229928915	0.00611515147952	-0.0463038718856	-0.0816957934888	0.00786077268603	0.0208912674848	-0.103319913584	-0.0747982914159	-0.0351727071853	-0.0530912117924	-0.0368641704968	0.0228830416474	-0.0301267351852	0.0219027728036	-0.113710901827	-0.0305351096839	-0.071807267456	0.0552126907198	0.0457049868717	-0.0459440091682	0.0272300938114	-0.0181991407816	-0.00890991820675	0.00147322953057	-0.0717033837268	0.0687274452002	0.00296932678896	-0.0912802200449	0.0193470712741	0.0243814616668	-0.0125627433491	0.00374756272267	-0.0721197761943	-0.0285025103532
k__Bacteria;p__Bacteroidetes;c__Bacteroidia;o__Bacteroidales;f__Bacteroidaceae;g__Bacteroides;s__Bacteroides_cellulosilyticus	0.00735029197617	-0.0184939557916	-0.100395663785	-0.0975100218502	-0.0264240786453	0.00387004002636	0.0828072349773	-0.0395503896498	0.0468390484966	-0.0546881594263	-0.0309920795086	-0.0610195248742	1.0	0.0107718309689	-0.0216486997871	0.000535777380061	-0.00266695439911	0.00928113832522	-0.0289360162873	-0.00422367025846	-0.0552525472218	0.0680759804965	-0.0102854967017	0.0192565608797	0.0987314557738	-0.0497080659586	-0.00673917573313	0.0395010601879	-0.0411979726736	-0.0455532133389	-0.0831138942432	-0.0155888387904	-0.0764050388461	0.0569796922611	0.0749357577124	-0.077066912631	-0.0918453943756	-0.0451256958706	-0.0199096665413	0.0065578974148	-0.0316575450649	-0.0170155307719	0.0616104551868	0.00842466216013	0.0321230460108	-0.0301342666734	-0.0128736311403	-0.0728313869187	-0.0417005545856	-0.0762658836631	0.00705953729408	-0.0170069599073	-0.0111243224355	0.0462465496606	0.0258574846615	-0.061695303491	0.0378727617559	0.0195184744373	-0.00482987699092
k__Bacteria;p__Bacteroidetes;c__Bacteroidia;o__Bacteroidales;f__Rikenellaceae;g__Alistipes;s__Alistipes_obesi	0.00799488388794	0.0135273159945	0.0331044091498	0.0453537509588	-0.0157745464966	-0.0143165594864	0.00936315203349	-0.0165662517376	-0.0311274831991	0.0468448461988	0.0204144571085	-0.0849367794122	0.0107718309689	1.0	-0.0796177164024	0.00938302973651	0.0165822459283	0.0351421249521	0.010656024626	-0.0322525482638	-0.0527623644496	-0.0418108284302	-0.0941179237422	-0.0438130085202	0.0241738377666	-0.00801972064476	-0.0868530999491	0.0541916981169	-0.00744382284195	0.04612390673	-0.0246867000576	-0.00378757734155	-0.0956557976729	0.0454115457923	0.0159102084557	-0.0597769365864	-0.0528421712042	-0.0180978392779	0.032078609579	0.0683422104809	-0.0967832532405	0.00130912466304	-0.0226730097666	0.0438735582366	-0.108408329035	-0.0298035444664	-0.0182154003699	-0.0692540336822	-0.0311549356609	0.0282391483446	-0.143147394269	-0.0131429739681	0.0669956710795	0.023470658768	-0.0740189335638	-0.00899755261569	-0.045081555928	-0.0148948828229	-0.00788235503154
k__Bacteria;p__Firmicutes;c__Clostridia;o__Clostridiales;f__Lachnospiraceae;g__;s__[Eubacterium]_rectale	0.0203961608534	-0.0208762694966	0.0375671074491	-0.121683980488	0.0432052443984	0.0612778654138	0.00993572366942	0.0332724316526	0.0035423434237	0.0433538327722	-0.0494808476688	-0.00379104730247	-0.0216486997871	-0.0796177164024	1.0	-0.0236574657738	0.0559995088189	0.00645044124072	-0.0803608887823	-0.0391363073741	-0.0159661010884	0.00733921141564	0.121019703787	-0.0299137806789	-0.00565245615281	-0.0674952424541	-0.014125410356	0.0226844363667	0.0120683182578	-0.0697019397526	0.0178482955572	0.0498122669055	0.00972808088536	-0.0459741627203	-0.0256337732516	-0.0662870810199	0.018119892455	0.0236898175061	-0.0703302722189	0.0114394042193	0.0235879768197	-0.0677096652354	-0.0433686992486	-0.00102539927131	0.0226795180994	-0.05519301818	-0.0471139590954	-0.0942500193715	-0.0291221948133	0.026242014856	0.00546896693632	-0.13203934755	0.0208764605691	-0.0464869943816	0.00352399081698	-0.0530560832859	0.0445287610562	0.0154244442416	-0.0039028224884
k__Bacteria;p__Bacteroidetes;c__Bacteroidia;o__Bacteroidales;f__Bacteroidaceae;g__Bacteroides;s__Bacteroides_plebeius	0.00448440946774	-0.0538222203277	0.0202557768423	0.000342401214085	0.0385744013074	-0.0674918919654	0.0143361094722	0.00202740235038	0.0389610998626	-0.0556971988018	-0.0179931775203	0.0115785096548	0.000535777380061	0.00938302973651	-0.0236574657738	1.0	-0.0681925701122	0.0397034905894	0.0927204235243	0.0286677859466	-0.00578763134772	0.0133196655703	-0.0781513037163	-0.0365073356429	-0.019349368889	0.0287489318234	-0.00523327452803	-0.0345532507816	0.0256320320007	0.0244310102541	-0.075456384799	0.0153236020802	-0.0685388209857	-0.0245572279155	-0.0078636323463	0.0190641759146	-0.0349483082043	0.0293609871564	0.0436586643948	-0.009231425743	0.0775118158855	0.0535455752655	-0.0572639230636	-0.022022019261	0.0248936587681	-0.069713239009	-0.0458048277971	0.0269736984769	-0.102921394665	-0.105094355355	-0.106830685777	-0.0601315016027	0.0813970652569	0.0108088358653	-0.00389478842842	-0.0663898846251	-0.096639671911	-0.0505906281981	0.0416543350263
k__Bacteria;p__Bacteroidetes;c__Bacteroidia;o__Bacteroidales;f__Bacteroidaceae;g__Bacteroides;s__Bacteroides_fragilis	-0.0282228363944	-0.0265695283138	-0.0765114803806	0.0459938367738	0.0825747488132	0.0378990827684	-0.00247877660539	-0.0556649724855	-0.0995756266628	0.0236647579779	-0.0416500090455	-0.00223003455806	-0.00266695439911	0.0165822459283	0.0559995088189	-0.0681925701122	1.0	-0.0235714735647	-0.0623650062668	0.00478177292856	-0.0835246024053	-0.0478524634894	-0.0751441903442	0.0750575271357	0.0581755230851	-0.00946804851587	-0.00496359213801	0.0187994211338	0.0175158947474	-0.0159873476541	-0.012265028328	0.0299372455265	0.0443006230102	0.0457686959654	0.0301812136355	-0.0194477986489	-0.0819493763774	0.0355182670603	-0.00738508767854	-0.00388344161924	-0.0818362170506	-0.0448674134759	-0.0374898740713	0.00778076448486	0.039446049472	-0.0415498101434	0.0294192592594	-0.0786611724577	0.0238064834105	-0.0173321005879	0.0498857742717	0.0196835341096	-0.0516629566961	-0.00113311020785	0.00555037412238	-0.00320546114941	0.0263930946727	-0.0720378868296	-0.0611857920099
k__Bacteria;p__Proteobacteria;c__Betaproteobacteria;o__Burkholderiales;f__Sutterellaceae;g__Sutterella;s__Sutterella_wadsworthensis	-0.0680850327876	-0.0205713584307	-0.00314906783726	0.0254045837224	-0.0365968749912	0.0210726530977	-0.0539402702727	-0.158616031799	-0.0104488756838	-0.0140459031629	0.0322329404443	-0.00538383953839	0.00928113832522	0.0351421249521	0.00645044124072	0.0397034905894	-0.0235714735647	1.0	0.0236771466093	-0.00968358723504	0.00660511878186	-0.0139431750207	-0.0597651367408	0.0235814094218	-0.0836907336194	0.0370736387535	0.00325056149443	-0.0414698026929	-0.0779923458453	0.00528417374561	-0.108531200189	-0.0278340644026	-0.0398595174319	-0.0446913938123	0.0528318782832	-0.0176864251085	-0.0161934134488	-0.0052651322348	-0.03725829342	0.0102774024733	0.00795062138497	-0.034404303239	0.0538815896823	-0.0739928346785	-0.0272757967584	0.0363300958538	0.00402671956217	0.0425078769842	0.0178463651903	-0.00337007948642	-0.0214829838244	0.0721110682831	0.0668793229345	-0.053449441755	0.0105567051342	-0.0548961617386	0.0119210003562	0.010633365623	-0.0135154777159
k__Bacteria;p__Bacteroidetes;c__Bacteroidia;o__Bacteroidales;f__Porphyromonadaceae;g__Barnesiella;s__Barnesiella_intestinihominis	-0.0284190960029	0.038141552355	-0.0325230977324	-0.00283268697348	0.0640744980404	-0.0204986156375	-0.083121674167	-0.0670382517129	-0.0236915085717	-0.0144115835024	0.0555166400011	0.0446378334524	-0.0289360162873	0.010656024626	-0.0803608887823	0.0927204235243	-0.0623650062668	0.0236771466093	1.0	0.0404394971768	0.0197951327504	0.0834551570941	-0.00268978266615	-0.0429294985607	0.0683450078597	0.0526929494815	-0.0773792070569	-0.0207018227563	-0.0471590559686	-0.0132622832205	-0.0818992002906	-0.00843036602626	-0.0809794554819	0.00679540610715	-0.0619713403359	-0.110073675772	-0.0321350412633	-0.00953457055545	-0.0548053911746	-0.00376114222401	-0.0839034294444	0.0363262298182	0.00566763144759	-0.0304055135837	-0.0523272673207	-0.0328753181137	-0.0533133056316	-0.0118576079509	0.00570285439914	-0.0309742402721	-0.101532566571	0.0245656433367	-0.0953455607275	-0.00566304379322	-0.000277119051112	-0.0426222714232	-0.0325664056746	0.0546251800051	-0.0714014987348
k__Bacteria;p__Bacteroidetes;c__Bacteroidia;o__Bacteroidales;f__Odoribacteraceae;g__Odoribacter;s__Odoribacter_splanchnicus	-0.0803174873271	0.00726834630258	-0.0496603632461	-0.0107262874468	0.0187332625946	-0.0135348421777	-0.00972418397617	-0.0115177814419	0.0803144414856	-0.0152836942281	0.0339219894455	0.0180988542164	-0.00422367025846	-0.0322525482638	-0.0391363073741	0.0286677859466	0.00478177292856	-0.00968358723504	0.0404394971768	1.0	-0.0567192885124	-0.0427047412588	-0.0334756445885	0.0641044806558	-0.052312498747	0.0296650588455	-0.037389412921	0.016777179094	-0.0309905985688	0.016814693834	-0.0204849702412	-0.0340147297325	-0.0429042743975	-0.0815046468019	-0.0646938173399	-0.0160318745828	0.00142712892929	-0.0343816938171	0.0358240241815	0.0575317674536	-0.0312682109309	-0.00546209102632	-0.0416826481591	-0.0501203837654	0.0360150776296	-0.075725617236	-0.0205097748667	-0.00554867141079	-0.0460316795815	-0.0377984204468	-0.0700075478584	0.0285657218689	-0.0984657998955	-0.0405796936155	-0.0109527904065	0.0128218867454	0.0364752847345	-0.0131314588147	0.054392853565
k__Bacteria;p__Bacteroidetes;c__Bacteroidia;o__Bacteroidales;f__Bacteroidaceae;g__Bacteroides;s__Bacteroides_salyersiae	-0.0343355216368	-0.0701426061974	-0.0432434206	-0.0347490515947	-0.0416439803569	-0.0293356992288	-0.0463367656128	-0.0413658090709	-0.0124335927466	-0.102953070404	-0.0340180371636	-0.0264385594178	-0.0552525472218	-0.0527623644496	-0.0159661010884	-0.00578763134771	-0.0835246024053	0.00660511878186	0.0197951327504	-0.0567192885124	1.0	0.0125873860106	0.00883426874727	-0.00836360813067	-0.0185831083883	-0.0320642214688	0.00765114537271	-0.0200101776988	-0.116788835665	0.0600907718758	-0.0560777714062	-0.084369837676	0.0598330716166	-0.0750668107034	-0.106976265163	-0.0605930861835	0.0285341830734	0.0168911055557	-0.0322787367673	-0.117212092385	-0.0394079753437	-0.0348391189266	-0.00171429718661	-0.0483553821641	-0.0679778196479	-0.0209194835212	0.0338138020598	0.0536746095141	-0.0151425957289	-0.0256152569687	0.00801945833845	0.0131434312313	-0.0148357047696	0.0162241227271	0.00495598826832	-0.0526552582857	0.103275949754	-0.0165747662093	0.00379581381501
k__Bacteria;p__Firmicutes;c__Clostridia;o__Clostridiales;f__Ruminococcaceae;g__Ruminiclostridium;s__[Eubacterium]_siraeum	0.0163511550566	-0.0460774873868	0.0396882432888	-0.0396860804568	-0.0129895045538	0.0230360912995	-0.027863395864	-0.0263687796678	-0.0392800950211	0.00642635516945	0.0487415883797	-0.0586118304593	0.0680759804965	-0.0418108284302	0.00733921141564	0.0133196655703	-0.0478524634894	-0.0139431750207	0.0834551570941	-0.0427047412588	0.0125873860106	1.0	-0.0130409950244	-0.0505224811288	-0.0498935395612	-0.0215403531483	-0.0434122900851	0.0304638629194	-0.043420859892	0.0937372848267	0.045441746318	0.014418053716	-0.0768085342809	-0.0723156630719	-0.041395300806	-0.0459812373403	-0.0384642184795	-0.0771548378583	-0.026828490003	-0.0330824481392	-0.0356659015845	0.0200602183554	-0.0123177867033	-0.0651787225813	-0.100148735055	-0.0203941142294	-0.0794084605705	0.0666203613108	-0.00441860546939	-0.0443515405091	-0.066730177748	-0.0699071230526	0.0631997075354	-0.043188933637	-0.0416548165046	-0.0334916908395	-0.0183740121407	-0.026613744199	-0.0577843089441
k__Bacteria;p__Proteobacteria;c__Betaproteobacteria;o__Burkholderiales;f__Sutterellaceae;g__Parasutterella;s__Parasutterella_excrementihominis	-0.0116597962343	0.0151500950348	-0.0447642121437	-0.0462352956087	0.117049621162	-0.0875546760601	-0.0683340716809	-0.0382564170643	-0.0466242406116	-0.0318044631391	-0.0380768018491	0.0276359278091	-0.0102854967017	-0.0941179237422	0.121019703787	-0.0781513037163	-0.0751441903442	-0.0597651367408	-0.00268978266615	-0.0334756445885	0.00883426874727	-0.0130409950244	1.0	0.0515731951199	-0.0385205350037	-0.0588130364803	0.0579111611669	-0.0148193323499	-0.060416297231	-0.0541019168979	0.00886209621811	0.051435947988	0.0735930798448	0.0638385572819	-0.0915615752904	-0.00605591403137	-0.0521257172812	0.0527821614355	-0.0494173565057	0.0497152165461	-0.0846029033605	-0.0456950069766	-0.0955316346906	-0.0339605466681	-0.0502854557061	-0.131332836839	-0.0557529943327	0.0651103119398	0.0184359299563	0.0336831005506	0.00927431364115	0.0355519143177	0.0500813524031	-0.0172106279597	-0.0236006618157	-0.0207819204805	0.0216092865938	-0.0266581199827	0.0344010231783
k__Bacteria;p__Actinobacteria;c__Actinobacteria;o__Bifidobacteriales;f__Bifidobacteriaceae;g__Bifidobacterium;s__Bifidobacterium_adolescentis	-0.0222524737752	0.00294732193706	-0.00534577206685	-0.018393163596	0.00917605067489	0.097085793157	-0.00571090029784	-0.0356727112528	0.0375102380142	-0.0150446655903	-0.0160191366394	0.0516179176869	0.0192565608797	-0.0438130085202	-0.0299137806789	-0.0365073356429	0.0750575271357	0.0235814094218	-0.0429294985607	0.0641044806558	-0.00836360813067	-0.0505224811288	0.0515731951199	1.0	-0.0231821951261	-0.00847401819543	0.00312184630801	-0.132727457358	-0.0282320678499	-0.0432805882343	-0.0204127703412	-0.0550026666821	0.0498240115908	-0.0631077827453	-0.0468972633311	0.0214769434626	-0.00480578214498	-0.0424994673513	-0.030350848291	-0.00154326100298	-0.0481944188873	-0.0239614744118	-0.0168921106937	-0.0178308523068	-0.0251338825186	-0.0599315448183	-0.0279661786961	0.0123784373856	-0.0458259085841	0.0573829521136	-0.0294001404546	0.0789046701924	-0.0941900066721	0.0373353881089	-0.0874564427668	-0.108517026867	0.00864941385028	-0.077731364552	-0.0183548852652
k__Bacteria;p__Firmicutes;c__Clostridia;o__Clostridiales;f__Oscillospiraceae;g__Oscillibacter;s__Oscillibacter_sp._KLE_1745	-0.00878023487123	0.0261029201	0.0958634032086	0.0163738748374	0.0140749184608	-0.015881105455	-0.0453139976091	0.0211548349261	-0.104274759566	0.0821785986203	-0.0331614636929	-0.0724905242556	0.0987314557738	0.0241738377666	-0.00565245615281	-0.019349368889	0.0581755230851	-0.0836907336194	0.0683450078597	-0.052312498747	-0.0185831083883	-0.0498935395612	-0.0385205350037	-0.0231821951261	1.0	0.0229213267629	0.00872448747938	0.0593789598364	-0.00117431427622	-0.0704527961031	-0.0117337482007	0.0168420998958	-0.0330356898022	0.0381949643785	-0.0342893983203	-0.0194609531733	-0.0354924608288	-0.117730053146	-0.00931306739945	-0.0410881958714	-0.00814151822883	0.00242084503689	-0.0471380905767	-0.0419402374657	0.0495143363137	-0.0653119341566	-0.0283848490083	-0.017754068427	-0.0246521688237	-0.0883010627656	-0.0770211232639	-0.0210701143199	-0.000460856572275	-0.0601591773542	-0.0360053193693	0.0264990131819	0.0419718806585	0.0874564124695	-0.0335245018816
k__Bacteria;p__Bacteroidetes;c__Bacteroidia;o__Bacteroidales;f__Bacteroidaceae;g__Bacteroides;s__Bacteroides_coprophilus	-0.0258258814013	-0.0382752229993	-0.0832198997918	-0.0575139680273	0.0311064941026	0.0238535370851	0.0708925971287	0.0349031857622	-0.0662053382539	0.0120260210995	0.0640396561487	-0.00170229928915	-0.0497080659586	-0.00801972064476	-0.0674952424541	0.0287489318234	-0.00946804851587	0.0370736387535	0.0526929494815	0.0296650588455	-0.0320642214688	-0.0215403531483	-0.0588130364803	-0.00847401819543	0.0229213267629	1.0	-0.0294918494244	-0.00558643364887	-0.0463532667918	-0.0383833534507	0.00598369211817	-0.0630357260044	-0.0466926213296	0.00643909086599	-0.0770559960484	0.0408673034613	-0.0597847429812	-0.0548558780058	-0.0906005987965	0.0247937588546	0.0420480301879	-0.0158105565584	0.012131216714	-0.041059468734	0.0125422077535	-0.0662167917122	-0.0200507393932	0.0221250321792	0.0430473488155	-0.00673513765561	1.22411143108e-05	0.0279970710502	0.0112945191825	-0.0518444619537	0.00393805007906	-0.0405704330347	-0.00653603409591	-0.0181667598994	-0.00529607334795
k__Bacteria;p__Firmicutes;c__Clostridia;o__Clostridiales;f__Lachnospiraceae;g__Roseburia;s__Roseburia_intestinalis	0.0149605841115	-0.0118017020232	-0.0245861085963	-0.043464845577	-0.0381789852405	-0.0206679749788	0.0696709111296	0.00781286094352	0.0446218890847	-0.0285997899035	-0.0566757446101	0.00611515147952	-0.00673917573313	-0.0868530999491	-0.014125410356	-0.00523327452803	-0.00496359213801	0.00325056149443	-0.0773792070569	-0.037389412921	0.00765114537271	-0.0434122900851	0.0579111611669	0.00312184630801	0.00872448747938	-0.0294918494244	1.0	-0.0851303561007	0.0472152797065	-0.0186753039272	0.00185348758512	0.00555906071837	-0.0320071525373	-0.0359137367633	-0.0410005404157	0.0500628745206	-0.0478352962323	-0.0120282948807	0.0342826512118	-0.0505930148878	0.0179029120519	0.0302620738944	0.000992710869995	-0.0301470841833	0.0374997898891	0.00307316012299	-0.0322962024695	-0.0247053888033	0.00457803892408	-0.0281502143569	0.0151057686471	0.05010875678	0.06696725321	-0.0423726321386	-0.0540961029768	-0.0169969418665	0.00780375783265	0.0440815987147	0.0279475128486
k__Bacteria;p__Firmicutes;c__Clostridia;o__Clostridiales;f__Lachnospiraceae;g__Roseburia;s__Roseburia_hominis	-0.0030199260357	0.00457600118828	0.0513414824333	-0.0140077214849	-0.0518584494707	-0.0468443720707	0.0614501458572	-0.0125546047289	-0.045846295822	-0.0207673460408	-0.0396079767169	-0.0463038718856	0.0395010601879	0.0541916981169	0.0226844363667	-0.0345532507816	0.0187994211338	-0.0414698026929	-0.0207018227563	0.016777179094	-0.0200101776988	0.0304638629194	-0.0148193323499	-0.132727457358	0.0593789598364	-0.00558643364887	-0.0851303561007	1.0	-0.123336183229	-0.0272362838503	0.0481172616948	-0.0261643681683	-0.00481745910246	-0.0211429818621	0.0262160155761	0.036871388474	-0.00664163171814	0.0303311295258	-0.0386078345506	-0.077767618081	0.0693027400015	0.0463112739214	-0.0406400493387	-0.0318303837055	-0.0100557709472	0.0621344318921	0.0460396105562	-0.0437691453484	0.0389589180617	-0.036961601723	-0.0417655597373	-0.0863938617196	-0.0163755772157	-0.0597925598179	-0.0533755387009	-0.0622669465039	-0.0387288510845	-0.0258632091394	-0.0612223098997
k__Bacteria;p__Bacteroidetes;c__Bacteroidia;o__Bacteroidales;f__Porphyromonadaceae;g__Parabacteroides;s__Parabacteroides_johnsonii	0.00896777133965	-0.0852052630012	0.029099184265	-0.0981900694662	-0.00438617455884	0.0637714591909	-0.0135545467459	0.0243878682345	-0.00105820256926	0.00945795859407	0.0283461238485	-0.0816957934888	-0.0411979726736	-0.00744382284195	0.0120683182578	0.0256320320007	0.0175158947474	-0.0779923458453	-0.0471590559686	-0.0309905985688	-0.116788835665	-0.043420859892	-0.060416297231	-0.0282320678499	-0.00117431427622	-0.0463532667918	0.0472152797065	-0.123336183229	1.0	-0.0433241873119	-0.0368607770687	-0.000138776507476	-0.0421596852994	0.00744450523378	0.031029968911	0.00458577898809	0.0274037220096	0.0309871455235	-0.0229879315865	-0.0808761239311	0.0229419925171	-0.0876513932529	0.0119599148537	0.0131154220989	-0.00934058607056	-0.0419626755418	0.0550068901671	-0.0489897774724	-0.0765751759201	-0.0119853218125	0.0775252592848	-0.0452500444531	0.0213294469585	-0.00301275545856	-0.00293557913728	0.0202786852618	-0.00769011541246	0.0327209657505	0.00867674986365
k__Bacteria;p__Actinobacteria;c__Actinobacteria;o__Bifidobacteriales;f__Bifidobacteriaceae;g__Bifidobacterium;s__Bifidobacterium_longum	-0.0400159376127	-0.0202492786505	0.0198142999686	-0.0562713047879	-0.0266282465654	-0.103983087736	-0.0934346148953	-0.030693590469	-0.0579322537367	-0.0653106064681	0.0222631790739	0.00786077268603	-0.0455532133389	0.04612390673	-0.0697019397526	0.0244310102541	-0.0159873476541	0.00528417374561	-0.0132622832205	0.016814693834	0.0600907718758	0.0937372848267	-0.0541019168979	-0.0432805882343	-0.0704527961031	-0.0383833534507	-0.0186753039272	-0.0272362838503	-0.0433241873119	1.0	-0.0316811942553	0.0494502759332	0.021465566078	-0.00285714853623	-0.00969945659347	0.00349042525664	-0.0207777385144	0.0467841151687	-0.0106012598013	0.0202206478404	-0.0337372253532	0.0493103173066	-0.0716152307665	-0.0527214148527	0.0373018764426	-0.0253569580373	-0.0111589679096	-0.0104734369683	0.00988549772315	-0.059912141476	-0.0339767834165	-0.0227593127467	-0.00487302356818	-0.0589503945158	0.0441174071835	0.038171310142	-0.00484372041543	0.0234738375127	0.0322669764603
