#taxonomy	k__Bacteria;p__Bacteroidetes;c__Bacteroidia;o__Bacteroidales;f__Bacteroidaceae;g__Bacteroides;s__Bacteroides_vulgatus	k__Bacteria;p__Bacteroidetes;c__Bacteroidia;o__Bacteroidales;f__Bacteroidaceae;g__Bacteroides;s__Bacteroides_uniformis	k__Bacteria;p__Bacteroidetes;c__Bacteroidia;o__Bacteroidales;f__Rikenellaceae;g__Alistipes;s__Alistipes_putredinis	k__Bacteria;p__Bacteroidetes;c__Bacteroidia;o__Bacteroidales;f__Prevotellaceae;g__Prevotella;s__Prevotella_copri	k__Bacteria;p__Bacteroidetes;c__Bacteroidia;o__Bacteroidales;f__Bacteroidaceae;g__Bacteroides;s__Bacteroides_stercoris	k__Bacteria;p__Bacteroidetes;c__Bacteroidia;o__Bacteroidales;f__Bacteroidaceae;g__Bacteroides;s__Bacteroides_ovatus	k__Bacteria;p__Bacteroidetes;c__Bacteroidia;o__Bacteroidales;f__Rikenellaceae;g__Alistipes;s__Alistipes_shahii	k__Bacteria;p__Firmicutes;c__Clostridia;o__Clostridiales;f__Ruminococcaceae;g__Faecalibacterium;s__Faecalibacterium_prausnitzii	k__Bacteria;p__Bacteroidetes;c__Bacteroidia;o__Bacteroidales;f__Rikenellaceae;g__Alistipes;s__Alistipes_finegoldii	k__Bacteria;p__Bacteroidetes;c__Bacteroidia;o__Bacteroidales;f__Porphyromonadaceae;g__Parabacteroides;s__Parabacteroides_distasonis	k__Bacteria;p__Bacteroidetes;c__Bacteroidia;o__Bacteroidales;f__Bacteroidaceae;g__Bacteroides;s__Bacteroides_thetaiotaomicron	k__Bacteria;p__Bacteroidetes;c__Bacteroidia;o__Bacteroidales;f__Bacteroidaceae;g__Bacteroides;s__Bacteroides_coprocola	k__Bacteria;p__Bacteroidetes;c__Bacteroidia;o__Bacteroidales;f__Bacteroidaceae;g__Bacteroides;s__Bacteroides_cellulosilyticus	k__Bacteria;p__Bacteroidetes;c__Bacteroidia;o__Bacteroidales;f__Rikenellaceae;g__Alistipes;s__Alistipes_obesi	k__Bacteria;p__Firmicutes;c__Clostridia;o__Clostridiales;f__Lachnospiraceae;g__;s__[Eubacterium]_rectale	k__Bacteria;p__Bacteroidetes;c__Bacteroidia;o__Bacteroidales;f__Bacteroidaceae;g__Bacteroides;s__Bacteroides_plebeius	k__Bacteria;p__Bacteroidetes;c__Bacteroidia;o__Bacteroidales;f__Bacteroidaceae;g__Bacteroides;s__Bacteroides_fragilis	k__Bacteria;p__Proteobacteria;c__Betaproteobacteria;o__Burkholderiales;f__Sutterellaceae;g__Sutterella;s__Sutterella_wadsworthensis	k__Bacteria;p__Bacteroidetes;c__Bacteroidia;o__Bacteroidales;f__Porphyromonadaceae;g__Barnesiella;s__Barnesiella_intestinihominis	k__Bacteria;p__Bacteroidetes;c__Bacteroidia;o__Bacteroidales;f__Odoribacteraceae;g__Odoribacter;s__Odoribacter_splanchnicus	k__Bacteria;p__Bacteroidetes;c__Bacteroidia;o__Bacteroidales;f__Bacteroidaceae;g__Bacteroides;s__Bacteroides_salyersiae	k__Bacteria;p__Firmicutes;c__Clostridia;o__Clostridiales;f__Ruminococcaceae;g__Ruminiclostridium;s__[Eubacterium]_siraeum	k__Bacteria;p__Proteobacteria;c__Betaproteobacteria;o__Burkholderiales;f__Sutterellaceae;g__Parasutterella;s__Parasutterella_excrementihominis	k__Bacteria;p__Actinobacteria;c__Actinobacteria;o__Bifidobacteriales;f__Bifidobacteriaceae;g__Bifidobacterium;s__Bifidobacterium_adolescentis	k__Bacteria;p__Firmicutes;c__Clostridia;o__Clostridiales;f__Oscillospiraceae;g__Oscillibacter;s__Oscillibacter_sp._KLE_1745	k__Bacteria;p__Bacteroidetes;c__Bacteroidia;o__Bacteroidales;f__Bacteroidaceae;g__Bacteroides;s__Bacteroides_coprophilus	k__Bacteria;p__Firmicutes;c__Clostridia;o__Clostridiales;f__Lachnospiraceae;g__Roseburia;s__Roseburia_intestinalis	k__Bacteria;p__Firmicutes;c__Clostridia;o__Clostridiales;f__Lachnospiraceae;g__Roseburia;s__Roseburia_hominis	k__Bacteria;p__Bacteroidetes;c__Bacteroidia;o__Bacteroidales;f__Porphyromonadaceae;g__Parabacteroides;s__Parabacteroides_johnsonii	k__Bacteria;p__Actinobacteria;c__Actinobacteria;o__Bifidobacteriales;f__Bifidobacteriaceae;g__Bifidobacterium;s__Bifidobacterium_longum	k__Bacteria;p__Firmicutes;c__Clostridia;o__Clostridiales;f__;g__Flavonifractor;s__Flavonifractor_plautii	k__Bacteria;p__Firmicutes;c__Clostridia;o__Clostridiales;f__Clostridiaceae;g__Clostridium;s__Clostridium_phoceensis	k__Bacteria;p__Verrucomicrobia;c__Verrucomicrobiae;o__Verrucomicrobiales;f__Akkermansiaceae;g__Akkermansia;s__Akkermansia_muciniphila	k__Bacteria;p__Bacteroidetes;c__Bacteroidia;o__Bacteroidales;f__Prevotellaceae;g__Paraprevotella;s__Paraprevotella_xylaniphila	k__Bacteria;p__Firmicutes;c__Clostridia;o__Clostridiales;f__Ruminococcaceae;g__Ruminococcus;s__Ruminococcus_callidus	k__Bacteria;p__Bacteroidetes;c__Bacteroidia;o__Bacteroidales;f__Rikenellaceae;g__Alistipes;s__Alistipes_senegalensis	k__Bacteria;p__Firmicutes;c__Clostridia;o__Clostridiales;f__Lachnospiraceae;g__Blautia;s__Blautia_sp._KLE_1732	k__Bacteria;p__Bacteroidetes;c__Bacteroidia;o__Bacteroidales;f__Bacteroidaceae;g__Bacteroides;s__Bacteroides_oleiciplenus	k__Bacteria;p__Firmicutes;c__Clostridia;o__Clostridiales;f__Ruminococcaceae;g__Ruminococcus;s__Ruminococcus_bicirculans	k__Bacteria;p__Bacteroidetes;c__Bacteroidia;o__Bacteroidales;f__Bacteroidaceae;g__Bacteroides;s__Bacteroides_fluxus	k__Bacteria;p__Bacteroidetes;c__Bacteroidia;o__Bacteroidales;f__Prevotellaceae;g__Prevotella;s__Prevotella_stercorea	k__Bacteria;p__Firmicutes;c__Clostridia;o__Clostridiales;f__Lachnospiraceae;g__Dorea;s__Dorea_longicatena	k__Bacteria;p__Firmicutes;c__Clostridia;o__Clostridiales;f__Eubacteriaceae;g__Eubacterium;s__[Eubacterium]_eligens	k__Bacteria;p__Firmicutes;c__Clostridia;o__Clostridiales;f__Ruminococcaceae;g__;s__Ruminococcaceae_bacterium_D16	k__Bacteria;p__Firmicutes;c__Clostridia;o__Clostridiales;f__Lachnospiraceae;g__Coprococcus;s__Coprococcus_comes	k__Bacteria;p__Proteobacteria;c__Gammaproteobacteria;o__Enterobacterales;f__Enterobacteriaceae;g__Escherichia;s__Escherichia_coli	k__Bacteria;p__Firmicutes;c__Clostridia;o__Clostridiales;f__Ruminococcaceae;g__Anaerotruncus;s__Anaerotruncus_colihominis	k__Bacteria;p__Firmicutes;c__Clostridia;o__Clostridiales;f__Lachnospiraceae;g__Blautia;s__Blautia_obeum	k__Bacteria;p__Bacteroidetes;c__Bacteroidia;o__Bacteroidales;f__Odoribacteraceae;g__Odoribacter;s__Odoribacter_laneus	k__Bacteria;p__Firmicutes;c__Clostridia;o__Clostridiales;f__Ruminococcaceae;g__Ruminiclostridium;s__[Clostridium]_leptum	k__Bacteria;p__Bacteroidetes;c__Bacteroidia;o__Bacteroidales;f__Porphyromonadaceae;g__Parabacteroides;s__Parabacteroides_goldsteinii	k__Bacteria;p__Firmicutes;c__Clostridia;o__Clostridiales;f__Lachnospiraceae;g__Anaerostipes;s__Anaerostipes_hadrus	k__Bacteria;p__Firmicutes;c__Clostridia;o__Clostridiales;f__Ruminococcaceae;g__Ruminococcus;s__Ruminococcus_lactaris	k__Bacteria;p__Firmicutes;c__Clostridia;o__Clostridiales;f__Clostridiaceae;g__Clostridium;s__Clostridium_sp._L2-50	k__Bacteria;p__Firmicutes;c__Clostridia;o__Clostridiales;f__Clostridiaceae;g__Clostridium;s__Clostridium_sp._M62/1	k__Bacteria;p__Firmicutes;c__Clostridia;o__Clostridiales;f__;g__Intestinimonas;s__Intestinimonas_butyriciproducens	k__Bacteria;p__Actinobacteria;c__Actinobacteria;o__Bifidobacteriales;f__Bifidobacteriaceae;g__Bifidobacterium;s__Bifidobacterium_bifidum	k__Bacteria;p__Firmicutes;c__Negativicutes;o__Veillonellales;f__Veillonellaceae;g__Dialister;s__Dialister_invisus	k__Bacteria;p__Bacteroidetes;c__Bacteroidia;o__Bacteroidales;f__Bacteroidaceae;g__Bacteroides;s__Bacteroides_salanitronis
k__Bacteria;p__Bacteroidetes;c__Bacteroidia;o__Bacteroidales;f__Bacteroidaceae;g__Bacteroides;s__Bacteroides_vulgatus	1.0	0.0296677614489	-0.0461206962879	-0.0243119765249	0.040055181026	0.00573816950417	0.0757647576013	-0.0182644749572	0.0701195020502	-0.0895086796761	0.0625350775454	-0.0118492885191	0.0408910141032	0.00214231358259	0.0109937685263	0.0258324024729	-0.0609089488332	0.00262921258595	0.00830175688415	-0.0902422269784	-0.0531890087691	-0.0804746466028	0.0363392405671	0.00468735737332	0.0475736804895	0.038549586661	0.0483785932003	-0.104413577746	-0.0152123703662	-0.0648412457137	-0.000587000152592	-0.0200367648254	-0.0234003709471	-0.0425436937844	-0.0211778841381	-0.00897456374792	-0.0611329534317	0.0282466706364	-0.011108037383	-0.122636703694	-0.0132560916964	-0.0150431368394	-0.12535068274	-0.0426698810565	0.00302955883841	-0.053261754169	-0.0251648451904	0.0703416726832	-0.0759621916786	0.00400882810097	-0.0410725855336	0.0471980256597	-0.0683082909401	0.0230739607922	0.00614782163538	-0.00265469773435	-0.0570184125198	-0.0209963781917	0.00200766231567
k__Bacteria;p__Bacteroidetes;c__Bacteroidia;o__Bacteroidales;f__Bacteroidaceae;g__Bacteroides;s__Bacteroides_uniformis	0.0296677614489	1.0	-0.0128145439012	-0.0225381173147	0.0239858599444	-0.0827560943679	-0.0418439114037	0.0289137097903	0.0217235704008	0.067883883178	0.0177118680329	-0.0280797685695	-0.0214005822737	-0.0800651615426	-0.051042081482	0.075641018194	0.0344336067164	-0.026813706898	-0.0143304679432	-0.106417577197	0.0235372968496	0.0101764811679	-0.0114421936659	0.0419225641912	0.0453348221853	-0.0232919939974	-0.046230025105	0.000311985646235	-0.0246114282856	-0.0176644577068	0.0329129476768	-0.0212044212111	0.00671074663554	-0.0104839058598	0.0361347543378	-0.00582792086114	-0.032451305927	-0.0451115659556	-0.0489483819626	0.00428817304028	-0.0937065031427	0.000624258692124	-0.0727453713968	0.0165670685667	-0.0321578402183	0.0403684527182	-0.0564326247602	-0.0123072080093	0.0194151725509	0.0224329763782	-0.139499178196	0.00539913478703	-0.0463967231933	-0.0629906965983	-0.000385364386955	-0.0908066024367	-0.0206455573819	-0.0281882643848	-0.0569881532486
k__Bacteria;p__Bacteroidetes;c__Bacteroidia;o__Bacteroidales;f__Rikenellaceae;g__Alistipes;s__Alistipes_putredinis	-0.0461206962879	-0.0128145439012	1.0	0.012979739716	0.0614309598995	-0.0527848561798	-0.00674440718995	-0.0641157519563	0.035027299128	0.000968616152903	0.0133430327765	-0.00670547179382	-0.0154261284513	-0.049748963052	0.0867896744101	-0.0858635539953	-0.0410471371859	-0.00772093113878	-0.0151473813551	-0.0361516460023	-0.0395806450259	-0.046972945137	-0.0475420562917	0.00527387983803	-0.0251446164718	-0.0164649248899	0.0352834607069	-0.0168798712643	-0.0265581792034	-0.064292885405	-0.0115382435733	0.0173146196761	-0.0102985450896	-0.0220062891352	-0.0273627749185	0.00403836542774	0.0342812684295	-0.0421085029013	-0.0767959838032	-0.0821878160391	-0.0435712789508	-0.017057442681	-0.0135788034747	-0.00575281818776	0.05791245373	0.0186499690981	-0.00602514129058	-0.0180379388275	-0.0177494119124	0.00551764598135	0.0194159497172	0.00704349276992	-0.0080409558388	0.00720424348469	0.0295393768686	0.0586893759589	0.0188429486762	-0.0125719530131	-0.034446536945
k__Bacteria;p__Bacteroidetes;c__Bacteroidia;o__Bacteroidales;f__Prevotellaceae;g__Prevotella;s__Prevotella_copri	-0.0243119765249	-0.0225381173147	0.012979739716	1.0	0.0120268565972	0.0348320090034	-0.0571854123271	-0.0472775125592	-0.051977699345	-0.0696317831195	0.0447028689184	0.00717400389746	-0.024603951292	-0.00291689896694	-0.0124381617351	0.0650189584561	-0.0137811838869	-0.0712229988773	0.00126597223979	0.0272937476462	0.0724654722341	0.0133877876175	0.0284211554501	0.00120346721124	0.0663924638662	-0.00958376168181	-0.0501765483796	-0.0364969624127	-0.043347679821	-0.0160039451196	-0.00347158818005	0.0456284486262	-0.0223641217287	0.0360572702731	-0.0141574472776	0.033336852767	0.009233735289	-0.00407705804837	0.052929580226	-0.0534191729349	-0.0318883092269	-0.0257095678481	-0.0277796886678	-0.0578400160166	0.0613733962943	-0.0151005566294	0.00848707307004	0.0207618375102	0.0293585872857	-0.00357283448609	0.00912119126611	-0.0362042490361	-0.0508653566075	-0.0231894435392	-0.00204803393773	-0.0541828418373	-0.0346180547415	-0.00243064291124	-0.00305844738384
k__Bacteria;p__Bacteroidetes;c__Bacteroidia;o__Bacteroidales;f__Bacteroidaceae;g__Bacteroides;s__Bacteroides_stercoris	0.040055181026	0.0239858599444	0.0614309598995	0.0120268565972	1.0	-0.0543015909982	-0.0655527601344	-0.0587942692611	0.0128000492021	0.0599180511905	0.0241395360691	-0.033306794747	0.0920101120497	-0.0211016854705	-0.0195376537092	-0.0288694465327	-0.0204320994677	0.0217962443525	-0.0177514689683	-0.0171847141164	0.0305944893936	-0.0385871822157	-0.0753289948312	-0.0235196686814	-0.0258424823664	0.0380638450283	-0.0750498311548	0.0472345431397	-0.141864370476	-0.0812978510659	-0.0154394261758	0.00767601795858	-0.0809595765343	0.023682127362	-0.0323881307291	0.00268761454796	0.046917152811	0.0433799371368	0.0521675922371	0.00520033625834	-0.025631937267	0.0623689719665	-0.0749526092681	0.0186551114779	0.0273744922781	0.0749861115952	0.0346344511508	-0.0682626864122	-0.0580076364796	-0.0512750671002	0.042346190332	-0.0173206973302	0.0275816811843	0.00058347499687	-0.0014974451745	-0.0623096378766	-0.0261113384397	-0.0518820596234	-0.0217950361403
k__Bacteria;p__Bacteroidetes;c__Bacteroidia;o__Bacteroidales;f__Bacteroidaceae;g__Bacteroides;s__Bacteroides_ovatus	0.00573816950417	-0.0827560943679	-0.0527848561798	0.0348320090034	-0.0543015909982	1.0	-0.0709342549061	-0.0386425291038	-0.0328622054685	0.0083696524434	-0.0562461908481	-0.0299144035733	-0.027609464192	0.0452181590112	0.107667017996	0.00379155954622	-0.0309386616116	-0.00203104511471	-0.00132829462306	-0.101177674617	-0.0491919111944	-0.02959257065	-0.0631671687871	-0.0261973078506	-0.0519197592288	0.0614886144943	0.0662936360359	0.0144776940648	0.0171516309007	-0.071098190383	-0.0627840153893	-0.0667591226771	0.010268156046	0.00117804377815	0.0535464585809	-0.0289745901952	0.038272006255	-0.0106553834546	-0.0314196159524	-0.015354069585	-0.0714789410729	-0.0462905464247	-0.0677513259162	-0.0316420895935	0.000703860260092	-0.0694638817923	-0.0372149231758	-0.000515437321824	-0.0198420839503	0.0409862919254	0.00977395375485	0.0591042301324	-0.0194166634719	-0.0337440892812	0.0642616130148	0.0088753219481	-0.048370417995	0.0149601557305	-0.0399138017038
k__Bacteria;p__Bacteroidetes;c__Bacteroidia;o__Bacteroidales;f__Rikenellaceae;g__Alistipes;s__Alistipes_shahii	0.0757647576013	-0.0418439114037	-0.00674440718995	-0.0571854123271	-0.0655527601344	-0.0709342549061	1.0	0.00533306466906	0.0551799526677	-0.0372336235659	-0.0372305616083	0.0244237388244	-0.0423707380276	0.101493720085	0.0303034381106	0.0112280379201	-0.0112057265809	-0.042238338642	-0.00350114521114	0.0405701065376	-0.0652752101777	0.0295439201636	-0.0154500164432	0.0321558421491	0.0621519989443	0.0401674332067	-0.0100171788502	-0.0504914983546	-0.0478008452091	-0.0543379080524	-0.0538241029716	-0.0239134285581	-0.0401085328386	-0.0563774071743	0.0598606053045	-0.0394592341686	-0.0723544939138	0.0400488700574	-0.0471555935304	0.0225795352612	-0.024246687549	-0.0702646647515	-0.0257436247906	-0.0752798532133	-0.0855284300804	-0.0659538886635	0.054388249087	-0.0326889241469	-0.0105785209795	0.0149404314464	-0.0495809709006	-0.0174787140248	-0.01937005604	-0.029732812167	0.00827229427733	-0.00424100763106	0.0140955552524	-0.00390287329195	0.0293712050419
k__Bacteria;p__Firmicutes;c__Clostridia;o__Clostridiales;f__Ruminococcaceae;g__Faecalibacterium;s__Faecalibacterium_prausnitzii	-0.0182644749572	0.0289137097903	-0.0641157519563	-0.0472775125592	-0.0587942692611	-0.0386425291038	0.00533306466906	1.0	0.0290363012753	0.00198423362981	-0.0729281179332	0.0133045970944	-0.0554899819984	-0.0501911414937	0.0619027491928	-0.0998706608082	0.0839503506218	0.00015792743914	-0.0386818337995	-0.0307101603843	-0.0957142839443	-0.0809798416971	0.134245660695	0.0534184704631	0.07674602217	-0.0880398585239	0.0596570145421	-0.049645209598	-0.0700210753501	0.0216768173566	-0.0289864899819	0.0721689771992	0.0124403692788	0.0270695866852	-0.0177030175747	0.0108076556611	0.0377261097602	-0.0255727572577	0.0723314991137	-0.036628667703	0.0255234704407	-0.0369645154081	-0.0237167161475	-0.0228911490735	0.0173777786254	-0.0243521296399	-0.0891159167567	-0.0124338751922	-0.0828348821072	-0.0303996511329	-0.0285165472586	-0.0738726493816	0.00995703582277	-0.0392660249028	0.0271905913774	-0.08635275285	0.0354358805583	0.0143584250529	-0.038253763409
k__Bacteria;p__Bacteroidetes;c__Bacteroidia;o__Bacteroidales;f__Rikenellaceae;g__Alistipes;s__Alistipes_finegoldii	0.0701195020502	0.0217235704008	0.035027299128	-0.051977699345	0.0128000492021	-0.0328622054685	0.0551799526677	0.0290363012753	1.0	-0.0324168506306	0.00985588736653	-0.0235811325657	-0.0379887339799	-0.0406220278913	0.017660361178	-0.000324068832869	0.0382117247965	0.0007436700459	0.00291117347492	-0.00363303567655	0.0933459827941	-0.0851940746917	-0.0152025742767	0.0235038871531	0.0504420758611	-0.0605008451654	-0.0030107949827	-0.103379645899	0.0282046403273	0.00116517614183	-0.0262710116226	-0.0432215348491	0.0572897692178	-0.057645823303	0.0019500827376	-0.0162592612336	-0.045796832665	-0.0038583538474	0.00210965199027	-0.0550082980855	0.00080564363352	0.0189198001206	-0.00912921489599	-0.0138385241153	-0.0657607281292	0.00411926970093	-0.0394184201716	-0.0301523204137	0.0419690550469	-0.121506265576	-0.0435991929272	0.0467187525908	-0.0717965339272	0.043863239815	0.00610066541515	-0.0948251075343	0.00666420235884	0.0307903021697	-0.056649076031
k__Bacteria;p__Bacteroidetes;c__Bacteroidia;o__Bacteroidales;f__Porphyromonadaceae;g__Parabacteroides;s__Parabacteroides_distasonis	-0.0895086796761	0.067883883178	0.000968616152903	-0.0696317831195	0.0599180511905	0.0083696524434	-0.0372336235659	0.00198423362981	-0.0324168506306	1.0	-0.0194075181046	0.0357373778399	0.0313868426101	0.00137488003495	-0.0599122139869	-0.0436852263891	-0.0269876117457	-0.0144308584387	-0.0728774648064	-0.00971287282973	0.0235007876259	-0.0331424978508	-0.0278591149503	-0.0309139231152	-0.0552684363725	-0.0928212235151	-0.0567748043671	0.059150057614	0.00694141787476	0.0651729764493	0.0845828022219	-0.0827156567099	-0.0544040882067	0.0157012123484	-0.0304061422543	-0.0967360412123	0.0333595559845	0.0255636158164	0.0143737647228	0.0625465786563	-0.0648240436664	-0.0740342379631	-0.0220447039079	0.0116082827176	-0.0203724771405	-0.0439012709033	0.030646224807	0.00529809149814	-0.0832069010091	0.0307176536857	0.0310717036909	0.00971596745863	-0.0137373402808	0.0116641784754	-0.0137669279558	0.0298210422386	0.0402569002906	-0.0369672043733	-0.0691665422441
k__Bacteria;p__Bacteroidetes;c__Bacteroidia;o__Bacteroidales;f__Bacteroidaceae;g__Bacteroides;s__Bacteroides_thetaiotaomicron	0.0625350775454	0.0177118680329	0.0133430327765	0.0447028689184	0.0241395360691	-0.0562461908481	-0.0372305616083	-0.0729281179332	0.00985588736653	-0.0194075181046	1.0	-0.00535718715007	-0.0177614582952	-0.04133781462	-0.0361758759201	0.0217045057203	0.0137669425812	-0.0413777497653	-0.0424141567002	-0.0137402456413	-0.0431849073401	-0.0650091122573	0.0658331453753	-0.0364693861276	-0.00717449804831	0.00116942981029	-0.0190884497655	-0.0470509859969	-0.0176906610801	0.0199477148228	-0.0232990457393	-0.0054899229637	-0.068917976906	-0.0675914759543	-0.00637752076921	0.0098747216446	-0.0430180863148	-0.0275647660396	-0.056802988022	-0.0725159079184	-0.0220953275917	-0.00409249017236	0.0639778665263	-0.0778749216094	-0.00224408022057	0.0498236582549	-0.0283659926588	-0.0392630775793	0.0362952621259	-0.0117495736169	-0.0233651505614	-0.0340222417493	-0.0282684289815	-0.0126273768668	-0.0466729947664	-0.0147812983577	0.00314404396031	-0.0101266112272	0.0238932110856
k__Bacteria;p__Bacteroidetes;c__Bacteroidia;o__Bacteroidales;f__Bacteroidaceae;g__Bacteroides;s__Bacteroides_coprocola	-0.0118492885191	-0.0280797685695	-0.00670547179382	0.00717400389746	-0.033306794747	-0.0299144035733	0.0244237388244	0.0133045970944	-0.0235811325657	0.0357373778399	-0.00535718715007	1.0	0.00436466342703	0.0465735885763	-0.0264484959337	-0.0541326816811	-0.0648790050501	-0.0554113450223	-0.0161007489398	0.0652593871371	-0.00190092524953	-0.0038015732435	-0.013668964638	-0.0396344301401	-0.036484607921	-0.03738684161	0.00872585726355	0.0337900760635	-0.0509709145282	0.0566920750899	-0.0490884251764	-0.02807289006	-0.0177155353596	-0.0359643117901	-0.042704128563	-0.0264656945483	0.027996829145	-0.00472170877187	0.0236372493307	-0.00289369585129	-0.00479323770692	-0.0299379119172	0.0376604031522	-0.087534003636	0.0598540240788	0.0259905649257	-0.015082955329	-0.0140311095831	-0.00628784755175	-0.0564044636668	0.0111332144974	-0.00609384070523	0.0147691130691	-0.0466786382957	-0.136516395292	-0.0220126911837	-0.0202874226744	-0.0597411445488	-0.0302208615861
k__Bacteria;p__Bacteroidetes;c__Bacteroidia;o__Bacteroidales;f__Bacteroidaceae;g__Bacteroides;s__Bacteroides_cellulosilyticus	0.0408910141032	-0.0214005822737	-0.0154261284513	-0.024603951292	0.0920101120497	-0.027609464192	-0.0423707380276	-0.0554899819984	-0.0379887339799	0.0313868426101	-0.0177614582952	0.00436466342703	1.0	0.0117138869572	0.0253544135748	-0.028031564948	-0.0625912753669	0.00349954584831	-0.0315173311937	0.0307554867609	-0.0305947929552	0.0546117756396	-0.0336389579413	0.0150307325033	-0.0638081819353	-0.0056993926779	-0.0692506439308	0.00223238864108	-0.0347750776381	-0.00941635011965	0.061465305353	-0.0538443030409	0.0242641525059	-0.0248934724762	0.00441505803556	-0.0369077638784	-0.0709565476218	0.00308542870862	0.0166773850851	-0.0430558673516	-0.0481784718369	-0.0118617609334	0.0274425996835	0.0944433145884	-0.0803208527644	-0.0193725267838	-0.0542692203621	0.0629576337288	-0.0365900730522	-0.0551258815652	-0.0704419063857	-0.00277467424062	0.0213706127158	0.0543523707119	-0.046068104697	0.0429435292494	0.0345917365822	0.0117019685419	0.0437670008514
k__Bacteria;p__Bacteroidetes;c__Bacteroidia;o__Bacteroidales;f__Rikenellaceae;g__Alistipes;s__Alistipes_obesi	0.00214231358259	-0.0800651615426	-0.049748963052	-0.00291689896694	-0.0211016854705	0.0452181590112	0.101493720085	-0.0501911414937	-0.0406220278913	0.00137488003495	-0.04133781462	0.0465735885763	0.0117138869572	1.0	-0.0608822656323	-0.0791133182435	0.0165598023099	-0.0840973766074	-0.0318911662584	0.0429648721263	0.0314447378699	-0.0553329711844	-0.0510893670874	0.0481507219017	0.0412266190012	-0.00742497492084	-0.0199335096496	-0.0456775088878	-0.00506101940021	0.00729681252444	-0.0408473308741	-0.0947858525804	-0.0262398170892	0.068210765791	-0.128662010237	-0.097658216929	-0.0469943337853	0.0145959639944	0.0363960163402	-0.0552405818917	-0.00950848755557	-0.00773811318097	0.0238007646548	0.014777195519	0.00395150919034	0.0365597015732	-0.0588833741431	0.0688591075442	-0.0401843793188	0.0069552629688	0.0647408559659	0.0421273586234	-0.054393690017	-0.0113903781829	-0.0311026646507	0.110038738781	-0.0523030227756	-0.0300651516686	0.0111658661753
k__Bacteria;p__Firmicutes;c__Clostridia;o__Clostridiales;f__Lachnospiraceae;g__;s__[Eubacterium]_rectale	0.0109937685263	-0.051042081482	0.0867896744101	-0.0124381617351	-0.0195376537092	0.107667017996	0.0303034381106	0.0619027491928	0.017660361178	-0.0599122139869	-0.0361758759201	-0.0264484959337	0.0253544135748	-0.0608822656323	1.0	-0.0293781975664	0.0310095756425	-0.0861857976219	0.0602119118387	-0.0148395380885	-0.0539321906847	-0.054054262607	-0.0326921192145	-0.0291908656594	-0.0335317503935	-0.00816740406044	-0.00811848879666	-0.00764866140241	-0.0547084306407	-0.0432338385264	-0.0380611185769	-0.0669508616502	-0.00222530616724	0.0092267716255	-0.0539502830541	0.0378457460221	0.00361109909014	-0.0488209768001	-0.0272362369069	-0.0320989499486	-0.0162748005517	-0.0101691226387	0.0477184718298	0.00717499056815	-0.0688185130568	-0.0384803176042	0.00153996046977	0.0778694077806	-0.0185159229836	-0.0832737607735	0.0348648449593	-0.0488939884025	0.0118057251917	0.0750808577988	0.0158526283807	-0.0707963518544	-0.0260093632339	0.0119900680069	-0.0411600054102
k__Bacteria;p__Bacteroidetes;c__Bacteroidia;o__Bacteroidales;f__Bacteroidaceae;g__Bacteroides;s__Bacteroides_plebeius	0.0258324024729	0.075641018194	-0.0858635539953	0.0650189584561	-0.0288694465327	0.00379155954622	0.0112280379201	-0.0998706608082	-0.000324068832869	-0.0436852263891	0.0217045057203	-0.0541326816811	-0.028031564948	-0.0791133182435	-0.0293781975664	1.0	0.0163544103368	-0.00389832225245	-0.0547248460554	-0.0878565706251	-0.0722615798977	-0.0460263307364	0.0327443527164	0.0137678061294	-0.0649415207744	0.0138849387496	0.033092182335	-0.0206281764021	0.0209642194535	-0.0360100690471	-0.00933292196684	-0.00800468369864	0.0215527179473	-0.0619055822437	0.0831060954684	-0.0179269719344	-0.0121229552181	-0.0572892620376	0.0496482576938	-0.0571100305239	-0.0372415913807	0.0248859936826	-0.00940155262877	0.0339653272023	-0.0492424353902	-0.111082420222	-0.0163733126413	-0.0349212353866	-0.0186653967712	0.0558116525388	-0.0890048514452	-0.014874014503	0.0372194222548	-0.0192343826436	0.0140316493883	-0.0352474497979	-0.0518597514066	0.0530038496594	0.0398201352647
k__Bacteria;p__Bacteroidetes;c__Bacteroidia;o__Bacteroidales;f__Bacteroidaceae;g__Bacteroides;s__Bacteroides_fragilis	-0.0609089488332	0.0344336067164	-0.0410471371859	-0.0137811838869	-0.0204320994677	-0.0309386616116	-0.0112057265809	0.0839503506218	0.0382117247965	-0.0269876117457	0.0137669425812	-0.0648790050501	-0.0625912753669	0.0165598023099	0.0310095756425	0.0163544103368	1.0	-0.0134339350767	-0.0491521522091	0.042826053094	-0.0405223154079	-0.0479710647573	0.0998172653517	0.0144250533786	-0.0160115136087	-0.0349617012396	-0.0610968204976	-0.0207132996526	-0.0400542500304	-0.102850441848	-0.0684617588735	0.00570053433409	0.0241709634138	-0.0395239006617	0.0388639538921	-0.033262585151	-0.00240612816278	-0.0115373492393	-0.0273068840264	-0.0266615842454	-0.0221776207593	0.0334438261282	0.0228730574287	-0.0693273796548	0.0404355921882	0.00776299462276	0.0396885849076	0.0805561225954	-0.0172646500389	-0.0217841813883	0.0496006252615	-0.00924057026926	-0.0945279227642	-0.0607325304907	-0.0380747156671	-0.129043507814	-0.0292544996238	-0.133913939035	-0.00530247266331
k__Bacteria;p__Proteobacteria;c__Betaproteobacteria;o__Burkholderiales;f__Sutterellaceae;g__Sutterella;s__Sutterella_wadsworthensis	0.00262921258595	-0.026813706898	-0.00772093113878	-0.0712229988773	0.0217962443525	-0.00203104511471	-0.042238338642	0.00015792743914	0.0007436700459	-0.0144308584387	-0.0413777497653	-0.0554113450223	0.00349954584831	-0.0840973766074	-0.0861857976219	-0.00389832225245	-0.0134339350767	1.0	-0.0153337529205	-0.100490653883	0.0565947931332	0.0462356809949	0.0608599994862	-0.0926868135824	-0.0020174184144	-0.0291948442813	-0.0792174585759	-0.0173275258863	-0.0383664439863	-0.0428703306286	0.0401969686661	-0.00317471004216	0.0276243984994	-0.109271850244	-0.0610609410163	-0.00432577832691	0.0144221079215	-0.0580907928327	-0.0921683122947	-0.0309591615784	0.0660061986512	-0.0163591592702	-0.0218117379454	-0.0201535068996	-0.00619911950854	-0.0515755523027	-0.0441126611193	0.0197077130028	-0.0032833904315	-0.0585987941578	0.00466396523839	0.0468563792978	0.0614702572	-0.015351721855	-0.0729702908115	-0.0564254037516	0.0179534442263	-0.0171561095462	0.0196747167657
k__Bacteria;p__Bacteroidetes;c__Bacteroidia;o__Bacteroidales;f__Porphyromonadaceae;g__Barnesiella;s__Barnesiella_intestinihominis	0.00830175688415	-0.0143304679432	-0.0151473813551	0.00126597223979	-0.0177514689683	-0.00132829462306	-0.00350114521114	-0.0386818337995	0.00291117347492	-0.0728774648064	-0.0424141567002	-0.0161007489398	-0.0315173311937	-0.0318911662584	0.0602119118387	-0.0547248460554	-0.0491521522091	-0.0153337529205	1.0	-0.0927407130412	0.0211819681224	0.0629584186572	-0.0420643155713	0.00348706788321	-0.125461521683	-0.039421744335	0.0676551559535	-0.020238701682	-0.0596978739641	0.0469667899355	-0.113693225803	-0.0612245566756	0.0510468537409	0.013531653844	0.0497397035642	0.0625067155007	0.0628628292383	-0.0421999858092	-0.00572618956196	-0.00503662011935	-0.0396291692987	0.0157507482153	-0.0320336901618	-0.0671533807729	0.0378023905256	0.0190383420673	0.000426814262262	-0.0150137413744	0.0452287238965	0.00540172092165	0.0327372435407	-0.0583586210755	-0.049279230901	-0.0778760286734	-0.0219128315301	-0.0249056244363	-0.0491935693114	-0.0240907739987	-0.0102726486978
k__Bacteria;p__Bacteroidetes;c__Bacteroidia;o__Bacteroidales;f__Odoribacteraceae;g__Odoribacter;s__Odoribacter_splanchnicus	-0.0902422269784	-0.106417577197	-0.0361516460023	0.0272937476462	-0.0171847141164	-0.101177674617	0.0405701065376	-0.0307101603843	-0.00363303567655	-0.00971287282973	-0.0137402456413	0.0652593871371	0.0307554867609	0.0429648721263	-0.0148395380885	-0.0878565706251	0.042826053094	-0.100490653883	-0.0927407130412	1.0	0.0923943802033	0.0199780195173	0.0201667345164	-0.0760987338023	-0.101117111757	0.011288972405	-0.0325475785097	0.0230577761581	-0.00677814191571	-0.0450002544511	-0.025960343156	-0.00920641405821	0.00614444293225	0.0208577340163	0.0109995312904	-0.00228717192017	-0.0138098795235	-0.0386758737373	-0.0141897846708	-0.0278796924083	-0.0122633467572	0.0265882616274	-0.0407196751343	-0.036903902241	-0.0240067552188	0.0186048070856	-0.0116692883254	0.0224081947572	-0.0441427503748	0.0821378185994	0.0145985701044	0.0016721022088	-0.0665966452951	-0.0622680941981	-0.104760187582	-0.0486620494111	0.0323416826208	0.0155030000053	0.0102704723437
k__Bacteria;p__Bacteroidetes;c__Bacteroidia;o__Bacteroidales;f__Bacteroidaceae;g__Bacteroides;s__Bacteroides_salyersiae	-0.0531890087691	0.0235372968496	-0.0395806450259	0.0724654722341	0.0305944893936	-0.0491919111944	-0.0652752101777	-0.0957142839443	0.0933459827941	0.0235007876259	-0.0431849073401	-0.00190092524953	-0.0305947929552	0.0314447378699	-0.0539321906847	-0.0722615798977	-0.0405223154079	0.0565947931332	0.0211819681224	0.0923943802033	1.0	-0.0141136427685	-0.0748241600894	-0.0337254676467	-0.0424741033126	-0.0403370806423	0.0295462223782	0.00847144679593	0.0455486446345	-0.0865503655081	-0.0067649197872	-0.011232958208	-0.027301740773	0.0639071099849	-0.0336637209687	-0.0379536666055	-0.0137494231182	-0.018674760253	-0.0834173296491	-0.0513221658166	0.0104856863753	-0.0464289499297	0.058387271627	-0.0619366056706	0.0120332924344	0.02487332539	-0.0566344421703	0.0303785404631	-0.010997542877	-0.0411567059447	-0.0272205946915	-0.00275243536082	-0.0426420179736	-0.0132872117283	0.0126180187041	-0.094156828668	0.0175735772931	-0.0657874873741	0.0201815968279
k__Bacteria;p__Firmicutes;c__Clostridia;o__Clostridiales;f__Ruminococcaceae;g__Ruminiclostridium;s__[Eubacterium]_siraeum	-0.0804746466028	0.0101764811679	-0.046972945137	0.0133877876175	-0.0385871822157	-0.02959257065	0.0295439201636	-0.0809798416971	-0.0851940746917	-0.0331424978508	-0.0650091122573	-0.0038015732435	0.0546117756396	-0.0553329711844	-0.054054262607	-0.0460263307364	-0.0479710647573	0.0462356809949	0.0629584186572	0.0199780195173	-0.0141136427685	1.0	-0.0963629780357	-0.0139996634804	-0.0363740726207	0.0124888254405	0.00287381715381	-0.0377952502582	0.0117155467393	0.0592912409961	-0.079159393483	0.0243588175499	-0.00636828657338	-0.0365172689774	-0.00398034760637	-0.0177999650571	-0.0895957595277	-0.00687381960372	-0.0514904575045	0.0125753240536	-0.0125253178574	0.056301592997	0.00133346694896	-0.0227317429082	-0.000293208787256	-0.0105000947237	0.0558882846013	-0.0288852969144	-0.0328844941434	-0.0346641139828	0.075578334179	0.0504690261068	-0.038653493221	-0.060176672841	-0.0018931330282	0.0263787854236	0.00755956016025	0.0250333671744	-0.029475430893
k__Bacteria;p__Proteobacteria;c__Betaproteobacteria;o__Burkholderiales;f__Sutterellaceae;g__Parasutterella;s__Parasutterella_excrementihominis	0.0363392405671	-0.0114421936659	-0.0475420562917	0.0284211554501	-0.0753289948312	-0.0631671687871	-0.0154500164432	0.134245660695	-0.0152025742767	-0.0278591149503	0.0658331453753	-0.013668964638	-0.0336389579413	-0.0510893670874	-0.0326921192145	0.0327443527164	0.0998172653517	0.0608599994862	-0.0420643155713	0.0201667345164	-0.0748241600894	-0.0963629780357	1.0	-0.052795672953	0.034539160983	0.0152878637783	-0.0387955126065	-0.0603307941609	0.0361838909671	-0.0102877882068	-0.0400847874855	-0.0386000614999	0.0412756195423	-0.0623750100835	-0.079706316411	0.0215448877802	-0.0195402717295	-0.0721551359022	0.00602325378071	-0.0808578926199	-0.0127649441465	-0.0273747080566	0.00825362433905	-0.0535412788411	0.0327089420795	-0.0219240349637	0.0508371635974	-0.0254934965328	-0.00696065630343	0.00770849793482	0.0120145790673	-0.00898088220272	0.0747075763065	0.0453625466598	-0.00256364206982	0.00739118438538	-0.000876602451101	0.029455171738	0.0349962993369
k__Bacteria;p__Actinobacteria;c__Actinobacteria;o__Bifidobacteriales;f__Bifidobacteriaceae;g__Bifidobacterium;s__Bifidobacterium_adolescentis	0.00468735737332	0.0419225641912	0.00527387983803	0.00120346721124	-0.0235196686814	-0.0261973078506	0.0321558421491	0.0534184704631	0.0235038871531	-0.0309139231152	-0.0364693861276	-0.0396344301401	0.0150307325033	0.0481507219017	-0.0291908656594	0.0137678061294	0.0144250533786	-0.0926868135824	0.00348706788321	-0.0760987338023	-0.0337254676467	-0.0139996634804	-0.052795672953	1.0	-0.0687081442017	-0.0684460363841	-0.0638163134195	-0.063180998517	-0.0046670663373	-0.0590914438899	0.032396907692	-0.0228393110916	0.0102248096842	-0.0284021032632	0.00115700588126	0.0415760353603	-0.0196993209994	0.00375764307595	0.0918002961058	-0.0490287125742	0.0160411522176	0.0208301879639	0.000708769867863	-0.0170713412332	0.0571770852729	0.00834406154752	-0.0248632448755	-0.030919891793	-0.00804551682643	0.0322345371021	0.0139320176479	0.0288044216054	-0.0541150405757	-0.0427860416058	-0.0184288424108	-0.110091457936	-0.0456056158583	-0.0624870384543	-0.0355130951702
k__Bacteria;p__Firmicutes;c__Clostridia;o__Clostridiales;f__Oscillospiraceae;g__Oscillibacter;s__Oscillibacter_sp._KLE_1745	0.0475736804895	0.0453348221853	-0.0251446164718	0.0663924638662	-0.0258424823664	-0.0519197592288	0.0621519989443	0.07674602217	0.0504420758611	-0.0552684363725	-0.00717449804831	-0.036484607921	-0.0638081819353	0.0412266190012	-0.0335317503935	-0.0649415207744	-0.0160115136087	-0.0020174184144	-0.125461521683	-0.101117111757	-0.0424741033126	-0.0363740726207	0.034539160983	-0.0687081442017	1.0	-0.00200256137269	0.0282233854844	-0.114848120883	-0.0614944332945	0.0494955254757	-0.026368139531	0.0183845212485	-0.069780153731	-0.0321812296863	-0.0406851353312	0.0291556565487	-0.04098063686	-0.00755618597794	0.0563809161718	-0.0771404339301	0.00561210472917	-0.0407997037577	-0.0154109571865	0.0596481070532	-0.0179972532375	-0.0339379883694	0.000392406187016	-0.0346565655567	0.0325131086521	-0.0316557605389	0.00680868409375	-0.00822406225613	-0.0742847997908	0.0052306749942	-0.0860509367497	0.00699620969346	0.0189526786577	0.0223153746992	0.000796955394194
k__Bacteria;p__Bacteroidetes;c__Bacteroidia;o__Bacteroidales;f__Bacteroidaceae;g__Bacteroides;s__Bacteroides_coprophilus	0.038549586661	-0.0232919939974	-0.0164649248899	-0.00958376168181	0.0380638450283	0.0614886144943	0.0401674332067	-0.0880398585239	-0.0605008451654	-0.0928212235151	0.00116942981029	-0.03738684161	-0.0056993926779	-0.00742497492084	-0.00816740406044	0.0138849387496	-0.0349617012396	-0.0291948442813	-0.039421744335	0.011288972405	-0.0403370806423	0.0124888254405	0.0152878637783	-0.0684460363841	-0.00200256137269	1.0	0.0464094066097	0.0112985200756	-0.0569532260903	-0.0704449932314	-0.0380187684799	-0.00768192102247	-0.0445495151886	0.0719421452966	-0.0197621634803	-0.00530298701452	-0.0801025681713	0.0809868359477	-0.0270663637074	0.0309885151337	0.0789912107228	0.0343571991666	-0.0797989878718	0.0117315211515	0.0662753878641	-0.000869143229327	-0.0321019020556	-0.0179577044427	0.0182392929575	-0.00580409981458	-0.0346879935802	-0.0412890482751	-0.00851621705822	-0.0223869649198	0.0181965561549	0.043926931429	0.0611459916638	0.0278273545855	0.017159276188
k__Bacteria;p__Firmicutes;c__Clostridia;o__Clostridiales;f__Lachnospiraceae;g__Roseburia;s__Roseburia_intestinalis	0.0483785932003	-0.046230025105	0.0352834607069	-0.0501765483796	-0.0750498311548	0.0662936360359	-0.0100171788502	0.0596570145421	-0.0030107949827	-0.0567748043671	-0.0190884497655	0.00872585726355	-0.0692506439308	-0.0199335096496	-0.00811848879666	0.033092182335	-0.0610968204976	-0.0792174585759	0.0676551559535	-0.0325475785097	0.0295462223782	0.00287381715381	-0.0387955126065	-0.0638163134195	0.0282233854844	0.0464094066097	1.0	-0.0250536469623	-0.0203736499142	-0.0527733633363	0.00352495470893	0.00573456343531	-0.0580853735264	0.0674810433006	-0.0552834064645	0.0135084394514	-0.0275939126856	0.0178183621329	0.00421099313494	0.0837288934398	-0.0673814369675	-0.0748747074433	0.0659329994755	-0.0859786599218	-0.055392985572	0.00585399578344	-0.055200364575	-0.0473075508842	-0.00182113254442	0.0315199378646	-0.0290766931861	0.0471608398903	-0.0628535853646	-0.0336359221221	-0.00397088618719	0.00805769017426	0.0194806865149	0.0241884199741	-0.0509350285013
k__Bacteria;p__Firmicutes;c__Clostridia;o__Clostridiales;f__Lachnospiraceae;g__Roseburia;s__Roseburia_hominis	-0.104413577746	0.000311985646235	-0.0168798712643	-0.0364969624127	0.0472345431397	0.0144776940648	-0.0504914983546	-0.049645209598	-0.103379645899	0.059150057614	-0.0470509859969	0.0337900760635	0.00223238864108	-0.0456775088878	-0.00764866140241	-0.0206281764021	-0.0207132996526	-0.0173275258863	-0.020238701682	0.0230577761581	0.00847144679593	-0.0377952502582	-0.0603307941609	-0.063180998517	-0.114848120883	0.0112985200756	-0.0250536469623	1.0	0.0762872951506	-0.013800559137	-0.0906846834245	0.00532603549185	0.0230163155097	-0.000338770636694	-0.0197553029955	-0.126531811072	0.051589698625	-0.0154140067002	0.0167698816574	0.0295542696703	0.00318122147569	-0.041518553752	-0.0574864840354	0.078572245162	-0.0172611353175	-0.0198623185474	-0.0145985835019	-0.0624434378299	-0.0398150607494	0.0668250980538	0.0141838722728	-0.0622344620812	-0.0308785966684	-0.0721253425093	0.00985804552556	0.0461172968412	0.0317417277029	-0.0569130662308	0.0424502479132
k__Bacteria;p__Bacteroidetes;c__Bacteroidia;o__Bacteroidales;f__Porphyromonadaceae;g__Parabacteroides;s__Parabacteroides_johnsonii	-0.0152123703662	-0.0246114282856	-0.0265581792034	-0.043347679821	-0.141864370476	0.0171516309007	-0.0478008452091	-0.0700210753501	0.0282046403273	0.00694141787476	-0.0176906610801	-0.0509709145282	-0.0347750776381	-0.00506101940021	-0.0547084306407	0.0209642194535	-0.0400542500304	-0.0383664439863	-0.0596978739641	-0.00677814191571	0.0455486446345	0.0117155467393	0.0361838909671	-0.0046670663373	-0.0614944332945	-0.0569532260903	-0.0203736499142	0.0762872951506	1.0	-0.0153651184545	-0.0152478625252	0.0717864937644	0.026137146177	-0.0481208119119	-0.0293701567281	-0.00093944297919	-0.0666840695277	-0.00174694489609	0.000559884337753	0.0143816028574	-0.0587898347985	-0.104612637494	-0.0303586944433	0.0393130658914	0.0538433871131	-0.00972585981547	-0.0121221280873	-0.0134388010123	0.0359845552558	0.00244734929813	-0.0892649273397	4.91921407358e-05	-0.0698548023145	-0.0225078796156	0.00805974806727	-0.0920948635503	-0.000881510200674	-0.0194596074062	-0.00630451113841
k__Bacteria;p__Actinobacteria;c__Actinobacteria;o__Bifidobacteriales;f__Bifidobacteriaceae;g__Bifidobacterium;s__Bifidobacterium_longum	-0.0648412457137	-0.0176644577068	-0.064292885405	-0.0160039451196	-0.0812978510659	-0.071098190383	-0.0543379080524	0.0216768173566	0.00116517614183	0.0651729764493	0.0199477148228	0.0566920750899	-0.00941635011965	0.00729681252444	-0.0432338385264	-0.0360100690471	-0.102850441848	-0.0428703306286	0.0469667899355	-0.0450002544511	-0.0865503655081	0.0592912409961	-0.0102877882068	-0.0590914438899	0.0494955254757	-0.0704449932314	-0.0527733633363	-0.013800559137	-0.0153651184545	1.0	-0.00804295182251	0.0546902978153	-0.0387442590169	0.0353781363071	0.0440501561312	-0.046946886134	-0.027291056249	-0.00993837636526	0.0146156366499	0.0665974620732	0.0859400832004	-0.0660547143603	-0.00906860410296	-0.050875886936	-0.120234610485	-0.0497519334473	0.0769773575021	-0.00187413588859	-0.0129417500087	-0.0417346979642	0.0233400498752	-0.0124230037906	-0.0100681005665	0.0191643414861	0.0112304705524	-0.0889132205363	-0.034165818475	0.0344311741472	-0.0710595244213
