#taxonomy	k__Bacteria;p__Bacteroidetes;c__Bacteroidia;o__Bacteroidales;f__Bacteroidaceae;g__Bacteroides;s__Bacteroides_vulgatus	k__Bacteria;p__Bacteroidetes;c__Bacteroidia;o__Bacteroidales;f__Bacteroidaceae;g__Bacteroides;s__Bacteroides_uniformis	k__Bacteria;p__Bacteroidetes;c__Bacteroidia;o__Bacteroidales;f__Rikenellaceae;g__Alistipes;s__Alistipes_putredinis	k__Bacteria;p__Bacteroidetes;c__Bacteroidia;o__Bacteroidales;f__Prevotellaceae;g__Prevotella;s__Prevotella_copri	k__Bacteria;p__Bacteroidetes;c__Bacteroidia;o__Bacteroidales;f__Bacteroidaceae;g__Bacteroides;s__Bacteroides_stercoris	k__Bacteria;p__Bacteroidetes;c__Bacteroidia;o__Bacteroidales;f__Bacteroidaceae;g__Bacteroides;s__Bacteroides_ovatus	k__Bacteria;p__Bacteroidetes;c__Bacteroidia;o__Bacteroidales;f__Rikenellaceae;g__Alistipes;s__Alistipes_shahii	k__Bacteria;p__Firmicutes;c__Clostridia;o__Clostridiales;f__Ruminococcaceae;g__Faecalibacterium;s__Faecalibacterium_prausnitzii	k__Bacteria;p__Bacteroidetes;c__Bacteroidia;o__Bacteroidales;f__Rikenellaceae;g__Alistipes;s__Alistipes_finegoldii	k__Bacteria;p__Bacteroidetes;c__Bacteroidia;o__Bacteroidales;f__Porphyromonadaceae;g__Parabacteroides;s__Parabacteroides_distasonis	k__Bacteria;p__Bacteroidetes;c__Bacteroidia;o__Bacteroidales;f__Bacteroidaceae;g__Bacteroides;s__Bacteroides_thetaiotaomicron	k__Bacteria;p__Bacteroidetes;c__Bacteroidia;o__Bacteroidales;f__Bacteroidaceae;g__Bacteroides;s__Bacteroides_coprocola	k__Bacteria;p__Bacteroidetes;c__Bacteroidia;o__Bacteroidales;f__Bacteroidaceae;g__Bacteroides;s__Bacteroides_cellulosilyticus	k__Bacteria;p__Bacteroidetes;c__Bacteroidia;o__Bacteroidales;f__Rikenellaceae;g__Alistipes;s__Alistipes_obesi	k__Bacteria;p__Firmicutes;c__Clostridia;o__Clostridiales;f__Lachnospiraceae;g__;s__[Eubacterium]_rectale	k__Bacteria;p__Bacteroidetes;c__Bacteroidia;o__Bacteroidales;f__Bacteroidaceae;g__Bacteroides;s__Bacteroides_plebeius	k__Bacteria;p__Bacteroidetes;c__Bacteroidia;o__Bacteroidales;f__Bacteroidaceae;g__Bacteroides;s__Bacteroides_fragilis	k__Bacteria;p__Proteobacteria;c__Betaproteobacteria;o__Burkholderiales;f__Sutterellaceae;g__Sutterella;s__Sutterella_wadsworthensis	k__Bacteria;p__Bacteroidetes;c__Bacteroidia;o__Bacteroidales;f__Porphyromonadaceae;g__Barnesiella;s__Barnesiella_intestinihominis	k__Bacteria;p__Bacteroidetes;c__Bacteroidia;o__Bacteroidales;f__Odoribacteraceae;g__Odoribacter;s__Odoribacter_splanchnicus	k__Bacteria;p__Bacteroidetes;c__Bacteroidia;o__Bacteroidales;f__Bacteroidaceae;g__Bacteroides;s__Bacteroides_salyersiae	k__Bacteria;p__Firmicutes;c__Clostridia;o__Clostridiales;f__Ruminococcaceae;g__Ruminiclostridium;s__[Eubacterium]_siraeum	k__Bacteria;p__Proteobacteria;c__Betaproteobacteria;o__Burkholderiales;f__Sutterellaceae;g__Parasutterella;s__Parasutterella_excrementihominis	k__Bacteria;p__Actinobacteria;c__Actinobacteria;o__Bifidobacteriales;f__Bifidobacteriaceae;g__Bifidobacterium;s__Bifidobacterium_adolescentis	k__Bacteria;p__Firmicutes;c__Clostridia;o__Clostridiales;f__Oscillospiraceae;g__Oscillibacter;s__Oscillibacter_sp._KLE_1745	k__Bacteria;p__Bacteroidetes;c__Bacteroidia;o__Bacteroidales;f__Bacteroidaceae;g__Bacteroides;s__Bacteroides_coprophilus	k__Bacteria;p__Firmicutes;c__Clostridia;o__Clostridiales;f__Lachnospiraceae;g__Roseburia;s__Roseburia_intestinalis	k__Bacteria;p__Firmicutes;c__Clostridia;o__Clostridiales;f__Lachnospiraceae;g__Roseburia;s__Roseburia_hominis	k__Bacteria;p__Bacteroidetes;c__Bacteroidia;o__Bacteroidales;f__Porphyromonadaceae;g__Parabacteroides;s__Parabacteroides_johnsonii	k__Bacteria;p__Actinobacteria;c__Actinobacteria;o__Bifidobacteriales;f__Bifidobacteriaceae;g__Bifidobacterium;s__Bifidobacterium_longum	k__Bacteria;p__Firmicutes;c__Clostridia;o__Clostridiales;f__;g__Flavonifractor;s__Flavonifractor_plautii	k__Bacteria;p__Firmicutes;c__Clostridia;o__Clostridiales;f__Clostridiaceae;g__Clostridium;s__Clostridium_phoceensis	k__Bacteria;p__Verrucomicrobia;c__Verrucomicrobiae;o__Verrucomicrobiales;f__Akkermansiaceae;g__Akkermansia;s__Akkermansia_muciniphila	k__Bacteria;p__Bacteroidetes;c__Bacteroidia;o__Bacteroidales;f__Prevotellaceae;g__Paraprevotella;s__Paraprevotella_xylaniphila	k__Bacteria;p__Firmicutes;c__Clostridia;o__Clostridiales;f__Ruminococcaceae;g__Ruminococcus;s__Ruminococcus_callidus	k__Bacteria;p__Bacteroidetes;c__Bacteroidia;o__Bacteroidales;f__Rikenellaceae;g__Alistipes;s__Alistipes_senegalensis	k__Bacteria;p__Firmicutes;c__Clostridia;o__Clostridiales;f__Lachnospiraceae;g__Blautia;s__Blautia_sp._KLE_1732	k__Bacteria;p__Bacteroidetes;c__Bacteroidia;o__Bacteroidales;f__Bacteroidaceae;g__Bacteroides;s__Bacteroides_oleiciplenus	k__Bacteria;p__Firmicutes;c__Clostridia;o__Clostridiales;f__Ruminococcaceae;g__Ruminococcus;s__Ruminococcus_bicirculans	k__Bacteria;p__Bacteroidetes;c__Bacteroidia;o__Bacteroidales;f__Bacteroidaceae;g__Bacteroides;s__Bacteroides_fluxus	k__Bacteria;p__Bacteroidetes;c__Bacteroidia;o__Bacteroidales;f__Prevotellaceae;g__Prevotella;s__Prevotella_stercorea	k__Bacteria;p__Firmicutes;c__Clostridia;o__Clostridiales;f__Lachnospiraceae;g__Dorea;s__Dorea_longicatena	k__Bacteria;p__Firmicutes;c__Clostridia;o__Clostridiales;f__Eubacteriaceae;g__Eubacterium;s__[Eubacterium]_eligens	k__Bacteria;p__Firmicutes;c__Clostridia;o__Clostridiales;f__Ruminococcaceae;g__;s__Ruminococcaceae_bacterium_D16	k__Bacteria;p__Firmicutes;c__Clostridia;o__Clostridiales;f__Lachnospiraceae;g__Coprococcus;s__Coprococcus_comes	k__Bacteria;p__Proteobacteria;c__Gammaproteobacteria;o__Enterobacterales;f__Enterobacteriaceae;g__Escherichia;s__Escherichia_coli	k__Bacteria;p__Firmicutes;c__Clostridia;o__Clostridiales;f__Ruminococcaceae;g__Anaerotruncus;s__Anaerotruncus_colihominis	k__Bacteria;p__Firmicutes;c__Clostridia;o__Clostridiales;f__Lachnospiraceae;g__Blautia;s__Blautia_obeum	k__Bacteria;p__Bacteroidetes;c__Bacteroidia;o__Bacteroidales;f__Odoribacteraceae;g__Odoribacter;s__Odoribacter_laneus	k__Bacteria;p__Firmicutes;c__Clostridia;o__Clostridiales;f__Ruminococcaceae;g__Ruminiclostridium;s__[Clostridium]_leptum	k__Bacteria;p__Bacteroidetes;c__Bacteroidia;o__Bacteroidales;f__Porphyromonadaceae;g__Parabacteroides;s__Parabacteroides_goldsteinii	k__Bacteria;p__Firmicutes;c__Clostridia;o__Clostridiales;f__Lachnospiraceae;g__Anaerostipes;s__Anaerostipes_hadrus	k__Bacteria;p__Firmicutes;c__Clostridia;o__Clostridiales;f__Ruminococcaceae;g__Ruminococcus;s__Ruminococcus_lactaris	k__Bacteria;p__Firmicutes;c__Clostridia;o__Clostridiales;f__Clostridiaceae;g__Clostridium;s__Clostridium_sp._L2-50	k__Bacteria;p__Firmicutes;c__Clostridia;o__Clostridiales;f__Clostridiaceae;g__Clostridium;s__Clostridium_sp._M62/1	k__Bacteria;p__Firmicutes;c__Clostridia;o__Clostridiales;f__;g__Intestinimonas;s__Intestinimonas_butyriciproducens	k__Bacteria;p__Actinobacteria;c__Actinobacteria;o__Bifidobacteriales;f__Bifidobacteriaceae;g__Bifidobacterium;s__Bifidobacterium_bifidum	k__Bacteria;p__Firmicutes;c__Negativicutes;o__Veillonellales;f__Veillonellaceae;g__Dialister;s__Dialister_invisus	k__Bacteria;p__Bacteroidetes;c__Bacteroidia;o__Bacteroidales;f__Bacteroidaceae;g__Bacteroides;s__Bacteroides_salanitronis
k__Bacteria;p__Bacteroidetes;c__Bacteroidia;o__Bacteroidales;f__Bacteroidaceae;g__Bacteroides;s__Bacteroides_vulgatus	1.0	-0.00554875017623	-0.0410106766983	-0.104824425078	0.0217911188617	0.0124030913886	-0.0804299649196	-0.0117373732893	0.0740592611902	-0.00741808535136	0.00984661919435	-0.0604600824202	-0.0126854935444	-0.00122742724268	-0.0668111733067	-0.00254364339481	-0.103136782228	0.00110562913532	-0.0429698289862	-0.0349726696223	-0.0253388001946	-0.0690041462375	-0.0286820479599	0.0688125484101	0.0334244593856	-0.0746206503986	0.0124936585373	0.0654474804221	0.00380403570732	-0.0127490819541	-0.0638646705357	0.0907807300138	-0.0686490203846	0.0359763117987	0.00302683765025	0.0491154750024	0.119958286448	-0.0459327321875	-0.0592748747724	-0.0168913526787	-0.0344183281399	-0.0582018718453	-0.0614630391218	-0.0065264423498	0.0224951926821	0.0432945926025	-0.0759211827509	-0.0222094285931	-0.0377643263645	-0.0337672193668	-0.0881964478277	-0.0364248898745	-0.0685316554574	-0.00259052018653	0.10293209762	0.0105052195164	0.0391037192732	-0.066157568651	-0.0141245049485
k__Bacteria;p__Bacteroidetes;c__Bacteroidia;o__Bacteroidales;f__Bacteroidaceae;g__Bacteroides;s__Bacteroides_uniformis	-0.00554875017623	1.0	0.0813862600341	0.0402161409249	0.0209475554446	-0.0673058169498	-0.102963432209	0.0154304727941	-0.065345747834	0.0321083088776	0.00158103312125	0.0048624852593	-0.0211155910869	0.0636778485888	-0.0572593365615	-0.0720513459952	-0.0328986609236	-0.06294130568	0.0364759685766	0.0406945709713	0.033776287659	0.00934807154931	0.0464509878708	-0.0406604235386	-0.0345902468044	0.0101348698094	-0.0489175972625	-0.0263410287742	-0.0462010720344	-0.0180849461036	0.00613957157963	-0.0351569337257	-0.052176019078	0.0296920744889	0.0878304967254	-0.0163326942528	0.00387210885705	0.0161752071613	-0.0858813519468	-0.0552179266679	-0.0611788148797	-0.0793378438	0.0536478413833	-0.0176428846082	-0.0194923151164	-0.0345855496098	-0.0453734819138	-0.0351738472279	0.0581729590218	-0.0431720143544	-0.0206587135746	0.0106040656251	0.0409444502047	-0.00618637391091	-0.0246885088165	0.0240594577953	-0.0669241302776	-0.0205995802305	-0.0299572073425
k__Bacteria;p__Bacteroidetes;c__Bacteroidia;o__Bacteroidales;f__Rikenellaceae;g__Alistipes;s__Alistipes_putredinis	-0.0410106766983	0.0813862600341	1.0	-0.0236584046737	0.0107364590941	-0.0131493334536	-0.0582293262614	0.00725289042352	-0.125569055944	-0.066110274414	-0.00481779407758	-0.0176058270768	-0.0777539542021	-0.027631193326	0.0111214240859	0.0188020620165	-0.04240412026	-0.035148446105	-0.0280523641235	0.0102356973156	-0.0901699427127	0.00360800103798	-0.00564309907699	-0.0217076475685	0.000744834475046	-0.0326161047566	-0.0415547704323	-0.0876874825794	-0.062707385073	-0.0424324869022	0.0040848453011	-0.120405243469	0.0712587368968	-0.0416007052475	-0.0457817626844	-0.0330870725496	0.0308880632288	0.0269190975835	-0.0463154558683	-0.0346708121276	-0.0292238931468	0.0555409917216	-0.0292953217725	-0.0767635573058	0.0260150806153	-0.0329775694495	-0.0162533536084	0.0172943091805	-0.0262824982753	-0.118554883485	-0.00129494888429	0.0434278487343	0.0257060933323	-0.012738740637	0.0715030177678	-0.0900807054258	-0.0270969284916	-0.0367511757055	-0.00591708496174
k__Bacteria;p__Bacteroidetes;c__Bacteroidia;o__Bacteroidales;f__Prevotellaceae;g__Prevotella;s__Prevotella_copri	-0.104824425078	0.0402161409249	-0.0236584046737	1.0	0.0162727419392	-0.00736802180053	0.0444773080388	-0.0407657801132	-0.030220743407	-0.0143067268235	-0.0593505015364	-0.0079666297406	-0.0455187613741	-0.0411494833308	0.0977333459133	0.0126761111823	-0.0283116411179	-0.0515915694998	-0.0244964548924	-0.0157267614795	-0.0441512465629	-0.057993608815	-0.0329204732382	-0.026427302317	0.0270490743127	0.00561560440709	-0.0526475580788	0.0276044927781	-0.0473020834858	-0.0798925394666	-0.0141495019088	-0.040159335477	-0.0407494068056	0.00889585649444	-0.0137912605664	-0.0731467595145	-0.113683068497	-0.0593379867892	-0.0153976592832	-0.0165867246129	0.043964866379	-0.00192270175226	-0.00839216696454	-0.0277776618463	-0.00553825664921	0.0388910512226	-0.0667246399414	0.0193295347096	-0.0738886555934	-0.0282049771956	0.0921822450656	0.0192779676101	0.0650202997357	-0.000485623828649	-0.0278494117452	0.00716394247148	-0.0405517948599	0.0392213896299	0.0312846147957
k__Bacteria;p__Bacteroidetes;c__Bacteroidia;o__Bacteroidales;f__Bacteroidaceae;g__Bacteroides;s__Bacteroides_stercoris	0.0217911188617	0.0209475554446	0.0107364590941	0.0162727419392	1.0	-0.0181963234929	0.100143606579	0.0436287070327	-0.0760288186827	-0.026870315274	0.0326698957696	0.0408340917746	0.0843412959931	-0.0848000679832	-0.0293013259698	-0.0998951677169	-0.0235017381984	0.0365315585	-0.0760302095626	-0.0119305612321	-0.00465408846786	0.0259714090993	-0.00746462516799	0.0148778719406	-0.0324918969277	-0.014568609084	-0.0430275916596	0.0635645159998	0.0273303428949	-0.0187736532211	-0.0822654352722	-0.0205893116624	-0.0328870796913	-0.0309790646595	-0.0220523073837	-0.0603308716509	-0.0149125139451	0.00495176391714	-0.000697485704369	0.0369698627714	-0.00247851729517	-0.0844605858218	0.00306835024436	-0.00993938279813	-0.0684789821518	-0.0194124487219	-0.0959585159127	-0.0354984557709	0.00772161698783	0.0427937820383	-0.0290509040618	-0.0439269431625	-0.0123366564441	-0.0765151430016	0.015516003202	0.0343403021714	-0.00641750378423	-0.0119970435941	-0.0273921151685
k__Bacteria;p__Bacteroidetes;c__Bacteroidia;o__Bacteroidales;f__Bacteroidaceae;g__Bacteroides;s__Bacteroides_ovatus	0.0124030913886	-0.0673058169498	-0.0131493334536	-0.00736802180053	-0.0181963234929	1.0	0.046883039554	-0.0120157608199	0.0604022034937	-0.100171747459	-0.00537460989462	0.0526576033805	-0.08015901757	-0.00400677872269	-0.00394089978121	-0.0346723280153	-0.0634719215252	-0.0242016425226	-0.0540873255576	-0.0147588419108	-0.0345198650573	-0.0237264576898	0.011631896	-0.00618489867739	-0.0161580504662	0.00914666324996	-0.0200416065366	0.072570821454	0.0166578960477	-0.0638192880958	-0.0515644313496	0.00828816645645	-0.0223067690398	-0.00308730619564	0.0606934400302	0.021594928625	-0.0429761479526	-0.0145618878451	-0.106025793687	0.0151244106764	-0.0343452186428	-0.0329151999099	-0.103110105718	-0.0181704344176	-0.011077798387	0.0378623476815	-0.0956404559244	0.0297726407363	-0.0072335352237	-0.123910035246	-0.00436211513303	-0.0187603200024	0.0222031337671	-0.0100936263576	0.0136646452841	0.0117714909869	0.00494840996742	-0.0260806807704	-0.0189356540656
k__Bacteria;p__Bacteroidetes;c__Bacteroidia;o__Bacteroidales;f__Rikenellaceae;g__Alistipes;s__Alistipes_shahii	-0.0804299649196	-0.102963432209	-0.0582293262614	0.0444773080388	0.100143606579	0.046883039554	1.0	0.0387874228445	-0.0332545947556	-0.0729287986441	-8.17825741098e-05	0.0113318316134	0.0788351066877	0.0658746074306	-0.0923248354743	0.0976485717169	-0.0426624013623	-0.0289179443629	-0.0329813297924	-0.0413206300546	-0.00692046681472	-0.100349676972	-0.00914326363971	-0.00977811018687	-0.0366632630222	-0.0355417724909	-0.0158960560219	-0.00741974057559	-0.0108295180762	0.00250760250749	0.00980679899547	0.0630512724732	-0.00531265752001	0.0419774411609	-0.0595399628555	-0.0487345986964	-0.0194244468143	-0.0291129186086	-0.0134838471262	-0.0501496890498	-0.0252388655743	-0.0202585306834	-0.0332403360223	0.0427715998971	0.0630531108091	0.0740534974424	-0.0127845129601	-0.03933498158	0.00388692309861	-0.00641050142667	-0.012153033678	-0.0254059123507	-0.0607773995515	0.0138404548544	-0.0496931577257	-0.0539454841694	-0.0380258826078	-0.00956616166708	0.0818369635323
k__Bacteria;p__Firmicutes;c__Clostridia;o__Clostridiales;f__Ruminococcaceae;g__Faecalibacterium;s__Faecalibacterium_prausnitzii	-0.0117373732893	0.0154304727941	0.00725289042352	-0.0407657801132	0.0436287070327	-0.0120157608199	0.0387874228445	1.0	0.0272229858819	-0.0190235738644	0.0238536875146	0.00837277346346	0.135902405272	-0.0183670838582	-0.0505784525685	-0.0876944000791	-0.0395719619364	0.0224865422525	-0.00670753112136	-0.0137811534192	-0.056506574993	0.00923950153804	-0.0108436894332	-0.0247701680548	0.00836655344772	0.0125060000108	0.0279191003002	-0.00164286606712	-0.0161675097329	-0.00935758408539	-0.0332113030707	0.0447467595165	0.0155607242818	-0.0100363178739	0.0477783847761	-0.0100534623288	-0.0504694747514	-0.0370618284083	-0.0351857103811	-0.0466382762553	0.0253565974869	-0.011209254279	-0.0587373566536	-0.0837457662624	0.0379066916012	-0.0632049844876	0.0401232202246	-0.00675746252852	-0.0309921247428	0.0113569725267	-0.0387279831341	-0.0366398254283	-0.0225378736603	0.0709604897128	-0.0889043766714	-0.00665070329868	-0.046013424063	0.022361693983	-0.0849943462713
k__Bacteria;p__Bacteroidetes;c__Bacteroidia;o__Bacteroidales;f__Rikenellaceae;g__Alistipes;s__Alistipes_finegoldii	0.0740592611902	-0.065345747834	-0.125569055944	-0.030220743407	-0.0760288186827	0.0604022034937	-0.0332545947556	0.0272229858819	1.0	-0.0227289249637	-0.0913278817636	-0.0688971279108	-0.00600056262089	-0.0115571508583	0.0348862537338	0.0433504141934	0.0743469705836	-0.0281921313274	0.0411940389373	-0.0541999319889	-0.0703896046298	-0.0470461859675	0.00138424179166	0.0243470878536	-0.0401888099009	-0.0390223202949	0.0189376020293	0.0259523835878	-0.0019852019726	0.0147932549333	-0.0460335958413	-0.0127217324189	-0.0346604007563	-0.0378150299762	0.031569812062	-0.0417805710263	0.0726057269281	-0.0809386460811	-0.00600261912524	-0.0122063419379	-0.0211918158351	-0.0148780293582	-0.0358423744606	-0.0263447345277	-0.0159020983969	-0.0140120769764	-0.0508967661128	-0.092846030572	0.0311442770291	-0.0486547455773	-0.066086618012	0.0340140281189	0.0166192711702	0.0583446364813	-0.0098737012054	0.049902469206	-0.0123093225695	0.0439246547644	0.0072366174319
k__Bacteria;p__Bacteroidetes;c__Bacteroidia;o__Bacteroidales;f__Porphyromonadaceae;g__Parabacteroides;s__Parabacteroides_distasonis	-0.00741808535136	0.0321083088776	-0.066110274414	-0.0143067268235	-0.026870315274	-0.100171747459	-0.0729287986441	-0.0190235738644	-0.0227289249637	1.0	-0.0225624575753	-0.0105545015037	-0.053440574621	0.010119200949	0.0299820693999	-0.00525165839057	-0.0256638043753	0.0628846126362	0.00144355574363	0.036879649259	0.00185093979849	0.0354019636239	-0.11751056547	0.00384072454342	0.0755369380595	0.0112871184268	0.00434991435156	-0.00156503350072	-0.0344407282065	0.0514642579773	0.00941167440327	-0.036571788589	0.0308334525832	0.00456374776218	-0.0546298491126	0.109326861456	0.0166385469658	-0.115245918987	0.00499412448424	-0.0466402937545	0.0319739484989	0.0208025056953	0.048734125701	-0.041976654728	-0.0126718065195	-0.0922251379087	-0.0101183870536	-0.00530743740193	-0.0931510904527	-0.044699466272	-0.0194834768313	-0.0648035844465	0.0179386042234	-0.0389851497782	0.016472620459	-0.0264523814506	-0.00898437514654	0.057834766923	0.00338667217502
k__Bacteria;p__Bacteroidetes;c__Bacteroidia;o__Bacteroidales;f__Bacteroidaceae;g__Bacteroides;s__Bacteroides_thetaiotaomicron	0.00984661919435	0.00158103312125	-0.00481779407758	-0.0593505015364	0.0326698957696	-0.00537460989462	-8.17825741096e-05	0.0238536875146	-0.0913278817636	-0.0225624575753	1.0	0.0217657217389	0.0435532013803	0.0213723188619	-0.063750575572	-0.0675532189588	-0.0141019555337	0.0107802105121	-0.00784622415539	-0.0428372751046	0.0155154289843	0.0466876898128	-0.0160435147391	-0.0361753332754	-0.0566468486109	-0.0278989202152	-0.0310017010989	0.0187295399986	-0.0458308545439	0.00345134687309	-0.0372716172143	0.028866010919	0.0318652207244	-0.0187123190776	-0.0110676346792	-0.0460004568893	0.00362223743744	-0.0307133534492	0.011029073926	-0.0500740813424	-0.0449889341198	-0.0185237140479	0.0759634417582	0.0210464621467	0.0604306550775	-0.00823371834991	-0.0265924537799	-0.0359727201132	-0.0760942459711	-0.0473276845661	0.0415112404842	0.0551056988474	0.0445194033717	-0.00077091998572	-0.0173910036483	0.0253624016804	-0.0271520222388	-0.0684435679776	-0.0660842849032
k__Bacteria;p__Bacteroidetes;c__Bacteroidia;o__Bacteroidales;f__Bacteroidaceae;g__Bacteroides;s__Bacteroides_coprocola	-0.0604600824202	0.0048624852593	-0.0176058270768	-0.0079666297406	0.0408340917746	0.0526576033805	0.0113318316134	0.00837277346346	-0.0688971279108	-0.0105545015037	0.0217657217389	1.0	-0.0286871456235	0.0369468316566	0.0237474048752	0.0136515135623	0.000902076899777	-0.0392762203138	0.0218035971751	0.00985814594637	-0.0413272637606	0.00570777266455	-0.13319803871	-0.0242353745957	-0.0123140993084	-0.0113299691041	-0.0199960138169	0.0431789589156	0.0623402232842	-0.0802527327326	-0.0423653083077	-0.0375026989668	-0.141880964506	-0.0777123854146	-0.000751282792273	-0.0504613978485	-0.0198824961583	-0.020105044769	-0.0647160928149	-0.0297559117425	-0.043505034868	0.0551978966898	-0.0316976436912	-0.0218376596178	0.01195864098	0.0377736682523	-0.00688035975713	0.00429945773401	-0.00327558409334	-0.0339613207451	0.0175302725704	-0.0582806714476	-0.0420543075044	-0.0539876282319	0.00321879110799	-0.0332373235342	0.00721336907527	-0.0315992481501	0.0493998291925
k__Bacteria;p__Bacteroidetes;c__Bacteroidia;o__Bacteroidales;f__Bacteroidaceae;g__Bacteroides;s__Bacteroides_cellulosilyticus	-0.0126854935444	-0.0211155910869	-0.0777539542021	-0.0455187613741	0.0843412959931	-0.08015901757	0.0788351066877	0.135902405272	-0.00600056262089	-0.053440574621	0.0435532013803	-0.0286871456235	1.0	0.0296227604013	-0.00985830233672	-0.0170826117329	0.0433442694922	0.0244734020448	0.0419997650417	-0.0942201068039	0.0145964794862	0.0407784786271	-0.00124755574988	-0.0677776863838	-0.00538829322486	-0.0159618051892	-0.00594669421938	-0.0163239038059	-0.00963981227498	0.0526513521818	0.00425096724175	0.0409679200974	0.0215052512505	-0.0338759793554	-0.0374171318573	-0.0777787484575	-0.053409162613	-0.0267074023198	0.0284449884686	-0.0525918702608	0.00464315862801	0.0393747542577	-0.0291588125167	0.0182549180429	0.0251344496852	0.00315103819689	-0.0181706089852	-0.0276914915881	-0.0805927023256	0.00165218493264	0.000197145916687	-0.0415369088432	-0.0293500692601	0.0240679656326	0.0112764212129	-0.0667650945627	-0.0308671443607	-0.0688461841678	-0.0381426781588
k__Bacteria;p__Bacteroidetes;c__Bacteroidia;o__Bacteroidales;f__Rikenellaceae;g__Alistipes;s__Alistipes_obesi	-0.00122742724268	0.0636778485888	-0.027631193326	-0.0411494833308	-0.0848000679832	-0.00400677872269	0.0658746074306	-0.0183670838582	-0.0115571508583	0.010119200949	0.0213723188619	0.0369468316566	0.0296227604013	1.0	-0.00567763928227	0.0346067288551	0.0280293271236	-0.0265532215821	-0.00305499099334	-0.040730883939	-0.0626932515268	-0.0767929742522	-0.0512747967535	-0.0270844657188	-0.0154004557117	-0.0348705709682	0.0878513666659	0.00624184031329	0.0114106728351	0.0169200898744	0.0435150827054	0.0333806570395	-0.0117501212349	-0.128084725771	-0.0436918649105	0.0416452328085	-0.0370169265359	-0.0572546268933	-0.0182914422802	0.0556612141438	-0.0745205402541	-0.103266105242	-0.0387564115565	-0.0536138001335	-0.0289531063396	-0.0161721428299	-0.0189843544965	-0.0798821274115	0.0344270165911	-0.0267197285444	-0.0465835571238	0.0309305786096	-0.0456727422121	-0.0527707990848	-0.0520456882517	-0.015134114905	-0.0157535320429	0.0627101028862	0.0191348896231
k__Bacteria;p__Firmicutes;c__Clostridia;o__Clostridiales;f__Lachnospiraceae;g__;s__[Eubacterium]_rectale	-0.0668111733067	-0.0572593365615	0.0111214240859	0.0977333459133	-0.0293013259698	-0.00394089978121	-0.0923248354743	-0.0505784525685	0.0348862537338	0.0299820693999	-0.063750575572	0.0237474048752	-0.00985830233672	-0.00567763928227	1.0	-0.0192121547959	0.0566290154325	-0.0524900924812	-0.0378365679325	-0.0571066387956	-0.00131140377815	-0.0835079014073	0.0389283948048	0.0222725286484	-0.0173751967872	-0.0677081895499	0.0107078500638	0.00926731687516	-0.0333793874804	-0.00816099769489	0.00189069829287	-0.000862057432754	-0.0933049243209	-0.0394963121464	0.0136907259976	0.00500427581775	0.0357929052334	0.0161413640859	-0.00107092817002	0.0109882085146	-0.0741180331236	0.00227373845489	0.0681192583787	0.0169827381518	0.0219932975731	-0.0341385163016	-0.0715781089923	-0.104387973319	-0.0652108660773	0.0661389439904	-0.00983424171018	0.0125467800836	0.0264292835525	0.0223038956957	-0.041333184057	-0.00808087951617	-0.0407162493258	0.0410928376405	-0.0166449859345
k__Bacteria;p__Bacteroidetes;c__Bacteroidia;o__Bacteroidales;f__Bacteroidaceae;g__Bacteroides;s__Bacteroides_plebeius	-0.00254364339481	-0.0720513459952	0.0188020620165	0.0126761111823	-0.0998951677169	-0.0346723280153	0.0976485717169	-0.0876944000791	0.0433504141934	-0.00525165839057	-0.0675532189588	0.0136515135623	-0.0170826117329	0.0346067288551	-0.0192121547959	1.0	-0.0988500906231	-0.0284358693162	-0.0421691271061	-0.0716391946707	-0.0944638133832	0.0554822005364	-0.0092780088625	-0.11483280125	-0.0148283116211	-0.0602988872557	-0.00291465001047	-0.0529651045533	0.0317540130921	-0.0440736903085	-0.0172707731134	0.0396093484971	0.109009578311	0.0305273937953	0.00534971490621	0.0178347392089	-0.0269622599285	0.0145144398066	-0.0752617657802	0.0626893963342	-0.00816627025578	0.0836476929603	-0.0449717779407	-0.0669219559164	-0.0832962918285	0.0561512491338	-0.018819850224	0.0526425661637	-0.073646297095	-0.0381651794616	-0.0136727987495	0.0337367898162	0.0374049729407	-0.0187040197959	0.0166855940213	-0.07042913711	-0.0192071788993	-0.0251715477497	-0.0132008902106
k__Bacteria;p__Bacteroidetes;c__Bacteroidia;o__Bacteroidales;f__Bacteroidaceae;g__Bacteroides;s__Bacteroides_fragilis	-0.103136782228	-0.0328986609236	-0.04240412026	-0.0283116411179	-0.0235017381984	-0.0634719215252	-0.0426624013623	-0.0395719619364	0.0743469705836	-0.0256638043753	-0.0141019555337	0.000902076899777	0.0433442694922	0.0280293271236	0.0566290154325	-0.0988500906231	1.0	-0.112913746447	0.0520599692502	0.00826459167359	0.00374966984006	-0.0159327458963	-0.0125133301947	-0.0512536749244	-0.0325106253821	0.0426437027676	-0.0791249773865	-0.0906513950133	0.0620016912003	0.0166065247687	0.0254820547266	-0.0960698713933	-0.0369873664459	-0.04275759853	0.0185173564323	-0.0960387237304	-0.02449546758	-0.0593671878658	-0.0130119307997	0.0299873427117	0.0360367001562	-0.0814570450061	-0.0331411027257	-0.028890767921	-0.0407192381329	-0.108281675644	0.00414565855678	-0.023671100881	0.0488521597326	0.00134476703901	0.0386274370594	0.033935753971	-0.00690459314399	-0.0378877945435	0.0396525019483	-0.0896027449784	0.0105609134462	0.019062923558	-0.0596872997932
k__Bacteria;p__Proteobacteria;c__Betaproteobacteria;o__Burkholderiales;f__Sutterellaceae;g__Sutterella;s__Sutterella_wadsworthensis	0.00110562913532	-0.06294130568	-0.035148446105	-0.0515915694998	0.0365315585	-0.0242016425226	-0.0289179443629	0.0224865422525	-0.0281921313274	0.0628846126362	0.0107802105121	-0.0392762203138	0.0244734020448	-0.0265532215821	-0.0524900924812	-0.0284358693162	-0.112913746447	1.0	-0.100437196411	-0.0104086460603	-0.0198392971196	0.0944534106565	-0.000786595762804	-0.0388361160733	-0.0378844548953	-0.0270509868507	0.0147099631035	0.0241739415216	0.0505043477319	-0.0322874596962	0.0615292763779	0.00878955565209	-0.0453436361312	-0.0133396153751	-0.0525034590105	0.0176302618838	0.0247069918518	0.0134569226269	0.0159256787824	-0.0535041666832	0.0651098187521	-0.0148296662575	-0.000469570020004	0.0193761070361	-0.01775916676	-0.040278922449	0.0306420860915	-0.0600319978764	0.0548532087041	0.110825882548	-0.0635243023549	0.0226404983712	0.0693677727632	0.00953078594007	0.00337596663543	0.0409136953521	-0.0662584817513	-0.0556466557961	-0.0355899916828
k__Bacteria;p__Bacteroidetes;c__Bacteroidia;o__Bacteroidales;f__Porphyromonadaceae;g__Barnesiella;s__Barnesiella_intestinihominis	-0.0429698289862	0.0364759685766	-0.0280523641235	-0.0244964548924	-0.0760302095626	-0.0540873255576	-0.0329813297924	-0.00670753112136	0.0411940389373	0.00144355574363	-0.00784622415539	0.0218035971751	0.0419997650417	-0.00305499099334	-0.0378365679325	-0.0421691271061	0.0520599692502	-0.100437196411	1.0	-0.0300616760116	-0.133975667945	-0.00613072121804	-0.0050005137867	0.0288989333767	0.0159287346968	0.0574290854359	0.0401841677132	-0.0372481501436	-0.118714396138	0.0381972357022	-0.0624362578586	-0.0209859822543	-0.00460395955751	-0.0597158918741	-0.0832215441336	-0.0132908845524	-0.0403951005004	-0.0378441567027	-0.01579070444	0.104703325002	0.0016540720534	-0.0740913815192	0.018686916463	0.0170502640801	0.0228366528419	-0.0156088148991	-0.0987946858624	0.0650154184375	0.0347662143792	0.044008191812	0.0203448758778	-0.0583276820144	-0.0400946222462	-0.0614937765305	-0.0376162446415	-0.0493444011217	0.0699026049905	-0.0102084255529	-0.0171680061265
k__Bacteria;p__Bacteroidetes;c__Bacteroidia;o__Bacteroidales;f__Odoribacteraceae;g__Odoribacter;s__Odoribacter_splanchnicus	-0.0349726696223	0.0406945709713	0.0102356973156	-0.0157267614795	-0.0119305612321	-0.0147588419108	-0.0413206300546	-0.0137811534192	-0.0541999319889	0.036879649259	-0.0428372751046	0.00985814594637	-0.0942201068039	-0.040730883939	-0.0571066387956	-0.0716391946707	0.00826459167359	-0.0104086460603	-0.0300616760116	1.0	-0.0377114415495	0.0495950652159	-0.0479478140801	0.0384847479418	-0.000197612155499	0.0255314376967	0.0242369809238	-0.0392905326572	0.00531234572054	-0.0236178336665	0.0393390266719	-0.0232599888556	0.03514441961	0.00618791682109	-0.12700874056	0.0107608861404	-0.0139313221826	-0.0269525217733	-0.0206620430754	0.0428947967219	-0.0167056243065	0.0230584685305	-0.0267440464116	0.0504569346445	-0.0155610224584	-0.0600618728605	0.0360863100606	-0.0352926894993	-0.00736286750266	0.0510677685989	-0.0224880597	-0.0300917401135	0.0067705139009	-0.0828586772084	-0.0233413563519	-0.046014939771	0.0488918430367	-0.0238819394365	-0.0100337498109
k__Bacteria;p__Bacteroidetes;c__Bacteroidia;o__Bacteroidales;f__Bacteroidaceae;g__Bacteroides;s__Bacteroides_salyersiae	-0.0253388001946	0.033776287659	-0.0901699427127	-0.0441512465629	-0.00465408846786	-0.0345198650573	-0.00692046681472	-0.056506574993	-0.0703896046298	0.00185093979849	0.0155154289843	-0.0413272637606	0.0145964794862	-0.0626932515268	-0.00131140377815	-0.0944638133832	0.00374966984006	-0.0198392971196	-0.133975667945	-0.0377114415495	1.0	-0.0835957601649	0.130659691354	-0.0282340055125	0.010507002393	0.0130532111005	0.0728445392423	-0.0302167449537	0.00995879388296	0.0461378663289	-0.0585402261067	0.0369910578662	-0.0361516345421	0.0708389259404	-0.021013241265	-0.0148261693571	-0.0263420261595	-0.063934143715	0.00104243910063	0.0275170128889	0.0219855413984	-0.0121391203961	-0.0045273414889	0.0342012016358	-0.0129453250978	-0.0639097290431	-0.0274807484837	-0.00219592498217	-0.0865665263293	-0.12314678545	0.0406548076878	-0.157999284298	-0.0996775190996	0.0096990948925	0.0027177763761	0.0640232281891	-0.04556455896	0.0994785768595	0.0155162905243
k__Bacteria;p__Firmicutes;c__Clostridia;o__Clostridiales;f__Ruminococcaceae;g__Ruminiclostridium;s__[Eubacterium]_siraeum	-0.0690041462375	0.00934807154931	0.00360800103798	-0.057993608815	0.0259714090993	-0.0237264576898	-0.100349676972	0.00923950153804	-0.0470461859675	0.0354019636239	0.0466876898128	0.00570777266455	0.0407784786271	-0.0767929742522	-0.0835079014073	0.0554822005364	-0.0159327458963	0.0944534106565	-0.00613072121804	0.0495950652159	-0.0835957601649	1.0	-0.0283111495752	-0.0894882864191	-0.0355526030159	-0.0299203366745	0.0306535114342	-0.0620609451	-0.0351492957014	-0.0373008967936	0.082123979483	0.00644028847261	-0.0146618781565	-0.00729961721423	-0.0569950057955	-0.0366133862536	0.0566875777917	-0.0277185475345	-0.0637835284264	0.0405666731526	0.0407036285565	-0.0361646600429	0.00598032434646	-0.0867577894318	-0.0363959922975	0.0666309526938	-0.0303268554737	0.0964416019416	0.000452281872222	-0.0558926919359	0.0252195193762	0.0453648152608	-0.0331787236194	-0.0210271512491	-0.070355076641	-0.043053462463	-0.0371650407043	-0.0552925211931	0.0190134159642
k__Bacteria;p__Proteobacteria;c__Betaproteobacteria;o__Burkholderiales;f__Sutterellaceae;g__Parasutterella;s__Parasutterella_excrementihominis	-0.0286820479599	0.0464509878708	-0.00564309907699	-0.0329204732382	-0.00746462516799	0.011631896	-0.00914326363971	-0.0108436894332	0.00138424179166	-0.11751056547	-0.0160435147391	-0.13319803871	-0.00124755574988	-0.0512747967535	0.0389283948048	-0.0092780088625	-0.0125133301947	-0.000786595762804	-0.0050005137867	-0.0479478140801	0.130659691354	-0.0283111495752	1.0	0.0694015580492	0.0481037464253	-0.0516427816786	0.0204680881375	-0.0289367789086	-0.0364580279453	0.0247362552802	-0.0294049368208	-0.0337909824311	-0.0431707578864	-0.0063923410371	0.0890630807318	0.0105098752764	0.0273623816338	-0.0600843887733	-0.0656895757418	-0.000228483948288	-0.0626427436871	-0.0211732695891	0.0380178136599	0.0269724076434	0.0394425587387	0.00579710911065	0.00541346011117	-0.0230554080727	-0.0544434458905	0.0238178826461	0.0414364868484	0.0363541364205	-0.0397567914913	0.015665178724	0.053909218636	-0.0115401590039	0.0168427256047	-0.033332935295	-0.0718887895738
k__Bacteria;p__Actinobacteria;c__Actinobacteria;o__Bifidobacteriales;f__Bifidobacteriaceae;g__Bifidobacterium;s__Bifidobacterium_adolescentis	0.0688125484101	-0.0406604235386	-0.0217076475685	-0.026427302317	0.0148778719406	-0.00618489867739	-0.00977811018687	-0.0247701680548	0.0243470878536	0.00384072454342	-0.0361753332754	-0.0242353745957	-0.0677776863838	-0.0270844657188	0.0222725286484	-0.11483280125	-0.0512536749244	-0.0388361160733	0.0288989333767	0.0384847479418	-0.0282340055125	-0.0894882864191	0.0694015580492	1.0	-0.0362797604654	0.0303208803466	0.0587291728707	-0.0396990827876	0.00822727708125	0.0145129644951	0.0335722825836	-0.064585875246	-0.0302285909858	-0.0349522755247	-0.0816057746377	0.0487853307602	0.0478590571098	-0.0452507946346	0.0301213900965	-0.0156386660941	-0.0346752375337	-0.00775640707849	0.0176495512875	0.0731144731722	-0.0409412693538	-0.0651592765253	-0.0917854479154	-0.00890238908447	-0.056473280324	0.0503108422954	0.0801901047637	-0.0137995921692	-0.0565790499729	-0.0329819555501	-0.0627106822676	0.03954580326	0.033099917358	-0.0262872032665	-0.0469741161355
k__Bacteria;p__Firmicutes;c__Clostridia;o__Clostridiales;f__Oscillospiraceae;g__Oscillibacter;s__Oscillibacter_sp._KLE_1745	0.0334244593856	-0.0345902468044	0.000744834475046	0.0270490743127	-0.0324918969277	-0.0161580504662	-0.0366632630222	0.00836655344772	-0.0401888099009	0.0755369380595	-0.0566468486109	-0.0123140993084	-0.00538829322486	-0.0154004557117	-0.0173751967872	-0.0148283116211	-0.0325106253821	-0.0378844548953	0.0159287346968	-0.000197612155499	0.010507002393	-0.0355526030159	0.0481037464253	-0.0362797604654	1.0	0.0039637310272	-0.00764438028239	-0.0298160171312	0.00922677686524	-0.100819100305	0.000171324055011	0.0301513864113	-0.0265857981512	-0.0934751687151	0.00531383081725	-0.0107376997756	0.00938839551695	0.0102647016663	-0.0310312808826	0.0378111392198	-0.014714867117	0.00586949062732	-0.0642660057891	0.000489991691304	-0.00703288888077	0.0488971764677	-0.0796540850327	-0.022451483426	-0.00233251885955	0.0730449396459	-0.0241391420977	-0.0140985704257	-0.0297534954663	0.0345382673762	-0.0318537793244	0.0376882219288	-0.0954307130877	-0.0570048678239	-0.00880587521348
k__Bacteria;p__Bacteroidetes;c__Bacteroidia;o__Bacteroidales;f__Bacteroidaceae;g__Bacteroides;s__Bacteroides_coprophilus	-0.0746206503986	0.0101348698094	-0.0326161047566	0.00561560440709	-0.014568609084	0.00914666324996	-0.0355417724909	0.0125060000108	-0.0390223202949	0.0112871184268	-0.0278989202152	-0.0113299691041	-0.0159618051892	-0.0348705709682	-0.0677081895499	-0.0602988872557	0.0426437027676	-0.0270509868507	0.0574290854359	0.0255314376967	0.0130532111005	-0.0299203366745	-0.0516427816786	0.0303208803466	0.0039637310272	1.0	-0.021697429204	-0.0507720977912	-0.0129664428906	0.0115696373912	0.034082827237	-0.0157274391729	-0.0427374266317	-0.00705093601539	-0.0267077030805	-0.0504255170848	0.0107727766656	-0.0834853273339	-0.00935352630464	-0.0203012785005	0.0305830395003	0.046728861659	-0.0477979385005	0.032767129195	0.0486258965338	0.00746572403545	-0.00245708094651	0.0802858836389	0.0229039226044	0.0536645092566	-6.08964648723e-05	-0.0367091947402	-0.0370162173773	0.0973877850599	-0.0347111371616	0.0137821300776	-0.0419302414541	-0.0535517803611	-0.028824294713
k__Bacteria;p__Firmicutes;c__Clostridia;o__Clostridiales;f__Lachnospiraceae;g__Roseburia;s__Roseburia_intestinalis	0.0124936585373	-0.0489175972625	-0.0415547704323	-0.0526475580788	-0.0430275916596	-0.0200416065366	-0.0158960560219	0.0279191003002	0.0189376020293	0.00434991435156	-0.0310017010989	-0.0199960138169	-0.00594669421938	0.0878513666659	0.0107078500638	-0.00291465001047	-0.0791249773865	0.0147099631035	0.0401841677132	0.0242369809238	0.0728445392423	0.0306535114342	0.0204680881375	0.0587291728707	-0.00764438028239	-0.021697429204	1.0	-0.0251726237626	-0.00578254341119	0.0154923000171	-0.0622634879905	-0.0284837545974	-0.0109578395098	0.025483294107	-0.0263501444745	-0.0492782741196	-0.00408124735168	0.0264982540473	-0.0452492100039	-0.03917024338	-0.0136240894014	-0.0277122428346	0.0169530008983	-0.074327966208	-0.0464555325254	0.00938312514946	-0.0111918937788	0.0283065560108	0.0455541418769	-0.0946051261461	0.0406181951856	0.0126232122083	-0.0479435653154	-0.0116499796312	-0.106654586134	-0.0194645826417	-0.021790535633	0.0280891431607	0.00685553722815
k__Bacteria;p__Firmicutes;c__Clostridia;o__Clostridiales;f__Lachnospiraceae;g__Roseburia;s__Roseburia_hominis	0.0654474804221	-0.0263410287742	-0.0876874825794	0.0276044927781	0.0635645159998	0.072570821454	-0.00741974057559	-0.00164286606712	0.0259523835878	-0.00156503350072	0.0187295399986	0.0431789589156	-0.0163239038059	0.00624184031329	0.00926731687516	-0.0529651045533	-0.0906513950133	0.0241739415216	-0.0372481501436	-0.0392905326572	-0.0302167449537	-0.0620609451	-0.0289367789086	-0.0396990827876	-0.0298160171312	-0.0507720977912	-0.0251726237626	1.0	0.00199570170526	0.0222766512303	-0.0546942663602	-0.0445434347275	0.00275132225438	-0.0510145491551	0.0111232697374	-0.0207918226085	-0.0375630496695	-0.0180681508782	0.0111351213547	-0.0340653070371	0.0251862846453	0.0619259125323	0.0503639730035	-0.0456723968781	-0.0315782131432	-0.0409512781179	-0.0680390223515	-0.0160553813538	-0.0565725942287	-0.0455749877036	0.00620246567845	-0.141254408736	-0.0266161085536	0.0125491584889	0.0323682791719	0.0206732819081	0.00859076324997	0.0485755408106	-0.00272187706267
k__Bacteria;p__Bacteroidetes;c__Bacteroidia;o__Bacteroidales;f__Porphyromonadaceae;g__Parabacteroides;s__Parabacteroides_johnsonii	0.00380403570732	-0.0462010720344	-0.062707385073	-0.0473020834858	0.0273303428949	0.0166578960477	-0.0108295180762	-0.0161675097329	-0.0019852019726	-0.0344407282065	-0.0458308545439	0.0623402232842	-0.00963981227498	0.0114106728351	-0.0333793874804	0.0317540130921	0.0620016912003	0.0505043477319	-0.118714396138	0.00531234572054	0.00995879388296	-0.0351492957014	-0.0364580279453	0.00822727708125	0.00922677686524	-0.0129664428906	-0.00578254341119	0.00199570170526	1.0	-0.0474640849622	-0.00288964313621	0.0331939734521	-0.018920943158	0.0392554623587	-0.0423034692404	0.0340066116337	-0.0138014688968	-0.000386507657151	0.0393847953067	-0.0738121687931	0.115456145803	0.00451077459422	-0.0972858311949	-0.0376791932608	-0.0716063678745	-0.00999939665146	0.0931448650274	-0.0296396192954	-0.0419677433251	0.0423026473415	-0.0583696592293	-0.0448753020901	-0.0723974625855	0.00810100370597	0.0384672246271	-0.0793941286679	-0.0645774519948	0.00946961328968	-0.049275802961
k__Bacteria;p__Actinobacteria;c__Actinobacteria;o__Bifidobacteriales;f__Bifidobacteriaceae;g__Bifidobacterium;s__Bifidobacterium_longum	-0.0127490819541	-0.0180849461036	-0.0424324869022	-0.0798925394666	-0.0187736532211	-0.0638192880958	0.00250760250749	-0.00935758408539	0.0147932549333	0.0514642579773	0.00345134687309	-0.0802527327326	0.0526513521818	0.0169200898744	-0.00816099769489	-0.0440736903085	0.0166065247687	-0.0322874596962	0.0381972357022	-0.0236178336665	0.0461378663289	-0.0373008967936	0.0247362552802	0.0145129644951	-0.100819100305	0.0115696373912	0.0154923000171	0.0222766512303	-0.0474640849622	1.0	-0.0386487389633	0.00969950607805	0.00312111495715	-0.0137664448764	-0.0308385982134	-0.05229377661	-0.0406890534032	-0.0191575645592	0.0160173646123	-0.030043666817	0.00401028480626	-0.0159308996886	0.0691356933436	-0.01836414216	0.0541067826855	-0.0761930634449	-0.0358992623932	-0.0901274717201	-0.00399050923118	0.0235427629055	-0.103777378624	-0.00672517497784	-0.0211633125175	0.0105570479656	0.0338795479125	0.00119386604427	-0.0386807362436	0.0489400568282	0.0878005354382
