#taxonomy	k__Bacteria;p__Bacteroidetes;c__Bacteroidia;o__Bacteroidales;f__Bacteroidaceae;g__Bacteroides;s__Bacteroides_vulgatus	k__Bacteria;p__Bacteroidetes;c__Bacteroidia;o__Bacteroidales;f__Bacteroidaceae;g__Bacteroides;s__Bacteroides_uniformis	k__Bacteria;p__Bacteroidetes;c__Bacteroidia;o__Bacteroidales;f__Rikenellaceae;g__Alistipes;s__Alistipes_putredinis	k__Bacteria;p__Bacteroidetes;c__Bacteroidia;o__Bacteroidales;f__Prevotellaceae;g__Prevotella;s__Prevotella_copri	k__Bacteria;p__Bacteroidetes;c__Bacteroidia;o__Bacteroidales;f__Bacteroidaceae;g__Bacteroides;s__Bacteroides_stercoris	k__Bacteria;p__Bacteroidetes;c__Bacteroidia;o__Bacteroidales;f__Bacteroidaceae;g__Bacteroides;s__Bacteroides_ovatus	k__Bacteria;p__Bacteroidetes;c__Bacteroidia;o__Bacteroidales;f__Rikenellaceae;g__Alistipes;s__Alistipes_shahii	k__Bacteria;p__Firmicutes;c__Clostridia;o__Clostridiales;f__Ruminococcaceae;g__Faecalibacterium;s__Faecalibacterium_prausnitzii	k__Bacteria;p__Bacteroidetes;c__Bacteroidia;o__Bacteroidales;f__Rikenellaceae;g__Alistipes;s__Alistipes_finegoldii	k__Bacteria;p__Bacteroidetes;c__Bacteroidia;o__Bacteroidales;f__Porphyromonadaceae;g__Parabacteroides;s__Parabacteroides_distasonis	k__Bacteria;p__Bacteroidetes;c__Bacteroidia;o__Bacteroidales;f__Bacteroidaceae;g__Bacteroides;s__Bacteroides_thetaiotaomicron	k__Bacteria;p__Bacteroidetes;c__Bacteroidia;o__Bacteroidales;f__Bacteroidaceae;g__Bacteroides;s__Bacteroides_coprocola	k__Bacteria;p__Bacteroidetes;c__Bacteroidia;o__Bacteroidales;f__Bacteroidaceae;g__Bacteroides;s__Bacteroides_cellulosilyticus	k__Bacteria;p__Bacteroidetes;c__Bacteroidia;o__Bacteroidales;f__Rikenellaceae;g__Alistipes;s__Alistipes_obesi	k__Bacteria;p__Firmicutes;c__Clostridia;o__Clostridiales;f__Lachnospiraceae;g__;s__[Eubacterium]_rectale	k__Bacteria;p__Bacteroidetes;c__Bacteroidia;o__Bacteroidales;f__Bacteroidaceae;g__Bacteroides;s__Bacteroides_plebeius	k__Bacteria;p__Bacteroidetes;c__Bacteroidia;o__Bacteroidales;f__Bacteroidaceae;g__Bacteroides;s__Bacteroides_fragilis	k__Bacteria;p__Proteobacteria;c__Betaproteobacteria;o__Burkholderiales;f__Sutterellaceae;g__Sutterella;s__Sutterella_wadsworthensis	k__Bacteria;p__Bacteroidetes;c__Bacteroidia;o__Bacteroidales;f__Porphyromonadaceae;g__Barnesiella;s__Barnesiella_intestinihominis	k__Bacteria;p__Bacteroidetes;c__Bacteroidia;o__Bacteroidales;f__Odoribacteraceae;g__Odoribacter;s__Odoribacter_splanchnicus	k__Bacteria;p__Bacteroidetes;c__Bacteroidia;o__Bacteroidales;f__Bacteroidaceae;g__Bacteroides;s__Bacteroides_salyersiae	k__Bacteria;p__Firmicutes;c__Clostridia;o__Clostridiales;f__Ruminococcaceae;g__Ruminiclostridium;s__[Eubacterium]_siraeum	k__Bacteria;p__Proteobacteria;c__Betaproteobacteria;o__Burkholderiales;f__Sutterellaceae;g__Parasutterella;s__Parasutterella_excrementihominis	k__Bacteria;p__Actinobacteria;c__Actinobacteria;o__Bifidobacteriales;f__Bifidobacteriaceae;g__Bifidobacterium;s__Bifidobacterium_adolescentis	k__Bacteria;p__Firmicutes;c__Clostridia;o__Clostridiales;f__Oscillospiraceae;g__Oscillibacter;s__Oscillibacter_sp._KLE_1745	k__Bacteria;p__Bacteroidetes;c__Bacteroidia;o__Bacteroidales;f__Bacteroidaceae;g__Bacteroides;s__Bacteroides_coprophilus	k__Bacteria;p__Firmicutes;c__Clostridia;o__Clostridiales;f__Lachnospiraceae;g__Roseburia;s__Roseburia_intestinalis	k__Bacteria;p__Firmicutes;c__Clostridia;o__Clostridiales;f__Lachnospiraceae;g__Roseburia;s__Roseburia_hominis	k__Bacteria;p__Bacteroidetes;c__Bacteroidia;o__Bacteroidales;f__Porphyromonadaceae;g__Parabacteroides;s__Parabacteroides_johnsonii	k__Bacteria;p__Actinobacteria;c__Actinobacteria;o__Bifidobacteriales;f__Bifidobacteriaceae;g__Bifidobacterium;s__Bifidobacterium_longum	k__Bacteria;p__Firmicutes;c__Clostridia;o__Clostridiales;f__;g__Flavonifractor;s__Flavonifractor_plautii	k__Bacteria;p__Firmicutes;c__Clostridia;o__Clostridiales;f__Clostridiaceae;g__Clostridium;s__Clostridium_phoceensis	k__Bacteria;p__Verrucomicrobia;c__Verrucomicrobiae;o__Verrucomicrobiales;f__Akkermansiaceae;g__Akkermansia;s__Akkermansia_muciniphila	k__Bacteria;p__Bacteroidetes;c__Bacteroidia;o__Bacteroidales;f__Prevotellaceae;g__Paraprevotella;s__Paraprevotella_xylaniphila	k__Bacteria;p__Firmicutes;c__Clostridia;o__Clostridiales;f__Ruminococcaceae;g__Ruminococcus;s__Ruminococcus_callidus	k__Bacteria;p__Bacteroidetes;c__Bacteroidia;o__Bacteroidales;f__Rikenellaceae;g__Alistipes;s__Alistipes_senegalensis	k__Bacteria;p__Firmicutes;c__Clostridia;o__Clostridiales;f__Lachnospiraceae;g__Blautia;s__Blautia_sp._KLE_1732	k__Bacteria;p__Bacteroidetes;c__Bacteroidia;o__Bacteroidales;f__Bacteroidaceae;g__Bacteroides;s__Bacteroides_oleiciplenus	k__Bacteria;p__Firmicutes;c__Clostridia;o__Clostridiales;f__Ruminococcaceae;g__Ruminococcus;s__Ruminococcus_bicirculans	k__Bacteria;p__Bacteroidetes;c__Bacteroidia;o__Bacteroidales;f__Bacteroidaceae;g__Bacteroides;s__Bacteroides_fluxus	k__Bacteria;p__Bacteroidetes;c__Bacteroidia;o__Bacteroidales;f__Prevotellaceae;g__Prevotella;s__Prevotella_stercorea	k__Bacteria;p__Firmicutes;c__Clostridia;o__Clostridiales;f__Lachnospiraceae;g__Dorea;s__Dorea_longicatena	k__Bacteria;p__Firmicutes;c__Clostridia;o__Clostridiales;f__Eubacteriaceae;g__Eubacterium;s__[Eubacterium]_eligens	k__Bacteria;p__Firmicutes;c__Clostridia;o__Clostridiales;f__Ruminococcaceae;g__;s__Ruminococcaceae_bacterium_D16	k__Bacteria;p__Firmicutes;c__Clostridia;o__Clostridiales;f__Lachnospiraceae;g__Coprococcus;s__Coprococcus_comes	k__Bacteria;p__Proteobacteria;c__Gammaproteobacteria;o__Enterobacterales;f__Enterobacteriaceae;g__Escherichia;s__Escherichia_coli	k__Bacteria;p__Firmicutes;c__Clostridia;o__Clostridiales;f__Ruminococcaceae;g__Anaerotruncus;s__Anaerotruncus_colihominis	k__Bacteria;p__Firmicutes;c__Clostridia;o__Clostridiales;f__Lachnospiraceae;g__Blautia;s__Blautia_obeum	k__Bacteria;p__Bacteroidetes;c__Bacteroidia;o__Bacteroidales;f__Odoribacteraceae;g__Odoribacter;s__Odoribacter_laneus	k__Bacteria;p__Firmicutes;c__Clostridia;o__Clostridiales;f__Ruminococcaceae;g__Ruminiclostridium;s__[Clostridium]_leptum	k__Bacteria;p__Bacteroidetes;c__Bacteroidia;o__Bacteroidales;f__Porphyromonadaceae;g__Parabacteroides;s__Parabacteroides_goldsteinii	k__Bacteria;p__Firmicutes;c__Clostridia;o__Clostridiales;f__Lachnospiraceae;g__Anaerostipes;s__Anaerostipes_hadrus	k__Bacteria;p__Firmicutes;c__Clostridia;o__Clostridiales;f__Ruminococcaceae;g__Ruminococcus;s__Ruminococcus_lactaris	k__Bacteria;p__Firmicutes;c__Clostridia;o__Clostridiales;f__Clostridiaceae;g__Clostridium;s__Clostridium_sp._L2-50	k__Bacteria;p__Firmicutes;c__Clostridia;o__Clostridiales;f__Clostridiaceae;g__Clostridium;s__Clostridium_sp._M62/1	k__Bacteria;p__Firmicutes;c__Clostridia;o__Clostridiales;f__;g__Intestinimonas;s__Intestinimonas_butyriciproducens	k__Bacteria;p__Actinobacteria;c__Actinobacteria;o__Bifidobacteriales;f__Bifidobacteriaceae;g__Bifidobacterium;s__Bifidobacterium_bifidum	k__Bacteria;p__Firmicutes;c__Negativicutes;o__Veillonellales;f__Veillonellaceae;g__Dialister;s__Dialister_invisus	k__Bacteria;p__Bacteroidetes;c__Bacteroidia;o__Bacteroidales;f__Bacteroidaceae;g__Bacteroides;s__Bacteroides_salanitronis
k__Bacteria;p__Bacteroidetes;c__Bacteroidia;o__Bacteroidales;f__Bacteroidaceae;g__Bacteroides;s__Bacteroides_vulgatus	1.0	-0.0360811186246	-0.12774648123	0.0405233678149	-0.0206209931327	-0.0574182336746	-0.0451446575437	-0.00123642582421	-0.0219013236279	-0.00363632785854	0.0402418324801	-0.0100509119293	-0.0834283602882	-0.0246622411109	0.0612183140556	0.0138789523158	0.00740161682896	-0.026236041349	-0.0136177312547	-0.000752214317245	0.0201838241153	-0.0431300836229	0.0876855446712	0.0140060421223	0.00151718992999	0.0183495913734	0.0195661727476	0.0547057881323	-0.0916434571523	-0.0302509999283	-0.0269849922238	0.0278697597012	-0.0606533716604	0.0376189061839	0.00490875412751	-0.00426221280238	-0.0841039522802	-0.06770146397	0.00319887350177	-0.0296802385014	0.0307928081799	-0.0727088244029	-0.0697728939175	0.067059284292	0.0250312081233	-0.0431513135827	0.00479068233532	0.00578166735158	-0.000634659144694	-0.0160678413915	0.0306781352027	0.00822269783782	-0.0638452865075	0.0237835356788	0.0110635891843	0.00652303593053	0.0107643326571	-0.000662554239337	-0.0834143497694
k__Bacteria;p__Bacteroidetes;c__Bacteroidia;o__Bacteroidales;f__Bacteroidaceae;g__Bacteroides;s__Bacteroides_uniformis	-0.0360811186246	1.0	-0.0302303295344	-0.0243013658816	0.0219801429887	0.0388948906379	-0.0293319581316	0.0135003231333	-0.0675395458812	0.0706294765312	-0.0164031413417	0.0153808202169	-0.0324166648548	-0.102107270641	-0.0287874557179	0.0198585497098	0.0393336450868	0.0238577874726	-0.00785421031671	-0.0297847750022	-0.0656352396636	0.0124444707573	0.0220014388896	-0.0505331967618	-0.0333035820555	-0.0260219090762	-0.0141291884182	0.0575823911771	0.0137593833055	0.0379185155382	0.00950765201196	-0.0785862468247	-0.0737939883652	0.0759161125672	-0.0711433280772	-0.091023944752	-0.0717740584751	-0.014986706504	0.0305464581888	-0.00876226837735	0.0232558564467	0.0032775775752	-0.0844807899665	-0.0272138426869	-0.0193627191415	-0.0157175609429	-0.0316122621113	0.032758964897	-0.0267589153854	-0.0584551892305	0.00767220537458	-0.00496841624591	-0.0505627425123	-0.0227663140808	0.00908398673265	-0.0154708104546	0.0419096694514	0.0454919621234	0.00503865635351
k__Bacteria;p__Bacteroidetes;c__Bacteroidia;o__Bacteroidales;f__Rikenellaceae;g__Alistipes;s__Alistipes_putredinis	-0.12774648123	-0.0302303295344	1.0	0.0652192709369	-0.0896739022638	-0.0124357340372	0.0430980524509	-0.0538293626061	-0.070838944207	0.0215923610285	-0.0665723477146	-0.0678139264933	-0.00891453572031	-0.00291919318666	0.0187684401295	-0.00507180086004	-0.0557052760678	0.0384555305154	0.0271021664702	-0.0107165453943	-0.0635041182294	-0.00746414967317	-0.0570714693436	-0.0324200429941	0.000348286474238	-0.0805289912643	-0.00805761182934	-0.0195857397361	-0.0661870332767	0.0695762226567	0.0190476846937	0.00862014149334	-0.0508559675779	0.00941144780944	0.0147581805874	0.0396831847134	-0.033425803483	-0.0064281208719	0.0411686727821	-0.0439807062529	-0.0550641356445	-0.00843194747402	0.00970101606342	0.0667018979163	0.0121832593504	0.00673456068398	-0.00186463460919	-0.048107774493	-0.00864994364847	0.028265409132	-0.0139993345126	0.0301752960071	-0.0356064715806	-0.0384446179988	-0.0506506780814	0.0461530024937	-0.044071732365	0.0410769012799	0.0330065069178
k__Bacteria;p__Bacteroidetes;c__Bacteroidia;o__Bacteroidales;f__Prevotellaceae;g__Prevotella;s__Prevotella_copri	0.0405233678149	-0.0243013658816	0.0652192709369	1.0	-0.0168893712864	-0.0124674831426	-0.0809812262066	0.00547444647288	0.00294637250873	0.0171258120099	-0.0484745239765	-0.0645235799505	0.0256880894227	-0.101745275478	-0.00217822207846	-0.0104603079435	-0.0110863308199	-0.055730416023	0.0579288183797	0.0399082900576	-0.0225742032597	-0.00638935478892	-0.0420096816446	-0.0643071473097	-0.0548540561538	0.0286836282202	0.0484125075326	0.0450339510508	-0.0481770788817	0.0244258904303	-0.0857966721086	0.14681470208	-0.088153346542	-0.0935743497345	-0.0404083477727	0.023834433549	-0.00825470956836	-0.0317315974704	0.038851367497	-0.010872831235	-0.000481180492398	0.0427229724872	0.0972626589587	-0.0596312617922	0.0413351573304	-0.0291351812894	-0.0616111880926	-0.0425383188343	-0.0529512636626	-0.085115399713	0.0364264776552	0.00376022998294	0.0118709941354	-0.115092369728	0.088419124049	0.0176125939453	-0.0343250977298	0.00339821929797	-0.00429493830595
k__Bacteria;p__Bacteroidetes;c__Bacteroidia;o__Bacteroidales;f__Bacteroidaceae;g__Bacteroides;s__Bacteroides_stercoris	-0.0206209931327	0.0219801429887	-0.0896739022638	-0.0168893712864	1.0	-0.0502402313568	0.00251024858886	-0.0254789702518	0.00282049109871	-0.00724092314968	-0.0436837565389	-0.0209329695963	0.0325961066066	-0.0701799374618	0.011597534835	-0.113356297813	-0.0551341156726	-0.0970501310422	-0.0296705356892	-0.0177101428129	0.0210788715918	0.00356151191844	-0.00551685151891	-0.0547406925687	0.0088868377741	-0.0170483021462	-0.025607896058	-0.0533857580603	0.0340896664948	-0.0570607207161	0.096207879381	0.0212330858552	-0.0513674745552	-0.00670365939699	0.0100762876278	0.00570616848965	0.022700436428	-0.0488267450061	-0.0432171179201	-0.0788844591282	-0.0532590295312	0.00344326887144	0.0261703490776	0.0253053199072	-0.04930472922	-0.0497262746138	-0.0178330806116	-0.0804963697816	0.0172388338737	-0.0406319400588	0.0211172410213	-0.00312851611994	-0.101324293923	-0.00325357060778	0.0127663552703	0.0592227679436	-0.067784237524	-0.0233014225097	0.00663797941327
k__Bacteria;p__Bacteroidetes;c__Bacteroidia;o__Bacteroidales;f__Bacteroidaceae;g__Bacteroides;s__Bacteroides_ovatus	-0.0574182336746	0.0388948906379	-0.0124357340372	-0.0124674831426	-0.0502402313568	1.0	0.0268750822556	0.0907796806215	-0.035219597356	0.000428015445987	0.0393704838907	-0.00690624814051	0.0409690802723	-0.0695313435656	-0.0633312748723	-0.0224845609925	0.0818277529762	-0.0757761124284	0.00613455126794	-0.0653816358776	0.0537225001504	0.0217233226605	-0.044075072715	0.0536045176979	-0.0687618184046	0.0262540426563	-0.045787034208	-0.0531479909789	0.0431002422256	0.0164812868069	0.0530322230168	0.0706819294107	0.0709597949184	0.00532636131258	-0.0729327268045	-0.00490781001366	0.0241576352815	-0.0736188890589	0.045849688068	-0.0624177969246	0.0245543588565	0.0694689143213	-0.00390714945596	-0.0647194649166	0.0108878977439	-0.0315013680947	-0.0101762645757	-0.0468501863554	0.110260226879	-0.044718854536	-0.0367229263234	-0.0935886921667	0.0280451140406	-0.0627150832171	0.00821420517971	-0.0041759651903	0.104051850399	0.0167851211605	-0.00226342377097
k__Bacteria;p__Bacteroidetes;c__Bacteroidia;o__Bacteroidales;f__Rikenellaceae;g__Alistipes;s__Alistipes_shahii	-0.0451446575437	-0.0293319581316	0.0430980524509	-0.0809812262066	0.00251024858886	0.0268750822556	1.0	-0.0666396574767	0.0291357284673	-0.0285868284229	-0.00430842454049	-0.0213975569391	-0.000667194963192	-0.0229737426962	-0.018501449491	-0.0517212706779	-0.0394289688488	-0.064132476242	0.027655375109	-0.00149666177198	-0.0518492001081	-0.048329527129	0.0694483158351	0.0185054231358	-0.0741688465894	-0.0261030751013	-0.0542908213392	-0.0221705108805	0.019270510194	0.0488611297229	-0.0948097232602	-0.124463130904	-0.00162343336526	0.00413468053186	-0.0319255619606	-0.0114587034961	-0.0307348352994	-0.058528134547	-0.0118118181602	0.0449240860782	-0.0363277377498	-0.0833486009054	0.0691703429694	-0.0356190978428	-0.0276529830305	-0.0154192410867	-0.00214730269679	-0.0634745081406	-0.0148678576952	0.00597090089259	-0.024826011266	-0.0712091051991	0.00563173071861	0.0111530398166	-0.00419530202973	-0.0240969011767	-0.0482058493444	0.108745966957	0.0210258926724
k__Bacteria;p__Firmicutes;c__Clostridia;o__Clostridiales;f__Ruminococcaceae;g__Faecalibacterium;s__Faecalibacterium_prausnitzii	-0.00123642582421	0.0135003231333	-0.0538293626061	0.00547444647288	-0.0254789702518	0.0907796806215	-0.0666396574767	1.0	0.00245439535849	-0.0798144971712	-0.00637607863256	0.00538490797372	0.00548776054244	-0.0114586755914	0.00867041445994	-0.0101893095799	0.043559047884	0.0780414630554	-0.106865479431	0.049889904759	-0.0550837767709	-0.0222918861428	-0.00411781558007	0.0241045891786	-0.0856679403342	-0.0578680898458	-0.0271594612654	0.0718831965058	-0.0792135987099	0.082671368768	0.011469868059	-0.00361877942964	0.015885380532	-0.0672793742745	0.0129117135854	-0.039319761493	-0.0237156615244	0.00151234548071	0.00917229359032	-0.0980936988179	0.0107523404412	0.0145525208363	-0.0500140067817	0.0239794684511	-0.0584595052265	-0.0683723109068	0.00388807020053	-0.0395636860016	-0.0237839064807	0.00571378421452	-0.0449381001562	0.0111596154785	-0.00670868760012	-0.0665798354425	0.0408073814946	-0.102343267443	0.00237530862508	-0.0540665621614	0.0489626488743
k__Bacteria;p__Bacteroidetes;c__Bacteroidia;o__Bacteroidales;f__Rikenellaceae;g__Alistipes;s__Alistipes_finegoldii	-0.0219013236279	-0.0675395458812	-0.070838944207	0.00294637250873	0.00282049109871	-0.035219597356	0.0291357284673	0.00245439535849	1.0	-0.00126040417579	-0.00152270730904	0.0525772274738	0.0471700089592	-0.00201690312806	-0.019816031622	-0.0231333789619	-0.0131828337004	0.120377354961	-0.0559546507333	-0.0462140744167	0.00895509970598	-0.0606774888201	-0.0795267002221	-0.046551109842	0.0171697185171	-0.0788839522239	-0.052234480253	-0.0491866740209	0.0399237976827	0.0486341624987	-0.0138168335136	-0.00184768710377	-0.0693166865691	-0.0712375383737	0.0141632174104	-0.0241341867329	-0.0271920065901	0.0380569392181	-0.0254593999041	0.0244193697425	-0.0637654492414	0.0136622584146	0.0190376664528	-0.0313665157965	0.0319428431288	-0.0336873393102	-0.0581559062153	-0.0378861929511	-0.0356994801329	0.006969053305	0.0654178287055	-0.0053170894768	-0.00452149789207	0.0196910462379	-0.0472244478071	0.00789828483291	-0.00763733371214	0.0566433631653	-0.0400276443002
k__Bacteria;p__Bacteroidetes;c__Bacteroidia;o__Bacteroidales;f__Porphyromonadaceae;g__Parabacteroides;s__Parabacteroides_distasonis	-0.00363632785854	0.0706294765312	0.0215923610285	0.0171258120099	-0.00724092314968	0.000428015445987	-0.0285868284229	-0.0798144971712	-0.00126040417579	1.0	-0.047505407564	0.00506157279078	0.0280112954699	0.0312564982383	0.0393902645617	-0.00111123032268	-0.0494187401294	1.72532672044e-05	0.00101679200412	0.0241730466495	-0.0700331990982	-0.057210069008	0.000265420970553	-0.0595399030833	-0.000495285668648	-0.0285730421129	-0.038105190428	0.0105259696752	0.00038591144396	0.00384507566135	0.0293687604731	0.0255744653715	-0.0134137677413	-0.0498439664811	-0.0355549956137	-0.0391789872311	0.024452678744	-0.00760424885475	0.0251920126826	0.0386512034475	-0.0651055881543	0.0223931002961	-0.0305216939368	-0.0580462264952	0.0113783650814	-0.0102237070599	0.0433203715471	-0.0329342126116	-0.00416848457819	0.0736130534436	0.0157905467769	0.0030849467444	0.0128730286017	0.00478995545301	-0.0193087578345	-0.0608507284169	-0.015363619269	-0.0606411934886	0.0298458171186
k__Bacteria;p__Bacteroidetes;c__Bacteroidia;o__Bacteroidales;f__Bacteroidaceae;g__Bacteroides;s__Bacteroides_thetaiotaomicron	0.0402418324801	-0.0164031413417	-0.0665723477146	-0.0484745239765	-0.0436837565389	0.0393704838907	-0.00430842454049	-0.00637607863256	-0.00152270730904	-0.047505407564	1.0	0.000639672375397	-0.0568272429343	-0.00694246717915	0.0132959292749	-0.081407422771	0.0454883364348	-0.0598408716012	-0.0523405113009	0.0439126142306	0.0464921524263	0.0259262155937	-0.0306362440931	-0.0568825352275	0.00622575183447	-0.0455531868092	-0.0940926659304	-0.0327725107156	-0.0153759008864	0.0599789943787	-0.0105765025372	-0.0834777204588	0.0662324258808	-0.00630494571643	0.0660157710241	0.0470763700048	-0.0225322050727	-0.0116863637745	-0.0702514581886	-0.0403667358083	-0.0720713506727	-0.0401043203289	-0.0392092933778	-0.0388427404683	-4.7785634017e-05	0.0552162413446	-0.0721036280717	-0.0499487629413	-0.00247841993433	-0.00378536906567	0.0343966832549	-0.124434882627	0.0227538358544	0.00348516269657	-0.0430077776328	0.0146645597925	-0.105252257993	0.0142279699667	-0.0117219459052
k__Bacteria;p__Bacteroidetes;c__Bacteroidia;o__Bacteroidales;f__Bacteroidaceae;g__Bacteroides;s__Bacteroides_coprocola	-0.0100509119293	0.0153808202169	-0.0678139264933	-0.0645235799505	-0.0209329695963	-0.00690624814051	-0.0213975569391	0.00538490797372	0.0525772274738	0.00506157279078	0.000639672375397	1.0	-0.0671039944997	0.0468797761253	0.00256743002274	-0.121192605543	-0.0804223412077	-0.0144683993148	-0.113760753217	-0.0522277299053	-0.0332209086423	-0.001281609647	0.0311707491546	0.00710382534135	-0.0683856968977	0.0304019190407	-0.0629931541199	-0.0837450105572	0.00946421344071	0.0477956547289	0.0478228102809	-0.0140743004387	-0.0542817647398	-0.0551277618845	-0.0301367550207	-0.11175500111	0.0382070618341	0.0547963434956	-0.0337880975722	-0.0388537200363	-0.0692761451022	0.105334402798	-0.0293936811751	0.0153619959753	-0.0924630213524	0.0445298814775	-0.0349032447576	-0.0327070947485	0.0159235290665	0.062364030813	-0.0120722860971	-0.00958752740413	-0.0698936451198	0.0453434196048	0.0106251905489	-0.0404379746034	0.0526715663714	-0.0440602346142	-0.00883725685815
k__Bacteria;p__Bacteroidetes;c__Bacteroidia;o__Bacteroidales;f__Bacteroidaceae;g__Bacteroides;s__Bacteroides_cellulosilyticus	-0.0834283602882	-0.0324166648548	-0.00891453572031	0.0256880894227	0.0325961066066	0.0409690802723	-0.000667194963192	0.00548776054244	0.0471700089592	0.0280112954699	-0.0568272429343	-0.0671039944997	1.0	-0.0577350487858	-0.0473913157424	-0.0550169986846	0.000971390615833	-0.0193853651186	-0.0502755914617	0.016243273434	-0.0413086450463	-0.0703426510944	0.0257369729704	-0.0209981769794	-0.0187800975482	-0.06559295599	0.0296005001532	0.0224489363866	-0.0192396157233	0.0803425939418	0.0746472489893	0.022401866021	-0.0683937963185	-0.0143794174231	-0.0321425218943	-0.0328464473652	-0.0539463779099	0.0166215313369	-0.0521563157174	0.0981631273966	-0.0537603288343	0.0561899836857	0.00368108805214	7.2809437722e-05	0.0117628433462	-0.105110001249	0.0161486555786	0.0147319791678	-0.10349749545	0.0110444402159	0.0769852617666	0.00152893577667	-0.0216447765106	-0.086034204578	-0.0146383716535	0.00862851974899	-0.0515913563695	0.0170136839331	-0.0135886038414
k__Bacteria;p__Bacteroidetes;c__Bacteroidia;o__Bacteroidales;f__Rikenellaceae;g__Alistipes;s__Alistipes_obesi	-0.0246622411109	-0.102107270641	-0.00291919318666	-0.101745275478	-0.0701799374618	-0.0695313435656	-0.0229737426962	-0.0114586755914	-0.00201690312806	0.0312564982383	-0.00694246717915	0.0468797761253	-0.0577350487858	1.0	0.0383110006404	0.0243753482596	-0.0475012182368	0.0348770174879	-0.0117572220088	-0.0311299749621	-0.025162080285	0.0369145507125	-0.0091023882997	-0.0305077845204	0.00878075350826	0.0312557542386	-0.0409310596662	-0.124262822311	-0.0211228909629	0.0578112530569	-0.073862870147	0.0269165228158	0.0104142417433	0.0279902629247	0.082048168819	-0.00934411127266	-0.0209133958768	0.074386711093	0.0460240035011	-0.0757068722657	-0.0481076999514	-0.0272886137892	0.0216540621839	-0.00272620368963	0.0709015337452	0.0394368111618	-0.0723282962492	0.0161131676422	0.00375978732945	-0.0260140219348	-0.0667569735703	-0.000662067934651	-0.0550039651696	-0.0100918765554	-0.0225370932114	-0.0428371763787	0.0197974760889	0.0350217956752	0.0647412094322
k__Bacteria;p__Firmicutes;c__Clostridia;o__Clostridiales;f__Lachnospiraceae;g__;s__[Eubacterium]_rectale	0.0612183140556	-0.0287874557179	0.0187684401295	-0.00217822207846	0.011597534835	-0.0633312748723	-0.018501449491	0.00867041445994	-0.019816031622	0.0393902645617	0.0132959292749	0.00256743002274	-0.0473913157424	0.0383110006404	1.0	0.0675011829275	-0.0754920736694	-0.0267175646982	-0.00965750370184	-0.0443318100329	0.0105541074381	0.0222159197462	-0.0640707672325	-0.0525475761795	0.0269807288859	-0.0244426221029	-0.076919575028	0.0140167644431	0.0161064836645	-0.0175417697841	0.0401241688473	0.0202739408734	-0.0901451913188	-0.0251645784018	0.00501751881127	-0.0402567781867	0.0433771646911	0.00681978917265	-0.0131790933278	0.0102252159312	0.000703122853331	-0.0352784488707	-0.0587331408972	0.0375831322843	-0.0169734222719	-0.0237733340402	-0.0305622523466	-0.0255642965842	0.0182615910927	-0.00385302475868	-0.00937200680596	-0.0629507516599	-0.0612473120197	-0.0496076075844	-0.0754848527799	-0.0732557990689	-0.0359509673737	0.0140050632971	-0.0234923224321
k__Bacteria;p__Bacteroidetes;c__Bacteroidia;o__Bacteroidales;f__Bacteroidaceae;g__Bacteroides;s__Bacteroides_plebeius	0.0138789523158	0.0198585497098	-0.00507180086004	-0.0104603079435	-0.113356297813	-0.0224845609925	-0.0517212706779	-0.0101893095799	-0.0231333789619	-0.00111123032268	-0.081407422771	-0.121192605543	-0.0550169986846	0.0243753482596	0.0675011829275	1.0	-0.0159789089311	0.031382180045	0.0171859767434	-0.0698994191351	0.0213250354602	-0.0839361493258	0.0553280383055	-0.0415086598951	-0.0957567541933	-0.00362809712058	0.0497199178941	-0.0095600314504	0.00836047428047	0.0261315806103	-0.0361037602855	-0.0388992015372	-0.0167772066636	0.00110051933505	0.067404663582	0.000195132611793	-0.046876068265	0.011680836378	0.00266023940933	0.0029891520323	-0.0243577305424	0.084508273391	-0.0147833493967	0.0610574740638	-0.0587933448206	-0.00806377739385	0.0315532653544	0.0464976563081	-0.125934686181	-0.0742763292877	-0.0903349661664	0.040993628195	0.0095938895606	0.020270405486	0.0543235792237	0.0139784830698	-0.00785571054211	0.00631322665903	0.0331048003018
k__Bacteria;p__Bacteroidetes;c__Bacteroidia;o__Bacteroidales;f__Bacteroidaceae;g__Bacteroides;s__Bacteroides_fragilis	0.00740161682896	0.0393336450868	-0.0557052760678	-0.0110863308199	-0.0551341156726	0.0818277529762	-0.0394289688488	0.043559047884	-0.0131828337004	-0.0494187401294	0.0454883364348	-0.0804223412077	0.000971390615833	-0.0475012182368	-0.0754920736694	-0.0159789089311	1.0	0.00932630429284	-0.0279643111284	0.0614287892807	0.00493153959879	0.0378658633553	-0.0261133647386	0.0146115809816	-0.0200567168772	-0.0203461498805	0.0124079239566	-0.0309608253379	-0.0188245905198	-0.0432836943585	-0.0390574167994	-0.030046409992	-0.0148994031964	0.02929132099	-0.0134549891414	0.115845221634	0.0203709340635	0.0755901041858	-0.0611252160623	0.033134437647	-0.0192436459461	-0.0601034810976	0.0245109607324	-0.0482495376676	0.0241243106918	-0.0384615967436	0.00718698971834	-0.0767700508709	0.0372757016134	-0.013520974227	0.00339058487064	0.0190233518189	-0.0227307453136	0.00878807293659	0.0423028975222	-0.0188536295302	-0.0368815509577	-0.0684175435844	-0.0189700878562
k__Bacteria;p__Proteobacteria;c__Betaproteobacteria;o__Burkholderiales;f__Sutterellaceae;g__Sutterella;s__Sutterella_wadsworthensis	-0.026236041349	0.0238577874726	0.0384555305154	-0.055730416023	-0.0970501310422	-0.0757761124284	-0.064132476242	0.0780414630554	0.120377354961	1.72532672044e-05	-0.0598408716012	-0.0144683993148	-0.0193853651186	0.0348770174879	-0.0267175646982	0.031382180045	0.00932630429284	1.0	-0.0431911798382	0.0121740386331	-0.0555752629123	-0.0702325818274	-0.0375496653472	-0.0502969757229	-0.0458490588035	0.0245509443531	0.00469615473351	-0.0388025667264	-0.0373072290954	-0.0154878611193	-0.124758447238	-0.000730564723432	0.0588321555757	-0.0390232454218	0.0249450345295	-0.0672191825241	-0.0179519082547	-0.0456074489444	0.0366388522702	0.0114693476951	-0.0336958168978	0.0304083902716	0.0328145419923	-0.000575444369586	-0.0329942777409	0.0154071704608	0.0404792176804	-0.00276805909376	-0.0872512203055	-0.0224269630612	-0.116875212597	0.0547363014628	-0.0614636839616	-0.0890402059991	-0.0484464047154	-0.00387211672937	-0.0524462407907	0.0843970117118	-0.0562545291044
k__Bacteria;p__Bacteroidetes;c__Bacteroidia;o__Bacteroidales;f__Porphyromonadaceae;g__Barnesiella;s__Barnesiella_intestinihominis	-0.0136177312547	-0.00785421031671	0.0271021664702	0.0579288183797	-0.0296705356892	0.00613455126794	0.027655375109	-0.106865479431	-0.0559546507333	0.00101679200412	-0.0523405113009	-0.113760753217	-0.0502755914617	-0.0117572220088	-0.00965750370184	0.0171859767434	-0.0279643111284	-0.0431911798382	1.0	-0.0804086125774	-0.0308869939291	-0.0318199850254	-0.0223877669349	0.0185193954204	0.0142332412553	-0.0334515404782	0.0441313315132	0.0655058693508	0.0600170858481	-0.0313501550017	0.0107102673541	-0.0222336949738	-0.0279153237167	0.0297973127932	-0.00136609269506	0.00399827988912	0.00128922391658	-0.051089644301	0.0444526501355	0.00162993962325	-0.0702423505806	-0.0378176014659	-0.0245019233342	-0.054489870964	-0.0325000898301	-0.00468066518049	-0.0477736220785	-0.00980740704023	-0.0390239043525	-0.0925667183987	-0.0771100975006	-0.040592473852	0.0496913941761	-0.0193831755583	0.0212235003775	0.0492588963354	-0.00546715726164	0.0156452887131	-0.000492641154647
k__Bacteria;p__Bacteroidetes;c__Bacteroidia;o__Bacteroidales;f__Odoribacteraceae;g__Odoribacter;s__Odoribacter_splanchnicus	-0.000752214317245	-0.0297847750022	-0.0107165453943	0.0399082900576	-0.0177101428129	-0.0653816358776	-0.00149666177198	0.049889904759	-0.0462140744167	0.0241730466495	0.0439126142306	-0.0522277299053	0.016243273434	-0.0311299749621	-0.0443318100329	-0.0698994191351	0.0614287892807	0.0121740386331	-0.0804086125774	1.0	-0.00263457083484	-0.0890301044976	-0.00417679455702	-0.0413874095355	-0.0676231761109	0.0517128861451	0.0527932607345	-0.0207363549296	0.0290635000326	-0.00346686984588	-0.10141372499	0.0174605590085	-0.0798977019059	0.00548967519673	-0.0311836996312	-0.0537025228321	0.0402149316686	0.0249584195093	-0.0258469186334	-0.0284152644417	-0.0420024566868	-0.00905136966535	-0.0304989567463	-0.0106551878941	0.00232307352502	0.0277195163501	-0.131028164674	-0.068538207676	0.031908741291	0.00839759520371	-0.00698939217452	-0.0262494569493	0.0737879247852	-0.0397483418294	-0.0272520017822	-0.0383017616161	0.0294300697005	-0.0597611556927	-0.0402035515129
k__Bacteria;p__Bacteroidetes;c__Bacteroidia;o__Bacteroidales;f__Bacteroidaceae;g__Bacteroides;s__Bacteroides_salyersiae	0.0201838241153	-0.0656352396636	-0.0635041182294	-0.0225742032597	0.0210788715918	0.0537225001504	-0.0518492001081	-0.0550837767709	0.00895509970597	-0.0700331990982	0.0464921524263	-0.0332209086423	-0.0413086450463	-0.025162080285	0.0105541074381	0.0213250354602	0.00493153959879	-0.0555752629123	-0.0308869939291	-0.00263457083484	1.0	0.0124611694876	-0.0112342375763	-0.103207272237	0.0265214191635	-0.0366316802992	-0.0388645767428	0.0770870909283	0.00387537587163	-0.0240659747208	0.116913590301	-0.00468422221157	-0.0931400374702	-0.00684885137856	0.00760505017554	-0.0382535590492	0.0389388100968	0.0645242301606	-0.0266972333197	-0.000159486787285	0.0116855912542	-0.0474102053069	0.0120809394721	-0.00562694495517	0.065384649429	0.0345445019922	-0.0373072182255	-0.147222525293	-0.0941421941411	-0.0108175388232	-0.079962135704	0.0825566851497	-0.0739596293627	0.00472444071522	0.022004590986	-0.0120805308416	-0.0604040489712	-0.0221165200793	0.0510624767595
k__Bacteria;p__Firmicutes;c__Clostridia;o__Clostridiales;f__Ruminococcaceae;g__Ruminiclostridium;s__[Eubacterium]_siraeum	-0.0431300836229	0.0124444707573	-0.00746414967317	-0.00638935478892	0.00356151191844	0.0217233226605	-0.048329527129	-0.0222918861428	-0.0606774888201	-0.057210069008	0.0259262155937	-0.001281609647	-0.0703426510944	0.0369145507125	0.0222159197462	-0.0839361493258	0.0378658633553	-0.0702325818274	-0.0318199850254	-0.0890301044976	0.0124611694876	1.0	-0.0881560857797	0.0438912101783	0.0216583431753	-0.0981269977761	-0.096974802835	-0.101365098264	0.0145586835903	-0.131395992197	0.0571602797127	0.00347415951263	-0.0542851501487	0.000841780224457	-0.0372095519408	0.0204163856802	-0.00321943477772	-0.0446268104387	0.041447062989	0.0335583912866	-0.0542979045743	0.00184129357172	-0.0478432648548	0.0110452681343	-0.0473077382101	0.0233981104413	-0.0158157941809	0.0328969379752	0.0451032731156	0.00207048825204	-0.0426788722675	-0.0104813573756	0.0321036183261	-0.0234935196771	0.0252369302564	0.0176852379695	-0.0130638708536	0.00353327118008	-0.00691959863505
k__Bacteria;p__Proteobacteria;c__Betaproteobacteria;o__Burkholderiales;f__Sutterellaceae;g__Parasutterella;s__Parasutterella_excrementihominis	0.0876855446712	0.0220014388896	-0.0570714693436	-0.0420096816446	-0.00551685151891	-0.044075072715	0.0694483158351	-0.00411781558007	-0.0795267002221	0.000265420970554	-0.0306362440931	0.0311707491546	0.0257369729704	-0.0091023882997	-0.0640707672325	0.0553280383055	-0.0261133647386	-0.0375496653472	-0.0223877669349	-0.00417679455702	-0.0112342375763	-0.0881560857797	1.0	-0.0210368866009	0.00635252034991	0.056343026267	-0.00306126894752	-0.0272895165207	-0.0353858964181	-0.0378167842996	-0.00211252512109	-0.0715905967344	-0.0336925202089	0.031164106368	-0.0310568944419	-0.0332649541484	0.0277054954476	0.0539152693967	-0.0349209465455	-0.0355522505673	0.0187693153398	-0.111932810863	0.0396064944099	-0.00385215740879	0.0921832029063	-0.0146598177021	-0.0135188630763	0.0329905356525	-0.0925652815179	0.00858396492439	-0.0647957497692	-0.0476162000592	-0.0841791303533	0.0418525852298	-0.0108515982805	-0.0064353445223	-0.00040103716766	-0.0260937092094	-0.0540804638365
k__Bacteria;p__Actinobacteria;c__Actinobacteria;o__Bifidobacteriales;f__Bifidobacteriaceae;g__Bifidobacterium;s__Bifidobacterium_adolescentis	0.0140060421223	-0.0505331967618	-0.0324200429941	-0.0643071473097	-0.0547406925687	0.0536045176979	0.0185054231358	0.0241045891786	-0.046551109842	-0.0595399030833	-0.0568825352275	0.00710382534135	-0.0209981769794	-0.0305077845204	-0.0525475761795	-0.0415086598951	0.0146115809816	-0.0502969757229	0.0185193954204	-0.0413874095355	-0.103207272237	0.0438912101783	-0.0210368866009	1.0	-0.0248338109432	-0.021735373118	0.0500014798958	0.0131790272214	0.0601050537959	-0.0502031850389	0.0240638787426	-0.0614649016102	0.0207498704554	-0.0228198020719	-0.0647236857325	-0.0204024321087	-0.0367967266565	-0.0284387112611	-0.00180964127308	-0.000739223189499	0.0831588222795	-0.0400693406175	-0.0147439584055	-0.00462233536913	-0.0505000766106	-0.0384602820539	-0.0238946500969	0.0145697494541	-0.000645211692641	-0.00220120748094	-0.0411090312122	-0.00476826128755	-0.0569844089014	0.017743817158	-0.0538156048894	0.00725793678296	0.0258434372862	0.0422672997825	0.0252430845322
k__Bacteria;p__Firmicutes;c__Clostridia;o__Clostridiales;f__Oscillospiraceae;g__Oscillibacter;s__Oscillibacter_sp._KLE_1745	0.00151718992999	-0.0333035820555	0.000348286474238	-0.0548540561538	0.0088868377741	-0.0687618184046	-0.0741688465894	-0.0856679403342	0.0171697185171	-0.000495285668648	0.00622575183447	-0.0683856968977	-0.0187800975482	0.00878075350826	0.0269807288859	-0.0957567541933	-0.0200567168772	-0.0458490588035	0.0142332412553	-0.0676231761109	0.0265214191635	0.0216583431753	0.00635252034991	-0.0248338109432	1.0	-0.0512948387341	-0.0462337902038	0.0753346961017	-0.0403906879003	0.00388962235576	0.0276518380527	0.064757234557	0.0472867624105	-0.0351020739854	0.0507598945051	-0.0222471252134	-0.0473568010015	-0.0507767030444	-0.0787337109603	-0.023298898328	-0.0140439883241	-0.0619393006953	0.0495979585646	-0.0459727148149	-0.0136675636032	0.0530465084444	-0.0196688592484	-0.100190755629	0.0116321955775	0.00299825106203	0.00706106112407	0.0173563044114	0.0158805038258	-0.0451055494765	-0.0157652460563	0.0236149814761	-0.0757179667165	-0.000439684830786	-0.0351814582535
k__Bacteria;p__Bacteroidetes;c__Bacteroidia;o__Bacteroidales;f__Bacteroidaceae;g__Bacteroides;s__Bacteroides_coprophilus	0.0183495913734	-0.0260219090762	-0.0805289912643	0.0286836282202	-0.0170483021462	0.0262540426563	-0.0261030751013	-0.0578680898458	-0.0788839522239	-0.0285730421129	-0.0455531868092	0.0304019190407	-0.06559295599	0.0312557542386	-0.0244426221029	-0.00362809712058	-0.0203461498805	0.0245509443531	-0.0334515404782	0.0517128861451	-0.0366316802992	-0.0981269977761	0.056343026267	-0.021735373118	-0.0512948387341	1.0	-0.0390822959289	0.0228829359774	-0.0623405944164	-0.075589535049	-0.00381410840687	-0.0241947674868	0.0401199041892	-0.072700188354	0.0749418786604	0.00566142053099	-0.0251035420539	-0.0175555576661	0.0239159329616	-0.0230269781004	0.0358149913443	0.0449469031946	-0.0249848703748	-0.0433303535404	-0.0075281753155	0.0635777278678	0.0294702943354	-0.026045680542	0.00178616365192	-0.0831946290951	-0.0424997152361	-0.0298145884667	-0.0168620320448	-0.0359432106721	-0.0274861082687	0.0160040870034	-0.044582344081	-0.000652781175605	-0.00442699579082
k__Bacteria;p__Firmicutes;c__Clostridia;o__Clostridiales;f__Lachnospiraceae;g__Roseburia;s__Roseburia_intestinalis	0.0195661727476	-0.0141291884182	-0.00805761182934	0.0484125075326	-0.025607896058	-0.045787034208	-0.0542908213392	-0.0271594612654	-0.052234480253	-0.038105190428	-0.0940926659304	-0.0629931541199	0.0296005001532	-0.0409310596662	-0.076919575028	0.0497199178941	0.0124079239566	0.00469615473351	0.0441313315132	0.0527932607345	-0.0388645767428	-0.096974802835	-0.00306126894752	0.0500014798958	-0.0462337902038	-0.0390822959289	1.0	-0.0340730686597	0.0209750894449	0.0283357507144	-0.0461820045763	-0.0106923388704	-0.0593622100307	-0.0516692278448	-0.0818788619305	-0.00444247340777	0.0132942656934	0.0185823997032	0.0221355202259	-0.0404737810482	-0.0946238994857	-0.0389388742714	-0.0820641849757	-0.0235789614163	0.0336974558896	-0.0410185208546	0.00330378693139	0.00521797277497	0.0192238218339	-0.10571069889	0.00327183481219	0.0227243813352	0.142675918246	-0.0580762527449	-0.0429771025564	-0.0295547978839	-0.004891576636	0.0113978237914	-0.0718303590949
k__Bacteria;p__Firmicutes;c__Clostridia;o__Clostridiales;f__Lachnospiraceae;g__Roseburia;s__Roseburia_hominis	0.0547057881323	0.0575823911771	-0.0195857397361	0.0450339510508	-0.0533857580603	-0.0531479909789	-0.0221705108805	0.0718831965058	-0.0491866740209	0.0105259696752	-0.0327725107156	-0.0837450105572	0.0224489363866	-0.124262822311	0.0140167644431	-0.0095600314504	-0.0309608253379	-0.0388025667264	0.0655058693508	-0.0207363549296	0.0770870909283	-0.101365098264	-0.0272895165207	0.0131790272214	0.0753346961017	0.0228829359774	-0.0340730686597	1.0	-0.00270470460911	-0.0575820093394	-0.0177880089327	-0.0781383004701	-0.0447006942283	0.0609575714824	-0.029196469588	0.015168604569	-0.0156480853581	-0.056709216613	-0.0678188330803	0.00989051665667	-0.0333158998402	-0.0112022158101	-0.0258353924513	-0.0254634535283	-0.0156361459989	0.00715646888596	0.027219381056	0.05354795526	-0.0781082071192	-0.00475584463198	-0.0284368871542	0.0166674526849	0.0417027047324	0.00490908953666	0.00409873230064	-0.0226190971624	-0.0333340710096	-0.0664402252503	-0.0261381643319
k__Bacteria;p__Bacteroidetes;c__Bacteroidia;o__Bacteroidales;f__Porphyromonadaceae;g__Parabacteroides;s__Parabacteroides_johnsonii	-0.0916434571523	0.0137593833055	-0.0661870332767	-0.0481770788817	0.0340896664948	0.0431002422256	0.019270510194	-0.0792135987099	0.0399237976827	0.00038591144396	-0.0153759008864	0.00946421344071	-0.0192396157233	-0.0211228909629	0.0161064836645	0.00836047428047	-0.0188245905198	-0.0373072290954	0.0600170858481	0.0290635000326	0.00387537587163	0.0145586835903	-0.0353858964181	0.0601050537959	-0.0403906879003	-0.0623405944164	0.0209750894449	-0.00270470460911	1.0	-0.0298001349078	0.045889616208	-0.0770053863028	-0.0504281113679	-0.00686202207244	0.0119449177779	-0.0548317220496	0.102345017517	0.00453391993679	-0.0383144445443	0.0415292171917	-0.045842329447	0.0524359226881	0.00769359788105	-0.104245568047	-0.0177393329938	-0.0385376365855	-0.0420880504723	-0.0360487481457	-0.0509130131277	-0.00760517270159	-0.052995328023	-0.0140034995648	-0.0513068755676	0.00828481284417	-0.031724715242	0.0572822506212	0.00910691774831	-0.0293619431505	-0.0231217792654
k__Bacteria;p__Actinobacteria;c__Actinobacteria;o__Bifidobacteriales;f__Bifidobacteriaceae;g__Bifidobacterium;s__Bifidobacterium_longum	-0.0302509999283	0.0379185155382	0.0695762226567	0.0244258904303	-0.0570607207161	0.0164812868069	0.0488611297229	0.082671368768	0.0486341624987	0.00384507566135	0.0599789943787	0.0477956547289	0.0803425939418	0.0578112530569	-0.0175417697841	0.0261315806103	-0.0432836943585	-0.0154878611193	-0.0313501550017	-0.00346686984588	-0.0240659747208	-0.131395992197	-0.0378167842996	-0.0502031850389	0.00388962235576	-0.075589535049	0.0283357507144	-0.0575820093394	-0.0298001349078	1.0	-0.00260174831713	-0.0947378345303	-0.140513263712	0.00904948757672	-0.0112255964764	-0.0411257437299	0.00704830022308	-0.0140582242413	-0.0813471138843	-0.0165471262321	0.0289530023103	-0.0233113513605	0.0635929139695	-0.0366230572092	0.0306135576631	-0.0432494627938	-0.00672753441763	-0.026206604517	0.00609466705952	-0.0458295942326	0.118758970047	0.0370966526693	-0.0678720937061	-0.0470353370294	0.0559849197476	-0.02395086427	-0.00505809599165	0.0557553643846	-0.0614975105085
