#taxonomy	k__Bacteria;p__Bacteroidetes;c__Bacteroidia;o__Bacteroidales;f__Bacteroidaceae;g__Bacteroides;s__Bacteroides_vulgatus	k__Bacteria;p__Bacteroidetes;c__Bacteroidia;o__Bacteroidales;f__Bacteroidaceae;g__Bacteroides;s__Bacteroides_uniformis	k__Bacteria;p__Bacteroidetes;c__Bacteroidia;o__Bacteroidales;f__Rikenellaceae;g__Alistipes;s__Alistipes_putredinis	k__Bacteria;p__Bacteroidetes;c__Bacteroidia;o__Bacteroidales;f__Prevotellaceae;g__Prevotella;s__Prevotella_copri	k__Bacteria;p__Bacteroidetes;c__Bacteroidia;o__Bacteroidales;f__Bacteroidaceae;g__Bacteroides;s__Bacteroides_stercoris	k__Bacteria;p__Bacteroidetes;c__Bacteroidia;o__Bacteroidales;f__Bacteroidaceae;g__Bacteroides;s__Bacteroides_ovatus	k__Bacteria;p__Bacteroidetes;c__Bacteroidia;o__Bacteroidales;f__Rikenellaceae;g__Alistipes;s__Alistipes_shahii	k__Bacteria;p__Firmicutes;c__Clostridia;o__Clostridiales;f__Ruminococcaceae;g__Faecalibacterium;s__Faecalibacterium_prausnitzii	k__Bacteria;p__Bacteroidetes;c__Bacteroidia;o__Bacteroidales;f__Rikenellaceae;g__Alistipes;s__Alistipes_finegoldii	k__Bacteria;p__Bacteroidetes;c__Bacteroidia;o__Bacteroidales;f__Porphyromonadaceae;g__Parabacteroides;s__Parabacteroides_distasonis	k__Bacteria;p__Bacteroidetes;c__Bacteroidia;o__Bacteroidales;f__Bacteroidaceae;g__Bacteroides;s__Bacteroides_thetaiotaomicron	k__Bacteria;p__Bacteroidetes;c__Bacteroidia;o__Bacteroidales;f__Bacteroidaceae;g__Bacteroides;s__Bacteroides_coprocola	k__Bacteria;p__Bacteroidetes;c__Bacteroidia;o__Bacteroidales;f__Bacteroidaceae;g__Bacteroides;s__Bacteroides_cellulosilyticus	k__Bacteria;p__Bacteroidetes;c__Bacteroidia;o__Bacteroidales;f__Rikenellaceae;g__Alistipes;s__Alistipes_obesi	k__Bacteria;p__Firmicutes;c__Clostridia;o__Clostridiales;f__Lachnospiraceae;g__;s__[Eubacterium]_rectale	k__Bacteria;p__Bacteroidetes;c__Bacteroidia;o__Bacteroidales;f__Bacteroidaceae;g__Bacteroides;s__Bacteroides_plebeius	k__Bacteria;p__Bacteroidetes;c__Bacteroidia;o__Bacteroidales;f__Bacteroidaceae;g__Bacteroides;s__Bacteroides_fragilis	k__Bacteria;p__Proteobacteria;c__Betaproteobacteria;o__Burkholderiales;f__Sutterellaceae;g__Sutterella;s__Sutterella_wadsworthensis	k__Bacteria;p__Bacteroidetes;c__Bacteroidia;o__Bacteroidales;f__Porphyromonadaceae;g__Barnesiella;s__Barnesiella_intestinihominis	k__Bacteria;p__Bacteroidetes;c__Bacteroidia;o__Bacteroidales;f__Odoribacteraceae;g__Odoribacter;s__Odoribacter_splanchnicus	k__Bacteria;p__Bacteroidetes;c__Bacteroidia;o__Bacteroidales;f__Bacteroidaceae;g__Bacteroides;s__Bacteroides_salyersiae	k__Bacteria;p__Firmicutes;c__Clostridia;o__Clostridiales;f__Ruminococcaceae;g__Ruminiclostridium;s__[Eubacterium]_siraeum	k__Bacteria;p__Proteobacteria;c__Betaproteobacteria;o__Burkholderiales;f__Sutterellaceae;g__Parasutterella;s__Parasutterella_excrementihominis	k__Bacteria;p__Actinobacteria;c__Actinobacteria;o__Bifidobacteriales;f__Bifidobacteriaceae;g__Bifidobacterium;s__Bifidobacterium_adolescentis	k__Bacteria;p__Firmicutes;c__Clostridia;o__Clostridiales;f__Oscillospiraceae;g__Oscillibacter;s__Oscillibacter_sp._KLE_1745	k__Bacteria;p__Bacteroidetes;c__Bacteroidia;o__Bacteroidales;f__Bacteroidaceae;g__Bacteroides;s__Bacteroides_coprophilus	k__Bacteria;p__Firmicutes;c__Clostridia;o__Clostridiales;f__Lachnospiraceae;g__Roseburia;s__Roseburia_intestinalis	k__Bacteria;p__Firmicutes;c__Clostridia;o__Clostridiales;f__Lachnospiraceae;g__Roseburia;s__Roseburia_hominis	k__Bacteria;p__Bacteroidetes;c__Bacteroidia;o__Bacteroidales;f__Porphyromonadaceae;g__Parabacteroides;s__Parabacteroides_johnsonii	k__Bacteria;p__Actinobacteria;c__Actinobacteria;o__Bifidobacteriales;f__Bifidobacteriaceae;g__Bifidobacterium;s__Bifidobacterium_longum	k__Bacteria;p__Firmicutes;c__Clostridia;o__Clostridiales;f__;g__Flavonifractor;s__Flavonifractor_plautii	k__Bacteria;p__Firmicutes;c__Clostridia;o__Clostridiales;f__Clostridiaceae;g__Clostridium;s__Clostridium_phoceensis	k__Bacteria;p__Verrucomicrobia;c__Verrucomicrobiae;o__Verrucomicrobiales;f__Akkermansiaceae;g__Akkermansia;s__Akkermansia_muciniphila	k__Bacteria;p__Bacteroidetes;c__Bacteroidia;o__Bacteroidales;f__Prevotellaceae;g__Paraprevotella;s__Paraprevotella_xylaniphila	k__Bacteria;p__Firmicutes;c__Clostridia;o__Clostridiales;f__Ruminococcaceae;g__Ruminococcus;s__Ruminococcus_callidus	k__Bacteria;p__Bacteroidetes;c__Bacteroidia;o__Bacteroidales;f__Rikenellaceae;g__Alistipes;s__Alistipes_senegalensis	k__Bacteria;p__Firmicutes;c__Clostridia;o__Clostridiales;f__Lachnospiraceae;g__Blautia;s__Blautia_sp._KLE_1732	k__Bacteria;p__Bacteroidetes;c__Bacteroidia;o__Bacteroidales;f__Bacteroidaceae;g__Bacteroides;s__Bacteroides_oleiciplenus	k__Bacteria;p__Firmicutes;c__Clostridia;o__Clostridiales;f__Ruminococcaceae;g__Ruminococcus;s__Ruminococcus_bicirculans	k__Bacteria;p__Bacteroidetes;c__Bacteroidia;o__Bacteroidales;f__Bacteroidaceae;g__Bacteroides;s__Bacteroides_fluxus	k__Bacteria;p__Bacteroidetes;c__Bacteroidia;o__Bacteroidales;f__Prevotellaceae;g__Prevotella;s__Prevotella_stercorea	k__Bacteria;p__Firmicutes;c__Clostridia;o__Clostridiales;f__Lachnospiraceae;g__Dorea;s__Dorea_longicatena	k__Bacteria;p__Firmicutes;c__Clostridia;o__Clostridiales;f__Eubacteriaceae;g__Eubacterium;s__[Eubacterium]_eligens	k__Bacteria;p__Firmicutes;c__Clostridia;o__Clostridiales;f__Ruminococcaceae;g__;s__Ruminococcaceae_bacterium_D16	k__Bacteria;p__Firmicutes;c__Clostridia;o__Clostridiales;f__Lachnospiraceae;g__Coprococcus;s__Coprococcus_comes	k__Bacteria;p__Proteobacteria;c__Gammaproteobacteria;o__Enterobacterales;f__Enterobacteriaceae;g__Escherichia;s__Escherichia_coli	k__Bacteria;p__Firmicutes;c__Clostridia;o__Clostridiales;f__Ruminococcaceae;g__Anaerotruncus;s__Anaerotruncus_colihominis	k__Bacteria;p__Firmicutes;c__Clostridia;o__Clostridiales;f__Lachnospiraceae;g__Blautia;s__Blautia_obeum	k__Bacteria;p__Bacteroidetes;c__Bacteroidia;o__Bacteroidales;f__Odoribacteraceae;g__Odoribacter;s__Odoribacter_laneus	k__Bacteria;p__Firmicutes;c__Clostridia;o__Clostridiales;f__Ruminococcaceae;g__Ruminiclostridium;s__[Clostridium]_leptum	k__Bacteria;p__Bacteroidetes;c__Bacteroidia;o__Bacteroidales;f__Porphyromonadaceae;g__Parabacteroides;s__Parabacteroides_goldsteinii	k__Bacteria;p__Firmicutes;c__Clostridia;o__Clostridiales;f__Lachnospiraceae;g__Anaerostipes;s__Anaerostipes_hadrus	k__Bacteria;p__Firmicutes;c__Clostridia;o__Clostridiales;f__Ruminococcaceae;g__Ruminococcus;s__Ruminococcus_lactaris	k__Bacteria;p__Firmicutes;c__Clostridia;o__Clostridiales;f__Clostridiaceae;g__Clostridium;s__Clostridium_sp._L2-50	k__Bacteria;p__Firmicutes;c__Clostridia;o__Clostridiales;f__Clostridiaceae;g__Clostridium;s__Clostridium_sp._M62/1	k__Bacteria;p__Firmicutes;c__Clostridia;o__Clostridiales;f__;g__Intestinimonas;s__Intestinimonas_butyriciproducens	k__Bacteria;p__Actinobacteria;c__Actinobacteria;o__Bifidobacteriales;f__Bifidobacteriaceae;g__Bifidobacterium;s__Bifidobacterium_bifidum	k__Bacteria;p__Firmicutes;c__Negativicutes;o__Veillonellales;f__Veillonellaceae;g__Dialister;s__Dialister_invisus	k__Bacteria;p__Bacteroidetes;c__Bacteroidia;o__Bacteroidales;f__Bacteroidaceae;g__Bacteroides;s__Bacteroides_salanitronis
k__Bacteria;p__Bacteroidetes;c__Bacteroidia;o__Bacteroidales;f__Bacteroidaceae;g__Bacteroides;s__Bacteroides_vulgatus	1.0	-0.0324082808944	0.0197463840718	-0.0140228530738	0.00916809345973	0.0034925208032	-0.0204806670398	-0.0623002034152	0.0201248103515	0.0241169863828	-0.0192747203021	0.00900780725318	0.00957841279728	0.0627194966106	0.00254848703343	-0.0161915295717	-0.108826516334	0.0328285342876	-0.00881848706644	-0.0773001348092	-0.0648050239978	0.0272320264295	-0.0757386670639	-0.0943810430304	0.029586620444	-0.054027548046	-0.0106301808847	0.0148748798175	-0.0258281502871	-0.0728832365626	0.0298036245389	0.0246829757031	-0.021319935322	0.067971958927	-0.0952210524052	0.0239679484195	0.071511966498	-0.0182730775283	0.00368325600795	-0.0208846641706	0.0402637917164	-0.00681832708054	-0.081609678402	0.0193312933157	-0.0349302584567	-0.0416305573644	-0.109546106406	-0.0804161542683	-0.0584217433499	-0.0880956355211	0.0302598267873	0.0250869084246	0.0415240617985	-0.0197159533653	-0.0628355314458	0.0057677920954	-0.0434779499837	-0.0025346220017	0.0180156726394
k__Bacteria;p__Bacteroidetes;c__Bacteroidia;o__Bacteroidales;f__Bacteroidaceae;g__Bacteroides;s__Bacteroides_uniformis	-0.0324082808944	1.0	0.0357988240893	0.00631156576348	0.0712220564064	-0.0572542705437	0.00774723125643	-0.0124254869501	0.0249321416019	0.0266272488467	0.046822704078	0.0560303826204	-0.0516147479401	0.0382914425406	-0.0204228434041	0.0155131133189	0.102834478359	-0.0504932561526	-0.0433698123734	0.0258224870554	-0.0485640310747	-0.0402135053842	0.00897881766899	0.0180067656807	-0.000702821291587	-0.0246678647618	-0.0360289680892	-0.00661906451299	-0.0364600458562	0.00311561263501	0.0521260768213	0.00065060664903	-0.125562114357	0.0317092646055	-0.124023800618	0.0605935799566	-0.00309131811656	0.0199047127254	0.0483209892989	-0.0538343070826	-0.0329139603129	-0.0135152305755	-0.00191714900126	-0.0209830965233	0.0409110023958	-0.0585893593182	-0.0988079618897	-0.00455464318678	-0.0572674664948	0.086648447341	-0.070509333486	-0.0241863449468	0.0619821804008	-0.00128903871015	-0.0147180526011	0.0299572696005	-0.0250687319527	-0.00242663277357	-0.0612471609435
k__Bacteria;p__Bacteroidetes;c__Bacteroidia;o__Bacteroidales;f__Rikenellaceae;g__Alistipes;s__Alistipes_putredinis	0.0197463840718	0.0357988240893	1.0	0.0615429017933	0.0623003116985	0.0114829064275	0.00197910489468	-0.107539826953	0.0119720933994	-0.0701492082873	0.0349199688073	0.0123977509023	-0.0347735917782	-0.0344833587556	0.0268200101507	-0.0568158531627	-0.0118674736533	-0.098953649154	-0.061383133965	0.0762657586688	-0.095785404049	0.0704051126712	-0.0232469341937	-0.108081495344	0.0619643818228	0.115342495236	-0.0523499343101	-0.0630956169078	-0.0391017801838	-0.0119896437702	-0.0228439038998	0.0144736453596	-0.00434681271451	-0.0637098725057	-0.027830547806	-0.104237920929	-0.0497337845747	-0.0216812983881	-0.0122512745014	0.0519968194837	0.0210659516991	0.0202750020878	-0.0531292516771	0.0164892173296	-5.05904204074e-05	-0.030876484875	0.00889925792419	0.064703265082	-0.0584279576473	0.0304478672753	-0.049402427969	0.0293649228867	-0.103133713309	0.0259509684508	-0.0485763938839	0.0984602049694	0.023396477281	-0.116557540731	-0.0669288139085
k__Bacteria;p__Bacteroidetes;c__Bacteroidia;o__Bacteroidales;f__Prevotellaceae;g__Prevotella;s__Prevotella_copri	-0.0140228530738	0.00631156576348	0.0615429017933	1.0	-0.0545891188691	-0.0488359701378	0.00703701241533	-0.0792945070138	0.0179251950796	-0.0160776246635	0.0535015884731	-0.00311128563596	-0.0304240263021	-0.0315174118338	-0.0750696974717	-0.0351292881451	0.00201528437909	-0.0230546690519	-0.0281459314276	0.00233035055769	-0.00383910799798	-0.0190294657262	0.0125553600082	-0.0513877367237	-0.00993515818991	0.0234791317946	0.0305326381632	-0.0334121263979	-0.0156401424916	-0.0391920862328	0.103671122323	0.0309944728303	-0.060331517194	0.00632203422018	0.00919823861549	0.04094761598	0.0184197598719	0.0265169945335	0.0144292820492	-0.0336170845762	-0.101770475465	-0.0295843252489	-0.00297812083741	-0.006541632009	0.0829560335816	-0.00272936911706	0.0102074093046	-0.00423755765119	-0.0128005203599	-0.0697682324928	-0.0163257865509	-0.0123844460234	0.0117682134097	0.0451457724395	-0.091538046969	0.00468988922344	0.0714024476494	0.02115299502	-0.0903350580513
k__Bacteria;p__Bacteroidetes;c__Bacteroidia;o__Bacteroidales;f__Bacteroidaceae;g__Bacteroides;s__Bacteroides_stercoris	0.00916809345973	0.0712220564064	0.0623003116985	-0.0545891188691	1.0	-0.043907965864	0.0420700664306	0.0444405115284	0.0561415210815	-0.00575503878681	0.0197945877969	-0.0627974438125	0.00889039027183	0.0307883275162	-0.0502194751452	-0.0321928787534	-0.0455414650557	-0.0289444782489	-0.0315124408437	-0.0521893513584	0.0318968144604	0.0286027093822	0.0378141124611	-0.0409277153794	-0.0474336477321	0.0100668925026	-0.0250213811196	0.00382171870535	0.0322117770878	-0.0148681882351	-0.0810214357366	0.00873293736418	-0.0914576488118	0.0491811797438	-0.0759902222921	-0.0103304621066	0.000899241394489	0.0229500384549	-0.0370902611871	-0.0450410156327	-0.0410748583312	0.03462346185	-0.00145662680056	0.0249703971374	-0.021883683051	-0.00799612068464	-0.0010863595752	-0.0452275479074	-0.0335748655141	0.0122181229912	-0.0222245190706	-0.00410881782942	-0.0247431677345	-0.0554185955311	-0.0723158110154	0.0316742390533	-0.0222733488503	-0.0209136420709	0.0398288690251
k__Bacteria;p__Bacteroidetes;c__Bacteroidia;o__Bacteroidales;f__Bacteroidaceae;g__Bacteroides;s__Bacteroides_ovatus	0.0034925208032	-0.0572542705437	0.0114829064275	-0.0488359701378	-0.043907965864	1.0	0.0107104241552	-0.021813156668	-0.0606009289248	-0.0639016375267	0.0317401816424	-0.113842427683	0.00884488858301	0.00788222745065	-0.0346794805568	-0.0548737842345	0.0145075423816	0.0202733075216	-0.0304165993114	-0.04680304678	-0.033477490655	0.0117053580363	0.0540132992731	-0.10881740896	-0.0248805888123	-0.0626569662536	-0.0179737274822	-0.0184078798259	-0.0237028326048	-0.0140658610686	0.068303355221	-0.0253303203764	0.011474460461	0.0199892027896	0.0357828529719	-0.00443727202112	-0.00528628348818	-0.0035688979801	-0.0117284928573	0.0288479164736	-0.015020080609	-0.0578090120636	0.0445078471066	-0.00147187564803	0.02032119817	-0.0456260249658	-0.0828295860346	0.0148754887882	-0.0111150576115	-0.0290407545631	-0.0412612920071	0.0092735838359	-0.0141211428297	-0.00213080066219	-0.00617161218824	-0.0289998012468	-0.0653891752553	0.0174311844426	0.0653135102631
k__Bacteria;p__Bacteroidetes;c__Bacteroidia;o__Bacteroidales;f__Rikenellaceae;g__Alistipes;s__Alistipes_shahii	-0.0204806670398	0.00774723125643	0.00197910489468	0.00703701241533	0.0420700664306	0.0107104241552	1.0	0.0209017748595	0.0211661166356	-0.0787050314279	0.0414822976206	-0.061936367189	-0.0685988855204	-0.0246256174842	-0.00850542113956	-0.0583026159106	0.0130386403116	-0.0232537527898	0.0701176990715	0.00593256680612	0.0286926156637	0.00732805734364	-0.0714541328394	0.00672391060569	-0.104346718458	0.00537614552878	-0.00425663913825	-0.0135236733036	-0.0617825371892	0.00420765686847	-0.0284449557409	0.0398315803667	0.00691485817864	-0.0840808787461	-0.000101010333262	-0.00786517843802	-0.00402762471131	-0.013624710373	-0.0433774218255	0.000520680467201	-0.0482989357706	-0.0495792883395	-0.0173335444745	0.0427371369645	0.00224824548772	-0.024271842255	-0.00572803481401	-0.0371478384797	0.0216713386202	-0.0775121154621	-0.0275134910613	-0.0397567243467	0.0019072577309	0.0410188188036	-0.0594188833461	-0.0294502653889	0.0282395989386	-0.000336437613588	-0.0102211326779
k__Bacteria;p__Firmicutes;c__Clostridia;o__Clostridiales;f__Ruminococcaceae;g__Faecalibacterium;s__Faecalibacterium_prausnitzii	-0.0623002034152	-0.0124254869501	-0.107539826953	-0.0792945070138	0.0444405115284	-0.021813156668	0.0209017748595	1.0	0.031035012732	-0.0523278674133	-0.0736249582157	0.0610677599587	-0.112435625866	0.0647518488452	0.0118131009688	-0.0265175550316	-0.0357436612816	0.11051855669	-0.0294402529238	-0.0650518282641	-0.0336485378084	0.0124107699746	0.0128570021809	-0.00273536079762	0.0804781362733	0.0151451134155	0.0489819256999	-0.000738967709233	-0.0758894429125	0.0378307121695	-0.0229993242926	-0.0540746180695	0.0383876865238	0.0109274762726	0.0156582572725	-0.0189538237061	-0.13984272136	0.0114507250786	-0.0447416199407	-0.0963439814057	-0.0330028447394	-0.0242087877637	0.00706841056079	-0.0264497365994	-0.053242649712	0.0218479844902	-0.0215387297117	-0.038773409668	0.0167104830875	0.0135476156086	-0.00113535899032	-0.0654464706235	-0.0253914501614	-0.0201937708859	0.0397577557959	0.0814564003447	0.00508430208633	-0.0922970281854	-0.0150978365214
k__Bacteria;p__Bacteroidetes;c__Bacteroidia;o__Bacteroidales;f__Rikenellaceae;g__Alistipes;s__Alistipes_finegoldii	0.0201248103515	0.0249321416019	0.0119720933994	0.0179251950796	0.0561415210815	-0.0606009289248	0.0211661166356	0.031035012732	1.0	-0.0345660460308	-0.0572991658413	0.037533992164	-0.00199296927907	0.0413028142875	-0.016479995559	0.000570459275321	0.0965949701075	-0.00909666857964	0.0211476486059	-0.0858283459995	-0.0136850434782	-0.00283336431085	0.00718287222714	-0.00246738760568	0.00821831545123	0.0370691181544	-0.0481484129923	0.0339743808008	0.039920212381	-0.00891081247588	0.0861211489872	-0.0212084326213	0.0130224082609	-0.0119223713467	-0.059793351258	-0.0326184907707	0.0313200795715	-0.0154655407411	-0.0482062717721	-0.0207004986246	0.000462341576832	-0.0113581237012	-0.0845539243487	-0.046629238651	-0.0394714189433	0.0387937501692	-0.0917888181399	-0.0199802233252	-0.0060466885017	-0.0664803866047	-0.0336774045389	0.0404765531681	-0.0686481947113	-0.0430106267435	-0.00711482621067	-0.0310748069446	-0.001346902007	0.0319456803681	-0.00835622523421
k__Bacteria;p__Bacteroidetes;c__Bacteroidia;o__Bacteroidales;f__Porphyromonadaceae;g__Parabacteroides;s__Parabacteroides_distasonis	0.0241169863828	0.0266272488467	-0.0701492082873	-0.0160776246635	-0.00575503878681	-0.0639016375267	-0.0787050314279	-0.0523278674133	-0.0345660460308	1.0	0.0398423538413	0.0143117725118	0.0249452674846	-0.0300810001376	0.0719154731706	-0.014539049554	-0.0250522843986	-0.0210121394051	0.06110110903	0.0196791217841	0.0700102094938	0.00700260506664	0.0309616155875	-0.00362070541628	-0.0112589576742	-0.0350725212989	0.0235015918825	-0.0461467204265	-0.0369853459871	-0.0617573555871	-0.0268254369323	-0.0379873540015	-0.0242338781106	0.0149328239221	-0.0227086141884	0.0196477527286	-0.0178965867327	-0.0442059220228	-0.0610177454495	-0.0266865802319	-0.0706096138837	-0.00778501086914	-0.0821362522965	0.0152642205162	-0.0296994020589	0.0555083236462	-0.0219123929793	0.0327515630982	-0.108221977968	-0.0462708986578	-0.0123146017033	-0.0483693453184	-0.0111284333195	0.0190466515194	-0.0448968741656	-0.00494231780241	-0.0416062413812	0.0545802125827	-0.0751026878504
k__Bacteria;p__Bacteroidetes;c__Bacteroidia;o__Bacteroidales;f__Bacteroidaceae;g__Bacteroides;s__Bacteroides_thetaiotaomicron	-0.0192747203021	0.046822704078	0.0349199688073	0.0535015884731	0.0197945877969	0.0317401816424	0.0414822976206	-0.0736249582157	-0.0572991658413	0.0398423538413	1.0	-0.0281408056898	-0.0542964753373	-0.0629161054199	0.038085822413	0.018547087324	-0.00248479397129	-0.0565347331959	-0.0474434453329	-0.0827004451154	0.0463925311727	0.0180652078865	0.00586620438759	-0.139201850305	-0.0114625921881	0.000978998028366	-0.0599768624284	0.000662182317676	-0.0252348578913	-8.39037774853e-05	-0.0433140230113	0.0183906816977	-0.053188356296	-0.0278049136696	-0.056988420353	0.00483086350307	-1.48001214467e-05	-0.0281155649813	-0.054573067352	-0.0832909491729	0.0558148004635	-0.0147596869788	0.0644538934745	-0.00491843985185	0.00552848090674	0.0395578833154	-0.121081117299	-0.0205057314379	-0.107784088642	0.0936094748112	-0.0634102638995	-0.0541360046442	-0.0609050113088	-0.0613958818278	-0.0765763507309	-0.0182479407948	-0.00655558789312	0.00293597157595	0.00873427580527
k__Bacteria;p__Bacteroidetes;c__Bacteroidia;o__Bacteroidales;f__Bacteroidaceae;g__Bacteroides;s__Bacteroides_coprocola	0.00900780725317	0.0560303826204	0.0123977509023	-0.00311128563596	-0.0627974438125	-0.113842427683	-0.061936367189	0.0610677599587	0.037533992164	0.0143117725118	-0.0281408056898	1.0	0.0207308167921	0.0667219624679	-0.0793409452272	-0.0538354682526	0.00724842643258	-0.0343130041067	0.00182080738258	0.0405713550317	0.00393764626148	0.0198988720271	-0.00689806595937	-0.0230446464268	0.0792173548181	0.0381002199885	0.00481369576956	-0.03698248718	-0.0333349198021	-0.0547006560168	-0.0538799058331	0.0675041078009	-0.0569588373404	0.0163821479313	-0.0469305300099	-0.0919570371207	-0.124115398044	-0.00394674901646	0.0027370740577	0.0123599854767	-0.0494718835868	-0.00410376250742	0.00650641860396	-0.0513770981229	0.00591041054815	0.0847468922025	0.0599498682314	-0.0856088177954	-0.016055082384	-0.0597875642549	-0.00976678225041	-0.0463773739392	0.00605714824399	0.0216249789986	-0.0147276842042	0.103126633472	0.009504735375	0.0186611781955	-0.0695634071514
k__Bacteria;p__Bacteroidetes;c__Bacteroidia;o__Bacteroidales;f__Bacteroidaceae;g__Bacteroides;s__Bacteroides_cellulosilyticus	0.00957841279728	-0.0516147479401	-0.0347735917782	-0.0304240263021	0.00889039027183	0.00884488858301	-0.0685988855204	-0.112435625866	-0.00199296927907	0.0249452674846	-0.0542964753373	0.0207308167921	1.0	-0.0338497293471	0.0299605732752	0.0410667435219	-0.0315498812703	-0.0191691128118	-0.0457472409934	-0.038877777114	0.0688810551198	-0.000946051925421	0.0163364085191	-0.0135235593829	-0.0488169994111	-0.0336999044292	0.0288817813534	-0.0185715620184	-0.021315053622	-0.00296514440472	0.0188216212155	-0.000792015551451	0.074573737276	0.0110082003317	-0.0153495113924	0.0116163897821	-0.0614307533653	-0.0284387507146	-0.00359409469726	0.016267556538	0.0519665262787	0.00322575489995	-0.0204791201031	-0.0414825020191	-0.0348363600038	-0.0355015129764	0.0107244884467	-0.0244133750049	0.0144167876692	-0.0301987301032	0.00412511055861	-0.0471534749993	-0.0690082580084	-0.059102871592	0.0498230447225	-0.0400078734992	-0.0431222897199	-0.0626760819081	-0.0977212420917
k__Bacteria;p__Bacteroidetes;c__Bacteroidia;o__Bacteroidales;f__Rikenellaceae;g__Alistipes;s__Alistipes_obesi	0.0627194966106	0.0382914425406	-0.0344833587556	-0.0315174118338	0.0307883275162	0.00788222745065	-0.0246256174842	0.0647518488452	0.0413028142875	-0.0300810001376	-0.0629161054199	0.0667219624679	-0.0338497293471	1.0	0.0561080982996	-0.0110333689278	-0.0530131658477	-0.0337127184112	-0.0017970479289	-0.0545698057659	0.0204583752429	0.0610456564432	0.060078717333	-0.00403555043897	-0.00677648023248	-0.0392110336093	0.0688553000585	-0.0805386395681	-0.088833160672	-0.00625574137703	-0.114516753735	0.0158118027045	-0.0552846061584	-0.0151154919873	-0.032130285609	-0.0855654935929	-0.00360569584507	0.0203353975899	-0.062907431053	-0.037480059564	0.0686265789198	0.0143016655947	-0.0501635625072	0.0154607621075	-0.0881009760042	0.015760581031	0.0272598370747	0.0334825142019	0.0203093682557	0.0785163438554	-0.0135475660943	0.0506421680265	-0.0617999526965	-0.00989428244377	-0.0221518803223	-0.0036988831543	-0.0123284145497	-0.0511277215113	-0.025839491064
k__Bacteria;p__Firmicutes;c__Clostridia;o__Clostridiales;f__Lachnospiraceae;g__;s__[Eubacterium]_rectale	0.00254848703343	-0.0204228434041	0.0268200101507	-0.0750696974717	-0.0502194751452	-0.0346794805568	-0.00850542113956	0.0118131009688	-0.016479995559	0.0719154731706	0.038085822413	-0.0793409452272	0.0299605732752	0.0561080982996	1.0	-0.0285992205553	-0.0309984822651	0.0618609825723	0.00570117193822	-0.04539643186	0.013681253424	-0.00701237727503	-0.0388666223856	0.0479712970961	-0.025897440869	0.0024049795688	-0.0572806069126	-0.112445748948	-0.00346853808943	0.0467762989015	-0.0143521781463	0.0387515678518	-0.026060428704	0.00187795918404	-0.117477036481	0.0616297513712	-0.0183936561606	-0.0409821957579	-0.046785025464	-0.0156270917686	-0.0184364907976	-0.0628889127063	0.0575766147565	0.0056493770579	-0.000213256446064	-0.0156417759273	-0.0953711998936	-0.0337008675546	0.103708954618	-0.0443007137579	0.00303118525336	0.00774539248879	0.0535411715158	0.0365561840113	-0.0594948741383	-0.0216733464879	-0.0683174769317	-0.0823513418683	0.0259679883615
k__Bacteria;p__Bacteroidetes;c__Bacteroidia;o__Bacteroidales;f__Bacteroidaceae;g__Bacteroides;s__Bacteroides_plebeius	-0.0161915295717	0.0155131133189	-0.0568158531627	-0.0351292881451	-0.0321928787534	-0.0548737842345	-0.0583026159106	-0.0265175550316	0.000570459275321	-0.014539049554	0.018547087324	-0.0538354682526	0.0410667435219	-0.0110333689278	-0.0285992205553	1.0	-0.0219134115766	-0.0466964583765	-0.0624978136203	0.0409797857162	0.0342155520623	0.0294449315141	-0.00223471955705	0.0114871712512	-0.0337114652417	-0.0531552170318	0.0339220986829	-0.0203824757726	-0.0168919923807	-0.0662482342686	-0.0165991451977	0.0275364292548	0.133992735822	0.025051036847	0.0379993091362	-0.0656749630288	0.0138539822489	-0.117033243881	-0.0214262992358	-0.119460495244	0.00162663159541	-0.0399597533882	-0.0368884601226	0.0231013216135	0.0184261249861	0.00111770324813	-0.0242965911157	-0.0251345056677	-0.0206886045134	-0.0628200828198	-0.0191067568498	0.00201758096009	-0.018936183387	-0.0379263627395	-0.0569453976002	0.00266191221567	-0.0853606518973	-0.0426643365912	-0.029467573468
k__Bacteria;p__Bacteroidetes;c__Bacteroidia;o__Bacteroidales;f__Bacteroidaceae;g__Bacteroides;s__Bacteroides_fragilis	-0.108826516334	0.102834478359	-0.0118674736533	0.00201528437909	-0.0455414650557	0.0145075423816	0.0130386403116	-0.0357436612816	0.0965949701075	-0.0250522843986	-0.00248479397129	0.00724842643258	-0.0315498812703	-0.0530131658477	-0.0309984822651	-0.0219134115766	1.0	-0.0460369175014	0.0268584926499	-0.0552556705771	0.0814736649057	0.0142696026552	-0.0548280152621	0.0280602052374	0.0233574189826	0.0857370332262	0.0487887918338	-0.0438506286995	-0.0210591884295	-0.0865300708263	-0.00427725673215	-0.0190732462104	-0.0353268665035	-0.012672258862	-0.0231643403897	0.00950557925178	0.0155157061865	-0.0445380121102	-0.00142201232432	0.0348197041504	-0.0382037383662	0.00497196294293	-0.0468286945677	0.013668316526	-0.0432257604713	0.00191491318986	0.042892936062	0.020212492325	-0.0599791298388	-0.0270657507783	0.019830064055	-0.0245542377036	-0.017548214487	0.017025514373	0.0898154674356	0.00874083480801	0.0138143524478	0.012519580798	0.00323055247388
k__Bacteria;p__Proteobacteria;c__Betaproteobacteria;o__Burkholderiales;f__Sutterellaceae;g__Sutterella;s__Sutterella_wadsworthensis	0.0328285342876	-0.0504932561526	-0.098953649154	-0.0230546690519	-0.0289444782489	0.0202733075216	-0.0232537527898	0.11051855669	-0.00909666857964	-0.0210121394051	-0.0565347331959	-0.0343130041067	-0.0191691128118	-0.0337127184112	0.0618609825723	-0.0466964583765	-0.0460369175014	1.0	-0.0144177916593	-0.0889239542517	0.0104399675452	0.0370085590414	0.0128625425199	-0.0311949371495	0.0177044647397	0.0501390562193	0.00151793919675	0.0305771816734	-0.0776950964	-0.0512558143804	-0.0353177701136	-0.0350588146305	-0.127507117115	-0.0276391690762	-0.00331417754875	-0.000538833720709	0.0373607796564	0.0103508577298	-0.00384711957471	-0.0117682985892	0.016958848439	-0.0654312647605	-0.0500724406199	-0.0351437529519	0.00417715768219	-0.0591650284074	0.0496884944813	-0.0852072593284	0.0552992357839	-0.0460421522302	0.00542975339222	-0.0066683722722	-0.106689623585	0.0294359976256	-0.0356319031748	-0.0159406797656	0.0360136832835	-0.0636598260571	-0.0337250458177
k__Bacteria;p__Bacteroidetes;c__Bacteroidia;o__Bacteroidales;f__Porphyromonadaceae;g__Barnesiella;s__Barnesiella_intestinihominis	-0.00881848706644	-0.0433698123734	-0.061383133965	-0.0281459314276	-0.0315124408437	-0.0304165993114	0.0701176990715	-0.0294402529238	0.0211476486059	0.06110110903	-0.0474434453329	0.00182080738258	-0.0457472409934	-0.0017970479289	0.00570117193822	-0.0624978136203	0.0268584926499	-0.0144177916593	1.0	-0.0281386788295	0.000828121773846	-0.0284929791092	-0.0503397266383	0.0550590472804	-0.0738526595225	-0.0342478190142	0.00666479526058	-0.0582514480196	0.0128019440375	0.0127692619308	-0.00788848364365	-0.0387085410994	0.0117178287035	0.0106521284506	-0.0176901711582	0.0279633618304	-0.0825118460475	-0.0827640213422	-0.0303052939668	0.0241926259141	-0.0419392298934	0.0256442859704	0.0643566157041	0.0193099808961	0.0681932084282	-0.0490946950187	-0.0360799843102	0.0248114497479	-0.00624115752741	0.0178991666931	-0.0625863285784	0.0469720138808	-0.0380086048243	-0.0720073485476	0.020176658223	-0.0419702233882	-0.0712178414453	-0.0321657405414	0.00998669807403
k__Bacteria;p__Bacteroidetes;c__Bacteroidia;o__Bacteroidales;f__Odoribacteraceae;g__Odoribacter;s__Odoribacter_splanchnicus	-0.0773001348092	0.0258224870554	0.0762657586688	0.00233035055769	-0.0521893513584	-0.04680304678	0.00593256680612	-0.0650518282641	-0.0858283459995	0.0196791217841	-0.0827004451154	0.0405713550317	-0.038877777114	-0.0545698057659	-0.04539643186	0.0409797857162	-0.0552556705771	-0.0889239542517	-0.0281386788295	1.0	0.0403872713993	-0.00823080126787	-0.048615235057	0.0380856466049	-0.0474877040906	0.00237865637582	-0.0690034390811	0.0179362730728	0.0812048610002	-0.0587524650142	0.0395976120308	-0.0286930774056	0.031180837724	0.0284771429	0.0188615558894	-0.0264985536671	-0.00236534895361	-0.0988151935098	0.00889286423082	-0.0435987886573	-0.0788454216729	-0.0567157904082	-0.0279890120535	0.0245157234196	0.0191765159065	-0.0281999949692	0.0117973251079	-0.0580062426821	-0.0600835535804	0.0107785005663	-0.0302130637213	-0.0355627200811	-0.00576760664048	-0.101662262447	-0.0880416531093	0.0866143293374	-0.0377124682944	0.0498618151844	0.0032063176926
k__Bacteria;p__Bacteroidetes;c__Bacteroidia;o__Bacteroidales;f__Bacteroidaceae;g__Bacteroides;s__Bacteroides_salyersiae	-0.0648050239978	-0.0485640310747	-0.095785404049	-0.00383910799798	0.0318968144604	-0.033477490655	0.0286926156637	-0.0336485378084	-0.0136850434782	0.0700102094938	0.0463925311727	0.00393764626148	0.0688810551198	0.0204583752429	0.013681253424	0.0342155520623	0.0814736649057	0.0104399675452	0.000828121773846	0.0403872713993	1.0	-0.0310692446034	-0.0182492214439	-0.0136794055638	-0.134808219028	-0.0334163475505	-0.02459915123	-0.0398748348862	-0.0958679137067	0.113761079388	-0.054998248007	-0.1571003884	-0.0116109205881	-0.0204787462608	0.020803790638	-0.106644906967	-0.049799081855	0.0014624895231	-0.000681967790257	-0.00713318029011	-0.0794269195175	-0.0532840833044	-0.0535214770866	-0.054847418472	-0.0198306526895	-0.10427715446	0.00789879753852	-0.00170251890674	0.041950249742	-0.123895733559	-0.0233557544618	0.095064294722	-0.0256147247234	-0.0162378195507	0.0421071626243	0.00639013959583	-0.017527822592	0.0248781040477	0.045138816438
k__Bacteria;p__Firmicutes;c__Clostridia;o__Clostridiales;f__Ruminococcaceae;g__Ruminiclostridium;s__[Eubacterium]_siraeum	0.0272320264295	-0.0402135053842	0.0704051126712	-0.0190294657262	0.0286027093822	0.0117053580363	0.00732805734364	0.0124107699746	-0.00283336431086	0.00700260506664	0.0180652078865	0.0198988720271	-0.000946051925421	0.0610456564432	-0.00701237727503	0.0294449315141	0.0142696026552	0.0370085590414	-0.0284929791092	-0.00823080126787	-0.0310692446034	1.0	-0.0435936360288	0.0135686384599	-0.00087552200259	-0.0575518628295	0.0443642187674	-0.0283796773854	-0.0593883258905	-0.0542909327522	0.056879003015	-0.107886180437	-0.0175575792907	-0.0103967006273	-0.0271489624424	-0.0417828188864	0.00236094349366	-0.00938539528591	0.0524005556484	-0.0147786844767	0.0288902667951	-0.0261967716474	-0.0228690547758	-0.0334029089043	-0.0105242691149	0.0164772130685	-0.0177728986978	-0.0904671170521	0.0212300209589	-0.0613120205058	-0.00386594785813	-0.0681991377882	-0.0264140916077	-0.0365294169985	0.0476489295835	-0.042722719894	0.00562440551911	-0.0758231211695	-0.0817446196091
k__Bacteria;p__Proteobacteria;c__Betaproteobacteria;o__Burkholderiales;f__Sutterellaceae;g__Parasutterella;s__Parasutterella_excrementihominis	-0.0757386670639	0.00897881766899	-0.0232469341937	0.0125553600082	0.0378141124611	0.0540132992731	-0.0714541328394	0.0128570021809	0.00718287222714	0.0309616155875	0.00586620438759	-0.00689806595937	0.0163364085191	0.060078717333	-0.0388666223856	-0.00223471955705	-0.0548280152621	0.0128625425199	-0.0503397266383	-0.048615235057	-0.0182492214439	-0.0435936360288	1.0	-0.107931236136	-0.0135714626783	0.0218100116083	-0.0212141333617	-0.0586739319009	0.0182440866562	-0.0492671052255	0.0128746062273	0.0786348923163	-0.0219586611925	-0.048920471041	-0.051809533404	0.0835057858413	-0.00759493431468	-0.0293487593765	0.0158811920751	-0.0399076500019	-0.0433457624584	0.00328784629344	0.0169801481415	0.0210519933631	-0.0674647067799	-0.049675489507	-0.0484614445875	-0.0336307501313	-0.063049925664	-0.0550350985931	-0.0236217291051	-0.0229561482893	-0.134288632783	0.0509095940401	0.0187532674709	0.00291560866157	-0.0553945283437	0.0049542912398	-0.0168113396225
k__Bacteria;p__Actinobacteria;c__Actinobacteria;o__Bifidobacteriales;f__Bifidobacteriaceae;g__Bifidobacterium;s__Bifidobacterium_adolescentis	-0.0943810430304	0.0180067656807	-0.108081495344	-0.0513877367237	-0.0409277153794	-0.10881740896	0.00672391060569	-0.00273536079762	-0.00246738760568	-0.00362070541628	-0.139201850305	-0.0230446464268	-0.0135235593829	-0.00403555043897	0.0479712970961	0.0114871712512	0.0280602052374	-0.0311949371495	0.0550590472804	0.0380856466049	-0.0136794055638	0.0135686384599	-0.107931236136	1.0	-0.0966710628748	0.0403811584159	-0.0546762973862	-0.0574761874107	-0.0669084514336	-0.0136508039126	-0.071416028551	-0.0222333296559	-0.0540414499607	-0.0463774146738	0.0962243089514	-0.0132753029414	-0.0366766757374	0.0540434084696	0.027010641753	0.00511701872998	-0.0593522272633	0.0174698280459	-0.0209201564113	-0.0594407144024	-0.00133974672304	-0.00853929114106	-0.0345534086677	0.0114582335239	0.0154534183756	0.0116183290205	-0.00923123564833	-0.0173474123938	0.0389063940561	-0.0751497650023	0.0308922149399	-0.0976041969597	0.0187019560227	0.00407199065103	-0.0504995110304
k__Bacteria;p__Firmicutes;c__Clostridia;o__Clostridiales;f__Oscillospiraceae;g__Oscillibacter;s__Oscillibacter_sp._KLE_1745	0.029586620444	-0.000702821291586	0.0619643818228	-0.00993515818991	-0.0474336477321	-0.0248805888123	-0.104346718458	0.0804781362733	0.00821831545123	-0.0112589576741	-0.0114625921881	0.0792173548181	-0.0488169994111	-0.00677648023248	-0.025897440869	-0.0337114652417	0.0233574189826	0.0177044647397	-0.0738526595225	-0.0474877040906	-0.134808219028	-0.00087552200259	-0.0135714626783	-0.0966710628748	1.0	-0.0480263846587	-0.0983361021598	-0.00487615699376	-0.0559792395659	0.0494390770618	0.0262707563841	-0.0112222711055	0.0591800946442	-0.00566055645142	-0.0218842905537	0.00813139974757	0.0878590115101	0.127862658087	-0.00273677242676	-0.0432697448937	-0.0430289959242	0.0208983593781	0.0328780216295	-0.053231847895	-0.0371405943578	-0.0436915548075	-0.0569037110799	-0.0084306189769	-0.0223941806984	-0.0303419847967	-0.0432153204788	0.0119793091655	-0.0294455293443	0.00660034944048	-0.074150928117	-0.00753217041751	-0.00985681169263	-0.0253636031546	-0.0324990227063
k__Bacteria;p__Bacteroidetes;c__Bacteroidia;o__Bacteroidales;f__Bacteroidaceae;g__Bacteroides;s__Bacteroides_coprophilus	-0.054027548046	-0.0246678647618	0.115342495236	0.0234791317946	0.0100668925026	-0.0626569662536	0.00537614552878	0.0151451134155	0.0370691181544	-0.0350725212989	0.000978998028367	0.0381002199885	-0.0336999044292	-0.0392110336093	0.0024049795688	-0.0531552170318	0.0857370332262	0.0501390562193	-0.0342478190142	0.00237865637582	-0.0334163475505	-0.0575518628295	0.0218100116083	0.0403811584159	-0.0480263846587	1.0	-0.00398116393416	-0.0158676143292	-0.010108945867	0.00844234814505	-0.0316922315319	0.0124176629211	-0.0188202539302	-0.0110160209787	-0.0250955369671	-0.0511768087292	0.0499343426273	-0.0157784702158	-0.0140511523034	-0.0145508001073	-0.0213817420459	-0.00633604404968	-0.0318364070989	-0.0287812341739	0.0194254630047	-0.0616367398847	-0.0350276381102	-0.0262611566366	0.0529174811609	-0.0640656449807	0.0292698804852	0.00854240980903	0.0314729757403	0.0221065670208	-0.0138018596842	-0.0648960580178	0.00391080803159	-0.00522942790586	-0.0598501633121
k__Bacteria;p__Firmicutes;c__Clostridia;o__Clostridiales;f__Lachnospiraceae;g__Roseburia;s__Roseburia_intestinalis	-0.0106301808847	-0.0360289680892	-0.0523499343101	0.0305326381632	-0.0250213811196	-0.0179737274822	-0.00425663913825	0.0489819256999	-0.0481484129923	0.0235015918825	-0.0599768624284	0.00481369576956	0.0288817813534	0.0688553000585	-0.0572806069126	0.0339220986829	0.0487887918338	0.00151793919675	0.00666479526058	-0.0690034390811	-0.02459915123	0.0443642187674	-0.0212141333617	-0.0546762973862	-0.0983361021598	-0.00398116393416	1.0	-0.00788082031169	-0.0497026951506	-0.0436211129866	-0.0857178086071	-0.0500947783377	0.0679464851842	-0.0271317109944	-0.110275589785	-0.0282452100212	-0.0164703300117	-0.012543541681	0.0109358891139	0.0389757293988	-0.100966002226	-0.0358539259726	0.00726120786715	-0.0417546171773	0.022770483099	-0.0546474629635	-0.0192250794731	0.0361377286031	0.0892869209979	-0.0257854484851	0.0459273915562	0.00719790449027	0.0459719142354	-0.0422534113771	0.0324972562917	-0.0356092095341	0.0387887967509	-0.020071216419	-0.00356203706089
k__Bacteria;p__Firmicutes;c__Clostridia;o__Clostridiales;f__Lachnospiraceae;g__Roseburia;s__Roseburia_hominis	0.0148748798175	-0.00661906451299	-0.0630956169078	-0.0334121263979	0.00382171870535	-0.0184078798259	-0.0135236733036	-0.000738967709233	0.0339743808008	-0.0461467204265	0.000662182317676	-0.03698248718	-0.0185715620184	-0.0805386395681	-0.112445748948	-0.0203824757726	-0.0438506286995	0.0305771816734	-0.0582514480196	0.0179362730728	-0.0398748348862	-0.0283796773854	-0.0586739319009	-0.0574761874107	-0.00487615699376	-0.0158676143292	-0.00788082031169	1.0	-0.0424167271115	-0.0245931191576	0.000592890456078	-0.00432834713407	0.00212007614718	-0.0460355225035	0.0120995990478	-0.0216118783559	-0.0254572423113	-0.0583582609838	0.0102503534869	-0.00697320633038	-0.0187584165184	0.0199764808805	-0.00167199551855	-0.0429458633817	0.0139658044135	0.0937289499478	0.0726304355644	-0.076671416224	-0.0583360828554	-0.0376573397585	-0.039387211538	-0.0080421674281	0.0603065752922	0.0101468105406	0.00939317361414	-0.0304103583502	-0.017188424108	-0.000374010480986	-0.0177154770713
k__Bacteria;p__Bacteroidetes;c__Bacteroidia;o__Bacteroidales;f__Porphyromonadaceae;g__Parabacteroides;s__Parabacteroides_johnsonii	-0.0258281502871	-0.0364600458562	-0.0391017801838	-0.0156401424916	0.0322117770878	-0.0237028326048	-0.0617825371892	-0.0758894429125	0.039920212381	-0.0369853459871	-0.0252348578913	-0.0333349198021	-0.021315053622	-0.088833160672	-0.00346853808943	-0.0168919923807	-0.0210591884295	-0.0776950964	0.0128019440375	0.0812048610002	-0.0958679137067	-0.0593883258905	0.0182440866562	-0.0669084514336	-0.0559792395659	-0.010108945867	-0.0497026951506	-0.0424167271115	1.0	-0.0500300499965	0.0967230442117	-0.0368226585586	0.0362318269406	-0.0149917627574	-0.0659125596129	-0.0288749613742	-0.0368253264652	0.0506621661101	0.0336630820389	-0.0611242733239	0.0156385804325	-0.0406183788152	-0.00486403580336	-0.026440284456	-0.119064993682	-0.0507990740002	-0.0674537129035	0.0401431591138	-0.0290239533313	-0.0586523476122	0.0153826853509	0.00843296310508	-0.0951341189633	-0.00666866615537	-0.0116723355781	-0.0353238969009	-0.0203765229705	0.0229712968522	0.0869260362661
k__Bacteria;p__Actinobacteria;c__Actinobacteria;o__Bifidobacteriales;f__Bifidobacteriaceae;g__Bifidobacterium;s__Bifidobacterium_longum	-0.0728832365626	0.00311561263501	-0.0119896437702	-0.0391920862328	-0.0148681882351	-0.0140658610686	0.00420765686847	0.0378307121695	-0.00891081247588	-0.0617573555871	-8.39037774854e-05	-0.0547006560168	-0.00296514440472	-0.00625574137703	0.0467762989015	-0.0662482342686	-0.0865300708263	-0.0512558143804	0.0127692619308	-0.0587524650142	0.113761079388	-0.0542909327522	-0.0492671052255	-0.0136508039126	0.0494390770618	0.00844234814505	-0.0436211129866	-0.0245931191576	-0.0500300499965	1.0	-0.0465758539001	-0.00330295635477	-0.0212385364188	0.0218706238345	0.0553660228566	-0.0936123559507	0.0042513562853	0.0526434465465	-0.0209737171622	-0.0212419930067	-0.0365679426313	-0.0293907326736	0.0513474520229	0.00876502293284	-0.0558245933823	-0.040726305805	0.0065445855269	-0.0493281751454	-0.0321350462885	-0.0360484511578	-0.00270745472483	-0.0435786239238	0.0189036497888	-0.0595594020503	0.0326396845978	-0.0124475159634	-0.0381027710657	-0.0346710149177	0.0392443841071
