#taxonomy	k__Bacteria;p__Bacteroidetes;c__Bacteroidia;o__Bacteroidales;f__Bacteroidaceae;g__Bacteroides;s__Bacteroides_vulgatus	k__Bacteria;p__Bacteroidetes;c__Bacteroidia;o__Bacteroidales;f__Bacteroidaceae;g__Bacteroides;s__Bacteroides_uniformis	k__Bacteria;p__Bacteroidetes;c__Bacteroidia;o__Bacteroidales;f__Rikenellaceae;g__Alistipes;s__Alistipes_putredinis	k__Bacteria;p__Bacteroidetes;c__Bacteroidia;o__Bacteroidales;f__Prevotellaceae;g__Prevotella;s__Prevotella_copri	k__Bacteria;p__Bacteroidetes;c__Bacteroidia;o__Bacteroidales;f__Bacteroidaceae;g__Bacteroides;s__Bacteroides_stercoris	k__Bacteria;p__Bacteroidetes;c__Bacteroidia;o__Bacteroidales;f__Bacteroidaceae;g__Bacteroides;s__Bacteroides_ovatus	k__Bacteria;p__Bacteroidetes;c__Bacteroidia;o__Bacteroidales;f__Rikenellaceae;g__Alistipes;s__Alistipes_shahii	k__Bacteria;p__Firmicutes;c__Clostridia;o__Clostridiales;f__Ruminococcaceae;g__Faecalibacterium;s__Faecalibacterium_prausnitzii	k__Bacteria;p__Bacteroidetes;c__Bacteroidia;o__Bacteroidales;f__Rikenellaceae;g__Alistipes;s__Alistipes_finegoldii	k__Bacteria;p__Bacteroidetes;c__Bacteroidia;o__Bacteroidales;f__Porphyromonadaceae;g__Parabacteroides;s__Parabacteroides_distasonis	k__Bacteria;p__Bacteroidetes;c__Bacteroidia;o__Bacteroidales;f__Bacteroidaceae;g__Bacteroides;s__Bacteroides_thetaiotaomicron	k__Bacteria;p__Bacteroidetes;c__Bacteroidia;o__Bacteroidales;f__Bacteroidaceae;g__Bacteroides;s__Bacteroides_coprocola	k__Bacteria;p__Bacteroidetes;c__Bacteroidia;o__Bacteroidales;f__Bacteroidaceae;g__Bacteroides;s__Bacteroides_cellulosilyticus	k__Bacteria;p__Bacteroidetes;c__Bacteroidia;o__Bacteroidales;f__Rikenellaceae;g__Alistipes;s__Alistipes_obesi	k__Bacteria;p__Firmicutes;c__Clostridia;o__Clostridiales;f__Lachnospiraceae;g__;s__[Eubacterium]_rectale	k__Bacteria;p__Bacteroidetes;c__Bacteroidia;o__Bacteroidales;f__Bacteroidaceae;g__Bacteroides;s__Bacteroides_plebeius	k__Bacteria;p__Bacteroidetes;c__Bacteroidia;o__Bacteroidales;f__Bacteroidaceae;g__Bacteroides;s__Bacteroides_fragilis	k__Bacteria;p__Proteobacteria;c__Betaproteobacteria;o__Burkholderiales;f__Sutterellaceae;g__Sutterella;s__Sutterella_wadsworthensis	k__Bacteria;p__Bacteroidetes;c__Bacteroidia;o__Bacteroidales;f__Porphyromonadaceae;g__Barnesiella;s__Barnesiella_intestinihominis	k__Bacteria;p__Bacteroidetes;c__Bacteroidia;o__Bacteroidales;f__Odoribacteraceae;g__Odoribacter;s__Odoribacter_splanchnicus	k__Bacteria;p__Bacteroidetes;c__Bacteroidia;o__Bacteroidales;f__Bacteroidaceae;g__Bacteroides;s__Bacteroides_salyersiae	k__Bacteria;p__Firmicutes;c__Clostridia;o__Clostridiales;f__Ruminococcaceae;g__Ruminiclostridium;s__[Eubacterium]_siraeum	k__Bacteria;p__Proteobacteria;c__Betaproteobacteria;o__Burkholderiales;f__Sutterellaceae;g__Parasutterella;s__Parasutterella_excrementihominis	k__Bacteria;p__Actinobacteria;c__Actinobacteria;o__Bifidobacteriales;f__Bifidobacteriaceae;g__Bifidobacterium;s__Bifidobacterium_adolescentis	k__Bacteria;p__Firmicutes;c__Clostridia;o__Clostridiales;f__Oscillospiraceae;g__Oscillibacter;s__Oscillibacter_sp._KLE_1745	k__Bacteria;p__Bacteroidetes;c__Bacteroidia;o__Bacteroidales;f__Bacteroidaceae;g__Bacteroides;s__Bacteroides_coprophilus	k__Bacteria;p__Firmicutes;c__Clostridia;o__Clostridiales;f__Lachnospiraceae;g__Roseburia;s__Roseburia_intestinalis	k__Bacteria;p__Firmicutes;c__Clostridia;o__Clostridiales;f__Lachnospiraceae;g__Roseburia;s__Roseburia_hominis	k__Bacteria;p__Bacteroidetes;c__Bacteroidia;o__Bacteroidales;f__Porphyromonadaceae;g__Parabacteroides;s__Parabacteroides_johnsonii	k__Bacteria;p__Actinobacteria;c__Actinobacteria;o__Bifidobacteriales;f__Bifidobacteriaceae;g__Bifidobacterium;s__Bifidobacterium_longum	k__Bacteria;p__Firmicutes;c__Clostridia;o__Clostridiales;f__;g__Flavonifractor;s__Flavonifractor_plautii	k__Bacteria;p__Firmicutes;c__Clostridia;o__Clostridiales;f__Clostridiaceae;g__Clostridium;s__Clostridium_phoceensis	k__Bacteria;p__Verrucomicrobia;c__Verrucomicrobiae;o__Verrucomicrobiales;f__Akkermansiaceae;g__Akkermansia;s__Akkermansia_muciniphila	k__Bacteria;p__Bacteroidetes;c__Bacteroidia;o__Bacteroidales;f__Prevotellaceae;g__Paraprevotella;s__Paraprevotella_xylaniphila	k__Bacteria;p__Firmicutes;c__Clostridia;o__Clostridiales;f__Ruminococcaceae;g__Ruminococcus;s__Ruminococcus_callidus	k__Bacteria;p__Bacteroidetes;c__Bacteroidia;o__Bacteroidales;f__Rikenellaceae;g__Alistipes;s__Alistipes_senegalensis	k__Bacteria;p__Firmicutes;c__Clostridia;o__Clostridiales;f__Lachnospiraceae;g__Blautia;s__Blautia_sp._KLE_1732	k__Bacteria;p__Bacteroidetes;c__Bacteroidia;o__Bacteroidales;f__Bacteroidaceae;g__Bacteroides;s__Bacteroides_oleiciplenus	k__Bacteria;p__Firmicutes;c__Clostridia;o__Clostridiales;f__Ruminococcaceae;g__Ruminococcus;s__Ruminococcus_bicirculans	k__Bacteria;p__Bacteroidetes;c__Bacteroidia;o__Bacteroidales;f__Bacteroidaceae;g__Bacteroides;s__Bacteroides_fluxus	k__Bacteria;p__Bacteroidetes;c__Bacteroidia;o__Bacteroidales;f__Prevotellaceae;g__Prevotella;s__Prevotella_stercorea	k__Bacteria;p__Firmicutes;c__Clostridia;o__Clostridiales;f__Lachnospiraceae;g__Dorea;s__Dorea_longicatena	k__Bacteria;p__Firmicutes;c__Clostridia;o__Clostridiales;f__Eubacteriaceae;g__Eubacterium;s__[Eubacterium]_eligens	k__Bacteria;p__Firmicutes;c__Clostridia;o__Clostridiales;f__Ruminococcaceae;g__;s__Ruminococcaceae_bacterium_D16	k__Bacteria;p__Firmicutes;c__Clostridia;o__Clostridiales;f__Lachnospiraceae;g__Coprococcus;s__Coprococcus_comes	k__Bacteria;p__Proteobacteria;c__Gammaproteobacteria;o__Enterobacterales;f__Enterobacteriaceae;g__Escherichia;s__Escherichia_coli	k__Bacteria;p__Firmicutes;c__Clostridia;o__Clostridiales;f__Ruminococcaceae;g__Anaerotruncus;s__Anaerotruncus_colihominis	k__Bacteria;p__Firmicutes;c__Clostridia;o__Clostridiales;f__Lachnospiraceae;g__Blautia;s__Blautia_obeum	k__Bacteria;p__Bacteroidetes;c__Bacteroidia;o__Bacteroidales;f__Odoribacteraceae;g__Odoribacter;s__Odoribacter_laneus	k__Bacteria;p__Firmicutes;c__Clostridia;o__Clostridiales;f__Ruminococcaceae;g__Ruminiclostridium;s__[Clostridium]_leptum	k__Bacteria;p__Bacteroidetes;c__Bacteroidia;o__Bacteroidales;f__Porphyromonadaceae;g__Parabacteroides;s__Parabacteroides_goldsteinii	k__Bacteria;p__Firmicutes;c__Clostridia;o__Clostridiales;f__Lachnospiraceae;g__Anaerostipes;s__Anaerostipes_hadrus	k__Bacteria;p__Firmicutes;c__Clostridia;o__Clostridiales;f__Ruminococcaceae;g__Ruminococcus;s__Ruminococcus_lactaris	k__Bacteria;p__Firmicutes;c__Clostridia;o__Clostridiales;f__Clostridiaceae;g__Clostridium;s__Clostridium_sp._L2-50	k__Bacteria;p__Firmicutes;c__Clostridia;o__Clostridiales;f__Clostridiaceae;g__Clostridium;s__Clostridium_sp._M62/1	k__Bacteria;p__Firmicutes;c__Clostridia;o__Clostridiales;f__;g__Intestinimonas;s__Intestinimonas_butyriciproducens	k__Bacteria;p__Actinobacteria;c__Actinobacteria;o__Bifidobacteriales;f__Bifidobacteriaceae;g__Bifidobacterium;s__Bifidobacterium_bifidum	k__Bacteria;p__Firmicutes;c__Negativicutes;o__Veillonellales;f__Veillonellaceae;g__Dialister;s__Dialister_invisus	k__Bacteria;p__Bacteroidetes;c__Bacteroidia;o__Bacteroidales;f__Bacteroidaceae;g__Bacteroides;s__Bacteroides_salanitronis
k__Bacteria;p__Bacteroidetes;c__Bacteroidia;o__Bacteroidales;f__Bacteroidaceae;g__Bacteroides;s__Bacteroides_vulgatus	1.0	0.0476534879798	-0.0589417490514	-0.04015330144	-0.0222818556846	-0.00403016934805	-0.0187235433441	-0.0363568859991	0.0285486711294	0.0276390543789	-0.00226874446804	-0.00739889716276	0.0277074735823	0.058712446045	0.0252938484181	-0.0604020500094	0.0522123520164	-0.0467076946757	0.0137967254847	-0.0838586671006	0.0479920173356	-0.041970322685	-0.0554526777987	0.0596912508002	-0.0142423094723	-0.0171248227601	-0.0549566935049	-0.0796686525087	0.0156580710567	0.0414184017591	-0.0290843322234	-0.0477022911574	0.0243161235673	-0.0245176506689	-0.0107463214584	-0.000257782471917	0.00641825710563	0.00869154318442	0.00131823301693	-0.0145806123246	0.016591059853	0.0536505533058	0.018862448802	0.0211937804901	-0.0115565021587	-0.0688645098398	-0.00913422759834	0.0288622446593	0.00619714891084	0.044921759863	-0.0299810159519	0.0417181192728	-0.0244582897818	0.00656057302907	0.0204600208966	-0.0100888313704	0.0481299058926	-0.0260934790138	-0.0180425356982
k__Bacteria;p__Bacteroidetes;c__Bacteroidia;o__Bacteroidales;f__Bacteroidaceae;g__Bacteroides;s__Bacteroides_uniformis	0.0476534879798	1.0	-0.0838587669574	0.0370139477678	-0.0234926469602	0.0328464942384	-0.0228283411141	-0.00207961007143	0.00924120841509	-0.0202924728844	-0.00349012895825	-0.0748650593413	0.0274311081391	0.0101924567664	0.0257153402943	-0.0146428610532	-0.124029082579	-0.00725423433174	0.0193223319387	-0.0461116861301	-0.0205891748955	-0.113907807035	-0.0397023156167	-0.0168832855331	0.0255089502077	-0.0166667241828	-0.03989074419	-0.0917957930642	0.0304142155243	-0.0294389818716	-0.000456244797082	0.0700032633728	0.0168131984801	-0.0303144086993	-0.0361337563206	-0.0768192163733	-0.086775204578	-0.00583211687297	-0.030879989536	-0.0120212286914	0.0228972201283	-0.0265885765546	-0.0244937005108	0.0303342492182	0.00892126806532	0.0288730478683	-0.0271382901291	-0.00116479972544	0.0215432366558	-0.000545771623998	0.0582160522983	-0.00644242755793	0.0284146426542	-0.00144546833952	-0.0118383712282	-0.0649638923554	-0.0333984581586	0.0723012088565	-0.0327278811542
k__Bacteria;p__Bacteroidetes;c__Bacteroidia;o__Bacteroidales;f__Rikenellaceae;g__Alistipes;s__Alistipes_putredinis	-0.0589417490514	-0.0838587669574	1.0	0.039063511652	0.017185400214	-0.0234535719038	0.0145537335691	-0.0268751597587	0.0300941659128	-0.0642402069517	-0.0172755811515	0.00768700945674	-0.0501373502948	0.0324973308854	-0.0140393276059	0.0700160662754	-0.0143350383622	0.0332896338994	0.0277050433205	-0.0199800083763	0.0311748911729	0.00665094642533	-0.0924427387768	0.0195748787245	0.00442523779537	-0.00553535385306	-0.018090337622	-0.0581799360483	-0.0466936900978	0.0239071103506	0.00806681100598	-0.00342374833713	-0.0171225258508	-0.0586689534262	-0.030036513711	0.00623084251672	0.0208906088208	-0.0113411325076	0.0374071350032	0.00485035899609	-0.0455911272146	-0.0422301056926	-0.0403602449039	-0.00929931568495	-0.0225031234899	-0.0470139970817	-0.0555254088397	0.0759111908331	-0.0143901756291	0.0173367630193	-0.0339124452085	-0.0534100624788	-0.00766968576167	-0.0205427027058	-0.0666687575828	0.0180778882878	0.0593063544965	-0.0145745973886	-0.00371267086654
k__Bacteria;p__Bacteroidetes;c__Bacteroidia;o__Bacteroidales;f__Prevotellaceae;g__Prevotella;s__Prevotella_copri	-0.04015330144	0.0370139477678	0.039063511652	1.0	0.00110020566664	-0.04904245318	-0.00900957394078	0.0341799218067	0.00343479971097	-0.0141197975403	0.0191679151958	-0.0361309859236	0.0450092435898	0.031265531916	0.0110340195955	-0.0243029703385	0.00859167403189	-0.0583390960964	0.037683125309	-0.0030111444925	-0.0218188252922	0.0183708959433	0.0597256378627	-0.0128376195943	-0.0490571064964	0.00644523254357	-0.0342156497102	-0.0250758480047	0.00701596760784	-0.0211199929514	-0.0115281121248	-0.0997331174685	0.0518278337356	-0.0458857588242	-0.0487156817752	0.00786137929553	-0.0215042713876	-0.089759982846	-0.0459862595437	-0.0710890764686	-0.0677665630864	0.00164876455315	0.0165373027243	0.00920078589614	0.0612681115671	-0.00503095033984	-0.0469572217122	-0.0147981619903	0.0282921491372	-0.0956646604865	-0.046642933577	-0.0480240134874	-0.0154403502389	-0.0626545670385	0.0570288655131	-0.0329372631896	0.00942715739309	0.03765018218	-0.012225424657
k__Bacteria;p__Bacteroidetes;c__Bacteroidia;o__Bacteroidales;f__Bacteroidaceae;g__Bacteroides;s__Bacteroides_stercoris	-0.0222818556846	-0.0234926469602	0.017185400214	0.00110020566664	1.0	-0.0855545456029	-0.0594092811253	0.0225424988685	0.015140146925	-0.0451438396942	0.000630570937759	-0.00660243571946	0.00314320552318	0.0267243024121	0.000611026356042	0.0156449558076	-0.0153733301382	-0.0049834846376	-0.0210384128997	-0.0241872196218	0.0283228668522	-0.0403354421011	0.019686997416	0.00947958357772	-0.0195715301586	0.0497280103164	-0.00436920504901	-0.0352943457784	0.0305814594809	0.0331152104666	0.0267834587508	0.00884320077821	-0.016943603465	-0.0171956650194	0.0246674341727	-0.0419409505135	-0.0801033644286	0.0133808334129	-0.0607280563263	0.0468961359158	-0.0549426173991	0.026826245878	0.0133034934571	-0.0192479039259	-0.0192761057557	-0.0118601802555	-0.0824738606161	-0.0528932727388	-0.0466615085749	-0.0659191001213	0.0571084116089	-0.0261684300411	-0.0243943473164	-0.0102001416107	0.0452052407541	0.0413957798934	-0.027903936937	-0.0526528497621	-0.0369283482317
k__Bacteria;p__Bacteroidetes;c__Bacteroidia;o__Bacteroidales;f__Bacteroidaceae;g__Bacteroides;s__Bacteroides_ovatus	-0.00403016934805	0.0328464942384	-0.0234535719038	-0.04904245318	-0.0855545456029	1.0	-0.0195972165982	-0.0502891256785	-0.0566214864155	-0.0142747502332	0.0247746873027	0.00360768072389	0.0451381889404	0.0501396952381	0.0663283540222	-0.0521644997496	-0.0432729191595	-0.00840299494968	-0.0284845233326	0.0373174610241	0.0724393323276	-0.0179933908946	0.02267745122	-0.00704521838178	-0.00862911095578	-0.0449365400808	0.0183476335763	0.0278907087755	-0.0231660147843	-0.0340216728589	-0.024964210443	-0.00526898597699	0.0402019289795	-0.00445544148361	-0.0208800803543	0.0942038188236	0.0491251251356	-0.0502208618767	-0.0305186288687	-0.0379776567246	-0.0422734442022	-0.0334868504597	0.00719732863829	-0.0528130622568	-0.0543299685712	-0.000282548091347	0.0090960921051	-0.0205144958909	-0.0582190787784	-0.0757874739976	-0.0598561217589	-0.0392133508023	0.00829346345726	-0.0307314327049	-0.055511459363	-0.0227923725268	-0.0626979800025	0.033852034861	0.0202997366479
k__Bacteria;p__Bacteroidetes;c__Bacteroidia;o__Bacteroidales;f__Rikenellaceae;g__Alistipes;s__Alistipes_shahii	-0.0187235433441	-0.0228283411141	0.0145537335691	-0.00900957394078	-0.0594092811253	-0.0195972165982	1.0	-0.0218879878745	-0.0685286208647	0.0630335767061	0.0305427499869	0.0159023375331	-0.0405486832163	-0.0142506975332	-0.0435684254166	0.00949492036099	-0.0153089460726	-0.00185296933632	0.0226874480543	0.0336453829253	0.0112335433571	-0.04492325588	-0.0584805781759	-0.0123329038708	0.0314627247542	0.0675708222661	-0.0545784492128	0.0183983606784	-0.0206099250007	0.0306228199433	0.0767948298345	-0.0540843206496	-0.0654483770347	-0.0197209458604	-0.0275611031181	0.112331831117	-0.0325430346959	0.0523834866568	0.0246304402652	-0.0375797379773	-0.0591711573766	-0.0225846622839	-0.0163233607371	-0.0132647042859	-0.0474119057737	-0.066450184708	-0.0530025593544	0.0234247480813	-0.01649963617	-0.0192850569442	0.0468727311717	-0.0291867028938	0.011011876905	-0.0041801661384	-0.0684481221075	-0.0247763539143	0.0155075388502	0.0261615485481	0.022966107708
k__Bacteria;p__Firmicutes;c__Clostridia;o__Clostridiales;f__Ruminococcaceae;g__Faecalibacterium;s__Faecalibacterium_prausnitzii	-0.0363568859991	-0.00207961007143	-0.0268751597587	0.0341799218067	0.0225424988685	-0.0502891256785	-0.0218879878745	1.0	0.00659772673055	-0.0247795921556	-0.00344021398906	-0.0552690005776	0.0207643498435	0.000362355872853	-0.038403849401	0.0142914134721	-0.0071373312855	0.0279215076913	-0.0135433901067	0.0570615730209	-0.027704483022	0.0641270922794	-0.0349727374626	0.0176090954218	0.0152654925185	0.00689469685278	-0.00645959024212	-0.00862634493688	-0.0296288442103	-0.0516740796099	0.0229154591469	-0.040350868241	-0.0601300362436	-0.0506334615096	-0.0189977489264	-0.0900898966686	0.0352065506842	-0.0915191902808	0.0521566727323	0.00787739971733	-0.00948035724741	-0.0171608244629	0.0332850734106	-0.065352608176	-0.00117811344426	-0.0264400185734	-0.0301374431733	-0.0161017860628	-0.00434557498205	-0.0410406992834	0.028078000582	0.0609033218466	0.0177659229422	-0.0161271497947	0.00447420056538	0.00167315467616	-0.00709067079518	-0.0387405485335	-0.0452614249303
k__Bacteria;p__Bacteroidetes;c__Bacteroidia;o__Bacteroidales;f__Rikenellaceae;g__Alistipes;s__Alistipes_finegoldii	0.0285486711294	0.00924120841509	0.0300941659128	0.00343479971097	0.015140146925	-0.0566214864155	-0.0685286208647	0.00659772673055	1.0	-0.04655814948	0.00245936737711	-0.0670109202962	0.0553231284795	0.0147303287513	-0.0821864440395	0.049204713312	-0.00957733008665	-0.0511864572903	-0.0322139381082	0.0134842147913	-0.00796584094814	0.00949141720146	-0.0333735218116	-0.0243482485382	0.0329038614643	0.00842014331419	-0.0951794855935	-0.00884032572094	-0.0460106348611	-0.0604512344646	-0.0426306101285	-0.0343903736387	-0.0158325784855	-0.0457063918249	0.0304401953108	-0.00809686983665	0.0493880168393	-0.0276449996039	0.0283159213378	-0.0344718008024	-0.0646336551189	-0.0620296015643	0.00321172174038	-0.0176325297557	-0.0107332587526	0.00193885601191	-0.0240254290307	0.00174221923644	-0.00775506552219	0.0337567385566	-0.0181846441028	0.00110998371019	-0.0184133015373	0.00829541226585	0.0129757947495	-0.119676173347	-0.0402459452013	-0.0563089667775	0.0306142031977
k__Bacteria;p__Bacteroidetes;c__Bacteroidia;o__Bacteroidales;f__Porphyromonadaceae;g__Parabacteroides;s__Parabacteroides_distasonis	0.0276390543789	-0.0202924728844	-0.0642402069517	-0.0141197975403	-0.0451438396942	-0.0142747502332	0.0630335767061	-0.0247795921556	-0.04655814948	1.0	-0.0470945317613	-0.0570868562776	-0.0234014700785	0.011371863806	0.0395404054601	-0.0385503385476	0.0261274136682	0.0150738228367	-0.0598464564645	0.0577681352111	0.0155451956459	-0.0264130565376	0.00586969114314	0.0415072139436	-0.0306656319562	0.012693688128	-0.0665579104499	-0.0230164357982	-0.000881615412283	-0.0508171084774	0.0194341372373	-0.0236619939289	0.0260705466808	0.0207258151596	-0.0711619480705	-0.0586558126533	0.0252545703783	0.00326938505007	-0.0568777566648	0.0270257181471	0.00900122537374	0.0284721110495	-0.0195568083791	-0.0537719255147	-0.0167292345818	-0.0394339117723	0.0170757807655	0.0278627388719	-0.0471060516785	0.0232407927644	0.05972124984	-0.00887683559797	-0.00160034053501	0.0608644395937	-0.105161767919	-0.0293864690718	0.0299973969357	-0.0166372268452	-0.0806107723571
k__Bacteria;p__Bacteroidetes;c__Bacteroidia;o__Bacteroidales;f__Bacteroidaceae;g__Bacteroides;s__Bacteroides_thetaiotaomicron	-0.00226874446804	-0.00349012895825	-0.0172755811516	0.0191679151958	0.000630570937759	0.0247746873027	0.0305427499869	-0.00344021398906	0.00245936737711	-0.0470945317613	1.0	-0.0157329974182	-0.00600484743606	-0.0495977571306	0.0110441380604	0.0100593215656	-0.0180360298067	0.00965404636473	0.0636199775103	-0.0467917840573	-0.00671707841004	0.04024547949	0.0297371363676	0.0634287926194	0.00595506760251	0.000220531357911	0.00975429022746	-0.0112213692352	0.0391272202221	-0.0376630221936	-0.0265212084843	-0.0857551773233	0.0547585041562	-0.0106365140554	0.0334473525311	-0.0365673571772	-0.00637532200071	0.00862861998014	-0.0207336968059	-0.0888837558644	-0.0750426639905	-0.00668082883807	-0.0809475321376	-0.0538308535702	0.0169912697422	0.0190845978138	0.0204176172189	0.0836683908327	-0.00548580766158	-0.0707397580522	-0.0857363681636	-0.0410109095291	-0.0453833267222	-0.0151376686811	0.0640894025424	-0.026796118179	0.0456255565763	0.042927889398	-0.0527213116199
k__Bacteria;p__Bacteroidetes;c__Bacteroidia;o__Bacteroidales;f__Bacteroidaceae;g__Bacteroides;s__Bacteroides_coprocola	-0.00739889716276	-0.0748650593413	0.00768700945674	-0.0361309859236	-0.00660243571946	0.00360768072389	0.0159023375331	-0.0552690005776	-0.0670109202962	-0.0570868562776	-0.0157329974182	1.0	0.00289570842496	-0.100097839868	-0.0122777803423	-0.0709818371497	0.023987923085	0.0375040400693	0.0365645062509	0.00638562680207	-0.0394671585773	0.0129014487289	-0.0324690475652	-0.0243607097765	0.0172564057982	0.00129534071966	-0.0428347794288	0.037922007554	0.0845214101472	0.0207871976475	0.0606028137986	-0.0361186536233	-0.0172349011797	-0.0218881439576	-0.0675573330962	0.0439431547447	-0.00637202401738	0.0168900328144	-0.0941075187627	0.00268650681627	-0.0373169573582	-0.00138905432965	-0.0397227206517	0.0450552094799	-0.0366605645922	-0.0703750537319	-0.00901608810276	0.0538752037884	0.017837509058	0.0185450520039	0.0438809842017	0.00690975058691	-0.060185685315	-0.0263306225191	-0.0388533555727	0.0367572814381	0.0174730679421	0.0594810892569	-0.101916930679
k__Bacteria;p__Bacteroidetes;c__Bacteroidia;o__Bacteroidales;f__Bacteroidaceae;g__Bacteroides;s__Bacteroides_cellulosilyticus	0.0277074735823	0.0274311081391	-0.0501373502948	0.0450092435898	0.00314320552318	0.0451381889404	-0.0405486832163	0.0207643498435	0.0553231284795	-0.0234014700785	-0.00600484743606	0.00289570842496	1.0	-0.0220697491536	0.0132178137419	-0.000916511032244	0.0314187692513	-0.0150651373068	0.00678541448623	0.0131547816071	0.00562492054198	-0.034224239953	0.00528704239022	-0.0426097127788	-0.0732558095281	-0.0446508251902	0.0235662274937	-0.0199908493736	-0.037463223892	0.063584681844	0.052916059425	-0.000214563160685	-0.0108145956929	0.0261400702122	-0.0654384470577	-0.0329322377094	0.00905748385439	-0.00768804466543	-0.0616686315865	0.0419507277625	0.00121873248943	-0.0153835712705	-0.0173115288085	-0.00153463647651	-0.0690050792156	-0.0205683814891	-0.000683498856652	-0.027460231845	-0.0337675308886	-0.0112873120967	0.0321202055202	0.019744398193	0.0127759443595	-0.060398389769	-0.0678062065108	-0.0496271729446	-0.0315156152501	-0.0567571971571	-0.0388340120054
k__Bacteria;p__Bacteroidetes;c__Bacteroidia;o__Bacteroidales;f__Rikenellaceae;g__Alistipes;s__Alistipes_obesi	0.058712446045	0.0101924567664	0.0324973308854	0.031265531916	0.0267243024121	0.0501396952381	-0.0142506975332	0.000362355872853	0.0147303287513	0.011371863806	-0.0495977571306	-0.100097839868	-0.0220697491536	1.0	-0.0862026434228	-0.0554029498119	-0.0604445697376	0.082140042834	-0.0376263704482	-0.0537061253974	0.00654085483052	-0.0725351856605	0.0545462656134	-0.0160453037235	-0.0542613780262	-0.0297583098088	0.0557714600615	0.0589264651684	-0.0764747730449	-0.0824896707031	-0.0560367400009	-0.0294826028651	-0.0154689255545	0.0358382134503	0.0258915936012	-0.0443144226868	-0.0350633271519	-0.0096945633255	0.0328616324113	-0.0411732034826	0.031323471096	-0.00198009126089	0.00534136383783	-0.0481508158996	-0.0097624241437	0.0323747584143	-0.0223105783336	-0.016198829282	0.0424675795592	-0.00818682655441	-0.0337121941858	-0.057245292138	0.00866557230077	0.0378632240133	-0.052291258957	-0.0857674710946	-0.0112889100338	0.061676384699	-0.00566624204554
k__Bacteria;p__Firmicutes;c__Clostridia;o__Clostridiales;f__Lachnospiraceae;g__;s__[Eubacterium]_rectale	0.0252938484181	0.0257153402943	-0.0140393276059	0.0110340195955	0.000611026356042	0.0663283540222	-0.0435684254166	-0.038403849401	-0.0821864440395	0.0395404054601	0.0110441380604	-0.0122777803423	0.0132178137419	-0.0862026434228	1.0	0.0225169354583	0.0214839303575	-0.0470448092483	0.0365946620171	-0.0477570779292	-0.0184311151689	-0.0469941366837	-0.0437558989582	-0.128781822951	-0.0266193290965	0.0102115161152	0.0142290858566	-0.0142298293585	-0.0436927459252	0.0580174939533	-0.0137960691033	0.0784974561053	0.0534362967643	-0.0565274639581	-0.0083132260027	-0.0343289769383	-0.0268642136477	-0.0491176787341	0.0567686309696	-0.0742820916001	-0.0334229131049	0.0681616587113	0.02770694525	-0.000115804796924	-0.105941584212	0.0286793715984	0.0179751931344	0.00983718080956	-0.0314772322397	-0.0194861940584	-0.0051581160003	-0.01919347899	0.0221312090749	-0.00810989066043	-0.0249698174723	-0.0231376532266	-0.00344775215882	0.0419603086648	0.0335986915018
k__Bacteria;p__Bacteroidetes;c__Bacteroidia;o__Bacteroidales;f__Bacteroidaceae;g__Bacteroides;s__Bacteroides_plebeius	-0.0604020500094	-0.0146428610532	0.0700160662754	-0.0243029703385	0.0156449558076	-0.0521644997496	0.009494920361	0.0142914134721	0.049204713312	-0.0385503385476	0.0100593215656	-0.0709818371497	-0.000916511032244	-0.0554029498119	0.0225169354583	1.0	-0.00151208853401	0.076108909327	0.054742444879	-0.00485143844087	0.065809384969	-0.0197579591865	-0.0321825797513	-0.0129183235605	-0.00923125617546	-0.026555117718	-0.0978401504297	0.0226103644193	0.0038461262528	-0.0226643015113	0.0730770408929	-0.0297007830094	-0.0159422062367	-0.00236035375721	0.0175054741902	0.0199814475351	-0.0962135511532	-0.000422402996148	-0.0143629526513	0.0643993950359	0.00508607406489	0.0268996609362	-0.0375433939675	-0.0316243624526	-0.00194804108181	-0.0918880664591	0.00802769454796	-0.033881698355	-0.021676749002	0.0118086738152	0.0190398288997	0.0296065390878	0.00037513349582	0.0200994657521	-0.0159924823808	-0.0921012556933	0.0388932480505	0.00677466666439	0.020818435928
k__Bacteria;p__Bacteroidetes;c__Bacteroidia;o__Bacteroidales;f__Bacteroidaceae;g__Bacteroides;s__Bacteroides_fragilis	0.0522123520164	-0.124029082579	-0.0143350383622	0.00859167403189	-0.0153733301382	-0.0432729191595	-0.0153089460726	-0.0071373312855	-0.00957733008665	0.0261274136682	-0.0180360298067	0.023987923085	0.0314187692513	-0.0604445697376	0.0214839303575	-0.00151208853401	1.0	-0.0194715336383	-0.0756422549889	0.00438913919704	-0.00697679807345	-0.00239473869414	0.055259663546	-0.00596523644923	0.0118500987644	0.00974349771889	-0.0989691242645	-0.00146464884132	-0.04711342098	-0.0474737243754	-0.0412634727458	0.0440828217171	0.00440948751482	0.00346919103881	0.038101714942	-0.0686175317163	0.030934608435	0.0231688686358	0.0118597255827	-0.0186447100746	-0.0343567296087	-0.0243770696804	0.0109816340541	0.0391728930558	0.017038722167	0.0286263009185	-0.0471413584743	-0.0802251315582	-0.0782554665432	0.0375456521191	-0.00506672054382	0.0161795160582	-0.0186914521469	0.0152940113371	0.0330929828995	0.00861607933414	0.00396549177422	-0.0271942043289	0.0789481164219
k__Bacteria;p__Proteobacteria;c__Betaproteobacteria;o__Burkholderiales;f__Sutterellaceae;g__Sutterella;s__Sutterella_wadsworthensis	-0.0467076946757	-0.00725423433174	0.0332896338994	-0.0583390960964	-0.0049834846376	-0.00840299494968	-0.00185296933632	0.0279215076913	-0.0511864572903	0.0150738228367	0.00965404636473	0.0375040400693	-0.0150651373068	0.082140042834	-0.0470448092483	0.076108909327	-0.0194715336383	1.0	-0.00755074937346	-0.0246434973494	-0.00749247187886	-0.0251047463456	0.029538914416	0.0169760048259	-0.0281396785457	-0.071402822839	0.00451221203839	0.00550072177399	-0.0573091160271	-0.00168251354245	-0.00389618068273	0.0217754915586	-0.0516293667013	0.054936843878	0.00548659687755	-0.0512296840867	0.00198121569486	-0.0362127248207	0.00204759585204	0.00564330984421	-0.0182164728194	-0.0203050854471	0.00136761057768	0.0296760814778	-0.013101038514	0.062948218596	0.00815899152192	0.00900424385001	0.02321177369	-0.0218550790108	0.0363765913824	-0.00394520287845	-0.0916244857951	0.0895967408183	-0.0241463539122	-0.060687069583	0.0215067562976	-0.0128152780063	0.00229337126233
k__Bacteria;p__Bacteroidetes;c__Bacteroidia;o__Bacteroidales;f__Porphyromonadaceae;g__Barnesiella;s__Barnesiella_intestinihominis	0.0137967254847	0.0193223319387	0.0277050433205	0.037683125309	-0.0210384128997	-0.0284845233326	0.0226874480543	-0.0135433901067	-0.0322139381082	-0.0598464564645	0.0636199775103	0.0365645062509	0.00678541448623	-0.0376263704482	0.0365946620171	0.054742444879	-0.0756422549889	-0.00755074937346	1.0	-0.0203216342601	-0.00496143649156	-0.0157498146925	-0.0162934707549	-0.0249280132635	-0.0324489671249	0.0600992560486	0.0300548039315	0.0309913793245	0.0344512603535	0.0131566440819	-0.0942809963993	0.10330828636	-0.0069074724187	-0.00470061709861	-0.052392960432	-0.0106250298811	-0.0416248002232	0.0432467814973	0.0190946569562	0.0201116057819	-0.0354014555504	0.00273961025089	-0.0423657801998	0.0121171251629	0.0170393688291	-0.00653598002737	-0.0905018965496	-0.0766533381516	-0.0900124460719	0.0138045391775	0.0148511208952	-0.011255605849	0.00262377665341	-0.0662997020045	-0.0366699010664	0.0178395401523	-0.0214231144269	-0.0559708874348	0.0476913659022
k__Bacteria;p__Bacteroidetes;c__Bacteroidia;o__Bacteroidales;f__Odoribacteraceae;g__Odoribacter;s__Odoribacter_splanchnicus	-0.0838586671006	-0.0461116861301	-0.0199800083763	-0.0030111444925	-0.0241872196218	0.0373174610241	0.0336453829253	0.0570615730209	0.0134842147913	0.0577681352111	-0.0467917840573	0.00638562680207	0.0131547816071	-0.0537061253974	-0.0477570779292	-0.00485143844087	0.00438913919704	-0.0246434973494	-0.0203216342601	1.0	-0.101340919161	-0.0365309282216	-0.068421054085	-0.0196202659739	0.00325321525019	-0.097328408894	-0.0372771472483	0.0270379038317	0.0190363512737	-0.0245883162836	-0.0548759912994	0.0161328125322	0.0286790909024	0.0452053270491	-0.09514697409	0.0193469123811	-0.00320235249208	0.03062488479	-0.0400912253209	-0.0242017704481	-0.0410254558674	0.0840066619645	0.0226027801211	0.0248708039755	-0.0457999785299	-0.0310386358589	-0.0706492394919	-0.00510512755846	-0.0388446519321	0.0121443774066	-0.00995363372409	0.0148135243915	-0.0315506272123	-0.12878089564	-0.016739758032	0.106475835969	-0.00723362597062	0.0271525595388	-0.049325280892
k__Bacteria;p__Bacteroidetes;c__Bacteroidia;o__Bacteroidales;f__Bacteroidaceae;g__Bacteroides;s__Bacteroides_salyersiae	0.0479920173356	-0.0205891748955	0.0311748911729	-0.0218188252922	0.0283228668522	0.0724393323276	0.0112335433571	-0.027704483022	-0.00796584094814	0.0155451956459	-0.00671707841004	-0.0394671585773	0.00562492054198	0.00654085483052	-0.0184311151689	0.065809384969	-0.00697679807345	-0.00749247187886	-0.00496143649156	-0.101340919161	1.0	-0.0316385517494	-0.0155964886651	-0.0168323151006	0.0195064515954	-0.0232342917123	0.0332539179552	0.0214855384788	-0.0471005717055	0.0369356367489	0.012131514406	0.000865078571946	-0.0786336276588	0.0142714844953	-0.00542068407242	-0.0256350499102	-0.0399692902572	-0.00143148920711	-0.0178676747491	-0.0156466100976	0.00403959127001	0.0194147450805	-0.00319638854252	0.00703789402488	-0.0246232240005	-0.0297862382465	-0.0549961220093	-0.0224464563648	0.0337965831287	0.0532848477068	-0.00163902684663	-0.0798968314734	-0.0498860058059	-0.039286929606	-0.0123828460315	-0.0134514998222	-0.0976725493662	-0.00357153688354	-0.00640727141313
k__Bacteria;p__Firmicutes;c__Clostridia;o__Clostridiales;f__Ruminococcaceae;g__Ruminiclostridium;s__[Eubacterium]_siraeum	-0.041970322685	-0.113907807035	0.00665094642533	0.0183708959433	-0.0403354421011	-0.0179933908946	-0.04492325588	0.0641270922794	0.00949141720146	-0.0264130565376	0.04024547949	0.0129014487289	-0.034224239953	-0.0725351856605	-0.0469941366837	-0.0197579591865	-0.00239473869414	-0.0251047463456	-0.0157498146925	-0.0365309282216	-0.0316385517494	1.0	-0.0664042367137	-0.0476163410543	0.0154823410621	-0.0070762081904	-0.0316194972546	0.0155073546614	-0.0179244595158	-0.00370711321875	-0.0302106801875	0.00925230176461	0.0322248141747	-0.034874190748	0.054324104783	0.0543825896513	-0.00549221807463	-0.0341018775643	0.0146364059193	0.0104757842403	-0.00753881536632	0.0406360072097	0.0284026807654	0.0130415735295	0.0104062820039	-0.0129770905553	-0.00839123412275	0.0595999374789	-0.0331798877827	0.00902041225558	-0.0549001474472	-0.00368919238499	-0.0137203715632	0.0114664072601	0.02759547216	0.00360789412051	-0.0626956603191	-0.0322600928702	-0.0631778317961
k__Bacteria;p__Proteobacteria;c__Betaproteobacteria;o__Burkholderiales;f__Sutterellaceae;g__Parasutterella;s__Parasutterella_excrementihominis	-0.0554526777987	-0.0397023156167	-0.0924427387768	0.0597256378627	0.019686997416	0.02267745122	-0.0584805781759	-0.0349727374626	-0.0333735218116	0.00586969114314	0.0297371363676	-0.0324690475652	0.00528704239022	0.0545462656134	-0.0437558989582	-0.0321825797513	0.055259663546	0.029538914416	-0.0162934707549	-0.068421054085	-0.0155964886651	-0.0664042367137	1.0	0.0145649118953	0.0295380121295	0.0235557304891	-0.0102216106826	0.0250173780919	-0.0194027848601	0.000344769337582	0.0058138677119	0.00385359321639	0.00272373599415	0.0416648640263	0.0103781498676	0.0325654175328	-0.053012840922	0.0239701225039	0.00631350684745	-0.0470497936467	-0.0254789968487	0.000425587548803	0.0162784649153	-0.0545118230046	-0.0301893278252	-0.0579729857532	-0.0291048682185	0.0316567207554	0.00407166972825	-0.014796055433	-0.0292439769594	0.0032827668553	-0.03557787944	-0.0289126541003	-0.0307500818816	0.00429350166668	0.0152408665218	0.0131620877472	0.00521532309811
k__Bacteria;p__Actinobacteria;c__Actinobacteria;o__Bifidobacteriales;f__Bifidobacteriaceae;g__Bifidobacterium;s__Bifidobacterium_adolescentis	0.0596912508002	-0.0168832855331	0.0195748787245	-0.0128376195943	0.00947958357772	-0.00704521838178	-0.0123329038708	0.0176090954218	-0.0243482485382	0.0415072139436	0.0634287926194	-0.0243607097765	-0.0426097127788	-0.0160453037235	-0.128781822951	-0.0129183235605	-0.00596523644923	0.0169760048259	-0.0249280132635	-0.0196202659739	-0.0168323151006	-0.0476163410543	0.0145649118953	1.0	-0.0148721639334	-0.0370307880209	-0.0460846008559	0.028312627618	-0.0340323217567	-0.0268388684768	-0.00208973654892	-0.114751922155	-0.0461176181564	-0.0283397732804	-0.0223103392515	-0.000658844118732	-0.00962157707927	-0.0472153518907	0.0213786704312	0.0711536899306	0.0443475625589	0.0449912849025	-0.00356715873431	-0.0218399406714	-0.0371182728021	-0.0468428760485	0.017219745053	-0.0752046788987	0.0086452608562	0.0152022319104	0.090988729173	-0.0371720591833	-0.0107219979679	-0.0169162552213	0.110552722822	-0.0223045944707	-0.0491846700353	-0.0405575484981	-0.0630447487115
k__Bacteria;p__Firmicutes;c__Clostridia;o__Clostridiales;f__Oscillospiraceae;g__Oscillibacter;s__Oscillibacter_sp._KLE_1745	-0.0142423094723	0.0255089502077	0.00442523779537	-0.0490571064964	-0.0195715301586	-0.00862911095578	0.0314627247542	0.0152654925185	0.0329038614643	-0.0306656319562	0.00595506760251	0.0172564057982	-0.0732558095281	-0.0542613780262	-0.0266193290965	-0.00923125617546	0.0118500987644	-0.0281396785457	-0.0324489671249	0.00325321525019	0.0195064515954	0.0154823410621	0.0295380121295	-0.0148721639334	1.0	-0.00854439478129	0.00174724097987	-0.026560667199	-0.0342739659494	-0.00931799148326	0.0018522364248	-0.0262749336603	-0.0799826799219	-0.0016990972625	-0.0109371364545	0.00324607311031	-0.0425360852378	0.00517776240669	-0.0748935924345	-0.052667156998	0.059394609134	-0.00649133480915	-0.029301918093	0.00228884715019	-0.0401137855387	0.0866327541521	-0.0952640217722	0.0420014565621	0.00659785037054	-0.0250631839764	0.0229397476751	-0.0252238786236	-0.0476075347613	-0.0384503201433	0.0586970362323	0.0221797859302	-0.00361668357939	-0.0218451270166	-0.060127268897
k__Bacteria;p__Bacteroidetes;c__Bacteroidia;o__Bacteroidales;f__Bacteroidaceae;g__Bacteroides;s__Bacteroides_coprophilus	-0.0171248227601	-0.0166667241828	-0.00553535385306	0.00644523254357	0.0497280103164	-0.0449365400808	0.0675708222661	0.00689469685278	0.00842014331419	0.012693688128	0.000220531357911	0.00129534071966	-0.0446508251902	-0.0297583098088	0.0102115161152	-0.026555117718	0.00974349771889	-0.071402822839	0.0600992560486	-0.097328408894	-0.0232342917123	-0.0070762081904	0.0235557304891	-0.0370307880209	-0.00854439478129	1.0	-0.0598172603695	-0.00477282448626	-0.0410631983342	0.0164633395033	-0.0166928770959	-0.0178996974636	-0.0239150643032	-0.0190014718018	-0.00771066046097	-0.0517070068593	-0.0145865016866	-0.0203679003837	0.029121426596	-0.00512627567448	0.0133371252779	0.00760078454627	-0.0197635266341	-0.0257028304854	0.0121531637777	-0.0729748146676	-0.0499268046737	-0.0335441555315	0.000504027849559	-0.0263050226923	0.00837764184467	-0.0376413646777	0.00548448441113	-0.0594621482939	0.00473523403541	-0.0463340293723	-0.0245403811037	-0.0226760266936	-0.107018786094
k__Bacteria;p__Firmicutes;c__Clostridia;o__Clostridiales;f__Lachnospiraceae;g__Roseburia;s__Roseburia_intestinalis	-0.0549566935049	-0.03989074419	-0.018090337622	-0.0342156497102	-0.00436920504901	0.0183476335763	-0.0545784492128	-0.00645959024212	-0.0951794855935	-0.0665579104499	0.00975429022746	-0.0428347794288	0.0235662274937	0.0557714600615	0.0142290858566	-0.0978401504297	-0.0989691242645	0.00451221203839	0.0300548039315	-0.0372771472483	0.0332539179552	-0.0316194972546	-0.0102216106826	-0.0460846008559	0.00174724097987	-0.0598172603695	1.0	-0.0307385694158	0.00382146508069	-0.0231268362444	-0.00188799520459	0.0354456190627	0.0511132331952	0.0150323821358	-0.0159619967172	-0.0264702703599	0.0843197962243	0.00301446886933	-0.0269948396709	-0.0484759287236	0.0294795842542	-0.00291163520337	-0.0726616765075	-0.0299300690853	-0.0219108697442	0.0045708533415	-0.0247892568622	0.0165892299369	-0.0172332220165	-0.0193655316724	0.0186046093481	0.0608515413379	0.00967025197909	0.00182572998872	-0.00748135404056	0.0157109059742	-0.0135431021815	-0.0344741287816	0.0166486088746
k__Bacteria;p__Firmicutes;c__Clostridia;o__Clostridiales;f__Lachnospiraceae;g__Roseburia;s__Roseburia_hominis	-0.0796686525087	-0.0917957930642	-0.0581799360483	-0.0250758480047	-0.0352943457784	0.0278907087755	0.0183983606784	-0.00862634493688	-0.00884032572094	-0.0230164357982	-0.0112213692352	0.037922007554	-0.0199908493736	0.0589264651684	-0.0142298293585	0.0226103644193	-0.00146464884132	0.00550072177399	0.0309913793245	0.0270379038317	0.0214855384788	0.0155073546614	0.0250173780919	0.028312627618	-0.026560667199	-0.00477282448626	-0.0307385694158	1.0	-0.0260487225368	-0.0185561845594	-0.0126594902163	-0.00339224606939	0.0439661267869	-0.0196209739361	-0.00504329830105	0.0242984246464	-0.0367526984141	0.063425890896	-0.00791327380544	-0.0950814249054	-0.00988974015232	-0.0739424592484	-0.0562010847806	0.0203662698737	0.0152628558494	-0.0174044657462	0.00817597351544	-0.0606937869343	-0.0803228969731	-0.106540826604	-0.0112700526658	0.00979883606958	-0.0045444410454	-0.0626371231752	0.0415909888124	0.00199950139733	-0.0909657770734	-0.0331084526772	-0.0458788628467
k__Bacteria;p__Bacteroidetes;c__Bacteroidia;o__Bacteroidales;f__Porphyromonadaceae;g__Parabacteroides;s__Parabacteroides_johnsonii	0.0156580710567	0.0304142155243	-0.0466936900978	0.00701596760784	0.0305814594809	-0.0231660147843	-0.0206099250007	-0.0296288442103	-0.0460106348611	-0.000881615412283	0.0391272202221	0.0845214101472	-0.037463223892	-0.0764747730449	-0.0436927459252	0.0038461262528	-0.04711342098	-0.0573091160271	0.0344512603535	0.0190363512737	-0.0471005717055	-0.0179244595158	-0.0194027848601	-0.0340323217567	-0.0342739659494	-0.0410631983342	0.00382146508069	-0.0260487225368	1.0	-0.00489092766725	0.0302731671349	0.0169990449719	0.0105357392178	-0.0566460449353	0.0405034946883	-0.0082900616215	-0.0472553723854	0.00499611289798	0.0529492919325	-0.00384796218838	-0.0498221190626	0.00967919225567	-0.040739203304	-0.0609289148565	-0.0127326036402	0.0295485581643	-0.0431192134079	-0.0528093639203	-0.0307500415807	-0.0230450804479	0.00254484473786	0.00671804137153	0.0368173875716	-0.0344890454927	-0.0266822317746	0.0509800669861	0.0201520669827	0.026707974879	-0.00188455572731
k__Bacteria;p__Actinobacteria;c__Actinobacteria;o__Bifidobacteriales;f__Bifidobacteriaceae;g__Bifidobacterium;s__Bifidobacterium_longum	0.0414184017591	-0.0294389818716	0.0239071103506	-0.0211199929514	0.0331152104666	-0.0340216728589	0.0306228199433	-0.0516740796099	-0.0604512344646	-0.0508171084774	-0.0376630221936	0.0207871976475	0.063584681844	-0.0824896707031	0.0580174939533	-0.0226643015113	-0.0474737243754	-0.00168251354245	0.0131566440819	-0.0245883162836	0.0369356367489	-0.00370711321875	0.000344769337583	-0.0268388684768	-0.00931799148326	0.0164633395033	-0.0231268362444	-0.0185561845594	-0.00489092766725	1.0	-0.00624854595622	0.00175165051203	-0.0280723789295	-0.0685194645811	-0.0405441341464	-0.00430489266825	0.0357850493661	-0.0268781527706	0.00335442441969	0.0302570173782	-0.00161022796837	0.0439904928456	-0.0628003304151	0.0212485406303	-0.0105651585476	-0.0604203999452	-0.0268387535594	-0.0233461147118	-0.0437840106079	-0.0103190699322	-0.0658971389452	-0.00248049952193	0.0749313227721	-0.0340689626287	-0.00241675113152	-0.0744479390871	-0.0482943379415	0.0207227355015	-0.0332597769533
