#taxonomy	k__Bacteria;p__Bacteroidetes;c__Bacteroidia;o__Bacteroidales;f__Bacteroidaceae;g__Bacteroides;s__Bacteroides_vulgatus	k__Bacteria;p__Bacteroidetes;c__Bacteroidia;o__Bacteroidales;f__Bacteroidaceae;g__Bacteroides;s__Bacteroides_uniformis	k__Bacteria;p__Bacteroidetes;c__Bacteroidia;o__Bacteroidales;f__Rikenellaceae;g__Alistipes;s__Alistipes_putredinis	k__Bacteria;p__Bacteroidetes;c__Bacteroidia;o__Bacteroidales;f__Prevotellaceae;g__Prevotella;s__Prevotella_copri	k__Bacteria;p__Bacteroidetes;c__Bacteroidia;o__Bacteroidales;f__Bacteroidaceae;g__Bacteroides;s__Bacteroides_stercoris	k__Bacteria;p__Bacteroidetes;c__Bacteroidia;o__Bacteroidales;f__Bacteroidaceae;g__Bacteroides;s__Bacteroides_ovatus	k__Bacteria;p__Bacteroidetes;c__Bacteroidia;o__Bacteroidales;f__Rikenellaceae;g__Alistipes;s__Alistipes_shahii	k__Bacteria;p__Firmicutes;c__Clostridia;o__Clostridiales;f__Ruminococcaceae;g__Faecalibacterium;s__Faecalibacterium_prausnitzii	k__Bacteria;p__Bacteroidetes;c__Bacteroidia;o__Bacteroidales;f__Rikenellaceae;g__Alistipes;s__Alistipes_finegoldii	k__Bacteria;p__Bacteroidetes;c__Bacteroidia;o__Bacteroidales;f__Porphyromonadaceae;g__Parabacteroides;s__Parabacteroides_distasonis	k__Bacteria;p__Bacteroidetes;c__Bacteroidia;o__Bacteroidales;f__Bacteroidaceae;g__Bacteroides;s__Bacteroides_thetaiotaomicron	k__Bacteria;p__Bacteroidetes;c__Bacteroidia;o__Bacteroidales;f__Bacteroidaceae;g__Bacteroides;s__Bacteroides_coprocola	k__Bacteria;p__Bacteroidetes;c__Bacteroidia;o__Bacteroidales;f__Bacteroidaceae;g__Bacteroides;s__Bacteroides_cellulosilyticus	k__Bacteria;p__Bacteroidetes;c__Bacteroidia;o__Bacteroidales;f__Rikenellaceae;g__Alistipes;s__Alistipes_obesi	k__Bacteria;p__Firmicutes;c__Clostridia;o__Clostridiales;f__Lachnospiraceae;g__;s__[Eubacterium]_rectale	k__Bacteria;p__Bacteroidetes;c__Bacteroidia;o__Bacteroidales;f__Bacteroidaceae;g__Bacteroides;s__Bacteroides_plebeius	k__Bacteria;p__Bacteroidetes;c__Bacteroidia;o__Bacteroidales;f__Bacteroidaceae;g__Bacteroides;s__Bacteroides_fragilis	k__Bacteria;p__Proteobacteria;c__Betaproteobacteria;o__Burkholderiales;f__Sutterellaceae;g__Sutterella;s__Sutterella_wadsworthensis	k__Bacteria;p__Bacteroidetes;c__Bacteroidia;o__Bacteroidales;f__Porphyromonadaceae;g__Barnesiella;s__Barnesiella_intestinihominis	k__Bacteria;p__Bacteroidetes;c__Bacteroidia;o__Bacteroidales;f__Odoribacteraceae;g__Odoribacter;s__Odoribacter_splanchnicus	k__Bacteria;p__Bacteroidetes;c__Bacteroidia;o__Bacteroidales;f__Bacteroidaceae;g__Bacteroides;s__Bacteroides_salyersiae	k__Bacteria;p__Firmicutes;c__Clostridia;o__Clostridiales;f__Ruminococcaceae;g__Ruminiclostridium;s__[Eubacterium]_siraeum	k__Bacteria;p__Proteobacteria;c__Betaproteobacteria;o__Burkholderiales;f__Sutterellaceae;g__Parasutterella;s__Parasutterella_excrementihominis	k__Bacteria;p__Actinobacteria;c__Actinobacteria;o__Bifidobacteriales;f__Bifidobacteriaceae;g__Bifidobacterium;s__Bifidobacterium_adolescentis	k__Bacteria;p__Firmicutes;c__Clostridia;o__Clostridiales;f__Oscillospiraceae;g__Oscillibacter;s__Oscillibacter_sp._KLE_1745	k__Bacteria;p__Bacteroidetes;c__Bacteroidia;o__Bacteroidales;f__Bacteroidaceae;g__Bacteroides;s__Bacteroides_coprophilus	k__Bacteria;p__Firmicutes;c__Clostridia;o__Clostridiales;f__Lachnospiraceae;g__Roseburia;s__Roseburia_intestinalis	k__Bacteria;p__Firmicutes;c__Clostridia;o__Clostridiales;f__Lachnospiraceae;g__Roseburia;s__Roseburia_hominis	k__Bacteria;p__Bacteroidetes;c__Bacteroidia;o__Bacteroidales;f__Porphyromonadaceae;g__Parabacteroides;s__Parabacteroides_johnsonii	k__Bacteria;p__Actinobacteria;c__Actinobacteria;o__Bifidobacteriales;f__Bifidobacteriaceae;g__Bifidobacterium;s__Bifidobacterium_longum	k__Bacteria;p__Firmicutes;c__Clostridia;o__Clostridiales;f__;g__Flavonifractor;s__Flavonifractor_plautii	k__Bacteria;p__Firmicutes;c__Clostridia;o__Clostridiales;f__Clostridiaceae;g__Clostridium;s__Clostridium_phoceensis	k__Bacteria;p__Verrucomicrobia;c__Verrucomicrobiae;o__Verrucomicrobiales;f__Akkermansiaceae;g__Akkermansia;s__Akkermansia_muciniphila	k__Bacteria;p__Bacteroidetes;c__Bacteroidia;o__Bacteroidales;f__Prevotellaceae;g__Paraprevotella;s__Paraprevotella_xylaniphila	k__Bacteria;p__Firmicutes;c__Clostridia;o__Clostridiales;f__Ruminococcaceae;g__Ruminococcus;s__Ruminococcus_callidus	k__Bacteria;p__Bacteroidetes;c__Bacteroidia;o__Bacteroidales;f__Rikenellaceae;g__Alistipes;s__Alistipes_senegalensis	k__Bacteria;p__Firmicutes;c__Clostridia;o__Clostridiales;f__Lachnospiraceae;g__Blautia;s__Blautia_sp._KLE_1732	k__Bacteria;p__Bacteroidetes;c__Bacteroidia;o__Bacteroidales;f__Bacteroidaceae;g__Bacteroides;s__Bacteroides_oleiciplenus	k__Bacteria;p__Firmicutes;c__Clostridia;o__Clostridiales;f__Ruminococcaceae;g__Ruminococcus;s__Ruminococcus_bicirculans	k__Bacteria;p__Bacteroidetes;c__Bacteroidia;o__Bacteroidales;f__Bacteroidaceae;g__Bacteroides;s__Bacteroides_fluxus	k__Bacteria;p__Bacteroidetes;c__Bacteroidia;o__Bacteroidales;f__Prevotellaceae;g__Prevotella;s__Prevotella_stercorea	k__Bacteria;p__Firmicutes;c__Clostridia;o__Clostridiales;f__Lachnospiraceae;g__Dorea;s__Dorea_longicatena	k__Bacteria;p__Firmicutes;c__Clostridia;o__Clostridiales;f__Eubacteriaceae;g__Eubacterium;s__[Eubacterium]_eligens	k__Bacteria;p__Firmicutes;c__Clostridia;o__Clostridiales;f__Ruminococcaceae;g__;s__Ruminococcaceae_bacterium_D16	k__Bacteria;p__Firmicutes;c__Clostridia;o__Clostridiales;f__Lachnospiraceae;g__Coprococcus;s__Coprococcus_comes	k__Bacteria;p__Proteobacteria;c__Gammaproteobacteria;o__Enterobacterales;f__Enterobacteriaceae;g__Escherichia;s__Escherichia_coli	k__Bacteria;p__Firmicutes;c__Clostridia;o__Clostridiales;f__Ruminococcaceae;g__Anaerotruncus;s__Anaerotruncus_colihominis	k__Bacteria;p__Firmicutes;c__Clostridia;o__Clostridiales;f__Lachnospiraceae;g__Blautia;s__Blautia_obeum	k__Bacteria;p__Bacteroidetes;c__Bacteroidia;o__Bacteroidales;f__Odoribacteraceae;g__Odoribacter;s__Odoribacter_laneus	k__Bacteria;p__Firmicutes;c__Clostridia;o__Clostridiales;f__Ruminococcaceae;g__Ruminiclostridium;s__[Clostridium]_leptum	k__Bacteria;p__Bacteroidetes;c__Bacteroidia;o__Bacteroidales;f__Porphyromonadaceae;g__Parabacteroides;s__Parabacteroides_goldsteinii	k__Bacteria;p__Firmicutes;c__Clostridia;o__Clostridiales;f__Lachnospiraceae;g__Anaerostipes;s__Anaerostipes_hadrus	k__Bacteria;p__Firmicutes;c__Clostridia;o__Clostridiales;f__Ruminococcaceae;g__Ruminococcus;s__Ruminococcus_lactaris	k__Bacteria;p__Firmicutes;c__Clostridia;o__Clostridiales;f__Clostridiaceae;g__Clostridium;s__Clostridium_sp._L2-50	k__Bacteria;p__Firmicutes;c__Clostridia;o__Clostridiales;f__Clostridiaceae;g__Clostridium;s__Clostridium_sp._M62/1	k__Bacteria;p__Firmicutes;c__Clostridia;o__Clostridiales;f__;g__Intestinimonas;s__Intestinimonas_butyriciproducens	k__Bacteria;p__Actinobacteria;c__Actinobacteria;o__Bifidobacteriales;f__Bifidobacteriaceae;g__Bifidobacterium;s__Bifidobacterium_bifidum	k__Bacteria;p__Firmicutes;c__Negativicutes;o__Veillonellales;f__Veillonellaceae;g__Dialister;s__Dialister_invisus	k__Bacteria;p__Bacteroidetes;c__Bacteroidia;o__Bacteroidales;f__Bacteroidaceae;g__Bacteroides;s__Bacteroides_salanitronis
k__Bacteria;p__Bacteroidetes;c__Bacteroidia;o__Bacteroidales;f__Bacteroidaceae;g__Bacteroides;s__Bacteroides_vulgatus	1.0	0.0299851749424	-0.010269565844	0.00200662121802	-0.060584916718	-0.0146452118896	-0.00292788718065	-0.0689166780657	0.00805249252406	0.026090894898	0.0468736183528	0.096283516454	-0.00654003565986	-0.00868354974824	-0.0411509867679	0.0580216059272	-0.0159641591658	-0.0739312530841	0.0356724309344	-0.0221804115087	-0.0462813798443	0.0229362854582	0.0238380562587	-0.0123341153	-0.0803309414167	0.0284534291079	-0.0733734770903	0.0105716892846	0.0142346567516	0.0347549389591	-0.00668232121178	0.00137562693442	-0.0202887085115	-0.0469167579426	-0.0198157969637	0.0440412961593	-0.0157395988459	-0.0278668770209	-0.0298182511953	-0.0498449351001	-0.0617955487886	0.00607067632684	0.0298277228093	-0.0333551006937	-0.0269135219907	-0.0640537098953	-0.0274198119894	-0.0774476345066	0.0102516264251	0.0209856996788	-0.0148640341063	0.00628832516197	-0.0518154162525	-0.0159967308937	0.0615613971372	-0.0246229032726	0.0539427563808	0.0016968005254	0.0256447517543
k__Bacteria;p__Bacteroidetes;c__Bacteroidia;o__Bacteroidales;f__Bacteroidaceae;g__Bacteroides;s__Bacteroides_uniformis	0.0299851749424	1.0	-0.0468042032417	-0.0456622916373	-0.044037897084	-0.0267369864092	0.011312137733	0.00726914015571	0.00601449862847	0.00793513844847	-0.0255916126015	0.00651523704867	-0.0221177440379	-0.0151607269161	-0.0143459778697	-0.0279269645182	0.0315136438877	-0.00356267638304	0.0460268133338	-0.0520430351056	0.0475228904235	0.0136748239923	0.0201461715706	-0.0111956299523	-0.0106928870962	-0.0394030771341	-0.0127337555396	0.0389707198924	-0.090632091942	-0.026715404254	0.0282266389226	-0.0377337119278	0.0278604593573	-0.00434884411961	-0.00367352250807	-0.0362136176968	0.0020366736339	-0.0514251292278	0.00712650222189	-0.0155736515782	0.0365931277189	0.0105057873526	0.0417753956287	0.0766938640467	0.0372977083319	-0.0058973605453	0.0181993608658	-0.0517450929753	0.0116779032871	-0.00569035109632	-0.0104108869251	-0.0252938711485	-0.0898572326594	-0.0769520133437	-0.00350996516316	0.0345191559588	-0.0132935556131	0.0426798684406	-0.0395232348954
k__Bacteria;p__Bacteroidetes;c__Bacteroidia;o__Bacteroidales;f__Rikenellaceae;g__Alistipes;s__Alistipes_putredinis	-0.010269565844	-0.0468042032417	1.0	-0.0604655902199	-0.00168992880275	0.0125386888763	0.0379340912449	-0.0300459371214	-0.013436766075	-0.0358781469217	0.113156699592	0.0187804233089	0.0752568640614	0.0364037303335	-0.0782610558154	0.00547643574747	-0.0188717064332	-0.0379347424901	0.0458089528124	-0.0465205543326	0.0312756957379	-0.00811105088559	-0.00345751429147	0.0215274586723	-0.00234182054853	0.00437870979183	0.00251353548501	-0.0284017727389	-0.0210395837793	0.0446742699767	-0.0177249092849	-0.0200276608462	0.0229506620599	-0.039799062383	-0.0170373004472	0.00306455192158	0.0139134833366	0.024153753207	-0.0673580251384	-0.0115218667635	-0.0278555996594	0.0339391202553	-0.0237526037672	-0.0454614368864	-0.02918354688	-0.0831072380544	-0.00990157245582	-0.0137710118764	-0.0567353003284	-0.0474854901575	-0.00691450863151	-0.0317049869401	-0.0215347747188	0.0295141468226	0.00494641565895	-0.0677542573828	-0.094640987424	0.0241120847098	-0.0233602103136
k__Bacteria;p__Bacteroidetes;c__Bacteroidia;o__Bacteroidales;f__Prevotellaceae;g__Prevotella;s__Prevotella_copri	0.00200662121802	-0.0456622916373	-0.0604655902199	1.0	-0.0419415468026	0.0924866461243	0.00415813058467	0.0657691989483	-0.00356024994248	-0.10271146627	-0.013427402694	-0.0647938763165	-0.0232524390096	0.03390660926	-0.0182350029777	0.104984850867	0.0340142944371	0.0678303348014	-0.012566078157	-0.0275061716529	-0.0992453869188	0.00969396177433	-0.0253243913027	-0.0294551489902	0.00206405942079	0.0176458253069	-0.0759661002885	0.0757981030217	-0.00675768090676	-0.0348424618694	-0.0523592466879	-0.0301344944379	0.026028717543	-0.0482500303404	-0.00371445055073	-0.0219720250072	-0.000652342435846	0.0311186824969	0.00500263331625	0.00899468331788	-0.0321451615365	-0.0458232234433	0.0502584834649	-0.033075231338	-0.0221004319357	-0.0674976427114	-0.0119346517629	0.0397293266809	-0.0421107175126	-0.0359654828614	-0.0241850732745	0.0076857505177	0.0158019130649	0.0576565820518	0.0217297263471	-0.0522947294291	0.036524622973	-0.00811005486823	0.000482669888598
k__Bacteria;p__Bacteroidetes;c__Bacteroidia;o__Bacteroidales;f__Bacteroidaceae;g__Bacteroides;s__Bacteroides_stercoris	-0.060584916718	-0.044037897084	-0.00168992880275	-0.0419415468026	1.0	0.0308665684777	-0.127954434314	-0.0253606477935	0.0348896779927	0.0615873492432	0.0131358685221	-0.00835480724692	0.0282112600633	-0.0251608436248	0.00727592305685	0.0364430270802	0.0198821198021	-0.059026115796	-0.0506917040238	-0.0487167756121	-0.0506914225254	-0.0113891125601	-0.0244441120556	-0.0397543763029	0.00588162124714	0.0453643452752	0.026329228474	0.00379644084642	0.0236374782659	-0.0272578831914	-0.0795128091388	-0.00838091345009	-0.00288533663523	0.0249731520985	-0.0442804699018	-0.00660656844634	-0.0228136110142	-0.0536498665452	0.00915488327564	-0.034964584859	0.0319867533223	-0.04850142342	0.00477340985741	-0.00458330064324	-0.0225070365103	-0.107388325834	0.0460936020344	0.0378160175322	0.0130233622911	-0.0402549324061	-0.0228498278093	-0.099402376937	-0.0439913464039	-0.0199587677071	-0.00745915451565	0.0507716229711	0.0368743458016	0.0358528676177	-0.0227462608517
k__Bacteria;p__Bacteroidetes;c__Bacteroidia;o__Bacteroidales;f__Bacteroidaceae;g__Bacteroides;s__Bacteroides_ovatus	-0.0146452118896	-0.0267369864092	0.0125386888763	0.0924866461243	0.0308665684777	1.0	-0.0342462911855	0.116478546375	-0.0309526582963	-0.0691522384437	-0.0185303663154	-0.0435364285458	0.0424280313378	-0.00176804039014	-0.0181210604587	0.0132726936251	-0.0683495848841	-0.022953579189	-0.000814040848537	-0.048237269418	0.0362141500289	-0.0332469373379	-0.0331929985454	-0.0308380558388	-0.00975822855658	0.0115225444311	-0.0269321568665	-0.00111761900876	-0.0421481555993	-0.0216291654748	0.0256713549636	-0.0209094301397	-0.0294889205088	-0.0690699794845	0.0558586536802	-0.0036243540778	-0.0106494678854	0.0526181888068	-0.00361815235379	0.0061696617016	-0.0319062295112	-0.0255814562327	0.0338293471198	-0.045217715596	-0.120195322623	-0.0471002682084	-0.0501902324135	-0.0603632883146	-0.0280501970452	-0.0318269563477	-0.0114658096072	-0.00328820916642	0.0106948610706	0.0192938603973	-0.0272509424605	0.0322135305613	-0.0463304068317	-0.0424195517956	-0.0209695966749
k__Bacteria;p__Bacteroidetes;c__Bacteroidia;o__Bacteroidales;f__Rikenellaceae;g__Alistipes;s__Alistipes_shahii	-0.00292788718065	0.011312137733	0.0379340912449	0.00415813058467	-0.127954434314	-0.0342462911855	1.0	-0.0373319315446	-0.0360054000401	-0.0174633761675	-0.0663688218111	0.0640663268403	0.00509056322063	-0.0189846273965	-0.0788523717829	0.0171801434356	0.00315283946805	0.00645722779302	0.0270704897563	0.0776258833954	-0.0242206507132	0.081178648095	0.00247427711275	0.000274468489179	0.0116841152759	0.02123371623	-0.00583172354356	-0.0104025984032	-0.00971948155679	0.0650279746655	0.00288792273607	0.0177724283852	0.0109509029469	-0.0266351815444	0.00209279709073	0.0638671244642	-0.0942286287298	-0.0230773126269	-0.0196478681711	-0.0472546640453	-0.0189940252321	-0.100173752013	0.00321795462956	0.0189295049793	-0.12013424589	0.0716026744412	-0.0729889796738	-0.0123814609493	0.0541186792926	-0.0461877039798	0.0454338194399	-0.0509438012311	-0.0415125742507	0.000314258844595	0.0638086187048	-0.0762205261259	-0.0150087516371	-0.0316872868575	-0.0381319927892
k__Bacteria;p__Firmicutes;c__Clostridia;o__Clostridiales;f__Ruminococcaceae;g__Faecalibacterium;s__Faecalibacterium_prausnitzii	-0.0689166780657	0.00726914015571	-0.0300459371214	0.0657691989483	-0.0253606477935	0.116478546375	-0.0373319315446	1.0	-0.0231195099341	-0.0428834775777	0.0237111136501	-0.0819225042789	-0.0208347978762	0.0420950988462	0.0315372590473	-0.0627707764796	0.0187618443034	-0.0009926711661	-0.001085360631	0.0764763623038	-0.0373953955706	0.0446344755586	-0.0792825359745	-0.0632757608608	0.0289358228583	-0.0460931852858	-0.0212389461881	-0.0737818813017	-0.0147755362694	0.0108191145272	-0.0163569973096	-0.0847070036154	-0.0247970756387	-0.00470555904693	0.0357555179929	-0.0233669634744	-0.0371503555846	-0.0161096900935	0.0170590848795	-0.0364192266355	0.0685902429925	-0.0556079969319	0.0260190543819	-0.00785249704873	0.00543129026787	-0.0573833428844	-0.0158386570487	-0.0273714246792	0.0559204940263	-0.039994745489	0.0507430421496	-0.0174792842852	-0.0827598732926	0.00272355976242	0.0373506698718	0.0175819854333	-0.0581901220305	-0.0549278845559	-0.0279562780981
k__Bacteria;p__Bacteroidetes;c__Bacteroidia;o__Bacteroidales;f__Rikenellaceae;g__Alistipes;s__Alistipes_finegoldii	0.00805249252406	0.00601449862847	-0.013436766075	-0.00356024994248	0.0348896779927	-0.0309526582963	-0.0360054000401	-0.0231195099341	1.0	-0.00603911342746	0.00336495937908	-0.0436502221573	0.0672903592121	-0.0153344590351	-0.017286009692	-0.0305516806281	-0.0500185398152	0.0144963445184	-0.0164822270945	0.0112725903511	0.0499640668554	-0.0122515312102	-0.030379526397	-0.000513045007098	-0.0313972186166	-0.0111530380257	-0.041212520508	0.00376128499695	-0.0108984757601	0.00469578107333	0.050466376697	0.0492355640077	-0.0394105988156	0.0121016107699	-0.0444737064404	-0.0224275484976	0.12749957002	-0.0291784988492	-0.059735523962	0.00114187878161	0.0113948291151	0.00481854477335	-0.109223991714	-0.00531869792402	-0.0368823760811	-0.0100371704194	0.0194424559859	-0.0419114952001	0.0250403399552	0.0178749111406	0.00449219642899	0.00861134312894	-0.0134051001465	-0.0420868962469	0.00848396656073	-0.0210534919597	-0.0181700384457	0.0184829586486	0.0790137428719
k__Bacteria;p__Bacteroidetes;c__Bacteroidia;o__Bacteroidales;f__Porphyromonadaceae;g__Parabacteroides;s__Parabacteroides_distasonis	0.026090894898	0.00793513844847	-0.0358781469217	-0.10271146627	0.0615873492432	-0.0691522384437	-0.0174633761675	-0.0428834775777	-0.00603911342746	1.0	0.0415122170091	0.00344702017628	-0.000141839509709	-0.00972341614713	-0.0284375571799	0.0868632780824	-0.0251806564395	0.0215675874589	0.00722512798923	-0.0139819060742	0.00136079743506	-0.0286053837835	0.0537184400919	0.0166102677507	-0.00972518502548	0.0359738176403	-0.0388516928843	0.0220099381042	0.000738265661406	-0.00631507555019	0.0492513414666	-0.0567722736099	-0.0393255365092	0.0502726410468	-0.00785376531097	-0.0044338724216	0.0164007358545	-0.0212814549768	-0.024185272482	0.040162975873	0.0011952409863	-0.00299649212526	-0.00269668245888	-0.0320412308647	0.0185302881762	-0.0340812972353	0.0384945234156	0.0108709186662	-0.00362460413353	-0.0166102384389	-0.0113031484015	-0.0524964354605	-0.0192584479138	-0.0354532120413	-0.0496727291666	0.00132657081796	0.0134442904936	-0.0451549195121	-0.024319962276
k__Bacteria;p__Bacteroidetes;c__Bacteroidia;o__Bacteroidales;f__Bacteroidaceae;g__Bacteroides;s__Bacteroides_thetaiotaomicron	0.0468736183528	-0.0255916126015	0.113156699592	-0.013427402694	0.0131358685221	-0.0185303663154	-0.0663688218111	0.0237111136501	0.00336495937908	0.0415122170091	1.0	-0.0448832239634	-0.105037970045	-0.0127505255784	-0.0302505255248	0.017563101461	0.0159070560822	0.00727474364932	-0.0355319105004	0.0571480309211	0.0435397954423	0.0336229182119	-0.0464814519251	0.0141522202087	-0.011671980565	-0.00658923633015	-0.044530234436	-0.00627835950723	-0.0793059790369	-0.0182372784	0.0198604340132	-0.0145999717709	-0.014151020489	0.0173715986053	0.0026759714868	0.00413376428044	-0.0344593657428	0.0350045338449	-0.00957354639011	-0.163026623571	-0.0380749372337	0.0576604239064	-0.0559279719546	0.0108941346385	-0.0223921912701	0.00199462757241	-0.0331042338804	0.0109787380396	-0.0363521630213	0.000322128003027	-0.0195008440968	0.0156586296703	0.0985175065014	0.0242486987303	-0.0497699794103	0.000554659034357	-0.0304788957623	-0.0398072648643	-0.0257268583594
k__Bacteria;p__Bacteroidetes;c__Bacteroidia;o__Bacteroidales;f__Bacteroidaceae;g__Bacteroides;s__Bacteroides_coprocola	0.096283516454	0.00651523704867	0.0187804233089	-0.0647938763165	-0.00835480724692	-0.0435364285458	0.0640663268403	-0.0819225042789	-0.0436502221573	0.00344702017628	-0.0448832239634	1.0	-0.0514581069784	-0.0129324736127	0.00940372332977	0.0164209788194	-0.0584014909382	-0.0234759269371	-0.00953743815175	0.0336854005414	-0.0374639972477	0.0310763974292	0.00217143070166	-0.001169170742	-0.0193929342336	0.0176612229003	-0.0262220508148	-0.0299840064006	0.0231458480484	0.00432049953616	0.0269123641717	-0.00691077175925	0.0191390908024	0.110540966894	0.036404018346	-0.0678799115015	0.0479391473183	-0.0223808797729	-0.0848404743363	-0.00277064784602	-0.0211769774757	0.0837543898965	-0.0168538185769	0.0446416683274	0.00880294068021	-0.0590441915371	0.0189252147155	0.0083188996879	0.0402424556764	0.067409275143	-0.0193561621716	-0.0116774917824	-0.0230886917426	-0.016860251268	-0.0213712023939	-0.0446280029594	-0.00505000748734	0.00302767516046	-0.0209845554941
k__Bacteria;p__Bacteroidetes;c__Bacteroidia;o__Bacteroidales;f__Bacteroidaceae;g__Bacteroides;s__Bacteroides_cellulosilyticus	-0.00654003565986	-0.0221177440379	0.0752568640614	-0.0232524390096	0.0282112600633	0.0424280313378	0.00509056322063	-0.0208347978762	0.0672903592121	-0.000141839509709	-0.105037970045	-0.0514581069784	1.0	0.016235768311	-0.0160427498545	-0.00628429567278	-0.0347542116351	-0.0372131714718	0.00141546509633	-0.0202305957576	0.0658990089499	0.0206438614378	-0.0293136070543	0.0103405742238	-0.0235714028253	-0.00164546213737	-0.0169866426612	-0.0231432796186	-0.057964610149	-0.0442801992929	-0.019459131116	-0.00589277185269	-0.0205880842256	-0.0245742748907	-0.00622594189749	-0.00118937049556	0.00858416332681	-0.0193853957446	-0.0466802695054	-0.0339833080767	-0.0892043398809	-0.0786760991105	0.0377530891379	-0.0302881163549	-0.0210323685938	0.00726008247782	0.0038615800838	0.00484276522331	0.00793047998983	0.0414861858513	-0.0704824151307	0.0348362424699	-0.0456169642179	-0.0538589229694	-0.0359289455872	0.0333026450364	0.052204424186	0.0082162911068	-0.00206262523046
k__Bacteria;p__Bacteroidetes;c__Bacteroidia;o__Bacteroidales;f__Rikenellaceae;g__Alistipes;s__Alistipes_obesi	-0.00868354974824	-0.0151607269161	0.0364037303335	0.03390660926	-0.0251608436248	-0.00176804039014	-0.0189846273965	0.0420950988462	-0.0153344590351	-0.00972341614713	-0.0127505255784	-0.0129324736127	0.016235768311	1.0	-0.0141734887748	0.0830824422077	0.0349881135619	-0.0368898634023	0.0241313754858	0.0393401844908	0.00877959917032	-0.0242574319733	0.000228409238803	-0.0112786069085	-0.0382347729788	0.00478794713659	-0.0424356434534	-0.0281887073642	0.0189752647864	0.0510013193522	-0.0271427134575	-0.0294953312971	0.0539510480283	-0.0130955085095	-0.012977792997	-0.0697163436502	-0.0567578328755	0.0383723433445	-0.0280492951875	-0.0242843490976	-0.00483180059179	0.0196745078793	-0.0637227486547	-0.000163405131387	0.0737775513818	0.0600187093292	0.0258503947241	0.0314601590499	-0.0181103193049	-0.0102303259224	0.00548288134484	0.0375082870091	-0.0460161021091	-0.00555486368878	-0.0586571817184	-0.0210574357607	-0.0168899404429	0.106303766174	-0.0517700856538
k__Bacteria;p__Firmicutes;c__Clostridia;o__Clostridiales;f__Lachnospiraceae;g__;s__[Eubacterium]_rectale	-0.0411509867679	-0.0143459778697	-0.0782610558154	-0.0182350029777	0.00727592305685	-0.0181210604587	-0.0788523717829	0.0315372590473	-0.017286009692	-0.0284375571799	-0.0302505255248	0.00940372332977	-0.0160427498545	-0.0141734887748	1.0	-0.0359439772919	0.0214751415249	0.00288046580802	0.0101540983512	0.0321275549438	-0.0645756021507	-0.0162322644717	-0.0904006775925	-0.00257668958804	-0.0592767971118	-0.0216770830989	-0.016525406762	0.0124867209466	0.0472583695706	-0.0424551812323	-0.0454336961538	0.00405669635794	0.0354856855844	-0.047421990837	-0.008253084487	-0.0210072541392	-0.00121214489687	-0.0525724698558	0.067421616004	0.00125371524959	-0.0126056562659	0.0252309851135	0.092554302289	-0.0204402198797	0.0760173763149	-0.0506280619615	0.0141571716929	0.0153943472262	-0.0795601109777	0.0151690456968	-0.0227219706942	0.0607768317883	-0.0317745235216	0.0517641029341	0.0687414740493	-0.0486045905499	0.0761960608076	0.0355410380792	-0.0199825927049
k__Bacteria;p__Bacteroidetes;c__Bacteroidia;o__Bacteroidales;f__Bacteroidaceae;g__Bacteroides;s__Bacteroides_plebeius	0.0580216059272	-0.0279269645182	0.00547643574747	0.104984850867	0.0364430270802	0.0132726936251	0.0171801434356	-0.0627707764796	-0.0305516806281	0.0868632780824	0.017563101461	0.0164209788194	-0.00628429567278	0.0830824422077	-0.0359439772919	1.0	-0.0413056175021	-0.00722230766399	0.00952965009227	0.0853404476934	-0.0677528158453	-0.0747236047824	0.0126684188097	0.0722628186178	0.016727437057	-0.0166456036489	-0.0293018280885	-0.0737683207522	-0.0327309815343	-0.013198753799	-0.0689110466648	0.0380769884415	-0.0331555030042	-0.0453020888627	-0.00657036213272	0.028692679626	-0.00583372616175	-0.00804393914253	0.0171177907967	-0.0248650448192	-0.0549610114278	-0.0500068110768	-0.0219227631355	-0.100738822392	-0.0231851306136	-0.0576081681699	0.0154174712235	0.0289892683111	0.0277727018523	0.024675613328	0.0125882757686	0.00489612872823	-0.0671041581713	0.00362938471937	-0.0342716368153	0.0784477762135	-0.0171411583109	-0.0316522072004	-0.00307614489947
k__Bacteria;p__Bacteroidetes;c__Bacteroidia;o__Bacteroidales;f__Bacteroidaceae;g__Bacteroides;s__Bacteroides_fragilis	-0.0159641591658	0.0315136438877	-0.0188717064332	0.0340142944371	0.0198821198021	-0.0683495848841	0.00315283946805	0.0187618443034	-0.0500185398152	-0.0251806564395	0.0159070560822	-0.0584014909382	-0.0347542116351	0.0349881135619	0.0214751415249	-0.0413056175021	1.0	0.045084037332	0.0193689120818	0.0533383022397	-0.0945528363328	-0.0139289434297	0.00472688366533	-0.0604806969011	0.00999121423196	0.0868822657983	-0.0540820076378	0.00884245638509	0.0338120530015	-0.0176192604541	-0.0173406081667	-0.00258275402254	0.0190101967764	0.0609983099209	1.17235293933e-05	-0.0278117022489	-0.0299763360625	0.00831235126428	0.044781678515	0.0539446374301	0.0318239533104	0.0233569760844	-0.0433383841009	0.00273985077467	-0.0336781042555	0.0203607104109	-0.0401165254472	-0.0133161513939	0.00270202126955	-0.0217108769655	-0.0915349448744	0.022546661705	-0.0364863679621	-0.0242368238956	0.00453051973024	-0.0187805773479	-0.0171230817417	-0.0291927797662	-0.0513548825837
k__Bacteria;p__Proteobacteria;c__Betaproteobacteria;o__Burkholderiales;f__Sutterellaceae;g__Sutterella;s__Sutterella_wadsworthensis	-0.0739312530841	-0.00356267638304	-0.0379347424901	0.0678303348014	-0.059026115796	-0.022953579189	0.00645722779302	-0.0009926711661	0.0144963445184	0.0215675874589	0.00727474364932	-0.0234759269371	-0.0372131714718	-0.0368898634023	0.00288046580802	-0.00722230766399	0.045084037332	1.0	0.0262139719143	-0.026192259621	0.043497571296	0.0227954654375	-0.0486224054262	0.0786558696862	0.0175569380774	0.0188772751745	0.0286629205985	-0.06565494095	-0.0728428047758	-0.0454947144012	-0.00976090421798	0.024938839734	0.0465788712527	-0.00507545407658	-0.0214286991985	-0.0707041596488	0.0761057808296	-0.0522500600868	-0.0549397855561	0.0149385789718	-0.052363353387	0.0603358730317	0.0219953549604	0.0298820532855	0.0633144135237	-0.0172423241342	0.00535851116308	0.068701279661	-0.0358491321907	-0.0495113929203	-0.0330512346413	0.0294166005097	-0.0190100274701	0.0159990186228	0.030557430522	-0.0143367851726	-0.0123985215846	-0.0307417236925	-0.0408826738168
k__Bacteria;p__Bacteroidetes;c__Bacteroidia;o__Bacteroidales;f__Porphyromonadaceae;g__Barnesiella;s__Barnesiella_intestinihominis	0.0356724309344	0.0460268133338	0.0458089528124	-0.012566078157	-0.0506917040238	-0.000814040848537	0.0270704897563	-0.001085360631	-0.0164822270945	0.00722512798923	-0.0355319105004	-0.00953743815175	0.00141546509633	0.0241313754858	0.0101540983512	0.00952965009227	0.0193689120818	0.0262139719143	1.0	0.0295087167505	-0.0346274719051	-0.0285828566363	0.0415115898143	-0.0243838891875	-0.0488750473054	-0.045126843715	0.0412873957652	-0.0386295063287	0.0111135639555	-0.0320826587193	-0.0652144008435	-0.00622720430815	-0.0246282734793	0.04137943024	-0.0665660462079	-0.0525984194773	-0.0425066395634	-0.0104021141221	-0.0174857343202	0.0460558647619	-0.0486426859374	-0.010890625862	-0.00607826621331	-0.00932404145035	-0.0348045859807	-0.0229650728765	0.0251621857482	-0.0167872771491	0.00608736122146	-0.00591987795085	-0.0957223617509	-0.0321201189111	-0.0464782287882	0.000245566867781	-0.0174340835396	-0.0344856981072	-0.0139685082104	-0.0565142669091	0.0715679291121
k__Bacteria;p__Bacteroidetes;c__Bacteroidia;o__Bacteroidales;f__Odoribacteraceae;g__Odoribacter;s__Odoribacter_splanchnicus	-0.0221804115087	-0.0520430351056	-0.0465205543326	-0.0275061716529	-0.0487167756121	-0.048237269418	0.0776258833954	0.0764763623038	0.0112725903511	-0.0139819060742	0.0571480309211	0.0336854005414	-0.0202305957576	0.0393401844908	0.0321275549438	0.0853404476934	0.0533383022397	-0.026192259621	0.0295087167505	1.0	-0.0300016798918	0.0171477205591	-0.00441774683399	0.0415642642259	-0.0147853322778	0.0576755512223	-0.0514367763924	0.0180145241241	-0.0571979924874	-0.101330764631	-0.0142943733812	0.0596321149253	0.0692828321182	-0.0286747912063	-0.10167811269	-0.0563750005519	-0.108941727236	-0.0331990667586	0.0141206306261	-0.0109222848316	-0.0390543839292	-0.0559226415508	-0.0917589090999	-0.00540047485397	0.0196602329485	0.0426061106765	0.0090416756711	-0.0256127346518	0.0527452282705	-0.103872959832	0.00480659583813	-0.0320108962089	-0.0149957457684	2.78151727631e-05	-0.045587727751	0.0723171906673	-0.0549333476943	-0.0461847001959	-0.0120961011293
k__Bacteria;p__Bacteroidetes;c__Bacteroidia;o__Bacteroidales;f__Bacteroidaceae;g__Bacteroides;s__Bacteroides_salyersiae	-0.0462813798443	0.0475228904235	0.0312756957379	-0.0992453869188	-0.0506914225254	0.0362141500289	-0.0242206507132	-0.0373953955706	0.0499640668554	0.00136079743506	0.0435397954423	-0.0374639972477	0.0658990089499	0.00877959917032	-0.0645756021507	-0.0677528158453	-0.0945528363328	0.043497571296	-0.0346274719051	-0.0300016798918	1.0	0.0965399641775	0.022115202862	0.01559675675	-0.0471633278559	-0.0742744439027	0.0271230969531	-0.0140361013992	0.0139841285394	0.00748524358771	0.00553559879184	0.0401468555612	-0.0244779452183	-0.0427166470473	-0.00420289387215	0.00523986708624	0.0224574686765	0.0505018477576	0.0172584976877	-0.073224489376	-0.0399811699471	-0.00498068953564	-0.0335692625662	-0.053379398942	-0.0337806747007	-0.00588895207321	-0.009714938342	-0.0445471840156	-0.000551751368146	-0.0440096527627	-0.00918285260598	-0.00143743421836	-0.00864971229197	-0.0531292513446	-0.00853261879564	-0.0192815494671	-0.0507227621714	0.0229550419547	-0.00537203529932
k__Bacteria;p__Firmicutes;c__Clostridia;o__Clostridiales;f__Ruminococcaceae;g__Ruminiclostridium;s__[Eubacterium]_siraeum	0.0229362854582	0.0136748239923	-0.00811105088559	0.00969396177433	-0.0113891125601	-0.0332469373379	0.081178648095	0.0446344755586	-0.0122515312102	-0.0286053837835	0.0336229182119	0.0310763974292	0.0206438614378	-0.0242574319733	-0.0162322644717	-0.0747236047824	-0.0139289434297	0.0227954654375	-0.0285828566363	0.0171477205591	0.0965399641775	1.0	-0.0123033799926	-0.007316739293	-0.00453112409448	-0.046848295261	-0.0943057297079	-0.0456665048141	-0.0471098731939	-0.0790334681651	-0.041494599698	0.0353014385789	-0.00254164805949	-0.00527258031758	-0.0118641083017	-0.0171953743886	-0.037253072874	0.0272576601961	0.0300845240842	-0.0198535108722	0.026044898718	-0.0258255983958	0.0180443049664	0.0240434788875	0.0195204002496	-0.020632879873	-0.0532336798255	0.0182632623268	-0.120436035482	0.0331722027086	0.0111509667091	0.0338605019266	0.00560680447637	-0.0313949217457	-0.0296484037806	0.00284930985795	-0.0338387924084	0.00411030946117	-0.0451494153948
k__Bacteria;p__Proteobacteria;c__Betaproteobacteria;o__Burkholderiales;f__Sutterellaceae;g__Parasutterella;s__Parasutterella_excrementihominis	0.0238380562587	0.0201461715706	-0.00345751429147	-0.0253243913027	-0.0244441120556	-0.0331929985454	0.00247427711275	-0.0792825359745	-0.030379526397	0.0537184400919	-0.0464814519251	0.00217143070166	-0.0293136070543	0.000228409238803	-0.0904006775925	0.0126684188097	0.00472688366533	-0.0486224054262	0.0415115898143	-0.00441774683399	0.022115202862	-0.0123033799926	1.0	-0.0628161328433	0.054848956524	-0.0231925843398	0.0637566907123	-0.0257953271071	0.0214486938837	-0.123399150305	-0.00309752712338	-0.0646968702041	-0.00985821512336	-0.0320010823161	-0.0510355353514	-0.0287193189377	0.00148310031173	0.0330525346076	0.00868362475367	-0.0260255487042	0.00727548359952	0.0364546579916	0.0173020195622	-0.0183589902567	-0.0223597021264	-0.0424517687061	-0.0410073818132	-0.0399117065991	-0.0474309035008	0.0585226771753	0.011837692269	-0.0461093829237	0.0583836140673	-0.0835113487829	0.00844070759939	-0.0699727940557	-0.0465160678663	-0.00785869116633	0.0234379813921
k__Bacteria;p__Actinobacteria;c__Actinobacteria;o__Bifidobacteriales;f__Bifidobacteriaceae;g__Bifidobacterium;s__Bifidobacterium_adolescentis	-0.0123341153	-0.0111956299523	0.0215274586723	-0.0294551489902	-0.0397543763029	-0.0308380558388	0.000274468489179	-0.0632757608608	-0.000513045007098	0.0166102677507	0.0141522202087	-0.001169170742	0.0103405742238	-0.0112786069085	-0.00257668958804	0.0722628186178	-0.0604806969011	0.0786558696862	-0.0243838891875	0.0415642642259	0.01559675675	-0.007316739293	-0.0628161328433	1.0	-0.077234791564	0.0191259079001	0.0382405791517	-0.0273958064083	-0.022121807855	-0.0172693893692	-0.0340484575935	0.0234660917173	-0.0127490878303	-0.0408311505622	-0.0126357241354	-0.00636268969579	0.0340716650698	-0.0613136063449	-0.0651302762239	0.0120236861878	-0.058402309789	-0.00414523936948	0.0557692009102	-0.0168699996623	0.0252601023478	-0.0286289988323	-0.0468334013041	-0.0497952651721	-0.0214558889343	-0.017378426913	-0.0476382382123	-0.0344324752073	0.0248761425317	0.0218468966709	0.0322194614334	0.0526340535624	-0.0889246662026	-0.0134978770238	-0.0581312147015
k__Bacteria;p__Firmicutes;c__Clostridia;o__Clostridiales;f__Oscillospiraceae;g__Oscillibacter;s__Oscillibacter_sp._KLE_1745	-0.0803309414167	-0.0106928870962	-0.00234182054853	0.00206405942079	0.00588162124714	-0.00975822855658	0.0116841152759	0.0289358228583	-0.0313972186166	-0.00972518502548	-0.011671980565	-0.0193929342336	-0.0235714028253	-0.0382347729788	-0.0592767971118	0.016727437057	0.00999121423196	0.0175569380774	-0.0488750473054	-0.0147853322778	-0.0471633278559	-0.00453112409448	0.054848956524	-0.077234791564	1.0	0.0525713161817	0.0374325036316	-0.033008731542	-0.0922422574922	0.00169116695245	-0.0362677562308	-0.0388607372363	-0.0425114014737	-0.0216604021258	-0.0814290729858	0.0604966460031	6.55915861506e-05	-0.0500520882114	0.0198828696019	-0.0222462330593	0.00656663456217	0.0413954409235	0.00801156067466	0.0284221125389	0.0379663744175	0.00199824636955	-0.0116290449791	-0.0649079234264	-0.0925847516616	0.046992739146	-0.0541696308418	0.0765633209468	-0.0431842786026	-0.00189864203835	-0.0512888920845	0.0327348138721	-0.0442293540211	0.0540573116012	0.0156963637585
k__Bacteria;p__Bacteroidetes;c__Bacteroidia;o__Bacteroidales;f__Bacteroidaceae;g__Bacteroides;s__Bacteroides_coprophilus	0.0284534291079	-0.0394030771341	0.00437870979183	0.0176458253069	0.0453643452752	0.0115225444311	0.02123371623	-0.0460931852858	-0.0111530380257	0.0359738176403	-0.00658923633015	0.0176612229003	-0.00164546213737	0.00478794713659	-0.0216770830989	-0.0166456036489	0.0868822657983	0.0188772751745	-0.045126843715	0.0576755512223	-0.0742744439027	-0.046848295261	-0.0231925843398	0.0191259079001	0.0525713161817	1.0	0.0563515244781	-0.0466985847964	-0.0468285022197	-0.0477975921623	-0.034160896026	-0.0387990595207	-0.0380287268362	-0.00973913726197	-0.106691960672	-0.0167233770929	-0.0597134991987	-0.00517377979428	0.0343049634941	-0.0325363957226	-0.0486523303923	-0.0193313737896	0.0051277113253	0.00254868156384	-0.00591185901911	-0.0237839939009	0.0116349078819	0.0131902733629	-0.083281079228	0.0138306781321	0.0370592484979	-0.0544870012392	0.0232237802935	-0.00625758576958	-0.0366261627817	-0.0322398477251	0.00507044927935	0.0298734204079	0.0067949298772
k__Bacteria;p__Firmicutes;c__Clostridia;o__Clostridiales;f__Lachnospiraceae;g__Roseburia;s__Roseburia_intestinalis	-0.0733734770903	-0.0127337555396	0.00251353548501	-0.0759661002885	0.026329228474	-0.0269321568665	-0.00583172354356	-0.0212389461881	-0.041212520508	-0.0388516928843	-0.044530234436	-0.0262220508148	-0.0169866426612	-0.0424356434534	-0.016525406762	-0.0293018280885	-0.0540820076378	0.0286629205985	0.0412873957652	-0.0514367763924	0.0271230969531	-0.0943057297079	0.0637566907123	0.0382405791517	0.0374325036316	0.0563515244781	1.0	0.00446971592025	-0.0379958303317	-0.0108092809899	-0.0706015145509	0.0106015731971	-0.00418130058871	-0.0101868961536	-0.0511873513564	-0.0250895646614	-0.0318982748571	0.0114853358052	0.00797804198772	-0.0434593689028	0.0245656599782	-0.0461339786314	-0.0565691742231	0.00667874619424	-0.0459485062478	0.0186128255397	-0.0276277558693	-0.00437430799787	0.0171232435631	-0.0757986417209	0.0223257841583	0.0654570374711	0.032963033183	-0.0489562134866	0.0348699718106	0.0212721407313	-0.0602268790669	-0.0614324007352	0.0454683156151
k__Bacteria;p__Firmicutes;c__Clostridia;o__Clostridiales;f__Lachnospiraceae;g__Roseburia;s__Roseburia_hominis	0.0105716892846	0.0389707198924	-0.0284017727389	0.0757981030217	0.00379644084642	-0.00111761900876	-0.0104025984032	-0.0737818813017	0.00376128499695	0.0220099381042	-0.00627835950723	-0.0299840064006	-0.0231432796186	-0.0281887073642	0.0124867209466	-0.0737683207522	0.00884245638509	-0.06565494095	-0.0386295063287	0.0180145241241	-0.0140361013992	-0.0456665048141	-0.0257953271071	-0.0273958064083	-0.033008731542	-0.0466985847964	0.00446971592025	1.0	0.0317735333971	0.0429532263782	0.0179489430424	-0.00247754782748	0.0365332479591	-0.0101770740652	3.4218021042e-05	-0.020621247723	-0.0651359796269	-0.00402003836818	-0.00925017415854	0.0647590520463	0.0692940851056	-0.0138636984779	-0.0320762516237	0.0379301567185	0.00688606441972	0.00135238491472	0.0117852359107	-0.00209665804397	0.00534816370303	-0.0114989485343	-0.0474420679142	-0.115067407085	-0.0326366962386	-0.0407582965175	-0.0170950523213	-0.01586118974	0.0115485054522	-0.0183237189601	-0.0240349042468
k__Bacteria;p__Bacteroidetes;c__Bacteroidia;o__Bacteroidales;f__Porphyromonadaceae;g__Parabacteroides;s__Parabacteroides_johnsonii	0.0142346567516	-0.090632091942	-0.0210395837793	-0.00675768090676	0.0236374782659	-0.0421481555993	-0.00971948155679	-0.0147755362694	-0.0108984757601	0.000738265661406	-0.0793059790369	0.0231458480484	-0.057964610149	0.0189752647864	0.0472583695706	-0.0327309815343	0.0338120530015	-0.0728428047758	0.0111135639555	-0.0571979924874	0.0139841285394	-0.0471098731939	0.0214486938837	-0.022121807855	-0.0922422574922	-0.0468285022197	-0.0379958303317	0.0317735333971	1.0	-0.0401395516945	0.0447217250217	-0.0883876958187	0.0360263678663	-0.0404053778649	0.0152064547037	0.0309219085991	-0.089684418278	-0.0400413756309	-0.00108465248511	-0.0144049888605	-0.0442494004571	-0.0204228615749	-0.0250725034644	0.0120873251202	-0.0298249302653	0.032202350452	-0.0289217554922	-0.00329229242008	-0.0691166638049	0.0584024657717	-0.0234173953247	-0.0355879984225	0.0150178264482	0.0106029070155	0.0116736664374	-0.00522971830296	0.0419156780153	0.0134816237202	-0.0215620785286
k__Bacteria;p__Actinobacteria;c__Actinobacteria;o__Bifidobacteriales;f__Bifidobacteriaceae;g__Bifidobacterium;s__Bifidobacterium_longum	0.0347549389591	-0.026715404254	0.0446742699767	-0.0348424618694	-0.0272578831914	-0.0216291654748	0.0650279746655	0.0108191145272	0.00469578107333	-0.00631507555019	-0.0182372784	0.00432049953616	-0.0442801992929	0.0510013193522	-0.0424551812323	-0.013198753799	-0.0176192604541	-0.0454947144012	-0.0320826587193	-0.101330764631	0.00748524358771	-0.0790334681651	-0.123399150305	-0.0172693893692	0.00169116695245	-0.0477975921623	-0.0108092809899	0.0429532263782	-0.0401395516945	1.0	0.0652448933532	0.0621608602804	0.00964189040856	0.0330859757683	0.0553451878656	-0.0439523563618	0.0378831874766	0.0022003477046	-0.0192802401343	-0.0224473099613	-0.0847101826989	-0.0704089612912	0.0204415492483	0.0307215545232	-0.0200650395658	0.00528629384289	-0.0213859785862	-0.0107228051057	0.0498681185628	-0.0427309750346	-0.0110281535034	-0.0338202434923	-0.0698172786116	0.0381465135297	0.0139953592235	-0.0518509158657	0.00142916812718	0.0212092129788	-0.0488817185303
