#taxonomy	k__Bacteria;p__Bacteroidetes;c__Bacteroidia;o__Bacteroidales;f__Bacteroidaceae;g__Bacteroides;s__Bacteroides_vulgatus	k__Bacteria;p__Bacteroidetes;c__Bacteroidia;o__Bacteroidales;f__Bacteroidaceae;g__Bacteroides;s__Bacteroides_uniformis	k__Bacteria;p__Bacteroidetes;c__Bacteroidia;o__Bacteroidales;f__Rikenellaceae;g__Alistipes;s__Alistipes_putredinis	k__Bacteria;p__Bacteroidetes;c__Bacteroidia;o__Bacteroidales;f__Prevotellaceae;g__Prevotella;s__Prevotella_copri	k__Bacteria;p__Bacteroidetes;c__Bacteroidia;o__Bacteroidales;f__Bacteroidaceae;g__Bacteroides;s__Bacteroides_stercoris	k__Bacteria;p__Bacteroidetes;c__Bacteroidia;o__Bacteroidales;f__Bacteroidaceae;g__Bacteroides;s__Bacteroides_ovatus	k__Bacteria;p__Bacteroidetes;c__Bacteroidia;o__Bacteroidales;f__Rikenellaceae;g__Alistipes;s__Alistipes_shahii	k__Bacteria;p__Firmicutes;c__Clostridia;o__Clostridiales;f__Ruminococcaceae;g__Faecalibacterium;s__Faecalibacterium_prausnitzii	k__Bacteria;p__Bacteroidetes;c__Bacteroidia;o__Bacteroidales;f__Rikenellaceae;g__Alistipes;s__Alistipes_finegoldii	k__Bacteria;p__Bacteroidetes;c__Bacteroidia;o__Bacteroidales;f__Porphyromonadaceae;g__Parabacteroides;s__Parabacteroides_distasonis	k__Bacteria;p__Bacteroidetes;c__Bacteroidia;o__Bacteroidales;f__Bacteroidaceae;g__Bacteroides;s__Bacteroides_thetaiotaomicron	k__Bacteria;p__Bacteroidetes;c__Bacteroidia;o__Bacteroidales;f__Bacteroidaceae;g__Bacteroides;s__Bacteroides_coprocola	k__Bacteria;p__Bacteroidetes;c__Bacteroidia;o__Bacteroidales;f__Bacteroidaceae;g__Bacteroides;s__Bacteroides_cellulosilyticus	k__Bacteria;p__Bacteroidetes;c__Bacteroidia;o__Bacteroidales;f__Rikenellaceae;g__Alistipes;s__Alistipes_obesi	k__Bacteria;p__Firmicutes;c__Clostridia;o__Clostridiales;f__Lachnospiraceae;g__;s__[Eubacterium]_rectale	k__Bacteria;p__Bacteroidetes;c__Bacteroidia;o__Bacteroidales;f__Bacteroidaceae;g__Bacteroides;s__Bacteroides_plebeius	k__Bacteria;p__Bacteroidetes;c__Bacteroidia;o__Bacteroidales;f__Bacteroidaceae;g__Bacteroides;s__Bacteroides_fragilis	k__Bacteria;p__Proteobacteria;c__Betaproteobacteria;o__Burkholderiales;f__Sutterellaceae;g__Sutterella;s__Sutterella_wadsworthensis	k__Bacteria;p__Bacteroidetes;c__Bacteroidia;o__Bacteroidales;f__Porphyromonadaceae;g__Barnesiella;s__Barnesiella_intestinihominis	k__Bacteria;p__Bacteroidetes;c__Bacteroidia;o__Bacteroidales;f__Odoribacteraceae;g__Odoribacter;s__Odoribacter_splanchnicus	k__Bacteria;p__Bacteroidetes;c__Bacteroidia;o__Bacteroidales;f__Bacteroidaceae;g__Bacteroides;s__Bacteroides_salyersiae	k__Bacteria;p__Firmicutes;c__Clostridia;o__Clostridiales;f__Ruminococcaceae;g__Ruminiclostridium;s__[Eubacterium]_siraeum	k__Bacteria;p__Proteobacteria;c__Betaproteobacteria;o__Burkholderiales;f__Sutterellaceae;g__Parasutterella;s__Parasutterella_excrementihominis	k__Bacteria;p__Actinobacteria;c__Actinobacteria;o__Bifidobacteriales;f__Bifidobacteriaceae;g__Bifidobacterium;s__Bifidobacterium_adolescentis	k__Bacteria;p__Firmicutes;c__Clostridia;o__Clostridiales;f__Oscillospiraceae;g__Oscillibacter;s__Oscillibacter_sp._KLE_1745	k__Bacteria;p__Bacteroidetes;c__Bacteroidia;o__Bacteroidales;f__Bacteroidaceae;g__Bacteroides;s__Bacteroides_coprophilus	k__Bacteria;p__Firmicutes;c__Clostridia;o__Clostridiales;f__Lachnospiraceae;g__Roseburia;s__Roseburia_intestinalis	k__Bacteria;p__Firmicutes;c__Clostridia;o__Clostridiales;f__Lachnospiraceae;g__Roseburia;s__Roseburia_hominis	k__Bacteria;p__Bacteroidetes;c__Bacteroidia;o__Bacteroidales;f__Porphyromonadaceae;g__Parabacteroides;s__Parabacteroides_johnsonii	k__Bacteria;p__Actinobacteria;c__Actinobacteria;o__Bifidobacteriales;f__Bifidobacteriaceae;g__Bifidobacterium;s__Bifidobacterium_longum	k__Bacteria;p__Firmicutes;c__Clostridia;o__Clostridiales;f__;g__Flavonifractor;s__Flavonifractor_plautii	k__Bacteria;p__Firmicutes;c__Clostridia;o__Clostridiales;f__Clostridiaceae;g__Clostridium;s__Clostridium_phoceensis	k__Bacteria;p__Verrucomicrobia;c__Verrucomicrobiae;o__Verrucomicrobiales;f__Akkermansiaceae;g__Akkermansia;s__Akkermansia_muciniphila	k__Bacteria;p__Bacteroidetes;c__Bacteroidia;o__Bacteroidales;f__Prevotellaceae;g__Paraprevotella;s__Paraprevotella_xylaniphila	k__Bacteria;p__Firmicutes;c__Clostridia;o__Clostridiales;f__Ruminococcaceae;g__Ruminococcus;s__Ruminococcus_callidus	k__Bacteria;p__Bacteroidetes;c__Bacteroidia;o__Bacteroidales;f__Rikenellaceae;g__Alistipes;s__Alistipes_senegalensis	k__Bacteria;p__Firmicutes;c__Clostridia;o__Clostridiales;f__Lachnospiraceae;g__Blautia;s__Blautia_sp._KLE_1732	k__Bacteria;p__Bacteroidetes;c__Bacteroidia;o__Bacteroidales;f__Bacteroidaceae;g__Bacteroides;s__Bacteroides_oleiciplenus	k__Bacteria;p__Firmicutes;c__Clostridia;o__Clostridiales;f__Ruminococcaceae;g__Ruminococcus;s__Ruminococcus_bicirculans	k__Bacteria;p__Bacteroidetes;c__Bacteroidia;o__Bacteroidales;f__Bacteroidaceae;g__Bacteroides;s__Bacteroides_fluxus	k__Bacteria;p__Bacteroidetes;c__Bacteroidia;o__Bacteroidales;f__Prevotellaceae;g__Prevotella;s__Prevotella_stercorea	k__Bacteria;p__Firmicutes;c__Clostridia;o__Clostridiales;f__Lachnospiraceae;g__Dorea;s__Dorea_longicatena	k__Bacteria;p__Firmicutes;c__Clostridia;o__Clostridiales;f__Eubacteriaceae;g__Eubacterium;s__[Eubacterium]_eligens	k__Bacteria;p__Firmicutes;c__Clostridia;o__Clostridiales;f__Ruminococcaceae;g__;s__Ruminococcaceae_bacterium_D16	k__Bacteria;p__Firmicutes;c__Clostridia;o__Clostridiales;f__Lachnospiraceae;g__Coprococcus;s__Coprococcus_comes	k__Bacteria;p__Proteobacteria;c__Gammaproteobacteria;o__Enterobacterales;f__Enterobacteriaceae;g__Escherichia;s__Escherichia_coli	k__Bacteria;p__Firmicutes;c__Clostridia;o__Clostridiales;f__Ruminococcaceae;g__Anaerotruncus;s__Anaerotruncus_colihominis	k__Bacteria;p__Firmicutes;c__Clostridia;o__Clostridiales;f__Lachnospiraceae;g__Blautia;s__Blautia_obeum	k__Bacteria;p__Bacteroidetes;c__Bacteroidia;o__Bacteroidales;f__Odoribacteraceae;g__Odoribacter;s__Odoribacter_laneus	k__Bacteria;p__Firmicutes;c__Clostridia;o__Clostridiales;f__Ruminococcaceae;g__Ruminiclostridium;s__[Clostridium]_leptum	k__Bacteria;p__Bacteroidetes;c__Bacteroidia;o__Bacteroidales;f__Porphyromonadaceae;g__Parabacteroides;s__Parabacteroides_goldsteinii	k__Bacteria;p__Firmicutes;c__Clostridia;o__Clostridiales;f__Lachnospiraceae;g__Anaerostipes;s__Anaerostipes_hadrus	k__Bacteria;p__Firmicutes;c__Clostridia;o__Clostridiales;f__Ruminococcaceae;g__Ruminococcus;s__Ruminococcus_lactaris	k__Bacteria;p__Firmicutes;c__Clostridia;o__Clostridiales;f__Clostridiaceae;g__Clostridium;s__Clostridium_sp._L2-50	k__Bacteria;p__Firmicutes;c__Clostridia;o__Clostridiales;f__Clostridiaceae;g__Clostridium;s__Clostridium_sp._M62/1	k__Bacteria;p__Firmicutes;c__Clostridia;o__Clostridiales;f__;g__Intestinimonas;s__Intestinimonas_butyriciproducens	k__Bacteria;p__Actinobacteria;c__Actinobacteria;o__Bifidobacteriales;f__Bifidobacteriaceae;g__Bifidobacterium;s__Bifidobacterium_bifidum	k__Bacteria;p__Firmicutes;c__Negativicutes;o__Veillonellales;f__Veillonellaceae;g__Dialister;s__Dialister_invisus	k__Bacteria;p__Bacteroidetes;c__Bacteroidia;o__Bacteroidales;f__Bacteroidaceae;g__Bacteroides;s__Bacteroides_salanitronis
k__Bacteria;p__Bacteroidetes;c__Bacteroidia;o__Bacteroidales;f__Bacteroidaceae;g__Bacteroides;s__Bacteroides_vulgatus	1.0	-0.00195640141521	-0.0285900878713	-0.00110469063113	-0.0421524764882	-0.0365837566403	0.026058176565	0.00376927541016	-0.0104156212789	-0.00232325131858	-0.0375873339888	0.00384737842048	-0.0147561415635	0.0493500417168	-0.0354399359356	-0.0107837962778	-0.0106658873398	0.0170688892785	0.0338426249082	-0.0301816558577	-0.0134939673586	-0.0243275419204	-0.0455134299824	0.0194315053543	0.0132985910909	-0.0534206412305	-0.0293976389161	0.0106308265594	-0.0127019254808	0.0229914474988	0.0283694663763	-0.043454502614	0.0526762607025	-0.0195365271987	0.0643841796094	0.00998983297488	-0.0526556849939	-0.0229146420535	-0.0655428292153	-0.0301469236582	-0.0566863717519	0.0604928712053	0.0266137755875	-0.0191649126441	0.0238639704227	-0.0473176805198	0.0245824418464	0.0322591260266	0.00971571108901	-0.0056871054851	-0.0501856585243	-0.0853881978902	0.0191733551537	-0.023825767751	0.0252102127635	0.0344204922183	-0.00838702719704	0.0294898083833	-0.0576299326015
k__Bacteria;p__Bacteroidetes;c__Bacteroidia;o__Bacteroidales;f__Bacteroidaceae;g__Bacteroides;s__Bacteroides_uniformis	-0.00195640141521	1.0	-0.0175392226733	-0.0165592965213	-0.0692045611842	0.0360493373391	-0.00197986591933	0.0385441307419	0.0162062976998	0.0289965855834	-0.0471832342388	-0.0723891254617	0.0104749950369	-0.00370757842912	-0.00581290338481	-0.0232315102906	0.0335970206988	-0.03731944316	0.0274792253523	0.0460086940119	-0.0035997316475	0.00832738075426	-0.0347800616823	0.0114367572335	-0.0296921770645	-0.0882600453117	0.0045052712383	0.070625913406	-0.0165552539178	-0.00922666013077	0.0558728384779	-0.0199890623799	-0.00060311432442	0.0148261320465	0.00883771375983	-0.00144123412105	0.0433920387522	0.0362054023775	0.0226795953808	0.00551692156173	-0.0531348797382	0.0428663282252	-0.00880569095701	-0.00224202676099	-0.00552524522328	-0.0470522623276	-0.0135107977957	0.0093519909676	0.0181690061462	-0.0530945192554	-0.0304643230742	0.00611531911865	-0.0266409094579	-0.0979002968507	0.0100974777025	0.00426863127205	-0.00550984007736	0.0411957044282	-0.0209519663684
k__Bacteria;p__Bacteroidetes;c__Bacteroidia;o__Bacteroidales;f__Rikenellaceae;g__Alistipes;s__Alistipes_putredinis	-0.0285900878713	-0.0175392226733	1.0	0.0107208111641	-0.0172252491743	0.0210479759984	-0.00420234480032	-0.0695541019712	0.021385971017	-0.000640930977912	-0.00885587800362	-0.048295516611	-0.0100543485485	0.00135434180275	0.0150741315999	0.0326494475649	-0.0463605743264	-0.0122753699394	-0.0276518567536	-0.0127994811613	-0.0360626169787	0.0349648628913	0.0842976296209	0.026171632464	-0.0236869841012	0.0253627398013	0.0228110829334	0.0272386661981	0.0321755609027	-0.0395570007173	0.000967098765074	-0.0112932682427	0.0138677487998	-0.075076968137	-0.0331676228532	-0.0129582189306	-0.029311256715	-0.0262562546517	-0.0341341398983	-0.00174146779435	-0.0218069882652	-0.0481442046113	-0.0492989670483	0.0174100053566	-0.0011438081328	0.00577531435231	-0.0281370206411	-0.0202873663455	0.0447159760863	-0.0162883474313	-0.0504134920389	-0.0678966115156	-0.0929507632334	0.0952905213905	0.0654822982014	-0.0110398952575	0.022312076697	-0.0214607050652	-0.0735903962986
k__Bacteria;p__Bacteroidetes;c__Bacteroidia;o__Bacteroidales;f__Prevotellaceae;g__Prevotella;s__Prevotella_copri	-0.00110469063113	-0.0165592965213	0.0107208111641	1.0	-0.0206794880703	0.0569654335551	-0.0770869820634	-0.0862620282425	-0.00281838237703	0.0331862502339	0.0476294823619	0.0222076691239	0.0714437710829	0.0100128667289	-0.00715062936999	-0.0407173254539	0.0257049595223	-0.0193113494573	-0.0374203058277	0.0251364446814	-0.00360952184065	0.000800741748245	0.0695630292325	-0.0292127441484	0.00389717410198	-0.0300971449116	0.0394182264569	0.0155594274254	0.020960072761	-0.0385218609496	-0.0417304033412	-0.012741146817	-0.0628504215326	0.00185758143113	-0.0112175608756	-0.0821930829159	0.022027793186	-0.0209641010906	-0.0322542821334	-0.0395378727975	0.105805406052	-0.0693296406426	0.0187614686635	0.0285096618336	-0.0268493574396	-0.000488700425484	0.0103153759099	0.00498468233805	0.0326211746769	-0.00328080383533	-0.00290537660812	0.0670225992239	-0.0392241637084	0.0407457491611	-0.0149171520671	0.0445352550784	-0.00431332928164	-0.0215486834797	0.00854266103092
k__Bacteria;p__Bacteroidetes;c__Bacteroidia;o__Bacteroidales;f__Bacteroidaceae;g__Bacteroides;s__Bacteroides_stercoris	-0.0421524764883	-0.0692045611842	-0.0172252491743	-0.0206794880703	1.0	0.0397368103453	-0.00402743067235	0.00660309233351	-0.0866136820918	0.015581867897	-0.0262102061352	0.000802160798538	0.0123388301622	0.00844054434203	-0.0319262442457	0.0464867818923	0.0537378652839	0.0527281897847	-0.0185848947567	-0.0161434618137	0.0653207965503	-0.00880956270909	0.0410117546498	0.00796871144087	0.0379125549689	0.0222930863492	0.0333608981428	-0.0490936829841	0.00073971361337	-0.0453741589816	-0.0281574208005	-0.0421926982353	-0.011188190276	-0.0140673643751	0.00379924456175	0.0203329428886	0.0105928534916	0.0015676539751	0.00492884094296	-0.117176135328	-0.0526669505213	-0.0146606765423	-0.0305122254968	-0.00450441936147	-0.0289320459458	0.0309167810174	0.0447953743827	-0.0400704869619	-0.0930619904713	-0.0196155681576	0.0113335935205	-0.0468969514156	0.00143101446066	0.0544385212545	-0.00233035007196	-0.0192542795705	-0.00765843964985	-0.083651090354	0.013597372236
k__Bacteria;p__Bacteroidetes;c__Bacteroidia;o__Bacteroidales;f__Bacteroidaceae;g__Bacteroides;s__Bacteroides_ovatus	-0.0365837566403	0.0360493373391	0.0210479759984	0.0569654335551	0.0397368103453	1.0	-0.0148907619806	-0.0539831351835	-0.00726439501833	0.049216486752	-0.00785787526487	-0.0691756128517	-0.0324287166906	-0.00997866665008	0.0072513834567	0.0542525329507	-0.0751692394084	0.0249284509466	-0.0489251925753	-0.0338847401516	0.0381674605176	-0.0638284408894	-0.00393084514264	-0.00185605754593	-0.00809260880826	0.0167629573002	-0.00139395031349	0.00935069355595	-0.0554551221731	0.0228825724417	0.0135104067883	-0.0209474886463	-0.0280666021169	0.00871812549097	-0.0480598767409	-0.0570082894786	0.00744762509441	0.0344376240029	-0.0255071073729	-0.00965265845325	-0.0111843990402	-0.0121531971829	-0.029032583046	-0.104310509211	-0.0189645868786	0.0208103365392	0.0258501897019	-0.0274830513134	-0.0592655719634	-0.0576046392152	-0.0459673965786	0.0312677501792	-0.00415083947035	-0.000740761305717	-0.00425148688823	-0.0691162180768	-0.026464100807	0.0175299270236	-0.0569378655192
k__Bacteria;p__Bacteroidetes;c__Bacteroidia;o__Bacteroidales;f__Rikenellaceae;g__Alistipes;s__Alistipes_shahii	0.026058176565	-0.00197986591933	-0.00420234480032	-0.0770869820634	-0.00402743067235	-0.0148907619806	1.0	0.0334853619621	-0.0396590241484	0.0275540554798	-0.00134983449401	-0.0275752638392	0.0124331196531	-0.0581813983176	-0.0444008397899	-0.0963161483196	-0.0603423109379	0.00628453954035	0.0168472188891	0.0839781998529	0.0051928313534	0.0227525746535	-0.0143059497548	0.0386077415843	-0.0721510960633	-0.0251106988923	0.0234971295572	-0.00709144037576	-0.0431357185491	0.0150603234036	-0.0349211563798	0.066561001179	-0.0319395051764	0.00464036252877	-0.00704159978422	-0.0423774094583	0.0369230518922	0.0115298447455	-0.018423066384	-0.0441221291391	0.0222260352867	0.0500956819056	0.0169549193617	-0.0486664466534	-0.0639685284924	-0.0339828953902	0.0112784975199	0.00520036862577	0.0279429105509	-0.0410552382467	-0.0525067245191	0.0299745905802	0.00467653361439	0.00623284702537	0.0103414412177	-0.048587069834	0.00661456480046	0.0113022192791	-0.0102258075647
k__Bacteria;p__Firmicutes;c__Clostridia;o__Clostridiales;f__Ruminococcaceae;g__Faecalibacterium;s__Faecalibacterium_prausnitzii	0.00376927541016	0.0385441307419	-0.0695541019712	-0.0862620282425	0.00660309233351	-0.0539831351835	0.0334853619621	1.0	-0.0195357677026	0.0878615552613	0.00407198004502	0.0195535304141	0.007414557608	-0.0251022299677	-0.0511846876701	0.0849379500085	-0.022310277865	-0.0159816570733	-0.0148267218132	-0.0105467247589	0.0446335165489	-0.0387365368589	-0.0540773285774	-0.0504549735656	-0.0316668122689	0.0138845183432	0.0553731678301	-0.0628479745592	0.0166039294929	-0.0395847877867	-0.0497564526129	-0.0188733996671	-0.088900456395	0.00663101987135	0.0219853418887	0.018983215717	-0.0374653717832	-0.00581515765127	-0.00718758056816	-0.00270998278448	-0.0936699052599	-0.0383797813566	-0.0151250272325	-0.0143162159456	0.00512168685624	0.0155574560577	-0.0334346009902	0.0207398325239	-0.0570553274308	-0.00274911772403	-0.0303549467257	-0.00738758991175	-0.0238478086177	-0.00365772990623	0.0785584576103	0.00264196227045	-0.0486630494156	0.0144022456642	-0.00419248529354
k__Bacteria;p__Bacteroidetes;c__Bacteroidia;o__Bacteroidales;f__Rikenellaceae;g__Alistipes;s__Alistipes_finegoldii	-0.0104156212789	0.0162062976998	0.021385971017	-0.00281838237703	-0.0866136820918	-0.00726439501833	-0.0396590241484	-0.0195357677026	1.0	0.0635664941505	0.0710166968882	0.0632578683194	0.0506827947151	-0.0193062040426	0.0353257135894	-0.0159468648412	-0.0235776274211	-0.026113438929	-0.0099933227226	0.0518745790793	0.0199648384604	-0.100590338829	0.0641103848975	0.00834259469685	0.0261294318226	-0.00808778873969	0.00182369015366	0.00813105486254	-0.0300205774221	-0.0126882342933	0.00723112456331	0.0244423804494	-0.0712246149156	-0.00617639071383	-0.0047745448627	-0.00683002815307	-0.0438391636359	-0.0140867069626	-0.000947556000188	-0.0487283268911	-0.0391117353746	0.0280416676214	-0.0391995011433	0.0537025093287	0.062505366078	0.0686802131504	-0.0141432459015	-0.0505301296994	-0.0310487199305	0.0225005807389	-0.0296817582245	-0.0135252742212	0.0277365039565	-0.0446132107397	-0.0190727672156	-0.0605598382145	0.018899435848	-0.013804288312	-0.0348679308644
k__Bacteria;p__Bacteroidetes;c__Bacteroidia;o__Bacteroidales;f__Porphyromonadaceae;g__Parabacteroides;s__Parabacteroides_distasonis	-0.00232325131858	0.0289965855834	-0.000640930977912	0.0331862502339	0.015581867897	0.049216486752	0.0275540554798	0.0878615552613	0.0635664941505	1.0	-0.0161917201378	0.0412487667831	0.0495232731816	-0.0528979953839	0.00743191854049	-0.0704769808626	0.0244561027439	0.0444789091662	0.0338057198397	0.0346207684575	-0.0284675250286	-0.0597836835777	-0.0359006182963	-0.0279375455061	-0.00216529043456	-0.017232237655	-0.0418547808485	0.0763047911997	-0.0148222656011	-0.0230630785054	-0.0405445747231	-0.0183662301227	-0.0242384498783	-0.0127092841161	-0.0354398333851	-0.0970871995112	-0.0362262565892	0.000957710251751	-0.0369683489468	-0.0605503064427	0.0319327033468	-0.0233621847746	-0.0163271952918	0.0506726479779	0.0112499001788	-0.0255254998336	0.0289268516487	-0.0132830438641	0.0360600481894	0.0367490050283	-0.0320851042296	0.0277924950415	-0.0289980318264	0.0562742031114	-0.0521148414447	0.0267651028144	-0.10153449174	-0.00127642544505	-0.0214440044633
k__Bacteria;p__Bacteroidetes;c__Bacteroidia;o__Bacteroidales;f__Bacteroidaceae;g__Bacteroides;s__Bacteroides_thetaiotaomicron	-0.0375873339888	-0.0471832342388	-0.00885587800362	0.0476294823619	-0.0262102061352	-0.00785787526487	-0.00134983449401	0.00407198004502	0.0710166968882	-0.0161917201378	1.0	0.00429317865028	-0.00806271407474	-0.0610593983218	0.0352458805861	-0.032266949595	-0.0403598044562	-0.00298301493078	-0.00879981782345	0.0649634925773	-0.0538449801079	0.00536909742028	-0.0426528981134	0.0117600640472	-0.0543130958182	-0.0165664731019	-0.03886895131	0.0262119748346	-0.018352960609	0.0819149950794	0.014523375154	0.0054595683308	-0.0152227664532	-0.0997983106398	-0.0238650030466	-0.0422680263635	-0.0280054630855	0.0252837429508	0.053205279523	0.00993134065722	-0.0502033766365	0.000936835824392	-0.0390593077578	0.0701715214058	-0.00430445448414	-0.0279806044676	-0.0290759207733	0.0631794225571	0.0336728416482	-0.01611190653	-0.072852256184	0.00815434867592	-0.0348305925595	0.0548046459474	-0.004908973575	-0.0460990595585	0.0607208943679	-0.00810079818333	-0.0622909711065
k__Bacteria;p__Bacteroidetes;c__Bacteroidia;o__Bacteroidales;f__Bacteroidaceae;g__Bacteroides;s__Bacteroides_coprocola	0.00384737842048	-0.0723891254617	-0.048295516611	0.0222076691239	0.000802160798538	-0.0691756128517	-0.0275752638392	0.0195535304141	0.0632578683194	0.0412487667831	0.00429317865028	1.0	-0.0066705828196	0.0246701342682	-0.0287129579702	-0.012820012231	0.0375246417456	0.0290422779	-0.00112562120897	0.0871201649791	0.0248924886624	0.0651584719407	-0.0385310471062	-0.0582078076732	0.0990253121519	0.0353622432984	-0.0725496124801	0.0259471433663	0.0476916201045	-0.0451795930346	-0.0447746102363	-0.00742328637481	0.0101160951464	-0.0320662995478	-0.0441011119466	0.0286566885705	0.0016359198043	0.0271811696796	-0.00142496221344	-0.0305177641714	-0.0349581313256	-0.00915052545956	0.0114739984284	-0.0225589547409	-0.0389817342464	0.030904216283	-0.00502560202823	0.00964113062733	-0.0258523455859	0.0546624377994	-0.00831547511076	0.0260239106518	-0.0124969760941	-0.0673307926689	0.0485779900513	0.0161958383914	0.025856782601	0.0060872587322	-0.0560537562848
k__Bacteria;p__Bacteroidetes;c__Bacteroidia;o__Bacteroidales;f__Bacteroidaceae;g__Bacteroides;s__Bacteroides_cellulosilyticus	-0.0147561415635	0.0104749950369	-0.0100543485485	0.0714437710829	0.0123388301622	-0.0324287166906	0.0124331196531	0.007414557608	0.0506827947151	0.0495232731816	-0.00806271407474	-0.0066705828196	1.0	0.00690948546892	0.00190852449976	0.00153165731707	0.0198879871735	0.0140464412085	0.0421950379718	0.000593449339953	0.0260558112681	-0.0206631940694	0.0127242220363	-0.0316501658463	-0.0136110009179	-0.00751705535142	-0.0564303380314	0.00010235936579	-0.02236712905	0.0470579280465	-0.0820713143189	-0.0606331429806	-0.0295930535154	0.0140580065814	-0.01168900025	0.0465475590298	-0.0273552572801	-0.0800019382766	-0.0501244621411	0.0725568099618	0.00544730691643	-0.0933846568481	0.0203392455972	-0.00310614807954	0.0160068455103	0.0158332971982	-0.0658540691867	0.0459118624444	0.0479260900225	-0.00793986210352	0.0149780065527	0.0557345391741	0.0242883455826	-0.0160377818181	0.0354445109259	0.00209396940737	-0.0386544022386	-0.0568180285095	-0.0789395724413
k__Bacteria;p__Bacteroidetes;c__Bacteroidia;o__Bacteroidales;f__Rikenellaceae;g__Alistipes;s__Alistipes_obesi	0.0493500417168	-0.00370757842912	0.00135434180275	0.0100128667289	0.00844054434203	-0.00997866665008	-0.0581813983176	-0.0251022299677	-0.0193062040426	-0.0528979953839	-0.0610593983218	0.0246701342682	0.00690948546892	1.0	-0.0164462898002	0.0491909869214	0.00946401405651	-0.0161502059127	-0.0230022179924	0.0587664819549	0.0060067919463	-0.0452893494738	0.0336532562436	0.0186595887505	-0.0319985417803	-0.0637192480935	-0.0136698710898	0.0499174055488	-0.00668753898533	0.00296355456587	-0.0151103846008	-0.00677870311278	-0.0574625885108	0.0440600571664	-0.0291859202828	0.0342364530219	-0.0360845933511	0.00138410227967	-0.0505626204797	-0.0702831833682	0.0373481452989	-0.0455841644775	-0.027519416453	-0.0411732920628	-0.0401394879208	-0.025472929289	-0.00531800025555	0.0231709838088	-0.00780946661064	-0.0316887005636	0.051197670517	-0.0600173297516	-0.0855275605213	-0.0220561869334	-0.0365168674207	0.0133797481624	0.0189839289805	-0.0624209653217	-0.0232337018448
k__Bacteria;p__Firmicutes;c__Clostridia;o__Clostridiales;f__Lachnospiraceae;g__;s__[Eubacterium]_rectale	-0.0354399359356	-0.00581290338481	0.0150741315999	-0.00715062936999	-0.0319262442457	0.0072513834567	-0.0444008397899	-0.0511846876701	0.0353257135894	0.00743191854049	0.0352458805861	-0.0287129579702	0.00190852449976	-0.0164462898002	1.0	0.0152813698267	-0.00892075080247	0.0468174216407	-0.0335151516957	-0.0124901853991	0.0447894408797	-0.00308728612399	-0.043440671864	0.0219869411581	0.000625781834531	-0.0515577245891	-0.0130923276498	0.0305784840269	0.0208881712374	-0.0092290844863	0.0115373658318	-0.0889543559881	-0.0503904754974	-0.027816701975	0.0420530245577	-0.0157527718457	0.0160192404024	-0.0189687029412	-0.0276882276607	-0.0453580435234	0.00472607729491	0.0390562625172	0.0613999651316	-0.0400828115838	-0.0306081311904	0.0321968193787	-0.00295106286395	-0.0212613282298	-0.0200395827608	-0.0271065771146	-0.0919800510146	0.00794941463904	-0.00859637503446	0.0779497057551	-0.0262249374935	-0.0492033740952	-0.0602514732742	-0.0346705476142	0.00314651439681
k__Bacteria;p__Bacteroidetes;c__Bacteroidia;o__Bacteroidales;f__Bacteroidaceae;g__Bacteroides;s__Bacteroides_plebeius	-0.0107837962778	-0.0232315102906	0.0326494475649	-0.0407173254539	0.0464867818923	0.0542525329507	-0.0963161483196	0.0849379500085	-0.0159468648412	-0.0704769808626	-0.032266949595	-0.012820012231	0.00153165731707	0.0491909869214	0.0152813698267	1.0	0.0280900151768	0.00118443182546	0.000190333152958	-0.0172339661821	0.0065529920646	-0.0127453506867	0.0141305892956	-0.032949666272	0.00154070420222	-0.0147381027846	0.0138625343262	-0.049001771702	-0.0161767993065	0.0798452916695	-0.0416838212683	0.0388115581618	0.00740677193255	-0.00747338118903	-0.0192425747069	-0.065387580511	-0.0752363780106	-0.0270164989518	-0.108881528228	0.0679713548557	0.0340675186207	-0.0301300746127	-0.0504633543367	-0.0233047907968	0.0149943644096	-0.0643895124809	-0.0770777004075	-0.0177632976333	-0.0705810825774	-0.0304386166549	0.0558115966097	0.00852220848508	-0.0239110253514	0.00777197718636	0.0919030618392	-0.0715081344758	-0.0117537653006	-0.0104149981483	-0.0530544129705
k__Bacteria;p__Bacteroidetes;c__Bacteroidia;o__Bacteroidales;f__Bacteroidaceae;g__Bacteroides;s__Bacteroides_fragilis	-0.0106658873398	0.0335970206988	-0.0463605743264	0.0257049595223	0.0537378652839	-0.0751692394084	-0.0603423109379	-0.022310277865	-0.0235776274211	0.0244561027439	-0.0403598044562	0.0375246417456	0.0198879871735	0.00946401405651	-0.00892075080247	0.0280900151768	1.0	-0.00109923262846	0.0139696208047	-0.0850139163068	0.00670147805703	-0.0380545235844	0.0751992556482	-0.0195741824769	0.0238816839646	-0.0125706234978	0.0514098050761	0.0235989371351	-0.0527879611594	-0.0833404707224	-0.0670412829567	0.0355502462351	0.0300249155623	-0.037149030883	0.00923043573966	-0.0704272851696	0.0101676599065	-0.0654250111144	-0.0266707194015	-0.0321265864741	-0.0639431832566	-0.000691932338384	0.00735330030732	0.00459296490544	0.0147778172842	0.00669820830434	-0.0429093643	0.0139969680049	0.0728948483752	0.0279223131785	0.0106005207095	0.069548249814	-0.0840996015391	-0.0282722184688	-0.000171902557083	0.0124591501699	-0.0487322517478	-0.0277266007934	-0.000262258696005
k__Bacteria;p__Proteobacteria;c__Betaproteobacteria;o__Burkholderiales;f__Sutterellaceae;g__Sutterella;s__Sutterella_wadsworthensis	0.0170688892785	-0.03731944316	-0.0122753699394	-0.0193113494573	0.0527281897847	0.0249284509466	0.00628453954035	-0.0159816570733	-0.026113438929	0.0444789091662	-0.00298301493078	0.0290422779	0.0140464412085	-0.0161502059127	0.0468174216407	0.00118443182546	-0.00109923262846	1.0	-0.0864495356941	-0.0207625614035	-0.00712722189218	-0.0475813856939	-0.039574602666	0.00380949510569	0.0209781960844	-0.0290653086509	-0.090568704787	-0.0417110101713	0.0866503695639	0.0681109414075	-0.0325782598597	0.0532826680025	-0.071168737101	0.0250298639547	0.00352168657259	0.0296539224663	0.0114515815174	-0.0137196471309	-0.00557089268579	-0.0332299003456	-0.0625316134144	-0.0660594218692	-0.00113559182399	0.00958717487192	-0.0599477939428	0.043840853142	0.00161137472113	0.0165013489801	0.0641326617981	0.0915723847263	-0.0166387942072	0.00936027081327	-0.00778340126057	0.053242954708	0.0384591166094	-0.0338718774254	-0.00851533115902	-0.0656443332204	-0.0584015308122
k__Bacteria;p__Bacteroidetes;c__Bacteroidia;o__Bacteroidales;f__Porphyromonadaceae;g__Barnesiella;s__Barnesiella_intestinihominis	0.0338426249082	0.0274792253523	-0.0276518567536	-0.0374203058277	-0.0185848947567	-0.0489251925753	0.0168472188891	-0.0148267218132	-0.0099933227226	0.0338057198397	-0.00879981782345	-0.00112562120897	0.0421950379718	-0.0230022179924	-0.0335151516957	0.000190333152958	0.0139696208047	-0.0864495356941	1.0	0.0565558772059	-0.0499149916278	0.0707249701826	-0.0728984868043	-0.0152077521743	-0.0309625348922	-0.0422886813899	0.0212554801988	0.0005222315919	0.0378517781509	-0.0245697627331	-0.00536888772583	0.055523818457	0.0206102579816	0.0463623479798	-0.0234983115053	-0.0145959024171	-0.00674761159248	-0.0883688236897	0.0219800080402	-0.0120213413986	-0.00885838678131	0.035835769504	0.000713696344762	0.0122718500872	0.0240181863488	-0.0474972534415	-0.00407394063157	-0.00114448482505	-0.0770087850671	-0.0181235044494	-0.00500299334343	-0.0225570237725	-0.0407683957727	-0.0682986332838	0.0122924257441	0.0230200454681	-0.0578782047184	-0.0065158139167	0.0359540032168
k__Bacteria;p__Bacteroidetes;c__Bacteroidia;o__Bacteroidales;f__Odoribacteraceae;g__Odoribacter;s__Odoribacter_splanchnicus	-0.0301816558577	0.0460086940119	-0.0127994811613	0.0251364446814	-0.0161434618137	-0.0338847401516	0.0839781998529	-0.0105467247589	0.0518745790793	0.0346207684575	0.0649634925773	0.0871201649791	0.000593449339953	0.0587664819549	-0.0124901853991	-0.0172339661821	-0.0850139163068	-0.0207625614035	0.0565558772059	1.0	0.0552135854388	0.0788188324251	0.0319138211487	0.0270149889125	0.0171940454147	-0.109912937062	-0.0668151853219	0.0371330011377	-0.0381899380928	0.0283453167681	0.00269450900124	-0.0542011237145	-0.0279419559334	-0.00235571515221	-0.0235289463679	0.0128501936437	-0.0272352766792	0.00657425900437	-0.0387280855502	-0.0359707961117	-0.0211174300611	-0.0152345711093	-0.0973528121732	0.00853691146464	-0.0074635865645	-0.0817895400426	0.00892097317527	-0.101570035583	0.0111146993568	0.024305663379	0.0244439421934	-0.0172272618759	0.0359889084883	-0.0165954535097	-0.0116876110241	0.046372754364	-0.0537961130171	-0.041393811949	0.0134858827328
k__Bacteria;p__Bacteroidetes;c__Bacteroidia;o__Bacteroidales;f__Bacteroidaceae;g__Bacteroides;s__Bacteroides_salyersiae	-0.0134939673586	-0.0035997316475	-0.0360626169787	-0.00360952184065	0.0653207965503	0.0381674605176	0.0051928313534	0.0446335165489	0.0199648384604	-0.0284675250286	-0.0538449801079	0.0248924886624	0.0260558112681	0.0060067919463	0.0447894408797	0.0065529920646	0.00670147805703	-0.00712722189218	-0.0499149916278	0.0552135854388	1.0	0.0196170972349	-0.0185805711572	-0.0462413509522	-0.0202947219577	-0.0607657013401	0.02969485858	0.0199642888888	0.036480362382	-0.0318890854599	0.00528184685851	0.00994153842343	-0.0291234126075	0.0335177490293	0.0280142266842	0.0600550586029	-0.0619972036071	-0.0805087220532	-0.0162150068778	0.0337218650256	0.0144918812241	-0.0978820635463	0.0656305057769	-0.0542449867562	0.0236479330152	-0.004519160189	-0.0711880323318	-0.0531612973544	-0.0397901139783	-0.0872375523569	-0.00720758530296	0.0379682634063	-0.0299113394887	0.04144331823	0.03430110914	-0.0193206916297	-0.0447919631711	-0.0620943826819	-0.0601174430044
k__Bacteria;p__Firmicutes;c__Clostridia;o__Clostridiales;f__Ruminococcaceae;g__Ruminiclostridium;s__[Eubacterium]_siraeum	-0.0243275419204	0.00832738075426	0.0349648628913	0.000800741748245	-0.00880956270909	-0.0638284408894	0.0227525746535	-0.0387365368589	-0.100590338829	-0.0597836835777	0.00536909742028	0.0651584719407	-0.0206631940694	-0.0452893494738	-0.00308728612399	-0.0127453506867	-0.0380545235844	-0.0475813856939	0.0707249701826	0.0788188324251	0.0196170972349	1.0	-0.0146924807869	-0.0412071616993	-0.0443866088383	-0.0154811535977	0.0414714800407	-0.0329374654202	-0.0457013959206	-0.00344887836668	0.00374188236289	-0.00590983055824	0.00869104882221	-0.0781082699068	-0.0234279093829	-0.0101154779788	-0.0506663971221	-0.0286393524375	0.0329870180713	0.00632422614247	-0.00555655924597	0.0005300114912	-0.0319109880161	-0.0226804408054	-0.0182175439252	-0.00434611076582	-0.00194712291105	-0.0131557651287	0.0378641951996	0.00833675029643	-0.00732463160701	0.0809867569032	-0.0203753428928	0.0700985396347	-0.084571645167	-0.0115399581736	-0.044213241521	-0.0302534052609	-0.0168928527129
k__Bacteria;p__Proteobacteria;c__Betaproteobacteria;o__Burkholderiales;f__Sutterellaceae;g__Parasutterella;s__Parasutterella_excrementihominis	-0.0455134299824	-0.0347800616823	0.0842976296209	0.0695630292325	0.0410117546498	-0.00393084514264	-0.0143059497548	-0.0540773285774	0.0641103848975	-0.0359006182963	-0.0426528981134	-0.0385310471062	0.0127242220363	0.0336532562436	-0.043440671864	0.0141305892956	0.0751992556482	-0.039574602666	-0.0728984868043	0.0319138211487	-0.0185805711572	-0.0146924807869	1.0	-0.0491752049422	0.00946812555138	0.0554790841473	-0.034849226457	0.00832737467653	-0.0455550517557	0.00137444221663	-0.0894855132087	-0.0025942741044	0.0447538432587	-0.0549555265099	-0.00626206356479	-0.0680445417356	0.0548687420537	-0.0532826011689	-0.00659428277077	-0.0457379506928	-0.0166283791834	-0.0168979683274	-0.0658884347146	-0.0045846322103	0.0360114829079	0.00567415036631	-0.0245507453329	-0.0080877802413	-0.0293043395025	-0.0311091556969	-0.0326591415328	0.046870998712	-0.010099511472	0.0405836986531	-0.0711465431833	-0.0126956413493	0.0340686340317	-0.0396973471529	-0.0498736383074
k__Bacteria;p__Actinobacteria;c__Actinobacteria;o__Bifidobacteriales;f__Bifidobacteriaceae;g__Bifidobacterium;s__Bifidobacterium_adolescentis	0.0194315053543	0.0114367572335	0.026171632464	-0.0292127441484	0.00796871144087	-0.00185605754593	0.0386077415843	-0.0504549735656	0.00834259469685	-0.0279375455061	0.0117600640472	-0.0582078076732	-0.0316501658463	0.0186595887505	0.0219869411581	-0.032949666272	-0.0195741824769	0.00380949510569	-0.0152077521743	0.0270149889125	-0.0462413509522	-0.0412071616993	-0.0491752049422	1.0	-0.00859037540055	0.0187481521701	-0.0470142426341	0.0513331355782	-0.00369778256312	-0.0114243073198	-0.0106030537248	-0.0329797646347	-0.086315927912	-0.0752612911337	-0.0245125713248	-0.0403496655007	0.0514414371091	0.0248590525892	-0.093160046767	-0.0114731303785	-0.00433821584509	0.0411241312686	0.0133605334313	-0.00813207641297	0.0478908990919	0.070867888313	-0.0562406876046	-0.0266971644804	0.00976538098205	0.00315417063598	0.0479050306601	0.0215995085181	-0.0155470029736	0.0548769299065	-0.0335119013867	-0.00818373478167	0.0943179138277	-0.0176791301189	-0.0390676882963
k__Bacteria;p__Firmicutes;c__Clostridia;o__Clostridiales;f__Oscillospiraceae;g__Oscillibacter;s__Oscillibacter_sp._KLE_1745	0.0132985910909	-0.0296921770645	-0.0236869841012	0.00389717410198	0.0379125549689	-0.00809260880826	-0.0721510960633	-0.0316668122689	0.0261294318226	-0.00216529043456	-0.0543130958182	0.0990253121519	-0.0136110009179	-0.0319985417803	0.000625781834531	0.00154070420222	0.0238816839646	0.0209781960844	-0.0309625348922	0.0171940454147	-0.0202947219577	-0.0443866088383	0.00946812555138	-0.00859037540055	1.0	-0.0278414828393	-0.062093962721	0.0204075266093	0.00593109289414	-0.0160866993467	-0.0181774489401	-0.0267841055824	0.0371655544971	-0.0531045423339	-0.0439689197776	0.00717454089803	0.00745800436643	0.0530603936871	-0.0226062811085	0.0195921088131	0.0287131105862	-0.0547832874399	0.0300002796018	0.0241023140131	-0.00203092402859	-0.00651923385827	-0.00549964687507	0.0287437952146	-0.0615653987093	0.00879645855933	0.00705920625382	-0.0198663673871	0.0124129995532	-0.032553542935	-0.0746090406272	0.00481900076872	0.00811083592862	0.0106243273878	-0.012131027139
k__Bacteria;p__Bacteroidetes;c__Bacteroidia;o__Bacteroidales;f__Bacteroidaceae;g__Bacteroides;s__Bacteroides_coprophilus	-0.0534206412305	-0.0882600453117	0.0253627398013	-0.0300971449116	0.0222930863492	0.0167629573002	-0.0251106988923	0.0138845183432	-0.00808778873969	-0.017232237655	-0.0165664731019	0.0353622432984	-0.00751705535142	-0.0637192480935	-0.0515577245891	-0.0147381027846	-0.0125706234978	-0.0290653086509	-0.0422886813899	-0.109912937062	-0.0607657013401	-0.0154811535977	0.0554790841473	0.0187481521701	-0.0278414828393	1.0	0.0107844718389	-0.00526829109375	-0.0592557489964	-0.0184425727834	-0.0457852041935	-0.0401898999715	0.0137572706727	0.0524212854876	-0.0182372181505	0.023741149769	-0.00681595406256	0.0027055452651	0.020466118985	-0.000682082244155	-0.0356992106174	0.010782882597	0.043435777548	-0.0120749358949	0.0154782153728	0.0134962608057	-0.0315434635008	0.0166067766464	0.0149542153264	-0.0494839351256	-0.00188579297877	-0.0150813086599	0.019071057107	-0.0378850649679	-4.4186905861e-05	-0.0705728351874	0.0491150845016	0.0051071907997	-0.00884573137259
k__Bacteria;p__Firmicutes;c__Clostridia;o__Clostridiales;f__Lachnospiraceae;g__Roseburia;s__Roseburia_intestinalis	-0.0293976389161	0.0045052712383	0.0228110829334	0.0394182264569	0.0333608981428	-0.00139395031349	0.0234971295572	0.0553731678301	0.00182369015366	-0.0418547808485	-0.03886895131	-0.0725496124801	-0.0564303380314	-0.0136698710898	-0.0130923276498	0.0138625343262	0.0514098050761	-0.090568704787	0.0212554801988	-0.0668151853219	0.02969485858	0.0414714800407	-0.034849226457	-0.0470142426341	-0.062093962721	0.0107844718389	1.0	0.0136115813103	-0.0573720643452	0.00313480342071	-0.00999589861048	0.0106050315996	0.0421557373399	-0.0254071980237	0.0248769805108	-0.0609768143186	0.0163312192786	0.0360155975104	-0.0205162728446	0.0107857541629	-0.0652212828299	0.0352387646273	-0.0312795221708	-0.0609731176324	-0.0874816790704	-0.0434424728639	-0.0435227670025	-0.0137217727479	0.0171088343717	-0.0295391376122	0.00294135608709	-0.043211666386	-0.0621581066334	-0.0349390588579	-0.0147359874875	0.00607024010965	0.0485704938366	-0.00690543191269	0.00191312664834
k__Bacteria;p__Firmicutes;c__Clostridia;o__Clostridiales;f__Lachnospiraceae;g__Roseburia;s__Roseburia_hominis	0.0106308265594	0.070625913406	0.0272386661981	0.0155594274254	-0.0490936829841	0.00935069355595	-0.00709144037576	-0.0628479745592	0.00813105486254	0.0763047911997	0.0262119748346	0.0259471433663	0.00010235936579	0.0499174055488	0.0305784840269	-0.049001771702	0.0235989371351	-0.0417110101713	0.0005222315919	0.0371330011377	0.0199642888888	-0.0329374654202	0.00832737467653	0.0513331355782	0.0204075266093	-0.00526829109375	0.0136115813103	1.0	0.015938094606	-0.00611306346415	-0.0373237164575	0.0777178411736	0.0624857799162	-0.00952780705765	0.0145579097215	-0.0284646317625	-0.0301305379916	-0.0391966425542	0.0369279627836	-0.00554806870297	-0.0329771607416	-0.138271966213	-0.0607113126044	0.0294364193536	-0.0558954186571	-0.0314585115197	-0.0387377766872	0.00983443422712	-0.000979765320134	0.010614105659	-0.0509332214088	-0.0168175874832	-0.030603472811	0.00459852144996	0.00162746412525	0.0742037817445	0.0213064081746	-0.00313172957391	-0.0545976591037
k__Bacteria;p__Bacteroidetes;c__Bacteroidia;o__Bacteroidales;f__Porphyromonadaceae;g__Parabacteroides;s__Parabacteroides_johnsonii	-0.0127019254808	-0.0165552539178	0.0321755609027	0.020960072761	0.00073971361337	-0.0554551221731	-0.0431357185491	0.0166039294929	-0.0300205774221	-0.0148222656011	-0.018352960609	0.0476916201045	-0.02236712905	-0.00668753898533	0.0208881712374	-0.0161767993065	-0.0527879611594	0.0866503695639	0.0378517781509	-0.0381899380928	0.036480362382	-0.0457013959206	-0.0455550517557	-0.00369778256312	0.00593109289414	-0.0592557489964	-0.0573720643452	0.015938094606	1.0	-0.0153008713008	0.0953279493801	-0.0342518686229	-0.00788433822077	-0.0247153957635	-0.0138526493289	0.0104105139233	-0.00348875085292	-0.0080529721434	0.0590142298222	-0.0179518237986	0.00566276778023	0.000424364460112	0.00796122515472	0.00443923163848	0.0589257997295	-0.0244382102193	-0.0378182975049	0.0303319907152	-0.00995294467888	-0.00187911355458	-0.0662332179622	-0.107811430651	-0.00236224828454	-0.0714660454635	0.00790455041196	-0.0479733610608	-0.0844098946104	-0.0188436184418	0.00896883357189
k__Bacteria;p__Actinobacteria;c__Actinobacteria;o__Bifidobacteriales;f__Bifidobacteriaceae;g__Bifidobacterium;s__Bifidobacterium_longum	0.0229914474988	-0.00922666013077	-0.0395570007173	-0.0385218609496	-0.0453741589816	0.0228825724417	0.0150603234036	-0.0395847877867	-0.0126882342933	-0.0230630785054	0.0819149950794	-0.0451795930346	0.0470579280465	0.00296355456587	-0.0092290844863	0.0798452916695	-0.0833404707224	0.0681109414075	-0.0245697627331	0.0283453167681	-0.0318890854599	-0.00344887836668	0.00137444221663	-0.0114243073198	-0.0160866993467	-0.0184425727834	0.00313480342071	-0.00611306346415	-0.0153008713008	1.0	-0.0251925425968	-0.0282724768615	-0.0337708445286	0.0168140591524	-0.0189940952014	-0.107544428192	0.0686457665257	-0.0298690199051	0.0121297241899	0.0165805613544	0.0612991345094	-0.00248314428023	-0.0117698403172	0.0248102871436	0.0137948215199	-0.0588460148402	-0.0986337338295	0.0235680509693	-0.00360845714118	0.00842440111621	-0.0423065915349	-0.0331907271579	0.0126819727638	0.0181939505228	0.0224745775517	0.00536582418657	0.0694677473137	-0.0205836591208	0.0553848856743
