#taxonomy	k__Bacteria;p__Bacteroidetes;c__Bacteroidia;o__Bacteroidales;f__Bacteroidaceae;g__Bacteroides;s__Bacteroides_vulgatus	k__Bacteria;p__Bacteroidetes;c__Bacteroidia;o__Bacteroidales;f__Bacteroidaceae;g__Bacteroides;s__Bacteroides_uniformis	k__Bacteria;p__Bacteroidetes;c__Bacteroidia;o__Bacteroidales;f__Rikenellaceae;g__Alistipes;s__Alistipes_putredinis	k__Bacteria;p__Bacteroidetes;c__Bacteroidia;o__Bacteroidales;f__Prevotellaceae;g__Prevotella;s__Prevotella_copri	k__Bacteria;p__Bacteroidetes;c__Bacteroidia;o__Bacteroidales;f__Bacteroidaceae;g__Bacteroides;s__Bacteroides_stercoris	k__Bacteria;p__Bacteroidetes;c__Bacteroidia;o__Bacteroidales;f__Bacteroidaceae;g__Bacteroides;s__Bacteroides_ovatus	k__Bacteria;p__Bacteroidetes;c__Bacteroidia;o__Bacteroidales;f__Rikenellaceae;g__Alistipes;s__Alistipes_shahii	k__Bacteria;p__Firmicutes;c__Clostridia;o__Clostridiales;f__Ruminococcaceae;g__Faecalibacterium;s__Faecalibacterium_prausnitzii	k__Bacteria;p__Bacteroidetes;c__Bacteroidia;o__Bacteroidales;f__Rikenellaceae;g__Alistipes;s__Alistipes_finegoldii	k__Bacteria;p__Bacteroidetes;c__Bacteroidia;o__Bacteroidales;f__Porphyromonadaceae;g__Parabacteroides;s__Parabacteroides_distasonis	k__Bacteria;p__Bacteroidetes;c__Bacteroidia;o__Bacteroidales;f__Bacteroidaceae;g__Bacteroides;s__Bacteroides_thetaiotaomicron	k__Bacteria;p__Bacteroidetes;c__Bacteroidia;o__Bacteroidales;f__Bacteroidaceae;g__Bacteroides;s__Bacteroides_coprocola	k__Bacteria;p__Bacteroidetes;c__Bacteroidia;o__Bacteroidales;f__Bacteroidaceae;g__Bacteroides;s__Bacteroides_cellulosilyticus	k__Bacteria;p__Bacteroidetes;c__Bacteroidia;o__Bacteroidales;f__Rikenellaceae;g__Alistipes;s__Alistipes_obesi	k__Bacteria;p__Firmicutes;c__Clostridia;o__Clostridiales;f__Lachnospiraceae;g__;s__[Eubacterium]_rectale	k__Bacteria;p__Bacteroidetes;c__Bacteroidia;o__Bacteroidales;f__Bacteroidaceae;g__Bacteroides;s__Bacteroides_plebeius	k__Bacteria;p__Bacteroidetes;c__Bacteroidia;o__Bacteroidales;f__Bacteroidaceae;g__Bacteroides;s__Bacteroides_fragilis	k__Bacteria;p__Proteobacteria;c__Betaproteobacteria;o__Burkholderiales;f__Sutterellaceae;g__Sutterella;s__Sutterella_wadsworthensis	k__Bacteria;p__Bacteroidetes;c__Bacteroidia;o__Bacteroidales;f__Porphyromonadaceae;g__Barnesiella;s__Barnesiella_intestinihominis	k__Bacteria;p__Bacteroidetes;c__Bacteroidia;o__Bacteroidales;f__Odoribacteraceae;g__Odoribacter;s__Odoribacter_splanchnicus	k__Bacteria;p__Bacteroidetes;c__Bacteroidia;o__Bacteroidales;f__Bacteroidaceae;g__Bacteroides;s__Bacteroides_salyersiae	k__Bacteria;p__Firmicutes;c__Clostridia;o__Clostridiales;f__Ruminococcaceae;g__Ruminiclostridium;s__[Eubacterium]_siraeum	k__Bacteria;p__Proteobacteria;c__Betaproteobacteria;o__Burkholderiales;f__Sutterellaceae;g__Parasutterella;s__Parasutterella_excrementihominis	k__Bacteria;p__Actinobacteria;c__Actinobacteria;o__Bifidobacteriales;f__Bifidobacteriaceae;g__Bifidobacterium;s__Bifidobacterium_adolescentis	k__Bacteria;p__Firmicutes;c__Clostridia;o__Clostridiales;f__Oscillospiraceae;g__Oscillibacter;s__Oscillibacter_sp._KLE_1745	k__Bacteria;p__Bacteroidetes;c__Bacteroidia;o__Bacteroidales;f__Bacteroidaceae;g__Bacteroides;s__Bacteroides_coprophilus	k__Bacteria;p__Firmicutes;c__Clostridia;o__Clostridiales;f__Lachnospiraceae;g__Roseburia;s__Roseburia_intestinalis	k__Bacteria;p__Firmicutes;c__Clostridia;o__Clostridiales;f__Lachnospiraceae;g__Roseburia;s__Roseburia_hominis	k__Bacteria;p__Bacteroidetes;c__Bacteroidia;o__Bacteroidales;f__Porphyromonadaceae;g__Parabacteroides;s__Parabacteroides_johnsonii	k__Bacteria;p__Actinobacteria;c__Actinobacteria;o__Bifidobacteriales;f__Bifidobacteriaceae;g__Bifidobacterium;s__Bifidobacterium_longum	k__Bacteria;p__Firmicutes;c__Clostridia;o__Clostridiales;f__;g__Flavonifractor;s__Flavonifractor_plautii	k__Bacteria;p__Firmicutes;c__Clostridia;o__Clostridiales;f__Clostridiaceae;g__Clostridium;s__Clostridium_phoceensis	k__Bacteria;p__Verrucomicrobia;c__Verrucomicrobiae;o__Verrucomicrobiales;f__Akkermansiaceae;g__Akkermansia;s__Akkermansia_muciniphila	k__Bacteria;p__Bacteroidetes;c__Bacteroidia;o__Bacteroidales;f__Prevotellaceae;g__Paraprevotella;s__Paraprevotella_xylaniphila	k__Bacteria;p__Firmicutes;c__Clostridia;o__Clostridiales;f__Ruminococcaceae;g__Ruminococcus;s__Ruminococcus_callidus	k__Bacteria;p__Bacteroidetes;c__Bacteroidia;o__Bacteroidales;f__Rikenellaceae;g__Alistipes;s__Alistipes_senegalensis	k__Bacteria;p__Firmicutes;c__Clostridia;o__Clostridiales;f__Lachnospiraceae;g__Blautia;s__Blautia_sp._KLE_1732	k__Bacteria;p__Bacteroidetes;c__Bacteroidia;o__Bacteroidales;f__Bacteroidaceae;g__Bacteroides;s__Bacteroides_oleiciplenus	k__Bacteria;p__Firmicutes;c__Clostridia;o__Clostridiales;f__Ruminococcaceae;g__Ruminococcus;s__Ruminococcus_bicirculans	k__Bacteria;p__Bacteroidetes;c__Bacteroidia;o__Bacteroidales;f__Bacteroidaceae;g__Bacteroides;s__Bacteroides_fluxus	k__Bacteria;p__Bacteroidetes;c__Bacteroidia;o__Bacteroidales;f__Prevotellaceae;g__Prevotella;s__Prevotella_stercorea	k__Bacteria;p__Firmicutes;c__Clostridia;o__Clostridiales;f__Lachnospiraceae;g__Dorea;s__Dorea_longicatena	k__Bacteria;p__Firmicutes;c__Clostridia;o__Clostridiales;f__Eubacteriaceae;g__Eubacterium;s__[Eubacterium]_eligens	k__Bacteria;p__Firmicutes;c__Clostridia;o__Clostridiales;f__Ruminococcaceae;g__;s__Ruminococcaceae_bacterium_D16	k__Bacteria;p__Firmicutes;c__Clostridia;o__Clostridiales;f__Lachnospiraceae;g__Coprococcus;s__Coprococcus_comes	k__Bacteria;p__Proteobacteria;c__Gammaproteobacteria;o__Enterobacterales;f__Enterobacteriaceae;g__Escherichia;s__Escherichia_coli	k__Bacteria;p__Firmicutes;c__Clostridia;o__Clostridiales;f__Ruminococcaceae;g__Anaerotruncus;s__Anaerotruncus_colihominis	k__Bacteria;p__Firmicutes;c__Clostridia;o__Clostridiales;f__Lachnospiraceae;g__Blautia;s__Blautia_obeum	k__Bacteria;p__Bacteroidetes;c__Bacteroidia;o__Bacteroidales;f__Odoribacteraceae;g__Odoribacter;s__Odoribacter_laneus	k__Bacteria;p__Firmicutes;c__Clostridia;o__Clostridiales;f__Ruminococcaceae;g__Ruminiclostridium;s__[Clostridium]_leptum	k__Bacteria;p__Bacteroidetes;c__Bacteroidia;o__Bacteroidales;f__Porphyromonadaceae;g__Parabacteroides;s__Parabacteroides_goldsteinii	k__Bacteria;p__Firmicutes;c__Clostridia;o__Clostridiales;f__Lachnospiraceae;g__Anaerostipes;s__Anaerostipes_hadrus	k__Bacteria;p__Firmicutes;c__Clostridia;o__Clostridiales;f__Ruminococcaceae;g__Ruminococcus;s__Ruminococcus_lactaris	k__Bacteria;p__Firmicutes;c__Clostridia;o__Clostridiales;f__Clostridiaceae;g__Clostridium;s__Clostridium_sp._L2-50	k__Bacteria;p__Firmicutes;c__Clostridia;o__Clostridiales;f__Clostridiaceae;g__Clostridium;s__Clostridium_sp._M62/1	k__Bacteria;p__Firmicutes;c__Clostridia;o__Clostridiales;f__;g__Intestinimonas;s__Intestinimonas_butyriciproducens	k__Bacteria;p__Actinobacteria;c__Actinobacteria;o__Bifidobacteriales;f__Bifidobacteriaceae;g__Bifidobacterium;s__Bifidobacterium_bifidum	k__Bacteria;p__Firmicutes;c__Negativicutes;o__Veillonellales;f__Veillonellaceae;g__Dialister;s__Dialister_invisus	k__Bacteria;p__Bacteroidetes;c__Bacteroidia;o__Bacteroidales;f__Bacteroidaceae;g__Bacteroides;s__Bacteroides_salanitronis
k__Bacteria;p__Bacteroidetes;c__Bacteroidia;o__Bacteroidales;f__Bacteroidaceae;g__Bacteroides;s__Bacteroides_vulgatus	1.0	-0.0444921164234	0.0091329838644	0.0131573407759	0.0382734577387	-0.025624955098	0.0279499845477	-0.0428103547684	-0.0208723052252	0.0175457779548	0.0387665183625	0.0690959537954	0.0709149489837	-0.00657019067838	0.0234384900987	-0.0417648211321	0.0931359230493	-0.0244835785527	-0.0742418050516	0.0321981978258	-0.0457054340553	0.0190499884596	0.0022209359534	0.00957292719186	-0.0595543893341	-0.00365942738786	0.0227133585997	0.0387764634824	-0.0625026902825	0.0454278044214	-0.0096666294261	0.00518660173821	-0.0794303953619	0.000130582805695	-0.00712899732106	-0.0514466047192	0.0244596374792	0.041070828162	-0.0199004797346	0.0858135218246	0.0321631599183	-0.00175059228539	-0.0494166860166	-0.0193739538158	-0.0703965768504	0.0811440370755	-0.0619265616634	0.0272668885499	-0.0134931848203	-0.0724065122971	-0.0928376168937	0.0130831456765	-0.00684419986907	-0.0224443559839	-0.0559639396872	-0.0637892484982	-0.067874437573	0.0196528107208	-0.0439114234587
k__Bacteria;p__Bacteroidetes;c__Bacteroidia;o__Bacteroidales;f__Bacteroidaceae;g__Bacteroides;s__Bacteroides_uniformis	-0.0444921164234	1.0	-0.010032182834	0.0207796425427	0.0346224550982	-0.0117606122089	-0.00750634020818	0.0166007468478	-0.0413595859076	-0.00805669825518	-0.0576690625498	-0.0322047936677	0.0267315967871	-0.00817051708088	0.0154101578668	-0.00397303396014	-0.0281714344305	-0.026949880003	-0.0148725225106	0.0111230474228	0.00688834404153	-0.0531940991387	-0.0679660348335	-0.00299533129292	-0.0947682592786	-0.0565293746773	0.0279046273854	-0.0117442962805	0.0304040394746	0.0301534491734	-0.0140807056261	-0.0356377129981	-0.00140420042978	0.04533030866	0.0150887553391	-0.054854343882	-0.0672023160012	-0.0377217059701	0.111841135456	-0.0225555750333	-0.0326718145439	0.0174336129745	-0.0149179723687	-0.041989441832	0.00112446300343	0.0609186478452	-0.0352830874568	-0.0452643278133	-0.0973229350087	-0.0189930717295	-0.0246223809358	-0.0828631547754	0.00351257686272	0.0179882402153	0.0609156458345	0.0387190820571	-0.0576564826822	0.0922235052199	-0.0332685450093
k__Bacteria;p__Bacteroidetes;c__Bacteroidia;o__Bacteroidales;f__Rikenellaceae;g__Alistipes;s__Alistipes_putredinis	0.0091329838644	-0.010032182834	1.0	-0.0450088988598	-0.0495076670581	-0.0434476418546	-0.0239898090594	0.0404828486863	0.0266458880634	-0.0253268455371	0.0010912357674	0.00268852445881	-0.0161957130304	-0.0465256674821	0.0876673951341	-0.0393727801678	-0.0529596345853	0.0363871957006	-0.0284268647151	0.124811389415	0.00678222291271	0.0133692152122	-0.0313311141461	-0.0429637009317	0.00152023301656	0.0464791805245	-0.0151773251502	-0.0476878771441	-0.072776873105	-0.02904136624	-0.0302218758677	-0.0461050747853	-0.0423745022637	0.0115699663774	-0.013264029163	-0.0765426790105	-0.0382481051526	-0.00531319702633	-0.0529891999448	0.0288611076333	0.0370092956543	0.0457106814538	0.00229094110718	-0.0118453709091	-0.00564062827378	0.026145123574	0.0214245567523	0.0206285619416	0.012668982224	0.00594821520641	-0.00963756913951	-0.00397997510155	-0.0944033748365	-0.0448497915369	0.0632188635332	-0.0201008189142	0.0340041146478	0.0122919479679	0.0406863111044
k__Bacteria;p__Bacteroidetes;c__Bacteroidia;o__Bacteroidales;f__Prevotellaceae;g__Prevotella;s__Prevotella_copri	0.0131573407759	0.0207796425427	-0.0450088988598	1.0	0.0307055725119	-0.00530061638663	-0.0246406897149	0.0266222013335	-0.0116616322458	-0.0436099624986	0.0655847611289	0.051115649564	0.0179318687565	-0.0465166715793	-0.0126148224648	0.0288085117166	0.0263648964048	-0.00815096490514	0.0107010874337	-0.0515066135695	0.00794473509391	-0.0531471635218	0.0063681337662	-0.00350033900172	0.00580001126736	-0.0437340164831	0.0232964688446	0.000598423653285	-0.0178941655676	-0.0086644710373	0.05806586965	-0.00877891587411	-0.0128411268372	-0.0134325720706	0.0190357382019	-0.00274808864663	0.0142335609169	-0.0276967557539	-0.0264741563639	0.0226475662941	-0.0390413424283	-0.0115141362629	0.0205870967025	0.00286887875073	-0.044670986125	-0.00627305350274	-0.0963484338277	-0.0538866802006	-0.0175879478402	0.0388198082869	-0.0367218091082	0.0657091255123	-0.0349049820411	-0.00866331785467	0.0217776087319	0.0233088321301	-0.00266542065806	-0.0179745537919	-0.0062923741873
k__Bacteria;p__Bacteroidetes;c__Bacteroidia;o__Bacteroidales;f__Bacteroidaceae;g__Bacteroides;s__Bacteroides_stercoris	0.0382734577387	0.0346224550982	-0.0495076670581	0.0307055725119	1.0	-0.0642869959562	-0.0104201001481	0.0773954785978	-0.0255362292651	-0.0468801591055	0.0411059143786	-0.0586116827843	0.0233200885921	-0.0589619193501	0.025025566849	-0.0123972851977	-0.0711887609	0.0774145138718	-0.09564511397	-0.0191465725192	0.00148174432698	-0.0945112067403	-0.0235642171945	-0.0568477706935	-0.0332497784115	0.0164269632419	0.0595706240789	-0.00158780035254	-0.084450607046	0.014889766003	-0.0188410859518	-0.0241686571036	-0.0186402936496	-0.0514897141281	-0.0756152134351	0.0216535547862	0.0430084517893	-0.034528318056	0.0703582051242	-0.00446960847437	-0.0451936606305	-0.0753051185791	-0.0154622414776	0.0232602912476	-0.0670468447233	-0.0313216499087	-0.0521913397011	0.0147893413309	0.0141967351511	0.0245883825884	0.0328684623792	-0.0432326145571	0.00679446270433	-0.0300864451334	-0.047521807316	-0.00213269901677	0.0538518280794	0.0701192629778	0.0101894849462
k__Bacteria;p__Bacteroidetes;c__Bacteroidia;o__Bacteroidales;f__Bacteroidaceae;g__Bacteroides;s__Bacteroides_ovatus	-0.025624955098	-0.0117606122089	-0.0434476418546	-0.00530061638663	-0.0642869959562	1.0	0.0679130793676	-0.0936840836748	-0.0155046624958	-0.0131146662518	-0.0836764972426	0.0360021401902	-0.0419902109165	0.0358002125755	-0.0649834958515	-0.0101714419297	-0.0294152193349	-0.00687471021938	0.0297426101227	-0.0132149437854	-0.0492308437513	-0.0250385073288	-0.0328052148544	0.0465758720113	-0.0513906096248	-0.052482158855	-0.0404908103987	-0.100314019296	-0.010501949616	0.0702594555449	-0.0587160169045	-2.65951487674e-05	0.0150067582464	-0.00837551764538	0.0610260486092	0.000731080319805	-0.0316794946144	0.0442304955913	-0.0248946878265	0.0322917578691	0.0372617270861	-0.0890345957553	-0.0505450275361	0.0822935503764	-0.0204419318125	-0.0382918730936	0.00374092701228	-0.0404999094544	-0.00215752685812	0.0389192084505	-0.00268852194133	0.00678989056096	-0.0921185891496	-0.0155063388693	-0.0779882604508	-0.0702891078182	0.0363910457356	0.0380125971615	-0.00112325606216
k__Bacteria;p__Bacteroidetes;c__Bacteroidia;o__Bacteroidales;f__Rikenellaceae;g__Alistipes;s__Alistipes_shahii	0.0279499845477	-0.00750634020818	-0.0239898090594	-0.0246406897149	-0.0104201001481	0.0679130793676	1.0	-0.0497643769305	0.0121806789903	-0.0827275365316	-0.0374392340929	0.00651269476256	-0.000444455626784	-0.0556363295842	-0.0809323486187	0.0130718043647	0.00167323190373	-0.0540745305791	-0.0698617946571	0.0102256031798	0.0114960888867	-0.0130018300514	-0.0735246529929	0.0487631424906	-0.023104964167	-0.00209490101345	0.00732180035494	-0.0769164121839	0.0352887718413	-0.0215101299081	0.00362069058884	0.0410248463666	0.0919993958135	-0.00561108574559	0.0607585387745	-0.0428038048932	-0.0793046396643	-0.0223922399616	-0.0404681327569	0.0491506134867	-0.0201601249045	-0.0652222725613	0.00274358034982	0.0311976184667	-0.0114630156796	-0.0196525416945	0.0625990080134	-0.00738090806798	0.0104673525615	0.00303333985427	0.0177140422409	-0.0242105684169	-0.0659513906134	-0.0516394674166	-0.0393070370684	0.0237977466358	-0.00482037883209	0.0364703548764	-0.0229530722811
k__Bacteria;p__Firmicutes;c__Clostridia;o__Clostridiales;f__Ruminococcaceae;g__Faecalibacterium;s__Faecalibacterium_prausnitzii	-0.0428103547684	0.0166007468478	0.0404828486863	0.0266222013335	0.0773954785978	-0.0936840836748	-0.0497643769305	1.0	-0.0173311271249	-0.0160176191666	-0.0120177219137	0.000688001778321	0.0270160375498	-0.058239968998	-0.0615675300025	-0.0165690498189	0.0322550392619	-0.0361725755328	-0.0306818112359	0.0145350758009	-0.0034072709096	-0.00546506296705	-0.0764045007678	0.0779109554956	0.053206039515	-0.0217431094987	-0.0960546648257	0.0165414430306	0.0473296195219	-0.0314827989682	0.0260996159833	0.053884537451	-0.025913228015	0.0103751767245	-0.0574460661004	-0.0461227535772	-0.00336632356853	-0.0307460069284	0.0149849751865	-0.0384598497131	0.00360657082477	-0.0246864044433	0.0286283828999	0.0149653740563	0.0260629717424	0.0161386522843	0.0459615000848	0.0296088836619	-0.0191263628005	-0.0859010893073	-0.0591862178915	-0.0871532878516	0.0106007401078	-0.0288328160691	-0.00013755499163	-0.0273491253092	-0.0174072790852	0.0734427246357	-0.0583872000676
k__Bacteria;p__Bacteroidetes;c__Bacteroidia;o__Bacteroidales;f__Rikenellaceae;g__Alistipes;s__Alistipes_finegoldii	-0.0208723052252	-0.0413595859076	0.0266458880634	-0.0116616322458	-0.0255362292651	-0.0155046624958	0.0121806789903	-0.0173311271249	1.0	0.017541150035	-0.012786076004	-0.000161775919007	0.0604735775306	-0.0396166129184	-0.048118246945	-0.0423410831916	0.0192679494344	0.021302369471	0.0256935001763	-0.0381781182572	0.0539975618802	0.0746322252833	0.0120735373328	0.0543229601731	-0.046563219003	0.000970744113645	0.00455657404719	-0.0327998233238	-0.081192855922	0.0246932862661	0.00274705408755	-0.0370762284738	-0.0170558020373	0.0371181725842	-0.0429701400462	-0.0431719132518	0.0624630464341	-0.0593043777381	-0.0515400368564	-0.00308039425277	-0.0490584990869	-0.00144822955675	-0.0320027510787	0.00331250650673	-0.0274473433601	-0.0250959668838	-0.0431063310145	-0.0407019864255	-0.0249266302545	0.0142554129738	-0.0226039322702	-0.0409704159919	-0.0315452467554	0.0304102634004	-0.00107574876812	0.0321398400862	0.0122103839294	0.0455313584605	-0.00963715942022
k__Bacteria;p__Bacteroidetes;c__Bacteroidia;o__Bacteroidales;f__Porphyromonadaceae;g__Parabacteroides;s__Parabacteroides_distasonis	0.0175457779548	-0.00805669825518	-0.0253268455371	-0.0436099624986	-0.0468801591055	-0.0131146662518	-0.0827275365316	-0.0160176191666	0.017541150035	1.0	-0.0493180522096	-0.0141103855562	-0.00641266042381	-0.0625872970345	0.034838847458	-0.0604736377657	0.0307734166704	0.00464706781963	-0.00606150182461	-0.0509747528378	-0.0330917094346	0.089252873616	-0.0421016236346	0.0208102191991	-0.0266485875439	-0.0220892873108	-0.0384382201304	-0.0187973526316	0.0242924408565	-0.0132892226538	0.0342135947577	-0.051484724457	-0.0318050122968	-0.00480135535524	-0.0364984998117	-0.077396034396	0.0113804218583	0.0548167605288	-0.0333573199306	-0.0170180466116	0.00220664456171	-0.00363291935788	0.0107445374511	-0.0500405313527	0.0116631086603	0.048124343071	0.00280447348029	0.0642291541775	-0.0459459455072	0.0386165842149	0.00264162103284	0.0750112881609	0.00953825714589	-0.0496413071302	-0.0118813910355	-0.026896448657	-0.048920676965	0.0174052662285	-0.0120712357941
k__Bacteria;p__Bacteroidetes;c__Bacteroidia;o__Bacteroidales;f__Bacteroidaceae;g__Bacteroides;s__Bacteroides_thetaiotaomicron	0.0387665183625	-0.0576690625498	0.0010912357674	0.0655847611289	0.0411059143786	-0.0836764972426	-0.0374392340929	-0.0120177219137	-0.012786076004	-0.0493180522096	1.0	-0.0544610253208	-0.0281396647244	0.0386361581489	-0.013401079036	-0.00581196559406	-0.0661275292642	0.0234149626212	0.0450773887149	-0.00930402213888	-0.0622503580624	0.00333856579282	0.0349953025986	0.032163198851	-0.022903491067	0.0815907651364	0.0473980277917	-0.0538295942436	0.0295723032795	0.00392229482948	0.046624545597	0.0636478538749	-0.0993271208855	-0.0640772279809	0.00101565105524	-0.0228448818601	0.021730899235	0.00372860627097	0.0335779222842	-0.0128563918734	-0.0327918307056	-0.0222008703141	-0.0646582806454	0.0517186928346	-0.0418731058845	0.00511701307295	-0.00527310225829	-0.0459320128176	0.0209613523435	0.00734721943053	0.0436917656705	-0.0903349393431	0.0039323208551	0.00827849262286	-0.0129951614777	-0.0259698223942	-0.022121847798	-0.0288825050795	0.023768880622
k__Bacteria;p__Bacteroidetes;c__Bacteroidia;o__Bacteroidales;f__Bacteroidaceae;g__Bacteroides;s__Bacteroides_coprocola	0.0690959537954	-0.0322047936677	0.00268852445881	0.051115649564	-0.0586116827843	0.0360021401902	0.00651269476256	0.000688001778322	-0.000161775919007	-0.0141103855562	-0.0544610253208	1.0	0.0308535247939	0.000255076848152	-0.0108156947139	-0.0442150528972	0.0401312937817	0.0227547628633	0.0115629000226	-5.59589429953e-05	-0.0599103201825	-0.0596831060727	0.0119987113955	-0.0700154040668	0.032079861931	-0.0468557566784	-0.0206252459946	-0.00384125031721	-0.0365534438306	-0.035086471887	-0.0219182233134	-0.112095394309	0.0143043639837	0.00796339544485	0.0692605211212	-0.0403151913301	-0.0314120176889	-0.0566195723565	-0.0340529862168	0.0193601450448	-0.0170560092423	-0.0359981338031	-0.0243659995468	0.037635619529	-0.039148889438	0.0336288952337	0.00372945561108	0.0508860055234	0.0502430079052	0.0248584505856	-0.000796888319362	0.0416349553823	-0.0202523987049	-0.0023513838266	-0.00798995021406	0.0490922687053	-0.0576338498761	0.00831840995737	0.00979141639984
k__Bacteria;p__Bacteroidetes;c__Bacteroidia;o__Bacteroidales;f__Bacteroidaceae;g__Bacteroides;s__Bacteroides_cellulosilyticus	0.0709149489837	0.0267315967871	-0.0161957130304	0.0179318687565	0.0233200885921	-0.0419902109165	-0.000444455626784	0.0270160375498	0.0604735775306	-0.00641266042381	-0.0281396647244	0.0308535247939	1.0	0.00229124598477	-0.00199948895987	-0.0299342468667	0.0215004568642	-0.0508913592317	-0.0491913191967	-0.00210255305561	0.0368866889152	-0.0149097932614	-0.0104571141531	0.107263835775	-0.0693918812336	-0.0749839930211	-0.0257262343281	-0.0356597994604	0.0807871033394	-0.0189973391641	0.0250619691534	-0.0244877828781	-0.0133484468446	-0.0375909277721	-0.0275673544098	0.010629466789	0.0565532038399	0.0216802753189	-0.0746633505831	0.0188474819977	-0.0140810881965	-0.0229249863005	-0.0422402579992	0.00118614386627	0.0257942171017	-0.151701179833	0.0214211739879	0.0232315573591	0.0144790707653	-0.0805039508677	-0.0751745766521	-0.11014954877	-0.00269161072368	-0.0205543754489	-0.0492543641632	-0.0228411901228	-0.0585486019576	-0.00563023215499	-0.0557500092671
k__Bacteria;p__Bacteroidetes;c__Bacteroidia;o__Bacteroidales;f__Rikenellaceae;g__Alistipes;s__Alistipes_obesi	-0.00657019067838	-0.00817051708088	-0.0465256674821	-0.0465166715793	-0.0589619193501	0.0358002125755	-0.0556363295842	-0.058239968998	-0.0396166129184	-0.0625872970345	0.0386361581489	0.000255076848152	0.00229124598477	1.0	0.0458017840841	-0.0232433588763	0.0337994805451	0.0673662473762	-0.0270756217237	-0.0622058494165	-0.0186954666631	-0.0814511460357	-0.00973553500231	0.00940021737525	-0.0200143289822	-0.00121015499649	-0.0221926383777	0.0671652645492	-0.0257939500332	0.0134094407057	0.0235773013262	0.0502701934734	-0.0420372273389	0.031293088682	-0.00802012255313	0.0525150348535	-0.0513138088957	-0.00604518411709	0.0270611704797	-0.0560477615478	-0.0372157136505	-0.042750246416	-0.0163176102584	0.00898825523637	0.0864053763394	0.0463826212373	-0.0248265155597	-0.00828810296733	0.000708787187099	-0.0475022632781	-0.0259954126072	-0.0149678842566	-0.0172539006883	0.0231018794376	-0.0568969092158	0.0222960213218	0.0523756867986	-0.0236450279	0.00676902820673
k__Bacteria;p__Firmicutes;c__Clostridia;o__Clostridiales;f__Lachnospiraceae;g__;s__[Eubacterium]_rectale	0.0234384900987	0.0154101578668	0.0876673951341	-0.0126148224648	0.025025566849	-0.0649834958515	-0.0809323486187	-0.0615675300025	-0.048118246945	0.034838847458	-0.013401079036	-0.0108156947139	-0.00199948895987	0.0458017840841	1.0	-0.0409289438054	0.042462140625	0.0454734483524	0.0200429432736	0.00481050741132	-0.100520791182	-0.00242496719186	0.0204044379061	0.0114547550337	0.0181599427219	-0.0317998735573	0.0356180227325	0.0687058310186	-0.0235818500162	-0.0208664020115	0.057803550105	-0.0699102683369	0.024130323844	0.00942456985312	0.0198245481421	0.00301721366207	-0.066266823327	0.0205409078776	-0.0279955222981	0.0523576252341	-0.0458444881882	0.00686451086538	0.0338209907827	-0.0512044243421	0.0389450998846	-0.0905757247599	-0.0586272344532	-0.013652065267	0.00638315198225	-0.0193300936425	-0.0301049111852	0.00371203143848	0.0228387951563	-0.0043081006874	-0.0231146493013	0.0117023717313	-0.0340139616576	-0.0489441063627	-0.0219185358266
k__Bacteria;p__Bacteroidetes;c__Bacteroidia;o__Bacteroidales;f__Bacteroidaceae;g__Bacteroides;s__Bacteroides_plebeius	-0.0417648211321	-0.00397303396014	-0.0393727801678	0.0288085117166	-0.0123972851977	-0.0101714419297	0.0130718043647	-0.0165690498189	-0.0423410831916	-0.0604736377657	-0.00581196559406	-0.0442150528972	-0.0299342468667	-0.0232433588763	-0.0409289438054	1.0	-0.0561980195178	0.0393580215852	0.0068001576374	0.00475724308162	-0.0110136017255	-0.0484173231781	-0.030503748114	0.0120160413407	-0.0079233883114	0.0630631367157	-0.0405114956761	0.0428092965588	0.0272679404086	-0.0831638375453	0.0152732139728	0.0459336964122	-0.0355895980668	-0.0319452996341	-0.022840575115	-0.0375207854454	-0.00900258655228	-0.0285055027782	-0.003528195439	0.0124251184997	0.0352486653812	-0.0616460702664	-0.0159035415329	-0.00897660914956	0.00486652712845	0.00744272400644	0.0129764553358	-0.0127963855369	0.0633706591221	0.0644855436082	0.00930815105806	0.00410400716334	0.0247504435699	-0.00603467257336	-0.0392312844872	0.0571585224875	-0.0613320546576	-0.0717663358736	-0.0534912732037
k__Bacteria;p__Bacteroidetes;c__Bacteroidia;o__Bacteroidales;f__Bacteroidaceae;g__Bacteroides;s__Bacteroides_fragilis	0.0931359230493	-0.0281714344305	-0.0529596345853	0.0263648964048	-0.0711887609	-0.0294152193349	0.00167323190373	0.0322550392619	0.0192679494344	0.0307734166704	-0.0661275292642	0.0401312937817	0.0215004568642	0.0337994805451	0.042462140625	-0.0561980195178	1.0	-0.0202870853557	-0.0630955143283	-0.0413258117324	-0.0484042782358	-0.0217989789113	0.0733332047555	-0.0157127756745	0.0116509814871	-0.0185449084228	-0.0435728361269	0.0208281009316	-0.00623702395991	-0.0217397636196	0.0312833098507	-0.0444553732446	-0.0343273332415	-0.0241312069532	-0.0134385034083	-0.0173294911479	-0.0333654545393	-0.0630328577661	-0.0280857217222	-0.0151237357634	0.00291175056947	0.00443851208936	0.0237224197262	-0.0318611500671	-0.0523375574873	-0.0403889528034	-0.0146331277153	-0.0366940073566	-0.00316943501696	-0.0451631225192	-0.0852348615864	-0.026269205375	-0.00434983416395	-0.0161555846097	0.00378203114204	-0.031316145051	-0.0308984301788	0.00136445671963	0.0233728849626
k__Bacteria;p__Proteobacteria;c__Betaproteobacteria;o__Burkholderiales;f__Sutterellaceae;g__Sutterella;s__Sutterella_wadsworthensis	-0.0244835785527	-0.026949880003	0.0363871957006	-0.00815096490514	0.0774145138718	-0.00687471021938	-0.0540745305791	-0.0361725755328	0.021302369471	0.00464706781963	0.0234149626212	0.0227547628633	-0.0508913592317	0.0673662473762	0.0454734483524	0.0393580215852	-0.0202870853557	1.0	-0.0239256717978	-0.0776352075425	-0.00506845651578	0.0147440829384	0.0195778493179	0.029320695865	0.0365252611623	-0.0074917796177	-0.0386018572421	-0.0540484846842	-0.0215290470332	-0.0312169271418	-0.0338064698211	-0.0291551636957	-0.0293636576143	0.05739901704	0.00102574354004	-0.0572208949974	-0.0253112565128	-0.0139887543701	0.0248313102129	0.0459579913331	0.0175899657227	-0.0148563497008	-0.0142176203118	-0.0398119939915	-0.0230418444374	0.0939575662566	-0.102544741959	0.0078781467	-0.0771119477957	-0.0389791293219	0.000110921366948	-0.0174370602654	0.00612815124455	0.00477287442823	-0.0629585894513	0.0479572841398	-0.0283196632984	-0.00485714449718	0.0320090463947
k__Bacteria;p__Bacteroidetes;c__Bacteroidia;o__Bacteroidales;f__Porphyromonadaceae;g__Barnesiella;s__Barnesiella_intestinihominis	-0.0742418050516	-0.0148725225106	-0.0284268647151	0.0107010874337	-0.09564511397	0.0297426101227	-0.0698617946571	-0.0306818112359	0.0256935001763	-0.00606150182461	0.0450773887149	0.0115629000226	-0.0491913191967	-0.0270756217237	0.0200429432736	0.0068001576374	-0.0630955143283	-0.0239256717978	1.0	0.0147383411569	-0.0504608872145	-0.0359396322755	0.0694903722866	-0.023066331649	-0.0538171339377	-0.0421654784591	0.0070833665481	-0.0162594685987	-0.0618622429737	-0.0101327140123	-0.02268683028	0.00175119070062	0.0366314729454	-0.00389622002853	0.0277292687929	-0.000210289281242	-0.0289390562123	0.0130325531409	0.0466393182997	-0.0482025797034	0.0648182914498	0.0122061774565	0.00619387523815	-0.0175208113648	0.00522377263405	-0.0659536552703	0.000758854337499	0.0143583295858	-0.0564719433122	-0.112339282379	-0.04654093875	-0.0040832752387	0.0523996758185	0.0353957366243	-0.0160685669447	-0.0866307935176	0.0275484251701	0.053326974719	-0.00344510268687
k__Bacteria;p__Bacteroidetes;c__Bacteroidia;o__Bacteroidales;f__Odoribacteraceae;g__Odoribacter;s__Odoribacter_splanchnicus	0.0321981978258	0.0111230474228	0.124811389415	-0.0515066135695	-0.0191465725192	-0.0132149437854	0.0102256031798	0.0145350758009	-0.0381781182572	-0.0509747528378	-0.00930402213888	-5.59589429953e-05	-0.00210255305561	-0.0622058494165	0.00481050741132	0.00475724308162	-0.0413258117324	-0.0776352075425	0.0147383411569	1.0	-0.0757748990882	-0.0134065065095	-0.0150496091556	0.0178594232332	-0.0260414965859	0.0475726800717	-0.0109985036804	-0.00499456966725	-0.0157889089252	-0.00501622874985	-0.00896065581609	0.00578930562306	0.00668005423833	-0.0506143671965	0.0522190499566	0.00151604140709	-0.0121906851976	-0.0173653566344	-0.0340750610746	-0.0219037771114	-0.0170351468145	0.0266617272833	0.0978576897844	-0.0273162269012	-0.0213160405979	-0.071947375075	-0.00519283238784	-0.0144649276993	0.0150033834878	-0.00494083330343	0.0512649182995	-0.0121312324923	0.0163425308256	-0.0429986579185	-0.0362210851634	0.053640825718	-0.0506401071923	-0.00492533905734	0.0435415922737
k__Bacteria;p__Bacteroidetes;c__Bacteroidia;o__Bacteroidales;f__Bacteroidaceae;g__Bacteroides;s__Bacteroides_salyersiae	-0.0457054340553	0.00688834404153	0.00678222291271	0.00794473509391	0.00148174432698	-0.0492308437513	0.0114960888867	-0.0034072709096	0.0539975618802	-0.0330917094346	-0.0622503580624	-0.0599103201825	0.0368866889152	-0.0186954666631	-0.100520791182	-0.0110136017255	-0.0484042782358	-0.00506845651578	-0.0504608872145	-0.0757748990882	1.0	0.0609427743318	-0.0259426483645	0.000884573650551	0.0390841003608	0.0676065710939	0.0185293754826	0.00907796637501	-0.0214256420781	-0.0446464054639	-0.026571804065	0.019646863564	-0.0159202512175	-0.0459203487346	0.056693665544	-0.00719607830995	-0.0103705557997	0.0118842433758	-0.056635742723	-0.0054538780612	0.00560283900097	-0.00487215817941	-0.0655756737622	-0.0389815416351	0.0346390593768	-0.0223914918911	-0.0684236146088	-0.0702458920334	0.0196842019397	-0.0514417485101	-0.0146851518724	0.0212699281506	-0.0266067309858	-0.00756822959664	0.00887067692107	0.0734961226749	-0.0152890431038	-0.0451662786698	-0.0809895852629
k__Bacteria;p__Firmicutes;c__Clostridia;o__Clostridiales;f__Ruminococcaceae;g__Ruminiclostridium;s__[Eubacterium]_siraeum	0.0190499884596	-0.0531940991387	0.0133692152122	-0.0531471635218	-0.0945112067403	-0.0250385073288	-0.0130018300514	-0.00546506296705	0.0746322252833	0.089252873616	0.00333856579282	-0.0596831060727	-0.0149097932614	-0.0814511460357	-0.00242496719186	-0.0484173231781	-0.0217989789113	0.0147440829384	-0.0359396322755	-0.0134065065095	0.0609427743318	1.0	0.0304485412644	0.0824508261015	-0.0196995359571	-0.000473679770813	-0.00308252071175	-0.0251817581784	-0.0150751589483	0.0241320902675	-0.00491887084612	0.0501765297838	-0.0440074774113	0.0488587605433	-0.00136070250884	-0.0611180869882	0.0122310770788	-0.040961138286	-0.0972086909805	-0.00688626758581	-0.0292345345266	0.02912514573	-0.0491247851686	-0.00617956040701	0.0311284838642	-0.0208960589109	-0.0160864805802	0.000454963465872	0.013951915644	-0.0553419671875	0.0617485454998	-0.0150732428516	0.0253015584343	-0.0322579500706	-0.00385115918667	0.00388924310039	-0.00933243571944	-0.046847828219	-0.0075627926057
k__Bacteria;p__Proteobacteria;c__Betaproteobacteria;o__Burkholderiales;f__Sutterellaceae;g__Parasutterella;s__Parasutterella_excrementihominis	0.0022209359534	-0.0679660348335	-0.0313311141461	0.0063681337662	-0.0235642171945	-0.0328052148544	-0.0735246529929	-0.0764045007678	0.0120735373328	-0.0421016236346	0.0349953025986	0.0119987113955	-0.0104571141531	-0.00973553500231	0.0204044379061	-0.030503748114	0.0733332047555	0.0195778493179	0.0694903722866	-0.0150496091556	-0.0259426483645	0.0304485412644	1.0	-0.0210720269667	0.0227396646256	-0.00155989366678	-0.0237600875593	-0.0234794734203	-0.0227411385947	-0.0363010176536	-0.0365165788717	-0.0217192367084	-0.0377500258074	-0.0506946173851	-0.0224679148107	-0.0353864711059	-0.0135404953083	0.0389708145531	0.0416567203243	0.0161427013967	-0.0361215824121	0.0627703638649	-0.011246184773	-0.0248014568019	-0.0594963004102	-0.0297235325727	-0.072359899166	0.0156615841204	0.0286987355698	-0.060043027905	-0.0471265789296	-0.00389746254492	-0.0388440222573	-0.0331903267371	0.0291156188702	-0.00728236496466	0.00137756721582	-0.0396686251261	0.0421860158152
k__Bacteria;p__Actinobacteria;c__Actinobacteria;o__Bifidobacteriales;f__Bifidobacteriaceae;g__Bifidobacterium;s__Bifidobacterium_adolescentis	0.00957292719186	-0.00299533129292	-0.0429637009317	-0.00350033900172	-0.0568477706935	0.0465758720113	0.0487631424906	0.0779109554956	0.0543229601731	0.0208102191991	0.032163198851	-0.0700154040668	0.107263835775	0.00940021737525	0.0114547550337	0.0120160413407	-0.0157127756745	0.029320695865	-0.023066331649	0.0178594232332	0.000884573650551	0.0824508261015	-0.0210720269667	1.0	0.0907930953732	-0.0503790404596	-0.0812363031826	-0.0247865044235	0.0235445773531	-0.00815881516964	-0.0351854826378	-0.0467755860102	0.00231491115525	0.0165876464406	-0.0485257495096	-0.0703349129899	0.0844529335313	-0.0167282802671	0.0610211119875	-0.0425222238102	-0.0509475808643	-0.0684047478583	-0.0155797765237	-0.0617587797775	-0.0396916477201	-0.0404548694418	-0.0275322494199	0.0478449811898	1.97050584804e-05	0.0164367216004	0.0236333500988	-0.0334808863199	-0.0271379653461	0.0236408190301	-0.055233030888	-0.0593553793541	-0.00238581664234	-0.00619274440544	0.0280732035453
k__Bacteria;p__Firmicutes;c__Clostridia;o__Clostridiales;f__Oscillospiraceae;g__Oscillibacter;s__Oscillibacter_sp._KLE_1745	-0.0595543893341	-0.0947682592786	0.00152023301656	0.00580001126736	-0.0332497784115	-0.0513906096248	-0.023104964167	0.053206039515	-0.046563219003	-0.0266485875439	-0.022903491067	0.032079861931	-0.0693918812336	-0.0200143289822	0.0181599427219	-0.0079233883114	0.0116509814871	0.0365252611623	-0.0538171339377	-0.0260414965859	0.0390841003608	-0.0196995359571	0.0227396646256	0.0907930953732	1.0	-0.00545636520374	0.0497100082379	-0.0479586044769	-0.0497965171203	-0.0357717145563	-0.0395780378538	-0.0548460366473	0.0491420820425	0.0583679778724	-0.0562564709639	-0.0152290560589	0.00251476571442	-0.00174305094196	0.0217251846767	-0.0388732314973	-0.0186009345642	-0.0563075575145	0.00498575639694	-0.013623834961	0.0552582667311	-0.000332785801842	0.0126653854072	-0.101549602375	-0.00163019451422	-0.0160625881192	0.0747199373936	-0.0256325680532	-0.0231989614732	-0.0379958521985	-0.0208691823644	-0.0410202548862	0.00239099601731	-0.0639052607577	0.00109216093248
k__Bacteria;p__Bacteroidetes;c__Bacteroidia;o__Bacteroidales;f__Bacteroidaceae;g__Bacteroides;s__Bacteroides_coprophilus	-0.00365942738786	-0.0565293746773	0.0464791805245	-0.0437340164831	0.0164269632419	-0.052482158855	-0.00209490101345	-0.0217431094987	0.000970744113645	-0.0220892873108	0.0815907651364	-0.0468557566784	-0.0749839930211	-0.00121015499649	-0.0317998735573	0.0630631367157	-0.0185449084228	-0.0074917796177	-0.0421654784591	0.0475726800717	0.0676065710939	-0.000473679770813	-0.00155989366678	-0.0503790404596	-0.00545636520374	1.0	0.0233514877192	-0.0596407908612	-0.0123278377633	-0.00794667265388	-0.0228675040802	-0.0240269906774	-0.013936889643	-0.0301704565191	0.0420618013683	0.0311661642564	-0.015341912508	-0.0518142401642	-0.0144087678508	-0.0523098894978	0.0526856908703	0.00426822546918	0.00179898162641	-0.0393486090968	-0.0585027687039	-0.044846090899	0.0299685907678	0.0191624456486	-0.0706510288459	0.0103322428776	-0.0193512888872	0.00373142127733	-0.0302848382348	0.00425184184162	0.0135241756244	0.0569164354315	0.00210942026525	-0.0324204839503	-0.0253440091823
k__Bacteria;p__Firmicutes;c__Clostridia;o__Clostridiales;f__Lachnospiraceae;g__Roseburia;s__Roseburia_intestinalis	0.0227133585997	0.0279046273854	-0.0151773251502	0.0232964688446	0.0595706240789	-0.0404908103987	0.00732180035494	-0.0960546648257	0.00455657404719	-0.0384382201304	0.0473980277917	-0.0206252459946	-0.0257262343281	-0.0221926383777	0.0356180227325	-0.0405114956761	-0.0435728361269	-0.0386018572421	0.0070833665481	-0.0109985036804	0.0185293754826	-0.00308252071175	-0.0237600875593	-0.0812363031826	0.0497100082379	0.0233514877192	1.0	-0.0521876284008	-0.00361189558802	0.0507504854784	-0.0756328849392	0.0190942363776	0.0470599664854	0.0502718194245	-0.0496735285148	0.0222134270483	0.0191736540903	-0.00922094195861	-0.031962071925	-0.0137492043231	0.0215169852529	-0.00433976610768	0.00298618197727	0.0849228843043	0.0363107234261	-0.0397852281448	0.0193571120562	0.0388350795042	0.0141134447976	-0.075441184561	-0.0303688586458	0.0380247343797	0.00859272630838	0.0112459051498	-0.0686111040223	-0.0413148164964	-0.0212314467315	0.0126761161866	-0.0040870721445
k__Bacteria;p__Firmicutes;c__Clostridia;o__Clostridiales;f__Lachnospiraceae;g__Roseburia;s__Roseburia_hominis	0.0387764634824	-0.0117442962805	-0.0476878771441	0.000598423653285	-0.00158780035254	-0.100314019296	-0.0769164121839	0.0165414430306	-0.0327998233238	-0.0187973526316	-0.0538295942436	-0.00384125031721	-0.0356597994604	0.0671652645492	0.0687058310186	0.0428092965588	0.0208281009316	-0.0540484846842	-0.0162594685987	-0.00499456966725	0.00907796637501	-0.0251817581784	-0.0234794734203	-0.0247865044235	-0.0479586044769	-0.0596407908612	-0.0521876284008	1.0	-0.0435256033825	-0.00714910086682	-0.0104098303362	0.0045834362118	0.00604719737914	0.04024262403	-0.0174523225365	-0.0354977374128	-0.0177212884485	-0.00186037617006	-0.0104596474204	0.0128870156781	0.0105357432573	0.0190766950705	0.000804953588621	-0.028198526645	0.0680651090772	0.0116390658166	-0.00657767191123	-0.0350523813746	0.0227009178953	0.000223334167908	0.00500784604832	0.0219326504604	0.0135469014861	-0.0505571727191	0.00934408841707	0.0331148256759	-0.0417578438168	-0.0724641851927	-0.088768048417
k__Bacteria;p__Bacteroidetes;c__Bacteroidia;o__Bacteroidales;f__Porphyromonadaceae;g__Parabacteroides;s__Parabacteroides_johnsonii	-0.0625026902825	0.0304040394746	-0.072776873105	-0.0178941655676	-0.084450607046	-0.010501949616	0.0352887718413	0.0473296195219	-0.081192855922	0.0242924408565	0.0295723032795	-0.0365534438306	0.0807871033394	-0.0257939500332	-0.0235818500162	0.0272679404086	-0.00623702395991	-0.0215290470332	-0.0618622429737	-0.0157889089252	-0.0214256420781	-0.0150751589483	-0.0227411385947	0.0235445773531	-0.0497965171203	-0.0123278377633	-0.00361189558802	-0.0435256033825	1.0	-0.0562222970476	-0.027163154616	0.0614837766454	0.00805155334013	0.0560814619108	-0.0641239616176	-0.0888625361743	-0.0419907746357	0.00204378064019	0.0114315508277	0.0650033825672	-0.0606282754845	0.0275139109237	0.00775652410341	-0.0396504478849	-0.0194723059054	-0.0565501122441	0.0160044572106	0.0358461816863	0.0306729822603	0.0391153776461	0.0341687021071	-0.0153723988209	0.0342295896343	0.0605931208111	0.0289722155115	0.00937903047006	0.0358451743711	-0.0718711838932	-0.0939251889412
k__Bacteria;p__Actinobacteria;c__Actinobacteria;o__Bifidobacteriales;f__Bifidobacteriaceae;g__Bifidobacterium;s__Bifidobacterium_longum	0.0454278044214	0.0301534491734	-0.02904136624	-0.0086644710373	0.014889766003	0.0702594555449	-0.0215101299081	-0.0314827989682	0.0246932862661	-0.0132892226538	0.00392229482948	-0.035086471887	-0.0189973391641	0.0134094407057	-0.0208664020115	-0.0831638375453	-0.0217397636196	-0.0312169271418	-0.0101327140123	-0.00501622874985	-0.0446464054639	0.0241320902675	-0.0363010176536	-0.00815881516964	-0.0357717145563	-0.00794667265388	0.0507504854784	-0.00714910086682	-0.0562222970476	1.0	0.0319919833424	0.00219407702661	-0.0254165691761	-0.0263599527239	0.0418951821614	0.0129279381915	0.0238830976024	-0.00598301447025	0.0100786358383	-0.0491904613671	-0.0212635978994	0.00502896240936	-0.0268483822612	-0.036996501767	0.0312744751565	-0.0459019118364	-0.0189450446638	0.0497006086809	-0.0239038720395	0.0899634170893	0.0113142895986	0.0268039037862	-0.0528914039832	-0.0381402638099	0.0157403113872	-0.0789699973806	0.011708952021	-0.00825263067509	0.0191397795183
