#taxonomy	k__Bacteria;p__Bacteroidetes;c__Bacteroidia;o__Bacteroidales;f__Bacteroidaceae;g__Bacteroides;s__Bacteroides_vulgatus	k__Bacteria;p__Bacteroidetes;c__Bacteroidia;o__Bacteroidales;f__Bacteroidaceae;g__Bacteroides;s__Bacteroides_uniformis	k__Bacteria;p__Bacteroidetes;c__Bacteroidia;o__Bacteroidales;f__Rikenellaceae;g__Alistipes;s__Alistipes_putredinis	k__Bacteria;p__Bacteroidetes;c__Bacteroidia;o__Bacteroidales;f__Prevotellaceae;g__Prevotella;s__Prevotella_copri	k__Bacteria;p__Bacteroidetes;c__Bacteroidia;o__Bacteroidales;f__Bacteroidaceae;g__Bacteroides;s__Bacteroides_stercoris	k__Bacteria;p__Bacteroidetes;c__Bacteroidia;o__Bacteroidales;f__Bacteroidaceae;g__Bacteroides;s__Bacteroides_ovatus	k__Bacteria;p__Bacteroidetes;c__Bacteroidia;o__Bacteroidales;f__Rikenellaceae;g__Alistipes;s__Alistipes_shahii	k__Bacteria;p__Firmicutes;c__Clostridia;o__Clostridiales;f__Ruminococcaceae;g__Faecalibacterium;s__Faecalibacterium_prausnitzii	k__Bacteria;p__Bacteroidetes;c__Bacteroidia;o__Bacteroidales;f__Rikenellaceae;g__Alistipes;s__Alistipes_finegoldii	k__Bacteria;p__Bacteroidetes;c__Bacteroidia;o__Bacteroidales;f__Porphyromonadaceae;g__Parabacteroides;s__Parabacteroides_distasonis	k__Bacteria;p__Bacteroidetes;c__Bacteroidia;o__Bacteroidales;f__Bacteroidaceae;g__Bacteroides;s__Bacteroides_thetaiotaomicron	k__Bacteria;p__Bacteroidetes;c__Bacteroidia;o__Bacteroidales;f__Bacteroidaceae;g__Bacteroides;s__Bacteroides_coprocola	k__Bacteria;p__Bacteroidetes;c__Bacteroidia;o__Bacteroidales;f__Bacteroidaceae;g__Bacteroides;s__Bacteroides_cellulosilyticus	k__Bacteria;p__Bacteroidetes;c__Bacteroidia;o__Bacteroidales;f__Rikenellaceae;g__Alistipes;s__Alistipes_obesi	k__Bacteria;p__Firmicutes;c__Clostridia;o__Clostridiales;f__Lachnospiraceae;g__;s__[Eubacterium]_rectale	k__Bacteria;p__Bacteroidetes;c__Bacteroidia;o__Bacteroidales;f__Bacteroidaceae;g__Bacteroides;s__Bacteroides_plebeius	k__Bacteria;p__Bacteroidetes;c__Bacteroidia;o__Bacteroidales;f__Bacteroidaceae;g__Bacteroides;s__Bacteroides_fragilis	k__Bacteria;p__Proteobacteria;c__Betaproteobacteria;o__Burkholderiales;f__Sutterellaceae;g__Sutterella;s__Sutterella_wadsworthensis	k__Bacteria;p__Bacteroidetes;c__Bacteroidia;o__Bacteroidales;f__Porphyromonadaceae;g__Barnesiella;s__Barnesiella_intestinihominis	k__Bacteria;p__Bacteroidetes;c__Bacteroidia;o__Bacteroidales;f__Odoribacteraceae;g__Odoribacter;s__Odoribacter_splanchnicus	k__Bacteria;p__Bacteroidetes;c__Bacteroidia;o__Bacteroidales;f__Bacteroidaceae;g__Bacteroides;s__Bacteroides_salyersiae	k__Bacteria;p__Firmicutes;c__Clostridia;o__Clostridiales;f__Ruminococcaceae;g__Ruminiclostridium;s__[Eubacterium]_siraeum	k__Bacteria;p__Proteobacteria;c__Betaproteobacteria;o__Burkholderiales;f__Sutterellaceae;g__Parasutterella;s__Parasutterella_excrementihominis	k__Bacteria;p__Actinobacteria;c__Actinobacteria;o__Bifidobacteriales;f__Bifidobacteriaceae;g__Bifidobacterium;s__Bifidobacterium_adolescentis	k__Bacteria;p__Firmicutes;c__Clostridia;o__Clostridiales;f__Oscillospiraceae;g__Oscillibacter;s__Oscillibacter_sp._KLE_1745	k__Bacteria;p__Bacteroidetes;c__Bacteroidia;o__Bacteroidales;f__Bacteroidaceae;g__Bacteroides;s__Bacteroides_coprophilus	k__Bacteria;p__Firmicutes;c__Clostridia;o__Clostridiales;f__Lachnospiraceae;g__Roseburia;s__Roseburia_intestinalis	k__Bacteria;p__Firmicutes;c__Clostridia;o__Clostridiales;f__Lachnospiraceae;g__Roseburia;s__Roseburia_hominis	k__Bacteria;p__Bacteroidetes;c__Bacteroidia;o__Bacteroidales;f__Porphyromonadaceae;g__Parabacteroides;s__Parabacteroides_johnsonii	k__Bacteria;p__Actinobacteria;c__Actinobacteria;o__Bifidobacteriales;f__Bifidobacteriaceae;g__Bifidobacterium;s__Bifidobacterium_longum	k__Bacteria;p__Firmicutes;c__Clostridia;o__Clostridiales;f__;g__Flavonifractor;s__Flavonifractor_plautii	k__Bacteria;p__Firmicutes;c__Clostridia;o__Clostridiales;f__Clostridiaceae;g__Clostridium;s__Clostridium_phoceensis	k__Bacteria;p__Verrucomicrobia;c__Verrucomicrobiae;o__Verrucomicrobiales;f__Akkermansiaceae;g__Akkermansia;s__Akkermansia_muciniphila	k__Bacteria;p__Bacteroidetes;c__Bacteroidia;o__Bacteroidales;f__Prevotellaceae;g__Paraprevotella;s__Paraprevotella_xylaniphila	k__Bacteria;p__Firmicutes;c__Clostridia;o__Clostridiales;f__Ruminococcaceae;g__Ruminococcus;s__Ruminococcus_callidus	k__Bacteria;p__Bacteroidetes;c__Bacteroidia;o__Bacteroidales;f__Rikenellaceae;g__Alistipes;s__Alistipes_senegalensis	k__Bacteria;p__Firmicutes;c__Clostridia;o__Clostridiales;f__Lachnospiraceae;g__Blautia;s__Blautia_sp._KLE_1732	k__Bacteria;p__Bacteroidetes;c__Bacteroidia;o__Bacteroidales;f__Bacteroidaceae;g__Bacteroides;s__Bacteroides_oleiciplenus	k__Bacteria;p__Firmicutes;c__Clostridia;o__Clostridiales;f__Ruminococcaceae;g__Ruminococcus;s__Ruminococcus_bicirculans	k__Bacteria;p__Bacteroidetes;c__Bacteroidia;o__Bacteroidales;f__Bacteroidaceae;g__Bacteroides;s__Bacteroides_fluxus	k__Bacteria;p__Bacteroidetes;c__Bacteroidia;o__Bacteroidales;f__Prevotellaceae;g__Prevotella;s__Prevotella_stercorea	k__Bacteria;p__Firmicutes;c__Clostridia;o__Clostridiales;f__Lachnospiraceae;g__Dorea;s__Dorea_longicatena	k__Bacteria;p__Firmicutes;c__Clostridia;o__Clostridiales;f__Eubacteriaceae;g__Eubacterium;s__[Eubacterium]_eligens	k__Bacteria;p__Firmicutes;c__Clostridia;o__Clostridiales;f__Ruminococcaceae;g__;s__Ruminococcaceae_bacterium_D16	k__Bacteria;p__Firmicutes;c__Clostridia;o__Clostridiales;f__Lachnospiraceae;g__Coprococcus;s__Coprococcus_comes	k__Bacteria;p__Proteobacteria;c__Gammaproteobacteria;o__Enterobacterales;f__Enterobacteriaceae;g__Escherichia;s__Escherichia_coli	k__Bacteria;p__Firmicutes;c__Clostridia;o__Clostridiales;f__Ruminococcaceae;g__Anaerotruncus;s__Anaerotruncus_colihominis	k__Bacteria;p__Firmicutes;c__Clostridia;o__Clostridiales;f__Lachnospiraceae;g__Blautia;s__Blautia_obeum	k__Bacteria;p__Bacteroidetes;c__Bacteroidia;o__Bacteroidales;f__Odoribacteraceae;g__Odoribacter;s__Odoribacter_laneus	k__Bacteria;p__Firmicutes;c__Clostridia;o__Clostridiales;f__Ruminococcaceae;g__Ruminiclostridium;s__[Clostridium]_leptum	k__Bacteria;p__Bacteroidetes;c__Bacteroidia;o__Bacteroidales;f__Porphyromonadaceae;g__Parabacteroides;s__Parabacteroides_goldsteinii	k__Bacteria;p__Firmicutes;c__Clostridia;o__Clostridiales;f__Lachnospiraceae;g__Anaerostipes;s__Anaerostipes_hadrus	k__Bacteria;p__Firmicutes;c__Clostridia;o__Clostridiales;f__Ruminococcaceae;g__Ruminococcus;s__Ruminococcus_lactaris	k__Bacteria;p__Firmicutes;c__Clostridia;o__Clostridiales;f__Clostridiaceae;g__Clostridium;s__Clostridium_sp._L2-50	k__Bacteria;p__Firmicutes;c__Clostridia;o__Clostridiales;f__Clostridiaceae;g__Clostridium;s__Clostridium_sp._M62/1	k__Bacteria;p__Firmicutes;c__Clostridia;o__Clostridiales;f__;g__Intestinimonas;s__Intestinimonas_butyriciproducens	k__Bacteria;p__Actinobacteria;c__Actinobacteria;o__Bifidobacteriales;f__Bifidobacteriaceae;g__Bifidobacterium;s__Bifidobacterium_bifidum	k__Bacteria;p__Firmicutes;c__Negativicutes;o__Veillonellales;f__Veillonellaceae;g__Dialister;s__Dialister_invisus	k__Bacteria;p__Bacteroidetes;c__Bacteroidia;o__Bacteroidales;f__Bacteroidaceae;g__Bacteroides;s__Bacteroides_salanitronis
k__Bacteria;p__Bacteroidetes;c__Bacteroidia;o__Bacteroidales;f__Bacteroidaceae;g__Bacteroides;s__Bacteroides_vulgatus	1.0	-0.0259013884308	-0.017328398591	-0.115058543393	-0.0450082087277	-0.00618608293775	0.0224805918107	-0.0154702665446	0.00703783133851	0.00947417769463	0.0291115422923	-0.0522237593163	-0.0138356573995	-0.00295008372506	-0.0295351399286	-0.010294503771	-0.0279277477266	0.0297670350887	0.0453182481125	-0.0559744562248	-0.00298746182708	-0.0404076467879	-0.053790598636	0.0304378916418	-0.0597895931949	0.0127139708355	-0.0445277425729	-0.0197126417996	0.00857860453382	0.0222509498297	-0.0205122762812	0.062960984459	0.00319493940166	-0.0629095332176	0.00564608111522	0.0196960065708	0.0399233898917	-0.0165043985587	0.0598778639831	-0.000361860490438	0.0122906980296	-0.02592834923	0.0250930007726	-0.0647095967272	-0.0335852109601	-0.0406755823309	-0.0540110896044	-0.00966450287039	0.0348778020608	-0.0134236905223	0.012113304554	0.0549551325367	-0.052072911717	0.0395133981356	-0.0272304539229	0.0524109885218	-0.0173698568258	0.0187031137421	0.0253869295076
k__Bacteria;p__Bacteroidetes;c__Bacteroidia;o__Bacteroidales;f__Bacteroidaceae;g__Bacteroides;s__Bacteroides_uniformis	-0.0259013884308	1.0	0.0322973388563	0.00555488859244	0.00097516744086	-0.0406943789292	-0.00583166992165	0.00125704942634	-0.0418373392779	0.00339128486852	-0.00149245778059	0.00548413265918	0.0349294648309	-0.04860883837	-0.000635530807602	-0.063880765017	-0.0281982312667	-0.031500406765	-0.0343404014904	0.0190279421974	-0.00837359330745	-0.00546616031258	-0.0841487043326	0.00337739268214	-0.0212572145301	-0.0204882483386	0.00363162685823	-0.000703063552344	0.0903232398015	-0.0285448321055	-0.0195476303963	-0.0123630456179	0.0201256636638	0.0550681927712	-0.0416871132785	0.0204058430692	0.00408719017902	0.0176752589009	-0.0153512543735	-0.0292593485401	-0.0282246219256	-0.0218044285334	-0.0182273668351	0.0360875477883	0.0145809335476	0.0138003265652	0.00922463695716	-0.0777670610471	0.0533726666357	-0.0272657327146	0.0610813934984	-0.0125580059406	0.0465515582523	0.016681002512	0.0166516165152	-0.0262692142789	-0.0331911482729	-0.0682462620961	0.0438942869036
k__Bacteria;p__Bacteroidetes;c__Bacteroidia;o__Bacteroidales;f__Rikenellaceae;g__Alistipes;s__Alistipes_putredinis	-0.017328398591	0.0322973388563	1.0	-0.0151439621805	-0.00159780726752	-0.0311135457377	0.000118676368882	0.12485877504	-0.0291720380228	0.0263959695593	-0.0186468427725	0.0123055470208	-0.146275270685	0.00663035138712	0.00214635643462	0.0559920718704	-0.0383703754002	-0.0159606484308	-0.0740447090858	0.00232786252543	0.0193397313789	0.0369323296266	-0.00241847374351	-0.0739509977309	0.0284010599399	-0.00392071667084	0.0203526030184	-0.0154229327731	-0.0225772916299	0.0679433790037	0.0526910694724	0.00203283127262	-0.115999902814	-0.0497617162228	-0.0934105626611	0.0393934045954	0.0349646086085	-0.0313222345348	-0.0559851610427	-0.0392019651144	-0.0366736342786	-0.0141016470515	0.0936800293271	-0.0623889661333	-0.00949764210894	-0.0167134861462	0.0147141947849	-0.0651474951659	0.0222433676048	-0.0116426252936	0.00574135264842	0.00878567472791	-0.0130830534326	0.0534634754525	0.0118048872337	0.0257379053784	-0.0695642508431	-0.00789453739208	-0.0233479949307
k__Bacteria;p__Bacteroidetes;c__Bacteroidia;o__Bacteroidales;f__Prevotellaceae;g__Prevotella;s__Prevotella_copri	-0.115058543393	0.00555488859244	-0.0151439621805	1.0	0.000244557876358	-0.0404368950649	-0.0327031970139	-0.0109872815111	-0.0106020765896	-0.00920045025023	-0.0430288119524	-0.0319709928506	0.0659435406128	0.0357923834915	0.0484221758711	0.0142336322103	-0.0244523040726	0.0450793387932	0.0500594221849	0.0326692512354	-0.0148146328571	-0.0518099640332	-0.00182474826272	-0.0634712647995	-0.0105503738681	0.0117686305493	0.0118915841234	-0.0345712889627	-0.0280292546537	0.0384216725454	-0.00130008416409	-0.00162543807025	-0.0216815973734	-0.0475757352692	0.0297450778301	0.0592059022732	-0.0131215622942	-0.0240484446559	-0.0314875105402	-0.0643386025831	-0.069710604231	-0.0254448503936	-0.0470600202232	-0.040477948789	-0.00573394280078	0.121974424242	-0.00974930490433	-0.0151168786641	-0.0829238702265	-0.0531194662806	-0.0206515488831	-0.00857124004389	0.00191952726354	-0.0480701269431	0.026682623448	0.00345748770549	0.0264599355733	-0.036808192036	0.0415378261945
k__Bacteria;p__Bacteroidetes;c__Bacteroidia;o__Bacteroidales;f__Bacteroidaceae;g__Bacteroides;s__Bacteroides_stercoris	-0.0450082087277	0.00097516744086	-0.00159780726752	0.000244557876358	1.0	-0.04766998588	-0.019335068184	0.0688632057235	0.0111163585125	0.0628507950695	-0.113051685434	-0.0501403577655	-0.00698117412715	-0.0304055201676	0.0842681923328	-0.0410309363589	0.0115773353339	-0.0312203858261	0.0387387751576	0.0577798582341	0.0299935267449	-0.011026895364	-0.0610538131481	-0.0253727475089	0.0104775131524	0.0594296223786	0.0168601367555	-0.0418113284795	-0.0635766801164	-0.0573186940971	-0.0571278400744	0.042699275225	-0.0332405103661	-0.100032035934	0.0183034269815	-0.0998393379828	-0.0143844470361	-0.0441237048301	-0.0404919514432	0.0401099863031	0.0137887570254	-0.0375533195083	-0.00674908786826	-0.0181643226628	0.0487120779586	-0.0161453197152	-0.0306387208316	-0.0924789253028	0.0455754514999	-0.0653783089152	0.0569101643995	-0.0199790288895	-0.0167798655957	0.0305379120771	-0.0538618659542	0.079564063884	0.0367709559514	0.0135119130354	-0.0374902878699
k__Bacteria;p__Bacteroidetes;c__Bacteroidia;o__Bacteroidales;f__Bacteroidaceae;g__Bacteroides;s__Bacteroides_ovatus	-0.00618608293775	-0.0406943789292	-0.0311135457377	-0.0404368950649	-0.04766998588	1.0	0.00832429321747	-0.00700293039829	0.000160450996715	-0.0442847569523	-0.0236709018021	-0.00729751124291	-0.0105135030607	-0.0266855763613	0.0244723930906	0.0332071387122	-0.0278816135221	0.0114639569654	0.0464630266093	-0.0350366501719	-0.0547213760053	0.0273516021001	-0.0442031847135	0.0283997360554	0.0168227437968	-0.0843656729748	-0.0288661989334	0.030988021715	-0.00337604144183	0.0114447729043	-0.0192033556149	-0.0434899128579	-0.0214426808909	0.037859513294	-0.0595123060769	-0.0160852338007	0.0282808377828	-0.0869076717855	0.0477967745992	-0.0406642948237	-0.0149150416824	-0.0160917299152	-0.0332642085587	0.0383671035953	-0.0103218665314	0.0225321340649	-0.0646534501618	-0.0634693086364	0.0253516780027	-0.0447534388735	-0.0468882824559	-0.0330309073034	0.0358671770651	0.031101387229	-0.0138881605113	-0.1110810878	-0.0322755741118	-0.0135495809246	0.0355165026133
k__Bacteria;p__Bacteroidetes;c__Bacteroidia;o__Bacteroidales;f__Rikenellaceae;g__Alistipes;s__Alistipes_shahii	0.0224805918107	-0.00583166992165	0.000118676368882	-0.0327031970139	-0.019335068184	0.00832429321747	1.0	-0.0401349466213	0.0426617242908	-0.0314832887718	0.0556436361451	-0.0188255621777	-0.0771159373454	-0.0002450325252	-0.0337905045053	-0.0342001352059	0.00243820902894	0.0132462350489	-0.0152066321884	-0.00598034659814	-0.0199263343657	0.04038496031	-0.00721141170696	0.00460190946955	0.00177270223925	0.132575660904	0.069751845713	0.121669771614	-0.0301023549616	-0.0414885857855	-0.0445698362003	0.00533391540004	-0.0489904151296	0.00823003106251	-0.0242746802386	-0.0107858054337	0.0038732522792	-0.0510108876924	0.0566530001579	0.0485060652103	-0.078559262189	0.0498631403621	-0.0514811473199	-0.0140425835063	-0.0467854422364	0.00658171065762	-0.0269521855574	0.0098080890678	0.0366784110211	0.0433840179361	-0.0641266898671	0.00482761550597	-0.0625075057096	-0.0643900521254	0.0101940118083	-0.0276630397411	-0.00180842838392	-0.0058897921139	-0.000109050795881
k__Bacteria;p__Firmicutes;c__Clostridia;o__Clostridiales;f__Ruminococcaceae;g__Faecalibacterium;s__Faecalibacterium_prausnitzii	-0.0154702665446	0.00125704942634	0.12485877504	-0.0109872815111	0.0688632057235	-0.00700293039829	-0.0401349466213	1.0	-0.0219530836015	-0.0141113316289	0.0283300442244	-0.00558689055489	0.0267774037339	-0.0582441062714	0.0307248746332	-0.0296920703848	0.0127236174109	0.0437407724526	-0.133966211547	0.0427494182501	0.0766748285914	-0.00473983249193	0.0294330437499	-0.0450187304361	-0.0355939838669	-0.0150105306301	-0.0797453625333	-0.0644664622461	-0.0405005791095	-0.0309327841087	0.0722621412597	-0.0168602405519	0.01306797606	-0.0545791653391	-0.0418703479411	-0.0432456066552	0.0259386898189	0.0469372340459	-0.0372175856964	-0.0112497630753	0.00502197681071	0.00534083147725	-0.00920552584169	-0.0364629938839	-0.0555901291499	-0.0612831480376	-0.0841460014879	-0.0082035701473	-0.0551696691508	-0.0198252585392	0.0232582984299	-0.011414937047	0.00640724114756	0.0121026568128	-0.00266581300071	0.0731722539218	-0.0171606239567	-0.0128358359535	-0.0303042293356
k__Bacteria;p__Bacteroidetes;c__Bacteroidia;o__Bacteroidales;f__Rikenellaceae;g__Alistipes;s__Alistipes_finegoldii	0.00703783133851	-0.0418373392779	-0.0291720380228	-0.0106020765896	0.0111163585125	0.000160450996715	0.0426617242908	-0.0219530836015	1.0	-0.0473348130714	0.00476902672026	-0.0317129901676	-0.00546590001532	-0.0101362314697	-0.0235176601071	-0.0746663053128	-0.0285238717474	-0.0410682522916	-0.00840946324702	-0.0117987216262	-0.0341810634338	-0.0613335337226	-0.00737909072528	0.0166753287984	-0.0533689785901	-0.00289941040616	-0.00625314430657	-0.0726414025845	-0.0512115994755	0.0238629796305	-0.0587148354547	-0.0595315066467	0.047557781171	-0.0164431455333	0.00896398289492	-0.0660283862082	0.0106380930834	-0.0190581870119	0.0411696644798	0.00188365719235	0.00251910029536	-0.0317784481583	0.00830645492657	0.0747805501286	0.122037701471	-0.0362124437353	0.0364794387487	-0.116591810118	-0.0213560672364	-0.0627568911412	0.0186622001695	0.0591969896457	-0.0774041198292	-0.0165445957586	-0.00336781489787	-0.0972250489062	-0.0119176330168	-0.0109110220864	-0.0384395996581
k__Bacteria;p__Bacteroidetes;c__Bacteroidia;o__Bacteroidales;f__Porphyromonadaceae;g__Parabacteroides;s__Parabacteroides_distasonis	0.00947417769463	0.00339128486852	0.0263959695593	-0.00920045025023	0.0628507950695	-0.0442847569523	-0.0314832887718	-0.0141113316289	-0.0473348130714	1.0	-0.0459698455313	0.0409154021879	-0.0254732964807	-0.0767251991183	0.0676259264988	0.057132696599	-0.0152000458066	-0.101814217276	-0.0219450977776	-0.0199273103681	0.061360252918	-0.00458090916387	-0.0812950768808	0.0289726762527	0.0366553244199	0.0662881969587	0.0363003863893	0.0241006680681	0.00379457354015	0.000494572753009	-0.0652042277997	-0.0819096257626	0.102802757555	-0.0225770209769	0.047819133947	-0.0200209577004	0.0142956409706	-0.041263264855	-0.0206216571985	-0.00393733311617	-0.0488258436965	-0.0148724180587	0.0226070441292	-0.0123490205873	-0.016705074922	-0.00741449492656	0.00431083245019	0.000522095818864	-0.0512537954127	-0.0409983138303	0.0114860534357	0.0579831120033	-0.045590007128	-0.0452313981939	0.0062059785614	0.0437676691857	-0.0476379514626	0.0675485614178	0.0771990384204
k__Bacteria;p__Bacteroidetes;c__Bacteroidia;o__Bacteroidales;f__Bacteroidaceae;g__Bacteroides;s__Bacteroides_thetaiotaomicron	0.0291115422923	-0.00149245778059	-0.0186468427725	-0.0430288119524	-0.113051685434	-0.0236709018021	0.0556436361451	0.0283300442244	0.00476902672026	-0.0459698455313	1.0	-0.0018830018602	-0.0105408113265	-0.0081822612886	-0.00456556117892	0.0191853280046	0.104321442307	-0.0105530014872	-0.0741744251308	0.0271534811222	0.0233102933156	-0.012261277777	-0.0477552531631	0.0141463502571	-0.0365290169402	-0.0166038491331	-0.0405326730153	-0.0525775703697	-0.0177072373588	0.0212242018943	0.0248145133517	0.0055719436365	-0.0491591962567	0.0568926436197	-0.0359252340281	0.0340407429344	-0.0689956328595	-0.021538095615	-0.0242836496288	-0.0148365746945	0.0246950202588	0.0547821300532	0.0703708802989	-0.0116517394011	0.0378320057843	-0.038138975619	-0.0191636125985	-0.0160368865527	-0.077770321594	-0.0250124182882	-0.0220852677212	0.000770281889251	0.0069747243382	0.0221920205185	-0.0179797830924	0.00710100714454	0.0631738755606	-0.00361403330885	-0.035485672127
k__Bacteria;p__Bacteroidetes;c__Bacteroidia;o__Bacteroidales;f__Bacteroidaceae;g__Bacteroides;s__Bacteroides_coprocola	-0.0522237593163	0.00548413265918	0.0123055470208	-0.0319709928506	-0.0501403577655	-0.00729751124291	-0.0188255621777	-0.00558689055489	-0.0317129901676	0.0409154021879	-0.0018830018602	1.0	0.026702557921	0.0288185000846	-0.0338734543619	-0.0190061608086	0.0195439776282	-0.0801124073622	0.0150546932085	0.0329270643365	0.0365175117675	-0.0316972767916	-0.0267607209976	0.00751381393639	0.0148803306518	0.0336099840953	-0.0673244058786	-0.0413548544233	-0.0144092836328	-0.0368220486565	-0.021703116331	-0.00484366867923	-0.0107836464631	0.0376657301144	0.0089988889836	-0.00760684211878	-0.00582430654142	-0.0474636854178	-0.0202311461203	-0.0470954118906	0.0195092430021	-0.024084434719	-0.00875407008217	-0.0436669115142	-0.0239292703258	0.0203502271039	-0.101899823437	0.0154521545816	-0.00110502903818	-0.0652304595716	-0.0217269084169	0.0338236430639	0.0415706442654	-0.0175676433389	-0.0156230001261	-0.0412227910775	0.0461502807699	-0.0205837429138	-0.0224457822543
k__Bacteria;p__Bacteroidetes;c__Bacteroidia;o__Bacteroidales;f__Bacteroidaceae;g__Bacteroides;s__Bacteroides_cellulosilyticus	-0.0138356573995	0.0349294648309	-0.146275270685	0.0659435406128	-0.00698117412715	-0.0105135030607	-0.0771159373454	0.0267774037339	-0.00546590001532	-0.0254732964807	-0.0105408113265	0.026702557921	1.0	0.0903114263245	-0.0182766867216	-0.0318806060647	0.0604595000231	0.0328905322966	-0.086056693118	0.00138104620605	-0.0120586644804	-0.0463455493734	-0.0514098895142	0.00712820752484	0.0173745078748	-0.0610281100105	-0.0754971958511	0.000704311351083	0.025138343458	0.00733189377801	-0.0306912391046	0.0361915049101	0.060157400027	-0.0753598991828	0.0543898874386	-0.030766769909	-0.0305569435807	-0.00637612939189	-0.00500185921035	-0.0245291497776	-0.0436304065791	0.000695022469655	-0.0625415965483	0.00647462483054	-0.0187289878426	-0.0242800678551	-0.0393347902644	0.00905044298436	-0.029367960614	-0.0736106889972	-0.021833085467	-0.00581056051207	0.011613111095	0.0349342686771	-0.00764012484988	-0.0399921087575	0.0748367996831	-0.0564437435841	-0.00378904627746
k__Bacteria;p__Bacteroidetes;c__Bacteroidia;o__Bacteroidales;f__Rikenellaceae;g__Alistipes;s__Alistipes_obesi	-0.00295008372506	-0.04860883837	0.00663035138712	0.0357923834915	-0.0304055201676	-0.0266855763613	-0.0002450325252	-0.0582441062714	-0.0101362314697	-0.0767251991183	-0.0081822612886	0.0288185000846	0.0903114263245	1.0	0.0159493552083	0.068160800549	-0.0151033925483	0.0406481204933	0.00401387115482	-0.0178505428077	-0.0432244706307	-0.00927923674023	0.0417211425784	-0.0250530741001	-0.00772035108919	-0.0308179826552	0.0107261772077	-0.0316081787353	0.0634861318112	0.0335206235078	-0.0311309381373	-0.00352307863322	0.0278893732248	0.00470650067807	0.0546557430495	0.0371177918074	-0.0130681677203	-0.0214274055335	-0.096420538767	-0.0065059697815	0.0419630140102	0.00761552452141	0.0261810853587	-0.0554578603009	0.0259733092027	-0.00292663124532	-0.00709751518944	0.0256429850888	0.0089263227855	-0.0718716339417	0.0792057118424	0.0132395256595	-0.0203388361082	-0.0182776752006	-0.0179992140045	0.0292223341224	-0.0549666897829	0.0375960118582	0.000665472112443
k__Bacteria;p__Firmicutes;c__Clostridia;o__Clostridiales;f__Lachnospiraceae;g__;s__[Eubacterium]_rectale	-0.0295351399286	-0.000635530807602	0.00214635643462	0.0484221758711	0.0842681923328	0.0244723930906	-0.0337905045053	0.0307248746332	-0.0235176601071	0.0676259264988	-0.00456556117892	-0.0338734543619	-0.0182766867216	0.0159493552083	1.0	0.040038535562	-0.00867570356727	-0.0285439000535	-0.0395170118013	0.00083758454828	-0.0604274101075	-0.0481266634471	-0.054618477039	0.0303122692063	0.0190266702195	0.0135009517056	0.00948315637591	-0.0495507243288	-0.0156761902702	0.0354491243451	-0.0417770171344	-0.0343352598909	0.0138620810842	0.0467693282078	-0.0123429370497	-0.00672236703122	0.0367151388639	-0.020213830247	-0.0146887928759	0.0075109978819	-0.0570806717529	-0.00574576883033	-0.0431505790258	0.0046218994501	-0.0744320099769	-0.00279601384143	-0.0448063724108	0.0308572188882	-0.00222464157843	-0.0724307255891	-0.0229002659988	-0.01074454664	0.0323586734483	0.0038949818732	-0.0220989616675	-0.0103508602024	-0.0378132681845	-0.00884698765973	0.0489141420725
k__Bacteria;p__Bacteroidetes;c__Bacteroidia;o__Bacteroidales;f__Bacteroidaceae;g__Bacteroides;s__Bacteroides_plebeius	-0.010294503771	-0.063880765017	0.0559920718704	0.0142336322103	-0.0410309363589	0.0332071387122	-0.0342001352059	-0.0296920703848	-0.0746663053128	0.057132696599	0.0191853280046	-0.0190061608086	-0.0318806060647	0.068160800549	0.040038535562	1.0	-0.0617868656519	0.0400152765738	-0.0511165498989	-0.0271561486575	0.0548340223175	-0.0183243037804	-0.000861057329593	0.000313119054993	0.0386452938917	-0.00251415443169	-0.0349855183934	-0.0442594632719	-0.0473148533129	0.030470661724	-0.0152914519253	0.0275405129331	-0.00531601965525	-0.0646075885308	-0.0152084301862	0.0030231276019	-0.027210436701	-0.00767060823492	-0.0192023499481	-0.0653492577872	-0.0356637168166	0.0209251708013	-0.0211848155175	-0.0219515925543	0.0307660965873	0.0537299443686	-0.00508115695244	-0.00121908858398	-0.0742542837441	0.0197150395272	0.0710733992977	0.0392194346601	-0.0604813977044	-0.0647048288421	0.0435365116323	-0.0111245614622	0.0388347925506	-0.0181474255237	-0.0204077368455
k__Bacteria;p__Bacteroidetes;c__Bacteroidia;o__Bacteroidales;f__Bacteroidaceae;g__Bacteroides;s__Bacteroides_fragilis	-0.0279277477266	-0.0281982312667	-0.0383703754002	-0.0244523040726	0.0115773353339	-0.0278816135221	0.00243820902894	0.0127236174109	-0.0285238717474	-0.0152000458066	0.104321442307	0.0195439776282	0.0604595000231	-0.0151033925483	-0.00867570356727	-0.0617868656519	1.0	-0.0528425705348	0.0310235400129	0.00540226367047	0.032054214282	0.00861244068326	-0.059752227036	0.09313538728	-0.0123689188084	0.0324944238902	-0.0383033187777	0.0158189309853	-0.0304740243477	-0.0248330574262	-0.0601950812389	-0.0156210194955	-0.0667628734938	0.0016403050441	0.00804802972151	0.00308305684725	0.0153727376868	-0.00293360606829	-0.00849051093741	-0.00375950880337	-0.0421091335202	-0.0300342526652	-0.0377075763388	0.009387722436	-0.0305503434676	-0.00757298378973	-0.00891583478574	-0.104061346967	-0.0173790376564	-0.0270642739854	-0.0766637758702	0.0357024923441	-0.0273946708376	0.0181518592856	-0.035481109812	0.0273159823803	-0.0329083238804	-0.0344053430283	-0.042126060904
k__Bacteria;p__Proteobacteria;c__Betaproteobacteria;o__Burkholderiales;f__Sutterellaceae;g__Sutterella;s__Sutterella_wadsworthensis	0.0297670350887	-0.031500406765	-0.0159606484308	0.0450793387932	-0.0312203858261	0.0114639569654	0.0132462350489	0.0437407724526	-0.0410682522916	-0.101814217276	-0.0105530014872	-0.0801124073622	0.0328905322966	0.0406481204933	-0.0285439000535	0.0400152765738	-0.0528425705348	1.0	-0.0360706309743	-0.04591009211	-0.0151220868234	0.0019658927231	0.0350115307123	-0.0233844119685	-0.0215974705881	-0.0934666947752	-0.0778954105933	-0.00781948487996	-0.00380731824993	-0.0271830926865	-0.000898554662808	0.033660263509	-0.0534470604631	0.017197767034	-0.0457918921913	-0.00195992183106	-0.0555547529499	0.0329194960315	-0.0793675651458	-0.0117893397952	0.09350416465	-0.0248615732971	0.0529482508106	-0.0286953056302	0.0124359053326	-0.000382361237194	-0.0211430701676	0.00237790840003	-0.0422304927196	-0.00859470252128	-0.0390702961437	-0.00806039373617	0.0428719496199	-0.00674841642616	0.0860175503208	0.0397314730232	0.0356142820944	0.0174133801766	-0.045431765477
k__Bacteria;p__Bacteroidetes;c__Bacteroidia;o__Bacteroidales;f__Porphyromonadaceae;g__Barnesiella;s__Barnesiella_intestinihominis	0.0453182481125	-0.0343404014904	-0.0740447090858	0.0500594221849	0.0387387751576	0.0464630266093	-0.0152066321884	-0.133966211547	-0.00840946324702	-0.0219450977776	-0.0741744251308	0.0150546932085	-0.086056693118	0.00401387115482	-0.0395170118013	-0.0511165498989	0.0310235400129	-0.0360706309743	1.0	-0.0905439429524	-0.00897452220368	0.0238266214926	-0.00372459669007	0.00878414741263	-0.0340897633447	-0.0221716123175	-0.03504142535	-0.00249095581975	-0.0123542931325	-0.0439389589838	-0.0456676784554	0.00848109447632	-0.0320063557035	0.0584664765285	0.0110028417446	0.032218953182	-0.0462420369442	-0.0597208693044	-0.0533271489868	-0.0409952956098	-0.0533799113977	-0.0427421312177	-0.0569533004976	0.0278680390109	0.0475433913529	0.0221710048964	0.0413919207868	-0.0712603539745	-0.0557274381308	0.0412877111018	0.0276151562511	-0.070321536072	0.0457314116996	-0.0521222255935	-0.0271943202463	-0.0168427349437	-0.0136457412244	-0.021369382905	-0.0227470409373
k__Bacteria;p__Bacteroidetes;c__Bacteroidia;o__Bacteroidales;f__Odoribacteraceae;g__Odoribacter;s__Odoribacter_splanchnicus	-0.0559744562248	0.0190279421974	0.00232786252543	0.0326692512354	0.0577798582341	-0.0350366501719	-0.00598034659814	0.0427494182501	-0.0117987216262	-0.0199273103681	0.0271534811222	0.0329270643365	0.00138104620605	-0.0178505428077	0.00083758454828	-0.0271561486575	0.00540226367047	-0.04591009211	-0.0905439429524	1.0	-0.0408605445181	0.0329056096906	0.0161804783049	-0.0190996103772	-0.0600551595846	-0.0194877751571	-0.0204098882508	-0.01583287602	-0.0877806107905	0.0500418247329	-0.0263152264395	0.00507684162625	0.0311294719836	0.0190111958241	-0.0455732449577	-0.0662809465274	-0.0151598964864	-0.058581993759	0.0445222739577	-0.0331562421291	-0.0197843435679	0.0339697251347	-0.0415743405891	-0.0294816359438	-0.0281257879675	0.0494570814784	0.00140054989517	0.0554179300074	-0.0108286488704	-0.050792390878	0.0382355177771	-0.00149818567346	-0.0299221927808	0.0162353765362	-0.0392011680161	0.0799776090503	0.0104436462178	-0.0622056048892	-0.0165066752727
k__Bacteria;p__Bacteroidetes;c__Bacteroidia;o__Bacteroidales;f__Bacteroidaceae;g__Bacteroides;s__Bacteroides_salyersiae	-0.00298746182708	-0.00837359330745	0.0193397313789	-0.0148146328571	0.0299935267449	-0.0547213760053	-0.0199263343657	0.0766748285914	-0.0341810634338	0.061360252918	0.0233102933156	0.0365175117675	-0.0120586644804	-0.0432244706307	-0.0604274101075	0.0548340223175	0.032054214282	-0.0151220868234	-0.00897452220368	-0.0408605445181	1.0	-0.012105902989	-0.0995686658782	0.0227620640747	-0.0658296531561	0.00547572883283	-0.0528724995969	-0.030320778029	0.0394856580167	-0.0296228440375	-0.115726919299	-0.109825582661	0.028040842131	0.0400031639381	-0.0477635239692	-0.0228134870709	0.042390165855	-0.0516837731044	-0.0498985543544	-0.0233582687685	-0.0741297211955	0.0105685708019	-0.0178032687134	-0.0263228726137	-0.033577157067	0.0419737578262	-0.0187619737444	0.000121109847962	0.00673000167777	0.00133830419754	-0.082333815021	-0.0218043316615	-0.00771237883593	-0.0444654862678	-0.0484682575896	0.116731979473	0.0426638076041	-0.0968746181124	0.0515400420513
k__Bacteria;p__Firmicutes;c__Clostridia;o__Clostridiales;f__Ruminococcaceae;g__Ruminiclostridium;s__[Eubacterium]_siraeum	-0.0404076467879	-0.00546616031258	0.0369323296266	-0.0518099640332	-0.011026895364	0.0273516021001	0.04038496031	-0.00473983249193	-0.0613335337226	-0.00458090916387	-0.012261277777	-0.0316972767916	-0.0463455493734	-0.00927923674023	-0.0481266634471	-0.0183243037804	0.00861244068326	0.0019658927231	0.0238266214926	0.0329056096906	-0.012105902989	1.0	-0.0204325521093	-0.046044433317	0.0584832922968	0.0186179558722	0.0437370378355	-0.0214299520349	-0.0327893839497	0.00209020438333	-0.0755497600128	-0.0242834817047	-0.0356360170302	0.0239603296231	-0.0273554261204	0.000641686213683	0.00529056844256	0.0580749279669	0.10886829978	-0.0180490443728	-0.0259184078313	0.0203161045362	0.0157765589738	0.0323049896414	-0.0287841535915	-0.05935750255	-0.0266251769133	0.0221096002767	0.00589364537316	-0.00409320357099	0.00817453392719	-0.00948087649156	-0.00152417063752	-0.0183404413615	0.01865241717	-0.0287287633029	-0.0394912763716	-0.0232095587761	-0.0103187552413
k__Bacteria;p__Proteobacteria;c__Betaproteobacteria;o__Burkholderiales;f__Sutterellaceae;g__Parasutterella;s__Parasutterella_excrementihominis	-0.053790598636	-0.0841487043326	-0.00241847374351	-0.00182474826272	-0.0610538131481	-0.0442031847135	-0.00721141170696	0.0294330437499	-0.00737909072528	-0.0812950768808	-0.0477552531631	-0.0267607209976	-0.0514098895142	0.0417211425784	-0.054618477039	-0.000861057329593	-0.059752227036	0.0350115307123	-0.00372459669007	0.0161804783049	-0.0995686658782	-0.0204325521093	1.0	-0.0190607612956	0.0313274468487	-0.0539532473141	-0.0136768326309	0.0163615263374	-0.0267742749939	-0.0507464800875	0.0169348803496	0.0344867848775	0.0752751088036	0.0167226947195	-0.0148406715665	0.0231065106531	-0.0366106908126	-0.0695843468275	0.0666883671904	0.0633612848085	0.0848794850474	-0.0879105633322	-0.0505071382158	0.0187637196313	-0.025836425757	-0.0271463082411	0.00975528985548	-0.026725248598	0.0328636071984	-0.0520762343714	0.0362522529162	-0.0429236701872	0.0372916371099	-0.0435040609795	-0.087220705866	0.0360138866548	-0.0127985416726	0.0219734879142	-0.00166857429635
k__Bacteria;p__Actinobacteria;c__Actinobacteria;o__Bifidobacteriales;f__Bifidobacteriaceae;g__Bifidobacterium;s__Bifidobacterium_adolescentis	0.0304378916418	0.00337739268214	-0.0739509977309	-0.0634712647995	-0.0253727475089	0.0283997360554	0.00460190946955	-0.0450187304361	0.0166753287984	0.0289726762527	0.0141463502571	0.00751381393639	0.00712820752484	-0.0250530741001	0.0303122692063	0.000313119054993	0.09313538728	-0.0233844119685	0.00878414741263	-0.0190996103772	0.0227620640747	-0.046044433317	-0.0190607612956	1.0	0.0738949136737	-0.0415690108788	-0.101131568669	0.00838776289622	0.0185850871188	0.0405824893608	0.00702891782334	0.0211460080848	0.0272722666996	-0.0366103684084	-0.0585270543884	-0.0377098315227	0.0532883915501	-0.0136135732895	0.0438563068977	-0.0152776211735	-0.0401355273772	0.00568684160403	0.0239983512204	-0.0085770122648	0.0444919422927	0.0393438738285	-0.00301863664721	-0.0433053497961	-0.00966904513303	0.0140886043942	0.054129207166	0.0449618530767	-0.0341307590148	-0.0355647795707	-0.000127745348773	-0.0157293788271	0.0155182708401	-0.04281583918	-0.0204338796798
k__Bacteria;p__Firmicutes;c__Clostridia;o__Clostridiales;f__Oscillospiraceae;g__Oscillibacter;s__Oscillibacter_sp._KLE_1745	-0.0597895931949	-0.0212572145301	0.0284010599399	-0.0105503738681	0.0104775131524	0.0168227437968	0.00177270223925	-0.0355939838669	-0.0533689785901	0.0366553244199	-0.0365290169402	0.0148803306518	0.0173745078748	-0.00772035108919	0.0190266702195	0.0386452938917	-0.0123689188084	-0.0215974705881	-0.0340897633447	-0.0600551595846	-0.0658296531561	0.0584832922968	0.0313274468487	0.0738949136737	1.0	0.0573352915714	-0.00633769737552	0.0243510153679	-0.0312512440168	0.0675156491988	-0.0501104415276	0.0364434388167	0.00622117018829	0.0328684294104	0.011779095788	-0.074434058362	-0.0131964809982	-0.0105016694283	-0.0258010050338	-0.0109251423134	-0.03550858182	0.00921667928246	0.0243059064034	-0.00848219259965	0.0290028269141	-0.00583497746999	-0.0182620661296	0.0564121691025	-0.047559635255	-0.00276671812317	-0.0655236020573	0.0194992277381	-0.00392470861316	-0.0700373642763	-0.000602045243777	-0.0496153861625	-0.0323160979053	-0.142316916111	-0.0126248743007
k__Bacteria;p__Bacteroidetes;c__Bacteroidia;o__Bacteroidales;f__Bacteroidaceae;g__Bacteroides;s__Bacteroides_coprophilus	0.0127139708355	-0.0204882483386	-0.00392071667084	0.0117686305493	0.0594296223786	-0.0843656729748	0.132575660904	-0.0150105306301	-0.00289941040616	0.0662881969587	-0.0166038491331	0.0336099840953	-0.0610281100105	-0.0308179826552	0.0135009517056	-0.00251415443169	0.0324944238902	-0.0934666947752	-0.0221716123175	-0.0194877751571	0.00547572883283	0.0186179558722	-0.0539532473141	-0.0415690108788	0.0573352915714	1.0	-0.0201141067115	-0.0285225694276	0.0389563025382	-0.0355231239524	-0.0747428043899	-0.0553957795635	0.0246221115086	-0.0024154438217	-0.0237643190318	0.0800257283059	-0.0284265753329	-0.0357244115499	0.00671917568648	0.010601268188	-0.0347703101791	0.00895581508299	0.0183586503621	-0.10135491385	-0.0545683307137	0.0351390741991	-0.0418278325294	-0.0539480526864	0.0154795631062	0.00380192047329	0.0297028776662	-0.0488078013637	-0.0184184608181	-0.0468609750612	-0.0497501358888	-0.0435270229329	0.0153321590593	-0.0525933495531	-0.0185761568884
k__Bacteria;p__Firmicutes;c__Clostridia;o__Clostridiales;f__Lachnospiraceae;g__Roseburia;s__Roseburia_intestinalis	-0.0445277425729	0.00363162685823	0.0203526030184	0.0118915841234	0.0168601367555	-0.0288661989334	0.069751845713	-0.0797453625333	-0.00625314430657	0.0363003863893	-0.0405326730153	-0.0673244058786	-0.0754971958511	0.0107261772077	0.00948315637591	-0.0349855183934	-0.0383033187777	-0.0778954105933	-0.03504142535	-0.0204098882508	-0.0528724995969	0.0437370378355	-0.0136768326309	-0.101131568669	-0.00633769737552	-0.0201141067115	1.0	-0.0433528873084	0.0458283626931	-0.00625814462717	-0.0380590227107	-0.0344651711457	-0.0320390992002	-0.0360244653285	-0.00359809403698	-0.0904745238498	-0.0491545249177	0.0726016498862	0.00084227627359	0.0759885698223	-0.0142713003321	-0.022432215949	0.0246604298635	0.0989660985988	-0.0591143602202	0.0278235064235	-0.0149784424453	-0.015271666324	-0.00207467023921	0.0568539839769	0.0443549241916	0.00549790470859	0.0238411523483	-0.0150017274689	0.0640646667044	-0.0420046980344	0.024381735914	0.0223206543046	-0.0996820351629
k__Bacteria;p__Firmicutes;c__Clostridia;o__Clostridiales;f__Lachnospiraceae;g__Roseburia;s__Roseburia_hominis	-0.0197126417996	-0.000703063552344	-0.0154229327731	-0.0345712889627	-0.0418113284795	0.030988021715	0.121669771614	-0.0644664622461	-0.0726414025845	0.0241006680681	-0.0525775703697	-0.0413548544233	0.000704311351083	-0.0316081787353	-0.0495507243288	-0.0442594632719	0.0158189309853	-0.00781948487996	-0.00249095581975	-0.01583287602	-0.030320778029	-0.0214299520349	0.0163615263374	0.00838776289622	0.0243510153679	-0.0285225694276	-0.0433528873084	1.0	0.0129284688144	-0.0618954611053	0.077755783206	0.0631049339338	-0.0758872570333	0.0147649273376	-0.0207726770812	-0.0936239718458	-0.016748919513	-0.0394932195404	0.0095548855713	0.0280402332461	-0.00852277771519	0.0565458410032	-0.0564185571438	0.0184597643968	-0.0140843122931	-0.0248328736822	0.0716044839049	-0.0040656916531	-0.0117897711628	-0.0786347132757	0.0445529909928	-0.00223928014796	-0.0343104001807	-0.0589705403224	0.0216215110373	0.0239816256386	0.0163328698267	-0.0806679553635	0.0254403173529
k__Bacteria;p__Bacteroidetes;c__Bacteroidia;o__Bacteroidales;f__Porphyromonadaceae;g__Parabacteroides;s__Parabacteroides_johnsonii	0.00857860453382	0.0903232398015	-0.0225772916299	-0.0280292546537	-0.0635766801164	-0.00337604144183	-0.0301023549616	-0.0405005791095	-0.0512115994755	0.00379457354015	-0.0177072373588	-0.0144092836328	0.025138343458	0.0634861318112	-0.0156761902702	-0.0473148533129	-0.0304740243477	-0.00380731824993	-0.0123542931325	-0.0877806107905	0.0394856580167	-0.0327893839497	-0.0267742749939	0.0185850871188	-0.0312512440168	0.0389563025382	0.0458283626931	0.0129284688144	1.0	-0.0499052739827	0.00322314338804	-0.00906289308016	-0.0740715203612	-0.00556011440492	0.00501546576168	-0.0460934858055	-0.00950736870637	-0.0261845944427	-0.00775189218121	-0.0166999554091	-0.0950463878311	-0.00745160717048	0.0387821099987	0.0405821622366	-0.0260347102301	0.0304523632676	0.00626618854053	-0.0578326754069	-0.0970616915248	0.0179469091113	-0.0253108125476	0.0223909528514	-0.0437407110789	-0.0141432649823	-0.0344430943793	-0.0136354047969	-0.0438726802419	0.0217644287262	0.00418545156948
k__Bacteria;p__Actinobacteria;c__Actinobacteria;o__Bifidobacteriales;f__Bifidobacteriaceae;g__Bifidobacterium;s__Bifidobacterium_longum	0.0222509498297	-0.0285448321055	0.0679433790037	0.0384216725454	-0.0573186940971	0.0114447729043	-0.0414885857855	-0.0309327841087	0.0238629796305	0.000494572753009	0.0212242018943	-0.0368220486565	0.00733189377801	0.0335206235078	0.0354491243451	0.030470661724	-0.0248330574262	-0.0271830926865	-0.0439389589838	0.0500418247329	-0.0296228440375	0.00209020438333	-0.0507464800875	0.0405824893608	0.0675156491988	-0.0355231239524	-0.00625814462717	-0.0618954611053	-0.0499052739827	1.0	-0.0276597438871	-0.0256073316212	0.0382546341984	0.0112351917582	0.00375829664282	0.0138575562996	-0.0565705069468	0.0397920696583	-0.0199676436296	0.0324419581104	0.0764239887734	-0.0962787218635	-0.0172230820016	-0.0357461431452	0.0642757957483	-0.00497234862478	-0.0117727602805	-0.0137984710765	0.0303554947465	0.0516444546411	0.00640708396988	-0.00504165702064	-0.00175816879923	0.0296657150777	0.0381690528083	0.0406063824245	-0.0193928435283	0.0508884066123	-0.0377823696974
