#taxonomy	k__Bacteria;p__Bacteroidetes;c__Bacteroidia;o__Bacteroidales;f__Bacteroidaceae;g__Bacteroides;s__Bacteroides_vulgatus	k__Bacteria;p__Bacteroidetes;c__Bacteroidia;o__Bacteroidales;f__Bacteroidaceae;g__Bacteroides;s__Bacteroides_uniformis	k__Bacteria;p__Bacteroidetes;c__Bacteroidia;o__Bacteroidales;f__Rikenellaceae;g__Alistipes;s__Alistipes_putredinis	k__Bacteria;p__Bacteroidetes;c__Bacteroidia;o__Bacteroidales;f__Prevotellaceae;g__Prevotella;s__Prevotella_copri	k__Bacteria;p__Bacteroidetes;c__Bacteroidia;o__Bacteroidales;f__Bacteroidaceae;g__Bacteroides;s__Bacteroides_stercoris	k__Bacteria;p__Bacteroidetes;c__Bacteroidia;o__Bacteroidales;f__Bacteroidaceae;g__Bacteroides;s__Bacteroides_ovatus	k__Bacteria;p__Bacteroidetes;c__Bacteroidia;o__Bacteroidales;f__Rikenellaceae;g__Alistipes;s__Alistipes_shahii	k__Bacteria;p__Firmicutes;c__Clostridia;o__Clostridiales;f__Ruminococcaceae;g__Faecalibacterium;s__Faecalibacterium_prausnitzii	k__Bacteria;p__Bacteroidetes;c__Bacteroidia;o__Bacteroidales;f__Rikenellaceae;g__Alistipes;s__Alistipes_finegoldii	k__Bacteria;p__Bacteroidetes;c__Bacteroidia;o__Bacteroidales;f__Porphyromonadaceae;g__Parabacteroides;s__Parabacteroides_distasonis	k__Bacteria;p__Bacteroidetes;c__Bacteroidia;o__Bacteroidales;f__Bacteroidaceae;g__Bacteroides;s__Bacteroides_thetaiotaomicron	k__Bacteria;p__Bacteroidetes;c__Bacteroidia;o__Bacteroidales;f__Bacteroidaceae;g__Bacteroides;s__Bacteroides_coprocola	k__Bacteria;p__Bacteroidetes;c__Bacteroidia;o__Bacteroidales;f__Bacteroidaceae;g__Bacteroides;s__Bacteroides_cellulosilyticus	k__Bacteria;p__Bacteroidetes;c__Bacteroidia;o__Bacteroidales;f__Rikenellaceae;g__Alistipes;s__Alistipes_obesi	k__Bacteria;p__Firmicutes;c__Clostridia;o__Clostridiales;f__Lachnospiraceae;g__;s__[Eubacterium]_rectale	k__Bacteria;p__Bacteroidetes;c__Bacteroidia;o__Bacteroidales;f__Bacteroidaceae;g__Bacteroides;s__Bacteroides_plebeius	k__Bacteria;p__Bacteroidetes;c__Bacteroidia;o__Bacteroidales;f__Bacteroidaceae;g__Bacteroides;s__Bacteroides_fragilis	k__Bacteria;p__Proteobacteria;c__Betaproteobacteria;o__Burkholderiales;f__Sutterellaceae;g__Sutterella;s__Sutterella_wadsworthensis	k__Bacteria;p__Bacteroidetes;c__Bacteroidia;o__Bacteroidales;f__Porphyromonadaceae;g__Barnesiella;s__Barnesiella_intestinihominis	k__Bacteria;p__Bacteroidetes;c__Bacteroidia;o__Bacteroidales;f__Odoribacteraceae;g__Odoribacter;s__Odoribacter_splanchnicus	k__Bacteria;p__Bacteroidetes;c__Bacteroidia;o__Bacteroidales;f__Bacteroidaceae;g__Bacteroides;s__Bacteroides_salyersiae	k__Bacteria;p__Firmicutes;c__Clostridia;o__Clostridiales;f__Ruminococcaceae;g__Ruminiclostridium;s__[Eubacterium]_siraeum	k__Bacteria;p__Proteobacteria;c__Betaproteobacteria;o__Burkholderiales;f__Sutterellaceae;g__Parasutterella;s__Parasutterella_excrementihominis	k__Bacteria;p__Actinobacteria;c__Actinobacteria;o__Bifidobacteriales;f__Bifidobacteriaceae;g__Bifidobacterium;s__Bifidobacterium_adolescentis	k__Bacteria;p__Firmicutes;c__Clostridia;o__Clostridiales;f__Oscillospiraceae;g__Oscillibacter;s__Oscillibacter_sp._KLE_1745	k__Bacteria;p__Bacteroidetes;c__Bacteroidia;o__Bacteroidales;f__Bacteroidaceae;g__Bacteroides;s__Bacteroides_coprophilus	k__Bacteria;p__Firmicutes;c__Clostridia;o__Clostridiales;f__Lachnospiraceae;g__Roseburia;s__Roseburia_intestinalis	k__Bacteria;p__Firmicutes;c__Clostridia;o__Clostridiales;f__Lachnospiraceae;g__Roseburia;s__Roseburia_hominis	k__Bacteria;p__Bacteroidetes;c__Bacteroidia;o__Bacteroidales;f__Porphyromonadaceae;g__Parabacteroides;s__Parabacteroides_johnsonii	k__Bacteria;p__Actinobacteria;c__Actinobacteria;o__Bifidobacteriales;f__Bifidobacteriaceae;g__Bifidobacterium;s__Bifidobacterium_longum	k__Bacteria;p__Firmicutes;c__Clostridia;o__Clostridiales;f__;g__Flavonifractor;s__Flavonifractor_plautii	k__Bacteria;p__Firmicutes;c__Clostridia;o__Clostridiales;f__Clostridiaceae;g__Clostridium;s__Clostridium_phoceensis	k__Bacteria;p__Verrucomicrobia;c__Verrucomicrobiae;o__Verrucomicrobiales;f__Akkermansiaceae;g__Akkermansia;s__Akkermansia_muciniphila	k__Bacteria;p__Bacteroidetes;c__Bacteroidia;o__Bacteroidales;f__Prevotellaceae;g__Paraprevotella;s__Paraprevotella_xylaniphila	k__Bacteria;p__Firmicutes;c__Clostridia;o__Clostridiales;f__Ruminococcaceae;g__Ruminococcus;s__Ruminococcus_callidus	k__Bacteria;p__Bacteroidetes;c__Bacteroidia;o__Bacteroidales;f__Rikenellaceae;g__Alistipes;s__Alistipes_senegalensis	k__Bacteria;p__Firmicutes;c__Clostridia;o__Clostridiales;f__Lachnospiraceae;g__Blautia;s__Blautia_sp._KLE_1732	k__Bacteria;p__Bacteroidetes;c__Bacteroidia;o__Bacteroidales;f__Bacteroidaceae;g__Bacteroides;s__Bacteroides_oleiciplenus	k__Bacteria;p__Firmicutes;c__Clostridia;o__Clostridiales;f__Ruminococcaceae;g__Ruminococcus;s__Ruminococcus_bicirculans	k__Bacteria;p__Bacteroidetes;c__Bacteroidia;o__Bacteroidales;f__Bacteroidaceae;g__Bacteroides;s__Bacteroides_fluxus	k__Bacteria;p__Bacteroidetes;c__Bacteroidia;o__Bacteroidales;f__Prevotellaceae;g__Prevotella;s__Prevotella_stercorea	k__Bacteria;p__Firmicutes;c__Clostridia;o__Clostridiales;f__Lachnospiraceae;g__Dorea;s__Dorea_longicatena	k__Bacteria;p__Firmicutes;c__Clostridia;o__Clostridiales;f__Eubacteriaceae;g__Eubacterium;s__[Eubacterium]_eligens	k__Bacteria;p__Firmicutes;c__Clostridia;o__Clostridiales;f__Ruminococcaceae;g__;s__Ruminococcaceae_bacterium_D16	k__Bacteria;p__Firmicutes;c__Clostridia;o__Clostridiales;f__Lachnospiraceae;g__Coprococcus;s__Coprococcus_comes	k__Bacteria;p__Proteobacteria;c__Gammaproteobacteria;o__Enterobacterales;f__Enterobacteriaceae;g__Escherichia;s__Escherichia_coli	k__Bacteria;p__Firmicutes;c__Clostridia;o__Clostridiales;f__Ruminococcaceae;g__Anaerotruncus;s__Anaerotruncus_colihominis	k__Bacteria;p__Firmicutes;c__Clostridia;o__Clostridiales;f__Lachnospiraceae;g__Blautia;s__Blautia_obeum	k__Bacteria;p__Bacteroidetes;c__Bacteroidia;o__Bacteroidales;f__Odoribacteraceae;g__Odoribacter;s__Odoribacter_laneus	k__Bacteria;p__Firmicutes;c__Clostridia;o__Clostridiales;f__Ruminococcaceae;g__Ruminiclostridium;s__[Clostridium]_leptum	k__Bacteria;p__Bacteroidetes;c__Bacteroidia;o__Bacteroidales;f__Porphyromonadaceae;g__Parabacteroides;s__Parabacteroides_goldsteinii	k__Bacteria;p__Firmicutes;c__Clostridia;o__Clostridiales;f__Lachnospiraceae;g__Anaerostipes;s__Anaerostipes_hadrus	k__Bacteria;p__Firmicutes;c__Clostridia;o__Clostridiales;f__Ruminococcaceae;g__Ruminococcus;s__Ruminococcus_lactaris	k__Bacteria;p__Firmicutes;c__Clostridia;o__Clostridiales;f__Clostridiaceae;g__Clostridium;s__Clostridium_sp._L2-50	k__Bacteria;p__Firmicutes;c__Clostridia;o__Clostridiales;f__Clostridiaceae;g__Clostridium;s__Clostridium_sp._M62/1	k__Bacteria;p__Firmicutes;c__Clostridia;o__Clostridiales;f__;g__Intestinimonas;s__Intestinimonas_butyriciproducens	k__Bacteria;p__Actinobacteria;c__Actinobacteria;o__Bifidobacteriales;f__Bifidobacteriaceae;g__Bifidobacterium;s__Bifidobacterium_bifidum	k__Bacteria;p__Firmicutes;c__Negativicutes;o__Veillonellales;f__Veillonellaceae;g__Dialister;s__Dialister_invisus	k__Bacteria;p__Bacteroidetes;c__Bacteroidia;o__Bacteroidales;f__Bacteroidaceae;g__Bacteroides;s__Bacteroides_salanitronis
k__Bacteria;p__Bacteroidetes;c__Bacteroidia;o__Bacteroidales;f__Bacteroidaceae;g__Bacteroides;s__Bacteroides_vulgatus	1.0	0.000474189942079	0.0312117377528	0.0347145836664	-0.0107681236389	-0.0279056253381	0.0155803840042	-0.00421075937076	0.0782584493202	-0.0956140901707	-0.0017268083176	-0.00711579861317	-0.0176930730578	-0.019672888099	0.0410623611935	-0.0679137319191	-0.0212469816922	0.0114629415955	-0.032592873122	-0.0836829967343	-0.0636145413078	-0.0160349974744	0.0138123521977	0.0373471940414	-0.0369815019355	0.0537712388603	-0.104917021983	-0.0164486083522	-0.0540200101978	0.044559034088	-0.0270277230681	-0.0253090664492	-0.0324284412344	0.0326543575545	-0.0240609393046	-0.0119749432299	-0.0162587970795	0.0540164501666	0.00773277120757	-0.0678712569637	-0.0918805500295	0.0275547417433	0.0435180735111	-0.0369033130297	0.000318603380142	-0.0129305332392	-0.0329311337985	-0.0368556422093	0.0791543469003	0.0308686204719	-0.0117897661906	0.0182546198093	-0.063642381789	-0.0194429153478	0.00597121246599	0.0270605853566	0.00159254567387	0.0372411772551	0.0673109030692
k__Bacteria;p__Bacteroidetes;c__Bacteroidia;o__Bacteroidales;f__Bacteroidaceae;g__Bacteroides;s__Bacteroides_uniformis	0.000474189942079	1.0	0.0223643485362	-0.0607794838093	0.0789505439644	0.0326311416783	-0.0388077327291	-0.0232136296997	0.0211974597277	0.0244035254374	-0.0179404238035	0.106628397287	-0.0182487981123	-0.0117901508102	0.018850681843	-0.106206680046	0.00189171562551	-0.0163332449188	-0.0332410852398	0.0404593721229	-0.00673703804821	-0.0396635701508	0.00334720077266	-0.101061181993	-0.0390143275093	0.0184043487118	0.0112636073645	-0.0176849550934	-0.0793892803799	-0.0353360474485	0.0453248178946	0.0488058155499	0.0447825895192	0.0434064097933	-0.0402771398843	0.0203070540206	-0.0109667414588	-0.0405060820206	0.0273850451828	0.0149498189744	0.0091620629519	-0.0731935005926	0.0393315410382	-0.0241908848127	0.0148182434267	-0.0600527675934	0.0158292741394	0.00767653762862	0.00493978887777	-0.0469961867172	-0.0155708796124	-0.0483102377056	0.0232629737269	-0.0501361400855	-0.0064433971025	0.00955953252669	-0.0160690408205	-0.0190879992679	0.0578127373801
k__Bacteria;p__Bacteroidetes;c__Bacteroidia;o__Bacteroidales;f__Rikenellaceae;g__Alistipes;s__Alistipes_putredinis	0.0312117377528	0.0223643485362	1.0	-0.0181280652641	0.0144791079194	-0.0200387366222	-0.0159836455294	-0.0404078628695	-0.014737887369	0.032035036752	-0.00464919398768	-0.00148815058563	0.0493262994278	-0.0287914905863	0.0411129970703	-0.0332833675277	-0.0713535908767	-0.025906012527	-0.0360055257889	-0.0357873429667	0.0133622679385	0.00335729546308	0.00542098348388	-0.0653282658652	0.0462293086082	-0.0571584017369	0.00551841137122	0.0352372181011	0.0426395147722	-0.0262121273278	0.0181032827956	0.0720483403404	0.00101958845178	0.0576316521526	0.0228183350305	-0.0249904058792	-0.025299702038	0.0470070408192	-0.00248671036771	-0.0460221656285	-0.000428293859268	0.0299909074576	-0.00388556284867	-0.0102731307682	-0.0672282194876	0.0413785995238	0.00942780694351	-0.068562192256	-0.0431835508583	-0.0333300745129	0.0463111381537	-0.00846193420349	-0.0724158621878	0.0352531824685	-0.0307701138009	-0.10541960656	-0.0343290637004	-0.0405570379396	-0.0137180439214
k__Bacteria;p__Bacteroidetes;c__Bacteroidia;o__Bacteroidales;f__Prevotellaceae;g__Prevotella;s__Prevotella_copri	0.0347145836664	-0.0607794838093	-0.0181280652641	1.0	0.0720256684911	0.0180579225487	-0.0503032548009	-0.0267422058657	-0.0245046272803	-0.0606408735211	0.0526200410487	-0.0219488057962	0.032327738698	-0.0622449020685	-0.0577415222278	0.0229340878898	0.00391990865768	-0.041990080416	-0.08429648313	-0.0427986000201	0.00935028395969	-0.0336618654572	-0.0489965162288	-0.00601110654277	-0.00958594868237	-0.019479360941	-0.0155771844348	-0.0151457706088	0.0208372666619	0.0526471215944	-0.00096091102608	-0.040731510666	-0.0288740579539	-0.00124178338852	0.0661205886088	-0.0389097109951	0.00738571227508	0.0195698898988	-0.0643324734048	0.015441061223	-0.00172390606426	0.0500366720935	-0.0135428186631	-0.0936881014273	0.00873771103565	0.0370066119471	-0.067935838663	0.0448290074154	0.0145399179228	-0.0694697837896	-0.0115965762063	-0.019691541822	0.0039588958458	-0.041397904003	-0.0355513488082	0.0685837599768	0.0108403700735	-0.0169482774345	0.0123287321178
k__Bacteria;p__Bacteroidetes;c__Bacteroidia;o__Bacteroidales;f__Bacteroidaceae;g__Bacteroides;s__Bacteroides_stercoris	-0.0107681236389	0.0789505439644	0.0144791079194	0.0720256684911	1.0	-0.0289476585029	-0.0391981576114	-0.0478548368469	-0.0918963703205	0.0297890562023	0.000508098133644	0.0174807970794	-0.0462997901685	0.00545565672247	0.00445398536924	-0.025614391747	0.0125945837951	0.00142044672342	-0.0916172011177	-0.00509898869588	-0.0137422489393	-0.0436581732146	-0.0136854633945	0.0625759526747	-0.0480575626539	0.0545552466097	-0.0257037887399	0.0448735961548	0.0128505044994	-0.00533888447606	0.0151919324884	-0.0274280752226	-0.0245935654253	-0.00151463383686	-0.0313371166381	0.0740813328853	-0.0244064059197	0.0202516580462	-0.00207555185235	-0.0416724423248	0.0331021652914	0.00508917482697	-0.0411768577594	0.0475779511433	-0.0393830296969	0.0186162969471	-0.0470244647863	-0.065258204585	-0.0513990121812	-0.0878831873337	-0.00866390682351	-0.00742368859351	-0.0202289655882	-0.00779837522898	-0.00964322834867	0.0368698836451	-0.020863885432	0.0589688916607	-0.0294109935957
k__Bacteria;p__Bacteroidetes;c__Bacteroidia;o__Bacteroidales;f__Bacteroidaceae;g__Bacteroides;s__Bacteroides_ovatus	-0.0279056253381	0.0326311416783	-0.0200387366222	0.0180579225487	-0.0289476585029	1.0	0.0521396191564	-0.0549793820754	-0.042617292197	-0.0372693342314	-0.0314534157714	0.0113116687681	0.0905920092825	-0.0143452002914	-0.0770799795825	-0.081339476176	0.0377747634997	-0.000663419624662	0.0286985196753	-0.0481338245371	0.0258101345048	-0.090165471736	0.0080134247112	0.0293321282057	-0.0339505543887	-0.0406321819319	-0.0645008635521	0.0292447385494	0.0143043768154	-0.0140090217476	-0.0866489690594	-0.0214765126985	-0.0173831611382	-0.00312308974872	-0.03884536261	-0.0194797402341	0.0110061245293	0.00713490388071	-0.0597375286688	0.00586481966043	-0.0823718171724	-0.0270499700618	0.0604378907248	0.00634174794636	-0.0368288244485	-0.0151335792108	-0.052000549274	0.0139313721798	0.0235207271379	-0.0347258059468	-0.0132382439042	-0.00759267558995	0.0408794816091	-0.00341622727154	0.0434298820059	0.0299319529249	0.0170157172482	0.0154972542458	0.0113491269555
k__Bacteria;p__Bacteroidetes;c__Bacteroidia;o__Bacteroidales;f__Rikenellaceae;g__Alistipes;s__Alistipes_shahii	0.0155803840042	-0.0388077327291	-0.0159836455294	-0.0503032548009	-0.0391981576114	0.0521396191564	1.0	-0.0117346887452	-0.0480812499055	-0.0304572941454	-0.0374727499578	0.00379189408615	-0.0014295494875	0.000838030769627	-0.0127201728026	-0.028411422996	-0.00859348873083	-0.0343002066742	0.0235363646076	-0.0091085330581	0.064033343057	-0.00860205592235	-0.0524027935692	0.00614233688238	-0.0557506849154	-0.000126799176824	-0.124023284869	0.0161275175303	-0.0514173786097	0.0154341819179	0.0562586370804	-0.0115271054441	-0.0303938541669	-0.00223243325508	-0.0789383200049	-0.0522670818396	-0.038909709779	0.0212191214053	0.0180399249253	-0.0294476111194	-0.0144669427154	-0.0454862985511	0.045089992193	-0.0410022490255	-0.0250490656558	0.010040028955	-0.00226966385609	-0.0152192255296	0.0172923593623	0.000145308901908	-0.047580133151	-0.0424012224048	-0.0134815310348	0.0458438459014	0.0770190240159	0.0539272989745	-0.0421594179623	-0.00865932058751	-0.0387301465988
k__Bacteria;p__Firmicutes;c__Clostridia;o__Clostridiales;f__Ruminococcaceae;g__Faecalibacterium;s__Faecalibacterium_prausnitzii	-0.00421075937076	-0.0232136296997	-0.0404078628695	-0.0267422058657	-0.0478548368469	-0.0549793820754	-0.0117346887452	1.0	0.00836119748854	-0.0755530297373	0.00797826792771	-0.0301105621068	0.0175257752238	-0.00579363467193	-0.0570846232782	0.0236361785802	0.0106053694712	0.0125520914813	-0.0147428666816	-0.0507332792492	-0.0565302762418	0.0290562559637	0.000150698639064	-0.0282037784003	-0.035333002447	-0.0509599838679	-0.0247655031993	0.0430347723075	0.0276471215839	-0.0393476773305	-0.0498163369959	0.0261933440394	0.0757929199774	0.0399767957506	0.0110167203222	-0.0426469758807	0.0591989035163	0.00386836402636	-0.031613311723	0.00339007440359	0.0298924843605	0.0639511188764	-0.0019070894009	-0.0808385276413	0.00685525752061	-0.00789718998601	0.000880177599625	0.0073479470361	0.0227947104606	-0.0441286007044	0.0261352904616	0.0434843438143	0.0324407198008	-0.0318771250584	0.0081352322192	0.079766760637	0.0125122183154	0.00470152842221	-0.0454980513174
k__Bacteria;p__Bacteroidetes;c__Bacteroidia;o__Bacteroidales;f__Rikenellaceae;g__Alistipes;s__Alistipes_finegoldii	0.0782584493202	0.0211974597277	-0.014737887369	-0.0245046272803	-0.0918963703205	-0.042617292197	-0.0480812499055	0.00836119748854	1.0	0.0259113699377	0.0778630341767	0.00807198558063	-0.0284012763932	-0.0271770578724	0.0108788678809	-0.0264181208245	0.0429582400164	-0.0337885624858	-0.031220877562	-0.0667820832817	-0.0043355524762	-0.0128092292056	0.0219838138182	-0.00714076727859	0.0103670702412	-0.0301833100751	-0.0403677350022	0.0492823467853	0.0331081302657	-0.0798158145447	-0.074053165444	0.0542340140778	-0.0560940722088	-0.0481417260326	-0.00303163033589	0.00503068924749	-0.0241170098137	-0.0128500395935	-0.0547257089178	-0.0184484555832	0.0984025992832	0.0206511955286	0.0166986110771	-0.0496234264353	0.0148524405137	0.0120232432017	0.03669852085	0.000260563554683	-0.0501874115293	0.0081916227897	0.0615081519132	0.00955309367342	-0.0341175884651	-0.0625537119815	0.0064293417783	-0.0784180715096	0.00957978407524	-0.0350105021662	-0.0169531366806
k__Bacteria;p__Bacteroidetes;c__Bacteroidia;o__Bacteroidales;f__Porphyromonadaceae;g__Parabacteroides;s__Parabacteroides_distasonis	-0.0956140901707	0.0244035254374	0.032035036752	-0.0606408735211	0.0297890562023	-0.0372693342314	-0.0304572941454	-0.0755530297373	0.0259113699377	1.0	-0.0118484490132	-0.0177378123412	-0.0150451511292	-0.0314083359822	0.0398612794876	-0.0615203149341	-0.0162754813729	-0.0549159372334	0.0255202934763	0.0290717337782	-0.0145134375401	-0.0277650724997	-0.0180780681025	-0.00675365184194	-0.00683453556446	0.0885318010442	0.00700698310329	-0.0392681355722	0.027075049593	-0.0402095988876	0.00773503929895	0.0596537418495	0.0435563946992	0.00334565925946	0.000764752567846	-0.0332301030714	0.0123216196897	0.00399992171779	-0.0306671110159	-0.0242494171161	0.00474619271558	-0.103545847697	0.0461812476571	0.0644035129857	0.0010932128422	-0.0129280661735	0.0110701065904	0.0142175376588	-0.031330359281	-0.0295018031518	0.0202098756737	-0.053088633197	-0.0158408521427	-0.0154478303706	-0.0607389196512	0.00881051783884	-0.0180867939559	0.0150309496874	0.0562070723664
k__Bacteria;p__Bacteroidetes;c__Bacteroidia;o__Bacteroidales;f__Bacteroidaceae;g__Bacteroides;s__Bacteroides_thetaiotaomicron	-0.0017268083176	-0.0179404238035	-0.00464919398768	0.0526200410487	0.000508098133644	-0.0314534157714	-0.0374727499578	0.00797826792771	0.0778630341767	-0.0118484490132	1.0	-0.0298503714932	-0.035700128909	-0.0915892165602	0.0324961153589	0.0225679319718	-0.0535567912574	-0.0165172960644	-0.0192203546439	0.0129020100466	-0.0133604578481	0.0343967830564	0.0211427828996	-0.0464070056	0.0231353910956	-0.0643851507332	-0.0461806830862	-0.0943272178563	-0.0591485964707	0.0206751349374	-0.0666889144407	-0.0249681113106	0.00186837007811	0.0372734997106	-0.043671035534	0.0705908637061	0.0444377911493	0.00385793061194	-0.036766565603	0.0257840252973	-0.00777949417931	0.0228087082891	-0.0238817903909	-0.0413867759925	-0.0013546119914	-0.0344428947078	-0.0422494040703	-0.00777871150773	-0.0117770695507	-0.0266337498193	0.00189087863184	-0.00957587586959	-0.0104013350113	-0.0126143835042	-0.0256845548117	0.0344313598094	-0.0411715304421	-0.0239192986821	-0.0263093220665
k__Bacteria;p__Bacteroidetes;c__Bacteroidia;o__Bacteroidales;f__Bacteroidaceae;g__Bacteroides;s__Bacteroides_coprocola	-0.00711579861317	0.106628397287	-0.00148815058563	-0.0219488057962	0.0174807970794	0.0113116687681	0.00379189408615	-0.0301105621068	0.00807198558063	-0.0177378123412	-0.0298503714932	1.0	-0.028609368793	0.01788310113	0.0328909446092	0.0469091507215	0.0188021546574	0.0514604876304	0.011327637561	-0.0704110633759	-0.011364877874	-0.0214281363098	-0.0150617017554	0.00888337367158	-0.0316519204225	-0.0677510533955	-0.0267633292357	-0.0134830703424	0.0556242099254	0.000627848205651	-0.042161740944	-0.0859551131691	-0.0296018004133	-0.00804497872532	-0.00317211885641	0.0199468475071	-0.0164032554739	-0.0393672710032	0.00807658312925	0.00906087020243	0.0460050255771	-0.0083935827462	-0.0428137222086	-0.0105127214086	-0.0181596071738	-0.0733886483494	0.0338351356743	-0.0120082546454	-0.0160715870944	0.0135899596888	0.0556203001873	-0.00893218522546	0.00354662182219	-0.0352616294433	-0.0352343923708	0.0138295531444	-0.0122218844952	-0.014217731037	-0.0833175256801
k__Bacteria;p__Bacteroidetes;c__Bacteroidia;o__Bacteroidales;f__Bacteroidaceae;g__Bacteroides;s__Bacteroides_cellulosilyticus	-0.0176930730578	-0.0182487981123	0.0493262994278	0.032327738698	-0.0462997901685	0.0905920092825	-0.0014295494875	0.0175257752238	-0.0284012763932	-0.0150451511292	-0.035700128909	-0.028609368793	1.0	0.00575438606942	-0.0663062901455	0.0233767076631	0.0362851270485	0.0304110481837	-0.0139744377434	-0.00532727880642	-0.0132990076176	-0.0760029715809	0.0207781305723	-0.0380390686992	0.0230040450278	-0.0496847871516	0.00706133570298	0.0107238123496	-0.0655413450246	0.0228418650291	0.0311399414125	-0.0415345039394	0.00423527262834	0.0521340606946	-0.0305666162127	0.0453907256306	-0.00417005736091	-0.0664460535384	-0.0938191687746	-0.00283947988035	-0.0281889583743	0.00666952158859	0.0106338454504	0.068785095823	0.0150165306051	-0.00201260391462	0.0137433865092	0.0128383114193	-0.0311010350496	0.00730213294911	0.00308850526259	-0.00452740982579	0.00712358917435	0.0246712490546	-0.0114458737433	0.0110239256464	-0.0794582572919	-0.0306869133523	-0.0741699109278
k__Bacteria;p__Bacteroidetes;c__Bacteroidia;o__Bacteroidales;f__Rikenellaceae;g__Alistipes;s__Alistipes_obesi	-0.019672888099	-0.0117901508102	-0.0287914905863	-0.0622449020685	0.00545565672247	-0.0143452002914	0.000838030769627	-0.00579363467193	-0.0271770578724	-0.0314083359822	-0.0915892165602	0.01788310113	0.00575438606942	1.0	0.0249050246968	0.00432654171484	-0.0656203655568	-0.00300375155059	-0.0103048103176	0.00688912873936	-0.0234313114221	-0.076855633683	0.0353943996779	-0.0305553414865	0.022566720028	0.00692356095787	-0.0261271644556	-0.0372249098179	0.0255620823176	0.027041263305	0.0226220329027	0.0271741237923	-0.00342576749491	-0.0052211415136	0.091578410415	-0.0361317138447	0.00109769030019	-0.0614744295595	-0.08507897945	0.0589519639007	-0.0219903926526	-0.0518369520493	-0.0233368162326	-0.0337816529083	-0.018117898605	0.00692409934246	-0.023630118303	0.00352190416275	-0.0330826256379	0.00756704558525	-0.0469828104337	0.0435578689803	-0.0191992800785	0.00533616640684	-0.0153333631848	0.0567355956	-0.0154589385895	-0.0635473348719	0.0350549276927
k__Bacteria;p__Firmicutes;c__Clostridia;o__Clostridiales;f__Lachnospiraceae;g__;s__[Eubacterium]_rectale	0.0410623611935	0.018850681843	0.0411129970703	-0.0577415222278	0.00445398536924	-0.0770799795825	-0.0127201728026	-0.0570846232782	0.0108788678809	0.0398612794876	0.0324961153589	0.0328909446092	-0.0663062901455	0.0249050246968	1.0	0.0518602079016	0.00924008936544	-0.0307139883844	0.00200096605024	-0.06892078916	-0.0820873630969	-0.0145076190018	0.00523719007035	0.0137263126114	0.0382253034359	0.0245868973257	-0.0187365624728	-0.0199890994877	-0.0167829233107	-0.0204493560302	-0.0159321126392	0.00475787618007	0.00226248209353	0.0546267773795	-0.0152549711383	-0.0697498991266	-0.0227380301331	-0.0315002076463	0.00251962117877	0.0419687398787	-0.0678196507511	0.0072597795621	-0.0389948866212	0.00307813791665	-0.032841137077	-0.0705242405842	0.0231710410331	-0.0693300058576	0.0776658171361	0.0174843103497	0.0461006261387	-0.0188504327204	-0.0481910855116	-0.00407281802061	0.0282089572336	0.0301993655	0.00172965125168	0.0470597785798	-0.000499178735913
k__Bacteria;p__Bacteroidetes;c__Bacteroidia;o__Bacteroidales;f__Bacteroidaceae;g__Bacteroides;s__Bacteroides_plebeius	-0.0679137319191	-0.106206680046	-0.0332833675277	0.0229340878898	-0.025614391747	-0.081339476176	-0.028411422996	0.0236361785802	-0.0264181208245	-0.0615203149341	0.0225679319718	0.0469091507215	0.0233767076631	0.00432654171484	0.0518602079016	1.0	0.0617880822899	0.0175180095551	0.058717334138	-0.0404272421247	0.0161703335682	-0.0232963425284	-0.0471236575701	0.00144330353505	0.0190162467164	0.004084544291	0.0439452620738	-0.0108206721182	0.0363076015069	-0.04207270632	-0.0123846724706	-0.040505772108	0.0287244704365	-0.0343904875449	0.0494784273834	0.00514265704851	0.00368474068943	0.0189712679562	-0.0259417671806	0.0751541774139	0.0435800058034	-0.00995396930135	-0.0367625430214	0.060625505163	-0.0906184347687	-0.0714058885037	0.00684682577958	-0.00626523844052	-0.0575860966128	0.0286304156726	-0.0314264919865	0.0259760804709	-0.0411245107249	0.017849754021	-0.0119710612874	-0.0543965956759	-0.0254347489194	-0.0353297179034	-0.00791502431708
k__Bacteria;p__Bacteroidetes;c__Bacteroidia;o__Bacteroidales;f__Bacteroidaceae;g__Bacteroides;s__Bacteroides_fragilis	-0.0212469816922	0.00189171562551	-0.0713535908767	0.00391990865768	0.0125945837951	0.0377747634997	-0.00859348873083	0.0106053694712	0.0429582400164	-0.0162754813729	-0.0535567912574	0.0188021546574	0.0362851270485	-0.0656203655568	0.00924008936544	0.0617880822899	1.0	0.078374764824	0.00115200570592	-0.114527244204	-0.0729217491432	0.0206556413003	0.0778936325372	0.0208996372886	-0.00258959785673	-0.0314183626052	-0.0133816429265	-0.0430646923183	-0.0047684561642	0.00957448405911	-0.00257004109248	-0.00978583453459	-0.0330630529237	-0.0846656130161	0.0387091395417	-0.00336655125793	-0.065171834662	-0.00691952001522	0.00913319557852	-0.0447931243786	-0.0757539810217	-0.0266926967769	0.0165940447244	-0.022620153112	-0.0174602255796	0.0225775166496	0.0193696819865	-0.0323850850558	-0.0584478642628	0.0322871005312	0.0115847390355	-0.0231623202019	-0.00948138319779	-0.0300057323849	0.0701429527148	0.0115944834357	-0.022198909829	0.00135171841043	0.0105093186974
k__Bacteria;p__Proteobacteria;c__Betaproteobacteria;o__Burkholderiales;f__Sutterellaceae;g__Sutterella;s__Sutterella_wadsworthensis	0.0114629415955	-0.0163332449188	-0.025906012527	-0.041990080416	0.00142044672342	-0.000663419624662	-0.0343002066742	0.0125520914813	-0.0337885624858	-0.0549159372334	-0.0165172960644	0.0514604876304	0.0304110481837	-0.00300375155059	-0.0307139883844	0.0175180095551	0.078374764824	1.0	-0.0259533164997	-0.0560119736453	0.0192718277201	0.00675393912718	0.0306485393736	0.0321031063287	-0.0516408105234	-0.0613450819874	0.0365986007076	0.033510618175	0.0178640072601	0.0250964759474	-0.00390786253161	-0.0348482478403	0.030557524694	-0.00672403582217	-0.0293195350958	-0.0139146698601	-0.0324337121235	-0.0204476709558	-0.0217682419137	-0.0124261378171	-0.0472671693718	-0.00846300537966	-0.0429900778044	-0.00854916232632	0.0175864198147	-0.037305878077	-0.00470641320693	0.014784623205	-0.0526171167969	-0.04990982687	-0.080777161273	0.0189878918191	-0.0247300038787	0.0274717503351	-0.0717757846793	-0.00770487575618	0.0289832187497	-0.0943860240037	-0.03232420942
k__Bacteria;p__Bacteroidetes;c__Bacteroidia;o__Bacteroidales;f__Porphyromonadaceae;g__Barnesiella;s__Barnesiella_intestinihominis	-0.032592873122	-0.0332410852398	-0.0360055257889	-0.08429648313	-0.0916172011177	0.0286985196753	0.0235363646076	-0.0147428666816	-0.031220877562	0.0255202934763	-0.0192203546439	0.011327637561	-0.0139744377434	-0.0103048103176	0.00200096605024	0.058717334138	0.00115200570592	-0.0259533164997	1.0	-0.00360834894436	0.00595267048486	-0.0176290496396	0.0447772835609	-0.0384700468162	0.0108110189888	0.0595574696205	-0.0575990666822	0.0904712313102	-0.0741872028323	0.027396004661	0.0514555765085	0.0535622893634	-0.00976615223962	-0.000946546117885	0.00337191277977	-0.0940872405462	-0.0225817769972	-0.0481104995054	-0.0208103079829	-0.0394407148367	-0.00594385649128	-0.0214651764056	-0.00595939304627	-0.00912180096043	-0.000426957324979	0.0081987287263	0.0104872893473	0.01852784662	0.0517992454629	-0.0549029735893	0.00637951345715	0.0463698143113	-0.00178653362215	-0.00645312615562	-0.0688029736126	0.0395979825775	-0.023041129132	0.0354737441044	-0.0291134591231
k__Bacteria;p__Bacteroidetes;c__Bacteroidia;o__Bacteroidales;f__Odoribacteraceae;g__Odoribacter;s__Odoribacter_splanchnicus	-0.0836829967343	0.0404593721229	-0.0357873429667	-0.0427986000201	-0.00509898869588	-0.0481338245371	-0.0091085330581	-0.0507332792492	-0.0667820832817	0.0290717337782	0.0129020100466	-0.0704110633759	-0.00532727880642	0.00688912873936	-0.06892078916	-0.0404272421247	-0.114527244204	-0.0560119736453	-0.00360834894436	1.0	0.0136194940552	-0.0110814686516	0.0405798922177	-0.0993013611997	-0.0480755948953	-0.0091593192654	-0.00183235866283	0.0155165873216	-0.0239746330434	-0.0424232780182	-0.0494052765122	0.00744768298558	-0.0297832843147	-0.0225817497818	-0.0006900556177	0.0278955150125	0.0361436980312	-0.0536180058399	0.0438492172003	-0.0680091196391	0.0626536505592	-0.0177414909897	-0.0802435005752	0.0182483026753	0.0588896764866	0.0545327141156	0.0707799447859	-0.0577349134568	-0.0142479701509	0.0926285131044	-0.00774432522855	0.0217341954459	-0.0453565184058	-0.00464513807154	0.0162742314862	0.0147947128598	-0.013987410222	0.0546252675714	-0.0414429643585
k__Bacteria;p__Bacteroidetes;c__Bacteroidia;o__Bacteroidales;f__Bacteroidaceae;g__Bacteroides;s__Bacteroides_salyersiae	-0.0636145413078	-0.00673703804821	0.0133622679385	0.00935028395969	-0.0137422489393	0.0258101345048	0.064033343057	-0.0565302762418	-0.0043355524762	-0.0145134375401	-0.0133604578481	-0.011364877874	-0.0132990076176	-0.0234313114221	-0.0820873630969	0.0161703335682	-0.0729217491432	0.0192718277201	0.00595267048486	0.0136194940552	1.0	0.0791107926104	-0.0493451585219	-0.00842593022454	-0.0432886683949	-0.0609599197694	-0.0128013168466	-0.0263058447448	-0.0753916056681	-0.0918110239887	-0.0191519715388	0.0881318994113	0.0179387030927	0.00423225842968	-0.0385346334896	0.040475523254	0.0147135197437	0.00648486475082	-0.0421751013043	-0.0743037816465	0.0397051632357	0.0278754418447	-0.0350108712286	-0.00365163196543	0.00148772784071	-0.0301525189242	-0.0550262113564	0.0277409078714	0.0209123935586	-0.00148158163617	-0.00965348858615	-0.0530685502621	-0.0813401425433	-0.00649455545062	-0.0625971795351	-0.0526082956964	0.0382807548426	0.0569557680814	-0.0290490006871
k__Bacteria;p__Firmicutes;c__Clostridia;o__Clostridiales;f__Ruminococcaceae;g__Ruminiclostridium;s__[Eubacterium]_siraeum	-0.0160349974744	-0.0396635701508	0.00335729546308	-0.0336618654572	-0.0436581732146	-0.090165471736	-0.00860205592235	0.0290562559637	-0.0128092292056	-0.0277650724997	0.0343967830564	-0.0214281363098	-0.0760029715809	-0.076855633683	-0.0145076190018	-0.0232963425284	0.0206556413003	0.00675393912718	-0.0176290496396	-0.0110814686516	0.0791107926104	1.0	0.0260416719123	-0.0803602994162	0.017943000201	-0.0457927254129	-0.0373081522743	-0.104881041287	-0.0140454138073	0.0656621955213	0.0131256977938	0.0107463415495	0.0114019744842	-0.0342052717446	0.0438685390321	0.0321355702958	0.00994529855031	0.0446909266336	0.0278887849787	-0.00116940261787	0.0413089124473	0.00288417111597	-0.0390000085399	-0.0671856066791	-0.0410335358306	0.0232009568912	0.0111719628369	0.0355489561034	-0.0104249102896	-0.0387910381891	0.00270746755036	-0.021101854977	0.0218281306504	-0.0435249960578	-0.00494930483641	-0.0476533499613	0.0341647163803	-0.0288595464354	0.0392941956317
k__Bacteria;p__Proteobacteria;c__Betaproteobacteria;o__Burkholderiales;f__Sutterellaceae;g__Parasutterella;s__Parasutterella_excrementihominis	0.0138123521977	0.00334720077266	0.00542098348388	-0.0489965162288	-0.0136854633945	0.0080134247112	-0.0524027935692	0.000150698639064	0.0219838138182	-0.0180780681025	0.0211427828996	-0.0150617017554	0.0207781305723	0.0353943996779	0.00523719007035	-0.0471236575701	0.0778936325372	0.0306485393736	0.0447772835609	0.0405798922177	-0.0493451585219	0.0260416719123	1.0	-0.0233210858369	-0.0180593777324	-0.00471795927234	-0.0480134724807	0.0027042247163	0.0138514030072	-0.0669936162176	0.0472664504999	0.00450652280214	-0.0363021346266	-0.0464391572036	0.0322760709305	-0.0238412348757	0.0315269824912	-0.0598757401251	-0.018708715825	-0.0164750235963	-0.0709623326858	0.0201975094414	-0.0372203934726	0.02867409306	0.00777493743274	-0.0268998102261	0.0352051079948	-0.027473854483	-0.0554492345855	0.0204046889202	0.00495952681627	-0.0249783340235	-0.0120854090203	0.02183996793	0.0315858063829	-0.0370953005608	0.0175694725079	0.00522310766738	-0.0563423747391
k__Bacteria;p__Actinobacteria;c__Actinobacteria;o__Bifidobacteriales;f__Bifidobacteriaceae;g__Bifidobacterium;s__Bifidobacterium_adolescentis	0.0373471940414	-0.101061181993	-0.0653282658652	-0.00601110654277	0.0625759526747	0.0293321282057	0.00614233688238	-0.0282037784003	-0.00714076727859	-0.00675365184194	-0.0464070056	0.00888337367158	-0.0380390686992	-0.0305553414865	0.0137263126114	0.00144330353505	0.0208996372886	0.0321031063287	-0.0384700468162	-0.0993013611997	-0.00842593022454	-0.0803602994162	-0.0233210858369	1.0	-0.0935143875909	0.0337915665794	0.0164200619968	-0.0143126183528	-0.0918423716822	0.027577251859	-0.0762464361069	-0.057561112956	-0.0490283475293	-0.0147970064458	0.0487470604721	-0.00935379994839	-0.0372279956856	-0.0628745105393	0.0096868565539	-0.0316746884071	-0.0104220264175	-0.0304285033632	-0.0414329267137	0.0562488205511	-0.00989005665142	-0.028841548412	-0.0532885405262	0.0205041557937	0.0857635750642	0.00936777739192	0.00551589396665	-0.0444375919616	-0.0257692811601	0.0426353724823	0.017354407448	0.0444900971365	-0.0326971197898	-0.00634861157269	0.0230234483489
k__Bacteria;p__Firmicutes;c__Clostridia;o__Clostridiales;f__Oscillospiraceae;g__Oscillibacter;s__Oscillibacter_sp._KLE_1745	-0.0369815019355	-0.0390143275093	0.0462293086082	-0.00958594868237	-0.0480575626539	-0.0339505543887	-0.0557506849154	-0.035333002447	0.0103670702412	-0.00683453556446	0.0231353910956	-0.0316519204225	0.0230040450278	0.022566720028	0.0382253034359	0.0190162467164	-0.00258959785673	-0.0516408105234	0.0108110189888	-0.0480755948953	-0.0432886683949	0.017943000201	-0.0180593777324	-0.0935143875909	1.0	0.0275129889422	0.0479103965079	-0.0399260630413	0.0344773538517	-0.0511240279475	0.00855432963966	0.0249066693599	-0.0698858338533	-0.015766533444	-0.130172721849	-0.0468529931227	-0.0160639793087	0.0408800827466	0.0805530169814	0.00909538302502	0.0494698287806	0.0337711226011	0.00101519539225	-0.00773369473802	-0.0321200120679	-0.0554959222616	-0.0383471932344	-0.00173307002693	-0.0260690223883	-0.0538286762239	-0.0569299630478	-0.0406913487177	-0.0179448654231	-0.0675732252518	-0.0454929439902	-0.00393753552777	-0.0473311505412	0.0727235571622	-0.0517045934896
k__Bacteria;p__Bacteroidetes;c__Bacteroidia;o__Bacteroidales;f__Bacteroidaceae;g__Bacteroides;s__Bacteroides_coprophilus	0.0537712388603	0.0184043487118	-0.0571584017369	-0.019479360941	0.0545552466097	-0.0406321819319	-0.000126799176824	-0.0509599838679	-0.0301833100751	0.0885318010442	-0.0643851507332	-0.0677510533955	-0.0496847871516	0.00692356095787	0.0245868973257	0.004084544291	-0.0314183626052	-0.0613450819874	0.0595574696205	-0.0091593192654	-0.0609599197694	-0.0457927254129	-0.00471795927234	0.0337915665794	0.0275129889422	1.0	-0.0300580157785	0.015832159725	-0.0323290340184	-0.0554951602925	-0.012147928931	-0.0514415224941	0.0634039393404	0.0172358143999	-0.0251203225318	0.0102002131363	-0.0278470175263	0.0241215336796	-0.00197914581042	0.0139272165099	-0.0238902669723	0.00765804527028	0.00813114145769	-0.00651688539204	0.0168207781199	0.0563289084543	-0.047344230927	-0.0880351243929	-0.0483454958414	0.0745219709021	0.0660161921081	-0.0354626114641	-0.0281591729745	-0.0136091676146	-0.0486691132384	-0.0669668775851	-0.0537134493542	0.00325369083863	-0.0418889990926
k__Bacteria;p__Firmicutes;c__Clostridia;o__Clostridiales;f__Lachnospiraceae;g__Roseburia;s__Roseburia_intestinalis	-0.104917021983	0.0112636073645	0.00551841137122	-0.0155771844348	-0.0257037887399	-0.0645008635521	-0.124023284869	-0.0247655031993	-0.0403677350022	0.00700698310329	-0.0461806830862	-0.0267633292357	0.00706133570298	-0.0261271644556	-0.0187365624728	0.0439452620738	-0.0133816429265	0.0365986007076	-0.0575990666822	-0.00183235866283	-0.0128013168466	-0.0373081522743	-0.0480134724807	0.0164200619968	0.0479103965079	-0.0300580157785	1.0	-0.0159743618927	0.0357351543287	-0.07437213011	-7.16002094151e-05	0.0113941210245	0.0021480354958	0.0282779646326	-0.0981538620232	0.0355255051076	0.0544627437638	-0.0355173739528	0.0136063167845	0.0134541085685	-0.0163074094775	0.00226889297512	0.0242673805162	-0.0244549663497	-0.0195338773808	-0.0141819396158	-0.0253971823375	-0.0482435409542	-0.0167725079978	0.00912468981348	-0.0797035887997	-0.0340382374352	-0.0112673488865	-0.0417522617927	0.012944428233	-0.00513052703517	-0.00302841233675	-0.0554760780794	0.00711759780372
k__Bacteria;p__Firmicutes;c__Clostridia;o__Clostridiales;f__Lachnospiraceae;g__Roseburia;s__Roseburia_hominis	-0.0164486083522	-0.0176849550934	0.0352372181011	-0.0151457706088	0.0448735961548	0.0292447385494	0.0161275175303	0.0430347723075	0.0492823467853	-0.0392681355722	-0.0943272178563	-0.0134830703424	0.0107238123496	-0.0372249098179	-0.0199890994877	-0.0108206721182	-0.0430646923183	0.033510618175	0.0904712313102	0.0155165873216	-0.0263058447448	-0.104881041287	0.0027042247163	-0.0143126183528	-0.0399260630413	0.015832159725	-0.0159743618927	1.0	-0.00673544191864	-0.00746251185813	0.104207711968	-0.0500412814401	-0.0381217720478	-0.0490907610359	-0.00451262243122	-0.0437593797833	-0.022100999193	-0.0282301406961	0.0490804487844	-0.0245139274023	-0.033753790542	0.0875740105715	2.30646510997e-05	-0.0556412029397	-0.00966216367648	-0.0220243292054	-0.00014581464647	-0.0423896905393	-0.0104641280223	0.0332016589698	-0.00282822522197	-0.0211588396328	0.0332198506613	0.00982738908513	-0.0268256537331	0.00522884144563	-0.010978028019	-0.0519985925328	-0.062734630778
k__Bacteria;p__Bacteroidetes;c__Bacteroidia;o__Bacteroidales;f__Porphyromonadaceae;g__Parabacteroides;s__Parabacteroides_johnsonii	-0.0540200101978	-0.0793892803799	0.0426395147722	0.0208372666619	0.0128505044994	0.0143043768154	-0.0514173786097	0.0276471215839	0.0331081302657	0.027075049593	-0.0591485964707	0.0556242099254	-0.0655413450246	0.0255620823176	-0.0167829233107	0.0363076015069	-0.0047684561642	0.0178640072601	-0.0741872028323	-0.0239746330434	-0.0753916056681	-0.0140454138073	0.0138514030072	-0.0918423716822	0.0344773538517	-0.0323290340184	0.0357351543287	-0.00673544191864	1.0	0.014273325285	0.0451101118529	0.0222336876657	-0.0136334552789	0.011100880087	0.0243894679439	-0.0287864013691	0.0225516727462	0.00221254157441	0.0138794229854	0.0148595291215	-0.0708046297538	-0.00437777305541	0.014198528672	-0.00820306666375	-0.0130625407665	0.0126444548006	-0.0214115679002	0.0235111921153	-0.0530839793538	0.00737464748537	0.0651799046446	-0.00669063937397	-0.0417442720707	0.0212211083596	-0.0188536852553	0.0270797895825	-0.0266538391426	-0.0317278552791	-0.0234832810674
k__Bacteria;p__Actinobacteria;c__Actinobacteria;o__Bifidobacteriales;f__Bifidobacteriaceae;g__Bifidobacterium;s__Bifidobacterium_longum	0.044559034088	-0.0353360474485	-0.0262121273278	0.0526471215944	-0.00533888447606	-0.0140090217476	0.0154341819179	-0.0393476773305	-0.0798158145447	-0.0402095988876	0.0206751349374	0.000627848205651	0.0228418650291	0.027041263305	-0.0204493560302	-0.04207270632	0.00957448405911	0.0250964759474	0.027396004661	-0.0424232780182	-0.0918110239887	0.0656621955213	-0.0669936162176	0.027577251859	-0.0511240279475	-0.0554951602925	-0.07437213011	-0.00746251185813	0.014273325285	1.0	-0.0671972643683	-0.0959991495945	0.0192626656441	0.0283752799419	-0.0185324688025	-0.00963582417127	-0.0588609456187	-0.0278332816502	0.0267810447668	0.000981531414862	-0.0398194680798	-0.00377016131365	0.0627877444171	0.0459366664772	-0.0536944605299	0.13692120967	0.0220946075118	-0.00817091997811	-0.00465168557415	-0.00811474087955	-0.0362125915433	-0.0220803819316	-0.0383031596418	-0.0610862668343	0.00400760719626	0.0650327507401	-0.0643483632241	-0.000169135352704	0.023832514168
