#taxonomy	k__Bacteria;p__Bacteroidetes;c__Bacteroidia;o__Bacteroidales;f__Bacteroidaceae;g__Bacteroides;s__Bacteroides_vulgatus	k__Bacteria;p__Bacteroidetes;c__Bacteroidia;o__Bacteroidales;f__Bacteroidaceae;g__Bacteroides;s__Bacteroides_uniformis	k__Bacteria;p__Bacteroidetes;c__Bacteroidia;o__Bacteroidales;f__Rikenellaceae;g__Alistipes;s__Alistipes_putredinis	k__Bacteria;p__Bacteroidetes;c__Bacteroidia;o__Bacteroidales;f__Prevotellaceae;g__Prevotella;s__Prevotella_copri	k__Bacteria;p__Bacteroidetes;c__Bacteroidia;o__Bacteroidales;f__Bacteroidaceae;g__Bacteroides;s__Bacteroides_stercoris	k__Bacteria;p__Bacteroidetes;c__Bacteroidia;o__Bacteroidales;f__Bacteroidaceae;g__Bacteroides;s__Bacteroides_ovatus	k__Bacteria;p__Bacteroidetes;c__Bacteroidia;o__Bacteroidales;f__Rikenellaceae;g__Alistipes;s__Alistipes_shahii	k__Bacteria;p__Firmicutes;c__Clostridia;o__Clostridiales;f__Ruminococcaceae;g__Faecalibacterium;s__Faecalibacterium_prausnitzii	k__Bacteria;p__Bacteroidetes;c__Bacteroidia;o__Bacteroidales;f__Rikenellaceae;g__Alistipes;s__Alistipes_finegoldii	k__Bacteria;p__Bacteroidetes;c__Bacteroidia;o__Bacteroidales;f__Porphyromonadaceae;g__Parabacteroides;s__Parabacteroides_distasonis	k__Bacteria;p__Bacteroidetes;c__Bacteroidia;o__Bacteroidales;f__Bacteroidaceae;g__Bacteroides;s__Bacteroides_thetaiotaomicron	k__Bacteria;p__Bacteroidetes;c__Bacteroidia;o__Bacteroidales;f__Bacteroidaceae;g__Bacteroides;s__Bacteroides_coprocola	k__Bacteria;p__Bacteroidetes;c__Bacteroidia;o__Bacteroidales;f__Bacteroidaceae;g__Bacteroides;s__Bacteroides_cellulosilyticus	k__Bacteria;p__Bacteroidetes;c__Bacteroidia;o__Bacteroidales;f__Rikenellaceae;g__Alistipes;s__Alistipes_obesi	k__Bacteria;p__Firmicutes;c__Clostridia;o__Clostridiales;f__Lachnospiraceae;g__;s__[Eubacterium]_rectale	k__Bacteria;p__Bacteroidetes;c__Bacteroidia;o__Bacteroidales;f__Bacteroidaceae;g__Bacteroides;s__Bacteroides_plebeius	k__Bacteria;p__Bacteroidetes;c__Bacteroidia;o__Bacteroidales;f__Bacteroidaceae;g__Bacteroides;s__Bacteroides_fragilis	k__Bacteria;p__Proteobacteria;c__Betaproteobacteria;o__Burkholderiales;f__Sutterellaceae;g__Sutterella;s__Sutterella_wadsworthensis	k__Bacteria;p__Bacteroidetes;c__Bacteroidia;o__Bacteroidales;f__Porphyromonadaceae;g__Barnesiella;s__Barnesiella_intestinihominis	k__Bacteria;p__Bacteroidetes;c__Bacteroidia;o__Bacteroidales;f__Odoribacteraceae;g__Odoribacter;s__Odoribacter_splanchnicus	k__Bacteria;p__Bacteroidetes;c__Bacteroidia;o__Bacteroidales;f__Bacteroidaceae;g__Bacteroides;s__Bacteroides_salyersiae	k__Bacteria;p__Firmicutes;c__Clostridia;o__Clostridiales;f__Ruminococcaceae;g__Ruminiclostridium;s__[Eubacterium]_siraeum	k__Bacteria;p__Proteobacteria;c__Betaproteobacteria;o__Burkholderiales;f__Sutterellaceae;g__Parasutterella;s__Parasutterella_excrementihominis	k__Bacteria;p__Actinobacteria;c__Actinobacteria;o__Bifidobacteriales;f__Bifidobacteriaceae;g__Bifidobacterium;s__Bifidobacterium_adolescentis	k__Bacteria;p__Firmicutes;c__Clostridia;o__Clostridiales;f__Oscillospiraceae;g__Oscillibacter;s__Oscillibacter_sp._KLE_1745	k__Bacteria;p__Bacteroidetes;c__Bacteroidia;o__Bacteroidales;f__Bacteroidaceae;g__Bacteroides;s__Bacteroides_coprophilus	k__Bacteria;p__Firmicutes;c__Clostridia;o__Clostridiales;f__Lachnospiraceae;g__Roseburia;s__Roseburia_intestinalis	k__Bacteria;p__Firmicutes;c__Clostridia;o__Clostridiales;f__Lachnospiraceae;g__Roseburia;s__Roseburia_hominis	k__Bacteria;p__Bacteroidetes;c__Bacteroidia;o__Bacteroidales;f__Porphyromonadaceae;g__Parabacteroides;s__Parabacteroides_johnsonii	k__Bacteria;p__Actinobacteria;c__Actinobacteria;o__Bifidobacteriales;f__Bifidobacteriaceae;g__Bifidobacterium;s__Bifidobacterium_longum	k__Bacteria;p__Firmicutes;c__Clostridia;o__Clostridiales;f__;g__Flavonifractor;s__Flavonifractor_plautii	k__Bacteria;p__Firmicutes;c__Clostridia;o__Clostridiales;f__Clostridiaceae;g__Clostridium;s__Clostridium_phoceensis	k__Bacteria;p__Verrucomicrobia;c__Verrucomicrobiae;o__Verrucomicrobiales;f__Akkermansiaceae;g__Akkermansia;s__Akkermansia_muciniphila	k__Bacteria;p__Bacteroidetes;c__Bacteroidia;o__Bacteroidales;f__Prevotellaceae;g__Paraprevotella;s__Paraprevotella_xylaniphila	k__Bacteria;p__Firmicutes;c__Clostridia;o__Clostridiales;f__Ruminococcaceae;g__Ruminococcus;s__Ruminococcus_callidus	k__Bacteria;p__Bacteroidetes;c__Bacteroidia;o__Bacteroidales;f__Rikenellaceae;g__Alistipes;s__Alistipes_senegalensis	k__Bacteria;p__Firmicutes;c__Clostridia;o__Clostridiales;f__Lachnospiraceae;g__Blautia;s__Blautia_sp._KLE_1732	k__Bacteria;p__Bacteroidetes;c__Bacteroidia;o__Bacteroidales;f__Bacteroidaceae;g__Bacteroides;s__Bacteroides_oleiciplenus	k__Bacteria;p__Firmicutes;c__Clostridia;o__Clostridiales;f__Ruminococcaceae;g__Ruminococcus;s__Ruminococcus_bicirculans	k__Bacteria;p__Bacteroidetes;c__Bacteroidia;o__Bacteroidales;f__Bacteroidaceae;g__Bacteroides;s__Bacteroides_fluxus	k__Bacteria;p__Bacteroidetes;c__Bacteroidia;o__Bacteroidales;f__Prevotellaceae;g__Prevotella;s__Prevotella_stercorea	k__Bacteria;p__Firmicutes;c__Clostridia;o__Clostridiales;f__Lachnospiraceae;g__Dorea;s__Dorea_longicatena	k__Bacteria;p__Firmicutes;c__Clostridia;o__Clostridiales;f__Eubacteriaceae;g__Eubacterium;s__[Eubacterium]_eligens	k__Bacteria;p__Firmicutes;c__Clostridia;o__Clostridiales;f__Ruminococcaceae;g__;s__Ruminococcaceae_bacterium_D16	k__Bacteria;p__Firmicutes;c__Clostridia;o__Clostridiales;f__Lachnospiraceae;g__Coprococcus;s__Coprococcus_comes	k__Bacteria;p__Proteobacteria;c__Gammaproteobacteria;o__Enterobacterales;f__Enterobacteriaceae;g__Escherichia;s__Escherichia_coli	k__Bacteria;p__Firmicutes;c__Clostridia;o__Clostridiales;f__Ruminococcaceae;g__Anaerotruncus;s__Anaerotruncus_colihominis	k__Bacteria;p__Firmicutes;c__Clostridia;o__Clostridiales;f__Lachnospiraceae;g__Blautia;s__Blautia_obeum	k__Bacteria;p__Bacteroidetes;c__Bacteroidia;o__Bacteroidales;f__Odoribacteraceae;g__Odoribacter;s__Odoribacter_laneus	k__Bacteria;p__Firmicutes;c__Clostridia;o__Clostridiales;f__Ruminococcaceae;g__Ruminiclostridium;s__[Clostridium]_leptum	k__Bacteria;p__Bacteroidetes;c__Bacteroidia;o__Bacteroidales;f__Porphyromonadaceae;g__Parabacteroides;s__Parabacteroides_goldsteinii	k__Bacteria;p__Firmicutes;c__Clostridia;o__Clostridiales;f__Lachnospiraceae;g__Anaerostipes;s__Anaerostipes_hadrus	k__Bacteria;p__Firmicutes;c__Clostridia;o__Clostridiales;f__Ruminococcaceae;g__Ruminococcus;s__Ruminococcus_lactaris	k__Bacteria;p__Firmicutes;c__Clostridia;o__Clostridiales;f__Clostridiaceae;g__Clostridium;s__Clostridium_sp._L2-50	k__Bacteria;p__Firmicutes;c__Clostridia;o__Clostridiales;f__Clostridiaceae;g__Clostridium;s__Clostridium_sp._M62/1	k__Bacteria;p__Firmicutes;c__Clostridia;o__Clostridiales;f__;g__Intestinimonas;s__Intestinimonas_butyriciproducens	k__Bacteria;p__Actinobacteria;c__Actinobacteria;o__Bifidobacteriales;f__Bifidobacteriaceae;g__Bifidobacterium;s__Bifidobacterium_bifidum	k__Bacteria;p__Firmicutes;c__Negativicutes;o__Veillonellales;f__Veillonellaceae;g__Dialister;s__Dialister_invisus	k__Bacteria;p__Bacteroidetes;c__Bacteroidia;o__Bacteroidales;f__Bacteroidaceae;g__Bacteroides;s__Bacteroides_salanitronis
k__Bacteria;p__Bacteroidetes;c__Bacteroidia;o__Bacteroidales;f__Bacteroidaceae;g__Bacteroides;s__Bacteroides_vulgatus	1.0	-0.0116709485639	0.0214170555282	-0.0201836972835	0.0394670105855	0.0204582977301	0.0338275416036	-0.0398552558963	0.0139754516576	0.0239192935811	-0.0339927225505	0.0599063341477	-0.0105641246954	0.015793086008	-0.0209416795089	-0.000236724185669	0.0177607644611	-0.0243527675206	0.0117829942832	-0.0274980664948	-0.0197500945906	-0.00368640212712	-0.073474696114	0.00587520423579	0.00317790633732	-0.0242524853506	-0.040638020675	-0.0604973003773	-0.0174160112476	0.00860339365017	-0.0584717378797	-0.0194380765892	0.018811953601	-0.0712590513704	-0.0461775177657	0.0557553827516	-0.00151223572651	0.0209945681077	-0.0317931839002	-0.047700786068	0.0062485468932	0.0304122459761	-0.00799915230196	0.0312055015282	-0.063515643574	0.0198333592648	-0.092292496183	0.019153155475	0.026049110108	0.0138321529324	0.0366735371071	-0.00613328631246	-0.0481562873827	0.0462885358886	0.057898674322	-0.0284956523442	0.10702990334	0.0119636268435	-0.0642927718102
k__Bacteria;p__Bacteroidetes;c__Bacteroidia;o__Bacteroidales;f__Bacteroidaceae;g__Bacteroides;s__Bacteroides_uniformis	-0.0116709485639	1.0	0.0326671717934	0.0678441337973	-0.0101923804961	-0.0302951616397	-0.116218434997	0.0233654570267	0.0119713007658	-0.0162203692991	-0.0483683814211	0.0222763996152	0.00367175264984	-0.0417578481836	-0.0232332001882	0.0754486194947	0.0149783914615	0.0245447901757	0.0409306854711	0.0110704582228	-0.0103117143164	-0.010945141986	0.0164850368683	0.000624531571658	-0.0322981308381	-0.0511375241084	0.00390679559132	-0.0245315237598	-0.0614849085877	-0.0162309086503	-0.0692376961359	-0.028168370186	-0.00585514050519	-0.0800580887295	-0.0109990763439	0.00545958967979	-0.00471371280434	-0.00329207103139	0.0234287968635	0.0307836438248	-0.0344718568899	-0.0579050195356	0.0704988989986	-0.0223127587608	-0.00235406081341	0.033991798901	-0.00245833071221	-0.0573863777007	0.0692370404513	0.0117739978975	0.0103809106933	0.00694570315533	-0.00262957136834	-0.0164789301322	0.0186987305616	0.0302969294285	-0.00513573564099	-0.0493111124659	0.0561724447155
k__Bacteria;p__Bacteroidetes;c__Bacteroidia;o__Bacteroidales;f__Rikenellaceae;g__Alistipes;s__Alistipes_putredinis	0.0214170555282	0.0326671717934	1.0	0.0690350590211	-0.0354556880529	0.0321622744185	0.070597569323	-0.0304102555509	-0.00785491420469	-0.0205675928794	0.0481832151678	-0.0992279944906	-0.00762212649281	0.00271343308116	-0.0448017792988	0.0267880835535	0.0140201493466	-0.062128106148	0.0146010959555	0.0659543374089	-0.00928302689535	-0.0578027199664	0.0371716530532	-0.0304368160724	-0.0795620984403	-0.034870687889	0.0233933583281	-0.00482377085936	-0.0571054511518	0.0594896717475	-0.0465044394685	0.0629317560138	0.000514296885787	0.0028677496643	0.0641356054367	-0.0498697911019	-0.032343634542	-0.0148151229728	0.000172519430566	0.0151684494684	-0.0378222494134	-0.0535922022723	-0.0361981864852	0.0241999991546	-0.000477020577743	-0.0249129119525	0.0364810995221	-0.0465298119996	-0.00793574792135	-0.0105724462798	-0.0145227167505	-0.0427240176538	0.00896626876298	-0.0011763729422	-0.00242336458279	0.0142122038128	0.0247146044905	0.0354533017631	-0.00380398013066
k__Bacteria;p__Bacteroidetes;c__Bacteroidia;o__Bacteroidales;f__Prevotellaceae;g__Prevotella;s__Prevotella_copri	-0.0201836972835	0.0678441337973	0.0690350590211	1.0	0.0296208143901	0.0162710160718	-0.105881700337	-0.029941429152	0.0492841217216	0.0544665932622	0.0181815897854	0.0511707373017	-0.0329246296772	0.00533457994607	-0.00831764278835	-0.0371674845673	-0.0424100987775	-0.0548880110343	-0.0204714092637	-0.00584644630491	-0.0397361743716	-0.0724937920225	-0.105098857948	-0.0231414544427	0.0328235655306	-0.10676456707	0.0121567494247	0.0257036140467	-0.0471922519123	0.0323669339328	-0.0169562620363	0.0503417174312	0.0205044020956	-0.019307840648	-0.050582710024	0.00253137197394	-0.0232603102895	0.0343600619953	0.0358658028713	-0.0178219753487	-0.0628145010755	0.0142175885547	0.0585404782247	0.0719459768132	0.024934011852	-0.0800819211474	-0.0472818481302	0.0236386980211	-0.0419479643115	0.00411183135252	0.0545311428554	0.0415143417924	0.011326129484	-0.0832465300928	-0.0103299867776	0.0261841582205	-0.0260464882175	0.0232650712992	-0.00798441430329
k__Bacteria;p__Bacteroidetes;c__Bacteroidia;o__Bacteroidales;f__Bacteroidaceae;g__Bacteroides;s__Bacteroides_stercoris	0.0394670105855	-0.0101923804961	-0.0354556880529	0.0296208143901	1.0	-0.0039646706435	-0.0338933500657	-0.0104803770539	0.0379945816225	0.0326150646086	-0.0238081863044	-0.0411030572829	0.027159125412	-0.0992956955282	0.0254848275419	0.00943790333341	0.0209825585755	-0.029759777606	0.0594039287785	0.0365956652982	0.00647486587583	-0.0208279379068	-0.018369305718	-0.00402827110179	-0.0259167318827	-0.00438749250531	0.0988355907736	0.0302075384945	0.00130814164353	-0.00582866907067	0.0464354935486	0.0112823445044	-0.0262894090467	0.011755881133	-0.0392259036937	-0.0144648672024	-0.0357729898814	0.031316324505	0.0156109822414	0.0162674781973	0.00712899510831	0.0452507409496	-0.00398859406348	-0.0220364427909	0.00791361796346	0.0125100560585	0.0152705085157	-0.042213859915	-0.121823264536	-0.0779883495175	-0.0707448085249	0.00887080260623	-0.0340811919269	-0.0768244587528	0.0896192621493	-0.102523250664	-0.0529772656892	0.0195694695528	-0.0479461923394
k__Bacteria;p__Bacteroidetes;c__Bacteroidia;o__Bacteroidales;f__Bacteroidaceae;g__Bacteroides;s__Bacteroides_ovatus	0.0204582977301	-0.0302951616397	0.0321622744185	0.0162710160718	-0.0039646706435	1.0	0.0724179444827	0.0777208191626	0.00268483524648	0.01008358951	-0.0329469732838	0.0267624993469	0.0414203796653	-0.0373686838495	-0.0145177871995	0.058209842827	0.0124127827144	-0.0996697350478	0.00982923183919	0.0231149857365	0.0136714402253	-0.0232089298936	-0.00704824738454	-0.0247590410908	0.0267541454798	-0.0264539525939	-0.00317476669552	0.0135698163077	0.039475243182	-0.0345299925986	-0.029521247922	-0.0572103169022	-0.05095128238	0.0524451952592	-0.00937549003474	0.0227976565198	-0.0350124158777	-0.0189575333824	-0.0323102147164	0.0365932883874	-0.0549573564958	-0.0045443066747	-0.00662401174011	-0.00975239745102	0.0305820548884	-0.0421756141873	-0.0809181916216	-0.0355786106591	-0.104611876971	0.00257258186691	-0.0388904279624	-0.0435052259944	0.108646089507	-0.076355922191	0.0124181110758	-0.0131743856865	-0.0120576824449	0.0801314459612	-0.0311358006549
k__Bacteria;p__Bacteroidetes;c__Bacteroidia;o__Bacteroidales;f__Rikenellaceae;g__Alistipes;s__Alistipes_shahii	0.0338275416036	-0.116218434997	0.070597569323	-0.105881700337	-0.0338933500657	0.0724179444827	1.0	0.0482522241112	0.006677061182	0.0219207169389	0.00368426137299	-0.0572535045555	0.0183261392942	0.0349705618012	-0.0475006169681	-0.0137927645682	-0.00326246387343	-0.0141889036697	-0.0169919881497	-0.0162391211934	-0.0190041324584	-0.023923164698	0.0505622153213	0.0256906940996	0.0104949032149	-0.0843527372168	-0.0410571502282	-0.000228028754702	0.012732946784	0.0175139967061	-0.0591197069509	-0.041384028926	0.0275689621575	-0.0756860137443	0.046083305837	0.0382657632544	-0.0717194365557	-0.0287751303143	0.0136106490067	0.0467334156187	-0.00574237930811	-0.0429854195508	-0.0947108926831	-0.0559427447709	0.0427541507554	-0.0280594545424	-0.0363041862771	-0.0272204278253	-0.0196083140902	0.0318831013798	0.100128260154	-0.0498497875119	0.0159994521931	-0.00514644015668	0.0247364908436	0.0419194332014	-0.02637232386	0.0109788146077	0.0174128178058
k__Bacteria;p__Firmicutes;c__Clostridia;o__Clostridiales;f__Ruminococcaceae;g__Faecalibacterium;s__Faecalibacterium_prausnitzii	-0.0398552558963	0.0233654570267	-0.0304102555509	-0.029941429152	-0.0104803770539	0.0777208191626	0.0482522241112	1.0	-0.00542438394883	-0.024887402535	-0.00218684107786	-0.0103953971932	-0.0124659411511	-0.0262333636077	0.0366255510189	-0.0261253277112	-0.0727434350541	0.0374803620574	0.00193636089026	-0.0229885895274	-0.0591826477161	0.0789120777876	0.0335449385	-0.0681001933086	-0.0606848874285	-0.0124848221718	-0.0487452630187	-0.0395766888545	-0.00640707153943	-0.0375583389717	-0.024072477815	0.0410370895831	-0.0635412287431	-0.0143926891908	0.00981482772758	0.0292196959891	0.0179484370158	-0.0550866494368	0.0523448247525	-0.0337894678337	0.058646381543	-0.00329257620247	-0.0562561020917	-0.0492070753276	0.0299339540398	-0.0689467030632	-0.0252601091098	-0.0467406407281	0.0361616526649	0.00664986304064	0.00659940206956	-0.0544169874325	-0.0529843994421	-0.000951048060968	0.0259904069495	0.0405989656901	-0.0379800823071	0.00142188156823	-0.0309176862667
k__Bacteria;p__Bacteroidetes;c__Bacteroidia;o__Bacteroidales;f__Rikenellaceae;g__Alistipes;s__Alistipes_finegoldii	0.0139754516576	0.0119713007658	-0.00785491420469	0.0492841217216	0.0379945816225	0.00268483524648	0.006677061182	-0.00542438394883	1.0	-0.0400722637437	0.00439457610976	-0.0713377086023	-0.0401859474817	-0.000442806926815	-0.0206548889666	0.0295076179837	0.0207351382272	0.0440416057025	-0.0142475850319	-0.058397028515	-0.0427779239494	0.0298882982814	-0.022458590427	-0.0161339042581	0.0854364074049	0.0269224989581	0.0720043847971	0.00755780431674	-0.0291370183413	-0.0353218460084	-0.0192478366127	-0.00184492783344	-0.0504731702317	-0.0571918275191	-0.0866453185992	-0.0344209450981	-0.00517348371982	0.0279193395871	0.0221885429363	-0.0519002768322	-0.0364740552541	0.0319697464655	-0.0721668562258	0.00787504516953	-0.00372777487897	-0.0667969131372	0.00941351548596	0.00198900145587	-0.0222649782181	-0.0457961699662	-0.0171623396973	-0.0634715340412	-0.00550674078938	0.0259239967313	0.0253301610328	-0.0653537679748	-0.020983920374	0.0134479984442	-0.00849863284335
k__Bacteria;p__Bacteroidetes;c__Bacteroidia;o__Bacteroidales;f__Porphyromonadaceae;g__Parabacteroides;s__Parabacteroides_distasonis	0.0239192935811	-0.0162203692991	-0.0205675928794	0.0544665932622	0.0326150646086	0.01008358951	0.0219207169389	-0.024887402535	-0.0400722637437	1.0	-0.0210018614724	-0.0324161983142	-0.0214880824058	0.0526757036128	0.00965867641281	0.00527590133251	0.0130312347559	-0.00559311901112	-0.0390607567261	0.0119921218717	-0.0209300688194	0.00535569304975	-0.00382041673864	-0.0314672752304	-0.0673712233747	0.0882083963671	0.0571749130757	-0.0323338107219	0.0144869792268	-0.0604661925951	-0.0327069491678	0.00348705124992	-0.0610319930462	0.0170266853836	0.0133877103739	0.0660772005895	0.0362104827148	0.093549300377	-0.0194824573816	0.000550400023295	-0.0450156571942	-0.00726321733896	-0.00300217360616	-0.0129851665252	0.0288596231968	-0.0324762886037	0.0151838699899	0.00196643982067	-0.0446709740654	0.066200750764	-0.08198863713	-0.0484224270895	0.0380529678815	-0.05697868122	-0.0435119825651	-0.0228153518011	0.0264863805501	-0.0268679581174	0.00884781259148
k__Bacteria;p__Bacteroidetes;c__Bacteroidia;o__Bacteroidales;f__Bacteroidaceae;g__Bacteroides;s__Bacteroides_thetaiotaomicron	-0.0339927225505	-0.0483683814211	0.0481832151678	0.0181815897854	-0.0238081863044	-0.0329469732838	0.00368426137299	-0.00218684107786	0.00439457610976	-0.0210018614724	1.0	-0.0627625162188	-0.0335522016315	0.0614114813121	-0.0276870252507	-0.0185685212649	0.0226214495184	0.0374695069233	0.06193418188	-0.0689338703937	-0.000344344786516	-0.0337658521444	-0.0362728676796	0.0249063126766	0.0384450850528	0.0271326950508	-0.000345442860946	-0.035691643419	0.0118596602134	-0.0158731081409	0.00476769236024	0.0205486505025	-0.0451039839674	0.0252025724624	-0.0085145600939	0.0749890719865	-0.0187415331735	-0.0608273805048	-0.0320025025292	-0.0294841425194	0.0586922527537	-0.0204495063593	0.0313092663493	0.00703898326282	0.0376173732791	0.0844253505865	-0.0419843024128	-0.0809799897506	-0.0593452878654	-0.0222730979325	0.0045616097317	-0.0634199910107	-0.00496789004599	-0.0270049757699	-0.0265008406387	0.0176139729558	-0.0394959283815	-0.048441837926	0.0131146910376
k__Bacteria;p__Bacteroidetes;c__Bacteroidia;o__Bacteroidales;f__Bacteroidaceae;g__Bacteroides;s__Bacteroides_coprocola	0.0599063341477	0.0222763996152	-0.0992279944906	0.0511707373017	-0.0411030572829	0.0267624993469	-0.0572535045555	-0.0103953971932	-0.0713377086023	-0.0324161983142	-0.0627625162188	1.0	-0.0230509486203	-0.0408370958605	-0.0492753609801	-0.0110253927667	0.0526985487258	0.011824500099	0.0212366665175	-0.00296495539303	0.0327942148471	-0.0408256979806	0.0319701494097	-0.0192838900149	0.0535069883424	0.0361977732973	0.0466924447686	0.0329749223322	0.0508501842896	-0.020855297365	-0.0117423754475	0.00758544038907	-0.0300841548411	-0.0866711699129	-0.0474258662826	0.0359944591993	-0.0261743575516	0.0324126830035	-0.0480224073702	-0.0299832063642	0.0132831402691	0.025183388888	0.0748342786466	-0.000664643583892	-0.0498931342575	-0.04590218199	0.0458970009384	-0.00898885057686	0.00842820216085	0.0431177956843	-0.00772496058559	-0.0221992623152	0.0357698796878	0.0185383553595	-0.052495559734	-0.0387477857225	-0.0415968854336	-0.00650836243689	0.0284820129426
k__Bacteria;p__Bacteroidetes;c__Bacteroidia;o__Bacteroidales;f__Bacteroidaceae;g__Bacteroides;s__Bacteroides_cellulosilyticus	-0.0105641246954	0.00367175264984	-0.00762212649281	-0.0329246296772	0.027159125412	0.0414203796653	0.0183261392942	-0.0124659411511	-0.0401859474817	-0.0214880824058	-0.0335522016315	-0.0230509486203	1.0	0.0125037335893	-0.0205063279429	-0.0186563468107	-0.0604153967168	0.0306013014445	0.00731618957205	0.0287949002157	-0.0539709988753	-0.0205769026563	-0.0491030993666	0.0225669060445	-0.00443720455411	0.0488763419451	-0.0505347361759	0.0250699979203	-0.0031854741055	0.0617277901529	-0.0205517313281	-0.0312493970154	-0.0422334578091	0.0146624464439	-0.0495439601385	-0.000115383185435	-0.0543838309524	-0.0532237047063	0.0460939459984	-0.00719503195838	-0.0313582512583	-0.0268616862234	-0.0797906170618	0.0451026347687	-0.0643229310068	0.034955101989	-0.0121588937915	-0.0680418471511	-0.0325635474876	-0.0267939235474	0.00888747381135	-0.0161665504259	0.0219508085323	-0.0250577402855	0.0405976852845	-0.0606059758258	-0.053242417268	0.00689831158466	0.00494045492873
k__Bacteria;p__Bacteroidetes;c__Bacteroidia;o__Bacteroidales;f__Rikenellaceae;g__Alistipes;s__Alistipes_obesi	0.015793086008	-0.0417578481836	0.00271343308116	0.00533457994607	-0.0992956955282	-0.0373686838495	0.0349705618012	-0.0262333636077	-0.000442806926815	0.0526757036128	0.0614114813121	-0.0408370958605	0.0125037335893	1.0	0.0678017612898	-0.0222640094944	0.0345512298782	-0.0181249081683	0.0368060380326	-0.0591019590904	-0.0317772323468	-0.0337708571932	0.00352102136034	0.0127248895879	0.00173569532904	0.0215742278217	-0.0881869340975	-0.0558272684075	-0.0569830525899	0.0184484879614	0.00857183580853	-0.0493437261721	-0.0334472318635	-0.0140114107539	0.0348459331194	0.0113358478178	0.0436973852207	-0.0222828945517	-0.0710465724945	-0.0232799647563	0.040942633147	0.0232328899017	-0.0596092059372	-0.00904481984521	0.00282993205189	0.0673324427932	-0.0349322940414	-0.0158040490292	0.0545837127291	0.103470200783	0.0141441442274	0.00711836846323	-0.0180784798037	0.00440261116276	0.0261298458218	-0.00373319252986	0.0231593148724	-0.190980395326	-0.0185271720469
k__Bacteria;p__Firmicutes;c__Clostridia;o__Clostridiales;f__Lachnospiraceae;g__;s__[Eubacterium]_rectale	-0.0209416795089	-0.0232332001882	-0.0448017792988	-0.00831764278835	0.0254848275419	-0.0145177871995	-0.0475006169681	0.0366255510189	-0.0206548889666	0.00965867641281	-0.0276870252507	-0.0492753609801	-0.0205063279429	0.0678017612898	1.0	-0.00711505721142	-0.00591275096185	0.0107313676367	0.0251281258136	0.0318860665426	-0.00124060793044	0.0074961732221	-0.027132608741	-0.0373664645405	-0.044940867672	0.0293298187402	-0.0132386173063	0.053147575218	0.0471292322881	0.0350460394411	0.00258325325219	-0.0177789388695	0.0198976083492	-0.0156242636233	-0.00452530229343	-0.00264507272927	0.0627267718886	-0.0507845333771	0.0177427232844	-0.0374045100036	-0.0763976865349	-0.0229006442536	-0.00637223849397	0.0382415260547	0.0770408302725	0.0124262652732	0.0532845048631	-0.0250241728318	-0.0302599610268	-0.0302697145642	0.027001733249	0.010647240198	-0.0459977727047	0.00359034824483	-0.0212885961985	-0.0256686492781	-0.01305883928	-0.0443951507349	0.0735728710767
k__Bacteria;p__Bacteroidetes;c__Bacteroidia;o__Bacteroidales;f__Bacteroidaceae;g__Bacteroides;s__Bacteroides_plebeius	-0.000236724185669	0.0754486194947	0.0267880835535	-0.0371674845673	0.00943790333341	0.058209842827	-0.0137927645682	-0.0261253277112	0.0295076179837	0.00527590133251	-0.0185685212649	-0.0110253927667	-0.0186563468107	-0.0222640094944	-0.00711505721142	1.0	0.0231723665159	-0.060877451931	-0.0731574291757	-0.022508556276	-0.0327370329805	-0.0119122205674	0.037935268986	0.0302665666987	-0.0544795596022	-0.0533444633237	0.0264493323435	0.000856438559695	-0.0539381735355	0.0225849812448	-0.0148000707836	-0.0220886119445	-0.0025833411653	0.0215731478653	0.0656016984866	-0.0593018088325	-0.0684204238026	-0.00613100865514	-0.00697300180913	-0.043018501354	0.0249033179547	0.00086148923914	-0.0313013925993	-0.0274836902408	-0.00816179477539	-0.0419687712706	-0.103949180606	-0.0216316085453	-0.00621128228563	-0.00348705813768	0.0436522202519	0.021988585282	0.0578079843598	-0.0390235820145	0.04785963795	-0.0673325841858	-0.0436793426323	0.00859744028709	-0.0474745787013
k__Bacteria;p__Bacteroidetes;c__Bacteroidia;o__Bacteroidales;f__Bacteroidaceae;g__Bacteroides;s__Bacteroides_fragilis	0.0177607644611	0.0149783914615	0.0140201493466	-0.0424100987775	0.0209825585755	0.0124127827144	-0.00326246387343	-0.0727434350541	0.0207351382272	0.0130312347559	0.0226214495184	0.0526985487258	-0.0604153967168	0.0345512298782	-0.00591275096184	0.0231723665159	1.0	-0.0209752041112	-0.0762454080206	0.0197950791201	0.02685010098	-0.0154627089645	-0.0202653650684	-0.0112726239394	-0.0171150730272	-0.0017836194574	-0.0302693317297	-0.0325346886182	-0.00661635735901	-0.00452059040774	-0.0704562914816	0.0114512053989	-0.0470983189034	0.038593885786	-0.0698193637506	0.0187838253239	-0.0304559449012	-0.0806082287614	0.0400265879286	-0.0835903720845	-0.0623984140302	0.0171618115408	-0.0603946499631	-0.0422976490438	0.0185243416331	-0.0487942741789	-0.0178547550725	0.00704434965747	0.0148999093636	0.0136829740422	-0.0333434807688	-0.0448508957506	-0.0510472235089	0.0668492142093	0.0628797373498	-0.00751700006923	0.0500472806135	-0.0675028805539	-0.0586465514353
k__Bacteria;p__Proteobacteria;c__Betaproteobacteria;o__Burkholderiales;f__Sutterellaceae;g__Sutterella;s__Sutterella_wadsworthensis	-0.0243527675206	0.0245447901757	-0.062128106148	-0.0548880110343	-0.029759777606	-0.0996697350478	-0.0141889036697	0.0374803620574	0.0440416057025	-0.00559311901112	0.0374695069233	0.011824500099	0.0306013014445	-0.0181249081683	0.0107313676367	-0.060877451931	-0.0209752041112	1.0	-0.026689258099	-0.0240290991113	0.020568936087	-0.0806776248264	-0.0153019800379	0.0560775909433	0.0216902042331	0.00814945665199	0.0105294215051	-0.0312618820042	0.0460698322199	-0.0258879896743	0.0199963488732	-0.0322577216814	-0.0278562361979	0.0326471508756	0.0126867958515	-0.0177094955146	-0.0395750232886	-0.0324328603579	-0.0271145197006	-0.0236958435535	0.0410544933864	-0.000675911974393	0.0304848549232	0.0191505774112	-0.0203289241034	-0.0408280617031	-0.0033124622283	0.0343745021889	-0.0741358194301	-0.0647511066206	-0.0236646316686	-0.0257882718089	-0.00278772707587	-0.0466009657335	0.000625858754729	-0.030687630149	0.0236075209841	-0.0276678549865	-0.0523102230063
k__Bacteria;p__Bacteroidetes;c__Bacteroidia;o__Bacteroidales;f__Porphyromonadaceae;g__Barnesiella;s__Barnesiella_intestinihominis	0.0117829942832	0.0409306854711	0.0146010959555	-0.0204714092637	0.0594039287785	0.00982923183919	-0.0169919881497	0.00193636089026	-0.0142475850319	-0.0390607567261	0.06193418188	0.0212366665175	0.00731618957205	0.0368060380326	0.0251281258136	-0.0731574291757	-0.0762454080206	-0.026689258099	1.0	-0.0510985096745	0.0176880982213	-0.0107125676003	0.0322284825228	-0.00796072557512	0.0122094151876	0.0035255535302	0.0213086834702	-0.0643503189124	-0.0662840172656	0.0178894597464	-0.0448114868241	-0.0602009377421	0.00445037789753	-0.0161879040048	-0.0463843271011	-0.0136824337365	-0.00534770833952	-0.0466118654393	-0.0341022267524	-0.055003222341	0.0011302321812	-0.0145077794987	-0.0533088157881	-0.0867830368482	0.0570775514955	0.0137547608602	-0.0944263239347	-0.0604027110744	-0.0580210363025	-0.0383354135603	0.0268934495467	0.0596051966339	0.0590359288728	0.00824208003101	-0.00796809748561	-0.0232315930082	-0.0181801079976	0.0287177046124	-0.00823782025474
k__Bacteria;p__Bacteroidetes;c__Bacteroidia;o__Bacteroidales;f__Odoribacteraceae;g__Odoribacter;s__Odoribacter_splanchnicus	-0.0274980664948	0.0110704582228	0.0659543374089	-0.00584644630491	0.0365956652982	0.0231149857365	-0.0162391211934	-0.0229885895274	-0.058397028515	0.0119921218717	-0.0689338703937	-0.00296495539303	0.0287949002157	-0.0591019590904	0.0318860665426	-0.022508556276	0.0197950791201	-0.0240290991113	-0.0510985096745	1.0	-0.0216734355553	-0.0109026056758	-0.0334358956141	-0.0330471040508	-0.0176043439436	-0.00455522589547	0.00747033511331	-0.0117479467143	0.068157810144	-0.0157035552978	0.0204865410503	-0.0269008865601	-0.00190756997226	0.00846105651079	-0.0564969646394	-0.0740685513373	-0.0475716136341	0.0544172144202	0.00631641115208	-0.0756783666606	0.0788061359949	-0.00324026501163	0.0177677930883	-0.0695420273487	-0.021560015122	-0.0592353385981	0.0731591527324	-0.00512912075469	0.00993566648381	-0.0563384534295	-0.017975108067	-0.0160503455388	-0.00839835417791	0.025683405364	0.0110089630869	-0.0632606798584	-0.0614627674017	0.00544590326494	0.0088826979193
k__Bacteria;p__Bacteroidetes;c__Bacteroidia;o__Bacteroidales;f__Bacteroidaceae;g__Bacteroides;s__Bacteroides_salyersiae	-0.0197500945906	-0.0103117143164	-0.00928302689535	-0.0397361743716	0.00647486587583	0.0136714402253	-0.0190041324584	-0.0591826477161	-0.0427779239494	-0.0209300688194	-0.000344344786516	0.0327942148471	-0.0539709988753	-0.0317772323468	-0.00124060793044	-0.0327370329805	0.02685010098	0.020568936087	0.0176880982213	-0.0216734355553	1.0	-0.0559205140082	-0.0089985101115	-0.034393442499	-0.0293331296302	-0.00741023186088	0.00405369764936	-0.0378269951431	0.0246228079386	0.0266390410105	0.0795547073045	0.00460148185315	0.0778261011473	-0.0158738582971	0.0209194660475	-0.0572283128817	-0.00420683906509	0.0193312914851	-0.0164232079161	-0.0118400509808	0.00797742681569	0.0164621537325	-0.0123236898871	0.0481914545399	-0.0567752798644	-0.0173780764036	0.0199545323682	0.0162441331286	0.0109198196887	-0.0204026309595	-0.0145687275908	-0.0174113482207	0.0572718722045	0.000880395981411	-0.0390029576851	-0.0391392838963	-0.0587116458863	-0.00949806432011	-0.0275751002353
k__Bacteria;p__Firmicutes;c__Clostridia;o__Clostridiales;f__Ruminococcaceae;g__Ruminiclostridium;s__[Eubacterium]_siraeum	-0.00368640212712	-0.010945141986	-0.0578027199664	-0.0724937920225	-0.0208279379068	-0.0232089298936	-0.023923164698	0.0789120777876	0.0298882982814	0.00535569304975	-0.0337658521444	-0.0408256979806	-0.0205769026563	-0.0337708571932	0.0074961732221	-0.0119122205674	-0.0154627089645	-0.0806776248264	-0.0107125676003	-0.0109026056758	-0.0559205140082	1.0	-0.0496785947267	0.00284142099335	-0.00175711407177	0.0407889849888	-0.0423684017662	-0.0493219296998	-0.027549329184	-0.0114321368393	-0.0658999488967	0.0899452353204	-0.0655469969233	0.0254621617532	-0.0162676981656	0.0232958255351	-0.0187107546174	-0.0638309986738	0.0277661310882	-0.0951941885132	0.0483187484935	0.0366073460468	0.0300683486532	0.0123036493165	0.026960278404	-0.0202306465696	0.10357502952	0.0328277393436	-0.0743066150803	-0.00579266880391	0.00266283065766	0.00391111931465	-0.0359785515008	0.0476112208848	-0.0729482140793	0.075107455146	0.000320702199224	-0.0122943489372	0.0258969078052
k__Bacteria;p__Proteobacteria;c__Betaproteobacteria;o__Burkholderiales;f__Sutterellaceae;g__Parasutterella;s__Parasutterella_excrementihominis	-0.073474696114	0.0164850368683	0.0371716530532	-0.105098857948	-0.018369305718	-0.00704824738454	0.0505622153213	0.0335449385	-0.022458590427	-0.00382041673864	-0.0362728676796	0.0319701494097	-0.0491030993666	0.00352102136034	-0.027132608741	0.037935268986	-0.0202653650684	-0.0153019800379	0.0322284825228	-0.0334358956141	-0.0089985101115	-0.0496785947267	1.0	0.000988491810839	-0.0168299240621	-0.00712908004592	0.0209915996173	0.0106584936186	-0.065490533635	-0.0064223499871	0.0270536519831	-0.061172490178	-0.0298482331484	-0.0350914117267	0.0307025186938	0.0249262745212	-0.0283587438639	-0.0272538546522	-0.0231641546576	-0.0570142102508	0.0380438230651	0.023489228055	0.0253397479523	-0.0232662274673	-0.0044540054188	0.00996313191454	0.01967302764	-0.0133013670074	0.0286458239045	-0.0463111922876	-0.044998388545	0.0106502089352	0.0108922022791	-0.0519135212507	-0.0434472290627	-0.0600525039876	-0.0221309901104	0.00404718293878	-0.0536802706706
k__Bacteria;p__Actinobacteria;c__Actinobacteria;o__Bifidobacteriales;f__Bifidobacteriaceae;g__Bifidobacterium;s__Bifidobacterium_adolescentis	0.00587520423579	0.000624531571658	-0.0304368160724	-0.0231414544427	-0.00402827110179	-0.0247590410908	0.0256906940996	-0.0681001933086	-0.0161339042581	-0.0314672752304	0.0249063126766	-0.0192838900149	0.0225669060445	0.0127248895879	-0.0373664645405	0.0302665666987	-0.0112726239394	0.0560775909433	-0.00796072557512	-0.0330471040508	-0.034393442499	0.00284142099335	0.000988491810839	1.0	0.0559607688198	-0.0272847233574	0.0196421562939	-0.00684515213604	-0.00508322129491	0.114813505056	-0.0272628346749	0.0368078716136	0.0444084991697	-0.0192205438386	0.0203153286257	-0.0192634872319	-0.0250503189064	-0.00177299084254	-0.0504249724385	-0.0423981155748	-0.0220141067909	0.000665572113249	-0.07184503354	0.0534640110787	-0.00141836381446	-0.00484014105425	0.0440918645217	-0.0421783895298	-0.0629542474939	-0.0465665527886	0.0244523220497	-0.00535881925578	-0.0328817010404	0.0292231991503	-0.0268807771851	0.00635043317093	0.0284342816475	-0.0318085105904	0.0175967242382
k__Bacteria;p__Firmicutes;c__Clostridia;o__Clostridiales;f__Oscillospiraceae;g__Oscillibacter;s__Oscillibacter_sp._KLE_1745	0.00317790633732	-0.0322981308381	-0.0795620984403	0.0328235655306	-0.0259167318827	0.0267541454798	0.0104949032149	-0.0606848874285	0.0854364074049	-0.0673712233747	0.0384450850528	0.0535069883424	-0.00443720455411	0.00173569532904	-0.044940867672	-0.0544795596022	-0.0171150730272	0.0216902042331	0.0122094151876	-0.0176043439436	-0.0293331296302	-0.00175711407177	-0.0168299240621	0.0559607688198	1.0	0.0487170629624	-0.0474356330469	-0.0104708906305	-0.0190460913229	-0.043106825852	-0.0680760478052	-0.00872798152837	-0.0321913951106	-0.0374297085318	0.0523040086415	0.0499036854834	0.0580878778187	0.0450959839462	-0.0614906478094	-0.0200045396116	0.0203424593169	0.0174048161336	-0.0109057754209	-0.0530825808287	-0.0678972160433	-0.0860658984669	-0.0110666869138	0.0418172600993	0.0473244232687	-0.0473740938676	-0.0689108213923	0.0390918702328	0.033650164081	0.00872269161381	0.068598299987	-0.0264401257955	0.0264057733129	-0.0236894854173	0.0544582098836
k__Bacteria;p__Bacteroidetes;c__Bacteroidia;o__Bacteroidales;f__Bacteroidaceae;g__Bacteroides;s__Bacteroides_coprophilus	-0.0242524853506	-0.0511375241084	-0.034870687889	-0.10676456707	-0.00438749250531	-0.0264539525939	-0.0843527372168	-0.0124848221718	0.0269224989581	0.0882083963671	0.0271326950508	0.0361977732973	0.0488763419451	0.0215742278217	0.0293298187402	-0.0533444633237	-0.0017836194574	0.00814945665199	0.0035255535302	-0.00455522589547	-0.00741023186088	0.0407889849888	-0.00712908004592	-0.0272847233574	0.0487170629624	1.0	-0.0135863136341	0.0341262397707	-0.00325994063657	-0.0620275074767	-0.000183741520311	-0.0241814965396	0.0243895585042	0.0225279786604	-0.0560607061469	0.0546474373277	0.0195230578808	0.00426813799798	-0.0166341491939	-0.00375977710323	-0.00219494010327	0.0784269830112	-0.0620954650061	-0.00991695444235	0.0204115886273	-0.0391579573755	-0.0179164644864	-0.0603438140481	0.0484146053813	-0.0217589874161	-0.00952263664809	-0.0221745081451	-0.032314790595	0.0371650445371	-0.096459753503	-0.0310003253911	0.0261447978381	-0.0687016152751	-0.00880955382662
k__Bacteria;p__Firmicutes;c__Clostridia;o__Clostridiales;f__Lachnospiraceae;g__Roseburia;s__Roseburia_intestinalis	-0.040638020675	0.00390679559132	0.0233933583281	0.0121567494247	0.0988355907736	-0.00317476669552	-0.0410571502282	-0.0487452630187	0.0720043847971	0.0571749130757	-0.000345442860945	0.0466924447686	-0.0505347361759	-0.0881869340975	-0.0132386173063	0.0264493323435	-0.0302693317297	0.0105294215051	0.0213086834702	0.00747033511331	0.00405369764936	-0.0423684017662	0.0209915996173	0.0196421562939	-0.0474356330469	-0.0135863136341	1.0	0.0629968138995	0.0409191210146	0.0137074317684	-0.0373621392558	-0.0557857495527	0.0506055806571	-0.0541579484749	-0.0817367273504	0.00493975912327	-0.0416660935552	0.0363840384388	0.0299099942782	-0.0376598276882	-0.00330755971229	-0.0346258130629	0.044766707891	-0.000250753887919	-0.0395515804451	-0.0252606405187	0.00118859185091	-0.0139482901231	0.0711507793362	0.0238427440831	-0.00144180637678	-0.0191729136176	-0.0372111231893	-0.0956139495014	0.0521072688791	-0.0166734988739	-0.0334863761377	-0.00593865669672	-0.0618181550007
k__Bacteria;p__Firmicutes;c__Clostridia;o__Clostridiales;f__Lachnospiraceae;g__Roseburia;s__Roseburia_hominis	-0.0604973003773	-0.0245315237598	-0.00482377085936	0.0257036140467	0.0302075384945	0.0135698163077	-0.000228028754702	-0.0395766888545	0.00755780431674	-0.0323338107219	-0.035691643419	0.0329749223322	0.0250699979203	-0.0558272684075	0.053147575218	0.000856438559695	-0.0325346886182	-0.0312618820042	-0.0643503189124	-0.0117479467143	-0.0378269951431	-0.0493219296998	0.0106584936186	-0.00684515213604	-0.0104708906305	0.0341262397707	0.0629968138995	1.0	0.0292055951154	-0.0302003750096	-0.0141785486017	0.00790129050959	-0.0251492845545	-0.0190716453882	-0.0923138815948	-0.0221984989757	-0.0383716589664	-0.0377446083488	-0.0948668548908	-0.00525867298408	-0.0448595414512	0.0347032720061	-0.0306502579176	-0.0190629568692	0.00139378628757	-0.00563799734347	0.00471508040291	0.0385702312371	0.0305113209203	0.0319152830736	-0.0049887693631	0.0338279774794	-0.0333462713756	-0.0025086105331	-0.0359049891092	-0.0024457955368	-0.0397872376841	0.0553251782056	-0.0253535377756
k__Bacteria;p__Bacteroidetes;c__Bacteroidia;o__Bacteroidales;f__Porphyromonadaceae;g__Parabacteroides;s__Parabacteroides_johnsonii	-0.0174160112476	-0.0614849085877	-0.0571054511518	-0.0471922519123	0.00130814164353	0.039475243182	0.012732946784	-0.00640707153943	-0.0291370183413	0.0144869792268	0.0118596602134	0.0508501842896	-0.0031854741055	-0.0569830525899	0.0471292322881	-0.0539381735355	-0.00661635735901	0.0460698322199	-0.0662840172656	0.068157810144	0.0246228079386	-0.027549329184	-0.065490533635	-0.00508322129491	-0.0190460913229	-0.00325994063657	0.0409191210146	0.0292055951154	1.0	0.0326581649702	-0.0664020061238	-0.06870528923	-0.0155485174772	-0.00832638410148	-0.0147868879002	-0.043336799708	-0.0218487009756	-0.0442199765467	0.0745558292466	0.0276867243798	-0.0244919168283	-0.0259970103679	0.0664617671036	0.00613196822788	-0.0313721788003	-0.0609710829921	0.0350106509779	-0.00571456163079	-0.017685210351	-0.00597526345227	-0.0300338049111	-0.0520801330422	-0.00240928786832	-0.0145927928598	0.00989447546769	-0.0257475593622	-0.0219305617495	-0.0132411979758	0.0872231411564
k__Bacteria;p__Actinobacteria;c__Actinobacteria;o__Bifidobacteriales;f__Bifidobacteriaceae;g__Bifidobacterium;s__Bifidobacterium_longum	0.00860339365017	-0.0162309086503	0.0594896717475	0.0323669339328	-0.00582866907067	-0.0345299925986	0.0175139967061	-0.0375583389717	-0.0353218460084	-0.0604661925951	-0.0158731081409	-0.020855297365	0.0617277901529	0.0184484879614	0.0350460394411	0.0225849812448	-0.00452059040774	-0.0258879896743	0.0178894597464	-0.0157035552978	0.0266390410105	-0.0114321368393	-0.0064223499871	0.114813505056	-0.043106825852	-0.0620275074767	0.0137074317684	-0.0302003750096	0.0326581649702	1.0	-0.0202414752042	0.0208271968103	0.0811604503861	-0.0334923394946	-0.0215690671412	3.39832077683e-06	-0.0187372539717	-0.0355619520191	0.0495610449919	0.0159821310908	-0.0187365886109	-0.0623757449342	0.0779762558759	0.0322537732645	-0.0578672030468	0.0180589905544	-0.00106154422501	-0.0559561450875	0.0172913814093	0.00479480247714	0.0101299544108	-0.0287440165652	-0.0210175324477	-0.0260485214252	-0.0550460434905	0.0199070125048	-0.0399215195871	0.0215904679991	0.0118548746237
