#taxonomy	k__Bacteria;p__Bacteroidetes;c__Bacteroidia;o__Bacteroidales;f__Bacteroidaceae;g__Bacteroides;s__Bacteroides_vulgatus	k__Bacteria;p__Bacteroidetes;c__Bacteroidia;o__Bacteroidales;f__Bacteroidaceae;g__Bacteroides;s__Bacteroides_uniformis	k__Bacteria;p__Bacteroidetes;c__Bacteroidia;o__Bacteroidales;f__Rikenellaceae;g__Alistipes;s__Alistipes_putredinis	k__Bacteria;p__Bacteroidetes;c__Bacteroidia;o__Bacteroidales;f__Prevotellaceae;g__Prevotella;s__Prevotella_copri	k__Bacteria;p__Bacteroidetes;c__Bacteroidia;o__Bacteroidales;f__Bacteroidaceae;g__Bacteroides;s__Bacteroides_stercoris	k__Bacteria;p__Bacteroidetes;c__Bacteroidia;o__Bacteroidales;f__Bacteroidaceae;g__Bacteroides;s__Bacteroides_ovatus	k__Bacteria;p__Bacteroidetes;c__Bacteroidia;o__Bacteroidales;f__Rikenellaceae;g__Alistipes;s__Alistipes_shahii	k__Bacteria;p__Firmicutes;c__Clostridia;o__Clostridiales;f__Ruminococcaceae;g__Faecalibacterium;s__Faecalibacterium_prausnitzii	k__Bacteria;p__Bacteroidetes;c__Bacteroidia;o__Bacteroidales;f__Rikenellaceae;g__Alistipes;s__Alistipes_finegoldii	k__Bacteria;p__Bacteroidetes;c__Bacteroidia;o__Bacteroidales;f__Porphyromonadaceae;g__Parabacteroides;s__Parabacteroides_distasonis	k__Bacteria;p__Bacteroidetes;c__Bacteroidia;o__Bacteroidales;f__Bacteroidaceae;g__Bacteroides;s__Bacteroides_thetaiotaomicron	k__Bacteria;p__Bacteroidetes;c__Bacteroidia;o__Bacteroidales;f__Bacteroidaceae;g__Bacteroides;s__Bacteroides_coprocola	k__Bacteria;p__Bacteroidetes;c__Bacteroidia;o__Bacteroidales;f__Bacteroidaceae;g__Bacteroides;s__Bacteroides_cellulosilyticus	k__Bacteria;p__Bacteroidetes;c__Bacteroidia;o__Bacteroidales;f__Rikenellaceae;g__Alistipes;s__Alistipes_obesi	k__Bacteria;p__Firmicutes;c__Clostridia;o__Clostridiales;f__Lachnospiraceae;g__;s__[Eubacterium]_rectale	k__Bacteria;p__Bacteroidetes;c__Bacteroidia;o__Bacteroidales;f__Bacteroidaceae;g__Bacteroides;s__Bacteroides_plebeius	k__Bacteria;p__Bacteroidetes;c__Bacteroidia;o__Bacteroidales;f__Bacteroidaceae;g__Bacteroides;s__Bacteroides_fragilis	k__Bacteria;p__Proteobacteria;c__Betaproteobacteria;o__Burkholderiales;f__Sutterellaceae;g__Sutterella;s__Sutterella_wadsworthensis	k__Bacteria;p__Bacteroidetes;c__Bacteroidia;o__Bacteroidales;f__Porphyromonadaceae;g__Barnesiella;s__Barnesiella_intestinihominis	k__Bacteria;p__Bacteroidetes;c__Bacteroidia;o__Bacteroidales;f__Odoribacteraceae;g__Odoribacter;s__Odoribacter_splanchnicus	k__Bacteria;p__Bacteroidetes;c__Bacteroidia;o__Bacteroidales;f__Bacteroidaceae;g__Bacteroides;s__Bacteroides_salyersiae	k__Bacteria;p__Firmicutes;c__Clostridia;o__Clostridiales;f__Ruminococcaceae;g__Ruminiclostridium;s__[Eubacterium]_siraeum	k__Bacteria;p__Proteobacteria;c__Betaproteobacteria;o__Burkholderiales;f__Sutterellaceae;g__Parasutterella;s__Parasutterella_excrementihominis	k__Bacteria;p__Actinobacteria;c__Actinobacteria;o__Bifidobacteriales;f__Bifidobacteriaceae;g__Bifidobacterium;s__Bifidobacterium_adolescentis	k__Bacteria;p__Firmicutes;c__Clostridia;o__Clostridiales;f__Oscillospiraceae;g__Oscillibacter;s__Oscillibacter_sp._KLE_1745	k__Bacteria;p__Bacteroidetes;c__Bacteroidia;o__Bacteroidales;f__Bacteroidaceae;g__Bacteroides;s__Bacteroides_coprophilus	k__Bacteria;p__Firmicutes;c__Clostridia;o__Clostridiales;f__Lachnospiraceae;g__Roseburia;s__Roseburia_intestinalis	k__Bacteria;p__Firmicutes;c__Clostridia;o__Clostridiales;f__Lachnospiraceae;g__Roseburia;s__Roseburia_hominis	k__Bacteria;p__Bacteroidetes;c__Bacteroidia;o__Bacteroidales;f__Porphyromonadaceae;g__Parabacteroides;s__Parabacteroides_johnsonii	k__Bacteria;p__Actinobacteria;c__Actinobacteria;o__Bifidobacteriales;f__Bifidobacteriaceae;g__Bifidobacterium;s__Bifidobacterium_longum	k__Bacteria;p__Firmicutes;c__Clostridia;o__Clostridiales;f__;g__Flavonifractor;s__Flavonifractor_plautii	k__Bacteria;p__Firmicutes;c__Clostridia;o__Clostridiales;f__Clostridiaceae;g__Clostridium;s__Clostridium_phoceensis	k__Bacteria;p__Verrucomicrobia;c__Verrucomicrobiae;o__Verrucomicrobiales;f__Akkermansiaceae;g__Akkermansia;s__Akkermansia_muciniphila	k__Bacteria;p__Bacteroidetes;c__Bacteroidia;o__Bacteroidales;f__Prevotellaceae;g__Paraprevotella;s__Paraprevotella_xylaniphila	k__Bacteria;p__Firmicutes;c__Clostridia;o__Clostridiales;f__Ruminococcaceae;g__Ruminococcus;s__Ruminococcus_callidus	k__Bacteria;p__Bacteroidetes;c__Bacteroidia;o__Bacteroidales;f__Rikenellaceae;g__Alistipes;s__Alistipes_senegalensis	k__Bacteria;p__Firmicutes;c__Clostridia;o__Clostridiales;f__Lachnospiraceae;g__Blautia;s__Blautia_sp._KLE_1732	k__Bacteria;p__Bacteroidetes;c__Bacteroidia;o__Bacteroidales;f__Bacteroidaceae;g__Bacteroides;s__Bacteroides_oleiciplenus	k__Bacteria;p__Firmicutes;c__Clostridia;o__Clostridiales;f__Ruminococcaceae;g__Ruminococcus;s__Ruminococcus_bicirculans	k__Bacteria;p__Bacteroidetes;c__Bacteroidia;o__Bacteroidales;f__Bacteroidaceae;g__Bacteroides;s__Bacteroides_fluxus	k__Bacteria;p__Bacteroidetes;c__Bacteroidia;o__Bacteroidales;f__Prevotellaceae;g__Prevotella;s__Prevotella_stercorea	k__Bacteria;p__Firmicutes;c__Clostridia;o__Clostridiales;f__Lachnospiraceae;g__Dorea;s__Dorea_longicatena	k__Bacteria;p__Firmicutes;c__Clostridia;o__Clostridiales;f__Eubacteriaceae;g__Eubacterium;s__[Eubacterium]_eligens	k__Bacteria;p__Firmicutes;c__Clostridia;o__Clostridiales;f__Ruminococcaceae;g__;s__Ruminococcaceae_bacterium_D16	k__Bacteria;p__Firmicutes;c__Clostridia;o__Clostridiales;f__Lachnospiraceae;g__Coprococcus;s__Coprococcus_comes	k__Bacteria;p__Proteobacteria;c__Gammaproteobacteria;o__Enterobacterales;f__Enterobacteriaceae;g__Escherichia;s__Escherichia_coli	k__Bacteria;p__Firmicutes;c__Clostridia;o__Clostridiales;f__Ruminococcaceae;g__Anaerotruncus;s__Anaerotruncus_colihominis	k__Bacteria;p__Firmicutes;c__Clostridia;o__Clostridiales;f__Lachnospiraceae;g__Blautia;s__Blautia_obeum	k__Bacteria;p__Bacteroidetes;c__Bacteroidia;o__Bacteroidales;f__Odoribacteraceae;g__Odoribacter;s__Odoribacter_laneus	k__Bacteria;p__Firmicutes;c__Clostridia;o__Clostridiales;f__Ruminococcaceae;g__Ruminiclostridium;s__[Clostridium]_leptum	k__Bacteria;p__Bacteroidetes;c__Bacteroidia;o__Bacteroidales;f__Porphyromonadaceae;g__Parabacteroides;s__Parabacteroides_goldsteinii	k__Bacteria;p__Firmicutes;c__Clostridia;o__Clostridiales;f__Lachnospiraceae;g__Anaerostipes;s__Anaerostipes_hadrus	k__Bacteria;p__Firmicutes;c__Clostridia;o__Clostridiales;f__Ruminococcaceae;g__Ruminococcus;s__Ruminococcus_lactaris	k__Bacteria;p__Firmicutes;c__Clostridia;o__Clostridiales;f__Clostridiaceae;g__Clostridium;s__Clostridium_sp._L2-50	k__Bacteria;p__Firmicutes;c__Clostridia;o__Clostridiales;f__Clostridiaceae;g__Clostridium;s__Clostridium_sp._M62/1	k__Bacteria;p__Firmicutes;c__Clostridia;o__Clostridiales;f__;g__Intestinimonas;s__Intestinimonas_butyriciproducens	k__Bacteria;p__Actinobacteria;c__Actinobacteria;o__Bifidobacteriales;f__Bifidobacteriaceae;g__Bifidobacterium;s__Bifidobacterium_bifidum	k__Bacteria;p__Firmicutes;c__Negativicutes;o__Veillonellales;f__Veillonellaceae;g__Dialister;s__Dialister_invisus	k__Bacteria;p__Bacteroidetes;c__Bacteroidia;o__Bacteroidales;f__Bacteroidaceae;g__Bacteroides;s__Bacteroides_salanitronis
k__Bacteria;p__Bacteroidetes;c__Bacteroidia;o__Bacteroidales;f__Bacteroidaceae;g__Bacteroides;s__Bacteroides_vulgatus	1.0	-0.0209819197268	-0.0316524451381	0.0425563776727	0.0171659497052	-0.0241225026602	-0.00302990831365	0.0300882627993	-0.0459590968392	0.0459843021159	-0.0176625624335	0.0398995905307	-0.0527336872044	-0.0414763403803	-0.0229578907514	-0.0648987808174	-0.0191759585833	0.0602951370211	-0.042319812233	-0.0255333597776	-0.013025819929	0.0180772532958	0.0231074868393	-0.0138849282313	-0.0474566022962	0.0527678627052	-0.0166780369316	-0.0269304929409	-0.0448570899014	0.0129411810767	-0.0320468359133	-0.0197412548706	-0.00596601936639	-0.0529857791068	0.0679920959271	-0.00484242429198	-0.00856880995164	0.0177803346006	0.0066603998079	0.00211502178783	-0.0150590990519	-0.024030437175	-0.0378539518831	-0.0252021019016	0.00198585774408	-0.0310609950314	-0.00267009821305	0.0195353397989	0.0161056128557	-0.0829887492868	0.0179325893054	-0.00887819915668	-0.0396940285086	-0.0819673755088	-0.00610519093736	0.00956854746945	-0.0357657105382	0.0186332159233	-0.0061746328048
k__Bacteria;p__Bacteroidetes;c__Bacteroidia;o__Bacteroidales;f__Bacteroidaceae;g__Bacteroides;s__Bacteroides_uniformis	-0.0209819197268	1.0	0.0297744544843	0.0101802116861	-0.00323920599505	-0.0186818852978	-0.0155059016883	0.100660752276	-0.0410830909855	0.0135841267802	0.00850242585785	0.0192659862337	0.0168635218489	-0.0293247204898	0.01581627183	-0.0120898969448	-0.0406443847238	-0.0141310951458	-0.0038523037901	0.0337533788235	-0.0099530573716	0.00447764457917	0.0168685876722	-0.0305098309773	-0.0110698684412	-0.0181190874898	-0.0321677422818	0.00826240415779	0.062524920253	-0.0208761317788	0.0453241492229	-0.0379544562711	-0.0672819940284	0.0367247887503	-0.0175945372322	-0.0236187641707	-0.0248544575057	-0.0139549856144	0.00421372209132	0.00431282046699	0.0229896568582	-0.0050863753152	-0.0645989407752	0.00925888739382	-0.00192857559705	-0.104918102633	-0.0501121441718	0.0608473002013	-0.0716800028077	0.0262281924962	-0.0621243616519	-0.0208848097506	0.00220920949675	0.0145935293417	0.0264134227664	-0.00575786333486	0.0272010408982	0.0150336165876	-0.083471771181
k__Bacteria;p__Bacteroidetes;c__Bacteroidia;o__Bacteroidales;f__Rikenellaceae;g__Alistipes;s__Alistipes_putredinis	-0.0316524451381	0.0297744544843	1.0	0.00564041081437	-0.0127049425868	0.0162129962215	-0.0515987169359	-0.00891054886401	-0.00362166476818	0.0599905003357	0.024894429286	-0.0507192856679	0.0363923854845	-0.060970762621	0.0188199565563	-0.0406581045047	-0.0386904579378	0.00283341037036	-0.111698095543	-0.0275840304012	0.0285068981798	-0.0218317739473	-0.000618052646027	-0.0309535823894	0.014734992736	0.00359857618763	-0.0407842940948	0.00344848982735	0.0346505929958	-0.00928169909262	-0.00426376769825	-0.0303643579898	-0.0287014777825	-0.0675184453396	-0.0503786127815	-0.00352161026905	0.00694530390253	-0.0451397149353	0.00018394937235	-0.0522616337811	0.0201009156955	-0.0354953549514	-0.0278380960196	0.00413008579786	-0.0280924051114	0.0868863082979	-0.0446002084837	-0.0455119661934	0.00787431347104	-0.108117572171	-0.0255177998879	-0.0119754335859	0.0144949474259	-0.0556625521844	-0.0191622070269	-0.0619947626831	-0.0771610048064	-0.00954448834346	-0.0200014716555
k__Bacteria;p__Bacteroidetes;c__Bacteroidia;o__Bacteroidales;f__Prevotellaceae;g__Prevotella;s__Prevotella_copri	0.0425563776727	0.0101802116861	0.00564041081437	1.0	-0.0546579509273	-0.0120275140174	0.00593696958395	-0.045795168015	-0.0289884777175	0.0486387729926	-0.0177145201814	0.014752955011	0.00094663691106	0.00285486682993	-0.0937993861425	-0.0702542419896	6.17420653166e-05	0.0514734059295	-0.0186449444904	-0.0366083351175	0.00966651098202	-0.00514492063489	-0.0455995559206	0.0711016532705	0.0544950521763	0.0145254194979	-0.0557349180225	0.00324220937441	0.00170762253132	0.00712573476298	-0.051138673086	-0.0802759076267	-0.0462236094009	-0.0344967525055	-0.00892728628922	-0.0826439251486	-0.0194231146822	0.0741623822945	0.00201890177632	-0.0781396130643	0.0381127188863	0.00531070613677	0.12878692176	0.0223853207601	-0.0737085697917	-0.0696493455378	0.0296777222551	-0.00728545292236	-0.0306928581673	-0.00406185341343	0.0267247354722	-0.0421195715945	-0.0172952922358	-0.00950907353846	0.000742100490044	0.0379605114878	0.00213650184833	0.0080596757445	0.000790131910397
k__Bacteria;p__Bacteroidetes;c__Bacteroidia;o__Bacteroidales;f__Bacteroidaceae;g__Bacteroides;s__Bacteroides_stercoris	0.0171659497052	-0.00323920599505	-0.0127049425868	-0.0546579509273	1.0	0.0205197851205	0.0301075360437	0.0289256833277	-0.0169800494939	-0.0243147008033	0.0546956633645	0.0173604414787	-0.0486013597017	-0.052742585689	-0.0552397504194	0.00939692446364	-0.00259424626019	-0.0176597130855	-0.0433495829641	0.0646373776354	-0.046925486078	-0.0245784220378	-0.085446625382	0.0296733820779	0.0328796298335	0.0438177817563	0.0166221095011	-0.052002584189	-0.049353120839	-0.0449288157142	-0.0449848112941	0.0482441717673	-0.028042776684	-0.0181857474123	-0.01491143674	0.0200407462805	0.0163215988326	-0.0810719752293	0.0459615580597	0.0360490935745	-0.0186214241173	-0.021700303153	-0.0493493180746	-0.0392086255679	-0.0122000844606	-0.0396566007877	-0.0446560836676	-0.0215546274234	-0.000382337463089	-0.0290518524487	0.057032114009	0.0695642810062	0.00220640677085	-0.0440527033764	-0.019262180123	-0.0401793991293	0.014588451272	-0.0699331542785	0.0227879272634
k__Bacteria;p__Bacteroidetes;c__Bacteroidia;o__Bacteroidales;f__Bacteroidaceae;g__Bacteroides;s__Bacteroides_ovatus	-0.0241225026602	-0.0186818852978	0.0162129962215	-0.0120275140174	0.0205197851205	1.0	0.00278603763897	-0.0736598683113	0.00373541131596	0.0115257579931	0.0267367114144	-0.00217645378428	0.02526966963	-0.0402481077564	-0.0167654892437	-0.00269474524101	-0.0625582829976	-0.0317992621617	0.0662681336059	-0.0617895061115	-0.0501831505042	-0.0139148078285	0.0558657255802	-0.0658341499137	-0.117091140755	0.00857128982057	-0.0419574205316	0.00827364814974	-0.0177339180601	-0.0533633558603	0.0235130668247	-0.0150441189032	0.0629501678786	0.0364751559196	0.0410290585486	-0.0104562133055	0.0453933127915	-0.000266245265171	-0.0689969918561	0.0436792550737	0.0100794976272	0.0317750096263	0.0585766884665	-0.0322732061869	-0.00823936737302	0.0226858387406	-0.0140340643147	-0.071760694165	-0.0250769057406	-0.0825775274997	0.0263793990191	0.0213716164561	0.0463577578202	-0.0540887251048	0.00813605411841	-0.0167913100072	-0.0313896346067	-0.0880764577423	0.0398379979458
k__Bacteria;p__Bacteroidetes;c__Bacteroidia;o__Bacteroidales;f__Rikenellaceae;g__Alistipes;s__Alistipes_shahii	-0.00302990831365	-0.0155059016883	-0.0515987169359	0.00593696958395	0.0301075360437	0.00278603763897	1.0	-0.0293602255642	0.0137771090877	-0.0157206428189	-0.00585594170277	-0.10909136	-0.00940967222436	0.0248782358278	0.0284188781546	0.0790361755149	0.0265139159791	-0.0146880773599	-0.0196967907537	-0.0418117325185	0.0437798888873	-0.0445334687785	-0.0395234371081	-0.0471878693899	-0.129634714367	0.00170186581415	0.00302093884334	-0.0813473340625	-0.0136181379223	0.0378050871964	0.0392419677744	-0.0179220570564	-0.0255095442385	-0.0268535327561	-0.0608077661452	-0.0333152791967	-0.0671415901066	-0.00467684351192	0.0270379993454	-0.0533484122186	0.0670781405012	-0.018438580339	-0.0484803191753	-0.0098900340048	0.0116070633584	0.0274998753601	-0.0212337779302	0.0409877031883	0.028852575851	0.0688827081933	-0.0139460244795	0.00888089852394	0.0116230406315	-0.0573648524979	-0.0692680732689	0.0270727843921	-0.0149237470123	0.00124291620206	0.00862841477067
k__Bacteria;p__Firmicutes;c__Clostridia;o__Clostridiales;f__Ruminococcaceae;g__Faecalibacterium;s__Faecalibacterium_prausnitzii	0.0300882627993	0.100660752276	-0.00891054886401	-0.045795168015	0.0289256833277	-0.0736598683113	-0.0293602255642	1.0	-0.00861230918988	-0.0401587541036	-0.025088999689	-0.00301365426059	0.0331168782651	0.00988986237966	-0.037058425275	0.00623300073599	0.0258935227067	-0.0794185368825	0.0448391905947	0.0686097111092	-0.00193247703688	-0.0541446304816	0.0329480895066	-0.0480397597248	0.0441216307084	-0.0278217912504	-0.013640905665	-0.0822915705253	0.0123397156294	-0.0398620459684	0.02115429724	-0.043920713593	-0.00517241256434	-0.040471044643	-0.0030586105751	-0.045813683837	-0.0238351321301	-0.0381006318494	-0.0257129484786	0.0183595515135	-0.0700413314402	-0.0988442856541	-0.000843897454108	-0.0755222704495	0.00643354779914	0.056745631963	-0.0634583347629	-0.0236964508025	-0.0489548780112	0.02573429979	-0.0522241952846	4.94952469716e-05	-0.0800696305453	-0.0523966909444	-0.00821991571008	-0.0373285954165	-0.021660430136	0.0121160850198	-0.00818418539767
k__Bacteria;p__Bacteroidetes;c__Bacteroidia;o__Bacteroidales;f__Rikenellaceae;g__Alistipes;s__Alistipes_finegoldii	-0.0459590968392	-0.0410830909855	-0.00362166476818	-0.0289884777175	-0.0169800494939	0.00373541131596	0.0137771090877	-0.00861230918988	1.0	0.058347402195	-0.0229001938219	-0.00965981840631	-0.00563657977254	-0.0521225683762	-0.00673193902919	-0.0639925488156	-0.0272241054164	-0.0078142276696	-0.0231341721238	-0.00337515685729	0.0350413294824	-0.0328706828161	0.0574102727816	-0.0203190132407	-0.0378510716294	0.00377713809359	-0.0229117580091	-0.0220455130895	0.0278315564957	-0.0154765327806	-0.0003766149149	0.0514142766067	0.0756616221995	-0.0380727104403	0.0234488640156	0.0154534154714	-0.0103649710815	0.0373135803179	0.0254555105183	-0.0532093010157	-0.0165944828921	-0.0139600346644	-0.0182616706986	-0.0394683565443	-0.00400939204678	0.00592805589109	-0.0592546218142	-0.0131989065071	-0.0316206821506	-0.00606707494665	0.00511077923479	0.0374353539045	-0.0707740760713	0.0652661794019	-0.00610709373171	-0.0320285347003	0.0551953478085	-0.0197064304384	0.0848912233637
k__Bacteria;p__Bacteroidetes;c__Bacteroidia;o__Bacteroidales;f__Porphyromonadaceae;g__Parabacteroides;s__Parabacteroides_distasonis	0.0459843021159	0.0135841267802	0.0599905003357	0.0486387729926	-0.0243147008033	0.0115257579931	-0.0157206428189	-0.0401587541036	0.058347402195	1.0	-0.0114811598643	0.0179076949589	0.00872083330625	0.0599182578495	-0.00469879654224	-0.0496518803395	0.0646119864784	0.00620089242585	-0.0146929956572	-0.05292597764	0.0315452340963	0.0200381593767	-0.0686904384214	-0.0452925786241	-0.0105267213572	-0.017605559341	0.0289911266248	-0.0600062154572	-0.0733722864627	0.000685014243611	-0.0486798893759	0.0125233418497	0.0314962449408	0.0469764271297	-0.015678830937	-0.0240803165173	-0.00582132151238	-0.0158089345858	-0.0232070117267	0.0546653946527	-0.0483849138579	-0.0157212834411	0.0215177260441	-0.0415904305641	-0.0385937299646	-0.0871163065532	0.0164011077116	-0.0857267472518	0.0645935235607	-0.0287521283464	-0.0184419556062	-0.0568283327831	0.015066143868	-0.0802183418756	-0.0449717441276	0.0322417451748	-0.070329477516	0.0526724247957	-0.0661168302261
k__Bacteria;p__Bacteroidetes;c__Bacteroidia;o__Bacteroidales;f__Bacteroidaceae;g__Bacteroides;s__Bacteroides_thetaiotaomicron	-0.0176625624335	0.00850242585785	0.024894429286	-0.0177145201814	0.0546956633645	0.0267367114144	-0.00585594170277	-0.025088999689	-0.0229001938219	-0.0114811598643	1.0	0.0429286682667	-0.0312385993956	0.00963788333314	0.00073067634557	0.0278569310581	-0.00899049353299	0.0271620217563	-0.0122282527732	-0.0767452544005	-0.034440654072	0.0542654269405	-0.0579196107564	-0.0130170960772	-0.0698525691253	0.0201405857322	0.033153734869	0.0114971245831	0.0632900044014	-0.0518907891702	-0.0387535649987	-0.0554840007324	0.0295265173876	0.00230278953665	-0.0123424525664	0.0319913738572	0.0252253523518	-0.0257067322611	0.0698116200092	0.0238083551945	-0.0518775841654	-0.0559277932154	-0.0228566624227	-0.0345275813534	-0.0230175980689	-0.0169501757946	-0.0155622179628	-0.00696238240956	0.0461263953679	-0.00655093566499	-0.080782775306	-0.00711230655991	0.0243402313179	-0.0865354928	-0.0772898625383	-0.0153545934634	-0.0126286711907	-0.085579446413	-0.0140918258808
k__Bacteria;p__Bacteroidetes;c__Bacteroidia;o__Bacteroidales;f__Bacteroidaceae;g__Bacteroides;s__Bacteroides_coprocola	0.0398995905307	0.0192659862337	-0.0507192856679	0.014752955011	0.0173604414787	-0.00217645378428	-0.10909136	-0.00301365426059	-0.00965981840631	0.0179076949589	0.0429286682667	1.0	-0.00191943135187	-0.0318199681168	-0.0165531179286	-0.0279094863561	0.0719605582307	-0.050380789162	0.0403402096858	0.00574353280397	-0.00991762579095	-0.0541229372345	0.0645319481763	0.0287502737679	-0.00690015227535	0.0528464845719	-0.00763551173876	-0.0729607286761	-0.0351014585113	0.00345345319899	-0.0263401568704	-0.0146082737481	-0.0341794381527	-0.00315329664402	0.0453822069211	0.00109824505503	0.0215117221925	-0.0656505304442	0.0634376250906	0.0671494411165	-0.0317728558794	-0.0111669967881	-0.0301595709221	-0.108118967951	-0.0658282412692	-0.0135434817494	0.000958259611964	-0.0101110784238	-0.0141309991544	0.0171813935954	0.0428099933489	-0.0319002646105	0.00933140881796	-0.0639275029183	-0.0233615885942	-0.0138675009695	0.00347875566978	-0.0214850600676	0.0463265569423
k__Bacteria;p__Bacteroidetes;c__Bacteroidia;o__Bacteroidales;f__Bacteroidaceae;g__Bacteroides;s__Bacteroides_cellulosilyticus	-0.0527336872044	0.0168635218489	0.0363923854845	0.00094663691106	-0.0486013597017	0.02526966963	-0.00940967222436	0.0331168782651	-0.00563657977254	0.00872083330625	-0.0312385993956	-0.00191943135187	1.0	-0.0710323759007	0.0350348393924	-0.0288625136661	0.0135144535609	-0.0243231722791	0.00461694870891	-0.0223008425745	0.00319196394766	-0.0175894605901	-0.0143364135835	0.012462282634	0.0226246771731	-0.0234340676955	0.0455119843327	-0.0224967902604	0.0075232126066	-0.00250991305604	-0.0567730143938	-0.025427057647	0.00575261452492	-0.0389714763255	0.0221857636498	0.0558655351352	-0.0608646720164	0.00425180056152	-0.0354307619799	0.0202037448774	-0.0689123886879	-0.0119154103749	-0.0347634807437	0.0221469929335	0.00832208646505	-0.0238518177456	0.004200610733	-0.0235768245408	0.00260447187655	-0.0930500770005	-0.0271392890559	-0.0500098733765	-0.0767018364371	0.0325547155185	-0.0102696908189	-0.00297205873835	0.0321597758245	0.0636976513983	-0.0246046906625
k__Bacteria;p__Bacteroidetes;c__Bacteroidia;o__Bacteroidales;f__Rikenellaceae;g__Alistipes;s__Alistipes_obesi	-0.0414763403803	-0.0293247204898	-0.060970762621	0.00285486682993	-0.052742585689	-0.0402481077564	0.0248782358278	0.00988986237966	-0.0521225683762	0.0599182578495	0.00963788333314	-0.0318199681168	-0.0710323759007	1.0	0.0222812898975	-0.0632166604736	-0.00647163702726	-0.0599390991523	0.00295309589541	-0.0336437002939	-0.034642190224	-0.0524420409359	0.000476121510832	0.0291584386751	-0.0378625362791	-0.0128664345022	-0.0422389237132	-0.039818700041	-0.00228566509898	-0.00743860748532	-0.0152203849223	-0.0197990280512	0.0906642969942	-0.0112485397983	0.0404371336545	-0.0776698528127	0.101267376793	-0.0357574758478	0.0652482442804	-0.030316796072	0.0250868636636	0.000923825810638	-0.0924676099609	-0.0117116317003	0.000410282641085	0.0237018893707	0.0221784459179	-0.0643816970716	0.0478965839011	0.0233877070952	0.0286259724839	0.027214291403	0.0694973658237	0.0365151056026	-0.03672618317	-0.0125389062504	-0.0494189270785	-0.0355180505257	0.0189285545208
k__Bacteria;p__Firmicutes;c__Clostridia;o__Clostridiales;f__Lachnospiraceae;g__;s__[Eubacterium]_rectale	-0.0229578907514	0.01581627183	0.0188199565563	-0.0937993861425	-0.0552397504194	-0.0167654892437	0.0284188781546	-0.037058425275	-0.00673193902919	-0.00469879654224	0.00073067634557	-0.0165531179286	0.0350348393924	0.0222812898975	1.0	-0.00502677083666	-0.109584034139	-0.0119493858893	-0.0394295913794	-0.000968242651736	-0.0647876539847	-0.0767726115859	-0.0644909795045	0.000873222851514	0.0227893000771	0.00244430082579	-0.0513780552682	-0.0228803526024	-0.0202848159509	0.0117315988764	-0.0601641122287	0.0293585978369	-0.0721546023904	-0.0443609894533	-0.0106350241118	0.0173248727077	0.0260332904516	0.0153434868393	0.0357358289509	-0.0121409090085	-0.0416709932974	0.00118903071176	-0.0290527547269	-0.0485274082208	-0.0593490013416	-0.0221127239826	0.0314712952695	0.0207637285185	-0.0150799253014	0.0126349502213	0.0387019543254	0.094509296723	-0.0356057450095	-0.063801024937	-0.0879019094615	-0.0178071676464	0.000147351700989	0.112082074681	0.0243800649218
k__Bacteria;p__Bacteroidetes;c__Bacteroidia;o__Bacteroidales;f__Bacteroidaceae;g__Bacteroides;s__Bacteroides_plebeius	-0.0648987808174	-0.0120898969448	-0.0406581045047	-0.0702542419896	0.00939692446364	-0.00269474524101	0.0790361755149	0.00623300073599	-0.0639925488156	-0.0496518803395	0.0278569310581	-0.0279094863561	-0.0288625136661	-0.0632166604736	-0.00502677083666	1.0	0.0022039776272	-0.0790864051271	-0.0113424119044	-0.0305159623825	-0.016697878465	0.0219972712572	-0.0578597727298	0.0372768239876	-0.0235167774544	0.0104030638363	-0.0252958922215	0.0139615908949	-0.0527462987768	-0.0167562778124	-0.0216796860018	0.0247546575583	0.0155239395361	-0.027788109082	-0.00777464390549	0.0658294342012	-0.0133606306904	-0.00673588769694	-0.0055357485811	-0.0106894518686	0.00552494523247	-0.0698393357188	0.0235181928338	-0.0424742238514	-0.0666475999841	0.0404936243159	0.0456831358067	-0.0441588714732	0.00909221378194	-0.0930498147919	0.0597028460018	-0.0803789214236	0.0112190450609	0.0109579551505	0.00861033266974	-0.0202774218461	-0.00291050543995	-0.0304794440056	-0.0104017635239
k__Bacteria;p__Bacteroidetes;c__Bacteroidia;o__Bacteroidales;f__Bacteroidaceae;g__Bacteroides;s__Bacteroides_fragilis	-0.0191759585833	-0.0406443847238	-0.0386904579378	6.17420653166e-05	-0.00259424626019	-0.0625582829976	0.0265139159791	0.0258935227067	-0.0272241054164	0.0646119864784	-0.00899049353299	0.0719605582307	0.0135144535609	-0.00647163702726	-0.109584034139	0.0022039776272	1.0	-0.0711291195821	0.0584365066852	-0.0222834544294	0.0732352824811	0.0146204418356	0.00434844876797	0.00439469622134	0.0285760786784	-0.000352090128139	-0.0392294288031	-0.00679895284809	0.0189491882426	-0.0413185968832	0.00865278974966	0.00629501706145	-0.0328107357288	-0.0294686704443	0.0388287818799	0.112060283128	-0.052142343887	-0.00630285484746	0.0112929829459	-0.0189612926286	-0.0021909841968	-0.0383009214142	-0.0117523305776	0.0518571527341	-0.0140149293139	-0.0506797519527	-0.0176686544578	-0.00160318883231	-0.0332436067646	0.0274888078906	0.00238694902421	-0.0610405227895	-0.053754361699	-0.0243040074593	0.0985875270609	-0.0563489760073	-0.0312400893083	0.025094216358	-0.023861848443
k__Bacteria;p__Proteobacteria;c__Betaproteobacteria;o__Burkholderiales;f__Sutterellaceae;g__Sutterella;s__Sutterella_wadsworthensis	0.0602951370211	-0.0141310951458	0.00283341037036	0.0514734059295	-0.0176597130855	-0.0317992621617	-0.0146880773599	-0.0794185368825	-0.0078142276696	0.00620089242585	0.0271620217563	-0.050380789162	-0.0243231722791	-0.0599390991523	-0.0119493858893	-0.0790864051271	-0.0711291195821	1.0	-0.0412056411887	0.0106378211432	0.0414559789609	0.0516026751833	-0.0469848888058	-0.039242822357	0.0481814218496	-0.00754674719149	-0.0304515511706	-0.00969413534503	0.000283933619906	0.0241778598597	-0.00125586054665	-0.0253904797598	-0.0136912527931	-0.072175838189	0.0846888964598	-0.0143588410451	-0.0213898137829	-0.0101542547925	-0.021789684243	-0.0436789027803	0.0128098743751	-0.0553546277263	0.0873976484363	-0.0620487949859	-0.028459738054	-0.00822898346865	0.0134261131857	-0.0652606433277	0.00944351650248	-0.031236257892	-0.0277976016772	-0.00658869265113	-0.0197798919628	0.0011494693379	-0.0469747874031	-0.00737134538528	-0.0670807111037	-0.0354564775693	0.0128833858041
k__Bacteria;p__Bacteroidetes;c__Bacteroidia;o__Bacteroidales;f__Porphyromonadaceae;g__Barnesiella;s__Barnesiella_intestinihominis	-0.042319812233	-0.0038523037901	-0.111698095543	-0.0186449444904	-0.0433495829641	0.0662681336059	-0.0196967907537	0.0448391905947	-0.0231341721238	-0.0146929956572	-0.0122282527732	0.0403402096858	0.00461694870891	0.00295309589541	-0.0394295913794	-0.0113424119044	0.0584365066852	-0.0412056411887	1.0	0.00822559038093	-0.0515122100553	-0.0591713298729	-0.0197731307888	0.0463873681408	-0.0681799125029	-0.0194290398433	-0.00487799997511	-0.0646435181073	-0.0179102092733	-0.0171741771571	-0.0116371443697	-0.0191347985258	-0.00577672322649	-0.00270561530263	-0.0146175815377	-0.0656403759246	-0.0319185062951	-0.020484614128	0.0423879358146	0.0393936529083	0.000799736459665	0.0288784953659	-0.0263029860464	-0.0215666679862	0.0179421396769	-0.0178607048291	-0.0296057715628	-0.00651935622195	0.0419688724993	0.0385058631304	-0.0338784287829	0.0354646090898	-0.0240809933747	0.0572392150347	0.00429295225268	-0.00798190326165	0.0118614625898	0.030642785249	0.13386545035
k__Bacteria;p__Bacteroidetes;c__Bacteroidia;o__Bacteroidales;f__Odoribacteraceae;g__Odoribacter;s__Odoribacter_splanchnicus	-0.0255333597776	0.0337533788235	-0.0275840304012	-0.0366083351175	0.0646373776354	-0.0617895061115	-0.0418117325185	0.0686097111092	-0.00337515685729	-0.05292597764	-0.0767452544005	0.00574353280397	-0.0223008425745	-0.0336437002939	-0.000968242651736	-0.0305159623825	-0.0222834544294	0.0106378211432	0.00822559038093	1.0	0.0178190616435	0.0452196147514	-0.0197062047556	0.020037261221	0.00580360609225	-0.0471350433783	0.00554742966156	-0.0501815709313	0.0182289484512	0.00561808246365	0.00738352540314	-0.00623690684446	0.040891342172	-0.0390389984582	-0.0345179852016	0.00334914935227	0.0107880798633	-0.0573466015864	-0.0718496566777	-0.0119521894008	-0.0133377819073	-0.0316895479033	0.0124014451114	0.0119530926623	0.000682515244741	-0.0238543943794	-0.00957298322606	-0.00928853707555	-0.0389366360272	-0.05766996036	-0.00578980606402	-0.0148842713397	0.0587055146668	-0.0183353675244	0.0115978408518	-0.037879698529	0.00127874816544	0.042818452911	-0.0431149355516
k__Bacteria;p__Bacteroidetes;c__Bacteroidia;o__Bacteroidales;f__Bacteroidaceae;g__Bacteroides;s__Bacteroides_salyersiae	-0.013025819929	-0.0099530573716	0.0285068981798	0.00966651098202	-0.046925486078	-0.0501831505042	0.0437798888873	-0.00193247703688	0.0350413294824	0.0315452340963	-0.034440654072	-0.00991762579095	0.00319196394766	-0.034642190224	-0.0647876539847	-0.016697878465	0.0732352824811	0.0414559789609	-0.0515122100553	0.0178190616435	1.0	-0.0774759693353	0.0417112130559	0.0252621357733	0.0169931768256	0.0476013353706	0.0274449311972	0.0535023064129	0.114618602149	-0.0128581323393	0.000411093850794	-0.0421738099995	0.0332526324046	-0.00419036497384	0.0467120347099	-0.0114971827743	-0.06713378067	0.0647602365668	-0.0258775052697	-0.0397681953494	-0.0137353595475	-0.000443306411677	-0.0406973270181	-0.00154023238701	-0.0506087248339	-0.0717320617987	0.0480121944444	-0.037804817341	0.0667730224827	0.00699350471142	-0.0540368791995	-0.026939758429	-0.00611297424246	-0.0686948297276	0.00778692828314	-0.00922550906545	-0.0222646159366	0.0387044712768	0.00858521058375
k__Bacteria;p__Firmicutes;c__Clostridia;o__Clostridiales;f__Ruminococcaceae;g__Ruminiclostridium;s__[Eubacterium]_siraeum	0.0180772532958	0.00447764457917	-0.0218317739473	-0.00514492063489	-0.0245784220378	-0.0139148078285	-0.0445334687785	-0.0541446304816	-0.0328706828161	0.0200381593767	0.0542654269405	-0.0541229372345	-0.0175894605901	-0.0524420409359	-0.0767726115859	0.0219972712572	0.0146204418356	0.0516026751833	-0.0591713298729	0.0452196147514	-0.0774759693353	1.0	6.9866854536e-05	-0.0451962152558	0.036096246851	-0.0169050597546	-0.0235515633238	0.00231475526074	-0.0462885471795	0.0913995535618	-0.0567970147101	-0.0755602528596	-0.0719271648719	-0.0666627964029	-0.00622633265716	0.0379633931929	0.0398812120099	-0.0585641654681	-0.0525200560131	-0.04817917841	0.0243262305659	-0.0303989456862	-0.0337390770347	-0.0312088706054	-0.00175237965889	-0.00636802793371	-0.0402626628754	-0.0570953637681	0.052355801688	0.0342147928099	-0.0374300613755	-0.0561338962332	0.000267088314235	-0.0107173717271	-0.00696408775158	0.0372173398151	-0.0891988580815	0.0536519041846	0.0632740499068
k__Bacteria;p__Proteobacteria;c__Betaproteobacteria;o__Burkholderiales;f__Sutterellaceae;g__Parasutterella;s__Parasutterella_excrementihominis	0.0231074868393	0.0168685876722	-0.000618052646027	-0.0455995559206	-0.085446625382	0.0558657255802	-0.0395234371081	0.0329480895066	0.0574102727816	-0.0686904384214	-0.0579196107564	0.0645319481763	-0.0143364135835	0.000476121510832	-0.0644909795045	-0.0578597727298	0.00434844876797	-0.0469848888058	-0.0197731307888	-0.0197062047556	0.0417112130559	6.9866854536e-05	1.0	0.0293898144493	0.0547703566189	-0.0104221926702	-0.0152755770383	0.0444542951764	0.0879633522634	-0.0124311608447	-0.010386321534	-0.0629193014558	-0.00700031102611	-0.0107444712213	0.0208080824929	-0.030604034861	-0.00725350934735	-0.041582233295	-0.0455320670663	0.0397753959658	-0.0641392563512	-0.022796587564	-0.0293004191515	0.0110888163892	-0.00997739723322	0.0517781021881	-0.0138146401517	0.0165236204386	0.00723336847192	0.0290389052371	0.100620745665	-0.0123004271253	-0.017306655864	0.0471714370169	-0.0249244382636	-0.0621094071078	-0.0154997729274	0.00202416413953	-0.0265923765467
k__Bacteria;p__Actinobacteria;c__Actinobacteria;o__Bifidobacteriales;f__Bifidobacteriaceae;g__Bifidobacterium;s__Bifidobacterium_adolescentis	-0.0138849282313	-0.0305098309773	-0.0309535823894	0.0711016532705	0.0296733820779	-0.0658341499137	-0.0471878693899	-0.0480397597248	-0.0203190132407	-0.0452925786241	-0.0130170960772	0.0287502737679	0.012462282634	0.0291584386751	0.000873222851514	0.0372768239876	0.00439469622134	-0.039242822357	0.0463873681408	0.020037261221	0.0252621357733	-0.0451962152558	0.0293898144493	1.0	-0.0615928946565	-0.00520317537299	-0.017513809649	-0.0161327071344	-0.027820447382	0.0156447306924	0.0296028608305	-0.0256407090962	-0.0988263277189	-0.0400032961857	-0.030416459756	-0.0860719201298	-0.0723469318474	-0.0499653203189	-0.015308727361	0.0748834975948	-0.0530558524245	-0.0280162767246	-0.0115569511096	0.0350748019117	0.0233790265233	0.00961800758296	0.0219147375836	-0.0154629705768	0.0227862252145	-0.0631812477627	-0.0353110641679	-0.00071947929362	-0.0361278263367	-0.0247327916739	0.0136361530344	-0.0285462830522	0.00603694521351	-0.00377082548652	0.0101229632236
k__Bacteria;p__Firmicutes;c__Clostridia;o__Clostridiales;f__Oscillospiraceae;g__Oscillibacter;s__Oscillibacter_sp._KLE_1745	-0.0474566022962	-0.0110698684412	0.014734992736	0.0544950521763	0.0328796298335	-0.117091140755	-0.129634714367	0.0441216307084	-0.0378510716294	-0.0105267213572	-0.0698525691253	-0.00690015227535	0.0226246771731	-0.0378625362791	0.0227893000771	-0.0235167774544	0.0285760786784	0.0481814218496	-0.0681799125029	0.00580360609225	0.0169931768256	0.036096246851	0.0547703566189	-0.0615928946565	1.0	-0.016029194692	-0.0025348723383	-0.05530338292	0.073435734098	0.031977251126	0.0532681874128	0.0803233893262	-0.0275869507656	-0.0364315474195	-0.0832402953238	0.0726646137509	0.0369987116583	-0.0272756933178	0.00119493072464	-0.0549703689934	-0.0251616385943	0.0403579198594	0.0177940551077	-0.0230927254985	-0.0416006589768	-0.0313207974638	-0.0329925218194	-0.0111555034848	0.0274608284722	0.000206708816783	-0.00422301103781	-0.019070369358	0.0336739674451	0.0429923416391	0.0213914221262	-0.0353313072041	0.012491022452	0.0285821028519	-0.071476105606
k__Bacteria;p__Bacteroidetes;c__Bacteroidia;o__Bacteroidales;f__Bacteroidaceae;g__Bacteroides;s__Bacteroides_coprophilus	0.0527678627052	-0.0181190874898	0.00359857618763	0.0145254194979	0.0438177817563	0.00857128982057	0.00170186581415	-0.0278217912504	0.00377713809359	-0.017605559341	0.0201405857322	0.0528464845719	-0.0234340676955	-0.0128664345022	0.00244430082579	0.0104030638363	-0.000352090128139	-0.00754674719149	-0.0194290398433	-0.0471350433783	0.0476013353706	-0.0169050597546	-0.0104221926702	-0.00520317537299	-0.016029194692	1.0	-0.0563325625775	-0.00858090091977	0.030374595755	-0.0401601632752	0.00353282497388	-0.0328473795044	0.0606699372377	-0.0169632573847	-0.0135979356219	0.0796961859448	-0.078935348516	-0.0247791567024	-0.0400306922653	-0.0284227157061	-0.0407929507506	-0.0256457318693	-0.0315354985911	0.0152557668158	-0.0422938500789	-0.0562933245522	-0.0390500408752	-0.0435697219481	0.0231417501615	0.00153872065158	-0.0670876256796	-0.0595297002734	-0.00770810746647	-0.0443347148689	-0.0709689349106	-0.0549500038127	-0.0108477394453	0.000461675724516	-0.00361652638586
k__Bacteria;p__Firmicutes;c__Clostridia;o__Clostridiales;f__Lachnospiraceae;g__Roseburia;s__Roseburia_intestinalis	-0.0166780369316	-0.0321677422818	-0.0407842940948	-0.0557349180225	0.0166221095011	-0.0419574205316	0.00302093884334	-0.013640905665	-0.0229117580091	0.0289911266248	0.033153734869	-0.00763551173876	0.0455119843327	-0.0422389237132	-0.0513780552682	-0.0252958922215	-0.0392294288031	-0.0304515511706	-0.00487799997511	0.00554742966156	0.0274449311972	-0.0235515633238	-0.0152755770383	-0.017513809649	-0.0025348723383	-0.0563325625775	1.0	-0.0355575016341	-0.0717048282427	0.00578558415695	0.0592780984933	-0.0661723212052	0.0118091871333	0.0557019085186	0.02506492446	-0.00418461652213	0.0435746962165	0.110590122117	0.0264210668969	-0.0185943328729	0.00123362976085	0.021009753348	0.0171334176563	0.0578987494176	0.0338813965869	-0.0525184764341	0.021167608673	-0.0270643879191	-0.0451489788692	-0.0119945406421	-0.0103811951772	-0.0310580938414	0.0427777598443	-0.0521744551382	0.0259579172312	-0.0534264720336	-0.0256922756092	-0.0271954168317	-0.0360263447515
k__Bacteria;p__Firmicutes;c__Clostridia;o__Clostridiales;f__Lachnospiraceae;g__Roseburia;s__Roseburia_hominis	-0.0269304929409	0.00826240415779	0.00344848982735	0.00324220937441	-0.052002584189	0.00827364814974	-0.0813473340625	-0.0822915705253	-0.0220455130895	-0.0600062154572	0.0114971245831	-0.0729607286761	-0.0224967902604	-0.039818700041	-0.0228803526024	0.0139615908949	-0.00679895284809	-0.00969413534503	-0.0646435181073	-0.0501815709313	0.0535023064129	0.00231475526074	0.0444542951764	-0.0161327071344	-0.05530338292	-0.00858090091977	-0.0355575016341	1.0	0.00889205989838	-0.0518746158904	-0.0702048921482	-0.00764788061706	0.0157256952853	0.00507645740322	0.0167613215275	-0.0133342733911	-0.0422221856945	0.00609798935249	0.0365868553995	-0.0384908258171	0.00450614103591	0.0112411536604	0.0548650318774	0.010565757366	0.000705532072058	0.0111887852317	0.00728679251891	-0.0424949278031	0.0138530821101	-0.0109606253858	0.0160743732272	0.0437484816415	-0.0116210510979	-0.00257821978172	0.091406589517	0.0817349323271	-0.0311763421744	-0.0287232467311	0.0143260980892
k__Bacteria;p__Bacteroidetes;c__Bacteroidia;o__Bacteroidales;f__Porphyromonadaceae;g__Parabacteroides;s__Parabacteroides_johnsonii	-0.0448570899014	0.062524920253	0.0346505929958	0.00170762253132	-0.049353120839	-0.0177339180601	-0.0136181379223	0.0123397156294	0.0278315564957	-0.0733722864627	0.0632900044014	-0.0351014585113	0.0075232126066	-0.00228566509898	-0.0202848159509	-0.0527462987768	0.0189491882426	0.000283933619906	-0.0179102092733	0.0182289484512	0.114618602149	-0.0462885471795	0.0879633522634	-0.027820447382	0.073435734098	0.030374595755	-0.0717048282427	0.00889205989838	1.0	0.0419754784737	0.0411863148994	-0.0211181049119	-0.00264118020363	0.0115164371452	-0.0208851475344	-0.0694445776458	-0.0408551165516	-0.00464858833209	-0.0691855578961	0.0256621820353	-0.0529904045259	-0.0175183266754	0.0264410984074	-0.0437226961522	-0.0243754830197	0.00192806870325	-0.0365761168905	0.0608461309139	0.0192838684291	-0.0432687954187	-0.023219818178	-0.0788668613006	0.0801095971792	0.0333136066507	-0.00091443369352	-0.0377393708693	-0.0285397178992	0.0127807751657	-0.0256499048238
k__Bacteria;p__Actinobacteria;c__Actinobacteria;o__Bifidobacteriales;f__Bifidobacteriaceae;g__Bifidobacterium;s__Bifidobacterium_longum	0.0129411810767	-0.0208761317788	-0.00928169909262	0.00712573476298	-0.0449288157142	-0.0533633558603	0.0378050871964	-0.0398620459684	-0.0154765327806	0.000685014243611	-0.0518907891702	0.00345345319899	-0.00250991305604	-0.00743860748532	0.0117315988764	-0.0167562778124	-0.0413185968832	0.0241778598597	-0.0171741771571	0.00561808246365	-0.0128581323393	0.0913995535618	-0.0124311608447	0.0156447306924	0.031977251126	-0.0401601632752	0.00578558415695	-0.0518746158904	0.0419754784737	1.0	0.0131637638941	0.0062182411802	-0.0373882995059	0.00924182680359	0.06188675932	0.0476216399168	-0.127821301226	-0.0401322701422	-0.0300666667133	-0.0449861365512	0.0166386009248	0.0478964294215	0.0050763058318	0.0450917953835	-0.0110979517857	0.0131370280979	-0.00180655134622	-0.00160733883841	-0.0577726539147	0.0200100815802	-0.0322224014719	0.00678265898005	-0.044024378448	-0.0690516797659	-0.0468045946336	-0.00712342753747	0.0116438202795	-0.0331711872489	-0.0439515919177
