#taxonomy	k__Bacteria;p__Bacteroidetes;c__Bacteroidia;o__Bacteroidales;f__Bacteroidaceae;g__Bacteroides;s__Bacteroides_vulgatus	k__Bacteria;p__Bacteroidetes;c__Bacteroidia;o__Bacteroidales;f__Bacteroidaceae;g__Bacteroides;s__Bacteroides_uniformis	k__Bacteria;p__Bacteroidetes;c__Bacteroidia;o__Bacteroidales;f__Rikenellaceae;g__Alistipes;s__Alistipes_putredinis	k__Bacteria;p__Bacteroidetes;c__Bacteroidia;o__Bacteroidales;f__Prevotellaceae;g__Prevotella;s__Prevotella_copri	k__Bacteria;p__Bacteroidetes;c__Bacteroidia;o__Bacteroidales;f__Bacteroidaceae;g__Bacteroides;s__Bacteroides_stercoris	k__Bacteria;p__Bacteroidetes;c__Bacteroidia;o__Bacteroidales;f__Bacteroidaceae;g__Bacteroides;s__Bacteroides_ovatus	k__Bacteria;p__Bacteroidetes;c__Bacteroidia;o__Bacteroidales;f__Rikenellaceae;g__Alistipes;s__Alistipes_shahii	k__Bacteria;p__Firmicutes;c__Clostridia;o__Clostridiales;f__Ruminococcaceae;g__Faecalibacterium;s__Faecalibacterium_prausnitzii	k__Bacteria;p__Bacteroidetes;c__Bacteroidia;o__Bacteroidales;f__Rikenellaceae;g__Alistipes;s__Alistipes_finegoldii	k__Bacteria;p__Bacteroidetes;c__Bacteroidia;o__Bacteroidales;f__Porphyromonadaceae;g__Parabacteroides;s__Parabacteroides_distasonis	k__Bacteria;p__Bacteroidetes;c__Bacteroidia;o__Bacteroidales;f__Bacteroidaceae;g__Bacteroides;s__Bacteroides_thetaiotaomicron	k__Bacteria;p__Bacteroidetes;c__Bacteroidia;o__Bacteroidales;f__Bacteroidaceae;g__Bacteroides;s__Bacteroides_coprocola	k__Bacteria;p__Bacteroidetes;c__Bacteroidia;o__Bacteroidales;f__Bacteroidaceae;g__Bacteroides;s__Bacteroides_cellulosilyticus	k__Bacteria;p__Bacteroidetes;c__Bacteroidia;o__Bacteroidales;f__Rikenellaceae;g__Alistipes;s__Alistipes_obesi	k__Bacteria;p__Firmicutes;c__Clostridia;o__Clostridiales;f__Lachnospiraceae;g__;s__[Eubacterium]_rectale	k__Bacteria;p__Bacteroidetes;c__Bacteroidia;o__Bacteroidales;f__Bacteroidaceae;g__Bacteroides;s__Bacteroides_plebeius	k__Bacteria;p__Bacteroidetes;c__Bacteroidia;o__Bacteroidales;f__Bacteroidaceae;g__Bacteroides;s__Bacteroides_fragilis	k__Bacteria;p__Proteobacteria;c__Betaproteobacteria;o__Burkholderiales;f__Sutterellaceae;g__Sutterella;s__Sutterella_wadsworthensis	k__Bacteria;p__Bacteroidetes;c__Bacteroidia;o__Bacteroidales;f__Porphyromonadaceae;g__Barnesiella;s__Barnesiella_intestinihominis	k__Bacteria;p__Bacteroidetes;c__Bacteroidia;o__Bacteroidales;f__Odoribacteraceae;g__Odoribacter;s__Odoribacter_splanchnicus	k__Bacteria;p__Bacteroidetes;c__Bacteroidia;o__Bacteroidales;f__Bacteroidaceae;g__Bacteroides;s__Bacteroides_salyersiae	k__Bacteria;p__Firmicutes;c__Clostridia;o__Clostridiales;f__Ruminococcaceae;g__Ruminiclostridium;s__[Eubacterium]_siraeum	k__Bacteria;p__Proteobacteria;c__Betaproteobacteria;o__Burkholderiales;f__Sutterellaceae;g__Parasutterella;s__Parasutterella_excrementihominis	k__Bacteria;p__Actinobacteria;c__Actinobacteria;o__Bifidobacteriales;f__Bifidobacteriaceae;g__Bifidobacterium;s__Bifidobacterium_adolescentis	k__Bacteria;p__Firmicutes;c__Clostridia;o__Clostridiales;f__Oscillospiraceae;g__Oscillibacter;s__Oscillibacter_sp._KLE_1745	k__Bacteria;p__Bacteroidetes;c__Bacteroidia;o__Bacteroidales;f__Bacteroidaceae;g__Bacteroides;s__Bacteroides_coprophilus	k__Bacteria;p__Firmicutes;c__Clostridia;o__Clostridiales;f__Lachnospiraceae;g__Roseburia;s__Roseburia_intestinalis	k__Bacteria;p__Firmicutes;c__Clostridia;o__Clostridiales;f__Lachnospiraceae;g__Roseburia;s__Roseburia_hominis	k__Bacteria;p__Bacteroidetes;c__Bacteroidia;o__Bacteroidales;f__Porphyromonadaceae;g__Parabacteroides;s__Parabacteroides_johnsonii	k__Bacteria;p__Actinobacteria;c__Actinobacteria;o__Bifidobacteriales;f__Bifidobacteriaceae;g__Bifidobacterium;s__Bifidobacterium_longum	k__Bacteria;p__Firmicutes;c__Clostridia;o__Clostridiales;f__;g__Flavonifractor;s__Flavonifractor_plautii	k__Bacteria;p__Firmicutes;c__Clostridia;o__Clostridiales;f__Clostridiaceae;g__Clostridium;s__Clostridium_phoceensis	k__Bacteria;p__Verrucomicrobia;c__Verrucomicrobiae;o__Verrucomicrobiales;f__Akkermansiaceae;g__Akkermansia;s__Akkermansia_muciniphila	k__Bacteria;p__Bacteroidetes;c__Bacteroidia;o__Bacteroidales;f__Prevotellaceae;g__Paraprevotella;s__Paraprevotella_xylaniphila	k__Bacteria;p__Firmicutes;c__Clostridia;o__Clostridiales;f__Ruminococcaceae;g__Ruminococcus;s__Ruminococcus_callidus	k__Bacteria;p__Bacteroidetes;c__Bacteroidia;o__Bacteroidales;f__Rikenellaceae;g__Alistipes;s__Alistipes_senegalensis	k__Bacteria;p__Firmicutes;c__Clostridia;o__Clostridiales;f__Lachnospiraceae;g__Blautia;s__Blautia_sp._KLE_1732	k__Bacteria;p__Bacteroidetes;c__Bacteroidia;o__Bacteroidales;f__Bacteroidaceae;g__Bacteroides;s__Bacteroides_oleiciplenus	k__Bacteria;p__Firmicutes;c__Clostridia;o__Clostridiales;f__Ruminococcaceae;g__Ruminococcus;s__Ruminococcus_bicirculans	k__Bacteria;p__Bacteroidetes;c__Bacteroidia;o__Bacteroidales;f__Bacteroidaceae;g__Bacteroides;s__Bacteroides_fluxus	k__Bacteria;p__Bacteroidetes;c__Bacteroidia;o__Bacteroidales;f__Prevotellaceae;g__Prevotella;s__Prevotella_stercorea	k__Bacteria;p__Firmicutes;c__Clostridia;o__Clostridiales;f__Lachnospiraceae;g__Dorea;s__Dorea_longicatena	k__Bacteria;p__Firmicutes;c__Clostridia;o__Clostridiales;f__Eubacteriaceae;g__Eubacterium;s__[Eubacterium]_eligens	k__Bacteria;p__Firmicutes;c__Clostridia;o__Clostridiales;f__Ruminococcaceae;g__;s__Ruminococcaceae_bacterium_D16	k__Bacteria;p__Firmicutes;c__Clostridia;o__Clostridiales;f__Lachnospiraceae;g__Coprococcus;s__Coprococcus_comes	k__Bacteria;p__Proteobacteria;c__Gammaproteobacteria;o__Enterobacterales;f__Enterobacteriaceae;g__Escherichia;s__Escherichia_coli	k__Bacteria;p__Firmicutes;c__Clostridia;o__Clostridiales;f__Ruminococcaceae;g__Anaerotruncus;s__Anaerotruncus_colihominis	k__Bacteria;p__Firmicutes;c__Clostridia;o__Clostridiales;f__Lachnospiraceae;g__Blautia;s__Blautia_obeum	k__Bacteria;p__Bacteroidetes;c__Bacteroidia;o__Bacteroidales;f__Odoribacteraceae;g__Odoribacter;s__Odoribacter_laneus	k__Bacteria;p__Firmicutes;c__Clostridia;o__Clostridiales;f__Ruminococcaceae;g__Ruminiclostridium;s__[Clostridium]_leptum	k__Bacteria;p__Bacteroidetes;c__Bacteroidia;o__Bacteroidales;f__Porphyromonadaceae;g__Parabacteroides;s__Parabacteroides_goldsteinii	k__Bacteria;p__Firmicutes;c__Clostridia;o__Clostridiales;f__Lachnospiraceae;g__Anaerostipes;s__Anaerostipes_hadrus	k__Bacteria;p__Firmicutes;c__Clostridia;o__Clostridiales;f__Ruminococcaceae;g__Ruminococcus;s__Ruminococcus_lactaris	k__Bacteria;p__Firmicutes;c__Clostridia;o__Clostridiales;f__Clostridiaceae;g__Clostridium;s__Clostridium_sp._L2-50	k__Bacteria;p__Firmicutes;c__Clostridia;o__Clostridiales;f__Clostridiaceae;g__Clostridium;s__Clostridium_sp._M62/1	k__Bacteria;p__Firmicutes;c__Clostridia;o__Clostridiales;f__;g__Intestinimonas;s__Intestinimonas_butyriciproducens	k__Bacteria;p__Actinobacteria;c__Actinobacteria;o__Bifidobacteriales;f__Bifidobacteriaceae;g__Bifidobacterium;s__Bifidobacterium_bifidum	k__Bacteria;p__Firmicutes;c__Negativicutes;o__Veillonellales;f__Veillonellaceae;g__Dialister;s__Dialister_invisus	k__Bacteria;p__Bacteroidetes;c__Bacteroidia;o__Bacteroidales;f__Bacteroidaceae;g__Bacteroides;s__Bacteroides_salanitronis
k__Bacteria;p__Bacteroidetes;c__Bacteroidia;o__Bacteroidales;f__Bacteroidaceae;g__Bacteroides;s__Bacteroides_vulgatus	1.0	0.0056810272659	-0.0152715515204	-0.0679264664147	0.00849475859119	0.0110758972886	-0.024568313219	0.00214893256019	-0.0218592597422	0.0266945278135	0.0266083226358	0.0103500993384	-0.0743380276853	-0.00905497624393	-0.0190034726047	-0.040438282206	-0.0385809331302	0.0433030400827	0.0204887359336	-0.0279647296912	0.000373369933582	-0.0443789557503	-0.0364203300592	-0.00938047790233	-0.0630078157929	0.0155016060228	0.0281566878878	-0.0299346021059	0.0244576026271	0.00270532374747	0.0214799403825	-0.0737395870517	-0.0267908334756	-0.0460265396845	0.0191677866962	-0.0111762350096	-0.0269345763777	-0.0344312034586	-0.0760223592594	-0.0176777608975	0.0444243337444	0.0388285572329	0.01961753099	-0.0507413517406	-0.0505617547568	-0.00305607153262	0.00391247735823	-0.00152451471895	-0.0801966070502	-0.00778053812177	0.000495477114838	-0.0242293642758	0.0181001892809	-0.0196685840878	-0.00356726295854	-0.0356689998091	-0.00363498265186	-0.0242382016433	-0.0274203222626
k__Bacteria;p__Bacteroidetes;c__Bacteroidia;o__Bacteroidales;f__Bacteroidaceae;g__Bacteroides;s__Bacteroides_uniformis	0.0056810272659	1.0	0.0453477687957	-0.0141650436102	-0.0356088509557	-0.0199824666889	-0.012790800476	0.00108448431958	-0.0207813353214	0.0167541313347	-0.0565999394643	-0.032761959616	0.0661513310075	-0.0945903894515	-0.0334063692599	0.0451323733368	-0.0110381933453	0.00899350510115	0.0136784049917	0.0384977876928	-0.00324251866412	-0.033527377154	-0.0278592373368	0.0271254754921	0.0107426046666	-0.0407464515598	-0.0564553881504	-0.0535449695214	-0.0907718746526	-0.0165202884755	0.0277385745562	-0.00149044216336	-0.0260510158591	0.0218495081476	0.0155755182797	0.0148038152728	-0.0307945129421	-0.0354093169514	0.0273479898399	0.0274389471946	-0.0378452809103	-0.0466384869539	-0.0168657594163	0.0145408359041	-0.035558756256	-0.018104233319	-0.0744529780237	0.00465555804722	-0.0655177292839	0.0535205590175	-0.0341406010437	0.00343854951272	-0.0120121886037	-0.00171078636378	-0.00363876169205	0.00739294335579	-0.0244214090236	0.0710594393477	-0.0917594013995
k__Bacteria;p__Bacteroidetes;c__Bacteroidia;o__Bacteroidales;f__Rikenellaceae;g__Alistipes;s__Alistipes_putredinis	-0.0152715515204	0.0453477687957	1.0	0.0247188264898	0.0415391018162	0.0136012554528	-0.00766821842487	0.0115143936916	-0.0561913882848	0.0245639682499	-0.0065817830564	0.055851533986	0.0241882595664	0.00127879025501	-0.0324881141228	0.0869851422506	-0.03101969406	-0.0127983241125	-0.0122373089027	-0.00418737658787	0.0432572765367	-0.025309863584	-0.0336460144623	-0.0581004824395	-0.021342151024	-0.0405723465782	0.0302714765259	0.043932482027	-0.0251438501471	-0.0607841416219	-0.0148875449215	0.032444198025	-0.00846798031396	-0.0531819923391	0.036735699303	0.00516436900668	-0.0442014683604	-0.0309339574977	-0.00586620197478	-0.0646451429508	0.0275958723157	-0.0386375698712	0.030907952538	0.0126649375444	0.0148411103652	-0.0740622588955	-0.0578337849539	-0.0224892340677	-0.0427212940095	-0.073833356594	-0.00523451312867	-0.0448462927947	0.0644872473693	0.00333763964072	-0.00463580826875	0.0222019526504	0.0657056718877	0.0708694689008	0.0431452137901
k__Bacteria;p__Bacteroidetes;c__Bacteroidia;o__Bacteroidales;f__Prevotellaceae;g__Prevotella;s__Prevotella_copri	-0.0679264664147	-0.0141650436102	0.0247188264898	1.0	-0.016816974087	0.0105376674688	0.00147192138154	0.0160819895834	0.00723739375577	0.0459410741299	-0.02858233374	0.0145393931438	-0.0116733996624	0.0718477172634	0.0170970292745	-0.051324811447	-0.0154968382614	-0.0340369921239	0.0467797363913	-0.0551521264481	-0.0336170482303	-0.0117452799764	-0.0187139934077	-0.00538086932812	-0.00896826384799	-0.00393007925835	-0.00485139559044	0.0710082509767	-0.0295371714724	-0.0220634180401	-0.0399839931657	0.0254731021468	0.0657712614322	-0.0596007621657	-0.0363108124463	0.0562260898779	-0.0510146045362	0.0126286102324	-0.0300951311049	0.00649542957201	-0.055466515174	0.0296826939361	0.0228063918992	-0.0519988360593	0.00590104473341	0.0202226225681	0.000911223686912	0.0343860407875	0.0232554860767	-0.0210798001367	-0.0179951270636	0.000664472834414	-0.0621165465853	-0.010823436655	0.00134994725583	-0.085694797552	0.0289465343984	-0.00369035856218	0.00945767969639
k__Bacteria;p__Bacteroidetes;c__Bacteroidia;o__Bacteroidales;f__Bacteroidaceae;g__Bacteroides;s__Bacteroides_stercoris	0.00849475859119	-0.0356088509557	0.0415391018162	-0.016816974087	1.0	-0.0611893439172	-0.00673427195018	0.0757194042019	-0.00998810967129	0.00256991267317	-0.0849645665714	-0.0200194220925	0.0426018421571	-0.0242222373775	-0.0539337938115	-0.0823421448978	-0.0112534237499	-0.0815198828904	0.0139108457965	-0.0221118220669	-0.0254478480723	0.0225549556404	-0.00420084558762	-0.0385748387399	-0.0493132518398	0.0152675469503	0.0139421531272	0.00941027183856	-0.0631730289095	-0.0786935046701	-0.0806723738891	0.0473461845327	-0.0566255853895	-0.0531256285979	0.0287286134368	-0.0271349085542	0.111730018804	0.0316964422367	0.00731788038092	-0.0380242353341	0.0232130101427	0.000661855571765	-0.0510544409833	-0.0454252221162	0.00712286496612	-0.0621402670386	0.0301167524995	-0.00838764251204	-0.00267365139834	0.0342523403892	0.00746242942465	0.0191793916463	0.0294547535141	-0.0469405207781	0.0114228802937	-0.0351759497609	-0.0374751744839	-0.0249029568648	0.0753046561552
k__Bacteria;p__Bacteroidetes;c__Bacteroidia;o__Bacteroidales;f__Bacteroidaceae;g__Bacteroides;s__Bacteroides_ovatus	0.0110758972886	-0.0199824666889	0.0136012554528	0.0105376674688	-0.0611893439172	1.0	-0.0589398533409	-0.100740670705	-0.0317091184222	-0.0590075420127	-0.00888618794451	0.0540495990895	0.00911494866937	-0.0284920723737	-0.033229079328	0.014591848007	0.030017998985	-0.00677930757114	0.0245903138404	-0.0554051252443	-0.00459067606946	-0.0116006221062	-0.00045081959326	0.00905328547032	-0.0175820870028	-0.036424914755	0.0160910496492	0.000552704013267	-0.00567417197768	-0.00408878922401	0.00781331330217	0.0283733192583	0.0800941819142	0.0831507494028	-0.000255342093313	-0.0365122528702	0.0124932915782	0.00636962687891	-0.0272049939677	-0.0661223043052	0.00448653438557	0.0397904588791	-0.0339841794848	0.0214526006684	-0.0304173729559	0.0340917330355	-0.0477381290545	0.050992805612	-0.0584524826795	-0.0310906731865	-0.0141371825967	-0.0299819042029	-0.0357517163135	0.0498292362246	0.0766052954426	-0.0090071170979	0.0116739536066	0.026997402312	-0.0330399913365
k__Bacteria;p__Bacteroidetes;c__Bacteroidia;o__Bacteroidales;f__Rikenellaceae;g__Alistipes;s__Alistipes_shahii	-0.024568313219	-0.012790800476	-0.00766821842487	0.00147192138154	-0.00673427195018	-0.0589398533409	1.0	0.0158809714883	-0.0282517650589	-0.0145050819861	-0.0049320585655	-0.0266645507603	0.00909456756685	0.0481814241119	-0.0555431853287	-0.0205835669425	0.0906005465656	0.0896244389238	-0.0220915966549	-0.052675263438	0.0321987599307	-0.00278006752114	-0.0544404859763	0.0104908958179	-0.0432163772147	-0.0301804465464	0.000532863032301	-0.0434636470701	0.0338425032633	-0.0164845455735	-0.038823683367	-0.0181668159032	-0.0748127667926	-0.0273228644783	0.00388775798029	-0.0937679051657	-0.0137111956082	-0.019855533401	0.057386111723	-0.000474715901322	0.00761183672894	-0.0589995836511	-0.0901085925689	-0.00928652919723	0.0607734668131	0.0182383100971	-0.00900239322929	0.0261420298866	0.0225608626383	0.0485817507	-0.0987808102985	0.000839767921801	-0.000214918837242	-0.0814034136067	-0.0208437986607	-0.0316336793464	0.0398272758209	-0.00266363895598	-0.0738129886769
k__Bacteria;p__Firmicutes;c__Clostridia;o__Clostridiales;f__Ruminococcaceae;g__Faecalibacterium;s__Faecalibacterium_prausnitzii	0.00214893256019	0.00108448431958	0.0115143936916	0.0160819895834	0.0757194042019	-0.100740670705	0.0158809714883	1.0	-0.0648641772005	-0.00388635857712	-0.0367984359644	-0.0194930484025	-0.00473636629264	0.024813074295	0.0502602419554	-0.0230224601544	-0.0482510173256	-0.0919738506672	-0.0468783358441	-0.0106024089385	-0.0167817995473	0.0112399763546	-0.0149265917256	-0.0279199942475	0.0378325113677	-0.0286939634496	0.039594246932	-0.0547586365795	-0.040703647608	0.0630085510926	0.00184902159221	0.0208954981719	-0.00486569501705	0.0546815724561	-0.0158188230424	0.0364699452799	-0.0484959816382	0.0323809933474	-0.0245562224961	0.0120817713119	0.000587350549597	-0.0510528834222	0.0412061798113	-0.0782450313655	-0.0411363591079	0.0165448849735	-0.0134571109627	0.000417863876322	0.0936035250953	0.0456199160046	-0.000882475692457	0.034813145635	-0.0157349451396	-0.0971059766528	-0.0378870945224	-0.0776477212254	0.00371047630322	-0.057217038708	0.0364011054816
k__Bacteria;p__Bacteroidetes;c__Bacteroidia;o__Bacteroidales;f__Rikenellaceae;g__Alistipes;s__Alistipes_finegoldii	-0.0218592597422	-0.0207813353214	-0.0561913882848	0.00723739375577	-0.00998810967129	-0.0317091184222	-0.0282517650589	-0.0648641772005	1.0	0.0341655733305	-0.0408128064624	-0.0584201254386	-0.0328708170195	0.00802743934712	-0.0314480706896	-0.0422795209718	-0.0129243409378	-0.0375183206121	0.0542819083975	0.0396900814564	0.0776550266583	-0.0134109790071	0.0825433999068	-0.0103389237701	0.0303871915415	-0.0342475278738	0.033101920913	-0.0351295974984	-0.0848321784404	-0.0441841033565	-0.0178811628451	0.0146522816452	-0.077109401596	0.0962586995808	-0.0287918728919	0.0379644194883	0.0132709595462	-0.0449511331235	-0.0214165935569	0.00996052257978	-0.00433381757485	0.0126607948014	-0.00168606486957	-0.0447295205176	0.0120106192474	-0.0360483975613	0.00675345540317	-0.0244887748814	-0.0462050259952	0.00105323360343	0.0806610668446	0.0545945830658	0.0245947604926	0.0353664370535	-0.0428658527377	0.0277622772386	-0.0273775361347	-0.00705715312852	0.000943110314602
k__Bacteria;p__Bacteroidetes;c__Bacteroidia;o__Bacteroidales;f__Porphyromonadaceae;g__Parabacteroides;s__Parabacteroides_distasonis	0.0266945278135	0.0167541313347	0.0245639682499	0.0459410741299	0.00256991267317	-0.0590075420127	-0.0145050819861	-0.00388635857712	0.0341655733305	1.0	-0.0286834332971	-0.0227093866071	-0.0329006670494	-0.0616637009609	0.00763288106313	0.0283170685184	0.00615397167594	0.0835984384073	-0.00285460345101	-0.041418184975	-0.0331673671501	-0.0271146159782	-0.0591496028886	0.00237788793749	0.0321358650244	-0.0414605309993	-0.00353376647963	0.0109473204017	-0.0552364730285	-0.00993271982301	-0.0410149969333	-0.0338809148908	0.0751795370822	-0.0247392018336	-0.0809708696912	-0.128985436782	0.0484505219921	-0.0172058190464	0.0314643601833	-0.0506553640157	0.0602972408971	0.0120815413263	0.00180612182269	-0.0598602215171	0.00422335762558	0.0489332724384	-0.0480518163753	-0.0174307557179	0.0596854804877	-0.0234377616659	-0.0514116820102	0.0158145928512	0.00256391535603	0.026093559825	0.0242469894477	-0.0801710185086	0.0131010863746	-0.0585902751239	0.0106185865789
k__Bacteria;p__Bacteroidetes;c__Bacteroidia;o__Bacteroidales;f__Bacteroidaceae;g__Bacteroides;s__Bacteroides_thetaiotaomicron	0.0266083226358	-0.0565999394643	-0.0065817830564	-0.02858233374	-0.0849645665714	-0.00888618794451	-0.0049320585655	-0.0367984359644	-0.0408128064624	-0.0286834332971	1.0	-0.0186091493795	-0.0474897094041	0.0210703771216	0.00332749050095	-0.00778092293953	0.00950571424042	-0.0340253286287	0.0177687207533	-0.0869614079697	0.0388055173653	-0.0589469335526	-0.00607941860774	-0.0251785601334	0.0106879939465	-0.0294170845785	-0.0251232558472	-0.005258052377	-0.0517359350952	0.0110746761677	0.0361543741428	-0.0593109328097	0.00514071977744	0.00812604222808	-0.0248163542918	-0.0273368827399	0.00666804964841	-0.02475130882	-0.0316785985055	0.0706487757748	0.0376369978835	0.0376925488837	-0.0246722297392	0.0206100101736	-0.0575130630338	-0.0562859338465	-0.0315893399307	-0.061700106313	-0.0186546602927	0.0287716341667	-0.0697409264988	-0.0173166603958	0.0608624212942	-0.0406900762046	-0.00703466690327	-0.00183442546558	-0.0222835444996	0.0315602764315	0.028063859043
k__Bacteria;p__Bacteroidetes;c__Bacteroidia;o__Bacteroidales;f__Bacteroidaceae;g__Bacteroides;s__Bacteroides_coprocola	0.0103500993384	-0.032761959616	0.055851533986	0.0145393931438	-0.0200194220925	0.0540495990895	-0.0266645507603	-0.0194930484025	-0.0584201254386	-0.0227093866071	-0.0186091493795	1.0	0.0481931954036	0.0187895235334	-0.00948810821947	-0.0197482575516	0.00608648619338	-0.0157413124282	0.0256318147523	-0.0573961427191	-0.00113941787863	0.0515147554185	-0.0597738400058	-0.0480072198101	0.00443649842161	-0.0166832173605	0.00332343996561	-0.0225351546651	0.0219138543902	-0.0545104053835	-0.000195481883885	-0.00404473292212	-0.0777706935363	0.00846630596873	-0.0358391170375	0.029745795153	0.0207747004033	-0.0232247983902	-0.0451455115937	-0.00742926504672	-0.0625134056097	0.0434934761988	-0.00141142011482	0.064701227316	0.0197588958466	-0.0254786696496	-0.0216138215444	0.149487278816	-0.0412046665891	0.0331809333926	-0.00861942640527	0.0398179329598	-0.0115295046996	-0.0648609889203	-0.00300461958454	-0.0627371846622	-0.0799288489959	-0.0653321592309	0.0263294985019
k__Bacteria;p__Bacteroidetes;c__Bacteroidia;o__Bacteroidales;f__Bacteroidaceae;g__Bacteroides;s__Bacteroides_cellulosilyticus	-0.0743380276853	0.0661513310075	0.0241882595664	-0.0116733996624	0.0426018421571	0.00911494866937	0.00909456756685	-0.00473636629264	-0.0328708170195	-0.0329006670494	-0.0474897094041	0.0481931954036	1.0	-0.0266732518	-0.0334798577774	0.00740184429311	-0.00559301047936	0.0361706055432	0.0519360607141	-0.0786638100523	-0.0433772772216	-0.00944785117519	-0.0700877038324	0.0274682573032	-0.0915106697986	-0.00788949906522	-0.0538405099809	-0.000556535963648	0.0305566207712	-0.00830016341908	0.00953081740181	-0.0163505393021	0.0468871017286	-0.0673028891315	-0.0532678595382	-0.00741779288608	0.0240497111426	0.00247530222014	-0.0145851323178	0.0296924736735	0.00778495973818	0.0107119675073	-0.00746656991676	0.00315263932173	-0.0761807211982	0.0172979571227	0.030264376838	-0.00920484439534	-0.0340914921184	0.0464598670185	0.0267080612452	0.0116353346487	0.0472936338342	-0.0833532565199	-0.00295230983069	0.0379318143153	-0.0709841800152	-0.0719410602304	0.0533346375686
k__Bacteria;p__Bacteroidetes;c__Bacteroidia;o__Bacteroidales;f__Rikenellaceae;g__Alistipes;s__Alistipes_obesi	-0.00905497624393	-0.0945903894515	0.00127879025501	0.0718477172634	-0.0242222373775	-0.0284920723737	0.0481814241119	0.024813074295	0.00802743934712	-0.0616637009609	0.0210703771216	0.0187895235334	-0.0266732518	1.0	-0.0143215181231	0.00648011769439	-0.0202111859621	-0.0285351217283	-0.0302123523923	-0.0313695903388	-0.0171672165395	-0.0139551595093	-0.00841995828392	-0.00608722357026	-0.0198909878254	-0.0160613440418	-0.0615903755134	0.0715462154026	0.0473316442966	-0.028881514515	-0.103532201269	0.0175216034795	0.0527049528685	0.0447448325148	0.033671616723	0.0273576790725	-0.0313308541274	-0.0310157817075	-0.0579464769018	-0.0874714103123	-0.0106965475838	-0.00128861272705	-0.072245487127	-0.122161835907	-0.0540017025285	-0.0229537712771	-0.0576418766765	-0.00717822798054	-0.0250676593046	0.0137126423741	-0.0370056319386	-0.026348869509	-0.00411016714761	0.0410192758962	-0.0403017734315	0.00272745567959	0.0130084210258	-0.0223683341093	0.0855123972572
k__Bacteria;p__Firmicutes;c__Clostridia;o__Clostridiales;f__Lachnospiraceae;g__;s__[Eubacterium]_rectale	-0.0190034726047	-0.0334063692599	-0.0324881141228	0.0170970292745	-0.0539337938115	-0.033229079328	-0.0555431853287	0.0502602419554	-0.0314480706896	0.00763288106313	0.00332749050095	-0.00948810821947	-0.0334798577774	-0.0143215181231	1.0	-0.0720577145975	-0.0717209152665	0.0487099028767	0.0170168648465	0.0907172029842	-0.0142151634386	-0.0286731288533	0.00288239366926	-0.00523451661822	0.0101186071001	-0.0194579404579	-0.034178229562	0.0118640378393	-0.0278628743646	-0.0422939809491	-0.0216943163497	-0.0813920918189	0.0329959749387	0.00721827854439	0.0128422682327	-0.00883377898577	-0.0120175395614	0.0441312530332	-0.011295682517	-0.0494967934152	0.0119095440276	-0.0563390054642	-0.000613542476228	0.0390594204929	-0.0202856023848	-0.0602649112472	-0.00574847528027	-0.00583664408543	-0.0702026838093	-0.0278001799654	-0.0583253787242	-0.0183522559291	0.0391708289703	0.00452516833454	0.01025616133	-0.0517552181971	-0.068209419188	-0.0204420933981	-0.00446221174279
k__Bacteria;p__Bacteroidetes;c__Bacteroidia;o__Bacteroidales;f__Bacteroidaceae;g__Bacteroides;s__Bacteroides_plebeius	-0.040438282206	0.0451323733368	0.0869851422506	-0.051324811447	-0.0823421448978	0.014591848007	-0.0205835669425	-0.0230224601544	-0.0422795209718	0.0283170685184	-0.00778092293953	-0.0197482575516	0.00740184429311	0.00648011769439	-0.0720577145975	1.0	-0.051325433757	-0.0343830371528	-0.000117071018752	-0.00376504220127	-0.0586162673675	0.00725589261483	0.0224419905116	0.0296702737591	0.0132828558255	0.00601262950095	-0.0038824742885	-0.0278172468405	-0.00245365782349	0.00900638757775	0.0257097562507	0.0337830427321	-0.0216788970209	-0.0154606904097	0.0264895607457	-0.00252160491807	0.0225858410039	0.00840859963531	0.0271933656115	-0.0226165328679	-0.0380584872884	-0.00147798033978	0.00876551230187	-0.00425846548017	0.0514148296314	-0.0269190613616	-0.0550464960164	-0.0809187936239	-0.0430448910637	-0.0271638659673	-0.0213706241503	-0.029542042845	-0.0328991545123	-0.0178408803998	0.0304028649761	-0.00576543084265	-0.0539553972574	0.0410773786196	-0.0848700392982
k__Bacteria;p__Bacteroidetes;c__Bacteroidia;o__Bacteroidales;f__Bacteroidaceae;g__Bacteroides;s__Bacteroides_fragilis	-0.0385809331302	-0.0110381933453	-0.03101969406	-0.0154968382614	-0.0112534237499	0.030017998985	0.0906005465656	-0.0482510173256	-0.0129243409378	0.00615397167594	0.00950571424041	0.00608648619338	-0.00559301047936	-0.0202111859621	-0.0717209152665	-0.051325433757	1.0	0.0330839438256	-0.0625330897648	-0.000607282902824	0.0397968780306	0.0292082100919	0.00267512651471	0.0235165520916	-0.0562918150057	0.0138204860628	-0.0683958848152	0.0299463354031	-0.0428232538558	-0.00508607740621	-0.0216478584341	0.053424829122	-0.00729841863143	0.0642745415098	0.0113689177029	-0.143231631153	0.0668761283206	-0.0429618547766	-0.0112335228051	-0.00799580918447	-0.0397628545855	0.0205307363829	0.0045077152317	0.044625117883	0.00208785893714	0.0481558314601	-0.00929994913813	-0.0465954492948	0.0462622791014	-0.0341543494983	-0.0331662826697	0.000306294345015	-0.0407033305207	-0.0485446667119	-0.0602244484676	-0.0229568538735	-0.0259512491719	0.0439101772411	0.0159742905813
k__Bacteria;p__Proteobacteria;c__Betaproteobacteria;o__Burkholderiales;f__Sutterellaceae;g__Sutterella;s__Sutterella_wadsworthensis	0.0433030400827	0.00899350510115	-0.0127983241125	-0.0340369921239	-0.0815198828904	-0.00677930757114	0.0896244389238	-0.0919738506672	-0.0375183206121	0.0835984384073	-0.0340253286287	-0.0157413124282	0.0361706055432	-0.0285351217283	0.0487099028767	-0.0343830371528	0.0330839438256	1.0	0.00785958175514	-0.0717034185987	0.0290848297563	0.0113305056986	-0.0262770299136	0.0175193423161	-0.012555371476	0.0189423703139	0.0171882085911	0.0907803473755	-0.040914296343	-0.0575095185814	-0.0704442250278	-0.0523086568562	-0.0137837163795	-0.000569657191997	0.0147646091551	-0.0129648318147	0.0111311709275	0.00141395800162	-0.0663451057822	-0.00471895527653	0.0443280281	-0.0204561579484	-0.0093790781968	-0.0332934479872	0.0248115889119	-0.0185666082048	0.0230723839222	0.00898008232793	-0.00884732079662	0.0354771149795	-0.0799842083595	-0.0284521955918	-0.0536646824295	0.00239078633468	0.0377925216435	0.0552818956152	-0.0135745718984	-0.0165131136864	-0.0454844058902
k__Bacteria;p__Bacteroidetes;c__Bacteroidia;o__Bacteroidales;f__Porphyromonadaceae;g__Barnesiella;s__Barnesiella_intestinihominis	0.0204887359336	0.0136784049917	-0.0122373089027	0.0467797363913	0.0139108457965	0.0245903138404	-0.0220915966549	-0.0468783358441	0.0542819083975	-0.00285460345101	0.0177687207533	0.0256318147523	0.0519360607141	-0.0302123523923	0.0170168648465	-0.000117071018752	-0.0625330897648	0.00785958175514	1.0	0.0543320227288	-0.0673929725755	-0.0238300565806	-0.0280276609449	-0.0468636041603	-0.0479838368638	-0.00317284847533	0.0410583757707	-0.0124264674587	-0.0362771699558	-0.0502119640484	-0.0289944297309	-0.0753278826089	0.0166736093383	-0.00835146575121	0.0201863878103	-0.0258811558978	-0.0313456225596	-0.0371355790576	-0.000492202044532	-0.0312262502916	-0.0151997574085	-0.0160028533362	0.050420971281	-0.00907359950804	-0.0118302773082	-0.00352586112352	0.0163621580884	-0.0426284552464	-0.0601645402096	0.0600069300431	-0.0364287976688	-0.0702435526653	-0.0236763888532	-0.0232926103127	0.0232745397049	0.0286592795145	0.034879998043	-0.0337013978647	-0.021977989107
k__Bacteria;p__Bacteroidetes;c__Bacteroidia;o__Bacteroidales;f__Odoribacteraceae;g__Odoribacter;s__Odoribacter_splanchnicus	-0.0279647296912	0.0384977876928	-0.00418737658787	-0.0551521264481	-0.0221118220669	-0.0554051252443	-0.052675263438	-0.0106024089385	0.0396900814564	-0.041418184975	-0.0869614079697	-0.0573961427191	-0.0786638100523	-0.0313695903388	0.0907172029842	-0.00376504220127	-0.000607282902823	-0.0717034185987	0.0543320227288	1.0	0.0429834555482	-0.0771101390322	-0.0088039928539	0.0129656043071	-0.071178969044	0.0237701185133	0.0244205269465	-0.0522011778919	0.0440615212175	-0.0698850978985	-0.0231978053816	-0.00630826130581	-0.00868384356988	-0.075555005125	-0.0222096092446	0.0177395185109	0.0815126097492	-0.010029195667	-0.0567364810048	0.0481901666882	0.0653394367479	0.0205188174238	0.0787442418871	0.0316144984586	-0.0523530074036	0.0255241273606	0.0520187129074	-0.0323169135245	-0.0991007594222	0.00622282669197	-0.0393091244813	-0.00107527774588	-0.0363364974601	0.00515230907278	0.00443890900185	0.0121655509082	0.00216484672534	0.000562761966626	-0.0185529459487
k__Bacteria;p__Bacteroidetes;c__Bacteroidia;o__Bacteroidales;f__Bacteroidaceae;g__Bacteroides;s__Bacteroides_salyersiae	0.000373369933582	-0.00324251866412	0.0432572765367	-0.0336170482303	-0.0254478480723	-0.00459067606946	0.0321987599307	-0.0167817995473	0.0776550266583	-0.0331673671501	0.0388055173653	-0.00113941787863	-0.0433772772216	-0.0171672165395	-0.0142151634386	-0.0586162673675	0.0397968780306	0.0290848297563	-0.0673929725755	0.0429834555482	1.0	0.0189323911158	-0.0189556871981	-0.0491808459191	0.0491901248897	0.0739210416848	0.032301198537	-0.00567914690322	-0.017443643001	-5.75756881458e-05	-0.040990110684	-0.00488693040581	-0.0295538486345	0.0214078683596	-0.0164978748259	0.053600200142	-0.0422181508771	-0.0135447398597	-0.0512360251808	-0.0422692708333	-0.0502735999969	-0.0626697056704	-0.0195988702339	-0.0474578665016	-0.0189525091991	0.0124257196478	-0.0587778806644	-0.0330708030263	-0.0215567423527	-0.0119440297369	-0.00827971564353	-0.0501299113343	-0.12273283976	-0.0142809473051	-0.00587632624149	-0.102845086049	0.00875706915016	0.046069040049	-0.00368972128735
k__Bacteria;p__Firmicutes;c__Clostridia;o__Clostridiales;f__Ruminococcaceae;g__Ruminiclostridium;s__[Eubacterium]_siraeum	-0.0443789557503	-0.033527377154	-0.025309863584	-0.0117452799764	0.0225549556404	-0.0116006221062	-0.00278006752114	0.0112399763546	-0.0134109790071	-0.0271146159782	-0.0589469335526	0.0515147554185	-0.00944785117519	-0.0139551595093	-0.0286731288533	0.00725589261483	0.0292082100919	0.0113305056986	-0.0238300565806	-0.0771101390322	0.0189323911158	1.0	0.0347750418507	-0.0236056310568	-0.0652675179652	-0.0231117661521	0.00120891051095	0.0103379549074	0.09660301845	0.0611866628649	0.0538834396084	-0.0279281735324	-0.0364980250332	0.00858663058411	-0.0439807335267	-0.0276221812178	0.0216760778777	-0.00641442799325	0.0107003713422	-0.00987690094326	0.0257524806766	0.0507096000985	-0.0482199759642	0.00497246293674	-0.0824290657812	-0.0168733133206	0.0265604368487	0.0445291144079	-0.0325883546629	0.0368665382275	-0.0329583216838	-0.057429957643	0.0289711358708	-0.0492231877694	-0.0411811535473	0.0335549431166	-0.00628450613029	-0.0565518976318	-0.0377465596445
k__Bacteria;p__Proteobacteria;c__Betaproteobacteria;o__Burkholderiales;f__Sutterellaceae;g__Parasutterella;s__Parasutterella_excrementihominis	-0.0364203300592	-0.0278592373368	-0.0336460144623	-0.0187139934077	-0.00420084558762	-0.00045081959326	-0.0544404859763	-0.0149265917256	0.0825433999068	-0.0591496028886	-0.00607941860774	-0.0597738400058	-0.0700877038324	-0.00841995828392	0.00288239366926	0.0224419905116	0.00267512651471	-0.0262770299136	-0.0280276609449	-0.0088039928539	-0.0189556871981	0.0347750418507	1.0	0.0359228890337	0.025394084411	-0.0962664354984	-0.00777976775051	0.0232445670781	-0.0384007013505	0.0147102137849	-0.00459398669675	0.0277844104374	-0.00150260031447	-0.0297339325647	0.0775186661091	-0.0433945894074	-0.0169860628625	-0.00745013069279	0.00984447478701	0.0115687165187	-0.00253287320929	-0.0311582731245	-0.00352859500723	-0.033659064533	-0.0145706720844	-0.0283768598215	-0.0105859244889	-0.0354021298727	-0.0206904417407	0.0231437638209	0.0122031421369	0.0213110633255	-0.0173694128659	0.0220794865623	-0.109581389781	0.0381414473123	-0.0750489606437	-0.0245334080119	0.0584783352425
k__Bacteria;p__Actinobacteria;c__Actinobacteria;o__Bifidobacteriales;f__Bifidobacteriaceae;g__Bifidobacterium;s__Bifidobacterium_adolescentis	-0.00938047790233	0.0271254754921	-0.0581004824395	-0.00538086932812	-0.0385748387399	0.00905328547032	0.0104908958179	-0.0279199942475	-0.0103389237701	0.00237788793749	-0.0251785601334	-0.0480072198101	0.0274682573032	-0.00608722357026	-0.00523451661822	0.0296702737591	0.0235165520916	0.0175193423161	-0.0468636041603	0.0129656043071	-0.0491808459191	-0.0236056310568	0.0359228890337	1.0	0.013933033581	-0.0202324826526	-0.0523635569783	-0.0212026018443	0.0119996735496	-0.0854247834039	-0.057238553141	-0.0447889727177	-0.0717578644669	0.0542042592276	-0.00202858661089	0.0196635738013	0.0575963516567	-0.0490532209124	0.0176252990471	-0.00348391543081	-0.0371259621625	0.0147512038389	0.000354752819326	-0.0602719845382	0.0281250100456	0.0946780860202	-0.0832315980535	-0.013507479034	0.00458081134088	0.0392312069636	-0.0579493388147	0.00304448743537	0.0333407502948	-0.0389714729414	0.00866630186539	0.0934408988079	-0.0784867990254	-0.0556811736746	-0.0175817137871
k__Bacteria;p__Firmicutes;c__Clostridia;o__Clostridiales;f__Oscillospiraceae;g__Oscillibacter;s__Oscillibacter_sp._KLE_1745	-0.0630078157929	0.0107426046666	-0.021342151024	-0.00896826384799	-0.0493132518398	-0.0175820870028	-0.0432163772147	0.0378325113677	0.0303871915415	0.0321358650244	0.0106879939465	0.00443649842161	-0.0915106697986	-0.0198909878254	0.0101186071001	0.0132828558255	-0.0562918150057	-0.012555371476	-0.0479838368638	-0.071178969044	0.0491901248897	-0.0652675179652	0.025394084411	0.013933033581	1.0	0.036195687933	0.0148751253878	-0.014728825146	-0.0546776824196	0.0344078690076	-0.0287692344914	-0.0383707674367	-0.0239362837166	0.0195293040148	-0.033215058291	-0.0604571531171	0.00548492729394	-0.0585959468355	0.0333328937602	-0.0365855965736	-0.0456922303968	-0.0345637166806	0.00856425522123	-0.0434926435725	-0.0280624421355	-0.00283652378129	-0.0228371581797	-0.0143676600431	0.00361942465958	-0.00376735163296	-0.0578135281531	-0.0305120455166	0.00523795619318	-0.0118063526861	-0.00507453754434	-0.0109487821792	-0.00681806280815	-0.0426939385073	0.0451728017724
k__Bacteria;p__Bacteroidetes;c__Bacteroidia;o__Bacteroidales;f__Bacteroidaceae;g__Bacteroides;s__Bacteroides_coprophilus	0.0155016060228	-0.0407464515598	-0.0405723465782	-0.00393007925835	0.0152675469503	-0.036424914755	-0.0301804465464	-0.0286939634496	-0.0342475278738	-0.0414605309993	-0.0294170845785	-0.0166832173605	-0.00788949906522	-0.0160613440418	-0.0194579404579	0.00601262950095	0.0138204860628	0.0189423703139	-0.00317284847533	0.0237701185133	0.0739210416848	-0.0231117661521	-0.0962664354984	-0.0202324826526	0.036195687933	1.0	0.0339139789565	-0.036726136582	0.0277534408947	0.0397183768369	-0.0276059852735	-0.0155859164009	0.0182022991474	-0.108270774066	-0.0654748378949	-0.0450178574396	-0.0554722317461	-0.0243834909489	-0.0167150790357	-0.0401810045072	-0.0193623348979	-0.0141095011826	-0.0180755679779	0.0322119338015	-0.0199579195718	0.00216907466446	-0.0122155560913	-0.0312335519313	-0.028393449083	-0.109226001037	-0.00656939475778	0.0846406881484	0.0101496344797	-0.00753948248056	0.0176979780885	0.0220625587336	-0.035278141973	0.0296507701989	0.0857013778176
k__Bacteria;p__Firmicutes;c__Clostridia;o__Clostridiales;f__Lachnospiraceae;g__Roseburia;s__Roseburia_intestinalis	0.0281566878878	-0.0564553881504	0.0302714765259	-0.00485139559044	0.0139421531272	0.0160910496492	0.000532863032301	0.039594246932	0.033101920913	-0.00353376647963	-0.0251232558472	0.00332343996561	-0.0538405099809	-0.0615903755134	-0.034178229562	-0.0038824742885	-0.0683958848152	0.0171882085911	0.0410583757707	0.0244205269465	0.032301198537	0.00120891051095	-0.00777976775051	-0.0523635569783	0.0148751253878	0.0339139789565	1.0	0.00950133100466	-0.0352602373172	-0.0269683507972	-0.0282545809575	0.0033399254753	-0.0427234630942	-0.050254572728	0.0133376637408	0.0127256018531	0.0517328279602	-0.013556800537	-0.00509456437237	-0.0185790695907	0.0142715736205	0.0219187787788	-0.0321023015061	0.00160922504244	-0.0327201805436	0.00429877340292	0.00919992351896	-0.0390578592124	-0.00988689257639	-0.0365670704056	-0.0362325756021	-0.0128084086809	0.0502164944573	-0.0287726952173	0.025998065916	0.0595408444273	-0.0124972867716	-0.108496366456	-0.0381941702224
k__Bacteria;p__Firmicutes;c__Clostridia;o__Clostridiales;f__Lachnospiraceae;g__Roseburia;s__Roseburia_hominis	-0.0299346021059	-0.0535449695214	0.043932482027	0.0710082509767	0.00941027183856	0.000552704013267	-0.0434636470701	-0.0547586365795	-0.0351295974984	0.0109473204017	-0.005258052377	-0.0225351546651	-0.000556535963648	0.0715462154026	0.0118640378393	-0.0278172468405	0.0299463354031	0.0907803473755	-0.0124264674587	-0.0522011778919	-0.00567914690322	0.0103379549074	0.0232445670781	-0.0212026018443	-0.014728825146	-0.036726136582	0.00950133100466	1.0	-0.00381888991008	-0.0571606831205	-0.0123895726169	-0.00371500418158	-0.0518490631932	-0.0886691993058	-0.0474093342351	0.0122629360458	-0.00678578904212	0.0241301943495	0.00552338544721	-0.0525116073117	0.038590059113	-0.0202359901874	-0.0607832168941	-0.0240888830502	-0.0916486111564	-0.0432408512725	-0.00639008848903	-0.0799268799437	0.00257247817141	-0.0531611519407	0.0283300629687	0.00211111337135	-0.0152215896104	0.00716820210992	0.0230196507032	-0.0432601141318	0.0156324247155	-0.0670733951697	-0.017103580051
k__Bacteria;p__Bacteroidetes;c__Bacteroidia;o__Bacteroidales;f__Porphyromonadaceae;g__Parabacteroides;s__Parabacteroides_johnsonii	0.0244576026271	-0.0907718746526	-0.0251438501471	-0.0295371714724	-0.0631730289095	-0.00567417197768	0.0338425032633	-0.040703647608	-0.0848321784404	-0.0552364730285	-0.0517359350952	0.0219138543902	0.0305566207712	0.0473316442966	-0.0278628743646	-0.00245365782349	-0.0428232538558	-0.040914296343	-0.0362771699558	0.0440615212175	-0.017443643001	0.09660301845	-0.0384007013505	0.0119996735496	-0.0546776824196	0.0277534408947	-0.0352602373172	-0.00381888991008	1.0	-0.0276171770007	-0.0177152152563	0.0135456735661	-0.0117703568332	0.002372770064	-0.0557247390994	0.0687138794871	0.0280051177744	-0.0107267331534	-0.0888758603575	0.0129194644809	0.00858868095233	-0.100130257062	0.0400073092477	-0.0753676347383	-0.0481274265874	-0.0521588240635	-0.0448955146923	-0.0391576050316	0.00810104522345	-0.0170855541657	0.0148002037597	-0.0846552846806	-0.0500270959763	-0.0280186384869	-0.0198560288529	0.00554614694441	0.0429619222897	-0.0597964842649	0.0320049609722
k__Bacteria;p__Actinobacteria;c__Actinobacteria;o__Bifidobacteriales;f__Bifidobacteriaceae;g__Bifidobacterium;s__Bifidobacterium_longum	0.00270532374747	-0.0165202884755	-0.0607841416219	-0.0220634180401	-0.0786935046701	-0.00408878922401	-0.0164845455735	0.0630085510926	-0.0441841033565	-0.00993271982301	0.0110746761677	-0.0545104053835	-0.00830016341908	-0.028881514515	-0.0422939809491	0.00900638757775	-0.00508607740621	-0.0575095185814	-0.0502119640484	-0.0698850978985	-5.75756881459e-05	0.0611866628649	0.0147102137849	-0.0854247834039	0.0344078690076	0.0397183768369	-0.0269683507972	-0.0571606831205	-0.0276171770007	1.0	0.0552653591396	-0.00898692529625	-0.0232949002479	0.0321341321204	0.04415192633	-0.0057061700628	-0.0642107393665	0.017545876431	0.0104540938587	0.0639584164557	-0.0187367346248	0.0343494708306	-0.00743653186368	-0.0464926450149	-0.0313821303087	0.00282446848139	0.0186487866865	-0.0579938096789	-0.00543863872601	-0.00138332110397	-0.00724798999731	-0.0261124078719	-0.0341545422865	0.103126441615	-0.0449923836381	-0.0144911365605	-0.00849591313134	0.0525086529689	-0.00397464868798
