#taxonomy	k__Bacteria;p__Bacteroidetes;c__Bacteroidia;o__Bacteroidales;f__Bacteroidaceae;g__Bacteroides;s__Bacteroides_vulgatus	k__Bacteria;p__Bacteroidetes;c__Bacteroidia;o__Bacteroidales;f__Bacteroidaceae;g__Bacteroides;s__Bacteroides_uniformis	k__Bacteria;p__Bacteroidetes;c__Bacteroidia;o__Bacteroidales;f__Rikenellaceae;g__Alistipes;s__Alistipes_putredinis	k__Bacteria;p__Bacteroidetes;c__Bacteroidia;o__Bacteroidales;f__Prevotellaceae;g__Prevotella;s__Prevotella_copri	k__Bacteria;p__Bacteroidetes;c__Bacteroidia;o__Bacteroidales;f__Bacteroidaceae;g__Bacteroides;s__Bacteroides_stercoris	k__Bacteria;p__Bacteroidetes;c__Bacteroidia;o__Bacteroidales;f__Bacteroidaceae;g__Bacteroides;s__Bacteroides_ovatus	k__Bacteria;p__Bacteroidetes;c__Bacteroidia;o__Bacteroidales;f__Rikenellaceae;g__Alistipes;s__Alistipes_shahii	k__Bacteria;p__Firmicutes;c__Clostridia;o__Clostridiales;f__Ruminococcaceae;g__Faecalibacterium;s__Faecalibacterium_prausnitzii	k__Bacteria;p__Bacteroidetes;c__Bacteroidia;o__Bacteroidales;f__Rikenellaceae;g__Alistipes;s__Alistipes_finegoldii	k__Bacteria;p__Bacteroidetes;c__Bacteroidia;o__Bacteroidales;f__Porphyromonadaceae;g__Parabacteroides;s__Parabacteroides_distasonis	k__Bacteria;p__Bacteroidetes;c__Bacteroidia;o__Bacteroidales;f__Bacteroidaceae;g__Bacteroides;s__Bacteroides_thetaiotaomicron	k__Bacteria;p__Bacteroidetes;c__Bacteroidia;o__Bacteroidales;f__Bacteroidaceae;g__Bacteroides;s__Bacteroides_coprocola	k__Bacteria;p__Bacteroidetes;c__Bacteroidia;o__Bacteroidales;f__Bacteroidaceae;g__Bacteroides;s__Bacteroides_cellulosilyticus	k__Bacteria;p__Bacteroidetes;c__Bacteroidia;o__Bacteroidales;f__Rikenellaceae;g__Alistipes;s__Alistipes_obesi	k__Bacteria;p__Firmicutes;c__Clostridia;o__Clostridiales;f__Lachnospiraceae;g__;s__[Eubacterium]_rectale	k__Bacteria;p__Bacteroidetes;c__Bacteroidia;o__Bacteroidales;f__Bacteroidaceae;g__Bacteroides;s__Bacteroides_plebeius	k__Bacteria;p__Bacteroidetes;c__Bacteroidia;o__Bacteroidales;f__Bacteroidaceae;g__Bacteroides;s__Bacteroides_fragilis	k__Bacteria;p__Proteobacteria;c__Betaproteobacteria;o__Burkholderiales;f__Sutterellaceae;g__Sutterella;s__Sutterella_wadsworthensis	k__Bacteria;p__Bacteroidetes;c__Bacteroidia;o__Bacteroidales;f__Porphyromonadaceae;g__Barnesiella;s__Barnesiella_intestinihominis	k__Bacteria;p__Bacteroidetes;c__Bacteroidia;o__Bacteroidales;f__Odoribacteraceae;g__Odoribacter;s__Odoribacter_splanchnicus	k__Bacteria;p__Bacteroidetes;c__Bacteroidia;o__Bacteroidales;f__Bacteroidaceae;g__Bacteroides;s__Bacteroides_salyersiae	k__Bacteria;p__Firmicutes;c__Clostridia;o__Clostridiales;f__Ruminococcaceae;g__Ruminiclostridium;s__[Eubacterium]_siraeum	k__Bacteria;p__Proteobacteria;c__Betaproteobacteria;o__Burkholderiales;f__Sutterellaceae;g__Parasutterella;s__Parasutterella_excrementihominis	k__Bacteria;p__Actinobacteria;c__Actinobacteria;o__Bifidobacteriales;f__Bifidobacteriaceae;g__Bifidobacterium;s__Bifidobacterium_adolescentis	k__Bacteria;p__Firmicutes;c__Clostridia;o__Clostridiales;f__Oscillospiraceae;g__Oscillibacter;s__Oscillibacter_sp._KLE_1745	k__Bacteria;p__Bacteroidetes;c__Bacteroidia;o__Bacteroidales;f__Bacteroidaceae;g__Bacteroides;s__Bacteroides_coprophilus	k__Bacteria;p__Firmicutes;c__Clostridia;o__Clostridiales;f__Lachnospiraceae;g__Roseburia;s__Roseburia_intestinalis	k__Bacteria;p__Firmicutes;c__Clostridia;o__Clostridiales;f__Lachnospiraceae;g__Roseburia;s__Roseburia_hominis	k__Bacteria;p__Bacteroidetes;c__Bacteroidia;o__Bacteroidales;f__Porphyromonadaceae;g__Parabacteroides;s__Parabacteroides_johnsonii	k__Bacteria;p__Actinobacteria;c__Actinobacteria;o__Bifidobacteriales;f__Bifidobacteriaceae;g__Bifidobacterium;s__Bifidobacterium_longum	k__Bacteria;p__Firmicutes;c__Clostridia;o__Clostridiales;f__;g__Flavonifractor;s__Flavonifractor_plautii	k__Bacteria;p__Firmicutes;c__Clostridia;o__Clostridiales;f__Clostridiaceae;g__Clostridium;s__Clostridium_phoceensis	k__Bacteria;p__Verrucomicrobia;c__Verrucomicrobiae;o__Verrucomicrobiales;f__Akkermansiaceae;g__Akkermansia;s__Akkermansia_muciniphila	k__Bacteria;p__Bacteroidetes;c__Bacteroidia;o__Bacteroidales;f__Prevotellaceae;g__Paraprevotella;s__Paraprevotella_xylaniphila	k__Bacteria;p__Firmicutes;c__Clostridia;o__Clostridiales;f__Ruminococcaceae;g__Ruminococcus;s__Ruminococcus_callidus	k__Bacteria;p__Bacteroidetes;c__Bacteroidia;o__Bacteroidales;f__Rikenellaceae;g__Alistipes;s__Alistipes_senegalensis	k__Bacteria;p__Firmicutes;c__Clostridia;o__Clostridiales;f__Lachnospiraceae;g__Blautia;s__Blautia_sp._KLE_1732	k__Bacteria;p__Bacteroidetes;c__Bacteroidia;o__Bacteroidales;f__Bacteroidaceae;g__Bacteroides;s__Bacteroides_oleiciplenus	k__Bacteria;p__Firmicutes;c__Clostridia;o__Clostridiales;f__Ruminococcaceae;g__Ruminococcus;s__Ruminococcus_bicirculans	k__Bacteria;p__Bacteroidetes;c__Bacteroidia;o__Bacteroidales;f__Bacteroidaceae;g__Bacteroides;s__Bacteroides_fluxus	k__Bacteria;p__Bacteroidetes;c__Bacteroidia;o__Bacteroidales;f__Prevotellaceae;g__Prevotella;s__Prevotella_stercorea	k__Bacteria;p__Firmicutes;c__Clostridia;o__Clostridiales;f__Lachnospiraceae;g__Dorea;s__Dorea_longicatena	k__Bacteria;p__Firmicutes;c__Clostridia;o__Clostridiales;f__Eubacteriaceae;g__Eubacterium;s__[Eubacterium]_eligens	k__Bacteria;p__Firmicutes;c__Clostridia;o__Clostridiales;f__Ruminococcaceae;g__;s__Ruminococcaceae_bacterium_D16	k__Bacteria;p__Firmicutes;c__Clostridia;o__Clostridiales;f__Lachnospiraceae;g__Coprococcus;s__Coprococcus_comes	k__Bacteria;p__Proteobacteria;c__Gammaproteobacteria;o__Enterobacterales;f__Enterobacteriaceae;g__Escherichia;s__Escherichia_coli	k__Bacteria;p__Firmicutes;c__Clostridia;o__Clostridiales;f__Ruminococcaceae;g__Anaerotruncus;s__Anaerotruncus_colihominis	k__Bacteria;p__Firmicutes;c__Clostridia;o__Clostridiales;f__Lachnospiraceae;g__Blautia;s__Blautia_obeum	k__Bacteria;p__Bacteroidetes;c__Bacteroidia;o__Bacteroidales;f__Odoribacteraceae;g__Odoribacter;s__Odoribacter_laneus	k__Bacteria;p__Firmicutes;c__Clostridia;o__Clostridiales;f__Ruminococcaceae;g__Ruminiclostridium;s__[Clostridium]_leptum	k__Bacteria;p__Bacteroidetes;c__Bacteroidia;o__Bacteroidales;f__Porphyromonadaceae;g__Parabacteroides;s__Parabacteroides_goldsteinii	k__Bacteria;p__Firmicutes;c__Clostridia;o__Clostridiales;f__Lachnospiraceae;g__Anaerostipes;s__Anaerostipes_hadrus	k__Bacteria;p__Firmicutes;c__Clostridia;o__Clostridiales;f__Ruminococcaceae;g__Ruminococcus;s__Ruminococcus_lactaris	k__Bacteria;p__Firmicutes;c__Clostridia;o__Clostridiales;f__Clostridiaceae;g__Clostridium;s__Clostridium_sp._L2-50	k__Bacteria;p__Firmicutes;c__Clostridia;o__Clostridiales;f__Clostridiaceae;g__Clostridium;s__Clostridium_sp._M62/1	k__Bacteria;p__Firmicutes;c__Clostridia;o__Clostridiales;f__;g__Intestinimonas;s__Intestinimonas_butyriciproducens	k__Bacteria;p__Actinobacteria;c__Actinobacteria;o__Bifidobacteriales;f__Bifidobacteriaceae;g__Bifidobacterium;s__Bifidobacterium_bifidum	k__Bacteria;p__Firmicutes;c__Negativicutes;o__Veillonellales;f__Veillonellaceae;g__Dialister;s__Dialister_invisus	k__Bacteria;p__Bacteroidetes;c__Bacteroidia;o__Bacteroidales;f__Bacteroidaceae;g__Bacteroides;s__Bacteroides_salanitronis
k__Bacteria;p__Bacteroidetes;c__Bacteroidia;o__Bacteroidales;f__Bacteroidaceae;g__Bacteroides;s__Bacteroides_vulgatus	1.0	-0.042950468042	-0.0343363923395	0.010186106124	-0.0402372078482	-0.00458234158209	0.0112282575652	-0.0336629746399	-0.0673490237514	0.0411535694829	-0.0357750225872	-0.113228600269	-0.00792778140312	0.0478176133503	-0.0410850381639	0.0208113785276	-0.0123594692566	-0.0526321107784	-0.0305891828658	0.0161907991147	-0.020135725852	0.0347839060288	-0.00847351335362	0.0352914785484	0.00414084687612	-0.0143608944266	0.0135333313736	-0.0305895208636	0.0597212595199	-0.0294894176882	-0.0191008004671	-0.0476616522086	0.0329348138102	0.0182699640227	-0.010571209244	-0.0687952036661	-0.0192155575542	0.0126015170756	-0.00750280229852	0.0293608541391	0.0835067683202	-0.0225361431129	-0.0169200864771	0.0142000768012	0.00321024603248	-0.0636101706248	-0.123382911467	0.0186728311649	-0.019496493128	0.0105734593941	-0.0376652068697	-0.0196330276432	0.0206346548044	-0.0192139338141	0.0556487403853	-0.0269148967688	0.0720765014996	-0.102851449483	-0.00707431064066
k__Bacteria;p__Bacteroidetes;c__Bacteroidia;o__Bacteroidales;f__Bacteroidaceae;g__Bacteroides;s__Bacteroides_uniformis	-0.042950468042	1.0	0.00474292545718	-0.0550583534165	-0.0196623130605	-0.0331913624365	-0.000415563777709	-0.0750761868157	0.0336539080883	0.0183164202115	0.00277412167412	0.00789117743016	-0.0396436156652	0.0195817461166	0.0718351767866	-0.0877670906041	-0.0419947180506	-0.0399820061531	-0.0325947756271	-0.0251209543674	0.0365295986689	0.000188117536912	0.0376670609494	-0.0232413148352	0.00346399607574	-0.010676456025	0.0861990989489	-0.00320209713415	-0.033744803362	-0.013590362147	-0.0691644847624	0.00267889473605	-0.0572922665683	-0.0360457121023	0.016837792254	0.0171694755198	-0.0410777931914	-0.0144716665319	0.00694737282861	0.0578754097447	0.0051185371038	0.0650072167381	-0.0117830336698	-0.0462377700139	0.0139763199253	-0.0709918257009	-0.0147787929764	0.0242536536689	0.0266232547033	-0.0597740919713	-0.0385585304961	0.0490805313875	-0.0697375549881	-0.0239957383555	-0.00975192535684	-0.0245665942805	-0.054385552488	-0.0557181345505	-0.0487492387308
k__Bacteria;p__Bacteroidetes;c__Bacteroidia;o__Bacteroidales;f__Rikenellaceae;g__Alistipes;s__Alistipes_putredinis	-0.0343363923395	0.00474292545718	1.0	-0.00465675166496	-0.0753043465042	0.0323307628399	-0.074137631179	0.00709603338654	0.0287528408226	0.0450902742012	-0.0768096788321	0.00050338667487	0.0787899928562	-0.0235007922188	-0.0404064616005	-0.0697999324514	-0.0344629392156	-0.0277221343153	0.0798560083188	-0.0681413070818	-0.0752074081635	-0.0259581356201	0.0421520550274	0.018184766595	-0.0908937891844	0.0386890046825	-0.0702505708869	0.0120175328242	-0.0138953921592	-0.00492366213646	0.0123893200751	0.0344136290355	-0.0269969961422	0.0109385605674	0.00754332738233	0.0160580258161	-0.0210598197654	-0.00186129977646	-0.0221662014093	-0.0638840697153	0.0788922857996	-0.0438803166319	-0.0147680135412	0.0132522989037	0.0076429618641	-0.0353099161958	0.0229593293379	0.0100217405188	-0.0368670930481	-0.0264243721995	-0.0659531772348	0.037613929854	0.0118280585447	-0.0254640841355	-0.0381654711517	-0.0366880743003	-0.0230651696021	0.0323483411622	-0.0532544825862
k__Bacteria;p__Bacteroidetes;c__Bacteroidia;o__Bacteroidales;f__Prevotellaceae;g__Prevotella;s__Prevotella_copri	0.010186106124	-0.0550583534165	-0.00465675166496	1.0	-0.092997506343	-0.00175997463252	-0.00847729511035	0.00735718370342	0.0164477354712	-0.043359692225	0.0625795058109	0.0465649975665	-0.0266844771483	0.00386327537579	-0.00268086335349	0.0442585989739	-0.0417657949324	-0.0200292889975	-0.00119879798768	-0.0491283419378	-0.0823073815779	-0.0729460887718	-0.0572243257138	0.00639878714736	-0.0616351759657	0.0430889530767	0.00680388377418	0.0545007299922	-0.0862311410224	0.0450709773515	0.0314772659911	-0.0353000137762	-0.0571966323563	-0.0293864795959	-0.0554113365439	0.0269498254099	0.000410949314124	-0.0585137346428	-0.0273148391924	0.00492431688988	-0.0465721996772	-0.0252784208922	0.0319578803916	0.0145503294638	-0.0361984355844	-0.012733640024	0.0241944983617	-0.101563359257	-0.0327229719958	-0.0136142537593	-0.0192882731885	0.0725912924075	0.049559388477	0.0322179189392	-0.0299806602121	-0.0843540536532	0.0236651161115	-0.0389551092109	-0.0250693373866
k__Bacteria;p__Bacteroidetes;c__Bacteroidia;o__Bacteroidales;f__Bacteroidaceae;g__Bacteroides;s__Bacteroides_stercoris	-0.0402372078482	-0.0196623130605	-0.0753043465042	-0.092997506343	1.0	-0.037987101139	0.0437331079091	-0.00229376181487	-0.0196907672479	0.0184274767511	-0.0243984864262	0.090919918195	-0.0175765090248	0.0340103638873	0.0428395936261	-0.0168339297461	-0.0563525753642	-0.00543279152052	-0.0275377255754	-0.00516473366707	0.050737112398	-0.0113237474247	-0.0367480391328	0.00594585663835	-0.00194253702174	-0.008876944714	-0.0031801020444	-0.00286621961431	0.0484903327754	-0.0459848128536	-0.0285254344267	-0.00939400013088	0.00265517953893	-0.0606641261626	0.053200853016	0.0327182646065	0.0144128949195	-0.00375690453403	-0.00490515301605	-0.0707633721577	-0.0891563344923	-0.0315869341654	-0.0386208199432	-0.0547368347217	-0.0490046987068	0.00537229832885	-0.0340141466858	-0.0659965934865	0.0307322937442	0.0559863658345	0.0451224508908	-0.00106586847347	0.00331593448579	-0.0281760622141	0.00220866190274	0.0473965019606	-0.0750086878235	0.0528340040993	-0.0314497835208
k__Bacteria;p__Bacteroidetes;c__Bacteroidia;o__Bacteroidales;f__Bacteroidaceae;g__Bacteroides;s__Bacteroides_ovatus	-0.00458234158209	-0.0331913624365	0.0323307628399	-0.00175997463252	-0.037987101139	1.0	-0.0667970512718	-0.0472859235877	0.0679286543169	0.00262235974027	0.0583901868328	-0.0221406955316	-0.0185375563485	-0.0478460426787	-0.00549628358115	-0.0488314597026	-0.0598217681249	-0.0650850515307	-0.00128267399349	0.0193364925628	-0.0112543371205	0.0179500503032	-0.0354379807388	0.0332623905947	-0.0319449287066	-0.0699550678882	0.0695708969898	0.0757214964693	-0.0241957804975	-0.0472398331115	0.0342211431969	0.0373932873289	-0.00997214726789	-0.0198011122213	0.0247084909692	0.0268840885303	0.000843387110182	-0.0717303704034	-0.0446438897092	-0.04673370865	0.0376278235017	-0.0429339905455	0.00225520983591	0.0343849440108	-0.0496731674081	-0.00841105276877	-0.0960421674128	-0.0154226032005	0.0355959974594	0.00134009439322	-0.017982462042	-0.0768094623472	0.053447285733	-0.079001724609	-0.0197249522325	-0.0682705466531	-0.0454915475788	0.00118329443937	-0.021001051593
k__Bacteria;p__Bacteroidetes;c__Bacteroidia;o__Bacteroidales;f__Rikenellaceae;g__Alistipes;s__Alistipes_shahii	0.0112282575652	-0.000415563777709	-0.074137631179	-0.00847729511035	0.0437331079091	-0.0667970512718	1.0	0.0142972147762	-0.0167448184153	-0.0414012499041	0.00465757221498	0.0442322972013	0.0395505121764	-0.0538380582771	0.00860974303424	-0.0277650126322	-0.0483097764637	0.0024084728484	-0.0034887838299	-0.0731537953896	0.0648182460112	0.0124904455251	-0.0572121070345	0.0586559479482	0.0223648936668	-0.0447556743098	0.0224260807936	0.0138564910147	-0.0133608856514	0.0479126604484	0.0514435075799	0.0283439904926	-0.0369927200802	0.0244594543075	-0.0460688356456	-0.0382079488573	-0.102141966173	-0.0300400252008	0.0285056291686	0.0209399212971	-0.0241601742436	-0.0740784489064	0.0748965421789	-0.00138580420337	0.0121540164871	-0.0199534829518	-0.0777463183565	-0.0307594336645	0.0412653534725	-0.0300092420536	0.0459081548441	-0.0493759093191	-0.0160293364588	0.0103724174932	0.0465938038208	-0.0199540816242	0.000645382313324	-0.00281772524035	-0.0508873251093
k__Bacteria;p__Firmicutes;c__Clostridia;o__Clostridiales;f__Ruminococcaceae;g__Faecalibacterium;s__Faecalibacterium_prausnitzii	-0.0336629746399	-0.0750761868157	0.00709603338654	0.00735718370342	-0.00229376181487	-0.0472859235877	0.0142972147762	1.0	-0.063850668586	-0.0595529332486	0.0479495104503	-0.0218482714913	-0.00761705734813	-0.0113711938246	-0.0670673822553	-0.0169288588351	0.0343719068889	0.0249200019599	0.0500178620168	0.0296255716807	-0.00765622562769	0.0116870997	-0.0532114852763	0.0512007467618	-0.0909871158345	-0.0332261918668	0.0813662698562	0.00870440690978	0.069526691535	-0.0666065294862	0.0109367838589	-0.0434395515662	-0.0234873642889	-0.0232262879056	-0.0489101792474	-0.0130818953378	0.00634891508577	-0.0463214107896	-0.0159177900568	0.0157972448453	0.0199828957349	0.00247862067188	-0.109684247906	0.0203379738291	-0.0449763145526	-0.0162002742851	-0.0198321665416	0.007630519508	0.0133959976216	0.0338138754508	-0.0749648981536	0.00469981182509	0.0200575535141	-0.00212436915495	-0.00572807728125	0.0129271615009	-0.00435724766793	0.00329016883022	0.0557016182431
k__Bacteria;p__Bacteroidetes;c__Bacteroidia;o__Bacteroidales;f__Rikenellaceae;g__Alistipes;s__Alistipes_finegoldii	-0.0673490237514	0.0336539080883	0.0287528408226	0.0164477354712	-0.0196907672479	0.0679286543169	-0.0167448184153	-0.063850668586	1.0	-0.0183031184869	0.000309466974531	-0.0666084993141	-0.0718987458743	-0.000982481661382	-0.0191948107901	0.0301558203064	-0.0245873235191	0.0399369189844	-0.058226480529	0.08341266127	-0.0200048918671	0.0189776539527	-0.00993313510125	-0.073463576243	-0.0103880718745	-0.0235326736471	0.0454363113346	-0.00869072029888	0.00158620724776	-0.0386688623059	-0.0758926233416	-0.089815949735	-0.0257523335592	-0.0433881684171	0.0413418013304	0.0315057309729	0.0337031748512	-0.0613649451523	0.0230868861092	0.0199048240696	-0.00259651772793	-0.0302465988413	-0.0343233058534	-0.0191073826624	-0.0228437364136	-0.0351375527654	0.00737667302568	0.0175769979749	0.0414354264066	-0.00943149371776	-0.0231462134359	0.0100409069607	0.0156706978639	0.01221422327	0.0237019339655	0.0289773866752	0.0342724205623	-0.00756848377413	-0.00172688335574
k__Bacteria;p__Bacteroidetes;c__Bacteroidia;o__Bacteroidales;f__Porphyromonadaceae;g__Parabacteroides;s__Parabacteroides_distasonis	0.0411535694829	0.0183164202115	0.0450902742012	-0.043359692225	0.0184274767511	0.00262235974027	-0.0414012499041	-0.0595529332486	-0.0183031184869	1.0	0.0126745291479	0.0680525947777	-0.016289368217	-0.0729325531669	-0.0373667494736	-0.0171206040158	-0.0280340527994	-0.0525440389546	-0.0279760704675	0.0377650825732	-0.0470424980213	-0.00728560774109	-0.0365142469611	-0.00490398486182	-0.0318164234969	-0.0259755816191	0.00458177858443	-0.0562383276094	-0.0641371640331	0.00211057992973	-0.0185276267567	-0.00596456853142	0.066086218937	-0.000738428970679	0.00523924433881	0.00180654488993	0.0125985844558	-0.0126058647404	0.0330548367049	0.02647274659	-0.0209050640586	0.0270902564663	0.0808096705348	-0.00847184346501	-0.0489198841299	0.0249686107298	-0.0259085996538	0.00771865136847	0.0192994397731	-0.0116061270054	-0.0406392430566	-0.0155155083424	-0.00453318351799	0.0085828796178	-0.0480247027048	-0.0117901851152	0.0205406715176	-0.0174237342187	-0.100493765065
k__Bacteria;p__Bacteroidetes;c__Bacteroidia;o__Bacteroidales;f__Bacteroidaceae;g__Bacteroides;s__Bacteroides_thetaiotaomicron	-0.0357750225872	0.00277412167412	-0.0768096788321	0.0625795058109	-0.0243984864262	0.0583901868328	0.00465757221498	0.0479495104503	0.000309466974531	0.0126745291479	1.0	-0.103790772765	-0.00869185502242	-0.00368820197257	0.0038202473084	-0.054316815378	-0.0223023014065	0.0457050395098	0.0118379807251	0.0377548768447	0.021153747635	-0.0399204207913	-0.0689034107407	-0.0233649031603	-0.00695118138185	-0.0644925273503	0.0493763466868	0.00565947470672	-0.0392183615576	0.0172540187004	0.0279469965598	0.0413900019599	0.0678126929061	0.0560117072134	-0.0195553468131	-0.0169009857562	0.0198570870254	0.023826283449	-0.0514947424063	-0.0105090880625	-0.0402005748483	-0.0509264444963	0.000613524228126	-0.0689940130663	0.00770383102389	-0.0835580269793	-0.00439338180782	0.0066073374925	-0.0150240104347	-0.0620908057256	0.0266890586129	-0.0176777658805	-0.0619104209405	-0.0204247853189	-0.0063760825241	-0.0610748444424	0.0411627332732	0.0309825645194	0.0377844761752
k__Bacteria;p__Bacteroidetes;c__Bacteroidia;o__Bacteroidales;f__Bacteroidaceae;g__Bacteroides;s__Bacteroides_coprocola	-0.113228600269	0.00789117743016	0.00050338667487	0.0465649975665	0.090919918195	-0.0221406955316	0.0442322972013	-0.0218482714913	-0.0666084993141	0.0680525947777	-0.103790772765	1.0	0.0316615059268	0.0168992019631	-0.0171921044012	-0.00847950658601	-0.0762523372462	-0.0714833118807	-0.0432739730267	-0.0448245282368	-0.0147684624436	0.00421446846501	-0.0123388950056	-0.0139475940542	-0.00793706582614	-0.0658092970117	0.0176356819487	-0.00117872039979	-0.044432150117	-0.00682367519584	0.00815089582509	0.0519335942216	-0.0425202450468	0.0272645688764	0.0205330022765	-0.00536077518997	-0.0257364507253	0.0107840212332	-0.00986894307811	-0.0383656598836	-0.0088363302032	0.0625906329437	-0.049725042586	0.0221077490566	0.00335977261225	0.00814295514047	0.010892999643	-0.0146915930864	0.0511644482137	0.00448518039143	-0.0268878380331	0.0729068020987	0.0458206737781	0.0673469568975	0.0105179574964	0.0311814202607	-0.0232895385082	-0.0368934846475	-0.0172996244037
k__Bacteria;p__Bacteroidetes;c__Bacteroidia;o__Bacteroidales;f__Bacteroidaceae;g__Bacteroides;s__Bacteroides_cellulosilyticus	-0.00792778140312	-0.0396436156652	0.0787899928562	-0.0266844771483	-0.0175765090248	-0.0185375563485	0.0395505121764	-0.00761705734813	-0.0718987458743	-0.016289368217	-0.00869185502242	0.0316615059268	1.0	-0.00158216558598	-0.0286219054842	0.014792402092	-0.00393305994563	0.0122828728095	0.0174908323505	-0.0059179855027	-0.0505380250745	-0.0502171628479	-0.0595018147673	-0.0591804613976	-0.0195755043834	0.0876843080598	-0.0444555928999	0.0221443188618	-0.0233625010884	0.026490962349	0.0644465979948	0.0037604569886	-0.0949023017212	-0.0221703661449	0.00398159909745	-0.0210679179757	-0.0559398366606	0.0346721454027	0.0107451538128	-0.0453927609483	0.0259040197973	-0.0358227491117	0.0634391223164	-0.0513828532242	-0.020075804313	-0.0321039418609	-0.0103802097081	0.037413425256	0.0820832023859	-0.00222412610397	-0.000514965478173	-0.0594236829063	-0.0360773441591	0.04239963027	-0.00710701574428	-0.0142268371145	-0.0264628064189	-0.0193546288081	-0.0425867623896
k__Bacteria;p__Bacteroidetes;c__Bacteroidia;o__Bacteroidales;f__Rikenellaceae;g__Alistipes;s__Alistipes_obesi	0.0478176133503	0.0195817461166	-0.0235007922188	0.00386327537579	0.0340103638873	-0.0478460426787	-0.0538380582771	-0.0113711938246	-0.000982481661382	-0.0729325531669	-0.00368820197257	0.0168992019631	-0.00158216558598	1.0	-0.00779483653016	0.0034099139002	-0.00924269559162	-0.0138159525544	-0.00496468685598	0.0224529067065	-0.025674504121	0.0519007985118	0.00239237272522	-0.0328630094313	0.0862213825085	-0.0077205742751	-0.0523795989422	0.0244353478174	-0.0362626417106	0.0133487235956	0.00124696251174	-0.0693005018131	-0.0276537911261	-0.0396618987202	-0.0541869924489	0.00734699452767	-0.00802364413091	-0.0132219575174	0.095772085303	-0.119050845102	-0.0153622081687	0.0416438720325	0.00123665106879	0.00572032013986	-0.00199707326931	0.00852850157431	0.0726126657974	-0.110757003958	-0.0422936831256	-0.087717000653	-0.0304538797613	-0.0058509146853	0.024496143071	0.017465112175	0.0034424876752	-0.034475126647	0.0139124321786	-0.0642636265547	-0.0101151978845
k__Bacteria;p__Firmicutes;c__Clostridia;o__Clostridiales;f__Lachnospiraceae;g__;s__[Eubacterium]_rectale	-0.0410850381639	0.0718351767866	-0.0404064616005	-0.00268086335349	0.0428395936261	-0.00549628358115	0.00860974303424	-0.0670673822553	-0.0191948107901	-0.0373667494736	0.0038202473084	-0.0171921044012	-0.0286219054842	-0.00779483653016	1.0	0.0432231881782	-0.0462274027738	0.00567564112764	-0.0201500845182	-0.0593595844176	0.033880227189	-0.0535629353933	0.000668003289034	-0.0587869059396	0.000914609373653	0.0326878905302	0.074929401853	-0.0420860142519	-0.0301916916513	-0.063615958621	-0.00923375197371	0.031405646719	0.0177776094639	0.00492323191331	-0.0857675589972	-0.0470367904089	0.0137149357834	0.0903028863528	-0.00541648641602	-0.0142546447964	0.0578051676335	0.00950984782288	-0.00326191983927	0.0345821660764	0.0125667132678	-0.0571580958573	-0.0365734833987	-0.048322905704	0.0123048930063	0.08993524093	-0.010527200924	-0.0146620281739	-0.00357308393942	-0.0618251723064	-0.0577573212617	-0.0605130936216	-0.00854218276515	0.00319262506731	0.0340582902772
k__Bacteria;p__Bacteroidetes;c__Bacteroidia;o__Bacteroidales;f__Bacteroidaceae;g__Bacteroides;s__Bacteroides_plebeius	0.0208113785276	-0.0877670906041	-0.0697999324514	0.0442585989739	-0.0168339297461	-0.0488314597026	-0.0277650126322	-0.0169288588351	0.0301558203064	-0.0171206040158	-0.054316815378	-0.00847950658601	0.014792402092	0.0034099139002	0.0432231881782	1.0	0.0114463631984	-0.101500631144	0.00124290719644	0.0107503938409	-0.00771841804022	0.00316759671593	-0.0638925103346	-0.0130007850418	-0.0443255382951	0.00425351427747	0.0492867018876	-0.00305899536858	0.0128942126491	0.00202660818559	-0.0112904286157	-0.0720449182512	-0.0154393079852	-0.0344840459465	0.00303492946347	-0.0531336064578	-0.00796568431766	-0.048429241608	-0.0524056577884	-0.0417294718199	-0.00749766323772	-0.016381147204	-0.0266866787401	0.10801611856	-0.0600449275015	-0.0294329219152	-0.0350237607317	-0.0363986345067	-0.00708089344976	0.0987436248866	0.0427047078149	-0.0145556250367	0.0719107903041	-0.0660867498271	-0.00410945933152	-0.0245292079025	-0.0281971277141	-0.00653840255111	-0.0201492303274
k__Bacteria;p__Bacteroidetes;c__Bacteroidia;o__Bacteroidales;f__Bacteroidaceae;g__Bacteroides;s__Bacteroides_fragilis	-0.0123594692566	-0.0419947180506	-0.0344629392156	-0.0417657949324	-0.0563525753642	-0.0598217681249	-0.0483097764637	0.0343719068889	-0.0245873235191	-0.0280340527994	-0.0223023014065	-0.0762523372462	-0.00393305994563	-0.00924269559162	-0.0462274027738	0.0114463631984	1.0	0.0106688156956	-0.0517821134458	-0.0190764001972	0.0640994501174	0.0358755857795	-0.00692945772729	-0.0841944996132	0.00643840416589	-0.0297040822503	-0.017130670857	0.00337600704999	0.0635581101356	-0.00599245805743	0.0305024603895	-0.000387215240335	-0.00100224779798	-0.0309569786514	-0.0174980645896	0.0183680188803	0.0333932908852	0.0494110992206	0.028394872175	0.0395480181283	-0.0120315967066	0.0462470996608	-0.0491997790078	-0.0153572714499	0.0173878172562	0.0415235177731	-0.0318839271967	-0.0337876933237	-0.0206453386032	0.049272040013	-0.0689887758594	-0.00703835466873	0.0232078468053	0.0265952264661	0.0235701191684	0.00946210321883	-0.0224150698252	-0.00652571529247	-0.0306655436865
k__Bacteria;p__Proteobacteria;c__Betaproteobacteria;o__Burkholderiales;f__Sutterellaceae;g__Sutterella;s__Sutterella_wadsworthensis	-0.0526321107784	-0.0399820061531	-0.0277221343153	-0.0200292889975	-0.00543279152052	-0.0650850515307	0.0024084728484	0.0249200019599	0.0399369189844	-0.0525440389546	0.0457050395098	-0.0714833118807	0.0122828728095	-0.0138159525544	0.00567564112764	-0.101500631144	0.0106688156956	1.0	-0.0797561875908	0.00868314334239	-0.0653867633674	-0.00419199594269	0.115333173809	-0.0783694425906	0.0450796997348	0.0124340334406	-0.076027034691	0.0124086878093	0.0274734438451	0.0369095304858	-0.0449672191141	-0.0101300076447	-0.0119355983795	-0.0570578732607	0.00973536666278	-0.0385105478947	0.018071943843	0.00980464181153	-0.0701877066767	-0.0146093213352	-0.0272280819597	-0.0449916002971	0.0301100000798	-0.0203259569429	-8.32056261109e-05	0.0115200406868	-0.0350830489066	-0.0599044136963	0.0150929264545	0.0588872927825	0.00610614829669	-0.0173105164106	0.0140641750493	-0.00778618890219	0.00927525162802	-0.0428231921827	-0.0263668558675	-0.0643105405309	0.0968418030724
k__Bacteria;p__Bacteroidetes;c__Bacteroidia;o__Bacteroidales;f__Porphyromonadaceae;g__Barnesiella;s__Barnesiella_intestinihominis	-0.0305891828658	-0.0325947756271	0.0798560083188	-0.00119879798768	-0.0275377255754	-0.00128267399349	-0.0034887838299	0.0500178620168	-0.058226480529	-0.0279760704675	0.0118379807251	-0.0432739730267	0.0174908323505	-0.00496468685598	-0.0201500845182	0.00124290719644	-0.0517821134458	-0.0797561875908	1.0	-0.034404608015	-0.0547393178328	-0.0349486787433	-0.0202243859019	-0.00394144367024	-0.0359429369038	-0.00131147728502	-0.11804350615	-0.0368794655696	0.0339467525113	-0.0408315523096	-0.0202485780297	-0.0778533691752	-0.0295807080416	-0.0442878844766	-0.0134155932285	0.0442375576891	-0.0377601858904	0.0234678861163	0.0333624035665	-0.00899121732285	-0.0112956944111	0.00886847978036	0.066069437718	-0.0285469754908	-0.0547825552933	0.0600532201788	0.00651231340889	-0.0462599301837	0.0493934735384	-0.0623810189281	-0.024954562969	-0.0657972196228	0.0234653231361	-0.0969846724562	-0.000888597109822	-0.0243465163187	-0.0317730474841	0.0107390929922	0.016081747186
k__Bacteria;p__Bacteroidetes;c__Bacteroidia;o__Bacteroidales;f__Odoribacteraceae;g__Odoribacter;s__Odoribacter_splanchnicus	0.0161907991147	-0.0251209543674	-0.0681413070818	-0.0491283419378	-0.00516473366707	0.0193364925628	-0.0731537953896	0.0296255716807	0.08341266127	0.0377650825732	0.0377548768447	-0.0448245282368	-0.0059179855027	0.0224529067065	-0.0593595844176	0.0107503938409	-0.0190764001972	0.00868314334239	-0.034404608015	1.0	-0.0200407773406	0.103414717195	-0.023881943516	0.0211546530135	-0.00983365601146	-0.0771194914919	0.00662697553385	-0.0114592456464	-0.00509163443351	-0.00146239142794	-0.0361796250126	0.0161750780889	-0.00300518798997	-0.00439630181684	-0.0379081773733	-0.00219870439488	-0.0790262772485	-0.0120101301575	-0.0589059867965	0.018585916396	-0.0272374313274	-0.0134776074663	-0.0273628656236	0.0345876450022	-0.0379535476009	-0.0311249759349	-0.0266299144444	0.0310334455103	-0.00849549504076	-0.0401364886544	0.0109098313108	-0.0359818581516	0.00977396908882	-0.0760076865829	-0.0497978570311	0.0182244992076	0.0312110667982	-0.0395212989797	0.018398373156
k__Bacteria;p__Bacteroidetes;c__Bacteroidia;o__Bacteroidales;f__Bacteroidaceae;g__Bacteroides;s__Bacteroides_salyersiae	-0.020135725852	0.0365295986689	-0.0752074081635	-0.0823073815779	0.050737112398	-0.0112543371205	0.0648182460112	-0.00765622562769	-0.0200048918671	-0.0470424980213	0.021153747635	-0.0147684624436	-0.0505380250745	-0.025674504121	0.033880227189	-0.00771841804022	0.0640994501174	-0.0653867633674	-0.0547393178328	-0.0200407773406	1.0	-0.0403251240405	-0.000725039197307	-0.0806637893093	-0.0483964647802	-0.029727460184	0.0396877649153	-0.101677562962	0.028543676118	0.0219758662112	0.0680016635826	0.0159732911905	0.0102017630998	0.00888163528121	-0.00889173601501	0.00910669850303	0.0148166638002	0.0463868571875	0.0302722086342	-0.0367046609307	-0.0334464937923	-0.0199111359597	-0.00760852467396	0.034561021191	-0.00373912181558	0.0110294747365	0.0274151337589	0.0289833318022	-0.025397896046	-0.0186643420522	0.0473309048847	-0.0185835472671	0.00117024367184	-0.0704674328942	-0.00398361939782	0.096240035723	0.0382959838225	0.0162809000401	-0.0591935173634
k__Bacteria;p__Firmicutes;c__Clostridia;o__Clostridiales;f__Ruminococcaceae;g__Ruminiclostridium;s__[Eubacterium]_siraeum	0.0347839060288	0.000188117536912	-0.0259581356201	-0.0729460887718	-0.0113237474247	0.0179500503032	0.0124904455251	0.0116870997	0.0189776539527	-0.00728560774109	-0.0399204207913	0.00421446846501	-0.0502171628479	0.0519007985118	-0.0535629353933	0.00316759671593	0.0358755857795	-0.00419199594269	-0.0349486787433	0.103414717195	-0.0403251240405	1.0	0.0157158056064	-0.00873174809019	-0.0380591853937	0.0155417235803	0.0838626477948	0.0549589365958	-0.00670885444057	-0.0426782061187	-0.0828016410061	-0.00619243346807	-0.0389408853836	0.0123328237824	-0.096477855172	-0.0196146884965	0.0339449123776	0.0217044868953	0.063787058558	-0.0172387764262	-0.0719718668448	-0.0819787994163	-0.0192598833604	-0.0323450645922	-0.0207600887673	-0.0213009225633	0.070839027612	0.00253031845669	-0.0387051208935	0.0131897842628	-0.0108846658548	0.0528529556121	-0.0143642798952	-0.0435226858229	-0.0212485150777	0.0168434422429	0.00565826614662	-0.0757016437199	-0.00237394604342
k__Bacteria;p__Proteobacteria;c__Betaproteobacteria;o__Burkholderiales;f__Sutterellaceae;g__Parasutterella;s__Parasutterella_excrementihominis	-0.00847351335362	0.0376670609494	0.0421520550274	-0.0572243257138	-0.0367480391328	-0.0354379807388	-0.0572121070345	-0.0532114852763	-0.00993313510125	-0.0365142469611	-0.0689034107407	-0.0123388950056	-0.0595018147673	0.00239237272522	0.000668003289034	-0.0638925103346	-0.00692945772729	0.115333173809	-0.0202243859019	-0.023881943516	-0.000725039197307	0.0157158056064	1.0	-0.0420510988202	0.00973345114089	0.0103240241287	-0.0475802137501	-0.0575391550751	0.0475845575245	-0.0217382440013	0.00688302890046	0.0292120641119	0.0357628032966	-0.0948658851834	-0.0254845191792	0.00468910970461	-0.0129379845922	-0.000718365461413	0.0749994781899	-0.0592897190327	0.0143797678323	0.0283704570503	0.0148984818626	-0.0240258973657	0.00793502140897	0.0334333570044	-0.0330199731424	0.0122744446493	-0.0406713432731	-0.0180666505864	-0.0263098297726	-0.0284198240697	0.00825423449716	-0.0185214131586	-0.053349189487	-0.106381511987	0.0283792727139	0.00739919612693	-0.0322557332181
k__Bacteria;p__Actinobacteria;c__Actinobacteria;o__Bifidobacteriales;f__Bifidobacteriaceae;g__Bifidobacterium;s__Bifidobacterium_adolescentis	0.0352914785484	-0.0232413148352	0.018184766595	0.00639878714736	0.00594585663835	0.0332623905947	0.0586559479482	0.0512007467618	-0.073463576243	-0.00490398486182	-0.0233649031603	-0.0139475940542	-0.0591804613976	-0.0328630094313	-0.0587869059396	-0.0130007850418	-0.0841944996132	-0.0783694425906	-0.00394144367024	0.0211546530135	-0.0806637893093	-0.00873174809019	-0.0420510988202	1.0	0.0426224188098	-0.0708265025978	0.0012568315822	0.0492512045038	0.0100951298458	-0.00996857310682	-0.0134059495515	-0.00714662753218	0.00351715612079	0.0134545984344	-0.0362869429656	0.0351658750833	-0.0325404284813	0.00374913942218	-0.0346607160627	-0.015020313068	-0.0220070771464	-0.0254235276515	0.0274381999858	0.0220929703248	0.0457862382487	-0.0105196052154	-0.0592417711443	0.00601351716844	0.001416891447	-0.0644935265523	-0.00875767748868	-0.00323281738556	-0.0943639478967	-0.00197974929718	-0.0110620061493	-0.0171332583223	-0.00397701513022	-0.0370314649135	0.0193592247963
k__Bacteria;p__Firmicutes;c__Clostridia;o__Clostridiales;f__Oscillospiraceae;g__Oscillibacter;s__Oscillibacter_sp._KLE_1745	0.00414084687612	0.00346399607574	-0.0908937891844	-0.0616351759657	-0.00194253702174	-0.0319449287066	0.0223648936668	-0.0909871158345	-0.0103880718745	-0.0318164234969	-0.00695118138185	-0.00793706582614	-0.0195755043834	0.0862213825085	0.000914609373653	-0.0443255382951	0.00643840416589	0.0450796997348	-0.0359429369038	-0.00983365601146	-0.0483964647802	-0.0380591853937	0.00973345114089	0.0426224188098	1.0	0.0379276880934	-0.0375382966389	-0.0979694493154	-0.110241535591	0.0672802028867	0.0303189327661	0.140515911327	0.0220932908586	-0.0344291949257	-0.0348414971291	-0.0237765200952	-0.0552639349037	-0.0500741082286	-0.0196422081658	0.0256431979206	-0.0309579911907	-0.00182459275998	0.0295426734505	0.0173396471318	-0.0830327917456	0.000545315920798	-0.0673282426873	-0.0893113354124	-0.0632323955183	0.0131238908682	-0.0378119764404	-0.00709073974615	0.0266619012755	0.0734838526773	0.00340322987966	-0.0129718550481	0.0326158657018	-0.0581619787034	0.0250663511474
k__Bacteria;p__Bacteroidetes;c__Bacteroidia;o__Bacteroidales;f__Bacteroidaceae;g__Bacteroides;s__Bacteroides_coprophilus	-0.0143608944266	-0.010676456025	0.0386890046825	0.0430889530767	-0.008876944714	-0.0699550678882	-0.0447556743098	-0.0332261918668	-0.0235326736471	-0.0259755816191	-0.0644925273503	-0.0658092970117	0.0876843080598	-0.0077205742751	0.0326878905302	0.00425351427747	-0.0297040822503	0.0124340334406	-0.00131147728502	-0.0771194914919	-0.029727460184	0.0155417235803	0.0103240241287	-0.0708265025978	0.0379276880934	1.0	-0.00710792775928	0.0339373196316	-0.0182129942252	-0.0291684715296	-0.0438028198338	-0.0345322873835	0.0274534265165	-0.0812498832864	0.0232609419233	0.0210467839756	-0.0243104997136	-0.0064782069296	0.010946098754	0.000495050225852	-0.0170613608396	-0.00126140671284	-0.0089041180993	0.0176823741852	-0.0540593880173	-0.0480881422274	-0.0463131326922	0.0726994882247	0.0501790657532	0.000776888455337	0.0267482317865	0.0347352010634	-0.0118997752825	-0.02427895433	-0.00487320824196	-0.078766576058	-0.0395352364208	-0.0133758030126	0.0317953321853
k__Bacteria;p__Firmicutes;c__Clostridia;o__Clostridiales;f__Lachnospiraceae;g__Roseburia;s__Roseburia_intestinalis	0.0135333313736	0.0861990989489	-0.0702505708869	0.00680388377418	-0.0031801020444	0.0695708969898	0.0224260807936	0.0813662698562	0.0454363113346	0.00458177858443	0.0493763466868	0.0176356819487	-0.0444555928999	-0.0523795989422	0.074929401853	0.0492867018876	-0.017130670857	-0.076027034691	-0.11804350615	0.00662697553385	0.0396877649153	0.0838626477948	-0.0475802137501	0.0012568315822	-0.0375382966389	-0.00710792775928	1.0	-0.0899863625677	0.00502082971664	-0.0125919839922	-0.065432156746	0.0840208054651	0.00348910847439	-0.0183698288099	0.010146999963	0.00433645470822	-0.0456949057817	0.00805312490142	-0.0607427229743	0.0053575242304	0.028449012099	-0.00157334707082	-0.00896146817268	-0.00104718953722	0.0571372131437	-0.0702849488609	0.0251857743241	-0.0210721356305	-0.0374630675083	0.0696621483056	-0.0452707318934	-0.0814529344562	-0.0179801515839	-0.0543601692158	-0.00556874156432	-0.00554144774199	0.0124228052923	-0.0359577000615	-0.0216703134148
k__Bacteria;p__Firmicutes;c__Clostridia;o__Clostridiales;f__Lachnospiraceae;g__Roseburia;s__Roseburia_hominis	-0.0305895208636	-0.00320209713415	0.0120175328242	0.0545007299922	-0.00286621961431	0.0757214964693	0.0138564910147	0.00870440690978	-0.00869072029888	-0.0562383276094	0.00565947470672	-0.00117872039979	0.0221443188618	0.0244353478174	-0.0420860142519	-0.00305899536858	0.00337600704999	0.0124086878093	-0.0368794655696	-0.0114592456464	-0.101677562962	0.0549589365958	-0.0575391550751	0.0492512045038	-0.0979694493154	0.0339373196316	-0.0899863625677	1.0	0.00869942580819	-0.00867242203776	-0.0556556269383	-0.0384708025827	0.0564363850594	0.0047064463875	-0.00779469315299	0.0471010574317	0.0100810931392	-0.0220606620024	0.0373661014691	0.027915080691	-0.00392218185219	0.0245722138525	-0.0443527991965	0.0301201419315	-0.00577057454287	-0.0721448610767	-0.0136369274291	-0.0655770770669	-0.0748601206064	0.00845591180232	0.0406055347073	0.00420932892049	-0.085490365621	0.0436592104196	0.00739783656446	0.010426817183	-0.0574602964888	0.0149350559136	-0.0360252864536
k__Bacteria;p__Bacteroidetes;c__Bacteroidia;o__Bacteroidales;f__Porphyromonadaceae;g__Parabacteroides;s__Parabacteroides_johnsonii	0.0597212595199	-0.033744803362	-0.0138953921592	-0.0862311410224	0.0484903327754	-0.0241957804975	-0.0133608856514	0.069526691535	0.00158620724776	-0.0641371640331	-0.0392183615576	-0.044432150117	-0.0233625010884	-0.0362626417106	-0.0301916916513	0.0128942126491	0.0635581101356	0.0274734438451	0.0339467525113	-0.00509163443351	0.028543676118	-0.00670885444057	0.0475845575245	0.0100951298458	-0.110241535591	-0.0182129942252	0.00502082971664	0.00869942580819	1.0	-0.00634096476781	-0.0547620901385	-0.0168842187799	-0.0153165427557	0.0517108143144	-0.0402115476333	0.0185693973599	0.0595558930327	0.0154811451968	-0.00544514186762	-0.0832402614891	0.0227292782193	-0.0628904064358	0.0377260483386	-0.0277114026373	-0.0688536533706	-0.044016062208	0.00821285459572	-0.058010222815	-0.0428930727521	0.045943045014	0.0317833049383	-0.0265624291697	-0.0284280968574	-0.0347777780969	-0.000662911854174	-0.0354948086179	-0.0100792598473	0.03183397562	-0.0112634403605
k__Bacteria;p__Actinobacteria;c__Actinobacteria;o__Bifidobacteriales;f__Bifidobacteriaceae;g__Bifidobacterium;s__Bifidobacterium_longum	-0.0294894176882	-0.013590362147	-0.00492366213646	0.0450709773515	-0.0459848128536	-0.0472398331115	0.0479126604484	-0.0666065294862	-0.0386688623059	0.00211057992973	0.0172540187004	-0.00682367519584	0.026490962349	0.0133487235956	-0.063615958621	0.00202660818559	-0.00599245805743	0.0369095304858	-0.0408315523096	-0.00146239142794	0.0219758662112	-0.0426782061187	-0.0217382440013	-0.00996857310682	0.0672802028867	-0.0291684715296	-0.0125919839922	-0.00867242203776	-0.00634096476781	1.0	-0.0848745523425	0.0328446937886	0.029683593397	0.0261623300747	-0.0153294146697	-0.0332110090213	0.0188408914855	-0.0538648755699	-0.0658343100841	-0.0754290611076	0.0413354315049	-0.0365055476943	-0.0216938793544	0.0177754330368	-0.00226658281231	0.013194349731	0.0296132469954	-0.000523625504609	-0.0241291111358	-0.0474620526069	-0.0131422468695	-0.00535028126764	-0.0748748056357	0.0301528516993	0.0339014752798	0.016073519151	-0.0194075864864	-0.0212249415156	0.000633868914458
