#taxonomy	k__Bacteria;p__Bacteroidetes;c__Bacteroidia;o__Bacteroidales;f__Bacteroidaceae;g__Bacteroides;s__Bacteroides_vulgatus	k__Bacteria;p__Bacteroidetes;c__Bacteroidia;o__Bacteroidales;f__Bacteroidaceae;g__Bacteroides;s__Bacteroides_uniformis	k__Bacteria;p__Bacteroidetes;c__Bacteroidia;o__Bacteroidales;f__Rikenellaceae;g__Alistipes;s__Alistipes_putredinis	k__Bacteria;p__Bacteroidetes;c__Bacteroidia;o__Bacteroidales;f__Prevotellaceae;g__Prevotella;s__Prevotella_copri	k__Bacteria;p__Bacteroidetes;c__Bacteroidia;o__Bacteroidales;f__Bacteroidaceae;g__Bacteroides;s__Bacteroides_stercoris	k__Bacteria;p__Bacteroidetes;c__Bacteroidia;o__Bacteroidales;f__Bacteroidaceae;g__Bacteroides;s__Bacteroides_ovatus	k__Bacteria;p__Bacteroidetes;c__Bacteroidia;o__Bacteroidales;f__Rikenellaceae;g__Alistipes;s__Alistipes_shahii	k__Bacteria;p__Firmicutes;c__Clostridia;o__Clostridiales;f__Ruminococcaceae;g__Faecalibacterium;s__Faecalibacterium_prausnitzii	k__Bacteria;p__Bacteroidetes;c__Bacteroidia;o__Bacteroidales;f__Rikenellaceae;g__Alistipes;s__Alistipes_finegoldii	k__Bacteria;p__Bacteroidetes;c__Bacteroidia;o__Bacteroidales;f__Porphyromonadaceae;g__Parabacteroides;s__Parabacteroides_distasonis	k__Bacteria;p__Bacteroidetes;c__Bacteroidia;o__Bacteroidales;f__Bacteroidaceae;g__Bacteroides;s__Bacteroides_thetaiotaomicron	k__Bacteria;p__Bacteroidetes;c__Bacteroidia;o__Bacteroidales;f__Bacteroidaceae;g__Bacteroides;s__Bacteroides_coprocola	k__Bacteria;p__Bacteroidetes;c__Bacteroidia;o__Bacteroidales;f__Bacteroidaceae;g__Bacteroides;s__Bacteroides_cellulosilyticus	k__Bacteria;p__Bacteroidetes;c__Bacteroidia;o__Bacteroidales;f__Rikenellaceae;g__Alistipes;s__Alistipes_obesi	k__Bacteria;p__Firmicutes;c__Clostridia;o__Clostridiales;f__Lachnospiraceae;g__;s__[Eubacterium]_rectale	k__Bacteria;p__Bacteroidetes;c__Bacteroidia;o__Bacteroidales;f__Bacteroidaceae;g__Bacteroides;s__Bacteroides_plebeius	k__Bacteria;p__Bacteroidetes;c__Bacteroidia;o__Bacteroidales;f__Bacteroidaceae;g__Bacteroides;s__Bacteroides_fragilis	k__Bacteria;p__Proteobacteria;c__Betaproteobacteria;o__Burkholderiales;f__Sutterellaceae;g__Sutterella;s__Sutterella_wadsworthensis	k__Bacteria;p__Bacteroidetes;c__Bacteroidia;o__Bacteroidales;f__Porphyromonadaceae;g__Barnesiella;s__Barnesiella_intestinihominis	k__Bacteria;p__Bacteroidetes;c__Bacteroidia;o__Bacteroidales;f__Odoribacteraceae;g__Odoribacter;s__Odoribacter_splanchnicus	k__Bacteria;p__Bacteroidetes;c__Bacteroidia;o__Bacteroidales;f__Bacteroidaceae;g__Bacteroides;s__Bacteroides_salyersiae	k__Bacteria;p__Firmicutes;c__Clostridia;o__Clostridiales;f__Ruminococcaceae;g__Ruminiclostridium;s__[Eubacterium]_siraeum	k__Bacteria;p__Proteobacteria;c__Betaproteobacteria;o__Burkholderiales;f__Sutterellaceae;g__Parasutterella;s__Parasutterella_excrementihominis	k__Bacteria;p__Actinobacteria;c__Actinobacteria;o__Bifidobacteriales;f__Bifidobacteriaceae;g__Bifidobacterium;s__Bifidobacterium_adolescentis	k__Bacteria;p__Firmicutes;c__Clostridia;o__Clostridiales;f__Oscillospiraceae;g__Oscillibacter;s__Oscillibacter_sp._KLE_1745	k__Bacteria;p__Bacteroidetes;c__Bacteroidia;o__Bacteroidales;f__Bacteroidaceae;g__Bacteroides;s__Bacteroides_coprophilus	k__Bacteria;p__Firmicutes;c__Clostridia;o__Clostridiales;f__Lachnospiraceae;g__Roseburia;s__Roseburia_intestinalis	k__Bacteria;p__Firmicutes;c__Clostridia;o__Clostridiales;f__Lachnospiraceae;g__Roseburia;s__Roseburia_hominis	k__Bacteria;p__Bacteroidetes;c__Bacteroidia;o__Bacteroidales;f__Porphyromonadaceae;g__Parabacteroides;s__Parabacteroides_johnsonii	k__Bacteria;p__Actinobacteria;c__Actinobacteria;o__Bifidobacteriales;f__Bifidobacteriaceae;g__Bifidobacterium;s__Bifidobacterium_longum	k__Bacteria;p__Firmicutes;c__Clostridia;o__Clostridiales;f__;g__Flavonifractor;s__Flavonifractor_plautii	k__Bacteria;p__Firmicutes;c__Clostridia;o__Clostridiales;f__Clostridiaceae;g__Clostridium;s__Clostridium_phoceensis	k__Bacteria;p__Verrucomicrobia;c__Verrucomicrobiae;o__Verrucomicrobiales;f__Akkermansiaceae;g__Akkermansia;s__Akkermansia_muciniphila	k__Bacteria;p__Bacteroidetes;c__Bacteroidia;o__Bacteroidales;f__Prevotellaceae;g__Paraprevotella;s__Paraprevotella_xylaniphila	k__Bacteria;p__Firmicutes;c__Clostridia;o__Clostridiales;f__Ruminococcaceae;g__Ruminococcus;s__Ruminococcus_callidus	k__Bacteria;p__Bacteroidetes;c__Bacteroidia;o__Bacteroidales;f__Rikenellaceae;g__Alistipes;s__Alistipes_senegalensis	k__Bacteria;p__Firmicutes;c__Clostridia;o__Clostridiales;f__Lachnospiraceae;g__Blautia;s__Blautia_sp._KLE_1732	k__Bacteria;p__Bacteroidetes;c__Bacteroidia;o__Bacteroidales;f__Bacteroidaceae;g__Bacteroides;s__Bacteroides_oleiciplenus	k__Bacteria;p__Firmicutes;c__Clostridia;o__Clostridiales;f__Ruminococcaceae;g__Ruminococcus;s__Ruminococcus_bicirculans	k__Bacteria;p__Bacteroidetes;c__Bacteroidia;o__Bacteroidales;f__Bacteroidaceae;g__Bacteroides;s__Bacteroides_fluxus	k__Bacteria;p__Bacteroidetes;c__Bacteroidia;o__Bacteroidales;f__Prevotellaceae;g__Prevotella;s__Prevotella_stercorea	k__Bacteria;p__Firmicutes;c__Clostridia;o__Clostridiales;f__Lachnospiraceae;g__Dorea;s__Dorea_longicatena	k__Bacteria;p__Firmicutes;c__Clostridia;o__Clostridiales;f__Eubacteriaceae;g__Eubacterium;s__[Eubacterium]_eligens	k__Bacteria;p__Firmicutes;c__Clostridia;o__Clostridiales;f__Ruminococcaceae;g__;s__Ruminococcaceae_bacterium_D16	k__Bacteria;p__Firmicutes;c__Clostridia;o__Clostridiales;f__Lachnospiraceae;g__Coprococcus;s__Coprococcus_comes	k__Bacteria;p__Proteobacteria;c__Gammaproteobacteria;o__Enterobacterales;f__Enterobacteriaceae;g__Escherichia;s__Escherichia_coli	k__Bacteria;p__Firmicutes;c__Clostridia;o__Clostridiales;f__Ruminococcaceae;g__Anaerotruncus;s__Anaerotruncus_colihominis	k__Bacteria;p__Firmicutes;c__Clostridia;o__Clostridiales;f__Lachnospiraceae;g__Blautia;s__Blautia_obeum	k__Bacteria;p__Bacteroidetes;c__Bacteroidia;o__Bacteroidales;f__Odoribacteraceae;g__Odoribacter;s__Odoribacter_laneus	k__Bacteria;p__Firmicutes;c__Clostridia;o__Clostridiales;f__Ruminococcaceae;g__Ruminiclostridium;s__[Clostridium]_leptum	k__Bacteria;p__Bacteroidetes;c__Bacteroidia;o__Bacteroidales;f__Porphyromonadaceae;g__Parabacteroides;s__Parabacteroides_goldsteinii	k__Bacteria;p__Firmicutes;c__Clostridia;o__Clostridiales;f__Lachnospiraceae;g__Anaerostipes;s__Anaerostipes_hadrus	k__Bacteria;p__Firmicutes;c__Clostridia;o__Clostridiales;f__Ruminococcaceae;g__Ruminococcus;s__Ruminococcus_lactaris	k__Bacteria;p__Firmicutes;c__Clostridia;o__Clostridiales;f__Clostridiaceae;g__Clostridium;s__Clostridium_sp._L2-50	k__Bacteria;p__Firmicutes;c__Clostridia;o__Clostridiales;f__Clostridiaceae;g__Clostridium;s__Clostridium_sp._M62/1	k__Bacteria;p__Firmicutes;c__Clostridia;o__Clostridiales;f__;g__Intestinimonas;s__Intestinimonas_butyriciproducens	k__Bacteria;p__Actinobacteria;c__Actinobacteria;o__Bifidobacteriales;f__Bifidobacteriaceae;g__Bifidobacterium;s__Bifidobacterium_bifidum	k__Bacteria;p__Firmicutes;c__Negativicutes;o__Veillonellales;f__Veillonellaceae;g__Dialister;s__Dialister_invisus	k__Bacteria;p__Bacteroidetes;c__Bacteroidia;o__Bacteroidales;f__Bacteroidaceae;g__Bacteroides;s__Bacteroides_salanitronis
k__Bacteria;p__Bacteroidetes;c__Bacteroidia;o__Bacteroidales;f__Bacteroidaceae;g__Bacteroides;s__Bacteroides_vulgatus	1.0	-0.00867344784266	-0.036953913923	0.077362522196	-0.029506791903	-0.0325313508979	-0.0162080176517	-0.0493957650018	-0.0823180048794	0.0349977689993	-0.00837376019126	0.0463470843799	0.0490732007712	-0.0340343241142	-0.0311757919284	-0.000625700829535	0.0506731145698	-0.0391440118909	0.0195995106663	-0.0062619259573	-0.0493364905528	0.0685092472421	-0.0360461044338	0.0223390090579	-0.0123166255214	-0.0345353417769	-0.0334267026089	-0.0293700177502	0.0159291518239	-0.0471181393509	0.00862032503835	0.035870933326	0.0255249629851	0.0381569778438	-0.0469076947384	-0.0577445335991	-0.0719986193141	-0.0822554194287	-0.054166306435	0.0016155596864	0.00455765101488	-0.021420667469	0.0411940867627	-0.0244152277302	-0.0576941947727	0.0252891815307	0.00332755013364	0.0227099421808	-0.00848956556433	-0.0145246230828	0.00244765234905	-0.0222109919479	-0.0468215309838	-0.037791357845	0.0205094197764	0.00633301644015	-0.0563602760948	-0.026586152969	-0.04280774963
k__Bacteria;p__Bacteroidetes;c__Bacteroidia;o__Bacteroidales;f__Bacteroidaceae;g__Bacteroides;s__Bacteroides_uniformis	-0.00867344784266	1.0	-0.0010044156065	-0.01585076805	-0.0404511593985	-0.0467053612758	0.00798678589488	0.00776183466532	0.0310406916678	0.0405622828646	-0.0401029463757	-0.0619382933202	0.0044163301124	-0.00594883161205	-0.0352503637482	-0.0590268736069	0.0387430777095	0.00499386880511	-0.0714468874867	0.0158463826297	0.0391857964521	-0.0237057917418	-0.00391727666258	0.00476265722198	-0.0144950969714	0.0320265074589	-0.0511299099917	0.0538600421665	-0.00951321182563	-0.0311882852734	-0.0102563565226	-0.0134916991114	-0.032398601524	-0.0553623512078	0.0226687835577	0.011544149324	0.0300567480408	0.0442985652631	-0.0367049594652	-0.0191885152403	-0.00425532225591	0.0520863724082	-0.0252947946474	-0.0100343352908	-0.0491218568676	-0.0539323758408	-0.0014984635367	0.0239508928164	-0.0282761999834	-0.0496222786047	0.000719153007347	-0.0466661425719	0.0473614938578	-0.0124353093488	0.0360614100246	0.00755697285072	0.0364227802756	-0.0327921115331	0.0502091893475
k__Bacteria;p__Bacteroidetes;c__Bacteroidia;o__Bacteroidales;f__Rikenellaceae;g__Alistipes;s__Alistipes_putredinis	-0.036953913923	-0.0010044156065	1.0	-0.05825987569	-0.0524738240252	0.0223494134942	0.0129827154638	0.0449653973536	-0.0382036831606	0.0295376057982	-0.0639752174013	0.0532980444833	-0.000365080471795	0.0685409037436	-0.0903107022485	-0.000718655662335	-0.00586667826245	-0.022557300508	-0.057616246229	0.0279888861478	0.0378366192378	0.0355677732155	0.0385244782546	0.0510683695817	0.00356246371016	0.0349246923407	-0.00947050823079	-0.0697422635098	-0.0987117989081	-0.0244556573443	0.0494858129554	-0.00110644171447	0.0469620605085	0.000980571478736	-0.0538189969052	0.0105866072409	-0.000193334918607	-0.0319490803054	-0.0504684036133	-0.0399373465981	-0.04108209407	0.0304445591161	-0.0548156623877	0.000875651763405	-0.0895343722808	0.014269632846	0.00387766425529	0.0241902011391	0.015617945639	-0.00942572897039	0.0478993270799	0.0420043956524	0.00947136609717	-0.0432223543911	-0.0302666905115	-0.0155735867209	0.0370077685643	-0.0370778558563	0.00935242385859
k__Bacteria;p__Bacteroidetes;c__Bacteroidia;o__Bacteroidales;f__Prevotellaceae;g__Prevotella;s__Prevotella_copri	0.077362522196	-0.01585076805	-0.05825987569	1.0	-0.0221827301451	-0.0460956615414	-0.0267038981705	0.00296962232013	0.0109541951402	-0.0123996137282	-0.0572254023421	-0.0516768770658	0.0266725200985	0.0297794405423	0.0487138893896	0.0124144645565	0.00307651180165	-0.0229153020508	-0.00880653308184	-0.0401890742196	0.0171679590725	-0.0232216900317	-0.00569327801051	0.0264071874491	-0.0431076006611	0.0151088201749	-0.0446037677973	-0.0648725598484	0.0437765129324	-0.0211953857697	0.0127185039913	-0.027635685179	0.0231735419343	-0.082973526687	-0.00414115456683	0.0393114999964	-0.0179522374493	-0.0172667487847	0.0175460694784	0.0975038644858	0.0172711796604	0.00496709143875	-0.0119516492425	0.037484563678	0.0201257946891	0.0198370506005	0.00302975204222	-0.0262284994218	-0.0796425168974	-0.0372285072958	0.0413248632485	-0.0645174437469	-0.0223161009595	-0.0681056716078	-0.00618582224302	-0.0698965116146	0.0604943279086	-0.0553310658733	-0.00243660091138
k__Bacteria;p__Bacteroidetes;c__Bacteroidia;o__Bacteroidales;f__Bacteroidaceae;g__Bacteroides;s__Bacteroides_stercoris	-0.029506791903	-0.0404511593985	-0.0524738240252	-0.0221827301451	1.0	0.0557943243055	-0.0460009219153	-0.0407709256466	0.00555491984937	0.00783411493235	0.00538286603145	-0.00628908867944	-0.000529651954469	-0.00815722219268	0.0101923390596	-0.0665987452815	0.109565316875	-0.0958029085561	0.0287156755868	-0.00869992626598	0.0054934661424	-0.0132734300107	-0.0391406723514	0.00782605459509	-0.0706745196772	0.0648062291577	-0.0477072296093	0.0121373718508	-0.0135157076929	-0.00236502098398	-0.0149990291222	-0.0241603740717	0.0221322468169	0.00551647871208	0.0195745581361	-0.00852393697275	0.0082251223281	-0.0166625730906	-0.105687476786	-0.0163093195956	-0.0400599435136	0.0158037346249	0.0203599853929	0.00677319521359	0.0382502214185	0.0235310437583	-0.0337205667888	-0.0369360070857	-0.00982935713507	-0.0346915006338	0.0558903287278	0.00501804498968	-0.115101949308	-0.00133674636256	-0.0429096243229	0.0628849499728	-0.0117211432861	-0.0206768768767	-0.0284138378345
k__Bacteria;p__Bacteroidetes;c__Bacteroidia;o__Bacteroidales;f__Bacteroidaceae;g__Bacteroides;s__Bacteroides_ovatus	-0.0325313508979	-0.0467053612758	0.0223494134942	-0.0460956615414	0.0557943243055	1.0	0.0397487546113	-0.00427218728183	-0.0162385960727	-0.0267668223763	-0.0453276248717	-0.0081531880074	-0.0642317475596	-0.0106607514725	-0.0212585101338	-0.020410554017	-0.0471575041102	-0.0580577890258	-0.00308254808348	0.0193438878918	-0.0188914325813	0.0126667338301	0.00750089769056	-0.0384810987729	0.0149721133898	0.022051928689	0.0212841757722	0.0360370087298	-0.0716744297464	0.004383947668	0.0450836232548	0.00359250676888	0.00626811649959	0.0257631339441	-0.023489484762	0.0246709081558	-0.00240663400494	0.0634741930324	-0.00535248519507	0.076043513165	-0.0412144729024	-0.0685929630023	-0.0203759539768	-0.00429292774504	-0.0231295640492	0.0323552784965	-0.0566809633855	-0.0431980228554	0.0683387007803	-0.0147026969424	0.00426682205117	-0.0391029910364	-0.0401104660595	0.0629497585519	-0.0718856903393	-0.0262295878015	-0.0176694261613	0.00114406016161	-0.000104628429921
k__Bacteria;p__Bacteroidetes;c__Bacteroidia;o__Bacteroidales;f__Rikenellaceae;g__Alistipes;s__Alistipes_shahii	-0.0162080176517	0.00798678589488	0.0129827154638	-0.0267038981705	-0.0460009219153	0.0397487546113	1.0	0.0207923053181	-0.037288379671	-0.0265121915139	-0.0428317765072	0.00999675357125	0.020789768369	-0.0460444056916	-0.0438913459241	-0.00929644932871	-0.0065658560445	-0.0212194683485	0.0548499791859	-0.0401477365972	-0.0509612342434	0.00443696897917	-0.0677757536987	0.018515612839	0.0599324493709	-0.0526171157208	-0.0219241777661	-0.0234949610725	-0.00840696905544	0.00770300093761	-0.0375826021538	0.014916848832	-0.0224706279378	0.0543727395202	-4.5981141406e-05	-0.0343562203304	0.0150444361994	-0.0320139351885	-0.0429889137246	0.0234323979765	-0.00760929783164	-0.0491050638777	-0.00597085739127	-0.0378945769978	-0.0202602022578	0.0315647529905	0.0250435375267	-0.0333882621959	0.0149789542467	-0.0742510604342	-0.0418353825668	0.0105564558109	0.030635811619	0.0390551302795	-0.0971534952159	0.0299796908493	-0.0679709342526	0.044680123769	0.0515499678995
k__Bacteria;p__Firmicutes;c__Clostridia;o__Clostridiales;f__Ruminococcaceae;g__Faecalibacterium;s__Faecalibacterium_prausnitzii	-0.0493957650018	0.00776183466532	0.0449653973536	0.00296962232013	-0.0407709256466	-0.00427218728183	0.0207923053181	1.0	0.00396644141654	-0.0672827813292	0.017955953676	0.00647921394903	0.00162405474888	-0.0310957133977	-0.0319776766725	0.00369843635737	-0.00476506624201	-0.0620933940807	-0.00581632321748	-0.0335473898141	0.053390187035	-0.07125426927	-0.0225686048198	-0.0162902496104	0.0193679604494	0.00962945106197	-0.0658947460845	0.0100326398585	0.0356182101581	0.0584317208757	0.0186484980479	-0.0951179727128	0.00924535779482	-0.0158877546917	0.0551104499174	0.019206745622	0.0205690698749	-0.0198095107707	0.00427670080858	0.0372158352517	0.0448479676919	-0.0690419113775	0.0306831800528	-0.0151286737457	-0.0140624619576	-0.0292919259385	0.00609336900322	0.0201428040543	-0.0494952562664	0.0513122982501	-0.0474203905746	-0.0535766338242	-0.039276167911	-0.00115223394197	-0.0534490316366	-0.0418219992742	-0.00959568426226	-0.0260724171411	-0.0033847352993
k__Bacteria;p__Bacteroidetes;c__Bacteroidia;o__Bacteroidales;f__Rikenellaceae;g__Alistipes;s__Alistipes_finegoldii	-0.0823180048794	0.0310406916678	-0.0382036831606	0.0109541951402	0.00555491984937	-0.0162385960727	-0.037288379671	0.00396644141654	1.0	-0.052769157693	-0.000999251432343	0.0369822595773	-0.0459462780603	0.0553955101095	0.02463775911	0.0622950622197	-0.0212371905541	-0.0358666327948	-0.0120750273245	0.0418408259476	0.00909650420034	-0.00966853546979	0.0579468871581	-0.0348369540014	-0.0664777406242	-0.00722471064187	-0.00836253059432	-0.0291414768214	0.0536591585421	0.0404222521856	0.0298236749307	0.0187940889277	-0.0300912858641	0.0092127332588	-0.0355064273042	-0.00325415514579	-0.0802710566982	0.0187520321103	-0.00968977216714	-0.0186516457688	-0.0671789647849	0.0306482150595	-0.0503927161132	0.0564728403703	0.0229716162892	0.0211796107829	-0.0663835634644	-0.00874348604073	0.0521150568132	-0.0353734720728	-0.0624859173135	-0.098838326107	-0.0283978665118	-0.101494710617	-0.00472664255801	-0.00637719692733	-0.0110977120489	-0.0303557251802	-0.0280224842677
k__Bacteria;p__Bacteroidetes;c__Bacteroidia;o__Bacteroidales;f__Porphyromonadaceae;g__Parabacteroides;s__Parabacteroides_distasonis	0.0349977689993	0.0405622828646	0.0295376057982	-0.0123996137282	0.00783411493235	-0.0267668223763	-0.0265121915139	-0.0672827813292	-0.052769157693	1.0	-0.00198237963719	-0.00570582230723	-0.041185007683	-0.040499588122	0.00524983160604	-0.0115155997185	-0.0513001912882	0.0111871263568	-0.0712899892867	-0.0227461961477	0.0241039277018	-0.0435861470589	0.00973906966036	0.0149304079503	-0.0342111645266	0.0447626062518	-0.0191188309438	0.0108618578856	0.0922450304987	-0.0337075966139	0.0161452920051	-0.050506126853	0.0232962721043	-0.0613041147173	-0.0220629194884	0.0389239233355	-0.0325046141327	0.0399914101699	0.0076297968637	0.0015714989581	0.0154119417177	0.0665691428035	-0.0495515839905	-0.0153436663937	-0.0108977050324	-0.00915420528828	-0.01342943284	0.0302637064887	0.0218103564581	-0.0326490721306	-0.00751960725978	-0.0404724671299	-0.0457660337588	0.0198763238368	-0.0142986975405	0.00409473617885	0.0417796098489	-0.0732424886008	-0.0553405864273
k__Bacteria;p__Bacteroidetes;c__Bacteroidia;o__Bacteroidales;f__Bacteroidaceae;g__Bacteroides;s__Bacteroides_thetaiotaomicron	-0.00837376019126	-0.0401029463757	-0.0639752174013	-0.0572254023421	0.00538286603145	-0.0453276248717	-0.0428317765072	0.017955953676	-0.000999251432343	-0.00198237963719	1.0	-0.0229789194468	0.00902240098504	0.0469822273961	-0.0361181875322	0.0101769592904	-0.0517486817277	-0.0132101916121	-0.00514885195473	-0.00467127670643	-0.0436578436437	0.0284980272255	0.00188805334716	0.0568742991166	-0.00370980513523	-0.072036051044	0.0650818183033	0.0386255918422	-0.0991670014075	-0.0236618858465	-0.0287762091281	-0.0330922490321	-0.0559021988865	-0.0253735254295	-0.00544205875815	-0.0140152176838	0.00300252387233	-0.0106612877544	0.022795434933	-0.0106043874959	0.00104610615077	-0.0512307743915	0.0214641056865	-0.0150669934526	0.0710223340255	-0.0525078877218	-0.00378038898202	0.0350253561913	-0.017091853465	-0.0940314419276	-0.0474734123758	-0.0424072194672	0.0258397339818	-0.000714625173815	-0.0478946610583	0.00323500383222	-0.0177611211616	0.0115117620601	-0.073100433232
k__Bacteria;p__Bacteroidetes;c__Bacteroidia;o__Bacteroidales;f__Bacteroidaceae;g__Bacteroides;s__Bacteroides_coprocola	0.0463470843799	-0.0619382933202	0.0532980444833	-0.0516768770658	-0.00628908867944	-0.0081531880074	0.00999675357125	0.00647921394903	0.0369822595773	-0.00570582230723	-0.0229789194468	1.0	0.00580267883611	-0.0265342235213	-0.0738827266768	0.038573654907	-0.0409000461595	0.00549319371879	-0.0308349094908	0.0292795684991	-0.0628072038891	0.0916191104237	-0.056335434605	-0.0561065886049	-0.046143239637	-0.0220243010609	-0.0280878558915	-0.0767122338661	-0.000753827799085	-0.0517410795493	0.119945468587	-0.0265872558041	-0.00391214940501	0.0133411379615	0.0200806665618	0.0769296646467	-0.000175266199386	-0.038522147558	-0.0146947939016	-0.0640540701388	-0.0420131373311	-0.0562140176185	0.0109739059893	0.0134332786518	-0.00890366900758	-0.0409621595262	-0.0400264830274	0.0429395293738	0.0198341444449	0.0188208468431	0.026071445566	-0.0414973162197	-0.0352600307434	0.0551302608443	0.0125274624995	0.0666656580855	0.0430056571751	-0.00404700723107	-0.0258923881871
k__Bacteria;p__Bacteroidetes;c__Bacteroidia;o__Bacteroidales;f__Bacteroidaceae;g__Bacteroides;s__Bacteroides_cellulosilyticus	0.0490732007712	0.0044163301124	-0.000365080471795	0.0266725200985	-0.000529651954469	-0.0642317475596	0.020789768369	0.00162405474888	-0.0459462780603	-0.041185007683	0.00902240098504	0.00580267883611	1.0	-0.0318889640412	0.000479240030671	-0.0273952722609	-0.000276806665312	0.0289710561031	0.0657812588208	0.0918857221279	-0.0497598404539	-0.0583360846284	0.0240548749453	-0.0470383959297	0.0468966701022	-0.022849325932	-0.0142278446345	-0.0539405271136	0.0291390364434	-0.0454587970338	-0.0619448406073	0.0573598278785	-0.0290000746451	0.0567473997195	-0.0990316856145	-0.0635129829255	0.0101167668065	0.00345099091855	-0.053755310527	0.0600294175164	0.0307393884935	-0.0342779173511	-0.00326539798865	0.0320396199694	-0.0730469780024	0.0496566380849	-0.0717850596772	0.0273496250974	-0.0931842590551	0.0374600380775	-0.0799231400069	0.0402032593096	0.036974147899	0.0207652524391	-0.0609252455917	-0.0650367754892	0.0812227237624	0.0585177661436	-0.0592771935684
k__Bacteria;p__Bacteroidetes;c__Bacteroidia;o__Bacteroidales;f__Rikenellaceae;g__Alistipes;s__Alistipes_obesi	-0.0340343241142	-0.00594883161205	0.0685409037436	0.0297794405423	-0.00815722219268	-0.0106607514725	-0.0460444056916	-0.0310957133977	0.0553955101095	-0.040499588122	0.0469822273961	-0.0265342235213	-0.0318889640412	1.0	-0.0170603943074	0.0123238382484	-0.0559034868733	-0.0234580340273	0.058691604311	0.0840563520674	-0.0388473967189	-0.0219612849576	-0.0604816243148	-0.0240965802381	0.0257971131805	-0.0131992921127	-0.00972417987957	0.00187278327779	0.00284306317586	0.0246604992914	0.00913212719212	0.0084991576124	-0.0216011987936	-0.0415683453285	-0.00288052770585	-0.050768893198	0.00277300501403	0.00407323663203	0.00665570065049	0.0368450702643	-0.111525975232	-0.0328419218589	0.0910158945494	-0.0565732289423	-0.0179321546529	0.00971415415564	0.0638676927191	-0.022442867849	-0.0775342457664	-0.0641328580112	0.0672244314546	0.0475619583475	-0.125078481793	0.00657757911108	0.00492342393253	-0.0136837978947	0.0113952455423	-0.0128645572992	-0.0312175377822
k__Bacteria;p__Firmicutes;c__Clostridia;o__Clostridiales;f__Lachnospiraceae;g__;s__[Eubacterium]_rectale	-0.0311757919284	-0.0352503637482	-0.0903107022485	0.0487138893896	0.0101923390596	-0.0212585101338	-0.0438913459241	-0.0319776766725	0.02463775911	0.00524983160604	-0.0361181875322	-0.0738827266768	0.000479240030671	-0.0170603943074	1.0	0.0431923274227	-0.0125086351568	0.0353398148144	0.0227894326737	-0.0523066091273	-0.0350249152588	0.0194258335473	0.0382163287041	-0.0218138708853	-0.0261462104052	0.00657082487322	-0.0330409455159	0.031391346531	-0.0266486573368	-0.0285454983329	-0.00963329380853	0.0285425755948	-0.0522389670556	0.0135253961394	-0.0619332736377	-0.0193800666015	0.0328874837481	0.0345963826865	0.0274430677377	0.0265680344194	0.0595943083748	-0.0163179445654	-0.0252366104676	-0.0326014736613	-0.0365078327296	0.0211822466184	0.0083882087426	-0.00595108029443	-0.00962879240287	0.0166852318928	0.0201716635475	0.0440095032619	-0.0596193055643	0.0085359922582	0.0396261718696	-0.042897233341	0.0452240412272	-0.0381779205736	-0.00272609780195
k__Bacteria;p__Bacteroidetes;c__Bacteroidia;o__Bacteroidales;f__Bacteroidaceae;g__Bacteroides;s__Bacteroides_plebeius	-0.000625700829535	-0.0590268736069	-0.000718655662335	0.0124144645565	-0.0665987452815	-0.020410554017	-0.00929644932871	0.00369843635737	0.0622950622197	-0.0115155997185	0.0101769592904	0.038573654907	-0.0273952722609	0.0123238382484	0.0431923274227	1.0	-0.0288106502046	0.03824672502	0.0187692323573	0.00586686772545	-0.000532000904627	-0.0295782205565	0.00438655104932	0.00974745455034	-0.00541460399421	-0.0449853869386	-0.0165866568125	-0.035214597302	0.0545568771522	-0.0494577629048	0.0244379234987	0.0422408489691	-0.0364429734472	-0.0742248089896	-0.0144217739938	0.0635303306184	0.0467061516444	0.00720414209031	-0.0427108926367	0.00945273067392	-0.0216580308065	0.0163744079437	0.0325086126608	0.0116491019567	0.0261568101856	0.00720836231227	-0.0364538824817	-0.0768743320298	0.0260584094963	0.000550273504449	0.00838336304505	-0.0410044460104	-0.072163166511	0.00892360141655	-0.0109312214542	0.0202122088815	-0.0760410782434	-0.0166572386378	0.00824260357921
k__Bacteria;p__Bacteroidetes;c__Bacteroidia;o__Bacteroidales;f__Bacteroidaceae;g__Bacteroides;s__Bacteroides_fragilis	0.0506731145698	0.0387430777095	-0.00586667826245	0.00307651180165	0.109565316875	-0.0471575041102	-0.0065658560445	-0.00476506624201	-0.0212371905541	-0.0513001912882	-0.0517486817277	-0.0409000461595	-0.000276806665312	-0.0559034868733	-0.0125086351568	-0.0288106502046	1.0	0.0354126362476	-0.0510831075156	0.0136929445114	-0.00323675657848	-0.0449307696596	-0.0384696176676	-0.0272000492694	-0.0423486713089	-0.0527430701408	-0.0323434036573	-0.0146296045926	-0.0556843371899	-0.089941175877	-0.037963776914	-0.0359069006287	0.0302037102626	0.0533222023115	-0.0536582034945	0.0462606330633	-0.0100447422467	-0.014160520728	-0.0493822429504	-0.0822895621969	-0.0367552535579	-0.0431564994544	0.0101986598494	0.0607883677302	-0.0162098106372	-0.0373868545248	-0.0441869992754	0.0477499500889	0.0067184540061	-0.0499435666058	0.00145980539817	0.0462268187403	-0.0212677503848	-0.0160392642799	-0.0458229602493	0.000436492419884	0.0509667112719	0.0182051233168	0.0772101374442
k__Bacteria;p__Proteobacteria;c__Betaproteobacteria;o__Burkholderiales;f__Sutterellaceae;g__Sutterella;s__Sutterella_wadsworthensis	-0.0391440118909	0.00499386880511	-0.022557300508	-0.0229153020508	-0.0958029085561	-0.0580577890258	-0.0212194683485	-0.0620933940807	-0.0358666327948	0.0111871263568	-0.0132101916121	0.00549319371879	0.0289710561031	-0.0234580340273	0.0353398148144	0.03824672502	0.0354126362476	1.0	0.021682486035	0.0257708927951	-0.00514899142659	-0.0700670430384	-0.00925725962214	0.0149725002056	0.0242683279232	0.00864412954038	0.00960258158423	0.00979548174456	-0.061373540492	-0.0722673700353	-0.0785901505621	-0.0218043060611	-0.00540614641929	-0.00382690799891	-0.0128368964402	-0.0468708857101	-0.0187305107043	0.015429001909	0.0499030406637	-0.041777218698	-0.0571002314158	-0.122756600602	0.0794383013673	0.0199506004291	-0.0438588191621	0.0597759603304	-0.0152267665989	-0.0711611951638	0.0570251648995	0.0136448724493	0.0329550389494	-0.00827268498395	-0.031819950061	0.0174079284634	0.0135169298139	0.0357038227781	-0.00160795101497	-0.0538251377345	0.00475985231366
k__Bacteria;p__Bacteroidetes;c__Bacteroidia;o__Bacteroidales;f__Porphyromonadaceae;g__Barnesiella;s__Barnesiella_intestinihominis	0.0195995106663	-0.0714468874867	-0.057616246229	-0.00880653308184	0.0287156755868	-0.00308254808348	0.0548499791859	-0.00581632321748	-0.0120750273245	-0.0712899892867	-0.00514885195473	-0.0308349094908	0.0657812588208	0.058691604311	0.0227894326737	0.0187692323573	-0.0510831075156	0.021682486035	1.0	0.0441530269042	-0.00713391541769	0.0127689613704	-0.0289880261378	0.0171102851875	0.0128533567369	-0.0530705755368	-0.0599269672553	-0.0217207133559	-0.00648421847983	-0.0165259465666	-0.0175653099824	0.0152979155321	-0.00896729263132	-0.0462851553081	0.0411903390241	0.00671230026823	-0.0549229295273	-0.0179950984349	-0.0441400844275	-0.00365806977444	-0.050715244531	-0.0166747067089	-0.0842445523683	0.0246336237533	-0.0396549031948	-0.0138907126834	0.0223471273576	0.00668568935328	-0.0132769645548	0.0223519563903	-0.018946887535	-0.0524258909322	-0.0212234088508	0.0223776787105	-0.0110412721445	-0.031599467301	-0.0939181491311	0.023504619408	0.00173481140472
k__Bacteria;p__Bacteroidetes;c__Bacteroidia;o__Bacteroidales;f__Odoribacteraceae;g__Odoribacter;s__Odoribacter_splanchnicus	-0.0062619259573	0.0158463826297	0.0279888861478	-0.0401890742196	-0.00869992626598	0.0193438878918	-0.0401477365972	-0.0335473898141	0.0418408259476	-0.0227461961477	-0.00467127670643	0.0292795684991	0.0918857221279	0.0840563520674	-0.0523066091273	0.00586686772545	0.0136929445114	0.0257708927951	0.0441530269042	1.0	-0.0670281556173	0.0410840130561	0.006263029068	-0.0534869816947	-0.0401680375572	-0.0875254156761	-0.0381935704549	-0.0401070056806	-0.00460436081082	-0.0913084276399	-0.00615610551557	-0.0871279427523	-0.055838846705	-0.00514022663647	0.0158074785918	-0.115223171544	-0.0768513406445	-0.000426983243152	-0.0332412135919	0.0237319489209	-0.0341393040298	0.00161775107011	0.00592059538481	0.0194242256255	-0.00333616384573	-0.0606461323206	-0.0492854982987	-0.0536994494095	-0.0310074086702	0.0142227704279	-0.0277382914789	0.0022602188939	0.0103433834809	0.0262163266444	0.0106969418756	-0.0233577209696	0.0379438589967	-0.0142410371098	-0.0346370980723
k__Bacteria;p__Bacteroidetes;c__Bacteroidia;o__Bacteroidales;f__Bacteroidaceae;g__Bacteroides;s__Bacteroides_salyersiae	-0.0493364905528	0.0391857964521	0.0378366192378	0.0171679590725	0.0054934661424	-0.0188914325813	-0.0509612342434	0.053390187035	0.00909650420034	0.0241039277018	-0.0436578436437	-0.0628072038891	-0.0497598404539	-0.0388473967189	-0.0350249152588	-0.000532000904626	-0.00323675657848	-0.00514899142659	-0.00713391541769	-0.0670281556173	1.0	-0.0329017274092	0.0424001323053	0.0353236162575	0.0538892046133	-0.00574456357277	0.0115369406792	0.0344609254394	-0.0954323423518	-0.0240178643039	-0.00827852092932	0.0361369962308	-0.0747495382353	0.0578735893446	-0.053755589243	-0.00608405617763	-0.0144550185148	-0.0236492833169	0.0391090800174	-0.107518229007	-0.0355684561111	-0.0131719919029	-0.00922975045194	0.0831005577103	0.0070237440713	0.0335127082721	0.0138553903915	0.0627506501467	-0.0353644383515	0.0155553345955	0.0435842544203	0.0272226440728	0.0386310971689	-0.0811116050565	-0.0613304272316	-0.0307822766854	-0.00108675716357	-0.0213052931996	-0.00684064620669
k__Bacteria;p__Firmicutes;c__Clostridia;o__Clostridiales;f__Ruminococcaceae;g__Ruminiclostridium;s__[Eubacterium]_siraeum	0.0685092472421	-0.0237057917418	0.0355677732155	-0.0232216900317	-0.0132734300107	0.0126667338301	0.00443696897917	-0.07125426927	-0.00966853546979	-0.0435861470589	0.0284980272255	0.0916191104237	-0.0583360846284	-0.0219612849576	0.0194258335473	-0.0295782205565	-0.0449307696596	-0.0700670430384	0.0127689613704	0.0410840130561	-0.0329017274092	1.0	-0.0562566497761	0.0208465794703	-0.0386124107528	0.0276181561331	0.0276368062925	-0.0151381509903	-0.0198435901808	-0.0181797118177	-0.0230141483586	-0.0781322602371	-0.0457929902302	-0.0529288073004	-0.00831564542607	-0.0761867348664	0.0377515365084	0.0368993464009	0.0140860132519	-0.028751487681	0.00198158118639	-0.0252105344067	-0.047354839734	-0.017508928685	-0.104625989553	-0.0438087140972	-0.0824476551082	0.037709230684	-0.0127080319092	0.0155412608103	0.00907335632631	0.000159132761848	0.0576319205073	0.0111910995189	-0.0181117053167	-0.0283466440424	-0.00644515894652	-0.00558945935761	-0.0209873838576
k__Bacteria;p__Proteobacteria;c__Betaproteobacteria;o__Burkholderiales;f__Sutterellaceae;g__Parasutterella;s__Parasutterella_excrementihominis	-0.0360461044338	-0.00391727666258	0.0385244782546	-0.00569327801051	-0.0391406723514	0.00750089769056	-0.0677757536987	-0.0225686048198	0.0579468871581	0.00973906966036	0.00188805334716	-0.056335434605	0.0240548749453	-0.0604816243148	0.0382163287041	0.00438655104932	-0.0384696176676	-0.00925725962214	-0.0289880261378	0.006263029068	0.0424001323053	-0.0562566497761	1.0	-0.00344689967781	0.0691458499122	-0.0524991387654	0.0413820174535	-0.041071250509	-0.00523002568328	0.00297248628185	-0.055339745278	-0.0729812510678	0.0190911644334	0.0189345982811	-0.0370539193929	-0.00387836045966	-0.0263386294664	-0.0310952200436	-0.0190494598778	0.00142857882982	0.0204626069597	-0.0371917505221	0.050467502617	0.0706796954894	-0.0172712971348	0.0481220999371	-0.0231361729164	0.0291578698931	-0.107188139507	-0.0111106724134	-0.08180111127	-0.0360130083507	0.0235023690107	0.0656562183209	-0.0332754446771	-0.0635589193394	-0.067983826834	-0.0422281594197	0.0650158584488
k__Bacteria;p__Actinobacteria;c__Actinobacteria;o__Bifidobacteriales;f__Bifidobacteriaceae;g__Bifidobacterium;s__Bifidobacterium_adolescentis	0.0223390090579	0.00476265722198	0.0510683695817	0.0264071874491	0.00782605459509	-0.0384810987729	0.018515612839	-0.0162902496104	-0.0348369540014	0.0149304079503	0.0568742991166	-0.0561065886049	-0.0470383959297	-0.0240965802381	-0.0218138708853	0.00974745455034	-0.0272000492694	0.0149725002056	0.0171102851875	-0.0534869816947	0.0353236162575	0.0208465794703	-0.00344689967781	1.0	0.0238759542175	0.0427185413247	0.0077970647743	-0.0457578860494	0.0772017761367	-0.0281268753761	-0.102878694627	0.0228689616802	0.0265884185985	-0.0410809433242	0.0338690208781	-0.0248854478456	0.0327119521743	-0.0747728097257	0.0303012900274	0.0148920518168	0.0255769687632	-0.0131814105433	0.0820026626857	-0.0095312525539	-0.0494897506645	-0.0659062498357	-0.0742237986506	-0.0624161080294	0.0371070689347	-0.0365055402796	0.062625695873	-0.0533261755684	-0.0490062182909	0.0154745141379	-0.0226654033779	-0.0130097124372	0.0353232635057	0.0213216168211	0.0361928454977
k__Bacteria;p__Firmicutes;c__Clostridia;o__Clostridiales;f__Oscillospiraceae;g__Oscillibacter;s__Oscillibacter_sp._KLE_1745	-0.0123166255214	-0.0144950969714	0.00356246371016	-0.0431076006611	-0.0706745196772	0.0149721133898	0.0599324493709	0.0193679604494	-0.0664777406242	-0.0342111645266	-0.00370980513523	-0.046143239637	0.0468966701022	0.0257971131805	-0.0261462104052	-0.00541460399421	-0.0423486713089	0.0242683279232	0.0128533567369	-0.0401680375572	0.0538892046133	-0.0386124107528	0.0691458499122	0.0238759542175	1.0	-0.049484132975	0.0193226984278	0.0439244453117	-0.0144345622718	-0.0123726997991	-0.060151281339	-0.0875864263907	-0.019394808987	-0.0345939859493	-0.046406631467	0.0288358365291	0.0375886314899	-0.028579741343	0.0195281416431	0.0138699201034	0.00096214887166	-0.0319029242734	-0.0608460591886	0.026303293791	0.0124011727682	0.00213693029487	0.0340081260446	-0.0214649450464	-0.0244948839847	-0.0147678998886	0.00278716585841	-0.0539855944958	-0.0442356584713	-0.0141597663571	-0.031207054384	-0.0337729643563	-0.00307968984586	-0.0359542555663	-0.0254912950571
k__Bacteria;p__Bacteroidetes;c__Bacteroidia;o__Bacteroidales;f__Bacteroidaceae;g__Bacteroides;s__Bacteroides_coprophilus	-0.0345353417769	0.0320265074589	0.0349246923407	0.0151088201749	0.0648062291577	0.022051928689	-0.0526171157208	0.00962945106197	-0.00722471064187	0.0447626062518	-0.072036051044	-0.0220243010609	-0.022849325932	-0.0131992921127	0.00657082487322	-0.0449853869386	-0.0527430701408	0.00864412954038	-0.0530705755368	-0.0875254156761	-0.00574456357277	0.0276181561331	-0.0524991387654	0.0427185413247	-0.049484132975	1.0	-0.00536178934525	0.0082228444075	0.0702163749758	-0.0364794585263	-0.0382851135438	-0.0626031878218	-0.0126322932793	-0.0515578303824	-0.0365533635261	0.031293246965	-0.0445514048643	-0.0456284565113	0.00090723671511	0.00568873655765	0.0383391156894	0.0648805510268	-0.0219567504316	-0.0016544021314	-0.0161758349476	-0.0688406892283	0.00857747368654	0.0725727624125	0.0717103819437	0.0285283548874	-0.000853299417192	-0.0511210712226	-0.0485249224204	0.0691983985095	-0.00825878232307	-0.020397154077	-0.0432200981223	-0.0256408721244	-0.0988493725072
k__Bacteria;p__Firmicutes;c__Clostridia;o__Clostridiales;f__Lachnospiraceae;g__Roseburia;s__Roseburia_intestinalis	-0.0334267026089	-0.0511299099917	-0.00947050823079	-0.0446037677973	-0.0477072296093	0.0212841757722	-0.0219241777661	-0.0658947460845	-0.00836253059432	-0.0191188309438	0.0650818183033	-0.0280878558915	-0.0142278446345	-0.00972417987957	-0.0330409455159	-0.0165866568125	-0.0323434036573	0.00960258158423	-0.0599269672553	-0.0381935704549	0.0115369406792	0.0276368062925	0.0413820174535	0.0077970647743	0.0193226984278	-0.00536178934525	1.0	0.105825006979	-0.0237442463613	0.0485635019656	-0.00980615152644	-0.0309723249116	-0.00336649594993	0.00369893448459	-0.082618668938	-0.0491625068003	-0.030877465747	-0.0479009192086	0.0405766982963	0.0611951344492	0.0373126397758	0.0402952967713	-0.0416569521857	-0.0450105183226	0.0623325458698	-0.013768211865	0.0117522365878	-0.00533833350544	0.0419160436912	-0.0443848123631	-0.0385706456076	0.0200275239874	0.00160920210076	0.00612730747815	-0.0467036666405	-0.0135576117335	-0.0104024240303	-0.109868619901	-0.0368450902965
k__Bacteria;p__Firmicutes;c__Clostridia;o__Clostridiales;f__Lachnospiraceae;g__Roseburia;s__Roseburia_hominis	-0.0293700177502	0.0538600421665	-0.0697422635098	-0.0648725598484	0.0121373718508	0.0360370087298	-0.0234949610725	0.0100326398585	-0.0291414768214	0.0108618578856	0.0386255918422	-0.0767122338661	-0.0539405271136	0.00187278327779	0.031391346531	-0.035214597302	-0.0146296045926	0.00979548174456	-0.0217207133559	-0.0401070056806	0.0344609254394	-0.0151381509903	-0.041071250509	-0.0457578860494	0.0439244453117	0.0082228444075	0.105825006979	1.0	0.00702184409386	-0.0692632113765	0.100280900462	-0.0196416095551	0.0448077062453	-0.0113477157704	0.00824245923833	-0.0135325675486	0.00352841563814	-0.068719923611	0.0229167168154	0.00562422469297	0.00489617897792	-0.0788795420262	-0.0427626194725	0.0232408411918	0.0501129369662	-0.0430212640652	-0.0167898111938	0.0499849589518	-0.0305859284259	-0.00963255624393	-0.0148908411052	0.0192219907799	-0.025731762228	-0.0156245144523	0.0842831896021	0.0473881710078	0.0153384935242	-0.0282957109021	-0.00467042691143
k__Bacteria;p__Bacteroidetes;c__Bacteroidia;o__Bacteroidales;f__Porphyromonadaceae;g__Parabacteroides;s__Parabacteroides_johnsonii	0.0159291518239	-0.00951321182563	-0.0987117989081	0.0437765129324	-0.0135157076929	-0.0716744297464	-0.00840696905544	0.0356182101581	0.0536591585421	0.0922450304987	-0.0991670014075	-0.000753827799085	0.0291390364434	0.00284306317586	-0.0266486573368	0.0545568771522	-0.0556843371899	-0.061373540492	-0.00648421847983	-0.00460436081082	-0.0954323423518	-0.0198435901808	-0.00523002568328	0.0772017761367	-0.0144345622718	0.0702163749758	-0.0237442463613	0.00702184409386	1.0	-0.0715126262834	-0.0321805730953	0.00185060140091	-0.0597856456718	0.00837441552889	0.0267132162748	-0.0785862092527	-0.0301577543216	-0.0705577862903	0.0120319048026	-0.00991489308437	0.0270896151708	-0.0713869236203	-0.0476235018159	-0.0340271704893	-0.00475228086396	0.0277411434962	-0.0199344054597	0.0534676504957	-0.00786246504961	-0.0677833073109	-0.0853873319188	-0.0527857785635	-0.0655559483733	-0.0686303861765	0.0195471151736	0.0365643797005	0.0515362872708	-0.0332251094108	0.0160861503153
k__Bacteria;p__Actinobacteria;c__Actinobacteria;o__Bifidobacteriales;f__Bifidobacteriaceae;g__Bifidobacterium;s__Bifidobacterium_longum	-0.0471181393509	-0.0311882852734	-0.0244556573443	-0.0211953857697	-0.00236502098398	0.004383947668	0.00770300093761	0.0584317208757	0.0404222521856	-0.0337075966139	-0.0236618858465	-0.0517410795493	-0.0454587970338	0.0246604992914	-0.0285454983329	-0.0494577629048	-0.089941175877	-0.0722673700353	-0.0165259465666	-0.0913084276399	-0.0240178643039	-0.0181797118177	0.00297248628185	-0.0281268753761	-0.0123726997991	-0.0364794585263	0.0485635019656	-0.0692632113765	-0.0715126262834	1.0	0.0636222908861	0.0129897668812	0.0286934576806	-0.0308224987894	0.0356199712369	0.0235959916822	0.0295006732213	-0.0363058012354	0.0870979814805	-0.0337585850167	-0.00311716751652	0.0324640544882	0.025973101667	0.0138058783775	-0.0933260667696	-0.0108450848387	0.013026274718	-0.0376337012436	-0.0879590342365	0.0270289934128	-0.0498112435886	-0.022076600806	-0.0379081340255	0.0065889732351	0.033396319675	0.0064045720362	-0.0304666856641	-0.0243020292481	-0.0496917365007
