#taxonomy	k__Bacteria;p__Bacteroidetes;c__Bacteroidia;o__Bacteroidales;f__Bacteroidaceae;g__Bacteroides;s__Bacteroides_vulgatus	k__Bacteria;p__Bacteroidetes;c__Bacteroidia;o__Bacteroidales;f__Bacteroidaceae;g__Bacteroides;s__Bacteroides_uniformis	k__Bacteria;p__Bacteroidetes;c__Bacteroidia;o__Bacteroidales;f__Rikenellaceae;g__Alistipes;s__Alistipes_putredinis	k__Bacteria;p__Bacteroidetes;c__Bacteroidia;o__Bacteroidales;f__Prevotellaceae;g__Prevotella;s__Prevotella_copri	k__Bacteria;p__Bacteroidetes;c__Bacteroidia;o__Bacteroidales;f__Bacteroidaceae;g__Bacteroides;s__Bacteroides_stercoris	k__Bacteria;p__Bacteroidetes;c__Bacteroidia;o__Bacteroidales;f__Bacteroidaceae;g__Bacteroides;s__Bacteroides_ovatus	k__Bacteria;p__Bacteroidetes;c__Bacteroidia;o__Bacteroidales;f__Rikenellaceae;g__Alistipes;s__Alistipes_shahii	k__Bacteria;p__Firmicutes;c__Clostridia;o__Clostridiales;f__Ruminococcaceae;g__Faecalibacterium;s__Faecalibacterium_prausnitzii	k__Bacteria;p__Bacteroidetes;c__Bacteroidia;o__Bacteroidales;f__Rikenellaceae;g__Alistipes;s__Alistipes_finegoldii	k__Bacteria;p__Bacteroidetes;c__Bacteroidia;o__Bacteroidales;f__Porphyromonadaceae;g__Parabacteroides;s__Parabacteroides_distasonis	k__Bacteria;p__Bacteroidetes;c__Bacteroidia;o__Bacteroidales;f__Bacteroidaceae;g__Bacteroides;s__Bacteroides_thetaiotaomicron	k__Bacteria;p__Bacteroidetes;c__Bacteroidia;o__Bacteroidales;f__Bacteroidaceae;g__Bacteroides;s__Bacteroides_coprocola	k__Bacteria;p__Bacteroidetes;c__Bacteroidia;o__Bacteroidales;f__Bacteroidaceae;g__Bacteroides;s__Bacteroides_cellulosilyticus	k__Bacteria;p__Bacteroidetes;c__Bacteroidia;o__Bacteroidales;f__Rikenellaceae;g__Alistipes;s__Alistipes_obesi	k__Bacteria;p__Firmicutes;c__Clostridia;o__Clostridiales;f__Lachnospiraceae;g__;s__[Eubacterium]_rectale	k__Bacteria;p__Bacteroidetes;c__Bacteroidia;o__Bacteroidales;f__Bacteroidaceae;g__Bacteroides;s__Bacteroides_plebeius	k__Bacteria;p__Bacteroidetes;c__Bacteroidia;o__Bacteroidales;f__Bacteroidaceae;g__Bacteroides;s__Bacteroides_fragilis	k__Bacteria;p__Proteobacteria;c__Betaproteobacteria;o__Burkholderiales;f__Sutterellaceae;g__Sutterella;s__Sutterella_wadsworthensis	k__Bacteria;p__Bacteroidetes;c__Bacteroidia;o__Bacteroidales;f__Porphyromonadaceae;g__Barnesiella;s__Barnesiella_intestinihominis	k__Bacteria;p__Bacteroidetes;c__Bacteroidia;o__Bacteroidales;f__Odoribacteraceae;g__Odoribacter;s__Odoribacter_splanchnicus	k__Bacteria;p__Bacteroidetes;c__Bacteroidia;o__Bacteroidales;f__Bacteroidaceae;g__Bacteroides;s__Bacteroides_salyersiae	k__Bacteria;p__Firmicutes;c__Clostridia;o__Clostridiales;f__Ruminococcaceae;g__Ruminiclostridium;s__[Eubacterium]_siraeum	k__Bacteria;p__Proteobacteria;c__Betaproteobacteria;o__Burkholderiales;f__Sutterellaceae;g__Parasutterella;s__Parasutterella_excrementihominis	k__Bacteria;p__Actinobacteria;c__Actinobacteria;o__Bifidobacteriales;f__Bifidobacteriaceae;g__Bifidobacterium;s__Bifidobacterium_adolescentis	k__Bacteria;p__Firmicutes;c__Clostridia;o__Clostridiales;f__Oscillospiraceae;g__Oscillibacter;s__Oscillibacter_sp._KLE_1745	k__Bacteria;p__Bacteroidetes;c__Bacteroidia;o__Bacteroidales;f__Bacteroidaceae;g__Bacteroides;s__Bacteroides_coprophilus	k__Bacteria;p__Firmicutes;c__Clostridia;o__Clostridiales;f__Lachnospiraceae;g__Roseburia;s__Roseburia_intestinalis	k__Bacteria;p__Firmicutes;c__Clostridia;o__Clostridiales;f__Lachnospiraceae;g__Roseburia;s__Roseburia_hominis	k__Bacteria;p__Bacteroidetes;c__Bacteroidia;o__Bacteroidales;f__Porphyromonadaceae;g__Parabacteroides;s__Parabacteroides_johnsonii	k__Bacteria;p__Actinobacteria;c__Actinobacteria;o__Bifidobacteriales;f__Bifidobacteriaceae;g__Bifidobacterium;s__Bifidobacterium_longum	k__Bacteria;p__Firmicutes;c__Clostridia;o__Clostridiales;f__;g__Flavonifractor;s__Flavonifractor_plautii	k__Bacteria;p__Firmicutes;c__Clostridia;o__Clostridiales;f__Clostridiaceae;g__Clostridium;s__Clostridium_phoceensis	k__Bacteria;p__Verrucomicrobia;c__Verrucomicrobiae;o__Verrucomicrobiales;f__Akkermansiaceae;g__Akkermansia;s__Akkermansia_muciniphila	k__Bacteria;p__Bacteroidetes;c__Bacteroidia;o__Bacteroidales;f__Prevotellaceae;g__Paraprevotella;s__Paraprevotella_xylaniphila	k__Bacteria;p__Firmicutes;c__Clostridia;o__Clostridiales;f__Ruminococcaceae;g__Ruminococcus;s__Ruminococcus_callidus	k__Bacteria;p__Bacteroidetes;c__Bacteroidia;o__Bacteroidales;f__Rikenellaceae;g__Alistipes;s__Alistipes_senegalensis	k__Bacteria;p__Firmicutes;c__Clostridia;o__Clostridiales;f__Lachnospiraceae;g__Blautia;s__Blautia_sp._KLE_1732	k__Bacteria;p__Bacteroidetes;c__Bacteroidia;o__Bacteroidales;f__Bacteroidaceae;g__Bacteroides;s__Bacteroides_oleiciplenus	k__Bacteria;p__Firmicutes;c__Clostridia;o__Clostridiales;f__Ruminococcaceae;g__Ruminococcus;s__Ruminococcus_bicirculans	k__Bacteria;p__Bacteroidetes;c__Bacteroidia;o__Bacteroidales;f__Bacteroidaceae;g__Bacteroides;s__Bacteroides_fluxus	k__Bacteria;p__Bacteroidetes;c__Bacteroidia;o__Bacteroidales;f__Prevotellaceae;g__Prevotella;s__Prevotella_stercorea	k__Bacteria;p__Firmicutes;c__Clostridia;o__Clostridiales;f__Lachnospiraceae;g__Dorea;s__Dorea_longicatena	k__Bacteria;p__Firmicutes;c__Clostridia;o__Clostridiales;f__Eubacteriaceae;g__Eubacterium;s__[Eubacterium]_eligens	k__Bacteria;p__Firmicutes;c__Clostridia;o__Clostridiales;f__Ruminococcaceae;g__;s__Ruminococcaceae_bacterium_D16	k__Bacteria;p__Firmicutes;c__Clostridia;o__Clostridiales;f__Lachnospiraceae;g__Coprococcus;s__Coprococcus_comes	k__Bacteria;p__Proteobacteria;c__Gammaproteobacteria;o__Enterobacterales;f__Enterobacteriaceae;g__Escherichia;s__Escherichia_coli	k__Bacteria;p__Firmicutes;c__Clostridia;o__Clostridiales;f__Ruminococcaceae;g__Anaerotruncus;s__Anaerotruncus_colihominis	k__Bacteria;p__Firmicutes;c__Clostridia;o__Clostridiales;f__Lachnospiraceae;g__Blautia;s__Blautia_obeum	k__Bacteria;p__Bacteroidetes;c__Bacteroidia;o__Bacteroidales;f__Odoribacteraceae;g__Odoribacter;s__Odoribacter_laneus	k__Bacteria;p__Firmicutes;c__Clostridia;o__Clostridiales;f__Ruminococcaceae;g__Ruminiclostridium;s__[Clostridium]_leptum	k__Bacteria;p__Bacteroidetes;c__Bacteroidia;o__Bacteroidales;f__Porphyromonadaceae;g__Parabacteroides;s__Parabacteroides_goldsteinii	k__Bacteria;p__Firmicutes;c__Clostridia;o__Clostridiales;f__Lachnospiraceae;g__Anaerostipes;s__Anaerostipes_hadrus	k__Bacteria;p__Firmicutes;c__Clostridia;o__Clostridiales;f__Ruminococcaceae;g__Ruminococcus;s__Ruminococcus_lactaris	k__Bacteria;p__Firmicutes;c__Clostridia;o__Clostridiales;f__Clostridiaceae;g__Clostridium;s__Clostridium_sp._L2-50	k__Bacteria;p__Firmicutes;c__Clostridia;o__Clostridiales;f__Clostridiaceae;g__Clostridium;s__Clostridium_sp._M62/1	k__Bacteria;p__Firmicutes;c__Clostridia;o__Clostridiales;f__;g__Intestinimonas;s__Intestinimonas_butyriciproducens	k__Bacteria;p__Actinobacteria;c__Actinobacteria;o__Bifidobacteriales;f__Bifidobacteriaceae;g__Bifidobacterium;s__Bifidobacterium_bifidum	k__Bacteria;p__Firmicutes;c__Negativicutes;o__Veillonellales;f__Veillonellaceae;g__Dialister;s__Dialister_invisus	k__Bacteria;p__Bacteroidetes;c__Bacteroidia;o__Bacteroidales;f__Bacteroidaceae;g__Bacteroides;s__Bacteroides_salanitronis
k__Bacteria;p__Bacteroidetes;c__Bacteroidia;o__Bacteroidales;f__Bacteroidaceae;g__Bacteroides;s__Bacteroides_vulgatus	1.0	0.044649224183	0.0259475715672	-0.0312933109117	0.027929361098	0.0298970373202	-0.0255119284865	0.0235103549586	0.0398704503307	0.00587147867914	-0.0304799565978	-0.0540615442296	-0.00653828232603	-0.0628837991456	-0.0373998246501	0.0203115627431	-0.0139076686188	-0.0257236054873	-0.0269076781382	-0.0427381373732	-0.0741270957691	0.0388799692362	0.0134276960231	-0.0435112087433	0.00797183723181	0.00154368381509	-0.0234584663199	-0.0100100932578	-0.0625143846439	0.0558821810582	-0.0164273295538	0.000166231547407	-0.00605663688744	-0.0410581348696	0.0348003989325	0.0316147057241	0.0523095578854	0.0251341945322	-0.0213709814336	-0.0500473001696	0.0391807572905	0.0553805325981	-0.0764403651254	0.0162936764922	-0.00776390096241	-0.0476568593262	0.0181773535187	0.0403013914431	-0.0353912345128	-0.0204389393434	0.0521555262631	0.0394722949013	0.0623916645479	-0.0227627011826	0.0114490087972	-0.0326023970669	0.0156106182559	-0.0193749253755	-0.00298435366811
k__Bacteria;p__Bacteroidetes;c__Bacteroidia;o__Bacteroidales;f__Bacteroidaceae;g__Bacteroides;s__Bacteroides_uniformis	0.044649224183	1.0	-0.0451598377076	0.0134111775333	-0.0446409798422	-0.0678700650485	-0.0384295395228	-0.021702795041	-0.0431216960939	0.032119865316	0.0161852280744	-0.00999695665613	0.0594467562568	0.0649366762238	-0.0655280045605	0.0615646102809	-0.0497459982306	-0.00245931047103	0.00402820457845	-0.074478199444	-0.0370966814857	0.0278428823309	0.00624866087319	-0.0517390417168	0.0193486287093	0.0163170433115	0.0554165048347	-0.00168181097186	0.00610938937957	-0.0276301926883	0.0478294470135	-0.000531815126357	0.0313151366298	0.00641294612168	0.000465062115878	-0.0294558283831	0.0132636483437	-0.0155259598688	-0.0064007730748	0.0190433314375	0.0207033224128	-0.0219885950039	-0.0203871778154	-0.0756004077561	0.0243360962688	0.00320623360988	-0.0795188357392	0.0269030386805	-0.00912982027783	-0.0742622921969	-0.0313260389221	0.0274675171979	-0.00986904785211	-0.0378586123861	-0.0662250163145	-0.00463104171277	-0.0117308273885	-0.00352083316756	-0.032200543704
k__Bacteria;p__Bacteroidetes;c__Bacteroidia;o__Bacteroidales;f__Rikenellaceae;g__Alistipes;s__Alistipes_putredinis	0.0259475715672	-0.0451598377076	1.0	-0.0293931842243	-0.00410137811963	-0.0558022252733	0.0148333607592	-0.0118741295466	-0.0178062001787	0.0019591515671	-0.0149622597647	-0.025390292945	-0.0210848831844	-0.00162033609983	-0.0325976270997	-0.0460181691631	0.0134201065987	-0.11186911351	0.0432202696274	-0.0156230205554	-0.0631685793568	0.0123323515792	-0.0526899774169	0.0550241274318	0.0110123223456	0.013202919341	-0.109874435191	-0.0464008600925	-0.051724092429	0.113399599622	-0.0115610437268	-0.0273885828827	-0.0155104052503	-0.0476469385721	0.0118180546445	0.0368091496488	0.0693118728831	-0.0450821909234	-0.077307497855	0.0399218484812	-0.0334018617236	-0.00203361738163	-0.00318223953312	-0.000606439027616	-0.0617373147482	-0.0640583847118	-0.0564556776671	-0.00769480992	-0.074239102005	-0.0256762914766	-0.102522463629	0.0248288663112	0.071882495973	0.0330139479279	0.00235254188643	-0.0359271865011	0.0129028176629	-0.00257697194485	-0.0948284613439
k__Bacteria;p__Bacteroidetes;c__Bacteroidia;o__Bacteroidales;f__Prevotellaceae;g__Prevotella;s__Prevotella_copri	-0.0312933109117	0.0134111775333	-0.0293931842243	1.0	-0.0357183352285	-0.000471150393665	-0.140948280912	-0.0892348321494	-0.00769937156443	0.08268620748	0.0140241586228	-0.0762957176524	0.0147523323725	0.0151136895929	-0.0274278252952	-0.00475485456208	0.00891590169648	-0.00503524153451	0.00170816230287	-0.0506387640167	-0.00691841879227	-0.0265783261634	0.0490243838711	-0.01512440267	-0.0848325785513	-0.130051944201	-0.0210701491531	0.0312820930209	-0.00640088474893	0.00337903081039	-0.0412094112716	0.00881426734231	0.059937115152	0.043238154292	-0.0232096853113	0.00751022978533	-0.0325387409043	-0.00410342604853	0.0587601952682	0.0171869833878	-0.0145305545097	0.0126337247595	-0.0101753473498	0.050957555981	-0.0988768153821	-0.0483403379767	0.0339904146771	-0.0686349563809	0.0556688961918	0.0175363837384	-0.0084615232394	0.0859967874934	-0.0424584247236	-0.0519313178078	-0.0503759497158	-0.0205739631772	0.0322693213158	0.0240074912065	0.0302990078207
k__Bacteria;p__Bacteroidetes;c__Bacteroidia;o__Bacteroidales;f__Bacteroidaceae;g__Bacteroides;s__Bacteroides_stercoris	0.027929361098	-0.0446409798422	-0.00410137811963	-0.0357183352285	1.0	-0.0126198123414	0.0123136387114	0.0340155329292	0.0286682563309	0.0441803512673	-0.0650352230774	0.0542488767586	0.0340264642688	0.0278049029288	-0.00703907522482	-0.00664008173731	0.0311855986175	0.0235670223216	0.0376307721746	0.0733210986075	-0.0424207545639	0.0370338171341	-0.0604521882035	0.0473736901944	-0.0470240742514	-0.0397991957648	0.0103330817818	-0.0012358406	-0.0630781626917	-0.0309400890825	-0.0264701971972	-0.0952976170902	-0.0236511590603	-0.0227550040641	-0.0390818240284	0.0321485015256	0.0727237952076	0.0106639381464	0.0295345710607	-0.0171876812429	-0.0448575521516	0.0272542671509	0.0116278768252	-0.0444560671695	-0.0231597303814	-0.0170164741208	0.000684321163673	-0.00251970426546	-0.0454958410919	-0.00173618752338	-0.0521388522091	-0.00203556906246	0.0343993555921	-0.0419528997864	-0.0496384357048	0.0109611805221	0.00269955321337	-0.024235204545	-0.0406243247501
k__Bacteria;p__Bacteroidetes;c__Bacteroidia;o__Bacteroidales;f__Bacteroidaceae;g__Bacteroides;s__Bacteroides_ovatus	0.0298970373202	-0.0678700650485	-0.0558022252733	-0.000471150393665	-0.0126198123414	1.0	-0.00461653918328	0.0279995334715	-0.0151014590233	-0.0892094051452	-0.0172677996949	0.0585826651201	-0.0487466028215	-0.0242179904624	-0.0717507073918	-0.0533177316931	0.0278712882581	0.015890536831	0.0557438391308	-0.0100634134165	-0.00539489369025	0.0128542701129	-0.0670480273321	-0.0328858062751	0.0298762955768	0.0508395786678	-0.0842277802139	0.0344440533192	-0.0607397842036	-0.0169346595691	0.0328235918983	0.0789767024285	-0.0153929555706	0.0208006682844	-0.0503025104757	-0.0816181820997	0.00214465854985	-0.0217079513212	-0.00158421170153	-0.00812565548668	0.0497129982024	0.00576970796863	-0.0656138757009	0.0214025740552	-0.0672413444687	0.051071009634	0.00103828197809	-0.0433713004877	0.00232548492556	0.00279407000434	-0.00256208150904	-0.0641723405016	-0.0391378597273	-0.0183407565646	0.0185010286194	-0.0512257865486	-0.0346560746702	-0.052407709909	0.0360896658225
k__Bacteria;p__Bacteroidetes;c__Bacteroidia;o__Bacteroidales;f__Rikenellaceae;g__Alistipes;s__Alistipes_shahii	-0.0255119284865	-0.0384295395228	0.0148333607592	-0.140948280912	0.0123136387114	-0.00461653918328	1.0	-0.0276972398492	-0.0337169634533	0.00596328992173	-0.0293896954355	0.000235688284772	0.0407286241366	0.00546994964393	0.017224121951	0.0371115393719	0.0369392104511	-0.0588497795782	-0.00746760067165	0.0161400133912	-0.0338211199698	0.00763872858913	0.0233566264549	-0.0591491568472	-0.0970401743393	-0.0283269214957	0.0360733601915	-0.00605070820982	-0.00604472010179	0.00464133157401	-0.0339866437006	-0.0373723189024	-0.0140465257299	0.0676905521355	0.0281288345206	0.035591706636	0.0137623729904	-0.0452333521896	-0.108052488449	-0.095172567568	0.0334952366099	-0.0619793602369	-0.024977608003	0.0103169370175	0.0143237964406	0.00191062883957	-0.0737920990763	-0.00474795789785	0.0713279876722	-0.00370198777033	-0.0117566830855	-0.0124112348407	0.0180459999813	-0.00918985931822	-0.0388112421204	-0.0756552630496	-0.0488300887421	0.00844283659072	0.0186305158412
k__Bacteria;p__Firmicutes;c__Clostridia;o__Clostridiales;f__Ruminococcaceae;g__Faecalibacterium;s__Faecalibacterium_prausnitzii	0.0235103549586	-0.021702795041	-0.0118741295466	-0.0892348321494	0.0340155329292	0.0279995334715	-0.0276972398492	1.0	0.00103893824393	-0.000806720748392	-0.0664731854059	-0.011032024049	-0.0410643478378	-0.081456009474	-0.0101430856552	0.030131323084	-0.0683032315735	-0.016382448438	0.0311621155427	-0.00212694630671	0.073058464943	-0.0591824954222	-0.0186390300573	0.0432929444975	-0.0885326683786	0.00545703219888	-0.052415336127	-0.120002958337	-0.0324339172239	0.0286154772624	0.0422936172268	-0.016482853078	-0.0499440418112	-0.0188295739627	-0.0123113829625	-0.0580293101882	0.0382452597422	-0.0585040814673	0.0135118575445	-0.0837370024466	-0.0115261082765	-0.0385668692583	-0.0176319997358	0.0122825800701	0.0504082361401	-0.0136185149425	-0.0254759746275	0.0167400751675	0.0178601130965	-0.017572232252	0.0119784192246	-0.00131660104203	-0.0299336181028	0.00127022159218	-0.00104339344473	-0.0280217031114	0.00063384039642	0.0344682102608	0.00559422138141
k__Bacteria;p__Bacteroidetes;c__Bacteroidia;o__Bacteroidales;f__Rikenellaceae;g__Alistipes;s__Alistipes_finegoldii	0.0398704503307	-0.0431216960939	-0.0178062001787	-0.00769937156443	0.0286682563309	-0.0151014590233	-0.0337169634533	0.00103893824393	1.0	0.00437730865455	-0.0184754022755	0.0369893627999	-0.0526951500112	-0.0122980800454	0.0203595373274	0.0147805258812	-0.0595609979845	-0.0127338529017	-0.0252644073464	0.0636587341225	-0.0156494829456	-0.0155715285311	-0.00441343638416	0.0120583755237	0.010378314901	-0.0156372572622	-0.0284928381515	0.052561842709	0.0189180785583	-0.0724305343607	-0.0326898788511	-0.0953442664406	-0.0607425423696	0.0377244733689	-0.0306597199957	-0.029298692505	0.0121037333406	-0.00713199945417	-0.0826780059743	0.0100001980286	-0.0121749755424	-0.0161398394088	0.0233491458325	0.0163228916591	-0.0165459479674	-0.00602200097474	0.0145565133495	-0.0691088664075	0.0298357679137	0.013008180667	0.0121869556231	0.0222700312224	0.0279303902601	-0.087470391127	-0.0238173599034	-0.0768058270052	0.0110123899335	-0.0275663458934	-0.019939685256
k__Bacteria;p__Bacteroidetes;c__Bacteroidia;o__Bacteroidales;f__Porphyromonadaceae;g__Parabacteroides;s__Parabacteroides_distasonis	0.00587147867914	0.032119865316	0.0019591515671	0.08268620748	0.0441803512673	-0.0892094051452	0.00596328992173	-0.000806720748392	0.00437730865455	1.0	-0.0287598244225	-0.0301388985693	0.00718916123984	-0.0355173817029	0.0657409802432	0.01916185153	-0.0177930959242	-0.0143523792891	-0.059079380306	0.0156542767661	-0.000132477664191	0.0213028125901	0.00983659637905	-0.0471197880855	0.0418109581974	-0.0305011300281	0.0175449346586	0.0370201648517	-0.0479217760935	0.0556306133231	-0.0425970464466	0.0294388776041	0.0631787894398	-0.0099559900748	-0.06594250087	-0.0674869328684	-0.00655354720256	-0.03720108414	-0.0082111190665	0.00842712764454	-0.0301939581282	0.00335318246919	-0.00441396054927	-0.0753041950631	-0.0125816533575	-0.0212587622953	0.00978839831205	-0.00519369964099	-0.00649714090386	-0.0103522147155	-0.0275428483177	0.0242991887452	0.0741095130473	-0.0600767357283	-0.104455283123	-0.0393909771426	-0.0363796552868	0.0137981357486	-0.0127093859177
k__Bacteria;p__Bacteroidetes;c__Bacteroidia;o__Bacteroidales;f__Bacteroidaceae;g__Bacteroides;s__Bacteroides_thetaiotaomicron	-0.0304799565978	0.0161852280744	-0.0149622597647	0.0140241586228	-0.0650352230774	-0.0172677996949	-0.0293896954355	-0.0664731854059	-0.0184754022755	-0.0287598244225	1.0	0.0408655541254	0.0142821365576	-0.110280646426	0.0180739167934	0.0586322283939	-0.0047030837334	0.0161919404403	-0.0448207109905	0.0670981053904	0.022801914136	0.042737701231	0.0179878599511	0.030955636589	-0.0422866375876	-0.0101942726697	-0.028860271147	0.0041525913782	-0.0364038374264	-0.06935905187	-0.019300087322	-0.0316869686136	0.023454278808	0.0442607404057	-0.138693433971	-0.0144436365344	-0.00502127743757	0.0277921377674	0.0152586013711	-0.0221846451168	-0.0417766790878	0.059064194444	-0.0232098231959	-0.0777070029996	-0.0669322340056	-0.0213311644276	-0.0231260342827	-0.0274978147621	-0.0231214335551	-0.0604129341244	0.0536272399724	0.0193820266363	0.060916796111	0.105925018854	-0.015449798709	0.0616592398772	0.0265295986259	0.0180637291119	0.0230376860785
k__Bacteria;p__Bacteroidetes;c__Bacteroidia;o__Bacteroidales;f__Bacteroidaceae;g__Bacteroides;s__Bacteroides_coprocola	-0.0540615442296	-0.00999695665613	-0.025390292945	-0.0762957176524	0.0542488767586	0.0585826651201	0.000235688284773	-0.011032024049	0.0369893627999	-0.0301388985693	0.0408655541254	1.0	-0.00314634249198	-0.0301533045147	0.00717178753796	-0.0128312417994	0.0330060650947	0.000500259055785	-0.0895350390992	-0.0610450712153	-0.0103862909361	-0.0680349210471	-0.00357809185296	0.0279891761838	0.0137389968942	0.0287689175717	0.040268746958	-0.0542676481844	0.0121715409248	-0.047985661937	-0.0378232806172	-0.000762077753613	0.0548636620378	-0.03394021361	-0.0900237614977	0.0382154579264	-0.033361421579	0.0230568552744	0.0045162725015	0.0315812150989	0.00589049491429	-0.0606460400424	-0.0784850810809	0.0183617317765	-0.0196521332176	0.0266611671698	0.0356574980054	-0.0325450255177	-0.0684822875119	-0.025189006465	0.0103665961455	-0.0203146692221	-0.0246321283079	0.0241883933186	0.0076642100175	0.0184937842569	-0.0810493380099	-0.0536082940082	0.0242916859154
k__Bacteria;p__Bacteroidetes;c__Bacteroidia;o__Bacteroidales;f__Bacteroidaceae;g__Bacteroides;s__Bacteroides_cellulosilyticus	-0.00653828232603	0.0594467562568	-0.0210848831844	0.0147523323725	0.0340264642688	-0.0487466028215	0.0407286241366	-0.0410643478378	-0.0526951500112	0.00718916123984	0.0142821365576	-0.00314634249198	1.0	-0.000203737059174	0.0410063351113	0.00127632655625	0.0611124353581	-0.00739785532693	0.0516780723153	0.0266238416598	-0.0557063840269	0.0253078217391	-0.00644289384151	0.0369570374886	-0.0248366818884	-0.0229322115331	-0.0252534957647	0.00445796969314	-0.0413630585579	-0.01666029027	-0.0284962408498	0.0878562694132	0.00804531503453	-0.0286588660052	-0.00740433092466	-0.0424032311997	0.0158692182951	-0.011025740889	0.0677880331993	-0.0387887487256	-0.0642488295115	-0.0464793367756	0.0488040775846	0.00134246997541	-0.0452657352076	-0.0470412594289	-0.0698549769787	-0.000331596133265	-0.0615058094845	0.000510218504913	-0.017131785549	-0.110668929476	-0.0173382974801	0.05600192503	0.00321693238808	-0.0501253287676	0.0188540527161	0.0291293144791	-0.0234978707825
k__Bacteria;p__Bacteroidetes;c__Bacteroidia;o__Bacteroidales;f__Rikenellaceae;g__Alistipes;s__Alistipes_obesi	-0.0628837991456	0.0649366762238	-0.00162033609983	0.0151136895929	0.0278049029288	-0.0242179904624	0.00546994964393	-0.081456009474	-0.0122980800454	-0.0355173817029	-0.110280646426	-0.0301533045147	-0.000203737059174	1.0	-0.0310684291486	-0.0540111138803	-0.0166123329961	0.0423905661842	0.0122080256063	0.0724249181925	0.0647466080468	-0.0870962157774	0.0484934976713	0.00571149156914	0.0110363699713	-0.0175880286227	-0.0413493051995	-0.0304814417058	0.0297008982025	-0.0399519211442	0.0432567767904	-0.0532602277218	-0.0120582277434	-0.0645500582038	0.0128677347593	-0.0100755314858	0.0828030563326	-0.00667858629518	-0.0952742951833	-0.0337668623816	0.0392594601577	-0.0170023174771	-0.0116857885478	0.00756912188639	0.000475196241575	0.0271593115554	-0.0246375533307	0.012431859431	-0.022224719695	-0.00838197611453	-0.00598970721585	-0.0294458921729	-0.038554560904	-0.0126099298789	0.0116044100364	0.0331215092804	-0.00769729326942	0.0443868538426	0.0201250623093
k__Bacteria;p__Firmicutes;c__Clostridia;o__Clostridiales;f__Lachnospiraceae;g__;s__[Eubacterium]_rectale	-0.0373998246501	-0.0655280045605	-0.0325976270997	-0.0274278252952	-0.00703907522482	-0.0717507073918	0.017224121951	-0.0101430856552	0.0203595373274	0.0657409802432	0.0180739167934	0.00717178753796	0.0410063351113	-0.0310684291486	1.0	-0.0831532461779	-0.0953197095225	-0.00621825490912	0.00714846390672	0.0364033085139	0.0256398832444	0.0342362369278	-0.00597976292383	0.00854653359869	-0.0738739093593	-0.0279982254495	-0.0321343346602	-0.0978338411607	0.00996267894249	0.0328524913034	-0.0432748784965	-0.0349093162643	0.0539641049352	-0.0471868913419	-0.0261119168506	0.012422565739	-0.00462620440275	-0.00541513855846	0.0027400109018	0.00853912483027	-0.0313209397703	-0.0100841961468	0.107554914766	-0.0639170769989	0.0195919330268	0.0416188635447	-0.0306624459324	-0.0633912368321	-0.0492629235463	0.0481754527661	0.0482879640253	-0.0396971156042	0.00415692450577	-0.00327072322454	0.0162195045641	0.0838053505645	0.0200071221495	-0.097145898548	-0.0157787768171
k__Bacteria;p__Bacteroidetes;c__Bacteroidia;o__Bacteroidales;f__Bacteroidaceae;g__Bacteroides;s__Bacteroides_plebeius	0.0203115627431	0.0615646102809	-0.0460181691631	-0.00475485456208	-0.00664008173731	-0.0533177316931	0.0371115393719	0.030131323084	0.0147805258812	0.01916185153	0.0586322283939	-0.0128312417994	0.00127632655625	-0.0540111138803	-0.0831532461779	1.0	-0.0429924309014	-0.0580861406402	-0.0326988101701	-0.00203061654712	-0.134494583318	-0.0677308587373	0.0602931979886	-0.0823987432129	-0.00513369415533	0.0236335550978	0.0761627870268	0.00653788272741	0.0146638689688	-0.00844910986035	-0.0406051770062	0.00200532064599	-0.0413080620023	-0.00747973018815	0.0673688825901	-0.0139617018242	-0.000132257301849	0.0304572005748	0.0536242662357	0.0270987722194	0.00417002434575	-0.0472176204677	-0.0742846991521	0.0157529398802	0.0183693216883	-0.0146524299567	0.0044465931437	-0.0107801321609	-0.013063648006	-0.0322038819639	-0.00281353098911	-0.0456489893779	0.0082667815889	0.0067918366185	-0.0274548765462	-0.0393775430198	0.015984936478	-0.0274061457775	-0.0196102923109
k__Bacteria;p__Bacteroidetes;c__Bacteroidia;o__Bacteroidales;f__Bacteroidaceae;g__Bacteroides;s__Bacteroides_fragilis	-0.0139076686188	-0.0497459982306	0.0134201065987	0.00891590169648	0.0311855986175	0.0278712882581	0.0369392104511	-0.0683032315735	-0.0595609979845	-0.0177930959242	-0.0047030837334	0.0330060650947	0.0611124353581	-0.0166123329961	-0.0953197095225	-0.0429924309014	1.0	-0.00994497059849	-0.0814764838387	-0.012825447952	-0.0681868321711	-0.0455405101227	-0.037769886672	-0.107033964112	-0.000234302004915	0.0841730971597	-0.0293658543954	0.00115296531152	0.00413190003095	0.0220367492975	-0.00835889773815	0.0298837822193	-0.0310368207417	-0.0748989929444	-0.0416291120725	0.0676183662503	-0.0142410590766	0.0639032472528	-0.0113334775758	0.0477832668829	-0.0244376199607	-0.017258620736	0.0141816826063	0.0996197800228	-0.0147032015901	0.0536616593048	-0.0144384618773	-0.033607027351	-0.00664331401371	-0.0394919362736	0.0112400247291	0.0385961396056	0.0268902150572	-0.00408300817574	-0.0126751071524	-0.0467521943916	0.0628423879093	-0.0560330139605	-0.0472121531344
k__Bacteria;p__Proteobacteria;c__Betaproteobacteria;o__Burkholderiales;f__Sutterellaceae;g__Sutterella;s__Sutterella_wadsworthensis	-0.0257236054873	-0.00245931047103	-0.11186911351	-0.00503524153451	0.0235670223216	0.015890536831	-0.0588497795782	-0.016382448438	-0.0127338529017	-0.0143523792891	0.0161919404403	0.000500259055785	-0.00739785532693	0.0423905661842	-0.00621825490912	-0.0580861406402	-0.00994497059849	1.0	0.0331097343727	-0.0424399431299	-0.058686029261	-0.132576274154	0.0943684121576	-0.0225161336047	0.0996005082653	0.0252326167116	-0.0522682539032	0.027177543301	0.0124721404427	-0.00525159739134	-0.0325666101606	-0.0500984157437	-0.0408703070087	-0.0642127714886	-0.0316761438263	-0.0423260755549	-0.0514471715631	0.00976375728531	-0.0465077584681	-0.0283769861226	-0.0350883488668	-0.010186888922	-0.0231535631783	-0.0814638938888	0.00384966205797	-0.0318501898757	-0.0480572716189	0.0133650589433	-0.0436239021155	0.00686051088418	-0.0157839397092	-0.0536494107591	0.0266842210564	0.0329821034463	-0.00574644288953	0.00292796937508	0.00616782199104	-0.0506958649515	-0.0312102692949
k__Bacteria;p__Bacteroidetes;c__Bacteroidia;o__Bacteroidales;f__Porphyromonadaceae;g__Barnesiella;s__Barnesiella_intestinihominis	-0.0269076781382	0.00402820457845	0.0432202696274	0.00170816230287	0.0376307721746	0.0557438391308	-0.00746760067165	0.0311621155427	-0.0252644073464	-0.059079380306	-0.0448207109905	-0.0895350390992	0.0516780723153	0.0122080256063	0.00714846390672	-0.0326988101701	-0.0814764838387	0.0331097343727	1.0	-0.0307748853155	0.0186589372971	-0.0188824699824	-0.0196108682764	-0.00964746210524	-0.00478817702298	0.0268165490218	-0.0157444250062	-0.00987084349626	-0.00976409659031	-0.0529289757367	-0.00898277940204	-0.000379215905483	-0.0590655112835	0.0488740141084	0.0388775905095	0.037578110463	0.0051353396281	0.0139840417095	0.00665632447979	-0.05950468188	-0.00977728660017	-0.0272417094669	0.0211404033535	-0.063023508983	0.0142795783743	-0.0647571484856	-0.0155258020759	-0.00982947031622	0.0148635883507	-0.0256806259114	-0.0639285330926	0.0187462247802	-0.00402539596124	-0.00700081337544	0.0468503854217	-0.0179231283345	-0.04480839666	-0.0122879039943	0.0131912824149
k__Bacteria;p__Bacteroidetes;c__Bacteroidia;o__Bacteroidales;f__Odoribacteraceae;g__Odoribacter;s__Odoribacter_splanchnicus	-0.0427381373732	-0.074478199444	-0.0156230205554	-0.0506387640167	0.0733210986075	-0.0100634134165	0.0161400133912	-0.00212694630671	0.0636587341225	0.0156542767661	0.0670981053904	-0.0610450712153	0.0266238416598	0.0724249181925	0.0364033085139	-0.00203061654712	-0.012825447952	-0.0424399431299	-0.0307748853155	1.0	-0.0199011993301	0.0547869088524	-0.000154904038911	0.0313675876669	-0.0550588517854	-0.0467979418612	-0.0290687282324	-0.0293694830705	-0.000474724633793	-0.0119113045031	0.031064103656	-0.0285099675537	0.00295455621666	-0.0635925902034	-0.0623167640207	-0.0356097551998	0.0122916034577	0.000220225111239	0.0302533716587	0.0720219156393	-0.000656224602917	0.0375281931378	-0.0159587353243	0.0087869629751	-0.0235248192966	-0.0199309451494	-0.0795651266774	0.0687010453543	-0.0292541047485	-0.0553589558147	-0.00575617248931	-0.00909147144461	-0.00521446654519	0.0174411136136	-0.0755649813264	0.00778460612645	0.0262629573431	-0.0773483692696	-0.0462546473768
k__Bacteria;p__Bacteroidetes;c__Bacteroidia;o__Bacteroidales;f__Bacteroidaceae;g__Bacteroides;s__Bacteroides_salyersiae	-0.0741270957691	-0.0370966814857	-0.0631685793568	-0.00691841879227	-0.0424207545639	-0.00539489369025	-0.0338211199698	0.073058464943	-0.0156494829456	-0.000132477664191	0.022801914136	-0.0103862909361	-0.0557063840269	0.0647466080468	0.0256398832444	-0.134494583318	-0.0681868321711	-0.058686029261	0.0186589372971	-0.0199011993301	1.0	0.0124987218143	-0.0305080709994	-0.0616127913867	-0.0698774841482	-0.0198075971294	-0.0853835638335	0.0285852584518	-0.0330131793556	-0.0291664773407	0.036986157781	-0.0206071506476	0.0888811379261	0.0250768645192	-0.0677230445873	-0.071922487597	-0.0264926009381	0.0343231932871	0.0299664520124	-0.060028412753	0.0260952726507	-0.0534935629029	0.0679032037443	-0.00123418145939	0.00858544155906	-0.0721494344783	0.0533910599264	-0.00118026681619	0.0132079220162	-0.0550099195974	-0.0751849125118	0.0781680658959	-0.0642456975981	-0.0605595805106	0.0157675895065	0.0475391454083	0.0296914127455	0.0637107986977	-0.0065355704772
k__Bacteria;p__Firmicutes;c__Clostridia;o__Clostridiales;f__Ruminococcaceae;g__Ruminiclostridium;s__[Eubacterium]_siraeum	0.0388799692362	0.0278428823309	0.0123323515792	-0.0265783261634	0.0370338171341	0.0128542701129	0.00763872858913	-0.0591824954222	-0.0155715285311	0.0213028125901	0.042737701231	-0.0680349210471	0.0253078217391	-0.0870962157774	0.0342362369278	-0.0677308587373	-0.0455405101227	-0.132576274154	-0.0188824699824	0.0547869088524	0.0124987218143	1.0	-0.024138236365	-0.037055914853	0.0480150103875	-0.0276711642093	-0.00908907607277	-0.0127294023309	0.0146426150761	-0.00333936923139	-0.0494457515496	-0.0760678074961	0.0158445511946	0.00143389471332	0.0164596031897	-0.0185248611686	-0.0483691001092	-0.0499151029187	-0.0518642800985	-0.076457655344	-0.0328212163775	-0.0500047777023	-0.0478893700014	0.0403157144586	-0.0361138027721	-0.0331104917317	0.00242739185949	0.0180739981749	-0.00251888822659	-0.00194989997517	-0.0492920235647	0.0470361060697	-0.00896209060371	-0.0102789297391	0.0029729496242	0.0186056735453	-0.0485437556757	-0.0638549533497	0.0870973970725
k__Bacteria;p__Proteobacteria;c__Betaproteobacteria;o__Burkholderiales;f__Sutterellaceae;g__Parasutterella;s__Parasutterella_excrementihominis	0.0134276960231	0.00624866087319	-0.0526899774169	0.0490243838711	-0.0604521882035	-0.0670480273321	0.0233566264549	-0.0186390300573	-0.00441343638416	0.00983659637905	0.0179878599511	-0.00357809185296	-0.00644289384151	0.0484934976713	-0.00597976292383	0.0602931979886	-0.037769886672	0.0943684121576	-0.0196108682764	-0.000154904038911	-0.0305080709994	-0.024138236365	1.0	0.0305102955824	-0.00204754143929	0.00630049524158	-0.0419982228679	-0.0381552638694	0.0501119302021	-0.0160405112469	0.0327424879164	0.0357477068521	-0.117590329794	0.0157101163841	0.0104732411979	-0.0621801585764	-0.0170584585001	-0.00349578605067	0.0214897733665	-0.0503245612765	0.0287736075794	0.0387901772735	0.0396039859015	0.0218249419642	-0.010329361612	0.014643558163	-0.0232531824715	0.0533543213594	0.00126813922113	-0.0801167669448	0.0119503682195	0.0383645587601	0.0134750890503	0.0254678299193	-0.0151418819278	-0.0121705062158	-0.0304659337247	0.00125691383577	-0.0143069201383
k__Bacteria;p__Actinobacteria;c__Actinobacteria;o__Bifidobacteriales;f__Bifidobacteriaceae;g__Bifidobacterium;s__Bifidobacterium_adolescentis	-0.0435112087433	-0.0517390417168	0.0550241274318	-0.01512440267	0.0473736901944	-0.0328858062751	-0.0591491568472	0.0432929444975	0.0120583755237	-0.0471197880855	0.030955636589	0.0279891761838	0.0369570374886	0.00571149156914	0.00854653359869	-0.0823987432129	-0.107033964112	-0.0225161336047	-0.00964746210524	0.0313675876669	-0.0616127913867	-0.037055914853	0.0305102955824	1.0	-0.130718699787	0.0189692591633	0.0232946632682	0.0507380284129	-0.0205895074478	0.0150311730028	-0.0565704110548	-0.000969426783004	-0.0644984118371	-0.0599255796738	-0.0175285060786	-0.00692690269644	0.0220848245259	-0.0258318929102	-0.005952427301	-0.0238285459912	-0.0300345195394	0.0222377384435	0.0285503121061	-0.0256164322615	0.0476100327792	0.00743876387561	-0.0146182818493	-7.53270080504e-05	0.0480335672842	0.0443617248609	-0.00674313806786	-0.0447715316699	-0.0541761182212	0.0876070959158	0.0135475017126	-0.04464532731	-0.0147574723393	-0.00459241455668	-0.0627422021443
k__Bacteria;p__Firmicutes;c__Clostridia;o__Clostridiales;f__Oscillospiraceae;g__Oscillibacter;s__Oscillibacter_sp._KLE_1745	0.00797183723181	0.0193486287093	0.0110123223456	-0.0848325785513	-0.0470240742514	0.0298762955768	-0.0970401743393	-0.0885326683786	0.010378314901	0.0418109581974	-0.0422866375876	0.0137389968942	-0.0248366818884	0.0110363699713	-0.0738739093593	-0.00513369415533	-0.000234302004915	0.0996005082653	-0.00478817702298	-0.0550588517854	-0.0698774841482	0.0480150103875	-0.00204754143929	-0.130718699787	1.0	0.0353816034481	-0.0664627455708	-0.0300379112083	0.0104951723455	0.0155736386796	0.0160931592924	0.0400780893202	-0.00678366372131	0.047583201734	0.0290951774021	-0.0221478164386	-0.0874252479259	-0.020800255948	-0.0495914404663	0.00114570232418	0.0187251209158	0.0570251644817	-0.0143972029096	-0.0657773050515	-0.0190338893564	-0.00261655957428	-0.0187862589735	-0.0303193271267	-0.000814989899402	0.00711424015835	-0.0439776848593	0.00308787482705	0.000304707448127	-0.0474065227562	0.0111526931295	-0.00958631473422	-0.0399398816677	0.0109895206007	-0.0239771930325
k__Bacteria;p__Bacteroidetes;c__Bacteroidia;o__Bacteroidales;f__Bacteroidaceae;g__Bacteroides;s__Bacteroides_coprophilus	0.00154368381509	0.0163170433115	0.013202919341	-0.130051944201	-0.0397991957648	0.0508395786678	-0.0283269214957	0.00545703219888	-0.0156372572622	-0.0305011300281	-0.0101942726697	0.0287689175717	-0.0229322115331	-0.0175880286227	-0.0279982254495	0.0236335550978	0.0841730971597	0.0252326167116	0.0268165490218	-0.0467979418612	-0.0198075971294	-0.0276711642093	0.00630049524158	0.0189692591633	0.0353816034481	1.0	0.0538157445737	-0.00370763136656	-0.0499171042365	-0.0488038242418	-0.0311284604901	0.0697476667397	-0.0125288408567	-0.0182135067532	-0.0245823568749	-0.111035468575	0.00673031882855	-0.0453121265539	-0.0565344501962	-0.0662145789461	0.0110503821712	-0.0252595423929	-0.0424727263876	-0.00124608939035	0.018036597916	-0.0322731642921	-0.0349377580861	0.0545900854745	0.00708569822406	-0.0214349153308	0.0233302264086	-0.0304465500376	0.01119798958	-0.0104214334102	0.0512970333385	0.0657392842406	0.0238230334819	0.00349735217755	-0.0532910168465
k__Bacteria;p__Firmicutes;c__Clostridia;o__Clostridiales;f__Lachnospiraceae;g__Roseburia;s__Roseburia_intestinalis	-0.0234584663199	0.0554165048347	-0.109874435191	-0.0210701491531	0.0103330817818	-0.0842277802139	0.0360733601915	-0.052415336127	-0.0284928381515	0.0175449346586	-0.028860271147	0.040268746958	-0.0252534957647	-0.0413493051995	-0.0321343346602	0.0761627870268	-0.0293658543954	-0.0522682539032	-0.0157444250062	-0.0290687282324	-0.0853835638335	-0.00908907607277	-0.0419982228679	0.0232946632682	-0.0664627455708	0.0538157445737	1.0	0.0560975962792	0.0365027459707	-0.0309763747082	0.00076518955677	-0.0135369396588	0.0196214923581	-0.0321015308406	0.00396135289638	-0.068915684668	-0.0339509185204	-0.0192755996444	-0.00684370085763	0.00728269433465	0.0176655573796	0.0379961288537	0.0287441228017	0.05188964141	0.0186100071015	-0.00771762667867	0.0204965273731	-0.0276937905862	0.00671922675644	0.117966776992	0.00718049786809	0.0219962675585	-0.0618078263942	0.0599505494723	-0.0105575747881	-0.0333686094672	-0.0356235838951	-0.0240443349404	-0.00323586836093
k__Bacteria;p__Firmicutes;c__Clostridia;o__Clostridiales;f__Lachnospiraceae;g__Roseburia;s__Roseburia_hominis	-0.0100100932578	-0.00168181097186	-0.0464008600925	0.0312820930209	-0.0012358406	0.0344440533192	-0.00605070820982	-0.120002958337	0.052561842709	0.0370201648517	0.0041525913782	-0.0542676481844	0.00445796969314	-0.0304814417058	-0.0978338411607	0.00653788272741	0.00115296531152	0.027177543301	-0.00987084349626	-0.0293694830705	0.0285852584518	-0.0127294023309	-0.0381552638694	0.0507380284129	-0.0300379112083	-0.00370763136656	0.0560975962792	1.0	-0.0294472144468	-0.00972242105879	-0.0621070073993	-0.0544331031076	-0.0523433770456	-0.0533174931959	0.062166534134	0.00441583106523	-0.0156463970368	-0.00601121641401	-0.0214794514018	-0.0294731721311	0.020979034127	0.00129562825356	-0.00127890180999	-0.043518399592	-0.0371395430456	-0.00698115763544	-0.00808148157674	-0.00751603666881	0.00418414020815	0.0415654672565	-0.0388959189395	-0.0343006984697	-0.0171557651534	-0.021900812937	0.00155480824734	-0.0525260926504	0.0210249439873	0.0220898196088	0.0229073608871
k__Bacteria;p__Bacteroidetes;c__Bacteroidia;o__Bacteroidales;f__Porphyromonadaceae;g__Parabacteroides;s__Parabacteroides_johnsonii	-0.0625143846439	0.00610938937957	-0.051724092429	-0.00640088474893	-0.0630781626917	-0.0607397842036	-0.00604472010179	-0.0324339172239	0.0189180785583	-0.0479217760935	-0.0364038374264	0.0121715409248	-0.0413630585579	0.0297008982025	0.00996267894249	0.0146638689688	0.00413190003095	0.0124721404427	-0.00976409659031	-0.000474724633793	-0.0330131793556	0.0146426150761	0.0501119302021	-0.0205895074478	0.0104951723455	-0.0499171042365	0.0365027459707	-0.0294472144468	1.0	0.0326382482616	0.00829072713393	0.0200846937023	-0.0201989564927	0.00848789680123	0.0447738789329	-0.0014582511285	0.00278173348184	-0.0389014774797	-0.0266938963032	0.00862842318964	-0.0411222590509	-0.101693852113	-0.0209012856625	0.0470948344111	0.0462689605591	-0.0480112700004	0.00288226274252	0.0256111613697	-0.00384845071825	-0.03671226976	0.0454345163603	0.00219057327256	-0.0173782514755	-0.0259542459038	-0.0403027275097	-0.0261454560384	-0.0714301085039	0.0153983808596	0.0197139119706
k__Bacteria;p__Actinobacteria;c__Actinobacteria;o__Bifidobacteriales;f__Bifidobacteriaceae;g__Bifidobacterium;s__Bifidobacterium_longum	0.0558821810582	-0.0276301926883	0.113399599622	0.00337903081039	-0.0309400890825	-0.0169346595691	0.00464133157401	0.0286154772624	-0.0724305343607	0.0556306133231	-0.06935905187	-0.047985661937	-0.01666029027	-0.0399519211442	0.0328524913034	-0.00844910986035	0.0220367492975	-0.00525159739134	-0.0529289757367	-0.0119113045031	-0.0291664773407	-0.00333936923139	-0.0160405112469	0.0150311730028	0.0155736386796	-0.0488038242418	-0.0309763747082	-0.00972242105879	0.0326382482616	1.0	0.0143660404347	-0.0467900632698	-0.0446717205774	0.0447599245461	-0.022526627126	-0.0309327417977	-0.00869692725707	-0.00216862712392	0.0274773685801	0.0117240280062	-0.0270647108284	-0.0429128624899	0.0081903172116	0.0272389705716	-0.0290620800908	0.0256353447534	-0.0439726517505	-0.0105514009307	-0.016802734199	-0.0339188939729	-0.00992694342842	0.0117224163572	0.00016386822066	0.0127210590204	-0.0564134153351	0.0340031834883	0.036733834158	-0.0519570537338	0.0650566476392
