#taxonomy	k__Bacteria;p__Bacteroidetes;c__Bacteroidia;o__Bacteroidales;f__Bacteroidaceae;g__Bacteroides;s__Bacteroides_vulgatus	k__Bacteria;p__Bacteroidetes;c__Bacteroidia;o__Bacteroidales;f__Bacteroidaceae;g__Bacteroides;s__Bacteroides_uniformis	k__Bacteria;p__Bacteroidetes;c__Bacteroidia;o__Bacteroidales;f__Rikenellaceae;g__Alistipes;s__Alistipes_putredinis	k__Bacteria;p__Bacteroidetes;c__Bacteroidia;o__Bacteroidales;f__Prevotellaceae;g__Prevotella;s__Prevotella_copri	k__Bacteria;p__Bacteroidetes;c__Bacteroidia;o__Bacteroidales;f__Bacteroidaceae;g__Bacteroides;s__Bacteroides_stercoris	k__Bacteria;p__Bacteroidetes;c__Bacteroidia;o__Bacteroidales;f__Bacteroidaceae;g__Bacteroides;s__Bacteroides_ovatus	k__Bacteria;p__Bacteroidetes;c__Bacteroidia;o__Bacteroidales;f__Rikenellaceae;g__Alistipes;s__Alistipes_shahii	k__Bacteria;p__Firmicutes;c__Clostridia;o__Clostridiales;f__Ruminococcaceae;g__Faecalibacterium;s__Faecalibacterium_prausnitzii	k__Bacteria;p__Bacteroidetes;c__Bacteroidia;o__Bacteroidales;f__Rikenellaceae;g__Alistipes;s__Alistipes_finegoldii	k__Bacteria;p__Bacteroidetes;c__Bacteroidia;o__Bacteroidales;f__Porphyromonadaceae;g__Parabacteroides;s__Parabacteroides_distasonis	k__Bacteria;p__Bacteroidetes;c__Bacteroidia;o__Bacteroidales;f__Bacteroidaceae;g__Bacteroides;s__Bacteroides_thetaiotaomicron	k__Bacteria;p__Bacteroidetes;c__Bacteroidia;o__Bacteroidales;f__Bacteroidaceae;g__Bacteroides;s__Bacteroides_coprocola	k__Bacteria;p__Bacteroidetes;c__Bacteroidia;o__Bacteroidales;f__Bacteroidaceae;g__Bacteroides;s__Bacteroides_cellulosilyticus	k__Bacteria;p__Bacteroidetes;c__Bacteroidia;o__Bacteroidales;f__Rikenellaceae;g__Alistipes;s__Alistipes_obesi	k__Bacteria;p__Firmicutes;c__Clostridia;o__Clostridiales;f__Lachnospiraceae;g__;s__[Eubacterium]_rectale	k__Bacteria;p__Bacteroidetes;c__Bacteroidia;o__Bacteroidales;f__Bacteroidaceae;g__Bacteroides;s__Bacteroides_plebeius	k__Bacteria;p__Bacteroidetes;c__Bacteroidia;o__Bacteroidales;f__Bacteroidaceae;g__Bacteroides;s__Bacteroides_fragilis	k__Bacteria;p__Proteobacteria;c__Betaproteobacteria;o__Burkholderiales;f__Sutterellaceae;g__Sutterella;s__Sutterella_wadsworthensis	k__Bacteria;p__Bacteroidetes;c__Bacteroidia;o__Bacteroidales;f__Porphyromonadaceae;g__Barnesiella;s__Barnesiella_intestinihominis	k__Bacteria;p__Bacteroidetes;c__Bacteroidia;o__Bacteroidales;f__Odoribacteraceae;g__Odoribacter;s__Odoribacter_splanchnicus	k__Bacteria;p__Bacteroidetes;c__Bacteroidia;o__Bacteroidales;f__Bacteroidaceae;g__Bacteroides;s__Bacteroides_salyersiae	k__Bacteria;p__Firmicutes;c__Clostridia;o__Clostridiales;f__Ruminococcaceae;g__Ruminiclostridium;s__[Eubacterium]_siraeum	k__Bacteria;p__Proteobacteria;c__Betaproteobacteria;o__Burkholderiales;f__Sutterellaceae;g__Parasutterella;s__Parasutterella_excrementihominis	k__Bacteria;p__Actinobacteria;c__Actinobacteria;o__Bifidobacteriales;f__Bifidobacteriaceae;g__Bifidobacterium;s__Bifidobacterium_adolescentis	k__Bacteria;p__Firmicutes;c__Clostridia;o__Clostridiales;f__Oscillospiraceae;g__Oscillibacter;s__Oscillibacter_sp._KLE_1745	k__Bacteria;p__Bacteroidetes;c__Bacteroidia;o__Bacteroidales;f__Bacteroidaceae;g__Bacteroides;s__Bacteroides_coprophilus	k__Bacteria;p__Firmicutes;c__Clostridia;o__Clostridiales;f__Lachnospiraceae;g__Roseburia;s__Roseburia_intestinalis	k__Bacteria;p__Firmicutes;c__Clostridia;o__Clostridiales;f__Lachnospiraceae;g__Roseburia;s__Roseburia_hominis	k__Bacteria;p__Bacteroidetes;c__Bacteroidia;o__Bacteroidales;f__Porphyromonadaceae;g__Parabacteroides;s__Parabacteroides_johnsonii	k__Bacteria;p__Actinobacteria;c__Actinobacteria;o__Bifidobacteriales;f__Bifidobacteriaceae;g__Bifidobacterium;s__Bifidobacterium_longum	k__Bacteria;p__Firmicutes;c__Clostridia;o__Clostridiales;f__;g__Flavonifractor;s__Flavonifractor_plautii	k__Bacteria;p__Firmicutes;c__Clostridia;o__Clostridiales;f__Clostridiaceae;g__Clostridium;s__Clostridium_phoceensis	k__Bacteria;p__Verrucomicrobia;c__Verrucomicrobiae;o__Verrucomicrobiales;f__Akkermansiaceae;g__Akkermansia;s__Akkermansia_muciniphila	k__Bacteria;p__Bacteroidetes;c__Bacteroidia;o__Bacteroidales;f__Prevotellaceae;g__Paraprevotella;s__Paraprevotella_xylaniphila	k__Bacteria;p__Firmicutes;c__Clostridia;o__Clostridiales;f__Ruminococcaceae;g__Ruminococcus;s__Ruminococcus_callidus	k__Bacteria;p__Bacteroidetes;c__Bacteroidia;o__Bacteroidales;f__Rikenellaceae;g__Alistipes;s__Alistipes_senegalensis	k__Bacteria;p__Firmicutes;c__Clostridia;o__Clostridiales;f__Lachnospiraceae;g__Blautia;s__Blautia_sp._KLE_1732	k__Bacteria;p__Bacteroidetes;c__Bacteroidia;o__Bacteroidales;f__Bacteroidaceae;g__Bacteroides;s__Bacteroides_oleiciplenus	k__Bacteria;p__Firmicutes;c__Clostridia;o__Clostridiales;f__Ruminococcaceae;g__Ruminococcus;s__Ruminococcus_bicirculans	k__Bacteria;p__Bacteroidetes;c__Bacteroidia;o__Bacteroidales;f__Bacteroidaceae;g__Bacteroides;s__Bacteroides_fluxus	k__Bacteria;p__Bacteroidetes;c__Bacteroidia;o__Bacteroidales;f__Prevotellaceae;g__Prevotella;s__Prevotella_stercorea	k__Bacteria;p__Firmicutes;c__Clostridia;o__Clostridiales;f__Lachnospiraceae;g__Dorea;s__Dorea_longicatena	k__Bacteria;p__Firmicutes;c__Clostridia;o__Clostridiales;f__Eubacteriaceae;g__Eubacterium;s__[Eubacterium]_eligens	k__Bacteria;p__Firmicutes;c__Clostridia;o__Clostridiales;f__Ruminococcaceae;g__;s__Ruminococcaceae_bacterium_D16	k__Bacteria;p__Firmicutes;c__Clostridia;o__Clostridiales;f__Lachnospiraceae;g__Coprococcus;s__Coprococcus_comes	k__Bacteria;p__Proteobacteria;c__Gammaproteobacteria;o__Enterobacterales;f__Enterobacteriaceae;g__Escherichia;s__Escherichia_coli	k__Bacteria;p__Firmicutes;c__Clostridia;o__Clostridiales;f__Ruminococcaceae;g__Anaerotruncus;s__Anaerotruncus_colihominis	k__Bacteria;p__Firmicutes;c__Clostridia;o__Clostridiales;f__Lachnospiraceae;g__Blautia;s__Blautia_obeum	k__Bacteria;p__Bacteroidetes;c__Bacteroidia;o__Bacteroidales;f__Odoribacteraceae;g__Odoribacter;s__Odoribacter_laneus	k__Bacteria;p__Firmicutes;c__Clostridia;o__Clostridiales;f__Ruminococcaceae;g__Ruminiclostridium;s__[Clostridium]_leptum	k__Bacteria;p__Bacteroidetes;c__Bacteroidia;o__Bacteroidales;f__Porphyromonadaceae;g__Parabacteroides;s__Parabacteroides_goldsteinii	k__Bacteria;p__Firmicutes;c__Clostridia;o__Clostridiales;f__Lachnospiraceae;g__Anaerostipes;s__Anaerostipes_hadrus	k__Bacteria;p__Firmicutes;c__Clostridia;o__Clostridiales;f__Ruminococcaceae;g__Ruminococcus;s__Ruminococcus_lactaris	k__Bacteria;p__Firmicutes;c__Clostridia;o__Clostridiales;f__Clostridiaceae;g__Clostridium;s__Clostridium_sp._L2-50	k__Bacteria;p__Firmicutes;c__Clostridia;o__Clostridiales;f__Clostridiaceae;g__Clostridium;s__Clostridium_sp._M62/1	k__Bacteria;p__Firmicutes;c__Clostridia;o__Clostridiales;f__;g__Intestinimonas;s__Intestinimonas_butyriciproducens	k__Bacteria;p__Actinobacteria;c__Actinobacteria;o__Bifidobacteriales;f__Bifidobacteriaceae;g__Bifidobacterium;s__Bifidobacterium_bifidum	k__Bacteria;p__Firmicutes;c__Negativicutes;o__Veillonellales;f__Veillonellaceae;g__Dialister;s__Dialister_invisus	k__Bacteria;p__Bacteroidetes;c__Bacteroidia;o__Bacteroidales;f__Bacteroidaceae;g__Bacteroides;s__Bacteroides_salanitronis
k__Bacteria;p__Bacteroidetes;c__Bacteroidia;o__Bacteroidales;f__Bacteroidaceae;g__Bacteroides;s__Bacteroides_vulgatus	1.0	-0.0609092076656	0.0141230392313	0.0245653985775	0.0180478914278	-0.0404103507251	0.0537673515804	-0.0351224063853	-0.0292970208875	-0.0193623945981	-0.0203563098573	-0.0019700533759	-0.115291075334	0.00550612668573	0.0366028135683	0.0890499980067	-0.0308450916274	-0.09213858326	-0.0554236072067	-0.0119831408902	-0.0213991582616	0.0030882440612	0.0394204293782	-0.0348595985102	-0.0910927695049	-0.0394125899694	-0.0144420418522	-0.0230485080628	-0.0168135049949	-0.0109927032578	0.00827936170039	0.0513421792825	0.0384183293447	-0.0280327636946	-0.0534755886	-0.0727884202654	-0.0302540448463	-0.122372606995	-0.0566841932021	-0.0286203802074	-0.0381975703896	0.0552657824148	0.0426926636243	-0.0438502850653	0.0375350081611	0.110537954833	-0.0496625971491	0.0777885053001	0.00873764464692	0.0491963822826	-0.00556434283649	-0.00733384431082	-0.0214163866182	-0.0404435070112	-0.0552743505427	0.0458007349578	0.15104112022	0.0480147497043	-0.0424788657556
k__Bacteria;p__Bacteroidetes;c__Bacteroidia;o__Bacteroidales;f__Bacteroidaceae;g__Bacteroides;s__Bacteroides_uniformis	-0.0609092076656	1.0	-0.110701853573	-0.013878911751	0.0104552660935	-0.0628768354726	-0.0426408466853	-0.0978386880012	0.0500774271301	0.000144509555314	-0.00913111834992	-0.0164679585214	0.0611568680189	-0.000322429377073	-0.0405474536659	-0.0206756299526	-0.00824412468604	0.0338689236177	0.0545438085578	-0.0598535419773	0.0209345356496	0.0636402413224	0.0272294578633	0.00514616209046	0.0584503208916	0.0237134205336	0.0128145343334	0.0216416199802	0.0135953865287	-0.0414771455448	-0.0451045268184	0.00620510836238	0.0239196315243	-0.0644259630308	-0.0459515299744	-0.0610154071122	0.0630202333943	-0.0174634694557	-0.091257974911	-0.0279237950182	0.00913453897991	-0.0157793217859	-0.0522415371484	0.020954994877	0.0246885491264	0.0120232666188	-0.0351438301895	-0.0505646572646	-0.0647698958127	0.0041914483674	0.00454444175564	0.045098967926	-0.0309787638053	-0.0418426546758	-0.0493688662025	-0.000716681612968	-0.0692727854658	-0.052078362111	0.00764957318291
k__Bacteria;p__Bacteroidetes;c__Bacteroidia;o__Bacteroidales;f__Rikenellaceae;g__Alistipes;s__Alistipes_putredinis	0.0141230392313	-0.110701853573	1.0	-0.00879232150793	0.0709824876178	0.0101525470513	-0.0375596665934	0.00520509487018	0.00667439308288	-0.0140449662084	0.0109862741988	-0.0812962398142	0.0373654840988	0.042850470295	0.0113349974701	0.0446761122998	-0.0272597515933	-0.062191726926	-0.051543290532	-0.0444509398005	0.0654029676821	-0.0104644289371	-0.00564166170964	-0.0125206883361	-0.0686153207859	0.0143183658082	0.108929069043	-0.0946981845569	-0.029768985399	-0.00224692685637	-0.0498685436506	-0.0333948264119	0.0175351480881	-0.0741056794488	-0.0055454888582	0.0423128925207	0.0196611383165	-0.0280461871582	-0.0516522463434	-0.0148318466071	0.0691164970197	0.0762988283456	0.0544811234254	-0.0216182696775	0.0339159017066	0.108926766123	0.0473177054348	-0.0190188519707	0.00145633996752	0.00834532688304	-0.077829522221	-0.0031081615998	0.0381009884161	0.0199149376656	0.0420935283318	-0.0870003719759	-0.015495207531	-0.0313284867836	-0.00104536281921
k__Bacteria;p__Bacteroidetes;c__Bacteroidia;o__Bacteroidales;f__Prevotellaceae;g__Prevotella;s__Prevotella_copri	0.0245653985775	-0.013878911751	-0.00879232150793	1.0	0.0622059000345	0.022270500264	0.00905343278376	-0.0303375972259	0.105915197851	-0.0161088974619	-0.0523273343199	-0.0697794104927	-0.038006738474	0.0277067327954	-0.00316001743193	-0.101559628189	-0.0173948026464	-0.0130591739542	-0.000390520408384	-0.0129891556994	-0.0473490428725	-0.0384043859371	0.0243296855373	0.0168640304821	-0.0101132789632	0.0537105366568	0.0310172870839	-0.05373630722	-0.102026890581	0.0443951514401	0.0308484699639	-0.0427514965306	-0.0194173622005	0.0129930644483	0.0409125477995	-0.0342134640593	-0.014542106199	0.0288236970655	0.00925455985147	0.00736707517917	-0.070122755517	-0.0233793205097	-0.0831346248502	0.0181282348857	0.0235110951514	-0.0801420947746	0.00993437169719	0.0203129744754	-0.0723192509776	-0.0273668448568	-0.0952958277238	-0.00424841843679	-0.0408897342597	-0.00180472362908	-0.0359443083615	0.0561855612475	0.0369643729247	-0.000218208276263	-0.0989832095009
k__Bacteria;p__Bacteroidetes;c__Bacteroidia;o__Bacteroidales;f__Bacteroidaceae;g__Bacteroides;s__Bacteroides_stercoris	0.0180478914278	0.0104552660935	0.0709824876178	0.0622059000345	1.0	0.0556230055478	-0.0688207273567	-0.0347543452739	0.0204640221539	0.000741612557183	-0.0759463698083	-0.0145228401758	0.0178632348781	-0.089930864737	-0.00999407125781	-0.0354054173107	-0.0443079446978	-0.0860995597603	0.125667202167	0.0308807628229	0.030281948772	0.0326945460162	-0.0965160975925	0.0399096811746	-0.0318729228643	-0.0875749927506	0.0505521951953	-0.0331059221562	0.00497954952734	-0.0059253194967	-0.0119529800576	-0.0914503826103	-0.0184401911971	-0.0171223886902	-0.0981501987195	-0.0533952708021	-0.0129998083468	-0.0402207585287	0.0279714779211	0.0617803792847	-0.0376107239762	-0.00413564500916	-0.0105238794501	0.0474510938389	0.0321742311069	-0.0103162481404	0.0273893957312	0.00301424495637	-0.0305118693606	-0.0712794101175	-0.0214636102455	-0.0239576043672	-0.062674427344	-0.0779472267798	0.0125671492326	-0.0233155884865	0.0558712065276	-0.0160601535547	0.0348868235212
k__Bacteria;p__Bacteroidetes;c__Bacteroidia;o__Bacteroidales;f__Bacteroidaceae;g__Bacteroides;s__Bacteroides_ovatus	-0.0404103507251	-0.0628768354726	0.0101525470513	0.022270500264	0.0556230055478	1.0	0.00219717276527	-0.0174808237849	-0.0348875662858	-0.0148266432127	0.022379381223	-0.0807520689641	-0.0200683849299	-0.0526939425735	-0.0814473126496	0.00304755627686	0.00889468511689	-0.00595472394177	-0.0191885808453	0.0499655809294	0.000844063452087	-0.00414064114282	0.0419454426641	-0.0663711103282	0.060578579404	-0.0158896869186	-0.0201803688361	-0.0177599807803	0.0128332553668	-0.0290414230057	-0.0376667848279	0.0280026337	-0.0111575116494	0.0291648942871	-0.0261440662482	0.0209711808419	-0.0391808495807	0.00992517590457	-0.0107518925044	-0.0507372392768	-0.0459471708768	0.00759309812591	0.0482936912472	-0.042484661541	-0.027851278239	0.0287967208762	-0.00503771016883	0.0442310867501	-0.0814490327775	-0.0153464632028	0.0396943538562	0.0358457924354	-0.0390426322137	0.019545998112	0.0280503781031	-0.0567212599901	0.0568166149572	0.00610980020592	0.037301363123
k__Bacteria;p__Bacteroidetes;c__Bacteroidia;o__Bacteroidales;f__Rikenellaceae;g__Alistipes;s__Alistipes_shahii	0.0537673515804	-0.0426408466853	-0.0375596665934	0.00905343278376	-0.0688207273567	0.00219717276527	1.0	-0.0333720409339	-0.102539499271	0.0386578625488	-0.0709878687004	0.0455260673049	-0.0405245745466	-0.0329889970339	0.0402355637631	-0.0323311011866	0.0199217508741	0.00275919870788	-0.0256598679718	-0.0175276932783	-0.0474165320047	9.29011497524e-05	0.0510750725014	0.0895554987829	0.0238870939743	0.0339443129781	0.0112888881458	0.0297654814546	-0.0704692808449	0.0539294993549	-0.0372174339555	0.0260743158968	-0.00119918719974	0.0440594672516	-0.0389749044761	-0.01339743631	0.0256189130991	-0.0248337654758	-0.0894309491746	-0.00793805224123	-0.0341902588444	-0.0546261419997	-0.0641176580035	-0.019985325752	0.0120748003316	0.0162362131599	-0.0284891899982	0.038853389548	0.0410704244217	-0.0823973514872	-0.00557878340443	0.0262320802634	-0.0181113741514	-0.000240197220245	0.0161671778251	0.0409371976588	-0.0163329506424	-0.0105821756858	0.0218917070033
k__Bacteria;p__Firmicutes;c__Clostridia;o__Clostridiales;f__Ruminococcaceae;g__Faecalibacterium;s__Faecalibacterium_prausnitzii	-0.0351224063853	-0.0978386880012	0.00520509487018	-0.0303375972259	-0.0347543452739	-0.0174808237849	-0.0333720409339	1.0	0.0160163864194	-0.03195034756	-0.0150627097342	0.0286149206033	0.0265050799879	-0.0117889196386	-0.00339791361059	0.0971691201171	-0.00792264789577	0.0670387231576	-0.0154142678246	0.0199640861082	0.0111536127312	0.00353560279535	-0.0875410779488	0.0158081933955	0.0324434568872	-0.0239399537296	0.0387322352739	-0.0384949742615	-0.0137202887284	0.0434235371893	-0.0494392820287	0.0145225714555	-0.035170098884	-0.0353211820767	0.00618702854743	0.0248442622251	-0.076960713946	-0.0523544413534	0.00808408827809	0.00368460532988	-0.0874389637896	-0.0579187728658	-0.0486772795154	0.0240289747128	0.0665255556002	-0.165577764231	0.0469147962434	0.0018397792933	-0.0216738021911	-0.0502959368536	-0.0532965588612	-0.0813856616301	0.0377186600049	0.00546903355218	0.00121876929574	0.0551865566334	-0.0473070196449	-0.0509425632834	0.0336867938924
k__Bacteria;p__Bacteroidetes;c__Bacteroidia;o__Bacteroidales;f__Rikenellaceae;g__Alistipes;s__Alistipes_finegoldii	-0.0292970208875	0.0500774271301	0.00667439308288	0.105915197851	0.0204640221539	-0.0348875662858	-0.102539499271	0.0160163864194	1.0	-0.0570559301342	-0.0640317256513	-0.027063879403	0.0257515353904	-0.0207877220547	-0.00891648634519	-0.0638251835528	-0.0146036948731	-0.0293992074907	0.0822704625767	0.00946426321772	0.0278738537669	-0.0544971931945	-0.0410955381548	0.0247473459823	-0.0504574657016	-0.0545734517457	0.0333062475488	-0.00739404864779	-0.012900318835	0.016379192411	0.0586772570525	0.0258302139813	-0.0343907668872	-0.0206336664397	-0.0174365445927	0.00724373140978	0.0275369240967	-0.0287429404517	0.0296066813349	-0.00925662469499	-0.00215367021121	-0.0430739551199	-0.0213439742064	-0.0138457602908	-0.104905286861	-0.0148997754285	0.00651303609528	-0.00896774247036	-0.0389885130391	-0.0495697689161	-0.0426550508418	-0.0034193972656	-0.0379987809103	-0.0246633154936	0.044607226372	-0.0747182819477	0.0988987667256	-0.0171673984229	-0.0213382954906
k__Bacteria;p__Bacteroidetes;c__Bacteroidia;o__Bacteroidales;f__Porphyromonadaceae;g__Parabacteroides;s__Parabacteroides_distasonis	-0.0193623945981	0.000144509555314	-0.0140449662084	-0.0161088974619	0.000741612557183	-0.0148266432127	0.0386578625488	-0.03195034756	-0.0570559301342	1.0	0.0219473798724	-0.0362221979123	0.0257572787927	-0.0187905682858	0.118526231289	-0.0439284081723	0.08393481272	0.0135454768142	0.0488196266119	-0.0119797572589	0.043557475452	-0.0242790881486	-0.0524214447905	-0.0521471836704	-0.0631362206278	0.072367372071	-0.0295815925656	-0.0502828358785	0.0306680306581	-0.0016379133082	-0.0102710097804	-0.0657591963195	-0.050057531801	-0.0058482869471	-0.0487752406613	0.0305459821029	-0.0917347487518	0.00165834505934	-0.0250426474492	-0.0707503282298	-0.0259407872162	-0.0162752760046	-0.04155679774	-0.0792349960827	-0.0396705931886	0.0313480138871	-0.111011728215	-0.0238505525915	0.0049399920124	0.062055544334	0.0309280744817	-0.0464724643268	-0.00370133660142	-0.0499397828527	-0.0401163926137	-0.0104215488048	0.035782462971	0.044662606295	0.0581344972243
k__Bacteria;p__Bacteroidetes;c__Bacteroidia;o__Bacteroidales;f__Bacteroidaceae;g__Bacteroides;s__Bacteroides_thetaiotaomicron	-0.0203563098573	-0.00913111834992	0.0109862741988	-0.0523273343199	-0.0759463698083	0.022379381223	-0.0709878687004	-0.0150627097342	-0.0640317256513	0.0219473798724	1.0	0.0298809561377	-0.0326947841973	0.00393823271791	-0.0332783280223	-0.0399910851791	0.0312509335159	-0.0432387779375	-0.0208552305026	0.0232388643628	0.0255298372748	-0.0112532285859	-0.0572069108185	0.0905184916865	-0.0594428939426	-0.00651661824631	0.00792316273915	-0.0204960084986	-0.0665120763304	-0.0548698325669	0.0626114466913	-0.0611526001416	-0.0237121560083	0.0760817452	-0.0393604494446	-0.103775319997	-0.0697552421862	-0.0458242095739	-0.0601624274558	0.0197279128224	-0.00429405599727	-0.0436542545419	0.0115330407686	0.00449019912903	0.0249293034717	-0.0259418384108	-0.0285565012535	-0.00501340382041	-0.0449292441068	0.00420405505949	-0.0231376415716	-0.0263642165448	0.0196644063316	0.0165755345116	0.105725535612	0.00536182698084	0.0175535734792	0.0333428383473	-0.0384506676799
k__Bacteria;p__Bacteroidetes;c__Bacteroidia;o__Bacteroidales;f__Bacteroidaceae;g__Bacteroides;s__Bacteroides_coprocola	-0.0019700533759	-0.0164679585214	-0.0812962398142	-0.0697794104927	-0.0145228401758	-0.0807520689641	0.0455260673049	0.0286149206033	-0.027063879403	-0.0362221979123	0.0298809561377	1.0	0.0272337867654	0.0180037003479	-0.0148942635512	0.0117204397491	-0.0390778422997	-0.0249914413906	-0.0183545856625	0.024323240778	-0.017484581883	-0.00904578873894	0.0215658524224	-0.00166853757986	-0.0256767306508	0.0150409205178	-0.129126609723	-0.0319468968102	-0.0128673951059	0.0152904038147	-0.0134099482452	0.0349473830856	0.0225457644567	-0.0703418913762	-0.0493093166146	0.034754325033	0.00703825411985	-0.01835918673	0.0551759685573	-0.0440802827636	-0.045079064321	-0.0626028841667	-0.0135769579124	0.0149638901242	0.0153828499051	-0.090588388596	0.0627142880812	-0.0219567698397	0.037611132288	0.0148467388714	-0.000862786307983	-0.0135134080999	-0.0182969182867	0.112714444538	-0.0766873529912	-0.108892356005	-0.056495367756	-0.00910806886094	0.0331210302925
k__Bacteria;p__Bacteroidetes;c__Bacteroidia;o__Bacteroidales;f__Bacteroidaceae;g__Bacteroides;s__Bacteroides_cellulosilyticus	-0.115291075334	0.0611568680189	0.0373654840988	-0.038006738474	0.0178632348781	-0.0200683849299	-0.0405245745466	0.0265050799879	0.0257515353904	0.0257572787927	-0.0326947841973	0.0272337867654	1.0	-0.0420256793736	0.0124100064752	-0.0351956688984	0.0423730436063	0.0765932504071	-0.0415448329295	-0.0105091842401	-0.0754468605773	0.0391165315291	0.0307661984799	-0.0449763338359	-0.0807855901617	-0.00329662769231	-0.00970576812719	0.0474966145912	-0.0385170918985	0.0620988220564	-0.0687210692925	0.0345826833853	-0.0041787715992	0.0186188318816	-0.0013877466378	0.0389513307276	0.00777889411209	0.000974067018982	0.0396633057726	-0.00492493148426	0.0248411248952	-0.0445611461148	0.0013247652687	-0.0409797900485	0.0236636803826	-0.0185578798934	-0.0315672787642	0.00464518728256	0.0396932052708	0.0321327050109	0.0220689491146	0.0231309009611	-0.0723627811606	-0.0837082021384	-0.0309595552948	0.000707624790855	-0.0606622996944	-0.0520422077779	-0.0809438710107
k__Bacteria;p__Bacteroidetes;c__Bacteroidia;o__Bacteroidales;f__Rikenellaceae;g__Alistipes;s__Alistipes_obesi	0.00550612668573	-0.000322429377073	0.042850470295	0.0277067327954	-0.089930864737	-0.0526939425735	-0.0329889970339	-0.0117889196386	-0.0207877220547	-0.0187905682858	0.00393823271791	0.0180037003479	-0.0420256793736	1.0	0.0599393701477	0.0142600553828	-0.010969226296	-0.0140871108886	-0.0843696430472	-0.0409432251021	0.00314926754946	-0.0534747168192	0.0458078958707	0.0320947198333	-0.0103780719974	0.0586186391436	-0.0504727974782	0.0222300960522	-0.0330043408671	0.109241563753	0.00369952756215	0.000383266664169	0.0468333749336	-0.0108262628663	-0.0523414484084	-0.0237544810822	0.0267345357866	0.0165319394838	-0.00968820533547	-0.0439165353489	-0.0413323813967	0.0384357357049	0.010825617592	-0.136375102047	0.0174510733022	-0.0375323569021	-0.0703351487931	-0.0454837391059	-0.00667091537072	-0.0432838002738	0.034407235511	-0.045406317558	0.0625390095442	0.0678039245004	-0.0268309699211	-0.0655857119457	-0.00669302610159	-0.096759001709	0.024623741331
k__Bacteria;p__Firmicutes;c__Clostridia;o__Clostridiales;f__Lachnospiraceae;g__;s__[Eubacterium]_rectale	0.0366028135683	-0.0405474536659	0.0113349974701	-0.00316001743193	-0.00999407125781	-0.0814473126496	0.0402355637631	-0.00339791361059	-0.00891648634519	0.118526231289	-0.0332783280223	-0.0148942635512	0.0124100064752	0.0599393701477	1.0	-0.0756228526902	-0.0345979025075	0.0217883077232	0.0757756604298	0.0144520414907	0.0423438916841	-0.0069331599459	-0.0184892215661	-0.0399390151774	-0.0657791246676	-0.0280128809364	0.0053227711174	-0.00579600889118	-0.0245297508767	-0.00260153622317	-0.0295518253935	-0.00469012562817	-0.00921917150902	-0.0308751046361	0.0620411184296	0.0230721004713	0.0155457629624	-0.0171759274276	0.0051041733473	-0.0163152264111	-0.00721927054441	0.0252638019111	0.0604732101252	-0.0348085606255	-0.0362152647914	0.0873016729714	-0.0683446988832	0.0831028429917	-0.0503658374399	-0.01693566886	0.00262737294431	-0.00558091877295	-0.0308899323626	-0.0566510560585	-0.0354078584681	-0.0495997111647	0.0190507406682	0.0135395339011	0.00606011592394
k__Bacteria;p__Bacteroidetes;c__Bacteroidia;o__Bacteroidales;f__Bacteroidaceae;g__Bacteroides;s__Bacteroides_plebeius	0.0890499980067	-0.0206756299526	0.0446761122998	-0.101559628189	-0.0354054173107	0.00304755627686	-0.0323311011866	0.0971691201171	-0.0638251835528	-0.0439284081723	-0.0399910851791	0.0117204397491	-0.0351956688984	0.0142600553828	-0.0756228526902	1.0	0.025115983867	-0.021449823064	-0.122219062529	-0.0529980756552	0.00562912212453	-0.0306227932763	-0.0263457636728	-0.0369399659458	0.0362726444979	-0.080372804135	0.0331681525008	-0.0495619456629	0.0244625981771	-0.0393000195863	-0.0579290761088	0.0758425472808	-0.00786934069223	0.0141558272715	0.00627352568197	0.0724593864948	-0.042609427633	-0.0101966072706	0.0278840395984	0.0322265061673	0.0499266942977	0.00235019887841	-0.0625624103906	0.0538746286692	-0.0171011061241	0.0167199099899	-0.0356826372588	-0.0360707505115	0.0571728266535	-0.012712656925	-0.00952383781748	0.0299734647668	-0.00454972100829	-0.0727532668118	-0.0396408456709	0.0250758198004	-0.0248499925442	-0.0518513089161	-0.0239091591082
k__Bacteria;p__Bacteroidetes;c__Bacteroidia;o__Bacteroidales;f__Bacteroidaceae;g__Bacteroides;s__Bacteroides_fragilis	-0.0308450916274	-0.00824412468604	-0.0272597515933	-0.0173948026464	-0.0443079446978	0.00889468511689	0.0199217508741	-0.00792264789577	-0.0146036948731	0.08393481272	0.0312509335159	-0.0390778422997	0.0423730436063	-0.010969226296	-0.0345979025075	0.025115983867	1.0	0.0190438682375	0.0015938934409	-0.0315364615145	0.00343644110351	-0.0137825480252	0.028256886221	-0.0281895791046	-0.0568719601534	-0.0100737074565	0.0220131727144	0.0279954264345	-0.00120687704765	-0.0891467193867	-0.03656123972	0.0290383491263	-0.0396885843835	0.0330473659844	-0.00553965375775	0.0718407680881	-0.0408892388347	-0.0566959210182	-0.0264399747105	-0.027589530681	-0.075773228716	0.0109064883165	-0.00950939174484	-0.025094282494	-0.0484553712811	-0.0262276145354	-0.0445030958106	0.00800270420273	-0.0290115401748	0.00894758611157	-0.00071707882719	0.0758249551429	0.00130896950639	0.0584772133096	0.0183505220323	0.00244718393701	-0.0226329305478	-0.0186398509269	0.0124890009909
k__Bacteria;p__Proteobacteria;c__Betaproteobacteria;o__Burkholderiales;f__Sutterellaceae;g__Sutterella;s__Sutterella_wadsworthensis	-0.09213858326	0.0338689236177	-0.062191726926	-0.0130591739542	-0.0860995597603	-0.00595472394177	0.00275919870788	0.0670387231576	-0.0293992074907	0.0135454768142	-0.0432387779375	-0.0249914413906	0.0765932504071	-0.0140871108886	0.0217883077232	-0.021449823064	0.0190438682375	1.0	-0.0500109445466	-0.0113596612587	-0.0205341044942	0.0278774762277	-0.0420709000758	-0.0186237507526	-0.0107911424512	0.0180353350918	0.00789225509438	-0.0663520176587	0.0164856500519	0.0375254052406	-0.0689706454517	-0.00403796276447	0.0422520694523	0.0486415886152	-0.0577039144985	0.0108573983261	-0.0219328172322	0.0489017836716	0.0191419891724	-0.0640465037175	-0.00428284573792	0.00777096394781	-0.0397361849093	0.0580103147602	0.0772507028658	0.013923155319	0.00756317977189	-0.0207887589532	-0.014833285029	0.0196753969563	-0.0638366313804	-0.0408138465972	-0.0486601175963	-0.0317835854333	-0.0654022847221	0.0312278172645	-0.0152435058524	0.0463965832208	-0.039482244217
k__Bacteria;p__Bacteroidetes;c__Bacteroidia;o__Bacteroidales;f__Porphyromonadaceae;g__Barnesiella;s__Barnesiella_intestinihominis	-0.0554236072067	0.0545438085578	-0.051543290532	-0.000390520408384	0.125667202167	-0.0191885808453	-0.0256598679718	-0.0154142678246	0.0822704625767	0.0488196266119	-0.0208552305026	-0.0183545856625	-0.0415448329295	-0.0843696430472	0.0757756604298	-0.122219062529	0.0015938934409	-0.0500109445466	1.0	0.0138037457385	0.014364953201	0.0464338866702	-0.0182209847044	-0.00739623990994	0.0211265187029	0.00941308438348	0.0281016594432	0.018600498752	0.0479760118797	0.00737654440402	0.00114759700134	-0.0902040439878	-0.0112362110387	0.0503473263701	-0.0482716669737	-0.00477544458765	-0.0468369430012	0.00583626823914	-0.0122759570506	0.10714103	0.000658364629707	-0.03049500134	-0.0661103231296	-0.00401292511531	0.0108102112137	0.0297790453757	-0.0625284507431	-0.0567025337979	-0.0906658877481	0.0139012375233	0.0372845274272	-0.0220180548935	-0.0596932101804	0.0167822152238	-0.0114698234226	-0.00233863121611	0.0220072404985	-0.0414752049731	-0.0249592133262
k__Bacteria;p__Bacteroidetes;c__Bacteroidia;o__Bacteroidales;f__Odoribacteraceae;g__Odoribacter;s__Odoribacter_splanchnicus	-0.0119831408902	-0.0598535419773	-0.0444509398005	-0.0129891556994	0.0308807628229	0.0499655809294	-0.0175276932783	0.0199640861082	0.00946426321772	-0.0119797572589	0.0232388643628	0.024323240778	-0.0105091842401	-0.0409432251021	0.0144520414907	-0.0529980756552	-0.0315364615145	-0.0113596612587	0.0138037457385	1.0	-0.000629459468469	-0.0121586443991	0.0434667116706	0.0257328462078	0.0510509573076	-0.0485944188108	-0.0294664451952	-0.00853666691513	-0.00341226034139	0.0190370448816	0.00101173620893	-0.0327628810664	-0.0154200584009	-0.0472545064013	-0.0333321286847	0.0084543658627	-0.0484239303263	-0.0559812093812	0.0239520802091	-0.0685554002919	-0.0218414010676	0.0330815466276	-0.00910097551696	0.00725251559691	-0.0130142110831	0.0695241124318	0.0288116012934	-0.0270264320262	-0.0279835164455	-0.0400294618707	0.00848919001321	-0.0473029997313	-0.00625563602269	-0.00813879198149	-0.0232391918233	-0.0516103494335	-0.0429125901652	0.043866724824	0.00739773985166
k__Bacteria;p__Bacteroidetes;c__Bacteroidia;o__Bacteroidales;f__Bacteroidaceae;g__Bacteroides;s__Bacteroides_salyersiae	-0.0213991582616	0.0209345356496	0.0654029676821	-0.0473490428725	0.030281948772	0.000844063452087	-0.0474165320047	0.0111536127312	0.0278738537669	0.043557475452	0.0255298372748	-0.017484581883	-0.0754468605773	0.00314926754946	0.0423438916841	0.00562912212453	0.00343644110351	-0.0205341044942	0.014364953201	-0.000629459468469	1.0	-0.0544440753484	-0.0842002992809	-0.0719049831159	0.0621922763261	-0.0448751868573	-0.00526698493123	-0.0361166869985	-0.0207755266847	-0.00533150389461	0.0342602113837	0.00683515796194	-0.0146980144419	-0.0285250142948	-0.0643505764683	-0.0387294281592	0.00619160508579	-0.018800086545	-0.0129964522402	0.00830786652868	0.0775523527079	0.0339116533335	-0.0777513459924	0.00449425769179	-0.0485914826476	0.0402746848465	-0.0236290117508	0.0480240378899	0.0212531584841	-0.0291817895884	-0.0464791185589	0.060696381954	0.0130122517819	0.0160545257414	0.0110629334375	-0.0800147988478	0.0223238797961	-0.0335339294922	-0.00456803770035
k__Bacteria;p__Firmicutes;c__Clostridia;o__Clostridiales;f__Ruminococcaceae;g__Ruminiclostridium;s__[Eubacterium]_siraeum	0.0030882440612	0.0636402413224	-0.0104644289371	-0.0384043859371	0.0326945460162	-0.00414064114282	9.29011497524e-05	0.00353560279535	-0.0544971931945	-0.0242790881486	-0.0112532285859	-0.00904578873894	0.0391165315291	-0.0534747168192	-0.0069331599459	-0.0306227932763	-0.0137825480252	0.0278774762277	0.0464338866702	-0.0121586443991	-0.0544440753484	1.0	0.0151321139489	-0.0120569703851	-0.00299542623941	-0.0220661855046	0.0548005025073	-0.0398223743154	-0.0743984068594	0.0306199465762	-0.0193771760721	-0.00613390201429	-0.015690824798	-0.0158877848124	-0.044293832104	-0.0407055367257	-0.0103988790772	0.0469081095777	-0.0661342319909	-0.0307400361453	-0.0401056287592	-0.00113840493422	0.0303716932891	0.0315660169343	0.00356558224822	-0.00478080017413	0.0424016302764	-0.0057474624154	0.0127158102468	0.0316503633337	0.00135753155717	-0.0445682489008	-0.0171832323298	-0.0494316552069	-0.0152847047508	-0.0312503848289	0.00574495892354	-0.0372464345378	-0.039038706453
k__Bacteria;p__Proteobacteria;c__Betaproteobacteria;o__Burkholderiales;f__Sutterellaceae;g__Parasutterella;s__Parasutterella_excrementihominis	0.0394204293782	0.0272294578633	-0.00564166170964	0.0243296855373	-0.0965160975925	0.0419454426641	0.0510750725014	-0.0875410779488	-0.0410955381548	-0.0524214447905	-0.0572069108185	0.0215658524224	0.0307661984799	0.0458078958707	-0.0184892215661	-0.0263457636728	0.028256886221	-0.0420709000758	-0.0182209847044	0.0434667116706	-0.0842002992809	0.0151321139489	1.0	0.0369991420125	-0.0384417251506	0.0179728095718	-0.0338792673109	0.00492763273258	-0.0397236748473	0.0576352730231	0.0297980355974	0.0192699291199	-0.00780375781777	-0.0999624344364	0.00435685779223	0.014641334274	0.0324344025193	-0.061560641662	-0.00341149238981	0.0401374580143	-0.0680579765179	0.0347869088908	-0.0782392184661	0.0274990395329	0.0135423270048	0.0386781794173	-0.0653682273688	-0.0261246762448	-0.0569681097438	-0.0777277811228	-0.094582981569	0.00761713088967	-0.0550841481528	0.0628091391512	-0.0038223855423	-0.0152429385666	-0.0698476947847	0.0549875660449	-0.024117903704
k__Bacteria;p__Actinobacteria;c__Actinobacteria;o__Bifidobacteriales;f__Bifidobacteriaceae;g__Bifidobacterium;s__Bifidobacterium_adolescentis	-0.0348595985102	0.00514616209046	-0.0125206883361	0.0168640304821	0.0399096811746	-0.0663711103282	0.0895554987829	0.0158081933955	0.0247473459823	-0.0521471836704	0.0905184916865	-0.00166853757986	-0.0449763338359	0.0320947198333	-0.0399390151774	-0.0369399659458	-0.0281895791046	-0.0186237507526	-0.00739623990994	0.0257328462078	-0.0719049831159	-0.0120569703851	0.0369991420125	1.0	-0.0128195413276	0.0466683114239	0.00967322895799	-0.0395698445822	-0.0719847951742	0.0461539117204	-0.0528492438733	0.000589424156878	-0.0103453068822	-0.0417213592754	-0.0219919362586	-0.00756762495905	-0.000469248863094	0.00125563088865	-0.042670073437	-0.0604945284124	0.0364066133891	-0.0318373476291	-0.064073031134	0.0489034993716	0.011522142064	0.0345833301121	0.00589079972946	-0.0702158068323	-0.0833717951095	0.0100986172952	0.03411539709	-0.130564141036	-0.0215519093441	0.0655862089378	-0.0431960591129	0.0301808452056	-0.01751935005	-0.0107136085564	-0.0355502935018
k__Bacteria;p__Firmicutes;c__Clostridia;o__Clostridiales;f__Oscillospiraceae;g__Oscillibacter;s__Oscillibacter_sp._KLE_1745	-0.0910927695049	0.0584503208916	-0.0686153207859	-0.0101132789632	-0.0318729228643	0.060578579404	0.0238870939743	0.0324434568872	-0.0504574657016	-0.0631362206278	-0.0594428939426	-0.0256767306508	-0.0807855901617	-0.0103780719974	-0.0657791246676	0.0362726444979	-0.0568719601534	-0.0107911424512	0.0211265187029	0.0510509573076	0.0621922763261	-0.00299542623941	-0.0384417251506	-0.0128195413276	1.0	0.0290509333939	-0.0564000197255	-0.00401044492733	-0.0154548962085	0.0794845035461	-0.0434512191737	0.0328805336978	0.03455294959	0.0119090649364	0.0227400960644	-0.0404184722013	-0.00732067601801	0.0590266993279	-0.0234295482908	-0.0590086912806	0.0355342743466	0.0606648281888	-0.0114516439415	0.0297451509561	0.0433672390535	0.0813685669047	-0.0809926412951	-0.0806889505532	0.0261251071673	0.0337962545125	0.078870582328	-0.028935232783	-0.0302849086607	-0.012469987376	0.0422240018278	0.0425131840343	0.00104536790057	0.00242554614766	0.0468161032352
k__Bacteria;p__Bacteroidetes;c__Bacteroidia;o__Bacteroidales;f__Bacteroidaceae;g__Bacteroides;s__Bacteroides_coprophilus	-0.0394125899694	0.0237134205336	0.0143183658082	0.0537105366568	-0.0875749927506	-0.0158896869186	0.0339443129781	-0.0239399537296	-0.0545734517457	0.072367372071	-0.00651661824631	0.0150409205178	-0.00329662769231	0.0586186391436	-0.0280128809364	-0.080372804135	-0.0100737074565	0.0180353350918	0.00941308438348	-0.0485944188108	-0.0448751868573	-0.0220661855046	0.0179728095718	0.0466683114239	0.0290509333939	1.0	-0.00894055385886	-0.000261413649742	0.0588381369361	0.0095578308196	0.0364328329796	-0.0492454284888	-0.0702411433792	-0.00522705558635	-0.0526320376511	-0.0450013147616	-0.048383995041	-0.00950872666611	0.0275862463197	0.0779945347237	-0.05654882532	-0.0567431161943	0.00772943457377	0.0109712756015	-0.0312331442422	0.0234346954213	0.02943389669	0.0169217544676	0.0284835762528	0.0350467002322	0.0533410396041	-0.0296652541925	0.016624082208	0.0419866321521	-0.0411925159577	-0.020420742918	0.0361173816635	-0.0318739065731	-0.05981294772
k__Bacteria;p__Firmicutes;c__Clostridia;o__Clostridiales;f__Lachnospiraceae;g__Roseburia;s__Roseburia_intestinalis	-0.0144420418522	0.0128145343334	0.108929069043	0.0310172870839	0.0505521951953	-0.0201803688361	0.0112888881458	0.0387322352739	0.0333062475488	-0.0295815925656	0.00792316273915	-0.129126609723	-0.00970576812719	-0.0504727974782	0.0053227711174	0.0331681525008	0.0220131727144	0.00789225509438	0.0281016594432	-0.0294664451952	-0.00526698493123	0.0548005025073	-0.0338792673109	0.00967322895799	-0.0564000197255	-0.00894055385886	1.0	-0.0139274360015	-0.0154936821301	-0.0393083211926	-0.0302849235163	-0.029614363603	0.115124713637	-0.0165836277912	-0.0306247574338	-0.0530892130779	-0.0311394049951	0.0341414907917	-0.0133008525652	0.041686430043	0.0385487105072	0.0242868792063	0.00237239472519	0.00604023670605	0.00814659168916	-0.0220622329956	0.0277918218388	-0.0290341235793	-0.0199819261486	0.0237752451304	-0.0670730791435	-0.0336465777003	-0.0593589228096	0.00341983984808	0.0130470824713	-0.0308536949923	-0.00932376961234	-0.0205321270654	-0.0596072874611
k__Bacteria;p__Firmicutes;c__Clostridia;o__Clostridiales;f__Lachnospiraceae;g__Roseburia;s__Roseburia_hominis	-0.0230485080628	0.0216416199802	-0.0946981845569	-0.05373630722	-0.0331059221562	-0.0177599807803	0.0297654814546	-0.0384949742615	-0.00739404864779	-0.0502828358785	-0.0204960084986	-0.0319468968102	0.0474966145912	0.0222300960522	-0.00579600889118	-0.0495619456629	0.0279954264345	-0.0663520176587	0.018600498752	-0.00853666691513	-0.0361166869985	-0.0398223743154	0.00492763273258	-0.0395698445822	-0.00401044492733	-0.000261413649742	-0.0139274360015	1.0	0.0442608286798	0.0534053263244	0.0253803844613	0.0128530180361	0.00684350760888	0.0582221855966	-0.00691707598068	0.0729174469762	0.00669143556927	-0.0307571915137	0.0654166855855	-0.10936584129	-0.0243742340482	-0.00370248580686	-0.0232884702851	-0.0472246454972	-0.0162966822387	-0.0364833290466	0.0370054507155	-0.0361871125997	-0.00243848847142	0.0204072092861	-0.0295167854132	-0.0164855755257	-0.01106186708	0.0270711604786	0.069240641781	-0.0881700828003	-0.00753966597512	0.0333368258264	-0.0141694997082
k__Bacteria;p__Bacteroidetes;c__Bacteroidia;o__Bacteroidales;f__Porphyromonadaceae;g__Parabacteroides;s__Parabacteroides_johnsonii	-0.0168135049949	0.0135953865287	-0.029768985399	-0.102026890581	0.00497954952734	0.0128332553668	-0.0704692808449	-0.0137202887284	-0.012900318835	0.0306680306581	-0.0665120763304	-0.0128673951059	-0.0385170918985	-0.0330043408671	-0.0245297508767	0.0244625981771	-0.00120687704765	0.0164856500519	0.0479760118797	-0.00341226034139	-0.0207755266847	-0.0743984068594	-0.0397236748473	-0.0719847951742	-0.0154548962085	0.0588381369361	-0.0154936821301	0.0442608286798	1.0	-0.011670573582	-0.0269591008204	0.0262549674249	-0.00660023685863	-0.0244161122539	-0.0334951840843	0.0102120797467	-0.0408159101214	0.0819078162303	-0.0455021273026	-0.040124467677	0.0116688134482	-0.0689770410356	0.0172338730806	0.0326548788208	-0.00525424220402	0.00669920888359	-0.101296429533	0.0243306419501	-0.0154814041215	-0.0312436876843	0.0333816887711	-0.0686255257466	0.0333040857702	-0.00604720012214	-0.00679187457564	-0.0456998572346	-0.00903045051991	0.0330968047654	0.0360349221023
k__Bacteria;p__Actinobacteria;c__Actinobacteria;o__Bifidobacteriales;f__Bifidobacteriaceae;g__Bifidobacterium;s__Bifidobacterium_longum	-0.0109927032578	-0.0414771455448	-0.00224692685637	0.0443951514401	-0.0059253194967	-0.0290414230057	0.0539294993549	0.0434235371893	0.016379192411	-0.0016379133082	-0.0548698325669	0.0152904038147	0.0620988220564	0.109241563753	-0.00260153622317	-0.0393000195863	-0.0891467193867	0.0375254052406	0.00737654440402	0.0190370448816	-0.00533150389461	0.0306199465762	0.0576352730231	0.0461539117204	0.0794845035461	0.0095578308196	-0.0393083211926	0.0534053263244	-0.011670573582	1.0	-0.0242133443342	-0.0188219217026	0.0128713612448	-0.0198681366316	-0.0210601726047	-0.0169779434272	0.0131328943104	0.0105014836794	-0.00980874306845	-0.0711494172408	-0.0275244993294	0.0247088747268	-0.0320366450914	-0.0102409420919	-0.005793340095	-0.0109347855777	0.0276237365742	-0.0359252277266	0.056234388671	-0.0397389770063	-0.0112066839919	0.056503333181	-0.0192296784998	-0.0539708146207	-0.0654622062228	-0.0396480915692	-0.0447820555127	-0.0561751363566	-0.027054986282
