#taxonomy	k__Bacteria;p__Bacteroidetes;c__Bacteroidia;o__Bacteroidales;f__Bacteroidaceae;g__Bacteroides;s__Bacteroides_vulgatus	k__Bacteria;p__Bacteroidetes;c__Bacteroidia;o__Bacteroidales;f__Bacteroidaceae;g__Bacteroides;s__Bacteroides_uniformis	k__Bacteria;p__Bacteroidetes;c__Bacteroidia;o__Bacteroidales;f__Rikenellaceae;g__Alistipes;s__Alistipes_putredinis	k__Bacteria;p__Bacteroidetes;c__Bacteroidia;o__Bacteroidales;f__Prevotellaceae;g__Prevotella;s__Prevotella_copri	k__Bacteria;p__Bacteroidetes;c__Bacteroidia;o__Bacteroidales;f__Bacteroidaceae;g__Bacteroides;s__Bacteroides_stercoris	k__Bacteria;p__Bacteroidetes;c__Bacteroidia;o__Bacteroidales;f__Bacteroidaceae;g__Bacteroides;s__Bacteroides_ovatus	k__Bacteria;p__Bacteroidetes;c__Bacteroidia;o__Bacteroidales;f__Rikenellaceae;g__Alistipes;s__Alistipes_shahii	k__Bacteria;p__Firmicutes;c__Clostridia;o__Clostridiales;f__Ruminococcaceae;g__Faecalibacterium;s__Faecalibacterium_prausnitzii	k__Bacteria;p__Bacteroidetes;c__Bacteroidia;o__Bacteroidales;f__Rikenellaceae;g__Alistipes;s__Alistipes_finegoldii	k__Bacteria;p__Bacteroidetes;c__Bacteroidia;o__Bacteroidales;f__Porphyromonadaceae;g__Parabacteroides;s__Parabacteroides_distasonis	k__Bacteria;p__Bacteroidetes;c__Bacteroidia;o__Bacteroidales;f__Bacteroidaceae;g__Bacteroides;s__Bacteroides_thetaiotaomicron	k__Bacteria;p__Bacteroidetes;c__Bacteroidia;o__Bacteroidales;f__Bacteroidaceae;g__Bacteroides;s__Bacteroides_coprocola	k__Bacteria;p__Bacteroidetes;c__Bacteroidia;o__Bacteroidales;f__Bacteroidaceae;g__Bacteroides;s__Bacteroides_cellulosilyticus	k__Bacteria;p__Bacteroidetes;c__Bacteroidia;o__Bacteroidales;f__Rikenellaceae;g__Alistipes;s__Alistipes_obesi	k__Bacteria;p__Firmicutes;c__Clostridia;o__Clostridiales;f__Lachnospiraceae;g__;s__[Eubacterium]_rectale	k__Bacteria;p__Bacteroidetes;c__Bacteroidia;o__Bacteroidales;f__Bacteroidaceae;g__Bacteroides;s__Bacteroides_plebeius	k__Bacteria;p__Bacteroidetes;c__Bacteroidia;o__Bacteroidales;f__Bacteroidaceae;g__Bacteroides;s__Bacteroides_fragilis	k__Bacteria;p__Proteobacteria;c__Betaproteobacteria;o__Burkholderiales;f__Sutterellaceae;g__Sutterella;s__Sutterella_wadsworthensis	k__Bacteria;p__Bacteroidetes;c__Bacteroidia;o__Bacteroidales;f__Porphyromonadaceae;g__Barnesiella;s__Barnesiella_intestinihominis	k__Bacteria;p__Bacteroidetes;c__Bacteroidia;o__Bacteroidales;f__Odoribacteraceae;g__Odoribacter;s__Odoribacter_splanchnicus	k__Bacteria;p__Bacteroidetes;c__Bacteroidia;o__Bacteroidales;f__Bacteroidaceae;g__Bacteroides;s__Bacteroides_salyersiae	k__Bacteria;p__Firmicutes;c__Clostridia;o__Clostridiales;f__Ruminococcaceae;g__Ruminiclostridium;s__[Eubacterium]_siraeum	k__Bacteria;p__Proteobacteria;c__Betaproteobacteria;o__Burkholderiales;f__Sutterellaceae;g__Parasutterella;s__Parasutterella_excrementihominis	k__Bacteria;p__Actinobacteria;c__Actinobacteria;o__Bifidobacteriales;f__Bifidobacteriaceae;g__Bifidobacterium;s__Bifidobacterium_adolescentis	k__Bacteria;p__Firmicutes;c__Clostridia;o__Clostridiales;f__Oscillospiraceae;g__Oscillibacter;s__Oscillibacter_sp._KLE_1745	k__Bacteria;p__Bacteroidetes;c__Bacteroidia;o__Bacteroidales;f__Bacteroidaceae;g__Bacteroides;s__Bacteroides_coprophilus	k__Bacteria;p__Firmicutes;c__Clostridia;o__Clostridiales;f__Lachnospiraceae;g__Roseburia;s__Roseburia_intestinalis	k__Bacteria;p__Firmicutes;c__Clostridia;o__Clostridiales;f__Lachnospiraceae;g__Roseburia;s__Roseburia_hominis	k__Bacteria;p__Bacteroidetes;c__Bacteroidia;o__Bacteroidales;f__Porphyromonadaceae;g__Parabacteroides;s__Parabacteroides_johnsonii	k__Bacteria;p__Actinobacteria;c__Actinobacteria;o__Bifidobacteriales;f__Bifidobacteriaceae;g__Bifidobacterium;s__Bifidobacterium_longum	k__Bacteria;p__Firmicutes;c__Clostridia;o__Clostridiales;f__;g__Flavonifractor;s__Flavonifractor_plautii	k__Bacteria;p__Firmicutes;c__Clostridia;o__Clostridiales;f__Clostridiaceae;g__Clostridium;s__Clostridium_phoceensis	k__Bacteria;p__Verrucomicrobia;c__Verrucomicrobiae;o__Verrucomicrobiales;f__Akkermansiaceae;g__Akkermansia;s__Akkermansia_muciniphila	k__Bacteria;p__Bacteroidetes;c__Bacteroidia;o__Bacteroidales;f__Prevotellaceae;g__Paraprevotella;s__Paraprevotella_xylaniphila	k__Bacteria;p__Firmicutes;c__Clostridia;o__Clostridiales;f__Ruminococcaceae;g__Ruminococcus;s__Ruminococcus_callidus	k__Bacteria;p__Bacteroidetes;c__Bacteroidia;o__Bacteroidales;f__Rikenellaceae;g__Alistipes;s__Alistipes_senegalensis	k__Bacteria;p__Firmicutes;c__Clostridia;o__Clostridiales;f__Lachnospiraceae;g__Blautia;s__Blautia_sp._KLE_1732	k__Bacteria;p__Bacteroidetes;c__Bacteroidia;o__Bacteroidales;f__Bacteroidaceae;g__Bacteroides;s__Bacteroides_oleiciplenus	k__Bacteria;p__Firmicutes;c__Clostridia;o__Clostridiales;f__Ruminococcaceae;g__Ruminococcus;s__Ruminococcus_bicirculans	k__Bacteria;p__Bacteroidetes;c__Bacteroidia;o__Bacteroidales;f__Bacteroidaceae;g__Bacteroides;s__Bacteroides_fluxus	k__Bacteria;p__Bacteroidetes;c__Bacteroidia;o__Bacteroidales;f__Prevotellaceae;g__Prevotella;s__Prevotella_stercorea	k__Bacteria;p__Firmicutes;c__Clostridia;o__Clostridiales;f__Lachnospiraceae;g__Dorea;s__Dorea_longicatena	k__Bacteria;p__Firmicutes;c__Clostridia;o__Clostridiales;f__Eubacteriaceae;g__Eubacterium;s__[Eubacterium]_eligens	k__Bacteria;p__Firmicutes;c__Clostridia;o__Clostridiales;f__Ruminococcaceae;g__;s__Ruminococcaceae_bacterium_D16	k__Bacteria;p__Firmicutes;c__Clostridia;o__Clostridiales;f__Lachnospiraceae;g__Coprococcus;s__Coprococcus_comes	k__Bacteria;p__Proteobacteria;c__Gammaproteobacteria;o__Enterobacterales;f__Enterobacteriaceae;g__Escherichia;s__Escherichia_coli	k__Bacteria;p__Firmicutes;c__Clostridia;o__Clostridiales;f__Ruminococcaceae;g__Anaerotruncus;s__Anaerotruncus_colihominis	k__Bacteria;p__Firmicutes;c__Clostridia;o__Clostridiales;f__Lachnospiraceae;g__Blautia;s__Blautia_obeum	k__Bacteria;p__Bacteroidetes;c__Bacteroidia;o__Bacteroidales;f__Odoribacteraceae;g__Odoribacter;s__Odoribacter_laneus	k__Bacteria;p__Firmicutes;c__Clostridia;o__Clostridiales;f__Ruminococcaceae;g__Ruminiclostridium;s__[Clostridium]_leptum	k__Bacteria;p__Bacteroidetes;c__Bacteroidia;o__Bacteroidales;f__Porphyromonadaceae;g__Parabacteroides;s__Parabacteroides_goldsteinii	k__Bacteria;p__Firmicutes;c__Clostridia;o__Clostridiales;f__Lachnospiraceae;g__Anaerostipes;s__Anaerostipes_hadrus	k__Bacteria;p__Firmicutes;c__Clostridia;o__Clostridiales;f__Ruminococcaceae;g__Ruminococcus;s__Ruminococcus_lactaris	k__Bacteria;p__Firmicutes;c__Clostridia;o__Clostridiales;f__Clostridiaceae;g__Clostridium;s__Clostridium_sp._L2-50	k__Bacteria;p__Firmicutes;c__Clostridia;o__Clostridiales;f__Clostridiaceae;g__Clostridium;s__Clostridium_sp._M62/1	k__Bacteria;p__Firmicutes;c__Clostridia;o__Clostridiales;f__;g__Intestinimonas;s__Intestinimonas_butyriciproducens	k__Bacteria;p__Actinobacteria;c__Actinobacteria;o__Bifidobacteriales;f__Bifidobacteriaceae;g__Bifidobacterium;s__Bifidobacterium_bifidum	k__Bacteria;p__Firmicutes;c__Negativicutes;o__Veillonellales;f__Veillonellaceae;g__Dialister;s__Dialister_invisus	k__Bacteria;p__Bacteroidetes;c__Bacteroidia;o__Bacteroidales;f__Bacteroidaceae;g__Bacteroides;s__Bacteroides_salanitronis
k__Bacteria;p__Bacteroidetes;c__Bacteroidia;o__Bacteroidales;f__Bacteroidaceae;g__Bacteroides;s__Bacteroides_vulgatus	1.0	-0.0943221726868	0.038030873958	-0.0292591990914	-0.0089972612803	0.0733088514408	-0.00634344488135	-0.00229599314282	0.0293099606547	0.0126247173479	0.068354412834	0.014036459968	-0.0770368564736	-0.0603972309552	-0.0352661310469	-0.0265287144325	-0.0178431257756	-0.0146012587268	-0.00807735043743	-0.0147598339547	0.0378034841517	0.0119199745642	-0.00763254033308	-0.0446601866141	-0.00550568523521	-0.0331989096207	0.0304284464988	0.0286412030696	0.0799795223404	-0.0461661976981	-0.0240640799581	-0.0195510456327	0.0656478886804	-0.0147428349481	-0.0489126248688	-0.0486753923006	-0.00565201266599	0.000287720089358	-0.059184761841	-0.0327259563759	0.0200745364707	-0.00481341418716	0.0224413808918	0.0346427359843	0.0348346799726	-0.0361657383148	0.0119674564967	-0.037110899275	0.00870931619997	-0.0632149643422	-0.0213580605029	-0.047611307481	-0.0373526670897	-0.007077170086	-0.0756097978072	0.029789791274	-0.0325636744834	-0.0108325765213	0.0448513343677
k__Bacteria;p__Bacteroidetes;c__Bacteroidia;o__Bacteroidales;f__Bacteroidaceae;g__Bacteroides;s__Bacteroides_uniformis	-0.0943221726868	1.0	0.0476922178356	0.0466328715848	0.0119995093179	0.0145555673118	-0.0151403982593	-0.0658088262827	-0.00653055144457	-0.00242459871349	-0.0126491638263	-0.0221605761122	0.0616452677856	0.00170630893687	-0.0147894631971	-0.00491489150648	-0.0524831041636	-0.0136075509893	0.0390973194336	0.0443360494844	-0.0569408523009	-0.0482054090329	0.02561424447	-0.0820182094536	0.0361020392859	-0.049415529432	0.0198110636862	0.0340332284782	-0.0280010366172	-0.0296415684348	0.0311218355664	-0.00994895662026	0.0199994208067	-0.000701513385376	0.0149779247459	0.00973427140154	-0.071330927359	0.0200861950126	-0.0156818467492	-0.0607516251591	-0.0183477774875	0.0296994760273	-0.0137345762644	0.0365648124631	0.019569998832	-0.0301196973768	-0.0118561702384	-0.0423145235046	0.0598957982026	-0.0204285524304	-0.0326279803616	0.00409001348104	-0.0137114608105	0.030026910165	0.0172149606721	0.0560719804784	0.0359611154814	-0.0649864771828	0.00133656175137
k__Bacteria;p__Bacteroidetes;c__Bacteroidia;o__Bacteroidales;f__Rikenellaceae;g__Alistipes;s__Alistipes_putredinis	0.038030873958	0.0476922178356	1.0	-0.00787890147124	-0.00273343711411	-0.0129523026321	-0.0351955492746	-0.0713730638229	0.00548746107828	-0.0152778243064	-0.0250504297788	0.0324888825619	-0.0455934568418	-0.0920408259027	0.0314893314701	-0.0382525835688	0.0336309631362	-0.0470849958014	0.00871347708458	-0.00826324383082	-0.0444832884498	0.0110236430235	-0.0536116609425	0.00173240432207	0.0273778527242	-0.000586543992471	-0.0191530799785	-0.0378177577851	-0.0942403850611	0.0599490947034	-0.0221146943941	-0.0170197121227	0.0397913517189	-0.0693536989022	0.00568297465479	0.00570913746015	-0.0695211728506	-0.0331526084102	0.0787251768041	-0.0659662053644	0.0159775494774	-0.0455029130997	-0.00618095997069	-0.029219772315	-0.101611887224	-0.0469607456288	0.0138425647721	-0.0771952476505	-0.0678802590954	-0.0187967975749	0.0171488575191	-0.0595792715919	-0.0165625505307	0.049148483609	0.0740709871684	-0.0263448191234	-0.0394899770067	0.0226954646083	0.019299886024
k__Bacteria;p__Bacteroidetes;c__Bacteroidia;o__Bacteroidales;f__Prevotellaceae;g__Prevotella;s__Prevotella_copri	-0.0292591990914	0.0466328715848	-0.00787890147124	1.0	0.0204814321283	-0.030784140975	-0.0308701332522	-0.0339728366065	-0.00622694135612	-0.0304471864127	-0.0217481592122	-0.0201157026839	0.00407517899449	-0.0272262759272	-0.00957715133426	-0.0212352136525	-0.0593005031801	0.014691025459	-0.0480869945008	-0.0520787647452	0.0125260335694	-0.0127193626626	0.123468824222	-0.00130000148855	0.00338640908258	0.0118500506144	0.00885764885276	-0.00751431507162	-0.0282464177104	-0.00276776781137	-0.00552920855115	-0.0181439194443	0.0317187098737	-0.0580576784768	-0.0512567595317	0.0100654583301	-0.00465053743189	0.0315064701666	0.0468099950895	-0.0358075907653	0.0049880303655	0.0632527175846	-0.0159994978406	-0.0254295395722	-0.0557226394336	-0.0385914270616	0.017201789469	0.0229822115734	-0.0545052396974	0.0160128570708	-0.0566727940122	-0.0228855646952	0.0166342702871	0.0560986004029	-0.0313275211066	0.00692793457796	-0.0380642158544	0.00522255958879	-0.0155412976482
k__Bacteria;p__Bacteroidetes;c__Bacteroidia;o__Bacteroidales;f__Bacteroidaceae;g__Bacteroides;s__Bacteroides_stercoris	-0.0089972612803	0.0119995093179	-0.00273343711411	0.0204814321283	1.0	-0.0790843585337	-0.0306348182187	0.100577955229	0.0375547017823	0.064474294876	-0.0606960052996	-0.0521834324939	-0.050554817131	-0.0835199993873	-0.0298152139331	-0.00365446675128	-0.0473864397285	0.0171237409809	-0.00658153713949	-0.0400212175896	-0.000867286633336	-0.0343081944956	0.00371866356772	-0.0187091506513	-0.0541108417427	-0.0139612307691	0.0437251565509	0.100866485527	-0.0635130984828	-0.0229168438802	-0.0168874371122	0.00569501141611	0.0169951410826	-0.0557644349703	-0.0211026301784	-0.00847567530999	0.0149951507625	0.0117382318533	0.0277262793269	0.0232443967133	-0.0384001243745	0.0335379171707	0.0464312096632	-0.013909324742	-0.0247476719549	-0.0266790837714	-0.0111460389638	-0.0766546615393	-0.0259805416937	-0.0131144997013	0.0307284437778	0.0290649862512	-0.0309669960568	0.0347656841127	0.0188620945626	0.0523705725785	0.00550076818884	0.0341420000646	-0.0551225075787
k__Bacteria;p__Bacteroidetes;c__Bacteroidia;o__Bacteroidales;f__Bacteroidaceae;g__Bacteroides;s__Bacteroides_ovatus	0.0733088514408	0.0145555673118	-0.0129523026321	-0.030784140975	-0.0790843585337	1.0	0.0494364193919	-0.0999062840793	-0.0662837337589	-0.0427209927251	-0.018451710572	0.0298662471232	-0.0032222646225	0.0197116902794	-0.0250764176242	-0.073856516672	0.0161579005685	0.0412652276507	-0.0219251809813	-0.0750144928789	-0.0106928357597	0.0272946608071	0.00226265784396	0.0195244275256	-0.0659955486183	-0.0362522479677	0.000478545554473	0.00407269014757	-0.055247262434	0.051373005515	0.00844001868235	-0.00508576241575	0.0256519708374	-0.025061327748	-0.0562016436978	0.0330003550033	0.0334278555547	-0.0353829730132	-0.00425490819093	0.0671129992726	0.0444660422133	-0.0413097932989	-0.0747831107117	0.0289090586894	-0.0474236248001	0.0344429950485	0.0166892390406	-0.00910901297163	-0.00117674677436	-0.0308228946962	-0.0254737964327	-0.0982800652346	0.0273749156569	-0.00800238406472	0.0526282996689	-0.0123980183321	-0.0226035035176	-0.065001299851	0.0345705508986
k__Bacteria;p__Bacteroidetes;c__Bacteroidia;o__Bacteroidales;f__Rikenellaceae;g__Alistipes;s__Alistipes_shahii	-0.00634344488135	-0.0151403982593	-0.0351955492746	-0.0308701332522	-0.0306348182187	0.0494364193919	1.0	0.0757689096542	0.0514311567908	0.0228833325881	-0.0024082277399	-0.0597421464443	-0.036575125005	-0.0766246690742	0.0488852316315	0.00218666540407	-0.0123781471244	-0.0512694297589	0.13176128173	-0.0313247300209	-0.100067644034	0.0205906253878	-0.0538582853209	-0.0321213362134	0.0105204792564	0.0121669686449	-0.0395148476515	0.00757529840887	0.0204455812801	0.0226424724001	-0.0118398435935	-0.00149568782449	-0.00108809780949	-0.0651027161574	-0.0275439110485	-0.0359132920863	-0.0525995231962	-0.0376949916637	-0.0247447718706	-0.00428678056938	-0.0275609242984	0.005135164294	-0.051444266313	-0.00904873011719	-0.0120045730833	-0.054754107719	0.0595418278808	0.0642456833467	-0.0566202537825	-0.0502486658577	0.0303035746979	-0.0102554275606	-0.0463801315449	-0.0148273509562	-0.000825980678661	0.0301533145193	0.0106661514759	-0.0491519784714	0.0271912088118
k__Bacteria;p__Firmicutes;c__Clostridia;o__Clostridiales;f__Ruminococcaceae;g__Faecalibacterium;s__Faecalibacterium_prausnitzii	-0.00229599314282	-0.0658088262827	-0.0713730638229	-0.0339728366065	0.100577955229	-0.0999062840793	0.0757689096542	1.0	0.0419242565962	-0.0638427887968	0.122385846884	0.0482891292	-0.0282665024597	0.00644801399017	-0.0449145640588	-0.00248386880725	0.0287184362749	0.02839394242	-0.0665299609309	-0.00649211119501	-0.0446901876911	0.00578586907658	0.0101621402954	-0.0155882224695	0.0339377974033	-0.0281158607371	-0.0438844462056	0.0512064082868	-0.0262103622325	-0.0192072439293	-0.00148072648941	0.0639923233303	0.0480537139844	-0.0719181552084	-0.0727702910777	-0.0380832695758	-0.0690176500931	0.0078282550342	0.0524461472542	0.046826074761	0.0257203655532	0.111083689284	-0.0357002096985	0.020811014582	0.0406021750798	-0.0139045680336	0.00207074579362	-0.00465408044688	-0.00541224596454	0.0424680362395	-0.0519662856528	0.0281971715699	-0.0719165060089	0.0345492937756	-0.0658984798787	0.0423154797391	-0.00368528111165	-0.0358652059721	-0.0168498307482
k__Bacteria;p__Bacteroidetes;c__Bacteroidia;o__Bacteroidales;f__Rikenellaceae;g__Alistipes;s__Alistipes_finegoldii	0.0293099606547	-0.00653055144457	0.00548746107828	-0.00622694135612	0.0375547017823	-0.0662837337589	0.0514311567908	0.0419242565962	1.0	0.0653326555886	0.0024765619106	0.0104629851824	-0.0351578926649	-0.015371662635	0.00510623682296	0.0298361192141	0.0541429782902	0.000704446014183	0.0289610412668	0.068673483715	-0.0163907384586	0.00848819302321	-0.0266624967102	-0.0733433110269	0.0428259228237	-0.0215460649771	0.00898370256774	0.0166093282203	-0.00543343670434	-0.0162021045152	0.0117642328022	-0.0496372415176	-0.028299454123	-0.0691313324136	0.000725258621106	-0.0440780963051	-0.0222242073158	-0.00662552111205	-0.00466053193771	-0.000875569348986	-0.01715425682	-0.0583387462101	0.0142139046921	0.00406312915528	0.0128076719204	-0.0769298945782	0.0308608318976	-0.080349128462	-0.0185310185204	-0.0424666633779	-0.021393954207	-0.0579532464176	0.00214303506492	0.0024966252391	-0.00860305174474	0.0506015931163	-0.0929720961638	-0.0510853028562	-0.0452235251866
k__Bacteria;p__Bacteroidetes;c__Bacteroidia;o__Bacteroidales;f__Porphyromonadaceae;g__Parabacteroides;s__Parabacteroides_distasonis	0.0126247173479	-0.00242459871349	-0.0152778243064	-0.0304471864127	0.064474294876	-0.0427209927251	0.0228833325881	-0.0638427887968	0.0653326555886	1.0	-0.0418928673803	-0.00280989759385	0.0475967948229	-0.053952113684	0.0337684895922	-0.128714195645	-0.0193233828325	-0.0143644514477	-0.0510485685835	0.00433143461794	-0.0249867618593	-0.0324200862713	-0.0719274925955	-0.0157923221663	0.0100594260011	0.0756665738348	-0.00427659948503	-0.0618754746086	0.0101340598282	-0.0130900006521	-0.0184326029261	-0.0240751582347	0.0240907590392	0.0173349310819	-0.0239663402561	-0.0926335256997	-0.0263970278051	-0.0926467830765	0.00254782910308	0.0104188540872	0.0052416684177	-0.0156281002452	-0.00546611259099	0.0370129365479	-0.0369965905145	-0.0165976037275	-0.063345026622	0.09515305494	-0.0537135476848	0.0059596320042	0.0169643143557	0.0125400258934	-0.0102539600756	-0.0415071088753	0.0032052309563	-0.0300662518683	-0.0392269184262	0.01099122227	0.0843499203661
k__Bacteria;p__Bacteroidetes;c__Bacteroidia;o__Bacteroidales;f__Bacteroidaceae;g__Bacteroides;s__Bacteroides_thetaiotaomicron	0.068354412834	-0.0126491638263	-0.0250504297788	-0.0217481592122	-0.0606960052996	-0.018451710572	-0.0024082277399	0.122385846884	0.0024765619106	-0.0418928673803	1.0	-0.0160263828152	0.0372385153885	-0.0415700863649	-0.0439784320664	-0.0331697841502	-0.0108403631287	-0.0265730754694	0.000845853178119	-0.00411995828117	0.00456809460001	0.0257602188047	-0.0200969319511	0.012397194349	-0.0514244807922	-0.00403987348237	0.00633451413643	0.0230282592464	-0.00239098148364	-0.071204284934	0.043812460388	-0.0382845183046	-0.0317911208534	-0.00145843301165	-0.0349390255913	0.0156407226671	-0.0551495435162	-0.0439168816337	0.050801877364	0.00936403312542	0.0227845667345	-0.0314472950587	-0.0127433016678	-0.0545676842115	0.000641694319172	-0.0334306564487	-0.131660233522	-0.0163774914555	-0.0163676600178	0.0526917272231	-0.0299601743972	0.0042731951499	-0.0817338805209	0.0198876320726	-0.0287795437198	-0.0551159264952	0.0368580642878	0.00497253408457	0.0635378544399
k__Bacteria;p__Bacteroidetes;c__Bacteroidia;o__Bacteroidales;f__Bacteroidaceae;g__Bacteroides;s__Bacteroides_coprocola	0.014036459968	-0.0221605761122	0.0324888825619	-0.0201157026839	-0.0521834324939	0.0298662471232	-0.0597421464443	0.0482891292	0.0104629851824	-0.00280989759385	-0.0160263828152	1.0	0.0370813012154	0.0285560986091	-0.0569619554555	-0.0234996150672	0.0176109668879	-0.0649412532168	-0.0581959707507	0.00976925136777	-0.0593214198268	0.0118563141946	0.0583153326619	-0.0487729754951	-0.0789012386042	-0.0447832832262	-0.0943881541521	-0.00666143466315	0.00359977418049	-0.0345546778518	-0.0256960964414	0.00069454549355	-0.018068393875	-0.0391466842282	0.0309027106402	-0.0311415597899	-0.00318999999016	0.00615673149349	-0.0399687402624	0.0409945499402	0.0182084334903	-0.0590321505623	0.00513469290226	-0.0384701420729	-0.0456136266284	0.0209200789805	-0.0518822261994	-0.0431202770925	-0.0638064132032	0.0125360851313	0.0141439869865	0.0471827752189	-0.0375216923421	-0.00639620775921	0.0458954018489	0.0310854271184	-0.00449203580838	-0.0306572357885	-0.0198362282905
k__Bacteria;p__Bacteroidetes;c__Bacteroidia;o__Bacteroidales;f__Bacteroidaceae;g__Bacteroides;s__Bacteroides_cellulosilyticus	-0.0770368564736	0.0616452677856	-0.0455934568418	0.00407517899449	-0.050554817131	-0.0032222646225	-0.036575125005	-0.0282665024597	-0.0351578926649	0.0475967948229	0.0372385153885	0.0370813012154	1.0	-0.0517884459694	0.000491088554236	0.00726891162048	-0.0156677755886	-0.00811026419539	0.0663823415764	-0.0250170194271	-0.0123109459239	-0.00236632298128	-0.01018438146	-0.0628265093224	0.0224046828273	0.0081039063414	-0.0148265154722	0.00417166196162	-0.00311193478026	0.0306238358116	-0.0310706326384	-0.0265739228307	-0.0261450865004	0.0468208603999	-0.062166087024	-0.0593623845937	0.0400581663983	0.024459152062	-0.0534961145922	0.000217498477914	-0.0952562086534	-0.0297060646392	0.00456101186739	-0.0569712726789	-0.0217348077851	0.0343910244324	-0.0271914605376	-0.0166885640986	0.0772085452297	-0.0377383604644	-0.0171101754967	-0.0105959779377	-0.0144179168577	-0.0267450365263	0.0461242713978	-0.0681578672755	-0.00415161822928	0.0878990755014	-0.0451669140083
k__Bacteria;p__Bacteroidetes;c__Bacteroidia;o__Bacteroidales;f__Rikenellaceae;g__Alistipes;s__Alistipes_obesi	-0.0603972309552	0.00170630893687	-0.0920408259027	-0.0272262759272	-0.0835199993873	0.0197116902794	-0.0766246690742	0.00644801399017	-0.015371662635	-0.053952113684	-0.0415700863649	0.0285560986091	-0.0517884459694	1.0	0.00825960560133	-0.00896160031522	0.0947475887455	-0.0771638233275	-0.00295138964343	0.0515045552506	0.00684406851108	-0.0107377983521	-0.0463111469365	-0.0278604583213	-0.0403971651672	0.0241497049316	-0.00635657565129	-0.0624387882115	-0.0333193395312	-0.0512515085192	-0.0150698587834	-0.0641245743826	-0.0439956932534	-0.0424313551418	0.00893773409757	0.0639145419473	-0.041929740842	0.0272983639571	0.0458574599643	0.057738289201	-0.0365820301871	-0.00557005210186	0.0293738329512	-0.0225903619808	-0.0281322818365	-0.0071304705976	0.0144018054101	0.0334284647565	-0.0412477224709	0.0263616298774	0.00853755571721	-0.035246156744	-0.0730422968086	0.0598309311992	0.00886461363474	-0.0314809316487	0.0441853650986	0.0422039235129	-0.0540605223385
k__Bacteria;p__Firmicutes;c__Clostridia;o__Clostridiales;f__Lachnospiraceae;g__;s__[Eubacterium]_rectale	-0.0352661310469	-0.0147894631971	0.0314893314701	-0.00957715133426	-0.0298152139331	-0.0250764176242	0.0488852316315	-0.0449145640588	0.00510623682296	0.0337684895922	-0.0439784320664	-0.0569619554555	0.000491088554236	0.00825960560133	1.0	-0.0264260405615	-0.0268612896625	-0.00730863134104	-0.0318042450504	-0.0802832542544	0.0389766572036	-0.0147132837804	0.00409382724925	0.0177700765724	0.000697343533915	0.0006653262703	0.0021682597188	0.0263378402864	0.0464235054819	0.0203602288942	0.00907706681623	-0.0656602027322	-0.0572327580611	-0.0563629113174	-0.0285529816702	0.0347124655669	0.0066463216546	-0.0566737519987	0.0433368767704	-0.0583378544749	0.0344861663087	5.57580715512e-05	0.00335357791552	-0.024873414816	0.0234158582894	-0.0139423931914	-0.0748686244195	-0.0117535024625	-0.0196186952369	-0.0507772275451	0.0559246254671	-0.0391540315056	0.0382207364546	-0.0189987991399	-0.0608272870668	-0.00877508232799	-0.0682349236941	-0.0514104724671	-0.0430551675973
k__Bacteria;p__Bacteroidetes;c__Bacteroidia;o__Bacteroidales;f__Bacteroidaceae;g__Bacteroides;s__Bacteroides_plebeius	-0.0265287144325	-0.00491489150648	-0.0382525835688	-0.0212352136525	-0.00365446675128	-0.073856516672	0.00218666540407	-0.00248386880725	0.0298361192141	-0.128714195645	-0.0331697841502	-0.0234996150672	0.00726891162048	-0.00896160031522	-0.0264260405615	1.0	0.0165423946023	0.0341495725754	-0.00408155737779	-0.0233933655796	0.00686611189894	-0.0419283286697	-0.0304640789145	0.0374882200128	-0.0123391109399	-0.0096765668172	0.0382850141678	-0.00846464455981	-0.0130703056009	-0.0694485338971	-0.0415223384255	-0.0038447086701	-0.0493823280469	-0.0255202521026	-0.0459701074937	0.0568821252505	-0.0166552756909	0.0261444656219	0.0132777303361	0.0472265470901	-0.0156913775762	0.00659648121559	-0.0556898463173	0.0332230355245	0.00988141491392	-0.0650914626508	0.0308017457277	0.0078814394541	0.00574832379561	-0.00819727813443	0.00543732422087	0.0437074201256	0.00476111405985	-0.0288288637615	-0.077355648103	-0.0397102947573	0.036432202635	-0.0507208358542	0.0175850319873
k__Bacteria;p__Bacteroidetes;c__Bacteroidia;o__Bacteroidales;f__Bacteroidaceae;g__Bacteroides;s__Bacteroides_fragilis	-0.0178431257756	-0.0524831041636	0.0336309631362	-0.0593005031801	-0.0473864397285	0.0161579005685	-0.0123781471244	0.0287184362749	0.0541429782902	-0.0193233828325	-0.0108403631287	0.0176109668879	-0.0156677755886	0.0947475887455	-0.0268612896625	0.0165423946023	1.0	-0.0158819454485	-0.0297050904596	-0.0242585442744	0.062950798402	-0.0769585763366	-0.0353190626635	0.0120875042054	0.009464014301	0.0356022550877	-0.0519562990199	0.0157128633526	0.0357712215288	-0.034639170821	-0.0812724183442	0.0311473124609	-0.0112466134876	0.0209462184756	-0.0126545173161	0.0154506929513	-0.000367188969721	0.0323130226789	-0.0868538702184	-0.0678553694655	-0.0297347616941	-0.0386750938431	-0.032081456803	0.0876603283205	-0.0264288774586	0.0135209916555	-0.0626401737885	0.0199532915109	0.0272436953509	-0.00987295953941	-0.0590673665919	-0.0609023382936	-0.0356186740584	-0.0205332342109	-0.0696144426867	-0.00160614338868	-0.0646504943725	0.0377188091402	0.0170893234395
k__Bacteria;p__Proteobacteria;c__Betaproteobacteria;o__Burkholderiales;f__Sutterellaceae;g__Sutterella;s__Sutterella_wadsworthensis	-0.0146012587268	-0.0136075509893	-0.0470849958014	0.014691025459	0.0171237409809	0.0412652276507	-0.0512694297589	0.02839394242	0.000704446014183	-0.0143644514477	-0.0265730754694	-0.0649412532168	-0.00811026419539	-0.0771638233275	-0.00730863134104	0.0341495725754	-0.0158819454485	1.0	-0.020844077684	0.00871102573819	0.0133061609822	0.0404718398218	-0.0146103194882	-0.0343905027976	-0.0472387728381	0.0706403380377	-0.00644077902463	-0.0751063870294	-0.0443619121712	0.0844750662753	0.0122945234292	0.00924809387776	0.0614674678334	-0.0531931986536	0.0128445013007	-0.0310205099668	-0.0177670727204	-0.0819626423568	0.00745363940479	-0.0979940562891	-0.0312645708137	-0.0361966680321	-0.0224245948047	-0.0246365347155	0.0382384349249	0.047697758176	-0.0620950468287	-0.046804069882	-0.0177321111826	-0.0363372954323	-0.0221994969692	-0.0384807797379	0.0604464110738	0.0151838638663	0.000939349214379	0.0224175325845	0.0234715746752	0.024375634366	-0.0110329398253
k__Bacteria;p__Bacteroidetes;c__Bacteroidia;o__Bacteroidales;f__Porphyromonadaceae;g__Barnesiella;s__Barnesiella_intestinihominis	-0.00807735043743	0.0390973194336	0.00871347708458	-0.0480869945008	-0.00658153713949	-0.0219251809813	0.13176128173	-0.0665299609309	0.0289610412668	-0.0510485685835	0.000845853178119	-0.0581959707507	0.0663823415764	-0.00295138964343	-0.0318042450504	-0.00408155737779	-0.0297050904596	-0.020844077684	1.0	-0.0582818861066	-0.0409480006032	0.0115233199978	0.00822926457041	-0.00580298308882	0.0381984956723	-0.00138209009273	-0.105974167589	-0.0193130092198	-0.0348361777911	-0.00251076760539	0.0108079926015	-0.0681033579414	0.0808019322065	0.0200235567112	-0.040059931373	-0.0120361396508	-0.051925847771	-0.00549267973643	-0.0430207846841	0.0244570190762	-0.0274368669598	0.00385473788902	-0.0120855686307	-0.0276335531804	0.0628904659489	-0.022490903507	-0.0241608555179	-0.00982599075102	-0.0171659674221	-0.0483083928921	-0.0659805810735	0.0426394093088	0.00475572227924	-0.0325572995472	0.00270625479963	0.00447149713747	-0.0309199473842	0.0692458469922	0.0440420093568
k__Bacteria;p__Bacteroidetes;c__Bacteroidia;o__Bacteroidales;f__Odoribacteraceae;g__Odoribacter;s__Odoribacter_splanchnicus	-0.0147598339547	0.0443360494844	-0.00826324383082	-0.0520787647452	-0.0400212175896	-0.0750144928789	-0.0313247300209	-0.00649211119501	0.068673483715	0.00433143461794	-0.00411995828117	0.00976925136777	-0.0250170194271	0.0515045552506	-0.0802832542544	-0.0233933655796	-0.0242585442744	0.00871102573819	-0.0582818861066	1.0	-0.0619058245618	0.0387563247037	0.0853697317602	-0.0254009249979	0.0255248922802	-0.0711456943624	-0.0349743307977	-0.0546870494737	-0.0162816711665	0.0807773673331	-0.0408263597537	-0.0133933707118	0.0276594890445	-0.0255236327259	0.0468136205359	-0.0440469241077	-0.0298354184482	-0.00153166932559	-0.0528226687773	-0.0118821016566	-0.0426994515296	-0.0568053923402	0.062132677043	-0.0161091010462	-0.103780250767	0.0656075146377	0.0576848485986	-0.0292765117114	0.0831101298061	-0.0534610241717	0.0201315864766	0.0439385186076	-0.00353726993504	-0.0723552806054	0.0288016931777	-0.0610941985438	-0.0186025004493	0.00790561594231	-0.0696122450897
k__Bacteria;p__Bacteroidetes;c__Bacteroidia;o__Bacteroidales;f__Bacteroidaceae;g__Bacteroides;s__Bacteroides_salyersiae	0.0378034841517	-0.0569408523009	-0.0444832884498	0.0125260335694	-0.000867286633336	-0.0106928357597	-0.100067644034	-0.0446901876911	-0.0163907384586	-0.0249867618593	0.00456809460001	-0.0593214198268	-0.0123109459239	0.00684406851108	0.0389766572036	0.00686611189894	0.062950798402	0.0133061609822	-0.0409480006032	-0.0619058245618	1.0	-0.0226627630728	-0.00267412301214	-0.0575513335668	-0.0199012846912	-0.0414740754548	-0.0301017455909	0.0382776557692	0.0696869304126	-0.00143658691712	-0.00434636092707	-0.00415494528974	-0.0527222310596	-0.0149798978769	-0.0849095793538	0.0487532560428	0.0247333045113	0.034157396987	-0.0070616081606	0.00850545712884	-0.00155300440741	-0.0182773243956	0.00118131815089	-0.0500085554165	-0.0499385532293	0.0364830332254	-0.084185216784	-0.0153572034125	-0.0115890106951	0.0320753689591	-0.0687340887757	0.043340777443	0.0346626985299	-0.00598204915598	0.0118689084375	0.0204103386523	-0.0256529585145	-0.0201685909531	0.0409942428256
k__Bacteria;p__Firmicutes;c__Clostridia;o__Clostridiales;f__Ruminococcaceae;g__Ruminiclostridium;s__[Eubacterium]_siraeum	0.0119199745642	-0.0482054090329	0.0110236430235	-0.0127193626626	-0.0343081944956	0.0272946608071	0.0205906253878	0.00578586907658	0.00848819302321	-0.0324200862713	0.0257602188047	0.0118563141946	-0.00236632298128	-0.0107377983521	-0.0147132837804	-0.0419283286697	-0.0769585763366	0.0404718398218	0.0115233199978	0.0387563247037	-0.0226627630728	1.0	-0.0911588806569	-0.00870387977328	-0.0562199557797	0.0234140783835	-0.0327137907858	0.021560868557	-0.0556055540272	-0.0173239365678	-0.00851987234873	0.0665017948162	-0.0478198393768	-0.00335449192527	-0.0472131927872	0.0183084741779	-0.00787475347501	0.0290448239394	0.0335008621344	-0.0222952885868	-0.0355721274979	-0.110408569525	0.0269778630391	0.0242353231205	0.0360949433679	-0.0720930099763	0.0654688284249	-0.0221023318452	-0.0324227122282	-0.0167752389234	-0.00797106149628	0.0206547935425	-0.0015136125588	0.0161261191282	0.0317832953769	-0.0326987449692	0.0141142223826	0.102238999999	0.0501608883751
k__Bacteria;p__Proteobacteria;c__Betaproteobacteria;o__Burkholderiales;f__Sutterellaceae;g__Parasutterella;s__Parasutterella_excrementihominis	-0.00763254033308	0.02561424447	-0.0536116609425	0.123468824222	0.00371866356772	0.00226265784396	-0.0538582853209	0.0101621402954	-0.0266624967102	-0.0719274925955	-0.0200969319511	0.0583153326619	-0.01018438146	-0.0463111469365	0.00409382724925	-0.0304640789145	-0.0353190626635	-0.0146103194882	0.00822926457041	0.0853697317602	-0.00267412301214	-0.0911588806569	1.0	-0.0136056410751	-0.070861454148	-0.0895210764163	-0.0189976359171	0.0194654832314	-0.0463480699789	0.0126753333771	-0.00555461314698	0.00945588044667	-0.0236847672383	0.0114949408079	0.0389942186586	0.00499232891785	0.0143590646352	-0.0260049098923	-0.0436104112139	0.0319195994941	-0.055132669371	0.0242378890929	-0.0216048956805	-0.0320698745137	0.00306186991547	0.098671727325	-0.0857073419202	-0.0360905767746	-0.0546907025547	-0.018417440672	0.00355166788371	0.0185926088995	-0.0277268584328	0.00874938799485	0.000694520727882	0.0203880586845	0.0385285692536	-0.0119249532293	-0.0591382724256
k__Bacteria;p__Actinobacteria;c__Actinobacteria;o__Bifidobacteriales;f__Bifidobacteriaceae;g__Bifidobacterium;s__Bifidobacterium_adolescentis	-0.0446601866141	-0.0820182094536	0.00173240432207	-0.00130000148855	-0.0187091506513	0.0195244275256	-0.0321213362134	-0.0155882224695	-0.0733433110269	-0.0157923221663	0.012397194349	-0.0487729754951	-0.0628265093224	-0.0278604583213	0.0177700765724	0.0374882200128	0.0120875042054	-0.0343905027976	-0.00580298308882	-0.0254009249979	-0.0575513335668	-0.00870387977328	-0.0136056410751	1.0	-0.00544695108905	-0.0508383073018	0.0241538953476	0.00758167356792	0.025956994607	0.0380625553302	0.0105661119116	-0.0440866498239	-0.0565626436917	0.0519094522869	0.0323878502465	0.0112519585481	0.0598878009958	-0.0358846241251	-0.045623899117	-0.0134232900457	0.0241692896821	-0.0986616320769	0.00612532277721	0.00731329434833	-0.0505678133802	0.00663121293124	-0.0135060087836	-0.00857575624764	0.0555625135894	0.0382504245584	0.00816316447305	-0.0177839461508	-0.0253161805991	0.0614806393973	-0.0304201070276	-0.0933556969458	-0.0276194656831	-0.0279160034947	-0.0645436708365
k__Bacteria;p__Firmicutes;c__Clostridia;o__Clostridiales;f__Oscillospiraceae;g__Oscillibacter;s__Oscillibacter_sp._KLE_1745	-0.00550568523521	0.0361020392859	0.0273778527242	0.00338640908258	-0.0541108417427	-0.0659955486183	0.0105204792564	0.0339377974033	0.0428259228237	0.0100594260011	-0.0514244807922	-0.0789012386042	0.0224046828273	-0.0403971651672	0.000697343533915	-0.0123391109399	0.009464014301	-0.0472387728381	0.0381984956723	0.0255248922802	-0.0199012846912	-0.0562199557797	-0.070861454148	-0.00544695108905	1.0	0.00898436607246	0.00235796997956	-0.00318835560862	-0.0734378620198	-0.0385742203382	-0.0793378119097	-0.0571462991374	0.0117091840224	0.0166059628423	0.0605015039829	0.0233022679113	-0.00844327137965	0.051990841936	-0.0315302928696	0.073648732256	-0.0317465051986	0.0306679502895	-0.0205444418324	-0.0230785675349	-0.0796782151427	0.0658164540741	0.0207187429791	0.0456734522596	0.078408126461	-0.0396088171728	-0.0109468058799	-0.00694062078603	-0.0485022691747	0.00748595946046	-0.0455192234623	-0.0304666164003	-0.0244293617634	0.00896533910264	0.0141445889368
k__Bacteria;p__Bacteroidetes;c__Bacteroidia;o__Bacteroidales;f__Bacteroidaceae;g__Bacteroides;s__Bacteroides_coprophilus	-0.0331989096207	-0.049415529432	-0.000586543992471	0.0118500506144	-0.0139612307691	-0.0362522479677	0.0121669686449	-0.0281158607371	-0.0215460649771	0.0756665738348	-0.00403987348237	-0.0447832832262	0.0081039063414	0.0241497049316	0.0006653262703	-0.0096765668172	0.0356022550877	0.0706403380377	-0.00138209009273	-0.0711456943624	-0.0414740754548	0.0234140783835	-0.0895210764163	-0.0508383073018	0.00898436607246	1.0	0.0225330890723	0.00766977446534	0.026751158024	-0.0767496411857	0.0225614555507	-0.00385397978121	0.038638339144	0.00176025922512	-0.037555452112	-0.0318273658887	-0.0167990489634	-0.0318209137693	0.024408869749	-0.0546899601722	0.052033616122	0.00921955960112	-0.0338260986986	-0.0227890430512	0.0372134021529	-0.0167836367556	0.00715174254862	-0.0232345831678	-0.0201300120484	0.0798013564071	-0.0562514736765	0.0281598640151	-0.0287940213559	-0.0167102684554	0.0363730247368	0.0401976718006	0.0224570961654	0.0832556062719	0.0424716658551
k__Bacteria;p__Firmicutes;c__Clostridia;o__Clostridiales;f__Lachnospiraceae;g__Roseburia;s__Roseburia_intestinalis	0.0304284464988	0.0198110636862	-0.0191530799785	0.00885764885276	0.0437251565509	0.000478545554473	-0.0395148476515	-0.0438844462056	0.00898370256774	-0.00427659948503	0.00633451413643	-0.0943881541521	-0.0148265154722	-0.00635657565129	0.0021682597188	0.0382850141678	-0.0519562990199	-0.00644077902463	-0.105974167589	-0.0349743307977	-0.0301017455909	-0.0327137907858	-0.0189976359171	0.0241538953476	0.00235796997956	0.0225330890723	1.0	0.00514430645991	-0.0241964164487	0.0129686925263	-0.0420045975059	-0.00785529900885	-0.0573512319064	0.0290777342779	0.00238112355509	-0.0304023620593	-0.0346903568252	-0.0980897970703	-0.0189033526015	-0.0226931200617	-0.0250620348149	0.0223727033973	-0.0503313979293	-0.0482674658025	-0.0584056172958	-0.00206563639849	0.0179713019805	-0.0354601109594	-0.0840940489289	0.0592328473879	-0.0272220899975	-0.0156265535389	-0.0426040522595	-0.0304662989351	-0.0210724552223	-0.00732845035826	-0.0298757236102	0.0349648988175	-0.00574712471085
k__Bacteria;p__Firmicutes;c__Clostridia;o__Clostridiales;f__Lachnospiraceae;g__Roseburia;s__Roseburia_hominis	0.0286412030696	0.0340332284782	-0.0378177577851	-0.00751431507162	0.100866485527	0.00407269014757	0.00757529840887	0.0512064082868	0.0166093282203	-0.0618754746086	0.0230282592464	-0.00666143466315	0.00417166196162	-0.0624387882115	0.0263378402864	-0.00846464455981	0.0157128633526	-0.0751063870294	-0.0193130092198	-0.0546870494737	0.0382776557692	0.021560868557	0.0194654832314	0.00758167356792	-0.00318835560862	0.00766977446534	0.00514430645991	1.0	-0.0194192689078	-0.0534379806345	0.00943943649184	-0.00854827143203	-0.0139579146468	0.000224219854105	-0.0280691577307	-0.0441294361167	-0.0809223750881	-0.0497669437654	-0.0254352917961	-0.00893760633774	0.0384321177884	-0.067824198998	-0.00415958590421	-0.00619973153531	-0.0110130402888	-0.0215948735903	0.00430623386409	-0.000912557132475	0.0162796475672	-0.00181044717783	-0.0197814062497	0.00259429662052	-0.0214040428908	-0.0256958899006	-0.0150722683445	-0.029445511758	0.016609314153	-0.0676894303697	0.00790509342866
k__Bacteria;p__Bacteroidetes;c__Bacteroidia;o__Bacteroidales;f__Porphyromonadaceae;g__Parabacteroides;s__Parabacteroides_johnsonii	0.0799795223404	-0.0280010366172	-0.0942403850611	-0.0282464177104	-0.0635130984828	-0.055247262434	0.0204455812801	-0.0262103622325	-0.00543343670434	0.0101340598282	-0.00239098148364	0.00359977418049	-0.00311193478026	-0.0333193395312	0.0464235054819	-0.0130703056009	0.0357712215288	-0.0443619121712	-0.0348361777911	-0.0162816711665	0.0696869304126	-0.0556055540272	-0.0463480699789	0.025956994607	-0.0734378620198	0.026751158024	-0.0241964164487	-0.0194192689078	1.0	-0.0794874349427	0.0182246265969	-0.0289541688961	-0.0210290630252	0.0105647003248	-0.0508749897023	-0.00944729355993	0.002702147227	0.0587634486119	-0.0969130675624	-0.0134867317225	-0.0245356784067	-0.059321722576	0.0543969468668	-0.0444892193074	-0.00456742866769	-0.0660409715684	-0.0075653832073	0.0706179915732	-0.0172637673574	-0.0259119878218	0.0156361274191	0.0947613569585	0.0168803184091	0.0180316871841	-0.00251968335599	-0.0260598951359	-0.0119521625305	0.0103584387637	-0.00277880282971
k__Bacteria;p__Actinobacteria;c__Actinobacteria;o__Bifidobacteriales;f__Bifidobacteriaceae;g__Bifidobacterium;s__Bifidobacterium_longum	-0.0461661976981	-0.0296415684348	0.0599490947034	-0.00276776781137	-0.0229168438802	0.051373005515	0.0226424724001	-0.0192072439293	-0.0162021045152	-0.0130900006521	-0.071204284934	-0.0345546778518	0.0306238358116	-0.0512515085192	0.0203602288942	-0.0694485338971	-0.034639170821	0.0844750662753	-0.00251076760539	0.0807773673331	-0.00143658691712	-0.0173239365678	0.0126753333771	0.0380625553302	-0.0385742203382	-0.0767496411857	0.0129686925263	-0.0534379806345	-0.0794874349427	1.0	0.00578396629407	-0.00665641025261	0.0765342397078	0.0278817297022	0.0275397523761	-0.0127366937934	-0.0538799518239	0.038408590252	-0.00912127105884	-0.05353580056	-0.0616757782656	0.00124976337612	-0.02259489242	-0.106522771524	-0.00159904238273	-0.0713100148442	-0.0392146036965	-0.0247177812706	-0.0435356297762	0.0687555459242	-0.0445525902016	-0.0796933436239	0.0502188153214	0.00860992699617	0.00920043114052	-0.068375516	0.000284818740866	-0.0032671399985	-0.00950436205568
