#taxonomy	k__Bacteria;p__Bacteroidetes;c__Bacteroidia;o__Bacteroidales;f__Bacteroidaceae;g__Bacteroides;s__Bacteroides_vulgatus	k__Bacteria;p__Bacteroidetes;c__Bacteroidia;o__Bacteroidales;f__Bacteroidaceae;g__Bacteroides;s__Bacteroides_uniformis	k__Bacteria;p__Bacteroidetes;c__Bacteroidia;o__Bacteroidales;f__Rikenellaceae;g__Alistipes;s__Alistipes_putredinis	k__Bacteria;p__Bacteroidetes;c__Bacteroidia;o__Bacteroidales;f__Prevotellaceae;g__Prevotella;s__Prevotella_copri	k__Bacteria;p__Bacteroidetes;c__Bacteroidia;o__Bacteroidales;f__Bacteroidaceae;g__Bacteroides;s__Bacteroides_stercoris	k__Bacteria;p__Bacteroidetes;c__Bacteroidia;o__Bacteroidales;f__Bacteroidaceae;g__Bacteroides;s__Bacteroides_ovatus	k__Bacteria;p__Bacteroidetes;c__Bacteroidia;o__Bacteroidales;f__Rikenellaceae;g__Alistipes;s__Alistipes_shahii	k__Bacteria;p__Firmicutes;c__Clostridia;o__Clostridiales;f__Ruminococcaceae;g__Faecalibacterium;s__Faecalibacterium_prausnitzii	k__Bacteria;p__Bacteroidetes;c__Bacteroidia;o__Bacteroidales;f__Rikenellaceae;g__Alistipes;s__Alistipes_finegoldii	k__Bacteria;p__Bacteroidetes;c__Bacteroidia;o__Bacteroidales;f__Porphyromonadaceae;g__Parabacteroides;s__Parabacteroides_distasonis	k__Bacteria;p__Bacteroidetes;c__Bacteroidia;o__Bacteroidales;f__Bacteroidaceae;g__Bacteroides;s__Bacteroides_thetaiotaomicron	k__Bacteria;p__Bacteroidetes;c__Bacteroidia;o__Bacteroidales;f__Bacteroidaceae;g__Bacteroides;s__Bacteroides_coprocola	k__Bacteria;p__Bacteroidetes;c__Bacteroidia;o__Bacteroidales;f__Bacteroidaceae;g__Bacteroides;s__Bacteroides_cellulosilyticus	k__Bacteria;p__Bacteroidetes;c__Bacteroidia;o__Bacteroidales;f__Rikenellaceae;g__Alistipes;s__Alistipes_obesi	k__Bacteria;p__Firmicutes;c__Clostridia;o__Clostridiales;f__Lachnospiraceae;g__;s__[Eubacterium]_rectale	k__Bacteria;p__Bacteroidetes;c__Bacteroidia;o__Bacteroidales;f__Bacteroidaceae;g__Bacteroides;s__Bacteroides_plebeius	k__Bacteria;p__Bacteroidetes;c__Bacteroidia;o__Bacteroidales;f__Bacteroidaceae;g__Bacteroides;s__Bacteroides_fragilis	k__Bacteria;p__Proteobacteria;c__Betaproteobacteria;o__Burkholderiales;f__Sutterellaceae;g__Sutterella;s__Sutterella_wadsworthensis	k__Bacteria;p__Bacteroidetes;c__Bacteroidia;o__Bacteroidales;f__Porphyromonadaceae;g__Barnesiella;s__Barnesiella_intestinihominis	k__Bacteria;p__Bacteroidetes;c__Bacteroidia;o__Bacteroidales;f__Odoribacteraceae;g__Odoribacter;s__Odoribacter_splanchnicus	k__Bacteria;p__Bacteroidetes;c__Bacteroidia;o__Bacteroidales;f__Bacteroidaceae;g__Bacteroides;s__Bacteroides_salyersiae	k__Bacteria;p__Firmicutes;c__Clostridia;o__Clostridiales;f__Ruminococcaceae;g__Ruminiclostridium;s__[Eubacterium]_siraeum	k__Bacteria;p__Proteobacteria;c__Betaproteobacteria;o__Burkholderiales;f__Sutterellaceae;g__Parasutterella;s__Parasutterella_excrementihominis	k__Bacteria;p__Actinobacteria;c__Actinobacteria;o__Bifidobacteriales;f__Bifidobacteriaceae;g__Bifidobacterium;s__Bifidobacterium_adolescentis	k__Bacteria;p__Firmicutes;c__Clostridia;o__Clostridiales;f__Oscillospiraceae;g__Oscillibacter;s__Oscillibacter_sp._KLE_1745	k__Bacteria;p__Bacteroidetes;c__Bacteroidia;o__Bacteroidales;f__Bacteroidaceae;g__Bacteroides;s__Bacteroides_coprophilus	k__Bacteria;p__Firmicutes;c__Clostridia;o__Clostridiales;f__Lachnospiraceae;g__Roseburia;s__Roseburia_intestinalis	k__Bacteria;p__Firmicutes;c__Clostridia;o__Clostridiales;f__Lachnospiraceae;g__Roseburia;s__Roseburia_hominis	k__Bacteria;p__Bacteroidetes;c__Bacteroidia;o__Bacteroidales;f__Porphyromonadaceae;g__Parabacteroides;s__Parabacteroides_johnsonii	k__Bacteria;p__Actinobacteria;c__Actinobacteria;o__Bifidobacteriales;f__Bifidobacteriaceae;g__Bifidobacterium;s__Bifidobacterium_longum	k__Bacteria;p__Firmicutes;c__Clostridia;o__Clostridiales;f__;g__Flavonifractor;s__Flavonifractor_plautii	k__Bacteria;p__Firmicutes;c__Clostridia;o__Clostridiales;f__Clostridiaceae;g__Clostridium;s__Clostridium_phoceensis	k__Bacteria;p__Verrucomicrobia;c__Verrucomicrobiae;o__Verrucomicrobiales;f__Akkermansiaceae;g__Akkermansia;s__Akkermansia_muciniphila	k__Bacteria;p__Bacteroidetes;c__Bacteroidia;o__Bacteroidales;f__Prevotellaceae;g__Paraprevotella;s__Paraprevotella_xylaniphila	k__Bacteria;p__Firmicutes;c__Clostridia;o__Clostridiales;f__Ruminococcaceae;g__Ruminococcus;s__Ruminococcus_callidus	k__Bacteria;p__Bacteroidetes;c__Bacteroidia;o__Bacteroidales;f__Rikenellaceae;g__Alistipes;s__Alistipes_senegalensis	k__Bacteria;p__Firmicutes;c__Clostridia;o__Clostridiales;f__Lachnospiraceae;g__Blautia;s__Blautia_sp._KLE_1732	k__Bacteria;p__Bacteroidetes;c__Bacteroidia;o__Bacteroidales;f__Bacteroidaceae;g__Bacteroides;s__Bacteroides_oleiciplenus	k__Bacteria;p__Firmicutes;c__Clostridia;o__Clostridiales;f__Ruminococcaceae;g__Ruminococcus;s__Ruminococcus_bicirculans	k__Bacteria;p__Bacteroidetes;c__Bacteroidia;o__Bacteroidales;f__Bacteroidaceae;g__Bacteroides;s__Bacteroides_fluxus	k__Bacteria;p__Bacteroidetes;c__Bacteroidia;o__Bacteroidales;f__Prevotellaceae;g__Prevotella;s__Prevotella_stercorea	k__Bacteria;p__Firmicutes;c__Clostridia;o__Clostridiales;f__Lachnospiraceae;g__Dorea;s__Dorea_longicatena	k__Bacteria;p__Firmicutes;c__Clostridia;o__Clostridiales;f__Eubacteriaceae;g__Eubacterium;s__[Eubacterium]_eligens	k__Bacteria;p__Firmicutes;c__Clostridia;o__Clostridiales;f__Ruminococcaceae;g__;s__Ruminococcaceae_bacterium_D16	k__Bacteria;p__Firmicutes;c__Clostridia;o__Clostridiales;f__Lachnospiraceae;g__Coprococcus;s__Coprococcus_comes	k__Bacteria;p__Proteobacteria;c__Gammaproteobacteria;o__Enterobacterales;f__Enterobacteriaceae;g__Escherichia;s__Escherichia_coli	k__Bacteria;p__Firmicutes;c__Clostridia;o__Clostridiales;f__Ruminococcaceae;g__Anaerotruncus;s__Anaerotruncus_colihominis	k__Bacteria;p__Firmicutes;c__Clostridia;o__Clostridiales;f__Lachnospiraceae;g__Blautia;s__Blautia_obeum	k__Bacteria;p__Bacteroidetes;c__Bacteroidia;o__Bacteroidales;f__Odoribacteraceae;g__Odoribacter;s__Odoribacter_laneus	k__Bacteria;p__Firmicutes;c__Clostridia;o__Clostridiales;f__Ruminococcaceae;g__Ruminiclostridium;s__[Clostridium]_leptum	k__Bacteria;p__Bacteroidetes;c__Bacteroidia;o__Bacteroidales;f__Porphyromonadaceae;g__Parabacteroides;s__Parabacteroides_goldsteinii	k__Bacteria;p__Firmicutes;c__Clostridia;o__Clostridiales;f__Lachnospiraceae;g__Anaerostipes;s__Anaerostipes_hadrus	k__Bacteria;p__Firmicutes;c__Clostridia;o__Clostridiales;f__Ruminococcaceae;g__Ruminococcus;s__Ruminococcus_lactaris	k__Bacteria;p__Firmicutes;c__Clostridia;o__Clostridiales;f__Clostridiaceae;g__Clostridium;s__Clostridium_sp._L2-50	k__Bacteria;p__Firmicutes;c__Clostridia;o__Clostridiales;f__Clostridiaceae;g__Clostridium;s__Clostridium_sp._M62/1	k__Bacteria;p__Firmicutes;c__Clostridia;o__Clostridiales;f__;g__Intestinimonas;s__Intestinimonas_butyriciproducens	k__Bacteria;p__Actinobacteria;c__Actinobacteria;o__Bifidobacteriales;f__Bifidobacteriaceae;g__Bifidobacterium;s__Bifidobacterium_bifidum	k__Bacteria;p__Firmicutes;c__Negativicutes;o__Veillonellales;f__Veillonellaceae;g__Dialister;s__Dialister_invisus	k__Bacteria;p__Bacteroidetes;c__Bacteroidia;o__Bacteroidales;f__Bacteroidaceae;g__Bacteroides;s__Bacteroides_salanitronis
k__Bacteria;p__Bacteroidetes;c__Bacteroidia;o__Bacteroidales;f__Bacteroidaceae;g__Bacteroides;s__Bacteroides_vulgatus	1.0	-0.0779894964644	-0.0249608377032	0.0130673077948	-0.0318173149823	0.0281608440386	-0.0423041682921	-0.048691699977	-0.0124375212714	0.0344280720577	-0.0544526542645	0.0686559882449	-0.0353548987965	-0.0287582577679	-0.0107516931459	-0.00273062979895	0.0264050170577	-0.0620558648534	0.00298527278913	-0.0535895368462	-0.00376284237046	-0.0564368886991	-0.0304503982784	-0.0186295866709	-0.00962427043986	-0.00157438361586	0.0211077070891	-0.024977018789	-0.0392673658161	-0.0419079153527	-0.0481534416431	-0.0484602732651	0.019668617318	-0.0377852215477	0.0169300548132	0.0158196379587	0.0374866035328	-0.0122451543374	0.0243893527404	0.0148081674116	0.0522555723853	-0.0418112939862	0.00711054620444	-0.0450212299772	0.0046975140163	-0.0021983256659	-0.0381715208858	0.00306933327487	0.0431987862877	-0.000306818923173	-0.0249435675565	0.0175474199082	0.0329599735384	0.0365709350683	0.0401270061402	-0.0250802873306	-0.0435547353132	0.00328182585273	-0.00283929077536
k__Bacteria;p__Bacteroidetes;c__Bacteroidia;o__Bacteroidales;f__Bacteroidaceae;g__Bacteroides;s__Bacteroides_uniformis	-0.0779894964644	1.0	0.037946351086	-0.0261773386659	0.00647730373025	-0.0232518016015	0.0444698593871	-0.00582630205612	-0.0615237039595	-0.0254227773604	0.0357239603012	-0.0741871458159	-0.0160338401753	0.0576619183586	-0.0142788778053	0.0338052143778	0.0359420464917	0.00349504545217	0.0101698743047	0.0914079650702	0.0468390558322	-0.0386319316249	0.027429071335	-0.0376632417262	0.049568594517	-0.0728543909801	-2.35529479083e-05	0.00433804117436	-0.01044335515	-0.0344156246027	-0.0717233773761	-0.0738851564759	0.0478150175795	-0.0409680073015	0.029505109778	-0.0779637573847	0.00944814439155	-0.00243651645622	-0.04059365671	-0.00237753538946	0.0701236492352	-0.0487721862678	-0.00379577397277	-0.0644672531779	0.0189003913636	0.032745260308	0.0104448782252	0.0161967455558	-0.0263900675161	0.0191800051083	-0.0498139217567	-0.105509717126	-0.0272665268814	-0.00748657798396	0.0185116514744	-0.0633413715545	-0.0459834069643	-0.0120765430779	0.0189624615594
k__Bacteria;p__Bacteroidetes;c__Bacteroidia;o__Bacteroidales;f__Rikenellaceae;g__Alistipes;s__Alistipes_putredinis	-0.0249608377032	0.037946351086	1.0	0.0355736420616	-0.0373444450723	-0.0102814204965	-0.0218988336071	-0.00821493223615	0.0178732751079	0.00964878457285	0.025476174725	-0.050122427764	-0.0151009685746	-0.0127237411772	-0.00452763899776	0.00586071479686	0.00998994830625	0.0749869812702	0.020701879369	-0.0168969894575	-0.0152816989297	-0.0321659483487	-0.0584145041061	-0.00599547330317	-0.0141557509694	-0.041208913313	-0.00145850400095	-0.00838645135865	-0.0136424492935	-0.0670652240107	-0.0138129337353	-0.0445852790787	-0.0323253879855	0.0134447041126	0.0266148580308	-0.0162978265243	0.0385523741883	-0.0195153299934	-0.00356106796588	-0.0257494402176	-0.0127082748554	-0.0368728303909	-0.0214979946905	-0.00394395935842	-0.100551621659	-0.0400085971428	0.00645742936808	-0.0670128161743	0.006471022623	-0.0514034493604	-0.0249579550542	0.0903148478611	0.0331656479317	0.0256646623193	-0.00236940043031	-0.0182870388625	0.0203282376774	-0.0320647036802	-0.00286210804552
k__Bacteria;p__Bacteroidetes;c__Bacteroidia;o__Bacteroidales;f__Prevotellaceae;g__Prevotella;s__Prevotella_copri	0.0130673077948	-0.0261773386659	0.0355736420616	1.0	-0.00679941915191	0.0218958306756	0.0674948649849	0.0419100814631	0.00449074864919	-0.046221374096	0.000927865312136	-0.0193828813323	-0.00927752371199	-0.0709309328844	-0.12584442728	-0.0429311430486	-0.000354770394718	-0.0447701342563	0.0240033573032	-0.0783052088146	-0.0202154113124	0.014437974778	0.0485962687782	0.0606149758279	0.0260069205447	-0.0221977261997	-0.0321589823114	0.0338515967544	-0.0178660082253	-0.0282885864845	0.0746702816221	0.00882949351478	-0.0465428912012	-0.0310527086963	-0.056130802354	-0.0169771282212	0.0320803612509	-0.0332745297443	0.0156590218039	0.0770979159919	-0.0962258441459	0.0523373074701	0.0385831275375	0.0291756666256	-0.0212214857405	-0.0134825077407	-0.0136548758793	-0.00479159098404	-0.0617677261523	-0.0659542092723	-0.0396019048301	-0.00234065508705	-0.0378742007744	-0.0223615866675	-0.0102125299437	0.0248643853432	-0.01049974638	0.063017531294	-0.0305142636386
k__Bacteria;p__Bacteroidetes;c__Bacteroidia;o__Bacteroidales;f__Bacteroidaceae;g__Bacteroides;s__Bacteroides_stercoris	-0.0318173149823	0.00647730373025	-0.0373444450723	-0.00679941915191	1.0	0.0163703470992	0.0596818819352	-0.0332020030921	0.035016483021	-0.0510535649339	0.0688534984252	0.041125982105	0.0179462761276	-0.0197834590971	0.0353451415621	-0.0439012312583	-0.0206791721926	0.0461363139298	-0.0129394419012	-0.0351053629335	-0.00242278700892	-0.0192025482795	-0.00242831946087	-0.0213865940833	-0.00578904207693	-0.0129534386363	0.0375854127049	-0.0351735088811	-0.00820887083106	0.0447252357477	-0.0178222866683	-0.0234917823618	-0.0621713993125	0.0259346644539	-0.0288451742383	-0.0292190647864	0.00115059824934	0.00692711544113	0.00349112793314	0.0274323310228	-0.0959449309292	0.0633967515245	-0.0398101133533	0.0126501612492	0.0335429336081	-0.0239229774055	0.0513603037653	-0.0593012064283	-0.0179079251805	-0.0485336476649	0.00334038792181	0.0138620461313	-0.0452658389631	-0.0649131740845	-0.0351935658474	-0.061257018036	0.0228070002477	-0.0360197920331	-0.0458587133563
k__Bacteria;p__Bacteroidetes;c__Bacteroidia;o__Bacteroidales;f__Bacteroidaceae;g__Bacteroides;s__Bacteroides_ovatus	0.0281608440386	-0.0232518016015	-0.0102814204965	0.0218958306756	0.0163703470992	1.0	-0.0303657564525	0.0514805625713	-0.0139127161583	0.0452068903376	-0.0405896099366	-0.0335326094979	-0.00136508596811	-0.00408164419049	0.0404591110356	-0.04508675446	-0.0462492848778	-0.0126192992446	0.0209338690412	-0.00428110295343	0.0147750280527	-0.0306865000803	0.0629261213769	0.0521928150161	-0.0131779203912	-0.0106110405773	-0.0194856856745	-0.0339750090565	-0.022531164931	-0.0544855402266	-0.132040002749	-0.0568777556637	0.0560020662578	0.0201879229259	0.030305153185	-0.00262115363823	0.0492049982753	-0.0180326651027	-0.0341631904153	0.0271194541702	-0.0477552929705	-0.0639776956118	-0.0221376442389	-0.0859231356551	-0.0583378662525	-0.00996924172932	-0.00199732446111	-0.0510701509621	-0.0263437196964	0.0265541572092	-0.00320022751172	-0.0793911862766	-0.0283426589374	-0.0159178892613	-0.0225755640286	0.0225523903228	-0.0153634720461	-0.116406480858	-0.0714321285029
k__Bacteria;p__Bacteroidetes;c__Bacteroidia;o__Bacteroidales;f__Rikenellaceae;g__Alistipes;s__Alistipes_shahii	-0.0423041682921	0.0444698593871	-0.0218988336071	0.0674948649849	0.0596818819352	-0.0303657564525	1.0	-0.00517172660422	0.0237671102735	-0.0778034157134	0.00695571682861	0.0320507872323	-0.00776516617268	0.0168376638174	-0.003710576023	-0.0018284471019	-0.0213084672592	-0.0569284811552	0.0313636138043	-0.000177994589866	0.0233986029703	-0.0234694650258	-0.0511999138784	-0.0224740502901	-0.022751124074	0.025211095891	-0.0471295512009	-0.0246998591063	-0.00536118510119	0.0159609589351	-0.00100423823708	0.0123898402033	-0.0201573098376	-0.000977982727333	-0.0787112076536	-0.097882687599	-0.0284105996868	-0.0284809586701	-0.0436544945553	-0.00876893140303	0.00547839268216	-0.0525872350363	0.0149393348443	0.0199873157311	-0.0227088148373	-0.023632796883	-0.0174349198022	0.00986589325938	0.0215022200378	-0.00971225885827	0.014604416661	-0.00734224456901	0.011076530058	0.0355430398405	-0.00883634797208	-0.00081322887672	-0.0552705317295	0.0466733209539	-0.0371269730358
k__Bacteria;p__Firmicutes;c__Clostridia;o__Clostridiales;f__Ruminococcaceae;g__Faecalibacterium;s__Faecalibacterium_prausnitzii	-0.048691699977	-0.00582630205612	-0.00821493223615	0.0419100814631	-0.0332020030921	0.0514805625713	-0.00517172660422	1.0	-0.00106556116354	-0.00891270414661	-0.0418251515455	-0.0268346495502	-0.0574509211979	-0.0152746404712	-0.0318309357558	-0.0359477703334	0.0106255649857	-0.00648983690469	-0.0463938964271	-0.0342147073	-0.0513872561426	-0.0263333574301	-0.00681107927276	0.0185078407676	0.00931244230644	-0.00375144116695	-0.0027040877074	-0.0266303701546	-0.0223632965112	0.122910105715	-0.0825942635699	0.00659074723557	0.0282915954746	-0.0487616496201	-0.0579321371067	-0.0449331414141	0.0268284642608	-0.0198869319143	-0.011713555155	0.025523460136	-0.0665264813183	-0.00036460778839	0.0176718340145	-0.0242543811538	0.03981675191	0.0567871194634	-0.0420316602409	-0.0143197607309	-0.000761340168838	-0.0145568452597	0.019045024	0.020834093732	-0.0242834932401	0.0214748922041	0.00826761021786	0.0193774956733	0.0610869988771	-0.0194948954663	-0.0135441331513
k__Bacteria;p__Bacteroidetes;c__Bacteroidia;o__Bacteroidales;f__Rikenellaceae;g__Alistipes;s__Alistipes_finegoldii	-0.0124375212714	-0.0615237039595	0.0178732751079	0.00449074864919	0.035016483021	-0.0139127161583	0.0237671102735	-0.00106556116354	1.0	0.00569178755287	-0.0104101265999	0.00766454286657	0.0177607799564	-0.086433438878	-0.015535409641	-0.0501129705405	-0.0822387042317	-0.0160564461378	-0.0230597862821	0.0762145609895	-0.00212569499573	-0.0239935549914	-0.0103731385825	0.0438142833481	0.00273440500157	-0.0338501729986	0.0924372630106	-0.0280880279933	0.00181647007712	-0.0638055073983	-0.0454158564191	-0.0530298993296	-0.0478811000186	0.0203006824303	-0.0498848977447	0.0297580770585	-0.0482810555523	-0.00181806324065	-0.0123250379802	0.00723012417607	-0.0207224311867	-0.00869401510167	-0.0172714490044	-0.0228689316433	-0.072172479991	-0.0230847904016	-0.0209303299622	0.0134194890712	-0.0322282683749	-0.0737531040705	0.00331829336828	-0.0298709633291	0.0411226196395	0.0326031468513	-0.0209386223649	0.0587695799347	0.0133876408193	-0.0299930514621	-0.00193960412492
k__Bacteria;p__Bacteroidetes;c__Bacteroidia;o__Bacteroidales;f__Porphyromonadaceae;g__Parabacteroides;s__Parabacteroides_distasonis	0.0344280720577	-0.0254227773604	0.00964878457285	-0.046221374096	-0.0510535649339	0.0452068903376	-0.0778034157134	-0.00891270414661	0.00569178755287	1.0	0.0274235684431	-0.00307041222308	-0.0570190489479	-0.0620932185185	0.00933473655068	0.0259887867991	0.0492466439695	-0.102009316547	-0.0195318586173	-0.0489335525418	-0.000674697176385	0.0217425174674	-0.0848875914866	0.0495569757761	0.00716081041808	0.00599704374497	0.0413277484998	0.0596972230384	-0.0721513021432	-0.0389231502517	0.0508763027406	-0.0416123009578	-0.0898735855583	-0.0206761273148	-0.051978439379	0.0567619315094	-0.0100304344093	-0.0567398392485	-0.0243697238157	-0.0385625489611	-0.0369722741889	0.0296830118156	-0.0315059635277	-0.00930623140041	0.0896696970289	-0.120209032986	-0.0121469920807	-0.0011562559359	0.0257914731335	-0.0479597010037	-0.0606660639772	-0.0225671126472	0.0677157345578	0.0128090173953	0.000639164605569	-0.0214848617197	0.0701776530962	0.0327118689721	0.00485767491209
k__Bacteria;p__Bacteroidetes;c__Bacteroidia;o__Bacteroidales;f__Bacteroidaceae;g__Bacteroides;s__Bacteroides_thetaiotaomicron	-0.0544526542645	0.0357239603012	0.025476174725	0.000927865312136	0.0688534984252	-0.0405896099366	0.00695571682861	-0.0418251515455	-0.0104101265999	0.0274235684431	1.0	0.00609816524805	-0.0246609376515	-0.0542897288873	0.0236831676159	-0.0249415619187	-0.0271305295847	-0.00184142169893	-0.0109158288792	0.0617197385951	-0.0414884280621	-0.02167681496	0.0400167133701	-0.0341664794938	0.0323942478306	-0.0237950370858	-0.0424081634823	0.0063407561136	-0.0693868364346	0.0802754373838	-0.00697482580348	-0.0852101447768	0.00570586956753	-0.0244421300384	-0.0262309989176	-0.0375370714788	-0.0181219436414	0.0532092344051	-0.0296005983776	0.00989155159485	0.0160491068127	0.0353422376721	-0.0172240405373	0.0789646566311	0.0163304608251	-0.00807114324905	0.00735349343856	0.0238348645499	0.00533635917787	-0.0862223620988	0.00360235730808	0.0663063782027	-0.074042170601	-0.0246966090339	-0.0221598415571	-0.0285625766368	-0.0322259423509	0.0408663773083	-0.00907148378587
k__Bacteria;p__Bacteroidetes;c__Bacteroidia;o__Bacteroidales;f__Bacteroidaceae;g__Bacteroides;s__Bacteroides_coprocola	0.0686559882449	-0.0741871458159	-0.050122427764	-0.0193828813323	0.041125982105	-0.0335326094979	0.0320507872323	-0.0268346495502	0.00766454286657	-0.00307041222308	0.00609816524805	1.0	-0.0442357084955	-0.071078562351	0.0357608599389	-0.02265599582	-0.00891740536377	-0.0115412354116	0.0238128507544	-0.0544490828092	0.020247705774	0.0225883428769	-0.00814570682634	0.0064322242062	-0.0484707766807	-0.0145016688069	0.0371037408194	-0.00463478663242	-0.0108309982909	0.0855111751081	0.0364740437743	-0.0735202639409	0.0686458263035	0.0165002265629	-0.000538531599297	-0.0549976164828	-0.066333424655	0.0540772773542	0.0137753154188	-0.00289708797746	0.052143883341	-0.00846630767926	-0.033446252911	0.0594462669039	-0.0423868620722	-0.020863352	0.00600303315704	-0.0331077725021	-0.0532949614914	0.0285192244713	0.002574126113	-0.0471914277369	-0.0654992198276	-0.0781844309277	-0.0119866936357	-0.0173238931795	-0.0232422594012	0.045818878398	0.0471590757766
k__Bacteria;p__Bacteroidetes;c__Bacteroidia;o__Bacteroidales;f__Bacteroidaceae;g__Bacteroides;s__Bacteroides_cellulosilyticus	-0.0353548987965	-0.0160338401753	-0.0151009685746	-0.00927752371199	0.0179462761276	-0.00136508596811	-0.00776516617268	-0.0574509211979	0.0177607799564	-0.0570190489479	-0.0246609376515	-0.0442357084955	1.0	-0.0314811368218	0.0032368579626	0.00504639923101	0.0741049384526	-0.0296181732924	0.011681336045	-0.0577536654982	0.0273039912067	-0.0250391594567	-0.0415481552168	0.034363831703	0.0493993192695	-0.047450974817	-0.104961908032	0.0306373984823	-0.00755993090565	-0.072408760913	0.0294847469198	-0.0227390518595	-0.0460129245489	0.0137329926917	0.0407197135225	-0.0192083184763	-0.0438040952624	0.0827037699805	-0.0057929047486	0.0338464238254	-0.0733802810926	-0.0265477636326	0.0711795044516	-0.0218807689356	-0.060780455847	-0.020924133746	-0.0625505395483	-0.0151586970172	0.0032334683712	-0.0809408118493	0.0161584697937	0.0195131570795	-0.0378490141336	0.0268146472274	-0.0237532712311	0.0166621424907	0.0883738610444	-0.0395518636266	-0.0482318614819
k__Bacteria;p__Bacteroidetes;c__Bacteroidia;o__Bacteroidales;f__Rikenellaceae;g__Alistipes;s__Alistipes_obesi	-0.0287582577679	0.0576619183586	-0.0127237411772	-0.0709309328844	-0.0197834590971	-0.00408164419049	0.0168376638174	-0.0152746404712	-0.086433438878	-0.0620932185185	-0.0542897288873	-0.071078562351	-0.0314811368218	1.0	0.0130721567028	-0.00769736277714	-0.0121048149359	-0.0793129336589	0.0201743058855	0.0115801382311	-0.0535351562352	0.00151512809681	-0.0365532788084	0.0122638836261	-0.0096122483673	-0.0039675381497	-0.0247342115928	-0.0425605729375	0.00316611275039	-0.0453446727871	-0.0370287802454	-0.0466859047869	-0.0107070840504	0.00574669761644	0.0160895351142	-0.0179711067774	-0.0109768310646	0.0559506365096	0.0643596723642	-0.0313928343969	-0.0636846503165	0.0687007478654	0.0224509343334	-0.00143429178501	-0.0440917278391	-0.0570453466434	-0.0197046780249	0.00875606286144	-0.0178330952186	0.0243254146483	-0.0268063923673	0.0335737358749	-0.044358411274	0.0347355510357	0.0744908156848	0.0115955679736	0.0429432433284	0.00203541387379	0.000124114922022
k__Bacteria;p__Firmicutes;c__Clostridia;o__Clostridiales;f__Lachnospiraceae;g__;s__[Eubacterium]_rectale	-0.0107516931459	-0.0142788778053	-0.00452763899776	-0.12584442728	0.0353451415621	0.0404591110356	-0.003710576023	-0.0318309357558	-0.015535409641	0.00933473655068	0.0236831676159	0.0357608599389	0.0032368579626	0.0130721567028	1.0	-0.0176080492718	-0.0085748200655	-0.00681560974385	-0.0351956827539	0.0175011393279	-0.0298682009349	-0.0358644953658	0.0204343898921	0.0127823112189	-0.105417344317	-0.0132601517202	-0.0483695330726	0.00085666741312	-0.000690564641966	-0.0389422895142	-0.0539888295083	0.0669633473154	-0.0516212722996	0.0561107215335	-0.0627018226289	-0.0279388886871	-0.0992905709639	0.0125722412743	-0.0197858062693	0.00650479871849	0.00272268594316	0.0286067982062	-0.0750149259054	0.024007206883	0.0288394732967	-0.0637904223746	0.0048131753592	0.059703101511	-0.0445501218081	-0.0233979067289	-0.0342660929446	0.00548796092837	-0.0505765796727	0.0164674276533	-0.0176498106935	-0.0420530815775	-0.010435141795	-0.0327225402682	0.0258627155976
k__Bacteria;p__Bacteroidetes;c__Bacteroidia;o__Bacteroidales;f__Bacteroidaceae;g__Bacteroides;s__Bacteroides_plebeius	-0.00273062979895	0.0338052143778	0.00586071479686	-0.0429311430486	-0.0439012312583	-0.04508675446	-0.0018284471019	-0.0359477703334	-0.0501129705405	0.0259887867991	-0.0249415619187	-0.02265599582	0.00504639923101	-0.00769736277714	-0.0176080492718	1.0	-0.071791865405	-0.00442521865576	-0.00399822726157	0.0155117090691	0.0440013327148	0.0808393843391	0.00642538746201	0.0279581551321	-0.0384398416535	-0.0107558295064	0.0270826550986	-0.0121664653578	-0.017294357668	-0.0551498172349	0.0518494680008	0.00502459369192	-0.0315702023192	0.0264064913285	-0.02259720054	0.00855050865385	0.00116424852347	-0.0476544952571	0.0631837241062	-0.0157815833914	-0.0226365360849	-0.0022952340958	-0.0394212410627	-0.0230086054937	-0.00423335838958	0.00524626565712	0.0452807138325	0.0285944850739	-0.0366037342206	0.0465597589768	-0.0695073371422	0.0170074470188	0.033594752261	-0.0415759070504	0.109056901357	0.0562984797135	-0.0422207013232	0.00184292248799	-0.00270935559702
k__Bacteria;p__Bacteroidetes;c__Bacteroidia;o__Bacteroidales;f__Bacteroidaceae;g__Bacteroides;s__Bacteroides_fragilis	0.0264050170577	0.0359420464917	0.00998994830625	-0.000354770394718	-0.0206791721926	-0.0462492848778	-0.0213084672592	0.0106255649857	-0.0822387042317	0.0492466439695	-0.0271305295847	-0.00891740536377	0.0741049384526	-0.0121048149359	-0.0085748200655	-0.071791865405	1.0	-0.0408484020335	-0.0021830960734	0.00490887333707	-0.047277786956	-0.0392551128057	0.0106467858088	0.00406899238234	-0.0633612943334	-0.0194881416938	-0.0711515807951	-0.0362975865505	0.0433419668851	0.0837785938021	0.0158108034734	-0.0137722197636	-0.0163497154597	-0.0579390404773	0.0460799194366	0.00469725633399	0.00981752182059	0.0269344499761	-0.00949710686351	0.0248283456549	-0.0357609565241	-0.0308606602846	-0.0413316353076	-0.022835096265	0.0185009093265	0.0237036227778	-0.0534544930385	-0.0369007408845	-0.0119130509973	-0.00722187780609	-0.0378605376806	-0.0445221337574	-0.00658419962441	0.0686817935918	-0.0662623695797	0.00616972392513	-0.00338344112983	0.00128951867329	-0.0638232099213
k__Bacteria;p__Proteobacteria;c__Betaproteobacteria;o__Burkholderiales;f__Sutterellaceae;g__Sutterella;s__Sutterella_wadsworthensis	-0.0620558648534	0.00349504545217	0.0749869812702	-0.0447701342563	0.0461363139298	-0.0126192992446	-0.0569284811552	-0.00648983690469	-0.0160564461378	-0.102009316547	-0.00184142169893	-0.0115412354116	-0.0296181732924	-0.0793129336589	-0.00681560974385	-0.00442521865576	-0.0408484020335	1.0	0.0745949442692	-0.00469314725728	0.0684053474188	-0.065490488603	0.0505457203438	-0.018413831103	0.0305788966532	-0.0351597015497	0.00285694719474	-0.0534849458308	0.0346591789092	0.0111488703954	-0.0637408673696	0.00307256188266	0.0075857749939	0.00927957477049	0.0351266901138	-0.0155778888605	0.063795497275	-0.0638622795239	0.0469645481325	0.0147886711854	0.00827621060968	0.00521107690946	-0.0271255008809	0.10064166543	-0.000889621849331	-0.00497896177582	-0.0234336635721	0.0148470469211	0.0242342849567	-0.0718228884678	0.0460546912657	0.0357044220096	-0.00822133186787	-0.0619864564636	0.0198886208807	0.0956495149021	-0.022724619631	-0.0174205494778	-0.0272203313704
k__Bacteria;p__Bacteroidetes;c__Bacteroidia;o__Bacteroidales;f__Porphyromonadaceae;g__Barnesiella;s__Barnesiella_intestinihominis	0.00298527278913	0.0101698743047	0.020701879369	0.0240033573032	-0.0129394419012	0.0209338690412	0.0313636138043	-0.0463938964271	-0.0230597862821	-0.0195318586173	-0.0109158288792	0.0238128507544	0.011681336045	0.0201743058855	-0.0351956827539	-0.00399822726157	-0.0021830960734	0.0745949442692	1.0	-0.0941206845864	-0.0356236245153	-0.0666621819515	-0.0312864895978	-0.0133704862759	0.00524071961038	-0.0195775583418	0.0727030207449	-0.018799280946	0.0232676400702	-0.0434679913873	0.0139144568417	-0.0378680135315	0.0569536933057	-0.0396279014414	-0.0172347599384	0.0119762848184	0.0589478882921	-0.0133708194085	-0.0828983285089	-0.0252028471625	0.00748976124638	0.0303412463372	-0.0257933323211	-0.067825949191	-0.0819870434389	-0.00214038434144	-0.0268242379888	-0.047561808455	-0.0335405776631	-0.00376942049645	-0.0252067411024	0.00940797700753	0.00947337887193	-0.0482342797434	0.0410680550118	-0.05183810621	-0.0187068202535	0.00324809572348	0.00649538210688
k__Bacteria;p__Bacteroidetes;c__Bacteroidia;o__Bacteroidales;f__Odoribacteraceae;g__Odoribacter;s__Odoribacter_splanchnicus	-0.0535895368462	0.0914079650702	-0.0168969894575	-0.0783052088146	-0.0351053629335	-0.00428110295343	-0.000177994589866	-0.0342147073	0.0762145609895	-0.0489335525418	0.0617197385951	-0.0544490828092	-0.0577536654982	0.0115801382311	0.0175011393279	0.0155117090691	0.00490887333707	-0.00469314725728	-0.0941206845864	1.0	0.058694878155	0.00346365149591	0.0295132558032	-0.0225734636293	-0.0484307655055	-0.00684099635158	-0.0791631844567	-0.0402335081253	-0.038145672059	-0.0469074381218	0.0191163063727	-0.00255437659649	0.0325437894437	-0.0395520866331	-0.0310845371129	-0.0590081970342	-0.106798980702	0.0231560795508	-0.0254563116303	0.0524891150447	0.0346011434566	-0.0368992003815	0.0462608825721	-0.00739186629104	-0.0278274582703	0.082030829406	-0.0101894803392	-0.0188409022284	0.00690100688924	0.0743146516176	-0.0747431435484	-0.00426260241092	-0.0263299091916	0.0533911460938	-0.0250328288621	-0.0250399064254	-0.0223419220095	-0.050136653666	0.0257964710685
k__Bacteria;p__Bacteroidetes;c__Bacteroidia;o__Bacteroidales;f__Bacteroidaceae;g__Bacteroides;s__Bacteroides_salyersiae	-0.00376284237046	0.0468390558322	-0.0152816989297	-0.0202154113124	-0.00242278700892	0.0147750280527	0.0233986029703	-0.0513872561426	-0.00212569499573	-0.000674697176385	-0.0414884280621	0.020247705774	0.0273039912067	-0.0535351562352	-0.0298682009349	0.0440013327148	-0.047277786956	0.0684053474188	-0.0356236245153	0.058694878155	1.0	0.00923855190447	-0.0215504814154	0.0101331758276	-0.0309635465965	0.0465002701294	-0.0138129556682	0.00395251323448	-0.000367767066585	-0.0977032944551	-0.0343199340027	-0.00117619074962	0.0435371243969	-0.0158532806077	0.0144299078787	0.00850402115836	-0.0391368022924	0.0585674360606	-0.0208671752933	-0.0778131551318	0.0725826163824	0.0159528460599	-0.0610944220727	0.0112223440728	-0.00973984044542	0.00877003650713	0.00419154232509	-0.0169134585439	0.0242430070333	0.0317493583858	-0.00428620549683	0.0230204885223	-0.0390836864825	-0.048558289881	-0.0150121912174	0.00943756101869	0.0311699580536	-0.0454262860447	-0.0490327920956
k__Bacteria;p__Firmicutes;c__Clostridia;o__Clostridiales;f__Ruminococcaceae;g__Ruminiclostridium;s__[Eubacterium]_siraeum	-0.0564368886991	-0.0386319316249	-0.0321659483487	0.014437974778	-0.0192025482795	-0.0306865000803	-0.0234694650258	-0.0263333574301	-0.0239935549914	0.0217425174674	-0.02167681496	0.0225883428769	-0.0250391594567	0.00151512809681	-0.0358644953658	0.0808393843391	-0.0392551128057	-0.065490488603	-0.0666621819515	0.00346365149591	0.00923855190447	1.0	-0.0179034587262	0.00536458403426	-0.023612895137	-0.00299785361945	0.0232606784756	0.0643203304911	0.0790177839178	-0.0871641157008	-0.0523590652764	0.055790190051	0.0119867455632	-0.0365931598515	-0.015162811436	0.0760251574527	-0.0657625923984	-0.00797652338597	-0.0270106356826	-0.0879310559397	0.0423219416499	-0.0082232277031	0.0327474469143	0.0388350750625	0.0101830071946	-0.00195150155454	-0.0360939236159	0.021626461072	-0.0453983211946	-0.0265490564136	-0.059769881064	0.0416857868668	0.0549219089144	-0.00423888658243	-0.0450869497473	0.0357833150418	0.00396627508134	0.0190787161012	-0.0338256876315
k__Bacteria;p__Proteobacteria;c__Betaproteobacteria;o__Burkholderiales;f__Sutterellaceae;g__Parasutterella;s__Parasutterella_excrementihominis	-0.0304503982784	0.027429071335	-0.0584145041061	0.0485962687782	-0.00242831946087	0.0629261213769	-0.0511999138784	-0.00681107927276	-0.0103731385825	-0.0848875914866	0.0400167133701	-0.00814570682634	-0.0415481552168	-0.0365532788084	0.0204343898921	0.00642538746201	0.0106467858088	0.0505457203438	-0.0312864895978	0.0295132558032	-0.0215504814154	-0.0179034587262	1.0	-0.0296761115886	0.0262687968505	0.0109193471092	-0.0342238048502	-0.00969246133308	-0.0374476634311	0.00186416213501	-0.003913369227	-0.00896075955273	0.0121170769404	-0.0735072007932	0.0558073530787	-0.00459600052266	-0.0117939465276	-0.00995061648086	-0.0308314336616	-0.0194018684708	0.0786148991061	-0.0330276945141	0.075753201665	-0.0150560531441	0.0392784975701	0.0185645725849	-0.00583076271904	0.0310097334024	-0.0263670350263	-0.0276927860671	0.036468171258	-0.0602512792495	-0.0455950854873	-0.0538124891757	-0.0065730110643	-0.0337120166248	-0.0646817520202	-0.0351692750835	-0.0343927098511
k__Bacteria;p__Actinobacteria;c__Actinobacteria;o__Bifidobacteriales;f__Bifidobacteriaceae;g__Bifidobacterium;s__Bifidobacterium_adolescentis	-0.0186295866709	-0.0376632417262	-0.00599547330317	0.0606149758279	-0.0213865940833	0.0521928150161	-0.0224740502901	0.0185078407676	0.0438142833481	0.0495569757761	-0.0341664794938	0.0064322242062	0.034363831703	0.0122638836261	0.0127823112189	0.0279581551321	0.00406899238234	-0.018413831103	-0.0133704862759	-0.0225734636293	0.0101331758276	0.00536458403426	-0.0296761115886	1.0	-0.0602368511179	-0.0344985239956	-0.0460150907313	-0.024283239751	-0.0670394123732	0.0997392285645	0.0279474223233	0.0200949549177	-0.02744318788	-0.0211510888874	-0.00254752758284	0.00474040624167	-0.0137627847259	-0.0533073146519	-0.0743217643835	-0.00967674220695	-0.0554072213241	-0.0113939175605	0.0111056313029	-0.0135583075946	-0.00789515238216	-0.00434018314333	-0.0343106644916	0.0409804096939	0.0133220932828	0.0438788035374	-0.074814371756	-0.0411518685584	-0.0260699425565	-0.00728212449083	-0.045639703586	-0.00396006751255	-0.0547489370378	-0.0793810466904	-0.0036415859015
k__Bacteria;p__Firmicutes;c__Clostridia;o__Clostridiales;f__Oscillospiraceae;g__Oscillibacter;s__Oscillibacter_sp._KLE_1745	-0.00962427043986	0.049568594517	-0.0141557509694	0.0260069205447	-0.00578904207693	-0.0131779203912	-0.022751124074	0.00931244230644	0.00273440500157	0.00716081041808	0.0323942478306	-0.0484707766807	0.0493993192695	-0.0096122483673	-0.105417344317	-0.0384398416535	-0.0633612943334	0.0305788966532	0.00524071961038	-0.0484307655055	-0.0309635465965	-0.023612895137	0.0262687968505	-0.0602368511179	1.0	0.038758282346	-0.0844578177558	0.00325502663471	-0.011371378064	-0.0967231131654	-0.0175928548152	-0.0110719357519	-0.00708973846976	-0.00152810919106	0.00511850136292	0.0397640849324	-0.00738044332457	-0.00392413532679	0.00272651982048	0.0181243473002	-0.00636326660904	0.01603373904	-0.00882191233756	-0.0100788034508	0.0337821435611	0.0410457129503	-0.0778116287524	-0.102206507093	-0.0280995727323	-0.0130107925573	0.0193874546593	-0.0315208743548	0.00430617761381	-0.0404375422265	-0.0398827876094	-0.0324437057172	0.0280226836634	-0.0662093513912	0.0100475574958
k__Bacteria;p__Bacteroidetes;c__Bacteroidia;o__Bacteroidales;f__Bacteroidaceae;g__Bacteroides;s__Bacteroides_coprophilus	-0.00157438361586	-0.0728543909801	-0.041208913313	-0.0221977261997	-0.0129534386363	-0.0106110405773	0.025211095891	-0.00375144116695	-0.0338501729986	0.00599704374497	-0.0237950370858	-0.0145016688069	-0.047450974817	-0.0039675381497	-0.0132601517202	-0.0107558295064	-0.0194881416938	-0.0351597015497	-0.0195775583418	-0.00684099635158	0.0465002701294	-0.00299785361945	0.0109193471092	-0.0344985239956	0.038758282346	1.0	-0.00120781349046	0.0177454250833	0.024359384309	-0.0752419016274	-0.0411427925387	0.0077034807991	0.0116106199974	-0.0846584648803	0.00290562854838	-0.0280712238645	-0.0778519484465	0.0132427298476	0.117307712593	0.0521323225129	-0.034320517745	-0.00063937869335	0.0193525571611	-0.0902366858833	0.054734049742	-0.00840283858681	-0.0199883373489	-0.00305087023774	0.0111926081726	0.00864806034778	-0.0122109057458	-0.0956070303832	-0.0143246263785	-0.00277806400155	-0.0168861932954	-0.0225373091656	0.015197963744	-0.0237632194434	-0.0489607469157
k__Bacteria;p__Firmicutes;c__Clostridia;o__Clostridiales;f__Lachnospiraceae;g__Roseburia;s__Roseburia_intestinalis	0.0211077070891	-2.35529479082e-05	-0.00145850400095	-0.0321589823114	0.0375854127049	-0.0194856856745	-0.0471295512009	-0.0027040877074	0.0924372630106	0.0413277484998	-0.0424081634823	0.0371037408194	-0.104961908032	-0.0247342115928	-0.0483695330726	0.0270826550986	-0.0711515807951	0.00285694719474	0.0727030207449	-0.0791631844567	-0.0138129556682	0.0232606784756	-0.0342238048502	-0.0460150907313	-0.0844578177558	-0.00120781349046	1.0	-0.0248065152019	0.0303244570223	-0.0724329523015	-0.00499463036375	-0.0100272085996	-0.0276150999818	0.012366388326	-0.084649464213	-0.0589988252986	0.0123365241174	0.0271221287016	-0.036137086941	-0.0066502703996	0.00588628949688	-0.0153710178011	0.00396796509333	0.0383509440142	-0.00466754989794	-0.0127191591978	0.0314102741648	0.0366351675623	0.0266556766341	-0.00490091959401	-0.0413167827274	0.0221428792483	0.037150615529	-0.0379315501047	0.0688069422066	-0.0456093206801	0.0133441923462	0.00272550457348	0.0467014705748
k__Bacteria;p__Firmicutes;c__Clostridia;o__Clostridiales;f__Lachnospiraceae;g__Roseburia;s__Roseburia_hominis	-0.024977018789	0.00433804117436	-0.00838645135865	0.0338515967544	-0.0351735088811	-0.0339750090565	-0.0246998591063	-0.0266303701546	-0.0280880279933	0.0596972230384	0.0063407561136	-0.00463478663242	0.0306373984823	-0.0425605729375	0.00085666741312	-0.0121664653578	-0.0362975865505	-0.0534849458308	-0.018799280946	-0.0402335081253	0.00395251323448	0.0643203304911	-0.00969246133308	-0.024283239751	0.00325502663471	0.0177454250833	-0.0248065152019	1.0	0.0336825022353	0.0489796807147	-0.0376860158999	-0.0155469827075	-0.0568536399849	-0.0300817569997	0.00881677475477	-0.0738343587265	0.00552217174106	-0.042246950106	0.0346162800147	-0.0170951573563	-0.00647195447912	0.0357068806217	0.0316281638351	-0.0644357240893	0.016099230232	-0.0187589144462	0.0233856267901	-0.0209584714895	-0.0136271368724	0.014346492831	0.0202706889766	-0.0533886860162	-0.0535515974718	-0.0236662657262	-0.0142952686728	-0.0394152089715	-0.0071577199704	0.0219744776638	-0.0586627535479
k__Bacteria;p__Bacteroidetes;c__Bacteroidia;o__Bacteroidales;f__Porphyromonadaceae;g__Parabacteroides;s__Parabacteroides_johnsonii	-0.0392673658161	-0.01044335515	-0.0136424492935	-0.0178660082253	-0.00820887083106	-0.022531164931	-0.00536118510119	-0.0223632965112	0.00181647007712	-0.0721513021432	-0.0693868364346	-0.0108309982909	-0.00755993090565	0.00316611275039	-0.000690564641966	-0.017294357668	0.0433419668851	0.0346591789092	0.0232676400702	-0.038145672059	-0.000367767066585	0.0790177839178	-0.0374476634311	-0.0670394123732	-0.011371378064	0.024359384309	0.0303244570223	0.0336825022353	1.0	-0.0760333152594	-0.0110093041872	-0.0211475268689	0.0320778456307	0.0399957115844	-0.0123492775246	-0.0433500319351	0.0454361630284	-0.0531187929984	-0.032035648042	-0.0144074290641	-0.0101832100666	-0.0710235637736	-0.0339624233784	-0.0637955648569	0.0275743184428	0.0155120475377	-0.00195593964708	0.0174751161281	-0.0780086643042	0.00454648818246	0.0215222891881	-0.00881095081073	0.0272615870111	-0.0309175827072	-0.024669315125	-0.0167409818736	0.00299127742643	-0.0558210373155	0.0349602319148
k__Bacteria;p__Actinobacteria;c__Actinobacteria;o__Bifidobacteriales;f__Bifidobacteriaceae;g__Bifidobacterium;s__Bifidobacterium_longum	-0.0419079153527	-0.0344156246027	-0.0670652240107	-0.0282885864845	0.0447252357477	-0.0544855402266	0.0159609589351	0.122910105715	-0.0638055073983	-0.0389231502517	0.0802754373838	0.0855111751081	-0.072408760913	-0.0453446727871	-0.0389422895142	-0.0551498172349	0.0837785938021	0.0111488703954	-0.0434679913873	-0.0469074381218	-0.0977032944551	-0.0871641157008	0.00186416213501	0.0997392285645	-0.0967231131654	-0.0752419016274	-0.0724329523015	0.0489796807147	-0.0760333152594	1.0	0.00183275231828	-0.0196322998509	0.0148559512315	-0.0589422909846	0.0262845957659	0.0149587867586	0.0236277664214	0.039369118882	-0.0379460082365	-0.0559473072705	-0.00382889894204	-0.0824216098342	0.0325304382424	-0.087610636142	0.0162203803651	0.0270535800725	-0.00854302163557	0.0459737670208	0.0609605452427	0.0156846900196	0.0577611392923	-0.0722683989762	-0.0389731247632	-0.0206601840598	-0.0832010245276	0.0676391027185	-0.0464161779403	0.0214032714098	0.0407665426793
