#taxonomy	k__Bacteria;p__Bacteroidetes;c__Bacteroidia;o__Bacteroidales;f__Bacteroidaceae;g__Bacteroides;s__Bacteroides_vulgatus	k__Bacteria;p__Bacteroidetes;c__Bacteroidia;o__Bacteroidales;f__Bacteroidaceae;g__Bacteroides;s__Bacteroides_uniformis	k__Bacteria;p__Bacteroidetes;c__Bacteroidia;o__Bacteroidales;f__Rikenellaceae;g__Alistipes;s__Alistipes_putredinis	k__Bacteria;p__Bacteroidetes;c__Bacteroidia;o__Bacteroidales;f__Prevotellaceae;g__Prevotella;s__Prevotella_copri	k__Bacteria;p__Bacteroidetes;c__Bacteroidia;o__Bacteroidales;f__Bacteroidaceae;g__Bacteroides;s__Bacteroides_stercoris	k__Bacteria;p__Bacteroidetes;c__Bacteroidia;o__Bacteroidales;f__Bacteroidaceae;g__Bacteroides;s__Bacteroides_ovatus	k__Bacteria;p__Bacteroidetes;c__Bacteroidia;o__Bacteroidales;f__Rikenellaceae;g__Alistipes;s__Alistipes_shahii	k__Bacteria;p__Firmicutes;c__Clostridia;o__Clostridiales;f__Ruminococcaceae;g__Faecalibacterium;s__Faecalibacterium_prausnitzii	k__Bacteria;p__Bacteroidetes;c__Bacteroidia;o__Bacteroidales;f__Rikenellaceae;g__Alistipes;s__Alistipes_finegoldii	k__Bacteria;p__Bacteroidetes;c__Bacteroidia;o__Bacteroidales;f__Porphyromonadaceae;g__Parabacteroides;s__Parabacteroides_distasonis	k__Bacteria;p__Bacteroidetes;c__Bacteroidia;o__Bacteroidales;f__Bacteroidaceae;g__Bacteroides;s__Bacteroides_thetaiotaomicron	k__Bacteria;p__Bacteroidetes;c__Bacteroidia;o__Bacteroidales;f__Bacteroidaceae;g__Bacteroides;s__Bacteroides_coprocola	k__Bacteria;p__Bacteroidetes;c__Bacteroidia;o__Bacteroidales;f__Bacteroidaceae;g__Bacteroides;s__Bacteroides_cellulosilyticus	k__Bacteria;p__Bacteroidetes;c__Bacteroidia;o__Bacteroidales;f__Rikenellaceae;g__Alistipes;s__Alistipes_obesi	k__Bacteria;p__Firmicutes;c__Clostridia;o__Clostridiales;f__Lachnospiraceae;g__;s__[Eubacterium]_rectale	k__Bacteria;p__Bacteroidetes;c__Bacteroidia;o__Bacteroidales;f__Bacteroidaceae;g__Bacteroides;s__Bacteroides_plebeius	k__Bacteria;p__Bacteroidetes;c__Bacteroidia;o__Bacteroidales;f__Bacteroidaceae;g__Bacteroides;s__Bacteroides_fragilis	k__Bacteria;p__Proteobacteria;c__Betaproteobacteria;o__Burkholderiales;f__Sutterellaceae;g__Sutterella;s__Sutterella_wadsworthensis	k__Bacteria;p__Bacteroidetes;c__Bacteroidia;o__Bacteroidales;f__Porphyromonadaceae;g__Barnesiella;s__Barnesiella_intestinihominis	k__Bacteria;p__Bacteroidetes;c__Bacteroidia;o__Bacteroidales;f__Odoribacteraceae;g__Odoribacter;s__Odoribacter_splanchnicus	k__Bacteria;p__Bacteroidetes;c__Bacteroidia;o__Bacteroidales;f__Bacteroidaceae;g__Bacteroides;s__Bacteroides_salyersiae	k__Bacteria;p__Firmicutes;c__Clostridia;o__Clostridiales;f__Ruminococcaceae;g__Ruminiclostridium;s__[Eubacterium]_siraeum	k__Bacteria;p__Proteobacteria;c__Betaproteobacteria;o__Burkholderiales;f__Sutterellaceae;g__Parasutterella;s__Parasutterella_excrementihominis	k__Bacteria;p__Actinobacteria;c__Actinobacteria;o__Bifidobacteriales;f__Bifidobacteriaceae;g__Bifidobacterium;s__Bifidobacterium_adolescentis	k__Bacteria;p__Firmicutes;c__Clostridia;o__Clostridiales;f__Oscillospiraceae;g__Oscillibacter;s__Oscillibacter_sp._KLE_1745	k__Bacteria;p__Bacteroidetes;c__Bacteroidia;o__Bacteroidales;f__Bacteroidaceae;g__Bacteroides;s__Bacteroides_coprophilus	k__Bacteria;p__Firmicutes;c__Clostridia;o__Clostridiales;f__Lachnospiraceae;g__Roseburia;s__Roseburia_intestinalis	k__Bacteria;p__Firmicutes;c__Clostridia;o__Clostridiales;f__Lachnospiraceae;g__Roseburia;s__Roseburia_hominis	k__Bacteria;p__Bacteroidetes;c__Bacteroidia;o__Bacteroidales;f__Porphyromonadaceae;g__Parabacteroides;s__Parabacteroides_johnsonii	k__Bacteria;p__Actinobacteria;c__Actinobacteria;o__Bifidobacteriales;f__Bifidobacteriaceae;g__Bifidobacterium;s__Bifidobacterium_longum	k__Bacteria;p__Firmicutes;c__Clostridia;o__Clostridiales;f__;g__Flavonifractor;s__Flavonifractor_plautii	k__Bacteria;p__Firmicutes;c__Clostridia;o__Clostridiales;f__Clostridiaceae;g__Clostridium;s__Clostridium_phoceensis	k__Bacteria;p__Verrucomicrobia;c__Verrucomicrobiae;o__Verrucomicrobiales;f__Akkermansiaceae;g__Akkermansia;s__Akkermansia_muciniphila	k__Bacteria;p__Bacteroidetes;c__Bacteroidia;o__Bacteroidales;f__Prevotellaceae;g__Paraprevotella;s__Paraprevotella_xylaniphila	k__Bacteria;p__Firmicutes;c__Clostridia;o__Clostridiales;f__Ruminococcaceae;g__Ruminococcus;s__Ruminococcus_callidus	k__Bacteria;p__Bacteroidetes;c__Bacteroidia;o__Bacteroidales;f__Rikenellaceae;g__Alistipes;s__Alistipes_senegalensis	k__Bacteria;p__Firmicutes;c__Clostridia;o__Clostridiales;f__Lachnospiraceae;g__Blautia;s__Blautia_sp._KLE_1732	k__Bacteria;p__Bacteroidetes;c__Bacteroidia;o__Bacteroidales;f__Bacteroidaceae;g__Bacteroides;s__Bacteroides_oleiciplenus	k__Bacteria;p__Firmicutes;c__Clostridia;o__Clostridiales;f__Ruminococcaceae;g__Ruminococcus;s__Ruminococcus_bicirculans	k__Bacteria;p__Bacteroidetes;c__Bacteroidia;o__Bacteroidales;f__Bacteroidaceae;g__Bacteroides;s__Bacteroides_fluxus	k__Bacteria;p__Bacteroidetes;c__Bacteroidia;o__Bacteroidales;f__Prevotellaceae;g__Prevotella;s__Prevotella_stercorea	k__Bacteria;p__Firmicutes;c__Clostridia;o__Clostridiales;f__Lachnospiraceae;g__Dorea;s__Dorea_longicatena	k__Bacteria;p__Firmicutes;c__Clostridia;o__Clostridiales;f__Eubacteriaceae;g__Eubacterium;s__[Eubacterium]_eligens	k__Bacteria;p__Firmicutes;c__Clostridia;o__Clostridiales;f__Ruminococcaceae;g__;s__Ruminococcaceae_bacterium_D16	k__Bacteria;p__Firmicutes;c__Clostridia;o__Clostridiales;f__Lachnospiraceae;g__Coprococcus;s__Coprococcus_comes	k__Bacteria;p__Proteobacteria;c__Gammaproteobacteria;o__Enterobacterales;f__Enterobacteriaceae;g__Escherichia;s__Escherichia_coli	k__Bacteria;p__Firmicutes;c__Clostridia;o__Clostridiales;f__Ruminococcaceae;g__Anaerotruncus;s__Anaerotruncus_colihominis	k__Bacteria;p__Firmicutes;c__Clostridia;o__Clostridiales;f__Lachnospiraceae;g__Blautia;s__Blautia_obeum	k__Bacteria;p__Bacteroidetes;c__Bacteroidia;o__Bacteroidales;f__Odoribacteraceae;g__Odoribacter;s__Odoribacter_laneus	k__Bacteria;p__Firmicutes;c__Clostridia;o__Clostridiales;f__Ruminococcaceae;g__Ruminiclostridium;s__[Clostridium]_leptum	k__Bacteria;p__Bacteroidetes;c__Bacteroidia;o__Bacteroidales;f__Porphyromonadaceae;g__Parabacteroides;s__Parabacteroides_goldsteinii	k__Bacteria;p__Firmicutes;c__Clostridia;o__Clostridiales;f__Lachnospiraceae;g__Anaerostipes;s__Anaerostipes_hadrus	k__Bacteria;p__Firmicutes;c__Clostridia;o__Clostridiales;f__Ruminococcaceae;g__Ruminococcus;s__Ruminococcus_lactaris	k__Bacteria;p__Firmicutes;c__Clostridia;o__Clostridiales;f__Clostridiaceae;g__Clostridium;s__Clostridium_sp._L2-50	k__Bacteria;p__Firmicutes;c__Clostridia;o__Clostridiales;f__Clostridiaceae;g__Clostridium;s__Clostridium_sp._M62/1	k__Bacteria;p__Firmicutes;c__Clostridia;o__Clostridiales;f__;g__Intestinimonas;s__Intestinimonas_butyriciproducens	k__Bacteria;p__Actinobacteria;c__Actinobacteria;o__Bifidobacteriales;f__Bifidobacteriaceae;g__Bifidobacterium;s__Bifidobacterium_bifidum	k__Bacteria;p__Firmicutes;c__Negativicutes;o__Veillonellales;f__Veillonellaceae;g__Dialister;s__Dialister_invisus	k__Bacteria;p__Bacteroidetes;c__Bacteroidia;o__Bacteroidales;f__Bacteroidaceae;g__Bacteroides;s__Bacteroides_salanitronis
k__Bacteria;p__Bacteroidetes;c__Bacteroidia;o__Bacteroidales;f__Bacteroidaceae;g__Bacteroides;s__Bacteroides_vulgatus	1.0	0.0165787312846	-0.0240366176715	-0.0707305113747	0.0443894097669	-0.0259172180018	0.00867642547664	-0.0267916673445	-0.0328565107535	0.0558373442665	0.0310339683111	-0.0136056944277	0.00765146378435	-0.027971756539	-0.0708403230247	-0.0607839422342	0.00927691533162	-0.0261941400406	-0.00554885639407	0.0366870199853	0.0773667494089	0.00503384535063	-0.00162080703513	-0.041765224245	-0.000991735282885	-0.102999195644	0.00905282747508	-0.0353233849236	0.0133099791774	-0.116650992431	-0.0405064637773	0.0171423871038	-0.0509073784565	0.0559008833423	-0.0113266577405	0.00124627829704	-0.0156966644189	-0.0348408514435	0.0249346243871	0.00302682050538	-0.0177817827996	-0.0184377655565	0.0167917726777	0.0242071868557	-0.0108029436866	0.0451591890932	-0.0192145839041	0.0435447522252	-0.011831412856	-0.0507070481751	-0.0166274013388	0.00763244820908	-0.0304047018347	-0.0588935618266	-0.0195575305327	-0.00603073196666	-0.0777697759381	-0.098329388592	0.05492043507
k__Bacteria;p__Bacteroidetes;c__Bacteroidia;o__Bacteroidales;f__Bacteroidaceae;g__Bacteroides;s__Bacteroides_uniformis	0.0165787312846	1.0	0.019336804818	-0.0250416525181	0.00947319297018	-0.00301883860894	-0.000342617993266	-0.0340661939684	0.0395691481743	-0.0308352635976	-0.00984174104835	-0.0129353411641	-0.057924999112	-0.0581256418722	0.00398225351132	-0.0220063511615	0.013472867628	0.0174370781543	-0.0276067094269	-0.01537014004	-0.0344353863637	0.0528666304591	-0.00973528595336	-0.0294813980679	0.000118259046852	-0.0143403855669	0.0194480551578	-0.00529554987115	-0.0249959662685	-0.00532128235468	-0.0299069229129	0.024602819248	-0.00999205758873	-0.0531789488852	0.0395104964703	-0.0386898002601	0.0382796744119	-0.0116828067228	-0.0391077324666	0.0710401623168	-0.0641112106241	0.0190639661723	-0.102539028046	-0.0644159949021	0.0217203926274	0.0183228901418	-0.0386267212013	-0.0274032213664	-0.00873344645656	-0.0353515648997	0.0153089511671	-0.011470244319	-0.0284221795133	-0.0133553094964	0.0651647488206	-0.00592043753036	-0.00966303381477	-0.0557179905397	-0.0415131639396
k__Bacteria;p__Bacteroidetes;c__Bacteroidia;o__Bacteroidales;f__Rikenellaceae;g__Alistipes;s__Alistipes_putredinis	-0.0240366176715	0.019336804818	1.0	-0.0199521059657	0.00674391272651	0.023118953252	0.0271056949458	0.0316996249534	-0.0631286178556	0.0125876103467	0.00725384238834	-0.000483120143296	-0.0540554396875	0.054181242265	-0.0176208550117	-0.0216741512311	-0.0543233375422	0.0897248940822	-0.00930035815726	-0.0172063369681	-0.0319025722066	0.00119709256519	0.00436411836125	-0.0267970999355	-0.0255492024832	-0.0491601276708	-0.0162684766229	-0.0114536101959	-0.0513596403882	-0.0386907208324	0.0223365752075	0.101391461077	-0.0463299531839	0.00071088594963	-0.0672016517973	0.0144403627718	-0.0549200413503	-0.0237249849523	-0.0225962932553	-0.0787628504508	0.000768553465065	-0.0149060531452	0.00758869949909	0.0497993731855	0.00213314357489	-0.0158822449698	0.0684664862563	-0.0123193071295	-0.00678490643361	0.0341103073788	0.0369180976142	-0.0633774041259	-0.0580992612681	-0.0543597513886	-0.0241974014653	-0.0194714995336	-0.00842724061333	0.00616958315968	-0.0631447165935
k__Bacteria;p__Bacteroidetes;c__Bacteroidia;o__Bacteroidales;f__Prevotellaceae;g__Prevotella;s__Prevotella_copri	-0.0707305113747	-0.0250416525181	-0.0199521059657	1.0	0.0137125876291	-0.0830076916565	-0.036942589351	-0.0053891911744	-0.0632203067154	0.0354616514716	-0.0148411110848	-0.0321434978083	0.00227497512709	0.0859518257228	-0.0492444899027	-0.0792131595322	-0.0198904819818	0.017895492899	-0.0161478265121	-0.108635182574	-0.0238815642013	-0.00176946403318	-0.0699064449166	-0.0773845277696	0.00590456511579	0.0053579714553	-0.0640577581671	-0.0382921501754	-0.00358406681524	-0.00495654637903	0.00280961351248	0.00998306894984	0.00213527975348	0.0372661171215	0.0311755733215	-0.00139218503429	-0.0504408558759	0.00159207726832	0.0186694124095	-0.0212433265454	0.106803863727	-0.020456329321	-0.0420150198226	-0.0412984263556	0.00456351389411	0.0228488467783	-0.0753140954767	-0.0072456782877	-0.0126381817134	-0.0244533274385	-0.0571188882813	-0.0430352715508	-0.0301883549903	0.038589463414	0.00727519976228	-0.0229937996593	-0.0287131704964	0.0183340566048	-0.0161603434263
k__Bacteria;p__Bacteroidetes;c__Bacteroidia;o__Bacteroidales;f__Bacteroidaceae;g__Bacteroides;s__Bacteroides_stercoris	0.0443894097669	0.00947319297018	0.00674391272651	0.0137125876291	1.0	-0.0198044833509	0.00528565687668	-0.0612694539629	-0.0367894085807	0.00698712548828	0.0222035098312	-0.0833394723754	0.111501066478	-0.0557352579514	0.0390301225427	0.00783918355114	0.0301117565317	0.0209313962402	-0.0596743602887	0.0110021203883	-0.0443408391233	0.00075417786717	0.013815611554	-0.0394956452973	-0.00726753661354	-0.058555027397	0.00212265449554	-0.0257573994793	0.000359343001549	-0.0401695684019	-0.00786901745923	-0.0117211167604	-0.0217682945912	-0.00992023553874	0.0841123359689	0.00851169715457	0.054768824685	-0.0849030141317	-0.0381715658404	0.0904778451477	0.0511387233912	-0.0438518273242	-0.043458019746	-0.00884445811355	0.053597584836	-0.0682281696631	-0.0241625107495	0.0252227151809	-0.0369494871058	-0.0315183918582	0.0064795983194	-0.0520933661456	0.0283017487057	0.020028329755	-0.0950732740519	0.00964719584726	0.0490564778302	-0.0142947507651	-0.0424220818449
k__Bacteria;p__Bacteroidetes;c__Bacteroidia;o__Bacteroidales;f__Bacteroidaceae;g__Bacteroides;s__Bacteroides_ovatus	-0.0259172180018	-0.00301883860894	0.023118953252	-0.0830076916565	-0.0198044833509	1.0	-0.0223662095047	0.00367130042103	0.0222916987133	-0.075363215373	0.010403216997	0.00341632423155	0.0417331213415	0.0565287589716	-0.00514342393056	-0.0708647279814	-0.0534886725701	0.0569447861492	-0.00878265886463	-0.0609021615432	0.0478638666445	-0.0568410013317	0.0348924426913	0.0194801535708	-0.0222749027598	0.0684057818209	-0.00891317308738	0.0462668590598	-0.00108488534844	-0.0346043515227	-0.00983594929485	-0.0586057606054	-0.00656362657672	-0.0162897963528	0.0393915675411	-0.0566411504928	0.0335096218738	0.0202104118126	-0.0127323498866	-0.0491206233883	-0.0274301114657	-0.0154910790983	-0.00391985252433	0.00786090588646	-0.012070083019	-0.0305350028918	-0.0128946923384	0.071065347363	-0.0680633038224	-0.0699439664419	-0.0150755792568	0.00530591033475	0.0690693685263	0.0148173723758	-0.0175311418878	-0.0346501018759	-0.0199934731213	-0.0313998434367	0.0191617929756
k__Bacteria;p__Bacteroidetes;c__Bacteroidia;o__Bacteroidales;f__Rikenellaceae;g__Alistipes;s__Alistipes_shahii	0.00867642547664	-0.000342617993266	0.0271056949458	-0.036942589351	0.00528565687668	-0.0223662095047	1.0	-0.0343065821205	0.0375507942599	0.0517285556031	-0.00277891529429	-0.0434627808632	-0.0069990916129	0.0128780544415	-0.00858215303792	0.00877062956507	-0.0510354743701	-0.0251763973864	0.0184439637454	-0.0490206690543	0.0517032710089	0.0177241821294	-0.000629042493513	0.0640156495008	-0.00181858880632	-0.0404408087016	-0.0860865070254	0.0247042976306	0.0381761579919	-0.0789911514262	-0.00788410826983	-0.0325272991849	-0.0250410652277	-0.014368419804	-0.0618374435676	-0.0211155172803	-0.0555017629634	0.0378628973204	0.0262886288176	-0.0175475172876	-0.0190072341962	-0.0137247799624	-0.0261341897434	0.0250665701793	-0.0506308279742	0.0218608114776	-0.0347669856028	0.0284637192796	0.0337698124287	-0.0290174877344	-0.0460128936402	-0.0395268647733	0.0434430294928	-0.0252131337095	0.0307041800311	-0.0195963537439	0.0305019869784	-0.0683280180941	-0.0202236181601
k__Bacteria;p__Firmicutes;c__Clostridia;o__Clostridiales;f__Ruminococcaceae;g__Faecalibacterium;s__Faecalibacterium_prausnitzii	-0.0267916673445	-0.0340661939684	0.0316996249534	-0.0053891911744	-0.0612694539629	0.00367130042103	-0.0343065821205	1.0	0.0130273577608	-0.0127187562182	-0.0194825806259	-0.000282426014478	0.0527162331744	0.0689559363691	-0.0295702540548	-0.000952197213658	-6.24495442035e-05	0.0436546579176	-0.0611053375348	-0.0147912130755	-0.0156237978979	0.0177157223866	-0.0118132402456	-0.0386980347369	-0.0500541383012	0.0574267447588	-0.0181517794287	-0.0491990829817	-0.0862067174039	0.0193646180355	0.0257625276056	0.0549160494585	0.0234540240628	-0.0714353618302	0.0114010395124	-0.0261555993984	-0.0262672470658	-0.0206784129321	-0.0019886990856	-0.0113504936899	-0.0341387097427	0.0249895232843	0.00867015678152	-0.0153605254827	0.0135046506384	0.0766357712077	0.0652887980816	-0.00903061020844	0.0216729286715	-0.0162836807771	0.0155216937581	-0.0534641448567	0.0344310171764	-0.0189968356299	0.0117577185579	0.0535687063353	0.0302765299746	-0.0337241065333	-0.0049105057692
k__Bacteria;p__Bacteroidetes;c__Bacteroidia;o__Bacteroidales;f__Rikenellaceae;g__Alistipes;s__Alistipes_finegoldii	-0.0328565107535	0.0395691481743	-0.0631286178556	-0.0632203067154	-0.0367894085807	0.0222916987133	0.0375507942599	0.0130273577608	1.0	0.0125643295725	-0.074668356194	0.0237524863452	-0.0747101275927	0.0085658572239	-0.0153769044065	0.00449868539059	-0.0317950595795	0.0480878404121	0.0135335280529	-0.0505070670966	0.0534102640935	0.016535560158	0.0890709313282	-0.0245496629122	-0.0326857267072	-0.0253508416123	0.0190480115774	0.0127395584004	-0.0293187497041	0.00947435080342	-0.0323515530304	-0.0505296795259	-0.00458838398973	-0.0351585977972	-0.011674221927	-0.039522662581	-0.035321922476	-0.0480609352611	-0.119080572535	0.0558728278518	0.0292080207364	0.0290910583291	-0.0322998561874	-0.00410684171815	-0.0263195068078	-0.0249805772753	0.00920026568075	0.0012480491054	0.0384725622486	0.0328711724283	-0.0679501639174	-0.0418959546073	-0.0260054305221	0.0040963092994	-0.0330613655934	0.0440665665819	-0.0468991798697	0.00434442368862	-0.0282360306752
k__Bacteria;p__Bacteroidetes;c__Bacteroidia;o__Bacteroidales;f__Porphyromonadaceae;g__Parabacteroides;s__Parabacteroides_distasonis	0.0558373442665	-0.0308352635976	0.0125876103467	0.0354616514716	0.00698712548828	-0.075363215373	0.0517285556031	-0.0127187562182	0.0125643295725	1.0	0.042326425702	0.0340285282514	-0.00773934620809	0.0655108661859	0.0341248872861	0.00332368938262	0.0710661883276	-0.0491890843784	-0.0101259922771	-0.0479952954799	-0.0190248212512	-0.070639512389	-0.00475888415356	-0.0163479366718	-0.101044806794	0.055874841915	0.0563366305798	-0.0224186263434	-0.0380194432252	-0.0245495163237	0.029519234286	0.0715532267829	-0.0697184942436	-0.0492155682388	-0.0112448945097	-0.052070807898	-0.0316819146698	-0.0429612525786	-0.0189475030253	0.0165731084229	0.00633297743207	0.0692309370815	-0.0962374235282	-0.0172705308394	-0.0408883756182	0.026683927916	-0.0599664923127	-0.002838223179	-0.00658480497045	-0.0474590555104	-0.0251675008616	-0.0722279706477	-0.0659006078368	0.0280829766333	-0.0244774734813	0.0119213413088	-0.0147128529783	0.0325780892328	-0.0490808928352
k__Bacteria;p__Bacteroidetes;c__Bacteroidia;o__Bacteroidales;f__Bacteroidaceae;g__Bacteroides;s__Bacteroides_thetaiotaomicron	0.0310339683111	-0.00984174104834	0.00725384238834	-0.0148411110848	0.0222035098312	0.010403216997	-0.00277891529429	-0.0194825806259	-0.074668356194	0.042326425702	1.0	0.0130094098908	-0.0654856625857	-0.0532325624952	0.0265048968103	0.0188836615813	0.0288582102214	-0.0937883417966	-0.0180317751745	-0.0512684716506	-0.00768014006697	-0.0645488037299	-0.0124829743119	0.0260102940428	-0.0214292938981	-0.0113113490388	0.0366800025408	-0.0865864078889	-0.056497329515	0.035367571477	0.00606245784993	0.0477166411541	-0.0654122427828	-0.0216281980817	-0.00298520346238	0.00343767305365	-0.0180899934783	-0.00575508193957	-0.0578136647861	-0.00145643709217	0.0234924072981	-0.0258548338755	0.0568057402762	-0.0330430977857	0.00194583142102	-0.0784915936386	-0.0264253274431	0.00149476165468	-0.0391393781566	-0.0550089264711	0.0697777031998	-0.0123562508707	0.0291156699835	0.00267525312031	-0.00659610320166	-0.0818770314013	0.0221301960107	-0.0190046629003	0.0376879106687
k__Bacteria;p__Bacteroidetes;c__Bacteroidia;o__Bacteroidales;f__Bacteroidaceae;g__Bacteroides;s__Bacteroides_coprocola	-0.0136056944277	-0.0129353411641	-0.000483120143296	-0.0321434978083	-0.0833394723754	0.00341632423155	-0.0434627808632	-0.000282426014478	0.0237524863452	0.0340285282514	0.0130094098908	1.0	0.0679179462573	-0.017576183366	0.0294012584845	-0.0517273272732	0.00294822181649	-0.0684556928755	-0.0309857839867	0.00596284488645	-0.0296780566317	-0.0284976474771	0.0536467519035	-0.0563830994039	0.00769620192811	0.0754413627975	-0.0509252272606	-0.0420082542513	-0.0165229766619	-0.0125680484683	0.039285366553	-0.0202454610454	-0.0319934319409	-0.0128369901138	0.0177828216261	-0.0498741300335	-0.0833273173585	0.0024311486146	0.0497107234333	-0.00324833965032	-0.0645177567728	0.0146254372215	0.0216850210546	0.0528225260222	-0.0281403662408	-0.030470900216	0.0104077829528	0.039874779741	-0.0284196910205	0.0159471754113	0.0481633730883	0.0586719500305	0.0304232772471	0.0259955441988	0.0715169296508	-0.0104129437507	0.031477155084	-0.067652599292	-0.0262222218858
k__Bacteria;p__Bacteroidetes;c__Bacteroidia;o__Bacteroidales;f__Bacteroidaceae;g__Bacteroides;s__Bacteroides_cellulosilyticus	0.00765146378435	-0.057924999112	-0.0540554396875	0.00227497512709	0.111501066478	0.0417331213415	-0.0069990916129	0.0527162331744	-0.0747101275927	-0.00773934620809	-0.0654856625857	0.0679179462573	1.0	-0.0117724382658	-0.00281371715292	0.0115695516521	0.0397595029433	0.0150254144565	-0.0337613215831	0.0648286516981	-0.0125069615025	-0.0465362876308	0.00536344010647	-0.00757270796301	0.0025577526887	0.032080556838	-0.0227938867729	0.0237964615895	0.0564540331618	-0.0063470840183	0.00458746015905	0.0221120252838	0.00864360563561	-0.0441124847767	-0.0639562815904	-0.057632833111	-0.0242861004917	0.000664582404475	-0.0500678216742	-0.0157923734971	-0.0398103182379	-0.0127216060159	-0.0542951906459	0.0181845136691	-0.0298620163545	-0.0275082095181	-0.0381678509203	0.0573394467254	-0.094824417635	-0.00026225368748	-0.0174037142897	-0.0195851144063	-0.0562996880303	0.0444261004309	-0.0406717972418	-0.00338854879001	-0.0106785095965	-0.036581827431	-0.012478473939
k__Bacteria;p__Bacteroidetes;c__Bacteroidia;o__Bacteroidales;f__Rikenellaceae;g__Alistipes;s__Alistipes_obesi	-0.027971756539	-0.0581256418722	0.054181242265	0.0859518257228	-0.0557352579514	0.0565287589716	0.0128780544415	0.0689559363691	0.0085658572239	0.0655108661859	-0.0532325624952	-0.017576183366	-0.0117724382658	1.0	0.0848637098141	-0.0316187329474	-0.0348667258646	-0.050025526292	0.00969268665345	0.0112869551831	-0.0181498668887	-0.0687221645775	-0.068055122035	0.0252089137767	-0.0154875444364	-0.0371317576742	0.0314833835841	-0.0213098054549	-0.0675950962465	-0.0119840476534	0.0105148542635	-0.0154148097276	-0.0573781790008	0.0308351131744	-0.0163396586181	0.0109960995221	-0.00830862504703	-0.00238270089134	-0.0548374052638	-0.0625714880221	-0.0246888640592	-0.00650174485653	0.00820344252365	-0.0752544731629	-0.000668074576463	0.0224614434614	0.0264003802858	0.0674869075303	-0.0258771590299	0.0100093161081	-0.0704887389694	-0.0160033583097	0.00499823228579	-0.0375267981315	0.0374525207517	-0.0435792352522	-0.0802345726327	0.00841313717649	-0.0322319751148
k__Bacteria;p__Firmicutes;c__Clostridia;o__Clostridiales;f__Lachnospiraceae;g__;s__[Eubacterium]_rectale	-0.0708403230247	0.00398225351132	-0.0176208550117	-0.0492444899027	0.0390301225427	-0.00514342393056	-0.00858215303792	-0.0295702540548	-0.0153769044065	0.0341248872861	0.0265048968103	0.0294012584845	-0.00281371715292	0.0848637098141	1.0	0.0153852334349	-0.0256397453935	-0.0571208714107	0.0297254088684	-0.0214680450418	0.00979388706991	-0.0545342161153	0.0323480238417	0.0250957505667	-0.0263789303804	-0.0785947035163	-0.0128368444621	-0.0209226695696	-0.0296219532664	-0.0610264718205	-0.0136419220373	0.0151854942416	-0.0666558414378	-0.0089627493039	0.0170830368724	0.000334005666558	0.0730589474227	0.0464291633964	-0.0219165476477	-0.0419472207643	-0.0115389868645	-0.0499806190283	0.0450105172591	-0.00562864356384	-0.0343550565918	-0.104504056819	0.0198058540858	-0.0715781018541	0.0380843346987	-0.000261801304969	-0.0530391787187	0.0177286037516	-0.0117131923749	0.00247861132959	-0.0562796170653	0.0182650492803	0.0661552456753	-0.00981678069197	-0.0445800479951
k__Bacteria;p__Bacteroidetes;c__Bacteroidia;o__Bacteroidales;f__Bacteroidaceae;g__Bacteroides;s__Bacteroides_plebeius	-0.0607839422342	-0.0220063511615	-0.0216741512311	-0.0792131595322	0.00783918355114	-0.0708647279814	0.00877062956507	-0.000952197213658	0.00449868539059	0.00332368938262	0.0188836615813	-0.0517273272732	0.0115695516521	-0.0316187329474	0.0153852334349	1.0	0.0134638152234	-0.0125474161872	-0.0204793490308	0.0736404625101	-0.000668092485546	-0.0318502529169	0.0617497572306	-0.0269464729011	-0.0319777588542	0.016382582947	-0.0567993229045	0.0116712312911	0.0383038252412	-0.0278386472092	0.0787787136886	-0.051522569063	-0.0332130128762	-0.0575961853094	0.0117964930466	-0.0570693400414	0.0196781415336	-0.0106180698174	-0.00214121119162	0.0145881691045	-0.00623074254245	0.0559215904173	-0.0378724465285	0.0390903400329	-0.00392752374941	-0.070367371601	-0.015997491166	-0.0773181126535	-0.0313186856045	0.018757580878	-0.0377222292155	0.0269372897082	-0.0122560707452	-0.0129146485895	-0.0264608784714	-0.0130569636142	-0.013245858625	0.0310646771824	-0.0864995309162
k__Bacteria;p__Bacteroidetes;c__Bacteroidia;o__Bacteroidales;f__Bacteroidaceae;g__Bacteroides;s__Bacteroides_fragilis	0.00927691533162	0.013472867628	-0.0543233375422	-0.0198904819818	0.0301117565317	-0.0534886725701	-0.0510354743701	-6.24495442035e-05	-0.0317950595795	0.0710661883276	0.0288582102214	0.00294822181649	0.0397595029433	-0.0348667258646	-0.0256397453935	0.0134638152234	1.0	0.0112219352473	0.00644773442798	-0.0515884390468	0.0413125127191	-0.0574548294052	-0.015346956829	0.0251201600571	0.0165572228072	0.040999421268	0.0422345064597	0.0360379601425	0.012351958045	-0.0152143467886	-0.0447729924088	-0.026790674651	-0.0209811939556	-0.00230574091571	-0.0794411881585	0.041846695728	-0.041781735343	-0.040574182226	-0.0634268075543	0.0887402360506	-0.0542532704778	-0.0505642078138	-0.000799052657897	-0.0212919095226	0.0292450421052	-0.049697130375	0.00637852403818	-0.0442488661441	-0.0579322643662	-0.0117149555099	-0.0128058094377	-0.0308540177333	-0.0161751795343	0.0145257911269	-0.033638626229	-0.0255924188907	-0.0012234216935	-0.00214670693189	0.0191997487397
k__Bacteria;p__Proteobacteria;c__Betaproteobacteria;o__Burkholderiales;f__Sutterellaceae;g__Sutterella;s__Sutterella_wadsworthensis	-0.0261941400406	0.0174370781543	0.0897248940822	0.017895492899	0.0209313962402	0.0569447861492	-0.0251763973864	0.0436546579176	0.0480878404121	-0.0491890843784	-0.0937883417966	-0.0684556928755	0.0150254144565	-0.050025526292	-0.0571208714107	-0.0125474161872	0.0112219352473	1.0	0.0189681326184	0.00133211742145	-0.0915074105128	0.0253979392297	0.0309750860027	-0.0128203122716	-0.0117337717066	-0.00943784185759	-0.01420585609	-0.04610215285	-0.0222827726774	0.0147768015416	-0.00641016780797	-0.0508818935525	0.050172361079	-0.0494557543373	-0.0382557650852	-0.0167645135275	0.0379099056998	-0.0399324604859	0.0308113104141	-0.0616699007372	0.0245964251021	-0.0363777642269	-0.0208310954859	0.026053062346	0.0162555840595	-0.0370762500517	-0.0103890525274	-0.0299508364105	-0.0259692222067	0.0703796982292	-0.0383998255758	0.0666165151103	0.00384657737061	0.0126787691073	-0.0287297432044	-0.0318224818608	-0.034100847432	0.00227440574893	-0.0904333504271
k__Bacteria;p__Bacteroidetes;c__Bacteroidia;o__Bacteroidales;f__Porphyromonadaceae;g__Barnesiella;s__Barnesiella_intestinihominis	-0.00554885639407	-0.0276067094269	-0.00930035815726	-0.0161478265121	-0.0596743602887	-0.00878265886463	0.0184439637454	-0.0611053375348	0.0135335280529	-0.0101259922771	-0.0180317751745	-0.0309857839867	-0.0337613215831	0.00969268665345	0.0297254088684	-0.0204793490308	0.00644773442798	0.0189681326184	1.0	-0.083729304937	0.0163401171166	-0.0477450251606	-0.014576988969	-0.0185146351017	-0.063969149584	-0.0801660972996	-0.00502449359506	0.00477025034067	-0.02305057978	-0.0356383673435	-0.0181387761832	0.00245058172002	-0.0127981073521	-0.0490931712323	0.0552372273251	0.0392124796138	-0.00102819656364	-0.0362736735193	-0.0499222233251	0.010485289491	0.0691011114197	-0.0392894579466	0.0465939111373	0.0341631393596	-0.0463231514894	0.0298771399526	0.0203324965052	-0.0504557902801	-0.00993791018899	0.0372510778404	0.0090909031364	0.0153379892132	-0.0294904788904	0.010902869422	0.0204775109318	-0.0161284619138	-0.0128002731057	-0.0390372104024	0.0757727947566
k__Bacteria;p__Bacteroidetes;c__Bacteroidia;o__Bacteroidales;f__Odoribacteraceae;g__Odoribacter;s__Odoribacter_splanchnicus	0.0366870199853	-0.01537014004	-0.0172063369681	-0.108635182574	0.0110021203883	-0.0609021615432	-0.0490206690543	-0.0147912130755	-0.0505070670966	-0.0479952954799	-0.0512684716506	0.00596284488645	0.0648286516981	0.0112869551831	-0.0214680450418	0.0736404625101	-0.0515884390468	0.00133211742145	-0.083729304937	1.0	-0.000208748688272	-0.0161512407685	-0.0714080391184	-0.020649603185	-0.0682958165301	-0.0670740382983	0.0270901162451	-0.0557550203892	-0.0295777575903	-0.0681442161878	0.0641242839572	0.00833651680321	0.00930274891061	-0.00683354265556	0.0905373789274	-0.0389611071848	0.0867744703061	-0.0269312964112	0.00225542174814	-0.0182957455707	0.0148035791394	0.0384810006023	-0.0373437346698	-0.0375454202147	0.0699429095546	-0.0299969710882	-0.0299747264404	-0.054028128104	-0.0204089020595	-0.0211643646691	0.0181602036164	0.0306137114875	0.00302326195898	-0.0500861397763	-0.0094011882651	-0.0116619675079	-0.00549137997557	-0.00642522654228	-0.0113832496518
k__Bacteria;p__Bacteroidetes;c__Bacteroidia;o__Bacteroidales;f__Bacteroidaceae;g__Bacteroides;s__Bacteroides_salyersiae	0.0773667494089	-0.0344353863637	-0.0319025722066	-0.0238815642013	-0.0443408391233	0.0478638666445	0.0517032710089	-0.0156237978979	0.0534102640935	-0.0190248212512	-0.00768014006697	-0.0296780566317	-0.0125069615025	-0.0181498668887	0.00979388706991	-0.000668092485546	0.0413125127191	-0.0915074105128	0.0163401171166	-0.000208748688272	1.0	0.00488778897844	0.00236028588835	0.0100157479561	0.0314629903931	-0.0519182084912	0.107213539977	0.0400851713126	-0.0659419570994	-0.0161680483857	-0.0421774385285	0.0446903339416	-0.00904760912554	-0.0177300087633	-0.0551948335025	0.0156260301031	-0.0151345763261	-0.0460693419203	-0.000463744317146	0.0197657513456	-0.00895996927883	-0.0177603192477	-0.0105051369741	-0.0372845354896	0.0368337303352	0.0180129937667	-0.0123470942844	-0.0273569881619	-0.0883583456383	0.0187563723889	-0.0227766869669	-0.0564949446402	0.00938471147843	0.0842162880884	-0.0681107289695	-0.00293014105201	-0.0787989464898	-0.0479264681295	0.0241273751745
k__Bacteria;p__Firmicutes;c__Clostridia;o__Clostridiales;f__Ruminococcaceae;g__Ruminiclostridium;s__[Eubacterium]_siraeum	0.00503384535063	0.0528666304591	0.00119709256519	-0.00176946403318	0.00075417786717	-0.0568410013317	0.0177241821294	0.0177157223866	0.016535560158	-0.070639512389	-0.0645488037299	-0.0284976474771	-0.0465362876308	-0.0687221645775	-0.0545342161153	-0.0318502529169	-0.0574548294052	0.0253979392297	-0.0477450251606	-0.0161512407685	0.00488778897844	1.0	0.0393833067467	0.0217872449108	0.0670202123742	-0.0299007938967	-0.0476186728044	0.00417429394202	0.0232391141902	-0.0542467917059	-0.00357415454823	-0.0598882744395	-0.0641787445525	0.0540610545257	-0.00319348203531	-0.0119863182236	0.00361614537553	0.0495743186291	0.00412324655027	-0.0695697662304	0.0122667309121	0.00444008326264	0.00132947530385	-0.0435147358586	-0.00337883088815	0.033890705649	0.112432072513	-0.0554601519202	-0.0368916312343	0.0104954870145	0.00227867294482	-0.0133312991928	0.010658190217	0.0292101272197	0.037154864539	0.00618894746329	0.0631510831564	-0.00706114242068	-0.0553623176143
k__Bacteria;p__Proteobacteria;c__Betaproteobacteria;o__Burkholderiales;f__Sutterellaceae;g__Parasutterella;s__Parasutterella_excrementihominis	-0.00162080703512	-0.00973528595336	0.00436411836125	-0.0699064449166	0.013815611554	0.0348924426913	-0.000629042493512	-0.0118132402456	0.0890709313282	-0.00475888415356	-0.0124829743119	0.0536467519035	0.00536344010647	-0.068055122035	0.0323480238417	0.0617497572306	-0.015346956829	0.0309750860027	-0.014576988969	-0.0714080391184	0.00236028588835	0.0393833067467	1.0	-0.00412148784519	0.0443174808098	-0.0607207490699	-0.000596416193073	-0.00495926984068	-0.0297819944876	-0.00183548032049	-0.0775045563346	-0.0447498489512	0.0338935857692	-0.0273101553123	-0.00961711978082	-0.0651135015734	-0.0562374663424	-0.0177271211391	0.00742208565741	-0.0664638904415	0.0453202983801	-0.00264653449995	-0.00458624152358	0.0252982274815	0.0341722274817	0.023640057983	-0.0085300483595	0.035268295086	-0.0634883525152	-0.0987250635827	-0.0214459341027	-0.00484724304643	0.0464191912082	-0.00364011660363	0.0210940839541	-0.0787110560876	0.00596957763506	-0.0225491872468	-0.0326889421436
k__Bacteria;p__Actinobacteria;c__Actinobacteria;o__Bifidobacteriales;f__Bifidobacteriaceae;g__Bifidobacterium;s__Bifidobacterium_adolescentis	-0.041765224245	-0.0294813980679	-0.0267970999355	-0.0773845277696	-0.0394956452973	0.0194801535708	0.0640156495008	-0.0386980347369	-0.0245496629122	-0.0163479366718	0.0260102940428	-0.0563830994039	-0.00757270796301	0.0252089137767	0.0250957505667	-0.0269464729011	0.0251201600571	-0.0128203122716	-0.0185146351017	-0.020649603185	0.0100157479561	0.0217872449108	-0.00412148784519	1.0	0.0138507372206	-0.0357497060851	0.0248432584864	-0.0195178801806	0.110126527608	0.0467280024358	-0.0455520171938	-0.00287201728224	-0.0748075437469	0.0239345731618	0.0114681794964	-0.0168797351532	-0.00833722555564	-0.0226178663182	0.0190051146457	-0.0114992232477	-0.0141925619444	0.0158030740903	-0.0412226123488	-0.0515826820158	-0.0646580277414	-0.0218756195515	-0.0733172063569	0.0238924717789	0.0110415686435	0.0572860736346	-0.029501910195	-0.002934533214	-0.0138024549097	-0.0120455825658	0.00169807473632	-0.0181868829923	0.0221258866285	0.000643794302428	0.000991530953675
k__Bacteria;p__Firmicutes;c__Clostridia;o__Clostridiales;f__Oscillospiraceae;g__Oscillibacter;s__Oscillibacter_sp._KLE_1745	-0.000991735282885	0.000118259046852	-0.0255492024832	0.00590456511579	-0.00726753661354	-0.0222749027598	-0.00181858880632	-0.0500541383012	-0.0326857267072	-0.101044806794	-0.0214292938981	0.00769620192811	0.0025577526887	-0.0154875444364	-0.0263789303804	-0.0319777588542	0.0165572228072	-0.0117337717066	-0.063969149584	-0.0682958165301	0.0314629903931	0.0670202123742	0.0443174808098	0.0138507372206	1.0	0.0197901071536	-0.0119543578476	-0.023123372992	0.00384768254023	0.0258338618573	0.0149195020262	-0.0139073374025	-0.0476168151847	-0.0367313673318	-0.0405219314076	-0.00280601686175	-0.0250640968291	-0.0369356072917	0.0186537738461	0.00847256293052	-0.0517637584125	-0.0141352149116	0.0310203981444	0.0176035892404	0.0129605087768	-0.0699465786614	-0.0227782059063	0.0123537027088	0.0479158408739	-0.0209004629045	-0.0112802185865	-0.00487717512634	-0.04560810204	-0.0458553394669	0.054781818947	-0.0208687740735	-0.0352957063623	-0.0233244073077	0.00204726919835
k__Bacteria;p__Bacteroidetes;c__Bacteroidia;o__Bacteroidales;f__Bacteroidaceae;g__Bacteroides;s__Bacteroides_coprophilus	-0.102999195644	-0.0143403855669	-0.0491601276708	0.0053579714553	-0.058555027397	0.0684057818209	-0.0404408087016	0.0574267447588	-0.0253508416123	0.055874841915	-0.0113113490388	0.0754413627975	0.032080556838	-0.0371317576742	-0.0785947035163	0.016382582947	0.040999421268	-0.00943784185759	-0.0801660972996	-0.0670740382983	-0.0519182084912	-0.0299007938967	-0.0607207490699	-0.0357497060851	0.0197901071536	1.0	0.0976553479066	0.0069387598078	0.00219964457909	0.00796139748085	0.00499251458095	-0.0327945249752	0.0324847128287	-0.00137429176865	-0.0258016580016	0.0107979293559	-0.102227033265	0.0260459914265	-0.0304693628833	-1.35366162686e-05	-0.00349122253743	-0.0583454851303	0.00191615981429	-0.0327115968079	-0.05145865176	-0.00186002095614	-0.112231374802	-0.0336050143245	-0.0135508122607	0.0182492214399	0.0918440614506	-0.0105312389673	-0.0328039135387	0.112745967979	0.00365141094148	-0.00723922416525	-0.0385240890551	0.0802464041031	0.0490361898468
k__Bacteria;p__Firmicutes;c__Clostridia;o__Clostridiales;f__Lachnospiraceae;g__Roseburia;s__Roseburia_intestinalis	0.00905282747508	0.0194480551578	-0.0162684766229	-0.0640577581671	0.00212265449554	-0.00891317308738	-0.0860865070254	-0.0181517794287	0.0190480115774	0.0563366305798	0.0366800025408	-0.0509252272606	-0.0227938867729	0.0314833835841	-0.0128368444621	-0.0567993229045	0.0422345064597	-0.01420585609	-0.00502449359506	0.0270901162451	0.107213539977	-0.0476186728044	-0.000596416193074	0.0248432584864	-0.0119543578476	0.0976553479066	1.0	-0.0428551379804	-0.0490338209532	0.00434294034072	-0.0669753967692	0.0216148353822	0.000585964036768	-0.0393398276375	0.0380694071686	0.0432548547682	0.0443278094115	0.0466076723679	-0.0619469516037	-0.0310943260416	-0.0546965172299	0.0163864997223	0.00595471410287	-0.103262598856	-0.062580077726	-0.0292246554236	-0.0576102661406	-0.0363600738623	-0.00688237438115	-0.0162038067011	-0.0115271629447	0.0327690678202	0.016003645128	-0.0126699621309	-0.012950904304	-0.00380394780612	-0.00175403560951	-0.0177772302561	0.0081712568138
k__Bacteria;p__Firmicutes;c__Clostridia;o__Clostridiales;f__Lachnospiraceae;g__Roseburia;s__Roseburia_hominis	-0.0353233849236	-0.00529554987115	-0.0114536101959	-0.0382921501754	-0.0257573994793	0.0462668590598	0.0247042976306	-0.0491990829817	0.0127395584004	-0.0224186263434	-0.0865864078889	-0.0420082542513	0.0237964615895	-0.0213098054549	-0.0209226695696	0.0116712312911	0.0360379601425	-0.04610215285	0.00477025034067	-0.0557550203892	0.0400851713126	0.00417429394202	-0.00495926984068	-0.0195178801806	-0.023123372992	0.0069387598078	-0.0428551379804	1.0	0.0056963358361	-0.0370512804159	0.00346390755291	-0.0543773523737	-0.0511629442682	-0.0173558792927	0.0467243415507	0.0114958346363	-0.0518299474612	-0.0160128000009	0.0450947070061	0.102345265534	-0.0432405538705	-0.000326921744765	-0.0243439821872	0.00027242051547	-0.0426741639474	-0.00373164605027	0.0231750448617	0.0447564391647	-0.0637489312513	0.00698225414918	-0.029294763935	-0.04481458759	-0.0735255149102	-0.0394192221046	0.0483620998159	0.000783848079476	-0.00215080826986	-0.0575565781778	-0.000512757859788
k__Bacteria;p__Bacteroidetes;c__Bacteroidia;o__Bacteroidales;f__Porphyromonadaceae;g__Parabacteroides;s__Parabacteroides_johnsonii	0.0133099791774	-0.0249959662685	-0.0513596403882	-0.00358406681524	0.000359343001549	-0.00108488534844	0.0381761579919	-0.0862067174039	-0.0293187497041	-0.0380194432252	-0.056497329515	-0.0165229766619	0.0564540331618	-0.0675950962465	-0.0296219532664	0.0383038252412	0.012351958045	-0.0222827726774	-0.02305057978	-0.0295777575903	-0.0659419570994	0.0232391141902	-0.0297819944876	0.110126527608	0.00384768254023	0.00219964457909	-0.0490338209532	0.0056963358361	1.0	-0.0400328424507	-0.00018006019082	-0.0568911096798	-0.0128965472473	-0.0124431483172	-0.0242002322802	-0.0489810954107	-0.0167384117684	-0.00370420862239	-0.0590454906412	0.000693551259206	-0.0312469550577	0.000518329746755	-0.0747830580594	-0.0183326532889	0.00154409526611	-0.0104057320207	-0.0756247188861	0.0487908503753	-0.0501468320378	0.0034228848013	-0.061123866771	0.0440302362872	0.0141376914121	0.103908524117	-0.0516308936643	-0.0273717903847	-0.0137395564642	0.0173577118282	-0.00966934244137
k__Bacteria;p__Actinobacteria;c__Actinobacteria;o__Bifidobacteriales;f__Bifidobacteriaceae;g__Bifidobacterium;s__Bifidobacterium_longum	-0.116650992431	-0.00532128235468	-0.0386907208324	-0.00495654637903	-0.0401695684019	-0.0346043515227	-0.0789911514262	0.0193646180355	0.00947435080342	-0.0245495163237	0.035367571477	-0.0125680484683	-0.0063470840183	-0.0119840476534	-0.0610264718205	-0.0278386472092	-0.0152143467886	0.0147768015416	-0.0356383673435	-0.0681442161878	-0.0161680483857	-0.0542467917059	-0.00183548032049	0.0467280024358	0.0258338618573	0.00796139748085	0.00434294034072	-0.0370512804159	-0.0400328424507	1.0	0.0318541112287	0.0425002525001	0.0123919912111	0.0369064623963	-0.0011028992226	0.011947467587	0.0275273779125	0.06050924832	-0.0553604881542	0.0477297019302	-0.0691751089135	0.00276302044413	0.0292568179291	-0.0226378800173	-0.074951189236	-0.0610917620755	-0.0272990259492	-0.0368756410761	0.0289214076304	0.0102589817271	-0.0638385653328	-0.0344777718028	-0.0946568105443	-0.0385966475077	0.00680339732123	0.000805480383068	-0.0376711938722	0.0339077575524	-0.00646184952006
