#taxonomy	k__Bacteria;p__Bacteroidetes;c__Bacteroidia;o__Bacteroidales;f__Bacteroidaceae;g__Bacteroides;s__Bacteroides_vulgatus	k__Bacteria;p__Bacteroidetes;c__Bacteroidia;o__Bacteroidales;f__Bacteroidaceae;g__Bacteroides;s__Bacteroides_uniformis	k__Bacteria;p__Bacteroidetes;c__Bacteroidia;o__Bacteroidales;f__Rikenellaceae;g__Alistipes;s__Alistipes_putredinis	k__Bacteria;p__Bacteroidetes;c__Bacteroidia;o__Bacteroidales;f__Prevotellaceae;g__Prevotella;s__Prevotella_copri	k__Bacteria;p__Bacteroidetes;c__Bacteroidia;o__Bacteroidales;f__Bacteroidaceae;g__Bacteroides;s__Bacteroides_stercoris	k__Bacteria;p__Bacteroidetes;c__Bacteroidia;o__Bacteroidales;f__Bacteroidaceae;g__Bacteroides;s__Bacteroides_ovatus	k__Bacteria;p__Bacteroidetes;c__Bacteroidia;o__Bacteroidales;f__Rikenellaceae;g__Alistipes;s__Alistipes_shahii	k__Bacteria;p__Firmicutes;c__Clostridia;o__Clostridiales;f__Ruminococcaceae;g__Faecalibacterium;s__Faecalibacterium_prausnitzii	k__Bacteria;p__Bacteroidetes;c__Bacteroidia;o__Bacteroidales;f__Rikenellaceae;g__Alistipes;s__Alistipes_finegoldii	k__Bacteria;p__Bacteroidetes;c__Bacteroidia;o__Bacteroidales;f__Porphyromonadaceae;g__Parabacteroides;s__Parabacteroides_distasonis	k__Bacteria;p__Bacteroidetes;c__Bacteroidia;o__Bacteroidales;f__Bacteroidaceae;g__Bacteroides;s__Bacteroides_thetaiotaomicron	k__Bacteria;p__Bacteroidetes;c__Bacteroidia;o__Bacteroidales;f__Bacteroidaceae;g__Bacteroides;s__Bacteroides_coprocola	k__Bacteria;p__Bacteroidetes;c__Bacteroidia;o__Bacteroidales;f__Bacteroidaceae;g__Bacteroides;s__Bacteroides_cellulosilyticus	k__Bacteria;p__Bacteroidetes;c__Bacteroidia;o__Bacteroidales;f__Rikenellaceae;g__Alistipes;s__Alistipes_obesi	k__Bacteria;p__Firmicutes;c__Clostridia;o__Clostridiales;f__Lachnospiraceae;g__;s__[Eubacterium]_rectale	k__Bacteria;p__Bacteroidetes;c__Bacteroidia;o__Bacteroidales;f__Bacteroidaceae;g__Bacteroides;s__Bacteroides_plebeius	k__Bacteria;p__Bacteroidetes;c__Bacteroidia;o__Bacteroidales;f__Bacteroidaceae;g__Bacteroides;s__Bacteroides_fragilis	k__Bacteria;p__Proteobacteria;c__Betaproteobacteria;o__Burkholderiales;f__Sutterellaceae;g__Sutterella;s__Sutterella_wadsworthensis	k__Bacteria;p__Bacteroidetes;c__Bacteroidia;o__Bacteroidales;f__Porphyromonadaceae;g__Barnesiella;s__Barnesiella_intestinihominis	k__Bacteria;p__Bacteroidetes;c__Bacteroidia;o__Bacteroidales;f__Odoribacteraceae;g__Odoribacter;s__Odoribacter_splanchnicus	k__Bacteria;p__Bacteroidetes;c__Bacteroidia;o__Bacteroidales;f__Bacteroidaceae;g__Bacteroides;s__Bacteroides_salyersiae	k__Bacteria;p__Firmicutes;c__Clostridia;o__Clostridiales;f__Ruminococcaceae;g__Ruminiclostridium;s__[Eubacterium]_siraeum	k__Bacteria;p__Proteobacteria;c__Betaproteobacteria;o__Burkholderiales;f__Sutterellaceae;g__Parasutterella;s__Parasutterella_excrementihominis	k__Bacteria;p__Actinobacteria;c__Actinobacteria;o__Bifidobacteriales;f__Bifidobacteriaceae;g__Bifidobacterium;s__Bifidobacterium_adolescentis	k__Bacteria;p__Firmicutes;c__Clostridia;o__Clostridiales;f__Oscillospiraceae;g__Oscillibacter;s__Oscillibacter_sp._KLE_1745	k__Bacteria;p__Bacteroidetes;c__Bacteroidia;o__Bacteroidales;f__Bacteroidaceae;g__Bacteroides;s__Bacteroides_coprophilus	k__Bacteria;p__Firmicutes;c__Clostridia;o__Clostridiales;f__Lachnospiraceae;g__Roseburia;s__Roseburia_intestinalis	k__Bacteria;p__Firmicutes;c__Clostridia;o__Clostridiales;f__Lachnospiraceae;g__Roseburia;s__Roseburia_hominis	k__Bacteria;p__Bacteroidetes;c__Bacteroidia;o__Bacteroidales;f__Porphyromonadaceae;g__Parabacteroides;s__Parabacteroides_johnsonii	k__Bacteria;p__Actinobacteria;c__Actinobacteria;o__Bifidobacteriales;f__Bifidobacteriaceae;g__Bifidobacterium;s__Bifidobacterium_longum	k__Bacteria;p__Firmicutes;c__Clostridia;o__Clostridiales;f__;g__Flavonifractor;s__Flavonifractor_plautii	k__Bacteria;p__Firmicutes;c__Clostridia;o__Clostridiales;f__Clostridiaceae;g__Clostridium;s__Clostridium_phoceensis	k__Bacteria;p__Verrucomicrobia;c__Verrucomicrobiae;o__Verrucomicrobiales;f__Akkermansiaceae;g__Akkermansia;s__Akkermansia_muciniphila	k__Bacteria;p__Bacteroidetes;c__Bacteroidia;o__Bacteroidales;f__Prevotellaceae;g__Paraprevotella;s__Paraprevotella_xylaniphila	k__Bacteria;p__Firmicutes;c__Clostridia;o__Clostridiales;f__Ruminococcaceae;g__Ruminococcus;s__Ruminococcus_callidus	k__Bacteria;p__Bacteroidetes;c__Bacteroidia;o__Bacteroidales;f__Rikenellaceae;g__Alistipes;s__Alistipes_senegalensis	k__Bacteria;p__Firmicutes;c__Clostridia;o__Clostridiales;f__Lachnospiraceae;g__Blautia;s__Blautia_sp._KLE_1732	k__Bacteria;p__Bacteroidetes;c__Bacteroidia;o__Bacteroidales;f__Bacteroidaceae;g__Bacteroides;s__Bacteroides_oleiciplenus	k__Bacteria;p__Firmicutes;c__Clostridia;o__Clostridiales;f__Ruminococcaceae;g__Ruminococcus;s__Ruminococcus_bicirculans	k__Bacteria;p__Bacteroidetes;c__Bacteroidia;o__Bacteroidales;f__Bacteroidaceae;g__Bacteroides;s__Bacteroides_fluxus	k__Bacteria;p__Bacteroidetes;c__Bacteroidia;o__Bacteroidales;f__Prevotellaceae;g__Prevotella;s__Prevotella_stercorea	k__Bacteria;p__Firmicutes;c__Clostridia;o__Clostridiales;f__Lachnospiraceae;g__Dorea;s__Dorea_longicatena	k__Bacteria;p__Firmicutes;c__Clostridia;o__Clostridiales;f__Eubacteriaceae;g__Eubacterium;s__[Eubacterium]_eligens	k__Bacteria;p__Firmicutes;c__Clostridia;o__Clostridiales;f__Ruminococcaceae;g__;s__Ruminococcaceae_bacterium_D16	k__Bacteria;p__Firmicutes;c__Clostridia;o__Clostridiales;f__Lachnospiraceae;g__Coprococcus;s__Coprococcus_comes	k__Bacteria;p__Proteobacteria;c__Gammaproteobacteria;o__Enterobacterales;f__Enterobacteriaceae;g__Escherichia;s__Escherichia_coli	k__Bacteria;p__Firmicutes;c__Clostridia;o__Clostridiales;f__Ruminococcaceae;g__Anaerotruncus;s__Anaerotruncus_colihominis	k__Bacteria;p__Firmicutes;c__Clostridia;o__Clostridiales;f__Lachnospiraceae;g__Blautia;s__Blautia_obeum	k__Bacteria;p__Bacteroidetes;c__Bacteroidia;o__Bacteroidales;f__Odoribacteraceae;g__Odoribacter;s__Odoribacter_laneus	k__Bacteria;p__Firmicutes;c__Clostridia;o__Clostridiales;f__Ruminococcaceae;g__Ruminiclostridium;s__[Clostridium]_leptum	k__Bacteria;p__Bacteroidetes;c__Bacteroidia;o__Bacteroidales;f__Porphyromonadaceae;g__Parabacteroides;s__Parabacteroides_goldsteinii	k__Bacteria;p__Firmicutes;c__Clostridia;o__Clostridiales;f__Lachnospiraceae;g__Anaerostipes;s__Anaerostipes_hadrus	k__Bacteria;p__Firmicutes;c__Clostridia;o__Clostridiales;f__Ruminococcaceae;g__Ruminococcus;s__Ruminococcus_lactaris	k__Bacteria;p__Firmicutes;c__Clostridia;o__Clostridiales;f__Clostridiaceae;g__Clostridium;s__Clostridium_sp._L2-50	k__Bacteria;p__Firmicutes;c__Clostridia;o__Clostridiales;f__Clostridiaceae;g__Clostridium;s__Clostridium_sp._M62/1	k__Bacteria;p__Firmicutes;c__Clostridia;o__Clostridiales;f__;g__Intestinimonas;s__Intestinimonas_butyriciproducens	k__Bacteria;p__Actinobacteria;c__Actinobacteria;o__Bifidobacteriales;f__Bifidobacteriaceae;g__Bifidobacterium;s__Bifidobacterium_bifidum	k__Bacteria;p__Firmicutes;c__Negativicutes;o__Veillonellales;f__Veillonellaceae;g__Dialister;s__Dialister_invisus	k__Bacteria;p__Bacteroidetes;c__Bacteroidia;o__Bacteroidales;f__Bacteroidaceae;g__Bacteroides;s__Bacteroides_salanitronis
k__Bacteria;p__Bacteroidetes;c__Bacteroidia;o__Bacteroidales;f__Bacteroidaceae;g__Bacteroides;s__Bacteroides_vulgatus	1.0	0.0235716651965	0.0349820641691	-0.00208357511053	-0.0478630136122	-0.0277297465358	0.0979883978104	0.0328785762471	-0.0351933025203	-0.0390333157445	-0.0453877924903	0.0145627426929	-0.102590247713	-0.0209766721507	0.0561870156587	-0.00705940966472	-0.0685043749552	0.0162868023074	0.0327145149693	0.0836403385926	-0.0412451095292	-0.00557590620744	0.042700963957	0.0446535427939	-0.03278946638	-0.0162176762577	-0.0350741729336	-0.0289211395428	0.0366050208526	-0.0237263277075	-0.0198355566815	0.0206389560416	-0.0466924636492	-0.016969035803	-0.0322297913932	0.0432843528377	-0.00814593718255	-0.0278145259617	0.0224975222305	0.0584174931096	0.00797899076636	-0.0130009003277	-0.0107047209039	-0.0265956491182	-0.0559245965706	-0.0429604049585	-0.0818565298884	0.0206037963825	-0.0250288224844	-0.00618592112826	0.00800212540834	-0.0225713418148	-0.0362196967791	0.00171840467769	-0.00321044065435	0.0521560557285	-0.0323884732736	0.0152554934013	-0.0477070220997
k__Bacteria;p__Bacteroidetes;c__Bacteroidia;o__Bacteroidales;f__Bacteroidaceae;g__Bacteroides;s__Bacteroides_uniformis	0.0235716651965	1.0	-0.0709037334472	-0.00423833916214	0.0495077734364	0.00683928699872	-0.000661559686348	-0.0511438214221	-0.0583998604407	0.102577537471	-0.100794541928	0.0209606708437	0.00806615164147	-0.0465296639268	-0.035338056736	-0.0139669986098	-0.0251555594247	-0.0484659621033	-0.005660197787	-0.0723133737425	0.00100412425625	-0.0249351930543	0.0499301686399	-0.017928394752	-0.0185856714473	-0.0333907772179	-0.000527189757269	0.0493125051711	-0.0290976866497	0.0602289616104	0.0139997612522	0.0212543907557	-0.149839174763	-0.0502032957968	-0.0600811607363	-0.0427561509918	-0.032864921823	-0.0569137490669	0.00668185927029	0.0147793612529	-0.077171028478	-0.0197413976022	0.0082531116115	0.0155957198182	0.00649510434974	0.0849467900925	-0.0238337266112	0.0409170515039	-0.0280107538601	-0.0187223206361	-0.0270038579927	-0.0641738494706	-0.0222805373144	0.001217812879	-0.020851806143	0.0676582941328	-0.00610964836084	-0.00975323935592	0.00665406303878
k__Bacteria;p__Bacteroidetes;c__Bacteroidia;o__Bacteroidales;f__Rikenellaceae;g__Alistipes;s__Alistipes_putredinis	0.0349820641691	-0.0709037334472	1.0	0.03822370202	0.0105131544338	-0.0178054499693	0.0931051940634	0.00979818799206	-0.0346021012843	0.0430969314678	-0.0572205207455	-0.000729650084479	-0.0172666425682	-0.0243775383048	-0.0492246808038	-0.0172972862718	0.0123871619001	-0.0422179508757	-0.0487037677533	0.0427687906566	0.00011474815496	0.0561858621991	-0.039379302272	-0.0466465771275	-0.0776256571776	-0.0372286135491	-0.0249407542252	-0.00878528682539	0.0186244960859	-0.0584654309547	-0.00216227111971	-0.0357535615376	-0.0147792623584	0.0182092368544	0.0133623425593	0.0197592190571	-0.00745807964932	0.0207108600505	-0.0143477436601	-0.0815452274915	0.0042379256066	-0.027438267642	0.0190445450913	-0.00899748629079	-0.0181273665046	-0.0585364711127	-0.0197661364211	0.00195598535661	-0.093302022821	0.0258315658989	-0.0256913027322	-0.00900166311979	-0.0220764847995	0.00753157178558	0.00479603473969	-0.0582817222941	0.0342344791479	-0.047713420924	-0.0488761732134
k__Bacteria;p__Bacteroidetes;c__Bacteroidia;o__Bacteroidales;f__Prevotellaceae;g__Prevotella;s__Prevotella_copri	-0.00208357511053	-0.00423833916214	0.03822370202	1.0	-0.0400574415022	0.0222195901543	-0.013314809574	0.0217519872288	-0.0640842768568	-0.0548403288227	-0.0811086202584	-0.0545047267875	0.0514737035463	-0.00193924513692	-0.0186521582892	-0.0200474171296	0.0825641146124	0.0686300801572	-0.0228804194301	0.0280485921901	6.61442238447e-05	0.0270807835964	0.0256476327981	0.0680083380527	0.000161548755736	-0.00808498369302	0.0655332096887	0.04809928393	-0.0409925766472	-0.0676461404456	0.00100041027646	-0.0853937400784	-0.0269323837535	-0.0106802771376	-0.0761428524686	0.0217064231024	-0.0640189587842	-0.0751383537178	-0.0831122130774	-0.0251831814291	0.0332066909815	0.0161997421552	0.00161052829094	-0.082496416208	-0.0104452585344	0.0470383807223	-0.0401115442119	0.0223275393924	-0.0445888659768	0.00498887523992	-0.0120535127478	-0.0535304058189	-0.0300147486238	-0.0421243737281	0.0489128858417	0.0274384854621	0.0351265567045	-0.00202642696967	0.0338261402765
k__Bacteria;p__Bacteroidetes;c__Bacteroidia;o__Bacteroidales;f__Bacteroidaceae;g__Bacteroides;s__Bacteroides_stercoris	-0.0478630136122	0.0495077734364	0.0105131544338	-0.0400574415022	1.0	-0.0449497787192	-0.0185370172594	0.0101867098631	-0.0140769042831	-0.00498043491247	-0.0245595629991	-0.0207793864904	-6.38120672554e-05	0.0308180582973	0.0204283049321	-0.0232480808986	-0.0804159944244	-0.0186637857236	0.00208604531158	0.0979670950261	-0.00738247707449	-0.0324691484867	-0.0141090122433	-0.0522485088133	-0.0668525644778	0.00485717312718	0.0524374781667	0.0923591393408	0.0194045256746	-0.0323877482113	-0.0697937234745	0.0462825369705	-0.0224270719964	-0.0017039667781	0.0465216530559	0.00514155990111	0.022289504317	0.0012956330665	0.0399858606048	-0.0169593238266	-0.00736580946948	0.00789131584447	0.0025283883503	0.0011821615128	-0.0136062427249	-0.035321665075	-0.0328398431147	0.00351897244409	-0.0894803391687	0.0176193007032	0.0139065273177	0.0238566211635	0.00453640129576	0.0303284932273	-0.0094125343697	-0.0344536043722	-0.0621115225579	-0.093398060487	0.0289431516385
k__Bacteria;p__Bacteroidetes;c__Bacteroidia;o__Bacteroidales;f__Bacteroidaceae;g__Bacteroides;s__Bacteroides_ovatus	-0.0277297465358	0.00683928699872	-0.0178054499693	0.0222195901543	-0.0449497787192	1.0	0.0194882303321	-0.00148478936444	-0.0700471506988	0.00624171813684	0.0131886693221	-0.0304012188992	-0.0106484553724	-0.0115222222612	-0.0218856662717	-0.0198932250673	-0.0163492637114	-0.0175844501114	-0.0407665588302	0.0035192354732	-0.00371633195624	-0.0322731843765	0.0260624778435	0.0199956261531	-0.0357353955017	-0.0809451233564	-0.00126520174439	-0.0197192487806	-0.0549894066437	-0.0312756638668	0.0322817370849	-0.0454611914644	0.0336600973036	-0.0636840648237	-0.00844163775784	-0.00414166456831	-0.0494442026021	0.00467444394071	-0.037753943305	0.00641873129878	-0.0320768367848	-0.0485349096217	0.0183748729772	-0.0415137405552	-0.0308837238169	0.0138574343119	-0.00601144688397	-0.0307607047048	0.0189267417066	-0.0816089184194	0.0102568892335	0.0391983003617	-0.0216170927872	-0.0430683175681	0.0931239200811	0.0130901758041	0.00781114120119	0.00947658579941	-0.0270569386299
k__Bacteria;p__Bacteroidetes;c__Bacteroidia;o__Bacteroidales;f__Rikenellaceae;g__Alistipes;s__Alistipes_shahii	0.0979883978104	-0.000661559686348	0.0931051940634	-0.013314809574	-0.0185370172594	0.0194882303321	1.0	0.077212097	0.0369421512755	-0.0471946055081	-0.00289905062615	-0.0313676227184	-0.032164943361	0.0167811212601	-0.0149128184703	0.00470141831532	-0.00883414685017	-0.00363929085579	-0.145424083631	-0.0692127819511	-0.0491990979381	-0.0551108219093	0.0783581815382	-0.0125331889865	0.0135272844291	0.015487680443	-0.0142002894386	0.0276060064501	-0.0466770561337	-0.0336617930211	-0.00116963038169	-0.0691724957712	0.0277438905664	-0.0199028473224	-0.0677972573667	-0.0860047347329	0.00147003578408	-0.0148788394805	0.0460460073122	-0.0481162363014	-0.0380464255482	-0.0285389095237	0.00524624166825	-0.0240239471423	-0.0297108214788	-0.0849399624026	-0.00295679292138	0.0229436405269	0.0045375634794	-0.0133812854294	-0.0320275587078	-0.0644969842108	-0.0254494754446	-0.0252140170592	-0.0241392643769	0.0184487306677	-0.0710553512016	0.0303140047367	0.00714602440999
k__Bacteria;p__Firmicutes;c__Clostridia;o__Clostridiales;f__Ruminococcaceae;g__Faecalibacterium;s__Faecalibacterium_prausnitzii	0.0328785762471	-0.0511438214221	0.00979818799206	0.0217519872288	0.0101867098631	-0.00148478936444	0.077212097	1.0	0.0913132567068	-0.0699567089142	0.0827301938313	-0.0134010757285	0.0139302266878	0.0156333341091	-0.0715902673549	0.0185807974615	-0.00810723691661	0.0447097341689	-0.00811772529353	0.00305341265091	-0.0433698502816	0.0460060900755	0.0100403422809	-0.0353113864078	-0.0171021395737	-0.0850118120115	0.000381887404	-0.0404250189981	0.0326238349278	-0.0836958523518	0.0192896784095	0.00345259689166	0.0197772959261	-0.0275544905591	0.0184079699483	0.0383883959974	-0.0384165935914	-0.0356705034437	-0.0378903417072	0.063952554421	-0.0422108618091	0.0129257960458	0.0727735369402	-0.0017647004581	-0.00542783017864	-0.0555333747954	-0.0188050493003	0.0028657925384	0.0217368516139	-0.0597211802412	0.00115087751059	-0.0194325350725	-0.0694689259997	0.0183991222241	-0.0422649942441	0.00426830231451	-0.0032430979375	-0.054891839086	0.0270183642067
k__Bacteria;p__Bacteroidetes;c__Bacteroidia;o__Bacteroidales;f__Rikenellaceae;g__Alistipes;s__Alistipes_finegoldii	-0.0351933025203	-0.0583998604407	-0.0346021012843	-0.0640842768568	-0.0140769042831	-0.0700471506988	0.0369421512755	0.0913132567068	1.0	0.0125651874714	-0.0372502190214	-0.0162657695828	0.0285497035073	0.0565483687044	0.0406349729914	-0.046188772709	-0.106671481133	-0.0447486007828	-0.087912409724	0.00167486586571	-0.011644098906	0.00192655459943	-0.0267082664382	-0.0231244659916	0.0760597996934	0.0270222133434	-0.00886678392419	0.0468972275309	0.0337071319799	-0.0755020920573	-0.0182914641007	-0.0141815440376	0.00354313152218	-0.0522545166283	0.0137695539363	0.0862902015329	0.0187820432677	0.00551613750978	-0.056100198852	-0.00394199029875	-0.0863850029949	0.0169238879941	-0.0133972443769	0.0346664802895	-0.00902561123896	0.0429988318057	0.0561886763322	0.048176726871	0.021850576106	-0.0159685469115	-0.0698172453509	-0.0632357163977	-0.017463216013	-0.004749388547	0.0716836295587	0.0188806911395	0.00780423526868	-0.0472892883621	-0.00434392967897
k__Bacteria;p__Bacteroidetes;c__Bacteroidia;o__Bacteroidales;f__Porphyromonadaceae;g__Parabacteroides;s__Parabacteroides_distasonis	-0.0390333157445	0.102577537471	0.0430969314678	-0.0548403288227	-0.00498043491247	0.00624171813684	-0.0471946055081	-0.0699567089142	0.0125651874714	1.0	-0.0440016525663	0.00564264576233	-0.00520762342932	-0.0249927255128	-0.0139583103856	-0.00668155372571	-0.0280766289863	-0.0268298108606	-0.0523662355124	-0.0295437481542	-0.0273956794611	0.0299802518652	-0.0119718414895	0.0807838745394	-0.0052043996758	-0.00330069017391	-0.0360456694778	-0.0146981342641	-0.0321566833009	0.0178255553707	-0.0499461260304	-0.0311765895532	0.0432684773957	-0.00159962794693	-0.089934288278	-0.0466541310992	0.00903260715438	0.0404651044961	-0.0599964410803	0.0619755737836	-0.0244274179681	-0.0398771851508	0.0256836926729	-0.000562145086051	0.0147285258888	-0.00723804071692	-0.0730967398001	-0.0225750024636	0.0402672613282	0.0145215554023	-0.00841152903547	-0.0403650502028	-0.0755864136209	-0.0847558514288	0.0493112180753	-0.00653996682364	-0.0170508548018	0.036387711176	0.0928217944505
k__Bacteria;p__Bacteroidetes;c__Bacteroidia;o__Bacteroidales;f__Bacteroidaceae;g__Bacteroides;s__Bacteroides_thetaiotaomicron	-0.0453877924903	-0.100794541928	-0.0572205207455	-0.0811086202584	-0.0245595629991	0.0131886693221	-0.00289905062615	0.0827301938313	-0.0372502190214	-0.0440016525663	1.0	-0.0443175527062	-0.0854180741	-0.0278660974008	-0.0713799334553	-0.0279248017412	0.0488902249598	0.0171456044172	-0.0261326233579	0.0380656280505	-0.00611731082894	0.0224253359561	-0.0446076756613	0.0252074248572	-0.0120489648326	-0.0125897526492	0.00730227084206	-0.0116121322141	0.00484313097678	-0.00171069423483	-0.0188319076524	0.0207893669511	0.00558564239713	-0.0404307873993	-0.0892066438516	0.0119918782139	0.038661286972	0.06261850121	0.0149824948923	-0.0334523909083	-0.0470294699592	0.00939410094349	0.00705954509134	-0.0210307035887	0.0239515936593	-0.0325635677716	0.0152019166858	0.0172741465462	-0.12159093337	-0.0529199479174	0.0506474394074	-0.00409737854497	0.00096117230275	-0.0901588090536	0.00349971227765	-0.0560952324707	0.0173143401132	-0.087081237091	0.00619813494553
k__Bacteria;p__Bacteroidetes;c__Bacteroidia;o__Bacteroidales;f__Bacteroidaceae;g__Bacteroides;s__Bacteroides_coprocola	0.0145627426929	0.0209606708437	-0.000729650084479	-0.0545047267875	-0.0207793864904	-0.0304012188992	-0.0313676227184	-0.0134010757285	-0.0162657695828	0.00564264576233	-0.0443175527062	1.0	0.0134329515596	0.00548949092778	-0.0499518941618	-0.0559688581327	-0.0392502924042	0.0297039347801	0.0243307792833	-0.048174218777	-0.0087293080354	-0.048475329487	0.0851165523803	-0.0105349985046	0.0218480836678	0.0306252656263	0.0123066735492	-0.0329138998652	-0.030150578075	0.0109972310047	-0.0198223963748	-0.0243147058002	-0.039116883246	0.00956112016984	0.0880966761947	-0.00783833098149	-0.0565798043462	0.00720040981814	0.084537717576	0.0036306116796	0.0012750122121	0.00578196679201	-0.0551119588658	0.019390916526	0.000512727443803	-0.00563213870319	-0.0519401311167	0.00649539279573	-0.0510634395141	-0.0235910721533	0.0127243385098	0.0544403071225	-0.0119388277357	-0.0223745510193	-0.070254796551	0.0427044020592	-0.0696587679612	0.0393541418231	-0.0742678263033
k__Bacteria;p__Bacteroidetes;c__Bacteroidia;o__Bacteroidales;f__Bacteroidaceae;g__Bacteroides;s__Bacteroides_cellulosilyticus	-0.102590247713	0.00806615164147	-0.0172666425682	0.0514737035463	-6.38120672553e-05	-0.0106484553724	-0.032164943361	0.0139302266878	0.0285497035073	-0.00520762342932	-0.0854180741	0.0134329515596	1.0	-0.0695536568027	0.0115116258999	-0.0209611740262	-0.00229560816102	-0.0519589962446	0.0340718885859	-0.0144373840754	0.00248276609449	-0.06224268544	-0.0180386894377	0.0207529635484	0.0487591020101	0.0124579029162	-0.0476121693046	0.0320939690258	0.0297754463497	-0.00772872346013	0.0477004815609	0.00197513366956	-0.052013318534	0.0226717449095	-0.0315271614998	0.00617106761643	-0.00479314769228	-0.0735462186675	0.0222809174806	0.0103608989278	-0.00332121991545	-0.0187096164725	-0.0359387992002	0.0556439143107	-0.0348675786231	0.00836402560478	0.0225040426657	-0.0912765534582	0.0492828321192	0.0199962563243	-0.0403354305561	-0.000287816765912	-0.0182705366388	-0.0275908133068	0.0588493054236	-0.0298996271423	0.0312299971019	0.0448679761677	-0.0292492678691
k__Bacteria;p__Bacteroidetes;c__Bacteroidia;o__Bacteroidales;f__Rikenellaceae;g__Alistipes;s__Alistipes_obesi	-0.0209766721507	-0.0465296639268	-0.0243775383048	-0.00193924513692	0.0308180582973	-0.0115222222612	0.0167811212601	0.0156333341091	0.0565483687044	-0.0249927255128	-0.0278660974008	0.00548949092778	-0.0695536568027	1.0	-0.000945756765658	-0.0039434177171	-0.0168074038259	-0.0104406502977	0.0255672611503	0.0515686452709	0.0282117694217	0.0292164948846	0.00594584784951	0.0325223028206	-0.0549809933407	-0.0530446914758	0.0128598934514	-0.021884407611	0.0584173544654	0.0165328045442	-0.0307031472083	-0.0287632644046	0.0105859212876	-0.034888240239	0.0195956662062	0.0324283881608	-0.00660234325285	-0.0625489396628	-0.0371784592682	-0.0624099748766	0.0321490882347	-0.0454295145262	0.0041334429781	-0.00427871524415	-0.0116413289682	-0.053900793564	0.0165959845689	0.0233523054821	0.031398783335	0.000858887861867	0.0761237883789	-0.0333092783128	-0.036714284184	-0.0817224151707	0.0315265925828	-0.0345735446364	-0.0431387387325	-0.0416606050365	-0.0381465554712
k__Bacteria;p__Firmicutes;c__Clostridia;o__Clostridiales;f__Lachnospiraceae;g__;s__[Eubacterium]_rectale	0.0561870156587	-0.035338056736	-0.0492246808038	-0.0186521582892	0.0204283049321	-0.0218856662717	-0.0149128184703	-0.0715902673549	0.0406349729914	-0.0139583103856	-0.0713799334553	-0.0499518941618	0.0115116258999	-0.000945756765658	1.0	-0.0185803502436	-0.0380012886901	-0.0646729142987	0.00979830285241	-0.0481849224759	0.0505980363168	-0.00629511458599	-0.0191804617271	-0.0319123033487	-0.0914202161607	0.0258296733404	-0.0225333098253	-0.0817090880035	0.00923571915905	-0.0183385863916	0.044393015495	-0.0502644451154	0.0540868623568	0.0978226057451	-0.00811245151577	0.000752442292261	-0.0991138297304	-0.0255523515529	-0.0353408614565	-0.0564932020715	0.0253015379006	-0.0495172619359	0.00104659750259	0.0267774287439	-0.0322920707585	-0.014030126092	-0.0128026526278	-0.0366500588074	-0.0202694773793	0.0242404206125	-0.0479699240857	0.0190526782569	-0.0254684962227	-0.0155763825065	0.0139219360557	0.0375425089828	-0.0186320081824	-0.0147146455402	-0.0331368947734
k__Bacteria;p__Bacteroidetes;c__Bacteroidia;o__Bacteroidales;f__Bacteroidaceae;g__Bacteroides;s__Bacteroides_plebeius	-0.00705940966472	-0.0139669986098	-0.0172972862718	-0.0200474171296	-0.0232480808986	-0.0198932250673	0.00470141831532	0.0185807974615	-0.046188772709	-0.00668155372571	-0.0279248017412	-0.0559688581327	-0.0209611740262	-0.0039434177171	-0.0185803502436	1.0	0.0519098510561	-0.0664936794547	0.030823620476	-0.0326262850918	-0.0329418182011	0.0163799022302	-0.0111441233536	-0.0260758188126	-0.00232481857963	-0.0193523514031	-0.0178202712417	-0.0253516592776	-0.0116532215639	0.0147590087884	0.0261140624606	0.0139082132954	0.0436545875167	-0.0721406164641	0.0246126382812	-0.0288853203224	0.0302219851168	0.0173583716646	-0.0190000799312	-0.00166347906427	0.00683123318746	-0.0259275660828	0.0180037450518	-0.0349931546142	-0.0237144967756	-0.0268192712756	-0.0447052073995	-0.0689019236883	-0.00975960673986	-0.0276030290197	0.00453784946103	0.0200246644506	0.0548923968304	-0.0466645606743	-0.00575959355456	-0.0182978038555	-0.0143574440631	-0.00296028215271	-0.0351089473074
k__Bacteria;p__Bacteroidetes;c__Bacteroidia;o__Bacteroidales;f__Bacteroidaceae;g__Bacteroides;s__Bacteroides_fragilis	-0.0685043749552	-0.0251555594247	0.0123871619001	0.0825641146124	-0.0804159944244	-0.0163492637114	-0.00883414685017	-0.00810723691661	-0.106671481133	-0.0280766289863	0.0488902249598	-0.0392502924042	-0.00229560816102	-0.0168074038259	-0.0380012886901	0.0519098510561	1.0	0.0441567454967	-0.056576144944	-0.0687572290993	0.0542961204987	0.0133499174415	0.016073977972	-0.0708353255226	-0.0919769806941	0.0905218415008	0.00869452925309	-0.0639774445239	-0.0456595978391	-0.0323231343743	0.015385378621	-0.00987866986225	-0.0270725182995	-0.0324142923501	0.0300254915429	0.00758786898625	-0.0808457298409	-0.0388546269767	0.002941393145	-0.05843631052	-0.0155238515987	-0.0121280816093	-0.0722631841108	-0.0297186830563	-0.000854672131074	0.110835348508	-0.0296061983505	0.040639221644	0.0114718405943	0.0561553902301	0.0451335223236	0.00153800216717	0.00805077407602	-0.00216308294481	0.0286425812854	-0.0503965475429	-0.015215043147	0.0207253200538	-0.0149017146713
k__Bacteria;p__Proteobacteria;c__Betaproteobacteria;o__Burkholderiales;f__Sutterellaceae;g__Sutterella;s__Sutterella_wadsworthensis	0.0162868023074	-0.0484659621033	-0.0422179508757	0.0686300801572	-0.0186637857236	-0.0175844501114	-0.00363929085579	0.0447097341689	-0.0447486007828	-0.0268298108606	0.0171456044172	0.0297039347801	-0.0519589962446	-0.0104406502977	-0.0646729142987	-0.0664936794547	0.0441567454967	1.0	0.0199659700767	-0.0149357386621	0.0102825504307	0.00418547745438	0.0267542717845	0.00491301630671	-0.0458033271237	0.00322696206534	-0.0816786405471	0.0371233621659	0.00675315284976	-0.0757154312478	-0.0694118494819	0.0274604453764	0.0103740258492	0.0161602869751	-0.00151323910589	-0.0339717372864	-0.0108524010176	0.0935535907785	-0.0417340320478	0.0027300464134	-0.035630367802	-0.00812260149323	0.0433335151433	0.0506725225454	-0.0249620588768	-0.0328313974853	0.0260830350366	0.0173802537405	0.0371139957812	-0.0242556312611	-0.0290155217359	-0.0227878772072	0.0533799942673	0.0173510254899	-0.0319754009173	-0.0243227361732	-0.0395920277268	0.0298106428433	0.011099460909
k__Bacteria;p__Bacteroidetes;c__Bacteroidia;o__Bacteroidales;f__Porphyromonadaceae;g__Barnesiella;s__Barnesiella_intestinihominis	0.0327145149693	-0.005660197787	-0.0487037677533	-0.0228804194301	0.00208604531158	-0.0407665588302	-0.145424083631	-0.00811772529353	-0.087912409724	-0.0523662355124	-0.0261326233579	0.0243307792833	0.0340718885859	0.0255672611503	0.00979830285241	0.030823620476	-0.056576144944	0.0199659700767	1.0	-0.0282040319875	-0.0434320384971	-0.0317336543787	0.0172789677321	0.0202861138518	0.00453978465516	-0.0427978704837	-0.0364009959801	0.00222344239885	-0.0236382550614	0.022523774879	0.0363619546421	-0.0261575627088	-0.000454799330133	-0.0476090693158	0.00900956584655	-0.0332332908204	-0.0584465077426	0.00752061454627	0.0448889521099	-0.0516907881065	0.0322772073591	-0.0432121670102	0.00191368768467	-0.0196081180308	-0.0100811758321	-0.0227902688709	-0.00492137813207	-0.00981965826781	-0.0572210022427	0.0283416701718	-0.0374776265551	-0.00102530390259	0.0319999596763	-0.018001143512	-0.0556908651998	0.0229165088382	0.11435732426	-0.0599692675532	0.0330982103082
k__Bacteria;p__Bacteroidetes;c__Bacteroidia;o__Bacteroidales;f__Odoribacteraceae;g__Odoribacter;s__Odoribacter_splanchnicus	0.0836403385926	-0.0723133737425	0.0427687906566	0.0280485921901	0.0979670950261	0.0035192354732	-0.0692127819511	0.00305341265091	0.00167486586571	-0.0295437481542	0.0380656280505	-0.048174218777	-0.0144373840754	0.0515686452709	-0.0481849224759	-0.0326262850918	-0.0687572290993	-0.0149357386621	-0.0282040319875	1.0	0.0241084067978	-0.00823182813363	0.00296688733596	-0.0464765351023	-0.0290868641442	-0.0447725559737	0.106865366589	-0.0352111586933	0.0340782688184	-0.0476066966403	-0.0598668672174	0.01348824945	-0.027228511632	5.42953659888e-05	-0.0964324790357	-0.00469961797716	-0.00128005049198	-0.0433639082179	-0.0283538162353	-0.00923237954094	0.0221923340061	0.0198941769463	-0.0151031104741	-0.0636294177424	0.0208207150615	-0.0338882536831	-0.032764735497	-0.0891664442959	-0.0125679234092	-0.0274451724715	-0.0267508378376	-0.0514764755618	-0.0707453955099	0.089839449486	-0.0031963759474	-0.0547825902054	-0.0808348961392	-0.00885208343502	-0.0356520308791
k__Bacteria;p__Bacteroidetes;c__Bacteroidia;o__Bacteroidales;f__Bacteroidaceae;g__Bacteroides;s__Bacteroides_salyersiae	-0.0412451095292	0.00100412425625	0.00011474815496	6.61442238447e-05	-0.00738247707449	-0.00371633195624	-0.0491990979381	-0.0433698502816	-0.011644098906	-0.0273956794611	-0.00611731082894	-0.0087293080354	0.00248276609449	0.0282117694217	0.0505980363168	-0.0329418182011	0.0542961204987	0.0102825504307	-0.0434320384971	0.0241084067978	1.0	-0.0275858290992	0.0425530535805	0.0271796159235	0.0245201392629	-0.00672213048946	0.042823030989	0.0129885363442	0.0169430972453	-0.00813545414197	-0.0117434114884	0.0149450182789	-0.004803712816	0.00740772044056	0.00749508446234	0.0103100695111	-0.0174847471956	0.0578771994191	0.0020792117199	-0.0338664319265	-0.0455180562797	-0.100248788236	0.00358063803763	0.0769979721119	-0.0773359430032	0.0253231271688	-0.0594892836837	0.0191620351998	0.0214729753272	0.0775954625631	-0.0401430921186	-0.0382445917981	-0.0297007071331	-0.0376360606151	-0.0136667628135	-0.0189201532567	0.0340980603225	-0.00911376913434	-0.0267369332344
k__Bacteria;p__Firmicutes;c__Clostridia;o__Clostridiales;f__Ruminococcaceae;g__Ruminiclostridium;s__[Eubacterium]_siraeum	-0.00557590620744	-0.0249351930543	0.0561858621991	0.0270807835964	-0.0324691484867	-0.0322731843765	-0.0551108219093	0.0460060900755	0.00192655459943	0.0299802518652	0.0224253359561	-0.048475329487	-0.06224268544	0.0292164948846	-0.00629511458599	0.0163799022302	0.0133499174415	0.00418547745438	-0.0317336543787	-0.00823182813363	-0.0275858290992	1.0	-0.0686453706988	-0.0512181963777	0.0315837767254	-0.0134535398378	-0.0457601232509	-0.0161179733585	-0.0284492824168	-0.0143991983141	-0.0100264530291	-0.0162992946283	0.0515448949792	-0.0993904557777	0.00857641139975	0.0165366081849	0.029707722938	0.034524013301	-0.0701416803908	-0.0860103115763	0.0313574151264	0.0809269937046	0.0217255223686	0.0393709937229	0.00355885687153	-0.024449701978	-0.0638011389857	0.0359249092286	0.0210449668365	-0.0152192519546	0.0417193015986	-0.0389229904645	0.00204652700719	-0.0441203183363	0.00775687915197	-0.0759058290156	0.00259405773615	-0.0931847077276	-0.00881892070282
k__Bacteria;p__Proteobacteria;c__Betaproteobacteria;o__Burkholderiales;f__Sutterellaceae;g__Parasutterella;s__Parasutterella_excrementihominis	0.042700963957	0.0499301686399	-0.039379302272	0.0256476327981	-0.0141090122433	0.0260624778435	0.0783581815382	0.0100403422809	-0.0267082664382	-0.0119718414895	-0.0446076756613	0.0851165523803	-0.0180386894377	0.00594584784951	-0.0191804617271	-0.0111441233536	0.016073977972	0.0267542717845	0.0172789677321	0.00296688733596	0.0425530535805	-0.0686453706988	1.0	0.00452067833742	-0.0241236509177	0.0103172931197	-0.00332712339197	-0.0195610174072	-0.0338431557357	-0.03025751726	0.0428041630574	0.0161654390788	0.020329769361	-0.0536175917847	-0.0398683636191	-0.0835848076721	-0.0651264907612	-0.0684124577864	0.0416713519828	-0.155907679292	-0.00524505874892	-0.0311565925803	-0.00716702742491	-0.0459109267083	-0.0329920284971	-0.0169790286124	0.0501053076117	-0.00475725727025	-0.0597951966636	-0.0491773971705	0.0487139872398	-0.0188405352255	0.0315889335843	0.0289553676742	-0.0198285512442	0.00762232113482	-0.0387992707901	0.00370049288779	0.00982582614541
k__Bacteria;p__Actinobacteria;c__Actinobacteria;o__Bifidobacteriales;f__Bifidobacteriaceae;g__Bifidobacterium;s__Bifidobacterium_adolescentis	0.0446535427939	-0.017928394752	-0.0466465771275	0.0680083380527	-0.0522485088133	0.0199956261531	-0.0125331889865	-0.0353113864078	-0.0231244659916	0.0807838745394	0.0252074248572	-0.0105349985046	0.0207529635484	0.0325223028206	-0.0319123033487	-0.0260758188126	-0.0708353255226	0.00491301630671	0.0202861138518	-0.0464765351023	0.0271796159235	-0.0512181963777	0.00452067833742	1.0	-0.0116936772968	0.0170600927544	0.0509898288745	-0.0207674824233	-0.0286683750341	-0.00550057441708	-0.0118496121031	-0.0194909885125	0.0288290467414	0.0330270749412	0.0439768158842	-0.0247851152138	0.017950913564	0.017291222175	-0.0272210013158	-0.0293387684377	0.0139208416325	-0.0192658719352	-0.0512740092686	-0.00899308142466	0.0240557719264	-0.0292202699733	-0.0564922597373	0.00863908469716	-0.0247078060629	0.0169131260944	0.0572977726132	-0.0398232225189	-0.0287014473571	-0.0597713248164	-0.0113223094747	-0.0204586025923	0.0170077601913	-0.0355104043464	0.006066357456
k__Bacteria;p__Firmicutes;c__Clostridia;o__Clostridiales;f__Oscillospiraceae;g__Oscillibacter;s__Oscillibacter_sp._KLE_1745	-0.03278946638	-0.0185856714473	-0.0776256571776	0.000161548755736	-0.0668525644778	-0.0357353955017	0.0135272844291	-0.0171021395737	0.0760597996934	-0.0052043996758	-0.0120489648326	0.0218480836678	0.0487591020101	-0.0549809933407	-0.0914202161607	-0.00232481857963	-0.0919769806941	-0.0458033271237	0.00453978465516	-0.0290868641442	0.0245201392629	0.0315837767254	-0.0241236509177	-0.0116936772968	1.0	0.0415685084072	-0.00973366564083	-0.079296858274	-0.0357073001263	0.0380399986556	-0.00641857513652	0.0359034880789	0.0788366924547	0.03008454564	-0.0430165642927	-0.0178425632118	-0.0138710304645	-0.0402589254577	0.00948979830065	-0.0700671890997	0.011207881382	0.0297298921607	-0.0537194509205	-0.0634686861857	0.00067773811355	-0.0560402864564	0.0378908331369	0.0485929094117	-0.0158510650639	-0.0202045260023	-0.0223184410902	0.0477314124465	-0.0187171055359	0.00919866889398	-0.0108242598919	0.00784689479985	-0.0596059356313	0.0129078742775	-0.0338974489813
k__Bacteria;p__Bacteroidetes;c__Bacteroidia;o__Bacteroidales;f__Bacteroidaceae;g__Bacteroides;s__Bacteroides_coprophilus	-0.0162176762577	-0.0333907772179	-0.0372286135491	-0.00808498369302	0.00485717312718	-0.0809451233564	0.015487680443	-0.0850118120115	0.0270222133434	-0.00330069017391	-0.0125897526492	0.0306252656263	0.0124579029162	-0.0530446914758	0.0258296733404	-0.0193523514031	0.0905218415008	0.00322696206534	-0.0427978704837	-0.0447725559737	-0.00672213048946	-0.0134535398378	0.0103172931197	0.0170600927544	0.0415685084072	1.0	0.00602830377775	0.000286052798633	0.0195720774529	-0.00347806371816	0.0207175580469	-0.0246651579075	0.0598271845554	-0.0103342161138	-0.0646638959337	-0.0601482715208	0.00117677554228	-0.0312158520901	0.00600102976265	0.0308077121209	-0.00676822958625	-0.00742921866304	0.0313814704808	-0.0508223596948	-0.0187809666838	0.011081547593	-0.101325353623	-0.0570097043751	-0.000313855900099	-0.0422350002329	0.0166793360767	0.0534262925786	-0.0648831532181	0.0227021699139	0.0387211830312	0.017778564292	-0.012712913719	-0.0479352808513	-0.0424802561079
k__Bacteria;p__Firmicutes;c__Clostridia;o__Clostridiales;f__Lachnospiraceae;g__Roseburia;s__Roseburia_intestinalis	-0.0350741729336	-0.000527189757269	-0.0249407542252	0.0655332096887	0.0524374781667	-0.00126520174439	-0.0142002894386	0.000381887404	-0.00886678392419	-0.0360456694778	0.00730227084206	0.0123066735492	-0.0476121693046	0.0128598934514	-0.0225333098253	-0.0178202712417	0.00869452925309	-0.0816786405471	-0.0364009959801	0.106865366589	0.042823030989	-0.0457601232509	-0.00332712339197	0.0509898288745	-0.00973366564083	0.00602830377775	1.0	0.0010422087533	-0.0156097600159	0.0438463752835	-0.0444460620731	-0.0780006817696	-0.0547284152456	-0.00643320104536	-0.0364284344317	0.0487045812824	-0.0273287184932	-0.00474087151104	0.00995164220081	-0.0156999966716	-0.0462313884387	-0.069876968966	-0.00753011886258	-0.0262688569539	0.0278450867606	0.00171938007708	-0.0389761911639	-0.0259507786556	-0.0223491016301	0.0146358249491	0.0392745341968	-0.0318248120389	-0.0407221566716	-0.0162136329003	0.0280160988549	0.00797095343117	-0.039928396366	-0.00389088535818	-0.0171125656715
k__Bacteria;p__Firmicutes;c__Clostridia;o__Clostridiales;f__Lachnospiraceae;g__Roseburia;s__Roseburia_hominis	-0.0289211395428	0.0493125051711	-0.00878528682539	0.04809928393	0.0923591393408	-0.0197192487806	0.0276060064501	-0.0404250189981	0.0468972275309	-0.0146981342641	-0.0116121322141	-0.0329138998652	0.0320939690258	-0.021884407611	-0.0817090880035	-0.0253516592776	-0.0639774445239	0.0371233621659	0.00222344239885	-0.0352111586933	0.0129885363442	-0.0161179733585	-0.0195610174072	-0.0207674824233	-0.079296858274	0.000286052798633	0.0010422087533	1.0	0.000562907634306	0.0391315996962	-0.0362135792803	0.0223795179892	0.0123843410178	0.0433646659112	-0.0848850989204	0.0130266417177	-0.0211781992209	-0.0589148503256	-0.0367218276502	0.0396793542486	-0.0760016303558	-0.0621022918675	-0.0370795985838	0.0313482174477	-0.0176810911062	-0.00604510065544	-0.0458669317366	0.00209202703052	0.0156108324744	-0.00298982638076	-0.0683388873397	-0.0275854557134	0.0599441478851	0.00480112385456	-0.00141645271463	0.0143536667188	0.00726900983221	0.0868907903494	-0.0514170431314
k__Bacteria;p__Bacteroidetes;c__Bacteroidia;o__Bacteroidales;f__Porphyromonadaceae;g__Parabacteroides;s__Parabacteroides_johnsonii	0.0366050208526	-0.0290976866497	0.0186244960859	-0.0409925766472	0.0194045256746	-0.0549894066437	-0.0466770561337	0.0326238349278	0.0337071319799	-0.0321566833009	0.00484313097678	-0.030150578075	0.0297754463497	0.0584173544654	0.00923571915905	-0.0116532215639	-0.0456595978391	0.00675315284976	-0.0236382550614	0.0340782688184	0.0169430972453	-0.0284492824168	-0.0338431557357	-0.0286683750341	-0.0357073001263	0.0195720774529	-0.0156097600159	0.000562907634306	1.0	0.037864925226	-0.0348649539485	-0.015292798511	-0.0222832771518	0.0282689644836	0.0281759761376	-0.0581932428123	0.0014328096026	-0.0198488929654	-0.0483605244807	0.0260484218988	-0.0256044755455	0.0206113090474	0.0742042128113	-0.0109463896649	-0.0309732101296	0.0134828414664	0.0589655875046	-0.0384866339355	-0.0414155906086	-0.0077458148738	0.0227487100241	-0.0578417894143	-0.0154724223996	-0.0154606613603	-0.0732966165315	-0.039737223286	6.57018158108e-05	-0.0427247623812	-0.0321223869425
k__Bacteria;p__Actinobacteria;c__Actinobacteria;o__Bifidobacteriales;f__Bifidobacteriaceae;g__Bifidobacterium;s__Bifidobacterium_longum	-0.0237263277075	0.0602289616104	-0.0584654309547	-0.0676461404456	-0.0323877482113	-0.0312756638668	-0.0336617930211	-0.0836958523518	-0.0755020920573	0.0178255553707	-0.00171069423483	0.0109972310047	-0.00772872346013	0.0165328045442	-0.0183385863916	0.0147590087884	-0.0323231343743	-0.0757154312478	0.022523774879	-0.0476066966403	-0.00813545414197	-0.0143991983141	-0.03025751726	-0.00550057441708	0.0380399986556	-0.00347806371816	0.0438463752835	0.0391315996962	0.037864925226	1.0	0.0679861939166	-0.0140372701109	-0.0459668447164	-0.017125103827	-0.0144122903405	0.0132821347818	-0.0325495113328	-0.018836618107	-0.0477204089436	0.0144555326135	0.0191556054222	0.0499707608753	-0.046782637132	-0.00377452439568	0.00246712710239	-0.00567124890171	-0.00398599430841	0.0380693287955	-0.0662877112593	0.056600279357	-0.0264272061911	0.0603561100649	0.0284099796494	0.060959856626	0.0180153253867	0.0232337449689	0.0186831471645	0.0193880709719	0.0203556470934
