#taxonomy	k__Bacteria;p__Bacteroidetes;c__Bacteroidia;o__Bacteroidales;f__Bacteroidaceae;g__Bacteroides;s__Bacteroides_vulgatus	k__Bacteria;p__Bacteroidetes;c__Bacteroidia;o__Bacteroidales;f__Bacteroidaceae;g__Bacteroides;s__Bacteroides_uniformis	k__Bacteria;p__Bacteroidetes;c__Bacteroidia;o__Bacteroidales;f__Rikenellaceae;g__Alistipes;s__Alistipes_putredinis	k__Bacteria;p__Bacteroidetes;c__Bacteroidia;o__Bacteroidales;f__Prevotellaceae;g__Prevotella;s__Prevotella_copri	k__Bacteria;p__Bacteroidetes;c__Bacteroidia;o__Bacteroidales;f__Bacteroidaceae;g__Bacteroides;s__Bacteroides_stercoris	k__Bacteria;p__Bacteroidetes;c__Bacteroidia;o__Bacteroidales;f__Bacteroidaceae;g__Bacteroides;s__Bacteroides_ovatus	k__Bacteria;p__Bacteroidetes;c__Bacteroidia;o__Bacteroidales;f__Rikenellaceae;g__Alistipes;s__Alistipes_shahii	k__Bacteria;p__Firmicutes;c__Clostridia;o__Clostridiales;f__Ruminococcaceae;g__Faecalibacterium;s__Faecalibacterium_prausnitzii	k__Bacteria;p__Bacteroidetes;c__Bacteroidia;o__Bacteroidales;f__Rikenellaceae;g__Alistipes;s__Alistipes_finegoldii	k__Bacteria;p__Bacteroidetes;c__Bacteroidia;o__Bacteroidales;f__Porphyromonadaceae;g__Parabacteroides;s__Parabacteroides_distasonis	k__Bacteria;p__Bacteroidetes;c__Bacteroidia;o__Bacteroidales;f__Bacteroidaceae;g__Bacteroides;s__Bacteroides_thetaiotaomicron	k__Bacteria;p__Bacteroidetes;c__Bacteroidia;o__Bacteroidales;f__Bacteroidaceae;g__Bacteroides;s__Bacteroides_coprocola	k__Bacteria;p__Bacteroidetes;c__Bacteroidia;o__Bacteroidales;f__Bacteroidaceae;g__Bacteroides;s__Bacteroides_cellulosilyticus	k__Bacteria;p__Bacteroidetes;c__Bacteroidia;o__Bacteroidales;f__Rikenellaceae;g__Alistipes;s__Alistipes_obesi	k__Bacteria;p__Firmicutes;c__Clostridia;o__Clostridiales;f__Lachnospiraceae;g__;s__[Eubacterium]_rectale	k__Bacteria;p__Bacteroidetes;c__Bacteroidia;o__Bacteroidales;f__Bacteroidaceae;g__Bacteroides;s__Bacteroides_plebeius	k__Bacteria;p__Bacteroidetes;c__Bacteroidia;o__Bacteroidales;f__Bacteroidaceae;g__Bacteroides;s__Bacteroides_fragilis	k__Bacteria;p__Proteobacteria;c__Betaproteobacteria;o__Burkholderiales;f__Sutterellaceae;g__Sutterella;s__Sutterella_wadsworthensis	k__Bacteria;p__Bacteroidetes;c__Bacteroidia;o__Bacteroidales;f__Porphyromonadaceae;g__Barnesiella;s__Barnesiella_intestinihominis	k__Bacteria;p__Bacteroidetes;c__Bacteroidia;o__Bacteroidales;f__Odoribacteraceae;g__Odoribacter;s__Odoribacter_splanchnicus	k__Bacteria;p__Bacteroidetes;c__Bacteroidia;o__Bacteroidales;f__Bacteroidaceae;g__Bacteroides;s__Bacteroides_salyersiae	k__Bacteria;p__Firmicutes;c__Clostridia;o__Clostridiales;f__Ruminococcaceae;g__Ruminiclostridium;s__[Eubacterium]_siraeum	k__Bacteria;p__Proteobacteria;c__Betaproteobacteria;o__Burkholderiales;f__Sutterellaceae;g__Parasutterella;s__Parasutterella_excrementihominis	k__Bacteria;p__Actinobacteria;c__Actinobacteria;o__Bifidobacteriales;f__Bifidobacteriaceae;g__Bifidobacterium;s__Bifidobacterium_adolescentis	k__Bacteria;p__Firmicutes;c__Clostridia;o__Clostridiales;f__Oscillospiraceae;g__Oscillibacter;s__Oscillibacter_sp._KLE_1745	k__Bacteria;p__Bacteroidetes;c__Bacteroidia;o__Bacteroidales;f__Bacteroidaceae;g__Bacteroides;s__Bacteroides_coprophilus	k__Bacteria;p__Firmicutes;c__Clostridia;o__Clostridiales;f__Lachnospiraceae;g__Roseburia;s__Roseburia_intestinalis	k__Bacteria;p__Firmicutes;c__Clostridia;o__Clostridiales;f__Lachnospiraceae;g__Roseburia;s__Roseburia_hominis	k__Bacteria;p__Bacteroidetes;c__Bacteroidia;o__Bacteroidales;f__Porphyromonadaceae;g__Parabacteroides;s__Parabacteroides_johnsonii	k__Bacteria;p__Actinobacteria;c__Actinobacteria;o__Bifidobacteriales;f__Bifidobacteriaceae;g__Bifidobacterium;s__Bifidobacterium_longum	k__Bacteria;p__Firmicutes;c__Clostridia;o__Clostridiales;f__;g__Flavonifractor;s__Flavonifractor_plautii	k__Bacteria;p__Firmicutes;c__Clostridia;o__Clostridiales;f__Clostridiaceae;g__Clostridium;s__Clostridium_phoceensis	k__Bacteria;p__Verrucomicrobia;c__Verrucomicrobiae;o__Verrucomicrobiales;f__Akkermansiaceae;g__Akkermansia;s__Akkermansia_muciniphila	k__Bacteria;p__Bacteroidetes;c__Bacteroidia;o__Bacteroidales;f__Prevotellaceae;g__Paraprevotella;s__Paraprevotella_xylaniphila	k__Bacteria;p__Firmicutes;c__Clostridia;o__Clostridiales;f__Ruminococcaceae;g__Ruminococcus;s__Ruminococcus_callidus	k__Bacteria;p__Bacteroidetes;c__Bacteroidia;o__Bacteroidales;f__Rikenellaceae;g__Alistipes;s__Alistipes_senegalensis	k__Bacteria;p__Firmicutes;c__Clostridia;o__Clostridiales;f__Lachnospiraceae;g__Blautia;s__Blautia_sp._KLE_1732	k__Bacteria;p__Bacteroidetes;c__Bacteroidia;o__Bacteroidales;f__Bacteroidaceae;g__Bacteroides;s__Bacteroides_oleiciplenus	k__Bacteria;p__Firmicutes;c__Clostridia;o__Clostridiales;f__Ruminococcaceae;g__Ruminococcus;s__Ruminococcus_bicirculans	k__Bacteria;p__Bacteroidetes;c__Bacteroidia;o__Bacteroidales;f__Bacteroidaceae;g__Bacteroides;s__Bacteroides_fluxus	k__Bacteria;p__Bacteroidetes;c__Bacteroidia;o__Bacteroidales;f__Prevotellaceae;g__Prevotella;s__Prevotella_stercorea	k__Bacteria;p__Firmicutes;c__Clostridia;o__Clostridiales;f__Lachnospiraceae;g__Dorea;s__Dorea_longicatena	k__Bacteria;p__Firmicutes;c__Clostridia;o__Clostridiales;f__Eubacteriaceae;g__Eubacterium;s__[Eubacterium]_eligens	k__Bacteria;p__Firmicutes;c__Clostridia;o__Clostridiales;f__Ruminococcaceae;g__;s__Ruminococcaceae_bacterium_D16	k__Bacteria;p__Firmicutes;c__Clostridia;o__Clostridiales;f__Lachnospiraceae;g__Coprococcus;s__Coprococcus_comes	k__Bacteria;p__Proteobacteria;c__Gammaproteobacteria;o__Enterobacterales;f__Enterobacteriaceae;g__Escherichia;s__Escherichia_coli	k__Bacteria;p__Firmicutes;c__Clostridia;o__Clostridiales;f__Ruminococcaceae;g__Anaerotruncus;s__Anaerotruncus_colihominis	k__Bacteria;p__Firmicutes;c__Clostridia;o__Clostridiales;f__Lachnospiraceae;g__Blautia;s__Blautia_obeum	k__Bacteria;p__Bacteroidetes;c__Bacteroidia;o__Bacteroidales;f__Odoribacteraceae;g__Odoribacter;s__Odoribacter_laneus	k__Bacteria;p__Firmicutes;c__Clostridia;o__Clostridiales;f__Ruminococcaceae;g__Ruminiclostridium;s__[Clostridium]_leptum	k__Bacteria;p__Bacteroidetes;c__Bacteroidia;o__Bacteroidales;f__Porphyromonadaceae;g__Parabacteroides;s__Parabacteroides_goldsteinii	k__Bacteria;p__Firmicutes;c__Clostridia;o__Clostridiales;f__Lachnospiraceae;g__Anaerostipes;s__Anaerostipes_hadrus	k__Bacteria;p__Firmicutes;c__Clostridia;o__Clostridiales;f__Ruminococcaceae;g__Ruminococcus;s__Ruminococcus_lactaris	k__Bacteria;p__Firmicutes;c__Clostridia;o__Clostridiales;f__Clostridiaceae;g__Clostridium;s__Clostridium_sp._L2-50	k__Bacteria;p__Firmicutes;c__Clostridia;o__Clostridiales;f__Clostridiaceae;g__Clostridium;s__Clostridium_sp._M62/1	k__Bacteria;p__Firmicutes;c__Clostridia;o__Clostridiales;f__;g__Intestinimonas;s__Intestinimonas_butyriciproducens	k__Bacteria;p__Actinobacteria;c__Actinobacteria;o__Bifidobacteriales;f__Bifidobacteriaceae;g__Bifidobacterium;s__Bifidobacterium_bifidum	k__Bacteria;p__Firmicutes;c__Negativicutes;o__Veillonellales;f__Veillonellaceae;g__Dialister;s__Dialister_invisus	k__Bacteria;p__Bacteroidetes;c__Bacteroidia;o__Bacteroidales;f__Bacteroidaceae;g__Bacteroides;s__Bacteroides_salanitronis
k__Bacteria;p__Bacteroidetes;c__Bacteroidia;o__Bacteroidales;f__Bacteroidaceae;g__Bacteroides;s__Bacteroides_vulgatus	1.0	0.0407805540625	-0.0104827990472	-0.0094962006795	-0.0310143802775	-0.0643997389079	0.0498944389535	-0.00374744940714	-0.039000680017	-0.0184349461846	0.0145061260546	-0.0445279380268	0.0876637226138	0.0472330952297	-0.0123232424636	-0.0851433396647	-0.00802603069176	-0.00150543618699	0.00119561164876	0.0459784057857	0.0534026910259	0.0487429420826	-0.144579765422	0.0313763892366	-0.00684958333906	-0.0396301635508	0.0283387685387	0.0531125569668	-0.0210891607352	-0.0270335055479	0.0836475455488	-0.0441301340663	-0.0203403550383	-0.0147444135106	0.0400034418768	-0.00169359894316	-0.0229064527932	0.00480826689968	0.030750285407	-0.0675462379994	-0.0110449682897	0.0280178830778	-0.0324902214659	0.0366876199275	-0.0316152725465	-0.00222892258928	-0.0586195434621	0.00211091426644	-0.0692893523479	-0.0267148507056	-0.0182310629565	0.0402421478741	0.00643034418711	0.000187087235714	-0.0524335126138	-0.122799936222	0.0954877116379	-0.0107650675284	-0.0478888079111
k__Bacteria;p__Bacteroidetes;c__Bacteroidia;o__Bacteroidales;f__Bacteroidaceae;g__Bacteroides;s__Bacteroides_uniformis	0.0407805540625	1.0	-0.0220054893614	-0.0102475226069	0.0414813357287	0.0333240704662	-0.0336004474611	0.0272682937756	0.0407562466383	0.0196718252934	-0.0464181123683	-0.0136597316198	-0.0548519322041	0.0250015487551	-0.023010316254	0.0746154211083	-0.0201813463114	-0.00767518153737	-0.0463128549266	-0.119152724329	-0.0935644282063	0.0352310714774	0.00534095802677	0.0275703319635	0.0197460847137	-0.0433561297306	0.0690887299727	0.00717949363429	0.0415364693945	0.0031464693521	-0.0172326801567	0.0125413265671	0.0218709312081	0.0111887973719	0.0429091842151	-0.0715370962684	-0.0293617042645	-0.0111346907233	0.0547759712528	0.00646760503554	-0.0660319365492	-0.0504040189748	-0.0181761085992	-0.0177212171334	0.0156418603957	-0.0263896427741	-0.0679623462844	0.0730616199207	-0.0146428387256	-0.00689545144121	-0.0181851837635	-0.0267056858807	0.00970423460282	-0.0235344659663	0.0119657718339	-0.040757370393	-0.00825117328441	-0.00096938796521	0.0222853968064
k__Bacteria;p__Bacteroidetes;c__Bacteroidia;o__Bacteroidales;f__Rikenellaceae;g__Alistipes;s__Alistipes_putredinis	-0.0104827990472	-0.0220054893614	1.0	-0.0104567511307	-0.00120154950469	-0.090769975354	0.0127166234479	0.0146864476769	-0.0337927016217	0.0231068576209	0.0446490289741	-0.0678599823828	0.00473211885185	-0.0213361325199	-0.0327829397594	0.0294609587194	-0.0338743287426	-0.00221482455856	-0.0626994732912	0.0185445432856	-0.0380422400881	0.0177442276071	-0.0570165053264	0.00454202019043	-0.0160263068133	-0.00539764003791	-0.0436446678318	0.00879139869845	0.0202810582493	-0.00175523645509	-0.00789468506952	-0.0266065750992	0.0619350760802	0.0297911180456	-0.0366763491087	-0.0579619833235	-0.0345228763355	0.0172210386993	0.0122807595875	-0.0359372973983	-0.0201841186196	-0.109944734881	-0.0386507504537	-0.0399217421686	-0.0261695332935	-0.0698384485868	-0.0145056916307	-0.00553844824467	0.0382708745574	-0.0458694968422	0.0205187639084	-0.017225448741	-0.0365229219252	-0.00610898201478	-0.00889633011125	0.0221475761617	0.0222028744425	-0.0479124663151	0.0158169410912
k__Bacteria;p__Bacteroidetes;c__Bacteroidia;o__Bacteroidales;f__Prevotellaceae;g__Prevotella;s__Prevotella_copri	-0.0094962006795	-0.0102475226069	-0.0104567511307	1.0	0.00127836354699	-0.02610296703	-0.0330611163467	0.00398486741173	0.0399474373589	-0.061132090718	0.0108203704423	0.0370413196672	-0.0398152040388	0.072060973634	-0.00356996911878	-0.00221472849833	0.0383001492271	0.0113419883171	-0.0189771884021	0.0191278706215	0.0034166819512	0.0344705818187	0.049313235458	-0.0728515671434	0.00176864901194	0.0459032913962	-0.0582474514088	-0.0550292462842	0.0492411587882	-0.000558790656218	-0.0955583324836	-0.0167476111581	-0.0189552674147	-0.00505424614028	0.0359033948259	-0.031421805331	0.0626429978417	0.038667646237	-0.0780377843927	-0.000128489303505	-0.00550405428999	-0.0749126243252	-0.0709594764264	-0.0065988812464	-0.00770327446745	-0.0460159635355	-0.00637276508041	-0.0317481078465	-0.031248759373	0.0394605141858	-0.0394969812875	-0.0297712536022	-0.0227390562439	-0.0275030159343	0.0237924165027	-0.00664114974216	-0.00527862949312	0.0189520579144	-0.0144125028934
k__Bacteria;p__Bacteroidetes;c__Bacteroidia;o__Bacteroidales;f__Bacteroidaceae;g__Bacteroides;s__Bacteroides_stercoris	-0.0310143802775	0.0414813357287	-0.00120154950469	0.00127836354699	1.0	0.00877094263413	-0.0653831578147	-0.0111500055532	-0.0854114198164	-0.0342250825108	-0.000734562660957	-0.0104439823667	-0.0242281932419	-0.0571458657839	-0.0633453887128	0.0169581764957	0.00607144022378	-0.0288563975111	0.00278629397897	0.00411099616056	0.00982056472671	-0.0951344345939	0.0285546779752	0.0334358917673	-0.117145650574	0.0410409224526	-0.0350942433193	0.00204455424871	-0.0267257011033	-0.0377964520545	-0.0326518240302	-0.0459771100391	0.0154788512994	0.00871731670327	-0.0622519052706	-0.0151904974843	0.0349180861179	-0.0151939346179	0.00648982122151	0.0246421420139	-0.0324729494155	0.0378228100089	0.0451333023521	-0.0699439204397	-0.0406021586668	0.0294479018423	-0.0154829105559	0.0093846197554	-0.0192068575625	0.0243390893869	-0.0125425625631	0.01630158337	0.0226112229127	-0.00978578562778	-0.0572686828267	0.0311669616534	-0.0554523427398	0.00103555915406	-0.000157822888225
k__Bacteria;p__Bacteroidetes;c__Bacteroidia;o__Bacteroidales;f__Bacteroidaceae;g__Bacteroides;s__Bacteroides_ovatus	-0.0643997389079	0.0333240704662	-0.090769975354	-0.02610296703	0.00877094263413	1.0	0.0284422537064	0.0237605201542	0.0257603336866	-0.00272063253705	-0.017968493578	-0.0514778478045	-0.0595833619354	-0.055353700906	0.0581653123697	0.0764191117474	-0.0232580128008	0.0407543309661	-0.0187628608883	-0.0255156482406	0.0210842909248	-0.113055147865	-0.0667314762266	-0.0259409110821	0.0647102945359	-0.0177211301246	-0.0137190875814	0.0159425345445	-0.0803147979644	0.0171875218996	0.0596518547166	-0.00927087145344	-0.00649654080534	-0.0779633093232	-0.0694322341364	-0.074103634013	-0.0240888713933	-0.0516537172471	0.119491081692	-0.0120042112319	-0.0374185075477	-0.0536037526513	0.0322149896767	-0.0154792783252	0.049956219181	0.0597792294317	-0.0356181552105	0.0291383322282	-0.00819475991389	0.0126497513999	-0.000316885829953	0.0226463937441	-0.0166406562178	-0.0171341425094	0.0269490355353	-0.0771535955398	-0.00310222619595	-0.0400448582892	-0.0370427290337
k__Bacteria;p__Bacteroidetes;c__Bacteroidia;o__Bacteroidales;f__Rikenellaceae;g__Alistipes;s__Alistipes_shahii	0.0498944389535	-0.0336004474611	0.0127166234479	-0.0330611163467	-0.0653831578147	0.0284422537064	1.0	-0.0550765470391	0.00493821266785	0.002867898394	0.0727206824942	-0.0732106362032	0.00620643475569	-0.0799151292853	0.107674038069	0.017015503177	0.0101071826338	-0.0615934693644	0.00409149207214	-0.000402977215685	-0.0126058575602	0.0235105719977	0.0118530756504	0.0052325015797	-0.0142297664127	-0.10547712338	-0.0162583896272	-0.081231258165	-0.0622407622825	-0.0356205378123	-0.0397915154058	-0.051867550732	-0.0344232870288	-0.033096416182	0.00479960316092	-0.0421733111723	0.0196744029581	0.0287797869648	0.014451553011	0.0206712334801	-0.0478347797044	-0.00427821790304	-0.0500510760206	-0.0329477693285	0.0446665475264	-0.00949302628388	0.0402001742321	-0.0139761471143	-0.04019761152	0.0114037494796	-0.00373543406444	-0.0297650081041	-0.0173691586316	0.0558797581111	-0.0239931623933	0.0528795904098	0.00947928151614	-0.0466133715459	-0.0545501898365
k__Bacteria;p__Firmicutes;c__Clostridia;o__Clostridiales;f__Ruminococcaceae;g__Faecalibacterium;s__Faecalibacterium_prausnitzii	-0.00374744940714	0.0272682937756	0.0146864476769	0.00398486741173	-0.0111500055532	0.0237605201542	-0.0550765470391	1.0	0.0295680672772	0.0268894907802	-0.0682470253615	0.0222104868938	0.0118813998722	0.00723436310622	0.0156193949714	0.017456706509	0.0116802409072	0.0783266471997	-0.0583373988664	-0.0621283471235	-0.0205107901078	-0.0699998155632	-0.0248070257303	0.0389322328311	0.0108260853683	-0.000637512032787	0.0100456362258	-0.011920268286	0.0584943806754	-0.00909567779256	-0.0369901664441	-0.0329342593575	0.0455375953533	-0.0197220179907	0.0136061043135	-0.0020223910018	-0.0093249209181	0.022811933603	-0.0756316022798	-0.0370943764029	0.0370756322418	-0.0146886141525	-0.0177080330331	-0.0120658983791	-0.00351300939725	0.0197518456876	-0.103085940925	-0.0357498661338	-0.0568934945133	-0.0175916594258	-0.0279074628501	-0.0347669955809	-0.0379793526724	-0.0713731065376	0.0311679103664	-0.0100393032195	-0.00752033571799	0.0262469403599	0.0170502326119
k__Bacteria;p__Bacteroidetes;c__Bacteroidia;o__Bacteroidales;f__Rikenellaceae;g__Alistipes;s__Alistipes_finegoldii	-0.039000680017	0.0407562466383	-0.0337927016217	0.0399474373589	-0.0854114198164	0.0257603336866	0.00493821266785	0.0295680672772	1.0	-0.0138319336519	0.00437358176421	0.0439431175086	-0.113652803824	-0.0608247961256	-0.000520292994305	-0.0178568144902	0.0160062853829	-0.0606934695815	0.00758048270277	0.0526840962605	0.0162040616115	0.0694683304082	-0.0429133227286	-0.0367572014276	-0.035153101086	0.0101934981572	-0.068827152542	-0.0634654449494	0.0301714806324	-0.0618160618828	-0.0128212471566	0.0558138443947	0.016845259653	-0.00131239756321	0.00592793058996	-0.0480714406241	-0.013160389778	-0.00961734574629	-0.0133380262469	-0.0232433176499	0.0277675077513	-0.0215633635262	-0.0159768325493	-0.0255483339176	-0.00699174998762	0.00160473636791	0.0321944823849	-0.0208002175109	-0.00812604363893	-0.0426283401098	0.0300351716131	-0.0762386155639	0.032641992627	0.00555299057704	-0.020122784469	0.0481000928276	0.00452525930419	-0.0145434864647	0.0353789830841
k__Bacteria;p__Bacteroidetes;c__Bacteroidia;o__Bacteroidales;f__Porphyromonadaceae;g__Parabacteroides;s__Parabacteroides_distasonis	-0.0184349461846	0.0196718252934	0.0231068576209	-0.061132090718	-0.0342250825108	-0.00272063253705	0.002867898394	0.0268894907802	-0.0138319336519	1.0	0.0611680378722	-0.00269949740005	-0.0774073766142	0.0205383072364	0.0580595556011	-0.0464835746153	-0.0563497876711	0.00304724923597	-0.0690415714452	-0.0338184651117	-0.123172554772	0.0183660442304	-0.0162650049571	0.0569289677754	0.0387273992606	0.0154866128382	0.0031552430072	0.00966429062348	0.0231909148991	-0.0769894195766	0.0157404381264	-0.00417643390452	0.0030049631388	0.0117746590999	0.035155237493	0.0122194950158	-0.0573222257794	-0.049742159139	-0.0494786369174	-0.0814245450419	-0.0326164763499	-0.0336332222614	-0.0374664679972	-0.0225662233571	0.0393334263184	-0.0309402846237	0.105409522764	-0.0116263181462	-0.0314818393178	-0.035524257028	-0.0220147676798	0.0300171762619	0.0129103610739	-0.00585282414873	0.035287519958	-0.0376746894733	-0.0251050893729	0.00538467252916	0.0189294890138
k__Bacteria;p__Bacteroidetes;c__Bacteroidia;o__Bacteroidales;f__Bacteroidaceae;g__Bacteroides;s__Bacteroides_thetaiotaomicron	0.0145061260546	-0.0464181123683	0.0446490289741	0.0108203704423	-0.000734562660957	-0.017968493578	0.0727206824942	-0.0682470253615	0.00437358176421	0.0611680378722	1.0	0.0133454330429	-0.0237211077871	0.0394275030217	-0.0310487556558	-0.0163807641553	0.007223418632	-0.00664689502619	0.0509466579895	-0.0291331687761	0.0298006217446	0.0137347270609	0.0153008630527	-0.00653328575322	-0.0174794521051	-0.111924231233	-0.0263958303107	-0.0153253219044	-0.0468036806797	0.00561451145319	-0.0692609874846	-0.0454475472566	-0.0661246746672	-0.0978252776488	0.0724129561208	0.0498264285833	-0.0183235643081	0.0112129858747	0.0369541085943	-0.00248471067022	0.00824328456689	0.0133765962576	0.0244950864411	-0.0528305320106	-0.0323535157693	0.0242568500918	-0.0619647494789	0.0241432051884	0.0319780458846	-0.0034784737648	-0.046373946625	-0.027351393044	0.0088335985255	-0.03766661205	-0.046060748416	-0.0332715576348	-0.018986096057	-0.044798244615	0.0555428864726
k__Bacteria;p__Bacteroidetes;c__Bacteroidia;o__Bacteroidales;f__Bacteroidaceae;g__Bacteroides;s__Bacteroides_coprocola	-0.0445279380268	-0.0136597316198	-0.0678599823828	0.0370413196672	-0.0104439823667	-0.0514778478045	-0.0732106362032	0.0222104868938	0.0439431175086	-0.00269949740005	0.0133454330429	1.0	-0.0361636241473	0.0186746265683	-0.0373423072513	-0.0163998882626	0.0244930844306	-0.0371783050357	-0.0642345895905	-0.0134812076553	0.0242134644959	-0.0151061421634	0.00655692085028	-0.00687627128481	0.0332685705173	-0.0425486494745	-0.014014165006	-0.0433635311851	0.0250639313659	-0.0361051346958	-0.00117834869409	0.0276547492549	0.0137923947453	-0.0645098378196	0.0174167273689	0.0407717064942	-0.0403938669945	0.00691785403536	0.0143395322002	0.0479764964807	-0.0610971429323	-0.0453185834193	-0.026261809514	0.0126969879216	0.0203759192739	-0.00886586399349	-0.0438279526027	0.00913114869708	0.00862924892855	-0.0321287845356	-0.0309892049179	0.0360897201538	0.0553423755397	-0.125514935068	0.0459427731549	-0.0293876653513	-0.0584998344514	0.00637807675418	0.0481079557966
k__Bacteria;p__Bacteroidetes;c__Bacteroidia;o__Bacteroidales;f__Bacteroidaceae;g__Bacteroides;s__Bacteroides_cellulosilyticus	0.0876637226138	-0.0548519322041	0.00473211885185	-0.0398152040388	-0.0242281932419	-0.0595833619354	0.00620643475569	0.0118813998722	-0.113652803824	-0.0774073766142	-0.0237211077871	-0.0361636241473	1.0	-0.0702631811275	0.0106889809814	-0.0266105930663	-0.0124222897792	0.0239120624521	-0.0154322566106	-0.0368551944418	0.0409483422503	0.0225303475883	-0.00610098491377	0.0433748639571	-0.0532988839956	0.00171211637464	-0.0392053878446	-0.0445115538333	-0.0349442371231	0.0335397834719	-0.0182583607436	0.0356044248419	0.00477898989011	-0.0801029885518	0.0551036063886	-0.00104017256665	0.0300070265218	-0.032063220473	0.0203622800113	0.0274324815251	-0.078008108228	-0.0560917556868	0.0138585551292	-0.0319213733759	-0.0187973898364	-0.106371505512	-0.0368008201381	-0.0777925882322	-0.0121160239704	-0.0522945317482	0.015572119933	-0.0271019499182	-0.059429445162	0.0160985473507	0.0319879656867	0.04839844286	-0.0062134944776	0.0285428785249	0.0257088938259
k__Bacteria;p__Bacteroidetes;c__Bacteroidia;o__Bacteroidales;f__Rikenellaceae;g__Alistipes;s__Alistipes_obesi	0.0472330952297	0.0250015487551	-0.0213361325199	0.072060973634	-0.0571458657839	-0.055353700906	-0.0799151292853	0.00723436310622	-0.0608247961256	0.0205383072364	0.0394275030217	0.0186746265683	-0.0702631811275	1.0	-0.0801060794017	-0.0104051923946	-0.0249975851984	0.0313549203738	-0.00214485141435	-0.00691788261295	-0.0401630182083	0.0220932299322	-0.0226714518267	0.0161166644876	-0.0111961510815	-0.0700891687729	0.0264519238714	0.0071320335878	-0.0389195254361	-0.0536436230291	0.023093259832	0.00501974009358	-0.0642643878698	-0.0102725653683	0.0432589313565	-0.0262342279524	-0.0767691326992	-0.0804282969605	-0.0543101046344	-0.0238093928222	0.00949837452631	0.118711991071	0.0447057517813	-0.0151301559378	-0.00683414486749	0.0463468488965	0.0248676747457	0.00333640722322	-0.0308295303532	-0.00385090661435	0.05414817047	0.00306198992526	-0.0422826669706	0.0343860046329	-0.0473556456463	-0.0448231446328	-0.0184009016882	0.00336692347104	-0.0285220304377
k__Bacteria;p__Firmicutes;c__Clostridia;o__Clostridiales;f__Lachnospiraceae;g__;s__[Eubacterium]_rectale	-0.0123232424636	-0.023010316254	-0.0327829397594	-0.00356996911878	-0.0633453887128	0.0581653123697	0.107674038069	0.0156193949714	-0.000520292994305	0.0580595556011	-0.0310487556558	-0.0373423072513	0.0106889809814	-0.0801060794017	1.0	-0.0366389068404	0.0195387614252	-0.0989649612815	0.00186003411051	0.0681419224164	-0.0252190641114	-0.00599477977604	-0.0492051744962	-0.0148206716899	-0.00749624860673	0.0750883192283	0.000663588313661	-0.0212957847594	0.00068955295584	0.00467430417754	-0.0141201852077	0.0523145107564	-0.0201548343297	-0.0189772675836	-0.051517368228	-0.0225601608552	-0.0799370418994	-0.00282103446321	-0.0232600971559	-0.0324153391488	-0.0134956051455	-0.0691458670573	-0.00288663904725	-0.00402137760456	-0.0332741922759	-0.0433194643519	-0.0794814376765	-0.0431213816501	-0.00723498283466	-0.0164829213406	0.0353024382317	0.0141000531961	-0.00140670059183	-0.0277679076528	0.0457795202152	0.0160693638865	-0.00574685221494	-0.0191581380386	-0.00147769689369
k__Bacteria;p__Bacteroidetes;c__Bacteroidia;o__Bacteroidales;f__Bacteroidaceae;g__Bacteroides;s__Bacteroides_plebeius	-0.0851433396647	0.0746154211083	0.0294609587194	-0.00221472849833	0.0169581764957	0.0764191117474	0.017015503177	0.017456706509	-0.0178568144902	-0.0464835746153	-0.0163807641553	-0.0163998882626	-0.0266105930663	-0.0104051923946	-0.0366389068404	1.0	0.00818492058818	-0.0136721572084	-0.0544615096325	0.0346319554676	-0.0574849078697	-0.0420328945187	-0.0492266866832	0.0467753687198	-0.0248869224223	0.00984939831599	0.00404922658662	0.0188504502135	-0.0395003294116	0.0238713144397	-0.0653468452938	0.00145352250111	0.0162854495461	-0.0389479398235	0.0228816475008	-0.00235029219861	-0.00611546081801	0.0248012817345	-0.0789364685753	-0.0123301672306	-0.0283853843208	-0.0780056637424	-0.017957872067	-0.0589016983772	0.000583342566851	-0.0125983589191	-0.0355861818983	0.0230266281991	-0.0398632502348	0.0030306252228	-0.0258218658761	-0.087828957789	0.0254649404307	0.0073179493151	-0.0115891697335	-0.0146470134104	0.0437745212517	0.0600983269072	0.0377089826326
k__Bacteria;p__Bacteroidetes;c__Bacteroidia;o__Bacteroidales;f__Bacteroidaceae;g__Bacteroides;s__Bacteroides_fragilis	-0.00802603069176	-0.0201813463114	-0.0338743287426	0.0383001492271	0.00607144022378	-0.0232580128008	0.0101071826338	0.0116802409072	0.0160062853829	-0.0563497876711	0.007223418632	0.0244930844306	-0.0124222897792	-0.0249975851984	0.0195387614252	0.00818492058818	1.0	0.00606334731704	-0.0401176384771	0.0118376959402	0.0143077974269	-0.0934001533151	-0.0418876888993	-0.017071915116	-0.0176254091616	-0.0441939374842	0.013981838646	-0.0214731575542	0.00924166370928	-0.0747296231745	0.0186573796573	-0.0420899075757	-0.106041002936	0.0100179243533	0.0085906178996	-0.00678941040874	0.0786065405641	-0.061730301035	0.000631437462145	0.0677737765055	-0.0786795803757	-0.0473668916614	-0.0294212240911	-0.121771533032	0.0624463186642	0.0402813074795	0.00851774315695	-0.00761030454788	-0.0148014642592	-0.0328920916246	-0.022705668662	-0.030929399774	0.0522112772467	0.0174414487618	-0.0412112415356	-0.0162453043481	-0.0111786589224	0.0708934823747	-0.0344026235855
k__Bacteria;p__Proteobacteria;c__Betaproteobacteria;o__Burkholderiales;f__Sutterellaceae;g__Sutterella;s__Sutterella_wadsworthensis	-0.00150543618699	-0.00767518153737	-0.00221482455856	0.0113419883171	-0.0288563975111	0.0407543309661	-0.0615934693644	0.0783266471997	-0.0606934695815	0.00304724923597	-0.00664689502619	-0.0371783050357	0.0239120624521	0.0313549203738	-0.0989649612815	-0.0136721572084	0.00606334731704	1.0	-0.0247575888801	-0.0536513187614	-0.0513952173506	-0.0168201644422	0.0686988811649	-0.0942102724319	-0.0208287887537	0.0261010584582	-0.057037049489	0.0185105935669	-0.0369240227548	0.038566025128	0.0609594873413	0.000414621859449	0.00956172745978	-0.077149262652	-0.01569637091	-0.0379605851609	0.0146917603706	-0.130759714735	-0.00626576034937	-0.0379071012878	-0.0303303849027	0.0199204257077	0.00667553007268	-0.0176035411734	-0.0532445627457	0.0282683197936	0.0208083181197	-0.0291033932523	-0.0128950946347	0.00046965390438	-0.00104596385637	-0.0485279358251	0.0173753384484	-0.0574067038568	-0.00145381019183	-0.0671409260872	-0.0631348680904	0.0224324656317	-0.0164781278395
k__Bacteria;p__Bacteroidetes;c__Bacteroidia;o__Bacteroidales;f__Porphyromonadaceae;g__Barnesiella;s__Barnesiella_intestinihominis	0.00119561164876	-0.0463128549266	-0.0626994732912	-0.0189771884021	0.00278629397897	-0.0187628608883	0.00409149207214	-0.0583373988664	0.00758048270277	-0.0690415714452	0.0509466579895	-0.0642345895905	-0.0154322566106	-0.00214485141435	0.00186003411051	-0.0544615096325	-0.0401176384771	-0.0247575888801	1.0	0.00742320065909	-0.0331218108757	0.0582021859423	0.058333899468	0.0100519253163	-0.049190821219	0.0658385454899	-0.0800911665648	0.00126779821439	-0.0366260336479	-0.0171529668892	-0.0539729795713	-0.0663309623747	0.0529665629823	0.0746127041698	-0.0402011242434	-0.0616870007029	0.0730021722256	-0.000133755006152	0.00168621706486	0.0359619233399	0.00137662613761	0.0135951299363	0.0126357930324	0.00108694515689	-0.0228559363636	-0.0201546115568	0.0484095434231	-0.00287145711931	-0.0577436615737	0.0372338204315	-0.0322185603357	-0.0211399308484	0.00501458136446	-0.0302665199402	-0.072895241911	-0.0280629677403	0.0334545741952	-0.0204658514904	-0.0651192244544
k__Bacteria;p__Bacteroidetes;c__Bacteroidia;o__Bacteroidales;f__Odoribacteraceae;g__Odoribacter;s__Odoribacter_splanchnicus	0.0459784057857	-0.119152724329	0.0185445432856	0.0191278706215	0.00411099616056	-0.0255156482406	-0.000402977215685	-0.0621283471235	0.0526840962605	-0.0338184651117	-0.0291331687761	-0.0134812076553	-0.0368551944418	-0.00691788261295	0.0681419224164	0.0346319554676	0.0118376959402	-0.0536513187614	0.00742320065909	1.0	-0.0689235870174	-0.0371333467094	0.0333613064585	-0.0240242811696	-0.112929872213	-0.00450343237661	-0.00178335940564	0.0684550993158	0.032993238088	-0.0363487793761	0.00376756245932	0.0808321905041	0.00440239431262	0.0121906988748	-0.0190693828652	-0.0529842751468	-0.0310043423653	-0.0445787644185	0.0198302005143	-0.0356071119322	-0.0358545873006	-0.0330319634919	0.0351164999821	-0.0486612038509	-0.0913649511449	0.00647907772335	0.0022012239666	-0.0263825836905	-0.0161867906504	-0.0169973743721	-0.0589184577641	-0.0242373900893	0.00840360157666	0.086566119472	-0.0245547331654	-0.0469127427106	0.0391188289755	-0.0408025826016	-0.0355411935661
k__Bacteria;p__Bacteroidetes;c__Bacteroidia;o__Bacteroidales;f__Bacteroidaceae;g__Bacteroides;s__Bacteroides_salyersiae	0.0534026910259	-0.0935644282063	-0.0380422400881	0.0034166819512	0.00982056472671	0.0210842909248	-0.0126058575602	-0.0205107901078	0.0162040616115	-0.123172554772	0.0298006217446	0.0242134644959	0.0409483422503	-0.0401630182083	-0.0252190641114	-0.0574849078697	0.0143077974269	-0.0513952173506	-0.0331218108757	-0.0689235870174	1.0	-0.0689447218709	-0.0235943282565	-0.0226686031084	0.0196872998352	0.00612814452977	-0.0414127363287	-0.029885541643	0.0139631419991	-0.0159835010182	0.0609086330258	-0.0464677196284	-0.130319881082	-0.0454269063297	-0.0568026596541	-0.022823000797	0.0572394799519	0.0344282003542	-0.0942219943886	0.0202930297736	0.0741530361338	-0.0684733336023	-0.0776498865665	0.0194627379002	0.0372810325412	0.000675445828269	-0.0280609172993	-0.0290995462103	0.0279020128834	-0.0281770896043	0.0297912383657	-0.0215595553599	-0.0212877206298	0.0604063559245	-0.00221922410966	0.0194643516535	-0.00657442447987	-0.0288244520443	0.0123428106759
k__Bacteria;p__Firmicutes;c__Clostridia;o__Clostridiales;f__Ruminococcaceae;g__Ruminiclostridium;s__[Eubacterium]_siraeum	0.0487429420826	0.0352310714774	0.0177442276071	0.0344705818187	-0.0951344345939	-0.113055147865	0.0235105719977	-0.0699998155632	0.0694683304082	0.0183660442304	0.0137347270609	-0.0151061421634	0.0225303475883	0.0220932299322	-0.00599477977604	-0.0420328945187	-0.0934001533151	-0.0168201644422	0.0582021859423	-0.0371333467094	-0.0689447218709	1.0	0.0175861939645	-0.0171152487819	0.0171906561902	-0.0435752741655	0.114337275113	-0.00672886351201	0.000525700930728	0.0717310248774	0.00460776111465	0.0779661647079	0.00559474019832	-0.0474762378269	0.00050530992297	-0.0301218558325	0.05210138562	0.0005211911979	-0.0121514971541	-0.0257327630625	0.0188874963697	-0.00537533551234	-0.0331199148472	0.0633230105499	0.00127304351308	-0.0672836172667	-0.0548283252814	-0.0498063379357	-0.0464930572843	-0.0516415159867	0.00421006257852	-0.0137832886137	-0.0245761363785	0.0367662704251	0.00988902076389	-0.0121719906315	-0.0270274910861	0.0336580147472	-0.0435656988348
k__Bacteria;p__Proteobacteria;c__Betaproteobacteria;o__Burkholderiales;f__Sutterellaceae;g__Parasutterella;s__Parasutterella_excrementihominis	-0.144579765422	0.00534095802677	-0.0570165053264	0.049313235458	0.0285546779752	-0.0667314762266	0.0118530756504	-0.0248070257303	-0.0429133227286	-0.0162650049571	0.0153008630527	0.00655692085028	-0.00610098491377	-0.0226714518267	-0.0492051744962	-0.0492266866832	-0.0418876888993	0.0686988811649	0.058333899468	0.0333613064585	-0.0235943282565	0.0175861939645	1.0	0.0141852536581	-0.0159016316948	0.0290835366633	-0.0635413687164	0.00954994343781	-0.0648883414522	0.040958189567	-0.0509730139526	0.0231332436747	-0.0210894808665	-0.0108450935108	-0.0208113349748	-0.0414297112996	0.0386003627925	0.00575095095558	-0.0262797947374	0.00348654704853	-0.00833938660963	0.0872029101003	0.00470452486841	0.0637358001692	-0.037909667204	0.0171966562244	-0.0920134872473	-0.0724561650103	-0.00368579276473	0.0206285034537	0.000428134136349	0.02897834512	0.00173020714359	0.00224438451542	-0.0752033821871	-0.060869380576	0.00306790414684	0.0181687927951	-0.0135601765262
k__Bacteria;p__Actinobacteria;c__Actinobacteria;o__Bifidobacteriales;f__Bifidobacteriaceae;g__Bifidobacterium;s__Bifidobacterium_adolescentis	0.0313763892366	0.0275703319635	0.00454202019043	-0.0728515671434	0.0334358917673	-0.0259409110821	0.0052325015797	0.0389322328311	-0.0367572014276	0.0569289677754	-0.00653328575322	-0.00687627128481	0.0433748639571	0.0161166644876	-0.0148206716899	0.0467753687198	-0.017071915116	-0.0942102724319	0.0100519253163	-0.0240242811696	-0.0226686031084	-0.0171152487819	0.0141852536581	1.0	-0.0297782181263	0.0277434705423	0.0324141774555	-0.0353030478636	0.00981996467432	0.0383418892251	-0.000901794930457	-0.00754529658166	-0.0436329067035	-0.00291180922653	-0.00593123008081	-0.00353085737817	0.0633991481499	-0.0163009815221	-0.0165595158441	-0.041403032252	-0.028376829007	-0.0107706685952	-0.047962980755	0.0330118782938	-0.0178386948381	0.0152398975278	-0.0713434115158	0.0153532699065	-0.042620369158	0.019919490166	0.0294500726992	-0.0217499681229	0.0401502426417	0.000946826533259	0.0228842829228	-0.0641180105634	-0.0378270700088	0.00525588135668	-0.0468317963602
k__Bacteria;p__Firmicutes;c__Clostridia;o__Clostridiales;f__Oscillospiraceae;g__Oscillibacter;s__Oscillibacter_sp._KLE_1745	-0.00684958333906	0.0197460847137	-0.0160263068133	0.00176864901194	-0.117145650574	0.0647102945359	-0.0142297664127	0.0108260853683	-0.035153101086	0.0387273992606	-0.0174794521051	0.0332685705173	-0.0532988839956	-0.0111961510815	-0.00749624860673	-0.0248869224223	-0.0176254091616	-0.0208287887537	-0.049190821219	-0.112929872213	0.0196872998352	0.0171906561902	-0.0159016316948	-0.0297782181263	1.0	0.0470282719276	0.0184903707274	-0.0750657509117	-0.0607448856826	0.0101123368544	0.0618254174705	0.0143482013288	-0.0891950759429	0.0213548478319	0.0338950049005	0.0382744012069	0.0266706353994	-0.026988439167	0.0337696781079	-0.0132165597699	0.0597482182408	0.0248269023059	-0.0659487515536	0.0548866385413	-0.0395089796054	-0.0488731523202	0.0357503654289	0.0184977624898	-0.0541884149743	0.00863949365672	0.0573349705385	0.0066198624266	-0.00712861891847	-0.0505579120141	-0.00492940305749	-0.0823901787635	-0.0501106908176	-0.0678267581545	-0.0307262818327
k__Bacteria;p__Bacteroidetes;c__Bacteroidia;o__Bacteroidales;f__Bacteroidaceae;g__Bacteroides;s__Bacteroides_coprophilus	-0.0396301635508	-0.0433561297306	-0.00539764003791	0.0459032913962	0.0410409224526	-0.0177211301246	-0.10547712338	-0.000637512032787	0.0101934981572	0.0154866128382	-0.111924231233	-0.0425486494745	0.00171211637464	-0.0700891687729	0.0750883192283	0.00984939831599	-0.0441939374842	0.0261010584582	0.0658385454899	-0.00450343237661	0.00612814452977	-0.0435752741655	0.0290835366633	0.0277434705423	0.0470282719276	1.0	0.00165170956564	-0.0335325245316	-0.0304174667039	-0.021432587549	-0.00867241668883	-0.0333318713969	-0.0356354479956	0.0637215430494	0.0249672263491	-0.00277319302612	-0.0706023562921	0.0454630911992	-0.0161330393282	0.00729726203547	-0.104043007033	0.0201631618349	0.0215609142146	0.00450359710043	0.00693667502517	0.0810946417931	-0.123263752426	0.0652397264003	-0.0277395868679	0.0694270050946	-0.00575386731168	0.00699022591433	-0.0149583374959	0.00403881886898	0.0110687971832	0.0977081373502	-0.00819956738424	0.0164917208353	0.0203221233666
k__Bacteria;p__Firmicutes;c__Clostridia;o__Clostridiales;f__Lachnospiraceae;g__Roseburia;s__Roseburia_intestinalis	0.0283387685387	0.0690887299727	-0.0436446678318	-0.0582474514088	-0.0350942433193	-0.0137190875814	-0.0162583896272	0.0100456362258	-0.068827152542	0.0031552430072	-0.0263958303107	-0.014014165006	-0.0392053878446	0.0264519238714	0.000663588313661	0.00404922658662	0.013981838646	-0.057037049489	-0.0800911665648	-0.00178335940564	-0.0414127363287	0.114337275113	-0.0635413687164	0.0324141774555	0.0184903707274	0.00165170956564	1.0	0.00716504850205	-0.041460235025	0.0256567894035	-0.0414301995537	0.0425740525538	0.0144999848799	0.00404173847536	-0.0328191938093	-0.00813251930795	-0.00464714383502	0.0216531802649	-0.00235689016646	0.00121470904779	-0.048255674433	0.0292038461465	-0.064540631894	-0.0255972687134	-0.0599795933197	-0.083408455001	0.0223003367109	0.000168162619151	-0.0674726937117	-0.0140390441991	-0.033271202984	0.00756494847729	-0.0275877361772	-0.0123934651037	0.0201519115397	0.00266919426735	-0.0406061274028	-0.056400948323	-0.0358451528195
k__Bacteria;p__Firmicutes;c__Clostridia;o__Clostridiales;f__Lachnospiraceae;g__Roseburia;s__Roseburia_hominis	0.0531125569668	0.00717949363429	0.00879139869845	-0.0550292462842	0.00204455424871	0.0159425345445	-0.081231258165	-0.011920268286	-0.0634654449494	0.00966429062348	-0.0153253219044	-0.0433635311851	-0.0445115538333	0.0071320335878	-0.0212957847594	0.0188504502135	-0.0214731575542	0.0185105935669	0.00126779821439	0.0684550993158	-0.029885541643	-0.00672886351201	0.00954994343781	-0.0353030478636	-0.0750657509117	-0.0335325245316	0.00716504850205	1.0	0.00130173958267	-0.0504383926816	0.0479596141471	0.0485602846887	0.0369671925686	-0.0237316508392	0.0100641199785	-0.0144146920713	-0.0284337428112	-0.0334987744373	0.0809801305472	-0.0390982135319	-0.0217248485454	0.00328603370749	0.0437079550607	-0.0854446005767	-0.0246940789405	-0.0292666839014	0.051304104501	-0.0365803635513	0.00693496063261	0.0205649876342	0.0022450076642	0.00979203962948	0.0357591399438	-0.0039295176954	-0.00630368155679	-0.0315389355984	0.0457807537927	0.0594554108288	-0.0355730875855
k__Bacteria;p__Bacteroidetes;c__Bacteroidia;o__Bacteroidales;f__Porphyromonadaceae;g__Parabacteroides;s__Parabacteroides_johnsonii	-0.0210891607352	0.0415364693945	0.0202810582493	0.0492411587882	-0.0267257011033	-0.0803147979644	-0.0622407622825	0.0584943806754	0.0301714806324	0.0231909148991	-0.0468036806797	0.0250639313659	-0.0349442371231	-0.0389195254361	0.00068955295584	-0.0395003294116	0.00924166370928	-0.0369240227548	-0.0366260336479	0.032993238088	0.0139631419991	0.000525700930728	-0.0648883414522	0.00981996467432	-0.0607448856826	-0.0304174667039	-0.041460235025	0.00130173958267	1.0	-0.00749858388069	0.0110296529591	0.0332099581572	-0.0580236615612	0.0213634394407	-0.0205962073198	-0.0541289301855	0.0121994195369	0.0421161520446	0.0279173951088	0.0386913533374	-0.0775146740958	0.0861394863061	0.0219655597251	-0.0742852476918	0.010753584485	0.0195422785962	-0.0197234267724	0.0110532233351	-0.0278616820415	-0.0811933403073	-0.024261001251	-0.0262634853132	-0.0341054522558	-0.0237911094715	0.036676918293	0.0100742398259	-0.0486597006957	-0.0479820911624	0.0617326239079
k__Bacteria;p__Actinobacteria;c__Actinobacteria;o__Bifidobacteriales;f__Bifidobacteriaceae;g__Bifidobacterium;s__Bifidobacterium_longum	-0.0270335055479	0.0031464693521	-0.00175523645509	-0.000558790656218	-0.0377964520545	0.0171875218996	-0.0356205378123	-0.00909567779256	-0.0618160618828	-0.0769894195766	0.00561451145319	-0.0361051346958	0.0335397834719	-0.0536436230291	0.00467430417754	0.0238713144397	-0.0747296231745	0.038566025128	-0.0171529668892	-0.0363487793761	-0.0159835010182	0.0717310248774	0.040958189567	0.0383418892251	0.0101123368544	-0.021432587549	0.0256567894035	-0.0504383926816	-0.00749858388069	1.0	-0.0238300258132	-0.00289728713075	-0.0105506252773	-0.0574490304233	-0.0312454051777	-0.00714436262853	-0.0342350398763	-0.0529653444336	-0.0658277965327	0.0688554547949	-0.024738491719	0.0422637506242	0.0307092517237	-0.024825175388	-0.0249363421962	0.0307038987263	-0.0128213774167	-0.0139666079901	0.0551682685655	0.0990241252661	-0.0767612438063	-0.00888596425235	0.0252066574166	0.0644613824899	0.0195036709672	0.00226774944292	-0.0186122721036	-0.0104027381774	0.0133885287787
