#taxonomy	k__Bacteria;p__Bacteroidetes;c__Bacteroidia;o__Bacteroidales;f__Bacteroidaceae;g__Bacteroides;s__Bacteroides_vulgatus	k__Bacteria;p__Bacteroidetes;c__Bacteroidia;o__Bacteroidales;f__Bacteroidaceae;g__Bacteroides;s__Bacteroides_uniformis	k__Bacteria;p__Bacteroidetes;c__Bacteroidia;o__Bacteroidales;f__Rikenellaceae;g__Alistipes;s__Alistipes_putredinis	k__Bacteria;p__Bacteroidetes;c__Bacteroidia;o__Bacteroidales;f__Prevotellaceae;g__Prevotella;s__Prevotella_copri	k__Bacteria;p__Bacteroidetes;c__Bacteroidia;o__Bacteroidales;f__Bacteroidaceae;g__Bacteroides;s__Bacteroides_stercoris	k__Bacteria;p__Bacteroidetes;c__Bacteroidia;o__Bacteroidales;f__Bacteroidaceae;g__Bacteroides;s__Bacteroides_ovatus	k__Bacteria;p__Bacteroidetes;c__Bacteroidia;o__Bacteroidales;f__Rikenellaceae;g__Alistipes;s__Alistipes_shahii	k__Bacteria;p__Firmicutes;c__Clostridia;o__Clostridiales;f__Ruminococcaceae;g__Faecalibacterium;s__Faecalibacterium_prausnitzii	k__Bacteria;p__Bacteroidetes;c__Bacteroidia;o__Bacteroidales;f__Rikenellaceae;g__Alistipes;s__Alistipes_finegoldii	k__Bacteria;p__Bacteroidetes;c__Bacteroidia;o__Bacteroidales;f__Porphyromonadaceae;g__Parabacteroides;s__Parabacteroides_distasonis	k__Bacteria;p__Bacteroidetes;c__Bacteroidia;o__Bacteroidales;f__Bacteroidaceae;g__Bacteroides;s__Bacteroides_thetaiotaomicron	k__Bacteria;p__Bacteroidetes;c__Bacteroidia;o__Bacteroidales;f__Bacteroidaceae;g__Bacteroides;s__Bacteroides_coprocola	k__Bacteria;p__Bacteroidetes;c__Bacteroidia;o__Bacteroidales;f__Bacteroidaceae;g__Bacteroides;s__Bacteroides_cellulosilyticus	k__Bacteria;p__Bacteroidetes;c__Bacteroidia;o__Bacteroidales;f__Rikenellaceae;g__Alistipes;s__Alistipes_obesi	k__Bacteria;p__Firmicutes;c__Clostridia;o__Clostridiales;f__Lachnospiraceae;g__;s__[Eubacterium]_rectale	k__Bacteria;p__Bacteroidetes;c__Bacteroidia;o__Bacteroidales;f__Bacteroidaceae;g__Bacteroides;s__Bacteroides_plebeius	k__Bacteria;p__Bacteroidetes;c__Bacteroidia;o__Bacteroidales;f__Bacteroidaceae;g__Bacteroides;s__Bacteroides_fragilis	k__Bacteria;p__Proteobacteria;c__Betaproteobacteria;o__Burkholderiales;f__Sutterellaceae;g__Sutterella;s__Sutterella_wadsworthensis	k__Bacteria;p__Bacteroidetes;c__Bacteroidia;o__Bacteroidales;f__Porphyromonadaceae;g__Barnesiella;s__Barnesiella_intestinihominis	k__Bacteria;p__Bacteroidetes;c__Bacteroidia;o__Bacteroidales;f__Odoribacteraceae;g__Odoribacter;s__Odoribacter_splanchnicus	k__Bacteria;p__Bacteroidetes;c__Bacteroidia;o__Bacteroidales;f__Bacteroidaceae;g__Bacteroides;s__Bacteroides_salyersiae	k__Bacteria;p__Firmicutes;c__Clostridia;o__Clostridiales;f__Ruminococcaceae;g__Ruminiclostridium;s__[Eubacterium]_siraeum	k__Bacteria;p__Proteobacteria;c__Betaproteobacteria;o__Burkholderiales;f__Sutterellaceae;g__Parasutterella;s__Parasutterella_excrementihominis	k__Bacteria;p__Actinobacteria;c__Actinobacteria;o__Bifidobacteriales;f__Bifidobacteriaceae;g__Bifidobacterium;s__Bifidobacterium_adolescentis	k__Bacteria;p__Firmicutes;c__Clostridia;o__Clostridiales;f__Oscillospiraceae;g__Oscillibacter;s__Oscillibacter_sp._KLE_1745	k__Bacteria;p__Bacteroidetes;c__Bacteroidia;o__Bacteroidales;f__Bacteroidaceae;g__Bacteroides;s__Bacteroides_coprophilus	k__Bacteria;p__Firmicutes;c__Clostridia;o__Clostridiales;f__Lachnospiraceae;g__Roseburia;s__Roseburia_intestinalis	k__Bacteria;p__Firmicutes;c__Clostridia;o__Clostridiales;f__Lachnospiraceae;g__Roseburia;s__Roseburia_hominis	k__Bacteria;p__Bacteroidetes;c__Bacteroidia;o__Bacteroidales;f__Porphyromonadaceae;g__Parabacteroides;s__Parabacteroides_johnsonii	k__Bacteria;p__Actinobacteria;c__Actinobacteria;o__Bifidobacteriales;f__Bifidobacteriaceae;g__Bifidobacterium;s__Bifidobacterium_longum	k__Bacteria;p__Firmicutes;c__Clostridia;o__Clostridiales;f__;g__Flavonifractor;s__Flavonifractor_plautii	k__Bacteria;p__Firmicutes;c__Clostridia;o__Clostridiales;f__Clostridiaceae;g__Clostridium;s__Clostridium_phoceensis	k__Bacteria;p__Verrucomicrobia;c__Verrucomicrobiae;o__Verrucomicrobiales;f__Akkermansiaceae;g__Akkermansia;s__Akkermansia_muciniphila	k__Bacteria;p__Bacteroidetes;c__Bacteroidia;o__Bacteroidales;f__Prevotellaceae;g__Paraprevotella;s__Paraprevotella_xylaniphila	k__Bacteria;p__Firmicutes;c__Clostridia;o__Clostridiales;f__Ruminococcaceae;g__Ruminococcus;s__Ruminococcus_callidus	k__Bacteria;p__Bacteroidetes;c__Bacteroidia;o__Bacteroidales;f__Rikenellaceae;g__Alistipes;s__Alistipes_senegalensis	k__Bacteria;p__Firmicutes;c__Clostridia;o__Clostridiales;f__Lachnospiraceae;g__Blautia;s__Blautia_sp._KLE_1732	k__Bacteria;p__Bacteroidetes;c__Bacteroidia;o__Bacteroidales;f__Bacteroidaceae;g__Bacteroides;s__Bacteroides_oleiciplenus	k__Bacteria;p__Firmicutes;c__Clostridia;o__Clostridiales;f__Ruminococcaceae;g__Ruminococcus;s__Ruminococcus_bicirculans	k__Bacteria;p__Bacteroidetes;c__Bacteroidia;o__Bacteroidales;f__Bacteroidaceae;g__Bacteroides;s__Bacteroides_fluxus	k__Bacteria;p__Bacteroidetes;c__Bacteroidia;o__Bacteroidales;f__Prevotellaceae;g__Prevotella;s__Prevotella_stercorea	k__Bacteria;p__Firmicutes;c__Clostridia;o__Clostridiales;f__Lachnospiraceae;g__Dorea;s__Dorea_longicatena	k__Bacteria;p__Firmicutes;c__Clostridia;o__Clostridiales;f__Eubacteriaceae;g__Eubacterium;s__[Eubacterium]_eligens	k__Bacteria;p__Firmicutes;c__Clostridia;o__Clostridiales;f__Ruminococcaceae;g__;s__Ruminococcaceae_bacterium_D16	k__Bacteria;p__Firmicutes;c__Clostridia;o__Clostridiales;f__Lachnospiraceae;g__Coprococcus;s__Coprococcus_comes	k__Bacteria;p__Proteobacteria;c__Gammaproteobacteria;o__Enterobacterales;f__Enterobacteriaceae;g__Escherichia;s__Escherichia_coli	k__Bacteria;p__Firmicutes;c__Clostridia;o__Clostridiales;f__Ruminococcaceae;g__Anaerotruncus;s__Anaerotruncus_colihominis	k__Bacteria;p__Firmicutes;c__Clostridia;o__Clostridiales;f__Lachnospiraceae;g__Blautia;s__Blautia_obeum	k__Bacteria;p__Bacteroidetes;c__Bacteroidia;o__Bacteroidales;f__Odoribacteraceae;g__Odoribacter;s__Odoribacter_laneus	k__Bacteria;p__Firmicutes;c__Clostridia;o__Clostridiales;f__Ruminococcaceae;g__Ruminiclostridium;s__[Clostridium]_leptum	k__Bacteria;p__Bacteroidetes;c__Bacteroidia;o__Bacteroidales;f__Porphyromonadaceae;g__Parabacteroides;s__Parabacteroides_goldsteinii	k__Bacteria;p__Firmicutes;c__Clostridia;o__Clostridiales;f__Lachnospiraceae;g__Anaerostipes;s__Anaerostipes_hadrus	k__Bacteria;p__Firmicutes;c__Clostridia;o__Clostridiales;f__Ruminococcaceae;g__Ruminococcus;s__Ruminococcus_lactaris	k__Bacteria;p__Firmicutes;c__Clostridia;o__Clostridiales;f__Clostridiaceae;g__Clostridium;s__Clostridium_sp._L2-50	k__Bacteria;p__Firmicutes;c__Clostridia;o__Clostridiales;f__Clostridiaceae;g__Clostridium;s__Clostridium_sp._M62/1	k__Bacteria;p__Firmicutes;c__Clostridia;o__Clostridiales;f__;g__Intestinimonas;s__Intestinimonas_butyriciproducens	k__Bacteria;p__Actinobacteria;c__Actinobacteria;o__Bifidobacteriales;f__Bifidobacteriaceae;g__Bifidobacterium;s__Bifidobacterium_bifidum	k__Bacteria;p__Firmicutes;c__Negativicutes;o__Veillonellales;f__Veillonellaceae;g__Dialister;s__Dialister_invisus	k__Bacteria;p__Bacteroidetes;c__Bacteroidia;o__Bacteroidales;f__Bacteroidaceae;g__Bacteroides;s__Bacteroides_salanitronis
k__Bacteria;p__Bacteroidetes;c__Bacteroidia;o__Bacteroidales;f__Bacteroidaceae;g__Bacteroides;s__Bacteroides_vulgatus	1.0	-0.082310064428	-0.056755241656	0.0418327205109	-0.0650781058646	0.0355994005089	-0.0760730363344	0.0325543989647	0.0597762210379	-0.0272346642753	0.0542789890807	0.0575342462106	-0.0367367707063	0.00576913383617	-0.0542387402715	-0.0170920527914	0.0596782657175	0.0114090755758	-0.00855052767098	-0.0201762580461	-0.0363747342109	0.03160521459	-0.0267192358693	-0.0745184309831	-0.00825357981817	-0.0603034087682	0.0192170355473	-0.0861363741119	0.00242420594053	0.0155491789404	-0.0122298954296	-0.0367539662436	0.0338689154711	-0.0247833691011	0.0148351933316	-0.040727340093	-0.0318893655328	0.00895868339488	-0.0285309385374	0.019598772842	-0.0204981629081	-0.0277928268574	0.0136110817808	-0.03894992562	-0.00770887572098	0.00645860774297	-0.0259672100109	0.017728656413	-0.0324983901725	0.0302144494853	0.0529255377267	0.0404270031844	0.0215800992945	0.0148215286324	-0.0471534802435	0.0131868152305	-0.0446329433697	-0.0580671908758	0.0277156971242
k__Bacteria;p__Bacteroidetes;c__Bacteroidia;o__Bacteroidales;f__Bacteroidaceae;g__Bacteroides;s__Bacteroides_uniformis	-0.082310064428	1.0	0.0195313170895	-0.0828169665338	0.0366722108228	0.0471815604938	-0.0273878678279	-0.0768851026013	0.0359487785208	-0.0264417021237	-0.0458530283283	-0.0078039749418	0.075212215024	-0.00750907318492	0.00772897034691	-0.0432705136385	0.0262286505334	-0.0454075824718	-0.0161359622832	-0.0226448902438	0.023850742805	-0.0140184905662	-0.0751344895214	0.0026743234477	-0.0296596188628	0.0177616232518	-0.0344095511715	-0.0759669895151	-0.00270760804965	-0.0846371535604	0.000687809910608	-0.0101849548123	0.0670904735129	0.0244568962636	0.00121422072476	0.00617406082801	-0.0481186445191	-0.0256774506821	-0.0525832431739	-0.0577161429625	-0.0324623293558	0.0752810926921	0.00732540175075	-0.0185459180443	0.0289889406609	0.000959794054977	-0.0200237908082	0.0134052171623	-0.0484214984661	0.00352862063463	-0.00572821139721	-0.0601890161933	0.0276310649952	0.0385716343371	-0.00305628701697	-0.0344958548422	-0.00765133436208	0.0143358829813	-0.00292933499641
k__Bacteria;p__Bacteroidetes;c__Bacteroidia;o__Bacteroidales;f__Rikenellaceae;g__Alistipes;s__Alistipes_putredinis	-0.056755241656	0.0195313170895	1.0	0.0632850240846	0.0104255935402	-0.00699155779884	-0.0397091594506	0.0681976243903	0.061849844256	-0.0418180693842	0.06807650816	-0.00517903305983	0.010386452223	-0.0154193690196	-0.00135853664137	-0.0154306233301	-0.0860258873986	-0.0209472113352	-0.0213544850715	0.0602469990904	-0.0194202061043	0.0356606000334	0.00668566693892	0.0820493264443	0.0402718953202	-0.0753989451737	-0.0358883095186	0.0375523202269	-0.0388964212295	-0.0193332676101	0.030096232737	-0.066701831896	-0.103675331481	-0.010330349926	0.0456401252578	-0.0661342461865	-0.056590532176	-0.0400061158921	-0.0386967719828	-0.0558547952274	0.0164925812768	-0.0126916560998	0.0157424802399	-0.0227097280148	0.0261465431865	0.0280954771777	-0.00148211191626	0.0126709434458	-0.0384280766096	-0.0259240205492	-0.0670607334251	0.0203576380061	0.0579150549157	0.0389968112523	0.00240496837377	0.00181157341894	-0.0079881618922	0.0254379458849	0.0500921635449
k__Bacteria;p__Bacteroidetes;c__Bacteroidia;o__Bacteroidales;f__Prevotellaceae;g__Prevotella;s__Prevotella_copri	0.0418327205109	-0.0828169665338	0.0632850240846	1.0	-0.000161231343825	0.0266061666234	0.0391414030821	0.0260298681365	-0.0126488250684	-0.0862099162668	-0.0466426182287	0.0412082571773	-0.030769893268	-0.0477288623312	0.0163185256974	-0.102409892591	-0.0529483675944	-0.0129054278723	0.0905355479215	0.00402293543682	-0.0496827080411	-0.0253932677312	0.0781421791103	-0.00627085766007	0.00965996106793	-0.0702589595177	-0.0421173178822	-0.030763839581	0.0498892575598	-0.0215184210646	-0.039305597985	0.0079711820077	0.0041686244516	0.0603380413882	-0.0211423972988	0.0313955780759	0.00703659276329	0.0413394866572	-0.0159139123582	-0.0373564814559	0.0599677709916	-0.0290217033062	-0.0286773293267	-0.047452228826	-0.0690321056363	-0.0371057119757	-0.0302147685901	-0.0304403204162	-0.0652303361012	-0.0525253692658	-0.0153170158077	0.039797433703	-0.0477499259493	-0.0196301204858	-0.0154463431184	-0.00339414256105	-0.0193019275719	-0.0518404025095	0.014927272679
k__Bacteria;p__Bacteroidetes;c__Bacteroidia;o__Bacteroidales;f__Bacteroidaceae;g__Bacteroides;s__Bacteroides_stercoris	-0.0650781058646	0.0366722108228	0.0104255935402	-0.000161231343825	1.0	-0.0190094740548	-0.0756565476995	-0.00137581866242	0.00521820392884	0.0560026978737	-0.0351113920235	0.0365894750072	-0.0755933108888	-0.00798379665523	0.0448744331483	0.00429939841986	-0.0133836710261	-0.0128694282996	0.0381890475238	-0.016423869153	-0.0268908866729	-0.111596383162	-0.0141118880862	0.0568758512692	0.0086554841951	0.0318505651245	-0.0179134771257	0.00149000018406	0.071526510205	-0.0389949378747	0.0306172467987	-0.0310238941502	0.0261870305045	0.0332210309088	-0.0142042818335	-0.0571631861951	-0.0201872545864	-0.018241983156	0.0284680183612	-0.0417141852037	-0.0209890502598	-0.00426088673288	-0.0117669822286	-0.0330285474523	-0.00977959018039	0.00355610461319	-0.0302495222375	0.0317964912088	-0.0417530576796	0.0444126059363	0.0298418419237	-0.0981047076378	-0.0152860017568	-0.0363316971465	0.0505953656986	0.0409062247073	-0.00390269825373	0.0506681414356	-0.0279889558266
k__Bacteria;p__Bacteroidetes;c__Bacteroidia;o__Bacteroidales;f__Bacteroidaceae;g__Bacteroides;s__Bacteroides_ovatus	0.0355994005089	0.0471815604938	-0.00699155779884	0.0266061666234	-0.0190094740548	1.0	-0.0791830971119	-0.0343307110914	0.00407040406512	0.0256662836054	0.00595213723416	-0.0723869188347	-0.0515621860632	-0.028281427606	-0.00945465492321	-0.0760659686987	0.0272805363705	0.0141108584329	0.00701005415418	0.0960532673592	-0.00986422854005	0.000644287904006	0.0289422172203	-0.0711648428111	0.000565002989506	0.0461684998282	0.0375221787769	-0.0365419742544	0.012455383745	-0.0184358693483	0.0205470437639	-0.0797762965903	-0.0725020108763	-0.00176307930189	-0.0669268329271	-0.0436838778658	-0.066718276299	0.000149158798258	0.0382494904596	0.0183350285789	-0.0241269263024	-0.0637763722425	0.0350475842849	-0.00564301137363	0.012771328619	-0.0169185427462	-0.0105898257398	0.0126949244879	-0.0195104351042	0.00191026274377	-0.14858926455	-0.0220978165721	0.0190703415025	-0.0483345003349	-0.00625601114664	-0.0362757344097	0.0175636330295	-0.0596233272298	0.0189854438033
k__Bacteria;p__Bacteroidetes;c__Bacteroidia;o__Bacteroidales;f__Rikenellaceae;g__Alistipes;s__Alistipes_shahii	-0.0760730363344	-0.0273878678279	-0.0397091594506	0.0391414030821	-0.0756565476995	-0.0791830971119	1.0	-0.0173695312375	0.0332118339588	0.074805249917	0.000345271740978	0.0198490556375	-0.0233067597744	-0.0622234737145	0.0231249288975	0.0226710957454	0.0243509088967	-0.0148521525536	-0.00186532918196	-0.0273513406531	0.0203861934142	-0.0410543073186	-0.038866931015	-0.00124747393811	-0.0263669103342	-0.0448878111053	0.032031302116	-0.0136708286703	0.0371284628187	-0.0283083887521	-0.0284290815393	-0.0668996665076	0.0788496661243	-0.0682793426753	-0.00696638857303	-0.00219337289405	0.0280412568522	-0.0501562305195	0.0185420118915	-0.0245362540801	0.0106362159445	-0.0964949324773	0.0363213563841	-0.0236431596824	0.0294248470467	-0.0284155110795	0.0058425709184	-0.0423717734192	-0.0668840771788	-0.00242110605016	0.00272935397767	0.0296694501498	-0.00634912007498	0.0953925620056	-0.0584570387499	-0.0749441901743	0.0108083409121	-0.0243784957389	0.0061475952707
k__Bacteria;p__Firmicutes;c__Clostridia;o__Clostridiales;f__Ruminococcaceae;g__Faecalibacterium;s__Faecalibacterium_prausnitzii	0.0325543989647	-0.0768851026013	0.0681976243903	0.0260298681365	-0.00137581866242	-0.0343307110914	-0.0173695312375	1.0	-0.0677077931989	-0.0447897761533	0.0274639804635	-0.0433094240493	-0.000745055497273	-0.0656244400107	-0.0556123738108	-0.00411714463536	0.0320612451208	0.015502024632	-0.0518445464939	-0.0149830348438	-0.0753414499363	-0.103522739635	-0.0252703468126	0.00953423009852	0.0216236850073	0.0558729005937	-0.0235067084593	0.0274384273286	-0.0361663425596	-0.0187475659157	-0.0623722570504	0.0347328416807	-0.000589315792027	0.0489526557233	-0.00295382740939	-0.0370281180358	-0.0118182089018	-0.0798541766352	-0.0479472002226	0.02991747688	0.03834836852	-0.0548909013946	-0.058771938826	-0.0329406719948	0.00290750485458	0.0716564729898	-0.0632186739965	0.0204341517806	0.0755189056776	-0.000793128916777	-0.0710366090663	-0.0422203805891	0.0153799197244	0.015642673788	0.0320824146812	0.00454367637669	0.035017117054	-0.00143501727744	0.068463812404
k__Bacteria;p__Bacteroidetes;c__Bacteroidia;o__Bacteroidales;f__Rikenellaceae;g__Alistipes;s__Alistipes_finegoldii	0.0597762210379	0.0359487785208	0.061849844256	-0.0126488250684	0.00521820392884	0.00407040406512	0.0332118339588	-0.0677077931989	1.0	-0.0334604436075	-0.0413923909534	-0.0156484075677	-0.0241998967459	0.063976253542	0.0247851893568	-0.0717122741293	-0.0687615866123	-0.0538240603171	0.00978208790717	0.0257872036378	-0.00937736279455	0.0278777768379	0.012263409443	-0.0472322886847	0.0248222523432	-0.0352913427622	-0.0115227591875	-0.0729090270751	-0.0493821938369	-0.0268479043637	-0.00194478566089	-0.0443279503133	0.038197727452	-0.0116533646973	-0.0351252955597	-0.0406266706259	0.057243451785	0.0229202522538	0.0618971103573	0.0107319547121	0.00538841503642	0.0460572395211	0.00739963355624	-0.0472461485086	-0.0187365233063	-0.0274726856997	0.0031561790421	-0.0316412780284	0.0119371180489	-0.0106755929102	-0.00110558991205	0.0807716983142	-0.0181688443254	-0.0658015819741	0.0130455870877	-0.0978742415376	0.0119128090996	-0.00536467791433	-0.0407954104634
k__Bacteria;p__Bacteroidetes;c__Bacteroidia;o__Bacteroidales;f__Porphyromonadaceae;g__Parabacteroides;s__Parabacteroides_distasonis	-0.0272346642753	-0.0264417021237	-0.0418180693842	-0.0862099162668	0.0560026978737	0.0256662836054	0.074805249917	-0.0447897761533	-0.0334604436075	1.0	-0.0480088088396	0.019595144593	-0.0286798096013	-0.0156336814939	0.0390929990284	0.00211392444495	-0.0479208463963	0.0144940719995	-0.0251535227449	-0.083415519655	0.0283947774135	-0.042644594377	0.0659852500925	-0.0422585942156	0.0338819132539	-0.0552975927499	0.0457150987496	-0.0123831484766	0.0743171752227	-0.0260220704921	0.000552966752939	0.0294442178096	-0.0547666290686	-0.0459283044432	-0.0402925609275	0.0214582160913	-0.0349851394104	-0.0564773692129	-0.01427609315	-0.0323988774583	-0.0262596683052	-0.030039247606	-0.040455363777	-0.0244155739392	-0.0353339124531	-0.0103119340002	-0.0198310072358	-0.0430127575517	-0.0420200013674	0.0476721962415	0.011344740144	-0.083785103827	-0.046850605438	-0.00791467071607	0.0356461272965	-0.000331729274193	0.0578466457248	-0.00628030716794	-0.0306801651257
k__Bacteria;p__Bacteroidetes;c__Bacteroidia;o__Bacteroidales;f__Bacteroidaceae;g__Bacteroides;s__Bacteroides_thetaiotaomicron	0.0542789890807	-0.0458530283283	0.06807650816	-0.0466426182287	-0.0351113920235	0.00595213723416	0.000345271740978	0.0274639804635	-0.0413923909534	-0.0480088088396	1.0	-0.0139880445613	-0.0419950354449	-0.0436391261708	0.0429990549863	-0.0470921578363	-0.0956253619777	0.0260203291217	-0.0198704812678	0.00132540068584	-0.0373021050394	0.063663641858	-0.0269772671991	-0.00405713907207	-0.0098952146812	-0.0207450092194	0.0188391251233	0.0195373995383	-0.0314904164564	-0.00106661344169	-0.0926492475804	-0.0538572883847	-0.0140268604344	-0.0427191286661	-0.011197981735	6.89134464956e-05	-0.0388603059874	-0.0242298051313	0.00403973039915	-0.0221157415616	-0.0035706631618	-0.0564550544408	-0.0316760193228	-0.00570904890384	-0.0106625674467	-0.0579432320306	0.0908866615617	-0.0452443231255	0.00532180410536	0.0232191907323	-0.0412302411198	-0.00372336760717	-0.0376649131084	0.00608453321588	0.0050510672885	0.0599032456305	0.0124327354063	-0.0625407183419	0.0713094220633
k__Bacteria;p__Bacteroidetes;c__Bacteroidia;o__Bacteroidales;f__Bacteroidaceae;g__Bacteroides;s__Bacteroides_coprocola	0.0575342462106	-0.0078039749418	-0.00517903305983	0.0412082571773	0.0365894750072	-0.0723869188347	0.0198490556375	-0.0433094240493	-0.0156484075677	0.019595144593	-0.0139880445613	1.0	-0.112012193824	0.022668274475	-0.00109720184695	-0.0218068693271	-0.0626231059393	0.00311330477637	-0.0297945028816	-0.0531047566554	-0.0116626215635	-0.0410702143085	-0.00996730930012	-0.0246449204672	0.00159106931487	-0.0102704271518	-0.0116967616638	-0.0130293051722	-0.0225981220238	0.0053160516594	-0.0266577390426	-0.0602647259395	-0.00918739301728	-0.0677408484775	0.0277129071389	-0.0456003889137	-0.0148610744458	0.0627549888346	-0.0359118679573	-0.0419198815421	0.0529211620025	0.0508910549357	0.0184591862652	-0.0170552521067	0.0112368191237	-0.0359957644254	0.00573857041195	0.0255329655962	-0.0662349990305	-0.0214311092679	0.0685906009583	0.0149892763668	0.0237590795635	0.0134999189157	-0.0518195725604	-0.0330546564828	-0.0899922197242	-0.0524478005296	0.0261238720135
k__Bacteria;p__Bacteroidetes;c__Bacteroidia;o__Bacteroidales;f__Bacteroidaceae;g__Bacteroides;s__Bacteroides_cellulosilyticus	-0.0367367707063	0.075212215024	0.010386452223	-0.030769893268	-0.0755933108888	-0.0515621860632	-0.0233067597744	-0.000745055497273	-0.0241998967459	-0.0286798096013	-0.0419950354449	-0.112012193824	1.0	0.0254986911476	0.0328306449941	0.0360749971934	0.0184699344078	-0.0320087404116	-0.0346724055923	0.0334671565356	0.058303445598	0.0236818189472	0.0244886701447	0.00584926605218	-0.0238291507701	-0.0151592193991	0.0684285891909	-0.00499380626045	0.00635679618478	0.0731147588259	-0.0475735694175	-0.02429148033	-0.00901504981164	0.0246646847309	0.017629994404	-0.0304736222601	-0.00516004335332	-0.0236057339803	-0.00245561479636	0.0140601813336	0.0259142952875	0.0183473431121	0.0356398045662	0.0569014932243	-0.0610755520393	-0.0231021247908	-0.014269717343	0.00549567849385	0.0191767277736	-0.0178540286517	-0.0094485643183	-0.0189949544228	0.0623001396748	-0.1149925766	-0.0137665907723	-0.0173688593656	-0.0025963917914	-0.0241594656599	-0.00940293576153
k__Bacteria;p__Bacteroidetes;c__Bacteroidia;o__Bacteroidales;f__Rikenellaceae;g__Alistipes;s__Alistipes_obesi	0.00576913383617	-0.00750907318492	-0.0154193690196	-0.0477288623312	-0.00798379665523	-0.028281427606	-0.0622234737145	-0.0656244400107	0.063976253542	-0.0156336814939	-0.0436391261708	0.022668274475	0.0254986911476	1.0	-0.0285498723941	-0.0146667897144	0.00378981135941	-0.0100410254677	-0.0238596123426	-0.0107423456077	-0.0484639931794	0.02552509778	0.0339528777096	0.0291993551698	-0.00737726345694	-0.0334626629514	-0.0325165052828	0.0347530195458	-0.0369292825061	0.0348534818361	-0.0811128202957	-0.0359926026589	-0.0285581394436	0.0429681664225	-0.0929338412112	0.0447541411733	-0.0182659208727	0.0133954312406	0.00944942981045	-0.00462683797831	0.0337219142365	-0.0506092105804	-0.029378060874	-0.0026146675527	-0.0648364710756	0.0108329828068	0.00259341241569	-0.00279762124111	-0.0132529921347	0.0776438260835	0.0181336584546	-0.0587127060702	0.0428904573587	-0.060963432408	-0.00818641361517	0.00395819329128	0.015183900037	-0.0755346952553	-0.0837464005132
k__Bacteria;p__Firmicutes;c__Clostridia;o__Clostridiales;f__Lachnospiraceae;g__;s__[Eubacterium]_rectale	-0.0542387402715	0.00772897034691	-0.00135853664137	0.0163185256974	0.0448744331483	-0.00945465492321	0.0231249288975	-0.0556123738108	0.0247851893568	0.0390929990284	0.0429990549863	-0.00109720184695	0.0328306449941	-0.0285498723941	1.0	-0.0679140270384	-0.0230632305742	-0.0399242241429	0.0372377528637	-0.0204479848511	0.0380796295108	-0.00640015952462	-0.0146283370402	-0.0116000921071	0.0730698831773	-0.016172095922	-0.035701172284	-0.0055834977473	0.0150710578569	-0.0480627473455	-0.0144572970934	0.000287272515546	0.00815454865587	-0.0481746287213	0.0214714007462	-0.0602948250577	-0.0511673050026	-0.051353761755	0.0480756059217	0.0202336039109	-0.0298337106943	-0.0375321107343	-0.00705009346777	-0.081935792091	0.0686958683398	-0.0274118856039	-0.0150621637468	0.0308528390946	0.0113590015627	-0.0750606261389	-0.111933236338	-0.0362106447758	-0.0588002666463	0.0134238927587	-0.0179527664154	0.0163023279066	0.0311074984015	-0.0250007223087	-0.0345843703031
k__Bacteria;p__Bacteroidetes;c__Bacteroidia;o__Bacteroidales;f__Bacteroidaceae;g__Bacteroides;s__Bacteroides_plebeius	-0.0170920527914	-0.0432705136385	-0.0154306233301	-0.102409892591	0.00429939841986	-0.0760659686987	0.0226710957454	-0.00411714463536	-0.0717122741293	0.00211392444495	-0.0470921578363	-0.0218068693271	0.0360749971934	-0.0146667897144	-0.0679140270384	1.0	0.00513902118133	-0.0215830254682	-0.0220517284711	0.0249765209865	-0.0276295875544	0.0366713688832	-0.034025407201	0.0436511470446	-0.0544103902928	-0.00462340834557	0.0753642439064	0.00138514449828	-0.0479836816688	-0.045764112996	0.134322145402	-0.0600633105887	-0.0103272805342	-0.0254931907453	0.0399833695551	0.0583027777263	0.0164827343534	-0.0386553518651	0.0251414248519	-0.0204400441493	-0.0421804663654	0.00594301544648	0.01333279515	0.00171231562123	-0.0311880619712	0.0119748535069	-0.0716841103502	0.0796253336744	-0.0293842064041	-0.0669198485542	0.0266825164254	-0.00352380542721	-0.0301535068424	0.00488509176994	0.0072714034487	-0.0536016391804	0.0163457968911	0.0755423353373	-0.0208881488679
k__Bacteria;p__Bacteroidetes;c__Bacteroidia;o__Bacteroidales;f__Bacteroidaceae;g__Bacteroides;s__Bacteroides_fragilis	0.0596782657175	0.0262286505334	-0.0860258873986	-0.0529483675944	-0.0133836710261	0.0272805363705	0.0243509088967	0.0320612451208	-0.0687615866123	-0.0479208463963	-0.0956253619777	-0.0626231059393	0.0184699344078	0.00378981135941	-0.0230632305742	0.00513902118133	1.0	0.0650844596051	-0.0303472542236	0.00909379766685	-0.0482341564685	0.0114272687237	-0.0528477239064	0.00713789060304	0.0054242523013	0.122573515514	-0.0237972504128	-0.0697424680597	-0.0071433521701	0.0384484157404	-0.0142985566143	0.00273866304427	0.0342905310932	0.00852689141758	-0.0079492208921	-0.018089066137	0.0670702021692	-0.0253392255327	0.0276956706447	0.00224967865821	-0.0194729914858	-0.0239464948905	-0.0118604326508	0.0276014058085	-0.0144496134059	-0.0139254745946	0.0416502209716	0.0151720583883	-0.0193911110674	-0.0511704130652	-0.0307219735396	-0.0334129405286	-0.019407866946	-0.0757905928081	-0.000878396999931	0.0076841873427	-0.0220094894996	-0.0897485997688	0.0370039850213
k__Bacteria;p__Proteobacteria;c__Betaproteobacteria;o__Burkholderiales;f__Sutterellaceae;g__Sutterella;s__Sutterella_wadsworthensis	0.0114090755758	-0.0454075824718	-0.0209472113352	-0.0129054278723	-0.0128694282996	0.0141108584329	-0.0148521525536	0.015502024632	-0.0538240603171	0.0144940719995	0.0260203291217	0.00311330477637	-0.0320087404116	-0.0100410254677	-0.0399242241429	-0.0215830254682	0.0650844596051	1.0	0.0430664592043	0.0233513425845	-0.00663640511197	-0.0143897649508	-0.0722926162789	0.00789651458996	-0.0544861881397	0.0330013612372	-0.0165908881127	-0.0136215642958	-0.0766451969442	0.00961967881612	0.0158459869256	0.0165585526071	0.00321951592594	-0.0191982962136	-0.00425466906751	0.00739378921867	-0.0637889063304	-0.0759596385907	0.0307084192635	0.00986911510608	-0.0351604868306	-0.0319892770009	-0.00829961982412	-0.0471968456269	-0.0575994710557	0.0270339895951	0.0309961505367	-0.020574688873	-0.0727816269892	-0.0441189074847	0.00916834802368	0.0308196890027	-0.00721840345324	-0.0311593130858	0.0233558895728	-0.00669633653836	-0.0755508197084	-0.00689146401544	0.0586480289081
k__Bacteria;p__Bacteroidetes;c__Bacteroidia;o__Bacteroidales;f__Porphyromonadaceae;g__Barnesiella;s__Barnesiella_intestinihominis	-0.00855052767098	-0.0161359622832	-0.0213544850715	0.0905355479215	0.0381890475238	0.00701005415418	-0.00186532918196	-0.0518445464939	0.00978208790717	-0.0251535227449	-0.0198704812678	-0.0297945028816	-0.0346724055923	-0.0238596123426	0.0372377528637	-0.0220517284711	-0.0303472542236	0.0430664592043	1.0	-0.0604609755856	-0.0142056885204	-0.00879559108738	-0.00351955767748	0.00147059130244	0.00953424880493	0.0262756546361	0.0582548144502	0.0209210016784	-0.00469907391234	-0.0787103312487	0.0331193711473	0.0107666067282	-0.0493416962868	-0.039696161587	-0.0204815468313	-0.0351373942199	-0.0133575604296	0.00638741884161	-0.0584518221788	-0.0387882973173	-0.0202777486495	-0.00615862354926	-0.0357907957199	-0.0128750121894	-0.0625303276844	0.00242776996901	0.0363313307146	-0.0486529456704	-0.0877902924991	0.0177316222262	0.0160363692894	-0.0361809054245	-0.00750304532873	0.00808589052619	0.00425143652418	-0.0204682278404	-0.0584640751879	0.0448743460268	-0.023208601641
k__Bacteria;p__Bacteroidetes;c__Bacteroidia;o__Bacteroidales;f__Odoribacteraceae;g__Odoribacter;s__Odoribacter_splanchnicus	-0.0201762580461	-0.0226448902438	0.0602469990904	0.00402293543682	-0.016423869153	0.0960532673592	-0.0273513406531	-0.0149830348438	0.0257872036378	-0.083415519655	0.00132540068584	-0.0531047566554	0.0334671565356	-0.0107423456077	-0.0204479848511	0.0249765209865	0.00909379766685	0.0233513425845	-0.0604609755856	1.0	-0.0281133469612	-0.0265299716707	-0.0149739365603	0.0444774581334	0.0259337877426	0.0131872121891	0.0492686456245	-0.0102628028714	-0.014814474349	-0.00717536466838	-0.035633232165	-0.0346936250199	-0.0253821991065	-0.106338383175	0.00546281421694	-0.0215869712849	0.00694184638708	-0.069742639519	-0.00933781639337	0.0457858986778	-0.060299888682	0.0083624659574	0.0397699864219	-0.0451280974393	-0.0381313627878	-0.0114586969813	-0.0494600215369	0.0323649257611	-0.0445426974919	-0.0185463121361	-0.0650412416598	-0.00430555712467	-0.00419383523391	-0.0462253808461	0.045945920885	0.00753327719061	0.0108563525632	0.0461353762999	-0.0257106960456
k__Bacteria;p__Bacteroidetes;c__Bacteroidia;o__Bacteroidales;f__Bacteroidaceae;g__Bacteroides;s__Bacteroides_salyersiae	-0.0363747342109	0.023850742805	-0.0194202061043	-0.0496827080411	-0.0268908866729	-0.00986422854005	0.0203861934142	-0.0753414499363	-0.00937736279454	0.0283947774135	-0.0373021050394	-0.0116626215635	0.058303445598	-0.0484639931794	0.0380796295108	-0.0276295875544	-0.0482341564685	-0.00663640511197	-0.0142056885204	-0.0281133469612	1.0	-0.0374209203246	-0.0154058560888	-0.0340705711487	0.000580909406254	0.0445256727956	0.000828066871507	0.0646522741617	0.0560324824756	0.0264617902384	0.0428943861126	-0.0420492948367	0.0252976588536	-0.0446714463833	0.0367568028875	0.00651259044913	-0.00281136637623	-0.0195882015127	-0.00939834157516	0.0340984647388	0.0333631929705	0.0211088684829	-0.0510403197724	0.0342130988921	0.0292311509398	0.0515614996745	-0.0703967699216	0.00945094145321	-0.0162745094216	-0.00939559824872	-0.0104699079357	-0.0214264215821	-0.0798886534777	0.0979793196471	-0.0169393133776	-0.0320398674265	0.0319652204841	0.00512532335769	0.0474465924544
k__Bacteria;p__Firmicutes;c__Clostridia;o__Clostridiales;f__Ruminococcaceae;g__Ruminiclostridium;s__[Eubacterium]_siraeum	0.03160521459	-0.0140184905662	0.0356606000334	-0.0253932677312	-0.111596383162	0.000644287904006	-0.0410543073186	-0.103522739635	0.0278777768379	-0.042644594377	0.063663641858	-0.0410702143085	0.0236818189472	0.02552509778	-0.00640015952462	0.0366713688832	0.0114272687237	-0.0143897649508	-0.00879559108738	-0.0265299716707	-0.0374209203246	1.0	-0.047989709205	-0.0292390384646	-0.08706740842	0.023327960073	0.0382722768263	-0.0148591110816	-0.0388248248269	0.0763709667113	0.00676830612649	0.0547223435099	-0.0181229234606	0.0816236271282	0.00437344008081	0.0376977566734	-0.0807003393531	-0.00909639146729	-0.0253687647257	-0.0701131092766	-0.0118620203488	0.0458390475402	-0.0112025023864	-0.0106909097775	0.0753313772337	0.0379279177719	0.048251796005	-0.0824178925778	-0.0340039252966	0.00382666417661	0.014921984923	-0.00872380279275	-0.0161854204125	-0.00621493445642	0.0479485801171	-0.050845856839	-0.0198528427606	0.0219317487797	-0.0503467165453
k__Bacteria;p__Proteobacteria;c__Betaproteobacteria;o__Burkholderiales;f__Sutterellaceae;g__Parasutterella;s__Parasutterella_excrementihominis	-0.0267192358693	-0.0751344895214	0.00668566693892	0.0781421791103	-0.0141118880862	0.0289422172203	-0.038866931015	-0.0252703468126	0.012263409443	0.0659852500925	-0.0269772671991	-0.00996730930012	0.0244886701447	0.0339528777096	-0.0146283370402	-0.034025407201	-0.0528477239064	-0.0722926162789	-0.00351955767748	-0.0149739365603	-0.0154058560888	-0.047989709205	1.0	-0.0339001510408	0.0348820000644	0.0325392350873	0.00012503780266	-0.0444860876153	0.0342018256867	-0.018516345959	0.0160130368485	0.000815859102155	-0.00238068871218	0.0530600082583	0.0482259803512	-0.0205109905756	-0.0555346267418	-0.00178520095822	0.00509096817458	0.00607336863927	0.0344574542097	-0.0115464639795	-0.000894159575431	0.00755403987809	0.0173341580531	-0.0704704362338	-0.0163551378567	0.0228409710338	-0.0181751718693	-0.0573189672202	-0.0752144163379	0.0197820558555	-0.00855794627277	0.0244581361187	-0.00923525825106	-0.0742905893861	0.0222575991109	0.00118726344151	-0.00121422998286
k__Bacteria;p__Actinobacteria;c__Actinobacteria;o__Bifidobacteriales;f__Bifidobacteriaceae;g__Bifidobacterium;s__Bifidobacterium_adolescentis	-0.0745184309831	0.0026743234477	0.0820493264443	-0.00627085766007	0.0568758512692	-0.0711648428111	-0.00124747393811	0.00953423009852	-0.0472322886847	-0.0422585942156	-0.00405713907207	-0.0246449204672	0.00584926605218	0.0291993551698	-0.0116000921071	0.0436511470446	0.00713789060304	0.00789651458996	0.00147059130244	0.0444774581334	-0.0340705711487	-0.0292390384646	-0.0339001510408	1.0	-0.0271876288309	-0.0359210159618	-0.0586071394363	-0.026683922672	-0.0140021359709	0.00951879153734	0.0186264651902	-0.0629129922165	-0.00413843133962	-0.00387545848337	-0.0641759788738	0.0391257456322	-0.00795674084684	0.00342367040397	-0.0207063919509	-0.0379112732233	-0.0388684070513	0.00612259670946	-0.0609720628517	0.00522351385688	-0.0899678040316	0.0127460794871	0.0426084171109	0.0639853715082	0.000244118565218	-0.0201674474898	0.0336259097896	-0.0231946130313	0.0415210127183	-0.00468417392284	-0.0688571500473	-0.0318952728125	-0.0549930115904	-0.0546744115661	-0.0040278662567
k__Bacteria;p__Firmicutes;c__Clostridia;o__Clostridiales;f__Oscillospiraceae;g__Oscillibacter;s__Oscillibacter_sp._KLE_1745	-0.00825357981817	-0.0296596188628	0.0402718953202	0.00965996106793	0.0086554841951	0.000565002989506	-0.0263669103342	0.0216236850073	0.0248222523432	0.0338819132539	-0.0098952146812	0.00159106931487	-0.0238291507701	-0.00737726345694	0.0730698831773	-0.0544103902928	0.0054242523013	-0.0544861881397	0.00953424880493	0.0259337877426	0.000580909406254	-0.08706740842	0.0348820000644	-0.0271876288309	1.0	0.0371381853499	-0.0152384316236	0.0364206901001	-0.0777798815605	0.0234072625886	-0.0256018161191	-0.0133937876591	-0.0783374586368	-0.0240871249273	0.00667639687481	-0.0183693673195	-0.0241406735519	-0.0396273426261	-0.0236049011706	-0.0266811592656	-0.0983110159162	-0.0206446353626	0.00423455031526	0.0319321395542	-0.0279374263918	0.00242421372746	-0.0309827220959	0.0262968428276	0.0142066128722	0.0415942178144	-0.0862831242245	0.00120715064577	0.00510030850986	0.0394302095984	0.0322612413913	-0.012610220687	-0.0428734363211	-0.0142501846601	-0.0377557528475
k__Bacteria;p__Bacteroidetes;c__Bacteroidia;o__Bacteroidales;f__Bacteroidaceae;g__Bacteroides;s__Bacteroides_coprophilus	-0.0603034087682	0.0177616232518	-0.0753989451737	-0.0702589595177	0.0318505651245	0.0461684998282	-0.0448878111053	0.0558729005937	-0.0352913427622	-0.0552975927499	-0.0207450092194	-0.0102704271518	-0.0151592193991	-0.0334626629514	-0.016172095922	-0.00462340834557	0.122573515514	0.0330013612372	0.0262756546361	0.0131872121891	0.0445256727956	0.023327960073	0.0325392350873	-0.0359210159618	0.0371381853499	1.0	-0.048578748313	-0.0585651954998	-0.0680309312618	-0.0307003816383	0.0284124719152	0.0358138595031	-0.0188943083889	0.0395476835938	-0.0666610158904	0.0154774556385	-0.0607002723972	0.0244728425408	-0.0200906311353	0.0157846105709	0.0307285047551	-0.00904101859072	-0.0083372992952	0.0563746762473	-0.0228893175284	-0.0320782080739	0.0508270981781	-0.00101865371118	-0.00421345741578	-0.00667259046008	-0.0628879994082	-0.0229407298316	0.00935152460983	-0.0143334088925	0.00199918262786	-0.061222497219	-0.0400484911695	0.0140619228921	0.0217040264798
k__Bacteria;p__Firmicutes;c__Clostridia;o__Clostridiales;f__Lachnospiraceae;g__Roseburia;s__Roseburia_intestinalis	0.0192170355473	-0.0344095511715	-0.0358883095186	-0.0421173178822	-0.0179134771257	0.0375221787769	0.032031302116	-0.0235067084593	-0.0115227591875	0.0457150987496	0.0188391251233	-0.0116967616638	0.0684285891909	-0.0325165052828	-0.035701172284	0.0753642439064	-0.0237972504128	-0.0165908881127	0.0582548144502	0.0492686456245	0.000828066871507	0.0382722768263	0.00012503780266	-0.0586071394363	-0.0152384316236	-0.048578748313	1.0	0.058062074849	-0.00773037022825	-0.0492472643406	-0.00256990478805	0.0165460733201	-0.0686561179174	-0.00892436864198	0.0106728450919	0.0334645097624	0.0410918597077	0.0108634867947	0.00617127501109	-0.0050023156051	-0.0123336421647	-0.0247575336165	0.0106672564383	-0.0169009455956	0.0106973778584	-0.0719746652058	-0.0938619745615	-0.0336622769467	-0.00879117013017	-0.032602746376	-0.0497447066892	-0.0125978023762	-0.026913287599	0.0330117813046	-0.0570939760004	0.0544524885625	-0.0677121406805	0.0231731968182	0.034503302723
k__Bacteria;p__Firmicutes;c__Clostridia;o__Clostridiales;f__Lachnospiraceae;g__Roseburia;s__Roseburia_hominis	-0.0861363741119	-0.0759669895151	0.0375523202269	-0.030763839581	0.00149000018406	-0.0365419742544	-0.0136708286703	0.0274384273286	-0.0729090270751	-0.0123831484766	0.0195373995383	-0.0130293051722	-0.00499380626045	0.0347530195458	-0.0055834977473	0.00138514449828	-0.0697424680597	-0.0136215642958	0.0209210016784	-0.0102628028714	0.0646522741617	-0.0148591110816	-0.0444860876153	-0.026683922672	0.0364206901001	-0.0585651954998	0.058062074849	1.0	-0.00677705071526	-0.047070190982	0.0188814615198	-0.0720768801274	-0.0156548934001	-0.0117800823392	-0.0184647236731	-0.0439556242097	-0.0161387146301	-0.00443412574526	0.0103529595183	0.0756849745486	-0.000592675533667	-0.0166969178408	-0.0501472488893	-0.0250441344873	0.0558657552063	0.0254481549217	-0.124184144798	-0.0109386792973	0.0503652003077	0.0300701207069	-0.0106877831824	0.00176003847824	-0.000475829618774	0.0235334234736	0.0140849118754	0.0166444872313	0.0249846408415	0.0602841346376	0.00541842611845
k__Bacteria;p__Bacteroidetes;c__Bacteroidia;o__Bacteroidales;f__Porphyromonadaceae;g__Parabacteroides;s__Parabacteroides_johnsonii	0.00242420594053	-0.00270760804965	-0.0388964212295	0.0498892575598	0.071526510205	0.012455383745	0.0371284628187	-0.0361663425596	-0.0493821938369	0.0743171752227	-0.0314904164564	-0.0225981220238	0.00635679618478	-0.0369292825061	0.0150710578569	-0.0479836816688	-0.0071433521701	-0.0766451969442	-0.00469907391234	-0.014814474349	0.0560324824756	-0.0388248248269	0.0342018256867	-0.0140021359709	-0.0777798815605	-0.0680309312618	-0.00773037022825	-0.00677705071526	1.0	-0.059912899251	-0.00328886152615	0.0250761043887	0.00480648807227	0.0317807255696	-0.00101008875102	-0.0127738864552	0.00644547503706	0.0698314683193	0.055874922838	0.0332144611452	0.00873590651915	-0.0255639852033	-0.00614858237799	-0.111111105508	-0.0394890063593	0.0150474273311	0.0252063627562	0.00623866629498	0.0185390396205	-0.0382662217472	-0.0169371192921	-0.0306416506768	-0.0581474186212	-0.0722888965875	-0.0988354498412	0.0175157278215	0.00210610607562	0.0805787893388	0.00457035914196
k__Bacteria;p__Actinobacteria;c__Actinobacteria;o__Bifidobacteriales;f__Bifidobacteriaceae;g__Bifidobacterium;s__Bifidobacterium_longum	0.0155491789404	-0.0846371535604	-0.0193332676101	-0.0215184210646	-0.0389949378747	-0.0184358693483	-0.0283083887521	-0.0187475659157	-0.0268479043637	-0.0260220704921	-0.00106661344169	0.0053160516594	0.0731147588259	0.0348534818361	-0.0480627473455	-0.045764112996	0.0384484157404	0.00961967881612	-0.0787103312487	-0.00717536466838	0.0264617902384	0.0763709667113	-0.018516345959	0.00951879153734	0.0234072625886	-0.0307003816383	-0.0492472643406	-0.047070190982	-0.059912899251	1.0	0.0423772200172	-0.00312010403842	-0.0496596633189	0.0288249571682	-0.00390218223432	0.000854462550979	-0.11328427468	-0.00715600531528	0.0183359598885	-0.055459832784	-0.0187602980358	0.00078518187498	0.0345736623407	0.0246631236814	0.0176523049008	-0.0388816799038	0.0776281074791	-0.0225207129295	0.0376827463476	-0.0289859091804	0.0204066124083	-0.0373276235316	0.0327061210908	0.0139518633057	0.0390147489241	0.0360592068138	0.00653452256418	-0.109151079372	-0.0295263042986
