#taxonomy	k__Bacteria;p__Bacteroidetes;c__Bacteroidia;o__Bacteroidales;f__Bacteroidaceae;g__Bacteroides;s__Bacteroides_vulgatus	k__Bacteria;p__Bacteroidetes;c__Bacteroidia;o__Bacteroidales;f__Bacteroidaceae;g__Bacteroides;s__Bacteroides_uniformis	k__Bacteria;p__Bacteroidetes;c__Bacteroidia;o__Bacteroidales;f__Rikenellaceae;g__Alistipes;s__Alistipes_putredinis	k__Bacteria;p__Bacteroidetes;c__Bacteroidia;o__Bacteroidales;f__Prevotellaceae;g__Prevotella;s__Prevotella_copri	k__Bacteria;p__Bacteroidetes;c__Bacteroidia;o__Bacteroidales;f__Bacteroidaceae;g__Bacteroides;s__Bacteroides_stercoris	k__Bacteria;p__Bacteroidetes;c__Bacteroidia;o__Bacteroidales;f__Bacteroidaceae;g__Bacteroides;s__Bacteroides_ovatus	k__Bacteria;p__Bacteroidetes;c__Bacteroidia;o__Bacteroidales;f__Rikenellaceae;g__Alistipes;s__Alistipes_shahii	k__Bacteria;p__Firmicutes;c__Clostridia;o__Clostridiales;f__Ruminococcaceae;g__Faecalibacterium;s__Faecalibacterium_prausnitzii	k__Bacteria;p__Bacteroidetes;c__Bacteroidia;o__Bacteroidales;f__Rikenellaceae;g__Alistipes;s__Alistipes_finegoldii	k__Bacteria;p__Bacteroidetes;c__Bacteroidia;o__Bacteroidales;f__Porphyromonadaceae;g__Parabacteroides;s__Parabacteroides_distasonis	k__Bacteria;p__Bacteroidetes;c__Bacteroidia;o__Bacteroidales;f__Bacteroidaceae;g__Bacteroides;s__Bacteroides_thetaiotaomicron	k__Bacteria;p__Bacteroidetes;c__Bacteroidia;o__Bacteroidales;f__Bacteroidaceae;g__Bacteroides;s__Bacteroides_coprocola	k__Bacteria;p__Bacteroidetes;c__Bacteroidia;o__Bacteroidales;f__Bacteroidaceae;g__Bacteroides;s__Bacteroides_cellulosilyticus	k__Bacteria;p__Bacteroidetes;c__Bacteroidia;o__Bacteroidales;f__Rikenellaceae;g__Alistipes;s__Alistipes_obesi	k__Bacteria;p__Firmicutes;c__Clostridia;o__Clostridiales;f__Lachnospiraceae;g__;s__[Eubacterium]_rectale	k__Bacteria;p__Bacteroidetes;c__Bacteroidia;o__Bacteroidales;f__Bacteroidaceae;g__Bacteroides;s__Bacteroides_plebeius	k__Bacteria;p__Bacteroidetes;c__Bacteroidia;o__Bacteroidales;f__Bacteroidaceae;g__Bacteroides;s__Bacteroides_fragilis	k__Bacteria;p__Proteobacteria;c__Betaproteobacteria;o__Burkholderiales;f__Sutterellaceae;g__Sutterella;s__Sutterella_wadsworthensis	k__Bacteria;p__Bacteroidetes;c__Bacteroidia;o__Bacteroidales;f__Porphyromonadaceae;g__Barnesiella;s__Barnesiella_intestinihominis	k__Bacteria;p__Bacteroidetes;c__Bacteroidia;o__Bacteroidales;f__Odoribacteraceae;g__Odoribacter;s__Odoribacter_splanchnicus	k__Bacteria;p__Bacteroidetes;c__Bacteroidia;o__Bacteroidales;f__Bacteroidaceae;g__Bacteroides;s__Bacteroides_salyersiae	k__Bacteria;p__Firmicutes;c__Clostridia;o__Clostridiales;f__Ruminococcaceae;g__Ruminiclostridium;s__[Eubacterium]_siraeum	k__Bacteria;p__Proteobacteria;c__Betaproteobacteria;o__Burkholderiales;f__Sutterellaceae;g__Parasutterella;s__Parasutterella_excrementihominis	k__Bacteria;p__Actinobacteria;c__Actinobacteria;o__Bifidobacteriales;f__Bifidobacteriaceae;g__Bifidobacterium;s__Bifidobacterium_adolescentis	k__Bacteria;p__Firmicutes;c__Clostridia;o__Clostridiales;f__Oscillospiraceae;g__Oscillibacter;s__Oscillibacter_sp._KLE_1745	k__Bacteria;p__Bacteroidetes;c__Bacteroidia;o__Bacteroidales;f__Bacteroidaceae;g__Bacteroides;s__Bacteroides_coprophilus	k__Bacteria;p__Firmicutes;c__Clostridia;o__Clostridiales;f__Lachnospiraceae;g__Roseburia;s__Roseburia_intestinalis	k__Bacteria;p__Firmicutes;c__Clostridia;o__Clostridiales;f__Lachnospiraceae;g__Roseburia;s__Roseburia_hominis	k__Bacteria;p__Bacteroidetes;c__Bacteroidia;o__Bacteroidales;f__Porphyromonadaceae;g__Parabacteroides;s__Parabacteroides_johnsonii	k__Bacteria;p__Actinobacteria;c__Actinobacteria;o__Bifidobacteriales;f__Bifidobacteriaceae;g__Bifidobacterium;s__Bifidobacterium_longum	k__Bacteria;p__Firmicutes;c__Clostridia;o__Clostridiales;f__;g__Flavonifractor;s__Flavonifractor_plautii	k__Bacteria;p__Firmicutes;c__Clostridia;o__Clostridiales;f__Clostridiaceae;g__Clostridium;s__Clostridium_phoceensis	k__Bacteria;p__Verrucomicrobia;c__Verrucomicrobiae;o__Verrucomicrobiales;f__Akkermansiaceae;g__Akkermansia;s__Akkermansia_muciniphila	k__Bacteria;p__Bacteroidetes;c__Bacteroidia;o__Bacteroidales;f__Prevotellaceae;g__Paraprevotella;s__Paraprevotella_xylaniphila	k__Bacteria;p__Firmicutes;c__Clostridia;o__Clostridiales;f__Ruminococcaceae;g__Ruminococcus;s__Ruminococcus_callidus	k__Bacteria;p__Bacteroidetes;c__Bacteroidia;o__Bacteroidales;f__Rikenellaceae;g__Alistipes;s__Alistipes_senegalensis	k__Bacteria;p__Firmicutes;c__Clostridia;o__Clostridiales;f__Lachnospiraceae;g__Blautia;s__Blautia_sp._KLE_1732	k__Bacteria;p__Bacteroidetes;c__Bacteroidia;o__Bacteroidales;f__Bacteroidaceae;g__Bacteroides;s__Bacteroides_oleiciplenus	k__Bacteria;p__Firmicutes;c__Clostridia;o__Clostridiales;f__Ruminococcaceae;g__Ruminococcus;s__Ruminococcus_bicirculans	k__Bacteria;p__Bacteroidetes;c__Bacteroidia;o__Bacteroidales;f__Bacteroidaceae;g__Bacteroides;s__Bacteroides_fluxus	k__Bacteria;p__Bacteroidetes;c__Bacteroidia;o__Bacteroidales;f__Prevotellaceae;g__Prevotella;s__Prevotella_stercorea	k__Bacteria;p__Firmicutes;c__Clostridia;o__Clostridiales;f__Lachnospiraceae;g__Dorea;s__Dorea_longicatena	k__Bacteria;p__Firmicutes;c__Clostridia;o__Clostridiales;f__Eubacteriaceae;g__Eubacterium;s__[Eubacterium]_eligens	k__Bacteria;p__Firmicutes;c__Clostridia;o__Clostridiales;f__Ruminococcaceae;g__;s__Ruminococcaceae_bacterium_D16	k__Bacteria;p__Firmicutes;c__Clostridia;o__Clostridiales;f__Lachnospiraceae;g__Coprococcus;s__Coprococcus_comes	k__Bacteria;p__Proteobacteria;c__Gammaproteobacteria;o__Enterobacterales;f__Enterobacteriaceae;g__Escherichia;s__Escherichia_coli	k__Bacteria;p__Firmicutes;c__Clostridia;o__Clostridiales;f__Ruminococcaceae;g__Anaerotruncus;s__Anaerotruncus_colihominis	k__Bacteria;p__Firmicutes;c__Clostridia;o__Clostridiales;f__Lachnospiraceae;g__Blautia;s__Blautia_obeum	k__Bacteria;p__Bacteroidetes;c__Bacteroidia;o__Bacteroidales;f__Odoribacteraceae;g__Odoribacter;s__Odoribacter_laneus	k__Bacteria;p__Firmicutes;c__Clostridia;o__Clostridiales;f__Ruminococcaceae;g__Ruminiclostridium;s__[Clostridium]_leptum	k__Bacteria;p__Bacteroidetes;c__Bacteroidia;o__Bacteroidales;f__Porphyromonadaceae;g__Parabacteroides;s__Parabacteroides_goldsteinii	k__Bacteria;p__Firmicutes;c__Clostridia;o__Clostridiales;f__Lachnospiraceae;g__Anaerostipes;s__Anaerostipes_hadrus	k__Bacteria;p__Firmicutes;c__Clostridia;o__Clostridiales;f__Ruminococcaceae;g__Ruminococcus;s__Ruminococcus_lactaris	k__Bacteria;p__Firmicutes;c__Clostridia;o__Clostridiales;f__Clostridiaceae;g__Clostridium;s__Clostridium_sp._L2-50	k__Bacteria;p__Firmicutes;c__Clostridia;o__Clostridiales;f__Clostridiaceae;g__Clostridium;s__Clostridium_sp._M62/1	k__Bacteria;p__Firmicutes;c__Clostridia;o__Clostridiales;f__;g__Intestinimonas;s__Intestinimonas_butyriciproducens	k__Bacteria;p__Actinobacteria;c__Actinobacteria;o__Bifidobacteriales;f__Bifidobacteriaceae;g__Bifidobacterium;s__Bifidobacterium_bifidum	k__Bacteria;p__Firmicutes;c__Negativicutes;o__Veillonellales;f__Veillonellaceae;g__Dialister;s__Dialister_invisus	k__Bacteria;p__Bacteroidetes;c__Bacteroidia;o__Bacteroidales;f__Bacteroidaceae;g__Bacteroides;s__Bacteroides_salanitronis
k__Bacteria;p__Bacteroidetes;c__Bacteroidia;o__Bacteroidales;f__Bacteroidaceae;g__Bacteroides;s__Bacteroides_vulgatus	1.0	-0.035270737295	0.0485042781952	0.0575670216841	-0.00613218231306	0.0450176041786	-0.0430449161074	-0.0130598990053	-0.0312129700754	-0.00655784757417	-0.0312781949094	0.00890242815501	-0.0894784804946	-0.0649641574498	-0.0202305254189	0.054747464062	-0.012820950661	-0.0818862039501	-0.0452061012832	0.087001755145	-0.0655485816147	-0.0346603535633	0.00909110556907	-0.0128869311253	0.0421215077786	0.0661001633892	0.00671997194507	-0.0376476398472	-0.0579567064542	-0.0102920013795	-0.0465808519463	0.0615668982096	0.00124346823218	-0.0615155368661	-0.0352782188179	0.016414893687	-0.0217438234257	0.0383373572266	-0.0346316896462	-0.0149836055742	-0.0440161089697	0.0654443912719	-0.0307256679011	0.0113720480947	-0.0355620819734	0.0288032971762	0.0042088464888	0.0327416582822	0.0149446995869	0.0250009797268	-0.037180408503	-0.0187017910528	0.0370865248277	-0.00361151903083	0.106757643424	-0.0325520805034	0.0187056677398	-0.0613387963977	0.0146124516763
k__Bacteria;p__Bacteroidetes;c__Bacteroidia;o__Bacteroidales;f__Bacteroidaceae;g__Bacteroides;s__Bacteroides_uniformis	-0.035270737295	1.0	-0.0168199917494	0.0489771366904	0.0200746849507	0.0309611868148	0.0197194372848	-0.0661477779197	0.0358922950832	-0.0756856515342	0.0202663609889	0.0663585729227	-0.0230118571803	-0.0267308113694	-0.0581517745699	0.00714615487705	-0.0109620017282	-0.0227956188096	-0.0547057659957	0.0612055164339	0.0236068996424	-0.0192494047212	-0.0487415533917	-0.0163241784346	0.0168115679452	-0.039691586189	-0.0339514378717	0.0265257077774	-0.0166762854679	-0.00633120185551	0.0271747509309	0.0426462725486	-0.048962201354	0.0135067701679	0.0207486363969	-0.0684760209192	0.0166823973967	0.0166513933092	0.0219962708812	0.00322891467706	0.0190719141217	0.0484011726757	0.0247265711597	0.00981623779518	-0.0499252531185	-0.00721033662791	-0.0631982235155	0.00459050095161	-0.0634888189281	-0.0504977662536	-0.00699934272747	-0.0158314495485	0.0394069630843	-0.00979123324189	-0.0305247741825	-0.0296543590537	-0.0215517370516	0.0330812316212	-0.0093005355588
k__Bacteria;p__Bacteroidetes;c__Bacteroidia;o__Bacteroidales;f__Rikenellaceae;g__Alistipes;s__Alistipes_putredinis	0.0485042781952	-0.0168199917494	1.0	-0.0474707606587	0.0190174270225	0.00929002386905	0.00538772408359	-0.0132469694969	-0.0529545139835	-0.0291416562342	-0.0707541815827	0.073239326667	-0.0752570765709	-0.0224739476649	0.0200870247864	0.0251134277779	0.0442604996564	-0.00205204041583	-0.00994125488807	-0.107508836991	0.0195564214642	-0.0526447489445	0.0403530528201	-0.0437281188878	-0.0333880486343	-0.029079131202	-0.0143612915787	0.0100703757807	-0.0641935208124	0.00243735300085	-0.0250325957061	0.01495413516	-0.009937431056	0.0161531047964	-0.0451963720596	-0.00981808590281	-0.00379093445732	-0.0792818690531	0.0257203992107	0.0492156770964	0.0173535252949	0.0122382502852	0.0147148907547	0.018861059583	0.0314911941182	-0.0980749578117	-0.0500514717129	-0.00891474702887	-0.00425223340205	0.0300362994648	0.0354052812817	0.0339684898682	-0.0409555121738	-0.0576916264998	-0.0246030477831	-0.0143451940776	0.0123375854635	0.0631619800535	-0.0428909727264
k__Bacteria;p__Bacteroidetes;c__Bacteroidia;o__Bacteroidales;f__Prevotellaceae;g__Prevotella;s__Prevotella_copri	0.0575670216841	0.0489771366904	-0.0474707606587	1.0	0.000801346356587	-0.0303315937904	-0.0621424860752	-0.00221521669813	0.0219231485254	-0.0676433377778	0.0600299329082	0.0244479919963	0.0111366099791	-0.0552270253275	0.0476243660646	0.0151296316741	0.0247610211257	-0.0516901786667	-0.024452718684	-0.0550531513302	-0.01649669649	0.0320661995191	0.0268463184981	0.0239382870072	-0.00463317867206	0.0444963378507	-0.0542911976975	-0.0296555263051	0.0307715355254	-0.0610094497563	-0.0406789435902	-0.0397701339634	-0.0896566022004	-0.0430187830857	0.00739495308838	-0.0111697378728	-0.03326363666	0.000982008811912	-0.0116685736875	-0.0233525818733	-0.0396884940521	0.0410457023692	0.0786449826105	-0.00732934195441	-0.0109375816655	0.030216278325	-0.0101883694752	0.0151068578879	-0.0564273873292	-0.0449670000965	-0.0242826057925	0.00621656958243	-0.02161510758	0.028838426312	-0.000365695245929	-0.0231671201256	-0.0424838053114	-0.00124716308037	0.00836925267135
k__Bacteria;p__Bacteroidetes;c__Bacteroidia;o__Bacteroidales;f__Bacteroidaceae;g__Bacteroides;s__Bacteroides_stercoris	-0.00613218231306	0.0200746849507	0.0190174270225	0.000801346356587	1.0	-0.0419087950803	0.0083587812586	0.0235724581191	0.0296331694826	-0.0767468114107	-0.0638783800254	-0.035983126805	-0.0186067374303	-0.0149517468937	0.0066649561701	-0.00714675775538	-0.00370104877832	-0.0368590976629	-0.0281951724886	0.04198387471	-0.0618109528669	0.0549718466307	0.0140630249445	-0.013683345069	-0.00685139576112	-0.0881134848544	-0.0311858950098	0.00382309317839	-0.0304112831075	0.0112995949862	0.00180841725653	0.0579706442387	-0.104070788758	0.0204447134741	-0.0233796145014	0.0455725943864	-0.0300671536698	0.0040465404845	-0.0146780705154	-0.0132791127817	-0.0182936854388	0.0515311246395	-0.0415903887493	-0.00116094597052	0.0358961504361	-0.141759550162	0.0639114177179	-0.0535939230749	-0.0256539564049	-0.00440161957923	-0.0563676604421	-0.0186603087996	-0.0245075084331	0.0295139643507	-0.0512622114089	-0.0429876844136	0.00652396027763	0.0146698905867	0.0411025256646
k__Bacteria;p__Bacteroidetes;c__Bacteroidia;o__Bacteroidales;f__Bacteroidaceae;g__Bacteroides;s__Bacteroides_ovatus	0.0450176041786	0.0309611868148	0.00929002386905	-0.0303315937904	-0.0419087950803	1.0	0.0113634694709	0.00588330295529	-0.0312942569217	-0.00604165151279	-0.0622031316617	0.0522380989311	-0.0109529306634	0.0355421000957	-0.0328267692489	-0.000945322961771	-0.074498493598	0.0497569267364	-0.0296536094888	-0.0177528482663	0.0338429614114	-0.0108732373068	-0.0670328213079	0.0253381621785	-0.00854799641039	0.0289053385496	-0.0210636254695	-0.113244913333	0.00614846555927	0.0781797746964	-0.0512915634877	0.0475475594435	-0.0359979321879	-0.0810736031422	-0.0295616095414	-0.0205520909576	0.0290401571936	-0.0327407332698	-0.00547828148596	-0.0507901301467	0.0243212188522	0.00924180501024	-0.0397137135639	-0.0405200275469	-0.0447205212867	0.00228318967096	-0.0387809748408	0.0304527277509	-0.025647646352	-0.0805016799174	-0.0668893035541	-0.0332549561852	-0.06082544752	-0.0457090411757	-0.0168111665308	-0.0442595182573	-0.0481775911064	-0.0205932041413	0.000262772097614
k__Bacteria;p__Bacteroidetes;c__Bacteroidia;o__Bacteroidales;f__Rikenellaceae;g__Alistipes;s__Alistipes_shahii	-0.0430449161074	0.0197194372848	0.00538772408359	-0.0621424860752	0.0083587812586	0.0113634694709	1.0	-0.0280481047271	-0.0284259055735	-0.0612476769392	0.0123801920681	0.0508898381435	-0.0272587542256	0.0206341387668	-0.0309572039605	0.0634694229998	-0.013194958743	0.0337900973983	0.0236489434377	0.075038828218	-0.0571652045288	-0.0913072249435	0.0260704522094	-0.0681484311375	-0.0478313479353	0.0288374364379	-0.0205132691977	-0.0440347843284	0.0220774085149	0.0860709458898	0.0077079969441	0.0639473975615	-0.037399430696	0.00800927266629	-0.00661344745548	-0.00884060342134	0.0172836590264	-0.0224465527345	0.0169676750044	-0.0897418783163	0.0321086230342	0.0291575122316	-0.0677613820817	0.00755667957212	-0.0239102512025	-0.0151646481895	0.0318313663956	-0.0130603179852	-0.0166469223024	-0.0314843936227	0.00822295706321	-0.0034531142872	-0.0896836946311	0.0466765064062	-0.0514337785051	-0.0602540418233	-0.0434576424519	0.0546752458321	-0.0227388922141
k__Bacteria;p__Firmicutes;c__Clostridia;o__Clostridiales;f__Ruminococcaceae;g__Faecalibacterium;s__Faecalibacterium_prausnitzii	-0.0130598990053	-0.0661477779197	-0.0132469694969	-0.00221521669813	0.0235724581191	0.00588330295529	-0.0280481047271	1.0	0.0238018156822	0.0300141496839	0.0330692876411	0.0751989419044	0.0425698361559	-0.0254130613845	0.0277897709534	-0.044475306398	-0.0744018149965	0.0326858346281	-0.0187455750379	0.0620584900759	-0.0227245210346	0.0206095892221	-0.0716181285435	-0.00704679089062	0.0822209523357	-0.0465767227953	-0.057129778749	0.0466977607173	-0.0297851796757	-0.0353735515207	0.00364862981887	0.000141038596721	0.015423101374	-0.0115975289495	0.00154739243421	0.0204361919429	-0.0542228166302	0.063241860317	0.00426506777105	-0.0588317487237	-0.01967605602	0.0251685850929	0.0568912811124	-0.0478785266576	-1.76806511155e-05	0.00603951270521	-0.00521255320258	-0.0256949372081	0.034247310418	0.0660247983633	0.00165832097925	-0.0537081100722	-0.0512665174981	0.00946118686768	0.00802336167321	-0.0207411376811	-0.0181531545309	0.000433336699685	-0.0195337677912
k__Bacteria;p__Bacteroidetes;c__Bacteroidia;o__Bacteroidales;f__Rikenellaceae;g__Alistipes;s__Alistipes_finegoldii	-0.0312129700754	0.0358922950832	-0.0529545139835	0.0219231485254	0.0296331694826	-0.0312942569217	-0.0284259055735	0.0238018156822	1.0	-0.0328430705571	-0.027992136713	0.0575000300289	-0.0142184165235	0.058059994093	0.0542561988527	-0.0417746976232	-0.034020692274	0.0146476770991	0.0212411328323	0.0264481576429	-0.0132241351135	-0.0324219930097	-0.0312494379981	-0.0106049636915	-0.055895985654	-0.0470060050601	-0.0199375996941	0.00587023354858	-0.0078089719779	-0.00405970152991	0.0112805688853	0.0433921788555	-0.00663765010662	0.00786324703516	0.00896083959632	0.0277483400386	-0.0249245815315	-0.000170088301481	-0.00696660527796	-0.031095192187	0.0245382742119	-0.0783916448987	-0.0790518489213	0.0701766641572	-0.0907493764754	-0.063393800389	0.0839931669608	-0.0644452745042	-0.0751127589619	0.0535050751111	-0.0285058735848	-0.0489777367692	0.00520821991058	0.0274373422545	-0.0425168143522	0.0103397115795	0.0335046761213	0.00793970271438	0.00864968712015
k__Bacteria;p__Bacteroidetes;c__Bacteroidia;o__Bacteroidales;f__Porphyromonadaceae;g__Parabacteroides;s__Parabacteroides_distasonis	-0.00655784757417	-0.0756856515342	-0.0291416562342	-0.0676433377778	-0.0767468114107	-0.00604165151279	-0.0612476769392	0.0300141496839	-0.0328430705571	1.0	0.0264196026969	-0.0877493143315	0.00419884277008	-0.0154457807398	-0.0348994323335	-0.0396122800002	-0.037635646918	-0.000350651953567	0.0342519780447	-0.0268569196822	0.0394903700432	0.0212846846339	-0.01412918143	0.00973832953224	0.0347801542645	0.00949007432613	-0.0329623647057	0.0126017319266	-0.0434601508508	0.0244874646942	0.0342150214401	0.0038178449681	0.0385129028889	0.0287357852446	0.0287147742696	-0.062842424589	0.0304629190649	-0.0953193378222	-0.084970812908	-0.0261059274052	-0.0331206326068	0.00525423505863	-0.00790689496592	-0.0750264608556	0.0180034232214	-0.0166640647947	-0.00388294493081	0.05966904075	-0.0335712064637	-0.0395098350308	0.0124230299351	-0.0496755680068	-0.0329596453252	0.0474179674402	0.0443846561157	0.0266750412968	0.0032436009709	-0.0139102100614	-0.0270853043431
k__Bacteria;p__Bacteroidetes;c__Bacteroidia;o__Bacteroidales;f__Bacteroidaceae;g__Bacteroides;s__Bacteroides_thetaiotaomicron	-0.0312781949094	0.0202663609889	-0.0707541815827	0.0600299329082	-0.0638783800254	-0.0622031316617	0.0123801920681	0.0330692876411	-0.027992136713	0.0264196026969	1.0	0.0698551746696	-0.00540679918654	0.00423141086874	-0.0345965670781	0.00100313173791	0.0102857185277	0.0720436974619	-0.0293173439891	0.0262759700044	0.00706869204812	-0.0209739357535	0.00994320625513	-0.0878189798222	-0.00287537528272	-0.0277514106334	0.0229774298077	-0.0754954853787	-0.00236414743092	0.0287932227956	0.0636449881953	-0.00711613161394	-0.00659971280301	-0.0218476760811	-0.00374910994556	0.00367773369288	0.0103436416861	-0.0664504599214	-0.045658172915	-0.00458562702743	0.0155906830446	-0.0210076703929	-0.00332148683526	0.053166618255	-0.0681887413727	0.0442773076922	0.0283114396316	-0.000777616462717	-0.0394348579971	-0.000343344436747	0.00118465312093	-0.0442638810975	-0.0675139322334	-0.0291050060125	-0.0589959356473	0.0141106676223	-0.0857560505476	0.0346424149266	-0.0615051294058
k__Bacteria;p__Bacteroidetes;c__Bacteroidia;o__Bacteroidales;f__Bacteroidaceae;g__Bacteroides;s__Bacteroides_coprocola	0.00890242815501	0.0663585729227	0.073239326667	0.0244479919963	-0.035983126805	0.0522380989311	0.0508898381435	0.0751989419044	0.0575000300289	-0.0877493143315	0.0698551746696	1.0	-0.0616068552166	-0.0639701621725	0.0161229297878	0.0446075957895	-0.0056134637113	0.0287845700993	-0.0888369090264	-0.00548325526738	-0.0644870153987	0.00998399343483	-0.142298771012	-0.0333284925234	-0.00553714605664	-0.0363365952323	-0.0345832720106	-0.00398762237723	-0.000854638300665	0.0286437496389	0.0153084632166	-0.0357158259532	0.0636275719515	-0.0567852880227	-0.0776033191785	-0.0155792107043	-0.000478496747935	-0.0133180862959	0.0381053406842	0.0091143345856	-0.0397810448864	-0.0317139601356	-0.00947129264482	0.0157337750383	-0.0196633123012	0.0299304379281	-0.029712957051	0.000847532314691	-0.018282312002	-0.0432958137006	-0.0367983242654	-0.0734340994354	-0.0719649589605	0.0480293161536	-0.046242267366	0.040739127206	-0.0178721119309	0.0731857048396	-0.0616343650394
k__Bacteria;p__Bacteroidetes;c__Bacteroidia;o__Bacteroidales;f__Bacteroidaceae;g__Bacteroides;s__Bacteroides_cellulosilyticus	-0.0894784804946	-0.0230118571803	-0.0752570765709	0.0111366099791	-0.0186067374303	-0.0109529306634	-0.0272587542256	0.0425698361559	-0.0142184165235	0.00419884277008	-0.00540679918654	-0.0616068552166	1.0	-0.0126770269666	0.0053696565125	-0.00903174953834	0.00135981678118	-0.0233748408216	0.0412815368747	-0.000768969294668	0.0320685274957	0.0152076709529	-0.00789585041081	0.0764389514654	0.0669967028489	0.000958593390955	-0.00587162775954	0.0117412545016	0.0162913798343	-0.0357062142958	0.0445455050012	-0.0184579875076	-0.00833896106626	0.00505988378649	0.0532013962362	-0.0294694183743	-0.0205525882015	-0.0479473887582	-0.0310669750466	-0.0218344459747	-0.00240647973572	0.0293850713024	0.000227131409774	-0.0272071406806	-0.00952230522318	-0.012224439657	0.0063863065748	-0.0635184726876	0.00400559993825	0.0137148644642	-0.0679864203355	-0.0486149275647	0.0266942119718	-0.0260032275854	-0.035417850785	-0.0675306833195	-0.0190225522702	-0.0296586083535	-0.0778640158082
k__Bacteria;p__Bacteroidetes;c__Bacteroidia;o__Bacteroidales;f__Rikenellaceae;g__Alistipes;s__Alistipes_obesi	-0.0649641574498	-0.0267308113694	-0.0224739476649	-0.0552270253275	-0.0149517468937	0.0355421000957	0.0206341387668	-0.0254130613845	0.058059994093	-0.0154457807398	0.00423141086874	-0.0639701621725	-0.0126770269666	1.0	-0.0125655866774	0.0858899467308	0.020401318696	-0.0243329356979	-0.0649676058561	0.0339474125584	-0.0187824034335	-0.0386015742555	0.0138628596256	-0.00700599961583	-0.0554633768732	-0.0441386057	0.00767403897013	-0.0960817945185	0.0898109871921	0.022434401472	0.0327891758969	-0.0134578912575	-0.049977959096	-0.0305612806329	-0.0110734278876	-0.00678583929884	-0.0890443308667	0.0451620650258	0.0724471765831	-0.00322590827742	-0.0480418334078	-0.0781034154764	0.0143995374847	0.0328258841322	-0.0480194321339	-0.0541057283365	-0.00888287003624	-0.0309779950382	0.0210857266714	0.00726668470998	-0.0393119213533	-0.0574915026512	0.0144166853992	-0.00473076503232	0.00578264735016	-0.018596108022	0.0213546142124	-0.00175143655746	0.0323563372759
k__Bacteria;p__Firmicutes;c__Clostridia;o__Clostridiales;f__Lachnospiraceae;g__;s__[Eubacterium]_rectale	-0.0202305254189	-0.0581517745699	0.0200870247864	0.0476243660646	0.0066649561701	-0.0328267692489	-0.0309572039605	0.0277897709534	0.0542561988527	-0.0348994323335	-0.0345965670781	0.0161229297878	0.0053696565125	-0.0125655866774	1.0	0.0585783142576	0.00202158246043	-0.0172603432864	0.0221209230659	0.00443330825132	0.0174194623867	-0.0468736471372	-0.00419410745814	-0.0222358731199	-0.0363122656972	0.0384872232464	0.0034772202391	0.00165714306653	0.0317204024109	-0.0418224711691	-0.0445072086732	-0.00557609809548	-0.014691237741	-0.043744743034	0.0201274643523	-0.0344894172869	-0.00612374598219	-0.0110905211253	0.00685574033564	0.0496677109961	-0.046593395437	0.0650425618445	0.0230408529878	-0.0466003710989	-0.0110385958609	-0.0447793271974	-0.0402711379559	-0.0011277585299	0.0530946061152	-0.0623713524633	-0.0171475648634	-0.0712072779987	-0.0584198625418	0.0156453059696	0.0453667969557	0.00674862680489	0.00689433067713	0.0102116836155	-0.0441367575897
k__Bacteria;p__Bacteroidetes;c__Bacteroidia;o__Bacteroidales;f__Bacteroidaceae;g__Bacteroides;s__Bacteroides_plebeius	0.054747464062	0.00714615487705	0.0251134277779	0.0151296316741	-0.00714675775538	-0.000945322961771	0.0634694229998	-0.044475306398	-0.0417746976232	-0.0396122800002	0.00100313173791	0.0446075957895	-0.00903174953834	0.0858899467308	0.0585783142576	1.0	-0.0769574220034	0.00651033960227	-0.0123221227514	-0.0565663267028	0.0258144248261	0.015657303975	0.0398831523672	-0.0113503966639	-0.0437686441692	-0.021065128602	-0.0317843616787	-0.0644561805288	-0.0886515849682	0.0509802526104	-0.0227041421692	-0.00372794697537	-0.0146710424265	-0.0169003929178	0.0310253420586	0.0373127124261	-0.00473861099872	-0.0571332352024	-0.0114695692682	-0.0432704868069	0.0187588431242	-0.00570139806657	0.086636393983	-0.0220520297398	-0.00304629990304	-0.0338386888958	-0.0469777374578	-0.0747271991323	-0.0062321705948	-0.025175342252	-0.0602826759258	-0.0396486794219	-0.0025534157286	-0.0469925108691	-0.0501506613788	0.0226157514374	0.0243235765745	-0.036178221109	-0.0285185129074
k__Bacteria;p__Bacteroidetes;c__Bacteroidia;o__Bacteroidales;f__Bacteroidaceae;g__Bacteroides;s__Bacteroides_fragilis	-0.012820950661	-0.0109620017282	0.0442604996564	0.0247610211257	-0.00370104877832	-0.074498493598	-0.013194958743	-0.0744018149965	-0.034020692274	-0.037635646918	0.0102857185277	-0.0056134637113	0.00135981678118	0.020401318696	0.00202158246043	-0.0769574220034	1.0	0.0568959729287	0.0194623850698	0.0473820537046	-0.0291281967502	-0.00509000957751	0.0224800132531	-0.0604445918963	-0.0352496450763	-0.0134334828229	0.02163351214	-0.0290127897432	0.0166135411983	-0.0403846580741	0.0186615116757	-0.0271717423543	0.00108232966563	0.0364667819001	0.0107231338736	-0.0223725261024	0.000440515897888	-0.0253805151116	-0.0503174469356	0.0428175049481	-0.0332555275357	0.033518227673	-0.0494719516891	-0.0493612885815	-0.0296793661383	0.0858648171071	0.0149115685652	-0.00385083446685	-0.0950477604134	-0.0183802888382	0.0355612293522	0.033085807268	-0.0147686653523	-0.0747357850789	-0.0659275117706	-0.0133917756959	0.0385805280681	0.0509615811584	0.00571938603445
k__Bacteria;p__Proteobacteria;c__Betaproteobacteria;o__Burkholderiales;f__Sutterellaceae;g__Sutterella;s__Sutterella_wadsworthensis	-0.0818862039501	-0.0227956188096	-0.00205204041583	-0.0516901786667	-0.0368590976629	0.0497569267364	0.0337900973983	0.0326858346281	0.0146476770991	-0.000350651953568	0.0720436974619	0.0287845700993	-0.0233748408216	-0.0243329356979	-0.0172603432864	0.00651033960227	0.0568959729287	1.0	0.0420939454264	0.00226668557719	-0.0483446341938	-0.0201890825148	0.0328824653729	-0.0740780961384	0.0182444334633	0.0197612924554	-0.0187676721594	-0.00984777566988	-0.00932969637552	-0.0302465586268	0.0328782740984	-0.0324644049828	0.0160010039717	0.015263097574	0.0317197113363	-0.0715884450832	0.0105009998883	-0.0480028176701	-0.0654425066586	0.00634329858534	-0.00770851953554	-0.0506881798524	-0.0544366728214	0.0074418614479	-0.0296474089542	0.072599654973	0.065828889207	0.0519640115758	0.0650107960655	-0.00331044004861	-0.0268263478265	-0.00101380697001	0.0474643420579	0.00794969494748	-0.0261373376293	0.0328813766055	-0.0345392565372	-0.0395926168319	0.0115808609434
k__Bacteria;p__Bacteroidetes;c__Bacteroidia;o__Bacteroidales;f__Porphyromonadaceae;g__Barnesiella;s__Barnesiella_intestinihominis	-0.0452061012832	-0.0547057659957	-0.00994125488807	-0.024452718684	-0.0281951724886	-0.0296536094888	0.0236489434377	-0.0187455750379	0.0212411328323	0.0342519780447	-0.0293173439891	-0.0888369090264	0.0412815368747	-0.0649676058561	0.0221209230659	-0.0123221227514	0.0194623850698	0.0420939454264	1.0	0.0320936479472	0.0366047718277	-0.0461947928267	0.0626582655615	-0.0659778304667	-0.039032878144	0.0377594065048	0.0187039037116	-0.0532390548994	-0.0315480949241	-0.00266371478162	0.00767470736595	-0.0164957613913	-0.0230762831131	0.00438366271405	0.0196446927698	-0.0536520277737	-0.0235187325617	-0.0211304837632	0.00967628438781	-0.0185376580696	0.00479217117737	0.0687633480157	0.0196447525722	-0.03079065374	-0.0131189604983	-0.00271216754439	0.0530907504972	-0.0282224484949	-0.0164340245956	-0.00432739682911	-0.000330377068409	-0.00508443592477	-0.0749524593608	-0.0008957900487	-0.052750825023	-0.0204725482054	-0.0285018403589	-0.0124752451329	-0.00487186610651
k__Bacteria;p__Bacteroidetes;c__Bacteroidia;o__Bacteroidales;f__Odoribacteraceae;g__Odoribacter;s__Odoribacter_splanchnicus	0.087001755145	0.0612055164339	-0.107508836991	-0.0550531513302	0.04198387471	-0.0177528482663	0.075038828218	0.0620584900759	0.0264481576429	-0.0268569196822	0.0262759700044	-0.00548325526738	-0.000768969294668	0.0339474125584	0.00443330825132	-0.0565663267028	0.0473820537046	0.00226668557719	0.0320936479472	1.0	0.0311947136584	-0.0441620666862	0.0365214686381	0.0548987355121	-0.0181450062233	-0.0087959973355	-0.03808208349	-0.0342027018863	-0.0774218103793	-0.0188664574847	-0.0513918211868	0.0234452235073	-0.0210793070785	-0.00707030356742	-0.0134477084897	0.00512335094007	-0.0796546324344	0.00978062306416	0.00871119486982	0.0072955056543	-0.0234413630573	0.0518795296495	-0.0633140526943	-0.0646782775202	-0.0159910502409	-0.039998053437	0.0316184267327	-0.0131312989215	-0.0195754050028	-0.0446308118934	0.106351596473	-0.0715405119123	0.00341041254974	-0.0536542925402	0.0105439077321	-0.0565645703294	-0.0489275504527	0.0213907298855	0.0116364679858
k__Bacteria;p__Bacteroidetes;c__Bacteroidia;o__Bacteroidales;f__Bacteroidaceae;g__Bacteroides;s__Bacteroides_salyersiae	-0.0655485816147	0.0236068996424	0.0195564214642	-0.01649669649	-0.0618109528669	0.0338429614114	-0.0571652045288	-0.0227245210346	-0.0132241351135	0.0394903700432	0.00706869204812	-0.0644870153987	0.0320685274957	-0.0187824034335	0.0174194623867	0.0258144248261	-0.0291281967502	-0.0483446341938	0.0366047718277	0.0311947136584	1.0	0.0282683793657	-0.0032322659597	0.0122272701413	0.0240472097477	-0.016232387872	0.0308098053586	-0.0249096138252	0.0177953606165	-0.0635690026734	-0.0143828950958	-0.0344203435973	-0.0329429183498	-0.0216248358685	-0.00490588765746	-0.0153087369943	-0.0256826403202	-0.0061275936716	0.0106024078738	-0.0161792780193	-0.0187370644729	-0.0287357498487	-0.024208857392	-0.0302518790362	-0.0309576818251	-0.0209652343262	-0.0873652937233	-0.0276517016468	-0.0114715488494	0.046275763285	-0.0175881916358	0.0262935953862	-0.0109529619399	0.0173622346245	0.12303774819	-0.0146588248141	-0.0372062836215	-0.0458145259764	-0.0820060564
k__Bacteria;p__Firmicutes;c__Clostridia;o__Clostridiales;f__Ruminococcaceae;g__Ruminiclostridium;s__[Eubacterium]_siraeum	-0.0346603535633	-0.0192494047212	-0.0526447489445	0.0320661995191	0.0549718466307	-0.0108732373068	-0.0913072249435	0.0206095892221	-0.0324219930097	0.0212846846339	-0.0209739357535	0.00998399343483	0.0152076709529	-0.0386015742555	-0.0468736471372	0.015657303975	-0.00509000957751	-0.0201890825148	-0.0461947928267	-0.0441620666862	0.0282683793657	1.0	-0.0769574964493	0.0248829436645	0.0628463810104	-0.000896969014582	-0.0310255345858	0.0409936935731	-0.0334400195651	0.0291122010267	-0.00543450558618	0.00184825312588	0.00753124942065	-0.00527658260859	0.0563004631708	-0.0414367278685	0.0186865226167	-0.0495709507379	-0.0345004100887	-0.0273735228335	-0.0464864073741	-0.0593152641365	-0.0177202386644	-0.0473372202107	0.0917020233731	-0.0936813897584	0.0234753761609	0.0153155120871	-0.0343640033162	0.0121073055834	-0.0383060690252	-0.0047111815458	0.0322549634676	-0.0256785315129	0.0144036787482	0.0143050906026	-0.032052652223	0.0218462434102	0.0279287408503
k__Bacteria;p__Proteobacteria;c__Betaproteobacteria;o__Burkholderiales;f__Sutterellaceae;g__Parasutterella;s__Parasutterella_excrementihominis	0.00909110556907	-0.0487415533917	0.0403530528201	0.0268463184981	0.0140630249445	-0.0670328213079	0.0260704522094	-0.0716181285435	-0.0312494379981	-0.01412918143	0.00994320625513	-0.142298771012	-0.00789585041081	0.0138628596256	-0.00419410745814	0.0398831523672	0.0224800132531	0.0328824653729	0.0626582655615	0.0365214686381	-0.0032322659597	-0.0769574964493	1.0	0.0218606232143	-0.0537851557675	-0.0785424580544	0.0212921284415	-0.0239824127647	0.0190865653387	0.0127377097836	0.0289211189841	-0.00142212053	-0.0652587995202	-0.0651723583981	-0.0495515889049	-0.00542892519951	0.0274840545173	-0.07255288629	0.0163819869007	-0.0322327654217	0.00732154876258	0.00624857328873	0.0223672342863	-0.10004621995	0.0273864004574	-0.00803760648929	0.0378601050305	-0.0645798878213	-0.00357768716726	0.00545219471093	0.0577691835693	0.044906462554	-0.000103825007369	-0.0747039367777	-0.0199190566006	-0.0429342850708	-0.0673649179736	-0.0145656256341	-0.0114069504807
k__Bacteria;p__Actinobacteria;c__Actinobacteria;o__Bifidobacteriales;f__Bifidobacteriaceae;g__Bifidobacterium;s__Bifidobacterium_adolescentis	-0.0128869311253	-0.0163241784346	-0.0437281188878	0.0239382870072	-0.013683345069	0.0253381621785	-0.0681484311375	-0.00704679089062	-0.0106049636915	0.00973832953224	-0.0878189798222	-0.0333284925234	0.0764389514654	-0.00700599961583	-0.0222358731199	-0.0113503966639	-0.0604445918963	-0.0740780961384	-0.0659778304667	0.0548987355121	0.0122272701413	0.0248829436645	0.0218606232143	1.0	-0.0138450273848	-0.0242262403895	-0.0405116667759	0.0343550356038	-0.0541228406602	-0.00459699030057	-0.0408582980081	0.052022451982	0.0490922087664	0.0318418362055	0.0194478241028	-0.027253405285	-0.00109211413026	0.0302699509529	-0.0338488721623	-0.0275413621786	-0.0405641832554	0.0142784397076	0.0860651234945	-0.0610025060278	0.0240152046115	0.00414805995591	-0.079497034056	0.0212380688775	-0.00205136933336	0.00307324300648	-0.0453763457327	-0.0230857242099	0.0101909483644	0.0148556900551	0.0404564845369	0.00836455311412	-0.049124056639	-0.019563168453	-0.0240257459623
k__Bacteria;p__Firmicutes;c__Clostridia;o__Clostridiales;f__Oscillospiraceae;g__Oscillibacter;s__Oscillibacter_sp._KLE_1745	0.0421215077786	0.0168115679452	-0.0333880486343	-0.00463317867206	-0.00685139576112	-0.00854799641039	-0.0478313479353	0.0822209523357	-0.055895985654	0.0347801542645	-0.00287537528272	-0.00553714605664	0.0669967028489	-0.0554633768732	-0.0363122656972	-0.0437686441692	-0.0352496450763	0.0182444334633	-0.039032878144	-0.0181450062233	0.0240472097477	0.0628463810104	-0.0537851557675	-0.0138450273848	1.0	-0.00133479796569	0.0298325113848	-0.0892836395312	-0.0422622296883	-0.0529223468462	-0.0492370618692	-0.0665286919465	0.0314475159495	0.0338169184563	0.0367448779337	-0.0180582852225	-0.0245637989829	0.0713498896458	-0.042565615867	-0.0595653346387	0.00955677027761	0.0134986211502	-0.0237514630364	-0.0563569132295	0.0792693790421	-0.0065465338358	0.0317126209561	0.0229557536747	0.0498946748599	0.00181974236092	-0.0774241545285	0.000423784460547	-0.025217425575	-0.028027815919	-0.0976802423128	0.0692497902749	-0.0470190647839	-0.059810121714	-0.0154383406329
k__Bacteria;p__Bacteroidetes;c__Bacteroidia;o__Bacteroidales;f__Bacteroidaceae;g__Bacteroides;s__Bacteroides_coprophilus	0.0661001633892	-0.039691586189	-0.029079131202	0.0444963378507	-0.0881134848544	0.0289053385496	0.0288374364379	-0.0465767227953	-0.0470060050601	0.00949007432613	-0.0277514106334	-0.0363365952323	0.000958593390955	-0.0441386057	0.0384872232464	-0.021065128602	-0.0134334828229	0.0197612924554	0.0377594065048	-0.0087959973355	-0.016232387872	-0.000896969014582	-0.0785424580544	-0.0242262403895	-0.00133479796569	1.0	0.0085856522891	0.0344748899286	-0.0182294533369	0.025261997351	0.136909324825	-0.0322961031755	-0.00867179957127	0.0464437459346	0.0198718374858	-0.00865917087472	-0.0820668033931	-0.02675118425	-0.0657895213998	0.0510388948415	-0.057975498808	0.0382465522075	0.00669985455719	0.0241006493613	-0.0465527905987	0.0361188529819	-0.0336115523961	-0.000517142863953	-0.0778089382549	-0.0257770864985	-0.0562037158433	-0.0622593417065	-0.000300206166153	0.0074704317918	0.00968661978507	0.000962172928623	-0.0529523916816	0.0302787997115	0.00692987975424
k__Bacteria;p__Firmicutes;c__Clostridia;o__Clostridiales;f__Lachnospiraceae;g__Roseburia;s__Roseburia_intestinalis	0.00671997194507	-0.0339514378717	-0.0143612915787	-0.0542911976975	-0.0311858950098	-0.0210636254695	-0.0205132691977	-0.057129778749	-0.0199375996941	-0.0329623647057	0.0229774298077	-0.0345832720106	-0.00587162775954	0.00767403897013	0.0034772202391	-0.0317843616787	0.02163351214	-0.0187676721594	0.0187039037116	-0.03808208349	0.0308098053586	-0.0310255345858	0.0212921284415	-0.0405116667759	0.0298325113848	0.0085856522891	1.0	0.0347606831259	0.0802209378543	-0.058308241425	0.00725254847107	-0.00958298160894	0.0166533272109	-0.0232897499513	-0.0485063717208	-0.0483658590206	0.00120357874653	-0.0118463210322	-0.00265978567839	-0.0301353304288	-0.099099303827	-0.0493075411899	0.0180174463503	-0.0224043769283	-0.00368096499563	0.0170554323291	0.0132930905026	-0.0629120748744	0.0721981240693	-0.0241500749904	0.0162168905335	0.0523271533051	-0.0173269107787	-0.0219722235329	0.0164353426656	-0.0293502346263	-0.00602095594615	0.0607276364665	-0.0109860994071
k__Bacteria;p__Firmicutes;c__Clostridia;o__Clostridiales;f__Lachnospiraceae;g__Roseburia;s__Roseburia_hominis	-0.0376476398472	0.0265257077774	0.0100703757807	-0.0296555263051	0.00382309317839	-0.113244913333	-0.0440347843284	0.0466977607173	0.00587023354858	0.0126017319266	-0.0754954853787	-0.00398762237723	0.0117412545016	-0.0960817945185	0.00165714306653	-0.0644561805288	-0.0290127897432	-0.00984777566988	-0.0532390548994	-0.0342027018863	-0.0249096138252	0.0409936935731	-0.0239824127647	0.0343550356038	-0.0892836395312	0.0344748899286	0.0347606831259	1.0	-0.0395799130608	0.0353872462778	-0.00605815633002	0.030012148014	0.0631715782436	-0.0368841668427	-0.0180802841019	0.00362501853087	-0.0556214416896	0.0101206761522	-0.0169680017897	-0.0079019928325	-0.0263657719106	-0.0160116233555	-0.0714107979187	-0.00518941181859	0.00618237206728	-0.109454448595	-0.00754117758128	0.0219024244726	0.017701736855	0.0329034931114	0.0456872169418	0.0222346977827	0.0135382415065	-0.0131519851331	0.0457691888897	0.051527800948	-0.00486774976183	0.00189993123028	0.012903165363
k__Bacteria;p__Bacteroidetes;c__Bacteroidia;o__Bacteroidales;f__Porphyromonadaceae;g__Parabacteroides;s__Parabacteroides_johnsonii	-0.0579567064542	-0.0166762854679	-0.0641935208124	0.0307715355254	-0.0304112831075	0.00614846555927	0.0220774085149	-0.0297851796757	-0.0078089719779	-0.0434601508508	-0.00236414743092	-0.000854638300665	0.0162913798343	0.0898109871921	0.0317204024109	-0.0886515849682	0.0166135411983	-0.00932969637552	-0.0315480949241	-0.0774218103793	0.0177953606165	-0.0334400195651	0.0190865653387	-0.0541228406602	-0.0422622296883	-0.0182294533369	0.0802209378543	-0.0395799130608	1.0	0.0222815462423	-0.0486462987291	-0.00501491180978	0.00625580503959	-0.0397656677239	-0.00820332834213	-0.0422217602041	0.055397439659	0.051087919309	-0.0161755057779	-0.0412538789044	0.00554253877001	-0.00177487727859	-0.0258793640422	-0.034878600128	-0.0767762019142	-0.0714063219955	0.0242792318685	0.00923739479495	-0.0179516452908	0.0349392570874	-0.0126611897146	-0.00376366318681	-0.00118829285113	0.0211523272846	0.0757629044939	0.0330510469677	0.0360355129103	-0.0544839765744	-0.0389767977753
k__Bacteria;p__Actinobacteria;c__Actinobacteria;o__Bifidobacteriales;f__Bifidobacteriaceae;g__Bifidobacterium;s__Bifidobacterium_longum	-0.0102920013795	-0.00633120185551	0.00243735300085	-0.0610094497563	0.0112995949862	0.0781797746964	0.0860709458898	-0.0353735515207	-0.00405970152991	0.0244874646942	0.0287932227956	0.0286437496389	-0.0357062142958	0.022434401472	-0.0418224711691	0.0509802526104	-0.0403846580741	-0.0302465586268	-0.00266371478162	-0.0188664574847	-0.0635690026734	0.0291122010267	0.0127377097836	-0.00459699030057	-0.0529223468462	0.025261997351	-0.058308241425	0.0353872462778	0.0222815462423	1.0	-0.066875098794	-0.0195175903735	-0.0133949484138	-0.0380648954543	-0.00344028514589	0.0394401928651	-0.0375978524823	0.0281420403404	-0.0208496872585	-0.0268258016192	-0.0473738008882	-0.0600317927327	-0.053336437622	-0.0669675855924	0.0224031995376	0.0240371837793	0.0204150857983	-0.0971455417852	-0.0509786364642	-0.0603844010922	0.0181177113846	-0.0316634444648	-0.0439167741149	-0.0100980391997	-0.0273576945083	-0.00508567393287	0.0186858558833	-0.041678959254	0.00634950714317
