#taxonomy	k__Bacteria;p__Bacteroidetes;c__Bacteroidia;o__Bacteroidales;f__Bacteroidaceae;g__Bacteroides;s__Bacteroides_vulgatus	k__Bacteria;p__Bacteroidetes;c__Bacteroidia;o__Bacteroidales;f__Bacteroidaceae;g__Bacteroides;s__Bacteroides_uniformis	k__Bacteria;p__Bacteroidetes;c__Bacteroidia;o__Bacteroidales;f__Rikenellaceae;g__Alistipes;s__Alistipes_putredinis	k__Bacteria;p__Bacteroidetes;c__Bacteroidia;o__Bacteroidales;f__Prevotellaceae;g__Prevotella;s__Prevotella_copri	k__Bacteria;p__Bacteroidetes;c__Bacteroidia;o__Bacteroidales;f__Bacteroidaceae;g__Bacteroides;s__Bacteroides_stercoris	k__Bacteria;p__Bacteroidetes;c__Bacteroidia;o__Bacteroidales;f__Bacteroidaceae;g__Bacteroides;s__Bacteroides_ovatus	k__Bacteria;p__Bacteroidetes;c__Bacteroidia;o__Bacteroidales;f__Rikenellaceae;g__Alistipes;s__Alistipes_shahii	k__Bacteria;p__Firmicutes;c__Clostridia;o__Clostridiales;f__Ruminococcaceae;g__Faecalibacterium;s__Faecalibacterium_prausnitzii	k__Bacteria;p__Bacteroidetes;c__Bacteroidia;o__Bacteroidales;f__Rikenellaceae;g__Alistipes;s__Alistipes_finegoldii	k__Bacteria;p__Bacteroidetes;c__Bacteroidia;o__Bacteroidales;f__Porphyromonadaceae;g__Parabacteroides;s__Parabacteroides_distasonis	k__Bacteria;p__Bacteroidetes;c__Bacteroidia;o__Bacteroidales;f__Bacteroidaceae;g__Bacteroides;s__Bacteroides_thetaiotaomicron	k__Bacteria;p__Bacteroidetes;c__Bacteroidia;o__Bacteroidales;f__Bacteroidaceae;g__Bacteroides;s__Bacteroides_coprocola	k__Bacteria;p__Bacteroidetes;c__Bacteroidia;o__Bacteroidales;f__Bacteroidaceae;g__Bacteroides;s__Bacteroides_cellulosilyticus	k__Bacteria;p__Bacteroidetes;c__Bacteroidia;o__Bacteroidales;f__Rikenellaceae;g__Alistipes;s__Alistipes_obesi	k__Bacteria;p__Firmicutes;c__Clostridia;o__Clostridiales;f__Lachnospiraceae;g__;s__[Eubacterium]_rectale	k__Bacteria;p__Bacteroidetes;c__Bacteroidia;o__Bacteroidales;f__Bacteroidaceae;g__Bacteroides;s__Bacteroides_plebeius	k__Bacteria;p__Bacteroidetes;c__Bacteroidia;o__Bacteroidales;f__Bacteroidaceae;g__Bacteroides;s__Bacteroides_fragilis	k__Bacteria;p__Proteobacteria;c__Betaproteobacteria;o__Burkholderiales;f__Sutterellaceae;g__Sutterella;s__Sutterella_wadsworthensis	k__Bacteria;p__Bacteroidetes;c__Bacteroidia;o__Bacteroidales;f__Porphyromonadaceae;g__Barnesiella;s__Barnesiella_intestinihominis	k__Bacteria;p__Bacteroidetes;c__Bacteroidia;o__Bacteroidales;f__Odoribacteraceae;g__Odoribacter;s__Odoribacter_splanchnicus	k__Bacteria;p__Bacteroidetes;c__Bacteroidia;o__Bacteroidales;f__Bacteroidaceae;g__Bacteroides;s__Bacteroides_salyersiae	k__Bacteria;p__Firmicutes;c__Clostridia;o__Clostridiales;f__Ruminococcaceae;g__Ruminiclostridium;s__[Eubacterium]_siraeum	k__Bacteria;p__Proteobacteria;c__Betaproteobacteria;o__Burkholderiales;f__Sutterellaceae;g__Parasutterella;s__Parasutterella_excrementihominis	k__Bacteria;p__Actinobacteria;c__Actinobacteria;o__Bifidobacteriales;f__Bifidobacteriaceae;g__Bifidobacterium;s__Bifidobacterium_adolescentis	k__Bacteria;p__Firmicutes;c__Clostridia;o__Clostridiales;f__Oscillospiraceae;g__Oscillibacter;s__Oscillibacter_sp._KLE_1745	k__Bacteria;p__Bacteroidetes;c__Bacteroidia;o__Bacteroidales;f__Bacteroidaceae;g__Bacteroides;s__Bacteroides_coprophilus	k__Bacteria;p__Firmicutes;c__Clostridia;o__Clostridiales;f__Lachnospiraceae;g__Roseburia;s__Roseburia_intestinalis	k__Bacteria;p__Firmicutes;c__Clostridia;o__Clostridiales;f__Lachnospiraceae;g__Roseburia;s__Roseburia_hominis	k__Bacteria;p__Bacteroidetes;c__Bacteroidia;o__Bacteroidales;f__Porphyromonadaceae;g__Parabacteroides;s__Parabacteroides_johnsonii	k__Bacteria;p__Actinobacteria;c__Actinobacteria;o__Bifidobacteriales;f__Bifidobacteriaceae;g__Bifidobacterium;s__Bifidobacterium_longum	k__Bacteria;p__Firmicutes;c__Clostridia;o__Clostridiales;f__;g__Flavonifractor;s__Flavonifractor_plautii	k__Bacteria;p__Firmicutes;c__Clostridia;o__Clostridiales;f__Clostridiaceae;g__Clostridium;s__Clostridium_phoceensis	k__Bacteria;p__Verrucomicrobia;c__Verrucomicrobiae;o__Verrucomicrobiales;f__Akkermansiaceae;g__Akkermansia;s__Akkermansia_muciniphila	k__Bacteria;p__Bacteroidetes;c__Bacteroidia;o__Bacteroidales;f__Prevotellaceae;g__Paraprevotella;s__Paraprevotella_xylaniphila	k__Bacteria;p__Firmicutes;c__Clostridia;o__Clostridiales;f__Ruminococcaceae;g__Ruminococcus;s__Ruminococcus_callidus	k__Bacteria;p__Bacteroidetes;c__Bacteroidia;o__Bacteroidales;f__Rikenellaceae;g__Alistipes;s__Alistipes_senegalensis	k__Bacteria;p__Firmicutes;c__Clostridia;o__Clostridiales;f__Lachnospiraceae;g__Blautia;s__Blautia_sp._KLE_1732	k__Bacteria;p__Bacteroidetes;c__Bacteroidia;o__Bacteroidales;f__Bacteroidaceae;g__Bacteroides;s__Bacteroides_oleiciplenus	k__Bacteria;p__Firmicutes;c__Clostridia;o__Clostridiales;f__Ruminococcaceae;g__Ruminococcus;s__Ruminococcus_bicirculans	k__Bacteria;p__Bacteroidetes;c__Bacteroidia;o__Bacteroidales;f__Bacteroidaceae;g__Bacteroides;s__Bacteroides_fluxus	k__Bacteria;p__Bacteroidetes;c__Bacteroidia;o__Bacteroidales;f__Prevotellaceae;g__Prevotella;s__Prevotella_stercorea	k__Bacteria;p__Firmicutes;c__Clostridia;o__Clostridiales;f__Lachnospiraceae;g__Dorea;s__Dorea_longicatena	k__Bacteria;p__Firmicutes;c__Clostridia;o__Clostridiales;f__Eubacteriaceae;g__Eubacterium;s__[Eubacterium]_eligens	k__Bacteria;p__Firmicutes;c__Clostridia;o__Clostridiales;f__Ruminococcaceae;g__;s__Ruminococcaceae_bacterium_D16	k__Bacteria;p__Firmicutes;c__Clostridia;o__Clostridiales;f__Lachnospiraceae;g__Coprococcus;s__Coprococcus_comes	k__Bacteria;p__Proteobacteria;c__Gammaproteobacteria;o__Enterobacterales;f__Enterobacteriaceae;g__Escherichia;s__Escherichia_coli	k__Bacteria;p__Firmicutes;c__Clostridia;o__Clostridiales;f__Ruminococcaceae;g__Anaerotruncus;s__Anaerotruncus_colihominis	k__Bacteria;p__Firmicutes;c__Clostridia;o__Clostridiales;f__Lachnospiraceae;g__Blautia;s__Blautia_obeum	k__Bacteria;p__Bacteroidetes;c__Bacteroidia;o__Bacteroidales;f__Odoribacteraceae;g__Odoribacter;s__Odoribacter_laneus	k__Bacteria;p__Firmicutes;c__Clostridia;o__Clostridiales;f__Ruminococcaceae;g__Ruminiclostridium;s__[Clostridium]_leptum	k__Bacteria;p__Bacteroidetes;c__Bacteroidia;o__Bacteroidales;f__Porphyromonadaceae;g__Parabacteroides;s__Parabacteroides_goldsteinii	k__Bacteria;p__Firmicutes;c__Clostridia;o__Clostridiales;f__Lachnospiraceae;g__Anaerostipes;s__Anaerostipes_hadrus	k__Bacteria;p__Firmicutes;c__Clostridia;o__Clostridiales;f__Ruminococcaceae;g__Ruminococcus;s__Ruminococcus_lactaris	k__Bacteria;p__Firmicutes;c__Clostridia;o__Clostridiales;f__Clostridiaceae;g__Clostridium;s__Clostridium_sp._L2-50	k__Bacteria;p__Firmicutes;c__Clostridia;o__Clostridiales;f__Clostridiaceae;g__Clostridium;s__Clostridium_sp._M62/1	k__Bacteria;p__Firmicutes;c__Clostridia;o__Clostridiales;f__;g__Intestinimonas;s__Intestinimonas_butyriciproducens	k__Bacteria;p__Actinobacteria;c__Actinobacteria;o__Bifidobacteriales;f__Bifidobacteriaceae;g__Bifidobacterium;s__Bifidobacterium_bifidum	k__Bacteria;p__Firmicutes;c__Negativicutes;o__Veillonellales;f__Veillonellaceae;g__Dialister;s__Dialister_invisus	k__Bacteria;p__Bacteroidetes;c__Bacteroidia;o__Bacteroidales;f__Bacteroidaceae;g__Bacteroides;s__Bacteroides_salanitronis
k__Bacteria;p__Bacteroidetes;c__Bacteroidia;o__Bacteroidales;f__Bacteroidaceae;g__Bacteroides;s__Bacteroides_vulgatus	1.0	-0.0265361520947	-0.0176692026152	0.0063672835938	0.0494621867306	-0.0528323717956	0.0418894366576	0.0128549313401	0.0127517772031	-0.100238365048	0.00974868742013	-0.0495301433873	0.0175759427568	-0.0101682393181	-0.0101583301228	-0.102667207289	0.0176450789898	-0.0157698344861	-0.00945257044909	0.0274000601324	-0.00371461728047	0.000875226516554	-0.0153536185223	-0.0440170012742	0.00178964716653	0.00386137868641	0.0561275745716	0.0150396754063	-0.0702002570902	0.0178490968138	0.0330492751461	-0.045511465924	0.00573306336838	0.00324476315324	-6.54560792659e-07	-0.0425105508904	-0.0444894455952	-0.0318425725588	-0.000661142333261	0.0671386499925	-0.0414287433376	0.0217927275008	0.0300979006916	-0.00880702061259	-0.0136237576268	0.0298237623726	0.00248470044997	-0.0347196628554	-0.0165053509563	0.0983894168428	-0.0593133550234	0.038343367323	-0.012617463617	-0.0333906167578	0.0635108935764	0.0418583367518	0.0142858679673	-0.0433438232153	0.0359825309233
k__Bacteria;p__Bacteroidetes;c__Bacteroidia;o__Bacteroidales;f__Bacteroidaceae;g__Bacteroides;s__Bacteroides_uniformis	-0.0265361520947	1.0	-0.0308312315511	-0.100721904118	-0.0524386135521	-0.00476090431063	-0.0987509667812	-0.00856935755425	0.0203536932187	0.0178767956547	0.0228431896662	0.0218337305011	0.00957038706614	-0.074934145333	-0.0602636526713	0.0335032468831	0.00703427881639	-0.0461674041433	-0.0355906550996	-0.0239041162414	0.0234517055275	-0.00570057043081	0.0255638511931	-0.022304971249	0.00586581991208	-0.00876462184967	-0.0167919904113	-0.0489757144413	-0.0386806606389	0.0320643546302	0.00260947241915	-0.0428536334521	0.0352586981513	0.0238052688574	-0.000398960269614	0.0186165581997	-0.00288674772661	-0.0193185903309	-0.0219362073083	-0.0369603713308	-0.0231356515201	0.0285051148105	0.0182535315431	-0.0472286866861	0.0195371760421	-0.0337711882607	0.0103377637381	-0.0330355771355	-0.00167995072287	0.0123009086843	-0.0723589162404	0.00501424509387	0.0427387455924	0.00857586233956	-0.0289663967539	-0.00915799721549	0.0122463888994	-0.00353572036466	-0.0642258357505
k__Bacteria;p__Bacteroidetes;c__Bacteroidia;o__Bacteroidales;f__Rikenellaceae;g__Alistipes;s__Alistipes_putredinis	-0.0176692026152	-0.0308312315511	1.0	-0.0338557547503	-0.0511187963535	-0.0182036383346	-0.00944730295419	0.00678503824656	0.0159219674588	-0.0592273355913	-0.0320418382926	0.0387288846763	-0.110181559344	-0.0316378464521	-0.0412194675012	0.00769095286468	-0.0378669898646	-0.0482311732093	0.0170507678424	0.0140024125596	-0.0619429687164	-0.0636838573252	0.00397397406313	-0.00384751643269	-0.00782731053366	-0.00300201460258	-0.0102146604277	-0.00386128017265	-0.0495475370513	-0.0212364638003	0.0412743256033	-0.0027056825348	-0.0130495023165	0.0257873351475	-0.0117608260635	-0.00981720458235	0.00255981766797	-0.0106807291596	0.0620774994039	0.0251362771587	0.0456231615891	0.0142371874505	-0.0135157699366	-0.062169149542	-0.0282749898503	0.0265687641722	0.00950719077344	-0.0304400903833	0.00771420765681	-0.0453175809126	0.0171245173137	0.0218572914079	-0.0265371016835	-0.00325945324716	0.0246516894377	0.00533493909661	-0.0226806120141	0.0235068229359	-0.0697310579618
k__Bacteria;p__Bacteroidetes;c__Bacteroidia;o__Bacteroidales;f__Prevotellaceae;g__Prevotella;s__Prevotella_copri	0.0063672835938	-0.100721904118	-0.0338557547503	1.0	-0.0705021675039	0.0239801940556	0.00436152799823	0.0318092376602	-0.0966506935092	0.0496035829898	0.00553023098109	-0.0369951206801	0.0476033358924	-0.0430986083261	0.0081355046852	0.0624963685138	0.0556467530474	-0.0116215748784	0.0517566743936	0.0418624085551	0.00550977756685	-0.0247080005551	0.0146312873823	-0.0293122892214	-0.0410328845129	-0.0148317363463	0.025449191996	0.0226023498553	-0.00733596955059	0.0269523810851	0.0127634313302	-0.0136404228164	0.0606442454153	-0.0180442023099	-0.0108843451896	-0.0427823927152	-0.00409783757899	-0.075787065206	0.00463935823548	0.0225259034872	-0.0459184944848	-0.0132588203667	0.00424101599889	-0.00373213896429	-0.034848414259	-0.0437185893731	-0.0127197414854	-0.0115181033955	0.0993167549984	-0.0231246882863	0.00707910226202	-0.0383175790036	-0.0152409302074	-0.0241339914089	3.400439211e-05	0.0370638787014	0.00779958891972	0.0507406630726	0.0642465522195
k__Bacteria;p__Bacteroidetes;c__Bacteroidia;o__Bacteroidales;f__Bacteroidaceae;g__Bacteroides;s__Bacteroides_stercoris	0.0494621867306	-0.0524386135521	-0.0511187963535	-0.0705021675039	1.0	0.0165624248666	-0.0594475862581	0.0101219003175	0.0532399914316	0.026558896948	0.0362988108771	-0.104648395055	0.0139631526686	-0.0274743423151	-0.0152641966788	0.00457640731881	0.024568029222	-0.0236653002558	0.0667541997475	-0.0382753294355	-0.0229075617556	-0.0612444597328	0.0326595621801	-0.0680713640136	-0.0573506706003	-0.0446373814598	-0.00475298778075	-0.0543525865331	0.0454081434757	-0.00106809378616	-0.0303710697245	0.0311192030981	0.000431538189537	0.030229063006	-0.0762550689727	-0.0205741552144	-0.0530943852895	0.0193809957374	-0.03373994227	-0.0421928689641	-0.0983098426344	0.00159337928317	-0.0605035336558	0.0227495122508	-0.0480574062322	-0.0149647198593	-0.00300849211316	-0.0304579865155	-0.00893183815995	-0.0227775637351	0.0599527664077	-0.0431437180213	-0.0613827346338	0.0636868891239	0.063825379928	-0.103594127866	0.0501667221775	0.0346828072435	-0.0287322173319
k__Bacteria;p__Bacteroidetes;c__Bacteroidia;o__Bacteroidales;f__Bacteroidaceae;g__Bacteroides;s__Bacteroides_ovatus	-0.0528323717956	-0.00476090431063	-0.0182036383346	0.0239801940556	0.0165624248666	1.0	-0.0350353068623	0.00798187692788	-0.00480366941823	0.00233845309374	-0.034161770456	0.0221188023992	-0.0024757778824	-0.0219095726256	0.0232891869065	0.0197291254958	-0.0531624446037	0.00852126391936	-0.0293530443801	0.0168008602104	-0.0176721100634	-0.0246079959302	0.0431909925475	-0.00758954394459	-0.0125731960692	0.022262899697	-0.0257558662055	-0.00394398071585	-0.0501731976648	0.00456958252267	0.0380579734829	0.00861971743366	-0.041230429873	0.00163503350273	-0.0906071641018	0.000602010724372	0.0261604690079	-0.0274896342029	-0.0678072199884	0.00875977441192	0.0213753510983	-0.0300188777881	-0.00301663636078	-0.049316909406	-0.0161946057479	-0.0512806191593	-0.029320426379	-0.0681056216206	-0.0680122139393	0.0360473776226	-0.0833177899163	-0.0357081199317	0.0101584391598	0.015318354359	0.00316925048566	-0.0490198724206	0.0252004519031	0.0576178086713	-0.0634782253505
k__Bacteria;p__Bacteroidetes;c__Bacteroidia;o__Bacteroidales;f__Rikenellaceae;g__Alistipes;s__Alistipes_shahii	0.0418894366576	-0.0987509667812	-0.00944730295419	0.00436152799823	-0.0594475862581	-0.0350353068623	1.0	-0.00969352095726	-0.0180395169751	0.0279768505467	-0.0260114212835	-0.00385291776134	-0.00417750125802	-0.0111366245891	0.00403521810794	0.0529151191634	0.0907236751169	0.00963591432889	0.00847761836082	-0.026028838861	-0.00722655539303	0.0372942826618	-0.070415100352	-0.0676132349668	-0.0024433174219	-0.0647738221624	0.0185772723034	0.03415234436	0.0217718018336	-0.0505515447652	-0.0908242468013	0.0250402132561	-0.00822863683776	0.0177250144012	0.0155015009894	-0.0509933046493	-0.0332179909967	0.00803155306574	-0.0619960258691	-0.000965458276838	0.0341414502809	0.0110702864999	-0.0361067467896	-0.0390620249521	0.0295566514655	-0.0140772801878	-0.0380424520449	-0.0233742864318	0.0419171494538	-0.032921902629	-0.0242048500877	-0.0116089627376	0.0222127402753	-0.0474798245927	0.0896814336376	-0.098090343994	-0.0459904512236	0.0354923473881	-0.00692940371592
k__Bacteria;p__Firmicutes;c__Clostridia;o__Clostridiales;f__Ruminococcaceae;g__Faecalibacterium;s__Faecalibacterium_prausnitzii	0.0128549313401	-0.00856935755425	0.00678503824656	0.0318092376602	0.0101219003175	0.00798187692788	-0.00969352095726	1.0	-0.0530341256434	-0.0451859021252	0.00632549850981	0.0054421537013	-0.0295287669445	0.0371944840098	-0.0190332636383	-0.0174691625596	-0.0691918074417	0.06456918391	-0.0278920145237	-0.0460131589835	0.0126476306672	-0.0192910810587	-0.0271797500129	-0.00191560810706	-0.0172904544318	-0.037006860979	-0.0193497383645	0.00987025570804	-0.048735537043	-0.0103396208875	0.0274591374249	-0.0637808109543	-0.0420771919386	-0.0270878990522	-0.0372805293812	0.0410120357094	0.0610407737978	-0.0176210948346	-0.0371095935791	0.0226035197195	-0.0056995958008	-0.0534180756254	-0.105135826827	-0.0114300425402	0.0449995662976	0.0182247147121	0.0231855277653	-0.0136351475065	-0.00758642132835	0.0583676918983	-0.00275628469028	-0.00603898375563	-0.0725676922155	-0.070744542833	-0.0452315401752	-0.0129871321685	-0.0453895787023	-0.00944510309214	-0.0348646535983
k__Bacteria;p__Bacteroidetes;c__Bacteroidia;o__Bacteroidales;f__Rikenellaceae;g__Alistipes;s__Alistipes_finegoldii	0.0127517772031	0.0203536932187	0.0159219674588	-0.0966506935092	0.0532399914316	-0.00480366941823	-0.0180395169751	-0.0530341256434	1.0	0.0445528672777	-0.0506081052646	0.0587427270489	0.0368032859675	-0.0198538111658	-0.042600836637	-0.0234417221372	-0.0242207845268	-0.00997246989132	-0.0570511130205	0.00706245456792	-0.00445856330746	0.0279495293909	-0.0174177645308	-0.0143450863811	0.047491899286	-0.0246013300379	0.0118185788444	-0.0341838003723	-0.00358186685127	-0.050008761134	-0.0620252213388	0.00378566109717	-0.0316044120453	-0.0477501739793	-0.0485974982661	-0.00731165182237	-0.0862753848201	-0.0604887176318	0.00502073835743	-0.0243416029164	-0.0333262797325	-0.00221231482934	0.0648386591265	-0.00912818071658	-0.00275887394133	0.0117982704368	-0.0738392877423	-0.0149943279355	0.0265018185161	-0.00402841608872	0.0576956269766	0.0426517568418	-0.00977666836394	0.030219978298	0.0260308737252	0.00604220569035	0.0325082288044	-0.0090138083648	0.0317784767916
k__Bacteria;p__Bacteroidetes;c__Bacteroidia;o__Bacteroidales;f__Porphyromonadaceae;g__Parabacteroides;s__Parabacteroides_distasonis	-0.100238365048	0.0178767956547	-0.0592273355913	0.0496035829898	0.026558896948	0.00233845309374	0.0279768505467	-0.0451859021252	0.0445528672777	1.0	-0.0279238889974	-0.0182504514466	0.0588334092404	-0.0577880368165	-0.0798398992373	-0.0474686106456	0.0752532058843	-0.00462220857808	0.00776872756213	-0.0419557458067	0.0428163554073	0.067044935067	-0.0251611698461	0.0316937380763	0.00290960257652	0.0301804259877	-0.0751520261912	0.0436624425459	0.0165501426628	-0.0139303910908	0.00860110560716	0.0291637078192	0.0534507779524	-0.053229240623	-0.000119672547107	0.0321293363754	0.0362708638788	-0.0587258392643	-0.0120211563599	0.0432051775544	-0.0077692239349	0.0270112532331	-0.027707164173	0.0757370406065	-0.00341335669728	-0.0883990772925	0.021866436192	-0.0635077071587	-0.05152580469	0.001584279465	-0.0495031150183	-0.110437547949	-0.00751173094381	0.00726078805925	0.047941422913	-0.0367681467123	0.0336801430506	-0.0822378397732	0.0389407698678
k__Bacteria;p__Bacteroidetes;c__Bacteroidia;o__Bacteroidales;f__Bacteroidaceae;g__Bacteroides;s__Bacteroides_thetaiotaomicron	0.00974868742013	0.0228431896662	-0.0320418382926	0.00553023098109	0.0362988108771	-0.034161770456	-0.0260114212835	0.00632549850981	-0.0506081052646	-0.0279238889974	1.0	0.0205822913598	-0.0727043540989	0.0196348451379	-0.0185512202081	-0.0447158441005	-0.0362690813796	0.00996831021491	-0.05470852246	0.00617673256638	-0.00132505425275	-0.0412753763929	-0.0471029173228	-0.106841663409	-0.0302272350387	-0.00872676242691	0.00712178728216	0.0476074554634	0.0331441673946	-0.031458310726	0.0182216288328	0.0165810099821	-0.026767671156	-0.0358368293726	-0.0247742257375	-0.0282401326111	-0.0631054264083	-0.0802789956148	0.0181825170548	-0.0667321345103	0.0203137761802	0.0280721525339	-0.0515389032071	-0.0308962361293	-0.0579960396486	0.0498332579584	-0.0163194977953	0.0388849482362	0.0309130125992	0.0140819509072	0.0246604528036	-0.0106132308213	0.0639380899421	0.0049051494659	-0.00198250209873	0.0305989583306	-0.0113533982544	0.0471743614127	0.0655094130349
k__Bacteria;p__Bacteroidetes;c__Bacteroidia;o__Bacteroidales;f__Bacteroidaceae;g__Bacteroides;s__Bacteroides_coprocola	-0.0495301433873	0.0218337305011	0.0387288846763	-0.0369951206801	-0.104648395055	0.0221188023992	-0.00385291776134	0.0054421537013	0.0587427270489	-0.0182504514466	0.0205822913598	1.0	0.0677162289585	-0.0264430366964	-0.0492892557315	-0.0414287031704	-0.00441072080095	-0.0862374035198	-0.0119661977194	-0.0108667956129	0.0088929757522	-0.0113666654718	-0.040456448854	0.00662710885381	0.0240933402522	-0.0547012480223	0.00110648955569	-0.0235605581493	-0.0178082240648	0.0508334247633	-0.00902212793774	0.00273443290338	-0.0265771211697	0.0153419416129	-0.01865521731	-0.0540504252411	0.0386032133393	0.0736407725484	-0.00989378163732	0.00959964576185	0.0457833338517	-0.0621183392863	-0.0231024252075	-0.059241681214	0.0632202974902	0.033963175774	-0.0688551981467	0.0352586597711	-0.044661100239	-0.0250850797912	-0.0321420395876	-0.0590545613471	-0.117361110641	-0.0311770274107	0.0029794471695	0.035633962411	-0.0329825286482	-0.0321015294789	-0.035203195405
k__Bacteria;p__Bacteroidetes;c__Bacteroidia;o__Bacteroidales;f__Bacteroidaceae;g__Bacteroides;s__Bacteroides_cellulosilyticus	0.0175759427568	0.00957038706614	-0.110181559344	0.0476033358924	0.0139631526686	-0.0024757778824	-0.00417750125802	-0.0295287669445	0.0368032859675	0.0588334092404	-0.0727043540989	0.0677162289585	1.0	-0.0802212332315	-0.110012278925	0.0161605883134	0.0591499770416	-0.029738034893	0.0220761908845	-0.0149024726836	-0.03783638849	-0.100760713467	-0.0328135138127	-0.0190009983687	0.0142897493821	-0.00536755434749	-0.010836471205	0.00913451282813	0.0417315852687	-0.0182416398082	0.0278843839503	0.00749446227571	0.00801529776707	0.0437975144713	0.0176010862683	0.0204497743998	-0.00398855996551	-0.00800818925472	-0.0396317582138	0.0170966977116	0.0718722217436	-0.052353736769	-0.024871701685	-0.026272495323	0.0770630237871	-0.0307055705572	0.0368559198157	-0.00610044519633	-0.0125142184512	-0.00768866173049	-0.0273965788944	0.00241412364766	-0.134715143773	-0.040392172115	-0.087486393125	-0.0496975612344	0.0497625583337	-0.0125704750009	-0.04798185089
k__Bacteria;p__Bacteroidetes;c__Bacteroidia;o__Bacteroidales;f__Rikenellaceae;g__Alistipes;s__Alistipes_obesi	-0.0101682393181	-0.074934145333	-0.0316378464521	-0.0430986083261	-0.0274743423151	-0.0219095726256	-0.0111366245891	0.0371944840098	-0.0198538111658	-0.0577880368165	0.0196348451379	-0.0264430366964	-0.0802212332315	1.0	-0.00839974465743	0.0708480242345	-0.0627455357949	-0.0410995106746	-0.0438583073556	-0.0120623809896	0.0908630976168	-0.0709272102973	-0.00804251524739	0.0577580536533	-0.0141192455079	-0.00205696328677	0.0385546484499	-0.072009614654	-0.0509409082621	0.0136617585453	0.00796909691449	-0.0216582058674	-0.0454790393117	-0.0316329351993	-0.0750593067057	-0.000824060818956	0.00434959941435	0.0238857776568	0.0704837472843	-0.0425034401154	-0.0101482951506	-0.0568683007438	-0.0209303386736	0.00309584039942	-0.00148279686506	-0.0147792951246	-0.0681087113312	0.000645662265669	-0.0687277319967	0.00128101389058	0.014997395829	-0.029216593854	0.0090074249938	0.0159744052546	-0.0164495741021	-0.0279024615372	0.0789884420293	0.0667027488606	0.0364744487069
k__Bacteria;p__Firmicutes;c__Clostridia;o__Clostridiales;f__Lachnospiraceae;g__;s__[Eubacterium]_rectale	-0.0101583301228	-0.0602636526713	-0.0412194675012	0.0081355046852	-0.0152641966788	0.0232891869065	0.00403521810794	-0.0190332636383	-0.042600836637	-0.0798398992373	-0.0185512202081	-0.0492892557315	-0.110012278925	-0.00839974465743	1.0	0.0198175652675	0.0757300210687	-0.0786141337963	0.00440847096253	-0.035998991142	-0.0205860343926	-0.0171026398229	0.018722531304	-0.0125036133934	-0.0308093475971	-0.0339744350502	-0.0784161732703	0.012407411852	-0.0670221553927	-0.0412615172815	0.00320293945718	0.0111623880804	0.00303060278262	-0.00630202735826	-0.0133630700485	-0.0132167410379	0.0415288756622	-0.0614674493597	0.000280788384285	-0.0048874620958	-0.0113276952857	-0.114142257341	0.0188691442005	-0.0409201978756	-0.0179092937876	0.0383085498019	0.0286512770123	-0.0472519835093	0.0690580396519	0.0452216330546	0.00946847496564	-0.0264440566642	-1.14106451352e-05	-0.00959833757386	0.0647973920566	-0.0883685565606	0.0108399820839	-0.0127998955873	0.00104612091195
k__Bacteria;p__Bacteroidetes;c__Bacteroidia;o__Bacteroidales;f__Bacteroidaceae;g__Bacteroides;s__Bacteroides_plebeius	-0.102667207289	0.0335032468831	0.00769095286468	0.0624963685138	0.00457640731881	0.0197291254958	0.0529151191634	-0.0174691625596	-0.0234417221372	-0.0474686106456	-0.0447158441005	-0.0414287031704	0.0161605883134	0.0708480242345	0.0198175652675	1.0	-0.0467295019197	0.0293738004603	0.039729426432	0.010381904948	0.0549291236127	-0.0414196991823	0.00817001276153	0.00693955409033	-0.00405459332278	0.0485526457122	0.0908442611305	0.0115878860628	0.0364820204034	-0.0188693080183	-0.0252761361154	-0.0296165116248	-0.0391341373316	-0.0424853826808	0.00848973344282	0.0451612801013	-0.0185668627497	-0.0621549450938	0.00207181298606	-0.117692282031	-0.0433406707573	-0.0668126886165	-0.0219016615429	-0.05548619523	-0.0772825044743	0.0361984672793	-0.0200693095864	-0.00350539528125	-0.039405921652	0.043788979481	0.0401506331467	0.0386979930749	0.058231841061	-0.0785908095341	-0.0745606501158	-0.069322045823	-0.0414799878055	-0.0134182807849	-0.0790619444441
k__Bacteria;p__Bacteroidetes;c__Bacteroidia;o__Bacteroidales;f__Bacteroidaceae;g__Bacteroides;s__Bacteroides_fragilis	0.0176450789898	0.00703427881639	-0.0378669898646	0.0556467530474	0.024568029222	-0.0531624446037	0.0907236751169	-0.0691918074417	-0.0242207845268	0.0752532058843	-0.0362690813796	-0.00441072080095	0.0591499770416	-0.0627455357949	0.0757300210687	-0.0467295019197	1.0	-0.0379818543978	-0.0168137234674	-0.0165702998312	-0.0369881564572	0.0548910836024	0.0152577226751	-0.0728531480355	0.0391248132842	0.0744649444405	0.059626424344	0.0277652590037	0.0593099719411	-0.0143260549176	-0.0482846901105	0.00363193535341	0.0232627992781	-0.002114056937	-0.0497160949523	-0.00793244254145	-0.0321844423523	-0.0362433409249	-0.0775048150629	-0.0495528555023	-0.0440758939545	0.0408627872891	-0.0390308045184	-0.00548353256583	0.0191389612739	0.0126173681193	-0.129786171311	0.0687437903347	-0.020999080606	-0.00374875914326	-0.0118024273612	-0.0551822962959	0.0340890400553	-0.0436875334985	0.0333456132907	0.0263019561442	0.00742468356613	0.0400486820326	0.000896723153367
k__Bacteria;p__Proteobacteria;c__Betaproteobacteria;o__Burkholderiales;f__Sutterellaceae;g__Sutterella;s__Sutterella_wadsworthensis	-0.0157698344861	-0.0461674041433	-0.0482311732093	-0.0116215748784	-0.0236653002558	0.00852126391936	0.00963591432889	0.06456918391	-0.00997246989132	-0.00462220857808	0.00996831021491	-0.0862374035198	-0.029738034893	-0.0410995106746	-0.0786141337963	0.0293738004603	-0.0379818543978	1.0	-0.014379883215	-0.0205531475404	-0.0321375741622	-0.0806503987754	-0.00790620442702	0.0760059644872	-0.0249964128659	-0.0667042271797	0.022144218511	0.0100327659227	-0.0566550529035	0.0336495782761	0.0686275400752	-0.0450984011419	0.0633688142933	-0.0321492503561	-0.0113554557606	-0.0585171727665	-0.00566785153245	-0.0363259907723	-0.0473301814676	0.00145810741809	0.0305019892966	0.0260392024855	-0.0159161872192	-0.00568580717341	-0.0144806690493	-0.0248820099282	0.0501464055911	0.0391523095213	-0.0644254691994	0.0109530432293	-0.0749378474543	0.00616943062224	-0.0512512129421	-0.0284208896003	-0.0657746162012	-0.0382046863428	0.0147508759711	0.0681473824557	0.0172299749882
k__Bacteria;p__Bacteroidetes;c__Bacteroidia;o__Bacteroidales;f__Porphyromonadaceae;g__Barnesiella;s__Barnesiella_intestinihominis	-0.00945257044909	-0.0355906550996	0.0170507678424	0.0517566743936	0.0667541997475	-0.0293530443801	0.00847761836082	-0.0278920145237	-0.0570511130205	0.00776872756213	-0.05470852246	-0.0119661977194	0.0220761908845	-0.0438583073556	0.00440847096253	0.039729426432	-0.0168137234674	-0.014379883215	1.0	-0.0332190553489	-0.0272346065766	0.0256474434877	0.0214457168338	-0.0534488005973	-0.0658900167344	-0.0351081485216	0.086923886741	-0.0222973883435	-0.0240857836648	-0.0484837409962	0.0034739281599	0.00438289973211	0.00641331739367	-0.0290136058905	-0.0735186429202	0.0214098583243	0.0234988101785	0.0110639131568	-0.0594339170698	-0.0320217879952	-0.0457193273368	-0.0298557925387	0.0206872211141	0.0311385705906	-0.0286464502952	0.0559546651131	-0.00832277996509	0.00974868614769	-0.0903819557203	-0.0107310683627	-0.00357649256857	0.00582088675605	-0.0503112021659	-0.026226261052	-0.0493298220036	-0.0632188026503	-0.0265881163449	0.0696509659305	0.0141710262717
k__Bacteria;p__Bacteroidetes;c__Bacteroidia;o__Bacteroidales;f__Odoribacteraceae;g__Odoribacter;s__Odoribacter_splanchnicus	0.0274000601324	-0.0239041162414	0.0140024125596	0.0418624085551	-0.0382753294355	0.0168008602104	-0.026028838861	-0.0460131589835	0.00706245456792	-0.0419557458067	0.00617673256638	-0.0108667956129	-0.0149024726836	-0.0120623809896	-0.035998991142	0.010381904948	-0.0165702998312	-0.0205531475404	-0.0332190553489	1.0	-0.0540815426655	0.0113363342471	-0.0402141724288	-0.00651375203242	0.00173527041177	0.00115263824785	-0.0860258069776	-0.00557340525443	0.0469576948405	-0.00588548063747	-0.00229605650732	0.0149688896675	-0.0113960661332	-0.0202315709583	-0.00604491944365	0.0216552402316	0.0279067548436	-0.0878089706274	0.0119287674988	-0.0160631772745	0.010523711316	0.0188576897179	0.0451409509482	0.0210782932301	-0.0708207131556	-0.00815294654889	-0.0307882112069	0.0401582679242	-0.0440187106182	-0.0977642601856	-0.0905007359928	-0.0201806584577	0.00524915145054	0.00833404637373	-0.0480770624371	0.00384815734178	-0.0463146843585	-0.0682758459875	-0.00819884052746
k__Bacteria;p__Bacteroidetes;c__Bacteroidia;o__Bacteroidales;f__Bacteroidaceae;g__Bacteroides;s__Bacteroides_salyersiae	-0.00371461728047	0.0234517055275	-0.0619429687164	0.00550977756685	-0.0229075617556	-0.0176721100634	-0.00722655539303	0.0126476306672	-0.00445856330746	0.0428163554073	-0.00132505425275	0.0088929757522	-0.03783638849	0.0908630976168	-0.0205860343926	0.0549291236127	-0.0369881564572	-0.0321375741622	-0.0272346065766	-0.0540815426655	1.0	-0.0253707363956	-0.0184606189212	-0.0258370993674	-0.0521917490884	-0.0532339955347	0.0857132162999	-0.00692130798824	0.0264843564447	-0.010296378163	-0.0374374414194	-0.035942683773	0.0436305260846	0.0135470150837	0.00904687703528	-0.00779357216099	0.0117868417033	-0.00689749822295	-0.00550065918734	-0.0107803493132	-0.0334079735285	-0.0352406195263	0.00312413415952	-0.0477481088331	-0.0447057008456	-0.0644736760246	-0.0333076215369	-0.0696027882597	-0.0150485793964	-0.0316459498407	0.0122130523784	-0.00338463862111	-0.0162963512428	-0.0155650906888	0.052150849926	-0.0506388051753	0.0632322978821	-0.0309549803873	0.0310084679134
k__Bacteria;p__Firmicutes;c__Clostridia;o__Clostridiales;f__Ruminococcaceae;g__Ruminiclostridium;s__[Eubacterium]_siraeum	0.000875226516554	-0.00570057043081	-0.0636838573252	-0.0247080005551	-0.0612444597328	-0.0246079959302	0.0372942826618	-0.0192910810587	0.0279495293909	0.067044935067	-0.0412753763929	-0.0113666654718	-0.100760713467	-0.0709272102973	-0.0171026398229	-0.0414196991823	0.0548910836024	-0.0806503987754	0.0256474434877	0.0113363342471	-0.0253707363956	1.0	-0.00623239851048	-0.0119042399398	0.0299869181439	0.062100289633	0.04997357033	-0.0151127588814	-0.0197788231655	0.0310359941373	-0.0808427613897	-0.00729023692156	-0.013089404231	0.0232047598437	-0.0652588866134	0.00592918745954	-0.0222160339315	-0.0510645267828	-0.00505198944452	-0.00284987309518	0.0227210583004	-0.0234016308798	-0.0197044242466	0.0652997312916	-0.0125572147229	0.0026169359856	0.0140555030798	0.0161399641368	0.0251205158569	-0.0115657484495	0.00233308494317	-0.0170568332819	0.0299011253724	0.00942813256353	0.0361956588649	-0.0126843600338	0.057985430953	-0.0589963232399	0.0192514681279
k__Bacteria;p__Proteobacteria;c__Betaproteobacteria;o__Burkholderiales;f__Sutterellaceae;g__Parasutterella;s__Parasutterella_excrementihominis	-0.0153536185223	0.0255638511931	0.00397397406313	0.0146312873823	0.0326595621801	0.0431909925475	-0.070415100352	-0.0271797500129	-0.0174177645308	-0.0251611698461	-0.0471029173228	-0.040456448854	-0.0328135138127	-0.00804251524739	0.018722531304	0.00817001276153	0.0152577226751	-0.00790620442702	0.0214457168338	-0.0402141724288	-0.0184606189212	-0.00623239851048	1.0	0.000910658582165	-0.0411653110453	-0.0714241964659	0.0339092376036	-0.0465103196522	-0.0388664223048	-0.0631051254811	-0.0328838249409	0.0371611264214	0.00444558869298	-0.0137219510508	0.0819379949665	-0.00732158152261	0.0183102155052	0.0435220390975	0.00971466885394	-0.0269165477495	-0.0237856643872	-0.0191039157651	0.0474538099422	-0.0622082365069	0.0937005119727	0.0425259407605	0.0109888657401	-0.0310915245822	-0.000291013768726	-0.0702585452474	-5.42806695465e-06	-0.0138523898179	0.0300752123389	0.00787071124207	-0.000235371311249	0.01479489444	-0.0643517951206	0.0214827163336	-0.0731824778469
k__Bacteria;p__Actinobacteria;c__Actinobacteria;o__Bifidobacteriales;f__Bifidobacteriaceae;g__Bifidobacterium;s__Bifidobacterium_adolescentis	-0.0440170012742	-0.022304971249	-0.00384751643269	-0.0293122892214	-0.0680713640136	-0.00758954394459	-0.0676132349668	-0.00191560810706	-0.0143450863811	0.0316937380763	-0.106841663409	0.00662710885381	-0.0190009983687	0.0577580536533	-0.0125036133934	0.00693955409033	-0.0728531480355	0.0760059644872	-0.0534488005973	-0.00651375203242	-0.0258370993674	-0.0119042399398	0.000910658582165	1.0	-0.0150984028784	-0.0143641128995	-0.0346498376124	-0.0217963774756	-0.0334455477987	-0.0514676333485	0.00226854620439	-0.0395348014628	-0.0418376172816	0.0670045234097	-0.0159299319517	0.0891455036896	-0.0400512630926	0.0312089004994	-0.0252058294054	-0.0298287621951	0.0450276583518	-0.044803901881	-0.00994470297146	-0.0190932974229	0.0130497137283	-0.0250543082443	-0.0256772285255	0.00760000565348	-0.0684401918314	-0.0467212069784	0.0316816534182	0.00426078563436	0.013292701925	0.0127733050786	0.00624160065549	-0.0152470983981	-0.0144394384371	0.00419957956841	-0.0621419549531
k__Bacteria;p__Firmicutes;c__Clostridia;o__Clostridiales;f__Oscillospiraceae;g__Oscillibacter;s__Oscillibacter_sp._KLE_1745	0.00178964716653	0.00586581991208	-0.00782731053366	-0.0410328845129	-0.0573506706003	-0.0125731960692	-0.0024433174219	-0.0172904544318	0.047491899286	0.00290960257652	-0.0302272350387	0.0240933402522	0.0142897493821	-0.0141192455079	-0.0308093475971	-0.00405459332278	0.0391248132842	-0.0249964128659	-0.0658900167344	0.00173527041177	-0.0521917490884	0.0299869181439	-0.0411653110453	-0.0150984028784	1.0	0.0377151473354	0.0237124774452	0.00235160686834	-0.0313886739684	-0.0559067586187	0.0313256224133	-0.0246888816767	0.0123595863172	-0.0215405410123	-0.0111322942468	0.0228784416505	-0.0737639950395	-0.106197632084	-0.0481752547934	0.0693843200552	-0.001351325641	0.0116022853823	-0.0222944107845	-0.0986337019284	0.0624600060101	-0.0262806861732	-0.0909371570643	-0.0266388901125	-0.0350926043863	0.0814470177686	-0.0563817196314	0.0484080372189	-0.0583186157254	-0.0176820855833	-0.0531463384929	0.0504036442854	-0.0437222228278	-0.0983184119714	-0.064674027389
k__Bacteria;p__Bacteroidetes;c__Bacteroidia;o__Bacteroidales;f__Bacteroidaceae;g__Bacteroides;s__Bacteroides_coprophilus	0.00386137868641	-0.00876462184967	-0.00300201460258	-0.0148317363463	-0.0446373814598	0.022262899697	-0.0647738221624	-0.037006860979	-0.0246013300379	0.0301804259877	-0.00872676242691	-0.0547012480223	-0.00536755434749	-0.00205696328677	-0.0339744350502	0.0485526457122	0.0744649444405	-0.0667042271797	-0.0351081485216	0.00115263824785	-0.0532339955347	0.062100289633	-0.0714241964659	-0.0143641128995	0.0377151473354	1.0	0.0429309284636	-0.041718013026	-0.0659704198869	0.0184018863887	-0.0513830833195	-0.0164868306138	-0.0578402285225	-0.00865246044137	-0.0230955486222	-0.0337673150529	0.0166403274524	-0.0213385415711	-0.0359047085502	-0.00664567241454	0.00489852073923	-0.00645761411118	0.0238204919337	-0.0295809937277	-0.0192120068828	-0.016235615809	0.0270345001159	0.0574828849213	0.0735342446911	0.000511653153757	-0.0634419562993	0.0417567976621	-0.0490225520496	-0.0229596101064	0.0304595729385	-0.0427594877802	-0.0405792172574	-0.0186448412884	-0.0291857399887
k__Bacteria;p__Firmicutes;c__Clostridia;o__Clostridiales;f__Lachnospiraceae;g__Roseburia;s__Roseburia_intestinalis	0.0561275745716	-0.0167919904113	-0.0102146604277	0.025449191996	-0.00475298778075	-0.0257558662055	0.0185772723034	-0.0193497383645	0.0118185788444	-0.0751520261912	0.00712178728216	0.00110648955569	-0.010836471205	0.0385546484499	-0.0784161732703	0.0908442611305	0.059626424344	0.022144218511	0.086923886741	-0.0860258069776	0.0857132162999	0.04997357033	0.0339092376036	-0.0346498376124	0.0237124774452	0.0429309284636	1.0	-0.0686502483915	-0.00849644704746	0.00437571338223	0.0202078930183	-0.0169525756929	-0.0344705418549	0.0218509567375	-0.0163386809849	-0.016656402778	0.0215704071354	-0.0235264003736	0.0209127737408	0.0394366690012	-0.0359629414936	0.0581391242011	0.0228827965128	-0.0115747086227	-0.017653821348	0.0281103841547	-0.0554267016787	0.0431555946882	-0.0651126583789	-0.0330162457736	-0.09922218811	0.0423433704467	-0.0136296599564	0.0727657429297	-0.0024660483076	-0.0531838325052	-0.0147619682586	-0.0699003460764	0.0362875332775
k__Bacteria;p__Firmicutes;c__Clostridia;o__Clostridiales;f__Lachnospiraceae;g__Roseburia;s__Roseburia_hominis	0.0150396754063	-0.0489757144413	-0.00386128017265	0.0226023498553	-0.0543525865331	-0.00394398071585	0.03415234436	0.00987025570804	-0.0341838003723	0.0436624425459	0.0476074554634	-0.0235605581493	0.00913451282813	-0.072009614654	0.012407411852	0.0115878860628	0.0277652590037	0.0100327659227	-0.0222973883435	-0.00557340525443	-0.00692130798824	-0.0151127588814	-0.0465103196522	-0.0217963774756	0.00235160686834	-0.041718013026	-0.0686502483915	1.0	-0.0379221435635	-0.0437508459744	-0.0518811488958	-0.00605627386509	-0.0853926003191	-0.0619341482559	0.0225497707582	-0.00622957094202	-0.0279095327531	-0.00307926221816	0.0355113253591	0.0402351949411	0.037123262215	-0.00300786458068	-0.00679534253376	-0.0011665520324	-0.0440286118671	-0.0334878619109	-0.0112912251506	-0.0114893165692	0.0240417694464	-0.00911843244612	0.026421061499	0.0364288101593	-0.0418354987995	0.0147564260442	-0.0328283343806	0.0284745425225	0.0436362375876	0.0213952890824	0.0255076961326
k__Bacteria;p__Bacteroidetes;c__Bacteroidia;o__Bacteroidales;f__Porphyromonadaceae;g__Parabacteroides;s__Parabacteroides_johnsonii	-0.0702002570902	-0.0386806606389	-0.0495475370513	-0.00733596955059	0.0454081434757	-0.0501731976648	0.0217718018336	-0.048735537043	-0.00358186685127	0.0165501426628	0.0331441673946	-0.0178082240648	0.0417315852687	-0.0509409082621	-0.0670221553927	0.0364820204034	0.0593099719411	-0.0566550529035	-0.0240857836648	0.0469576948405	0.0264843564447	-0.0197788231655	-0.0388664223048	-0.0334455477987	-0.0313886739684	-0.0659704198869	-0.00849644704746	-0.0379221435635	1.0	-0.0457908542994	0.05314378469	-0.0208312661407	-0.00939112427749	0.071780002542	0.0331595329276	0.00702141495133	0.0486656234686	-0.0614889592601	-0.00739717778465	-0.00389626909048	0.0033600021884	-0.0261660705552	-0.0407726529029	0.00447348191224	-0.0170471542678	-0.0212421171244	-0.00857285479943	0.0187693136876	0.00595741158303	-0.0126709031297	0.03275695707	0.0555909779288	0.00223361556333	0.00152104712985	-0.0099885139448	0.0351734002245	-0.0518700752448	-0.00583709984143	-0.0372028181393
k__Bacteria;p__Actinobacteria;c__Actinobacteria;o__Bifidobacteriales;f__Bifidobacteriaceae;g__Bifidobacterium;s__Bifidobacterium_longum	0.0178490968138	0.0320643546302	-0.0212364638003	0.0269523810851	-0.00106809378616	0.00456958252267	-0.0505515447652	-0.0103396208875	-0.050008761134	-0.0139303910908	-0.031458310726	0.0508334247633	-0.0182416398082	0.0136617585453	-0.0412615172815	-0.0188693080183	-0.0143260549176	0.0336495782761	-0.0484837409962	-0.00588548063747	-0.010296378163	0.0310359941373	-0.0631051254811	-0.0514676333485	-0.0559067586187	0.0184018863887	0.00437571338223	-0.0437508459744	-0.0457908542994	1.0	0.0119627244719	0.017176662076	-0.0457072501057	-0.0825969149084	-0.0335745752234	0.090438771679	-0.000890179480543	0.0312612308365	-0.0792956311677	0.0717560802313	-0.0346683092964	0.0300981879061	-0.00276775432673	-0.0115938718476	-0.03230838014	0.014848515482	0.0217517767862	0.038595667401	0.00036211529691	0.0398074168976	-0.0357708070916	-0.0338884423211	-0.0116122228165	0.00657259538833	-0.0280329007633	-0.0342002194997	-0.0282905482499	0.0996996516441	-0.0157551717271
