#taxonomy	k__Bacteria;p__Bacteroidetes;c__Bacteroidia;o__Bacteroidales;f__Bacteroidaceae;g__Bacteroides;s__Bacteroides_vulgatus	k__Bacteria;p__Bacteroidetes;c__Bacteroidia;o__Bacteroidales;f__Bacteroidaceae;g__Bacteroides;s__Bacteroides_uniformis	k__Bacteria;p__Bacteroidetes;c__Bacteroidia;o__Bacteroidales;f__Rikenellaceae;g__Alistipes;s__Alistipes_putredinis	k__Bacteria;p__Bacteroidetes;c__Bacteroidia;o__Bacteroidales;f__Prevotellaceae;g__Prevotella;s__Prevotella_copri	k__Bacteria;p__Bacteroidetes;c__Bacteroidia;o__Bacteroidales;f__Bacteroidaceae;g__Bacteroides;s__Bacteroides_stercoris	k__Bacteria;p__Bacteroidetes;c__Bacteroidia;o__Bacteroidales;f__Bacteroidaceae;g__Bacteroides;s__Bacteroides_ovatus	k__Bacteria;p__Bacteroidetes;c__Bacteroidia;o__Bacteroidales;f__Rikenellaceae;g__Alistipes;s__Alistipes_shahii	k__Bacteria;p__Firmicutes;c__Clostridia;o__Clostridiales;f__Ruminococcaceae;g__Faecalibacterium;s__Faecalibacterium_prausnitzii	k__Bacteria;p__Bacteroidetes;c__Bacteroidia;o__Bacteroidales;f__Rikenellaceae;g__Alistipes;s__Alistipes_finegoldii	k__Bacteria;p__Bacteroidetes;c__Bacteroidia;o__Bacteroidales;f__Porphyromonadaceae;g__Parabacteroides;s__Parabacteroides_distasonis	k__Bacteria;p__Bacteroidetes;c__Bacteroidia;o__Bacteroidales;f__Bacteroidaceae;g__Bacteroides;s__Bacteroides_thetaiotaomicron	k__Bacteria;p__Bacteroidetes;c__Bacteroidia;o__Bacteroidales;f__Bacteroidaceae;g__Bacteroides;s__Bacteroides_coprocola	k__Bacteria;p__Bacteroidetes;c__Bacteroidia;o__Bacteroidales;f__Bacteroidaceae;g__Bacteroides;s__Bacteroides_cellulosilyticus	k__Bacteria;p__Bacteroidetes;c__Bacteroidia;o__Bacteroidales;f__Rikenellaceae;g__Alistipes;s__Alistipes_obesi	k__Bacteria;p__Firmicutes;c__Clostridia;o__Clostridiales;f__Lachnospiraceae;g__;s__[Eubacterium]_rectale	k__Bacteria;p__Bacteroidetes;c__Bacteroidia;o__Bacteroidales;f__Bacteroidaceae;g__Bacteroides;s__Bacteroides_plebeius	k__Bacteria;p__Bacteroidetes;c__Bacteroidia;o__Bacteroidales;f__Bacteroidaceae;g__Bacteroides;s__Bacteroides_fragilis	k__Bacteria;p__Proteobacteria;c__Betaproteobacteria;o__Burkholderiales;f__Sutterellaceae;g__Sutterella;s__Sutterella_wadsworthensis	k__Bacteria;p__Bacteroidetes;c__Bacteroidia;o__Bacteroidales;f__Porphyromonadaceae;g__Barnesiella;s__Barnesiella_intestinihominis	k__Bacteria;p__Bacteroidetes;c__Bacteroidia;o__Bacteroidales;f__Odoribacteraceae;g__Odoribacter;s__Odoribacter_splanchnicus	k__Bacteria;p__Bacteroidetes;c__Bacteroidia;o__Bacteroidales;f__Bacteroidaceae;g__Bacteroides;s__Bacteroides_salyersiae	k__Bacteria;p__Firmicutes;c__Clostridia;o__Clostridiales;f__Ruminococcaceae;g__Ruminiclostridium;s__[Eubacterium]_siraeum	k__Bacteria;p__Proteobacteria;c__Betaproteobacteria;o__Burkholderiales;f__Sutterellaceae;g__Parasutterella;s__Parasutterella_excrementihominis	k__Bacteria;p__Actinobacteria;c__Actinobacteria;o__Bifidobacteriales;f__Bifidobacteriaceae;g__Bifidobacterium;s__Bifidobacterium_adolescentis	k__Bacteria;p__Firmicutes;c__Clostridia;o__Clostridiales;f__Oscillospiraceae;g__Oscillibacter;s__Oscillibacter_sp._KLE_1745	k__Bacteria;p__Bacteroidetes;c__Bacteroidia;o__Bacteroidales;f__Bacteroidaceae;g__Bacteroides;s__Bacteroides_coprophilus	k__Bacteria;p__Firmicutes;c__Clostridia;o__Clostridiales;f__Lachnospiraceae;g__Roseburia;s__Roseburia_intestinalis	k__Bacteria;p__Firmicutes;c__Clostridia;o__Clostridiales;f__Lachnospiraceae;g__Roseburia;s__Roseburia_hominis	k__Bacteria;p__Bacteroidetes;c__Bacteroidia;o__Bacteroidales;f__Porphyromonadaceae;g__Parabacteroides;s__Parabacteroides_johnsonii	k__Bacteria;p__Actinobacteria;c__Actinobacteria;o__Bifidobacteriales;f__Bifidobacteriaceae;g__Bifidobacterium;s__Bifidobacterium_longum	k__Bacteria;p__Firmicutes;c__Clostridia;o__Clostridiales;f__;g__Flavonifractor;s__Flavonifractor_plautii	k__Bacteria;p__Firmicutes;c__Clostridia;o__Clostridiales;f__Clostridiaceae;g__Clostridium;s__Clostridium_phoceensis	k__Bacteria;p__Verrucomicrobia;c__Verrucomicrobiae;o__Verrucomicrobiales;f__Akkermansiaceae;g__Akkermansia;s__Akkermansia_muciniphila	k__Bacteria;p__Bacteroidetes;c__Bacteroidia;o__Bacteroidales;f__Prevotellaceae;g__Paraprevotella;s__Paraprevotella_xylaniphila	k__Bacteria;p__Firmicutes;c__Clostridia;o__Clostridiales;f__Ruminococcaceae;g__Ruminococcus;s__Ruminococcus_callidus	k__Bacteria;p__Bacteroidetes;c__Bacteroidia;o__Bacteroidales;f__Rikenellaceae;g__Alistipes;s__Alistipes_senegalensis	k__Bacteria;p__Firmicutes;c__Clostridia;o__Clostridiales;f__Lachnospiraceae;g__Blautia;s__Blautia_sp._KLE_1732	k__Bacteria;p__Bacteroidetes;c__Bacteroidia;o__Bacteroidales;f__Bacteroidaceae;g__Bacteroides;s__Bacteroides_oleiciplenus	k__Bacteria;p__Firmicutes;c__Clostridia;o__Clostridiales;f__Ruminococcaceae;g__Ruminococcus;s__Ruminococcus_bicirculans	k__Bacteria;p__Bacteroidetes;c__Bacteroidia;o__Bacteroidales;f__Bacteroidaceae;g__Bacteroides;s__Bacteroides_fluxus	k__Bacteria;p__Bacteroidetes;c__Bacteroidia;o__Bacteroidales;f__Prevotellaceae;g__Prevotella;s__Prevotella_stercorea	k__Bacteria;p__Firmicutes;c__Clostridia;o__Clostridiales;f__Lachnospiraceae;g__Dorea;s__Dorea_longicatena	k__Bacteria;p__Firmicutes;c__Clostridia;o__Clostridiales;f__Eubacteriaceae;g__Eubacterium;s__[Eubacterium]_eligens	k__Bacteria;p__Firmicutes;c__Clostridia;o__Clostridiales;f__Ruminococcaceae;g__;s__Ruminococcaceae_bacterium_D16	k__Bacteria;p__Firmicutes;c__Clostridia;o__Clostridiales;f__Lachnospiraceae;g__Coprococcus;s__Coprococcus_comes	k__Bacteria;p__Proteobacteria;c__Gammaproteobacteria;o__Enterobacterales;f__Enterobacteriaceae;g__Escherichia;s__Escherichia_coli	k__Bacteria;p__Firmicutes;c__Clostridia;o__Clostridiales;f__Ruminococcaceae;g__Anaerotruncus;s__Anaerotruncus_colihominis	k__Bacteria;p__Firmicutes;c__Clostridia;o__Clostridiales;f__Lachnospiraceae;g__Blautia;s__Blautia_obeum	k__Bacteria;p__Bacteroidetes;c__Bacteroidia;o__Bacteroidales;f__Odoribacteraceae;g__Odoribacter;s__Odoribacter_laneus	k__Bacteria;p__Firmicutes;c__Clostridia;o__Clostridiales;f__Ruminococcaceae;g__Ruminiclostridium;s__[Clostridium]_leptum	k__Bacteria;p__Bacteroidetes;c__Bacteroidia;o__Bacteroidales;f__Porphyromonadaceae;g__Parabacteroides;s__Parabacteroides_goldsteinii	k__Bacteria;p__Firmicutes;c__Clostridia;o__Clostridiales;f__Lachnospiraceae;g__Anaerostipes;s__Anaerostipes_hadrus	k__Bacteria;p__Firmicutes;c__Clostridia;o__Clostridiales;f__Ruminococcaceae;g__Ruminococcus;s__Ruminococcus_lactaris	k__Bacteria;p__Firmicutes;c__Clostridia;o__Clostridiales;f__Clostridiaceae;g__Clostridium;s__Clostridium_sp._L2-50	k__Bacteria;p__Firmicutes;c__Clostridia;o__Clostridiales;f__Clostridiaceae;g__Clostridium;s__Clostridium_sp._M62/1	k__Bacteria;p__Firmicutes;c__Clostridia;o__Clostridiales;f__;g__Intestinimonas;s__Intestinimonas_butyriciproducens	k__Bacteria;p__Actinobacteria;c__Actinobacteria;o__Bifidobacteriales;f__Bifidobacteriaceae;g__Bifidobacterium;s__Bifidobacterium_bifidum	k__Bacteria;p__Firmicutes;c__Negativicutes;o__Veillonellales;f__Veillonellaceae;g__Dialister;s__Dialister_invisus	k__Bacteria;p__Bacteroidetes;c__Bacteroidia;o__Bacteroidales;f__Bacteroidaceae;g__Bacteroides;s__Bacteroides_salanitronis
k__Bacteria;p__Bacteroidetes;c__Bacteroidia;o__Bacteroidales;f__Bacteroidaceae;g__Bacteroides;s__Bacteroides_vulgatus	1.0	0.0266765508043	-0.027022453065	0.0113649978204	0.00926757510891	0.0380301000556	-0.00986133360178	-0.0327442896157	0.0117145164676	-0.00497371296273	-0.00943845056426	0.0180802962862	-0.0556944139195	0.0179985665584	-0.0405313155136	0.0316724493951	0.017753010206	-0.0148829616295	-0.00120854669128	-0.0317154686748	0.00718206765268	0.0179965144047	0.0390053305907	-0.0505876158086	-0.0319212422901	-0.0208877359321	0.0183265773257	0.0225097251335	-0.0255665645123	0.00165210340035	-0.0265799086284	0.011261331618	0.0440319645257	-0.0070392057334	-0.0296661052823	-0.0245675504662	-0.00331265270956	-0.0525850321404	0.03233629514	-0.0531178673508	-0.0356205975486	-0.0364992427508	-0.0179813384393	0.0282292595424	-0.0254984296805	0.0660204962984	-0.00259151313164	-0.00774462742375	-0.0296275464006	-0.0328106998764	-0.0107355534309	-0.00875453760128	0.0531519250889	-0.0276019178493	-0.00745367167967	-0.00819280379829	-0.0359794120588	-0.0670212104551	-0.010650006802
k__Bacteria;p__Bacteroidetes;c__Bacteroidia;o__Bacteroidales;f__Bacteroidaceae;g__Bacteroides;s__Bacteroides_uniformis	0.0266765508043	1.0	-0.0325300785269	-0.0470475692675	-0.0152065256885	-0.0573002376267	-0.00386455725438	0.0339158007519	-0.00356800375924	-0.0400162752095	-0.0109959336289	0.0304165257838	0.0428301815431	0.0166968901056	-0.0510591431939	0.0209377832511	-0.0114798570891	-0.0230594558862	-0.00316721448898	0.0687919997184	-0.0305166874799	-0.0271568941813	0.0019439861313	0.0107946633194	-0.0236609786751	-0.0286278267356	0.00645581783917	0.0593813338869	-0.097168701928	0.00594739825331	-0.0268429839518	0.0982618514758	-0.00898131331191	-0.0239068754773	-0.0529935428517	-0.00235998525318	0.00397120082182	0.0746952998861	0.00759059546826	0.0206687113499	-0.0755836019393	0.0109497991854	0.00443427187824	-0.0283657182269	-0.0145266999561	0.00698642865227	-0.0431292117982	-0.0239003129665	-0.0427322164179	-0.0139302263676	-0.0370550879288	0.0374826586666	-0.0357670154279	-0.0887550644534	-0.0429115205602	0.0799310602843	-0.0302721091829	-0.0456885103959	-0.0107045144749
k__Bacteria;p__Bacteroidetes;c__Bacteroidia;o__Bacteroidales;f__Rikenellaceae;g__Alistipes;s__Alistipes_putredinis	-0.027022453065	-0.0325300785269	1.0	-0.0920935326809	-0.066724349579	0.0481216098097	-0.0871539631154	0.0240666764966	0.000557495050683	0.0337131469236	0.038378527296	0.00576350597887	0.0391572000077	0.0412828672184	-0.061282111645	0.0119375734005	0.00540639824517	-0.102256423222	-0.000713297006542	-0.0051806389151	-0.00623664441631	0.00524373305388	-0.00854436545795	0.0220536376635	-0.0121792091212	-0.0374613321418	0.0401585338782	0.00492646362688	0.138614173957	-0.0518984895847	0.0260650148103	-0.0184692787246	0.0108857344166	-0.00807014757783	-0.0203626501484	0.0235687693246	-0.0128364481635	0.032061119284	0.0455525177872	-0.018955825372	-0.0349601724068	-0.00305961854707	0.00997941490248	-0.0732846530235	-0.0527446844713	-0.0580800394009	0.0149912649963	-0.0113459310137	0.0120818618313	-0.0539065214607	0.0276291999866	0.0137546174529	-0.0423308257628	-0.031302310567	-0.0202246101457	0.0155702644887	-0.068104479773	-0.0181261422487	-0.0732552036237
k__Bacteria;p__Bacteroidetes;c__Bacteroidia;o__Bacteroidales;f__Prevotellaceae;g__Prevotella;s__Prevotella_copri	0.0113649978204	-0.0470475692675	-0.0920935326809	1.0	0.0129425637839	-0.00789300149838	0.00738765783397	0.065180570685	0.00270506358017	-0.014098758219	0.025149358465	-0.0733951734416	0.0164572258626	-0.0375497478534	0.0764352937639	-0.00802844566075	-0.0478571183898	0.026805289098	-0.0612421133948	-0.0373283016753	-0.0621321593866	-0.0491589154043	0.001465722307	0.000760650453213	0.0437994172508	-0.0384109816463	0.010666444005	-0.0151540353709	-0.0111998224652	-0.041772965801	-0.00609428709787	-0.0375765665921	-0.05145105858	-0.0209045325918	-0.0142883545905	0.0453458983026	-0.00316751117983	-0.0631626091562	-0.0127279540862	-0.0302087328606	-0.0179470695158	0.0927084105485	-0.0176137474882	0.000948057848864	0.0307112981493	0.0522052057118	-0.00568992128123	-0.0222224020553	-0.0174848117791	0.0245268527024	-0.0446391381412	-0.00122935854719	0.0209661465173	0.0295325070634	-0.00872502050055	-0.0245051589966	0.0369078196485	0.0198739712025	-0.0525481993378
k__Bacteria;p__Bacteroidetes;c__Bacteroidia;o__Bacteroidales;f__Bacteroidaceae;g__Bacteroides;s__Bacteroides_stercoris	0.00926757510891	-0.0152065256885	-0.066724349579	0.0129425637839	1.0	0.0263826181974	-0.0114180361632	-0.00733031820877	-0.0113054641581	0.00540789369514	-0.0348070625942	0.0492991883368	0.00693924377326	0.0296206461556	0.0291978987584	-0.0546651519057	-0.0424744791875	-0.0777687182678	-0.0431776113059	0.0330344507051	-0.00199526369522	-0.0708921360972	0.0153060197451	-0.0151922949857	0.000309325437225	0.0110496845889	-0.0778307519677	-0.0200506635079	-0.0249118078612	-0.0139511823067	-0.0707678103274	-0.0312965065742	-0.0203823281851	0.0370677432211	-0.00300954348184	-0.037845235822	0.0799477186458	-0.0423515816744	-0.0375018077412	0.00333235114338	0.0760183722359	-0.0354389151557	-0.0424742895348	0.0154224867827	0.0487941452886	0.0176101865559	0.0151712367118	0.0148941841996	-0.053742075268	0.0237503054594	0.0255085331657	-0.0328965019738	-0.0112719613379	0.0121556071336	0.0356275405284	-0.0373570881398	0.0697431475725	0.000604159755576	-0.0445339444761
k__Bacteria;p__Bacteroidetes;c__Bacteroidia;o__Bacteroidales;f__Bacteroidaceae;g__Bacteroides;s__Bacteroides_ovatus	0.0380301000556	-0.0573002376267	0.0481216098097	-0.00789300149838	0.0263826181974	1.0	-0.0815882799698	-0.0111954696477	-0.0765674411458	-0.0371322997489	-0.0416449868494	-0.019038185374	-0.0979366173205	0.0688306583719	-0.0121394842138	-0.0189523024844	0.0196908824951	-0.0640528616186	-0.00140079245009	-0.0585225678592	-0.0120738474334	0.00944076207816	-0.0340658121117	0.0690575979576	-0.017505287946	-0.0291606039298	-0.0117412689154	-0.0996494770497	-0.0154275399298	-0.0374716893421	0.0652130998848	-0.00942834218039	-0.0530876580656	-0.0355935674744	-0.0475448356908	0.0037533961192	-0.0618531272086	-0.0276843686432	-0.0398830605021	0.0147074530978	0.00790607258291	0.0237852685207	-0.00908881882553	0.0260885206951	0.0683090024903	-0.016236984596	-0.0354110865705	-0.00191673089377	0.0261675667739	0.00054019799717	-0.0458269586283	-0.000988669635189	-0.0257331384073	0.0212820005759	-0.0172514069187	0.0120169711072	-0.0416933237359	-0.0180670546452	-0.0209994714989
k__Bacteria;p__Bacteroidetes;c__Bacteroidia;o__Bacteroidales;f__Rikenellaceae;g__Alistipes;s__Alistipes_shahii	-0.00986133360178	-0.00386455725438	-0.0871539631154	0.00738765783397	-0.0114180361632	-0.0815882799698	1.0	-0.0106239276676	-0.00738904306739	-0.0893118555753	0.00397139963768	-0.0911301123996	0.0327578685889	-0.0727460687804	0.0156879179031	-0.0624271556374	-0.03396669157	0.0311447503447	0.0115094909262	0.0390255141889	-0.0246741802119	-0.0580849980592	-0.0216674891991	-0.0271548723411	-0.0152153739809	0.00489240321302	0.11379201808	0.00414077338096	0.0252778157212	-0.0377269022154	-0.0449033258571	-0.0649526498914	0.0376999066232	-0.0302544220811	0.038932391261	0.00973531882985	-0.0175842130825	-0.00720334761395	-0.0743899678157	0.0082740469572	0.00209290253678	-0.104372909931	0.049631272043	0.0644204941317	-0.00604439988269	0.0550830032153	0.0399962724185	-0.00141545557023	-0.0119467348146	-0.00822618269607	-0.0272644864643	-0.00497411468213	0.00611690782293	0.00199794630928	-0.0778140799508	-0.0284029672232	0.000764855133811	-0.00177681424893	0.0320845872268
k__Bacteria;p__Firmicutes;c__Clostridia;o__Clostridiales;f__Ruminococcaceae;g__Faecalibacterium;s__Faecalibacterium_prausnitzii	-0.0327442896157	0.0339158007519	0.0240666764966	0.065180570685	-0.00733031820877	-0.0111954696477	-0.0106239276676	1.0	0.0239553885197	0.019933651734	-0.0277159175784	-0.0754319525398	-0.0403741460947	-0.018620776843	0.0584687559697	0.00142238242001	-0.0584540749276	0.084131353771	-0.0351317965731	-0.0354907718627	-0.0298837041001	-0.019562613558	-0.00913888819914	-0.00706530009528	0.00842901145252	0.0242204226377	-0.0677480878002	0.0534842582227	-0.015421792166	-0.0341125386396	-0.018057484602	-0.0296753682019	0.00330103021693	-0.0237921579604	0.0889366919525	-0.103751167833	0.00432663278552	0.0468941458978	-0.0189032701773	-0.0110145079277	-0.109430646296	-0.0113697670396	-0.0635014950364	0.0353427333914	-0.0348411537257	-0.0262077915509	-0.00742500553298	-0.0141768519917	0.0337255195599	-0.0195035572479	0.00041782128226	-0.0808753771451	0.0303152953736	-3.63240311408e-05	-0.0107074428497	0.0228479431067	-0.0405086405466	0.0355885788235	-0.0325908886584
k__Bacteria;p__Bacteroidetes;c__Bacteroidia;o__Bacteroidales;f__Rikenellaceae;g__Alistipes;s__Alistipes_finegoldii	0.0117145164676	-0.00356800375924	0.000557495050683	0.00270506358017	-0.0113054641581	-0.0765674411458	-0.00738904306739	0.0239553885197	1.0	-0.0213568394985	0.0344606168078	-0.000781961407521	-0.000929690573912	0.0167811361463	-0.00542210185288	0.00596690411291	-0.0506664832001	0.0281368890722	0.0623043620702	-0.0129421642855	-0.106287486833	0.0516864085895	-0.0439605355653	0.0240735143081	-0.0263277474663	0.00022546615486	-0.0318564446856	0.0305132852395	0.0450790485912	0.0436787257102	-0.0366907852803	0.0571138020213	-0.111291421843	0.00272480532404	-0.0827375216648	-0.0249169463998	-0.0597285730019	0.045391727025	-0.0965954746578	-0.00613760967599	0.0142574604987	-0.0701884592858	0.0447861065452	-0.00119905462142	-0.130721962414	-0.0630559703922	0.0520603791702	0.0375259071756	-0.0477575139331	-0.0488137804688	-0.0589968447061	0.0457035222245	-0.0351609040955	-5.23344439603e-05	0.00508049246904	-0.0576000506254	0.0276456361816	-0.0593424254917	0.0355451812359
k__Bacteria;p__Bacteroidetes;c__Bacteroidia;o__Bacteroidales;f__Porphyromonadaceae;g__Parabacteroides;s__Parabacteroides_distasonis	-0.00497371296273	-0.0400162752095	0.0337131469236	-0.014098758219	0.00540789369514	-0.0371322997489	-0.0893118555753	0.019933651734	-0.0213568394985	1.0	0.0466133241612	0.00237855334125	-0.023816193234	0.0143744880228	-0.0487669450126	0.0534319950983	0.0123118768559	-0.0650076920401	-0.00159316987115	-0.0221257608868	0.00741877391773	0.020309979939	0.00168394045874	-0.00686512103874	0.0252420663002	-0.0294611643224	-0.0128977524567	-0.00393116981446	-0.0404605822387	-0.0750591868745	-0.0537612668227	-0.0598759136012	0.00737107836145	0.0434411460007	-0.00884358087446	-0.0222485710175	0.0067359982376	-0.010009472347	0.0438052575104	0.0470841847315	-0.00701501457922	-0.0558623333906	0.0448290391029	0.04169449258	-0.0311741455771	0.0109734299525	0.0153845176882	-0.0418478770303	-0.0214634115163	0.0256216255294	0.00158400296565	-0.0865939166408	-0.0349104857319	-0.0746186022371	0.0342300954211	0.030588029421	-0.0464636425174	0.0205551445745	0.0192119022735
k__Bacteria;p__Bacteroidetes;c__Bacteroidia;o__Bacteroidales;f__Bacteroidaceae;g__Bacteroides;s__Bacteroides_thetaiotaomicron	-0.00943845056426	-0.0109959336289	0.038378527296	0.025149358465	-0.0348070625942	-0.0416449868494	0.00397139963768	-0.0277159175784	0.0344606168078	0.0466133241612	1.0	0.0437949438601	-0.0367038924221	-0.0589032411732	-0.000373167348988	-0.000406583435438	-0.0182315395694	0.0421933131555	-0.0207391131387	0.0158146650924	-0.0789200828163	-0.0330992476126	-0.0407066768756	-0.0164966628983	0.0118956936056	-0.039466344337	-0.00882654313352	-0.00627764471921	0.0109049320783	-0.0110003379024	-0.00981830249649	-0.00767110301828	-0.0225585133509	-0.0392885803255	0.0227304314082	-0.0369012914331	-0.0564938784701	-0.0439267571826	-0.0213411996524	-0.0175565058995	-0.0618568999714	-0.0289274643251	0.0636538801915	-0.0234161850253	0.0130849264929	-0.0537036199775	-0.0317576733694	-0.050323514752	-0.0629328302389	0.022224944669	0.00348339975445	-0.0180088952861	-0.0135882449686	0.00320308764281	-0.0347724961356	0.0325367601865	-0.0281893306163	0.0444057394602	-0.000665777245993
k__Bacteria;p__Bacteroidetes;c__Bacteroidia;o__Bacteroidales;f__Bacteroidaceae;g__Bacteroides;s__Bacteroides_coprocola	0.0180802962862	0.0304165257838	0.00576350597887	-0.0733951734416	0.0492991883368	-0.019038185374	-0.0911301123996	-0.0754319525398	-0.000781961407521	0.00237855334125	0.0437949438601	1.0	0.0227744042724	-0.0151442111875	-0.000858564769676	-0.00292162016593	-0.0644928918122	0.00845022605241	0.0133132413402	-0.00958901432218	-0.0443672717653	0.0204190987225	-0.00364800368338	-0.0184956170073	0.00764486851565	-0.0254108564747	0.0424017555436	-0.00659886336918	-0.0270016348133	-0.00996788301982	0.0392268576559	0.0232699111774	-0.0157995409172	-0.0524393298057	-0.0247845397143	-0.00540580918083	-0.0764455117417	-0.0118792472488	0.0644554699691	-0.0105617262106	0.0342086297886	-0.0383460818336	-0.00126917994598	-0.029715224523	-6.68046484854e-06	0.0104178174923	-0.0301199979795	-0.00611619324533	0.0192369314903	-0.0355143766786	-0.050298364109	-0.0256483771826	0.0359683579819	-0.108450915285	0.00856279574053	-0.00991465309725	0.0130629166682	0.0149042611515	-0.0113764541471
k__Bacteria;p__Bacteroidetes;c__Bacteroidia;o__Bacteroidales;f__Bacteroidaceae;g__Bacteroides;s__Bacteroides_cellulosilyticus	-0.0556944139195	0.0428301815431	0.0391572000077	0.0164572258626	0.00693924377326	-0.0979366173205	0.0327578685889	-0.0403741460947	-0.000929690573912	-0.023816193234	-0.0367038924221	0.0227744042724	1.0	-0.0322051183952	-0.0328889730233	-0.016852439453	-0.0142472272947	-0.0143337796207	-0.0596941832686	-0.00212360148084	0.0308908371513	-0.051691207982	-0.0666346951119	-0.0149111786113	0.0362644786235	0.00679262023296	-0.0109668336188	0.0090644927473	-0.0754688216096	0.0116633618582	0.0565903261323	-0.0187212786506	-0.0124819881839	-0.0106897975009	-0.00970539727242	0.010963553202	0.00163025994483	-0.0280694853293	0.0345722843457	0.016162589237	-0.00395442488547	-0.0330633417168	0.0408993575755	-0.0186119686428	-0.00673164568071	-0.0231211217842	0.0252259800427	0.0141692619622	-0.0228678827882	-0.0353680404243	-0.0155004589317	-0.0586483309963	0.00647468969041	-0.0509196396107	-0.0590174256753	0.0274369487769	-0.0346825489843	0.0351826542281	0.039748106218
k__Bacteria;p__Bacteroidetes;c__Bacteroidia;o__Bacteroidales;f__Rikenellaceae;g__Alistipes;s__Alistipes_obesi	0.0179985665584	0.0166968901056	0.0412828672184	-0.0375497478534	0.0296206461556	0.0688306583719	-0.0727460687804	-0.018620776843	0.0167811361463	0.0143744880228	-0.0589032411732	-0.0151442111875	-0.0322051183952	1.0	0.0100777059681	-0.000522122866616	0.0118206204741	0.0088687470272	-0.00892476516408	0.0228028603592	-0.030833197871	0.0496828070334	0.0011161776942	-0.0609765227802	-0.0296010370217	-0.0289469709	-0.0540775316794	-0.0253009840412	-0.000973710846659	-0.0190189586053	0.0097582292228	-0.0577048414366	0.0546509452589	-0.0478875793077	-0.0554147853123	-0.0165799174792	-0.010903299797	0.0671104795955	-0.0719181317903	0.0283113383018	0.0436910469874	-0.0264084917422	-0.034755043585	-0.0266863254076	0.0954035058471	-0.0696287542555	0.00761034630079	0.0124386099241	-0.0291970172569	-0.0677068420486	0.0108363957665	0.00707655611925	-0.0708161464421	0.0636944763657	-0.0182606021378	-0.00950069118796	0.00584724341717	0.0270140502267	0.00640048597873
k__Bacteria;p__Firmicutes;c__Clostridia;o__Clostridiales;f__Lachnospiraceae;g__;s__[Eubacterium]_rectale	-0.0405313155136	-0.0510591431939	-0.061282111645	0.0764352937639	0.0291978987584	-0.0121394842138	0.0156879179031	0.0584687559697	-0.00542210185288	-0.0487669450126	-0.000373167348988	-0.000858564769676	-0.0328889730233	0.0100777059681	1.0	0.00557762065898	-0.0319343240939	0.019870479894	-0.0205270870994	0.0276572946088	-0.000655719552838	-0.0635296506067	0.0481596017394	-0.0104068498552	0.00591772634554	-0.055695582384	-0.0103107593271	0.0170630480417	-0.0112703806976	0.000403176844212	-0.00134086129502	-0.0536115216866	-0.017210417713	-0.0738782401732	0.0619479813745	-0.041741843545	0.0215667242036	-0.0103219682748	-0.0183350239899	0.0018837822027	-0.0150547558092	0.0246507377202	-0.0188258500387	0.0108977980351	-0.0409732171525	-0.0452327631783	-0.00599994624218	-0.0390358841339	0.0287042680202	0.0145640826614	-0.0270998104327	-0.0316126313978	-0.0219934344925	0.0227425448291	0.0114145179838	-0.0433575038757	-0.0258755169682	-0.0353173197092	0.0489572719904
k__Bacteria;p__Bacteroidetes;c__Bacteroidia;o__Bacteroidales;f__Bacteroidaceae;g__Bacteroides;s__Bacteroides_plebeius	0.0316724493951	0.0209377832511	0.0119375734005	-0.00802844566075	-0.0546651519057	-0.0189523024844	-0.0624271556374	0.00142238242001	0.00596690411291	0.0534319950983	-0.000406583435438	-0.00292162016593	-0.016852439453	-0.000522122866616	0.00557762065898	1.0	0.00323029354844	0.0880341978044	-0.0225113623545	-0.000809175159788	-0.0066493449512	-0.0651319007026	-0.0409806370907	-0.0604182311328	-0.0510621291582	0.04112872793	-0.00663617865122	-0.0168954355114	0.00815331383903	0.0869801540668	0.0129906345319	0.0561272686457	-0.0399502602913	-0.0638360865383	-0.0184348546119	0.0132882788428	-0.0415830949326	-0.0353110887207	0.0379502020952	-0.0164097680702	-0.0228145078808	-0.00365298859862	-0.0275549043138	-0.00551835123126	-0.0626142143157	-0.0270803183865	-0.0287876458761	0.0057934215254	0.00788364242516	-0.0263223161074	-0.000904202329874	0.0261414102508	0.0472999166229	0.0469001703285	-0.0149097022006	-0.00642372222862	-0.0251859863427	0.00265810527176	-0.00176023384576
k__Bacteria;p__Bacteroidetes;c__Bacteroidia;o__Bacteroidales;f__Bacteroidaceae;g__Bacteroides;s__Bacteroides_fragilis	0.017753010206	-0.0114798570891	0.00540639824517	-0.0478571183898	-0.0424744791875	0.0196908824951	-0.03396669157	-0.0584540749276	-0.0506664832001	0.0123118768559	-0.0182315395694	-0.0644928918122	-0.0142472272947	0.0118206204741	-0.0319343240939	0.00323029354844	1.0	0.0147514526339	-0.0545750882245	-0.0419953678209	0.0387798271507	-0.0196737446321	-0.00625303929374	-0.0587303176543	0.0113089913115	-0.0506796201139	-0.00176597006317	-0.0172388419046	0.0161319425504	-0.0347593783168	-0.035995910594	-0.0269181175543	0.010606777786	-0.0352754552043	-0.0497699113475	0.0187840703762	-0.056129120194	0.0308138715772	0.0585626215129	0.0291041524584	0.0350072385044	-0.0351574460441	0.0105182417154	-0.0439849651961	-0.00404792025383	0.0511484971462	0.0240773805208	0.0188787638657	-0.0514717396911	-0.0174788047104	-0.0595863464819	0.0397157043093	0.0373426799591	-0.0381564429937	0.01173555286	-0.034307684007	-0.0139725667266	-0.00460068723033	-0.0167888695995
k__Bacteria;p__Proteobacteria;c__Betaproteobacteria;o__Burkholderiales;f__Sutterellaceae;g__Sutterella;s__Sutterella_wadsworthensis	-0.0148829616295	-0.0230594558862	-0.102256423222	0.026805289098	-0.0777687182678	-0.0640528616186	0.0311447503447	0.084131353771	0.0281368890722	-0.0650076920401	0.0421933131555	0.00845022605241	-0.0143337796207	0.0088687470272	0.019870479894	0.0880341978044	0.0147514526339	1.0	-0.0426904838802	-0.0208062264997	-0.050385327552	0.0343285250358	-0.013088851969	-0.108527730308	-0.0976360446895	-0.0276502311697	-0.0199890705487	0.0515404292868	0.0355711150086	0.00172541559171	-0.0300035152543	-0.0123033472687	-0.012269438881	0.0162929117854	0.078943599319	0.00613353473179	-0.0321582429921	-0.0131899001673	-0.069518789828	-0.10921503803	-0.0406237839307	0.00564486653528	-0.029368177975	0.0483121821392	0.00389753857785	-0.0270825964035	-0.0372626481716	-0.0733020930014	0.021695883824	-0.0309498037085	-0.0315242388137	0.0264247674824	-0.104347292041	0.018925932366	-0.0260430875833	-0.0349692278431	-0.00696526589166	-0.00526397826408	0.034136110932
k__Bacteria;p__Bacteroidetes;c__Bacteroidia;o__Bacteroidales;f__Porphyromonadaceae;g__Barnesiella;s__Barnesiella_intestinihominis	-0.00120854669128	-0.00316721448898	-0.000713297006542	-0.0612421133948	-0.0431776113059	-0.00140079245009	0.0115094909262	-0.0351317965731	0.0623043620702	-0.00159316987115	-0.0207391131387	0.0133132413402	-0.0596941832686	-0.00892476516408	-0.0205270870994	-0.0225113623545	-0.0545750882245	-0.0426904838802	1.0	0.0116287727793	-0.00864981934886	-0.0358179961969	-0.056588204189	0.0719302207731	0.0329869993906	0.000362954981058	-0.00327202722681	-0.0243480769922	0.047647867387	-0.00115616312693	-0.0679214779236	-6.03389361622e-05	-0.000763707213202	0.01538904259	-0.0605192934159	0.00966633493908	-0.0125590845059	0.0651824011251	-0.0233980889662	-0.0555925429139	0.00285253649339	0.000982921991105	0.0156514370956	0.000956986625542	-0.0847347060965	-0.00583651406315	0.00946185519234	-0.0366035783428	-0.0063299549911	-0.062054756841	0.0386652466934	0.0172254818933	0.0417566830349	0.0322718212719	-0.0744509345986	-0.047708256153	-0.011704305972	0.022534203056	-0.0459759526102
k__Bacteria;p__Bacteroidetes;c__Bacteroidia;o__Bacteroidales;f__Odoribacteraceae;g__Odoribacter;s__Odoribacter_splanchnicus	-0.0317154686748	0.0687919997184	-0.0051806389151	-0.0373283016753	0.0330344507051	-0.0585225678592	0.0390255141889	-0.0354907718627	-0.0129421642855	-0.0221257608868	0.0158146650924	-0.00958901432218	-0.00212360148084	0.0228028603592	0.0276572946088	-0.000809175159788	-0.0419953678209	-0.0208062264997	0.0116287727793	1.0	0.0494200688794	0.0386512088758	0.0122293664457	-0.00715410638841	-0.0382812371457	-0.0746889575346	0.0148798385401	0.0239473501168	0.0408845806713	-0.0433050677666	-0.0476388038786	-0.0355133793948	0.00356289903819	-0.0145263797133	0.0513065310616	-0.0394979931892	0.0183156016267	0.0129865075393	-0.0175741587919	-0.0325781697661	-0.0239772704736	0.03539008727	-0.0234629390897	-0.0770049921717	0.036608779648	-0.0691449581982	-0.0249309170264	-0.00963350935222	-0.00151130714034	-0.0320948767581	0.0176824157094	0.0375156708321	0.00425840548926	-0.0324740348674	0.0230245310196	-0.0447131426032	0.0331786893073	-0.0768140735538	-0.112634527075
k__Bacteria;p__Bacteroidetes;c__Bacteroidia;o__Bacteroidales;f__Bacteroidaceae;g__Bacteroides;s__Bacteroides_salyersiae	0.00718206765268	-0.0305166874799	-0.00623664441631	-0.0621321593866	-0.00199526369522	-0.0120738474334	-0.0246741802119	-0.0298837041001	-0.106287486833	0.00741877391773	-0.0789200828163	-0.0443672717653	0.0308908371513	-0.030833197871	-0.000655719552838	-0.0066493449512	0.0387798271507	-0.050385327552	-0.00864981934886	0.0494200688794	1.0	-0.00507808151039	-0.0541241500001	0.0726844100372	-0.0194314307338	0.00638682131812	0.0193968353901	-0.027349093247	-0.0304732088582	0.0111868079369	0.0578616833543	0.00835860084071	-0.00807102091209	0.0071823732538	-0.0586831761345	0.00461577602328	-0.000249374616255	0.0313523825174	0.0343826001598	-0.0300101752292	-0.0488187947615	0.0218178872348	-0.0238622077925	-0.0210770416719	-0.0427054467513	0.0091917929486	-0.0219122392518	0.0142890454276	-0.0892142609602	0.00406214556143	0.0373197691285	-0.00311140966167	0.0070716003818	0.00719109008641	-0.00179287429405	-0.0276972841317	0.000673633585415	0.0392945933114	-0.0160293849706
k__Bacteria;p__Firmicutes;c__Clostridia;o__Clostridiales;f__Ruminococcaceae;g__Ruminiclostridium;s__[Eubacterium]_siraeum	0.0179965144047	-0.0271568941813	0.00524373305388	-0.0491589154043	-0.0708921360972	0.00944076207816	-0.0580849980592	-0.019562613558	0.0516864085895	0.020309979939	-0.0330992476126	0.0204190987225	-0.051691207982	0.0496828070334	-0.0635296506067	-0.0651319007026	-0.0196737446321	0.0343285250358	-0.0358179961969	0.0386512088758	-0.00507808151039	1.0	-0.0285988629434	-0.0927346690239	0.0251654836998	0.0095663322089	0.0203450215332	0.00986387914935	0.0910112037838	-0.0440246934985	0.00584416648348	-0.0946559323475	0.0117890508709	0.019731458338	-0.032098659069	-0.0677081612762	-0.0585754317976	-0.0218476861142	-0.0218384739167	-0.0059379606565	0.00256629188774	0.00710752307361	-0.00241854850268	0.00714832828613	0.0767990943123	0.00631350713603	0.0207982126973	-0.0701835966499	0.0114048290665	0.0310074406826	-0.0855331624092	-0.0303081176746	-0.00146192940502	0.0194041200376	-0.0550624763823	-0.00697849896337	-0.0077776253792	-0.0249955941605	-0.0956856504073
k__Bacteria;p__Proteobacteria;c__Betaproteobacteria;o__Burkholderiales;f__Sutterellaceae;g__Parasutterella;s__Parasutterella_excrementihominis	0.0390053305907	0.0019439861313	-0.00854436545795	0.001465722307	0.0153060197451	-0.0340658121117	-0.0216674891991	-0.00913888819914	-0.0439605355653	0.00168394045874	-0.0407066768756	-0.00364800368338	-0.0666346951119	0.0011161776942	0.0481596017394	-0.0409806370907	-0.00625303929374	-0.013088851969	-0.056588204189	0.0122293664457	-0.0541241500001	-0.0285988629434	1.0	-0.040347509666	0.00217706995086	0.0151137874283	-0.00406488917554	-0.0293190767966	-0.0316927624365	-0.0618276795366	0.0206606774112	0.0084838970383	0.0477641608512	-0.0323600096982	0.0345056630553	-0.042471076879	-0.0507960844936	0.054682032107	0.037313914162	-0.0830342143263	-0.0296813525823	0.0904665067504	0.0152353868958	-0.0153264150683	-0.0228836462199	0.0279289091543	0.0401172163152	-0.0485628238398	-0.0272903309225	-0.0268589102057	-0.0901192778171	-0.0237482423548	0.0434226752274	-0.0514971434766	-0.0188532889428	-0.00816954380209	-0.0355986376836	-0.0263098085946	-0.0890040943654
k__Bacteria;p__Actinobacteria;c__Actinobacteria;o__Bifidobacteriales;f__Bifidobacteriaceae;g__Bifidobacterium;s__Bifidobacterium_adolescentis	-0.0505876158086	0.0107946633194	0.0220536376635	0.000760650453213	-0.0151922949857	0.0690575979576	-0.0271548723411	-0.00706530009528	0.0240735143081	-0.00686512103874	-0.0164966628983	-0.0184956170073	-0.0149111786113	-0.0609765227802	-0.0104068498552	-0.0604182311328	-0.0587303176543	-0.108527730308	0.0719302207731	-0.00715410638841	0.0726844100372	-0.0927346690239	-0.040347509666	1.0	-0.0406349983531	0.0392912786716	0.014982674515	0.0027997484374	0.086145443382	-0.0124247007896	0.000519753877054	0.00201112447934	0.0184101814672	-0.0337024751905	-0.0107745443166	0.0199103624822	0.081291708586	-0.0507703682419	-0.0500432934025	0.0589266877822	-0.0182414386916	-0.00536324026948	-0.025443897247	0.00595019773462	-0.0140670047475	-0.0619884226506	0.0175971870771	0.0232068086503	-0.0178802449875	-0.00109926226848	-0.00875499658119	-0.0462348599194	-0.0420610908718	0.0253136607843	0.0248985389049	-0.0285167279372	-0.0105454386097	0.0416460286135	-0.0536445383881
k__Bacteria;p__Firmicutes;c__Clostridia;o__Clostridiales;f__Oscillospiraceae;g__Oscillibacter;s__Oscillibacter_sp._KLE_1745	-0.0319212422901	-0.0236609786751	-0.0121792091212	0.0437994172508	0.000309325437225	-0.017505287946	-0.0152153739809	0.00842901145252	-0.0263277474663	0.0252420663002	0.0118956936056	0.00764486851565	0.0362644786235	-0.0296010370217	0.00591772634554	-0.0510621291582	0.0113089913115	-0.0976360446895	0.0329869993906	-0.0382812371457	-0.0194314307338	0.0251654836998	0.00217706995086	-0.0406349983531	1.0	-0.0808684951254	-0.0448339486711	-0.00422974364631	-0.083760361208	-0.0243007346345	0.011913512827	-0.000213421532403	-0.0160341483842	0.0774632972853	-0.0354701090499	0.0267555350941	-0.0269314343514	0.00820834139844	-0.0298538620651	-0.0581905680833	-0.00674240546603	0.0173671635989	0.050405063649	0.0177279662806	0.0674799123766	-0.0670713140673	0.0583870460188	-0.0197505311044	0.0470962508187	-0.00956135078508	0.00990535349045	0.0713117663113	-0.0457770123942	0.00343041155553	-0.0445767433722	-0.0135982350601	0.0245228291195	-0.0353799354401	-0.0375526386884
k__Bacteria;p__Bacteroidetes;c__Bacteroidia;o__Bacteroidales;f__Bacteroidaceae;g__Bacteroides;s__Bacteroides_coprophilus	-0.0208877359321	-0.0286278267356	-0.0374613321418	-0.0384109816463	0.0110496845889	-0.0291606039298	0.00489240321302	0.0242204226377	0.00022546615486	-0.0294611643224	-0.039466344337	-0.0254108564747	0.00679262023296	-0.0289469709	-0.055695582384	0.04112872793	-0.0506796201139	-0.0276502311697	0.000362954981058	-0.0746889575346	0.00638682131812	0.0095663322089	0.0151137874283	0.0392912786716	-0.0808684951254	1.0	0.000157775581843	-0.081430199247	-0.0489417065583	-0.020432281044	0.0218334671605	-0.00118508796107	0.00960545054141	-0.0406283374861	-0.0264872105547	0.0513423074129	-0.0278130924713	-0.0620126173128	0.0386697738864	-0.0347131753128	-0.0373819975628	-0.045326068467	-0.0845389801317	-0.0664889958604	-0.0270293158287	-0.0368279113964	-0.035850375559	0.00682135627426	-0.0153418152368	0.0426089071647	0.0591707183171	0.0439912818633	0.0742523177352	0.000677281003306	0.00639179492786	-0.0731328249597	-0.0426163633576	0.0210782655078	0.0581897807631
k__Bacteria;p__Firmicutes;c__Clostridia;o__Clostridiales;f__Lachnospiraceae;g__Roseburia;s__Roseburia_intestinalis	0.0183265773257	0.00645581783917	0.0401585338782	0.010666444005	-0.0778307519677	-0.0117412689154	0.11379201808	-0.0677480878002	-0.0318564446856	-0.0128977524567	-0.00882654313352	0.0424017555436	-0.0109668336188	-0.0540775316794	-0.0103107593271	-0.00663617865122	-0.00176597006317	-0.0199890705487	-0.00327202722681	0.0148798385401	0.0193968353901	0.0203450215332	-0.00406488917554	0.014982674515	-0.0448339486711	0.000157775581843	1.0	-0.0116276003662	0.0784272705263	-0.0648521674876	-0.0244282224188	-0.0671692024901	0.0075745726083	-0.024298714443	-0.00987974085167	-0.0239071902277	0.0212736942141	-0.0697748130888	-0.0189352207657	0.0496735695193	-0.0138693392482	-0.0574177423671	-0.0235257748608	0.0372884023723	0.00838186847245	-0.000847350618089	0.0169728559008	0.0339191015045	-0.0177724639268	-0.00815243042178	0.00630560934478	-0.0808329391624	-0.0411895550447	-0.0114653494083	0.0229002026459	0.0309762739703	-0.0238101773894	-0.00475993540311	-0.034973573934
k__Bacteria;p__Firmicutes;c__Clostridia;o__Clostridiales;f__Lachnospiraceae;g__Roseburia;s__Roseburia_hominis	0.0225097251335	0.0593813338869	0.00492646362688	-0.0151540353709	-0.0200506635079	-0.0996494770497	0.00414077338096	0.0534842582227	0.0305132852395	-0.00393116981446	-0.00627764471921	-0.00659886336918	0.0090644927473	-0.0253009840412	0.0170630480417	-0.0168954355114	-0.0172388419046	0.0515404292868	-0.0243480769922	0.0239473501168	-0.027349093247	0.00986387914935	-0.0293190767966	0.0027997484374	-0.00422974364631	-0.081430199247	-0.0116276003662	1.0	-0.0322964182142	0.0414002924765	0.0340100779278	-0.00321286477036	0.0454729304716	-0.0669466298162	0.0448271809161	0.0533211449897	-0.0360582150255	-8.06213925235e-05	-0.0783212283388	-0.0326306881851	-0.113085218611	-0.0253788929676	-0.0808462614132	0.0332167854994	-0.00857762408557	-0.0157505156671	-0.00289195394334	-0.0218722189372	0.0111834628299	-0.016579271736	-0.0155569202872	-0.0214316700831	-0.0127188385221	-0.0267465124951	-0.00915231177977	0.0562496077698	0.0052916107838	-0.0166989369198	-0.011626588929
k__Bacteria;p__Bacteroidetes;c__Bacteroidia;o__Bacteroidales;f__Porphyromonadaceae;g__Parabacteroides;s__Parabacteroides_johnsonii	-0.0255665645123	-0.097168701928	0.138614173957	-0.0111998224652	-0.0249118078612	-0.0154275399298	0.0252778157212	-0.015421792166	0.0450790485912	-0.0404605822387	0.0109049320783	-0.0270016348133	-0.0754688216096	-0.000973710846659	-0.0112703806976	0.00815331383903	0.0161319425504	0.0355711150086	0.047647867387	0.0408845806713	-0.0304732088582	0.0910112037838	-0.0316927624365	0.086145443382	-0.083760361208	-0.0489417065583	0.0784272705263	-0.0322964182142	1.0	0.0190665225888	-0.0472061519843	-0.0645368882688	-0.000619585155796	0.0462235849259	-0.0392234647011	0.0505420714774	0.0669113886705	0.00419199436045	-0.0116788191159	-0.0272840626202	-0.0500971027605	-0.0720364328218	-0.00451981170228	-0.0178720448257	-0.0387496780199	0.0405698182946	-0.022910240294	-0.0521364986109	-0.0520829142737	-0.0310749721766	0.00950207504204	-0.00205968532893	-0.00988139956566	-0.0330689377984	-0.0728321356461	-0.0556556156622	0.0379449325225	0.0361933301978	-0.00274031952118
k__Bacteria;p__Actinobacteria;c__Actinobacteria;o__Bifidobacteriales;f__Bifidobacteriaceae;g__Bifidobacterium;s__Bifidobacterium_longum	0.00165210340035	0.00594739825331	-0.0518984895847	-0.041772965801	-0.0139511823067	-0.0374716893421	-0.0377269022154	-0.0341125386396	0.0436787257102	-0.0750591868745	-0.0110003379024	-0.00996788301982	0.0116633618582	-0.0190189586053	0.000403176844212	0.0869801540668	-0.0347593783168	0.00172541559171	-0.00115616312693	-0.0433050677666	0.0111868079369	-0.0440246934985	-0.0618276795366	-0.0124247007896	-0.0243007346345	-0.020432281044	-0.0648521674876	0.0414002924765	0.0190665225888	1.0	0.0128000009004	-0.0519897174439	-0.00463760314782	0.0866520293905	-0.0178017946622	0.0293022878593	-0.00730652919653	0.0389723052916	-0.0387249907147	0.0321880560432	0.0361551344758	0.000147108965302	0.0403390964685	-0.0209198554341	-0.0904357328526	-0.0331113065469	-0.0649843584541	0.0267417956087	-0.0314137195503	-0.00971799658318	-0.0599803489578	0.0339920237871	0.0253558199405	0.0703225646313	0.00922865713924	0.000492905273714	-0.0265440824964	-0.00741690017658	-0.0448309410561
